1 -8.22789e-007 -0.00085052 -0.0332714 -8.22789e-007 0.999998 -0.00193479 -0.0106501 0.00085052 0.00193479 0.999998 0.665833
1 -1.71017e-006 -0.000963462 -0.102903 -1.71017e-006 0.999994 -0.00355004 -0.0155367 0.000963462 0.00355004 0.999993 1.32564
0.99995 -2.10532e-005 -0.00997822 -0.112149 -2.10532e-005 0.999991 -0.00421972 -0.0328396 0.00997822 0.00421972 0.999941 1.99822
0.99995 -2.10532e-005 -0.00997822 -0.121396 -2.10532e-005 0.999991 -0.00421972 -0.0501425 0.00997822 0.00421972 0.999941 2.67081
0.999898 -2.95819e-005 -0.0142756 -0.135179 -2.95819e-005 0.999991 -0.00414417 -0.0603854 0.0142756 0.00414417 0.99989 3.43743
0.999864 -4.49715e-005 -0.0164619 -0.179493 -4.49715e-005 0.999985 -0.00546328 -0.0665818 0.0164619 0.00546328 0.99985 4.16951
0.999772 -6.36651e-005 -0.0213636 -0.213697 -6.36651e-005 0.999982 -0.00595942 -0.0739049 0.0213636 0.00595942 0.999754 4.94047
0.999685 -5.12804e-005 -0.0250781 -0.246925 -5.12804e-005 0.999992 -0.00408901 -0.0848313 0.0250781 0.00408901 0.999677 5.74029
0.999581 -2.70582e-005 -0.0289337 -0.273502 -2.70582e-005 0.999998 -0.00186997 -0.0880903 0.0289337 0.00186997 0.99958 6.51929
0.999524 1.22319e-005 -0.0308623 -0.323036 1.22319e-005 1 0.000792484 -0.0974852 0.0308623 -0.000792484 0.999523 7.3329
0.999451 4.4038e-006 -0.0331204 -0.366243 4.4038e-006 1 0.000265854 -0.103711 0.0331204 -0.000265854 0.999451 8.16658
0.99946 4.08799e-006 -0.0328653 -0.435311 4.08799e-006 1 0.000248705 -0.110483 0.0328653 -0.000248705 0.99946 8.98654
0.999384 -6.03233e-006 -0.0350844 -0.459913 -6.03233e-006 1 -0.000343769 -0.117114 0.0350844 0.000343769 0.999384 9.815
0.999272 2.28656e-005 -0.0381511 -0.466319 2.28656e-005 0.999999 0.00119825 -0.133252 0.0381511 -0.00119825 0.999271 10.6186
0.999082 2.55762e-005 -0.0428368 -0.459382 2.55762e-005 0.999999 0.00119358 -0.145086 0.0428368 -0.00119358 0.999081 11.455
0.999042 -1.80446e-005 -0.0437698 -0.51483 -1.80446e-005 1 -0.000824126 -0.15422 0.0437698 0.000824126 0.999041 12.2718
0.999033 -7.38507e-005 -0.0439698 -0.56703 -7.38507e-005 0.999994 -0.00335752 -0.162943 0.0439698 0.00335752 0.999027 13.0968
0.999019 -0.000106422 -0.0442804 -0.632203 -0.000106422 0.999988 -0.00480433 -0.171046 0.0442804 0.00480433 0.999008 13.9248
0.998941 -8.37714e-005 -0.0460119 -0.667807 -8.37714e-005 0.999993 -0.00363935 -0.190998 0.0460119 0.00363935 0.998934 14.7624
0.99883 -6.52058e-005 -0.0483554 -0.688112 -6.52058e-005 0.999996 -0.00269536 -0.20031 0.0483554 0.00269536 0.998827 15.5924
0.998754 -2.80549e-005 -0.0498952 -0.73604 -2.80549e-005 0.999999 -0.00112385 -0.209193 0.0498952 0.00112385 0.998754 16.4467
0.998706 -2.56661e-005 -0.0508535 -0.755374 -2.56661e-005 0.999999 -0.00100876 -0.223667 0.0508535 0.00100876 0.998706 17.2553
0.998622 -4.44998e-005 -0.0524801 -0.801122 -4.44998e-005 0.999999 -0.0016947 -0.235315 0.0524801 0.0016947 0.998621 18.0828
0.998515 -6.79602e-005 -0.0544834 -0.834334 -6.79602e-005 0.999997 -0.00249286 -0.248185 0.0544834 0.00249286 0.998512 18.9279
0.99849 -4.45677e-005 -0.0549377 -0.882688 -4.45677e-005 0.999999 -0.00162126 -0.253279 0.0549377 0.00162126 0.998488 19.7654
0.998487 5.22866e-005 -0.0549839 -0.927196 5.22866e-005 0.999998 0.00190045 -0.265468 0.0549839 -0.00190045 0.998485 20.584
0.998402 0.000161316 -0.056513 -0.941034 0.000161316 0.999984 0.00570438 -0.290246 0.056513 -0.00570438 0.998386 21.4545
0.998554 0.000221709 -0.0537637 -1.00827 0.000221709 0.999966 0.00824144 -0.287182 0.0537637 -0.00824144 0.99852 22.3578
0.998765 0.000161 -0.0496889 -1.03569 0.000161 0.999979 0.00647624 -0.296325 0.0496889 -0.00647624 0.998744 23.2496
0.998765 0.000161 -0.0496889 -1.06312 0.000161 0.999979 0.00647624 -0.305467 0.0496889 -0.00647624 0.998744 24.1414
0.998923 3.56754e-005 -0.0463925 -1.14696 3.56754e-005 0.999999 0.00153715 -0.30197 0.0463925 -0.00153715 0.998922 25.0568
0.998996 -3.71412e-005 -0.0448076 -1.19135 -3.71412e-005 0.999999 -0.00165697 -0.304554 0.0448076 0.00165697 0.998994 25.9576
0.999022 -1.25099e-005 -0.0442078 -1.2261 -1.25099e-005 1 -0.000565685 -0.3201 0.0442078 0.000565685 0.999022 26.8447
0.998984 0.000100177 -0.0450647 -1.25863 0.000100177 0.99999 0.00444366 -0.330421 0.0450647 -0.00444366 0.998974 27.7521
0.998985 0.000172206 -0.0450382 -1.30422 0.000172206 0.999971 0.00764311 -0.337157 0.0450382 -0.00764311 0.998956 28.6536
0.998906 0.000157909 -0.046756 -1.3293 0.000157909 0.999977 0.00675084 -0.35 0.046756 -0.00675084 0.998884 29.5752
0.998835 6.7142e-005 -0.0482594 -1.37046 6.7142e-005 0.999996 0.00278092 -0.354125 0.0482594 -0.00278092 0.998831 30.4842
0.99873 -1.93395e-005 -0.0503889 -1.40884 -1.93395e-005 1 -0.000767122 -0.364332 0.0503889 0.000767122 0.998729 31.3704
0.998623 -4.09907e-005 -0.0524679 -1.45587 -4.09907e-005 0.999999 -0.00156143 -0.371223 0.0524679 0.00156143 0.998621 32.2326
0.998594 -1.25352e-005 -0.0530074 -1.53567 -1.25352e-005 1 -0.000472627 -0.370704 0.0530074 0.000472627 0.998594 33.1563
0.998523 7.29233e-005 -0.0543276 -1.5779 7.29233e-005 0.999996 0.00268259 -0.385154 0.0543276 -0.00268259 0.99852 34.016
0.998537 0.000115365 -0.0540739 -1.64341 0.000115365 0.999991 0.0042638 -0.396681 0.0540739 -0.0042638 0.998528 34.9053
0.998512 0.000182414 -0.0545309 -1.70146 0.000182414 0.999978 0.00668524 -0.398861 0.0545309 -0.00668524 0.99849 35.815
0.998525 0.000255954 -0.0542945 -1.75303 0.000255954 0.999956 0.00942121 -0.399858 0.0542945 -0.00942121 0.998481 36.7424
0.998414 0.000331455 -0.0563007 -1.80261 0.000331455 0.999931 0.0117647 -0.398443 0.0563007 -0.0117647 0.998345 37.7047
0.998568 0.000315277 -0.0534904 -1.91601 0.000315277 0.999931 0.0117793 -0.404324 0.0534904 -0.0117793 0.998499 38.707
0.998548 0.000219392 -0.0538719 -1.97383 0.000219392 0.999967 0.0081389 -0.408378 0.0538719 -0.0081389 0.998515 39.6827
0.998548 0.000219392 -0.0538719 -2.03166 0.000219392 0.999967 0.0081389 -0.412431 0.0538719 -0.0081389 0.998515 40.6584
0.998415 0.000225883 -0.0562779 -2.07581 0.000225883 0.999968 0.00802094 -0.414823 0.0562779 -0.00802094 0.998383 41.6088
0.998204 0.000268666 -0.0599138 -2.09533 0.000268666 0.99996 0.00896019 -0.418528 0.0599138 -0.00896019 0.998163 42.5844
0.998054 0.000318099 -0.0623557 -2.14247 0.000318099 0.999948 0.0101925 -0.42808 0.0623557 -0.0101925 0.998002 43.5296
0.998051 0.000208619 -0.0624054 -2.22234 0.000208619 0.999978 0.00667934 -0.433136 0.0624054 -0.00667934 0.998029 44.507
0.998046 7.51543e-005 -0.0624885 -2.31081 7.51543e-005 0.999997 0.00240303 -0.425215 0.0624885 -0.00240303 0.998043 45.4691
0.998029 3.9685e-005 -0.0627569 -2.37087 3.9685e-005 0.999999 0.00126347 -0.432442 0.0627569 -0.00126347 0.998028 46.3614
0.99795 0.000151631 -0.063996 -2.40857 0.000151631 0.999989 0.00473387 -0.443494 0.063996 -0.00473387 0.997939 47.261
0.997961 0.000248464 -0.063824 -2.47489 0.000248464 0.99997 0.00777784 -0.453274 0.063824 -0.00777784 0.997931 48.1737
0.997925 0.000274974 -0.0643855 -2.53229 0.000274974 0.999964 0.00853247 -0.461417 0.0643855 -0.00853247 0.997889 49.1059
0.997929 0.000246426 -0.0643318 -2.59091 0.000246426 0.999971 0.00765304 -0.475395 0.0643318 -0.00765304 0.997899 50.0023
0.997947 0.00019072 -0.0640505 -2.65544 0.00019072 0.999982 0.00594912 -0.482153 0.0640505 -0.00594912 0.997929 50.8986
0.997999 0.000205235 -0.063224 -2.7368 0.000205235 0.999979 0.00648574 -0.482165 0.063224 -0.00648574 0.997978 51.7827
0.998042 0.000310071 -0.0625391 -2.82628 0.000310071 0.999951 0.00990613 -0.482592 0.0625391 -0.00990613 0.997993 52.6924
0.997951 0.000457619 -0.0639738 -2.86775 0.000457619 0.999898 0.0142911 -0.484022 0.0639738 -0.0142911 0.997849 53.5825
0.997824 0.000533005 -0.0659277 -2.92013 0.000533005 0.999869 0.0161507 -0.481895 0.0659277 -0.0161507 0.997694 54.5178
0.99776 0.00040909 -0.0668918 -2.99628 0.00040909 0.999925 0.0122172 -0.48563 0.0668918 -0.0122172 0.997685 55.4396
0.997673 0.000169886 -0.068185 -3.06265 0.000169886 0.999988 0.00497726 -0.493539 0.068185 -0.00497726 0.99766 56.3416
0.997619 1.63604e-005 -0.0689658 -3.12715 1.63604e-005 1 0.000473885 -0.508008 0.0689658 -0.000473885 0.997619 57.2145
0.997546 5.48282e-005 -0.070016 -3.19265 5.48282e-005 0.999999 0.00156424 -0.511522 0.070016 -0.00156424 0.997545 58.0685
0.99747 0.000150164 -0.0710875 -3.26139 0.000150164 0.999991 0.00421939 -0.525337 0.0710875 -0.00421939 0.997461 58.93
0.997337 0.000204519 -0.0729288 -3.31238 0.000204519 0.999984 0.00560121 -0.536569 0.0729288 -0.00560121 0.997321 59.7649
0.997264 0.000211741 -0.0739212 -3.38872 0.000211741 0.999984 0.00572095 -0.545407 0.0739212 -0.00572095 0.997248 60.6049
0.997057 0.000278732 -0.076662 -3.46581 0.000278732 0.999974 0.00726091 -0.565637 0.076662 -0.00726091 0.997031 61.4023
0.99687 0.000301291 -0.0790591 -3.52398 0.000301291 0.999971 0.00760988 -0.571831 0.0790591 -0.00760988 0.996841 62.2295
0.996755 0.000330609 -0.0804995 -3.59352 0.000330609 0.999966 0.00820048 -0.582512 0.0804995 -0.00820048 0.996721 63.05
0.996714 0.000365894 -0.0809991 -3.67322 0.000365894 0.999959 0.00901948 -0.586513 0.0809991 -0.00901948 0.996673 63.8578
0.996578 0.000497861 -0.0826572 -3.73872 0.000497861 0.999928 0.0120254 -0.591203 0.0826572 -0.0120254 0.996505 64.647
0.996642 0.000654121 -0.0818833 -3.83532 0.000654121 0.999873 0.0159491 -0.589559 0.0818833 -0.0159491 0.996514 65.4493
0.996533 0.000734016 -0.0831948 -3.92659 0.000734016 0.999845 0.0176138 -0.581408 0.0831948 -0.0176138 0.996378 66.2812
0.996739 0.000544965 -0.0806908 -4.07201 0.000544965 0.999909 0.0134848 -0.579883 0.0806908 -0.0134848 0.996648 67.0788
0.996498 2.20949e-005 -0.0836156 -4.1305 2.20949e-005 1 0.000527563 -0.589307 0.0836156 -0.000527563 0.996498 67.8384
0.996498 2.20949e-005 -0.0836156 -4.189 2.20949e-005 1 0.000527563 -0.598732 0.0836156 -0.000527563 0.996498 68.598
0.996189 3.13363e-005 -0.0872251 -4.18721 3.13363e-005 1 0.000717147 -0.624008 0.0872251 -0.000717147 0.996188 69.2413
0.996005 0.00026641 -0.0892959 -4.26039 0.00026641 0.999982 0.00595493 -0.627522 0.0892959 -0.00595493 0.995987 69.9332
0.996005 0.00026641 -0.0892959 -4.33356 0.00026641 0.999982 0.00595493 -0.631036 0.0892959 -0.00595493 0.995987 70.6251
0.995975 0.000116679 -0.0896359 -4.40027 0.000116679 0.999997 0.00259816 -0.643715 0.0896359 -0.00259816 0.995971 71.2798
0.996044 -0.000359673 -0.0888599 -4.43815 -0.000359673 0.999967 -0.00807914 -0.657488 0.0888599 0.00807914 0.996011 71.8806
0.996044 -0.000359673 -0.0888599 -4.47603 -0.000359673 0.999967 -0.00807914 -0.671262 0.0888599 0.00807914 0.996011 72.4815
0.99624 -0.000358015 -0.0866409 -4.51657 -0.000358015 0.999966 -0.00824866 -0.679509 0.0866409 0.00824866 0.996205 73.0279
0.99645 -0.00019517 -0.084183 -4.55123 -0.00019517 0.999989 -0.00462854 -0.696706 0.084183 0.00462854 0.99644 73.5712
0.996953 -0.000103773 -0.0780025 -4.62209 -0.000103773 0.999996 -0.0026567 -0.689966 0.0780025 0.0026567 0.99695 74.1521
0.997503 4.52381e-005 -0.0706267 -4.69293 4.52381e-005 0.999999 0.00127945 -0.700635 0.0706267 -0.00127945 0.997502 74.7253
0.998058 0.000142876 -0.0622891 -4.72064 0.000142876 0.999989 0.00458303 -0.714299 0.0622891 -0.00458303 0.998048 75.2597
0.999339 7.9548e-005 -0.0363623 -4.7449 7.9548e-005 0.99999 0.00437383 -0.719733 0.0363623 -0.00437383 0.999329 75.7599
0.999339 7.9548e-005 -0.0363623 -4.76917 7.9548e-005 0.99999 0.00437383 -0.725167 0.0363623 -0.00437383 0.999329 76.2602
0.999843 4.61073e-005 -0.0177051 -4.78384 4.61073e-005 0.999986 0.00520791 -0.730351 0.0177051 -0.00520791 0.99983 76.7666
0.999989 -1.46356e-005 0.00478609 -4.77534 -1.46356e-005 0.999981 0.00611579 -0.733915 -0.00478609 -0.00611579 0.99997 77.2391
0.999521 -0.000117145 0.0309343 -4.74216 -0.000117145 0.999971 0.00757185 -0.742777 -0.0309343 -0.00757185 0.999493 77.7157
0.998161 -0.000289318 0.0606199 -4.70061 -0.000289318 0.999954 0.0095363 -0.748119 -0.0606199 -0.0095363 0.998115 78.1658
0.99567 -0.000536921 0.0929569 -4.62819 -0.000536921 0.999933 0.0115266 -0.755861 -0.0929569 -0.0115266 0.995603 78.6335
0.991446 -0.000819985 0.130513 -4.54414 -0.000819985 0.999921 0.0125113 -0.761576 -0.130513 -0.0125113 0.991368 79.1028
0.984866 -0.00109866 0.173314 -4.46389 -0.00109866 0.99992 0.0125818 -0.761084 -0.173314 -0.0125818 0.984786 79.5397
0.975709 -0.00141443 0.219065 -4.35419 -0.00141443 0.999918 0.0127559 -0.763031 -0.219065 -0.0127559 0.975627 79.9691
0.963649 -0.00148037 0.267168 -4.19615 -0.00148037 0.99994 0.0108802 -0.768824 -0.267168 -0.0108802 0.963589 80.3751
0.947461 -0.00144409 0.319869 -4.03317 -0.00144409 0.99996 0.00879192 -0.775966 -0.319869 -0.00879192 0.947421 80.7587
0.926969 -0.00138918 0.375136 -3.84596 -0.00138918 0.999974 0.00713571 -0.776874 -0.375136 -0.00713571 0.926942 81.133
0.902494 -0.00131422 0.4307 -3.6237 -0.00131422 0.999982 0.00580513 -0.773231 -0.4307 -0.00580513 0.902477 81.4828
0.873549 -0.00133338 0.486734 -3.38549 -0.00133338 0.999986 0.00513246 -0.773316 -0.486734 -0.00513246 0.873535 81.7961
0.839646 -0.00165757 0.543132 -3.13423 -0.00165757 0.999983 0.00561431 -0.778117 -0.543132 -0.00561431 0.839629 82.1038
0.802098 -0.00178938 0.597189 -2.86886 -0.00178938 0.999984 0.00539966 -0.785551 -0.597189 -0.00539966 0.802082 82.394
0.761471 -0.00236074 0.648194 -2.58739 -0.00236074 0.999977 0.00641524 -0.78794 -0.648194 -0.00641524 0.761448 82.6683
0.718689 -0.00289144 0.695326 -2.27756 -0.00289144 0.99997 0.00714687 -0.784661 -0.695326 -0.00714687 0.718659 82.9208
0.673412 -0.00368243 0.739258 -1.95403 -0.00368243 0.999958 0.00833548 -0.786914 -0.739258 -0.00833548 0.673371 83.1496
0.626226 -0.00462537 0.779628 -1.61362 -0.00462537 0.999943 0.00964772 -0.784792 -0.779628 -0.00964772 0.626169 83.3674
0.578836 -0.006791 0.815415 -1.27587 -0.006791 0.99989 0.0131481 -0.795092 -0.815415 -0.0131481 0.578727 83.5514
0.532068 -0.00637166 0.846678 -0.920668 -0.00637166 0.999913 0.0115289 -0.79855 -0.846678 -0.0115289 0.531981 83.7244
0.485185 -0.00522066 0.874396 -0.570929 -0.00522066 0.999947 0.00886712 -0.805707 -0.874396 -0.00886712 0.485132 83.8757
0.440487 -0.00510583 0.897744 -0.210191 -0.00510583 0.999953 0.00819236 -0.812517 -0.897744 -0.00819236 0.440441 84.0036
0.397836 -0.0092935 0.917409 0.160117 -0.0092935 0.999857 0.0141588 -0.810984 -0.917409 -0.0141588 0.397693 84.1203
0.358894 -0.0199066 0.933166 0.559247 -0.0199066 0.999382 0.0289752 -0.803593 -0.933166 -0.0289752 0.358276 84.2152
0.322724 -0.0228573 0.946217 0.91182 -0.0228573 0.999229 0.0319338 -0.790637 -0.946217 -0.0319338 0.321952 84.3116
0.290338 -0.0214686 0.956683 1.30454 -0.0214686 0.999351 0.0289414 -0.79237 -0.956683 -0.0289414 0.289689 84.3975
0.259068 -0.0132608 0.965768 1.71823 -0.0132608 0.999763 0.0172848 -0.78899 -0.965768 -0.0172848 0.258831 84.5057
0.231148 -0.00944959 0.972873 2.12458 -0.00944959 0.999884 0.0119571 -0.794682 -0.972873 -0.0119571 0.231032 84.5838
0.205793 -0.0099981 0.978545 2.5226 -0.0099981 0.999874 0.0123187 -0.800322 -0.978545 -0.0123187 0.205667 84.6415
0.181921 -0.014334 0.983209 2.91975 -0.014334 0.999749 0.0172273 -0.802131 -0.983209 -0.0172273 0.18167 84.6986
0.162337 -0.0194956 0.986543 3.32728 -0.0194956 0.999546 0.0229606 -0.789825 -0.986543 -0.0229606 0.161884 84.7351
0.143289 -0.0210096 0.989458 3.74045 -0.0210096 0.999485 0.024265 -0.773011 -0.989458 -0.024265 0.142774 84.7764
0.125604 -0.0188448 0.991901 4.15624 -0.0188448 0.999594 0.0213772 -0.761367 -0.991901 -0.0213772 0.125198 84.8267
0.110123 -0.0180951 0.993753 4.4901 -0.0180951 0.999632 0.0202074 -0.759547 -0.993753 -0.0202074 0.109755 84.8612
0.095548 -0.0181769 0.995259 4.89117 -0.0181769 0.999635 0.0200019 -0.756571 -0.995259 -0.0200019 0.0951827 84.8924
0.0823735 -0.0203455 0.996394 5.35113 -0.0203455 0.999549 0.0220919 -0.755525 -0.996394 -0.0220919 0.0819224 84.9134
0.0706028 -0.0233352 0.997232 5.82069 -0.0233352 0.999414 0.0250384 -0.752727 -0.997232 -0.0250384 0.0700169 84.939
0.0606731 -0.0261544 0.997815 6.29509 -0.0261544 0.999272 0.0277829 -0.745704 -0.997815 -0.0277829 0.0599449 84.9531
0.052212 -0.0276763 0.998252 6.81825 -0.0276763 0.999192 0.0291499 -0.737135 -0.998252 -0.0291499 0.0514038 84.9807
0.0444339 -0.0294956 0.998577 7.35248 -0.0294956 0.99909 0.0308232 -0.721908 -0.998577 -0.0308232 0.0435235 85.0189
0.0381826 -0.029056 0.998848 7.89841 -0.029056 0.999122 0.0301747 -0.705117 -0.998848 -0.0301747 0.0373049 85.0441
0.0333689 -0.0297615 0.999 8.43712 -0.0297615 0.999084 0.0307581 -0.690331 -0.999 -0.0307581 0.0324526 85.0515
0.0271893 -0.0287876 0.999216 9.01272 -0.0287876 0.999148 0.0295689 -0.679625 -0.999216 -0.0295689 0.0263374 85.0862
0.0237683 -0.0294508 0.999284 9.61283 -0.0294508 0.999112 0.0301462 -0.664024 -0.999284 -0.0301462 0.0228799 85.1031
0.020329 -0.0291475 0.999368 10.2268 -0.0291475 0.999133 0.0297336 -0.648417 -0.999368 -0.0297336 0.0194618 85.1195
0.0177983 -0.03793 0.999122 10.8927 -0.03793 0.998535 0.0385834 -0.637293 -0.999122 -0.0385834 0.0163335 85.1151
0.0188589 -0.0424859 0.998919 11.5747 -0.0424859 0.99816 0.0432557 -0.606008 -0.998919 -0.0432557 0.0170191 85.1031
0.01997 -0.0437758 0.998842 12.2415 -0.0437758 0.998045 0.0446161 -0.578394 -0.998842 -0.0446161 0.0180146 85.1145
0.0223768 -0.0437716 0.998791 12.9335 -0.0437716 0.99804 0.0447194 -0.54844 -0.998791 -0.0447194 0.020417 85.1347
0.0278634 -0.047941 0.998461 13.6359 -0.047941 0.997636 0.0492392 -0.52165 -0.998461 -0.0492392 0.0254992 85.1365
0.0340863 -0.0499564 0.99817 14.3516 -0.0499564 0.997416 0.0516247 -0.483051 -0.99817 -0.0516247 0.0315025 85.1375
0.037961 -0.0499974 0.998028 15.1 -0.0499974 0.997402 0.0518677 -0.446615 -0.998028 -0.0518677 0.0353626 85.1709
0.0402354 -0.048783 0.997999 15.8348 -0.048783 0.99752 0.0507263 -0.40669 -0.997999 -0.0507263 0.0377559 85.2183
0.0440959 -0.046275 0.997955 16.5896 -0.046275 0.99776 0.0483106 -0.372228 -0.997955 -0.0483106 0.0418558 85.2558
0.0477978 -0.0452345 0.997832 17.3756 -0.0452345 0.997851 0.0474022 -0.335714 -0.997832 -0.0474022 0.0456489 85.301
0.0518154 -0.0410499 0.997813 18.1536 -0.0410499 0.998223 0.0431985 -0.310582 -0.997813 -0.0431985 0.0500382 85.3524
0.0556616 -0.0377257 0.997737 18.9879 -0.0377257 0.998493 0.0398589 -0.295558 -0.997737 -0.0398589 0.0541544 85.4006
0.0566883 -0.0315986 0.997892 19.8261 -0.0315986 0.998942 0.0334269 -0.266274 -0.997892 -0.0334269 0.0556298 85.4602
0.056475 -0.0294448 0.99797 20.6386 -0.0294448 0.999081 0.0311439 -0.238229 -0.99797 -0.0311439 0.0555561 85.5143
0.0541248 -0.0269304 0.998171 21.4326 -0.0269304 0.999233 0.0284194 -0.221992 -0.998171 -0.0284194 0.0533581 85.6001
0.0554074 -0.0256293 0.998135 22.2407 -0.0256293 0.999305 0.027082 -0.21027 -0.998135 -0.027082 0.054712 85.6374
0.0545817 -0.0258521 0.998175 23.0652 -0.0258521 0.999293 0.0272947 -0.196335 -0.998175 -0.0272947 0.0538748 85.6942
0.054086 -0.0231438 0.998268 23.9033 -0.0231438 0.999434 0.0244247 -0.180312 -0.998268 -0.0244247 0.0535197 85.7703
0.0537794 -0.0219684 0.998311 24.7071 -0.0219684 0.99949 0.0231778 -0.176767 -0.998311 -0.0231778 0.0532694 85.8268
0.0537561 -0.0180218 0.998391 25.5419 -0.0180218 0.999657 0.019015 -0.170015 -0.998391 -0.019015 0.0534128 85.8834
0.0508098 -0.0100604 0.998658 26.2648 -0.0100604 0.999893 0.0105847 -0.176438 -0.998658 -0.0105847 0.0507031 85.9632
0.0481509 -0.00979495 0.998792 27.0486 -0.00979495 0.999899 0.010278 -0.172239 -0.998792 -0.010278 0.0480501 85.9926
0.0422497 -0.00785529 0.999076 27.8289 -0.00785529 0.999936 0.00819423 -0.165333 -0.999076 -0.00819423 0.0421853 86.0437
0.0359819 -0.00390688 0.999345 28.6676 -0.00390688 0.999984 0.00405005 -0.163555 -0.999345 -0.00405005 0.035966 86.1027
0.0293135 0.000305087 0.99957 29.4494 0.000305087 1 -0.000314165 -0.178397 -0.99957 0.000314165 0.0293134 86.134
0.021754 -0.000759936 0.999763 30.2767 -0.000759936 0.999999 0.000776652 -0.189546 -0.999763 -0.000776652 0.0217534 86.1518
0.0136731 -0.00039568 0.999906 31.0919 -0.00039568 1 0.000401127 -0.207945 -0.999906 -0.000401127 0.0136729 86.1477
0.00311453 0.000296921 0.999995 31.9417 0.000296921 1 -0.000297847 -0.208177 -0.999995 0.000297847 0.00311444 86.1687
-0.00768226 -0.000458175 0.99997 32.8063 -0.000458175 1 0.000454668 -0.218352 -0.99997 -0.000454668 -0.00768247 86.1762
-0.0182386 0.00201044 0.999832 33.5744 0.00201044 0.999996 -0.00197409 -0.238501 -0.999832 0.00197409 -0.0182426 86.1528
-0.0293463 0.000607674 0.999569 34.4137 0.000607674 1 -0.000590095 -0.252686 -0.999569 0.000590095 -0.0293467 86.1244
-0.0406197 0.000929883 0.999174 35.2685 0.000929883 0.999999 -0.000892848 -0.2643 -0.999174 0.000892848 -0.0406206 86.0925
-0.0516698 0.000905725 0.998664 36.0975 0.000905725 0.999999 -0.000860075 -0.277614 -0.998664 0.000860075 -0.0516706 86.0459
-0.0624358 0.00175674 0.998047 36.8562 0.00175674 0.999997 -0.00165027 -0.289466 -0.998047 0.00165027 -0.0624387 86.0013
-0.0728739 0.0012658 0.99734 37.6678 0.0012658 0.999999 -0.00117669 -0.303075 -0.99734 0.00117669 -0.0728754 85.9382
-0.082758 0.000440402 0.99657 38.4846 0.000440402 1 -0.000405346 -0.312372 -0.99657 0.000405346 -0.0827582 85.8792
-0.0922092 0.000397206 0.99574 39.256 0.000397206 1 -0.000362123 -0.32516 -0.99574 0.000362123 -0.0922094 85.7997
-0.101922 -0.000357575 0.994792 40.0151 -0.000357575 1 0.000322811 -0.333394 -0.994792 -0.000322811 -0.101922 85.7257
-0.111061 -0.0015999 0.993812 40.806 -0.0015999 0.999998 0.00143107 -0.335799 -0.993812 -0.00143107 -0.111063 85.6535
-0.123874 -0.00518619 0.992284 41.5664 -0.00518619 0.999976 0.00457896 -0.347823 -0.992284 -0.00457896 -0.123898 85.5603
-0.123874 -0.00518619 0.992284 42.3268 -0.00518619 0.999976 0.00457896 -0.359847 -0.992284 -0.00457896 -0.123898 85.4671
-0.123568 -0.0192199 0.99215 43.075 -0.0192199 0.999671 0.0169719 -0.324672 -0.99215 -0.0169719 -0.123896 85.3347
-0.126188 -0.0199789 0.991805 43.799 -0.0199789 0.999646 0.0175949 -0.329532 -0.991805 -0.0175949 -0.126543 85.2384
-0.128401 -0.0204511 0.991511 44.5226 -0.0204511 0.999629 0.0179701 -0.327562 -0.991511 -0.0179701 -0.128772 85.1539
-0.130376 -0.021074 0.991241 45.2147 -0.021074 0.999607 0.01848 -0.328043 -0.991241 -0.01848 -0.130769 85.0775
-0.123284 -0.0247207 0.992063 45.9504 -0.0247207 0.999456 0.0218328 -0.331751 -0.992063 -0.0218328 -0.123828 84.9575
-0.123284 -0.0247207 0.992063 46.6861 -0.0247207 0.999456 0.0218328 -0.335458 -0.992063 -0.0218328 -0.123828 84.8375
-0.115983 -0.0265396 0.992897 47.3105 -0.0265396 0.999369 0.0236124 -0.344183 -0.992897 -0.0236124 -0.116614 84.7445
-0.107099 -0.0266427 0.993891 47.9167 -0.0266427 0.999359 0.0239184 -0.339813 -0.993891 -0.0239184 -0.10774 84.6761
-0.0958415 -0.0260871 0.995055 48.5422 -0.0260871 0.999379 0.0236878 -0.336401 -0.995055 -0.0236878 -0.0964625 84.6225
-0.082517 -0.0246196 0.996286 49.1172 -0.0246196 0.99944 0.0226584 -0.344109 -0.996286 -0.0226584 -0.0830769 84.5932
-0.0649947 -0.0238339 0.997601 49.6945 -0.0238339 0.999467 0.0223256 -0.341586 -0.997601 -0.0223256 -0.0655281 84.5656
-0.0439471 -0.021677 0.998799 50.2405 -0.021677 0.99955 0.0207395 -0.347371 -0.998799 -0.0207395 -0.0443972 84.5625
-0.0187797 -0.0199071 0.999625 50.748 -0.0199071 0.999611 0.0195328 -0.349464 -0.999625 -0.0195328 -0.0191687 84.5605
0.00964101 -0.0167074 0.999814 51.2686 -0.0167074 0.999718 0.0168669 -0.344765 -0.999814 -0.0168669 0.00935915 84.579
0.0424997 -0.0151003 0.998982 51.761 -0.0151003 0.999762 0.0157545 -0.342266 -0.998982 -0.0157545 0.0422615 84.6228
0.0803471 -0.0148821 0.996656 52.2249 -0.0148821 0.999759 0.0161282 -0.339872 -0.996656 -0.0161282 0.0801063 84.6797
0.122409 -0.0137278 0.992385 52.6807 -0.0137278 0.999785 0.0155235 -0.334059 -0.992385 -0.0155235 0.122195 84.7613
0.167218 -0.0117808 0.985849 53.177 -0.0117808 0.999833 0.0139462 -0.335147 -0.985849 -0.0139462 0.167052 84.8781
0.21495 -0.00790362 0.976593 53.6668 -0.00790362 0.99992 0.00983201 -0.33562 -0.976593 -0.00983201 0.214871 85.029
0.266959 -0.00618593 0.963688 54.1588 -0.00618593 0.999948 0.0081323 -0.334259 -0.963688 -0.0081323 0.266907 85.1973
0.320638 4.71781e-005 0.947202 54.5799 4.71781e-005 1 -6.57781e-005 -0.332452 -0.947202 6.57781e-005 0.320638 85.4079
0.457432 -0.00696956 0.889217 55.1111 -0.00696956 0.99991 0.0114224 -0.319594 -0.889217 -0.0114224 0.457342 85.4847
0.457432 -0.00696956 0.889217 55.6423 -0.00696956 0.99991 0.0114224 -0.306735 -0.889217 -0.0114224 0.457342 85.5614
0.58467 -0.00914008 0.81122 56.0868 -0.00914008 0.999799 0.0178523 -0.252572 -0.81122 -0.0178523 0.584469 85.7992
0.58467 -0.00914008 0.81122 56.5314 -0.00914008 0.999799 0.0178523 -0.198409 -0.81122 -0.0178523 0.584469 86.0371
0.640077 -0.00780546 0.768271 56.8541 -0.00780546 0.999831 0.0166611 -0.191526 -0.768271 -0.0166611 0.639908 86.3529
0.691879 -0.00750309 0.721974 57.1663 -0.00750309 0.999817 0.0175809 -0.184237 -0.721974 -0.0175809 0.691696 86.6935
0.739033 -0.00754025 0.673627 57.4172 -0.00754025 0.999782 0.0194634 -0.177597 -0.673627 -0.0194634 0.738815 87.032
0.782743 -0.00842277 0.622288 57.6182 -0.00842277 0.999673 0.0241253 -0.17767 -0.622288 -0.0241253 0.782416 87.3442
0.822369 -0.00896107 0.568884 57.8186 -0.00896107 0.999548 0.0286989 -0.165572 -0.568884 -0.0286989 0.821917 87.722
0.85785 -0.00929638 0.513815 58.0024 -0.00929638 0.999392 0.0336028 -0.158763 -0.513815 -0.0336028 0.857242 88.0939
0.887523 -0.00936394 0.460669 58.1464 -0.00936394 0.99922 0.0383515 -0.15188 -0.460669 -0.0383515 0.886743 88.4811
0.912362 -0.00907371 0.409283 58.3102 -0.00907371 0.999061 0.0423758 -0.142369 -0.409283 -0.0423758 0.911423 88.9201
0.931682 -0.00829137 0.36318 58.4509 -0.00829137 0.998994 0.0440771 -0.1329 -0.36318 -0.0440771 0.930676 89.3824
0.946184 -0.00715431 0.32355 58.5652 -0.00715431 0.999049 0.0430128 -0.11885 -0.32355 -0.0430128 0.945233 89.8515
0.957432 -0.00588279 0.2886 58.6752 -0.00588279 0.999187 0.0398836 -0.0983141 -0.2886 -0.0398836 0.956619 90.3414
0.966185 -0.00509829 0.2578 58.769 -0.00509829 0.999231 0.0388684 -0.0832458 -0.2578 -0.0388684 0.965416 90.8106
0.971758 -0.00474703 0.235932 58.8567 -0.00474703 0.999202 0.0396564 -0.0724134 -0.235932 -0.0396564 0.97096 91.2489
0.975405 -0.00453405 0.220375 58.9557 -0.00453405 0.999164 0.0406252 -0.0615985 -0.220375 -0.0406252 0.974569 91.7429
0.978087 -0.00408682 0.208156 59.0383 -0.00408682 0.999238 0.0388217 -0.0376411 -0.208156 -0.0388217 0.977325 92.2523
0.980014 -0.00376098 0.198892 59.1252 -0.00376098 0.999292 0.0374281 -0.0151808 -0.198892 -0.0374281 0.979307 92.7323
0.981369 -0.00334846 0.192101 59.2271 -0.00334846 0.999398 0.0345261 0.00850481 -0.192101 -0.0345261 0.980768 93.2558
0.981867 -0.00291676 0.189547 59.3065 -0.00291676 0.999531 0.0304898 0.0173221 -0.189547 -0.0304898 0.981398 93.8008
0.981948 -0.0026673 0.189133 59.4049 -0.0026673 0.999606 0.0279455 0.0229645 -0.189133 -0.0279455 0.981554 94.3472
0.981583 -0.00238892 0.191019 59.5159 -0.00238892 0.99969 0.0247782 0.0340393 -0.191019 -0.0247782 0.981274 94.9012
0.980978 -0.00183811 0.194108 59.6429 -0.00183811 0.999822 0.0187572 0.0536319 -0.194108 -0.0187572 0.980801 95.4388
0.979746 -0.00133376 0.200241 59.7322 -0.00133376 0.999912 0.0131861 0.0751578 -0.200241 -0.0131861 0.979658 96.0017
0.97764 -0.00170658 0.21028 59.8269 -0.00170658 0.99987 0.0160489 0.0777038 -0.21028 -0.0160489 0.977509 96.4803
0.97764 -0.00170658 0.21028 59.9216 -0.00170658 0.99987 0.0160489 0.0802497 -0.21028 -0.0160489 0.977509 96.9589
0.97644 -0.00226979 0.215779 60.1106 -0.00226979 0.999781 0.020788 0.0894587 -0.215779 -0.020788 0.976221 97.9456
0.975693 -0.00306055 0.219119 60.34 -0.00306055 0.999615 0.0275902 0.094016 -0.219119 -0.0275902 0.975308 98.9364
0.974734 -0.00372715 0.223339 60.4797 -0.00372715 0.99945 0.0329458 0.101021 -0.223339 -0.0329458 0.974184 99.5778
0.974588 -0.00398203 0.223972 60.6476 -0.00398203 0.999376 0.0350954 0.115608 -0.223972 -0.0350954 0.973964 100.202
0.974595 -0.0030386 0.223953 60.8006 -0.0030386 0.999637 0.0267865 0.128686 -0.223953 -0.0267865 0.974232 100.861
0.974595 -0.0030386 0.223953 60.9537 -0.0030386 0.999637 0.0267865 0.141763 -0.223953 -0.0267865 0.974232 101.52
0.975133 -0.00230499 0.221609 61.1162 -0.00230499 0.999786 0.0205414 0.15413 -0.221609 -0.0205414 0.974919 102.176
0.975551 -0.00175713 0.219765 61.2415 -0.00175713 0.999874 0.0157945 0.169169 -0.219765 -0.0157945 0.975425 102.82
0.976041 -0.00220559 0.217576 61.3773 -0.00220559 0.999797 0.0200292 0.182006 -0.217576 -0.0200292 0.975838 103.459
0.976353 -0.00303106 0.216163 61.524 -0.00303106 0.999611 0.0277073 0.19749 -0.216163 -0.0277073 0.975964 104.122
0.977042 -0.00349968 0.213017 61.6874 -0.00349968 0.999467 0.0324723 0.213929 -0.213017 -0.0324723 0.976509 104.842
0.97781 -0.00338658 0.209464 61.8715 -0.00338658 0.999483 0.0319685 0.222714 -0.209464 -0.0319685 0.977294 105.609
0.97832 -0.0027723 0.207079 62.0227 -0.0027723 0.999645 0.0264804 0.240789 -0.207079 -0.0264804 0.977966 106.371
0.979367 -0.00222753 0.202076 62.1839 -0.00222753 0.99976 0.0218165 0.253385 -0.202076 -0.0218165 0.979127 107.119
0.980139 -0.00188756 0.1983 62.3145 -0.00188756 0.999821 0.0188466 0.267441 -0.1983 -0.0188466 0.97996 107.778
0.980982 -0.00207349 0.194088 62.4625 -0.00207349 0.999774 0.0211609 0.276083 -0.194088 -0.0211609 0.980756 108.477
0.981524 -0.00225952 0.191327 62.5996 -0.00225952 0.999724 0.023398 0.286664 -0.191327 -0.023398 0.981247 109.213
0.98165 -0.00247495 0.190673 62.7297 -0.00247495 0.999666 0.0257177 0.296838 -0.190673 -0.0257177 0.981317 109.963
0.982153 -0.00274984 0.188062 62.8929 -0.00274984 0.999576 0.0289768 0.306071 -0.188062 -0.0289768 0.98173 110.716
0.982268 -0.00292609 0.187461 63.0454 -0.00292609 0.999517 0.0309338 0.326617 -0.187461 -0.0309338 0.981785 111.509
0.983016 -0.00312068 0.183491 63.2119 -0.00312068 0.999427 0.0337159 0.328279 -0.183491 -0.0337159 0.982443 112.195
0.982689 -0.00245793 0.185248 63.3527 -0.00245793 0.999651 0.0263023 0.350381 -0.185248 -0.0263023 0.98234 113.032
0.982689 -0.00245793 0.185248 63.4935 -0.00245793 0.999651 0.0263023 0.372483 -0.185248 -0.0263023 0.98234 113.87
0.982312 -0.00214718 0.187238 63.6198 -0.00214718 0.999739 0.0227295 0.393107 -0.187238 -0.0227295 0.982052 114.664
0.981852 -0.00216267 0.189638 63.7688 -0.00216267 0.999742 0.0225985 0.400956 -0.189638 -0.0225985 0.981594 115.454
0.981055 -0.00220526 0.193719 63.9063 -0.00220526 0.999743 0.022549 0.424255 -0.193719 -0.022549 0.980798 116.271
0.981141 -0.00216066 0.193279 64.0994 -0.00216066 0.999752 0.0221443 0.431239 -0.193279 -0.0221443 0.980894 117.049
0.980539 -0.0022296 0.19631 64.275 -0.0022296 0.999745 0.0224912 0.438322 -0.19631 -0.0224912 0.980284 117.92
0.980539 -0.0022296 0.19631 64.4506 -0.0022296 0.999745 0.0224912 0.445406 -0.19631 -0.0224912 0.980284 118.791
0.980463 -0.00221059 0.196691 64.6183 -0.00221059 0.99975 0.0222555 0.46423 -0.196691 -0.0222555 0.980213 119.659
0.98005 -0.00220756 0.19874 64.7768 -0.00220756 0.999756 0.0219912 0.476299 -0.19874 -0.0219912 0.979805 120.489
0.979563 -0.0024098 0.201123 64.9308 -0.0024098 0.999716 0.0237152 0.494687 -0.201123 -0.0237152 0.979279 121.283
0.979493 -0.00298559 0.201454 65.1016 -0.00298559 0.999565 0.02933 0.503503 -0.201454 -0.02933 0.979059 122.097
0.979416 -0.00334636 0.201825 65.2795 -0.00334636 0.999456 0.0328107 0.510892 -0.201825 -0.0328107 0.978872 122.965
0.979157 -0.00149463 0.203097 65.474 -0.00149463 0.999893 0.0145642 0.519391 -0.203097 -0.0145642 0.97905 123.896
0.979157 -0.00149463 0.203097 65.6684 -0.00149463 0.999893 0.0145642 0.527889 -0.203097 -0.0145642 0.97905 124.827
0.979125 -0.000670963 0.203257 65.824 -0.000670963 0.999978 0.00653313 0.532461 -0.203257 -0.00653313 0.979104 125.589
0.979226 -0.00156584 0.202766 65.9721 -0.00156584 0.999882 0.0152834 0.540797 -0.202766 -0.0152834 0.979108 126.321
0.979499 -0.00367807 0.201416 66.1304 -0.00367807 0.99934 0.0361357 0.546134 -0.201416 -0.0361357 0.978839 127.115
0.97959 -0.00514542 0.200941 66.3001 -0.00514542 0.998703 0.0506575 0.552257 -0.200941 -0.0506575 0.978293 127.989
0.979598 -0.00449817 0.200917 66.4704 -0.00449817 0.999008 0.0442974 0.574393 -0.200917 -0.0442974 0.978606 128.909
0.979816 -0.00275365 0.199884 66.6299 -0.00275365 0.999624 0.0272692 0.601163 -0.199884 -0.0272692 0.97944 129.793
0.979455 -0.00196314 0.201651 66.7576 -0.00196314 0.999812 0.0192689 0.626574 -0.201651 -0.0192689 0.979268 130.61
0.979185 -0.00187216 0.202961 66.8873 -0.00187216 0.999832 0.018255 0.646007 -0.202961 -0.018255 0.979017 131.354
0.978602 -0.00186123 0.205752 66.982 -0.00186123 0.999838 0.0178969 0.660362 -0.205752 -0.0178969 0.97844 132.062
0.978367 -0.00175341 0.20687 67.1126 -0.00175341 0.999858 0.0167672 0.657027 -0.20687 -0.0167672 0.978225 132.956
0.979639 -0.00158634 0.200762 67.2777 -0.00158634 0.999876 0.0156413 0.655712 -0.200762 -0.0156413 0.979515 133.724
0.980402 -0.00127622 0.197002 67.4282 -0.00127622 0.999917 0.0128289 0.655228 -0.197002 -0.0128289 0.980319 134.568
0.980402 -0.00127622 0.197002 67.5788 -0.00127622 0.999917 0.0128289 0.654744 -0.197002 -0.0128289 0.980319 135.412
0.979965 -0.00167571 0.199163 67.6813 -0.00167571 0.99986 0.0166577 0.630591 -0.199163 -0.0166577 0.979825 136.174
0.980169 -0.00213465 0.19815 67.8408 -0.00213465 0.99977 0.0213296 0.637069 -0.19815 -0.0213296 0.97994 136.999
0.980713 -0.00214103 0.19544 68.0251 -0.00214103 0.999762 0.021696 0.64469 -0.19544 -0.021696 0.980476 137.865
0.981323 -0.00187579 0.192359 68.192 -0.00187579 0.999812 0.019319 0.648412 -0.192359 -0.019319 0.981134 138.694
0.982086 -0.00153225 0.188425 68.3221 -0.00153225 0.999869 0.016117 0.659683 -0.188425 -0.016117 0.981955 139.452
0.983348 -0.00143663 0.181729 68.4613 -0.00143663 0.999876 0.015678 0.663126 -0.181729 -0.015678 0.983224 140.171
0.984643 -0.00194959 0.174567 68.5452 -0.00194959 0.999752 0.0221621 0.661172 -0.174567 -0.0221621 0.984396 140.782
0.985571 -0.0026 0.169242 68.6512 -0.0026 0.999531 0.0304963 0.663991 -0.169242 -0.0304963 0.985103 141.516
0.986117 -0.00332798 0.166021 68.745 -0.00332798 0.999202 0.0397968 0.673727 -0.166021 -0.0397968 0.985319 142.219
0.986873 -0.00324937 0.161465 68.8719 -0.00324937 0.999196 0.0399681 0.706026 -0.161465 -0.0399681 0.986069 143.036
0.987479 -0.00276144 0.157724 68.9843 -0.00276144 0.999391 0.0347862 0.722267 -0.157724 -0.0347862 0.98687 143.88
0.98852 -0.00185637 0.151082 69.095 -0.00185637 0.9997 0.0244296 0.738333 -0.151082 -0.0244296 0.988219 144.68
0.989267 -0.00149813 0.146113 69.1861 -0.00149813 0.999791 0.0203943 0.743441 -0.146113 -0.0203943 0.989058 145.437
0.989966 -0.00146894 0.141296 69.258 -0.00146894 0.999785 0.0206858 0.759788 -0.141296 -0.0206858 0.989751 146.166
0.991004 -0.0015459 0.13382 69.344 -0.0015459 0.999734 0.0229971 0.763298 -0.13382 -0.0229971 0.990739 146.913
0.991827 -0.00128678 0.127586 69.4036 -0.00128678 0.999797 0.0200867 0.769294 -0.127586 -0.0200867 0.991624 147.683
0.993046 -0.000812203 0.117723 69.4837 -0.000812203 0.999905 0.0137499 0.772993 -0.117723 -0.0137499 0.992951 148.434
0.993983 -0.000619993 0.109534 69.5574 -0.000619993 0.999936 0.0112861 0.779502 -0.109534 -0.0112861 0.993919 149.159
0.99483 -0.000703584 0.101556 69.6233 -0.000703584 0.999904 0.0138196 0.785578 -0.101556 -0.0138196 0.994734 149.897
0.995632 -0.000960335 0.0933558 69.6902 -0.000960335 0.999789 0.0205266 0.78649 -0.0933558 -0.0205266 0.995421 150.653
0.996345 -0.00109143 0.0854143 69.739 -0.00109143 0.999674 0.0255054 0.791687 -0.0854143 -0.0255054 0.996019 151.456
0.996921 -0.00111882 0.078406 69.7875 -0.00111882 0.999593 0.0284895 0.801812 -0.078406 -0.0284895 0.996514 152.264
0.997432 -0.00108909 0.0716098 69.845 -0.00108909 0.999538 0.0303713 0.813441 -0.0716098 -0.0303713 0.99697 153.084
0.997696 -0.000982936 0.0678426 69.8852 -0.000982936 0.999581 0.0289375 0.816007 -0.0678426 -0.0289375 0.997276 153.872
0.998048 -0.000741225 0.0624402 69.9358 -0.000741225 0.999718 0.0237154 0.819694 -0.0624402 -0.0237154 0.997767 154.668
0.99824 -0.000485492 0.0593098 69.9663 -0.000485492 0.999866 0.0163559 0.83199 -0.0593098 -0.0163559 0.998106 155.468
0.998407 -0.000379301 0.0564265 69.9995 -0.000379301 0.99991 0.0134328 0.844073 -0.0564265 -0.0134328 0.998316 156.197
0.998589 -0.000495108 0.0530927 70.0354 -0.000495108 0.999826 0.0186359 0.856697 -0.0530927 -0.0186359 0.998416 156.98
0.998715 -0.000731617 0.0506715 70.0659 -0.000731617 0.999583 0.0288523 0.865083 -0.0506715 -0.0288523 0.998299 157.803
0.99889 -0.000842747 0.0471031 70.0972 -0.000842747 0.99936 0.0357518 0.875081 -0.0471031 -0.0357518 0.99825 158.61
0.999072 -0.000697106 0.043071 70.1179 -0.000697106 0.999476 0.0323466 0.888227 -0.043071 -0.0323466 0.998548 159.513
0.999282 -0.000427746 0.0378963 70.1403 -0.000427746 0.999745 0.0225635 0.901562 -0.0378963 -0.0225635 0.999027 160.282
0.999539 -0.00026717 0.0303593 70.1722 -0.00026717 0.999845 0.0175951 0.918192 -0.0303593 -0.0175951 0.999384 161.04
0.999738 -0.000219202 0.0228943 70.1822 -0.000219202 0.999817 0.0191448 0.9256 -0.0228943 -0.0191448 0.999555 161.868
0.999884 -0.000193863 0.0152485 70.1856 -0.000193863 0.999677 0.0254215 0.929432 -0.0152485 -0.0254215 0.999561 162.688
0.999974 -9.74464e-005 0.00719057 70.2051 -9.74464e-005 0.999633 0.0270986 0.972763 -0.00719057 -0.0270986 0.999607 163.531
1 -1.45225e-005 0.000941387 70.218 -1.45225e-005 0.999524 0.030846 0.993007 -0.000941387 -0.030846 0.999524 164.345
0.999991 6.19199e-005 -0.00417019 70.1961 6.19199e-005 0.999559 0.0296897 1.01986 0.00417019 -0.0296897 0.99955 165.211
0.999942 0.000122104 -0.010802 70.1897 0.000122104 0.999744 0.022604 1.02624 0.010802 -0.022604 0.999686 166.046
0.999838 0.000109852 -0.0179847 70.1753 0.000109852 0.999925 0.0122148 1.03557 0.0179847 -0.0122148 0.999764 166.855
0.999717 9.46916e-005 -0.0237789 70.157 9.46916e-005 0.999968 0.00796309 1.0423 0.0237789 -0.00796309 0.999686 167.601
0.999542 0.000236104 -0.0302681 70.1526 0.000236104 0.999878 0.0155964 1.02897 0.0302681 -0.0155964 0.99942 168.305
0.999371 0.000514107 -0.0354556 70.1102 0.000514107 0.99958 0.0289848 1.03862 0.0354556 -0.0289848 0.998951 169.093
0.999214 0.000730575 -0.0396278 70.0571 0.000730575 0.999321 0.0368448 1.04622 0.0396278 -0.0368448 0.998535 169.921
0.999036 0.000737666 -0.0438923 70.0213 0.000737666 0.999436 0.0335869 1.06405 0.0438923 -0.0335869 0.998472 170.845
0.998965 0.000518748 -0.0454896 69.9666 0.000518748 0.99974 0.0227926 1.08016 0.0454896 -0.0227926 0.998705 171.734
0.998871 0.000329475 -0.0474983 69.8929 0.000329475 0.999904 0.0138646 1.09348 0.0474983 -0.0138646 0.998775 172.588
0.998813 0.000251067 -0.0487145 69.8356 0.000251067 0.999947 0.0103013 1.09849 0.0487145 -0.0103013 0.99876 173.405
0.998688 0.000364138 -0.0512064 69.8027 0.000364138 0.999899 0.0142123 1.10998 0.0512064 -0.0142123 0.998587 174.204
0.998669 0.000594152 -0.0515729 69.7623 0.000594152 0.999735 0.0230229 1.11358 0.0515729 -0.0230229 0.998404 175.027
0.99864 0.000738573 -0.0521325 69.7205 0.000738573 0.999599 0.0283095 1.12667 0.0521325 -0.0283095 0.998239 175.883
0.998518 0.000735494 -0.0544091 69.6792 0.000735494 0.999635 0.0270107 1.14309 0.0544091 -0.0270107 0.998153 176.755
0.998428 0.000491102 -0.0560415 69.6273 0.000491102 0.999847 0.0175113 1.15329 0.0560415 -0.0175113 0.998275 177.623
0.998309 0.000157415 -0.0581378 69.6174 0.000157415 0.999985 0.00541061 1.15405 0.0581378 -0.00541061 0.998294 177.849
0.997979 3.80622e-005 -0.0635524 69.6266 3.80622e-005 0.999999 0.00119661 1.15378 0.0635524 -0.00119661 0.997978 178.611
0.997842 0.000567021 -0.0656619 69.5721 0.000567021 0.999851 0.017251 1.15015 0.0656619 -0.017251 0.997693 179.357
0.997842 0.000567021 -0.0656619 69.5176 0.000567021 0.999851 0.017251 1.14653 0.0656619 -0.017251 0.997693 180.102
0.997691 0.000693567 -0.0679191 69.4632 0.000693567 0.999792 0.0203976 1.1474 0.0679191 -0.0203976 0.997482 180.932
0.9978 0.000529259 -0.0663 69.3805 0.000529259 0.999873 0.015947 1.15475 0.0663 -0.015947 0.997672 181.776
0.997674 0.000319817 -0.0681715 69.3324 0.000319817 0.999956 0.00937158 1.16271 0.0681715 -0.00937158 0.99763 182.69
0.997685 0.000316453 -0.0680113 69.2618 0.000316453 0.999957 0.00929493 1.16402 0.0680113 -0.00929493 0.997641 183.549
