0.999993 -0.00137303 -0.00338692 -0.00590868 0.00136543 0.999997 -0.0022434 -0.00116763 0.00338999 0.00223876 0.999992 0.65323
0.999975 -0.00228074 -0.00671158 -0.0089475 0.00225553 0.99999 -0.003761 0.00118739 0.00672009 0.00374576 0.99997 0.640511
0.999942 0.00111478 -0.0106823 -0.0180214 -0.00117755 0.999982 -0.00587245 -0.00167573 0.0106756 0.00588469 0.999926 0.664089
0.99987 0.000653044 -0.0161187 -0.0123198 -0.000751308 0.999981 -0.006091 -0.00558339 0.0161144 0.00610232 0.999852 0.675788
0.999786 -0.000806301 -0.0206675 -0.0182356 0.000674418 0.999979 -0.00638733 -0.0107924 0.0206722 0.00637203 0.999766 0.684569
0.999717 0.00125707 -0.0237747 -0.0297065 -0.00142484 0.999974 -0.00704118 -0.0149905 0.0237652 0.00707306 0.999693 0.712149
0.999553 0.00381736 -0.0296613 -0.0197097 -0.00407179 0.999955 -0.00852211 -0.00262875 0.0296274 0.00863907 0.999524 0.70805
0.999387 0.000710383 -0.0349906 -0.0256269 -0.000956175 0.999975 -0.00700828 -0.00364767 0.0349847 0.00703745 0.999363 0.721198
0.99925 -0.000604765 -0.0387073 -0.0353435 0.000478475 0.999995 -0.00327188 -0.0161448 0.0387091 0.00325091 0.999245 0.743505
0.999089 -0.00149906 -0.0426424 -0.0315232 0.00144765 0.999998 -0.00123636 -0.0103202 0.0426442 0.0011735 0.99909 0.751847
0.999046 0.00166994 -0.0436315 -0.0621537 -0.00173541 0.999997 -0.00146257 -0.00629828 0.0436289 0.0015369 0.999047 0.786149
0.998868 0.00222057 -0.0475061 -0.0270643 -0.0022879 0.999996 -0.001363 -0.0124122 0.0475029 0.00147015 0.99887 0.772522
0.998808 -0.00458104 -0.0485991 -0.0434301 0.00444525 0.999986 -0.00290193 0.001557 0.0486117 0.00268244 0.998814 0.804833
0.998841 -0.000339482 -0.0481203 -0.0542369 0.000261896 0.999999 -0.00161861 -0.0104616 0.0481208 0.00160414 0.99884 0.78436
0.998622 -0.00261308 -0.052417 -0.0343588 0.00248173 0.999994 -0.00257076 -0.00725523 0.0524234 0.00243713 0.998622 0.832248
0.998675 0.00150159 -0.0514358 -0.0556494 -0.00172053 0.99999 -0.00421262 -0.0120818 0.0514289 0.00429553 0.998667 0.811597
0.99848 0.0032479 -0.0550174 -0.0166536 -0.00364026 0.999969 -0.00703275 0.00337562 0.0549929 0.00722234 0.998461 0.195023
0.998392 0.00346781 -0.0565879 -0.0714096 -0.0039292 0.99996 -0.00804438 -0.0192852 0.0565577 0.00825379 0.998365 1.13874
0.998467 0.00614765 -0.0550007 -0.0450747 -0.00663739 0.99994 -0.00872596 -0.00522361 0.0549438 0.00907765 0.998448 0.637172
0.99829 0.00337406 -0.0583531 -0.0423112 -0.00374337 0.999974 -0.0062207 -0.0194597 0.0583306 0.0064285 0.998277 0.901617
0.998374 0.00182875 -0.0569769 -0.0651513 -0.0021399 0.999983 -0.00540042 -0.0100319 0.0569661 0.00551356 0.998361 0.782954
0.998301 -0.00465996 -0.0580734 -0.0615727 0.00435255 0.999976 -0.00541887 -0.00514046 0.0580973 0.0051569 0.998298 0.854835
0.998162 -0.000951201 -0.0605901 -0.0127171 0.000570691 0.99998 -0.00629705 -0.00277761 0.0605949 0.0062509 0.998143 0.20048
0.99824 -0.000709909 -0.0592909 -0.0783292 0.000284152 0.999974 -0.00718893 -0.0177063 0.0592945 0.00715943 0.998215 1.11971
0.997977 -0.00396682 -0.0634584 -0.0277415 0.00359196 0.999975 -0.00602018 -0.00643632 0.0634807 0.00578006 0.997966 0.727533
0.998253 0.00240458 -0.0590348 -0.0332859 -0.0025644 0.999993 -0.00263157 -0.00424831 0.0590281 0.00277836 0.998252 0.250904
0.998136 0.00452874 -0.0608628 -0.0685444 -0.00445265 0.999989 0.00138587 -0.0157037 0.0608684 -0.00111229 0.998145 1.16117
0.998326 0.000213538 -0.0578345 -0.00472267 9.75456e-006 0.999993 0.00386059 0.00448395 0.0578349 -0.00385469 0.998319 0.0672175
0.998527 0.00237256 -0.0542074 -0.0332307 -0.00212286 0.999987 0.0046635 -0.00936491 0.0542178 -0.00454156 0.998519 0.661406
0.998515 0.0018749 -0.054452 -0.0702549 -0.00175868 0.999996 0.00218227 -0.00867324 0.0544559 -0.00208327 0.998514 1.03923
0.998531 0.00463602 -0.0539917 -0.0487372 -0.00478994 0.999985 -0.00272171 -0.0121084 0.0539782 0.00297633 0.998538 0.900333
0.998745 0.00303972 -0.0499996 -0.0232762 -0.00334699 0.999976 -0.00606293 4.42759e-005 0.04998 0.00622267 0.998731 0.238937
0.998661 -0.00405719 -0.0515675 -0.0527054 0.00381965 0.999982 -0.00470399 -0.018674 0.0515856 0.00450072 0.998658 1.20041
0.998672 -0.00516324 -0.0512612 -0.0392612 0.00517842 0.999987 0.000163464 -0.00894511 0.0512596 -0.000428699 0.998685 0.737456
0.998588 -0.00597496 -0.0527923 -0.0435047 0.00616926 0.999975 0.00351821 -0.019569 0.0527699 -0.00383893 0.998599 0.983991
0.998407 -0.014011 -0.054655 -0.0350898 0.0141719 0.999896 0.00255839 -0.00704675 0.0546135 -0.00332889 0.998502 0.869229
0.998509 -0.007605 -0.054051 -0.0574334 0.00753612 0.999971 -0.00147815 -0.00559174 0.0540606 0.00106861 0.998537 0.95197
0.99836 -0.00125211 -0.0572305 -0.0474329 0.000945518 0.999985 -0.00538387 -0.0109294 0.0572364 0.00532093 0.998346 0.89511
0.998298 0.00161689 -0.0582952 -0.05623 -0.001959 0.999981 -0.00581188 -0.014625 0.0582847 0.00591619 0.998282 0.8603
0.99824 0.00117577 -0.0592934 -0.0418255 -0.00145173 0.999988 -0.0046113 -0.0172662 0.0592873 0.00468926 0.99823 0.858692
0.998239 0.00401018 -0.0591907 -0.0720041 -0.00412297 0.99999 -0.00178347 -0.0161531 0.0591829 0.00202437 0.998245 0.868094
0.998173 0.00257097 -0.0603653 -0.0514239 -0.00261227 0.999996 -0.000605237 -0.0114655 0.0603635 0.000761822 0.998176 0.902494
0.998126 0.000638379 -0.061187 -0.0726059 -0.000498542 0.999997 0.00230064 -0.00913422 0.0611883 -0.00226582 0.998124 0.917679
0.998064 0.00103387 -0.062187 -0.0501383 -0.000702934 0.999985 0.00534329 -0.0120497 0.0621916 -0.00528923 0.99805 0.907586
0.998109 0.00603979 -0.061174 -0.0798218 -0.00554808 0.999951 0.00820454 -0.00341091 0.0612206 -0.00784962 0.998093 0.928041
0.998026 0.00601882 -0.0625094 -0.000694624 -0.00555206 0.999955 0.00763805 -0.00587269 0.0625526 -0.00727592 0.998015 0.24558
0.998017 -0.00313824 -0.0628718 -0.0770578 0.00348132 0.99998 0.00534788 0.00138723 0.0628537 -0.00555615 0.998007 1.32376
0.998075 0.00227203 -0.0619794 -0.0604683 -0.00203499 0.99999 0.00388738 -0.0130956 0.0619877 -0.00375377 0.99807 0.78468
0.997991 0.0011721 -0.0633495 -0.0650307 -0.000976163 0.999995 0.00312387 -0.00604993 0.0633528 -0.00305576 0.997987 1.03529
0.998005 -0.00153675 -0.0631222 -0.0332446 0.00179621 0.99999 0.0040539 -0.00439607 0.0631154 -0.0041592 0.997998 0.203215
0.997841 -0.0013934 -0.0656619 -0.0756841 0.00174084 0.999985 0.00523448 -0.0115202 0.0656536 -0.00533748 0.997828 1.33489
0.997912 0.00262894 -0.0645338 -0.0663015 -0.00248983 0.999994 0.00223591 -0.0102797 0.0645394 -0.00207057 0.997913 0.771064
0.997749 0.00309339 -0.0669899 -0.0705409 -0.0032232 0.999993 -0.00182975 -0.0135421 0.0669837 0.00204155 0.997752 1.02019
0.99787 0.000813952 -0.0652263 -0.0660811 -0.00102241 0.999994 -0.00316265 -0.0124093 0.0652234 0.0032226 0.997865 0.860845
0.997868 0.00011405 -0.0652596 -0.0646545 -6.85655e-005 1 0.000699221 -0.0207984 0.0652596 -0.000693256 0.997868 0.942787
0.997852 -0.00245405 -0.0654567 -0.0540134 0.00268706 0.99999 0.00347192 -0.0108344 0.0654475 -0.00364035 0.997849 0.843691
0.99778 -0.00464145 -0.066433 -0.0609265 0.00495506 0.999977 0.00455665 -0.0129777 0.0664103 -0.00487572 0.99778 0.909345
0.997843 -0.00350012 -0.06555 -0.058253 0.00369133 0.999989 0.00279618 -0.0148227 0.0655395 -0.00303211 0.997845 0.892262
0.997785 -0.00512451 -0.0663301 -0.0623517 0.00522097 0.999986 0.00128096 -0.015114 0.0663226 -0.00162443 0.997797 0.899009
0.997663 -0.00512559 -0.068135 -0.0664237 0.00529289 0.999983 0.00227501 0.00077383 0.0681222 -0.00263033 0.997674 0.903352
0.997591 -0.00633197 -0.0690773 -0.0504412 0.00679552 0.999956 0.00647776 -0.0152564 0.0690332 -0.00693157 0.99759 0.882243
0.997613 -0.00443919 -0.0689096 -0.0600677 0.00518551 0.99993 0.0106553 0.00114277 0.0688575 -0.0109872 0.997566 0.882795
0.997653 0.00484096 -0.0682969 -0.022803 -0.00387302 0.99989 0.0142979 -0.0029332 0.0683586 -0.0139998 0.997563 0.249184
0.997422 0.00383469 -0.0716499 -0.0446095 -0.003161 0.99995 0.00951357 -0.003337 0.0716828 -0.00926256 0.997384 0.575038
0.997378 0.00502506 -0.0721929 -0.08775 -0.00489492 0.999986 0.00197946 -0.00439792 0.0722018 -0.00162089 0.997389 1.10008
0.997258 0.0044091 -0.0738771 -0.0633016 -0.00460939 0.999986 -0.00254079 -0.00935131 0.0738649 0.00287435 0.997264 0.826879
0.997102 0.00353361 -0.0759964 -0.0494898 -0.00369146 0.999991 -0.00193678 -0.0107276 0.0759889 0.00221171 0.997106 0.890451
0.997014 0.00487197 -0.0770658 -0.0732732 -0.00483904 0.999988 0.000614087 -0.0141774 0.0770679 -0.000239329 0.997026 0.850218
0.996959 0.00525383 -0.0777452 -0.0683356 -0.00509068 0.999984 0.0022965 -0.0173771 0.0777561 -0.00189374 0.996971 0.827313
0.997141 0.0078481 -0.0751563 -0.10289 -0.0076608 0.999967 0.00278007 -0.0137001 0.0751756 -0.00219636 0.997168 0.835804
0.996531 0.00107523 -0.0832193 -0.00280202 -0.000787587 0.999994 0.00348924 -0.00454141 0.0832225 -0.00341159 0.996525 0.201035
