1 0 0 -0.0241701 0 1 0 0 0 0 1 0.626888
0.999999 0 -0.00155541 -0.0193668 0 1 0 0 0.00155541 0 0.999999 1.22555
0.999978 0 -0.00669486 0.0423504 0 1 0 0 0.00669486 0 0.999978 1.81752
0.999975 0 -0.00712915 -0.0120685 0 1 0 0 0.00712915 0 0.999975 2.42668
0.999957 0 -0.00928237 2.65096e-005 0 1 0 0 0.00928237 0 0.999957 3.02221
0.999945 0 -0.0104524 -0.0210788 0 1 0 0 0.0104524 0 0.999945 3.6288
0.999928 0 -0.0120174 -0.0319994 0 1 0 0 0.0120174 0 0.999928 4.21013
0.999887 0 -0.0150362 -0.0118742 0 1 0 0 0.0150362 0 0.999887 4.80164
0.999885 0 -0.0151954 -0.05387 0 1 0 0 0.0151954 0 0.999885 5.39394
0.999876 0 -0.0157778 -0.0793927 0 1 0 0 0.0157778 0 0.999876 5.97843
0.999825 0 -0.0186875 -0.0862762 0 1 0 0 0.0186875 0 0.999825 6.56031
0.999808 0 -0.0196015 -0.101473 0 1 0 0 0.0196015 0 0.999808 7.14057
0.999818 0 -0.0190798 -0.148451 0 1 0 0 0.0190798 0 0.999818 7.70136
0.999776 0 -0.0211539 -0.14146 0 1 0 0 0.0211539 0 0.999776 8.29086
0.999754 0 -0.0221934 -0.145033 0 1 0 0 0.0221934 0 0.999754 8.87626
0.999722 0 -0.0235614 -0.176462 0 1 0 0 0.0235614 0 0.999722 9.46692
0.999712 0 -0.024004 -0.20181 0 1 0 0 0.024004 0 0.999712 10.0816
0.999696 0 -0.0246529 -0.22187 0 1 0 0 0.0246529 0 0.999696 10.704
0.999672 0 -0.0256007 -0.250431 0 1 0 0 0.0256007 0 0.999672 11.3654
0.999645 0 -0.0266383 -0.251618 0 1 0 0 0.0266383 0 0.999645 12.0051
0.999643 0 -0.0267078 -0.28301 0 1 0 0 0.0267078 0 0.999643 12.6383
0.999624 0 -0.0274054 -0.299947 0 1 0 0 0.0274054 0 0.999624 13.2748
0.999622 0 -0.0274996 -0.32375 0 1 0 0 0.0274996 0 0.999622 14.0018
0.999658 0 -0.0261657 -0.366219 0 1 0 0 0.0261657 0 0.999658 14.7252
0.999637 0 -0.0269446 -0.357864 0 1 0 0 0.0269446 0 0.999637 15.4236
0.999678 0 -0.0253705 -0.393247 0 1 0 0 0.0253705 0 0.999678 16.1476
0.999693 0 -0.0247641 -0.397475 0 1 0 0 0.0247641 0 0.999693 16.9108
0.999728 0 -0.0233233 -0.430281 0 1 0 0 0.0233233 0 0.999728 17.693
0.99972 0 -0.0236778 -0.437576 0 1 0 0 0.0236778 0 0.99972 18.4643
0.999707 0 -0.0241921 -0.453711 0 1 0 0 0.0241921 0 0.999707 19.2555
0.999719 0 -0.0236982 -0.483746 0 1 0 0 0.0236982 0 0.999719 20.073
0.999719 0 -0.0236849 -0.518745 0 1 0 0 0.0236849 0 0.999719 20.9119
0.999716 0 -0.0238132 -0.549179 0 1 0 0 0.0238132 0 0.999716 21.7522
0.999709 0 -0.0241112 -0.552762 0 1 0 0 0.0241112 0 0.999709 22.5992
0.999752 0 -0.0222571 -0.64484 0 1 0 0 0.0222571 0 0.999752 23.4725
0.999736 0 -0.0229728 -0.640887 0 1 0 0 0.0229728 0 0.999736 24.3681
0.999765 0 -0.0216778 -0.695267 0 1 0 0 0.0216778 0 0.999765 25.2536
0.999688 0 -0.0249641 -0.677294 0 1 0 0 0.0249641 0 0.999688 26.1601
0.999724 0 -0.0234866 -0.737628 0 1 0 0 0.0234866 0 0.999724 27.0843
0.999704 0 -0.0243111 -0.748548 0 1 0 0 0.0243111 0 0.999704 28.0282
0.999738 0 -0.0228893 -0.814578 0 1 0 0 0.0228893 0 0.999738 28.9242
0.999718 0 -0.0237263 -0.813913 0 1 0 0 0.0237263 0 0.999718 29.8955
0.99969 0 -0.0248961 -0.828255 0 1 0 0 0.0248961 0 0.99969 30.8707
0.999679 0 -0.0253407 -0.868242 0 1 0 0 0.0253407 0 0.999679 31.8474
0.999693 0 -0.0247857 -0.935819 0 1 0 0 0.0247857 0 0.999693 32.8367
0.999642 0 -0.0267459 -0.924959 0 1 0 0 0.0267459 0 0.999642 33.8375
0.999645 0 -0.0266284 -0.968524 0 1 0 0 0.0266284 0 0.999645 34.8652
0.999647 0 -0.0265738 -1.02103 0 1 0 0 0.0265738 0 0.999647 35.8947
0.999632 0 -0.0271146 -1.06012 0 1 0 0 0.0271146 0 0.999632 36.9432
0.999592 0 -0.0285667 -1.0832 0 1 0 0 0.0285667 0 0.999592 37.9938
0.999563 0 -0.0295724 -1.11156 0 1 0 0 0.0295724 0 0.999563 39.0708
0.999561 0 -0.0296203 -1.16205 0 1 0 0 0.0296203 0 0.999561 40.1526
0.99953 0 -0.0306552 -1.19006 0 1 0 0 0.0306552 0 0.99953 41.2484
0.99955 0 -0.0299922 -1.24566 0 1 0 0 0.0299922 0 0.99955 42.3557
0.999568 0 -0.0293974 -1.30594 0 1 0 0 0.0293974 0 0.999568 43.4801
0.99955 0 -0.0300122 -1.32843 0 1 0 0 0.0300122 0 0.99955 44.6141
0.999593 0 -0.0285108 -1.39474 0 1 0 0 0.0285108 0 0.999593 45.7548
0.99957 0 -0.0293219 -1.40987 0 1 0 0 0.0293219 0 0.99957 46.9156
0.9996 0 -0.0282785 -1.4627 0 1 0 0 0.0282785 0 0.9996 48.0777
0.999584 0 -0.0288327 -1.48454 0 1 0 0 0.0288327 0 0.999584 49.2587
0.99962 0 -0.0275502 -1.53643 0 1 0 0 0.0275502 0 0.99962 50.4501
0.999626 0 -0.0273348 -1.57567 0 1 0 0 0.0273348 0 0.999626 51.6524
0.999622 0 -0.0274875 -1.61796 0 1 0 0 0.0274875 0 0.999622 52.8505
0.999639 0 -0.0268849 -1.65392 0 1 0 0 0.0268849 0 0.999639 53.9202
0.999631 0 -0.0271613 -1.67986 0 1 0 0 0.0271613 0 0.999631 55.1736
0.999636 0 -0.0269705 -1.71698 0 1 0 0 0.0269705 0 0.999636 56.3985
0.999647 0 -0.0265821 -1.7464 0 1 0 0 0.0265821 0 0.999647 57.5761
0.999651 0 -0.0264185 -1.77407 0 1 0 0 0.0264185 0 0.999651 58.7381
0.999671 0 -0.0256532 -1.81457 0 1 0 0 0.0256532 0 0.999671 59.9582
0.999677 0 -0.0254004 -1.85816 0 1 0 0 0.0254004 0 0.999677 61.2343
0.999671 0 -0.0256433 -1.9024 0 1 0 0 0.0256433 0 0.999671 62.4617
0.999669 0 -0.0257387 -1.93488 0 1 0 0 0.0257387 0 0.999669 63.6716
0.999682 0 -0.0252042 -1.96425 0 1 0 0 0.0252042 0 0.999682 64.9214
0.999707 0 -0.02421 -2.0152 0 1 0 0 0.02421 0 0.999707 66.144
0.999699 0 -0.0245423 -2.04385 0 1 0 0 0.0245423 0 0.999699 67.3621
0.999698 0 -0.0245904 -2.08038 0 1 0 0 0.0245904 0 0.999698 68.5453
0.999688 0 -0.0249882 -2.11011 0 1 0 0 0.0249882 0 0.999688 69.7963
0.999746 0 -0.0225344 -2.26715 0 1 0 0 0.0225344 0 0.999746 71.0285
0.999687 0 -0.025027 -2.1969 0 1 0 0 0.025027 0 0.999687 72.2644
0.99967 0 -0.0257046 -2.23282 0 1 0 0 0.0257046 0 0.99967 73.5015
0.999638 0 -0.0269037 -2.29824 0 1 0 0 0.0269037 0 0.999638 74.7437
0.999629 0 -0.0272257 -2.31951 0 1 0 0 0.0272257 0 0.999629 76.0054
0.999631 0 -0.0271687 -2.38809 0 1 0 0 0.0271687 0 0.999631 77.237
0.999606 0 -0.0280526 -2.4312 0 1 0 0 0.0280526 0 0.999606 78.4793
0.999606 0 -0.0280801 -2.5129 0 1 0 0 0.0280801 0 0.999606 79.7711
0.999589 0 -0.0286783 -2.54673 0 1 0 0 0.0286783 0 0.999589 81.0273
0.999561 0 -0.0296242 -2.59364 0 1 0 0 0.0296242 0 0.999561 82.297
0.999508 0 -0.0313523 -2.61965 0 1 0 0 0.0313523 0 0.999508 83.5914
0.999569 0 -0.0293549 -2.75637 0 1 0 0 0.0293549 0 0.999569 84.8044
0.999567 0 -0.0294204 -2.79034 0 1 0 0 0.0294204 0 0.999567 86.1177
0.999529 0 -0.0306995 -2.82805 0 1 0 0 0.0306995 0 0.999529 87.3919
0.999497 0 -0.0317252 -2.85891 0 1 0 0 0.0317252 0 0.999497 88.6607
0.99948 0 -0.0322489 -2.91176 0 1 0 0 0.0322489 0 0.99948 89.9185
0.999439 0 -0.0335004 -2.95503 0 1 0 0 0.0335004 0 0.999439 91.0784
0.999384 0 -0.0350865 -3.0131 0 1 0 0 0.0350865 0 0.999384 92.3518
0.999284 0 -0.0378413 -3.09565 0 1 0 0 0.0378413 0 0.999284 93.5892
0.999104 0 -0.042321 -3.14363 0 1 0 0 0.042321 0 0.999104 94.7927
0.998999 0 -0.0447406 -3.22873 0 1 0 0 0.0447406 0 0.998999 95.9927
0.998826 0 -0.0484384 -3.30136 0 1 0 0 0.0484384 0 0.998826 97.1996
0.998699 0 -0.0509904 -3.39637 0 1 0 0 0.0509904 0 0.998699 98.4064
0.998526 0 -0.054267 -3.46178 0 1 0 0 0.054267 0 0.998526 99.5131
0.998414 0 -0.0562953 -3.56704 0 1 0 0 0.0562953 0 0.998414 100.656
0.998246 0 -0.0591975 -3.65294 0 1 0 0 0.0591975 0 0.998246 101.783
0.998119 0 -0.0613043 -3.76292 0 1 0 0 0.0613043 0 0.998119 102.942
0.997901 0 -0.0647647 -3.81007 0 1 0 0 0.0647647 0 0.997901 104.02
0.99772 0 -0.0674888 -3.90187 0 1 0 0 0.0674888 0 0.99772 104.982
0.997627 0 -0.0688521 -4.02015 0 1 0 0 0.0688521 0 0.997627 106.011
0.99748 0 -0.0709498 -4.0766 0 1 0 0 0.0709498 0 0.99748 107.068
0.997638 0 -0.0686972 -4.19762 0 1 0 0 0.0686972 0 0.997638 108.049
0.99782 0 -0.0659887 -4.26469 0 1 0 0 0.0659887 0 0.99782 108.95
0.998169 0 -0.0604876 -4.32148 0 1 0 0 0.0604876 0 0.998169 109.848
0.998571 0 -0.0534409 -4.34826 0 1 0 0 0.0534409 0 0.998571 110.79
0.999056 0 -0.0434503 -4.37197 0 1 0 0 0.0434503 0 0.999056 111.645
0.999489 0 -0.0319648 -4.35276 0 1 0 0 0.0319648 0 0.999489 112.402
0.999825 0 -0.0187309 -4.32697 0 1 0 0 0.0187309 0 0.999825 113.069
0.999994 0 -0.00360354 -4.27954 0 1 0 0 0.00360354 0 0.999994 113.753
0.999899 0 0.0141842 -4.21504 0 1 0 0 -0.0141842 0 0.999899 114.43
0.999368 0 0.0355346 -4.13874 0 1 0 0 -0.0355346 0 0.999368 114.974
0.998214 0 0.0597385 -4.04977 0 1 0 0 -0.0597385 0 0.998214 115.486
0.996228 0 0.0867761 -3.92054 0 1 0 0 -0.0867761 0 0.996228 116.015
0.993183 0 0.116568 -3.77745 0 1 0 0 -0.116568 0 0.993183 116.547
0.988865 0 0.148817 -3.61498 0 1 0 0 -0.148817 0 0.988865 117.026
0.982867 0 0.184318 -3.4334 0 1 0 0 -0.184318 0 0.982867 117.481
0.974983 0 0.222279 -3.21998 0 1 0 0 -0.222279 0 0.974983 117.927
0.965058 0 0.262038 -2.98917 0 1 0 0 -0.262038 0 0.965058 118.362
0.952814 0 0.303553 -2.75133 0 1 0 0 -0.303553 0 0.952814 118.766
0.937533 0 0.347896 -2.50611 0 1 0 0 -0.347896 0 0.937533 119.141
0.920116 0 0.391645 -2.22475 0 1 0 0 -0.391645 0 0.920116 119.5
0.90016 0 0.435559 -1.91883 0 1 0 0 -0.435559 0 0.90016 119.841
0.877041 0 0.480415 -1.61317 0 1 0 0 -0.480415 0 0.877041 120.159
0.852695 0 0.522409 -1.28983 0 1 0 0 -0.522409 0 0.852695 120.435
0.825227 0 0.564801 -0.96073 0 1 0 0 -0.564801 0 0.825227 120.713
0.794885 0 0.60676 -0.61958 0 1 0 0 -0.60676 0 0.794885 120.979
0.763368 0 0.645964 -0.267165 0 1 0 0 -0.645964 0 0.763368 121.163
0.725371 0 0.688358 0.0968445 0 1 0 0 -0.688358 0 0.725371 121.375
0.685103 0 0.728446 0.446425 0 1 0 0 -0.728446 0 0.685103 121.589
0.645354 0 0.763884 0.78872 0 1 0 0 -0.763884 0 0.645354 121.769
0.602813 0 0.797883 1.15286 0 1 0 0 -0.797883 0 0.602813 121.966
0.557001 0 0.830512 1.53198 0 1 0 0 -0.830512 0 0.557001 121.999
0.510747 0 0.859731 1.87073 0 1 0 0 -0.859731 0 0.510747 122.252
0.456892 0 0.889522 2.22577 0 1 0 0 -0.889522 0 0.456892 122.417
0.408702 0 0.912668 2.65572 0 1 0 0 -0.912668 0 0.408702 122.319
0.357463 0 0.933927 3.05704 0 1 0 0 -0.933927 0 0.357463 122.372
0.30674 0 0.951793 3.41819 0 1 0 0 -0.951793 0 0.30674 122.385
0.260852 0 0.965379 3.81297 0 1 0 0 -0.965379 0 0.260852 122.375
0.219009 0 0.975723 4.22382 0 1 0 0 -0.975723 0 0.219009 122.44
0.183609 0 0.982999 4.63134 0 1 0 0 -0.982999 0 0.183609 122.374
0.153828 0 0.988098 5.02024 0 1 0 0 -0.988098 0 0.153828 122.349
0.125647 0 0.992075 5.42347 0 1 0 0 -0.992075 0 0.125647 122.361
0.100129 0 0.994974 5.8573 0 1 0 0 -0.994974 0 0.100129 122.369
0.0762304 0 0.99709 6.25381 0 1 0 0 -0.99709 0 0.0762304 122.359
0.0537688 0 0.998553 6.68016 0 1 0 0 -0.998553 0 0.0537688 122.329
0.0338499 0 0.999427 7.11886 0 1 0 0 -0.999427 0 0.0338499 122.286
0.0162828 0 0.999867 7.58566 0 1 0 0 -0.999867 0 0.0162828 122.253
0.00151697 0 0.999999 8.06953 0 1 0 0 -0.999999 0 0.00151697 122.23
-0.00918986 0 0.999958 8.5321 0 1 0 0 -0.999958 0 -0.00918986 122.2
-0.0155015 0 0.99988 9.02905 0 1 0 0 -0.99988 0 -0.0155015 122.164
-0.0180274 0 0.999837 9.53587 0 1 0 0 -0.999837 0 -0.0180274 122.13
-0.0178166 0 0.999841 10.0761 0 1 0 0 -0.999841 0 -0.0178166 122.128
-0.0160728 0 0.999871 10.6118 0 1 0 0 -0.999871 0 -0.0160728 122.113
-0.01479 0 0.999891 11.1656 0 1 0 0 -0.999891 0 -0.01479 122.13
-0.0142889 0 0.999898 11.6924 0 1 0 0 -0.999898 0 -0.0142889 122.138
-0.0123191 0 0.999924 12.3057 0 1 0 0 -0.999924 0 -0.0123191 122.127
-0.0110928 0 0.999938 12.917 0 1 0 0 -0.999938 0 -0.0110928 122.112
-0.0116021 0 0.999933 13.516 0 1 0 0 -0.999933 0 -0.0116021 122.141
-0.00980305 0 0.999952 14.145 0 1 0 0 -0.999952 0 -0.00980305 122.114
-0.0112344 0 0.999937 14.7918 0 1 0 0 -0.999937 0 -0.0112344 122.12
-0.0116356 0 0.999932 15.4674 0 1 0 0 -0.999932 0 -0.0116356 122.089
-0.0132899 0 0.999912 16.156 0 1 0 0 -0.999912 0 -0.0132899 122.109
-0.0142285 0 0.999899 16.8572 0 1 0 0 -0.999899 0 -0.0142285 122.085
-0.0159006 0 0.999874 17.5437 0 1 0 0 -0.999874 0 -0.0159006 122.087
-0.0176341 0 0.999845 18.2908 0 1 0 0 -0.999845 0 -0.0176341 122.08
-0.0184847 0 0.999829 19.0713 0 1 0 0 -0.999829 0 -0.0184847 122.065
-0.0200427 0 0.999799 19.8324 0 1 0 0 -0.999799 0 -0.0200427 122.044
-0.0201552 0 0.999797 20.5944 0 1 0 0 -0.999797 0 -0.0201552 122.024
-0.0232609 0 0.999729 21.3762 0 1 0 0 -0.999729 0 -0.0232609 122.052
-0.0236134 0 0.999721 22.1824 0 1 0 0 -0.999721 0 -0.0236134 122.02
-0.0246868 0 0.999695 23.0065 0 1 0 0 -0.999695 0 -0.0246868 122.015
-0.0241862 0 0.999707 23.7273 0 1 0 0 -0.999707 0 -0.0241862 121.993
-0.0243071 0 0.999705 24.6004 0 1 0 0 -0.999705 0 -0.0243071 121.985
-0.0237566 0 0.999718 25.3665 0 1 0 0 -0.999718 0 -0.0237566 121.977
-0.0223645 0 0.99975 26.158 0 1 0 0 -0.99975 0 -0.0223645 121.95
-0.0221018 0 0.999756 26.9733 0 1 0 0 -0.999756 0 -0.0221018 121.946
-0.0222387 0 0.999753 27.8221 0 1 0 0 -0.999753 0 -0.0222387 121.947
-0.0194993 0 0.99981 28.6898 0 1 0 0 -0.99981 0 -0.0194993 121.906
-0.0194191 0 0.999811 29.4907 0 1 0 0 -0.999811 0 -0.0194191 121.902
-0.0196119 0 0.999808 30.3527 0 1 0 0 -0.999808 0 -0.0196119 121.886
-0.0193075 0 0.999814 31.2191 0 1 0 0 -0.999814 0 -0.0193075 121.864
-0.0230877 0 0.999733 32.1206 0 1 0 0 -0.999733 0 -0.0230877 121.878
-0.0250212 0 0.999687 33.0001 0 1 0 0 -0.999687 0 -0.0250212 121.848
-0.0261324 0 0.999658 33.8722 0 1 0 0 -0.999658 0 -0.0261324 121.809
-0.0283648 0 0.999598 34.8011 0 1 0 0 -0.999598 0 -0.0283648 121.778
-0.0308115 0 0.999525 35.7186 0 1 0 0 -0.999525 0 -0.0308115 121.753
-0.0327472 0 0.999464 36.6272 0 1 0 0 -0.999464 0 -0.0327472 121.725
-0.0344315 0 0.999407 37.5477 0 1 0 0 -0.999407 0 -0.0344315 121.682
-0.0358392 0 0.999358 38.4847 0 1 0 0 -0.999358 0 -0.0358392 121.644
-0.0372503 0 0.999306 39.4312 0 1 0 0 -0.999306 0 -0.0372503 121.611
-0.0386446 0 0.999253 40.366 0 1 0 0 -0.999253 0 -0.0386446 121.574
-0.0399537 0 0.999202 41.3066 0 1 0 0 -0.999202 0 -0.0399537 121.536
-0.0409302 0 0.999162 42.2532 0 1 0 0 -0.999162 0 -0.0409302 121.491
-0.0424068 0 0.9991 43.0499 0 1 0 0 -0.9991 0 -0.0424068 121.469
-0.0434363 0 0.999056 44.0748 0 1 0 0 -0.999056 0 -0.0434363 121.436
-0.044102 0 0.999027 45.0277 0 1 0 0 -0.999027 0 -0.044102 121.398
-0.0482051 0 0.998837 45.9524 0 1 0 0 -0.998837 0 -0.0482051 121.442
-0.0457628 0 0.998952 46.8429 0 1 0 0 -0.998952 0 -0.0457628 121.31
-0.0459231 0 0.998945 47.7844 0 1 0 0 -0.998945 0 -0.0459231 121.305
-0.0456293 0 0.998958 48.7883 0 1 0 0 -0.998958 0 -0.0456293 121.247
-0.0461638 0 0.998934 49.7041 0 1 0 0 -0.998934 0 -0.0461638 121.225
-0.0472475 0 0.998883 50.3927 0 1 0 0 -0.998883 0 -0.0472475 121.195
-0.0469892 0 0.998895 51.4037 0 1 0 0 -0.998895 0 -0.0469892 121.171
-0.0480965 0 0.998843 52.3571 0 1 0 0 -0.998843 0 -0.0480965 121.163
-0.0446198 0 0.999004 53.2214 0 1 0 0 -0.999004 0 -0.0446198 121.042
-0.0479893 0 0.998848 54.0589 0 1 0 0 -0.998848 0 -0.0479893 121.07
-0.0532593 0 0.998581 54.8877 0 1 0 0 -0.998581 0 -0.0532593 121.081
-0.0578147 0 0.998327 55.8483 0 1 0 0 -0.998327 0 -0.0578147 121.009
-0.0628692 0 0.998022 56.7034 0 1 0 0 -0.998022 0 -0.0628692 120.914
-0.0698789 0 0.997555 57.5266 0 1 0 0 -0.997555 0 -0.0698789 120.843
-0.0775331 0 0.99699 58.3635 0 1 0 0 -0.99699 0 -0.0775331 120.771
-0.0835839 0 0.996501 59.2328 0 1 0 0 -0.996501 0 -0.0835839 120.686
-0.0890308 0 0.996029 60.0818 0 1 0 0 -0.996029 0 -0.0890308 120.59
-0.0937841 0 0.995593 60.8753 0 1 0 0 -0.995593 0 -0.0937841 120.507
-0.098014 0 0.995185 61.6874 0 1 0 0 -0.995185 0 -0.098014 120.427
-0.100178 0 0.99497 62.5091 0 1 0 0 -0.99497 0 -0.100178 120.331
-0.102126 0 0.994771 63.3431 0 1 0 0 -0.994771 0 -0.102126 120.24
-0.103663 0 0.994612 64.1361 0 1 0 0 -0.994612 0 -0.103663 120.159
-0.105485 0 0.994421 64.939 0 1 0 0 -0.994421 0 -0.105485 120.081
-0.105702 0 0.994398 65.7713 0 1 0 0 -0.994398 0 -0.105702 119.987
-0.106324 0 0.994332 66.6027 0 1 0 0 -0.994332 0 -0.106324 119.896
-0.106474 0 0.994315 67.4171 0 1 0 0 -0.994315 0 -0.106474 119.783
-0.107485 0 0.994207 68.2308 0 1 0 0 -0.994207 0 -0.107485 119.705
-0.10898 0 0.994044 69.0554 0 1 0 0 -0.994044 0 -0.10898 119.643
-0.108343 0 0.994114 69.8732 0 1 0 0 -0.994114 0 -0.108343 119.549
-0.108092 0 0.994141 70.7255 0 1 0 0 -0.994141 0 -0.108092 119.452
-0.109098 0 0.994031 71.4201 0 1 0 0 -0.994031 0 -0.109098 119.379
-0.11093 0 0.993828 72.324 0 1 0 0 -0.993828 0 -0.11093 119.29
-0.107808 0 0.994172 73.1484 0 1 0 0 -0.994172 0 -0.107808 119.036
-0.117482 0 0.993075 74.0084 0 1 0 0 -0.993075 0 -0.117482 119.174
-0.116367 0 0.993206 74.8628 0 1 0 0 -0.993206 0 -0.116367 118.976
-0.119026 0 0.992891 75.7093 0 1 0 0 -0.992891 0 -0.119026 118.875
-0.119673 0 0.992813 76.6145 0 1 0 0 -0.992813 0 -0.119673 118.747
-0.122492 0 0.99247 77.4985 0 1 0 0 -0.99247 0 -0.122492 118.686
-0.121603 0 0.992579 78.22 0 1 0 0 -0.992579 0 -0.121603 118.562
-0.120272 0 0.992741 79.0951 0 1 0 0 -0.992741 0 -0.120272 118.331
-0.123388 0 0.992358 80.0274 0 1 0 0 -0.992358 0 -0.123388 118.324
-0.125225 0 0.992128 80.9158 0 1 0 0 -0.992128 0 -0.125225 118.218
-0.125687 0 0.99207 81.7275 0 1 0 0 -0.99207 0 -0.125687 118.093
-0.127404 0 0.991851 82.5772 0 1 0 0 -0.991851 0 -0.127404 117.973
-0.129975 0 0.991517 83.5065 0 1 0 0 -0.991517 0 -0.129975 117.865
-0.138327 0 0.990387 84.3592 0 1 0 0 -0.990387 0 -0.138327 117.936
-0.13454 0 0.990908 85.2244 0 1 0 0 -0.990908 0 -0.13454 117.668
-0.134973 0 0.990849 86.0999 0 1 0 0 -0.990849 0 -0.134973 117.545
-0.13696 0 0.990577 87.012 0 1 0 0 -0.990577 0 -0.13696 117.442
-0.137463 0 0.990507 87.9264 0 1 0 0 -0.990507 0 -0.137463 117.334
-0.13622 0 0.990679 88.8135 0 1 0 0 -0.990679 0 -0.13622 117.193
-0.136239 0 0.990676 89.7272 0 1 0 0 -0.990676 0 -0.136239 117.051
-0.136448 0 0.990647 90.6484 0 1 0 0 -0.990647 0 -0.136448 116.955
-0.134349 0 0.990934 91.5815 0 1 0 0 -0.990934 0 -0.134349 116.84
-0.132914 0 0.991128 92.5088 0 1 0 0 -0.991128 0 -0.132914 116.723
-0.131146 0 0.991363 93.444 0 1 0 0 -0.991363 0 -0.131146 116.617
-0.130131 0 0.991497 94.4122 0 1 0 0 -0.991497 0 -0.130131 116.508
-0.128174 0 0.991752 95.3872 0 1 0 0 -0.991752 0 -0.128174 116.387
-0.126809 0 0.991927 96.3638 0 1 0 0 -0.991927 0 -0.126809 116.283
-0.124799 0 0.992182 97.3331 0 1 0 0 -0.992182 0 -0.124799 116.147
-0.123394 0 0.992358 98.3252 0 1 0 0 -0.992358 0 -0.123394 116.049
-0.122964 0 0.992411 99.3215 0 1 0 0 -0.992411 0 -0.122964 115.921
-0.122082 0 0.99252 100.3 0 1 0 0 -0.99252 0 -0.122082 115.826
-0.121227 0 0.992625 101.26 0 1 0 0 -0.992625 0 -0.121227 115.726
-0.120808 0 0.992676 102.262 0 1 0 0 -0.992676 0 -0.120808 115.599
-0.121239 0 0.992623 103.264 0 1 0 0 -0.992623 0 -0.121239 115.497
-0.118711 0 0.992929 104.21 0 1 0 0 -0.992929 0 -0.118711 115.361
-0.118127 0 0.992999 105.198 0 1 0 0 -0.992999 0 -0.118127 115.252
-0.118293 0 0.992979 106.184 0 1 0 0 -0.992979 0 -0.118293 115.16
-0.117485 0 0.993075 107.201 0 1 0 0 -0.993075 0 -0.117485 115.049
-0.11646 0 0.993195 108.199 0 1 0 0 -0.993195 0 -0.11646 114.94
-0.116998 0 0.993132 109.21 0 1 0 0 -0.993132 0 -0.116998 114.844
-0.117821 0 0.993035 110.212 0 1 0 0 -0.993035 0 -0.117821 114.733
-0.119488 0 0.992836 111.234 0 1 0 0 -0.992836 0 -0.119488 114.619
-0.119069 0 0.992886 112.281 0 1 0 0 -0.992886 0 -0.119069 114.468
-0.119806 0 0.992797 113.307 0 1 0 0 -0.992797 0 -0.119806 114.374
-0.120227 0 0.992746 114.248 0 1 0 0 -0.992746 0 -0.120227 114.252
-0.115394 0 0.99332 115.303 0 1 0 0 -0.99332 0 -0.115394 114.086
-0.120573 0 0.992704 116.382 0 1 0 0 -0.992704 0 -0.120573 113.995
-0.121332 0 0.992612 117.453 0 1 0 0 -0.992612 0 -0.121332 113.882
-0.121581 0 0.992581 118.456 0 1 0 0 -0.992581 0 -0.121581 113.767
-0.124742 0 0.992189 119.452 0 1 0 0 -0.992189 0 -0.124742 113.653
-0.127927 0 0.991784 120.535 0 1 0 0 -0.991784 0 -0.127927 113.513
-0.130541 0 0.991443 121.561 0 1 0 0 -0.991443 0 -0.130541 113.356
-0.133557 0 0.991041 122.534 0 1 0 0 -0.991041 0 -0.133557 113.217
-0.138532 0 0.990358 123.557 0 1 0 0 -0.990358 0 -0.138532 113.111
-0.140667 0 0.990057 124.562 0 1 0 0 -0.990057 0 -0.140667 112.928
-0.141806 0 0.989894 125.545 0 1 0 0 -0.989894 0 -0.141806 112.745
-0.1457 0 0.989329 126.58 0 1 0 0 -0.989329 0 -0.1457 112.667
-0.147814 0 0.989015 127.596 0 1 0 0 -0.989015 0 -0.147814 112.524
-0.149483 0 0.988764 128.597 0 1 0 0 -0.988764 0 -0.149483 112.336
-0.153035 0 0.988221 129.589 0 1 0 0 -0.988221 0 -0.153035 112.199
-0.156236 0 0.98772 130.6 0 1 0 0 -0.98772 0 -0.156236 112.018
-0.158726 0 0.987323 131.594 0 1 0 0 -0.987323 0 -0.158726 111.87
-0.162272 0 0.986746 132.619 0 1 0 0 -0.986746 0 -0.162272 111.799
-0.163679 0 0.986514 133.589 0 1 0 0 -0.986514 0 -0.163679 111.561
-0.166265 0 0.986081 134.573 0 1 0 0 -0.986081 0 -0.166265 111.401
-0.167976 0 0.985791 135.539 0 1 0 0 -0.985791 0 -0.167976 111.206
-0.169987 0 0.985446 136.495 0 1 0 0 -0.985446 0 -0.169987 111.026
-0.173307 0 0.984868 137.454 0 1 0 0 -0.984868 0 -0.173307 110.87
-0.175755 0 0.984434 138.381 0 1 0 0 -0.984434 0 -0.175755 110.695
-0.179935 0 0.983678 139.281 0 1 0 0 -0.983678 0 -0.179935 110.523
-0.185761 0 0.982595 140.161 0 1 0 0 -0.982595 0 -0.185761 110.349
-0.192176 0 0.98136 141.042 0 1 0 0 -0.98136 0 -0.192176 110.164
-0.199589 0 0.97988 141.919 0 1 0 0 -0.97988 0 -0.199589 109.932
-0.210437 0 0.977607 142.793 0 1 0 0 -0.977607 0 -0.210437 109.74
-0.222998 0 0.974819 143.629 0 1 0 0 -0.974819 0 -0.222998 109.543
-0.234893 0 0.972021 144.501 0 1 0 0 -0.972021 0 -0.234893 109.269
-0.24691 0 0.969038 145.247 0 1 0 0 -0.969038 0 -0.24691 109.042
-0.258093 0 0.96612 146.08 0 1 0 0 -0.96612 0 -0.258093 108.755
-0.268555 0 0.963264 146.903 0 1 0 0 -0.963264 0 -0.268555 108.502
-0.277774 0 0.960647 147.676 0 1 0 0 -0.960647 0 -0.277774 108.234
-0.28542 0 0.958403 148.454 0 1 0 0 -0.958403 0 -0.28542 107.955
-0.292424 0 0.956289 149.212 0 1 0 0 -0.956289 0 -0.292424 107.717
-0.296649 0 0.954987 150.006 0 1 0 0 -0.954987 0 -0.296649 107.425
-0.299153 0 0.954205 150.79 0 1 0 0 -0.954205 0 -0.299153 107.151
-0.29945 0 0.954112 151.527 0 1 0 0 -0.954112 0 -0.29945 106.883
-0.30064 0 0.953738 152.305 0 1 0 0 -0.953738 0 -0.30064 106.648
-0.299827 0 0.953994 153.077 0 1 0 0 -0.953994 0 -0.299827 106.397
-0.29986 0 0.953983 153.864 0 1 0 0 -0.953983 0 -0.29986 106.166
-0.299061 0 0.954234 154.622 0 1 0 0 -0.954234 0 -0.299061 105.915
-0.298736 0 0.954336 155.378 0 1 0 0 -0.954336 0 -0.298736 105.767
-0.292607 0 0.956233 156.13 0 1 0 0 -0.956233 0 -0.292607 105.445
-0.295676 0 0.955288 156.899 0 1 0 0 -0.955288 0 -0.295676 105.265
-0.29138 0 0.956607 157.656 0 1 0 0 -0.956607 0 -0.29138 105.013
-0.287998 0 0.957631 158.423 0 1 0 0 -0.957631 0 -0.287998 104.876
-0.281797 0 0.959474 159.173 0 1 0 0 -0.959474 0 -0.281797 104.628
-0.276748 0 0.960943 159.925 0 1 0 0 -0.960943 0 -0.276748 104.433
-0.271977 0 0.962304 160.676 0 1 0 0 -0.962304 0 -0.271977 104.258
-0.268144 0 0.963379 161.459 0 1 0 0 -0.963379 0 -0.268144 104.074
-0.26448 0 0.964391 162.193 0 1 0 0 -0.964391 0 -0.26448 103.88
-0.261643 0 0.965165 162.964 0 1 0 0 -0.965165 0 -0.261643 103.676
-0.257099 0 0.966385 163.77 0 1 0 0 -0.966385 0 -0.257099 103.487
-0.254132 0 0.96717 164.544 0 1 0 0 -0.96717 0 -0.254132 103.304
-0.250856 0 0.968024 165.3 0 1 0 0 -0.968024 0 -0.250856 103.112
-0.247131 0 0.968982 166.027 0 1 0 0 -0.968982 0 -0.247131 102.951
-0.240508 0 0.970647 166.812 0 1 0 0 -0.970647 0 -0.240508 102.765
-0.233068 0 0.97246 167.481 0 1 0 0 -0.97246 0 -0.233068 102.423
-0.226279 0 0.974062 168.269 0 1 0 0 -0.974062 0 -0.226279 102.434
-0.214881 0 0.97664 168.995 0 1 0 0 -0.97664 0 -0.214881 102.291
-0.202709 0 0.979239 169.708 0 1 0 0 -0.979239 0 -0.202709 102.161
-0.189233 0 0.981932 170.415 0 1 0 0 -0.981932 0 -0.189233 102.049
-0.174672 0 0.984627 171.111 0 1 0 0 -0.984627 0 -0.174672 102.002
-0.155747 0 0.987797 171.815 0 1 0 0 -0.987797 0 -0.155747 101.935
-0.135097 0 0.990832 172.503 0 1 0 0 -0.990832 0 -0.135097 101.906
-0.112815 0 0.993616 173.183 0 1 0 0 -0.993616 0 -0.112815 101.904
-0.0910675 0 0.995845 173.868 0 1 0 0 -0.995845 0 -0.0910675 101.934
-0.0697207 0 0.997567 174.531 0 1 0 0 -0.997567 0 -0.0697207 101.966
-0.0499591 0 0.998751 175.197 0 1 0 0 -0.998751 0 -0.0499591 102.006
-0.0348536 0 0.999392 175.769 0 1 0 0 -0.999392 0 -0.0348536 102.048
-0.0252253 0 0.999682 176.464 0 1 0 0 -0.999682 0 -0.0252253 102.103
-0.0215779 0 0.999767 177.097 0 1 0 0 -0.999767 0 -0.0215779 102.117
-0.0283664 0 0.999598 177.725 0 1 0 0 -0.999598 0 -0.0283664 102.13
-0.0388887 0 0.999244 178.349 0 1 0 0 -0.999244 0 -0.0388887 102.062
-0.0541456 0 0.998533 179.021 0 1 0 0 -0.998533 0 -0.0541456 102.038
-0.0659507 0 0.997823 179.58 0 1 0 0 -0.997823 0 -0.0659507 101.824
-0.0759678 0 0.99711 180.183 0 1 0 0 -0.99711 0 -0.0759678 101.745
-0.0916231 0 0.995794 180.825 0 1 0 0 -0.995794 0 -0.0916231 101.732
-0.10733 0 0.994223 181.438 0 1 0 0 -0.994223 0 -0.10733 101.599
-0.125052 0 0.99215 182.063 0 1 0 0 -0.99215 0 -0.125052 101.485
-0.139576 0 0.990211 182.659 0 1 0 0 -0.990211 0 -0.139576 101.342
-0.155009 0 0.987913 183.277 0 1 0 0 -0.987913 0 -0.155009 101.241
-0.168597 0 0.985685 183.89 0 1 0 0 -0.985685 0 -0.168597 101.08
-0.182119 0 0.983277 184.49 0 1 0 0 -0.983277 0 -0.182119 100.927
-0.194495 0 0.980904 185.095 0 1 0 0 -0.980904 0 -0.194495 100.778
-0.205254 0 0.978709 185.623 0 1 0 0 -0.978709 0 -0.205254 100.606
-0.215001 0 0.976614 186.244 0 1 0 0 -0.976614 0 -0.215001 100.438
-0.222039 0 0.975038 186.841 0 1 0 0 -0.975038 0 -0.222039 100.261
-0.226704 0 0.973964 187.416 0 1 0 0 -0.973964 0 -0.226704 100.104
-0.22983 0 0.973231 187.985 0 1 0 0 -0.973231 0 -0.22983 99.9652
-0.231655 0 0.972798 188.566 0 1 0 0 -0.972798 0 -0.231655 99.8278
-0.231434 0 0.972851 189.187 0 1 0 0 -0.972851 0 -0.231434 99.6943
-0.233446 0 0.97237 189.738 0 1 0 0 -0.97237 0 -0.233446 99.5295
-0.235841 0 0.971792 190.27 0 1 0 0 -0.971792 0 -0.235841 99.375
-0.23897 0 0.971027 190.837 0 1 0 0 -0.971027 0 -0.23897 99.25
-0.242826 0 0.97007 191.417 0 1 0 0 -0.97007 0 -0.242826 99.0968
-0.248326 0 0.968676 191.982 0 1 0 0 -0.968676 0 -0.248326 98.9471
-0.253394 0 0.967363 192.519 0 1 0 0 -0.967363 0 -0.253394 98.7931
-0.259334 0 0.965788 193.062 0 1 0 0 -0.965788 0 -0.259334 98.6503
-0.264787 0 0.964307 193.629 0 1 0 0 -0.964307 0 -0.264787 98.4714
-0.270113 0 0.962829 194.179 0 1 0 0 -0.962829 0 -0.270113 98.3008
-0.276549 0 0.961 194.725 0 1 0 0 -0.961 0 -0.276549 98.1508
-0.281729 0 0.959494 195.277 0 1 0 0 -0.959494 0 -0.281729 97.9795
-0.286401 0 0.95811 195.828 0 1 0 0 -0.95811 0 -0.286401 97.7701
-0.291823 0 0.956472 196.387 0 1 0 0 -0.956472 0 -0.291823 97.6095
-0.295315 0 0.9554 196.922 0 1 0 0 -0.9554 0 -0.295315 97.4223
-0.298359 0 0.954454 197.471 0 1 0 0 -0.954454 0 -0.298359 97.227
-0.302912 0 0.953018 198.017 0 1 0 0 -0.953018 0 -0.302912 97.0929
-0.303709 0 0.952765 198.57 0 1 0 0 -0.952765 0 -0.303709 96.8671
-0.305797 0 0.952097 199.052 0 1 0 0 -0.952097 0 -0.305797 96.7047
-0.306735 0 0.951795 199.627 0 1 0 0 -0.951795 0 -0.306735 96.5108
-0.306362 0 0.951915 200.21 0 1 0 0 -0.951915 0 -0.306362 96.3431
-0.306314 0 0.95193 200.772 0 1 0 0 -0.95193 0 -0.306314 96.1681
-0.307122 0 0.95167 201.289 0 1 0 0 -0.95167 0 -0.307122 96.04
-0.303324 0 0.952888 201.861 0 1 0 0 -0.952888 0 -0.303324 95.8463
-0.30247 0 0.953159 202.467 0 1 0 0 -0.953159 0 -0.30247 95.696
-0.295567 0 0.955322 202.933 0 1 0 0 -0.955322 0 -0.295567 95.4456
-0.297033 0 0.954867 203.531 0 1 0 0 -0.954867 0 -0.297033 95.3645
-0.291538 0 0.956559 204.093 0 1 0 0 -0.956559 0 -0.291538 95.1692
-0.287574 0 0.957758 204.69 0 1 0 0 -0.957758 0 -0.287574 95.0008
-0.283662 0 0.958924 205.231 0 1 0 0 -0.958924 0 -0.283662 94.8412
-0.280085 0 0.959975 205.775 0 1 0 0 -0.959975 0 -0.280085 94.7121
-0.276078 0 0.961135 206.349 0 1 0 0 -0.961135 0 -0.276078 94.5788
-0.269036 0 0.96313 206.905 0 1 0 0 -0.96313 0 -0.269036 94.4044
-0.261011 0 0.965336 207.445 0 1 0 0 -0.965336 0 -0.261011 94.257
-0.253344 0 0.967376 207.965 0 1 0 0 -0.967376 0 -0.253344 94.168
-0.242542 0 0.970141 208.513 0 1 0 0 -0.970141 0 -0.242542 94.0602
-0.22961 0 0.973283 209.06 0 1 0 0 -0.973283 0 -0.22961 93.9848
-0.213784 0 0.976881 209.587 0 1 0 0 -0.976881 0 -0.213784 93.9083
-0.195609 0 0.980682 210.097 0 1 0 0 -0.980682 0 -0.195609 93.8821
-0.172988 0 0.984924 210.609 0 1 0 0 -0.984924 0 -0.172988 93.8482
-0.14629 0 0.989242 211.123 0 1 0 0 -0.989242 0 -0.14629 93.8148
-0.118926 0 0.992903 211.626 0 1 0 0 -0.992903 0 -0.118926 93.8127
-0.0873886 0 0.996174 212.107 0 1 0 0 -0.996174 0 -0.0873886 93.8727
-0.0513025 0 0.998683 212.588 0 1 0 0 -0.998683 0 -0.0513025 93.8762
-0.0239343 0 0.999714 213.057 0 1 0 0 -0.999714 0 -0.0239343 94.0103
0.008306 0 0.999966 213.53 0 1 0 0 -0.999966 0 0.008306 94.0763
0.0403323 0 0.999186 213.98 0 1 0 0 -0.999186 0 0.0403323 94.1769
0.0712641 0 0.997457 214.418 0 1 0 0 -0.997457 0 0.0712641 94.2949
0.10374 0 0.994604 214.865 0 1 0 0 -0.994604 0 0.10374 94.4242
0.140364 0 0.9901 215.324 0 1 0 0 -0.9901 0 0.140364 94.5492
0.1764 0 0.984318 215.747 0 1 0 0 -0.984318 0 0.1764 94.7133
0.212933 0 0.977067 216.168 0 1 0 0 -0.977067 0 0.212933 94.9046
0.25146 0 0.967868 216.63 0 1 0 0 -0.967868 0 0.25146 95.139
0.29248 0 0.956272 217.118 0 1 0 0 -0.956272 0 0.29248 95.4134
0.343354 0 0.939206 217.571 0 1 0 0 -0.939206 0 0.343354 95.5681
0.379409 0 0.925229 217.911 0 1 0 0 -0.925229 0 0.379409 95.96
0.423667 0 0.905818 218.347 0 1 0 0 -0.905818 0 0.423667 96.3081
0.468675 0 0.883371 218.804 0 1 0 0 -0.883371 0 0.468675 96.5751
0.511888 0 0.859052 219.194 0 1 0 0 -0.859052 0 0.511888 97.0129
0.552276 0 0.833662 219.563 0 1 0 0 -0.833662 0 0.552276 97.4446
0.592461 0 0.805599 219.924 0 1 0 0 -0.805599 0 0.592461 97.887
0.632443 0 0.774607 220.356 0 1 0 0 -0.774607 0 0.632443 98.2769
0.66908 0 0.743191 220.683 0 1 0 0 -0.743191 0 0.66908 98.7349
0.711302 0 0.702887 221.073 0 1 0 0 -0.702887 0 0.711302 99.1981
0.742427 0 0.669927 221.315 0 1 0 0 -0.669927 0 0.742427 99.7472
0.769529 0 0.638612 221.54 0 1 0 0 -0.638612 0 0.769529 100.306
0.796099 0 0.605167 221.75 0 1 0 0 -0.605167 0 0.796099 100.827
0.822028 0 0.569448 222.042 0 1 0 0 -0.569448 0 0.822028 101.362
0.841349 0 0.540492 222.192 0 1 0 0 -0.540492 0 0.841349 101.973
0.859365 0 0.511363 222.442 0 1 0 0 -0.511363 0 0.859365 102.52
0.874532 0 0.484968 222.639 0 1 0 0 -0.484968 0 0.874532 103.081
0.886841 0 0.462074 222.837 0 1 0 0 -0.462074 0 0.886841 103.671
0.896825 0 0.442386 223.061 0 1 0 0 -0.442386 0 0.896825 104.277
0.905358 0 0.424648 223.277 0 1 0 0 -0.424648 0 0.905358 104.879
0.912871 0 0.408247 223.493 0 1 0 0 -0.408247 0 0.912871 105.483
0.919947 0 0.392043 223.714 0 1 0 0 -0.392043 0 0.919947 106.123
0.926764 0 0.375644 223.931 0 1 0 0 -0.375644 0 0.926764 106.773
0.933273 0 0.359167 224.118 0 1 0 0 -0.359167 0 0.933273 107.439
0.939252 0 0.343228 224.316 0 1 0 0 -0.343228 0 0.939252 108.116
0.943954 0 0.330077 224.497 0 1 0 0 -0.330077 0 0.943954 108.819
0.946922 0 0.321463 224.683 0 1 0 0 -0.321463 0 0.946922 109.538
0.94832 0 0.317316 224.885 0 1 0 0 -0.317316 0 0.94832 110.242
0.948619 0 0.31642 225.099 0 1 0 0 -0.31642 0 0.948619 110.961
0.949287 0 0.314412 225.358 0 1 0 0 -0.314412 0 0.949287 111.693
0.949315 0 0.314326 225.616 0 1 0 0 -0.314326 0 0.949315 112.486
0.948719 0 0.316121 225.833 0 1 0 0 -0.316121 0 0.948719 113.257
0.948788 0 0.315914 226.087 0 1 0 0 -0.315914 0 0.948788 114.027
0.948386 0 0.317117 226.334 0 1 0 0 -0.317117 0 0.948386 114.837
0.948564 0 0.316585 226.631 0 1 0 0 -0.316585 0 0.948564 115.644
0.948393 0 0.317097 226.932 0 1 0 0 -0.317097 0 0.948393 116.461
0.948003 0 0.318261 227.206 0 1 0 0 -0.318261 0 0.948003 117.291
0.947705 0 0.319146 227.482 0 1 0 0 -0.319146 0 0.947705 118.149
0.948005 0 0.318255 227.819 0 1 0 0 -0.318255 0 0.948005 118.972
0.947959 0 0.318391 228.1 0 1 0 0 -0.318391 0 0.947959 119.851
0.947964 0 0.318377 228.393 0 1 0 0 -0.318377 0 0.947964 120.729
0.947874 0 0.318646 228.688 0 1 0 0 -0.318646 0 0.947874 121.606
0.947756 0 0.318995 228.984 0 1 0 0 -0.318995 0 0.947756 122.516
0.947744 0 0.319031 229.298 0 1 0 0 -0.319031 0 0.947744 123.417
0.948542 0 0.316652 229.633 0 1 0 0 -0.316652 0 0.948542 124.313
0.947291 0 0.320375 229.844 0 1 0 0 -0.320375 0 0.947291 125.279
0.948077 0 0.318042 230.176 0 1 0 0 -0.318042 0 0.948077 126.233
0.947058 0 0.321062 230.392 0 1 0 0 -0.321062 0 0.947058 127.205
0.948119 0 0.317916 230.749 0 1 0 0 -0.317916 0 0.948119 128.139
0.94795 0 0.318419 231.031 0 1 0 0 -0.318419 0 0.94795 129.136
0.948792 0 0.315902 231.383 0 1 0 0 -0.315902 0 0.948792 130.125
0.948365 0 0.317182 231.634 0 1 0 0 -0.317182 0 0.948365 131.105
0.950439 0 0.310912 232.076 0 1 0 0 -0.310912 0 0.950439 132.044
0.951279 0 0.308331 232.4 0 1 0 0 -0.308331 0 0.951279 133.063
0.951717 0 0.306977 232.549 0 1 0 0 -0.306977 0 0.951717 134.094
0.952822 0 0.303531 232.982 0 1 0 0 -0.303531 0 0.952822 134.886
0.952913 0 0.303245 233.241 0 1 0 0 -0.303245 0 0.952913 135.962
0.953608 0 0.30105 233.55 0 1 0 0 -0.30105 0 0.953608 136.993
0.954244 0 0.299029 233.849 0 1 0 0 -0.299029 0 0.954244 138.005
0.954769 0 0.297348 234.165 0 1 0 0 -0.297348 0 0.954769 138.967
0.954823 0 0.297174 234.426 0 1 0 0 -0.297174 0 0.954823 139.996
0.955943 0 0.293554 234.763 0 1 0 0 -0.293554 0 0.955943 141.068
0.95664 0 0.291274 235.056 0 1 0 0 -0.291274 0 0.95664 142.048
0.957342 0 0.288957 235.348 0 1 0 0 -0.288957 0 0.957342 143.075
0.957962 0 0.286896 235.629 0 1 0 0 -0.286896 0 0.957962 144.105
0.958775 0 0.284166 235.936 0 1 0 0 -0.284166 0 0.958775 145.181
0.959648 0 0.281203 236.237 0 1 0 0 -0.281203 0 0.959648 146.212
0.960197 0 0.279323 236.491 0 1 0 0 -0.279323 0 0.960197 147.214
0.961119 0 0.276133 236.755 0 1 0 0 -0.276133 0 0.961119 148.199
0.962357 0 0.271789 236.963 0 1 0 0 -0.271789 0 0.962357 149.042
0.963834 0 0.266504 237.247 0 1 0 0 -0.266504 0 0.963834 150.003
0.964714 0 0.2633 237.425 0 1 0 0 -0.2633 0 0.964714 150.825
0.965651 0 0.259841 237.649 0 1 0 0 -0.259841 0 0.965651 151.765
0.966534 0 0.256538 237.845 0 1 0 0 -0.256538 0 0.966534 152.624
0.966899 0 0.25516 238.057 0 1 0 0 -0.25516 0 0.966899 153.442
0.966833 0 0.255408 238.256 0 1 0 0 -0.255408 0 0.966833 154.316
0.967251 0 0.25382 238.459 0 1 0 0 -0.25382 0 0.967251 155.122
0.967844 0 0.251551 238.677 0 1 0 0 -0.251551 0 0.967844 155.916
0.967571 0 0.2526 238.839 0 1 0 0 -0.2526 0 0.967571 156.66
0.967749 0 0.251916 239.018 0 1 0 0 -0.251916 0 0.967749 157.428
0.968278 0 0.249874 239.212 0 1 0 0 -0.249874 0 0.968278 158.16
0.969003 0 0.247048 239.383 0 1 0 0 -0.247048 0 0.969003 158.861
0.969964 0 0.243249 239.528 0 1 0 0 -0.243249 0 0.969964 159.486
0.971671 0 0.236336 239.671 0 1 0 0 -0.236336 0 0.971671 160.128
0.974086 0 0.226179 239.786 0 1 0 0 -0.226179 0 0.974086 160.75
0.97723 0 0.212181 239.86 0 1 0 0 -0.212181 0 0.97723 161.251
0.980944 0 0.194291 239.913 0 1 0 0 -0.194291 0 0.980944 161.736
0.985075 0 0.172127 239.942 0 1 0 0 -0.172127 0 0.985075 162.213
0.989285 0 0.145995 239.97 0 1 0 0 -0.145995 0 0.989285 162.704
0.993207 0 0.116358 239.947 0 1 0 0 -0.116358 0 0.993207 163.115
0.996544 0 0.0830695 239.906 0 1 0 0 -0.0830695 0 0.996544 163.552
0.998897 0 0.0469485 239.841 0 1 0 0 -0.0469485 0 0.998897 163.992
0.999966 0 0.00823602 239.757 0 1 0 0 -0.00823602 0 0.999966 164.44
0.999419 0 -0.0340804 239.646 0 1 0 0 0.0340804 0 0.999419 164.864
0.996971 0 -0.077772 239.507 0 1 0 0 0.077772 0 0.996971 165.255
0.992426 0 -0.122846 239.342 0 1 0 0 0.122846 0 0.992426 165.665
0.985261 0 -0.171057 239.167 0 1 0 0 0.171057 0 0.985261 166.068
0.975333 0 -0.22074 238.968 0 1 0 0 0.22074 0 0.975333 166.453
0.96479 0 -0.263022 238.674 0 1 0 0 0.263022 0 0.96479 166.761
0.950327 0 -0.311252 238.407 0 1 0 0 0.311252 0 0.950327 167.093
0.930628 0 -0.365967 238.164 0 1 0 0 0.365967 0 0.930628 167.463
0.910061 0 -0.414475 237.903 0 1 0 0 0.414475 0 0.910061 167.815
0.884084 0 -0.467327 237.552 0 1 0 0 0.467327 0 0.884084 168.088
0.853206 0 -0.521574 237.215 0 1 0 0 0.521574 0 0.853206 168.389
0.824644 0 -0.565652 236.902 0 1 0 0 0.565652 0 0.824644 168.701
0.78757 0 -0.616225 236.582 0 1 0 0 0.616225 0 0.78757 169.017
0.750305 0 -0.661092 236.172 0 1 0 0 0.661092 0 0.750305 169.273
0.710296 0 -0.703903 235.783 0 1 0 0 0.703903 0 0.710296 169.539
0.666178 0 -0.745793 235.384 0 1 0 0 0.745793 0 0.666178 169.777
0.621666 0 -0.783282 234.919 0 1 0 0 0.783282 0 0.621666 169.998
0.576697 0 -0.816958 234.42 0 1 0 0 0.816958 0 0.576697 170.169
0.524323 0 -0.851519 233.971 0 1 0 0 0.851519 0 0.524323 170.432
0.479056 0 -0.877784 233.444 0 1 0 0 0.877784 0 0.479056 170.554
0.430164 0 -0.902751 232.863 0 1 0 0 0.902751 0 0.430164 170.609
0.382177 0 -0.924089 232.328 0 1 0 0 0.924089 0 0.382177 170.745
0.337312 0 -0.941393 231.765 0 1 0 0 0.941393 0 0.337312 170.787
0.295033 0 -0.955487 231.331 0 1 0 0 0.955487 0 0.295033 170.853
0.257581 0 -0.966257 230.684 0 1 0 0 0.966257 0 0.257581 170.882
0.222663 0 -0.974895 230.126 0 1 0 0 0.974895 0 0.222663 170.85
0.192063 0 -0.981383 229.671 0 1 0 0 0.981383 0 0.192063 170.878
0.168179 0 -0.985757 229.138 0 1 0 0 0.985757 0 0.168179 170.908
0.145869 0 -0.989304 228.632 0 1 0 0 0.989304 0 0.145869 170.895
0.126606 0 -0.991953 228.114 0 1 0 0 0.991953 0 0.126606 170.877
0.112352 0 -0.993668 227.669 0 1 0 0 0.993668 0 0.112352 170.885
0.0984023 0 -0.995147 227.249 0 1 0 0 0.995147 0 0.0984023 170.891
0.0823504 0 -0.996603 226.785 0 1 0 0 0.996603 0 0.0823504 170.905
0.065985 0 -0.997821 226.263 0 1 0 0 0.997821 0 0.065985 170.902
0.0480189 0 -0.998846 225.791 0 1 0 0 0.998846 0 0.0480189 170.901
0.0320275 0 -0.999487 225.336 0 1 0 0 0.999487 0 0.0320275 170.868
0.0174675 0 -0.999847 224.876 0 1 0 0 0.999847 0 0.0174675 170.836
0.00393756 0 -0.999992 224.384 0 1 0 0 0.999992 0 0.00393756 170.782
-0.00879687 -0 -0.999961 223.951 0 1 -0 0 0.999961 0 -0.00879687 170.776
-0.0149723 -0 -0.999888 223.433 0 1 -0 0 0.999888 0 -0.0149723 170.712
-0.0201146 -0 -0.999798 222.895 0 1 -0 0 0.999798 0 -0.0201146 170.683
-0.0228155 -0 -0.99974 222.362 0 1 -0 0 0.99974 0 -0.0228155 170.639
-0.0255257 -0 -0.999674 221.809 0 1 -0 0 0.999674 0 -0.0255257 170.62
-0.0250479 -0 -0.999686 221.275 0 1 -0 0 0.999686 0 -0.0250479 170.536
-0.0235331 -0 -0.999723 220.635 0 1 -0 0 0.999723 0 -0.0235331 170.555
-0.0169376 -0 -0.999857 220.022 0 1 -0 0 0.999857 0 -0.0169376 170.521
-0.00969304 -0 -0.999953 219.4 0 1 -0 0 0.999953 0 -0.00969304 170.535
0.00057568 0 -1 218.758 0 1 0 0 1 0 0.00057568 170.529
0.00992128 0 -0.999951 218.098 0 1 0 0 0.999951 0 0.00992128 170.576
0.0198293 0 -0.999803 217.404 0 1 0 0 0.999803 0 0.0198293 170.598
0.0299954 0 -0.99955 216.702 0 1 0 0 0.99955 0 0.0299954 170.641
0.040417 0 -0.999183 215.996 0 1 0 0 0.999183 0 0.040417 170.686
0.0507818 0 -0.99871 215.268 0 1 0 0 0.99871 0 0.0507818 170.722
0.0617555 0 -0.998091 214.503 0 1 0 0 0.998091 0 0.0617555 170.81
0.0718382 0 -0.997416 213.751 0 1 0 0 0.997416 0 0.0718382 170.891
0.0818605 0 -0.996644 212.975 0 1 0 0 0.996644 0 0.0818605 170.982
0.0902826 0 -0.995916 212.182 0 1 0 0 0.995916 0 0.0902826 171.064
0.098727 0 -0.995115 211.371 0 1 0 0 0.995115 0 0.098727 171.17
0.106437 0 -0.994319 210.549 0 1 0 0 0.994319 0 0.106437 171.28
0.112032 0 -0.993705 209.719 0 1 0 0 0.993705 0 0.112032 171.406
0.115721 0 -0.993282 208.868 0 1 0 0 0.993282 0 0.115721 171.525
0.118661 0 -0.992935 207.997 0 1 0 0 0.992935 0 0.118661 171.626
0.109886 0 -0.993944 207.107 0 1 0 0 0.993944 0 0.109886 171.678
0.119356 0 -0.992852 206.217 0 1 0 0 0.992852 0 0.119356 171.779
0.1199 0 -0.992786 205.314 0 1 0 0 0.992786 0 0.1199 171.903
0.119986 0 -0.992776 204.389 0 1 0 0 0.992776 0 0.119986 172.016
0.114413 0 -0.993433 203.627 0 1 0 0 0.993433 0 0.114413 172.163
0.119494 0 -0.992835 202.634 0 1 0 0 0.992835 0 0.119494 172.246
0.116989 0 -0.993133 201.711 0 1 0 0 0.993133 0 0.116989 172.389
0.115215 0 -0.993341 200.805 0 1 0 0 0.993341 0 0.115215 172.491
0.115659 0 -0.993289 199.885 0 1 0 0 0.993289 0 0.115659 172.565
0.114992 0 -0.993366 198.921 0 1 0 0 0.993366 0 0.114992 172.68
0.114369 0 -0.993438 197.923 0 1 0 0 0.993438 0 0.114369 172.776
0.113999 0 -0.993481 197.154 0 1 0 0 0.993481 0 0.113999 172.845
0.112909 0 -0.993605 196.234 0 1 0 0 0.993605 0 0.112909 172.951
0.111314 0 -0.993785 195.388 0 1 0 0 0.993785 0 0.111314 173.047
0.112375 0 -0.993666 194.548 0 1 0 0 0.993666 0 0.112375 173.116
0.111242 0 -0.993793 193.573 0 1 0 0 0.993793 0 0.111242 173.225
0.110996 0 -0.993821 192.677 0 1 0 0 0.993821 0 0.110996 173.338
0.113189 0 -0.993573 191.735 0 1 0 0 0.993573 0 0.113189 173.4
0.114303 0 -0.993446 190.811 0 1 0 0 0.993446 0 0.114303 173.52
