1 -8.22789e-007 -0.00085052 -0.0332714 -8.22789e-007 0.999998 -0.00193479 -0.0106501 0.00085052 0.00193479 0.999998 0.665833
0.99999 -8.02502e-006 -0.00448179 -0.0572275 -8.02502e-006 0.999994 -0.00358114 -0.011952 0.00448179 0.00358114 0.999984 1.32848
0.999968 -1.44594e-005 -0.00797551 -0.0719505 -1.44594e-005 0.999993 -0.00362588 -0.0435435 0.00797551 0.00362588 0.999962 2.00814
0.999963 -1.70953e-005 -0.00862239 -0.152931 -1.70953e-005 0.999992 -0.00396524 -0.0518723 0.00862239 0.00396524 0.999955 2.6849
0.99986 -3.48606e-005 -0.0167087 -0.103647 -3.48606e-005 0.999991 -0.00417243 -0.0635818 0.0167087 0.00417243 0.999852 3.51312
0.999821 -5.18284e-005 -0.0188951 -0.150326 -5.18284e-005 0.999985 -0.00548539 -0.0698774 0.0188951 0.00548539 0.999806 4.25435
0.999705 -7.19212e-005 -0.0242915 -0.169026 -7.19212e-005 0.999982 -0.00592058 -0.0813491 0.0242915 0.00592058 0.999687 5.05875
0.999584 -6.00674e-005 -0.0288533 -0.186341 -6.00674e-005 0.999991 -0.00416276 -0.0896753 0.0288533 0.00416276 0.999575 5.75647
0.999427 -3.8855e-005 -0.0338602 -0.196414 -3.8855e-005 0.999997 -0.00229437 -0.0874222 0.0338602 0.00229437 0.999424 6.51673
0.999328 8.15498e-006 -0.0366473 -0.239817 8.15498e-006 1 0.000444902 -0.0964983 0.0366473 -0.000444902 0.999328 7.28994
0.999236 -5.33836e-006 -0.0390949 -0.274803 -5.33836e-006 1 -0.000272993 -0.0998351 0.0390949 0.000272993 0.999235 8.06223
0.999191 -6.87017e-006 -0.0402159 -0.330359 -6.87017e-006 1 -0.000341526 -0.10806 0.0402159 0.000341526 0.999191 8.88144
0.999029 -2.34831e-005 -0.0440613 -0.331471 -2.34831e-005 0.999999 -0.00106541 -0.114044 0.0440613 0.00106541 0.999028 9.64959
0.998955 4.84392e-006 -0.0456988 -0.370699 4.84392e-006 1 0.000211883 -0.127786 0.0456988 -0.000211883 0.998955 10.4809
0.998817 -1.51839e-006 -0.048624 -0.410816 -1.51839e-006 1 -6.24175e-005 -0.130658 0.048624 6.24175e-005 0.998817 11.3236
0.998812 -4.22271e-005 -0.0487356 -0.439922 -4.22271e-005 0.999998 -0.00173188 -0.148524 0.0487356 0.00173188 0.99881 12.1181
0.998806 -0.000109191 -0.0488549 -0.515978 -0.000109191 0.99999 -0.00446732 -0.151253 0.0488549 0.00446732 0.998796 12.8991
0.99874 -0.000147647 -0.0501893 -0.551445 -0.000147647 0.999983 -0.00587986 -0.160274 0.0501893 0.00587986 0.998722 13.708
0.998639 -0.000139925 -0.0521497 -0.588166 -0.000139925 0.999986 -0.0053626 -0.169159 0.0521497 0.0053626 0.998625 14.5306
0.99855 -0.000110215 -0.0538406 -0.601295 -0.000110215 0.999992 -0.00409112 -0.186332 0.0538406 0.00409112 0.998541 15.2868
0.998453 -6.14472e-005 -0.0555955 -0.642264 -6.14472e-005 0.999998 -0.0022088 -0.200086 0.0555955 0.0022088 0.998451 16.1072
0.998441 -6.53646e-005 -0.055825 -0.694848 -6.53646e-005 0.999997 -0.00233994 -0.214753 0.055825 0.00233994 0.998438 16.9565
0.99831 -8.04629e-005 -0.0581092 -0.732094 -8.04629e-005 0.999996 -0.00276702 -0.228973 0.0581092 0.00276702 0.998306 17.7935
0.998293 -0.000115178 -0.058407 -0.777751 -0.000115178 0.999992 -0.00394059 -0.242981 0.058407 0.00394059 0.998285 18.5596
0.998174 -5.70023e-005 -0.0604094 -0.785574 -5.70023e-005 0.999998 -0.00188548 -0.259775 0.0604094 0.00188548 0.998172 19.3783
0.998218 3.99627e-005 -0.0596676 -0.869482 3.99627e-005 0.999999 0.00133832 -0.260756 0.0596676 -0.00133832 0.998217 20.2533
0.998194 0.000166477 -0.060069 -0.886431 0.000166477 0.999985 0.00553782 -0.282506 0.060069 -0.00553782 0.998179 21.0733
0.998336 0.000238952 -0.0576692 -0.924711 0.000238952 0.999966 0.00827995 -0.287733 0.0576692 -0.00827995 0.998301 21.9494
0.998366 0.000258283 -0.0571484 -0.976268 0.000258283 0.999959 0.00903145 -0.286154 0.0571484 -0.00903145 0.998325 22.9017
0.998389 0.000177588 -0.0567356 -0.991029 0.000177588 0.99998 0.00625507 -0.297151 0.0567356 -0.00625507 0.99837 23.7515
0.998542 4.27739e-005 -0.0539736 -1.08938 4.27739e-005 0.999999 0.00158384 -0.297532 0.0539736 -0.00158384 0.998541 24.727
0.998636 -4.59073e-005 -0.0522128 -1.15506 -4.59073e-005 0.999998 -0.00175727 -0.29853 0.0522128 0.00175727 0.998634 25.6915
0.998667 -1.69432e-005 -0.0516133 -1.1999 -1.69432e-005 1 -0.000656107 -0.315494 0.0516133 0.000656107 0.998667 26.6537
0.998649 0.000105636 -0.0519577 -1.2531 0.000105636 0.999992 0.00406349 -0.316155 0.0519577 -0.00406349 0.998641 27.5925
0.998622 0.000190814 -0.0524761 -1.29917 0.000190814 0.999974 0.00726733 -0.328363 0.0524761 -0.00726733 0.998596 28.5133
0.998549 0.0001666 -0.0538551 -1.34892 0.0001666 0.999981 0.00618241 -0.330262 0.0538551 -0.00618241 0.99853 29.4643
0.998467 6.09325e-005 -0.0553567 -1.39725 6.09325e-005 0.999998 0.00219976 -0.334974 0.0553567 -0.00219976 0.998464 30.3865
0.998395 -3.8597e-005 -0.0566382 -1.457 -3.8597e-005 0.999999 -0.00136184 -0.34612 0.0566382 0.00136184 0.998394 31.3286
0.998248 -6.75589e-005 -0.0591723 -1.50132 -6.75589e-005 0.999997 -0.00228146 -0.355693 0.0591723 0.00228146 0.998245 32.2007
0.998246 -2.3014e-005 -0.059196 -1.58021 -2.3014e-005 1 -0.000776869 -0.36314 0.059196 0.000776869 0.998246 33.0693
0.998224 6.68139e-005 -0.0595805 -1.64145 6.68139e-005 0.999997 0.00224082 -0.377029 0.0595805 -0.00224082 0.998221 33.9619
0.998125 9.50385e-005 -0.0612029 -1.71034 9.50385e-005 0.999995 0.00310277 -0.3692 0.0612029 -0.00310277 0.998121 34.9081
0.998123 0.000184152 -0.0612481 -1.7839 0.000184152 0.999982 0.00600761 -0.385921 0.0612481 -0.00600761 0.998104 35.8358
0.998123 0.000273201 -0.0612383 -1.84536 0.000273201 0.99996 0.008914 -0.38694 0.0612383 -0.008914 0.998083 36.7713
0.998093 0.000356498 -0.061734 -1.92147 0.000356498 0.999933 0.0115381 -0.391321 0.061734 -0.0115381 0.998026 37.7511
0.99818 0.000341983 -0.0603075 -2.00487 0.000341983 0.999936 0.0113306 -0.398704 0.0603075 -0.0113306 0.998116 38.7034
0.998064 0.000285001 -0.0621938 -2.03729 0.000285001 0.999958 0.00915587 -0.403958 0.0621938 -0.00915587 0.998022 39.8345
0.998025 0.000221374 -0.0628216 -2.09478 0.000221374 0.999975 0.00704067 -0.407168 0.0628216 -0.00704067 0.998 40.8663
0.997879 0.000222495 -0.0650928 -2.16242 0.000222495 0.999977 0.00682892 -0.410115 0.0650928 -0.00682892 0.997856 41.9048
0.997756 0.000262312 -0.0669562 -2.21075 0.000262312 0.999969 0.00782643 -0.417473 0.0669562 -0.00782643 0.997725 42.8914
0.997596 0.000304576 -0.0692963 -2.2674 0.000304576 0.999961 0.0087798 -0.421805 0.0692963 -0.0087798 0.997557 43.8716
0.997604 0.000184061 -0.0691844 -2.35593 0.000184061 0.999986 0.00531449 -0.424302 0.0691844 -0.00531449 0.99759 44.8572
0.997539 4.14832e-005 -0.0701139 -2.42929 4.14832e-005 0.999999 0.00118185 -0.428958 0.0701139 -0.00118185 0.997538 45.8118
0.99753 9.05199e-006 -0.0702433 -2.50978 9.05199e-006 1 0.000257414 -0.439982 0.0702433 -0.000257414 0.99753 46.7977
0.997463 0.000131162 -0.0711888 -2.55785 0.000131162 0.999993 0.00368022 -0.453656 0.0711888 -0.00368022 0.997456 47.6622
0.997465 0.000226599 -0.0711546 -2.62729 0.000226599 0.99998 0.00636105 -0.455048 0.0711546 -0.00636105 0.997445 48.5348
0.997406 0.00025757 -0.0719841 -2.67402 0.00025757 0.999974 0.00714692 -0.474254 0.0719841 -0.00714692 0.99738 49.4665
0.99746 0.000210245 -0.0712275 -2.75497 0.000210245 0.999983 0.00589592 -0.486212 0.0712275 -0.00589592 0.997443 50.3625
0.997483 0.000158586 -0.0709058 -2.82149 0.000158586 0.99999 0.00446749 -0.502196 0.0709058 -0.00446749 0.997473 51.2815
0.997417 0.000183793 -0.0718225 -2.8818 0.000183793 0.999987 0.00511133 -0.504169 0.0718225 -0.00511133 0.997404 52.1657
0.997431 0.00033509 -0.0716273 -2.94448 0.00033509 0.999956 0.00934428 -0.527673 0.0716273 -0.00934428 0.997388 53.0414
0.997378 0.000512578 -0.0723651 -3.00745 0.000512578 0.9999 0.0141472 -0.532603 0.0723651 -0.0141472 0.997278 53.9442
0.997257 0.000597242 -0.0740102 -3.06431 0.000597242 0.99987 0.0161162 -0.534294 0.0740102 -0.0161162 0.997127 54.9108
0.997165 0.000464431 -0.0752386 -3.14797 0.000464431 0.999924 0.0123276 -0.535564 0.0752386 -0.0123276 0.997089 55.8773
0.997072 0.000189914 -0.0764689 -3.23115 0.000189914 0.999988 0.00495979 -0.545431 0.0764689 -0.00495979 0.99706 56.8468
0.997029 1.01911e-005 -0.0770292 -3.3164 1.01911e-005 1 0.00026421 -0.550713 0.0770292 -0.00026421 0.997029 57.7726
0.996907 5.36853e-005 -0.0785937 -3.3794 5.36853e-005 0.999999 0.00136403 -0.558935 0.0785937 -0.00136403 0.996906 58.6381
0.996891 0.000161587 -0.0787936 -3.48707 0.000161587 0.999992 0.00409515 -0.571829 0.0787936 -0.00409515 0.996883 59.5429
0.996778 0.000221796 -0.0802128 -3.54347 0.000221796 0.999985 0.00552125 -0.585046 0.0802128 -0.00552125 0.996762 60.405
0.996671 0.000232142 -0.0815277 -3.62234 0.000232142 0.999984 0.00568528 -0.593801 0.0815277 -0.00568528 0.996655 61.2295
0.996597 0.000268828 -0.082423 -3.73124 0.000268828 0.999979 0.00651198 -0.600329 0.082423 -0.00651198 0.996576 62.1135
0.996411 0.000289655 -0.084648 -3.78643 0.000289655 0.999977 0.00683138 -0.606199 0.084648 -0.00683138 0.996388 62.9327
0.996348 0.000319004 -0.085379 -3.88197 0.000319004 0.999972 0.00745892 -0.618752 0.085379 -0.00745892 0.996321 63.8096
0.996242 0.00037536 -0.0866147 -3.94475 0.00037536 0.999963 0.00865091 -0.630187 0.0866147 -0.00865091 0.996204 64.6069
0.996028 0.000502928 -0.0890419 -4.01226 0.000502928 0.999936 0.0112736 -0.632646 0.0890419 -0.0112736 0.995964 65.4174
0.99609 0.000699016 -0.0883385 -4.10778 0.000699016 0.999875 0.0157939 -0.642137 0.0883385 -0.0157939 0.995965 66.2411
0.995831 0.000780475 -0.0912162 -4.18855 0.000780475 0.999854 0.0170757 -0.629928 0.0912162 -0.0170757 0.995685 67.0626
0.995961 0.000594024 -0.089788 -4.31601 0.000594024 0.999913 0.0132044 -0.632902 0.089788 -0.0132044 0.995873 67.8876
0.995555 0.000307151 -0.0941851 -4.33074 0.000307151 0.999979 0.0065077 -0.6553 0.0941851 -0.0065077 0.995533 68.588
0.995702 3.21284e-006 -0.0926197 -4.46228 3.21284e-006 1 6.92279e-005 -0.646738 0.0926197 -6.92279e-005 0.995702 69.3325
0.994652 -0.000145316 -0.103284 -4.34373 -0.000145316 0.999996 -0.0028064 -0.624668 0.103284 0.0028064 0.994648 69.9971
0.995554 0.000131432 -0.0941899 -4.60008 0.000131432 0.999996 0.00278458 -0.661698 0.0941899 -0.00278458 0.99555 70.6844
0.995279 0.000274626 -0.0970572 -4.63665 0.000274626 0.999984 0.00564564 -0.6892 0.0970572 -0.00564564 0.995263 71.3523
0.995534 2.93951e-005 -0.0944056 -4.78742 2.93951e-005 1 0.000621349 -0.671295 0.0944056 -0.000621349 0.995534 72.0542
0.995456 -0.000451761 -0.0952242 -4.81243 -0.000451761 0.999955 -0.0094666 -0.692708 0.0952242 0.0094666 0.995411 72.6828
0.995456 -0.000451761 -0.0952242 -4.83743 -0.000451761 0.999955 -0.0094666 -0.714121 0.0952242 0.0094666 0.995411 73.3114
0.995807 -0.000459038 -0.0914806 -4.91519 -0.000459038 0.99995 -0.0100145 -0.715217 0.0914806 0.0100145 0.995757 73.9272
0.995987 -0.000291204 -0.0894946 -4.93374 -0.000291204 0.999979 -0.00649463 -0.730776 0.0894946 0.00649463 0.995966 74.4457
0.996564 -0.000160548 -0.0828284 -5.00153 -0.000160548 0.999992 -0.00386996 -0.730273 0.0828284 0.00386996 0.996556 74.8657
0.997018 2.08471e-006 -0.0771664 -5.03877 2.08471e-006 1 5.39509e-005 -0.742096 0.0771664 -5.39509e-005 0.997018 75.3779
0.997556 0.000118056 -0.0698729 -5.04562 0.000118056 0.999994 0.00337501 -0.757638 0.0698729 -0.00337501 0.99755 75.9136
0.998318 9.65248e-005 -0.0579683 -5.09179 9.65248e-005 0.999994 0.00332745 -0.756728 0.0579683 -0.00332745 0.998313 76.2755
0.999042 6.92851e-005 -0.0437626 -5.10376 6.92851e-005 0.999995 0.00316488 -0.76409 0.0437626 -0.00316488 0.999037 76.8242
0.99969 4.88199e-005 -0.0249024 -5.12296 4.88199e-005 0.999992 0.00392028 -0.766094 0.0249024 -0.00392028 0.999682 77.2843
0.999995 7.74852e-006 -0.00330507 -5.10606 7.74852e-006 0.999989 0.00468883 -0.770703 0.00330507 -0.00468883 0.999984 77.7676
0.999746 -7.02389e-005 0.0225487 -5.06908 -7.02389e-005 0.999981 0.00622912 -0.78198 -0.0225487 -0.00622912 0.999726 78.231
0.998626 -0.000210979 0.052403 -5.035 -0.000210979 0.999968 0.00804652 -0.784805 -0.052403 -0.00804652 0.998594 78.7001
0.996473 -0.000427083 0.0839164 -4.95231 -0.000427083 0.999948 0.0101606 -0.797094 -0.0839164 -0.0101606 0.996421 79.1722
0.992474 -0.000654873 0.122458 -4.89048 -0.000654873 0.999943 0.010655 -0.79504 -0.122458 -0.010655 0.992417 79.629
0.986375 -0.000914346 0.164513 -4.79285 -0.000914346 0.999939 0.0110397 -0.799328 -0.164513 -0.0110397 0.986313 80.0949
0.9776 -0.00118259 0.210468 -4.69449 -0.00118259 0.999938 0.0111115 -0.802194 -0.210468 -0.0111115 0.977538 80.5149
0.966079 -0.00125569 0.258243 -4.52817 -0.00125569 0.999954 0.00955972 -0.810169 -0.258243 -0.00955972 0.966033 80.9471
0.950415 -0.00103994 0.310982 -4.36199 -0.00103994 0.999978 0.0065222 -0.808522 -0.310982 -0.0065222 0.950394 81.3588
0.930229 -0.0010587 0.366978 -4.17405 -0.0010587 0.999984 0.00556847 -0.816747 -0.366978 -0.00556847 0.930213 81.7461
0.906116 -0.000883928 0.423028 -3.95239 -0.000883928 0.999992 0.00398286 -0.811153 -0.423028 -0.00398286 0.906108 82.1074
0.87704 -0.000852538 0.480416 -3.71422 -0.000852538 0.999994 0.00333095 -0.815318 -0.480416 -0.00333095 0.877034 82.4501
0.843653 -0.000943152 0.536888 -3.45872 -0.000943152 0.999994 0.00323874 -0.816181 -0.536888 -0.00323874 0.843648 82.7643
0.806686 -0.00109256 0.590979 -3.18978 -0.00109256 0.999994 0.00334007 -0.826952 -0.590979 -0.00334007 0.80668 83.0578
0.767223 -0.00165011 0.641378 -2.89698 -0.00165011 0.999988 0.00454662 -0.825754 -0.641378 -0.00454662 0.767211 83.3287
0.724752 -0.00222214 0.689007 -2.58364 -0.00222214 0.999982 0.00556251 -0.825524 -0.689007 -0.00556251 0.724734 83.59
0.679773 -0.00285834 0.733417 -2.27515 -0.00285834 0.999974 0.00654646 -0.831701 -0.733417 -0.00654646 0.679747 83.8121
0.633147 -0.00373642 0.774023 -1.93681 -0.00373642 0.999962 0.00788346 -0.834266 -0.774023 -0.00788346 0.633109 84.0302
0.587542 -0.0060344 0.809171 -1.58536 -0.0060344 0.999912 0.0118384 -0.841391 -0.809171 -0.0118384 0.587454 84.2045
0.54136 -0.00566805 0.840772 -1.2329 -0.00566805 0.99993 0.0103906 -0.847671 -0.840772 -0.0103906 0.541289 84.3789
0.494231 -0.00394491 0.869321 -0.859858 -0.00394491 0.999969 0.00678056 -0.851744 -0.869321 -0.00678056 0.494201 84.5526
0.448714 -0.00290914 0.893671 -0.458477 -0.00290914 0.999985 0.00471591 -0.854934 -0.893671 -0.00471591 0.448698 84.7172
0.407064 -0.00774507 0.913367 -0.0980316 -0.00774507 0.999899 0.0119306 -0.858566 -0.913367 -0.0119306 0.406963 84.8163
0.368141 -0.017731 0.929601 0.289126 -0.017731 0.999502 0.0260862 -0.852184 -0.929601 -0.0260862 0.367643 84.9126
0.333829 -0.0223547 0.942368 0.689797 -0.0223547 0.99925 0.031623 -0.860637 -0.942368 -0.031623 0.333079 84.9891
0.299487 -0.018516 0.953921 1.11134 -0.018516 0.999511 0.025214 -0.841652 -0.953921 -0.025214 0.298997 85.1247
0.26835 -0.0102845 0.963267 1.52398 -0.0102845 0.999855 0.0135402 -0.839817 -0.963267 -0.0135402 0.268206 85.2369
0.240118 -0.00611549 0.970724 1.96178 -0.00611549 0.999951 0.00781234 -0.845554 -0.970724 -0.00781234 0.240069 85.3378
0.214803 -0.00655684 0.976635 2.38507 -0.00655684 0.999945 0.00815545 -0.853201 -0.976635 -0.00815545 0.214748 85.4031
0.191297 -0.01147 0.981465 2.78782 -0.01147 0.999837 0.0139203 -0.858824 -0.981465 -0.0139203 0.191134 85.457
0.171666 -0.0163813 0.985019 3.18948 -0.0163813 0.999676 0.01948 -0.845172 -0.985019 -0.01948 0.171342 85.4979
0.152268 -0.0175299 0.988184 3.62224 -0.0175299 0.999638 0.0204342 -0.830078 -0.988184 -0.0204342 0.151905 85.5475
0.134671 -0.0154183 0.99077 4.0267 -0.0154183 0.999725 0.0176534 -0.823324 -0.99077 -0.0176534 0.134396 85.599
0.119145 -0.0140347 0.992778 4.4356 -0.0140347 0.999776 0.015818 -0.824012 -0.992778 -0.015818 0.118921 85.6451
0.104551 -0.0140686 0.99442 4.86311 -0.0140686 0.999779 0.0156236 -0.820075 -0.99442 -0.0156236 0.10433 85.6832
0.0914062 -0.0165006 0.995677 5.30958 -0.0165006 0.9997 0.018082 -0.818762 -0.995677 -0.018082 0.0911065 85.7115
0.0797186 -0.019724 0.996622 5.77871 -0.019724 0.999577 0.0213602 -0.816208 -0.996622 -0.0213602 0.0792959 85.7426
0.0697227 -0.0223481 0.997316 6.24372 -0.0223481 0.999463 0.0239585 -0.811921 -0.997316 -0.0239585 0.0691858 85.7648
0.0615397 -0.0240702 0.997814 6.73664 -0.0240702 0.999383 0.0255926 -0.804835 -0.997814 -0.0255926 0.0609223 85.7947
0.0552412 -0.0259799 0.998135 7.2633 -0.0259799 0.999286 0.0274477 -0.794288 -0.998135 -0.0274477 0.0545268 85.8233
0.0494266 -0.0254692 0.998453 7.78103 -0.0254692 0.999318 0.0267521 -0.78443 -0.998453 -0.0267521 0.0487442 85.8547
0.0441767 -0.0268154 0.998664 8.33235 -0.0268154 0.999248 0.0280173 -0.770807 -0.998664 -0.0280173 0.0434244 85.8712
0.0381554 -0.026311 0.998925 8.85285 -0.026311 0.99928 0.0273253 -0.771955 -0.998925 -0.0273253 0.0374357 85.9136
0.0363245 -0.029435 0.998906 9.47966 -0.029435 0.999101 0.0305111 -0.749847 -0.998906 -0.0305111 0.0354255 85.9146
0.0328602 -0.0293226 0.99903 10.0612 -0.0293226 0.999111 0.0302894 -0.742557 -0.99903 -0.0302894 0.0319711 85.939
0.0307095 -0.0362717 0.99887 10.6874 -0.0362717 0.998643 0.0373786 -0.724197 -0.99887 -0.0373786 0.0293522 85.9425
0.0311178 -0.0374535 0.998814 11.3096 -0.0374535 0.998552 0.0386105 -0.706892 -0.998814 -0.0386105 0.02967 85.9553
0.0319687 -0.040246 0.998678 11.9514 -0.040246 0.998327 0.0415202 -0.687245 -0.998678 -0.0415202 0.0302954 85.9717
0.0343416 -0.040785 0.998578 12.623 -0.040785 0.998277 0.0421753 -0.657837 -0.998578 -0.0421753 0.032619 85.9983
0.0382652 -0.0435582 0.998318 13.2372 -0.0435582 0.998027 0.0452151 -0.655516 -0.998318 -0.0452151 0.0362924 86.0329
0.0440053 -0.0447816 0.998027 13.92 -0.0447816 0.997902 0.0467505 -0.619719 -0.998027 -0.0467505 0.0419076 86.0333
0.0470362 -0.0445572 0.997899 14.5961 -0.0445572 0.997917 0.0466582 -0.592716 -0.997899 -0.0466582 0.0449529 86.0825
0.0507131 -0.0448186 0.997707 15.2872 -0.0448186 0.997884 0.0471047 -0.561486 -0.997707 -0.0471047 0.0485971 86.1179
0.0550375 -0.0431891 0.99755 15.9597 -0.0431891 0.998026 0.0455926 -0.510453 -0.99755 -0.0455926 0.0530635 86.1519
0.0588467 -0.0421669 0.997376 16.6968 -0.0421669 0.998111 0.0446859 -0.4867 -0.997376 -0.0446859 0.0569575 86.1999
0.0626698 -0.0388704 0.997277 17.4251 -0.0388704 0.998388 0.0413563 -0.456303 -0.997277 -0.0413563 0.0610579 86.2594
0.0667599 -0.0369028 0.997086 18.214 -0.0369028 0.998541 0.0394274 -0.43823 -0.997086 -0.0394274 0.0653006 86.3023
0.0669045 -0.0304639 0.997294 18.9502 -0.0304639 0.999005 0.0325599 -0.408953 -0.997294 -0.0325599 0.06591 86.3778
0.067552 -0.0286201 0.997305 19.7177 -0.0286201 0.999122 0.0306108 -0.388343 -0.997305 -0.0306108 0.0666735 86.4211
0.0666723 -0.0275129 0.997396 20.483 -0.0275129 0.999189 0.0294015 -0.379815 -0.997396 -0.0294015 0.0658612 86.4796
0.0678395 -0.0242142 0.997402 21.339 -0.0242142 0.999371 0.0259089 -0.349422 -0.997402 -0.0259089 0.0672105 86.5302
0.0668894 -0.0255885 0.997432 22.1384 -0.0255885 0.999298 0.0273524 -0.347943 -0.997432 -0.0273524 0.0661877 86.5945
0.0678132 -0.0240414 0.997408 22.9721 -0.0240414 0.99938 0.0257235 -0.323796 -0.997408 -0.0257235 0.0671932 86.6584
0.0672434 -0.0221975 0.99749 23.8258 -0.0221975 0.999472 0.023738 -0.320995 -0.99749 -0.023738 0.0667152 86.7337
0.0677617 -0.0175299 0.997548 24.6442 -0.0175299 0.99967 0.018758 -0.319456 -0.997548 -0.018758 0.0674321 86.7888
0.0659047 -0.0143451 0.997723 25.4769 -0.0143451 0.99978 0.0153223 -0.315437 -0.997723 -0.0153223 0.0656844 86.866
0.0637889 -0.0133642 0.997874 26.3641 -0.0133642 0.999809 0.0142444 -0.310526 -0.997874 -0.0142444 0.0635981 86.9295
0.0581937 -0.00945461 0.998261 27.174 -0.00945461 0.999905 0.0100213 -0.308803 -0.998261 -0.0100213 0.0580987 86.993
0.0530352 -0.00678536 0.99857 28.0302 -0.00678536 0.999951 0.00715513 -0.306538 -0.99857 -0.00715513 0.0529866 87.059
0.0467964 -0.00367693 0.998898 28.8493 -0.00367693 0.999986 0.00385319 -0.320531 -0.998898 -0.00385319 0.0467822 87.0921
0.0390065 -0.0040391 0.999231 29.7105 -0.0040391 0.999983 0.00419982 -0.321708 -0.999231 -0.00419982 0.0389895 87.1382
0.0309047 -0.002849 0.999518 30.5392 -0.002849 0.999992 0.00293844 -0.347055 -0.999518 -0.00293844 0.0308963 87.1466
0.0201963 -0.00271808 0.999792 31.4004 -0.00271808 0.999992 0.00277353 -0.344738 -0.999792 -0.00277353 0.0201887 87.1857
0.0102282 -0.00410025 0.999939 32.2478 -0.00410025 0.999983 0.00414237 -0.358222 -0.999939 -0.00414237 0.0102112 87.1849
-0.00107629 -0.00235845 0.999997 33.1235 -0.00235845 0.999994 0.00235591 -0.364401 -0.999997 -0.00235591 -0.00108184 87.1997
-0.0118917 -0.00407896 0.999921 34.0129 -0.00407896 0.999984 0.00403071 -0.3784 -0.999921 -0.00403071 -0.0119081 87.1834
-0.0235593 -0.00317605 0.999717 34.9499 -0.00317605 0.99999 0.00310207 -0.380536 -0.999717 -0.00310207 -0.0235691 87.1747
-0.0344194 -0.00362993 0.999401 35.7612 -0.00362993 0.999987 0.00350704 -0.392022 -0.999401 -0.00350704 -0.0344321 87.1454
-0.0449768 -0.0028024 0.998984 36.6008 -0.0028024 0.999992 0.00267906 -0.404119 -0.998984 -0.00267906 -0.0449843 87.1033
-0.0553153 -0.00335347 0.998463 37.4412 -0.00335347 0.999989 0.00317281 -0.418933 -0.998463 -0.00317281 -0.055326 87.0545
-0.0649833 -0.00477597 0.997875 38.2363 -0.00477597 0.999979 0.00447502 -0.412522 -0.997875 -0.00447502 -0.0650047 87.0041
-0.0741688 -0.00446565 0.997236 39.041 -0.00446565 0.999981 0.00414582 -0.43708 -0.997236 -0.00414582 -0.0741874 86.9305
-0.0839036 -0.00617666 0.996455 39.8332 -0.00617666 0.999965 0.00567833 -0.432459 -0.996455 -0.00567833 -0.0839388 86.8712
-0.0925541 -0.00673036 0.995685 40.5937 -0.00673036 0.999959 0.00613363 -0.439688 -0.995685 -0.00613363 -0.0925955 86.8033
-0.0998155 -0.0081112 0.994973 41.5023 -0.0081112 0.99994 0.00733798 -0.453725 -0.994973 -0.00733798 -0.0998753 86.6984
-0.105685 -0.00991866 0.99435 42.2229 -0.00991866 0.999911 0.00891992 -0.459974 -0.99435 -0.00891992 -0.105774 86.634
-0.108435 -0.0139161 0.994006 43.0218 -0.0139161 0.999825 0.0124795 -0.478329 -0.994006 -0.0124795 -0.10861 86.516
-0.111357 -0.0141041 0.99368 43.7629 -0.0141041 0.999821 0.0126107 -0.482952 -0.99368 -0.0126107 -0.111536 86.4323
-0.112245 -0.0175991 0.993525 44.5288 -0.0175991 0.999722 0.0157205 -0.492775 -0.993525 -0.0157205 -0.112523 86.3378
-0.114343 -0.016231 0.993309 45.2555 -0.016231 0.999764 0.0144681 -0.497044 -0.993309 -0.0144681 -0.11458 86.2646
-0.110244 -0.0184412 0.993734 45.9987 -0.0184412 0.999694 0.016506 -0.520329 -0.993734 -0.016506 -0.11055 86.1308
-0.107078 -0.0204089 0.994041 46.7283 -0.0204089 0.999624 0.018325 -0.51599 -0.994041 -0.018325 -0.107455 86.0477
-0.100347 -0.0222438 0.994704 47.3854 -0.0222438 0.99955 0.0201082 -0.523173 -0.994704 -0.0201082 -0.100796 85.9622
-0.0926462 -0.0216063 0.995465 48.0931 -0.0216063 0.999573 0.0196846 -0.519358 -0.995465 -0.0196846 -0.0930735 85.9085
-0.081099 -0.0210571 0.996484 48.7605 -0.0210571 0.99959 0.019409 -0.516903 -0.996484 -0.019409 -0.0815091 85.8592
-0.0679943 -0.0193476 0.997498 49.3957 -0.0193476 0.99965 0.0180705 -0.52676 -0.997498 -0.0180705 -0.0683448 85.842
-0.0505083 -0.018851 0.998546 50.0027 -0.018851 0.999662 0.0179185 -0.526968 -0.998546 -0.0179185 -0.0508466 85.8228
-0.0293976 -0.0163602 0.999434 50.5904 -0.0163602 0.99974 0.015884 -0.538304 -0.999434 -0.015884 -0.0296576 85.8237
-0.00415686 -0.0151699 0.999876 51.1802 -0.0151699 0.999771 0.0151052 -0.536827 -0.999876 -0.0151052 -0.00438603 85.8291
0.0235564 -0.0127696 0.999641 51.7489 -0.0127696 0.999833 0.0130729 -0.535961 -0.999641 -0.0130729 0.0233894 85.8722
0.0568378 -0.0121104 0.99831 52.301 -0.0121104 0.999844 0.0128185 -0.538115 -0.99831 -0.0128185 0.0566823 85.9225
0.0942201 -0.0125338 0.995472 52.8386 -0.0125338 0.999827 0.0137749 -0.535149 -0.995472 -0.0137749 0.0940467 86.0026
0.136077 -0.0112861 0.990634 53.3648 -0.0112861 0.999853 0.0129414 -0.533308 -0.990634 -0.0129414 0.13593 86.1044
0.181145 -0.00847434 0.98342 53.9053 -0.00847434 0.999912 0.0101774 -0.529388 -0.98342 -0.0101774 0.181057 86.2404
0.228316 -0.00554625 0.973571 54.4231 -0.00554625 0.99996 0.00699726 -0.530904 -0.973571 -0.00699726 0.228276 86.4103
0.279869 -0.00354328 0.960032 54.9388 -0.00354328 0.999983 0.00472367 -0.526295 -0.960032 -0.00472367 0.279852 86.5985
0.334585 -0.0050919 0.942352 55.4018 -0.0050919 0.999961 0.00721108 -0.522358 -0.942352 -0.00721108 0.334546 86.7854
0.395442 -0.00307671 0.918486 55.8898 -0.00307671 0.999984 0.00467434 -0.524596 -0.918486 -0.00467434 0.395426 87.0048
0.511655 -0.00392899 0.859182 56.3627 -0.00392899 0.999968 0.00691257 -0.531983 -0.859182 -0.00691257 0.511624 87.3293
0.511655 -0.00392899 0.859182 56.8356 -0.00392899 0.999968 0.00691257 -0.53937 -0.859182 -0.00691257 0.511624 87.6538
0.568117 -0.000728424 0.822948 57.257 -0.000728424 0.999999 0.001388 -0.533645 -0.822948 -0.001388 0.568116 88.0279
0.622158 -0.000418445 0.782892 57.569 -0.000418445 1 0.000867021 -0.527642 -0.782892 -0.000867021 0.622157 88.3819
0.676155 -0.00119828 0.736759 57.8978 -0.00119828 0.999996 0.00272613 -0.532276 -0.736759 -0.00272613 0.67615 88.6865
0.724593 -0.00147732 0.689175 58.1757 -0.00147732 0.999992 0.00369684 -0.533283 -0.689175 -0.00369684 0.724586 89.0545
0.769014 -0.00278989 0.639226 58.4204 -0.00278989 0.999966 0.0077207 -0.537883 -0.639226 -0.0077207 0.768981 89.4255
0.809881 -0.00391585 0.586581 58.6462 -0.00391585 0.999919 0.0120817 -0.528796 -0.586581 -0.0120817 0.8098 89.8278
0.846849 -0.00523944 0.531808 58.8638 -0.00523944 0.999821 0.0181936 -0.532323 -0.531808 -0.0181936 0.84667 90.2232
0.877898 -0.00551557 0.478816 59.0634 -0.00551557 0.999751 0.021629 -0.517874 -0.478816 -0.021629 0.877649 90.6837
0.903673 -0.00630046 0.428176 59.2081 -0.00630046 0.999588 0.0280058 -0.535032 -0.428176 -0.0280058 0.903261 91.0475
0.923807 -0.00545484 0.382819 59.3542 -0.00545484 0.999609 0.027407 -0.523809 -0.382819 -0.027407 0.923417 91.5201
0.939441 -0.00497308 0.342675 59.4747 -0.00497308 0.999592 0.0281403 -0.528815 -0.342675 -0.0281403 0.939032 91.918
0.951286 -0.00380426 0.308287 59.5861 -0.00380426 0.999703 0.0240751 -0.512525 -0.308287 -0.0240751 0.950989 92.4097
0.960757 -0.00332706 0.277372 59.6969 -0.00332706 0.999718 0.0235157 -0.50628 -0.277372 -0.0235157 0.960475 92.8653
0.966865 -0.00319888 0.255268 59.8172 -0.00319888 0.999691 0.0246439 -0.498799 -0.255268 -0.0246439 0.966556 93.3612
0.970801 -0.00311528 0.239868 59.9282 -0.00311528 0.999668 0.0255914 -0.499095 -0.239868 -0.0255914 0.970468 93.8571
0.973794 -0.00274458 0.227416 60.026 -0.00274458 0.999713 0.0238173 -0.482567 -0.227416 -0.0238173 0.973506 94.365
0.975944 -0.00248771 0.218009 60.1277 -0.00248771 0.999743 0.0225446 -0.471782 -0.218009 -0.0225446 0.975686 94.873
0.977341 -0.00209463 0.211663 60.2271 -0.00209463 0.999806 0.019566 -0.457859 -0.211663 -0.019566 0.977147 95.3865
0.977862 -0.00160369 0.209246 60.3207 -0.00160369 0.999884 0.0151578 -0.458947 -0.209246 -0.0151578 0.977746 95.9114
0.97797 -0.0013061 0.208741 60.4282 -0.0013061 0.999923 0.0123757 -0.458559 -0.208741 -0.0123757 0.977893 96.4545
0.977459 -0.00100662 0.211125 60.5447 -0.00100662 0.999955 0.00942813 -0.461494 -0.211125 -0.00942813 0.977414 96.9963
0.976669 -0.00041716 0.214752 60.6742 -0.00041716 0.999993 0.0038397 -0.453818 -0.214752 -0.0038397 0.976661 97.5302
0.975632 5.58411e-005 0.219413 60.796 5.58411e-005 1 -0.000502803 -0.448421 -0.219413 0.000502803 0.975632 98.0592
0.975101 8.4271e-005 0.221762 60.9261 8.4271e-005 1 -0.000750552 -0.455049 -0.221762 0.000750552 0.975101 98.5777
0.973361 -0.000250361 0.229278 61.0041 -0.000250361 0.999998 0.00215482 -0.456695 -0.229278 -0.00215482 0.973359 99.0124
0.972433 -0.000859658 0.233179 61.1443 -0.000859658 0.999973 0.00727163 -0.45758 -0.233179 -0.00727163 0.972407 99.5745
0.971457 -0.00166196 0.237212 61.2772 -0.00166196 0.999903 0.0138118 -0.461403 -0.237212 -0.0138118 0.97136 100.135
0.970549 -0.00229731 0.240893 61.405 -0.00229731 0.999821 0.0187907 -0.459865 -0.240893 -0.0187907 0.97037 100.67
0.969826 -0.00259402 0.243784 61.5648 -0.00259402 0.999777 0.0209579 -0.460521 -0.243784 -0.0209579 0.969603 101.329
0.969461 -0.00232767 0.245233 61.7254 -0.00232767 0.999823 0.0186918 -0.44956 -0.245233 -0.0186918 0.969284 101.968
0.96972 -0.00156213 0.244213 61.8917 -0.00156213 0.999919 0.012599 -0.450411 -0.244213 -0.012599 0.96964 102.612
0.970018 -0.0007591 0.243034 62.0722 -0.0007591 0.999981 0.00615317 -0.441354 -0.243034 -0.00615317 0.969998 103.316
0.970524 -0.000192093 0.241006 62.2186 -0.000192093 0.999999 0.0015706 -0.436685 -0.241006 -0.0015706 0.970522 103.969
0.971212 -0.00074843 0.238217 62.3841 -0.00074843 0.999981 0.0061931 -0.434307 -0.238217 -0.0061931 0.971192 104.641
0.971573 -0.00163665 0.236736 62.5357 -0.00163665 0.999906 0.0136296 -0.426937 -0.236736 -0.0136296 0.971478 105.242
0.972222 -0.00223351 0.234052 62.6956 -0.00223351 0.99982 0.0188188 -0.43054 -0.234052 -0.0188188 0.972042 105.954
0.972838 -0.00210971 0.231478 62.8703 -0.00210971 0.999836 0.017979 -0.429862 -0.231478 -0.017979 0.972674 106.665
0.973226 -0.00137977 0.229846 63.0348 -0.00137977 0.999929 0.0118449 -0.418536 -0.229846 -0.0118449 0.973155 107.427
0.97422 -0.000813964 0.225599 63.201 -0.000813964 0.999974 0.00712291 -0.418681 -0.225599 -0.00712291 0.974194 108.178
0.97507 -0.000453274 0.221898 63.372 -0.000453274 0.999992 0.00403449 -0.405953 -0.221898 -0.00403449 0.975062 108.901
0.975963 -0.000701608 0.217935 63.536 -0.000701608 0.99998 0.00636123 -0.413869 -0.217935 -0.00636123 0.975942 109.648
0.976663 -0.000957946 0.214775 63.6896 -0.000957946 0.999961 0.0088162 -0.413094 -0.214775 -0.0088162 0.976624 110.385
0.976891 -0.00122273 0.213736 63.8431 -0.00122273 0.999935 0.0113089 -0.417204 -0.213736 -0.0113089 0.976826 111.153
0.977559 -0.00154951 0.210658 64.0342 -0.00154951 0.999893 0.0145452 -0.411708 -0.210658 -0.0145452 0.977452 111.837
0.977575 -0.00178083 0.210581 64.198 -0.00178083 0.999859 0.0167226 -0.411524 -0.210581 -0.0167226 0.977433 112.627
0.978032 -0.00197397 0.208446 64.3811 -0.00197397 0.999823 0.0187301 -0.413135 -0.208446 -0.0187301 0.977855 113.401
0.977377 -0.00155084 0.211501 64.5063 -0.00155084 0.999894 0.0144984 -0.394437 -0.211501 -0.0144984 0.97727 114.205
0.977219 -0.00107032 0.212229 64.6643 -0.00107032 0.99995 0.00997129 -0.387282 -0.212229 -0.00997129 0.977169 114.983
0.976913 -0.000696142 0.213637 64.8162 -0.000696142 0.999979 0.00644176 -0.381461 -0.213637 -0.00644176 0.976892 115.779
0.976346 -0.000663362 0.216211 64.9764 -0.000663362 0.999981 0.00606362 -0.385521 -0.216211 -0.00606362 0.976328 116.537
0.975448 -0.000740692 0.22023 65.1397 -0.000740692 0.999978 0.00664387 -0.383202 -0.22023 -0.00664387 0.975425 117.385
0.975254 -0.000718553 0.221087 65.3439 -0.000718553 0.999979 0.0064197 -0.392527 -0.221087 -0.0064197 0.975233 118.191
0.974342 -0.000378276 0.22507 65.5308 -0.000378276 0.999994 0.00331827 -0.388051 -0.22507 -0.00331827 0.974337 119.148
0.974162 -0.000708649 0.225848 65.7443 -0.000708649 0.999981 0.00619433 -0.393449 -0.225848 -0.00619433 0.974143 120.014
0.973684 -0.000576068 0.2279 65.9115 -0.000576068 0.999987 0.0049889 -0.385654 -0.2279 -0.0049889 0.973672 120.841
0.9725 -0.000283255 0.232901 66.0429 -0.000283255 0.999997 0.00239896 -0.38503 -0.232901 -0.00239896 0.972497 121.583
0.97253 -0.000695218 0.232776 66.2722 -0.000695218 0.999982 0.00589118 -0.391124 -0.232776 -0.00589118 0.972513 122.477
0.97207 -0.00119463 0.234688 66.4442 -0.00119463 0.999949 0.0100382 -0.395116 -0.234688 -0.0100382 0.972019 123.278
0.972111 -0.00163042 0.234515 66.6606 -0.00163042 0.999905 0.01371 -0.400669 -0.234515 -0.01371 0.972016 124.142
0.971295 -0.000860604 0.237878 66.8557 -0.000860604 0.999974 0.00713173 -0.406942 -0.237878 -0.00713173 0.971269 125.124
0.971512 0.000524364 0.236988 67.0993 0.000524364 0.99999 -0.00436218 -0.421275 -0.236988 0.00436218 0.971503 126.011
0.971387 0.00152561 0.237499 67.3011 0.00152561 0.999919 -0.012663 -0.431855 -0.237499 0.012663 0.971305 126.855
0.971642 0.000406627 0.236458 67.498 0.000406627 0.999994 -0.00339054 -0.439492 -0.236458 0.00339054 0.971636 127.656
0.972005 -0.00206209 0.234952 67.6747 -0.00206209 0.999848 0.0173062 -0.449341 -0.234952 -0.0173062 0.971853 128.39
0.972126 -0.00377765 0.234429 67.8704 -0.00377765 0.999488 0.0317711 -0.454885 -0.234429 -0.0317711 0.971614 129.279
0.972158 -0.00298908 0.234309 68.0676 -0.00298908 0.999679 0.0251548 -0.451123 -0.234309 -0.0251548 0.971837 130.162
0.972419 -0.000986672 0.233237 68.3019 -0.000986672 0.999965 0.00834385 -0.437047 -0.233237 -0.00834385 0.972384 131.29
0.972371 -9.9844e-005 0.233439 68.4734 -9.9844e-005 1 0.000843602 -0.438054 -0.233439 -0.000843602 0.972371 132.046
0.972713 -3.38975e-005 0.232012 68.6913 -3.38975e-005 1 0.000288217 -0.429072 -0.232012 -0.000288217 0.972713 132.901
0.972748 -0.000147358 0.231865 68.8573 -0.000147358 0.999999 0.00125374 -0.446032 -0.231865 -0.00125374 0.972747 133.77
0.973398 -4.47146e-005 0.229119 69.0445 -4.47146e-005 1 0.000385126 -0.458321 -0.229119 -0.000385126 0.973398 134.593
0.974604 0.000190539 0.223937 69.2439 0.000190539 0.999999 -0.00168011 -0.464036 -0.223937 0.00168011 0.974602 135.466
0.974954 0.000338156 0.222406 69.3906 0.000338156 0.999995 -0.0030028 -0.485998 -0.222406 0.0030028 0.974949 136.237
0.975396 0.000646165 0.220459 69.5561 0.000646165 0.999983 -0.00578984 -0.484931 -0.220459 0.00578984 0.975379 137.067
0.975534 0.000249247 0.219848 69.7096 0.000249247 0.999997 -0.00223971 -0.522269 -0.219848 0.00223971 0.975532 137.845
0.976209 -9.83868e-005 0.216833 69.9793 -9.83868e-005 1 0.000896694 -0.513588 -0.216833 -0.000896694 0.976208 138.938
0.976791 -0.00014328 0.214196 70.1945 -0.00014328 0.999999 0.00132231 -0.524788 -0.214196 -0.00132231 0.97679 139.862
0.97717 0.000196341 0.212457 70.3672 0.000196341 0.999998 -0.00182719 -0.526448 -0.212457 0.00182719 0.977169 140.741
0.978254 0.000437945 0.207412 70.566 0.000437945 0.999991 -0.00417702 -0.539225 -0.207412 0.00417702 0.978245 141.621
0.979467 0.000527667 0.201606 70.7097 0.000527667 0.999986 -0.00518086 -0.546758 -0.201606 0.00518086 0.979453 142.39
0.98087 -5.61042e-005 0.194666 70.86 -5.61042e-005 1 0.000570901 -0.558213 -0.194666 -0.000570901 0.980869 143.092
0.981916 -0.000854813 0.189316 70.9837 -0.000854813 0.99996 0.00894873 -0.576706 -0.189316 -0.00894873 0.981876 143.869
0.98259 -0.00168678 0.185782 71.1116 -0.00168678 0.999837 0.0179991 -0.573315 -0.185782 -0.0179991 0.982426 144.604
0.983463 -0.00172783 0.181101 71.2617 -0.00172783 0.999819 0.0189219 -0.569013 -0.181101 -0.0189219 0.983283 145.417
0.984116 -0.00122471 0.177525 71.3902 -0.00122471 0.999906 0.0136874 -0.568734 -0.177525 -0.0136874 0.984021 146.296
0.985379 -0.000319677 0.170376 71.5223 -0.000319677 0.999993 0.00372516 -0.572913 -0.170376 -0.00372516 0.985372 147.079
0.986393 5.20376e-005 0.164403 71.66 5.20376e-005 1 -0.000628741 -0.576926 -0.164403 0.000628741 0.986393 147.895
0.987352 1.81599e-005 0.158541 71.7593 1.81599e-005 1 -0.000227639 -0.577189 -0.158541 0.000227639 0.987352 148.648
0.988587 -0.000169294 0.150652 71.8663 -0.000169294 0.999997 0.00223465 -0.592369 -0.150652 -0.00223465 0.988584 149.404
0.98963 6.02439e-005 0.143643 71.946 6.02439e-005 1 -0.000834453 -0.595608 -0.143643 0.000834453 0.989629 150.18
0.991069 0.000461729 0.133348 72.0453 0.000461729 0.999976 -0.00689417 -0.609097 -0.133348 0.00689417 0.991045 150.946
0.992079 0.000592783 0.125611 72.1191 0.000592783 0.999956 -0.00940078 -0.618817 -0.125611 0.00940078 0.992035 151.671
0.993095 0.00040927 0.117309 72.2036 0.00040927 0.999976 -0.00695345 -0.62779 -0.117309 0.00695345 0.993071 152.411
0.993956 2.97466e-005 0.109783 72.2697 2.97466e-005 1 -0.000540277 -0.643096 -0.109783 0.000540277 0.993955 153.159
0.994857 -0.00022971 0.101288 72.3368 -0.00022971 0.99999 0.00452411 -0.653203 -0.101288 -0.00452411 0.994847 153.924
0.995555 -0.000356816 0.0941832 72.3979 -0.000356816 0.999971 0.00756012 -0.660953 -0.0941832 -0.00756012 0.995526 154.726
0.996182 -0.000411485 0.087295 72.473 -0.000411485 0.999956 0.00940925 -0.666579 -0.087295 -0.00940925 0.996138 155.549
0.996484 -0.000325452 0.0837861 72.5241 -0.000325452 0.99997 0.00775486 -0.675311 -0.0837861 -0.00775486 0.996454 156.387
0.996898 -7.93132e-005 0.0787083 72.5874 -7.93132e-005 0.999998 0.00201224 -0.68499 -0.0787083 -0.00201224 0.996896 157.206
0.997129 0.000202764 0.0757256 72.6246 0.000202764 0.999986 -0.0053475 -0.690667 -0.0757256 0.0053475 0.997114 158.038
0.997337 0.000293662 0.0729337 72.6734 0.000293662 0.999968 -0.008042 -0.698601 -0.0729337 0.008042 0.997304 158.907
0.997578 8.93035e-005 0.0695595 72.7184 8.93035e-005 0.999997 -0.00256457 -0.703795 -0.0695595 0.00256457 0.997575 159.65
0.997744 -0.000257205 0.067133 72.7711 -0.000257205 0.999971 0.00765379 -0.714781 -0.067133 -0.00765379 0.997715 160.484
0.997978 -0.000462465 0.0635658 72.8128 -0.000462465 0.999894 0.0145353 -0.721306 -0.0635658 -0.0145353 0.997872 161.301
0.998223 -0.000332968 0.0595805 72.8449 -0.000332968 0.999938 0.0111668 -0.726744 -0.0595805 -0.0111668 0.998161 162.115
0.998549 -4.12503e-005 0.0538418 72.914 -4.12503e-005 0.999999 0.00153117 -0.725427 -0.0538418 -0.00153117 0.998548 163.061
0.998919 8.23377e-005 0.0464874 72.9711 8.23377e-005 0.999994 -0.00354044 -0.725437 -0.0464874 0.00354044 0.998913 163.974
0.999222 4.45389e-005 0.0394466 72.9882 4.45389e-005 0.999997 -0.00225731 -0.735219 -0.0394466 0.00225731 0.999219 164.776
0.999496 -5.90398e-005 0.0317352 73.0153 -5.90398e-005 0.999993 0.00371982 -0.747856 -0.0317352 -0.00371982 0.999489 165.583
0.999715 -7.61866e-005 0.0238704 73.044 -7.61866e-005 0.99998 0.00638238 -0.739185 -0.0238704 -0.00638238 0.999695 166.413
0.999838 -9.65516e-005 0.0179816 73.0725 -9.65516e-005 0.999942 0.0107378 -0.749159 -0.0179816 -0.0107378 0.999781 167.238
0.999927 -6.00702e-005 0.0120757 73.073 -6.00702e-005 0.999951 0.00994837 -0.740704 -0.0120757 -0.00994837 0.999878 168.103
0.999985 -9.34101e-006 0.00555013 73.0842 -9.34101e-006 0.999994 0.00336601 -0.760172 -0.00555013 -0.00336601 0.999979 168.963
0.999999 -5.02872e-006 -0.00143466 73.0823 -5.02872e-006 0.999975 -0.00701023 -0.765595 0.00143466 0.00701023 0.999974 169.855
0.999972 -4.16834e-005 -0.00750222 73.0838 -4.16834e-005 0.999938 -0.0111118 -0.773452 0.00750222 0.0111118 0.99991 170.718
0.999896 -2.70323e-005 -0.0144357 73.0839 -2.70323e-005 0.999993 -0.00374498 -0.792253 0.0144357 0.00374498 0.999889 171.514
0.999816 9.31916e-005 -0.0191852 73.0278 9.31916e-005 0.999953 0.00971384 -0.79074 0.0191852 -0.00971384 0.999769 172.27
0.999716 0.000208324 -0.0238272 73.004 0.000208324 0.999847 0.0174825 -0.803282 0.0238272 -0.0174825 0.999563 173.086
0.999615 0.000199896 -0.0277593 72.9979 0.000199896 0.999896 0.0143986 -0.79869 0.0277593 -0.0143986 0.999511 173.33
0.999562 5.06006e-005 -0.0295999 72.9369 5.06006e-005 0.999994 0.00341821 -0.807952 0.0295999 -0.00341821 0.999556 175.036
0.99949 -8.71322e-005 -0.0319247 72.9008 -8.71322e-005 0.999985 -0.00545717 -0.808025 0.0319247 0.00545717 0.999475 175.337
0.999426 -0.000154271 -0.0338635 72.8505 -0.000154271 0.999959 -0.00910853 -0.822586 0.0338635 0.00910853 0.999385 176.541
0.999336 -8.69413e-005 -0.0364411 72.8364 -8.69413e-005 0.999989 -0.00477 -0.830484 0.0364411 0.00477 0.999324 177.224
0.999328 7.66767e-005 -0.0366644 72.8188 7.66767e-005 0.999991 0.0041812 -0.837062 0.0366644 -0.0041812 0.999319 177.612
0.999321 0.00017518 -0.0368382 72.7746 0.00017518 0.999955 0.00950732 -0.84432 0.0368382 -0.00950732 0.999276 178.734
0.999269 0.000164537 -0.0382402 72.7381 0.000164537 0.999963 0.00860212 -0.849724 0.0382402 -0.00860212 0.999232 179.508
0.999193 -1.38664e-005 -0.0401762 72.6991 -1.38664e-005 1 -0.000690001 -0.861103 0.0401762 0.000690001 0.999192 180.452
0.999108 -0.00026867 -0.042227 72.6754 -0.00026867 0.999919 -0.0127188 -0.873986 0.042227 0.0127188 0.999027 181.33
0.998952 -0.00038848 -0.0457603 72.6741 -0.00038848 0.999856 -0.0169688 -0.891353 0.0457603 0.0169688 0.998808 182.163
0.998902 -0.000310893 -0.0468414 72.6303 -0.000310893 0.999912 -0.0132664 -0.898606 0.0468414 0.0132664 0.998814 182.945
0.998835 -5.7542e-005 -0.0482635 72.5828 -5.7542e-005 0.999997 -0.0023831 -0.914473 0.0482635 0.0023831 0.998832 183.741
