0.999989 -0.00341086 -0.0031552 -0.00242317 0.00340381 0.999992 -0.00223655 -0.00435284 0.0031628 0.00222579 0.999993 0.680489
0.999968 -0.0024105 -0.00761781 -0.0138022 0.00238408 0.999991 -0.00347478 -0.00957298 0.00762612 0.00345651 0.999965 1.39905
0.999948 0.0012042 -0.0101714 -0.0418413 -0.00125263 0.999988 -0.00475662 -0.0151607 0.0101656 0.00476911 0.999937 2.10462
0.999856 0.00131163 -0.0169022 -0.0479615 -0.0014113 0.999982 -0.00588602 -0.020538 0.0168941 0.00590903 0.99984 2.83403
0.999818 0.00103161 -0.0190275 -0.0736529 -0.00115061 0.99998 -0.00624395 -0.0270013 0.0190207 0.00626471 0.999799 3.54698
0.999689 0.000566442 -0.0249228 -0.0904114 -0.000734188 0.999977 -0.00672198 -0.0375624 0.0249185 0.00673819 0.999667 4.34787
0.999556 0.00435868 -0.0294642 -0.126383 -0.00459475 0.999958 -0.00794891 -0.0464429 0.0294283 0.00808076 0.999534 5.11793
0.999452 0.00414356 -0.0328415 -0.166617 -0.00435086 0.999971 -0.00624317 -0.0545677 0.0328146 0.00638264 0.999441 5.946
0.999295 0.000180379 -0.0375301 -0.196222 -0.000300412 0.999995 -0.00319271 -0.0713411 0.0375294 0.00320174 0.99929 6.78212
0.999156 -0.000552035 -0.0410846 -0.22283 0.000510904 0.999999 -0.00101165 -0.0770016 0.0410851 0.000989802 0.999155 7.69061
0.999021 0.000289747 -0.0442415 -0.268763 -0.000318445 1 -0.000641619 -0.0916375 0.0442413 0.000655079 0.999021 8.54517
0.998996 0.00219693 -0.0447545 -0.342807 -0.00230922 0.999994 -0.00245737 -0.0907174 0.0447488 0.00255825 0.998995 9.46705
0.99882 -0.0048698 -0.0483146 -0.373559 0.00478544 0.999987 -0.00186164 -0.101826 0.048323 0.00162824 0.99883 10.3412
0.998699 -0.00489948 -0.0507615 -0.415478 0.00484302 0.999988 -0.00123514 -0.115347 0.0507669 0.000987696 0.99871 11.262
0.998708 -0.00207765 -0.0507748 -0.46819 0.00198672 0.999996 -0.00184126 -0.123197 0.0507784 0.00173801 0.998708 12.1604
0.998597 0.000488168 -0.0529553 -0.513582 -0.000696897 0.999992 -0.00392321 -0.132048 0.0529529 0.00395461 0.998589 13.0956
0.998612 0.00369727 -0.0525323 -0.584058 -0.00403636 0.999972 -0.00635036 -0.144742 0.0525074 0.00655359 0.998599 14.0027
0.998378 0.00378099 -0.0568087 -0.62621 -0.0042731 0.999954 -0.00854371 -0.147222 0.0567738 0.0087726 0.998349 14.9484
0.998378 0.00412247 -0.0567883 -0.687412 -0.00453584 0.999964 -0.00715232 -0.160951 0.0567567 0.0073983 0.998361 15.9354
0.998312 -0.000298511 -0.0580787 -0.743745 -0.000149438 0.99997 -0.00770831 -0.17366 0.0580793 0.00770398 0.998282 16.9051
0.998109 -0.00030907 -0.0614711 -0.784925 5.84733e-006 0.999988 -0.00493289 -0.188605 0.0614719 0.0049232 0.998097 17.8271
0.998193 -0.00182737 -0.0600641 -0.865133 0.00150557 0.999984 -0.00540238 -0.196883 0.060073 0.00530218 0.99818 18.7962
0.997984 -0.00068771 -0.0634589 -0.908087 0.000290934 0.99998 -0.00626152 -0.216118 0.0634619 0.00623043 0.997965 19.7099
0.997921 -0.00230187 -0.0644042 -0.966307 0.00184841 0.999973 -0.00709957 -0.227128 0.0644189 0.00696576 0.997899 20.6426
0.997927 -0.00155787 -0.0643377 -1.03602 0.00121269 0.999985 -0.00540381 -0.238552 0.0643451 0.00531458 0.997914 21.576
0.997863 0.00142971 -0.0653229 -1.09705 -0.00154155 0.999997 -0.00166164 -0.252972 0.0653204 0.00175879 0.997863 22.4508
0.99798 0.00441223 -0.0633786 -1.17498 -0.00430355 0.999989 0.00185107 -0.267319 0.0633861 -0.00157458 0.997988 23.456
0.997968 -0.00214202 -0.0636889 -1.23399 0.00244533 0.999986 0.00468485 -0.265052 0.063678 -0.00483107 0.997959 24.4658
0.998334 0.00315225 -0.0576193 -1.335 -0.00285306 0.999982 0.00527421 -0.276477 0.0576349 -0.00510103 0.998325 25.4847
0.998335 0.00110069 -0.0576715 -1.41362 -0.000945909 0.999996 0.00271107 -0.282236 0.0576742 -0.00265201 0.998332 26.5911
0.998519 0.00367273 -0.0542837 -1.48863 -0.00379996 0.99999 -0.0022408 -0.292012 0.054275 0.00244376 0.998523 27.7004
0.998512 0.0017026 -0.0545067 -1.53828 -0.00198293 0.999985 -0.00508922 -0.309553 0.0544973 0.00518973 0.9985 28.7967
0.998495 -0.00635522 -0.05447 -1.59669 0.00611979 0.999971 -0.00448791 -0.318003 0.0544969 0.00414781 0.998505 29.8029
0.998571 -0.00206931 -0.0533921 -1.65999 0.00212021 0.999997 0.00089664 -0.329624 0.0533901 -0.00100856 0.998573 30.8332
0.998437 -0.00690185 -0.0554526 -1.71842 0.00710287 0.999969 0.00342873 -0.340056 0.0554272 -0.00381725 0.998455 31.8687
0.998297 -0.0122897 -0.057026 -1.74524 0.0124736 0.999918 0.00286901 -0.352576 0.0569861 -0.00357544 0.998369 32.8917
0.998224 -0.0118215 -0.0583897 -1.78653 0.0117847 0.99993 -0.000973942 -0.376764 0.0583972 0.000284107 0.998293 33.963
0.998147 -0.000707298 -0.0608454 -1.86487 0.000404945 0.999988 -0.00498138 -0.384555 0.0608482 0.00494751 0.998135 35.0161
0.997914 0.00176345 -0.0645379 -1.91206 -0.00209478 0.999985 -0.00506668 -0.405057 0.064528 0.0051913 0.997902 35.9798
0.997936 0.00105948 -0.0642075 -1.98279 -0.00131617 0.999991 -0.00395565 -0.424829 0.0642028 0.00403199 0.997929 36.9762
0.997826 0.00105498 -0.0658883 -2.05211 -0.00113467 0.999999 -0.00117212 -0.436308 0.065887 0.00124433 0.997826 38.0155
0.997833 0.00325951 -0.0657099 -2.13889 -0.00325425 0.999995 0.000187124 -0.446589 0.0657102 2.71175e-005 0.997839 39.027
0.997751 0.00323014 -0.0669589 -2.21805 -0.00303951 0.999991 0.00294871 -0.457246 0.0669678 -0.00273856 0.997751 40.0714
0.9977 1.10587e-005 -0.0677857 -2.29076 0.000363437 0.999985 0.00551237 -0.465127 0.0677847 -0.00552433 0.997685 41.2299
0.997703 0.00434949 -0.0675966 -2.37166 -0.00382833 0.999962 0.00783742 -0.472676 0.0676281 -0.00756063 0.997682 42.3043
0.9977 0.00454386 -0.0676341 -2.46687 -0.00403223 0.999962 0.00769936 -0.47493 0.0676665 -0.00740893 0.99768 43.55
0.99764 -0.00275863 -0.0686067 -2.5273 0.0031541 0.999979 0.0056566 -0.48189 0.0685896 -0.00585964 0.997628 44.6952
0.997725 0.00373228 -0.0673123 -2.62269 -0.00348588 0.999987 0.00377764 -0.488789 0.0673255 -0.0035344 0.997725 45.8638
0.997699 0.00253773 -0.0677548 -2.69864 -0.00227076 0.999989 0.00401697 -0.505632 0.0677643 -0.00385387 0.997694 46.9747
0.997462 -0.00491692 -0.071028 -2.78491 0.00527055 0.999975 0.00479224 -0.511153 0.0710027 -0.00515443 0.997463 48.2432
0.997486 -0.00121769 -0.0708475 -2.86068 0.00166973 0.999979 0.00632162 -0.524688 0.0708383 -0.00642403 0.997467 49.3724
0.997464 0.00338535 -0.0710968 -2.92136 -0.00320708 0.999991 0.00262138 -0.532485 0.071105 -0.00238672 0.997466 50.4744
0.997357 0.00411121 -0.0725462 -3.01894 -0.00421693 0.99999 -0.00130413 -0.5446 0.0725401 0.0016066 0.997364 51.6035
0.997323 0.000868795 -0.0731215 -3.08907 -0.0011061 0.999994 -0.00320487 -0.56055 0.0731183 0.00327717 0.997318 52.6635
0.997198 -0.00105903 -0.0747968 -3.17405 0.00108558 0.999999 0.000314405 -0.57125 0.0747964 -0.000394723 0.997199 53.8143
0.997316 -0.00159194 -0.0732009 -3.25697 0.00186773 0.999991 0.00369934 -0.591494 0.0731944 -0.00382613 0.99731 54.7714
0.997155 -0.00384524 -0.0752807 -3.34618 0.00410889 0.999986 0.00334767 -0.592369 0.0752668 -0.00364747 0.997157 55.8769
0.997289 -0.00499799 -0.0734109 -3.40808 0.0052338 0.999982 0.00302025 -0.615753 0.0733945 -0.00339628 0.997297 56.8775
0.997197 -0.00542985 -0.0746224 -3.49629 0.00551888 0.999984 0.000986869 -0.626961 0.0746159 -0.00139594 0.997211 57.9072
0.997018 -0.00455393 -0.0770338 -3.55528 0.00474309 0.999986 0.00227274 -0.635649 0.0770224 -0.00263134 0.997026 58.9176
0.997075 -0.00431315 -0.0763012 -3.63795 0.00479338 0.99997 0.00611181 -0.639673 0.0762725 -0.00645968 0.997066 59.9411
0.996885 -0.00464464 -0.0787325 -3.71338 0.00549963 0.999928 0.0106461 -0.647598 0.0786774 -0.0110459 0.996839 61.0293
0.997012 0.000669703 -0.0772451 -3.81245 0.000333574 0.999916 0.0129746 -0.660953 0.0772473 -0.0129616 0.996928 62.1355
0.996871 0.00417464 -0.0789336 -3.90977 -0.00347587 0.999954 0.00898795 -0.661676 0.0789675 -0.00868547 0.996839 63.2218
0.996671 0.0024441 -0.0814902 -3.95459 -0.0023688 0.999997 0.00102071 -0.668462 0.0814925 -0.00082428 0.996674 63.8379
0.996661 0.00812691 -0.0812394 -4.09848 -0.00841686 0.999959 -0.00322729 -0.676556 0.0812099 0.0039003 0.996689 65.1966
0.996537 0.00593512 -0.0829426 -4.16009 -0.00620545 0.999976 -0.00300177 -0.686433 0.0829228 0.00350607 0.99655 66.0074
0.996408 0.00535335 -0.0845143 -4.25577 -0.00533663 0.999986 0.000423789 -0.710186 0.0845154 2.87552e-005 0.996422 67.0615
0.996369 0.00386996 -0.0850471 -4.338 -0.00374436 0.999992 0.00163632 -0.727394 0.0850528 -0.00131193 0.996376 67.9701
0.996378 0.00463588 -0.084911 -4.43536 -0.00448433 0.999988 0.00197545 -0.741878 0.0849191 -0.00158752 0.996387 68.958
0.996107 0.00119454 -0.0881393 -4.51985 -0.0010059 0.999997 0.00218458 -0.751713 0.0881416 -0.00208741 0.996106 69.9089
0.99615 0.00327143 -0.0876043 -4.62821 -0.00299453 0.99999 0.00329207 -0.768179 0.0876142 -0.00301706 0.99615 70.8902
0.995864 0.00153484 -0.0908402 -4.7123 -0.0012029 0.999992 0.00370872 -0.787833 0.0908452 -0.00358411 0.995859 71.8624
0.996022 0.000830843 -0.0890988 -4.86902 -0.000495462 0.999993 0.0037862 -0.784684 0.0891013 -0.003727 0.996016 73.1129
0.995779 0.00290213 -0.0917324 -5.0082 -0.00226006 0.999972 0.0071025 -0.801336 0.0917504 -0.0068652 0.995758 74.5303
0.995587 0.00180717 -0.0938247 -5.11225 -0.000757504 0.999937 0.0112219 -0.815379 0.0938391 -0.0111013 0.995525 75.8649
0.995472 0.00347226 -0.0949892 -5.24918 -0.0022221 0.99991 0.0132637 -0.831397 0.0950266 -0.0129926 0.99539 77.2359
0.995419 0.00762175 -0.0953065 -5.38959 -0.00677969 0.999935 0.00915602 -0.83361 0.0953701 -0.00846793 0.995406 78.1026
0.995153 0.00278986 -0.0982971 -5.51065 -0.002588 0.999994 0.00218106 -0.859021 0.0983027 -0.00191609 0.995155 79.5326
0.995129 -0.000421242 -0.0985825 -5.62269 1.80056e-005 0.999992 -0.0040912 -0.869568 0.0985834 0.00406949 0.99512 80.7424
0.995144 -0.00138817 -0.0984201 -5.74966 0.000894114 0.999987 -0.00506384 -0.887033 0.0984259 0.00495125 0.995132 81.951
0.994898 0.00176565 -0.100873 -5.85672 -0.00191184 0.999997 -0.0013526 -0.907363 0.10087 0.00153855 0.994898 83.1018
0.994938 0.00326322 -0.100436 -5.94313 -0.00320918 0.999995 0.00069958 -0.92502 0.100437 -0.000373723 0.994943 83.8388
0.994265 -0.00463056 -0.106845 -5.96376 0.00438396 0.999987 -0.00254279 -0.956712 0.106856 0.00205981 0.994272 84.6924
0.994449 -0.0103745 -0.104711 -6.07796 0.00958386 0.999922 -0.00805121 -0.988459 0.104787 0.00700298 0.99447 85.6427
0.994469 -0.0120184 -0.104339 -6.14708 0.0106558 0.999851 -0.0136077 -1.00732 0.104487 0.0124206 0.994449 86.3473
0.994665 -0.000974932 -0.103157 -6.18006 -0.00042989 0.999907 -0.0135952 -1.01529 0.103161 0.013567 0.994572 87.0256
0.995456 0.00612685 -0.0950275 -6.27122 -0.00709388 0.999926 -0.00984187 -1.02548 0.0949603 0.0104713 0.995426 87.6829
0.995781 0.00339916 -0.091696 -6.34119 -0.00402789 0.99997 -0.00667251 -1.04503 0.0916706 0.0070137 0.995765 88.3601
0.996275 -0.00661467 -0.0859775 -6.37809 0.00632723 0.999973 -0.00361532 -1.05114 0.0859991 0.00305786 0.996291 88.9849
0.996931 -0.011399 -0.0774564 -6.43426 0.0114083 0.999935 -0.00032221 -1.07256 0.0774551 -0.000562425 0.996996 89.6817
0.997757 -0.00134314 -0.0669266 -6.46485 0.00133286 0.999999 -0.000198205 -1.08137 0.0669268 0.000108557 0.997758 90.2757
0.998631 0.00907859 -0.0515225 -6.5074 -0.00912224 0.999958 -0.000612156 -1.09152 0.0515147 0.00108132 0.998672 90.936
0.999387 0.00953838 -0.0336815 -6.51886 -0.00952624 0.999954 0.000520954 -1.10311 0.0336849 -0.000199777 0.999432 91.4671
0.999924 0.00292673 -0.0119586 -6.51342 -0.00290808 0.999995 0.00157652 -1.10412 0.0119631 -0.00154163 0.999927 91.612
0.999875 -0.00624855 0.0145253 -6.49847 0.00621403 0.999978 0.00242098 -1.11395 -0.0145401 -0.00233042 0.999892 92.3524
0.998974 -0.00250752 0.0452102 -6.45219 0.00229385 0.999986 0.00477741 -1.12433 -0.0452216 -0.0046688 0.998966 92.7627
0.996974 -0.000829432 0.0777336 -6.3872 0.00033997 0.99998 0.00630968 -1.13061 -0.0777373 -0.00626416 0.996954 93.3417
0.993344 0.00144924 0.115173 -6.31059 -0.00228628 0.999972 0.00713593 -1.13334 -0.115159 -0.00735176 0.99332 93.8248
0.987909 -0.000931359 0.155034 -6.15147 -0.000252628 0.999971 0.00761706 -1.13277 -0.155037 -0.00756412 0.98788 94.3463
0.979643 -0.00354271 0.200716 -6.04491 0.00191931 0.999964 0.00828205 -1.14841 -0.200738 -0.00772821 0.979614 94.8216
0.968227 0.000755659 0.250072 -5.89705 -0.00247615 0.999975 0.00656543 -1.15895 -0.250061 -0.00697605 0.968205 95.2824
0.952589 -0.000247527 0.304259 -5.72972 -0.00109461 0.99999 0.00424058 -1.17139 -0.304257 -0.00437257 0.95258 95.7097
0.934488 -0.00229067 0.355986 -5.52006 0.00122256 0.999994 0.00322538 -1.17589 -0.355992 -0.00257887 0.934486 96.1172
0.90923 -0.000494343 0.416294 -5.29498 -0.000626942 0.999997 0.00255679 -1.1725 -0.416294 -0.0025857 0.909226 96.5045
0.881931 -0.00198104 0.471374 -5.03803 0.00185111 0.999998 0.000739308 -1.16813 -0.471375 0.000220546 0.881933 96.8632
0.847954 -0.00239809 0.530065 -4.76787 0.00265426 0.999996 0.000278055 -1.17464 -0.530064 0.00117115 0.847957 97.211
0.814339 -0.00655193 0.580352 -4.44513 0.00814577 0.999967 -0.000140791 -1.16844 -0.580332 0.00484207 0.814365 97.5142
0.773077 -0.00217894 0.634308 -4.14721 0.00154955 0.999998 0.00154659 -1.17694 -0.63431 -0.000212746 0.773079 97.8204
0.733217 -0.000454027 0.679995 -3.81277 -0.00224515 0.999993 0.00308856 -1.1728 -0.679991 -0.00379127 0.73321 98.089
0.686959 -0.000404056 0.726696 -3.47634 -0.00403994 0.999982 0.00437503 -1.18464 -0.726685 -0.00594127 0.686945 98.3567
0.642008 -0.00566698 0.766677 -3.10473 0.0018103 0.999981 0.00587554 -1.1826 -0.766696 -0.00238423 0.642006 98.5876
0.594319 -0.011172 0.804152 -2.58316 0.00573692 0.999937 0.00965213 -1.19602 -0.804209 -0.00112308 0.594345 98.8912
0.55106 -0.00873539 0.83442 -2.108 0.00261676 0.999958 0.00874025 -1.19525 -0.834462 -0.00263292 0.55106 99.1112
0.500354 0.000744519 0.865821 -1.76233 -0.00670898 0.999973 0.00301721 -1.19999 -0.865795 -0.00731845 0.500345 99.2952
0.4589 -0.00132831 0.888487 -1.33321 -0.00389815 0.999986 0.00350839 -1.20431 -0.888479 -0.00507345 0.458889 99.4552
0.415299 -0.00859305 0.909644 -0.923211 0.00253874 0.999962 0.00828718 -1.20524 -0.909681 -0.0011323 0.415305 99.594
0.377314 -0.024227 0.925768 -0.483739 0.00666969 0.999703 0.0234435 -1.20457 -0.926061 -0.00267096 0.377363 99.6948
0.34071 -0.0242936 0.939855 0.132209 -0.00189898 0.999646 0.0265276 -1.18614 -0.940167 -0.010823 0.340543 99.8627
0.308408 -0.0177047 0.951089 0.664034 -0.0143822 0.999626 0.0232719 -1.18559 -0.951145 -0.020856 0.308038 100.013
0.278103 -0.00734229 0.960523 1.27354 -0.0147864 0.99982 0.0119238 -1.18421 -0.960437 -0.0175187 0.277944 100.171
0.249834 -0.00251956 0.968285 1.83927 -0.013141 0.999896 0.00599242 -1.20114 -0.968199 -0.0142214 0.249775 100.292
0.22404 -0.00496637 0.974567 2.41644 -0.00467944 0.99997 0.00617157 -1.20889 -0.974569 -0.00594311 0.22401 100.404
0.201582 -0.0139969 0.979372 2.95469 0.00171451 0.999901 0.0139374 -1.21549 -0.97947 -0.00113039 0.201586 100.462
0.180593 -0.0182817 0.983388 3.60669 0.00840542 0.999819 0.0170435 -1.19123 -0.983522 0.00518785 0.180714 100.547
0.161621 -0.0192101 0.986666 4.15462 0.00580551 0.999812 0.0185151 -1.17117 -0.986836 0.00273567 0.161702 100.612
0.143573 -0.0124649 0.989561 4.5451 -0.00719488 0.999881 0.0136388 -1.16586 -0.989614 -0.00907794 0.143467 100.668
0.128633 -0.0101062 0.991641 5.06974 -0.0207258 0.999702 0.0128769 -1.16528 -0.991476 -0.0222089 0.128386 100.734
0.113685 -0.00912054 0.993475 5.55392 -0.0208526 0.999716 0.011564 -1.16939 -0.993298 -0.0220311 0.113462 100.781
0.100577 -0.0134286 0.994839 6.11849 -0.015985 0.999758 0.0151111 -1.17033 -0.994801 -0.0174223 0.100338 100.834
0.0890633 -0.0168203 0.995884 6.71257 -0.0135711 0.999744 0.0180992 -1.16263 -0.995934 -0.0151273 0.0888122 100.874
0.0788234 -0.0202798 0.996682 7.28136 -0.0118335 0.999704 0.0212771 -1.15715 -0.996818 -0.0134713 0.07856 100.906
0.0710085 -0.0217639 0.997238 7.84616 -0.0144863 0.999634 0.0228477 -1.14908 -0.997371 -0.0160686 0.0706672 100.939
0.0651439 -0.022148 0.99763 8.46844 -0.0177117 0.99957 0.0233476 -1.13789 -0.997719 -0.0191907 0.0647236 100.976
0.0603393 -0.024982 0.997865 9.09615 -0.0195528 0.999465 0.0262044 -1.12677 -0.997986 -0.0210923 0.0598186 101.004
0.0538963 -0.0244987 0.998246 9.78434 -0.0209726 0.999451 0.0256606 -1.11394 -0.998326 -0.0223188 0.0533529 101.05
0.0504916 -0.0284436 0.998319 10.4791 -0.0231938 0.999291 0.0296444 -1.09966 -0.998455 -0.0246516 0.0497961 101.059
0.0462257 -0.0260107 0.998592 11.1904 -0.022896 0.999371 0.0270908 -1.08716 -0.998669 -0.024116 0.0456011 101.107
0.0442228 -0.0283393 0.99862 11.911 -0.0268569 0.999203 0.0295452 -1.06433 -0.998661 -0.0281264 0.0434264 101.136
0.0410031 -0.0264457 0.998809 12.7013 -0.0259223 0.999285 0.0275224 -1.05488 -0.998823 -0.0270199 0.0402883 101.172
0.0408398 -0.032367 0.998641 13.4611 -0.0261587 0.999098 0.0334516 -1.02263 -0.998823 -0.0274893 0.0399563 101.195
0.0409026 -0.0343407 0.998573 14.1492 -0.0272237 0.999 0.0354705 -1.00864 -0.998792 -0.0286357 0.0399268 101.227
0.0446284 -0.0373913 0.998304 15.4734 -0.0315515 0.998748 0.0388184 -0.997452 -0.998505 -0.0332304 0.0433928 101.256
0.0459641 -0.0363437 0.998282 17.0061 -0.0339983 0.998702 0.0379244 -0.910956 -0.998364 -0.0356831 0.0446688 101.388
0.0492843 -0.0362015 0.998129 17.7553 -0.0369777 0.998592 0.0380442 -0.888032 -0.9981 -0.0387835 0.0478763 101.436
0.0536403 -0.0367641 0.997883 18.517 -0.0380444 0.998521 0.0388327 -0.857466 -0.997835 -0.0400468 0.0521623 101.482
0.0577726 -0.0374588 0.997627 19.6704 -0.0396379 0.998422 0.0397841 -0.821979 -0.997543 -0.0418423 0.0561967 101.552
0.0615014 -0.034697 0.997504 20.6391 -0.0412272 0.998454 0.037272 -0.798999 -0.997255 -0.0434166 0.0599758 101.61
0.0660866 -0.0322096 0.997294 21.6942 -0.0378351 0.998679 0.0347615 -0.762333 -0.997096 -0.04003 0.0647806 101.669
0.0705039 -0.030893 0.997033 22.7453 -0.0361309 0.998785 0.0335022 -0.737085 -0.996857 -0.0383858 0.0693021 101.772
0.0728287 -0.0274145 0.996968 24.1213 -0.0295354 0.999124 0.0296314 -0.719514 -0.996907 -0.0316038 0.0719552 101.918
0.0717214 -0.019893 0.997226 25.5476 -0.0213465 0.999541 0.0214745 -0.667604 -0.997196 -0.0228275 0.0712639 102.083
0.0743184 -0.0182123 0.997068 26.71 -0.0191326 0.999623 0.0196851 -0.652595 -0.997051 -0.0205395 0.0739419 102.148
0.0720627 -0.0144982 0.997295 27.9945 -0.0184481 0.999704 0.0158663 -0.633578 -0.997229 -0.0195415 0.0717739 102.249
0.0726566 -0.0114171 0.997292 29.2579 -0.0210733 0.999694 0.0129799 -0.629442 -0.997134 -0.0219593 0.0723937 102.371
0.0701144 -0.0102154 0.997487 30.3567 -0.0191393 0.99975 0.0115838 -0.619433 -0.997355 -0.0199034 0.0699013 102.481
0.0743125 -0.0142929 0.997133 31.624 -0.0150964 0.999767 0.0154557 -0.624167 -0.997121 -0.0162016 0.0740794 102.475
0.0745261 -0.00970016 0.997172 32.7014 -0.0133036 0.999854 0.0107205 -0.636191 -0.99713 -0.014065 0.0743861 102.624
0.0773277 -0.00590767 0.996988 33.7555 -0.0140607 0.999877 0.00701535 -0.664686 -0.996907 -0.0145609 0.0772351 102.614
0.074232 -0.00517209 0.997228 34.8122 -0.00931233 0.999939 0.00587935 -0.674958 -0.997198 -0.00972295 0.0741793 102.703
0.0736192 0.000533157 0.997286 35.7987 -0.0056856 0.999984 -0.00011489 -0.668135 -0.99727 -0.00566172 0.0736211 102.772
