1 -8.22789e-007 -0.00085052 -0.0332714 -8.22789e-007 0.999998 -0.00193479 -0.0106501 0.00085052 0.00193479 0.999998 0.665833
1 -1.71017e-006 -0.000963462 -0.102903 -1.71017e-006 0.999994 -0.00355004 -0.0155367 0.000963462 0.00355004 0.999993 1.32564
0.99995 -2.10532e-005 -0.00997822 -0.112149 -2.10532e-005 0.999991 -0.00421972 -0.0328396 0.00997822 0.00421972 0.999941 1.99822
0.99995 -2.10532e-005 -0.00997822 -0.121396 -2.10532e-005 0.999991 -0.00421972 -0.0501425 0.00997822 0.00421972 0.999941 2.67081
0.999898 -2.95819e-005 -0.0142756 -0.135179 -2.95819e-005 0.999991 -0.00414417 -0.0603854 0.0142756 0.00414417 0.99989 3.43743
0.999864 -4.49715e-005 -0.0164619 -0.179493 -4.49715e-005 0.999985 -0.00546328 -0.0665818 0.0164619 0.00546328 0.99985 4.16951
0.999772 -6.36651e-005 -0.0213636 -0.213697 -6.36651e-005 0.999982 -0.00595942 -0.0739049 0.0213636 0.00595942 0.999754 4.94047
0.999685 -5.12804e-005 -0.0250781 -0.246925 -5.12804e-005 0.999992 -0.00408901 -0.0848313 0.0250781 0.00408901 0.999677 5.74029
0.999581 -2.70582e-005 -0.0289337 -0.275783 -2.70582e-005 0.999998 -0.00186997 -0.0883699 0.0289337 0.00186997 0.99958 6.58613
0.999524 1.22319e-005 -0.0308623 -0.325316 1.22319e-005 1 0.000792484 -0.0977649 0.0308623 -0.000792484 0.999523 7.39974
0.999451 4.4038e-006 -0.0331204 -0.368523 4.4038e-006 1 0.000265854 -0.103991 0.0331204 -0.000265854 0.999451 8.23341
0.99946 4.08799e-006 -0.0328653 -0.437591 4.08799e-006 1 0.000248705 -0.110763 0.0328653 -0.000248705 0.99946 9.05337
0.999384 -6.03233e-006 -0.0350844 -0.462193 -6.03233e-006 1 -0.000343769 -0.117393 0.0350844 0.000343769 0.999384 9.88183
0.999272 2.28656e-005 -0.0381511 -0.468599 2.28656e-005 0.999999 0.00119825 -0.133532 0.0381511 -0.00119825 0.999271 10.6855
0.999082 2.55762e-005 -0.0428368 -0.461662 2.55762e-005 0.999999 0.00119358 -0.145366 0.0428368 -0.00119358 0.999081 11.5219
0.999042 -1.80446e-005 -0.0437698 -0.51711 -1.80446e-005 1 -0.000824126 -0.1545 0.0437698 0.000824126 0.999041 12.3387
0.999033 -7.38507e-005 -0.0439698 -0.56931 -7.38507e-005 0.999994 -0.00335752 -0.163223 0.0439698 0.00335752 0.999027 13.1637
0.999019 -0.000106422 -0.0442804 -0.634484 -0.000106422 0.999988 -0.00480433 -0.171326 0.0442804 0.00480433 0.999008 13.9917
0.998941 -8.37714e-005 -0.0460119 -0.670087 -8.37714e-005 0.999993 -0.00363935 -0.191277 0.0460119 0.00363935 0.998934 14.8292
0.99883 -6.52058e-005 -0.0483554 -0.690393 -6.52058e-005 0.999996 -0.00269536 -0.20059 0.0483554 0.00269536 0.998827 15.6592
0.998754 -2.80549e-005 -0.0498952 -0.738321 -2.80549e-005 0.999999 -0.00112385 -0.209472 0.0498952 0.00112385 0.998754 16.5135
0.998706 -2.56661e-005 -0.0508535 -0.757655 -2.56661e-005 0.999999 -0.00100876 -0.223947 0.0508535 0.00100876 0.998706 17.3221
0.998622 -4.44998e-005 -0.0524801 -0.803402 -4.44998e-005 0.999999 -0.0016947 -0.235595 0.0524801 0.0016947 0.998621 18.1497
0.998515 -6.79602e-005 -0.0544834 -0.836614 -6.79602e-005 0.999997 -0.00249286 -0.248465 0.0544834 0.00249286 0.998512 18.9947
0.99849 -4.45677e-005 -0.0549377 -0.884968 -4.45677e-005 0.999999 -0.00162126 -0.253559 0.0549377 0.00162126 0.998488 19.8322
0.998487 5.22866e-005 -0.0549839 -0.929476 5.22866e-005 0.999998 0.00190045 -0.265747 0.0549839 -0.00190045 0.998485 20.6509
0.998402 0.000161316 -0.056513 -0.943314 0.000161316 0.999984 0.00570438 -0.290526 0.056513 -0.00570438 0.998386 21.5213
0.998554 0.000221709 -0.0537637 -1.01055 0.000221709 0.999966 0.00824144 -0.287462 0.0537637 -0.00824144 0.99852 22.4246
0.998765 0.000161 -0.0496889 -1.03797 0.000161 0.999979 0.00647624 -0.296604 0.0496889 -0.00647624 0.998744 23.3164
0.998765 0.000161 -0.0496889 -1.0654 0.000161 0.999979 0.00647624 -0.305747 0.0496889 -0.00647624 0.998744 24.2082
0.998923 3.56754e-005 -0.0463925 -1.14924 3.56754e-005 0.999999 0.00153715 -0.30225 0.0463925 -0.00153715 0.998922 25.1237
0.998996 -3.71412e-005 -0.0448076 -1.19363 -3.71412e-005 0.999999 -0.00165697 -0.304834 0.0448076 0.00165697 0.998994 26.0244
0.999022 -1.25099e-005 -0.0442078 -1.22838 -1.25099e-005 1 -0.000565685 -0.320379 0.0442078 0.000565685 0.999022 26.9116
0.998984 0.000100177 -0.0450647 -1.26091 0.000100177 0.99999 0.00444366 -0.330701 0.0450647 -0.00444366 0.998974 27.8189
0.998985 0.000172206 -0.0450382 -1.3065 0.000172206 0.999971 0.00764311 -0.337437 0.0450382 -0.00764311 0.998956 28.7205
0.998906 0.000157909 -0.046756 -1.33158 0.000157909 0.999977 0.00675084 -0.350279 0.046756 -0.00675084 0.998884 29.6421
0.998835 6.7142e-005 -0.0482594 -1.37274 6.7142e-005 0.999996 0.00278092 -0.354405 0.0482594 -0.00278092 0.998831 30.551
0.99873 -1.93395e-005 -0.0503889 -1.41112 -1.93395e-005 1 -0.000767122 -0.364612 0.0503889 0.000767122 0.998729 31.4373
0.998623 -4.09907e-005 -0.0524679 -1.45815 -4.09907e-005 0.999999 -0.00156143 -0.371502 0.0524679 0.00156143 0.998621 32.2994
0.998594 -1.25352e-005 -0.0530074 -1.53795 -1.25352e-005 1 -0.000472627 -0.370984 0.0530074 0.000472627 0.998594 33.2231
0.998523 7.29233e-005 -0.0543276 -1.58018 7.29233e-005 0.999996 0.00268259 -0.385434 0.0543276 -0.00268259 0.99852 34.0828
0.998537 0.000115365 -0.0540739 -1.64569 0.000115365 0.999991 0.0042638 -0.39696 0.0540739 -0.0042638 0.998528 34.9722
0.998512 0.000182414 -0.0545309 -1.70374 0.000182414 0.999978 0.00668524 -0.39914 0.0545309 -0.00668524 0.99849 35.8818
0.998525 0.000255954 -0.0542945 -1.75531 0.000255954 0.999956 0.00942121 -0.400138 0.0542945 -0.00942121 0.998481 36.8092
0.998414 0.000331455 -0.0563007 -1.80489 0.000331455 0.999931 0.0117647 -0.398723 0.0563007 -0.0117647 0.998345 37.7716
0.998568 0.000315277 -0.0534904 -1.91829 0.000315277 0.999931 0.0117793 -0.404604 0.0534904 -0.0117793 0.998499 38.7738
0.998548 0.000219392 -0.0538719 -1.98084 0.000219392 0.999967 0.0081389 -0.408989 0.0538719 -0.0081389 0.998515 39.8293
0.998548 0.000219392 -0.0538719 -2.04339 0.000219392 0.999967 0.0081389 -0.413373 0.0538719 -0.0081389 0.998515 40.8847
0.998415 0.000225883 -0.0562779 -2.08754 0.000225883 0.999968 0.00802094 -0.415765 0.0562779 -0.00802094 0.998383 41.8351
