1 0 -0.000850522 -0.042937 0 1 0 -0.013744 0.000850522 0 1 0.859261
1 0 -0.000850522 -0.133121 0 1 0 -0.0184196 0.000850522 0 1 1.71383
0.999951 0 -0.00986154 -0.144841 0 1 0 -0.0374811 0.00986154 0 0.999951 2.57347
0.999951 0 -0.00986154 -0.156561 0 1 0 -0.0565426 0.00986154 0 0.999951 3.43312
0.9999 0 -0.0141615 -0.171927 0 1 0 -0.0644057 0.0141615 0 0.9999 4.29338
0.999867 0 -0.0163376 -0.223754 0 1 0 -0.0681097 0.0163376 0 0.999867 5.1512
0.999775 0 -0.0212355 -0.261786 0 1 0 -0.0715769 0.0212355 0 0.999775 6.01089
0.999689 0 -0.0249457 -0.297347 0 1 0 -0.0781872 0.0249457 0 0.999689 6.86958
0.999585 0 -0.0287986 -0.326567 0 1 0 -0.0782671 0.0287986 0 0.999585 7.72939
0.999528 0 -0.0307241 -0.378745 0 1 0 -0.0865779 0.0307241 0 0.999528 8.58836
0.999456 0 -0.0329835 -0.423092 0 1 0 -0.0936659 0.0329835 0 0.999456 9.44632
0.999456 0 -0.0329835 -0.495193 0 1 0 -0.100975 0.0329835 0 0.999456 10.3037
0.99938 0 -0.0352019 -0.520832 0 1 0 -0.108071 0.0352019 0 0.99938 11.1636
0.999268 0 -0.0382681 -0.527783 0 1 0 -0.125034 0.0382681 0 0.999268 12.023
0.999077 0 -0.0429493 -0.520786 0 1 0 -0.138167 0.0429493 0 0.999077 12.8788
0.999037 0 -0.0438868 -0.579373 0 1 0 -0.148832 0.0438868 0 0.999037 13.7404
0.999037 0 -0.0438868 -0.634457 0 1 0 -0.157303 0.0438868 0 0.999037 14.6093
0.999037 0 -0.0438868 -0.703561 0 1 0 -0.162947 0.0438868 0 0.999037 15.4882
0.998959 0 -0.0456164 -0.741081 0 1 0 -0.179885 0.0456164 0 0.998959 16.3792
0.998849 0 -0.047962 -0.762776 0 1 0 -0.186715 0.047962 0 0.998849 17.2806
0.998774 0 -0.0494968 -0.813176 0 1 0 -0.19368 0.0494968 0 0.998774 18.1854
0.998726 0 -0.0504564 -0.834633 0 1 0 -0.208991 0.0504564 0 0.998726 19.098
0.998643 0 -0.0520831 -0.884778 0 1 0 -0.220928 0.0520831 0 0.998643 20.0117
0.998536 0 -0.0540875 -0.920479 0 1 0 -0.233347 0.0540875 0 0.998536 20.9294
0.998512 0 -0.0545406 -0.973645 0 1 0 -0.236671 0.0545406 0 0.998512 21.8566
0.998512 0 -0.0545406 -1.02409 0 1 0 -0.249069 0.0545406 0 0.998512 22.7913
0.998427 0 -0.0560704 -1.03856 0 1 0 -0.277519 0.0560704 0 0.998427 23.7281
0.998577 0 -0.05332 -1.10822 0 1 0 -0.279707 0.05332 0 0.998577 24.6695
0.998785 0 -0.0492714 -1.13693 0 1 0 -0.297238 0.0492714 0 0.998785 25.6171
0.998785 0 -0.0492714 -1.16565 0 1 0 -0.31477 0.0492714 0 0.998785 26.5646
0.998942 0 -0.0459877 -1.2522 0 1 0 -0.317305 0.0459877 0 0.998942 27.514
0.999014 0 -0.0444002 -1.29906 0 1 0 -0.321532 0.0444002 0 0.999014 28.4729
0.99904 0 -0.0437981 -1.33663 0 1 0 -0.336904 0.0437981 0 0.99904 29.4419
0.999002 0 -0.0446568 -1.37123 0 1 0 -0.347457 0.0446568 0 0.999002 30.4182
0.999002 0 -0.0446568 -1.42036 0 1 0 -0.359134 0.0446568 0 0.999002 31.3978
0.998927 0 -0.0463214 -1.44665 0 1 0 -0.380288 0.0463214 0 0.998927 32.3778
0.998856 0 -0.0478114 -1.49058 0 1 0 -0.391354 0.0478114 0 0.998856 33.3573
0.998752 0 -0.0499403 -1.5328 0 1 0 -0.405438 0.0499403 0 0.998752 34.3421
0.998646 0 -0.0520182 -1.58753 0 1 0 -0.412747 0.0520182 0 0.998646 35.354
0.998618 0 -0.0525584 -1.67832 0 1 0 -0.410501 0.0525584 0 0.998618 36.4105
0.998548 0 -0.0538773 -1.72911 0 1 0 -0.427543 0.0538773 0 0.998548 37.4538
0.998548 0 -0.0538773 -1.8055 0 1 0 -0.443874 0.0538773 0 0.998548 38.4974
0.998522 0 -0.0543407 -1.87122 0 1 0 -0.450761 0.0543407 0 0.998522 39.5304
0.998522 0 -0.0543407 -1.92865 0 1 0 -0.458814 0.0543407 0 0.998522 40.5666
0.998409 0 -0.0563907 -1.98147 0 1 0 -0.466973 0.0563907 0 0.998409 41.591
0.998562 0 -0.0536054 -2.09678 0 1 0 -0.484967 0.0536054 0 0.998562 42.6092
0.998562 0 -0.0536054 -2.15665 0 1 0 -0.501053 0.0536054 0 0.998562 43.6175
0.998562 0 -0.0536054 -2.21652 0 1 0 -0.51714 0.0536054 0 0.998562 44.6258
0.998431 0 -0.0559901 -2.26283 0 1 0 -0.527833 0.0559901 0 0.998431 45.6284
0.998223 0 -0.0595905 -2.28258 0 1 0 -0.539673 0.0595905 0 0.998223 46.6298
0.998075 0 -0.0620202 -2.33194 0 1 0 -0.558683 0.0620202 0 0.998075 47.626
0.998075 0 -0.0620202 -2.41215 0 1 0 -0.573854 0.0620202 0 0.998075 48.6117
0.998075 0 -0.0620202 -2.50156 0 1 0 -0.572357 0.0620202 0 0.998075 49.5881
0.998075 0 -0.0620202 -2.56721 0 1 0 -0.582677 0.0620202 0 0.998075 50.5704
0.997997 0 -0.0632555 -2.60767 0 1 0 -0.595993 0.0632555 0 0.997997 51.553
0.997997 0 -0.0632555 -2.6779 0 1 0 -0.61109 0.0632555 0 0.997997 52.5295
0.997962 0 -0.063806 -2.73712 0 1 0 -0.627134 0.063806 0 0.997962 53.5002
0.997962 0 -0.063806 -2.79954 0 1 0 -0.65039 0.063806 0 0.997962 54.4633
0.997962 0 -0.063806 -2.86839 0 1 0 -0.665043 0.063806 0 0.997962 55.4266
0.998015 0 -0.0629766 -2.95621 0 1 0 -0.670765 0.0629766 0 0.998015 56.3836
0.998059 0 -0.0622701 -3.05037 0 1 0 -0.67746 0.0622701 0 0.998059 57.3433
0.99797 0 -0.063693 -3.09498 0 1 0 -0.68856 0.063693 0 0.99797 58.3062
0.997841 0 -0.0656729 -3.14807 0 1 0 -0.700036 0.0656729 0 0.997841 59.259
0.997774 0 -0.0666912 -3.22551 0 1 0 -0.719075 0.0666912 0 0.997774 60.1993
0.997685 0 -0.0680112 -3.29336 0 1 0 -0.738509 0.0680112 0 0.997685 61.1239
0.99763 0 -0.0688035 -3.3608 0 1 0 -0.758241 0.0688035 0 0.99763 62.0388
0.997557 0 -0.0698554 -3.43053 0 1 0 -0.762423 0.0698554 0 0.997557 62.9499
0.997481 0 -0.0709309 -3.50209 0 1 0 -0.778242 0.0709309 0 0.997481 63.8485
0.997349 0 -0.0727726 -3.55596 0 1 0 -0.793878 0.0727726 0 0.997349 64.7327
0.997275 0 -0.0737799 -3.63472 0 1 0 -0.807891 0.0737799 0 0.997275 65.6008
0.997064 0 -0.0765667 -3.71714 0 1 0 -0.834455 0.0765667 0 0.997064 66.4545
0.996878 0 -0.0789602 -3.77641 0 1 0 -0.84692 0.0789602 0 0.996878 67.2985
0.996763 0 -0.0804003 -3.84655 0 1 0 -0.864035 0.0804003 0 0.996763 68.1272
0.996722 0 -0.0808967 -3.92695 0 1 0 -0.87479 0.0808967 0 0.996722 68.9427
0.996585 0 -0.0825777 -3.99365 0 1 0 -0.886855 0.0825777 0 0.996585 69.7474
