0.999996 0 0.0027731 -0.0827446 0 1 0 0 -0.0027731 0 0.999996 0.825278
0.999998 0 0.00194945 -0.0584871 0 1 0 0 -0.00194945 0 0.999998 1.66918
0.999991 0 0.00429596 -0.094157 0 1 0 0 -0.00429596 0 0.999991 2.4502
0.999988 0 0.00498072 -0.115501 0 1 0 0 -0.00498072 0 0.999988 3.25384
0.999983 0 0.00579225 -0.108254 0 1 0 0 -0.00579225 0 0.999983 4.0022
0.999987 0 0.00503696 -0.0818593 0 1 0 0 -0.00503696 0 0.999987 4.75695
0.999974 0 0.00723804 -0.127843 0 1 0 0 -0.00723804 0 0.999974 5.47138
0.999967 0 0.00806488 -0.0947804 0 1 0 0 -0.00806488 0 0.999967 6.14489
0.999949 0 0.0100552 -0.0997769 0 1 0 0 -0.0100552 0 0.999949 6.78752
0.999947 0 0.0103063 -0.0526335 0 1 0 0 -0.0103063 0 0.999947 7.40935
0.999941 0 0.0108378 -0.0564718 0 1 0 0 -0.0108378 0 0.999941 8.02162
0.999936 0 0.0113343 -0.0359224 0 1 0 0 -0.0113343 0 0.999936 8.58302
0.999936 0 0.011279 -0.0197728 0 1 0 0 -0.011279 0 0.999936 9.09467
0.999916 0 0.012937 0.00420877 0 1 0 0 -0.012937 0 0.999916 9.57927
0.999867 0 0.0162783 0.00933956 0 1 0 0 -0.0162783 0 0.999867 10.0466
0.999857 0 0.0169131 0.0246641 0 1 0 0 -0.0169131 0 0.999857 10.4871
0.999823 0 0.0188018 0.0369088 0 1 0 0 -0.0188018 0 0.999823 10.9188
0.999717 0 0.0237918 0.0179221 0 1 0 0 -0.0237918 0 0.999717 11.291
0.999659 0 0.0261113 0.0413268 0 1 0 0 -0.0261113 0 0.999659 11.6393
0.999566 0 0.0294611 0.0346136 0 1 0 0 -0.0294611 0 0.999566 11.9709
0.999449 0 0.0332036 0.0488198 0 1 0 0 -0.0332036 0 0.999449 12.2778
0.999401 0 0.0345951 0.075163 0 1 0 0 -0.0345951 0 0.999401 12.5672
0.999423 0 0.0339695 0.0948198 0 1 0 0 -0.0339695 0 0.999423 12.779
0.999197 0 0.0400758 0.0798284 0 1 0 0 -0.0400758 0 0.999197 13.0012
0.999384 0 0.0351058 0.156643 0 1 0 0 -0.0351058 0 0.999384 13.2058
0.999111 0 0.0421649 0.1257 0 1 0 0 -0.0421649 0 0.999111 13.4176
0.998832 0 0.0483105 0.0696272 0 1 0 0 -0.0483105 0 0.998832 13.6285
0.998953 0 0.0457584 0.113599 0 1 0 0 -0.0457584 0 0.998953 13.8199
0.998953 0 0.0457584 0.157571 0 1 0 0 -0.0457584 0 0.998953 14.0112
0.998695 0 0.0510667 0.128969 0 1 0 0 -0.0510667 0 0.998695 14.2076
0.998782 0 0.0493466 0.16355 0 1 0 0 -0.0493466 0 0.998782 14.3965
0.998521 0 0.0543744 0.140605 0 1 0 0 -0.0543744 0 0.998521 14.5892
0.998435 0 0.0559297 0.15346 0 1 0 0 -0.0559297 0 0.998435 14.7796
0.998469 0 0.0553208 0.170689 0 1 0 0 -0.0553208 0 0.998469 14.9689
0.998561 0 0.0536264 0.169185 0 1 0 0 -0.0536264 0 0.998561 15.159
0.998401 0 0.0565238 0.181391 0 1 0 0 -0.0565238 0 0.998401 15.3486
0.998232 0 0.0594343 0.139152 0 1 0 0 -0.0594343 0 0.998232 15.5361
0.998856 0 0.047824 0.195272 0 1 0 0 -0.047824 0 0.998856 15.7262
0.998934 0 0.0461666 0.202638 0 1 0 0 -0.0461666 0 0.998934 15.9157
0.999059 0 0.0433736 0.173916 0 1 0 0 -0.0433736 0 0.999059 16.1045
0.999493 0 0.0318256 0.224888 0 1 0 0 -0.0318256 0 0.999493 16.2938
0.999604 0 0.0281354 0.167015 0 1 0 0 -0.0281354 0 0.999604 16.4787
0.999769 0 0.0214923 0.158265 0 1 0 0 -0.0214923 0 0.999769 16.6652
0.999956 0 0.00934134 0.162643 0 1 0 0 -0.00934134 0 0.999956 16.8539
0.999996 0 -0.00269163 0.138983 0 1 0 0 0.00269163 0 0.999996 17.0453
0.999824 0 -0.018768 0.118005 0 1 0 0 0.018768 0 0.999824 17.2443
0.999251 0 -0.0386911 0.0798817 0 1 0 0 0.0386911 0 0.999251 17.44
0.998185 0 -0.0602186 0.0354582 0 1 0 0 0.0602186 0 0.998185 17.6489
0.996502 0 -0.08357 -0.00911256 0 1 0 0 0.08357 0 0.996502 17.8614
0.993868 0 -0.110574 -0.076425 0 1 0 0 0.110574 0 0.993868 18.0926
0.990071 0 -0.140567 -0.151095 0 1 0 0 0.140567 0 0.990071 18.3244
0.984874 0 -0.173269 -0.246369 0 1 0 0 0.173269 0 0.984874 18.5769
0.97768 0 -0.2101 -0.365148 0 1 0 0 0.2101 0 0.97768 18.836
0.968286 0 -0.249844 -0.470197 0 1 0 0 0.249844 0 0.968286 19.0978
0.956585 0 -0.291453 -0.615522 0 1 0 0 0.291453 0 0.956585 19.3734
0.942942 0 -0.332958 -0.796271 0 1 0 0 0.332958 0 0.942942 19.6479
0.926495 0 -0.376308 -0.971426 0 1 0 0 0.376308 0 0.926495 19.922
0.907475 0 -0.420107 -1.1762 0 1 0 0 0.420107 0 0.907475 20.2138
0.885968 0 -0.463746 -1.39678 0 1 0 0 0.463746 0 0.885968 20.4883
0.861738 0 -0.507353 -1.63057 0 1 0 0 0.507353 0 0.861738 20.7304
0.83408 0 -0.551644 -1.88981 0 1 0 0 0.551644 0 0.83408 20.9999
0.804443 0 -0.594029 -2.18394 0 1 0 0 0.594029 0 0.804443 21.2392
0.770419 0 -0.637538 -2.47845 0 1 0 0 0.637538 0 0.770419 21.4964
0.734526 0 -0.67858 -2.80893 0 1 0 0 0.67858 0 0.734526 21.7254
0.696193 0 -0.717855 -3.14988 0 1 0 0 0.717855 0 0.696193 21.9492
0.655819 0 -0.754919 -3.53938 0 1 0 0 0.754919 0 0.655819 22.1816
0.61288 0 -0.790176 -3.95524 0 1 0 0 0.790176 0 0.61288 22.4132
0.571001 0 -0.82095 -4.40305 0 1 0 0 0.82095 0 0.571001 22.5816
0.521722 0 -0.853115 -4.85329 0 1 0 0 0.853115 0 0.521722 22.8054
0.474146 0 -0.880446 -5.3344 0 1 0 0 0.880446 0 0.474146 22.9413
0.422299 0 -0.906457 -5.86887 0 1 0 0 0.906457 0 0.422299 23.0842
0.368828 0 -0.929498 -6.41284 0 1 0 0 0.929498 0 0.368828 23.2038
0.315884 0 -0.948798 -6.98777 0 1 0 0 0.948798 0 0.315884 23.2893
0.262928 0 -0.964815 -7.57895 0 1 0 0 0.964815 0 0.262928 23.3489
0.211785 0 -0.977316 -8.19225 0 1 0 0 0.977316 0 0.211785 23.3852
0.163531 0 -0.986538 -8.85594 0 1 0 0 0.986538 0 0.163531 23.4039
0.119223 0 -0.992867 -9.52269 0 1 0 0 0.992867 0 0.119223 23.3997
0.0794012 0 -0.996843 -10.2259 0 1 0 0 0.996843 0 0.0794012 23.3638
0.0440047 0 -0.999031 -10.9194 0 1 0 0 0.999031 0 0.0440047 23.3167
0.0157962 0 -0.999875 -11.6439 0 1 0 0 0.999875 0 0.0157962 23.2558
-0.00514092 -0 -0.999987 -12.3993 0 1 -0 0 0.999987 0 -0.00514092 23.1984
-0.0182509 -0 -0.999833 -13.2119 0 1 -0 0 0.999833 0 -0.0182509 23.1492
-0.0263927 -0 -0.999652 -13.9973 0 1 -0 0 0.999652 0 -0.0263927 23.105
-0.0300918 -0 -0.999547 -14.8152 0 1 -0 0 0.999547 0 -0.0300918 23.0618
-0.0298987 -0 -0.999553 -15.6316 0 1 -0 0 0.999553 0 -0.0298987 23.036
-0.0264871 -0 -0.999649 -16.5103 0 1 -0 0 0.999649 0 -0.0264871 23.0388
-0.0207629 -0 -0.999784 -17.3783 0 1 -0 0 0.999784 0 -0.0207629 23.0211
-0.0149567 -0 -0.999888 -18.2816 0 1 -0 0 0.999888 0 -0.0149567 23.0139
-0.0127402 -0 -0.999919 -19.1779 0 1 -0 0 0.999919 0 -0.0127402 23.0217
-0.0104932 -0 -0.999945 -20.1257 0 1 -0 0 0.999945 0 -0.0104932 23.0173
-0.00950367 -0 -0.999955 -21.0644 0 1 -0 0 0.999955 0 -0.00950367 22.9921
-0.0109754 -0 -0.99994 -22.0259 0 1 -0 0 0.99994 0 -0.0109754 22.9817
-0.0144704 -0 -0.999895 -23.0081 0 1 -0 0 0.999895 0 -0.0144704 22.9386
-0.0186302 -0 -0.999826 -24.0124 0 1 -0 0 0.999826 0 -0.0186302 22.8963
-0.0232639 -0 -0.999729 -25.0469 0 1 -0 0 0.999729 0 -0.0232639 22.8543
-0.0248161 -0 -0.999692 -26.0943 0 1 -0 0 0.999692 0 -0.0248161 22.8121
-0.0261575 -0 -0.999658 -27.1468 0 1 -0 0 0.999658 0 -0.0261575 22.783
-0.0273789 -0 -0.999625 -28.192 0 1 -0 0 0.999625 0 -0.0273789 22.7473
-0.0293637 -0 -0.999569 -29.2404 0 1 -0 0 0.999569 0 -0.0293637 22.7081
-0.031615 -0 -0.9995 -30.3524 0 1 -0 0 0.9995 0 -0.031615 22.6551
-0.0362743 -0 -0.999342 -31.5031 0 1 -0 0 0.999342 0 -0.0362743 22.6034
-0.0421304 -0 -0.999112 -32.6009 0 1 -0 0 0.999112 0 -0.0421304 22.5436
-0.0484119 -0 -0.998827 -33.727 0 1 -0 0 0.998827 0 -0.0484119 22.4562
-0.0551118 -0 -0.99848 -34.8339 0 1 -0 0 0.99848 0 -0.0551118 22.3791
-0.061228 -0 -0.998124 -35.9828 0 1 -0 0 0.998124 0 -0.061228 22.2893
-0.0671191 -0 -0.997745 -37.1039 0 1 -0 0 0.997745 0 -0.0671191 22.1916
-0.071539 -0 -0.997438 -38.2457 0 1 -0 0 0.997438 0 -0.071539 22.088
-0.0734786 -0 -0.997297 -39.3621 0 1 -0 0 0.997297 0 -0.0734786 21.9672
-0.0754347 -0 -0.997151 -40.4992 0 1 -0 0 0.997151 0 -0.0754347 21.8796
-0.0764762 -0 -0.997071 -41.61 0 1 -0 0 0.997071 0 -0.0764762 21.7719
-0.0779368 -0 -0.996958 -42.7172 0 1 -0 0 0.996958 0 -0.0779368 21.682
-0.0790862 -0 -0.996868 -43.8261 0 1 -0 0 0.996868 0 -0.0790862 21.5837
-0.0794982 -0 -0.996835 -44.9324 0 1 -0 0 0.996835 0 -0.0794982 21.4802
-0.0803247 -0 -0.996769 -46.0433 0 1 -0 0 0.996769 0 -0.0803247 21.3837
-0.0801393 -0 -0.996784 -47.1548 0 1 -0 0 0.996784 0 -0.0801393 21.2728
-0.0792527 -0 -0.996855 -48.2744 0 1 -0 0 0.996855 0 -0.0792527 21.1755
-0.0782569 -0 -0.996933 -49.396 0 1 -0 0 0.996933 0 -0.0782569 21.0917
-0.0758208 -0 -0.997121 -50.5043 0 1 -0 0 0.997121 0 -0.0758208 20.9931
-0.0748087 -0 -0.997198 -51.6221 0 1 -0 0 0.997198 0 -0.0748087 20.9123
-0.0719848 -0 -0.997406 -52.7576 0 1 -0 0 0.997406 0 -0.0719848 20.8312
-0.0671313 -0 -0.997744 -53.8868 0 1 -0 0 0.997744 0 -0.0671313 20.7341
-0.0611754 -0 -0.998127 -55.0278 0 1 -0 0 0.998127 0 -0.0611754 20.6508
-0.0553654 -0 -0.998466 -56.1465 0 1 -0 0 0.998466 0 -0.0553654 20.5982
-0.0493789 -0 -0.99878 -57.2811 0 1 -0 0 0.99878 0 -0.0493789 20.5385
-0.0426312 -0 -0.999091 -58.412 0 1 -0 0 0.999091 0 -0.0426312 20.4736
-0.0386184 -0 -0.999254 -59.5529 0 1 -0 0 0.999254 0 -0.0386184 20.4595
-0.0330214 -0 -0.999455 -60.6987 0 1 -0 0 0.999455 0 -0.0330214 20.4138
-0.0269254 -0 -0.999637 -61.8453 0 1 -0 0 0.999637 0 -0.0269254 20.383
-0.0217796 -0 -0.999763 -63.0037 0 1 -0 0 0.999763 0 -0.0217796 20.3737
-0.0169335 -0 -0.999857 -64.1489 0 1 -0 0 0.999857 0 -0.0169335 20.3618
-0.0117501 -0 -0.999931 -65.2901 0 1 -0 0 0.999931 0 -0.0117501 20.3477
-0.00745407 -0 -0.999972 -66.4356 0 1 -0 0 0.999972 0 -0.00745407 20.3416
-0.00379282 -0 -0.999993 -67.5988 0 1 -0 0 0.999993 0 -0.00379282 20.3387
-0.000986092 -0 -1 -68.7938 0 1 -0 0 1 0 -0.000986092 20.351
0.00184287 0 -0.999998 -70.0091 0 1 0 0 0.999998 0 0.00184287 20.3431
0.00263118 0 -0.999997 -71.2111 0 1 0 0 0.999997 0 0.00263118 20.3387
0.00336841 0 -0.999994 -72.4119 0 1 0 0 0.999994 0 0.00336841 20.3468
0.004245 0 -0.999991 -73.6144 0 1 0 0 0.999991 0 0.004245 20.3445
0.00538175 0 -0.999986 -74.8309 0 1 0 0 0.999986 0 0.00538175 20.3424
0.00543097 0 -0.999985 -76.0712 0 1 0 0 0.999985 0 0.00543097 20.3547
0.0056486 0 -0.999984 -77.2652 0 1 0 0 0.999984 0 0.0056486 20.3635
0.00673907 0 -0.999977 -78.4609 0 1 0 0 0.999977 0 0.00673907 20.3475
0.00545309 0 -0.999985 -79.6567 0 1 0 0 0.999985 0 0.00545309 20.3784
0.00616608 0 -0.999981 -80.8603 0 1 0 0 0.999981 0 0.00616608 20.3611
0.00881158 0 -0.999961 -82.0461 0 1 0 0 0.999961 0 0.00881158 20.3146
0.00920545 0 -0.999958 -83.2258 0 1 0 0 0.999958 0 0.00920545 20.3207
0.00943503 0 -0.999955 -84.4149 0 1 0 0 0.999955 0 0.00943503 20.3176
0.0101228 0 -0.999949 -85.6387 0 1 0 0 0.999949 0 0.0101228 20.3205
0.00877223 0 -0.999962 -86.8462 0 1 0 0 0.999962 0 0.00877223 20.3491
0.0100703 0 -0.999949 -88.0481 0 1 0 0 0.999949 0 0.0100703 20.3233
0.00900371 0 -0.999959 -89.2492 0 1 0 0 0.999959 0 0.00900371 20.3609
0.0104185 0 -0.999946 -90.4477 0 1 0 0 0.999946 0 0.0104185 20.3573
0.00982887 0 -0.999952 -91.6556 0 1 0 0 0.999952 0 0.00982887 20.3713
0.00950107 0 -0.999955 -92.8405 0 1 0 0 0.999955 0 0.00950107 20.3833
0.0108281 0 -0.999941 -94.0165 0 1 0 0 0.999941 0 0.0108281 20.3804
0.0102861 0 -0.999947 -95.1868 0 1 0 0 0.999947 0 0.0102861 20.3963
0.0128716 0 -0.999917 -96.3604 0 1 0 0 0.999917 0 0.0128716 20.3341
0.0116751 0 -0.999932 -97.5279 0 1 0 0 0.999932 0 0.0116751 20.3809
0.0130986 0 -0.999914 -98.6872 0 1 0 0 0.999914 0 0.0130986 20.3739
0.0132751 0 -0.999912 -99.8501 0 1 0 0 0.999912 0 0.0132751 20.3835
0.0140238 0 -0.999902 -101.022 0 1 0 0 0.999902 0 0.0140238 20.3735
0.0142422 0 -0.999899 -102.193 0 1 0 0 0.999899 0 0.0142422 20.3881
0.0163046 0 -0.999867 -103.361 0 1 0 0 0.999867 0 0.0163046 20.3633
0.0150307 0 -0.999887 -104.531 0 1 0 0 0.999887 0 0.0150307 20.401
0.0146481 0 -0.999893 -105.698 0 1 0 0 0.999893 0 0.0146481 20.4153
0.0164171 0 -0.999865 -106.872 0 1 0 0 0.999865 0 0.0164171 20.407
0.0153519 0 -0.999882 -108.048 0 1 0 0 0.999882 0 0.0153519 20.4148
0.0151639 0 -0.999885 -109.24 0 1 0 0 0.999885 0 0.0151639 20.4235
0.0159554 0 -0.999873 -110.424 0 1 0 0 0.999873 0 0.0159554 20.4192
0.0152664 0 -0.999883 -111.616 0 1 0 0 0.999883 0 0.0152664 20.4353
0.0154254 0 -0.999881 -112.804 0 1 0 0 0.999881 0 0.0154254 20.4328
0.0147254 0 -0.999892 -114.005 0 1 0 0 0.999892 0 0.0147254 20.4426
0.0137051 0 -0.999906 -115.213 0 1 0 0 0.999906 0 0.0137051 20.4574
0.0132277 0 -0.999913 -116.429 0 1 0 0 0.999913 0 0.0132277 20.4696
0.0131648 0 -0.999913 -117.651 0 1 0 0 0.999913 0 0.0131648 20.4545
0.0127982 0 -0.999918 -118.874 0 1 0 0 0.999918 0 0.0127982 20.4491
0.0124323 0 -0.999923 -120.102 0 1 0 0 0.999923 0 0.0124323 20.4604
0.0113567 0 -0.999936 -121.333 0 1 0 0 0.999936 0 0.0113567 20.4669
0.00999585 0 -0.99995 -122.572 0 1 0 0 0.99995 0 0.00999585 20.4828
0.010687 0 -0.999943 -123.824 0 1 0 0 0.999943 0 0.010687 20.4558
0.00986779 0 -0.999951 -125.085 0 1 0 0 0.999951 0 0.00986779 20.4654
0.00978214 0 -0.999952 -126.346 0 1 0 0 0.999952 0 0.00978214 20.4704
0.00991335 0 -0.999951 -127.608 0 1 0 0 0.999951 0 0.00991335 20.4639
0.0092637 0 -0.999957 -128.868 0 1 0 0 0.999957 0 0.0092637 20.4834
0.00891111 0 -0.99996 -130.13 0 1 0 0 0.99996 0 0.00891111 20.4821
0.00936272 0 -0.999956 -131.39 0 1 0 0 0.999956 0 0.00936272 20.4678
0.0078677 0 -0.999969 -132.651 0 1 0 0 0.999969 0 0.0078677 20.4845
0.0090604 0 -0.999959 -133.905 0 1 0 0 0.999959 0 0.0090604 20.4621
0.00852945 0 -0.999964 -135.177 0 1 0 0 0.999964 0 0.00852945 20.4584
0.007249 0 -0.999974 -136.456 0 1 0 0 0.999974 0 0.007249 20.4826
0.00795277 0 -0.999968 -137.722 0 1 0 0 0.999968 0 0.00795277 20.4692
0.0097407 0 -0.999953 -139 0 1 0 0 0.999953 0 0.0097407 20.4675
0.0105351 0 -0.999945 -140.262 0 1 0 0 0.999945 0 0.0105351 20.4602
0.0111136 0 -0.999938 -141.528 0 1 0 0 0.999938 0 0.0111136 20.4753
0.0104326 0 -0.999946 -142.786 0 1 0 0 0.999946 0 0.0104326 20.5191
0.0122095 0 -0.999925 -144.052 0 1 0 0 0.999925 0 0.0122095 20.5189
0.0137477 0 -0.999905 -145.306 0 1 0 0 0.999905 0 0.0137477 20.5212
0.0150946 0 -0.999886 -146.558 0 1 0 0 0.999886 0 0.0150946 20.5332
0.0151307 0 -0.999886 -147.801 0 1 0 0 0.999886 0 0.0151307 20.5334
0.0155048 0 -0.99988 -149.047 0 1 0 0 0.99988 0 0.0155048 20.5173
0.0160727 0 -0.999871 -150.3 0 1 0 0 0.999871 0 0.0160727 20.5455
0.0140355 0 -0.999901 -151.543 0 1 0 0 0.999901 0 0.0140355 20.5748
0.0131996 0 -0.999913 -152.786 0 1 0 0 0.999913 0 0.0131996 20.5994
0.0121324 0 -0.999926 -154.025 0 1 0 0 0.999926 0 0.0121324 20.6171
0.0127608 0 -0.999919 -155.269 0 1 0 0 0.999919 0 0.0127608 20.605
0.0115604 0 -0.999933 -156.507 0 1 0 0 0.999933 0 0.0115604 20.6275
0.0131352 0 -0.999914 -157.744 0 1 0 0 0.999914 0 0.0131352 20.573
0.010181 0 -0.999948 -158.976 0 1 0 0 0.999948 0 0.010181 20.6545
0.0123069 0 -0.999924 -160.215 0 1 0 0 0.999924 0 0.0123069 20.6142
0.0126852 0 -0.99992 -161.45 0 1 0 0 0.99992 0 0.0126852 20.6152
0.0145663 0 -0.999894 -162.683 0 1 0 0 0.999894 0 0.0145663 20.6254
0.0160873 0 -0.999871 -163.906 0 1 0 0 0.999871 0 0.0160873 20.6265
0.0176866 0 -0.999844 -165.122 0 1 0 0 0.999844 0 0.0176866 20.6399
0.0176222 0 -0.999845 -166.344 0 1 0 0 0.999845 0 0.0176222 20.6609
0.0188409 0 -0.999822 -167.565 0 1 0 0 0.999822 0 0.0188409 20.6917
0.0178228 0 -0.999841 -168.782 0 1 0 0 0.999841 0 0.0178228 20.747
0.0181 0 -0.999836 -169.988 0 1 0 0 0.999836 0 0.0181 20.7461
0.0167506 0 -0.99986 -171.185 0 1 0 0 0.99986 0 0.0167506 20.7573
0.0162585 0 -0.999868 -172.394 0 1 0 0 0.999868 0 0.0162585 20.7961
0.019266 0 -0.999814 -173.599 0 1 0 0 0.999814 0 0.019266 20.7727
0.0215163 0 -0.999768 -174.799 0 1 0 0 0.999768 0 0.0215163 20.8007
0.0231484 0 -0.999732 -176.005 0 1 0 0 0.999732 0 0.0231484 20.8013
0.0239129 0 -0.999714 -177.209 0 1 0 0 0.999714 0 0.0239129 20.8305
0.023509 0 -0.999724 -178.401 0 1 0 0 0.999724 0 0.023509 20.8738
0.0270102 0 -0.999635 -179.576 0 1 0 0 0.999635 0 0.0270102 20.8483
0.027738 0 -0.999615 -180.725 0 1 0 0 0.999615 0 0.027738 20.8954
0.0288184 0 -0.999585 -181.843 0 1 0 0 0.999585 0 0.0288184 20.9327
0.0298408 0 -0.999555 -182.932 0 1 0 0 0.999555 0 0.0298408 20.9455
0.030602 0 -0.999532 -183.998 0 1 0 0 0.999532 0 0.030602 20.9521
0.0310258 0 -0.999519 -185.039 0 1 0 0 0.999519 0 0.0310258 20.9739
0.0303682 0 -0.999539 -186.049 0 1 0 0 0.999539 0 0.0303682 21.0097
0.0333892 0 -0.999442 -187.024 0 1 0 0 0.999442 0 0.0333892 20.9985
0.0352232 0 -0.999379 -187.973 0 1 0 0 0.999379 0 0.0352232 21.0384
0.0328059 0 -0.999462 -188.908 0 1 0 0 0.999462 0 0.0328059 21.0887
0.031881 0 -0.999492 -189.844 0 1 0 0 0.999492 0 0.031881 21.0553
0.0255247 0 -0.999674 -190.766 0 1 0 0 0.999674 0 0.0255247 21.112
0.0211704 0 -0.999776 -191.687 0 1 0 0 0.999776 0 0.0211704 21.0972
0.0170505 0 -0.999855 -192.612 0 1 0 0 0.999855 0 0.0170505 21.1207
0.0141181 0 -0.9999 -193.526 0 1 0 0 0.9999 0 0.0141181 21.1184
0.0131418 0 -0.999914 -194.447 0 1 0 0 0.999914 0 0.0131418 21.1018
0.0114544 0 -0.999934 -195.359 0 1 0 0 0.999934 0 0.0114544 21.1116
0.0103576 0 -0.999946 -196.267 0 1 0 0 0.999946 0 0.0103576 21.0976
0.0068675 0 -0.999976 -197.171 0 1 0 0 0.999976 0 0.0068675 21.1441
0.00737531 0 -0.999973 -198.076 0 1 0 0 0.999973 0 0.00737531 21.1236
0.00708915 0 -0.999975 -198.98 0 1 0 0 0.999975 0 0.00708915 21.1233
0.00751104 0 -0.999972 -199.888 0 1 0 0 0.999972 0 0.00751104 21.1303
0.00865509 0 -0.999963 -200.796 0 1 0 0 0.999963 0 0.00865509 21.1221
0.00958767 0 -0.999954 -201.711 0 1 0 0 0.999954 0 0.00958767 21.1239
0.00995876 0 -0.99995 -202.631 0 1 0 0 0.99995 0 0.00995876 21.1312
0.0119548 0 -0.999929 -203.559 0 1 0 0 0.999929 0 0.0119548 21.1162
0.0117322 0 -0.999931 -204.496 0 1 0 0 0.999931 0 0.0117322 21.1283
0.0120182 0 -0.999928 -205.43 0 1 0 0 0.999928 0 0.0120182 21.1406
0.0128176 0 -0.999918 -206.371 0 1 0 0 0.999918 0 0.0128176 21.141
0.0134067 0 -0.99991 -207.323 0 1 0 0 0.99991 0 0.0134067 21.1466
0.0158137 0 -0.999875 -208.291 0 1 0 0 0.999875 0 0.0158137 21.1391
0.017377 0 -0.999849 -209.255 0 1 0 0 0.999849 0 0.017377 21.1607
0.0198423 0 -0.999803 -210.255 0 1 0 0 0.999803 0 0.0198423 21.1794
0.0226514 0 -0.999743 -211.252 0 1 0 0 0.999743 0 0.0226514 21.1558
0.0227567 0 -0.999741 -212.265 0 1 0 0 0.999741 0 0.0227567 21.2148
0.0240794 0 -0.99971 -213.271 0 1 0 0 0.99971 0 0.0240794 21.2651
0.0251097 0 -0.999685 -214.303 0 1 0 0 0.999685 0 0.0251097 21.2998
0.0270583 0 -0.999634 -215.349 0 1 0 0 0.999634 0 0.0270583 21.3363
0.0324659 0 -0.999473 -216.403 0 1 0 0 0.999473 0 0.0324659 21.3674
0.034556 0 -0.999403 -217.432 0 1 0 0 0.999403 0 0.034556 21.3788
0.0374865 0 -0.999297 -218.434 0 1 0 0 0.999297 0 0.0374865 21.4299
0.0402062 0 -0.999191 -219.461 0 1 0 0 0.999191 0 0.0402062 21.4586
0.0388383 0 -0.999246 -220.512 0 1 0 0 0.999246 0 0.0388383 21.5595
0.0427052 0 -0.999088 -221.563 0 1 0 0 0.999088 0 0.0427052 21.555
0.0427543 0 -0.999086 -222.608 0 1 0 0 0.999086 0 0.0427543 21.6227
0.0428313 0 -0.999082 -223.657 0 1 0 0 0.999082 0 0.0428313 21.6793
0.0441109 0 -0.999027 -224.72 0 1 0 0 0.999027 0 0.0441109 21.6798
0.0439468 0 -0.999034 -225.787 0 1 0 0 0.999034 0 0.0439468 21.7347
0.0406881 0 -0.999172 -226.863 0 1 0 0 0.999172 0 0.0406881 21.8498
0.0368762 0 -0.99932 -227.961 0 1 0 0 0.99932 0 0.0368762 21.9631
0.0396429 0 -0.999214 -229.08 0 1 0 0 0.999214 0 0.0396429 21.9593
0.0368762 0 -0.99932 -230.196 0 1 0 0 0.99932 0 0.0368762 22.0035
0.0353675 0 -0.999374 -231.321 0 1 0 0 0.999374 0 0.0353675 22.068
0.0372794 0 -0.999305 -232.459 0 1 0 0 0.999305 0 0.0372794 22.0542
0.0374472 0 -0.999299 -233.603 0 1 0 0 0.999299 0 0.0374472 22.0581
0.0360046 0 -0.999352 -234.749 0 1 0 0 0.999352 0 0.0360046 22.1087
0.0347885 0 -0.999395 -235.9 0 1 0 0 0.999395 0 0.0347885 22.1311
0.0338675 0 -0.999426 -237.057 0 1 0 0 0.999426 0 0.0338675 22.1464
0.030893 0 -0.999523 -238.227 0 1 0 0 0.999523 0 0.030893 22.2018
0.0286046 0 -0.999591 -239.406 0 1 0 0 0.999591 0 0.0286046 22.2271
0.0263375 0 -0.999653 -240.597 0 1 0 0 0.999653 0 0.0263375 22.2594
0.0244709 0 -0.999701 -241.79 0 1 0 0 0.999701 0 0.0244709 22.2622
0.041997 0 -0.999118 -242.98 0 1 0 0 0.999118 0 0.041997 22.1126
0.0260224 0 -0.999661 -244.196 0 1 0 0 0.999661 0 0.0260224 22.2658
0.0260549 0 -0.999661 -245.404 0 1 0 0 0.999661 0 0.0260549 22.2688
0.0269531 0 -0.999637 -246.617 0 1 0 0 0.999637 0 0.0269531 22.2633
0.0222825 0 -0.999752 -247.842 0 1 0 0 0.999752 0 0.0222825 22.2917
0.0204844 0 -0.99979 -249.068 0 1 0 0 0.99979 0 0.0204844 22.3038
0.0188253 0 -0.999823 -250.308 0 1 0 0 0.999823 0 0.0188253 22.3086
0.0159708 0 -0.999872 -251.553 0 1 0 0 0.999872 0 0.0159708 22.3303
0.0137241 0 -0.999906 -252.801 0 1 0 0 0.999906 0 0.0137241 22.3289
0.0115414 0 -0.999933 -254.042 0 1 0 0 0.999933 0 0.0115414 22.3216
0.0110458 0 -0.999939 -255.281 0 1 0 0 0.999939 0 0.0110458 22.314
0.0104257 0 -0.999946 -256.539 0 1 0 0 0.999946 0 0.0104257 22.3148
0.00913967 0 -0.999958 -257.799 0 1 0 0 0.999958 0 0.00913967 22.3453
0.00924178 0 -0.999957 -259.051 0 1 0 0 0.999957 0 0.00924178 22.3503
0.0089379 0 -0.99996 -260.299 0 1 0 0 0.99996 0 0.0089379 22.3631
0.00770599 0 -0.99997 -261.558 0 1 0 0 0.99997 0 0.00770599 22.3772
0.00881357 0 -0.999961 -262.823 0 1 0 0 0.999961 0 0.00881357 22.364
0.00817207 0 -0.999967 -264.081 0 1 0 0 0.999967 0 0.00817207 22.3735
0.00868105 0 -0.999962 -265.336 0 1 0 0 0.999962 0 0.00868105 22.3795
0.00880909 0 -0.999961 -266.586 0 1 0 0 0.999961 0 0.00880909 22.3787
0.0086002 0 -0.999963 -267.848 0 1 0 0 0.999963 0 0.0086002 22.3885
0.00841808 0 -0.999965 -269.104 0 1 0 0 0.999965 0 0.00841808 22.403
0.00904948 0 -0.999959 -270.359 0 1 0 0 0.999959 0 0.00904948 22.3963
0.00933673 0 -0.999956 -271.601 0 1 0 0 0.999956 0 0.00933673 22.3943
0.010944 0 -0.99994 -272.842 0 1 0 0 0.99994 0 0.010944 22.3545
0.0091931 0 -0.999958 -274.091 0 1 0 0 0.999958 0 0.0091931 22.3996
0.0100094 0 -0.99995 -275.343 0 1 0 0 0.99995 0 0.0100094 22.3825
0.0105605 0 -0.999944 -276.585 0 1 0 0 0.999944 0 0.0105605 22.3766
0.010966 0 -0.99994 -277.816 0 1 0 0 0.99994 0 0.010966 22.3748
0.0100843 0 -0.999949 -279.04 0 1 0 0 0.999949 0 0.0100843 22.3966
0.00944697 0 -0.999955 -280.27 0 1 0 0 0.999955 0 0.00944697 22.3974
0.0101403 0 -0.999949 -281.51 0 1 0 0 0.999949 0 0.0101403 22.4258
0.0118479 0 -0.99993 -282.745 0 1 0 0 0.99993 0 0.0118479 22.4257
0.0131805 0 -0.999913 -283.987 0 1 0 0 0.999913 0 0.0131805 22.4373
0.0145488 0 -0.999894 -285.223 0 1 0 0 0.999894 0 0.0145488 22.4296
0.0158273 0 -0.999875 -286.456 0 1 0 0 0.999875 0 0.0158273 22.4091
0.015664 0 -0.999877 -287.681 0 1 0 0 0.999877 0 0.015664 22.4528
0.0148415 0 -0.99989 -288.903 0 1 0 0 0.99989 0 0.0148415 22.4699
0.0163342 0 -0.999867 -290.125 0 1 0 0 0.999867 0 0.0163342 22.4594
0.014923 0 -0.999889 -291.348 0 1 0 0 0.999889 0 0.014923 22.5062
0.0156704 0 -0.999877 -292.574 0 1 0 0 0.999877 0 0.0156704 22.5473
0.0165626 0 -0.999863 -293.799 0 1 0 0 0.999863 0 0.0165626 22.5157
0.0165149 0 -0.999864 -295.024 0 1 0 0 0.999864 0 0.0165149 22.5294
0.0173861 0 -0.999849 -296.249 0 1 0 0 0.999849 0 0.0173861 22.5438
0.0166029 0 -0.999862 -297.503 0 1 0 0 0.999862 0 0.0166029 22.5666
0.0170644 0 -0.999854 -298.695 0 1 0 0 0.999854 0 0.0170644 22.5764
0.0160272 0 -0.999872 -299.926 0 1 0 0 0.999872 0 0.0160272 22.5669
0.0175247 0 -0.999846 -301.16 0 1 0 0 0.999846 0 0.0175247 22.5661
0.0172594 0 -0.999851 -302.396 0 1 0 0 0.999851 0 0.0172594 22.5536
0.0165963 0 -0.999862 -303.629 0 1 0 0 0.999862 0 0.0165963 22.5827
0.016479 0 -0.999864 -304.873 0 1 0 0 0.999864 0 0.016479 22.5989
0.0164843 0 -0.999864 -306.119 0 1 0 0 0.999864 0 0.0164843 22.5865
0.0150245 0 -0.999887 -307.368 0 1 0 0 0.999887 0 0.0150245 22.6218
0.0140307 0 -0.999902 -308.618 0 1 0 0 0.999902 0 0.0140307 22.6303
0.0130645 0 -0.999915 -309.87 0 1 0 0 0.999915 0 0.0130645 22.643
0.0128189 0 -0.999918 -311.118 0 1 0 0 0.999918 0 0.0128189 22.6406
0.0127473 0 -0.999919 -312.359 0 1 0 0 0.999919 0 0.0127473 22.6349
0.0119793 0 -0.999928 -313.604 0 1 0 0 0.999928 0 0.0119793 22.6535
0.0128592 0 -0.999917 -314.847 0 1 0 0 0.999917 0 0.0128592 22.6502
0.0150086 0 -0.999887 -316.108 0 1 0 0 0.999887 0 0.0150086 22.6393
0.0140752 0 -0.999901 -317.361 0 1 0 0 0.999901 0 0.0140752 22.6785
0.0146504 0 -0.999893 -318.618 0 1 0 0 0.999893 0 0.0146504 22.6871
0.014728 0 -0.999892 -319.871 0 1 0 0 0.999892 0 0.014728 22.7084
0.0134287 0 -0.99991 -321.17 0 1 0 0 0.99991 0 0.0134287 22.7494
0.0157369 0 -0.999876 -322.385 0 1 0 0 0.999876 0 0.0157369 22.7305
0.0163953 0 -0.999866 -323.638 0 1 0 0 0.999866 0 0.0163953 22.7497
0.0178785 0 -0.99984 -324.903 0 1 0 0 0.99984 0 0.0178785 22.7653
0.0202934 0 -0.999794 -326.164 0 1 0 0 0.999794 0 0.0202934 22.7806
0.0213958 0 -0.999771 -327.432 0 1 0 0 0.999771 0 0.0213958 22.8121
0.0237065 0 -0.999719 -328.695 0 1 0 0 0.999719 0 0.0237065 22.8322
0.0230116 0 -0.999735 -329.983 0 1 0 0 0.999735 0 0.0230116 22.8703
0.0240688 0 -0.99971 -331.228 0 1 0 0 0.99971 0 0.0240688 22.8772
0.0230187 0 -0.999735 -332.49 0 1 0 0 0.999735 0 0.0230187 22.932
0.0247542 0 -0.999694 -333.755 0 1 0 0 0.999694 0 0.0247542 22.8927
0.0241563 0 -0.999708 -335.017 0 1 0 0 0.999708 0 0.0241563 22.9378
0.0236399 0 -0.999721 -336.266 0 1 0 0 0.999721 0 0.0236399 22.9488
0.0236734 0 -0.99972 -337.512 0 1 0 0 0.99972 0 0.0236734 22.9925
0.0229912 0 -0.999736 -338.765 0 1 0 0 0.999736 0 0.0229912 23.0061
0.0247494 0 -0.999694 -340.019 0 1 0 0 0.999694 0 0.0247494 22.9265
0.0234559 0 -0.999725 -341.265 0 1 0 0 0.999725 0 0.0234559 23.0251
0.024923 0 -0.999689 -342.506 0 1 0 0 0.999689 0 0.024923 22.9924
0.0233663 0 -0.999727 -343.744 0 1 0 0 0.999727 0 0.0233663 23.0497
0.0234624 0 -0.999725 -344.971 0 1 0 0 0.999725 0 0.0234624 23.0728
0.0236249 0 -0.999721 -346.186 0 1 0 0 0.999721 0 0.0236249 23.0924
0.0251062 0 -0.999685 -347.387 0 1 0 0 0.999685 0 0.0251062 23.0548
0.0241458 0 -0.999708 -348.575 0 1 0 0 0.999708 0 0.0241458 23.1108
0.0259513 0 -0.999663 -349.751 0 1 0 0 0.999663 0 0.0259513 23.0718
0.0263676 0 -0.999652 -350.912 0 1 0 0 0.999652 0 0.0263676 23.1012
0.0255496 0 -0.999674 -352.058 0 1 0 0 0.999674 0 0.0255496 23.1172
0.0256107 0 -0.999672 -353.186 0 1 0 0 0.999672 0 0.0256107 23.1473
0.0251299 0 -0.999684 -354.296 0 1 0 0 0.999684 0 0.0251299 23.1653
0.0244289 0 -0.999702 -355.389 0 1 0 0 0.999702 0 0.0244289 23.1981
0.0227381 0 -0.999741 -356.463 0 1 0 0 0.999741 0 0.0227381 23.2435
0.0230743 0 -0.999734 -357.519 0 1 0 0 0.999734 0 0.0230743 23.222
0.0220966 0 -0.999756 -358.564 0 1 0 0 0.999756 0 0.0220966 23.2503
0.020976 0 -0.99978 -359.606 0 1 0 0 0.99978 0 0.020976 23.2702
0.0208646 0 -0.999782 -360.653 0 1 0 0 0.999782 0 0.0208646 23.2696
0.0209659 0 -0.99978 -361.692 0 1 0 0 0.99978 0 0.0209659 23.2799
0.0195721 0 -0.999808 -362.726 0 1 0 0 0.999808 0 0.0195721 23.2878
0.0202294 0 -0.999795 -363.741 0 1 0 0 0.999795 0 0.0202294 23.3104
0.0194607 0 -0.999811 -364.738 0 1 0 0 0.999811 0 0.0194607 23.3258
0.0222272 0 -0.999753 -365.715 0 1 0 0 0.999753 0 0.0222272 23.3016
0.0272287 0 -0.999629 -366.65 0 1 0 0 0.999629 0 0.0272287 23.2645
0.0279706 0 -0.999609 -367.559 0 1 0 0 0.999609 0 0.0279706 23.3419
0.0321949 0 -0.999482 -368.445 0 1 0 0 0.999482 0 0.0321949 23.365
0.0374533 0 -0.999298 -369.305 0 1 0 0 0.999298 0 0.0374533 23.3752
0.0461019 0 -0.998937 -370.142 0 1 0 0 0.998937 0 0.0461019 23.4231
0.0590218 0 -0.998257 -370.948 0 1 0 0 0.998257 0 0.0590218 23.4676
0.0759075 0 -0.997115 -371.726 0 1 0 0 0.997115 0 0.0759075 23.5586
0.0978478 0 -0.995201 -372.477 0 1 0 0 0.995201 0 0.0978478 23.656
0.12281 0 -0.99243 -373.196 0 1 0 0 0.99243 0 0.12281 23.7703
0.150896 0 -0.98855 -373.871 0 1 0 0 0.98855 0 0.150896 23.9294
0.181753 0 -0.983344 -374.532 0 1 0 0 0.983344 0 0.181753 24.0958
0.214455 0 -0.976734 -375.148 0 1 0 0 0.976734 0 0.214455 24.2966
0.249041 0 -0.968493 -375.752 0 1 0 0 0.968493 0 0.249041 24.522
0.285348 0 -0.958424 -376.326 0 1 0 0 0.958424 0 0.285348 24.7733
0.324658 0 -0.945832 -376.858 0 1 0 0 0.945832 0 0.324658 25.0156
0.366477 0 -0.930427 -377.393 0 1 0 0 0.930427 0 0.366477 25.3041
0.410338 0 -0.911933 -377.874 0 1 0 0 0.911933 0 0.410338 25.601
0.455046 0 -0.890468 -378.361 0 1 0 0 0.890468 0 0.455046 25.9576
0.499467 0 -0.866333 -378.791 0 1 0 0 0.866333 0 0.499467 26.3066
0.542144 0 -0.840286 -379.235 0 1 0 0 0.840286 0 0.542144 26.694
0.583548 0 -0.812078 -379.693 0 1 0 0 0.812078 0 0.583548 27.0614
0.62366 0 -0.781696 -380.04 0 1 0 0 0.781696 0 0.62366 27.4844
0.661776 0 -0.749702 -380.433 0 1 0 0 0.749702 0 0.661776 27.9202
0.697098 0 -0.716976 -380.764 0 1 0 0 0.716976 0 0.697098 28.354
0.731069 0 -0.682303 -381.109 0 1 0 0 0.682303 0 0.731069 28.8478
0.762992 0 -0.646408 -381.416 0 1 0 0 0.646408 0 0.762992 29.3103
0.792198 0 -0.610265 -381.718 0 1 0 0 0.610265 0 0.792198 29.837
0.820091 0 -0.572233 -382.003 0 1 0 0 0.572233 0 0.820091 30.3837
0.845274 0 -0.534333 -382.248 0 1 0 0 0.534333 0 0.845274 30.9172
0.867903 0 -0.496734 -382.503 0 1 0 0 0.496734 0 0.867903 31.4918
0.888352 0 -0.459164 -382.734 0 1 0 0 0.459164 0 0.888352 32.0565
0.90632 0 -0.422592 -382.96 0 1 0 0 0.422592 0 0.90632 32.6659
0.921617 0 -0.388099 -383.126 0 1 0 0 0.388099 0 0.921617 33.3096
0.935897 0 -0.352273 -383.339 0 1 0 0 0.352273 0 0.935897 33.9277
0.948812 0 -0.315841 -383.516 0 1 0 0 0.315841 0 0.948812 34.6055
0.959591 0 -0.2814 -383.658 0 1 0 0 0.2814 0 0.959591 35.2781
0.968539 0 -0.248861 -383.79 0 1 0 0 0.248861 0 0.968539 35.9885
0.975907 0 -0.218185 -383.878 0 1 0 0 0.218185 0 0.975907 36.7223
0.981534 0 -0.191289 -384.045 0 1 0 0 0.191289 0 0.981534 37.4477
0.98556 0 -0.169326 -384.111 0 1 0 0 0.169326 0 0.98556 38.2228
0.988633 0 -0.150346 -384.204 0 1 0 0 0.150346 0 0.988633 39.0067
0.991228 0 -0.132161 -384.314 0 1 0 0 0.132161 0 0.991228 39.8045
0.993363 0 -0.115018 -384.373 0 1 0 0 0.115018 0 0.993363 40.6299
0.995259 0 -0.0972648 -384.432 0 1 0 0 0.0972648 0 0.995259 41.4613
0.996816 0 -0.0797348 -384.488 0 1 0 0 0.0797348 0 0.996816 42.3213
0.997951 0 -0.0639888 -384.51 0 1 0 0 0.0639888 0 0.997951 43.1984
0.99867 0 -0.0515542 -384.534 0 1 0 0 0.0515542 0 0.99867 44.0901
0.999075 0 -0.0430103 -384.552 0 1 0 0 0.0430103 0 0.999075 44.9975
0.999303 0 -0.0373329 -384.565 0 1 0 0 0.0373329 0 0.999303 45.9253
0.999548 0 -0.0300621 -384.614 0 1 0 0 0.0300621 0 0.999548 46.8608
0.999698 0 -0.0245696 -384.624 0 1 0 0 0.0245696 0 0.999698 47.8232
0.999822 0 -0.0188729 -384.651 0 1 0 0 0.0188729 0 0.999822 48.7955
0.999889 0 -0.0148835 -384.664 0 1 0 0 0.0148835 0 0.999889 49.8269
0.999916 0 -0.0129412 -384.655 0 1 0 0 0.0129412 0 0.999916 50.8527
0.999929 0 -0.0119265 -384.666 0 1 0 0 0.0119265 0 0.999929 51.8995
0.999944 0 -0.0105949 -384.675 0 1 0 0 0.0105949 0 0.999944 52.9418
0.99996 0 -0.00896457 -384.651 0 1 0 0 0.00896457 0 0.99996 53.9928
0.999983 0 -0.00581859 -384.678 0 1 0 0 0.00581859 0 0.999983 55.0408
0.99999 0 -0.00440278 -384.662 0 1 0 0 0.00440278 0 0.99999 56.0827
0.999994 0 -0.00349267 -384.637 0 1 0 0 0.00349267 0 0.999994 57.1294
1 0 0 -384.665 0 1 0 0 0 0 1 58.1631
0.999994 0 0.00359671 -384.672 0 1 0 0 -0.00359671 0 0.999994 59.206
0.999982 0 0.00603373 -384.649 0 1 0 0 -0.00603373 0 0.999982 60.2395
0.999965 0 0.00837786 -384.645 0 1 0 0 -0.00837786 0 0.999965 61.2664
0.999934 0 0.0115257 -384.638 0 1 0 0 -0.0115257 0 0.999934 62.277
0.999905 0 0.0138123 -384.569 0 1 0 0 -0.0138123 0 0.999905 63.2862
0.999887 0 0.0150109 -384.589 0 1 0 0 -0.0150109 0 0.999887 64.2989
0.999861 0 0.0166573 -384.577 0 1 0 0 -0.0166573 0 0.999861 65.3027
0.999803 0 0.0198607 -384.58 0 1 0 0 -0.0198607 0 0.999803 66.3047
0.999856 0 0.0169592 -384.453 0 1 0 0 -0.0169592 0 0.999856 67.2928
0.999764 0 0.021738 -384.528 0 1 0 0 -0.021738 0 0.999764 68.2888
0.99976 0 0.0218934 -384.478 0 1 0 0 -0.0218934 0 0.99976 69.2652
0.999733 0 0.0231066 -384.432 0 1 0 0 -0.0231066 0 0.999733 70.2367
0.99965 0 0.026454 -384.464 0 1 0 0 -0.026454 0 0.99965 71.1981
0.999643 0 0.0267022 -384.407 0 1 0 0 -0.0267022 0 0.999643 72.1463
0.99957 0 0.0293235 -384.41 0 1 0 0 -0.0293235 0 0.99957 73.0804
0.999462 0 0.032788 -384.448 0 1 0 0 -0.032788 0 0.999462 74.0076
0.999475 0 0.032397 -384.345 0 1 0 0 -0.032397 0 0.999475 74.9188
0.999323 0 0.0367956 -384.353 0 1 0 0 -0.0367956 0 0.999323 75.8235
0.999374 0 0.0353641 -384.163 0 1 0 0 -0.0353641 0 0.999374 76.7059
0.999198 0 0.0400397 -384.168 0 1 0 0 -0.0400397 0 0.999198 77.6074
0.998952 0 0.045772 -384.145 0 1 0 0 -0.045772 0 0.998952 78.4862
0.998736 0 0.0502604 -384.07 0 1 0 0 -0.0502604 0 0.998736 79.3452
0.998306 0 0.0581736 -384.028 0 1 0 0 -0.0581736 0 0.998306 80.1949
0.997671 0 0.0682045 -383.967 0 1 0 0 -0.0682045 0 0.997671 81.025
0.996754 0 0.0805056 -383.908 0 1 0 0 -0.0805056 0 0.996754 81.8437
0.995574 0 0.0939759 -383.805 0 1 0 0 -0.0939759 0 0.995574 82.6422
0.993884 0 0.110434 -383.69 0 1 0 0 -0.110434 0 0.993884 83.4234
0.991659 0 0.128887 -383.578 0 1 0 0 -0.128887 0 0.991659 84.1892
0.988785 0 0.149346 -383.432 0 1 0 0 -0.149346 0 0.988785 84.9457
0.985056 0 0.172237 -383.257 0 1 0 0 -0.172237 0 0.985056 85.6822
0.980543 0 0.196304 -383.064 0 1 0 0 -0.196304 0 0.980543 86.3994
0.974933 0 0.222499 -382.853 0 1 0 0 -0.222499 0 0.974933 87.1033
0.967989 0 0.250994 -382.626 0 1 0 0 -0.250994 0 0.967989 87.7779
0.96011 0 0.279624 -382.352 0 1 0 0 -0.279624 0 0.96011 88.4381
0.950584 0 0.310466 -382.061 0 1 0 0 -0.310466 0 0.950584 89.0706
0.93897 0 0.344 -381.774 0 1 0 0 -0.344 0 0.93897 89.7154
0.926623 0 0.375992 -381.432 0 1 0 0 -0.375992 0 0.926623 90.3174
0.91207 0 0.410034 -381.097 0 1 0 0 -0.410034 0 0.91207 90.8892
0.895119 0 0.445827 -380.755 0 1 0 0 -0.445827 0 0.895119 91.4533
0.876332 0 0.481708 -380.392 0 1 0 0 -0.481708 0 0.876332 91.976
0.853987 0 0.520295 -380.008 0 1 0 0 -0.520295 0 0.853987 92.493
0.830692 0 0.556733 -379.595 0 1 0 0 -0.556733 0 0.830692 92.973
0.800919 0 0.598772 -379.197 0 1 0 0 -0.598772 0 0.800919 93.4358
0.768984 0 0.639268 -378.709 0 1 0 0 -0.639268 0 0.768984 93.8358
0.733711 0 0.679462 -378.261 0 1 0 0 -0.679462 0 0.733711 94.2313
0.698878 0 0.715241 -377.737 0 1 0 0 -0.715241 0 0.698878 94.5431
0.660211 0 0.751081 -377.24 0 1 0 0 -0.751081 0 0.660211 94.8743
0.622653 0 0.782498 -376.759 0 1 0 0 -0.782498 0 0.622653 95.2095
0.580753 0 0.81408 -376.238 0 1 0 0 -0.81408 0 0.580753 95.4741
0.539359 0 0.842076 -375.72 0 1 0 0 -0.842076 0 0.539359 95.7203
0.498781 0 0.866728 -375.183 0 1 0 0 -0.866728 0 0.498781 95.9457
0.458569 0 0.888659 -374.628 0 1 0 0 -0.888659 0 0.458569 96.1511
0.4199 0 0.90757 -374.06 0 1 0 0 -0.90757 0 0.4199 96.3527
0.383453 0 0.923561 -373.468 0 1 0 0 -0.923561 0 0.383453 96.5235
0.347357 0 0.937733 -372.86 0 1 0 0 -0.937733 0 0.347357 96.6977
0.314053 0 0.949406 -372.235 0 1 0 0 -0.949406 0 0.314053 96.8147
0.281419 0 0.959585 -371.61 0 1 0 0 -0.959585 0 0.281419 96.9441
0.248788 0 0.968558 -370.966 0 1 0 0 -0.968558 0 0.248788 97.076
0.218104 0 0.975926 -370.311 0 1 0 0 -0.975926 0 0.218104 97.1704
0.188797 0 0.982016 -369.64 0 1 0 0 -0.982016 0 0.188797 97.2578
0.161428 0 0.986884 -368.949 0 1 0 0 -0.986884 0 0.161428 97.324
0.136462 0 0.990645 -368.248 0 1 0 0 -0.990645 0 0.136462 97.3734
0.116297 0 0.993215 -367.526 0 1 0 0 -0.993215 0 0.116297 97.3538
0.0978436 0 0.995202 -366.804 0 1 0 0 -0.995202 0 0.0978436 97.4359
0.0836925 0 0.996492 -366.071 0 1 0 0 -0.996492 0 0.0836925 97.4548
0.0714949 0 0.997441 -365.32 0 1 0 0 -0.997441 0 0.0714949 97.474
0.0599233 0 0.998203 -364.556 0 1 0 0 -0.998203 0 0.0599233 97.5161
0.0498046 0 0.998759 -363.779 0 1 0 0 -0.998759 0 0.0498046 97.5421
0.0400357 0 0.999198 -362.997 0 1 0 0 -0.999198 0 0.0400357 97.5544
0.0301294 0 0.999546 -362.211 0 1 0 0 -0.999546 0 0.0301294 97.5655
0.0206744 0 0.999786 -361.41 0 1 0 0 -0.999786 0 0.0206744 97.5696
0.0116778 0 0.999932 -360.599 0 1 0 0 -0.999932 0 0.0116778 97.5716
0.00326595 0 0.999995 -359.773 0 1 0 0 -0.999995 0 0.00326595 97.5596
-0.00455259 0 0.99999 -358.941 0 1 0 0 -0.99999 0 -0.00455259 97.5445
-0.0118958 0 0.999929 -358.097 0 1 0 0 -0.999929 0 -0.0118958 97.5238
-0.0186571 0 0.999826 -357.243 0 1 0 0 -0.999826 0 -0.0186571 97.487
-0.025304 0 0.99968 -356.38 0 1 0 0 -0.99968 0 -0.025304 97.4647
-0.0325199 0 0.999471 -355.509 0 1 0 0 -0.999471 0 -0.0325199 97.4252
-0.03881 0 0.999247 -354.642 0 1 0 0 -0.999247 0 -0.03881 97.3685
-0.0450419 0 0.998985 -353.768 0 1 0 0 -0.998985 0 -0.0450419 97.3327
-0.0487527 0 0.998811 -352.895 0 1 0 0 -0.998811 0 -0.0487527 97.2559
-0.0508139 0 0.998708 -352.009 0 1 0 0 -0.998708 0 -0.0508139 97.2008
-0.0526575 0 0.998613 -351.118 0 1 0 0 -0.998613 0 -0.0526575 97.1586
-0.0538286 0 0.99855 -350.231 0 1 0 0 -0.99855 0 -0.0538286 97.0995
-0.0624975 0 0.998045 -349.337 0 1 0 0 -0.998045 0 -0.0624975 97.1766
-0.0579775 0 0.998318 -348.442 0 1 0 0 -0.998318 0 -0.0579775 97.045
-0.0574537 0 0.998348 -347.537 0 1 0 0 -0.998348 0 -0.0574537 96.9994
-0.0570777 0 0.99837 -346.629 0 1 0 0 -0.99837 0 -0.0570777 96.9684
-0.0526123 0 0.998615 -345.733 0 1 0 0 -0.998615 0 -0.0526123 96.8994
-0.049603 0 0.998769 -344.841 0 1 0 0 -0.998769 0 -0.049603 96.8613
-0.0469878 0 0.998895 -343.943 0 1 0 0 -0.998895 0 -0.0469878 96.8382
-0.0430079 0 0.999075 -343.048 0 1 0 0 -0.999075 0 -0.0430079 96.8071
-0.0374055 0 0.9993 -342.152 0 1 0 0 -0.9993 0 -0.0374055 96.7767
-0.0313639 0 0.999508 -341.266 0 1 0 0 -0.999508 0 -0.0313639 96.7651
-0.0247805 0 0.999693 -340.374 0 1 0 0 -0.999693 0 -0.0247805 96.7598
-0.0180365 0 0.999837 -339.484 0 1 0 0 -0.999837 0 -0.0180365 96.754
-0.0126373 0 0.99992 -338.593 0 1 0 0 -0.99992 0 -0.0126373 96.7795
-0.00664376 0 0.999978 -337.711 0 1 0 0 -0.999978 0 -0.00664376 96.7833
-0.00222336 0 0.999998 -336.828 0 1 0 0 -0.999998 0 -0.00222336 96.7993
0.00048908 0 1 -335.946 0 1 0 0 -1 0 0.00048908 96.8156
0.00222438 0 0.999998 -335.063 0 1 0 0 -0.999998 0 0.00222438 96.8335
0.00462659 0 0.999989 -334.18 0 1 0 0 -0.999989 0 0.00462659 96.835
0.00569765 0 0.999984 -333.307 0 1 0 0 -0.999984 0 0.00569765 96.8621
0.00604689 0 0.999982 -332.436 0 1 0 0 -0.999982 0 0.00604689 96.8846
0.00675722 0 0.999977 -331.567 0 1 0 0 -0.999977 0 0.00675722 96.8893
0.00654593 0 0.999979 -330.691 0 1 0 0 -0.999979 0 0.00654593 96.9084
0.00627361 0 0.99998 -329.82 0 1 0 0 -0.99998 0 0.00627361 96.9168
0.00553065 0 0.999985 -328.951 0 1 0 0 -0.999985 0 0.00553065 96.9217
0.00288813 0 0.999996 -328.091 0 1 0 0 -0.999996 0 0.00288813 96.9417
-0.00154594 0 0.999999 -327.222 0 1 0 0 -0.999999 0 -0.00154594 96.9569
-0.00476264 0 0.999989 -326.353 0 1 0 0 -0.999989 0 -0.00476264 96.941
-0.00874387 0 0.999962 -325.479 0 1 0 0 -0.999962 0 -0.00874387 96.9465
-0.0129766 0 0.999916 -324.615 0 1 0 0 -0.999916 0 -0.0129766 96.922
-0.0151235 0 0.999886 -323.758 0 1 0 0 -0.999886 0 -0.0151235 96.9111
-0.0179045 0 0.99984 -322.891 0 1 0 0 -0.99984 0 -0.0179045 96.8981
-0.0187449 0 0.999824 -322.024 0 1 0 0 -0.999824 0 -0.0187449 96.8686
-0.0203192 0 0.999794 -321.151 0 1 0 0 -0.999794 0 -0.0203192 96.8488
-0.0213567 0 0.999772 -320.292 0 1 0 0 -0.999772 0 -0.0213567 96.8463
-0.0208882 0 0.999782 -319.427 0 1 0 0 -0.999782 0 -0.0208882 96.8238
-0.0187092 0 0.999825 -318.571 0 1 0 0 -0.999825 0 -0.0187092 96.7942
-0.0181275 0 0.999836 -317.708 0 1 0 0 -0.999836 0 -0.0181275 96.8115
-0.0137262 0 0.999906 -316.859 0 1 0 0 -0.999906 0 -0.0137262 96.7869
-0.00933435 0 0.999956 -316.006 0 1 0 0 -0.999956 0 -0.00933435 96.7759
-0.00601102 0 0.999982 -315.154 0 1 0 0 -0.999982 0 -0.00601102 96.7998
-0.00180148 0 0.999998 -314.298 0 1 0 0 -0.999998 0 -0.00180148 96.7979
0.00157114 0 0.999999 -313.442 0 1 0 0 -0.999999 0 0.00157114 96.8253
0.00352765 0 0.999994 -312.59 0 1 0 0 -0.999994 0 0.00352765 96.8352
0.00544869 0 0.999985 -311.74 0 1 0 0 -0.999985 0 0.00544869 96.855
0.00823735 0 0.999966 -310.895 0 1 0 0 -0.999966 0 0.00823735 96.8643
0.0103232 0 0.999947 -310.044 0 1 0 0 -0.999947 0 0.0103232 96.8683
0.00878384 0 0.999961 -309.2 0 1 0 0 -0.999961 0 0.00878384 96.9047
0.0159738 0 0.999872 -308.361 0 1 0 0 -0.999872 0 0.0159738 96.8095
0.00682475 0 0.999977 -307.524 0 1 0 0 -0.999977 0 0.00682475 96.945
0.00907405 0 0.999959 -306.686 0 1 0 0 -0.999959 0 0.00907405 96.926
0.00991261 0 0.999951 -305.848 0 1 0 0 -0.999951 0 0.00991261 96.9115
0.00860381 0 0.999963 -305.005 0 1 0 0 -0.999963 0 0.00860381 96.9536
0.00789444 0 0.999969 -304.175 0 1 0 0 -0.999969 0 0.00789444 96.9805
0.00939063 0 0.999956 -303.337 0 1 0 0 -0.999956 0 0.00939063 96.9909
0.0104369 0 0.999946 -302.505 0 1 0 0 -0.999946 0 0.0104369 97.0481
0.00717713 0 0.999974 -301.674 0 1 0 0 -0.999974 0 0.00717713 97.0597
