0.999993 -0.00137303 -0.00338692 -0.00678116 0.00136543 0.999997 -0.0022434 -0.00134004 0.00338999 0.00223876 0.999992 0.749686
0.999975 -0.00228074 -0.00671158 -0.0177194 0.00225553 0.99999 -0.003761 -0.000447547 0.00672009 0.00374576 0.99997 1.54244
0.999942 0.00111478 -0.0106823 -0.0389477 -0.00117755 0.999982 -0.00587245 -0.00203074 0.0106756 0.00588469 0.999926 2.31922
0.99987 0.000653044 -0.0161187 -0.0534043 -0.000751308 0.999981 -0.006091 -0.00884935 0.0161144 0.00610232 0.999852 3.12128
0.999786 -0.000806301 -0.0206675 -0.074422 0.000674418 0.999979 -0.00638733 -0.021482 0.0206722 0.00637203 0.999766 3.93016
0.999717 0.00125707 -0.0237747 -0.111527 -0.00142484 0.999974 -0.00704118 -0.0401426 0.0237652 0.00707306 0.999693 4.81076
0.999553 0.00381736 -0.0296613 -0.136397 -0.00407179 0.999955 -0.00852211 -0.0432325 0.0296274 0.00863907 0.999524 5.69626
0.999387 0.000710383 -0.0349906 -0.170046 -0.000956175 0.999975 -0.00700828 -0.0478267 0.0349847 0.00703745 0.999363 6.69986
0.99925 -0.000604765 -0.0387073 -0.218556 0.000478475 0.999995 -0.00327188 -0.0699865 0.0387091 0.00325091 0.999245 7.69807
0.999089 -0.00149906 -0.0426424 -0.266593 0.00144765 0.999998 -0.00123636 -0.0859326 0.0426442 0.0011735 0.99909 8.87081
0.999046 0.00166994 -0.0436315 -0.348116 -0.00173541 0.999997 -0.00146257 -0.0935721 0.0436289 0.0015369 0.999047 9.85921
0.998868 0.00222057 -0.0475061 -0.388323 -0.0022879 0.999996 -0.001363 -0.111524 0.0475029 0.00147015 0.99887 10.9859
0.998808 -0.00458104 -0.0485991 -0.441383 0.00444525 0.999986 -0.00290193 -0.108664 0.0486117 0.00268244 0.998814 11.9603
0.998841 -0.000339482 -0.0481203 -0.514596 0.000261896 0.999999 -0.00161861 -0.122614 0.0481208 0.00160414 0.99884 13.0244
0.998622 -0.00261308 -0.052417 -0.556976 0.00248173 0.999994 -0.00257076 -0.131422 0.0524234 0.00243713 0.998622 14.0671
0.998675 0.00150159 -0.0514358 -0.629885 -0.00172053 0.99999 -0.00421262 -0.147221 0.0514289 0.00429553 0.998667 15.1255
0.99848 0.0032479 -0.0550174 -0.701517 -0.00364026 0.999969 -0.00703275 -0.154268 0.0549929 0.00722234 0.998461 16.2403
0.998392 0.00346781 -0.0565879 -0.773799 -0.0039292 0.99996 -0.00804438 -0.174807 0.0565577 0.00825379 0.998365 17.3748
0.998467 0.00614765 -0.0550007 -0.858847 -0.00663739 0.99994 -0.00872596 -0.186512 0.0549438 0.00907765 0.998448 18.586
0.99829 0.00337406 -0.0583531 -0.906785 -0.00374337 0.999974 -0.0062207 -0.212588 0.0583306 0.0064285 0.998277 19.7238
0.998374 0.00182875 -0.0569769 -1.00664 -0.0021399 0.999983 -0.00540042 -0.227831 0.0569661 0.00551356 0.998361 20.9187
0.998301 -0.00465996 -0.0580734 -1.08591 0.00435255 0.999976 -0.00541887 -0.234147 0.0580973 0.0051569 0.998298 22.0304
0.998162 -0.000951201 -0.0605901 -1.15549 0.000570691 0.99998 -0.00629705 -0.248305 0.0605949 0.0062509 0.998143 23.0995
0.99824 -0.000709909 -0.0592909 -1.22898 0.000284152 0.999974 -0.00718893 -0.265651 0.0592945 0.00715943 0.998215 24.1227
0.997977 -0.00396682 -0.0634584 -1.27516 0.00359196 0.999975 -0.00602018 -0.276071 0.0634807 0.00578006 0.997966 25.214
0.998253 0.00240458 -0.0590348 -1.38035 -0.0025644 0.999993 -0.00263157 -0.292313 0.0590281 0.00277836 0.998252 26.3336
0.998136 0.00452874 -0.0608628 -1.45122 -0.00445265 0.999989 0.00138587 -0.310628 0.0608684 -0.00111229 0.998145 27.6304
0.998289 -0.00162809 -0.0584522 -1.51727 0.00183712 0.999992 0.00352249 -0.315857 0.058446 -0.00362385 0.998284 28.7226
0.998527 0.00237256 -0.0542074 -1.60512 -0.00212286 0.999987 0.0046635 -0.334863 0.0542178 -0.00454156 0.998519 29.9829
0.998498 0.00187115 -0.0547613 -1.69598 -0.00176352 0.999996 0.0020138 -0.347911 0.0547648 -0.00191421 0.998497 31.4556
0.998522 0.0046342 -0.0541464 -1.77452 -0.00479313 0.999985 -0.00280578 -0.366156 0.0541325 0.00306117 0.998529 32.7948
0.998599 0.00099878 -0.0529032 -1.84055 -0.001317 0.999981 -0.00598066 -0.377168 0.0528962 0.00604196 0.998582 33.8526
0.998651 -0.00406004 -0.0517603 -1.89585 0.00381614 0.999981 -0.00481009 -0.396783 0.0517788 0.00460608 0.998648 35.0928
0.998591 -0.00516817 -0.0528095 -1.9573 0.00518299 0.999987 0.000143777 -0.411674 0.052808 -0.000417285 0.998605 36.2523
0.998541 -0.00597875 -0.0536625 -2.01465 0.0061728 0.999975 0.00345111 -0.437469 0.0536405 -0.00377732 0.998553 37.5362
0.99834 -0.0140122 -0.0558635 -2.06333 0.0141739 0.999896 0.00249957 -0.447251 0.0558227 -0.00328722 0.998435 38.7179
0.998452 -0.0076048 -0.0550901 -2.14912 0.00753124 0.99997 -0.00154281 -0.45608 0.0551002 0.00112552 0.99848 40.1221
0.998295 -0.00125255 -0.0583541 -2.21575 0.000936336 0.999985 -0.00544582 -0.47135 0.05836 0.0053819 0.998281 41.3851
0.998234 0.00161395 -0.0593764 -2.29158 -0.00196617 0.999981 -0.005874 -0.490917 0.0593658 0.00598038 0.998218 42.5121
0.998174 0.00117071 -0.0603958 -2.3519 -0.00145557 0.999988 -0.00467291 -0.514515 0.0603896 0.00475229 0.998164 43.7073
0.998173 0.00400487 -0.0602827 -2.45758 -0.00412331 0.99999 -0.00184053 -0.538269 0.0602747 0.00208573 0.99818 44.9926
0.998106 0.00256648 -0.0614624 -2.55736 -0.00261227 0.999996 -0.000664612 -0.549087 0.0614605 0.00082391 0.998109 46.3119
0.998058 0.000635689 -0.0622816 -2.64042 -0.000496901 0.999997 0.00224386 -0.563915 0.0622828 -0.00220856 0.998056 47.4949
0.998059 0.00102312 -0.0622622 -2.73928 -0.000712993 0.999987 0.00500294 -0.581814 0.0622665 -0.00494883 0.998047 49.0979
0.998073 0.00603436 -0.0617603 -2.86478 -0.00555012 0.999953 0.00800931 -0.593472 0.0618057 -0.0076511 0.998059 50.6405
0.998054 -0.00142697 -0.0623384 -2.93326 0.00190605 0.999969 0.00762632 -0.607397 0.0623256 -0.0077303 0.998026 51.8451
0.998078 0.000344035 -0.0619617 -3.01687 1.4115e-005 0.999983 0.00577965 -0.605081 0.0619627 -0.00576942 0.998062 53.0915
0.998051 0.00227215 -0.0623583 -3.12872 -0.0020363 0.999991 0.00384547 -0.624142 0.0623665 -0.00371099 0.998046 54.7124
0.998008 0.00117761 -0.0630837 -3.21308 -0.000970219 0.999994 0.0033181 -0.631763 0.0630872 -0.00325029 0.998003 56.0192
0.998062 0.00118156 -0.062209 -3.33815 -0.000876432 0.999987 0.00493202 -0.649194 0.0622141 -0.00486794 0.998051 57.3368
0.997993 0.000441642 -0.0633256 -3.41535 -4.06172e-005 0.99998 0.0063339 -0.67396 0.0633271 -0.00631862 0.997973 58.6387
0.997945 0.0026445 -0.0640235 -3.53609 -0.00247408 0.999993 0.00274104 -0.68257 0.0640304 -0.00257701 0.997945 60.3637
0.997843 0.00311669 -0.0655649 -3.62687 -0.0031912 0.999994 -0.00103169 -0.705386 0.0655613 0.0012387 0.997848 61.6164
0.997905 0.000830916 -0.0646944 -3.72803 -0.00100295 0.999996 -0.00262677 -0.720863 0.064692 0.00268615 0.997902 62.9947
0.997932 0.000136388 -0.0642804 -3.83649 -4.87021e-005 0.999999 0.00136567 -0.75522 0.0642806 -0.00135972 0.997931 64.5471
0.997902 -0.00243339 -0.0647023 -3.92128 0.00270267 0.999988 0.00407466 -0.772503 0.0646916 -0.00424098 0.997896 65.9083
0.997837 -0.00462071 -0.0655691 -4.00635 0.004972 0.999974 0.00519534 -0.789836 0.0655434 -0.00551011 0.997835 67.1841
0.997896 -0.00348148 -0.0647424 -4.08421 0.00371058 0.999987 0.00341875 -0.809053 0.0647297 -0.00365178 0.997896 68.3919
0.99784 -0.00510557 -0.0654972 -4.16176 0.00524225 0.999984 0.00191513 -0.827428 0.0654864 -0.00225434 0.997851 69.5256
0.997719 -0.00510506 -0.0673177 -4.24892 0.00531279 0.999982 0.00290717 -0.826054 0.0673016 -0.00325819 0.997727 70.7418
0.997648 -0.00631024 -0.0682549 -4.31871 0.00681155 0.999951 0.00711452 -0.845816 0.0682066 -0.00756271 0.997643 71.9688
0.997669 -0.00441801 -0.0680908 -4.41751 0.00519863 0.999923 0.0112914 -0.844726 0.0680357 -0.0116191 0.997615 73.4494
0.997532 0.00140225 -0.0702029 -4.49434 -0.00045219 0.999908 0.0135471 -0.844852 0.0702154 -0.0134819 0.997441 74.634
0.997481 0.00385346 -0.0708285 -4.60062 -0.00314243 0.999944 0.0101474 -0.860975 0.0708636 -0.0098993 0.997437 75.9222
0.997373 0.00197263 -0.0724138 -4.69058 -0.00181486 0.999996 0.00224458 -0.868194 0.072418 -0.00210726 0.997372 77.066
0.997332 0.00261342 -0.0729461 -4.77843 -0.00280244 0.999993 -0.00248905 -0.877526 0.072939 0.00268683 0.997333 78.118
0.997099 0.0035447 -0.0760361 -4.84338 -0.00368154 0.999992 -0.00165956 -0.892739 0.0760296 0.00193467 0.997104 79.3403
0.997048 0.00487918 -0.0766196 -4.94288 -0.0048339 0.999988 0.000776434 -0.91116 0.0766224 -0.000403771 0.99706 80.502
0.996975 0.00526273 -0.077541 -5.03841 -0.00508295 0.999984 0.00251569 -0.934446 0.077553 -0.00211394 0.996986 81.6474
0.997165 0.00785495 -0.0748298 -5.18611 -0.00765425 0.999966 0.00296853 -0.954309 0.0748506 -0.00238735 0.997192 82.8178
0.996553 0.00108388 -0.0829543 -5.22501 -0.000780154 0.999993 0.00369367 -0.980678 0.0829577 -0.00361622 0.996547 83.9693
0.996578 -0.00078115 -0.0826481 -5.34843 0.00113845 0.99999 0.00427611 -1.00892 0.0826439 -0.00435557 0.99657 85.2682
0.996489 0.00138022 -0.0837155 -5.44618 -0.000944245 0.999986 0.00524722 -1.02069 0.0837216 -0.00514975 0.996476 86.302
0.996332 -0.000986984 -0.0855657 -5.52545 0.00156889 0.999976 0.00673367 -1.04092 0.085557 -0.00684322 0.99631 87.3348
