0.999996 -0.00124222 -0.00243748 -0.01549 0.00123659 0.999997 -0.00231053 -0.00202987 0.00244034 0.00230751 0.999994 0.672671
0.999971 -0.000302901 -0.00755634 -0.0349355 0.000274757 0.999993 -0.00372525 -0.00551406 0.00755741 0.00372306 0.999965 1.32058
0.99995 0.000668034 -0.00998963 -0.0510258 -0.000719875 0.999986 -0.00518675 -0.00934763 0.00998602 0.00519368 0.999937 2.01439
0.999895 0.00183947 -0.0143987 -0.0653734 -0.00192779 0.999979 -0.00612264 -0.0154836 0.0143872 0.00614976 0.999878 2.58293
0.999841 0.00100299 -0.0178134 -0.0922011 -0.00111457 0.99998 -0.00625512 -0.0229372 0.0178068 0.00627398 0.999822 3.33206
0.999741 0.000343457 -0.022773 -0.102865 -0.000508245 0.999974 -0.0072307 -0.033333 0.0227699 0.00724039 0.999715 3.80298
0.99961 0.00441152 -0.027559 -0.149589 -0.00463803 0.999956 -0.00816061 -0.0428927 0.0275218 0.00828525 0.999587 4.67431
0.999511 0.0010623 -0.0312383 -0.232198 -0.00123666 0.999984 -0.00556284 -0.0457368 0.0312318 0.00559875 0.999496 5.3023
0.999378 -0.00119028 -0.0352524 -0.242187 0.00106585 0.999993 -0.00354843 -0.0544866 0.0352564 0.00350865 0.999372 6.12633
0.999435 -0.000922884 -0.0336123 -0.293762 0.000825273 0.999995 -0.00291778 -0.0641878 0.0336148 0.00288839 0.999431 6.86641
0.999265 0.000540343 -0.0383282 -0.323221 -0.000641916 0.999996 -0.00263784 -0.0743998 0.0383266 0.0026605 0.999262 7.66324
0.999279 0.00159581 -0.0379421 -0.370344 -0.00170117 0.999995 -0.00274482 -0.083403 0.0379375 0.00280738 0.999276 8.46167
0.99926 -0.000930627 -0.0384433 -0.417729 0.000808454 0.999995 -0.00319344 -0.0900549 0.038446 0.00316 0.999256 9.28147
0.99907 -0.00319053 -0.0429886 -0.44014 0.00307191 0.999991 -0.00282524 -0.0983695 0.0429972 0.00269055 0.999072 10.0963
0.999064 -0.00198911 -0.0432177 -0.48867 0.00188722 0.999995 -0.00239818 -0.113809 0.0432222 0.00231437 0.999063 10.9273
0.998951 0.00160093 -0.0457598 -0.529567 -0.00185736 0.999983 -0.00556179 -0.116006 0.0457501 0.00564095 0.998937 11.7525
0.998985 0.0027326 -0.044969 -0.575185 -0.00310879 0.999961 -0.00829779 -0.126086 0.0449446 0.00842916 0.998954 12.3454
0.998794 0.00376396 -0.0489484 -0.61708 -0.00425206 0.999942 -0.00987138 -0.137385 0.0489085 0.0100676 0.998753 13.281
0.998755 0.00304205 -0.049782 -0.657159 -0.00354179 0.999944 -0.00995349 -0.141125 0.0497489 0.0101174 0.998711 14.0437
0.998889 -0.0018966 -0.0470767 -0.731725 0.00154168 0.99997 -0.00757417 -0.157155 0.0470896 0.00749318 0.998863 14.9251
0.998707 -0.000756906 -0.0508231 -0.771306 0.00038788 0.999973 -0.00727046 -0.163622 0.0508272 0.00724135 0.998681 15.7354
0.998738 0.00130216 -0.0502042 -0.834575 -0.00162813 0.999978 -0.00645248 -0.176126 0.0501946 0.00652608 0.998718 16.6182
0.998597 0.000624796 -0.0529483 -0.87255 -0.00101895 0.999972 -0.00741741 -0.19442 0.0529422 0.00746095 0.99857 17.4509
0.998626 -0.00198178 -0.0523745 -0.928222 0.0015589 0.999966 -0.00811385 -0.204647 0.0523888 0.00802105 0.998595 18.2911
0.998777 0.00308094 -0.0493438 -0.994284 -0.00345921 0.999965 -0.00758228 -0.219674 0.0493187 0.0077437 0.998753 19.0364
0.998577 0.00528805 -0.053058 -1.01649 -0.00545901 0.99998 -0.00307783 -0.234863 0.0530407 0.0033631 0.998587 19.8731
0.998766 0.00227888 -0.0496054 -1.08196 -0.00228035 0.999997 2.69204e-005 -0.248833 0.0496053 8.62306e-005 0.998769 20.7483
0.998779 0.000496486 -0.049391 -1.12906 -0.000323033 0.999994 0.00351975 -0.250272 0.0493924 -0.0034995 0.998773 21.6878
0.998899 -0.00503117 -0.0466416 -1.16293 0.00522199 0.999978 0.00397036 -0.259986 0.0466206 -0.00420955 0.998904 22.6184
0.998991 0.00258543 -0.0448309 -1.21027 -0.00253345 0.999996 0.00121613 -0.269546 0.0448338 -0.00110133 0.998994 23.5666
0.999008 0.00331822 -0.0444025 -1.27154 -0.00348929 0.999987 -0.00377564 -0.276485 0.0443894 0.00392683 0.999007 24.5089
0.999037 -0.00248476 -0.0438 -1.30651 0.00219314 0.999975 -0.00670467 -0.283984 0.0438156 0.00660215 0.999018 25.4115
0.999083 -0.0038692 -0.0426465 -1.34002 0.00362203 0.999976 -0.00587156 -0.296043 0.0426682 0.00571171 0.999073 26.3137
0.999019 -0.00973306 -0.0432044 -1.38837 0.00970311 0.999953 -0.000902755 -0.30683 0.0432111 0.000482653 0.999066 27.255
0.999047 -0.00548799 -0.0432962 -1.42792 0.00559201 0.999982 0.0022818 -0.315473 0.0432829 -0.00252174 0.99906 28.1495
0.998908 -0.0110234 -0.0454097 -1.46429 0.0110946 0.999938 0.00131702 -0.326791 0.0453923 -0.00181938 0.998968 29.0677
0.998964 -0.00913615 -0.0445817 -1.51266 0.00900582 0.999955 -0.00312329 -0.33562 0.0446082 0.00271856 0.999001 29.9984
0.998887 0.00150309 -0.0471473 -1.52979 -0.00180841 0.999978 -0.00643385 -0.351732 0.0471366 0.00651195 0.998867 30.8668
0.998792 0.000798464 -0.0491386 -1.58992 -0.00116008 0.999972 -0.00733104 -0.361173 0.0491314 0.00737919 0.998765 31.7518
0.998809 0.00208842 -0.048755 -1.64066 -0.00236757 0.999981 -0.00566848 -0.375256 0.0487422 0.00577716 0.998795 32.5995
0.998773 0.00410502 -0.0493481 -1.69783 -0.00424845 0.999987 -0.00280196 -0.389886 0.0493359 0.00300817 0.998778 33.4775
0.998684 0.00290017 -0.0512049 -1.74226 -0.00298399 0.999994 -0.00156055 -0.401609 0.0512001 0.00171129 0.998687 34.3731
0.998677 0.000501832 -0.0514162 -1.79738 -0.000445947 0.999999 0.00109839 -0.412649 0.0514167 -0.00107401 0.998677 35.2951
0.998649 0.000547355 -0.0519687 -1.83756 -0.000341539 0.999992 0.00396919 -0.423292 0.0519704 -0.00394608 0.998641 36.2252
0.998647 0.00727616 -0.0514886 -1.91237 -0.00693433 0.999953 0.0068146 -0.437064 0.0515357 -0.00644834 0.99865 37.1822
0.998557 0.00390219 -0.0535609 -1.95169 -0.00360255 0.999977 0.00568971 -0.43872 0.0535819 -0.00548854 0.998548 38.1351
0.998716 0.00203898 -0.0506256 -2.02286 -0.00181627 0.999988 0.00444481 -0.454096 0.0506341 -0.00434716 0.998708 39.1027
0.998597 0.00182118 -0.052922 -2.07436 -0.0017065 0.999996 0.00221203 -0.460824 0.0529258 -0.00211862 0.998596 40.0722
0.998672 0.00218055 -0.0514756 -2.12891 -0.00207903 0.999996 0.00202551 -0.471295 0.0514798 -0.0019158 0.998672 41.0156
0.99852 -0.00382401 -0.0542472 -2.20163 0.00399164 0.999988 0.00298214 -0.480241 0.0542351 -0.00319427 0.998523 42.0542
0.998513 -0.00194335 -0.0544863 -2.24065 0.00218079 0.999988 0.00429858 -0.49522 0.0544773 -0.00441101 0.998505 42.9778
0.998523 0.00453032 -0.0541334 -2.28717 -0.00448877 0.99999 0.000889109 -0.509938 0.0541368 -0.000644804 0.998533 43.9287
0.998442 0.00278577 -0.0557313 -2.35315 -0.00296941 0.99999 -0.00321254 -0.519125 0.0557218 0.00337302 0.998441 44.8724
0.998391 0.00236773 -0.0566593 -2.41579 -0.00262728 0.999986 -0.00450684 -0.531579 0.0566478 0.00464844 0.998383 45.7806
0.998431 0.000800194 -0.0559882 -2.47089 -0.000855169 0.999999 -0.000957961 -0.545975 0.0559874 0.00100434 0.998431 46.6517
0.998414 -0.00378746 -0.0561719 -2.51253 0.00388866 0.999991 0.00169256 -0.558762 0.056165 -0.00190831 0.99842 47.6053
0.998298 -0.00518599 -0.0580917 -2.5531 0.00530542 0.999984 0.00190197 -0.565223 0.0580809 -0.00220694 0.998309 48.4761
0.998355 -0.00566219 -0.0570572 -2.61488 0.00573677 0.999983 0.00114342 -0.584549 0.0570497 -0.00146886 0.99837 49.3877
0.998305 -0.00550394 -0.0579385 -2.65958 0.00549342 0.999985 -0.000340844 -0.598779 0.0579395 2.19858e-005 0.99832 50.2729
0.998317 -0.00370183 -0.0578675 -2.71951 0.00376392 0.999992 0.00096399 -0.611534 0.0578635 -0.00118018 0.998324 51.1802
0.998168 -0.00586707 -0.0602207 -2.76013 0.00613905 0.999972 0.0043325 -0.618513 0.0601936 -0.00469426 0.998176 52.052
0.99821 -0.00326904 -0.0597241 -2.81882 0.00386694 0.999944 0.00989822 -0.626906 0.0596883 -0.0101115 0.998166 52.9434
0.998112 0.000231408 -0.0614133 -2.88103 0.00047341 0.999934 0.0114618 -0.62819 0.0614119 -0.0114693 0.998047 53.9715
0.998112 0.00506362 -0.0612073 -2.94555 -0.00458248 0.999958 0.00799873 -0.63641 0.0612452 -0.00770315 0.998093 54.8964
0.997995 0.00500379 -0.0631025 -3.01519 -0.00499207 0.999987 0.000343323 -0.648783 0.0631034 -2.76225e-005 0.998007 55.8621
0.997945 0.00505337 -0.0638812 -3.07754 -0.00536885 0.999974 -0.00476791 -0.656977 0.0638554 0.00510108 0.997946 56.7606
0.997871 0.00857432 -0.0646502 -3.1546 -0.0087854 0.999957 -0.00298146 -0.673528 0.0646218 0.00354309 0.997904 57.6331
0.997778 0.00668009 -0.0662846 -3.21285 -0.00674687 0.999977 -0.00078374 -0.688282 0.0662779 0.00122921 0.9978 58.4927
0.997735 0.00303632 -0.0671943 -3.26366 -0.00296286 0.999995 0.00119278 -0.704814 0.0671976 -0.000990993 0.997739 59.3065
0.997762 0.00645381 -0.0665566 -3.34221 -0.00640662 0.999979 0.000922453 -0.716339 0.0665611 -0.000493985 0.997782 60.1442
0.997502 0.0020907 -0.0706053 -3.38891 -0.00198992 0.999997 0.00149761 -0.731336 0.0706082 -0.00135337 0.997503 60.9611
0.997494 0.00317189 -0.0706863 -3.47134 -0.00303985 0.999993 0.00197557 -0.743421 0.0706921 -0.00175574 0.997497 61.8067
0.997292 0.000214417 -0.0735494 -3.52376 -3.49589e-005 0.999997 0.00244125 -0.753287 0.0735497 -0.00243207 0.997289 62.6408
0.997323 -0.000575994 -0.0731265 -3.5803 0.000860484 0.999992 0.00385894 -0.766991 0.0731237 -0.00391154 0.997315 63.4547
0.997229 0.004149 -0.0742728 -3.65939 -0.00371777 0.999975 0.0059434 -0.774632 0.0742957 -0.0056508 0.99722 64.2399
0.997013 0.00232963 -0.0771957 -3.72843 -0.0015173 0.999943 0.01058 -0.781982 0.0772159 -0.0104313 0.99696 65.0884
0.99688 0.00210779 -0.078899 -3.78418 -0.00113741 0.999923 0.0123419 -0.78921 0.078919 -0.0122137 0.996806 65.8703
0.996829 0.00656475 -0.0793052 -3.88368 -0.00590814 0.999946 0.00851131 -0.799214 0.0793568 -0.00801578 0.996814 66.6797
0.996661 0.00471064 -0.0815125 -3.93499 -0.00463223 0.999989 0.00115105 -0.811217 0.081517 -0.000769624 0.996672 67.4543
0.996647 0.00112186 -0.0818195 -3.98724 -0.00148897 0.999989 -0.00442596 -0.827467 0.0818136 0.00453294 0.996637 68.1703
0.996624 0.000576823 -0.0821007 -4.07347 -0.00110318 0.999979 -0.00636586 -0.826852 0.0820953 0.00643494 0.996604 68.8897
0.99658 0.00479274 -0.0824913 -4.12981 -0.00494171 0.999987 -0.00160184 -0.84921 0.0824825 0.00200401 0.99659 69.5334
0.996412 0.0011883 -0.0846224 -4.18297 -0.00118273 0.999999 0.000116036 -0.8621 0.0846225 -1.55341e-005 0.996413 70.2031
0.996376 -0.00272165 -0.0850148 -4.2536 0.00248691 0.999993 -0.00286689 -0.882681 0.085022 0.00264508 0.996376 70.8419
0.996351 -0.00930953 -0.0848451 -4.30137 0.00852998 0.999918 -0.00954583 -0.887101 0.084927 0.00878727 0.996348 71.5068
0.996429 -0.0118362 -0.0835978 -4.34322 0.0107076 0.999846 -0.0139364 -0.909213 0.0837498 0.0129915 0.996402 72.072
0.996615 -0.000848686 -0.0822069 -4.36357 -0.000324532 0.999898 -0.0142571 -0.923551 0.0822106 0.0142355 0.996513 72.6191
0.997053 0.00610753 -0.0764765 -4.41502 -0.0069583 0.999917 -0.010863 -0.928781 0.0764038 0.0113631 0.997012 73.074
0.997318 0.00374197 -0.0730998 -4.40941 -0.00428402 0.999964 -0.00725977 -0.942373 0.07307 0.00755345 0.997298 73.579
0.997716 -0.00630536 -0.067257 -4.45578 0.00605492 0.999974 -0.00392685 -0.955476 0.06728 0.00351064 0.997728 74.1093
0.998133 -0.00869103 -0.0604646 -4.46048 0.00865849 0.999962 -0.000800153 -0.968146 0.0604693 0.000275126 0.99817 74.4867
0.998779 -0.000258019 -0.0493977 -4.49327 0.000226757 1 -0.000638466 -0.97772 0.0493979 0.000626485 0.998779 75.0711
0.999366 0.00837831 -0.0345964 -4.51401 -0.00841366 0.999964 -0.000876235 -0.985398 0.0345878 0.00116676 0.999401 75.4734
0.999809 0.00886673 -0.0174434 -4.51416 -0.00886717 0.999961 5.1691e-005 -0.994043 0.0174432 0.000102993 0.999848 76.0186
0.999988 0.00165799 0.00466805 -4.48844 -0.00166314 0.999998 0.00109959 -1.00065 -0.00466622 -0.00110734 0.999989 76.4645
0.999498 -0.00666188 0.03098 -4.45256 0.00659783 0.999976 0.00216919 -1.00598 -0.0309937 -0.0019637 0.999518 76.9508
0.998177 -0.00477504 0.0601571 -4.40403 0.00453026 0.999981 0.00420464 -1.01605 -0.0601761 -0.00392445 0.99818 77.3999
0.995673 -0.00213334 0.0928965 -4.33811 0.00159464 0.999981 0.00587272 -1.02473 -0.0929073 -0.00569918 0.995658 77.8841
0.991555 -0.00124693 0.129678 -4.25061 0.000416012 0.999979 0.00643443 -1.02509 -0.129683 -0.00632615 0.991535 78.3394
0.985242 -0.00230307 0.17115 -4.14324 0.00107763 0.999973 0.00725254 -1.03155 -0.171162 -0.00696107 0.985218 78.7993
0.97638 -0.00189004 0.216053 -4.01303 0.000236312 0.99997 0.00767986 -1.03596 -0.216062 -0.0074474 0.976351 79.2352
0.964691 -0.000748315 0.263385 -3.85817 -0.000758852 0.999984 0.00562052 -1.04826 -0.263385 -0.00562193 0.964674 79.654
0.948164 0.000730316 0.317781 -3.69047 -0.00179422 0.999994 0.00305526 -1.05206 -0.317777 -0.00346706 0.948159 80.0535
0.928258 -0.000153849 0.371936 -3.49968 -0.000565908 0.999998 0.00182601 -1.05502 -0.371936 -0.00190549 0.928257 80.4296
0.903621 -0.000554428 0.428333 -3.28983 0.000490736 1 0.000259118 -1.05161 -0.428333 -2.39463e-005 0.903621 80.7928
0.874762 -0.00122722 0.484552 -3.0508 0.00186438 0.999998 -0.000833077 -1.05468 -0.48455 0.00163213 0.874762 81.1187
0.841581 -0.00458337 0.540111 -2.77512 0.00625756 0.99998 -0.00126449 -1.04992 -0.540094 0.00444395 0.841593 81.432
0.803845 -0.00391377 0.594826 -2.5014 0.00542837 0.999985 -0.000756289 -1.05995 -0.594814 0.00383687 0.803854 81.7166
0.763947 -0.00115586 0.645278 -2.20954 0.00159381 0.999999 -9.56589e-005 -1.06181 -0.645277 0.00110153 0.763947 81.9847
0.721459 0.000442817 0.692457 -1.90489 -0.00245282 0.999995 0.00191607 -1.06509 -0.692452 -0.00308084 0.721457 82.2381
0.676478 0.000550601 0.736463 -1.59894 -0.00355396 0.999991 0.00251687 -1.07544 -0.736455 -0.00431997 0.676473 82.4593
0.630011 -0.00466762 0.776572 -1.25698 0.00202924 0.999988 0.0043642 -1.07862 -0.776584 -0.00117364 0.630013 82.6744
0.582819 -0.0101055 0.812539 -0.904485 0.00643557 0.999949 0.00782017 -1.08311 -0.812577 0.000671408 0.582854 82.8678
0.533747 -0.00340333 0.845638 -0.566565 -0.00145109 0.999987 0.00494041 -1.10012 -0.845643 -0.00386402 0.533735 83.0619
0.48788 0.00258251 0.872907 -0.195664 -0.00692607 0.999976 0.000912636 -1.10084 -0.872883 -0.00649107 0.487886 83.2258
0.441168 0.00172073 0.897423 0.161098 -0.00273324 0.999996 -0.000573756 -1.10965 -0.89742 -0.00219975 0.441171 83.3673
0.398709 -0.00583242 0.917059 0.535294 0.00427661 0.999981 0.00450045 -1.10884 -0.917067 0.00212753 0.398726 83.4889
0.359212 -0.0206566 0.933027 0.911596 0.00752198 0.999787 0.0192387 -1.10786 -0.933226 0.000107446 0.359291 83.5709
0.323722 -0.0223935 0.945887 1.30195 -0.000508552 0.999716 0.0238419 -1.10419 -0.946152 -0.00819916 0.323618 83.6702
0.291473 -0.0143761 0.956471 1.71907 -0.0128125 0.999739 0.0189309 -1.10147 -0.956493 -0.0177727 0.291213 83.77
0.25963 -0.00359675 0.965701 2.11955 -0.0134674 0.999882 0.00734478 -1.11051 -0.965614 -0.0149124 0.259551 83.8777
0.231422 0.000988851 0.972853 2.54655 -0.0107014 0.999942 0.00152926 -1.11783 -0.972795 -0.0107648 0.231419 83.9708
0.205875 -0.00198566 0.978576 2.95127 -0.0012511 0.999997 0.00229234 -1.12756 -0.978577 -0.00169623 0.205872 84.031
0.182184 -0.00953788 0.983218 3.34548 0.00565308 0.999947 0.00865268 -1.12981 -0.983248 0.00398182 0.182228 84.0829
0.16207 -0.0150324 0.986665 3.76165 0.0113232 0.999846 0.0133733 -1.12292 -0.986714 0.00900477 0.162215 84.1187
0.142465 -0.0152527 0.989682 4.17787 0.00928631 0.999858 0.0140728 -1.10695 -0.989756 0.00718561 0.142587 84.1686
0.12497 -0.0107338 0.992102 4.55845 -0.00396207 0.999928 0.0113175 -1.10194 -0.992153 -0.00534513 0.124918 84.2073
0.109276 -0.006755 0.993988 4.97187 -0.0167806 0.999822 0.00863945 -1.10223 -0.99387 -0.0176238 0.109143 84.2555
0.0949523 -0.0072285 0.995456 5.37648 -0.0177948 0.999802 0.00895742 -1.1005 -0.995323 -0.0185644 0.0948049 84.2875
0.081595 -0.0101974 0.996613 5.85503 -0.0132555 0.999848 0.0113158 -1.10155 -0.996577 -0.0141339 0.0814474 84.3157
0.0697992 -0.0150166 0.997448 6.31899 -0.0103893 0.999822 0.0157793 -1.09957 -0.997507 -0.0114641 0.0696307 84.3356
0.0597681 -0.0177879 0.998054 6.82648 -0.0100243 0.99978 0.0184189 -1.09697 -0.998162 -0.0111057 0.0595766 84.3588
0.0520484 -0.0198047 0.998448 7.34384 -0.0124263 0.999713 0.0204776 -1.09275 -0.998567 -0.0134729 0.0517874 84.3771
0.0463822 -0.0213916 0.998695 7.87983 -0.0156387 0.999633 0.022138 -1.08347 -0.998801 -0.0166451 0.0460307 84.3955
0.0409386 -0.0217335 0.998925 8.40242 -0.0173465 0.999597 0.022459 -1.07689 -0.999011 -0.0182473 0.0405451 84.4141
0.0344593 -0.0230302 0.999141 8.98533 -0.01939 0.999531 0.0237079 -1.06413 -0.999218 -0.0201903 0.0339966 84.4369
0.0305976 -0.0255801 0.999204 9.57098 -0.021 0.999435 0.0262291 -1.0564 -0.999311 -0.0217858 0.0300432 84.4482
0.0271942 -0.0264244 0.999281 10.1905 -0.0224817 0.999382 0.0270389 -1.04505 -0.999377 -0.0232008 0.0265833 84.4668
0.0251857 -0.0276701 0.9993 10.8016 -0.025617 0.999271 0.0283149 -1.03261 -0.999355 -0.0263122 0.0244585 84.4728
0.0212694 -0.0291513 0.999349 11.4413 -0.0281087 0.999162 0.0297441 -1.02391 -0.999379 -0.028723 0.0204322 84.4937
0.0200659 -0.033263 0.999245 12.0998 -0.0289456 0.999008 0.0338363 -1.0085 -0.99938 -0.0296027 0.0190832 84.5069
0.0254709 -0.0382991 0.998942 12.8097 -0.0266254 0.998885 0.0389759 -0.969575 -0.999321 -0.0275899 0.0244228 84.4912
0.0230649 -0.0347543 0.99913 13.4854 -0.0326843 0.998835 0.0354985 -0.954622 -0.9992 -0.0334746 0.0219021 84.5318
0.03031 -0.0408264 0.998706 14.2172 -0.0366253 0.998449 0.0419275 -0.928856 -0.998869 -0.0378487 0.0287677 84.5503
0.033031 -0.0393665 0.998679 14.9356 -0.0374394 0.998474 0.0405967 -0.903945 -0.998753 -0.0387309 0.0315068 84.5655
0.0377435 -0.0415713 0.998422 15.3674 -0.0409319 0.998231 0.0431107 -0.88124 -0.998449 -0.0424945 0.0359752 84.5886
0.0418254 -0.0413266 0.99827 16.2418 -0.0434978 0.998122 0.0431429 -0.853095 -0.998178 -0.045227 0.0399492 84.6199
0.044869 -0.0363301 0.998332 16.9061 -0.0448369 0.998258 0.0383426 -0.833215 -0.997986 -0.0464825 0.0431619 84.652
0.0488074 -0.0372619 0.998113 17.7488 -0.045392 0.998189 0.0394844 -0.800731 -0.997776 -0.0472335 0.0470275 84.7154
0.0528086 -0.0338374 0.998031 18.5352 -0.0383274 0.998621 0.0358854 -0.773578 -0.997869 -0.040147 0.0514389 84.7591
0.0563414 -0.0321129 0.997895 19.3817 -0.033535 0.998858 0.0340373 -0.745328 -0.997848 -0.0353821 0.0552002 84.8179
0.059133 -0.0288862 0.997832 20.1899 -0.0274627 0.999156 0.030552 -0.729436 -0.997872 -0.0292097 0.0582898 84.8694
0.0577654 -0.0235547 0.998052 20.9899 -0.02572 0.999355 0.0250741 -0.714293 -0.997999 -0.0271183 0.0571223 84.9284
0.0581105 -0.0213892 0.998081 21.8278 -0.0258064 0.999404 0.0229201 -0.704705 -0.997977 -0.0270888 0.0575239 84.9893
0.0578296 -0.0193991 0.998138 22.5936 -0.0260989 0.99944 0.0209365 -0.699391 -0.997985 -0.0272611 0.0572909 85.021
0.0583582 -0.0202108 0.998091 23.4424 -0.0237865 0.999483 0.0216298 -0.69252 -0.998012 -0.0250034 0.0578473 85.0634
0.0573361 -0.017125 0.998208 24.2439 -0.0212554 0.999605 0.0183698 -0.689935 -0.998129 -0.0222706 0.0569495 85.1252
0.0593452 -0.0161265 0.998107 25.0522 -0.0209149 0.99963 0.0173947 -0.684819 -0.998018 -0.0219076 0.058986 85.1644
0.0592278 -0.0134744 0.998154 25.8985 -0.0171238 0.999748 0.014512 -0.689108 -0.998098 -0.0179517 0.0589822 85.2303
0.0587199 -0.0108368 0.998216 26.7217 -0.014853 0.999821 0.0117279 -0.680365 -0.998164 -0.0155151 0.0585484 85.286
0.0557888 -0.00581982 0.998426 27.5368 -0.0119199 0.999908 0.00649451 -0.686279 -0.998371 -0.0122635 0.0557143 85.3398
0.0513845 -0.00488555 0.998667 28.3837 -0.0124868 0.999907 0.0055341 -0.678845 -0.998601 -0.0127545 0.0513187 85.4042
0.0469395 -0.00116146 0.998897 29.2116 -0.0104492 0.999944 0.0016537 -0.688386 -0.998843 -0.0105153 0.0469248 85.4466
0.0397567 0.00145739 0.999208 30.0523 -0.0081375 0.999966 -0.00113472 -0.698561 -0.999176 -0.00808595 0.0397672 85.4836
0.0322094 0.00250561 0.999478 30.8856 -0.0033734 0.999991 -0.00239819 -0.720214 -0.999475 -0.0032944 0.0322176 85.5135
0.0235586 0.00298028 0.999718 31.7375 0.00143579 0.999994 -0.00301494 -0.735024 -0.999721 0.00150641 0.0235541 85.5367
0.0138227 0.00240566 0.999902 32.5782 0.00300793 0.999992 -0.00244746 -0.748431 -0.9999 0.00304146 0.0138153 85.5471
0.00476561 0.00103042 0.999988 33.3755 0.00191403 0.999998 -0.00103955 -0.766092 -0.999987 0.00191896 0.00476362 85.5376
-0.00742681 0.00291403 0.999968 34.2363 6.05876e-005 0.999996 -0.00291366 -0.779554 -0.999972 3.89465e-005 -0.00742696 85.5474
-0.0169178 0.000823361 0.999857 35.0568 -0.000303875 1 -0.00082862 -0.795704 -0.999857 -0.00031785 -0.0169176 85.5164
-0.0291717 0.00263357 0.999571 35.9196 0.00278136 0.999993 -0.00255351 -0.811872 -0.999571 0.00270568 -0.0291788 85.4944
-0.0400655 0.00206833 0.999195 36.7549 0.00260378 0.999995 -0.00196558 -0.82606 -0.999194 0.00252294 -0.0400706 85.4628
-0.0514452 0.00238986 0.998673 37.7066 0.00400883 0.99999 -0.0021865 -0.827329 -0.998668 0.00389102 -0.0514543 85.4375
-0.0605325 0.00300323 0.998162 38.4391 0.00355884 0.99999 -0.0027929 -0.85587 -0.99816 0.00338323 -0.0605426 85.3677
-0.0704989 0.00188036 0.99751 39.2701 0.00362816 0.999992 -0.00162862 -0.868496 -0.997505 0.00350431 -0.0705052 85.3086
-0.0798112 0.000542646 0.99681 40.0385 0.00329761 0.999995 -0.000280351 -0.885338 -0.996805 0.00326472 -0.0798125 85.2409
-0.0886214 -0.000320318 0.996065 40.8499 0.00230323 0.999997 0.000526504 -0.894003 -0.996063 0.00234082 -0.0886204 85.159
-0.0979325 -0.000250199 0.995193 41.5705 0.000546408 1 0.000305177 -0.907912 -0.995193 0.000573669 -0.0979323 85.0829
-0.104213 -0.00240347 0.994552 42.3576 -0.00230223 0.999995 0.00217538 -0.917028 -0.994552 -0.00206298 -0.104218 84.988
-0.111048 -0.00435375 0.993806 43.0807 -0.00338049 0.999986 0.00400309 -0.930341 -0.993809 -0.00291502 -0.111061 84.9188
-0.113651 -0.00857247 0.993484 43.8483 -0.00639891 0.999948 0.00789624 -0.937657 -0.9935 -0.00545979 -0.1137 84.8226
-0.11723 -0.00779991 0.993074 44.6229 -0.00726458 0.999949 0.00699634 -0.944828 -0.993078 -0.00639409 -0.11728 84.7478
-0.118893 -0.00812163 0.992874 45.3434 -0.00978179 0.999928 0.00700799 -0.951295 -0.992859 -0.00887888 -0.118964 84.6561
-0.120131 -0.00589157 0.992741 46.0359 -0.007563 0.999959 0.00501921 -0.975308 -0.992729 -0.00690513 -0.12017 84.5473
-0.117579 -0.0103124 0.99301 46.7863 -0.00719301 0.999929 0.0095326 -0.989713 -0.993038 -0.0060219 -0.117644 84.4561
-0.113498 -0.00974508 0.99349 47.4954 -0.00555744 0.999942 0.00917347 -0.989643 -0.993523 -0.0044801 -0.113545 84.4025
-0.109364 -0.0109784 0.993941 48.1411 -0.00852763 0.999913 0.0101061 -1.00191 -0.993965 -0.00737072 -0.109448 84.3328
-0.103087 -0.00998009 0.994622 48.7464 -0.0084299 0.999923 0.00915956 -1.00639 -0.994637 -0.00744034 -0.103163 84.2778
-0.0918591 -0.00816994 0.995738 49.3829 -0.00869831 0.999935 0.00740193 -1.016 -0.995734 -0.00798131 -0.0919242 84.234
-0.078013 -0.00741784 0.996925 49.973 -0.00947618 0.999933 0.00669867 -1.02609 -0.996907 -0.00892446 -0.078078 84.206
-0.0601677 -0.00850678 0.998152 50.5475 -0.00606903 0.999948 0.00815625 -1.03162 -0.99817 -0.00556707 -0.0602162 84.1767
-0.0407444 -0.00562687 0.999154 51.1098 -0.00340483 0.999979 0.00549267 -1.04078 -0.999164 -0.00317816 -0.0407627 84.1881
-0.0147965 -0.00398953 0.999883 51.6309 -0.00208955 0.99999 0.00395904 -1.04622 -0.999888 -0.00203073 -0.0148046 84.1872
0.0127802 -0.00251969 0.999915 52.1632 -0.000782536 0.999996 0.0025299 -1.05085 -0.999918 -0.000814803 0.0127782 84.2173
0.0457544 -0.0018309 0.998951 52.6665 -0.00314927 0.999993 0.00197706 -1.05253 -0.998948 -0.00323643 0.0457483 84.264
0.083591 -0.00050992 0.9965 53.1569 -0.00592521 0.999982 0.00100874 -1.0568 -0.996483 -0.0059888 0.0835865 84.3351
0.126019 0.000355101 0.992028 53.6284 -0.00798639 0.999968 0.000656584 -1.05586 -0.991996 -0.00800546 0.126018 84.3817
0.169667 0.00463561 0.985491 54.1374 -0.00985165 0.999947 -0.0030075 -1.06005 -0.985452 -0.00919844 0.169704 84.526
0.221165 -0.00139198 0.975235 54.6134 -0.0155013 0.999868 0.00494254 -1.06663 -0.975113 -0.0162106 0.221114 84.6574
0.270613 0.00167159 0.962687 55.0901 -0.00906458 0.999959 0.000811756 -1.07316 -0.962646 -0.00894603 0.270617 84.8303
0.323975 0.00155784 0.946064 55.5699 -0.00514827 0.999987 0.000116366 -1.08211 -0.946051 -0.00490829 0.323979 85.0424
0.38592 -0.00612041 0.922512 56.0711 0.00537596 0.999976 0.00438539 -1.07714 -0.922517 0.00326698 0.385943 85.2569
0.447785 -0.00831704 0.894102 56.5896 0.011287 0.99993 0.00364869 -1.0797 -0.89407 0.0084579 0.447848 85.5259
0.503577 -0.00797309 0.863913 57.0138 0.00920117 0.99995 0.00386519 -1.08992 -0.863901 0.00600259 0.503626 85.836
0.560194 -0.00738418 0.828329 57.3482 0.00815702 0.999961 0.00339766 -1.08328 -0.828321 0.00485335 0.560232 86.1104
0.617026 0.000536476 0.786942 57.7039 0.00181368 0.999996 -0.00210379 -1.08656 -0.786941 0.00272536 0.617023 86.4762
0.670957 -0.00134495 0.741495 57.9358 0.00251941 0.999997 -0.000465906 -1.0823 -0.741492 0.00218073 0.670958 86.7432
0.716954 -0.00030737 0.69712 58.2177 0.00255993 0.999994 -0.00219186 -1.08655 -0.697115 0.00335604 0.716951 87.0889
0.762616 -0.000620904 0.646851 58.4333 -0.000908273 0.999998 0.00203071 -1.0889 -0.646851 -0.00213617 0.762613 87.3904
0.804014 0.00193072 0.594607 58.6687 -0.00686452 0.999958 0.00603512 -1.08466 -0.594571 -0.00893402 0.803994 87.7864
0.841251 0.002495 0.540639 58.8628 -0.00926427 0.999909 0.00980098 -1.07379 -0.540566 -0.0132537 0.841197 88.1758
0.873235 -0.00140643 0.487298 59.0523 -0.00890954 0.999783 0.0188514 -1.07489 -0.487218 -0.0208033 0.873032 88.5891
0.898828 0.00530403 0.438269 59.214 -0.013886 0.999769 0.0163788 -1.06185 -0.438081 -0.0208076 0.898695 89.036
0.919786 0.00607099 0.392374 59.3494 -0.015493 0.999663 0.0208508 -1.07154 -0.392115 -0.0252574 0.919569 89.464
0.935368 0.00982978 0.353538 59.4732 -0.0171036 0.999701 0.017456 -1.06354 -0.353261 -0.0223746 0.935257 89.9225
0.947875 0.00800293 0.318542 59.5915 -0.0138981 0.999772 0.0162382 -1.05958 -0.318339 -0.0198189 0.94777 90.3837
0.957538 0.00455193 0.288273 59.7055 -0.00884519 0.999868 0.0135922 -1.05385 -0.288173 -0.0155649 0.957452 90.8701
0.963835 -0.00632022 0.266423 59.8291 0.00220013 0.999873 0.0157601 -1.0521 -0.266489 -0.014604 0.963727 91.3634
0.967908 -0.0102205 0.251096 59.9478 0.00637333 0.99985 0.0161298 -1.05338 -0.251223 -0.0140118 0.967828 91.8732
0.971289 -0.00199035 0.237896 60.059 -0.00168323 0.999882 0.0152379 -1.05022 -0.237898 -0.0152008 0.971171 92.3585
0.973354 0.00901327 0.229131 60.1596 -0.0123495 0.999838 0.0131304 -1.042 -0.228976 -0.0156102 0.973307 92.8769
0.974721 0.0117338 0.223116 60.2673 -0.0143997 0.999843 0.0103256 -1.03463 -0.22296 -0.0132774 0.974737 93.3882
0.975364 0.011115 0.220323 60.3651 -0.0126869 0.999903 0.00572082 -1.03834 -0.220238 -0.00837509 0.97541 93.9583
0.975678 0.00418313 0.21917 60.4852 -0.00494136 0.999984 0.00291149 -1.0448 -0.219154 -0.00392367 0.975682 94.4931
0.974961 -0.00259093 0.222363 60.616 0.002794 0.999996 -0.000598638 -1.05644 -0.22236 0.00120493 0.974964 95.0373
0.973888 -0.00531729 0.226965 60.7345 0.00681702 0.99996 -0.00582443 -1.05502 -0.226925 0.00721957 0.973885 95.5639
0.973058 -0.00372992 0.23053 60.8609 0.00624085 0.999929 -0.0101638 -1.05972 -0.230475 0.0113287 0.973012 96.09
0.971871 0.00505894 0.235458 60.9573 -0.00262472 0.99994 -0.0106505 -1.06727 -0.235498 0.00973289 0.971826 96.6125
0.970617 0.00955753 0.24044 61.1022 -0.00801173 0.99994 -0.00740576 -1.07286 -0.240496 0.00526182 0.970636 97.165
0.969246 0.0030777 0.246076 61.3059 -0.00236705 0.999992 -0.00318365 -1.07707 -0.246084 0.00250326 0.969245 98.0185
0.968556 -0.00438233 0.248757 61.4377 0.00359485 0.999987 0.00361986 -1.0801 -0.24877 -0.0026118 0.968559 98.4428
0.96753 -0.00541754 0.252698 61.6062 0.00343611 0.99996 0.00828176 -1.08161 -0.252733 -0.00714455 0.96751 99.1059
0.966813 -0.00586732 0.255419 61.7689 0.00342147 0.999944 0.0100191 -1.07901 -0.255463 -0.0088127 0.966779 99.6941
0.966666 -0.0097387 0.255856 61.9433 0.00794952 0.999936 0.00802617 -1.08515 -0.255918 -0.00572469 0.966682 100.386
0.966739 -0.00765091 0.25565 62.1284 0.00752075 0.999971 0.00148672 -1.08182 -0.255654 0.000485407 0.966768 101.078
0.966918 -0.00379153 0.255059 62.3185 0.0051271 0.999976 -0.00457167 -1.08338 -0.255035 0.00572814 0.966915 101.782
0.967341 0.0035622 0.253454 62.474 -0.00112691 0.999952 -0.00975296 -1.08644 -0.253477 0.00914882 0.967298 102.422
0.967907 0.00338426 0.251287 62.6356 -0.0020885 0.999983 -0.00542298 -1.09065 -0.251301 0.00472413 0.967897 103.089
0.96862 -0.00181586 0.248539 62.7989 0.00114386 0.999995 0.00284819 -1.10001 -0.248543 -0.00247452 0.968618 103.714
0.969137 -0.000286605 0.246521 62.9808 -0.00173542 0.999967 0.00798494 -1.1103 -0.246515 -0.00816632 0.969104 104.443
0.969547 0.00600888 0.24483 63.146 -0.00776448 0.999951 0.00620611 -1.11073 -0.24478 -0.00791809 0.969546 105.174
0.97007 0.00582779 0.242755 63.3231 -0.00625097 0.99998 0.000973023 -1.11172 -0.242744 -0.00246135 0.970087 105.946
0.970751 0.00530355 0.240032 63.493 -0.00409413 0.999976 -0.00553696 -1.11754 -0.240056 0.00439229 0.970749 106.676
0.971821 -0.00116933 0.235717 63.6803 0.00310271 0.999965 -0.00783137 -1.11725 -0.2357 0.00834205 0.97179 107.442
0.972725 -0.00348991 0.231933 63.8456 0.00490129 0.999973 -0.00550931 -1.13191 -0.231908 0.00649582 0.972716 108.16
0.973485 -0.00462119 0.228704 64.0314 0.00542999 0.999981 -0.00290732 -1.14137 -0.228686 0.00407209 0.973492 108.925
0.973826 -0.00226657 0.227284 64.204 0.00244405 0.999997 -0.000499445 -1.15077 -0.227282 0.00104187 0.973828 109.69
0.974279 -0.00313028 0.225321 64.3834 0.00248385 0.999992 0.00315231 -1.15706 -0.225329 -0.00251157 0.974279 110.456
0.974139 -0.00544474 0.225882 64.5452 0.00458731 0.99998 0.00432067 -1.14954 -0.225901 -0.00317275 0.974145 111.279
0.974463 -0.00434899 0.224504 64.729 0.00296799 0.999975 0.00648847 -1.15419 -0.224526 -0.00565645 0.974452 112.088
0.974194 0.00526092 0.225651 64.9061 -0.00602961 0.999978 0.00271751 -1.16159 -0.225632 -0.00400797 0.974204 112.841
0.97377 0.00995353 0.227315 65.074 -0.00981136 0.99995 -0.0017554 -1.16247 -0.227322 -0.000520915 0.97382 113.696
0.973843 0.0132559 0.226834 65.2426 -0.0124864 0.99991 -0.00482696 -1.1705 -0.226878 0.00186835 0.973921 114.41
0.972986 0.0151149 0.23037 65.4151 -0.0141654 0.999883 -0.00577529 -1.17659 -0.230431 0.00235599 0.973086 115.246
0.97266 0.00962794 0.232035 65.6138 -0.00895214 0.999952 -0.00396531 -1.19529 -0.232062 0.00177969 0.972699 116.088
0.97183 0.00516434 0.235627 65.7981 -0.00408261 0.999979 -0.0050785 -1.2085 -0.235649 0.00397347 0.97183 116.911
0.971594 -0.00108226 0.236653 66.0077 0.00280301 0.999972 -0.00693486 -1.2179 -0.236639 0.00740121 0.971569 117.8
0.970747 -0.00602207 0.24003 66.2063 0.00741962 0.99996 -0.00491918 -1.23142 -0.23999 0.00655621 0.970753 118.633
0.970263 -0.00918436 0.241879 66.3945 0.0108182 0.999927 -0.00542764 -1.23928 -0.241811 0.00788294 0.970291 119.465
0.969806 -0.00305687 0.24386 66.6047 0.00472725 0.999969 -0.00626481 -1.26936 -0.243834 0.00722843 0.96979 120.293
0.969854 0.00323898 0.243667 66.8134 -0.00266481 0.999993 -0.00268594 -1.27534 -0.243674 0.00195564 0.969855 121.123
0.969763 0.00713745 0.243946 67.0112 -0.00762621 0.99997 0.00105914 -1.28624 -0.243931 -0.0028875 0.969788 121.954
0.969612 0.00764671 0.24453 67.2219 -0.00909296 0.999947 0.00478607 -1.30056 -0.244481 -0.00686414 0.96963 122.814
0.969096 0.00270274 0.246669 67.4392 -0.00246837 0.999996 -0.00125933 -1.31865 -0.246671 0.000611543 0.969099 123.739
0.969183 -0.0110457 0.246093 67.6709 0.01473 0.999805 -0.0131357 -1.33509 -0.2459 0.0163558 0.969157 124.593
0.969074 -0.0117524 0.246491 67.8707 0.0174347 0.99963 -0.0208831 -1.35258 -0.246154 0.0245347 0.96892 125.393
0.969025 -0.00239692 0.246951 68.0518 0.00573043 0.999902 -0.0127808 -1.36059 -0.246896 0.0138001 0.968944 126.156
0.969641 0.00107184 0.24453 68.2396 -0.00305924 0.999965 0.00774777 -1.37147 -0.244513 -0.00826063 0.969611 126.913
0.969993 -0.00124199 0.243129 68.4518 -0.00465036 0.999709 0.0236601 -1.39172 -0.243088 -0.0240807 0.969705 127.745
0.970177 0.00136738 0.242393 68.6669 -0.0055968 0.999844 0.0167609 -1.39594 -0.242332 -0.0176176 0.970033 128.623
0.970315 0.00544022 0.241783 68.9155 -0.00566886 0.999984 0.000250009 -1.4024 -0.241778 -0.00161322 0.97033 129.695
0.970678 0.00105137 0.240381 69.1573 0.000557205 0.999978 -0.00662369 -1.408 -0.240382 0.00656342 0.970656 130.701
0.971101 -0.00548231 0.238606 69.3458 0.0073028 0.999951 -0.00674635 -1.42172 -0.238557 0.00829387 0.971093 131.434
0.97162 -0.00018228 0.236548 69.5467 0.00165046 0.999981 -0.00600868 -1.43605 -0.236543 0.00622856 0.971601 132.349
0.972725 0.000747902 0.23196 69.7301 0.000701492 0.999981 -0.00616592 -1.44441 -0.23196 0.00616046 0.972706 133.161
0.973544 0.000925655 0.228496 69.9006 0.0011473 0.999959 -0.00893916 -1.46696 -0.228495 0.00896482 0.973504 133.928
0.974066 0.00727685 0.226148 70.0904 -0.00508755 0.999934 -0.0102621 -1.48551 -0.226208 0.00884545 0.974039 134.772
0.974784 0.0104641 0.222906 70.2767 -0.00814107 0.999903 -0.0113382 -1.50163 -0.223003 0.00923756 0.974774 135.638
0.975074 0.00813571 0.221731 70.4446 -0.00587289 0.999924 -0.0108626 -1.51799 -0.221802 0.00928968 0.975047 136.411
0.97543 0.00348594 0.22028 70.6128 -0.00221529 0.999979 -0.00601509 -1.53599 -0.220297 0.00537932 0.975418 137.178
0.975811 -0.00136443 0.218612 70.8108 0.00243903 0.999986 -0.00464574 -1.56128 -0.218603 0.00506657 0.975801 138.037
0.976309 -0.00294224 0.216361 70.974 0.00476921 0.999957 -0.00792243 -1.57857 -0.216329 0.00876661 0.976281 138.83
0.977738 -0.00881552 0.209643 71.1766 0.0111418 0.999889 -0.00991813 -1.59349 -0.209532 0.0120331 0.977728 139.666
0.978528 -0.00534188 0.206045 71.3202 0.00780663 0.999907 -0.0111511 -1.61634 -0.205966 0.0125201 0.978479 140.381
0.980163 -0.00147427 0.198189 71.455 0.00260958 0.999982 -0.00546735 -1.62256 -0.198177 0.00587609 0.980149 141.069
0.981436 -0.000852599 0.191787 71.607 0.000328882 0.999996 0.00276254 -1.63601 -0.191789 -0.00264818 0.981433 141.866
0.982209 -0.0025079 0.187776 71.7453 0.000185353 0.999923 0.0123853 -1.6426 -0.187792 -0.0121301 0.982134 142.596
0.98306 0.00397726 0.18324 71.8919 -0.00656257 0.999887 0.0135046 -1.64299 -0.183166 -0.0144784 0.982975 143.437
0.983616 0.00898201 0.180053 72.0143 -0.0106712 0.999908 0.00841549 -1.65233 -0.17996 -0.010199 0.983621 144.264
0.984879 0.00160056 0.173234 72.1487 -0.00128588 0.999997 -0.0019287 -1.66157 -0.173236 0.00167678 0.984879 145.081
0.986045 -0.0061292 0.166368 72.2289 0.00732278 0.999952 -0.00656186 -1.65896 -0.16632 0.00768856 0.986042 145.816
0.987084 -0.00554296 0.160107 72.3708 0.00646113 0.999966 -0.00521463 -1.67564 -0.160073 0.00618175 0.987086 146.572
0.987929 0.00700053 0.154749 72.4591 -0.00583602 0.999951 -0.0079782 -1.69169 -0.154797 0.00697878 0.987922 147.319
0.989187 0.0133581 0.146053 72.562 -0.012273 0.99989 -0.00832846 -1.70867 -0.146149 0.00644588 0.989242 148.081
0.990728 0.00707796 0.135679 72.6606 -0.00500935 0.999866 -0.0155816 -1.72649 -0.135772 0.0147575 0.99063 148.855
0.99178 0.000142979 0.127952 72.7409 0.00207693 0.99985 -0.0172159 -1.7435 -0.127935 0.0173402 0.991631 149.563
0.992813 -0.000601007 0.119674 72.8234 0.00244885 0.99988 -0.0152942 -1.75879 -0.11965 0.0154774 0.992695 150.301
0.99376 0.00425872 0.111461 72.8977 -0.00329984 0.999956 -0.00878596 -1.77809 -0.111494 0.00836333 0.99373 151.049
0.994662 0.00671728 0.10297 72.9655 -0.00638548 0.999973 -0.0035516 -1.79247 -0.102991 0.00287513 0.994678 151.819
0.995389 0.00464024 0.0958063 73.0354 -0.00460958 0.999989 -0.000541275 -1.80671 -0.0958078 9.71527e-005 0.9954 152.619
0.996041 1.20674e-005 0.0888951 73.108 -0.000114872 0.999999 0.00115135 -1.81255 -0.0888951 -0.001157 0.99604 153.456
0.99626 0.00241958 0.0863751 73.1515 -0.00235511 0.999997 -0.00084824 -1.82434 -0.0863769 0.000641645 0.996262 154.307
0.996815 0.0021893 0.079721 73.2335 -0.00164815 0.999975 -0.00685322 -1.83951 -0.079734 0.0067 0.996794 155.099
0.996819 0.00857654 0.0792355 73.2512 -0.00745567 0.999868 -0.0144311 -1.85251 -0.0793488 0.0137944 0.996751 155.967
0.997185 0.00808145 0.0745474 73.3277 -0.00682736 0.999831 -0.0170622 -1.87311 -0.0746727 0.0165053 0.997071 156.717
0.99738 0.00248527 0.0722932 73.3564 -0.00166258 0.999933 -0.0114378 -1.88602 -0.0723168 0.0112877 0.997318 157.483
0.997565 0.00572902 0.0695117 73.4079 -0.0056755 0.999983 -0.000967472 -1.90508 -0.0695161 0.000570603 0.997581 158.327
0.997844 0.00423602 0.0654892 73.4551 -0.00462897 0.999972 0.00584958 -1.9165 -0.0654626 -0.00614012 0.997836 159.144
0.998112 -0.00183677 0.0613902 73.5052 0.00165628 0.999994 0.00299078 -1.93817 -0.0613953 -0.00288345 0.998109 160.046
0.998333 -0.0159837 0.05546 73.5745 0.0163813 0.999843 -0.00672107 -1.95096 -0.0553439 0.00761837 0.998438 161.045
0.99865 -0.0145743 0.0498558 73.6009 0.0151396 0.999825 -0.0109797 -1.95934 -0.049687 0.0117197 0.998696 161.888
0.999115 0.00159312 0.0420228 73.6379 -0.0011426 0.999942 -0.0107428 -1.97189 -0.0420375 0.0106853 0.999059 162.777
0.999383 0.00215333 0.0350431 73.6509 -0.00199823 0.999988 -0.00446026 -1.99308 -0.0350523 0.00438749 0.999376 163.501
0.99961 -0.00730603 0.026967 73.6841 0.00733562 0.999973 -0.000998548 -2.00892 -0.0269589 0.00119598 0.999636 164.36
0.999691 -0.0127943 0.0213332 73.7132 0.0127376 0.999915 0.00279281 -2.01152 -0.0213671 -0.00252021 0.999769 165.185
0.999813 -0.0124637 0.0147626 73.7309 0.012423 0.999919 0.00284471 -2.02037 -0.0147969 -0.00266078 0.999887 166.052
0.999936 -0.00769414 0.00829826 73.7439 0.0077297 0.999961 -0.00426137 -2.04231 -0.00826515 0.00432524 0.999956 166.88
0.999914 -0.0131047 0.000764309 73.7435 0.0131147 0.999803 -0.0148737 -2.05135 -0.000569243 0.0148824 0.999889 167.717
0.999824 -0.0176806 -0.0062024 73.7696 0.0175583 0.999661 -0.019249 -2.06885 0.00654063 0.0191367 0.999795 168.564
0.999903 -0.00630413 -0.0124412 73.7434 0.00616143 0.999915 -0.0114754 -2.08098 0.0125125 0.0113977 0.999857 169.34
0.999742 0.0144053 -0.0175825 73.7187 -0.0143758 0.999895 0.00180253 -2.09841 0.0176067 -0.0015493 0.999844 170.083
0.999639 0.0149887 -0.0222981 73.6876 -0.0147857 0.999848 0.00924142 -2.11154 0.0224332 -0.00890839 0.999709 170.915
0.999651 0.00412638 -0.0260794 73.6584 -0.00396515 0.999973 0.00623109 -2.11993 0.0261044 -0.00612551 0.99964 171.887
0.999617 0.00123263 -0.0276594 73.6141 -0.00135929 0.999989 -0.00456084 -2.13079 0.0276535 0.00459669 0.999607 172.821
0.999456 0.0125648 -0.030485 73.5603 -0.0129786 0.999826 -0.0134159 -2.14312 0.0303112 0.0138043 0.999445 173.739
0.999428 0.009526 -0.0324559 73.5357 -0.0100926 0.999799 -0.0173397 -2.15813 0.0322842 0.0176573 0.999323 174.554
0.999372 -0.00580684 -0.0349526 73.5156 0.00537074 0.999907 -0.0125577 -2.17856 0.0350223 0.0123621 0.99931 175.353
0.999355 -0.00615226 -0.0353842 73.5011 0.00601803 0.999974 -0.00389886 -2.18103 0.0354073 0.0036834 0.999366 175.614
0.999389 -0.000304821 -0.0349484 73.4476 0.000384577 0.999997 0.00227543 -2.20388 0.0349476 -0.00228748 0.999387 176.738
0.999323 0.00140445 -0.036763 73.4218 -0.00136311 0.999998 0.00114939 -2.21163 0.0367646 -0.0010985 0.999323 177.491
0.999267 -0.00186028 -0.0382385 73.3775 0.00155867 0.999967 -0.00791604 -2.2323 0.038252 0.00785064 0.999237 178.435
0.99907 -0.0132334 -0.0410278 73.3558 0.0124084 0.999717 -0.0202983 -2.24966 0.0412848 0.0197703 0.998952 179.275
0.998903 -0.0198479 -0.0424036 73.3346 0.018817 0.999521 -0.0245732 -2.27182 0.042871 0.0237484 0.998798 180.105
0.99901 -0.00867071 -0.0436406 73.286 0.00781304 0.999774 -0.0197853 -2.29608 0.0438023 0.0194247 0.998851 180.878
0.998977 0.00621726 -0.0447959 73.2449 -0.00662399 0.999938 -0.00893707 -2.31999 0.0447375 0.00922465 0.998956 181.655
0.998926 0.00507444 -0.0460487 73.1977 -0.00531294 0.999973 -0.00505846 -2.34627 0.0460218 0.00529768 0.998926 182.494
0.998945 0.00140249 -0.0459016 73.1328 -0.00180441 0.99996 -0.00871579 -2.37756 0.0458876 0.00878942 0.998908 183.67
0.998917 9.14908e-005 -0.0465189 73.1024 -0.000789574 0.999887 -0.0149883 -2.38872 0.0465123 0.0150088 0.998805 184.453
0.998933 0.00773304 -0.0455295 73.0401 -0.00842399 0.999852 -0.0150037 -2.40761 0.0454067 0.0153713 0.99885 185.325
0.998868 0.00877891 -0.0467542 72.9963 -0.00933678 0.999888 -0.011727 -2.43292 0.046646 0.0121502 0.998838 186.164
