0.999988 -0.0027938 -0.00398654 0.00880003 0.00278629 0.999994 -0.00188774 -0.00900413 0.00399179 0.00187661 0.99999 0.670853
0.999976 -0.00302217 -0.0062819 -0.00334815 0.00299809 0.999988 -0.00383816 -0.0106233 0.00629343 0.00381923 0.999973 1.33034
0.99994 -0.00145235 -0.010819 -0.023403 0.00139709 0.999986 -0.00511387 -0.00932822 0.0108262 0.00509845 0.999928 1.97902
0.999873 0.00386532 -0.0154476 -0.0438749 -0.00395583 0.999975 -0.00583293 -0.0188807 0.0154246 0.00589329 0.999864 2.68621
0.999789 0.00244771 -0.0203905 -0.0461929 -0.00255635 0.999983 -0.00530377 -0.0336037 0.0203772 0.00535478 0.999778 3.45466
0.999782 0.000934234 -0.0208638 -0.12265 -0.00108191 0.999974 -0.00706815 -0.0304613 0.0208567 0.00708919 0.999757 3.75233
0.999566 0.00401621 -0.0291827 -0.116939 -0.00424577 0.999961 -0.00780843 -0.040536 0.0291502 0.00792894 0.999544 4.81636
0.99937 0.00294122 -0.0353724 -0.149393 -0.00317067 0.999974 -0.00643224 -0.0522463 0.0353526 0.00654034 0.999353 5.72615
0.999255 0.00369589 -0.0384089 -0.196167 -0.00381463 0.999988 -0.00301883 -0.0647169 0.0383972 0.0031631 0.999258 6.4075
0.999185 -0.00230576 -0.0403106 -0.211123 0.00227675 0.999997 -0.000765421 -0.0556196 0.0403122 0.000673019 0.999187 6.877
0.999045 0.000619192 -0.0436856 -0.276804 -0.000680931 0.999999 -0.00139839 -0.0843279 0.0436847 0.0014268 0.999044 7.95669
0.998899 0.00396098 -0.046747 -0.280386 -0.00403752 0.999991 -0.00154297 -0.0898239 0.0467405 0.00173002 0.998906 8.68661
0.998789 -0.00448108 -0.0489946 -0.347041 0.00434682 0.999987 -0.00284652 -0.0910865 0.0490067 0.0026301 0.998795 9.51298
0.998869 0.00036677 -0.0475509 -0.406347 -0.000414604 0.999999 -0.000996088 -0.0995806 0.0475505 0.00101468 0.998868 10.2655
0.998741 -0.00493414 -0.0499249 -0.45635 0.00486627 0.999987 -0.00148093 -0.119044 0.0499316 0.00123612 0.998752 11.1847
0.998538 -0.00117329 -0.0540407 -0.485663 0.000934413 0.99999 -0.00444543 -0.122677 0.0540454 0.00438843 0.998529 11.9657
0.998393 0.00629959 -0.0563255 -0.492153 -0.00673539 0.999949 -0.00755063 -0.120582 0.0562751 0.00791786 0.998384 12.6834
0.998592 0.0105111 -0.0519945 -0.611444 -0.0109638 0.999904 -0.00842877 -0.139959 0.0519009 0.00898696 0.998612 13.5363
0.99844 0.00496751 -0.0556111 -0.638041 -0.00539811 0.999957 -0.00759546 -0.149556 0.0555709 0.00788381 0.998424 14.3696
0.99785 0.0156391 -0.0636467 -0.548865 -0.0160141 0.999857 -0.00538609 -0.187004 0.0635534 0.00639375 0.997958 15.1015
0.998479 -0.037393 -0.0405028 -1.00983 0.0376517 0.999275 0.00564288 -0.233085 0.0402625 -0.0071593 0.999163 15.954
0.998208 -0.000986621 -0.0598382 -0.819976 0.000705332 0.999989 -0.00472177 -0.207981 0.0598421 0.0046711 0.998197 16.7743
0.997761 -0.000352341 -0.0668849 -0.84387 -2.14022e-005 0.999984 -0.00558705 -0.230961 0.0668858 0.00557597 0.997745 17.6689
0.998633 -0.000688156 -0.0522598 -1.05109 0.000626411 0.999999 -0.00119787 -0.24812 0.0522605 0.0011635 0.998633 18.3955
0.99797 -0.00517102 -0.0634731 -1.01864 0.00492967 0.99998 -0.00395841 -0.23012 0.0634923 0.00363747 0.997976 19.3964
0.997961 -0.00314549 -0.0637483 -1.09791 0.00317747 0.999995 0.000400323 -0.255844 0.0637467 -0.000602065 0.997966 20.4058
0.99838 -0.00222709 -0.0568531 -1.17736 0.00255907 0.99998 0.00576702 -0.264052 0.0568391 -0.00590317 0.998366 21.1007
0.998243 0.00511794 -0.0590398 -1.18224 -0.00470087 0.999963 0.00720106 -0.261956 0.0590745 -0.00691086 0.99823 21.899
0.998309 -0.0024736 -0.0580708 -1.27387 0.00294669 0.999963 0.00806261 -0.266042 0.0580488 -0.0082201 0.99828 23.1307
0.998497 0.00225822 -0.0547679 -1.32882 -0.00191829 0.999979 0.00625843 -0.280013 0.0547809 -0.00614396 0.998479 23.9458
0.998517 0.00174726 -0.0544172 -1.36818 -0.00170748 0.999998 0.000777423 -0.278217 0.0544185 -0.000683354 0.998518 24.8828
0.998502 -0.00152414 -0.0546971 -1.4392 0.00139075 0.999996 -0.00247671 -0.285564 0.0547007 0.00239693 0.9985 26.0042
0.998715 -0.00423137 -0.0505004 -1.50791 0.0041937 0.999991 -0.000851983 -0.313541 0.0505036 0.000639105 0.998724 26.8951
0.998588 -0.00411331 -0.0529664 -1.51525 0.0043036 0.999985 0.00347914 -0.306914 0.0529513 -0.00370217 0.99859 27.7738
0.998477 -0.0105011 -0.0541561 -1.58005 0.0108929 0.999917 0.00694378 -0.318514 0.0540787 -0.00752312 0.998508 28.7802
0.998446 -0.0148714 -0.0537139 -1.62172 0.0152 0.999868 0.00571401 -0.330041 0.0536218 -0.00652157 0.99854 29.6546
0.998433 -0.00654229 -0.0555691 -1.67797 0.00668009 0.999975 0.00229445 -0.339808 0.0555527 -0.00266206 0.998452 30.6422
0.998257 -0.00935759 -0.0582735 -1.72618 0.00925193 0.999955 -0.00208277 -0.345016 0.0582904 0.00153999 0.998298 31.6307
0.998206 -0.000379048 -0.0598651 -1.7904 0.000222872 0.999997 -0.00261546 -0.352203 0.0598659 0.00259742 0.998203 32.465
0.99412 -0.0604456 -0.0898402 -1.91858 0.0610111 0.998131 0.00355948 -0.418857 0.0894571 -0.0090198 0.99595 29.3163
0.998061 0.00489088 -0.0620471 -1.90681 -0.0047959 0.999987 0.00167967 -0.388723 0.0620545 -0.00137884 0.998072 33.2645
0.997948 0.000662148 -0.0640227 -1.9801 -0.000469783 0.999995 0.00301964 -0.398843 0.0640244 -0.00298336 0.997944 33.8889
0.996839 0.000151925 -0.0794524 -2.08051 0.000543121 0.999962 0.00872627 -0.427467 0.0794507 -0.00874183 0.9968 33.4954
0.997892 0.0209253 -0.0614223 -1.90488 -0.0202365 0.999725 0.0118151 -0.369247 0.0616527 -0.0105472 0.998042 33.4147
0.997471 0.00395522 -0.0709699 -2.13594 -0.00313188 0.999927 0.0117087 -0.400883 0.071011 -0.0114568 0.99741 35.8034
0.997522 0.00400814 -0.070237 -2.17299 -0.00324507 0.999935 0.0109749 -0.406802 0.0702764 -0.0107198 0.99747 35.801
0.997761 0.00535453 -0.0666656 -2.18245 -0.00459938 0.999924 0.0114757 -0.391437 0.066722 -0.0111434 0.997709 36.8646
0.99764 0.00938061 -0.0680175 -2.14227 -0.00893258 0.999936 0.00688818 -0.395105 0.0680778 -0.00626436 0.99766 36.2428
0.99741 0.00570565 -0.0716971 -2.17062 -0.00524192 0.999964 0.00665444 -0.407973 0.0717325 -0.00626137 0.997404 36.5544
0.99706 -0.00363294 -0.0765409 -2.29007 0.0043087 0.999953 0.00866546 -0.395307 0.0765058 -0.00896977 0.997029 38.8995
0.997517 0.00124896 -0.0704184 -2.36961 -0.000512615 0.999945 0.0104738 -0.416012 0.0704276 -0.0104116 0.997463 39.2059
0.996936 0.000597329 -0.078225 -2.38645 -0.000153913 0.999984 0.00567437 -0.4184 0.0782271 -0.00564494 0.99692 40.0769
0.997104 0.00429267 -0.0759352 -2.52021 -0.00413129 0.999989 0.00228222 -0.419691 0.0759442 -0.0019619 0.99711 41.5178
0.99713 0.00394004 -0.0756057 -2.56498 -0.00384166 0.999992 0.00144661 -0.435165 0.0756107 -0.00115201 0.997137 42.2397
0.997043 -0.000370546 -0.0768433 -2.64295 0.000705781 0.99999 0.00433547 -0.445001 0.076841 -0.00437688 0.997034 43.1057
0.997065 -0.00267729 -0.0765094 -2.72164 0.00325475 0.999967 0.00742382 -0.449801 0.076487 -0.00765105 0.997041 44.2243
0.997094 -0.00373608 -0.0760927 -2.79185 0.00436181 0.999958 0.00805869 -0.466416 0.0760594 -0.00836717 0.997068 45.0419
0.99707 -0.00783272 -0.0760919 -2.88394 0.00837262 0.999942 0.00677896 -0.468463 0.0760344 -0.00739619 0.997078 46.023
0.996936 -0.006648 -0.0779401 -2.93903 0.00707667 0.999961 0.00522505 -0.484039 0.0779024 -0.0057606 0.996944 47.0579
