0.999994 -0.00266876 -0.00221869 -1.#INF 0.00266449 0.999995 -0.00192875 -1.#INF 0.00222383 0.00192283 0.999996 1.#INF
0.999961 -0.00179 -0.00869473 -1.#IND 0.00176264 0.999993 -0.00315285 -1.#IND 0.00870031 0.0031374 0.999957 -1.#IND
0.999941 -0.00324714 -0.0103478 -1.#IND 0.00319123 0.99998 -0.00541442 -1.#IND 0.0103652 0.00538108 0.999932 -1.#IND
0.999876 -0.000385615 -0.0157505 -1.#IND 0.000298443 0.999985 -0.00553653 -1.#IND 0.0157524 0.00553114 0.999861 -1.#IND
0.99977 0.000574769 -0.0214301 -1.#IND -0.000698694 0.999983 -0.00577569 -1.#IND 0.0214265 0.00578934 0.999754 -1.#IND
0.999725 -0.000165519 -0.0234338 -1.#IND -2.29761e-008 0.999975 -0.00706406 -1.#IND 0.0234344 0.00706212 0.9997 -1.#IND
0.999545 0.00241759 -0.0300602 -1.#IND -0.0026381 0.99997 -0.0072983 -1.#IND 0.0300417 0.00737428 0.999521 -1.#IND
0.999374 0.00617161 -0.0348381 -1.#IND -0.00638526 0.999961 -0.00602469 -1.#IND 0.0347996 0.00624337 0.999375 -1.#IND
