1 -8.22789e-007 -0.00085052 -0.0332714 -8.22789e-007 0.999998 -0.00193479 -0.0106501 0.00085052 0.00193479 0.999998 0.665833
1 -1.71017e-006 -0.000963462 -0.102903 -1.71017e-006 0.999994 -0.00355004 -0.0155367 0.000963462 0.00355004 0.999993 1.32564
0.99995 -2.10532e-005 -0.00997822 -0.112149 -2.10532e-005 0.999991 -0.00421972 -0.0328396 0.00997822 0.00421972 0.999941 1.99822
0.99995 -2.10532e-005 -0.00997822 -0.121396 -2.10532e-005 0.999991 -0.00421972 -0.0501425 0.00997822 0.00421972 0.999941 2.67081
0.999898 -2.95819e-005 -0.0142756 -0.134389 -2.95819e-005 0.999991 -0.00414417 -0.0597984 0.0142756 0.00414417 0.99989 3.3935
0.999864 -4.49715e-005 -0.0164619 -0.178704 -4.49715e-005 0.999985 -0.00546328 -0.0659948 0.0164619 0.00546328 0.99985 4.12558
0.999772 -6.36651e-005 -0.0213636 -0.212907 -6.36651e-005 0.999982 -0.00595942 -0.0733179 0.0213636 0.00595942 0.999754 4.89654
0.999685 -5.12804e-005 -0.0250781 -0.246135 -5.12804e-005 0.999992 -0.00408901 -0.0842443 0.0250781 0.00408901 0.999677 5.69636
0.999581 -2.70582e-005 -0.0289337 -0.272712 -2.70582e-005 0.999998 -0.00186997 -0.0875033 0.0289337 0.00186997 0.99958 6.47536
0.999524 1.22319e-005 -0.0308623 -0.322246 1.22319e-005 1 0.000792484 -0.0968983 0.0308623 -0.000792484 0.999523 7.28897
0.999451 4.4038e-006 -0.0331204 -0.365453 4.4038e-006 1 0.000265854 -0.103124 0.0331204 -0.000265854 0.999451 8.12264
0.99946 4.08799e-006 -0.0328653 -0.434521 4.08799e-006 1 0.000248705 -0.109896 0.0328653 -0.000248705 0.99946 8.94261
0.999384 -6.03233e-006 -0.0350844 -0.459123 -6.03233e-006 1 -0.000343769 -0.116527 0.0350844 0.000343769 0.999384 9.77107
0.999272 2.28656e-005 -0.0381511 -0.465529 2.28656e-005 0.999999 0.00119825 -0.132665 0.0381511 -0.00119825 0.999271 10.5747
0.999082 2.55762e-005 -0.0428368 -0.458592 2.55762e-005 0.999999 0.00119358 -0.144499 0.0428368 -0.00119358 0.999081 11.4111
0.999042 -1.80446e-005 -0.0437698 -0.51404 -1.80446e-005 1 -0.000824126 -0.153633 0.0437698 0.000824126 0.999041 12.2279
0.999033 -7.38507e-005 -0.0439698 -0.56624 -7.38507e-005 0.999994 -0.00335752 -0.162356 0.0439698 0.00335752 0.999027 13.0529
0.999019 -0.000106422 -0.0442804 -0.631414 -0.000106422 0.999988 -0.00480433 -0.170459 0.0442804 0.00480433 0.999008 13.8809
0.998941 -8.37714e-005 -0.0460119 -0.667017 -8.37714e-005 0.999993 -0.00363935 -0.190411 0.0460119 0.00363935 0.998934 14.7184
0.99883 -6.52058e-005 -0.0483554 -0.687323 -6.52058e-005 0.999996 -0.00269536 -0.199723 0.0483554 0.00269536 0.998827 15.5485
0.998754 -2.80549e-005 -0.0498952 -0.735251 -2.80549e-005 0.999999 -0.00112385 -0.208606 0.0498952 0.00112385 0.998754 16.4028
0.998706 -2.56661e-005 -0.0508535 -0.754584 -2.56661e-005 0.999999 -0.00100876 -0.22308 0.0508535 0.00100876 0.998706 17.2114
0.998622 -4.44998e-005 -0.0524801 -0.800332 -4.44998e-005 0.999999 -0.0016947 -0.234728 0.0524801 0.0016947 0.998621 18.0389
0.998515 -6.79602e-005 -0.0544834 -0.833544 -6.79602e-005 0.999997 -0.00249286 -0.247598 0.0544834 0.00249286 0.998512 18.884
0.99849 -4.45677e-005 -0.0549377 -0.881898 -4.45677e-005 0.999999 -0.00162126 -0.252692 0.0549377 0.00162126 0.998488 19.7214
0.998487 5.22866e-005 -0.0549839 -0.926406 5.22866e-005 0.999998 0.00190045 -0.264881 0.0549839 -0.00190045 0.998485 20.5401
0.998402 0.000161316 -0.056513 -0.940244 0.000161316 0.999984 0.00570438 -0.289659 0.056513 -0.00570438 0.998386 21.4105
0.998554 0.000221709 -0.0537637 -1.00748 0.000221709 0.999966 0.00824144 -0.286595 0.0537637 -0.00824144 0.99852 22.3138
