0.999988 -0.0027938 -0.00398654 0.00880003 0.00278629 0.999994 -0.00188774 -0.00900413 0.00399179 0.00187661 0.99999 0.670853
0.999976 -0.00302217 -0.0062819 -0.00334815 0.00299809 0.999988 -0.00383816 -0.0106233 0.00629343 0.00381923 0.999973 1.33034
0.99994 -0.00145235 -0.010819 -0.023403 0.00139709 0.999986 -0.00511387 -0.00932822 0.0108262 0.00509845 0.999928 1.97902
