1 0 -0.000850522 -0.0332757 0 1 0 0 0.000850522 0 1 0.665918
1 0 -0.000850522 -0.103079 0 1 0 0 0.000850522 0 1 1.32736
0.999951 0 -0.00986154 -0.112189 0 1 0 0 0.00986154 0 0.999951 1.99555
0.999951 0 -0.00986154 -0.121299 0 1 0 0 0.00986154 0 0.999951 2.66373
0.9999 0 -0.0141615 -0.133819 0 1 0 0 0.0141615 0 0.9999 3.36472
0.999867 0 -0.0163376 -0.17609 0 1 0 0 0.0163376 0 0.999867 4.06438
0.999775 0 -0.0212355 -0.208114 0 1 0 0 0.0212355 0 0.999775 4.78826
0.999689 0 -0.0249457 -0.238818 0 1 0 0 0.0249457 0 0.999689 5.52967
0.999585 0 -0.0287986 -0.264248 0 1 0 0 0.0287986 0 0.999585 6.27793
0.999528 0 -0.0307241 -0.310852 0 1 0 0 0.0307241 0 0.999528 7.04515
0.999456 0 -0.0329835 -0.351325 0 1 0 0 0.0329835 0 0.999456 7.82816
0.999456 0 -0.0329835 -0.417682 0 1 0 0 0.0329835 0 0.999456 8.61723
0.99938 0 -0.0352019 -0.44157 0 1 0 0 0.0352019 0 0.99938 9.41846
0.999268 0 -0.0382681 -0.448034 0 1 0 0 0.0382681 0 0.999268 10.2175
0.999077 0 -0.0429493 -0.441391 0 1 0 0 0.0429493 0 0.999077 11.0299
0.999037 0 -0.0438868 -0.496347 0 1 0 0 0.0438868 0 0.999037 11.8381
0.999037 0 -0.0438868 -0.547996 0 1 0 0 0.0438868 0 0.999037 12.6529
0.999037 0 -0.0438868 -0.612194 0 1 0 0 0.0438868 0 0.999037 13.4694
0.998959 0 -0.0456164 -0.646891 0 1 0 0 0.0456164 0 0.998959 14.2933
0.998849 0 -0.047962 -0.666733 0 1 0 0 0.047962 0 0.998849 15.1177
0.998774 0 -0.0494968 -0.713176 0 1 0 0 0.0494968 0 0.998774 15.9514
0.998726 0 -0.0504564 -0.732517 0 1 0 0 0.0504564 0 0.998726 16.7741
0.998643 0 -0.0520831 -0.777943 0 1 0 0 0.0520831 0 0.998643 17.6017
0.998536 0 -0.0540875 -0.810305 0 1 0 0 0.0540875 0 0.998536 18.4336
0.998512 0 -0.0545406 -0.858018 0 1 0 0 0.0545406 0 0.998512 19.2657
0.998512 0 -0.0545406 -0.902672 0 1 0 0 0.0545406 0 0.998512 20.0932
0.998427 0 -0.0560704 -0.915718 0 1 0 0 0.0560704 0 0.998427 20.9374
0.998577 0 -0.05332 -0.979142 0 1 0 0 0.05332 0 0.998577 21.7946
0.998785 0 -0.0492714 -1.00536 0 1 0 0 0.0492714 0 0.998785 22.6596
0.998785 0 -0.0492714 -1.03157 0 1 0 0 0.0492714 0 0.998785 23.5246
0.998942 0 -0.0459877 -1.11177 0 1 0 0 0.0459877 0 0.998942 24.4043
0.999014 0 -0.0444002 -1.1549 0 1 0 0 0.0444002 0 0.999014 25.2868
0.99904 0 -0.0437981 -1.18918 0 1 0 0 0.0437981 0 0.99904 26.1711
0.999002 0 -0.0446568 -1.22078 0 1 0 0 0.0446568 0 0.999002 27.0627
0.999002 0 -0.0446568 -1.26553 0 1 0 0 0.0446568 0 0.999002 27.9549
0.998927 0 -0.0463214 -1.28973 0 1 0 0 0.0463214 0 0.998927 28.8571
0.998856 0 -0.0478114 -1.33014 0 1 0 0 0.0478114 0 0.998856 29.758
0.998752 0 -0.0499403 -1.36856 0 1 0 0 0.0499403 0 0.998752 30.6544
0.998646 0 -0.0520182 -1.4165 0 1 0 0 0.0520182 0 0.998646 31.5406
0.998618 0 -0.0525584 -1.49389 0 1 0 0 0.0525584 0 0.998618 32.4412
0.998548 0 -0.0538773 -1.53688 0 1 0 0 0.0538773 0 0.998548 33.3243
0.998548 0 -0.0538773 -1.60209 0 1 0 0 0.0538773 0 0.998548 34.2152
0.998522 0 -0.0543407 -1.659 0 1 0 0 0.0543407 0 0.998522 35.1097
0.998522 0 -0.0543407 -1.70914 0 1 0 0 0.0543407 0 0.998522 36.0144
0.998409 0 -0.0563907 -1.75662 0 1 0 0 0.0563907 0 0.998409 36.9352
0.998562 0 -0.0536054 -1.86303 0 1 0 0 0.0536054 0 0.998562 37.8748
0.998562 0 -0.0536054 -1.91924 0 1 0 0 0.0536054 0 0.998562 38.8215
0.998562 0 -0.0536054 -1.97546 0 1 0 0 0.0536054 0 0.998562 39.7682
0.998431 0 -0.0559901 -2.01927 0 1 0 0 0.0559901 0 0.998431 40.7166
0.998223 0 -0.0595905 -2.03815 0 1 0 0 0.0595905 0 0.998223 41.6742
0.998075 0 -0.0620202 -2.08522 0 1 0 0 0.0620202 0 0.998075 42.6243
0.998075 0 -0.0620202 -2.16335 0 1 0 0 0.0620202 0 0.998075 43.5844
0.998075 0 -0.0620202 -2.25091 0 1 0 0 0.0620202 0 0.998075 44.5406
0.998075 0 -0.0620202 -2.31354 0 1 0 0 0.0620202 0 0.998075 45.4778
0.997997 0 -0.0632555 -2.35194 0 1 0 0 0.0632555 0 0.997997 46.4103
0.997997 0 -0.0632555 -2.4186 0 1 0 0 0.0632555 0 0.997997 47.3371
0.997962 0 -0.063806 -2.47536 0 1 0 0 0.063806 0 0.997962 48.2676
0.997962 0 -0.063806 -2.53486 0 1 0 0 0.063806 0 0.997962 49.1856
0.997962 0 -0.063806 -2.60023 0 1 0 0 0.063806 0 0.997962 50.1002
0.998015 0 -0.0629766 -2.68323 0 1 0 0 0.0629766 0 0.998015 51.0046
0.998059 0 -0.0622701 -2.7724 0 1 0 0 0.0622701 0 0.998059 51.9134
0.99797 0 -0.063693 -2.81423 0 1 0 0 0.063693 0 0.99797 52.8165
0.997841 0 -0.0656729 -2.8653 0 1 0 0 0.0656729 0 0.997841 53.7331
0.997774 0 -0.0666912 -2.94046 0 1 0 0 0.0666912 0 0.997774 54.6457
0.997685 0 -0.0680112 -3.00726 0 1 0 0 0.0680112 0 0.997685 55.556
0.99763 0 -0.0688035 -3.07352 0 1 0 0 0.0688035 0 0.99763 56.4548
0.997557 0 -0.0698554 -3.14145 0 1 0 0 0.0698554 0 0.997557 57.3424
0.997481 0 -0.0709309 -3.21172 0 1 0 0 0.0709309 0 0.997481 58.2248
0.997349 0 -0.0727726 -3.26466 0 1 0 0 0.0727726 0 0.997349 59.0939
0.997275 0 -0.0737799 -3.34296 0 1 0 0 0.0737799 0 0.997275 59.9568
0.997064 0 -0.0765667 -3.42426 0 1 0 0 0.0765667 0 0.997064 60.799
0.996878 0 -0.0789602 -3.48362 0 1 0 0 0.0789602 0 0.996878 61.6443
0.996763 0 -0.0804003 -3.55439 0 1 0 0 0.0804003 0 0.996763 62.4803
0.996722 0 -0.0808967 -3.63607 0 1 0 0 0.0808967 0 0.996722 63.3089
0.996585 0 -0.0825777 -3.70391 0 1 0 0 0.0825777 0 0.996585 64.1273
0.996644 0 -0.0818569 -3.80195 0 1 0 0 0.0818569 0 0.996644 64.9421
0.996526 0 -0.0832846 -3.89203 0 1 0 0 0.0832846 0 0.996526 65.7634
0.996722 0 -0.0809002 -4.03906 0 1 0 0 0.0809002 0 0.996722 66.5694
0.996481 0 -0.0838182 -4.10084 0 1 0 0 0.0838182 0 0.996481 67.3694
0.996481 0 -0.0838182 -4.16263 0 1 0 0 0.0838182 0 0.996481 68.1695
0.996171 0 -0.0874291 -4.1607 0 1 0 0 0.0874291 0 0.996171 68.9191
0.995987 0 -0.0895012 -4.23965 0 1 0 0 0.0895012 0 0.995987 69.6642
0.995987 0 -0.0895012 -4.31861 0 1 0 0 0.0895012 0 0.995987 70.4093
0.995987 0 -0.0895012 -4.39163 0 1 0 0 0.0895012 0 0.995987 71.1245
0.996058 0 -0.0887017 -4.43496 0 1 0 0 0.0887017 0 0.996058 71.8133
0.996058 0 -0.0887017 -4.47829 0 1 0 0 0.0887017 0 0.996058 72.502
0.996254 0 -0.0864717 -4.52574 0 1 0 0 0.0864717 0 0.996254 73.143
0.996466 0 -0.083994 -4.56549 0 1 0 0 0.083994 0 0.996466 73.7676
0.996968 0 -0.077815 -4.64019 0 1 0 0 0.077815 0 0.996968 74.381
0.997515 0 -0.0704483 -4.71454 0 1 0 0 0.0704483 0 0.997515 74.9836
0.99807 0 -0.0621063 -4.74482 0 1 0 0 0.0621063 0 0.99807 75.5696
0.999344 0 -0.0362214 -4.77209 0 1 0 0 0.0362214 0 0.999344 76.1339
0.999344 0 -0.0362214 -4.79936 0 1 0 0 0.0362214 0 0.999344 76.6982
0.999845 0 -0.0175894 -4.81508 0 1 0 0 0.0175894 0 0.999845 77.2435
0.999988 0 0.00490534 -4.80553 0 1 0 0 -0.00490534 0 0.999988 77.7711
0.999517 0 0.0310755 -4.76956 0 1 0 0 -0.0310755 0 0.999517 78.2868
0.998152 0 0.0607634 -4.72362 0 1 0 0 -0.0607634 0 0.998152 78.7836
0.995656 0 0.0931122 -4.64757 0 1 0 0 -0.0931122 0 0.995656 79.2742
0.991426 0 0.130672 -4.56098 0 1 0 0 -0.130672 0 0.991426 79.7572
0.984844 0 0.173441 -4.47472 0 1 0 0 -0.173441 0 0.984844 80.2264
0.975686 0 0.219174 -4.35823 0 1 0 0 -0.219174 0 0.975686 80.6821
0.963624 0 0.26726 -4.19092 0 1 0 0 -0.26726 0 0.963624 81.1118
0.947431 0 0.31996 -4.0151 0 1 0 0 -0.31996 0 0.947431 81.5254
0.926937 0 0.375217 -3.81689 0 1 0 0 -0.375217 0 0.926937 81.9215
0.902457 0 0.43078 -3.58323 0 1 0 0 -0.43078 0 0.902457 82.2892
0.873501 0 0.486822 -3.32657 0 1 0 0 -0.486822 0 0.873501 82.6267
0.839581 0 0.543235 -3.0615 0 1 0 0 -0.543235 0 0.839581 82.9512
0.802026 0 0.597289 -2.78337 0 1 0 0 -0.597289 0 0.802026 83.2553
0.761394 0 0.64829 -2.49108 0 1 0 0 -0.64829 0 0.761394 83.5401
0.718612 0 0.695411 -2.17584 0 1 0 0 -0.695411 0 0.718612 83.7969
0.673325 0 0.739347 -1.84624 0 1 0 0 -0.739347 0 0.673325 84.0299
0.626104 0 0.779739 -1.50525 0 1 0 0 -0.779739 0 0.626104 84.2481
0.578652 0 0.815574 -1.15592 0 1 0 0 -0.815574 0 0.578652 84.4382
0.531885 0 0.846817 -0.796954 0 1 0 0 -0.846817 0 0.531885 84.6129
0.485023 0 0.874502 -0.436495 0 1 0 0 -0.874502 0 0.485023 84.7687
0.440311 0 0.897845 -0.0673823 0 1 0 0 -0.897845 0 0.440311 84.8994
0.39755 0 0.91758 0.305403 0 1 0 0 -0.91758 0 0.39755 85.0168
0.358178 0 0.933653 0.692205 0 1 0 0 -0.933653 0 0.358178 85.1088
0.321899 0 0.946774 1.06331 0 1 0 0 -0.946774 0 0.321899 85.2102
0.289526 0 0.95717 1.44906 0 1 0 0 -0.95717 0 0.289526 85.2941
0.25857 0 0.965993 1.83841 0 1 0 0 -0.965993 0 0.25857 85.3956
0.230729 0 0.973018 2.23486 0 1 0 0 -0.973018 0 0.230729 85.4716
0.205336 0 0.978692 2.63348 0 1 0 0 -0.978692 0 0.205336 85.5291
0.18129 0 0.98343 3.03196 0 1 0 0 -0.98343 0 0.18129 85.5862
0.161321 0 0.986902 3.43524 0 1 0 0 -0.986902 0 0.161321 85.6222
0.142029 0 0.989862 3.84089 0 1 0 0 -0.989862 0 0.142029 85.6626
0.124438 0 0.992227 4.24846 0 1 0 0 -0.992227 0 0.124438 85.7117
0.109086 0 0.994032 4.63107 0 1 0 0 -0.994032 0 0.109086 85.7508
0.0945744 0 0.995518 5.02904 0 1 0 0 -0.995518 0 0.0945744 85.7814
0.0813622 0 0.996685 5.44335 0 1 0 0 -0.996685 0 0.0813622 85.7999
0.069468 0 0.997584 5.87078 0 1 0 0 -0.997584 0 0.069468 85.8228
0.0593676 0 0.998236 6.30974 0 1 0 0 -0.998236 0 0.0593676 85.8355
0.0508126 0 0.998708 6.77284 0 1 0 0 -0.998708 0 0.0508126 85.8595
0.042903 0 0.999079 7.25119 0 1 0 0 -0.999079 0 0.042903 85.8935
0.0366403 0 0.999329 7.74736 0 1 0 0 -0.999329 0 0.0366403 85.916
0.0317533 0 0.999496 8.25238 0 1 0 0 -0.999496 0 0.0317533 85.9225
0.0256442 0 0.999671 8.77762 0 1 0 0 -0.999671 0 0.0256442 85.9537
0.0221838 0 0.999754 9.32135 0 1 0 0 -0.999754 0 0.0221838 85.9685
0.0187766 0 0.999824 9.88264 0 1 0 0 -0.999824 0 0.0187766 85.983
0.0157021 0 0.999877 10.4731 0 1 0 0 -0.999877 0 0.0157021 85.9785
0.0163621 0 0.999866 11.0846 0 1 0 0 -0.999866 0 0.0163621 85.9675
0.0173675 0 0.999849 11.7077 0 1 0 0 -0.999849 0 0.0173675 85.9778
0.0197669 0 0.999805 12.35 0 1 0 0 -0.999805 0 0.0197669 85.9961
0.0248516 0 0.999691 13.0062 0 1 0 0 -0.999691 0 0.0248516 85.9971
0.0308602 0 0.999524 13.6781 0 1 0 0 -0.999524 0 0.0308602 85.9977
0.0348077 0 0.999394 14.3701 0 1 0 0 -0.999394 0 0.0348077 86.028
0.0372653 0 0.999305 15.0693 0 1 0 0 -0.999305 0 0.0372653 86.0727
0.0414812 0 0.999139 15.7851 0 1 0 0 -0.999139 0 0.0414812 86.1077
0.0453168 0 0.998973 16.5191 0 1 0 0 -0.998973 0 0.0453168 86.1495
0.0496812 0 0.998765 17.2614 0 1 0 0 -0.998765 0 0.0496812 86.1978
0.0536647 0 0.998559 18.0319 0 1 0 0 -0.998559 0 0.0536647 86.2412
0.0549689 0 0.998488 18.8154 0 1 0 0 -0.998488 0 0.0549689 86.2962
0.0549689 0 0.998488 19.6043 0 1 0 0 -0.998488 0 0.0549689 86.3483
0.0527928 0 0.998605 20.3915 0 1 0 0 -0.998605 0 0.0527928 86.4325
0.0542015 0 0.99853 21.1878 0 1 0 0 -0.99853 0 0.0542015 86.4685
0.0533925 0 0.998574 21.991 0 1 0 0 -0.998574 0 0.0533925 86.5232
0.0533925 0 0.998574 22.8023 0 1 0 0 -0.998574 0 0.0533925 86.5963
0.0533925 0 0.998574 23.6089 0 1 0 0 -0.998574 0 0.0533925 86.6526
0.0533925 0 0.998574 24.427 0 1 0 0 -0.998574 0 0.0533925 86.7078
0.0506633 0 0.998716 25.2076 0 1 0 0 -0.998716 0 0.0506633 86.7936
0.0480135 0 0.998847 26.0035 0 1 0 0 -0.998847 0 0.0480135 86.8234
0.0421547 0 0.999111 26.7898 0 1 0 0 -0.999111 0 0.0421547 86.8747
0.0359425 0 0.999354 27.5962 0 1 0 0 -0.999354 0 0.0359425 86.9315
0.0292892 0 0.999571 28.3885 0 1 0 0 -0.999571 0 0.0292892 86.9631
0.0217287 0 0.999764 29.198 0 1 0 0 -0.999764 0 0.0217287 86.9804
0.0136478 0 0.999907 30.004 0 1 0 0 -0.999907 0 0.0136478 86.9763
0.00308946 0 0.999995 30.8256 0 1 0 0 -0.999995 0 0.00308946 86.9967
-0.00770692 0 0.99997 31.6565 0 1 0 0 -0.99997 0 -0.00770692 87.0039
-0.0182693 0 0.999833 32.4633 0 1 0 0 -0.999833 0 -0.0182693 86.9792
-0.0293739 0 0.999568 33.2888 0 1 0 0 -0.999568 0 -0.0293739 86.9513
-0.0406474 0 0.999174 34.1178 0 1 0 0 -0.999174 0 -0.0406474 86.9204
-0.0516968 0 0.998663 34.9451 0 1 0 0 -0.998663 0 -0.0516968 86.8739
-0.062463 0 0.998047 35.7498 0 1 0 0 -0.998047 0 -0.062463 86.8266
-0.0728986 0 0.997339 36.5636 0 1 0 0 -0.997339 0 -0.0728986 86.7632
-0.0827811 0 0.996568 37.3753 0 1 0 0 -0.996568 0 -0.0827811 86.7046
-0.092232 0 0.995738 38.173 0 1 0 0 -0.995738 0 -0.092232 86.6224
-0.101945 0 0.99479 38.9621 0 1 0 0 -0.99479 0 -0.101945 86.5454
-0.111086 0 0.993811 39.7551 0 1 0 0 -0.993811 0 -0.111086 86.473
-0.123905 0 0.992294 40.5343 0 1 0 0 -0.992294 0 -0.123905 86.3775
-0.123905 0 0.992294 41.3136 0 1 0 0 -0.992294 0 -0.123905 86.282
-0.123905 0 0.992294 42.0787 0 1 0 0 -0.992294 0 -0.123905 86.1468
-0.126525 0 0.991963 42.8361 0 1 0 0 -0.991963 0 -0.126525 86.0457
-0.128738 0 0.991679 43.5875 0 1 0 0 -0.991679 0 -0.128738 85.9577
-0.130742 0 0.991416 44.3221 0 1 0 0 -0.991416 0 -0.130742 85.8764
-0.123842 0 0.992302 45.0592 0 1 0 0 -0.992302 0 -0.123842 85.7558
-0.123842 0 0.992302 45.7964 0 1 0 0 -0.992302 0 -0.123842 85.6352
-0.116617 0 0.993177 46.497 0 1 0 0 -0.993177 0 -0.116617 85.5303
-0.107759 0 0.994177 47.1812 0 1 0 0 -0.994177 0 -0.107759 85.4528
-0.0964779 0 0.995335 47.8536 0 1 0 0 -0.995335 0 -0.0964779 85.3948
-0.0830876 0 0.996542 48.4991 0 1 0 0 -0.996542 0 -0.0830876 85.3613
-0.0655634 0 0.997848 49.1315 0 1 0 0 -0.997848 0 -0.0655634 85.3308
-0.0444748 0 0.999011 49.74 0 1 0 0 -0.999011 0 -0.0444748 85.3269
-0.0192952 0 0.999814 50.323 0 1 0 0 -0.999814 0 -0.0192952 85.3242
0.00920793 0 0.999958 50.8935 0 1 0 0 -0.999958 0 0.00920793 85.3443
0.0421232 0 0.999112 51.4408 0 1 0 0 -0.999112 0 0.0421232 85.3928
0.0800123 0 0.996794 51.9661 0 1 0 0 -0.996794 0 0.0800123 85.457
0.122161 0 0.99251 52.4719 0 1 0 0 -0.99251 0 0.122161 85.5475
0.167087 0 0.985942 52.9759 0 1 0 0 -0.985942 0 0.167087 85.666
0.214948 0 0.976626 53.4678 0 1 0 0 -0.976626 0 0.214948 85.8174
0.267 0 0.963697 53.9574 0 1 0 0 -0.963697 0 0.267 85.9849
0.320729 0 0.947171 54.4054 0 1 0 0 -0.947171 0 0.320729 86.209
0.457259 0 0.889334 54.9185 0 1 0 0 -0.889334 0 0.457259 86.2832
0.457259 0 0.889334 55.4316 0 1 0 0 -0.889334 0 0.457259 86.3574
0.583968 0 0.811777 55.8853 0 1 0 0 -0.811777 0 0.583968 86.6004
0.583968 0 0.811777 56.3389 0 1 0 0 -0.811777 0 0.583968 86.8434
0.639407 0 0.768868 56.692 0 1 0 0 -0.768868 0 0.639407 87.1884
0.691214 0 0.72265 57.0235 0 1 0 0 -0.72265 0 0.691214 87.5495
0.738395 0 0.674369 57.3027 0 1 0 0 -0.674369 0 0.738395 87.9255
0.782172 0 0.623063 57.543 0 1 0 0 -0.623063 0 0.782172 88.298
0.82189 0 0.569646 57.7526 0 1 0 0 -0.569646 0 0.82189 88.6922
0.857455 0 0.514559 57.9455 0 1 0 0 -0.514559 0 0.857455 89.082
0.887233 0 0.461322 58.0962 0 1 0 0 -0.461322 0 0.887233 89.4863
0.912149 0 0.409859 58.252 0 1 0 0 -0.409859 0 0.912149 89.9032
0.931555 0 0.363599 58.3842 0 1 0 0 -0.363599 0 0.931555 90.3368
0.946197 0 0.323592 58.4933 0 1 0 0 -0.323592 0 0.946197 90.7841
0.957499 0 0.288436 58.5967 0 1 0 0 -0.288436 0 0.957499 91.2447
0.966265 0 0.257549 58.6887 0 1 0 0 -0.257549 0 0.966265 91.7061
0.971786 0 0.235866 58.7794 0 1 0 0 -0.235866 0 0.971786 92.1603
0.97541 0 0.220397 58.8735 0 1 0 0 -0.220397 0 0.97541 92.6301
0.97813 0 0.207995 58.9513 0 1 0 0 -0.207995 0 0.97813 93.1102
0.980105 0 0.198479 59.0375 0 1 0 0 -0.198479 0 0.980105 93.5871
0.981494 0 0.191492 59.133 0 1 0 0 -0.191492 0 0.981494 94.0795
0.982015 0 0.188802 59.2066 0 1 0 0 -0.188802 0 0.982015 94.5866
0.9821 0 0.188361 59.2988 0 1 0 0 -0.188361 0 0.9821 95.1014
0.981726 0 0.190299 59.4032 0 1 0 0 -0.190299 0 0.981726 95.6246
0.981108 0 0.193461 59.5261 0 1 0 0 -0.193461 0 0.981108 96.1468
0.979882 0 0.19958 59.6113 0 1 0 0 -0.19958 0 0.979882 96.6869
0.977808 0 0.209504 59.7127 0 1 0 0 -0.209504 0 0.977808 97.2007
0.977808 0 0.209504 59.814 0 1 0 0 -0.209504 0 0.977808 97.7145
0.97661 0 0.21502 59.9421 0 1 0 0 -0.21502 0 0.97661 98.3864
0.975851 0 0.218436 60.0914 0 1 0 0 -0.218436 0 0.975851 99.0333
0.974888 0 0.222695 60.233 0 1 0 0 -0.222695 0 0.974888 99.6862
0.974697 0 0.223531 60.4039 0 1 0 0 -0.223531 0 0.974697 100.323
0.974697 0 0.223531 60.5547 0 1 0 0 -0.223531 0 0.974697 100.974
0.974697 0 0.223531 60.7055 0 1 0 0 -0.223531 0 0.974697 101.625
0.975231 0 0.221187 60.8664 0 1 0 0 -0.221187 0 0.975231 102.276
0.975668 0 0.219252 60.9931 0 1 0 0 -0.219252 0 0.975668 102.929
0.976157 0 0.217066 61.1305 0 1 0 0 -0.217066 0 0.976157 103.578
0.976461 0 0.215694 61.2749 0 1 0 0 -0.215694 0 0.976461 104.231
0.977156 0 0.212525 61.4271 0 1 0 0 -0.212525 0 0.977156 104.904
0.977915 0 0.209005 61.5939 0 1 0 0 -0.209005 0 0.977915 105.601
0.978449 0 0.206489 61.7351 0 1 0 0 -0.206489 0 0.978449 106.315
0.979482 0 0.20153 61.8898 0 1 0 0 -0.20153 0 0.979482 107.034
0.98025 0 0.197763 62.0278 0 1 0 0 -0.197763 0 0.98025 107.733
0.981072 0 0.193645 62.1768 0 1 0 0 -0.193645 0 0.981072 108.439
0.981604 0 0.190929 62.3096 0 1 0 0 -0.190929 0 0.981604 109.153
0.981737 0 0.190241 62.4351 0 1 0 0 -0.190241 0 0.981737 109.879
0.98222 0 0.187732 62.5926 0 1 0 0 -0.187732 0 0.98222 110.607
0.982305 0 0.187288 62.7363 0 1 0 0 -0.187288 0 0.982305 111.357
0.983043 0 0.183375 62.9103 0 1 0 0 -0.183375 0 0.983043 112.074
0.982776 0 0.184801 63.0401 0 1 0 0 -0.184801 0 0.982776 112.846
0.982776 0 0.184801 63.1698 0 1 0 0 -0.184801 0 0.982776 113.619
0.982443 0 0.186564 63.2936 0 1 0 0 -0.186564 0 0.982443 114.4
0.982007 0 0.188846 63.4399 0 1 0 0 -0.188846 0 0.982007 115.179
0.981233 0 0.192827 63.5727 0 1 0 0 -0.192827 0 0.981233 115.971
0.981233 0 0.192827 63.7646 0 1 0 0 -0.192827 0 0.981233 116.747
0.9806 0 0.196019 63.9284 0 1 0 0 -0.196019 0 0.9806 117.562
0.9806 0 0.196019 64.0921 0 1 0 0 -0.196019 0 0.9806 118.376
0.980489 0 0.196572 64.2528 0 1 0 0 -0.196572 0 0.980489 119.209
0.980074 0 0.198631 64.4105 0 1 0 0 -0.198631 0 0.980074 120.036
0.979601 0 0.200954 64.5689 0 1 0 0 -0.200954 0 0.979601 120.854
0.979601 0 0.200954 64.7402 0 1 0 0 -0.200954 0 0.979601 121.671
0.979601 0 0.200954 64.9109 0 1 0 0 -0.200954 0 0.979601 122.505
0.979269 0 0.202564 65.0898 0 1 0 0 -0.202564 0 0.979269 123.366
0.979269 0 0.202564 65.2687 0 1 0 0 -0.202564 0 0.979269 124.227
0.979269 0 0.202564 65.4376 0 1 0 0 -0.202564 0 0.979269 125.056
0.979371 0 0.202071 65.6004 0 1 0 0 -0.202071 0 0.979371 125.863
0.979644 0 0.200742 65.7613 0 1 0 0 -0.200742 0 0.979644 126.674
0.979756 0 0.200197 65.9222 0 1 0 0 -0.200197 0 0.979756 127.505
0.979756 0 0.200197 66.0797 0 1 0 0 -0.200197 0 0.979756 128.361
0.980017 0 0.198916 66.2338 0 1 0 0 -0.198916 0 0.980017 129.219
0.979649 0 0.200718 66.3651 0 1 0 0 -0.200718 0 0.979649 130.065
0.979349 0 0.202179 66.5064 0 1 0 0 -0.202179 0 0.979349 130.88
0.978771 0 0.204958 66.6118 0 1 0 0 -0.204958 0 0.978771 131.673
0.978545 0 0.206033 66.733 0 1 0 0 -0.206033 0 0.978545 132.508
0.979813 0 0.199916 66.9025 0 1 0 0 -0.199916 0 0.979813 133.299
0.980611 0 0.195963 67.0488 0 1 0 0 -0.195963 0 0.980611 134.123
0.980611 0 0.195963 67.195 0 1 0 0 -0.195963 0 0.980611 134.947
0.980182 0 0.198097 67.3027 0 1 0 0 -0.198097 0 0.980182 135.755
0.980385 0 0.197093 67.4594 0 1 0 0 -0.197093 0 0.980385 136.57
0.980913 0 0.194449 67.6341 0 1 0 0 -0.194449 0 0.980913 137.395
0.981506 0 0.191431 67.799 0 1 0 0 -0.191431 0 0.981506 138.219
0.982242 0 0.187616 67.9366 0 1 0 0 -0.187616 0 0.982242 139.025
0.983491 0 0.180957 68.0874 0 1 0 0 -0.180957 0 0.983491 139.807
0.984774 0 0.173839 68.1879 0 1 0 0 -0.173839 0 0.984774 140.544
0.985702 0 0.1685 68.2961 0 1 0 0 -0.1685 0 0.985702 141.296
0.986246 0 0.165282 68.393 0 1 0 0 -0.165282 0 0.986246 142.028
0.987052 0 0.160398 68.5114 0 1 0 0 -0.160398 0 0.987052 142.794
0.987672 0 0.156536 68.6145 0 1 0 0 -0.156536 0 0.987672 143.576
0.988705 0 0.149877 68.722 0 1 0 0 -0.149877 0 0.988705 144.359
0.98943 0 0.145011 68.8142 0 1 0 0 -0.145011 0 0.98943 145.133
0.990127 0 0.140174 68.8887 0 1 0 0 -0.140174 0 0.990127 145.898
0.991177 0 0.132543 68.9755 0 1 0 0 -0.132543 0 0.991177 146.66
0.992013 0 0.126133 69.0338 0 1 0 0 -0.126133 0 0.992013 147.426
0.993223 0 0.116224 69.1138 0 1 0 0 -0.116224 0 0.993223 148.186
0.994144 0 0.108062 69.1888 0 1 0 0 -0.108062 0 0.994144 148.936
0.99498 0 0.100079 69.2546 0 1 0 0 -0.100079 0 0.99498 149.686
0.995773 0 0.0918441 69.3201 0 1 0 0 -0.0918441 0 0.995773 150.438
0.996482 0 0.0838123 69.3657 0 1 0 0 -0.0838123 0 0.996482 151.207
0.997045 0 0.076814 69.4111 0 1 0 0 -0.076814 0 0.997045 151.985
0.997549 0 0.0699739 69.4651 0 1 0 0 -0.0699739 0 0.997549 152.773
0.997807 0 0.0661844 69.5038 0 1 0 0 -0.0661844 0 0.997807 153.558
0.998156 0 0.060701 69.5528 0 1 0 0 -0.060701 0 0.998156 154.348
0.998347 0 0.0574738 69.5815 0 1 0 0 -0.0574738 0 0.998347 155.14
0.99851 0 0.0545666 69.6152 0 1 0 0 -0.0545666 0 0.99851 155.911
0.998688 0 0.0512031 69.6496 0 1 0 0 -0.0512031 0 0.998688 156.693
0.998811 0 0.0487401 69.6774 0 1 0 0 -0.0487401 0 0.998811 157.485
0.998981 0 0.0451292 69.7067 0 1 0 0 -0.0451292 0 0.998981 158.278
0.999152 0 0.0411711 69.7241 0 1 0 0 -0.0411711 0 0.999152 159.108
0.999339 0 0.036343 69.7457 0 1 0 0 -0.036343 0 0.999339 159.906
0.999584 0 0.0288549 69.778 0 1 0 0 -0.0288549 0 0.999584 160.701
0.999772 0 0.0213455 69.7865 0 1 0 0 -0.0213455 0 0.999772 161.508
0.999906 0 0.0137227 69.7886 0 1 0 0 -0.0137227 0 0.999906 162.316
0.999983 0 0.00583192 69.8063 0 1 0 0 -0.00583192 0 0.999983 163.135
1 0 0 69.8181 0 1 0 0 0 0 1 163.949
0.999987 0 -0.00517172 69.7962 0 1 0 0 0.00517172 0 0.999987 164.782
0.999931 0 -0.0117107 69.7891 0 1 0 0 0.0117107 0 0.999931 165.61
0.999825 0 -0.0187192 69.7737 0 1 0 0 0.0187192 0 0.999825 166.433
0.999702 0 -0.0243984 69.7535 0 1 0 0 0.0243984 0 0.999702 167.232
0.999521 0 -0.0309459 69.7482 0 1 0 0 0.0309459 0 0.999521 168.007
0.999341 0 -0.036288 69.7053 0 1 0 0 0.036288 0 0.999341 168.794
0.999175 0 -0.0406104 69.6535 0 1 0 0 0.0406104 0 0.999175 169.59
0.998996 0 -0.0448071 69.6204 0 1 0 0 0.0448071 0 0.998996 170.426
0.99892 0 -0.0464698 69.5679 0 1 0 0 0.0464698 0 0.99892 171.266
0.998812 0 -0.0487226 69.4944 0 1 0 0 0.0487226 0 0.998812 172.108
0.998752 0 -0.0499371 69.435 0 1 0 0 0.0499371 0 0.998752 172.942
0.998628 0 -0.0523717 69.3999 0 1 0 0 0.0523717 0 0.998628 173.768
0.998628 0 -0.0523717 69.3584 0 1 0 0 0.0523717 0 0.998628 174.595
0.998597 0 -0.0529551 69.3168 0 1 0 0 0.0529551 0 0.998597 175.432
0.998474 0 -0.0552194 69.2761 0 1 0 0 0.0552194 0 0.998474 176.277
0.998388 0 -0.056749 69.2246 0 1 0 0 0.056749 0 0.998388 177.127
0.998277 0 -0.058672 69.196 0 1 0 0 0.058672 0 0.998277 177.767
0.997948 0 -0.0640329 69.2047 0 1 0 0 0.0640329 0 0.997948 178.519
0.997809 0 -0.0661532 69.1523 0 1 0 0 0.0661532 0 0.997809 179.231
0.997809 0 -0.0661532 69.0999 0 1 0 0 0.0661532 0 0.997809 179.942
0.997657 0 -0.0684115 69.0503 0 1 0 0 0.0684115 0 0.997657 180.693
0.997767 0 -0.0667944 68.9747 0 1 0 0 0.0667944 0 0.997767 181.461
0.997642 0 -0.068632 68.9316 0 1 0 0 0.068632 0 0.997642 182.273
0.997642 0 -0.068632 68.8644 0 1 0 0 0.068632 0 0.997642 183.086
0.997686 0 -0.067996 68.7882 0 1 0 0 0.067996 0 0.997686 183.905
0.997686 0 -0.067996 68.7167 0 1 0 0 0.067996 0 0.997686 184.728
0.997686 0 -0.067996 68.6507 0 1 0 0 0.067996 0 0.997686 185.546
0.997648 0 -0.0685523 68.5889 0 1 0 0 0.0685523 0 0.997648 186.375
0.997564 0 -0.0697548 68.5489 0 1 0 0 0.0697548 0 0.997564 187.183
0.997476 0 -0.0710095 68.4961 0 1 0 0 0.0710095 0 0.997476 187.966
0.997353 0 -0.0727085 68.4376 0 1 0 0 0.0727085 0 0.997353 188.745
0.997179 0 -0.0750555 68.3796 0 1 0 0 0.0750555 0 0.997179 189.523
0.99703 0 -0.0770118 68.3213 0 1 0 0 0.0770118 0 0.99703 190.313
0.99703 0 -0.0770118 68.2618 0 1 0 0 0.0770118 0 0.99703 191.105
0.996894 0 -0.0787516 68.2143 0 1 0 0 0.0787516 0 0.996894 191.892
0.996977 0 -0.0776932 68.1393 0 1 0 0 0.0776932 0 0.996977 192.669
0.997038 0 -0.0769105 68.0733 0 1 0 0 0.0769105 0 0.997038 193.428
0.997102 0 -0.0760734 68.0268 0 1 0 0 0.0760734 0 0.997102 194.157
0.997609 0 -0.0691138 67.9759 0 1 0 0 0.0691138 0 0.997609 194.876
0.997609 0 -0.0691138 67.9251 0 1 0 0 0.0691138 0 0.997609 195.595
0.997957 0 -0.0638836 67.8673 0 1 0 0 0.0638836 0 0.997957 196.271
0.998338 0 -0.0576237 67.8331 0 1 0 0 0.0576237 0 0.998338 196.931
0.998596 0 -0.0529794 67.8042 0 1 0 0 0.0529794 0 0.998596 197.598
0.998899 0 -0.04691 67.764 0 1 0 0 0.04691 0 0.998899 198.265
0.999223 0 -0.0394072 67.731 0 1 0 0 0.0394072 0 0.999223 198.839
0.999483 0 -0.0321467 67.7151 0 1 0 0 0.0321467 0 0.999483 199.457
0.999694 0 -0.0247355 67.692 0 1 0 0 0.0247355 0 0.999694 200.047
0.999867 0 -0.0163369 67.6646 0 1 0 0 0.0163369 0 0.999867 200.628
0.999934 0 -0.0115149 67.6723 0 1 0 0 0.0115149 0 0.999934 201.223
0.999987 0 -0.00507435 67.6711 0 1 0 0 0.00507435 0 0.999987 201.821
1 0 0.000587016 67.6776 0 1 0 0 -0.000587016 0 1 202.421
0.99999 0 0.00442701 67.6711 0 1 0 0 -0.00442701 0 0.99999 203.024
0.99998 0 0.00626857 67.6585 0 1 0 0 -0.00626857 0 0.99998 203.625
0.999987 0 0.00514652 67.6696 0 1 0 0 -0.00514652 0 0.999987 204.233
0.999995 0 0.00310024 67.6809 0 1 0 0 -0.00310024 0 0.999995 204.847
0.999995 0 0.00310024 67.6761 0 1 0 0 -0.00310024 0 0.999995 205.469
0.999995 0 0.00310024 67.6604 0 1 0 0 -0.00310024 0 0.999995 206.096
0.999998 0 0.00195548 67.6513 0 1 0 0 -0.00195548 0 0.999998 206.724
1 0 0.000640009 67.6442 0 1 0 0 -0.000640009 0 1 207.338
0.999996 0 -0.00280328 67.648 0 1 0 0 0.00280328 0 0.999996 207.941
0.999982 0 -0.00598978 67.6332 0 1 0 0 0.00598978 0 0.999982 208.543
0.999952 0 -0.00984272 67.6098 0 1 0 0 0.00984272 0 0.999952 209.14
0.999899 0 -0.0142091 67.5981 0 1 0 0 0.0142091 0 0.999899 209.754
0.999825 0 -0.0187195 67.5978 0 1 0 0 0.0187195 0 0.999825 210.39
0.999786 0 -0.0206873 67.5769 0 1 0 0 0.0206873 0 0.999786 211.043
0.999729 0 -0.0232742 67.5529 0 1 0 0 0.0232742 0 0.999729 211.715
0.999636 0 -0.0269862 67.5205 0 1 0 0 0.0269862 0 0.999636 212.385
0.999586 0 -0.0287706 67.5058 0 1 0 0 0.0287706 0 0.999586 213.06
0.999586 0 -0.0287706 67.4844 0 1 0 0 0.0287706 0 0.999586 213.739
0.999535 0 -0.0304935 67.4737 0 1 0 0 0.0304935 0 0.999535 214.429
0.999473 0 -0.0324734 67.4571 0 1 0 0 0.0324734 0 0.999473 215.126
0.99943 0 -0.0337453 67.4442 0 1 0 0 0.0337453 0 0.99943 215.819
0.99943 0 -0.0337453 67.415 0 1 0 0 0.0337453 0 0.99943 216.513
0.99943 0 -0.0337453 67.3909 0 1 0 0 0.0337453 0 0.99943 217.202
0.99943 0 -0.0337453 67.3627 0 1 0 0 0.0337453 0 0.99943 217.886
0.999456 0 -0.0329676 67.3261 0 1 0 0 0.0329676 0 0.999456 218.576
0.999488 0 -0.0320017 67.2822 0 1 0 0 0.0320017 0 0.999488 219.284
0.999488 0 -0.0320017 67.2588 0 1 0 0 0.0320017 0 0.999488 219.995
0.999533 0 -0.0305677 67.2287 0 1 0 0 0.0305677 0 0.999533 220.717
0.999533 0 -0.0305677 67.2049 0 1 0 0 0.0305677 0 0.999533 221.431
0.999533 0 -0.0305677 67.1753 0 1 0 0 0.0305677 0 0.999533 222.117
0.999499 0 -0.0316589 67.1815 0 1 0 0 0.0316589 0 0.999499 222.794
0.999475 0 -0.0323909 67.1609 0 1 0 0 0.0323909 0 0.999475 223.431
0.999475 0 -0.0323909 67.1403 0 1 0 0 0.0323909 0 0.999475 224.068
0.999363 0 -0.0356815 67.1389 0 1 0 0 0.0356815 0 0.999363 224.718
0.999216 0 -0.0395974 67.1699 0 1 0 0 0.0395974 0 0.999216 225.345
0.998808 0 -0.0488171 67.1568 0 1 0 0 0.0488171 0 0.998808 225.994
0.998808 0 -0.0488171 67.1437 0 1 0 0 0.0488171 0 0.998808 226.642
0.998352 0 -0.057386 67.1195 0 1 0 0 0.057386 0 0.998352 227.271
0.997666 0 -0.0682827 67.0741 0 1 0 0 0.0682827 0 0.997666 227.865
0.996563 0 -0.0828403 67.026 0 1 0 0 0.0828403 0 0.996563 228.451
0.99485 0 -0.10136 66.9412 0 1 0 0 0.10136 0 0.99485 229.018
0.992353 0 -0.123433 66.8638 0 1 0 0 0.123433 0 0.992353 229.566
0.98896 0 -0.148181 66.7898 0 1 0 0 0.148181 0 0.98896 230.002
0.984431 0 -0.175769 66.6908 0 1 0 0 0.175769 0 0.984431 230.434
0.978215 0 -0.207596 66.5811 0 1 0 0 0.207596 0 0.978215 230.868
0.970055 0 -0.242887 66.442 0 1 0 0 0.242887 0 0.970055 231.294
0.959204 0 -0.282716 66.297 0 1 0 0 0.282716 0 0.959204 231.706
0.945836 0 -0.324644 66.1193 0 1 0 0 0.324644 0 0.945836 232.099
0.929281 0 -0.369375 65.9353 0 1 0 0 0.369375 0 0.929281 232.479
0.909693 0 -0.415281 65.7264 0 1 0 0 0.415281 0 0.909693 232.837
0.8864 0 -0.462921 65.5004 0 1 0 0 0.462921 0 0.8864 233.172
0.859547 0 -0.511056 65.2598 0 1 0 0 0.511056 0 0.859547 233.482
0.829381 0 -0.558684 64.997 0 1 0 0 0.558684 0 0.829381 233.772
0.794956 0 -0.606667 64.7315 0 1 0 0 0.606667 0 0.794956 234.05
0.758861 0 -0.651253 64.4421 0 1 0 0 0.651253 0 0.758861 234.305
0.720982 0 -0.692954 64.1309 0 1 0 0 0.692954 0 0.720982 234.543
0.681973 0 -0.731378 63.7992 0 1 0 0 0.731378 0 0.681973 234.764
0.640755 0 -0.767745 63.4491 0 1 0 0 0.767745 0 0.640755 234.971
0.597013 0 -0.802232 63.087 0 1 0 0 0.802232 0 0.597013 235.178
0.551339 0 -0.834281 62.6777 0 1 0 0 0.834281 0 0.551339 235.375
0.503419 0 -0.864043 62.2488 0 1 0 0 0.864043 0 0.503419 235.56
0.453177 0 -0.89142 61.8206 0 1 0 0 0.89142 0 0.453177 235.72
0.400258 0 -0.916402 61.3863 0 1 0 0 0.916402 0 0.400258 235.876
0.3466 0 -0.938013 60.9416 0 1 0 0 0.938013 0 0.3466 236.005
0.296082 0 -0.955163 60.4903 0 1 0 0 0.955163 0 0.296082 236.093
0.247198 0 -0.968965 60.0285 0 1 0 0 0.968965 0 0.247198 236.169
0.200961 0 -0.979599 59.5576 0 1 0 0 0.979599 0 0.200961 236.232
0.159105 0 -0.987262 59.0986 0 1 0 0 0.987262 0 0.159105 236.234
0.0837262 0 -0.996489 58.599 0 1 0 0 0.996489 0 0.0837262 236.266
0.0837262 0 -0.996489 58.0993 0 1 0 0 0.996489 0 0.0837262 236.298
0.0549003 0 -0.998492 57.5714 0 1 0 0 0.998492 0 0.0549003 236.301
0.0294399 0 -0.999567 57.0737 0 1 0 0 0.999567 0 0.0294399 236.301
0.00702491 0 -0.999975 56.557 0 1 0 0 0.999975 0 0.00702491 236.286
-0.0115024 -0 -0.999934 56.0636 0 1 -0 0 0.999934 0 -0.0115024 236.261
-0.0253388 -0 -0.999679 55.5977 0 1 -0 0 0.999679 0 -0.0253388 236.213
-0.0355015 -0 -0.99937 55.1186 0 1 -0 0 0.99937 0 -0.0355015 236.178
-0.0413162 -0 -0.999146 54.6194 0 1 -0 0 0.999146 0 -0.0413162 236.146
-0.0478633 -0 -0.998854 54.0925 0 1 -0 0 0.998854 0 -0.0478633 236.151
-0.0512142 -0 -0.998688 53.5567 0 1 -0 0 0.998688 0 -0.0512142 236.141
-0.0539947 -0 -0.998541 52.9945 0 1 -0 0 0.998541 0 -0.0539947 236.129
-0.0576224 -0 -0.998338 52.4099 0 1 -0 0 0.998338 0 -0.0576224 236.137
-0.0570879 -0 -0.998369 51.8136 0 1 -0 0 0.998369 0 -0.0570879 236.096
-0.0570879 -0 -0.998369 51.1907 0 1 -0 0 0.998369 0 -0.0570879 236.076
-0.0570879 -0 -0.998369 50.551 0 1 -0 0 0.998369 0 -0.0570879 236.05
-0.053209 -0 -0.998583 49.9151 0 1 -0 0 0.998583 0 -0.053209 235.981
-0.0516715 -0 -0.998664 49.2616 0 1 -0 0 0.998664 0 -0.0516715 235.938
-0.0482967 -0 -0.998833 48.581 0 1 -0 0 0.998833 0 -0.0482967 235.9
-0.0482967 -0 -0.998833 47.9004 0 1 -0 0 0.998833 0 -0.0482967 235.863
-0.0462401 -0 -0.99893 47.1814 0 1 -0 0 0.99893 0 -0.0462401 235.814
-0.0439474 -0 -0.999034 46.4414 0 1 -0 0 0.999034 0 -0.0439474 235.779
-0.0427168 -0 -0.999087 45.6895 0 1 -0 0 0.999087 0 -0.0427168 235.74
-0.0367616 -0 -0.999324 44.9259 0 1 -0 0 0.999324 0 -0.0367616 235.658
-0.0367616 -0 -0.999324 44.13 0 1 -0 0 0.999324 0 -0.0367616 235.636
-0.0361676 -0 -0.999346 43.3198 0 1 -0 0 0.999346 0 -0.0361676 235.604
-0.0361676 -0 -0.999346 42.4877 0 1 -0 0 0.999346 0 -0.0361676 235.573
-0.0376455 -0 -0.999291 41.6278 0 1 -0 0 0.999291 0 -0.0376455 235.561
-0.0386703 -0 -0.999252 40.7777 0 1 -0 0 0.999252 0 -0.0386703 235.51
-0.0401177 -0 -0.999195 39.9063 0 1 -0 0 0.999195 0 -0.0401177 235.482
-0.0414705 -0 -0.99914 39.0507 0 1 -0 0 0.99914 0 -0.0414705 235.43
-0.0454928 -0 -0.998965 38.1746 0 1 -0 0 0.998965 0 -0.0454928 235.398
-0.0495638 -0 -0.998771 37.2943 0 1 -0 0 0.998771 0 -0.0495638 235.378
-0.050604 -0 -0.998719 36.3842 0 1 -0 0 0.998719 0 -0.050604 235.309
-0.048747 -0 -0.998811 35.4557 0 1 -0 0 0.998811 0 -0.048747 235.197
-0.0501125 -0 -0.998744 34.5026 0 1 -0 0 0.998744 0 -0.0501125 235.074
-0.0501125 -0 -0.998744 33.5494 0 1 -0 0 0.998744 0 -0.0501125 234.951
-0.0467727 -0 -0.998906 32.5734 0 1 -0 0 0.998906 0 -0.0467727 234.823
-0.0434747 -0 -0.999055 31.5651 0 1 -0 0 0.999055 0 -0.0434747 234.766
-0.0429446 -0 -0.999077 30.533 0 1 -0 0 0.999077 0 -0.0429446 234.692
-0.0442364 -0 -0.999021 29.4743 0 1 -0 0 0.999021 0 -0.0442364 234.646
-0.0475978 -0 -0.998867 28.3895 0 1 -0 0 0.998867 0 -0.0475978 234.644
-0.0446359 -0 -0.999003 27.2809 0 1 -0 0 0.999003 0 -0.0446359 234.594
-0.0446359 -0 -0.999003 26.1723 0 1 -0 0 0.999003 0 -0.0446359 234.543
-0.0405413 -0 -0.999178 25.4323 0 1 -0 0 0.999178 0 -0.0405413 234.5
-0.0405413 -0 -0.999178 24.6923 0 1 -0 0 0.999178 0 -0.0405413 234.457
-0.0353231 -0 -0.999376 23.8419 0 1 -0 0 0.999376 0 -0.0353231 234.432
-0.0324029 -0 -0.999475 22.9948 0 1 -0 0 0.999475 0 -0.0324029 234.403
-0.0280083 -0 -0.999608 22.1387 0 1 -0 0 0.999608 0 -0.0280083 234.322
-0.0252364 -0 -0.999682 21.2688 0 1 -0 0 0.999682 0 -0.0252364 234.296
-0.0252364 -0 -0.999682 20.399 0 1 -0 0 0.999682 0 -0.0252364 234.269
-0.0211266 -0 -0.999777 19.5562 0 1 -0 0 0.999777 0 -0.0211266 234.173
-0.0241187 -0 -0.999709 18.6899 0 1 -0 0 0.999709 0 -0.0241187 234.144
-0.0241187 -0 -0.999709 17.8235 0 1 -0 0 0.999709 0 -0.0241187 234.115
-0.0332812 -0 -0.999446 16.9091 0 1 -0 0 0.999446 0 -0.0332812 234.192
-0.0398439 -0 -0.999206 16.0254 0 1 -0 0 0.999206 0 -0.0398439 234.164
-0.0398439 -0 -0.999206 15.1418 0 1 -0 0 0.999206 0 -0.0398439 234.135
-0.03917 -0 -0.999233 14.307 0 1 -0 0 0.999233 0 -0.03917 234.007
-0.050474 -0 -0.998725 13.4456 0 1 -0 0 0.998725 0 -0.050474 233.974
-0.050474 -0 -0.998725 12.5843 0 1 -0 0 0.998725 0 -0.050474 233.94
-0.0544169 -0 -0.998518 11.732 0 1 -0 0 0.998518 0 -0.0544169 233.862
-0.057534 -0 -0.998344 10.8702 0 1 -0 0 0.998344 0 -0.057534 233.799
-0.0611976 -0 -0.998126 9.97854 0 1 -0 0 0.998126 0 -0.0611976 233.749
-0.0640925 -0 -0.997944 9.08284 0 1 -0 0 0.997944 0 -0.0640925 233.677
-0.0663197 -0 -0.997798 8.17913 0 1 -0 0 0.997798 0 -0.0663197 233.614
-0.0683575 -0 -0.997661 7.31826 0 1 -0 0 0.997661 0 -0.0683575 233.541
-0.0636781 -0 -0.99797 6.46824 0 1 -0 0 0.99797 0 -0.0636781 233.407
-0.0608071 -0 -0.99815 5.68917 0 1 -0 0 0.99815 0 -0.0608071 233.3
-0.0608071 -0 -0.99815 4.91011 0 1 -0 0 0.99815 0 -0.0608071 233.192
-0.0608071 -0 -0.99815 4.14084 0 1 -0 0 0.99815 0 -0.0608071 233.138
-0.0579201 -0 -0.998321 3.40367 0 1 -0 0 0.998321 0 -0.0579201 233.059
-0.0605363 -0 -0.998166 2.66978 0 1 -0 0 0.998166 0 -0.0605363 233.043
-0.0572871 -0 -0.998358 1.92669 0 1 -0 0 0.998358 0 -0.0572871 233.035
-0.0572871 -0 -0.998358 1.18361 0 1 -0 0 0.998358 0 -0.0572871 233.027
-0.0542833 -0 -0.998526 0.436723 0 1 -0 0 0.998526 0 -0.0542833 232.98
-0.0499515 -0 -0.998752 -0.311132 0 1 -0 0 0.998752 0 -0.0499515 232.926
-0.0460216 -0 -0.99894 -1.0587 0 1 -0 0 0.99894 0 -0.0460216 232.871
-0.0378007 -0 -0.999285 -1.81916 0 1 -0 0 0.999285 0 -0.0378007 232.822
-0.0378007 -0 -0.999285 -2.57962 0 1 -0 0 0.999285 0 -0.0378007 232.774
-0.0339101 -0 -0.999425 -3.51964 0 1 -0 0 0.999425 0 -0.0339101 232.747
-0.0319765 -0 -0.999489 -4.43445 0 1 -0 0 0.999489 0 -0.0319765 232.771
-0.0223926 -0 -0.999749 -5.29247 0 1 -0 0 0.999749 0 -0.0223926 232.746
-0.0223926 -0 -0.999749 -6.15049 0 1 -0 0 0.999749 0 -0.0223926 232.72
-0.0160727 -0 -0.999871 -6.723 0 1 -0 0 0.999871 0 -0.0160727 232.666
-0.00702703 -0 -0.999975 -7.4284 0 1 -0 0 0.999975 0 -0.00702703 232.642
-0.00702703 -0 -0.999975 -8.13381 0 1 -0 0 0.999975 0 -0.00702703 232.618
-0.00395642 -0 -0.999992 -8.6067 0 1 -0 0 0.999992 0 -0.00395642 232.637
0.00666006 0 -0.999978 -9.15733 0 1 0 0 0.999978 0 0.00666006 232.638
0.00666006 0 -0.999978 -9.70796 0 1 0 0 0.999978 0 0.00666006 232.638
0.0151179 0 -0.999886 -10.0756 0 1 0 0 0.999886 0 0.0151179 232.597
0.0267043 0 -0.999643 -10.5183 0 1 0 0 0.999643 0 0.0267043 232.621
0.0267043 0 -0.999643 -10.961 0 1 0 0 0.999643 0 0.0267043 232.645
0.0306726 0 -0.999529 -11.3704 0 1 0 0 0.999529 0 0.0306726 232.667
0.0406545 0 -0.999173 -11.7693 0 1 0 0 0.999173 0 0.0406545 232.693
0.0406545 0 -0.999173 -12.1683 0 1 0 0 0.999173 0 0.0406545 232.72
0.0456033 0 -0.99896 -12.5442 0 1 0 0 0.99896 0 0.0456033 232.741
0.0499663 0 -0.998751 -12.8951 0 1 0 0 0.998751 0 0.0499663 232.747
0.053763 0 -0.998554 -13.2259 0 1 0 0 0.998554 0 0.053763 232.768
0.059966 0 -0.9982 -13.5298 0 1 0 0 0.9982 0 0.059966 232.789
0.059966 0 -0.9982 -13.8337 0 1 0 0 0.9982 0 0.059966 232.81
0.0644025 0 -0.997924 -14.0847 0 1 0 0 0.997924 0 0.0644025 232.822
0.0644025 0 -0.997924 -14.3357 0 1 0 0 0.997924 0 0.0644025 232.833
0.0673514 0 -0.997729 -14.5045 0 1 0 0 0.997729 0 0.0673514 232.832
0.0673514 0 -0.997729 -14.6734 0 1 0 0 0.997729 0 0.0673514 232.831
0.0760104 0 -0.997107 -14.7838 0 1 0 0 0.997107 0 0.0760104 232.805
0.0760104 0 -0.997107 -14.8942 0 1 0 0 0.997107 0 0.0760104 232.779
0.0760104 0 -0.997107 -15.0047 0 1 0 0 0.997107 0 0.0760104 232.753
0.076618 0 -0.997061 -15.0803 0 1 0 0 0.997061 0 0.076618 232.747
0.076618 0 -0.997061 -15.156 0 1 0 0 0.997061 0 0.076618 232.742
0.076618 0 -0.997061 -15.2317 0 1 0 0 0.997061 0 0.076618 232.737
0.076618 0 -0.997061 -15.3073 0 1 0 0 0.997061 0 0.076618 232.731
0.076618 0 -0.997061 -15.383 0 1 0 0 0.997061 0 0.076618 232.726
0.076618 0 -0.997061 -15.4586 0 1 0 0 0.997061 0 0.076618 232.721
0.076618 0 -0.997061 -15.5343 0 1 0 0 0.997061 0 0.076618 232.716
0.076618 0 -0.997061 -15.61 0 1 0 0 0.997061 0 0.076618 232.71
0.076618 0 -0.997061 -15.6856 0 1 0 0 0.997061 0 0.076618 232.705
0.076618 0 -0.997061 -15.7613 0 1 0 0 0.997061 0 0.076618 232.7
0.076618 0 -0.997061 -15.837 0 1 0 0 0.997061 0 0.076618 232.694
0.076618 0 -0.997061 -15.9126 0 1 0 0 0.997061 0 0.076618 232.689
0.076618 0 -0.997061 -15.9883 0 1 0 0 0.997061 0 0.076618 232.684
0.076618 0 -0.997061 -16.0639 0 1 0 0 0.997061 0 0.076618 232.679
0.076618 0 -0.997061 -16.1396 0 1 0 0 0.997061 0 0.076618 232.673
0.0782094 0 -0.996937 -16.1977 0 1 0 0 0.996937 0 0.0782094 232.688
0.0782094 0 -0.996937 -16.2558 0 1 0 0 0.996937 0 0.0782094 232.702
0.0782094 0 -0.996937 -16.3139 0 1 0 0 0.996937 0 0.0782094 232.716
0.0782094 0 -0.996937 -16.3719 0 1 0 0 0.996937 0 0.0782094 232.73
0.081916 0 -0.996639 -16.4457 0 1 0 0 0.996639 0 0.081916 232.736
0.081916 0 -0.996639 -16.5194 0 1 0 0 0.996639 0 0.081916 232.742
0.0853819 0 -0.996348 -16.5711 0 1 0 0 0.996348 0 0.0853819 232.748
0.0984443 0 -0.995143 -16.6497 0 1 0 0 0.995143 0 0.0984443 232.758
0.0984443 0 -0.995143 -16.7283 0 1 0 0 0.995143 0 0.0984443 232.768
0.107993 0 -0.994152 -16.8069 0 1 0 0 0.994152 0 0.107993 232.789
0.133606 0 -0.991035 -16.9038 0 1 0 0 0.991035 0 0.133606 232.807
0.133606 0 -0.991035 -17.0008 0 1 0 0 0.991035 0 0.133606 232.826
0.149823 0 -0.988713 -17.1219 0 1 0 0 0.988713 0 0.149823 232.849
0.168312 0 -0.985734 -17.2464 0 1 0 0 0.985734 0 0.168312 232.887
0.214028 0 -0.976828 -17.3922 0 1 0 0 0.976828 0 0.214028 232.929
0.214028 0 -0.976828 -17.5379 0 1 0 0 0.976828 0 0.214028 232.972
0.239984 0 -0.970777 -17.7035 0 1 0 0 0.970777 0 0.239984 233.033
0.270598 0 -0.962692 -17.8829 0 1 0 0 0.962692 0 0.270598 233.092
0.303799 0 -0.952736 -18.0746 0 1 0 0 0.952736 0 0.303799 233.169
0.338714 0 -0.940889 -18.2642 0 1 0 0 0.940889 0 0.338714 233.269
0.376692 0 -0.926338 -18.4634 0 1 0 0 0.926338 0 0.376692 233.389
0.418015 0 -0.90844 -18.6765 0 1 0 0 0.90844 0 0.418015 233.512
0.460543 0 -0.887637 -18.8899 0 1 0 0 0.887637 0 0.460543 233.663
0.504754 0 -0.863264 -19.0959 0 1 0 0 0.863264 0 0.504754 233.834
0.550845 0 -0.834608 -19.3262 0 1 0 0 0.834608 0 0.550845 234.018
0.643525 0 -0.765425 -19.5709 0 1 0 0 0.765425 0 0.643525 234.258
0.643525 0 -0.765425 -19.8156 0 1 0 0 0.765425 0 0.643525 234.498
0.689156 0 -0.724613 -20.058 0 1 0 0 0.724613 0 0.689156 234.761
0.775884 0 -0.630876 -20.2846 0 1 0 0 0.630876 0 0.775884 235.088
0.775884 0 -0.630876 -20.5113 0 1 0 0 0.630876 0 0.775884 235.415
0.816112 0 -0.577893 -20.7097 0 1 0 0 0.577893 0 0.816112 235.755
0.852277 0 -0.52309 -20.89 0 1 0 0 0.52309 0 0.852277 236.114
0.883248 0 -0.468907 -21.0454 0 1 0 0 0.468907 0 0.883248 236.496
0.91021 0 -0.414148 -21.1885 0 1 0 0 0.414148 0 0.91021 236.895
0.932868 0 -0.36022 -21.3114 0 1 0 0 0.36022 0 0.932868 237.302
0.95104 0 -0.309067 -21.4147 0 1 0 0 0.309067 0 0.95104 237.762
0.965526 0 -0.260306 -21.5177 0 1 0 0 0.260306 0 0.965526 238.216
0.976887 0 -0.213756 -21.6118 0 1 0 0 0.213756 0 0.976887 238.692
0.985063 0 -0.172195 -21.6431 0 1 0 0 0.172195 0 0.985063 239.134
0.99465 0 -0.103299 -21.6721 0 1 0 0 0.103299 0 0.99465 239.604
0.99465 0 -0.103299 -21.7011 0 1 0 0 0.103299 0 0.99465 240.074
0.997034 0 -0.0769568 -21.7245 0 1 0 0 0.0769568 0 0.997034 240.584
0.998465 0 -0.0553951 -21.7614 0 1 0 0 0.0553951 0 0.998465 241.123
