0.999993 -0.00137303 -0.00338692 -0.00778266 0.00136543 0.999997 -0.0022434 -0.00153794 0.00338999 0.00223876 0.999992 0.860406
0.999975 -0.00228074 -0.00671158 -0.019736 0.00225553 0.99999 -0.003761 -0.000261646 0.00672009 0.00374576 0.99997 1.71963
0.999942 0.00111478 -0.0106823 -0.0431435 -0.00117755 0.999982 -0.00587245 -0.00219501 0.0106756 0.00588469 0.999926 2.57977
0.99987 0.000653044 -0.0161187 -0.0586402 -0.000751308 0.999981 -0.006091 -0.009461 0.0161144 0.00610232 0.999852 3.43903
0.999786 -0.000806301 -0.0206675 -0.0813178 0.000674418 0.999979 -0.00638733 -0.0229434 0.0206722 0.00637203 0.999766 4.29901
0.999717 0.00125707 -0.0237747 -0.117482 -0.00142484 0.999974 -0.00704118 -0.0411409 0.0237652 0.00707306 0.999693 5.15751
0.999553 0.00381736 -0.0296613 -0.141397 -0.00407179 0.999955 -0.00852211 -0.0442486 0.0296274 0.00863907 0.999524 6.01774
0.999387 0.000710383 -0.0349906 -0.1717 -0.000956175 0.999975 -0.00700828 -0.0485538 0.0349847 0.00703745 0.999363 6.87655
0.99925 -0.000604765 -0.0387073 -0.212749 0.000478475 0.999995 -0.00327188 -0.0673752 0.0387091 0.00325091 0.999245 7.73578
0.999089 -0.00149906 -0.0426424 -0.248649 0.00144765 0.999998 -0.00123636 -0.0790598 0.0426442 0.0011735 0.99909 8.59549
0.999046 0.00166994 -0.0436315 -0.316956 -0.00173541 0.999997 -0.00146257 -0.0859029 0.0436289 0.0015369 0.999047 9.45212
0.998868 0.00222057 -0.0475061 -0.347056 -0.0022879 0.999996 -0.001363 -0.0996724 0.0475029 0.00147015 0.99887 10.3121
0.998808 -0.00458104 -0.0485991 -0.393625 0.00444525 0.999986 -0.00290193 -0.0978275 0.0486117 0.00268244 0.998814 11.1712
0.998841 -0.000339482 -0.0481203 -0.452594 0.000261896 0.999999 -0.00161861 -0.109285 0.0481208 0.00160414 0.99884 12.0287
0.998622 -0.00261308 -0.052417 -0.487565 0.00248173 0.999994 -0.00257076 -0.11661 0.0524234 0.00243713 0.998622 12.8839
0.998675 0.00150159 -0.0514358 -0.546542 -0.00172053 0.99999 -0.00421262 -0.129444 0.0514289 0.00429553 0.998667 13.7455
0.99848 0.0032479 -0.0550174 -0.603281 -0.00364026 0.999969 -0.00703275 -0.134399 0.0549929 0.00722234 0.998461 14.6142
0.998392 0.00346781 -0.0565879 -0.659813 -0.0039292 0.99996 -0.00804438 -0.150629 0.0565577 0.00825379 0.998365 15.4939
0.998467 0.00614765 -0.0550007 -0.72083 -0.00663739 0.99994 -0.00872596 -0.158903 0.0549438 0.00907765 0.998448 16.3836
0.99829 0.00337406 -0.0583531 -0.76126 -0.00374337 0.999974 -0.0062207 -0.179202 0.0583306 0.0064285 0.998277 17.2841
0.998374 0.00182875 -0.0569769 -0.835657 -0.0021399 0.999983 -0.00540042 -0.190728 0.0569661 0.00551356 0.998361 18.1874
0.998301 -0.00465996 -0.0580734 -0.901311 0.00435255 0.999976 -0.00541887 -0.19606 0.0580973 0.0051569 0.998298 19.0979
0.998162 -0.000951201 -0.0605901 -0.960548 0.000570691 0.99998 -0.00629705 -0.207881 0.0605949 0.0062509 0.998143 20.0111
0.99824 -0.000709909 -0.0592909 -1.02609 0.000284152 0.999974 -0.00718893 -0.223417 0.0592945 0.00715943 0.998215 20.9271
0.997977 -0.00396682 -0.0634584 -1.06553 0.00359196 0.999975 -0.00602018 -0.23208 0.0634807 0.00578006 0.997966 21.855
0.998253 0.00240458 -0.0590348 -1.15332 -0.0025644 0.999993 -0.00263157 -0.245639 0.0590281 0.00277836 0.998252 22.7873
0.998136 0.00452874 -0.0608628 -1.2023 -0.00445265 0.999989 0.00138587 -0.258336 0.0608684 -0.00111229 0.998145 23.7234
0.998326 0.000213538 -0.0578345 -1.26224 9.75456e-006 0.999993 0.00386059 -0.25998 0.0578349 -0.00385469 0.998319 24.6655
0.998527 0.00237256 -0.0542074 -1.32536 -0.00212286 0.999987 0.0046635 -0.275866 0.0542178 -0.00454156 0.998519 25.6098
0.998515 0.0018749 -0.054452 -1.38373 -0.00175868 0.999996 0.00218227 -0.28154 0.0544559 -0.00208327 0.998514 26.5575
0.998531 0.00463602 -0.0539917 -1.43864 -0.00478994 0.999985 -0.00272171 -0.29516 0.0539782 0.00297633 0.998538 27.5091
0.998745 0.00303972 -0.0499996 -1.51969 -0.00334699 0.999976 -0.00606293 -0.298676 0.04998 0.00622267 0.998731 28.4658
0.998661 -0.00405719 -0.0515675 -1.54954 0.00381965 0.999982 -0.00470399 -0.317384 0.0515856 0.00450072 0.998658 29.4354
0.998672 -0.00516324 -0.0512612 -1.60621 0.00517842 0.999987 0.000163464 -0.327998 0.0512596 -0.000428699 0.998685 30.4107
0.998588 -0.00597496 -0.0527923 -1.64639 0.00616926 0.999975 0.00351821 -0.348772 0.0527699 -0.00383893 0.998599 31.3906
0.998407 -0.014011 -0.054655 -1.68773 0.0141719 0.999896 0.00255839 -0.356553 0.0546135 -0.00332889 0.998502 32.3702
0.998509 -0.007605 -0.054051 -1.74646 0.00753612 0.999971 -0.00147815 -0.362254 0.0540606 0.00106861 0.998537 33.3491
0.99836 -0.00125211 -0.0572305 -1.7995 0.000945518 0.999985 -0.00538387 -0.37419 0.0572364 0.00532093 0.998346 34.3333
0.998298 0.00161689 -0.0582952 -1.86507 -0.001959 0.999981 -0.00581188 -0.391257 0.0582847 0.00591619 0.998282 35.3444
0.99824 0.00117577 -0.0592934 -1.91716 -0.00145173 0.999988 -0.0046113 -0.412566 0.0592873 0.00468926 0.99823 36.4033
0.998239 0.00401018 -0.0591907 -2.00352 -0.00412297 0.99999 -0.00178347 -0.431883 0.0591829 0.00202437 0.998245 37.4444
0.998173 0.00257097 -0.0603653 -2.0793 -0.00261227 0.999996 -0.000605237 -0.440105 0.0603635 0.000761822 0.998176 38.488
0.998126 0.000638379 -0.061187 -2.15248 -0.000498542 0.999997 0.00230064 -0.453017 0.0611883 -0.00226582 0.998124 39.5205
0.998127 0.00102532 -0.0611651 -2.21257 -0.000717062 0.999987 0.00506155 -0.466132 0.0611695 -0.00500821 0.998115 40.5565
0.99814 0.00603486 -0.060664 -2.29702 -0.00555593 0.999952 0.00806024 -0.47224 0.0607098 -0.00770821 0.998126 41.5789
0.998074 0.00601003 -0.0617444 -2.34389 -0.00556223 0.999957 0.00742177 -0.484496 0.0617864 -0.00706403 0.998064 42.6028
0.998027 -0.00313961 -0.0627043 -2.40146 0.00348045 0.99998 0.00532708 -0.480095 0.0626863 -0.00553481 0.998018 43.6136
0.998104 0.00226658 -0.0615134 -2.47545 -0.00203867 0.999991 0.00376764 -0.495481 0.0615214 -0.00363509 0.998099 44.6188
0.998011 0.00116898 -0.0630328 -2.53834 -0.000978432 0.999995 0.00305371 -0.501225 0.063036 -0.00298597 0.998007 45.6204
0.998029 -0.00154048 -0.0627309 -2.63764 0.00179235 0.999991 0.00395893 -0.509628 0.0627242 -0.00406357 0.998023 46.6173
0.997864 -0.00139683 -0.0653079 -2.68346 0.00173699 0.999985 0.00515208 -0.520005 0.0652998 -0.00525451 0.997852 47.6142
0.997936 0.00262517 -0.0641615 -2.76754 -0.00249262 0.999995 0.00214578 -0.532669 0.0641668 -0.00198142 0.997937 48.5996
0.997773 0.00308942 -0.0666269 -2.83398 -0.00322429 0.999993 -0.0019168 -0.545869 0.0666205 0.00212736 0.997776 49.5776
0.997896 0.000811589 -0.0648328 -2.90895 -0.00102262 0.999994 -0.00322188 -0.559938 0.0648298 0.0032814 0.997891 50.5592
0.997893 0.00011203 -0.0648814 -2.97542 -7.15842e-005 1 0.0006257 -0.582013 0.0648814 -0.000619737 0.997893 51.5402
0.997878 -0.00245563 -0.0650707 -3.03801 0.00268296 0.999991 0.00340642 -0.594906 0.0650617 -0.00357377 0.997875 52.5173
0.997805 -0.00464394 -0.0660506 -3.10256 0.0049512 0.999978 0.00448894 -0.608639 0.0660283 -0.00480612 0.997806 53.4877
0.997868 -0.00350296 -0.0651657 -3.16514 0.00368872 0.999989 0.00273048 -0.624782 0.0651554 -0.00296504 0.997871 54.4509
0.99781 -0.00512753 -0.0659465 -3.23153 0.00521907 0.999986 0.00121587 -0.641003 0.0659393 -0.00155738 0.997822 55.4143
0.997689 -0.00512844 -0.0677507 -3.30187 0.00529041 0.999984 0.0022114 -0.640208 0.0677383 -0.00256472 0.9977 56.3727
0.997618 -0.00633459 -0.0686932 -3.35657 0.00679117 0.999956 0.00641509 -0.656775 0.0686495 -0.00686631 0.997617 57.3355
0.997639 -0.00444188 -0.0685254 -3.42167 0.00517969 0.99993 0.010593 -0.655645 0.0684735 -0.0109229 0.997593 58.2973
0.99768 0.00483759 -0.0679131 -3.51302 -0.00387946 0.999891 0.014233 -0.664896 0.0679745 -0.0139365 0.99759 59.2472
0.99745 0.00383032 -0.0712659 -3.57646 -0.00316474 0.99995 0.00945001 -0.673044 0.0712986 -0.00920038 0.997413 60.1888
0.997406 0.00502007 -0.0718093 -3.65482 -0.00489528 0.999986 0.0019137 -0.67519 0.0718179 -0.00155721 0.997417 61.1128
0.997286 0.00440479 -0.0734936 -3.72249 -0.00460884 0.999986 -0.00260709 -0.685783 0.0734811 0.00293873 0.997292 62.0278
0.997131 0.00353063 -0.0756131 -3.77332 -0.0036927 0.999991 -0.00200372 -0.69682 0.0756053 0.00227719 0.997135 62.9401
0.997044 0.00486981 -0.0766828 -3.84989 -0.00484221 0.999988 0.000545817 -0.711829 0.0766845 -0.000172889 0.997055 63.8385
0.996989 0.0052515 -0.0773624 -3.92286 -0.00509444 0.999985 0.00222734 -0.730312 0.0773729 -0.00182651 0.997001 64.7211
0.99717 0.00784546 -0.0747738 -4.02916 -0.00766435 0.999967 0.00270879 -0.744566 0.0747925 -0.00212803 0.997197 65.5861
0.996563 0.0010717 -0.0828367 -4.06328 -0.000791136 0.999994 0.00341966 -0.764321 0.0828398 -0.00334237 0.996557 66.4439
0.996586 -0.000792969 -0.082561 -4.14684 0.00112783 0.999991 0.00400934 -0.784375 0.0825571 -0.00408877 0.996578 67.2856
0.996541 0.00152737 -0.0830928 -4.21874 -0.001134 0.999988 0.00478102 -0.793476 0.0830991 -0.00467026 0.99653 68.1143
0.996522 0.002406 -0.0832961 -4.30736 -0.00194828 0.999983 0.00557597 -0.799728 0.083308 -0.0053943 0.996509 68.9288
0.996346 0.00215209 -0.0853801 -4.38162 -0.0014405 0.999964 0.00839511 -0.799828 0.0853951 -0.00824145 0.996313 69.7332
0.996224 0.00433438 -0.0867114 -4.45894 -0.00322274 0.999911 0.0129559 -0.806914 0.0867599 -0.0126275 0.996149 70.5263
0.996156 0.00577321 -0.0874062 -4.54697 -0.00452621 0.999885 0.0144583 -0.809932 0.0874796 -0.0140071 0.996068 71.3009
0.995995 0.00675695 -0.0891522 -4.63022 -0.00583103 0.999926 0.0106422 -0.816921 0.0892175 -0.0100798 0.995961 72.0527
0.995959 0.00376781 -0.0897269 -4.68716 -0.0034729 0.999988 0.0034426 -0.826326 0.0897388 -0.00311708 0.99596 72.7848
0.995885 -0.00129837 -0.0906141 -4.76465 0.00106828 0.999996 -0.00258763 -0.834889 0.0906171 0.00248018 0.995883 73.4965
0.995955 0.00063776 -0.0898472 -4.85639 -0.00087927 0.999996 -0.00264845 -0.849603 0.0898452 0.00271674 0.995952 74.1886
0.995833 0.00504726 -0.0910559 -4.92126 -0.0050198 0.999987 0.000530551 -0.860887 0.0910574 -7.12574e-005 0.995846 74.8655
0.995606 0.00038945 -0.0936418 -4.97092 -8.63638e-005 0.999995 0.00324069 -0.880853 0.0936425 -0.00321836 0.995601 75.5232
0.995535 -0.00265224 -0.0943597 -5.03303 0.00263967 0.999996 -0.000258083 -0.894635 0.09436 7.85227e-006 0.995538 76.1538
0.995641 -0.01075 -0.0926421 -5.10773 0.0101957 0.999927 -0.00645516 -0.905974 0.0927047 0.00548248 0.995679 76.7635
0.995632 -0.0113333 -0.0926716 -5.14999 0.0103074 0.99988 -0.0115413 -0.916047 0.0927913 0.0105357 0.99563 77.3588
0.996168 -0.00221423 -0.0874379 -5.21865 0.00116563 0.999927 -0.0120417 -0.919391 0.0874581 0.0118937 0.996097 77.9392
0.996577 0.00772912 -0.0823068 -5.29194 -0.00845359 0.999929 -0.00845722 -0.931167 0.0822355 0.00912406 0.996571 78.5067
0.996845 0.00267969 -0.0793234 -5.3335 -0.00318739 0.999975 -0.00627442 -0.939493 0.0793047 0.00650746 0.996829 79.0624
0.997331 -0.00587727 -0.0727759 -5.36771 0.00576669 0.999982 -0.00172949 -0.95453 0.0727848 0.0013052 0.997347 79.605
0.997853 -0.00817586 -0.0649797 -5.3919 0.00827789 0.999965 0.00130108 -0.966367 0.0649667 -0.00183618 0.997886 80.1364
0.998541 -0.0012013 -0.0539788 -5.41765 0.0013016 0.999997 0.00182305 -0.978535 0.0539765 -0.00189065 0.99854 80.6482
0.999205 0.00712976 -0.0392161 -5.43736 -0.00709306 0.999974 0.00107502 -0.983449 0.0392228 -0.000796003 0.99923 81.1499
0.999734 0.00833856 -0.0215088 -5.4355 -0.00830075 0.999964 0.00184662 -0.987192 0.0215234 -0.00166759 0.999767 81.638
0.999995 0.00291043 0.000896091 -5.4197 -0.00291289 0.999992 0.00275315 -0.993395 -0.000888071 -0.00275575 0.999996 82.1121
0.999653 -0.00634631 0.0255689 -5.39117 0.0062431 0.999972 0.00411419 -0.999894 -0.0255943 -0.00395314 0.999665 82.5715
0.998419 -0.00393945 0.0560778 -5.34808 0.00360672 0.999975 0.00603345 -1.006 -0.0561001 -0.00582165 0.998408 83.0244
0.996087 -0.00224732 0.0883518 -5.28873 0.00158088 0.99997 0.00761232 -1.01092 -0.0883662 -0.00744286 0.99606 83.4707
0.991916 0.00141544 0.12689 -5.21857 -0.00250529 0.999961 0.0084297 -1.01422 -0.126873 -0.00867945 0.991881 83.9026
0.98564 0.00064966 0.168859 -5.12527 -0.00212312 0.999961 0.00854557 -1.01646 -0.168847 -0.00878136 0.985603 84.3313
0.977343 -0.00459266 0.21161 -4.9864 0.00263299 0.999951 0.00954161 -1.02291 -0.211643 -0.00876826 0.977308 84.7409
0.964752 -8.32166e-005 0.263159 -4.85518 -0.00197353 0.99997 0.00755126 -1.03019 -0.263152 -0.00780445 0.964723 85.1315
0.950039 -0.00042818 0.312131 -4.67735 -0.00128551 0.999985 0.00528451 -1.03621 -0.312129 -0.00542174 0.950024 85.5104
0.929503 -0.00162647 0.36881 -4.50506 6.78502e-005 0.999991 0.00423902 -1.03757 -0.368813 -0.00391516 0.929495 85.8665
0.906003 -0.00169708 0.423267 -4.28934 0.000594265 0.999996 0.00273744 -1.03786 -0.42327 -0.0022286 0.906001 86.2086
0.877194 -0.00254234 0.480129 -4.05728 0.00210391 0.999997 0.00145126 -1.03626 -0.480131 -0.000262888 0.877197 86.5297
0.843595 -0.00409924 0.536965 -3.81542 0.00381776 0.999991 0.00163617 -1.03882 -0.536967 0.000669737 0.843603 86.8209
0.807822 -0.00579678 0.589397 -3.53875 0.00489062 0.999983 0.0031319 -1.05401 -0.589406 0.000352496 0.807837 87.0922
0.767311 -0.00259899 0.64127 -3.26832 0.000697438 0.999995 0.00321835 -1.05428 -0.641275 -0.00202223 0.767309 87.3487
0.726015 -0.00138394 0.687678 -2.96908 -0.00370816 0.999976 0.00592732 -1.05525 -0.687669 -0.00685334 0.725992 87.5968
0.680991 -0.00168837 0.732289 -2.65547 -0.00412553 0.999973 0.00614208 -1.06028 -0.73228 -0.00720378 0.680966 87.8171
0.635559 -0.00709436 0.77202 -2.33223 0.000975225 0.999964 0.00838618 -1.05952 -0.772052 -0.00457702 0.635543 88.009
0.588489 -0.0123103 0.808412 -1.99899 0.00485004 0.99992 0.0116959 -1.05657 -0.808491 -0.00296211 0.588501 88.1922
0.54283 -0.00797529 0.839805 -1.66449 -0.000960442 0.999948 0.0101169 -1.0649 -0.839842 -0.00629835 0.542794 88.3526
0.496144 -0.000806179 0.86824 -1.31996 -0.00860966 0.999946 0.00584835 -1.06435 -0.868197 -0.0103769 0.496111 88.5135
0.450344 -0.00215021 0.892852 -0.966109 -0.00456884 0.999978 0.00471267 -1.06462 -0.892843 -0.00620162 0.450325 88.6549
0.407392 -0.00883536 0.913211 -0.607853 0.00113759 0.999957 0.00916715 -1.06462 -0.913253 -0.00269577 0.407385 88.7694
0.368385 -0.0240006 0.929363 -0.230072 0.00496206 0.999703 0.0238503 -1.05742 -0.92966 -0.00417453 0.368395 88.8606
0.333618 -0.0252085 0.942371 0.145184 -0.00432243 0.999591 0.0282694 -1.05614 -0.942698 -0.0135045 0.333373 88.9488
0.300961 -0.0202288 0.953422 0.518628 -0.0147497 0.999557 0.0258636 -1.04875 -0.953522 -0.0218466 0.30053 89.0453
0.270045 -0.00860888 0.962809 0.891978 -0.0166857 0.999768 0.0136193 -1.05279 -0.962703 -0.019743 0.269839 89.1528
0.24262 -0.00500751 0.970109 1.2772 -0.0153566 0.999842 0.00900159 -1.056 -0.97 -0.0170815 0.242504 89.2349
0.216816 -0.00741615 0.976184 1.67594 -0.00611595 0.999941 0.00895502 -1.06604 -0.976193 -0.00791189 0.216758 89.2995
0.192867 -0.0136716 0.98113 2.08341 -0.000417315 0.999902 0.0140153 -1.06628 -0.981225 -0.00311252 0.192842 89.3558
0.173022 -0.0201363 0.984712 2.50535 0.00586927 0.999794 0.0194134 -1.0564 -0.9849 0.00242059 0.173105 89.3979
0.153838 -0.020863 0.987876 2.93153 0.00416578 0.999782 0.0204657 -1.04042 -0.988087 0.000966869 0.153891 89.4494
0.136454 -0.0163148 0.990512 3.37872 -0.00902616 0.999802 0.0177112 -1.03028 -0.990605 -0.0113573 0.136279 89.5015
0.121229 -0.0127408 0.992543 3.84395 -0.0226133 0.999623 0.0155937 -1.03215 -0.992367 -0.0243351 0.120895 89.5564
0.106617 -0.0131552 0.994213 4.31741 -0.0237381 0.999594 0.015772 -1.02826 -0.994017 -0.0252823 0.106261 89.5999
0.0929681 -0.015457 0.995549 4.80394 -0.0193953 0.999662 0.0173321 -1.02726 -0.99548 -0.0209203 0.0926369 89.635
0.0820405 -0.0211162 0.996405 5.30145 -0.016771 0.999605 0.0225649 -1.02089 -0.996488 -0.018562 0.081654 89.6618
0.0722993 -0.0245645 0.99708 5.81589 -0.0153475 0.999551 0.0257382 -1.0135 -0.997265 -0.0171635 0.0718898 89.6863
0.0640228 -0.0252649 0.997629 6.34559 -0.0187321 0.999473 0.0265137 -1.004 -0.997773 -0.0203851 0.0635158 89.7168
0.0588042 -0.0276605 0.997886 6.89106 -0.0223958 0.999328 0.0290202 -0.993088 -0.998018 -0.024055 0.0581452 89.744
0.0532069 -0.0286191 0.998173 7.45456 -0.0236175 0.999274 0.0299095 -0.98016 -0.998304 -0.0251657 0.0524924 89.7684
0.0472111 -0.0293421 0.998454 8.03786 -0.025499 0.999207 0.0305699 -0.964862 -0.998559 -0.0269028 0.0464255 89.7973
0.0428532 -0.0322701 0.99856 8.64079 -0.0277392 0.999054 0.0334765 -0.952487 -0.998696 -0.0291338 0.0419175 89.8175
0.0406899 -0.0342761 0.998584 9.2599 -0.028499 0.998965 0.0354505 -0.937576 -0.998765 -0.0299012 0.0396709 89.8288
0.0355758 -0.0327173 0.998831 9.89874 -0.031271 0.998938 0.0338346 -0.915463 -0.998878 -0.0324382 0.0345149 89.8612
0.0341042 -0.0344792 0.998823 10.5533 -0.0343028 0.998775 0.0356488 -0.896184 -0.998829 -0.0354783 0.0328797 89.8744
0.0299824 -0.0369994 0.998865 11.2256 -0.0348505 0.998668 0.0380382 -0.881204 -0.998943 -0.0359514 0.028653 89.9233
0.0338338 -0.0440413 0.998457 11.9119 -0.0350763 0.998361 0.0452257 -0.854021 -0.998812 -0.0365524 0.0322336 89.929
0.0368655 -0.0433453 0.99838 12.6184 -0.0375777 0.998292 0.044729 -0.825697 -0.998613 -0.0391658 0.0351737 89.9493
0.0402573 -0.0465633 0.998104 13.3409 -0.0408668 0.998001 0.0482069 -0.793365 -0.998353 -0.04273 0.038274 89.9697
0.0450119 -0.0456239 0.997944 14.0785 -0.0427861 0.997952 0.0475541 -0.765128 -0.99807 -0.0448386 0.0429676 90.0123
0.0495528 -0.0492038 0.997559 14.8371 -0.0483043 0.997499 0.0516003 -0.73297 -0.997603 -0.0507433 0.0470521 90.0335
0.0539803 -0.0456001 0.9975 15.6072 -0.0463657 0.997765 0.0481213 -0.703436 -0.997465 -0.0488474 0.0517454 90.0805
0.0579818 -0.0449475 0.997305 16.3925 -0.0523718 0.997473 0.0479999 -0.666919 -0.996943 -0.0550138 0.0554813 90.1365
0.0621365 -0.0429038 0.997145 17.1857 -0.0507314 0.997648 0.0460867 -0.630355 -0.996777 -0.0534503 0.0598138 90.1859
0.0645982 -0.0401038 0.997105 17.9856 -0.0453569 0.998042 0.04308 -0.600839 -0.99688 -0.0480085 0.0626527 90.2571
0.0693795 -0.0379879 0.996867 18.7903 -0.0387267 0.998419 0.0407424 -0.579106 -0.996838 -0.0414321 0.0677986 90.2899
0.0686274 -0.0330348 0.997095 19.5926 -0.0329633 0.998831 0.035361 -0.560107 -0.997098 -0.0352943 0.0674582 90.4239
0.0704591 -0.0313765 0.997021 20.4061 -0.0326886 0.998896 0.0337456 -0.510957 -0.996979 -0.0349689 0.0693556 90.4634
0.0672964 -0.0282579 0.997333 21.2205 -0.0307743 0.999064 0.0303835 -0.501273 -0.997258 -0.0327369 0.0663638 90.5663
0.0708421 -0.0262875 0.997141 22.0395 -0.0354786 0.998954 0.0288559 -0.491013 -0.996856 -0.0374214 0.0698353 90.614
0.0694351 -0.028465 0.99718 22.8576 -0.0329028 0.998984 0.0308076 -0.493723 -0.997044 -0.0349491 0.068428 90.6566
0.0685875 -0.0245304 0.997343 23.6727 -0.028706 0.999235 0.026551 -0.472322 -0.997232 -0.0304508 0.0678309 90.7464
0.070035 -0.0248428 0.997235 24.4894 -0.0293833 0.999205 0.0269554 -0.465648 -0.997112 -0.0311898 0.0692493 90.7821
0.0714627 -0.0219726 0.997201 25.3025 -0.0252621 0.999397 0.0238314 -0.466393 -0.997123 -0.0268945 0.0708645 90.8186
0.0703421 -0.0228771 0.997261 26.113 -0.0233175 0.999426 0.0245715 -0.45233 -0.99725 -0.0249821 0.0697682 90.8798
0.0678222 -0.016956 0.997553 26.9235 -0.0228803 0.999566 0.0185458 -0.441491 -0.997435 -0.0240822 0.0674048 90.9469
0.0629807 -0.0161995 0.997883 27.733 -0.0237821 0.99956 0.0177277 -0.434825 -0.997731 -0.0248483 0.0625678 91.0099
0.0576997 -0.0126731 0.998254 28.5437 -0.0206132 0.999691 0.0138828 -0.42605 -0.998121 -0.0213783 0.0574206 91.0794
0.0515629 -0.00969621 0.998623 29.3553 -0.0198118 0.999746 0.0107301 -0.428657 -0.998473 -0.0203377 0.0513577 91.1298
0.0432409 -0.010209 0.999013 30.1615 -0.0156739 0.999818 0.0108957 -0.42969 -0.998942 -0.0161296 0.043073 91.1802
0.0338284 -0.00754424 0.999399 30.9637 -0.00803603 0.999937 0.00782031 -0.432086 -0.999395 -0.00829575 0.0337656 91.2103
0.0239367 -0.00769534 0.999684 31.7653 -0.00741237 0.999942 0.0078748 -0.438122 -0.999686 -0.00759853 0.0238783 91.2248
0.0132984 -0.00876661 0.999873 32.5634 -0.00822769 0.999927 0.00887651 -0.440402 -0.999878 -0.00834469 0.0132253 91.2408
0.00295857 -0.00654586 0.999974 33.3562 -0.0100285 0.999928 0.00657523 -0.444413 -0.999945 -0.0100477 0.00289271 91.2436
-0.00793956 -0.00828234 0.999934 34.1483 -0.009963 0.999917 0.00820308 -0.442616 -0.999919 -0.00989722 -0.00802141 91.2435
-0.0194009 -0.00842902 0.999776 34.9358 -0.00672189 0.999943 0.00829998 -0.45572 -0.999789 -0.00655936 -0.0194564 91.2201
-0.0297182 -0.00473788 0.999547 35.7149 -0.00512891 0.999976 0.00458742 -0.471659 -0.999545 -0.00499026 -0.0297418 91.185
-0.0411875 -0.0103842 0.999097 36.4916 -0.00652298 0.999927 0.0101239 -0.465854 -0.99913 -0.00610011 -0.0412523 91.1712
-0.0507101 -0.0070556 0.998688 37.2596 -0.00482187 0.999965 0.00681978 -0.487145 -0.998702 -0.00446971 -0.0507423 91.1208
-0.0609568 -0.0099931 0.99809 38.0199 -0.00550426 0.999938 0.00967544 -0.469324 -0.998125 -0.00490396 -0.0610081 91.0719
-0.0698617 -0.00979608 0.997509 38.7729 -0.00668378 0.999934 0.00935179 -0.481564 -0.997534 -0.00601379 -0.0699226 91.0182
-0.0797737 -0.0112456 0.99675 39.5178 -0.0082892 0.999909 0.0106178 -0.478816 -0.996779 -0.00741523 -0.0798597 90.9558
-0.0879089 -0.0116558 0.99606 40.2522 -0.0103711 0.999888 0.0107852 -0.494026 -0.996075 -0.00938212 -0.0880199 90.8615
-0.0949084 -0.0137211 0.995391 40.9802 -0.0134435 0.999831 0.0125005 -0.491456 -0.995395 -0.0121952 -0.0950769 90.7768
-0.100413 -0.0178441 0.994786 41.7024 -0.0172863 0.99972 0.0161877 -0.488232 -0.994796 -0.0155707 -0.100693 90.7239
-0.102553 -0.0200586 0.994525 42.4134 -0.0203369 0.99963 0.0180644 -0.507377 -0.99452 -0.018373 -0.102922 90.616
-0.102997 -0.0242798 0.994385 43.1113 -0.022319 0.999507 0.0220931 -0.519376 -0.994431 -0.0199182 -0.103488 90.5085
-0.111339 -0.0217933 0.993544 43.8031 -0.0254366 0.999494 0.0190734 -0.541763 -0.993457 -0.0231488 -0.111837 90.4997
-0.106632 -0.0247852 0.99399 44.4758 -0.0240593 0.999461 0.0223406 -0.511477 -0.994007 -0.0215324 -0.107171 90.4082
-0.106813 -0.0247999 0.99397 45.1324 -0.0240133 0.999462 0.0223564 -0.56236 -0.993989 -0.0214806 -0.107351 90.3519
-0.102366 -0.0270073 0.99438 45.7685 -0.0218796 0.999451 0.0248926 -0.504517 -0.994506 -0.0192085 -0.1029 90.2432
-0.0982995 -0.0262306 0.994811 46.3922 -0.0231472 0.999442 0.0240655 -0.530765 -0.994888 -0.0206614 -0.0988518 90.2088
-0.0890825 -0.0272489 0.995651 46.9947 -0.0261638 0.999345 0.0250091 -0.513969 -0.995681 -0.0238222 -0.0897371 90.1548
-0.078777 -0.0245057 0.996591 47.5788 -0.0254748 0.999421 0.0225616 -0.518391 -0.996567 -0.0236106 -0.0793557 90.1201
-0.0646241 -0.0257483 0.997577 48.1425 -0.0262903 0.999364 0.0240913 -0.514404 -0.997563 -0.0246697 -0.0652599 90.093
-0.0472457 -0.0227288 0.998625 48.6858 -0.0228915 0.999503 0.0216658 -0.511843 -0.998621 -0.0218364 -0.0477425 90.0719
-0.0265516 -0.0216426 0.999413 49.2217 -0.0209463 0.999558 0.0210893 -0.508389 -0.999428 -0.020374 -0.0269932 90.0752
-0.00180214 -0.0197288 0.999804 49.7494 -0.0181385 0.999642 0.0196929 -0.508703 -0.999834 -0.0180994 -0.00215935 90.0944
0.0259745 -0.0190658 0.999481 50.272 -0.016968 0.999666 0.0195103 -0.49871 -0.999519 -0.017466 0.0256423 90.1321
0.0579649 -0.0178385 0.998159 50.7935 -0.0188503 0.999643 0.0189597 -0.490223 -0.998141 -0.0199146 0.0576079 90.1934
0.0972621 -0.0168001 0.995117 51.3107 -0.0214586 0.99959 0.0189729 -0.480901 -0.995027 -0.0231992 0.0968616 90.2632
0.138275 -0.0152652 0.990276 51.8147 -0.0231889 0.999557 0.0186462 -0.474298 -0.990122 -0.0255417 0.13786 90.3655
0.182763 -0.0119333 0.983085 52.3119 -0.025657 0.999528 0.0169027 -0.467509 -0.982822 -0.0283122 0.18237 90.4949
0.231595 -0.0105392 0.972755 52.8056 -0.0258856 0.99952 0.016992 -0.473398 -0.972468 -0.0291157 0.231211 90.6457
0.280206 -0.00730436 0.959912 53.2682 -0.0210259 0.999684 0.0137446 -0.464422 -0.95971 -0.0240343 0.279964 90.8292
0.336062 -0.0134663 0.941744 53.7286 -0.0137201 0.999722 0.0191914 -0.466431 -0.94174 -0.0193703 0.335784 91.0195
0.393483 -0.0051711 0.919317 54.1651 -0.00726373 0.999935 0.00873357 -0.456543 -0.919303 -0.0101142 0.39342 91.2527
0.450445 -0.00969533 0.892752 54.5578 -0.00385145 0.999911 0.0128024 -0.464545 -0.892796 -0.00920515 0.450367 91.5032
0.509675 -0.0116376 0.860288 54.9476 0.00322379 0.999927 0.0116166 -0.462798 -0.860361 -0.00314731 0.509675 91.7826
0.568951 -0.00631536 0.822347 55.3033 -0.000361118 0.999968 0.00792928 -0.46462 -0.822372 -0.00480833 0.56893 92.0678
0.623841 -0.00325319 0.781544 55.6458 -0.00329825 0.999971 0.00679512 -0.454409 -0.781544 -0.0068168 0.623812 92.3997
0.675124 -0.00390168 0.737694 55.966 -0.00137434 0.999978 0.00654667 -0.460892 -0.737703 -0.00543365 0.675103 92.7527
0.723733 -0.0021818 0.690076 56.2472 -0.00198024 0.999984 0.00523846 -0.465752 -0.690077 -0.00515777 0.723718 93.1069
0.769293 -0.004468 0.63888 56.5198 -0.00473103 0.999908 0.0126896 -0.46841 -0.638878 -0.0127846 0.769202 93.4989
0.810414 -0.00124454 0.585857 56.7561 -0.00984914 0.999827 0.0157482 -0.457474 -0.585775 -0.0185328 0.810262 93.9144
0.846954 -0.00322612 0.531656 56.9668 -0.0111299 0.999655 0.0237965 -0.457066 -0.53155 -0.0260718 0.846626 94.3198
0.87793 -0.00315876 0.478778 57.1577 -0.0117422 0.999535 0.028126 -0.445377 -0.478645 -0.0303146 0.877485 94.7617
0.903203 0.00339919 0.4292 57.319 -0.0171178 0.999458 0.028107 -0.430432 -0.428872 -0.0327333 0.902772 95.2158
0.923602 0.00461664 0.383325 57.4558 -0.0180365 0.999343 0.0314222 -0.433434 -0.382928 -0.0359355 0.923079 95.6657
0.938802 0.00844838 0.344354 57.5793 -0.0195232 0.999397 0.0287064 -0.420497 -0.343904 -0.0336725 0.938401 96.1405
0.950936 0.00680361 0.309312 57.6937 -0.016 0.999502 0.0272046 -0.410948 -0.308973 -0.0308188 0.950571 96.6059
0.96029 0.00343971 0.278983 57.8061 -0.0107693 0.999636 0.0247441 -0.400117 -0.278797 -0.026766 0.959977 97.0844
0.966455 -0.00704106 0.25674 57.9242 0.000154089 0.99964 0.026835 -0.395356 -0.256836 -0.0258952 0.966108 97.5624
0.970392 -0.0109723 0.241284 58.0316 0.00454855 0.999621 0.0271642 -0.390203 -0.241491 -0.0252625 0.970074 98.0467
0.973487 -0.000791581 0.22874 58.1356 -0.00523773 0.999655 0.0257505 -0.380806 -0.228682 -0.0262658 0.973147 98.5432
0.975559 0.00730276 0.219617 58.2265 -0.012998 0.999615 0.0244986 -0.36645 -0.219354 -0.0267544 0.975278 99.0532
0.976935 0.0093527 0.213331 58.3199 -0.0142894 0.999664 0.0216108 -0.356103 -0.213058 -0.0241607 0.976741 99.5704
0.977311 0.0120653 0.211466 58.411 -0.0158152 0.999746 0.0160506 -0.34449 -0.211219 -0.0190308 0.977254 100.098
0.977736 0.00289358 0.20982 58.5305 -0.00608927 0.999875 0.0145862 -0.349433 -0.209751 -0.0155391 0.977631 100.631
0.977052 -0.00420209 0.212958 58.6558 0.00186435 0.999936 0.0111771 -0.342932 -0.212992 -0.0105236 0.976997 101.173
0.97623 -0.00714426 0.216618 58.7793 0.00607647 0.999966 0.00559499 -0.346872 -0.216651 -0.00414572 0.97624 101.725
0.975292 -0.00493978 0.220866 58.9407 0.00484036 0.999988 0.000991366 -0.34016 -0.220869 0.000102202 0.975304 102.277
0.974207 0.00443185 0.225615 59.0285 -0.00470003 0.999989 0.00065157 -0.342452 -0.225609 -0.00169516 0.974216 102.872
0.97282 0.00482113 0.231511 59.1573 -0.00587262 0.999975 0.00385293 -0.345036 -0.231487 -0.00510778 0.972825 103.467
0.971804 0.00249124 0.235777 59.2953 -0.00464272 0.999952 0.00857035 -0.345094 -0.235745 -0.00942335 0.971769 104.075
0.970838 -0.00498476 0.239684 59.4631 0.00137708 0.999883 0.0152169 -0.349852 -0.239732 -0.0144431 0.970732 104.686
0.969825 -0.00594606 0.24373 59.6018 0.00110222 0.999799 0.0200053 -0.349303 -0.2438 -0.019133 0.969637 105.318
0.969197 -0.00785619 0.246161 59.7614 0.00260634 0.999762 0.0216454 -0.338059 -0.246273 -0.0203371 0.968987 105.951
0.969041 -0.0114884 0.246633 59.9178 0.00693612 0.999789 0.0193184 -0.330602 -0.246803 -0.0170096 0.968916 106.594
0.968871 -0.0107618 0.247331 60.0973 0.00759551 0.999877 0.0137524 -0.328042 -0.247449 -0.0114457 0.968833 107.235
0.968838 -0.00443779 0.247655 60.2629 0.00287799 0.999974 0.00665994 -0.325071 -0.247678 -0.00573966 0.968825 107.893
0.969509 0.0019241 0.24505 60.4244 -0.0026978 0.999992 0.00282171 -0.317204 -0.245042 -0.00339677 0.969506 108.567
0.970314 0.00128321 0.241846 60.6096 -0.0030498 0.999971 0.00693039 -0.306711 -0.24183 -0.00746223 0.97029 109.256
0.970662 -0.00315307 0.240427 60.7797 -0.000417807 0.99989 0.0147998 -0.303243 -0.240447 -0.0144661 0.970554 109.966
0.971351 -0.00234409 0.237637 60.9553 -0.00267231 0.99978 0.0207852 -0.31234 -0.237634 -0.0208247 0.971132 110.685
0.971434 0.00378337 0.237278 61.1068 -0.00827561 0.999805 0.0179392 -0.298799 -0.237164 -0.0193904 0.971276 111.412
0.972324 0.00440264 0.233594 61.272 -0.007779 0.999878 0.0135346 -0.294172 -0.233506 -0.0149772 0.97224 112.143
0.973073 0.0026061 0.230481 61.4415 -0.0045405 0.999959 0.00786288 -0.286459 -0.230451 -0.00869766 0.973045 112.885
0.973941 -0.004302 0.226759 61.6071 0.00307381 0.999979 0.00576908 -0.283839 -0.226779 -0.00492173 0.973934 113.641
0.974807 -0.00477877 0.222997 61.7584 0.00324139 0.999968 0.00725967 -0.289044 -0.223025 -0.00635396 0.974792 114.415
0.975688 -0.00830935 0.219007 61.9485 0.00609161 0.999923 0.0107996 -0.295031 -0.21908 -0.00920297 0.975663 115.191
0.975512 -0.00381279 0.219912 62.1107 0.00130345 0.999932 0.0115547 -0.289492 -0.219941 -0.0109851 0.975451 115.986
0.976498 -0.0048632 0.215474 62.3037 0.00124888 0.999856 0.0169068 -0.290684 -0.215525 -0.0162403 0.976363 116.794
0.975746 -0.00755177 0.218777 62.4507 0.00410621 0.99986 0.0161996 -0.266892 -0.218869 -0.0149084 0.97564 117.613
0.976282 -0.00335255 0.216477 62.6456 -0.000838071 0.999814 0.0192636 -0.281276 -0.216502 -0.0189881 0.976098 118.431
0.975673 0.00550915 0.21916 62.8077 -0.00887039 0.999858 0.0143559 -0.267948 -0.21905 -0.0159507 0.975583 119.254
0.97584 0.00785582 0.218346 62.9833 -0.0105804 0.99988 0.0113119 -0.262118 -0.218231 -0.0133488 0.975806 120.079
0.975396 0.0124327 0.220109 63.1485 -0.014345 0.999872 0.00709188 -0.256588 -0.219993 -0.0100749 0.975449 120.912
0.974558 0.016269 0.223544 63.3128 -0.0181946 0.999813 0.00655672 -0.254738 -0.223395 -0.0104572 0.974672 121.753
0.97415 0.00839015 0.225744 63.4907 -0.0106706 0.999904 0.00888353 -0.261013 -0.225648 -0.0110627 0.974146 122.596
0.973909 0.00410656 0.226902 63.6926 -0.00587963 0.999957 0.00713894 -0.261394 -0.226863 -0.00828678 0.973891 123.433
0.972746 -0.00196403 0.231867 63.8764 0.000818707 0.999987 0.00503569 -0.262028 -0.231874 -0.00470862 0.972735 124.277
0.972516 -0.00729621 0.232723 64.0831 0.0057489 0.999957 0.0073263 -0.264376 -0.232766 -0.00578704 0.972516 125.133
0.972426 -0.0132297 0.232838 64.2969 0.011659 0.999899 0.00812069 -0.271688 -0.232922 -0.00518211 0.972482 125.979
0.972499 -0.011181 0.232637 64.5007 0.00931079 0.999915 0.00913592 -0.28013 -0.232719 -0.00671865 0.972521 126.826
0.972027 0.00118708 0.234866 64.694 -0.00362279 0.999944 0.0099394 -0.270748 -0.234842 -0.0105122 0.971977 127.679
0.971759 0.00387886 0.235944 64.8928 -0.00796446 0.999834 0.0163654 -0.276348 -0.235842 -0.0177824 0.971629 128.531
0.971155 0.00682667 0.238353 65.0949 -0.0113688 0.999779 0.0176868 -0.275232 -0.238179 -0.0198864 0.971018 129.377
0.971001 0.000297021 0.239075 65.293 -0.00354873 0.999907 0.0131709 -0.285722 -0.239049 -0.0136373 0.970912 130.2
0.970931 -0.0127079 0.239024 65.4975 0.0129612 0.999916 0.00051217 -0.287217 -0.23901 0.00260074 0.971014 131.012
0.970924 -0.0135056 0.239008 65.7025 0.015534 0.999858 -0.00660504 -0.294522 -0.238884 0.0101257 0.970995 131.825
0.971225 -0.0061781 0.238082 65.8999 0.00580083 0.999981 0.00228518 -0.292755 -0.238092 -0.000838348 0.971242 132.656
0.971472 -0.000735916 0.237154 66.0992 -0.00467677 0.999741 0.0222601 -0.291048 -0.237109 -0.0227342 0.971217 133.503
0.972009 -0.00303097 0.234925 66.3078 -0.0061838 0.99924 0.0384777 -0.299853 -0.234864 -0.0388534 0.971252 134.339
0.972021 0.000567427 0.234892 66.4891 -0.00802679 0.999493 0.0308017 -0.279125 -0.234755 -0.0318254 0.971533 135.151
0.97225 0.00379893 0.233914 66.6692 -0.00752314 0.999859 0.0150311 -0.279679 -0.233824 -0.0163738 0.972141 135.951
0.972403 -0.000476183 0.233308 66.8321 -0.00117319 0.999975 0.0069307 -0.26317 -0.233305 -0.00701315 0.972378 136.758
0.972841 -0.0066814 0.231377 67.0095 0.00513023 0.99996 0.00730511 -0.26341 -0.231416 -0.0059197 0.972837 137.569
0.972992 -0.00439259 0.230796 67.174 0.00280173 0.99997 0.00722022 -0.268724 -0.23082 -0.00637859 0.972975 138.385
0.973625 -0.00192608 0.228146 67.3597 0.000520904 0.999981 0.00621914 -0.263471 -0.228154 -0.00593627 0.973607 139.186
0.974042 -0.000134793 0.226366 67.5388 -0.000617057 0.999995 0.00325062 -0.273457 -0.226366 -0.00330592 0.974037 139.983
0.974854 0.00533509 0.22278 67.7175 -0.00589211 0.999981 0.00183571 -0.275472 -0.222766 -0.00310219 0.974867 140.796
0.975278 0.00488137 0.220927 67.8683 -0.00499205 0.999988 -5.73409e-005 -0.273819 -0.220925 -0.00104696 0.97529 141.584
0.975411 0.0113462 0.2201 68.0537 -0.0116651 0.999932 0.000149413 -0.279956 -0.220083 -0.00271323 0.975477 142.384
0.976252 7.00416e-005 0.21664 68.2452 -0.00176866 0.999969 0.00764687 -0.298385 -0.216633 -0.00784844 0.976222 143.18
0.976523 -0.0029349 0.215393 68.4317 0.0016363 0.999979 0.00620702 -0.303279 -0.215407 -0.00570884 0.976508 143.972
0.9776 -0.00496466 0.210411 68.6223 0.0042518 0.999984 0.0038402 -0.292826 -0.210427 -0.00285956 0.977605 144.76
0.978454 -0.00721441 0.206341 68.7837 0.00708503 0.999974 0.00136593 -0.301861 -0.206345 0.000125433 0.978479 145.546
0.979802 -0.00752078 0.19983 68.9481 0.00760969 0.999971 0.000323131 -0.310458 -0.199827 0.00120404 0.979831 146.34
0.980817 -0.000621975 0.194931 69.0747 -0.000343982 0.999988 0.00492148 -0.3137 -0.194932 -0.00489413 0.980805 147.147
0.982467 -0.00222135 0.186423 69.2336 -0.000561851 0.999889 0.0148753 -0.320132 -0.186436 -0.0147193 0.982357 147.95
0.983081 -0.00352126 0.183138 69.3782 -0.000864742 0.999715 0.0238638 -0.317455 -0.18317 -0.0236184 0.982797 148.754
0.983811 0.00569577 0.179116 69.5155 -0.0103069 0.999639 0.0248238 -0.311198 -0.17891 -0.0262681 0.983515 149.554
0.984602 0.0074062 0.174654 69.6144 -0.0109823 0.999749 0.0195177 -0.298378 -0.174466 -0.0211353 0.984436 150.349
0.985877 -5.99805e-005 0.167469 69.7644 -0.00162298 0.99995 0.00991248 -0.309051 -0.167461 -0.0100443 0.985827 151.134
0.986555 -0.0058832 0.163321 69.8808 0.00530475 0.999978 0.0039777 -0.294529 -0.163341 -0.00305784 0.986565 151.931
0.987859 -0.00441811 0.155289 69.9991 0.00361002 0.999978 0.00548538 -0.291271 -0.15531 -0.00485818 0.987854 152.738
0.989072 0.00544402 0.147335 70.1188 -0.00658404 0.999952 0.007251 -0.301375 -0.147289 -0.00814182 0.98906 153.551
0.990051 0.0126372 0.14014 70.1926 -0.0133836 0.999901 0.00438481 -0.301628 -0.140071 -0.00621677 0.990122 154.366
0.991585 0.00661015 0.129289 70.3031 -0.00649545 0.999978 -0.0013088 -0.309769 -0.129295 0.000457997 0.991606 155.171
0.992538 -0.00045965 0.121934 70.3933 0.00100469 0.99999 -0.00440853 -0.315501 -0.121931 0.00449814 0.992528 155.982
0.993555 -0.00139974 0.113346 70.4905 0.00161282 0.999997 -0.00178829 -0.323178 -0.113343 0.00195957 0.993554 156.799
0.99431 0.00509825 0.106404 70.5659 -0.00559719 0.999975 0.00439109 -0.332915 -0.106379 -0.00496167 0.994313 157.624
0.995309 0.00542627 0.0965917 70.6349 -0.0064219 0.999929 0.00999974 -0.339931 -0.0965306 -0.0105731 0.995274 158.452
0.995949 0.00335624 0.0898616 70.6998 -0.00452857 0.999907 0.0128452 -0.343516 -0.0898102 -0.0132001 0.995871 159.275
0.996556 -0.000360746 0.0829233 70.7703 -0.000838114 0.999896 0.0144222 -0.342354 -0.0829199 -0.014442 0.996452 160.096
0.996856 -0.00136104 0.0792248 70.8292 0.000372972 0.999922 0.0124851 -0.341839 -0.0792356 -0.0124163 0.996779 160.918
0.997158 0.00370042 0.0752496 70.879 -0.00421291 0.999969 0.00665293 -0.345168 -0.0752226 -0.00695105 0.997143 161.737
0.997427 0.00900022 0.0711252 70.9255 -0.0089858 0.999959 -0.000522604 -0.352111 -0.0711271 -0.000117858 0.997467 162.554
0.997634 0.00640673 0.0684476 70.9642 -0.00620141 0.999976 -0.00321178 -0.359371 -0.0684665 0.00277971 0.99765 163.371
0.997894 0.00327461 0.0647903 71.0179 -0.00347336 0.99999 0.00295513 -0.361425 -0.06478 -0.00317394 0.997895 164.205
0.997985 0.00527076 0.0632335 71.0489 -0.00610679 0.999896 0.0130353 -0.369738 -0.0631583 -0.0133952 0.997914 165.045
0.998291 0.00383494 0.0583162 71.0901 -0.00499572 0.999792 0.0197721 -0.369904 -0.0582283 -0.0200296 0.998102 165.88
0.998587 -0.00324733 0.0530404 71.1488 0.00235467 0.999855 0.0168837 -0.374012 -0.0530875 -0.0167349 0.99845 166.702
0.998676 -0.0169916 0.0485575 71.1975 0.0166548 0.999834 0.00733328 -0.375614 -0.0486741 -0.00651486 0.998793 167.516
0.999001 -0.0169259 0.0413699 71.2249 0.0168404 0.999855 0.00241468 -0.367428 -0.0414048 -0.00171558 0.999141 168.334
0.999386 0.00155167 0.0350002 71.2411 -0.00166277 0.999994 0.00314529 -0.371664 -0.0349951 -0.00320156 0.999382 169.161
0.999631 0.00196799 0.0270939 71.252 -0.00221876 0.999955 0.00922843 -0.375375 -0.0270745 -0.00928514 0.99959 169.996
0.999783 -0.00494993 0.0202131 71.265 0.00468967 0.999906 0.0129029 -0.381646 -0.0202751 -0.0128053 0.999712 170.833
0.999804 -0.0144889 0.0134802 71.2835 0.0142587 0.999754 0.0170166 -0.376513 -0.0137234 -0.016821 0.999764 171.673
0.999891 -0.0127671 0.00743911 71.29 0.0126427 0.999783 0.0165471 -0.372972 -0.00764875 -0.0164512 0.999835 172.516
0.999959 -0.00907701 0.000746602 71.3004 0.00906929 0.999911 0.0097666 -0.375739 -0.000835188 -0.00975942 0.999952 173.353
0.999903 -0.012662 -0.00583031 71.2985 0.0126591 0.99992 -0.000531745 -0.375338 0.00583658 0.000457887 0.999983 174.182
0.999717 -0.0195358 -0.0136063 71.3014 0.0194686 0.999798 -0.00505342 -0.378023 0.0137023 0.00478709 0.999895 175.015
0.999793 -0.00602344 -0.0194353 71.2745 0.00607561 0.999978 0.00262643 -0.386854 0.019419 -0.00274397 0.999808 175.867
0.999594 0.0145896 -0.0244752 71.2363 -0.0142018 0.999772 0.0159436 -0.389593 0.0247023 -0.0155895 0.999573 176.727
0.999462 0.0152254 -0.0290533 71.1969 -0.0145407 0.999615 0.0236358 -0.393921 0.029402 -0.0232007 0.999298 177.582
0.99945 0.00521664 -0.0327564 71.1655 -0.00453669 0.999773 0.0207979 -0.394904 0.0328575 -0.0206379 0.999247 178.427
0.999396 0.00219949 -0.0346864 71.1248 -0.00186219 0.999951 0.00975346 -0.387494 0.0347062 -0.00968297 0.999351 179.265
0.999224 0.0144905 -0.0366294 71.0677 -0.0144287 0.999894 0.00195005 -0.395116 0.0366538 -0.00142002 0.999327 180.102
0.999169 0.00953128 -0.0396312 71.0319 -0.00964751 0.99995 -0.00274266 -0.396255 0.0396031 0.00312272 0.999211 180.949
0.999063 -0.00728816 -0.0426562 71.0123 0.00740624 0.999969 0.00261071 -0.407639 0.0426359 -0.00292418 0.999086 181.807
0.999071 -0.00588842 -0.0426874 70.9729 0.00633687 0.999926 0.0103777 -0.411273 0.0426231 -0.0106386 0.999035 182.67
0.999088 -0.000120826 -0.0426953 70.9124 0.00083401 0.99986 0.0166866 -0.417967 0.0426873 -0.016707 0.998949 183.532
0.999008 0.000705117 -0.0445295 70.8859 -1.59148e-005 0.99988 0.0154759 -0.417934 0.0445351 -0.0154598 0.998888 184.389
0.998974 -0.00381416 -0.0451345 70.8367 0.00410672 0.999971 0.00639085 -0.419802 0.0451088 -0.00656965 0.99896 185.237
0.998742 -0.0121635 -0.0486504 70.8128 0.0119019 0.999913 -0.00566454 -0.429615 0.0487151 0.00507838 0.9988 186.083
0.998532 -0.020593 -0.0501064 70.7852 0.0200841 0.999742 -0.0106386 -0.439347 0.0503126 0.00961659 0.998687 186.931
0.99865 -0.00782311 -0.0513555 70.7279 0.00751479 0.999953 -0.00619401 -0.447328 0.0514015 0.00579972 0.998661 187.792
0.998594 0.00651548 -0.0526039 70.6754 -0.00623244 0.999965 0.00554266 -0.463653 0.0526381 -0.00520702 0.9986 188.654
0.998547 0.00539281 -0.0536185 70.6218 -0.00492292 0.999948 0.0088918 -0.476847 0.0536637 -0.00861492 0.998522 189.503
0.998441 -0.00107328 -0.0558116 70.5909 0.00139763 0.999982 0.00577282 -0.485906 0.0558044 -0.00584182 0.998425 190.343
0.998553 0.00115058 -0.0537687 70.526 -0.00117818 0.999999 -0.000481488 -0.494496 0.0537681 0.000544141 0.998553 191.178
0.998366 0.0070778 -0.0567005 70.4738 -0.00715113 0.999974 -0.00109043 -0.497396 0.0566913 0.00149412 0.998391 192.017
