0.999993 -0.00137303 -0.00338692 -0.00631493 0.00136543 0.999997 -0.0022434 -0.0012479 0.00338999 0.00223876 0.999992 0.698142
0.999969 0.00150517 -0.00770404 -0.00921341 -0.00153926 0.999989 -0.00442198 0.00666449 0.0076973 0.0044337 0.999961 0.708706
0.999936 0.000624726 -0.0112949 -0.0195883 -0.000691542 0.999982 -0.00591268 -0.00469324 0.011291 0.00592011 0.999919 0.723306
0.999867 0.00236063 -0.016125 -0.0190894 -0.00247005 0.999974 -0.00676944 -0.0041672 0.0161086 0.00680837 0.999847 0.733618
0.999808 -0.000416222 -0.0196124 -0.0281163 0.000279437 0.999976 -0.00697666 -0.0107013 0.0196148 0.00696984 0.999783 0.741147
0.999693 0.00244994 -0.0246709 -0.0229975 -0.00264368 0.999966 -0.00782345 -0.0130041 0.0246509 0.00788626 0.999665 0.756322
0.999528 0.00287523 -0.0305983 -0.0214919 -0.00313042 0.999961 -0.00829515 -0.00997412 0.0305733 0.00838702 0.999497 0.775463
0.999397 0.00122735 -0.0347034 -0.0385957 -0.00146442 0.999976 -0.00680663 -0.00774878 0.0346942 0.00685335 0.999374 0.788142
0.999229 7.98741e-006 -0.0392667 -0.03598 -0.000156492 0.999993 -0.00377887 -0.0127246 0.0392664 0.0037821 0.999222 0.804787
0.999093 -0.000295307 -0.0425808 -0.0434673 0.000261559 1 -0.000798143 -0.0163668 0.042581 0.000786282 0.999093 0.843147
0.999015 0.00285147 -0.0442917 -0.0584744 -0.00292273 0.999995 -0.00154429 -0.0072051 0.044287 0.00167222 0.999017 0.860767
0.998911 -0.00111289 -0.0466506 -0.0419964 0.00104321 0.999998 -0.00151805 -0.00991549 0.0466522 0.00146773 0.99891 0.863435
0.998845 -0.00272364 -0.0479676 -0.050402 0.0025985 0.999993 -0.00267095 -0.000909666 0.0479745 0.00254322 0.998845 0.878293
0.998746 -0.000514072 -0.0500537 -0.0429171 0.000426594 0.999998 -0.00175836 -0.0106584 0.0500545 0.0017348 0.998745 0.868743
0.99866 -0.000601588 -0.0517493 -0.0467298 0.00050262 0.999998 -0.00192544 -0.0129208 0.0517504 0.00189685 0.998658 0.895642
0.998528 0.00136006 -0.0542131 -0.0451501 -0.00158383 0.99999 -0.00408491 -0.0114653 0.054207 0.00416476 0.998521 0.900182
0.998558 0.00120458 -0.053671 -0.0744572 -0.00160569 0.999971 -0.00743114 -0.000135898 0.0536605 0.0075066 0.998531 0.900464
0.998495 0.00565494 -0.0545579 -0.0703546 -0.00613595 0.999944 -0.00865313 -0.0131527 0.0545059 0.00897487 0.998473 0.901307
0.998408 -1.60138e-005 -0.0564013 -0.046002 -0.00046205 0.999964 -0.00846305 -0.0112915 0.0563995 0.00847564 0.998372 0.925756
0.998404 -0.000371489 -0.0564662 -0.0745855 -4.03783e-005 0.999973 -0.00729272 -0.0129172 0.0564674 0.00728337 0.998378 0.949404
0.998323 -0.000345832 -0.057886 -0.0566676 5.95225e-006 0.999983 -0.00587161 -0.0149477 0.057887 0.00586142 0.998306 0.932336
0.998306 0.000385163 -0.0581774 -0.0669855 -0.00074912 0.99998 -0.00623429 -0.00769347 0.0581738 0.00626731 0.998287 0.915941
0.998233 0.000591404 -0.0594244 -0.0659705 -0.00103468 0.999972 -0.00742902 -0.00644092 0.0594183 0.00747737 0.998205 0.922767
0.998159 -0.00118151 -0.0606481 -0.052368 0.000673718 0.999965 -0.00839253 -0.0119829 0.0606558 0.00833622 0.998124 0.89054
0.998121 -0.000583938 -0.0612757 -0.0567121 0.000158693 0.999976 -0.0069445 -0.0103681 0.0612783 0.00692172 0.998097 0.908747
0.998165 0.00173465 -0.0605289 -0.0693212 -0.00195847 0.999991 -0.00363865 -0.0115318 0.060522 0.00375052 0.99816 0.917138
0.998207 0.000901285 -0.0598527 -0.0599976 -0.000913871 1 -0.000182913 -0.0100442 0.0598525 0.000237283 0.998207 0.947549
0.99831 -0.00166447 -0.0580971 -0.0590683 0.00179763 0.999996 0.0022398 -0.00596714 0.0580931 -0.00234045 0.998308 0.982474
0.998266 -0.00187958 -0.0588308 -0.0373493 0.00207922 0.999992 0.00333241 -0.0103262 0.058824 -0.00344896 0.998262 1.01607
0.998399 -0.0029749 -0.0564921 -0.0602982 0.00299841 0.999995 0.000331429 0.000724569 0.0564908 -0.000500285 0.998403 1.00957
0.99841 0.000804976 -0.0563561 -0.056112 -0.00105023 0.99999 -0.0043224 -0.00995709 0.0563521 0.00437471 0.998401 1.02996
0.998487 0.00095547 -0.0549754 -0.0630713 -0.00136896 0.999971 -0.00748412 -0.0116549 0.0549666 0.00754805 0.99846 0.977792
0.998481 -0.00383391 -0.0549617 -0.0384042 0.0034854 0.999973 -0.00643543 -0.0147869 0.0549849 0.00623409 0.998468 0.933295
0.998499 -0.00224772 -0.0547305 -0.0558691 0.00216246 0.999996 -0.00161694 -0.0120156 0.054734 0.00149616 0.9985 0.96622
0.99848 -0.00402678 -0.0549731 -0.0539004 0.00412909 0.99999 0.00174757 -0.0188427 0.0549655 -0.0019719 0.998486 0.971755
0.998453 -0.0059648 -0.0552801 -0.0539616 0.00602064 0.999982 0.000843682 -0.0133872 0.055274 -0.0011752 0.998471 0.983665
0.998407 -0.00267576 -0.0563573 -0.0542365 0.00247517 0.99999 -0.00362884 -0.00499629 0.0563664 0.00348357 0.998404 0.986211
0.998365 -0.000258722 -0.0571667 -0.0676557 -0.000178767 0.999971 -0.00764763 -0.0121524 0.057167 0.00764534 0.998335 0.949196
0.998284 0.00189466 -0.058527 -0.0595043 -0.00241481 0.999958 -0.00881803 -0.0147627 0.0585079 0.00894423 0.998247 0.902062
0.998187 -0.00127685 -0.0601722 -0.04441 0.000845414 0.999974 -0.0071949 -0.0229703 0.0601798 0.00713099 0.998162 0.949775
0.998177 0.00416815 -0.0602121 -0.0761508 -0.00440997 0.999983 -0.00388387 -0.0241727 0.0601948 0.00414232 0.998178 0.956703
0.997994 -0.00103448 -0.0632941 -0.0411854 0.000885771 0.999997 -0.00237745 -0.0194914 0.0632963 0.00231662 0.997992 0.986361
0.998019 0.00186651 -0.0628798 -0.0849097 -0.0018337 0.999998 0.000579511 -0.0135151 0.0628808 -0.000463061 0.998021 1.00548
0.998081 0.00143604 -0.061898 -0.0582005 -0.001211 0.999993 0.00367299 -0.022677 0.0619028 -0.00359098 0.998076 0.969989
0.998096 0.00721287 -0.0612591 -0.0921453 -0.00684658 0.999957 0.0061872 -0.00406884 0.0613011 -0.00575601 0.998103 1.05817
0.998085 -0.0014859 -0.0618342 -0.0601839 0.00184837 0.999981 0.00580504 -0.0142969 0.0618245 -0.00590822 0.99807 1.06816
0.99811 0.00028643 -0.0614577 -0.0724712 -4.32447e-005 0.999992 0.00395824 3.55988e-005 0.0614583 -0.0039481 0.998102 1.08851
0.998047 0.0054178 -0.0622383 -0.0739048 -0.00532602 0.999984 0.00164044 -0.0178588 0.0622462 -0.00130575 0.99806 1.06166
0.998022 0.000503669 -0.0628698 -0.0736994 -0.000383435 0.999998 0.00192447 -0.0189675 0.0628706 -0.00189656 0.99802 1.04779
0.998079 0.00112904 -0.0619507 -0.104103 -0.000930869 0.999994 0.00322759 -0.0164278 0.061954 -0.00316372 0.998074 1.09968
0.998009 0.00038625 -0.0630678 -0.0642228 -9.44654e-005 0.999989 0.00462943 -0.0225515 0.0630689 -0.00461426 0.997999 1.08786
0.998016 0.0026425 -0.0628979 -0.0927219 -0.00256788 0.999996 0.00126709 -0.0124305 0.062901 -0.00110306 0.998019 1.10351
0.998064 0.00277374 -0.0621309 -0.0985923 -0.00296162 0.999991 -0.00293211 -0.00922305 0.0621222 0.00311044 0.998064 1.03595
0.998065 0.000922747 -0.0621748 -0.0755965 -0.00117674 0.999991 -0.00404858 -0.0153884 0.0621705 0.00411391 0.998057 1.02215
0.998028 -0.00217825 -0.0627371 -0.0602187 0.00218142 0.999998 -1.79124e-005 -0.0241005 0.062737 -0.000118979 0.99803 1.02407
0.998005 -0.00233688 -0.0630914 -0.062884 0.00250281 0.999994 0.00255099 -0.0103013 0.0630851 -0.0027038 0.998004 1.03668
0.997991 -0.0017118 -0.0633343 -0.0652932 0.00190142 0.999994 0.00293376 -0.0109895 0.0633289 -0.00304829 0.997988 1.00044
0.997933 -0.00392282 -0.0641367 -0.0579921 0.00404969 0.99999 0.00184814 -0.0198226 0.0641288 -0.00210405 0.997939 1.00727
0.997913 -0.000428819 -0.0645659 -0.0706905 0.000477539 1 0.000739143 -0.0180917 0.0645655 -0.000768433 0.997913 0.995375
0.997941 -0.000568518 -0.0641411 -0.085458 0.000661277 0.999999 0.00142496 -0.00569495 0.0641402 -0.00146444 0.99794 0.970536
0.997786 -0.000739267 -0.0665027 -0.0619258 0.00111432 0.999984 0.00560269 -0.0148641 0.0664975 -0.00566439 0.997771 0.993639
0.997709 -0.0027119 -0.0676029 -0.059695 0.00340573 0.999943 0.0101502 -0.0065689 0.0675715 -0.0103572 0.997661 1.0133
0.997617 0.00134904 -0.0689824 -0.0656156 -0.000506137 0.999925 0.0122352 -0.00146514 0.0689938 -0.0121711 0.997543 1.0312
0.997506 0.00412946 -0.0704558 -0.0860886 -0.00354094 0.999958 0.00847599 -0.0064017 0.0704878 -0.00820537 0.997479 1.04889
0.99743 0.00191421 -0.0716223 -0.0784252 -0.00186538 0.999998 0.000748653 -0.00786704 0.0716235 -0.000613126 0.997432 1.00748
0.99739 0.00255809 -0.0721583 -0.0786192 -0.00285322 0.999988 -0.00398725 -0.00985768 0.0721472 0.00418272 0.997385 0.950454
0.997179 0.00272615 -0.0750098 -0.0535891 -0.00294808 0.999992 -0.00284819 -0.0153251 0.0750014 0.00306129 0.997179 0.918007
0.997108 0.00309804 -0.0759305 -0.079488 -0.00312998 0.999995 -0.000301622 -0.0177977 0.0759292 0.00053841 0.997113 0.922999
0.996944 0.00271229 -0.0780715 -0.0695418 -0.00257385 0.999995 0.00187386 -0.0240985 0.0780762 -0.00166719 0.996946 0.915578
0.996758 0.000587717 -0.0804515 -0.0646722 -0.000448953 0.999998 0.00174289 -0.0124855 0.0804524 -0.00170112 0.996757 0.903711
0.996698 0.00445462 -0.0810748 -0.0978498 -0.00424515 0.999987 0.00275587 -0.0153357 0.081086 -0.00240259 0.996704 0.899446
0.996554 0.00715264 -0.0826383 -0.0992379 -0.00680959 0.999967 0.00443239 -0.032502 0.0826673 -0.00385438 0.99657 0.897769
0.996471 0.00136277 -0.0839321 -0.0870674 -0.00096106 0.999988 0.0048264 -0.0108433 0.0839377 -0.0047287 0.99646 0.918666
0.996313 -0.00100489 -0.0857818 -0.068604 0.00155209 0.999979 0.00631257 -0.0178366 0.0857737 -0.00642244 0.996294 0.891288
0.996235 0.0023358 -0.0866635 -0.0834176 -0.00155492 0.999958 0.00907691 -0.00655776 0.0866811 -0.00890798 0.996196 0.873254
0.996142 0.000567256 -0.0877522 -0.0795509 0.000578475 0.999915 0.0130305 -0.00352663 0.0877521 -0.0130309 0.996057 0.877756
0.996069 0.00608324 -0.0883671 -0.106917 -0.0047762 0.999876 0.014995 -0.00465571 0.0884473 -0.014514 0.995975 0.946602
0.996103 0.00457813 -0.0880795 -0.126642 -0.0036251 0.999933 0.010977 -0.00549924 0.0881239 -0.0106149 0.996053 0.964362
0.99594 0.000605664 -0.0900229 -0.0827657 -0.000255772 0.999992 0.00389818 -0.0152978 0.0900246 -0.00385933 0.995932 0.951726
0.995841 -0.00120662 -0.0911023 -0.0809 0.00101716 0.999997 -0.00212609 -0.0104392 0.0911046 0.00202458 0.995839 0.851542
0.995808 0.00556581 -0.091301 -0.101654 -0.00587506 0.999978 -0.00311875 -0.00287939 0.0912817 0.00364207 0.995818 0.829286
0.995728 0.00329865 -0.0922769 -0.0899693 -0.00325153 0.999994 0.00066096 -0.012683 0.0922786 -0.000358096 0.995733 0.838571
0.995565 -0.000941507 -0.094076 -0.0716857 0.00119721 0.999996 0.0026616 -0.0141874 0.094073 -0.00276242 0.995561 0.798251
0.995551 -0.00177224 -0.0942055 -0.0869938 0.00168551 0.999998 -0.00100025 -0.0130099 0.0942071 0.00083702 0.995552 0.764428
0.995518 -0.00859225 -0.0941831 -0.0513994 0.00798657 0.999945 -0.00680599 -0.0191535 0.0942364 0.00602329 0.995532 0.717388
0.995734 -0.00352452 -0.0922063 -0.0753685 0.00242359 0.999924 -0.0120491 -0.0107218 0.0922418 0.0117742 0.995667 0.674619
0.995976 0.000513232 -0.0896238 -0.0475699 -0.00165142 0.999919 -0.0126259 -0.00504342 0.0896101 0.0127231 0.995896 0.633203
0.996324 0.00301559 -0.085608 -0.0637259 -0.00384738 0.999947 -0.00955295 -0.0100583 0.0855746 0.0098472 0.996283 0.673655
0.996721 -0.00152083 -0.0808952 -0.0559456 0.00101356 0.99998 -0.00631137 -0.0192432 0.0809031 0.00620868 0.996703 0.675394
0.997195 -0.00295032 -0.0747859 -0.0436947 0.0027881 0.999994 -0.00227346 -0.0135664 0.0747921 0.00205858 0.997197 0.631202
