0.999997 -0.00225502 -0.00085052 -0.0332714 0.00225337 0.999996 -0.00193479 -0.0106501 0.000854879 0.00193287 0.999998 0.665833
0.999962 -0.00357039 -0.00800005 -0.0572275 0.00354158 0.999987 -0.00361221 -0.011952 0.00801285 0.00358374 0.999961 1.32848
0.999968 -0.00109617 -0.00797551 -0.0769779 0.00106728 0.999993 -0.00362588 -0.0319882 0.00797943 0.00361725 0.999962 2.0048
0.999908 0.00103062 -0.0134963 -0.119254 -0.00108803 0.99999 -0.00424703 -0.043654 0.0134918 0.00426132 0.9999 2.67849
0.999862 0.00151788 -0.0165271 -0.1084 -0.00159602 0.999988 -0.0047158 -0.0528439 0.0165197 0.00474153 0.999852 3.50978
0.99982 0.00198928 -0.0188934 -0.167487 -0.00209617 0.999982 -0.00563896 -0.0614891 0.0188818 0.00567755 0.999806 4.23242
0.999655 0.00922736 -0.02461 -0.179803 -0.00938767 0.999935 -0.0064064 -0.0723515 0.0245492 0.00663522 0.999677 5.04611
0.999558 0.00275781 -0.029611 -0.200193 -0.00289603 0.999985 -0.00462629 -0.0814034 0.0295978 0.00470999 0.999551 5.73918
0.999391 -0.0013544 -0.0348775 -0.208589 0.00124724 0.999994 -0.00309408 -0.0792643 0.0348815 0.0030487 0.999387 6.50176
0.999297 -0.00260153 -0.0373928 -0.252697 0.0026077 0.999997 0.000116215 -0.0887524 0.0373924 -0.000213642 0.999301 7.27382
0.999232 0.00108419 -0.039162 -0.28719 -0.00112014 0.999999 -0.000896059 -0.0923683 0.039161 0.000939238 0.999232 8.04669
0.99914 0.000230122 -0.0414743 -0.34285 -0.000263775 1 -0.000805947 -0.100951 0.0414741 0.000816194 0.999139 8.86562
0.999024 -0.00448669 -0.04394 -0.35826 0.00442587 0.999989 -0.0014813 -0.107753 0.0439461 0.00128538 0.999033 9.6559
0.999019 -0.0035717 -0.0441497 -0.389867 0.00355398 0.999994 -0.000479893 -0.121567 0.0441511 0.000322515 0.999025 10.4762
0.998749 -0.00392901 -0.0498507 -0.388836 0.00392356 0.999992 -0.000207256 -0.134198 0.0498511 1.14044e-005 0.998757 11.2899
0.99883 0.0037261 -0.0482102 -0.454122 -0.00383279 0.99999 -0.00212077 -0.143708 0.0482019 0.00230307 0.998835 12.1098
0.998722 0.00739215 -0.0500016 -0.513344 -0.00764198 0.999959 -0.00480701 -0.150903 0.049964 0.00518298 0.998738 12.8781
0.998642 0.00369025 -0.0519733 -0.558241 -0.00402271 0.999972 -0.00629358 -0.158144 0.0519486 0.0064941 0.998629 13.6933
0.998573 0.00163752 -0.0533748 -0.591422 -0.00197615 0.999978 -0.00629221 -0.168295 0.0533633 0.00638871 0.998555 14.5127
0.998535 0.00192725 -0.0540713 -0.607375 -0.00215259 0.999989 -0.00410943 -0.185231 0.0540628 0.00421981 0.998529 15.2704
0.99838 0.00419432 -0.0567481 -0.648046 -0.00432723 0.999988 -0.00221952 -0.199489 0.0567381 0.00246148 0.998386 16.09
0.998346 -0.00119671 -0.0574771 -0.673397 0.00105922 0.999997 -0.00242245 -0.215514 0.0574798 0.00235757 0.998344 16.9198
0.998252 -0.000142696 -0.0591029 -0.724632 -4.1104e-005 0.999995 -0.0031086 -0.228333 0.0591031 0.00310559 0.998247 17.7469
0.998288 0.00391957 -0.0583549 -0.764979 -0.00418273 0.999982 -0.00438822 -0.243248 0.0583366 0.00462479 0.998286 18.5179
0.998015 0.0017906 -0.0629507 -0.77679 -0.00185998 0.999998 -0.00104358 -0.259944 0.0629487 0.00115859 0.998016 19.3341
0.9981 0.00082001 -0.0616145 -0.827275 -0.000737202 0.999999 0.00136668 -0.272711 0.0616156 -0.00131866 0.998099 20.1613
0.998004 0.000380785 -0.0631432 -0.846172 -5.43533e-005 0.999987 0.00517135 -0.297025 0.0631443 -0.0051576 0.997991 20.9996
0.998175 -1.50708e-005 -0.0603948 -0.914799 0.000481373 0.99997 0.00770636 -0.294606 0.0603929 -0.00772136 0.998145 21.8456
0.998095 0.00261464 -0.0616418 -0.91376 -0.00209183 0.999961 0.00854436 -0.303563 0.0616618 -0.00839914 0.998062 22.7044
0.997922 -0.00283163 -0.0643667 -0.936928 0.00319108 0.99998 0.00548226 -0.306187 0.0643499 -0.00567627 0.997911 23.573
0.998131 0.00213036 -0.0610749 -1.02994 -0.00209909 0.999998 0.000576083 -0.303717 0.061076 -0.000446804 0.998133 24.4469
0.998227 -0.00169733 -0.0594896 -1.08674 0.00154296 0.999995 -0.00264081 -0.307118 0.0594938 0.00254434 0.998225 25.3339
0.998264 0.00130585 -0.0588915 -1.13453 -0.00139838 0.999998 -0.00153 -0.323537 0.0588894 0.0016097 0.998263 26.2204
0.998209 -0.00292744 -0.0597449 -1.17989 0.00313814 0.999989 0.00343309 -0.33461 0.0597342 -0.00361443 0.998208 27.1172
0.99821 -0.00339021 -0.0597149 -1.23872 0.00378975 0.999971 0.0065787 -0.342259 0.0596909 -0.00679322 0.998194 28.018
0.998088 -0.00690745 -0.0614235 -1.27695 0.00726395 0.999958 0.00558248 -0.355942 0.0613823 -0.00601799 0.998096 28.9298
0.998017 -0.00181404 -0.0629232 -1.33146 0.00191766 0.999997 0.00158647 -0.361131 0.0629202 -0.00170399 0.998017 29.838
0.997882 -0.000198082 -0.0650507 -1.38359 7.05846e-005 0.999998 -0.00196226 -0.37256 0.065051 0.00195352 0.99788 30.7364
0.997743 0.00163989 -0.0671299 -1.4451 -0.00182732 0.999995 -0.00273075 -0.380724 0.0671251 0.00284726 0.997741 31.6241
0.997708 -0.00058533 -0.0676684 -1.53571 0.000474754 0.999999 -0.00165016 -0.381271 0.0676692 0.00161425 0.997707 32.5194
0.99761 0.00383364 -0.0689919 -1.59243 -0.00373495 0.999992 0.00155945 -0.397258 0.0689973 -0.00129804 0.997616 33.4074
0.997633 0.00183618 -0.0687404 -1.67099 -0.00162241 0.999994 0.00316547 -0.409785 0.0687458 -0.00304645 0.99763 34.2957
0.997602 0.00159985 -0.0691986 -1.74165 -0.00121476 0.999984 0.00560664 -0.412933 0.0692064 -0.00550913 0.997587 35.1948
0.997619 -7.81599e-005 -0.0689621 -1.80565 0.000654594 0.999965 0.00833616 -0.414896 0.068959 -0.00836145 0.997584 36.1044
0.997466 0.00487404 -0.0709713 -1.8666 -0.00412159 0.999934 0.0107448 -0.414542 0.0710189 -0.010425 0.99742 37.0242
0.997671 0.00248174 -0.0681656 -1.98497 -0.00175011 0.99994 0.0107907 -0.420927 0.0681883 -0.0106463 0.997616 37.9485
0.99757 0.000343122 -0.0696674 -2.04133 0.000284353 0.999959 0.0089966 -0.419713 0.0696676 -0.00899456 0.99753 38.8887
0.997526 0.00097527 -0.070295 -2.10118 -0.000492317 0.999976 0.00688737 -0.42281 0.0703 -0.00683572 0.997502 39.8351
0.997351 -0.00239176 -0.0726951 -2.16097 0.00288828 0.999973 0.00672586 -0.426392 0.0726771 -0.00691801 0.997332 40.7846
0.997074 -0.00426031 -0.0763211 -2.19601 0.00485357 0.999959 0.00758943 -0.431286 0.0762857 -0.00793766 0.997054 41.7454
0.996893 -0.00107928 -0.0787584 -2.25902 0.00177763 0.99996 0.00879748 -0.442193 0.0787457 -0.00891015 0.996855 42.6946
0.996881 0.00404454 -0.078813 -2.35306 -0.0036342 0.999979 0.00534927 -0.448491 0.078833 -0.00504616 0.996875 43.6514
0.996883 0.000677404 -0.0788966 -2.45735 -0.000593605 0.999999 0.00108559 -0.441854 0.0788972 -0.00103537 0.996882 44.612
0.996862 0.000134303 -0.0791649 -2.53724 -0.000138786 1 -5.11293e-005 -0.450841 0.0791649 6.19558e-005 0.996862 45.5649
0.996758 -0.00325655 -0.0803981 -2.59241 0.00353824 0.999988 0.00336151 -0.4637 0.0803862 -0.00363508 0.996757 46.5094
0.996776 -0.00152989 -0.0802241 -2.6756 0.00204784 0.999978 0.00637447 -0.47499 0.0802125 -0.0065182 0.996756 47.4419
0.996731 -0.00116088 -0.0807828 -2.74832 0.00174048 0.999973 0.0071048 -0.484444 0.0807724 -0.00722217 0.996706 48.373
0.996733 -0.00264616 -0.080725 -2.82376 0.00315513 0.999976 0.0061781 -0.500139 0.0807067 -0.00641261 0.996717 49.2938
0.996758 -0.00170893 -0.0804412 -2.90437 0.00207311 0.999988 0.00444396 -0.50836 0.0804326 -0.00459632 0.996749 50.2042
0.996826 -0.000302272 -0.0796149 -3.00198 0.000700344 0.999987 0.0049721 -0.509732 0.0796124 -0.00501207 0.996813 51.1029
0.996875 -0.00318111 -0.0789256 -3.10639 0.00385069 0.999958 0.00833297 -0.511542 0.0788957 -0.00861085 0.996846 52.0109
0.996766 -0.00086197 -0.0803567 -3.16329 0.00188797 0.999918 0.012693 -0.514414 0.0803391 -0.0128036 0.996685 52.9132
0.996604 0.00232583 -0.0823111 -3.22938 -0.00112933 0.999893 0.0145799 -0.513799 0.0823362 -0.0144374 0.9965 53.8248
0.996518 0.00393976 -0.0832791 -3.32057 -0.00305859 0.999938 0.0107059 -0.518983 0.0833161 -0.0104139 0.996469 54.7443
0.996414 0.00263102 -0.084574 -3.40261 -0.00234249 0.999991 0.0035107 -0.528356 0.0845825 -0.0033 0.996411 55.6545
0.996347 0.0024185 -0.0853571 -3.48403 -0.00250871 0.999996 -0.000949606 -0.544625 0.0853544 0.00116027 0.99635 56.5547
0.996256 0.00279597 -0.0864099 -3.56703 -0.00279032 0.999996 0.000186112 -0.549564 0.0864101 5.56961e-005 0.99626 57.4449
0.996163 0.00247418 -0.0874833 -3.65181 -0.0022309 0.999993 0.00287846 -0.564911 0.0874898 -0.00267225 0.996162 58.3247
0.996003 0.000213132 -0.0893223 -3.71943 0.000168035 0.999991 0.00425978 -0.577819 0.0893224 -0.00425777 0.995994 59.196
0.995909 0.00281012 -0.0903168 -3.81177 -0.00242056 0.999987 0.00442249 -0.58803 0.0903281 -0.00418578 0.995903 60.055
0.995629 0.0078561 -0.0930632 -3.90831 -0.00732132 0.999955 0.00608646 -0.610796 0.0931068 -0.00537851 0.995642 60.9069
0.995434 -0.000204008 -0.0954563 -3.98168 0.000821217 0.999979 0.00642663 -0.618124 0.095453 -0.00647568 0.995413 61.7515
0.995295 0.00026265 -0.0968946 -4.06615 0.00041909 0.999975 0.00701547 -0.62998 0.096894 -0.00702307 0.99527 62.5849
0.995171 0.000480178 -0.098157 -4.14738 0.000367819 0.999963 0.00862092 -0.642241 0.0981574 -0.00861539 0.995134 63.3958
0.994853 -0.00160237 -0.101321 -4.21882 0.00267053 0.999942 0.0104076 -0.644771 0.101298 -0.0106246 0.994799 64.1914
0.995015 0.00489339 -0.099609 -4.32968 -0.00343246 0.999884 0.0148327 -0.644088 0.09967 -0.0144169 0.994916 64.9919
0.994563 0.00205394 -0.104113 -4.41594 -0.000366745 0.999868 0.016222 -0.637783 0.104133 -0.0160956 0.994433 65.8168
0.994956 0.00751332 -0.100027 -4.57681 -0.00630092 0.999903 0.0124311 -0.637229 0.100111 -0.0117381 0.994907 66.6114
0.994411 0.0043595 -0.105487 -4.61894 -0.00375743 0.999976 0.00590561 -0.655783 0.105511 -0.00547624 0.994403 67.374
0.994687 0.00011838 -0.102946 -4.74341 -0.000172137 1 -0.000513304 -0.652632 0.102946 0.000528298 0.994687 68.1397
0.993667 -0.00414259 -0.112288 -4.64469 0.00374042 0.999986 -0.00379208 -0.626493 0.112302 0.00334806 0.993669 68.7829
0.994585 0.00365639 -0.103866 -4.89435 -0.00345976 0.999992 0.00207319 -0.668603 0.103872 -0.00170261 0.994589 69.4902
0.993438 0.0015171 -0.114361 -4.88163 -0.00135719 0.999998 0.00147621 -0.668185 0.114363 -0.00131131 0.993438 70.1601
0.994566 -0.00242768 -0.104079 -5.02873 0.00242915 0.999997 -0.000112713 -0.680942 0.104079 -0.000140723 0.994569 70.8363
0.993697 -0.0134215 -0.111293 -5.01022 0.0127686 0.999897 -0.00657653 -0.698353 0.11137 0.00511402 0.993766 71.4889
0.994231 -0.0112181 -0.106674 -5.08227 0.0101008 0.999888 -0.0110079 -0.707452 0.106786 0.00986693 0.994233 72.0911
0.994207 -0.00202909 -0.107466 -5.13941 0.000742841 0.999928 -0.0120076 -0.717784 0.107482 0.0118582 0.994136 72.6962
0.994558 0.00594003 -0.104019 -5.18276 -0.00686789 0.99994 -0.0085642 -0.731333 0.103961 0.00923198 0.994538 73.2467
0.995123 0.00175174 -0.0986238 -5.25601 -0.00232119 0.999981 -0.00565952 -0.730498 0.0986121 0.00586084 0.995109 73.7506
0.995563 -0.00742945 -0.0938043 -5.31125 0.00728077 0.999972 -0.00192712 -0.745402 0.093816 0.0012356 0.995589 74.2871
0.996294 -0.00959917 -0.0854758 -5.33624 0.00972505 0.999952 0.0010565 -0.761535 0.0854615 -0.00188384 0.99634 74.8453
0.997313 -0.00120569 -0.0732543 -5.38271 0.0012973 0.999998 0.00120308 -0.76661 0.0732528 -0.00129488 0.997313 75.3122
0.998224 0.00874886 -0.0589241 -5.40852 -0.00869916 0.999962 0.0010999 -0.772975 0.0589314 -0.000585358 0.998262 75.8718
0.999146 0.00901846 -0.0403128 -5.43498 -0.008952 0.999958 0.00182878 -0.777757 0.0403276 -0.00146634 0.999185 76.3799
0.999807 0.00250939 -0.0195015 -5.42562 -0.00246115 0.999994 0.0024969 -0.782922 0.0195077 -0.00244842 0.999807 76.8832
0.99996 -0.00589807 0.00678812 -5.39393 0.00586922 0.999974 0.00426175 -0.796209 -0.00681308 -0.00422174 0.999968 77.3771
0.999304 -0.00297337 0.0371952 -5.36528 0.00275836 0.999979 0.00583059 -0.80007 -0.0372118 -0.00572393 0.999291 77.8714
0.997701 -0.00289808 0.0677014 -5.2866 0.00234989 0.999964 0.00817544 -0.813951 -0.0677227 -0.00799756 0.997672 78.3642
0.994138 0.00158276 0.108105 -5.22957 -0.00247559 0.999964 0.00812526 -0.812942 -0.108088 -0.00834526 0.994106 78.8374
0.988912 -0.00058112 0.148504 -5.13625 -0.000799315 0.999957 0.00923576 -0.818241 -0.148503 -0.00925206 0.988869 79.3221
0.9807 0.00211044 0.195505 -5.04012 -0.00394123 0.999952 0.00897588 -0.822172 -0.195477 -0.00957318 0.980662 79.7597
0.970052 0.000148408 0.242895 -4.87395 -0.00211459 0.999967 0.00783406 -0.831394 -0.242886 -0.00811307 0.970021 80.2103
0.955095 0.000145369 0.296298 -4.70753 -0.00154977 0.999989 0.00450496 -0.835802 -0.296294 -0.00476186 0.955085 80.6361
0.935567 -0.00138281 0.353146 -4.52161 -0.000117391 0.999991 0.00422666 -0.842271 -0.353149 -0.00399578 0.935559 81.0358
0.91238 -0.00129813 0.409342 -4.2987 0.0004519 0.999998 0.00216401 -0.838448 -0.409344 -0.00178942 0.912378 81.4103
0.883735 -0.000755809 0.467987 -4.05924 2.45056e-005 0.999999 0.00156874 -0.842824 -0.467987 -0.00137489 0.883734 81.7655
0.8519 -0.00390405 0.523689 -3.80139 0.00400792 0.999992 0.000935032 -0.844822 -0.523689 0.00130235 0.851909 82.0926
0.815838 -0.00376364 0.578269 -3.52938 0.00330697 0.999993 0.00184285 -0.856396 -0.578272 0.000408845 0.815844 82.3985
0.77773 -0.00314472 0.628591 -3.23264 0.00168442 0.999994 0.00291871 -0.855938 -0.628597 -0.00121116 0.77773 82.682
0.735143 -0.000482377 0.677911 -2.92059 -0.00309549 0.999987 0.00406838 -0.856287 -0.677905 -0.00508932 0.735132 82.9499
0.690876 -0.000339207 0.722973 -2.61235 -0.00431697 0.99998 0.00459449 -0.863163 -0.72296 -0.00629528 0.690861 83.1792
0.645158 -0.00497076 0.764033 -2.27901 0.000430036 0.999981 0.00614271 -0.866309 -0.764049 -0.00363446 0.645148 83.4012
0.601245 -0.011855 0.798976 -1.92947 0.00583716 0.999928 0.0104441 -0.874051 -0.799043 -0.00161571 0.601272 83.5814
0.554407 -0.0076667 0.83221 -1.58014 0.000744135 0.999962 0.00871638 -0.880955 -0.832245 -0.00421315 0.554392 83.7609
0.506974 3.13913e-005 0.861962 -1.20961 -0.00685588 0.999969 0.00399596 -0.885723 -0.861934 -0.00793535 0.506958 83.9405
0.46133 0.00122718 0.887228 -0.81091 -0.00554968 0.999983 0.00150252 -0.889628 -0.887211 -0.00561698 0.461329 84.1112
0.421761 -0.0115964 0.906633 -0.451982 0.00324245 0.999931 0.0112814 -0.893844 -0.906701 -0.00181836 0.42177 84.2158
0.381769 -0.0242231 0.92394 -0.0663664 0.0065785 0.999702 0.0234911 -0.888104 -0.924234 -0.00289006 0.381815 84.318
0.347777 -0.0265881 0.9372 0.324903 -0.00353129 0.999554 0.0296674 -0.88646 -0.937571 -0.0136272 0.347528 84.417
0.314011 -0.0170875 0.949266 0.733878 -0.015839 0.999605 0.023233 -0.88427 -0.949287 -0.0223308 0.313616 84.5279
0.282598 -0.00555339 0.959222 1.15456 -0.01736 0.99979 0.0109027 -0.884058 -0.959081 -0.0197332 0.282442 84.653
0.25558 -0.00293077 0.966783 1.5698 -0.0143575 0.999874 0.00682665 -0.890421 -0.966681 -0.0156253 0.255506 84.7479
0.229685 -0.00470933 0.973254 1.97822 -0.00527081 0.999968 0.00608249 -0.90041 -0.973251 -0.00652689 0.229653 84.8217
0.207017 -0.0134531 0.978245 2.37851 0.001197 0.999908 0.0134978 -0.905554 -0.978337 -0.0016233 0.207014 84.8796
0.186511 -0.018709 0.982275 2.78028 0.00798261 0.999815 0.0175274 -0.893031 -0.98242 0.00457205 0.186626 84.9279
0.166966 -0.0191765 0.985776 3.21184 0.00628755 0.999811 0.0183846 -0.878313 -0.985943 0.00312852 0.167055 84.9837
0.150026 -0.0145834 0.988574 3.61565 -0.00753327 0.999845 0.0158929 -0.872435 -0.988653 -0.00983155 0.149893 85.0417
0.134643 -0.010404 0.99084 4.02369 -0.0211493 0.999687 0.0133709 -0.873777 -0.990668 -0.0227559 0.134381 85.0941
0.120109 -0.011154 0.992698 4.4506 -0.0219775 0.999662 0.0138914 -0.870626 -0.992517 -0.0234855 0.119823 85.139
0.106985 -0.0148091 0.99415 4.89655 -0.0173504 0.999709 0.016759 -0.870019 -0.994109 -0.0190419 0.106697 85.1742
0.0952657 -0.0185484 0.995279 5.36516 -0.0144813 0.999695 0.0200168 -0.868245 -0.995347 -0.0163199 0.094968 85.2127
0.0850683 -0.02087 0.996157 5.82977 -0.0140109 0.999657 0.0221398 -0.864697 -0.996277 -0.0158404 0.0847467 85.2421
0.0772013 -0.0228662 0.996753 6.32217 -0.0159218 0.999581 0.0241643 -0.858431 -0.996888 -0.0177356 0.0768049 85.2797
0.072132 -0.0244872 0.997094 6.84834 -0.0191983 0.999479 0.0259346 -0.848765 -0.99721 -0.0210132 0.0716243 85.3165
0.065316 -0.0236152 0.997585 7.36553 -0.0204397 0.999479 0.0249983 -0.839796 -0.997655 -0.0220232 0.0647993 85.356
0.0591809 -0.025628 0.997918 7.91654 -0.0220779 0.999392 0.0269752 -0.827096 -0.998003 -0.0236283 0.0585791 85.3811
0.0537871 -0.0248204 0.998244 8.43632 -0.0229787 0.999396 0.0260872 -0.829188 -0.998288 -0.0243415 0.0531842 85.4317
0.0532683 -0.030045 0.998128 9.06307 -0.0243155 0.999212 0.0313753 -0.808119 -0.998284 -0.0259413 0.0524958 85.4425
0.0482786 -0.027532 0.998454 9.64422 -0.0247275 0.999281 0.0287505 -0.801846 -0.998528 -0.0260773 0.047563 85.476
0.0464651 -0.0325361 0.99839 10.2703 -0.0284937 0.99902 0.0338827 -0.784536 -0.998513 -0.0300221 0.0454924 85.4893
0.0458716 -0.0321634 0.998429 10.8922 -0.0277906 0.999054 0.0334603 -0.768288 -0.998561 -0.0292818 0.0449344 85.5117
0.0470011 -0.0397136 0.998105 11.5338 -0.0346249 0.998544 0.0413615 -0.749739 -0.998295 -0.0365033 0.0455576 85.5382
0.0496113 -0.0392457 0.997997 12.2049 -0.0348795 0.99855 0.0410013 -0.721504 -0.998159 -0.0368438 0.0481705 85.5753
0.05218 -0.0399646 0.997838 12.8184 -0.0394411 0.998337 0.0420471 -0.720271 -0.997859 -0.0415498 0.050517 85.6195
0.0588776 -0.0418526 0.997387 13.5012 -0.0389295 0.998264 0.0441874 -0.685595 -0.997506 -0.0414294 0.0571461 85.6306
0.061686 -0.0419241 0.997215 14.1765 -0.0431411 0.998072 0.0446288 -0.659798 -0.997163 -0.0457739 0.0597584 85.6903
0.0676223 -0.0438655 0.996746 14.867 -0.0458075 0.997843 0.0470215 -0.629759 -0.996659 -0.0488381 0.065467 85.7366
0.0710559 -0.0415709 0.996606 15.539 -0.0448881 0.997986 0.0448289 -0.579852 -0.996462 -0.047921 0.0690467 85.7812
0.0746414 -0.0395729 0.996425 16.2753 -0.0458044 0.998022 0.0430675 -0.55734 -0.996158 -0.0488553 0.0726811 85.8407
0.0780612 -0.0372952 0.996251 17.0026 -0.0412836 0.998322 0.0406075 -0.528166 -0.996093 -0.0442987 0.0763905 85.9116
0.0819983 -0.0334477 0.996071 17.6393 -0.0336195 0.998775 0.0363061 -0.518918 -0.996065 -0.0364645 0.0807734 85.9654
0.0815057 -0.0280289 0.996279 18.4501 -0.0282016 0.999139 0.0304166 -0.487622 -0.996274 -0.0305758 0.0806451 86.0531
0.0836871 -0.0254591 0.996167 19.179 -0.026208 0.999272 0.0277402 -0.471385 -0.996147 -0.028429 0.0829589 86.1079
0.0835053 -0.0261449 0.996164 19.9622 -0.025936 0.99926 0.0284003 -0.463676 -0.99617 -0.0282081 0.0827654 86.1785
0.0833383 -0.0206413 0.996308 20.7189 -0.0282939 0.999333 0.0230707 -0.446066 -0.99612 -0.0301121 0.0826988 86.2354
0.0822419 -0.0235323 0.996335 21.4999 -0.0283732 0.999261 0.0259435 -0.44203 -0.996208 -0.0304029 0.0815134 86.3091
0.0846633 -0.0232082 0.996139 22.2749 -0.024047 0.99939 0.0253277 -0.422569 -0.996119 -0.0260985 0.0840536 86.3797
0.0829452 -0.0207051 0.996339 22.9804 -0.0220216 0.999502 0.0226041 -0.419872 -0.996311 -0.0238158 0.0824479 86.4501
0.0829706 -0.0166499 0.996413 23.696 -0.0208704 0.999612 0.0184413 -0.414494 -0.996333 -0.0223256 0.0825909 86.5196
0.080037 -0.00867478 0.996754 24.4163 -0.0158528 0.999825 0.00997444 -0.421377 -0.996666 -0.0165997 0.0798855 86.6206
0.07733 -0.00890988 0.996966 25.1521 -0.00956595 0.999907 0.00967816 -0.417871 -0.99696 -0.0102853 0.0772376 86.6697
0.0714571 -0.00689512 0.99742 25.8961 -0.00988555 0.999922 0.00762063 -0.41173 -0.997395 -0.0104046 0.0713834 86.7403
0.0652048 -0.00293081 0.997868 26.6498 -0.00914904 0.999952 0.00353477 -0.410578 -0.99783 -0.00936001 0.0651749 86.8156
0.0585273 0.00108723 0.998285 27.4152 -0.0054774 0.999985 -0.000767953 -0.42553 -0.998271 -0.00542306 0.0585324 86.8687
0.0509805 -0.00037433 0.9987 28.1915 0.00139039 0.999999 0.000303842 -0.436353 -0.998699 0.00137309 0.0509809 86.9081
0.0429076 6.88047e-005 0.999079 28.9785 0.000834282 1 -0.000104698 -0.454482 -0.999079 0.000838006 0.0429076 86.9271
0.0323564 0.000798512 0.999476 29.7747 0.000675787 0.999999 -0.000820808 -0.455107 -0.999476 0.000701991 0.0323559 86.9701
0.0215634 4.20613e-005 0.999767 30.5815 -0.000344813 1 -3.4634e-005 -0.465033 -0.999767 -0.000343986 0.0215635 87.0008
0.0110016 0.00244226 0.999936 31.3786 -0.00115272 0.999996 -0.00242972 -0.486315 -0.999939 -0.00112592 0.0110044 86.9997
-0.000100715 0.00101899 0.999999 32.1859 0.0015046 0.999998 -0.00101884 -0.500313 -0.999999 0.0015045 -0.000102248 86.9961
-0.0113811 0.00135361 0.999934 33.0032 0.00152036 0.999998 -0.00133639 -0.511757 -0.999934 0.00150505 -0.0113831 86.9895
-0.022441 0.00136385 0.999747 33.8302 0.00193664 0.999997 -0.00132072 -0.525386 -0.999746 0.00190651 -0.0224435 86.9672
-0.0332201 0.00222782 0.999446 34.6556 0.00251714 0.999995 -0.00214538 -0.538641 -0.999445 0.00244448 -0.0332256 86.9429
-0.0436736 0.00183268 0.999044 35.4704 0.00312065 0.999994 -0.001698 -0.552677 -0.999041 0.00304351 -0.043679 86.9034
-0.0530557 6.02196e-005 0.998592 36.2791 0.0043192 0.999991 0.000169177 -0.552467 -0.998582 0.00432209 -0.0530554 86.8625
-0.0622753 0.00124467 0.998058 37.078 0.00244901 0.999996 -0.00109428 -0.57965 -0.998056 0.00237611 -0.0622781 86.7981
-0.0722987 -0.00157368 0.997382 37.874 0.00112732 0.999998 0.00165952 -0.579474 -0.997382 0.00124435 -0.0722968 86.7481
-0.0804561 -0.000555827 0.996758 38.6337 0.000549062 1 0.000601954 -0.5901 -0.996758 0.000595713 -0.0804558 86.6891
-0.08503 -0.00364085 0.996372 39.4041 -0.00306654 0.99999 0.00339237 -0.620951 -0.996374 -0.00276696 -0.0850402 86.5461
-0.0938047 -0.00497274 0.995578 40.1595 -0.00502067 0.999977 0.00452165 -0.614404 -0.995578 -0.00457432 -0.0938275 86.5488
-0.093701 -0.00933847 0.995557 40.9187 -0.00825395 0.999929 0.00860263 -0.615363 -0.995566 -0.0074112 -0.0937715 86.4127
-0.0997964 -0.00857804 0.994971 41.679 -0.00876157 0.999932 0.00774202 -0.631862 -0.994969 -0.00794488 -0.0998647 86.353
-0.0961528 -0.0203597 0.995158 42.4347 -0.0173866 0.999673 0.0187722 -0.636285 -0.995215 -0.0154974 -0.0964753 86.263
-0.101117 -0.0119482 0.994803 43.1657 -0.0128609 0.99986 0.0107017 -0.64507 -0.994791 -0.0117119 -0.101257 86.2029
-0.0962024 -0.017153 0.995214 43.8902 -0.0162185 0.999746 0.0156634 -0.665486 -0.99523 -0.0146341 -0.0964561 86.0718
-0.0936905 -0.0174714 0.995448 44.6435 -0.01276 0.999785 0.0163466 -0.660285 -0.99552 -0.0111704 -0.0938933 86.0072
-0.0861362 -0.0209703 0.996063 45.297 -0.015849 0.999681 0.0196759 -0.668979 -0.996157 -0.0140918 -0.0864411 85.9264
-0.0803746 -0.0182805 0.996597 46.0143 -0.0169071 0.999713 0.0169741 -0.666205 -0.996621 -0.0154853 -0.0806606 85.8841
-0.0666084 -0.0194286 0.99759 46.6843 -0.0197078 0.999641 0.0181527 -0.664645 -0.997585 -0.0184511 -0.0669674 85.8432
-0.0543266 -0.0171817 0.998375 47.3252 -0.0192564 0.999684 0.0161564 -0.675751 -0.998338 -0.0183474 -0.0546402 85.8352
-0.0364871 -0.0173306 0.999184 47.9362 -0.0177547 0.999703 0.0166912 -0.67676 -0.999176 -0.0171312 -0.036784 85.8243
-0.0153663 -0.0141237 0.999782 48.5285 -0.0137942 0.999808 0.0139121 -0.689222 -0.999787 -0.0135774 -0.0155582 85.8337
0.00991227 -0.0139063 0.999854 49.1223 -0.0116101 0.999834 0.0140212 -0.688652 -0.999883 -0.0117474 0.00974917 85.8475
0.0368223 -0.011765 0.999253 49.6948 -0.00970095 0.999879 0.0121299 -0.688761 -0.999275 -0.0101403 0.0367037 85.8989
0.071287 -0.0111619 0.997393 50.2504 -0.0126671 0.999847 0.0120947 -0.691867 -0.997375 -0.0134963 0.0711347 85.9575
0.107781 -0.0111643 0.994112 50.7912 -0.0142445 0.999817 0.0127728 -0.68985 -0.994073 -0.0155373 0.107602 86.0459
0.149898 -0.00851042 0.988665 51.3201 -0.0169259 0.999794 0.0111725 -0.688877 -0.988557 -0.0184088 0.149723 86.1561
0.195363 -0.00345381 0.980725 51.8629 -0.0199764 0.999772 0.00750025 -0.685966 -0.980528 -0.0210566 0.19525 86.3008
0.241585 -0.00164605 0.970378 52.3823 -0.019293 0.999793 0.00649911 -0.688377 -0.970188 -0.0202916 0.241503 86.4795
0.293088 0.00151845 0.956084 52.8994 -0.0143004 0.999894 0.00279578 -0.684612 -0.955979 -0.0144918 0.293079 86.6765
0.347839 -0.00321912 0.937549 53.39 -0.0066127 0.999961 0.00588679 -0.683456 -0.937531 -0.00824738 0.347804 86.9129
0.411412 0.00204641 0.911447 53.8899 -0.000802874 0.999998 -0.00188282 -0.68705 -0.911449 4.28392e-005 0.411413 87.133
0.465065 -0.00322954 0.885271 54.3612 0.00454895 0.999989 0.00125832 -0.7027 -0.885265 0.00344185 0.465075 87.4628
0.523321 -0.00810625 0.852097 54.8214 0.0110351 0.999935 0.00273542 -0.709278 -0.852064 0.00797143 0.523377 87.7966
0.590977 -0.0219549 0.80639 55.2392 0.026967 0.999609 0.00745227 -0.655732 -0.806238 0.0173418 0.591338 88.0591
0.630649 0.000888321 0.776067 55.5412 0.00311776 0.999988 -0.00367819 -0.67623 -0.776062 0.00473924 0.630639 88.4746
0.692693 -0.00642729 0.721204 55.8626 0.00517664 0.999979 0.00393971 -0.668077 -0.721214 0.0010044 0.692712 88.7549
0.736745 -0.0030694 0.676164 56.1322 0.003858 0.999993 0.000335733 -0.676823 -0.67616 0.00236129 0.736751 89.1397
0.780825 -0.000555384 0.62475 56.3684 -0.00423097 0.999972 0.00617689 -0.678422 -0.624736 -0.00746636 0.780801 89.5061
0.820572 0.000806926 0.571543 56.5856 -0.00819846 0.999913 0.0103589 -0.672028 -0.571484 -0.013186 0.820507 89.9135
0.856989 -0.00252354 0.515328 56.7944 -0.00803705 0.999801 0.0182616 -0.67518 -0.515271 -0.0197917 0.856799 90.3088
0.886883 0.00291176 0.461984 56.9846 -0.0132732 0.999728 0.0191799 -0.661973 -0.461803 -0.0231423 0.886681 90.7711
0.911546 -0.00043656 0.411198 57.1374 -0.0116337 0.999572 0.0268508 -0.670074 -0.411034 -0.0292595 0.91115 91.1778
0.930634 0.00521638 0.365914 57.2711 -0.015101 0.999594 0.0241565 -0.664498 -0.36564 -0.0280066 0.930335 91.6457
0.945972 0.0043084 0.324221 57.3878 -0.0141167 0.999511 0.0279059 -0.668048 -0.323942 -0.0309752 0.94557 92.0574
0.956747 0.00913256 0.290778 57.4899 -0.0161545 0.999633 0.0217572 -0.653562 -0.290473 -0.0255135 0.956543 92.5532
0.965882 0.00277208 0.258968 57.5925 -0.00882823 0.999714 0.0222257 -0.647701 -0.258832 -0.0237536 0.96563 93.0119
0.971562 -0.00858431 0.23663 57.7033 0.00319802 0.999727 0.0231369 -0.641271 -0.236764 -0.0217222 0.971324 93.5095
0.975081 -0.0100075 0.221622 57.805 0.00487527 0.999707 0.0236926 -0.642362 -0.221794 -0.0220217 0.974845 94.0076
0.977948 -0.000937426 0.208846 57.8932 -0.00377927 0.999747 0.0221844 -0.626826 -0.208814 -0.0224845 0.977697 94.5172
0.979862 0.00792145 0.19952 57.9853 -0.0123887 0.9997 0.0211517 -0.616953 -0.199293 -0.0231975 0.979665 95.0271
0.980995 0.0110547 0.193719 58.0751 -0.0148346 0.999727 0.0180725 -0.60392 -0.193467 -0.0206027 0.980891 95.5424
0.981541 0.0102786 0.190974 58.1588 -0.013082 0.999824 0.0134246 -0.605843 -0.190802 -0.0156752 0.981503 96.069
0.981733 0.00497982 0.1902 58.256 -0.007149 0.999917 0.0107203 -0.606273 -0.190131 -0.0118842 0.981687 96.6139
0.981169 -0.000728057 0.193152 58.3623 -0.000861053 0.999966 0.00814317 -0.609998 -0.193152 -0.00815614 0.981135 97.1579
0.980412 -0.00698948 0.196832 58.4817 0.00660489 0.999975 0.00261032 -0.603117 -0.196845 -0.00125914 0.980434 97.6941
0.979581 -0.00439795 0.201001 58.5812 0.00491626 0.999986 -0.00207956 -0.594993 -0.200989 0.00302527 0.979589 98.2308
0.978734 0.00442658 0.205088 58.6906 -0.00403732 0.999989 -0.00231643 -0.614778 -0.205096 0.00143916 0.978741 98.7505
0.977305 0.00996628 0.211604 58.7888 -0.0102322 0.999948 0.000161812 -0.611321 -0.211592 -0.00232332 0.977355 99.2372
0.976622 0.00207599 0.214954 58.9109 -0.00347928 0.999975 0.00615021 -0.616138 -0.214935 -0.00675431 0.976605 99.8061
0.975609 -0.00428007 0.219474 59.0439 0.00165531 0.999925 0.0121419 -0.61949 -0.219509 -0.0114824 0.975543 100.396
0.974835 -0.00545105 0.222862 59.1633 0.00171552 0.999855 0.0169517 -0.619513 -0.222923 -0.0161428 0.974702 100.95
0.97413 -0.00726854 0.22587 59.3127 0.00294636 0.999806 0.019467 -0.617858 -0.225967 -0.0182979 0.973963 101.557
0.973911 -0.00985057 0.226716 59.4578 0.00630508 0.999846 0.0163573 -0.609484 -0.226842 -0.0145011 0.973824 102.213
0.974323 -0.00894965 0.224975 59.6102 0.0066029 0.999916 0.0111814 -0.61056 -0.225056 -0.0094088 0.9743 102.84
0.974141 -0.00401135 0.225904 59.775 0.00313136 0.999986 0.00425363 -0.603106 -0.225918 -0.00343626 0.97414 103.545
0.974983 0.000781244 0.222276 59.9075 -0.000840218 1 0.000170758 -0.599424 -0.222276 -0.000353246 0.974984 104.189
0.975694 0.000305646 0.219139 60.0594 -0.00142476 0.999987 0.00494887 -0.598277 -0.219134 -0.0051408 0.975681 104.862
0.975924 -0.00288665 0.218092 60.1984 0.000330784 0.999931 0.0117548 -0.591914 -0.218111 -0.0113996 0.975857 105.459
0.976395 -2.23861e-005 0.215992 60.3436 -0.00389732 0.999835 0.0177215 -0.596759 -0.215957 -0.018145 0.976234 106.17
0.976853 0.0037221 0.213877 60.5035 -0.00733562 0.999843 0.0161041 -0.597199 -0.213784 -0.0173003 0.976728 106.879
0.977224 0.0072039 0.212087 60.6525 -0.00950529 0.999906 0.00983357 -0.587176 -0.211997 -0.0116256 0.977201 107.639
0.97818 0.00341201 0.20773 60.8033 -0.00465559 0.999974 0.00549793 -0.588452 -0.207706 -0.00634507 0.978171 108.389
0.979098 -0.00360849 0.203357 60.9595 0.00319936 0.999992 0.00234062 -0.576865 -0.203364 -0.00164108 0.979102 109.11
0.979892 -0.00397785 0.199489 61.1092 0.00310661 0.999984 0.0046802 -0.585926 -0.199504 -0.00396636 0.979889 109.859
0.980634 -0.00712289 0.195721 61.2482 0.00579884 0.999956 0.0073372 -0.586347 -0.195764 -0.00606016 0.980632 110.596
0.980846 -0.00338146 0.194753 61.3868 0.00148435 0.99995 0.00988623 -0.591732 -0.194777 -0.00940779 0.980802 111.365
0.98148 -0.00485506 0.191503 61.5643 0.00246098 0.999916 0.0127374 -0.587384 -0.191549 -0.0120302 0.981409 112.051
0.981272 -0.00900641 0.192415 61.7127 0.00622286 0.999867 0.0150658 -0.588565 -0.192525 -0.0135863 0.981198 112.842
0.981462 -0.00382845 0.191619 61.8813 0.000739809 0.999869 0.0161876 -0.591552 -0.191656 -0.0157458 0.981336 113.62
0.981204 0.00604418 0.192879 61.9911 -0.00868697 0.99988 0.012859 -0.575667 -0.192778 -0.0142928 0.981138 114.4
0.981088 0.00379481 0.193527 62.1306 -0.00554557 0.999948 0.00850565 -0.569894 -0.193484 -0.009418 0.981058 115.161
0.980831 0.0118583 0.194501 62.2674 -0.0131585 0.999899 0.00539417 -0.565302 -0.194417 -0.0078501 0.980888 115.96
0.980151 0.0136761 0.197779 62.412 -0.0149128 0.999877 0.00476453 -0.570379 -0.19769 -0.0076194 0.980235 116.716
0.97948 0.00406976 0.201499 62.5517 -0.00513694 0.999975 0.00477356 -0.562069 -0.201475 -0.00571069 0.979477 117.508
0.979563 -0.00329745 0.20111 62.7509 0.00246448 0.999987 0.0043921 -0.569243 -0.201122 -0.00380671 0.979559 118.284
0.97898 -0.00276648 0.203937 62.8986 0.00248998 0.999996 0.0016124 -0.563749 -0.203941 -0.00107071 0.978983 119.081
0.978797 -0.00656877 0.20473 63.0774 0.00579892 0.999974 0.00436009 -0.570103 -0.204753 -0.00308043 0.978809 119.881
0.978679 -0.0078486 0.205244 63.2418 0.00714068 0.999966 0.00418967 -0.56749 -0.205269 -0.00263476 0.978702 120.695
0.976656 0.00367537 0.21478 63.3455 -0.00338642 0.999993 -0.00171325 -0.565924 -0.214784 0.000945921 0.976661 121.431
0.97697 0.00266375 0.213359 63.5137 -0.00333634 0.999991 0.00279239 -0.564415 -0.21335 -0.00343992 0.97697 122.244
0.976908 0.00138349 0.213655 63.6946 -0.00324734 0.99996 0.00837294 -0.573001 -0.213635 -0.00887341 0.976873 123.056
0.976842 0.00372229 0.213928 63.8741 -0.0063917 0.99991 0.0117877 -0.583622 -0.213865 -0.0128821 0.976778 123.878
0.976251 -0.00603947 0.216556 63.9016 0.00765402 0.999949 -0.00661764 -0.583833 -0.216505 0.008118 0.976248 124.026
0.976251 -0.00603947 0.216556 63.9291 0.00765402 0.999949 -0.00661764 -0.584043 -0.216505 0.008118 0.976248 124.174
0.976218 -0.00220374 0.216778 64.0126 0.00549558 0.999879 -0.0145837 -0.590025 -0.21672 0.0154282 0.976112 124.556
0.976497 -0.00446163 0.215486 64.1882 0.00570445 0.99997 -0.00514595 -0.600083 -0.215456 0.00625423 0.976493 125.343
0.976825 -0.00180628 0.214031 64.2998 -0.00152673 0.99988 0.0154063 -0.607533 -0.214033 -0.015376 0.976705 125.847
0.976881 0.00028202 0.213784 64.3855 -0.00681586 0.999532 0.0298263 -0.613392 -0.213676 -0.0305939 0.976425 126.259
0.976903 0.000590424 0.213682 64.4694 -0.00572879 0.999709 0.0234284 -0.612202 -0.213606 -0.0241114 0.976622 126.681
0.977149 0.00311225 0.212534 64.5534 -0.00456902 0.999969 0.00636353 -0.608281 -0.212507 -0.00718919 0.977133 127.114
0.976761 -0.00193156 0.214323 64.6287 0.00232876 0.999996 -0.00160079 -0.603899 -0.214319 0.0020627 0.976762 127.559
0.976413 -0.00732667 0.215785 64.7136 0.00805863 0.999964 -0.00251243 -0.60169 -0.215759 0.0041921 0.976438 128.012
0.975824 0.00101274 0.218554 64.7822 -0.000392953 0.999996 -0.00287931 -0.602049 -0.218556 0.00272382 0.975821 128.477
0.975582 0.00275489 0.219618 64.8578 -0.00191472 0.99999 -0.00403837 -0.613858 -0.219626 0.00351926 0.975578 128.952
0.976939 0.000849851 0.213517 64.9673 0.000259391 0.999987 -0.00516702 -0.624888 -0.213519 0.00510325 0.976926 129.431
0.977419 0.00597475 0.211225 65.0583 -0.00493398 0.999973 -0.00545398 -0.643808 -0.211252 0.00428865 0.977422 129.923
0.977833 0.00733217 0.209256 65.1524 -0.00574993 0.99995 -0.0081686 -0.644419 -0.209305 0.00678432 0.977827 130.425
0.978547 0.00669281 0.205917 65.3049 -0.00582429 0.999971 -0.00482369 -0.675587 -0.205944 0.00352089 0.978558 131.213
0.978205 -4.50229e-005 0.207642 65.4107 3.15584e-005 1 6.81573e-005 -0.682791 -0.207642 -6.01189e-005 0.978205 131.733
0.978756 -0.00312359 0.205003 65.5284 0.00309405 0.999995 0.00046463 -0.689622 -0.205003 0.00017953 0.978761 132.261
0.979383 -0.0029677 0.201989 65.6423 0.0034177 0.999992 -0.00187913 -0.698892 -0.201982 0.00253073 0.979386 132.799
0.980146 -0.00587257 0.198191 65.7426 0.00700529 0.999963 -0.00501464 -0.702586 -0.198154 0.00630347 0.980151 133.351
0.981387 -0.00631633 0.191934 65.8883 0.00759465 0.999954 -0.00592525 -0.712227 -0.191888 0.00727264 0.98139 134.116
0.982654 -0.00296519 0.185424 65.9979 0.00307237 0.999995 -0.000290719 -0.72467 -0.185422 0.000855368 0.982659 134.758
0.983775 -0.00152321 0.179399 66.1178 -9.39757e-006 0.999964 0.00854183 -0.741629 -0.179405 -0.00840493 0.983739 135.483
0.984423 -0.000661192 0.175813 66.2248 -0.00245317 0.999844 0.0174961 -0.738703 -0.175798 -0.0176548 0.984268 136.164
0.985196 0.00465917 0.171366 66.3601 -0.00812479 0.999776 0.0195277 -0.736002 -0.171236 -0.020631 0.985014 136.925
0.985862 0.00140871 0.167555 66.4482 -0.00371281 0.999903 0.0134388 -0.737432 -0.16752 -0.0138709 0.985771 137.54
0.986968 -0.00071207 0.160913 66.5409 0.000217538 0.999995 0.00309089 -0.738367 -0.160914 -0.0030156 0.986964 138.164
0.98774 -0.00448339 0.156041 66.6238 0.00468061 0.999989 -0.000896462 -0.747775 -0.156035 0.00161584 0.98775 138.799
0.988969 -0.00535453 0.148023 66.733 0.00553249 0.999984 -0.000790535 -0.746003 -0.148016 0.00160075 0.988984 139.582
0.989846 0.00640755 0.141996 66.8189 -0.0068049 0.999974 0.00231289 -0.761708 -0.141978 -0.00325568 0.989864 140.273
0.990895 0.0123988 0.134064 66.8945 -0.0123453 0.999923 -0.00123039 -0.764495 -0.134069 -0.000435877 0.990972 141.031
0.992226 0.00688049 0.124257 66.981 -0.00607626 0.999958 -0.00685008 -0.7779 -0.124299 0.00604181 0.992226 141.767
0.993111 0.000220068 0.117174 67.0481 0.000933744 0.999952 -0.00979204 -0.787619 -0.11717 0.009834 0.993063 142.478
0.994128 -0.000489572 0.108207 67.1242 0.00128813 0.999972 -0.00731013 -0.796641 -0.1082 0.00740659 0.994102 143.206
0.994794 0.00673187 0.10168 67.1826 -0.00666225 0.999977 -0.0010243 -0.811844 -0.101685 0.000341546 0.994817 143.94
0.995742 0.00572741 0.0920087 67.2421 -0.00616356 0.999971 0.00445693 -0.822009 -0.0919805 -0.00500505 0.995748 144.692
0.996353 0.00366223 0.0852492 67.2951 -0.00430831 0.999963 0.00739608 -0.829835 -0.085219 -0.00773638 0.996332 145.481
0.99691 0.001154 0.0785414 67.3521 -0.00188361 0.999956 0.00921611 -0.835025 -0.0785273 -0.00933558 0.996868 146.219
0.997201 0.000338127 0.0747605 67.3955 -0.000922166 0.999969 0.00777775 -0.848477 -0.0747556 -0.00782492 0.997171 146.969
0.997593 0.00245286 0.0693014 67.449 -0.00263506 0.999993 0.0025377 -0.861064 -0.0692947 -0.0027142 0.997593 147.728
0.997806 0.00396783 0.0660857 67.4836 -0.00365541 0.999982 -0.00484779 -0.865557 -0.0661037 0.00459558 0.997802 148.498
0.998001 0.0015679 0.0631731 67.5234 -0.00107854 0.999969 -0.00777965 -0.869109 -0.0631834 0.00769597 0.997972 149.258
0.998198 0.00313201 0.0599201 67.5611 -0.00303446 0.999994 -0.00171902 -0.875963 -0.0599251 0.0015341 0.998202 150.049
0.998334 0.00580693 0.0574099 67.6054 -0.00627787 0.999948 0.00802619 -0.885672 -0.0573603 -0.00837323 0.998318 150.853
0.998551 0.00120461 0.0538025 67.6413 -0.00201046 0.999887 0.0149263 -0.892351 -0.0537784 -0.0150129 0.99844 151.643
0.998755 -0.00249109 0.0498143 67.6651 0.0019187 0.999932 0.011535 -0.897388 -0.0498396 -0.0114251 0.998692 152.443
0.998933 -0.0109663 0.0448619 67.6934 0.0108954 0.999939 0.00182479 -0.900152 -0.0448791 -0.00133405 0.998992 153.234
0.999299 -0.00229717 0.037372 67.7327 0.00241573 0.999992 -0.00312756 -0.899194 -0.0373645 0.00321565 0.999297 154.034
0.999551 0.00247881 0.0298567 67.7481 -0.00243227 0.999996 -0.00159503 -0.90875 -0.0298606 0.00152169 0.999553 154.844
0.999742 0.00294431 0.0225211 67.7648 -0.00303157 0.999988 0.0038411 -0.920898 -0.0225095 -0.00390838 0.999739 155.648
0.999872 -0.00714885 0.0143207 67.787 0.00703689 0.999944 0.0078527 -0.911703 -0.0143761 -0.00775092 0.999867 156.48
0.999926 -0.00889552 0.00831882 67.806 0.00880601 0.999904 0.0107357 -0.907842 -0.00841352 -0.0106617 0.999908 157.3
0.999987 -0.00390178 0.00328382 67.791 0.00387007 0.999946 0.00960796 -0.898813 -0.00332113 -0.00959513 0.999948 158.13
0.99999 -0.00318069 -0.00328596 67.7909 0.00318905 0.999992 0.00254377 -0.909212 0.00327785 -0.00255422 0.999991 158.965
0.999916 -0.00778917 -0.0103145 67.7824 0.00770901 0.99994 -0.00778882 -0.916255 0.0103746 0.00770865 0.999916 159.79
0.999827 -0.00959566 -0.0159198 67.7687 0.00940566 0.999884 -0.0119673 -0.925202 0.0160328 0.0118155 0.999802 160.605
0.999721 0.00703423 -0.0225538 67.77 -0.00713495 0.999965 -0.00438833 -0.956481 0.0225221 0.00454803 0.999736 161.409
0.999534 0.0130382 -0.0276115 67.7165 -0.0127951 0.999878 0.00896605 -0.953224 0.0277251 -0.00860858 0.999579 162.18
0.999362 0.0151864 -0.0323198 67.681 -0.0146444 0.999749 0.0169425 -0.967555 0.0325689 -0.0164584 0.999334 162.997
0.999337 0.00502341 -0.0360509 67.6749 -0.0045276 0.999894 0.0138213 -0.962518 0.0361165 -0.013649 0.999254 163.249
0.99928 0.00218633 -0.03787 67.6305 -0.00207796 0.999994 0.00290077 -0.963984 0.0378761 -0.00281999 0.999278 164.073
0.999084 0.0137654 -0.0405143 67.5815 -0.0140113 0.999885 -0.00579148 -0.968382 0.0404299 0.00635384 0.999162 164.75
0.999138 -0.000253176 -0.0415167 67.5298 -0.000141994 0.999955 -0.00951512 -0.979666 0.0415172 0.00951281 0.999093 165.573
0.99896 -0.00734589 -0.0450067 67.5082 0.0071287 0.999962 -0.00498441 -0.989441 0.0450416 0.00465838 0.998974 166.381
0.999002 -0.00645649 -0.0441917 67.4909 0.0066326 0.999971 0.00383954 -0.994579 0.0441657 -0.00412882 0.999016 166.651
0.998983 0.00110819 -0.0450743 67.4561 -0.00070421 0.999959 0.00897734 -0.997977 0.0450824 -0.00893646 0.998943 167.484
0.998879 -0.000239919 -0.0473435 67.4222 0.000604233 0.99997 0.00768095 -0.998414 0.0473402 -0.00770094 0.998849 168.327
0.998797 -0.00364566 -0.0489028 67.3773 0.00356204 0.999992 -0.00179699 -1.00491 0.048909 0.00162063 0.998802 169.18
0.998657 -0.0101318 -0.0508058 67.3462 0.00944047 0.99986 -0.0138297 -1.01837 0.0509388 0.0133315 0.998613 170.023
0.99837 -0.0109266 -0.0560206 67.3625 0.00993397 0.999789 -0.0179668 -1.0347 0.0562051 0.017381 0.998268 170.857
0.998406 -0.0107372 -0.0554062 67.2959 0.00994994 0.999846 -0.0144656 -1.04979 0.055553 0.0138913 0.998359 171.658
0.998277 0.00688719 -0.0582733 67.2523 -0.00701335 0.999973 -0.0019607 -1.06849 0.0582583 0.00236601 0.998299 172.409
0.998192 -2.546e-005 -0.0601132 67.2049 7.0188e-005 1 0.000741951 -1.08382 0.0601132 -0.000744829 0.998191 173.231
0.998288 0.000131653 -0.0584952 67.1301 -0.000349412 0.999993 -0.00371247 -1.09297 0.0584943 0.00372655 0.998281 174.062
0.998176 -0.0022681 -0.0603255 67.0924 0.00165117 0.999946 -0.0102746 -1.10222 0.0603456 0.0101563 0.998126 174.905
0.998152 0.0073782 -0.0603165 67.0291 -0.00802036 0.999914 -0.0104113 -1.11769 0.0602345 0.0108758 0.998125 175.756
