0.999024 5.70769e-005 0.0441607 0.051061 5.70769e-005 0.999997 -0.0025837 -0.015519 -0.0441607 0.0025837 0.999021 1.14022
0.9961 0.000317534 0.0882315 0.329325 0.000317534 0.999974 -0.00718362 -0.0681025 -0.0882315 0.00718362 0.996074 3.05748
0.990902 0.000772121 0.134582 0.676495 0.000772121 0.999934 -0.0114218 -0.117303 -0.134582 0.0114218 0.990837 4.7707
0.983641 0.00130253 0.180133 0.628928 0.00130253 0.999896 -0.0143428 -0.107694 -0.180133 0.0143428 0.983538 4.58664
0.974198 0.00164183 0.225687 1.19761 0.00164183 0.999896 -0.0143612 -0.161834 -0.225687 0.0143612 0.974094 6.80752
0.962699 0.00210336 0.270568 1.54847 0.00210336 0.999881 -0.0152569 -0.192378 -0.270568 0.0152569 0.96258 7.81248
0.949238 0.00278128 0.314546 1.97932 0.00278128 0.999848 -0.0172342 -0.25606 -0.314546 0.0172342 0.949086 9.09041
0.934337 0.00336998 0.356376 2.59304 0.00336998 0.999827 -0.0182899 -0.306508 -0.356376 0.0182899 0.934164 10.4116
0.917246 0.00404705 0.398301 3.13465 0.00404705 0.999802 -0.0194787 -0.353642 -0.398301 0.0194787 0.917048 11.5322
0.897947 0.00414864 0.440083 3.70546 0.00414864 0.999831 -0.0178903 -0.412253 -0.440083 0.0178903 0.897779 12.5814
0.876012 0.00485586 0.482264 4.43567 0.00485586 0.99981 -0.0188874 -0.43414 -0.482264 0.0188874 0.875822 13.9003
0.85226 0.00523 0.523092 4.66585 0.00523 0.999815 -0.0185175 -0.466919 -0.523092 0.0185175 0.852075 14.1875
0.826599 0.00589544 0.562761 5.68213 0.00589544 0.9998 -0.0191332 -0.522966 -0.562761 0.0191332 0.826398 15.6619
0.799407 0.00604961 0.600759 6.52101 0.00604961 0.999818 -0.0181181 -0.590588 -0.600759 0.0181181 0.799225 16.6348
0.770832 0.00706246 0.637 7.41402 0.00706246 0.999782 -0.0196309 -0.633891 -0.637 0.0196309 0.770614 17.6861
0.740827 0.00660358 0.671664 8.53779 0.00660358 0.999832 -0.0171136 -0.687092 -0.671664 0.0171136 0.740658 18.7116
0.709323 0.00722207 0.704847 9.42888 0.00722207 0.999821 -0.0175124 -0.728189 -0.704847 0.0175124 0.709143 19.5399
0.675129 0.00782409 0.737658 10.4085 0.00782409 0.999812 -0.0177655 -0.77346 -0.737658 0.0177655 0.674941 20.4509
0.640874 0.00719673 0.767613 10.4649 0.00719673 0.999856 -0.0153826 -0.783094 -0.767613 0.0153826 0.64073 20.4459
0.604147 0.00840435 0.796829 11.1403 0.00840435 0.999822 -0.0169175 -0.811374 -0.796829 0.0169175 0.603968 20.9398
0.567935 0.00759324 0.823038 12.2061 0.00759324 0.999867 -0.0144643 -0.837656 -0.823038 0.0144643 0.567802 21.5936
0.528765 0.00881882 0.848723 11.8448 0.00881882 0.999835 -0.0158832 -0.836156 -0.848723 0.0158832 0.528599 21.3677
0.490655 0.00858685 0.871312 12.7408 0.00858685 0.999855 -0.0146891 -0.852974 -0.871312 0.0146891 0.49051 21.8665
0.452206 0.00775784 0.89188 12.7322 0.00775784 0.99989 -0.0126308 -0.851716 -0.89188 0.0126308 0.452096 21.8447
0.417052 0.00393217 0.908874 14.3309 0.00393217 0.999973 -0.00613065 -0.891232 -0.908874 0.00613065 0.417025 22.487
0.381268 0.00546368 0.924448 14.9295 0.00546368 0.999952 -0.00816329 -0.918882 -0.924448 0.00816329 0.38122 22.699
0.347863 0.00594623 0.937526 15.8686 0.00594623 0.999946 -0.00854843 -0.92818 -0.937526 0.00854843 0.347809 23.0376
0.314998 0.00342768 0.949086 16.802 0.00342768 0.999983 -0.00474914 -0.932738 -0.949086 0.00474914 0.314981 23.3284
0.282391 0.0039777 0.959291 17.8451 0.0039777 0.999978 -0.00531735 -0.963297 -0.959291 0.00531735 0.282369 23.5829
0.249732 0.00671965 0.968292 18.9309 0.00671965 0.99994 -0.00867235 -0.971221 -0.968292 0.00867235 0.249671 23.8542
0.218918 0.00795651 0.975711 20.1688 0.00795651 0.999919 -0.0099391 -1.00218 -0.975711 0.0099391 0.218837 24.0973
0.188575 0.00703115 0.982034 21.193 0.00703115 0.999939 -0.0085095 -1.0097 -0.982034 0.0085095 0.188514 24.2469
0.157962 0.00573255 0.987429 22.2503 0.00573255 0.999961 -0.00672236 -1.03712 -0.987429 0.00672236 0.157923 24.403
0.127249 0.00831024 0.991836 23.3362 0.00831024 0.999921 -0.00944415 -1.04202 -0.991836 0.00944415 0.12717 24.5141
0.0980924 0.00751996 0.995149 24.4093 0.00751996 0.999937 -0.00829739 -1.05572 -0.995149 0.00829739 0.0980297 24.6017
0.0700423 0.0069366 0.99752 25.662 0.0069366 0.999948 -0.00744055 -1.0752 -0.99752 0.00744055 0.0699906 24.6803
0.0452435 0.00112881 0.998975 26.4654 0.00112881 0.999999 -0.00118109 -1.08851 -0.998975 0.00118109 0.0452422 24.718
0.0219444 -0.00178831 0.999758 27.5906 -0.00178831 0.999997 0.00182799 -1.10371 -0.999758 -0.00182799 0.0219412 24.7252
0.00168604 -0.00737191 0.999971 28.531 -0.00737191 0.999946 0.00738415 -1.11437 -0.999971 -0.00738415 0.0016316 24.7028
-0.0153537 -0.0140527 0.999783 29.546 -0.0140527 0.999806 0.0138372 -1.11956 -0.999783 -0.0138372 -0.0155482 24.6702
-0.0313023 -0.0157318 0.999386 30.6766 -0.0157318 0.99976 0.0152449 -1.11741 -0.999386 -0.0152449 -0.0315422 24.6118
-0.0462074 -0.018824 0.998754 31.7652 -0.018824 0.999661 0.0179702 -1.11686 -0.998754 -0.0179702 -0.0465461 24.5803
-0.0590442 -0.0195158 0.998065 33.227 -0.0195158 0.99964 0.0183921 -1.10687 -0.998065 -0.0183921 -0.0594039 24.4426
-0.0716924 -0.0190128 0.997246 34.0948 -0.0190128 0.999663 0.017692 -1.09553 -0.997246 -0.017692 -0.0720297 24.3979
-0.0826357 -0.0191051 0.996397 35.3659 -0.0191051 0.999663 0.0175833 -1.08787 -0.996397 -0.0175833 -0.0829728 24.2616
-0.0928741 -0.0207956 0.995461 36.3294 -0.0207956 0.999604 0.0189419 -1.08923 -0.995461 -0.0189419 -0.0932698 24.1889
-0.102199 -0.0223582 0.994513 37.4327 -0.0223582 0.999546 0.0201738 -1.07341 -0.994513 -0.0201738 -0.102653 24.0779
-0.109925 -0.0220667 0.993695 38.479 -0.0220667 0.999561 0.0197559 -1.06019 -0.993695 -0.0197559 -0.110364 23.9555
-0.115998 -0.0210397 0.993027 39.5702 -0.0210397 0.999603 0.0187213 -1.05339 -0.993027 -0.0187213 -0.116395 23.8284
-0.121925 -0.0191559 0.992354 40.6467 -0.0191559 0.999673 0.0169436 -1.02267 -0.992354 -0.0169436 -0.122252 23.6767
-0.12297 -0.0238425 0.992124 41.6568 -0.0238425 0.999494 0.0210644 -1.01129 -0.992124 -0.0210644 -0.123476 23.4878
-0.130596 -0.0186477 0.99126 42.6695 -0.0186477 0.999692 0.0163495 -0.999179 -0.99126 -0.0163495 -0.130904 23.4254
-0.132074 -0.0187374 0.991063 44.0187 -0.0187374 0.99969 0.0164034 -0.969007 -0.991063 -0.0164034 -0.132384 23.1912
-0.134604 -0.0200821 0.990696 45.2213 -0.0200821 0.999645 0.0175349 -0.950275 -0.990696 -0.0175349 -0.13496 23.044
-0.136827 -0.0202335 0.990388 46.4682 -0.0202335 0.99964 0.0176271 -0.924959 -0.990388 -0.0176271 -0.137187 22.8647
-0.138025 -0.0256622 0.990096 47.7734 -0.0256622 0.999421 0.0223264 -0.901088 -0.990096 -0.0223264 -0.138603 22.6266
-0.14021 -0.0232887 0.989848 49.0062 -0.0232887 0.999524 0.0202175 -0.880449 -0.989848 -0.0202175 -0.140685 22.5564
-0.141181 -0.0248428 0.989672 50.465 -0.0248428 0.999459 0.0215445 -0.809454 -0.989672 -0.0215445 -0.141722 22.3016
-0.142141 -0.0226009 0.989588 51.9913 -0.0226009 0.999553 0.0195822 -0.788733 -0.989588 -0.0195822 -0.142588 22.118
-0.140628 -0.0224824 0.989807 53.2858 -0.0224824 0.999557 0.0195096 -0.767769 -0.989807 -0.0195096 -0.141071 21.9276
-0.14055 -0.0249103 0.98976 54.7381 -0.0249103 0.999456 0.021617 -0.748093 -0.98976 -0.021617 -0.141094 21.7364
-0.13903 -0.0208672 0.990068 56.1866 -0.0208672 0.999618 0.0181382 -0.702048 -0.990068 -0.0181382 -0.139412 21.4946
-0.135592 -0.0290186 0.99034 57.4004 -0.0290186 0.999258 0.0253069 -0.744386 -0.99034 -0.0253069 -0.136334 21.3526
-0.134882 -0.0291881 0.990432 58.8015 -0.0291881 0.999249 0.025473 -0.723276 -0.990432 -0.025473 -0.135633 21.1546
-0.133621 -0.0298566 0.990583 60.3356 -0.0298566 0.999214 0.0260893 -0.674261 -0.990583 -0.0260893 -0.134408 20.9229
-0.133597 -0.0283852 0.990629 61.7321 -0.0283852 0.999289 0.0248053 -0.633653 -0.990629 -0.0248053 -0.134308 20.7759
-0.131742 -0.0326253 0.990747 63.3711 -0.0326253 0.999059 0.0285608 -0.607945 -0.990747 -0.0285608 -0.132682 20.5294
-0.129839 -0.0366398 0.990858 64.7758 -0.0366398 0.998812 0.0321327 -0.578053 -0.990858 -0.0321327 -0.131028 20.3236
-0.129428 -0.0381265 0.990856 66.4139 -0.0381265 0.998713 0.0334487 -0.534908 -0.990856 -0.0334487 -0.130715 20.1515
-0.127671 -0.0403762 0.990994 68.1865 -0.0403762 0.998554 0.0354825 -0.487474 -0.990994 -0.0354825 -0.129116 19.8894
-0.126201 -0.040519 0.991177 69.7256 -0.040519 0.998542 0.035661 -0.466047 -0.991177 -0.035661 -0.127659 19.7148
-0.127091 -0.0363739 0.991224 71.7275 -0.0363739 0.998826 0.0319891 -0.382795 -0.991224 -0.0319891 -0.128265 19.3929
-0.12754 -0.0357995 0.991187 73.5287 -0.0357995 0.998863 0.0314703 -0.307292 -0.991187 -0.0314703 -0.128676 19.1726
-0.126459 -0.039991 0.991165 75.2345 -0.039991 0.99858 0.0351879 -0.272858 -0.991165 -0.0351879 -0.127879 18.9498
-0.128079 -0.0392002 0.990989 77.1533 -0.0392002 0.998638 0.0344364 -0.177076 -0.990989 -0.0344364 -0.129441 18.7392
-0.126234 -0.0422775 0.991099 78.9769 -0.0422775 0.998413 0.0372047 -0.158411 -0.991099 -0.0372047 -0.127821 18.4911
-0.125905 -0.0427073 0.991123 80.7721 -0.0427073 0.99838 0.0375948 -0.126862 -0.991123 -0.0375948 -0.127525 18.2629
-0.12711 -0.0400739 0.991079 82.7603 -0.0400739 0.998575 0.0352374 -0.0487606 -0.991079 -0.0352374 -0.128534 18.012
-0.129114 -0.0379946 0.990902 84.4659 -0.0379946 0.998721 0.0333437 6.84695e-005 -0.990902 -0.0333437 -0.130392 17.8036
-0.129829 -0.0352357 0.99091 86.4355 -0.0352357 0.998901 0.0309033 0.0596382 -0.99091 -0.0309033 -0.130928 17.5006
-0.131404 -0.0359081 0.990678 88.2328 -0.0359081 0.99886 0.0314418 0.122997 -0.990678 -0.0314418 -0.132544 17.3114
-0.130943 -0.0303681 0.990925 90.3797 -0.0303681 0.999185 0.0266083 0.187194 -0.990925 -0.0266083 -0.131759 16.9653
-0.134162 -0.0307911 0.990481 92.4087 -0.0307911 0.999164 0.0268903 0.234619 -0.990481 -0.0268903 -0.134998 16.74
-0.13773 -0.0261477 0.990125 94.3476 -0.0261477 0.999399 0.0227554 0.255529 -0.990125 -0.0227554 -0.138331 16.4906
-0.139774 -0.0311131 0.989695 96.3807 -0.0311131 0.999151 0.0270163 0.311386 -0.989695 -0.0270163 -0.140623 16.1741
-0.146702 -0.0281585 0.98878 98.4982 -0.0281585 0.999309 0.0242805 0.345462 -0.98878 -0.0242805 -0.147393 15.9435
-0.149317 -0.0303799 0.988323 100.636 -0.0303799 0.999197 0.0261244 0.395852 -0.988323 -0.0261244 -0.15012 15.5631
-0.154538 -0.0271657 0.987613 102.898 -0.0271657 0.999361 0.023238 0.433033 -0.987613 -0.023238 -0.155177 15.1959
-0.159167 -0.0309471 0.986767 104.878 -0.0309471 0.999174 0.0263444 0.437614 -0.986767 -0.0263444 -0.159993 14.9409
-0.164814 -0.0283758 0.985916 106.848 -0.0283758 0.999309 0.0240177 0.481704 -0.985916 -0.0240177 -0.165505 14.6173
-0.168163 -0.0281886 0.985356 108.635 -0.0281886 0.99932 0.0237773 0.505052 -0.985356 -0.0237773 -0.168844 14.272
-0.17196 -0.0256282 0.984771 110.753 -0.0256282 0.99944 0.0215347 0.559975 -0.984771 -0.0215347 -0.17252 13.896
-0.17885 -0.0204292 0.983664 112.848 -0.0204292 0.999646 0.0170467 0.588568 -0.983664 -0.0170467 -0.179204 13.5622
-0.183846 -0.0215882 0.982718 114.995 -0.0215882 0.999606 0.0179205 0.61462 -0.982718 -0.0179205 -0.184239 13.1576
-0.187657 -0.0146682 0.982125 117.221 -0.0146682 0.999819 0.0121298 0.615513 -0.982125 -0.0121298 -0.187838 12.6314
-0.194881 -0.0172039 0.980676 119.381 -0.0172039 0.999752 0.0141198 0.641063 -0.980676 -0.0141198 -0.195128 12.2734
-0.20001 -0.0149715 0.979679 121.444 -0.0149715 0.999813 0.0122226 0.633248 -0.979679 -0.0122226 -0.200197 11.8226
-0.206321 -0.0117585 0.978414 123.623 -0.0117585 0.999885 0.00953698 0.648979 -0.978414 -0.00953698 -0.206436 11.3915
-0.210145 -0.0150355 0.977555 125.568 -0.0150355 0.999813 0.0121457 0.656217 -0.977555 -0.0121457 -0.210331 10.9466
-0.21381 -0.0128289 0.976791 126.021 -0.0128289 0.999864 0.0103239 0.629171 -0.976791 -0.0103239 -0.213946 10.7693
-0.216454 -0.00430172 0.976283 129.084 -0.00430172 0.999985 0.00345241 0.628264 -0.976283 -0.00345241 -0.216469 10.0289
-0.220359 -0.0137446 0.975322 130.865 -0.0137446 0.999845 0.0109848 0.458728 -0.975322 -0.0109848 -0.220514 9.56439
-0.218827 -0.00948348 0.975718 132.927 -0.00948348 0.999926 0.00759188 0.495318 -0.975718 -0.00759188 -0.218901 8.96039
-0.231976 0.00235857 0.972719 134.926 0.00235857 0.999995 -0.00186223 0.373581 -0.972719 0.00186223 -0.231981 8.73516
-0.227633 0.0074557 0.973718 137.361 0.0074557 0.999955 -0.00591362 0.539047 -0.973718 0.00591362 -0.227679 7.97067
-0.236125 0.0145723 0.971613 139.475 0.0145723 0.999828 -0.011454 0.379551 -0.971613 0.011454 -0.236297 7.38677
-0.236125 0.0145723 0.971613 141.588 0.0145723 0.999828 -0.011454 0.220054 -0.971613 0.011454 -0.236297 6.80287
-0.241365 0.0142561 0.97033 144.34 0.0142561 0.999836 -0.0111435 0.322612 -0.97033 0.0111435 -0.241529 6.30879
-0.245047 0.0115772 0.969442 146.86 0.0115772 0.999892 -0.00901443 0.193888 -0.969442 0.00901443 -0.245155 5.54136
-0.251161 0.0128657 0.96786 149.296 0.0128657 0.999868 -0.00995254 0.218522 -0.96786 0.00995254 -0.251293 5.10258
-0.257362 0.00836874 0.966279 149.369 0.00836874 0.999944 -0.00643135 0.186095 -0.966279 0.00643135 -0.257418 5.05042
-0.262616 0.0155775 0.964775 153.184 0.0155775 0.999808 -0.0119029 0.147405 -0.964775 0.0119029 -0.262808 4.13705
-0.266489 0.0105158 0.963781 154.969 0.0105158 0.999913 -0.00800239 0.110639 -0.963781 0.00800239 -0.266576 3.61357
-0.270896 0.0131441 0.962519 157.438 0.0131441 0.999864 -0.00995476 0.0522133 -0.962519 0.00995476 -0.271032 2.93094
-0.275388 0.00877752 0.961293 159.662 0.00877752 0.99994 -0.00661585 0.0334687 -0.961293 0.00661585 -0.275448 2.40744
-0.280234 0.0061155 0.959912 161.323 0.0061155 0.999971 -0.00458537 0.0556325 -0.959912 0.00458537 -0.280263 2.02595
-0.281391 0.00568503 0.959576 163.941 0.00568503 0.999975 -0.00425726 -0.021166 -0.959576 0.00425726 -0.281416 1.14808
-0.286974 0.00416526 0.957929 165.403 0.00416526 0.999987 -0.00310032 -0.00275419 -0.957929 0.00310032 -0.286988 0.858274
-0.28868 0.0041118 0.957417 167.207 0.0041118 0.999987 -0.00305483 -0.0451842 -0.957417 0.00305483 -0.288693 0.210826
-0.292495 0.00239201 0.956264 169.426 0.00239201 0.999996 -0.00176975 -0.048094 -0.956264 0.00176975 -0.292499 -0.462028
-0.295445 0.00290295 0.955355 171.453 0.00290295 0.999993 -0.00214085 -0.0668722 -0.955355 0.00214085 -0.295452 -1.15624
-0.300239 0.000993579 0.953864 173.19 0.000993579 0.999999 -0.000728896 -0.0541764 -0.953864 0.000728896 -0.300239 -1.62139
-0.30241 -0.00675423 0.953154 175.429 -0.00675423 0.999965 0.00494301 -0.0958544 -0.953154 -0.00494301 -0.302445 -2.36069
-0.30514 0.000331844 0.952307 177.754 0.000331844 1 -0.000242133 -0.117178 -0.952307 0.000242133 -0.30514 -3.13698
-0.308913 0.00342528 0.951084 179.861 0.00342528 0.999991 -0.00248888 -0.0950566 -0.951084 0.00248888 -0.308922 -3.87497
-0.311149 -0.00316111 0.950356 182.463 -0.00316111 0.999992 0.00229126 -0.110577 -0.950356 -0.00229126 -0.311157 -4.67908
-0.314421 0.00431325 0.949274 184.794 0.00431325 0.999986 -0.00311502 -0.129833 -0.949274 0.00311502 -0.314435 -5.5059
-0.318049 0.00400991 0.948066 186.996 0.00400991 0.999988 -0.00288431 -0.11302 -0.948066 0.00288431 -0.318061 -6.19376
-0.322936 0.0100584 0.946367 189.602 0.0100584 0.999924 -0.00719529 -0.14349 -0.946367 0.00719529 -0.323013 -6.97925
-0.324766 0.00966415 0.945745 191.609 0.00966415 0.99993 -0.0068992 -0.158386 -0.945745 0.0068992 -0.324836 -7.80643
-0.329164 0.00872703 0.944232 193.692 0.00872703 0.999943 -0.00619964 -0.191455 -0.944232 0.00619964 -0.329222 -8.4303
-0.331868 0.0120775 0.943249 195.772 0.0120775 0.99989 -0.00855347 -0.225437 -0.943249 0.00855347 -0.331977 -9.22236
-0.336685 0.0129465 0.941528 198.413 0.0129465 0.999875 -0.00911922 -0.24965 -0.941528 0.00911922 -0.336811 -10.0852
-0.339486 0.0106145 0.940551 200.544 0.0106145 0.999916 -0.00745325 -0.286128 -0.940551 0.00745325 -0.33957 -10.916
-0.344987 0.0152838 0.938483 202.634 0.0152838 0.999826 -0.0106645 -0.33168 -0.938483 0.0106645 -0.345161 -11.5903
-0.346621 0.00731173 0.937977 205.369 0.00731173 0.99996 -0.00509292 -0.362289 -0.937977 0.00509292 -0.346661 -12.6444
-0.352116 0.0124836 0.935873 207.415 0.0124836 0.999885 -0.0086406 -0.449243 -0.935873 0.0086406 -0.352231 -13.2915
-0.354869 0.0052292 0.934901 209.757 0.0052292 0.99998 -0.00360831 -0.4532 -0.934901 0.00360831 -0.354889 -14.1583
-0.357624 0.00642998 0.933843 212.247 0.00642998 0.99997 -0.00442287 -0.507121 -0.933843 0.00442287 -0.357655 -15.1306
-0.359828 0.00259924 0.933015 214.157 0.00259924 0.999995 -0.00178341 -0.515012 -0.933015 0.00178341 -0.359833 -15.861
-0.362762 0.00399714 0.931873 216.247 0.00399714 0.999988 -0.00273329 -0.553156 -0.931873 0.00273329 -0.362774 -16.6943
-0.36523 0.00616152 0.930897 218.608 0.00616152 0.999972 -0.0042013 -0.555303 -0.930897 0.0042013 -0.365258 -17.6195
-0.367183 0.00261545 0.930145 220.916 0.00261545 0.999995 -0.00177939 -0.5909 -0.930145 0.00177939 -0.367188 -18.5193
-0.37035 0.00209181 0.92889 223.332 0.00209181 0.999997 -0.00141793 -0.622504 -0.92889 0.00141793 -0.370354 -19.4443
-0.370582 -0.0029105 0.928795 225.859 -0.0029105 0.999994 0.00197235 -0.636292 -0.928795 -0.00197235 -0.370588 -20.5451
-0.374508 0.00569356 0.927206 228.511 0.00569356 0.999976 -0.00384072 -0.678375 -0.927206 0.00384072 -0.374531 -21.5412
-0.377404 0.00380047 0.926041 230.641 0.00380047 0.99999 -0.00255509 -0.698105 -0.926041 0.00255509 -0.377415 -22.3999
-0.379547 0.0066749 0.925148 230.593 0.0066749 0.999968 -0.0044763 -0.696515 -0.925148 0.0044763 -0.379579 -22.4798
-0.382228 0.00590598 0.924049 234.328 0.00590598 0.999975 -0.00394828 -0.72748 -0.924049 0.00394828 -0.382253 -24.0263
-0.383853 0.00268268 0.92339 233.496 0.00268268 0.999995 -0.00179005 -0.736528 -0.92339 0.00179005 -0.383858 -23.6761
-0.385664 0.000837544 0.922639 237.424 0.000837544 0.999999 -0.000557675 -0.782919 -0.922639 0.000557675 -0.385665 -25.3699
-0.387635 0.00192832 0.921811 238.949 0.00192832 0.999997 -0.00128099 -0.789408 -0.921811 0.00128099 -0.387638 -26.1538
-0.392326 0.00735729 0.919797 242.505 0.00735729 0.999961 -0.00486036 -0.814695 -0.919797 0.00486036 -0.392365 -27.5826
-0.39605 0.00596595 0.918209 244.525 0.00596595 0.999975 -0.00392392 -0.857229 -0.918209 0.00392392 -0.396076 -28.4178
-0.399154 -0.000755735 0.916884 246.685 -0.000755735 1 0.000495243 -0.897311 -0.916884 -0.000495243 -0.399155 -29.2251
-0.404433 0.00397629 0.914559 246.777 0.00397629 0.999989 -0.00258934 -0.891315 -0.914559 0.00258934 -0.404444 -29.3121
-0.409031 0.00329193 0.912514 250.261 0.00329193 0.999992 -0.00213191 -0.940161 -0.912514 0.00213191 -0.409039 -30.6772
-0.413033 0.002134 0.910713 249.739 0.002134 0.999997 -0.00137538 -0.934321 -0.910713 0.00137538 -0.413037 -30.5522
-0.41606 0.000842313 0.909337 253.563 0.000842313 0.999999 -0.0005409 -0.996979 -0.909337 0.0005409 -0.416061 -32.2681
-0.419235 0.000880085 0.907877 252.851 0.000880085 0.999999 -0.000562985 -0.976841 -0.907877 0.000562985 -0.419236 -31.9661
-0.422748 0.00266982 0.906243 254.437 0.00266982 0.999995 -0.00170059 -1.00512 -0.906243 0.00170059 -0.422753 -32.68
-0.425956 0.00376838 0.904736 257.552 0.00376838 0.99999 -0.00239095 -1.01831 -0.904736 0.00239095 -0.425966 -34.2298
-0.431352 0.00228967 0.902181 259.376 0.00228967 0.999996 -0.00144318 -1.05179 -0.902181 0.00144318 -0.431356 -34.8975
-0.433213 0.00359197 0.901284 261.584 0.00359197 0.999991 -0.00225883 -1.03639 -0.901284 0.00225883 -0.433222 -36.205
-0.437653 -0.000999135 0.899143 263.011 -0.000999135 0.999999 0.000624883 -1.08536 -0.899143 -0.000624883 -0.437654 -36.771
-0.439105 -0.00793701 0.898401 265.242 -0.00793701 0.999956 0.0049549 -1.07783 -0.898401 -0.0049549 -0.439148 -37.8883
-0.442437 -0.00775992 0.896766 267.422 -0.00775992 0.999958 0.00482436 -1.09926 -0.896766 -0.00482436 -0.442479 -39.018
-0.444515 -0.0135121 0.89567 267.434 -0.0135121 0.999874 0.00837818 -1.08509 -0.89567 -0.00837818 -0.444641 -38.9513
-0.448603 -0.013869 0.893624 268.595 -0.013869 0.999867 0.00855559 -1.09246 -0.893624 -0.00855559 -0.448735 -39.5539
-0.451003 -0.0154516 0.892389 269.144 -0.0154516 0.999835 0.00950299 -1.0794 -0.892389 -0.00950299 -0.451167 -39.8303
-0.453182 -0.0116784 0.891342 270.087 -0.0116784 0.999906 0.00716321 -1.05328 -0.891342 -0.00716321 -0.453276 -40.4181
-0.45588 -0.0133075 0.889942 273.307 -0.0133075 0.999878 0.00813452 -1.02912 -0.889942 -0.00813452 -0.456002 -42.1721
-0.460596 -0.0145365 0.887491 275.554 -0.0145365 0.999855 0.00883271 -1.0822 -0.887491 -0.00883271 -0.460741 -43.0813
-0.462117 -0.0111249 0.886749 275.631 -0.0111249 0.999915 0.00674709 -1.03207 -0.886749 -0.00674709 -0.462201 -43.2741
-0.463597 -0.0165312 0.885892 276.796 -0.0165312 0.999813 0.010006 -1.05337 -0.885892 -0.010006 -0.463784 -43.8109
-0.465795 -0.0134531 0.884791 280.083 -0.0134531 0.999877 0.00812062 -1.02779 -0.884791 -0.00812062 -0.465918 -45.6474
-0.467913 -0.0155817 0.883637 282.353 -0.0155817 0.999835 0.00937968 -0.988611 -0.883637 -0.00937968 -0.468079 -46.824
-0.469858 -0.0195942 0.882525 282.439 -0.0195942 0.999739 0.0117647 -0.98791 -0.882525 -0.0117647 -0.470119 -46.9002
-0.474379 -0.016149 0.880172 283.411 -0.016149 0.999823 0.00964058 -0.983411 -0.880172 -0.00964058 -0.474556 -47.3507
-0.4803 -0.012519 0.877015 286.664 -0.012519 0.999894 0.00741697 -0.891217 -0.877015 -0.00741697 -0.480406 -48.9708
-0.480089 -0.0158578 0.877076 287.806 -0.0158578 0.99983 0.00939708 -0.99587 -0.877076 -0.00939708 -0.480259 -49.6794
-0.482431 -0.0126292 0.875843 288.457 -0.0126292 0.999892 0.00746152 -0.958815 -0.875843 -0.00746152 -0.482538 -50.0602
-0.483358 -0.0185703 0.875226 292.668 -0.0185703 0.999768 0.0109571 -1.00099 -0.875226 -0.0109571 -0.48359 -52.4062
-0.488105 -0.00937213 0.872735 291.56 -0.00937213 0.999941 0.00549651 -0.990811 -0.872735 -0.00549651 -0.488164 -51.7691
-0.490753 -0.0155698 0.871159 293.969 -0.0155698 0.999837 0.00909861 -0.981228 -0.871159 -0.00909861 -0.490916 -53.1359
-0.496514 -0.00874121 0.867985 295.419 -0.00874121 0.999949 0.00506994 -0.993154 -0.867985 -0.00506994 -0.496565 -53.9029
-0.501261 -0.00182839 0.865294 296.301 -0.00182839 0.999998 0.00105384 -0.968714 -0.865294 -0.00105384 -0.501263 -54.466
-0.504514 -0.0062439 0.863381 297.704 -0.0062439 0.999974 0.00358312 -0.97679 -0.863381 -0.00358312 -0.50454 -55.2662
-0.507454 -0.0185277 0.86148 299.057 -0.0185277 0.999772 0.0105882 -1.00439 -0.86148 -0.0105882 -0.507681 -56.0889
-0.512371 -0.0128515 0.858668 299.702 -0.0128515 0.999891 0.00729663 -0.987831 -0.858668 -0.00729663 -0.51248 -56.458
-0.514664 -0.0132244 0.85729 300.742 -0.0132244 0.999885 0.00748491 -0.983312 -0.85729 -0.00748491 -0.51478 -57.1406
-0.520264 -0.0128039 0.85391 301.642 -0.0128039 0.999892 0.00719177 -0.995487 -0.85391 -0.00719177 -0.520371 -57.6114
-0.521935 -0.00954728 0.852932 302.734 -0.00954728 0.99994 0.00535054 -0.979253 -0.852932 -0.00535054 -0.521995 -58.3795
-0.526331 -0.00472346 0.850267 303.827 -0.00472346 0.999985 0.00263128 -0.962858 -0.850267 -0.00263128 -0.526345 -59.0477
-0.530356 -0.00564678 0.847756 304.221 -0.00564678 0.999979 0.00312809 -0.969675 -0.847756 -0.00312809 -0.530377 -59.3008
-0.534862 -0.00728838 0.844908 305.22 -0.00728838 0.999965 0.00401209 -0.979972 -0.844908 -0.00401209 -0.534897 -59.902
-0.538917 -0.00138491 0.842358 305.816 -0.00138491 0.999999 0.000758057 -0.974348 -0.842358 -0.000758057 -0.538918 -60.3125
-0.542191 -0.00150733 0.840254 307.094 -0.00150733 0.999999 0.000821261 -0.988863 -0.840254 -0.000821261 -0.542193 -61.1272
-0.546296 0.00389973 0.837583 308.144 0.00389973 0.99999 -0.00211237 -1.01226 -0.837583 0.00211237 -0.546306 -61.8009
-0.55174 0.00368824 0.834008 309.238 0.00368824 0.999991 -0.0019823 -1.07035 -0.834008 0.0019823 -0.551749 -62.4049
-0.551634 0.0121164 0.833998 310.577 0.0121164 0.999905 -0.00651252 -1.04863 -0.833998 0.00651252 -0.551729 -63.4038
-0.560302 -0.00705181 0.828259 311.81 -0.00705181 0.999968 0.00374333 -1.17457 -0.828259 -0.00374333 -0.560333 -63.9524
-0.561336 0.0120552 0.8275 313.123 0.0120552 0.999907 -0.00638919 -1.15075 -0.8275 0.00638919 -0.561429 -64.968
-0.564874 0.0196461 0.824944 314.515 0.0196461 0.999753 -0.0103567 -1.17991 -0.824944 0.0103567 -0.56512 -65.8788
-0.570034 0.010393 0.821555 314.66 0.010393 0.999931 -0.00543839 -1.17986 -0.821555 0.00543839 -0.570103 -65.9904
-0.576807 -0.00576872 0.81686 315.549 -0.00576872 0.999979 0.00298846 -1.19041 -0.81686 -0.00298846 -0.576829 -66.592
-0.577719 -0.00827416 0.816194 316.155 -0.00827416 0.999957 0.00428043 -1.18163 -0.816194 -0.00428043 -0.577763 -67.0815
-0.566136 -0.00269163 0.824307 318.133 -0.00269163 0.999995 0.00141669 -0.99774 -0.824307 -0.00141669 -0.566141 -68.8955
-0.586463 -0.0174228 0.809789 318.424 -0.0174228 0.999809 0.00889325 -1.23131 -0.809789 -0.00889325 -0.586654 -68.6811
-0.592567 -0.00489139 0.805506 319.812 -0.00489139 0.999985 0.00247402 -1.25199 -0.805506 -0.00247402 -0.592582 -69.6411
-0.5974 -0.0212473 0.801662 321.328 -0.0212473 0.999717 0.010663 -1.26555 -0.801662 -0.010663 -0.597683 -70.6788
-0.599067 -0.0295004 0.800156 323.104 -0.0295004 0.999456 0.0147617 -1.27691 -0.800156 -0.0147617 -0.599611 -71.999
-0.604925 0.000996162 0.796282 323.309 0.000996162 0.999999 -0.000494245 -1.21053 -0.796282 0.000494245 -0.604926 -72.0242
-0.599202 -0.0265943 0.800156 326.947 -0.0265943 0.999558 0.0133064 -1.24675 -0.800156 -0.0133064 -0.599644 -75.4663
-0.607506 0.0166219 0.794141 327.684 0.0166219 0.999828 -0.00821156 -1.26406 -0.794141 0.00821156 -0.607678 -75.6055
-0.610009 -0.0294515 0.791847 328.023 -0.0294515 0.999461 0.0144851 -1.27924 -0.791847 -0.0144851 -0.610547 -76.0437
-0.610009 -0.0294515 0.791847 328.361 -0.0294515 0.999461 0.0144851 -1.29442 -0.791847 -0.0144851 -0.610547 -76.482
-0.562856 0.250415 0.787709 331.123 0.250415 0.959876 -0.126214 -1.38469 -0.787709 0.126214 -0.60298 -80.775
-0.600059 0.147256 0.786285 330.732 0.147256 0.986448 -0.0723633 -1.40263 -0.786285 0.0723633 -0.613611 -79.8434
-0.600059 0.147256 0.786285 330.34 0.147256 0.986448 -0.0723633 -1.42058 -0.786285 0.0723633 -0.613611 -78.9118
-0.542989 0.312595 0.779389 331.495 0.312595 0.936671 -0.157897 -1.42696 -0.779389 0.157897 -0.606318 -81.0663
-0.545016 0.324183 0.773216 334.196 0.324183 0.931978 -0.16224 -2.04875 -0.773216 0.16224 -0.613038 -82.8577
-0.53799 0.348875 0.767368 336.195 0.348875 0.920862 -0.174068 -2.52931 -0.767368 0.174068 -0.617128 -84.2467
-0.540505 0.349554 0.765289 338.759 0.349554 0.920683 -0.173651 -3.17332 -0.765289 0.173651 -0.619822 -86.2377
-0.528855 0.372463 0.762617 340.841 0.372463 0.90926 -0.18579 -3.69115 -0.762617 0.18579 -0.619595 -87.9278
-0.524475 0.391674 0.755988 340.91 0.391674 0.89937 -0.194231 -3.74227 -0.755988 0.194231 -0.625105 -87.9005
-0.508762 0.422463 0.750124 341.815 0.422463 0.881708 -0.210039 -3.97287 -0.750124 0.210039 -0.627054 -88.7246
-0.488813 0.452026 0.746146 343.441 0.452026 0.862758 -0.226541 -4.45773 -0.746146 0.226541 -0.626055 -89.9502
-0.443823 0.511464 0.735817 343.216 0.511464 0.818818 -0.260658 -4.37178 -0.735817 0.260658 -0.625005 -89.9589
-0.443823 0.511464 0.735817 342.99 0.511464 0.818818 -0.260658 -4.28582 -0.735817 0.260658 -0.625005 -89.9676
-0.367983 0.592111 0.716933 344.741 0.592111 0.743713 -0.310314 -4.77712 -0.716933 0.310314 -0.624269 -91.1794
-0.359393 0.606965 0.708823 345.816 0.606965 0.728992 -0.316488 -5.28162 -0.708823 0.316488 -0.630401 -92.0638
-0.334343 0.62927 0.701594 346.236 0.62927 0.703239 -0.330869 -5.48714 -0.701594 0.330869 -0.631103 -92.4243
-0.307237 0.654988 0.690359 347.103 0.654988 0.671819 -0.345903 -5.94716 -0.690359 0.345903 -0.635417 -93.1371
-0.27624 0.677344 0.681833 347.874 0.677344 0.64051 -0.361872 -6.33794 -0.681833 0.361872 -0.63573 -93.8926
-0.25711 0.697004 0.669388 348.84 0.697004 0.613547 -0.371142 -6.78997 -0.669388 0.371142 -0.643563 -94.7054
-0.232567 0.711482 0.663103 348.625 0.711482 0.589307 -0.382767 -6.77412 -0.663103 0.382767 -0.64326 -94.5785
-0.217469 0.719043 0.660064 349.419 0.719043 0.57533 -0.389837 -7.16679 -0.660064 0.389837 -0.642139 -95.2405
-0.156473 0.733219 0.661745 349.521 0.733219 0.53513 -0.419555 -6.90543 -0.661745 0.419555 -0.621343 -95.7202
-0.156473 0.733219 0.661745 349.623 0.733219 0.53513 -0.419555 -6.64407 -0.661745 0.419555 -0.621343 -96.1998
-0.201588 0.735972 0.646303 349.487 0.735972 0.549218 -0.39586 -7.20654 -0.646303 0.39586 -0.65237 -95.2999
-0.197491 0.73212 0.651919 350.905 0.73212 0.552398 -0.398569 -7.90934 -0.651919 0.398569 -0.645093 -96.9513
-0.116299 0.784152 0.609574 350.944 0.784152 0.449166 -0.428199 -8.25619 -0.609574 0.428199 -0.667132 -96.5182
0.0193464 0.802101 0.596875 350.946 0.802101 0.343941 -0.488199 -7.93163 -0.596875 0.488199 -0.636712 -96.9976
-0.0360917 0.79592 0.604325 351.063 0.79592 0.388578 -0.464239 -8.18997 -0.604325 0.464239 -0.647514 -96.8867
0.0101092 0.801759 0.597561 351.211 0.801759 0.350617 -0.483993 -8.23031 -0.597561 0.483993 -0.639274 -97.1679
0.0291607 0.811991 0.582941 351.783 0.811991 0.320866 -0.48756 -8.75562 -0.582941 0.48756 -0.649973 -97.7297
-0.000665056 0.801916 0.597437 352.399 0.801916 0.357358 -0.478776 -9.18754 -0.597437 0.478776 -0.643307 -98.4953
-0.0388223 0.790873 0.610748 353.259 0.790873 0.397895 -0.464973 -9.80192 -0.610748 0.464973 -0.640927 -99.5009
0.0102241 0.801094 0.598451 352.437 0.801094 0.351619 -0.484368 -9.22078 -0.598451 0.484368 -0.638157 -98.5378
-0.0880306 0.772857 0.628445 354.796 0.772857 0.45102 -0.446401 -10.4453 -0.628445 0.446401 -0.637011 -101.401
-0.111325 0.760801 0.639366 355.743 0.760801 0.479164 -0.437703 -11.0139 -0.639366 0.437703 -0.632161 -102.507
-0.0642515 0.776073 0.627361 356.919 0.776073 0.434072 -0.457484 -11.883 -0.627361 0.457484 -0.63018 -103.662
0.0525708 0.803368 0.593157 358.693 0.803368 0.318787 -0.502965 -13.4111 -0.593157 0.502965 -0.628642 -105.275
0.0525708 0.803368 0.593157 360.468 0.803368 0.318787 -0.502965 -14.9393 -0.593157 0.502965 -0.628642 -106.888
0.0525708 0.803368 0.593157 362.242 0.803368 0.318787 -0.502965 -16.4674 -0.593157 0.502965 -0.628642 -108.501
0.0525708 0.803368 0.593157 364.017 0.803368 0.318787 -0.502965 -17.9956 -0.593157 0.502965 -0.628642 -110.114
0.0525708 0.803368 0.593157 365.791 0.803368 0.318787 -0.502965 -19.5237 -0.593157 0.502965 -0.628642 -111.727
0.0525708 0.803368 0.593157 367.565 0.803368 0.318787 -0.502965 -21.0519 -0.593157 0.502965 -0.628642 -113.339
0.0877622 0.807676 0.583059 369.345 0.807676 0.284901 -0.516228 -22.6714 -0.583059 0.516228 -0.627336 -115.313
0.0798123 0.807979 0.58378 369.375 0.807979 0.290546 -0.512594 -22.7492 -0.58378 0.512594 -0.629641 -115.28
0.194515 0.811906 0.550429 370.317 0.811906 0.181622 -0.554817 -23.4626 -0.550429 0.554817 -0.623863 -116.391
0.189588 0.808903 0.556537 370.677 0.808903 0.192604 -0.5555 -23.758 -0.556537 0.5555 -0.617808 -116.819
0.189588 0.808903 0.556537 371.037 0.808903 0.192604 -0.5555 -24.0535 -0.556537 0.5555 -0.617808 -117.248
-0.268553 0.783909 0.55979 370.322 0.783909 0.515579 -0.345925 -27.0579 -0.55979 0.345925 -0.752974 -116.035
-0.268553 0.783909 0.55979 369.607 0.783909 0.515579 -0.345925 -30.0624 -0.55979 0.345925 -0.752974 -114.822
0.00656509 0.832729 0.553642 370.349 0.832729 0.30198 -0.46408 -28.9874 -0.553642 0.46408 -0.691455 -115.859
0.00656509 0.832729 0.553642 371.091 0.832729 0.30198 -0.46408 -27.9124 -0.553642 0.46408 -0.691455 -116.897
-0.371213 0.721444 0.584568 371.506 0.721444 0.620422 -0.307562 -31.1884 -0.584568 0.307562 -0.75079 -117.36
-0.408115 0.664213 0.626309 373.225 0.664213 0.686688 -0.295432 -30.7115 -0.626309 0.295432 -0.721427 -119.566
-0.382295 0.717717 0.582008 372.902 0.717717 0.627346 -0.302191 -32.1775 -0.582008 0.302191 -0.754949 -118.62
-0.344287 0.736286 0.582537 373.547 0.736286 0.596725 -0.319064 -32.1596 -0.582537 0.319064 -0.747561 -119.477
-0.344287 0.736286 0.582537 374.191 0.736286 0.596725 -0.319064 -32.1417 -0.582537 0.319064 -0.747561 -120.334
-0.359994 0.730715 0.580052 374.519 0.730715 0.607392 -0.311658 -32.7314 -0.580052 0.311658 -0.752601 -120.689
-0.267991 0.797328 0.540786 376.223 0.797328 0.49863 -0.340053 -33.9165 -0.540786 0.340053 -0.76936 -122.226
-0.241605 0.810314 0.533871 378.06 0.810314 0.471161 -0.348423 -35.7215 -0.533871 0.348423 -0.770444 -123.521
-0.472955 0.695383 0.541069 377.763 0.695383 0.671709 -0.255439 -34.2851 -0.541069 0.255439 -0.801246 -124.398
-0.472955 0.695383 0.541069 377.467 0.695383 0.671709 -0.255439 -32.8488 -0.541069 0.255439 -0.801246 -125.274
-0.190536 0.841159 0.50611 378.72 0.841159 0.405689 -0.357586 -37.1822 -0.50611 0.357586 -0.784847 -124.438
-0.316964 0.805283 0.501052 378.836 0.805283 0.507594 -0.306378 -36.5988 -0.501052 0.306378 -0.80937 -124.95
-0.316964 0.805283 0.501052 378.952 0.805283 0.507594 -0.306378 -36.0154 -0.501052 0.306378 -0.80937 -125.462
-0.626554 0.538806 0.563132 380.605 0.538806 0.821517 -0.186541 -36.0425 -0.563132 0.186541 -0.805037 -129.418
-0.457261 0.715523 0.528146 380.675 0.715523 0.648674 -0.259323 -36.4746 -0.528146 0.259323 -0.808587 -128.934
-0.457261 0.715523 0.528146 380.745 0.715523 0.648674 -0.259323 -36.9067 -0.528146 0.259323 -0.808587 -128.451
-0.624194 0.558545 0.546269 380.685 0.558545 0.807921 -0.187857 -36.0877 -0.546269 0.187857 -0.816272 -129.456
-0.56416 0.621334 0.543753 380.72 0.621334 0.753187 -0.215996 -36.3008 -0.543753 0.215996 -0.810974 -129.239
-0.56416 0.621334 0.543753 380.755 0.621334 0.753187 -0.215996 -36.514 -0.543753 0.215996 -0.810974 -129.022
-0.763502 0.278334 0.582748 386.997 0.278334 0.95607 -0.0919753 -38.4184 -0.582748 0.0919753 -0.807431 -136.717
-0.770376 0.255909 0.583978 388.596 0.255909 0.963008 -0.0844144 -38.6944 -0.583978 0.0844144 -0.807368 -138.975
-0.769031 0.260417 0.583759 388.615 0.260417 0.961664 -0.0859344 -38.6976 -0.583759 0.0859344 -0.807367 -139.002
-0.795084 0.154937 0.586375 389.829 0.154937 0.986627 -0.0506112 -38.8438 -0.586375 0.0506112 -0.808457 -140.817
-0.771928 0.232228 0.591775 389.694 0.232228 0.969564 -0.0775576 -38.8271 -0.591775 0.0775576 -0.802364 -140.672
-0.814308 0.0482999 0.57842 390.2 0.0482999 0.998714 -0.0153985 -38.9556 -0.57842 0.0153985 -0.815594 -140.675
-0.814308 0.0482999 0.57842 390.706 0.0482999 0.998714 -0.0153985 -39.0841 -0.57842 0.0153985 -0.815594 -140.679
-0.778437 0.249192 0.576142 391.702 0.249192 0.965084 -0.0807282 -39.3479 -0.576142 0.0807282 -0.813353 -141.601
-0.7958 0.199467 0.571766 392.439 0.199467 0.977844 -0.0635083 -39.389 -0.571766 0.0635083 -0.817955 -141.606
-0.7958 0.199467 0.571766 393.176 0.199467 0.977844 -0.0635083 -39.4301 -0.571766 0.0635083 -0.817955 -141.611
-0.724871 -0.3577 0.588739 398.903 -0.3577 0.925821 0.122091 -40.0703 -0.588739 -0.122091 -0.799049 -148.357
-0.71497 -0.370999 0.592602 398.923 -0.370999 0.919742 0.128198 -40.0638 -0.592602 -0.128198 -0.795228 -148.383
-0.752369 -0.25597 0.606976 399.468 -0.25597 0.96261 0.0886613 -40.0576 -0.606976 -0.0886613 -0.789759 -149.572
-0.714606 -0.375091 0.590462 398.969 -0.375091 0.917944 0.129171 -40.0483 -0.590462 -0.129171 -0.796662 -148.428
-0.677792 -0.44404 0.586026 399.55 -0.44404 0.882482 0.155096 -39.9902 -0.586026 -0.155096 -0.79531 -149.307
-0.677792 -0.44404 0.586026 400.131 -0.44404 0.882482 0.155096 -39.9321 -0.586026 -0.155096 -0.79531 -150.185
-0.504679 -0.683682 0.527141 399.687 -0.683682 0.689355 0.239517 -39.8906 -0.527141 -0.239517 -0.815324 -149.104
-0.267366 -0.751499 0.603129 399.293 -0.751499 0.55439 0.357632 -40.285 -0.603129 -0.357632 -0.712976 -153.261
-0.414166 -0.705112 0.575573 399.405 -0.705112 0.648427 0.286984 -40.1855 -0.575573 -0.286984 -0.765739 -152.257
-0.414166 -0.705112 0.575573 399.517 -0.705112 0.648427 0.286984 -40.086 -0.575573 -0.286984 -0.765739 -151.254
-0.080729 -0.816847 0.571178 399.345 -0.816847 0.382603 0.431713 -40.2378 -0.571178 -0.431713 -0.698126 -153.331
-0.25805 -0.775991 0.575542 399.867 -0.775991 0.521353 0.355006 -39.8468 -0.575542 -0.355006 -0.736697 -153.333
-0.25805 -0.775991 0.575542 400.389 -0.775991 0.521353 0.355006 -39.4557 -0.575542 -0.355006 -0.736697 -153.334
-0.0985499 -0.813916 0.572564 400.103 -0.813916 0.39697 0.424212 -39.5634 -0.572564 -0.424212 -0.70158 -154.127
-0.241144 -0.788946 0.565167 401.413 -0.788946 0.498498 0.359255 -38.6431 -0.565167 -0.359255 -0.742645 -154.396
-0.126642 -0.804737 0.579966 403.945 -0.804737 0.425193 0.414257 -36.7137 -0.579966 -0.414257 -0.701449 -158.675
-0.264698 -0.775564 0.573092 401.451 -0.775564 0.524393 0.351443 -38.6192 -0.573092 -0.351443 -0.740306 -154.444
-0.353066 -0.712241 0.606678 402.609 -0.712241 0.625084 0.319349 -38.096 -0.606678 -0.319349 -0.727982 -156.703
-0.353066 -0.712241 0.606678 403.766 -0.712241 0.625084 0.319349 -37.5727 -0.606678 -0.319349 -0.727982 -158.961
-0.29289 -0.766082 0.572131 402.61 -0.766082 0.54607 0.339007 -36.93 -0.572131 -0.339007 -0.74682 -155.76
-0.286659 -0.760512 0.582622 403.433 -0.760512 0.55048 0.344373 -36.8724 -0.582622 -0.344373 -0.736179 -157.362
-0.286659 -0.760512 0.582622 404.257 -0.760512 0.55048 0.344373 -36.8148 -0.582622 -0.344373 -0.736179 -158.964
-0.279771 -0.7625 0.583371 403.944 -0.7625 0.545695 0.347578 -36.7814 -0.583371 -0.347578 -0.734076 -158.202
-0.245465 -0.785124 0.568618 405.26 -0.785124 0.505068 0.358449 -36.1658 -0.568618 -0.358449 -0.740397 -160.097
-0.264744 -0.774937 0.573919 405.442 -0.774937 0.525179 0.351653 -35.9941 -0.573919 -0.351653 -0.739566 -160.22
-0.264744 -0.774937 0.573919 405.624 -0.774937 0.525179 0.351653 -35.8224 -0.573919 -0.351653 -0.739566 -160.344
-0.27815 -0.766367 0.579063 406.928 -0.766367 0.540493 0.347201 -35.2136 -0.579063 -0.347201 -0.737657 -162.332
-0.27657 -0.768408 0.577112 407.775 -0.768408 0.537471 0.347382 -34.7182 -0.577112 -0.347382 -0.739099 -163.413
-0.27657 -0.768408 0.577112 408.621 -0.768408 0.537471 0.347382 -34.2228 -0.577112 -0.347382 -0.739099 -164.494
-0.485736 -0.621544 0.614608 411.157 -0.621544 0.739983 0.257116 -32.8868 -0.614608 -0.257116 -0.745753 -168.45
-0.316101 -0.746929 0.584959 409.597 -0.746929 0.576094 0.331983 -33.6494 -0.584959 -0.331983 -0.740007 -165.737
-0.497262 -0.60799 0.618934 412.454 -0.60799 0.753115 0.251329 -32.3943 -0.618934 -0.251329 -0.744147 -170.268
-0.412927 -0.682426 0.603147 411.872 -0.682426 0.670396 0.291312 -32.5932 -0.603147 -0.291312 -0.74253 -168.98
-0.315091 -0.749821 0.581795 413.001 -0.749821 0.572477 0.33172 -32.3049 -0.581795 -0.33172 -0.742615 -170.804
-0.351277 -0.728075 0.588652 413.077 -0.728075 0.60771 0.317169 -32.1328 -0.588652 -0.317169 -0.743567 -170.68
-0.243538 -0.792411 0.559262 413.892 -0.792411 0.495057 0.356374 -31.8008 -0.559262 -0.356374 -0.748481 -171.867
-0.246026 -0.791792 0.559049 413.912 -0.791792 0.496852 0.35525 -31.7913 -0.559049 -0.35525 -0.749174 -171.892
-0.283251 -0.772529 0.568302 414.262 -0.772529 0.53493 0.342123 -31.5615 -0.568302 -0.342123 -0.748321 -172.35
-0.181074 -0.817923 0.54609 414.577 -0.817923 0.433568 0.378181 -31.3936 -0.54609 -0.378181 -0.747506 -172.872
-0.278967 -0.773674 0.568864 414.799 -0.773674 0.531989 0.344117 -31.2552 -0.568864 -0.344117 -0.746979 -173.068
-0.25196 -0.787266 0.562787 415.171 -0.787266 0.504946 0.353895 -30.9869 -0.562787 -0.353895 -0.747014 -173.622
-0.282568 -0.771139 0.570526 415.223 -0.771139 0.536356 0.343027 -30.9764 -0.570526 -0.343027 -0.746212 -173.647
-0.299032 -0.763019 0.573047 415.961 -0.763019 0.551822 0.336593 -30.4935 -0.573047 -0.336593 -0.747209 -174.584
-0.319207 -0.750975 0.578052 416.389 -0.750975 0.572498 0.329063 -30.2886 -0.578052 -0.329063 -0.746708 -175.135
-0.304747 -0.759813 0.574294 416.607 -0.759813 0.557527 0.334437 -30.148 -0.574294 -0.334437 -0.74722 -175.381
-0.331007 -0.743376 0.581228 417.272 -0.743376 0.58482 0.32462 -29.7629 -0.581228 -0.32462 -0.746187 -176.193
-0.309077 -0.757446 0.575106 417.546 -0.757446 0.561734 0.332762 -29.6467 -0.575106 -0.332762 -0.747343 -176.546
-0.294708 -0.765549 0.571911 418.502 -0.765549 0.547338 0.338166 -29.0885 -0.571911 -0.338166 -0.74737 -177.75
-0.28951 -0.775623 0.560887 418.877 -0.775623 0.533473 0.337366 -28.7619 -0.560887 -0.337366 -0.756036 -177.74
-0.294806 -0.766759 0.570237 418.542 -0.766759 0.54594 0.337683 -29.0645 -0.570237 -0.337683 -0.748866 -177.796
-0.273066 -0.781453 0.56104 418.739 -0.781453 0.520316 0.344386 -28.894 -0.56104 -0.344386 -0.75275 -177.803
