1 -8.22789e-007 -0.00085052 -0.042937 -8.22789e-007 0.999998 -0.00193479 -0.013744 0.00085052 0.00193479 0.999998 0.859261
0.99999 -8.02502e-006 -0.00448179 -0.0740217 -8.02502e-006 0.999994 -0.00358114 -0.0154404 0.00448179 0.00358114 0.999984 1.71675
0.999968 -1.44594e-005 -0.00797551 -0.0924571 -1.44594e-005 0.999993 -0.00362588 -0.0558569 0.00797551 0.00362588 0.999962 2.5778
0.999963 -1.70953e-005 -0.00862239 -0.19456 -1.70953e-005 0.999992 -0.00396524 -0.0663582 0.00862239 0.00396524 0.999955 3.43108
0.99986 -3.48606e-005 -0.0167087 -0.128668 -3.48606e-005 0.999991 -0.00417243 -0.0787492 0.0167087 0.00417243 0.999852 4.29713
0.999821 -5.18284e-005 -0.0188951 -0.18268 -5.18284e-005 0.999985 -0.00548539 -0.0860337 0.0188951 0.00548539 0.999806 5.1548
0.999705 -7.19212e-005 -0.0242915 -0.202082 -7.19212e-005 0.999982 -0.00592058 -0.0983583 0.0242915 0.00592058 0.999687 6.01523
0.999584 -6.00674e-005 -0.0288533 -0.223099 -6.00674e-005 0.999991 -0.00416276 -0.108655 0.0288533 0.00416276 0.999575 6.87412
0.999427 -3.8855e-005 -0.0338602 -0.233755 -3.8855e-005 0.999997 -0.00229437 -0.105653 0.0338602 0.00229437 0.999424 7.73438
0.999328 8.15498e-006 -0.0366473 -0.282321 8.15498e-006 1 0.000444902 -0.115986 0.0366473 -0.000444902 0.999328 8.59365
0.999236 -5.33836e-006 -0.0390949 -0.320888 -5.33836e-006 1 -0.000272993 -0.119554 0.0390949 0.000272993 0.999235 9.45186
0.999191 -6.87017e-006 -0.0402159 -0.379689 -6.87017e-006 1 -0.000341526 -0.128337 0.0402159 0.000341526 0.999191 10.3101
0.999029 -2.34831e-005 -0.0440613 -0.382278 -2.34831e-005 0.999999 -0.00106541 -0.134946 0.0440613 0.00106541 0.999028 11.1715
0.998955 4.84392e-006 -0.0456988 -0.423087 4.84392e-006 1 0.000211883 -0.149425 0.0456988 -0.000211883 0.998955 12.0296
0.998817 -1.51839e-006 -0.048624 -0.462688 -1.51839e-006 1 -6.24175e-005 -0.152264 0.048624 6.24175e-005 0.998817 12.884
0.998812 -4.22271e-005 -0.0487356 -0.495724 -4.22271e-005 0.999998 -0.00173188 -0.171185 0.0487356 0.00173188 0.99881 13.7475
0.998806 -0.000109191 -0.0488549 -0.579334 -0.000109191 0.99999 -0.00446732 -0.174528 0.0488549 0.00446732 0.998796 14.6144
0.99874 -0.000147647 -0.0501893 -0.617578 -0.000147647 0.999983 -0.00587986 -0.184188 0.0501893 0.00587986 0.998722 15.4953
0.998639 -0.000139925 -0.0521497 -0.657482 -0.000139925 0.999986 -0.0053626 -0.193702 0.0521497 0.0053626 0.998625 16.3861
0.99855 -0.000110215 -0.0538406 -0.673703 -0.000110215 0.999992 -0.00409112 -0.214128 0.0538406 0.00409112 0.998541 17.2876
0.998453 -6.14472e-005 -0.0555955 -0.718609 -6.14472e-005 0.999998 -0.0022088 -0.229416 0.0555955 0.0022088 0.998451 18.1924
0.998441 -6.53646e-005 -0.055825 -0.774947 -6.53646e-005 0.999997 -0.00233994 -0.245112 0.055825 0.00233994 0.998438 19.1034
0.99831 -8.04629e-005 -0.0581092 -0.815866 -8.04629e-005 0.999996 -0.00276702 -0.260643 0.0581092 0.00276702 0.998306 20.0176
0.998293 -0.000115178 -0.058407 -0.870342 -0.000115178 0.999992 -0.00394059 -0.277431 0.058407 0.00394059 0.998285 20.9342
0.998174 -5.70023e-005 -0.0604094 -0.877385 -5.70023e-005 0.999998 -0.00188548 -0.296868 0.0604094 0.00188548 0.998172 21.8626
0.998218 3.99627e-005 -0.0596676 -0.969181 3.99627e-005 0.999999 0.00133832 -0.297551 0.0596676 -0.00133832 0.998217 22.7956
0.998194 0.000166477 -0.060069 -0.988994 0.000166477 0.999985 0.00553782 -0.322039 0.060069 -0.00553782 0.998179 23.7325
0.998336 0.000238952 -0.0576692 -1.0304 0.000238952 0.999966 0.00827995 -0.327455 0.0576692 -0.00827995 0.998301 24.6757
0.998366 0.000258283 -0.0571484 -1.07884 0.000258283 0.999959 0.00903145 -0.326277 0.0571484 -0.00903145 0.998325 25.6203
0.998389 0.000177588 -0.0567356 -1.09799 0.000177588 0.99998 0.00625507 -0.337746 0.0567356 -0.00625507 0.99837 26.5701
0.998542 4.27739e-005 -0.0539736 -1.19691 4.27739e-005 0.999999 0.00158384 -0.33765 0.0539736 -0.00158384 0.998541 27.5189
0.998636 -4.59073e-005 -0.0522128 -1.2592 -4.59073e-005 0.999998 -0.00175727 -0.339101 0.0522128 0.00175727 0.998634 28.4766
0.998667 -1.69432e-005 -0.0516133 -1.30433 -1.69432e-005 1 -0.000656107 -0.356178 0.0516133 0.000656107 0.998667 29.4453
0.998649 0.000105636 -0.0519577 -1.35953 0.000105636 0.999992 0.00406349 -0.357027 0.0519577 -0.00406349 0.998641 30.4208
0.998622 0.000190814 -0.0524761 -1.40857 0.000190814 0.999974 0.00726733 -0.369849 0.0524761 -0.00726733 0.998596 31.4003
0.998549 0.0001666 -0.0538551 -1.45969 0.0001666 0.999981 0.00618241 -0.371826 0.0538551 -0.00618241 0.99853 32.3795
0.998467 6.09325e-005 -0.0553567 -1.511 6.09325e-005 0.999998 0.00219976 -0.37683 0.0553567 -0.00219976 0.998464 33.3587
0.998395 -3.8597e-005 -0.0566382 -1.57328 -3.8597e-005 0.999999 -0.00136184 -0.388555 0.0566382 0.00136184 0.998394 34.3425
0.998248 -6.75589e-005 -0.0591723 -1.62521 -6.75589e-005 0.999997 -0.00228146 -0.399646 0.0591723 0.00228146 0.998245 35.3544
0.998246 -2.3014e-005 -0.059196 -1.71984 -2.3014e-005 1 -0.000776869 -0.408983 0.059196 0.000776869 0.998246 36.4107
0.998224 6.68139e-005 -0.0595805 -1.79205 6.68139e-005 0.999997 0.00224082 -0.425083 0.0595805 -0.00224082 0.998221 37.4525
0.998125 9.50385e-005 -0.0612029 -1.86747 9.50385e-005 0.999995 0.00310277 -0.415857 0.0612029 -0.00310277 0.998121 38.4966
0.998123 0.000184152 -0.0612481 -1.94944 0.000184152 0.999982 0.00600761 -0.434577 0.0612481 -0.00600761 0.998104 39.5282
0.998123 0.000273201 -0.0612383 -2.01728 0.000273201 0.99996 0.008914 -0.435557 0.0612383 -0.008914 0.998083 40.5639
0.998093 0.000356498 -0.061734 -2.09667 0.000356498 0.999933 0.0115381 -0.440161 0.061734 -0.0115381 0.998026 41.5865
0.99818 0.000341983 -0.0603075 -2.1866 0.000341983 0.999936 0.0113306 -0.448019 0.0603075 -0.0113306 0.998116 42.607
0.998064 0.000285001 -0.0621938 -2.20975 0.000285001 0.999958 0.00915587 -0.4525 0.0621938 -0.00915587 0.998022 43.6207
0.998025 0.000221374 -0.0628216 -2.26583 0.000221374 0.999975 0.00704067 -0.455631 0.0628216 -0.00704067 0.998 44.627
0.997879 0.000222495 -0.0650928 -2.33103 0.000222495 0.999977 0.00682892 -0.458478 0.0650928 -0.00682892 0.997856 45.6286
0.997756 0.000262312 -0.0669562 -2.38048 0.000262312 0.999969 0.00782643 -0.465864 0.0669562 -0.00782643 0.997725 46.6288
0.997596 0.000304576 -0.0692963 -2.43778 0.000304576 0.999961 0.0087798 -0.470212 0.0692963 -0.0087798 0.997557 47.6249
0.997604 0.000184061 -0.0691844 -2.52651 0.000184061 0.999986 0.00531449 -0.4727 0.0691844 -0.00531449 0.99759 48.61
0.997539 4.14832e-005 -0.0701139 -2.60137 4.14832e-005 0.999999 0.00118185 -0.477603 0.0701139 -0.00118185 0.997538 49.5875
0.99753 9.05199e-006 -0.0702433 -2.68163 9.05199e-006 1 0.000257414 -0.488567 0.0702433 -0.000257414 0.99753 50.5687
0.997463 0.000131162 -0.0711888 -2.73803 0.000131162 0.999993 0.00368022 -0.503936 0.0711888 -0.00368022 0.997456 51.5505
0.997465 0.000226599 -0.0711546 -2.81432 0.000226599 0.99998 0.00636105 -0.505106 0.0711546 -0.00636105 0.997445 52.5268
0.997406 0.00025757 -0.0719841 -2.86283 0.00025757 0.999974 0.00714692 -0.525865 0.0719841 -0.00714692 0.99738 53.4981
0.99746 0.000210245 -0.0712275 -2.94952 0.000210245 0.999983 0.00589592 -0.538377 0.0712275 -0.00589592 0.997443 54.4597
0.997483 0.000158586 -0.0709058 -3.01918 0.000158586 0.99999 0.00446749 -0.555368 0.0709058 -0.00446749 0.997473 55.4228
0.997417 0.000183793 -0.0718225 -3.08424 0.000183793 0.999987 0.00511133 -0.557632 0.0718225 -0.00511133 0.997404 56.3814
0.997431 0.00033509 -0.0716273 -3.15222 0.00033509 0.999956 0.00934428 -0.583714 0.0716273 -0.00934428 0.997388 57.3426
0.997378 0.000512578 -0.0723651 -3.21979 0.000512578 0.9999 0.0141472 -0.588686 0.0723651 -0.0141472 0.997278 58.3044
0.997257 0.000597242 -0.0740102 -3.27537 0.000597242 0.99987 0.0161162 -0.590289 0.0740102 -0.0161162 0.997127 59.257
0.997165 0.000464431 -0.0752386 -3.35749 0.000464431 0.999924 0.0123276 -0.591633 0.0752386 -0.0123276 0.997089 60.1972
0.997072 0.000189914 -0.0764689 -3.43623 0.000189914 0.999988 0.00495979 -0.601091 0.0764689 -0.00495979 0.99706 61.1211
0.997029 1.01911e-005 -0.0770292 -3.52036 1.01911e-005 1 0.00026421 -0.60657 0.0770292 -0.00026421 0.997029 62.0347
0.996907 5.36853e-005 -0.0785937 -3.58706 5.36853e-005 0.999999 0.00136403 -0.615038 0.0785937 -0.00136403 0.996906 62.9461
0.996891 0.000161587 -0.0787936 -3.69418 0.000161587 0.999992 0.00409515 -0.628002 0.0787936 -0.00409515 0.996883 63.8414
0.996778 0.000221796 -0.0802128 -3.7523 0.000221796 0.999985 0.00552125 -0.641443 0.0802128 -0.00552125 0.996762 64.7256
0.996671 0.000232142 -0.0815277 -3.83465 0.000232142 0.999984 0.00568528 -0.650788 0.0815277 -0.00568528 0.996655 65.5934
0.996597 0.000268828 -0.082423 -3.94053 0.000268828 0.999979 0.00651198 -0.657025 0.082423 -0.00651198 0.996576 66.445
0.996411 0.000289655 -0.084648 -3.99809 0.000289655 0.999977 0.00683138 -0.663101 0.084648 -0.00683138 0.996388 67.2895
0.996348 0.000319004 -0.085379 -4.08904 0.000319004 0.999972 0.00745892 -0.675178 0.085379 -0.00745892 0.996321 68.1162
0.996242 0.00037536 -0.0866147 -4.15344 0.00037536 0.999963 0.00865091 -0.686894 0.0866147 -0.00865091 0.996204 68.9333
0.996028 0.000502928 -0.0890419 -4.22035 0.000502928 0.999936 0.0112736 -0.689249 0.0890419 -0.0112736 0.995964 69.738
0.99609 0.000699016 -0.0883385 -4.31247 0.000699016 0.999875 0.0157939 -0.698494 0.0883385 -0.0157939 0.995965 70.5296
0.995831 0.000780475 -0.0912162 -4.3884 0.000780475 0.999854 0.0170757 -0.68681 0.0912162 -0.0170757 0.995685 71.3053
0.995961 0.000594024 -0.089788 -4.50469 0.000594024 0.999913 0.0132044 -0.689778 0.089788 -0.0132044 0.995873 72.0526
0.995555 0.000307151 -0.0941851 -4.52674 0.000307151 0.999979 0.0065077 -0.711493 0.0941851 -0.0065077 0.995533 72.7893
0.995702 3.21284e-006 -0.0926197 -4.6513 3.21284e-006 1 6.92279e-005 -0.703386 0.0926197 -6.92279e-005 0.995702 73.4944
0.994652 -0.000145316 -0.103284 -4.53976 -0.000145316 0.999996 -0.0028064 -0.680758 0.103284 0.0028064 0.994648 74.2032
0.995554 0.000131432 -0.0941899 -4.79106 0.000131432 0.999996 0.00278458 -0.718558 0.0941899 -0.00278458 0.99555 74.8655
0.995279 0.000274626 -0.0970572 -4.8271 0.000274626 0.999984 0.00564564 -0.745664 0.0970572 -0.00564564 0.995263 75.5238
0.995534 2.93951e-005 -0.0944056 -4.96636 2.93951e-005 1 0.000621349 -0.727539 0.0944056 -0.000621349 0.995534 76.1473
0.995456 -0.000451761 -0.0952242 -4.99064 -0.000451761 0.999955 -0.0094666 -0.748217 0.0952242 0.0094666 0.995411 76.7529
0.995456 -0.000451761 -0.0952242 -5.01492 -0.000451761 0.999955 -0.0094666 -0.768896 0.0952242 0.0094666 0.995411 77.3584
0.995807 -0.000459038 -0.0914806 -5.08852 -0.000459038 0.99995 -0.0100145 -0.769642 0.0914806 0.0100145 0.995757 77.9385
0.995987 -0.000291204 -0.0894946 -5.11168 -0.000291204 0.999979 -0.00649463 -0.785705 0.0894946 0.00649463 0.995966 78.511
0.996564 -0.000160548 -0.0828284 -5.19199 -0.000160548 0.999992 -0.00386996 -0.787684 0.0828284 0.00386996 0.996556 79.0632
0.997018 2.08471e-006 -0.0771664 -5.2324 2.08471e-006 1 5.39509e-005 -0.799803 0.0771664 -5.39509e-005 0.997018 79.6054
0.997556 0.000118056 -0.0698729 -5.23721 0.000118056 0.999994 0.00337501 -0.815752 0.0698729 -0.00337501 0.99755 80.1379
0.998318 9.65248e-005 -0.0579683 -5.294 9.65248e-005 0.999994 0.00332745 -0.8168 0.0579683 -0.00332745 0.998313 80.648
0.999042 6.92851e-005 -0.0437626 -5.30166 6.92851e-005 0.999995 0.00316488 -0.823341 0.0437626 -0.00316488 0.999037 81.1504
0.99969 4.88199e-005 -0.0249024 -5.32318 4.88199e-005 0.999992 0.00392028 -0.825831 0.0249024 -0.00392028 0.999682 81.6378
0.999995 7.74852e-006 -0.00330507 -5.30508 7.74852e-006 0.999989 0.00468883 -0.83023 0.00330507 -0.00468883 0.999984 82.1125
0.999746 -7.02389e-005 0.0225487 -5.26927 -7.02389e-005 0.999981 0.00622912 -0.841429 -0.0225487 -0.00622912 0.999726 82.5711
0.998626 -0.000210979 0.052403 -5.23593 -0.000210979 0.999968 0.00804652 -0.84408 -0.052403 -0.00804652 0.998594 83.0249
0.996473 -0.000427083 0.0839164 -5.15791 -0.000427083 0.999948 0.0101606 -0.855761 -0.0839164 -0.0101606 0.996421 83.4689
0.992474 -0.000654873 0.122458 -5.09953 -0.000654873 0.999943 0.010655 -0.853714 -0.122458 -0.010655 0.992417 83.9023
0.986375 -0.000914346 0.164513 -5.00907 -0.000914346 0.999939 0.0110397 -0.857762 -0.164513 -0.0110397 0.986313 84.3321
