0.999994 -0.00194756 -0.0030037 -0.00585926 0.00194031 0.999995 -0.00241628 -0.00275643 0.00300839 0.00241044 0.999993 0.741931
0.999975 0.00101669 -0.00705418 -0.0171731 -0.00104487 0.999991 -0.00399174 -0.00576879 0.00705007 0.00399901 0.999967 1.47933
0.99995 0.000829796 -0.00995988 -0.0466649 -0.000882029 0.999986 -0.00524109 -0.013392 0.00995539 0.00524961 0.999937 2.25396
0.999885 0.00130654 -0.0151279 -0.0610838 -0.00139769 0.999981 -0.00601659 -0.0169546 0.0151197 0.00603704 0.999867 3.04158
0.999817 -0.000373396 -0.0191276 -0.0852992 0.00025714 0.999981 -0.00607997 -0.0285349 0.0191295 0.00607394 0.999799 3.83316
0.999722 0.00159707 -0.0235389 -0.112857 -0.00176264 0.999974 -0.00701474 -0.0412849 0.0235271 0.00705428 0.999698 4.65528
0.999592 0.0032385 -0.0283749 -0.148063 -0.00345174 0.999966 -0.00746916 -0.0510661 0.0283497 0.00756406 0.999569 5.48846
0.999492 0.000430229 -0.0318659 -0.191054 -0.000627302 0.999981 -0.00617469 -0.0551614 0.0318626 0.00619155 0.999473 6.34373
0.999306 -0.00196608 -0.037193 -0.215824 0.00183844 0.999992 -0.00346585 -0.0674318 0.0371995 0.00339507 0.999302 7.24316
0.999178 -0.000279939 -0.0405256 -0.261976 0.000246295 1 -0.000835175 -0.0787679 0.0405259 0.000824508 0.999178 8.20989
0.999041 0.000836932 -0.0437739 -0.307518 -0.000907693 0.999998 -0.00159667 -0.0865426 0.0437725 0.00163487 0.99904 9.25831
0.999043 0.00196716 -0.0437059 -0.393088 -0.00205103 0.999996 -0.00187402 -0.0933764 0.0437021 0.00196187 0.999043 10.2738
0.998955 -0.00306166 -0.0456078 -0.435556 0.00294893 0.999992 -0.00253892 -0.101456 0.0456153 0.00240177 0.998956 11.2757
0.998858 -0.000757238 -0.0477625 -0.486151 0.000674223 0.999998 -0.00175417 -0.112094 0.0477637 0.00171996 0.998857 12.2713
0.998798 -0.00106279 -0.0490078 -0.541171 0.000967481 0.999998 -0.00196835 -0.124123 0.0490097 0.00191857 0.998796 13.2833
0.998678 0.00334163 -0.051293 -0.59609 -0.00355631 0.999985 -0.00409473 -0.137183 0.0512785 0.00427173 0.998675 14.3056
0.998608 9.83744e-005 -0.0527446 -0.650509 -0.000431744 0.99998 -0.00630908 -0.15492 0.052743 0.00632307 0.998588 15.3721
0.998592 0.00448007 -0.0528579 -0.742479 -0.00486445 0.999963 -0.00714561 -0.178509 0.0528239 0.00739267 0.998576 16.3933
0.998554 0.000880666 -0.0537425 -0.810884 -0.00124932 0.999976 -0.00682644 -0.192254 0.0537352 0.00688372 0.998531 17.4698
0.998406 -0.00278232 -0.0563683 -0.86269 0.00246671 0.999981 -0.00566783 -0.209686 0.056383 0.00551975 0.998394 18.6604
0.998334 -0.000204437 -0.0576924 -0.93352 -2.11848e-005 0.999992 -0.00391013 -0.229454 0.0576928 0.00390484 0.998327 19.7742
0.998246 -0.000705409 -0.0591902 -0.998548 0.000483489 0.999993 -0.00376352 -0.246787 0.0591924 0.0037283 0.99824 20.864
0.998214 0.000107849 -0.0597387 -1.08358 -0.000385923 0.999989 -0.00464332 -0.259925 0.0597376 0.00465808 0.998203 21.9161
0.998078 -0.00333943 -0.0618879 -1.13089 0.0030054 0.99998 -0.00548964 -0.271871 0.0619051 0.00529309 0.998068 22.9636
0.997928 -0.00204681 -0.0643018 -1.17839 0.00180705 0.999991 -0.00378655 -0.286725 0.064309 0.00366251 0.997923 23.9958
0.997934 0.000757466 -0.0642368 -1.2526 -0.000772185 1 -0.000204309 -0.298916 0.0642366 0.00025349 0.997935 25.0364
0.998007 0.00251647 -0.06306 -1.31211 -0.00227971 0.99999 0.00382612 -0.315491 0.063069 -0.00367474 0.998002 26.0674
0.998141 -0.000791771 -0.0609352 -1.38645 0.00118789 0.999978 0.00646475 -0.320965 0.0609288 -0.00652512 0.998121 27.1686
0.998204 0.000351432 -0.0599022 -1.45224 6.58696e-005 0.999976 0.00696426 -0.324086 0.0599032 -0.0069557 0.99818 28.3068
0.998259 -1.18353e-005 -0.0589854 -1.51797 0.000273298 0.99999 0.00442461 -0.332984 0.0589847 -0.00443303 0.998249 29.4639
0.998318 0.00281737 -0.0579141 -1.59896 -0.00283258 0.999996 -0.000180585 -0.339175 0.0579133 0.000344327 0.998322 30.6404
0.998425 -0.00261023 -0.0560382 -1.66377 0.00241778 0.999991 -0.0035017 -0.339434 0.0560468 0.00336069 0.998422 31.7221
0.998495 -0.00151279 -0.05482 -1.73234 0.00136144 0.999995 -0.00279816 -0.345975 0.0548239 0.00271932 0.998492 32.8018
0.998605 0.00167385 -0.0527711 -1.81374 -0.0015575 0.999996 0.00224599 -0.361166 0.0527746 -0.00216066 0.998604 33.8221
0.998585 -0.0034892 -0.0530727 -1.88389 0.00379485 0.999977 0.00565939 -0.369795 0.0530517 -0.00585278 0.998575 34.9576
0.998572 -0.0051837 -0.0531693 -1.95067 0.00543029 0.999975 0.00449432 -0.376114 0.0531447 -0.00477663 0.998575 36.0863
0.998532 -0.00318649 -0.054068 -2.03292 0.00321169 0.999995 0.000379199 -0.375347 0.0540665 -0.000552292 0.998537 37.2657
0.998479 0.000985729 -0.0551179 -2.10762 -0.00118259 0.999993 -0.00353919 -0.383924 0.055114 0.00359899 0.998474 38.3836
0.998467 0.0034374 -0.0552422 -2.19924 -0.00370341 0.999982 -0.00471356 -0.39013 0.055225 0.00491092 0.998462 39.4431
0.998368 -0.000651851 -0.0571019 -2.25237 0.000465746 0.999995 -0.00327241 -0.404239 0.0571037 0.00324048 0.998363 40.5711
0.998304 0.00352391 -0.0581073 -2.33143 -0.00355189 0.999994 -0.00037836 -0.415243 0.0581056 0.00058411 0.99831 41.7061
0.998232 6.15936e-005 -0.0594332 -2.39833 6.2738e-006 0.999999 0.00114172 -0.43699 0.0594332 -0.00114008 0.998232 42.8204
0.99814 0.000462171 -0.0609656 -2.47597 -0.000236959 0.999993 0.00370126 -0.445069 0.0609669 -0.00367993 0.998133 44.0479
0.998235 0.000266738 -0.0593906 -2.58097 0.00012599 0.999978 0.00660879 -0.446344 0.0593911 -0.00660461 0.998213 45.3206
0.998146 0.00653081 -0.0605131 -2.6895 -0.00600049 0.999942 0.00894121 -0.449111 0.060568 -0.00856152 0.998127 46.7516
0.998246 0.00111011 -0.059195 -2.78958 -0.000608726 0.999964 0.00848743 -0.456594 0.0592023 -0.00843651 0.99821 47.9583
0.998259 0.00240437 -0.0589316 -2.87722 -0.00201192 0.999975 0.00671795 -0.461324 0.0589463 -0.00658769 0.998239 49.2453
0.998288 0.00362126 -0.0583754 -2.9728 -0.00336356 0.999984 0.00451214 -0.466847 0.0583909 -0.00430806 0.998285 50.4553
0.998224 0.00049528 -0.0595634 -3.0741 -0.000211714 0.999989 0.00476697 -0.479978 0.0595651 -0.00474589 0.998213 51.7278
0.998081 -0.00360154 -0.0618194 -3.13425 0.00396956 0.999975 0.0058314 -0.482596 0.0617969 -0.0060656 0.99807 53.0889
0.998117 0.000810208 -0.0613366 -3.2416 -0.000403819 0.999978 0.00663766 -0.487786 0.0613406 -0.00660039 0.998095 54.4012
0.998103 0.00199221 -0.061538 -3.33883 -0.00181991 0.999994 0.0028558 -0.490084 0.0615434 -0.00273839 0.998101 55.7781
0.998063 0.00134282 -0.0622009 -3.43285 -0.00143728 0.999998 -0.00147388 -0.499587 0.0621988 0.00156042 0.998063 57.0572
0.998013 0.00165136 -0.062983 -3.51794 -0.00180628 0.999995 -0.00240286 -0.516708 0.0629788 0.00251185 0.998012 58.3367
0.997998 -0.00254245 -0.0631873 -3.60599 0.00261655 0.999996 0.00108993 -0.539718 0.0631843 -0.00125309 0.998001 59.6558
0.998038 -0.00101271 -0.0626026 -3.69249 0.00127234 0.999991 0.0041075 -0.55551 0.0625979 -0.00417909 0.99803 60.8749
0.998013 -0.00221638 -0.0629731 -3.77124 0.00249896 0.999987 0.00440891 -0.566851 0.0629625 -0.00455752 0.998005 62.0965
0.997987 -0.00283291 -0.0633618 -3.83981 0.00302018 0.999991 0.00285989 -0.576768 0.0633531 -0.0030455 0.997987 63.2608
0.997911 -0.00299814 -0.0645278 -3.89969 0.00311577 0.999994 0.00172243 -0.593448 0.0645222 -0.00191989 0.997914 64.3721
0.9978 -0.00224141 -0.0662604 -3.96209 0.00247106 0.999991 0.00338423 -0.610748 0.0662522 -0.00354051 0.997797 65.469
0.997773 -0.00253896 -0.0666561 -4.0468 0.00302655 0.999969 0.00721507 -0.622302 0.0666358 -0.00740074 0.99775 66.6317
0.99771 -0.00129701 -0.0676248 -4.12109 0.00212685 0.999923 0.0122006 -0.630782 0.0676038 -0.0123165 0.997636 67.8794
0.997679 0.0014024 -0.0680737 -4.21838 -0.000451592 0.999902 0.0139807 -0.62752 0.0680866 -0.0139175 0.997582 69.1381
0.997607 0.000816886 -0.0691394 -4.30693 -0.000149105 0.999953 0.00966309 -0.62808 0.069144 -0.00962965 0.99756 70.3365
0.997515 6.70213e-005 -0.0704607 -4.38878 6.0193e-005 0.999998 0.00180334 -0.629672 0.0704607 -0.0018031 0.997513 71.5202
0.997428 0.00200813 -0.0716477 -4.46893 -0.00221211 0.999994 -0.00276771 -0.643264 0.0716417 0.00291909 0.997426 72.5953
0.997283 0.0052324 -0.073482 -4.5515 -0.00535367 0.999985 -0.00145337 -0.658125 0.0734733 0.00184282 0.997295 73.6535
0.997185 0.0023778 -0.0749489 -4.63621 -0.00231592 0.999997 0.000912565 -0.671955 0.0749509 -0.00073642 0.997187 74.704
0.996995 0.000582199 -0.0774579 -4.70188 -0.000398042 0.999997 0.00239292 -0.686677 0.0774591 -0.0023549 0.996993 75.7256
0.996897 -0.00196542 -0.0786963 -4.77249 0.00212591 0.999996 0.00195563 -0.699359 0.0786921 -0.00211687 0.996897 76.7009
0.996617 -0.00110924 -0.0821784 -4.83517 0.00131719 0.999996 0.00247622 -0.70861 0.0821753 -0.00257609 0.996615 77.7369
0.996496 0.00163164 -0.0836298 -4.93125 -0.00137874 0.999994 0.00308174 -0.723821 0.0836344 -0.00295564 0.996492 78.7962
0.996352 -0.00167125 -0.0853181 -5.00739 0.00196538 0.999992 0.00336361 -0.743978 0.0853118 -0.00351902 0.996348 79.814
0.996157 -0.000608645 -0.0875824 -5.07807 0.00100962 0.999989 0.004534 -0.761297 0.0875787 -0.004605 0.996147 80.8568
0.996252 0.00502821 -0.0863506 -5.20763 -0.00442471 0.999964 0.00717895 -0.768359 0.0863836 -0.00676997 0.996239 81.8691
0.995609 0.00897028 -0.0931806 -5.48082 -0.00932593 0.999951 -0.00338194 -0.801938 0.0931457 0.00423609 0.995643 84.7524
0.995609 0.00897028 -0.0931806 -5.75401 -0.00932593 0.999951 -0.00338194 -0.835516 0.0931457 0.00423609 0.995643 87.6358
0.995609 0.00897028 -0.0931806 -6.0272 -0.00932593 0.999951 -0.00338194 -0.869095 0.0931457 0.00423609 0.995643 90.5192
0.995609 0.00897028 -0.0931806 -6.3004 -0.00932593 0.999951 -0.00338194 -0.902673 0.0931457 0.00423609 0.995643 93.4026
0.995609 0.00897028 -0.0931806 -6.57359 -0.00932593 0.999951 -0.00338194 -0.936252 0.0931457 0.00423609 0.995643 96.286
0.995542 -0.00158415 -0.0943102 -6.67362 0.00111959 0.999987 -0.00497865 -0.93981 0.0943169 0.00485087 0.99553 97.3031
0.995612 0.00479788 -0.0934505 -6.80819 -0.00492574 0.999987 -0.00113759 -0.958886 0.0934438 0.00159292 0.995623 98.2917
0.99558 0.00104249 -0.0939138 -6.92978 -0.000933108 0.999999 0.00120864 -0.985774 0.0939149 -0.00111567 0.99558 99.289
0.995465 -0.00341058 -0.0950657 -7.02078 0.0031737 0.999991 -0.00264279 -0.998452 0.0950739 0.0023291 0.995467 100.228
0.995355 -0.00935163 -0.0958187 -7.08322 0.00853714 0.999924 -0.00890668 -1.01418 0.0958947 0.00804729 0.995359 101.172
0.99549 -0.0042883 -0.0947647 -7.15057 0.00299181 0.9999 -0.013819 -1.03733 0.0948144 0.0134732 0.995404 101.977
0.995908 0.0030306 -0.0903256 -7.25858 -0.00432776 0.99989 -0.0141685 -1.04709 0.0902727 0.0145015 0.995811 102.762
0.996286 0.00433148 -0.086002 -7.34358 -0.00527168 0.999929 -0.0107083 -1.06974 0.0859495 0.0111219 0.996237 103.558
0.996644 -0.00306908 -0.081796 -7.40052 0.00243046 0.999966 -0.0079058 -1.08383 0.0818174 0.00768047 0.996618 104.378
0.997166 -0.00312957 -0.0751638 -7.4586 0.00284089 0.999988 -0.00394738 -1.10248 0.0751753 0.00372266 0.997163 105.117
0.997772 -0.00496982 -0.0665362 -7.50893 0.00493548 0.999988 -0.000680369 -1.12736 0.0665388 0.000350464 0.997784 105.895
0.998431 0.00312497 -0.0559007 -7.54615 -0.00317839 0.999995 -0.000866625 -1.13597 0.0558977 0.00104294 0.998436 106.627
0.999181 0.0058043 -0.0400393 -7.5909 -0.00585244 0.999982 -0.00108532 -1.14784 0.0400323 0.00131876 0.999198 107.306
0.999749 0.00498986 -0.0218287 -7.61154 -0.00500413 0.999987 -0.000599236 -1.14803 0.0218255 0.00070832 0.999762 108.016
0.999998 -0.00168653 0.00058069 -7.60309 0.00168646 0.999999 0.000124935 -1.1529 -0.000580899 -0.000123956 1 108.675
0.999632 -0.00233846 0.0270396 -7.57034 0.00230545 0.999997 0.00125173 -1.15826 -0.0270424 -0.00118893 0.999634 109.291
0.998422 -0.00180078 0.0561229 -7.50223 0.00161863 0.999993 0.00329095 -1.17182 -0.0561284 -0.00319491 0.998418 109.876
0.996063 -0.00108007 0.0886436 -7.41178 0.000621479 0.999986 0.00520086 -1.18397 -0.088648 -0.00512529 0.99605 110.455
0.992105 -0.00137348 0.1254 -7.29775 0.000619589 0.999982 0.00605074 -1.19133 -0.125406 -0.00592527 0.992088 111.032
0.985942 -0.000111491 0.167089 -7.17606 -0.000956715 0.99998 0.00631253 -1.19466 -0.167086 -0.00638364 0.985922 111.602
0.977375 -0.00183061 0.211505 -7.0153 0.00034781 0.999975 0.00704769 -1.20551 -0.211513 -0.00681467 0.977352 112.131
0.965743 -0.000302943 0.2595 -6.82163 -0.00114847 0.999985 0.00544147 -1.21786 -0.259498 -0.00555309 0.965728 112.649
0.95046 -0.00136123 0.310845 -6.59797 0.000383379 0.999995 0.00320687 -1.22415 -0.310848 -0.00292883 0.950455 113.134
0.930201 0.000922244 0.36705 -6.38847 -0.00159007 0.999998 0.00151708 -1.22965 -0.367048 -0.00199482 0.9302 113.584
0.905621 -0.00026157 0.424087 -6.14812 8.17305e-005 1 0.00044225 -1.23529 -0.424087 -0.00036585 0.905621 113.998
0.875709 0.000253296 0.482839 -5.89165 0.00014255 1 -0.000783135 -1.23994 -0.482839 0.000754627 0.875709 114.404
0.766038 -0.0038154 0.642783 -5.5949 -0.00228684 0.99996 0.00866085 -1.29137 -0.642791 -0.00810449 0.765999 114.707
0.766038 -0.0038154 0.642783 -5.29816 -0.00228684 0.99996 0.00866085 -1.34281 -0.642791 -0.00810449 0.765999 115.011
0.766038 -0.0038154 0.642783 -5.00142 -0.00228684 0.99996 0.00866085 -1.39424 -0.642791 -0.00810449 0.765999 115.315
0.58421 -0.0129043 0.8115 -4.37869 0.00405015 0.999907 0.0129846 -1.37914 -0.811592 -0.00429902 0.584208 115.746
0.58421 -0.0129043 0.8115 -3.75595 0.00405015 0.999907 0.0129846 -1.36403 -0.811592 -0.00429902 0.584208 116.177
0.58421 -0.0129043 0.8115 -3.13322 0.00405015 0.999907 0.0129846 -1.34892 -0.811592 -0.00429902 0.584208 116.608
0.58421 -0.0129043 0.8115 -2.51049 0.00405015 0.999907 0.0129846 -1.33382 -0.811592 -0.00429902 0.584208 117.039
0.488182 -0.000646333 0.872742 -2.01958 -0.00898704 0.999943 0.00576757 -1.33579 -0.872696 -0.010659 0.488148 117.299
0.488182 -0.000646333 0.872742 -1.52867 -0.00898704 0.999943 0.00576757 -1.33775 -0.872696 -0.010659 0.488148 117.559
0.442833 -0.00236209 0.896601 -1.06989 -0.00266697 0.999989 0.00395169 -1.34768 -0.8966 -0.00414115 0.442822 117.735
0.400267 -0.00885329 0.916356 -0.595789 0.00058933 0.999956 0.00940356 -1.34757 -0.916399 -0.00322389 0.400254 117.88
0.360465 -0.0206632 0.932544 -0.0945002 -0.00247912 0.99973 0.0231102 -1.33921 -0.93277 -0.0106423 0.360316 118.004
0.324837 -0.0203845 0.94555 0.811454 -0.0169857 0.999481 0.0273825 -1.32476 -0.945618 -0.0249557 0.324322 118.232
0.29244 -0.0185571 0.956104 1.80701 -0.0169211 0.999555 0.024576 -1.31519 -0.956134 -0.0233654 0.291996 118.465
0.26158 -0.00732757 0.965154 2.69611 -0.0167013 0.999787 0.012117 -1.29569 -0.965037 -0.0192889 0.261402 118.673
0.23338 -0.00445877 0.972375 3.64052 -0.00759367 0.999951 0.00640778 -1.32203 -0.972356 -0.00887935 0.233335 118.868
0.207795 -0.0060011 0.978154 4.64149 -0.00301835 0.999972 0.00677616 -1.33511 -0.978168 -0.00436047 0.207771 119.024
0.184065 -0.0118614 0.982843 5.60788 -0.00142661 0.999923 0.0123347 -1.33539 -0.982913 -0.00367252 0.184034 119.149
0.163928 -0.0174705 0.986318 6.43155 -0.00145823 0.999838 0.0179523 -1.30731 -0.986471 -0.00438115 0.163875 119.24
0.144797 -0.0172409 0.989311 6.90306 -0.0079282 0.999796 0.018584 -1.28834 -0.98943 -0.0105344 0.14463 119.285
0.127663 -0.0142153 0.991716 7.37455 -0.0160343 0.999737 0.0163943 -1.27983 -0.991688 -0.0179944 0.127401 119.332
0.112265 -0.0126252 0.993598 7.90003 -0.019467 0.999699 0.0149023 -1.27989 -0.993488 -0.0210154 0.111986 119.389
0.0976222 -0.0130097 0.995139 8.4933 -0.0165401 0.999755 0.0146927 -1.27872 -0.995086 -0.017894 0.0973832 119.447
0.08404 -0.0149893 0.99635 9.12955 -0.0153913 0.999748 0.0163387 -1.27447 -0.996344 -0.0167082 0.0837881 119.494
0.0722882 -0.0186782 0.997209 9.78024 -0.0153315 0.999686 0.0198359 -1.27185 -0.997266 -0.0167226 0.0719791 119.53
0.0621359 -0.0216632 0.997833 10.3851 -0.0172924 0.999591 0.0227781 -1.26381 -0.997918 -0.0186702 0.0617358 119.556
0.0538703 -0.0225623 0.998293 10.9894 -0.0207407 0.999504 0.0237089 -1.25267 -0.998333 -0.0219825 0.0533756 119.589
0.047277 -0.0247288 0.998576 11.596 -0.0218204 0.999429 0.0257831 -1.23908 -0.998643 -0.0230083 0.0467104 119.623
0.0408639 -0.0253415 0.998843 12.2176 -0.023839 0.999369 0.0263301 -1.22889 -0.99888 -0.0248874 0.040234 119.653
0.0343871 -0.025491 0.999083 12.8733 -0.0246547 0.999349 0.0263464 -1.21412 -0.999104 -0.0255381 0.0337363 119.678
0.0297559 -0.0287838 0.999143 13.5529 -0.0254246 0.99924 0.0295438 -1.20032 -0.999234 -0.0262819 0.0290015 119.693
0.026498 -0.0310817 0.999166 14.2551 -0.0284415 0.999088 0.0318335 -1.18015 -0.999244 -0.0292613 0.0255898 119.709
0.0230961 -0.0316924 0.999231 14.9768 -0.0313882 0.998982 0.03241 -1.15829 -0.99924 -0.0321126 0.0220778 119.73
0.0209808 -0.0339783 0.999202 15.6983 -0.0320071 0.998887 0.0346397 -1.13789 -0.999267 -0.0327084 0.0198699 119.74
0.0206186 -0.0400262 0.998986 16.5185 -0.0344808 0.998575 0.0407214 -1.12028 -0.999193 -0.0352854 0.0192091 119.742
0.0213266 -0.0452643 0.998747 17.289 -0.0405523 0.998113 0.0461015 -1.10215 -0.99895 -0.0414847 0.0194508 119.751
0.0237133 -0.0450095 0.998705 18.0431 -0.0449941 0.997926 0.0460427 -1.06856 -0.998706 -0.0460277 0.021639 119.776
0.0267281 -0.0463317 0.998568 18.8242 -0.0443883 0.997885 0.0474881 -1.02668 -0.998657 -0.0455941 0.024615 119.808
0.0300693 -0.0449042 0.998539 19.6216 -0.0467444 0.997834 0.0462801 -0.990049 -0.998454 -0.0480677 0.0279052 119.849
0.0344392 -0.0464012 0.998329 20.4631 -0.0465727 0.997762 0.0479815 -0.953312 -0.998321 -0.0481473 0.0322011 119.871
0.0376015 -0.0450148 0.998278 21.3104 -0.0484312 0.997729 0.0468143 -0.920683 -0.998119 -0.0501081 0.0353359 119.916
0.0396987 -0.0408103 0.998378 22.1766 -0.0471093 0.997978 0.0426671 -0.879066 -0.998101 -0.0487267 0.0376959 119.979
0.0418314 -0.0386965 0.998375 23.0558 -0.0413576 0.998326 0.0404274 -0.836525 -0.998268 -0.0429815 0.040161 120.042
0.0450948 -0.0356665 0.998346 24.0028 -0.0381379 0.998572 0.0373973 -0.807181 -0.998254 -0.0397613 0.0436702 120.101
0.0450751 -0.0296106 0.998545 25.0766 -0.0307797 0.999045 0.0310149 -0.757736 -0.998509 -0.0321329 0.0441207 120.23
0.0519974 -0.0131341 0.998561 26.2464 -0.0303948 0.999429 0.0147282 -0.772748 -0.998185 -0.0311169 0.0515685 120.24
0.0519974 -0.0131341 0.998561 27.4163 -0.0303948 0.999429 0.0147282 -0.787761 -0.998185 -0.0311169 0.0515685 120.249
0.0519974 -0.0131341 0.998561 28.5861 -0.0303948 0.999429 0.0147282 -0.802773 -0.998185 -0.0311169 0.0515685 120.259
0.0519974 -0.0131341 0.998561 29.7559 -0.0303948 0.999429 0.0147282 -0.817785 -0.998185 -0.0311169 0.0515685 120.268
0.0519974 -0.0131341 0.998561 30.9258 -0.0303948 0.999429 0.0147282 -0.832797 -0.998185 -0.0311169 0.0515685 120.278
0.0519974 -0.0131341 0.998561 32.0956 -0.0303948 0.999429 0.0147282 -0.847809 -0.998185 -0.0311169 0.0515685 120.288
0.052866 -0.00835065 0.998567 33.5003 -0.0131458 0.999873 0.00905754 -0.841116 -0.998515 -0.0136058 0.0527495 120.35
0.052866 -0.00835065 0.998567 34.9051 -0.0131458 0.999873 0.00905754 -0.834422 -0.998515 -0.0136058 0.0527495 120.412
0.051417 -0.00483658 0.998666 36.2614 -0.00736608 0.999959 0.00522209 -0.836607 -0.99865 -0.00762476 0.0513793 120.502
0.0482091 -0.0018737 0.998836 37.7541 -0.00562854 0.999982 0.00214751 -0.848887 -0.998821 -0.00572552 0.0481977 120.576
0.0447886 0.000278283 0.998996 39.0492 -0.00370411 0.999993 -0.000112492 -0.860936 -0.99899 -0.00369535 0.0447893 120.636
0.0397031 0.00185055 0.99921 40.2049 -0.00223568 0.999996 -0.00176317 -0.87449 -0.999209 -0.00216391 0.0397071 120.686
0.0357945 0.0031643 0.999354 41.5025 -0.000876999 0.999995 -0.00313492 -0.904152 -0.999359 -0.00076422 0.035797 120.706
0.0277884 0.00477989 0.999602 42.8571 0.00320453 0.999983 -0.00487079 -0.928742 -0.999609 0.0033386 0.0277726 120.762
0.00932799 0.00563653 0.999941 44.3192 0.00563034 0.999968 -0.00568921 -0.963691 -0.999941 0.00568307 0.00929596 120.782
0.00932799 0.00563653 0.999941 45.7813 0.00563034 0.999968 -0.00568921 -0.998641 -0.999941 0.00568307 0.00929596 120.801
