0.999988 -0.0028312 -0.00392364 0.0070034 0.00282387 0.999994 -0.0018713 0.0026903 0.00392891 0.0018602 0.999991 0.715427
0.999976 -0.00308135 -0.00620648 -0.0144978 0.00305772 0.999988 -0.00381407 0.00978062 0.00621815 0.003795 0.999973 0.656539
0.999929 0.00204932 -0.0117768 -0.0129414 -0.00211789 0.999981 -0.00581286 0.0163988 0.0117646 0.00583739 0.999914 0.699675
0.999836 0.00126787 -0.0180691 -0.0213125 -0.00136653 0.999984 -0.00544832 0.00215418 0.0180619 0.00547212 0.999822 0.695002
0.999799 0.000456639 -0.020022 -0.0177442 -0.000577915 0.999982 -0.00605177 -0.00156995 0.0200189 0.00606213 0.999781 0.655141
0.999682 0.00151881 -0.0251856 -0.0325985 -0.00170375 0.999972 -0.00732325 0.013086 0.0251738 0.00736383 0.999656 0.775905
0.999541 0.00572958 -0.0297479 -0.0286847 -0.0059511 0.999955 -0.00736341 0.00420044 0.0297044 0.00753706 0.99953 0.735096
0.999391 0.00217023 -0.034827 -0.0307386 -0.00238229 0.999979 -0.00604864 0.00637698 0.0348132 0.00612793 0.999375 0.74076
0.999252 -0.000149168 -0.0386686 -0.0434917 3.06403e-005 0.999995 -0.0030658 -0.00161566 0.0386689 0.00306232 0.999247 0.762914
0.999091 -0.0016586 -0.0425936 -0.0130724 0.00161572 0.999998 -0.00104118 0.00532324 0.0425953 0.000971412 0.999092 0.780859
0.999011 0.00107947 -0.0444524 -0.0667739 -0.00111705 0.999999 -0.000820659 0.00211511 0.0444514 0.000869503 0.999011 0.788005
0.998754 -0.00035906 -0.0498999 -0.0275068 0.000278412 0.999999 -0.00162314 0.0102836 0.0499004 0.00160722 0.998753 0.838654
0.998776 -0.00544958 -0.0491544 -0.0424509 0.00534158 0.999983 -0.00232814 0.00828025 0.0491662 0.00206273 0.998788 0.784196
0.998549 -0.00292925 -0.0537746 -0.0391522 0.00287347 0.999995 -0.00111462 0.00701358 0.0537776 0.000958482 0.998552 0.858388
0.998635 -0.00109744 -0.052224 -0.0434977 0.00101213 0.999998 -0.00165997 0.00625082 0.0522258 0.00160485 0.998634 0.815527
0.998493 0.00322479 -0.054792 -0.0620099 -0.00341596 0.999988 -0.00339586 0.000247021 0.0547804 0.00357791 0.998492 0.82809
0.998364 0.00208093 -0.0571427 -0.0235222 -0.00248426 0.999972 -0.00698819 0.000703908 0.0571266 0.00711871 0.998342 0.601092
