0.999998 3.83103e-006 0.00176497 -0.00860999 3.83103e-006 0.999991 -0.00434116 -0.00748579 -0.00176497 0.00434116 0.999989 0.961861
1 -5.60471e-007 0.000632972 -0.00453264 1.22565e-006 0.999999 -0.00105089 -0.00412931 -0.000632971 0.00105089 0.999999 1.92517
1 -6.38253e-006 -0.000384535 0.00196422 7.85665e-006 0.999993 0.00383364 -0.00228292 0.000384508 -0.00383364 0.999993 2.8889
1 -1.00194e-005 -0.000578249 0.00260102 1.36814e-005 0.99998 0.00633316 -0.0076499 0.000578174 -0.00633317 0.99998 3.84975
1 0 0 -0.010107 0 1 0 -0.000233299 0 0 1 4.80831
0.999999 1.00432e-005 0.00118297 -0.0496154 -6.92062e-006 0.999997 -0.00263955 -0.00552658 -0.001183 0.00263954 0.999996 5.7402
1 6.76391e-006 -0.000516231 -0.0524877 -8.68599e-006 0.999993 -0.00372338 -0.000140288 0.000516202 0.00372338 0.999993 6.67772
0.999999 2.93674e-006 -0.00111741 -0.0523576 -3.76846e-006 1 -0.000744325 0.00213736 0.00111741 0.000744329 0.999999 7.6077
0.999998 4.71465e-006 -0.00174122 -0.0487874 -1.30803e-006 0.999998 0.00195646 0.000594326 0.00174122 -0.00195645 0.999997 8.53716
1 4.78636e-006 -0.000736692 -0.0519025 -2.48815e-006 0.999995 0.00311961 -0.00014326 0.000736703 -0.0031196 0.999995 9.46766
0.999999 -1.04253e-006 -0.00159644 -0.047896 2.92539e-006 0.999999 0.00117941 0.00626388 0.00159644 -0.00117941 0.999998 10.3908
1 0 0 -0.0662595 0 1 0 0.0210364 0 0 1 11.3412
1 -4.77772e-006 -0.000940984 -0.0712623 4.43276e-006 1 -0.000366602 0.027531 0.000940986 0.000366597 0.999999 12.2254
0.999999 -1.21555e-005 -0.00142155 -0.058431 9.87585e-006 0.999999 -0.00160365 0.0374095 0.00142157 0.00160363 0.999998 13.1354
1 -1.29442e-005 -0.000531259 -0.0780975 1.17965e-005 0.999998 -0.00216027 0.0405871 0.000531286 0.00216026 0.999998 14.0437
0.999999 -5.11319e-006 -0.00128155 -0.0866278 4.00313e-006 1 -0.000866183 0.0341532 0.00128155 0.000866177 0.999999 14.9481
0.999997 -4.59199e-006 0.00229058 -0.167096 5.26372e-006 1 -0.000293254 0.0298278 -0.00229058 0.000293265 0.999997 15.8454
0.999997 -2.63967e-006 -0.0023852 -0.168437 1.35263e-007 0.999999 -0.00104998 0.0309892 0.0023852 0.00104997 0.999997 16.7425
0.999998 5.70739e-006 -0.00183992 -0.179124 -5.49197e-006 1 0.000117087 0.027872 0.00183992 -0.000117076 0.999998 17.6344
0.999999 7.41368e-006 -0.00105269 -0.200522 -6.88355e-006 1 0.000503601 0.0320731 0.00105269 -0.000503593 0.999999 18.5263
0.999998 1.69639e-005 -0.00219055 -0.211359 -1.44841e-005 0.999999 0.00113206 0.0350573 0.00219056 -0.00113202 0.999997 19.4139
1 1.82131e-005 0.000510151 -0.25432 -1.90038e-005 0.999999 0.00155009 0.0221197 -0.000510122 -0.0015501 0.999999 20.2936
0.999997 -2.64213e-006 0.00252293 -0.309317 3.71132e-006 1 -0.000423781 0.0219433 -0.00252293 0.000423789 0.999997 21.1662
0.999999 -1.03679e-005 -0.00115291 -0.328071 9.19063e-006 0.999999 -0.00102112 0.0299548 0.00115292 0.00102111 0.999999 22.0352
0.999998 3.57511e-006 -0.00183645 -0.334704 -3.21171e-006 1 0.00019788 0.0316074 0.00183646 -0.000197873 0.999998 22.8984
0.999997 2.06883e-005 0.00247307 -0.388631 -2.56346e-005 0.999998 0.00200004 0.0332034 -0.00247303 -0.0020001 0.999995 23.7538
1 2.46441e-005 -0.000881231 -0.399711 -2.24034e-005 0.999997 0.0025426 0.0361848 0.000881291 -0.00254258 0.999996 24.6116
0.999996 1.36715e-005 -0.00280346 -0.393025 -7.87031e-006 0.999998 0.00206928 0.0321343 0.00280348 -0.00206925 0.999994 25.4385
1 -1.76567e-005 5.771e-005 -0.419359 1.77341e-005 0.999999 -0.00134204 0.0366339 -5.76862e-005 0.00134204 0.999999 26.2624
0.999999 -4.1969e-005 -0.00106878 -0.439474 3.91363e-005 0.999996 -0.0026503 0.0384427 0.00106888 0.00265026 0.999996 27.0766
1 -2.91225e-005 -0.000558889 -0.461699 2.80624e-005 0.999998 -0.00189679 0.0430234 0.000558943 0.00189677 0.999998 27.8732
0.999999 -5.89563e-006 -0.00144364 -0.469457 5.38042e-006 1 -0.000356886 0.0406805 0.00144365 0.000356878 0.999999 28.6661
1 -7.84042e-006 -0.000443518 -0.500928 7.63005e-006 1 -0.000474323 0.0404608 0.000443521 0.000474319 1 29.451
0.999999 -1.36776e-005 -0.0014197 -0.525052 1.25021e-005 1 -0.000827945 0.0378798 0.00141971 0.000827927 0.999999 30.2229
0.99999 -9.90605e-006 -0.00456038 -0.518509 6.23333e-006 1 -0.000805366 0.0504506 0.00456039 0.00080533 0.999989 30.9898
0.999997 2.16577e-005 -0.00240969 -0.539658 -2.00392e-005 1 0.000671693 0.054905 0.00240971 -0.000671643 0.999997 31.75
0.999999 6.42343e-005 -0.00167733 -0.566448 -6.02842e-005 0.999997 0.00235492 0.0540626 0.00167748 -0.00235482 0.999996 32.4942
0.999994 5.68138e-005 -0.00352636 -0.572864 -4.95156e-005 0.999998 0.00206967 0.0452262 0.00352647 -0.00206949 0.999992 33.2323
0.999995 4.62602e-006 -0.00305562 -0.5906 -3.36064e-006 1 0.00041412 0.0461268 0.00305563 -0.000414107 0.999995 33.9604
0.999996 -1.99364e-005 -0.00287506 -0.615618 1.90645e-005 1 -0.000303298 0.040265 0.00287507 0.000303242 0.999996 34.7024
0.999996 -4.69298e-005 -0.00280844 -0.636967 4.40598e-005 0.999999 -0.00102197 0.045643 0.00280848 0.00102185 0.999996 35.3927
0.999999 5.19331e-005 -0.0012563 -0.672918 -5.02215e-005 0.999999 0.00136244 0.046467 0.00125637 -0.00136237 0.999998 36.0854
0.999999 4.99497e-005 -0.00165664 -0.698656 -4.77304e-005 0.999999 0.00133963 0.0566416 0.0016567 -0.00133955 0.999998 36.7734
0.999999 8.45051e-006 -0.00170872 -0.721626 -7.80133e-006 1 0.000379926 0.0605674 0.00170873 -0.000379912 0.999998 37.45
0.999999 -6.59843e-005 0.00114124 -0.757656 6.78731e-005 0.999999 -0.00165508 0.055385 -0.00114113 0.00165516 0.999998 38.1122
0.999996 -0.000114727 0.00281555 -0.806266 0.000123182 0.999995 -0.00300312 0.0561557 -0.00281519 0.00300345 0.999992 38.7635
0.999998 -8.08186e-005 0.00207449 -0.827874 8.51671e-005 0.999998 -0.00209618 0.0623788 -0.00207432 0.00209635 0.999996 39.4008
0.99998 1.17571e-005 0.0063217 -0.887581 -1.59325e-005 1 0.000660442 0.0668248 -0.00632169 -0.000660529 0.99998 40.0355
0.999996 9.3638e-005 0.00296698 -0.913847 -0.000103211 0.999995 0.00322669 0.0612656 -0.00296667 -0.00322698 0.99999 40.6851
0.999991 0.000107558 0.0041496 -0.940432 -0.000123034 0.999993 0.0037295 0.0594338 -0.00414917 -0.00372997 0.999984 41.2904
0.999987 5.67738e-005 0.0050127 -0.966983 -6.30495e-005 0.999999 0.0012518 0.0613982 -0.00501262 -0.0012521 0.999987 41.8891
0.999982 5.08001e-005 0.0060517 -0.988277 -5.36718e-005 1 0.000474369 0.0654938 -0.00605167 -0.000474685 0.999982 42.4739
0.999985 6.36394e-005 0.00539706 -0.996229 -7.51653e-005 0.999998 0.0021354 0.0693638 -0.00539691 -0.00213578 0.999983 43.0426
0.999981 6.61202e-005 0.00618802 -0.99923 -7.3746e-005 0.999999 0.00123213 0.0756436 -0.00618794 -0.00123256 0.99998 43.5908
0.999976 7.59995e-005 0.00689285 -0.999642 -7.40386e-005 1 -0.000284742 0.0791521 -0.00689287 0.000284224 0.999976 44.118
0.999977 7.11796e-005 0.00680926 -0.993232 -7.23574e-005 1 0.000172721 0.0815557 -0.00680925 -0.00017321 0.999977 44.6255
0.99997 8.40807e-005 0.00773889 -0.993451 -8.40017e-005 1 -1.05375e-005 0.0809542 -0.00773889 9.88715e-006 0.99997 45.109
0.99997 0.000137221 0.00774154 -0.986552 -0.000119704 0.999997 -0.0022631 0.079127 -0.00774183 0.00226211 0.999967 45.5729
0.999966 0.000162887 0.00829839 -0.971676 -0.000138789 0.999996 -0.00290439 0.0840321 -0.00829883 0.00290314 0.999961 46.0122
0.999971 2.47107e-005 0.00763602 -0.944175 -2.82854e-005 1 0.000468033 0.0885047 -0.00763601 -0.000468235 0.999971 46.4332
0.999973 -3.50189e-005 0.00740643 -0.915806 2.23747e-005 0.999999 0.00170727 0.0933638 -0.00740648 -0.00170706 0.999971 46.8298
0.999962 -3.16599e-006 0.00876415 -0.906131 -8.24633e-006 0.999999 0.00130212 0.0923378 -0.00876414 -0.00130215 0.999961 47.2021
0.999962 8.69102e-005 0.0087597 -0.883205 -8.59837e-005 1 -0.000106144 0.0992071 -0.00875971 0.000105387 0.999962 47.5387
0.999847 0.00017474 0.0175187 -0.86028 -0.000171034 1 -0.000213037 0.106076 -0.0175187 0.000210008 0.999847 47.8754
0.999947 6.60753e-005 0.0102653 -0.850934 -6.92733e-005 1 0.000311179 0.103371 -0.0102653 -0.000311874 0.999947 48.1744
0.999961 -3.36022e-005 0.00884097 -0.816528 2.25125e-005 0.999999 0.00125445 0.0977295 -0.00884101 -0.0012542 0.99996 48.4482
0.999942 0.000232945 0.0107849 -0.783296 -0.00022029 0.999999 -0.00117462 0.105866 -0.0107852 0.00117218 0.999941 48.7138
0.99993 0.000482512 0.0118281 -0.740277 -0.000443655 0.999994 -0.00328758 0.101643 -0.0118296 0.0032821 0.999925 48.9719
0.999909 0.000483545 0.0134474 -0.696311 -0.000440578 0.999995 -0.00319796 0.102633 -0.0134489 0.00319175 0.999904 49.2279
0.999876 0.000299953 0.0157411 -0.65563 -0.000271286 0.999998 -0.00182322 0.116013 -0.0157416 0.00181872 0.999874 49.4824
0.999863 0.000110832 0.0165695 -0.599316 -0.00010073 1 -0.000610549 0.115472 -0.0165696 0.000608796 0.999863 49.7435
0.999846 1.07502e-005 0.0175646 -0.551951 -1.01533e-005 1 -3.40734e-005 0.109107 -0.0175646 3.38899e-005 0.999846 49.9806
0.999833 -4.96912e-005 0.0182876 -0.483297 4.45769e-005 1 0.000280067 0.10519 -0.0182876 -0.000279204 0.999833 50.2229
0.999804 -0.000156576 0.0198092 -0.40816 0.000141042 1 0.000785578 0.110382 -0.0198094 -0.00078263 0.999803 50.4675
0.999792 -2.74288e-005 0.0203845 -0.325863 2.26448e-005 1 0.000234921 0.10532 -0.0203845 -0.00023441 0.999792 50.6924
0.999758 0.000282047 0.022012 -0.26243 -0.000260845 0.999999 -0.000966061 0.101761 -0.0220123 0.000960085 0.999757 50.9334
0.999718 0.000281507 0.0237659 -0.18294 -0.000258817 1 -0.00095779 0.104601 -0.0237661 0.000951368 0.999717 51.1703
0.999676 -2.18976e-005 0.0254665 -0.0878781 2.10552e-005 1 3.33458e-005 0.106195 -0.0254665 -3.27988e-005 0.999676 51.4073
0.999635 0.000100995 0.0270088 0.0111743 -9.19502e-005 1 -0.000336127 0.104519 -0.0270089 0.000333521 0.999635 51.6453
0.999582 -1.65662e-005 0.0289096 0.127471 1.70779e-005 1 -1.74543e-005 0.102467 -0.0289096 1.79407e-005 0.999582 51.8824
0.99955 -0.000148393 0.0299897 0.267931 0.000139112 1 0.000311579 0.106299 -0.0299897 -0.000307267 0.99955 52.097
0.999474 -0.000358738 0.0324311 0.413199 0.000333176 1 0.000793602 0.110752 -0.0324314 -0.000782379 0.999474 52.3142
0.999343 -0.000355549 0.0362282 0.545442 0.000327209 1 0.00078819 0.105284 -0.0362284 -0.000775819 0.999343 52.5466
0.999266 0.000486641 0.0382964 0.697242 -0.000455029 1 -0.000834156 0.108295 -0.0382968 0.000816118 0.999266 52.7667
0.999193 0.00151737 0.0401467 0.850134 -0.00141203 0.999995 -0.00265209 0.107012 -0.0401506 0.00259326 0.99919 52.9927
0.999123 0.00124754 0.0418418 1.0233 -0.00115556 0.999997 -0.00222239 0.108523 -0.0418445 0.00217209 0.999122 53.2228
0.999079 0.00082472 0.0428902 1.22896 -0.000756536 0.999998 -0.00160594 0.109036 -0.0428914 0.00157202 0.999079 53.4424
0.998994 0.00132774 0.0448243 1.4408 -0.00122554 0.999997 -0.00230737 0.104461 -0.0448273 0.00225011 0.998992 53.6603
0.998923 0.00232316 0.0463439 1.68362 -0.00216044 0.999991 -0.00356085 0.113859 -0.0463518 0.00345689 0.998919 53.8787
0.998821 0.00027396 0.0485527 1.94693 -0.000211802 0.999999 -0.00128537 0.116441 -0.0485531 0.00127357 0.99882 54.0982
0.998672 -0.00221933 0.0514789 2.23535 0.00215909 0.999997 0.00122567 0.117037 -0.0514814 -0.00111289 0.998673 54.3133
0.998591 -0.000650998 0.0530584 2.54932 0.000666014 1 -0.00026532 0.117397 -0.0530583 0.000300284 0.998591 54.5433
0.998507 -7.97145e-005 0.0546309 2.88582 0.000122034 1 -0.000771316 0.122696 -0.0546309 0.000776831 0.998506 54.7585
0.998404 -0.000426072 0.0564803 3.24544 0.000457053 1 -0.000535609 0.124097 -0.0564801 0.000560568 0.998404 54.9551
0.998382 -0.000929848 0.0568544 3.6306 0.000942685 1 -0.000198985 0.124101 -0.0568542 0.000252259 0.998382 55.1417
0.998457 -0.000360845 0.0555324 4.03513 0.000390581 1 -0.000524629 0.126755 -0.0555322 0.00054551 0.998457 55.3133
0.998503 0.00037064 0.0546954 4.46443 -0.000321727 1 -0.00090307 0.128325 -0.0546958 0.000884121 0.998503 55.472
0.998525 0.00358668 0.0541826 4.90229 -0.00346197 0.999991 -0.00239519 0.13316 -0.0541907 0.00220408 0.998528 55.6243
0.998646 0.000670417 0.0520136 5.36179 -0.000609929 0.999999 -0.00117879 0.134985 -0.0520143 0.00114547 0.998646 55.7418
0.998743 -0.00860567 0.049376 5.84353 0.00851405 0.999962 0.00206558 0.127669 -0.0493918 -0.00164259 0.998778 55.8285
0.998888 -0.00955423 0.0461781 6.34559 0.00945547 0.999953 0.00235672 0.122437 -0.0461984 -0.00191746 0.99893 55.8976
0.999038 -0.00636275 0.0433967 6.86975 0.00630037 0.999979 0.00157397 0.12987 -0.0434058 -0.00129904 0.999057 55.9476
0.999224 3.24241e-005 0.0393765 7.38293 -4.39533e-005 1 0.000291927 0.14301 -0.0393765 -0.000293431 0.999224 55.9999
0.999433 -0.00702218 0.0329339 7.91682 0.00698296 0.999975 0.00130585 0.152687 -0.0329422 -0.00107513 0.999457 56.0143
0.999563 -0.00635083 0.02886 8.47011 0.00632013 0.999979 0.00115479 0.162933 -0.0288668 -0.000971887 0.999583 56.0216
0.999659 -0.00534778 0.0255488 9.03658 0.00532423 0.999985 0.000989901 0.180533 -0.0255537 -0.000853537 0.999673 56.0303
0.999795 -0.00318837 0.020003 9.61446 0.00317486 0.999995 0.000707359 0.204888 -0.0200052 -0.000643707 0.9998 56.031
0.99987 -0.00110046 0.0160831 10.1972 0.00109234 0.999999 0.000513622 0.23068 -0.0160837 -0.000495987 0.999871 56.0277
0.999909 0.000929126 0.0134922 10.8029 -0.000934587 0.999999 0.00039845 0.251635 -0.0134919 -0.000411024 0.999909 56.0219
0.999931 -0.000217 0.0117187 11.4043 0.000212921 1 0.000349329 0.272753 -0.0117187 -0.00034681 0.999931 56.0117
0.99995 -0.00317115 0.0095122 12.0238 0.00316889 0.999995 0.000252335 0.295021 -0.00951295 -0.000222179 0.999955 55.9855
0.999971 -0.00407335 0.00641691 12.654 0.00407262 0.999992 0.000125447 0.327364 -0.00641737 -9.93098e-005 0.999979 55.9559
0.99999 0.000749681 0.00437466 13.2931 -0.000750496 1 0.000184556 0.357476 -0.00437452 -0.000187837 0.99999 55.9373
0.999979 0.00474767 0.00443687 13.9471 -0.00474913 0.999989 0.000319686 0.392396 -0.0044353 -0.000340751 0.99999 55.932
0.999999 0.000488117 0.00139675 14.6083 -0.000488206 1 6.3448e-005 0.423157 -0.00139672 -6.41298e-005 0.999999 55.8929
0.999999 -0.00111244 0.00131918 15.2894 0.00111244 0.999999 -4.01658e-006 0.448987 -0.00131917 5.48408e-006 0.999999 55.8607
0.999998 -0.00162529 0.00122788 15.9764 0.00162533 0.999999 -2.85705e-005 0.470903 -0.00122783 3.05662e-005 0.999999 55.8356
0.999997 -0.00240269 0.000794438 16.6675 0.00240276 0.999997 -7.7443e-005 0.500864 -0.00079425 7.93516e-005 1 55.8137
1 -0.000820605 0.000360168 17.3645 0.000820613 1 -2.33938e-005 0.53408 -0.000360148 2.36893e-005 1 55.8047
0.999996 -0.00130701 -0.00242134 18.0671 0.00130665 0.999999 -0.000150524 0.570274 0.00242154 0.000147359 0.999997 55.7801
0.999999 0.00107431 -0.00115599 18.7869 -0.00107431 0.999999 1.84328e-006 0.618708 0.00115599 -6.01385e-007 0.999999 55.7542
0.999996 -0.000352113 -0.00288715 19.5238 0.000351758 1 -0.000123202 0.655723 0.00288719 0.000122186 0.999996 55.7125
0.999996 -0.00173782 -0.00215726 20.2609 0.0017375 0.999998 -0.000150382 0.709044 0.00215752 0.000146633 0.999998 55.7118
0.999994 0.00146305 -0.00301346 20.9967 -0.00146325 0.999999 -6.3734e-005 0.736021 0.00301336 6.81431e-005 0.999995 55.6959
0.99996 -0.00827505 -0.0033669 21.723 0.00827369 0.999966 -0.000418142 0.762214 0.00337024 0.000390268 0.999994 55.6568
0.999988 -0.00175781 -0.00459335 22.4522 0.00175659 0.999998 -0.000269716 0.795797 0.00459382 0.000261644 0.999989 55.6258
0.999984 0.00502697 -0.00257133 23.1885 -0.00502696 0.999987 1.01985e-005 0.844971 0.00257135 2.72761e-006 0.999997 55.6239
0.999985 0.00521889 -0.00152391 23.9175 -0.00521881 0.999986 5.72167e-005 0.892381 0.00152419 -4.92629e-005 0.999999 55.6515
0.999991 -0.00286742 -0.0031977 24.6609 0.00286683 0.999996 -0.000186625 0.916829 0.00319822 0.000177456 0.999995 55.6492
0.999981 -0.0046778 -0.00390727 25.4007 0.00467685 0.999989 -0.00025278 0.941345 0.00390841 0.000234502 0.999992 55.6313
0.999996 0.000418326 -0.00261801 26.1247 -0.000418622 1 -0.000112455 0.984128 0.00261796 0.000113551 0.999997 55.6369
0.999984 0.00403367 -0.00391741 26.8588 -0.00403418 0.999992 -0.00012194 1.02129 0.00391689 0.000137741 0.999992 55.642
0.999993 0.000241295 -0.00373353 27.5969 -0.000241859 1 -0.000150651 1.0569 0.0037335 0.000151553 0.999993 55.6515
0.999978 -0.00540764 -0.00371633 28.3378 0.005407 0.999985 -0.000182219 1.08829 0.00371726 0.000162121 0.999993 55.6468
0.999975 -0.00613971 -0.0034957 29.0734 0.00613914 0.999981 -0.000172817 1.11917 0.0034967 0.000151352 0.999994 55.6394
0.999998 -0.000962757 -0.00161212 29.8088 0.000962626 1 -8.18283e-005 1.15769 0.0016122 8.02763e-005 0.999999 55.6655
0.999997 0.00139345 -0.00219909 30.5431 -0.00139372 0.999999 -0.000122544 1.2035 0.00219892 0.000125609 0.999998 55.6817
0.999992 -0.00172574 -0.00351251 31.283 0.00172515 0.999998 -0.000172776 1.2444 0.00351281 0.000166715 0.999994 55.6892
0.999982 -0.00275127 -0.00540544 32.0244 0.00274986 0.999996 -0.000267644 1.27471 0.00540616 0.000252775 0.999985 55.6611
0.999981 -0.0039123 -0.004786 32.7636 0.00391131 0.999992 -0.000215918 1.31026 0.0047868 0.000197194 0.999989 55.6492
0.999988 0.00353392 -0.00325282 33.5057 -0.0035348 0.999994 -0.000264341 1.35798 0.00325187 0.000275836 0.999995 55.6755
0.99999 -0.00397159 -0.00227458 34.2495 0.00397151 0.999992 -3.7381e-005 1.40115 0.00227471 2.83471e-005 0.999997 55.6942
0.999994 0.00203733 -0.00291704 34.9969 -0.00203801 0.999998 -0.000228125 1.45282 0.00291657 0.000234068 0.999996 55.7205
0.999994 0.00189092 -0.00277975 35.741 -0.00189153 0.999998 -0.000216105 1.50135 0.00277934 0.000221362 0.999996 55.7512
0.999992 0.00224234 -0.00344807 36.497 -0.00224326 0.999997 -0.000264131 1.54836 0.00344747 0.000271863 0.999994 55.7792
0.999988 0.00233538 -0.00425245 37.2511 -0.00233672 0.999997 -0.000310208 1.58453 0.00425171 0.000320141 0.999991 55.8135
0.999994 0.000787644 -0.00336271 38.0055 -0.00078834 1 -0.000205595 1.63214 0.00336255 0.000208244 0.999994 55.8515
0.999996 0.0004198 -0.00275679 38.7669 -0.000420241 1 -0.000159266 1.67523 0.00275673 0.000160424 0.999996 55.9016
0.999971 0.00463049 -0.0060863 39.533 -0.00463368 0.999989 -0.000509537 1.71803 0.00608388 0.000537724 0.999981 55.9262
0.999989 0.00338241 -0.00326745 40.306 -0.00338348 0.999994 -0.000322386 1.76593 0.00326634 0.000333438 0.999995 55.9716
0.999983 -0.00218672 -0.00541259 41.0844 0.00218612 0.999998 -0.00011681 1.80382 0.00541283 0.000104976 0.999985 55.9967
0.999996 0.000515727 -0.00271778 41.8616 -0.000516145 1 -0.000153319 1.84137 0.0027177 0.000154721 0.999996 56.0632
0.999992 0.00299169 -0.00254371 42.6444 -0.00299246 0.999995 -0.000300098 1.88498 0.0025428 0.000307708 0.999997 56.1453
0.999985 -0.000993841 -0.00530497 43.4369 0.00099302 0.999999 -0.000157391 1.92643 0.00530512 0.000152121 0.999986 56.1949
0.999987 -0.00151461 -0.0049155 44.2456 0.00151411 0.999999 -0.000104613 1.96283 0.00491566 9.71691e-005 0.999988 56.2598
0.99998 0.0040428 -0.00479544 45.0216 -0.0040453 0.999992 -0.000511198 2.00059 0.00479334 0.000530587 0.999988 56.3423
0.999978 0.00278107 -0.0060813 45.812 -0.00278392 0.999996 -0.000461278 2.04093 0.00607999 0.000478198 0.999981 56.4291
0.999972 0.00251142 -0.00709666 46.6154 -0.00251485 0.999997 -0.000475045 2.08054 0.00709544 0.000492879 0.999975 56.5229
0.999962 0.004081 -0.0077656 47.4317 -0.0040861 0.999991 -0.000639926 2.11808 0.00776292 0.000671632 0.99997 56.6203
0.999966 0.00273095 -0.0078269 48.2266 -0.00273501 0.999996 -0.000508542 2.14943 0.00782548 0.000529931 0.999969 56.7147
0.999969 -0.00118967 -0.00777091 49.0424 0.00118901 0.999999 -8.92095e-005 2.18101 0.00777101 7.99671e-005 0.99997 56.815
0.999973 -0.000627424 -0.00735512 49.8579 0.000626401 1 -0.000141375 2.21734 0.00735521 0.000136764 0.999973 56.9256
0.999966 -0.000309227 -0.00827289 50.6779 0.00030752 1 -0.0002076 2.24867 0.00827295 0.000205049 0.999966 57.0313
0.999972 0.000693983 -0.00746635 51.4923 -0.000696349 1 -0.000314244 2.2808 0.00746613 0.000319434 0.999972 57.1452
0.999974 -0.00110968 -0.00714557 52.3148 0.00110931 0.999999 -5.55139e-005 2.3038 0.00714562 4.75858e-005 0.999974 57.2791
0.999975 0.000467046 -0.00701356 53.1007 -0.000469029 1 -0.000281125 2.32813 0.00701343 0.000284408 0.999975 57.4094
0.999982 -0.000564712 -0.00594132 53.8906 0.000564181 1 -9.1028e-005 2.3534 0.00594138 8.76744e-005 0.999982 57.5411
0.999988 0.00274342 -0.00413877 54.6708 -0.00274578 0.999996 -0.000566095 2.3886 0.0041372 0.000577452 0.999991 57.6947
0.999963 0.00187955 -0.00843146 55.4386 -0.00188416 0.999998 -0.000538747 2.41506 0.00843043 0.000554613 0.999964 57.8057
0.999978 0.0011274 -0.00656019 56.2078 -0.0011298 0.999999 -0.000362814 2.43495 0.00655977 0.000370218 0.999978 57.9424
0.999977 -0.00471518 -0.00494968 56.9836 0.00471883 0.999989 0.000725882 2.45624 0.0049462 -0.000749221 0.999987 58.0889
0.999988 -0.00220776 -0.00442414 57.7285 0.00220902 0.999998 0.000278415 2.48575 0.00442351 -0.000288185 0.99999 58.2324
0.999993 -0.000490995 -0.00369117 58.4787 0.00049091 1 -2.37944e-005 2.50952 0.00369118 2.19822e-005 0.999993 58.3771
0.999991 0.00282719 -0.00301598 59.2173 -0.00282915 0.999996 -0.000646206 2.53315 0.00301414 0.000654733 0.999995 58.5406
0.999994 0.00285753 -0.00193212 59.9382 -0.00285874 0.999996 -0.000621929 2.55519 0.00193033 0.000627448 0.999998 58.7075
0.999995 0.00206457 -0.00240225 60.6522 -0.00206572 0.999998 -0.000475362 2.57286 0.00240126 0.000480322 0.999997 58.8587
0.999989 0.00334072 -0.00336663 61.358 -0.00334328 0.999994 -0.00075507 2.58533 0.00336409 0.000766317 0.999994 58.9969
0.999996 0.00215487 -0.00178135 62.0498 -0.00215573 0.999998 -0.00048061 2.59678 0.00178031 0.000484448 0.999998 59.153
0.999997 0.00173009 -0.00170899 62.7264 -0.00173076 0.999998 -0.000391067 2.61112 0.00170831 0.000394023 0.999998 59.3114
0.999999 -0.00028951 -0.0013558 63.4002 0.000289562 1 3.82057e-005 2.63319 0.00135579 -3.85982e-005 0.999999 59.4659
0.999989 0.00467866 0.000906783 64.0598 -0.00467777 0.999989 -0.000977864 2.65328 -0.000911347 0.000973611 0.999999 59.6485
0.999995 -0.00239636 -0.00228551 64.7251 0.00239746 0.999997 0.0004753 2.65825 0.00228437 -0.000480777 0.999997 59.7735
1 0 0 65.3752 0 1 0 2.66569 0 0 1 59.9299
0.999996 -0.00258796 -0.00135624 66.0186 0.00258868 0.999997 0.000530988 2.68443 0.00135486 -0.000534496 0.999999 60.0467
0.999993 0.00255635 0.0026682 66.6441 -0.002555 0.999997 -0.00050707 2.70167 -0.00266949 0.000500249 0.999996 60.2036
0.999999 0.000122571 0.00158185 67.2729 -0.000122566 1 -3.69836e-006 2.69734 -0.00158185 3.50447e-006 0.999999 60.3049
1 -0.000354879 -0.00049417 67.904 0.000354912 1 6.75835e-005 2.70267 0.000494146 -6.77588e-005 1 60.4139
0.999994 -0.00282252 0.00186738 68.4846 0.00282136 0.999996 0.00062409 2.71015 -0.00186913 -0.000618818 0.999998 60.5172
0.999998 -0.0018977 0.000952071 69.0926 0.00189731 0.999998 0.000413513 2.72227 -0.000952854 -0.000411706 0.999999 60.6341
0.99999 -0.003108 0.00310073 69.6814 0.00310581 0.999995 0.000710187 2.74155 -0.00310293 -0.00070055 0.999995 60.7086
0.999994 0.000558905 0.00336788 70.2611 -0.000558775 1 -3.92983e-005 2.7549 -0.0033679 3.74161e-005 0.999994 60.8367
0.999998 -0.000550037 0.00170172 70.8304 0.000549785 1 0.000148388 2.76339 -0.0017018 -0.000147452 0.999999 60.9528
0.999994 -0.00219749 0.00267008 71.3798 0.00219616 0.999997 0.000500825 2.77158 -0.00267117 -0.000494958 0.999996 61.0771
0.999995 -0.00127135 0.00275805 71.9257 0.00127047 0.999999 0.000319909 2.7805 -0.00275845 -0.000316403 0.999996 61.1848
0.999992 -0.00217382 0.00337496 72.4671 0.00217211 0.999998 0.000512599 2.79444 -0.00337606 -0.000505264 0.999994 61.295
0.999995 0.00292558 0.0012671 73.0051 -0.00292492 0.999996 -0.00052194 2.81194 -0.00126862 0.000518231 0.999999 61.3996
0.999999 0.000719747 0.000968499 73.5473 -0.000719639 1 -0.00011165 2.82442 -0.000968579 0.000110953 1 61.4753
0.999999 -0.000317245 0.00164847 74.0906 0.00031708 1 0.000100402 2.83546 -0.0016485 -9.98789e-005 0.999999 61.5861
0.999988 -0.00462336 -0.00136336 74.6344 0.00462449 0.999989 0.000823283 2.84427 0.00135954 -0.000829578 0.999999 61.676
0.999989 -0.00450825 -0.00154325 75.178 0.00450948 0.99999 0.000796031 2.86821 0.00153965 -0.000802981 0.999998 61.7827
0.999987 0.00506932 0.000833518 75.7287 -0.00506854 0.999987 -0.000931801 2.87958 -0.00083823 0.000927564 0.999999 61.8794
0.999991 0.00134932 -0.00393149 76.2835 -0.00135077 0.999999 -0.000366059 2.89499 0.00393099 0.000371366 0.999992 61.9862
0.999989 0.00076882 -0.00471486 76.8266 -0.000770135 1 -0.000277006 2.91829 0.00471464 0.000280634 0.999989 62.1253
0.999986 0.000661568 -0.00529351 77.3882 -0.000663015 1 -0.000271529 2.93563 0.00529333 0.000275035 0.999986 62.2381
0.999975 0.00309108 -0.00636854 77.961 -0.00309614 0.999995 -0.000784463 2.9729 0.00636608 0.000804161 0.999979 62.3865
0.999956 -0.0022937 -0.00908883 78.5229 0.00229617 0.999997 0.0002606 2.99293 0.00908821 -0.000281458 0.999959 62.5156
0.999957 0.00192589 -0.00903576 79.0853 -0.00193179 0.999998 -0.000643273 3.0028 0.0090345 0.000660701 0.999959 62.6691
0.999946 -0.000645014 -0.0104011 79.6818 0.000644011 1 -9.97159e-005 3.02736 0.0104012 9.30121e-005 0.999946 62.8125
0.999929 0.00466003 -0.0109764 80.2518 -0.00467519 0.999988 -0.00135583 3.0501 0.0109699 0.00140705 0.999939 62.9605
0.999948 0.00313544 -0.00974466 80.8548 -0.00314493 0.999995 -0.000959275 3.07788 0.0097416 0.000989871 0.999952 63.1365
0.99993 0.00247458 -0.0115314 81.449 -0.00248415 0.999997 -0.000815809 3.09998 0.0115293 0.000844398 0.999933 63.3207
0.999938 0.000480573 -0.0111442 82.0585 -0.000483675 1 -0.000275697 3.11745 0.0111441 0.00028107 0.999938 63.4995
0.999944 0.00377855 -0.00989146 82.6721 -0.00379048 0.999992 -0.00118739 3.13045 0.00988689 0.00122482 0.99995 63.6947
0.999947 0.00109821 -0.0102636 83.2927 -0.00110245 0.999999 -0.00040792 3.14619 0.0102631 0.000419214 0.999947 63.9309
0.999935 0.00365003 -0.010822 83.934 -0.00366305 0.999993 -0.00118427 3.16533 0.0108176 0.00122383 0.999941 64.1484
0.999937 -0.00246465 -0.0109101 84.5934 0.00247286 0.999997 0.000739421 3.17809 0.0109082 -0.000766354 0.99994 64.3848
0.999918 -0.00611505 -0.0112753 85.264 0.00613718 0.999979 0.00192897 3.19321 0.0112633 -0.00199801 0.999935 64.6159
0.999929 -0.00369699 -0.0113087 85.9449 0.00370976 0.999993 0.00110827 3.20141 0.0113045 -0.00115015 0.999935 64.8614
0.999944 -0.000403227 -0.010541 86.6301 0.000402852 1 -3.76264e-005 3.22175 0.010541 3.33779e-005 0.999944 65.1305
0.999948 -0.00519384 -0.00873185 87.33 0.00520925 0.999985 0.00174311 3.2458 0.00872266 -0.0017885 0.99996 65.4126
0.99994 -0.00667692 -0.00873476 88.0352 0.00669724 0.999975 0.00229926 3.27658 0.00871919 -0.00235762 0.999959 65.684
0.999909 -0.0115338 -0.00697473 88.7655 0.0115635 0.999924 0.00423348 3.30634 0.00692537 -0.00431374 0.999967 65.9629
0.999972 -0.00365953 -0.0065354 89.4817 0.00366713 0.999993 0.00115137 3.34676 0.00653114 -0.0011753 0.999978 66.2649
0.999893 0.00939072 -0.0112195 90.1975 -0.00943947 0.999946 -0.00429979 3.37354 0.0111785 0.00440524 0.999928 66.5762
0.999962 -0.000643452 -0.00871602 90.9138 0.000642931 1 -6.25155e-005 3.40013 0.00871606 5.69094e-005 0.999962 66.8702
0.999975 0.0002732 -0.00705787 91.6263 -0.000275943 1 -0.000387639 3.44012 0.00705776 0.000389577 0.999975 67.2001
0.999988 0.00411341 -0.00279507 92.3249 -0.00411871 0.99999 -0.00189587 3.48513 0.00278724 0.00190735 0.999994 67.5433
0.999973 0.00596032 -0.00429808 93.0179 -0.00597218 0.999978 -0.0027517 3.50175 0.00428158 0.00277729 0.999987 67.8783
0.999965 0.00740202 -0.00384007 93.7027 -0.00741501 0.999967 -0.00337955 3.51057 0.00381493 0.0034079 0.999987 68.2174
0.999986 0.00232657 -0.00477968 94.3846 -0.00233196 0.999997 -0.00112275 3.51297 0.00477705 0.00113388 0.999988 68.5366
0.999975 0.00439511 -0.0056162 95.0693 -0.0044068 0.999988 -0.0020705 3.51713 0.00560703 0.0020952 0.999982 68.8579
0.99999 0.00253845 -0.00370126 95.7213 -0.00254291 0.999996 -0.00120188 3.52603 0.00369819 0.00121128 0.999992 69.1749
0.999992 0.000131647 -0.00396361 96.3819 -0.000131984 1 -8.47141e-005 3.53474 0.0039636 8.52365e-005 0.999992 69.5008
0.999997 -0.00170759 -0.00180141 97.0189 0.00170902 0.999998 0.000792851 3.52218 0.00180005 -0.000795928 0.999998 69.8728
0.999997 0.00247367 0.000341018 97.6315 -0.00247327 0.999996 -0.00116843 3.52403 -0.000343907 0.00116759 0.999999 70.2223
0.999981 -0.00200412 -0.00583937 98.292 0.0020095 0.999998 0.00091491 3.53407 0.00583752 -0.000926627 0.999983 70.5198
0.99999 0.000716944 -0.00430966 98.8958 -0.000718564 1 -0.000374454 3.54174 0.00430939 0.000377547 0.999991 70.8122
0.999998 -0.000521643 -0.00188825 99.497 0.000522098 1 0.000240698 3.54269 0.00188813 -0.000241684 0.999998 71.1257
0.999999 -0.00134828 -0.000537759 100.094 0.00134863 0.999999 0.000653484 3.5481 0.000536877 -0.000654209 1 71.4381
0.999999 -0.00116393 -0.00106326 100.684 0.00116453 0.999999 0.000558673 3.55012 0.00106261 -0.00055991 0.999999 71.7396
0.999999 0.00143201 -0.000147174 101.267 -0.00143211 0.999999 -0.000702639 3.53719 0.000146168 0.000702849 1 72.0388
0.999998 -0.00186224 -0.00114276 101.84 0.00186327 0.999998 0.000901847 3.54897 0.00114107 -0.000903974 0.999999 72.3371
0.999997 0.00138323 -0.00192726 102.402 -0.00138458 0.999999 -0.000699177 3.56451 0.00192629 0.000701844 0.999998 72.6292
0.99999 -0.00197786 -0.00412994 102.979 0.00198174 0.999998 0.000936189 3.56926 0.00412808 -0.000944364 0.999991 72.8508
0.999991 -0.00236394 -0.0036322 103.525 0.00236807 0.999997 0.00113433 3.57725 0.0036295 -0.00114292 0.999993 73.1256
0.999962 -0.00472369 -0.00726701 104.072 0.00474023 0.999986 0.00226005 3.58525 0.00725624 -0.00229441 0.999971 73.4004
0.999995 -0.00268089 -0.00155533 104.582 0.00268296 0.999996 0.00133312 3.59806 0.00155175 -0.00133729 0.999998 73.7161
0.999997 0.00104016 -0.00208765 105.097 -0.00104136 0.999999 -0.000572914 3.60988 0.00208705 0.000575086 0.999998 74.0054
0.999989 -0.00237743 -0.00401575 105.609 0.00238201 0.999997 0.00113678 3.61379 0.00401303 -0.00114634 0.999991 74.2896
0.999992 -0.00175305 -0.00345607 106.118 0.00175592 0.999998 0.000827471 3.62797 0.00345461 -0.000833534 0.999994 74.5677
0.99997 0.000353264 -0.00774321 106.649 -0.000356178 1 -0.000374967 3.65921 0.00774308 0.000377714 0.99997 74.794
0.999978 -0.00133522 -0.00643565 107.174 0.00133879 0.999999 0.000550857 3.67251 0.0064349 -0.000559461 0.999979 75.0406
0.99998 0.00289959 -0.00558272 107.677 -0.00290915 0.999994 -0.00170561 3.67951 0.00557774 0.00172182 0.999983 75.3229
0.999982 0.00198314 -0.00572063 108.151 -0.00199008 0.999997 -0.00120874 3.70156 0.00571822 0.0012201 0.999983 75.6284
0.999951 0.00623429 -0.00770149 108.66 -0.00626211 0.999974 -0.00359363 3.71173 0.00767889 0.00364168 0.999964 75.903
0.999958 0.00514655 -0.00757652 109.145 -0.00516926 0.999982 -0.00298077 3.72556 0.00756105 0.00301981 0.999967 76.2009
0.999963 0.00274245 -0.00817029 109.639 -0.00275567 0.999995 -0.00160672 3.73425 0.00816585 0.00162917 0.999965 76.5009
0.999972 0.00136818 -0.00739036 110.142 -0.00137417 0.999999 -0.000804867 3.74792 0.00738925 0.000814999 0.999972 76.8076
0.999971 0.00310577 -0.00689665 110.648 -0.00311851 0.999993 -0.0018371 3.75753 0.0068909 0.00185856 0.999975 77.1337
0.999971 0.00225465 -0.0072789 111.16 -0.00226433 0.999997 -0.00132153 3.76038 0.0072759 0.00133798 0.999973 77.4713
0.999965 -0.000430468 -0.00838301 111.683 0.000433279 1 0.000333487 3.75915 0.00838287 -0.000337107 0.999965 77.8118
0.999977 0.000643441 -0.0067647 112.203 -0.000645822 1 -0.000349819 3.76188 0.00676447 0.000354179 0.999977 78.1703
0.999974 0.00333393 -0.00633482 112.71 -0.00334704 0.999992 -0.00206062 3.7749 0.0063279 0.00208177 0.999978 78.5472
0.999965 0.00230735 -0.0080985 113.24 -0.00231856 0.999996 -0.00137529 3.7713 0.00809529 0.00139402 0.999966 78.9167
0.999969 0.00248173 -0.007452 113.777 -0.00249298 0.999996 -0.00150068 3.77768 0.00744824 0.00151921 0.999971 79.2958
0.999962 0.000710167 -0.00874219 114.335 -0.000712775 1 -0.000295312 3.77029 0.00874198 0.000301532 0.999962 79.6806
0.99997 0.00119633 -0.00760727 114.895 -0.00120131 0.999999 -0.000649466 3.7676 0.00760648 0.000658585 0.999971 80.0903
0.999962 0.00336795 -0.00808812 115.461 -0.00338532 0.999992 -0.00213519 3.76454 0.00808086 0.00216249 0.999965 80.5159
0.99995 -0.0010343 -0.00997794 116.053 0.00104439 0.999999 0.00100539 3.7497 0.00997689 -0.00101576 0.99995 80.9295
0.999967 -0.000960261 -0.00811861 116.63 0.000967626 0.999999 0.000903326 3.74819 0.00811774 -0.000911151 0.999967 81.3831
0.999951 0.000647995 -0.00985758 117.227 -0.000650245 1 -0.000225048 3.73915 0.00985744 0.000231447 0.999951 81.8254
0.999947 0.00278414 -0.00988842 117.809 -0.00280221 0.999994 -0.00181338 3.73194 0.00988332 0.00184099 0.999949 82.2992
0.99995 -0.000165938 -0.00995825 118.403 0.000170223 1 0.000429496 3.72474 0.00995817 -0.00043117 0.99995 82.7847
0.999958 0.000506619 -0.00911714 119.011 -0.000507713 1 -0.000117653 3.71572 0.00911708 0.000122277 0.999958 83.2762
0.999979 -0.00119912 -0.00640106 119.627 0.00120648 0.999999 0.00114687 3.70503 0.00639967 -0.00115457 0.999979 83.7814
0.999994 -0.00127646 -0.00326368 120.243 0.00128012 0.999999 0.00111843 3.6999 0.00326225 -0.0011226 0.999994 84.3039
0.999977 -0.00266093 -0.00620957 120.91 0.00267534 0.999994 0.00231432 3.69958 0.00620337 -0.00233088 0.999978 84.8112
0.999994 -0.00235399 -0.00264927 121.524 0.00235926 0.999995 0.00198481 3.69796 0.00264459 -0.00199105 0.999995 85.338
0.999985 -0.00488596 -0.00237808 122.172 0.0048956 0.99998 0.00406215 3.69486 0.00235819 -0.00407373 0.999989 85.8935
0.999971 -0.00543617 -0.0052839 122.836 0.0054602 0.999975 0.00454416 3.69551 0.00525907 -0.00457288 0.999976 86.4388
0.999984 -0.00330683 -0.00460145 123.493 0.00331958 0.999991 0.00276598 3.70755 0.00459226 -0.00278121 0.999986 86.9806
0.999987 -0.000900402 -0.00495793 124.152 0.000904061 0.999999 0.000735909 3.7164 0.00495726 -0.000740382 0.999987 87.542
0.999995 0.00130446 -0.00283543 124.8 -0.00130767 0.999999 -0.00112852 3.7267 0.00283396 0.00113223 0.999995 88.1153
0.999971 0.00461293 -0.00610597 125.48 -0.00463724 0.999981 -0.00397338 3.73492 0.00608752 0.00400158 0.999973 88.696
0.999967 0.00380663 -0.00715061 126.172 -0.00383008 0.999987 -0.00326957 3.74375 0.00713807 0.00329685 0.999969 89.2233
0.999992 -0.00238441 -0.00329167 126.829 0.00239144 0.999995 0.00213374 3.74769 0.00328656 -0.0021416 0.999992 89.8258
0.999987 -0.00144311 -0.00492301 127.49 0.00144957 0.999998 0.00131063 3.74694 0.0049211 -0.00131775 0.999987 90.4391
0.99998 -0.00435733 -0.00469131 128.154 0.00437571 0.999983 0.00391624 3.75447 0.00467417 -0.00393669 0.999981 91.0523
0.999972 -0.00360586 -0.00662707 128.82 0.00362732 0.999988 0.00322956 3.76151 0.00661534 -0.0032535 0.999973 91.6596
0.999981 -0.00338981 -0.0052166 129.466 0.00340573 0.99999 0.00304711 3.77448 0.00520622 -0.00306482 0.999982 92.2922
0.999978 -0.0028298 -0.00605957 130.119 0.00284509 0.999993 0.00251488 3.78887 0.00605241 -0.00253207 0.999978 92.9064
0.99998 0.00132382 -0.0061851 130.779 -0.00133236 0.999998 -0.00137579 3.80538 0.00618327 0.001384 0.99998 93.5453
0.999971 -0.000218537 -0.00760525 131.425 0.000218984 1 5.80273e-005 3.82951 0.00760524 -5.96911e-005 0.999971 94.1659
0.999968 -0.00252284 -0.00758887 132.078 0.00254018 0.999994 0.00227592 3.85714 0.00758309 -0.00229512 0.999969 94.8166
0.999955 -0.00452523 -0.00831885 132.731 0.00456041 0.999981 0.0042144 3.89408 0.00829962 -0.00425215 0.999957 95.4753
0.999968 0.000285315 -0.00797207 133.374 -0.000289743 1 -0.000554219 3.90929 0.00797191 0.000556512 0.999968 96.1411
0.999972 0.00105095 -0.00744231 134.034 -0.00106072 0.999999 -0.00130957 3.93296 0.00744092 0.00131742 0.999971 96.792
0.99998 0.00185562 -0.00611198 134.684 -0.00186844 0.999996 -0.00209263 3.95575 0.00610808 0.00210401 0.999979 97.4565
0.999992 -0.00165332 -0.00377408 135.328 0.00165942 0.999997 0.00161249 3.97968 0.00377141 -0.00161874 0.999992 98.1414
0.999983 -0.00430482 -0.00394668 135.98 0.0043221 0.999981 0.00437962 4.01028 0.00392775 -0.00439661 0.999983 98.8189
0.999994 -0.00326345 -0.00148613 136.642 0.00326846 0.999989 0.00337975 4.04365 0.00147509 -0.00338458 0.999993 99.5141
0.999992 -0.00381424 -0.00137057 137.278 0.00381965 0.999985 0.00396732 4.08172 0.00135542 -0.00397252 0.999991 100.183
1 -0.000760115 0.000493969 137.912 0.000759704 0.999999 0.000832499 4.11435 -0.000494601 -0.000832124 1 100.881
0.999999 0.00104911 0.000845734 138.552 -0.00104821 0.999999 -0.00106281 4.15414 -0.000846848 0.00106192 0.999999 101.576
0.999998 0.00144431 0.00150742 139.209 -0.00144213 0.999998 -0.00144455 4.18728 -0.0015095 0.00144238 0.999998 102.263
0.999995 0.00287968 0.00144165 139.865 -0.0028754 0.999991 -0.00295994 4.22368 -0.00145016 0.00295578 0.999995 102.971
0.999996 0.000751417 0.00290153 140.505 -0.000749508 1 -0.000658754 4.26424 -0.00290202 0.000656577 0.999996 103.636
0.999994 0.00121516 0.00324275 141.141 -0.00121151 0.999999 -0.00112823 4.30384 -0.00324412 0.00112429 0.999994 104.323
0.999989 0.0017997 0.00434802 141.786 -0.00179237 0.999997 -0.00168955 4.33536 -0.00435105 0.00168173 0.999989 105.024
0.999994 -0.000774085 0.00337103 142.436 0.000770983 0.999999 0.000921528 4.36704 -0.00337174 -0.000918923 0.999994 105.703
0.99999 -0.00132229 0.00419678 143.081 0.00131595 0.999998 0.00151356 4.39887 -0.00419877 -0.00150802 0.99999 106.373
0.999987 -0.00266872 0.00434223 143.737 0.00265621 0.999992 0.00288384 4.42509 -0.00434989 -0.00287227 0.999986 107.036
0.999985 0.00335638 0.00432374 144.38 -0.0033427 0.999989 -0.00316874 4.45189 -0.00433433 0.00315424 0.999986 107.691
0.999956 0.0079049 0.00513575 145.014 -0.00786541 0.99994 -0.00766472 4.47752 -0.00519603 0.00762398 0.999957 108.347
0.999972 0.00521582 0.00530294 145.658 -0.00518926 0.999974 -0.00501067 4.49621 -0.00532894 0.00498301 0.999973 109.005
0.999986 -0.000760133 0.00519307 146.325 0.000755908 0.999999 0.000815589 4.52279 -0.00519368 -0.000811652 0.999986 109.66
0.999985 -0.00109117 0.0052737 146.972 0.00108519 0.999999 0.00113638 4.53755 -0.00527493 -0.00113064 0.999985 110.298
0.999984 -0.000432516 0.00565019 147.635 0.000429619 1 0.000513989 4.55184 -0.00565041 -0.000511554 0.999984 110.954
0.999986 0.000908456 0.00528008 148.277 -0.000904458 0.999999 -0.000759369 4.57157 -0.00528076 0.000754582 0.999986 111.572
0.999983 -0.000743125 0.00575842 148.929 0.000738575 0.999999 0.000792225 4.59193 -0.00575901 -0.000787958 0.999983 112.201
0.999984 -0.00112022 0.00545683 149.592 0.00111404 0.999999 0.00113509 4.60779 -0.0054581 -0.00112899 0.999984 112.835
0.999993 -0.00109942 0.00362143 150.275 0.00109552 0.999999 0.00107852 4.62579 -0.00362261 -0.00107455 0.999993 113.418
0.999986 0.000298618 0.00523793 150.936 -0.000297817 1 -0.000153548 4.65208 -0.00523798 0.000151986 0.999986 114.005
0.999997 0.000397408 0.00260616 151.63 -0.000396628 1 -0.000299627 4.68182 -0.00260628 0.000298592 0.999997 114.572
0.99999 0.000568706 0.00440031 152.314 -0.000566886 1 -0.000414748 4.68645 -0.00440054 0.000412249 0.99999 115.158
0.999959 0.000302783 0.00905891 152.979 -0.000302016 1 -8.60154e-005 4.71141 -0.00905894 8.32759e-005 0.999959 115.773
0.999969 0.00271999 0.00744499 153.655 -0.00270353 0.999994 -0.0022194 4.72756 -0.00745098 0.0021992 0.99997 116.364
0.999952 0.00567433 0.00792633 154.342 -0.00563684 0.999973 -0.00474346 4.73834 -0.00795303 0.00469856 0.999957 116.954
0.999959 0.00479283 0.00769819 155.033 -0.00476213 0.999981 -0.00400123 4.74857 -0.00771721 0.0039644 0.999962 117.535
0.999968 0.00140809 0.00784572 155.75 -0.00139878 0.999998 -0.00119179 4.76239 -0.00784738 0.00118078 0.999969 118.114
0.999957 -0.0028204 0.00878538 156.461 0.00280066 0.999994 0.00225886 4.76962 -0.0087917 -0.00223416 0.999959 118.692
0.999962 -0.00118434 0.00868691 157.183 0.00117617 0.999999 0.000945411 4.78129 -0.00868802 -0.000935158 0.999962 119.285
0.999951 -0.00312131 0.00941488 157.913 0.00309814 0.999992 0.00247457 4.79083 -0.00942253 -0.00244528 0.999953 119.864
0.999954 0.00278665 0.00916996 158.648 -0.00276752 0.999994 -0.00209873 4.80339 -0.00917575 0.00207326 0.999956 120.444
0.999947 0.000578815 0.0102769 159.402 -0.000574526 1 -0.00042022 4.81466 -0.0102771 0.000414294 0.999947 121.011
