0.999989 -0.00341086 -0.0031552 -0.00225038 0.00340381 0.999992 -0.00223655 -0.00404246 0.0031628 0.00222579 0.999993 0.631966
0.999968 -0.0024105 -0.00761781 -0.0130314 0.00238408 0.999991 -0.00347478 -0.00877785 0.00762612 0.00345651 0.999965 1.29955
0.999948 0.0012042 -0.0101714 -0.0389277 -0.00125263 0.999988 -0.00475662 -0.0139451 0.0101656 0.00476911 0.999937 1.94875
0.999856 0.00131163 -0.0169022 -0.0445701 -0.0014113 0.999982 -0.00588602 -0.0189071 0.0168941 0.00590903 0.99984 2.62176
0.999818 0.00103161 -0.0190275 -0.0680102 -0.00115061 0.99998 -0.00624395 -0.0248615 0.0190207 0.00626471 0.999799 3.2647
0.999689 0.000566442 -0.0249228 -0.0834434 -0.000734188 0.999977 -0.00672198 -0.0343455 0.0249185 0.00673819 0.999667 4.00122
0.999556 0.00435868 -0.0294642 -0.116398 -0.00459475 0.999958 -0.00794891 -0.0425738 0.0294283 0.00808076 0.999534 4.69715
0.999452 0.00414356 -0.0328415 -0.151508 -0.00435086 0.999971 -0.00624317 -0.0495474 0.0328146 0.00638264 0.999441 5.42338
0.999295 0.000180379 -0.0375301 -0.177389 -0.000300412 0.999995 -0.00319271 -0.0644911 0.0375294 0.00320174 0.99929 6.15815
0.999156 -0.000552035 -0.0410846 -0.199244 0.000510904 0.999999 -0.00101165 -0.0688899 0.0410851 0.000989802 0.999155 6.91239
0.999021 0.000289747 -0.0442415 -0.23976 -0.000318445 1 -0.000641619 -0.0817414 0.0442413 0.000655079 0.999021 7.66813
0.998996 0.00219693 -0.0447545 -0.303777 -0.00230922 0.999994 -0.00245737 -0.0809797 0.0447488 0.00255825 0.998995 8.46388
0.99882 -0.0048698 -0.0483146 -0.332048 0.00478544 0.999987 -0.00186164 -0.0907949 0.048323 0.00162824 0.99883 9.25201
0.998699 -0.00489948 -0.0507615 -0.368866 0.00484302 0.999988 -0.00123514 -0.102753 0.0507669 0.000987696 0.99871 10.0596
0.998708 -0.00207765 -0.0507748 -0.416272 0.00198672 0.999996 -0.00184126 -0.109851 0.0507784 0.00173801 0.998708 10.8661
0.998597 0.000488168 -0.0529553 -0.456388 -0.000696897 0.999992 -0.00392321 -0.117692 0.0529529 0.00395461 0.998589 11.695
0.998612 0.00369727 -0.0525323 -0.51765 -0.00403636 0.999972 -0.00635036 -0.128819 0.0525074 0.00655359 0.998599 12.48
0.998378 0.00378099 -0.0568087 -0.55409 -0.0042731 0.999954 -0.00854371 -0.130809 0.0567738 0.0087726 0.998349 13.3021
0.998378 0.00412247 -0.0567883 -0.605443 -0.00453584 0.999964 -0.00715232 -0.14241 0.0567567 0.0073983 0.998361 14.1295
0.998312 -0.000298511 -0.0580787 -0.65248 -0.000149438 0.99997 -0.00770831 -0.153189 0.0580793 0.00770398 0.998282 14.9456
0.998109 -0.00030907 -0.0614711 -0.68889 5.84733e-006 0.999988 -0.00493289 -0.166055 0.0614719 0.0049232 0.998097 15.7481
0.998193 -0.00182737 -0.0600641 -0.757941 0.00150557 0.999984 -0.00540238 -0.173352 0.060073 0.00530218 0.99818 16.5862
0.997984 -0.00068771 -0.0634589 -0.798239 0.000290934 0.99998 -0.00626152 -0.190762 0.0634619 0.00623043 0.997965 17.427
0.997921 -0.00230187 -0.0644042 -0.849136 0.00184841 0.999973 -0.00709957 -0.200473 0.0644189 0.00696576 0.997899 18.2458
0.997927 -0.00155787 -0.0643377 -0.91238 0.00121269 0.999985 -0.00540381 -0.210749 0.0643451 0.00531458 0.997914 19.0931
0.997863 0.00142971 -0.0653229 -0.963199 -0.00154155 0.999997 -0.00166164 -0.222977 0.0653204 0.00175879 0.997863 19.8249
0.99798 0.00441223 -0.0633786 -1.03412 -0.00430355 0.999989 0.00185107 -0.235931 0.0633861 -0.00157458 0.997988 20.7392
0.997968 -0.00214202 -0.0636889 -1.07803 0.00244533 0.999986 0.00468485 -0.233375 0.063678 -0.00483107 0.997959 21.5043
0.998334 0.00315225 -0.0576193 -1.17131 -0.00285306 0.999982 0.00527421 -0.243628 0.0576349 -0.00510103 0.998325 22.4652
0.998335 0.00110069 -0.0576715 -1.23348 -0.000945909 0.999996 0.00271107 -0.248227 0.0576742 -0.00265201 0.998332 23.3494
0.998519 0.00367273 -0.0542837 -1.29997 -0.00379996 0.99999 -0.0022408 -0.256606 0.054275 0.00244376 0.998523 24.3304
0.998512 0.0017026 -0.0545067 -1.33935 -0.00198293 0.999985 -0.00508922 -0.271481 0.0544973 0.00518973 0.9985 25.2206
0.998495 -0.00635522 -0.05447 -1.39052 0.00611979 0.999971 -0.00448791 -0.278736 0.0544969 0.00414781 0.998505 26.1005
0.998571 -0.00206931 -0.0533921 -1.44663 0.00212021 0.999997 0.00089664 -0.289251 0.0533901 -0.00100856 0.998573 27.0204
