0.999993 -0.00137303 -0.00338692 -0.00590868 0.00136543 0.999997 -0.0022434 -0.00116763 0.00338999 0.00223876 0.999992 0.65323
0.999975 -0.00228074 -0.00671158 -0.0148562 0.00225553 0.99999 -0.003761 1.97621e-005 0.00672009 0.00374576 0.99997 1.29374
0.999942 0.00111478 -0.0106823 -0.0328776 -0.00117755 0.999982 -0.00587245 -0.00165597 0.0106756 0.00588469 0.999926 1.95783
0.99987 0.000653044 -0.0161187 -0.0451974 -0.000751308 0.999981 -0.006091 -0.00723936 0.0161144 0.00610232 0.999852 2.63362
0.999786 -0.000806301 -0.0206675 -0.0634329 0.000674418 0.999979 -0.00638733 -0.0180318 0.0206722 0.00637203 0.999766 3.31819
0.999717 0.00125707 -0.0237747 -0.0931395 -0.00142484 0.999974 -0.00704118 -0.0330223 0.0237652 0.00707306 0.999693 4.03034
0.999553 0.00381736 -0.0296613 -0.112849 -0.00407179 0.999955 -0.00852211 -0.035651 0.0296274 0.00863907 0.999524 4.73839
0.999387 0.000710383 -0.0349906 -0.138476 -0.000956175 0.999975 -0.00700828 -0.0392987 0.0349847 0.00703745 0.999363 5.45958
0.99925 -0.000604765 -0.0387073 -0.17382 0.000478475 0.999995 -0.00327188 -0.0554435 0.0387091 0.00325091 0.999245 6.20309
0.999089 -0.00149906 -0.0426424 -0.205343 0.00144765 0.999998 -0.00123636 -0.0657637 0.0426442 0.0011735 0.99909 6.95494
0.999046 0.00166994 -0.0436315 -0.267497 -0.00173541 0.999997 -0.00146257 -0.0720619 0.0436289 0.0015369 0.999047 7.74108
0.998868 0.00222057 -0.0475061 -0.294561 -0.0022879 0.999996 -0.001363 -0.0844741 0.0475029 0.00147015 0.99887 8.51361
0.998808 -0.00458104 -0.0485991 -0.337991 0.00444525 0.999986 -0.00290193 -0.0829171 0.0486117 0.00268244 0.998814 9.31844
0.998841 -0.000339482 -0.0481203 -0.392228 0.000261896 0.999999 -0.00161861 -0.0933787 0.0481208 0.00160414 0.99884 10.1028
0.998622 -0.00261308 -0.052417 -0.426587 0.00248173 0.999994 -0.00257076 -0.100634 0.0524234 0.00243713 0.998622 10.935
0.998675 0.00150159 -0.0514358 -0.482236 -0.00172053 0.99999 -0.00421262 -0.112716 0.0514289 0.00429553 0.998667 11.7466
0.99848 0.0032479 -0.0550174 -0.53318 -0.00364026 0.999969 -0.00703275 -0.116884 0.0549929 0.00722234 0.998461 12.5241
0.998392 0.00346781 -0.0565879 -0.587444 -0.0039292 0.99996 -0.00804438 -0.132397 0.0565577 0.00825379 0.998365 13.3716
0.998467 0.00614765 -0.0550007 -0.641092 -0.00663739 0.99994 -0.00872596 -0.139507 0.0549438 0.00907765 0.998448 14.1544
0.99829 0.00337406 -0.0583531 -0.679117 -0.00374337 0.999974 -0.0062207 -0.158024 0.0583306 0.0064285 0.998277 14.9832
0.998374 0.00182875 -0.0569769 -0.746411 -0.0021399 0.999983 -0.00540042 -0.168527 0.0569661 0.00551356 0.998361 15.8026
0.998301 -0.00465996 -0.0580734 -0.806912 0.00435255 0.999976 -0.00541887 -0.173432 0.0580973 0.0051569 0.998298 16.6392
0.998162 -0.000951201 -0.0605901 -0.862492 0.000570691 0.99998 -0.00629705 -0.184587 0.0605949 0.0062509 0.998143 17.498
0.99824 -0.000709909 -0.0592909 -0.91939 0.000284152 0.999974 -0.00718893 -0.198104 0.0592945 0.00715943 0.998215 18.2885
0.997977 -0.00396682 -0.0634584 -0.957847 0.00359196 0.999975 -0.00602018 -0.206635 0.0634807 0.00578006 0.997966 19.1806
0.998253 0.00240458 -0.0590348 -1.02568 -0.0025644 0.999993 -0.00263157 -0.216773 0.0590281 0.00277836 0.998252 19.8658
0.998136 0.00452874 -0.0608628 -1.07695 -0.00445265 0.999989 0.00138587 -0.229532 0.0608684 -0.00111229 0.998145 20.8098
0.998326 0.000213538 -0.0578345 -1.12491 9.75456e-006 0.999993 0.00386059 -0.230069 0.0578349 -0.00385469 0.998319 21.5664
0.998527 0.00237256 -0.0542074 -1.192 -0.00212286 0.999987 0.0046635 -0.246151 0.0542178 -0.00454156 0.998519 22.5739
0.998515 0.0018749 -0.054452 -1.24533 -0.00175868 0.999996 0.00218227 -0.251465 0.0544559 -0.00208327 0.998514 23.4401
0.998531 0.00463602 -0.0539917 -1.30253 -0.00478994 0.999985 -0.00272171 -0.265253 0.0539782 0.00297633 0.998538 24.4269
0.998745 0.00303972 -0.0499996 -1.38069 -0.00334699 0.999976 -0.00606293 -0.268418 0.04998 0.00622267 0.998731 25.3388
0.998661 -0.00405719 -0.0515675 -1.40583 0.00381965 0.999982 -0.00470399 -0.285441 0.0515856 0.00450072 0.998658 26.1995
0.998672 -0.00516324 -0.0512612 -1.45887 0.00517842 0.999987 0.000163464 -0.295212 0.0512596 -0.000428699 0.998685 27.1068
0.998588 -0.00597496 -0.0527923 -1.49549 0.00616926 0.999975 0.00351821 -0.314368 0.0527699 -0.00383893 0.998599 28.0059
0.998407 -0.014011 -0.054655 -1.53402 0.0141719 0.999896 0.00255839 -0.321621 0.0546135 -0.00332889 0.998502 28.9176
0.998509 -0.007605 -0.054051 -1.58973 0.00753612 0.999971 -0.00147815 -0.327109 0.0540606 0.00106861 0.998537 29.8483
0.99836 -0.00125211 -0.0572305 -1.63803 0.000945518 0.999985 -0.00538387 -0.338091 0.0572364 0.00532093 0.998346 30.754
0.998298 0.00161689 -0.0582952 -1.69383 -0.001959 0.999981 -0.00581188 -0.35269 0.0582847 0.00591619 0.998282 31.609
0.99824 0.00117577 -0.0592934 -1.73589 -0.00145173 0.999988 -0.0046113 -0.369979 0.0592873 0.00468926 0.99823 32.4708
0.998239 0.00401018 -0.0591907 -1.80777 -0.00412297 0.99999 -0.00178347 -0.38612 0.0591829 0.00202437 0.998245 33.3374
0.998173 0.00257097 -0.0603653 -1.85926 -0.00261227 0.999996 -0.000605237 -0.397591 0.0603635 0.000761822 0.998176 34.2406
0.998126 0.000638379 -0.061187 -1.93183 -0.000498542 0.999997 0.00230064 -0.406723 0.0611883 -0.00226582 0.998124 35.1579
0.998064 0.00103387 -0.062187 -1.98199 -0.000702934 0.999985 0.00534329 -0.418774 0.0621916 -0.00528923 0.99805 36.0657
0.998109 0.00603979 -0.061174 -2.06314 -0.00554808 0.999951 0.00820454 -0.422216 0.0612206 -0.00784962 0.998093 37.0091
0.998026 0.00601882 -0.0625094 -2.10607 -0.00555206 0.999955 0.00763805 -0.434509 0.0625526 -0.00727592 0.998015 37.9625
0.998017 -0.00313824 -0.0628718 -2.16201 0.00348132 0.99998 0.00534788 -0.429912 0.0628537 -0.00555615 0.998007 38.9323
0.998075 0.00227203 -0.0619794 -2.23303 -0.00203499 0.99999 0.00388738 -0.444612 0.0619877 -0.00375377 0.99807 39.894
0.997991 0.0011721 -0.0633495 -2.29278 -0.000976163 0.999995 0.00312387 -0.44986 0.0633528 -0.00305576 0.997987 40.8408
0.998005 -0.00153675 -0.0631222 -2.39226 0.00179621 0.99999 0.0040539 -0.458047 0.0631154 -0.0041592 0.997998 41.8453
0.997841 -0.0013934 -0.0656619 -2.43483 0.00174084 0.999985 0.00523448 -0.467672 0.0656536 -0.00533748 0.997828 42.7795
0.997912 0.00262894 -0.0645338 -2.51769 -0.00248983 0.999994 0.00223591 -0.478899 0.0645394 -0.00207057 0.997913 43.7509
0.997749 0.00309339 -0.0669899 -2.57995 -0.0032232 0.999993 -0.00182975 -0.491967 0.0669837 0.00204155 0.997752 44.6709
0.99787 0.000813952 -0.0652263 -2.65017 -0.00102241 0.999994 -0.00316265 -0.504614 0.0652234 0.0032226 0.997865 45.5819
0.997868 0.00011405 -0.0652596 -2.71276 -6.85655e-005 1 0.000699221 -0.525294 0.0652596 -0.000693256 0.997868 46.4996
0.997852 -0.00245405 -0.0654567 -2.7678 0.00268706 0.99999 0.00347192 -0.536187 0.0654475 -0.00364035 0.997849 47.3558
0.99778 -0.00464145 -0.066433 -2.82821 0.00495506 0.999977 0.00455665 -0.549135 0.0664103 -0.00487572 0.99778 48.2589
0.997843 -0.00350012 -0.06555 -2.88673 0.00369133 0.999989 0.00279618 -0.563973 0.0655395 -0.00303211 0.997845 49.1543
0.997785 -0.00512451 -0.0663301 -2.94895 0.00522097 0.999986 0.00128096 -0.579079 0.0663226 -0.00162443 0.997797 50.0517
0.997663 -0.00512559 -0.068135 -3.01544 0.00529289 0.999983 0.00227501 -0.578309 0.0681222 -0.00263033 0.997674 50.9559
0.997591 -0.00633197 -0.0690773 -3.06585 0.00679552 0.999956 0.00647776 -0.593564 0.0690332 -0.00693157 0.99759 51.8377
0.997613 -0.00443919 -0.0689096 -3.12593 0.00518551 0.99993 0.0106553 -0.592422 0.0688575 -0.0109872 0.997566 52.7207
0.997653 0.00484096 -0.0682969 -3.22371 -0.00387302 0.99989 0.0142979 -0.601987 0.0683586 -0.0139998 0.997563 53.7381
0.997422 0.00383469 -0.0716499 -3.28649 -0.003161 0.99995 0.00951357 -0.610237 0.0716828 -0.00926256 0.997384 54.6735
0.997378 0.00502506 -0.0721929 -3.36515 -0.00489492 0.999986 0.00197946 -0.612178 0.0722018 -0.00162089 0.997389 55.5934
0.997258 0.0044091 -0.0738771 -3.433 -0.00460939 0.999986 -0.00254079 -0.622758 0.0738649 0.00287435 0.997264 56.5103
0.997102 0.00353361 -0.0759964 -3.48022 -0.00369146 0.999991 -0.00193678 -0.632871 0.0759889 0.00221171 0.997106 57.3557
0.997014 0.00487197 -0.0770658 -3.55462 -0.00483904 0.999988 0.000614087 -0.647356 0.0770679 -0.000239329 0.997026 58.2285
0.996959 0.00525383 -0.0777452 -3.62239 -0.00509068 0.999984 0.0022965 -0.664579 0.0777561 -0.00189374 0.996971 59.0445
0.997141 0.0078481 -0.0751563 -3.72557 -0.0076608 0.999967 0.00278007 -0.678356 0.0751756 -0.00219636 0.997168 59.886
0.996531 0.00107523 -0.0832193 -3.75727 -0.000787587 0.999994 0.00348924 -0.696483 0.0832225 -0.00341159 0.996525 60.6755
0.996554 -0.000789381 -0.0829435 -3.83856 0.00113163 0.999991 0.00407931 -0.716126 0.0829396 -0.00415911 0.996546 61.4963
0.996509 0.00153109 -0.0834751 -3.91142 -0.00112997 0.999988 0.00485231 -0.725223 0.0834814 -0.00474104 0.996498 62.3282
0.99649 0.00240992 -0.0836781 -4.00031 -0.00194405 0.999982 0.0056485 -0.731102 0.0836902 -0.005466 0.996477 63.1381
0.996313 0.00215618 -0.0857621 -4.07269 -0.00143521 0.999963 0.00846746 -0.734185 0.0857772 -0.00831316 0.99628 63.9145
0.996191 0.00433875 -0.0870932 -4.15175 -0.00321587 0.99991 0.0130291 -0.739674 0.0871419 -0.0126993 0.996115 64.7239
0.996133 0.00578515 -0.0876639 -4.24365 -0.00451318 0.999882 0.0147008 -0.743458 0.0877386 -0.0142483 0.996042 65.5309
0.995966 0.00676624 -0.0894715 -4.33101 -0.00582279 0.999925 0.0108015 -0.750195 0.0895379 -0.010237 0.995931 66.3145
0.995933 0.00377921 -0.0900148 -4.39668 -0.00346519 0.999987 0.00364454 -0.761765 0.0900275 -0.0033178 0.995934 67.107
0.995858 -0.0012883 -0.0909179 -4.47451 0.00107388 0.999997 -0.00240718 -0.769544 0.0909207 0.00229957 0.995855 67.8312
0.995915 0.000648466 -0.0902944 -4.57107 -0.000871326 0.999997 -0.00242875 -0.785138 0.0902925 0.0024975 0.995912 68.5533
0.995799 0.00505595 -0.0914305 -4.63248 -0.00501 0.999987 0.000732053 -0.795523 0.091433 -0.00027091 0.995811 69.202
0.995567 0.000399085 -0.0940524 -4.68288 -7.47984e-005 0.999994 0.00345144 -0.815242 0.0940532 -0.0034291 0.995561 69.8564
0.995497 -0.00264198 -0.0947525 -4.74549 0.00264894 0.999996 -5.23364e-005 -0.828933 0.0947523 -0.000198893 0.995501 70.4915
0.995604 -0.0107398 -0.0930459 -4.80622 0.0102023 0.999928 -0.00625071 -0.842654 0.0931064 0.00527395 0.995642 71.111
0.995595 -0.0113239 -0.0930713 -4.85485 0.0103127 0.999883 -0.0113386 -0.851143 0.0931888 0.0103289 0.995595 71.6898
0.996077 -0.00220587 -0.0884636 -4.91564 0.0011697 0.99993 -0.0117631 -0.854539 0.0884833 0.0116135 0.99601 72.2197
0.996518 0.00773381 -0.0830181 -4.98069 -0.00844439 0.999931 -0.00821155 -0.864557 0.0829488 0.008884 0.996514 72.7155
0.996776 0.00268366 -0.0801924 -5.01285 -0.00317599 0.999977 -0.00601238 -0.871834 0.0801744 0.00624769 0.996761 73.164
0.997273 -0.00587272 -0.0735679 -5.03907 0.00577948 0.999982 -0.00148023 -0.882417 0.0735753 0.00105101 0.997289 73.5631
