0.999988 -0.0027938 -0.00398654 0.00880003 0.00278629 0.999994 -0.00188774 -0.00900413 0.00399179 0.00187661 0.99999 0.670853
0.999976 -0.00302217 -0.0062819 -0.00334815 0.00299809 0.999988 -0.00383816 -0.0106233 0.00629343 0.00381923 0.999973 1.33034
0.99994 -0.00145235 -0.010819 -0.023403 0.00139709 0.999986 -0.00511387 -0.00932822 0.0108262 0.00509845 0.999928 1.97902
0.999873 0.00386532 -0.0154476 -0.0438749 -0.00395583 0.999975 -0.00583293 -0.0188807 0.0154246 0.00589329 0.999864 2.68621
0.999789 0.00244771 -0.0203905 -0.0461929 -0.00255635 0.999983 -0.00530377 -0.0336037 0.0203772 0.00535478 0.999778 3.45466
0.999662 0.00334208 -0.0257807 -0.0801684 -0.00352114 0.99997 -0.00690343 -0.0363727 0.0257569 0.00699188 0.999644 4.16729
0.999566 0.00401621 -0.0291827 -0.111855 -0.00424577 0.999961 -0.00780843 -0.0412753 0.0291502 0.00792894 0.999544 4.86822
0.99937 0.00294122 -0.0353724 -0.143892 -0.00317067 0.999974 -0.00643224 -0.0530782 0.0353526 0.00654034 0.999353 5.78449
0.999255 0.00369589 -0.0384089 -0.185637 -0.00381463 0.999988 -0.00301883 -0.066393 0.0383972 0.0031631 0.999258 6.52496
0.999088 -0.00231409 -0.0426328 -0.19022 0.00228314 0.999997 -0.000774559 -0.0590785 0.0426345 0.000676516 0.999091 7.11932
0.999032 0.000618071 -0.0439758 -0.26987 -0.0006802 0.999999 -0.00139785 -0.085547 0.0439749 0.0014264 0.999032 8.04213
0.998884 0.00395999 -0.0470735 -0.272716 -0.00403702 0.999991 -0.00154141 -0.091244 0.047067 0.00172973 0.99889 8.78606
0.998757 -0.00448212 -0.0496521 -0.336754 0.004346 0.999986 -0.00284908 -0.0931214 0.0496642 0.00262975 0.998763 9.65529
0.998803 0.000366191 -0.0489072 -0.394637 -0.000415611 0.999999 -0.00100032 -0.102054 0.0489069 0.00101945 0.998803 10.4381
0.998717 -0.00493443 -0.0504033 -0.449606 0.00486588 0.999987 -0.00148271 -0.120571 0.05041 0.00123555 0.998728 11.2916
0.998495 -0.00117437 -0.0548377 -0.477408 0.000931823 0.99999 -0.00444839 -0.124698 0.0548424 0.00439059 0.998485 12.1066
0.998347 0.00629851 -0.0571224 -0.484251 -0.00674046 0.999949 -0.00754746 -0.122667 0.0570719 0.00792002 0.998339 12.8286
0.998541 0.0105104 -0.0529613 -0.604057 -0.0109714 0.999904 -0.00842089 -0.142097 0.0528677 0.00898967 0.998561 13.685
0.998396 0.0049658 -0.0564009 -0.631559 -0.0054025 0.999957 -0.00759296 -0.151623 0.0563607 0.00788548 0.998379 14.5134
0.997799 0.0156373 -0.0644361 -0.543 -0.0160167 0.999857 -0.00537519 -0.189063 0.0643428 0.00639542 0.997907 15.2448
0.998445 -0.0373964 -0.0413365 -1.00455 0.03766 0.999275 0.00561701 -0.235174 0.0410965 -0.00716501 0.999129 16.0998
0.998159 -0.000989642 -0.0606446 -0.815426 0.000704791 0.999989 -0.00471826 -0.210045 0.0606486 0.00466683 0.998148 16.9183
0.997706 -0.000354491 -0.0676876 -0.840046 -2.32003e-005 0.999984 -0.00557905 -0.233022 0.0676886 0.00556782 0.997691 17.8129
0.99859 -0.000688148 -0.0530789 -1.04784 0.000624907 0.999999 -0.00120803 -0.250207 0.0530797 0.00117316 0.99859 18.5403
0.997918 -0.00517226 -0.0642816 -1.01621 0.0049278 0.99998 -0.00396087 -0.232187 0.0643008 0.00363586 0.997924 19.5406
0.997909 -0.00314701 -0.0645565 -1.0963 0.0031794 0.999995 0.000399014 -0.257913 0.0645549 -0.000603431 0.997914 20.5499
0.998333 -0.00222849 -0.0576669 -1.17631 0.00256489 0.99998 0.00576028 -0.266137 0.0576529 -0.00589859 0.998319 21.245
0.998194 0.00511659 -0.0598497 -1.18184 -0.00469384 0.999963 0.0072019 -0.264034 0.0598843 -0.00690797 0.998181 22.0431
0.998262 -0.00247332 -0.058881 -1.27447 0.0029528 0.999963 0.00805754 -0.268124 0.0588589 -0.0082174 0.998232 23.2747
0.998452 0.00226017 -0.05558 -1.33008 -0.0019154 0.999979 0.00625572 -0.282103 0.055593 -0.00613958 0.998435 24.0899
0.998472 0.00175021 -0.0552279 -1.3702 -0.00170983 0.999998 0.000778431 -0.280302 0.0552292 -0.000682812 0.998473 25.0268
0.998457 -0.00152096 -0.055508 -1.44214 0.00138534 0.999996 -0.00248169 -0.287656 0.0555115 0.00240096 0.998455 26.1481
0.998674 -0.00422907 -0.051312 -1.51156 0.00419059 0.999991 -0.000857378 -0.315634 0.0513152 0.000641213 0.998682 27.039
0.998544 -0.00411295 -0.0537774 -1.51962 0.00430609 0.999985 0.00347608 -0.309005 0.0537623 -0.00370259 0.998547 27.9176
0.998433 -0.0105021 -0.0549671 -1.58524 0.0108994 0.999917 0.00693155 -0.320614 0.0548897 -0.00751979 0.998464 28.924
0.998402 -0.0148719 -0.0545249 -1.62762 0.0152049 0.999868 0.00569715 -0.332146 0.054433 -0.0065171 0.998496 29.7984
0.998388 -0.00654104 -0.05638 -1.68467 0.00668039 0.999975 0.00228365 -0.341922 0.0563637 -0.0026566 0.998407 30.7859
0.998209 -0.00935515 -0.0590842 -1.73369 0.00924717 0.999955 -0.00210075 -0.347148 0.0591012 0.00155063 0.998251 31.7745
0.998157 -0.000377226 -0.0606758 -1.79858 0.000217925 0.999997 -0.00263203 -0.35435 0.0606766 0.00261396 0.998154 32.6086
0.99819 0.00462575 -0.0599655 -1.86901 -0.00466587 0.999989 -0.000529023 -0.368112 0.0599624 0.000807857 0.9982 33.4775
0.998011 0.00488955 -0.0628577 -1.8985 -0.00479424 0.999987 0.0016671 -0.378156 0.062865 -0.00136242 0.998021 34.4128
0.997896 0.000660555 -0.0648332 -1.96375 -0.000466722 0.999995 0.00300483 -0.385724 0.0648349 -0.00296825 0.997892 35.2885
0.997873 6.50723e-005 -0.0651838 -2.02783 0.000361324 0.999979 0.00652963 -0.399603 0.0651829 -0.00653929 0.997852 36.2142
0.99783 -0.000619026 -0.0658415 -2.08097 0.0011558 0.999966 0.00811473 -0.395155 0.0658343 -0.00817322 0.997797 37.1787
0.99774 0.00392284 -0.0670713 -2.14879 -0.00319281 0.999935 0.0109882 -0.395986 0.06711 -0.0107492 0.997688 38.1245
0.997789 0.00397628 -0.0663382 -2.16506 -0.00330313 0.999942 0.010254 -0.39812 0.0663751 -0.0100122 0.997745 37.9421
0.99779 0.00528551 -0.0662394 -2.26779 -0.00466675 0.999944 0.00949245 -0.404897 0.0662858 -0.00916234 0.997759 39.8624
0.997712 0.0022999 -0.0675656 -2.32783 -0.00185169 0.999976 0.0066956 -0.405796 0.0675794 -0.00655517 0.997692 40.8153
0.997697 0.00252521 -0.0677793 -2.36052 -0.00203587 0.999971 0.0072876 -0.425417 0.0677958 -0.00713283 0.997674 41.4067
0.997246 -0.00371098 -0.0740696 -2.42084 0.00424809 0.999966 0.00709512 -0.411855 0.0740407 -0.00739023 0.997228 42.7549
0.997682 0.00121811 -0.0680359 -2.53675 -0.000549879 0.999951 0.00983968 -0.431122 0.0680445 -0.00977946 0.997634 43.6696
0.997189 0.000578135 -0.0749275 -2.54881 -0.000165662 0.999985 0.00551107 -0.435906 0.0749295 -0.00548317 0.997174 44.5832
0.997302 0.00424434 -0.0732832 -2.6619 -0.00416106 0.999991 0.00128905 -0.438033 0.073288 -0.00098064 0.99731 45.6885
0.99733 0.00390338 -0.0729285 -2.71839 -0.00385288 0.999992 0.000833176 -0.453016 0.0729312 -0.000549966 0.997337 46.6412
0.997268 -0.000397827 -0.0738617 -2.79171 0.000684418 0.999992 0.00385483 -0.463996 0.0738596 -0.00389485 0.997261 47.5024
0.997272 -0.00270933 -0.0737668 -2.86213 0.00320942 0.999973 0.00666161 -0.469717 0.0737467 -0.00688018 0.997253 48.5096
0.997301 -0.00376039 -0.0733215 -2.93502 0.00431812 0.999963 0.00744969 -0.486369 0.0732907 -0.0077462 0.997281 49.4136
0.997285 -0.00786052 -0.0732189 -3.0231 0.00833779 0.999946 0.00621505 -0.489245 0.0731661 -0.00680865 0.997297 50.3861
0.997149 -0.00668457 -0.0751545 -3.07376 0.00704745 0.999965 0.00456435 -0.505621 0.0751213 -0.00508098 0.997161 51.3847
0.997012 -0.00639314 -0.0769873 -3.13734 0.0068587 0.99996 0.00578436 -0.514083 0.0769472 -0.00629511 0.997015 52.3151
0.997253 -0.00378291 -0.0739732 -3.23148 0.00453306 0.99994 0.00997557 -0.517865 0.073931 -0.0102835 0.99721 53.2304
0.996869 -0.0122771 -0.0781112 -3.28172 0.0133938 0.999815 0.0137893 -0.503789 0.0779275 -0.0147923 0.996849 54.2087
0.996959 -0.00452208 -0.0778026 -3.27096 0.00586743 0.999837 0.0170719 -0.516098 0.0777127 -0.0174765 0.996823 53.996
0.996939 0.00242074 -0.07814 -3.44606 -0.00140643 0.999914 0.0130331 -0.514165 0.0781649 -0.0128833 0.996857 55.9303
0.996683 0.0071074 -0.0810739 -3.49252 -0.00672896 0.999965 0.0049401 -0.509821 0.0811062 -0.00437817 0.996696 56.8317
0.996601 0.00389788 -0.0822843 -3.53802 -0.00388027 0.999992 0.000373927 -0.528391 0.0822852 -5.33703e-005 0.996609 57.38
0.996554 0.00795634 -0.0825683 -3.6627 -0.00783684 0.999968 0.0017713 -0.536121 0.0825797 -0.00111812 0.996584 58.6568
0.996451 0.0073847 -0.083854 -3.72205 -0.00705958 0.999966 0.00417302 -0.548442 0.083882 -0.00356624 0.996469 59.447
0.996297 0.0100932 -0.085382 -3.79086 -0.00958268 0.999934 0.00638676 -0.567918 0.0854408 -0.00554492 0.996328 60.1487
0.996214 0.0044415 -0.0868253 -3.88538 -0.00397294 0.999977 0.00556868 -0.562618 0.086848 -0.00520264 0.996208 61.158
0.995927 0.001032 -0.0901595 -3.93991 -0.000499943 0.999982 0.00592371 -0.571433 0.090164 -0.00585451 0.99591 61.9724
0.996001 0.00323372 -0.089286 -4.03628 -0.00254593 0.999966 0.00781612 -0.589245 0.0893083 -0.00755755 0.995975 62.77
0.995784 0.00230641 -0.0916992 -4.11312 -0.00162944 0.999971 0.0074567 -0.594201 0.0917137 -0.00727585 0.995759 63.6769
0.995736 0.00300179 -0.092197 -4.18744 -0.00212652 0.999952 0.00959023 -0.619938 0.0922213 -0.00935329 0.995695 64.4652
0.995672 0.00393363 -0.0928517 -4.29629 -0.00289848 0.999932 0.0112806 -0.605264 0.0928898 -0.0109627 0.995616 65.2705
0.995401 0.00248041 -0.0957687 -4.36377 -0.00106734 0.99989 0.0148035 -0.604651 0.0957948 -0.0146332 0.995294 66.2457
0.995286 0.00691609 -0.0967326 -4.32296 -0.00522113 0.999829 0.0177643 -0.608011 0.0968388 -0.0171755 0.995152 65.6363
0.995069 0.0116501 -0.0984982 -4.51725 -0.0102406 0.999838 0.014803 -0.628844 0.0986547 -0.0137213 0.995027 67.5857
0.995031 0.00730713 -0.0993017 -4.59295 -0.00669175 0.999956 0.00652875 -0.626852 0.0993451 -0.0058318 0.995036 68.1935
0.994892 0.00397932 -0.100864 -4.61518 -0.0038643 0.999992 0.00133566 -0.641882 0.100868 -0.000939065 0.994899 68.5475
0.994808 0.00162423 -0.101753 -4.74426 -0.00159931 0.999999 0.000326499 -0.643314 0.101753 -0.000162069 0.99481 69.8315
0.994801 0.00729949 -0.101578 -4.8595 -0.0068819 0.999966 0.00446083 -0.660863 0.101607 -0.00373859 0.994818 70.5623
0.994577 0.00221219 -0.103976 -4.89803 -0.00158149 0.99998 0.0061479 -0.672675 0.103987 -0.00595012 0.994561 71.1769
0.994601 0.00134447 -0.103762 -4.96525 -0.0011427 0.999997 0.00200402 -0.679205 0.103764 -0.00187463 0.9946 71.6535
0.994361 -0.00970984 -0.105602 -5.05984 0.00946847 0.999951 -0.00278674 -0.699121 0.105624 0.00177114 0.994405 72.5976
0.994744 -0.0146555 -0.101336 -5.1109 0.0139512 0.999873 -0.00765523 -0.712268 0.101435 0.00620124 0.994823 73.1388
0.994816 -0.011927 -0.100985 -5.14823 0.0111551 0.999904 -0.00820439 -0.721197 0.101073 0.00703537 0.994854 73.646
0.995332 -0.00358519 -0.0964387 -5.20624 0.00312875 0.999983 -0.00488378 -0.725287 0.0964546 0.00455926 0.995327 74.1356
0.995882 0.000369559 -0.090663 -5.26318 -0.000544765 0.999998 -0.00190776 -0.737234 0.0906621 0.00194929 0.99588 74.6527
0.996391 0.00243913 -0.0848443 -5.28377 -0.00223142 0.999994 0.00254291 -0.749128 0.08485 -0.00234441 0.996391 75.118
0.996942 -0.00691599 -0.077839 -5.31313 0.00734001 0.99996 0.00516261 -0.760924 0.0778002 -0.00571817 0.996953 75.6339
0.997785 -0.00643479 -0.0662142 -5.35502 0.00682702 0.99996 0.00569902 -0.76957 0.0661749 -0.00613844 0.997789 76.1612
0.998623 -0.00120349 -0.0524506 -5.3727 0.00151094 0.999982 0.00582236 -0.774315 0.0524427 -0.00589359 0.998607 76.6531
0.999416 0.00889404 -0.0330045 -5.39545 -0.00868441 0.999941 0.00648936 -0.775634 0.0330602 -0.00619895 0.999434 77.1231
0.999854 0.0114724 -0.0126318 -5.37396 -0.011387 0.999912 0.00681712 -0.78411 0.0127089 -0.00667229 0.999897 77.6302
0.99989 0.00283606 0.0145677 -5.35586 -0.0029559 0.999962 0.00821166 -0.790878 -0.0145438 -0.00825382 0.99986 78.1298
0.999215 -0.00197809 0.0395708 -5.27687 0.00156396 0.999944 0.0104938 -0.795734 -0.0395894 -0.0104237 0.999162 78.5519
0.996994 -0.00568856 0.077265 -5.25063 0.00474743 0.999912 0.0123588 -0.796959 -0.0773285 -0.0119548 0.996934 79.0445
0.993536 -0.0071583 0.11329 -5.16756 0.00575324 0.999902 0.0127244 -0.799784 -0.11337 -0.0119904 0.99348 79.5307
0.987187 0.00287392 0.159541 -5.08529 -0.0048568 0.999916 0.0120401 -0.796673 -0.159493 -0.0126607 0.987118 80.0054
0.979419 0.00273797 0.201818 -4.97092 -0.00557221 0.999894 0.0134767 -0.806279 -0.20176 -0.0143239 0.97933 80.3924
0.96716 0.00363953 0.254142 -4.84837 -0.006821 0.999909 0.0116384 -0.812184 -0.254076 -0.0129897 0.967097 80.8401
0.949956 -0.00299433 0.31237 -4.71815 -0.000923148 0.999923 0.0123925 -0.837619 -0.312383 -0.0120607 0.94988 81.3266
0.939101 -0.0113223 0.343454 -4.36615 0.00773847 0.9999 0.0118035 -0.84189 -0.343554 -0.00842691 0.939095 81.6641
0.902791 0.0148967 0.429822 -4.27141 -0.0137374 0.999889 -0.00580029 -0.748283 -0.429861 -0.000668172 0.902895 82.2666
0.879897 -0.000618307 0.475164 -3.93405 -0.00287891 0.999974 0.00663231 -0.819531 -0.475155 -0.00720371 0.879873 82.6082
0.852905 -0.00667517 0.522024 -3.68631 0.00357777 0.99997 0.0069412 -0.806696 -0.522054 -0.00405251 0.852903 82.7996
0.80928 -0.00158235 0.587421 -3.15952 0.0157537 0.999695 -0.0190107 -0.616577 -0.587212 0.0246391 0.809058 83.5402
0.771987 -0.0113183 0.635538 -3.02223 0.0119141 0.999923 0.00333556 -0.765408 -0.635527 0.00499687 0.772063 83.5579
0.729876 -0.00801912 0.683533 -2.67409 0.00346575 0.999962 0.00803071 -0.779033 -0.683571 -0.00349247 0.729876 83.8547
0.68851 -0.00382726 0.725217 -2.42351 -0.00502579 0.999937 0.0100485 -0.777169 -0.725209 -0.0105633 0.688447 84.0103
0.627798 0.00898968 0.778324 -1.89768 -0.00203372 0.999949 -0.00990905 -0.698106 -0.778373 0.00463799 0.627785 84.5658
0.587823 -0.00981875 0.80893 -1.54925 0.000609125 0.999931 0.0116945 -0.772545 -0.808989 -0.00638155 0.587789 84.6755
0.542735 -0.00793361 0.839866 -1.13947 0.003904 0.999968 0.00692315 -0.773521 -0.839895 -0.000478604 0.542749 84.8662
0.495901 -0.00197889 0.868377 -0.78906 0.00568138 0.999983 -0.000965648 -0.736934 -0.868361 0.00541244 0.495904 85.0574
0.450967 0.0014252 0.89254 -0.427939 -0.00464529 0.999989 0.000750319 -0.781448 -0.892529 -0.00448447 0.450968 85.1755
0.4133 -0.0105311 0.910534 0.173988 0.00623696 0.999942 0.00873416 -0.762352 -0.910573 0.00206913 0.413342 85.3119
0.366035 -0.0165828 0.930453 0.209223 0.00145346 0.99985 0.0172478 -0.796765 -0.9306 -0.0049609 0.366004 85.376
0.296276 0.000287674 0.955102 0.554253 -0.00934767 0.999953 0.00259849 -0.840293 -0.955057 -0.00969785 0.296264 85.825
0.302143 -0.0236219 0.95297 1.05393 0.00618061 0.99972 0.0228211 -0.792939 -0.953243 -0.00100532 0.302205 85.5995
0.27237 -0.00608531 0.962173 1.80482 -0.00610472 0.999949 0.00805233 -0.819688 -0.962173 -0.00806701 0.272319 85.8062
0.24341 -0.00239415 0.96992 2.07468 -0.00976917 0.99994 0.00491991 -0.861015 -0.969874 -0.0106729 0.243372 85.8589
0.196962 0.00592721 0.980393 2.47737 -0.00124133 0.999982 -0.00579626 -0.853962 -0.98041 -7.53513e-005 0.196966 86.0746
0.19251 -0.0109852 0.981234 3.07901 -0.00230971 0.999929 0.0116477 -0.812233 -0.981292 -0.00450865 0.192471 86.0138
0.170957 -0.0144605 0.985172 3.47478 0.0126931 0.999842 0.0124732 -0.835151 -0.985197 0.0103725 0.171114 86.0745
0.148399 -0.0168418 0.988784 3.82213 0.0217844 0.999668 0.0137577 -0.83542 -0.988688 0.0194984 0.148717 86.1225
0.124282 -0.00977338 0.992199 4.26206 0.0208242 0.999757 0.0072394 -0.828928 -0.992028 0.019762 0.124456 86.2081
0.117438 -0.0108876 0.993021 4.81198 0.0027522 0.99994 0.010638 -0.809824 -0.993076 0.00148369 0.11746 86.2286
0.101926 -0.00790493 0.994761 5.2183 -0.0115349 0.999892 0.00912761 -0.823638 -0.994725 -0.0124048 0.101824 86.2683
0.0876586 -0.007746 0.99612 5.51387 -0.0222818 0.999704 0.00973467 -0.844502 -0.995901 -0.0230486 0.08746 86.2643
0.0735904 -0.011596 0.997221 6.14628 -0.0186074 0.999742 0.0129984 -0.820678 -0.997115 -0.0195123 0.0733557 86.335
0.0665935 -0.0173765 0.997629 6.66296 -0.0124192 0.999756 0.0182425 -0.813381 -0.997703 -0.0136046 0.0663615 86.344
0.0581632 -0.01913 0.998124 7.16081 -0.00886146 0.999767 0.0196778 -0.821186 -0.998268 -0.00998936 0.0579801 86.3684
0.0521979 -0.0189463 0.998457 7.65663 -0.007783 0.999782 0.0193783 -0.832567 -0.998606 -0.0087825 0.0520391 86.3687
0.0456401 -0.0214698 0.998727 8.2723 -0.00940228 0.999715 0.0219208 -0.805071 -0.998914 -0.0103908 0.0454252 86.4168
0.0407436 -0.0208994 0.998951 8.81842 -0.0146619 0.999661 0.0215122 -0.807974 -0.999062 -0.0155231 0.0404234 86.4412
0.0358599 -0.0225462 0.999102 9.45018 -0.0155061 0.999613 0.0231142 -0.801148 -0.999237 -0.0163211 0.0354964 86.4607
0.0318585 -0.0220979 0.999248 10.009 -0.0174911 0.99959 0.0226631 -0.792166 -0.999339 -0.0182 0.0314589 86.478
0.0301051 -0.0278757 0.999158 10.7756 -0.0197158 0.9994 0.0284765 -0.739715 -0.999352 -0.0205564 0.0295374 86.4894
0.0271872 -0.0264045 0.999282 11.4236 -0.0215487 0.999403 0.026994 -0.762328 -0.999398 -0.0222671 0.026602 86.5161
0.0267678 -0.0321282 0.999125 12.221 -0.0242273 0.999169 0.0327786 -0.747405 -0.999348 -0.0250835 0.0259672 86.527
0.0285672 -0.0365059 0.998925 12.9628 -0.0257382 0.998975 0.0372438 -0.728046 -0.99926 -0.0267745 0.0275983 86.5394
0.0305111 -0.0368185 0.998856 13.7875 -0.0274993 0.998912 0.0376606 -0.69377 -0.999156 -0.0286169 0.0294654 86.5676
0.0356613 -0.0408633 0.998528 14.4036 -0.029142 0.998696 0.041911 -0.714909 -0.998939 -0.0305937 0.034424 86.5948
0.0391024 -0.0409106 0.998397 15.1937 -0.0364499 0.998438 0.0423399 -0.662235 -0.99857 -0.0380471 0.0375501 86.6354
0.0425799 -0.0400055 0.998292 15.9894 -0.0381728 0.998403 0.0416381 -0.64025 -0.998364 -0.0398805 0.0409848 86.671
0.0460273 -0.0393623 0.998164 16.7481 -0.0408788 0.998312 0.0412531 -0.631521 -0.998103 -0.0427025 0.0443406 86.719
0.0518443 -0.037941 0.997934 17.4773 -0.0439177 0.998225 0.0402336 -0.581235 -0.997689 -0.0459128 0.050086 86.753
0.0553476 -0.0353673 0.997841 18.2863 -0.0461128 0.998216 0.0379383 -0.569144 -0.997402 -0.048113 0.053618 86.7927
0.0606994 -0.036248 0.997498 19.0971 -0.0443659 0.998255 0.0389752 -0.529668 -0.99717 -0.0466207 0.0589853 86.8317
0.061351 -0.0300514 0.997664 19.9857 -0.039404 0.998695 0.0325055 -0.51491 -0.997338 -0.0413062 0.0600868 86.9245
0.0627482 -0.0251266 0.997713 20.8351 -0.0263149 0.999294 0.0268214 -0.490257 -0.997682 -0.0279377 0.0620427 86.993
0.0640034 -0.0239853 0.997661 21.6733 -0.0245112 0.999372 0.0255989 -0.474387 -0.997649 -0.0260923 0.0633753 87.0293
0.0612864 -0.0196933 0.997926 22.6032 -0.0266165 0.999418 0.0213574 -0.467147 -0.997765 -0.0278702 0.0607265 87.1459
0.0606816 -0.0146861 0.998049 23.4317 -0.0260318 0.999528 0.0162906 -0.451715 -0.997818 -0.0269695 0.0602707 87.196
0.0645017 -0.0191331 0.997734 24.1439 -0.0280465 0.999386 0.0209779 -0.442158 -0.997523 -0.0293361 0.0639255 87.2156
0.0592288 -0.0126733 0.998164 25.127 -0.0252767 0.99958 0.0141911 -0.428366 -0.997924 -0.0260708 0.0588835 87.3453
0.0617371 -0.0129823 0.998008 25.9164 -0.0196528 0.999706 0.0142201 -0.430955 -0.997899 -0.0204915 0.0614638 87.3731
0.0632462 -0.0127614 0.997916 26.7864 -0.0196823 0.999708 0.0140317 -0.422895 -0.997804 -0.0205288 0.0629766 87.4139
0.0586205 -0.00750688 0.998252 27.7065 -0.0136301 0.999872 0.00831947 -0.421666 -0.998187 -0.014094 0.0585107 87.526
0.0571222 -0.00323562 0.998362 28.5096 -0.0145108 0.999886 0.00407082 -0.429862 -0.998262 -0.0147196 0.0570688 87.5761
0.0544034 -0.00249405 0.998516 29.3406 -0.0138447 0.999899 0.00325182 -0.433902 -0.998423 -0.0140011 0.0543633 87.613
0.0490576 -0.00049737 0.998796 30.1932 -0.0131427 0.999913 0.00114345 -0.444413 -0.998709 -0.0131829 0.0490468 87.6576
0.0415629 0.00238655 0.999133 31.0643 -0.0109748 0.999938 -0.00193194 -0.444149 -0.999076 -0.010885 0.0415865 87.7258
0.0345401 0.00235633 0.999401 31.9217 -0.00688933 0.999974 -0.00211958 -0.458954 -0.99938 -0.00681199 0.0345554 87.7425
0.0267823 0.00351174 0.999635 32.8846 -0.00168147 0.999993 -0.00346794 -0.479137 -0.99964 -0.00158798 0.026788 87.7702
0.0160171 0.00373644 0.999865 33.6596 0.00434541 0.999983 -0.00380649 -0.492829 -0.999862 0.00440579 0.0160005 87.7845
0.00593225 0.00260259 0.999979 34.5575 0.00341231 0.999991 -0.00262287 -0.499205 -0.999977 0.0034278 0.00592331 87.7974
-0.00507278 0.00402379 0.999979 35.5856 0.00194335 0.99999 -0.00401398 -0.524543 -0.999985 0.00192295 -0.00508055 87.8031
-0.0161702 0.00266571 0.999866 36.392 0.000146095 0.999996 -0.0026637 -0.534888 -0.999869 0.000103003 -0.0161705 87.7863
-0.0266081 0.00202547 0.999644 37.4886 0.00171141 0.999997 -0.00198063 -0.546651 -0.999644 0.0016581 -0.0266115 87.7476
-0.0385694 0.00175346 0.999254 38.2971 0.00412212 0.99999 -0.00159564 -0.575213 -0.999247 0.0040575 -0.0385763 87.7334
-0.0484062 0.00320344 0.998823 39.3337 0.00514224 0.999982 -0.00295795 -0.595201 -0.998814 0.004993 -0.0484218 87.6698
-0.0587623 0.00307841 0.998267 40.0253 0.00386105 0.999988 -0.00285644 -0.615893 -0.998265 0.00368651 -0.0587735 87.6221
-0.0701959 0.0010674 0.997533 41.0545 0.00556238 0.999984 -0.000678599 -0.609488 -0.997518 0.00550102 -0.0702007 87.5808
-0.0777404 0.000625801 0.996973 41.7726 0.00490853 0.999988 -0.000244944 -0.639163 -0.996962 0.00487463 -0.0777425 87.4973
-0.0880578 0.00206386 0.996113 42.6916 0.00443491 0.999989 -0.00167983 -0.65342 -0.996105 0.00426975 -0.0880659 87.4279
-0.0971414 -0.00019839 0.995271 43.5957 0.0013979 0.999999 0.000335772 -0.662211 -0.99527 0.00142391 -0.0971411 87.3421
-0.103158 -0.00224813 0.994662 44.3418 -0.000890981 0.999997 0.00216779 -0.6777 -0.994665 -0.000662601 -0.10316 87.2334
-0.108984 -0.00638181 0.994023 45.1666 -0.00295347 0.999977 0.00609622 -0.669006 -0.994039 -0.00227142 -0.109 87.1546
-0.112957 -0.00740181 0.993572 45.9337 -0.00697698 0.999954 0.00665615 -0.692809 -0.993575 -0.00618028 -0.113003 87.0743
-0.115273 -0.0082073 0.9933 46.7349 -0.00762598 0.999944 0.00737719 -0.708156 -0.993305 -0.0067245 -0.115329 86.961
-0.116957 -0.00935387 0.993093 47.5119 -0.00971858 0.999919 0.0082736 -0.717504 -0.993089 -0.00868379 -0.117039 86.8968
-0.117712 -0.00941772 0.993003 48.2728 -0.00983594 0.999917 0.00831732 -0.713839 -0.992999 -0.00878806 -0.117795 86.8053
-0.116469 -0.0110029 0.993133 49.0401 -0.0102126 0.999899 0.00988018 -0.745288 -0.993142 -0.00899174 -0.116569 86.6985
-0.116133 -0.0126974 0.993153 49.8253 -0.00816011 0.999897 0.0118294 -0.743074 -0.9932 -0.00673045 -0.116225 86.6655
-0.106292 -0.0159497 0.994207 50.5366 -0.00751505 0.999856 0.0152369 -0.75377 -0.994307 -0.00585196 -0.106396 86.5155
-0.101886 -0.0112865 0.994732 51.2207 -0.00539419 0.999927 0.010793 -0.74066 -0.994781 -0.00426612 -0.101939 86.4996
-0.0900954 -0.0096643 0.995886 51.8794 -0.00833695 0.999925 0.00894927 -0.766867 -0.995898 -0.00749636 -0.0901692 86.4422
-0.0787534 -0.011538 0.996827 52.4903 -0.0110155 0.999882 0.0107031 -0.779721 -0.996833 -0.0101376 -0.0788712 86.4183
-0.0583427 -0.0119544 0.998225 53.094 -0.0121462 0.999863 0.0112641 -0.76986 -0.998223 -0.0114675 -0.0584799 86.3782
-0.0389423 -0.00727455 0.999215 53.6545 -0.00809921 0.999943 0.0069642 -0.783452 -0.999209 -0.00782165 -0.038999 86.3908
-0.0141109 -0.00612151 0.999882 54.21 -0.00302524 0.999977 0.0060794 -0.785918 -0.999896 -0.0029391 -0.0141291 86.3964
0.0137625 -0.00612232 0.999887 54.7726 -0.00270575 0.999977 0.00616012 -0.797174 -0.999902 -0.00279022 0.0137456 86.4253
0.047549 -0.00557134 0.998853 55.3194 -0.00373598 0.999976 0.00575545 -0.785454 -0.998862 -0.00400536 0.047527 86.482
0.0847286 -0.00324625 0.996399 55.8203 -0.00593161 0.999975 0.00376229 -0.793595 -0.996386 -0.00622902 0.0847072 86.5548
0.128819 0.0179969 0.991505 56.259 -0.0145448 0.999762 -0.0162571 -0.818226 -0.991561 -0.012327 0.129051 86.5978
0.172454 0.00349857 0.985011 56.8244 -0.0176181 0.999845 -0.000466703 -0.797122 -0.98486 -0.0172735 0.172489 86.7521
0.220898 -0.00463191 0.975286 57.274 -0.0198655 0.99976 0.00924757 -0.808346 -0.975095 -0.0214173 0.220753 86.8783
0.271882 0.0151491 0.962211 57.7328 -0.00758532 0.999879 -0.0135988 -0.822165 -0.962301 -0.00360141 0.271964 87.0502
0.326687 -0.00828742 0.945096 58.0439 -0.00724745 0.99991 0.0112733 -0.841376 -0.945105 -0.0105324 0.326598 87.0867
0.382124 -0.00132116 0.92411 58.7207 -0.00283817 0.999993 0.00260324 -0.825109 -0.924107 -0.00361754 0.382117 87.4749
0.45276 -0.0277133 0.891202 59.1498 -0.0128376 0.999211 0.0375939 -0.810183 -0.89154 -0.0284619 0.452047 87.6594
0.50372 -0.0114709 0.863791 59.6183 0.00478509 0.999934 0.0104884 -0.819543 -0.863854 -0.00114992 0.503741 88.0123
0.562626 -0.0171042 0.826534 59.9294 -0.00436278 0.999711 0.0236577 -0.799569 -0.8267 -0.0169164 0.562389 88.2665
0.618232 -0.00526466 0.785978 60.2958 -0.00590107 0.999918 0.0113393 -0.797978 -0.785973 -0.0116485 0.618151 88.6432
0.659988 0.0125494 0.751171 60.514 -0.0110679 0.999914 -0.00698056 -0.781187 -0.751195 -0.00370681 0.66007 89.0526
0.728503 -0.0431325 0.683683 60.8849 0.0128941 0.998702 0.0492672 -0.792753 -0.684921 -0.0270758 0.728114 89.1507
0.757204 0.00679403 0.653143 61.0738 -0.0176658 0.999793 0.0100805 -0.762385 -0.652939 -0.0191713 0.757168 89.7591
0.804056 -0.00227531 0.594549 61.2653 -0.0129038 0.99969 0.0212766 -0.772927 -0.594413 -0.0247795 0.803778 90.0166
0.83959 0.00113529 0.54322 61.4605 -0.0128397 0.99976 0.0177553 -0.765383 -0.543069 -0.0218819 0.839403 90.3866
0.869461 0.00932965 0.493913 61.5191 -0.0226125 0.999525 0.0209257 -0.743813 -0.493483 -0.0293627 0.86926 90.7464
0.898439 0.0029148 0.439088 61.7687 -0.020241 0.99919 0.0347831 -0.770822 -0.438631 -0.040138 0.89777 91.1803
0.919779 -0.00674979 0.392378 61.902 -0.00967001 0.999159 0.0398554 -0.76628 -0.392317 -0.0404525 0.91894 91.6043
0.935899 0.00318935 0.352253 62.104 -0.0165288 0.999255 0.034868 -0.784657 -0.35188 -0.0384552 0.935255 92.1528
0.947244 0.0102295 0.32035 62.174 -0.0207933 0.999346 0.0295724 -0.748984 -0.319838 -0.0346734 0.946837 92.5788
0.957153 0.00986449 0.289413 62.2921 -0.0194078 0.999358 0.0301234 -0.73452 -0.28893 -0.0344496 0.95673 93.0425
0.963855 -0.00241433 0.266418 62.4458 -0.00598526 0.99951 0.0307114 -0.737967 -0.266361 -0.0311959 0.963368 93.5594
0.967947 -0.00481758 0.25111 62.5785 -0.00334706 0.99948 0.032077 -0.730093 -0.251134 -0.0318893 0.967427 94.1484
0.970936 -0.00524604 0.239282 62.6762 -0.00190176 0.999559 0.0296312 -0.711281 -0.239332 -0.029225 0.970498 94.6365
0.973237 -0.001051 0.229803 62.8046 -0.00569839 0.999572 0.0287048 -0.696122 -0.229734 -0.0292461 0.972814 95.2866
0.974641 0.0115156 0.223476 62.9091 -0.0176169 0.999524 0.0253274 -0.684477 -0.223078 -0.0286221 0.97438 95.7447
0.975098 0.0183396 0.221015 63.0124 -0.023677 0.999488 0.0215242 -0.673115 -0.220508 -0.0262212 0.975033 96.307
0.975215 0.0166663 0.220629 63.1842 -0.021142 0.999616 0.01794 -0.67014 -0.220245 -0.0221599 0.975193 97.0508
0.974723 0.00872011 0.223246 63.3208 -0.0124347 0.999807 0.0152385 -0.670731 -0.22307 -0.0176293 0.974643 97.6658
0.973885 -0.00265859 0.227025 63.4332 0.000419537 0.999951 0.00991027 -0.662198 -0.22704 -0.00955622 0.973838 98.1491
0.972836 -0.00646378 0.231406 63.5831 0.00536166 0.999971 0.00539132 -0.661472 -0.231434 -0.00400415 0.972842 98.6728
0.971754 -0.00202606 0.235986 63.7153 0.00094752 0.999989 0.00468368 -0.655036 -0.235992 -0.00432779 0.971745 99.3874
0.970417 0.00260449 0.24142 63.8343 -0.00483563 0.999951 0.00864972 -0.658822 -0.241386 -0.00956126 0.970382 99.8574
0.969071 0.00485134 0.246734 63.8788 -0.00858911 0.999864 0.014075 -0.689751 -0.246632 -0.0157589 0.968981 100.143
0.968442 0.00338437 0.249218 64.0924 -0.00850423 0.999774 0.0194699 -0.663826 -0.249095 -0.0209749 0.968252 100.859
0.967411 -0.00359437 0.253185 64.2514 -0.0025723 0.999708 0.0240211 -0.64828 -0.253198 -0.0238896 0.96712 101.461
0.966686 -0.0106909 0.255741 64.4231 0.00436269 0.99967 0.025299 -0.633129 -0.255927 -0.0233404 0.966414 102.126
0.966329 -0.0143992 0.256905 64.578 0.00831454 0.999659 0.0247552 -0.6486 -0.257174 -0.0217856 0.966119 102.732
0.966505 -0.0155731 0.256173 64.8431 0.0112375 0.999768 0.0183798 -0.624486 -0.2564 -0.0148854 0.966456 103.677
0.966674 -0.0137486 0.25564 64.9993 0.0111686 0.999871 0.0115416 -0.614428 -0.255766 -0.00830185 0.966703 104.289
0.967307 -0.00336301 0.253585 65.1436 0.00143441 0.999969 0.00778989 -0.616795 -0.253603 -0.00717147 0.967282 104.914
0.967873 -0.00280691 0.251423 65.3478 -0.000123337 0.999932 0.0116382 -0.607276 -0.251438 -0.0112953 0.967807 105.732
0.968419 -0.00082009 0.249325 65.5388 -0.00402645 0.999813 0.018928 -0.596267 -0.249294 -0.0193342 0.968235 106.423
0.969094 0.000262588 0.246691 65.6938 -0.00643786 0.999686 0.0242262 -0.590375 -0.246607 -0.0250656 0.968791 107.042
0.969617 0.00152427 0.244622 65.8361 -0.00742441 0.999703 0.0231991 -0.590482 -0.244514 -0.0243104 0.969341 107.684
0.969976 0.00589561 0.24313 66.0676 -0.0104138 0.999796 0.0173024 -0.571928 -0.242978 -0.0193148 0.969839 108.715
0.970942 0.00428978 0.239278 66.2464 -0.00750972 0.999893 0.0125469 -0.562575 -0.239198 -0.0139792 0.97087 109.429
0.971714 0.00113447 0.236157 66.4304 -0.0034441 0.99995 0.00936781 -0.557083 -0.236134 -0.00991618 0.97167 110.34
0.972641 -0.00576007 0.232242 66.6038 0.00324151 0.999932 0.0112247 -0.553379 -0.232291 -0.0101648 0.972593 111.058
0.973369 -0.00968518 0.229041 66.7307 0.00645035 0.999869 0.0148678 -0.564502 -0.229155 -0.0129945 0.973303 111.672
0.974087 -0.00829788 0.22602 66.9713 0.00457514 0.999845 0.0169897 -0.54545 -0.226126 -0.0155154 0.973974 112.535
0.974221 -0.0088224 0.225422 67.1384 0.00462398 0.999806 0.0191459 -0.535994 -0.225547 -0.01761 0.974073 113.292
0.974029 -0.0121068 0.226101 67.3046 0.00735084 0.999734 0.0218649 -0.535682 -0.226305 -0.019635 0.973859 114.111
0.974433 -0.00712611 0.224566 67.4711 0.00190174 0.999723 0.023472 -0.533223 -0.224671 -0.0224448 0.974176 114.756
0.974865 -0.00350114 0.222769 67.6841 -0.00148017 0.999753 0.02219 -0.53388 -0.222791 -0.021962 0.974619 115.648
0.973921 0.00833921 0.226734 67.6293 -0.012181 0.999805 0.0155501 -0.521971 -0.226561 -0.0179065 0.973832 115.528
0.973484 0.0181079 0.228037 67.9592 -0.0213547 0.999703 0.0117787 -0.504357 -0.227756 -0.016336 0.973581 117.054
0.973107 0.0182651 0.229627 68.1365 -0.021603 0.999694 0.0120305 -0.502437 -0.229337 -0.0166676 0.973204 117.873
0.972236 0.0166621 0.23341 68.2539 -0.0203035 0.999707 0.0132068 -0.506594 -0.233122 -0.0175792 0.972289 118.433
0.971808 0.00929937 0.235591 68.5186 -0.0124356 0.999853 0.0118299 -0.497454 -0.235447 -0.0144262 0.97178 119.478
0.97119 0.000779589 0.238307 68.7297 -0.00317265 0.999948 0.00965852 -0.497859 -0.238287 -0.0101363 0.971142 120.432
0.971086 -0.0112039 0.238469 68.9181 0.00831271 0.999879 0.0131261 -0.495435 -0.238587 -0.0107643 0.971062 121.139
0.970943 -0.0171511 0.238694 69.1687 0.0145068 0.999812 0.0128308 -0.497562 -0.238869 -0.00899531 0.97101 122.1
0.970684 -0.0162198 0.239813 69.3768 0.0133883 0.99982 0.0134315 -0.500938 -0.239988 -0.00982707 0.970726 122.906
0.969902 -0.00526911 0.24344 69.5694 0.00152968 0.999878 0.0155473 -0.500614 -0.243492 -0.0147069 0.969791 123.776
0.969789 0.00677138 0.243853 69.705 -0.0117605 0.99975 0.0190094 -0.490427 -0.243663 -0.0213029 0.969626 124.351
0.970104 0.00591111 0.242617 69.9769 -0.0122421 0.999623 0.0245951 -0.492564 -0.24238 -0.0268299 0.96981 125.383
0.969501 0.0027159 0.245072 70.2087 -0.00702284 0.999836 0.016702 -0.482009 -0.244987 -0.0179137 0.969361 126.309
0.969247 -0.00848907 0.245942 70.4251 0.00744034 0.999959 0.00519307 -0.488811 -0.245976 -0.00320348 0.969271 127.167
0.969438 -0.0164162 0.244787 70.7068 0.0173839 0.999847 -0.00179311 -0.492179 -0.24472 0.00599367 0.969575 128.26
0.969773 -0.0162316 0.24347 70.8843 0.0149887 0.999863 0.00695692 -0.49076 -0.243549 -0.00309735 0.969884 128.929
0.970137 -0.0079987 0.242424 71.0142 0.00132052 0.999615 0.0276975 -0.488778 -0.242552 -0.0265503 0.969775 129.481
0.970372 -0.00199877 0.241608 71.2222 -0.00837942 0.999086 0.0419196 -0.486564 -0.241471 -0.0427022 0.969468 130.328
0.970259 0.0042795 0.242031 71.4175 -0.0130592 0.999313 0.0346825 -0.471846 -0.241717 -0.0368117 0.969648 131.178
0.970934 0.00543736 0.239285 71.6625 -0.0104289 0.999754 0.0195992 -0.468438 -0.239119 -0.0215251 0.970752 132.131
0.970908 -0.00111807 0.23945 71.8813 -0.00167574 0.999933 0.0114637 -0.443282 -0.239447 -0.0115315 0.970841 133.216
0.971677 -0.00731327 0.2362 72.0476 0.00452111 0.999913 0.0123606 -0.441182 -0.23627 -0.0109426 0.971626 133.933
0.972837 -0.00986511 0.231281 72.3194 0.00676174 0.999876 0.014207 -0.445864 -0.231393 -0.0122572 0.972783 134.964
0.973108 -0.0092245 0.230166 72.5661 0.00663644 0.999906 0.0120159 -0.437922 -0.230255 -0.0101653 0.973077 136.044
0.973399 -0.000828628 0.229117 72.6584 -0.00127192 0.999959 0.00902018 -0.443725 -0.229115 -0.00907165 0.973357 136.528
0.974585 0.00356407 0.223988 72.8793 -0.00574095 0.999942 0.00906828 -0.44363 -0.223943 -0.0101237 0.97455 137.559
0.97489 0.010647 0.222432 73.0807 -0.0123399 0.999905 0.00622234 -0.442682 -0.222345 -0.00881089 0.974928 138.527
0.975431 0.00970965 0.22009 73.2487 -0.0117451 0.999899 0.00794154 -0.43811 -0.219991 -0.0103314 0.975447 139.23
0.975371 0.00570221 0.220499 73.4171 -0.008606 0.999888 0.0122108 -0.449646 -0.220405 -0.0138077 0.975311 139.988
0.975516 0.00394529 0.219893 73.5836 -0.00695706 0.999892 0.0129238 -0.454799 -0.219818 -0.0141372 0.975438 140.889
0.9765 -0.00668954 0.215415 73.7887 0.00439976 0.999929 0.0111074 -0.452106 -0.215474 -0.00989862 0.976459 141.717
0.977247 -0.0106013 0.21184 73.9377 0.0091623 0.999928 0.00777318 -0.458349 -0.211907 -0.00565537 0.977273 142.468
0.978328 -0.0101861 0.206811 74.081 0.0090711 0.999939 0.00633877 -0.453898 -0.206863 -0.00432539 0.97836 143.355
0.980269 -0.0109275 0.197367 74.2543 0.0086466 0.999886 0.0124148 -0.453831 -0.19748 -0.0104633 0.980251 144.059
0.981126 -0.00591706 0.193279 74.3888 0.00193599 0.999782 0.0207799 -0.456284 -0.19336 -0.0200135 0.980924 144.914
0.981776 -0.0038178 0.190003 74.5158 -0.0017686 0.999571 0.0292234 -0.453557 -0.190033 -0.0290269 0.981349 145.523
0.982937 0.000730727 0.183938 74.6646 -0.00677053 0.999458 0.0322101 -0.447274 -0.183815 -0.0329059 0.98241 146.335
0.983677 0.00574716 0.179853 74.7915 -0.0107034 0.999589 0.026599 -0.435264 -0.179627 -0.0280898 0.983334 147.134
0.984678 0.00698508 0.174244 74.9426 -0.00986925 0.999828 0.0156915 -0.426551 -0.174105 -0.0171707 0.984577 148.019
0.985951 -0.00321358 0.167005 75.1061 0.00148141 0.999944 0.0104955 -0.406603 -0.167029 -0.0101006 0.9859 149.036
0.986993 -0.00610811 0.160645 75.2298 0.00433241 0.999926 0.0114015 -0.397714 -0.160702 -0.0105572 0.986946 149.772
0.988374 -0.000797764 0.152042 75.3379 -0.00148687 0.999888 0.0149121 -0.411907 -0.152037 -0.0149648 0.988262 150.486
0.989387 0.0121391 0.144798 75.4101 -0.0139882 0.999833 0.0117588 -0.409331 -0.144631 -0.0136595 0.989391 151.257
0.990905 0.0102084 0.134173 75.5194 -0.0110562 0.999923 0.00557508 -0.39682 -0.134105 -0.00700781 0.990942 152.104
0.991988 0.0106928 0.125877 75.6241 -0.0111674 0.999933 0.0030649 -0.405605 -0.125836 -0.00444605 0.992041 152.836
0.992969 -0.000774819 0.118371 75.7169 0.000105327 0.999984 0.00566206 -0.412781 -0.118373 -0.00560978 0.992953 153.688
0.993854 0.00387542 0.110633 75.7859 -0.00520131 0.999918 0.0116984 -0.412309 -0.110579 -0.0122019 0.993792 154.441
0.994796 0.00700506 0.101645 75.854 -0.00869573 0.999831 0.0161994 -0.398731 -0.101515 -0.016999 0.994689 155.14
0.995512 0.00728403 0.0943555 75.8932 -0.00922614 0.999754 0.0201631 -0.398976 -0.0941854 -0.0209432 0.995334 155.933
0.996023 0.0100962 0.0885199 75.9909 -0.0120705 0.99969 0.0217957 -0.403717 -0.0882724 -0.0227775 0.995836 156.845
0.996489 -0.00115744 0.0837155 76.0521 -0.000472341 0.999811 0.0194456 -0.388929 -0.0837222 -0.0194169 0.9963 157.638
0.996775 0.00459184 0.0801184 76.1048 -0.00571487 0.999889 0.0137935 -0.388351 -0.0800462 -0.0142068 0.99669 158.621
0.996984 0.00911153 0.0770706 76.1623 -0.00963657 0.999933 0.00644322 -0.38888 -0.0770067 -0.00716648 0.997005 159.543
0.99724 0.0102197 0.0735344 76.1965 -0.0105376 0.999937 0.00393661 -0.38482 -0.0734895 -0.00470062 0.997285 160.296
0.99751 0.00305133 0.0704633 76.2555 -0.00375755 0.999944 0.00989213 -0.384054 -0.0704292 -0.0101323 0.997465 161.102
0.997684 0.00531873 0.0678075 76.3003 -0.00668527 0.999779 0.0199423 -0.382243 -0.0676864 -0.0203494 0.997499 161.973
0.997967 0.00506817 0.0635386 76.357 -0.00679221 0.999614 0.0269473 -0.378712 -0.0633775 -0.027324 0.997616 162.947
0.998241 0.00345887 0.059186 76.388 -0.00485819 0.999712 0.0235153 -0.37164 -0.0590876 -0.0237615 0.99797 163.394
0.998443 -0.013937 0.0540133 76.4808 0.0131809 0.99981 0.0143293 -0.370087 -0.0542028 -0.0135951 0.998437 164.743
0.998732 -0.017276 0.0472947 76.5154 0.0168588 0.999816 0.00920509 -0.356961 -0.047445 -0.00839608 0.998839 165.781
0.999124 -0.0113746 0.0402823 76.528 0.0109725 0.999888 0.0101886 -0.354383 -0.0403937 -0.00973772 0.999136 166.516
0.9995 5.40769e-005 0.03163 76.5745 -0.000568178 0.999868 0.0162448 -0.354355 -0.0316249 -0.0162547 0.999368 167.423
0.999657 -0.00499773 0.0257004 76.5761 0.00448606 0.999791 0.0199281 -0.353716 -0.0257947 -0.019806 0.999471 168.206
0.999693 -0.0163326 0.0186461 76.6023 0.0158818 0.999584 0.0240791 -0.342826 -0.0190316 -0.0237756 0.999536 169.067
0.999761 -0.0181381 0.0121883 76.6226 0.0178427 0.999555 0.0239234 -0.337434 -0.0126168 -0.0237002 0.999639 169.964
0.999836 -0.0166859 0.00698591 76.6187 0.0165661 0.99972 0.0168804 -0.330294 -0.00726562 -0.0167619 0.999833 170.867
0.99987 -0.0160433 -0.00140852 76.6322 0.0160523 0.999849 0.00663469 -0.320091 0.00130186 -0.00665644 0.999977 171.853
0.999729 -0.0219666 -0.00775871 76.6356 0.0219839 0.999756 0.00215176 -0.318447 0.00770955 -0.00232174 0.999968 172.755
0.999752 -0.0163053 -0.015168 76.6222 0.0164572 0.999815 0.00994495 -0.325539 0.015003 -0.0101921 0.999836 173.567
0.999797 0.00404463 -0.0197246 76.5889 -0.0035948 0.999734 0.0227879 -0.312289 0.0198115 -0.0227124 0.999546 174.321
0.99959 0.0153429 -0.0241769 76.556 -0.0145929 0.999416 0.0308988 -0.315668 0.0246369 -0.0305333 0.99923 175.166
0.999504 0.0134916 -0.028469 76.5436 -0.0126976 0.99953 0.0278893 -0.308892 0.0288319 -0.027514 0.999206 175.635
0.999426 0.0160444 -0.029844 76.4844 -0.0155351 0.999731 0.0172206 -0.299352 0.0301122 -0.016747 0.999406 176.896
0.9994 0.0128825 -0.0321362 76.4329 -0.0126357 0.999889 0.00787007 -0.290569 0.032234 -0.00745929 0.999453 177.859
0.99933 0.0123175 -0.0344609 76.3967 -0.012162 0.999915 0.0047196 -0.292401 0.0345161 -0.00429733 0.999395 178.663
0.999299 0.00456785 -0.0371677 76.3763 -0.00422952 0.999949 0.0091765 -0.294319 0.0372077 -0.00901286 0.999267 179.549
0.999292 -0.00763448 -0.0368334 76.3502 0.00830809 0.9998 0.0181697 -0.294468 0.0366874 -0.0184628 0.999156 180.049
0.999277 -0.00517344 -0.0376544 76.3001 0.00604622 0.999715 0.0231018 -0.288096 0.0375241 -0.0233128 0.999024 181.138
0.999242 0.000489419 -0.0389147 76.2762 0.000390214 0.999745 0.0225933 -0.285917 0.0389158 -0.0225914 0.998987 181.991
0.999134 -0.00267602 -0.0415226 76.2313 0.00321484 0.999911 0.0129152 -0.276654 0.0414843 -0.0130375 0.999054 182.849
0.999014 -0.0123025 -0.0426513 76.1999 0.0123765 0.999922 0.00147107 -0.282746 0.0426299 -0.00199749 0.999089 183.809
0.998739 -0.0201882 -0.0459741 76.1951 0.0200799 0.999794 -0.00281636 -0.297969 0.0460215 0.00188965 0.998939 184.777
0.998758 -0.0176826 -0.0465848 76.1263 0.0177527 0.999842 0.00109182 -0.288193 0.0465582 -0.00191747 0.998914 185.717
0.998865 -0.00350473 -0.0475071 76.0887 0.00410243 0.999914 0.0124898 -0.298728 0.0474592 -0.0126705 0.998793 186.318
0.99874 0.00729759 -0.0496572 76.0508 -0.00648105 0.999841 0.0165848 -0.310383 0.0497703 -0.0162421 0.998629 187.167
0.998707 0.00653029 -0.0504214 76.0034 -0.00589566 0.999902 0.012725 -0.311335 0.0504996 -0.0124113 0.998647 188.08
0.998769 0.00131497 -0.0495777 75.9274 -0.000976588 0.999976 0.00684889 -0.311708 0.0495855 -0.00679205 0.998747 188.977
0.99866 0.00725288 -0.0512382 75.8848 -0.0069469 0.999957 0.00614747 -0.3097 0.0512806 -0.00578329 0.998668 189.841
0.998715 0.00901556 -0.0498615 75.8136 -0.00855876 0.999919 0.00936725 -0.321292 0.049942 -0.00892846 0.998712 190.711
0.998679 0.00421039 -0.0512079 75.7849 -0.00353457 0.999906 0.0132811 -0.327131 0.051259 -0.0130825 0.9986 191.531
