0.999988 -0.0027938 -0.00398654 0.00880003 0.00278629 0.999994 -0.00188774 -0.00900413 0.00399179 0.00187661 0.99999 0.670853
0.999976 -0.00302217 -0.0062819 -0.00334815 0.00299809 0.999988 -0.00383816 -0.0106233 0.00629343 0.00381923 0.999973 1.33034
0.999928 0.00212195 -0.0118341 -0.013803 -0.00219117 0.999981 -0.0058386 -0.00607657 0.0118215 0.00586411 0.999913 2.008
0.999834 0.00135693 -0.0181703 -0.0324357 -0.00145662 0.999984 -0.00547391 -0.0157844 0.0181626 0.00549946 0.99982 2.69223
0.999797 0.000528254 -0.0201188 -0.0490668 -0.000650623 0.999981 -0.00607625 -0.028445 0.0201153 0.00608811 0.999779 3.36256
0.999679 0.00159279 -0.0252713 -0.0781612 -0.00177894 0.999971 -0.00734504 -0.0286512 0.0252589 0.00738764 0.999654 4.11344
0.99954 0.00581194 -0.0297608 -0.105132 -0.00603372 0.999955 -0.00736772 -0.0370313 0.0297166 0.0075439 0.99953 4.86223
0.999389 0.00225195 -0.0348918 -0.133008 -0.00246459 0.999979 -0.00605245 -0.0431925 0.0348775 0.00613474 0.999373 5.58765
0.99925 -8.17891e-005 -0.038728 -0.175657 -3.65001e-005 0.999995 -0.00305364 -0.0584031 0.0387281 0.00305276 0.999245 6.38395
0.999086 -0.00159656 -0.0427052 -0.184769 0.00155414 0.999998 -0.00102637 -0.0659833 0.0427068 0.000959067 0.999087 7.12827
0.999008 0.0011309 -0.0445147 -0.250026 -0.00116741 0.999999 -0.000794058 -0.0775876 0.0445138 0.000845238 0.999008 7.93143
0.998748 -0.000300574 -0.0500284 -0.273602 0.000220429 0.999999 -0.00160751 -0.0814641 0.0500288 0.00159447 0.998747 8.74631
0.998768 -0.00540265 -0.0493197 -0.314289 0.00529455 0.999983 -0.00232222 -0.0867414 0.0493314 0.00205823 0.99878 9.54474
0.99854 -0.00287909 -0.053942 -0.349618 0.00282385 0.999995 -0.00110019 -0.094256 0.053945 0.000946263 0.998543 10.3778
0.998624 -0.00107356 -0.0524215 -0.389981 0.000988201 0.999998 -0.00165414 -0.101901 0.0524232 0.00160006 0.998624 11.1799
0.998486 0.00325024 -0.0549178 -0.449115 -0.003441 0.999988 -0.00337936 -0.115722 0.0549061 0.00356321 0.998485 12.0038
0.998352 0.0021163 -0.0573508 -0.470354 -0.00252173 0.999972 -0.00699783 -0.125281 0.0573344 0.00713092 0.99833 12.5973
0.998281 0.00326185 -0.0585157 -0.541536 -0.00375912 0.999958 -0.00838994 -0.134504 0.0584859 0.00859549 0.998251 13.5319
0.998124 0.00854624 -0.0606198 -0.564294 -0.00902651 0.99993 -0.00765325 -0.148289 0.0605502 0.00818608 0.998132 14.2771
0.998113 0.000243107 -0.0614018 -0.627509 -0.000682738 0.999974 -0.00713902 -0.153406 0.0613985 0.00716747 0.998088 15.1423
0.997932 0.000343368 -0.0642798 -0.667831 -0.000605381 0.999992 -0.0040567 -0.172462 0.0642778 0.00408722 0.997924 15.9482
0.997748 0.00271266 -0.0670145 -0.704349 -0.00306107 0.999982 -0.00509689 -0.187548 0.0669995 0.00529055 0.997739 16.7619
0.997745 -0.000303592 -0.0671165 -0.78068 -6.45017e-005 0.999985 -0.00548217 -0.198699 0.0671171 0.00547414 0.99773 17.6582
0.997766 -0.00100385 -0.0667956 -0.837428 0.000549363 0.999977 -0.0068222 -0.20851 0.0668009 0.00677027 0.997743 18.4038
0.997765 -0.00443961 -0.0666748 -0.912293 0.0041276 0.99998 -0.00481666 -0.215278 0.0666949 0.00453069 0.997763 19.3106
0.997649 -0.00130203 -0.0685167 -0.967704 0.00120355 0.999998 -0.00147862 -0.233422 0.0685185 0.00139268 0.997649 20.1407
0.997779 0.0012657 -0.0665936 -1.03182 -0.00110222 0.999996 0.00249166 -0.242511 0.0665965 -0.00241273 0.997777 21.0248
0.997869 -0.000143919 -0.0652563 -1.11359 0.000485612 0.999986 0.00522034 -0.248666 0.0652546 -0.0052409 0.997855 21.9606
0.99806 0.000742074 -0.062257 -1.16631 -0.000393568 0.999984 0.00560994 -0.252799 0.0622602 -0.00557455 0.998044 22.8993
0.998117 0.002402 -0.0612956 -1.23462 -0.00220513 0.999992 0.00327941 -0.261833 0.061303 -0.00313807 0.998114 23.85
0.998087 0.00648823 -0.0614824 -1.28341 -0.00660436 0.999977 -0.00168579 -0.270188 0.0614701 0.00208862 0.998107 24.7726
0.998284 0.00109714 -0.0585518 -1.36707 -0.00139617 0.999986 -0.00506643 -0.274881 0.0585455 0.00513949 0.998272 25.691
0.998165 -0.00427846 -0.060394 -1.40798 0.00404031 0.999984 -0.00406481 -0.288668 0.0604104 0.00381334 0.998166 26.5807
0.998128 -0.00664783 -0.060799 -1.44242 0.00671515 0.999977 0.000902995 -0.301073 0.0607916 -0.00130958 0.99815 27.464
0.998164 -0.00710582 -0.0601433 -1.49885 0.0073441 0.999966 0.00374169 -0.308567 0.0601147 -0.00417653 0.998183 28.385
0.998001 -0.0111039 -0.0622096 -1.52688 0.0113052 0.999932 0.00288607 -0.32459 0.0621733 -0.0035836 0.998059 29.2647
0.99793 -0.00935695 -0.0636309 -1.5732 0.00930632 0.999956 -0.00109203 -0.337667 0.0636383 0.000497602 0.997973 30.1841
0.997855 0.000861043 -0.0654546 -1.62837 -0.00116803 0.999988 -0.00465193 -0.351024 0.0654498 0.0047184 0.997845 31.0796
0.997782 0.000784264 -0.0665626 -1.70371 -0.00116117 0.999984 -0.00562391 -0.357567 0.0665571 0.00568872 0.997766 31.9456
0.99774 -0.0016933 -0.0671773 -1.7586 0.00143046 0.999991 -0.00396058 -0.372812 0.0671834 0.00385553 0.997733 32.7953
0.997475 -0.00148207 -0.0710053 -1.80854 0.00141098 0.999998 -0.00105125 -0.390085 0.0710067 0.000948412 0.997475 33.6779
0.99757 0.00190283 -0.0696467 -1.87991 -0.00189936 0.999998 0.000116094 -0.402637 0.0696468 1.64726e-005 0.997572 34.5747
0.997524 0.00187293 -0.0703031 -1.96102 -0.00166665 0.999994 0.00299265 -0.409482 0.0703083 -0.00286807 0.997521 35.5031
0.9975 0.00048792 -0.0706692 -2.02537 -3.42674e-005 0.999979 0.00642045 -0.421908 0.0706709 -0.00640198 0.997479 36.4323
0.997477 0.00683881 -0.0706647 -2.10731 -0.00627562 0.999947 0.00818877 -0.42388 0.0707169 -0.00772465 0.997467 37.3804
0.997435 0.00571349 -0.0713498 -2.18379 -0.00511772 0.999951 0.00853004 -0.434595 0.071395 -0.00814302 0.997415 38.3398
0.997501 0.000460639 -0.0706461 -2.25184 -1.1702e-005 0.99998 0.00635501 -0.433446 0.0706476 -0.0063383 0.997481 39.3282
0.99752 0.00584115 -0.0701423 -2.31951 -0.00552274 0.999974 0.00473253 -0.43971 0.0701681 -0.00433342 0.997526 40.2798
0.997173 -0.000663663 -0.0751435 -2.362 0.00106383 0.999985 0.00528549 -0.469139 0.0751389 -0.00535049 0.997159 41.21
0.99736 4.828e-005 -0.0726106 -2.45947 0.000356568 0.999984 0.00556263 -0.46763 0.0726098 -0.00557384 0.997345 42.1986
0.997082 -0.000528063 -0.076337 -2.50708 0.00110399 0.999971 0.00750253 -0.487924 0.0763308 -0.00756491 0.997054 43.1121
0.997213 0.00374814 -0.0745168 -2.60707 -0.003489 0.999987 0.00360746 -0.493143 0.0745294 -0.00333742 0.997213 44.0937
0.997075 0.00287753 -0.0763811 -2.68246 -0.00290914 0.999996 -0.00030253 -0.501022 0.0763799 0.000523848 0.997079 45.0238
0.997063 0.000205418 -0.0765897 -2.75379 -0.000358387 0.999998 -0.00198351 -0.510621 0.0765892 0.00200513 0.997061 45.9347
0.997038 -1.84287e-005 -0.0769167 -2.82589 0.000146544 0.999999 0.00165999 -0.52655 0.0769165 -0.00166634 0.997036 46.8482
0.997061 -0.00420283 -0.0765012 -2.89772 0.0045601 0.999979 0.00449606 -0.538264 0.0764807 -0.00483169 0.997059 47.7898
0.99712 -0.00301208 -0.0757802 -2.96725 0.00339869 0.999982 0.0049733 -0.552601 0.0757638 -0.00521653 0.997112 48.6416
0.997243 -0.00371599 -0.0741186 -3.05134 0.00397468 0.999987 0.00334308 -0.564539 0.0741052 -0.00362846 0.997244 49.5654
0.997019 -0.00520934 -0.0769826 -3.10834 0.00539362 0.999983 0.00218613 -0.575705 0.0769699 -0.00259482 0.99703 50.4523
0.997055 -0.00386796 -0.0765905 -3.18311 0.00413016 0.999986 0.00326536 -0.579928 0.0765768 -0.00357207 0.997057 51.3517
0.996777 -0.00622033 -0.0799784 -3.23541 0.00680984 0.999952 0.00710013 -0.59696 0.0799303 -0.00762189 0.996771 52.2241
0.996858 -0.00371006 -0.0791243 -3.28977 0.00466133 0.999919 0.0118412 -0.593397 0.079074 -0.0121728 0.996794 53.0908
0.996811 0.000769894 -0.0797924 -3.4251 0.000396187 0.999893 0.0145971 -0.599155 0.0797951 -0.0145821 0.996705 54.1214
0.996668 0.00707641 -0.0812632 -3.49056 -0.00626218 0.999928 0.0102701 -0.600384 0.08133 -0.00972703 0.99664 55.0585
0.996595 0.00229088 -0.0824203 -3.57493 -0.00206772 0.999994 0.00279291 -0.603507 0.0824262 -0.00261298 0.996594 56.014
0.996527 0.00341039 -0.0832031 -3.63484 -0.00359573 0.999991 -0.00207779 -0.618926 0.0831953 0.00236975 0.99653 56.806
0.99638 0.00723348 -0.0847007 -3.71995 -0.00732238 0.999973 -0.000739014 -0.634083 0.0846931 0.00135655 0.996406 57.6999
0.996119 0.00362135 -0.0879478 -3.77543 -0.0034943 0.999993 0.00159856 -0.647324 0.0879529 -0.00128504 0.996124 58.5423
0.996174 0.00542602 -0.0872184 -3.86631 -0.00511475 0.99998 0.00379198 -0.662128 0.0872372 -0.00333137 0.996182 59.3675
0.996 0.00262201 -0.0893169 -3.93561 -0.0023882 0.999993 0.00272448 -0.665159 0.0893235 -0.00250028 0.996 60.1881
0.995945 0.00373839 -0.0898873 -4.0187 -0.00334509 0.999984 0.00452572 -0.680147 0.0899028 -0.00420669 0.995942 61.0217
0.995791 0.00303316 -0.0916019 -4.10453 -0.00266475 0.999988 0.00414392 -0.686994 0.0916134 -0.00388238 0.995787 61.8569
0.995692 0.00195565 -0.0927023 -4.19659 -0.00146659 0.999985 0.00534341 -0.700561 0.0927114 -0.00518444 0.99568 62.7022
0.995301 -0.00142046 -0.0968148 -4.23484 0.00200691 0.99998 0.0059603 -0.713907 0.0968044 -0.00612659 0.995285 63.4883
0.995627 0.00603645 -0.0932253 -4.36447 -0.0051456 0.999939 0.00979329 -0.71771 0.0932788 -0.00927076 0.995597 64.2857
0.995095 0.00386246 -0.0988504 -4.41211 -0.00254279 0.999906 0.0134726 -0.727472 0.0988932 -0.0131552 0.995011 65.0731
0.995318 0.00441104 -0.0965573 -4.53297 -0.00291527 0.999874 0.0156267 -0.735044 0.096614 -0.015272 0.995205 65.9027
0.994866 0.0064848 -0.100997 -4.59689 -0.00536994 0.999922 0.0113065 -0.739159 0.101063 -0.0107061 0.994822 66.6689
0.994963 0.00557069 -0.100086 -4.70438 -0.00510374 0.999975 0.00492088 -0.752123 0.100111 -0.00438528 0.994967 67.4787
0.994508 -0.0015919 -0.10465 -4.75054 0.00139805 0.999997 -0.00192563 -0.759655 0.104653 0.00176875 0.994507 68.1802
0.994659 0.000733087 -0.103214 -4.83426 -0.000993829 0.999996 -0.00247481 -0.764502 0.103212 0.00256417 0.994656 68.8806
0.994414 0.00198792 -0.105527 -4.90784 -0.00181056 0.999997 0.00177645 -0.782035 0.10553 -0.00157547 0.994415 69.5369
0.994289 0.00283744 -0.106679 -4.9608 -0.00241 0.999989 0.0041355 -0.805267 0.10669 -0.00385478 0.994285 70.1838
0.99411 -0.0042181 -0.108293 -5.01559 0.00433041 0.99999 0.000801957 -0.825814 0.108288 -0.00126619 0.994119 70.8299
0.994084 -0.0107755 -0.108078 -5.1009 0.0102413 0.999932 -0.0054963 -0.829833 0.10813 0.00435692 0.994127 71.4961
0.994089 -0.010927 -0.108018 -5.14832 0.009904 0.999901 -0.010003 -0.84668 0.108116 0.00887403 0.994099 72.0553
0.994648 -0.00289584 -0.103279 -5.19508 0.00179013 0.99994 -0.0107971 -0.859051 0.103304 0.0105545 0.994594 72.5853
0.994889 0.00429418 -0.100888 -5.25268 -0.00510406 0.999957 -0.00777078 -0.865251 0.10085 0.00824599 0.994867 73.0939
0.995382 0.00157181 -0.0959795 -5.29712 -0.00197717 0.99999 -0.00412847 -0.878147 0.095972 0.00429917 0.995375 73.5894
0.99584 -0.00709026 -0.0908425 -5.32722 0.00707601 0.999975 -0.000478934 -0.889751 0.0908437 -0.000165861 0.995865 74.1235
0.996537 -0.010044 -0.0825383 -5.35523 0.0103192 0.999943 0.0029089 -0.908847 0.0825044 -0.00375056 0.996584 74.6231
0.997392 -0.00207924 -0.0721477 -5.3949 0.00228577 0.999994 0.00278013 -0.913937 0.0721414 -0.0029378 0.99739 75.1368
0.998359 0.00984816 -0.0564088 -5.4289 -0.00970487 0.999949 0.00281358 -0.920571 0.0564336 -0.00226152 0.998404 75.5856
0.999201 0.0103365 -0.0386111 -5.44113 -0.010198 0.999941 0.00378449 -0.928596 0.0386479 -0.00338771 0.999247 76.1066
0.999859 0.00492982 -0.0160317 -5.43529 -0.00485577 0.999977 0.00465483 -0.933195 0.0160543 -0.00457633 0.999861 76.5663
0.999936 -0.00698676 0.00885034 -5.40772 0.00693369 0.999958 0.00601341 -0.940942 -0.00889199 -0.00595166 0.999943 77.0546
0.999239 -0.00494085 0.0386882 -5.36997 0.00464156 0.999959 0.00782182 -0.947186 -0.0387253 -0.00763629 0.999221 77.5039
0.997459 -0.00237265 0.0712036 -5.31407 0.00168273 0.999951 0.00974791 -0.955035 -0.0712233 -0.00960332 0.997414 77.9898
0.994128 -0.00153875 0.108199 -5.2367 0.000439515 0.999948 0.0101824 -0.953147 -0.10821 -0.0100751 0.994077 78.4468
0.988724 -0.00267826 0.149728 -5.13921 0.00103448 0.999938 0.0110552 -0.958061 -0.149749 -0.0107756 0.988665 78.909
0.980831 -0.0023549 0.194844 -5.01853 0.000126535 0.999934 0.0114483 -0.960664 -0.194858 -0.0112042 0.980767 79.3476
0.970174 -0.00131495 0.242404 -4.87275 -0.000998335 0.999955 0.00942 -0.971368 -0.242406 -0.00938104 0.97013 79.7697
0.954828 4.05677e-005 0.297158 -4.71376 -0.00217929 0.999974 0.00686596 -0.973536 -0.29715 -0.00720341 0.954804 80.1727
0.936103 -0.000987465 0.351725 -4.53115 -0.00105754 0.999984 0.00562205 -0.974957 -0.351725 -0.00563479 0.936086 80.553
0.912693 -0.0015446 0.408644 -4.32923 -0.00011439 0.999992 0.00403527 -0.970022 -0.408647 -0.00372971 0.912685 80.9205
0.88506 -0.00236304 0.465471 -4.09732 0.00113811 0.999995 0.00291262 -0.971655 -0.465475 -0.00204808 0.885059 81.2515
0.853094 -0.00586832 0.521725 -3.8285 0.00541593 0.999982 0.0023919 -0.965447 -0.521729 0.000785107 0.853111 81.5707
0.816555 -0.00533811 0.577244 -3.56101 0.00448624 0.999986 0.00290133 -0.974127 -0.577251 0.000220563 0.816567 81.8613
0.777767 -0.00267438 0.628548 -3.27503 0.000566758 0.999994 0.00355352 -0.974676 -0.628553 -0.00240757 0.777763 82.1356
0.736314 -0.00118369 0.676638 -2.97595 -0.00356254 0.999978 0.00562608 -0.976631 -0.67663 -0.00655312 0.736294 82.3956
0.6923 -0.00118365 0.721609 -2.67486 -0.00479194 0.999969 0.00623755 -0.985727 -0.721594 -0.00777616 0.692273 82.6234
0.646716 -0.00654204 0.762703 -2.33764 0.000664186 0.999968 0.00801398 -0.987559 -0.762731 -0.00467619 0.646699 82.8459
0.600324 -0.0120982 0.799665 -1.98942 0.00499299 0.999923 0.0113796 -0.990716 -0.799741 -0.00283874 0.600338 83.0469
0.551982 -0.00546825 0.833838 -1.65576 -0.00307724 0.999958 0.00859472 -1.00641 -0.83385 -0.00731005 0.551943 83.2483
0.506727 0.000510953 0.862107 -1.28851 -0.00875743 0.999951 0.00455477 -1.00582 -0.862062 -0.00985786 0.506707 83.4203
0.460549 -0.000536907 0.887634 -0.934885 -0.00473158 0.999984 0.00305984 -1.01335 -0.887622 -0.00560912 0.460539 83.5695
0.418531 -0.00826638 0.908165 -0.56342 0.00227571 0.999965 0.0080532 -1.01127 -0.9082 -0.0013038 0.418535 83.6992
0.379426 -0.0231812 0.924932 -0.188991 0.00573846 0.999726 0.0227017 -1.00911 -0.925204 -0.00330591 0.379455 83.7894
0.344251 -0.0248744 0.938548 0.199098 -0.00229758 0.999624 0.0273359 -1.00416 -0.938875 -0.0115668 0.344064 83.8971
0.312268 -0.01664 0.949848 0.613941 -0.0148388 0.999639 0.0223906 -1.00005 -0.949878 -0.0210864 0.311908 84.0059
0.280613 -0.00588976 0.959803 1.012 -0.0158804 0.999816 0.0107782 -1.00769 -0.959689 -0.0182665 0.280468 84.1223
0.252555 -0.0014027 0.967582 1.44107 -0.0132683 0.9999 0.00491281 -1.01623 -0.967492 -0.014079 0.252511 84.2211
0.227123 -0.00462543 0.973855 1.84452 -0.00380951 0.999977 0.00563795 -1.0218 -0.973859 -0.00499041 0.2271 84.2959
0.203943 -0.0128962 0.978898 2.24483 0.00266045 0.999917 0.0126189 -1.02477 -0.978979 3.07835e-005 0.20396 84.3517
0.183585 -0.018187 0.982836 2.65657 0.00858203 0.99982 0.0168982 -1.01299 -0.982966 0.00533247 0.183708 84.4005
0.164317 -0.018585 0.986232 3.07907 0.00624422 0.999822 0.0178007 -0.99964 -0.986388 0.00323329 0.164404 84.4539
0.146261 -0.0124546 0.989168 3.47249 -0.00688846 0.999884 0.013608 -0.990869 -0.989222 -0.00880417 0.146158 84.5122
0.131276 -0.00950947 0.9913 3.88923 -0.0202405 0.99972 0.0122706 -0.994235 -0.991139 -0.0216752 0.131047 84.5643
0.117025 -0.0106872 0.993071 4.31825 -0.0203898 0.999705 0.0131613 -0.990942 -0.99292 -0.0217888 0.116773 84.6099
0.1031 -0.0127948 0.994589 4.78168 -0.0160601 0.999766 0.0145262 -0.99513 -0.994541 -0.0174708 0.10287 84.6572
0.0920094 -0.0173501 0.995607 5.26905 -0.0138725 0.999729 0.018704 -0.990319 -0.995662 -0.0155325 0.0917437 84.6876
0.0816226 -0.0202633 0.996457 5.76905 -0.012077 0.9997 0.0213185 -0.985015 -0.99659 -0.0137743 0.0813534 84.7152
0.073953 -0.0223118 0.997012 6.29218 -0.0153301 0.999606 0.023507 -0.978395 -0.997144 -0.0170227 0.0735819 84.7512
0.0681767 -0.0234851 0.997397 6.82227 -0.0186075 0.999519 0.024807 -0.970146 -0.9975 -0.0202503 0.0677069 84.7893
0.0623564 -0.0239703 0.997766 7.38847 -0.0202641 0.999475 0.0252777 -0.956269 -0.997848 -0.021795 0.0618379 84.8243
0.0561698 -0.0242453 0.998127 7.95662 -0.0205793 0.999465 0.0254359 -0.944797 -0.998209 -0.0219694 0.0556407 84.8569
0.0512292 -0.0273327 0.998313 8.55879 -0.0230074 0.999328 0.0285411 -0.931792 -0.998422 -0.0244307 0.050566 84.8926
0.0487822 -0.0294274 0.998376 9.17992 -0.0240776 0.999241 0.0306294 -0.91827 -0.998519 -0.0255327 0.0480366 84.9108
0.0447127 -0.0291287 0.998575 9.78339 -0.0269966 0.999175 0.030355 -0.907466 -0.998635 -0.0283153 0.0438894 84.9368
0.0418035 -0.032731 0.99859 10.4288 -0.0303736 0.99896 0.0340146 -0.899953 -0.998664 -0.0317527 0.0407658 84.9663
0.0416783 -0.0336542 0.998564 11.1332 -0.0281433 0.998996 0.0348435 -0.863107 -0.998735 -0.0295551 0.0406893 84.9869
0.0448153 -0.0408607 0.998159 11.7905 -0.0321241 0.998588 0.0423205 -0.848961 -0.998479 -0.0339616 0.0434394 85.0116
0.0447011 -0.0389029 0.998243 12.5139 -0.034366 0.99859 0.0404554 -0.814648 -0.998409 -0.036114 0.0433011 85.0514
0.0522756 -0.0450012 0.997618 13.2191 -0.0376075 0.998187 0.0469975 -0.792591 -0.997924 -0.0399748 0.0504885 85.0593
0.053555 -0.0413659 0.997708 13.9461 -0.0384655 0.998315 0.0434558 -0.763814 -0.997824 -0.0407046 0.0518736 85.1171
0.0598398 -0.0462205 0.997137 14.657 -0.0452621 0.997774 0.0489663 -0.737188 -0.997181 -0.0480626 0.0576145 85.1398
0.0634045 -0.0420244 0.997103 15.3955 -0.0427326 0.998082 0.044783 -0.710653 -0.997073 -0.0454482 0.0614871 85.194
0.0678362 -0.0416668 0.996826 16.143 -0.0490945 0.997778 0.0450475 -0.678444 -0.996488 -0.0519945 0.0656398 85.254
0.0717856 -0.0395035 0.996637 16.9294 -0.0473423 0.997954 0.0429656 -0.644599 -0.996296 -0.0502674 0.0697686 85.3114
0.0743824 -0.0368336 0.996549 17.727 -0.04211 0.99831 0.0400418 -0.617683 -0.99634 -0.0449431 0.0727056 85.3901
0.079123 -0.0347186 0.99626 18.5955 -0.0354859 0.998662 0.0376206 -0.596878 -0.996233 -0.0383298 0.0777851 85.4347
0.0784204 -0.0297984 0.996475 19.4038 -0.0298003 0.999036 0.0322202 -0.572906 -0.996475 -0.0322219 0.0774568 85.5452
0.0802306 -0.0281053 0.99638 20.2206 -0.0295118 0.999097 0.0305583 -0.535713 -0.996339 -0.0318567 0.0793287 85.6034
0.0781001 -0.0262227 0.996601 20.9729 -0.0274952 0.999217 0.0284462 -0.521653 -0.996566 -0.0296234 0.0773179 85.6739
0.08224 -0.0256253 0.996283 21.8041 -0.0316849 0.999097 0.0283132 -0.509282 -0.996109 -0.0338956 0.0813538 85.7349
0.0805259 -0.0252436 0.996433 22.5952 -0.0299254 0.999167 0.0277313 -0.489708 -0.996303 -0.0320518 0.0797034 85.8213
0.0822396 -0.0239394 0.996325 23.4173 -0.0284181 0.999249 0.0263553 -0.475589 -0.996207 -0.0304811 0.0814975 85.8887
0.0761845 -0.0194506 0.996904 24.2403 -0.0267617 0.99941 0.0215447 -0.466542 -0.996735 -0.0283202 0.075619 85.9645
0.0830458 -0.0186708 0.996371 25.0783 -0.0236087 0.999507 0.0206973 -0.458562 -0.996266 -0.0252419 0.082564 86.0274
0.0790072 -0.0170389 0.996728 25.8772 -0.0213429 0.999596 0.0187797 -0.447947 -0.996646 -0.0227568 0.0786116 86.1156
0.0757467 -0.0129024 0.997044 26.7429 -0.0189084 0.999718 0.0143735 -0.444942 -0.996948 -0.0199412 0.0754813 86.1969
0.0709283 -0.00755168 0.997453 27.5486 -0.0189695 0.99978 0.00891821 -0.443977 -0.997301 -0.0195537 0.0707694 86.2627
0.0667418 -0.0070303 0.997746 28.389 -0.0184494 0.999796 0.00827887 -0.447462 -0.9976 -0.0189604 0.0665985 86.3232
0.0613075 -0.00653203 0.998098 29.2337 -0.0159182 0.999845 0.00752123 -0.448671 -0.997992 -0.0163491 0.061194 86.3881
0.0545584 -0.00604688 0.998492 30.0795 -0.0111266 0.999916 0.00666347 -0.458621 -0.998449 -0.0114733 0.0544865 86.4247
0.0445814 -0.00196939 0.999004 30.9292 -0.00352937 0.999992 0.00212884 -0.467983 -0.999 -0.00362076 0.044574 86.4755
0.0363328 -0.00444793 0.99933 31.7608 -0.00389106 0.999982 0.0045923 -0.476806 -0.999332 -0.0040553 0.0363149 86.4941
0.0243355 -0.00350618 0.999698 32.5965 -0.00444303 0.999984 0.00361534 -0.48349 -0.999694 -0.00452967 0.0243195 86.531
0.0148856 -0.00430297 0.99988 33.4548 -0.00690259 0.999966 0.0044061 -0.488749 -0.999865 -0.00696735 0.0148554 86.5426
0.00276499 -0.00309156 0.999991 34.2888 -0.00622874 0.999976 0.00310874 -0.495254 -0.999977 -0.00623728 0.00274567 86.5478
-0.00807587 -0.00565834 0.999951 35.1697 -0.00428925 0.999975 0.00562383 -0.503025 -0.999958 -0.00424363 -0.00809993 86.5456
-0.0186292 -0.00441816 0.999817 35.9788 -0.0030755 0.999986 0.0043616 -0.517997 -0.999822 -0.00299368 -0.0186425 86.5221
-0.0293454 -0.00436895 0.99956 36.8651 -0.00319312 0.999986 0.00427707 -0.524915 -0.999564 -0.0030662 -0.029359 86.5009
-0.0393864 -0.00389119 0.999216 37.6334 -0.00298758 0.999988 0.00377644 -0.544153 -0.99922 -0.0028365 -0.0393975 86.4556
-0.0493515 -0.00593883 0.998764 38.4895 -0.00150179 0.999982 0.00587186 -0.530727 -0.99878 -0.00121015 -0.0493595 86.4126
-0.0584188 -0.00609243 0.998274 39.2658 -0.00301972 0.999978 0.00592612 -0.545008 -0.998288 -0.00266831 -0.0584359 86.3652
-0.068277 -0.00727679 0.99764 40.0886 -0.00436572 0.999966 0.00699497 -0.54575 -0.997657 -0.00387782 -0.0683065 86.3066
-0.0763651 -0.00848657 0.997044 40.8069 -0.00631904 0.999948 0.0080273 -0.555813 -0.99706 -0.00568736 -0.0764148 86.2363
-0.0832849 -0.00845901 0.99649 41.5741 -0.00961914 0.999924 0.00768421 -0.569893 -0.996479 -0.00894539 -0.08336 86.1538
-0.0886397 -0.0122016 0.995989 42.3023 -0.0124348 0.999861 0.0111424 -0.569146 -0.995986 -0.0113973 -0.088779 86.0954
-0.0921041 -0.015065 0.995635 43.0756 -0.0131951 0.999816 0.0139076 -0.57313 -0.995662 -0.0118565 -0.092286 86.0217
-0.0950087 -0.015683 0.995353 43.8075 -0.0152085 0.999782 0.0143011 -0.586933 -0.99536 -0.0137791 -0.0952265 85.9318
-0.101084 -0.0164407 0.994742 44.4904 -0.0201145 0.999693 0.0144785 -0.613934 -0.994675 -0.0185452 -0.101384 85.9233
-0.0975489 -0.017711 0.995073 45.2317 -0.0170057 0.999725 0.0161267 -0.586425 -0.995085 -0.0153488 -0.0978233 85.8361
-0.0971397 -0.0186165 0.995097 45.957 -0.0178163 0.999697 0.0169634 -0.620309 -0.995111 -0.0160812 -0.097442 85.7647
-0.0930003 -0.020399 0.995457 46.6832 -0.0152039 0.999703 0.0190656 -0.597071 -0.99555 -0.0133618 -0.0932828 85.761
-0.0883343 -0.0201941 0.995886 47.3144 -0.0170479 0.999679 0.0187589 -0.612378 -0.995945 -0.0153207 -0.0886502 85.6766
-0.0869009 -0.0168408 0.996075 47.9241 -0.016604 0.999743 0.0154542 -0.609669 -0.996079 -0.0151958 -0.0871582 85.645
-0.0731314 -0.015677 0.997199 48.5342 -0.0173059 0.999746 0.0144479 -0.618843 -0.997172 -0.0162008 -0.0733841 85.6034
-0.0618882 -0.0150341 0.99797 49.1466 -0.0157467 0.999777 0.0140848 -0.614934 -0.997959 -0.014843 -0.0621111 85.586
-0.0433872 -0.0143297 0.998956 49.7153 -0.0139667 0.999808 0.0137353 -0.620905 -0.998961 -0.0133561 -0.043579 85.5808
-0.0216535 -0.0126942 0.999685 50.2631 -0.0112085 0.99986 0.0124536 -0.627006 -0.999703 -0.0109353 -0.0217927 85.5766
0.00198962 -0.0101145 0.999947 50.7913 -0.00856831 0.999912 0.0101312 -0.628565 -0.999961 -0.00858802 0.00190278 85.5973
0.0307081 -0.00878828 0.99949 51.3194 -0.00746139 0.999931 0.0090214 -0.629628 -0.999501 -0.00773462 0.0306404 85.6307
0.0630882 -0.00769067 0.997978 51.8237 -0.00944822 0.999921 0.00830292 -0.627778 -0.997963 -0.00995294 0.0630106 85.6891
0.101155 -0.00620302 0.994851 52.3118 -0.0121203 0.999899 0.00746686 -0.628585 -0.994797 -0.0128132 0.101069 85.7674
0.143339 -0.00505699 0.989661 52.7829 -0.0139515 0.999877 0.00712989 -0.624538 -0.989575 -0.0148293 0.143251 85.8229
0.186891 -0.000574328 0.98238 53.2891 -0.0157193 0.99987 0.00357505 -0.624868 -0.982255 -0.0161105 0.186858 85.9758
0.238212 -0.00623829 0.971193 53.7628 -0.0210108 0.999712 0.011575 -0.627954 -0.970986 -0.0231629 0.238013 86.1156
0.287375 -0.00302454 0.957813 54.2364 -0.014478 0.999867 0.0075012 -0.63078 -0.957709 -0.0160229 0.287293 86.2967
