0.999994 -0.00194756 -0.0030037 -0.00585926 0.00194031 0.999995 -0.00241628 -0.00275643 0.00300839 0.00241044 0.999993 0.741931
0.999975 0.00101669 -0.00705418 -0.0171731 -0.00104487 0.999991 -0.00399174 -0.00576879 0.00705007 0.00399901 0.999967 1.47933
0.99995 0.000829796 -0.00995988 -0.0466649 -0.000882029 0.999986 -0.00524109 -0.013392 0.00995539 0.00524961 0.999937 2.25396
0.999885 0.00130654 -0.0151279 -0.0610838 -0.00139769 0.999981 -0.00601659 -0.0169546 0.0151197 0.00603704 0.999867 3.04158
0.999817 -0.000373396 -0.0191276 -0.0852992 0.00025714 0.999981 -0.00607997 -0.0285349 0.0191295 0.00607394 0.999799 3.83316
0.999722 0.00159707 -0.0235389 -0.112857 -0.00176264 0.999974 -0.00701474 -0.0412849 0.0235271 0.00705428 0.999698 4.65528
0.999592 0.0032385 -0.0283749 -0.148063 -0.00345174 0.999966 -0.00746916 -0.0510661 0.0283497 0.00756406 0.999569 5.48846
0.999492 0.000430229 -0.0318659 -0.191054 -0.000627302 0.999981 -0.00617469 -0.0551614 0.0318626 0.00619155 0.999473 6.34373
0.999306 -0.00196608 -0.037193 -0.215824 0.00183844 0.999992 -0.00346585 -0.0674318 0.0371995 0.00339507 0.999302 7.24316
0.999178 -0.000279939 -0.0405256 -0.261976 0.000246295 1 -0.000835175 -0.0787679 0.0405259 0.000824508 0.999178 8.20989
0.999041 0.000836932 -0.0437739 -0.307518 -0.000907693 0.999998 -0.00159667 -0.0865426 0.0437725 0.00163487 0.99904 9.25831
0.999043 0.00196716 -0.0437059 -0.393088 -0.00205103 0.999996 -0.00187402 -0.0933764 0.0437021 0.00196187 0.999043 10.2738
0.998955 -0.00306166 -0.0456078 -0.435556 0.00294893 0.999992 -0.00253892 -0.101456 0.0456153 0.00240177 0.998956 11.2757
0.998858 -0.000757238 -0.0477625 -0.486151 0.000674223 0.999998 -0.00175417 -0.112094 0.0477637 0.00171996 0.998857 12.2713
0.998798 -0.00106279 -0.0490078 -0.541171 0.000967481 0.999998 -0.00196835 -0.124123 0.0490097 0.00191857 0.998796 13.2833
0.998678 0.00334163 -0.051293 -0.59609 -0.00355631 0.999985 -0.00409473 -0.137183 0.0512785 0.00427173 0.998675 14.3056
0.998608 9.83744e-005 -0.0527446 -0.650509 -0.000431744 0.99998 -0.00630908 -0.15492 0.052743 0.00632307 0.998588 15.3721
0.998592 0.00448007 -0.0528579 -0.742479 -0.00486445 0.999963 -0.00714561 -0.178509 0.0528239 0.00739267 0.998576 16.3933
0.998554 0.000880666 -0.0537425 -0.810884 -0.00124932 0.999976 -0.00682644 -0.192254 0.0537352 0.00688372 0.998531 17.4698
0.998406 -0.00278232 -0.0563683 -0.86269 0.00246671 0.999981 -0.00566783 -0.209686 0.056383 0.00551975 0.998394 18.6604
0.998334 -0.000204437 -0.0576924 -0.93352 -2.11848e-005 0.999992 -0.00391013 -0.229454 0.0576928 0.00390484 0.998327 19.7742
0.998246 -0.000705409 -0.0591902 -0.998548 0.000483489 0.999993 -0.00376352 -0.246787 0.0591924 0.0037283 0.99824 20.864
0.998214 0.000107849 -0.0597387 -1.08358 -0.000385923 0.999989 -0.00464332 -0.259925 0.0597376 0.00465808 0.998203 21.9161
0.998078 -0.00333943 -0.0618879 -1.13089 0.0030054 0.99998 -0.00548964 -0.271871 0.0619051 0.00529309 0.998068 22.9636
0.997928 -0.00204681 -0.0643018 -1.17839 0.00180705 0.999991 -0.00378655 -0.286725 0.064309 0.00366251 0.997923 23.9958
0.997934 0.000757466 -0.0642368 -1.2526 -0.000772185 1 -0.000204309 -0.298916 0.0642366 0.00025349 0.997935 25.0364
0.998007 0.00251647 -0.06306 -1.31211 -0.00227971 0.99999 0.00382612 -0.315491 0.063069 -0.00367474 0.998002 26.0674
0.998141 -0.000791771 -0.0609352 -1.38645 0.00118789 0.999978 0.00646475 -0.320965 0.0609288 -0.00652512 0.998121 27.1686
0.998204 0.000351432 -0.0599022 -1.45224 6.58696e-005 0.999976 0.00696426 -0.324086 0.0599032 -0.0069557 0.99818 28.3068
0.998259 -1.18353e-005 -0.0589854 -1.51797 0.000273298 0.99999 0.00442461 -0.332984 0.0589847 -0.00443303 0.998249 29.4639
0.998318 0.00281737 -0.0579141 -1.59896 -0.00283258 0.999996 -0.000180585 -0.339175 0.0579133 0.000344327 0.998322 30.6404
0.998425 -0.00261023 -0.0560382 -1.66377 0.00241778 0.999991 -0.0035017 -0.339434 0.0560468 0.00336069 0.998422 31.7221
0.998495 -0.00151279 -0.05482 -1.73234 0.00136144 0.999995 -0.00279816 -0.345975 0.0548239 0.00271932 0.998492 32.8018
0.998605 0.00167385 -0.0527711 -1.81374 -0.0015575 0.999996 0.00224599 -0.361166 0.0527746 -0.00216066 0.998604 33.8221
0.998585 -0.0034892 -0.0530727 -1.88389 0.00379485 0.999977 0.00565939 -0.369795 0.0530517 -0.00585278 0.998575 34.9576
0.998572 -0.0051837 -0.0531693 -1.95067 0.00543029 0.999975 0.00449432 -0.376114 0.0531447 -0.00477663 0.998575 36.0863
0.998532 -0.00318649 -0.054068 -2.03292 0.00321169 0.999995 0.000379199 -0.375347 0.0540665 -0.000552292 0.998537 37.2657
0.998479 0.000985729 -0.0551179 -2.10762 -0.00118259 0.999993 -0.00353919 -0.383924 0.055114 0.00359899 0.998474 38.3836
0.998467 0.0034374 -0.0552422 -2.19924 -0.00370341 0.999982 -0.00471356 -0.39013 0.055225 0.00491092 0.998462 39.4431
0.998368 -0.000651851 -0.0571019 -2.25237 0.000465746 0.999995 -0.00327241 -0.404239 0.0571037 0.00324048 0.998363 40.5711
0.998304 0.00352391 -0.0581073 -2.33143 -0.00355189 0.999994 -0.00037836 -0.415243 0.0581056 0.00058411 0.99831 41.7061
0.998232 6.15936e-005 -0.0594332 -2.39833 6.2738e-006 0.999999 0.00114172 -0.43699 0.0594332 -0.00114008 0.998232 42.8204
0.99814 0.000462171 -0.0609656 -2.47597 -0.000236959 0.999993 0.00370126 -0.445069 0.0609669 -0.00367993 0.998133 44.0479
0.998235 0.000266738 -0.0593906 -2.58097 0.00012599 0.999978 0.00660879 -0.446344 0.0593911 -0.00660461 0.998213 45.3206
0.998146 0.00653081 -0.0605131 -2.6895 -0.00600049 0.999942 0.00894121 -0.449111 0.060568 -0.00856152 0.998127 46.7516
0.998246 0.00111011 -0.059195 -2.78958 -0.000608726 0.999964 0.00848743 -0.456594 0.0592023 -0.00843651 0.99821 47.9583
0.998259 0.00240437 -0.0589316 -2.87722 -0.00201192 0.999975 0.00671795 -0.461324 0.0589463 -0.00658769 0.998239 49.2453
0.998288 0.00362126 -0.0583754 -2.9728 -0.00336356 0.999984 0.00451214 -0.466847 0.0583909 -0.00430806 0.998285 50.4553
0.998224 0.00049528 -0.0595634 -3.0741 -0.000211714 0.999989 0.00476697 -0.479978 0.0595651 -0.00474589 0.998213 51.7278
0.998081 -0.00360154 -0.0618194 -3.13425 0.00396956 0.999975 0.0058314 -0.482596 0.0617969 -0.0060656 0.99807 53.0889
0.998117 0.000810208 -0.0613366 -3.2416 -0.000403819 0.999978 0.00663766 -0.487786 0.0613406 -0.00660039 0.998095 54.4012
0.998103 0.00199221 -0.061538 -3.33883 -0.00181991 0.999994 0.0028558 -0.490084 0.0615434 -0.00273839 0.998101 55.7781
0.998063 0.00134282 -0.0622009 -3.43285 -0.00143728 0.999998 -0.00147388 -0.499587 0.0621988 0.00156042 0.998063 57.0572
0.998013 0.00165136 -0.062983 -3.51794 -0.00180628 0.999995 -0.00240286 -0.516708 0.0629788 0.00251185 0.998012 58.3367
0.997998 -0.00254245 -0.0631873 -3.60599 0.00261655 0.999996 0.00108993 -0.539718 0.0631843 -0.00125309 0.998001 59.6558
0.998038 -0.00101271 -0.0626026 -3.69249 0.00127234 0.999991 0.0041075 -0.55551 0.0625979 -0.00417909 0.99803 60.8749
0.998013 -0.00221638 -0.0629731 -3.77124 0.00249896 0.999987 0.00440891 -0.566851 0.0629625 -0.00455752 0.998005 62.0965
0.997987 -0.00283291 -0.0633618 -3.83981 0.00302018 0.999991 0.00285989 -0.576768 0.0633531 -0.0030455 0.997987 63.2608
0.997911 -0.00299814 -0.0645278 -3.89969 0.00311577 0.999994 0.00172243 -0.593448 0.0645222 -0.00191989 0.997914 64.3721
0.9978 -0.00224141 -0.0662604 -3.96209 0.00247106 0.999991 0.00338423 -0.610748 0.0662522 -0.00354051 0.997797 65.469
0.997773 -0.00253896 -0.0666561 -4.0468 0.00302655 0.999969 0.00721507 -0.622302 0.0666358 -0.00740074 0.99775 66.6317
0.99771 -0.00129701 -0.0676248 -4.12109 0.00212685 0.999923 0.0122006 -0.630782 0.0676038 -0.0123165 0.997636 67.8794
0.997679 0.0014024 -0.0680737 -4.21838 -0.000451592 0.999902 0.0139807 -0.62752 0.0680866 -0.0139175 0.997582 69.1381
0.997607 0.000816886 -0.0691394 -4.30693 -0.000149105 0.999953 0.00966309 -0.62808 0.069144 -0.00962965 0.99756 70.3365
0.997515 6.70213e-005 -0.0704607 -4.38878 6.0193e-005 0.999998 0.00180334 -0.629672 0.0704607 -0.0018031 0.997513 71.5202
0.997428 0.00200813 -0.0716477 -4.46893 -0.00221211 0.999994 -0.00276771 -0.643264 0.0716417 0.00291909 0.997426 72.5953
0.997283 0.0052324 -0.073482 -4.5515 -0.00535367 0.999985 -0.00145337 -0.658125 0.0734733 0.00184282 0.997295 73.6535
0.997185 0.0023778 -0.0749489 -4.63621 -0.00231592 0.999997 0.000912565 -0.671955 0.0749509 -0.00073642 0.997187 74.704
0.996995 0.000582199 -0.0774579 -4.70188 -0.000398042 0.999997 0.00239292 -0.686677 0.0774591 -0.0023549 0.996993 75.7256
0.996897 -0.00196542 -0.0786963 -4.77249 0.00212591 0.999996 0.00195563 -0.699359 0.0786921 -0.00211687 0.996897 76.7009
0.996617 -0.00110924 -0.0821784 -4.83517 0.00131719 0.999996 0.00247622 -0.70861 0.0821753 -0.00257609 0.996615 77.7369
0.996496 0.00163164 -0.0836298 -4.93125 -0.00137874 0.999994 0.00308174 -0.723821 0.0836344 -0.00295564 0.996492 78.7962
0.996352 -0.00167125 -0.0853181 -5.00739 0.00196538 0.999992 0.00336361 -0.743978 0.0853118 -0.00351902 0.996348 79.814
0.996157 -0.000608645 -0.0875824 -5.07807 0.00100962 0.999989 0.004534 -0.761297 0.0875787 -0.004605 0.996147 80.8568
0.996252 0.00502821 -0.0863506 -5.20763 -0.00442471 0.999964 0.00717895 -0.768359 0.0863836 -0.00676997 0.996239 81.8691
0.995546 0.0113997 -0.0935895 -5.20788 -0.0118499 0.999921 -0.00425594 -0.768394 0.0935336 0.00534601 0.995602 81.8718
0.995546 0.0113997 -0.0935895 -5.20814 -0.0118499 0.999921 -0.00425594 -0.768428 0.0935336 0.00534601 0.995602 81.8745
0.995546 0.0113997 -0.0935895 -5.20839 -0.0118499 0.999921 -0.00425594 -0.768462 0.0935336 0.00534601 0.995602 81.8773
0.995546 0.0113997 -0.0935895 -5.20865 -0.0118499 0.999921 -0.00425594 -0.768497 0.0935336 0.00534601 0.995602 81.88
0.995546 0.0113997 -0.0935895 -5.2089 -0.0118499 0.999921 -0.00425594 -0.768531 0.0935336 0.00534601 0.995602 81.8827
0.995546 0.0113997 -0.0935895 -5.20916 -0.0118499 0.999921 -0.00425594 -0.768565 0.0935336 0.00534601 0.995602 81.8855
0.99568 0.00483296 -0.0927261 -5.34301 -0.00489282 0.999988 -0.000418279 -0.786922 0.092723 0.000870165 0.995692 82.8741
0.995648 0.00107666 -0.0931886 -5.46387 -0.000900978 0.999998 0.00192731 -0.813088 0.0931905 -0.00183497 0.995647 83.8716
0.995534 -0.00337663 -0.0943431 -5.55419 0.00320963 0.999993 -0.00192185 -0.825088 0.0943489 0.00161046 0.995538 84.811
0.995424 -0.00931603 -0.0951029 -5.61595 0.00857673 0.99993 -0.0081795 -0.840132 0.0951724 0.0073264 0.995434 85.7545
0.995558 -0.0042512 -0.0940516 -5.68272 0.00303321 0.99991 -0.0130894 -0.862694 0.0940987 0.012746 0.995481 86.5594
0.995972 0.0030667 -0.0896095 -5.79017 -0.00428816 0.9999 -0.0134416 -0.871884 0.0895594 0.0137717 0.995886 87.3447
0.996347 0.00436607 -0.085282 -5.8746 -0.00523643 0.999936 -0.00998461 -0.893944 0.085233 0.0103947 0.996307 88.1414
0.996703 -0.00303734 -0.0810777 -5.93094 0.00246323 0.999971 -0.00718005 -0.907439 0.0810971 0.00695666 0.996682 88.9607
0.99722 -0.00310208 -0.0744472 -5.98848 0.00287036 0.999991 -0.00321934 -0.925556 0.0744565 0.0029967 0.99722 89.7001
0.997819 -0.00494756 -0.0658227 -6.03826 0.00496169 0.999988 5.13237e-005 -0.949864 0.0658216 -0.000377804 0.997831 90.4785
0.998471 0.00314152 -0.0551844 -6.07495 -0.0031539 0.999995 -0.000137192 -0.957945 0.0551837 0.000311029 0.998476 91.2098
0.99921 0.00581316 -0.0393182 -6.11922 -0.00583183 0.999983 -0.000360078 -0.969316 0.0393154 0.000589091 0.999227 91.8888
0.999765 0.0049913 -0.0211036 -6.13935 -0.00498983 0.999988 0.000122398 -0.968986 0.021104 -1.70658e-005 0.999777 92.5995
0.999998 -0.00169487 0.00130476 -6.13042 0.00169376 0.999998 0.000847796 -0.97338 -0.00130619 -0.000845584 0.999999 93.2579
0.999612 -0.0023581 0.0277617 -6.09722 0.00230412 0.999995 0.00197625 -0.978296 -0.0277662 -0.00191152 0.999613 93.8743
0.998381 -0.00183238 0.0568428 -6.02869 0.00160664 0.999991 0.00401665 -0.991433 -0.0568496 -0.00391882 0.998375 94.4587
0.995999 -0.00112555 0.089361 -5.93782 0.000598272 0.999982 0.00592707 -1.00316 -0.0893661 -0.00584989 0.995982 95.0381
0.992015 -0.00143469 0.126114 -5.82338 0.000584587 0.999977 0.00677755 -1.0101 -0.12612 -0.00664971 0.991993 95.6155
0.985821 -0.000190273 0.167798 -5.70128 -0.0010051 0.999975 0.00703893 -1.01301 -0.167795 -0.00710779 0.985796 96.1853
0.977223 -0.00192706 0.212207 -5.54014 0.000283611 0.99997 0.00777472 -1.02347 -0.212216 -0.00753745 0.977194 96.7136
0.965556 -0.000419334 0.260195 -5.34609 -0.00122791 0.99998 0.00616823 -1.03543 -0.260192 -0.00627526 0.965536 97.2321
0.950236 -0.00149821 0.311528 -5.12208 0.000286786 0.999992 0.00393443 -1.04134 -0.311531 -0.0036493 0.950229 97.7163
0.929936 0.000761603 0.367719 -4.91226 -0.00170626 0.999996 0.00224386 -1.04649 -0.367716 -0.00271408 0.929934 98.1662
0.905316 -0.000445463 0.424739 -4.67161 -5.65396e-005 0.999999 0.0011693 -1.0518 -0.424739 -0.0010826 0.905315 98.5802
0.875361 4.34976e-005 0.48347 -4.41484 -1.88122e-005 1 -5.59086e-005 -1.05611 -0.48347 3.98451e-005 0.875361 98.9856
0.765576 -0.00413943 0.643332 -4.11787 -0.0024808 0.999953 0.00938625 -1.10727 -0.64334 -0.00878187 0.76553 99.2893
0.765576 -0.00413943 0.643332 -3.8209 -0.0024808 0.999953 0.00938625 -1.15842 -0.64334 -0.00878187 0.76553 99.593
0.765576 -0.00413943 0.643332 -3.52393 -0.0024808 0.999953 0.00938625 -1.20958 -0.64334 -0.00878187 0.76553 99.8966
0.58363 -0.0133424 0.81191 -2.90089 0.0037792 0.999899 0.0137151 -1.194 -0.812011 -0.00493618 0.583621 100.327
0.58363 -0.0133424 0.81191 -2.27786 0.0037792 0.999899 0.0137151 -1.17842 -0.812011 -0.00493618 0.583621 100.757
0.58363 -0.0133424 0.81191 -1.65482 0.0037792 0.999899 0.0137151 -1.16284 -0.812011 -0.00493618 0.583621 101.188
0.58363 -0.0133424 0.81191 -1.03178 0.0037792 0.999899 0.0137151 -1.14725 -0.812011 -0.00493618 0.583621 101.618
0.487561 -0.00110739 0.873088 -0.540684 -0.0093623 0.999935 0.0064965 -1.14885 -0.873039 -0.0113416 0.487519 101.878
0.487561 -0.00110739 0.873088 -0.0495853 -0.0093623 0.999935 0.0064965 -1.15044 -0.873039 -0.0113416 0.487519 102.138
0.442193 -0.00282947 0.896916 0.409321 -0.00309629 0.999984 0.00468114 -1.16004 -0.896915 -0.00484707 0.442177 102.314
0.399615 -0.0093426 0.916635 0.883526 0.000129831 0.999949 0.0101352 -1.15961 -0.916683 -0.00393115 0.399596 102.459
0.359812 -0.021178 0.932784 1.3849 -0.00297267 0.999711 0.0238442 -1.15092 -0.93302 -0.0113523 0.359645 102.582
0.324184 -0.0209276 0.945762 2.29101 -0.0175041 0.999451 0.0281156 -1.13585 -0.945832 -0.0256694 0.32364 102.81
0.291782 -0.0191201 0.956294 3.28672 -0.0174575 0.999527 0.0253111 -1.12559 -0.956325 -0.0240799 0.29131 103.042
0.260911 -0.00790868 0.965331 4.17595 -0.0172504 0.999769 0.0128533 -1.10545 -0.965209 -0.0200059 0.260714 103.249
0.232699 -0.0050505 0.972536 5.12051 -0.00816025 0.999941 0.00714533 -1.13112 -0.972515 -0.00959884 0.232644 103.443
0.207109 -0.0066058 0.978296 6.1216 -0.00360419 0.999965 0.00751515 -1.1435 -0.978311 -0.00508242 0.207078 103.599
0.183381 -0.0124819 0.982963 7.08808 -0.00203336 0.999912 0.0130765 -1.14311 -0.98304 -0.0043967 0.18334 103.723
0.163251 -0.0181089 0.986418 7.91179 -0.00208558 0.999823 0.0187002 -1.11445 -0.986582 -0.00511009 0.163185 103.813
0.144129 -0.0179002 0.989397 8.38332 -0.00857352 0.999776 0.019337 -1.09515 -0.989522 -0.0112696 0.143943 103.858
0.126998 -0.0148906 0.991791 8.85484 -0.0166951 0.999714 0.0171473 -1.0863 -0.991763 -0.0187357 0.126713 103.905
0.111597 -0.0133095 0.993664 9.38036 -0.0201387 0.999675 0.0156518 -1.08597 -0.993549 -0.0217578 0.111293 103.961
0.0969485 -0.0137 0.995195 9.97367 -0.0172193 0.999733 0.0154399 -1.08436 -0.99514 -0.0186334 0.0966866 104.019
0.0833644 -0.0156867 0.996396 10.6099 -0.0160797 0.999725 0.0170845 -1.07965 -0.996389 -0.017446 0.0830892 104.065
0.0716144 -0.0193833 0.997244 11.2607 -0.0160304 0.99966 0.0205815 -1.07655 -0.997304 -0.0174601 0.0712793 104.101
0.0614662 -0.0223774 0.997858 11.8655 -0.0180011 0.999561 0.0235244 -1.06807 -0.997947 -0.0194085 0.0610364 104.126
0.0532043 -0.023285 0.998312 12.4698 -0.0214579 0.999471 0.0244556 -1.05648 -0.998353 -0.0227228 0.0526765 104.159
0.0466138 -0.0254573 0.998589 13.0764 -0.0225454 0.999394 0.0265302 -1.04244 -0.998659 -0.0237502 0.0460116 104.192
0.0402032 -0.0260763 0.998851 13.6981 -0.0245694 0.999331 0.0270778 -1.03178 -0.998889 -0.0256298 0.0395356 104.223
0.0337276 -0.0262315 0.999087 14.3538 -0.0253903 0.99931 0.0270945 -1.01652 -0.999108 -0.026281 0.0330383 104.247
0.0290995 -0.029528 0.99914 15.0334 -0.0261675 0.999199 0.0302919 -1.00222 -0.999234 -0.0270265 0.0283035 104.262
0.0258458 -0.0318304 0.999159 15.7356 -0.0291893 0.999043 0.0325817 -0.981526 -0.99924 -0.0300068 0.024892 104.277
0.0224464 -0.0324453 0.999221 16.4572 -0.0321389 0.998933 0.0331579 -0.959128 -0.999231 -0.0328582 0.0213797 104.298
0.0203331 -0.0347329 0.99919 17.1787 -0.0327616 0.998837 0.0353873 -0.938191 -0.999256 -0.0334546 0.0191716 104.307
0.019977 -0.0407822 0.998968 17.999 -0.0352405 0.998518 0.0414685 -0.919976 -0.999179 -0.0360325 0.0185102 104.309
0.0206932 -0.0460232 0.998726 18.7694 -0.0413152 0.998047 0.046848 -0.901271 -0.998932 -0.042232 0.0187514 104.317
0.0230834 -0.0457697 0.998685 19.5235 -0.0457559 0.997856 0.0467893 -0.867111 -0.998686 -0.0467758 0.0209397 104.341
0.0260991 -0.0470897 0.99855 20.3046 -0.0451495 0.997815 0.0482351 -0.82464 -0.998639 -0.0463429 0.023916 104.373
0.0294407 -0.0456609 0.998523 21.102 -0.0475028 0.997763 0.0470268 -0.787395 -0.998437 -0.0488172 0.0272059 104.413
0.0338103 -0.0471536 0.998315 21.9435 -0.0473294 0.99769 0.048727 -0.750029 -0.998307 -0.0488971 0.0315004 104.434
0.0369713 -0.0457649 0.998268 22.7908 -0.0491828 0.997657 0.0475584 -0.716754 -0.998105 -0.0508559 0.0346338 104.479
0.0390627 -0.0415568 0.998372 23.657 -0.0478547 0.997911 0.04341 -0.674466 -0.99809 -0.0494725 0.0369924 104.542
0.041189 -0.0394376 0.998373 24.5362 -0.0420989 0.998265 0.0411702 -0.631248 -0.998264 -0.0437262 0.0394573 104.604
0.0444483 -0.0364037 0.998348 25.4833 -0.0388755 0.998516 0.0381406 -0.601184 -0.998255 -0.0405066 0.0429671 104.662
0.0444223 -0.0303464 0.998552 26.5571 -0.0315114 0.998999 0.0317618 -0.550876 -0.998516 -0.0328767 0.0434215 104.79
0.051332 -0.0138641 0.998585 26.5599 -0.0311189 0.999396 0.015475 -0.55091 -0.998197 -0.0318693 0.0508695 104.791
0.051332 -0.0138641 0.998585 26.5626 -0.0311189 0.999396 0.015475 -0.550943 -0.998197 -0.0318693 0.0508695 104.791
0.051332 -0.0138641 0.998585 26.5654 -0.0311189 0.999396 0.015475 -0.550976 -0.998197 -0.0318693 0.0508695 104.791
0.051332 -0.0138641 0.998585 26.5681 -0.0311189 0.999396 0.015475 -0.55101 -0.998197 -0.0318693 0.0508695 104.791
0.051332 -0.0138641 0.998585 26.5709 -0.0311189 0.999396 0.015475 -0.551043 -0.998197 -0.0318693 0.0508695 104.791
0.051332 -0.0138641 0.998585 26.5736 -0.0311189 0.999396 0.015475 -0.551076 -0.998197 -0.0318693 0.0508695 104.791
0.0521846 -0.00906911 0.998596 27.9784 -0.0138612 0.999856 0.00980491 -0.54334 -0.998541 -0.0143534 0.0520513 104.852
0.0521846 -0.00906911 0.998596 29.3831 -0.0138612 0.999856 0.00980491 -0.535605 -0.998541 -0.0143534 0.0520513 104.913
0.0507296 -0.00555301 0.998697 30.7395 -0.00807881 0.99995 0.00597034 -0.53676 -0.99868 -0.00837115 0.0506822 105.002
0.0475177 -0.00259078 0.998867 32.2323 -0.00634109 0.999976 0.00289531 -0.547924 -0.99885 -0.00647149 0.0475001 105.076
0.0440928 -0.000438774 0.999027 33.5274 -0.00441704 0.99999 0.000634146 -0.559005 -0.999018 -0.0044407 0.0440904 105.134
0.0390032 0.00113242 0.999238 34.6831 -0.00294886 0.999995 -0.00101817 -0.571697 -0.999235 -0.0029069 0.0390064 105.184
0.0350906 0.0024461 0.999381 35.9809 -0.00159132 0.999996 -0.00239173 -0.600415 -0.999383 -0.00150641 0.0350944 105.203
0.0270803 0.00405854 0.999625 37.3355 0.00249034 0.999988 -0.00412748 -0.623991 -0.99963 0.00260118 0.0270699 105.258
0.00861792 0.00490283 0.999951 38.7976 0.00491082 0.999976 -0.00494527 -0.65787 -0.999951 0.0049532 0.00859363 105.276
0.00861792 0.00490283 0.999951 40.2597 0.00491082 0.999976 -0.00494527 -0.691748 -0.999951 0.0049532 0.00859363 105.295
-0.0017968 0.00426364 0.999989 41.6819 0.00365374 0.999984 -0.00425705 -0.719357 -0.999992 0.00364605 -0.00181235 105.296
-0.0128292 0.00654594 0.999896 43.0754 0.00322491 0.999974 -0.00650507 -0.747538 -0.999913 0.00314112 -0.01285 105.287
-0.0235863 0.00519782 0.999708 44.6288 0.0053924 0.999973 -0.00507197 -0.794034 -0.999707 0.0052712 -0.0236137 105.235
-0.0348492 0.0053626 0.999378 46.2714 0.0054531 0.999972 -0.00517563 -0.825591 -0.999378 0.00526935 -0.0348775 105.195
-0.0460314 0.00623859 0.998921 48.031 0.00603163 0.999964 -0.00596716 -0.864297 -0.998922 0.00575044 -0.0460674 105.124
-0.0563334 0.00589756 0.998395 49.9046 0.00720637 0.999959 -0.00550019 -0.917243 -0.998386 0.00688496 -0.0563736 105.015
-0.0666392 0.00494854 0.997765 51.7775 0.00668986 0.999967 -0.00451265 -0.950595 -0.997755 0.00637419 -0.0666701 104.882
-0.0767722 0.00531014 0.997035 53.2403 0.00574888 0.999972 -0.00488312 -0.970941 -0.997032 0.00535694 -0.0768005 104.786
-0.0866022 0.00593738 0.996225 54.5976 0.00596556 0.999967 -0.00544109 -0.998032 -0.996225 0.00547184 -0.0866348 104.657
-0.0965639 0.00594435 0.995309 56.0321 0.00641471 0.999965 -0.00534981 -1.02166 -0.995306 0.00586802 -0.0965986 104.54
-0.1048 0.00533236 0.994479 57.2446 0.00522007 0.999975 -0.00481172 -1.05252 -0.99448 0.00468698 -0.104826 104.393
-0.117367 0.000292004 0.993089 58.4975 0.00175731 0.999998 -8.63506e-005 -1.07336 -0.993087 0.00173503 -0.117367 104.246
-0.117367 0.000292004 0.993089 59.7505 0.00175731 0.999998 -8.63506e-005 -1.0942 -0.993087 0.00173503 -0.117367 104.099
-0.121367 -0.00241722 0.992605 60.7502 -0.00225533 0.999995 0.00215945 -1.11018 -0.992605 -0.00197657 -0.121372 103.977
-0.123742 -0.00490517 0.992302 61.728 -0.00446182 0.99998 0.00438673 -1.13622 -0.992304 -0.00388465 -0.123761 103.836
-0.125726 -0.00549486 0.99205 62.7001 -0.006112 0.99997 0.00476414 -1.15225 -0.992046 -0.00546443 -0.125756 103.722
-0.0986614 -0.00615271 0.995102 62.7028 -0.000483856 0.999981 0.0061349 -1.15228 -0.995121 0.000123792 -0.0986625 103.721
-0.0986614 -0.00615271 0.995102 62.7055 -0.000483856 0.999981 0.0061349 -1.15231 -0.995121 0.000123792 -0.0986625 103.721
-0.0986614 -0.00615271 0.995102 62.7083 -0.000483856 0.999981 0.0061349 -1.15234 -0.995121 0.000123792 -0.0986625 103.721
-0.0986614 -0.00615271 0.995102 62.711 -0.000483856 0.999981 0.0061349 -1.15237 -0.995121 0.000123792 -0.0986625 103.721
-0.0986614 -0.00615271 0.995102 62.7137 -0.000483856 0.999981 0.0061349 -1.15239 -0.995121 0.000123792 -0.0986625 103.72
-0.0986614 -0.00615271 0.995102 62.7165 -0.000483856 0.999981 0.0061349 -1.15242 -0.995121 0.000123792 -0.0986625 103.72
-0.0851583 -0.006001 0.996349 63.5945 -0.00627569 0.999965 0.0054864 -1.16585 -0.996348 -0.00578556 -0.085193 103.667
-0.0680374 -0.00478815 0.997671 64.3978 -0.00456036 0.99998 0.00448823 -1.18203 -0.997672 -0.00424437 -0.0680579 103.638
-0.0472286 -0.00331382 0.998879 65.1638 -0.00231409 0.999992 0.0032081 -1.20076 -0.998881 -0.00215998 -0.0472359 103.638
-0.0228848 -0.00190214 0.999736 65.9368 -0.000360574 0.999998 0.00189438 -1.21254 -0.999738 -0.000317126 -0.0228854 103.65
0.00495777 -0.000649457 0.999987 66.6257 0.000127222 1 0.000648834 -1.21293 -0.999988 0.000124004 0.00495785 103.686
0.0388112 0.000643367 0.999246 67.2668 -0.001174 0.999999 -0.000598253 -1.21676 -0.999246 -0.00114989 0.0388119 103.725
0.0761669 0.00144655 0.997094 67.9097 -0.00192832 0.999997 -0.00130346 -1.22471 -0.997093 -0.00182344 0.0761694 103.811
0.118899 0.00190799 0.992904 68.5373 -0.00253106 0.999995 -0.00161852 -1.23044 -0.992903 -0.00232066 0.118904 103.909
0.16382 0.000563002 0.98649 69.1438 -0.00323981 0.999995 -3.26965e-005 -1.24744 -0.986485 -0.00319068 0.163821 104.039
0.211429 0.00202293 0.977391 69.7279 -0.0049214 0.999987 -0.00100511 -1.26762 -0.977381 -0.00459762 0.211436 104.206
0.262492 0.00250428 0.964931 70.3081 -0.0018765 0.999996 -0.00208482 -1.28113 -0.964932 -0.00126344 0.262495 104.407
0.316149 0.00262344 0.948706 70.8556 0.00154832 0.999993 -0.00328123 -1.28614 -0.948708 0.00250626 0.316143 104.651
0.373834 -0.00148762 0.927495 71.4447 0.00483602 0.999988 -0.000345303 -1.30558 -0.927483 0.00461447 0.373836 104.938
0.43271 -0.0016439 0.901531 72.0701 0.00519286 0.999986 -0.000669009 -1.31953 -0.901518 0.00497102 0.432713 105.315
0.492544 -0.00300383 0.870282 72.6269 0.00632601 0.99998 -0.000128771 -1.33583 -0.870264 0.00556884 0.492553 105.686
0.552056 0.000776198 0.833807 73.121 0.00274437 0.999992 -0.00274792 -1.33843 -0.833803 0.00380528 0.552049 106.062
0.610555 0.000450114 0.791974 73.5883 0.00401292 0.999985 -0.003662 -1.33719 -0.791964 0.00541398 0.610544 106.44
0.760636 -0.00243349 0.649174 73.977 0.00155684 0.999997 0.00192443 -1.34256 -0.649177 -0.000453126 0.760638 106.886
0.760636 -0.00243349 0.649174 74.3658 0.00155684 0.999997 0.00192443 -1.34793 -0.649177 -0.000453126 0.760638 107.333
0.760636 -0.00243349 0.649174 74.7545 0.00155684 0.999997 0.00192443 -1.35329 -0.649177 -0.000453126 0.760638 107.779
0.839603 -0.000576086 0.543201 75.0367 -0.00756385 0.99989 0.0127516 -1.357 -0.543148 -0.0148149 0.839506 108.278
0.839603 -0.000576086 0.543201 75.3188 -0.00756385 0.99989 0.0127516 -1.36071 -0.543148 -0.0148149 0.839506 108.777
0.871142 -0.00171628 0.491028 75.5899 -0.00802361 0.999811 0.0177294 -1.35256 -0.490966 -0.0193847 0.870963 109.412
0.8976 -0.000418171 0.44081 75.8765 -0.00969896 0.999739 0.0206979 -1.35262 -0.440704 -0.0228538 0.897362 110.12
0.918609 -0.0011321 0.395165 76.1509 -0.00825743 0.999723 0.0220595 -1.34272 -0.395081 -0.0235271 0.918345 110.9
0.934421 0.00415921 0.356147 76.3687 -0.0124203 0.999704 0.0209122 -1.34198 -0.355955 -0.0239642 0.934196 111.714
0.946999 -9.54352e-005 0.321237 76.6017 -0.00606786 0.999816 0.0181849 -1.32753 -0.321179 -0.0191703 0.946824 112.605
0.956826 -0.000491334 0.290661 76.8293 -0.00464168 0.999845 0.0169701 -1.3154 -0.290624 -0.0175866 0.956676 113.511
0.963251 -0.00876516 0.268461 77.0835 0.00399172 0.999824 0.0183214 -1.30921 -0.268574 -0.0165765 0.963116 114.413
0.97062 -0.000472582 0.240615 77.3396 -0.00382458 0.999841 0.0173918 -1.29688 -0.240585 -0.0178011 0.970465 115.534
0.97062 -0.000472582 0.240615 77.5957 -0.00382458 0.999841 0.0173918 -1.28455 -0.240585 -0.0178011 0.970465 116.655
0.972848 0.00420013 0.231407 77.802 -0.008143 0.999837 0.0160862 -1.26114 -0.231301 -0.0175338 0.972724 117.752
0.974122 0.00910382 0.225838 77.9909 -0.0121155 0.999855 0.0119533 -1.23783 -0.225696 -0.0143801 0.974092 118.837
0.974287 0.00697174 0.225203 78.1509 -0.00863379 0.999942 0.00639623 -1.24205 -0.225145 -0.00817612 0.974291 119.908
0.973631 -0.00236207 0.228116 78.4662 0.00230506 0.999997 0.000516331 -1.24691 -0.228116 2.31037e-005 0.973634 121.362
0.973631 -0.00236207 0.228116 78.7815 0.00230506 0.999997 0.000516331 -1.25177 -0.228116 2.31037e-005 0.973634 122.817
0.972623 -0.00247542 0.232377 79.1192 0.00377084 0.99998 -0.00513058 -1.25274 -0.232359 0.00586637 0.972612 124.22
0.971711 0.000848497 0.23617 79.377 0.00163889 0.999945 -0.0103357 -1.24241 -0.236165 0.0104304 0.971657 125.227
0.969179 0.0100556 0.246154 79.5797 -0.00844422 0.999935 -0.00760095 -1.25764 -0.246214 0.00528811 0.969201 126.153
0.969179 0.0100556 0.246154 79.7825 -0.00844422 0.999935 -0.00760095 -1.27287 -0.246214 0.00528811 0.969201 127.08
0.96819 -0.00203569 0.250209 80.0598 0.00262837 0.999994 -0.00203462 -1.28689 -0.250204 0.00262754 0.96819 128.085
0.967372 -0.00449083 0.253319 80.287 0.00350818 0.999984 0.00433068 -1.29086 -0.253334 -0.00330069 0.967373 128.945
0.966668 -0.00222959 0.256024 80.5746 -0.000120258 0.999958 0.00916221 -1.29292 -0.256033 -0.0088876 0.966627 129.958
0.966693 -0.00630809 0.255863 80.9141 0.00347669 0.999928 0.0115169 -1.30147 -0.255917 -0.0102438 0.966645 130.989
0.966601 -0.00752071 0.256176 81.3259 0.00693414 0.999971 0.00319287 -1.30485 -0.256193 -0.00130987 0.966625 132.53
0.966601 -0.00752071 0.256176 81.7378 0.00693414 0.999971 0.00319287 -1.30822 -0.256193 -0.00130987 0.966625 134.072
0.966519 0.00434914 0.256558 81.9983 -0.00317396 0.999982 -0.00499445 -1.29637 -0.256575 0.00401293 0.966516 135.267
0.966975 0.00346735 0.254847 82.2096 -0.000935366 0.999949 -0.0100558 -1.28684 -0.254869 0.00948537 0.966929 136.246
0.967604 0.000483273 0.252471 82.5065 0.00111294 0.99998 -0.0061795 -1.28345 -0.252469 0.0062603 0.967585 137.422
0.968038 -0.00161431 0.250798 82.8353 0.00119779 0.999998 0.00181343 -1.29633 -0.2508 -0.00145507 0.968038 138.675
0.968309 0.00380125 0.249725 83.1516 -0.00549988 0.999966 0.00610459 -1.30849 -0.249694 -0.00728459 0.968298 140.123
0.968743 0.00228892 0.248054 83.511 -0.00354219 0.999983 0.0046062 -1.31939 -0.24804 -0.00534088 0.968735 141.617
0.969213 0.00407287 0.24619 83.8151 -0.00388157 0.999992 -0.0012623 -1.3235 -0.246193 0.000267832 0.969221 142.929
0.970026 0.000707821 0.243 84.0801 0.000939067 0.999977 -0.00666143 -1.33148 -0.242999 0.00668996 0.970004 144.086
0.971033 -0.00079091 0.238944 84.3658 0.00320509 0.999948 -0.00971513 -1.33353 -0.238924 0.0101995 0.970985 145.239
0.972244 -0.00231165 0.233958 84.6613 0.00415196 0.999964 -0.00737375 -1.3511 -0.233932 0.00814047 0.972219 146.364
0.973326 -0.00330968 0.229403 84.9468 0.00449124 0.999979 -0.0046287 -1.36336 -0.229383 0.00553554 0.973321 147.472
0.973796 -7.32589e-006 0.227423 85.1913 0.000474399 0.999998 -0.00199911 -1.3742 -0.227422 0.00205461 0.973794 148.517
0.973907 -0.00175935 0.226939 85.4048 0.00167184 0.999998 0.000577846 -1.38545 -0.22694 -0.000183364 0.973909 149.463
0.974031 -0.00509645 0.226356 85.6286 0.00459648 0.999986 0.00273579 -1.39032 -0.226367 -0.0016243 0.974041 150.399
0.97405 3.29959e-005 0.226334 85.8237 -0.000903692 0.999993 0.00374334 -1.38576 -0.226332 -0.00385073 0.974043 151.33
0.974027 0.00457299 0.226386 86.0364 -0.00490435 0.999988 0.000901278 -1.39783 -0.226379 -0.00198814 0.974037 152.263
0.973053 0.0216029 0.229569 86.1933 -0.0201068 0.999759 -0.00885449 -1.39651 -0.229705 0.004 0.973252 153.398
0.970487 0.00817494 0.241014 86.1939 -0.0058903 0.999931 -0.0101982 -1.3966 -0.241081 0.00847759 0.970468 153.4
0.970487 0.00817494 0.241014 86.1946 -0.0058903 0.999931 -0.0101982 -1.39669 -0.241081 0.00847759 0.970468 153.403
0.970487 0.00817494 0.241014 86.1952 -0.0058903 0.999931 -0.0101982 -1.39678 -0.241081 0.00847759 0.970468 153.406
0.970487 0.00817494 0.241014 86.1958 -0.0058903 0.999931 -0.0101982 -1.39687 -0.241081 0.00847759 0.970468 153.408
0.970487 0.00817494 0.241014 86.1965 -0.0058903 0.999931 -0.0101982 -1.39696 -0.241081 0.00847759 0.970468 153.411
0.970487 0.00817494 0.241014 86.1971 -0.0058903 0.999931 -0.0101982 -1.39705 -0.241081 0.00847759 0.970468 153.414
0.970216 -0.00485728 0.242191 86.4583 0.00759676 0.999917 -0.0103787 -1.42 -0.24212 0.0119094 0.970173 154.481
0.969805 0.000805423 0.243881 86.7068 0.00174111 0.999946 -0.010226 -1.44407 -0.243876 0.0103418 0.969751 155.493
0.969179 0.00546052 0.246296 86.959 -0.00339211 0.999955 -0.00882158 -1.45836 -0.246333 0.00771423 0.969155 156.584
0.969167 0.0028551 0.246389 87.3014 -0.00204887 0.999992 -0.0035285 -1.48358 -0.246397 0.00291488 0.969164 157.914
0.968838 0.00522519 0.247638 87.5996 -0.00527358 0.999986 -0.000467905 -1.51631 -0.247637 -0.000852616 0.968852 159.167
0.968407 -0.00403617 0.249341 87.9258 0.00561518 0.999968 -0.00562177 -1.54885 -0.24931 0.00684426 0.9684 160.471
0.96827 -0.00677223 0.249815 88.3309 0.0115293 0.999779 -0.017584 -1.59136 -0.249641 0.0199063 0.968134 162.066
0.968313 -0.00310916 0.249722 88.7234 0.00966595 0.99964 -0.0250343 -1.62289 -0.249554 0.0266549 0.967994 163.547
0.968567 0.0022704 0.248742 89.026 0.00174746 0.999872 -0.0159308 -1.64739 -0.248746 0.0158647 0.968439 164.717
0.968993 -0.000460838 0.24709 89.3742 -0.000794965 0.999987 0.0049826 -1.68353 -0.247089 -0.00502453 0.96898 166.055
0.969283 -0.000138856 0.245947 89.8454 -0.0048146 0.999798 0.0195389 -1.72421 -0.2459 -0.0201228 0.969086 167.896
0.969251 0.00415287 0.246039 90.3151 -0.00741644 0.999896 0.0123393 -1.73586 -0.245962 -0.0137846 0.969181 170.017
0.969433 0.00502666 0.245305 90.7823 -0.00388946 0.999979 -0.00512012 -1.7414 -0.245325 0.00400951 0.969432 172.085
0.969187 0.00238101 0.246315 91.1341 0.000870245 0.999914 -0.0130899 -1.76391 -0.246325 0.0129009 0.969102 173.761
0.968894 -0.0012615 0.247473 91.4393 0.00501066 0.999882 -0.0145206 -1.77257 -0.247426 0.0153089 0.968786 175.249
0.969364 0.00123105 0.245628 91.7738 0.00198216 0.999916 -0.012834 -1.82494 -0.245623 0.0129276 0.969279 176.638
0.970705 -0.000890239 0.240274 92.1458 0.00403643 0.999912 -0.0126024 -1.87576 -0.240241 0.013203 0.970623 178.036
0.972242 0.0103784 0.233749 92.482 -0.00656564 0.999833 -0.0170834 -1.90931 -0.233887 0.0150745 0.972147 179.532
0.972242 0.0103784 0.233749 92.8181 -0.00656564 0.999833 -0.0170834 -1.94286 -0.233887 0.0150745 0.972147 181.028
0.973267 0.00605701 0.229597 93.1854 -0.00185525 0.999827 -0.018512 -1.98007 -0.22967 0.0175912 0.97311 182.5
0.973499 0.00464189 0.228646 93.4632 -0.000575339 0.999841 -0.0178488 -2.00707 -0.228692 0.0172443 0.973346 183.88
0.973318 0.0044109 0.229417 93.7568 -0.00126327 0.999903 -0.0138652 -2.05077 -0.229456 0.0132054 0.973229 185.373
0.973633 0.00263184 0.228104 94.1289 0.000547175 0.999904 -0.0138723 -2.10349 -0.228119 0.0136313 0.973538 187.055
0.974049 -0.000171388 0.226336 94.4922 0.00384924 0.999868 -0.0158083 -2.16718 -0.226303 0.0162693 0.973921 188.69
0.975368 -0.00518964 0.220523 94.865 0.00937096 0.999796 -0.017919 -2.21943 -0.220385 0.0195441 0.975217 190.161
0.978132 -0.00146011 0.207982 95.1888 0.00435727 0.9999 -0.0134724 -2.25454 -0.207941 0.014084 0.97804 191.688
0.978132 -0.00146011 0.207982 95.5127 0.00435727 0.9999 -0.0134724 -2.28964 -0.207941 0.014084 0.97804 193.215
0.979401 -0.000808112 0.201921 95.8078 0.00184016 0.999986 -0.00492348 -2.32737 -0.201914 0.00519363 0.979389 194.892
0.980243 -0.000746069 0.197796 96.3495 -2.28032e-005 0.999992 0.0038849 -2.33601 -0.197797 -0.00381266 0.980236 197.408
0.98724 0.00871859 0.159 96.3501 -0.00695401 0.999908 -0.011651 -2.33603 -0.159087 0.0103967 0.98721 197.411
0.98724 0.00871859 0.159 96.3506 -0.00695401 0.999908 -0.011651 -2.33606 -0.159087 0.0103967 0.98721 197.413
0.98724 0.00871859 0.159 96.3512 -0.00695401 0.999908 -0.011651 -2.33609 -0.159087 0.0103967 0.98721 197.416
0.98724 0.00871859 0.159 96.3517 -0.00695401 0.999908 -0.011651 -2.33611 -0.159087 0.0103967 0.98721 197.419
0.98724 0.00871859 0.159 96.3523 -0.00695401 0.999908 -0.011651 -2.33614 -0.159087 0.0103967 0.98721 197.421
0.98724 0.00871859 0.159 96.3528 -0.00695401 0.999908 -0.011651 -2.33617 -0.159087 0.0103967 0.98721 197.424
0.988345 0.00825521 0.152007 96.4862 -0.00608331 0.999873 -0.0147477 -2.36379 -0.15211 0.0136511 0.988269 198.604
0.98981 0.00391663 0.142338 96.6327 -0.000912172 0.999776 -0.0211671 -2.3994 -0.142389 0.0208215 0.989592 199.722
0.990957 -0.000743699 0.134174 96.7811 0.00398648 0.999706 -0.0239014 -2.42711 -0.134117 0.0242202 0.990669 200.882
0.991982 0.00207415 0.126364 96.9187 0.000682955 0.999763 -0.0217714 -2.45647 -0.12638 0.0216832 0.991745 202.096
0.993001 0.00302992 0.11807 97.0731 -0.00126179 0.999886 -0.0150471 -2.50223 -0.118102 0.0147928 0.992891 203.474
0.993941 0.0046277 0.109814 97.1945 -0.00353353 0.999942 -0.0101564 -2.53898 -0.109854 0.00970684 0.9939 204.867
0.994863 -0.00215651 0.101212 97.3512 0.00291872 0.999968 -0.0073834 -2.55972 -0.101193 0.00764088 0.994838 206.275
0.99549 0.000772078 0.0948636 97.4578 -0.000235347 0.999984 -0.00566898 -2.58277 -0.0948665 0.00562109 0.995474 207.479
0.995949 -0.00235734 0.0898932 97.6765 0.00308898 0.999963 -0.00800078 -2.59587 -0.0898711 0.00824605 0.995919 209.268
0.997294 0.0179391 0.0713012 97.6766 -0.0179362 0.999839 -0.000681382 -2.59595 -0.0713019 -0.000599334 0.997455 209.271
0.997294 0.0179391 0.0713012 97.6768 -0.0179362 0.999839 -0.000681382 -2.59603 -0.0713019 -0.000599334 0.997455 209.273
0.997294 0.0179391 0.0713012 97.6769 -0.0179362 0.999839 -0.000681382 -2.59611 -0.0713019 -0.000599334 0.997455 209.276
0.997294 0.0179391 0.0713012 97.677 -0.0179362 0.999839 -0.000681382 -2.59619 -0.0713019 -0.000599334 0.997455 209.279
0.997294 0.0179391 0.0713012 97.6772 -0.0179362 0.999839 -0.000681382 -2.59627 -0.0713019 -0.000599334 0.997455 209.282
0.997294 0.0179391 0.0713012 97.6773 -0.0179362 0.999839 -0.000681382 -2.59635 -0.0713019 -0.000599334 0.997455 209.284
0.997777 -0.00377326 0.06654 97.7763 0.00403632 0.999985 -0.00381936 -2.63701 -0.0665245 0.00407944 0.997776 211.057
0.998028 -0.0136954 0.061261 97.9393 0.0145214 0.999809 -0.0130596 -2.68419 -0.0610705 0.0139235 0.998036 213.085
0.99966 -0.0158757 0.0206675 97.9394 0.0159416 0.999868 -0.00302623 -2.68425 -0.0206167 0.00335468 0.999782 213.088
0.99966 -0.0158757 0.0206675 97.9395 0.0159416 0.999868 -0.00302623 -2.68432 -0.0206167 0.00335468 0.999782 213.091
0.99966 -0.0158757 0.0206675 97.9396 0.0159416 0.999868 -0.00302623 -2.68439 -0.0206167 0.00335468 0.999782 213.093
0.99966 -0.0158757 0.0206675 97.9397 0.0159416 0.999868 -0.00302623 -2.68445 -0.0206167 0.00335468 0.999782 213.096
0.99966 -0.0158757 0.0206675 97.9398 0.0159416 0.999868 -0.00302623 -2.68452 -0.0206167 0.00335468 0.999782 213.099
0.99966 -0.0158757 0.0206675 97.9399 0.0159416 0.999868 -0.00302623 -2.68458 -0.0206167 0.00335468 0.999782 213.102
0.999877 -0.00209156 0.0155394 97.9386 0.0022506 0.999945 -0.0102242 -2.72161 -0.0155172 0.010258 0.999827 214.663
0.999926 -0.00887397 0.0083375 97.9608 0.00904225 0.999752 -0.0203677 -2.75352 -0.00815469 0.0204415 0.999758 216.144
0.999961 -0.00813499 0.00336748 97.953 0.00821357 0.999678 -0.0240168 -2.80119 -0.00317102 0.0240435 0.999706 217.868
0.999988 0.00375208 -0.00317818 97.9394 -0.0038045 0.999854 -0.0166536 -2.84584 0.00311523 0.0166655 0.999856 219.558
0.999915 0.00988331 -0.00846548 97.8812 -0.0099131 0.999945 -0.00348479 -2.88635 0.00843057 0.00356841 0.999958 221.371
0.9999 0.00463948 -0.0133806 97.8459 -0.00458234 0.99998 0.00429809 -2.92085 0.0134003 -0.00423635 0.999901 222.798
0.999856 -0.00151993 -0.016911 97.8203 0.0015413 0.999998 0.00125026 -2.93882 0.0169091 -0.00127614 0.999856 223.92
0.999822 0.00157584 -0.0188172 97.7677 -0.00175434 0.999954 -0.0094734 -2.96119 0.0188014 0.00950472 0.999778 225.426
0.999693 0.011639 -0.0218528 97.7141 -0.0120421 0.999758 -0.018405 -2.98962 0.0216333 0.0186625 0.999592 226.727
0.999723 -0.00135733 -0.0235074 97.6825 0.000840146 0.999758 -0.0219968 -3.01313 0.0235316 0.021971 0.999482 227.64
0.999672 -0.00459249 -0.0252093 97.6595 0.00415535 0.999841 -0.0173653 -3.03379 0.0252851 0.0172548 0.999531 228.598
0.999679 -0.000898231 -0.0253201 97.6229 0.000675962 0.999961 -0.00878556 -3.05688 0.025327 0.00876562 0.999641 229.793
0.999673 -0.000312456 -0.025565 97.6096 0.000206781 0.999991 -0.00413609 -3.07212 0.025566 0.00412945 0.999665 230.849
0.999587 -0.00110627 -0.0287125 97.5977 0.000938821 0.999982 -0.00584466 -3.08361 0.0287185 0.00581529 0.999571 232.107
0.999516 -0.00203177 -0.0310406 97.54 0.00157182 0.999889 -0.014835 -3.15038 0.0310673 0.014779 0.999408 234.528
0.999415 -0.00965468 -0.0327964 97.4912 0.00877648 0.999602 -0.0268165 -3.20794 0.0330422 0.026513 0.999102 236.547
0.999267 -0.0127447 -0.0360958 97.5071 0.0116212 0.999447 -0.031164 -3.26566 0.036473 0.0307216 0.998862 238.306
0.999303 0.00166575 -0.0373037 97.4268 -0.00265836 0.999643 -0.0265751 -3.32659 0.0372461 0.0266557 0.998951 240.236
0.999243 0.00404578 -0.038679 97.3302 -0.004654 0.999867 -0.0156477 -3.39838 0.0386106 0.0158159 0.999129 242.234
0.999119 -0.00180594 -0.0419269 97.2877 0.00128142 0.999921 -0.0125338 -3.4612 0.0419462 0.0124691 0.999042 244.192
0.998097 -0.0223939 -0.0574458 97.2811 0.0218175 0.999705 -0.0106419 -3.47318 0.0576672 0.00936835 0.998292 244.327
0.998097 -0.0223939 -0.0574458 97.2744 0.0218175 0.999705 -0.0106419 -3.48516 0.0576672 0.00936835 0.998292 244.462
0.998097 -0.0223939 -0.0574458 97.2678 0.0218175 0.999705 -0.0106419 -3.49715 0.0576672 0.00936835 0.998292 244.597
0.998097 -0.0223939 -0.0574458 97.2612 0.0218175 0.999705 -0.0106419 -3.50913 0.0576672 0.00936835 0.998292 244.731
