0.999998 -0.00177344 -7.05657e-005 -0.0440217 0.00177329 0.999996 -0.00206272 -0.0089344 7.42235e-005 0.00206259 0.999998 0.657713
0.999981 -0.00381264 -0.00482649 -0.0140926 0.00379658 0.999987 -0.00333371 -0.00735559 0.00483914 0.00331533 0.999983 0.684494
0.999956 0.000425948 -0.0094071 -0.00184182 -0.000468268 0.99999 -0.00449705 -0.0131076 0.00940509 0.00450126 0.999946 1.3235
0.999926 0.000283233 -0.0121556 -0.0631109 -0.000335802 0.999991 -0.00432286 -0.0266198 0.0121543 0.00432662 0.999917 1.31215
0.99982 -0.00225819 -0.0188259 -0.0437766 0.00215987 0.999984 -0.00524103 -0.00671417 0.0188374 0.00519943 0.999809 1.2873
0.999776 0.000940929 -0.0211275 -0.0671548 -0.00107799 0.999978 -0.00647699 -0.0127177 0.0211209 0.00649832 0.999756 1.26952
0.999635 0.00568466 -0.0264043 -0.0284434 -0.00586249 0.999961 -0.0066623 -0.0212548 0.0263654 0.00681467 0.999629 1.24927
0.999505 0.00061588 -0.0314656 -0.0226619 -0.000788243 0.999985 -0.00546572 -0.00627442 0.0314618 0.00548782 0.99949 1.23024
0.999271 -0.00247293 -0.0380935 -0.0220789 0.00238614 0.999994 -0.00232351 -0.0164177 0.0380991 0.00223092 0.999271 1.20981
0.999164 0.00183033 -0.0408317 -0.0764149 -0.00184689 0.999998 -0.000367753 -0.00413135 0.0408309 0.000442857 0.999166 1.18631
0.998993 -0.000359147 -0.0448602 -0.00390995 0.000337875 1 -0.000481765 -0.00419923 0.0448604 0.000466123 0.998993 1.17944
0.999032 0.0052174 -0.0436845 -0.0938876 -0.00523121 0.999986 -0.00020192 -0.0128697 0.0436829 0.000430248 0.999045 0.976833
0.998921 -0.000180182 -0.0464518 -0.030697 0.000125633 0.999999 -0.00117723 -0.00131186 0.046452 0.00117012 0.99892 0.688527
0.998723 -0.00696143 -0.0500293 -0.0417598 0.00694347 0.999976 -0.000532703 -0.00252161 0.0500318 0.000184646 0.998748 0.891496
0.998843 -0.00126819 -0.0480794 -0.0513237 0.001222 0.999999 -0.000990059 -0.00959326 0.0480806 0.00093016 0.998843 0.780575
0.998702 0.0036175 -0.0508085 -0.0542884 -0.00376429 0.999989 -0.00279368 -0.0117586 0.0507978 0.00298131 0.998705 0.841934
0.998825 0.00260541 -0.0483925 -0.0918761 -0.0028963 0.999978 -0.00594181 -0.00283118 0.0483759 0.00607499 0.998811 0.827142
0.998489 0.00672078 -0.05454 -0.00698226 -0.00712766 0.999948 -0.00726926 -0.014404 0.0544883 0.00764702 0.998485 0.793161
0.998543 0.00662278 -0.0535535 -0.0901466 -0.00700018 0.999952 -0.00686261 -0.0141033 0.0535054 0.0072275 0.998541 0.846121
0.998427 -0.000590619 -0.0560556 -0.0195508 0.000272911 0.999984 -0.00567521 -0.0101881 0.0560581 0.00565099 0.998412 0.81646
0.998412 0.0028773 -0.0562637 -0.0468466 -0.00306364 0.99999 -0.00322588 -0.0185166 0.0562538 0.00339313 0.998411 0.822899
0.998413 -0.000890342 -0.0563105 -0.0761096 0.000660089 0.999991 -0.00410744 -0.00594878 0.0563136 0.00406376 0.998405 0.83626
0.998393 -0.000821224 -0.0566683 -0.0602731 0.000561682 0.999989 -0.00459578 -0.0130851 0.0566715 0.00455657 0.998382 0.859723
0.998323 -0.00543781 -0.0576364 -0.0567292 0.00511863 0.999971 -0.00568401 -0.011643 0.0576657 0.00537946 0.998321 0.81853
0.9984 0.00120971 -0.0565317 -0.055778 -0.00141805 0.999992 -0.00364548 -0.0166266 0.0565269 0.00371981 0.998394 0.861812
0.998306 -0.000593959 -0.0581805 -0.0204261 0.000551293 1 -0.000749386 -0.00833017 0.058181 0.000716042 0.998306 0.792353
0.998493 0.00737845 -0.0543761 -0.0673601 -0.00719695 0.999968 0.00353288 -0.018809 0.0544004 -0.00313622 0.998514 0.857483
0.998488 0.00134558 -0.0549468 -0.0369108 -0.0010077 0.99998 0.00617647 0.0056678 0.0549541 -0.00611176 0.99847 0.869271
0.998649 -0.0054289 -0.051675 -0.0892435 0.0057871 0.99996 0.00678472 -0.0043474 0.0516361 -0.0070746 0.998641 0.900966
0.998621 0.00329686 -0.0523972 -0.0181671 -0.00306416 0.999985 0.00452076 -0.0103818 0.0524113 -0.00435397 0.998616 0.915204
0.998678 0.0154939 -0.0490057 -0.113817 -0.0155598 0.999878 -0.000963179 -0.00733541 0.0489848 0.00172443 0.998798 0.934172
0.998815 -0.000321093 -0.0486628 -0.0186801 0.000149306 0.999994 -0.00353376 -0.0120339 0.0486636 0.00352231 0.998809 0.932639
0.998894 -0.00119631 -0.0469969 -0.0513766 0.00106006 0.999995 -0.00292382 -0.00708625 0.0470001 0.00287077 0.998891 0.904105
0.998829 -0.00651691 -0.0479418 -0.0519143 0.00660854 0.999977 0.0017531 -0.00297612 0.0479293 -0.00206787 0.998849 0.929814
0.99881 -0.00671136 -0.0483158 -0.048759 0.00696528 0.999963 0.00508897 -0.0159942 0.0482798 -0.00541944 0.998819 0.904006
0.998568 -0.0139614 -0.0516503 -0.0147899 0.014176 0.999892 0.00379104 -0.0114178 0.0515918 -0.00451781 0.998658 0.889321
0.998695 -0.00902864 -0.0502603 -0.0639682 0.00905233 0.999959 0.000243756 0.000861327 0.050256 -0.000698411 0.998736 0.937835
0.998561 -0.000599597 -0.0536253 -0.0115547 0.000414772 0.999994 -0.00345768 -0.0328919 0.053627 0.00343046 0.998555 0.913822
0.998517 0.0108638 -0.0533485 -0.106075 -0.0111439 0.999926 -0.00495606 0.00100375 0.0532907 0.00554322 0.998564 0.899206
0.998403 0.00251989 -0.0564373 -0.0285013 -0.00265311 0.999994 -0.00228573 -0.0219035 0.0564312 0.00243181 0.998404 0.886332
0.998349 0.00110262 -0.057426 -0.069261 -0.0011258 0.999999 -0.00037131 -0.00134077 0.0574255 0.000435347 0.99835 0.89631
0.998224 0.00181502 -0.0595449 -0.0524989 -0.00170008 0.999997 0.00198083 -0.0131943 0.0595483 -0.00187608 0.998224 0.900701
0.998165 -0.000155503 -0.0605529 -0.051891 0.000349995 0.999995 0.00320134 0.000193097 0.0605521 -0.00321666 0.99816 0.915124
0.998192 0.000562559 -0.0600982 -0.065226 -0.000144507 0.999976 0.00696027 -0.0128231 0.0601007 -0.006939 0.998168 0.926217
0.998166 0.00581892 -0.0602505 -0.0614299 -0.0053066 0.999948 0.00865977 0.00128545 0.0602977 -0.00832417 0.998146 0.91051
0.998154 0.00500186 -0.0605324 -0.0593302 -0.00446918 0.99995 0.00893216 -0.00469743 0.0605741 -0.00864514 0.998126 0.928678
0.998252 -0.000107966 -0.0591086 -0.0673923 0.000513231 0.999976 0.00684113 -0.00747095 0.0591065 -0.00685951 0.998228 0.949168
0.998284 0.00448468 -0.0583848 -0.0840814 -0.0042245 0.999981 0.00457898 0.000913627 0.0584042 -0.00432447 0.998284 0.96083
0.997986 -2.36017e-005 -0.0634268 0.00497388 0.000319851 0.999989 0.00466058 -0.00996513 0.063426 -0.00467148 0.997976 0.936564
0.998105 -0.00333131 -0.0614483 -0.0903201 0.00371412 0.999974 0.00611674 -0.0103954 0.0614264 -0.00633337 0.998092 0.976161
0.99808 -0.00219553 -0.061892 -0.0759453 0.00262877 0.999973 0.00691941 -0.00801494 0.0618751 -0.00706882 0.998059 0.943952
0.998106 0.00628188 -0.0611928 -0.053599 -0.00608785 0.999976 0.00335678 -0.00920474 0.0612124 -0.00297789 0.99812 0.932403
0.998026 0.00419509 -0.0626684 -0.0879127 -0.00423212 0.999991 -0.000458125 -0.00915729 0.0626659 0.000722441 0.998034 0.966658
0.997915 -0.00141037 -0.0645283 -0.0470398 0.00130062 0.999998 -0.00174287 -0.00947585 0.0645306 0.00165531 0.997914 0.912176
0.997976 -0.00134422 -0.0635776 -0.0621333 0.00146939 0.999997 0.00192216 -0.0144718 0.0635748 -0.00201169 0.997975 0.921462
0.997912 -0.00291558 -0.0645197 -0.0590077 0.00323924 0.999983 0.0049125 -0.0182204 0.0645043 -0.00511124 0.997904 0.886303
0.998029 -0.00216869 -0.0627117 -0.0599079 0.00252961 0.999981 0.00567636 -0.0134989 0.0626982 -0.00582381 0.998016 0.921448
0.997809 -0.00608035 -0.0658811 -0.0367416 0.00635246 0.999972 0.00392174 -0.0125461 0.0658554 -0.00433165 0.99782 0.877147
0.997942 -0.004992 -0.0639259 -0.0730478 0.00517052 0.999983 0.00262754 -0.00883123 0.0639118 -0.00295267 0.997951 0.919553
0.997834 -0.00113293 -0.0657774 -0.0638633 0.00139669 0.999991 0.00396402 -0.00894738 0.0657724 -0.0040473 0.997826 0.884292
0.997761 -0.00308311 -0.0668091 -0.048772 0.0036098 0.999963 0.00776426 -0.0134946 0.0667827 -0.00798804 0.997736 0.892816
0.997823 0.000723502 -0.06594 -0.0716771 0.000121752 0.999918 0.0128136 -0.00615666 0.0659438 -0.0127938 0.997741 0.871782
0.997664 0.000534225 -0.068311 -0.067 0.000483419 0.999889 0.0148798 -0.00321991 0.0683114 -0.0148781 0.997553 0.917256
0.997593 0.00151154 -0.0693255 -0.0680486 -0.000761298 0.999941 0.0108472 -0.00645634 0.0693378 -0.0107683 0.997535 0.899795
0.997465 0.00463727 -0.0710059 -0.0725007 -0.00441199 0.999985 0.00332909 -0.00340621 0.0710202 -0.00300737 0.99747 0.923311
0.997438 0.0044894 -0.0714001 -0.0727217 -0.00462518 0.999988 -0.00173646 -0.00868004 0.0713914 0.00206225 0.997446 0.86985
0.997465 0.00873358 -0.0706232 -0.0915678 -0.00878739 0.999961 -0.000451224 -0.00357144 0.0706165 0.00107067 0.997503 0.900194
0.997374 0.012963 -0.0712515 -0.0796265 -0.012803 0.999914 0.00270181 -0.02437 0.0712805 -0.00178248 0.997455 0.844463
0.99725 0.00364386 -0.0740204 -0.055838 -0.0033844 0.999988 0.00363043 -0.00669911 0.0740327 -0.00336993 0.99725 0.863182
0.997292 0.00482329 -0.0733839 -0.0968826 -0.0045182 0.99998 0.00432297 -0.00749127 0.0734033 -0.0039797 0.997294 0.832465
0.997141 0.0044465 -0.0754349 -0.0589688 -0.00407371 0.999979 0.00509493 -0.0106255 0.0754559 -0.00477307 0.997138 0.84841
0.997083 0.00234948 -0.0762903 -0.0624579 -0.00196122 0.999985 0.00516377 -0.00888027 0.0763013 -0.00499908 0.997072 0.822763
0.996925 0.000388223 -0.0783657 -0.059382 4.80986e-005 0.999985 0.00556579 -0.00697258 0.0783667 -0.00555244 0.996909 0.809273
0.99678 -0.00120296 -0.0801722 -0.072551 0.0017034 0.999979 0.00617398 -0.00683579 0.0801631 -0.00629067 0.996762 0.834263
0.996766 0.00612189 -0.0801261 -0.0832096 -0.00541555 0.999945 0.00902969 -0.00284173 0.080177 -0.00856656 0.996744 0.78057
0.996529 0.0038062 -0.0831552 -0.0684444 -0.00268884 0.999905 0.013545 -0.00252279 0.0831988 -0.0132744 0.996445 0.821605
0.996444 0.00278975 -0.0842062 -0.0821333 -0.00152685 0.999885 0.0150584 -0.00309839 0.0842386 -0.0148763 0.996335 0.805364
0.996222 0.00562729 -0.0866622 -0.0500478 -0.00466758 0.999926 0.0112727 -0.0125126 0.0867192 -0.0108256 0.996174 0.783537
0.996239 0.00437032 -0.0865406 -0.0939869 -0.00405043 0.999984 0.0038716 -0.00306146 0.0865562 -0.00350651 0.996241 0.800848
0.996012 -7.29637e-006 -0.0892214 -0.0653511 -0.000150919 0.999998 -0.00176654 -0.00949868 0.0892213 0.00177296 0.99601 0.762652
0.996164 0.00192852 -0.0874815 -0.124362 -0.00216142 0.999994 -0.0025676 -0.00836016 0.0874761 0.00274684 0.996163 0.779384
0.995945 0.0025337 -0.0899286 -0.0673383 -0.00250236 0.999997 0.000461228 -0.0052071 0.0899295 -0.000234324 0.995948 0.744867
0.996201 0.00393612 -0.0869994 -0.0530039 -0.00365049 0.999987 0.00344202 -0.0337947 0.0870119 -0.00311135 0.996202 0.73495
0.995964 -0.00366408 -0.0896744 -0.0844061 0.00363636 0.999993 -0.000472454 -0.0115243 0.0896755 0.000144459 0.995971 0.714153
0.995513 -0.0100186 -0.094095 0.000464419 0.00953136 0.999939 -0.00562626 -0.0243969 0.0941456 0.00470416 0.995547 0.66287
0.996021 -0.012346 -0.0882602 -0.0798371 0.0113624 0.999868 -0.0116379 -0.00355202 0.0883922 0.0105887 0.996029 0.585221
0.996369 -0.00272477 -0.0851017 -0.0809642 0.00182669 0.999942 -0.0106291 -0.0194952 0.0851257 0.0104351 0.996316 0.599817
0.996675 0.00782977 -0.0811028 -0.0470212 -0.00849155 0.999933 -0.007818 -0.0121243 0.0810361 0.00848069 0.996675 0.566349
0.997036 0.0023509 -0.0768971 -0.0672597 -0.00268365 0.999987 -0.00422413 -0.0197455 0.0768862 0.00441797 0.99703 0.56183
0.997498 -0.00601893 -0.0704354 -0.0169515 0.00598043 0.999982 -0.000757533 0.00276674 0.0704386 0.000334405 0.997516 0.529499
0.998045 -0.00834604 -0.0619467 -0.0379856 0.00855518 0.999959 0.00311169 -0.0201122 0.0619182 -0.00363557 0.998075 0.569937
0.998713 0.000416591 -0.0507238 -0.0245626 -0.000274087 0.999996 0.00281633 -0.0039519 0.0507248 -0.0027988 0.998709 0.513007
0.999309 0.0087992 -0.0361218 -0.0299665 -0.00870965 0.999959 0.00263562 -0.00946778 0.0361435 -0.00231919 0.999344 0.57068
0.999801 0.00940773 -0.0176041 -0.00580714 -0.00935134 0.999951 0.00328253 -0.00276957 0.0176341 -0.00311725 0.99984 0.512698
0.99999 0.00232627 0.00390797 0.0101562 -0.00234273 0.999988 0.00421124 -0.00723825 -0.00389813 -0.00422035 0.999983 0.518137
0.999494 -0.00419957 0.0315227 0.0329492 0.0040307 0.999977 0.00541877 -0.000919519 -0.0315447 -0.00528897 0.999488 0.484081
0.998237 -0.00745679 0.0588898 0.0622129 0.00702293 0.999947 0.00757092 -0.0124505 -0.0589431 -0.00714399 0.998236 0.485337
0.995611 -0.0017829 0.093574 0.0560479 0.000941319 0.999959 0.00903715 -0.00177759 -0.0935863 -0.0089094 0.995571 0.465821
0.991522 0.00027201 0.12994 0.0775058 -0.00154955 0.999951 0.0097308 0.000648751 -0.129931 -0.00984965 0.991474 0.456182
0.985039 -0.000550366 0.172329 0.115139 -0.0012607 0.999945 0.0103997 -0.00390953 -0.172325 -0.0104614 0.984985 0.452324
0.975916 -0.00280532 0.218131 0.119291 0.000407032 0.999939 0.0110389 -0.00898865 -0.218148 -0.0106842 0.975857 0.438235
0.964747 -0.00165931 0.263172 0.171155 -0.000661864 0.999962 0.00873107 0.000503043 -0.263177 -0.00859746 0.964709 0.431064
0.948122 -0.00161618 0.317903 0.164714 -0.000796473 0.999972 0.00745915 -0.0146409 -0.317906 -0.00732538 0.948094 0.394575
0.928587 -0.00176226 0.371111 0.203668 0.000210763 0.999991 0.00422119 0.00591599 -0.371115 -0.00384153 0.928579 0.387847
0.90475 -0.00401422 0.425924 0.213209 0.0018651 0.999983 0.00546273 -0.00523817 -0.425939 -0.00414801 0.904743 0.343737
0.874661 -0.00215195 0.484731 0.234431 0.000858338 0.999995 0.00289064 0.00251595 -0.484735 -0.00211227 0.874658 0.33482
0.841029 -0.00461603 0.540971 0.260233 0.00308987 0.999988 0.00372905 -0.00362352 -0.540982 -0.00146471 0.841033 0.312193
0.802464 -0.00369803 0.596688 0.254474 0.00233468 0.999993 0.00305772 -0.00760153 -0.596695 -0.00106064 0.802467 0.292874
0.762584 -0.00155015 0.646888 0.283073 -0.00264176 0.999981 0.00551052 -0.0112986 -0.646884 -0.00591115 0.762566 0.265852
0.720226 -0.00190158 0.693737 0.316937 -0.002328 0.999984 0.00515791 0.00936745 -0.693736 -0.00532989 0.72021 0.250555
0.674501 -0.00316628 0.738267 0.307481 -0.00285513 0.999972 0.0068972 -0.00305786 -0.738268 -0.00676002 0.674473 0.226206
0.628172 -0.00613109 0.77805 0.345858 0.000607012 0.999973 0.00738977 0.00369636 -0.778074 -0.00416976 0.628158 0.21677
0.580885 -0.0118434 0.813899 0.351274 0.00392489 0.999923 0.0117491 -0.00423507 -0.813976 -0.00363044 0.580887 0.187893
0.535072 -0.00891981 0.844759 0.360478 0.000304959 0.999946 0.0103653 -0.00234211 -0.844806 -0.00528855 0.535046 0.175145
0.485594 -0.00044174 0.874184 0.357863 -0.00801848 0.999956 0.00495942 -0.00621025 -0.874148 -0.00941789 0.485569 0.173168
0.44272 -0.00183444 0.896658 0.378809 -0.0055682 0.999973 0.00479507 -0.00568101 -0.896643 -0.00711564 0.442697 0.112875
0.399636 -0.0105716 0.916613 0.369361 0.00152203 0.99994 0.010869 -0.00593406 -0.916673 -0.00294854 0.399628 0.112699
0.360701 -0.0259423 0.932321 0.369065 0.00452972 0.99965 0.0260633 0.00341969 -0.93267 -0.0051779 0.360692 0.0832281
0.325902 -0.0275321 0.945003 0.390713 -0.00498501 0.999512 0.0308394 0.0053925 -0.94539 -0.0147615 0.325606 0.0947551
0.293097 -0.02111 0.95585 0.392969 -0.0172033 0.999478 0.0273487 -0.00158197 -0.955928 -0.0244596 0.292581 0.0894491
0.261492 -0.00933593 0.965161 0.402065 -0.0182983 0.999726 0.0146278 -0.000844175 -0.965032 -0.0214859 0.261249 0.109823
0.233818 -0.00568882 0.972264 0.427662 -0.0167153 0.999812 0.00986983 -0.00442122 -0.972137 -0.0185594 0.233679 0.0914127
0.207635 -0.00865225 0.978168 0.400684 -0.0072785 0.99992 0.0103896 -0.00786557 -0.978179 -0.00927685 0.207556 0.0607486
0.184062 -0.0153926 0.982794 0.405611 -0.000773102 0.999875 0.0158049 0.00352163 -0.982914 -0.00366889 0.184028 0.0534911
0.164376 -0.0220465 0.986151 0.412958 0.00435285 0.999757 0.0216251 0.0119339 -0.986388 0.000737941 0.164432 0.0337506
0.144357 -0.0215694 0.989291 0.422114 0.00245602 0.999767 0.0214394 0.0175072 -0.989523 -0.000665211 0.144377 0.0468047
0.127051 -0.0161489 0.991765 0.3926 -0.0115241 0.999776 0.0177556 0.00549297 -0.991829 -0.013685 0.126837 0.0514742
0.112083 -0.0140221 0.9936 0.423249 -0.0245497 0.999556 0.0168755 0.00206677 -0.993396 -0.0262841 0.111689 0.0448316
0.0967745 -0.0139137 0.995209 0.421212 -0.0241823 0.999574 0.0163262 0.00404151 -0.995013 -0.0256464 0.0963968 0.0414346
0.0841214 -0.0181567 0.99629 0.449572 -0.0197559 0.999607 0.0198852 0.00374985 -0.99626 -0.0213554 0.0837296 0.0213668
0.0720031 -0.0208501 0.997186 0.433088 -0.0167127 0.999616 0.0221076 0.00730389 -0.997264 -0.0182575 0.071627 0.0263897
0.0623405 -0.025607 0.997726 0.481662 -0.0167248 0.999504 0.0266976 0.0057904 -0.997915 -0.0183511 0.0618813 0.0157681
0.053459 -0.0244829 0.99827 0.447056 -0.0187828 0.999498 0.0255189 0.0106386 -0.998393 -0.0201145 0.0529723 0.0262628
0.0490588 -0.0285105 0.998389 0.494778 -0.0232106 0.99929 0.0296768 0.00958182 -0.998526 -0.0246291 0.0483622 0.0102506
0.0426132 -0.0272367 0.99872 0.500797 -0.024142 0.999308 0.0282828 0.00749151 -0.9988 -0.0253164 0.0419261 0.0241752
0.0371531 -0.0302044 0.998853 0.52652 -0.0261725 0.999171 0.0311875 0.0191826 -0.998967 -0.0273012 0.0363317 0.0373874
0.0328474 -0.029704 0.999019 0.544947 -0.0266157 0.999178 0.0305838 0.0081877 -0.999106 -0.0275942 0.0320298 0.00605737
0.0279764 -0.0295112 0.999173 0.564832 -0.0284008 0.999137 0.0303054 0.0233873 -0.999205 -0.0292251 0.0271141 0.0396688
0.0275769 -0.0329335 0.999077 0.585931 -0.0309439 0.99895 0.0337834 0.00771286 -0.999141 -0.0318469 0.0265288 0.00275635
0.0237964 -0.0304695 0.999252 0.593739 -0.0294441 0.99908 0.0311655 0.0163712 -0.999283 -0.0301637 0.0228774 0.0225697
0.0210491 -0.0376317 0.99907 0.619463 -0.033426 0.998706 0.0383223 0.00351959 -0.99922 -0.0342016 0.019764 0.0232994
0.023934 -0.0368178 0.999035 0.613578 -0.029698 0.998854 0.0375226 0.0285805 -0.999272 -0.0305674 0.0228131 0.00722261
0.0261529 -0.0389111 0.9989 0.646524 -0.0359703 0.998558 0.0398396 0.0196536 -0.999011 -0.0369727 0.0247156 0.0133144
0.0289954 -0.0405852 0.998755 0.659513 -0.0380956 0.998405 0.0416769 0.0256284 -0.998853 -0.0392566 0.0274031 0.0290065
0.0351409 -0.0436254 0.99843 0.683177 -0.0406056 0.998159 0.0450427 0.024664 -0.998557 -0.0421247 0.0333048 0.0156988
0.0382672 -0.0420609 0.998382 0.70133 -0.0435022 0.998096 0.0437162 0.028616 -0.99832 -0.0451047 0.0363647 0.0180613
0.0433198 -0.044229 0.998082 0.721439 -0.0459845 0.997873 0.0462156 0.0293224 -0.998002 -0.0478984 0.0411938 0.0392727
0.0476224 -0.039885 0.998069 0.713236 -0.0471254 0.998 0.0421308 0.0262199 -0.997753 -0.0490408 0.0456476 0.0300364
0.0517835 -0.039279 0.997886 0.775043 -0.0476419 0.997991 0.0417554 0.0300009 -0.997521 -0.0497034 0.0498081 0.044887
0.054219 -0.0369338 0.997846 0.771169 -0.040494 0.998412 0.0391551 0.0381797 -0.997708 -0.0425297 0.0526373 0.075408
0.0596743 -0.0358937 0.997572 0.805036 -0.0353171 0.998652 0.0380452 0.0208193 -0.997593 -0.0375017 0.0583262 0.039725
0.057498 -0.0270273 0.99798 0.816828 -0.0277842 0.999203 0.0286612 0.0146499 -0.997959 -0.0293761 0.0567013 0.0834085
0.0551642 -0.0235109 0.9982 0.819526 -0.0271328 0.999318 0.0250367 0.0128544 -0.998109 -0.0284651 0.0544887 0.0959836
0.0542941 -0.0207151 0.99831 0.800551 -0.027383 0.999378 0.0222265 0.0153138 -0.998149 -0.0285435 0.0536931 0.0861447
0.0562144 -0.0185798 0.998246 0.816585 -0.0273469 0.999423 0.0201417 0.00887114 -0.998044 -0.0284312 0.0556739 0.0338284
0.0534744 -0.018386 0.9984 0.798945 -0.0249789 0.999493 0.019744 0.00892958 -0.998257 -0.0259948 0.052988 0.0573735
0.0553086 -0.0197156 0.998275 0.795587 -0.0243031 0.999482 0.0210859 0.0153048 -0.998173 -0.0254274 0.0548009 0.0717294
0.0561337 -0.0146648 0.998316 0.818349 -0.0214181 0.999644 0.0158886 0.00470201 -0.998194 -0.0222739 0.0557996 0.031921
0.0592045 -0.0217693 0.998008 0.832826 -0.0180633 0.999575 0.0228751 0.000640553 -0.998082 -0.0193816 0.0587861 0.0224992
0.0541955 -0.00713631 0.998505 0.8291 -0.0146755 0.999861 0.00794254 0.0121428 -0.998422 -0.015084 0.0540833 0.0861988
0.0541236 -0.012896 0.998451 0.845995 -0.0175312 0.99975 0.0138631 0.00803659 -0.99838 -0.0182543 0.053884 0.0381115
0.0479825 -0.00501733 0.998836 0.835499 -0.0133366 0.999895 0.00566332 -0.000830737 -0.998759 -0.0135928 0.0479106 0.0607192
0.0434352 -0.00427417 0.999047 0.839304 -0.0147031 0.99988 0.00491697 -0.00500914 -0.998948 -0.0149027 0.0433671 0.0338601
0.0386859 -0.00251255 0.999248 0.815521 -0.01139 0.999931 0.00295523 -0.0129122 -0.999187 -0.0114957 0.0386546 0.0284355
0.0298419 -0.00201787 0.999553 0.850812 -0.00741195 0.99997 0.00224 -0.00589266 -0.999527 -0.00747548 0.029826 0.0489411
0.0217525 -0.00193646 0.999762 0.857042 -0.00209974 0.999996 0.0019826 0.00124635 -0.999761 -0.00214237 0.0217484 0.0296577
0.0118249 -0.00226371 0.999928 0.855882 -0.00153301 0.999996 0.00228199 -0.0149487 -0.999929 -0.00155988 0.0118214 0.0122675
0.00105165 -0.00366564 0.999993 0.836558 -0.00315138 0.999988 0.00366894 -0.00685216 -0.999994 -0.00315522 0.00104009 0.00375791
-0.00998381 -0.00222944 0.999948 0.861572 -0.00462479 0.999987 0.00218335 -0.00995003 -0.999939 -0.00460275 -0.00999399 -0.0013963
-0.0206215 -0.00443592 0.999778 0.81719 -0.00506759 0.999978 0.00433229 -0.0126874 -0.999775 -0.00497712 -0.0206435 -0.0317084
-0.0327682 -0.00374878 0.999456 0.859723 -0.00225427 0.999991 0.00367688 -0.00994761 -0.99946 -0.00213255 -0.0327764 -0.0110541
-0.0429968 -0.0046045 0.999065 0.818108 -0.00309768 0.999985 0.00447543 -0.00438307 -0.99907 -0.00290235 -0.0430105 -0.0347559
-0.0537619 -0.00282447 0.99855 0.823722 -0.00256782 0.999993 0.0026903 -0.0206398 -0.99855 -0.00241946 -0.0537688 -0.0536073
-0.0649081 -0.0032779 0.997886 0.852139 -0.0016551 0.999994 0.00317717 0.00691753 -0.99789 -0.00144537 -0.0649132 -0.035815
-0.0735598 -0.00499928 0.997278 0.779124 -0.00168658 0.999987 0.00488845 -0.0171273 -0.997289 -0.0013224 -0.0735672 -0.0639806
-0.0832426 -0.00507229 0.996516 0.816868 -0.00264464 0.999985 0.00486902 -0.0136688 -0.996526 -0.00223012 -0.0832547 -0.0834521
-0.0928779 -0.00667199 0.995655 0.793681 -0.00391225 0.999972 0.00633597 -0.00315392 -0.99567 -0.00330678 -0.0929014 -0.0674723
-0.100761 -0.006828 0.994887 0.772227 -0.00548988 0.999965 0.00630684 -0.011156 -0.994896 -0.00482633 -0.100794 -0.102521
-0.107942 -0.00963659 0.994111 0.796728 -0.00894799 0.999922 0.00872134 -0.00851946 -0.994117 -0.0079539 -0.108019 -0.0832831
-0.112562 -0.0128545 0.993562 0.732512 -0.0123183 0.999858 0.0115404 -0.00210047 -0.993568 -0.01094 -0.112704 -0.087349
-0.117437 -0.0135727 0.992988 0.768758 -0.0140262 0.99983 0.0120074 -0.00914226 -0.992981 -0.0125178 -0.117608 -0.109441
-0.119547 -0.0190906 0.992645 0.771934 -0.0168424 0.99971 0.0171981 0.0129159 -0.992686 -0.0146626 -0.119833 -0.0654452
-0.120348 -0.0180663 0.992567 0.712167 -0.0194406 0.999686 0.0158387 -0.00875349 -0.992541 -0.01739 -0.120662 -0.100017
-0.119601 -0.0202142 0.992616 0.740839 -0.0188735 0.999658 0.0180836 0.0130151 -0.992643 -0.0165714 -0.119942 -0.0957673
-0.120869 -0.0186955 0.992492 0.684613 -0.017729 0.999704 0.0166722 -0.0109249 -0.99251 -0.0155807 -0.121165 -0.0677894
-0.115827 -0.0223532 0.993018 0.689775 -0.0174908 0.999638 0.020462 -0.00863152 -0.993115 -0.0149987 -0.116176 -0.127778
-0.112884 -0.0210001 0.993386 0.639418 -0.018082 0.999654 0.0190779 0.00417681 -0.993444 -0.0158088 -0.113225 -0.0781108
-0.0994778 -0.0351584 0.994418 0.61489 -0.0287131 0.999061 0.0324502 -0.0036528 -0.994625 -0.0253247 -0.100394 -0.0733947
-0.0883024 -0.0277306 0.995708 0.633314 -0.0282391 0.99928 0.0253257 0.00861693 -0.995693 -0.0258816 -0.0890219 -0.0417868
-0.0742243 -0.0336427 0.996674 0.603218 -0.0357942 0.998877 0.0310514 5.20587e-005 -0.996599 -0.0333704 -0.0753452 -0.0314496
-0.0575978 -0.0285544 0.997931 0.599721 -0.0292653 0.99921 0.0269019 0.0110663 -0.997911 -0.0276553 -0.0583879 -0.0292232
-0.0366966 -0.0291569 0.998901 0.572583 -0.0273576 0.999229 0.0281614 0.00192494 -0.998952 -0.0262941 -0.037466 0.00455044
-0.0108108 -0.0258296 0.999608 0.556113 -0.0242122 0.99938 0.0255618 0.00506264 -0.999648 -0.0239264 -0.0114294 0.0040021
0.0165616 -0.0253431 0.999542 0.533566 -0.0241847 0.999376 0.0257396 0.0061094 -0.99957 -0.0245999 0.0159384 0.034855
0.0491579 -0.0214944 0.99856 0.512991 -0.0247169 0.999436 0.02273 0.0144086 -0.998485 -0.0257986 0.0485989 0.0459349
0.0877278 -0.0210306 0.995922 0.4994 -0.0277955 0.999336 0.0235511 0.00642205 -0.995757 -0.0297482 0.087085 0.0703475
0.128384 -0.0175648 0.991569 0.47984 -0.0298228 0.999323 0.0215634 -0.00218761 -0.991276 -0.0323398 0.127773 0.0927516
0.173435 -0.0173577 0.984692 0.479623 -0.029762 0.999296 0.0228572 0.00270937 -0.984395 -0.0332706 0.172797 0.110752
0.221757 -0.0189517 0.974918 0.474513 -0.0292285 0.999233 0.0260727 -0.00445235 -0.974664 -0.0342772 0.221033 0.128393
0.271679 -0.00826106 0.962353 0.489843 -0.0277943 0.999479 0.0164263 0.00477043 -0.961987 -0.0312106 0.271308 0.193151
0.326684 -0.0139367 0.945031 0.47414 -0.0216537 0.999518 0.0222257 0.00664732 -0.944886 -0.0277242 0.326225 0.185935
0.383945 -0.0067237 0.923331 0.454651 -0.0123967 0.999846 0.0124357 0.0079087 -0.923273 -0.0162209 0.383803 0.244364
0.455697 -0.0214007 0.889878 0.498853 -0.00260004 0.999675 0.0253727 0.0255256 -0.890131 -0.013876 0.455493 0.177242
0.504942 -0.0110109 0.863083 0.411601 -0.00151154 0.999906 0.0136407 -0.00814307 -0.863152 -0.00819235 0.504878 0.337672
0.566763 -0.00948928 0.823826 0.390602 -0.00736954 0.999835 0.0165866 -0.00109627 -0.823848 -0.0154719 0.5666 0.297998
0.62303 -0.0254886 0.781783 0.392178 0.00382907 0.999556 0.0295371 0.0194576 -0.782189 -0.015409 0.622851 0.343364
0.672617 -0.00550014 0.73997 0.285007 -0.00620887 0.999895 0.0130759 0.0135649 -0.739965 -0.0133894 0.672512 0.360633
0.724451 -0.011648 0.689227 0.298666 -0.00736996 0.999669 0.0246412 0.00163286 -0.689286 -0.0229309 0.724126 0.349734
0.766997 -0.00508685 0.64163 0.251697 -0.0107227 0.999727 0.0207436 0.0200947 -0.641561 -0.0227902 0.766733 0.398446
0.809417 -0.00592972 0.587204 0.228023 -0.0155944 0.999379 0.0315877 -0.00223034 -0.587027 -0.0347247 0.808823 0.369708
0.844949 -0.00536018 0.53482 0.176988 -0.0152423 0.999302 0.0340963 -0.00060579 -0.53463 -0.0369615 0.844278 0.386202
0.876817 -0.0067239 0.480778 0.171287 -0.0152878 0.999007 0.0418526 0.0154468 -0.480582 -0.0440471 0.875843 0.382276
0.902157 -0.00333966 0.431394 0.155671 -0.0171024 0.998907 0.0434987 0.0108669 -0.431068 -0.0466206 0.901114 0.424466
0.92247 0.00161734 0.386065 0.152256 -0.0202139 0.998822 0.044115 0.0121329 -0.385539 -0.0484986 0.921416 0.439707
0.938206 0.00308845 0.346063 0.116453 -0.019686 0.998817 0.0444564 0.0104634 -0.345517 -0.0485219 0.937157 0.430968
0.95017 0.00520455 0.31169 0.117124 -0.0188589 0.998989 0.0408094 0.0199841 -0.311163 -0.044654 0.949307 0.470201
0.959622 0.00156358 0.281288 0.114427 -0.0131745 0.999137 0.0393913 0.0204592 -0.280983 -0.0415066 0.958815 0.479968
0.965798 -0.0084858 0.259157 0.111606 -0.00216196 0.999166 0.0407736 0.015923 -0.259287 -0.0399393 0.964974 0.480403
0.969845 -0.0121164 0.243422 0.119607 0.00211485 0.999144 0.0413068 0.00805845 -0.243714 -0.0395464 0.96904 0.46908
0.972883 -0.00373259 0.231267 0.0967974 -0.00569429 0.99918 0.040081 0.018747 -0.231227 -0.040311 0.972064 0.482369
0.97505 0.00479357 0.221932 0.0928855 -0.0137662 0.999148 0.0389005 0.0176046 -0.221557 -0.0409851 0.974286 0.493801
0.976323 0.00968219 0.216101 0.106801 -0.0177998 0.999206 0.035649 0.0183962 -0.215585 -0.0386515 0.97572 0.516366
0.976826 0.00919789 0.213836 0.092385 -0.0161858 0.99939 0.0309512 0.0135026 -0.213421 -0.033695 0.976379 0.506345
0.977392 0.00175671 0.211427 0.136112 -0.00811237 0.999541 0.0291972 0.000518543 -0.211278 -0.0302523 0.976958 0.52318
0.976676 -0.00250731 0.214705 0.110692 -0.00303766 0.99967 0.0254921 0.0090371 -0.214699 -0.0255497 0.976346 0.546481
0.976075 -0.00895117 0.217251 0.130318 0.00455908 0.999775 0.0207095 0.0101442 -0.217387 -0.0192236 0.975896 0.539573
0.974888 -0.00669833 0.222597 0.136267 0.00331072 0.999873 0.0155883 0.0123285 -0.222673 -0.0144599 0.974786 0.507557
0.9739 0.00265089 0.226963 0.0979163 -0.00629632 0.999863 0.0153393 0.0072859 -0.226891 -0.016368 0.973783 0.560765
0.973055 0.00680352 0.230471 0.130458 -0.0113501 0.999766 0.0184072 0.0129141 -0.230292 -0.0205271 0.972905 0.512407
0.971492 0.000908233 0.237069 0.137182 -0.00673211 0.999695 0.0237577 0.00464669 -0.236976 -0.0246764 0.971202 0.559809
0.970986 -0.00683898 0.239038 0.153323 -0.000246655 0.999562 0.0295999 0.0192417 -0.239135 -0.0288001 0.970559 0.557226
0.969994 -0.006771 0.243033 0.139193 -0.00169533 0.999399 0.0346101 0.00760083 -0.243121 -0.0339837 0.9694 0.588921
0.969599 -0.0102146 0.244486 0.147186 0.00138235 0.999341 0.03627 0.0211214 -0.244696 -0.0348294 0.968974 0.632674
0.969671 -0.0140628 0.244009 0.198339 0.00564711 0.999366 0.0351546 0.00213394 -0.244349 -0.0327105 0.969136 0.595
0.968927 -0.0120517 0.247051 0.160834 0.00529222 0.999594 0.0280065 0.0218919 -0.247288 -0.0258288 0.968598 0.66979
0.96958 0.000494521 0.244775 0.140997 -0.00552043 0.999788 0.0198471 0.0193629 -0.244713 -0.0205946 0.969377 0.662871
0.970435 -0.0011643 0.241361 0.155575 -0.00318989 0.999839 0.0176487 0.0153693 -0.241342 -0.0178968 0.970275 0.651466
0.970688 0.000288083 0.240341 0.177268 -0.00545047 0.999768 0.020815 0.0170893 -0.24028 -0.0215148 0.970465 0.649857
0.971238 -0.00479524 0.238061 0.129125 -0.00209148 0.999587 0.0286674 0.0136674 -0.2381 -0.0283408 0.970827 0.591305
0.972256 -0.00399778 0.233885 0.179849 -0.00433484 0.999374 0.0351021 0.00106649 -0.233879 -0.0351421 0.97163 0.724989
0.971972 0.00217307 0.235085 0.14329 -0.00992149 0.999446 0.0317822 0.0236295 -0.234886 -0.0332239 0.971455 0.709297
0.973026 0.00281425 0.23068 0.163106 -0.00944071 0.999574 0.027627 0.0150043 -0.230504 -0.0290596 0.972637 0.726333
0.973673 0.001059 0.227946 0.167571 -0.00619811 0.999742 0.0218307 0.01843 -0.227864 -0.0226688 0.973429 0.74454
0.974574 -0.00582145 0.223991 0.158958 0.00142403 0.999803 0.0197887 0.0130291 -0.224062 -0.0189666 0.97439 0.734605
0.97541 -0.0062748 0.220307 0.141549 0.00163277 0.999773 0.0212465 0.0057121 -0.22039 -0.0203643 0.975199 0.731266
0.976303 -0.00977754 0.216189 0.176142 0.00452298 0.999683 0.0247868 0.0092085 -0.216363 -0.0232216 0.976037 0.738716
0.976114 -0.00531001 0.217195 0.147487 -0.000247056 0.999674 0.0255504 0.0130973 -0.21726 -0.0249938 0.975794 0.727222
0.976936 -0.00622657 0.213444 0.177472 -0.000149233 0.999555 0.029842 0.00995186 -0.213535 -0.0291855 0.976499 0.752215
0.976275 -0.00901129 0.216347 0.13933 0.00265454 0.999557 0.0296548 0.0329201 -0.216518 -0.028377 0.975866 0.782741
0.976768 -0.00476644 0.214246 0.187128 -0.00224241 0.999471 0.0324592 -0.000387899 -0.214287 -0.0321855 0.97624 0.771997
0.976181 0.00405997 0.216918 0.146609 -0.0103117 0.999563 0.0276963 0.0214942 -0.216711 -0.0292734 0.975797 0.767648
0.976358 0.00644479 0.216063 0.167481 -0.0119851 0.999632 0.0243417 0.0168413 -0.215827 -0.0263558 0.976076 0.790751
0.975887 0.0109801 0.218 0.148969 -0.0157827 0.999669 0.0203013 0.0149139 -0.217705 -0.0232524 0.975738 0.763253
0.975044 0.0147746 0.221519 0.151612 -0.0196234 0.999613 0.019704 0.0124451 -0.221142 -0.0235593 0.974957 0.783576
0.974626 0.00686337 0.223736 0.171979 -0.0121066 0.999683 0.0220716 0.00497938 -0.223513 -0.0242203 0.9744 0.825021
0.974372 0.00258838 0.224929 0.188254 -0.00734507 0.999767 0.0203133 0.0104411 -0.224824 -0.0214448 0.974163 0.787082
0.973218 -0.00352803 0.229856 0.185687 -0.000676944 0.999834 0.0182126 0.0109421 -0.229882 -0.0178804 0.973054 0.859421
0.972994 -0.00886032 0.230659 0.195473 0.00424671 0.999781 0.0204907 0.00879603 -0.23079 -0.0189578 0.972819 0.816705
0.972921 -0.0147773 0.230664 0.200898 0.0101417 0.999722 0.0212694 0.00394562 -0.230914 -0.0183541 0.972801 0.802678
0.973007 -0.0127123 0.230425 0.197504 0.00778565 0.999722 0.0222772 0.00294693 -0.230644 -0.0198819 0.972835 0.827977
0.972544 -0.000370092 0.232719 0.180274 -0.0051453 0.99972 0.0230924 0.0198229 -0.232662 -0.0236557 0.97227 0.803014
0.972281 0.00231682 0.233803 0.189235 -0.00948055 0.999519 0.0295208 0.00572445 -0.233622 -0.0309191 0.971836 0.819956
0.971663 0.00524659 0.236312 0.195543 -0.0129016 0.99944 0.0308589 0.012163 -0.236018 -0.0330333 0.971187 0.825221
0.971512 -0.0012812 0.236988 0.201052 -0.00510561 0.99964 0.0263343 0.00579512 -0.236936 -0.0267941 0.971156 0.851457
0.971446 -0.0142798 0.236829 0.212064 0.0113687 0.999842 0.013653 0.00719146 -0.236986 -0.0105707 0.971455 0.84532
0.9714 -0.0150272 0.236975 0.208806 0.0139728 0.999884 0.00612847 0.00471041 -0.237039 -0.002642 0.971496 0.837541
0.971742 -0.00771814 0.23592 0.187257 0.00424737 0.999875 0.0152163 0.0119261 -0.236008 -0.0137843 0.971653 0.795577
0.971984 -0.00225981 0.235037 0.183874 -0.00616331 0.999365 0.0350967 0.0122416 -0.234967 -0.035562 0.971353 0.789014
0.972525 -0.00452759 0.232753 0.192757 -0.00764257 0.998651 0.0513595 0.00211143 -0.232672 -0.0517272 0.971179 0.780342
0.972525 -0.000913033 0.232795 0.180591 -0.0095153 0.999001 0.0436693 0.0311595 -0.232602 -0.0446846 0.971545 0.816752
0.972744 0.00233675 0.231869 0.184903 -0.00905608 0.999569 0.0279188 0.0108604 -0.231704 -0.0292577 0.972346 0.830107
0.972892 -0.00193938 0.23125 0.170441 -0.00271509 0.9998 0.0198075 0.0284456 -0.231242 -0.0198984 0.972693 0.85345
0.973329 -0.00814609 0.229269 0.181233 0.0036148 0.99979 0.0201771 0.0107264 -0.229385 -0.0188102 0.973154 0.834871
0.973478 -0.00585261 0.228706 0.168486 0.00129015 0.999797 0.0200935 0.00568678 -0.228777 -0.0192655 0.973288 0.847394
0.974114 -0.00335119 0.226032 0.187418 -0.000989818 0.999817 0.0190892 0.0164523 -0.226055 -0.0188188 0.973933 0.815651
0.974524 -0.00153831 0.224278 0.186749 -0.00213241 0.999868 0.0161237 0.000619031 -0.224273 -0.0161911 0.974392 0.840002
0.975323 0.00395229 0.220748 0.177375 -0.00738288 0.999864 0.0147179 0.00890383 -0.22066 -0.0159845 0.97522 0.815794
0.975357 0.0131583 0.220242 0.13689 -0.0163641 0.999785 0.0127378 0.00150959 -0.220027 -0.0160279 0.975362 0.784148
0.97585 0.00994277 0.218215 0.198344 -0.0131063 0.999829 0.0130545 0.010232 -0.218048 -0.0155992 0.975813 0.843479
0.976285 0.00078418 0.216486 0.163031 -0.00499539 0.999809 0.018906 -0.00606288 -0.21643 -0.0195391 0.976103 0.720445
0.976144 -0.000139826 0.217124 0.142964 -0.0038708 0.99983 0.0180462 0.00817657 -0.21709 -0.0184561 0.975977 0.820512
0.977788 -0.00502542 0.209534 0.196611 0.00160801 0.999863 0.0164768 -0.00225677 -0.209588 -0.0157738 0.977662 0.771689
0.977414 -0.0111838 0.211036 0.133365 0.00825177 0.999857 0.0147692 -0.0134999 -0.211171 -0.0126942 0.977367 0.791199
0.979576 -0.00909106 0.20087 0.171582 0.00661256 0.999894 0.0130063 0.0188659 -0.200967 -0.0114124 0.979532 0.752101
0.980375 -0.00304126 0.197116 0.127946 -0.000658247 0.999825 0.0186999 -0.00488329 -0.197139 -0.0184627 0.980202 0.767847
0.982222 -0.00488197 0.187658 0.157929 -0.000246459 0.999627 0.0272955 0.00989745 -0.187722 -0.0268565 0.981855 0.741532
0.982457 -0.00302001 0.186467 0.107389 -0.00377224 0.999342 0.0360603 0.0119965 -0.186454 -0.0361311 0.981799 0.770656
0.983412 0.00501694 0.181315 0.174167 -0.0119785 0.999232 0.0373204 0.0099298 -0.180988 -0.0388732 0.982717 0.775848
0.983771 0.00835066 0.179235 0.0869517 -0.014203 0.999406 0.0313934 0.0273555 -0.178866 -0.0334296 0.983305 0.894385
0.985536 -0.00196534 0.169457 0.15077 -0.00193261 0.999737 0.0228346 0.00585755 -0.169457 -0.0228318 0.985273 0.73797
0.986175 -0.00834262 0.165498 0.124507 0.00565104 0.999844 0.0167277 0.0172924 -0.165612 -0.0155612 0.986068 0.832573
0.987443 -0.00618212 0.157852 0.127755 0.00333034 0.999827 0.0183242 0.00547574 -0.157938 -0.0175684 0.987293 0.725162
0.988676 0.00289109 0.150037 0.111017 -0.00598617 0.999778 0.0201813 0.00875726 -0.149945 -0.0208509 0.988474 0.755446
0.989683 0.0120654 0.142762 0.0727349 -0.0147882 0.999728 0.0180263 0.00151967 -0.142506 -0.0199516 0.989593 0.760201
0.99127 0.00587085 0.131719 0.105067 -0.00744413 0.999907 0.011455 0.0063352 -0.131639 -0.0123355 0.991221 0.760981
0.992299 -0.00294058 0.123834 0.089088 0.00179603 0.999955 0.00935326 -0.000186238 -0.123856 -0.00905882 0.992259 0.747201
0.993267 -0.0020437 0.11583 0.0748942 0.0007518 0.999937 0.011196 0.00592084 -0.115846 -0.0110335 0.993206 0.730605
0.994257 0.00135186 0.107011 0.0887467 -0.00326682 0.999838 0.0177218 0.00282009 -0.106969 -0.0179696 0.9941 0.728832
0.994998 0.00489434 0.0997706 0.0556281 -0.00720402 0.999714 0.0228027 0.00245784 -0.0996305 -0.0234074 0.994749 0.763806
0.995775 0.00285407 0.0917856 0.0673219 -0.00525324 0.999651 0.025908 0.00724007 -0.0916796 -0.0262807 0.995442 0.771639
0.996339 -0.000836112 0.0854809 0.0681534 -0.00150792 0.999625 0.0273534 0.0111602 -0.0854717 -0.0273822 0.995964 0.797263
0.996674 -0.0018363 0.0814712 0.0598879 -0.000241141 0.999675 0.0254819 0.0110388 -0.0814916 -0.0254168 0.99635 0.795062
0.99697 0.00322964 0.0777144 0.0511026 -0.00476727 0.999796 0.0196083 0.00721125 -0.0776353 -0.0199194 0.996783 0.815205
0.997252 0.00855835 0.0735865 0.0483089 -0.00949864 0.999878 0.0124375 0.00377818 -0.0734711 -0.0131023 0.997211 0.813073
0.997461 0.00597876 0.070965 0.0402107 -0.00668633 0.99993 0.00973738 0.00333101 -0.0709018 -0.0101871 0.997431 0.805246
0.997728 0.00287772 0.0673061 0.0524535 -0.00395674 0.999866 0.0159036 0.00825123 -0.0672513 -0.0161338 0.997606 0.780738
0.99782 0.004882 0.0658176 0.0318 -0.0066037 0.999641 0.0259666 0.00249062 -0.0656672 -0.0263446 0.997494 0.804686
0.998138 0.0034782 0.0608902 0.0420065 -0.00547777 0.99945 0.0327029 0.0103361 -0.060743 -0.0329755 0.997609 0.814313
0.998448 -0.00356037 0.0555804 0.0613949 0.00190416 0.999553 0.029823 0.00670973 -0.0556618 -0.0296709 0.998009 0.831698
0.998552 -0.0172795 0.0509346 0.0520524 0.0162628 0.999662 0.0203076 0.00912981 -0.0512683 -0.0194499 0.998496 0.833011
0.998897 -0.0171504 0.0437023 0.0305977 0.0164912 0.999745 0.0153987 0.0194734 -0.0439553 -0.0146611 0.998926 0.848733
0.999299 0.0013867 0.0374073 0.0174408 -0.00199076 0.999868 0.0161158 0.00626009 -0.03738 -0.016179 0.99917 0.811817
0.999564 0.00186774 0.0294732 0.0125838 -0.00252276 0.99975 0.0222029 0.00695903 -0.0294243 -0.0222676 0.999319 0.806799
0.999733 -0.00500555 0.0225579 0.0147969 0.00442114 0.999655 0.025883 0.00455587 -0.0226797 -0.0257763 0.99941 0.830104
0.999772 -0.0145141 0.0156739 0.0201932 0.0140388 0.999451 0.0300222 0.0157834 -0.0161011 -0.0297953 0.999426 0.823955
0.999867 -0.0129526 0.00990226 0.0181732 0.0126534 0.999479 0.0297008 0.0107093 -0.0102818 -0.0295716 0.99951 0.836959
0.999967 -0.00748313 0.0030086 -0.00269736 0.00741201 0.999708 0.0229921 0.00952489 -0.00317978 -0.022969 0.999731 0.833151
0.999924 -0.0115531 -0.00432434 -0.00509354 0.0116083 0.999848 0.0129864 0.00736863 0.00417365 -0.0130356 0.999906 0.765106
0.999748 -0.0194829 -0.0111775 0.00419546 0.0195774 0.999773 0.00840959 0.00944786 0.0110112 -0.00862629 0.999902 0.849168
0.99984 -0.00582014 -0.0168985 -0.0228719 0.00609352 0.999851 0.016172 0.00193452 0.0168018 -0.0162724 0.999726 0.779473
0.999652 0.014819 -0.0218259 -0.0320106 -0.0141741 0.999467 0.0294141 0.0082365 0.0222502 -0.0290945 0.999329 0.760607
0.999534 0.0154647 -0.0263287 -0.0346769 -0.014482 0.999206 0.0371152 0.00656947 0.0268817 -0.0367166 0.998964 0.800555
0.999534 0.00545385 -0.0300372 -0.0264278 -0.00442338 0.999403 0.0342666 0.00970499 0.0302062 -0.0341178 0.998961 0.768934
0.999487 0.00241954 -0.0319429 -0.0389137 -0.00167784 0.999729 0.023226 0.0186639 0.0319904 -0.0231605 0.99922 0.854321
0.999323 0.0147144 -0.0337227 -0.0521624 -0.014202 0.999781 0.0153858 0.00338158 0.0339417 -0.0148964 0.999313 0.789711
0.999276 0.00979816 -0.0367662 -0.0349339 -0.00941045 0.999898 0.0107035 0.0104791 0.0368673 -0.0103498 0.999267 0.872659
0.999181 -0.00698501 -0.0398589 -0.0145477 0.00763071 0.999842 0.0160704 -0.000308414 0.0397403 -0.0163614 0.999076 0.780172
0.999189 -0.00559724 -0.0398861 -0.0352593 0.0065516 0.999694 0.0238366 0.00762717 0.0397405 -0.0240785 0.99892 0.816077
0.999204 0.000146587 -0.0398947 -0.0535723 0.00105692 0.999545 0.0301444 0.00440221 0.039881 -0.0301626 0.998749 0.782978
0.999128 0.000982668 -0.0417301 -0.0129296 0.000225373 0.999581 0.0289343 0.00817228 0.0417411 -0.0289185 0.99871 0.865797
