0.999993 -0.00137303 -0.00338692 -0.00590868 0.00136543 0.999997 -0.0022434 -0.00116763 0.00338999 0.00223876 0.999992 0.65323
0.999975 -0.00228074 -0.00671158 -0.0089475 0.00225553 0.99999 -0.003761 0.00118739 0.00672009 0.00374576 0.99997 0.640511
0.999942 0.00111478 -0.0106823 -0.0180214 -0.00117755 0.999982 -0.00587245 -0.00167573 0.0106756 0.00588469 0.999926 0.664089
0.99987 0.000653044 -0.0161187 -0.0123198 -0.000751308 0.999981 -0.006091 -0.00558339 0.0161144 0.00610232 0.999852 0.675788
0.999786 -0.000806301 -0.0206675 -0.0182356 0.000674418 0.999979 -0.00638733 -0.0107924 0.0206722 0.00637203 0.999766 0.684569
0.999717 0.00125707 -0.0237747 -0.0297065 -0.00142484 0.999974 -0.00704118 -0.0149905 0.0237652 0.00707306 0.999693 0.712149
0.999553 0.00381736 -0.0296613 -0.0197097 -0.00407179 0.999955 -0.00852211 -0.00262875 0.0296274 0.00863907 0.999524 0.70805
0.999387 0.000710383 -0.0349906 -0.0256269 -0.000956175 0.999975 -0.00700828 -0.00364767 0.0349847 0.00703745 0.999363 0.721198
0.99925 -0.000604765 -0.0387073 -0.0353435 0.000478475 0.999995 -0.00327188 -0.0161448 0.0387091 0.00325091 0.999245 0.743505
0.999089 -0.00149906 -0.0426424 -0.0315232 0.00144765 0.999998 -0.00123636 -0.0103202 0.0426442 0.0011735 0.99909 0.751847
0.999046 0.00166994 -0.0436315 -0.0621537 -0.00173541 0.999997 -0.00146257 -0.00629828 0.0436289 0.0015369 0.999047 0.786149
0.998868 0.00222057 -0.0475061 -0.0270643 -0.0022879 0.999996 -0.001363 -0.0124122 0.0475029 0.00147015 0.99887 0.772522
0.998808 -0.00458104 -0.0485991 -0.0434301 0.00444525 0.999986 -0.00290193 0.001557 0.0486117 0.00268244 0.998814 0.804833
0.998841 -0.000339482 -0.0481203 -0.0542369 0.000261896 0.999999 -0.00161861 -0.0104616 0.0481208 0.00160414 0.99884 0.78436
0.998622 -0.00261308 -0.052417 -0.0343588 0.00248173 0.999994 -0.00257076 -0.00725523 0.0524234 0.00243713 0.998622 0.832248
0.998675 0.00150159 -0.0514358 -0.0556494 -0.00172053 0.99999 -0.00421262 -0.0120818 0.0514289 0.00429553 0.998667 0.811597
0.99848 0.0032479 -0.0550174 -0.0509441 -0.00364026 0.999969 -0.00703275 -0.00416837 0.0549929 0.00722234 0.998461 0.777457
0.998392 0.00346781 -0.0565879 -0.0542644 -0.0039292 0.99996 -0.00804438 -0.0155132 0.0565577 0.00825379 0.998365 0.847527
0.998467 0.00614765 -0.0550007 -0.0536473 -0.00663739 0.99994 -0.00872596 -0.00710961 0.0549438 0.00907765 0.998448 0.782781
0.99829 0.00337406 -0.0583531 -0.0380249 -0.00374337 0.999974 -0.0062207 -0.0185167 0.0583306 0.0064285 0.998277 0.828812
0.998374 0.00182875 -0.0569769 -0.0672945 -0.0021399 0.999983 -0.00540042 -0.0105034 0.0569661 0.00551356 0.998361 0.819356
0.998301 -0.00465996 -0.0580734 -0.0605011 0.00435255 0.999976 -0.00541887 -0.00490471 0.0580973 0.0051569 0.998298 0.836634
0.998162 -0.000951201 -0.0605901 -0.05558 0.000570691 0.99998 -0.00629705 -0.0111554 0.0605949 0.0062509 0.998143 0.858753
