1 -8.22789e-007 -0.00085052 -0.0332714 -8.22789e-007 0.999998 -0.00193479 -0.0106501 0.00085052 0.00193479 0.999998 0.665833
1 -1.71017e-006 -0.000963462 -0.102903 -1.71017e-006 0.999994 -0.00355004 -0.0155367 0.000963462 0.00355004 0.999993 1.32564
0.99995 -2.10532e-005 -0.00997822 -0.112149 -2.10532e-005 0.999991 -0.00421972 -0.0328396 0.00997822 0.00421972 0.999941 1.99822
0.99995 -2.10532e-005 -0.00997822 -0.121396 -2.10532e-005 0.999991 -0.00421972 -0.0501425 0.00997822 0.00421972 0.999941 2.67081
0.999898 -2.95819e-005 -0.0142756 -0.133611 -2.95819e-005 0.999991 -0.00414417 -0.0592204 0.0142756 0.00414417 0.99989 3.35024
0.999864 -4.49715e-005 -0.0164619 -0.175083 -4.49715e-005 0.999985 -0.00546328 -0.0650193 0.0164619 0.00546328 0.99985 4.03536
0.999772 -6.36651e-005 -0.0213636 -0.205808 -6.36651e-005 0.999982 -0.00595942 -0.0715976 0.0213636 0.00595942 0.999754 4.72791
0.999685 -5.12804e-005 -0.0250781 -0.234869 -5.12804e-005 0.999992 -0.00408901 -0.0811539 0.0250781 0.00408901 0.999677 5.42743
0.999581 -2.70582e-005 -0.0289337 -0.258983 -2.70582e-005 0.999998 -0.00186997 -0.0841108 0.0289337 0.00186997 0.99958 6.13421
0.999524 1.22319e-005 -0.0308623 -0.302385 1.22319e-005 1 0.000792484 -0.0923428 0.0308623 -0.000792484 0.999523 6.84711
0.999451 4.4038e-006 -0.0331204 -0.339722 4.4038e-006 1 0.000265854 -0.0977231 0.0331204 -0.000265854 0.999451 7.56754
0.99946 4.08799e-006 -0.0328653 -0.400878 4.08799e-006 1 0.000248705 -0.103719 0.0328653 -0.000248705 0.99946 8.29356
0.999384 -6.03233e-006 -0.0350844 -0.422721 -6.03233e-006 1 -0.000343769 -0.109606 0.0350844 0.000343769 0.999384 9.02913
0.999272 2.28656e-005 -0.0381511 -0.428644 2.28656e-005 0.999999 0.00119825 -0.124529 0.0381511 -0.00119825 0.999271 9.77222
0.999082 2.55762e-005 -0.0428368 -0.422419 2.55762e-005 0.999999 0.00119358 -0.135149 0.0428368 -0.00119358 0.999081 10.5228
0.999042 -1.80446e-005 -0.0437698 -0.473768 -1.80446e-005 1 -0.000824126 -0.143608 0.0437698 0.000824126 0.999041 11.2792
0.999033 -7.38507e-005 -0.0439698 -0.522124 -7.38507e-005 0.999994 -0.00335752 -0.151688 0.0439698 0.00335752 0.999027 12.0435
0.999019 -0.000106422 -0.0442804 -0.582813 -0.000106422 0.999988 -0.00480433 -0.159233 0.0442804 0.00480433 0.999008 12.8145
0.998941 -8.37714e-005 -0.0460119 -0.615981 -8.37714e-005 0.999993 -0.00363935 -0.17782 0.0460119 0.00363935 0.998934 13.5948
0.99883 -6.52058e-005 -0.0483554 -0.635275 -6.52058e-005 0.999996 -0.00269536 -0.186669 0.0483554 0.00269536 0.998827 14.3835
0.998754 -2.80549e-005 -0.0498952 -0.67991 -2.80549e-005 0.999999 -0.00112385 -0.194941 0.0498952 0.00112385 0.998754 15.1791
0.998706 -2.56661e-005 -0.0508535 -0.699146 -2.56661e-005 0.999999 -0.00100876 -0.209342 0.0508535 0.00100876 0.998706 15.9836
0.998622 -4.44998e-005 -0.0524801 -0.744013 -4.44998e-005 0.999999 -0.0016947 -0.220766 0.0524801 0.0016947 0.998621 16.7951
0.998515 -6.79602e-005 -0.0544834 -0.776251 -6.79602e-005 0.999997 -0.00249286 -0.233259 0.0544834 0.00249286 0.998512 17.6154
0.99849 -4.45677e-005 -0.0549377 -0.824051 -4.45677e-005 0.999999 -0.00162126 -0.238294 0.0549377 0.00162126 0.998488 18.4433
0.998487 5.22866e-005 -0.0549839 -0.778589 5.22866e-005 0.999998 0.00190045 -0.225844 0.0549839 -0.00190045 0.998485 17.6071
0.998402 0.000161316 -0.056513 -0.79203 0.000161316 0.999984 0.00570438 -0.249912 0.056513 -0.00570438 0.998386 18.4525
0.998554 0.000221709 -0.0537637 -0.855446 0.000221709 0.999966 0.00824144 -0.247021 0.0537637 -0.00824144 0.99852 19.3046
0.998765 0.000161 -0.0496889 -0.882871 0.000161 0.999979 0.00647624 -0.256164 0.0496889 -0.00647624 0.998744 20.1963
0.998765 0.000161 -0.0496889 -0.910297 0.000161 0.999979 0.00647624 -0.265306 0.0496889 -0.00647624 0.998744 21.0881
0.998923 3.56754e-005 -0.0463925 -0.992489 3.56754e-005 0.999999 0.00153715 -0.261878 0.0463925 -0.00153715 0.998922 21.9856
0.998996 -3.71412e-005 -0.0448076 -1.03688 -3.71412e-005 0.999999 -0.00165697 -0.264463 0.0448076 0.00165697 0.998994 22.8863
0.999022 -1.25099e-005 -0.0442078 -1.00123 -1.25099e-005 1 -0.000565685 -0.248516 0.0442078 0.000565685 0.999022 21.9763
0.998984 0.000100177 -0.0450647 -1.03419 0.000100177 0.99999 0.00444366 -0.258974 0.0450647 -0.00444366 0.998974 22.8956
0.998985 0.000172206 -0.0450382 -0.987264 0.000172206 0.999971 0.00764311 -0.25204 0.0450382 -0.00764311 0.998956 21.9677
0.998906 0.000157909 -0.046756 -1.01279 0.000157909 0.999977 0.00675084 -0.265111 0.046756 -0.00675084 0.998884 22.9057
0.998835 6.7142e-005 -0.0482594 -0.969914 6.7142e-005 0.999996 0.00278092 -0.260813 0.0482594 -0.00278092 0.998831 21.9588
0.99873 -1.93395e-005 -0.0503889 -1.01134 -1.93395e-005 1 -0.000767122 -0.271828 0.0503889 0.000767122 0.998729 22.9152
0.998623 -4.09907e-005 -0.0524679 -0.958686 -4.09907e-005 0.999999 -0.00156143 -0.264113 0.0524679 0.00156143 0.998621 21.9497
0.998594 -1.25352e-005 -0.0530074 -1.04274 -1.25352e-005 1 -0.000472627 -0.263567 0.0530074 0.000472627 0.998594 22.9227
0.998523 7.29233e-005 -0.0543276 -0.994344 7.29233e-005 0.999996 0.00268259 -0.24701 0.0543276 -0.00268259 0.99852 21.9377
0.998537 0.000115365 -0.0540739 -1.06751 0.000115365 0.999991 0.0042638 -0.259885 0.0540739 -0.0042638 0.998528 22.9311
0.998512 0.000182414 -0.0545309 -1.00343 0.000182414 0.999978 0.00668524 -0.257478 0.0545309 -0.00668524 0.99849 21.927
0.998525 0.000255954 -0.0542945 -1.05986 0.000255954 0.999956 0.00942121 -0.25857 0.0542945 -0.00942121 0.998481 22.9416
0.998414 0.000331455 -0.0563007 -1.00706 0.000331455 0.999931 0.0117647 -0.260077 0.0563007 -0.0117647 0.998345 21.9166
0.998568 0.000315277 -0.0534904 -1.12361 0.000315277 0.999931 0.0117793 -0.266121 0.0534904 -0.0117793 0.998499 22.9467
0.998548 0.000219392 -0.0538719 -1.18615 0.000219392 0.999967 0.0081389 -0.270506 0.0538719 -0.0081389 0.998515 24.0021
0.998548 0.000219392 -0.0538719 -1.2487 0.000219392 0.999967 0.0081389 -0.274891 0.0538719 -0.0081389 0.998515 25.0576
0.998415 0.000225883 -0.0562779 -1.19914 0.000225883 0.999968 0.00802094 -0.272206 0.0562779 -0.00802094 0.998383 23.9909
0.998204 0.000268666 -0.0599138 -1.22071 0.000268666 0.99996 0.00896019 -0.276301 0.0599138 -0.00896019 0.998163 25.0692
0.998054 0.000318099 -0.0623557 -1.16646 0.000318099 0.999948 0.0101925 -0.265305 0.0623557 -0.0101925 0.998002 23.9812
0.998051 0.000208619 -0.0624054 -1.25607 0.000208619 0.999978 0.00667934 -0.270978 0.0624054 -0.00667934 0.998029 25.0778
0.998046 7.51543e-005 -0.0624885 -1.15431 7.51543e-005 0.999997 0.00240303 -0.280088 0.0624885 -0.00240303 0.998043 23.9713
0.998029 3.9685e-005 -0.0627569 -1.22967 3.9685e-005 0.999999 0.00126347 -0.289158 0.0627569 -0.00126347 0.998028 25.0911
0.99795 0.000151631 -0.063996 -1.18221 0.000151631 0.999989 0.00473387 -0.275244 0.063996 -0.00473387 0.997939 23.9586
0.997961 0.000248464 -0.063824 -1.26518 0.000248464 0.99997 0.00777784 -0.287479 0.063824 -0.00777784 0.997931 25.1004
0.997925 0.000274974 -0.0643855 -1.19412 0.000274974 0.999964 0.00853247 -0.277397 0.0643855 -0.00853247 0.997889 23.9463
0.997929 0.000246426 -0.0643318 -1.27032 0.000246426 0.999971 0.00765304 -0.295568 0.0643318 -0.00765304 0.997899 25.1116
0.997947 0.00019072 -0.0640505 -1.18561 0.00019072 0.999982 0.00594912 -0.286697 0.0640505 -0.00594912 0.997929 23.935
0.997999 0.000205235 -0.063224 -1.29478 0.000205235 0.999979 0.00648574 -0.286713 0.063224 -0.00648574 0.997978 25.1214
0.998042 0.000310071 -0.0625391 -1.17698 0.000310071 0.999951 0.00990613 -0.28615 0.0625391 -0.00990613 0.997993 23.9239
0.997951 0.000457619 -0.0639738 -1.23354 0.000457619 0.999898 0.0142911 -0.2881 0.0639738 -0.0142911 0.997849 25.1379
0.997824 0.000533005 -0.0659277 -1.16491 0.000533005 0.999869 0.0161507 -0.290887 0.0659277 -0.0161507 0.997694 23.9123
0.99776 0.00040909 -0.0668918 -1.26698 0.00040909 0.999925 0.0122172 -0.295893 0.0668918 -0.0122172 0.997685 25.1479
0.997673 0.000169886 -0.068185 -1.17509 0.000169886 0.999988 0.00497726 -0.284945 0.068185 -0.00497726 0.99766 23.8992
0.997619 1.63604e-005 -0.0689658 -1.26827 1.63604e-005 1 0.000473885 -0.30585 0.0689658 -0.000473885 0.997619 25.1603
0.997546 5.48282e-005 -0.070016 -1.1706 5.48282e-005 0.999999 0.00156424 -0.300609 0.070016 -0.00156424 0.997545 23.8866
0.99747 0.000150164 -0.0710875 -1.2732 0.000150164 0.999991 0.00421939 -0.321229 0.0710875 -0.00421939 0.997461 25.1725
0.997337 0.000204519 -0.0729288 -1.19376 0.000204519 0.999984 0.00560121 -0.303733 0.0729288 -0.00560121 0.997321 23.872
0.997264 0.000211741 -0.0739212 -1.31288 0.000211741 0.999984 0.00572095 -0.317523 0.0739212 -0.00572095 0.997248 25.1826
0.997057 0.000278732 -0.076662 -1.18501 0.000278732 0.999974 0.00726091 -0.283967 0.076662 -0.00726091 0.997031 23.86
0.99687 0.000301291 -0.0790591 -1.27919 0.000301291 0.999971 0.00760988 -0.293995 0.0790591 -0.00760988 0.996841 25.1992
0.996755 0.000330609 -0.0804995 -1.1647 0.000330609 0.999966 0.00820048 -0.27641 0.0804995 -0.00820048 0.996721 23.8482
0.996714 0.000365894 -0.0809991 -1.29917 0.000365894 0.999959 0.00901948 -0.283161 0.0809991 -0.00901948 0.996673 25.211
0.996578 0.000497861 -0.0826572 -1.18477 0.000497861 0.999928 0.0120254 -0.274971 0.0826572 -0.0120254 0.996505 23.8326
0.996642 0.000654121 -0.0818833 -1.35178 0.000654121 0.999873 0.0159491 -0.272128 0.0818833 -0.0159491 0.996514 25.2196
0.996533 0.000734016 -0.0831948 -1.19792 0.000734016 0.999845 0.0176138 -0.285869 0.0831948 -0.0176138 0.996378 23.8171
0.996739 0.000544965 -0.0806908 -1.45355 0.000544965 0.999909 0.0134848 -0.28319 0.0806908 -0.0134848 0.996648 25.2191
0.996498 2.20949e-005 -0.0836156 -1.51204 2.20949e-005 1 0.000527563 -0.292614 0.0836156 -0.000527563 0.996498 25.9787
0.996498 2.20949e-005 -0.0836156 -1.57054 2.20949e-005 1 0.000527563 -0.302039 0.0836156 -0.000527563 0.996498 26.7383
0.996189 3.13363e-005 -0.0872251 -1.57267 3.13363e-005 1 0.000717147 -0.271823 0.0872251 -0.000717147 0.996188 25.9694
0.996005 0.00026641 -0.0892959 -1.64584 0.00026641 0.999982 0.00595493 -0.275337 0.0892959 -0.00595493 0.995987 26.6613
0.996005 0.00026641 -0.0892959 -1.71901 0.00026641 0.999982 0.00595493 -0.278851 0.0892959 -0.00595493 0.995987 27.3532
0.995975 0.000116679 -0.0896359 -1.64779 0.000116679 0.999997 0.00259816 -0.265316 0.0896359 -0.00259816 0.995971 26.6542
0.996044 -0.000359673 -0.0888599 -1.68567 -0.000359673 0.999967 -0.00807914 -0.27909 0.0888599 0.00807914 0.996011 27.255
0.996044 -0.000359673 -0.0888599 -1.72355 -0.000359673 0.999967 -0.00807914 -0.292863 0.0888599 0.00807914 0.996011 27.8559
0.99624 -0.000358015 -0.0866409 -1.67856 -0.000358015 0.999966 -0.00824866 -0.28371 0.0866409 0.00824866 0.996205 27.2494
0.99645 -0.00019517 -0.084183 -1.71766 -0.00019517 0.999989 -0.00462854 -0.303106 0.084183 0.00462854 0.99644 27.8621
0.996953 -0.000103773 -0.0780025 -1.64255 -0.000103773 0.999996 -0.0026567 -0.310251 0.0780025 0.0026567 0.99695 27.2463
0.997503 4.52381e-005 -0.0706267 -1.71938 4.52381e-005 0.999999 0.00127945 -0.321825 0.0706267 -0.00127945 0.997502 27.8681
0.998058 0.000142876 -0.0622891 -1.68662 0.000142876 0.999989 0.00458303 -0.30567 0.0622891 -0.00458303 0.998048 27.2363
0.999339 7.9548e-005 -0.0363623 -1.71089 7.9548e-005 0.99999 0.00437383 -0.311105 0.0363623 -0.00437383 0.999329 27.7365
0.999339 7.9548e-005 -0.0363623 -1.73515 7.9548e-005 0.99999 0.00437383 -0.316539 0.0363623 -0.00437383 0.999329 28.2367
0.999843 4.61073e-005 -0.0177051 -1.7498 4.61073e-005 0.999986 0.00520791 -0.321715 0.0177051 -0.00520791 0.99983 28.7423
0.999989 -1.46356e-005 0.00478609 -1.74074 -1.46356e-005 0.999981 0.00611579 -0.325518 -0.00478609 -0.00611579 0.99997 29.2465
0.999521 -0.000117145 0.0309343 -1.77611 -0.000117145 0.999971 0.00757185 -0.31607 -0.0309343 -0.00757185 0.999493 28.7385
0.998161 -0.000289318 0.0606199 -1.72882 -0.000289318 0.999954 0.0095363 -0.322149 -0.0606199 -0.0095363 0.998115 29.2507
0.99567 -0.000536921 0.0929569 -1.80833 -0.000536921 0.999933 0.0115266 -0.313649 -0.0929569 -0.0115266 0.995603 28.7373
0.991446 -0.000819985 0.130513 -1.71581 -0.000819985 0.999921 0.0125113 -0.31994 -0.130513 -0.0125113 0.991368 29.2539
0.984866 -0.00109866 0.173314 -1.81156 -0.00109866 0.99992 0.0125818 -0.320528 -0.173314 -0.0125818 0.984786 28.7325
0.975709 -0.00141443 0.219065 -1.67905 -0.00141443 0.999918 0.0127559 -0.322881 -0.219065 -0.0127559 0.975627 29.2512
0.963649 -0.00148037 0.267168 -1.87516 -0.00148037 0.99994 0.0108802 -0.315692 -0.267168 -0.0108802 0.963589 28.7474
0.947461 -0.00144409 0.319869 -1.66161 -0.00144409 0.99996 0.00879192 -0.325049 -0.319869 -0.00879192 0.947421 29.2499
0.926969 -0.00138918 0.375136 -1.90837 -0.00138918 0.999974 0.00713571 -0.323853 -0.375136 -0.00713571 0.926942 28.7566
0.902494 -0.00131422 0.4307 -1.60959 -0.00131422 0.999982 0.00580513 -0.318956 -0.4307 -0.00580513 0.902477 29.2268
0.873549 -0.00133338 0.486734 -1.95011 -0.00133338 0.999986 0.00513246 -0.318835 -0.486734 -0.00513246 0.873535 28.7789
0.839646 -0.00165757 0.543132 -1.59065 -0.00165757 0.999983 0.00561431 -0.325704 -0.543132 -0.00561431 0.839629 29.219
0.802098 -0.00178938 0.597189 -1.97787 -0.00178938 0.999984 0.00539966 -0.314856 -0.597189 -0.00539966 0.802082 28.7954
0.761471 -0.00236074 0.648194 -1.56267 -0.00236074 0.999977 0.00641524 -0.318381 -0.648194 -0.00641524 0.761448 29.2
0.718689 -0.00289144 0.695326 -2.01656 -0.00289144 0.99997 0.00714687 -0.323185 -0.695326 -0.00714687 0.718659 28.8301
0.673412 -0.00368243 0.739258 -1.53371 -0.00368243 0.999958 0.00833548 -0.326548 -0.739258 -0.00833548 0.673371 29.1716
0.626226 -0.00462537 0.779628 -2.0368 -0.00462537 0.999943 0.00964772 -0.329683 -0.779628 -0.00964772 0.626169 28.8496
0.578836 -0.006791 0.815415 -1.50723 -0.006791 0.99989 0.0131481 -0.345834 -0.815415 -0.0131481 0.578727 29.1381
0.532068 -0.00637166 0.846678 -2.05501 -0.00637166 0.999913 0.0115289 -0.340501 -0.846678 -0.0115289 0.531981 28.8713
0.485185 -0.00522066 0.874396 -1.49033 -0.00522066 0.999947 0.00886712 -0.352056 -0.874396 -0.00886712 0.485132 29.1157
0.440487 -0.00510583 0.897744 -2.07608 -0.00510583 0.999953 0.00819236 -0.340998 -0.897744 -0.00819236 0.440441 28.9081
0.397836 -0.0092935 0.917409 -1.47736 -0.0092935 0.999857 0.0141588 -0.33852 -0.917409 -0.0141588 0.397693 29.0968
0.358894 -0.0199066 0.933166 -2.0941 -0.0199066 0.999382 0.0289752 -0.349942 -0.933166 -0.0289752 0.358276 28.9502
0.322724 -0.0228573 0.946217 -1.47678 -0.0228573 0.999229 0.0319338 -0.327257 -0.946217 -0.0319338 0.321952 29.1189
0.290338 -0.0214686 0.956683 -2.10862 -0.0214686 0.999351 0.0289414 -0.324469 -0.956683 -0.0289414 0.289689 28.9808
0.259068 -0.0132608 0.965768 -1.47663 -0.0132608 0.999763 0.0172848 -0.319306 -0.965768 -0.0172848 0.258831 29.146
0.231148 -0.00944959 0.972873 -2.12448 -0.00944959 0.999884 0.0119571 -0.31023 -0.972873 -0.0119571 0.231032 29.0214
0.205793 -0.0099981 0.978545 -1.46505 -0.0099981 0.999874 0.0123187 -0.319574 -0.978545 -0.0123187 0.205667 29.1169
0.181921 -0.014334 0.983209 -2.13123 -0.014334 0.999749 0.0172273 -0.316541 -0.983209 -0.0172273 0.18167 29.0211
0.162337 -0.0194956 0.986543 -1.45447 -0.0194956 0.999546 0.0229606 -0.296106 -0.986543 -0.0229606 0.161884 29.0817
0.143289 -0.0210096 0.989458 -2.13708 -0.0210096 0.999485 0.024265 -0.323885 -0.989458 -0.024265 0.142774 29.0135
0.125604 -0.0188448 0.991901 -1.44894 -0.0188448 0.999594 0.0213772 -0.304614 -0.991901 -0.0213772 0.125198 29.0969
0.110123 -0.0180951 0.993753 -2.14561 -0.0180951 0.999632 0.0202074 -0.308412 -0.993753 -0.0202074 0.109755 29.025
0.095548 -0.0181769 0.995259 -1.44039 -0.0181769 0.999635 0.0200019 -0.303179 -0.995259 -0.0200019 0.0951827 29.0799
0.0823735 -0.0203455 0.996394 -2.15409 -0.0203455 0.999549 0.0220919 -0.304802 -0.996394 -0.0220919 0.0819224 29.0473
0.0706028 -0.0233352 0.997232 -1.43357 -0.0233352 0.999414 0.0250384 -0.30051 -0.997232 -0.0250384 0.0700169 29.0864
0.0606731 -0.0261544 0.997815 -2.16198 -0.0261544 0.999272 0.0277829 -0.311295 -0.997815 -0.0277829 0.0599449 29.0647
0.052212 -0.0276763 0.998252 -1.427 -0.0276763 0.999192 0.0291499 -0.299256 -0.998252 -0.0291499 0.0514038 29.1035
