0.999998 -0.00135346 -0.00177021 -0.0237589 0.00134983 0.999997 -0.00204972 -0.00707743 0.00177298 0.00204733 0.999996 0.666012
0.999978 -0.00143813 -0.00653183 -0.0398391 0.0014104 0.99999 -0.00424884 -0.000999352 0.00653788 0.00423954 0.99997 1.33159
0.999936 -0.00338635 -0.0108394 -0.0532034 0.00333492 0.999983 -0.00475923 -0.0101946 0.0108554 0.00472278 0.99993 2.01409
0.99988 -0.000612338 -0.0154938 -0.176872 0.000518403 0.999981 -0.00606602 -0.00160876 0.0154972 0.00605726 0.999862 2.75956
0.999838 0.00208577 -0.0178534 -0.120996 -0.00218532 0.999982 -0.00555838 -0.0273421 0.0178415 0.0055965 0.999825 3.53477
0.999718 0.00112269 -0.023717 -0.140189 -0.00130085 0.999971 -0.00749786 -0.0296538 0.0237079 0.0075266 0.999691 4.29137
0.999592 0.00466265 -0.0281828 -0.184543 -0.00487619 0.99996 -0.00751309 -0.0352815 0.0281466 0.00764745 0.999575 5.06424
0.999478 0.00636219 -0.031668 -0.196402 -0.00653092 0.999965 -0.0052274 -0.0466308 0.0316336 0.0054315 0.999485 5.82038
0.99931 0.00995616 -0.0357961 -0.251339 -0.0100531 0.999946 -0.00252897 -0.0566721 0.035769 0.00288708 0.999356 6.61069
0.999177 0.00153593 -0.0405343 -0.286871 -0.00153462 0.999999 6.34452e-005 -0.055389 0.0405343 -1.18837e-006 0.999178 7.41784
0.99907 0.00884983 -0.0422002 -0.323783 -0.00885877 0.999961 -2.48927e-005 -0.0732697 0.0421983 0.000398711 0.999109 8.18093
0.998886 -0.00159535 -0.0471651 -0.350935 0.00153041 0.999998 -0.0014129 -0.0728387 0.0471672 0.00133915 0.998886 8.9857
0.999022 0.0023061 -0.0441594 -0.405575 -0.00236261 0.999996 -0.00122759 -0.0847887 0.0441565 0.00133072 0.999024 9.80242
0.998812 -0.00258154 -0.0486622 -0.447395 0.0025424 0.999996 -0.000866231 -0.0888331 0.0486642 0.000741483 0.998815 10.628
0.998783 -0.00540265 -0.0490324 -0.497824 0.00533482 0.999985 -0.00151414 -0.0925623 0.0490399 0.00125071 0.998796 11.5323
0.998748 0.000561584 -0.0500132 -0.553185 -0.000704243 0.999996 -0.00283485 -0.106539 0.0500114 0.00286653 0.998745 12.4
0.998426 0.00778583 -0.0555419 -0.55112 -0.00809509 0.999953 -0.00534516 -0.116539 0.0554977 0.00578637 0.998442 13.16
0.998381 0.0103913 -0.0559247 -0.633135 -0.0107964 0.999918 -0.00694512 -0.123529 0.055848 0.00753766 0.998411 14.0066
0.998439 0.00508364 -0.0556194 -0.684406 -0.00547045 0.999962 -0.00680461 -0.134101 0.0555827 0.00709825 0.998429 14.8435
0.998419 0.00434691 -0.0560455 -0.755339 -0.00465402 0.999975 -0.00535022 -0.156822 0.0560208 0.0056026 0.998414 15.7411
0.998459 0.00339144 -0.0553981 -0.805973 -0.00361257 0.999986 -0.00389186 -0.162719 0.0553841 0.00408599 0.998457 16.5347
0.998275 0.00603454 -0.0584039 -0.85066 -0.00627309 0.999973 -0.00390193 -0.179906 0.0583787 0.00426157 0.998285 17.3951
0.998227 0.000423797 -0.0595255 -0.929812 -0.000725912 0.999987 -0.00505386 -0.187816 0.0595225 0.0050881 0.998214 18.3284
0.998227 -0.00145778 -0.0594992 -0.969385 0.00115872 0.999987 -0.00506055 -0.207069 0.0595057 0.00498264 0.998216 19.152
0.99815 0.00141403 -0.0607845 -1.02689 -0.00165365 0.999991 -0.00389209 -0.214471 0.0607785 0.0039854 0.998143 20.0449
0.998174 -0.00244275 -0.060349 -1.09807 0.00237597 0.999996 -0.0011782 -0.225958 0.0603516 0.00103267 0.998177 20.9942
0.998156 0.00465072 -0.0605234 -1.13003 -0.00445655 0.999984 0.00334276 -0.239964 0.060538 -0.00306687 0.998161 21.798
0.998345 0.00524736 -0.057261 -1.18525 -0.00490833 0.99997 0.00605997 -0.245874 0.057291 -0.00576889 0.998341 22.6991
0.998337 -0.00463755 -0.0574642 -1.24711 0.00501062 0.999967 0.00634985 -0.252658 0.0574329 -0.00662722 0.998327 23.7353
0.998482 -1.61375e-005 -0.0550879 -1.311 0.000226677 0.999993 0.00381564 -0.253657 0.0550875 -0.00382233 0.998474 24.7028
0.99855 0.00194791 -0.0537887 -1.39806 -0.00198357 0.999998 -0.000609582 -0.260373 0.0537874 0.000715392 0.998552 25.7764
0.998632 0.00554502 -0.0520009 -1.39278 -0.00573819 0.999977 -0.00356603 -0.272102 0.0519799 0.00385954 0.998641 26.0367
0.998674 -0.00361182 -0.051352 -1.45719 0.00347041 0.99999 -0.00284264 -0.282544 0.0513618 0.00266066 0.998677 27.2656
0.998707 -0.00620087 -0.0504606 -1.50226 0.00630852 0.999978 0.00197444 -0.296896 0.0504473 -0.00229022 0.998724 28.2574
0.99861 -0.00876739 -0.0519669 -1.56007 0.00904467 0.999946 0.00510289 -0.301348 0.0519193 -0.00556582 0.998636 29.0719
0.998514 -0.0146846 -0.0524855 -1.62165 0.0149691 0.999875 0.00502988 -0.323132 0.0524051 -0.00580806 0.998609 30.1486
0.998607 -0.00743202 -0.0522348 -1.70045 0.00746826 0.999972 0.000498649 -0.32237 0.0522296 -0.000888058 0.998635 31.1953
0.998393 -0.0087959 -0.0559812 -1.74613 0.00860473 0.999956 -0.00365501 -0.329429 0.0560109 0.00316744 0.998425 32.0577
0.998264 -0.00404342 -0.0587609 -1.78448 0.00379058 0.999983 -0.00441368 -0.341183 0.0587777 0.00418328 0.998262 32.9525
0.998339 0.00228106 -0.0575606 -1.85835 -0.00242969 0.999994 -0.00251223 -0.357181 0.0575545 0.00264791 0.998339 33.8384
0.998304 0.00473665 -0.0580242 -1.91362 -0.00475384 0.999989 -0.000158213 -0.361616 0.0580228 0.000433782 0.998315 34.7355
0.998171 0.00243734 -0.060403 -1.96993 -0.00236329 0.999996 0.00129745 -0.37908 0.0604059 -0.00115233 0.998173 35.6553
0.998167 0.0044763 -0.0603522 -2.04139 -0.00421323 0.999981 0.00448546 -0.384373 0.0603711 -0.00422296 0.998167 36.5986
0.99812 0.000566653 -0.0612853 -2.0757 -0.0001444 0.999976 0.00689416 -0.396472 0.0612877 -0.00687235 0.998096 37.5111
0.998202 0.00823266 -0.0593665 -2.17262 -0.00767377 0.999924 0.00963606 -0.396476 0.0594413 -0.00916318 0.99819 38.4797
0.998131 0.00667315 -0.0607531 -2.19726 -0.00610986 0.999937 0.00945287 -0.398961 0.0608124 -0.009064 0.998108 38.9381
0.998283 0.0041428 -0.0584353 -2.28455 -0.00370328 0.999964 0.00762784 -0.411826 0.0584648 -0.00739834 0.998262 40.2299
0.998157 0.00288164 -0.06062 -2.35907 -0.00256082 0.999982 0.0053694 -0.415439 0.0606344 -0.00520426 0.998146 41.1239
0.998028 -0.00130929 -0.0627553 -2.39416 0.00164341 0.999985 0.00527289 -0.420211 0.0627474 -0.00536563 0.998015 42.2702
0.998009 -0.000674178 -0.0630663 -2.47032 0.00104964 0.999982 0.00592047 -0.42574 0.0630611 -0.00597488 0.997992 43.3031
0.997946 -0.00232562 -0.0640128 -2.53266 0.00281709 0.999967 0.00758852 -0.438101 0.063993 -0.00775327 0.99792 44.2131
0.997976 0.00324611 -0.0635069 -2.61305 -0.00299982 0.999988 0.00397327 -0.44466 0.063519 -0.00377472 0.997973 45.2883
0.997982 0.0111489 -0.0625051 -2.6758 -0.011126 0.999938 0.000713987 -0.4487 0.0625092 -1.71128e-005 0.998044 46.196
0.997705 0.00333084 -0.0676326 -2.74512 -0.00339745 0.999994 -0.000869879 -0.463881 0.0676293 0.00109766 0.99771 47.236
0.997825 0.00610986 -0.0656309 -2.79817 -0.00600558 0.99998 0.00178611 -0.478575 0.0656405 -0.00138808 0.997842 48.1885
0.997955 -0.00236133 -0.0638755 -2.86382 0.00273833 0.999979 0.00581519 -0.48639 0.0638604 -0.00597821 0.997941 49.107
0.997916 -0.00186951 -0.064497 -2.94098 0.00229421 0.999976 0.00651138 -0.498012 0.0644833 -0.00664578 0.997897 50.0735
0.997564 -0.00835476 -0.0692587 -2.97263 0.00857584 0.999959 0.00289549 -0.516686 0.0692317 -0.00348239 0.997595 50.9963
0.997801 -0.00614996 -0.0659996 -3.04225 0.00640511 0.999973 0.00365504 -0.527818 0.0659753 -0.00406973 0.997813 51.9292
0.997893 -0.00281268 -0.0648229 -3.11474 0.00313776 0.999983 0.00491362 -0.539383 0.0648079 -0.00510666 0.997885 52.9375
0.997584 -0.00606289 -0.0691997 -3.17179 0.00660694 0.999949 0.00763584 -0.544699 0.0691499 -0.00807459 0.997574 53.8869
0.997576 -0.00573614 -0.069355 -3.23727 0.00666098 0.999892 0.0131109 -0.551472 0.0692723 -0.0135411 0.997506 54.8647
0.997636 0.000936239 -0.0687133 -3.32816 0.000169787 0.999871 0.0160886 -0.55671 0.0687194 -0.0160623 0.997507 55.9016
0.997537 0.00698806 -0.0697886 -3.41147 -0.00619048 0.999913 0.0116383 -0.55977 0.0698638 -0.0111776 0.997494 56.8939
0.997327 0.00396645 -0.0729549 -3.48031 -0.00370292 0.999986 0.00374702 -0.563756 0.0729687 -0.00346686 0.997328 57.8962
0.997331 0.0085849 -0.0725066 -3.56565 -0.00863021 0.999963 -0.000311709 -0.572941 0.0725012 0.000936624 0.997368 58.9049
0.997262 0.0103859 -0.0732181 -3.63762 -0.0103582 0.999946 0.000758552 -0.585159 0.0732221 1.93171e-006 0.997316 59.7906
0.99721 0.0118424 -0.0737017 -3.71422 -0.0116619 0.999928 0.00287963 -0.599706 0.0737305 -0.00201209 0.997276 60.6376
0.997089 0.00980444 -0.0756146 -3.79012 -0.00947753 0.999944 0.004681 -0.613377 0.0756563 -0.00395073 0.997126 61.6055
0.997052 0.00685194 -0.0764191 -3.86069 -0.00657424 0.999971 0.00388478 -0.620246 0.0764435 -0.00337093 0.997068 62.375
0.997011 0.00635602 -0.0769974 -3.95596 -0.00591472 0.999965 0.00595806 -0.634798 0.0770326 -0.00548483 0.997013 63.3077
0.996777 0.00230143 -0.0801852 -4.02859 -0.00180026 0.999978 0.00632192 -0.650688 0.080198 -0.00615719 0.99676 64.1362
0.996739 0.0025142 -0.0806556 -4.09359 -0.00193762 0.999972 0.00722618 -0.667406 0.0806715 -0.00704634 0.996716 65.0511
0.996702 0.00107029 -0.0811433 -4.1681 -0.000426725 0.999968 0.00794816 -0.674961 0.0811492 -0.00788732 0.996671 65.8916
0.996545 0.00450693 -0.0829371 -4.20832 -0.00358517 0.99993 0.0112595 -0.682315 0.0829821 -0.0109233 0.996491 66.7081
0.99647 0.00610444 -0.0837266 -4.35119 -0.00483388 0.99987 0.0153695 -0.678878 0.0838096 -0.0149105 0.99637 67.7966
0.996204 0.00749502 -0.0867243 -4.37422 -0.00599548 0.999828 0.0175385 -0.680618 0.0868409 -0.0169519 0.996078 68.0368
0.996017 0.00841472 -0.0887702 -4.48379 -0.00730925 0.999892 0.0127709 -0.687365 0.0888681 -0.0120712 0.99597 69.1779
0.996057 0.00816471 -0.0883385 -4.57926 -0.00762813 0.99995 0.00641003 -0.69711 0.0883864 -0.0057109 0.99607 70.0098
0.995837 0.00542766 -0.0909878 -4.62437 -0.00541064 0.999985 0.000433773 -0.711145 0.0909888 6.03347e-005 0.995852 70.82
0.995885 0.00295195 -0.0905831 -4.78463 -0.0030541 0.999995 -0.000989122 -0.708731 0.0905797 0.0012617 0.995888 71.7416
0.995328 0.00324804 -0.0965005 -4.75056 -0.00310345 0.999994 0.0016484 -0.709399 0.0965052 -0.00134122 0.995332 72.3601
0.995483 0.00293622 -0.0948933 -4.85729 -0.00235612 0.999978 0.00622473 -0.743078 0.0949095 -0.00597303 0.995468 73.0606
0.995132 0.0009541 -0.0985457 -4.89658 -0.000926921 1 0.000321582 -0.747705 0.098546 -0.000228672 0.995132 73.7935
0.995816 -0.00724171 -0.0910984 -4.99657 0.00686122 0.999966 -0.00448913 -0.756242 0.0911278 0.0038453 0.995832 74.5152
0.995458 -0.0125746 -0.0943701 -5.0143 0.0117314 0.999886 -0.00948401 -0.768506 0.0944787 0.00833383 0.995492 75.1275
0.99587 -0.0124693 -0.0899266 -5.10321 0.0117221 0.999892 -0.00883238 -0.785897 0.090027 0.00774179 0.995909 75.7023
0.996184 -0.00351179 -0.0872026 -5.12223 0.00302069 0.999979 -0.00576298 -0.788765 0.087221 0.00547758 0.996174 76.2922
0.99655 -0.00576233 -0.0827902 -5.18685 0.00556195 0.999981 -0.00265075 -0.801588 0.0828039 0.00218113 0.996563 76.8049
0.997164 -0.00231792 -0.0752261 -5.20774 0.00238974 0.999997 0.000864785 -0.81083 0.0752239 -0.0010421 0.997166 77.3008
0.997648 -0.00489869 -0.0683767 -5.22966 0.00517041 0.999979 0.00379746 -0.825628 0.0683567 -0.00414206 0.997652 77.7698
0.998446 -0.000884377 -0.0557218 -5.2582 0.00114673 0.999988 0.00467641 -0.833535 0.055717 -0.00473304 0.998435 78.2966
0.999035 -0.00126423 -0.043896 -5.28049 0.00146247 0.999989 0.00448432 -0.840254 0.0438898 -0.00454419 0.999026 78.815
0.999695 0.00408742 -0.0243461 -5.28593 -0.00395003 0.999976 0.00568841 -0.843891 0.0243688 -0.00559051 0.999687 79.3212
0.999959 0.00881866 -0.00218719 -5.27833 -0.00880624 0.999945 0.00562589 -0.851836 0.00223668 -0.00560639 0.999982 79.7744
0.999629 0.0103444 0.0251926 -5.26017 -0.0104953 0.999928 0.00586198 -0.856315 -0.0251302 -0.00612421 0.999665 80.3721
0.998724 0.000698924 0.050502 -5.18759 -0.00108261 0.999971 0.00757046 -0.862651 -0.0504952 -0.00761548 0.998695 80.8483
0.996268 -0.000487526 0.0863125 -5.13601 -0.000417063 0.999945 0.010462 -0.866862 -0.0863129 -0.010459 0.996213 81.3038
0.993711 -0.0100416 0.111527 -5.00908 0.00917522 0.999924 0.00827887 -0.860329 -0.111602 -0.00720351 0.993727 81.7647
0.986484 -0.00195551 0.163848 -4.94141 2.0433e-005 0.99993 0.011811 -0.868638 -0.16386 -0.011648 0.986415 82.2581
0.978445 -0.00561249 0.206432 -4.7822 0.0028871 0.999905 0.0135012 -0.882048 -0.206488 -0.0126142 0.978368 82.7484
0.963471 -0.000776736 0.267813 -4.67934 -0.00140332 0.999967 0.00794871 -0.868511 -0.26781 -0.00803417 0.963438 83.1282
0.952948 -0.000811729 0.303134 -4.41322 -0.00208831 0.999955 0.0092426 -0.892124 -0.303128 -0.00944075 0.952903 83.6625
0.885071 -0.00619966 0.465414 -4.85489 -0.00990519 0.999434 0.0321498 -1.02278 -0.46535 -0.0330648 0.884509 84.137
0.911326 -0.00171778 0.411682 -4.14066 0.000253807 0.999993 0.00361072 -0.912682 -0.411686 -0.00318605 0.91132 84.4293
0.874564 -0.00137247 0.484908 -4.02035 0.000400127 0.999998 0.00210871 -0.926517 -0.48491 -0.00165017 0.874563 84.812
0.830144 -0.00859431 0.557484 -3.82597 0.00339257 0.999941 0.0103635 -0.947367 -0.557539 -0.0067119 0.830123 85.1048
0.799682 -0.00361994 0.600412 -3.50086 -0.00576435 0.999889 0.0137059 -0.978185 -0.600396 -0.0144213 0.799573 85.3952
0.770444 -0.0139098 0.637356 -3.0993 0.010823 0.999903 0.00873909 -0.960687 -0.637416 0.000165117 0.77052 85.723
0.719933 -0.00828358 0.693994 -2.79624 0.00371013 0.99996 0.00808682 -0.941641 -0.694033 -0.00324717 0.719936 86.0046
0.671394 -0.00522854 0.741082 -2.50006 -0.005896 0.999906 0.0123962 -0.958137 -0.741077 -0.0126921 0.6713 86.2107
0.620866 -0.00590904 0.783895 -2.10178 -0.00733753 0.999884 0.0133487 -0.965721 -0.783882 -0.0140396 0.62075 86.4872
0.579814 -0.0177064 0.814557 -1.68409 -0.00629118 0.999637 0.0262077 -1.01204 -0.814725 -0.0203201 0.579492 86.704
0.531174 -0.0128266 0.847166 -1.38877 0.000480605 0.99989 0.0148375 -0.986127 -0.847263 -0.00747416 0.531121 86.8443
0.492291 -0.0134427 0.870327 -0.894721 -6.67654e-005 0.99988 0.0154815 -0.993847 -0.870431 -0.00767951 0.492231 87.0288
0.434267 -0.00310376 0.900779 -0.557338 -0.0128163 0.999872 0.00962396 -1.00235 -0.900693 -0.015724 0.434171 87.2172
0.396921 -0.013182 0.917758 -0.141492 -0.00427109 0.99986 0.0162084 -0.996006 -0.917843 -0.0103533 0.396808 87.3115
0.360083 -0.0136181 0.932821 0.299195 -0.0055426 0.999845 0.0167361 -0.982677 -0.932904 -0.0111966 0.359951 87.4017
0.321542 -0.0354292 0.946232 0.51505 -0.000177789 0.999297 0.0374765 -0.986566 -0.946895 -0.0122185 0.32131 87.4583
0.282057 -0.0270324 0.959017 1.25004 0.000168025 0.999604 0.0281271 -0.970825 -0.959398 -0.00777231 0.28195 87.6692
0.258615 -0.0107238 0.965921 1.67037 -0.0174208 0.999724 0.0157633 -0.972773 -0.965823 -0.0209037 0.258357 87.7673
0.23141 -0.00510648 0.972843 2.23573 -0.0167787 0.999817 0.00923919 -0.980544 -0.972712 -0.018461 0.231281 87.8912
0.204315 0.00678662 0.978882 2.31846 -0.0216687 0.999762 -0.00240863 -0.997642 -0.978665 -0.020719 0.204413 87.8264
0.182421 -0.0195127 0.983027 3.08435 -0.0101081 0.999713 0.0217197 -0.990921 -0.983169 -0.0138987 0.182171 87.9519
0.161183 -0.0224567 0.986669 3.44108 -0.00281626 0.999727 0.0232139 -0.981476 -0.98692 -0.00652042 0.161076 87.9884
0.141853 -0.0243179 0.989589 3.76388 0.0111246 0.999674 0.022971 -0.98297 -0.989825 0.00775031 0.142077 87.9999
0.121535 -0.0199167 0.992387 4.19194 0.0117579 0.999757 0.0186246 -0.96254 -0.992517 0.00940486 0.12174 88.0631
0.108341 -0.0170845 0.993967 4.89655 0.00462695 0.99985 0.0166813 -0.997664 -0.994103 0.00279177 0.108403 88.0873
0.0960793 -0.0215316 0.995141 5.1913 -0.0205376 0.99951 0.0236091 -0.966698 -0.995162 -0.0227062 0.09559 88.1294
0.0839959 -0.0213649 0.996237 5.70606 -0.0233121 0.999454 0.0233994 -0.972153 -0.996193 -0.0251898 0.083452 88.1108
0.0715362 -0.0262089 0.997094 6.03815 -0.0278805 0.999212 0.0282649 -0.942487 -0.997048 -0.0298214 0.0707491 88.1366
0.0599205 -0.0261524 0.997861 6.65096 -0.0274842 0.999235 0.0278389 -0.941108 -0.997825 -0.0290935 0.0591559 88.1497
0.0513968 -0.0288937 0.99826 7.32739 -0.0210741 0.999327 0.0300096 -0.940758 -0.998456 -0.0225799 0.0507533 88.1977
0.0461841 -0.0311745 0.998446 7.76192 -0.0181127 0.999322 0.0320397 -0.932367 -0.998769 -0.0195643 0.0455882 88.1944
0.0400714 -0.0321288 0.99868 8.31949 -0.0167709 0.99932 0.0328223 -0.920921 -0.999056 -0.018064 0.0395053 88.2222
0.0352427 -0.0326869 0.998844 8.94269 -0.0250907 0.999121 0.0335812 -0.907076 -0.999064 -0.0262452 0.0343915 88.2256
0.0317739 -0.0381171 0.998768 9.65439 -0.0250122 0.998929 0.038919 -0.882856 -0.999182 -0.026218 0.0307865 88.2541
0.0284337 -0.036182 0.998941 10.3047 -0.0254841 0.998994 0.0369093 -0.85996 -0.999271 -0.0265066 0.027483 88.2765
0.0244045 -0.0395557 0.998919 10.966 -0.0299375 0.99874 0.04028 -0.804634 -0.999254 -0.0308882 0.0231896 88.2711
0.0242415 -0.0376686 0.998996 11.5398 -0.0335071 0.998698 0.0384704 -0.843648 -0.999144 -0.034406 0.0229478 88.282
0.0222454 -0.040896 0.998916 12.2535 -0.0366754 0.998457 0.0416939 -0.808309 -0.99908 -0.0375631 0.0207112 88.3073
0.0211975 -0.0462299 0.998706 13.1207 -0.0374611 0.998192 0.0470013 -0.765151 -0.999073 -0.0384089 0.0194274 88.3378
0.0281698 -0.0489412 0.998404 13.7387 -0.0416002 0.997878 0.0500891 -0.738699 -0.998737 -0.0429448 0.0260741 88.3275
0.0262455 -0.0475837 0.998522 14.5567 -0.0417354 0.997943 0.0486531 -0.698661 -0.998784 -0.0429506 0.0242056 88.4145
0.0353674 -0.0496768 0.998139 15.2429 -0.04728 0.997562 0.0513234 -0.667457 -0.998255 -0.0490072 0.0329325 88.4048
0.035198 -0.0496284 0.998147 16.015 -0.0496477 0.997446 0.0513443 -0.634313 -0.998146 -0.0513629 0.0326442 88.4667
0.0419701 -0.0492516 0.997904 16.7258 -0.05114 0.997369 0.051376 -0.604535 -0.997809 -0.0531891 0.039341 88.4727
0.0450573 -0.046242 0.997914 17.3528 -0.0526723 0.997429 0.0485978 -0.558258 -0.997595 -0.054752 0.0425058 88.6271
0.0482071 -0.0453916 0.997805 18.2725 -0.0541907 0.997377 0.0479903 -0.521784 -0.997366 -0.0563852 0.0456209 88.6114
0.0510464 -0.0416577 0.997827 19.0803 -0.0535326 0.997579 0.0443859 -0.500864 -0.997261 -0.055682 0.0486927 88.6504
0.044641 -0.0291697 0.998577 19.9214 -0.0307945 0.999058 0.0305604 -0.470054 -0.998528 -0.0321149 0.0437007 88.737
0.0522949 -0.0302467 0.998174 20.8168 -0.0321096 0.998973 0.0319531 -0.454657 -0.998115 -0.0337219 0.05127 88.7578
0.0535461 -0.0276072 0.998184 21.7653 -0.0266349 0.999223 0.0290647 -0.426038 -0.99821 -0.0281428 0.0527691 88.8346
0.0499398 -0.0227327 0.998493 22.5965 -0.0255103 0.999386 0.0240289 -0.375038 -0.998426 -0.0266719 0.0493292 88.7598
0.0526321 -0.0242519 0.998319 23.5043 -0.0294369 0.999233 0.025826 -0.390608 -0.99818 -0.0307467 0.0518778 88.8865
0.0481275 -0.0223139 0.998592 24.4307 -0.0289471 0.999299 0.0237248 -0.333 -0.998422 -0.0300482 0.0474479 88.9795
0.0565578 -0.025882 0.998064 25.3071 -0.0335122 0.999051 0.0278067 -0.334147 -0.997837 -0.03502 0.0556368 89.0127
0.0597749 -0.0350962 0.997595 25.8556 -0.0212393 0.999111 0.0364222 -0.321571 -0.997986 -0.0233653 0.0589764 88.9438
0.05069 -0.0178946 0.998554 26.9342 -0.0268891 0.999453 0.0192756 -0.317984 -0.998352 -0.0278273 0.0501811 89.0612
0.0509013 -0.0146995 0.998596 27.8187 -0.0220169 0.999632 0.015837 -0.311465 -0.998461 -0.0227921 0.050559 89.1267
0.0497242 -0.0166973 0.998623 28.6438 -0.0240588 0.99955 0.0179108 -0.293105 -0.998473 -0.0249163 0.0493001 89.1546
0.0444967 -0.0107191 0.998952 29.5818 -0.022196 0.999685 0.0117156 -0.293315 -0.998763 -0.022694 0.0442447 89.2338
0.0415105 -0.00917334 0.999096 30.4397 -0.0231 0.999682 0.0101385 -0.298497 -0.998871 -0.0234999 0.0412853 89.261
0.0342595 -0.00920745 0.999371 31.2362 -0.0213871 0.999722 0.00994386 -0.295804 -0.999184 -0.0217143 0.034053 89.297
0.0262319 -0.00745714 0.999628 32.147 -0.0155584 0.999848 0.00786706 -0.30363 -0.999535 -0.015759 0.0261119 89.3299
0.016957 -0.00403052 0.999848 33.1351 -0.0090981 0.99995 0.00418523 -0.306171 -0.999815 -0.00916769 0.0169195 89.3614
0.00685243 -0.00566407 0.99996 33.9261 -0.00429594 0.999975 0.00569359 -0.311805 -0.999967 -0.00433478 0.00682792 89.367
-0.00349402 -0.0058365 0.999977 34.8245 -0.00524441 0.999969 0.00581813 -0.320296 -0.99998 -0.00522396 -0.00352452 89.3712
-0.0143631 -0.00376298 0.99989 35.672 -0.00710891 0.999968 0.00366116 -0.333036 -0.999872 -0.00705554 -0.0143894 89.3516
-0.0267594 -0.00812308 0.999609 36.7188 -0.00690383 0.999945 0.00794099 -0.316311 -0.999618 -0.00668863 -0.026814 89.3682
-0.0366731 -0.00499673 0.999315 37.5604 -0.00388572 0.999981 0.00485746 -0.333413 -0.99932 -0.00370492 -0.0366918 89.3136
-0.0475643 -0.00588401 0.998851 38.5491 -0.00316454 0.999979 0.00573996 -0.346356 -0.998863 -0.00288788 -0.0475819 89.2524
-0.058518 -0.00732191 0.998259 39.4893 -0.00460032 0.999964 0.00706475 -0.364247 -0.998276 -0.0041789 -0.0585496 89.2094
-0.0683246 -0.00732995 0.997636 40.3074 -0.00463965 0.999965 0.00702931 -0.363902 -0.997652 -0.00414841 -0.0683561 89.1432
-0.078788 -0.00920434 0.996849 41.3254 -0.00395809 0.999952 0.00892016 -0.372194 -0.996884 -0.00324281 -0.0788206 89.0809
-0.0883568 -0.00741678 0.996061 42.0048 -0.00397299 0.999967 0.00709343 -0.383713 -0.996081 -0.00333059 -0.0883833 89.0056
-0.0964241 -0.00968836 0.995293 42.9835 -0.0059696 0.99994 0.00915526 -0.38499 -0.995322 -0.00505872 -0.0964761 88.9046
-0.106877 -0.00995575 0.994222 43.8063 -0.00806555 0.999926 0.00914583 -0.392864 -0.99424 -0.00704148 -0.106949 88.8208
-0.112441 -0.012077 0.993585 44.6636 -0.0100357 0.999889 0.0110179 -0.402003 -0.993608 -0.00873245 -0.11255 88.7045
-0.11829 -0.0160191 0.99285 45.4332 -0.0135652 0.999803 0.0145151 -0.395283 -0.992886 -0.0117512 -0.118484 88.6279
-0.122365 -0.0171929 0.992336 46.2393 -0.0154495 0.999762 0.0154165 -0.402503 -0.992365 -0.0134447 -0.122602 88.5106
-0.123684 -0.0212299 0.992095 47.0502 -0.0182448 0.999651 0.019117 -0.404703 -0.992154 -0.0157361 -0.124028 88.4002
-0.126386 -0.021133 0.991756 47.8542 -0.0193528 0.999635 0.0188346 -0.39943 -0.991792 -0.0168128 -0.126749 88.2939
-0.12766 -0.0188694 0.991638 48.643 -0.0196036 0.999672 0.0164986 -0.401528 -0.991624 -0.0173334 -0.127988 88.1987
-0.125463 -0.0239366 0.991809 49.4387 -0.0203168 0.999561 0.0215536 -0.419391 -0.99189 -0.0174462 -0.125895 88.0741
-0.122376 -0.0247204 0.992176 50.1611 -0.0201169 0.999546 0.0224228 -0.418044 -0.99228 -0.0172155 -0.122817 87.9903
-0.116984 -0.0245373 0.992831 50.8755 -0.0185422 0.999574 0.0225192 -0.428375 -0.992961 -0.0157748 -0.117389 87.9137
-0.107712 -0.0236122 0.993902 51.515 -0.0204186 0.99956 0.0215338 -0.417775 -0.993972 -0.0179746 -0.108147 87.8461
-0.0959212 -0.0232403 0.995118 52.2547 -0.0200963 0.999569 0.0214071 -0.405124 -0.995186 -0.0179448 -0.0963469 87.7817
-0.0836939 -0.0221581 0.996245 52.8251 -0.0222024 0.999546 0.0203663 -0.419881 -0.996244 -0.0204145 -0.0841479 87.7585
-0.0657822 -0.0200664 0.997632 53.4181 -0.0206316 0.999611 0.0187458 -0.425103 -0.997621 -0.0193496 -0.0661706 87.7323
-0.0463498 -0.018509 0.998754 54.0098 -0.0159366 0.999715 0.0177872 -0.411077 -0.998798 -0.0150923 -0.0466315 87.7253
-0.0204164 -0.017779 0.999633 54.6449 -0.0155818 0.999726 0.0174624 -0.412979 -0.99967 -0.0152195 -0.0206879 87.7253
0.00816269 -0.0176686 0.999811 55.1515 -0.0154413 0.999722 0.0177931 -0.419287 -0.999847 -0.0155837 0.0078876 87.7589
0.0375616 -0.00848823 0.999258 55.6701 -0.0123254 0.999884 0.00895685 -0.403466 -0.999218 -0.0126527 0.0374526 87.8107
0.07681 -0.0156315 0.996923 56.2323 -0.0169163 0.999713 0.0169786 -0.396842 -0.996902 -0.0181683 0.0765235 87.8842
0.11598 -0.0241743 0.992957 56.7832 -0.0214666 0.999409 0.0268387 -0.389688 -0.99302 -0.0244282 0.115393 87.9832
0.165084 -0.00948975 0.986234 57.2424 -0.0262903 0.999556 0.0140186 -0.384889 -0.985929 -0.0282427 0.164762 88.0841
0.215862 -0.00695909 0.976399 57.717 -0.0288992 0.999491 0.0135127 -0.394649 -0.975996 -0.031134 0.215551 88.2083
0.262555 -0.00380899 0.96491 58.2108 -0.0299834 0.999477 0.012104 -0.396956 -0.964451 -0.0321093 0.262303 88.3873
0.32434 -0.0673561 0.943539 58.6383 -7.41291e-005 0.99746 0.0712308 -0.38577 -0.94594 -0.023173 0.323511 88.5043
0.379507 -0.035325 0.924514 59.1266 0.00273237 0.999309 0.0370613 -0.389026 -0.925185 -0.0115389 0.379342 88.7128
0.451831 -0.0322704 0.891519 59.7426 -0.00550408 0.999226 0.0389586 -0.320179 -0.892086 -0.0225097 0.451304 88.9374
0.498885 -0.028076 0.866213 60.1367 -0.00826021 0.999276 0.0371462 -0.312327 -0.866629 -0.0256868 0.498292 89.2892
0.607846 -0.0556852 0.7921 60.664 0.015119 0.998169 0.0585698 -0.344915 -0.793911 -0.0236257 0.607575 89.2882
0.618891 -0.000814252 0.785477 60.884 -0.0228583 0.999557 0.0190467 -0.296036 -0.785144 -0.0297425 0.618598 89.9461
0.690532 -0.0162199 0.723119 61.212 -0.0207902 0.99889 0.042259 -0.293629 -0.723003 -0.044215 0.689429 90.0791
0.720906 -0.00964251 0.692966 61.458 -0.0064154 0.999768 0.0205857 -0.281355 -0.693004 -0.019286 0.720676 90.4972
0.770214 -0.0134341 0.637645 61.7146 -0.00567945 0.999594 0.02792 -0.268205 -0.637761 -0.0251258 0.769825 90.8441
0.814424 -0.00711764 0.580227 61.9072 -0.0213659 0.998879 0.042243 -0.257959 -0.579877 -0.0468008 0.813359 91.183
0.850936 -0.00597264 0.525235 62.1057 -0.0237084 0.99848 0.0497642 -0.244035 -0.524733 -0.0547987 0.849501 91.555
0.879425 -0.0110698 0.475909 62.2307 -0.0168276 0.998382 0.054318 -0.265305 -0.47574 -0.055777 0.877816 91.8905
0.905314 -0.00470777 0.424717 62.4233 -0.020003 0.998357 0.053704 -0.24165 -0.424272 -0.0571146 0.903732 92.3454
0.92899 -0.0355232 0.368396 62.5782 0.0077437 0.997031 0.076613 -0.269187 -0.370024 -0.06832 0.926507 92.7341
0.94051 0.00265012 0.339755 62.6886 -0.0226307 0.998238 0.0548601 -0.227647 -0.33901 -0.0592854 0.938913 93.2073
0.952612 0.015051 0.303816 62.9071 -0.0317585 0.998238 0.050126 -0.235942 -0.302527 -0.0573993 0.951411 93.7625
0.962578 0.00778401 0.270893 62.9596 -0.0243489 0.998029 0.0578423 -0.195006 -0.269909 -0.0622737 0.96087 94.1738
0.968191 -0.0060638 0.250139 63.0947 -0.00806798 0.99843 0.0554317 -0.166445 -0.250082 -0.0556866 0.966622 94.7291
0.972047 -0.00696148 0.234681 63.2091 -0.00645601 0.99839 0.0563566 -0.150762 -0.234696 -0.0562964 0.970437 95.2099
0.974971 -0.00651135 0.222237 63.3278 -0.00563609 0.998526 0.053982 -0.124703 -0.222261 -0.0538834 0.973497 95.7989
0.977047 -0.00225676 0.213013 63.4288 -0.00947028 0.998495 0.0540167 -0.0859799 -0.212815 -0.0547941 0.975555 96.4164
0.978366 0.00505259 0.206822 63.5623 -0.0158039 0.998606 0.0503642 -0.0509724 -0.206279 -0.0525432 0.977081 97.1367
0.978616 0.0177582 0.204929 63.63 -0.0277306 0.998561 0.0458938 -0.0366514 -0.203819 -0.0505952 0.9777 97.5674
0.978885 0.0144969 0.203899 63.7972 -0.0237869 0.998784 0.0431846 -0.0100385 -0.203025 -0.0471228 0.978039 98.3276
0.978467 0.00463693 0.206352 63.913 -0.0133517 0.999076 0.0408599 0.00932234 -0.205971 -0.0427352 0.977624 98.9274
0.977588 -0.00328981 0.210503 64.0462 -0.0039924 0.999408 0.03416 0.031931 -0.210491 -0.0342348 0.976996 99.4886
0.976425 -0.00953734 0.215646 64.1561 0.0030734 0.999536 0.0302903 0.0435612 -0.215835 -0.0289134 0.976002 99.9956
0.975265 -0.00509148 0.220979 64.2756 -0.00161309 0.999544 0.0301492 0.0536825 -0.221032 -0.0297599 0.974812 100.67
0.974142 0.000524042 0.225934 64.3887 -0.00828035 0.999408 0.0333836 0.0708639 -0.225783 -0.0343912 0.97357 101.162
0.9734 0.00267178 0.229098 64.5734 -0.0116538 0.999215 0.0378621 0.089649 -0.228817 -0.0395248 0.972667 101.861
0.972451 -0.000423583 0.233106 64.7191 -0.0100839 0.998986 0.0438823 0.119244 -0.232889 -0.045024 0.971461 102.47
0.971636 -0.00153401 0.236475 64.8671 -0.0103423 0.998747 0.0489735 0.132365 -0.236254 -0.0500301 0.970403 103.06
0.970489 -0.00964763 0.24095 65.0497 -0.00267524 0.998707 0.0507634 0.161958 -0.241129 -0.0499099 0.969209 103.736
0.970932 -0.0177427 0.238698 65.2438 0.00616847 0.998772 0.0491489 0.189993 -0.239277 -0.0462479 0.969849 104.537
0.970869 -0.0171891 0.238993 65.4242 0.00715906 0.999059 0.042773 0.220735 -0.239503 -0.039816 0.970079 105.25
0.971086 -0.0120065 0.238426 65.5764 0.00344282 0.999335 0.0363017 0.249206 -0.238703 -0.0344312 0.970482 105.946
0.971523 -0.00637849 0.236858 65.7315 -0.0013035 0.999479 0.0322621 0.275485 -0.236941 -0.0316521 0.971008 106.617
0.971749 -0.00262837 0.236001 65.8945 -0.00571748 0.999382 0.0346723 0.316966 -0.235947 -0.0350421 0.971134 107.427
0.97247 -0.00501446 0.232974 66.0647 -0.00532814 0.999029 0.0437433 0.328833 -0.232967 -0.0437803 0.971499 108.047
0.973072 -0.00319632 0.230479 66.2068 -0.00827403 0.998775 0.0487838 0.343214 -0.230352 -0.0493772 0.971854 108.732
0.973704 -0.00206832 0.227805 66.4101 -0.00897538 0.998834 0.047432 0.378835 -0.227638 -0.0482294 0.972551 109.517
0.973833 0.00301942 0.227247 66.5408 -0.0129108 0.999032 0.0420532 0.405132 -0.2269 -0.0438867 0.972929 110.32
0.974793 -0.00165861 0.223105 66.7289 -0.00669167 0.999305 0.0366664 0.435448 -0.223011 -0.0372351 0.974105 111.102
0.975512 -0.00684512 0.21984 66.8886 -0.000619507 0.999426 0.033868 0.463262 -0.219946 -0.0331748 0.974948 111.851
0.976222 -0.00726429 0.216652 67.0785 -0.000448772 0.999368 0.0355307 0.487207 -0.216773 -0.0347831 0.975602 112.746
0.977268 -0.0114142 0.211701 67.2831 0.0033987 0.999265 0.0381876 0.519311 -0.211981 -0.0366 0.976588 113.561
0.977451 -0.00888344 0.210977 67.3956 0.000203288 0.999154 0.0411288 0.532268 -0.211164 -0.0401585 0.976625 114.226
0.978018 -0.0104815 0.208258 67.5927 0.00145344 0.999054 0.043456 0.565592 -0.208516 -0.0421981 0.977108 115.031
0.978141 -0.0117401 0.207611 67.7657 0.0022838 0.998951 0.0457292 0.582417 -0.20793 -0.0442555 0.977142 115.792
0.978356 -0.0139728 0.206459 67.9412 0.00405777 0.998821 0.0483699 0.615897 -0.206891 -0.0464852 0.977259 116.682
0.978303 -0.00505209 0.207117 68.1524 -0.00450162 0.998948 0.0456299 0.620273 -0.207129 -0.0455723 0.977252 117.456
0.977486 0.00882584 0.210814 68.1279 -0.0173917 0.999095 0.0388129 0.651225 -0.21028 -0.0416055 0.976755 117.68
0.977686 0.0124539 0.209702 68.2699 -0.0207399 0.999087 0.0373608 0.663133 -0.209046 -0.0408763 0.977051 118.254
0.9776 0.0138415 0.210014 68.526 -0.0225355 0.998983 0.0390609 0.700331 -0.209259 -0.0429187 0.976918 119.523
0.9759 0.005383 0.218152 68.6281 -0.0139142 0.999196 0.0375894 0.71972 -0.217774 -0.0397189 0.975191 120.141
0.975309 0.0221866 0.219728 68.8338 -0.0301431 0.999003 0.0329245 0.735158 -0.218778 -0.0387348 0.975005 120.98
0.975456 -0.00454249 0.220146 69.0618 -0.00331685 0.999371 0.0353178 0.770937 -0.220168 -0.0351811 0.974827 122.076
0.975407 -0.0175937 0.219709 69.2878 0.00945032 0.999231 0.0380604 0.795628 -0.22021 -0.0350481 0.974823 122.917
0.974859 -0.0231089 0.221623 69.4859 0.015026 0.999161 0.0380888 0.805097 -0.222317 -0.0338011 0.974388 123.725
0.974621 -0.0189609 0.223059 69.6911 0.0106524 0.999206 0.0383927 0.831434 -0.22361 -0.0350422 0.974049 124.641
0.973769 -0.00689451 0.227436 69.8464 -0.00205576 0.999233 0.0390926 0.864226 -0.227531 -0.0385347 0.973008 125.569
0.974331 0.000770526 0.225121 70.0663 -0.0110894 0.998944 0.0445761 0.896361 -0.224849 -0.0459283 0.973311 126.352
0.973567 0.00879986 0.228231 70.2613 -0.0199206 0.998721 0.0464682 0.926091 -0.22753 -0.0497864 0.972498 127.304
0.973149 0.00154498 0.230169 70.4717 -0.0111884 0.999113 0.040598 0.951069 -0.229902 -0.0420832 0.972303 128.22
0.973419 -0.00870804 0.228864 70.5625 0.00196582 0.999558 0.029671 0.953057 -0.229021 -0.0284325 0.973006 128.572
0.97343 -0.0160276 0.228425 70.8105 0.0115009 0.99971 0.0211346 0.986851 -0.228697 -0.0179459 0.973332 129.622
0.973667 -0.0168908 0.227349 71.0151 0.0101845 0.999479 0.0306385 1.00442 -0.227748 -0.0275163 0.973331 130.488
0.974236 -0.011456 0.225238 71.1596 -0.000320704 0.998638 0.0521797 1.01731 -0.225529 -0.0509076 0.972905 131.114
0.974522 -0.00600878 0.224211 71.3589 -0.00909511 0.99776 0.0662711 1.04271 -0.224107 -0.0666219 0.972285 131.959
0.974054 0.00268513 0.226299 71.5224 -0.0163175 0.99816 0.0583916 1.07978 -0.225726 -0.0605693 0.972306 132.814
0.975651 -0.00147706 0.219323 71.8269 -0.00873727 0.998922 0.0455949 1.11542 -0.219154 -0.046401 0.974586 134.076
0.975011 -0.00434949 0.222114 72.0124 -0.00369172 0.999353 0.0357751 1.16165 -0.222126 -0.0357011 0.974364 135.048
0.975315 -0.00902036 0.220635 72.1954 0.00102216 0.999339 0.0363381 1.18665 -0.220817 -0.0352156 0.974679 135.95
0.976264 -0.0101378 0.216346 72.4346 0.00207018 0.999295 0.0374847 1.20583 -0.216573 -0.0361471 0.975597 136.936
0.976669 -0.006055 0.214666 72.6082 -0.00174289 0.999346 0.0361179 1.22034 -0.214744 -0.0356493 0.97602 137.728
0.977585 -0.0036396 0.21051 72.7845 -0.00377898 0.999386 0.0348279 1.24047 -0.210508 -0.0348428 0.976971 138.611
0.978273 0.00148564 0.207318 73.0246 -0.00842706 0.999433 0.0326029 1.27848 -0.207152 -0.0336416 0.97773 139.811
0.978858 0.0079172 0.204388 73.1796 -0.0146644 0.999396 0.031518 1.29458 -0.204015 -0.0338489 0.978382 140.537
0.979046 0.00949937 0.203417 73.3384 -0.0165282 0.999323 0.0328827 1.3155 -0.202967 -0.0355558 0.97854 141.386
0.97946 0.00262031 0.201622 73.5206 -0.0104914 0.999223 0.0379805 1.34387 -0.201366 -0.0393156 0.978727 142.346
0.980033 -0.00680659 0.198719 73.6613 -0.000833402 0.999265 0.0383372 1.35421 -0.198834 -0.0377373 0.979306 143.085
0.980527 -0.0120374 0.196017 73.8366 0.00482655 0.999295 0.037223 1.37187 -0.196327 -0.035552 0.979894 143.961
0.98116 -0.0126172 0.192785 74.0145 0.00647378 0.999452 0.0324633 1.39411 -0.193089 -0.0306036 0.980704 144.84
0.982463 -0.0116022 0.186096 73.9356 0.00574832 0.999472 0.0319654 1.45208 -0.186368 -0.0303351 0.982012 145.26
0.983767 -0.0126752 0.179004 74.2376 0.00602292 0.999273 0.0376577 1.44766 -0.179351 -0.0359682 0.983127 146.297
0.984863 -0.00889761 0.173107 74.3425 0.000895504 0.99893 0.0462497 1.47062 -0.173333 -0.0453946 0.983817 147.04
0.985646 -0.00870809 0.1686 74.4808 -0.000597602 0.998483 0.0550646 1.49654 -0.168824 -0.054375 0.984145 147.762
0.984812 0.00215925 0.173611 74.5949 -0.011716 0.99847 0.0540409 1.53012 -0.173229 -0.0552541 0.98333 148.634
0.986441 0.00492327 0.164041 74.7575 -0.0134329 0.998618 0.050806 1.5735 -0.163564 -0.0523207 0.985144 149.714
0.987715 0.00408353 0.156213 74.914 -0.0104889 0.999137 0.0402015 1.60353 -0.155914 -0.0413461 0.986905 150.568
0.988544 -0.00752169 0.150745 75.0291 0.00211544 0.99935 0.0359919 1.63398 -0.150917 -0.0352607 0.987917 151.456
0.989522 -0.00955679 0.144065 75.1582 0.00437001 0.999332 0.0362764 1.66581 -0.144316 -0.0352668 0.988903 152.25
0.990634 -0.00102639 0.136543 75.2422 -0.00429779 0.999242 0.0386921 1.67861 -0.13648 -0.0389165 0.989878 153.001
0.991558 0.00861054 0.129381 75.3191 -0.0134749 0.999233 0.0367686 1.70255 -0.128965 -0.0382015 0.990913 153.849
0.992836 0.00501225 0.119382 75.392 -0.00866552 0.999509 0.0301021 1.71768 -0.119173 -0.0309209 0.992392 154.567
0.993794 0.00286428 0.111199 75.4775 -0.00597836 0.999599 0.0276814 1.74483 -0.111075 -0.0281744 0.993413 155.506
0.994779 -0.000978632 0.102051 75.5783 -0.00210401 0.999545 0.030095 1.75627 -0.102034 -0.0301525 0.994324 156.29
0.995434 0.000123593 0.0954557 75.6301 -0.00363574 0.999323 0.0366204 1.77311 -0.0953865 -0.0368002 0.99476 157.132
0.996155 0.0068573 0.0873429 75.674 -0.0104986 0.999092 0.0412985 1.79448 -0.0869804 -0.0420567 0.995322 157.9
0.996828 0.00546883 0.0794038 75.7416 -0.00903832 0.998961 0.0446641 1.83191 -0.079077 -0.0452401 0.995841 158.755
0.99726 0.00117105 0.0739646 75.7965 -0.00460254 0.99892 0.0462403 1.85256 -0.0738305 -0.046454 0.996188 159.636
0.99762 0.000247152 0.0689443 75.8657 -0.00328266 0.99903 0.0439186 1.88715 -0.0688665 -0.0440404 0.996653 160.506
0.997903 0.00241347 0.0646828 75.9059 -0.00490731 0.999249 0.0384238 1.90187 -0.0645415 -0.0386606 0.997166 161.334
0.998093 0.00706692 0.0613297 75.9379 -0.00899808 0.99947 0.0312693 1.92542 -0.0610762 -0.0317616 0.997628 162.266
0.998319 0.00414604 0.0578102 75.9961 -0.00583157 0.999562 0.029018 1.96192 -0.0576646 -0.0293064 0.997906 163.573
0.998461 0.0029441 0.0553788 76.0202 -0.00487164 0.999386 0.0347037 1.97081 -0.0552426 -0.0349201 0.997862 164.128
0.997384 0.0408615 0.0596274 76.0274 -0.0434758 0.998119 0.0432253 1.95798 -0.057749 -0.0457046 0.997284 164.488
0.998773 0.00286531 0.0494298 76.0739 -0.00543224 0.998639 0.051875 2.0041 -0.0492138 -0.0520799 0.99743 165.591
0.999078 0.0010666 0.0429191 76.1255 -0.0031555 0.998812 0.0486323 2.03064 -0.0428162 -0.0487229 0.997894 166.505
0.999138 -0.0146142 0.0388519 76.1786 0.0131037 0.999159 0.0388526 2.05702 -0.039387 -0.03831 0.998489 167.411
0.999368 -0.0152251 0.0321295 76.2025 0.0141338 0.999324 0.0339244 2.10008 -0.0326243 -0.0334489 0.998908 168.503
0.999682 0.00122575 0.0251986 76.2163 -0.00210841 0.999384 0.0350315 2.11762 -0.0251401 -0.0350735 0.999068 169.271
0.99985 0.000285141 0.0173215 76.2255 -0.000992075 0.999166 0.0408178 2.13996 -0.0172954 -0.0408288 0.999016 170.119
0.99994 -0.00336106 0.0104471 76.2421 0.00289783 0.999025 0.0440437 2.16868 -0.0105849 -0.0440108 0.998975 171.178
0.9999 -0.0134623 0.00430471 76.2572 0.0132409 0.998765 0.0478785 2.20003 -0.00494395 -0.0478167 0.998844 171.932
0.999859 -0.0167329 -0.00171179 76.2554 0.0167955 0.99872 0.0477169 2.23209 0.000911159 -0.0477389 0.998859 172.885
0.999939 -0.0061549 -0.00920993 76.2454 0.00652659 0.999142 0.0408873 2.25355 0.00895037 -0.0409449 0.999121 173.725
0.999809 -0.0107714 -0.0162862 76.236 0.01126 0.99948 0.0302116 2.2741 0.0159523 -0.0303892 0.999411 174.422
0.999526 -0.0200757 -0.0233248 76.226 0.0206845 0.999444 0.0261586 2.30492 0.0227867 -0.0266286 0.999386 175.525
0.99954 -0.00574243 -0.0297919 76.2034 0.00673744 0.999419 0.0334065 2.32056 0.0295827 -0.0335919 0.998998 176.222
0.999407 0.00499637 -0.0340585 76.1453 -0.0033962 0.998895 0.0468801 2.34445 0.0342551 -0.0467367 0.99832 177.168
0.99911 0.0172372 -0.0385096 76.1035 -0.015111 0.998381 0.0548369 2.36722 0.0393925 -0.0542061 0.997752 177.919
0.998978 0.0145628 -0.0427857 76.0571 -0.0123509 0.998596 0.0515133 2.40467 0.0434758 -0.0509322 0.997755 178.939
0.999006 0.00593217 -0.0441877 75.994 -0.00411549 0.999147 0.0410909 2.44125 0.0443938 -0.0408681 0.998178 179.913
0.998859 0.0135683 -0.0457821 75.9225 -0.0120727 0.999389 0.0327885 2.46548 0.0461991 -0.0321984 0.998413 180.926
0.998741 0.0120604 -0.0486835 75.8762 -0.0106736 0.999533 0.028646 2.49175 0.0490063 -0.0280903 0.998403 181.834
0.998643 0.00754649 -0.0515374 75.8593 -0.00583031 0.999426 0.0333692 2.50929 0.0517597 -0.0330234 0.998113 182.657
0.998645 -0.00750888 -0.0514869 75.8099 0.00967477 0.999073 0.0419477 2.5295 0.0511242 -0.042389 0.997792 183.279
0.998678 -0.00421829 -0.0512216 75.7573 0.00665495 0.998849 0.047494 2.55734 0.0509623 -0.0477721 0.997557 184.276
0.998558 0.00244273 -0.0536254 75.7228 6.73884e-005 0.998906 0.0467567 2.58929 0.053681 -0.0466929 0.997466 185.23
0.998475 -0.0004158 -0.0552016 75.6694 0.00247138 0.999306 0.0371746 2.60689 0.0551479 -0.0372543 0.997783 186.06
0.998151 -0.0125434 -0.059472 75.6269 0.0140238 0.9996 0.0245414 2.63116 0.0591404 -0.02533 0.997928 186.986
0.997974 -0.0188922 -0.0607563 75.5955 0.0201608 0.99959 0.0203356 2.64677 0.0603472 -0.0215193 0.997945 187.85
0.998057 -0.00649133 -0.0619617 75.5343 0.00800805 0.999674 0.0242615 2.66642 0.061784 -0.0247105 0.997784 188.65
0.99799 -0.0026035 -0.0633211 75.4726 0.00488753 0.999342 0.0359425 2.67644 0.0631858 -0.0361797 0.997346 189.52
0.997828 0.00981422 -0.0651406 75.4207 -0.0072277 0.999181 0.0398243 2.6904 0.065478 -0.039267 0.997081 190.295
0.997801 0.00562384 -0.0660388 75.3281 -0.00327736 0.999361 0.0355865 2.71307 0.0661968 -0.0352918 0.997182 191.575
0.997792 0.00143528 -0.0664015 75.276 0.000521733 0.999566 0.0294457 2.73648 0.066415 -0.0294154 0.997358 192.305
0.997824 0.0079638 -0.0654521 75.1952 -0.00607242 0.99956 0.0290455 2.75837 0.0656546 -0.0285849 0.997433 193.264
0.99762 0.0079879 -0.0684884 75.1212 -0.00592761 0.999525 0.0302329 2.79366 0.0686974 -0.029755 0.997194 194.557
0.997758 0.00480014 -0.0667528 75.0688 -0.00239576 0.999347 0.0360527 2.79437 0.0668823 -0.035812 0.997118 195.17
0.997615 0.00661285 -0.0687097 74.987 -0.0040288 0.999282 0.037679 2.82032 0.0689095 -0.0373124 0.996925 196.171
0.997582 0.00713635 -0.0691348 74.9309 -0.00450756 0.999264 0.0381057 2.83653 0.0693558 -0.0377019 0.996879 196.959
