1 -8.22789e-007 -0.00085052 -0.0332714 -8.22789e-007 0.999998 -0.00193479 -0.0106501 0.00085052 0.00193479 0.999998 0.665833
1 -1.71017e-006 -0.000963462 -0.102903 -1.71017e-006 0.999994 -0.00355004 -0.0155367 0.000963462 0.00355004 0.999993 1.32564
0.99995 -2.10532e-005 -0.00997822 -0.112149 -2.10532e-005 0.999991 -0.00421972 -0.0328396 0.00997822 0.00421972 0.999941 1.99822
0.99995 -2.10532e-005 -0.00997822 -0.121396 -2.10532e-005 0.999991 -0.00421972 -0.0501425 0.00997822 0.00421972 0.999941 2.67081
0.999898 -2.95819e-005 -0.0142756 -0.134029 -2.95819e-005 0.999991 -0.00414417 -0.0595312 0.0142756 0.00414417 0.99989 3.37351
0.999864 -4.49715e-005 -0.0164619 -0.178344 -4.49715e-005 0.999985 -0.00546328 -0.0657276 0.0164619 0.00546328 0.99985 4.10559
0.999772 -6.36651e-005 -0.0213636 -0.21218 -6.36651e-005 0.999982 -0.00595942 -0.0729719 0.0213636 0.00595942 0.999754 4.86825
0.999685 -5.12804e-005 -0.0250781 -0.245111 -5.12804e-005 0.999992 -0.00408901 -0.0838009 0.0250781 0.00408901 0.999677 5.66093
0.999581 -2.70582e-005 -0.0289337 -0.271689 -2.70582e-005 0.999998 -0.00186997 -0.0870599 0.0289337 0.00186997 0.99958 6.43994
0.999524 1.22319e-005 -0.0308623 -0.321222 1.22319e-005 1 0.000792484 -0.0964549 0.0308623 -0.000792484 0.999523 7.25354
0.999451 4.4038e-006 -0.0331204 -0.364429 4.4038e-006 1 0.000265854 -0.102681 0.0331204 -0.000265854 0.999451 8.08722
0.99946 4.08799e-006 -0.0328653 -0.433497 4.08799e-006 1 0.000248705 -0.109453 0.0328653 -0.000248705 0.99946 8.90718
0.999384 -6.03233e-006 -0.0350844 -0.458099 -6.03233e-006 1 -0.000343769 -0.116083 0.0350844 0.000343769 0.999384 9.73564
0.999272 2.28656e-005 -0.0381511 -0.464505 2.28656e-005 0.999999 0.00119825 -0.132222 0.0381511 -0.00119825 0.999271 10.5393
0.999082 2.55762e-005 -0.0428368 -0.457568 2.55762e-005 0.999999 0.00119358 -0.144056 0.0428368 -0.00119358 0.999081 11.3757
0.999042 -1.80446e-005 -0.0437698 -0.513016 -1.80446e-005 1 -0.000824126 -0.15319 0.0437698 0.000824126 0.999041 12.1925
0.999033 -7.38507e-005 -0.0439698 -0.565216 -7.38507e-005 0.999994 -0.00335752 -0.161913 0.0439698 0.00335752 0.999027 13.0175
0.999019 -0.000106422 -0.0442804 -0.63039 -0.000106422 0.999988 -0.00480433 -0.170016 0.0442804 0.00480433 0.999008 13.8455
0.998941 -8.37714e-005 -0.0460119 -0.665993 -8.37714e-005 0.999993 -0.00363935 -0.189967 0.0460119 0.00363935 0.998934 14.683
0.99883 -6.52058e-005 -0.0483554 -0.686299 -6.52058e-005 0.999996 -0.00269536 -0.19928 0.0483554 0.00269536 0.998827 15.5131
0.998754 -2.80549e-005 -0.0498952 -0.734227 -2.80549e-005 0.999999 -0.00112385 -0.208162 0.0498952 0.00112385 0.998754 16.3674
0.998706 -2.56661e-005 -0.0508535 -0.75396 -2.56661e-005 0.999999 -0.00100876 -0.222936 0.0508535 0.00100876 0.998706 17.1927
0.998622 -4.44998e-005 -0.0524801 -0.799708 -4.44998e-005 0.999999 -0.0016947 -0.234584 0.0524801 0.0016947 0.998621 18.0202
0.998515 -6.79602e-005 -0.0544834 -0.83292 -6.79602e-005 0.999997 -0.00249286 -0.247454 0.0544834 0.00249286 0.998512 18.8653
0.99849 -4.45677e-005 -0.0549377 -0.881274 -4.45677e-005 0.999999 -0.00162126 -0.252548 0.0549377 0.00162126 0.998488 19.7027
0.998487 5.22866e-005 -0.0549839 -0.925782 5.22866e-005 0.999998 0.00190045 -0.264737 0.0549839 -0.00190045 0.998485 20.5214
0.998402 0.000161316 -0.056513 -0.939287 0.000161316 0.999984 0.00570438 -0.288919 0.056513 -0.00570438 0.998386 21.3709
0.998554 0.000221709 -0.0537637 -1.0046 0.000221709 0.999966 0.00824144 -0.285943 0.0537637 -0.00824144 0.99852 22.2484
0.998765 0.000161 -0.0496889 -1.03203 0.000161 0.999979 0.00647624 -0.295085 0.0496889 -0.00647624 0.998744 23.1402
0.998765 0.000161 -0.0496889 -1.05945 0.000161 0.999979 0.00647624 -0.304228 0.0496889 -0.00647624 0.998744 24.032
0.998923 3.56754e-005 -0.0463925 -1.1433 3.56754e-005 0.999999 0.00153715 -0.30073 0.0463925 -0.00153715 0.998922 24.9475
0.998996 -3.71412e-005 -0.0448076 -1.18769 -3.71412e-005 0.999999 -0.00165697 -0.303315 0.0448076 0.00165697 0.998994 25.8482
0.999022 -1.25099e-005 -0.0442078 -1.22244 -1.25099e-005 1 -0.000565685 -0.31886 0.0442078 0.000565685 0.999022 26.7354
0.998984 0.000100177 -0.0450647 -1.25497 0.000100177 0.99999 0.00444366 -0.329181 0.0450647 -0.00444366 0.998974 27.6428
0.998985 0.000172206 -0.0450382 -1.30056 0.000172206 0.999971 0.00764311 -0.335917 0.0450382 -0.00764311 0.998956 28.5443
0.998906 0.000157909 -0.046756 -1.32563 0.000157909 0.999977 0.00675084 -0.34876 0.046756 -0.00675084 0.998884 29.4659
0.998835 6.7142e-005 -0.0482594 -1.36679 6.7142e-005 0.999996 0.00278092 -0.352886 0.0482594 -0.00278092 0.998831 30.3749
0.99873 -1.93395e-005 -0.0503889 -1.40518 -1.93395e-005 1 -0.000767122 -0.363093 0.0503889 0.000767122 0.998729 31.2611
0.998623 -4.09907e-005 -0.0524679 -1.4522 -4.09907e-005 0.999999 -0.00156143 -0.369983 0.0524679 0.00156143 0.998621 32.1233
0.998594 -1.25352e-005 -0.0530074 -1.5291 -1.25352e-005 1 -0.000472627 -0.369484 0.0530074 0.000472627 0.998594 33.0134
0.998523 7.29233e-005 -0.0543276 -1.57134 7.29233e-005 0.999996 0.00268259 -0.383934 0.0543276 -0.00268259 0.99852 33.8731
0.998537 0.000115365 -0.0540739 -1.63685 0.000115365 0.999991 0.0042638 -0.39546 0.0540739 -0.0042638 0.998528 34.7625
0.998512 0.000182414 -0.0545309 -1.6949 0.000182414 0.999978 0.00668524 -0.39764 0.0545309 -0.00668524 0.99849 35.6721
0.998525 0.000255954 -0.0542945 -1.74647 0.000255954 0.999956 0.00942121 -0.398638 0.0542945 -0.00942121 0.998481 36.5995
0.998414 0.000331455 -0.0563007 -1.79605 0.000331455 0.999931 0.0117647 -0.397222 0.0563007 -0.0117647 0.998345 37.5619
0.998568 0.000315277 -0.0534904 -1.90776 0.000315277 0.999931 0.0117793 -0.403016 0.0534904 -0.0117793 0.998499 38.5492
0.998548 0.000219392 -0.0538719 -1.96558 0.000219392 0.999967 0.0081389 -0.407069 0.0538719 -0.0081389 0.998515 39.5249
0.998548 0.000219392 -0.0538719 -2.02341 0.000219392 0.999967 0.0081389 -0.411123 0.0538719 -0.0081389 0.998515 40.5006
0.998415 0.000225883 -0.0562779 -2.06756 0.000225883 0.999968 0.00802094 -0.413515 0.0562779 -0.00802094 0.998383 41.451
0.998204 0.000268666 -0.0599138 -2.08708 0.000268666 0.99996 0.00896019 -0.417219 0.0599138 -0.00896019 0.998163 42.4266
0.998054 0.000318099 -0.0623557 -2.13422 0.000318099 0.999948 0.0101925 -0.426772 0.0623557 -0.0101925 0.998002 43.3718
0.998051 0.000208619 -0.0624054 -2.21409 0.000208619 0.999978 0.00667934 -0.431828 0.0624054 -0.00667934 0.998029 44.3492
0.998046 7.51543e-005 -0.0624885 -2.30256 7.51543e-005 0.999997 0.00240303 -0.423907 0.0624885 -0.00240303 0.998043 45.3114
0.998029 3.9685e-005 -0.0627569 -2.36543 3.9685e-005 0.999999 0.00126347 -0.431473 0.0627569 -0.00126347 0.998028 46.2454
0.99795 0.000151631 -0.063996 -2.40313 0.000151631 0.999989 0.00473387 -0.442524 0.063996 -0.00473387 0.997939 47.145
0.997961 0.000248464 -0.063824 -2.46946 0.000248464 0.99997 0.00777784 -0.452304 0.063824 -0.00777784 0.997931 48.0577
0.997925 0.000274974 -0.0643855 -2.52686 0.000274974 0.999964 0.00853247 -0.460447 0.0643855 -0.00853247 0.997889 48.9899
0.997929 0.000246426 -0.0643318 -2.58548 0.000246426 0.999971 0.00765304 -0.474425 0.0643318 -0.00765304 0.997899 49.8863
0.997947 0.00019072 -0.0640505 -2.65001 0.00019072 0.999982 0.00594912 -0.481183 0.0640505 -0.00594912 0.997929 50.7826
0.997999 0.000205235 -0.063224 -2.73136 0.000205235 0.999979 0.00648574 -0.481195 0.063224 -0.00648574 0.997978 51.6667
0.998042 0.000310071 -0.0625391 -2.82084 0.000310071 0.999951 0.00990613 -0.481622 0.0625391 -0.00990613 0.997993 52.5764
0.997951 0.000457619 -0.0639738 -2.86232 0.000457619 0.999898 0.0142911 -0.483052 0.0639738 -0.0142911 0.997849 53.4665
0.997824 0.000533005 -0.0659277 -2.91382 0.000533005 0.999869 0.0161507 -0.480961 0.0659277 -0.0161507 0.997694 54.3862
0.99776 0.00040909 -0.0668918 -2.98997 0.00040909 0.999925 0.0122172 -0.484696 0.0668918 -0.0122172 0.997685 55.308
0.997673 0.000169886 -0.068185 -3.05634 0.000169886 0.999988 0.00497726 -0.492604 0.068185 -0.00497726 0.99766 56.21
0.997619 1.63604e-005 -0.0689658 -3.12084 1.63604e-005 1 0.000473885 -0.507074 0.0689658 -0.000473885 0.997619 57.0829
0.997546 5.48282e-005 -0.070016 -3.18634 5.48282e-005 0.999999 0.00156424 -0.510588 0.070016 -0.00156424 0.997545 57.937
0.99747 0.000150164 -0.0710875 -3.25508 0.000150164 0.999991 0.00421939 -0.524402 0.0710875 -0.00421939 0.997461 58.7985
0.997337 0.000204519 -0.0729288 -3.30607 0.000204519 0.999984 0.00560121 -0.535634 0.0729288 -0.00560121 0.997321 59.6333
0.997264 0.000211741 -0.0739212 -3.38241 0.000211741 0.999984 0.00572095 -0.544472 0.0739212 -0.00572095 0.997248 60.4733
0.997057 0.000278732 -0.076662 -3.46066 0.000278732 0.999974 0.00726091 -0.565007 0.076662 -0.00726091 0.997031 61.2827
0.99687 0.000301291 -0.0790591 -3.51883 0.000301291 0.999971 0.00760988 -0.571202 0.0790591 -0.00760988 0.996841 62.1099
0.996755 0.000330609 -0.0804995 -3.58837 0.000330609 0.999966 0.00820048 -0.581882 0.0804995 -0.00820048 0.996721 62.9305
0.996714 0.000365894 -0.0809991 -3.66807 0.000365894 0.999959 0.00901948 -0.585884 0.0809991 -0.00901948 0.996673 63.7382
0.996578 0.000497861 -0.0826572 -3.73357 0.000497861 0.999928 0.0120254 -0.590573 0.0826572 -0.0120254 0.996505 64.5274
0.996642 0.000654121 -0.0818833 -3.83017 0.000654121 0.999873 0.0159491 -0.588929 0.0818833 -0.0159491 0.996514 65.3297
0.996533 0.000734016 -0.0831948 -3.92144 0.000734016 0.999845 0.0176138 -0.580778 0.0831948 -0.0176138 0.996378 66.1617
0.996739 0.000544965 -0.0806908 -4.06686 0.000544965 0.999909 0.0134848 -0.579254 0.0806908 -0.0134848 0.996648 66.9592
0.996498 2.20949e-005 -0.0836156 -4.12536 2.20949e-005 1 0.000527563 -0.588678 0.0836156 -0.000527563 0.996498 67.7189
0.996498 2.20949e-005 -0.0836156 -4.18385 2.20949e-005 1 0.000527563 -0.598102 0.0836156 -0.000527563 0.996498 68.4785
0.996189 3.13363e-005 -0.0872251 -4.18182 3.13363e-005 1 0.000717147 -0.626841 0.0872251 -0.000717147 0.996188 69.2098
0.996005 0.00026641 -0.0892959 -4.255 0.00026641 0.999982 0.00595493 -0.630355 0.0892959 -0.00595493 0.995987 69.9017
0.996005 0.00026641 -0.0892959 -4.32817 0.00026641 0.999982 0.00595493 -0.633869 0.0892959 -0.00595493 0.995987 70.5936
0.995975 0.000116679 -0.0896359 -4.39564 0.000116679 0.999997 0.00259816 -0.646692 0.0896359 -0.00259816 0.995971 71.2558
0.996044 -0.000359673 -0.0888599 -4.43352 -0.000359673 0.999967 -0.00807914 -0.660466 0.0888599 0.00807914 0.996011 71.8567
0.996044 -0.000359673 -0.0888599 -4.4714 -0.000359673 0.999967 -0.00807914 -0.674239 0.0888599 0.00807914 0.996011 72.4575
0.99624 -0.000358015 -0.0866409 -4.51372 -0.000358015 0.999966 -0.00824866 -0.68285 0.0866409 0.00824866 0.996205 73.028
0.99645 -0.00019517 -0.084183 -4.54839 -0.00019517 0.999989 -0.00462854 -0.700047 0.084183 0.00462854 0.99644 73.5713
0.996953 -0.000103773 -0.0780025 -4.61796 -0.000103773 0.999996 -0.0026567 -0.693429 0.0780025 0.0026567 0.99695 74.1416
0.997503 4.52381e-005 -0.0706267 -4.68879 4.52381e-005 0.999999 0.00127945 -0.704099 0.0706267 -0.00127945 0.997502 74.7149
0.998058 0.000142876 -0.0622891 -4.71715 0.000142876 0.999989 0.00458303 -0.718079 0.0622891 -0.00458303 0.998048 75.2617
0.999339 7.9548e-005 -0.0363623 -4.74141 7.9548e-005 0.99999 0.00437383 -0.723513 0.0363623 -0.00437383 0.999329 75.7619
0.999339 7.9548e-005 -0.0363623 -4.76568 7.9548e-005 0.99999 0.00437383 -0.728948 0.0363623 -0.00437383 0.999329 76.2621
0.999843 4.61073e-005 -0.0177051 -4.78035 4.61073e-005 0.999986 0.00520791 -0.734131 0.0177051 -0.00520791 0.99983 76.7685
0.999989 -1.46356e-005 0.00478609 -4.77185 -1.46356e-005 0.999981 0.00611579 -0.737695 -0.00478609 -0.00611579 0.99997 77.241
0.999521 -0.000117145 0.0309343 -4.73867 -0.000117145 0.999971 0.00757185 -0.746558 -0.0309343 -0.00757185 0.999493 77.7176
0.998161 -0.000289318 0.0606199 -4.69712 -0.000289318 0.999954 0.0095363 -0.751899 -0.0606199 -0.0095363 0.998115 78.1677
0.99567 -0.000536921 0.0929569 -4.6247 -0.000536921 0.999933 0.0115266 -0.759641 -0.0929569 -0.0115266 0.995603 78.6354
0.991446 -0.000819985 0.130513 -4.54065 -0.000819985 0.999921 0.0125113 -0.765356 -0.130513 -0.0125113 0.991368 79.1047
0.984866 -0.00109866 0.173314 -4.4604 -0.00109866 0.99992 0.0125818 -0.764864 -0.173314 -0.0125818 0.984786 79.5416
0.975709 -0.00141443 0.219065 -4.3507 -0.00141443 0.999918 0.0127559 -0.766811 -0.219065 -0.0127559 0.975627 79.9711
0.963649 -0.00148037 0.267168 -4.19266 -0.00148037 0.99994 0.0108802 -0.772604 -0.267168 -0.0108802 0.963589 80.3771
0.947461 -0.00144409 0.319869 -4.02968 -0.00144409 0.99996 0.00879192 -0.779746 -0.319869 -0.00879192 0.947421 80.7606
0.926969 -0.00138918 0.375136 -3.84247 -0.00138918 0.999974 0.00713571 -0.780654 -0.375136 -0.00713571 0.926942 81.1349
0.902494 -0.00131422 0.4307 -3.62021 -0.00131422 0.999982 0.00580513 -0.777011 -0.4307 -0.00580513 0.902477 81.4847
0.873549 -0.00133338 0.486734 -3.382 -0.00133338 0.999986 0.00513246 -0.777096 -0.486734 -0.00513246 0.873535 81.7981
0.839646 -0.00165757 0.543132 -3.13074 -0.00165757 0.999983 0.00561431 -0.781897 -0.543132 -0.00561431 0.839629 82.1057
0.802098 -0.00178938 0.597189 -2.86537 -0.00178938 0.999984 0.00539966 -0.789331 -0.597189 -0.00539966 0.802082 82.396
0.761471 -0.00236074 0.648194 -2.5839 -0.00236074 0.999977 0.00641524 -0.79172 -0.648194 -0.00641524 0.761448 82.6702
0.718689 -0.00289144 0.695326 -2.27407 -0.00289144 0.99997 0.00714687 -0.788441 -0.695326 -0.00714687 0.718659 82.9227
0.673412 -0.00368243 0.739258 -1.95054 -0.00368243 0.999958 0.00833548 -0.790694 -0.739258 -0.00833548 0.673371 83.1515
0.626226 -0.00462537 0.779628 -1.61013 -0.00462537 0.999943 0.00964772 -0.788572 -0.779628 -0.00964772 0.626169 83.3693
0.578836 -0.006791 0.815415 -1.27238 -0.006791 0.99989 0.0131481 -0.798872 -0.815415 -0.0131481 0.578727 83.5533
0.532068 -0.00637166 0.846678 -0.917178 -0.00637166 0.999913 0.0115289 -0.802331 -0.846678 -0.0115289 0.531981 83.7263
0.485185 -0.00522066 0.874396 -0.567439 -0.00522066 0.999947 0.00886712 -0.809488 -0.874396 -0.00886712 0.485132 83.8777
0.440487 -0.00510583 0.897744 -0.206701 -0.00510583 0.999953 0.00819236 -0.816298 -0.897744 -0.00819236 0.440441 84.0055
0.397836 -0.0092935 0.917409 0.163607 -0.0092935 0.999857 0.0141588 -0.814765 -0.917409 -0.0141588 0.397693 84.1222
0.358894 -0.0199066 0.933166 0.562737 -0.0199066 0.999382 0.0289752 -0.807373 -0.933166 -0.0289752 0.358276 84.2172
0.322724 -0.0228573 0.946217 0.929372 -0.0228573 0.999229 0.0319338 -0.7939 -0.946217 -0.0319338 0.321952 84.3174
0.290338 -0.0214686 0.956683 1.32209 -0.0214686 0.999351 0.0289414 -0.795633 -0.956683 -0.0289414 0.289689 84.4033
0.259068 -0.0132608 0.965768 1.73578 -0.0132608 0.999763 0.0172848 -0.792254 -0.965768 -0.0172848 0.258831 84.5115
0.231148 -0.00944959 0.972873 2.14213 -0.00944959 0.999884 0.0119571 -0.797946 -0.972873 -0.0119571 0.231032 84.5896
0.205793 -0.0099981 0.978545 2.54015 -0.0099981 0.999874 0.0123187 -0.803586 -0.978545 -0.0123187 0.205667 84.6473
0.181921 -0.014334 0.983209 2.9373 -0.014334 0.999749 0.0172273 -0.805394 -0.983209 -0.0172273 0.18167 84.7044
0.162337 -0.0194956 0.986543 3.34483 -0.0194956 0.999546 0.0229606 -0.793088 -0.986543 -0.0229606 0.161884 84.7409
0.143289 -0.0210096 0.989458 3.758 -0.0210096 0.999485 0.024265 -0.776275 -0.989458 -0.024265 0.142774 84.7821
0.125604 -0.0188448 0.991901 4.1738 -0.0188448 0.999594 0.0213772 -0.76463 -0.991901 -0.0213772 0.125198 84.8325
0.110123 -0.0180951 0.993753 4.56074 -0.0180951 0.999632 0.0202074 -0.762521 -0.993753 -0.0202074 0.109755 84.8724
0.095548 -0.0181769 0.995259 4.9618 -0.0181769 0.999635 0.0200019 -0.759545 -0.995259 -0.0200019 0.0951827 84.9037
0.0823735 -0.0203455 0.996394 5.39364 -0.0203455 0.999549 0.0220919 -0.758563 -0.996394 -0.0220919 0.0819224 84.9234
0.0706028 -0.0233352 0.997232 5.85525 -0.0233352 0.999414 0.0250384 -0.755813 -0.997232 -0.0250384 0.0700169 84.9485
0.0606731 -0.0261544 0.997815 6.32964 -0.0261544 0.999272 0.0277829 -0.748789 -0.997815 -0.0277829 0.0599449 84.9626
0.052212 -0.0276763 0.998252 6.83353 -0.0276763 0.999192 0.0291499 -0.740536 -0.998252 -0.0291499 0.0514038 84.9892
0.0444339 -0.0294956 0.998577 7.36776 -0.0294956 0.99909 0.0308232 -0.725309 -0.998577 -0.0308232 0.0435235 85.0275
0.0381826 -0.029056 0.998848 7.91369 -0.029056 0.999122 0.0301747 -0.708518 -0.998848 -0.0301747 0.0373049 85.0527
0.0333689 -0.0297615 0.999 8.4524 -0.0297615 0.999084 0.0307581 -0.693732 -0.999 -0.0307581 0.0324526 85.06
0.0271893 -0.0287876 0.999216 9.02024 -0.0287876 0.999148 0.0295689 -0.683171 -0.999216 -0.0295689 0.0263374 85.0943
0.0237683 -0.0294508 0.999284 9.62035 -0.0294508 0.999112 0.0301462 -0.66757 -0.999284 -0.0301462 0.0228799 85.1112
0.020329 -0.0291475 0.999368 10.2343 -0.0291475 0.999133 0.0297336 -0.651962 -0.999368 -0.0297336 0.0194618 85.1275
0.0177983 -0.03793 0.999122 10.8785 -0.03793 0.998535 0.0385834 -0.641201 -0.999122 -0.0385834 0.0163335 85.1233
0.0188589 -0.0424859 0.998919 11.5521 -0.0424859 0.99816 0.0432557 -0.610303 -0.998919 -0.0432557 0.0170191 85.1114
0.01997 -0.0437758 0.998842 12.2188 -0.0437758 0.998045 0.0446161 -0.582689 -0.998842 -0.0446161 0.0180146 85.1229
0.0223768 -0.0437716 0.998791 12.9108 -0.0437716 0.99804 0.0447194 -0.552735 -0.998791 -0.0447194 0.020417 85.1431
0.0278634 -0.047941 0.998461 13.6132 -0.047941 0.997636 0.0492392 -0.525945 -0.998461 -0.0492392 0.0254992 85.1449
0.0340863 -0.0499564 0.99817 14.329 -0.0499564 0.997416 0.0516247 -0.487346 -0.99817 -0.0516247 0.0315025 85.1458
0.037961 -0.0499974 0.998028 15.0773 -0.0499974 0.997402 0.0518677 -0.45091 -0.998028 -0.0518677 0.0353626 85.1792
0.0402354 -0.048783 0.997999 15.8122 -0.048783 0.99752 0.0507263 -0.410985 -0.997999 -0.0507263 0.0377559 85.2266
0.0440959 -0.046275 0.997955 16.567 -0.046275 0.99776 0.0483106 -0.376523 -0.997955 -0.0483106 0.0418558 85.2641
0.0477978 -0.0452345 0.997832 17.353 -0.0452345 0.997851 0.0474022 -0.340009 -0.997832 -0.0474022 0.0456489 85.3093
0.0518154 -0.0410499 0.997813 18.131 -0.0410499 0.998223 0.0431985 -0.314878 -0.997813 -0.0431985 0.0500382 85.3608
0.0556616 -0.0377257 0.997737 18.9395 -0.0377257 0.998493 0.0398589 -0.300316 -0.997737 -0.0398589 0.0541544 85.4075
0.0566883 -0.0315986 0.997892 19.7778 -0.0315986 0.998942 0.0334269 -0.271033 -0.997892 -0.0334269 0.0556298 85.467
0.056475 -0.0294448 0.99797 20.5902 -0.0294448 0.999081 0.0311439 -0.242988 -0.99797 -0.0311439 0.0555561 85.5212
0.0541248 -0.0269304 0.998171 21.3843 -0.0269304 0.999233 0.0284194 -0.226751 -0.998171 -0.0284194 0.0533581 85.607
0.0554074 -0.0256293 0.998135 22.1924 -0.0256293 0.999305 0.027082 -0.215029 -0.998135 -0.027082 0.054712 85.6442
0.0545817 -0.0258521 0.998175 23.0169 -0.0258521 0.999293 0.0272947 -0.201093 -0.998175 -0.0272947 0.0538748 85.7011
0.054086 -0.0231438 0.998268 23.8549 -0.0231438 0.999434 0.0244247 -0.18507 -0.998268 -0.0244247 0.0535197 85.7771
0.0537794 -0.0219684 0.998311 24.6587 -0.0219684 0.99949 0.0231778 -0.181525 -0.998311 -0.0231778 0.0532694 85.8337
0.0537561 -0.0180218 0.998391 25.4935 -0.0180218 0.999657 0.019015 -0.174773 -0.998391 -0.019015 0.0534128 85.8903
0.0508098 -0.0100604 0.998658 26.2953 -0.0100604 0.999893 0.0105847 -0.181896 -0.998658 -0.0105847 0.0507031 85.9788
0.0481509 -0.00979495 0.998792 27.0791 -0.00979495 0.999899 0.010278 -0.177698 -0.998792 -0.010278 0.0480501 86.0082
0.0422497 -0.00785529 0.999076 27.8594 -0.00785529 0.999936 0.00819423 -0.170792 -0.999076 -0.00819423 0.0421853 86.0592
0.0359819 -0.00390688 0.999345 28.6694 -0.00390688 0.999984 0.00405005 -0.169074 -0.999345 -0.00405005 0.035966 86.1163
0.0293135 0.000305087 0.99957 29.4512 0.000305087 1 -0.000314165 -0.183917 -0.99957 0.000314165 0.0293134 86.1476
0.021754 -0.000759936 0.999763 30.2635 -0.000759936 0.999999 0.000776652 -0.194864 -0.999763 -0.000776652 0.0217534 86.165
0.0136731 -0.00039568 0.999906 31.0787 -0.00039568 1 0.000401127 -0.213263 -0.999906 -0.000401127 0.0136729 86.1609
0.00311453 0.000296921 0.999995 31.9285 0.000296921 1 -0.000297847 -0.213495 -0.999995 0.000297847 0.00311444 86.182
-0.00768226 -0.000458175 0.99997 32.7932 -0.000458175 1 0.000454668 -0.22367 -0.99997 -0.000454668 -0.00768247 86.1895
-0.0182386 0.00201044 0.999832 33.6272 0.00201044 0.999996 -0.00197409 -0.24555 -0.999832 0.00197409 -0.0182426 86.164
-0.0293463 0.000607674 0.999569 34.4666 0.000607674 1 -0.000590095 -0.259735 -0.999569 0.000590095 -0.0293467 86.1356
-0.0406197 0.000929883 0.999174 35.3213 0.000929883 0.999999 -0.000892848 -0.271348 -0.999174 0.000892848 -0.0406206 86.1037
-0.0516698 0.000905725 0.998664 36.1503 0.000905725 0.999999 -0.000860075 -0.284662 -0.998664 0.000860075 -0.0516706 86.0572
-0.0624358 0.00175674 0.998047 36.9492 0.00175674 0.999997 -0.00165027 -0.297142 -0.998047 0.00165027 -0.0624387 86.0102
-0.0728739 0.0012658 0.99734 37.7608 0.0012658 0.999999 -0.00117669 -0.310751 -0.99734 0.00117669 -0.0728754 85.947
-0.082758 0.000440402 0.99657 38.5777 0.000440402 1 -0.000405346 -0.320048 -0.99657 0.000405346 -0.0827582 85.888
-0.0922092 0.000397206 0.99574 39.3624 0.000397206 1 -0.000362123 -0.333058 -0.99574 0.000362123 -0.0922094 85.8072
-0.101922 -0.000357575 0.994792 40.1216 -0.000357575 1 0.000322811 -0.341292 -0.994792 -0.000322811 -0.101922 85.7331
-0.111061 -0.0015999 0.993812 40.9124 -0.0015999 0.999998 0.00143107 -0.343697 -0.993812 -0.00143107 -0.111063 85.6609
-0.123874 -0.00518619 0.992284 41.6728 -0.00518619 0.999976 0.00457896 -0.355721 -0.992284 -0.00457896 -0.123898 85.5678
-0.123874 -0.00518619 0.992284 42.4332 -0.00518619 0.999976 0.00457896 -0.367745 -0.992284 -0.00457896 -0.123898 85.4746
-0.123568 -0.0192199 0.99215 43.1814 -0.0192199 0.999671 0.0169719 -0.33257 -0.99215 -0.0169719 -0.123896 85.3422
-0.126188 -0.0199789 0.991805 43.9055 -0.0199789 0.999646 0.0175949 -0.33743 -0.991805 -0.0175949 -0.126543 85.2459
-0.128401 -0.0204511 0.991511 44.6291 -0.0204511 0.999629 0.0179701 -0.33546 -0.991511 -0.0179701 -0.128772 85.1614
-0.130376 -0.021074 0.991241 45.3211 -0.021074 0.999607 0.01848 -0.335942 -0.991241 -0.01848 -0.130769 85.085
-0.123284 -0.0247207 0.992063 46.0568 -0.0247207 0.999456 0.0218328 -0.339649 -0.992063 -0.0218328 -0.123828 84.965
-0.123284 -0.0247207 0.992063 46.7925 -0.0247207 0.999456 0.0218328 -0.343356 -0.992063 -0.0218328 -0.123828 84.845
-0.115983 -0.0265396 0.992897 47.5 -0.0265396 0.999369 0.0236124 -0.353242 -0.992897 -0.0236124 -0.116614 84.7396
-0.107099 -0.0266427 0.993891 48.1811 -0.0266427 0.999359 0.0239184 -0.348333 -0.993891 -0.0239184 -0.10774 84.6628
-0.0958415 -0.0260871 0.995055 48.8341 -0.0260871 0.999379 0.0236878 -0.344772 -0.995055 -0.0236878 -0.0964625 84.6068
-0.082517 -0.0246196 0.996286 49.4586 -0.0246196 0.99944 0.0226584 -0.353143 -0.996286 -0.0226584 -0.0830769 84.575
-0.0649947 -0.0238339 0.997601 50.0533 -0.0238339 0.999467 0.0223256 -0.350544 -0.997601 -0.0223256 -0.0655281 84.5466
-0.0439471 -0.021677 0.998799 50.6187 -0.021677 0.99955 0.0207395 -0.356534 -0.998799 -0.0207395 -0.0443972 84.5433
-0.0187797 -0.0199071 0.999625 51.1541 -0.0199071 0.999611 0.0195328 -0.358742 -0.999625 -0.0195328 -0.0191687 84.5412
0.00964101 -0.0167074 0.999814 51.6747 -0.0167074 0.999718 0.0168669 -0.354043 -0.999814 -0.0168669 0.00935915 84.5597
0.0424997 -0.0151003 0.998982 52.167 -0.0151003 0.999762 0.0157545 -0.351544 -0.998982 -0.0157545 0.0422615 84.6035
0.0803471 -0.0148821 0.996656 52.631 -0.0148821 0.999759 0.0161282 -0.34915 -0.996656 -0.0161282 0.0801063 84.6604
0.122409 -0.0137278 0.992385 53.0868 -0.0137278 0.999785 0.0155235 -0.343336 -0.992385 -0.0155235 0.122195 84.7421
0.167218 -0.0117808 0.985849 53.5668 -0.0117808 0.999833 0.0139462 -0.344389 -0.985849 -0.0139462 0.167052 84.855
0.21495 -0.00790362 0.976593 54.0565 -0.00790362 0.99992 0.00983201 -0.344862 -0.976593 -0.00983201 0.214871 85.0059
0.266959 -0.00618593 0.963688 54.5486 -0.00618593 0.999948 0.0081323 -0.343501 -0.963688 -0.0081323 0.266907 85.1742
0.320638 4.71781e-005 0.947202 54.9869 4.71781e-005 1 -6.57781e-005 -0.34162 -0.947202 6.57781e-005 0.320638 85.3934
0.457432 -0.00696956 0.889217 55.5181 -0.00696956 0.99991 0.0114224 -0.328762 -0.889217 -0.0114224 0.457342 85.4702
0.457432 -0.00696956 0.889217 56.0493 -0.00696956 0.99991 0.0114224 -0.315903 -0.889217 -0.0114224 0.457342 85.5469
0.58467 -0.00914008 0.81122 56.4938 -0.00914008 0.999799 0.0178523 -0.26174 -0.81122 -0.0178523 0.584469 85.7847
0.58467 -0.00914008 0.81122 56.9384 -0.00914008 0.999799 0.0178523 -0.207577 -0.81122 -0.0178523 0.584469 86.0226
0.640077 -0.00780546 0.768271 57.2793 -0.00780546 0.999831 0.0166611 -0.200305 -0.768271 -0.0166611 0.639908 86.3562
0.691879 -0.00750309 0.721974 57.5916 -0.00750309 0.999817 0.0175809 -0.193016 -0.721974 -0.0175809 0.691696 86.6969
0.739033 -0.00754025 0.673627 57.8489 -0.00754025 0.999782 0.0194634 -0.186207 -0.673627 -0.0194634 0.738815 87.044
0.782743 -0.00842277 0.622288 58.0666 -0.00842277 0.999673 0.0241253 -0.186285 -0.622288 -0.0241253 0.782416 87.3821
0.822369 -0.00896107 0.568884 58.267 -0.00896107 0.999548 0.0286989 -0.174188 -0.568884 -0.0286989 0.821917 87.7599
0.85785 -0.00929638 0.513815 58.4507 -0.00929638 0.999392 0.0336028 -0.167378 -0.513815 -0.0336028 0.857242 88.1318
0.887523 -0.00936394 0.460669 58.5947 -0.00936394 0.99922 0.0383515 -0.160495 -0.460669 -0.0383515 0.886743 88.519
0.912362 -0.00907371 0.409283 58.7496 -0.00907371 0.999061 0.0423758 -0.151502 -0.409283 -0.0423758 0.911423 88.9342
0.931682 -0.00829137 0.36318 58.8874 -0.00829137 0.998994 0.0440771 -0.142232 -0.36318 -0.0440771 0.930676 89.3868
0.946184 -0.00715431 0.32355 59.0017 -0.00715431 0.999049 0.0430128 -0.128182 -0.32355 -0.0430128 0.945233 89.8559
0.957432 -0.00588279 0.2886 59.1117 -0.00588279 0.999187 0.0398836 -0.107646 -0.2886 -0.0398836 0.956619 90.3457
0.966185 -0.00509829 0.2578 59.2055 -0.00509829 0.999231 0.0388684 -0.0925781 -0.2578 -0.0388684 0.965416 90.815
0.971758 -0.00474703 0.235932 59.2932 -0.00474703 0.999202 0.0396564 -0.0817457 -0.235932 -0.0396564 0.97096 91.2533
0.975405 -0.00453405 0.220375 59.387 -0.00453405 0.999164 0.0406252 -0.0715044 -0.220375 -0.0406252 0.974569 91.721
0.978087 -0.00408682 0.208156 59.4681 -0.00408682 0.999238 0.0388217 -0.0479859 -0.208156 -0.0388217 0.977325 92.2211
0.980014 -0.00376098 0.198892 59.555 -0.00376098 0.999292 0.0374281 -0.0255256 -0.198892 -0.0374281 0.979307 92.7012
0.981369 -0.00334846 0.192101 59.6539 -0.00334846 0.999398 0.0345261 -0.00252496 -0.192101 -0.0345261 0.980768 93.2095
0.981867 -0.00291676 0.189547 59.7333 -0.00291676 0.999531 0.0304898 0.00629233 -0.189547 -0.0304898 0.981398 93.7545
0.981948 -0.0026673 0.189133 59.8317 -0.0026673 0.999606 0.0279455 0.0119348 -0.189133 -0.0279455 0.981554 94.3009
0.981583 -0.00238892 0.191019 59.9427 -0.00238892 0.99969 0.0247782 0.0230096 -0.191019 -0.0247782 0.981274 94.8549
0.980978 -0.00183811 0.194108 60.0697 -0.00183811 0.999822 0.0187572 0.0426021 -0.194108 -0.0187572 0.980801 95.3925
0.979746 -0.00133376 0.200241 60.159 -0.00133376 0.999912 0.0131861 0.064128 -0.200241 -0.0131861 0.979658 95.9554
0.97764 -0.00170658 0.21028 60.2537 -0.00170658 0.99987 0.0160489 0.066674 -0.21028 -0.0160489 0.977509 96.434
0.97764 -0.00170658 0.21028 60.3484 -0.00170658 0.99987 0.0160489 0.06922 -0.21028 -0.0160489 0.977509 96.9126
0.97644 -0.00226979 0.215779 60.4458 -0.00226979 0.999781 0.020788 0.073967 -0.215779 -0.020788 0.976221 97.4212
0.975693 -0.00306055 0.219119 60.5694 -0.00306055 0.999615 0.0275902 0.0764221 -0.219119 -0.0275902 0.975308 97.9549
0.974734 -0.00372715 0.223339 60.6923 -0.00372715 0.99945 0.0329458 0.0825884 -0.223339 -0.0329458 0.974184 98.5196
0.974588 -0.00398203 0.223972 60.8502 -0.00398203 0.999376 0.0350954 0.0962992 -0.223972 -0.0350954 0.973964 99.1064
0.974595 -0.0030386 0.223953 61.0032 -0.0030386 0.999637 0.0267865 0.109377 -0.223953 -0.0267865 0.974232 99.7655
0.974595 -0.0030386 0.223953 61.1563 -0.0030386 0.999637 0.0267865 0.122454 -0.223953 -0.0267865 0.974232 100.425
0.975133 -0.00230499 0.221609 61.3188 -0.00230499 0.999786 0.0205414 0.134821 -0.221609 -0.0205414 0.974919 101.08
0.975551 -0.00175713 0.219765 61.4441 -0.00175713 0.999874 0.0157945 0.14986 -0.219765 -0.0157945 0.975425 101.724
0.976041 -0.00220559 0.217576 61.5798 -0.00220559 0.999797 0.0200292 0.162697 -0.217576 -0.0200292 0.975838 102.364
0.976353 -0.00303106 0.216163 61.7266 -0.00303106 0.999611 0.0277073 0.178181 -0.216163 -0.0277073 0.975964 103.026
0.977042 -0.00349968 0.213017 61.8832 -0.00349968 0.999467 0.0324723 0.193945 -0.213017 -0.0324723 0.976509 103.717
0.97781 -0.00338658 0.209464 62.0556 -0.00338658 0.999483 0.0319685 0.202169 -0.209464 -0.0319685 0.977294 104.435
0.97832 -0.0027723 0.207079 62.2051 -0.0027723 0.999645 0.0264804 0.220045 -0.207079 -0.0264804 0.977966 105.189
0.979367 -0.00222753 0.202076 62.3663 -0.00222753 0.99976 0.0218165 0.232641 -0.202076 -0.0218165 0.979127 105.936
0.980139 -0.00188756 0.1983 62.5091 -0.00188756 0.999821 0.0188466 0.247999 -0.1983 -0.0188466 0.97996 106.657
0.980982 -0.00207349 0.194088 62.6571 -0.00207349 0.999774 0.0211609 0.256642 -0.194088 -0.0211609 0.980756 107.356
0.981524 -0.00225952 0.191327 62.7941 -0.00225952 0.999724 0.023398 0.267223 -0.191327 -0.023398 0.981247 108.091
0.98165 -0.00247495 0.190673 62.9242 -0.00247495 0.999666 0.0257177 0.277397 -0.190673 -0.0257177 0.981317 108.842
0.982153 -0.00274984 0.188062 63.0875 -0.00274984 0.999576 0.0289768 0.28663 -0.188062 -0.0289768 0.98173 109.595
0.982268 -0.00292609 0.187461 63.2386 -0.00292609 0.999517 0.0309338 0.306997 -0.187461 -0.0309338 0.981785 110.381
0.983016 -0.00312068 0.183491 63.4205 -0.00312068 0.999427 0.0337159 0.308812 -0.183491 -0.0337159 0.982443 111.13
0.982689 -0.00245793 0.185248 63.5613 -0.00245793 0.999651 0.0263023 0.330914 -0.185248 -0.0263023 0.98234 111.967
0.982689 -0.00245793 0.185248 63.7021 -0.00245793 0.999651 0.0263023 0.353016 -0.185248 -0.0263023 0.98234 112.805
0.982312 -0.00214718 0.187238 63.8308 -0.00214718 0.999739 0.0227295 0.374031 -0.187238 -0.0227295 0.982052 113.614
0.981852 -0.00216267 0.189638 63.9798 -0.00216267 0.999742 0.0225985 0.38188 -0.189638 -0.0225985 0.981594 114.404
0.981055 -0.00220526 0.193719 64.1173 -0.00220526 0.999743 0.022549 0.405179 -0.193719 -0.022549 0.980798 115.221
0.981141 -0.00216066 0.193279 64.3104 -0.00216066 0.999752 0.0221443 0.412163 -0.193279 -0.0221443 0.980894 115.998
0.980539 -0.0022296 0.19631 64.486 -0.0022296 0.999745 0.0224912 0.419247 -0.19631 -0.0224912 0.980284 116.869
0.980539 -0.0022296 0.19631 64.6616 -0.0022296 0.999745 0.0224912 0.42633 -0.19631 -0.0224912 0.980284 117.741
0.980463 -0.00221059 0.196691 64.8293 -0.00221059 0.99975 0.0222555 0.445154 -0.196691 -0.0222555 0.980213 118.609
0.98005 -0.00220756 0.19874 64.9894 -0.00220756 0.999756 0.0219912 0.457349 -0.19874 -0.0219912 0.979805 119.447
0.979563 -0.0024098 0.201123 65.1463 -0.0024098 0.999716 0.0237152 0.476073 -0.201123 -0.0237152 0.979279 120.256
0.979493 -0.00298559 0.201454 65.317 -0.00298559 0.999565 0.02933 0.484888 -0.201454 -0.02933 0.979059 121.071
0.979416 -0.00334636 0.201825 65.4903 -0.00334636 0.999456 0.0328107 0.492084 -0.201825 -0.0328107 0.978872 121.915
0.979157 -0.00149463 0.203097 65.6847 -0.00149463 0.999893 0.0145642 0.500582 -0.203097 -0.0145642 0.97905 122.846
0.979157 -0.00149463 0.203097 65.8792 -0.00149463 0.999893 0.0145642 0.509081 -0.203097 -0.0145642 0.97905 123.778
0.979125 -0.000670963 0.203257 66.0637 -0.000670963 0.999978 0.00653313 0.5145 -0.203257 -0.00653313 0.979104 124.681
0.979226 -0.00156584 0.202766 66.2405 -0.00156584 0.999882 0.0152834 0.524453 -0.202766 -0.0152834 0.979108 125.554
0.979499 -0.00367807 0.201416 66.4088 -0.00367807 0.99934 0.0361357 0.530129 -0.201416 -0.0361357 0.978839 126.399
0.97959 -0.00514542 0.200941 66.5786 -0.00514542 0.998703 0.0506575 0.536252 -0.200941 -0.0506575 0.978293 127.273
0.979598 -0.00449817 0.200917 66.7459 -0.00449817 0.999008 0.0442974 0.558 -0.200917 -0.0442974 0.978606 128.177
0.979816 -0.00275365 0.199884 66.9054 -0.00275365 0.999624 0.0272692 0.584771 -0.199884 -0.0272692 0.97944 129.06
0.979455 -0.00196314 0.201651 67.0393 -0.00196314 0.999812 0.0192689 0.611416 -0.201651 -0.0192689 0.979268 129.917
0.979185 -0.00187216 0.202961 67.1831 -0.00187216 0.999832 0.018255 0.632966 -0.202961 -0.018255 0.979017 130.743
0.978602 -0.00186123 0.205752 67.2903 -0.00186123 0.999838 0.0178969 0.64921 -0.205752 -0.0178969 0.97844 131.543
0.978367 -0.00175341 0.20687 67.4113 -0.00175341 0.999858 0.0167672 0.646119 -0.20687 -0.0167672 0.978225 132.373
0.979639 -0.00158634 0.200762 67.5812 -0.00158634 0.999876 0.0156413 0.644766 -0.200762 -0.0156413 0.979515 133.163
0.980402 -0.00127622 0.197002 67.7318 -0.00127622 0.999917 0.0128289 0.644281 -0.197002 -0.0128289 0.980319 134.007
0.980402 -0.00127622 0.197002 67.8823 -0.00127622 0.999917 0.0128289 0.643797 -0.197002 -0.0128289 0.980319 134.851
0.979965 -0.00167571 0.199163 67.9926 -0.00167571 0.99986 0.0166577 0.617819 -0.199163 -0.0166577 0.979825 135.671
0.980169 -0.00213465 0.19815 68.1521 -0.00213465 0.99977 0.0213296 0.624297 -0.19815 -0.0213296 0.97994 136.496
0.980713 -0.00214103 0.19544 68.3332 -0.00214103 0.999762 0.021696 0.631789 -0.19544 -0.021696 0.980476 137.347
0.981323 -0.00187579 0.192359 68.5002 -0.00187579 0.999812 0.019319 0.635511 -0.192359 -0.019319 0.981134 138.176
0.982086 -0.00153225 0.188425 68.6382 -0.00153225 0.999869 0.016117 0.647465 -0.188425 -0.016117 0.981955 138.98
0.983348 -0.00143663 0.181729 68.7877 -0.00143663 0.999876 0.015678 0.651163 -0.181729 -0.015678 0.983224 139.751
0.984643 -0.00194959 0.174567 68.8904 -0.00194959 0.999752 0.0221621 0.648771 -0.174567 -0.0221621 0.984396 140.5
0.985571 -0.0026 0.169242 68.9964 -0.0026 0.999531 0.0304963 0.65159 -0.169242 -0.0304963 0.985103 141.234
0.986117 -0.00332798 0.166021 69.0901 -0.00332798 0.999202 0.0397968 0.661326 -0.166021 -0.0397968 0.985319 141.937
0.986873 -0.00324937 0.161465 69.2036 -0.00324937 0.999196 0.0399681 0.690193 -0.161465 -0.0399681 0.986069 142.667
0.987479 -0.00276144 0.157724 69.3051 -0.00276144 0.999391 0.0347862 0.704863 -0.157724 -0.0347862 0.98687 143.43
0.98852 -0.00185637 0.151082 69.4148 -0.00185637 0.9997 0.0244296 0.720769 -0.151082 -0.0244296 0.988219 144.221
0.989267 -0.00149813 0.146113 69.5066 -0.00149813 0.999791 0.0203943 0.725924 -0.146113 -0.0203943 0.989058 144.985
0.989966 -0.00146894 0.141296 69.5791 -0.00146894 0.999785 0.0206858 0.742407 -0.141296 -0.0206858 0.989751 145.721
0.991004 -0.0015459 0.13382 69.6651 -0.0015459 0.999734 0.0229971 0.745917 -0.13382 -0.0229971 0.990739 146.468
0.991827 -0.00128678 0.127586 69.7247 -0.00128678 0.999797 0.0200867 0.751913 -0.127586 -0.0200867 0.991624 147.238
0.993046 -0.000812203 0.117723 69.8048 -0.000812203 0.999905 0.0137499 0.755611 -0.117723 -0.0137499 0.992951 147.988
0.993983 -0.000619993 0.109534 69.8786 -0.000619993 0.999936 0.0112861 0.762121 -0.109534 -0.0112861 0.993919 148.714
0.99483 -0.000703584 0.101556 69.9444 -0.000703584 0.999904 0.0138196 0.768197 -0.101556 -0.0138196 0.994734 149.451
0.995632 -0.000960335 0.0933558 70.0114 -0.000960335 0.999789 0.0205266 0.769109 -0.0933558 -0.0205266 0.995421 150.208
0.996345 -0.00109143 0.0854143 70.0592 -0.00109143 0.999674 0.0255054 0.77421 -0.0854143 -0.0255054 0.996019 150.996
0.996921 -0.00111882 0.078406 70.1078 -0.00111882 0.999593 0.0284895 0.784336 -0.078406 -0.0284895 0.996514 151.804
0.997432 -0.00108909 0.0716098 70.1653 -0.00108909 0.999538 0.0303713 0.795965 -0.0716098 -0.0303713 0.99697 152.624
0.997696 -0.000982936 0.0678426 70.2054 -0.000982936 0.999581 0.0289375 0.798531 -0.0678426 -0.0289375 0.997276 153.411
0.998048 -0.000741225 0.0624402 70.2561 -0.000741225 0.999718 0.0237154 0.802218 -0.0624402 -0.0237154 0.997767 154.207
0.99824 -0.000485492 0.0593098 70.2865 -0.000485492 0.999866 0.0163559 0.814514 -0.0593098 -0.0163559 0.998106 155.007
0.998407 -0.000379301 0.0564265 70.3215 -0.000379301 0.99991 0.0134328 0.827261 -0.0564265 -0.0134328 0.998316 155.777
0.998589 -0.000495108 0.0530927 70.3575 -0.000495108 0.999826 0.0186359 0.839885 -0.0530927 -0.0186359 0.998416 156.56
0.998715 -0.000731617 0.0506715 70.3876 -0.000731617 0.999583 0.0288523 0.848182 -0.0506715 -0.0288523 0.998299 157.374
0.99889 -0.000842747 0.0471031 70.4189 -0.000842747 0.99936 0.0357518 0.85818 -0.0471031 -0.0357518 0.99825 158.181
0.999072 -0.000697106 0.043071 70.4382 -0.000697106 0.999476 0.0323466 0.870363 -0.043071 -0.0323466 0.998548 159.018
0.999282 -0.000427746 0.0378963 70.4616 -0.000427746 0.999745 0.0225635 0.884354 -0.0378963 -0.0225635 0.999027 159.825
0.999539 -0.00026717 0.0303593 70.4943 -0.00026717 0.999845 0.0175951 0.901408 -0.0303593 -0.0175951 0.999384 160.602
0.999738 -0.000219202 0.0228943 70.504 -0.000219202 0.999817 0.0191448 0.908628 -0.0228943 -0.0191448 0.999555 161.409
0.999884 -0.000193863 0.0152485 70.5075 -0.000193863 0.999677 0.0254215 0.91246 -0.0152485 -0.0254215 0.999561 162.229
0.999974 -9.74464e-005 0.00719057 70.527 -9.74464e-005 0.999633 0.0270986 0.955791 -0.00719057 -0.0270986 0.999607 163.072
1 -1.45225e-005 0.000941387 70.5399 -1.45225e-005 0.999524 0.030846 0.976035 -0.000941387 -0.030846 0.999524 163.886
0.999991 6.19199e-005 -0.00417019 70.5186 6.19199e-005 0.999559 0.0296897 1.00217 0.00417019 -0.0296897 0.99955 164.729
0.999942 0.000122104 -0.010802 70.5122 0.000122104 0.999744 0.022604 1.00854 0.010802 -0.022604 0.999686 165.564
0.999838 0.000109852 -0.0179847 70.4978 0.000109852 0.999925 0.0122148 1.01787 0.0179847 -0.0122148 0.999764 166.373
0.999717 9.46916e-005 -0.0237789 70.4787 9.46916e-005 0.999968 0.00796309 1.0249 0.0237789 -0.00796309 0.999686 167.152
0.999542 0.000236104 -0.0302681 70.474 0.000236104 0.999878 0.0155964 1.01072 0.0302681 -0.0155964 0.99942 167.901
0.999371 0.000514107 -0.0354556 70.432 0.000514107 0.99958 0.0289848 1.02026 0.0354556 -0.0289848 0.998951 168.679
0.999214 0.000730575 -0.0396278 70.3802 0.000730575 0.999321 0.0368448 1.02768 0.0396278 -0.0368448 0.998535 169.487
0.999036 0.000737666 -0.0438923 70.3478 0.000737666 0.999436 0.0335869 1.04385 0.0438923 -0.0335869 0.998472 170.326
0.998965 0.000518748 -0.0454896 70.2944 0.000518748 0.99974 0.0227926 1.05957 0.0454896 -0.0227926 0.998705 171.193
0.998871 0.000329475 -0.0474983 70.2207 0.000329475 0.999904 0.0138646 1.07289 0.0474983 -0.0138646 0.998775 172.048
0.998813 0.000251067 -0.0487145 70.1628 0.000251067 0.999947 0.0103013 1.07796 0.0487145 -0.0103013 0.99876 172.873
0.998688 0.000364138 -0.0512064 70.1298 0.000364138 0.999899 0.0142123 1.08945 0.0512064 -0.0142123 0.998587 173.672
0.998669 0.000594152 -0.0515729 70.0895 0.000594152 0.999735 0.0230229 1.09305 0.0515729 -0.0230229 0.998404 174.495
0.99864 0.000738573 -0.0521325 70.0476 0.000738573 0.999599 0.0283095 1.10614 0.0521325 -0.0283095 0.998239 175.352
0.998518 0.000735494 -0.0544091 70.0064 0.000735494 0.999635 0.0270107 1.12256 0.0544091 -0.0270107 0.998153 176.223
0.998428 0.000491102 -0.0560415 69.9545 0.000491102 0.999847 0.0175113 1.13276 0.0560415 -0.0175113 0.998275 177.092
0.998309 0.000157415 -0.0581378 69.9175 0.000157415 0.999985 0.00541061 1.13558 0.0581378 -0.00541061 0.998294 177.931
0.997979 3.80622e-005 -0.0635524 69.9273 3.80622e-005 0.999999 0.00119661 1.13529 0.0635524 -0.00119661 0.997978 178.741
0.997842 0.000567021 -0.0656619 69.8728 0.000567021 0.999851 0.017251 1.13167 0.0656619 -0.017251 0.997693 179.487
0.997842 0.000567021 -0.0656619 69.8183 0.000567021 0.999851 0.017251 1.12804 0.0656619 -0.017251 0.997693 180.232
0.997691 0.000693567 -0.0679191 69.7674 0.000693567 0.999792 0.0203976 1.12886 0.0679191 -0.0203976 0.997482 181.008
0.9978 0.000529259 -0.0663 69.6887 0.000529259 0.999873 0.015947 1.13586 0.0663 -0.015947 0.997672 181.812
0.997674 0.000319817 -0.0681715 69.6447 0.000319817 0.999956 0.00937158 1.14314 0.0681715 -0.00937158 0.99763 182.648
0.997685 0.000316453 -0.0680113 69.5741 0.000316453 0.999957 0.00929493 1.14445 0.0680113 -0.00929493 0.997641 183.506
