0.999993 -0.00137303 -0.00338692 -0.00631493 0.00136543 0.999997 -0.0022434 -0.0012479 0.00338999 0.00223876 0.999992 0.698142
0.999969 0.00150517 -0.00770404 -0.0155283 -0.00153926 0.999989 -0.00442198 0.00541658 0.0076973 0.0044337 0.999961 1.40685
0.999936 0.000624726 -0.0112949 -0.0351166 -0.000691542 0.999982 -0.00591268 0.000723345 0.011291 0.00592011 0.999919 2.13015
0.999867 0.00236063 -0.016125 -0.054206 -0.00247005 0.999974 -0.00676944 -0.00344385 0.0161086 0.00680837 0.999847 2.86377
0.999808 -0.000416222 -0.0196124 -0.0823223 0.000279437 0.999976 -0.00697666 -0.0141452 0.0196148 0.00696984 0.999783 3.60492
0.999693 0.00244994 -0.0246709 -0.10532 -0.00264368 0.999966 -0.00782345 -0.0271493 0.0246509 0.00788626 0.999665 4.36124
0.999528 0.00287523 -0.0305983 -0.126812 -0.00313042 0.999961 -0.00829515 -0.0371234 0.0305733 0.00838702 0.999497 5.1367
0.999397 0.00122735 -0.0347034 -0.165407 -0.00146442 0.999976 -0.00680663 -0.0448722 0.0346942 0.00685335 0.999374 5.92485
0.999229 7.98741e-006 -0.0392667 -0.201387 -0.000156492 0.999993 -0.00377887 -0.0575968 0.0392664 0.0037821 0.999222 6.72963
0.999093 -0.000295307 -0.0425808 -0.244855 0.000261559 1 -0.000798143 -0.0739636 0.042581 0.000786282 0.999093 7.57278
0.999015 0.00285147 -0.0442917 -0.303329 -0.00292273 0.999995 -0.00154429 -0.0811687 0.044287 0.00167222 0.999017 8.43355
0.998911 -0.00111289 -0.0466506 -0.345325 0.00104321 0.999998 -0.00151805 -0.0910842 0.0466522 0.00146773 0.99891 9.29698
0.998845 -0.00272364 -0.0479676 -0.395727 0.0025985 0.999993 -0.00267095 -0.0919938 0.0479745 0.00254322 0.998845 10.1753
0.998746 -0.000514072 -0.0500537 -0.438644 0.000426594 0.999998 -0.00175836 -0.102652 0.0500545 0.0017348 0.998745 11.044
0.99866 -0.000601588 -0.0517493 -0.485374 0.00050262 0.999998 -0.00192544 -0.115573 0.0517504 0.00189685 0.998658 11.9397
0.998528 0.00136006 -0.0542131 -0.530524 -0.00158383 0.99999 -0.00408491 -0.127038 0.054207 0.00416476 0.998521 12.8398
0.998558 0.00120458 -0.053671 -0.604982 -0.00160569 0.999971 -0.00743114 -0.127174 0.0536605 0.0075066 0.998531 13.7403
0.998495 0.00565494 -0.0545579 -0.675336 -0.00613595 0.999944 -0.00865313 -0.140327 0.0545059 0.00897487 0.998473 14.6416
0.998408 -1.60138e-005 -0.0564013 -0.721338 -0.00046205 0.999964 -0.00846305 -0.151618 0.0563995 0.00847564 0.998372 15.5674
0.998404 -0.000371489 -0.0564662 -0.795924 -4.03783e-005 0.999973 -0.00729272 -0.164536 0.0564674 0.00728337 0.998378 16.5168
0.998323 -0.000345832 -0.057886 -0.852591 5.95225e-006 0.999983 -0.00587161 -0.179483 0.057887 0.00586142 0.998306 17.4491
0.998306 0.000385163 -0.0581774 -0.919577 -0.00074912 0.99998 -0.00623429 -0.187177 0.0581738 0.00626731 0.998287 18.3651
0.998233 0.000591404 -0.0594244 -0.985547 -0.00103468 0.999972 -0.00742902 -0.193618 0.0594183 0.00747737 0.998205 19.2878
0.998159 -0.00118151 -0.0606481 -1.03792 0.000673718 0.999965 -0.00839253 -0.205601 0.0606558 0.00833622 0.998124 20.1784
0.998121 -0.000583938 -0.0612757 -1.09463 0.000158693 0.999976 -0.0069445 -0.215969 0.0612783 0.00692172 0.998097 21.0871
0.998165 0.00173465 -0.0605289 -1.16395 -0.00195847 0.999991 -0.00363865 -0.2275 0.060522 0.00375052 0.99816 22.0042
0.998207 0.000901285 -0.0598527 -1.22395 -0.000913871 1 -0.000182913 -0.237545 0.0598525 0.000237283 0.998207 22.9518
0.99831 -0.00166447 -0.0580971 -1.28301 0.00179763 0.999996 0.0022398 -0.243512 0.0580931 -0.00234045 0.998308 23.9343
0.998266 -0.00187958 -0.0588308 -1.32036 0.00207922 0.999992 0.00333241 -0.253838 0.058824 -0.00344896 0.998262 24.9503
0.998399 -0.0029749 -0.0564921 -1.38066 0.00299841 0.999995 0.000331429 -0.253113 0.0564908 -0.000500285 0.998403 25.9599
0.99841 0.000804976 -0.0563561 -1.43677 -0.00105023 0.99999 -0.0043224 -0.263071 0.0563521 0.00437471 0.998401 26.9899
0.998487 0.00095547 -0.0549754 -1.49985 -0.00136896 0.999971 -0.00748412 -0.274725 0.0549666 0.00754805 0.99846 27.9677
0.998481 -0.00383391 -0.0549617 -1.53825 0.0034854 0.999973 -0.00643543 -0.289512 0.0549849 0.00623409 0.998468 28.901
0.998499 -0.00224772 -0.0547305 -1.59412 0.00216246 0.999996 -0.00161694 -0.301528 0.054734 0.00149616 0.9985 29.8672
0.99848 -0.00402678 -0.0549731 -1.64802 0.00412909 0.99999 0.00174757 -0.320371 0.0549655 -0.0019719 0.998486 30.8389
0.998453 -0.0059648 -0.0552801 -1.70198 0.00602064 0.999982 0.000843682 -0.333758 0.055274 -0.0011752 0.998471 31.8226
0.998407 -0.00267576 -0.0563573 -1.75622 0.00247517 0.99999 -0.00362884 -0.338754 0.0563664 0.00348357 0.998404 32.8088
0.998365 -0.000258722 -0.0571667 -1.82387 -0.000178767 0.999971 -0.00764763 -0.350907 0.057167 0.00764534 0.998335 33.758
0.998284 0.00189466 -0.058527 -1.88338 -0.00241481 0.999958 -0.00881803 -0.365669 0.0585079 0.00894423 0.998247 34.6601
0.998187 -0.00127685 -0.0601722 -1.92779 0.000845414 0.999974 -0.0071949 -0.38864 0.0601798 0.00713099 0.998162 35.6098
0.998177 0.00416815 -0.0602121 -2.00394 -0.00440997 0.999983 -0.00388387 -0.412812 0.0601948 0.00414232 0.998178 36.5665
0.997994 -0.00103448 -0.0632941 -2.04512 0.000885771 0.999997 -0.00237745 -0.432304 0.0632963 0.00231662 0.997992 37.5529
0.998019 0.00186651 -0.0628798 -2.13003 -0.0018337 0.999998 0.000579511 -0.445819 0.0628808 -0.000463061 0.998021 38.5584
0.998081 0.00143604 -0.061898 -2.18823 -0.001211 0.999993 0.00367299 -0.468496 0.0619028 -0.00359098 0.998076 39.5284
0.998096 0.00721287 -0.0612591 -2.28038 -0.00684658 0.999957 0.0061872 -0.472565 0.0613011 -0.00575601 0.998103 40.5865
0.998085 -0.0014859 -0.0618342 -2.34056 0.00184837 0.999981 0.00580504 -0.486861 0.0618245 -0.00590822 0.99807 41.6547
0.99811 0.00028643 -0.0614577 -2.41303 -4.32447e-005 0.999992 0.00395824 -0.486826 0.0614583 -0.0039481 0.998102 42.7432
0.998047 0.0054178 -0.0622383 -2.48694 -0.00532602 0.999984 0.00164044 -0.504685 0.0622462 -0.00130575 0.99806 43.8049
0.998022 0.000503669 -0.0628698 -2.56064 -0.000383435 0.999998 0.00192447 -0.523652 0.0628706 -0.00189656 0.99802 44.8527
0.998079 0.00112904 -0.0619507 -2.66474 -0.000930869 0.999994 0.00322759 -0.54008 0.061954 -0.00316372 0.998074 45.9523
0.998009 0.00038625 -0.0630678 -2.72896 -9.44654e-005 0.999989 0.00462943 -0.562631 0.0630689 -0.00461426 0.997999 47.0402
0.998016 0.0026425 -0.0628979 -2.82169 -0.00256788 0.999996 0.00126709 -0.575062 0.062901 -0.00110306 0.998019 48.1437
0.998064 0.00277374 -0.0621309 -2.92028 -0.00296162 0.999991 -0.00293211 -0.584285 0.0621222 0.00311044 0.998064 49.1797
0.998065 0.000922747 -0.0621748 -2.99587 -0.00117674 0.999991 -0.00404858 -0.599673 0.0621705 0.00411391 0.998057 50.2018
0.998028 -0.00217825 -0.0627371 -3.05609 0.00218142 0.999998 -1.79124e-005 -0.623774 0.062737 -0.000118979 0.99803 51.2259
0.998005 -0.00233688 -0.0630914 -3.11898 0.00250281 0.999994 0.00255099 -0.634075 0.0630851 -0.0027038 0.998004 52.2626
0.997991 -0.0017118 -0.0633343 -3.18427 0.00190142 0.999994 0.00293376 -0.645065 0.0633289 -0.00304829 0.997988 53.263
0.997933 -0.00392282 -0.0641367 -3.24226 0.00404969 0.99999 0.00184814 -0.664887 0.0641288 -0.00210405 0.997939 54.2703
0.997913 -0.000428819 -0.0645659 -3.31295 0.000477539 1 0.000739143 -0.682979 0.0645655 -0.000768433 0.997913 55.2656
0.997941 -0.000568518 -0.0641411 -3.39841 0.000661277 0.999999 0.00142496 -0.688674 0.0641402 -0.00146444 0.99794 56.2362
0.997786 -0.000739267 -0.0665027 -3.46034 0.00111432 0.999984 0.00560269 -0.703538 0.0664975 -0.00566439 0.997771 57.2298
0.997709 -0.0027119 -0.0676029 -3.52003 0.00340573 0.999943 0.0101502 -0.710107 0.0675715 -0.0103572 0.997661 58.2431
0.997617 0.00134904 -0.0689824 -3.58565 -0.000506137 0.999925 0.0122352 -0.711572 0.0689938 -0.0121711 0.997543 59.2743
0.997506 0.00412946 -0.0704558 -3.67174 -0.00354094 0.999958 0.00847599 -0.717974 0.0704878 -0.00820537 0.997479 60.3232
0.99743 0.00191421 -0.0716223 -3.75016 -0.00186538 0.999998 0.000748653 -0.725841 0.0716235 -0.000613126 0.997432 61.3307
0.99739 0.00255809 -0.0721583 -3.82878 -0.00285322 0.999988 -0.00398725 -0.735699 0.0721472 0.00418272 0.997385 62.2811
0.997179 0.00272615 -0.0750098 -3.88237 -0.00294808 0.999992 -0.00284819 -0.751024 0.0750014 0.00306129 0.997179 63.1991
0.997108 0.00309804 -0.0759305 -3.96186 -0.00312998 0.999995 -0.000301622 -0.768821 0.0759292 0.00053841 0.997113 64.1221
0.996944 0.00271229 -0.0780715 -4.0314 -0.00257385 0.999995 0.00187386 -0.79292 0.0780762 -0.00166719 0.996946 65.0377
0.996758 0.000587717 -0.0804515 -4.09607 -0.000448953 0.999998 0.00174289 -0.805405 0.0804524 -0.00170112 0.996757 65.9414
0.996698 0.00445462 -0.0810748 -4.19392 -0.00424515 0.999987 0.00275587 -0.820741 0.081086 -0.00240259 0.996704 66.8409
0.996554 0.00715264 -0.0826383 -4.29316 -0.00680959 0.999967 0.00443239 -0.853243 0.0826673 -0.00385438 0.99657 67.7386
0.996471 0.00136277 -0.0839321 -4.38023 -0.00096106 0.999988 0.0048264 -0.864086 0.0839377 -0.0047287 0.99646 68.6573
0.996313 -0.00100489 -0.0857818 -4.44883 0.00155209 0.999979 0.00631257 -0.881923 0.0857737 -0.00642244 0.996294 69.5486
0.996235 0.0023358 -0.0866635 -4.53225 -0.00155492 0.999958 0.00907691 -0.888481 0.0866811 -0.00890798 0.996196 70.4218
0.996142 0.000567256 -0.0877522 -4.6118 0.000578475 0.999915 0.0130305 -0.892007 0.0877521 -0.0130309 0.996057 71.2996
0.996069 0.00608324 -0.0883671 -4.71872 -0.0047762 0.999876 0.014995 -0.896663 0.0884473 -0.014514 0.995975 72.2462
0.996103 0.00457813 -0.0880795 -4.84536 -0.0036251 0.999933 0.010977 -0.902162 0.0881239 -0.0106149 0.996053 73.2106
0.99594 0.000605664 -0.0900229 -4.92812 -0.000255772 0.999992 0.00389818 -0.91746 0.0900246 -0.00385933 0.995932 74.1623
0.995841 -0.00120662 -0.0911023 -5.00606 0.00101716 0.999997 -0.00212609 -0.927516 0.0911046 0.00202458 0.995839 74.9826
0.995808 0.00556581 -0.091301 -5.10771 -0.00587506 0.999978 -0.00311875 -0.930396 0.0912817 0.00364207 0.995818 75.8119
0.995728 0.00329865 -0.0922769 -5.19768 -0.00325153 0.999994 0.00066096 -0.943079 0.0922786 -0.000358096 0.995733 76.6505
0.995565 -0.000941507 -0.094076 -5.26936 0.00119721 0.999996 0.0026616 -0.957266 0.094073 -0.00276242 0.995561 77.4487
0.995551 -0.00177224 -0.0942055 -5.35636 0.00168551 0.999998 -0.00100025 -0.970276 0.0942071 0.00083702 0.995552 78.2131
0.995518 -0.00859225 -0.0941831 -5.40776 0.00798657 0.999945 -0.00680599 -0.98943 0.0942364 0.00602329 0.995532 78.9305
0.995734 -0.00352452 -0.0922063 -5.48313 0.00242359 0.999924 -0.0120491 -1.00015 0.0922418 0.0117742 0.995667 79.6051
0.995976 0.000513232 -0.0896238 -5.5307 -0.00165142 0.999919 -0.0126259 -1.00519 0.0896101 0.0127231 0.995896 80.2383
0.996324 0.00301559 -0.085608 -5.59442 -0.00384738 0.999947 -0.00955295 -1.01525 0.0855746 0.0098472 0.996283 80.912
0.996721 -0.00152083 -0.0808952 -5.65037 0.00101356 0.99998 -0.00631137 -1.0345 0.0809031 0.00620868 0.996703 81.5874
0.997195 -0.00295032 -0.0747859 -5.69406 0.0027881 0.999994 -0.00227346 -1.04806 0.0747921 0.00205858 0.997197 82.2186
0.99778 -0.00341935 -0.0665047 -5.73318 0.00349497 0.999993 0.00102078 -1.06561 0.0665008 -0.00125094 0.997786 82.8824
0.998439 0.00257177 -0.0557938 -5.76573 -0.00251763 0.999996 0.00104069 -1.07366 0.0557962 -0.000898601 0.998442 83.5053
0.999157 0.00582742 -0.0406478 -5.79625 -0.00580055 0.999983 0.000778833 -1.08116 0.0406516 -0.000542396 0.999173 84.097
0.999718 0.00440943 -0.0233425 -5.79665 -0.00437059 0.999989 0.00171486 -1.09185 0.0233498 -0.00161235 0.999726 84.6801
0.999995 -0.00224854 -0.00216775 -5.76633 0.00225397 0.999994 0.0025034 -1.09862 0.00216211 -0.00250828 0.999995 85.2573
0.99969 -0.00119696 0.0248741 -5.75271 0.00110207 0.999992 0.00382806 -1.10476 -0.0248785 -0.00379946 0.999683 85.685
0.998524 -0.000640159 0.0543154 -5.70307 0.000328352 0.999983 0.00574941 -1.11164 -0.0543182 -0.00572308 0.998507 86.2116
0.996126 0.000650662 0.0879372 -5.64456 -0.00130866 0.999972 0.00742513 -1.11884 -0.0879299 -0.00751144 0.996098 86.7349
0.992075 -0.000464504 0.125646 -5.5573 -0.000585754 0.999965 0.00832182 -1.12456 -0.125645 -0.00832947 0.99204 87.2532
0.985915 -0.000635777 0.167246 -5.44568 -0.000829618 0.999962 0.00869192 -1.13105 -0.167245 -0.00870825 0.985877 87.7514
0.977478 -0.00199298 0.21103 -5.29298 4.11529e-005 0.999957 0.00925307 -1.13711 -0.211039 -0.00903598 0.977436 88.234
0.966124 -0.00132565 0.258074 -5.11242 -0.000631731 0.999972 0.00750154 -1.1459 -0.258076 -0.00741045 0.966096 88.6846
0.949959 0.000726633 0.312374 -4.94838 -0.00240175 0.999985 0.00497784 -1.15203 -0.312365 -0.00547899 0.949946 89.1229
0.905895 -0.0016124 0.423499 -4.72689 0.000643352 0.999997 0.00243113 -1.15384 -0.423501 -0.00192989 0.905894 89.517
0.905895 -0.0016124 0.423499 -4.50539 0.000643352 0.999997 0.00243113 -1.15564 -0.423501 -0.00192989 0.905894 89.9112
0.877048 -0.00137171 0.4804 -4.25418 0.00065123 0.999998 0.00166642 -1.15944 -0.480402 -0.00114868 0.877048 90.2612
0.843957 -0.00364001 0.536398 -3.97432 0.00322361 0.999993 0.00171402 -1.1604 -0.536401 0.00028258 0.843963 90.5928
0.808147 -0.00248649 0.588975 -3.67318 0.00105359 0.999996 0.00277606 -1.17545 -0.588979 -0.00162292 0.808146 90.8848
0.769352 -0.00269585 0.63882 -3.36247 -0.000593011 0.999988 0.00493418 -1.1849 -0.638825 -0.00417494 0.769341 91.1562
0.72708 -0.00126885 0.686551 -3.03216 -0.0036622 0.999977 0.0057265 -1.17971 -0.686543 -0.00667791 0.727059 91.4333
0.682722 -0.00330334 0.730671 -2.69251 -0.00249653 0.999973 0.00685356 -1.18563 -0.730674 -0.00650322 0.682696 91.6682
0.637007 -0.00675933 0.770829 -2.32901 0.000321536 0.999964 0.00850288 -1.18437 -0.770858 -0.00516854 0.636986 91.8841
0.59087 -0.0110185 0.806691 -1.94969 0.0012996 0.999918 0.0127059 -1.17943 -0.806765 -0.00645915 0.590836 92.0834
0.544628 -0.00550555 0.83866 -1.43332 -0.00636478 0.999923 0.0106975 -1.17989 -0.838654 -0.011164 0.544551 92.3442
0.497326 -0.00224195 0.867561 -0.775945 -0.00671606 0.999957 0.00643404 -1.1701 -0.867538 -0.0090264 0.497289 92.6581
0.45207 -0.00258068 0.891979 -0.236918 -0.00286352 0.999986 0.00434445 -1.17681 -0.891978 -0.0045182 0.452057 92.8681
0.410445 -0.0104166 0.911826 0.174182 0.00109514 0.99994 0.0109302 -1.17735 -0.911885 -0.00348767 0.410431 92.989
0.371407 -0.0229168 0.928187 0.600301 -0.0025543 0.999666 0.0257037 -1.16759 -0.928466 -0.0119174 0.371225 93.0902
0.337154 -0.0230373 0.941168 1.15932 -0.0183004 0.999351 0.0310172 -1.16165 -0.941272 -0.0276814 0.336514 93.2219
0.304858 -0.0209205 0.952168 1.74737 -0.0191971 0.999421 0.0281051 -1.15421 -0.952204 -0.0268469 0.304279 93.3682
0.273416 -0.00926244 0.961851 2.32409 -0.019897 0.999685 0.0152827 -1.16287 -0.96169 -0.0233165 0.273145 93.5392
0.24519 -0.00687249 0.969451 2.90368 -0.00968005 0.999908 0.00953665 -1.17089 -0.969427 -0.0117226 0.245101 93.6743
0.219593 -0.00783761 0.97556 3.49117 -0.00530136 0.999943 0.0092268 -1.17659 -0.975577 -0.00719793 0.219539 93.777
0.196311 -0.0144823 0.980435 4.0498 -0.00322225 0.999876 0.0154146 -1.17744 -0.980536 -0.00618528 0.19624 93.8477
0.176568 -0.0194186 0.984097 4.75919 -0.00403264 0.999783 0.0204517 -1.15912 -0.98428 -0.00757962 0.176451 93.9179
0.1572 -0.019339 0.987377 5.56761 -0.00976575 0.999729 0.0211357 -1.12274 -0.987519 -0.012965 0.156968 94.0223
0.140023 -0.0157722 0.990023 6.229 -0.0179885 0.999668 0.0184701 -1.10688 -0.989985 -0.0203953 0.139692 94.0983
0.124578 -0.0140196 0.992111 6.74139 -0.0209674 0.99964 0.0167588 -1.10712 -0.991988 -0.0228898 0.124239 94.1587
0.110058 -0.0155797 0.993803 7.23272 -0.0178019 0.999686 0.0176434 -1.10491 -0.993766 -0.0196334 0.109746 94.2048
0.0971274 -0.0184031 0.995102 7.7337 -0.0177736 0.999638 0.0202218 -1.10169 -0.995113 -0.0196506 0.0967651 94.2356
0.0858887 -0.0227377 0.996045 8.27951 -0.0185922 0.999529 0.0244205 -1.09433 -0.996131 -0.0206161 0.0854255 94.2669
0.0757605 -0.0256673 0.996796 8.82914 -0.0212209 0.999401 0.0273472 -1.08262 -0.9969 -0.0232247 0.0751704 94.3017
0.0676708 -0.0276573 0.997324 9.38399 -0.0246406 0.999264 0.029383 -1.07192 -0.997403 -0.026563 0.0669395 94.3357
0.061661 -0.0298099 0.997652 9.9423 -0.0267724 0.999145 0.0315092 -1.05709 -0.997738 -0.0286524 0.0608102 94.3689
0.0560139 -0.0308359 0.997954 10.5232 -0.0284248 0.999069 0.0324658 -1.04284 -0.998025 -0.0301852 0.0550852 94.4
0.0489746 -0.030215 0.998343 11.1204 -0.0302694 0.999038 0.031721 -1.02534 -0.998341 -0.0317728 0.048013 94.4398
0.0442877 -0.0321807 0.9985 11.7524 -0.0305239 0.998971 0.0335497 -1.01241 -0.998552 -0.0319639 0.0432598 94.4683
0.0402119 -0.0339222 0.998615 12.4043 -0.0320709 0.998865 0.0352221 -0.991944 -0.998676 -0.0334428 0.0390783 94.5004
0.0372065 -0.0353008 0.998684 13.0732 -0.0343613 0.99874 0.0365829 -0.972782 -0.998717 -0.0356772 0.0359467 94.5218
0.0355567 -0.0378514 0.998651 13.7517 -0.0354022 0.998608 0.0391103 -0.949199 -0.99874 -0.036745 0.0341672 94.5368
0.034675 -0.0414307 0.99854 14.4379 -0.0379587 0.998365 0.0427416 -0.927962 -0.998678 -0.0393854 0.0330457 94.5612
0.0357679 -0.0423689 0.998462 15.1464 -0.0419487 0.998157 0.0438587 -0.905988 -0.998479 -0.0434529 0.0339246 94.5867
0.0384818 -0.043463 0.998314 15.8755 -0.0421797 0.998093 0.0450793 -0.876155 -0.998369 -0.0438433 0.0365751 94.6141
0.0427359 -0.0470771 0.997977 16.6269 -0.0430331 0.997875 0.0489151 -0.844077 -0.998159 -0.0450365 0.0406193 94.638
0.0481403 -0.0411059 0.997994 17.3639 -0.048294 0.997888 0.0434311 -0.817706 -0.997672 -0.050288 0.0460534 94.6859
0.0528363 -0.0457836 0.997553 18.1404 -0.0430159 0.997917 0.0480786 -0.791705 -0.997676 -0.0454509 0.0507568 94.7113
0.0574566 -0.0460186 0.997287 18.9196 -0.0475781 0.997676 0.0487776 -0.762096 -0.997214 -0.0502516 0.0551335 94.7544
0.0613209 -0.0430732 0.997188 19.7189 -0.0485369 0.997758 0.0460826 -0.727691 -0.996937 -0.0512263 0.0590928 94.809
0.0657245 -0.0413914 0.996979 20.565 -0.044511 0.998023 0.044369 -0.691822 -0.996845 -0.0472927 0.0637522 94.8685
0.0704874 -0.0398036 0.996718 21.4312 -0.0410948 0.998239 0.0427705 -0.663237 -0.996666 -0.0439747 0.0687276 94.9286
0.0767398 -0.0418997 0.99617 22.3796 -0.0359831 0.998349 0.0447633 -0.641935 -0.996402 -0.0392804 0.0751055 94.9683
0.0782739 -0.0349081 0.996321 23.4738 -0.0367208 0.998608 0.0378731 -0.594802 -0.996255 -0.0395502 0.076883 95.066
0.0804316 -0.0339484 0.996182 24.7208 -0.0314213 0.998837 0.0365759 -0.534922 -0.996265 -0.0342432 0.0792713 95.1149
0.0789749 -0.0269202 0.996513 24.8756 -0.0378757 0.998832 0.0299845 -0.530762 -0.996157 -0.0401117 0.0778631 95.1295
0.0789749 -0.0269202 0.996513 25.0304 -0.0378757 0.998832 0.0299845 -0.526601 -0.996157 -0.0401117 0.0778631 95.144
0.0789749 -0.0269202 0.996513 25.1851 -0.0378757 0.998832 0.0299845 -0.522441 -0.996157 -0.0401117 0.0778631 95.1585
0.0788939 -0.0254624 0.996558 25.4894 -0.0297817 0.999167 0.0278868 -0.522558 -0.996438 -0.0318793 0.0780699 95.1862
0.0795259 -0.0249121 0.996521 25.9437 -0.0258548 0.9993 0.0270449 -0.518437 -0.996497 -0.0279156 0.0788261 95.2178
0.0805095 -0.0240256 0.996464 26.5473 -0.0248355 0.999351 0.0261018 -0.510732 -0.996444 -0.0268491 0.0798605 95.2652
0.0795613 -0.0211301 0.996606 27.3002 -0.0232324 0.999464 0.0230454 -0.503237 -0.996559 -0.024987 0.0790278 95.3273
0.0754373 -0.0150477 0.997037 28.2001 -0.0216808 0.999625 0.0167272 -0.486 -0.996915 -0.0228784 0.0750828 95.4268
0.0712382 -0.0114793 0.997393 29.1725 -0.017025 0.999774 0.0127227 -0.480863 -0.997314 -0.017887 0.0710266 95.5146
0.0650018 -0.0109146 0.997825 30.1194 -0.0140152 0.999832 0.0118496 -0.475517 -0.997787 -0.014755 0.0648379 95.6014
0.0568286 -0.00543754 0.998369 31.079 -0.0131476 0.999894 0.00619423 -0.473986 -0.998297 -0.0134782 0.0567511 95.6931
0.0486271 -0.00330859 0.998812 32.1097 -0.00555767 0.999978 0.00358303 -0.483632 -0.998802 -0.00572529 0.0486077 95.7852
0.0393069 -0.00291683 0.999223 33.1241 -0.00192543 0.999994 0.00299483 -0.489488 -0.999225 -0.00204166 0.039301 95.8352
0.0302406 -0.00351815 0.999536 34.139 -0.00223534 0.999991 0.00358738 -0.498913 -0.99954 -0.00234279 0.0302325 95.8512
0.0197152 -0.00303071 0.999801 35.1952 -0.00423699 0.999986 0.00311483 -0.506877 -0.999797 -0.00429756 0.0197021 95.8767
0.00880722 -0.001094 0.999961 36.2282 -0.00360614 0.999993 0.00112579 -0.513794 -0.999955 -0.00361591 0.00880321 95.8924
-0.00308121 0.00288503 0.999991 37.3529 -0.00148968 0.999995 -0.00288963 -0.514253 -0.999994 -0.00149857 -0.0030769 95.9369
-0.0140231 0.00287669 0.999898 38.4763 0.00321218 0.999991 -0.00283191 -0.532356 -0.999897 0.00317214 -0.0140322 95.9161
-0.0252034 0.00348877 0.999676 39.7494 0.00352381 0.999988 -0.00340102 -0.553383 -0.999676 0.00343695 -0.0252154 95.8825
-0.0361697 0.00436164 0.999336 41.1555 0.00476986 0.99998 -0.00419182 -0.573057 -0.999334 0.00461507 -0.0361898 95.8518
-0.0467148 0.00443473 0.998898 42.4762 0.00533932 0.999977 -0.00418982 -0.59789 -0.998894 0.00513772 -0.0467374 95.7946
-0.0560697 0.00417683 0.998418 43.6456 0.00503359 0.99998 -0.00390069 -0.622104 -0.998414 0.00480692 -0.0560896 95.7184
-0.066286 0.00382135 0.997793 44.7426 0.00489538 0.999982 -0.00350452 -0.630738 -0.997789 0.00465228 -0.0663036 95.6626
-0.0755326 0.0028612 0.997139 45.7602 0.00404732 0.999989 -0.0025628 -0.648003 -0.997135 0.00384216 -0.0755434 95.5848
-0.0832266 -0.00156568 0.996529 46.6221 0.00141188 0.999998 0.00168905 -0.67469 -0.99653 0.00154756 -0.0832242 95.464
-0.0890552 -0.00492132 0.996015 47.4575 -0.00313515 0.999984 0.00466061 -0.68572 -0.996022 -0.00270761 -0.0890692 95.3521
-0.0958033 -0.00643564 0.995379 48.3245 -0.00666663 0.999961 0.00582361 -0.681543 -0.995378 -0.00607791 -0.0958424 95.2967
-0.0996168 -0.00912844 0.994984 49.1459 -0.00806547 0.999932 0.00836633 -0.684776 -0.994993 -0.00719159 -0.0996837 95.2165
-0.100091 -0.0134953 0.994887 49.9373 -0.0115268 0.999857 0.0124031 -0.705703 -0.994912 -0.0102264 -0.100232 95.097
-0.10057 -0.0153146 0.994812 50.7276 -0.0151185 0.99979 0.0138628 -0.712799 -0.994815 -0.0136459 -0.100781 95.0054
-0.102555 -0.0142894 0.994625 51.464 -0.0145317 0.999812 0.0128656 -0.712416 -0.994621 -0.0131342 -0.102744 94.9399
-0.100487 -0.0158616 0.994812 52.2187 -0.0140977 0.999795 0.014517 -0.723926 -0.994838 -0.0125658 -0.10069 94.8514
-0.0848536 -0.0163431 0.996259 52.3195 -0.0127273 0.999802 0.0153172 -0.723561 -0.996312 -0.01138 -0.0850448 94.8433
-0.0848536 -0.0163431 0.996259 52.4203 -0.0127273 0.999802 0.0153172 -0.723195 -0.996312 -0.01138 -0.0850448 94.8353
-0.0848536 -0.0163431 0.996259 52.5211 -0.0127273 0.999802 0.0153172 -0.72283 -0.996312 -0.01138 -0.0850448 94.8272
-0.0737255 -0.015215 0.997163 52.7717 -0.0164097 0.999767 0.0140415 -0.723577 -0.997144 -0.0153279 -0.073958 94.8118
-0.0601846 -0.0149302 0.998076 53.1726 -0.014876 0.999791 0.0140588 -0.728244 -0.998076 -0.0140013 -0.0603941 94.7999
-0.0429248 -0.0147096 0.99897 53.7236 -0.0132399 0.999812 0.0141531 -0.726851 -0.998991 -0.0126188 -0.0431115 94.7892
-0.021407 -0.0134687 0.99968 54.3427 -0.011922 0.999842 0.0132156 -0.725861 -0.9997 -0.0116353 -0.0215642 94.7895
0.00302774 -0.0125557 0.999917 54.9389 -0.0103994 0.999867 0.0125865 -0.729409 -0.999941 -0.0104367 0.00289677 94.8171
0.0315455 -0.0114062 0.999437 55.5194 -0.0105962 0.999875 0.0117457 -0.724624 -0.999446 -0.0109607 0.0314207 94.8552
0.06456 -0.00956782 0.997868 56.0698 -0.0117804 0.999877 0.0103493 -0.720006 -0.997844 -0.0124235 0.0644394 94.9145
0.102374 -0.00947028 0.994701 56.6064 -0.0122599 0.999867 0.0107812 -0.721542 -0.99467 -0.0132986 0.102244 94.9953
0.143956 -0.00798158 0.989552 57.1553 -0.0136923 0.999856 0.0100566 -0.722917 -0.989489 -0.0149969 0.143826 95.1088
0.188176 -0.00538144 0.982121 57.7025 -0.0131355 0.999882 0.00799554 -0.718357 -0.982048 -0.0144052 0.188083 95.2581
0.23448 -0.00221769 0.972119 58.2284 -0.011724 0.999918 0.005109 -0.725116 -0.97205 -0.0125951 0.234434 95.4417
0.284446 0.00103277 0.958692 58.7352 -0.0064639 0.999979 0.000840603 -0.72243 -0.95867 -0.00643599 0.284446 95.6492
0.337349 0.000267211 0.941379 59.2287 -0.000915435 1 4.42017e-005 -0.729079 -0.941379 -0.000876683 0.337349 95.8849
0.393761 -0.00212313 0.91921 59.7119 0.00274471 0.999996 0.00113398 -0.736879 -0.919209 0.00207645 0.393765 96.1466
0.451883 -0.00285953 0.892073 60.2239 0.00373666 0.999992 0.00131264 -0.754969 -0.892069 0.00274021 0.45189 96.4742
0.510343 -0.00359132 0.859964 60.6786 0.00476276 0.999988 0.00134963 -0.768164 -0.859958 0.00340702 0.510354 96.8055
0.568104 0.00152223 0.822956 61.0902 0.00107701 0.999996 -0.00259319 -0.769136 -0.822956 0.00235953 0.5681 97.1489
0.62277 0.00305761 0.782399 61.4447 0.00240286 0.99998 -0.00582053 -0.767131 -0.782401 0.00550485 0.62275 97.5101
0.676027 0.00157612 0.736875 61.7814 0.00466861 0.999968 -0.00642195 -0.772682 -0.736862 0.00778159 0.675998 97.8635
0.725161 -8.49352e-005 0.68858 62.0839 0.00372742 0.999986 -0.00380209 -0.790832 -0.68857 0.00532375 0.725151 98.2286
0.770021 -0.000932886 0.638018 62.3439 -0.000458097 0.999998 0.00201504 -0.798481 -0.638018 -0.00184389 0.770019 98.6033
0.810807 -0.000593452 0.585313 62.5832 -0.00453221 0.999963 0.00729213 -0.799026 -0.585296 -0.00856528 0.810775 99.032
0.847153 -0.0011749 0.531347 62.8119 -0.0060395 0.999912 0.0118401 -0.79627 -0.531314 -0.0132394 0.847071 99.4855
0.878157 -0.00218548 0.478368 63.035 -0.00689294 0.999828 0.0172215 -0.785882 -0.478323 -0.0184205 0.877991 99.9951
0.903687 0.000524804 0.428193 63.2259 -0.00996699 0.999754 0.0198097 -0.79015 -0.428077 -0.0221696 0.90347 100.531
0.923872 0.000405574 0.382703 63.4109 -0.00906099 0.999742 0.0208144 -0.790591 -0.382595 -0.0226975 0.923637 101.123
0.939224 0.00420404 0.343278 63.57 -0.0117396 0.999734 0.0198767 -0.785552 -0.343103 -0.0226987 0.939024 101.74
0.951242 0.00140009 0.308442 63.7302 -0.00683452 0.99984 0.0165393 -0.772984 -0.30837 -0.0178409 0.951099 102.4
0.960742 -0.00177801 0.277438 63.8998 -0.00272919 0.999871 0.0158587 -0.764085 -0.277431 -0.0159933 0.960613 103.091
0.966811 -0.00730478 0.255388 64.0772 0.00310243 0.999853 0.0168537 -0.760863 -0.255474 -0.015502 0.966692 103.792
0.970769 -0.00431332 0.239977 64.269 5.14285e-005 0.999842 0.017763 -0.762962 -0.240016 -0.0172314 0.970616 104.644
0.973742 0.00332072 0.227631 64.4513 -0.00712379 0.999848 0.0158876 -0.750458 -0.227544 -0.017092 0.973618 105.498
0.975954 0.00344302 0.217948 64.6142 -0.00684164 0.999866 0.014841 -0.734271 -0.217868 -0.0159752 0.975847 106.368
0.977138 0.00732047 0.21248 64.7391 -0.010015 0.999882 0.011608 -0.728356 -0.21237 -0.0134706 0.977096 107.104
0.977619 0.00523259 0.21032 64.8615 -0.00676628 0.999956 0.00657323 -0.729817 -0.210276 -0.0078492 0.977611 107.855
0.977894 0.00226836 0.209089 65.0189 -0.0030556 0.999989 0.00344216 -0.738489 -0.209079 -0.00400496 0.977891 108.62
0.977452 -0.00342299 0.211132 65.23 0.00352404 0.999994 -0.00010233 -0.731469 -0.21113 0.00084406 0.977458 109.507
0.97625 -0.000922967 0.216646 65.416 0.00244151 0.999974 -0.00674178 -0.717567 -0.216635 0.0071106 0.976227 110.453
0.974207 0.00589756 0.225579 65.4592 -0.00334757 0.999926 -0.011685 -0.719314 -0.225632 0.0106285 0.974155 110.652
0.974207 0.00589756 0.225579 65.5024 -0.00334757 0.999926 -0.011685 -0.72106 -0.225632 0.0106285 0.974155 110.851
0.972835 0.00630513 0.231415 65.5772 -0.00446286 0.999954 -0.00848351 -0.72693 -0.231458 0.00722028 0.972818 111.197
0.971379 0.00244684 0.237522 65.678 -0.00151424 0.99999 -0.00410874 -0.73729 -0.23753 0.00363148 0.971373 111.69
0.97059 -0.0037087 0.240709 65.8482 0.00312786 0.999991 0.00279508 -0.749088 -0.240717 -0.00195997 0.970593 112.321
0.968949 -0.00625852 0.24718 65.8971 0.00411504 0.999949 0.00918738 -0.749203 -0.247225 -0.00788495 0.968926 112.516
0.968949 -0.00625852 0.24718 65.9461 0.00411504 0.999949 0.00918738 -0.749319 -0.247225 -0.00788495 0.968926 112.711
0.968276 -0.00455026 0.24984 66.0194 0.00289172 0.999971 0.00700503 -0.749761 -0.249865 -0.00606034 0.968262 113.054
0.96826 -0.00344202 0.249921 66.1458 0.00324089 0.999994 0.00121627 -0.755397 -0.249924 -0.000367703 0.968265 113.539
0.968667 -0.00131583 0.248361 66.3202 0.00259827 0.999985 -0.00483589 -0.762738 -0.248351 0.00532968 0.968656 114.166
0.969386 0.000417906 0.245541 66.5076 0.00183117 0.999958 -0.00893129 -0.75934 -0.245534 0.0091075 0.969345 114.9
0.970924 -0.00551067 0.239325 66.785 0.0066714 0.99997 -0.00404017 -0.758215 -0.239296 0.00551933 0.970931 115.756
0.971963 -0.0010503 0.23513 66.8442 -0.00129518 0.999951 0.0098206 -0.763347 -0.235129 -0.0098498 0.971914 116.011
0.971963 -0.0010503 0.23513 66.9034 -0.00129518 0.999951 0.0098206 -0.768479 -0.235129 -0.0098498 0.971914 116.267
0.972477 -0.00100123 0.232997 67.0013 -0.00111361 0.999959 0.00894494 -0.771433 -0.232996 -0.00895822 0.972436 116.667
0.972757 0.00346739 0.231801 67.1199 -0.00433302 0.999985 0.00322536 -0.772484 -0.231787 -0.00414189 0.972758 117.217
0.973576 -0.000593404 0.228362 67.2765 0.00110107 0.999997 -0.0020957 -0.773147 -0.22836 0.00229177 0.973574 117.912
0.974375 -0.000541794 0.224929 67.4585 0.0017291 0.999986 -0.00508163 -0.77481 -0.224923 0.00534034 0.974362 118.755
0.97457 0.00447655 0.22404 67.6014 -0.00349377 0.999982 -0.00478283 -0.795009 -0.224057 0.00387846 0.974568 119.649
0.975629 -0.00258919 0.219412 67.6576 0.00258336 0.999997 0.000313481 -0.797862 -0.219412 0.000260982 0.975632 119.907
0.975629 -0.00258919 0.219412 67.7139 0.00258336 0.999997 0.000313481 -0.800715 -0.219412 0.000260982 0.975632 120.165
0.976007 -0.00332636 0.217712 67.8071 0.00267271 0.999991 0.00329676 -0.803689 -0.217721 -0.00263578 0.976008 120.568
0.975674 -0.00329188 0.219202 67.9116 0.00247453 0.999989 0.0040032 -0.796725 -0.219213 -0.0033634 0.975671 121.122
0.976139 0.000200216 0.217147 68.087 -0.00159802 0.999979 0.00626154 -0.813317 -0.217141 -0.00645913 0.976119 121.814
0.975706 0.00930214 0.218886 68.1296 -0.00915284 0.999957 -0.00169609 -0.812919 -0.218892 -0.000348544 0.975749 122.025
0.975706 0.00930214 0.218886 68.1722 -0.00915284 0.999957 -0.00169609 -0.812521 -0.218892 -0.000348544 0.975749 122.237
0.975655 0.00778865 0.219171 68.2493 -0.00704059 0.999966 -0.00419399 -0.819136 -0.219197 0.00254879 0.975677 122.595
0.974919 0.00658783 0.222462 68.348 -0.00561652 0.999972 -0.00499853 -0.823668 -0.222489 0.0036237 0.974928 123.101
0.974086 0.00401182 0.226143 68.4811 -0.0032979 0.999988 -0.00353464 -0.836713 -0.226154 0.00269724 0.974088 123.754
0.973384 0.00123366 0.229177 68.6535 -0.00018778 0.999989 -0.00458538 -0.845743 -0.22918 0.0044203 0.973374 124.551
0.972911 -0.00135456 0.231177 68.8653 0.00295108 0.999974 -0.00656039 -0.862171 -0.231162 0.0070649 0.97289 125.452
0.972634 -0.00539543 0.232281 69.0943 0.00645698 0.999972 -0.00381005 -0.875367 -0.232254 0.00520561 0.972641 126.373
0.972585 -0.00745323 0.232429 69.3248 0.00849114 0.999958 -0.00346532 -0.890901 -0.232394 0.00534391 0.972607 127.256
0.972025 -0.00155581 0.234871 69.52 0.00229924 0.999993 -0.00289147 -0.904836 -0.234864 0.00335061 0.972022 128.15
0.971134 0.00489657 0.238485 69.7016 -0.00459665 0.999988 -0.00181375 -0.907275 -0.238491 0.000665165 0.971144 129.031
0.970612 0.00432314 0.240613 69.9169 -0.00511612 0.999983 0.00267109 -0.915883 -0.240597 -0.00382359 0.970618 130.029
0.970641 0.00289997 0.240516 70.1699 -0.00451429 0.999971 0.00616123 -0.934588 -0.240491 -0.0070661 0.970626 131.024
0.970197 -0.00293332 0.242301 70.4158 0.002962 0.999996 0.000245916 -0.948718 -0.242301 0.000479108 0.970201 132.051
0.970031 -0.00711048 0.242876 70.6916 0.0102833 0.999878 -0.0117981 -0.97316 -0.242762 0.0139421 0.969986 133.157
0.970068 -0.00454399 0.242792 70.9448 0.00943637 0.999775 -0.0189913 -0.991121 -0.242652 0.0207139 0.969892 134.129
0.970313 0.0013691 0.241847 71.179 0.00102282 0.999952 -0.00976441 -1.00485 -0.241849 0.00972191 0.970265 135.065
0.970684 -0.000606152 0.240357 71.4337 -0.0020826 0.999938 0.0109323 -1.02311 -0.240349 -0.0111124 0.970623 136.111
0.97087 -0.000722395 0.239605 71.7109 -0.00553899 0.999661 0.0254576 -1.0369 -0.239543 -0.0260432 0.970537 137.306
0.970764 0.0010088 0.240035 71.9926 -0.00546792 0.999825 0.0179117 -1.01609 -0.239974 -0.0187005 0.970599 138.643
0.971102 0.00227552 0.238654 72.2969 -0.0027258 0.999995 0.00155675 -1.02339 -0.238649 -0.00216229 0.971103 139.978
0.97054 0.00112517 0.240939 72.5167 0.000695226 0.999972 -0.0074703 -1.00959 -0.24094 0.00741773 0.970512 141.177
0.969742 -0.00231591 0.244119 72.7086 0.00474196 0.999945 -0.00935075 -1.00963 -0.244084 0.0102254 0.9697 142.229
0.968983 0.000963903 0.247126 72.9095 0.00123504 0.999961 -0.00874289 -1.03237 -0.247125 0.00877692 0.968944 143.319
0.969361 0.000760851 0.24564 73.1387 0.0021159 0.999932 -0.0114471 -1.03175 -0.245632 0.0116161 0.969293 144.376
0.970988 0.00177893 0.23912 73.4119 0.00120491 0.999923 -0.0123316 -1.06489 -0.239124 0.012262 0.970912 145.426
0.971639 0.0164446 0.235896 73.4743 -0.0129225 0.999781 -0.0164693 -1.07376 -0.236115 0.0129539 0.971639 145.728
0.971639 0.0164446 0.235896 73.5367 -0.0129225 0.999781 -0.0164693 -1.08263 -0.236115 0.0129539 0.971639 146.03
0.972577 0.0009497 0.232579 73.6479 0.00253402 0.999889 -0.0146794 -1.09375 -0.232567 0.0148662 0.972467 146.475
0.97329 -0.00349364 0.229551 73.8015 0.00575313 0.999941 -0.00917454 -1.10728 -0.229506 0.0102501 0.973253 147.064
0.974579 -0.00633685 0.223956 74.007 0.0081992 0.999939 -0.00738675 -1.13024 -0.223895 0.00903523 0.974571 147.794
0.975041 -0.00158604 0.22202 74.2022 0.00388898 0.999943 -0.0099359 -1.15075 -0.221991 0.0105513 0.974992 148.682
0.976013 -0.00501139 0.217655 74.4342 0.00788341 0.999893 -0.0123289 -1.17595 -0.21757 0.0137491 0.975948 149.715
0.977768 -0.00551111 0.209615 74.7018 0.00819145 0.999895 -0.0119209 -1.20162 -0.209527 0.0133729 0.977711 150.893
0.979221 -0.000748203 0.202794 74.9735 0.00199696 0.99998 -0.00595323 -1.24282 -0.202786 0.0062345 0.979203 152.224
0.980536 -0.00129336 0.196335 75.2708 0.000873831 0.999997 0.00222341 -1.26104 -0.196338 -0.00200857 0.980534 153.703
0.981341 -0.00210358 0.192262 75.5614 -0.00011621 0.999933 0.0115336 -1.27569 -0.192274 -0.0113408 0.981276 155.252
0.982278 0.00583336 0.187337 75.8625 -0.0083642 0.999884 0.0127219 -1.29012 -0.187241 -0.0140634 0.982213 156.848
0.982479 0.00267798 0.186355 76.0229 -0.00394102 0.999972 0.00640745 -1.28022 -0.186333 -0.00702961 0.982462 158.313
0.984802 -0.00495535 0.173609 76.0786 0.00655383 0.999941 -0.0086353 -1.28299 -0.173556 0.00964186 0.984777 158.64
0.984802 -0.00495535 0.173609 76.1343 0.00655383 0.999941 -0.0086353 -1.28577 -0.173556 0.00964186 0.984777 158.966
0.986007 -0.00121493 0.166701 76.2109 0.00263767 0.999962 -0.00831354 -1.28542 -0.166685 0.00863691 0.985972 159.441
0.987345 0.00627329 0.158461 76.3051 -0.00545454 0.999969 -0.00560125 -1.30234 -0.158491 0.00466604 0.987349 160.065
0.98838 0.00791597 0.151795 76.3852 -0.00665201 0.999939 -0.00883274 -1.31551 -0.151856 0.00772036 0.988373 160.841
0.989863 0.00310679 0.141993 76.5085 -0.000930291 0.999881 -0.015392 -1.33545 -0.142024 0.0151039 0.989748 161.745
0.990948 0.000860073 0.134245 76.6103 0.00158425 0.999835 -0.0181001 -1.35436 -0.134238 0.0181489 0.990783 162.625
0.992126 -8.00989e-005 0.125243 76.7336 0.00201895 0.99988 -0.0153539 -1.37623 -0.125226 0.0154859 0.992007 163.543
0.993136 0.00327852 0.116919 76.8522 -0.00226784 0.999959 -0.00877624 -1.40266 -0.116943 0.00845085 0.993103 164.561
0.994076 0.00418618 0.108607 76.9511 -0.00379195 0.999985 -0.00383617 -1.42374 -0.108621 0.00340161 0.994077 165.655
0.994824 0.00237739 0.10159 77.0243 -0.0023033 0.999997 -0.000846679 -1.44447 -0.101592 0.000608305 0.994826 166.619
0.995466 -8.29074e-006 0.0951153 77.1133 -9.72022e-005 0.999999 0.00110447 -1.46153 -0.0951153 -0.00110871 0.995466 167.62
0.995878 0.0012402 0.0906994 77.2061 -0.00116595 0.999999 -0.000871542 -1.47536 -0.0907004 0.000762198 0.995878 168.691
0.996303 0.00436078 0.0857988 77.2892 -0.00376797 0.999968 -0.00707005 -1.48917 -0.0858269 0.00672063 0.996287 169.724
0.996657 0.00426093 0.0815909 77.365 -0.0031385 0.999899 -0.0138801 -1.51537 -0.0816418 0.0135776 0.996569 170.752
0.996845 0.00374862 0.0792887 77.418 -0.00247877 0.999867 -0.0161078 -1.54285 -0.0793386 0.0158604 0.996722 171.748
0.997156 0.00142445 0.0753528 77.4934 -0.000618126 0.999942 -0.0107229 -1.55675 -0.0753637 0.0106458 0.997099 172.753
0.997317 0.00366268 0.0731104 77.5629 -0.00363608 0.999993 -0.000496948 -1.58136 -0.0731118 0.000229779 0.997324 173.909
0.99755 0.00193422 0.0699244 77.6127 -0.00239593 0.999976 0.0065197 -1.60258 -0.0699101 -0.00667127 0.997531 175.149
0.997856 -0.00348876 0.0653518 77.6897 0.00328477 0.999989 0.00322863 -1.62102 -0.0653623 -0.00300704 0.997857 176.33
0.998129 -0.0123303 0.059881 77.7897 0.0127244 0.9999 -0.00620458 -1.64321 -0.0597985 0.00695492 0.998186 177.539
0.998578 -0.0010313 0.0532945 77.8517 0.00163121 0.999936 -0.0112141 -1.65124 -0.0532795 0.0112851 0.998516 178.634
0.998919 0.00429616 0.0462827 77.8931 -0.0038232 0.99994 -0.0103027 -1.67185 -0.0463242 0.0101147 0.998875 179.681
0.999259 -0.00214264 0.0384175 77.9229 0.00229567 0.99999 -0.00393952 -1.6973 -0.0384087 0.0040248 0.999254 180.851
0.999497 -0.00512718 0.0312907 77.9508 0.00514944 0.999987 -0.000630985 -1.71577 -0.031287 0.000791797 0.99951 182.132
0.99964 -0.00857254 0.0254233 77.9871 0.00847929 0.999957 0.00377313 -1.7309 -0.0254545 -0.0035562 0.99967 183.263
0.999787 -0.00471049 0.020109 77.991 0.00464171 0.999983 0.00346576 -1.739 -0.020125 -0.00337168 0.999792 184.406
0.999905 -0.0053164 0.0127123 78.0241 0.00536491 0.999978 -0.00378477 -1.75496 -0.0126919 0.00385261 0.999912 185.397
0.999943 -0.00933648 0.00521027 78.0451 0.00940962 0.999855 -0.0141944 -1.7637 -0.00507699 0.0142426 0.999886 186.443
0.999943 -0.0106628 -0.00113371 78.0558 0.0106402 0.999775 -0.0183397 -1.7799 0.00132901 0.0183265 0.999831 187.491
0.999965 0.00356662 -0.0075091 78.0299 -0.00364761 0.999935 -0.0107995 -1.80579 0.0074701 0.0108265 0.999913 188.613
0.999871 0.00981475 -0.0126836 77.9845 -0.00978716 0.99995 0.00223585 -1.82129 0.0127049 -0.00211143 0.999917 189.88
0.999835 0.0044798 -0.0176024 77.9476 -0.00430175 0.999939 0.0101402 -1.84757 0.0176468 -0.0100628 0.999794 191.076
0.999768 -0.000340368 -0.0215462 77.9204 0.000494213 0.999974 0.00713529 -1.86088 0.0215433 -0.00714428 0.999742 192.122
0.999722 0.00140448 -0.0235279 77.8847 -0.00149318 0.999992 -0.00375301 -1.86944 0.0235225 0.0037871 0.999716 193.197
0.999591 0.0107567 -0.0264797 77.8392 -0.0110995 0.999856 -0.0128343 -1.88094 0.0263378 0.013123 0.999567 194.174
0.999566 -0.000306328 -0.0294479 77.8113 -0.000194084 0.999856 -0.0169887 -1.89771 0.0294489 0.0169871 0.999422 195.004
0.999481 -0.00560043 -0.0317341 77.7907 0.00520126 0.999906 -0.0126473 -1.91232 0.0318019 0.0124757 0.999416 195.866
0.999479 -0.00154069 -0.0322296 77.7606 0.00142459 0.999992 -0.00362475 -1.93769 0.0322349 0.00357695 0.999474 196.787
0.999552 0.00497021 -0.0295206 77.6855 -0.00491383 0.999986 0.00198196 -1.95737 0.02953 -0.00183601 0.999562 197.727
0.999439 -0.00418154 -0.0332281 77.6759 0.0039138 0.999959 -0.00811859 -1.96238 0.0332607 0.00798399 0.999415 198
0.999439 -0.00418154 -0.0332281 77.6663 0.0039138 0.999959 -0.00811859 -1.9674 0.0332607 0.00798399 0.999415 198.274
0.999322 -0.0106373 -0.0352401 77.6587 0.0099306 0.999747 -0.0201699 -1.97734 0.0354458 0.0198062 0.999175 198.697
0.999246 -0.00955542 -0.0376347 77.6536 0.00865295 0.999673 -0.0240701 -1.99732 0.0378524 0.0237263 0.999002 199.27
0.999297 0.00385699 -0.0373 77.6072 -0.00458127 0.999802 -0.0193517 -2.01679 0.037218 0.019509 0.999117 199.991
0.999245 0.00481792 -0.0385506 77.5643 -0.00514433 0.999952 -0.00837215 -2.04121 0.0385084 0.00856415 0.999222 200.863
0.999218 0.0015094 -0.039512 77.515 -0.00169201 0.999988 -0.00458854 -2.07271 0.0395046 0.0046518 0.999209 201.885
0.999106 -0.00299561 -0.0421752 77.4929 0.00262312 0.999957 -0.00888454 -2.09445 0.0422 0.00876596 0.999071 203.058
0.999052 0.00673253 -0.043017 77.476 -0.00739718 0.999855 -0.0153104 -2.10133 0.0429077 0.0156141 0.998957 203.388
0.999052 0.00673253 -0.043017 77.459 -0.00739718 0.999855 -0.0153104 -2.10822 0.0429077 0.0156141 0.998957 203.719
