0.999998 -0.00135346 -0.00177021 -0.0237589 0.00134983 0.999997 -0.00204972 -0.00707743 0.00177298 0.00204733 0.999996 0.666012
0.999978 -0.00143813 -0.00653183 -0.0398391 0.0014104 0.99999 -0.00424884 -0.000999352 0.00653788 0.00423954 0.99997 1.33159
0.999957 0.000763761 -0.0092948 -0.0599337 -0.000814298 0.999985 -0.00543453 -0.00629057 0.00929051 0.00544186 0.999942 2.01629
0.999884 0.000830192 -0.0152362 -0.288808 -0.00092403 0.999981 -0.00615284 0.0153517 0.0152308 0.0061662 0.999865 2.81771
0.999849 0.000514707 -0.0173976 -0.202043 -0.000615477 0.999983 -0.00578733 -0.0112218 0.0173943 0.00579716 0.999832 3.45847
0.999732 0.000480994 -0.0231301 -0.281282 -0.000513245 0.999999 -0.0013884 -0.00774947 0.0231294 0.0013999 0.999731 4.25462
0.999625 0.00454168 -0.0269985 -0.28291 -0.00468121 0.999976 -0.00510721 -0.0177441 0.0269746 0.00523168 0.999622 4.9804
0.999437 0.00183178 -0.0335006 -0.310866 -0.0018994 0.999996 -0.00198685 -0.0199481 0.0334969 0.00204936 0.999437 5.72502
0.999338 -0.00071915 -0.0363831 -0.343597 0.000723641 1 0.000110263 -0.0256357 0.036383 -0.000136518 0.999338 6.48148
0.99915 -0.00430291 -0.0410063 -0.389539 0.00441498 0.999987 0.00264299 -0.0233404 0.0409944 -0.00282178 0.999155 7.27676
0.999094 0.000768144 -0.0425567 -0.42808 -0.000681023 0.999998 0.00206163 -0.0320508 0.0425582 -0.00203078 0.999092 8.04515
0.999021 0.00399329 -0.0440558 -0.465748 -0.00390887 0.99999 0.00200214 -0.0353166 0.0440634 -0.00182797 0.999027 8.84369
0.99888 -0.00346063 -0.0471905 -0.507216 0.00352022 0.999993 0.0011797 -0.0410879 0.0471861 -0.0013445 0.998885 9.67638
0.998794 -0.00293364 -0.0490003 -0.553939 0.00300038 0.999995 0.00128867 -0.0444401 0.0489962 -0.00143413 0.998798 10.4888
0.998743 -0.00144507 -0.050099 -0.583627 0.00154085 0.999997 0.00187311 -0.0547276 0.0500962 -0.00194795 0.998742 11.3222
0.998612 0.00190389 -0.0526268 -0.623944 -0.0019166 0.999998 -0.000191153 -0.0615586 0.0526263 0.000291752 0.998614 12.1469
0.998501 -0.00460514 -0.0545398 -0.650912 0.00440921 0.999983 -0.00371227 -0.0589414 0.054556 0.00346622 0.998505 12.9615
0.998499 0.00574816 -0.0544665 -0.720266 -0.0060224 0.99997 -0.00487211 -0.0724249 0.0544369 0.00519282 0.998504 13.764
0.998483 0.000504889 -0.0550563 -0.773509 -0.000768378 0.999988 -0.00476475 -0.077741 0.0550533 0.00479982 0.998472 14.5841
0.998591 0.00144998 -0.05304 -0.858904 -0.00166978 0.99999 -0.00409998 -0.0811526 0.0530335 0.00418277 0.998584 15.4013
0.998525 -0.000754472 -0.0542895 -0.905377 0.000623097 0.999997 -0.00243678 -0.0869926 0.0542911 0.00239935 0.998522 16.2165
0.998534 0.000765458 -0.0541165 -0.963527 -0.000883973 0.999997 -0.0021661 -0.0964457 0.0541147 0.00221076 0.998532 17.0632
0.998479 0.00106777 -0.0551164 -1.02282 -0.00125239 0.999994 -0.00331527 -0.10413 0.0551125 0.00337926 0.998474 17.9229
0.99841 -0.000450021 -0.0563658 -1.07046 0.000202292 0.99999 -0.00440064 -0.114077 0.0563672 0.00438224 0.9984 18.755
0.998416 0.00126156 -0.0562501 -1.12575 -0.00142542 0.999995 -0.00287302 -0.123282 0.0562461 0.00294865 0.998413 19.5835
0.99844 0.00117174 -0.0558264 -1.18186 -0.00114836 0.999999 0.000450739 -0.135184 0.0558269 -0.000385927 0.99844 20.4508
0.99848 0.000613081 -0.0551129 -1.2309 -0.000377555 0.999991 0.00428384 -0.144022 0.055115 -0.00425652 0.998471 21.3289
0.998518 -0.0027389 -0.0543521 -1.28259 0.00312989 0.99997 0.00710996 -0.142175 0.054331 -0.00726954 0.998497 22.2742
0.998698 0.00185154 -0.050978 -1.35631 -0.00147125 0.999971 0.00749639 -0.142685 0.0509904 -0.00741162 0.998672 23.1812
0.998782 -0.000169044 -0.0493363 -1.40725 0.000395418 0.999989 0.00457866 -0.143121 0.049335 -0.0045926 0.998772 24.109
0.998919 0.00266427 -0.0464113 -1.48092 -0.00268168 0.999996 -0.000312847 -0.148044 0.0464103 0.00043697 0.998922 25.0185
0.998798 0.00555981 -0.0486893 -1.44101 -0.00568533 0.999981 -0.00243979 -0.155841 0.0486748 0.00271367 0.998811 24.7295
0.998931 -0.00188026 -0.0461785 -1.48797 0.0017915 0.999996 -0.00196343 -0.16116 0.046182 0.0018786 0.998931 25.623
0.998912 -0.00214383 -0.0465926 -1.52841 0.00228226 0.999993 0.00291825 -0.171166 0.046586 -0.00302141 0.99891 26.5322
0.998891 -0.00420102 -0.0468919 -1.5715 0.00449477 0.999971 0.00616067 -0.180558 0.0468646 -0.00636461 0.998881 27.4342
0.998829 -0.00750654 -0.0477986 -1.60646 0.00777334 0.999955 0.00539839 -0.191396 0.047756 -0.00576363 0.998842 28.3574
0.998806 -0.000749706 -0.0488544 -1.65529 0.000806348 0.999999 0.0011397 -0.193302 0.0488535 -0.00117774 0.998805 29.2644
0.99879 0.000959368 -0.0491777 -1.71191 -0.00111058 0.999995 -0.00304761 -0.200777 0.0491745 0.00309854 0.998785 30.1333
0.998747 0.00303161 -0.04995 -1.77193 -0.00323351 0.999987 -0.00396171 -0.207209 0.0499373 0.00411826 0.998744 31.0108
0.998727 -3.12029e-005 -0.0504497 -1.82377 -8.59391e-005 0.999997 -0.00231979 -0.225757 0.0504496 0.00232117 0.998724 31.892
0.99865 0.0020156 -0.0519088 -1.87701 -0.00198962 0.999998 0.000552175 -0.233126 0.0519098 -0.00044815 0.998652 32.7813
0.99862 0.00052854 -0.0525075 -1.93527 -0.000421948 0.999998 0.0020411 -0.247706 0.0525084 -0.00201613 0.998618 33.6762
0.998579 0.000533335 -0.0532868 -1.9871 -0.000308263 0.999991 0.00423193 -0.249253 0.0532885 -0.00420949 0.99857 34.5843
0.998573 0.000198257 -0.0534107 -2.03134 0.000218566 0.99997 0.00779815 -0.267052 0.0534106 -0.00779869 0.998542 35.5054
0.998563 0.00673927 -0.0531596 -2.10267 -0.00620126 0.999928 0.0102791 -0.267197 0.053225 -0.00993468 0.998533 36.4649
0.998555 0.00668251 -0.0533288 -2.08881 -0.00615996 0.999931 0.00995693 -0.263508 0.0533917 -0.00961403 0.998527 36.259
0.99855 0.000405676 -0.0538327 -2.13281 1.57672e-005 0.999969 0.0078281 -0.268322 0.0538342 -0.0078176 0.998519 37.2064
0.998558 0.00539981 -0.0534159 -2.21265 -0.00508671 0.999969 0.00599578 -0.279948 0.0534466 -0.00571542 0.998554 38.1828
