0.999988 -0.0027938 -0.00398654 0.00880003 0.00278629 0.999994 -0.00188774 -0.00900413 0.00399179 0.00187661 0.99999 0.670853
0.999976 -0.00302217 -0.0062819 -0.00334815 0.00299809 0.999988 -0.00383816 -0.0106233 0.00629343 0.00381923 0.999973 1.33034
0.99994 -0.00145235 -0.010819 -0.023403 0.00139709 0.999986 -0.00511387 -0.00932822 0.0108262 0.00509845 0.999928 1.97902
0.999873 0.00386532 -0.0154476 -0.0438749 -0.00395583 0.999975 -0.00583293 -0.0188807 0.0154246 0.00589329 0.999864 2.68621
0.999789 0.00244771 -0.0203905 -0.0461929 -0.00255635 0.999983 -0.00530377 -0.0336037 0.0203772 0.00535478 0.999778 3.45466
0.999782 0.000934234 -0.0208638 -0.126857 -0.00108191 0.999974 -0.00706815 -0.0326261 0.0208567 0.00708919 0.999757 4.01327
0.999566 0.00401621 -0.0291827 -0.117476 -0.00424577 0.999961 -0.00780843 -0.0408064 0.0291502 0.00792894 0.999544 4.84897
0.99937 0.00294122 -0.0353724 -0.150008 -0.00317067 0.999974 -0.00643224 -0.0525502 0.0353526 0.00654034 0.999353 5.76285
0.999255 0.00369589 -0.0384089 -0.197433 -0.00381463 0.999988 -0.00301883 -0.0653283 0.0383972 0.0031631 0.999258 6.4814
0.99918 -0.0023061 -0.0404271 -0.213777 0.0022771 0.999997 -0.000763147 -0.05688 0.0404288 0.000670464 0.999182 7.02945
0.999045 0.000619146 -0.0437001 -0.277763 -0.000680889 0.999999 -0.00139802 -0.0847719 0.0436992 0.00142644 0.999044 8.01047
0.998898 0.00396094 -0.0467634 -0.281522 -0.00403749 0.999991 -0.00154251 -0.0903404 0.0467569 0.00172962 0.998905 8.7492
0.998787 -0.00448111 -0.0490276 -0.348702 0.0043468 0.999987 -0.00284588 -0.0918252 0.0490397 0.00262931 0.998793 9.60258
0.998866 0.000366784 -0.047619 -0.408399 -0.000414621 0.999999 -0.000994705 -0.100476 0.0476186 0.00101332 0.998865 10.3742
0.99874 -0.00493414 -0.0499489 -0.457647 0.00486626 0.999987 -0.00148046 -0.119598 0.0499556 0.00123552 0.998751 11.252
0.998536 -0.00117332 -0.0540807 -0.487406 0.000934306 0.99999 -0.00444464 -0.123407 0.0540854 0.0043876 0.998527 12.0545
0.99839 0.00629957 -0.0563655 -0.493979 -0.00673562 0.999949 -0.00754953 -0.121334 0.0563151 0.00791703 0.998382 12.7749
0.99859 0.0105111 -0.052043 -0.61335 -0.0109641 0.999904 -0.00842724 -0.140728 0.0519494 0.00898596 0.998609 13.63
0.998438 0.00496745 -0.0556507 -0.639919 -0.0053983 0.999957 -0.0075944 -0.150299 0.0556106 0.00788296 0.998421 14.4602
0.997847 0.015639 -0.0636863 -0.550765 -0.0160142 0.999857 -0.00538461 -0.187744 0.063593 0.00639291 0.997955 15.1918
0.998478 -0.0373931 -0.0405447 -1.01181 0.0376521 0.999275 0.00564256 -0.233838 0.0403043 -0.00716057 0.999162 16.0461
0.998205 -0.000986743 -0.0598786 -0.821958 0.000705331 0.999989 -0.00472064 -0.208724 0.0598826 0.00466994 0.998195 16.8652
0.997758 -0.000352414 -0.0669252 -0.845887 -2.14634e-005 0.999984 -0.0055857 -0.231702 0.0669261 0.00557462 0.997742 17.7598
0.998631 -0.00068813 -0.0523009 -1.05315 0.00062636 0.999999 -0.00119742 -0.248867 0.0523017 0.00116302 0.998631 18.487
0.997968 -0.00517105 -0.0635137 -1.02073 0.00492961 0.99998 -0.00395758 -0.230861 0.0635329 0.00363644 0.997973 19.4875
0.997958 -0.00314553 -0.0637888 -1.10004 0.0031776 0.999995 0.00040121 -0.256584 0.0637872 -0.000603086 0.997963 20.4969
0.998378 -0.00222714 -0.0568939 -1.17953 0.00255939 0.99998 0.00576764 -0.264794 0.0568799 -0.0059039 0.998364 21.192
0.99824 0.0051179 -0.0590804 -1.18444 -0.00470049 0.999963 0.00720205 -0.262696 0.0591151 -0.00691167 0.998227 21.9901
0.998307 -0.00247356 -0.0581115 -1.27611 0.00294703 0.999963 0.00806331 -0.266782 0.0580894 -0.00822092 0.998278 23.2218
0.998494 0.00225834 -0.0548087 -1.3311 -0.00191812 0.999979 0.00625925 -0.280752 0.0548217 -0.0061447 0.998477 24.037
0.998515 0.00174743 -0.0544579 -1.3705 -0.00170757 0.999998 0.000778428 -0.278954 0.0544592 -0.000684281 0.998516 24.974
0.9985 -0.00152396 -0.0547378 -1.44156 0.00139051 0.999996 -0.00247601 -0.286301 0.0547414 0.00239618 0.998498 26.0953
0.998713 -0.00423123 -0.0505412 -1.51031 0.00419357 0.999991 -0.000851298 -0.314277 0.0505443 0.000638255 0.998722 26.9862
0.998586 -0.00411327 -0.0530071 -1.51768 0.00430375 0.999985 0.00347994 -0.30765 0.052992 -0.00370315 0.998588 27.8649
0.998475 -0.0105011 -0.0541968 -1.58253 0.0108932 0.999917 0.00694412 -0.319249 0.0541194 -0.00752391 0.998506 28.8713
0.998443 -0.0148714 -0.0537546 -1.62423 0.0152002 0.999868 0.00571412 -0.330775 0.0536625 -0.0065223 0.998538 29.7457
0.998431 -0.0065422 -0.0556099 -1.68052 0.00668014 0.999975 0.00229486 -0.340542 0.0555935 -0.00266275 0.99845 30.7333
0.998254 -0.00935744 -0.0583142 -1.72878 0.00925171 0.999955 -0.00208271 -0.34575 0.0583311 0.00153957 0.998296 31.7219
0.998204 -0.000378925 -0.0599058 -1.79302 0.00022265 0.999997 -0.00261533 -0.352937 0.0599066 0.0025973 0.998201 32.5561
0.998236 0.00462538 -0.0591954 -1.86278 -0.00466422 0.999989 -0.000518021 -0.36669 0.0591924 0.000793208 0.998246 33.425
0.998059 0.00489085 -0.0620878 -1.89155 -0.00479579 0.999987 0.00168 -0.376716 0.0620952 -0.00137897 0.998069 34.3603
0.997946 0.000662101 -0.0640634 -1.95613 -0.000469601 0.999995 0.00301985 -0.384272 0.0640651 -0.00298356 0.997941 35.2361
0.997923 6.587e-005 -0.064414 -2.01949 0.000356377 0.999979 0.00654369 -0.398141 0.0644131 -0.00655306 0.997902 36.1619
0.99788 -0.000619278 -0.0650717 -2.07188 0.00115067 0.999966 0.00812903 -0.393677 0.0650645 -0.00818667 0.997847 37.1264
0.997792 0.0039221 -0.0663015 -2.13898 -0.00319962 0.999934 0.0109995 -0.394495 0.0663403 -0.0107631 0.997739 38.0723
0.99784 0.00397553 -0.0655684 -2.15539 -0.00330937 0.999942 0.0102652 -0.396632 0.0656054 -0.0100261 0.997795 37.8898
0.997841 0.00528263 -0.0654696 -2.25664 -0.00467028 0.999944 0.00950272 -0.403386 0.0655161 -0.00917644 0.997809 39.8103
0.997764 0.00229591 -0.0667959 -2.31595 -0.0018522 0.999976 0.00670388 -0.404278 0.0668097 -0.00656517 0.997744 40.7632
0.997749 0.00252139 -0.0670096 -2.34817 -0.00203703 0.999971 0.00729554 -0.423894 0.0670261 -0.00714261 0.997726 41.3546
0.997303 -0.00371414 -0.0733002 -2.40745 0.00424652 0.999966 0.00710854 -0.410317 0.0732713 -0.00740064 0.997285 42.7029
0.997734 0.00121572 -0.0672661 -2.52266 -0.000554524 0.999951 0.00984742 -0.429578 0.0672748 -0.00978781 0.997686 43.6176
0.997246 0.000575615 -0.0741582 -2.53402 -0.000166737 0.999985 0.00551966 -0.434352 0.0741602 -0.0054921 0.997231 44.5312
0.997358 0.00424183 -0.0725138 -2.64626 -0.00415871 0.999991 0.00129723 -0.436465 0.0725186 -0.000992236 0.997367 45.6366
0.997386 0.00390002 -0.072159 -2.70201 -0.00384951 0.999992 0.000839109 -0.451444 0.0721617 -0.000559138 0.997393 46.5893
0.997325 -0.000399708 -0.0730923 -2.77466 0.000683918 0.999992 0.00386338 -0.462417 0.0730902 -0.00390303 0.997318 47.4507
0.997328 -0.00270963 -0.0729974 -2.84431 0.00320512 0.999973 0.00667156 -0.468129 0.0729773 -0.0068877 0.99731 48.4578
0.997358 -0.00376033 -0.072552 -2.9165 0.0043128 0.999963 0.00745962 -0.484776 0.0725213 -0.00775281 0.997337 49.3619
0.997341 -0.00786171 -0.0724495 -3.00382 0.00833476 0.999946 0.00622938 -0.487642 0.0723966 -0.00681667 0.997353 50.3345
0.997207 -0.00668684 -0.0743853 -3.05372 0.00704691 0.999965 0.0045792 -0.504006 0.074352 -0.0050906 0.997219 51.3331
0.997071 -0.00639561 -0.0762182 -3.11658 0.00685749 0.99996 0.00579986 -0.512457 0.076178 -0.00630554 0.997074 52.2636
0.99731 -0.00378477 -0.0732039 -3.21002 0.00452822 0.99994 0.00999254 -0.516223 0.0731617 -0.0102971 0.997267 53.179
0.996929 -0.0122783 -0.0773424 -3.2595 0.0133855 0.999815 0.0138142 -0.502133 0.0771585 -0.014807 0.996909 54.1573
0.997018 -0.00452327 -0.0770336 -3.24891 0.00585657 0.999837 0.017091 -0.514442 0.0769437 -0.0174912 0.996882 53.9446
0.996999 0.00241767 -0.077371 -3.42252 -0.00141204 0.999914 0.0130496 -0.512473 0.0773959 -0.0129012 0.996917 55.879
0.996745 0.00710291 -0.0803051 -3.46828 -0.00672651 0.999965 0.00495668 -0.508108 0.0803375 -0.00440038 0.996758 56.7804
0.996664 0.00389226 -0.0815156 -3.51336 -0.00387335 0.999992 0.00039011 -0.526671 0.0815165 -7.30709e-005 0.996672 57.3288
0.996617 0.00795214 -0.0817995 -3.63705 -0.00783263 0.999968 0.00178182 -0.53438 0.081811 -0.00113509 0.996647 58.6057
0.996515 0.00738351 -0.0830852 -3.69579 -0.00706023 0.999966 0.00418417 -0.546688 0.0831133 -0.00358299 0.996534 59.396
0.996363 0.0100937 -0.0846133 -3.76406 -0.00958679 0.999934 0.00639479 -0.566157 0.0846722 -0.00556036 0.996393 60.0977
0.99628 0.00444125 -0.0860567 -3.8578 -0.00397609 0.999977 0.00557601 -0.560849 0.0860794 -0.0052131 0.996275 61.1071
0.995996 0.00103094 -0.0893911 -3.9117 -0.000502451 0.999982 0.00593445 -0.569654 0.0893957 -0.00586578 0.995979 61.9215
0.996069 0.00323171 -0.0885176 -4.00746 -0.00254923 0.999966 0.00782206 -0.587462 0.0885399 -0.00756566 0.996044 62.7192
0.995855 0.00230469 -0.0909309 -4.0836 -0.00163274 0.999971 0.0074633 -0.59241 0.0909455 -0.00728389 0.995829 63.6262
0.995807 0.00299976 -0.0914287 -4.15731 -0.0021311 0.999952 0.00959704 -0.61814 0.0914531 -0.00936195 0.995765 64.4145
0.995744 0.0039311 -0.0920835 -4.26554 -0.00290406 0.999932 0.0112846 -0.603463 0.0921216 -0.0109692 0.995687 65.2199
0.995474 0.00247779 -0.0950007 -4.33226 -0.00107554 0.99989 0.0148087 -0.602844 0.0950269 -0.0146395 0.995367 66.1952
0.995361 0.00691347 -0.0959646 -4.29193 -0.00523162 0.999828 0.0177663 -0.606208 0.096071 -0.0171818 0.995226 65.5857
0.995145 0.0116469 -0.0977304 -4.48471 -0.0102481 0.999838 0.0148023 -0.627028 0.0978869 -0.0137289 0.995103 67.5353
0.995107 0.00730142 -0.098534 -4.55994 -0.0066906 0.999956 0.00652812 -0.625037 0.0985773 -0.00583692 0.995112 68.1432
0.99497 0.00397255 -0.100096 -4.5819 -0.00385835 0.999992 0.00133446 -0.64007 0.100101 -0.000941543 0.994977 68.4971
0.994887 0.00161861 -0.100985 -4.70999 -0.00159407 0.999999 0.000323656 -0.641501 0.100985 -0.000161023 0.994888 69.7813
0.994879 0.00729386 -0.10081 -4.82466 -0.00687985 0.999966 0.00445391 -0.65905 0.100839 -0.00373755 0.994896 70.5122
0.994657 0.00220946 -0.103208 -4.86272 -0.00158365 0.99998 0.00614517 -0.670864 0.10322 -0.00594889 0.994641 71.1268
0.994681 0.00134397 -0.102994 -4.92957 -0.00114383 0.999997 0.00200221 -0.677396 0.102997 -0.00187375 0.99468 71.6034
0.994442 -0.00970998 -0.104835 -5.02343 0.00947054 0.999951 -0.00278154 -0.697315 0.104857 0.00177324 0.994486 72.5476
0.994822 -0.0146575 -0.100568 -5.07408 0.0139585 0.999873 -0.00765047 -0.710467 0.100667 0.00620708 0.994901 73.0889
0.995126 -0.0115414 -0.0979359 -5.12918 0.0108719 0.999914 -0.00736623 -0.72433 0.0980125 0.00626557 0.995165 73.6735
0.995302 -0.0109943 -0.0961925 -5.16959 0.0105683 0.999932 -0.00493715 -0.728499 0.0962402 0.00389736 0.995351 74.2051
0.995857 -0.00463793 -0.090815 -5.23114 0.00450307 0.999988 -0.00168981 -0.737814 0.0908218 0.00127386 0.995866 74.6976
0.996468 -0.00450208 -0.0838505 -5.2642 0.00466084 0.999988 0.00169768 -0.746006 0.0838418 -0.00208249 0.996477 75.1114
0.99708 -0.0063862 -0.0760962 -5.28839 0.00682319 0.999962 0.00548393 -0.767667 0.0760583 -0.00598713 0.997085 75.6313
0.997833 -0.00282548 -0.0657376 -5.32665 0.00324143 0.999975 0.0062217 -0.776204 0.0657184 -0.0064213 0.997818 76.2172
0.998678 -0.000929424 -0.0514034 -5.33695 0.00120791 0.999985 0.00538688 -0.771459 0.0513976 -0.00544185 0.998663 76.6697
0.999471 0.00597365 -0.0319778 -5.34017 -0.00576018 0.999961 0.00676332 -0.764918 0.0320169 -0.00657555 0.999466 76.5516
0.999919 0.00602377 -0.0112543 -5.33975 -0.00594332 0.999957 0.0071684 -0.786288 0.0112969 -0.00710093 0.999911 77.5866
0.999837 0.00804809 0.0161735 -5.33028 -0.0081757 0.999936 0.0078395 -0.798897 -0.0161094 -0.00797045 0.999838 78.3078
0.998937 0.00399086 0.0459186 -5.27408 -0.00444359 0.999942 0.00976168 -0.793248 -0.045877 -0.00995535 0.998897 78.5552
0.996943 -0.00201311 0.0781014 -5.22294 0.00106963 0.999926 0.0121201 -0.798087 -0.07812 -0.0119996 0.996872 78.9159
0.993396 -0.00617638 0.11457 -5.12494 0.00461009 0.999892 0.0139309 -0.792065 -0.114644 -0.0133107 0.993317 79.2516
0.988544 -0.00676862 0.150781 -4.99289 0.00485969 0.999903 0.0130252 -0.795952 -0.150854 -0.0121432 0.988481 80.0494
0.974789 -0.000316592 0.223127 -5.09413 -0.0040354 0.99981 0.0190483 -0.837927 -0.223091 -0.0194685 0.974603 80.4426
0.964716 -0.0114571 0.263041 -4.88142 0.00695574 0.999813 0.0180377 -0.84611 -0.263199 -0.0155716 0.964616 80.8593
0.949565 -0.0031536 0.313556 -4.69113 -0.000964319 0.999915 0.012977 -0.840732 -0.31357 -0.0126249 0.949481 81.2061
0.939774 -0.0113383 0.341608 -4.34848 0.00774099 0.999899 0.011892 -0.852707 -0.341708 -0.00853139 0.939767 81.6848
0.897449 0.0138891 0.440899 -4.32034 -0.0138724 0.999898 -0.00326128 -0.770211 -0.440899 -0.00318949 0.897551 82.2783
0.876469 -0.00186986 0.481455 -3.93951 -0.00331825 0.999945 0.0099243 -0.837442 -0.481447 -0.0102959 0.876415 82.5873
0.85118 -0.00715894 0.524825 -3.68755 0.00333847 0.999961 0.00822562 -0.820663 -0.524863 -0.00524937 0.85117 82.805
0.807339 -0.00215865 0.590084 -3.15746 0.0156 0.999722 -0.0176864 -0.628905 -0.589882 0.0234842 0.807148 83.5466
0.766452 -0.0124413 0.642181 -3.04051 0.0113466 0.999919 0.00582955 -0.781343 -0.642202 0.00281851 0.766531 83.5527
0.729936 -0.0177203 0.683285 -2.7015 0.0068556 0.999803 0.0186052 -0.850426 -0.683481 -0.00889624 0.729914 83.7495
0.677501 -0.00481031 0.735506 -2.52457 -0.0130461 0.999743 0.0185557 -0.889478 -0.735406 -0.022167 0.677264 83.9448
0.623754 0.00797256 0.78158 -1.91223 -0.00258962 0.999964 -0.0081335 -0.727987 -0.781617 0.0030493 0.623752 84.5404
0.576224 -0.016754 0.81712 -1.70388 0.0429819 0.999028 -0.00982669 -0.487929 -0.816161 0.0407838 0.576384 84.6193
0.543853 -0.00388058 0.839172 -1.25348 -0.0181413 0.999701 0.01638 -0.963021 -0.838985 -0.0241319 0.54362 84.6493
0.490886 -0.00413967 0.871214 -0.861033 0.00406404 0.999989 0.00246168 -0.726805 -0.871214 0.00233225 0.490897 84.971
0.441851 0.00574358 0.89707 -0.548946 -0.0012585 0.999982 -0.00578261 -0.685906 -0.897087 0.00142609 0.441851 85.0648
0.403963 -0.00596972 0.914756 0.0478769 0.00954161 0.999952 0.00231206 -0.657381 -0.914725 0.00779425 0.404001 85.1936
0.363916 -0.0221907 0.931168 0.104701 -0.00275031 0.999686 0.0248984 -0.858783 -0.931428 -0.0116219 0.36374 85.2138
0.290519 -0.00127436 0.956868 0.463348 -0.0105232 0.999934 0.00452672 -0.80411 -0.956811 -0.0113845 0.290487 85.7129
0.294274 -0.0219303 0.955469 1.26514 0.00931486 0.999755 0.0200779 -0.714308 -0.955676 0.00299166 0.294406 85.5705
0.265262 -0.0052114 0.964162 1.73312 -0.00539848 0.999962 0.00689014 -0.76809 -0.964161 -0.00703271 0.265223 85.6791
0.237199 0.000104384 0.971461 2.42277 -0.00246367 0.999997 0.000494096 -0.772194 -0.971458 -0.00251055 0.237198 85.7831
0.216839 -0.011011 0.976145 2.61456 -0.00853589 0.999877 0.0131748 -0.846336 -0.97617 -0.0111891 0.216718 85.8004
0.171956 0.000283983 0.985105 3.19064 0.00186507 0.999998 -0.000613836 -0.821214 -0.985103 0.00194284 0.171955 85.8349
0.166233 -0.0107981 0.986027 3.66384 0.00327463 0.999941 0.0103984 -0.755999 -0.986081 0.00150031 0.166258 85.9658
0.145849 -0.0175007 0.989152 4.05413 0.0195523 0.999699 0.0148043 -0.777188 -0.989114 0.017181 0.146148 85.9762
0.128061 -0.0153029 0.991648 4.48091 0.0218428 0.999682 0.0126061 -0.782413 -0.991526 0.020046 0.128355 86.0145
0.113379 -0.0189279 0.993371 4.96532 0.0111082 0.99978 0.0177821 -0.786835 -0.99349 0.00901849 0.113564 86.021
0.0911111 -0.00618512 0.995822 5.46221 0.00253252 0.999979 0.00597923 -0.794377 -0.995838 0.00197717 0.0911248 86.0903
0.084958 -0.00843008 0.996349 5.84838 -0.0136283 0.999861 0.00962187 -0.781376 -0.996291 -0.014396 0.0848313 86.1256
0.0735243 -0.0148976 0.997182 6.34633 -0.0225052 0.999609 0.0165932 -0.759314 -0.997039 -0.0236618 0.0731603 86.1468
0.0632556 -0.0190349 0.997816 6.78134 -0.0199804 0.999594 0.0203354 -0.771829 -0.997797 -0.0212231 0.0628496 86.1407
0.0537038 -0.0208599 0.998339 7.36468 -0.0156171 0.999642 0.0217272 -0.783725 -0.998435 -0.016758 0.0533588 86.1648
0.0464653 -0.0211133 0.998697 7.92607 -0.00743321 0.999742 0.0214812 -0.781404 -0.998892 -0.00842165 0.0462963 86.1933
0.0437538 -0.0226897 0.998785 8.52459 -0.00606157 0.999718 0.0229764 -0.737669 -0.999024 -0.00705951 0.0436039 86.2385
0.0369098 -0.0228901 0.999056 8.99408 -0.0166152 0.999585 0.0235161 -0.759986 -0.99918 -0.0174675 0.0365142 86.2376
0.0315655 -0.0240596 0.999212 9.67325 -0.0170056 0.999553 0.024605 -0.752528 -0.999357 -0.0177689 0.0311422 86.2599
0.0290747 -0.02534 0.999256 10.4487 -0.0166545 0.999528 0.0258315 -0.735867 -0.999438 -0.0173932 0.0286389 86.2636
0.0274708 -0.0293382 0.999192 11.0285 -0.021172 0.999328 0.0299243 -0.677907 -0.999398 -0.0219769 0.0268312 86.2912
0.0233761 -0.0281871 0.999329 11.6539 -0.023328 0.999315 0.0287324 -0.708054 -0.999455 -0.023984 0.0227025 86.3046
0.0231253 -0.0316615 0.999231 12.3777 -0.0235995 0.999203 0.0322068 -0.702 -0.999454 -0.0243262 0.0223596 86.3054
0.0250483 -0.0379035 0.998967 13.2943 -0.0271751 0.998886 0.0385818 -0.668854 -0.999317 -0.0281135 0.0239904 86.3203
0.0273307 -0.0383818 0.998889 14.0327 -0.0290948 0.998809 0.0391748 -0.632758 -0.999203 -0.0301331 0.0261814 86.3522
0.0319584 -0.0425197 0.998584 14.6302 -0.0308622 0.998576 0.043507 -0.65847 -0.999013 -0.0322089 0.0306006 86.3707
0.0356296 -0.0422994 0.998469 15.4776 -0.0378704 0.998329 0.0436449 -0.601042 -0.998647 -0.0393675 0.0339682 86.41
0.0391063 -0.0413898 0.998377 16.2805 -0.0395908 0.998293 0.042937 -0.577523 -0.99845 -0.0412056 0.0374009 86.443
0.0426169 -0.0408108 0.998258 16.9996 -0.0423615 0.998193 0.0426166 -0.568181 -0.998193 -0.0441039 0.040811 86.4902
0.0483423 -0.0393263 0.998056 17.7551 -0.0453191 0.998109 0.0415234 -0.516866 -0.997802 -0.0472384 0.0464686 86.52
0.0518614 -0.0367555 0.997978 18.5645 -0.0475024 0.998101 0.0392286 -0.503554 -0.997524 -0.0494408 0.0500169 86.557
0.0572154 -0.037629 0.997652 19.3754 -0.0457593 0.99814 0.0402717 -0.462991 -0.997313 -0.047956 0.0553872 86.5931
0.0578465 -0.0314363 0.99783 20.2509 -0.040775 0.998596 0.0338243 -0.447171 -0.997492 -0.0426431 0.0564835 86.6833
0.0592293 -0.0264754 0.997893 21.1105 -0.0276344 0.999222 0.0281509 -0.421288 -0.997862 -0.0292435 0.0584515 86.7483
0.0604843 -0.0253338 0.997848 21.948 -0.0258245 0.999304 0.0269361 -0.404331 -0.997835 -0.0273981 0.059788 86.7816
0.0577579 -0.0210501 0.998109 22.8739 -0.0279266 0.999352 0.0226924 -0.395817 -0.99794 -0.0291844 0.0571326 86.8951
0.0571474 -0.0160352 0.998237 23.7063 -0.027338 0.999471 0.0176201 -0.379237 -0.997991 -0.0282968 0.0566788 86.9421
0.0609756 -0.02048 0.997929 24.4179 -0.0293779 0.99932 0.0223035 -0.368762 -0.997707 -0.030677 0.0603325 86.9591
0.0556862 -0.0140149 0.99835 25.4001 -0.026584 0.999526 0.0155142 -0.353579 -0.998094 -0.0274041 0.0552872 87.0853
0.058189 -0.0143011 0.998203 26.191 -0.0209534 0.99966 0.0155434 -0.355138 -0.998086 -0.0218202 0.0578696 87.1103
0.0596986 -0.0140799 0.998117 27.0607 -0.0209788 0.999662 0.0153565 -0.345944 -0.997996 -0.0218561 0.059383 87.148
0.0550575 -0.00881369 0.998444 27.9807 -0.0149068 0.999842 0.00964804 -0.343421 -0.998372 -0.0154148 0.0549174 87.2568
0.0535532 -0.00454236 0.998555 28.7845 -0.0157707 0.999861 0.0053941 -0.350548 -0.99844 -0.0160368 0.0534741 87.304
0.0508297 -0.00379624 0.9987 29.6156 -0.0151025 0.999876 0.00456936 -0.353502 -0.998593 -0.0153151 0.050766 87.3379
0.0454768 -0.0017971 0.998964 30.4682 -0.0144019 0.999893 0.0024544 -0.362883 -0.998862 -0.0144986 0.0454461 87.3795
0.0379713 0.00109355 0.999278 31.3397 -0.012222 0.999925 -0.000629838 -0.361443 -0.999204 -0.0121893 0.0379818 87.4445
0.0309421 0.00106881 0.999521 32.1971 -0.00813511 0.999967 -0.000817453 -0.375158 -0.999488 -0.00810592 0.0309497 87.4582
0.0231764 0.00222937 0.999729 33.1601 -0.00292016 0.999993 -0.00216227 -0.394102 -0.999727 -0.00286926 0.0231828 87.4824
0.0124026 0.00246126 0.99992 33.9352 0.00310673 0.999992 -0.00249997 -0.4068 -0.999918 0.00313749 0.0123949 87.4939
0.00231954 0.00131285 0.999996 34.8332 0.00216015 0.999997 -0.00131786 -0.412016 -0.999995 0.0021632 0.00231669 87.5036
-0.00868746 0.00272065 0.999959 35.8612 0.00068179 0.999996 -0.00271483 -0.436025 -0.999962 0.000658177 -0.00868928 87.5056
-0.0197815 0.00134504 0.999803 36.6676 -0.00113436 0.999998 -0.00136775 -0.445341 -0.999804 -0.0011612 -0.0197799 87.4859
-0.0302186 0.000693677 0.999543 37.7641 0.000417611 1 -0.000681369 -0.455722 -0.999543 0.000396831 -0.0302189 87.4433
-0.042181 0.000414767 0.99911 38.5725 0.00281748 0.999996 -0.000296185 -0.483234 -0.999106 0.00280248 -0.042182 87.4262
-0.0520182 0.00185212 0.998644 39.609 0.0038306 0.999991 -0.00165509 -0.50192 -0.998639 0.00373931 -0.0520249 87.3588
-0.0623695 0.00170477 0.998052 40.3005 0.00251624 0.999996 -0.00155085 -0.521725 -0.99805 0.00241461 -0.0623735 87.3087
-0.0737976 -0.000320731 0.997273 41.3294 0.0042097 0.999991 0.00063312 -0.513973 -0.997264 0.00424495 -0.0737956 87.2637
-0.0813392 -0.000773952 0.996686 42.0473 0.00353654 0.999993 0.00106514 -0.542755 -0.99668 0.00361146 -0.0813359 87.1776
-0.0916543 0.000646633 0.995791 42.966 0.00305085 0.999995 -0.000368557 -0.555808 -0.995786 0.00300423 -0.0916559 87.105
-0.100728 -0.00164021 0.994913 43.8698 -1.3479e-005 0.999999 0.00164723 -0.563431 -0.994914 0.000152511 -0.100728 87.0158
-0.106738 -0.00370142 0.99428 44.6156 -0.00232153 0.999991 0.00347346 -0.57799 -0.994284 -0.0019375 -0.106746 86.9045
-0.112555 -0.0078454 0.993615 45.4401 -0.00441358 0.999963 0.00739556 -0.568205 -0.993636 -0.00355299 -0.112585 86.8228
-0.116523 -0.00887576 0.993148 46.2069 -0.00844993 0.999933 0.00794498 -0.591004 -0.993152 -0.00746625 -0.116591 86.7397
-0.118838 -0.00968157 0.992866 47.0077 -0.00910573 0.999921 0.00866048 -0.605337 -0.992872 -0.00801158 -0.118917 86.6236
-0.120518 -0.0108372 0.992652 47.7845 -0.0112043 0.999892 0.00955593 -0.613643 -0.992648 -0.00997027 -0.120626 86.5565
-0.121273 -0.0109019 0.992559 48.5451 -0.0113186 0.99989 0.00959948 -0.609002 -0.992555 -0.0100702 -0.121383 86.4623
-0.120027 -0.012485 0.992692 49.312 -0.0116972 0.999869 0.011161 -0.639484 -0.992702 -0.0102721 -0.120158 86.3528
-0.119689 -0.014179 0.99271 50.0971 -0.00965175 0.999867 0.0131175 -0.63618 -0.992764 -0.00801137 -0.11981 86.3169
-0.109849 -0.017414 0.993796 50.8078 -0.00901793 0.999823 0.0165228 -0.646042 -0.993907 -0.00714697 -0.109987 86.1644
-0.10545 -0.0127487 0.994343 51.4919 -0.00688697 0.999903 0.0120896 -0.63196 -0.994401 -0.00557315 -0.105528 86.1461
-0.093665 -0.0111147 0.995542 52.1504 -0.00981879 0.999899 0.0102395 -0.657295 -0.995555 -0.00881593 -0.0937647 86.0863
-0.0823195 -0.0129852 0.996521 52.7612 -0.0125137 0.99985 0.0119949 -0.669294 -0.996527 -0.0114828 -0.0824696 86.0602
-0.0619103 -0.0133818 0.997992 53.3648 -0.0136334 0.999828 0.0125606 -0.658633 -0.997989 -0.0128284 -0.0620821 86.0179
-0.0419832 -0.00849126 0.999082 53.9663 -0.0115368 0.999901 0.00801342 -0.687111 -0.999052 -0.0111898 -0.042077 86.0324
-0.0183897 -0.00677429 0.999808 54.5181 -0.00599791 0.99996 0.006665 -0.668757 -0.999813 -0.00587419 -0.0184296 86.045
0.0109989 -0.00789551 0.999908 55.0836 -0.00318534 0.999963 0.00793098 -0.684997 -0.999934 -0.00327228 0.0109733 86.0632
0.0421082 0.00452414 0.999103 55.5592 -0.00428792 0.999981 -0.0043474 -0.695659 -0.999104 -0.00410101 0.0421268 86.1119
0.0810501 -0.0097602 0.996662 56.1681 -0.00809755 0.999913 0.0104505 -0.674571 -0.996677 -0.00891754 0.080964 86.1944
0.11973 0.0641862 0.990729 56.671 -0.0221661 0.997832 -0.0619676 -0.792442 -0.992559 -0.0145413 0.120893 86.2362
0.165592 0.00461683 0.986184 57.1571 -0.0174603 0.999846 -0.001749 -0.688206 -0.98604 -0.0169295 0.165647 86.4135
0.258297 -0.130081 0.957268 57.312 0.0549444 0.991267 0.119876 -0.819863 -0.964502 0.0216329 0.263189 85.8562
0.267479 0.0358249 0.962897 58.0313 0.0175544 0.998962 -0.042043 -0.80204 -0.963404 0.0281487 0.266573 86.5261
0.321762 0.0105508 0.946762 58.3741 0.0177716 0.999694 -0.0171804 -0.823239 -0.946654 0.0223534 0.321476 86.6232
0.403385 -0.0350752 0.914358 58.8882 -0.0467453 0.99717 0.0588745 -0.769019 -0.913835 -0.066491 0.400604 86.7331
0.451306 -0.0232624 0.892066 59.3976 -0.0072942 0.999531 0.029755 -0.770432 -0.89234 -0.0199355 0.450924 87.0585
0.513305 -0.0249123 0.857845 59.822 -0.0122522 0.999264 0.0363505 -0.753099 -0.858119 -0.0291694 0.512622 87.347
0.566624 -0.0213334 0.8237 60.1526 -0.00983995 0.999418 0.0326534 -0.737592 -0.823917 -0.0266074 0.566085 87.6362
0.624507 -0.0126151 0.780918 60.5053 -0.0157638 0.999462 0.028752 -0.720933 -0.78086 -0.0302661 0.623972 87.999
0.665804 0.00621852 0.746101 60.7175 -0.0210764 0.999723 0.0104757 -0.693881 -0.745829 -0.0226999 0.66575 88.4056
0.73314 -0.0469495 0.678455 61.0956 0.00624726 0.998037 0.062314 -0.707216 -0.680049 -0.0414464 0.731994 88.5173
0.761297 0.00357421 0.648394 61.2814 -0.0245694 0.999426 0.0233383 -0.668051 -0.647938 -0.033698 0.760947 89.1279
0.808279 -0.00527528 0.588776 61.4654 -0.0201611 0.999126 0.0366293 -0.66846 -0.588454 -0.041477 0.807466 89.3795
0.845792 -0.00288994 0.533504 61.6374 -0.0242857 0.99874 0.0439115 -0.687304 -0.532959 -0.0500966 0.844657 89.7234
0.872662 0.0069685 0.488275 61.7118 -0.0277078 0.998994 0.035263 -0.638068 -0.487538 -0.0443017 0.871977 90.1074
0.901455 0.000877265 0.432873 61.9548 -0.0250265 0.998431 0.0500941 -0.656728 -0.432149 -0.0559909 0.900062 90.5389
0.922795 -0.00868625 0.385194 62.0783 -0.0144458 0.998263 0.0571184 -0.655195 -0.385021 -0.058273 0.921066 90.9551
0.938259 0.00170534 0.34593 62.2835 -0.0203351 0.998531 0.050232 -0.656996 -0.345336 -0.0541652 0.936915 91.5139
0.949399 0.00880244 0.313949 62.3486 -0.0243009 0.998669 0.0454867 -0.614517 -0.313131 -0.0508143 0.94835 91.9376
0.95917 0.00852666 0.282701 62.4612 -0.0226272 0.998655 0.0466504 -0.595419 -0.281923 -0.0511424 0.958073 92.399
0.965636 -0.00366737 0.259873 62.6142 -0.00871914 0.99888 0.046495 -0.587857 -0.259753 -0.0471631 0.964523 92.9201
0.969631 -0.00581698 0.244503 62.7432 -0.0060717 0.998836 0.0478421 -0.569979 -0.244496 -0.0478738 0.968468 93.5101
0.972956 -0.00442117 0.230947 62.9196 -0.00669243 0.998858 0.0473164 -0.554251 -0.230892 -0.0475824 0.971815 94.1861
0.974778 -0.00228818 0.223165 62.97 -0.00794418 0.998958 0.0449425 -0.519783 -0.223036 -0.0455818 0.973744 94.6708
0.975957 0.00668604 0.21786 63.0949 -0.0159031 0.99905 0.0405814 -0.486957 -0.217382 -0.0430704 0.975136 95.2915
0.976615 0.0151101 0.214464 63.2353 -0.0234341 0.999065 0.036324 -0.464445 -0.213715 -0.0405003 0.976056 95.9254
0.97662 0.0181433 0.214205 63.3684 -0.0261785 0.999054 0.0347348 -0.462994 -0.213372 -0.0395303 0.976171 96.5981
0.976365 0.0115745 0.215817 63.5269 -0.018934 0.999306 0.0320641 -0.44402 -0.215296 -0.0353925 0.975907 97.2808
0.975309 -0.0043525 0.220803 63.6185 -0.00132132 0.999673 0.0255421 -0.42693 -0.220842 -0.0252032 0.974984 97.7245
0.974366 -0.00481562 0.224916 63.7806 7.02198e-005 0.999777 0.0211017 -0.410374 -0.224968 -0.020545 0.97415 98.3146
0.973308 -0.00401879 0.229466 63.8943 -0.00087193 0.999775 0.0212081 -0.402924 -0.2295 -0.0208421 0.973086 98.9692
0.972076 0.000548858 0.234665 64.0188 -0.00662708 0.999663 0.0251138 -0.394873 -0.234572 -0.0259677 0.971752 99.4641
0.970979 -0.000510769 0.239166 64.1396 -0.00677897 0.999537 0.0296563 -0.398699 -0.23907 -0.0304169 0.970526 100.051
0.970059 -0.00153613 0.242864 64.3061 -0.00738671 0.999331 0.0358252 -0.376005 -0.242756 -0.0365465 0.969399 100.608
0.969164 -0.00158944 0.24641 64.3964 -0.00861671 0.999149 0.0403356 -0.361075 -0.246264 -0.0412151 0.968326 100.959
0.968209 -0.00986733 0.249946 64.6199 -0.000732026 0.999106 0.0422781 -0.333122 -0.25014 -0.041117 0.967336 101.845
0.96809 -0.019359 0.249852 64.767 0.00942704 0.999119 0.0408873 -0.333312 -0.250424 -0.0372272 0.96742 102.461
0.968233 -0.017615 0.249427 65.019 0.00929726 0.999362 0.0344862 -0.293755 -0.249876 -0.0310717 0.967779 103.36
0.968437 -0.0157216 0.248761 65.1513 0.0091458 0.999578 0.0275681 -0.27781 -0.249089 -0.0244228 0.968173 103.898
0.969094 -0.00528896 0.246634 65.309 -0.000666056 0.99971 0.0240554 -0.266203 -0.24669 -0.0234763 0.96881 104.603
0.969644 -0.0046965 0.244478 65.5096 -0.00219626 0.999608 0.0279136 -0.24253 -0.244513 -0.0276031 0.969253 105.432
0.970139 -0.00268461 0.242534 65.6903 -0.00600027 0.999367 0.0350631 -0.220964 -0.242475 -0.0354714 0.969509 106.094
0.970803 -0.0015852 0.239873 65.8351 -0.00834434 0.99915 0.0403737 -0.206059 -0.239733 -0.0411965 0.969964 106.694
0.97132 -0.000330217 0.237776 65.9808 -0.00931311 0.999179 0.0394319 -0.193785 -0.237594 -0.0405154 0.970519 107.372
0.97166 0.00405531 0.236348 66.2051 -0.0123363 0.99936 0.033569 -0.158048 -0.23606 -0.0355333 0.971089 108.403
0.972586 0.00252914 0.232529 66.3748 -0.00947399 0.999542 0.0287546 -0.137634 -0.23235 -0.0301693 0.972164 109.101
0.973339 -0.000597218 0.22937 66.5555 -0.0054192 0.999658 0.0255994 -0.116322 -0.229307 -0.0261599 0.973003 110.026
0.974234 -0.00746365 0.225417 66.7237 0.00131012 0.999623 0.0274356 -0.10066 -0.225537 -0.0264334 0.973876 110.744
0.974949 -0.0113817 0.222137 66.845 0.00459709 0.999508 0.0310354 -0.101891 -0.222381 -0.0292367 0.974521 111.354
0.975644 -0.0099441 0.219134 67.0794 0.00273668 0.999446 0.0331695 -0.0684015 -0.219343 -0.0317619 0.975131 112.218
0.975782 -0.0104962 0.218494 67.2424 0.00284001 0.999372 0.0353254 -0.046088 -0.218728 -0.0338494 0.975199 112.98
0.975601 -0.0138117 0.219115 67.4026 0.00560824 0.999261 0.038017 -0.0322733 -0.219478 -0.0358606 0.974958 113.799
0.976003 -0.00882205 0.217576 67.5639 0.000199468 0.999215 0.0396203 -0.0192458 -0.217755 -0.0386261 0.975239 114.443
0.976421 -0.00517568 0.215812 67.7711 -0.00318128 0.999259 0.038358 -0.00493021 -0.21585 -0.0381402 0.975681 115.339
0.975498 0.00661367 0.219909 67.717 -0.0139364 0.999398 0.0317642 0.00488189 -0.219567 -0.0340507 0.975003 115.217
0.97505 0.0163517 0.221381 68.0358 -0.0231297 0.999339 0.0280588 0.0477302 -0.220776 -0.0324792 0.974784 116.745
0.97467 0.0164678 0.223042 68.2077 -0.0233702 0.999325 0.0283424 0.0633368 -0.222424 -0.0328371 0.974397 117.566
0.973808 0.014793 0.226889 68.3213 -0.0220641 0.99932 0.029544 0.0685294 -0.226297 -0.0337763 0.973472 118.126
0.973375 0.00738403 0.229099 68.5788 -0.0142139 0.999502 0.0281759 0.0951841 -0.228777 -0.0306822 0.972995 119.172
0.972767 -0.00116388 0.231782 68.7837 -0.004996 0.99965 0.0259874 0.110809 -0.231731 -0.0264377 0.972421 120.128
0.972675 -0.0131195 0.2318 68.9673 0.00647595 0.999547 0.0293983 0.125172 -0.232081 -0.0270939 0.972319 120.836
0.972541 -0.01906 0.231949 69.2114 0.0126553 0.999497 0.0290695 0.139212 -0.232387 -0.0253359 0.972293 121.798
0.972297 -0.018129 0.233046 69.4141 0.0115268 0.999494 0.0296608 0.149371 -0.233466 -0.0261528 0.972013 122.605
0.971544 -0.00721727 0.236748 69.6006 -0.000326525 0.999494 0.0318096 0.164204 -0.236858 -0.0309817 0.97105 123.477
0.971437 0.00482316 0.23725 69.7322 -0.013586 0.999284 0.0353139 0.183983 -0.236909 -0.0375285 0.970807 124.053
0.971753 0.0039965 0.235965 69.997 -0.014037 0.999065 0.0408863 0.199164 -0.235581 -0.0430436 0.970901 125.086
0.971154 0.000784165 0.238452 70.2225 -0.00890858 0.999416 0.0329957 0.225296 -0.238287 -0.0341682 0.970594 126.013
0.970911 -0.0104174 0.239214 70.4331 0.00544844 0.999756 0.021424 0.232933 -0.239379 -0.0194975 0.97073 126.873
0.971103 -0.0183146 0.237958 70.7073 0.0153311 0.999779 0.0143829 0.247943 -0.238169 -0.0103191 0.971169 127.968
0.971434 -0.0181139 0.236618 70.8802 0.0130043 0.999648 0.0231373 0.260574 -0.236954 -0.0193993 0.971327 128.638
0.97181 -0.009892 0.235558 71.0061 -0.000471603 0.999036 0.0438991 0.271718 -0.235765 -0.0427727 0.970868 129.191
0.972051 -0.0039031 0.234738 71.2082 -0.0100304 0.998258 0.0581345 0.288057 -0.234556 -0.0588642 0.970319 130.038
0.971929 0.00236726 0.235264 71.3976 -0.0147615 0.998593 0.0509349 0.316934 -0.234813 -0.0529779 0.970596 130.89
0.972582 0.00359211 0.232532 71.6359 -0.0122602 0.999282 0.0358427 0.336293 -0.232236 -0.0377109 0.971928 131.844
0.972542 -0.00289532 0.232711 71.8472 -0.00365279 0.99961 0.0277025 0.379515 -0.232701 -0.0277919 0.972151 132.93
0.973299 -0.00911106 0.22936 72.0084 0.0026274 0.999589 0.0285581 0.393587 -0.229526 -0.0271929 0.972923 133.648
0.97443 -0.0115803 0.224392 72.2731 0.0048808 0.999526 0.0303882 0.406181 -0.224638 -0.0285159 0.974025 134.681
0.974691 -0.0109388 0.223287 72.5123 0.00475814 0.999591 0.0281996 0.432142 -0.223504 -0.0264234 0.974345 135.763
0.974976 -0.00252681 0.222296 72.6011 -0.00316076 0.999677 0.0252261 0.434312 -0.222288 -0.0252974 0.974653 136.247
0.976124 0.00192354 0.217206 72.8148 -0.00759834 0.999651 0.0252942 0.451534 -0.217081 -0.0263407 0.975798 137.28
0.976407 0.00899752 0.215749 73.0094 -0.0141807 0.999647 0.0224882 0.468546 -0.21547 -0.0250171 0.97619 138.249
0.976928 0.00805731 0.213415 73.1726 -0.0135342 0.999615 0.0242146 0.484841 -0.213138 -0.0265443 0.976661 138.953
0.976859 0.00401605 0.213846 73.3358 -0.0103478 0.99954 0.0284978 0.485963 -0.213633 -0.0300512 0.976452 139.712
0.977004 0.00226949 0.21321 73.4961 -0.00869397 0.999536 0.0291994 0.495759 -0.213045 -0.0303816 0.97657 140.614
0.977952 -0.00833723 0.208663 73.6956 0.00268566 0.999622 0.0273534 0.51232 -0.208812 -0.0261899 0.977605 141.443
0.978685 -0.0121815 0.205004 73.8395 0.00741975 0.999685 0.0239803 0.518557 -0.205231 -0.0219481 0.978467 142.195
0.979735 -0.0116875 0.199955 73.9767 0.00732608 0.999719 0.0225383 0.53767 -0.200162 -0.0206167 0.979546 143.083
0.981622 -0.012305 0.190436 74.1451 0.00698283 0.999567 0.0285931 0.549446 -0.190705 -0.0267378 0.981283 143.788
0.982459 -0.00726327 0.186339 74.2735 0.000377114 0.999317 0.0369638 0.561044 -0.18648 -0.0362451 0.98179 144.644
0.983082 -0.00511005 0.183093 74.3962 -0.00326814 0.998962 0.0454283 0.573856 -0.183135 -0.0452582 0.982045 145.254
0.984202 -0.000513199 0.17705 74.5393 -0.00819099 0.998793 0.048428 0.593512 -0.176861 -0.0491131 0.98301 146.067
0.984905 0.00453123 0.173034 74.6605 -0.0121232 0.999008 0.0428441 0.618657 -0.172668 -0.0442951 0.983984 146.866
0.985864 0.00584641 0.167443 74.8055 -0.0113513 0.999425 0.0319382 0.641958 -0.16716 -0.0333875 0.985364 147.751
0.987089 -0.00427061 0.160116 74.962 -6.50558e-006 0.999643 0.0267026 0.678682 -0.160173 -0.0263589 0.986737 148.769
0.988083 -0.0071123 0.153756 75.0806 0.00289859 0.999615 0.027612 0.699706 -0.153893 -0.0268372 0.987723 149.506
0.989401 -0.00175187 0.1452 75.1838 -0.00280138 0.999511 0.031148 0.697209 -0.145184 -0.0312246 0.988912 150.221
0.990357 0.0112297 0.138083 75.2505 -0.015244 0.99949 0.0280483 0.712363 -0.137698 -0.0298827 0.990023 150.992
0.991804 0.00947351 0.127418 75.3539 -0.0123554 0.999685 0.0218465 0.738741 -0.12717 -0.0232418 0.991609 151.839
0.992829 0.0100457 0.119124 75.4536 -0.0124358 0.999736 0.0193377 0.741995 -0.118898 -0.0206804 0.992691 152.572
0.993748 -0.00142915 0.111637 75.5407 -0.00102767 0.999759 0.0219466 0.748842 -0.111641 -0.0219241 0.993507 153.425
0.994576 0.0032399 0.103958 75.6046 -0.00618409 0.999588 0.0280112 0.761607 -0.103824 -0.0285022 0.994187 154.178
0.995454 0.00651649 0.0950155 75.6679 -0.00964781 0.999424 0.0325338 0.786636 -0.0947488 -0.0333026 0.994944 154.878
0.996123 0.00683912 0.0877089 75.7018 -0.010074 0.999283 0.0364921 0.799325 -0.0873965 -0.0372342 0.995478 155.67
0.996592 0.0096877 0.081923 75.7934 -0.0128486 0.99919 0.0381452 0.809558 -0.081487 -0.0390678 0.995908 156.583
0.997024 -0.00158507 0.0770701 75.8494 -0.00117667 0.999359 0.0357755 0.837383 -0.0770775 -0.0357597 0.996384 157.377
0.997283 0.00417639 0.0735478 75.8955 -0.00640951 0.999525 0.0301531 0.854023 -0.0733869 -0.0305425 0.996836 158.359
0.997466 0.00869799 0.070611 75.9468 -0.0103346 0.999686 0.0228459 0.868621 -0.0703901 -0.0235178 0.997242 159.282
0.9977 0.00982059 0.067071 75.9761 -0.0112078 0.99973 0.0203375 0.88501 -0.0668532 -0.0210425 0.997541 160.034
0.997944 0.00259653 0.0640388 76.0299 -0.00428927 0.999645 0.0263097 0.899061 -0.0639477 -0.0265303 0.997601 160.841
0.9981 0.00490728 0.0614194 76.0691 -0.0071516 0.999313 0.0363746 0.915174 -0.0611987 -0.0367447 0.997449 161.712
0.998353 0.00469583 0.0571689 76.1195 -0.00718342 0.999033 0.0433856 0.934734 -0.0569099 -0.0437249 0.997421 162.686
0.998601 0.00315831 0.0527888 76.1476 -0.00527169 0.999188 0.0399433 0.94916 -0.0526198 -0.0401657 0.997807 163.133
0.998775 -0.014148 0.047412 76.2319 0.0127013 0.999449 0.0306771 0.972957 -0.0478199 -0.0300374 0.998404 164.482
0.999022 -0.0173879 0.0406581 76.2598 0.0163575 0.99954 0.0255387 1.00314 -0.0410835 -0.0248487 0.998847 165.52
0.999367 -0.0114186 0.0336898 76.2675 0.0105264 0.999592 0.02654 1.01773 -0.0339791 -0.0261685 0.99908 166.255
0.999687 7.79122e-005 0.0250216 76.3079 -0.000893567 0.999468 0.0325885 1.03256 -0.0250058 -0.0326006 0.999156 167.162
0.999806 -0.00500023 0.0190336 76.3044 0.00430783 0.999334 0.0362464 1.04602 -0.0192021 -0.0361574 0.999162 167.945
0.999799 -0.0162183 0.0117947 76.3249 0.0157307 0.999063 0.0403183 1.07101 -0.0124376 -0.0401247 0.999117 168.807
0.999825 -0.0179647 0.00528339 76.3391 0.0177384 0.999037 0.0401388 1.09102 -0.00599938 -0.0400381 0.99918 169.703
0.999864 -0.016471 3.77044e-005 76.3291 0.0164607 0.999317 0.0330794 1.11283 -0.000582529 -0.0330743 0.999453 170.606
0.99984 -0.015728 -0.00850499 76.3358 0.0159182 0.999614 0.0227715 1.13902 0.00814355 -0.0229032 0.999705 171.592
0.999654 -0.0215977 -0.015011 76.3328 0.02187 0.999595 0.0182195 1.15526 0.0146114 -0.0185415 0.999721 172.494
0.999623 -0.0158926 -0.022393 76.3137 0.016474 0.999526 0.0260213 1.16127 0.0219688 -0.0263804 0.999411 173.306
0.999632 0.00443178 -0.0267578 76.2749 -0.00338766 0.999236 0.0389411 1.18662 0.0269099 -0.0388361 0.998883 174.059
0.999392 0.0157051 -0.0311396 76.236 -0.0142289 0.99879 0.047075 1.19688 0.0318413 -0.0466033 0.998406 174.904
0.999274 0.0139231 -0.0354602 76.2202 -0.0123553 0.998953 0.0440542 1.2112 0.0360364 -0.0435841 0.9984 175.372
0.999187 0.0164976 -0.0367933 76.1521 -0.0152696 0.999325 0.0334108 1.2411 0.0373197 -0.0328218 0.998764 176.633
0.999154 0.0133687 -0.0388915 76.0941 -0.0124352 0.999631 0.0241472 1.26555 0.0392 -0.0236431 0.998952 177.595
0.999067 0.0127992 -0.0412395 76.0523 -0.0119411 0.999708 0.020988 1.27674 0.0414961 -0.020476 0.998929 178.399
0.999017 0.00504328 -0.0440335 76.0257 -0.00392679 0.99967 0.0254054 1.2892 0.044147 -0.0252075 0.998707 179.284
0.999018 -0.00721272 -0.0437116 75.9964 0.00871989 0.999371 0.0343877 1.29726 0.043436 -0.0347351 0.998452 179.784
0.998997 -0.00477157 -0.0445123 75.9388 0.00652474 0.999205 0.0393244 1.32131 0.0442893 -0.0395755 0.998235 180.873
0.998951 0.000905785 -0.045774 75.9089 0.000872549 0.999246 0.0388154 1.33731 0.0457746 -0.0388147 0.998197 181.725
0.998823 -0.00218599 -0.0484471 75.8582 0.00359985 0.99957 0.0291157 1.36053 0.0483626 -0.0292558 0.998401 182.583
0.998695 -0.0117711 -0.0497004 75.8202 0.0126608 0.999765 0.0176237 1.37002 0.0494813 -0.01823 0.998609 183.542
0.998393 -0.0196249 -0.0531647 75.8087 0.0203576 0.999705 0.0132749 1.37049 0.0528885 -0.0143359 0.998498 184.511
0.998405 -0.017158 -0.0537908 75.7332 0.0181053 0.999689 0.0171743 1.39546 0.0534793 -0.0181208 0.998405 185.449
0.998502 -0.00302291 -0.0546233 75.6912 0.00459102 0.99958 0.0286051 1.39459 0.0545139 -0.0288131 0.998097 186.05
0.998358 0.00777436 -0.0567465 75.6472 -0.0059237 0.999447 0.0327083 1.39659 0.0569694 -0.0323185 0.997853 186.899
0.99832 0.00701946 -0.0575227 75.5933 -0.00536616 0.999569 0.0288459 1.41036 0.0577004 -0.0284888 0.997927 187.812
0.998392 0.00183332 -0.0566507 75.5109 -0.000531489 0.999736 0.0229864 1.42449 0.0566779 -0.0229194 0.998129 188.708
0.998273 0.00777292 -0.0582372 75.4621 -0.00648232 0.99973 0.0223173 1.44045 0.058395 -0.0219013 0.998053 189.572
0.998338 0.00951315 -0.0568328 75.3848 -0.00807121 0.999641 0.0255475 1.44293 0.0570554 -0.0250464 0.998057 190.441
0.998299 0.00471905 -0.0581125 75.3504 -0.00300854 0.999561 0.0294869 1.45039 0.0582261 -0.029262 0.997874 191.261
0.99836 0.0062777 -0.0569079 75.302 -0.00444738 0.99947 0.0322326 1.46743 0.0570801 -0.0319267 0.997859 192.103
