1 -8.22789e-007 -0.00085052 -0.0332714 -8.22789e-007 0.999998 -0.00193479 -0.0106501 0.00085052 0.00193479 0.999998 0.665833
0.99999 -8.02502e-006 -0.00448179 -0.0572275 -8.02502e-006 0.999994 -0.00358114 -0.011952 0.00448179 0.00358114 0.999984 1.32848
0.999968 -1.44594e-005 -0.00797551 -0.0719505 -1.44594e-005 0.999993 -0.00362588 -0.0435435 0.00797551 0.00362588 0.999962 2.00814
0.999939 -2.27065e-005 -0.0110594 -0.116497 -2.27065e-005 0.999992 -0.00410615 -0.0492159 0.0110594 0.00410615 0.99993 2.67761
0.99986 -3.48606e-005 -0.0167087 -0.103647 -3.48606e-005 0.999991 -0.00417243 -0.0635818 0.0167087 0.00417243 0.999852 3.51312
0.99982 -5.09515e-005 -0.0189842 -0.177412 -5.09515e-005 0.999986 -0.00536727 -0.0685806 0.0189842 0.00536727 0.999805 4.21295
0.999704 -7.13338e-005 -0.024336 -0.183048 -7.13338e-005 0.999983 -0.00586149 -0.0807457 0.024336 0.00586149 0.999687 5.04755
0.999582 -5.89225e-005 -0.0289199 -0.207348 -5.89225e-005 0.999992 -0.00407401 -0.0887312 0.0289199 0.00407401 0.999573 5.73853
0.999425 -3.7665e-005 -0.0339157 -0.214262 -3.7665e-005 0.999998 -0.00222045 -0.0866017 0.0339157 0.00222045 0.999422 6.50942
0.999326 9.66105e-006 -0.0367085 -0.259725 9.66105e-006 1 0.000526189 -0.0955931 0.0367085 -0.000526189 0.999326 7.28351
0.999233 -3.82505e-006 -0.0391531 -0.294046 -3.82505e-006 1 -0.000195314 -0.0989236 0.0391531 0.000195314 0.999233 8.06053
0.999189 -5.27866e-006 -0.0402756 -0.350385 -5.27866e-006 1 -0.000262021 -0.107091 0.0402756 0.000262021 0.999189 8.88155
0.999062 -2.01898e-005 -0.0433062 -0.365789 -2.01898e-005 1 -0.000931986 -0.113536 0.0433062 0.000931986 0.999061 9.67404
0.999017 2.72695e-007 -0.0443293 -0.416426 2.72695e-007 1 1.22971e-005 -0.123711 0.0443293 -1.22971e-005 0.999017 10.5089
0.998868 -2.16218e-006 -0.0475619 -0.449628 -2.16218e-006 1 -9.08693e-005 -0.128401 0.0475619 9.08693e-005 0.998868 11.3542
0.998878 -4.58939e-005 -0.0473671 -0.483405 -4.58939e-005 0.999998 -0.00193671 -0.144776 0.0473671 0.00193671 0.998876 12.1461
0.998865 -0.000109356 -0.0476397 -0.555746 -0.000109356 0.999989 -0.00458832 -0.148357 0.0476397 0.00458832 0.998854 12.9285
0.998804 -0.000147966 -0.0488982 -0.59149 -0.000147966 0.999982 -0.00604831 -0.157163 0.0488982 0.00604831 0.998785 13.7368
0.998704 -0.000140279 -0.0508969 -0.626547 -0.000140279 0.999985 -0.00550867 -0.166324 0.0508969 0.00550867 0.998689 14.5598
0.998617 -0.000111768 -0.0525689 -0.639015 -0.000111768 0.999991 -0.0042493 -0.183547 0.0525689 0.0042493 0.998608 15.3158
0.998523 -6.42896e-005 -0.0543339 -0.678752 -6.42896e-005 0.999997 -0.00236471 -0.197446 0.0543339 0.00236471 0.99852 16.1355
0.99855 -7.37581e-005 -0.0538263 -0.758419 -7.37581e-005 0.999996 -0.00273861 -0.211145 0.0538263 0.00273861 0.998547 17.0052
0.998345 -7.67031e-005 -0.0575061 -0.753817 -7.67031e-005 0.999996 -0.00266544 -0.228066 0.0575061 0.00266544 0.998342 17.8316
0.998368 -0.000116967 -0.0571071 -0.818767 -0.000116967 0.999992 -0.00409306 -0.241043 0.0571071 0.00409306 0.99836 18.6066
0.998231 -5.68849e-005 -0.059458 -0.815925 -5.68849e-005 0.999998 -0.00191175 -0.258337 0.059458 0.00191175 0.998229 19.4209
0.998341 2.55214e-005 -0.0575793 -0.942614 2.55214e-005 1 0.000885743 -0.247526 0.0575793 -0.000885743 0.998341 20.3482
0.998285 0.000155175 -0.0585493 -0.936793 0.000155175 0.999986 0.00529607 -0.275856 0.0585493 -0.00529607 0.99827 21.1581
0.998454 0.000217513 -0.0555824 -0.994294 0.000217513 0.999969 0.00782052 -0.275272 0.0555824 -0.00782052 0.998423 22.0444
0.998467 0.000240392 -0.0553452 -1.03388 0.000240392 0.999962 0.00868016 -0.277021 0.0553452 -0.00868016 0.99843 22.991
0.998498 0.000160356 -0.0547908 -1.05195 0.000160356 0.999983 0.00584895 -0.286913 0.0547908 -0.00584895 0.998481 23.8422
0.998642 3.12497e-005 -0.0521005 -1.14585 3.12497e-005 0.999999 0.00119878 -0.28837 0.0521005 -0.00119878 0.998641 24.8151
0.99873 -5.25612e-005 -0.0503915 -1.20328 -5.25612e-005 0.999998 -0.00208478 -0.29014 0.0503915 0.00208478 0.998727 25.7396
0.998709 -2.47079e-005 -0.0508061 -1.22533 -2.47079e-005 1 -0.000972007 -0.310371 0.0508061 0.000972007 0.998708 26.6238
0.998717 9.49651e-005 -0.0506422 -1.28662 9.49651e-005 0.999993 0.00374802 -0.309525 0.0506422 -0.00374802 0.99871 27.5735
0.998677 0.00017896 -0.0514131 -1.32614 0.00017896 0.999976 0.00695697 -0.32276 0.0514131 -0.00695697 0.998653 28.4686
0.998612 0.000154973 -0.052663 -1.37706 0.000154973 0.999983 0.00588133 -0.32443 0.052663 -0.00588133 0.998595 29.4217
0.998203 8.51533e-005 -0.0599275 -1.27324 8.51533e-005 0.999996 0.00283932 -0.29809 0.0599275 -0.00283932 0.998199 30.2478
0.998508 -4.57703e-005 -0.0545989 -1.49662 -4.57703e-005 0.999999 -0.00167535 -0.340964 0.0545989 0.00167535 0.998507 31.3158
0.997937 -5.68552e-005 -0.0641956 -1.37495 -5.68552e-005 0.999998 -0.00176948 -0.319493 0.0641956 0.00176948 0.997936 32.032
0.998157 -2.06821e-005 -0.0606889 -1.53685 -2.06821e-005 1 -0.00068095 -0.342497 0.0606889 0.00068095 0.998156 32.9731
0.997971 8.3421e-005 -0.0636646 -1.53523 8.3421e-005 0.999997 0.00261798 -0.338377 0.0636646 -0.00261798 0.997968 33.783
0.99801 0.000117046 -0.0630532 -1.63923 0.000117046 0.999993 0.0037089 -0.349146 0.0630532 -0.0037089 0.998003 34.7398
0.997936 0.000208985 -0.0642144 -1.6994 0.000208985 0.999979 0.00650219 -0.355913 0.0642144 -0.00650219 0.997915 35.6543
0.997972 0.000301436 -0.063647 -1.77015 0.000301436 0.999955 0.0094623 -0.3611 0.063647 -0.0094623 0.997928 36.5883
0.997923 0.000389339 -0.0644184 -1.84515 0.000389339 0.999927 0.0120748 -0.362667 0.0644184 -0.0120748 0.99785 37.5602
0.998023 0.000373841 -0.0628519 -1.93165 0.000373841 0.999929 0.0118838 -0.370622 0.0628519 -0.0118838 0.997952 38.5074
0.997893 0.00031481 -0.0648779 -1.96657 0.00031481 0.999953 0.00969426 -0.374183 0.0648779 -0.00969426 0.997846 39.6433
0.997999 0.000261406 -0.0632329 -2.07654 0.000261406 0.999966 0.00825962 -0.379171 0.0632329 -0.00825962 0.997965 40.617
0.997709 0.000247058 -0.0676461 -2.10829 0.000247058 0.999973 0.00729597 -0.378464 0.0676461 -0.00729597 0.997683 41.73
0.997846 0.000300254 -0.0656043 -2.21245 0.000300254 0.999958 0.00914343 -0.389339 0.0656043 -0.00914343 0.997804 42.6159
0.997422 0.000322128 -0.0717517 -2.21786 0.000322128 0.99996 0.0089672 -0.382311 0.0717517 -0.0089672 0.997382 43.6751
0.997565 0.000211941 -0.0697355 -2.33132 0.000211941 0.999982 0.00607097 -0.389059 0.0697355 -0.00607097 0.997547 44.6149
0.997302 5.56912e-005 -0.0734143 -2.36113 5.56912e-005 0.999999 0.00151513 -0.40048 0.0734143 -0.00151513 0.9973 45.591
0.997501 4.34913e-005 -0.0706532 -2.49397 4.34913e-005 0.999999 0.00122958 -0.405226 0.0706532 -0.00122958 0.9975 46.5706
0.997243 0.000148357 -0.0741991 -2.496 0.000148357 0.999992 0.00399336 -0.425473 0.0741991 -0.00399336 0.997235 47.3433
0.997342 0.000255367 -0.0728676 -2.58752 0.000255367 0.999975 0.00699968 -0.422245 0.0728676 -0.00699968 0.997317 48.229
0.997232 0.000283589 -0.0743464 -2.62507 0.000283589 0.999971 0.00761818 -0.442956 0.0743464 -0.00761818 0.997203 49.1306
0.997312 0.000236399 -0.0732671 -2.71195 0.000236399 0.999979 0.00644433 -0.45308 0.0732671 -0.00644433 0.997292 50.024
0.997324 0.000182014 -0.073108 -2.77759 0.000182014 0.999988 0.00497262 -0.469191 0.073108 -0.00497262 0.997312 50.9317
0.997138 0.000218126 -0.0756073 -2.8128 0.000218126 0.999983 0.00576166 -0.470669 0.0756073 -0.00576166 0.997121 51.8023
0.997212 0.000370558 -0.0746212 -2.89086 0.000370558 0.999951 0.00991762 -0.493679 0.0746212 -0.00991762 0.997163 52.6773
0.997126 0.000559766 -0.0757545 -2.95049 0.000559766 0.999891 0.0147564 -0.498006 0.0757545 -0.0147564 0.997017 53.5737
0.997015 0.000645821 -0.0772018 -3.01298 0.000645821 0.99986 0.0167046 -0.499186 0.0772018 -0.0167046 0.996876 54.5363
0.996912 0.000508839 -0.0785263 -3.09795 0.000508839 0.999916 0.0129392 -0.49981 0.0785263 -0.0129392 0.996828 55.4969
0.996818 0.000222355 -0.0797065 -3.18477 0.000222355 0.999984 0.00557044 -0.509094 0.0797065 -0.00557044 0.996803 56.4642
0.996787 2.73262e-005 -0.0800934 -3.28388 2.73262e-005 1 0.000681262 -0.504103 0.0800934 -0.000681262 0.996787 57.4164
0.996604 8.16016e-005 -0.0823419 -3.32618 8.16016e-005 0.999998 0.00197865 -0.525883 0.0823419 -0.00197865 0.996602 58.2297
0.996716 0.000186384 -0.0809823 -3.48985 0.000186384 0.999989 0.00459551 -0.523054 0.0809823 -0.00459551 0.996705 59.2105
0.996505 0.000259442 -0.083536 -3.49322 0.000259442 0.999981 0.00620058 -0.552282 0.083536 -0.00620058 0.996485 59.9862
0.996462 0.00026147 -0.0840386 -3.62313 0.00026147 0.999981 0.00621155 -0.54383 0.0840386 -0.00621155 0.996443 60.8614
0.996352 0.000304892 -0.0853358 -3.70936 0.000304892 0.999975 0.00713257 -0.55788 0.0853358 -0.00713257 0.996327 61.709
0.996177 0.000324119 -0.0873589 -3.77851 0.000324119 0.999973 0.00740612 -0.559213 0.0873589 -0.00740612 0.996149 62.5369
0.996072 0.000356574 -0.0885445 -3.85996 0.000356574 0.999968 0.00803817 -0.572654 0.0885445 -0.00803817 0.99604 63.3808
0.995936 0.000433221 -0.0900614 -3.91733 0.000433221 0.999954 0.00960081 -0.588922 0.0900614 -0.00960081 0.99589 64.1711
0.995668 0.000533447 -0.0929763 -3.9894 0.000533447 0.999934 0.0114497 -0.582851 0.0929763 -0.0114497 0.995602 64.9705
0.995756 0.000755007 -0.092026 -4.08605 0.000755007 0.999866 0.0163726 -0.595764 0.092026 -0.0163726 0.995622 65.7914
0.995475 0.000831883 -0.095024 -4.16995 0.000831883 0.999847 0.0174679 -0.58155 0.095024 -0.0174679 0.995322 66.6049
0.995616 0.000642805 -0.0935326 -4.29945 0.000642805 0.999906 0.0137143 -0.584894 0.0935326 -0.0137143 0.995522 67.428
0.995187 0.000339732 -0.0979904 -4.31798 0.000339732 0.999976 0.00691721 -0.606321 0.0979904 -0.00691721 0.995163 68.1297
0.994749 -6.62533e-005 -0.102349 -4.37383 -6.62533e-005 0.999999 -0.00129125 -0.600581 0.102349 0.00129125 0.994748 68.9917
0.994749 -6.62533e-005 -0.102349 -4.42968 -6.62533e-005 0.999999 -0.00129125 -0.59484 0.102349 0.00129125 0.994748 69.8538
0.994795 6.40717e-005 -0.101897 -4.55462 6.40717e-005 0.999999 0.0012543 -0.573391 0.101897 -0.0012543 0.994794 70.429
0.994533 0.000207599 -0.10442 -4.59703 0.000207599 0.999992 0.00396533 -0.60466 0.10442 -0.00396533 0.994525 71.2351
0.994773 -4.74513e-005 -0.102109 -4.75257 -4.74513e-005 1 -0.000926999 -0.585098 0.102109 0.000926999 0.994773 71.7973
0.994453 -0.000302356 -0.105178 -4.71744 -0.000302356 0.999984 -0.00573341 -0.633806 0.105178 0.00573341 0.994437 72.5647
0.994856 -0.000595749 -0.101293 -4.84337 -0.000595749 0.999931 -0.0117322 -0.616893 0.101293 0.0117322 0.994787 72.9978
0.994851 -0.000566887 -0.10135 -4.83545 -0.000566887 0.999938 -0.0111576 -0.650605 0.10135 0.0111576 0.994788 73.7332
0.995377 -0.000425165 -0.0960481 -4.92488 -0.000425165 0.999961 -0.00883253 -0.632135 0.0960481 0.00883253 0.995338 74.0696
0.995824 -0.000271309 -0.0912908 -4.96406 -0.000271309 0.999982 -0.00593139 -0.647448 0.0912908 0.00593139 0.995807 74.6392
0.996409 -9.27305e-005 -0.0846682 -5.02535 -9.27305e-005 0.999998 -0.00218651 -0.65372 0.0846682 0.00218651 0.996407 75.1092
0.996928 4.82131e-005 -0.0783245 -5.01704 4.82131e-005 0.999999 0.00122922 -0.676979 0.0783245 -0.00122922 0.996927 75.6866
0.997854 3.52912e-005 -0.0654779 -5.08514 3.52912e-005 0.999999 0.0010768 -0.670368 0.0654779 -0.0010768 0.997853 76.0063
0.998659 2.63302e-005 -0.0517658 -5.09199 2.63302e-005 0.999999 0.0010166 -0.682156 0.0517658 -0.0010166 0.998659 76.5731
0.999466 2.9054e-005 -0.0326832 -5.11915 2.9054e-005 0.999998 0.00177744 -0.683503 0.0326832 -0.00177744 0.999464 77.0184
0.999937 1.42921e-005 -0.0112049 -5.10396 1.42921e-005 0.999997 0.00255094 -0.689881 0.0112049 -0.00255094 0.999934 77.5009
0.999892 -2.98247e-005 0.0147183 -5.07191 -2.98247e-005 0.999992 0.0040525 -0.701672 -0.0147183 -0.0040525 0.999883 77.9601
0.999001 -0.000128313 0.0446767 -5.0453 -0.000128313 0.999984 0.00574118 -0.702655 -0.0446767 -0.00574118 0.998985 78.4367
0.997095 -0.000301547 0.0761625 -4.96439 -0.000301547 0.999969 0.00790688 -0.717436 -0.0761625 -0.00790688 0.997064 78.9058
0.993394 -0.000482691 0.114754 -4.90704 -0.000482691 0.999965 0.0083847 -0.715727 -0.114754 -0.0083847 0.993359 79.3649
0.98775 -0.000712946 0.156042 -4.79511 -0.000712946 0.999959 0.00908173 -0.725721 -0.156042 -0.00908173 0.987709 79.836
0.979179 -0.000897534 0.202997 -4.7285 -0.000897534 0.999961 0.00875062 -0.725024 -0.202997 -0.00875062 0.97914 80.2287
0.968372 -0.00100499 0.24951 -4.52992 -0.00100499 0.999968 0.00792818 -0.739624 -0.24951 -0.00792818 0.96834 80.7049
0.952763 -0.000647909 0.303713 -4.40245 -0.000647909 0.999991 0.0041658 -0.733423 -0.303713 -0.0041658 0.952754 81.075
0.933295 -0.000859102 0.359109 -4.18968 -0.000859102 0.999989 0.00462503 -0.753847 -0.359109 -0.00462503 0.933284 81.4958
0.909196 -0.000298288 0.416369 -4.00616 -0.000298288 0.999999 0.00136775 -0.735525 -0.416369 -0.00136775 0.909195 81.82
0.880468 -0.000609848 0.474104 -3.7511 -0.000609848 0.999997 0.00241887 -0.756516 -0.474104 -0.00241887 0.880465 82.2069
0.847675 -1.15257e-005 0.530516 -3.52099 -1.15257e-005 1 4.01416e-005 -0.737701 -0.530516 -4.01416e-005 0.847675 82.4726
0.811085 -0.000877889 0.584927 -3.23205 -0.000877889 0.999996 0.00271816 -0.771067 -0.584927 -0.00271816 0.811081 82.812
0.772788 -0.000543086 0.634664 -2.95039 -0.000543086 0.999999 0.00151699 -0.745248 -0.634664 -0.00151699 0.772787 83.0356
0.730312 -0.00148314 0.683112 -2.63462 -0.00148314 0.999992 0.00375675 -0.758113 -0.683112 -0.00375675 0.730304 83.3241
0.68592 -0.00178837 0.727674 -2.33038 -0.00178837 0.99999 0.00414337 -0.759119 -0.727674 -0.00414337 0.68591 83.5365
0.639511 -0.00270074 0.768777 -1.99429 -0.00270074 0.99998 0.0057596 -0.765341 -0.768777 -0.0057596 0.639491 83.7624
0.595768 -0.00495757 0.803142 -1.63661 -0.00495757 0.999939 0.00984986 -0.766388 -0.803142 -0.00984986 0.595707 83.9174
0.548512 -0.00454187 0.83613 -1.29414 -0.00454187 0.999954 0.00841129 -0.782544 -0.83613 -0.00841129 0.548466 84.1145
0.502533 -0.00221776 0.864555 -0.893506 -0.00221776 0.99999 0.00385428 -0.774665 -0.864555 -0.00385428 0.502523 84.2901
0.455277 -0.000838512 0.890349 -0.480923 -0.000838512 0.999999 0.00137055 -0.787091 -0.890349 -0.00137055 0.455276 84.4928
0.416604 -0.00656234 0.909064 -0.142834 -0.00656234 0.999926 0.0102256 -0.787434 -0.909064 -0.0102256 0.416531 84.5398
0.376342 -0.0158281 0.926346 0.254888 -0.0158281 0.999598 0.0235102 -0.784079 -0.926346 -0.0235102 0.37594 84.6671
0.342014 -0.0197435 0.939487 0.640919 -0.0197435 0.999408 0.0281903 -0.781287 -0.939487 -0.0281903 0.341422 84.7504
0.308873 -0.0173652 0.950945 1.0535 -0.0173652 0.999564 0.0238933 -0.779947 -0.950945 -0.0238933 0.308436 84.8654
0.277479 -0.00862221 0.960693 1.47053 -0.00862221 0.999897 0.0114644 -0.779482 -0.960693 -0.0114644 0.277376 84.984
0.249712 -0.00486623 0.968308 1.8867 -0.00486623 0.999968 0.00628027 -0.786156 -0.968308 -0.00628027 0.24968 85.078
0.22399 -0.00463785 0.97458 2.30559 -0.00463785 0.999972 0.00582461 -0.798388 -0.97458 -0.00582461 0.223963 85.1539
0.201343 -0.0107766 0.979462 2.70082 -0.0107766 0.999855 0.0132163 -0.80266 -0.979462 -0.0132163 0.201197 85.1958
0.181295 -0.0148675 0.983316 3.10557 -0.0148675 0.99973 0.0178569 -0.790671 -0.983316 -0.0178569 0.181025 85.2485
0.162134 -0.0162635 0.986635 3.53502 -0.0162635 0.999684 0.0191512 -0.775377 -0.986635 -0.0191512 0.161818 85.2985
0.144458 -0.0139781 0.989412 3.93966 -0.0139781 0.999772 0.0161653 -0.769643 -0.989412 -0.0161653 0.14423 85.3558
0.128991 -0.0121901 0.991571 4.34982 -0.0121901 0.999829 0.0138774 -0.771747 -0.991571 -0.0138774 0.12882 85.4047
0.114407 -0.0124521 0.993356 4.77405 -0.0124521 0.999825 0.0139674 -0.768111 -0.993356 -0.0139674 0.114231 85.4475
0.101277 -0.0147444 0.994749 5.21672 -0.0147444 0.999758 0.0163198 -0.767802 -0.994749 -0.0163198 0.101035 85.4797
0.0895856 -0.0179774 0.995817 5.67944 -0.0179774 0.999645 0.0196638 -0.76588 -0.995817 -0.0196638 0.0892306 85.5152
0.0795869 -0.0205215 0.996617 6.13654 -0.0205215 0.999542 0.0222206 -0.762559 -0.996617 -0.0222206 0.0791293 85.5416
0.0714008 -0.022222 0.9972 6.61942 -0.022222 0.999468 0.0238637 -0.756354 -0.9972 -0.0238637 0.070869 85.5756
0.0650974 -0.0240885 0.997588 7.13429 -0.0240885 0.999379 0.0257037 -0.747074 -0.997588 -0.0257037 0.0644768 85.6083
0.0592853 -0.0235665 0.997963 7.63825 -0.0235665 0.99941 0.0250007 -0.738432 -0.997963 -0.0250007 0.0586949 85.6441
0.0540305 -0.0248803 0.998229 8.17408 -0.0248803 0.999346 0.0262548 -0.726091 -0.998229 -0.0262548 0.0533762 85.6657
0.0480146 -0.0243755 0.998549 8.67705 -0.0243755 0.999376 0.0255678 -0.728368 -0.998549 -0.0255678 0.0473905 85.7115
0.0461712 -0.0274613 0.998556 9.28485 -0.0274613 0.999209 0.028749 -0.707836 -0.998556 -0.028749 0.0453805 85.7183
0.0427099 -0.0273509 0.998713 9.84541 -0.0273509 0.999219 0.0285344 -0.702045 -0.998713 -0.0285344 0.0419285 85.7473
0.0405339 -0.034236 0.998591 10.4489 -0.034236 0.998778 0.0356321 -0.685032 -0.998591 -0.0356321 0.0393123 85.7571
0.0409361 -0.0354024 0.998534 11.0466 -0.0354024 0.998693 0.0368594 -0.670199 -0.998534 -0.0368594 0.0396293 85.7758
0.0417766 -0.0381749 0.998397 11.6621 -0.0381749 0.998479 0.0397754 -0.652315 -0.998397 -0.0397754 0.0402558 85.7972
0.0441453 -0.0387076 0.998275 12.3056 -0.0387076 0.998433 0.0404254 -0.625347 -0.998275 -0.0404254 0.0425778 85.8291
0.0480582 -0.0414686 0.997983 12.8898 -0.0414686 0.998194 0.0434742 -0.624985 -0.997983 -0.0434742 0.0462518 85.8694
0.0537903 -0.0426867 0.997639 13.5412 -0.0426867 0.998074 0.0450068 -0.592137 -0.997639 -0.0450068 0.0518646 85.8758
0.0568257 -0.042487 0.99748 14.1839 -0.042487 0.998086 0.0449332 -0.5675 -0.99748 -0.0449332 0.0549118 85.929
0.0605034 -0.0427645 0.997251 14.8401 -0.0427645 0.998053 0.0453934 -0.539325 -0.997251 -0.0453934 0.0585568 85.9684
0.0648369 -0.0411748 0.997046 15.4759 -0.0411748 0.998187 0.0438995 -0.490693 -0.997046 -0.0438995 0.063024 86.0068
0.0686511 -0.0401789 0.996831 16.1746 -0.0401789 0.998267 0.0430038 -0.469956 -0.996831 -0.0430038 0.0669177 86.0588
0.0724835 -0.0369147 0.996686 16.8628 -0.0369147 0.998531 0.0396676 -0.441589 -0.996686 -0.0396676 0.0710143 86.1222
0.0765705 -0.0349406 0.996452 17.61 -0.0349406 0.998678 0.0377036 -0.425341 -0.996452 -0.0377036 0.0752484 86.1698
0.076729 -0.0285201 0.996644 18.3027 -0.0285201 0.999119 0.0307866 -0.399209 -0.996644 -0.0307866 0.075848 86.2484
0.077377 -0.0266705 0.996645 19.0253 -0.0266705 0.999229 0.0288103 -0.381117 -0.996645 -0.0288103 0.076606 86.2957
0.0765045 -0.0255816 0.996741 19.7444 -0.0255816 0.999291 0.0276106 -0.374611 -0.996741 -0.0276106 0.0757959 86.3548
0.077739 -0.0233436 0.9967 20.4631 -0.0233436 0.999409 0.0252278 -0.356189 -0.9967 -0.0252278 0.0771481 86.4063
0.0767625 -0.0242121 0.996755 21.1909 -0.0242121 0.999365 0.0261402 -0.352578 -0.996755 -0.0261402 0.0761276 86.4696
0.0777031 -0.0229385 0.996713 21.9181 -0.0229385 0.999429 0.0247893 -0.333115 -0.996713 -0.0247893 0.0771326 86.5303
0.0771323 -0.020987 0.9968 22.6901 -0.020987 0.999523 0.0226683 -0.330073 -0.9968 -0.0226683 0.076655 86.6072
0.0776638 -0.0164299 0.996844 23.4122 -0.0164299 0.999707 0.0177571 -0.33092 -0.996844 -0.0177571 0.0773711 86.6614
0.0758125 -0.013231 0.997034 24.1642 -0.013231 0.999811 0.0142739 -0.325724 -0.997034 -0.0142739 0.0756231 86.7342
0.073429 -0.0126464 0.99722 24.9321 -0.0126464 0.999827 0.0136107 -0.322166 -0.99722 -0.0136107 0.0732563 86.7946
0.0679822 -0.00859416 0.99765 25.663 -0.00859416 0.999921 0.00919935 -0.322609 -0.99765 -0.00919935 0.067903 86.8594
0.0627638 -0.00606585 0.99801 26.4278 -0.00606585 0.999961 0.00645918 -0.320568 -0.99801 -0.00645918 0.0627246 86.9245
0.05657 -0.00295854 0.998394 27.1697 -0.00295854 0.999991 0.0031309 -0.333392 -0.998394 -0.0031309 0.0565608 86.9621
0.048765 -0.00332995 0.998805 27.9521 -0.00332995 0.999988 0.00349647 -0.334873 -0.998805 -0.00349647 0.0487534 87.0126
0.0406765 -0.00212856 0.99917 28.7108 -0.00212856 0.999995 0.00221697 -0.358783 -0.99917 -0.00221697 0.0406718 87.0287
0.0299666 -0.00199204 0.999549 29.4957 -0.00199204 0.999996 0.00205265 -0.35826 -0.999549 -0.00205265 0.0299625 87.0707
0.0200016 -0.00336182 0.999794 30.2682 -0.00336182 0.999988 0.00342973 -0.370695 -0.999794 -0.00342973 0.01999 87.0769
0.00870011 -0.00163812 0.999961 31.0763 -0.00163812 0.999997 0.00165243 -0.375883 -0.999961 -0.00165243 0.0086974 87.1012
-0.00211665 -0.00334359 0.999992 31.8927 -0.00334359 0.999989 0.0033365 -0.389884 -0.999992 -0.0033365 -0.00212781 87.0938
-0.0137852 -0.00243494 0.999902 32.7577 -0.00243494 0.999994 0.00240159 -0.391927 -0.999902 -0.00240159 -0.013791 87.0953
-0.0246488 -0.00287205 0.999692 33.5048 -0.00287205 0.999992 0.0028021 -0.403055 -0.999692 -0.0028021 -0.0246568 87.0764
-0.0352094 -0.00203376 0.999378 34.2847 -0.00203376 0.999996 0.00196336 -0.415086 -0.999378 -0.00196336 -0.0352134 87.0442
-0.045554 -0.00256326 0.998959 35.0715 -0.00256326 0.999994 0.00244903 -0.429703 -0.998959 -0.00244903 -0.0455603 87.007
-0.0552302 -0.00395435 0.998466 35.8126 -0.00395435 0.999985 0.00374163 -0.423622 -0.998466 -0.00374163 -0.055245 86.9662
-0.0644212 -0.00363825 0.997916 36.5721 -0.00363825 0.999988 0.00341094 -0.447958 -0.997916 -0.00341094 -0.0644337 86.905
-0.0741663 -0.00532018 0.997232 37.3229 -0.00532018 0.999974 0.00493913 -0.443858 -0.997232 -0.00493913 -0.0741927 86.8557
-0.0828243 -0.0058669 0.996547 38.046 -0.0058669 0.999968 0.00539944 -0.451772 -0.996547 -0.00539944 -0.0828561 86.7979
-0.0900931 -0.00724748 0.995907 38.9937 -0.00724748 0.999952 0.00662129 -0.466337 -0.995907 -0.00662129 -0.0901413 86.6992
-0.0956593 -0.009524 0.995369 39.5715 -0.009524 0.999917 0.00865222 -0.46981 -0.995369 -0.00865222 -0.0957421 86.6549
-0.0970105 -0.0181101 0.995119 40.4189 -0.0181101 0.999701 0.016428 -0.461862 -0.995119 -0.016428 -0.0973094 86.5377
-0.101635 -0.0131402 0.994735 41.1044 -0.0131402 0.999843 0.0118651 -0.489425 -0.994735 -0.0118651 -0.101792 86.4729
-0.0994355 -0.0247882 0.994735 41.9525 -0.0247882 0.999441 0.0224276 -0.478415 -0.994735 -0.0224276 -0.0999944 86.3578
-0.104732 -0.0133044 0.994412 42.5933 -0.0133044 0.99984 0.0119758 -0.506693 -0.994412 -0.0119758 -0.104892 86.3154
-0.0974193 -0.0256018 0.994914 43.425 -0.0256018 0.999403 0.0232104 -0.496302 -0.994914 -0.0232104 -0.0980165 86.1697
-0.0976835 -0.0168632 0.995075 44.0703 -0.0168632 0.999741 0.0152869 -0.523446 -0.995075 -0.0152869 -0.0979426 86.1135
-0.0880219 -0.0292663 0.995689 44.7548 -0.0292663 0.999213 0.0267826 -0.485002 -0.995689 -0.0267826 -0.0888091 86.0271
-0.0844388 -0.0173273 0.996278 45.4349 -0.0173273 0.999723 0.0159187 -0.529832 -0.996278 -0.0159187 -0.0847156 86.0022
-0.0685018 -0.0278871 0.997261 46.0977 -0.0278871 0.999272 0.0260278 -0.467825 -0.997261 -0.0260278 -0.0692296 85.9408
-0.0600014 -0.0148611 0.998088 46.6812 -0.0148611 0.999792 0.0139931 -0.539644 -0.998088 -0.0139931 -0.0602097 85.9537
-0.0379673 -0.0256849 0.998949 47.2654 -0.0256849 0.999364 0.0247193 -0.469672 -0.998949 -0.0247193 -0.0386029 85.9224
-0.0213371 -0.0116084 0.999705 47.7915 -0.0116084 0.999868 0.0113625 -0.557002 -0.999705 -0.0113625 -0.0214691 85.9394
0.00843921 -0.0221265 0.99972 48.3702 -0.0221265 0.999506 0.0223086 -0.464046 -0.99972 -0.0223086 0.00794546 85.9407
0.0308943 -0.00889214 0.999483 48.8668 -0.00889214 0.999918 0.00917087 -0.56191 -0.999483 -0.00917087 0.0308127 86.0069
0.0697958 -0.0194578 0.997372 49.4031 -0.0194578 0.999593 0.0208627 -0.460084 -0.997372 -0.0208627 0.0693888 86.0314
0.104301 -0.0142973 0.994443 49.8904 -0.0142973 0.999772 0.0158735 -0.509152 -0.994443 -0.0158735 0.104073 86.1235
0.148696 -0.0178989 0.988721 50.3799 -0.0178989 0.999624 0.0207881 -0.450904 -0.988721 -0.0207881 0.14832 86.2094
0.19232 -0.0125333 0.981252 50.883 -0.0125333 0.999806 0.0152268 -0.471581 -0.981252 -0.0152268 0.192125 86.348
0.239936 -0.0105963 0.970731 51.3711 -0.0105963 0.999852 0.0135333 -0.454598 -0.970731 -0.0135333 0.239788 86.5109
0.290987 -0.00783349 0.956695 51.8606 -0.00783349 0.999913 0.01057 -0.454464 -0.956695 -0.01057 0.290901 86.6975
0.3458 -0.00960336 0.938259 52.3452 -0.00960336 0.999859 0.0137732 -0.438548 -0.938259 -0.0137732 0.345659 86.8975
0.409106 -0.00342615 0.912481 52.8313 -0.00342615 0.99998 0.00529079 -0.449904 -0.912481 -0.00529079 0.409086 87.1041
0.524426 -0.0041099 0.851446 53.2993 -0.0041099 0.999964 0.00735818 -0.456906 -0.851446 -0.00735818 0.524391 87.4357
0.524426 -0.0041099 0.851446 53.7673 -0.0041099 0.999964 0.00735818 -0.463907 -0.851446 -0.00735818 0.524391 87.7672
0.631578 -0.000893312 0.775312 54.0829 -0.000893312 0.999998 0.0018799 -0.454179 -0.775312 -0.0018799 0.631576 88.1234
0.631578 -0.000893312 0.775312 54.3986 -0.000893312 0.999998 0.0018799 -0.44445 -0.775312 -0.0018799 0.631576 88.4796
0.73314 -0.001468 0.680076 54.6737 -0.001468 0.999992 0.00374111 -0.44734 -0.680076 -0.00374111 0.733132 88.7924
0.73314 -0.001468 0.680076 54.9489 -0.001468 0.999992 0.00374111 -0.45023 -0.680076 -0.00374111 0.733132 89.1052
0.781199 -0.0041191 0.624269 55.2529 -0.0041191 0.999922 0.0117523 -0.448362 -0.624269 -0.0117523 0.781121 89.4685
0.817196 -0.00383919 0.576347 55.3857 -0.00383919 0.999919 0.0121043 -0.442329 -0.576347 -0.0121043 0.817116 89.838
0.857216 -0.00655085 0.514915 55.6665 -0.00655085 0.999699 0.023624 -0.44233 -0.514915 -0.023624 0.856916 90.2232
0.88408 -0.00510198 0.467309 55.8099 -0.00510198 0.999775 0.0205676 -0.417325 -0.467309 -0.0205676 0.883855 90.7009
0.911965 -0.00720527 0.410204 55.9945 -0.00720527 0.99941 0.0335735 -0.44006 -0.410204 -0.0335735 0.911376 91.0541
0.929966 -0.00567048 0.367602 56.1098 -0.00567048 0.999541 0.0297638 -0.425306 -0.367602 -0.0297638 0.929507 91.5326
0.945475 -0.00540031 0.32565 56.2325 -0.00540031 0.999465 0.0322533 -0.429181 -0.32565 -0.0322533 0.94494 91.9257
0.95645 -0.0040931 0.291869 56.3293 -0.0040931 0.999615 0.0274314 -0.411599 -0.291869 -0.0274314 0.956065 92.4145
0.965493 -0.00361771 0.260403 56.4335 -0.00361771 0.999621 0.0273009 -0.403332 -0.260403 -0.0273009 0.965114 92.8675
0.971167 -0.0034005 0.238375 56.5436 -0.0034005 0.999599 0.0281136 -0.394311 -0.238375 -0.0281136 0.970766 93.3628
0.974858 -0.00328715 0.222802 56.6451 -0.00328715 0.99957 0.0291301 -0.392633 -0.222802 -0.0291301 0.974428 93.8545
0.977619 -0.00291152 0.210365 56.7327 -0.00291152 0.999621 0.0273656 -0.374747 -0.210365 -0.0273656 0.97724 94.357
0.979604 -0.00266239 0.20092 56.8256 -0.00266239 0.999652 0.0262272 -0.361982 -0.20092 -0.0262272 0.979257 94.8675
0.980883 -0.00229214 0.194585 56.915 -0.00229214 0.999725 0.0233309 -0.346414 -0.194585 -0.0233309 0.980608 95.377
0.981359 -0.00184344 0.192172 56.9988 -0.00184344 0.999818 0.0190047 -0.345411 -0.192172 -0.0190047 0.981177 95.8984
0.981458 -0.00157023 0.191673 57.0953 -0.00157023 0.999867 0.0162314 -0.342941 -0.191673 -0.0162314 0.981325 96.4354
0.980989 -0.00129838 0.19406 57.2005 -0.00129838 0.999911 0.0132534 -0.343819 -0.19406 -0.0132534 0.9809 96.9705
0.980265 -0.0007564 0.197686 57.318 -0.0007564 0.999971 0.00757691 -0.334368 -0.197686 -0.00757691 0.980236 97.4959
0.979161 -0.000268235 0.203085 57.4167 -0.000268235 0.999997 0.00261407 -0.323659 -0.203085 -0.00261407 0.979158 98.02
0.978452 -0.000310746 0.206475 57.5283 -0.000310746 0.999996 0.00297758 -0.340321 -0.206475 -0.00297758 0.978447 98.5521
0.977217 -0.000655151 0.212244 57.626 -0.000655151 0.999981 0.00610318 -0.334388 -0.212244 -0.00610318 0.977198 99.0301
0.97616 -0.00122366 0.217048 57.7486 -0.00122366 0.999937 0.0111407 -0.336047 -0.217048 -0.0111407 0.976097 99.5985
0.975354 -0.00197594 0.220638 57.8811 -0.00197594 0.999842 0.017689 -0.33621 -0.220638 -0.017689 0.975195 100.182
0.974459 -0.0025756 0.224551 58 -0.0025756 0.99974 0.0226441 -0.333239 -0.224551 -0.0226441 0.974199 100.729
0.97407 -0.00284046 0.22623 58.148 -0.00284046 0.999689 0.0247817 -0.32842 -0.22623 -0.0247817 0.973759 101.328
0.973648 -0.00250285 0.228042 58.3208 -0.00250285 0.999762 0.0216589 -0.306888 -0.228042 -0.0216589 0.97341 102.063
0.973934 -0.00182628 0.226825 58.4695 -0.00182628 0.999872 0.0158921 -0.309334 -0.226825 -0.0158921 0.973806 102.687
0.973898 -0.0010117 0.226984 58.6548 -0.0010117 0.999961 0.0087978 -0.287911 -0.226984 -0.0087978 0.973859 103.5
0.974708 -0.000576829 0.223482 58.7791 -0.000576829 0.999987 0.00509689 -0.291847 -0.223482 -0.00509689 0.974695 104.063
0.975152 -0.0010382 0.221533 58.96 -0.0010382 0.999957 0.00925625 -0.278311 -0.221533 -0.00925625 0.975109 104.865
0.975705 -0.00187428 0.219082 59.0685 -0.00187428 0.999855 0.0169012 -0.276222 -0.219082 -0.0169012 0.97556 105.297
0.976197 -0.00241826 0.216871 59.2285 -0.00241826 0.999754 0.0220332 -0.274116 -0.216871 -0.0220332 0.975952 106.082
0.97682 -0.00230298 0.214051 59.3796 -0.00230298 0.999771 0.0212662 -0.272735 -0.214051 -0.0212662 0.976591 106.743
0.977148 -0.00163291 0.212552 59.532 -0.00163291 0.999883 0.0151884 -0.258304 -0.212552 -0.0151884 0.977032 107.514
0.978081 -0.00109886 0.208224 59.6792 -0.00109886 0.999945 0.0104386 -0.256281 -0.208224 -0.0104386 0.978026 108.244
0.978859 -0.000756169 0.204535 59.8354 -0.000756169 0.999973 0.00731576 -0.2411 -0.204535 -0.00731576 0.978832 108.959
0.979687 -0.000971024 0.200531 59.9827 -0.000971024 0.999954 0.00958596 -0.246499 -0.200531 -0.00958596 0.979641 109.693
0.980331 -0.00119603 0.197358 60.1206 -0.00119603 0.999927 0.0120008 -0.243332 -0.197358 -0.0120008 0.980258 110.418
0.98054 -0.0014387 0.196312 60.2574 -0.0014387 0.999894 0.0145138 -0.244955 -0.196312 -0.0145138 0.980434 111.173
0.981155 -0.00172461 0.193212 60.4323 -0.00172461 0.999842 0.0176824 -0.237217 -0.193212 -0.0176824 0.980998 111.844
0.981173 -0.00192882 0.19312 60.5788 -0.00192882 0.999802 0.0197853 -0.234842 -0.19312 -0.0197853 0.980976 112.618
0.981592 -0.00210127 0.190978 60.7441 -0.00210127 0.99976 0.0218002 -0.233616 -0.190978 -0.0218002 0.981352 113.381
0.980987 -0.0017331 0.194066 60.8589 -0.0017331 0.999842 0.0176898 -0.212828 -0.194066 -0.0176898 0.980829 114.201
0.981274 -0.001392 0.192612 61.0385 -0.001392 0.999897 0.0143179 -0.209688 -0.192612 -0.0143179 0.981171 115.054
0.980638 -0.00100026 0.195825 61.1445 -0.00100026 0.999948 0.0101167 -0.196345 -0.195825 -0.0101167 0.980587 115.787
0.980292 -0.00102396 0.197552 61.3051 -0.00102396 0.999947 0.0102641 -0.199301 -0.197552 -0.0102641 0.980239 116.581
0.979376 -0.00109396 0.202043 61.4454 -0.00109396 0.999942 0.010717 -0.192729 -0.202043 -0.010717 0.979318 117.415
0.979028 -0.00111288 0.203721 61.6297 -0.00111288 0.999941 0.0108107 -0.202685 -0.203721 -0.0108107 0.978969 118.273
0.978401 -0.000804186 0.206715 61.7969 -0.000804186 0.99997 0.0076965 -0.190712 -0.206715 -0.0076965 0.978371 119.156
0.978377 -0.00117437 0.206824 61.9995 -0.00117437 0.999936 0.0112331 -0.208656 -0.206824 -0.0112331 0.978314 120.011
0.977876 -0.00100957 0.209185 62.1482 -0.00100957 0.999954 0.00954543 -0.188646 -0.209185 -0.00954543 0.977829 120.848
0.976194 -0.000565644 0.216898 62.2098 -0.000565644 0.999987 0.00515364 -0.189515 -0.216898 -0.00515364 0.976181 121.473
0.976517 -0.00104615 0.215436 62.4385 -0.00104615 0.999953 0.00959772 -0.190064 -0.215436 -0.00959772 0.976471 122.373
0.975939 -0.00147681 0.21804 62.5786 -0.00147681 0.999909 0.0133826 -0.192715 -0.21804 -0.0133826 0.975848 123.126
0.976049 -0.00191095 0.217544 62.7775 -0.00191095 0.999848 0.0173567 -0.193883 -0.217544 -0.0173567 0.975896 123.969
0.975216 -0.00117821 0.221252 62.9585 -0.00117821 0.999944 0.0105181 -0.198206 -0.221252 -0.0105181 0.97516 124.979
0.975733 7.3882e-005 0.218964 63.1961 7.3882e-005 1 -0.000666644 -0.206298 -0.218964 0.000666644 0.975733 125.826
0.975243 0.00111864 0.221133 63.3603 0.00111864 0.999949 -0.00999184 -0.215766 -0.221133 0.00999184 0.975192 126.662
0.975979 -9.01066e-005 0.217863 63.5498 -9.01066e-005 1 0.00081725 -0.218865 -0.217863 -0.00081725 0.975979 127.389
0.976068 -0.0022899 0.217456 63.7 -0.0022899 0.999781 0.0208065 -0.226788 -0.217456 -0.0208065 0.975848 128.117
0.976301 -0.00391426 0.216379 63.8774 -0.00391426 0.999353 0.0357392 -0.227855 -0.216379 -0.0357392 0.975655 128.976
0.976266 -0.00317639 0.216552 64.0517 -0.00317639 0.999575 0.0289817 -0.221702 -0.216552 -0.0289817 0.975841 129.84
0.976534 -0.00133978 0.215358 64.2622 -0.00133978 0.999924 0.0122959 -0.202972 -0.215358 -0.0122959 0.976458 130.952
0.976476 -0.000511614 0.215624 64.4163 -0.000511614 0.999989 0.00468959 -0.201542 -0.215624 -0.00468959 0.976465 131.691
0.976804 -0.000438952 0.214136 64.6159 -0.000438952 0.999992 0.00405218 -0.189076 -0.214136 -0.00405218 0.976795 132.536
0.976831 -0.000545481 0.214011 64.7637 -0.000545481 0.999987 0.0050386 -0.20285 -0.214011 -0.0050386 0.976818 133.391
0.977433 -0.00044588 0.211245 64.9329 -0.00044588 0.999991 0.00417379 -0.211445 -0.211245 -0.00417379 0.977424 134.2
0.978347 -0.000127261 0.20697 65.1119 -0.000127261 0.999999 0.00121644 -0.203918 -0.20697 -0.00121644 0.978346 135.102
0.978859 -9.51352e-005 0.204536 65.2489 -9.51352e-005 1 0.000920421 -0.232743 -0.204536 -0.000920421 0.978859 135.85
0.979217 0.000175677 0.202814 65.4114 0.000175677 0.999999 -0.00171439 -0.229014 -0.202814 0.00171439 0.979216 136.736
0.979947 -0.000160459 0.19926 65.5616 -0.000160459 0.999999 0.0015944 -0.258178 -0.19926 -0.0015944 0.979945 137.416
0.980057 -0.000566012 0.198716 65.7577 -0.000566012 0.999984 0.00563983 -0.256988 -0.198716 -0.00563983 0.980041 138.411
0.980745 -0.000669796 0.195293 65.9169 -0.000669796 0.999977 0.0067933 -0.269368 -0.195293 -0.0067933 0.980722 139.125
0.981018 -0.000313608 0.193918 66.0809 -0.000313608 0.999995 0.00320372 -0.262978 -0.193918 -0.00320372 0.981012 140.057
0.982328 -0.000168857 0.187167 66.2779 -0.000168857 0.999998 0.0017884 -0.280832 -0.187167 -0.0017884 0.982327 140.858
0.982961 8.37395e-005 0.183814 66.3459 8.37395e-005 1 -0.000903368 -0.268698 -0.183814 0.000903368 0.982961 141.582
0.984684 -0.00056953 0.174349 66.5414 -0.00056953 0.999979 0.00648309 -0.290861 -0.174349 -0.00648309 0.984662 142.335
0.985404 -0.0012064 0.170228 66.6209 -0.0012064 0.9999 0.0140698 -0.298452 -0.170228 -0.0140698 0.985304 143.089
0.986115 -0.00196959 0.166054 66.7482 -0.00196959 0.999721 0.0235543 -0.294066 -0.166054 -0.0235543 0.985835 143.839
0.986837 -0.00198741 0.161708 66.8751 -0.00198741 0.9997 0.0244148 -0.283976 -0.161708 -0.0244148 0.986537 144.647
0.987441 -0.00153615 0.15798 66.9892 -0.00153615 0.999812 0.0193235 -0.279384 -0.15798 -0.0193235 0.987253 145.53
0.988551 -0.000703345 0.150884 67.1039 -0.000703345 0.999957 0.00926942 -0.278871 -0.150884 -0.00926942 0.988508 146.311
0.989626 -0.000318314 0.143669 67.2551 -0.000318314 0.99999 0.0044082 -0.271175 -0.143669 -0.0044082 0.989616 147.173
0.99044 -0.000369353 0.137943 67.3191 -0.000369353 0.999986 0.00532952 -0.275635 -0.137943 -0.00532952 0.990426 147.868
0.991562 -0.000501414 0.129633 67.436 -0.000501414 0.99997 0.00770313 -0.281658 -0.129633 -0.00770313 0.991532 148.683
0.992424 -0.000301271 0.122858 67.4865 -0.000301271 0.999988 0.00488575 -0.283032 -0.122858 -0.00488575 0.992412 149.429
0.993718 5.61686e-005 0.111911 67.5881 5.61686e-005 0.999999 -0.00100065 -0.291089 -0.111911 0.00100065 0.993718 150.238
0.994454 0.000199304 0.105175 67.6148 0.000199304 0.999993 -0.00377944 -0.298659 -0.105175 0.00377944 0.994447 150.902
0.995348 5.78853e-005 0.0963413 67.6993 5.78853e-005 0.999999 -0.00119888 -0.302255 -0.0963413 0.00119888 0.995348 151.675
0.996024 -0.000234486 0.0890796 67.742 -0.000234486 0.999986 0.00525415 -0.313849 -0.0890796 -0.00525415 0.996011 152.406
0.996758 -0.00041974 0.0804549 67.7967 -0.00041974 0.999946 0.010417 -0.319181 -0.0804549 -0.010417 0.996704 153.178
0.997302 -0.000494169 0.0734029 67.839 -0.000494169 0.999909 0.0134458 -0.322374 -0.0734029 -0.0134458 0.997212 153.974
0.997788 -0.000509744 0.066475 67.8976 -0.000509744 0.999883 0.0153185 -0.323036 -0.066475 -0.0153185 0.99767 154.796
0.998015 -0.000430529 0.0629771 67.9306 -0.000430529 0.999907 0.0136583 -0.326805 -0.0629771 -0.0136583 0.997922 155.631
0.998322 -0.000231265 0.0579043 67.9767 -0.000231265 0.999968 0.00798099 -0.33157 -0.0579043 -0.00798099 0.99829 156.448
0.998489 -1.95036e-005 0.05495 67.9965 -1.95036e-005 1 0.00070933 -0.332337 -0.05495 -0.00070933 0.998489 157.279
0.998632 4.45561e-005 0.0522801 68.0253 4.45561e-005 0.999999 -0.00170335 -0.338385 -0.0522801 0.00170335 0.998631 158.23
0.998809 -9.45652e-005 0.0487971 68.0537 -9.45652e-005 0.999992 0.00387353 -0.336895 -0.0487971 -0.00387353 0.998801 158.852
0.998921 -0.000328518 0.046445 68.0897 -0.000328518 0.9999 0.0141382 -0.343526 -0.046445 -0.0141382 0.998821 159.749
0.999081 -0.000451729 0.0428542 68.1141 -0.000451729 0.999778 0.0210701 -0.344248 -0.0428542 -0.0210701 0.998859 160.535
0.998931 -0.000399479 0.0462179 67.9667 -0.000399479 0.999851 0.0172762 -0.443094 -0.0462179 -0.0172762 0.998782 161.457
0.999481 -0.000124017 0.032229 68.2084 -0.000124017 0.99997 0.00769388 -0.331482 -0.032229 -0.00769388 0.999451 162.44
0.99945 -3.66435e-005 0.0331558 68.0765 -3.66435e-005 0.999998 0.00220977 -0.430535 -0.0331558 -0.00220977 0.999448 163.417
0.999833 -3.38364e-005 0.0183021 68.2397 -3.38364e-005 0.999993 0.00369721 -0.330551 -0.0183021 -0.00369721 0.999826 164.135
0.999832 -8.41953e-005 0.0183188 68.1095 -8.41953e-005 0.999958 0.00919127 -0.442677 -0.0183188 -0.00919127 0.99979 165.015
0.999979 -3.92032e-005 0.00654647 68.1937 -3.92032e-005 0.999928 0.0119763 -0.377517 -0.00654647 -0.0119763 0.999907 165.798
0.999997 -2.05411e-005 0.00255035 68.1761 -2.05411e-005 0.99987 0.0161074 -0.408928 -0.00255035 -0.0161074 0.999867 166.644
0.999991 3.32444e-005 -0.00435265 68.1784 3.32444e-005 0.999883 0.0152745 -0.38277 0.00435265 -0.0152745 0.999874 167.494
0.999946 4.49476e-005 -0.0104047 68.1684 4.49476e-005 0.999963 0.00863951 -0.404152 0.0104047 -0.00863951 0.999909 168.359
0.99984 -1.78395e-005 -0.0178752 68.1572 -1.78395e-005 0.999998 -0.00199584 -0.397032 0.0178752 0.00199584 0.999838 169.313
0.999712 -7.36658e-005 -0.0240032 68.1471 -7.36658e-005 0.999981 -0.00613705 -0.407465 0.0240032 0.00613705 0.999693 170.162
0.999513 1.57068e-005 -0.0312106 68.1237 1.57068e-005 0.999999 0.00100626 -0.403626 0.0312106 -0.00100626 0.999512 170.963
0.999366 0.000265389 -0.0356151 68.0656 0.000265389 0.999889 0.0148976 -0.417028 0.0356151 -0.0148976 0.999255 171.713
0.999184 0.000456715 -0.0403755 68.0229 0.000456715 0.999744 0.0226112 -0.416262 0.0403755 -0.0226112 0.998929 172.53
0.999021 0.000433293 -0.0442369 68.0155 0.000433293 0.999808 0.0195782 -0.414977 0.0442369 -0.0195782 0.998829 172.771
0.998941 0.000199734 -0.0459998 67.9448 0.000199734 0.999962 0.00867937 -0.411321 0.0459998 -0.00867937 0.998904 174.024
0.998833 -7.12751e-007 -0.0482972 67.9014 -7.12751e-007 1 -2.9498e-005 -0.411948 0.0482972 2.9498e-005 0.998833 174.472
0.998738 -9.26168e-005 -0.050224 67.8375 -9.26168e-005 0.999993 -0.00368581 -0.418483 0.050224 0.00368581 0.998731 175.531
0.998592 2.33368e-005 -0.0530422 67.8213 2.33368e-005 1 0.000879314 -0.428723 0.0530422 -0.000879314 0.998592 176.095
0.998586 0.000256665 -0.053164 67.7956 0.000256665 0.999953 0.00964854 -0.429548 0.053164 -0.00964854 0.998539 176.486
0.998574 0.000402483 -0.0533854 67.736 0.000402483 0.999886 0.0150668 -0.432421 0.0533854 -0.0150668 0.99846 177.557
0.9985 0.000387216 -0.0547565 67.6871 0.000387216 0.9999 0.0141319 -0.432886 0.0547565 -0.0141319 0.9984 178.316
0.99839 0.000136255 -0.0567267 67.634 0.000136255 0.999988 0.00480001 -0.439306 0.0567267 -0.00480001 0.998378 179.237
0.998261 -0.000220027 -0.0589436 67.5961 -0.000220027 0.999972 -0.00745908 -0.446751 0.0589436 0.00745908 0.998233 180.119
0.998155 -0.000364879 -0.0607203 67.5554 -0.000364879 0.999928 -0.0120068 -0.461452 0.0607203 0.0120068 0.998083 180.895
0.997975 -0.000260402 -0.0636074 67.524 -0.000260402 0.999967 -0.00817935 -0.462874 0.0636074 0.00817935 0.997941 181.733
0.998018 0.000126934 -0.0629283 67.4505 0.000126934 0.999992 0.00403022 -0.488434 0.0629283 -0.00403022 0.99801 182.386
0.997832 0.000227797 -0.0658054 67.4033 0.000227797 0.999976 0.00691576 -0.496832 0.0658054 -0.00691576 0.997809 183.28
