1 -8.22789e-007 -0.00085052 -0.0407959 -8.22789e-007 0.999998 -0.00193479 -0.0130587 0.00085052 0.00193479 0.999998 0.816414
0.99999 -8.02502e-006 -0.00448179 -0.0650114 -8.02502e-006 0.999994 -0.00358114 -0.0131126 0.00448179 0.00358114 0.999984 1.2458
0.999968 -1.44594e-005 -0.00797551 -0.0852186 -1.44594e-005 0.999993 -0.00362588 -0.0530641 0.00797551 0.00362588 0.999962 2.35032
0.999939 -2.27065e-005 -0.0110594 -0.137984 -2.27065e-005 0.999992 -0.00410615 -0.0591516 0.0110594 0.00410615 0.99993 3.02269
0.99986 -3.48606e-005 -0.0167087 -0.120698 -3.48606e-005 0.999991 -0.00417243 -0.0753859 0.0167087 0.00417243 0.999852 3.98486
0.999821 -5.13913e-005 -0.0189396 -0.184017 -5.13913e-005 0.999985 -0.00542633 -0.0802357 0.0189396 0.00542633 0.999806 4.65695
0.999704 -7.16278e-005 -0.0243137 -0.19664 -7.16278e-005 0.999983 -0.00589104 -0.0932857 0.0243137 0.00589104 0.999687 5.49624
0.999583 -5.94957e-005 -0.0288866 -0.220637 -5.94957e-005 0.999992 -0.00411838 -0.10115 0.0288866 0.00411838 0.999574 6.1773
0.999426 -3.82606e-005 -0.033888 -0.231346 -3.82606e-005 0.999997 -0.00225741 -0.097785 0.033888 0.00225741 0.999423 7.01275
0.999327 8.90739e-006 -0.0366779 -0.275371 8.90739e-006 1 0.000485546 -0.105503 0.0366779 -0.000485546 0.999327 7.69506
0.999234 -4.58227e-006 -0.039124 -0.309555 -4.58227e-006 1 -0.000234154 -0.107184 0.039124 0.000234154 0.999234 8.47878
0.99919 -6.07501e-006 -0.0402457 -0.361514 -6.07501e-006 1 -0.000301773 -0.115738 0.0402457 0.000301773 0.99919 9.1858
0.999063 -2.10244e-005 -0.0432765 -0.372499 -2.10244e-005 1 -0.000971174 -0.120497 0.0432765 0.000971174 0.999063 9.85789
0.998972 6.30762e-006 -0.0453213 -0.403854 6.30762e-006 1 0.000278208 -0.133771 0.0453213 -0.000278208 0.998972 10.6223
0.998845 4.95552e-007 -0.0480434 -0.436245 4.95552e-007 1 2.06174e-005 -0.13426 0.0480434 -2.06174e-005 0.998845 11.2646
0.998815 -4.438e-005 -0.0486691 -0.47775 -4.438e-005 0.999998 -0.00182266 -0.147049 0.0486691 0.00182266 0.998813 11.993
0.998822 -0.000108615 -0.0485311 -0.532514 -0.000108615 0.99999 -0.00447343 -0.151552 0.0485311 0.00447343 0.998812 12.6021
0.998749 -0.000148307 -0.0499944 -0.559299 -0.000148307 0.999982 -0.00592919 -0.158627 0.0499944 0.00592919 0.998732 13.1971
0.998653 -0.000139957 -0.0518904 -0.588956 -0.000139957 0.999985 -0.00539066 -0.166358 0.0518904 0.00539066 0.998638 13.8748
0.998562 -0.00011079 -0.0536135 -0.597965 -0.00011079 0.999991 -0.00412993 -0.177423 0.0536135 0.00412993 0.998553 14.3868
0.998467 -6.2125e-005 -0.0553524 -0.635405 -6.2125e-005 0.999997 -0.00224298 -0.190383 0.0553524 0.00224298 0.998464 15.156
0.998454 -6.61021e-005 -0.05559 -0.671623 -6.61021e-005 0.999997 -0.00237636 -0.199301 0.05559 0.00237636 0.998451 15.7208
0.998324 -8.11579e-005 -0.0578702 -0.707452 -8.11579e-005 0.999996 -0.00280247 -0.21321 0.0578702 0.00280247 0.99832 16.5131
0.998307 -0.000115768 -0.05817 -0.739654 -0.000115768 0.999992 -0.00397693 -0.222832 0.05817 0.00397693 0.998299 17.0167
0.998188 -5.78663e-005 -0.0601715 -0.743915 -5.78663e-005 0.999998 -0.00192164 -0.235366 0.0601715 0.00192164 0.998186 17.5905
0.998232 3.87271e-005 -0.0594302 -0.800435 3.87271e-005 0.999999 0.00130213 -0.234339 0.0594302 -0.00130213 0.998232 18.1528
0.998208 0.000164718 -0.0598315 -0.810287 0.000164718 0.999985 0.00550108 -0.245769 0.0598315 -0.00550108 0.998193 18.6468
0.998359 0.000233234 -0.0572573 -0.836576 0.000233234 0.999967 0.00814005 -0.245561 0.0572573 -0.00814005 0.998326 19.084
0.998478 0.000245998 -0.0551438 -0.877728 0.000245998 0.99996 0.00891508 -0.240319 0.0551438 -0.00891508 0.998439 19.5794
0.998457 0.000170302 -0.0555274 -0.876661 0.000170302 0.999981 0.0061292 -0.247946 0.0555274 -0.0061292 0.998438 20.0077
0.998621 4.49301e-005 -0.052502 -0.932393 4.49301e-005 0.999999 0.00171037 -0.249286 0.052502 -0.00171037 0.998619 20.4127
0.998701 -4.30599e-005 -0.0509611 -0.963713 -4.30599e-005 0.999999 -0.00168881 -0.249676 0.0509611 0.00168881 0.998699 20.9933
0.998684 -1.33097e-005 -0.0512924 -0.972216 -1.33097e-005 1 -0.000518631 -0.260872 0.0512924 0.000518631 0.998684 21.3628
0.99869 0.000106773 -0.0511718 -0.999582 0.000106773 0.999991 0.00417037 -0.258842 0.0511718 -0.00417037 0.998681 21.7903
0.998651 0.000192043 -0.0519233 -1.01862 0.000192043 0.999973 0.0073921 -0.26323 0.0519233 -0.0073921 0.998624 22.2043
0.998585 0.000167792 -0.053187 -1.03927 0.000167792 0.99998 0.006305 -0.263339 0.053187 -0.006305 0.998565 22.6001
0.998171 9.88267e-005 -0.0604459 -0.99072 9.88267e-005 0.999995 0.00326693 -0.249772 0.0604459 -0.00326693 0.998166 23.0772
0.998267 -2.25843e-005 -0.058849 -1.05967 -2.25843e-005 1 -0.000766867 -0.265101 0.058849 0.000766867 0.998267 23.564
0.998025 -4.53883e-005 -0.0628202 -1.06957 -4.53883e-005 0.999999 -0.0014436 -0.266348 0.0628202 0.0014436 0.998024 24.0478
0.998068 -1.84755e-006 -0.0621249 -1.12598 -1.84755e-006 1 -5.94211e-005 -0.272604 0.0621249 5.94211e-005 0.998068 24.5569
0.998022 9.54374e-005 -0.0628651 -1.16029 9.54374e-005 0.999995 0.00303325 -0.278441 0.0628651 -0.00303325 0.998017 25.0782
0.99799 0.000134118 -0.0633701 -1.19735 0.000134118 0.999991 0.00422859 -0.278054 0.0633701 -0.00422859 0.997981 25.519
0.997952 0.000223161 -0.0639725 -1.23264 0.000223161 0.999976 0.00696955 -0.282965 0.0639725 -0.00696955 0.997927 25.975
0.99797 0.000317341 -0.0636848 -1.26629 0.000317341 0.99995 0.00995562 -0.283407 0.0636848 -0.00995562 0.99792 26.4487
0.99793 0.000404143 -0.0643136 -1.30053 0.000404143 0.999921 0.0125544 -0.283442 0.0643136 -0.0125544 0.997851 26.8885
0.998025 0.000388924 -0.0628162 -1.34347 0.000388924 0.999923 0.0123702 -0.286208 0.0628162 -0.0123702 0.997948 27.3192
0.9979 0.000329847 -0.0647728 -1.34875 0.000329847 0.999948 0.0101738 -0.287937 0.0647728 -0.0101738 0.997848 27.7586
0.997931 0.000270445 -0.0642982 -1.39351 0.000270445 0.999965 0.00840334 -0.289307 0.0642982 -0.00840334 0.997895 28.2659
0.997745 0.000269356 -0.0671224 -1.41953 0.000269356 0.999968 0.00801665 -0.291034 0.0671224 -0.00801665 0.997713 28.7643
0.997636 0.000312868 -0.0687129 -1.45373 0.000312868 0.999959 0.00909558 -0.293919 0.0687129 -0.00909558 0.997595 29.3422
0.997463 0.000356513 -0.0711924 -1.48997 0.000356513 0.99995 0.0100025 -0.295645 0.0711924 -0.0100025 0.997412 29.9552
0.997476 0.000233381 -0.0710078 -1.5526 0.000233381 0.999978 0.00656501 -0.295882 0.0710078 -0.00656501 0.997454 30.6239
0.997407 8.72716e-005 -0.0719717 -1.60898 8.72716e-005 0.999997 0.00242201 -0.30113 0.0719717 -0.00242201 0.997404 31.3393
0.997399 5.43476e-005 -0.072082 -1.66904 5.43476e-005 0.999999 0.00150598 -0.310137 0.072082 -0.00150598 0.997398 32.0565
0.997329 0.000179978 -0.0730386 -1.71722 0.000179978 0.999988 0.00492168 -0.32142 0.0730386 -0.00492168 0.997317 32.8486
0.997332 0.000277753 -0.0730031 -1.77243 0.000277753 0.999971 0.00759909 -0.318071 0.0730031 -0.00759909 0.997303 33.5282
0.99727 0.000309917 -0.0738352 -1.81493 0.000309917 0.999965 0.00838322 -0.332758 0.0738352 -0.00838322 0.997235 34.3398
0.997326 0.000260779 -0.0730814 -1.8823 0.000260779 0.999975 0.00712704 -0.34123 0.0730814 -0.00712704 0.997301 35.0589
0.997349 0.000207547 -0.0727612 -1.94464 0.000207547 0.999984 0.00569729 -0.355212 0.0727612 -0.00569729 0.997333 35.8989
0.997282 0.000233786 -0.07368 -2.00197 0.000233786 0.99998 0.00633731 -0.357306 0.07368 -0.00633731 0.997262 36.726
0.997296 0.000388932 -0.0734841 -2.06187 0.000388932 0.999944 0.0105709 -0.376597 0.0734841 -0.0105709 0.99724 37.5341
0.997242 0.000571289 -0.0742225 -2.11704 0.000571289 0.999882 0.0153718 -0.377283 0.0742225 -0.0153718 0.997123 38.3213
0.997118 0.000658766 -0.075868 -2.17202 0.000658766 0.999849 0.0173398 -0.375144 0.075868 -0.0173398 0.996967 39.1944
0.997024 0.000523441 -0.0770913 -2.24106 0.000523441 0.999908 0.0135589 -0.375264 0.0770913 -0.0135589 0.996932 39.9483
0.996928 0.000242913 -0.0783207 -2.31838 0.000242913 0.999981 0.00619343 -0.386294 0.0783207 -0.00619343 0.996909 40.8357
0.996884 5.94319e-005 -0.0788769 -2.39377 5.94319e-005 0.999999 0.0015046 -0.39489 0.0788769 -0.0015046 0.996883 41.6311
0.99676 0.000105079 -0.0804384 -2.45982 0.000105079 0.999997 0.00260842 -0.403163 0.0804384 -0.00260842 0.996756 42.4985
0.996744 0.000215952 -0.0806325 -2.5688 0.000215952 0.999986 0.00534771 -0.413604 0.0806325 -0.00534771 0.99673 43.4015
0.996628 0.000278405 -0.0820507 -2.6232 0.000278405 0.999977 0.00677466 -0.423591 0.0820507 -0.00677466 0.996605 44.2145
0.996519 0.000289821 -0.0833639 -2.70942 0.000289821 0.999976 0.00694096 -0.431616 0.0833639 -0.00694096 0.996495 45.0973
0.996444 0.000328245 -0.0842518 -2.80818 0.000328245 0.99997 0.00777804 -0.435968 0.0842518 -0.00777804 0.996414 45.8669
0.996254 0.000350613 -0.0864792 -2.86643 0.000350613 0.999967 0.00809329 -0.440104 0.0864792 -0.00809329 0.996221 46.6716
0.996159 0.000381829 -0.0875628 -2.94535 0.000381829 0.999962 0.00870435 -0.450216 0.0875628 -0.00870435 0.996121 47.4336
0.996065 0.000439733 -0.0886221 -3.02122 0.000439733 0.999951 0.009904 -0.460337 0.0886221 -0.009904 0.996016 48.2915
0.995838 0.000571847 -0.0911365 -3.09799 0.000571847 0.999921 0.0125226 -0.462019 0.0911365 -0.0125226 0.99576 49.2271
0.995907 0.000772321 -0.0903834 -3.20505 0.000772321 0.999854 0.0170537 -0.4684 0.0903834 -0.0170537 0.995761 50.0956
0.99564 0.000857235 -0.09328 -3.29531 0.000857235 0.999831 0.0183382 -0.451998 0.09328 -0.0183382 0.995471 51.023
0.995774 0.000666275 -0.0918346 -3.42736 0.000666275 0.999895 0.0144789 -0.454228 0.0918346 -0.0144789 0.995669 51.8407
0.995358 0.00037525 -0.0962439 -3.44912 0.00037525 0.99997 0.00777968 -0.485157 0.0962439 -0.00777968 0.995327 52.6748
0.995508 6.41373e-005 -0.094673 -3.59918 6.41373e-005 0.999999 0.00135188 -0.474427 0.094673 -0.00135188 0.995508 53.514
0.994436 -8.14328e-005 -0.105346 -3.46615 -8.14328e-005 0.999999 -0.0015417 -0.457446 0.105346 0.0015417 0.994434 54.4337
0.995358 0.00019651 -0.0962381 -3.76524 0.00019651 0.999992 0.00407433 -0.490039 0.0962381 -0.00407433 0.99535 55.1105
0.994654 0.000275719 -0.103262 -3.75161 0.000275719 0.999986 0.00532585 -0.495508 0.103262 -0.00532585 0.99464 56.07
0.995337 9.21523e-005 -0.096457 -3.97655 9.21523e-005 0.999998 0.00190629 -0.494166 0.096457 -0.00190629 0.995335 56.6008
0.994573 -0.000227334 -0.104039 -3.87668 -0.000227334 0.99999 -0.00435828 -0.524265 0.104039 0.00435828 0.994564 57.4693
0.994973 -0.00046748 -0.100138 -3.98727 -0.00046748 0.999957 -0.00931307 -0.527405 0.100138 0.00931307 0.99493 58.0618
0.995081 -0.000477907 -0.0990679 -4.02285 -0.000477907 0.999954 -0.00962411 -0.542531 0.0990679 0.00962411 0.995034 58.7149
0.995406 -0.000297462 -0.0957462 -4.06974 -0.000297462 0.999981 -0.00619922 -0.551354 0.0957462 0.00619922 0.995386 59.2647
0.995942 -0.000173589 -0.0899962 -4.13969 -0.000173589 0.999993 -0.00384985 -0.550664 0.0899962 0.00384985 0.995935 59.8384
0.996476 7.33118e-006 -0.0838821 -4.18472 7.33118e-006 1 0.000174489 -0.562492 0.0838821 -0.000174489 0.996476 60.3326
0.997085 0.00012892 -0.0762982 -4.20531 0.00012892 0.999994 0.00337445 -0.576781 0.0762982 -0.00337445 0.997079 60.9445
0.997905 0.000111353 -0.0646934 -4.24382 0.000111353 0.999994 0.00343887 -0.575395 0.0646934 -0.00343887 0.997899 61.3623
0.998732 8.21142e-005 -0.0503452 -4.26855 8.21142e-005 0.999995 0.00325997 -0.583763 0.0503452 -0.00325997 0.998727 61.9507
0.999502 6.4286e-005 -0.0315625 -4.27706 6.4286e-005 0.999992 0.00407253 -0.584916 0.0315625 -0.00407253 0.999493 62.3297
0.999951 2.39285e-005 -0.00993118 -4.26293 2.39285e-005 0.999988 0.00481873 -0.588821 0.00993118 -0.00481873 0.999939 62.7387
0.999874 -5.04168e-005 0.0159048 -4.23152 -5.04168e-005 0.99998 0.00633936 -0.596482 -0.0159048 -0.00633936 0.999853 63.0563
0.998952 -0.000186801 0.0457751 -4.20859 -0.000186801 0.999967 0.00815726 -0.597441 -0.0457751 -0.00815726 0.998918 63.3444
0.997008 -0.000397147 0.0772972 -4.15817 -0.000397147 0.999947 0.0102602 -0.604178 -0.0772972 -0.0102602 0.996955 63.6013
0.993265 -0.000625956 0.115867 -4.1136 -0.000625956 0.999942 0.0107681 -0.602293 -0.115867 -0.0107681 0.993206 63.8979
0.987445 -0.000886791 0.15796 -4.05576 -0.000886791 0.999937 0.0111572 -0.604945 -0.15796 -0.0111572 0.987382 64.1313
0.978976 -0.00115897 0.203973 -4.0176 -0.00115897 0.999936 0.0112441 -0.605643 -0.203973 -0.0112441 0.978912 64.2848
0.967772 -0.0012405 0.251824 -3.9319 -0.0012405 0.999952 0.00969317 -0.609467 -0.251824 -0.00969317 0.967725 64.4973
0.952441 -0.00111263 0.30472 -3.87987 -0.00111263 0.999974 0.00712888 -0.610488 -0.30472 -0.00712888 0.952415 64.6114
0.932634 -0.00110865 0.360822 -3.77339 -0.00110865 0.999982 0.0059381 -0.613841 -0.360822 -0.0059381 0.932616 64.8226
0.908887 -0.000975449 0.417042 -3.66236 -0.000975449 0.99999 0.00446481 -0.611763 -0.417042 -0.00446481 0.908876 64.9853
0.880193 -0.000946046 0.474615 -3.55299 -0.000946046 0.999993 0.00374776 -0.613558 -0.474615 -0.00374776 0.880186 65.1333
0.847179 -0.00105342 0.531307 -3.4005 -0.00105342 0.999993 0.00366238 -0.614162 -0.531307 -0.00366238 0.847172 65.3084
0.810571 -0.00121225 0.58564 -3.23573 -0.00121225 0.999992 0.00374779 -0.620408 -0.58564 -0.00374779 0.810563 65.475
0.771441 -0.00178096 0.636298 -3.11022 -0.00178096 0.999986 0.0049581 -0.619216 -0.636298 -0.0049581 0.771427 65.5804
0.729285 -0.00236942 0.684206 -2.92602 -0.00236942 0.999979 0.00598848 -0.619047 -0.684206 -0.00598848 0.729264 65.7251
0.6846 -0.0030186 0.728912 -2.79744 -0.0030186 0.999971 0.00697621 -0.621559 -0.728912 -0.00697621 0.684571 65.8081
0.638245 -0.00389838 0.769824 -2.55066 -0.00389838 0.999958 0.00829584 -0.623654 -0.769824 -0.00829584 0.638203 65.9586
0.592876 -0.00618019 0.80527 -2.38794 -0.00618019 0.999906 0.0122241 -0.626835 -0.80527 -0.0122241 0.592782 66.0249
0.546903 -0.00583285 0.837176 -2.10996 -0.00583285 0.999925 0.0107772 -0.631688 -0.837176 -0.0107772 0.546827 66.1539
0.499963 -0.00414276 0.866037 -2.02902 -0.00414276 0.999966 0.00717504 -0.632471 -0.866037 -0.00717504 0.499929 66.1858
0.454607 -0.0031255 0.890687 -1.74819 -0.0031255 0.999982 0.00510428 -0.635089 -0.890687 -0.00510428 0.454589 66.2955
0.413092 -0.00792149 0.910655 -1.59551 -0.00792149 0.999893 0.0122911 -0.637235 -0.910655 -0.0122911 0.412985 66.3251
0.374283 -0.0178306 0.927143 -1.35037 -0.0178306 0.999492 0.0264202 -0.633485 -0.927143 -0.0264202 0.373775 66.384
0.33919 -0.0215579 0.940471 -1.23693 -0.0215579 0.999297 0.0306815 -0.63216 -0.940471 -0.0306815 0.338487 66.4063
0.306391 -0.0193846 0.951708 -1.04407 -0.0193846 0.999458 0.0265978 -0.630856 -0.951708 -0.0265978 0.305849 66.4522
0.274744 -0.0106127 0.961459 -0.875565 -0.0106127 0.999845 0.014069 -0.630976 -0.961459 -0.014069 0.274589 66.4975
0.24704 -0.00694866 0.96898 -0.675453 -0.00694866 0.999936 0.00894219 -0.634296 -0.96898 -0.00894219 0.246975 66.5374
0.221489 -0.00706976 0.975137 -0.549257 -0.00706976 0.999936 0.00885535 -0.637652 -0.975137 -0.00885535 0.221425 66.5556
0.198169 -0.0121086 0.980093 -0.40454 -0.0121086 0.999817 0.0148006 -0.6391 -0.980093 -0.0148006 0.197986 66.5742
0.178502 -0.0168635 0.983795 -0.232181 -0.0168635 0.999654 0.0201951 -0.634211 -0.983795 -0.0201951 0.178156 66.5901
0.159169 -0.0180159 0.987087 -0.129767 -0.0180159 0.999614 0.0211496 -0.630939 -0.987087 -0.0211496 0.158783 66.6017
0.14157 -0.0159094 0.9898 -0.0403486 -0.0159094 0.999705 0.0183441 -0.63008 -0.9898 -0.0183441 0.141275 66.6118
0.126063 -0.0145876 0.991915 0.100294 -0.0145876 0.999757 0.0165569 -0.629574 -0.991915 -0.0165569 0.12582 66.6273
0.111474 -0.014646 0.993659 0.185622 -0.014646 0.999759 0.016379 -0.628403 -0.993659 -0.016379 0.111233 66.6341
0.0983434 -0.0170855 0.995006 0.276256 -0.0170855 0.999676 0.0188543 -0.627789 -0.995006 -0.0188543 0.0980196 66.64
0.0866659 -0.0202953 0.996031 0.329829 -0.0202953 0.999549 0.0221329 -0.627332 -0.996031 -0.0221329 0.0862149 66.6431
0.0766798 -0.0229024 0.996793 0.456694 -0.0229024 0.999432 0.0247248 -0.626199 -0.996793 -0.0247248 0.0761117 66.6497
0.0685028 -0.0246138 0.997347 0.541074 -0.0246138 0.99935 0.0263538 -0.624857 -0.997347 -0.0263538 0.0678524 66.6551
0.0622098 -0.0265101 0.997711 0.705194 -0.0265101 0.999251 0.028204 -0.621622 -0.997711 -0.028204 0.0614604 66.6645
0.0563974 -0.0259996 0.99807 0.90195 -0.0259996 0.999284 0.0275004 -0.617719 -0.99807 -0.0275004 0.055681 66.6766
0.0511512 -0.0273342 0.998317 1.1095 -0.0273342 0.999213 0.0287593 -0.612678 -0.998317 -0.0287593 0.0503638 66.6831
