0.999998 -0.00135346 -0.00177021 -0.0237589 0.00134983 0.999997 -0.00204972 -0.00707743 0.00177298 0.00204733 0.999996 0.666012
0.999978 -0.00143813 -0.00653183 -0.0398391 0.0014104 0.99999 -0.00424884 -0.000999352 0.00653788 0.00423954 0.99997 1.33159
0.999936 -0.00338635 -0.0108394 -0.0532034 0.00333492 0.999983 -0.00475923 -0.0101946 0.0108554 0.00472278 0.99993 2.01409
0.999887 0.000995035 -0.0150137 -0.211353 -0.00107658 0.999985 -0.00542424 0.00169537 0.0150081 0.00543979 0.999873 2.76738
0.999826 0.00106661 -0.018634 -0.136692 -0.00117741 0.999982 -0.00593619 -0.0210775 0.0186274 0.0059571 0.999809 3.44134
0.999714 0.00125958 -0.0238644 -0.174539 -0.00143347 0.999973 -0.00727063 -0.0250287 0.0238546 0.00730276 0.999689 4.24447
0.999608 0.00451439 -0.0276132 -0.197618 -0.00469672 0.999968 -0.00654168 -0.0333284 0.0275828 0.00666881 0.999597 4.96671
0.99941 0.0017745 -0.0342984 -0.215694 -0.00192887 0.999988 -0.0044682 -0.0389276 0.0342901 0.00453172 0.999402 5.71307
0.999331 0.00222688 -0.0364954 -0.265182 -0.00227861 0.999996 -0.00137602 -0.0486922 0.0364922 0.00145826 0.999333 6.50522
0.999119 -0.0043594 -0.0417496 -0.303531 0.00438077 0.99999 0.000420364 -0.046847 0.0417474 -0.000602889 0.999128 7.28261
0.999014 0.000322123 -0.0443893 -0.33601 -0.000312938 1 0.00021386 -0.0587964 0.0443894 -0.000199758 0.999014 8.04338
0.998993 0.00394409 -0.0446838 -0.377603 -0.00395088 0.999992 -6.34967e-005 -0.0628447 0.0446832 0.000239973 0.999001 8.84568
0.998832 -0.00351128 -0.0481999 -0.418282 0.00347788 0.999994 -0.000776794 -0.0706565 0.0482023 0.000608253 0.998837 9.67641
0.998754 -0.00298739 -0.0498162 -0.466447 0.00295504 0.999995 -0.000723081 -0.0754501 0.0498182 0.000574971 0.998758 10.4898
0.998733 2.54844e-005 -0.050323 -0.494929 -5.43401e-005 1 -0.000572042 -0.0817115 0.050323 0.000574052 0.998733 11.3716
0.998658 0.00121339 -0.0517715 -0.550822 -0.00136847 0.999995 -0.00296002 -0.0871168 0.0517676 0.00302689 0.998655 12.2044
0.998511 0.00197567 -0.0545195 -0.58133 -0.00228422 0.999982 -0.00559766 -0.0896039 0.0545074 0.00571386 0.998497 13.0201
0.998391 0.00392764 -0.0565674 -0.644498 -0.00434964 0.999964 -0.00733886 -0.0978576 0.0565365 0.0075731 0.998372 13.8415
0.998363 0.00496126 -0.0569857 -0.694716 -0.00535394 0.999963 -0.00674036 -0.10909 0.0569502 0.00703442 0.998352 14.6721
0.998351 0.000438965 -0.0573978 -0.765304 -0.000744602 0.999986 -0.00530361 -0.119619 0.0573947 0.0053376 0.998337 15.5023
0.998249 0.000659208 -0.0591477 -0.808784 -0.000869998 0.999993 -0.00353811 -0.131933 0.0591449 0.00358337 0.998243 16.3331
0.998304 0.00122074 -0.0582028 -0.872079 -0.00148635 0.999989 -0.00452061 -0.143928 0.0581966 0.00459945 0.998295 17.2207
0.99825 -0.00236648 -0.0590914 -0.94472 0.00208662 0.999986 -0.00479717 -0.151781 0.0591019 0.00466548 0.998241 18.0746
0.998112 -0.000863425 -0.0614083 -0.979249 0.000522245 0.999984 -0.00557175 -0.167542 0.0614122 0.00552916 0.998097 18.898
0.99825 -0.00223841 -0.0590855 -1.04997 0.00195655 0.999986 -0.00482784 -0.170055 0.0590955 0.00470379 0.998241 19.754
0.998123 0.00109395 -0.0612347 -1.10023 -0.00115357 0.999999 -0.000938287 -0.18719 0.0612336 0.00100716 0.998123 20.5929
0.998292 0.00575138 -0.0581406 -1.15532 -0.00560036 0.999981 0.00276015 -0.19901 0.0581554 -0.00242983 0.998305 21.4444
0.998339 0.00355244 -0.0575065 -1.21092 -0.00322622 0.999978 0.00576469 -0.208162 0.0575257 -0.00556958 0.998328 22.3699
0.998352 -0.00364853 -0.0572709 -1.26891 0.00401667 0.999972 0.00631433 -0.210932 0.0572463 -0.00653396 0.998339 23.3128
0.998579 0.000845336 -0.0532867 -1.34662 -0.000646574 0.999993 0.00374717 -0.216064 0.0532895 -0.0037074 0.998572 24.357
0.998661 0.0018241 -0.051691 -1.43441 -0.00191947 0.999997 -0.00179535 -0.218169 0.0516875 0.00189217 0.998662 25.3066
0.998623 0.0055386 -0.052166 -1.42628 -0.00574785 0.999976 -0.00386204 -0.225619 0.0521434 0.00415656 0.998631 25.4158
0.998737 -0.0036237 -0.0501066 -1.49051 0.00346015 0.999988 -0.00335026 -0.238831 0.0501182 0.00317265 0.998738 26.7203
0.998564 -0.00767496 -0.0530202 -1.50062 0.00776127 0.999969 0.00142226 -0.25457 0.0530077 -0.00183172 0.998592 27.4351
0.998665 -0.00784613 -0.0510483 -1.5749 0.00809818 0.999956 0.00473243 -0.259494 0.0510089 -0.00513951 0.998685 28.4648
0.998581 -0.00991844 -0.0523297 -1.61329 0.0101101 0.999943 0.0033985 -0.268721 0.052293 -0.00392273 0.998624 29.3416
0.998554 -0.00578918 -0.0534414 -1.68012 0.00578841 0.999983 -0.00016932 -0.274924 0.0534415 -0.000140265 0.998571 30.3659
0.998506 0.000637845 -0.0546395 -1.74265 -0.000882911 0.99999 -0.00446112 -0.278658 0.0546361 0.0045027 0.998496 31.2414
0.998333 0.00111897 -0.0577044 -1.79149 -0.00139455 0.999988 -0.00473568 -0.293005 0.0576984 0.00480825 0.998322 32.1366
0.998426 0.00121737 -0.0560705 -1.85691 -0.00143255 0.999992 -0.00379769 -0.306688 0.0560654 0.00387204 0.99842 32.983
0.998296 0.00180909 -0.0583323 -1.90544 -0.00186263 0.999998 -0.000863427 -0.314999 0.0583306 0.000970607 0.998297 33.8723
0.998248 0.00297579 -0.0591019 -1.96751 -0.00292848 0.999995 0.000887198 -0.331795 0.0591042 -0.000712565 0.998252 34.7824
0.998165 0.000429738 -0.0605528 -2.02509 -0.00024294 0.999995 0.00309219 -0.33407 0.0605538 -0.00307181 0.99816 35.7125
0.998129 -0.000718936 -0.0611359 -2.06341 0.0011108 0.999979 0.00637599 -0.35038 0.0611301 -0.00643197 0.998109 36.6239
0.998239 0.00820382 -0.0587528 -2.15738 -0.00770744 0.999933 0.00867021 -0.349521 0.05882 -0.00820211 0.998235 37.5932
0.998192 0.00665116 -0.0597418 -2.16368 -0.00613937 0.999943 0.00874612 -0.351494 0.0597966 -0.00836352 0.998176 37.8042
0.998322 0.00411631 -0.0577619 -2.25919 -0.00372991 0.99997 0.00679569 -0.365832 0.0577881 -0.00656883 0.998307 39.2197
0.998186 0.00285756 -0.0601318 -2.3288 -0.00258337 0.999986 0.00463718 -0.369862 0.0601442 -0.00447343 0.99818 40.0519
0.998065 -0.00133697 -0.0621725 -2.36762 0.00161938 0.999989 0.00449217 -0.375814 0.0621657 -0.00458415 0.998055 41.2601
0.998075 -0.00300898 -0.0619383 -2.4444 0.00337138 0.999978 0.00574729 -0.380728 0.0619197 -0.00594505 0.998063 42.1708
0.997851 -0.00418249 -0.0653892 -2.50487 0.00460796 0.999969 0.00635722 -0.391316 0.0653606 -0.00664487 0.99784 43.1646
0.997855 0.00181736 -0.065439 -2.57516 -0.00158248 0.999992 0.0036411 -0.399851 0.0654451 -0.00352973 0.99785 44.133
0.997871 0.00298562 -0.0651571 -2.64611 -0.0030568 0.999995 -0.00099285 -0.411242 0.0651538 0.00118991 0.997875 45.05
0.997872 0.00205554 -0.0651669 -2.71989 -0.00219906 0.999995 -0.00213074 -0.415325 0.0651623 0.00226951 0.997872 46.025
0.997848 -0.00190213 -0.0655416 -2.7741 0.00199028 0.999997 0.00127974 -0.432713 0.065539 -0.00140743 0.997849 46.9095
0.997759 -0.00527354 -0.0667035 -2.82118 0.00553165 0.999978 0.00368549 -0.437778 0.0666826 -0.00404621 0.997766 47.8621
0.997941 -0.00334785 -0.0640529 -2.90405 0.00368472 0.99998 0.00514191 -0.448157 0.0640344 -0.00536734 0.997933 48.801
0.997793 -0.00458572 -0.0662385 -2.95389 0.00480581 0.999983 0.00316368 -0.461136 0.0662229 -0.00347503 0.997799 49.6802
0.99777 -0.00619064 -0.0664617 -3.01454 0.00636461 0.999977 0.00240617 -0.476591 0.0664453 -0.0028238 0.997786 50.6349
0.997793 -0.00320737 -0.0663241 -3.08034 0.00344656 0.999988 0.00349222 -0.485654 0.0663121 -0.00371311 0.997792 51.5331
0.997617 -0.00636292 -0.0686956 -3.13811 0.00689415 0.999948 0.00749883 -0.492857 0.0686443 -0.00795456 0.997609 52.4301
0.997667 -0.00170779 -0.0682406 -3.204 0.00258295 0.999916 0.0127386 -0.503889 0.068213 -0.0128851 0.997588 53.4466
0.997468 -0.0035705 -0.0710216 -3.28023 0.00457883 0.999891 0.0140398 -0.49882 0.0709638 -0.0143295 0.997376 54.4399
0.997524 0.00695823 -0.069982 -3.37124 -0.00622018 0.999923 0.0107587 -0.508491 0.0700515 -0.0102967 0.99749 55.454
0.997389 0.0051686 -0.072036 -3.43647 -0.00496083 0.999983 0.0030628 -0.512269 0.0720506 -0.00269744 0.997397 56.3887
0.997334 0.00350399 -0.0728885 -3.51319 -0.00365293 0.999992 -0.00191027 -0.51542 0.0728812 0.00217143 0.997338 57.358
0.997233 0.00621811 -0.0740729 -3.58755 -0.00627745 0.99998 -0.00056834 -0.527434 0.0740679 0.00103176 0.997253 58.2282
0.997174 0.00840788 -0.0746574 -3.6535 -0.00827386 0.999964 0.00210424 -0.549141 0.0746724 -0.00148059 0.997207 59.066
0.997094 0.00571646 -0.075965 -3.71746 -0.00545169 0.999978 0.00369243 -0.561167 0.0759845 -0.00326756 0.997104 59.9222
0.996965 0.00292985 -0.077802 -3.79615 -0.00263764 0.999989 0.00385826 -0.576807 0.0778124 -0.00364133 0.996961 60.7298
0.997035 0.00743439 -0.0765905 -3.88148 -0.00709644 0.999964 0.00468357 -0.586706 0.0766226 -0.00412617 0.997052 61.586
0.996882 0.00208682 -0.0788757 -3.9712 -0.00163166 0.999982 0.00583468 -0.607741 0.0788864 -0.00568779 0.996867 62.4271
0.996673 0.000832291 -0.0815015 -4.02567 -0.000294699 0.999978 0.0066079 -0.621996 0.0815053 -0.0065619 0.996651 63.2925
0.996471 -0.00145329 -0.0839271 -4.08971 0.00213573 0.999965 0.00804216 -0.638036 0.0839125 -0.00819303 0.996439 64.0742
0.996175 -0.00251308 -0.0873413 -4.12187 0.00342317 0.999941 0.0102717 -0.644395 0.0873104 -0.0105314 0.996125 64.9003
0.996451 0.00414751 -0.084068 -4.25218 -0.00295655 0.999894 0.0142862 -0.639218 0.0841183 -0.013987 0.996358 65.7689
0.996135 0.00745883 -0.0875197 -4.26963 -0.00601861 0.999842 0.0167083 -0.63756 0.0876305 -0.016117 0.996023 66.0314
0.996028 0.00843009 -0.0886368 -4.38718 -0.00734765 0.999894 0.0125312 -0.649454 0.0887331 -0.0118302 0.995985 67.1239
0.995804 0.00644326 -0.0912893 -4.46651 -0.00598417 0.999968 0.00530174 -0.653114 0.0913206 -0.0047332 0.99581 67.8179
0.995716 0.000603837 -0.0924649 -4.5081 -0.000654475 1 -0.00051733 -0.669729 0.0924646 0.000575629 0.995716 68.5769
0.996054 0.00367907 -0.0886688 -4.66494 -0.00381991 0.999992 -0.00141875 -0.665158 0.0886628 0.00175186 0.99606 69.2562
0.995074 0.000338223 -0.0991315 -4.6673 -0.000180329 0.999999 0.00160174 -0.678701 0.0991319 -0.00157597 0.995073 69.9159
0.995253 0.00290009 -0.0972784 -4.75337 -0.00237609 0.999982 0.00550196 -0.705489 0.0972927 -0.0052447 0.995242 70.6695
0.995439 -0.00480202 -0.0952778 -4.81592 0.004953 0.999987 0.00134815 -0.720921 0.09527 -0.00181391 0.99545 71.3104
0.995199 -0.0123397 -0.0970897 -4.88714 0.0119829 0.999919 -0.00425776 -0.726099 0.0971344 0.0030739 0.995267 72.0235
0.99542 -0.0145578 -0.0944842 -4.91392 0.0137083 0.99986 -0.00963373 -0.735469 0.0946111 0.00829439 0.99548 72.5976
0.995796 -0.00876451 -0.0911784 -5.00306 0.00792794 0.999923 -0.00953325 -0.754762 0.091255 0.00877032 0.995789 73.177
0.996128 0.00238954 -0.0878836 -5.01676 -0.00298379 0.999974 -0.00663098 -0.753786 0.0878654 0.00686753 0.996109 73.7193
0.996707 0.00206865 -0.0810667 -5.0867 -0.00240328 0.999989 -0.00403053 -0.766363 0.0810575 0.00421209 0.996701 74.2108
0.996979 -0.000328501 -0.0776691 -5.10129 0.000320008 1 -0.000121788 -0.777683 0.0776691 9.65656e-005 0.996979 74.7311
0.997728 -0.00463002 -0.0672154 -5.12458 0.00488668 0.999981 0.0036546 -0.7922 0.0671972 -0.00397476 0.997732 75.1763
0.998406 -0.000892136 -0.0564399 -5.15625 0.00113532 0.99999 0.00427688 -0.800721 0.0564356 -0.00433414 0.998397 75.7254
0.999074 0.000447086 -0.0430178 -5.18443 -0.00027527 0.999992 0.00399993 -0.807125 0.0430192 -0.00398438 0.999066 76.2429
0.999573 0.0100151 -0.0274502 -5.17962 -0.00988384 0.999939 0.00491385 -0.810369 0.0274977 -0.00464044 0.999611 76.7298
0.99992 0.012255 -0.00318996 -5.17893 -0.0122396 0.999914 0.0048006 -0.818946 0.00324852 -0.00476117 0.999983 77.1853
0.999734 0.00422817 0.0226798 -5.14802 -0.00436244 0.999973 0.00587405 -0.824223 -0.0226544 -0.00597143 0.999726 77.7031
0.998658 -0.00361532 0.0516664 -5.09426 0.00320627 0.999963 0.00799785 -0.829694 -0.0516934 -0.00782146 0.998632 78.2132
0.996345 -0.00581257 0.0852181 -5.03171 0.00493117 0.999932 0.0105497 -0.836194 -0.0852737 -0.010091 0.996306 78.6604
0.992919 -0.00331725 0.118748 -4.944 0.0020435 0.999939 0.0108466 -0.835981 -0.118777 -0.0105271 0.992865 79.1313
0.986231 -0.0018248 0.165366 -4.8572 -9.5669e-005 0.999933 0.0116048 -0.840628 -0.165376 -0.0114608 0.986164 79.589
0.978604 -0.007338 0.205624 -4.70482 0.00489482 0.999911 0.012388 -0.849451 -0.205697 -0.0111164 0.978553 80.055
0.963789 -0.00067968 0.266665 -4.59679 -0.00138322 0.999971 0.00754803 -0.839819 -0.266662 -0.00764356 0.96376 80.4684
0.952583 -0.00086783 0.304277 -4.33539 -0.00210536 0.999953 0.00944313 -0.863806 -0.304271 -0.00963598 0.952537 80.9984
0.93114 0.00152901 0.364659 -4.16882 -0.00371587 0.999979 0.00529542 -0.846266 -0.364644 -0.0062858 0.931126 81.3239
0.911311 -0.00158324 0.411717 -3.9121 0.000298641 0.999995 0.00318443 -0.847126 -0.41172 -0.00277905 0.911306 81.7232
0.874469 -0.00131172 0.48508 -3.6964 0.000428529 0.999998 0.0019316 -0.838451 -0.485081 -0.00148126 0.874468 82.0893
0.845363 -0.00583226 0.53416 -3.42511 0.00481389 0.999983 0.0032999 -0.840812 -0.53417 -0.000218224 0.845377 82.3664
0.803826 -0.00278848 0.594858 -3.18909 -0.00526453 0.999917 0.0118012 -0.893409 -0.594841 -0.0126177 0.803744 82.6777
0.774841 -0.0129943 0.632023 -2.79099 0.011288 0.999914 0.00671942 -0.877123 -0.632056 0.00192777 0.77492 83.0095
0.727887 -0.00672869 0.685664 -2.46944 0.00454722 0.999977 0.00498594 -0.854167 -0.685682 -0.000511337 0.727901 83.2918
0.679718 -0.00362852 0.733464 -2.19024 -0.00481489 0.999944 0.00940889 -0.875093 -0.733457 -0.00992694 0.679663 83.5034
0.629676 -0.00412949 0.776847 -1.7952 -0.00624558 0.999927 0.0103777 -0.883995 -0.776833 -0.0113864 0.629604 83.7844
0.588957 -0.0158419 0.808009 -1.37836 -0.00494942 0.999718 0.0232082 -0.931139 -0.80815 -0.0176678 0.588712 84.0057
0.540999 -0.0108762 0.840953 -1.08585 0.0019455 0.99993 0.0116807 -0.906428 -0.841021 -0.00468316 0.540982 84.1497
0.502379 -0.0114031 0.864573 -0.5938 0.00153051 0.999923 0.0122989 -0.915466 -0.864646 -0.00485548 0.502358 84.3399
0.444787 -0.000835438 0.895636 -0.258399 -0.011166 0.999917 0.00647793 -0.925122 -0.895567 -0.012882 0.444741 84.5322
0.407575 -0.0108808 0.913107 0.156091 -0.00242147 0.999913 0.012996 -0.919909 -0.913168 -0.00750793 0.407513 84.6314
0.371285 -0.0268486 0.928131 0.384665 0.00299896 0.999611 0.0277167 -0.920564 -0.928514 -0.00750737 0.371222 84.6692
0.332518 -0.0330137 0.942519 0.740628 0.00217286 0.999411 0.0342399 -0.916134 -0.943094 -0.00933744 0.332394 84.7666
0.293202 -0.0244988 0.955736 1.47315 0.00240988 0.999687 0.0248861 -0.902067 -0.956047 -0.00499345 0.29317 84.986
0.26943 -0.0107808 0.96296 1.84544 -0.0175725 0.999716 0.0161089 -0.906312 -0.96286 -0.0212618 0.269164 85.0759
0.242302 -0.00517352 0.970187 2.40936 -0.0170035 0.99981 0.00957808 -0.914771 -0.970052 -0.0188174 0.242168 85.2063
0.215273 0.00670971 0.976531 2.4928 -0.0220238 0.999755 -0.00201421 -0.932514 -0.976306 -0.0210734 0.215368 85.1425
0.191412 -0.015773 0.981383 3.07412 -0.00440562 0.999847 0.016929 -0.928616 -0.9815 -0.00756402 0.191313 85.2839
0.172463 -0.0204295 0.984804 3.58627 -0.00112184 0.99978 0.0209367 -0.91769 -0.985015 -0.0047156 0.172402 85.3213
0.153101 -0.0230941 0.987941 3.8836 0.0123641 0.999693 0.0214527 -0.920144 -0.988133 0.00893054 0.153339 85.3351
0.132819 -0.0186839 0.990964 4.29781 0.0129901 0.999769 0.0171088 -0.900791 -0.991055 0.0106003 0.133031 85.4038
0.120441 -0.0189937 0.992539 4.83241 -0.00279867 0.999806 0.0194724 -0.909105 -0.992717 -0.00512306 0.120365 85.4399
0.107252 -0.0196491 0.994038 5.26685 -0.0187703 0.999586 0.021784 -0.899396 -0.994055 -0.0209947 0.106839 85.4823
0.0904546 -0.0152784 0.995783 5.70055 -0.0261621 0.999501 0.0177119 -0.891716 -0.995557 -0.0276539 0.0900097 85.523
0.0826441 -0.0242404 0.996284 6.08377 -0.0259829 0.999312 0.0264694 -0.872444 -0.99624 -0.0280739 0.0819574 85.5097
0.0711037 -0.0262997 0.997122 6.68744 -0.0199223 0.999415 0.0277808 -0.868067 -0.99727 -0.0218403 0.0705381 85.5373
0.0628937 -0.0275648 0.997639 7.2113 -0.0168293 0.999447 0.0286757 -0.868858 -0.997878 -0.0185931 0.062395 85.5756
0.057661 -0.0288196 0.99792 7.72754 -0.0161472 0.999426 0.029796 -0.862056 -0.998206 -0.0178317 0.0571625 85.5881
0.0521172 -0.0294267 0.998207 8.30332 -0.0194872 0.999345 0.0304777 -0.849321 -0.998451 -0.0210407 0.0515097 85.6119
0.046196 -0.0310796 0.998449 8.90972 -0.0234712 0.999206 0.0321892 -0.837507 -0.998657 -0.0249218 0.0454298 85.6286
0.0415562 -0.0322669 0.998615 9.53317 -0.0275385 0.999062 0.0334273 -0.833061 -0.998757 -0.0288895 0.0406286 85.6681
0.0379941 -0.034976 0.998666 10.1239 -0.0278877 0.998961 0.0360473 -0.788604 -0.998889 -0.02922 0.0369792 85.6859
0.0373148 -0.0384767 0.998563 10.7905 -0.0296684 0.998775 0.0395935 -0.76548 -0.998863 -0.0311032 0.0361275 85.6768
0.0334651 -0.0360933 0.998788 11.3571 -0.0329755 0.998764 0.0371973 -0.785237 -0.998896 -0.0341803 0.0322336 85.7388
0.0321654 -0.0413817 0.998626 12.0616 -0.03623 0.998438 0.0425408 -0.743553 -0.998826 -0.0375485 0.0306159 85.7554
0.0346872 -0.0455515 0.99836 12.7775 -0.0369036 0.998221 0.0468273 -0.716378 -0.998717 -0.0384674 0.0329445 85.763
0.0387777 -0.0477099 0.998108 13.4711 -0.0402899 0.997973 0.0492687 -0.682992 -0.998435 -0.0421242 0.0367769 85.7757
0.037431 -0.0449233 0.998289 14.2125 -0.0432264 0.997981 0.0465303 -0.644572 -0.998364 -0.0448941 0.0354136 85.8398
0.0462538 -0.0480893 0.997772 14.9366 -0.0456478 0.997695 0.0502018 -0.613848 -0.997886 -0.0478681 0.0439521 85.8539
0.0467153 -0.0478949 0.997759 15.6891 -0.0478743 0.997595 0.0501285 -0.581875 -0.99776 -0.0501088 0.04431 85.9168
0.0531696 -0.0475955 0.997451 16.4092 -0.0494513 0.997512 0.0502344 -0.552813 -0.99736 -0.0519961 0.0506837 85.9348
0.05626 -0.0445894 0.99742 17.0345 -0.0510147 0.997569 0.0474736 -0.507502 -0.997112 -0.0535539 0.0538485 86.0963
0.0600319 -0.0426453 0.997285 17.9014 -0.050549 0.997675 0.0457048 -0.479098 -0.996916 -0.0531555 0.0577366 86.0964
0.0538395 -0.0277705 0.998163 18.669 -0.0343527 0.99897 0.0296459 -0.475586 -0.997959 -0.0358858 0.0528301 86.1534
0.0609394 -0.031767 0.997636 19.541 -0.0323561 0.998905 0.0337838 -0.43594 -0.997617 -0.0343384 0.0598448 86.2308
0.060899 -0.02562 0.997815 20.395 -0.0228601 0.999373 0.0270552 -0.434856 -0.997882 -0.0244578 0.0602751 86.2599
0.0571562 -0.0201427 0.998162 21.1818 -0.0206011 0.99956 0.0213505 -0.402668 -0.998153 -0.0217835 0.0567161 86.3721
0.077318 -0.0361903 0.996349 21.9395 -0.0112117 0.999246 0.0371656 -0.342133 -0.996943 -0.0140443 0.076854 86.2186
0.0577616 -0.0126906 0.99825 22.7582 -0.0236547 0.999621 0.0140768 -0.373215 -0.99805 -0.0244264 0.0574395 86.377
0.0662893 -0.0240797 0.99751 23.6187 -0.02872 0.999249 0.0260302 -0.306209 -0.997387 -0.030374 0.0655479 86.4256
0.0590239 -0.0134894 0.998165 24.4408 -0.0196917 0.999698 0.0146745 -0.322045 -0.998062 -0.0205217 0.0587404 86.5187
0.069004 -0.0304274 0.997152 25.0476 -0.0164235 0.999365 0.0316315 -0.30784 -0.997481 -0.0185594 0.0684605 86.4394
0.0638426 -0.0147462 0.997851 25.9685 -0.0168795 0.999732 0.015854 -0.31795 -0.997817 -0.0178554 0.0635766 86.5277
0.0612063 -0.015768 0.998001 26.7679 -0.0203804 0.999647 0.0170439 -0.302381 -0.997917 -0.0213829 0.0608634 86.5867
0.0618444 -0.0106068 0.998029 27.6157 -0.0175597 0.999777 0.0117134 -0.310221 -0.997931 -0.0182495 0.0616444 86.6428
0.0547678 -0.0073102 0.998472 28.4433 -0.0171191 0.999819 0.00825907 -0.302601 -0.998352 -0.0175453 0.0546328 86.7068
0.0493122 -0.0039164 0.998776 29.3148 -0.0152673 0.999873 0.00467449 -0.310856 -0.998667 -0.0154791 0.0492461 86.775
0.0449501 -0.00259306 0.998986 30.1088 -0.0124631 0.999917 0.00315626 -0.318297 -0.998911 -0.0125923 0.0449141 86.8126
0.0361619 -0.000851212 0.999346 31.0078 -0.00586926 0.999982 0.00106414 -0.330952 -0.999329 -0.0059039 0.0361562 86.8542
0.0267941 0.000553324 0.999641 31.8669 0.000438076 1 -0.000565264 -0.342458 -0.999641 0.000453065 0.0267938 86.892
0.0167806 0.000469223 0.999859 32.7221 0.00172045 0.999998 -0.000498163 -0.351314 -0.999858 0.00172856 0.0167798 86.9071
0.0064524 -0.000103261 0.999979 33.5882 0.000385313 1 0.000100777 -0.365642 -0.999979 0.000384655 0.00645244 86.9194
-0.00441925 0.00227377 0.999988 34.4518 -0.00120945 0.999997 -0.00227913 -0.383013 -0.99999 -0.0012195 -0.00441649 86.9086
-0.0169432 0.000350871 0.999856 35.3904 -0.00108383 0.999999 -0.000369288 -0.381413 -0.999856 -0.00108993 -0.0169429 86.9271
-0.0267176 0.00107666 0.999642 36.2864 0.00207141 0.999997 -0.00102168 -0.399264 -0.999641 0.00204337 -0.0267198 86.8851
-0.0378635 -0.000658579 0.999283 37.1327 0.00153707 0.999999 0.000717291 -0.419191 -0.999282 0.00156313 -0.0378624 86.8452
-0.0486214 0.00189175 0.998815 37.9886 0.00268603 0.999995 -0.00176323 -0.436417 -0.998814 0.00259712 -0.0486262 86.8116
-0.0584523 -0.000625649 0.99829 38.8496 0.00194288 0.999998 0.00074048 -0.444659 -0.998288 0.00198284 -0.0584509 86.7534
-0.068771 -0.000152067 0.997632 39.6619 0.00307109 0.999995 0.00036413 -0.457659 -0.997628 0.00308886 -0.0687702 86.707
-0.0776218 -0.00157019 0.996982 40.455 0.00062611 0.999998 0.00162369 -0.47157 -0.996983 0.000750254 -0.0776207 86.6331
-0.0876064 -0.000809149 0.996155 41.3455 0.000338283 1 0.000842022 -0.485101 -0.996155 0.000410748 -0.0876061 86.562
-0.0954928 -0.00166265 0.995429 42.0253 -0.000999762 0.999998 0.00157438 -0.495289 -0.99543 -0.000844851 -0.0954943 86.4767
-0.10386 -0.00391655 0.994584 42.92 -0.00312511 0.999989 0.00361149 -0.511849 -0.994587 -0.0027331 -0.103871 86.3846
-0.109103 -0.00506507 0.994018 43.605 -0.00499124 0.999977 0.0045476 -0.512562 -0.994018 -0.00446523 -0.109126 86.3217
-0.111411 -0.0103794 0.99372 44.4015 -0.00899573 0.999915 0.00943558 -0.529188 -0.993734 -0.00788801 -0.111495 86.2148
-0.115625 -0.0104909 0.993237 45.1357 -0.00993919 0.999906 0.0094043 -0.540731 -0.993243 -0.0087846 -0.115719 86.1282
-0.116517 -0.00994626 0.993139 45.908 -0.0117063 0.999894 0.00864051 -0.547006 -0.99312 -0.0106192 -0.116621 86.0279
-0.116313 -0.0135677 0.99312 46.6649 -0.0117386 0.999856 0.0122849 -0.553599 -0.993143 -0.0102289 -0.116455 85.9325
-0.112317 -0.0128875 0.993589 47.449 -0.0120871 0.99986 0.0116025 -0.592627 -0.993599 -0.0107064 -0.112457 85.8101
-0.113529 -0.0129184 0.993451 48.1666 -0.00820542 0.999894 0.0120645 -0.583567 -0.993501 -0.00678201 -0.113623 85.7453
-0.105568 -0.0132565 0.994324 48.8184 -0.0124833 0.99985 0.0120048 -0.616137 -0.994334 -0.0111451 -0.105717 85.6785
-0.0972611 -0.0141636 0.995158 49.5027 -0.0108212 0.999855 0.0131729 -0.605136 -0.9952 -0.00948764 -0.0974002 85.6124
-0.087368 -0.013743 0.996081 50.1709 -0.0115404 0.999852 0.0127828 -0.598841 -0.996109 -0.0103784 -0.0875136 85.57
-0.0730239 -0.0117086 0.997261 50.7748 -0.0114391 0.999875 0.0109016 -0.62179 -0.997265 -0.0106117 -0.0731487 85.5452
-0.0565727 -0.0115703 0.998331 51.3569 -0.0118233 0.99987 0.0109181 -0.629351 -0.998328 -0.0111859 -0.0567022 85.531
-0.034539 -0.0106748 0.999346 51.9218 -0.00847467 0.99991 0.0103879 -0.631428 -0.999367 -0.00811034 -0.0346263 85.5238
-0.00951106 -0.00870023 0.999917 52.4924 -0.00436528 0.999953 0.00865903 -0.631393 -0.999945 -0.00428256 -0.00954859 85.5348
0.0178661 -0.00793625 0.999809 53.0447 -0.00323785 0.999963 0.00799533 -0.637207 -0.999835 -0.00338007 0.0178398 85.5758
0.0502454 -0.0054891 0.998722 53.5709 -0.00312013 0.999979 0.00565298 -0.630924 -0.998732 -0.00340018 0.0502272 85.6236
0.0865063 -0.00835199 0.996216 54.1152 -0.00625969 0.999941 0.00892678 -0.623634 -0.996232 -0.00700823 0.0864489 85.7022
0.131063 -0.00492855 0.991362 54.5851 -0.0140288 0.999878 0.00682557 -0.635234 -0.991275 -0.0148022 0.130978 85.7818
0.175193 -0.00178982 0.984533 55.1096 -0.0170385 0.999843 0.00484956 -0.627539 -0.984387 -0.0176245 0.175135 85.9096
0.226435 0.00010122 0.974026 55.565 -0.0205272 0.999778 0.00466813 -0.643958 -0.97381 -0.0210511 0.226387 86.0331
0.274014 0.00488253 0.961713 56.0463 -0.019525 0.999809 0.000487181 -0.654827 -0.961528 -0.018911 0.274057 86.2145
0.334303 -0.061019 0.940488 56.4853 0.0085521 0.998057 0.0617142 -0.645741 -0.942427 -0.0125881 0.334175 86.3405
0.389964 -0.0287867 0.92038 56.9647 0.0108865 0.999586 0.0266514 -0.655998 -0.920766 -0.000373341 0.390116 86.5525
0.461613 -0.0264633 0.886687 57.5819 0.00186922 0.999582 0.0288596 -0.593007 -0.887079 -0.0116645 0.461469 86.7856
0.50844 -0.0224635 0.860804 57.9703 -0.00120819 0.99964 0.0268002 -0.591675 -0.861097 -0.0146663 0.50823 87.1414
0.616298 -0.0512482 0.785844 58.4983 0.021851 0.998609 0.0479869 -0.627259 -0.78721 -0.0124027 0.61656 87.1461
0.627584 0.00379267 0.77854 58.7104 -0.016929 0.999818 0.00877594 -0.586618 -0.778365 -0.0186876 0.627534 87.8067
0.698297 -0.0121163 0.715706 59.0374 -0.0152311 0.999379 0.0317793 -0.587214 -0.715646 -0.0330924 0.697678 87.9434
0.728613 -0.00605718 0.684899 59.2784 -0.00135333 0.999946 0.0102831 -0.580435 -0.684925 -0.00841931 0.728565 88.3643
0.777275 -0.0106633 0.62907 59.5312 -0.000535637 0.999845 0.0176101 -0.572069 -0.629161 -0.0140249 0.777149 88.7142
0.820763 -0.00463054 0.57125 59.7202 -0.016583 0.999353 0.0319269 -0.566093 -0.571028 -0.0356775 0.820155 89.0553
0.856669 -0.00422552 0.51585 59.9146 -0.0188438 0.999043 0.0394773 -0.556806 -0.515523 -0.0435395 0.855769 89.4296
0.884641 -0.00928605 0.466181 60.0357 -0.0127299 0.998948 0.0440551 -0.581872 -0.466099 -0.0449074 0.883592 89.7662
0.910002 -0.00280469 0.414594 60.2233 -0.0167554 0.998911 0.0435344 -0.563448 -0.414264 -0.0465631 0.908965 90.2235
0.932964 -0.0342681 0.358335 60.3737 0.0112427 0.997747 0.0661443 -0.595375 -0.359794 -0.0576816 0.931247 90.6136
0.944287 0.00423084 0.329095 60.4789 -0.0200917 0.998793 0.0448095 -0.558897 -0.328509 -0.0489251 0.943233 91.0884
0.956006 0.0162364 0.292897 60.6911 -0.0292723 0.998764 0.0401787 -0.573317 -0.291883 -0.0469848 0.955299 91.6459
0.965565 0.00893704 0.260008 60.739 -0.0220971 0.998616 0.0477352 -0.536641 -0.259222 -0.0518369 0.964426 92.0582
0.97096 -0.00496139 0.23919 60.8678 -0.00605602 0.998955 0.0453043 -0.513863 -0.239165 -0.0454372 0.969915 92.6152
0.97464 -0.00602266 0.2237 60.9767 -0.00443371 0.998922 0.0462112 -0.503219 -0.223737 -0.0460311 0.973562 93.0975
0.977436 -0.00553622 0.211158 61.0887 -0.0038245 0.999029 0.0438963 -0.483281 -0.211196 -0.0437135 0.976466 93.688
0.979529 0.00265725 0.201286 61.1774 -0.01164 0.998988 0.0434561 -0.450271 -0.200967 -0.0449095 0.978568 94.2471
0.98047 0.0138767 0.196178 61.261 -0.0222501 0.99893 0.040543 -0.431206 -0.195406 -0.0441161 0.97973 94.7683
0.981008 0.0144397 0.193431 61.3549 -0.0218221 0.99911 0.0360894 -0.416358 -0.192737 -0.0396251 0.98045 95.3656
0.981242 0.00867966 0.192587 61.4944 -0.0153991 0.999323 0.0334209 -0.399786 -0.192166 -0.0357596 0.980711 96.0328
0.980811 -0.000174783 0.194958 61.5999 -0.00581727 0.999528 0.030162 -0.386009 -0.194872 -0.0307174 0.980348 96.6029
0.979728 -0.0071918 0.200206 61.7166 0.0023801 0.999703 0.0242641 -0.371846 -0.200321 -0.0232957 0.979453 97.1544
0.97908 -0.00996443 0.203231 61.833 0.0058215 0.999763 0.0209729 -0.359845 -0.203392 -0.019351 0.978906 97.692
0.978023 -0.00352492 0.208469 61.9467 -0.000684356 0.999797 0.0201158 -0.352696 -0.208497 -0.0198164 0.977822 98.3228
0.976626 0.00196473 0.214937 62.0493 -0.00711519 0.999706 0.0231916 -0.345822 -0.214828 -0.0241788 0.976353 98.8379
0.975818 0.00530492 0.218521 62.214 -0.0116238 0.99955 0.0276409 -0.332999 -0.218276 -0.0295126 0.975441 99.5587
0.975071 0.000869926 0.221892 62.344 -0.00857272 0.999393 0.0337534 -0.313401 -0.221728 -0.0348142 0.974487 100.098
0.974261 -0.0103206 0.225188 62.5056 0.00137194 0.999204 0.0398588 -0.30541 -0.22542 -0.0385239 0.9735 100.771
0.973465 -0.0121759 0.228512 62.692 0.00293378 0.999165 0.0407408 -0.284148 -0.228817 -0.0389894 0.972688 101.489
0.97357 -0.0162995 0.227805 62.8623 0.00761133 0.999212 0.0389656 -0.263746 -0.22826 -0.0362018 0.972927 102.239
0.973578 -0.0157426 0.22781 63.04 0.00850193 0.999428 0.0327303 -0.240188 -0.228194 -0.0299287 0.973155 102.977
0.973855 -0.0105615 0.226923 63.185 0.00471542 0.999643 0.026289 -0.219138 -0.22712 -0.0245316 0.973558 103.678
0.974198 -0.00496061 0.22564 63.3298 -4.50242e-005 0.999754 0.0221736 -0.1997 -0.225694 -0.0216116 0.973958 104.342
0.974811 -0.00118902 0.22303 63.4855 -0.00483312 0.999638 0.0264536 -0.181135 -0.222981 -0.0268652 0.974452 105.052
0.975128 -0.00370992 0.221614 63.6478 -0.00386227 0.999424 0.0337253 -0.165943 -0.221611 -0.0337424 0.974551 105.745
0.975676 -0.00337648 0.219189 63.7685 -0.00539213 0.999209 0.0393942 -0.161336 -0.219149 -0.0396178 0.974887 106.365
0.976168 0.000390828 0.217017 63.9786 -0.00872809 0.99926 0.0374604 -0.135081 -0.216842 -0.0384617 0.975449 107.261
0.976106 0.0051338 0.217234 64.0839 -0.0123011 0.999423 0.0316542 -0.113337 -0.216947 -0.0335701 0.975606 107.983
0.977313 -0.000354309 0.2118 64.271 -0.00545284 0.999625 0.0268334 -0.0927378 -0.21173 -0.0273795 0.976945 108.809
0.978006 -0.00558957 0.208504 64.4179 0.000623076 0.999715 0.0238778 -0.0716812 -0.208578 -0.0232227 0.97773 109.54
0.978857 -0.00662374 0.204438 64.5909 0.00138547 0.999667 0.0257553 -0.0572369 -0.204541 -0.0249275 0.978541 110.312
0.979601 -0.00837331 0.200779 64.7444 0.00278628 0.999601 0.0280932 -0.0411581 -0.200934 -0.0269607 0.979234 111.056
0.979831 -0.0077256 0.199676 64.8788 0.00153683 0.999514 0.0311304 -0.0296632 -0.19982 -0.0301957 0.979367 111.814
0.980461 -0.00931983 0.196495 65.0601 0.00278271 0.999434 0.0335185 -0.00546083 -0.196696 -0.0323168 0.979932 112.585
0.980533 -0.0105451 0.19607 65.2183 0.00360708 0.999356 0.0357089 0.00244341 -0.196321 -0.0343065 0.979939 113.342
0.980514 -0.00602019 0.196355 65.3712 -0.00131127 0.999307 0.0371864 0.0305746 -0.196443 -0.0367193 0.979827 114.166
0.981543 0.000114112 0.191243 65.5694 -0.0076551 0.999222 0.0386931 0.020602 -0.19109 -0.039443 0.98078 114.872
0.979918 0.0101254 0.199143 65.549 -0.0162089 0.99945 0.0289419 0.0521808 -0.19874 -0.0315886 0.979543 115.166
0.980019 0.0137801 0.198426 65.6808 -0.0195524 0.99944 0.0271605 0.0585125 -0.197941 -0.0304976 0.979739 115.719
0.978974 0.0122287 0.20362 65.8285 -0.0175417 0.999551 0.024308 0.0830362 -0.203232 -0.0273687 0.978748 116.639
0.978454 0.0066811 0.206358 65.9703 -0.0126963 0.999532 0.027839 0.0956196 -0.206075 -0.0298592 0.97808 117.434
0.9771 -0.00165329 0.212775 66.1044 -0.00406199 0.999643 0.0264208 0.106132 -0.212742 -0.02668 0.976744 118.318
0.977481 -0.00547929 0.210953 66.3036 0.000428343 0.999712 0.0239817 0.126111 -0.211023 -0.0233513 0.977202 119.181
0.976612 -0.0113177 0.214713 66.4888 0.00577729 0.999634 0.026414 0.140282 -0.214934 -0.0245558 0.97632 120.051
0.977029 -0.0178037 0.212363 66.6862 0.0122778 0.999552 0.0273115 0.150165 -0.212754 -0.0240768 0.976809 120.866
0.976631 -0.0118558 0.214595 66.8763 0.00629497 0.999627 0.0265781 0.166473 -0.21483 -0.0246062 0.976341 121.736
0.976102 -9.62608e-005 0.217314 67.0428 -0.00633198 0.999563 0.0288839 0.184144 -0.217222 -0.0295696 0.975674 122.571
0.976038 0.00232456 0.217589 67.2286 -0.00994389 0.999375 0.0339286 0.202976 -0.217375 -0.0352793 0.97545 123.434
0.975798 0.00434116 0.218631 67.4258 -0.0127083 0.999239 0.036879 0.216563 -0.218305 -0.0387649 0.97511 124.251
0.975699 -0.00227911 0.219105 67.6337 -0.00477194 0.999488 0.0316465 0.230006 -0.219065 -0.031923 0.975188 125.218
0.975313 -0.00729328 0.220706 67.7139 0.00321897 0.999818 0.0188143 0.231414 -0.220803 -0.0176394 0.975159 125.584
0.975527 -0.0147182 0.219385 67.9559 0.0126202 0.99986 0.0109613 0.252704 -0.219516 -0.00792441 0.975577 126.629
0.975867 -0.00837229 0.218204 68.1002 0.00392624 0.999776 0.0208013 0.260888 -0.218329 -0.0194426 0.975681 127.277
0.976036 -0.00348165 0.217579 68.2812 -0.00551541 0.999155 0.0407298 0.273249 -0.217537 -0.0409538 0.975192 128.104
0.976511 -0.00480354 0.215416 68.4623 -0.00744072 0.998403 0.0559932 0.285604 -0.215341 -0.0562808 0.974916 128.892
0.976494 -0.000908765 0.215544 68.6554 -0.0100515 0.998711 0.0497476 0.310916 -0.215311 -0.0507447 0.975226 129.876
0.976534 0.0012053 0.215358 68.8252 -0.00827397 0.999456 0.0319245 0.341692 -0.215202 -0.0329572 0.976013 130.753
0.976295 -0.00177586 0.216439 68.9787 -0.00349203 0.999707 0.0239541 0.362747 -0.216418 -0.024142 0.976002 131.615
0.976825 -0.00759999 0.213905 69.1683 0.00240897 0.999696 0.0245181 0.383587 -0.214027 -0.0234346 0.976547 132.575
0.977624 -0.00880504 0.210175 69.3949 0.00349003 0.999665 0.025646 0.387439 -0.21033 -0.0243387 0.977327 133.534
0.978071 -0.00473643 0.208216 69.5663 -0.000328105 0.999705 0.0242823 0.394027 -0.208269 -0.0238181 0.977781 134.341
0.979017 -0.00222861 0.203767 69.7271 -0.0023653 0.999749 0.0222987 0.408309 -0.203765 -0.0223128 0.978766 135.19
0.979544 0.00647534 0.201127 69.9463 -0.0108606 0.999727 0.0207077 0.421642 -0.200938 -0.0224685 0.979346 136.318
0.980238 0.00919783 0.197606 70.1027 -0.013335 0.999719 0.0196162 0.433991 -0.19737 -0.0218636 0.980085 137.083
0.980598 0.00684996 0.19591 70.2668 -0.0112413 0.99971 0.0213117 0.442185 -0.195708 -0.0231005 0.98039 137.958
0.981191 -0.0028705 0.193019 70.4353 -0.0021908 0.999659 0.0260032 0.460675 -0.193028 -0.025937 0.98085 138.903
0.981172 -0.00469494 0.193081 70.5921 -0.000492867 0.99964 0.0268117 0.458908 -0.193137 -0.0264021 0.980816 139.725
0.981425 -0.00653052 0.191737 70.7419 0.00226815 0.999746 0.0224414 0.475789 -0.191835 -0.0215897 0.98119 140.57
0.982332 -0.00940991 0.186912 70.8921 0.00566448 0.999773 0.0205624 0.478075 -0.187063 -0.0191404 0.982161 141.336
0.983554 -0.0104174 0.180316 70.822 0.00705527 0.999789 0.0192772 0.535158 -0.180479 -0.017688 0.98342 141.813
0.98483 -0.00491015 0.173451 71.0611 0.0005624 0.999685 0.0251064 0.52204 -0.17352 -0.024628 0.984522 142.718
0.984758 -0.00564587 0.173841 71.1372 0.00012036 0.999495 0.0317791 0.541998 -0.173932 -0.0312737 0.984261 143.378
0.985274 -0.0047262 0.170917 71.2697 -0.00229435 0.999162 0.0408549 0.55686 -0.170967 -0.0406454 0.984438 144.131
0.986457 0.00191795 0.164008 71.4181 -0.00916395 0.999014 0.0434357 0.577898 -0.163763 -0.0443504 0.985502 145.09
0.987046 0.00602165 0.160322 71.5573 -0.0122379 0.99921 0.0378145 0.607858 -0.159967 -0.0392867 0.98634 146.128
0.988374 -0.00191246 0.152029 71.6785 -0.00244036 0.999593 0.0284398 0.618105 -0.152021 -0.0284802 0.987967 146.822
0.989049 -0.00746925 0.147395 71.7969 0.00417083 0.999734 0.0226744 0.642767 -0.147526 -0.0218114 0.988818 147.765
0.990268 -0.00702271 0.138996 71.9038 0.0037981 0.999718 0.023451 0.66136 -0.139121 -0.0226948 0.990015 148.434
0.991242 0.00333171 0.132019 71.9884 -0.00689631 0.999624 0.0265526 0.667753 -0.131881 -0.0272305 0.990892 149.225
0.992274 0.0096381 0.12369 72.0616 -0.01266 0.99964 0.0236686 0.68035 -0.123418 -0.0250517 0.992039 149.989
0.993371 0.00571753 0.11481 72.1311 -0.00778064 0.999816 0.0175297 0.686571 -0.114689 -0.0183067 0.993233 150.751
0.994338 -0.00202483 0.106242 72.2083 0.000461064 0.999891 0.0147414 0.698792 -0.10626 -0.014609 0.994231 151.519
0.995185 -0.00351742 0.0979524 72.2794 0.00178506 0.999841 0.0177677 0.701598 -0.0979992 -0.0175073 0.995032 152.278
0.995931 0.00288608 0.0900748 72.3437 -0.00503457 0.999708 0.0236342 0.708833 -0.0899803 -0.0239915 0.995655 153.066
0.9966 0.0059307 0.0821817 72.3854 -0.00832657 0.999549 0.0288413 0.718842 -0.0819736 -0.0294275 0.9962 153.841
0.997262 0.0018286 0.0739305 72.459 -0.00421823 0.999473 0.0321794 0.736917 -0.0738327 -0.0324031 0.996744 154.685
0.997613 0.00162876 0.0690312 72.5044 -0.00395631 0.999428 0.033594 0.750576 -0.068937 -0.0337869 0.997049 155.572
0.997977 0.000209977 0.0635825 72.5669 -0.00221295 0.999503 0.0314332 0.77275 -0.0635443 -0.0315103 0.997481 156.379
0.99822 0.00285577 0.0595656 72.604 -0.00439585 0.999659 0.0257402 0.777593 -0.0594718 -0.0259562 0.997892 157.239
0.998412 0.00833761 0.0557155 72.6238 -0.00937184 0.999788 0.0183273 0.792695 -0.0555509 -0.0188203 0.998278 158.058
0.998555 0.00129649 0.0537224 72.651 -0.00216112 0.999869 0.0160394 0.80131 -0.0536946 -0.0161323 0.998427 158.85
0.998744 0.00330732 0.0500028 72.6844 -0.0044123 0.999748 0.0220043 0.808682 -0.0499174 -0.0221973 0.998507 159.664
0.998852 0.00374194 0.0477554 72.7121 -0.00527239 0.999475 0.0319621 0.822479 -0.0476107 -0.0321772 0.998348 160.499
0.999012 0.0031981 0.0443155 72.7411 -0.00493502 0.999222 0.0391408 0.839065 -0.0441558 -0.0393208 0.998251 161.365
0.999207 -0.00196226 0.0397653 72.7696 0.000535965 0.999357 0.0358468 0.850977 -0.03981 -0.035797 0.998566 162.257
0.999329 -0.0143111 0.0337102 72.8179 0.0134302 0.999566 0.0262166 0.86594 -0.0340708 -0.0257463 0.999088 163.164
0.999523 -0.0150065 0.0269949 72.8361 0.014434 0.999669 0.0212814 0.89524 -0.0273054 -0.0208816 0.999409 164.256
0.999798 0.0013661 0.0200309 72.8459 -0.00181483 0.999747 0.0224011 0.903028 -0.0199953 -0.0224329 0.999548 165.025
0.999902 0.00282584 0.0136856 72.8458 -0.00320711 0.999605 0.0279181 0.915108 -0.0136013 -0.0279592 0.999517 165.865
0.99996 -0.00701314 0.00546879 72.8517 0.00683902 0.999489 0.0312326 0.927993 -0.00568503 -0.031194 0.999497 166.705
0.999909 -0.0134553 -0.000294278 72.8659 0.0134574 0.999294 0.0350908 0.950904 -0.000178088 -0.0350916 0.999384 167.569
0.999891 -0.0130169 -0.00695293 72.865 0.0132525 0.9993 0.0349878 0.973053 0.00649263 -0.0350761 0.999364 168.491
0.999886 -0.00621281 -0.0137883 72.8482 0.00659807 0.999584 0.0280739 0.982578 0.0136081 -0.0281617 0.999511 169.347
0.999715 -0.0108746 -0.0212633 72.8366 0.0112425 0.999788 0.0172591 0.994704 0.0210711 -0.0174932 0.999625 170.036
0.99944 -0.0185447 -0.0278528 72.8231 0.0189113 0.999737 0.0129566 1.00896 0.0276052 -0.0134761 0.999528 171.001
0.999385 -0.00598024 -0.0345625 72.7964 0.00668971 0.999769 0.0204483 1.01671 0.0344322 -0.020667 0.999193 171.767
0.999163 0.013508 -0.0386143 72.7475 -0.0121826 0.999335 0.0343558 1.02621 0.0390527 -0.0338567 0.998663 172.533
0.998928 0.0169125 -0.0431011 72.6937 -0.0151037 0.999005 0.0419528 1.0403 0.0437678 -0.0412568 0.998189 173.381
0.998881 0.00529951 -0.0469944 72.6442 -0.00346875 0.999235 0.0389534 1.06095 0.0471649 -0.0387468 0.998135 174.348
0.998792 0.00245511 -0.0490794 72.5902 -0.00107749 0.999605 0.028076 1.08763 0.049129 -0.0279892 0.9984 175.286
0.998596 0.0145355 -0.050938 72.5226 -0.013552 0.999716 0.0196 1.1015 0.0512085 -0.0188822 0.998509 176.209
0.998503 0.00978299 -0.0538076 72.4747 -0.00895013 0.999837 0.0156977 1.11598 0.0539523 -0.0151926 0.998428 177.08
0.99825 -0.00907949 -0.058442 72.4524 0.010278 0.999742 0.0202393 1.12382 0.0582432 -0.0208046 0.998086 177.897
0.998406 -0.00645227 -0.0560718 72.4214 0.00808163 0.99955 0.0288805 1.13135 0.0558602 -0.0292876 0.998009 178.17
0.998377 0.0007604 -0.0569418 72.3638 0.00122788 0.999391 0.0348746 1.14614 0.0569337 -0.034888 0.997768 179.306
0.998164 -0.000656939 -0.060565 72.3352 0.00265381 0.999455 0.0328962 1.16724 0.0605104 -0.0329966 0.997622 180.04
0.998177 -0.000711691 -0.0603525 72.2719 0.00216914 0.999708 0.0240868 1.173 0.0603177 -0.0241738 0.997886 180.98
0.997811 -0.0128814 -0.0648606 72.2271 0.013628 0.999846 0.0110821 1.18528 0.0647078 -0.0119418 0.997833 181.851
0.997644 -0.0192597 -0.0658401 72.1897 0.0197623 0.99978 0.00699068 1.18923 0.065691 -0.00827537 0.997806 182.743
0.997718 -0.00689557 -0.0671711 72.125 0.0076411 0.999912 0.0108483 1.19819 0.0670904 -0.0113368 0.997682 183.528
0.99757 0.00744772 -0.0692714 72.0715 -0.00588346 0.999724 0.0227582 1.19533 0.0694217 -0.0222953 0.997338 184.281
0.997477 0.00937182 -0.0703755 72.0069 -0.00752376 0.999621 0.0264793 1.19966 0.0705969 -0.025883 0.997169 185.139
0.99766 0.00434077 -0.0682363 71.9125 -0.00286307 0.99976 0.0217385 1.21354 0.0683142 -0.0214923 0.997432 185.971
0.997427 0.00105451 -0.0716873 71.8552 9.8135e-005 0.999871 0.0160734 1.2227 0.071695 -0.016039 0.997298 186.925
0.997642 0.00753432 -0.0682251 71.773 -0.00652061 0.999865 0.0150688 1.23326 0.0683294 -0.0145884 0.997556 187.772
0.997502 0.00249945 -0.0705935 71.7231 -0.00120367 0.99983 0.0183921 1.23426 0.0706275 -0.0182612 0.997336 188.593
0.997521 0.00435333 -0.0702283 71.6546 -0.00279665 0.999749 0.0222491 1.23509 0.0703075 -0.0219976 0.997283 189.442
0.997417 0.00619093 -0.0715581 71.577 -0.00442073 0.999681 0.0248698 1.24396 0.0716892 -0.0244893 0.997126 190.325
