0.999026 5.83018e-005 0.0441271 0.0540845 5.83018e-005 0.999997 -0.00264115 -0.0125194 -0.0441271 0.00264115 0.999022 1.15199
0.996021 0.00032411 0.0891211 0.0589123 0.00032411 0.999974 -0.0072589 -0.0138677 -0.0891211 0.0072589 0.995994 1.20556
0.990961 0.000775 0.134148 0.107741 0.000775 0.999934 -0.0115018 -0.0212681 -0.134148 0.0115018 0.990895 1.5559
0.983591 0.00131264 0.18041 0.218878 0.00131264 0.999895 -0.0144315 -0.0389931 -0.18041 0.0144315 0.983486 2.19995
0.974181 0.00158902 0.225762 0.44399 0.00158902 0.999902 -0.0138945 -0.0719284 -0.225762 0.0138945 0.974083 3.12622
0.962306 0.00228443 0.271958 0.467617 0.00228443 0.999862 -0.0164821 -0.0750658 -0.271958 0.0164821 0.962168 3.20167
0.948947 0.00292401 0.315421 0.590543 0.00292401 0.999833 -0.0180655 -0.0889365 -0.315421 0.0180655 0.94878 3.56004
0.933941 0.00366208 0.357409 0.859226 0.00366208 0.999797 -0.0198135 -0.10229 -0.357409 0.0198135 0.933738 4.18361
0.917046 0.00423849 0.39876 1.27752 0.00423849 0.999783 -0.0203743 -0.140416 -0.39876 0.0203743 0.916829 5.06806
0.897647 0.00458267 0.440691 1.73885 0.00458267 0.999795 -0.0197312 -0.183486 -0.440691 0.0197312 0.897442 5.98598
0.875771 0.00516237 0.482699 2.22004 0.00516237 0.999785 -0.0200587 -0.218568 -0.482699 0.0200587 0.875557 6.87879
0.852369 0.00495948 0.522918 2.40121 0.00495948 0.999833 -0.0175667 -0.239236 -0.522918 0.0175667 0.852202 7.16659
0.826782 0.00553086 0.562495 2.75672 0.00553086 0.999823 -0.0179605 -0.262678 -0.562495 0.0179605 0.826605 7.69909
0.799774 0.00544823 0.600276 3.30799 0.00544823 0.999852 -0.0163338 -0.280246 -0.600276 0.0163338 0.799626 8.46113
0.770998 0.0066445 0.636803 4.03634 0.0066445 0.999807 -0.0184768 -0.319138 -0.636803 0.0184768 0.770805 9.3454
0.740394 0.0059687 0.672147 4.96236 0.0059687 0.999863 -0.0154536 -0.389887 -0.672147 0.0154536 0.740256 10.3837
0.708615 0.00657801 0.705565 5.69914 0.00657801 0.999852 -0.0159281 -0.428064 -0.705565 0.0159281 0.708466 11.1132
0.674322 0.00693478 0.738405 6.61751 0.00693478 0.999852 -0.0157231 -0.470693 -0.738405 0.0157231 0.674174 12.0846
0.603061 0.00856118 0.797649 6.64437 0.00856118 0.999815 -0.0172037 -0.472289 -0.797649 0.0172037 0.602876 12.1037
0.603061 0.00856118 0.797649 6.67122 0.00856118 0.999815 -0.0172037 -0.473886 -0.797649 0.0172037 0.602876 12.1229
0.527004 0.0094974 0.84981 6.69913 0.0094974 0.999809 -0.0170635 -0.474852 -0.84981 0.0170635 0.526813 12.1404
0.527004 0.0094974 0.84981 6.72703 0.0094974 0.999809 -0.0170635 -0.475819 -0.84981 0.0170635 0.526813 12.158
0.489213 0.00842284 0.872124 7.51857 0.00842284 0.999861 -0.0143813 -0.513155 -0.872124 0.0143813 0.489074 12.6145
0.450631 0.00709687 0.892682 8.38106 0.00709687 0.999908 -0.0115319 -0.538546 -0.892682 0.0115319 0.450539 13.0469
0.415026 0.00402094 0.909801 9.24559 0.00402094 0.999972 -0.00625371 -0.571422 -0.909801 0.00625371 0.414998 13.4263
0.380124 0.00471796 0.924924 10.2124 0.00471796 0.999964 -0.00703972 -0.583545 -0.924924 0.00703972 0.380088 13.7852
0.346757 0.00381516 0.937947 11.0502 0.00381516 0.999978 -0.00547792 -0.595857 -0.937947 0.00547792 0.346734 14.1338
0.279102 0.00499506 0.960248 12.1988 0.00499506 0.999965 -0.00665351 -0.59878 -0.960248 0.00665351 0.279068 14.5059
0.279102 0.00499506 0.960248 13.3475 0.00499506 0.999965 -0.00665351 -0.601703 -0.960248 0.00665351 0.279068 14.8781
0.24716 0.0071134 0.968949 14.2982 0.0071134 0.999933 -0.00915536 -0.6151 -0.968949 0.00915536 0.247093 15.1412
0.215945 0.00845942 0.976369 15.2922 0.00845942 0.999909 -0.0105344 -0.629841 -0.976369 0.0105344 0.215853 15.3668
0.185232 0.00831061 0.98266 16.2685 0.00831061 0.999915 -0.0100231 -0.64793 -0.98266 0.0100231 0.185148 15.5531
0.154399 0.0078124 0.987978 17.279 0.0078124 0.999928 -0.0091278 -0.6637 -0.987978 0.0091278 0.154327 15.7103
0.124191 0.00853696 0.992222 18.3243 0.00853696 0.999917 -0.00967169 -0.681985 -0.992222 0.00967169 0.124107 15.8428
0.0949053 0.00928065 0.995443 19.4503 0.00928065 0.999905 -0.0102071 -0.698709 -0.995443 0.0102071 0.0948102 15.9255
0.0668134 0.00848825 0.997729 20.4837 0.00848825 0.999923 -0.00907533 -0.712437 -0.997729 0.00907533 0.0667362 16.0079
0.0424184 0.00318906 0.999095 21.5407 0.00318906 0.999989 -0.00332731 -0.729627 -0.999095 0.00332731 0.0424078 16.025
0.0192796 0.000147941 0.999814 22.5863 0.000147941 1 -0.000150821 -0.741015 -0.999814 0.000150821 0.0192796 16.0459
-0.00107061 -0.00478727 0.999988 23.5902 -0.00478727 0.999977 0.00478209 -0.756712 -0.999988 -0.00478209 -0.0010935 16.0309
-0.018502 -0.0101382 0.999777 24.6656 -0.0101382 0.999899 0.00995183 -0.759708 -0.999777 -0.00995183 -0.018603 16.0146
-0.033719 -0.0147491 0.999323 25.7593 -0.0147491 0.99979 0.0142583 -0.74819 -0.999323 -0.0142583 -0.0339294 15.98
-0.0482159 -0.0165162 0.9987 26.8834 -0.0165162 0.99974 0.015736 -0.74629 -0.9987 -0.015736 -0.0484762 15.9122
-0.0611655 -0.0188034 0.997951 28.081 -0.0188034 0.999667 0.0176833 -0.731933 -0.997951 -0.0176833 -0.0614987 15.845
-0.0733444 -0.019512 0.997116 29.2792 -0.019512 0.999645 0.0181263 -0.726113 -0.997116 -0.0181263 -0.0736991 15.7603
-0.0842271 -0.0209389 0.996227 30.4869 -0.0209389 0.999596 0.0192394 -0.7164 -0.996227 -0.0192394 -0.0846315 15.6503
-0.0938941 -0.0223527 0.995331 31.6675 -0.0223527 0.999543 0.0203387 -0.708247 -0.995331 -0.0203387 -0.0943509 15.5194
-0.104588 -0.020951 0.994295 32.9119 -0.020951 0.999603 0.0188591 -0.685401 -0.994295 -0.0188591 -0.104985 15.4076
-0.112112 -0.0216412 0.99346 34.149 -0.0216412 0.999579 0.0193323 -0.665812 -0.99346 -0.0193323 -0.112533 15.2731
-0.11749 -0.0206306 0.99286 35.2278 -0.0206306 0.999619 0.0183298 -0.642922 -0.99286 -0.0183298 -0.117871 15.1047
-0.121087 -0.0233744 0.992367 36.4644 -0.0233744 0.999513 0.0206906 -0.607555 -0.992367 -0.0206906 -0.121575 14.9234
-0.125135 -0.0230516 0.991872 37.6754 -0.0230516 0.999528 0.0203213 -0.57432 -0.991872 -0.0203213 -0.125607 14.7655
-0.124754 -0.0282299 0.991786 38.9242 -0.0282299 0.999291 0.0248926 -0.541538 -0.991786 -0.0248926 -0.125463 14.534
-0.127531 -0.0261942 0.991489 40.1664 -0.0261942 0.999391 0.0230337 -0.492255 -0.991489 -0.0230337 -0.12814 14.35
-0.129771 -0.028242 0.991142 41.1225 -0.028242 0.999294 0.0247766 -0.473798 -0.991142 -0.0247766 -0.130477 14.1676
-0.132016 -0.0268198 0.990885 42.4121 -0.0268198 0.999365 0.0234761 -0.439425 -0.990885 -0.0234761 -0.132651 13.99
-0.133833 -0.0329584 0.990456 43.8138 -0.0329584 0.999042 0.0287907 -0.408141 -0.990456 -0.0287907 -0.134791 13.8057
-0.133833 -0.0329584 0.990456 45.2155 -0.0329584 0.999042 0.0287907 -0.376857 -0.990456 -0.0287907 -0.134791 13.6213
-0.131119 -0.0334992 0.990801 46.4436 -0.0334992 0.999008 0.0293435 -0.312619 -0.990801 -0.0293435 -0.132111 13.3144
-0.130343 -0.0320859 0.99095 47.8354 -0.0320859 0.999089 0.0281291 -0.282765 -0.99095 -0.0281291 -0.131253 13.1425
-0.130343 -0.0320859 0.99095 49.2273 -0.0320859 0.999089 0.0281291 -0.252911 -0.99095 -0.0281291 -0.131253 12.9705
-0.129149 -0.0304344 0.991158 50.6179 -0.0304344 0.99918 0.0267151 -0.216684 -0.991158 -0.0267151 -0.129969 12.7894
-0.129872 -0.025479 0.991203 51.9706 -0.025479 0.999425 0.022352 -0.137439 -0.991203 -0.022352 -0.130446 12.6521
-0.129471 -0.0236335 0.991302 52.4285 -0.0236335 0.999505 0.0207424 -0.124031 -0.991302 -0.0207424 -0.129965 12.6035
-0.129655 -0.0222733 0.991309 53.1838 -0.0222733 0.999561 0.0195455 -0.106752 -0.991309 -0.0195455 -0.130095 12.5162
-0.131211 -0.024813 0.991044 54.234 -0.024813 0.999456 0.0217385 -0.083137 -0.991044 -0.0217385 -0.131756 12.3702
-0.13077 -0.0204565 0.991202 55.5549 -0.0204565 0.99963 0.0179316 -0.0530584 -0.991202 -0.0179316 -0.13114 12.2684
-0.130263 -0.0224222 0.991226 57.049 -0.0224222 0.999555 0.019664 -0.0224163 -0.991226 -0.019664 -0.130708 12.0838
-0.128586 -0.0262122 0.991352 58.5952 -0.0262122 0.999391 0.0230248 -0.0010267 -0.991352 -0.0230248 -0.129195 11.8674
-0.127889 -0.0256605 0.991456 60.1793 -0.0256605 0.999416 0.0225565 0.0323894 -0.991456 -0.0225565 -0.128473 11.6202
-0.127525 -0.0280707 0.991438 61.7804 -0.0280707 0.999301 0.0246827 0.054617 -0.991438 -0.0246827 -0.128224 11.4163
-0.127063 -0.0266844 0.991536 63.3963 -0.0266844 0.999368 0.0234757 0.0873149 -0.991536 -0.0234757 -0.127695 11.2193
-0.127654 -0.0250499 0.991502 65.0959 -0.0250499 0.999444 0.0220254 0.127653 -0.991502 -0.0220254 -0.12821 10.9902
-0.129076 -0.0220816 0.991389 66.7915 -0.0220816 0.999568 0.0193888 0.160758 -0.991389 -0.0193888 -0.129508 10.8052
-0.127896 -0.0259407 0.991448 68.3855 -0.0259407 0.999403 0.0228025 0.166519 -0.991448 -0.0228025 -0.128492 10.6295
-0.128796 -0.026378 0.99132 70.1921 -0.026378 0.999384 0.0231654 0.200451 -0.99132 -0.0231654 -0.129412 10.446
-0.128986 -0.0254156 0.991321 71.8667 -0.0254156 0.999428 0.0223165 0.207181 -0.991321 -0.0223165 -0.129558 10.2413
-0.126502 -0.0270522 0.991597 73.6212 -0.0270522 0.99935 0.0238126 0.195406 -0.991597 -0.0238126 -0.127152 9.96793
-0.126699 -0.0264694 0.991588 75.4422 -0.0264694 0.999378 0.0232953 0.223301 -0.991588 -0.0232953 -0.127321 9.69935
-0.125729 -0.0288654 0.991645 77.1923 -0.0288654 0.99926 0.0254273 0.241438 -0.991645 -0.0254273 -0.12647 9.42095
-0.12788 -0.0259265 0.991451 79.1939 -0.0259265 0.999404 0.0227904 0.280422 -0.991451 -0.0227904 -0.128476 9.18299
-0.130174 -0.022053 0.991246 80.9988 -0.022053 0.99957 0.0193421 0.298013 -0.991246 -0.0193421 -0.130605 9.02264
-0.127933 -0.02434 0.991484 82.8485 -0.02434 0.999475 0.0213955 0.328043 -0.991484 -0.0213955 -0.128458 8.77824
-0.133115 -0.023834 0.990814 84.8663 -0.023834 0.999499 0.0208408 0.375489 -0.990814 -0.0208408 -0.133616 8.64157
-0.140871 -0.0246081 0.989722 87.1785 -0.0246081 0.999469 0.0213479 0.394294 -0.989722 -0.0213479 -0.141402 8.39379
-0.140871 -0.0246081 0.989722 89.4906 -0.0246081 0.999469 0.0213479 0.4131 -0.989722 -0.0213479 -0.141402 8.14602
-0.147292 -0.0270038 0.988724 91.1595 -0.0270038 0.999364 0.0232716 0.402804 -0.988724 -0.0232716 -0.147928 8.10027
-0.155256 -0.0220803 0.987627 93.0944 -0.0220803 0.999578 0.0188765 0.442588 -0.987627 -0.0188765 -0.155678 7.73494
-0.155256 -0.0220803 0.987627 95.0294 -0.0220803 0.999578 0.0188765 0.482372 -0.987627 -0.0188765 -0.155678 7.3696
-0.159414 -0.0211387 0.986985 97.3412 -0.0211387 0.999615 0.017995 0.520305 -0.986985 -0.017995 -0.1598 6.93695
-0.168231 -0.0135168 0.985655 99.2604 -0.0135168 0.999844 0.0114043 0.545157 -0.985655 -0.0114043 -0.168388 6.70751
-0.175773 -0.0094037 0.984386 101.289 -0.0094037 0.999925 0.00787301 0.57781 -0.984386 -0.00787301 -0.175848 6.42501
-0.187519 -0.00249206 0.982258 103.33 -0.00249206 0.999995 0.00206131 0.576362 -0.982258 -0.00206131 -0.187524 6.20991
-0.199759 0.0018878 0.979843 105.642 0.0018878 0.999997 -0.00154177 0.574343 -0.979843 0.00154177 -0.199762 5.79678
-0.199759 0.0018878 0.979843 107.953 0.0018878 0.999997 -0.00154177 0.572325 -0.979843 0.00154177 -0.199762 5.38365
-0.207167 0.00389491 0.978298 109.903 0.00389491 0.999987 -0.00315647 0.554765 -0.978298 0.00315647 -0.207179 5.07704
-0.211213 0.00389328 0.977432 111.796 0.00389328 0.999987 -0.00314182 0.536242 -0.977432 0.00314182 -0.211226 4.66126
-0.218186 0.000717373 0.975907 113.683 0.000717373 1 -0.000574698 0.514185 -0.975907 0.000574698 -0.218186 4.31282
-0.229902 0.00250136 0.973211 115.863 0.00250136 0.999995 -0.0019793 0.502796 -0.973211 0.0019793 -0.229907 3.83044
-0.229902 0.00250136 0.973211 118.042 0.00250136 0.999995 -0.0019793 0.491408 -0.973211 0.0019793 -0.229907 3.34805
-0.234541 0.00867427 0.972067 120.072 0.00867427 0.999939 -0.00683005 0.497303 -0.972067 0.00683005 -0.234602 2.83569
-0.242742 0.002215 0.970088 122.243 0.002215 0.999996 -0.00172904 0.466002 -0.970088 0.00172904 -0.242746 2.39563
-0.223767 -0.036367 0.973964 123.967 -0.036367 0.998919 0.0289435 0.417039 -0.973964 -0.0289435 -0.224848 1.54935
-0.223767 -0.036367 0.973964 125.691 -0.036367 0.998919 0.0289435 0.368076 -0.973964 -0.0289435 -0.224848 0.70307
-0.229488 -0.0422749 0.972393 127.856 -0.0422749 0.998546 0.0334349 0.40564 -0.972393 -0.0334349 -0.230942 0.177856
-0.229488 -0.0422749 0.972393 130.02 -0.0422749 0.998546 0.0334349 0.443203 -0.972393 -0.0334349 -0.230942 -0.347358
-0.238866 -0.0317252 0.970534 132.24 -0.0317252 0.999188 0.0248537 0.502887 -0.970534 -0.0248537 -0.239678 -0.830786
-0.238866 -0.0317252 0.970534 134.46 -0.0317252 0.999188 0.0248537 0.56257 -0.970534 -0.0248537 -0.239678 -1.31421
-0.245557 -0.0293685 0.968937 136.66 -0.0293685 0.999308 0.0228462 0.635255 -0.968937 -0.0228462 -0.246249 -1.79151
-0.248913 -0.0279155 0.968123 138.558 -0.0279155 0.999376 0.0216394 0.661102 -0.968123 -0.0216394 -0.249537 -2.3291
-0.258921 -0.0216634 0.965656 140.735 -0.0216634 0.999627 0.0166169 0.700739 -0.965656 -0.0166169 -0.259294 -2.98005
-0.258921 -0.0216634 0.965656 142.912 -0.0216634 0.999627 0.0166169 0.740377 -0.965656 -0.0166169 -0.259294 -3.631
-0.261634 -0.0222713 0.96491 144.854 -0.0222713 0.999607 0.0170333 0.746413 -0.96491 -0.0170333 -0.262028 -4.1298
-0.266587 -0.0200536 0.963602 147.061 -0.0200536 0.999682 0.0152565 0.764278 -0.963602 -0.0152565 -0.266905 -4.71316
-0.271078 -0.0197527 0.962355 149.305 -0.0197527 0.999693 0.0149551 0.778358 -0.962355 -0.0149551 -0.271385 -5.31262
-0.275124 -0.0219819 0.961157 151.47 -0.0219819 0.999621 0.0165694 0.779377 -0.961157 -0.0165694 -0.275503 -5.90788
-0.278089 -0.0237996 0.96026 153.72 -0.0237996 0.999557 0.0178813 0.805843 -0.96026 -0.0178813 -0.278532 -6.57634
-0.277195 -0.0273199 0.960425 155.672 -0.0273199 0.999416 0.020544 0.858587 -0.960425 -0.020544 -0.27778 -7.37124
-0.283275 -0.0286205 0.958612 157.951 -0.0286205 0.999362 0.0213796 0.845974 -0.958612 -0.0213796 -0.283913 -8.00689
-0.283275 -0.0286205 0.958612 160.23 -0.0286205 0.999362 0.0213796 0.833361 -0.958612 -0.0213796 -0.283913 -8.64255
-0.290998 -0.0255582 0.956382 162.867 -0.0255582 0.999494 0.0189337 0.881439 -0.956382 -0.0189337 -0.291504 -9.46388
-0.290998 -0.0255582 0.956382 165.505 -0.0255582 0.999494 0.0189337 0.929517 -0.956382 -0.0189337 -0.291504 -10.2852
-0.293892 -0.0255195 0.955498 168.09 -0.0255195 0.999497 0.0188453 1.01786 -0.955498 -0.0188453 -0.294396 -11.2537
-0.301259 -0.0239676 0.953241 170.408 -0.0239676 0.999559 0.0175575 1.02869 -0.953241 -0.0175575 -0.3017 -11.9661
-0.301259 -0.0239676 0.953241 172.726 -0.0239676 0.999559 0.0175575 1.03952 -0.953241 -0.0175575 -0.3017 -12.6786
-0.304236 -0.0257116 0.95225 174.668 -0.0257116 0.999493 0.0187726 1.02452 -0.95225 -0.0187726 -0.304743 -13.1869
-0.306791 -0.0217902 0.951528 176.859 -0.0217902 0.999637 0.0158663 1.0484 -0.951528 -0.0158663 -0.307154 -13.9109
-0.311503 -0.0327021 0.949682 179.324 -0.0327021 0.999185 0.0236802 1.05657 -0.949682 -0.0236802 -0.312318 -14.6445
-0.311503 -0.0327021 0.949682 181.788 -0.0327021 0.999185 0.0236802 1.06474 -0.949682 -0.0236802 -0.312318 -15.3781
-0.315212 -0.0332386 0.948439 184.042 -0.0332386 0.99916 0.0239694 1.12577 -0.948439 -0.0239694 -0.316052 -16.0852
-0.322376 -0.032359 0.946058 186.199 -0.032359 0.999208 0.0231504 1.16281 -0.946058 -0.0231504 -0.323168 -16.777
-0.322376 -0.032359 0.946058 188.356 -0.032359 0.999208 0.0231504 1.19986 -0.946058 -0.0231504 -0.323168 -17.4689
-0.326124 -0.0296733 0.944861 190.776 -0.0296733 0.999336 0.0211422 1.24112 -0.944861 -0.0211422 -0.326788 -18.2823
-0.327122 -0.0328361 0.944411 192.98 -0.0328361 0.999188 0.023367 1.23447 -0.944411 -0.023367 -0.327935 -19.049
-0.331141 -0.0298313 0.94311 195.027 -0.0298313 0.999331 0.0211354 1.24037 -0.94311 -0.0211354 -0.331809 -19.691
-0.337334 -0.0201625 0.941169 197.208 -0.0201625 0.999696 0.0141897 1.28629 -0.941169 -0.0141897 -0.337638 -20.4538
-0.340577 -0.0213545 0.939974 199.032 -0.0213545 0.99966 0.0149732 1.27585 -0.939974 -0.0149732 -0.340918 -21.0083
-0.341531 -0.0253712 0.939528 201.103 -0.0253712 0.99952 0.0177684 1.28199 -0.939528 -0.0177684 -0.342011 -21.7712
-0.345929 -0.0247455 0.937934 203.481 -0.0247455 0.999545 0.0172443 1.31083 -0.937934 -0.0172443 -0.346384 -22.6125
-0.349809 -0.0236634 0.936522 206.149 -0.0236634 0.999585 0.0164181 1.3085 -0.936522 -0.0164181 -0.350224 -23.5208
-0.353866 -0.0221254 0.935034 208.199 -0.0221254 0.999638 0.0152807 1.30593 -0.935034 -0.0152807 -0.354227 -24.2558
-0.356422 -0.0215875 0.934076 210.503 -0.0215875 0.999656 0.0148659 1.32878 -0.934076 -0.0148659 -0.356766 -25.1685
-0.358393 -0.0215522 0.933322 212.939 -0.0215522 0.999658 0.014808 1.3471 -0.933322 -0.014808 -0.358735 -26.1157
-0.361193 -0.0259695 0.93213 215.354 -0.0259695 0.999505 0.0177836 1.37751 -0.93213 -0.0177836 -0.361688 -27.0314
-0.364 -0.027435 0.930995 217.902 -0.027435 0.999448 0.0187257 1.39182 -0.930995 -0.0187257 -0.364552 -27.9788
-0.367696 -0.0234326 0.929651 220.46 -0.0234326 0.999599 0.0159276 1.42142 -0.929651 -0.0159276 -0.368098 -28.9409
-0.367216 -0.0259148 0.929775 223.204 -0.0259148 0.999509 0.0176233 1.44411 -0.929775 -0.0176233 -0.367707 -30.232
-0.372297 -0.0252824 0.927769 223.234 -0.0252824 0.999534 0.0170927 1.44446 -0.927769 -0.0170927 -0.372763 -30.245
-0.372297 -0.0252824 0.927769 223.265 -0.0252824 0.999534 0.0170927 1.44481 -0.927769 -0.0170927 -0.372763 -30.2579
-0.376623 -0.020173 0.926147 226.138 -0.020173 0.999704 0.0135717 1.46952 -0.926147 -0.0135717 -0.376919 -31.4166
-0.378522 -0.020064 0.925375 228.21 -0.020064 0.999708 0.0134686 1.46168 -0.925375 -0.0134686 -0.378814 -32.3268
-0.381695 -0.0194789 0.924083 230.585 -0.0194789 0.999725 0.0130276 1.47636 -0.924083 -0.0130276 -0.381969 -33.2896
-0.386136 -0.0158472 0.922306 232.746 -0.0158472 0.999819 0.0105444 1.50662 -0.922306 -0.0105444 -0.386317 -34.1112
-0.39206 -0.00395295 0.919931 234.925 -0.00395295 0.999989 0.00261227 1.53141 -0.919931 -0.00261227 -0.392071 -34.9965
-0.394621 -0.0051726 0.918829 237.263 -0.0051726 0.999981 0.00340791 1.5215 -0.918829 -0.00340791 -0.394641 -35.999
-0.397205 -0.00514122 0.917715 239.476 -0.00514122 0.999981 0.00337686 1.51581 -0.917715 -0.00337686 -0.397224 -37.0422
-0.40059 -0.00738661 0.916228 241.736 -0.00738661 0.999961 0.00483212 1.48117 -0.916228 -0.00483212 -0.400629 -38.0187
-0.403127 -0.0109958 0.915078 244.079 -0.0109958 0.999914 0.00717115 1.46037 -0.915078 -0.00717115 -0.403213 -39.0787
-0.40514 -0.0196678 0.914043 246.407 -0.0196678 0.999725 0.0127939 1.42847 -0.914043 -0.0127939 -0.405415 -40.0861
-0.409225 -0.0170103 0.912275 246.437 -0.0170103 0.999795 0.0110118 1.42864 -0.912275 -0.0110118 -0.40943 -40.0998
-0.412789 -0.0167747 0.910672 246.741 -0.0167747 0.999801 0.0108128 1.42869 -0.910672 -0.0108128 -0.412988 -40.2348
-0.41642 -0.0128116 0.909082 247.314 -0.0128116 0.999884 0.00822273 1.43058 -0.909082 -0.00822273 -0.416536 -40.5052
-0.42442 -0.0171004 0.905304 248.172 -0.0171004 0.999795 0.0108683 1.41929 -0.905304 -0.0108683 -0.424626 -40.8703
-0.42442 -0.0171004 0.905304 249.031 -0.0171004 0.999795 0.0108683 1.40799 -0.905304 -0.0108683 -0.424626 -41.2353
-0.426356 -0.0180311 0.904376 251.417 -0.0180311 0.999772 0.0114325 1.45023 -0.904376 -0.0114325 -0.426584 -42.4948
-0.427842 -0.0286261 0.9034 253.824 -0.0286261 0.999426 0.0181118 1.46513 -0.9034 -0.0181118 -0.428416 -43.6761
-0.432571 -0.0280785 0.901162 256.354 -0.0280785 0.99945 0.0176629 1.47025 -0.901162 -0.0176629 -0.433121 -44.7679
-0.435822 -0.0305856 0.899513 258.685 -0.0305856 0.999348 0.0191613 1.51084 -0.899513 -0.0191613 -0.436474 -45.8781
-0.437107 -0.0370721 0.898645 261.085 -0.0370721 0.999044 0.0231817 1.5628 -0.898645 -0.0231817 -0.438063 -47.0933
-0.436101 -0.0385185 0.899073 263.606 -0.0385185 0.998967 0.0241146 1.68808 -0.899073 -0.0241146 -0.437134 -48.6991
-0.444644 -0.0415715 0.894742 263.636 -0.0415715 0.998804 0.0257474 1.68867 -0.894742 -0.0257474 -0.44584 -48.7122
-0.444644 -0.0415715 0.894742 263.666 -0.0415715 0.998804 0.0257474 1.68925 -0.894742 -0.0257474 -0.44584 -48.7254
-0.448529 -0.0410867 0.892823 263.695 -0.0410867 0.998835 0.0253244 1.69046 -0.892823 -0.0253244 -0.449694 -48.7417
-0.448529 -0.0410867 0.892823 263.724 -0.0410867 0.998835 0.0253244 1.69166 -0.892823 -0.0253244 -0.449694 -48.7579
-0.451987 -0.0356025 0.891314 266.649 -0.0356025 0.999127 0.0218548 1.76211 -0.891314 -0.0218548 -0.45286 -50.2827
-0.45451 -0.0395459 0.889863 268.992 -0.0395459 0.998925 0.024194 1.79273 -0.889863 -0.024194 -0.455585 -51.438
-0.457215 -0.0441932 0.888258 271.377 -0.0441932 0.99866 0.0269384 1.79626 -0.888258 -0.0269384 -0.458555 -52.5325
-0.460089 -0.0443815 0.886763 273.587 -0.0443815 0.998651 0.0269544 1.86102 -0.886763 -0.0269544 -0.461438 -53.6517
-0.461597 -0.0359136 0.886362 275.97 -0.0359136 0.999118 0.0217792 1.94346 -0.886362 -0.0217792 -0.46248 -55.0758
-0.468722 -0.0340915 0.882688 278.738 -0.0340915 0.999209 0.0204887 2.00233 -0.882688 -0.0204887 -0.469513 -56.4198
-0.468722 -0.0340915 0.882688 281.506 -0.0340915 0.999209 0.0204887 2.0612 -0.882688 -0.0204887 -0.469513 -57.7638
-0.469612 -0.041267 0.881908 283.785 -0.041267 0.998841 0.0247642 2.09574 -0.881908 -0.0247642 -0.470771 -58.9281
-0.470346 -0.0439157 0.881389 286.288 -0.0439157 0.998688 0.026325 2.18693 -0.881389 -0.026325 -0.471658 -60.3068
-0.473383 -0.0487981 0.879504 289.11 -0.0487981 0.998384 0.029129 2.38528 -0.879504 -0.029129 -0.474999 -61.7119
-0.482285 -0.031631 0.875443 289.139 -0.031631 0.999325 0.0186814 2.38643 -0.875443 -0.0186814 -0.48296 -61.7285
-0.482285 -0.031631 0.875443 289.167 -0.031631 0.999325 0.0186814 2.38757 -0.875443 -0.0186814 -0.48296 -61.7451
-0.482551 -0.0365928 0.875103 291.79 -0.0365928 0.999097 0.0215996 2.32301 -0.875103 -0.0215996 -0.483455 -63.4775
-0.491476 -0.0343772 0.870212 292.46 -0.0343772 0.999208 0.0200576 2.33432 -0.870212 -0.0200576 -0.492269 -63.8542
-0.491476 -0.0343772 0.870212 293.129 -0.0343772 0.999208 0.0200576 2.34564 -0.870212 -0.0200576 -0.492269 -64.2309
-0.496088 -0.0323148 0.867671 295.294 -0.0323148 0.999302 0.0187413 2.36254 -0.867671 -0.0187413 -0.496786 -65.4912
-0.50121 -0.0319341 0.864736 296.322 -0.0319341 0.999321 0.0183949 2.37762 -0.864736 -0.0183949 -0.50189 -66.0693
-0.504871 -0.0287393 0.862716 297.407 -0.0287393 0.999451 0.0164757 2.38002 -0.862716 -0.0164757 -0.50542 -66.7071
-0.509231 -0.0306261 0.860085 298.777 -0.0306261 0.999379 0.0174533 2.39517 -0.860085 -0.0174533 -0.509853 -67.4519
-0.514781 -0.0265666 0.85691 300.107 -0.0265666 0.999534 0.0150287 2.41459 -0.85691 -0.0150287 -0.515247 -68.1941
-0.518453 -0.0222121 0.854818 301.216 -0.0222121 0.999675 0.0125044 2.40448 -0.854818 -0.0125044 -0.518777 -68.8643
-0.526121 -0.0166734 0.850246 301.882 -0.0166734 0.999818 0.00928921 2.3955 -0.850246 -0.00928921 -0.526303 -69.2844
-0.526121 -0.0166734 0.850246 302.548 -0.0166734 0.999818 0.00928921 2.38653 -0.850246 -0.00928921 -0.526303 -69.7044
-0.530806 -0.0153657 0.847354 303.635 -0.0153657 0.999846 0.00850544 2.38469 -0.847354 -0.00850544 -0.530961 -70.3694
-0.535095 -0.0108826 0.844722 304.725 -0.0108826 0.999923 0.00598842 2.37726 -0.844722 -0.00598842 -0.535172 -71.0385
-0.53878 -0.00609313 0.842424 305.856 -0.00609313 0.999976 0.00333576 2.36651 -0.842424 -0.00333576 -0.538804 -71.7536
-0.542122 -0.00522249 0.840284 306.994 -0.00522249 0.999982 0.00284568 2.35449 -0.840284 -0.00284568 -0.542139 -72.4735
-0.545362 -0.00329433 0.838194 308.117 -0.00329433 0.999993 0.00178682 2.35614 -0.838194 -0.00178682 -0.545369 -73.1793
-0.548653 -0.00289694 0.836045 309.183 -0.00289694 0.999995 0.00156392 2.33866 -0.836045 -0.00156392 -0.548658 -73.8252
-0.551513 0.000641089 0.834166 310.315 0.000641089 1 -0.00034468 2.32805 -0.834166 0.00034468 -0.551513 -74.5676
-0.556126 0.0087592 0.831052 311.711 0.0087592 0.999951 -0.00467787 2.30876 -0.831052 0.00467787 -0.556175 -75.4544
-0.559014 0.00804037 0.829119 313.334 0.00804037 0.999959 -0.00427605 2.29837 -0.829119 0.00427605 -0.559055 -76.5406
-0.559913 0.00905909 0.828502 315.171 0.00905909 0.999947 -0.00481147 2.27701 -0.828502 0.00481147 -0.559966 -77.8462
-0.581124 0.00903203 0.813765 315.202 0.00903203 0.999948 -0.00464856 2.27435 -0.813765 0.00464856 -0.581175 -77.858
-0.581124 0.00903203 0.813765 315.233 0.00903203 0.999948 -0.00464856 2.27169 -0.813765 0.00464856 -0.581175 -77.8697
-0.587663 0.0430242 0.807961 315.26 0.0430242 0.998834 -0.021895 2.27128 -0.807961 0.021895 -0.588829 -77.8887
-0.587663 0.0430242 0.807961 315.287 0.0430242 0.998834 -0.021895 2.27086 -0.807961 0.021895 -0.588829 -77.9078
-0.574515 -0.0417612 0.817428 316.459 -0.0417612 0.998892 0.0216808 2.55864 -0.817428 -0.0216808 -0.575622 -80.9788
-0.574515 -0.0417612 0.817428 317.632 -0.0417612 0.998892 0.0216808 2.84642 -0.817428 -0.0216808 -0.575622 -84.0499
-0.571546 -0.03895 0.819645 317.657 -0.03895 0.999035 0.0203145 2.84648 -0.819645 -0.0203145 -0.572511 -84.072
-0.571546 -0.03895 0.819645 317.681 -0.03895 0.999035 0.0203145 2.84654 -0.819645 -0.0203145 -0.572511 -84.0941
-0.575034 -0.017732 0.817938 320.31 -0.017732 0.9998 0.00920848 2.89573 -0.817938 -0.00920848 -0.575233 -85.9451
-0.562951 -0.0227695 0.826177 322.679 -0.0227695 0.999668 0.012036 2.81071 -0.826177 -0.012036 -0.563282 -85.2378
-0.562951 -0.0227695 0.826177 325.047 -0.0227695 0.999668 0.012036 2.72569 -0.826177 -0.012036 -0.563282 -84.5305
-0.588431 0.000708093 0.808547 325.153 0.000708093 1 -0.000360435 3.34455 -0.808547 0.000360435 -0.588431 -87.7702
-0.588431 0.000708093 0.808547 325.26 0.000708093 1 -0.000360435 3.96342 -0.808547 0.000360435 -0.588431 -91.0099
-0.594838 0.0164848 0.803677 325.717 0.0164848 0.99983 -0.00830706 3.96275 -0.803677 0.00830706 -0.595008 -91.3185
-0.594838 0.0164848 0.803677 326.174 0.0164848 0.99983 -0.00830706 3.96208 -0.803677 0.00830706 -0.595008 -91.627
-0.584423 0.133856 0.800333 327.192 0.133856 0.988691 -0.0676142 4.0169 -0.800333 0.0676142 -0.595732 -93.2369
-0.584423 0.133856 0.800333 328.21 0.133856 0.988691 -0.0676142 4.07171 -0.800333 0.0676142 -0.595732 -94.8467
-0.578474 0.170213 0.797744 328.543 0.170213 0.981645 -0.086024 4.06883 -0.797744 0.086024 -0.596829 -95.2479
-0.578474 0.170213 0.797744 328.876 0.170213 0.981645 -0.086024 4.06596 -0.797744 0.086024 -0.596829 -95.6491
-0.574578 0.216684 0.789245 329.445 0.216684 0.970181 -0.108611 3.99759 -0.789245 0.108611 -0.604397 -96.0681
-0.574578 0.216684 0.789245 330.014 0.216684 0.970181 -0.108611 3.92922 -0.789245 0.108611 -0.604397 -96.4871
-0.557163 0.272765 0.784327 331.629 0.272765 0.95222 -0.137389 3.68486 -0.784327 0.137389 -0.604943 -97.6543
-0.539539 0.328182 0.775367 332.033 0.328182 0.930042 -0.165284 3.6074 -0.775367 0.165284 -0.609498 -97.952
-0.539539 0.328182 0.775367 332.436 0.328182 0.930042 -0.165284 3.52994 -0.775367 0.165284 -0.609498 -98.2498
-0.537934 0.340735 0.771056 335.172 0.340735 0.924509 -0.17083 2.86373 -0.771056 0.17083 -0.613425 -99.971
-0.523348 0.380909 0.762244 337.756 0.380909 0.904755 -0.190597 2.26517 -0.762244 0.190597 -0.618593 -101.935
-0.523348 0.380909 0.762244 340.339 0.380909 0.904755 -0.190597 1.66661 -0.762244 0.190597 -0.618593 -103.898
-0.516221 0.402285 0.756097 342.336 0.402285 0.893265 -0.200608 1.08289 -0.756097 0.200608 -0.622956 -105.356
-0.488177 0.447158 0.749489 344.501 0.447158 0.865641 -0.225201 0.471244 -0.749489 0.225201 -0.622536 -107.076
-0.475438 0.470367 0.743447 346.865 0.470367 0.850048 -0.237009 -0.295727 -0.743447 0.237009 -0.62539 -108.982
-0.439469 0.518738 0.733333 347.324 0.518738 0.813064 -0.264269 -0.436695 -0.733333 0.264269 -0.626406 -109.383
-0.439469 0.518738 0.733333 347.783 0.518738 0.813064 -0.264269 -0.577663 -0.733333 0.264269 -0.626406 -109.785
-0.381908 0.574941 0.723595 348.474 0.574941 0.760797 -0.30105 -0.749914 -0.723595 0.30105 -0.621111 -110.521
-0.269765 0.649971 0.710468 348.644 0.649971 0.667291 -0.363676 -0.597242 -0.710468 0.363676 -0.602474 -111.091
-0.269765 0.649971 0.710468 348.815 0.649971 0.667291 -0.363676 -0.44457 -0.710468 0.363676 -0.602474 -111.661
-0.265776 0.648171 0.713609 348.838 0.648171 0.668089 -0.365421 -0.456607 -0.713609 0.365421 -0.597687 -111.681
-0.265776 0.648171 0.713609 348.861 0.648171 0.668089 -0.365421 -0.468644 -0.713609 0.365421 -0.597687 -111.702
-0.28738 0.625836 0.72508 351.218 0.625836 0.695761 -0.352484 -1.75009 -0.72508 0.352484 -0.591619 -113.623
-0.28738 0.625836 0.72508 353.575 0.625836 0.695761 -0.352484 -3.03153 -0.72508 0.352484 -0.591619 -115.545
-0.273115 0.642127 0.716297 356.023 0.642127 0.676127 -0.361282 -4.51553 -0.716297 0.361282 -0.596988 -117.186
-0.231081 0.672141 0.70344 356.046 0.672141 0.633027 -0.384062 -4.52821 -0.70344 0.384062 -0.598054 -117.206
-0.231081 0.672141 0.70344 356.07 0.672141 0.633027 -0.384062 -4.54089 -0.70344 0.384062 -0.598054 -117.226
-0.294594 0.616615 0.730069 358.368 0.616615 0.706307 -0.347731 -5.88762 -0.730069 0.347731 -0.588288 -119.173
-0.294594 0.616615 0.730069 360.667 0.616615 0.706307 -0.347731 -7.23434 -0.730069 0.347731 -0.588288 -121.12
-0.349048 0.558202 0.752712 363.115 0.558202 0.76903 -0.311454 -8.3796 -0.752712 0.311454 -0.580018 -123.014
-0.349048 0.558202 0.752712 365.563 0.558202 0.76903 -0.311454 -9.52486 -0.752712 0.311454 -0.580018 -124.907
-0.349048 0.558202 0.752712 368.012 0.558202 0.76903 -0.311454 -10.6701 -0.752712 0.311454 -0.580018 -126.8
-0.349048 0.558202 0.752712 370.46 0.558202 0.76903 -0.311454 -11.8154 -0.752712 0.311454 -0.580018 -128.694
-0.343215 0.561818 0.752704 370.484 0.561818 0.765012 -0.314829 -11.8258 -0.752704 0.314829 -0.578204 -128.713
0.345064 0.78154 0.519737 373.014 0.78154 0.0673839 -0.620206 -13.0051 -0.519737 0.620206 -0.587552 -130.474
0.345064 0.78154 0.519737 375.544 0.78154 0.0673839 -0.620206 -14.1843 -0.519737 0.620206 -0.587552 -132.234
0.345064 0.78154 0.519737 378.074 0.78154 0.0673839 -0.620206 -15.3636 -0.519737 0.620206 -0.587552 -133.995
0.345064 0.78154 0.519737 380.604 0.78154 0.0673839 -0.620206 -16.5428 -0.519737 0.620206 -0.587552 -135.755
0.345064 0.78154 0.519737 383.133 0.78154 0.0673839 -0.620206 -17.7221 -0.519737 0.620206 -0.587552 -137.516
0.345064 0.78154 0.519737 385.663 0.78154 0.0673839 -0.620206 -18.9013 -0.519737 0.620206 -0.587552 -139.276
0.345064 0.78154 0.519737 388.193 0.78154 0.0673839 -0.620206 -20.0806 -0.519737 0.620206 -0.587552 -141.037
0.345064 0.78154 0.519737 390.723 0.78154 0.0673839 -0.620206 -21.2598 -0.519737 0.620206 -0.587552 -142.797
0.415925 0.756992 0.503955 390.996 0.756992 0.0189 -0.653151 -21.4605 -0.503955 0.653151 -0.565175 -143.122
0.415925 0.756992 0.503955 391.269 0.756992 0.0189 -0.653151 -21.6612 -0.503955 0.653151 -0.565175 -143.447
0.415925 0.756992 0.503955 391.542 0.756992 0.0189 -0.653151 -21.8619 -0.503955 0.653151 -0.565175 -143.772
0.415925 0.756992 0.503955 391.815 0.756992 0.0189 -0.653151 -22.0625 -0.503955 0.653151 -0.565175 -144.097
0.34936 0.771582 0.531609 392.181 0.771582 0.0849946 -0.630426 -22.5247 -0.531609 0.630426 -0.565645 -144.521
0.34936 0.771582 0.531609 392.547 0.771582 0.0849946 -0.630426 -22.9868 -0.531609 0.630426 -0.565645 -144.945
0.417996 0.766616 0.487421 392.788 0.766616 -0.00978675 -0.642031 -23.842 -0.487421 0.642031 -0.591791 -145.194
0.417996 0.766616 0.487421 393.028 0.766616 -0.00978675 -0.642031 -24.6973 -0.487421 0.642031 -0.591791 -145.444
0.417996 0.766616 0.487421 393.268 0.766616 -0.00978675 -0.642031 -25.5526 -0.487421 0.642031 -0.591791 -145.693
0.234448 0.799828 0.552548 394.546 0.799828 0.164361 -0.577287 -27.1446 -0.552548 0.577287 -0.601192 -147.322
0.234448 0.799828 0.552548 395.824 0.799828 0.164361 -0.577287 -28.7366 -0.552548 0.577287 -0.601192 -148.951
0.253255 0.796055 0.549689 395.845 0.796055 0.151378 -0.585987 -28.7468 -0.549689 0.585987 -0.595366 -148.974
0.253255 0.796055 0.549689 395.866 0.796055 0.151378 -0.585987 -28.757 -0.549689 0.585987 -0.595366 -148.998
0.235379 0.795721 0.558054 396.899 0.795721 0.171913 -0.580752 -29.3938 -0.558054 0.580752 -0.592708 -150.154
0.235379 0.795721 0.558054 397.932 0.795721 0.171913 -0.580752 -30.0306 -0.558054 0.580752 -0.592708 -151.31
0.24726 0.7976 0.550178 397.938 0.7976 0.154865 -0.582967 -30.0623 -0.550178 0.582967 -0.597874 -151.317
0.24726 0.7976 0.550178 397.944 0.7976 0.154865 -0.582967 -30.094 -0.550178 0.582967 -0.597874 -151.324
0.238727 0.791004 0.563313 398.796 0.791004 0.178103 -0.585313 -30.1407 -0.563313 0.585313 -0.583169 -152.66
0.238727 0.791004 0.563313 399.648 0.791004 0.178103 -0.585313 -30.1875 -0.563313 0.585313 -0.583169 -153.996
0.173198 0.79157 0.58602 400.135 0.79157 0.242161 -0.561048 -30.4937 -0.58602 0.561048 -0.584641 -154.555
0.173198 0.79157 0.58602 400.623 0.79157 0.242161 -0.561048 -30.8 -0.58602 0.561048 -0.584641 -155.113
-0.201262 0.710323 0.674488 402.572 0.710323 0.579976 -0.398834 -31.1735 -0.674488 0.398834 -0.621287 -157.124
-0.201262 0.710323 0.674488 404.522 0.710323 0.579976 -0.398834 -31.5471 -0.674488 0.398834 -0.621287 -159.135
-0.317317 0.64267 0.697341 405.083 0.64267 0.686465 -0.340207 -31.4504 -0.697341 0.340207 -0.630852 -160.1
-0.279876 0.660136 0.697058 405.814 0.660136 0.659514 -0.359529 -31.6362 -0.697058 0.359529 -0.620362 -161.042
-0.279876 0.660136 0.697058 406.545 0.660136 0.659514 -0.359529 -31.822 -0.697058 0.359529 -0.620362 -161.984
-0.258453 0.679975 0.686175 406.567 0.679975 0.632592 -0.370758 -31.843 -0.686175 0.370758 -0.625861 -161.996
-0.258453 0.679975 0.686175 406.589 0.679975 0.632592 -0.370758 -31.8639 -0.686175 0.370758 -0.625861 -162.009
-0.245777 0.681589 0.689225 406.609 0.681589 0.627089 -0.377088 -31.8757 -0.689225 0.377088 -0.618687 -162.032
-0.245777 0.681589 0.689225 406.63 0.681589 0.627089 -0.377088 -31.8876 -0.689225 0.377088 -0.618687 -162.055
-0.262456 0.670286 0.694142 407.062 0.670286 0.64412 -0.368547 -32.322 -0.694142 0.368547 -0.618336 -162.214
-0.262456 0.670286 0.694142 407.494 0.670286 0.64412 -0.368547 -32.7565 -0.694142 0.368547 -0.618336 -162.373
0.1611 0.754634 0.636062 408.972 0.754634 0.321168 -0.57217 -34.9722 -0.636062 0.57217 -0.517732 -164.321
0.1611 0.754634 0.636062 410.451 0.754634 0.321168 -0.57217 -37.1879 -0.636062 0.57217 -0.517732 -166.269
0.150897 0.756072 0.636856 411.138 0.756072 0.326767 -0.56708 -37.831 -0.636856 0.56708 -0.522336 -166.836
0.150897 0.756072 0.636856 411.824 0.756072 0.326767 -0.56708 -38.4741 -0.636856 0.56708 -0.522336 -167.402
0.172698 0.75604 0.631331 412.959 0.75604 0.309083 -0.576949 -39.5578 -0.631331 0.576949 -0.518219 -168.686
0.215212 0.770868 0.599539 413.353 0.770868 0.242805 -0.588904 -40.5459 -0.599539 0.588904 -0.541982 -168.786
0.215212 0.770868 0.599539 413.747 0.770868 0.242805 -0.588904 -41.5339 -0.599539 0.588904 -0.541982 -168.886
0.165767 0.768639 0.617831 414.226 0.768639 0.291797 -0.569252 -42.238 -0.617831 0.569252 -0.542436 -169.286
0.165767 0.768639 0.617831 414.705 0.768639 0.291797 -0.569252 -42.9421 -0.617831 0.569252 -0.542436 -169.685
0.122698 0.766608 0.630283 415.89 0.766608 0.330119 -0.550757 -44.3142 -0.630283 0.550757 -0.547183 -170.863
0.549527 0.68188 0.482763 417.575 0.68188 -0.0321597 -0.730757 -44.5836 -0.482763 0.730757 -0.482633 -172.541
0.549527 0.68188 0.482763 419.261 0.68188 -0.0321597 -0.730757 -44.853 -0.482763 0.730757 -0.482633 -174.22
0.538245 0.681218 0.49622 419.284 0.681218 -0.00498818 -0.732063 -44.8533 -0.49622 0.732063 -0.466743 -174.243
0.544209 0.679592 0.491926 419.298 0.679592 -0.0132838 -0.73347 -44.8799 -0.491926 0.73347 -0.469075 -174.257
0.544209 0.679592 0.491926 419.311 0.679592 -0.0132838 -0.73347 -44.9066 -0.491926 0.73347 -0.469075 -174.271
0.544105 0.679891 0.491628 419.326 0.679891 -0.0139425 -0.733181 -44.9333 -0.491628 0.733181 -0.469837 -174.284
0.544105 0.679891 0.491628 419.34 0.679891 -0.0139425 -0.733181 -44.9601 -0.491628 0.733181 -0.469837 -174.297
0.528493 0.686651 0.499205 419.704 0.686651 3.76006e-005 -0.726988 -45.566 -0.499205 0.726988 -0.471469 -174.651
0.528493 0.686651 0.499205 420.069 0.686651 3.76006e-005 -0.726988 -46.1718 -0.499205 0.726988 -0.471469 -175.006
0.566077 0.664838 0.487389 420.688 0.664838 -0.018635 -0.746755 -46.5775 -0.487389 0.746755 -0.452558 -175.608
0.566077 0.664838 0.487389 421.306 0.664838 -0.018635 -0.746755 -46.9832 -0.487389 0.746755 -0.452558 -176.209
0.518463 0.683285 0.514118 421.906 0.683285 0.03044 -0.729517 -47.9222 -0.514118 0.729517 -0.451097 -176.802
0.518463 0.683285 0.514118 422.506 0.683285 0.03044 -0.729517 -48.8611 -0.514118 0.729517 -0.451097 -177.395
0.434954 0.706474 0.558309 423.468 0.706474 0.116699 -0.698052 -50.1581 -0.558309 0.698052 -0.448346 -178.126
0.417405 0.710312 0.566771 423.486 0.710312 0.133973 -0.691019 -50.182 -0.566771 0.691019 -0.448623 -178.14
0.407341 0.711994 0.571959 423.505 0.711994 0.144641 -0.687127 -50.2048 -0.571959 0.687127 -0.448017 -178.155
0.407341 0.711994 0.571959 423.524 0.711994 0.144641 -0.687127 -50.2276 -0.571959 0.687127 -0.448017 -178.17
0.351094 0.720127 0.598456 424.108 0.720127 0.200835 -0.66414 -50.961 -0.598456 0.66414 -0.448071 -178.655
0.351094 0.720127 0.598456 424.692 0.720127 0.200835 -0.66414 -51.6945 -0.598456 0.66414 -0.448071 -179.139
0.205303 0.714781 0.668535 426.582 0.714781 0.357099 -0.601306 -54.1339 -0.668535 0.601306 -0.437598 -180.309
0.205303 0.714781 0.668535 428.472 0.714781 0.357099 -0.601306 -56.5733 -0.668535 0.601306 -0.437598 -181.479
0.172931 0.713834 0.678628 429.846 0.713834 0.383898 -0.585716 -57.9058 -0.678628 0.585716 -0.443171 -182.301
0.192887 0.714025 0.673026 429.868 0.714025 0.368328 -0.595402 -57.9245 -0.673026 0.595402 -0.438786 -182.317
0.211135 0.716467 0.664904 430.089 0.716467 0.349287 -0.603882 -58.1264 -0.664904 0.603882 -0.439578 -182.463
0.211135 0.716467 0.664904 430.31 0.716467 0.349287 -0.603882 -58.3284 -0.664904 0.603882 -0.439578 -182.61
0.189464 0.715851 0.672057 431.025 0.715851 0.367773 -0.593549 -58.9955 -0.672057 0.593549 -0.442763 -183.079
0.189464 0.715851 0.672057 431.74 0.715851 0.367773 -0.593549 -59.6626 -0.672057 0.593549 -0.442763 -183.549
0.11237 0.702254 0.703002 432.263 0.702254 0.444407 -0.556185 -59.9468 -0.703002 0.556185 -0.443222 -183.999
0.11237 0.702254 0.703002 432.787 0.702254 0.444407 -0.556185 -60.231 -0.703002 0.556185 -0.443222 -184.448
0.115774 0.703317 0.701386 433.146 0.703317 0.440579 -0.557885 -60.5302 -0.701386 0.557885 -0.443647 -184.676
0.115774 0.703317 0.701386 433.506 0.703317 0.440579 -0.557885 -60.8294 -0.701386 0.557885 -0.443647 -184.904
0.129309 0.706676 0.695621 435.739 0.706676 0.426444 -0.564584 -62.8301 -0.695621 0.564584 -0.444248 -186.283
0.164552 0.71135 0.683304 436.095 0.71135 0.394315 -0.581805 -63.1212 -0.683304 0.581805 -0.441133 -186.522
0.164552 0.71135 0.683304 436.452 0.71135 0.394315 -0.581805 -63.4123 -0.683304 0.581805 -0.441133 -186.762
0.139191 0.708319 0.692034 438.45 0.708319 0.417158 -0.569441 -65.1774 -0.692034 0.569441 -0.44365 -188.017
0.136302 0.708466 0.692458 440.097 0.708466 0.418867 -0.568002 -66.6087 -0.692458 0.568002 -0.444831 -189.166
0.118035 0.705948 0.698359 440.119 0.705948 0.43494 -0.558985 -66.6281 -0.698359 0.558985 -0.447024 -189.181
0.118035 0.705948 0.698359 440.142 0.705948 0.43494 -0.558985 -66.6476 -0.698359 0.558985 -0.447024 -189.195
0.114451 0.705411 0.699497 440.165 0.705411 0.438083 -0.557206 -66.6665 -0.699497 0.557206 -0.447466 -189.21
0.0885594 0.700129 0.708503 440.396 0.700129 0.462192 -0.544241 -66.8553 -0.708503 0.544241 -0.449249 -189.357
0.0752762 0.695473 0.714598 441.007 0.695473 0.476943 -0.53744 -67.2891 -0.714598 0.53744 -0.44778 -189.806
0.0752762 0.695473 0.714598 441.618 0.695473 0.476943 -0.53744 -67.7229 -0.714598 0.53744 -0.44778 -190.254
0.0670707 0.693239 0.71758 441.641 0.693239 0.484869 -0.533218 -67.7402 -0.71758 0.533218 -0.44806 -190.27
0.0764793 0.696471 0.713498 441.879 0.696471 0.474758 -0.538083 -67.9247 -0.713498 0.538083 -0.448763 -190.412
0.0728072 0.695809 0.714527 441.902 0.695809 0.477833 -0.536215 -67.9431 -0.714527 0.536215 -0.44936 -190.427
0.0955538 0.702589 0.705151 442.545 0.702589 0.454217 -0.547773 -68.4492 -0.705151 0.547773 -0.450229 -190.821
0.0955538 0.702589 0.705151 443.188 0.702589 0.454217 -0.547773 -68.9554 -0.705151 0.547773 -0.450229 -191.216
0.0737952 0.69756 0.712716 443.211 0.69756 0.474641 -0.536774 -68.9749 -0.712716 0.536774 -0.451563 -191.23
