1 -8.22789e-007 -0.00085052 -0.0332714 -8.22789e-007 0.999998 -0.00193479 -0.0106501 0.00085052 0.00193479 0.999998 0.665833
1 -1.71017e-006 -0.000963462 -0.102903 -1.71017e-006 0.999994 -0.00355004 -0.0155367 0.000963462 0.00355004 0.999993 1.32564
0.99995 -2.10532e-005 -0.00997822 -0.112149 -2.10532e-005 0.999991 -0.00421972 -0.0328396 0.00997822 0.00421972 0.999941 1.99822
0.99995 -2.10532e-005 -0.00997822 -0.121396 -2.10532e-005 0.999991 -0.00421972 -0.0501425 0.00997822 0.00421972 0.999941 2.67081
0.999898 -2.95819e-005 -0.0142756 -0.135179 -2.95819e-005 0.999991 -0.00414417 -0.0603854 0.0142756 0.00414417 0.99989 3.43743
0.999864 -4.49715e-005 -0.0164619 -0.179493 -4.49715e-005 0.999985 -0.00546328 -0.0665818 0.0164619 0.00546328 0.99985 4.16951
0.999772 -6.36651e-005 -0.0213636 -0.213697 -6.36651e-005 0.999982 -0.00595942 -0.0739049 0.0213636 0.00595942 0.999754 4.94047
0.999685 -5.12804e-005 -0.0250781 -0.246925 -5.12804e-005 0.999992 -0.00408901 -0.0848313 0.0250781 0.00408901 0.999677 5.74029
0.999581 -2.70582e-005 -0.0289337 -0.275783 -2.70582e-005 0.999998 -0.00186997 -0.0883699 0.0289337 0.00186997 0.99958 6.58613
0.999524 1.22319e-005 -0.0308623 -0.325316 1.22319e-005 1 0.000792484 -0.0977649 0.0308623 -0.000792484 0.999523 7.39974
0.999451 4.4038e-006 -0.0331204 -0.368523 4.4038e-006 1 0.000265854 -0.103991 0.0331204 -0.000265854 0.999451 8.23341
0.99946 4.08799e-006 -0.0328653 -0.437591 4.08799e-006 1 0.000248705 -0.110763 0.0328653 -0.000248705 0.99946 9.05337
0.999384 -6.03233e-006 -0.0350844 -0.462193 -6.03233e-006 1 -0.000343769 -0.117393 0.0350844 0.000343769 0.999384 9.88183
0.999272 2.28656e-005 -0.0381511 -0.468599 2.28656e-005 0.999999 0.00119825 -0.133532 0.0381511 -0.00119825 0.999271 10.6855
