0.999993 -0.00137303 -0.00338692 -0.00631493 0.00136543 0.999997 -0.0022434 -0.0012479 0.00338999 0.00223876 0.999992 0.698142
0.999969 0.00150517 -0.00770404 -0.0155283 -0.00153926 0.999989 -0.00442198 0.00541658 0.0076973 0.0044337 0.999961 1.40685
0.999936 0.000624726 -0.0112949 -0.0351166 -0.000691542 0.999982 -0.00591268 0.000723345 0.011291 0.00592011 0.999919 2.13015
0.999867 0.00236063 -0.016125 -0.054206 -0.00247005 0.999974 -0.00676944 -0.00344385 0.0161086 0.00680837 0.999847 2.86377
0.999808 -0.000416222 -0.0196124 -0.0823223 0.000279437 0.999976 -0.00697666 -0.0141452 0.0196148 0.00696984 0.999783 3.60492
0.999693 0.00244994 -0.0246709 -0.10532 -0.00264368 0.999966 -0.00782345 -0.0271493 0.0246509 0.00788626 0.999665 4.36124
0.999528 0.00287523 -0.0305983 -0.126812 -0.00313042 0.999961 -0.00829515 -0.0371234 0.0305733 0.00838702 0.999497 5.1367
0.999397 0.00122735 -0.0347034 -0.165407 -0.00146442 0.999976 -0.00680663 -0.0448722 0.0346942 0.00685335 0.999374 5.92485
0.999229 7.98741e-006 -0.0392667 -0.201387 -0.000156492 0.999993 -0.00377887 -0.0575968 0.0392664 0.0037821 0.999222 6.72963
0.999093 -0.000295307 -0.0425808 -0.244855 0.000261559 1 -0.000798143 -0.0739636 0.042581 0.000786282 0.999093 7.57278
0.999015 0.00285147 -0.0442917 -0.303329 -0.00292273 0.999995 -0.00154429 -0.0811687 0.044287 0.00167222 0.999017 8.43355
0.998911 -0.00111289 -0.0466506 -0.345325 0.00104321 0.999998 -0.00151805 -0.0910842 0.0466522 0.00146773 0.99891 9.29698
0.998845 -0.00272364 -0.0479676 -0.395727 0.0025985 0.999993 -0.00267095 -0.0919938 0.0479745 0.00254322 0.998845 10.1753
0.998746 -0.000514072 -0.0500537 -0.438644 0.000426594 0.999998 -0.00175836 -0.102652 0.0500545 0.0017348 0.998745 11.044
0.99866 -0.000601588 -0.0517493 -0.485374 0.00050262 0.999998 -0.00192544 -0.115573 0.0517504 0.00189685 0.998658 11.9397
0.998528 0.00136006 -0.0542131 -0.530524 -0.00158383 0.99999 -0.00408491 -0.127038 0.054207 0.00416476 0.998521 12.8398
0.998558 0.00120458 -0.053671 -0.604982 -0.00160569 0.999971 -0.00743114 -0.127174 0.0536605 0.0075066 0.998531 13.7403
0.998495 0.00565494 -0.0545579 -0.675336 -0.00613595 0.999944 -0.00865313 -0.140327 0.0545059 0.00897487 0.998473 14.6416
0.998408 -1.60138e-005 -0.0564013 -0.721338 -0.00046205 0.999964 -0.00846305 -0.151618 0.0563995 0.00847564 0.998372 15.5674
0.998404 -0.000371489 -0.0564662 -0.795924 -4.03783e-005 0.999973 -0.00729272 -0.164536 0.0564674 0.00728337 0.998378 16.5168
0.998323 -0.000345832 -0.057886 -0.852591 5.95225e-006 0.999983 -0.00587161 -0.179483 0.057887 0.00586142 0.998306 17.4491
0.998306 0.000385163 -0.0581774 -0.919577 -0.00074912 0.99998 -0.00623429 -0.187177 0.0581738 0.00626731 0.998287 18.3651
0.998233 0.000591404 -0.0594244 -0.985547 -0.00103468 0.999972 -0.00742902 -0.193618 0.0594183 0.00747737 0.998205 19.2878
0.998159 -0.00118151 -0.0606481 -1.03792 0.000673718 0.999965 -0.00839253 -0.205601 0.0606558 0.00833622 0.998124 20.1784
0.998121 -0.000583938 -0.0612757 -1.09463 0.000158693 0.999976 -0.0069445 -0.215969 0.0612783 0.00692172 0.998097 21.0871
0.998165 0.00173465 -0.0605289 -1.16395 -0.00195847 0.999991 -0.00363865 -0.2275 0.060522 0.00375052 0.99816 22.0042
0.998207 0.000901285 -0.0598527 -1.22395 -0.000913871 1 -0.000182913 -0.237545 0.0598525 0.000237283 0.998207 22.9518
0.99831 -0.00166447 -0.0580971 -1.28301 0.00179763 0.999996 0.0022398 -0.243512 0.0580931 -0.00234045 0.998308 23.9343
0.998266 -0.00187958 -0.0588308 -1.32036 0.00207922 0.999992 0.00333241 -0.253838 0.058824 -0.00344896 0.998262 24.9503
0.998399 -0.0029749 -0.0564921 -1.38066 0.00299841 0.999995 0.000331429 -0.253113 0.0564908 -0.000500285 0.998403 25.9599
0.99841 0.000804976 -0.0563561 -1.43677 -0.00105023 0.99999 -0.0043224 -0.263071 0.0563521 0.00437471 0.998401 26.9899
0.998487 0.00095547 -0.0549754 -1.49985 -0.00136896 0.999971 -0.00748412 -0.274725 0.0549666 0.00754805 0.99846 27.9677
0.998481 -0.00383391 -0.0549617 -1.53825 0.0034854 0.999973 -0.00643543 -0.289512 0.0549849 0.00623409 0.998468 28.901
0.998499 -0.00224772 -0.0547305 -1.59412 0.00216246 0.999996 -0.00161694 -0.301528 0.054734 0.00149616 0.9985 29.8672
0.99848 -0.00402678 -0.0549731 -1.64802 0.00412909 0.99999 0.00174757 -0.320371 0.0549655 -0.0019719 0.998486 30.8389
0.998453 -0.0059648 -0.0552801 -1.70198 0.00602064 0.999982 0.000843682 -0.333758 0.055274 -0.0011752 0.998471 31.8226
0.998407 -0.00267576 -0.0563573 -1.75622 0.00247517 0.99999 -0.00362884 -0.338754 0.0563664 0.00348357 0.998404 32.8088
0.998365 -0.000258722 -0.0571667 -1.82387 -0.000178767 0.999971 -0.00764763 -0.350907 0.057167 0.00764534 0.998335 33.758
0.998284 0.00189466 -0.058527 -1.88338 -0.00241481 0.999958 -0.00881803 -0.365669 0.0585079 0.00894423 0.998247 34.6601
0.998187 -0.00127685 -0.0601722 -1.92779 0.000845414 0.999974 -0.0071949 -0.38864 0.0601798 0.00713099 0.998162 35.6098
0.998177 0.00416815 -0.0602121 -2.00394 -0.00440997 0.999983 -0.00388387 -0.412812 0.0601948 0.00414232 0.998178 36.5665
0.997994 -0.00103448 -0.0632941 -2.04512 0.000885771 0.999997 -0.00237745 -0.432304 0.0632963 0.00231662 0.997992 37.5529
0.998019 0.00186651 -0.0628798 -2.13003 -0.0018337 0.999998 0.000579511 -0.445819 0.0628808 -0.000463061 0.998021 38.5584
0.998081 0.00143604 -0.061898 -2.18823 -0.001211 0.999993 0.00367299 -0.468496 0.0619028 -0.00359098 0.998076 39.5284
0.998096 0.00721287 -0.0612591 -2.28038 -0.00684658 0.999957 0.0061872 -0.472565 0.0613011 -0.00575601 0.998103 40.5865
0.998085 -0.0014859 -0.0618342 -2.34056 0.00184837 0.999981 0.00580504 -0.486861 0.0618245 -0.00590822 0.99807 41.6547
0.99811 0.00028643 -0.0614577 -2.41303 -4.32447e-005 0.999992 0.00395824 -0.486826 0.0614583 -0.0039481 0.998102 42.7432
0.998047 0.0054178 -0.0622383 -2.48694 -0.00532602 0.999984 0.00164044 -0.504685 0.0622462 -0.00130575 0.99806 43.8049
0.998022 0.000503669 -0.0628698 -2.56064 -0.000383435 0.999998 0.00192447 -0.523652 0.0628706 -0.00189656 0.99802 44.8527
0.998079 0.00112904 -0.0619507 -2.66474 -0.000930869 0.999994 0.00322759 -0.54008 0.061954 -0.00316372 0.998074 45.9523
0.998009 0.00038625 -0.0630678 -2.72896 -9.44654e-005 0.999989 0.00462943 -0.562631 0.0630689 -0.00461426 0.997999 47.0402
0.998016 0.0026425 -0.0628979 -2.82169 -0.00256788 0.999996 0.00126709 -0.575062 0.062901 -0.00110306 0.998019 48.1437
0.998064 0.00277374 -0.0621309 -2.92028 -0.00296162 0.999991 -0.00293211 -0.584285 0.0621222 0.00311044 0.998064 49.1797
0.998065 0.000922747 -0.0621748 -2.99587 -0.00117674 0.999991 -0.00404858 -0.599673 0.0621705 0.00411391 0.998057 50.2018
0.998028 -0.00217825 -0.0627371 -3.05609 0.00218142 0.999998 -1.79124e-005 -0.623774 0.062737 -0.000118979 0.99803 51.2259
0.998005 -0.00233688 -0.0630914 -3.11898 0.00250281 0.999994 0.00255099 -0.634075 0.0630851 -0.0027038 0.998004 52.2626
0.997991 -0.0017118 -0.0633343 -3.18427 0.00190142 0.999994 0.00293376 -0.645065 0.0633289 -0.00304829 0.997988 53.263
0.997933 -0.00392282 -0.0641367 -3.24226 0.00404969 0.99999 0.00184814 -0.664887 0.0641288 -0.00210405 0.997939 54.2703
0.997913 -0.000428819 -0.0645659 -3.31295 0.000477539 1 0.000739143 -0.682979 0.0645655 -0.000768433 0.997913 55.2656
0.997941 -0.000568518 -0.0641411 -3.39841 0.000661277 0.999999 0.00142496 -0.688674 0.0641402 -0.00146444 0.99794 56.2362
0.997786 -0.000739267 -0.0665027 -3.46034 0.00111432 0.999984 0.00560269 -0.703538 0.0664975 -0.00566439 0.997771 57.2298
0.997709 -0.0027119 -0.0676029 -3.52003 0.00340573 0.999943 0.0101502 -0.710107 0.0675715 -0.0103572 0.997661 58.2431
0.997617 0.00134904 -0.0689824 -3.58565 -0.000506137 0.999925 0.0122352 -0.711572 0.0689938 -0.0121711 0.997543 59.2743
0.997506 0.00412946 -0.0704558 -3.67174 -0.00354094 0.999958 0.00847599 -0.717974 0.0704878 -0.00820537 0.997479 60.3232
0.99743 0.00191421 -0.0716223 -3.75016 -0.00186538 0.999998 0.000748653 -0.725841 0.0716235 -0.000613126 0.997432 61.3307
0.99739 0.00255809 -0.0721583 -3.82878 -0.00285322 0.999988 -0.00398725 -0.735699 0.0721472 0.00418272 0.997385 62.2811
0.997179 0.00272615 -0.0750098 -3.88237 -0.00294808 0.999992 -0.00284819 -0.751024 0.0750014 0.00306129 0.997179 63.1991
0.997108 0.00309804 -0.0759305 -3.96186 -0.00312998 0.999995 -0.000301622 -0.768821 0.0759292 0.00053841 0.997113 64.1221
0.996944 0.00271229 -0.0780715 -4.0314 -0.00257385 0.999995 0.00187386 -0.79292 0.0780762 -0.00166719 0.996946 65.0377
0.996758 0.000587717 -0.0804515 -4.09607 -0.000448953 0.999998 0.00174289 -0.805405 0.0804524 -0.00170112 0.996757 65.9414
0.996698 0.00445462 -0.0810748 -4.19392 -0.00424515 0.999987 0.00275587 -0.820741 0.081086 -0.00240259 0.996704 66.8409
0.996554 0.00715264 -0.0826383 -4.29316 -0.00680959 0.999967 0.00443239 -0.853243 0.0826673 -0.00385438 0.99657 67.7386
0.996471 0.00136277 -0.0839321 -4.38023 -0.00096106 0.999988 0.0048264 -0.864086 0.0839377 -0.0047287 0.99646 68.6573
0.996313 -0.00100489 -0.0857818 -4.44883 0.00155209 0.999979 0.00631257 -0.881923 0.0857737 -0.00642244 0.996294 69.5486
0.996235 0.0023358 -0.0866635 -4.53225 -0.00155492 0.999958 0.00907691 -0.888481 0.0866811 -0.00890798 0.996196 70.4218
0.996142 0.000567256 -0.0877522 -4.6118 0.000578475 0.999915 0.0130305 -0.892007 0.0877521 -0.0130309 0.996057 71.2996
0.996069 0.00608324 -0.0883671 -4.71872 -0.0047762 0.999876 0.014995 -0.896663 0.0884473 -0.014514 0.995975 72.2462
0.996103 0.00457813 -0.0880795 -4.84536 -0.0036251 0.999933 0.010977 -0.902162 0.0881239 -0.0106149 0.996053 73.2106
0.99594 0.000605664 -0.0900229 -4.92812 -0.000255772 0.999992 0.00389818 -0.91746 0.0900246 -0.00385933 0.995932 74.1623
0.995841 -0.00120662 -0.0911023 -5.00606 0.00101716 0.999997 -0.00212609 -0.927516 0.0911046 0.00202458 0.995839 74.9826
0.995808 0.00556581 -0.091301 -5.10771 -0.00587506 0.999978 -0.00311875 -0.930396 0.0912817 0.00364207 0.995818 75.8119
0.995728 0.00329865 -0.0922769 -5.19768 -0.00325153 0.999994 0.00066096 -0.943079 0.0922786 -0.000358096 0.995733 76.6505
0.995565 -0.000941507 -0.094076 -5.26936 0.00119721 0.999996 0.0026616 -0.957266 0.094073 -0.00276242 0.995561 77.4487
0.995551 -0.00177224 -0.0942055 -5.35636 0.00168551 0.999998 -0.00100025 -0.970276 0.0942071 0.00083702 0.995552 78.2131
0.995518 -0.00859225 -0.0941831 -5.40776 0.00798657 0.999945 -0.00680599 -0.98943 0.0942364 0.00602329 0.995532 78.9305
0.995734 -0.00352452 -0.0922063 -5.48313 0.00242359 0.999924 -0.0120491 -1.00015 0.0922418 0.0117742 0.995667 79.6051
0.995976 0.000513232 -0.0896238 -5.5307 -0.00165142 0.999919 -0.0126259 -1.00519 0.0896101 0.0127231 0.995896 80.2383
0.996324 0.00301559 -0.085608 -5.59442 -0.00384738 0.999947 -0.00955295 -1.01525 0.0855746 0.0098472 0.996283 80.912
0.996721 -0.00152083 -0.0808952 -5.65037 0.00101356 0.99998 -0.00631137 -1.0345 0.0809031 0.00620868 0.996703 81.5874
0.997195 -0.00295032 -0.0747859 -5.69406 0.0027881 0.999994 -0.00227346 -1.04806 0.0747921 0.00205858 0.997197 82.2186
0.99778 -0.00341935 -0.0665047 -5.73318 0.00349497 0.999993 0.00102078 -1.06561 0.0665008 -0.00125094 0.997786 82.8824
0.998439 0.00257177 -0.0557938 -5.76573 -0.00251763 0.999996 0.00104069 -1.07366 0.0557962 -0.000898601 0.998442 83.5053
0.999157 0.00582742 -0.0406478 -5.79625 -0.00580055 0.999983 0.000778833 -1.08116 0.0406516 -0.000542396 0.999173 84.097
0.999718 0.00440943 -0.0233425 -5.79665 -0.00437059 0.999989 0.00171486 -1.09185 0.0233498 -0.00161235 0.999726 84.6801
0.999995 -0.00224854 -0.00216775 -5.76633 0.00225397 0.999994 0.0025034 -1.09862 0.00216211 -0.00250828 0.999995 85.2573
0.99969 -0.00119696 0.0248741 -5.75271 0.00110207 0.999992 0.00382806 -1.10476 -0.0248785 -0.00379946 0.999683 85.685
0.998524 -0.000640159 0.0543154 -5.70307 0.000328352 0.999983 0.00574941 -1.11164 -0.0543182 -0.00572308 0.998507 86.2116
0.996126 0.000650662 0.0879372 -5.64456 -0.00130866 0.999972 0.00742513 -1.11884 -0.0879299 -0.00751144 0.996098 86.7349
0.992075 -0.000464504 0.125646 -5.5573 -0.000585754 0.999965 0.00832182 -1.12456 -0.125645 -0.00832947 0.99204 87.2532
0.985915 -0.000635777 0.167246 -5.44568 -0.000829618 0.999962 0.00869192 -1.13105 -0.167245 -0.00870825 0.985877 87.7514
0.977478 -0.00199298 0.21103 -5.29298 4.11529e-005 0.999957 0.00925307 -1.13711 -0.211039 -0.00903598 0.977436 88.234
0.966124 -0.00132565 0.258074 -5.11242 -0.000631731 0.999972 0.00750154 -1.1459 -0.258076 -0.00741045 0.966096 88.6846
0.949959 0.000726633 0.312374 -4.94838 -0.00240175 0.999985 0.00497784 -1.15203 -0.312365 -0.00547899 0.949946 89.1229
0.905895 -0.0016124 0.423499 -4.72689 0.000643352 0.999997 0.00243113 -1.15384 -0.423501 -0.00192989 0.905894 89.517
0.905895 -0.0016124 0.423499 -4.50539 0.000643352 0.999997 0.00243113 -1.15564 -0.423501 -0.00192989 0.905894 89.9112
0.877048 -0.00137171 0.4804 -4.25418 0.00065123 0.999998 0.00166642 -1.15944 -0.480402 -0.00114868 0.877048 90.2612
0.843957 -0.00364001 0.536398 -3.97432 0.00322361 0.999993 0.00171402 -1.1604 -0.536401 0.00028258 0.843963 90.5928
0.808147 -0.00248649 0.588975 -3.67318 0.00105359 0.999996 0.00277606 -1.17545 -0.588979 -0.00162292 0.808146 90.8848
0.769352 -0.00269585 0.63882 -3.36247 -0.000593011 0.999988 0.00493418 -1.1849 -0.638825 -0.00417494 0.769341 91.1562
0.72708 -0.00126885 0.686551 -3.03216 -0.0036622 0.999977 0.0057265 -1.17971 -0.686543 -0.00667791 0.727059 91.4333
0.682722 -0.00330334 0.730671 -2.69251 -0.00249653 0.999973 0.00685356 -1.18563 -0.730674 -0.00650322 0.682696 91.6682
0.637007 -0.00675933 0.770829 -2.32901 0.000321536 0.999964 0.00850288 -1.18437 -0.770858 -0.00516854 0.636986 91.8841
0.59087 -0.0110185 0.806691 -1.94969 0.0012996 0.999918 0.0127059 -1.17943 -0.806765 -0.00645915 0.590836 92.0834
0.544628 -0.00550555 0.83866 -1.43332 -0.00636478 0.999923 0.0106975 -1.17989 -0.838654 -0.011164 0.544551 92.3442
0.497326 -0.00224195 0.867561 -0.775945 -0.00671606 0.999957 0.00643404 -1.1701 -0.867538 -0.0090264 0.497289 92.6581
0.45207 -0.00258068 0.891979 -0.236918 -0.00286352 0.999986 0.00434445 -1.17681 -0.891978 -0.0045182 0.452057 92.8681
0.410445 -0.0104166 0.911826 0.174182 0.00109514 0.99994 0.0109302 -1.17735 -0.911885 -0.00348767 0.410431 92.989
0.371407 -0.0229168 0.928187 0.600301 -0.0025543 0.999666 0.0257037 -1.16759 -0.928466 -0.0119174 0.371225 93.0902
0.337154 -0.0230373 0.941168 1.15932 -0.0183004 0.999351 0.0310172 -1.16165 -0.941272 -0.0276814 0.336514 93.2219
0.304858 -0.0209205 0.952168 1.74737 -0.0191971 0.999421 0.0281051 -1.15421 -0.952204 -0.0268469 0.304279 93.3682
0.273416 -0.00926244 0.961851 2.32409 -0.019897 0.999685 0.0152827 -1.16287 -0.96169 -0.0233165 0.273145 93.5392
0.24519 -0.00687249 0.969451 2.90368 -0.00968005 0.999908 0.00953665 -1.17089 -0.969427 -0.0117226 0.245101 93.6743
0.219593 -0.00783761 0.97556 3.49117 -0.00530136 0.999943 0.0092268 -1.17659 -0.975577 -0.00719793 0.219539 93.777
0.196311 -0.0144823 0.980435 4.0498 -0.00322225 0.999876 0.0154146 -1.17744 -0.980536 -0.00618528 0.19624 93.8477
0.176568 -0.0194186 0.984097 4.75919 -0.00403264 0.999783 0.0204517 -1.15912 -0.98428 -0.00757962 0.176451 93.9179
0.1572 -0.019339 0.987377 5.56761 -0.00976575 0.999729 0.0211357 -1.12274 -0.987519 -0.012965 0.156968 94.0223
0.140023 -0.0157722 0.990023 6.229 -0.0179885 0.999668 0.0184701 -1.10688 -0.989985 -0.0203953 0.139692 94.0983
0.124578 -0.0140196 0.992111 6.74139 -0.0209674 0.99964 0.0167588 -1.10712 -0.991988 -0.0228898 0.124239 94.1587
0.110058 -0.0155797 0.993803 7.23272 -0.0178019 0.999686 0.0176434 -1.10491 -0.993766 -0.0196334 0.109746 94.2048
0.0971274 -0.0184031 0.995102 7.7337 -0.0177736 0.999638 0.0202218 -1.10169 -0.995113 -0.0196506 0.0967651 94.2356
0.0858887 -0.0227377 0.996045 8.27951 -0.0185922 0.999529 0.0244205 -1.09433 -0.996131 -0.0206161 0.0854255 94.2669
0.0757605 -0.0256673 0.996796 8.82914 -0.0212209 0.999401 0.0273472 -1.08262 -0.9969 -0.0232247 0.0751704 94.3017
0.0676708 -0.0276573 0.997324 9.38399 -0.0246406 0.999264 0.029383 -1.07192 -0.997403 -0.026563 0.0669395 94.3357
0.061661 -0.0298099 0.997652 9.9423 -0.0267724 0.999145 0.0315092 -1.05709 -0.997738 -0.0286524 0.0608102 94.3689
0.0560139 -0.0308359 0.997954 10.5232 -0.0284248 0.999069 0.0324658 -1.04284 -0.998025 -0.0301852 0.0550852 94.4
0.0489746 -0.030215 0.998343 11.1204 -0.0302694 0.999038 0.031721 -1.02534 -0.998341 -0.0317728 0.048013 94.4398
0.0442877 -0.0321807 0.9985 11.7524 -0.0305239 0.998971 0.0335497 -1.01241 -0.998552 -0.0319639 0.0432598 94.4683
0.0402119 -0.0339222 0.998615 12.4043 -0.0320709 0.998865 0.0352221 -0.991944 -0.998676 -0.0334428 0.0390783 94.5004
0.0372065 -0.0353008 0.998684 13.0732 -0.0343613 0.99874 0.0365829 -0.972782 -0.998717 -0.0356772 0.0359467 94.5218
0.0355567 -0.0378514 0.998651 13.7517 -0.0354022 0.998608 0.0391103 -0.949199 -0.99874 -0.036745 0.0341672 94.5368
0.034675 -0.0414307 0.99854 14.4379 -0.0379587 0.998365 0.0427416 -0.927962 -0.998678 -0.0393854 0.0330457 94.5612
0.0357679 -0.0423689 0.998462 15.1464 -0.0419487 0.998157 0.0438587 -0.905988 -0.998479 -0.0434529 0.0339246 94.5867
0.0384818 -0.043463 0.998314 15.8755 -0.0421797 0.998093 0.0450793 -0.876155 -0.998369 -0.0438433 0.0365751 94.6141
0.0427359 -0.0470771 0.997977 16.6269 -0.0430331 0.997875 0.0489151 -0.844077 -0.998159 -0.0450365 0.0406193 94.638
0.0481403 -0.0411059 0.997994 17.3639 -0.048294 0.997888 0.0434311 -0.817706 -0.997672 -0.050288 0.0460534 94.6859
0.0528363 -0.0457836 0.997553 18.1404 -0.0430159 0.997917 0.0480786 -0.791705 -0.997676 -0.0454509 0.0507568 94.7113
0.0574566 -0.0460186 0.997287 18.9196 -0.0475781 0.997676 0.0487776 -0.762096 -0.997214 -0.0502516 0.0551335 94.7544
0.0613209 -0.0430732 0.997188 19.7189 -0.0485369 0.997758 0.0460826 -0.727691 -0.996937 -0.0512263 0.0590928 94.809
0.0657245 -0.0413914 0.996979 20.565 -0.044511 0.998023 0.044369 -0.691822 -0.996845 -0.0472927 0.0637522 94.8685
0.0704874 -0.0398036 0.996718 21.4312 -0.0410948 0.998239 0.0427705 -0.663237 -0.996666 -0.0439747 0.0687276 94.9286
0.0767398 -0.0418997 0.99617 22.3796 -0.0359831 0.998349 0.0447633 -0.641935 -0.996402 -0.0392804 0.0751055 94.9683
0.0782739 -0.0349081 0.996321 23.4738 -0.0367208 0.998608 0.0378731 -0.594802 -0.996255 -0.0395502 0.076883 95.066
0.0804316 -0.0339484 0.996182 24.7208 -0.0314213 0.998837 0.0365759 -0.534922 -0.996265 -0.0342432 0.0792713 95.1149
0.0809199 -0.0285837 0.996311 25.9781 -0.0378246 0.998781 0.0317267 -0.51804 -0.996003 -0.0402524 0.0797401 95.2186
0.0809199 -0.0285837 0.996311 27.2354 -0.0378246 0.998781 0.0317267 -0.501158 -0.996003 -0.0402524 0.0797401 95.3223
0.0808018 -0.027629 0.996347 28.4461 -0.0318226 0.999035 0.0302843 -0.482733 -0.996222 -0.0341534 0.0798446 95.4352
0.0808018 -0.027629 0.996347 29.6568 -0.0318226 0.999035 0.0302843 -0.464307 -0.996222 -0.0341534 0.0798446 95.5481
0.0814265 -0.0270747 0.996312 30.82 -0.0280207 0.999174 0.0294426 -0.450983 -0.996285 -0.0303148 0.0806006 95.6309
0.0824059 -0.0261877 0.996255 32.0449 -0.0270017 0.999229 0.0284994 -0.432397 -0.996233 -0.0292491 0.0816353 95.7294
0.0814498 -0.0232962 0.996405 33.12 -0.0254019 0.999354 0.0254416 -0.4191 -0.996354 -0.0273828 0.0808054 95.82
0.0773086 -0.0172276 0.996858 34.0648 -0.0238625 0.999532 0.0191244 -0.398656 -0.996722 -0.025266 0.0768613 95.9263
0.0730878 -0.01368 0.997232 35.0371 -0.0192232 0.999701 0.0151228 -0.391146 -0.99714 -0.0202752 0.072803 96.0158
0.0668389 -0.0131389 0.997677 35.9838 -0.0162263 0.999767 0.0142535 -0.383475 -0.997632 -0.0171413 0.0666101 96.1043
0.0586477 -0.00768574 0.998249 36.9432 -0.0153864 0.999845 0.00860199 -0.379563 -0.99816 -0.015864 0.0585203 96.1977
0.050425 -0.00558841 0.998712 37.9737 -0.00782256 0.999951 0.00599031 -0.386642 -0.998697 -0.00811455 0.0503788 96.2917
0.0410996 -0.00522196 0.999141 38.988 -0.00420928 0.999977 0.00539947 -0.390052 -0.999146 -0.00442758 0.0410766 96.3435
0.0320377 -0.00584251 0.99947 40.0029 -0.00453692 0.999972 0.00599087 -0.397092 -0.999476 -0.00472645 0.0320103 96.3613
0.0215148 -0.00537739 0.999754 41.0591 -0.00655931 0.999963 0.00551967 -0.402532 -0.999747 -0.00667645 0.0214787 96.3887
0.0105999 -0.00346834 0.999938 42.0921 -0.00595794 0.999976 0.00353163 -0.406975 -0.999926 -0.005995 0.010579 96.4064
-0.00130379 0.000478066 0.999999 43.2167 -0.00387535 0.999992 -0.000483115 -0.404645 -0.999992 -0.00387598 -0.00130193 96.4528
-0.0122564 0.000435697 0.999925 44.3402 0.000797508 1 -0.000425955 -0.420086 -0.999925 0.000792227 -0.0122567 96.4341
-0.0234377 0.00102131 0.999725 45.6134 0.00108209 0.999999 -0.000996224 -0.438087 -0.999725 0.00105845 -0.0234387 96.4028
-0.0344066 0.0018674 0.999406 47.0196 0.00230045 0.999996 -0.0017893 -0.454368 -0.999405 0.00223752 -0.0344107 96.3746
-0.0449516 0.00191516 0.998987 48.3404 0.00284498 0.999994 -0.00178907 -0.476047 -0.998985 0.00276167 -0.0449568 96.3198
-0.0543045 0.00163546 0.998523 49.5101 0.00251511 0.999996 -0.00150109 -0.497503 -0.998521 0.00242987 -0.0543084 96.2457
-0.0645188 0.00125594 0.997916 50.6071 0.0023551 0.999997 -0.00110629 -0.503487 -0.997914 0.00227881 -0.0645216 96.1918
-0.0737614 0.000274122 0.997276 51.6249 0.00148402 0.999999 -0.000165108 -0.51833 -0.997275 0.0014678 -0.0737617 96.1159
-0.0814419 -0.0041706 0.996669 52.4871 -0.00116705 0.999991 0.00408914 -0.543077 -0.996677 -0.000830132 -0.081446 95.9967
-0.0872548 -0.00753618 0.996158 53.3227 -0.00573068 0.999959 0.00706298 -0.552196 -0.99617 -0.00509238 -0.0872944 95.8864
-0.0939952 -0.0090647 0.995531 54.1898 -0.00927734 0.999923 0.00822875 -0.545875 -0.995529 -0.00846242 -0.0940721 95.8325
-0.0978028 -0.011769 0.995136 55.0114 -0.0106923 0.999885 0.0107744 -0.547126 -0.995148 -0.00958652 -0.0979174 95.7538
-0.0982622 -0.0161361 0.99503 55.8031 -0.014159 0.99979 0.0148151 -0.566233 -0.99506 -0.0126329 -0.09847 95.6358
-0.098732 -0.017953 0.994952 56.5935 -0.017753 0.99971 0.0162772 -0.571441 -0.994956 -0.0160563 -0.099022 95.5456
-0.100719 -0.0169327 0.994771 57.33 -0.017172 0.999736 0.0152786 -0.569249 -0.994767 -0.0155434 -0.100984 95.4814
-0.0986471 -0.0185007 0.99495 58.0849 -0.0167388 0.999717 0.0169297 -0.578954 -0.994982 -0.0149842 -0.0989289 95.3943
-0.0901204 -0.0200768 0.995728 58.9698 -0.0169325 0.999683 0.018624 -0.580587 -0.995787 -0.0151817 -0.0904318 95.3095
-0.0901204 -0.0200768 0.995728 59.8547 -0.0169325 0.999683 0.018624 -0.58222 -0.995787 -0.0151817 -0.0904318 95.2247
-0.0830009 -0.0200341 0.996348 60.5924 -0.0198081 0.999634 0.0184501 -0.593569 -0.996353 -0.0182044 -0.0833673 95.1831
-0.0719366 -0.0185564 0.997237 61.4389 -0.0197882 0.999657 0.017174 -0.593366 -0.997213 -0.0184981 -0.0722791 95.1325
-0.0583999 -0.0182283 0.998127 62.1366 -0.0182169 0.999686 0.0171909 -0.5992 -0.998127 -0.0171789 -0.0587137 95.1131
-0.0411401 -0.0179503 0.998992 62.7756 -0.0165351 0.999714 0.0172823 -0.595498 -0.999017 -0.0158075 -0.0414251 95.1018
-0.0196215 -0.0166362 0.999669 63.3947 -0.0151593 0.999752 0.01634 -0.592485 -0.999693 -0.0148336 -0.0198688 95.1032
0.00481424 -0.0156417 0.999866 63.9908 -0.0135639 0.999785 0.0157057 -0.594044 -0.999896 -0.0136377 0.00460105 95.1318
0.0333328 -0.0143987 0.999341 64.5712 -0.0136803 0.999796 0.0148615 -0.587336 -0.999351 -0.0141667 0.033129 95.1709
0.06634 -0.0124573 0.997719 65.1216 -0.014777 0.9998 0.0134659 -0.580872 -0.997688 -0.0156366 0.0661426 95.2311
0.10414 -0.0122495 0.994487 65.658 -0.0151587 0.999788 0.0139022 -0.580589 -0.994447 -0.0165229 0.103933 95.3129
0.1457 -0.0106429 0.989272 66.2067 -0.016488 0.999777 0.0131843 -0.580064 -0.989191 -0.0182321 0.145492 95.4273
0.189883 -0.0079245 0.981775 66.7536 -0.015825 0.999813 0.0111308 -0.573558 -0.981679 -0.0176501 0.189722 95.5775
0.23614 -0.00464207 0.971708 67.2793 -0.0143047 0.999864 0.00825283 -0.57838 -0.971614 -0.0158488 0.236042 95.762
0.286052 -0.00126589 0.958213 67.7857 -0.00893563 0.999952 0.00398855 -0.573787 -0.958173 -0.00970317 0.286027 95.9704
0.338911 -0.00189844 0.940817 68.2788 -0.00326119 0.99999 0.00319263 -0.578536 -0.940813 -0.0041502 0.338901 96.2069
0.395288 -0.00414058 0.918548 68.7616 0.000534243 0.999991 0.0042778 -0.584441 -0.918557 -0.00120023 0.395286 96.4694
0.453375 -0.004722 0.891307 69.2731 0.00166866 0.999989 0.00444899 -0.600439 -0.891318 -0.000529772 0.453378 96.798
0.511794 -0.00529986 0.859092 69.7272 0.00284092 0.999986 0.00447661 -0.61172 -0.859103 0.000149508 0.511802 97.13
0.569497 -3.46676e-005 0.821993 70.1382 -0.000705103 1 0.000530688 -0.610886 -0.821993 -0.000881815 0.569497 97.4742
0.624091 0.00163504 0.78135 70.4921 0.00075854 0.999996 -0.00269845 -0.607172 -0.781351 0.00227676 0.624087 97.836
0.677272 0.000290323 0.735733 70.8282 0.00315949 0.99999 -0.00330304 -0.611111 -0.735726 0.0045616 0.677264 98.1899
0.72633 -0.00124151 0.687345 71.1301 0.00235724 0.999997 -0.000684701 -0.627708 -0.687342 0.00211756 0.726331 98.5556
0.77111 -0.00196438 0.636699 71.3895 -0.00169312 0.999985 0.00513577 -0.633866 -0.6367 -0.00503825 0.771095 98.9308
0.811806 -0.00150305 0.583926 71.6281 -0.0056431 0.99993 0.0104192 -0.632804 -0.5839 -0.0117535 0.81174 99.3598
0.848057 -0.00197044 0.529902 71.856 -0.00703272 0.999863 0.0149732 -0.6284 -0.529859 -0.0164247 0.847927 99.8137
0.878967 -0.00287916 0.476875 72.0782 -0.00777134 0.999763 0.0203601 -0.616214 -0.47682 -0.0216018 0.878736 100.324
0.904406 -7.85704e-005 0.426673 72.2683 -0.0107438 0.999679 0.0229574 -0.61865 -0.426537 -0.0253469 0.904115 100.86
0.924507 -0.000124964 0.381164 72.4523 -0.0097473 0.999665 0.0239697 -0.617098 -0.381039 -0.0258755 0.924197 101.452
0.939787 0.00373087 0.34174 72.6103 -0.0123483 0.999658 0.0230444 -0.610013 -0.341538 -0.0258768 0.939512 102.069
0.951741 0.000975662 0.306901 72.7695 -0.00738146 0.999778 0.0197125 -0.595263 -0.306814 -0.0210266 0.951537 102.73
0.961188 -0.00216023 0.275885 72.9379 -0.00321566 0.999814 0.0190322 -0.58409 -0.275875 -0.0191806 0.961002 103.421
0.967224 -0.00766549 0.253809 73.1143 0.00267059 0.999796 0.0200185 -0.578562 -0.25391 -0.0186846 0.967047 104.122
0.97116 -0.00465734 0.238385 73.3046 -0.000341514 0.999781 0.0209241 -0.577885 -0.23843 -0.020402 0.970945 104.975
0.974111 0.00299325 0.226052 73.4855 -0.00749447 0.99979 0.0190568 -0.562613 -0.225947 -0.0202576 0.973929 105.829
0.976304 0.00312456 0.216382 73.647 -0.00719325 0.999812 0.0180182 -0.54361 -0.216285 -0.0191478 0.976143 106.699
0.977474 0.00700231 0.21094 73.7707 -0.0103561 0.999837 0.0147986 -0.535311 -0.210802 -0.0166498 0.977387 107.436
0.977946 0.00490846 0.2088 73.892 -0.00710534 0.999927 0.00977269 -0.534336 -0.208737 -0.0110408 0.97791 108.186
0.978216 0.00193977 0.207578 74.0481 -0.00339306 0.999972 0.00664533 -0.540506 -0.20756 -0.0072049 0.978196 108.952
0.977777 -0.0037631 0.209612 74.2579 0.00318513 0.99999 0.00309486 -0.530572 -0.209621 -0.00235845 0.97778 109.839
0.976586 -0.00127993 0.215125 74.4424 0.00209226 0.999992 -0.0035484 -0.513582 -0.215119 0.00391542 0.97658 110.786
0.974556 0.00551542 0.224078 74.4853 -0.00370814 0.999957 -0.00848542 -0.514678 -0.224115 0.0074386 0.974534 110.985
0.974556 0.00551542 0.224078 74.5282 -0.00370814 0.999957 -0.00848542 -0.515774 -0.224115 0.0074386 0.974534 111.184
0.973189 0.00591367 0.229931 74.6025 -0.00483017 0.999974 -0.00527488 -0.520511 -0.229957 0.00402285 0.973193 111.529
0.97174 0.00204622 0.236046 74.7025 -0.00188802 0.999998 -0.000896231 -0.52925 -0.236047 0.000425243 0.971742 112.023
0.970957 -0.00410698 0.23922 74.8717 0.00275061 0.999978 0.00600354 -0.538955 -0.239239 -0.00517118 0.970947 112.654
0.969329 -0.00666715 0.245675 74.9204 0.0037376 0.999916 0.0123888 -0.538426 -0.245737 -0.0110906 0.969273 112.849
0.969329 -0.00666715 0.245675 74.969 0.0037376 0.999916 0.0123888 -0.537897 -0.245737 -0.0110906 0.969273 113.044
0.968664 -0.0049512 0.248325 75.0418 0.00249616 0.999945 0.0102003 -0.537212 -0.248362 -0.00926079 0.968623 113.387
0.968651 -0.00383977 0.248398 75.1675 0.00283434 0.999986 0.00440517 -0.541248 -0.248411 -0.00356303 0.968648 113.872
0.969057 -0.00171208 0.246833 75.3408 0.00218736 0.999996 -0.00165133 -0.546518 -0.246829 0.00214014 0.969057 114.499
0.969772 2.40955e-005 0.244011 75.5271 0.00142163 0.999982 -0.00574872 -0.540706 -0.244007 0.00592185 0.969755 115.234
0.971303 -0.00589167 0.237772 75.8031 0.0062777 0.99998 -0.000866377 -0.536748 -0.237762 0.00233418 0.971321 116.09
0.972339 -0.00142268 0.233571 75.862 -0.00165906 0.999914 0.012997 -0.541047 -0.233569 -0.013025 0.972253 116.346
0.972339 -0.00142268 0.233571 75.9208 -0.00165906 0.999914 0.012997 -0.545345 -0.233569 -0.013025 0.972253 116.601
0.972849 -0.00136247 0.231437 76.0181 -0.00148323 0.999925 0.0121213 -0.546989 -0.231436 -0.0121355 0.972774 117.002
0.973125 0.00310588 0.230255 76.1357 -0.00470757 0.999968 0.00640709 -0.546249 -0.230228 -0.00731884 0.973109 117.552
0.973938 -0.000950858 0.226814 76.2913 0.000723921 0.999999 0.00108372 -0.544644 -0.226815 -0.000891281 0.973938 118.247
0.974732 -0.000897601 0.223378 76.4719 0.00135734 0.999997 -0.00190459 -0.54356 -0.223375 0.00215966 0.97473 119.09
0.974924 0.00411594 0.2225 76.6134 -0.00385677 0.999991 -0.00159932 -0.560866 -0.222505 0.000701082 0.974931 119.985
0.975975 -0.00293656 0.217861 76.6692 0.00222893 0.999991 0.00349376 -0.562878 -0.21787 -0.00292423 0.975973 120.243
0.975975 -0.00293656 0.217861 76.7251 0.00222893 0.999991 0.00349376 -0.56489 -0.21787 -0.00292423 0.975973 120.5
0.976353 -0.00367119 0.21615 76.8176 0.00232706 0.999976 0.00647269 -0.566548 -0.216168 -0.00581664 0.976339 120.904
0.976024 -0.00364139 0.217631 76.9213 0.00213097 0.999972 0.00717458 -0.557787 -0.217651 -0.0065388 0.976005 121.458
0.976487 -0.000139137 0.215577 77.0955 -0.00194041 0.999954 0.00943471 -0.572123 -0.215569 -0.00963118 0.976441 122.15
0.976053 0.00895539 0.217349 77.1378 -0.00950662 0.999954 0.00149064 -0.571039 -0.217326 -0.0035212 0.976093 122.362
0.976053 0.00895539 0.217349 77.18 -0.00950662 0.999954 0.00149064 -0.569954 -0.217326 -0.0035212 0.976093 122.574
0.975997 0.00743581 0.217659 77.2566 -0.00739636 0.999972 -0.000995958 -0.575402 -0.21766 -0.000637829 0.976024 122.932
0.975261 0.00622144 0.22097 77.3545 -0.00597331 0.999981 -0.00179113 -0.578279 -0.220977 0.00042689 0.975279 123.438
0.97443 0.003637 0.224663 77.4866 -0.00365833 0.999993 -0.000321331 -0.589184 -0.224663 -0.000508778 0.974436 124.091
0.973731 0.000855293 0.227701 77.6578 -0.000557724 0.999999 -0.00137118 -0.595588 -0.227702 0.00120817 0.97373 124.889
0.973261 -0.00173549 0.229695 77.8682 0.00257375 0.999991 -0.0033499 -0.609042 -0.229687 0.0038515 0.973257 125.79
0.972989 -0.00577783 0.23078 78.0958 0.00608238 0.999981 -0.000608257 -0.619193 -0.230772 0.00199552 0.973006 126.712
0.972945 -0.00783118 0.230903 78.325 0.00811419 0.999967 -0.000276052 -0.631815 -0.230894 0.00214218 0.972977 127.594
0.972393 -0.00193981 0.233339 78.5188 0.00192413 0.999998 0.000294824 -0.642824 -0.233339 0.000162291 0.972395 128.489
0.971507 0.00450544 0.23697 78.699 -0.0049742 0.999987 0.00138029 -0.642388 -0.23696 -0.0025197 0.971516 129.37
0.970984 0.00393077 0.239111 78.9128 -0.00549446 0.999968 0.00587338 -0.647725 -0.239081 -0.00701674 0.970974 130.368
0.97101 0.00251387 0.239025 79.1642 -0.00489528 0.999944 0.00936988 -0.663143 -0.238988 -0.0102683 0.970968 131.364
0.970568 -0.00332354 0.240804 79.4085 0.00256859 0.999991 0.00344897 -0.673884 -0.240813 -0.00272893 0.970568 132.391
0.970408 -0.00750357 0.241356 79.6827 0.00987348 0.999914 -0.00861124 -0.694674 -0.24127 0.0107394 0.970398 133.498
0.97045 -0.00494345 0.241253 79.9344 0.00902535 0.999834 -0.0158175 -0.709439 -0.241135 0.0175274 0.970333 134.47
0.970697 0.000968226 0.240305 80.1671 0.000633508 0.999978 -0.00658809 -0.720103 -0.240306 0.00654728 0.970675 135.407
0.971066 -0.000996479 0.238808 80.42 -0.00244483 0.999897 0.0141137 -0.73494 -0.238798 -0.0142892 0.970964 136.453
0.97125 -0.00109658 0.238058 80.6954 -0.00589241 0.999572 0.0286447 -0.744823 -0.237988 -0.0292239 0.970828 137.648
0.971142 0.000642844 0.238501 80.975 -0.00584445 0.99976 0.0211031 -0.719642 -0.23843 -0.021888 0.970913 138.986
0.971475 0.00190813 0.237134 81.2772 -0.00312349 0.999984 0.00474958 -0.72256 -0.237121 -0.00535479 0.971465 140.322
0.970915 0.000734844 0.239423 81.495 0.000298304 0.999991 -0.00427888 -0.704847 -0.239424 0.00422585 0.970906 141.521
0.970124 -0.00271997 0.242595 81.6853 0.00434541 0.999972 -0.00616538 -0.701453 -0.242571 0.00703536 0.970108 142.574
0.969371 0.000554311 0.245602 81.8846 0.000836278 0.999984 -0.00555763 -0.720646 -0.245602 0.00559279 0.969355 143.664
0.969746 0.000361503 0.244115 82.112 0.00170741 0.999964 -0.00826352 -0.716565 -0.244109 0.00843032 0.969711 144.721
0.971364 0.00139661 0.237593 82.3836 0.000799791 0.999958 -0.00914773 -0.74626 -0.237596 0.00907579 0.971322 145.771
