0.999989 -0.00341086 -0.0031552 -0.0026247 0.00340381 0.999992 -0.00223655 -0.00471486 0.0031628 0.00222579 0.999993 0.737084
0.999968 -0.0024105 -0.00761781 -0.0146886 0.00238408 0.999991 -0.00347478 -0.0105282 0.00762612 0.00345651 0.999965 1.51665
0.999948 0.0012042 -0.0101714 -0.0452687 -0.00125263 0.999988 -0.00475662 -0.0166147 0.0101656 0.00476911 0.999937 2.28925
0.999856 0.00131163 -0.0169022 -0.0519514 -0.0014113 0.999982 -0.00588602 -0.0224821 0.0168941 0.00590903 0.99984 3.08551
0.999818 0.00103161 -0.0190275 -0.080487 -0.00115061 0.99998 -0.00624395 -0.0295863 0.0190207 0.00626471 0.999799 3.88915
0.999689 0.000566442 -0.0249228 -0.0988191 -0.000734188 0.999977 -0.00672198 -0.041489 0.0249185 0.00673819 0.999667 4.7668
0.999556 0.00435868 -0.0294642 -0.138572 -0.00459475 0.999958 -0.00794891 -0.0511798 0.0294283 0.00808076 0.999534 5.63213
0.999452 0.00414356 -0.0328415 -0.185783 -0.00435086 0.999971 -0.00624317 -0.0608866 0.0328146 0.00638264 0.999441 6.59852
0.999295 0.000180379 -0.0375301 -0.220476 -0.000300412 0.999995 -0.00319271 -0.0800827 0.0375294 0.00320174 0.99929 7.57148
0.999156 -0.000552035 -0.0410846 -0.254457 0.000510904 0.999999 -0.00101165 -0.0877633 0.0410851 0.000989802 0.999155 8.71547
0.999021 0.000289747 -0.0442415 -0.30745 -0.000318445 1 -0.000641619 -0.104768 0.0442413 0.000655079 0.999021 9.69649
0.998996 0.00219693 -0.0447545 -0.395396 -0.00230922 0.999994 -0.00245737 -0.103626 0.0447488 0.00255825 0.998995 10.7948
0.99882 -0.0048698 -0.0483146 -0.428884 0.00478544 0.999987 -0.00186164 -0.116428 0.048323 0.00162824 0.99883 11.7738
0.998699 -0.00489948 -0.0507615 -0.477622 0.00484302 0.999988 -0.00123514 -0.131991 0.0507669 0.000987696 0.99871 12.8459
0.998708 -0.00207765 -0.0507748 -0.537082 0.00198672 0.999996 -0.00184126 -0.140795 0.0507784 0.00173801 0.998708 13.8619
0.998597 0.000488168 -0.0529553 -0.589363 -0.000696897 0.999992 -0.00392321 -0.150956 0.0529529 0.00395461 0.998589 14.9351
0.998612 0.00369727 -0.0525323 -0.672714 -0.00403636 0.999972 -0.00635036 -0.165812 0.0525074 0.00655359 0.998599 16.0146
0.998378 0.00378099 -0.0568087 -0.722665 -0.0042731 0.999954 -0.00854371 -0.169004 0.0567738 0.0087726 0.998349 17.1282
0.998378 0.00412247 -0.0567883 -0.798798 -0.00453584 0.999964 -0.00715232 -0.185922 0.0567567 0.0073983 0.998361 18.3574
0.998312 -0.000298511 -0.0580787 -0.869094 -0.000149438 0.99997 -0.00770831 -0.201434 0.0580793 0.00770398 0.998282 19.5545
0.998109 -0.00030907 -0.0614711 -0.916278 5.84733e-006 0.999988 -0.00493289 -0.219251 0.0614719 0.0049232 0.998097 20.6362
0.998193 -0.00182737 -0.0600641 -1.01207 0.00150557 0.999984 -0.00540238 -0.228826 0.060073 0.00530218 0.99818 21.7867
