0.999997 -0.00225502 -0.00085052 -0.0332714 0.00225337 0.999996 -0.00193479 -0.0106501 0.000854879 0.00193287 0.999998 0.665833
0.999962 -0.00357039 -0.00800005 -0.0572275 0.00354158 0.999987 -0.00361221 -0.011952 0.00801285 0.00358374 0.999961 1.32848
0.999968 -0.00109617 -0.00797551 -0.0769779 0.00106728 0.999993 -0.00362588 -0.0319882 0.00797943 0.00361725 0.999962 2.0048
0.999908 0.00103062 -0.0134963 -0.119254 -0.00108803 0.99999 -0.00424703 -0.043654 0.0134918 0.00426132 0.9999 2.67849
0.999862 0.00151788 -0.0165271 -0.1084 -0.00159602 0.999988 -0.0047158 -0.0528439 0.0165197 0.00474153 0.999852 3.50978
0.99982 0.00198928 -0.0188934 -0.167487 -0.00209617 0.999982 -0.00563896 -0.0614891 0.0188818 0.00567755 0.999806 4.23242
0.999655 0.00922736 -0.02461 -0.179803 -0.00938767 0.999935 -0.0064064 -0.0723515 0.0245492 0.00663522 0.999677 5.04611
0.999558 0.00275781 -0.029611 -0.200193 -0.00289603 0.999985 -0.00462629 -0.0814034 0.0295978 0.00470999 0.999551 5.73918
0.999391 -0.0013544 -0.0348775 -0.208589 0.00124724 0.999994 -0.00309408 -0.0792643 0.0348815 0.0030487 0.999387 6.50176
0.999297 -0.00260153 -0.0373928 -0.252697 0.0026077 0.999997 0.000116215 -0.0887524 0.0373924 -0.000213642 0.999301 7.27382
0.999232 0.00108419 -0.039162 -0.28719 -0.00112014 0.999999 -0.000896059 -0.0923683 0.039161 0.000939238 0.999232 8.04669
0.99914 0.000230122 -0.0414743 -0.34285 -0.000263775 1 -0.000805947 -0.100951 0.0414741 0.000816194 0.999139 8.86562
0.999024 -0.00448669 -0.04394 -0.35826 0.00442587 0.999989 -0.0014813 -0.107753 0.0439461 0.00128538 0.999033 9.6559
0.999019 -0.0035717 -0.0441497 -0.389867 0.00355398 0.999994 -0.000479893 -0.121567 0.0441511 0.000322515 0.999025 10.4762
0.998931 -0.00511834 -0.0459326 -0.432783 0.00509354 0.999987 -0.000656967 -0.124868 0.0459353 0.000422306 0.998944 11.3245
0.99883 0.0037261 -0.0482102 -0.475295 -0.00383279 0.99999 -0.00212077 -0.139135 0.0482019 0.00230307 0.998835 12.1271
0.998818 0.00738693 -0.0480444 -0.543997 -0.00763813 0.999958 -0.00504683 -0.144172 0.0480051 0.00540783 0.998832 12.9042
0.998692 0.0036882 -0.0509948 -0.582775 -0.00402041 0.999971 -0.00641342 -0.152657 0.0509697 0.00661005 0.998678 13.7151
0.998651 0.00163608 -0.0519072 -0.617315 -0.0019747 0.999977 -0.00647304 -0.162394 0.0518954 0.00656681 0.998631 14.5367
0.998601 0.00192681 -0.0528489 -0.631109 -0.00215517 0.999989 -0.00426426 -0.179721 0.0528401 0.00437219 0.998593 15.2933
0.998455 0.00419322 -0.055404 -0.671271 -0.00433238 0.999988 -0.00239196 -0.193981 0.0553933 0.0026283 0.998461 16.1135
0.998501 0.000513681 -0.0547244 -0.72378 -0.000682872 0.999995 -0.00307304 -0.209015 0.0547225 0.00310581 0.998497 16.963
0.998294 0.00109197 -0.0583794 -0.760575 -0.00126911 0.999995 -0.00299734 -0.22367 0.0583758 0.00306631 0.99829 17.7999
0.998405 0.00391035 -0.0563234 -0.806004 -0.00418758 0.99998 -0.00480494 -0.238042 0.0563035 0.00503314 0.998401 18.5661
0.998101 0.00178788 -0.061573 -0.813479 -0.00186497 0.999998 -0.00119454 -0.255244 0.0615707 0.0013071 0.998102 19.3847
0.998287 -0.00103517 -0.0584968 -0.897069 0.00106894 0.999999 0.000545966 -0.256653 0.0584962 -0.00060756 0.998287 20.2598
0.998271 0.00502897 -0.0585613 -0.913694 -0.00471842 0.999974 0.00544002 -0.278807 0.0585872 -0.0051543 0.998269 21.0798
0.998351 0.003695 -0.0572886 -0.96552 -0.00325409 0.999964 0.00778771 -0.280479 0.0573154 -0.00758845 0.998327 21.941
0.998484 -0.00195912 -0.0549992 -1.0097 0.00242803 0.999961 0.00846024 -0.281408 0.0549805 -0.00858095 0.998451 22.9009
0.998587 0.00335616 -0.0530415 -1.02745 -0.00304582 0.999978 0.00593059 -0.291919 0.0530602 -0.00576065 0.998575 23.7469
0.998529 0.00444472 -0.0540404 -1.12364 -0.0043814 0.99999 0.00129012 -0.293318 0.0540456 -0.00105145 0.998538 24.7245
0.998662 0.000695054 -0.0517012 -1.18209 -0.000816474 0.999997 -0.00232742 -0.295363 0.0516995 0.00236652 0.99866 25.6495
0.998576 -0.00397956 -0.0532038 -1.20551 0.00392464 0.999992 -0.00113666 -0.315687 0.0532079 0.000926239 0.998583 26.5334
0.998683 -0.00520938 -0.051031 -1.26809 0.00538491 0.99998 0.00330288 -0.315038 0.0510128 -0.00357333 0.998692 27.4836
0.998539 -0.00677895 -0.0536084 -1.30888 0.00715382 0.999951 0.00680399 -0.328414 0.0535596 -0.00717756 0.998539 28.3783
0.99849 -0.0120065 -0.0536006 -1.36115 0.0123214 0.999909 0.00554914 -0.330272 0.053529 -0.0062012 0.998547 29.332
0.997734 -0.00515975 -0.067085 -1.25848 0.00541261 0.999979 0.00358801 -0.304079 0.0670651 -0.00394299 0.997741 30.158
0.998431 -0.000828643 -0.055997 -1.39627 0.000725104 0.999998 -0.0018693 -0.330863 0.0559984 0.00182577 0.998429 31.1412
0.997845 0.00170632 -0.0655927 -1.40786 -0.0018388 0.999996 -0.00195949 -0.33217 0.0655891 0.00207588 0.997845 31.9856
0.998089 0.00186713 -0.0617674 -1.50715 -0.00189394 0.999998 -0.000375479 -0.34367 0.0617666 0.000491745 0.998091 32.861
0.997989 0.00531044 -0.0631691 -1.56349 -0.005174 0.999984 0.00232338 -0.355179 0.0631804 -0.00199187 0.998 33.7429
0.99788 0.0029506 -0.0650086 -1.64084 -0.00274754 0.999991 0.00321282 -0.358243 0.0650175 -0.0030274 0.99788 34.6655
0.997885 0.00117727 -0.0649995 -1.71514 -0.000745716 0.999978 0.00666325 -0.369101 0.0650059 -0.00660069 0.997863 35.5996
0.997916 -0.000998299 -0.0645133 -1.78043 0.00162061 0.999953 0.00959456 -0.372402 0.0645007 -0.00967912 0.997871 36.5267
0.997935 0.00725781 -0.0638255 -1.85943 -0.00649435 0.999905 0.0121609 -0.375106 0.0639077 -0.0117213 0.997887 37.5054
0.997861 0.00687751 -0.065014 -1.94566 -0.00613942 0.999914 0.0115457 -0.382692 0.0650878 -0.0111218 0.997818 38.453
0.997842 0.000852161 -0.0656576 -1.99014 -0.000224553 0.999954 0.00956559 -0.383727 0.0656628 -0.0095302 0.997796 39.4909
0.997943 0.00189734 -0.0640827 -2.06916 -0.00137849 0.999966 0.00813983 -0.388796 0.064096 -0.00803475 0.997911 40.5
0.997672 -0.000287681 -0.0681989 -2.1285 0.000792026 0.999973 0.00736828 -0.389637 0.0681949 -0.00740514 0.997645 41.5137
0.997722 -0.00149484 -0.0674409 -2.18381 0.00209151 0.999959 0.00877747 -0.39671 0.067425 -0.00889853 0.997685 42.4866
0.997401 -0.00390093 -0.0719431 -2.23935 0.0045766 0.999947 0.00922922 -0.399808 0.0719033 -0.00953449 0.997366 43.4475
0.997439 0.0010503 -0.0715148 -2.33074 -0.000614038 0.999981 0.00612203 -0.401685 0.0715198 -0.00606244 0.997421 44.4266
0.997286 0.0027604 -0.0735799 -2.40558 -0.0026146 0.999994 0.00207776 -0.405616 0.0735852 -0.00187974 0.997287 45.3756
0.997352 0.00320949 -0.0726602 -2.48844 -0.00312669 0.999994 0.0012533 -0.415799 0.0726638 -0.00102279 0.997356 46.3555
0.997296 0.000623497 -0.0734876 -2.5384 -0.000299029 0.99999 0.0044262 -0.42874 0.0734896 -0.00439225 0.997286 47.2142
0.997255 -0.00514876 -0.0738704 -2.60956 0.00566431 0.999961 0.0067713 -0.429395 0.0738326 -0.00717114 0.997245 48.081
0.997194 -0.0017878 -0.0748374 -2.65863 0.00238936 0.999966 0.00794958 -0.447878 0.0748206 -0.00810608 0.997164 49.0108
0.997318 -0.00344392 -0.0731111 -2.74159 0.00391474 0.999973 0.00629751 -0.459084 0.0730874 -0.00656683 0.997304 49.9027
0.997296 -0.00226784 -0.0734525 -2.81026 0.00267964 0.999981 0.00550829 -0.474368 0.0734387 -0.00569022 0.997284 50.8188
0.997088 -0.00407738 -0.0761518 -2.87251 0.00454453 0.999972 0.00596217 -0.475676 0.0761253 -0.00629088 0.997078 51.6996
0.997202 0.00290202 -0.0747033 -2.93763 -0.00209019 0.999938 0.0109433 -0.498525 0.0747304 -0.0107566 0.997146 52.5768
0.997239 0.000763719 -0.0742548 -3.00285 0.000375177 0.999883 0.0153225 -0.502782 0.0742577 -0.0153081 0.997122 53.4786
0.997082 -0.00288056 -0.0762894 -3.06226 0.0041852 0.999848 0.0169468 -0.503751 0.076229 -0.0172166 0.996942 54.4454
0.996936 0.00456303 -0.078085 -3.1484 -0.00354303 0.999907 0.0131962 -0.504304 0.078138 -0.0128791 0.996859 55.4115
0.996869 0.00360944 -0.0789897 -3.23411 -0.00318013 0.999979 0.00556024 -0.513445 0.0790082 -0.00529163 0.99686 56.3809
0.996829 0.00538954 -0.0793874 -3.32175 -0.00534152 0.999985 0.000817236 -0.518024 0.0793906 -0.000390596 0.996844 57.3063
0.996645 0.00512285 -0.0816853 -3.38699 -0.00496631 0.999985 0.00211944 -0.525587 0.0816949 -0.00170665 0.996656 58.1717
0.996714 0.00908124 -0.0804939 -3.497 -0.0087119 0.99995 0.00493843 -0.537781 0.0805347 -0.00422095 0.996743 59.0763
0.996585 0.00580512 -0.0823639 -3.55562 -0.00530005 0.999966 0.00634946 -0.550327 0.0823979 -0.00589125 0.996582 59.9382
0.99643 0.00067182 -0.0844228 -3.63662 -0.000124128 0.999979 0.00649258 -0.558433 0.0844254 -0.00645892 0.996409 60.7625
0.996523 0.00525345 -0.0831472 -3.7478 -0.00472622 0.999967 0.00653648 -0.564266 0.0831788 -0.00612078 0.996516 61.6462
0.996202 0.002034 -0.0870465 -3.8051 -0.00137807 0.99997 0.0075948 -0.569483 0.0870594 -0.007446 0.996175 62.4652
0.996125 0.000751695 -0.0879445 -3.89278 -2.53484e-005 0.999966 0.00825998 -0.580831 0.0879477 -0.00822574 0.996091 63.3206
0.995949 0.000509178 -0.0899182 -3.96209 0.000375404 0.999952 0.00982044 -0.591857 0.0899189 -0.00981441 0.995901 64.1215
0.99569 -0.00157321 -0.092732 -4.02919 0.00266489 0.999929 0.0116498 -0.593534 0.092707 -0.0118467 0.995623 64.9231
0.995822 0.0056671 -0.0911447 -4.12748 -0.00411912 0.999844 0.0171629 -0.602461 0.0912278 -0.0167157 0.99569 65.7443
0.995417 0.00206819 -0.0956111 -4.20956 -0.000403035 0.999848 0.017432 -0.589629 0.0956326 -0.0173136 0.995266 66.5601
0.995586 0.00637052 -0.0936373 -4.33881 -0.00506088 0.999886 0.0142171 -0.591936 0.0937172 -0.0136805 0.995505 67.3822
0.995276 0.00436204 -0.0969849 -4.38726 -0.00366924 0.999966 0.00732053 -0.60731 0.0970136 -0.00693009 0.995259 68.132
0.99543 0.000150149 -0.0954986 -4.49977 -4.81187e-005 0.999999 0.0010707 -0.603947 0.0954987 -0.00106121 0.995429 68.9052
0.994535 -0.00407954 -0.104326 -4.40172 0.00386454 0.99999 -0.00226288 -0.575906 0.104334 0.00184734 0.994541 69.5411
