1 1.04742e-006 -0.000695241 -0.0242572 1.04742e-006 0.999995 0.00301311 -0.0218385 0.000695241 -0.00301311 0.999995 1.54604
0.999998 3.21019e-006 -0.00181832 -0.0378621 3.21019e-006 0.999994 0.00353093 -0.0341393 0.00181832 -0.00353093 0.999992 3.19244
1 1.28634e-006 -0.000778731 -0.119881 1.28634e-006 0.999995 0.00330367 -0.0411155 0.000778731 -0.00330367 0.999994 4.23719
1 1.38515e-006 -0.000955132 -0.0938449 1.38515e-006 0.999996 0.00290043 -0.0716328 0.000955132 -0.00290043 0.999995 6.03087
0.999998 3.23229e-006 -0.00176061 -0.179226 3.23229e-006 0.999993 0.00367176 -0.097367 0.00176061 -0.00367176 0.999992 7.8319
0.999996 5.70178e-006 -0.00297357 -0.173158 5.70178e-006 0.999993 0.00383494 -0.118806 0.00297357 -0.00383494 0.999988 9.57165
0.999986 7.37792e-006 -0.00538006 -0.181636 7.37792e-006 0.999996 0.00274267 -0.128836 0.00538006 -0.00274267 0.999982 11.2864
0.99998 1.16666e-005 -0.0063789 -0.191339 1.16666e-005 0.999993 0.00365782 -0.170354 0.0063789 -0.00365782 0.999973 12.9804
0.999961 1.71475e-005 -0.0088228 -0.198636 1.71475e-005 0.999992 0.00388699 -0.189688 0.0088228 -0.00388699 0.999954 14.6476
0.999958 1.60969e-005 -0.00920362 -0.250177 1.60969e-005 0.999994 0.00349787 -0.19784 0.00920362 -0.00349787 0.999952 16.292
0.999966 1.86799e-005 -0.0082585 -0.302478 1.86799e-005 0.99999 0.0045237 -0.231027 0.0082585 -0.0045237 0.999956 18.003
0.999954 2.73735e-005 -0.00956363 -0.305412 2.73735e-005 0.999984 0.00572432 -0.249361 0.00956363 -0.00572432 0.999938 19.5984
0.99996 2.66444e-005 -0.00891234 -0.358397 2.66444e-005 0.999982 0.00597905 -0.249768 0.00891234 -0.00597905 0.999942 21.1608
0.999935 3.13761e-005 -0.0113861 -0.331035 3.13761e-005 0.999985 0.00551108 -0.241175 0.0113861 -0.00551108 0.99992 22.7481
0.99995 2.96302e-005 -0.0100352 -0.3992 2.96302e-005 0.999983 0.00590503 -0.270815 0.0100352 -0.00590503 0.999932 24.2856
0.999936 3.6021e-005 -0.0113261 -0.387292 3.6021e-005 0.99998 0.00636043 -0.269447 0.0113261 -0.00636043 0.999916 25.2799
0.999929 4.25382e-005 -0.0119036 -0.397169 4.25382e-005 0.999974 0.00714678 -0.271306 0.0119036 -0.00714678 0.999904 26.2383
0.999963 2.77457e-005 -0.0085916 -0.476231 2.77457e-005 0.999979 0.00645861 -0.300004 0.0085916 -0.00645861 0.999942 27.6158
0.999968 1.48961e-005 -0.00805164 -0.535549 1.48961e-005 0.999993 0.00370006 -0.297178 0.00805164 -0.00370006 0.999961 29.1011
0.999971 1.36911e-005 -0.00766142 -0.558438 1.36911e-005 0.999994 0.00357396 -0.317152 0.00766142 -0.00357396 0.999964 30.6577
0.999957 2.81202e-005 -0.00931753 -0.522706 2.81202e-005 0.999982 0.00603578 -0.328177 0.00931753 -0.00603578 0.999938 31.6053
0.999975 2.54862e-005 -0.00705368 -0.580564 2.54862e-005 0.999974 0.00722617 -0.333828 0.00705368 -0.00722617 0.999949 33.0075
0.999982 2.09759e-005 -0.005928 -0.61653 2.09759e-005 0.999975 0.00707675 -0.346016 0.005928 -0.00707675 0.999957 34.6214
0.999977 1.66834e-005 -0.00676397 -0.614056 1.66834e-005 0.999988 0.00493295 -0.356444 0.00676397 -0.00493295 0.999965 35.5645
0.999984 1.16843e-005 -0.00556812 -0.636173 1.16843e-005 0.999991 0.00419681 -0.368116 0.00556812 -0.00419681 0.999976 36.9743
0.999988 6.61127e-006 -0.00498234 -0.665416 6.61127e-006 0.999996 0.00265386 -0.372648 0.00498234 -0.00265386 0.999984 38.4641
0.999993 7.96523e-006 -0.0037272 -0.679404 7.96523e-006 0.999991 0.00427408 -0.405171 0.0037272 -0.00427408 0.999984 39.9408
0.999993 1.19837e-005 -0.00381195 -0.667148 1.19837e-005 0.99998 0.00628734 -0.422553 0.00381195 -0.00628734 0.999973 41.3867
0.999996 1.02984e-005 -0.00274037 -0.657516 1.02984e-005 0.999972 0.00751594 -0.436688 0.00274037 -0.00751594 0.999968 42.7695
1 3.09099e-006 -0.000812822 -0.668388 3.09099e-006 0.999971 0.00760547 -0.435197 0.000812822 -0.00760547 0.999971 43.6181
0.999986 -1.8049e-005 0.00531747 -0.755717 -1.8049e-005 0.999977 0.00678844 -0.442773 -0.00531747 -0.00678844 0.999963 44.8198
0.999964 -2.17738e-005 0.00853103 -0.730451 -2.17738e-005 0.999987 0.00510449 -0.46383 -0.00853103 -0.00510449 0.999951 46.1436
0.99993 -1.93101e-005 0.0118664 -0.720107 -1.93101e-005 0.999995 0.00325447 -0.482714 -0.0118664 -0.00325447 0.999924 47.513
0.99987 -3.20037e-005 0.0161134 -0.699101 -3.20037e-005 0.999992 0.00397205 -0.50061 -0.0161134 -0.00397205 0.999862 48.9092
0.999765 -4.00416e-005 0.021698 -0.680436 -4.00416e-005 0.999993 0.00369036 -0.514951 -0.021698 -0.00369036 0.999758 50.2311
0.999575 -3.06346e-005 0.0291555 -0.701368 -3.06346e-005 0.999998 0.00210101 -0.529963 -0.0291555 -0.00210101 0.999573 50.9836
0.99933 -4.57612e-005 0.0365971 -0.672031 -4.57612e-005 0.999997 0.00249997 -0.546446 -0.0365971 -0.00249997 0.999327 51.9236
0.999007 -6.96878e-005 0.0445609 -0.615959 -6.96878e-005 0.999995 0.0031262 -0.557203 -0.0445609 -0.0031262 0.999002 53.1176
0.998492 -0.000109411 0.0548929 -0.5473 -0.000109411 0.999992 0.00398332 -0.572582 -0.0548929 -0.00398332 0.998484 54.1966
0.997733 -0.000126023 0.0672958 -0.495214 -0.000126023 0.999993 0.00374107 -0.582329 -0.0672958 -0.00374107 0.997726 54.8914
0.996569 -0.000171535 0.0827681 -0.427651 -0.000171535 0.999991 0.00413782 -0.595228 -0.0827681 -0.00413782 0.99656 55.9042
0.995199 -0.000268416 0.0978764 -0.323293 -0.000268416 0.999985 0.00547158 -0.607521 -0.0978764 -0.00547158 0.995184 56.7573
0.99324 -0.000378846 0.116075 -0.194666 -0.000378846 0.999979 0.00650548 -0.622022 -0.116075 -0.00650548 0.993219 57.8912
0.990906 -0.000411542 0.134553 -0.0279497 -0.000411542 0.999981 0.0060893 -0.6417 -0.134553 -0.0060893 0.990888 59.046
0.987893 -0.000426672 0.155138 0.164719 -0.000426672 0.999985 0.00546721 -0.647942 -0.155138 -0.00546721 0.987878 60.2634
0.984547 -0.00053445 0.175117 0.414034 -0.00053445 0.999982 0.00605669 -0.661422 -0.175117 -0.00605669 0.984529 61.4265
0.980289 -0.000890998 0.197569 0.647255 -0.000890998 0.99996 0.00893056 -0.67373 -0.197569 -0.00893056 0.980248 62.5678
0.975373 -0.00128717 0.220558 0.92127 -0.00128717 0.999933 0.0115278 -0.685647 -0.220558 -0.0115278 0.975306 63.6825
0.969665 -0.0015555 0.244432 1.19519 -0.0015555 0.99992 0.0125339 -0.703229 -0.244432 -0.0125339 0.969585 64.749
0.9631 -0.0016702 0.269139 1.51731 -0.0016702 0.999924 0.012182 -0.705732 -0.269139 -0.012182 0.963024 65.7927
0.955301 -0.00204068 0.295628 1.83587 -0.00204068 0.999907 0.0134965 -0.715489 -0.295628 -0.0134965 0.955208 66.7848
0.946682 -0.00266498 0.322159 2.21216 -0.00266498 0.999867 0.0161023 -0.712185 -0.322159 -0.0161023 0.946549 67.7886
0.936524 -0.00346069 0.350586 2.58458 -0.00346069 0.999811 0.0191139 -0.724131 -0.350586 -0.0191139 0.936335 68.7998
0.925633 -0.00390501 0.378403 3.03276 -0.00390501 0.999795 0.0198699 -0.717193 -0.378403 -0.0198699 0.925428 69.7919
0.913841 -0.00353577 0.406056 3.53925 -0.00353577 0.999855 0.0166637 -0.719445 -0.406056 -0.0166637 0.913696 70.7857
0.900639 -0.00292174 0.434559 4.03605 -0.00292174 0.999914 0.0127783 -0.724593 -0.434559 -0.0127783 0.900553 71.7729
0.886783 -0.00290604 0.462177 4.58022 -0.00290604 0.999925 0.0118631 -0.719425 -0.462177 -0.0118631 0.886708 72.6966
0.870638 -0.00354593 0.491911 5.09441 -0.00354593 0.999903 0.0134837 -0.73247 -0.491911 -0.0134837 0.870541 73.5899
0.852924 -0.00443862 0.522016 5.62229 -0.00443862 0.999866 0.015754 -0.727063 -0.522016 -0.015754 0.85279 74.3963
0.832799 -0.00515714 0.553551 6.15722 -0.00515714 0.999841 0.0170737 -0.73393 -0.553551 -0.0170737 0.83264 75.1938
0.811557 -0.00340674 0.584263 6.78105 -0.00340674 0.999938 0.0105625 -0.730902 -0.584263 -0.0105625 0.811496 76.0139
0.789432 -0.000903479 0.613838 7.42513 -0.000903479 0.999996 0.00263377 -0.743021 -0.613838 -0.00263377 0.789428 76.8107
0.766936 -8.22061e-005 0.641723 8.09516 -8.22061e-005 1 0.000226348 -0.752379 -0.641723 -0.000226348 0.766936 77.5659
0.743335 -0.000828518 0.668919 8.76798 -0.000828518 0.999997 0.00215928 -0.752647 -0.668919 -0.00215928 0.743332 78.2834
0.719139 -0.0012646 0.694865 9.4661 -0.0012646 0.999994 0.00312869 -0.771936 -0.694865 -0.00312869 0.719134 78.9556
0.694336 -0.000369227 0.719651 10.1799 -0.000369227 1 0.000869304 -0.772278 -0.719651 -0.000869304 0.694336 79.5799
0.667927 0.00022121 0.744227 10.937 0.00022121 1 -0.000495765 -0.80059 -0.744227 0.000495765 0.667927 80.2404
0.64054 0.00134591 0.767924 11.7377 0.00134591 0.999995 -0.0028753 -0.801814 -0.767924 0.0028753 0.640535 80.8973
0.612229 0.0019947 0.790678 12.573 0.0019947 0.99999 -0.00406726 -0.807599 -0.790678 0.00406726 0.612219 81.5274
0.583533 0.00490074 0.812075 13.43 0.00490074 0.999942 -0.00955602 -0.819321 -0.812075 0.00955602 0.583475 82.1126
0.553895 0.00867071 0.832542 14.2663 0.00867071 0.999831 -0.0161817 -0.85904 -0.832542 0.0161817 0.553726 82.6309
0.522569 0.0124164 0.852506 15.1037 0.0124164 0.999677 -0.0221709 -0.882435 -0.852506 0.0221709 0.522247 83.139
0.490702 0.0158059 0.871184 15.9455 0.0158059 0.999509 -0.027037 -0.907903 -0.871184 0.027037 0.490211 83.5962
0.459795 0.0172246 0.887858 16.746 0.0172246 0.999451 -0.0283097 -0.904741 -0.887858 0.0283097 0.459246 83.9169
0.426435 0.0194578 0.904309 17.5495 0.0194578 0.99934 -0.030678 -0.958011 -0.904309 0.030678 0.425775 84.3547
0.391704 0.0233913 0.919794 18.4097 0.0233913 0.999101 -0.0353695 -0.978136 -0.919794 0.0353695 0.390804 84.6984
0.356236 0.0298662 0.933919 19.3599 0.0298662 0.998614 -0.0433274 -0.992423 -0.933919 0.0433274 0.354851 85.0605
0.321106 0.0350064 0.946396 20.312 0.0350064 0.998195 -0.0487998 -1.03511 -0.946396 0.0487998 0.319301 85.3905
0.285096 0.0384377 0.957728 21.2662 0.0384377 0.997933 -0.0514934 -1.09226 -0.957728 0.0514934 0.283029 85.6503
0.248774 0.0419743 0.967652 22.2146 0.0419743 0.997655 -0.054067 -1.14231 -0.967652 0.054067 0.246428 85.8848
0.212743 0.042902 0.976166 23.1674 0.042902 0.997662 -0.0531968 -1.20703 -0.976166 0.0531968 0.210405 86.0741
0.176144 0.0467454 0.983254 24.1036 0.0467454 0.997348 -0.0557897 -1.30066 -0.983254 0.0557897 0.173492 86.2454
0.141402 0.0404123 0.989127 25.0925 0.0404123 0.998098 -0.046556 -1.3372 -0.989127 0.046556 0.1395 86.3374
0.106951 0.0428552 0.99334 26.0919 0.0428552 0.997943 -0.047668 -1.41166 -0.99334 0.047668 0.104895 86.4295
0.0744737 0.0440364 0.99625 27.1135 0.0440364 0.997905 -0.0474014 -1.46081 -0.99625 0.0474014 0.0723784 86.4752
0.0456179 0.0387264 0.998208 28.1637 0.0387264 0.998429 -0.0405047 -1.52014 -0.998208 0.0405047 0.0440465 86.4637
0.0189845 0.0406766 0.998992 29.3052 0.0406766 0.998313 -0.041422 -1.58586 -0.998992 0.041422 0.0172979 86.4689
-0.00287632 0.0386851 0.999247 30.3625 0.0386851 0.998508 -0.0385451 -1.61542 -0.999247 0.0385451 -0.00436856 86.4862
-0.0219073 0.040557 0.998937 31.4826 0.040557 0.99839 -0.0396453 -1.66818 -0.998937 0.0396453 -0.0235169 86.4336
-0.0379635 0.0379922 0.998557 32.6587 0.0379922 0.998609 -0.0365498 -1.7281 -0.998557 0.0365498 -0.0393541 86.3709
-0.0529749 0.0361865 0.99794 33.7979 0.0361865 0.998756 -0.0342952 -1.78281 -0.99794 0.0342952 -0.0542185 86.2874
-0.0656788 0.0316076 0.99734 34.9391 0.0316076 0.999063 -0.0295807 -1.82783 -0.99734 0.0295807 -0.0666163 86.2181
-0.0748406 0.0249766 0.996883 36.0193 0.0249766 0.99942 -0.023165 -1.86804 -0.996883 0.023165 -0.075421 86.113
-0.0810857 0.0202443 0.996502 37.0594 0.0202443 0.999621 -0.0186604 -1.90473 -0.996502 0.0186604 -0.0814648 86.0278
-0.0847856 0.019438 0.99621 38.1718 0.019438 0.999652 -0.0178508 -1.94331 -0.99621 0.0178508 -0.0851339 85.929
-0.0884745 0.0162829 0.995945 39.2234 0.0162829 0.999756 -0.0148987 -1.98124 -0.995945 0.0148987 -0.0887181 85.8461
-0.091367 0.0165212 0.99568 40.2819 0.0165212 0.99975 -0.0150727 -2.01193 -0.99568 0.0150727 -0.0916171 85.7529
-0.0935815 0.0135399 0.99552 41.281 0.0135399 0.999832 -0.0123258 -2.03851 -0.99552 0.0123258 -0.0937491 85.6507
-0.0952627 0.0111065 0.99539 42.2502 0.0111065 0.999887 -0.0100937 -2.06439 -0.99539 0.0100937 -0.0953753 85.551
-0.0988668 0.00971033 0.995053 43.2159 0.00971033 0.999914 -0.00879297 -2.09286 -0.995053 0.00879297 -0.0989527 85.4737
-0.101677 0.0103976 0.994763 44.1962 0.0103976 0.999902 -0.00938858 -2.10344 -0.994763 0.00938858 -0.101775 85.3868
-0.103159 0.0110138 0.994604 45.2315 0.0110138 0.99989 -0.00992997 -2.11442 -0.994604 0.00992997 -0.103269 85.2623
-0.105349 0.00638912 0.994415 46.1669 0.00638912 0.999963 -0.0057479 -2.11808 -0.994415 0.0057479 -0.105385 85.2135
-0.110066 0.0128631 0.993841 47.2963 0.0128631 0.999851 -0.0115163 -2.14056 -0.993841 0.0115163 -0.110215 85.0981
-0.112556 0.0093422 0.993601 48.524 0.0093422 0.999922 -0.00834333 -2.16666 -0.993601 0.00834333 -0.112634 85.0356
-0.11492 0.0143558 0.993271 49.6019 0.0143558 0.999815 -0.0127894 -2.1784 -0.993271 0.0127894 -0.115105 84.8798
-0.116872 0.0171713 0.992999 50.6282 0.0171713 0.999736 -0.0152668 -2.20781 -0.992999 0.0152668 -0.117136 84.7804
-0.118893 0.0194902 0.992716 51.5703 0.0194902 0.99966 -0.0172923 -2.22653 -0.992716 0.0172923 -0.119233 84.6568
-0.121501 0.0221458 0.992344 52.4962 0.0221458 0.999563 -0.0195954 -2.25262 -0.992344 0.0195954 -0.121938 84.5548
-0.124562 0.0268842 0.991848 53.3766 0.0268842 0.999357 -0.0237115 -2.26544 -0.991848 0.0237115 -0.125204 84.4554
-0.126563 0.0261067 0.991615 54.2654 0.0261067 0.999395 -0.0229795 -2.28464 -0.991615 0.0229795 -0.127168 84.3369
-0.128677 0.0291513 0.991258 55.1984 0.0291513 0.999247 -0.025602 -2.31006 -0.991258 0.025602 -0.12943 84.2268
-0.129379 0.0260262 0.991254 56.1779 0.0260262 0.9994 -0.0228431 -2.34821 -0.991254 0.0228431 -0.129979 84.0808
-0.130899 0.0268036 0.991033 57.1012 0.0268036 0.999365 -0.0234886 -2.37374 -0.991033 0.0234886 -0.131534 83.969
-0.131025 0.0279611 0.990985 58.0314 0.0279611 0.999309 -0.024499 -2.40971 -0.990985 0.024499 -0.131716 83.8473
-0.130605 0.0311086 0.990946 58.9933 0.0311086 0.999144 -0.0272659 -2.42753 -0.990946 0.0272659 -0.131461 83.7293
-0.129612 0.0364072 0.990896 59.9159 0.0364072 0.998827 -0.0319364 -2.46492 -0.990896 0.0319364 -0.130785 83.604
-0.129408 0.0402486 0.990774 60.8764 0.0402486 0.998566 -0.0353082 -2.49568 -0.990774 0.0353082 -0.130842 83.4924
-0.127738 0.0448409 0.990794 61.814 0.0448409 0.998217 -0.0393958 -2.54535 -0.990794 0.0393958 -0.129521 83.3504
-0.128674 0.0498247 0.990435 62.7506 0.0498247 0.997801 -0.0437222 -2.58368 -0.990435 0.0437222 -0.130873 83.2599
-0.128421 0.0503853 0.990439 63.7 0.0503853 0.99775 -0.0442243 -2.6197 -0.990439 0.0442243 -0.130671 83.1298
-0.129077 0.0486694 0.99044 64.6007 0.0486694 0.997902 -0.0426934 -2.66266 -0.99044 0.0426934 -0.131175 83.0187
-0.1292 0.0432655 0.990674 65.6126 0.0432655 0.998342 -0.0379579 -2.7017 -0.990674 0.0379579 -0.130858 82.8786
-0.130243 0.0358323 0.990834 66.7125 0.0358323 0.998864 -0.0314126 -2.7495 -0.990834 0.0314126 -0.131379 82.7384
-0.129245 0.0268562 0.991249 67.8984 0.0268562 0.999361 -0.0235743 -2.79765 -0.991249 0.0235743 -0.129883 82.5564
-0.128924 0.0227847 0.991393 69.0178 0.0227847 0.99954 -0.0200089 -2.84166 -0.991393 0.0200089 -0.129384 82.4095
-0.1294 0.0218424 0.991352 70.0629 0.0218424 0.999578 -0.0191726 -2.87397 -0.991352 0.0191726 -0.129822 82.2892
-0.126662 0.0223142 0.991695 71.1088 0.0223142 0.999558 -0.0196411 -2.90313 -0.991695 0.0196411 -0.127104 82.1257
-0.12565 0.0235341 0.991795 72.1815 0.0235341 0.999508 -0.0207356 -2.92856 -0.991795 0.0207356 -0.126142 81.9835
-0.126394 0.028161 0.99158 73.2126 0.028161 0.999296 -0.0247905 -2.95519 -0.99158 0.0247905 -0.127098 81.8781
-0.124636 0.0280224 0.991807 74.3395 0.0280224 0.999302 -0.0247127 -2.98152 -0.991807 0.0247127 -0.125334 81.7194
-0.125283 0.0298846 0.991671 75.4957 0.0298846 0.999206 -0.0263362 -3.02433 -0.991671 0.0263362 -0.126076 81.605
-0.12419 0.0284722 0.99185 76.6154 0.0284722 0.999279 -0.0251204 -3.07027 -0.99185 0.0251204 -0.124911 81.4499
-0.124344 0.0292353 0.991808 77.6766 0.0292353 0.99924 -0.0257891 -3.10697 -0.991808 0.0257891 -0.125104 81.3329
-0.123584 0.0276912 0.991948 78.7003 0.0276912 0.999318 -0.024447 -3.13455 -0.991948 0.024447 -0.124266 81.2024
-0.123463 0.0289596 0.991926 79.7255 0.0289596 0.999254 -0.0255689 -3.15896 -0.991926 0.0255689 -0.12421 81.0714
-0.123351 0.0308643 0.991883 80.8154 0.0308643 0.999152 -0.0272522 -3.19276 -0.991883 0.0272522 -0.124199 80.9497
-0.123161 0.0306484 0.991913 81.9201 0.0306484 0.999164 -0.0270669 -3.22816 -0.991913 0.0270669 -0.123998 80.8215
-0.123468 0.0330297 0.991799 83.0181 0.0330297 0.999029 -0.0291587 -3.26698 -0.991799 0.0291587 -0.124439 80.6945
-0.123389 0.0341103 0.991772 84.0443 0.0341103 0.998964 -0.0301139 -3.30249 -0.991772 0.0301139 -0.124424 80.5775
-0.123035 0.0339563 0.991821 85.1399 0.0339563 0.998973 -0.0299889 -3.34095 -0.991821 0.0299889 -0.124062 80.4498
-0.122924 0.0334666 0.991852 86.2465 0.0334666 0.999003 -0.0295603 -3.38099 -0.991852 0.0295603 -0.123921 80.3267
-0.121835 0.0297539 0.992104 87.3544 0.0297539 0.999211 -0.0263132 -3.41515 -0.992104 0.0263132 -0.122624 80.1831
-0.119853 0.0300444 0.992337 88.4759 0.0300444 0.999194 -0.0266233 -3.4562 -0.992337 0.0266233 -0.120659 80.0413
-0.118993 0.0291302 0.992468 89.6061 0.0291302 0.999242 -0.0258364 -3.47908 -0.992468 0.0258364 -0.119751 79.9112
-0.118513 0.0311132 0.992465 90.8355 0.0311132 0.999135 -0.0276069 -3.52255 -0.992465 0.0276069 -0.119379 79.7739
-0.115606 0.030453 0.992828 91.9889 0.030453 0.999169 -0.0271015 -3.53946 -0.992828 0.0271015 -0.116438 79.6149
-0.115125 0.030307 0.992889 93.1077 0.030307 0.999176 -0.0269848 -3.5903 -0.992889 0.0269848 -0.115948 79.5145
-0.112833 0.0319473 0.9931 94.3055 0.0319473 0.999083 -0.02851 -3.6221 -0.9931 0.02851 -0.11375 79.3632
-0.112049 0.0296541 0.99326 95.5337 0.0296541 0.999209 -0.0264865 -3.62312 -0.99326 0.0264865 -0.11284 79.2276
-0.110417 0.0324497 0.993355 96.7508 0.0324497 0.999052 -0.0290288 -3.69938 -0.993355 0.0290288 -0.111366 79.107
-0.108861 0.0342886 0.993465 97.9842 0.0342886 0.99894 -0.0307203 -3.71174 -0.993465 0.0307203 -0.109921 78.9754
-0.108021 0.0368518 0.993465 99.1956 0.0368518 0.998774 -0.0330418 -3.74889 -0.993465 0.0330418 -0.109246 78.8466
-0.106998 0.03904 0.993492 100.385 0.03904 0.998623 -0.0350371 -3.7966 -0.993492 0.0350371 -0.108375 78.7031
-0.108718 0.0438571 0.993105 101.597 0.0438571 0.998265 -0.0392839 -3.84813 -0.993105 0.0392839 -0.110452 78.5981
-0.108531 0.0447504 0.993085 102.824 0.0447504 0.998193 -0.04009 -3.89904 -0.993085 0.04009 -0.110338 78.4535
-0.109683 0.0471501 0.992848 104.081 0.0471501 0.997997 -0.0421858 -3.96177 -0.992848 0.0421858 -0.111687 78.3227
-0.110995 0.0462153 0.992746 105.409 0.0462153 0.998078 -0.0412964 -4.01589 -0.992746 0.0412964 -0.112918 78.1772
-0.11396 0.0480784 0.992321 106.673 0.0480784 0.997925 -0.0428285 -4.08196 -0.992321 0.0428285 -0.116035 78.0449
-0.115108 0.0529157 0.991943 107.946 0.0529157 0.997489 -0.047071 -4.15553 -0.991943 0.047071 -0.117619 77.8703
-0.119513 0.0544017 0.991341 109.253 0.0544017 0.997356 -0.0481733 -4.20516 -0.991341 0.0481733 -0.122157 77.7185
-0.124717 0.0601683 0.990366 110.614 0.0601683 0.996781 -0.0529811 -4.2927 -0.990366 0.0529811 -0.127936 77.5572
-0.131352 0.0581647 0.989628 111.931 0.0581647 0.99701 -0.0508785 -4.38064 -0.989628 0.0508785 -0.134342 77.3587
-0.140322 0.0585881 0.988371 113.149 0.0585881 0.99699 -0.050781 -4.45836 -0.988371 0.050781 -0.143333 77.1634
-0.150437 0.0579958 0.986917 114.404 0.0579958 0.997076 -0.0497525 -4.52277 -0.986917 0.0497525 -0.15336 76.9574
-0.163648 0.0609804 0.984632 115.803 0.0609804 0.996804 -0.0515991 -4.59621 -0.984632 0.0515991 -0.166844 76.7245
-0.177747 0.0604914 0.982215 117.227 0.0604914 0.996893 -0.0504485 -4.67441 -0.982215 0.0504485 -0.180854 76.45
-0.191995 0.0627906 0.979385 118.532 0.0627906 0.996692 -0.051591 -4.75244 -0.979385 0.051591 -0.195303 76.1837
-0.208166 0.0585808 0.976338 119.83 0.0585808 0.99716 -0.0473401 -4.83851 -0.976338 0.0473401 -0.211007 75.8944
-0.222631 0.0609579 0.972995 120.95 0.0609579 0.996961 -0.0485116 -5.06969 -0.972995 0.0485116 -0.22567 75.5879
-0.238981 0.0595635 0.969196 122.236 0.0595635 0.997137 -0.0465937 -5.07005 -0.969196 0.0465937 -0.241845 75.3069
-0.252992 0.0684224 0.965046 123.453 0.0684224 0.996264 -0.0526985 -5.18518 -0.965046 0.0526985 -0.256729 74.9528
-0.267469 0.0789999 0.960323 124.648 0.0789999 0.995076 -0.0598558 -5.2238 -0.960323 0.0598558 -0.272393 74.6351
-0.281533 0.0874841 0.955555 125.857 0.0874841 0.994028 -0.0652311 -5.30964 -0.955555 0.0652311 -0.287506 74.2727
-0.296282 0.0907741 0.950777 127.086 0.0907741 0.993643 -0.0665796 -5.38834 -0.950777 0.0665796 -0.302638 73.8845
-0.31021 0.0926526 0.946142 128.303 0.0926526 0.993448 -0.0669073 -5.49401 -0.946142 0.0669073 -0.316762 73.4667
-0.324888 0.0935237 0.941117 129.5 0.0935237 0.993398 -0.0664333 -5.58905 -0.941117 0.0664333 -0.33149 73.0623
-0.337788 0.0910685 0.936806 130.651 0.0910685 0.993801 -0.063772 -5.67366 -0.936806 0.063772 -0.343988 72.5751
-0.35169 0.0962668 0.931153 131.82 0.0962668 0.993144 -0.0663163 -5.76679 -0.931153 0.0663163 -0.358546 72.1439
-0.365289 0.099122 0.925602 132.975 0.099122 0.992804 -0.0672001 -5.8537 -0.925602 0.0672001 -0.372485 71.6648
-0.379554 0.103079 0.919409 134.171 0.103079 0.992298 -0.0686972 -5.94414 -0.919409 0.0686972 -0.387256 71.1626
-0.394256 0.104141 0.913081 135.338 0.104141 0.992221 -0.0682004 -6.04199 -0.913081 0.0682004 -0.402035 70.6282
-0.409372 0.103996 0.906421 136.56 0.103996 0.992326 -0.0668839 -6.14388 -0.906421 0.0668839 -0.417046 70.0745
-0.424042 0.101599 0.899926 137.696 0.101599 0.992751 -0.0642057 -6.23382 -0.899926 0.0642057 -0.43129 69.5034
-0.439029 0.100682 0.892814 138.837 0.100682 0.992956 -0.0624659 -6.33008 -0.892814 0.0624659 -0.446074 68.9319
-0.454766 0.101881 0.884764 139.948 0.101881 0.992865 -0.0619626 -6.4133 -0.884764 0.0619626 -0.461901 68.3643
-0.468612 0.109571 0.876583 140.962 0.109571 0.991825 -0.0654005 -6.49463 -0.876583 0.0654005 -0.476787 67.799
-0.482324 0.11944 0.867812 141.954 0.11944 0.990376 -0.0699249 -6.55868 -0.867812 0.0699249 -0.491948 67.2351
-0.497687 0.124428 0.858385 142.959 0.124428 0.989662 -0.0713148 -6.63717 -0.858385 0.0713148 -0.508025 66.632
-0.512088 0.132642 0.84863 143.974 0.132642 0.988365 -0.0744427 -6.73062 -0.84863 0.0744427 -0.523723 65.9963
-0.527004 0.136903 0.838763 145.009 0.136903 0.987726 -0.0751989 -6.81441 -0.838763 0.0751989 -0.539278 65.3264
-0.542252 0.144273 0.827737 146.035 0.144273 0.986504 -0.0774325 -6.91183 -0.827737 0.0774325 -0.555748 64.6624
-0.555423 0.148486 0.818204 147.018 0.148486 0.985825 -0.0781083 -7.00542 -0.818204 0.0781083 -0.569597 63.9201
-0.568783 0.158305 0.807109 147.973 0.158305 0.984026 -0.0814449 -7.1028 -0.807109 0.0814449 -0.584758 63.2231
-0.581669 0.168988 0.795678 148.958 0.168988 0.981945 -0.0850116 -7.18881 -0.795678 0.0850116 -0.599724 62.4813
-0.595037 0.174366 0.784555 149.92 0.174366 0.980939 -0.085766 -7.28844 -0.784555 0.085766 -0.614098 61.7167
-0.608213 0.183064 0.772376 150.859 0.183064 0.979162 -0.0879203 -7.39939 -0.772376 0.0879203 -0.629051 60.9689
-0.622103 0.188543 0.759894 151.811 0.188543 0.978085 -0.0883256 -7.52287 -0.759894 0.0883256 -0.644018 60.1581
-0.63613 0.195668 0.746359 152.743 0.195668 0.9766 -0.0892586 -7.63525 -0.746359 0.0892586 -0.659531 59.3434
-0.648489 0.208306 0.732168 153.654 0.208306 0.973678 -0.0925183 -7.74119 -0.732168 0.0925183 -0.674811 58.4939
-0.658016 0.229771 0.717092 154.453 0.229771 0.968158 -0.0993758 -7.83433 -0.717092 0.0993758 -0.689858 57.7157
-0.671094 0.243177 0.700355 155.264 0.243177 0.964613 -0.101915 -7.93824 -0.700355 0.101915 -0.706481 56.9077
-0.684188 0.256481 0.682719 156.047 0.256481 0.960941 -0.10397 -8.05315 -0.682719 0.10397 -0.723247 56.0616
-0.695217 0.276962 0.6633 156.887 0.276962 0.95475 -0.108369 -8.18053 -0.6633 0.108369 -0.740466 55.131
-0.706346 0.294312 0.643783 157.727 0.294312 0.949237 -0.11104 -8.31881 -0.643783 0.11104 -0.757109 54.1632
-0.721736 0.298234 0.624622 158.541 0.298234 0.948341 -0.108195 -8.4513 -0.624622 0.108195 -0.773396 53.1475
-0.730977 0.314546 0.605585 159.153 0.314546 0.942842 -0.110044 -8.56634 -0.605585 0.110044 -0.788135 52.3298
-0.741859 0.326138 0.585901 159.867 0.326138 0.938935 -0.109701 -8.68672 -0.585901 0.109701 -0.802923 51.3567
-0.753441 0.334225 0.566234 160.598 0.334225 0.936293 -0.10793 -8.83228 -0.566234 0.10793 -0.817148 50.2658
-0.766305 0.338909 0.545818 161.269 0.338909 0.934972 -0.104729 -8.95763 -0.545818 0.104729 -0.831333 49.2366
-0.773994 0.35276 0.525826 161.898 0.35276 0.929853 -0.104561 -9.09078 -0.525826 0.104561 -0.844141 48.2202
-0.77627 0.374549 0.507069 162.459 0.374549 0.921022 -0.106922 -9.18986 -0.507069 0.106922 -0.855248 47.2374
-0.782345 0.386841 0.488149 163.01 0.386841 0.91604 -0.105948 -9.31274 -0.488149 0.105948 -0.866306 46.2826
-0.793313 0.384193 0.472282 163.53 0.384193 0.917692 -0.10118 -9.41446 -0.472282 0.10118 -0.875621 45.2506
-0.795656 0.400015 0.454884 164.051 0.400015 0.910889 -0.101334 -9.53248 -0.454884 0.101334 -0.884767 44.2412
-0.794156 0.420255 0.438979 164.552 0.420255 0.901562 -0.102824 -9.65075 -0.438979 0.102824 -0.892594 43.2455
-0.789887 0.444083 0.422929 165.026 0.444083 0.88982 -0.104931 -9.76927 -0.422929 0.104931 -0.900067 42.251
-0.787356 0.460764 0.409595 165.451 0.460764 0.881219 -0.10559 -9.86796 -0.409595 0.10559 -0.906136 41.2635
-0.778983 0.48715 0.394805 165.875 0.48715 0.866601 -0.108112 -9.97981 -0.394805 0.108112 -0.912382 40.31
-0.762357 0.522355 0.382043 166.259 0.522355 0.845176 -0.113236 -10.0821 -0.382043 0.113236 -0.917181 39.3179
-0.747057 0.552677 0.369397 166.708 0.552677 0.825162 -0.116858 -10.2039 -0.369397 0.116858 -0.921895 38.2614
-0.734298 0.575979 0.359241 167.12 0.575979 0.808711 -0.119308 -10.3251 -0.359241 0.119308 -0.925587 37.1561
-0.738652 0.575399 0.351153 167.549 0.575399 0.809574 -0.116212 -10.4684 -0.351153 0.116212 -0.929078 36.0373
-0.742642 0.573869 0.34519 167.97 0.573869 0.811019 -0.113675 -10.619 -0.34519 0.113675 -0.931623 34.8413
-0.751519 0.564916 0.340719 168.389 0.564916 0.817798 -0.109892 -10.753 -0.340719 0.109892 -0.933721 33.6617
-0.739707 0.58354 0.335134 168.801 0.58354 0.804267 -0.112412 -10.9049 -0.335134 0.112412 -0.93544 32.5317
-0.710048 0.623376 0.327467 169.218 0.623376 0.772756 -0.119374 -11.0586 -0.327467 0.119374 -0.937292 31.4267
-0.695852 0.641248 0.323407 169.589 0.641248 0.757527 -0.122289 -11.1936 -0.323407 0.122289 -0.938325 30.3435
-0.686977 0.653419 0.317971 170.021 0.653419 0.74691 -0.12316 -11.3596 -0.317971 0.12316 -0.940067 29.0912
-0.686704 0.655698 0.313843 170.459 0.655698 0.7451 -0.122005 -11.5535 -0.313843 0.122005 -0.941603 27.7929
-0.695341 0.64725 0.312358 170.887 0.64725 0.752892 -0.119253 -11.7182 -0.312358 0.119253 -0.94245 26.4708
-0.700282 0.64248 0.311165 171.303 0.64248 0.757228 -0.117579 -11.9143 -0.311165 0.117579 -0.943054 25.2083
-0.707727 0.633671 0.312384 171.718 0.633671 0.76487 -0.115914 -12.0859 -0.312384 0.115914 -0.942857 23.8989
-0.718232 0.621141 0.31357 172.117 0.621141 0.775457 -0.113356 -12.2359 -0.31357 0.113356 -0.942775 22.7046
-0.721606 0.616918 0.314159 172.521 0.616918 0.778934 -0.112575 -12.408 -0.314159 0.112575 -0.942672 21.4832
-0.733216 0.60047 0.319108 172.923 0.60047 0.791968 -0.110555 -12.5218 -0.319108 0.110555 -0.941248 20.1955
-0.73093 0.602437 0.320641 173.34 0.602437 0.790326 -0.111597 -12.6972 -0.320641 0.111597 -0.940604 18.9856
-0.732081 0.599141 0.32417 173.758 0.599141 0.792752 -0.112133 -12.8607 -0.32417 0.112133 -0.93933 17.7724
-0.730381 0.598293 0.32953 174.178 0.598293 0.793135 -0.113938 -13.0032 -0.32953 0.113938 -0.937245 16.5712
-0.723993 0.602576 0.335761 174.587 0.602576 0.789385 -0.117357 -13.1549 -0.335761 0.117357 -0.934608 15.3973
-0.720909 0.601628 0.343997 175.018 0.601628 0.789671 -0.120261 -13.3169 -0.343997 0.120261 -0.931238 14.1834
-0.724933 0.592832 0.350745 175.474 0.592832 0.796253 -0.120546 -13.5103 -0.350745 0.120546 -0.92868 12.9727
-0.729612 0.582696 0.357955 175.949 0.582696 0.803693 -0.120593 -13.7013 -0.357955 0.120593 -0.925919 11.7763
-0.745218 0.555546 0.368806 176.425 0.555546 0.823156 -0.1174 -13.8739 -0.368806 0.1174 -0.922062 10.534
-0.748202 0.545669 0.377411 176.953 0.545669 0.829679 -0.117802 -14.0786 -0.377411 0.117802 -0.918522 9.31793
-0.75883 0.521336 0.390367 177.431 0.521336 0.845471 -0.115709 -14.2425 -0.390367 0.115709 -0.913359 8.15445
-0.769678 0.49321 0.405387 177.921 0.49321 0.862542 -0.112982 -14.3978 -0.405387 0.112982 -0.907136 7.00738
-0.774616 0.473626 0.419103 178.427 0.473626 0.873594 -0.111854 -14.5693 -0.419103 0.111854 -0.901022 5.9018
-0.770683 0.468095 0.432359 178.962 0.468095 0.876255 -0.114298 -14.7301 -0.432359 0.114298 -0.894428 4.80635
-0.774113 0.449944 0.445308 179.488 0.449944 0.885887 -0.112938 -14.8968 -0.445308 0.112938 -0.888226 3.76879
-0.776789 0.431388 0.458806 180.056 0.431388 0.895263 -0.111394 -15.0425 -0.458806 0.111394 -0.881526 2.71388
-0.775919 0.415972 0.474255 180.625 0.415972 0.902567 -0.111084 -15.1944 -0.474255 0.111084 -0.873352 1.61315
-0.770165 0.410952 0.487816 181.203 0.410952 0.904596 -0.113249 -15.3711 -0.487816 0.113249 -0.865569 0.570999
-0.768728 0.396881 0.501541 181.824 0.396881 0.910945 -0.11254 -15.5269 -0.501541 0.11254 -0.857783 -0.470678
-0.762576 0.391265 0.515159 182.419 0.391265 0.913145 -0.114357 -15.7284 -0.515159 0.114357 -0.849431 -1.46043
-0.761622 0.366972 0.534101 183.061 0.366972 0.923554 -0.111261 -15.8736 -0.534101 0.111261 -0.838067 -2.49113
-0.755559 0.352814 0.551953 183.664 0.352814 0.929095 -0.110926 -16.0128 -0.551953 0.110926 -0.826464 -3.525
-0.749522 0.338137 0.569104 184.334 0.338137 0.934647 -0.109993 -16.1648 -0.569104 0.109993 -0.814876 -4.5177
-0.742171 0.32495 0.586165 185.042 0.32495 0.93939 -0.109331 -16.3397 -0.586165 0.109331 -0.802781 -5.50061
-0.739976 0.2848 0.609365 185.753 0.2848 0.953384 -0.0997411 -16.3987 -0.609365 0.0997411 -0.786592 -6.51423
-0.72669 0.289677 0.622904 186.574 0.289677 0.951403 -0.104501 -16.6008 -0.622904 0.104501 -0.775287 -7.42009
-0.718938 0.243389 0.651069 187.179 0.243389 0.965538 -0.0921864 -16.6065 -0.651069 0.0921864 -0.7534 -8.39685
-0.707113 0.219648 0.672121 187.964 0.219648 0.971739 -0.0864792 -16.7198 -0.672121 0.0864792 -0.735374 -9.27395
-0.693391 0.20361 0.691196 188.746 0.20361 0.975518 -0.0831079 -16.8339 -0.691196 0.0831079 -0.717873 -10.1044
-0.676879 0.203105 0.707519 189.575 0.203105 0.9754 -0.0856953 -16.9898 -0.707519 0.0856953 -0.701479 -10.8602
-0.658479 0.193559 0.727283 190.405 0.193559 0.97741 -0.0848803 -17.1029 -0.727283 0.0848803 -0.681069 -11.6471
-0.639529 0.189619 0.745015 191.27 0.189619 0.97807 -0.0861644 -17.255 -0.745015 0.0861644 -0.661459 -12.3771
-0.619918 0.181221 0.763453 192.129 0.181221 0.979727 -0.0854076 -17.3548 -0.763453 0.0854076 -0.640192 -13.0953
-0.599892 0.178459 0.779924 193.022 0.178459 0.980094 -0.0869961 -17.488 -0.779924 0.0869961 -0.619798 -13.7766
-0.579455 0.170028 0.797071 193.948 0.170028 0.981696 -0.0858046 -17.6035 -0.797071 0.0858046 -0.597759 -14.4479
-0.557664 0.165019 0.813499 194.906 0.165019 0.982518 -0.086182 -17.7299 -0.813499 0.086182 -0.575146 -15.111
-0.537208 0.15881 0.828364 195.922 0.15881 0.983593 -0.0855788 -17.8678 -0.828364 0.0855788 -0.553615 -15.7052
-0.511522 0.139806 0.84782 196.933 0.139806 0.987069 -0.0784178 -17.9871 -0.84782 0.0784178 -0.524453 -16.3679
-0.486768 0.140762 0.862115 198.565 0.140762 0.986673 -0.0816221 -18.2095 -0.862115 0.0816221 -0.500095 -17.2526
-0.458398 0.138991 0.877811 200.008 0.138991 0.986754 -0.0836589 -18.3197 -0.877811 0.0836589 -0.471645 -18.1179
-0.430667 0.128119 0.893371 201.296 0.128119 0.988527 -0.0800032 -18.4729 -0.893371 0.0800032 -0.44214 -18.7333
-0.401925 0.128453 0.906618 202.799 0.128453 0.98823 -0.0830701 -18.6227 -0.906618 0.0830701 -0.413694 -19.3112
-0.366661 0.0955312 0.925437 204.004 0.0955312 0.993322 -0.0646891 -18.7211 -0.925437 0.0646891 -0.373339 -20.0154
-0.275257 0.060209 0.959483 205.635 0.060209 0.997157 -0.0453003 -18.882 -0.959483 0.0453003 -0.278099 -20.7452
-0.275257 0.060209 0.959483 207.265 0.060209 0.997157 -0.0453003 -19.0429 -0.959483 0.0453003 -0.278099 -21.4751
-0.294022 0.0722006 0.953068 208.544 0.0722006 0.995972 -0.0531769 -19.7407 -0.953068 0.0531769 -0.29805 -20.1557
-0.200358 0.0538856 0.97824 210.489 0.0538856 0.997581 -0.0439145 -19.7081 -0.97824 0.0439145 -0.202777 -21.0081
-0.200358 0.0538856 0.97824 212.434 0.0538856 0.997581 -0.0439145 -19.6756 -0.97824 0.0439145 -0.202777 -21.8606
-0.195206 0.0603032 0.978907 213.493 0.0603032 0.996957 -0.04939 -20.067 -0.978907 0.04939 -0.198249 -20.908
-0.15825 0.0536479 0.985941 214.759 0.0536479 0.997515 -0.0456669 -20.1518 -0.985941 0.0456669 -0.160734 -21.1676
-0.122207 0.0485895 0.991314 216.015 0.0485895 0.997896 -0.0429221 -20.1966 -0.991314 0.0429221 -0.124311 -21.2493
-0.0895517 0.0456378 0.994936 217.21 0.0456378 0.998088 -0.0416746 -20.2716 -0.994936 0.0416746 -0.0914633 -21.3099
-0.0526018 0.044931 0.997604 218.328 0.044931 0.998082 -0.0425834 -20.3271 -0.997604 0.0425834 -0.0545197 -21.3366
-0.0191449 0.0431897 0.998883 219.461 0.0431897 0.99817 -0.042331 -20.3802 -0.998883 0.042331 -0.0209752 -21.3886
0.0132653 0.0429935 0.998987 220.602 0.0429935 0.998127 -0.0435274 -20.4553 -0.998987 0.0435274 0.011392 -21.3056
0.0473956 0.0413911 0.998018 222.088 0.0413911 0.998202 -0.0433643 -20.5387 -0.998018 0.0433643 0.0455971 -21.2598
0.080342 0.0373218 0.996068 223.703 0.0373218 0.998485 -0.0404227 -20.637 -0.996068 0.0404227 0.0788274 -21.1174
0.113015 0.0344465 0.992996 225.044 0.0344465 0.998662 -0.0385636 -20.6998 -0.992996 0.0385636 0.111678 -20.9668
0.142343 0.030609 0.989344 226.318 0.030609 0.998908 -0.0353088 -20.7693 -0.989344 0.0353088 0.14125 -20.7618
0.171236 0.027054 0.984859 227.57 0.027054 0.999117 -0.0321495 -20.8234 -0.984859 0.0321495 0.170353 -20.496
0.201732 0.0233452 0.979163 228.8 0.0233452 0.999317 -0.0286354 -20.8805 -0.979163 0.0286354 0.201049 -20.2485
0.230602 0.0193197 0.972856 230.036 0.0193197 0.999515 -0.0244285 -20.917 -0.972856 0.0244285 0.230117 -19.9038
0.260228 0.0154727 0.965423 231.258 0.0154727 0.999676 -0.0201923 -20.9664 -0.965423 0.0201923 0.259904 -19.5621
0.289771 0.0119549 0.957021 232.416 0.0119549 0.999799 -0.016109 -20.9976 -0.957021 0.016109 0.28957 -19.1859
0.318937 0.00552574 0.94776 233.583 0.00552574 0.999955 -0.00768956 -21.0403 -0.94776 0.00768956 0.318893 -18.764
0.347056 0.00563023 0.937827 234.706 0.00563023 0.999951 -0.00808673 -21.0632 -0.937827 0.00808673 0.347008 -18.3237
0.375226 0.00321479 0.926928 235.801 0.00321479 0.999983 -0.00476952 -21.0832 -0.926928 0.00476952 0.375209 -17.8649
0.401814 0.000431912 0.915721 236.883 0.000431912 1 -0.000661184 -21.087 -0.915721 0.000661184 0.401814 -17.2899
0.431347 -0.000227259 0.902186 237.956 -0.000227259 1 0.000360555 -21.1099 -0.902186 -0.000360555 0.431347 -16.8268
0.45872 -0.00234054 0.888578 238.997 -0.00234054 0.99999 0.00384229 -21.1083 -0.888578 -0.00384229 0.45871 -16.2351
0.487148 -0.0034687 0.873313 240.068 -0.0034687 0.999977 0.00590669 -21.1235 -0.873313 -0.00590669 0.487125 -15.6651
0.512807 -0.00584518 0.858484 241.17 -0.00584518 0.99993 0.0102998 -21.127 -0.858484 -0.0102998 0.512737 -14.9477
0.538091 -0.00539087 0.842869 242.204 -0.00539087 0.999937 0.00983701 -21.0998 -0.842869 -0.00983701 0.538028 -14.2841
0.562246 -0.00631912 0.826946 243.177 -0.00631912 0.999909 0.0119372 -21.0995 -0.826946 -0.0119372 0.562155 -13.631
0.582527 -0.00615776 0.812788 244.084 -0.00615776 0.999909 0.0119887 -21.0944 -0.812788 -0.0119887 0.582436 -12.9418
0.602371 -0.00651524 0.798189 245.001 -0.00651524 0.999893 0.0130785 -21.0808 -0.798189 -0.0130785 0.602265 -12.2388
0.621513 -0.00728845 0.78337 245.902 -0.00728845 0.99986 0.0150852 -21.0686 -0.78337 -0.0150852 0.621373 -11.5331
0.637583 -0.00760933 0.770344 246.803 -0.00760933 0.99984 0.0161742 -21.0558 -0.770344 -0.0161742 0.637423 -10.7536
0.654059 -0.00933025 0.756386 247.683 -0.00933025 0.999748 0.0204002 -21.0448 -0.756386 -0.0204002 0.653808 -9.97396
0.669057 -0.00997638 0.743144 248.573 -0.00997638 0.999699 0.0224023 -21.0268 -0.743144 -0.0224023 0.668756 -9.14302
0.684554 -0.00996754 0.728894 249.451 -0.00996754 0.999685 0.0230318 -21.0068 -0.728894 -0.0230318 0.684239 -8.32987
0.698677 -0.0101367 0.715366 250.276 -0.0101367 0.999659 0.0240654 -20.9887 -0.715366 -0.0240654 0.698336 -7.47614
0.713373 -0.0104098 0.700708 251.111 -0.0104098 0.999622 0.0254484 -20.965 -0.700708 -0.0254484 0.712995 -6.6113
0.727441 -0.0111978 0.686079 251.923 -0.0111978 0.99954 0.0281869 -20.9325 -0.686079 -0.0281869 0.726981 -5.73494
0.741103 -0.0113391 0.671296 252.729 -0.0113391 0.999503 0.0294013 -20.898 -0.671296 -0.0294013 0.740606 -4.80474
0.755204 -0.0112743 0.655393 253.59 -0.0112743 0.999481 0.0301848 -20.8639 -0.655393 -0.0301848 0.754685 -3.82015
0.767209 -0.0105987 0.64131 254.36 -0.0105987 0.999517 0.0291981 -20.8463 -0.64131 -0.0291981 0.766726 -2.87784
0.779066 -0.0106934 0.62685 255.103 -0.0106934 0.999482 0.0303402 -20.8281 -0.62685 -0.0303402 0.778549 -1.95149
0.790106 -0.0112548 0.612866 255.978 -0.0112548 0.999397 0.0328628 -20.7886 -0.612866 -0.0328628 0.789503 -0.81248
0.801286 -0.0122368 0.598156 256.73 -0.0122368 0.999246 0.0368343 -20.763 -0.598156 -0.0368343 0.800533 0.206679
0.811401 -0.0118668 0.584369 257.443 -0.0118668 0.999253 0.0367689 -20.7167 -0.584369 -0.0367689 0.810655 1.19521
0.82083 -0.0122554 0.571042 258.123 -0.0122554 0.999162 0.0390597 -20.6766 -0.571042 -0.0390597 0.819991 2.19157
0.828989 -0.0124271 0.559127 258.795 -0.0124271 0.999097 0.040631 -20.6377 -0.559127 -0.040631 0.828086 3.21993
0.836782 -0.0129061 0.547384 259.446 -0.0129061 0.998979 0.0432831 -20.5904 -0.547384 -0.0432831 0.835762 4.23266
0.843517 -0.0123812 0.53696 259.951 -0.0123812 0.99902 0.0424852 -20.5646 -0.53696 -0.0424852 0.842537 5.00306
0.849208 -0.0126369 0.527907 260.454 -0.0126369 0.998941 0.0442406 -20.5316 -0.527907 -0.0442406 0.848149 5.81347
0.853141 -0.0128765 0.521521 261.043 -0.0128765 0.998871 0.0457266 -20.4607 -0.521521 -0.0457266 0.852012 6.78642
0.855771 -0.0134162 0.517181 261.756 -0.0134162 0.998752 0.0481083 -20.3993 -0.517181 -0.0481083 0.854523 8.04293
0.857608 -0.0130755 0.514137 262.331 -0.0130755 0.998799 0.0472121 -20.3619 -0.514137 -0.0472121 0.856408 9.02532
0.861044 -0.0131105 0.508361 262.975 -0.0131105 0.998763 0.0479638 -20.3253 -0.508361 -0.0479638 0.859807 10.0349
0.863175 -0.013781 0.504718 263.747 -0.013781 0.998612 0.050835 -20.2505 -0.504718 -0.050835 0.861787 11.3939
0.865202 -0.0139501 0.501229 264.546 -0.0139501 0.998556 0.0518718 -20.1852 -0.501229 -0.0518718 0.863758 12.7848
0.866929 -0.0139559 0.498235 265.269 -0.0139559 0.998536 0.052253 -20.1224 -0.498235 -0.052253 0.865466 14.0786
0.869671 -0.0136835 0.493443 265.945 -0.0136835 0.998563 0.0518072 -20.0718 -0.493443 -0.0518072 0.868234 15.2162
0.87187 -0.0144869 0.489524 266.521 -0.0144869 0.998362 0.0553474 -20.0165 -0.489524 -0.0553474 0.870232 16.3028
0.874031 -0.0140911 0.485665 267.267 -0.0140911 0.998424 0.0543275 -19.9533 -0.485665 -0.0543275 0.872455 17.628
0.875511 -0.0135434 0.483008 267.838 -0.0135434 0.998527 0.0525477 -19.9006 -0.483008 -0.0525477 0.874038 18.6616
0.876734 -0.0136733 0.480781 268.444 -0.0136733 0.998483 0.0533308 -19.8503 -0.480781 -0.0533308 0.875217 19.8107
0.875099 -0.011902 0.483797 269.184 -0.011902 0.998866 0.0461019 -19.7696 -0.483797 -0.0461019 0.873965 21.0437
0.876865 -0.0125286 0.480573 269.752 -0.0125286 0.998725 0.0488968 -19.7306 -0.480573 -0.0488968 0.87559 22.1469
0.875746 -0.0114649 0.482636 270.304 -0.0114649 0.998942 0.0445329 -19.681 -0.482636 -0.0445329 0.874688 23.1915
0.876225 -0.0116469 0.481762 270.78 -0.0116469 0.998904 0.0453326 -19.6494 -0.481762 -0.0453326 0.875129 24.1597
0.876132 -0.010848 0.481949 271.258 -0.010848 0.99905 0.0422077 -19.6011 -0.481949 -0.0422077 0.875182 25.0504
0.877788 -0.0105107 0.478933 271.795 -0.0105107 0.999096 0.0411903 -19.5834 -0.478933 -0.0411903 0.876885 25.8422
0.876401 -0.010771 0.481462 272.204 -0.010771 0.999061 0.0419567 -19.6226 -0.481462 -0.0419567 0.875462 26.6843
