0.999998 -0.00177344 -7.05657e-005 -0.0365827 0.00177329 0.999996 -0.00206272 -0.00742462 7.42235e-005 0.00206259 0.999998 0.54657
0.999981 -0.00381264 -0.00482649 -0.0116833 0.00379658 0.999987 -0.00333371 -0.00610479 0.00483914 0.00331533 0.999983 0.568181
0.999956 0.000425948 -0.0094071 -0.000786769 -0.000468268 0.99999 -0.00449705 -0.00559916 0.00940509 0.00450126 0.999946 0.565357
0.999926 0.000283233 -0.0121556 -0.0271052 -0.000335802 0.999991 -0.00432286 -0.0114429 0.0121543 0.00432662 0.999917 0.567171
0.99982 -0.00225819 -0.0188259 -0.0202191 0.00215987 0.999984 -0.00524103 -0.00319119 0.0188374 0.00519943 0.999809 0.581578
0.999776 0.000940929 -0.0211275 -0.031578 -0.00107799 0.999978 -0.00647699 -0.00598153 0.0211209 0.00649832 0.999756 0.603452
0.999635 0.00568466 -0.0264043 -0.0139549 -0.00586249 0.999961 -0.0066623 -0.0103162 0.0263654 0.00681467 0.999629 0.60338
0.999505 0.00061588 -0.0314656 -0.0114977 -0.000788243 0.999985 -0.00546572 -0.00332499 0.0314618 0.00548782 0.99949 0.632197
0.999271 -0.00247293 -0.0380935 -0.0117569 0.00238614 0.999994 -0.00232351 -0.00860433 0.0380991 0.00223092 0.999271 0.639306
0.999164 0.00183033 -0.0408317 -0.0436045 -0.00184689 0.999998 -0.000367753 -0.00265297 0.0408309 0.000442857 0.999166 0.673952
0.998993 -0.000359147 -0.0448602 -0.00258001 0.000337875 1 -0.000481765 -0.00213688 0.0448604 0.000466123 0.998993 0.686287
0.999032 0.0052174 -0.0436845 -0.0615773 -0.00523121 0.999986 -0.00020192 -0.00804699 0.0436829 0.000430248 0.999045 0.675918
0.998921 -0.000180182 -0.0464518 -0.0362953 0.000125633 0.999999 -0.00117723 -0.00291431 0.046452 0.00117012 0.99892 0.68847
0.998723 -0.00696143 -0.0500293 -0.0294622 0.00694347 0.999976 -0.000532703 -0.00118396 0.0500318 0.000184646 0.998748 0.684791
0.998843 -0.00126819 -0.0480794 -0.0466238 0.001222 0.999999 -0.000990059 -0.00861674 0.0480806 0.00093016 0.998843 0.700438
0.998702 0.0036175 -0.0508085 -0.0444619 -0.00376429 0.999989 -0.00279368 -0.00970358 0.0507978 0.00298131 0.998705 0.69405
0.998825 0.00260541 -0.0483925 -0.0781391 -0.0028963 0.999978 -0.00594181 -0.00255313 0.0483759 0.00607499 0.998811 0.71311
0.998489 0.00672078 -0.05454 -0.00816472 -0.00712766 0.999948 -0.00726926 -0.0128924 0.0544883 0.00764702 0.998485 0.722038
0.998543 0.00662278 -0.0535535 -0.0766624 -0.00700018 0.999952 -0.00686261 -0.0119309 0.0535054 0.0072275 0.998541 0.711211
0.998427 -0.000590619 -0.0560556 -0.0189184 0.000272911 0.999984 -0.00567521 -0.00930591 0.0560581 0.00565099 0.998412 0.743835
0.998412 0.0028773 -0.0562637 -0.0422007 -0.00306364 0.99999 -0.00322588 -0.0170324 0.0562538 0.00339313 0.998411 0.755246
0.998413 -0.000890342 -0.0563105 -0.0683852 0.000660089 0.999991 -0.00410744 -0.00515871 0.0563136 0.00406376 0.998405 0.745136
0.998393 -0.000821224 -0.0566683 -0.0518822 0.000561682 0.999989 -0.00459578 -0.0115064 0.0566715 0.00455657 0.998382 0.747932
0.998323 -0.00543781 -0.0576364 -0.0512017 0.00511863 0.999971 -0.00568401 -0.0104975 0.0576657 0.00537946 0.998321 0.737143
0.9984 0.00120971 -0.0565317 -0.0479154 -0.00141805 0.999992 -0.00364548 -0.0143372 0.0565269 0.00371981 0.998394 0.741461
0.998306 -0.000593959 -0.0581805 -0.01922 0.000551293 1 -0.000749386 -0.00785219 0.058181 0.000716042 0.998306 0.737073
0.998493 0.00737845 -0.0543761 -0.0590869 -0.00719695 0.999968 0.00353288 -0.0163269 0.0544004 -0.00313622 0.998514 0.737943
0.998488 0.00134558 -0.0549468 -0.0316998 -0.0010077 0.99998 0.00617647 0.00490306 0.0549541 -0.00611176 0.99847 0.757689
0.998649 -0.0054289 -0.051675 -0.0786206 0.0057871 0.99996 0.00678472 -0.00378539 0.0516361 -0.0070746 0.998641 0.792819
0.998621 0.00329686 -0.0523972 -0.0147664 -0.00306416 0.999985 0.00452076 -0.00898921 0.0524113 -0.00435397 0.998616 0.783367
0.998678 0.0154939 -0.0490057 -0.0961195 -0.0155598 0.999878 -0.000963179 -0.00608714 0.0489848 0.00172443 0.998798 0.779813
0.998815 -0.000321093 -0.0486628 -0.0148367 0.000149306 0.999994 -0.00353376 -0.0100298 0.0486636 0.00352231 0.998809 0.774332
