1 5.3149e-007 -0.000628324 -0.00682717 5.3149e-007 0.999999 0.00169177 -0.0230669 0.000628324 -0.00169177 0.999998 1.36944
1 -2.11208e-007 0.000461964 -0.0390969 -2.11208e-007 1 0.000914391 -0.0225849 -0.000461964 -0.000914391 0.999999 2.79063
0.999999 -2.96823e-007 -0.00152756 -0.024597 -2.96823e-007 1 -0.000388622 -0.0396419 0.00152756 0.000388622 0.999999 4.25615
0.999998 -3.56468e-007 -0.00185235 -0.012338 -3.56468e-007 1 -0.000384882 -0.0593463 0.00185235 0.000384882 0.999998 5.70437
0.999997 5.19754e-007 -0.00237064 0.020802 5.19754e-007 1 0.000438493 -0.0755571 0.00237064 -0.000438493 0.999997 7.1297
0.999996 2.45047e-006 -0.00275535 0.0259002 2.45047e-006 0.999998 0.00177869 -0.101652 0.00275535 -0.00177869 0.999995 8.56058
0.999994 4.06585e-006 -0.00352729 0.0382491 4.06585e-006 0.999997 0.00230536 -0.119136 0.00352729 -0.00230536 0.999991 9.9428
0.999977 2.00062e-006 -0.00675455 0.0860472 2.00062e-006 1 0.000592372 -0.13066 0.00675455 -0.000592372 0.999977 11.0237
0.999977 -4.47568e-006 -0.00677191 0.0952898 -4.47568e-006 0.999999 -0.00132182 -0.153429 0.00677191 0.00132182 0.999976 12.1555
0.999979 -7.63512e-006 -0.00645627 0.076117 -7.63512e-006 0.999997 -0.00236515 -0.172263 0.00645627 0.00236515 0.999976 13.3372
0.999991 -6.06042e-006 -0.00424046 0.025099 -6.06042e-006 0.999996 -0.00285836 -0.188793 0.00424046 0.00285836 0.999987 14.5681
0.999991 -3.99549e-006 -0.00434438 0.00747401 -3.99549e-006 0.999998 -0.00183938 -0.214709 0.00434438 0.00183938 0.999989 15.8497
0.999986 3.36629e-006 -0.00523095 0.0125439 3.36629e-006 0.999999 0.00128706 -0.241679 0.00523095 -0.00128706 0.999985 17.1815
0.99999 7.28654e-006 -0.00451024 -0.0119401 7.28654e-006 0.999995 0.00323108 -0.264791 0.00451024 -0.00323108 0.999985 18.5631
0.999988 1.92927e-006 -0.00480317 -0.0341541 1.92927e-006 1 0.000803327 -0.284509 0.00480317 -0.000803327 0.999988 19.9948
0.999989 -2.08449e-006 -0.00465169 -0.0572893 -2.08449e-006 1 -0.000896226 -0.313424 0.00465169 0.000896226 0.999989 21.4386
0.999991 -5.06629e-006 -0.00428858 -0.0627763 -5.06629e-006 0.999997 -0.00236267 -0.340504 0.00428858 0.00236267 0.999988 22.8708
0.999996 -1.20701e-007 -0.00276474 -0.0977673 -1.20701e-007 1 -8.73145e-005 -0.363071 0.00276474 8.73145e-005 0.999996 24.2619
1 1.53186e-006 -0.000767913 -0.145739 1.53186e-006 0.999992 0.00398965 -0.393357 0.000767913 -0.00398965 0.999992 25.6848
1 1.32725e-006 -0.00047224 -0.149714 1.32725e-006 0.999984 0.00562103 -0.402497 0.00047224 -0.00562103 0.999984 27.1423
1 7.85433e-007 -0.000423679 -0.13908 7.85433e-007 0.999993 0.00370767 -0.420442 0.000423679 -0.00370767 0.999993 28.6412
1 9.25758e-007 -0.00081224 -0.13862 9.25758e-007 0.999997 0.00227952 -0.452704 0.00081224 -0.00227952 0.999997 30.1623
0.999996 -1.09388e-006 -0.00282026 -0.101574 -1.09388e-006 1 -0.000775729 -0.469147 0.00282026 0.000775729 0.999996 31.6644
1 -3.66171e-007 -0.000512503 -0.139022 -3.66171e-007 0.999999 -0.00142895 -0.493408 0.000512503 0.00142895 0.999999 33.1155
0.999989 -9.75819e-006 -0.00460398 -0.17585 -9.75819e-006 0.999991 -0.00423898 -0.485524 0.00460398 0.00423898 0.99998 34.4955
0.999996 -4.28386e-006 -0.00291971 -0.212532 -4.28386e-006 0.999996 -0.00293443 -0.524842 0.00291971 0.00293443 0.999991 35.9066
0.999991 -2.72544e-006 -0.00416655 -0.210381 -2.72544e-006 0.999999 -0.00130824 -0.556095 0.00416655 0.00130824 0.99999 37.3551
0.999998 9.55236e-007 -0.0020596 -0.275724 9.55236e-007 1 0.000927591 -0.602195 0.0020596 -0.000927591 0.999997 38.8369
1 -4.90905e-007 0.000757032 -0.339119 -4.90905e-007 0.999999 0.00129692 -0.633495 -0.000757032 -0.00129692 0.999999 40.3289
0.999994 7.18774e-007 -0.00355044 -0.241268 7.18774e-007 1 0.000404891 -0.65843 0.00355044 -0.000404891 0.999994 41.8149
0.999989 1.40803e-006 -0.00465145 -0.24931 1.40803e-006 1 0.000605411 -0.6802 0.00465145 -0.000605411 0.999989 43.3087
0.999989 1.40803e-006 -0.00465145 -0.257352 1.40803e-006 1 0.000605411 -0.70197 0.00465145 -0.000605411 0.999989 44.8026
0.999994 1.11274e-007 -0.00345366 -0.296276 1.11274e-007 1 6.44378e-005 -0.720291 0.00345366 -6.44378e-005 0.999994 46.3285
0.999992 -9.36811e-007 -0.00389262 -0.314503 -9.36811e-007 1 -0.000481325 -0.743695 0.00389262 0.000481325 0.999992 47.8426
0.999979 3.64646e-007 -0.00654435 -0.299642 3.64646e-007 1 0.000111437 -0.781134 0.00654435 -0.000111437 0.999979 49.3807
0.999967 5.76378e-006 -0.00816524 -0.310618 5.76378e-006 0.999999 0.00141176 -0.807205 0.00816524 -0.00141176 0.999966 50.945
0.999951 9.13561e-006 -0.00990369 -0.320032 9.13561e-006 0.999998 0.00184484 -0.855801 0.00990369 -0.00184484 0.999949 52.5665
0.999908 1.63989e-005 -0.0135875 -0.304769 1.63989e-005 0.999997 0.00241371 -0.882022 0.0135875 -0.00241371 0.999905 54.227
0.999927 2.40042e-005 -0.0120672 -0.385677 2.40042e-005 0.999992 0.00397827 -0.920901 0.0120672 -0.00397827 0.999919 55.8311
0.999945 2.56249e-005 -0.0105078 -0.44974 2.56249e-005 0.999988 0.00487717 -0.936447 0.0105078 -0.00487717 0.999933 57.4222
0.999945 2.56249e-005 -0.0105078 -0.513802 2.56249e-005 0.999988 0.00487717 -0.951993 0.0105078 -0.00487717 0.999933 59.0133
0.999945 2.56038e-005 -0.010505 -0.569522 2.56038e-005 0.999988 0.00487441 -0.976108 0.010505 -0.00487441 0.999933 60.536
0.999939 3.19522e-005 -0.0110268 -0.581722 3.19522e-005 0.999983 0.00579515 -1.00545 0.0110268 -0.00579515 0.999922 62.1096
0.999953 3.00979e-005 -0.00969835 -0.63134 3.00979e-005 0.999981 0.0062066 -1.0186 0.00969835 -0.0062066 0.999934 63.7327
0.999953 3.32402e-005 -0.00971002 -0.662145 3.32402e-005 0.999977 0.00684633 -1.05572 0.00971002 -0.00684633 0.999929 65.3227
0.999968 2.5359e-005 -0.00804173 -0.700752 2.5359e-005 0.99998 0.0063067 -1.07487 0.00804173 -0.0063067 0.999948 66.9004
0.999951 2.49662e-005 -0.00992032 -0.680291 2.49662e-005 0.999987 0.00503319 -1.08402 0.00992032 -0.00503319 0.999938 68.5286
0.999959 1.97866e-005 -0.00906108 -0.698119 1.97866e-005 0.99999 0.00436728 -1.12321 0.00906108 -0.00436728 0.999949 70.1322
0.999956 1.95188e-005 -0.00937418 -0.702918 1.95188e-005 0.999991 0.00416427 -1.15063 0.00937418 -0.00416427 0.999947 71.7468
0.99995 2.62391e-005 -0.00995298 -0.707377 2.62391e-005 0.999986 0.00527244 -1.17433 0.00995298 -0.00527244 0.999937 73.3252
0.999975 2.40163e-005 -0.00712558 -0.705483 2.40163e-005 0.999977 0.00674072 -1.19475 0.00712558 -0.00674072 0.999952 74.1183
0.999985 1.87047e-005 -0.00552971 -0.76322 1.87047e-005 0.999977 0.00676503 -1.21454 0.00552971 -0.00676503 0.999962 74.9595
0.999993 1.17229e-005 -0.00385544 -0.79725 1.17229e-005 0.999982 0.00608115 -1.22332 0.00385544 -0.00608115 0.999974 75.585
0.999993 1.17229e-005 -0.00385544 -0.831279 1.17229e-005 0.999982 0.00608115 -1.2321 0.00385544 -0.00608115 0.999974 76.2104
0.999982 1.63196e-005 -0.00596069 -0.828714 1.63196e-005 0.999985 0.00547566 -1.24428 0.00596069 -0.00547566 0.999967 77.3701
0.999978 1.91996e-005 -0.00664564 -0.842591 1.91996e-005 0.999983 0.00577798 -1.25191 0.00664564 -0.00577798 0.999961 78.5798
0.999992 9.02117e-006 -0.00405623 -0.944414 9.02117e-006 0.99999 0.00444802 -1.26901 0.00405623 -0.00444802 0.999982 79.8353
0.999998 2.52702e-006 -0.00185386 -1.08128 2.52702e-006 0.999996 0.00272622 -1.27638 0.00185386 -0.00272622 0.999995 81.1403
0.99999 5.47703e-006 -0.00444907 -1.05699 5.47703e-006 0.999997 0.00246208 -1.29225 0.00444907 -0.00246208 0.999987 82.5022
0.99999 5.47703e-006 -0.00444907 -1.0327 5.47703e-006 0.999997 0.00246208 -1.30812 0.00444907 -0.00246208 0.999987 83.8641
0.999986 5.11444e-006 -0.00528538 -1.04563 5.11444e-006 0.999998 0.0019353 -1.32763 0.00528538 -0.0019353 0.999984 85.3001
0.999979 8.37627e-006 -0.00655566 -1.0351 8.37627e-006 0.999997 0.0025554 -1.3667 0.00655566 -0.0025554 0.999975 86.7858
0.999963 1.517e-005 -0.00861611 -1.05739 1.517e-005 0.999994 0.00352123 -1.39063 0.00861611 -0.00352123 0.999957 88.3216
0.999955 2.09185e-005 -0.00952456 -1.07694 2.09185e-005 0.99999 0.00439242 -1.40656 0.00952456 -0.00439242 0.999945 89.9076
0.999952 2.36353e-005 -0.00980117 -1.14431 2.36353e-005 0.999988 0.0048228 -1.43261 0.00980117 -0.0048228 0.99994 91.4953
0.999926 2.40852e-005 -0.0121891 -1.156 2.40852e-005 0.999992 0.00395177 -1.44959 0.0121891 -0.00395177 0.999918 93.0744
0.999926 2.40852e-005 -0.0121891 -1.16769 2.40852e-005 0.999992 0.00395177 -1.46657 0.0121891 -0.00395177 0.999918 94.6536
0.99989 2.32993e-005 -0.0148038 -1.1489 2.32993e-005 0.999995 0.00314757 -1.48212 0.0148038 -0.00314757 0.999885 96.297
0.999911 1.9549e-005 -0.0133239 -1.21638 1.9549e-005 0.999996 0.00293429 -1.51166 0.0133239 -0.00293429 0.999907 97.8545
0.999904 1.63029e-005 -0.01385 -1.23989 1.63029e-005 0.999997 0.00235409 -1.53388 0.01385 -0.00235409 0.999901 99.3888
0.999874 9.3732e-006 -0.0158709 -1.21583 9.3732e-006 0.999999 0.0011811 -1.54825 0.0158709 -0.0011811 0.999873 100.907
0.999894 1.31092e-005 -0.0145462 -1.26976 1.31092e-005 0.999998 0.00180232 -1.5795 0.0145462 -0.00180232 0.999893 102.425
0.999902 2.2921e-005 -0.0139934 -1.30645 2.2921e-005 0.999995 0.00327581 -1.60736 0.0139934 -0.00327581 0.999897 103.916
0.999913 3.06538e-005 -0.0131601 -1.33696 3.06538e-005 0.999989 0.00465837 -1.631 0.0131601 -0.00465837 0.999903 105.378
0.999922 1.77634e-005 -0.0124812 -1.3711 1.77634e-005 0.999996 0.0028463 -1.64751 0.0124812 -0.0028463 0.999918 106.828
0.99992 4.97074e-006 -0.0126613 -1.39085 4.97074e-006 1 0.000785157 -1.67562 0.0126613 -0.000785157 0.99992 108.291
0.999943 -1.60193e-006 -0.0106304 -1.45767 -1.60193e-006 1 -0.000301377 -1.70395 0.0106304 0.000301377 0.999943 109.76
0.999945 5.44447e-006 -0.0104441 -1.48361 5.44447e-006 0.999999 0.00104256 -1.73214 0.0104441 -0.00104256 0.999945 111.236
0.99995 1.58651e-005 -0.00997324 -1.51192 1.58651e-005 0.999995 0.00318144 -1.76903 0.00997324 -0.00318144 0.999945 112.713
0.999946 2.12157e-005 -0.0104033 -1.50732 2.12157e-005 0.999992 0.00407851 -1.80359 0.0104033 -0.00407851 0.999938 114.21
0.999951 1.31013e-005 -0.00991358 -1.54134 1.31013e-005 0.999997 0.00264303 -1.82379 0.00991358 -0.00264303 0.999947 115.646
0.999964 8.9372e-007 -0.00846729 -1.58147 8.9372e-007 1 0.000211096 -1.84379 0.00846729 -0.000211096 0.999964 117.125
0.999981 -5.58488e-006 -0.0061528 -1.62228 -5.58488e-006 0.999998 -0.00181537 -1.87029 0.0061528 0.00181537 0.999979 118.639
0.999988 -3.53857e-006 -0.00480132 -1.64729 -3.53857e-006 0.999999 -0.00147399 -1.90364 0.00480132 0.00147399 0.999987 120.098
0.999991 6.76793e-007 -0.0042065 -1.65074 6.76793e-007 1 0.000321783 -1.93102 0.0042065 -0.000321783 0.999991 121.466
0.999997 2.85537e-006 -0.00239227 -1.6811 2.85537e-006 0.999997 0.00238716 -1.95548 0.00239227 -0.00238716 0.999994 122.883
0.999998 2.94375e-006 -0.00207149 -1.68524 2.94375e-006 0.999996 0.00284215 -1.97409 0.00207149 -0.00284215 0.999994 124.359
0.999994 3.43537e-006 -0.00344306 -1.64778 3.43537e-006 0.999998 0.00199552 -1.99535 0.00344306 -0.00199552 0.999992 125.848
0.999999 7.79579e-007 -0.00105464 -1.6321 7.79579e-007 0.999999 0.00147837 -1.99198 0.00105464 -0.00147837 0.999998 127.359
0.999997 1.1923e-006 -0.00228379 -1.60324 1.1923e-006 0.999999 0.00104414 -2.01589 0.00228379 -0.00104414 0.999997 128.863
0.999999 -1.20313e-007 -0.00148492 -1.61529 -1.20313e-007 1 -0.000162047 -2.04486 0.00148492 0.000162047 0.999999 130.365
1 -2.83676e-007 -0.000819513 -1.62482 -2.83676e-007 1 -0.000692304 -2.07525 0.000819513 0.000692304 0.999999 131.808
0.999999 -5.19023e-007 -0.00111735 -1.59695 -5.19023e-007 1 -0.000929026 -2.10443 0.00111735 0.000929026 0.999999 133.199
1 0 0 -1.61285 0 1 0 -2.13615 0 0 1 134.598
0.999993 -1.62915e-006 0.00363532 -1.65695 -1.62915e-006 1 0.000896286 -2.163 -0.00363532 -0.000896286 0.999993 136.025
0.99999 -2.06207e-006 0.00440903 -1.67004 -2.06207e-006 1 0.000935378 -2.17805 -0.00440903 -0.000935378 0.99999 137.505
0.99999 -2.45362e-006 0.00448117 -1.65363 -2.45362e-006 0.999999 0.00109508 -2.21227 -0.00448117 -0.00109508 0.999989 138.96
0.999987 -4.82818e-006 0.00509998 -1.65627 -4.82818e-006 0.999998 0.0018934 -2.2465 -0.00509998 -0.0018934 0.999985 140.421
0.999987 -4.3113e-006 0.00510804 -1.66128 -4.3113e-006 0.999999 0.00168803 -2.27539 -0.00510804 -0.00168803 0.999986 141.887
0.999994 -3.20445e-006 0.00356258 -1.66143 -3.20445e-006 0.999998 0.00179894 -2.30045 -0.00356258 -0.00179894 0.999992 143.385
0.999998 -2.68595e-006 0.00191032 -1.6441 -2.68595e-006 0.999996 0.00281203 -2.33193 -0.00191032 -0.00281203 0.999994 144.862
0.999999 -1.47416e-006 0.00113859 -1.65287 -1.47416e-006 0.999997 0.00258945 -2.34949 -0.00113859 -0.00258945 0.999996 146.35
1 -7.91837e-007 0.000766421 -1.67603 -7.91837e-007 0.999998 0.00206632 -2.36244 -0.000766421 -0.00206632 0.999998 147.874
1 3.72978e-008 -7.70317e-005 -1.68783 3.72978e-008 1 0.000968375 -2.37881 7.70317e-005 -0.000968375 1 149.4
0.999999 3.83852e-007 -0.0010511 -1.69743 3.83852e-007 1 0.000730383 -2.405 0.0010511 -0.000730383 0.999999 150.939
0.999994 -3.58364e-006 -0.00355425 -1.67564 -3.58364e-006 0.999998 -0.00201653 -2.42191 0.00355425 0.00201653 0.999992 152.461
0.999983 -5.70584e-006 -0.00575179 -1.66014 -5.70584e-006 0.999998 -0.00198401 -2.4633 0.00575179 0.00198401 0.999981 153.924
0.999976 1.83606e-006 -0.00686969 -1.66404 1.83606e-006 1 0.000534532 -2.49294 0.00686969 -0.000534532 0.999976 155.402
0.999955 7.68678e-006 -0.00944272 -1.64023 7.68678e-006 0.999999 0.00162805 -2.51057 0.00944272 -0.00162805 0.999954 156.902
0.999955 -8.77148e-006 -0.00946367 -1.69842 -8.77148e-006 0.999998 -0.00185367 -2.53435 0.00946367 0.00185367 0.999954 158.42
0.999963 -1.98161e-005 -0.00859128 -1.73357 -1.98161e-005 0.999989 -0.00461297 -2.56956 0.00859128 0.00461297 0.999952 159.931
0.999972 -2.42942e-005 -0.00742811 -1.75109 -2.42942e-005 0.999979 -0.00654098 -2.6081 0.00742811 0.00654098 0.999951 161.409
0.999958 -3.06825e-005 -0.00916844 -1.73924 -3.06825e-005 0.999978 -0.00669284 -2.63902 0.00916844 0.00669284 0.999936 162.908
0.999965 -1.33879e-005 -0.00832011 -1.73818 -1.33879e-005 0.999995 -0.00321814 -2.67047 0.00832011 0.00321814 0.99996 164.358
0.999966 -1.44668e-006 -0.00819738 -1.76035 -1.44668e-006 1 -0.000352955 -2.70084 0.00819738 0.000352955 0.999966 165.783
0.999964 6.07189e-006 -0.00852617 -1.79867 6.07189e-006 0.999999 0.00142427 -2.73249 0.00852617 -0.00142427 0.999963 167.257
0.999955 3.47468e-006 -0.0094698 -1.7947 3.47468e-006 1 0.000733829 -2.748 0.0094698 -0.000733829 0.999955 168.704
0.999931 4.78238e-006 -0.011726 -1.76032 4.78238e-006 1 0.000815662 -2.76275 0.011726 -0.000815662 0.999931 170.134
0.999945 1.03508e-006 -0.0105164 -1.80181 1.03508e-006 1 0.000196846 -2.78932 0.0105164 -0.000196846 0.999945 171.593
0.999942 -1.10874e-005 -0.0107831 -1.81678 -1.10874e-005 0.999998 -0.00205637 -2.80434 0.0107831 0.00205637 0.99994 173.053
0.999915 -1.80926e-005 -0.0130418 -1.79444 -1.80926e-005 0.999996 -0.00277443 -2.83501 0.0130418 0.00277443 0.999911 174.512
0.999926 -1.09076e-005 -0.0122009 -1.81997 -1.09076e-005 0.999998 -0.00178793 -2.85039 0.0122009 0.00178793 0.999924 175.994
0.999938 -1.11908e-005 -0.0111315 -1.86541 -1.11908e-005 0.999998 -0.00201058 -2.87993 0.0111315 0.00201058 0.999936 177.453
0.999891 -3.68763e-005 -0.0147954 -1.81561 -3.68763e-005 0.999988 -0.00498454 -2.90499 0.0147954 0.00498454 0.999878 178.841
0.999802 -8.7821e-005 -0.0198774 -1.70195 -8.7821e-005 0.999961 -0.00883521 -2.95026 0.0198774 0.00883521 0.999763 180.097
0.999802 -8.7821e-005 -0.0198774 -1.58829 -8.7821e-005 0.999961 -0.00883521 -2.99553 0.0198774 0.00883521 0.999763 181.353
0.999827 -5.75222e-005 -0.0185968 -1.61929 -5.75222e-005 0.999981 -0.00618567 -3.01671 0.0185968 0.00618567 0.999808 182.592
0.999827 -5.75222e-005 -0.0185968 -1.65029 -5.75222e-005 0.999981 -0.00618567 -3.03788 0.0185968 0.00618567 0.999808 183.831
0.999827 -3.59136e-005 -0.0185739 -1.7143 -3.59136e-005 0.999993 -0.00386675 -3.06859 0.0185739 0.00386675 0.99982 185.22
0.999781 -3.61519e-005 -0.0209072 -1.79599 -3.61519e-005 0.999994 -0.00345792 -3.09945 0.0209072 0.00345792 0.999775 186.598
0.999737 -4.04153e-005 -0.0229239 -1.83117 -4.04153e-005 0.999994 -0.00352557 -3.12483 0.0229239 0.00352557 0.999731 188.029
0.999606 -0.000116365 -0.0280808 -1.83954 -0.000116365 0.999966 -0.00828613 -3.15133 0.0280808 0.00828613 0.999571 189.509
0.999464 -0.000226418 -0.0327211 -1.86178 -0.000226418 0.999904 -0.0138349 -3.18685 0.0327211 0.0138349 0.999369 190.927
0.999464 -0.000226418 -0.0327211 -1.88401 -0.000226418 0.999904 -0.0138349 -3.22237 0.0327211 0.0138349 0.999369 192.346
0.999472 -0.000206025 -0.0325014 -1.9517 -0.000206025 0.99992 -0.0126741 -3.26618 0.0325014 0.0126741 0.999391 193.811
0.999538 -0.000102608 -0.0303809 -2.07969 -0.000102608 0.999977 -0.00675312 -3.3087 0.0303809 0.00675312 0.999516 195.273
0.999538 -0.000102608 -0.0303809 -2.20769 -0.000102608 0.999977 -0.00675312 -3.35122 0.0303809 0.00675312 0.999516 196.734
0.999523 -9.40186e-005 -0.030895 -2.25808 -9.40186e-005 0.999981 -0.00608482 -3.39327 0.030895 0.00608482 0.999504 198.231
0.999545 -8.24896e-005 -0.0301676 -2.35686 -8.24896e-005 0.999985 -0.00546748 -3.42963 0.0301676 0.00546748 0.99953 199.785
0.999581 -7.07274e-005 -0.028945 -2.44174 -7.07274e-005 0.999988 -0.00488597 -3.46981 0.028945 0.00488597 0.999569 201.374
0.999603 -6.74741e-005 -0.0281643 -2.50773 -6.74741e-005 0.999989 -0.00479048 -3.5075 0.0281643 0.00479048 0.999592 202.994
0.999622 -5.23612e-005 -0.027488 -2.5604 -5.23612e-005 0.999993 -0.00380902 -3.53967 0.027488 0.00380902 0.999615 204.616
0.999648 -3.06146e-005 -0.0265273 -2.62306 -3.06146e-005 0.999997 -0.00230774 -3.57159 0.0265273 0.00230774 0.999645 206.254
0.99968 -1.53016e-005 -0.0253134 -2.6946 -1.53016e-005 0.999999 -0.00120878 -3.63235 0.0253134 0.00120878 0.999679 207.883
0.999695 -6.89668e-005 -0.0247072 -2.75165 -6.89668e-005 0.999984 -0.00558184 -3.66321 0.0247072 0.00558184 0.999679 209.54
0.99971 -0.000126907 -0.0241005 -2.80514 -0.000126907 0.999945 -0.0105297 -3.70212 0.0241005 0.0105297 0.999654 211.086
0.999732 -0.000118268 -0.0231451 -2.85993 -0.000118268 0.999948 -0.0102181 -3.74232 0.0231451 0.0102181 0.99968 212.625
0.999755 -6.66105e-005 -0.0221151 -2.91412 -6.66105e-005 0.999982 -0.00602319 -3.78428 0.0221151 0.00602319 0.999737 214.163
0.999767 -4.01669e-005 -0.0215769 -2.95362 -4.01669e-005 0.999993 -0.00372269 -3.81595 0.0215769 0.00372269 0.99976 215.687
0.999732 -3.42622e-005 -0.0231312 -2.97691 -3.42622e-005 0.999996 -0.00296202 -3.8512 0.0231312 0.00296202 0.999728 217.229
0.999694 -4.06592e-005 -0.0247347 -3.0104 -4.06592e-005 0.999995 -0.00328712 -3.87903 0.0247347 0.00328712 0.999689 218.795
0.999673 -5.36214e-005 -0.0255878 -3.05729 -5.36214e-005 0.999991 -0.00419046 -3.9052 0.0255878 0.00419046 0.999664 220.391
0.999658 -6.18951e-005 -0.0261582 -3.11483 -6.18951e-005 0.999989 -0.00473153 -3.93917 0.0261582 0.00473153 0.999647 222.009
0.999604 -7.0351e-005 -0.0281336 -3.13979 -7.0351e-005 0.999987 -0.00500019 -3.96343 0.0281336 0.00500019 0.999592 223.581
0.999593 -5.74578e-005 -0.0285298 -3.19079 -5.74578e-005 0.999992 -0.00402707 -3.99854 0.0285298 0.00402707 0.999585 225.171
0.999578 -6.75962e-005 -0.0290366 -3.2456 -6.75962e-005 0.999989 -0.00465493 -4.0319 0.0290366 0.00465493 0.999568 226.789
0.999568 -8.4459e-005 -0.0294041 -3.28916 -8.4459e-005 0.999984 -0.00574342 -4.06743 0.0294041 0.00574342 0.999551 228.395
0.999535 -9.15239e-005 -0.0304887 -3.33072 -9.15239e-005 0.999982 -0.00600235 -4.10672 0.0304887 0.00600235 0.999517 229.98
0.999516 -9.32708e-005 -0.0311083 -3.38395 -9.32708e-005 0.999982 -0.00599502 -4.14943 0.0311083 0.00599502 0.999498 231.568
0.999543 -9.46469e-005 -0.0302366 -3.46349 -9.46469e-005 0.99998 -0.00625893 -4.18643 0.0302366 0.00625893 0.999523 233.165
0.99954 -0.000100199 -0.0303293 -3.52093 -0.000100199 0.999978 -0.00660579 -4.21087 0.0303293 0.00660579 0.999518 234.791
0.999526 -0.000107382 -0.0307879 -3.58658 -0.000107382 0.999976 -0.00697383 -4.24801 0.0307879 0.00697383 0.999502 236.424
0.99952 -0.000122315 -0.0309807 -3.6562 -0.000122315 0.999969 -0.00789421 -4.269 0.0309807 0.00789421 0.999489 238.021
0.999516 -0.000124139 -0.0311137 -3.70749 -0.000124139 0.999968 -0.00797768 -4.29978 0.0311137 0.00797768 0.999484 239.652
0.999431 -0.000140375 -0.0337371 -3.71194 -0.000140375 0.999965 -0.00831918 -4.33768 0.0337371 0.00831918 0.999396 241.333
0.999465 -0.00014062 -0.0326909 -3.79429 -0.00014062 0.999963 -0.00860057 -4.37359 0.0326909 0.00860057 0.999429 242.995
0.999452 -0.000146184 -0.0331112 -3.86704 -0.000146184 0.999961 -0.00882728 -4.40618 0.0331112 0.00882728 0.999413 244.645
0.999523 -0.00011892 -0.0308781 -3.95726 -0.00011892 0.99997 -0.00770062 -4.47179 0.0308781 0.00770062 0.999493 246.219
0.999533 -0.000116972 -0.0305697 -4.02689 -0.000116972 0.999971 -0.00765093 -4.51211 0.0305697 0.00765093 0.999503 247.842
0.999531 -0.000123512 -0.030633 -4.0873 -0.000123512 0.999967 -0.00806192 -4.54899 0.030633 0.00806192 0.999498 249.489
0.999556 -0.000129756 -0.0298029 -4.16216 -0.000129756 0.999962 -0.0087055 -4.58939 0.0298029 0.0087055 0.999518 251.152
0.999539 -0.000125308 -0.0303514 -4.19032 -0.000125308 0.999966 -0.00825511 -4.61392 0.0303514 0.00825511 0.999505 252.796
0.999486 -0.000108986 -0.0320652 -4.20454 -0.000108986 0.999977 -0.00679596 -4.6366 0.0320652 0.00679596 0.999463 254.426
0.999516 -9.41251e-005 -0.0311138 -4.28757 -9.41251e-005 0.999982 -0.00604886 -4.68733 0.0311138 0.00604886 0.999498 256.081
0.99953 -0.000119156 -0.0306634 -4.3438 -0.000119156 0.99997 -0.0077699 -4.72537 0.0306634 0.0077699 0.9995 257.73
0.999557 -0.000129452 -0.0297747 -4.42171 -0.000129452 0.999962 -0.00869336 -4.77401 0.0297747 0.00869336 0.999519 259.402
0.999537 -0.000132026 -0.0304242 -4.44309 -0.000132026 0.999962 -0.00867686 -4.80366 0.0304242 0.00867686 0.999499 261.037
0.999591 -0.000107007 -0.0285972 -4.54874 -0.000107007 0.999972 -0.00748206 -4.85251 0.0285972 0.00748206 0.999563 262.645
0.999586 -9.77319e-005 -0.0287664 -4.6049 -9.77319e-005 0.999977 -0.00679339 -4.89942 0.0287664 0.00679339 0.999563 264.268
0.999601 -9.5126e-005 -0.0282529 -4.67196 -9.5126e-005 0.999977 -0.00673246 -4.93941 0.0282529 0.00673246 0.999578 265.926
0.999566 -9.78952e-005 -0.0294685 -4.68999 -9.78952e-005 0.999978 -0.00664254 -4.97938 0.0294685 0.00664254 0.999544 267.635
0.999571 -9.67852e-005 -0.0292929 -4.73639 -9.67852e-005 0.999978 -0.00660662 -5.0249 0.0292929 0.00660662 0.999549 269.393
0.9995 -0.000100414 -0.031608 -4.74219 -0.000100414 0.99998 -0.00635207 -5.04659 0.031608 0.00635207 0.99948 270.277
0.999445 -0.000114598 -0.0333007 -4.766 -0.000114598 0.999976 -0.00688062 -5.06288 0.0333007 0.00688062 0.999422 271.21
0.999365 -0.00011103 -0.0356289 -4.7913 -0.00011103 0.999981 -0.00623054 -5.08146 0.0356289 0.00623054 0.999346 272.194
0.999358 -0.000106152 -0.0358216 -4.81162 -0.000106152 0.999982 -0.00592476 -5.08938 0.0358216 0.00592476 0.999341 272.689
0.999427 -0.000117456 -0.0338522 -4.84029 -0.000117456 0.999976 -0.00693725 -5.10115 0.0338522 0.00693725 0.999403 273.235
0.999448 -0.000134492 -0.0332346 -4.86623 -0.000134492 0.999967 -0.00809111 -5.11504 0.0332346 0.00809111 0.999415 273.83
0.99944 -0.000113322 -0.0334708 -4.88664 -0.000113322 0.999977 -0.00676942 -5.13003 0.0334708 0.00676942 0.999417 274.476
0.99944 -8.38723e-005 -0.0334734 -4.91297 -8.38723e-005 0.999987 -0.00500984 -5.14701 0.0334734 0.00500984 0.999427 275.171
0.999446 -9.2803e-005 -0.0332746 -4.94013 -9.2803e-005 0.999984 -0.00557642 -5.16414 0.0332746 0.00557642 0.999431 275.916
0.999408 -0.000117948 -0.0343898 -4.95673 -0.000117948 0.999976 -0.00685735 -5.17922 0.0343898 0.00685735 0.999385 276.712
0.999481 -0.000117922 -0.0322006 -5.00374 -0.000117922 0.999973 -0.0073222 -5.1997 0.0322006 0.0073222 0.999455 277.557
0.999458 -0.000123094 -0.0329222 -5.02589 -0.000123094 0.999972 -0.00747576 -5.22238 0.0329222 0.00747576 0.99943 278.452
0.999487 -0.000123395 -0.0320288 -5.06858 -0.000123395 0.99997 -0.00770317 -5.25642 0.0320288 0.00770317 0.999457 279.397
0.999522 -0.000134371 -0.030901 -5.08991 -0.000134371 0.999962 -0.00869461 -5.29628 0.030901 0.00869461 0.999485 280.392
0.999522 -0.000134371 -0.030901 -5.11123 -0.000134371 0.999962 -0.00869461 -5.33613 0.030901 0.00869461 0.999485 281.387
0.999619 -0.000130493 -0.0276179 -5.19319 -0.000130493 0.999955 -0.00944788 -5.3798 0.0276179 0.00944788 0.999574 282.727
0.999633 -0.000141003 -0.0270829 -5.24105 -0.000141003 0.999946 -0.0104105 -5.40105 0.0270829 0.0104105 0.999579 284.12
0.999731 -0.000114029 -0.0231802 -5.17763 -0.000114029 0.999952 -0.00983687 -5.41716 0.0231802 0.00983687 0.999683 285.494
0.999731 -0.000106444 -0.0231766 -5.20471 -0.000106444 0.999958 -0.00918399 -5.44837 0.0231766 0.00918399 0.999689 286.919
0.999731 -0.000106444 -0.0231766 -5.23179 -0.000106444 0.999958 -0.00918399 -5.47958 0.0231766 0.00918399 0.999689 288.344
0.999742 -0.000126513 -0.0227354 -5.2691 -0.000126513 0.999938 -0.0111274 -5.52915 0.0227354 0.0111274 0.99968 289.915
0.999731 -0.000149779 -0.0231878 -5.33479 -0.000149779 0.999917 -0.0129164 -5.56046 0.0231878 0.0129164 0.999648 291.535
0.999745 -0.00014189 -0.0225641 -5.38721 -0.00014189 0.999921 -0.0125746 -5.62048 0.0225641 0.0125746 0.999666 293.178
0.99973 -0.0001489 -0.023233 -5.43691 -0.0001489 0.999918 -0.0128157 -5.66246 0.023233 0.0128157 0.999648 294.872
0.999706 -0.000163587 -0.0242555 -5.49 -0.000163587 0.999909 -0.0134861 -5.71589 0.0242555 0.0134861 0.999615 296.572
0.999725 -0.000162993 -0.023435 -5.57111 -0.000162993 0.999903 -0.0139077 -5.76076 0.023435 0.0139077 0.999629 298.298
0.999744 -0.000149085 -0.0226229 -5.65863 -0.000149085 0.999913 -0.0131777 -5.82036 0.0226229 0.0131777 0.999657 300.016
0.999693 -0.000168214 -0.0247905 -5.64759 -0.000168214 0.999908 -0.0135681 -5.85494 0.0247905 0.0135681 0.999601 301.719
0.999626 -0.000156808 -0.0273346 -5.66304 -0.000156808 0.999934 -0.0114707 -5.9227 0.0273346 0.0114707 0.999561 303.395
0.999582 -0.000143405 -0.0289219 -5.68273 -0.000143405 0.999951 -0.00991444 -5.97093 0.0289219 0.00991444 0.999533 305.004
0.999594 -0.000128346 -0.0284781 -5.74579 -0.000128346 0.999959 -0.00901162 -6.03621 0.0284781 0.00901162 0.999554 306.66
0.999608 -0.000133749 -0.0280108 -5.79422 -0.000133749 0.999954 -0.00954772 -6.07244 0.0280108 0.00954772 0.999562 308.329
0.999487 -0.000152947 -0.0320161 -5.72255 -0.000152947 0.999954 -0.0095517 -6.1214 0.0320161 0.0095517 0.999442 309.925
0.999525 -0.000192649 -0.030808 -5.79925 -0.000192649 0.999922 -0.0125029 -6.16658 0.030808 0.0125029 0.999447 311.57
0.999525 -0.000192649 -0.030808 -5.87594 -0.000192649 0.999922 -0.0125029 -6.21177 0.030808 0.0125029 0.999447 313.216
0.999521 -0.000204367 -0.0309434 -5.93837 -0.000204367 0.999913 -0.0132054 -6.26597 0.0309434 0.0132054 0.999434 314.969
0.999512 -0.000223506 -0.031224 -6.04521 -0.000223506 0.999898 -0.0143121 -6.31445 0.031224 0.0143121 0.99941 316.731
0.999507 -0.000213124 -0.0314053 -6.15871 -0.000213124 0.999908 -0.0135685 -6.36685 0.0314053 0.0135685 0.999415 318.471
0.999468 -0.000168726 -0.0326001 -6.2029 -0.000168726 0.999946 -0.0103482 -6.41091 0.0326001 0.0103482 0.999415 320.164
0.999465 -0.000115153 -0.0326998 -6.25637 -0.000115153 0.999975 -0.0070411 -6.46088 0.0326998 0.0070411 0.99944 321.893
0.99946 -0.000108183 -0.0328451 -6.30322 -0.000108183 0.999978 -0.00658561 -6.49391 0.0328451 0.00658561 0.999439 323.644
0.999442 -0.000126974 -0.0333992 -6.35239 -0.000126974 0.999971 -0.00760118 -6.54291 0.0333992 0.00760118 0.999413 325.404
0.999469 -0.000117353 -0.0325926 -6.40806 -0.000117353 0.999974 -0.00719918 -6.59556 0.0325926 0.00719918 0.999443 327.196
0.999508 -0.000107881 -0.0313683 -6.48904 -0.000107881 0.999976 -0.00687658 -6.63818 0.0313683 0.00687658 0.999484 329.003
0.999481 -0.000118374 -0.0322031 -6.55157 -0.000118374 0.999973 -0.00734968 -6.66518 0.0322031 0.00734968 0.999454 330.861
0.999438 -0.000144028 -0.0335205 -6.59449 -0.000144028 0.999963 -0.00859084 -6.70877 0.0335205 0.00859084 0.999401 332.705
0.999378 -0.000176439 -0.0352747 -6.62493 -0.000176439 0.99995 -0.0100004 -6.73398 0.0352747 0.0100004 0.999328 334.552
0.999432 -0.000135989 -0.033693 -6.70991 -0.000135989 0.999967 -0.00806984 -6.78007 0.033693 0.00806984 0.9994 336.385
0.999313 -0.000139708 -0.0370536 -6.73746 -0.000139708 0.999972 -0.00753818 -6.8307 0.0370536 0.00753818 0.999285 338.237
0.999357 -0.000160246 -0.0358571 -6.85597 -0.000160246 0.99996 -0.00893502 -6.87391 0.0358571 0.00893502 0.999317 340.12
0.999371 -0.00014912 -0.0354603 -6.95905 -0.00014912 0.999965 -0.00840772 -6.93784 0.0354603 0.00840772 0.999336 341.981
0.99947 -0.000164534 -0.0325594 -7.11718 -0.000164534 0.999949 -0.0101038 -6.99151 0.0325594 0.0101038 0.999419 343.873
0.99945 -0.000229409 -0.0331755 -7.19314 -0.000229409 0.999904 -0.0138256 -7.02926 0.0331755 0.0138256 0.999354 345.749
0.999403 -0.000232069 -0.034546 -7.25329 -0.000232069 0.99991 -0.0134307 -7.08287 0.034546 0.0134307 0.999313 347.574
0.999402 -0.000167796 -0.0345659 -7.35915 -0.000167796 0.999953 -0.00970563 -7.14375 0.0345659 0.00970563 0.999355 349.356
0.999398 -0.000120302 -0.0346864 -7.46284 -0.000120302 0.999976 -0.0069344 -7.19912 0.0346864 0.0069344 0.999374 351.181
0.9993 -0.000170489 -0.0374126 -7.50116 -0.000170489 0.999958 -0.0091106 -7.22612 0.0374126 0.0091106 0.999258 353.008
0.99915 -0.000225662 -0.0412291 -7.53631 -0.000225662 0.99994 -0.0109418 -7.26329 0.0412291 0.0109418 0.99909 354.786
0.999065 -0.000193799 -0.0432222 -7.61594 -0.000193799 0.99996 -0.00896319 -7.32926 0.0432222 0.00896319 0.999025 356.561
0.999011 -0.000189708 -0.0444742 -7.68863 -0.000189708 0.999964 -0.00852679 -7.38128 0.0444742 0.00852679 0.998974 358.371
0.998977 -0.000202551 -0.0452292 -7.76721 -0.000202551 0.99996 -0.00895188 -7.4456 0.0452292 0.00895188 0.998937 360.175
0.998951 -0.00022344 -0.0457875 -7.85586 -0.00022344 0.999952 -0.0097545 -7.49866 0.0457875 0.0097545 0.998904 361.982
0.999005 -0.000224482 -0.0445897 -7.98497 -0.000224482 0.999949 -0.0100635 -7.54331 0.0445897 0.0100635 0.998955 363.803
0.999014 -0.000229247 -0.0443963 -8.07234 -0.000229247 0.999947 -0.0103219 -7.59426 0.0443963 0.0103219 0.998961 365.586
0.998946 -0.000262858 -0.0459098 -8.21171 -0.000262858 0.999934 -0.0114447 -7.6457 0.0459098 0.0114447 0.99888 367.329
0.998852 -0.000295026 -0.0478971 -8.26022 -0.000295026 0.999924 -0.0123116 -7.69803 0.0478971 0.0123116 0.998776 369.042
0.998904 -0.000285642 -0.0468128 -8.37041 -0.000285642 0.999926 -0.0121964 -7.74419 0.0468128 0.0121964 0.998829 370.776
0.998851 -0.000308096 -0.0479316 -8.4343 -0.000308096 0.999917 -0.0128478 -7.80093 0.0479316 0.0128478 0.998768 372.466
0.99891 -0.000324032 -0.0466872 -8.53895 -0.000324032 0.999904 -0.0138728 -7.85389 0.0466872 0.0138728 0.998813 374.187
0.998811 -0.00029147 -0.0487561 -8.58834 -0.00029147 0.999929 -0.0119487 -7.91346 0.0487561 0.0119487 0.998739 375.837
0.998785 -0.000280298 -0.0492791 -8.6721 -0.000280298 0.999935 -0.0113687 -7.95964 0.0492791 0.0113687 0.99872 377.52
0.998824 -0.000304824 -0.0484787 -8.77923 -0.000304824 0.999921 -0.0125677 -8.00723 0.0484787 0.0125677 0.998745 379.251
0.998899 -0.000318003 -0.0469062 -8.89539 -0.000318003 0.999908 -0.013551 -8.05051 0.0469062 0.013551 0.998807 380.964
0.999127 -0.000272296 -0.0417681 -9.07242 -0.000272296 0.999915 -0.0130322 -8.09522 0.0417681 0.0130322 0.999042 382.721
0.999232 -0.000223475 -0.0391772 -9.19086 -0.000223475 0.999935 -0.0114037 -8.15995 0.0391772 0.0114037 0.999167 384.473
0.999231 -0.000226688 -0.0392061 -9.26221 -0.000226688 0.999933 -0.0115591 -8.21096 0.0392061 0.0115591 0.999164 386.254
0.999138 -0.00026016 -0.0415233 -9.30571 -0.00026016 0.999922 -0.0125249 -8.26747 0.0415233 0.0125249 0.999059 388.035
0.999286 -0.000222295 -0.0377811 -9.45014 -0.000222295 0.999931 -0.0117629 -8.33229 0.0377811 0.0117629 0.999217 389.775
0.999294 -0.000242507 -0.0375619 -9.52547 -0.000242507 0.999917 -0.0129073 -8.35152 0.0375619 0.0129073 0.999211 391.463
0.999342 -0.000231924 -0.0362564 -9.60307 -0.000231924 0.999918 -0.0127888 -8.39985 0.0362564 0.0127888 0.999261 393.199
0.999359 -0.000233765 -0.0358 -9.67603 -0.000233765 0.999915 -0.0130548 -8.43396 0.0358 0.0130548 0.999274 394.945
0.999466 -0.000228998 -0.0326627 -9.79932 -0.000228998 0.999902 -0.0140175 -8.4887 0.0326627 0.0140175 0.999368 396.699
0.999504 -0.000230775 -0.0314964 -9.8794 -0.000230775 0.999893 -0.0146496 -8.54189 0.0314964 0.0146496 0.999397 398.494
0.999475 -0.000253447 -0.0324124 -9.90758 -0.000253447 0.999878 -0.0156339 -8.5973 0.0324124 0.0156339 0.999352 400.171
0.999631 -0.000168167 -0.0271601 -9.99579 -0.000168167 0.999923 -0.0123806 -8.64402 0.0271601 0.0123806 0.999554 401.006
0.999631 -0.000168167 -0.0271601 -10.084 -0.000168167 0.999923 -0.0123806 -8.69073 0.0271601 0.0123806 0.999554 401.841
0.999661 -0.000174061 -0.0260386 -10.1372 -0.000174061 0.999911 -0.0133666 -8.72417 0.0260386 0.0133666 0.999572 403.064
0.99963 -0.000185354 -0.0271915 -10.171 -0.000185354 0.999907 -0.0136301 -8.75756 0.0271915 0.0136301 0.999537 404.339
