0.999924 -6.6855e-006 0.0123484 0.00501605 -6.6855e-006 0.999999 0.00108277 -0.00578658 -0.0123484 -0.00108277 0.999923 0.287481
0.999818 -1.0123e-005 0.0190963 0.0187116 -1.0123e-005 0.999999 0.00106011 -0.00988366 -0.0190963 -0.00106011 0.999817 0.580366
0.999783 4.25084e-006 0.02082 0.0277995 4.25084e-006 1 -0.000408298 -0.0102271 -0.02082 0.000408298 0.999783 0.876977
0.999831 2.11101e-005 0.0184035 0.0390187 2.11101e-005 0.999997 -0.00229394 -0.00661108 -0.0184035 0.00229394 0.999828 1.18421
0.999964 1.24039e-005 0.00844002 0.0534075 1.24039e-005 0.999996 -0.00293925 -0.00907232 -0.00844002 0.00293925 0.99996 1.49083
0.999998 -5.09482e-006 -0.00196979 0.05208 -5.09482e-006 0.999987 -0.00517292 -0.0180239 0.00196979 0.00517292 0.999985 1.81698
0.999835 -4.61214e-005 -0.0181708 0.0360415 -4.61214e-005 0.999987 -0.00507597 -0.0250189 0.0181708 0.00507597 0.999822 2.14249
0.999319 -7.54903e-005 -0.036909 -0.0103986 -7.54903e-005 0.999992 -0.0040892 -0.0387332 0.036909 0.0040892 0.99931 2.48168
0.998415 -0.000147533 -0.0562752 -0.0531347 -0.000147533 0.999986 -0.00523909 -0.0395776 0.0562752 0.00523909 0.998402 2.82261
0.997194 -0.000198049 -0.0748641 -0.120837 -0.000198049 0.999986 -0.00528343 -0.0480414 0.0748641 0.00528343 0.99718 3.16711
0.995159 -0.000258299 -0.0982784 -0.145661 -0.000258299 0.999986 -0.00524371 -0.0476466 0.0982784 0.00524371 0.995145 3.53696
0.993076 -0.000292984 -0.117473 -0.209682 -0.000292984 0.999988 -0.00497079 -0.0443043 0.117473 0.00497079 0.993064 3.91049
0.990513 -0.000337038 -0.137421 -0.26587 -0.000337038 0.999988 -0.00488189 -0.0456942 0.137421 0.00488189 0.990501 4.30926
0.987728 -0.000518403 -0.156182 -0.303865 -0.000518403 0.999978 -0.00659766 -0.0323591 0.156182 0.00659766 0.987706 4.71861
0.985501 -0.000495981 -0.169667 -0.397618 -0.000495981 0.999983 -0.00580409 -0.0504949 0.169667 0.00580409 0.985484 5.14644
0.982808 -0.000773382 -0.184628 -0.454928 -0.000773382 0.999965 -0.00830557 -0.053293 0.184628 0.00830557 0.982773 5.60219
0.981611 -0.000910649 -0.190892 -0.607797 -0.000910649 0.999955 -0.00945304 -0.0741734 0.190892 0.00945304 0.981566 6.03997
0.980321 -0.00116534 -0.197408 -0.733724 -0.00116534 0.999931 -0.0116898 -0.0776455 0.197408 0.0116898 0.980252 6.50919
0.97793 -0.00158863 -0.208925 -0.815908 -0.00158863 0.999886 -0.015039 -0.0786268 0.208925 0.015039 0.977816 7.07617
0.975619 -0.00202467 -0.219461 -0.906876 -0.00202467 0.999832 -0.0182248 -0.0919425 0.219461 0.0182248 0.975451 7.60448
0.974275 -0.00236008 -0.225352 -1.07083 -0.00236008 0.999783 -0.0206741 -0.101738 0.225352 0.0206741 0.974058 8.18517
0.972074 -0.00276933 -0.234659 -1.17791 -0.00276933 0.999725 -0.0232702 -0.122843 0.234659 0.0232702 0.971799 8.74268
0.969185 -0.00353916 -0.246308 -1.29181 -0.00353916 0.999594 -0.0282891 -0.126976 0.246308 0.0282891 0.968779 9.33616
0.966862 -0.00402759 -0.255268 -1.48332 -0.00402759 0.99951 -0.0310252 -0.153741 0.255268 0.0310252 0.966372 9.94862
0.964542 -0.00445448 -0.263893 -1.66879 -0.00445448 0.99944 -0.0331518 -0.171057 0.263893 0.0331518 0.963982 10.5535
0.962582 -0.00455793 -0.270954 -1.80951 -0.00455793 0.999445 -0.0330047 -0.211838 0.270954 0.0330047 0.962026 11.0571
0.9598 -0.0054567 -0.280633 -2.01641 -0.0054567 0.999259 -0.0380924 -0.219021 0.280633 0.0380924 0.959059 11.7126
0.957136 -0.00591018 -0.289579 -2.19704 -0.00591018 0.999185 -0.0399277 -0.255801 0.289579 0.0399277 0.956321 12.4229
0.955021 -0.0063169 -0.29647 -2.47342 -0.0063169 0.999113 -0.0416368 -0.303318 0.29647 0.0416368 0.954134 13.091
0.950461 -0.00785029 -0.310746 -2.53758 -0.00785029 0.998756 -0.0492426 -0.328218 0.310746 0.0492426 0.949217 13.8893
0.951151 -0.00833381 -0.308612 -3.03144 -0.00833381 0.998578 -0.0526508 -0.400739 0.308612 0.0526508 0.94973 14.5646
0.949243 -0.00976779 -0.314392 -3.2061 -0.00976779 0.99812 -0.0605023 -0.428391 0.314392 0.0605023 0.947363 15.2478
0.948928 -0.0105919 -0.315316 -3.58966 -0.0105919 0.997803 -0.0653933 -0.532846 0.315316 0.0653933 0.946731 16.0831
0.946673 -0.0122845 -0.32196 -3.79392 -0.0122845 0.99717 -0.0741682 -0.545899 0.32196 0.0741682 0.943844 16.8282
0.945766 -0.0128213 -0.324597 -4.11667 -0.0128213 0.996969 -0.0767366 -0.652349 0.324597 0.0767366 0.942735 17.6641
0.943265 -0.014532 -0.331721 -4.33212 -0.014532 0.996278 -0.084967 -0.684774 0.331721 0.084967 0.939543 18.3353
0.941179 -0.0165327 -0.337502 -4.64728 -0.0165327 0.995353 -0.0948619 -0.681601 0.337502 0.0948619 0.936533 19.0875
0.940921 -0.0168577 -0.338206 -4.8729 -0.0168577 0.99519 -0.0965047 -0.773218 0.338206 0.0965047 0.936111 19.597
0.936489 -0.0182707 -0.350222 -5.1516 -0.0182707 0.994744 -0.10075 -0.827318 0.350222 0.10075 0.931233 20.2537
0.936489 -0.0182707 -0.350222 -5.43029 -0.0182707 0.994744 -0.10075 -0.881418 0.350222 0.10075 0.931233 20.9103
0.933769 -0.0186942 -0.357388 -5.54197 -0.0186942 0.994723 -0.100875 -0.963225 0.357388 0.100875 0.928492 21.4449
0.93088 -0.0191298 -0.364824 -5.85406 -0.0191298 0.994706 -0.100969 -1.00185 0.364824 0.100969 0.925586 22.085
0.928915 -0.0189974 -0.369806 -6.03598 -0.0189974 0.994923 -0.0988301 -1.0868 0.369806 0.0988301 0.923838 22.6047
0.924666 -0.0195308 -0.380278 -6.36821 -0.0195308 0.994937 -0.0985895 -1.13484 0.380278 0.0985895 0.919603 23.3106
0.921764 -0.0187208 -0.387299 -6.60433 -0.0187208 0.99552 -0.0926753 -1.2124 0.387299 0.0926753 0.917284 23.8724
0.917181 -0.0188016 -0.398026 -6.92331 -0.0188016 0.995732 -0.0903604 -1.26647 0.398026 0.0903604 0.912913 24.5909
0.913862 -0.0178333 -0.405633 -7.22039 -0.0178333 0.996308 -0.0839789 -1.35283 0.405633 0.0839789 0.91017 25.2096
0.909415 -0.0181924 -0.415492 -7.54234 -0.0181924 0.996346 -0.0834439 -1.41606 0.415492 0.0834439 0.905761 25.9166
0.906223 -0.0179866 -0.422417 -7.81817 -0.0179866 0.99655 -0.0810203 -1.48898 0.422417 0.0810203 0.902773 26.3915
0.901341 -0.0187224 -0.432705 -8.14136 -0.0187224 0.996447 -0.0821142 -1.55133 0.432705 0.0821142 0.897788 27.1112
0.896812 -0.0191627 -0.441996 -8.43673 -0.0191627 0.996441 -0.082082 -1.62165 0.441996 0.082082 0.893254 27.711
0.892645 -0.0199161 -0.45032 -8.77307 -0.0199161 0.996305 -0.0835415 -1.67434 0.45032 0.0835415 0.88895 28.4115
0.889637 -0.0191219 -0.456267 -9.29439 -0.0191219 0.996687 -0.0790547 -1.75779 0.456267 0.0790547 0.886324 29.0837
0.89056 -0.0171555 -0.454542 -9.71795 -0.0171555 0.997311 -0.0712526 -1.92711 0.454542 0.0712526 0.887871 29.6454
0.88159 -0.0182131 -0.471665 -10.0618 -0.0182131 0.997199 -0.0725485 -1.88274 0.471665 0.0725485 0.878788 30.5447
0.877005 -0.0179619 -0.480145 -10.4937 -0.0179619 0.997377 -0.0701192 -1.97622 0.480145 0.0701192 0.874382 31.2745
0.877005 -0.0179619 -0.480145 -10.9256 -0.0179619 0.997377 -0.0701192 -2.0697 0.480145 0.0701192 0.874382 32.0043
0.873027 -0.0180344 -0.487339 -11.4425 -0.0180344 0.997439 -0.0692183 -2.10932 0.487339 0.0692183 0.870465 32.771
0.87064 -0.018174 -0.491584 -11.8434 -0.018174 0.997447 -0.0690636 -2.2108 0.491584 0.0690636 0.868087 33.5955
0.868746 -0.0193843 -0.494878 -12.2771 -0.0193843 0.997137 -0.0730866 -2.25238 0.494878 0.0730866 0.865883 34.3847
0.867623 -0.0201694 -0.496813 -12.9397 -0.0201694 0.996927 -0.0756962 -2.25404 0.496813 0.0756962 0.86455 35.1427
0.865202 -0.0281429 -0.500633 -12.8547 -0.0281429 0.994124 -0.104521 -2.36404 0.500633 0.104521 0.859327 36.1157
0.865143 -0.0240512 -0.500949 -13.5306 -0.0240512 0.995711 -0.0893418 -2.44535 0.500949 0.0893418 0.860853 36.9433
0.865143 -0.0240512 -0.500949 -14.2065 -0.0240512 0.995711 -0.0893418 -2.52666 0.500949 0.0893418 0.860853 37.7709
0.865295 -0.0261074 -0.500583 -14.5625 -0.0261074 0.99494 -0.0970185 -2.70597 0.500583 0.0970185 0.860235 38.7585
0.864343 -0.025166 -0.502273 -15.2416 -0.025166 0.995331 -0.0931776 -2.74791 0.502273 0.0931776 0.859674 39.6221
0.865823 -0.027275 -0.499606 -15.6725 -0.027275 0.994456 -0.101558 -2.93715 0.499606 0.101558 0.860279 40.5539
0.863097 -0.0258314 -0.504376 -16.2926 -0.0258314 0.995126 -0.0951682 -3.01803 0.504376 0.0951682 0.858223 41.4551
0.861544 -0.0260527 -0.507015 -16.8198 -0.0260527 0.995098 -0.0954025 -3.14201 0.507015 0.0954025 0.856641 42.3812
0.857305 -0.0267723 -0.514113 -17.3213 -0.0267723 0.994977 -0.0964573 -3.24529 0.514113 0.0964573 0.852282 43.3482
0.853928 -0.0263826 -0.519723 -17.9294 -0.0263826 0.995235 -0.0938686 -3.37169 0.519723 0.0938686 0.849162 44.3089
0.848433 -0.0283088 -0.528545 -18.5368 -0.0283088 0.994713 -0.0987185 -3.49355 0.528545 0.0987185 0.843146 45.2761
0.842786 -0.0297212 -0.537428 -19.1839 -0.0297212 0.994381 -0.1016 -3.62905 0.537428 0.1016 0.837167 46.2302
0.836805 -0.0301689 -0.546669 -19.8213 -0.0301689 0.994423 -0.10106 -3.76042 0.546669 0.10106 0.831228 47.1838
0.831022 -0.0293393 -0.555465 -20.4879 -0.0293393 0.994906 -0.0964441 -3.89281 0.555465 0.0964441 0.825928 48.1273
0.825529 -0.0282071 -0.563654 -21.1331 -0.0282071 0.99544 -0.0911275 -4.01864 0.563654 0.0911275 0.820969 49.078
0.821704 -0.0287825 -0.569188 -21.8408 -0.0287825 0.995354 -0.0918844 -4.13742 0.569188 0.0918844 0.817057 50.0586
0.817255 -0.0300767 -0.57549 -22.5082 -0.0300767 0.99505 -0.0947161 -4.27229 0.57549 0.0947161 0.812305 51.051
0.814821 -0.0322263 -0.578816 -23.3167 -0.0322263 0.994392 -0.10073 -4.39352 0.578816 0.10073 0.809213 52.0241
0.811178 -0.032833 -0.583877 -24.0484 -0.032833 0.994291 -0.101526 -4.54002 0.583877 0.101526 0.805468 53.0316
0.807993 -0.0325867 -0.58829 -24.7844 -0.0325867 0.994469 -0.0998425 -4.66742 0.58829 0.0998425 0.802463 54.0071
0.804487 -0.0315989 -0.593129 -25.4953 -0.0315989 0.994893 -0.0958619 -4.80288 0.593129 0.0958619 0.79938 54.9788
0.801637 -0.0309658 -0.597008 -26.2576 -0.0309658 0.995166 -0.0931973 -4.93232 0.597008 0.0931973 0.796803 55.934
0.798391 -0.0311187 -0.601335 -27.0233 -0.0311187 0.995197 -0.092817 -5.05926 0.601335 0.092817 0.793587 56.9084
0.795451 -0.0317228 -0.605187 -27.804 -0.0317228 0.99508 -0.0938566 -5.18497 0.605187 0.0938566 0.790532 57.8901
0.790936 -0.0332427 -0.610995 -28.5443 -0.0332427 0.994714 -0.0971528 -5.33415 0.610995 0.0971528 0.785651 58.8959
0.787022 -0.0339403 -0.615991 -29.3483 -0.0339403 0.994591 -0.0981646 -5.46278 0.615991 0.0981646 0.781613 59.8545
0.78255 -0.0347396 -0.621617 -30.1526 -0.0347396 0.99445 -0.0993093 -5.58918 0.621617 0.0993093 0.777 60.8165
0.777162 -0.0351657 -0.628317 -30.9045 -0.0351657 0.994451 -0.0991537 -5.71929 0.628317 0.0991537 0.771613 61.7621
0.772156 -0.0360822 -0.634408 -31.7192 -0.0360822 0.994286 -0.100467 -5.8636 0.634408 0.100467 0.766442 62.6948
0.766247 -0.0369498 -0.641482 -32.4857 -0.0369498 0.994159 -0.101401 -5.99677 0.641482 0.101401 0.760407 63.5994
0.76115 -0.0381369 -0.647454 -33.282 -0.0381369 0.993911 -0.103378 -6.12011 0.647454 0.103378 0.755061 64.4888
0.756517 -0.0383311 -0.65285 -34.1212 -0.0383311 0.993966 -0.102777 -6.26443 0.65285 0.102777 0.750482 65.3413
0.750607 -0.0404245 -0.659511 -34.9209 -0.0404245 0.993448 -0.106901 -6.39314 0.659511 0.106901 0.744054 66.2695
0.743406 -0.0421484 -0.667511 -35.7554 -0.0421484 0.993077 -0.109646 -6.51933 0.667511 0.109646 0.736482 67.1763
0.738961 -0.0420546 -0.672434 -36.6566 -0.0420546 0.993225 -0.108332 -6.69211 0.672434 0.108332 0.732186 68.0618
0.728341 -0.0456102 -0.683695 -37.4213 -0.0456102 0.992342 -0.114789 -6.81366 0.683695 0.114789 0.720684 69.0282
0.72445 -0.0445074 -0.687889 -38.3577 -0.0445074 0.992811 -0.111109 -7.00421 0.687889 0.111109 0.717261 69.9273
0.719279 -0.0432815 -0.693372 -38.9392 -0.0432815 0.993327 -0.106904 -7.10969 0.693372 0.106904 0.712606 70.5423
0.712677 -0.0448059 -0.70006 -39.8606 -0.0448059 0.993013 -0.109169 -7.26456 0.70006 0.109169 0.70569 71.4124
0.709053 -0.0428817 -0.70385 -40.4203 -0.0428817 0.99368 -0.103738 -7.34499 0.70385 0.103738 0.702733 71.9473
0.70232 -0.0459849 -0.710375 -41.3795 -0.0459849 0.992896 -0.109737 -7.5045 0.710375 0.109737 0.695216 72.8856
0.696679 -0.046899 -0.715849 -42.0339 -0.046899 0.992749 -0.110683 -7.62293 0.715849 0.110683 0.689427 73.5752
0.693214 -0.0483156 -0.719111 -43.1056 -0.0483156 0.992391 -0.113252 -7.75072 0.719111 0.113252 0.685605 74.4102
0.693741 -0.0482701 -0.718605 -44.0536 -0.0482701 0.992392 -0.113261 -7.87424 0.718605 0.113261 0.686133 75.1246
0.69021 -0.0499784 -0.721881 -45.0492 -0.0499784 0.991937 -0.116461 -8.01351 0.721881 0.116461 0.682147 75.9684
0.67981 -0.050107 -0.731674 -45.9409 -0.050107 0.992159 -0.114501 -8.18594 0.731674 0.114501 0.671969 76.8538
0.67981 -0.050107 -0.731674 -46.8326 -0.050107 0.992159 -0.114501 -8.35837 0.731674 0.114501 0.671969 77.7392
0.671904 -0.0520628 -0.738806 -47.8035 -0.0520628 0.991739 -0.117235 -8.51595 0.738806 0.117235 0.663643 78.6622
0.664177 -0.0541998 -0.745608 -48.8441 -0.0541998 0.991252 -0.120337 -8.69504 0.745608 0.120337 0.655429 79.5564
0.664177 -0.0541998 -0.745608 -49.8846 -0.0541998 0.991252 -0.120337 -8.87414 0.745608 0.120337 0.655429 80.4506
0.659613 -0.0541405 -0.749653 -50.986 -0.0541405 0.991389 -0.119236 -9.05126 0.749653 0.119236 0.651001 81.3379
0.655405 -0.0561065 -0.753191 -51.9343 -0.0561065 0.990865 -0.122634 -9.27894 0.753191 0.122634 0.646269 82.2635
0.654117 -0.0564194 -0.754286 -53.007 -0.0564194 0.990797 -0.123037 -9.4432 0.754286 0.123037 0.644914 83.0911
0.648418 -0.0602494 -0.758897 -54.0153 -0.0602494 0.989675 -0.130049 -9.6622 0.758897 0.130049 0.638093 84.013
0.645825 -0.059755 -0.761144 -55.0993 -0.059755 0.989918 -0.128417 -9.8052 0.761144 0.128417 0.635743 84.7855
0.636577 -0.0636177 -0.768584 -56.1317 -0.0636177 0.988864 -0.134542 -10.0653 0.768584 0.134542 0.625441 85.6815
0.628191 -0.0650684 -0.775333 -57.1781 -0.0650684 0.988613 -0.135687 -10.2492 0.775333 0.135687 0.616804 86.5078
0.620384 -0.0654686 -0.781561 -58.2919 -0.0654686 0.988709 -0.134788 -10.4336 0.781561 0.134788 0.609093 87.3356
0.611736 -0.0658377 -0.788317 -59.3719 -0.0658377 0.988836 -0.133675 -10.6466 0.788317 0.133675 0.600572 88.1303
0.602791 -0.0674751 -0.795041 -60.5224 -0.0674751 0.988538 -0.135056 -10.8225 0.795041 0.135056 0.591329 88.9125
0.592866 -0.0691634 -0.802326 -61.6057 -0.0691634 0.988251 -0.136298 -11.0553 0.802326 0.136298 0.581117 89.7133
0.58347 -0.0709291 -0.809032 -62.7689 -0.0709291 0.987922 -0.137766 -11.2511 0.809032 0.137766 0.571391 90.5209
0.574741 -0.0734371 -0.815033 -63.9469 -0.0734371 0.987318 -0.140747 -11.4484 0.815033 0.140747 0.56206 91.2602
0.564206 -0.0749898 -0.822221 -65.1031 -0.0749898 0.987096 -0.141485 -11.6688 0.822221 0.141485 0.551302 92.0806
0.553995 -0.0764626 -0.829001 -66.2299 -0.0764626 0.986891 -0.142123 -11.892 0.829001 0.142123 0.540887 92.8426
0.543644 -0.0767655 -0.835798 -67.4664 -0.0767655 0.987087 -0.140593 -12.1452 0.835798 0.140593 0.530731 93.5767
0.532566 -0.0775327 -0.84283 -68.5249 -0.0775327 0.98714 -0.139799 -12.3648 0.84283 0.139799 0.519705 94.3293
0.52338 -0.0794305 -0.848389 -69.7589 -0.0794305 0.986763 -0.141387 -12.5641 0.848389 0.141387 0.510142 94.9739
0.514154 -0.0794245 -0.854013 -70.9091 -0.0794245 0.987016 -0.139611 -12.7654 0.854013 0.139611 0.50117 95.633
0.505218 -0.0806883 -0.859211 -72.0999 -0.0806883 0.986841 -0.140119 -12.9819 0.859211 0.140119 0.492059 96.3246
0.497141 -0.0816917 -0.863816 -73.2862 -0.0816917 0.986729 -0.140331 -13.1677 0.863816 0.140331 0.48387 97.0104
0.490076 -0.0823121 -0.867785 -74.5383 -0.0823121 0.986713 -0.140078 -13.3752 0.867785 0.140078 0.476789 97.668
0.482818 -0.0852879 -0.871558 -75.7365 -0.0852879 0.985935 -0.143728 -13.6286 0.871558 0.143728 0.468753 98.294
0.477712 -0.0883259 -0.874065 -76.9788 -0.0883259 0.985063 -0.147816 -13.8437 0.874065 0.147816 0.462774 98.8815
0.472752 -0.090944 -0.87649 -78.2158 -0.090944 0.984313 -0.151184 -14.0359 0.87649 0.151184 0.457065 99.4595
0.467287 -0.0937035 -0.879126 -79.4446 -0.0937035 0.983518 -0.154637 -14.2832 0.879126 0.154637 0.450805 100.11
0.463835 -0.094926 -0.880821 -80.6535 -0.094926 0.983194 -0.155946 -14.5154 0.880821 0.155946 0.447029 100.694
0.460165 -0.0967731 -0.882543 -81.8922 -0.0967731 0.982652 -0.158208 -14.7185 0.882543 0.158208 0.442817 101.311
0.45784 -0.0972211 -0.883703 -83.1091 -0.0972211 0.982566 -0.158467 -14.9665 0.883703 0.158467 0.440406 101.885
0.455105 -0.0990485 -0.884912 -84.3287 -0.0990485 0.981995 -0.160855 -15.1881 0.884912 0.160855 0.4371 102.478
0.450938 -0.101791 -0.886732 -85.4961 -0.101791 0.981129 -0.164392 -15.421 0.886732 0.164392 0.432067 103.096
0.450772 -0.10106 -0.8869 -86.7677 -0.10106 0.981404 -0.163194 -15.6834 0.8869 0.163194 0.432176 103.634
0.448683 -0.103138 -0.88772 -87.5609 -0.103138 0.980705 -0.166071 -15.8281 0.88772 0.166071 0.429388 104.033
0.445484 -0.102053 -0.889455 -88.5865 -0.102053 0.981218 -0.163695 -16.0767 0.889455 0.163695 0.426702 104.595
0.444952 -0.102902 -0.889623 -89.5616 -0.102902 0.980923 -0.16493 -16.2643 0.889623 0.16493 0.425875 105.019
0.447574 -0.104664 -0.888101 -90.2891 -0.104664 0.98017 -0.168261 -16.3793 0.888101 0.168261 0.427744 105.28
0.445839 -0.104761 -0.888961 -91.2749 -0.104761 0.980195 -0.168053 -16.5525 0.888961 0.168053 0.426035 105.752
0.446849 -0.106385 -0.888261 -92.1721 -0.106385 0.97954 -0.170835 -16.7006 0.888261 0.170835 0.426389 106.133
0.450066 -0.105799 -0.886706 -93.2012 -0.105799 0.979646 -0.170589 -16.9127 0.886706 0.170589 0.429712 106.5
0.449801 -0.106867 -0.886712 -94.1421 -0.106867 0.979243 -0.172229 -17.0981 0.886712 0.172229 0.429044 106.945
0.449922 -0.106747 -0.886665 -95.1822 -0.106747 0.979285 -0.172064 -17.31 0.886665 0.172064 0.429207 107.43
0.452785 -0.104079 -0.885524 -96.178 -0.104079 0.980204 -0.168425 -17.4764 0.885524 0.168425 0.432989 107.886
0.45513 -0.105629 -0.884137 -97.2286 -0.105629 0.979523 -0.171399 -17.7277 0.884137 0.171399 0.434653 108.393
0.461863 -0.101209 -0.881158 -98.2805 -0.101209 0.980965 -0.165722 -17.9175 0.881158 0.165722 0.442828 108.861
0.463797 -0.0997137 -0.880312 -99.3165 -0.0997137 0.981457 -0.163705 -18.1698 0.880312 0.163705 0.445254 109.488
0.473215 -0.0979462 -0.875485 -100.42 -0.0979462 0.981789 -0.162781 -18.3591 0.875485 0.162781 0.455004 109.982
0.477434 -0.095305 -0.873483 -101.504 -0.095305 0.982618 -0.159305 -18.591 0.873483 0.159305 0.460053 110.617
0.487975 -0.095951 -0.867568 -102.625 -0.095951 0.982019 -0.162578 -18.8169 0.867568 0.162578 0.469994 111.184
0.494376 -0.0952711 -0.864011 -103.71 -0.0952711 0.982049 -0.162799 -19.0432 0.864011 0.162799 0.476425 111.845
0.503275 -0.0939856 -0.859 -104.841 -0.0939856 0.982217 -0.162532 -19.2633 0.859 0.162532 0.485492 112.484
0.512771 -0.0927324 -0.853502 -105.944 -0.0927324 0.982351 -0.162444 -19.4975 0.853502 0.162444 0.495122 113.103
0.521803 -0.089101 -0.8484 -106.944 -0.089101 0.983398 -0.15808 -19.7317 0.8484 0.15808 0.505201 113.781
0.5327 -0.0870253 -0.841818 -107.999 -0.0870253 0.983793 -0.156772 -19.9513 0.841818 0.156772 0.516493 114.409
0.545349 -0.0840341 -0.833986 -109.027 -0.0840341 0.984468 -0.154147 -20.1572 0.833986 0.154147 0.529817 115.046
0.555286 -0.0809213 -0.827713 -110.008 -0.0809213 0.985275 -0.150613 -20.3635 0.827713 0.150613 0.540561 115.721
0.56731 -0.0792412 -0.819683 -111.018 -0.0792412 0.985488 -0.150114 -20.5676 0.819683 0.150114 0.552798 116.394
0.579539 -0.0778044 -0.811222 -111.988 -0.0778044 0.985603 -0.150113 -20.7635 0.811222 0.150113 0.565142 117.021
0.587994 -0.0900914 -0.803832 -113.016 -0.0900914 0.9803 -0.17577 -20.9613 0.803832 0.17577 0.568294 117.815
0.597758 -0.0889061 -0.796731 -113.947 -0.0889061 0.980349 -0.176099 -21.181 0.796731 0.176099 0.578108 118.502
0.607899 -0.0866724 -0.78927 -114.842 -0.0866724 0.980841 -0.174465 -21.4151 0.78927 0.174465 0.588741 119.199
0.613353 -0.0879209 -0.7849 -115.717 -0.0879209 0.980007 -0.178481 -21.5708 0.7849 0.178481 0.59336 119.938
0.628176 -0.0813411 -0.773807 -116.506 -0.0813411 0.982206 -0.16928 -21.8143 0.773807 0.16928 0.610382 120.478
0.636319 -0.0828063 -0.766969 -117.421 -0.0828063 0.981146 -0.174631 -21.9948 0.766969 0.174631 0.617465 121.164
0.645866 -0.0758638 -0.759672 -118.141 -0.0758638 0.983748 -0.16274 -22.2261 0.759672 0.16274 0.629614 121.83
0.65513 -0.0778918 -0.75149 -118.982 -0.0778918 0.982407 -0.16973 -22.4172 0.75149 0.16973 0.637538 122.468
0.663409 -0.0744088 -0.744548 -119.693 -0.0744088 0.983551 -0.164594 -22.6075 0.744548 0.164594 0.646959 123.152
0.672852 -0.07272 -0.736194 -120.382 -0.07272 0.983835 -0.163645 -22.7674 0.736194 0.163645 0.656688 123.723
0.680713 -0.0700126 -0.729197 -120.964 -0.0700126 0.984648 -0.159897 -22.9158 0.729197 0.159897 0.665361 124.286
0.688907 -0.0692168 -0.721538 -121.632 -0.0692168 0.9846 -0.160539 -23.0853 0.721538 0.160539 0.673506 124.899
0.696202 -0.0678353 -0.714633 -122.219 -0.0678353 0.984853 -0.159571 -23.2331 0.714633 0.159571 0.681055 125.464
0.703015 -0.0665349 -0.708056 -122.799 -0.0665349 0.985094 -0.158629 -23.3799 0.708056 0.158629 0.688109 126.032
0.710368 -0.0640123 -0.700914 -123.396 -0.0640123 0.985852 -0.154911 -23.5255 0.700914 0.154911 0.69622 126.6
0.716687 -0.0613245 -0.694694 -123.951 -0.0613245 0.986726 -0.15037 -23.6665 0.694694 0.15037 0.703413 127.194
0.724242 -0.0598041 -0.686947 -124.584 -0.0598041 0.98703 -0.14898 -23.8179 0.686947 0.14898 0.711273 127.823
0.731571 -0.0594093 -0.679172 -125.162 -0.0594093 0.986851 -0.150316 -23.9578 0.679172 0.150316 0.718422 128.441
0.738796 -0.0568679 -0.671526 -125.698 -0.0568679 0.987619 -0.146201 -24.09 0.671526 0.146201 0.726415 129.014
0.747252 -0.055159 -0.662248 -126.209 -0.055159 0.987962 -0.144527 -24.2209 0.662248 0.144527 0.735214 129.597
0.756227 -0.0522991 -0.652216 -126.704 -0.0522991 0.98878 -0.139926 -24.3455 0.652216 0.139926 0.745007 130.163
0.765546 -0.0505294 -0.641394 -127.15 -0.0505294 0.98911 -0.138233 -24.4567 0.641394 0.138233 0.754656 130.708
0.775251 -0.0493907 -0.629719 -127.609 -0.0493907 0.989146 -0.138387 -24.5753 0.629719 0.138387 0.764397 131.253
0.784579 -0.0487325 -0.618111 -128.005 -0.0487325 0.988976 -0.139829 -24.6741 0.618111 0.139829 0.773555 131.767
0.794256 -0.0472897 -0.605741 -128.384 -0.0472897 0.989131 -0.139228 -24.7742 0.605741 0.139228 0.783386 132.262
0.804202 -0.0450656 -0.592646 -128.72 -0.0450656 0.989628 -0.136405 -24.8584 0.592646 0.136405 0.793829 132.706
0.813814 -0.0431299 -0.579523 -129.081 -0.0431299 0.990009 -0.134246 -24.9624 0.579523 0.134246 0.803823 133.235
0.823192 -0.0414411 -0.566248 -129.424 -0.0414411 0.990287 -0.13272 -25.0566 0.566248 0.13272 0.813479 133.741
0.832488 -0.0393872 -0.552641 -129.761 -0.0393872 0.990739 -0.129943 -25.1394 0.552641 0.129943 0.823227 134.226
0.840243 -0.0382779 -0.540857 -130.106 -0.0382779 0.990829 -0.12959 -25.2399 0.540857 0.12959 0.831072 134.782
0.847509 -0.0371091 -0.529483 -130.448 -0.0371091 0.990969 -0.128851 -25.3331 0.529483 0.128851 0.838478 135.334
0.853916 -0.0361722 -0.519153 -130.813 -0.0361722 0.991043 -0.128548 -25.4355 0.519153 0.128548 0.844959 135.949
0.860462 -0.0352833 -0.508291 -131.18 -0.0352833 0.991078 -0.128526 -25.5398 0.508291 0.128526 0.85154 136.563
0.867083 -0.0338644 -0.497011 -131.555 -0.0338644 0.991372 -0.126628 -25.6483 0.497011 0.126628 0.858455 137.192
0.873121 -0.0328629 -0.486395 -131.88 -0.0328629 0.991488 -0.125981 -25.7406 0.486395 0.125981 0.864609 137.782
0.879058 -0.0320654 -0.475635 -132.247 -0.0320654 0.991498 -0.126106 -25.85 0.475635 0.126106 0.870557 138.435
0.884221 -0.0317945 -0.465985 -132.568 -0.0317945 0.991269 -0.127966 -25.9402 0.465985 0.127966 0.87549 139.045
0.888454 -0.0310751 -0.457912 -132.875 -0.0310751 0.991343 -0.127568 -26.0418 0.457912 0.127568 0.879797 139.644
0.892449 -0.0302565 -0.450133 -133.232 -0.0302565 0.991488 -0.126632 -26.1403 0.450133 0.126632 0.883937 140.28
0.895388 -0.0290258 -0.44434 -133.513 -0.0290258 0.991946 -0.123287 -26.2301 0.44434 0.123287 0.887335 140.86
0.898336 -0.0276505 -0.438437 -133.847 -0.0276505 0.99248 -0.119246 -26.3276 0.438437 0.119246 0.890816 141.545
0.901724 -0.0261409 -0.43152 -134.137 -0.0261409 0.993047 -0.114782 -26.4145 0.43152 0.114782 0.894771 142.129
0.90472 -0.0252056 -0.425261 -134.436 -0.0252056 0.993332 -0.112499 -26.4999 0.425261 0.112499 0.898052 142.763
0.907904 -0.0240241 -0.41849 -134.731 -0.0240241 0.993733 -0.109167 -26.5876 0.41849 0.109167 0.901637 143.383
0.91092 -0.0233159 -0.411923 -135.062 -0.0233159 0.993897 -0.107818 -26.6742 0.411923 0.107818 0.904818 144.152
0.914358 -0.0224143 -0.404286 -135.376 -0.0224143 0.994134 -0.10581 -26.7765 0.404286 0.10581 0.908492 144.878
0.918316 -0.0217969 -0.395247 -135.749 -0.0217969 0.994184 -0.10547 -26.8727 0.395247 0.10547 0.9125 145.663
0.922084 -0.0212232 -0.386407 -136.09 -0.0212232 0.994219 -0.105252 -26.971 0.386407 0.105252 0.916303 146.455
0.925698 -0.0210319 -0.377678 -136.416 -0.0210319 0.994047 -0.106905 -27.072 0.377678 0.106905 0.919745 147.294
0.929606 -0.0206631 -0.367976 -136.762 -0.0206631 0.993935 -0.108014 -27.1833 0.367976 0.108014 0.92354 148.147
0.933779 -0.0205602 -0.357259 -137.085 -0.0205602 0.993617 -0.110921 -27.2971 0.357259 0.110921 0.927396 149.029
0.938746 -0.0196354 -0.344051 -137.422 -0.0196354 0.993706 -0.110288 -27.415 0.344051 0.110288 0.932451 149.92
0.944365 -0.0183328 -0.328387 -137.746 -0.0183328 0.993959 -0.10821 -27.5339 0.328387 0.10821 0.938324 150.856
0.95053 -0.016744 -0.310181 -138.042 -0.016744 0.994333 -0.104987 -27.6492 0.310181 0.104987 0.944863 151.775
0.956773 -0.0151549 -0.290442 -138.346 -0.0151549 0.994687 -0.101824 -27.7642 0.290442 0.101824 0.95146 152.742
0.962927 -0.0138537 -0.269405 -138.619 -0.0138537 0.994823 -0.100674 -27.8761 0.269405 0.100674 0.95775 153.718
0.968694 -0.0124291 -0.247945 -138.86 -0.0124291 0.995065 -0.0984404 -28.0059 0.247945 0.0984404 0.96376 154.697
0.973756 -0.0111217 -0.227321 -139.05 -0.0111217 0.995287 -0.0963361 -28.0976 0.227321 0.0963361 0.969043 155.689
0.978659 -0.0096006 -0.205266 -139.263 -0.0096006 0.995681 -0.092343 -28.2164 0.205266 0.092343 0.97434 156.709
0.983058 -0.00811234 -0.183114 -139.462 -0.00811234 0.996116 -0.0876817 -28.3153 0.183114 0.0876817 0.979174 157.762
0.986937 -0.00681716 -0.16096 -139.622 -0.00681716 0.996442 -0.0840023 -28.4212 0.16096 0.0840023 0.98338 158.793
0.990225 -0.00581812 -0.139357 -139.712 -0.00581812 0.996537 -0.0829468 -28.5472 0.139357 0.0829468 0.986762 159.886
0.993053 -0.00503211 -0.117561 -139.856 -0.00503211 0.996355 -0.0851551 -28.6486 0.117561 0.0851551 0.989408 160.998
0.995312 -0.00414971 -0.0966305 -139.946 -0.00414971 0.996327 -0.0855291 -28.7634 0.0966305 0.0855291 0.991639 162.128
0.997049 -0.00322452 -0.0767028 -140.011 -0.00322452 0.996477 -0.0838062 -28.8758 0.0767028 0.0838062 0.993526 163.296
0.998379 -0.00232415 -0.0568681 -140.066 -0.00232415 0.996668 -0.0815356 -28.9815 0.0568681 0.0815356 0.995047 164.4
0.999367 -0.00143664 -0.0355571 -140.126 -0.00143664 0.996741 -0.0806504 -29.0804 0.0355571 0.0806504 0.996108 165.537
0.99987 -0.000640866 -0.0160929 -140.114 -0.000640866 0.996833 -0.0795146 -29.1775 0.0160929 0.0795146 0.996704 166.529
0.999991 0.000167676 0.00425403 -140.092 0.000167676 0.996898 -0.0787092 -29.2811 -0.00425403 0.0787092 0.996889 167.676
0.999695 0.000973466 0.0246697 -140.072 0.000973466 0.996891 -0.0787853 -29.3789 -0.0246697 0.0787853 0.996586 168.783
0.999025 0.00176391 0.0441127 -139.994 0.00176391 0.996809 -0.0798064 -29.4822 -0.0441127 0.0798064 0.995834 169.964
0.997969 0.0026045 0.0636482 -139.889 0.0026045 0.99666 -0.0816207 -29.5876 -0.0636482 0.0816207 0.994629 171.128
0.996588 0.00347409 0.0824582 -139.782 0.00347409 0.996462 -0.0839704 -29.7009 -0.0824582 0.0839704 0.993051 172.347
0.994797 0.00436932 0.101782 -139.667 0.00436932 0.996331 -0.0854759 -29.8139 -0.101782 0.0854759 0.991128 173.572
0.9927 0.00534381 0.120492 -139.505 0.00534381 0.996088 -0.0882023 -29.9378 -0.120492 0.0882023 0.988788 174.832
0.990267 0.00651437 0.139027 -139.31 0.00651437 0.99564 -0.0930535 -30.0714 -0.139027 0.0930535 0.985907 176.102
0.98762 0.00783238 0.156668 -139.107 0.00783238 0.995045 -0.0991205 -30.2156 -0.156668 0.0991205 0.982665 177.406
0.984733 0.00910845 0.173831 -138.835 0.00910845 0.994566 -0.103712 -30.3967 -0.173831 0.103712 0.979299 178.702
0.981432 0.0104878 0.191523 -138.592 0.0104878 0.994076 -0.108179 -30.545 -0.191523 0.108179 0.975508 180.059
0.977901 0.0116836 0.208741 -138.303 0.0116836 0.993823 -0.110361 -30.716 -0.208741 0.110361 0.971724 181.413
0.974118 0.0125489 0.225693 -137.92 0.0125489 0.993916 -0.109426 -30.9068 -0.225693 0.109426 0.968033 182.777
0.969879 0.0135819 0.243209 -137.604 0.0135819 0.993876 -0.109665 -31.0427 -0.243209 0.109665 0.963755 184.187
0.965446 0.0151182 0.260162 -137.231 0.0151182 0.993385 -0.113829 -31.247 -0.260162 0.113829 0.958832 185.606
0.960911 0.0166142 0.276358 -136.946 0.0166142 0.992938 -0.117462 -31.3648 -0.276358 0.117462 0.953849 186.546
0.956115 0.0176205 0.29246 -136.652 0.0176205 0.992925 -0.117428 -31.4974 -0.29246 0.117428 0.94904 187.5
0.950807 0.0188727 0.309208 -136.39 0.0188727 0.99276 -0.118627 -31.5881 -0.309208 0.118627 0.943567 188.185
0.944963 0.0205168 0.326533 -136.177 0.0205168 0.992352 -0.121726 -31.686 -0.326533 0.121726 0.937315 188.859
0.938635 0.0222404 0.344194 -135.993 0.0222404 0.991939 -0.124746 -31.755 -0.344194 0.124746 0.930575 189.378
0.932261 0.0238167 0.361002 -135.676 0.0238167 0.991626 -0.126926 -31.8785 -0.361002 0.126926 0.923887 190.191
0.925079 0.025697 0.378904 -135.528 0.025697 0.991186 -0.12996 -31.9471 -0.378904 0.12996 0.916265 190.576
0.916959 0.028359 0.397973 -135.145 0.028359 0.990315 -0.135909 -32.0933 -0.397973 0.135909 0.907274 191.497
0.907718 0.0307886 0.41845 -134.886 0.0307886 0.989728 -0.13961 -32.205 -0.41845 0.13961 0.897446 192.046
0.89651 0.0332769 0.441773 -134.614 0.0332769 0.9893 -0.14205 -32.2965 -0.441773 0.14205 0.88581 192.624
0.884283 0.0357958 0.465578 -134.408 0.0357958 0.988927 -0.144021 -32.369 -0.465578 0.144021 0.87321 193.032
0.870954 0.0392829 0.489793 -134.181 0.0392829 0.988042 -0.149097 -32.4425 -0.489793 0.149097 0.858995 193.429
0.857056 0.0427468 0.513446 -133.995 0.0427468 0.987217 -0.153545 -32.5006 -0.513446 0.153545 0.844273 193.728
0.842234 0.0459289 0.537152 -133.75 0.0459289 0.986629 -0.156376 -32.58 -0.537152 0.156376 0.828863 194.147
0.827372 0.0494998 0.559469 -133.58 0.0494998 0.985806 -0.160424 -32.6353 -0.559469 0.160424 0.813178 194.363
0.811639 0.0517122 0.581866 -133.32 0.0517122 0.985803 -0.159744 -32.7138 -0.581866 0.159744 0.797442 194.751
0.796196 0.0551721 0.602518 -133.049 0.0551721 0.985064 -0.163109 -32.791 -0.602518 0.163109 0.78126 195.071
0.780204 0.0579609 0.622834 -132.787 0.0579609 0.984716 -0.164243 -32.873 -0.622834 0.164243 0.764919 195.419
0.764305 0.0618029 0.641887 -132.519 0.0618029 0.983794 -0.168313 -32.9515 -0.641887 0.168313 0.748099 195.734
0.749167 0.0638596 0.659295 -132.221 0.0638596 0.983742 -0.16785 -33.0265 -0.659295 0.16785 0.732909 196.056
0.734244 0.0662711 0.675644 -131.887 0.0662711 0.983474 -0.168484 -33.1194 -0.675644 0.168484 0.717718 196.419
0.719196 0.0689614 0.691376 -131.534 0.0689614 0.983064 -0.169792 -33.2091 -0.691376 0.169792 0.70226 196.781
0.704765 0.0711047 0.705869 -131.217 0.0711047 0.982875 -0.170002 -33.2946 -0.705869 0.170002 0.68764 197.084
0.690225 0.0739535 0.719806 -130.977 0.0739535 0.982345 -0.171841 -33.3568 -0.719806 0.171841 0.67257 197.305
0.675913 0.0761369 0.733038 -130.684 0.0761369 0.982113 -0.172211 -33.4308 -0.733038 0.172211 0.658027 197.564
0.66123 0.0794097 0.745968 -130.347 0.0794097 0.981386 -0.17486 -33.5149 -0.745968 0.17486 0.642616 197.844
0.646642 0.0814853 0.758429 -129.973 0.0814853 0.981209 -0.174896 -33.6047 -0.758429 0.174896 0.627851 198.138
0.63044 0.0845878 0.771615 -129.602 0.0845878 0.980639 -0.176613 -33.6965 -0.771615 0.176613 0.611079 198.447
0.613849 0.0877751 0.784528 -129.195 0.0877751 0.980048 -0.178329 -33.7973 -0.784528 0.178329 0.593897 198.766
0.59791 0.0914716 0.796327 -128.761 0.0914716 0.979191 -0.181157 -33.9035 -0.796327 0.181157 0.577101 199.082
0.58116 0.0953429 0.808185 -128.295 0.0953429 0.978297 -0.183972 -34.0183 -0.808185 0.183972 0.559457 199.407
0.564721 0.100968 0.819082 -127.804 0.100968 0.976579 -0.189996 -34.1388 -0.819082 0.189996 0.5413 199.735
0.546605 0.102901 0.831044 -127.281 0.102901 0.976646 -0.18861 -34.2657 -0.831044 0.18861 0.523251 200.064
0.527853 0.106842 0.842589 -126.729 0.106842 0.975823 -0.190669 -34.3973 -0.842589 0.190669 0.503676 200.393
0.5081 0.110147 0.854226 -126.148 0.110147 0.975336 -0.191279 -34.5372 -0.854226 0.191279 0.483435 200.724
0.488348 0.113539 0.865231 -125.536 0.113539 0.974805 -0.192001 -34.6786 -0.865231 0.192001 0.463153 201.053
0.468501 0.116297 0.875775 -124.89 0.116297 0.974553 -0.191628 -34.8297 -0.875775 0.191628 0.443054 201.372
0.447761 0.120076 0.886054 -124.224 0.120076 0.973891 -0.19266 -34.9866 -0.886054 0.19266 0.421652 201.709
0.428043 0.121616 0.895538 -123.513 0.121616 0.974141 -0.190419 -35.1475 -0.895538 0.190419 0.402183 202.012
0.406924 0.125937 0.904739 -122.786 0.125937 0.973258 -0.192118 -35.3154 -0.904739 0.192118 0.380182 202.341
0.386725 0.128383 0.913215 -122.013 0.128383 0.973124 -0.191173 -35.4898 -0.913215 0.191173 0.359849 202.628
0.366507 0.130746 0.921183 -121.217 0.130746 0.973015 -0.190122 -35.6658 -0.921183 0.190122 0.339522 202.926
0.347503 0.134985 0.927912 -120.386 0.134985 0.972075 -0.191962 -35.8536 -0.927912 0.191962 0.319578 203.201
0.328717 0.140824 0.93387 -119.527 0.140824 0.970457 -0.195911 -36.0434 -0.93387 0.195911 0.299175 203.476
0.310118 0.146902 0.93928 -118.638 0.146902 0.968719 -0.200008 -36.2462 -0.93928 0.200008 0.278837 203.738
0.292578 0.154654 0.943653 -117.723 0.154654 0.96619 -0.206298 -36.4713 -0.943653 0.206298 0.258768 203.987
0.275258 0.160637 0.947855 -116.774 0.160637 0.964395 -0.210089 -36.6949 -0.947855 0.210089 0.239654 204.215
0.258485 0.168048 0.951286 -115.799 0.168048 0.961915 -0.215588 -36.926 -0.951286 0.215588 0.2204 204.443
0.241877 0.174669 0.954456 -114.797 0.174669 0.959757 -0.219903 -37.1637 -0.954456 0.219903 0.201634 204.669
0.225285 0.180887 0.957354 -113.764 0.180887 0.957765 -0.223531 -37.4027 -0.957354 0.223531 0.18305 204.874
0.208306 0.186518 0.960114 -112.703 0.186518 0.956057 -0.226197 -37.6531 -0.960114 0.226197 0.164363 205.07
0.192067 0.190903 0.962635 -111.612 0.190903 0.954893 -0.227456 -37.9235 -0.962635 0.227456 0.146959 205.213
0.175426 0.196546 0.964674 -110.497 0.196546 0.953151 -0.22994 -38.2065 -0.964674 0.22994 0.128577 205.366
0.160082 0.203944 0.965806 -109.353 0.203944 0.95048 -0.234511 -38.4996 -0.965806 0.234511 0.110562 205.483
0.143504 0.210502 0.967003 -108.191 0.210502 0.948265 -0.237662 -38.7893 -0.967003 0.237662 0.0917688 205.596
0.129197 0.215774 0.967858 -107.007 0.215774 0.946534 -0.239823 -39.0994 -0.967858 0.239823 0.0757307 205.691
0.11578 0.217594 0.969148 -105.834 0.217594 0.946453 -0.238493 -39.3895 -0.969148 0.238493 0.0622331 205.743
0.103947 0.220841 0.969755 -104.678 0.220841 0.945571 -0.239006 -39.6841 -0.969755 0.239006 0.0495185 205.796
0.0925897 0.222429 0.970542 -103.463 0.222429 0.945477 -0.237905 -39.9914 -0.970542 0.237905 0.0380666 205.837
0.0830745 0.225218 0.97076 -102.241 0.225218 0.944681 -0.238441 -40.3082 -0.97076 0.238441 0.0277557 205.867
0.0756493 0.226159 0.971148 -100.997 0.226159 0.944666 -0.237609 -40.6195 -0.971148 0.237609 0.0203153 205.86
0.0699547 0.230234 0.970618 -99.7521 0.230234 0.943005 -0.240278 -40.9605 -0.970618 0.240278 0.0129597 205.881
0.0648846 0.232301 0.970477 -98.5441 0.232301 0.942292 -0.241085 -41.2682 -0.970477 0.241085 0.00717655 205.872
0.0577837 0.234324 0.97044 -97.3384 0.234324 0.941725 -0.241343 -41.6087 -0.97044 0.241343 -0.000491597 205.881
0.0537932 0.237677 0.969854 -96.195 0.237677 0.940298 -0.243617 -41.9095 -0.969854 0.243617 -0.00590863 205.883
0.0519231 0.236702 0.970194 -95.0692 0.236702 0.940904 -0.242224 -42.2038 -0.970194 0.242224 -0.00717317 205.873
0.0514689 0.235969 0.970397 -93.9631 0.235969 0.941297 -0.241409 -42.4837 -0.970397 0.241409 -0.00723387 205.864
0.0507193 0.236361 0.970341 -92.8601 0.236361 0.941149 -0.241605 -42.7607 -0.970341 0.241605 -0.00813207 205.862
0.0500182 0.237462 0.970108 -91.7447 0.237462 0.940643 -0.242493 -43.0632 -0.970108 0.242493 -0.00933887 205.868
0.0502478 0.237147 0.970173 -90.6298 0.237147 0.940786 -0.242246 -43.3719 -0.970173 0.242246 -0.00896612 205.844
0.052679 0.239217 0.969536 -89.5065 0.239217 0.939593 -0.244827 -43.6787 -0.969536 0.244827 -0.00772809 205.832
0.0558284 0.240177 0.969122 -88.4061 0.240177 0.938904 -0.246524 -43.9849 -0.969122 0.246524 -0.00526742 205.833
0.0594357 0.240693 0.96878 -87.3118 0.240693 0.938406 -0.247914 -44.2779 -0.96878 0.247914 -0.00215855 205.831
0.0637335 0.242115 0.968152 -86.2344 0.242115 0.93739 -0.25036 -44.5832 -0.968152 0.25036 0.00112343 205.847
0.0692917 0.242029 0.967792 -85.169 0.242029 0.937061 -0.251672 -44.8728 -0.967792 0.251672 0.00635254 205.862
0.0744324 0.240421 0.967811 -84.1344 0.240421 0.93755 -0.251394 -45.1728 -0.967811 0.251394 0.011982 205.887
0.0804439 0.238572 0.967787 -83.09 0.238572 0.938104 -0.251086 -45.4732 -0.967787 0.251086 0.0185479 205.93
0.0855974 0.234468 0.968348 -82.0526 0.234468 0.939879 -0.2483 -45.7661 -0.968348 0.2483 0.025476 205.958
0.0915815 0.231228 0.96858 -81.0306 0.231228 0.941143 -0.246541 -46.0451 -0.96858 0.246541 0.0327249 205.991
0.097387 0.229459 0.968434 -80.0038 0.229459 0.941668 -0.246192 -46.333 -0.968434 0.246192 0.0390547 206.044
0.104132 0.228862 0.967873 -79.2683 0.228862 0.941534 -0.247257 -46.5361 -0.967873 0.247257 0.0456663 206.092
0.111052 0.227657 0.967388 -78.1441 0.227657 0.941698 -0.247745 -46.8482 -0.967388 0.247745 0.0527499 206.166
0.117168 0.224867 0.967319 -77.2582 0.224867 0.942724 -0.246386 -47.0827 -0.967319 0.246386 0.0598923 206.216
0.123341 0.22329 0.966917 -76.1871 0.22329 0.943127 -0.246279 -47.3864 -0.966917 0.246279 0.0664679 206.299
0.128686 0.220668 0.966822 -75.2435 0.220668 0.944114 -0.244856 -47.6486 -0.966822 0.244856 0.0727998 206.374
0.134 0.219468 0.966373 -74.2051 0.219468 0.944381 -0.244906 -47.9396 -0.966373 0.244906 0.0783808 206.472
0.140018 0.21931 0.965556 -73.2192 0.21931 0.944072 -0.246233 -48.2076 -0.965556 0.246233 0.0840905 206.579
0.147006 0.216106 0.96524 -72.1947 0.216106 0.94525 -0.244543 -48.4871 -0.96524 0.244543 0.0922554 206.681
0.153098 0.216415 0.964223 -71.209 0.216415 0.944698 -0.246395 -48.7651 -0.964223 0.246395 0.0977962 206.8
0.160352 0.213946 0.963594 -70.2088 0.213946 0.945486 -0.245528 -49.0318 -0.963594 0.245528 0.105838 206.907
0.165826 0.212229 0.963048 -69.2172 0.212229 0.946005 -0.245016 -49.3043 -0.963048 0.245016 0.111831 207.045
0.171854 0.210045 0.962469 -68.2217 0.210045 0.946726 -0.244113 -49.5767 -0.962469 0.244113 0.11858 207.171
0.177442 0.208672 0.961754 -67.2225 0.208672 0.947063 -0.243984 -49.8513 -0.961754 0.243984 0.124505 207.314
0.182766 0.206671 0.961189 -66.2082 0.206671 0.947735 -0.243076 -50.1266 -0.961189 0.243076 0.130501 207.481
0.189309 0.202017 0.960912 -65.179 0.202017 0.949659 -0.23945 -50.4143 -0.960912 0.23945 0.138968 207.626
0.197274 0.201149 0.95949 -64.1427 0.201149 0.949596 -0.240431 -50.7017 -0.95949 0.240431 0.14687 207.804
0.20499 0.198465 0.958431 -63.1132 0.198465 0.950456 -0.239261 -50.9799 -0.958431 0.239261 0.155446 207.992
0.213804 0.19748 0.956708 -62.1318 0.19748 0.950396 -0.24031 -51.2354 -0.956708 0.24031 0.1642 208.176
0.219211 0.197056 0.955571 -61.1332 0.197056 0.950267 -0.241167 -51.5051 -0.955571 0.241167 0.169478 208.362
0.222638 0.204279 0.953259 -60.2336 0.204279 0.946319 -0.250502 -51.7178 -0.953259 0.250502 0.168957 208.7
0.225184 0.202623 0.953014 -59.2561 0.202623 0.947012 -0.249224 -52.0043 -0.953014 0.249224 0.172195 208.81
0.227986 0.200663 0.952763 -58.3249 0.200663 0.947843 -0.247643 -52.2528 -0.952763 0.247643 0.175829 208.978
0.229723 0.20042 0.952397 -57.4013 0.20042 0.947852 -0.247806 -52.4987 -0.952397 0.247806 0.177575 209.158
0.231348 0.199519 0.952192 -56.468 0.199519 0.948211 -0.247161 -52.7764 -0.952192 0.247161 0.179559 209.383
0.232477 0.196295 0.952587 -55.5456 0.196295 0.949797 -0.243625 -53.0495 -0.952587 0.243625 0.182274 209.552
