0.999924 -6.6855e-006 0.0123484 0.00504056 -6.6855e-006 0.999999 0.00108277 -0.00581485 -0.0123484 -0.00108277 0.999923 0.288886
0.999818 -1.0123e-005 0.0190963 0.0187313 -1.0123e-005 0.999999 0.00106011 -0.00993298 -0.0190963 -0.00106011 0.999817 0.581803
0.999788 2.92728e-006 0.0205906 0.0397473 2.92728e-006 1 -0.000284301 -0.0114743 -0.0205906 0.000284301 0.999788 0.879957
0.999836 1.77808e-005 0.0180956 0.0593442 1.77808e-005 0.999998 -0.00196504 -0.0114438 -0.0180956 0.00196504 0.999834 1.18526
0.999964 1.30735e-005 0.0084386 0.0729806 1.30735e-005 0.999995 -0.00309844 -0.011167 -0.0084386 0.00309844 0.99996 1.50045
1 -2.23559e-006 -0.000933179 0.0204802 -2.23559e-006 0.999989 -0.00479132 -0.0288745 0.000933179 0.00479132 0.999988 1.82327
0.999857 -4.10512e-005 -0.0169202 -0.00586181 -4.10512e-005 0.999988 -0.00485196 -0.034286 0.0169202 0.00485196 0.999845 2.15995
0.99936 -6.78129e-005 -0.0357649 -0.0486138 -6.78129e-005 0.999993 -0.00379092 -0.0492586 0.0357649 0.00379092 0.999353 2.51293
0.998472 -0.000128023 -0.0552511 -0.104437 -0.000128023 0.999989 -0.00463067 -0.0542348 0.0552511 0.00463067 0.998462 2.86894
0.997314 -0.000186684 -0.0732511 -0.193506 -0.000186684 0.999987 -0.00509021 -0.0570298 0.0732511 0.00509021 0.997301 3.23195
0.995192 -0.000250392 -0.0979455 -0.204557 -0.000250392 0.999987 -0.00510055 -0.0567026 0.0979455 0.00510055 0.995179 3.62059
0.993179 -0.000265939 -0.116601 -0.292641 -0.000265939 0.99999 -0.00454594 -0.0550603 0.116601 0.00454594 0.993168 4.00594
0.990737 -0.000294174 -0.135795 -0.366736 -0.000294174 0.999991 -0.00431253 -0.0585854 0.135795 0.00431253 0.990728 4.40132
0.987925 -0.000369503 -0.154929 -0.403006 -0.000369503 0.999989 -0.00474113 -0.0542264 0.154929 0.00474113 0.987914 4.81793
0.985747 -0.000388977 -0.168237 -0.495821 -0.000388977 0.999989 -0.00459118 -0.0671677 0.168237 0.00459118 0.985736 5.2365
0.983585 -0.000504095 -0.180444 -0.599821 -0.000504095 0.999985 -0.00554139 -0.076248 0.180444 0.00554139 0.98357 5.66641
0.982047 -0.000740619 -0.188635 -0.722537 -0.000740619 0.999969 -0.00778181 -0.0874439 0.188635 0.00778181 0.982017 6.10283
0.980255 -0.00110684 -0.197736 -0.811013 -0.00110684 0.999938 -0.0110842 -0.0840711 0.197736 0.0110842 0.980193 6.56199
0.978407 -0.00139598 -0.206683 -0.907652 -0.00139598 0.99991 -0.013362 -0.0898627 0.206683 0.013362 0.978317 7.03565
0.976104 -0.00182717 -0.217298 -1.0235 -0.00182717 0.99986 -0.016615 -0.121091 0.217298 0.016615 0.975964 7.524
0.974787 -0.00214566 -0.223127 -1.13107 -0.00214566 0.999817 -0.0189884 -0.108635 0.223127 0.0189884 0.974605 8.01792
0.973146 -0.00234461 -0.230177 -1.26661 -0.00234461 0.999795 -0.0200966 -0.148397 0.230177 0.0200966 0.972941 8.52428
0.97 -0.00313578 -0.243086 -1.35312 -0.00313578 0.999672 -0.0254085 -0.148313 0.243086 0.0254085 0.969672 9.05452
0.968956 -0.00322596 -0.247214 -1.59064 -0.00322596 0.999665 -0.0256891 -0.213561 0.247214 0.0256891 0.96862 9.55692
0.965396 -0.00384118 -0.26076 -1.6705 -0.00384118 0.999574 -0.0289454 -0.208455 0.26076 0.0289454 0.96497 10.1166
0.96388 -0.00397185 -0.266309 -1.86682 -0.00397185 0.999563 -0.0292837 -0.24508 0.266309 0.0292837 0.963443 10.6509
0.957813 -0.00594026 -0.287329 -1.89453 -0.00594026 0.999164 -0.0404587 -0.237189 0.287329 0.0404587 0.956977 11.2368
0.958864 -0.00502866 -0.283822 -2.20566 -0.00502866 0.999385 -0.0346955 -0.283368 0.283822 0.0346955 0.958249 11.7697
0.955309 -0.00604785 -0.295548 -2.38099 -0.00604785 0.999182 -0.0399951 -0.315734 0.295548 0.0399951 0.95449 12.342
0.951223 -0.0073347 -0.308416 -2.4722 -0.0073347 0.998897 -0.0463775 -0.351665 0.308416 0.0463775 0.950121 12.9555
0.951002 -0.00806161 -0.30908 -2.77522 -0.00806161 0.998674 -0.0508526 -0.385118 0.30908 0.0508526 0.949676 13.5252
0.950092 -0.00923896 -0.311832 -3.02072 -0.00923896 0.99829 -0.0577267 -0.433884 0.311832 0.0577267 0.948382 14.1162
0.948781 -0.0103148 -0.315768 -3.22257 -0.0103148 0.997923 -0.0635904 -0.488525 0.315768 0.0635904 0.946703 14.7404
0.947354 -0.011772 -0.319971 -3.47889 -0.011772 0.997368 -0.0715482 -0.538523 0.319971 0.0715482 0.944722 15.3562
0.946666 -0.0124714 -0.321974 -3.75941 -0.0124714 0.997084 -0.0752897 -0.61397 0.321974 0.0752897 0.94375 15.9757
0.944514 -0.0136624 -0.328188 -3.99241 -0.0136624 0.996636 -0.0808098 -0.676306 0.328188 0.0808098 0.94115 16.6462
0.942242 -0.0152791 -0.334584 -4.2571 -0.0152791 0.995958 -0.0885098 -0.718101 0.334584 0.0885098 0.9382 17.2792
0.939531 -0.0160477 -0.342089 -4.43673 -0.0160477 0.995741 -0.0907852 -0.851112 0.342089 0.0907852 0.935272 17.9736
0.938245 -0.0168264 -0.345563 -4.78173 -0.0168264 0.995415 -0.0941554 -0.854689 0.345563 0.0941554 0.93366 18.6315
0.935844 -0.0172665 -0.351992 -5.05439 -0.0172665 0.995353 -0.0947324 -0.935995 0.351992 0.0947324 0.931197 19.3212
0.933293 -0.0175879 -0.358685 -5.30891 -0.0175879 0.995363 -0.0945702 -1.04188 0.358685 0.0945702 0.928656 20.0337
0.9323 -0.0172747 -0.361274 -5.69011 -0.0172747 0.995592 -0.0921845 -1.11387 0.361274 0.0921845 0.927892 20.7057
0.930145 -0.0173798 -0.366781 -6.00593 -0.0173798 0.995676 -0.0912545 -1.18599 0.366781 0.0912545 0.925821 21.4207
0.926013 -0.0176442 -0.377078 -6.32382 -0.0176442 0.995792 -0.089925 -1.26414 0.377078 0.089925 0.921806 22.1458
0.922719 -0.0170731 -0.385096 -6.66069 -0.0170731 0.996228 -0.0850761 -1.32284 0.385096 0.0850761 0.918947 22.8943
0.918368 -0.0169748 -0.395364 -6.97541 -0.0169748 0.99647 -0.0822131 -1.3868 0.395364 0.0822131 0.914838 23.6352
0.915667 -0.0156017 -0.401634 -7.38717 -0.0156017 0.997114 -0.0743032 -1.46171 0.401634 0.0743032 0.912781 24.3536
0.911063 -0.016087 -0.411952 -7.72087 -0.016087 0.99709 -0.0745146 -1.51791 0.411952 0.0745146 0.908154 25.1139
0.907326 -0.0161531 -0.420116 -8.10803 -0.0161531 0.997184 -0.073227 -1.61629 0.420116 0.073227 0.904511 25.8571
0.903537 -0.016596 -0.428188 -8.55 -0.016596 0.997145 -0.0736677 -1.64517 0.428188 0.0736677 0.900682 26.587
0.898634 -0.016932 -0.438372 -8.87364 -0.016932 0.997172 -0.0732247 -1.73673 0.438372 0.0732247 0.895806 27.3861
0.894774 -0.0173061 -0.446184 -9.26952 -0.0173061 0.997154 -0.0733818 -1.79746 0.446184 0.0733818 0.891928 28.1563
0.892887 -0.0162943 -0.449986 -9.95482 -0.0162943 0.997521 -0.0684529 -1.81861 0.449986 0.0684529 0.890408 28.7964
0.883612 -0.01575 -0.467954 -10.2934 -0.01575 0.997869 -0.0633253 -1.89884 0.467954 0.0633253 0.881481 29.6372
0.883612 -0.01575 -0.467954 -10.632 -0.01575 0.997869 -0.0633253 -1.97907 0.467954 0.0633253 0.881481 30.4781
0.880971 -0.0155914 -0.472913 -11.2265 -0.0155914 0.997958 -0.0619463 -2.00245 0.472913 0.0619463 0.878929 31.1975
0.877914 -0.0156024 -0.478564 -11.7106 -0.0156024 0.998006 -0.06116 -2.05591 0.478564 0.06116 0.87592 31.989
0.874212 -0.0157016 -0.485291 -12.1342 -0.0157016 0.99804 -0.0605766 -2.13702 0.485291 0.0605766 0.872252 32.8257
0.871624 -0.0158856 -0.489918 -12.6663 -0.0158856 0.998034 -0.0606238 -2.17813 0.489918 0.0606238 0.869658 33.6226
0.868462 -0.0162442 -0.49549 -13.0952 -0.0162442 0.997994 -0.0611899 -2.28484 0.49549 0.0611899 0.866456 34.4869
0.866156 -0.0176636 -0.499462 -13.5805 -0.0176636 0.997669 -0.0659147 -2.27505 0.499462 0.0659147 0.863825 35.3246
0.865247 -0.0210904 -0.500902 -13.9844 -0.0210904 0.996699 -0.0783969 -2.36141 0.500902 0.0783969 0.861946 36.2372
0.863772 -0.0159964 -0.503628 -14.584 -0.0159964 0.998122 -0.0591379 -2.61278 0.503628 0.0591379 0.861894 37.0782
0.865031 -0.0171701 -0.501425 -15.2169 -0.0171701 0.997816 -0.0637888 -2.47861 0.501425 0.0637888 0.862847 37.9052
0.865543 -0.0167046 -0.500556 -15.7072 -0.0167046 0.997925 -0.0621879 -2.63553 0.500556 0.0621879 0.863467 38.8203
0.864039 -0.0165068 -0.503154 -16.2688 -0.0165068 0.997996 -0.0610873 -2.70911 0.503154 0.0610873 0.862035 39.7103
0.865247 -0.017352 -0.501045 -16.8228 -0.017352 0.997766 -0.0645192 -2.78231 0.501045 0.0645192 0.863013 40.6141
0.86301 -0.0165473 -0.504916 -17.3794 -0.0165473 0.998001 -0.0609898 -2.8753 0.504916 0.0609898 0.861011 41.5239
0.860149 -0.0165369 -0.509774 -17.9067 -0.0165369 0.998045 -0.0602791 -2.92825 0.509774 0.0602791 0.858194 42.4555
0.857371 -0.0167004 -0.514427 -18.4416 -0.0167004 0.998045 -0.0602344 -3.00147 0.514427 0.0602344 0.855416 43.3764
0.853813 -0.0157539 -0.520341 -19.0683 -0.0157539 0.998302 -0.0560748 -3.0883 0.520341 0.0560748 0.852115 44.2411
0.84729 -0.0176462 -0.530837 -19.5801 -0.0176462 0.997961 -0.0613404 -3.15654 0.530837 0.0613404 0.845251 45.1746
0.84206 -0.0187605 -0.539058 -20.2077 -0.0187605 0.997772 -0.0640305 -3.24473 0.539058 0.0640305 0.839831 46.0466
0.836337 -0.0189618 -0.547888 -20.8506 -0.0189618 0.997803 -0.0634777 -3.32035 0.547888 0.0634777 0.83414 46.9066
0.830628 -0.0180084 -0.556537 -21.5234 -0.0180084 0.998085 -0.0591733 -3.50074 0.556537 0.0591733 0.828713 47.7279
0.824522 -0.0169296 -0.565577 -22.0754 -0.0169296 0.998367 -0.054565 -3.50786 0.565577 0.054565 0.822888 48.6647
0.820783 -0.0174237 -0.570974 -22.7167 -0.0174237 0.998306 -0.055511 -3.56998 0.570974 0.055511 0.81909 49.5128
0.816893 -0.0187074 -0.576485 -23.352 -0.0187074 0.998089 -0.0588974 -3.67149 0.576485 0.0588974 0.814982 50.3555
0.814236 -0.0203035 -0.580179 -23.9982 -0.0203035 0.997781 -0.0634121 -3.73971 0.580179 0.0634121 0.812017 51.1941
0.810353 -0.0213352 -0.585553 -24.6199 -0.0213352 0.9976 -0.0658745 -3.82244 0.585553 0.0658745 0.807953 52.0566
0.807234 -0.0204345 -0.589878 -25.2607 -0.0204345 0.997834 -0.0625309 -3.91786 0.589878 0.0625309 0.805068 52.9093
0.804114 -0.0193308 -0.594161 -25.9094 -0.0193308 0.998092 -0.0586342 -3.98153 0.594161 0.0586342 0.802206 53.7671
0.801463 -0.0184123 -0.59776 -26.5926 -0.0184123 0.998292 -0.0554363 -4.04623 0.59776 0.0554363 0.799756 54.5957
0.797932 -0.0186914 -0.602458 -27.2476 -0.0186914 0.998271 -0.0557276 -4.11989 0.602458 0.0557276 0.796203 55.4459
0.795137 -0.0193337 -0.606122 -27.9409 -0.0193337 0.998175 -0.057202 -4.17414 0.606122 0.057202 0.793312 56.2709
0.790663 -0.0200664 -0.611922 -28.5559 -0.0200664 0.998076 -0.0586571 -4.29079 0.611922 0.0586571 0.78874 57.1457
0.786459 -0.020951 -0.617288 -29.2646 -0.020951 0.997944 -0.0605633 -4.35277 0.617288 0.0605633 0.784403 57.9672
0.782501 -0.0211526 -0.62229 -29.9683 -0.0211526 0.997943 -0.0605199 -4.43109 0.62229 0.0605199 0.780444 58.7742
0.77697 -0.0213094 -0.629176 -30.6399 -0.0213094 0.997964 -0.0601149 -4.51057 0.629176 0.0601149 0.774934 59.6187
0.771924 -0.0219561 -0.635336 -31.3515 -0.0219561 0.997886 -0.0611616 -4.5915 0.635336 0.0611616 0.76981 60.4343
0.766034 -0.0229892 -0.642389 -32.0776 -0.0229892 0.997741 -0.0631204 -4.6701 0.642389 0.0631204 0.763775 61.2442
0.761147 -0.023875 -0.64814 -32.831 -0.023875 0.997614 -0.0647859 -4.74992 0.64814 0.0647859 0.75876 62.0307
0.755798 -0.0245749 -0.654344 -33.5737 -0.0245749 0.997527 -0.065849 -4.83514 0.654344 0.065849 0.753325 62.8318
0.748735 -0.0268131 -0.662327 -34.2915 -0.0268131 0.997139 -0.0706785 -4.91462 0.662327 0.0706785 0.745874 63.6785
0.742298 -0.0282479 -0.669474 -35.0694 -0.0282479 0.996904 -0.073384 -4.98372 0.669474 0.073384 0.739202 64.465
0.735 -0.0292582 -0.677436 -35.7959 -0.0292582 0.99677 -0.0747946 -5.09907 0.677436 0.0747946 0.731769 65.279
0.728958 -0.0288912 -0.683949 -36.5819 -0.0288912 0.99692 -0.0729041 -5.18616 0.683949 0.0729041 0.725878 66.0639
0.722763 -0.0294723 -0.690467 -37.3261 -0.0294723 0.996867 -0.0734017 -5.29838 0.690467 0.0734017 0.71963 66.8875
0.716062 -0.0312439 -0.697337 -38.1064 -0.0312439 0.996562 -0.0767335 -5.38119 0.697337 0.0767335 0.712624 67.6955
0.710462 -0.0305523 -0.703072 -38.987 -0.0305523 0.996776 -0.0741888 -5.49299 0.703072 0.0741888 0.707238 68.4043
0.705825 -0.0305745 -0.707726 -39.7521 -0.0305745 0.996822 -0.0735561 -5.5739 0.707726 0.0735561 0.702648 69.2485
0.701157 -0.0310756 -0.712329 -40.6292 -0.0310756 0.996769 -0.0740725 -5.64841 0.712329 0.0740725 0.697926 69.9769
0.695297 -0.0320003 -0.71801 -41.4143 -0.0320003 0.996639 -0.0754062 -5.77024 0.71801 0.0754062 0.691936 70.8027
0.691967 -0.0327295 -0.721187 -42.2849 -0.0327295 0.996522 -0.0766284 -5.83369 0.721187 0.0766284 0.688489 71.5456
0.688063 -0.0332534 -0.724889 -43.1481 -0.0332534 0.996455 -0.0772753 -5.95679 0.724889 0.0772753 0.684518 72.2977
0.685774 -0.0343011 -0.727006 -44.0624 -0.0343011 0.996256 -0.0793604 -6.05856 0.727006 0.0793604 0.68203 72.9968
0.677351 -0.0345846 -0.734847 -44.8239 -0.0345846 0.996293 -0.0787677 -6.15525 0.734847 0.0787677 0.673644 73.8941
0.672615 -0.0341189 -0.739206 -45.7376 -0.0341189 0.996444 -0.0770374 -6.28521 0.739206 0.0770374 0.669059 74.6179
0.666429 -0.0364475 -0.744677 -46.5415 -0.0364475 0.996018 -0.0813669 -6.37487 0.744677 0.0813669 0.662446 75.4675
0.663162 -0.03698 -0.747562 -47.4406 -0.03698 0.99594 -0.0820717 -6.48385 0.747562 0.0820717 0.659102 76.2108
0.658118 -0.0390121 -0.751903 -48.3518 -0.0390121 0.995548 -0.0857995 -6.59699 0.751903 0.0857995 0.653666 76.9602
0.651767 -0.0396985 -0.75738 -49.1738 -0.0396985 0.995474 -0.086341 -6.73075 0.75738 0.086341 0.647241 77.8098
0.653182 -0.0405217 -0.756116 -50.2838 -0.0405217 0.995266 -0.0883434 -6.7767 0.756116 0.0883434 0.648448 78.3435
0.649635 -0.0426241 -0.75905 -51.1641 -0.0426241 0.994815 -0.0923432 -6.90085 0.75905 0.0923432 0.64445 79.1457
0.643117 -0.0458385 -0.764395 -52.0255 -0.0458385 0.994112 -0.0981798 -7.05172 0.764395 0.0981798 0.63723 79.9744
0.638201 -0.0485436 -0.768337 -53.0077 -0.0485436 0.993487 -0.10309 -7.1793 0.768337 0.10309 0.631688 80.6644
0.631968 -0.0498646 -0.773388 -53.9581 -0.0498646 0.993244 -0.104786 -7.29975 0.773388 0.104786 0.625212 81.4009
0.621633 -0.0520396 -0.781578 -54.8812 -0.0520396 0.992843 -0.107496 -7.46334 0.781578 0.107496 0.614475 82.1751
0.614569 -0.0521824 -0.787135 -55.8889 -0.0521824 0.992935 -0.106568 -7.56495 0.787135 0.106568 0.607504 82.8669
0.60585 -0.0527378 -0.793829 -56.8916 -0.0527378 0.992944 -0.106216 -7.71885 0.793829 0.106216 0.598794 83.552
0.596686 -0.0544344 -0.800627 -57.9149 -0.0544344 0.992653 -0.108059 -7.84172 0.800627 0.108059 0.589339 84.2154
0.586257 -0.0557378 -0.808205 -58.8882 -0.0557378 0.992491 -0.108878 -8.01329 0.808205 0.108878 0.578748 84.9511
0.577699 -0.0576864 -0.814209 -59.9509 -0.0576864 0.99212 -0.111221 -8.14773 0.814209 0.111221 0.569819 85.5681
0.568261 -0.0598178 -0.820671 -60.9867 -0.0598178 0.991712 -0.113705 -8.28607 0.820671 0.113705 0.559973 86.2323
0.558395 -0.06084 -0.827341 -62.0346 -0.06084 0.991618 -0.113983 -8.44984 0.827341 0.113983 0.550013 86.8772
0.54728 -0.0625697 -0.834608 -63.0428 -0.0625697 0.991352 -0.11535 -8.60224 0.834608 0.11535 0.538632 87.5965
0.537822 -0.0630691 -0.840696 -64.1525 -0.0630691 0.991394 -0.114722 -8.75818 0.840696 0.114722 0.529216 88.1581
0.525924 -0.0632614 -0.848176 -65.139 -0.0632614 0.991558 -0.113182 -8.92438 0.848176 0.113182 0.517482 88.9236
0.517021 -0.0651574 -0.853489 -66.2619 -0.0651574 0.99121 -0.115142 -9.07494 0.853489 0.115142 0.508231 89.4681
0.508068 -0.064922 -0.858867 -67.3824 -0.064922 0.991432 -0.113348 -9.26203 0.858867 0.113348 0.4995 90.0286
0.496872 -0.0664445 -0.865276 -68.3833 -0.0664445 0.991225 -0.114271 -9.34525 0.865276 0.114271 0.488097 90.8183
0.491551 -0.0663277 -0.868319 -69.582 -0.0663277 0.991347 -0.113273 -9.57631 0.868319 0.113273 0.482898 91.2417
0.482854 -0.066263 -0.87319 -70.6688 -0.066263 0.99151 -0.111884 -9.68871 0.87319 0.111884 0.474364 91.9033
0.476246 -0.0695691 -0.876556 -71.8039 -0.0695691 0.990759 -0.116431 -9.89887 0.876556 0.116431 0.467005 92.4307
0.472322 -0.0732454 -0.878377 -73.0045 -0.0732454 0.989833 -0.121925 -10.0442 0.878377 0.121925 0.462155 92.863
0.464664 -0.0742174 -0.882371 -74.0901 -0.0742174 0.989711 -0.122329 -10.208 0.882371 0.122329 0.454375 93.5204
0.4597 -0.0771906 -0.884713 -75.2163 -0.0771906 0.988972 -0.126396 -10.4037 0.884713 0.126396 0.448672 94.0888
0.4568 -0.0786519 -0.886086 -76.3755 -0.0786519 0.988612 -0.128299 -10.5945 0.886086 0.128299 0.445411 94.5689
0.452666 -0.0800314 -0.888081 -77.5048 -0.0800314 0.988298 -0.129856 -10.7392 0.888081 0.129856 0.440964 95.1378
0.449252 -0.0807589 -0.889748 -78.6625 -0.0807589 0.988158 -0.130468 -10.9339 0.889748 0.130468 0.43741 95.7242
0.446674 -0.0810891 -0.891015 -79.7579 -0.0810891 0.988117 -0.130577 -11.1062 0.891015 0.130577 0.43479 96.2295
0.442204 -0.0834911 -0.89302 -80.8555 -0.0834911 0.987503 -0.133668 -11.2646 0.89302 0.133668 0.429707 96.8171
0.442157 -0.0831201 -0.893078 -82.0053 -0.0831201 0.987615 -0.133071 -11.4764 0.893078 0.133071 0.429772 97.2714
0.440516 -0.0837316 -0.893831 -83.1297 -0.0837316 0.987469 -0.13377 -11.6471 0.893831 0.13377 0.427985 97.7844
0.436485 -0.0841429 -0.895769 -84.1832 -0.0841429 0.987436 -0.133754 -11.846 0.895769 0.133754 0.42392 98.4066
0.439501 -0.0860921 -0.894107 -85.3463 -0.0860921 0.986776 -0.137334 -12.005 0.894107 0.137334 0.426278 98.7526
0.424962 -0.0881776 -0.900906 -86.2073 -0.0881776 0.986479 -0.138147 -12.2624 0.900906 0.138147 0.411441 99.6537
0.433633 -0.0839895 -0.897167 -87.4446 -0.0839895 0.987545 -0.133046 -12.3928 0.897167 0.133046 0.421178 99.8622
0.435413 -0.0874011 -0.895978 -88.5562 -0.0874011 0.98647 -0.138702 -12.5384 0.895978 0.138702 0.421883 100.269
0.438285 -0.0860225 -0.89471 -89.6428 -0.0860225 0.986826 -0.137018 -12.7243 0.89471 0.137018 0.425111 100.672
0.434789 -0.0889962 -0.896124 -90.6547 -0.0889962 0.985987 -0.141101 -12.9042 0.896124 0.141101 0.420776 101.23
0.436816 -0.0880799 -0.895228 -91.7084 -0.0880799 0.986225 -0.140011 -13.1197 0.895228 0.140011 0.423041 101.648
0.439035 -0.0854041 -0.894402 -92.7318 -0.0854041 0.986998 -0.136168 -13.2472 0.894402 0.136168 0.426033 102.134
0.441787 -0.0867549 -0.892915 -93.7419 -0.0867549 0.986517 -0.138773 -13.4568 0.892915 0.138773 0.428304 102.605
0.447357 -0.0852005 -0.890288 -94.7523 -0.0852005 0.986865 -0.137255 -13.5818 0.890288 0.137255 0.434222 103.092
0.45089 -0.0824224 -0.888766 -95.7196 -0.0824224 0.987628 -0.133405 -13.787 0.888766 0.133405 0.438518 103.633
0.458782 -0.0821799 -0.88474 -96.732 -0.0821799 0.987522 -0.134341 -13.9662 0.88474 0.134341 0.446304 104.083
0.459448 -0.0807913 -0.884523 -97.6246 -0.0807913 0.987925 -0.132201 -14.1184 0.884523 0.132201 0.447373 104.75
0.474516 -0.0780408 -0.87678 -98.6911 -0.0780408 0.98841 -0.130213 -14.2945 0.87678 0.130213 0.462926 105.094
0.481612 -0.0789794 -0.872819 -99.6178 -0.0789794 0.987967 -0.132979 -14.4693 0.872819 0.132979 0.469579 105.682
0.490433 -0.0771369 -0.868058 -100.582 -0.0771369 0.988323 -0.131405 -14.6101 0.868058 0.131405 0.478757 106.195
0.50323 -0.075593 -0.86084 -101.556 -0.075593 0.988497 -0.130993 -14.7734 0.86084 0.130993 0.491727 106.674
0.511611 -0.0724163 -0.85616 -102.435 -0.0724163 0.989262 -0.126948 -14.97 0.85616 0.126948 0.500874 107.303
0.521918 -0.0731593 -0.849852 -103.352 -0.0731593 0.988805 -0.13005 -15.128 0.849852 0.13005 0.510723 107.883
0.536561 -0.0667619 -0.841217 -104.289 -0.0667619 0.990382 -0.121184 -15.2788 0.841217 0.121184 0.526943 108.432
0.546432 -0.0656552 -0.834926 -105.177 -0.0656552 0.990496 -0.120858 -15.4322 0.834926 0.120858 0.536928 109.052
0.558759 -0.0633621 -0.826906 -106.081 -0.0633621 0.990901 -0.118743 -15.5763 0.826906 0.118743 0.54966 109.637
0.571093 -0.0626429 -0.818492 -106.983 -0.0626429 0.990851 -0.119543 -15.7265 0.818492 0.119543 0.561944 110.216
0.575084 -0.0633065 -0.815641 -107.721 -0.0633065 0.990568 -0.121519 -15.8913 0.815641 0.121519 0.565652 110.987
0.588795 -0.0666664 -0.805529 -108.598 -0.0666664 0.989192 -0.130596 -16.0255 0.805529 0.130596 0.577986 111.567
0.600704 -0.0639985 -0.796906 -109.462 -0.0639985 0.989742 -0.127727 -16.1764 0.796906 0.127727 0.590446 112.144
0.604004 -0.0603261 -0.794695 -110.184 -0.0603261 0.99081 -0.121064 -16.3134 0.794695 0.121064 0.594814 112.899
0.618825 -0.0587325 -0.78333 -111.045 -0.0587325 0.99095 -0.120698 -16.4946 0.78333 0.120698 0.609776 113.455
0.6297 -0.0587 -0.774617 -111.871 -0.0587 0.990695 -0.122793 -16.5797 0.774617 0.122793 0.620395 114.05
0.634847 -0.0526801 -0.77084 -112.568 -0.0526801 0.9924 -0.111208 -16.7575 0.77084 0.111208 0.627247 114.782
0.643764 -0.0510896 -0.763517 -113.305 -0.0510896 0.992673 -0.1095 -16.9193 0.763517 0.1095 0.636437 115.442
0.652628 -0.0499355 -0.756031 -114.055 -0.0499355 0.992822 -0.108681 -17.0343 0.756031 0.108681 0.645449 116.086
0.662615 -0.0489988 -0.747356 -114.795 -0.0489988 0.992884 -0.108539 -17.1627 0.747356 0.108539 0.655499 116.729
0.669735 -0.0460897 -0.741169 -115.457 -0.0460897 0.993568 -0.103433 -17.2971 0.741169 0.103433 0.663303 117.44
0.678319 -0.0457816 -0.73334 -116.18 -0.0457816 0.993484 -0.104369 -17.4142 0.73334 0.104369 0.671804 118.08
0.686387 -0.0453582 -0.725821 -116.877 -0.0453582 0.99344 -0.104976 -17.5352 0.725821 0.104976 0.679826 118.73
0.692847 -0.0435137 -0.71977 -117.536 -0.0435137 0.993835 -0.101968 -17.6526 0.71977 0.101968 0.686683 119.41
0.700632 -0.0419891 -0.712286 -118.213 -0.0419891 0.994111 -0.0999047 -17.7656 0.712286 0.0999047 0.694743 120.057
0.707081 -0.0393595 -0.706036 -118.827 -0.0393595 0.994711 -0.09487 -17.8767 0.706036 0.09487 0.701792 120.733
0.713838 -0.0374159 -0.69931 -119.435 -0.0374159 0.995108 -0.0914354 -17.9727 0.69931 0.0914354 0.708946 121.407
0.72202 -0.0380614 -0.690824 -120.065 -0.0380614 0.994789 -0.0945886 -18.0713 0.690824 0.0945886 0.716809 122.03
0.729455 -0.0361289 -0.683074 -120.662 -0.0361289 0.995175 -0.0912186 -18.1783 0.683074 0.0912186 0.724631 122.676
0.738083 -0.0342251 -0.673842 -121.231 -0.0342251 0.995528 -0.0880519 -18.2678 0.673842 0.0880519 0.733611 123.337
0.747529 -0.0320415 -0.663455 -121.807 -0.0320415 0.995934 -0.0842002 -18.3559 0.663455 0.0842002 0.743463 123.99
0.757332 -0.030591 -0.652313 -122.359 -0.030591 0.996144 -0.0822315 -18.4454 0.652313 0.0822315 0.753476 124.655
0.766753 -0.0296546 -0.641257 -122.87 -0.0296546 0.99623 -0.0815283 -18.5294 0.641257 0.0815283 0.762983 125.32
0.776742 -0.0294587 -0.629129 -123.394 -0.0294587 0.996113 -0.0830132 -18.6177 0.629129 0.0830132 0.772855 125.979
0.786464 -0.0287318 -0.616967 -123.891 -0.0287318 0.996134 -0.0830147 -18.7014 0.616967 0.0830147 0.782598 126.654
0.796527 -0.0270269 -0.603999 -124.38 -0.0270269 0.99641 -0.0802277 -18.7902 0.603999 0.0802277 0.792937 127.337
0.806823 -0.0258067 -0.590229 -124.854 -0.0258067 0.996552 -0.0788492 -18.8686 0.590229 0.0788492 0.803375 128.025
0.816236 -0.0245579 -0.577196 -125.325 -0.0245579 0.996718 -0.0771357 -18.9496 0.577196 0.0771357 0.812954 128.716
0.825761 -0.0230165 -0.563551 -125.802 -0.0230165 0.99696 -0.0744433 -19.0175 0.563551 0.0744433 0.82272 129.405
0.833568 -0.0223928 -0.551962 -126.219 -0.0223928 0.996987 -0.0742647 -19.0939 0.551962 0.0742647 0.830556 130.129
0.840832 -0.0215643 -0.540867 -126.652 -0.0215643 0.997078 -0.0732771 -19.166 0.540867 0.0732771 0.83791 130.84
0.847562 -0.0210067 -0.53028 -127.082 -0.0210067 0.997105 -0.0730751 -19.2377 0.53028 0.0730751 0.844667 131.556
0.854263 -0.0205016 -0.519437 -127.512 -0.0205016 0.997116 -0.0730719 -19.3135 0.519437 0.0730719 0.851379 132.289
0.860962 -0.0194606 -0.508297 -127.922 -0.0194606 0.997276 -0.0711441 -19.3846 0.508297 0.0711441 0.858238 133.003
0.867224 -0.018799 -0.497564 -128.329 -0.018799 0.997338 -0.070447 -19.4554 0.497564 0.070447 0.864562 133.739
0.873138 -0.0184247 -0.487125 -128.73 -0.0184247 0.997324 -0.0707471 -19.5281 0.487125 0.0707471 0.870462 134.483
0.878358 -0.0184225 -0.477648 -129.122 -0.0184225 0.99721 -0.0723392 -19.5989 0.477648 0.0723392 0.875568 135.241
0.882759 -0.0180124 -0.46948 -129.513 -0.0180124 0.997233 -0.0721288 -19.6764 0.46948 0.0721288 0.879992 135.999
0.886617 -0.0176606 -0.462168 -129.923 -0.0176606 0.997249 -0.0719873 -19.7427 0.462168 0.0719873 0.883866 136.765
0.889632 -0.0166752 -0.456373 -130.314 -0.0166752 0.997481 -0.0689523 -19.8224 0.456373 0.0689523 0.887113 137.553
0.892577 -0.0153083 -0.450636 -130.697 -0.0153083 0.997819 -0.0642174 -19.8818 0.450636 0.0642174 0.890395 138.363
0.89621 -0.014176 -0.443404 -131.103 -0.014176 0.998064 -0.0605617 -19.9448 0.443404 0.0605617 0.894274 139.162
0.898815 -0.0132987 -0.438126 -131.463 -0.0132987 0.998252 -0.0575826 -20.003 0.438126 0.0575826 0.897067 139.998
0.902394 -0.0125496 -0.43073 -131.874 -0.0125496 0.998386 -0.0553804 -20.062 0.43073 0.0553804 0.90078 140.826
0.905543 -0.011909 -0.424088 -132.249 -0.011909 0.998499 -0.0534683 -20.1104 0.424088 0.0534683 0.904041 141.686
0.908962 -0.011194 -0.416729 -132.628 -0.011194 0.998624 -0.051241 -20.18 0.416729 0.051241 0.907586 142.554
0.912827 -0.0109225 -0.408201 -133.025 -0.0109225 0.998631 -0.051146 -20.2292 0.408201 0.051146 0.911458 143.429
0.916693 -0.0106075 -0.399451 -133.424 -0.0106075 0.998649 -0.0508624 -20.2904 0.399451 0.0508624 0.915342 144.313
0.920442 -0.0107578 -0.39073 -133.773 -0.0107578 0.998545 -0.0528345 -20.3463 0.39073 0.0528345 0.918988 145.232
0.924531 -0.0106801 -0.380958 -134.149 -0.0106801 0.998489 -0.0539115 -20.418 0.380958 0.0539115 0.923019 146.15
0.92893 -0.0108215 -0.370097 -134.518 -0.0108215 0.998352 -0.0563532 -20.4866 0.370097 0.0563532 0.927282 147.104
0.934101 -0.0103698 -0.356858 -134.853 -0.0103698 0.998368 -0.056155 -20.5566 0.356858 0.056155 0.932469 148.044
0.940094 -0.00940686 -0.340786 -135.195 -0.00940686 0.998523 -0.0535124 -20.6285 0.340786 0.0535124 0.938617 149.017
0.946471 -0.00836679 -0.32268 -135.503 -0.00836679 0.998692 -0.0504363 -20.6967 0.32268 0.0504363 0.945163 150.014
0.953017 -0.00738644 -0.302828 -135.788 -0.00738644 0.998839 -0.0476087 -20.7515 0.302828 0.0476087 0.951855 151.033
0.959597 -0.00660525 -0.281302 -136.09 -0.00660525 0.99892 -0.0459879 -20.808 0.281302 0.0459879 0.958517 152.049
0.965483 -0.00589829 -0.2604 -136.302 -0.00589829 0.998992 -0.0444971 -20.8848 0.2604 0.0444971 0.964475 153.105
0.97084 -0.0051442 -0.239672 -136.475 -0.0051442 0.999092 -0.0422816 -20.9323 0.239672 0.0422816 0.969933 154.185
0.976108 -0.00420752 -0.217247 -136.737 -0.00420752 0.999259 -0.0382578 -20.9788 0.217247 0.0382578 0.975367 155.25
0.98083 -0.00327108 -0.194839 -136.907 -0.00327108 0.999442 -0.033246 -21.0227 0.194839 0.033246 0.980272 156.355
0.984952 -0.00260388 -0.17281 -137.061 -0.00260388 0.999549 -0.0299022 -21.0636 0.17281 0.0299022 0.984501 157.474
0.988562 -0.00220296 -0.150801 -137.166 -0.00220296 0.999576 -0.0290435 -21.1192 0.150801 0.0290435 0.988137 158.606
0.991651 -0.00203612 -0.128937 -137.297 -0.00203612 0.999503 -0.0314435 -21.1535 0.128937 0.0314435 0.991154 159.751
0.994247 -0.00171762 -0.1071 -137.451 -0.00171762 0.999487 -0.0319744 -21.2076 0.1071 0.0319744 0.993734 160.903
0.996199 -0.00130945 -0.0870986 -137.476 -0.00130945 0.999549 -0.0300044 -21.2622 0.0870986 0.0300044 0.995748 162.085
0.99774 -0.000930223 -0.0671845 -137.548 -0.000930223 0.999617 -0.027655 -21.3267 0.0671845 0.027655 0.997357 163.279
0.998939 -0.000615935 -0.0460516 -137.603 -0.000615935 0.999642 -0.0267308 -21.353 0.0460516 0.0267308 0.998581 164.481
0.999649 -0.000339583 -0.0264982 -137.558 -0.000339583 0.999672 -0.025622 -21.4069 0.0264982 0.025622 0.99932 165.71
0.999981 -7.61373e-005 -0.00612066 -137.53 -7.61373e-005 0.999691 -0.0248747 -21.4398 0.00612066 0.0248747 0.999672 166.932
0.999889 0.000185006 0.0149136 -137.504 0.000185006 0.999692 -0.0248051 -21.4904 -0.0149136 0.0248051 0.999581 168.171
0.999413 0.000444597 0.0342633 -137.401 0.000444597 0.999663 -0.0259398 -21.5178 -0.0342633 0.0259398 0.999076 169.414
0.998551 0.000751389 0.0538141 -137.266 0.000751389 0.99961 -0.0278997 -21.5653 -0.0538141 0.0278997 0.998161 170.66
0.997294 0.00112244 0.0735106 -137.157 0.00112244 0.999534 -0.0304898 -21.6097 -0.0735106 0.0304898 0.996828 171.927
0.995747 0.00146158 0.0921165 -137.01 0.00146158 0.999498 -0.0316578 -21.6726 -0.0921165 0.0316578 0.995245 173.201
0.993805 0.00190685 0.111119 -136.836 0.00190685 0.999413 -0.0342043 -21.7359 -0.111119 0.0342043 0.993218 174.476
0.991509 0.00256303 0.130012 -136.629 0.00256303 0.999226 -0.0392449 -21.8001 -0.130012 0.0392449 0.990735 175.756
0.98901 0.00337875 0.14781 -136.389 0.00337875 0.998961 -0.0454424 -21.8825 -0.14781 0.0454424 0.987971 177.044
0.986245 0.00415221 0.165239 -136.13 0.00415221 0.998747 -0.0498798 -22.0023 -0.165239 0.0498798 0.984991 178.337
0.983064 0.00501364 0.183193 -135.843 0.00501364 0.998516 -0.0542321 -22.0927 -0.183193 0.0542321 0.98158 179.641
0.979731 0.0057144 0.200236 -135.527 0.0057144 0.998389 -0.0564522 -22.1793 -0.200236 0.0564522 0.97812 180.945
0.976059 0.00611167 0.217422 -135.195 0.00611167 0.99844 -0.0555025 -22.292 -0.217422 0.0555025 0.974498 182.266
0.972012 0.00661884 0.234838 -134.82 0.00661884 0.998435 -0.0555364 -22.3631 -0.234838 0.0555364 0.970447 183.591
0.967786 0.00764115 0.251656 -134.451 0.00764115 0.998187 -0.0596937 -22.4733 -0.251656 0.0596937 0.965974 184.912
0.963387 0.00863277 0.267976 -134.065 0.00863277 0.997965 -0.0631844 -22.5882 -0.267976 0.0631844 0.961351 186.241
0.958598 0.00922912 0.284613 -133.633 0.00922912 0.997943 -0.0634447 -22.6946 -0.284613 0.0634447 0.956541 187.569
0.95338 0.00990119 0.301611 -133.17 0.00990119 0.997897 -0.0640559 -22.8167 -0.301611 0.0640559 0.951277 188.892
0.947511 0.0109946 0.319534 -132.737 0.0109946 0.997697 -0.0669308 -22.9159 -0.319534 0.0669308 0.945208 190.244
0.941581 0.011947 0.336575 -132.196 0.011947 0.997557 -0.0688315 -23.0665 -0.336575 0.0688315 0.939138 191.554
0.935244 0.0131389 0.35376 -131.729 0.0131389 0.997334 -0.0717772 -23.165 -0.35376 0.0717772 0.932578 192.913
0.928271 0.0144481 0.371624 -131.141 0.0144481 0.99709 -0.0748548 -23.3205 -0.371624 0.0748548 0.925361 194.229
0.920411 0.0163565 0.39061 -130.545 0.0163565 0.996639 -0.0802753 -23.4531 -0.39061 0.0802753 0.91705 195.54
0.910881 0.0181881 0.412268 -129.995 0.0181881 0.996288 -0.084139 -23.6178 -0.412268 0.084139 0.907169 196.895
0.899988 0.019853 0.435461 -129.355 0.019853 0.996059 -0.0864422 -23.739 -0.435461 0.0864422 0.896047 198.211
0.887699 0.0218396 0.459907 -128.609 0.0218396 0.995753 -0.0894396 -23.8835 -0.459907 0.0894396 0.883451 199.493
0.874242 0.0241999 0.484887 -127.897 0.0241999 0.995343 -0.0933077 -24.0386 -0.484887 0.0933077 0.869585 200.787
0.860316 0.0270433 0.509044 -127.058 0.0270433 0.994764 -0.0985524 -24.2123 -0.509044 0.0985524 0.85508 202.008
0.845945 0.0282399 0.532522 -126.229 0.0282399 0.994823 -0.0976169 -24.3804 -0.532522 0.0976169 0.840768 203.252
0.830779 0.0310029 0.555738 -125.416 0.0310029 0.99432 -0.101817 -24.5699 -0.555738 0.101817 0.825099 204.498
0.81558 0.0329054 0.577709 -124.394 0.0329054 0.994129 -0.103078 -24.7313 -0.577709 0.103078 0.809708 205.609
0.800369 0.0350573 0.598482 -123.493 0.0350573 0.993844 -0.1051 -24.9006 -0.598482 0.1051 0.794213 206.802
0.78416 0.0374326 0.619428 -122.583 0.0374326 0.993508 -0.107426 -25.12 -0.619428 0.107426 0.777668 207.993
0.768557 0.0402575 0.638513 -121.518 0.0402575 0.992998 -0.111064 -25.3137 -0.638513 0.111064 0.761555 209.065
0.753567 0.0415596 0.656056 -120.486 0.0415596 0.992991 -0.11064 -25.4844 -0.656056 0.11064 0.746558 210.178
0.738518 0.0428659 0.67287 -119.455 0.0428659 0.992973 -0.110307 -25.6839 -0.67287 0.110307 0.731491 211.285
0.724535 0.0454354 0.687738 -118.302 0.0454354 0.992506 -0.113436 -25.8916 -0.687738 0.113436 0.717041 212.267
0.709475 0.046991 0.703162 -117.238 0.046991 0.992399 -0.113733 -26.07 -0.703162 0.113733 0.701875 213.355
0.694678 0.0486968 0.717671 -116.126 0.0486968 0.992233 -0.114464 -26.2767 -0.717671 0.114464 0.686911 214.398
0.680252 0.0516383 0.731158 -114.972 0.0516383 0.991661 -0.11808 -26.4791 -0.731158 0.11808 0.671912 215.395
0.664591 0.0537505 0.745272 -113.81 0.0537505 0.991386 -0.119432 -26.6745 -0.745272 0.119432 0.655977 216.394
0.650309 0.054644 0.757702 -112.592 0.054644 0.991461 -0.118401 -26.8775 -0.757702 0.118401 0.64177 217.317
0.632423 0.0595358 0.772332 -111.451 0.0595358 0.990357 -0.125093 -27.046 -0.772332 0.125093 0.62278 218.339
0.616561 0.0620342 0.784859 -110.178 0.0620342 0.989964 -0.126978 -27.2543 -0.784859 0.126978 0.606525 219.162
0.60224 0.0566918 0.7963 -109.006 0.0566918 0.99192 -0.113495 -27.4134 -0.7963 0.113495 0.59416 220.112
0.583739 0.0654233 0.809301 -107.79 0.0654233 0.989717 -0.127197 -27.6538 -0.809301 0.127197 0.573457 220.956
0.567331 0.0690972 0.820586 -106.499 0.0690972 0.988965 -0.131047 -27.8447 -0.820586 0.131047 0.556296 221.672
0.549152 0.0697206 0.832809 -105.298 0.0697206 0.989218 -0.128788 -28.0457 -0.832809 0.128788 0.53837 222.516
0.529867 0.0728662 0.844945 -104.035 0.0728662 0.988706 -0.130959 -28.2686 -0.844945 0.130959 0.518574 223.233
0.509569 0.0755175 0.857109 -102.757 0.0755175 0.988372 -0.131979 -28.4586 -0.857109 0.131979 0.497941 223.907
0.488173 0.0775952 0.869291 -101.519 0.0775952 0.988236 -0.131788 -28.6411 -0.869291 0.131788 0.476409 224.618
0.469113 0.0792388 0.879576 -100.219 0.0792388 0.988173 -0.131283 -28.8445 -0.879576 0.131283 0.457286 225.172
0.448083 0.081641 0.890256 -98.955 0.081641 0.987923 -0.131689 -29.0464 -0.890256 0.131689 0.436006 225.776
0.427965 0.0824644 0.900025 -97.6769 0.0824644 0.988112 -0.129747 -29.2306 -0.900025 0.129747 0.416077 226.305
0.407099 0.0853621 0.909386 -96.4084 0.0853621 0.98771 -0.130928 -29.4397 -0.909386 0.130928 0.394809 226.83
0.386426 0.0868199 0.918225 -95.1199 0.0868199 0.987715 -0.129928 -29.6263 -0.918225 0.129928 0.374141 227.266
0.365458 0.0884585 0.926615 -93.88 0.0884585 0.987668 -0.129175 -29.853 -0.926615 0.129175 0.353127 227.774
0.348054 0.092183 0.932931 -92.5811 0.092183 0.986966 -0.131913 -30.0502 -0.932931 0.131913 0.33502 228.094
0.327476 0.0962491 0.939945 -91.3291 0.0962491 0.986225 -0.134521 -30.2164 -0.939945 0.134521 0.313701 228.52
0.308837 0.102573 0.945568 -90.0909 0.102573 0.984778 -0.140328 -30.4313 -0.945568 0.140328 0.293614 228.873
0.291326 0.109655 0.950318 -88.8493 0.109655 0.983033 -0.147046 -30.6752 -0.950318 0.147046 0.274359 229.163
0.273536 0.115784 0.954868 -87.6134 0.115784 0.981546 -0.152187 -30.8922 -0.954868 0.152187 0.255082 229.456
0.255516 0.121741 0.959109 -86.3848 0.121741 0.980093 -0.156837 -31.1054 -0.959109 0.156837 0.235609 229.74
0.238294 0.128573 0.962645 -85.1619 0.128573 0.978297 -0.162491 -31.3062 -0.962645 0.162491 0.216592 229.993
0.220904 0.133777 0.966077 -83.9442 0.133777 0.977029 -0.165883 -31.5086 -0.966077 0.165883 0.197933 230.22
0.20311 0.13824 0.969348 -82.7327 0.13824 0.976019 -0.168157 -31.7137 -0.969348 0.168157 0.179129 230.431
0.186613 0.141769 0.972151 -81.523 0.141769 0.975291 -0.16944 -31.9497 -0.972151 0.16944 0.161904 230.566
0.169173 0.146839 0.974586 -80.3258 0.146839 0.974048 -0.172247 -32.1561 -0.974586 0.172247 0.143221 230.726
0.152695 0.153401 0.976295 -79.1394 0.153401 0.972227 -0.176754 -32.3813 -0.976295 0.176754 0.124922 230.847
0.13549 0.158601 0.978002 -77.9606 0.158601 0.970904 -0.179422 -32.6049 -0.978002 0.179422 0.106394 230.942
0.120248 0.163853 0.979128 -76.7927 0.163853 0.969482 -0.182362 -32.8362 -0.979128 0.182362 0.0897302 231.03
0.106211 0.164699 0.980609 -75.6218 0.164699 0.969651 -0.180697 -33.0401 -0.980609 0.180697 0.0758614 231.073
0.0935763 0.166965 0.981512 -74.4497 0.166965 0.969245 -0.180797 -33.256 -0.981512 0.180797 0.0628208 231.126
0.0817591 0.168084 0.982376 -73.3332 0.168084 0.969232 -0.179824 -33.4762 -0.982376 0.179824 0.0509912 231.187
0.0719501 0.170397 0.982745 -72.2099 0.170397 0.968714 -0.180439 -33.6763 -0.982745 0.180439 0.0406641 231.193
0.0644159 0.172142 0.982964 -71.1046 0.172142 0.968327 -0.180859 -33.8869 -0.982964 0.180859 0.0327429 231.197
0.0582972 0.175658 0.982724 -70.0148 0.175658 0.967234 -0.18331 -34.1308 -0.982724 0.18331 0.0255313 231.22
0.0529819 0.178211 0.982565 -68.9348 0.178211 0.966464 -0.1849 -34.3417 -0.982565 0.1849 0.0194459 231.232
0.0461006 0.178875 0.982791 -67.8783 0.178875 0.966457 -0.184293 -34.5788 -0.982791 0.184293 0.012558 231.25
0.0420207 0.18242 0.982322 -66.8243 0.18242 0.965263 -0.187056 -34.8114 -0.982322 0.187056 0.00728387 231.245
0.0398147 0.181266 0.982628 -65.7656 0.181266 0.96578 -0.185503 -35.0283 -0.982628 0.185503 0.00559481 231.245
0.0389123 0.18054 0.982798 -64.7062 0.18054 0.966086 -0.184618 -35.2145 -0.982798 0.184618 0.004998 231.241
0.0378907 0.180719 0.982805 -63.6643 0.180719 0.966054 -0.184607 -35.3904 -0.982805 0.184607 0.00394504 231.255
0.0375333 0.181718 0.982634 -62.6409 0.181718 0.965691 -0.185526 -35.5961 -0.982634 0.185526 0.00322407 231.265
0.0383145 0.180954 0.982745 -61.6292 0.180954 0.965951 -0.184917 -35.8202 -0.982745 0.184917 0.00426554 231.245
0.0398727 0.183273 0.982253 -60.6245 0.183273 0.965016 -0.187497 -36.0299 -0.982253 0.187497 0.00488868 231.266
0.0440368 0.184659 0.981816 -59.6227 0.184659 0.96433 -0.189653 -36.246 -0.981816 0.189653 0.00836698 231.255
0.0472927 0.18558 0.98149 -58.6291 0.18558 0.963851 -0.191187 -36.4574 -0.98149 0.191187 0.0111432 231.283
0.0512428 0.187354 0.980955 -57.644 0.187354 0.963003 -0.193712 -36.6828 -0.980955 0.193712 0.0142455 231.321
0.0568822 0.1864 0.980826 -56.6622 0.1864 0.963159 -0.193853 -36.892 -0.980826 0.193853 0.0200417 231.337
0.0623586 0.186759 0.980425 -55.6818 0.186759 0.962801 -0.195281 -37.121 -0.980425 0.195281 0.0251599 231.4
0.0684279 0.184368 0.980472 -54.7009 0.184368 0.963512 -0.194046 -37.3363 -0.980472 0.194046 0.0319394 231.455
0.0742803 0.180325 0.980798 -53.7343 0.180325 0.964874 -0.191054 -37.5426 -0.980798 0.191054 0.0391539 231.494
0.0805588 0.176212 0.98105 -52.7658 0.176212 0.966229 -0.188019 -37.7438 -0.98105 0.188019 0.0467877 231.538
0.0869475 0.176624 0.980431 -51.8027 0.176624 0.965833 -0.189658 -37.9641 -0.980431 0.189658 0.0527808 231.619
0.0935735 0.174646 0.980175 -50.8351 0.174646 0.96635 -0.188855 -38.1613 -0.980175 0.188855 0.0599236 231.686
0.100694 0.173798 0.97962 -49.873 0.173798 0.966412 -0.18932 -38.3642 -0.97962 0.18932 0.0671062 231.78
0.10706 0.171548 0.979341 -48.912 0.171548 0.967043 -0.188147 -38.5636 -0.979341 0.188147 0.0741027 231.855
0.113484 0.170153 0.978861 -47.962 0.170153 0.967342 -0.187877 -38.7687 -0.978861 0.187877 0.0808255 231.943
0.119376 0.16851 0.978445 -47.0168 0.16851 0.967755 -0.187228 -38.976 -0.978445 0.187228 0.0871312 232.046
0.125001 0.166724 0.978048 -46.0719 0.166724 0.968232 -0.186359 -39.1798 -0.978048 0.186359 0.0932325 232.153
0.131397 0.166959 0.977169 -45.1286 0.166959 0.967908 -0.187827 -39.3835 -0.977169 0.187827 0.099305 232.267
0.138656 0.165297 0.976448 -44.1894 0.165297 0.968279 -0.187386 -39.5841 -0.976448 0.187386 0.106935 232.387
0.144733 0.165599 0.975515 -43.2524 0.165599 0.967936 -0.188881 -39.7896 -0.975515 0.188881 0.112669 232.519
0.151773 0.164473 0.974635 -42.315 0.164473 0.968108 -0.188983 -39.9847 -0.974635 0.188983 0.119882 232.65
0.157863 0.162025 0.974078 -41.3771 0.162025 0.968827 -0.18741 -40.1779 -0.974078 0.18741 0.12669 232.788
0.164088 0.16096 0.973225 -40.4426 0.16096 0.969006 -0.1874 -40.3679 -0.973225 0.1874 0.133095 232.919
0.169948 0.159788 0.972412 -39.5198 0.159788 0.96924 -0.187193 -40.5726 -0.972412 0.187193 0.139188 233.082
0.175334 0.157444 0.971838 -38.6017 0.157444 0.969941 -0.185541 -40.7745 -0.971838 0.185541 0.145275 233.263
0.182699 0.153421 0.971125 -37.6806 0.153421 0.9712 -0.182297 -40.9733 -0.971125 0.182297 0.153899 233.41
0.190984 0.152828 0.969623 -36.768 0.152828 0.97113 -0.183168 -41.1755 -0.969623 0.183168 0.162114 233.581
0.199412 0.150801 0.968243 -35.8631 0.150801 0.971595 -0.182381 -41.3718 -0.968243 0.182381 0.171007 233.769
0.207974 0.149343 0.966666 -34.9597 0.149343 0.97184 -0.182273 -41.5553 -0.966666 0.182273 0.179814 233.964
0.213305 0.14993 0.965413 -34.0554 0.14993 0.971426 -0.183991 -41.747 -0.965413 0.183991 0.184731 234.159
0.216323 0.15538 0.963878 -33.1689 0.15538 0.969193 -0.191108 -41.9009 -0.963878 0.191108 0.185516 234.456
0.219377 0.153439 0.963499 -32.2427 0.153439 0.96984 -0.189385 -42.12 -0.963499 0.189385 0.189217 234.581
0.223804 0.150754 0.962904 -31.3115 0.150754 0.97072 -0.187017 -42.2996 -0.962904 0.187017 0.194524 234.715
0.223648 0.153191 0.962556 -30.4086 0.153191 0.969772 -0.189933 -42.5022 -0.962556 0.189933 0.19342 234.999
