0.999998 -0.00177344 -7.05657e-005 -0.0440217 0.00177329 0.999996 -0.00206272 -0.0089344 7.42235e-005 0.00206259 0.999998 0.657713
0.999981 -0.00381264 -0.00482649 -0.0315214 0.00379658 0.999987 -0.00333371 -0.00373697 0.00483914 0.00331533 0.999983 0.676865
0.999984 -0.000433595 -0.00569033 -0.0148234 0.000409885 0.999991 -0.00416714 -0.0144058 0.00569209 0.00416474 0.999975 0.679267
0.999943 0.000283919 -0.0107139 -0.0240033 -0.000332295 0.99999 -0.00451375 -0.0101442 0.0107125 0.00451705 0.999932 0.696244
0.999865 -0.0022515 -0.0162471 -0.0279043 0.00216782 0.999984 -0.00516599 -0.00632495 0.0162585 0.00513008 0.999855 0.760577
0.999817 0.000944722 -0.0191173 -0.0349493 -0.00107 0.999978 -0.006544 -0.00615569 0.0191107 0.00656326 0.999796 0.719488
0.999693 0.00569066 -0.0241101 -0.0172698 -0.00585299 0.999961 -0.00666792 -0.0135836 0.0240712 0.00680699 0.999687 0.774451
0.99957 0.000622031 -0.0293139 -0.0107785 -0.000783618 0.999985 -0.00550116 -0.00328693 0.02931 0.00552177 0.999555 0.722781
0.999353 -0.00246619 -0.0358711 -0.0132275 0.00238385 0.999994 -0.00233803 -0.0108457 0.0358767 0.00225101 0.999354 0.792101
0.999251 0.00183506 -0.0386452 -0.0480586 -0.001852 0.999998 -0.000402465 -0.0026256 0.0386443 0.000473734 0.999253 0.739209
0.99909 -0.000357258 -0.0426562 -0.000892953 0.000336169 1 -0.000501582 -0.00283588 0.0426564 0.000486785 0.99909 0.802828
0.999125 0.00521659 -0.0414895 -0.0710839 -0.00523109 0.999986 -0.000241102 -0.00941259 0.0414877 0.000457927 0.999139 0.801681
0.999021 -0.000180105 -0.0442479 -0.0386179 0.000127276 0.999999 -0.00119674 -0.00306713 0.0442481 0.00118994 0.99902 0.766008
0.998831 -0.00696159 -0.0478302 -0.0349975 0.00694337 0.999976 -0.000546996 -0.00167421 0.0478328 0.000214254 0.998855 0.851341
0.998946 -0.00126714 -0.0458779 -0.0518986 0.00122217 0.999999 -0.00100828 -0.0100197 0.0458791 0.000951145 0.998947 0.799273
0.998811 0.00361775 -0.0486084 -0.0512861 -0.00375921 0.999989 -0.0028191 -0.0115676 0.0485977 0.00299848 0.998814 0.832757
0.998929 0.00260586 -0.0461916 -0.090627 -0.00288455 0.999978 -0.00596775 -0.00295412 0.0461751 0.0060946 0.998915 0.831989
0.998607 0.00672341 -0.0523404 -0.00494808 -0.00711566 0.999948 -0.00731136 -0.0143745 0.0522885 0.00767361 0.998603 0.790851
0.998659 0.00662859 -0.0513536 -0.0884255 -0.0069922 0.999952 -0.00690416 -0.0141558 0.0513053 0.00725398 0.998657 0.847479
0.998549 -0.000583606 -0.053856 -0.0176805 0.000276394 0.999984 -0.00571159 -0.0102106 0.0538584 0.00568842 0.998532 0.81592
0.998533 0.00288355 -0.0540643 -0.0447828 -0.00306508 0.99999 -0.00327508 -0.0183667 0.0540543 0.00343598 0.998532 0.814979
0.998535 -0.000885207 -0.0541108 -0.077064 0.000661983 0.999991 -0.0041431 -0.00648652 0.054114 0.0041012 0.998526 0.872481
0.998515 -0.000818419 -0.0544689 -0.061026 0.000566638 0.999989 -0.00463776 -0.0134761 0.0544721 0.00460001 0.998505 0.890882
0.998447 -0.00543436 -0.0554368 -0.0580391 0.00512591 0.999971 -0.00570469 -0.0120075 0.0554662 0.00541166 0.998446 0.857966
0.998522 0.00121381 -0.0543322 -0.0523226 -0.00141614 0.999992 -0.00368561 -0.0164886 0.0543273 0.0037571 0.998516 0.842276
0.998432 -0.000588568 -0.0559811 -0.0179257 0.000545919 1 -0.000777133 -0.00763402 0.0559815 0.000745353 0.998432 0.737477
0.998611 0.00738177 -0.0521766 -0.0658483 -0.0072099 0.999968 0.00348152 -0.0192012 0.0522006 -0.00310049 0.998632 0.885088
0.998607 0.00134523 -0.0527471 -0.0348072 -0.00102273 0.999981 0.00614046 0.0058143 0.0527543 -0.00607796 0.998589 0.855621
0.998761 -0.00543359 -0.0494749 -0.0966496 0.00577453 0.999961 0.00675074 -0.00415019 0.0494363 -0.00702806 0.998753 1.01806
0.998734 0.00328918 -0.0501973 -0.0126549 -0.0030684 0.999985 0.00447455 -0.0109134 0.0502113 -0.00431485 0.998729 0.89093
0.998784 0.0154856 -0.0468063 -0.115757 -0.0155513 0.999879 -0.00103817 -0.0074349 0.0467845 0.00176481 0.998903 0.971334
0.99892 -0.000326582 -0.0464625 -0.0148095 0.000160507 0.999994 -0.00357808 -0.0120921 0.0464633 0.00356676 0.998914 0.9179
0.998995 -0.00119668 -0.0447968 -0.0492158 0.00106404 0.999995 -0.00298464 -0.00679437 0.0448002 0.00293397 0.998992 0.88349
0.998932 -0.00651419 -0.0457414 -0.049951 0.00659937 0.999977 0.00171141 -0.0031995 0.0457292 -0.00201144 0.998952 0.940289
0.998914 -0.00670933 -0.0461154 -0.0469031 0.00694949 0.999963 0.00504954 -0.0159863 0.0460798 -0.00536454 0.998923 0.902205
0.998679 -0.0139646 -0.04945 -0.0124981 0.0141685 0.999892 0.00377577 -0.0112295 0.049392 -0.00447141 0.998769 0.874729
0.998804 -0.00903524 -0.0480599 -0.0628669 0.00905647 0.999959 0.000224061 0.00059855 0.0480559 -0.000659045 0.998844 0.962617
0.998677 -0.000604444 -0.0514252 -0.00926418 0.000426189 0.999994 -0.0034772 -0.0328766 0.051427 0.00345068 0.998671 0.906291
0.998632 0.0108635 -0.0511487 -0.104232 -0.0111335 0.999926 -0.00499708 0.000972558 0.0510906 0.00555971 0.998679 0.903215
0.998525 0.00252298 -0.0542377 -0.023908 -0.00265219 0.999994 -0.0023105 -0.0211632 0.0542315 0.00245094 0.998525 0.842391
0.998473 0.00110667 -0.0552266 -0.0686066 -0.00113068 0.999999 -0.000403451 -0.00174911 0.0552261 0.000465279 0.998474 0.918461
0.998353 0.00181717 -0.0573457 -0.0498544 -0.00170805 0.999997 0.00195177 -0.0130268 0.0573491 -0.00185061 0.998352 0.889814
0.998296 -0.000156237 -0.0583539 -0.0502051 0.000341903 0.999995 0.00317175 6.79244e-005 0.0583531 -0.0031863 0.998291 0.920736
0.998322 0.000560292 -0.0578991 -0.0630609 -0.00015932 0.999976 0.00692975 -0.0128055 0.0579016 -0.0069089 0.998298 0.924249
0.998297 0.00581433 -0.0580516 -0.0629448 -0.00532278 0.999949 0.00861846 0.00105957 0.0580987 -0.00829479 0.998276 0.961596
0.998285 0.00499334 -0.0583336 -0.0576426 -0.00448213 0.99995 0.00889113 -0.0047603 0.0583751 -0.00861442 0.998258 0.938023
0.998379 -0.000119017 -0.0569095 -0.0672222 0.000506863 0.999977 0.00680074 -0.00770185 0.0569074 -0.00681857 0.998356 0.976434
0.99841 0.00447422 -0.0561859 -0.0835637 -0.00422642 0.999981 0.00452844 0.000967668 0.0562051 -0.00428377 0.99841 0.978982
0.998124 -3.25586e-005 -0.0612283 0.00783624 0.000315985 0.999989 0.00461933 -0.0100552 0.0612275 -0.00463001 0.998113 0.927565
0.998238 -0.00333814 -0.0592496 -0.0903465 0.00370452 0.999975 0.0060749 -0.0106518 0.0592278 -0.00628368 0.998225 1.01039
0.998214 -0.00220175 -0.0596932 -0.0764496 0.00261749 0.999973 0.00688733 -0.0083096 0.0596764 -0.00703128 0.998193 0.971096
0.998239 0.00627406 -0.0589943 -0.0520482 -0.00608978 0.999976 0.00330302 -0.00934152 0.0590136 -0.00293794 0.998253 0.943089
0.998161 0.00418609 -0.0604699 -0.0856578 -0.00422435 0.999991 -0.000504822 -0.0091645 0.0604672 0.00075934 0.99817 0.963383
0.998055 -0.00141561 -0.06233 -0.0450933 0.00130681 0.999998 -0.00178632 -0.00953901 0.0623324 0.00170139 0.998054 0.91401
0.998114 -0.00134523 -0.0613792 -0.0568902 0.00146303 0.999997 0.00187437 -0.0136938 0.0613765 -0.00196063 0.998113 0.865932
0.998052 -0.00291519 -0.0623214 -0.0538545 0.00322494 0.999983 0.00487011 -0.0171231 0.0623062 -0.0050616 0.998044 0.830814
0.998165 -0.00217202 -0.0605132 -0.0594786 0.0025176 0.999981 0.00563523 -0.0141106 0.0604998 -0.00577724 0.998151 0.949386
0.997952 -0.00608732 -0.0636828 -0.0340093 0.00634789 0.999972 0.00389018 -0.0122983 0.0636574 -0.00428646 0.997963 0.863321
0.998081 -0.00499951 -0.0617274 -0.0715741 0.00516979 0.999983 0.00259918 -0.00903383 0.0617133 -0.00291331 0.99809 0.92898
0.997976 -0.00113861 -0.0635791 -0.0621277 0.00139165 0.999991 0.00393582 -0.00896011 0.0635741 -0.00401634 0.997969 0.886121
0.997906 -0.00308677 -0.0646108 -0.0466988 0.00359457 0.999964 0.0077447 -0.0135242 0.0645845 -0.00796073 0.99788 0.892075
0.997966 0.000718682 -0.0637416 -0.0698096 9.66898e-005 0.999918 0.0127878 -0.00617206 0.0637456 -0.012768 0.997884 0.87236
0.997812 0.000525254 -0.066113 -0.0758116 0.000458465 0.999889 0.0148633 -0.0038172 0.0661135 -0.0148611 0.997701 1.06263
0.997743 0.00149729 -0.0671276 -0.0679891 -0.000771988 0.999941 0.0108295 -0.00653295 0.0671398 -0.0107532 0.997686 0.92636
0.997619 0.0046203 -0.0688083 -0.0755635 -0.00440368 0.999985 0.00329952 -0.00356601 0.0688225 -0.00298865 0.997624 0.992575
0.997593 0.00447682 -0.0692027 -0.0647943 -0.00461027 0.999988 -0.00176873 -0.00836702 0.0691939 0.00208351 0.997601 0.790811
0.997618 0.0087289 -0.0684259 -0.0925901 -0.00878366 0.999961 -0.000499428 -0.00376921 0.0684189 0.00109927 0.997656 0.939991
0.997529 0.0129633 -0.0690548 -0.0755797 -0.0128117 0.999914 0.00263802 -0.024202 0.0690831 -0.00174679 0.997609 0.817957
0.997411 0.00364244 -0.0718238 -0.05503 -0.00339418 0.999988 0.0035782 -0.00684738 0.0718359 -0.00332515 0.997411 0.876642
0.997451 0.00481804 -0.0711877 -0.0930051 -0.00452675 0.999981 0.00425269 -0.0073145 0.0712068 -0.0039196 0.997454 0.809691
0.997305 0.00444002 -0.0732389 -0.0581223 -0.00408261 0.999979 0.00502899 -0.0107896 0.0732597 -0.00471643 0.997302 0.860029
0.997248 0.00234261 -0.0740946 -0.0601351 -0.00197062 0.999985 0.00509309 -0.00888077 0.0741055 -0.00493306 0.997238 0.817151
0.997095 0.000380279 -0.0761703 -0.0576842 3.87414e-005 0.999985 0.00549955 -0.00703266 0.0761712 -0.00548652 0.99708 0.810144
0.996954 -0.00121129 -0.0779769 -0.0706714 0.00169299 0.99998 0.00611156 -0.00688635 0.077968 -0.00622497 0.996936 0.83405
0.99694 0.00611337 -0.0779313 -0.0812362 -0.00543184 0.999945 0.00895415 -0.00287669 0.0779817 -0.00850343 0.996919 0.778097
0.99671 0.00379638 -0.0809607 -0.0667622 -0.002714 0.999906 0.0134751 -0.00258611 0.0810042 -0.0132111 0.996626 0.823081
0.996627 0.00277663 -0.0820122 -0.0808272 -0.0015529 0.999887 0.0149814 -0.00318074 0.0820445 -0.0148035 0.996519 0.810676
0.99641 0.00560954 -0.0844688 -0.0479238 -0.00468073 0.999926 0.0111899 -0.0125396 0.0845254 -0.0107544 0.996363 0.779002
0.996427 0.00435039 -0.0843474 -0.0905011 -0.00404562 0.999985 0.00378391 -0.00296769 0.0843625 -0.00342915 0.996429 0.782616
0.996206 -2.35947e-005 -0.0870286 -0.0641098 -0.00013815 0.999998 -0.0018525 -0.00958922 0.0870285 0.0018575 0.996204 0.767154
0.996354 0.00192025 -0.0852887 -0.117421 -0.00215517 0.999994 -0.00266238 -0.00768705 0.0852831 0.00283649 0.996353 0.730268
0.996141 0.00253183 -0.0877363 -0.0598919 -0.00250931 0.999997 0.000367009 -0.00471399 0.0877369 -0.000145435 0.996144 0.68282
0.99639 0.0039351 -0.084807 -0.0475537 -0.00366538 0.999988 0.00333587 -0.0325355 0.0848191 -0.00301297 0.996392 0.700427
0.996159 -0.00366895 -0.0874818 -0.0762679 0.00363353 0.999993 -0.000564021 -0.00940609 0.0874833 0.000243987 0.996166 0.63668
0.995717 -0.0100272 -0.0919029 -0.00154327 0.00954299 0.999938 -0.00570704 -0.0247042 0.0919544 0.00480557 0.995752 0.660202
0.996213 -0.0123493 -0.0860665 -0.0780038 0.0113834 0.999867 -0.0117044 -0.00365208 0.0861995 0.0106803 0.996221 0.598862
0.996554 -0.0027215 -0.0829076 -0.075346 0.0018404 0.999941 -0.0107021 -0.0188737 0.0829318 0.0105126 0.9965 0.566163
0.996851 0.00783974 -0.0789084 -0.0420197 -0.00848969 0.999933 -0.00790461 -0.0115354 0.0788411 0.00854963 0.996851 0.531887
0.997203 0.00236041 -0.0747017 -0.0624128 -0.00268944 0.999987 -0.00430424 -0.0179091 0.0746906 0.00449311 0.997197 0.508601
0.997651 -0.00601321 -0.0682388 -0.0166901 0.00597049 0.999982 -0.000829906 0.00140069 0.0682425 0.000420538 0.997669 0.546815
0.998179 -0.00834332 -0.0597487 -0.0340151 0.00854066 0.999959 0.00304811 -0.0185466 0.0597208 -0.00355285 0.998209 0.519176
0.998822 0.000416383 -0.0485246 -0.0242407 -0.000283593 0.999996 0.0027434 -0.00474217 0.0485256 -0.00272641 0.998818 0.523654
0.999386 0.00879596 -0.0339216 -0.0250703 -0.00871428 0.999959 0.00255509 -0.0081959 0.0339426 -0.00225791 0.999421 0.501889
0.999837 0.00940537 -0.0154031 -0.0029302 -0.00935724 0.999951 0.00319359 -0.00208417 0.0154324 -0.00304894 0.999876 0.424431
0.999979 0.00232537 0.00610939 0.0102712 -0.0023506 0.999989 0.00412664 -0.00714833 -0.00609973 -0.00414091 0.999973 0.523907
0.999422 -0.00419961 0.0337232 0.0335246 0.00402175 0.999978 0.00534015 -0.000756714 -0.0337449 -0.00520144 0.999417 0.445512
0.998105 -0.00745648 0.0610878 0.0614115 0.00701116 0.999947 0.00750089 -0.0122588 -0.0611405 -0.00705838 0.998104 0.485155
0.995402 -0.00178258 0.0957659 0.0580082 0.000928642 0.999959 0.00896074 -0.00192817 -0.095778 -0.00883061 0.995364 0.465718
0.991233 0.000271112 0.132123 0.0780426 -0.0015605 0.999952 0.00965559 0.00067305 -0.132114 -0.00977712 0.991186 0.456
0.984657 -0.000550976 0.174498 0.116368 -0.00127002 0.999946 0.0103238 -0.00397431 -0.174494 -0.0103871 0.984603 0.452074
0.975433 -0.00280391 0.220279 0.120138 0.000398476 0.99994 0.0109636 -0.00900883 -0.220297 -0.0106065 0.975375 0.437968
0.964166 -0.00165718 0.265296 0.172162 -0.000663489 0.999962 0.00865762 0.000462325 -0.2653 -0.0085234 0.964128 0.430687
0.94742 -0.00161259 0.31999 0.165553 -0.000792762 0.999972 0.00738654 -0.0146689 -0.319993 -0.00725183 0.947392 0.394209
0.927767 -0.00175368 0.373155 0.204536 0.000221051 0.999991 0.00414996 0.00588312 -0.373159 -0.00376771 0.92776 0.387399
0.90381 -0.00400266 0.427915 0.213958 0.00187255 0.999984 0.00539865 -0.00526445 -0.42793 -0.00407805 0.903803 0.343266
0.873591 -0.00213572 0.486656 0.235172 0.000871247 0.999996 0.00282458 0.0024883 -0.48666 -0.00204353 0.873589 0.334303
0.839835 -0.00459707 0.542822 0.260918 0.00310185 0.999988 0.00366967 -0.0036488 -0.542832 -0.00139817 0.83984 0.311619
0.801148 -0.00367598 0.598454 0.255119 0.00234853 0.999993 0.00299843 -0.00762477 -0.598461 -0.000996703 0.801151 0.292313
0.761157 -0.00152875 0.648566 0.275164 -0.00263289 0.999982 0.00544704 -0.0108196 -0.648562 -0.00585366 0.761139 0.256359
0.718696 -0.00187849 0.695322 0.321735 -0.00231673 0.999984 0.00509618 0.00909518 -0.69532 -0.00527348 0.718681 0.25429
0.672874 -0.00314236 0.739751 0.305855 -0.0028432 0.999973 0.00683391 -0.00295508 -0.739752 -0.00670162 0.672846 0.223311
0.626457 -0.00610507 0.779432 0.353093 0.000621599 0.999973 0.0073329 0.00364187 -0.779456 -0.00410925 0.626444 0.220984
0.579091 -0.0118168 0.815177 0.348308 0.00393338 0.999924 0.0117007 -0.00424189 -0.815253 -0.00356938 0.579093 0.18463
0.53321 -0.00889673 0.845936 0.362552 0.00031625 0.999947 0.0103171 -0.00236901 -0.845983 -0.00523366 0.533184 0.175595
0.483667 -0.000427191 0.875252 0.357398 -0.00799474 0.999956 0.00490598 -0.00622482 -0.875216 -0.00937027 0.483642 0.171757
0.440743 -0.00181656 0.897631 0.379479 -0.00554414 0.999973 0.00474589 -0.00570097 -0.897616 -0.00706831 0.440721 0.112351
0.397615 -0.0105435 0.917492 0.369397 0.0015333 0.99994 0.0108265 -0.00595098 -0.917551 -0.00289798 0.397608 0.111729
0.358646 -0.0259155 0.933114 0.369353 0.00450587 0.999651 0.0260316 0.00340439 -0.933463 -0.00513163 0.358637 0.0824928
0.323819 -0.0275199 0.945719 0.400794 -0.00501875 0.999513 0.0308038 0.00544326 -0.946106 -0.0147212 0.323523 0.096049
0.29099 -0.0211279 0.956493 0.397804 -0.0172263 0.999478 0.0273181 -0.00163145 -0.956571 -0.0244261 0.290474 0.0896733
0.259364 -0.00935862 0.965734 0.414577 -0.0182889 0.999726 0.0145998 -0.000827568 -0.965606 -0.0214489 0.259122 0.112049
0.231675 -0.00571095 0.972776 0.428592 -0.016701 0.999812 0.00984715 -0.00450767 -0.97265 -0.0185276 0.231536 0.0904946
0.20548 -0.00865599 0.978623 0.401746 -0.00727344 0.99992 0.0103715 -0.00785605 -0.978634 -0.0092491 0.2054 0.060091
0.181897 -0.0153898 0.983197 0.405263 -0.000785809 0.999875 0.0157962 0.00350376 -0.983317 -0.00364589 0.181862 0.0524847
0.162202 -0.0220494 0.986511 0.413264 0.00432395 0.999757 0.0216345 0.0119329 -0.986748 0.000756465 0.162258 0.0328969
0.142177 -0.0215914 0.989606 0.4221 0.00242172 0.999767 0.0214652 0.0175044 -0.989838 -0.000655322 0.142196 0.045846
0.124866 -0.0161981 0.992041 0.38805 -0.0115649 0.999775 0.0177801 0.00539582 -0.992106 -0.013693 0.124651 0.050049
0.109895 -0.0140884 0.993843 0.425678 -0.0246033 0.999555 0.0168899 0.00213037 -0.993639 -0.0263079 0.1095 0.0441794
0.0945828 -0.0139727 0.995419 0.420137 -0.024236 0.999573 0.0163338 0.00402261 -0.995222 -0.0256699 0.0942038 0.0403666
0.0819269 -0.0182024 0.996472 0.465335 -0.0198089 0.999606 0.0198883 0.00392552 -0.996441 -0.0213684 0.0815341 0.0213565
0.0698065 -0.0208895 0.997342 0.425286 -0.016765 0.999615 0.0221105 0.007219 -0.99742 -0.0182639 0.0694294 0.0249453
0.0601427 -0.0256487 0.99786 0.50595 -0.016783 0.999503 0.0267024 0.00608046 -0.998049 -0.018353 0.0596823 0.0157225
0.0512601 -0.0245313 0.998384 0.488071 -0.0188383 0.999497 0.0255258 0.0114299 -0.998508 -0.0201164 0.0507722 0.0274076
0.04686 -0.0285691 0.998493 0.543969 -0.0232772 0.999288 0.0296843 0.010533 -0.99863 -0.0246331 0.0461616 0.0106709
0.0404138 -0.0272994 0.99881 0.531696 -0.0242078 0.999307 0.0282924 0.00782438 -0.99889 -0.0253224 0.0397249 0.0245649
0.0349537 -0.0302744 0.99893 0.53979 -0.0262458 0.999169 0.0312 0.0200137 -0.999044 -0.0273083 0.03413 0.0373989
0.0306477 -0.0297744 0.999087 0.584508 -0.02669 0.999175 0.0305957 0.00872024 -0.999174 -0.0276033 0.0298278 0.00607607
0.0257766 -0.0295855 0.99923 0.57784 -0.0284764 0.999135 0.0303173 0.02414 -0.999262 -0.0292359 0.0249118 0.0395923
0.0253775 -0.0330116 0.999133 0.619981 -0.0310277 0.998947 0.0337935 0.00824335 -0.999196 -0.0318584 0.0243265 0.00167512
0.0215965 -0.030544 0.9993 0.628674 -0.0295228 0.999078 0.0311753 0.017181 -0.999331 -0.0301755 0.0206749 0.0222505
0.0188498 -0.0377106 0.999111 0.627399 -0.0335188 0.998703 0.0383275 0.00328101 -0.99926 -0.0342115 0.0175613 0.0226907
0.0217345 -0.0368917 0.999083 0.692123 -0.0297892 0.998851 0.0375312 0.0307112 -0.99932 -0.0305776 0.0206106 0.00734003
0.0239542 -0.0389979 0.998952 0.652021 -0.0360638 0.998555 0.0398471 0.0201149 -0.999062 -0.0369805 0.0225131 0.0120113
0.0267973 -0.0406785 0.998813 0.723646 -0.0381944 0.9984 0.0416864 0.0277911 -0.998911 -0.0392661 0.0252008 0.0300794
0.0329436 -0.0437223 0.9985 0.71689 -0.0407111 0.998155 0.0450503 0.025908 -0.998628 -0.0421342 0.0311029 0.014853
0.0360702 -0.0421618 0.998459 0.710351 -0.0436049 0.998092 0.0437215 0.0291619 -0.998397 -0.0451148 0.0341629 0.0168371
0.0411235 -0.044331 0.99817 0.746168 -0.046091 0.997868 0.0462164 0.0302728 -0.99809 -0.0479072 0.0389925 0.038819
0.0454258 -0.0399843 0.998167 0.700978 -0.0472186 0.997996 0.0421263 0.0257485 -0.997851 -0.0490457 0.0434467 0.0278954
0.0495869 -0.0393761 0.997993 0.793725 -0.0477303 0.997987 0.0417474 0.0306788 -0.997629 -0.0497047 0.0476077 0.044055
0.0520219 -0.0370192 0.99796 0.809769 -0.0405715 0.998409 0.0391508 0.040319 -0.997821 -0.0425255 0.0504372 0.0773392
0.0574775 -0.0359748 0.997698 0.818757 -0.0353896 0.998649 0.0380479 0.0207393 -0.997719 -0.037495 0.0561267 0.0376989
0.0553003 -0.027102 0.998102 0.832735 -0.0278382 0.999201 0.0286742 0.0152067 -0.998082 -0.029371 0.0545016 0.0838088
0.0529663 -0.0235897 0.998318 0.820143 -0.0271874 0.999316 0.0250558 0.0127313 -0.998226 -0.0284688 0.0522888 0.0940886
0.0520961 -0.0207907 0.998426 0.800535 -0.0274405 0.999376 0.0222422 0.0153982 -0.998265 -0.0285561 0.0514931 0.0844254
0.0540165 -0.0186504 0.998366 0.817973 -0.0274061 0.999421 0.0201529 0.00886316 -0.998164 -0.0284499 0.0534741 0.0321017
0.0512759 -0.0184511 0.998514 0.809234 -0.0250359 0.999491 0.0197548 0.00913204 -0.998371 -0.0260116 0.0507879 0.0563433
0.0531103 -0.0197767 0.998393 0.818156 -0.0243587 0.999481 0.021094 0.0155527 -0.998292 -0.0254399 0.0526009 0.0714168
0.053935 -0.0147207 0.998436 0.843345 -0.0214597 0.999643 0.0158977 0.0050752 -0.998314 -0.0222836 0.0535999 0.0315531
0.0570063 -0.0218178 0.998135 0.852725 -0.0181202 0.999574 0.0228841 0.000527027 -0.998209 -0.0193909 0.0565867 0.0206818
0.0519961 -0.00718082 0.998621 0.843845 -0.0147001 0.99986 0.00795513 0.0123254 -0.998539 -0.0150935 0.0518833 0.0861379
0.0519244 -0.0129449 0.998567 0.850869 -0.0175684 0.999749 0.0138737 0.00809953 -0.998496 -0.0182636 0.051684 0.0361184
0.0457822 -0.005055 0.998939 0.833235 -0.0133598 0.999895 0.00567213 -0.000846352 -0.998862 -0.0136053 0.0457099 0.0589432
0.0412344 -0.00430858 0.99914 0.840575 -0.0147234 0.99988 0.0049194 -0.00498829 -0.999041 -0.0149136 0.041166 0.0319788
0.0364844 -0.00253483 0.999331 0.786746 -0.0114036 0.999931 0.00295269 -0.0126015 -0.999269 -0.0115037 0.036453 0.0259096
0.0276397 -0.00203215 0.999616 0.896592 -0.00741842 0.99997 0.00223799 -0.00615959 -0.99959 -0.00747742 0.0276238 0.0491672
0.0195498 -0.00194048 0.999807 0.84222 -0.00210049 0.999996 0.00198192 0.00128598 -0.999807 -0.00213883 0.0195457 0.0269636
0.00962193 -0.00226622 0.999951 0.866116 -0.00153484 0.999996 0.00228109 -0.0150077 -0.999953 -0.00155671 0.00961842 0.0108298
-0.00115147 -0.00367078 0.999993 0.805411 -0.00315898 0.999988 0.00366713 -0.00652823 -0.999994 -0.00315474 -0.00116305 0.00160486
-0.0121868 -0.00223472 0.999923 0.879827 -0.00462902 0.999987 0.00217844 -0.0101383 -0.999915 -0.00460212 -0.012197 -0.00313817
-0.0228241 -0.00444092 0.99973 0.807988 -0.00507462 0.999978 0.00432617 -0.0125973 -0.999727 -0.00497451 -0.0228461 -0.0335868
-0.0349701 -0.00374822 0.999381 0.888997 -0.00225771 0.999991 0.0036715 -0.0102952 -0.999386 -0.00212792 -0.0349782 -0.0133751
-0.0451978 -0.00460654 0.998967 0.833131 -0.00310092 0.999985 0.00447094 -0.00445217 -0.998973 -0.00289564 -0.0452115 -0.0372456
-0.0559617 -0.00282722 0.998429 0.816052 -0.00256806 0.999993 0.00268771 -0.0206119 -0.99843 -0.00241362 -0.0559686 -0.0550782
-0.0671065 -0.00328336 0.99774 0.902373 -0.00165807 0.999994 0.00317925 0.0070217 -0.997744 -0.00144098 -0.0671115 -0.0400608
-0.0757568 -0.00500377 0.997114 0.749046 -0.00169516 0.999987 0.00488939 -0.0171148 -0.997125 -0.00131986 -0.0757642 -0.064156
-0.0854378 -0.00508053 0.996331 0.815771 -0.0026569 0.999985 0.00487133 -0.0133849 -0.99634 -0.00223096 -0.08545 -0.084577
-0.0950712 -0.00668445 0.995448 0.783901 -0.0039289 0.999972 0.0063396 -0.00324468 -0.995463 -0.0033083 -0.0950948 -0.0686313
-0.102952 -0.00684125 0.994663 0.735972 -0.00550721 0.999965 0.00630769 -0.0105172 -0.994671 -0.00482842 -0.102986 -0.0999502
-0.110131 -0.00965482 0.99387 0.820325 -0.00897204 0.999922 0.00871941 -0.00891802 -0.993877 -0.00795676 -0.110209 -0.0878725
-0.11475 -0.0128752 0.993311 0.720427 -0.0123471 0.999857 0.0115337 -0.00190117 -0.993318 -0.010941 -0.114893 -0.0875452
-0.119625 -0.0135928 0.992726 0.776562 -0.014053 0.999829 0.0119967 -0.00925758 -0.99272 -0.0125157 -0.119795 -0.112082
-0.121733 -0.0191119 0.992379 0.802458 -0.0168762 0.99971 0.0171829 0.0131156 -0.992419 -0.0146558 -0.12202 -0.0706796
-0.122535 -0.0180908 0.992299 0.750713 -0.0194669 0.999685 0.0158215 -0.00892786 -0.992273 -0.0173783 -0.122848 -0.106888
-0.121788 -0.0202401 0.99235 0.750418 -0.0189013 0.999658 0.0180695 0.0131756 -0.992376 -0.0165561 -0.122129 -0.0978299
-0.123056 -0.0187174 0.992223 0.737389 -0.0177514 0.999704 0.016657 -0.0111299 -0.992241 -0.0155637 -0.123352 -0.075424
-0.118014 -0.0223794 0.99276 0.738964 -0.0175242 0.999637 0.0204513 -0.0096978 -0.992857 -0.0149838 -0.118364 -0.138608
-0.115073 -0.0210288 0.993134 0.641645 -0.0181136 0.999654 0.019068 0.00469123 -0.993192 -0.015795 -0.115414 -0.0807073
-0.101668 -0.03521 0.994195 0.669838 -0.028779 0.999059 0.0324393 -0.00398825 -0.994402 -0.0253138 -0.102586 -0.0814499
-0.0904954 -0.0277823 0.995509 0.618835 -0.0282893 0.999279 0.0253159 0.00896645 -0.995495 -0.0258713 -0.0912162 -0.0408584
-0.0764191 -0.0337105 0.996506 0.623537 -0.0358586 0.998875 0.0310407 -0.000122491 -0.996431 -0.0333612 -0.0775419 -0.0345506
-0.0597957 -0.0286126 0.9978 0.571868 -0.0293196 0.999208 0.0268959 0.0109626 -0.99778 -0.0276468 -0.0605872 -0.0290298
-0.0388967 -0.0292159 0.998816 0.572778 -0.0274139 0.999227 0.0281604 0.00182217 -0.998867 -0.0262861 -0.0396676 0.00288164
-0.0130123 -0.0258889 0.99958 0.550376 -0.0242655 0.999379 0.0255678 0.00501442 -0.999621 -0.0239226 -0.0136325 0.00342347
0.0143603 -0.0254052 0.999574 0.535406 -0.0242427 0.999374 0.0257484 0.00629225 -0.999603 -0.0246022 0.0137354 0.0335266
0.0469588 -0.0215579 0.998664 0.52524 -0.0247736 0.999434 0.0227394 0.0145747 -0.99859 -0.0258083 0.0463981 0.0458853
0.0855344 -0.0210936 0.996112 0.495226 -0.0278557 0.999334 0.0235538 0.00638477 -0.995946 -0.0297621 0.0848899 0.0690654
0.1262 -0.0176223 0.991848 0.482207 -0.0298762 0.999321 0.0215564 -0.00215938 -0.991555 -0.0323531 0.125588 0.0917855
0.171266 -0.0174059 0.985071 0.478364 -0.0298111 0.999295 0.0228402 0.00269908 -0.984774 -0.0332778 0.170626 0.109563
0.219608 -0.018991 0.975403 0.465353 -0.0292747 0.999232 0.026046 -0.00434816 -0.975149 -0.0342746 0.218884 0.124959
0.269558 -0.008291 0.962949 0.494988 -0.0278089 0.999479 0.0163901 0.00470581 -0.962583 -0.0311966 0.269187 0.193265
0.3246 -0.01396 0.945748 0.472189 -0.021672 0.999519 0.0221919 0.00665879 -0.945603 -0.0276997 0.324142 0.184293
0.38191 -0.00673299 0.924175 0.456369 -0.012389 0.999846 0.012404 0.00787755 -0.924117 -0.0161868 0.381768 0.24366
0.453735 -0.021417 0.89088 0.603168 -0.0026202 0.999675 0.025367 0.0314118 -0.891133 -0.0138442 0.453531 0.212266
0.503039 -0.0110237 0.864193 0.360381 -0.00151085 0.999906 0.0136343 -0.0111031 -0.864262 -0.00816425 0.502975 0.318703
0.564947 -0.00951405 0.825073 0.391257 -0.00739134 0.999835 0.0165903 -0.00109612 -0.825094 -0.015471 0.564783 0.297137
0.621305 -0.0255133 0.783153 0.449777 0.00377871 0.999556 0.0295654 0.0213515 -0.783559 -0.0154098 0.621126 0.386352
0.670985 -0.00552468 0.74145 0.230028 -0.00622641 0.999895 0.0130851 0.0118275 -0.741445 -0.0133965 0.67088 0.307622
0.722931 -0.0116828 0.690821 0.302365 -0.00741421 0.999668 0.0246647 0.0022507 -0.69088 -0.0229528 0.722605 0.346969
0.765582 -0.00511448 0.643318 0.218123 -0.0107605 0.999727 0.0207536 0.0180141 -0.643249 -0.022811 0.765317 0.353572
0.808122 -0.00596267 0.588985 0.218174 -0.0156524 0.999378 0.0315933 -0.00181792 -0.588807 -0.0347503 0.807526 0.34793
0.843768 -0.00539032 0.53668 0.159406 -0.0152998 0.999302 0.0340912 -0.000208584 -0.536489 -0.0369762 0.843097 0.350998
0.875755 -0.00676111 0.482708 0.181345 -0.0153519 0.999006 0.0418449 0.0152532 -0.482512 -0.0440563 0.874781 0.399304
0.901205 -0.00337926 0.433381 0.164496 -0.0171622 0.998907 0.0434773 0.0119734 -0.433054 -0.0466198 0.900162 0.445928
0.921617 0.00157183 0.388097 0.153872 -0.0202665 0.998822 0.0440818 0.0119026 -0.38757 -0.0484919 0.920564 0.441522
0.937441 0.00304147 0.34813 0.11708 -0.0197337 0.998818 0.0444124 0.0105658 -0.347583 -0.0485039 0.936394 0.429634
0.949481 0.00515739 0.313783 0.118322 -0.0188954 0.99899 0.0407563 0.0199114 -0.313256 -0.0446264 0.94862 0.470481
0.959 0.00151871 0.283401 0.116282 -0.013206 0.999139 0.0393336 0.02062 -0.283097 -0.0414635 0.958195 0.483152
0.965224 -0.00852632 0.261284 0.112266 -0.00219943 0.999168 0.0407303 0.0158047 -0.261414 -0.0398885 0.964402 0.478439
0.969306 -0.0121548 0.245558 0.120839 0.00207466 0.999146 0.0412669 0.00807963 -0.24585 -0.0394908 0.968503 0.469675
0.972371 -0.00377317 0.23341 0.10676 -0.00573276 0.999182 0.0400345 0.0199749 -0.23337 -0.0402665 0.971554 0.523194
0.974559 0.00475133 0.22408 0.0906989 -0.013802 0.99915 0.0388416 0.0171606 -0.223705 -0.0409461 0.973797 0.47941
0.975845 0.00964226 0.218251 0.11044 -0.0178292 0.999208 0.0355734 0.0187572 -0.217735 -0.0386054 0.975244 0.527549
0.976353 0.00916073 0.215986 0.0993562 -0.0162049 0.999392 0.0308658 0.0144363 -0.215572 -0.033636 0.975908 0.538525
0.976924 0.00172486 0.213579 0.136687 -0.00812927 0.999543 0.0291116 0.000100749 -0.213431 -0.030176 0.976492 0.517287
0.9762 -0.00253242 0.216856 0.114779 -0.00305079 0.999673 0.0254075 0.00925468 -0.216849 -0.0254644 0.975873 0.560569
0.975594 -0.00897404 0.2194 0.130355 0.00455415 0.999777 0.0206428 0.0099903 -0.219537 -0.0191398 0.975417 0.533335
0.974395 -0.00671686 0.224743 0.136932 0.00331329 0.999874 0.015518 0.0122388 -0.224819 -0.014376 0.974294 0.505744
0.973398 0.00263671 0.229107 0.0889016 -0.00629988 0.999864 0.015259 0.00641355 -0.229036 -0.0162964 0.973282 0.513746
0.972546 0.00679475 0.232613 0.125729 -0.0113653 0.999768 0.0183142 0.0122956 -0.232435 -0.0204552 0.972397 0.487288
0.970968 0.00090128 0.239208 0.137483 -0.00675842 0.999697 0.0236665 0.00453313 -0.239114 -0.024596 0.97068 0.557417
0.970457 -0.00684784 0.241175 0.151124 -0.000281147 0.999564 0.0295126 0.0187306 -0.241272 -0.0287085 0.970033 0.54344
0.969457 -0.00678592 0.245168 0.138442 -0.00173538 0.999402 0.0345242 0.00747987 -0.245256 -0.0338952 0.968866 0.580806
0.969058 -0.0102368 0.246622 0.147059 0.00134465 0.999344 0.0361974 0.020625 -0.24683 -0.0347457 0.968436 0.621465
0.969131 -0.0140912 0.246145 0.20117 0.00561758 0.999368 0.0350936 0.00252363 -0.246484 -0.0326275 0.968598 0.605446
0.96838 -0.0120823 0.249185 0.1671 0.00527895 0.999595 0.0279526 0.0220969 -0.249422 -0.0257533 0.968052 0.684891
0.969038 0.000462869 0.24691 0.139867 -0.00551839 0.999789 0.0197836 0.0191889 -0.246849 -0.0205336 0.968836 0.654053
0.969901 -0.00118995 0.243498 0.165586 -0.00319149 0.99984 0.0175985 0.0161954 -0.24348 -0.0178459 0.969742 0.684643
0.970157 0.000271111 0.242479 0.174411 -0.00546652 0.99977 0.0207537 0.01662 -0.242417 -0.0214598 0.969935 0.632706
0.970712 -0.00480718 0.2402 0.118075 -0.00212931 0.999588 0.0286101 0.0124119 -0.240238 -0.0282836 0.970302 0.541004
0.971738 -0.00401528 0.236026 0.176928 -0.00438265 0.999376 0.0350451 0.00116194 -0.23602 -0.0350891 0.971115 0.708606
0.971452 0.00214784 0.237226 0.136358 -0.0099534 0.999448 0.0317107 0.0227204 -0.237027 -0.0331666 0.970937 0.673225
0.972515 0.00278227 0.232823 0.170505 -0.00945674 0.999576 0.0275563 0.0156953 -0.232647 -0.0290007 0.972129 0.750673
0.973169 0.00102973 0.23009 0.16219 -0.00620274 0.999744 0.0217604 0.0175669 -0.230008 -0.0226037 0.972926 0.713758
0.974078 -0.00584409 0.226137 0.164707 0.00141864 0.999804 0.0197273 0.0133573 -0.226208 -0.0188952 0.973896 0.751808
0.974923 -0.00629175 0.222455 0.138485 0.00161788 0.999774 0.0211864 0.00543652 -0.222538 -0.0202952 0.974713 0.706005
0.975824 -0.00979238 0.218339 0.180407 0.00449672 0.999684 0.024738 0.00910812 -0.218513 -0.0231581 0.975559 0.753565
0.975633 -0.00532561 0.219345 0.149674 -0.000273562 0.999675 0.0254886 0.0131389 -0.219409 -0.0249275 0.975314 0.727754
0.976463 -0.00624713 0.215595 0.175161 -0.000183045 0.999556 0.0297923 0.00956823 -0.215686 -0.0291306 0.976028 0.735434
0.975796 -0.00903345 0.218497 0.144332 0.00262383 0.999558 0.0296074 0.0330331 -0.218668 -0.0283175 0.975388 0.795524
0.976294 -0.00479345 0.216397 0.185256 -0.0022764 0.999472 0.0324096 -0.000353382 -0.216438 -0.0321339 0.975767 0.759081
0.975701 0.00403189 0.219068 0.141014 -0.0103351 0.999565 0.0276344 0.02061 -0.218861 -0.029227 0.975318 0.730349
0.97588 0.0064143 0.218213 0.182147 -0.0119982 0.999633 0.0242738 0.0186091 -0.217978 -0.0263065 0.975599 0.85564
0.975405 0.0109548 0.220149 0.144188 -0.0157895 0.999671 0.0202132 0.013956 -0.219855 -0.0231921 0.975257 0.730294
0.974554 0.0147552 0.223665 0.155475 -0.0196324 0.999615 0.0195981 0.0127413 -0.223289 -0.0234905 0.974469 0.794009
0.974131 0.0068499 0.22588 0.177394 -0.0121225 0.999685 0.0219638 0.00496483 -0.225659 -0.0241338 0.973907 0.841856
0.973874 0.00257805 0.227073 0.188186 -0.00735634 0.999769 0.0201992 0.0103189 -0.226968 -0.0213419 0.973668 0.778059
0.97271 -0.00353914 0.231997 0.198902 -0.000680778 0.999836 0.0181069 0.0115866 -0.232023 -0.0177707 0.972548 0.910385
0.972484 -0.00886968 0.232801 0.195472 0.0042369 0.999783 0.0203927 0.00852651 -0.232931 -0.0188452 0.972311 0.807639
0.972411 -0.0147852 0.232806 0.203563 0.0101273 0.999724 0.02119 0.00395178 -0.233056 -0.0182477 0.972292 0.806551
0.972497 -0.0127242 0.232568 0.201343 0.00777047 0.999723 0.0222038 0.00283956 -0.232786 -0.019786 0.972327 0.834947
0.972029 -0.000384281 0.23486 0.186437 -0.00516384 0.999722 0.0230077 0.0201079 -0.234803 -0.0235769 0.971757 0.820992
0.971764 0.00230118 0.235944 0.188843 -0.00951287 0.999522 0.0294316 0.00548479 -0.235763 -0.030845 0.971321 0.81035
0.97114 0.00523115 0.238451 0.207537 -0.0129343 0.999443 0.0307517 0.0127333 -0.238157 -0.0329484 0.970668 0.868766
0.970988 -0.00130175 0.239126 0.21449 -0.00512142 0.999643 0.0262377 0.00592815 -0.239075 -0.0267011 0.970634 0.898464
0.970922 -0.0143022 0.238968 0.222478 0.0113854 0.999843 0.0135817 0.0075418 -0.239125 -0.0104661 0.970932 0.878628
0.970875 -0.0150445 0.239114 0.206373 0.0139991 0.999884 0.00606957 0.00441976 -0.239178 -0.00254541 0.970973 0.820192
0.97122 -0.00772477 0.23806 0.187736 0.00423758 0.999876 0.0151567 0.0118191 -0.238147 -0.0137117 0.971132 0.789441
0.971464 -0.00226007 0.237178 0.174216 -0.00622684 0.999367 0.0350277 0.0112676 -0.237107 -0.035505 0.970835 0.740178
0.97201 -0.00453776 0.234895 0.199647 -0.0077318 0.998654 0.0512869 0.00251585 -0.234811 -0.0516676 0.970667 0.802054
0.97201 -0.000944789 0.234936 0.190662 -0.00956471 0.999004 0.0435899 0.0317135 -0.234744 -0.0446169 0.971033 0.849627
0.972231 0.00228885 0.23401 0.243271 -0.00905352 0.999571 0.0278374 0.016302 -0.233846 -0.029183 0.971835 1.08243
0.972381 -0.00197856 0.233392 0.157674 -0.002702 0.999802 0.0197331 0.026881 -0.233385 -0.0198187 0.972182 0.787126
0.972821 -0.00816738 0.231413 0.190394 0.00360988 0.999791 0.0201109 0.0114062 -0.231528 -0.0187289 0.972648 0.867445
0.972972 -0.00586515 0.230849 0.166398 0.00127584 0.999799 0.0200244 0.00524039 -0.23092 -0.0191886 0.972783 0.829232
0.973614 -0.00336451 0.228177 0.189971 -0.00100354 0.999819 0.0190245 0.0165472 -0.2282 -0.0187515 0.973434 0.818851
0.974028 -0.00155276 0.226424 0.182976 -0.00213843 0.999869 0.0160559 0.000220725 -0.226419 -0.0161231 0.973896 0.813826
0.974834 0.00393928 0.222895 0.17419 -0.00738806 0.999866 0.0146409 0.00892022 -0.222807 -0.0159192 0.974732 0.793443
0.974869 0.0131472 0.222388 0.145675 -0.0163664 0.999786 0.0126391 0.00177913 -0.222175 -0.0159611 0.974876 0.81868
0.975367 0.00993485 0.220363 0.19784 -0.0131103 0.99983 0.0129523 0.0100187 -0.220196 -0.0155223 0.975332 0.830603
0.975806 0.000780089 0.218635 0.183357 -0.00501265 0.999811 0.018805 -0.00612137 -0.218579 -0.019446 0.975626 0.804798
0.975664 -0.000144448 0.219273 0.150368 -0.00388473 0.999831 0.0179439 0.00827886 -0.219238 -0.0183591 0.975499 0.852663
0.977325 -0.00503691 0.211687 0.210275 0.00160311 0.999864 0.0163896 -0.00208756 -0.21174 -0.0156786 0.9772 0.819501
0.976947 -0.0111936 0.213188 0.129123 0.00825018 0.999858 0.0146915 -0.0137001 -0.213322 -0.012594 0.976901 0.766779
0.979131 -0.00910086 0.203027 0.17623 0.00661161 0.999894 0.0129355 0.0188662 -0.203123 -0.0113233 0.979088 0.763785
0.979939 -0.00305004 0.199275 0.108773 -0.00067553 0.999826 0.018625 -0.00525543 -0.199297 -0.0183859 0.979767 0.653518
0.981806 -0.00489065 0.189821 0.167856 -0.000284897 0.999629 0.0272285 0.00993386 -0.189884 -0.0267872 0.981441 0.78794
0.982043 -0.00303424 0.188631 0.100792 -0.003824 0.999345 0.0359835 0.011849 -0.188616 -0.0360587 0.981389 0.723661
0.983011 0.00499302 0.18348 0.180023 -0.0120243 0.999234 0.0372295 0.00991753 -0.183153 -0.0388032 0.982318 0.798842
0.983374 0.00831734 0.1814 0.0847752 -0.0142254 0.999409 0.0312927 0.0272396 -0.181033 -0.0333529 0.982911 0.870815
0.98516 -0.00200012 0.171626 0.158305 -0.00193323 0.999739 0.0227479 0.00614611 -0.171627 -0.0227421 0.984899 0.772011
0.985808 -0.00836966 0.167669 0.125501 0.00565768 0.999845 0.0166458 0.0172995 -0.167782 -0.0154609 0.985703 0.828584
0.987093 -0.0062 0.160026 0.131288 0.0033221 0.999828 0.0182452 0.00544618 -0.160112 -0.0174781 0.986944 0.73458
0.988343 0.00287791 0.152213 0.111947 -0.00600523 0.99978 0.0200899 0.00867602 -0.152122 -0.0207698 0.988143 0.752314
0.989367 0.0120503 0.14494 0.0748502 -0.0148016 0.99973 0.0179188 0.0014738 -0.144685 -0.0198736 0.989278 0.76226
0.990978 0.00585366 0.1339 0.107687 -0.00744018 0.999908 0.0113512 0.00631298 -0.133821 -0.0122451 0.99093 0.769007
0.992024 -0.00295428 0.126018 0.0902593 0.00180249 0.999956 0.00925302 -0.000296648 -0.126039 -0.00895207 0.991985 0.742874
0.99301 -0.00205068 0.118016 0.0764666 0.000746725 0.999938 0.0110921 0.00584756 -0.118031 -0.0109265 0.99295 0.730211
0.994019 0.00134666 0.109199 0.0903683 -0.00328955 0.999839 0.0176141 0.00274306 -0.109157 -0.017868 0.993864 0.728749
0.994777 0.00488665 0.10196 0.0573 -0.00723572 0.999717 0.0226821 0.00237473 -0.10182 -0.0233014 0.99453 0.763625
0.99557 0.00283886 0.0939763 0.0692706 -0.00528475 0.999653 0.0257881 0.00717257 -0.0938706 -0.0261705 0.99524 0.774177
0.996149 -0.000856763 0.0876728 0.072591 -0.00153702 0.999628 0.0272324 0.0114722 -0.0876636 -0.0272623 0.995777 0.826435
0.996492 -0.00186029 0.0836639 0.0619475 -0.000263048 0.999678 0.0253612 0.0110176 -0.0836842 -0.0252942 0.996171 0.800456
0.996797 0.00320366 0.0799072 0.0549922 -0.00477477 0.999799 0.0194784 0.00737918 -0.0798287 -0.0197975 0.996612 0.845949
0.997088 0.00853438 0.0757792 0.0497025 -0.0094928 0.999879 0.0122963 0.00363086 -0.0756651 -0.0129798 0.997049 0.808318
0.997303 0.00596166 0.0731579 0.0421789 -0.00668114 0.999932 0.00959382 0.00324307 -0.0730957 -0.0100567 0.997274 0.807479
0.997578 0.00286832 0.0694994 0.0540713 -0.00397261 0.999868 0.0157562 0.0081276 -0.069445 -0.0159942 0.997458 0.779461
0.997673 0.00487549 0.0680104 0.0336183 -0.00664442 0.999645 0.0258079 0.00237814 -0.0678604 -0.0261997 0.997351 0.805196
0.998002 0.00346514 0.0630838 0.0454202 -0.00552732 0.999455 0.0325445 0.0104794 -0.0629367 -0.0328281 0.997477 0.842563
0.998323 -0.00358514 0.0577751 0.0646742 0.00187242 0.999558 0.0296716 0.00671297 -0.057856 -0.0295137 0.997889 0.848148
0.998437 -0.0173122 0.0531316 0.0558602 0.0162593 0.999664 0.0201851 0.00937612 -0.0534632 -0.0192896 0.998383 0.866207
0.998798 -0.0171805 0.0459005 0.0343308 0.0164944 0.999747 0.0152847 0.0203433 -0.0461515 -0.0145092 0.998829 0.894483
0.999214 0.00136607 0.0396053 0.0192674 -0.00200073 0.99987 0.0159892 0.00624641 -0.0395783 -0.0160559 0.999087 0.825041
0.999497 0.00185191 0.0316721 0.0142498 -0.00255209 0.999753 0.022081 0.00677692 -0.0316233 -0.0221507 0.999254 0.795778
0.999681 -0.00502271 0.0247575 0.0166774 0.00438447 0.999658 0.025767 0.00449325 -0.0248785 -0.0256502 0.999361 0.835566
0.999735 -0.0145385 0.017875 0.0226807 0.0139992 0.999454 0.0299319 0.0161118 -0.0183004 -0.0296737 0.999392 0.850361
0.999842 -0.012981 0.0121037 0.0199357 0.0126178 0.999482 0.029616 0.0106378 -0.0124819 -0.0294586 0.999488 0.837356
0.999958 -0.00751657 0.00521051 -0.000659655 0.00739529 0.99971 0.0229165 0.00957196 -0.00538125 -0.022877 0.999724 0.844682
0.999931 -0.0115866 -0.00212189 -0.00359574 0.0116131 0.999849 0.0129288 0.00671278 0.00197177 -0.0129525 0.999914 0.687802
0.999769 -0.019509 -0.00897469 0.0062227 0.0195842 0.999773 0.00837552 0.00986693 0.00880926 -0.00854935 0.999925 0.905384
0.999875 -0.00583501 -0.014696 -0.0212333 0.0060719 0.999852 0.0161268 0.00166409 0.0145997 -0.0162141 0.999762 0.751408
0.999698 0.0148092 -0.0196242 -0.0287093 -0.0142296 0.999468 0.0293481 0.00810149 0.0200484 -0.02906 0.999377 0.724705
0.99959 0.0154463 -0.0241275 -0.0337263 -0.0145463 0.999208 0.0370391 0.00657712 0.0246805 -0.036673 0.999023 0.818615
0.999598 0.00542037 -0.0278363 0.000646329 -0.0044672 0.999405 0.0341907 0.00327657 0.0280051 -0.0340526 0.999028 0.0776108
0.999555 0.00237725 -0.0297422 -0.0564987 -0.00168895 0.999731 0.0231458 0.0249808 0.0297892 -0.0230853 0.99929 1.36983
0.999395 0.0146754 -0.0315233 -0.00624828 -0.0141992 0.999782 0.0152781 -0.00446655 0.0317407 -0.0148213 0.999386 -0.05556
0.999355 0.00977094 -0.0345667 -0.0559247 -0.00940954 0.9999 0.0106024 0.0144686 0.0346668 -0.0102703 0.999346 1.3122
0.999266 -0.00700364 -0.0376592 -0.000980302 0.00760995 0.999843 0.0159808 -0.00244365 0.0375414 -0.0162556 0.999163 0.542205
0.999274 -0.00561112 -0.0376865 -0.0229038 0.00650909 0.999697 0.023747 0.00372306 0.0375418 -0.023975 0.999007 0.391662
0.999289 0.000127763 -0.0376951 -0.0347367 0.00100595 0.999548 0.0300555 0.00268774 0.0376819 -0.030072 0.998837 0.471309
0.999218 0.000954209 -0.0395306 -0.0214381 0.000186616 0.999584 0.0288455 0.0093033 0.0395417 -0.0288303 0.998802 1.06246
