0.999993 -0.00137303 -0.00338692 -0.00631493 0.00136543 0.999997 -0.0022434 -0.0012479 0.00338999 0.00223876 0.999992 0.698142
0.999969 0.00150517 -0.00770404 -0.00921341 -0.00153926 0.999989 -0.00442198 0.00666449 0.0076973 0.0044337 0.999961 0.708706
0.999936 0.000624726 -0.0112949 -0.0195883 -0.000691542 0.999982 -0.00591268 -0.00469324 0.011291 0.00592011 0.999919 0.723306
0.999867 0.00236063 -0.016125 -0.0190894 -0.00247005 0.999974 -0.00676944 -0.0041672 0.0161086 0.00680837 0.999847 0.733618
0.999808 -0.000416222 -0.0196124 -0.0281163 0.000279437 0.999976 -0.00697666 -0.0107013 0.0196148 0.00696984 0.999783 0.741147
0.999693 0.00244994 -0.0246709 -0.0229975 -0.00264368 0.999966 -0.00782345 -0.0130041 0.0246509 0.00788626 0.999665 0.756322
0.999528 0.00287523 -0.0305983 -0.0214919 -0.00313042 0.999961 -0.00829515 -0.00997412 0.0305733 0.00838702 0.999497 0.775463
0.999397 0.00122735 -0.0347034 -0.0385957 -0.00146442 0.999976 -0.00680663 -0.00774878 0.0346942 0.00685335 0.999374 0.788142
0.999229 7.98741e-006 -0.0392667 -0.03598 -0.000156492 0.999993 -0.00377887 -0.0127246 0.0392664 0.0037821 0.999222 0.804787
0.999093 -0.000295307 -0.0425808 -0.0425029 0.000261559 1 -0.000798143 -0.0160037 0.042581 0.000786282 0.999093 0.824442
0.999015 0.00285147 -0.0442917 -0.0573161 -0.00292273 0.999995 -0.00154429 -0.00706239 0.044287 0.00167222 0.999017 0.843717
0.998911 -0.00111289 -0.0466506 -0.0419964 0.00104321 0.999998 -0.00151805 -0.00991549 0.0466522 0.00146773 0.99891 0.863435
0.998845 -0.00272364 -0.0479676 -0.050402 0.0025985 0.999993 -0.00267095 -0.000909666 0.0479745 0.00254322 0.998845 0.878293
0.998746 -0.000514072 -0.0500537 -0.0429171 0.000426594 0.999998 -0.00175836 -0.0106584 0.0500545 0.0017348 0.998745 0.868743
0.99866 -0.000601588 -0.0517493 -0.0463607 0.00050262 0.999998 -0.00192544 -0.0128187 0.0517504 0.00189685 0.998658 0.888567
0.998528 0.00136006 -0.0542131 -0.0451501 -0.00158383 0.99999 -0.00408491 -0.0114653 0.054207 0.00416476 0.998521 0.900182
0.998558 0.00120458 -0.053671 -0.0744572 -0.00160569 0.999971 -0.00743114 -0.000135898 0.0536605 0.0075066 0.998531 0.900464
0.998495 0.00565494 -0.0545579 -0.0703546 -0.00613595 0.999944 -0.00865313 -0.0131527 0.0545059 0.00897487 0.998473 0.901307
0.998408 -1.60138e-005 -0.0564013 -0.045862 -0.00046205 0.999964 -0.00846305 -0.0112571 0.0563995 0.00847564 0.998372 0.922937
0.998404 -0.000371489 -0.0564662 -0.0739377 -4.03783e-005 0.999973 -0.00729272 -0.012805 0.0564674 0.00728337 0.998378 0.941158
0.998323 -0.000345832 -0.057886 -0.0566676 5.95225e-006 0.999983 -0.00587161 -0.0149477 0.057887 0.00586142 0.998306 0.932336
0.998306 0.000385163 -0.0581774 -0.0669855 -0.00074912 0.99998 -0.00623429 -0.00769347 0.0581738 0.00626731 0.998287 0.915941
0.998233 0.000591404 -0.0594244 -0.0659705 -0.00103468 0.999972 -0.00742902 -0.00644092 0.0594183 0.00747737 0.998205 0.922767
0.998159 -0.00118151 -0.0606481 -0.0531303 0.000673718 0.999965 -0.00839253 -0.0121573 0.0606558 0.00833622 0.998124 0.903502
0.998121 -0.000583938 -0.0612757 -0.0567121 0.000158693 0.999976 -0.0069445 -0.0103681 0.0612783 0.00692172 0.998097 0.908747
0.998165 0.00173465 -0.0605289 -0.0693212 -0.00195847 0.999991 -0.00363865 -0.0115318 0.060522 0.00375052 0.99816 0.917138
0.998207 0.000901285 -0.0598527 -0.0593864 -0.000913871 1 -0.000182913 -0.00994188 0.0598525 0.000237283 0.998207 0.937896
0.99831 -0.00166447 -0.0580971 -0.0576016 0.00179763 0.999996 0.0022398 -0.00581897 0.0580931 -0.00234045 0.998308 0.958079
0.998266 -0.00187958 -0.0588308 -0.035991 0.00207922 0.999992 0.00333241 -0.00995064 0.058824 -0.00344896 0.998262 0.979115
0.998399 -0.0029749 -0.0564921 -0.0596099 0.00299841 0.999995 0.000331429 0.000716298 0.0564908 -0.000500285 0.998403 0.998048
0.99841 0.000804976 -0.0563561 -0.0554751 -0.00105023 0.99999 -0.0043224 -0.00984407 0.0563521 0.00437471 0.998401 1.01827
0.998487 0.00095547 -0.0549754 -0.0643543 -0.00136896 0.999971 -0.00748412 -0.011892 0.0549666 0.00754805 0.99846 0.997682
0.998481 -0.00383391 -0.0549617 -0.0402798 0.0034854 0.999973 -0.00643543 -0.0155091 0.0549849 0.00623409 0.998468 0.978875
0.998499 -0.00224772 -0.0547305 -0.0558691 0.00216246 0.999996 -0.00161694 -0.0120156 0.054734 0.00149616 0.9985 0.96622
0.99848 -0.00402678 -0.0549731 -0.0539004 0.00412909 0.99999 0.00174757 -0.0188427 0.0549655 -0.0019719 0.998486 0.971755
0.998453 -0.0059648 -0.0552801 -0.0539616 0.00602064 0.999982 0.000843682 -0.0133872 0.055274 -0.0011752 0.998471 0.983665
0.998407 -0.00267576 -0.0563573 -0.0542365 0.00247517 0.99999 -0.00362884 -0.00499629 0.0563664 0.00348357 0.998404 0.986211
0.998365 -0.000258722 -0.0571667 -0.0687955 -0.000178767 0.999971 -0.00764763 -0.0123572 0.057167 0.00764534 0.998335 0.965186
0.998284 0.00189466 -0.058527 -0.0623718 -0.00241481 0.999958 -0.00881803 -0.0154741 0.0585079 0.00894423 0.998247 0.945533
0.998187 -0.00127685 -0.0601722 -0.04441 0.000845414 0.999974 -0.0071949 -0.0229703 0.0601798 0.00713099 0.998162 0.949775
0.998177 0.00416815 -0.0602121 -0.0761508 -0.00440997 0.999983 -0.00388387 -0.0241727 0.0601948 0.00414232 0.998178 0.956703
0.997994 -0.00103448 -0.0632941 -0.0408776 0.000885771 0.999997 -0.00237745 -0.0193457 0.0632963 0.00231662 0.997992 0.97899
0.998019 0.00186651 -0.0628798 -0.0841423 -0.0018337 0.999998 0.000579511 -0.013393 0.0628808 -0.000463061 0.998021 0.996398
0.998081 0.00143604 -0.061898 -0.0586817 -0.001211 0.999993 0.00367299 -0.0228645 0.0619028 -0.00359098 0.998076 0.978008
0.998096 0.00721287 -0.0612591 -0.086754 -0.00684658 0.999957 0.0061872 -0.00383077 0.0613011 -0.00575601 0.998103 0.996256
0.998085 -0.0014859 -0.0618342 -0.0573764 0.00184837 0.999981 0.00580504 -0.0136299 0.0618245 -0.00590822 0.99807 1.01833
0.99811 0.00028643 -0.0614577 -0.0690907 -4.32447e-005 0.999992 0.00395824 3.39383e-005 0.0614583 -0.0039481 0.998102 1.03774
0.998047 0.0054178 -0.0622383 -0.0736031 -0.00532602 0.999984 0.00164044 -0.0177858 0.0622462 -0.00130575 0.99806 1.05733
0.998022 0.000503669 -0.0628698 -0.0736994 -0.000383435 0.999998 0.00192447 -0.0189675 0.0628706 -0.00189656 0.99802 1.04779
0.998079 0.00112904 -0.0619507 -0.100883 -0.000930869 0.999994 0.00322759 -0.0159197 0.061954 -0.00316372 0.998074 1.06567
0.998009 0.00038625 -0.0630678 -0.0642228 -9.44654e-005 0.999989 0.00462943 -0.0225515 0.0630689 -0.00461426 0.997999 1.08786
0.99786 0.00305824 -0.0653121 -0.0169407 -0.00324392 0.999991 -0.00273705 -0.00462698 0.0653032 0.00294306 0.997861 0.27694
0.99786 0.00305824 -0.0653121 -0.0338813 -0.00324392 0.999991 -0.00273705 -0.00925396 0.0653032 0.00294306 0.997861 0.55388
0.997862 0.000924454 -0.0653559 -0.0228856 -0.00117859 0.999992 -0.00385006 -0.00440808 0.0653518 0.00391885 0.997855 0.296582
0.997823 -0.0021781 -0.0659184 -0.0196425 0.00219429 0.999998 0.000173237 -0.00739403 0.0659179 -0.000317504 0.997825 0.316802
0.997799 -0.00233054 -0.0662731 -0.0215075 0.00251726 0.999993 0.00273414 -0.00328282 0.0662663 -0.00289495 0.997798 0.336794
0.997784 -0.00170161 -0.0665163 -0.0244181 0.00191278 0.999993 0.00311111 -0.00385294 0.0665106 -0.00323144 0.99778 0.356641
0.997724 -0.00391209 -0.0673192 -0.0228951 0.00405679 0.99999 0.00201287 -0.00734826 0.0673106 -0.00228139 0.997729 0.37673
0.997702 -0.000420246 -0.0677484 -0.0294185 0.000482501 0.999999 0.000902549 -0.00714003 0.0677479 -0.000933164 0.997702 0.396342
0.997731 -0.000561866 -0.0673238 -0.0379455 0.000670183 0.999999 0.00158633 -0.00237218 0.0673228 -0.00162785 0.99773 0.415762
0.997569 -0.000731172 -0.069685 -0.0286024 0.00113535 0.999983 0.00576063 -0.0064606 0.0696796 -0.00582574 0.997552 0.436513
0.997488 -0.00269727 -0.0707854 -0.0283611 0.00343467 0.999941 0.0102978 -0.00288829 0.0707535 -0.0105151 0.997438 0.456607
0.997392 0.00137069 -0.0721645 -0.0318421 -0.000478038 0.999923 0.0123855 -0.00060652 0.0721759 -0.0123187 0.997316 0.476433
0.997276 0.00415466 -0.0736369 -0.0422765 -0.00352794 0.999956 0.00863899 -0.00295153 0.0736696 -0.00835568 0.997248 0.495688
0.997196 0.00193395 -0.0748028 -0.0418061 -0.00187047 0.999998 0.000918604 -0.00394436 0.0748044 -0.000776112 0.997198 0.51579
0.997155 0.00256574 -0.0753383 -0.0460147 -0.00286075 0.999989 -0.00380809 -0.0054641 0.0753277 0.00401278 0.997151 0.535495
0.996935 0.00272705 -0.0781886 -0.0342586 -0.00294404 0.999992 -0.00266009 -0.00918983 0.0781807 0.00288213 0.996935 0.556367
0.996861 0.00310103 -0.0791084 -0.0513749 -0.00311902 0.999995 -0.000103903 -0.0109838 0.0791077 0.000350318 0.996866 0.575102
0.99669 0.00272007 -0.0812483 -0.0471346 -0.00255955 0.999995 0.00207973 -0.0155578 0.0812536 -0.00186489 0.996692 0.595431
0.996497 0.000599576 -0.0836277 -0.0460355 -0.000438 0.999998 0.00195043 -0.00838148 0.0836287 -0.00190697 0.996495 0.615721
0.996435 0.00446623 -0.0842498 -0.070955 -0.00423043 0.999987 0.00297715 -0.0106721 0.084262 -0.00261012 0.99644 0.633445
0.996286 0.00716673 -0.0858113 -0.0742723 -0.00679048 0.999966 0.00467571 -0.0234989 0.0858419 -0.00407564 0.9963 0.652865
0.996198 0.00138062 -0.0871045 -0.0660668 -0.000942271 0.999987 0.00507337 -0.00779581 0.0871103 -0.004972 0.996186 0.674222
0.996035 -0.000985953 -0.0889539 -0.0557321 0.00157529 0.999977 0.00655523 -0.0137422 0.0889454 -0.00666937 0.996014 0.69513
0.995954 0.0023569 -0.0898349 -0.0705004 -0.00152522 0.999955 0.00932536 -0.00518956 0.0898528 -0.00915061 0.995913 0.714005
0.995858 0.000593188 -0.0909232 -0.068904 0.000616723 0.999912 0.0132783 -0.00276781 0.090923 -0.0132794 0.995769 0.734265
0.995783 0.00611547 -0.0915364 -0.0874126 -0.00473784 0.999872 0.0152598 -0.00351495 0.0916181 -0.0147618 0.995685 0.752428
0.995818 0.00461411 -0.0912479 -0.103684 -0.00360181 0.99993 0.0112555 -0.00419126 0.0912934 -0.0108798 0.995765 0.77054
0.995648 0.000636439 -0.0931907 -0.0716105 -0.000248058 0.999991 0.00417912 -0.0125468 0.0931926 -0.00413781 0.99564 0.794176
0.995546 -0.00118698 -0.0942702 -0.0799 0.00101732 0.999998 -0.0018478 -0.00974656 0.0942721 0.00174367 0.995545 0.813524
0.995512 0.00557562 -0.0944672 -0.104292 -0.00586843 0.999979 -0.00282208 -0.00264724 0.0944495 0.00336379 0.995524 0.82896
0.99543 0.00330801 -0.0954418 -0.0926356 -0.00323042 0.999994 0.000967498 -0.0124329 0.0954444 -0.000654759 0.995435 0.838285
0.99526 -0.000925238 -0.0972406 -0.07625 0.00121927 0.999995 0.00296442 -0.0143224 0.0972373 -0.00306893 0.995256 0.819816
0.995247 -0.0017532 -0.0973707 -0.0933759 0.00169286 0.999998 -0.000702377 -0.013342 0.0973717 0.000534204 0.995248 0.797924
0.995213 -0.00857932 -0.0973507 -0.0584554 0.00798101 0.999947 -0.00653365 -0.0206237 0.0974016 0.00572541 0.995229 0.781023
0.995435 -0.00352263 -0.0953753 -0.087172 0.00240933 0.999928 -0.0117855 -0.0118497 0.0954099 0.0115019 0.995372 0.758394
0.995685 0.000505931 -0.0927933 -0.0580555 -0.00165986 0.999922 -0.0123588 -0.00570904 0.0927799 0.0124595 0.995609 0.741187
0.996047 0.00300679 -0.0887777 -0.0704195 -0.00384529 0.99995 -0.00927541 -0.0105598 0.0887453 0.00958012 0.996008 0.719967
0.996459 -0.00152502 -0.0840664 -0.0602797 0.00102098 0.999981 -0.00603837 -0.0197718 0.0840741 0.00593115 0.996442 0.700613
0.996952 -0.00295056 -0.0779594 -0.049359 0.00280237 0.999994 -0.00201016 -0.014465 0.0779649 0.00178557 0.996955 0.681541
0.997563 -0.00341488 -0.069681 -0.0412301 0.00351209 0.999993 0.00127267 -0.0173674 0.0696762 -0.00151429 0.997569 0.663673
0.998256 0.00257948 -0.0589716 -0.0357204 -0.00250714 0.999996 0.0013007 -0.00816311 0.0589747 -0.00115059 0.998259 0.644138
0.999022 0.0058328 -0.0438264 -0.0341807 -0.00579203 0.999983 0.0010574 -0.00775187 0.0438318 -0.000802518 0.999039 0.624196
0.999639 0.00441196 -0.0265217 -0.00234706 -0.00436024 0.999988 0.00200737 -0.0109249 0.0265302 -0.001891 0.999646 0.605076
0.999983 -0.00224813 -0.00534861 0.0288371 0.00226307 0.999994 0.0027888 -0.00668438 0.0053423 -0.00280086 0.999982 0.58443
0.999764 -0.00119994 0.0216938 0.0161904 0.00111103 0.999991 0.00410996 -0.00794926 -0.0216985 -0.00408488 0.999756 0.564891
0.998691 -0.000645433 0.0511384 0.049431 0.000337494 0.999982 0.00603009 -0.00694111 -0.0511414 -0.00600494 0.998673 0.542889
0.996401 0.000643171 0.0847679 0.0568467 -0.00130135 0.999969 0.00770947 -0.00705031 -0.0847604 -0.00779203 0.996371 0.523509
0.99247 -0.000475527 0.122489 0.085615 -0.000583141 0.999963 0.00860698 -0.00557196 -0.122488 -0.0086136 0.992433 0.518575
0.986442 -0.000652006 0.164108 0.110028 -0.000832682 0.999959 0.00897805 -0.00634435 -0.164107 -0.00899297 0.986401 0.49851
0.978144 -0.00201544 0.207919 0.151163 3.32168e-005 0.999955 0.00953673 -0.00591393 -0.207928 -0.00932139 0.9781 0.483109
0.966941 -0.00135429 0.254998 0.179393 -0.000652237 0.999969 0.00778408 -0.00867048 -0.255001 -0.00769306 0.96691 0.451855
0.950948 0.000686177 0.30935 0.162648 -0.00243427 0.999983 0.00526491 -0.00600302 -0.309341 -0.00575969 0.950934 0.438752
0.9312 -0.000857927 0.364507 0.205964 -0.000499513 0.999993 0.00362975 -4.64867e-005 -0.364508 -0.0035621 0.931194 0.409212
0.907229 -0.00120128 0.420635 0.232775 0.000206844 0.999997 0.00240973 0.00100407 -0.420637 -0.00209917 0.907227 0.379551
0.878561 -0.00136162 0.477628 0.250103 0.000657555 0.999998 0.00164126 -0.00380159 -0.477629 -0.00112788 0.878561 0.350776
0.845647 -0.0036292 0.53373 0.27882 0.00323294 0.999993 0.00167733 -0.000975939 -0.533733 0.000307087 0.845653 0.332437
0.810003 -0.00247065 0.58642 0.30021 0.00107048 0.999996 0.00273446 -0.0150592 -0.586424 -0.00158717 0.810003 0.29303
0.771366 -0.00267494 0.636387 0.309851 -0.000567875 0.999988 0.00489159 -0.00946853 -0.636392 -0.00413459 0.771355 0.272332
0.729245 -0.00124209 0.684252 0.329433 -0.00363559 0.999977 0.00568985 0.00517473 -0.684243 -0.00663695 0.729224 0.2781
0.685026 -0.00327613 0.728511 0.338911 -0.00246801 0.999974 0.0068176 -0.00592922 -0.728514 -0.0064682 0.685 0.235979
0.639438 -0.00672879 0.768813 0.362817 0.00035513 0.999964 0.0084565 0.00124405 -0.768843 -0.00513438 0.639417 0.217063
0.593415 -0.0109777 0.804822 0.378686 0.00135099 0.999919 0.0126427 0.00492487 -0.804896 -0.00641508 0.593382 0.200503
0.547273 -0.005445 0.836936 0.399693 -0.00631403 0.999924 0.0106341 -0.00038302 -0.83693 -0.0111042 0.547197 0.203507
0.500063 -0.00218238 0.865987 0.422129 -0.00667337 0.999957 0.00637353 0.00627429 -0.865964 -0.00896622 0.500027 0.203172
0.454885 -0.00252915 0.890547 0.417385 -0.00282164 0.999987 0.00428123 -0.00523035 -0.890546 -0.00446026 0.454871 0.16411
0.413321 -0.0103656 0.910526 0.410716 0.00116406 0.99994 0.0108551 -0.000558477 -0.910584 -0.00342673 0.413309 0.122233
0.374335 -0.0228409 0.927012 0.425797 -0.00243484 0.999669 0.0256143 0.00972886 -0.92729 -0.0118455 0.374155 0.102532
0.340121 -0.0229147 0.940103 0.445506 -0.0181642 0.999356 0.0309307 0.00470367 -0.940206 -0.0275964 0.339486 0.106468
0.307859 -0.0207837 0.951205 0.46354 -0.0190724 0.999426 0.0280102 0.00583427 -0.951241 -0.0267649 0.307286 0.116848
0.276448 -0.00912239 0.960986 0.477032 -0.0198005 0.999689 0.0151858 -0.00721545 -0.960825 -0.0232261 0.276181 0.143066
0.248248 -0.00675892 0.968673 0.504123 -0.0095874 0.99991 0.0094339 -0.00702213 -0.968649 -0.011629 0.248161 0.119219
0.22267 -0.00773105 0.974863 0.529724 -0.00519845 0.999945 0.00911735 -0.00519853 -0.97488 -0.00709794 0.222617 0.0942932
0.199403 -0.0143686 0.979812 0.553431 -0.00309163 0.999878 0.015292 -0.000895451 -0.979913 -0.0060785 0.199334 0.0718447
0.179669 -0.0192754 0.983538 0.574891 -0.00387604 0.999786 0.0203019 0.0147909 -0.983719 -0.00745987 0.179556 0.0587627
0.160309 -0.0191565 0.986881 0.592327 -0.00958403 0.999734 0.0209628 0.0265802 -0.98702 -0.0128188 0.160083 0.078339
0.143138 -0.0155647 0.98958 0.573918 -0.0177924 0.999674 0.018297 0.0136707 -0.989543 -0.020226 0.142815 0.0678486
0.127701 -0.013816 0.991716 0.554031 -0.0207719 0.999646 0.0166013 -0.000345736 -0.991595 -0.0227199 0.127369 0.0670708
0.113187 -0.0153919 0.993454 0.535565 -0.0176136 0.999692 0.0174953 0.00232369 -0.993418 -0.0194786 0.112881 0.0518725
0.100261 -0.018219 0.994794 0.516984 -0.0175833 0.999644 0.02008 0.00325411 -0.994806 -0.019505 0.0999054 0.0334537
0.0890252 -0.0225499 0.995774 0.537044 -0.0183926 0.999536 0.0242794 0.00717223 -0.99586 -0.0204764 0.0885692 0.0325316
0.0788983 -0.025466 0.996557 0.54952 -0.0210119 0.999409 0.0272024 0.0116307 -0.996661 -0.0230857 0.0783166 0.036543
0.070809 -0.0274423 0.997112 0.554747 -0.0244203 0.999274 0.029236 0.0106233 -0.997191 -0.02642 0.0700874 0.0356828
0.0647992 -0.0295854 0.99746 0.558205 -0.0265421 0.999156 0.03136 0.01475 -0.997545 -0.0285068 0.0639592 0.0349985
0.0591522 -0.0306017 0.99778 0.578392 -0.0281885 0.99908 0.0323127 0.0140985 -0.997851 -0.0300373 0.0582352 0.0328342
0.0521136 -0.0299729 0.998191 0.597088 -0.0300307 0.99905 0.0315666 0.0174083 -0.99819 -0.0316214 0.051164 0.0416494
0.0474268 -0.0319382 0.998364 0.617944 -0.0302763 0.998984 0.0333962 0.0125487 -0.998416 -0.0318107 0.0464116 0.0298494
0.0433507 -0.0336741 0.998492 0.637607 -0.0318182 0.998878 0.0350685 0.0199243 -0.998553 -0.0332904 0.0422306 0.0333987
0.0403449 -0.0350466 0.998571 0.658118 -0.0341034 0.998754 0.0364309 0.0187557 -0.998604 -0.0355245 0.0390994 0.0231484
0.0386945 -0.0375942 0.998544 0.678171 -0.0351372 0.998623 0.0389588 0.0234715 -0.998633 -0.0365935 0.0373202 0.0170673
0.0378113 -0.041166 0.998437 0.686098 -0.0376826 0.998382 0.0425908 0.021133 -0.998574 -0.0392341 0.0361989 0.0265847
0.0389029 -0.0420937 0.998356 0.706062 -0.0416698 0.998175 0.0437098 0.0217942 -0.998374 -0.0433018 0.0370778 0.0276256
0.0416161 -0.0431869 0.9982 0.725734 -0.0418993 0.998111 0.0449299 0.0295871 -0.998255 -0.0436937 0.039728 0.0295505
0.0458683 -0.0467977 0.997851 0.745805 -0.042741 0.997895 0.0487645 0.0317318 -0.998033 -0.0448859 0.0437716 0.0261403
0.0512724 -0.040815 0.99785 0.736801 -0.0480197 0.997908 0.0432848 0.026254 -0.99753 -0.0501358 0.0492052 0.0502381
0.0559686 -0.0455148 0.997395 0.758071 -0.0427318 0.997936 0.0479374 0.0252778 -0.997518 -0.0453034 0.0539082 0.0271637
0.0605875 -0.0457418 0.997114 0.777093 -0.0472985 0.997696 0.0486425 0.0294248 -0.997042 -0.0501091 0.0582844 0.0454621
0.0644527 -0.0428012 0.997002 0.796215 -0.0482729 0.997776 0.0459551 0.0341668 -0.996753 -0.0510901 0.0622432 0.0569169
0.0688574 -0.0411356 0.996778 0.816049 -0.04426 0.99804 0.0442451 0.0344968 -0.996644 -0.047164 0.0669018 0.0599913
0.0736206 -0.0395573 0.996501 0.836328 -0.0408529 0.998255 0.042645 0.0274989 -0.996449 -0.0438496 0.0718761 0.0606922
0.0798713 -0.0416581 0.995934 0.857898 -0.0357344 0.998364 0.0446255 0.019169 -0.996164 -0.0391534 0.0782521 0.0385521
0.0814049 -0.0346501 0.996079 0.874443 -0.0364843 0.998622 0.0377203 0.0375564 -0.996013 -0.0394119 0.0800285 0.0808761
0.0835622 -0.0336972 0.995933 0.897144 -0.0311739 0.998851 0.0364116 0.0429539 -0.996015 -0.0340897 0.0824157 0.0380616
0.0815272 -0.0307826 0.996196 0.910168 -0.0345644 0.998834 0.0336928 0.0250664 -0.996072 -0.0371798 0.0803682 0.124444
0.0801215 -0.0274698 0.996407 0.933014 -0.0332777 0.998989 0.0302169 0.0176531 -0.996229 -0.0355792 0.0791264 0.104177
0.0857386 -0.0328525 0.995776 0.956755 -0.0278525 0.998987 0.0353566 0.0239527 -0.995928 -0.0307662 0.0847367 -0.0607112
0.0860749 -0.0301972 0.995831 0.97428 -0.034532 0.99885 0.0332735 0.0049468 -0.99569 -0.037252 0.0849331 0.0956682
0.0866837 -0.0296709 0.995794 0.995972 -0.0306234 0.999005 0.0324323 0.0143785 -0.995765 -0.0333059 0.0856888 0.0760941
0.0876578 -0.0287857 0.995735 1.0151 -0.0296076 0.999065 0.0314884 0.0184557 -0.995711 -0.0322415 0.0867236 0.0868459
0.0866922 -0.0259015 0.995898 0.994882 -0.0280204 0.999203 0.0284266 0.0153049 -0.995841 -0.0303698 0.0858974 0.0890681
0.0825311 -0.019856 0.996391 0.971976 -0.0265114 0.999404 0.022112 0.0240466 -0.996236 -0.0282406 0.0819555 0.114381
0.0782852 -0.0163522 0.996797 0.971794 -0.0219037 0.999596 0.0181184 0.0104663 -0.99669 -0.0232519 0.0778954 0.0945506
0.0720225 -0.0158552 0.997277 0.951762 -0.0189284 0.999672 0.0172603 0.010633 -0.997223 -0.02012 0.0716988 0.0938735
0.0638111 -0.0104398 0.997907 0.958869 -0.0181449 0.999768 0.0116195 0.00688939 -0.997797 -0.0188484 0.0636069 0.098315
0.055564 -0.00840265 0.99842 0.97937 -0.0106256 0.999903 0.00900646 -0.0036749 -0.998399 -0.0111092 0.0554693 0.094449
0.0462337 -0.00807396 0.998898 1.00234 -0.00703636 0.99994 0.00840806 -0.000340221 -0.998906 -0.00741734 0.0461742 0.0562968
0.0371785 -0.0087158 0.999271 1.01476 -0.00738003 0.999932 0.00899615 -0.00405494 -0.999281 -0.00770911 0.0371117 0.0230232
0.0266599 -0.00827484 0.99961 1.03452 -0.00942765 0.999919 0.00852883 -0.00223624 -0.9996 -0.00965135 0.0265797 0.0321739
0.0157373 -0.00640354 0.999856 1.03291 -0.00887063 0.999939 0.00654369 -0.00134734 -0.999837 -0.00897233 0.0156796 0.0229336
0.00381539 -0.00250491 0.99999 1.05201 -0.00684322 0.999973 0.00253098 0.00544604 -0.999969 -0.0068528 0.00379814 0.0488275
-0.00715019 -0.00260226 0.999971 1.07303 -0.00220732 0.999994 0.00258654 -0.011561 -0.999972 -0.00218876 -0.00715589 -0.0123897
-0.0183329 -0.0020485 0.99983 1.09289 -0.00195714 0.999996 0.00201295 -0.0121974 -0.99983 -0.0019199 -0.0183368 -0.0212134
-0.0389069 -0.00267168 0.999239 0.278002 -0.000514686 0.999996 0.00265366 -0.00678917 -0.999243 -0.000411049 -0.0389081 -0.0106943
-0.0389069 -0.00267168 0.999239 0.556003 -0.000514686 0.999996 0.00265366 -0.0135783 -0.999243 -0.000411049 -0.0389081 -0.0213887
-0.0482533 -0.00303631 0.998831 0.297774 -0.00211354 0.999993 0.00293774 -0.00416039 -0.998833 -0.00196931 -0.0482594 -0.017039
-0.0584651 -0.00345726 0.998283 0.317996 -0.00231056 0.999992 0.00332786 -0.000313366 -0.998287 -0.00211203 -0.0584726 -0.0136747
-0.0677012 -0.00447533 0.997696 0.337483 -0.00321887 0.999986 0.00426718 -0.00343508 -0.9977 -0.00292256 -0.0677147 -0.0231072
-0.0753582 -0.00894881 0.997116 0.355107 -0.00588543 0.999946 0.00852941 -0.00870665 -0.997139 -0.0052257 -0.0754068 -0.0468502
-0.0811432 -0.0123235 0.996626 0.375323 -0.010474 0.999879 0.0115109 -0.00250444 -0.996647 -0.00950459 -0.0812625 -0.0472222
-0.0878708 -0.0138727 0.996035 0.397639 -0.0140481 0.999821 0.0126861 0.00471711 -0.996033 -0.0128777 -0.08805 -0.0222633
-0.091668 -0.0165991 0.995651 0.416617 -0.0154897 0.999764 0.0152415 0.00122805 -0.995669 -0.0140252 -0.0919035 -0.0373603
-0.092101 -0.0209631 0.995529 0.433805 -0.0189591 0.999634 0.0192956 -0.00860994 -0.995569 -0.0170972 -0.0924647 -0.0619458
-0.0925525 -0.02277 0.995447 0.455648 -0.0225587 0.99953 0.020766 -0.000979683 -0.995452 -0.020534 -0.0930226 -0.0491279
-0.0945448 -0.0217585 0.995283 0.476712 -0.0219949 0.999563 0.0197627 0.00359346 -0.995278 -0.0200227 -0.094982 -0.0386576
-0.0924648 -0.023319 0.995443 0.495334 -0.0215564 0.999538 0.0214126 -0.00416106 -0.995483 -0.0194783 -0.0929248 -0.0540378
-0.103403 -0.0195362 0.994448 0.512164 -0.0201406 0.999643 0.017544 0.0128511 -0.994436 -0.0182147 -0.103759 0.0784088
-0.098901 -0.0178091 0.994938 0.536772 -0.0190782 0.99969 0.0159977 -0.00342084 -0.994914 -0.0173994 -0.0992102 -0.0402569
-0.0918812 -0.0173343 0.995619 0.557011 -0.017088 0.999729 0.0158288 -0.0100912 -0.995623 -0.0155588 -0.0921525 -0.0363949
-0.0808212 -0.0158901 0.996602 0.576927 -0.0170814 0.999748 0.014555 -0.00141469 -0.996582 -0.015847 -0.0810723 -0.0396581
-0.0672883 -0.0155886 0.997612 0.597851 -0.0155416 0.999773 0.0145741 -0.00663647 -0.997613 -0.0145238 -0.0675153 -0.0219474
-0.0500355 -0.0153589 0.998629 0.61807 -0.013899 0.999796 0.0146805 0.00189708 -0.998651 -0.0131454 -0.0502388 -0.0163821
-0.028523 -0.0141176 0.999493 0.619054 -0.0125757 0.999826 0.0137634 0.0013344 -0.999514 -0.0121768 -0.0286956 -0.00410258
-0.00408997 -0.0132024 0.999904 0.598602 -0.0110553 0.999852 0.0131565 -0.00320742 -0.999931 -0.0110005 -0.00423533 0.0234146
0.0244313 -0.0120517 0.999629 0.580733 -0.0112523 0.999861 0.0123295 0.00514046 -0.999638 -0.0115493 0.0242923 0.0339503
0.0574556 -0.0101994 0.998296 0.558908 -0.0124217 0.999863 0.0109303 0.00504007 -0.998271 -0.0130286 0.057321 0.0561799
0.0952897 -0.0100659 0.995399 0.537165 -0.012881 0.999853 0.0113441 -0.00119337 -0.995366 -0.0139027 0.095146 0.0770237
0.136904 -0.00853898 0.990547 0.549686 -0.0142685 0.999842 0.0105912 -0.0010278 -0.990481 -0.0155836 0.136761 0.109557
0.181171 -0.00588563 0.983434 0.548189 -0.0136493 0.999871 0.00849852 0.00489729 -0.983357 -0.0149629 0.181068 0.145386
0.22754 -0.0026603 0.973765 0.527241 -0.0121703 0.99991 0.00557555 -0.0064442 -0.973693 -0.0131196 0.227487 0.179792
0.277595 0.000657699 0.960698 0.508256 -0.00683311 0.999976 0.00128985 0.00297208 -0.960674 -0.00692261 0.277593 0.20397
0.330619 -4.97634e-005 0.943764 0.495203 -0.00125224 0.999999 0.000491414 -0.00637728 -0.943763 -0.00134429 0.330619 0.232122
0.387188 -0.00241288 0.921998 0.485068 0.00241943 0.999996 0.00160098 -0.00753075 -0.921998 0.00161083 0.387192 0.258217
0.445504 -0.00314515 0.895274 0.481706 0.00341906 0.999993 0.00181165 -0.0166507 -0.895273 0.0022539 0.445511 0.303461
0.504193 -0.00387288 0.863582 0.457016 0.00444683 0.999988 0.00188838 -0.0128899 -0.863579 0.00288809 0.504205 0.327985
0.562218 0.00124421 0.826988 0.419129 0.000789398 0.999998 -0.00204117 -0.000668403 -0.826989 0.0018004 0.562216 0.344713
0.617171 0.00281541 0.786824 0.368764 0.00214547 0.999984 -0.00526101 0.00238141 -0.786826 0.00493505 0.617155 0.370402
0.670752 0.0013693 0.741681 0.349304 0.00442625 0.999973 -0.00584913 -0.00542034 -0.741669 0.00720618 0.670728 0.361443
0.72023 -0.000271867 0.693735 0.310405 0.00348179 0.999989 -0.00322288 -0.018176 -0.693726 0.00473665 0.720223 0.369181
0.765451 -0.0011111 0.643493 0.26642 -0.00071738 0.999996 0.00258001 -0.00747826 -0.643494 -0.0024365 0.765448 0.378198
0.806612 -0.000769404 0.591081 0.2383 -0.0047838 0.999958 0.00782981 -0.00024885 -0.591062 -0.00914323 0.806575 0.419749
0.843342 -0.00134418 0.537376 0.229499 -0.00627652 0.999904 0.0123513 0.00301084 -0.537341 -0.0137892 0.843252 0.447218
0.874722 -0.00234858 0.48462 0.212963 -0.00712607 0.999818 0.0177076 0.0100368 -0.484573 -0.0189427 0.874546 0.477217
0.900608 0.00036128 0.434631 0.185888 -0.0101765 0.999743 0.0202559 -0.00379663 -0.434512 -0.0226657 0.900381 0.509832
0.921116 0.000251583 0.389288 0.171663 -0.00924446 0.999732 0.0212277 -0.000138304 -0.389179 -0.023152 0.920871 0.535851
0.936749 0.00406058 0.349978 0.149449 -0.0118938 0.999724 0.0202358 0.00485818 -0.349799 -0.0231185 0.936539 0.563163
0.949014 0.00127523 0.315231 0.146229 -0.00694877 0.999833 0.0168748 0.0113668 -0.315157 -0.0182049 0.948865 0.584556
0.958735 -0.00188195 0.284296 0.152805 -0.0028392 0.999865 0.0161934 0.00800583 -0.284288 -0.0163324 0.9586 0.603583
0.964961 -0.00740351 0.262288 0.162087 0.00298877 0.999847 0.0172266 0.00307981 -0.262375 -0.0158391 0.964836 0.621893
0.96903 -0.0044184 0.246905 0.1501 -6.61516e-005 0.999835 0.0181518 -0.00134277 -0.246944 -0.017606 0.96887 0.645451
0.972091 0.00321249 0.234583 0.147318 -0.00722345 0.999842 0.0162411 0.0100478 -0.234493 -0.0174823 0.97196 0.666515
0.974372 0.00334694 0.224918 0.134279 -0.00693362 0.999861 0.0151586 0.0131039 -0.224836 -0.0163297 0.97426 0.689602
0.975594 0.00723235 0.219461 0.125903 -0.0100816 0.999879 0.0118659 0.00595262 -0.219349 -0.0137888 0.975549 0.711599
0.97609 0.00516252 0.217306 0.124819 -0.00680078 0.999954 0.0067918 -0.00123297 -0.217261 -0.00810726 0.97608 0.732111
0.976374 0.00222082 0.216078 0.158888 -0.00308096 0.999989 0.00364396 -0.00829551 -0.216067 -0.0042236 0.976369 0.745896
0.975917 -0.00345793 0.218116 0.186626 0.00351477 0.999994 0.000127368 0.00618242 -0.218116 0.00064233 0.975923 0.760075
0.974676 -0.000949249 0.223622 0.160486 0.00246394 0.999976 -0.00649454 0.0117556 -0.22361 0.00688106 0.974654 0.786381
0.974856 0.00350141 0.22281 0.262137 -0.00107716 0.999939 -0.011001 -0.00575374 -0.222835 0.0104843 0.9748 0.73745
0.972681 0.0126066 0.231803 0.087619 -0.00957545 0.999853 -0.0141969 -0.00439645 -0.231948 0.0115895 0.972659 0.797867
0.971336 0.00665322 0.237617 0.170409 -0.00415017 0.999931 -0.0110326 -0.014962 -0.237674 0.00973026 0.971296 0.763753
0.969844 0.00279758 0.243711 0.1657 -0.00120737 0.999977 -0.00667408 -0.0185657 -0.243725 0.00617856 0.969825 0.785167
0.969034 -0.00336958 0.246903 0.213879 0.00341446 0.999994 0.000246375 -0.0165415 -0.246903 0.000604297 0.96904 0.773487
0.96773 -0.00184512 0.251981 0.158197 0.000752683 0.99999 0.0044317 0.0114006 -0.251987 -0.00409903 0.967722 0.807249
