0.999993 -0.00137303 -0.00338692 -0.00631493 0.00136543 0.999997 -0.0022434 -0.0012479 0.00338999 0.00223876 0.999992 0.698142
0.999969 0.00150517 -0.00770404 -0.0155283 -0.00153926 0.999989 -0.00442198 0.00541658 0.0076973 0.0044337 0.999961 1.40685
0.999936 0.000624726 -0.0112949 -0.0351166 -0.000691542 0.999982 -0.00591268 0.000723345 0.011291 0.00592011 0.999919 2.13015
0.999867 0.00236063 -0.016125 -0.054206 -0.00247005 0.999974 -0.00676944 -0.00344385 0.0161086 0.00680837 0.999847 2.86377
0.999808 -0.000416222 -0.0196124 -0.0823223 0.000279437 0.999976 -0.00697666 -0.0141452 0.0196148 0.00696984 0.999783 3.60492
0.999693 0.00244994 -0.0246709 -0.10532 -0.00264368 0.999966 -0.00782345 -0.0271493 0.0246509 0.00788626 0.999665 4.36124
0.999528 0.00287523 -0.0305983 -0.126812 -0.00313042 0.999961 -0.00829515 -0.0371234 0.0305733 0.00838702 0.999497 5.1367
0.999397 0.00122735 -0.0347034 -0.165407 -0.00146442 0.999976 -0.00680663 -0.0448722 0.0346942 0.00685335 0.999374 5.92485
0.999229 7.98741e-006 -0.0392667 -0.201387 -0.000156492 0.999993 -0.00377887 -0.0575968 0.0392664 0.0037821 0.999222 6.72963
0.999093 -0.000295307 -0.0425808 -0.244855 0.000261559 1 -0.000798143 -0.0739636 0.042581 0.000786282 0.999093 7.57278
0.999015 0.00285147 -0.0442917 -0.303329 -0.00292273 0.999995 -0.00154429 -0.0811687 0.044287 0.00167222 0.999017 8.43355
0.998911 -0.00111289 -0.0466506 -0.345325 0.00104321 0.999998 -0.00151805 -0.0910842 0.0466522 0.00146773 0.99891 9.29698
0.998845 -0.00272364 -0.0479676 -0.395727 0.0025985 0.999993 -0.00267095 -0.0919938 0.0479745 0.00254322 0.998845 10.1753
0.998746 -0.000514072 -0.0500537 -0.438644 0.000426594 0.999998 -0.00175836 -0.102652 0.0500545 0.0017348 0.998745 11.044
0.99866 -0.000601588 -0.0517493 -0.485374 0.00050262 0.999998 -0.00192544 -0.115573 0.0517504 0.00189685 0.998658 11.9397
0.998528 0.00136006 -0.0542131 -0.530524 -0.00158383 0.99999 -0.00408491 -0.127038 0.054207 0.00416476 0.998521 12.8398
0.998558 0.00120458 -0.053671 -0.604982 -0.00160569 0.999971 -0.00743114 -0.127174 0.0536605 0.0075066 0.998531 13.7403
0.998495 0.00565494 -0.0545579 -0.675336 -0.00613595 0.999944 -0.00865313 -0.140327 0.0545059 0.00897487 0.998473 14.6416
0.998408 -1.60138e-005 -0.0564013 -0.721338 -0.00046205 0.999964 -0.00846305 -0.151618 0.0563995 0.00847564 0.998372 15.5674
0.998404 -0.000371489 -0.0564662 -0.795924 -4.03783e-005 0.999973 -0.00729272 -0.164536 0.0564674 0.00728337 0.998378 16.5168
0.998323 -0.000345832 -0.057886 -0.852591 5.95225e-006 0.999983 -0.00587161 -0.179483 0.057887 0.00586142 0.998306 17.4491
0.998306 0.000385163 -0.0581774 -0.919577 -0.00074912 0.99998 -0.00623429 -0.187177 0.0581738 0.00626731 0.998287 18.3651
0.998233 0.000591404 -0.0594244 -0.985547 -0.00103468 0.999972 -0.00742902 -0.193618 0.0594183 0.00747737 0.998205 19.2878
0.998159 -0.00118151 -0.0606481 -1.03792 0.000673718 0.999965 -0.00839253 -0.205601 0.0606558 0.00833622 0.998124 20.1784
0.998121 -0.000583938 -0.0612757 -1.09463 0.000158693 0.999976 -0.0069445 -0.215969 0.0612783 0.00692172 0.998097 21.0871
0.998165 0.00173465 -0.0605289 -1.16395 -0.00195847 0.999991 -0.00363865 -0.2275 0.060522 0.00375052 0.99816 22.0042
0.998207 0.000901285 -0.0598527 -1.22395 -0.000913871 1 -0.000182913 -0.237545 0.0598525 0.000237283 0.998207 22.9518
0.99831 -0.00166447 -0.0580971 -1.28301 0.00179763 0.999996 0.0022398 -0.243512 0.0580931 -0.00234045 0.998308 23.9343
0.998266 -0.00187958 -0.0588308 -1.32036 0.00207922 0.999992 0.00333241 -0.253838 0.058824 -0.00344896 0.998262 24.9503
0.998399 -0.0029749 -0.0564921 -1.38066 0.00299841 0.999995 0.000331429 -0.253113 0.0564908 -0.000500285 0.998403 25.9599
0.99841 0.000804976 -0.0563561 -1.43677 -0.00105023 0.99999 -0.0043224 -0.263071 0.0563521 0.00437471 0.998401 26.9899
0.998487 0.00095547 -0.0549754 -1.49985 -0.00136896 0.999971 -0.00748412 -0.274725 0.0549666 0.00754805 0.99846 27.9677
0.998481 -0.00383391 -0.0549617 -1.53825 0.0034854 0.999973 -0.00643543 -0.289512 0.0549849 0.00623409 0.998468 28.901
0.998499 -0.00224772 -0.0547305 -1.59412 0.00216246 0.999996 -0.00161694 -0.301528 0.054734 0.00149616 0.9985 29.8672
0.99848 -0.00402678 -0.0549731 -1.64802 0.00412909 0.99999 0.00174757 -0.320371 0.0549655 -0.0019719 0.998486 30.8389
0.998453 -0.0059648 -0.0552801 -1.70198 0.00602064 0.999982 0.000843682 -0.333758 0.055274 -0.0011752 0.998471 31.8226
0.998407 -0.00267576 -0.0563573 -1.75622 0.00247517 0.99999 -0.00362884 -0.338754 0.0563664 0.00348357 0.998404 32.8088
0.998365 -0.000258722 -0.0571667 -1.82387 -0.000178767 0.999971 -0.00764763 -0.350907 0.057167 0.00764534 0.998335 33.758
0.998284 0.00189466 -0.058527 -1.88338 -0.00241481 0.999958 -0.00881803 -0.365669 0.0585079 0.00894423 0.998247 34.6601
0.998187 -0.00127685 -0.0601722 -1.92779 0.000845414 0.999974 -0.0071949 -0.38864 0.0601798 0.00713099 0.998162 35.6098
0.998177 0.00416815 -0.0602121 -2.00394 -0.00440997 0.999983 -0.00388387 -0.412812 0.0601948 0.00414232 0.998178 36.5665
0.997994 -0.00103448 -0.0632941 -2.04512 0.000885771 0.999997 -0.00237745 -0.432304 0.0632963 0.00231662 0.997992 37.5529
0.998019 0.00186651 -0.0628798 -2.13003 -0.0018337 0.999998 0.000579511 -0.445819 0.0628808 -0.000463061 0.998021 38.5584
0.998081 0.00143604 -0.061898 -2.18823 -0.001211 0.999993 0.00367299 -0.468496 0.0619028 -0.00359098 0.998076 39.5284
0.998096 0.00721287 -0.0612591 -2.28038 -0.00684658 0.999957 0.0061872 -0.472565 0.0613011 -0.00575601 0.998103 40.5865
0.998085 -0.0014859 -0.0618342 -2.34056 0.00184837 0.999981 0.00580504 -0.486861 0.0618245 -0.00590822 0.99807 41.6547
0.99811 0.00028643 -0.0614577 -2.41303 -4.32447e-005 0.999992 0.00395824 -0.486826 0.0614583 -0.0039481 0.998102 42.7432
0.998047 0.0054178 -0.0622383 -2.48694 -0.00532602 0.999984 0.00164044 -0.504685 0.0622462 -0.00130575 0.99806 43.8049
0.998022 0.000503669 -0.0628698 -2.56064 -0.000383435 0.999998 0.00192447 -0.523652 0.0628706 -0.00189656 0.99802 44.8527
0.998079 0.00112904 -0.0619507 -2.66474 -0.000930869 0.999994 0.00322759 -0.54008 0.061954 -0.00316372 0.998074 45.9523
0.998009 0.00038625 -0.0630678 -2.72896 -9.44654e-005 0.999989 0.00462943 -0.562631 0.0630689 -0.00461426 0.997999 47.0402
0.998016 0.0026425 -0.0628979 -2.82169 -0.00256788 0.999996 0.00126709 -0.575062 0.062901 -0.00110306 0.998019 48.1437
0.998064 0.00277374 -0.0621309 -2.92028 -0.00296162 0.999991 -0.00293211 -0.584285 0.0621222 0.00311044 0.998064 49.1797
0.998065 0.000922747 -0.0621748 -2.99587 -0.00117674 0.999991 -0.00404858 -0.599673 0.0621705 0.00411391 0.998057 50.2018
0.998028 -0.00217825 -0.0627371 -3.05609 0.00218142 0.999998 -1.79124e-005 -0.623774 0.062737 -0.000118979 0.99803 51.2259
0.998005 -0.00233688 -0.0630914 -3.11898 0.00250281 0.999994 0.00255099 -0.634075 0.0630851 -0.0027038 0.998004 52.2626
0.997991 -0.0017118 -0.0633343 -3.18427 0.00190142 0.999994 0.00293376 -0.645065 0.0633289 -0.00304829 0.997988 53.263
0.997933 -0.00392282 -0.0641367 -3.24226 0.00404969 0.99999 0.00184814 -0.664887 0.0641288 -0.00210405 0.997939 54.2703
0.997913 -0.000428819 -0.0645659 -3.31295 0.000477539 1 0.000739143 -0.682979 0.0645655 -0.000768433 0.997913 55.2656
0.997941 -0.000568518 -0.0641411 -3.39841 0.000661277 0.999999 0.00142496 -0.688674 0.0641402 -0.00146444 0.99794 56.2362
0.997786 -0.000739267 -0.0665027 -3.46034 0.00111432 0.999984 0.00560269 -0.703538 0.0664975 -0.00566439 0.997771 57.2298
0.997709 -0.0027119 -0.0676029 -3.52003 0.00340573 0.999943 0.0101502 -0.710107 0.0675715 -0.0103572 0.997661 58.2431
0.997617 0.00134904 -0.0689824 -3.58565 -0.000506137 0.999925 0.0122352 -0.711572 0.0689938 -0.0121711 0.997543 59.2743
0.997506 0.00412946 -0.0704558 -3.67174 -0.00354094 0.999958 0.00847599 -0.717974 0.0704878 -0.00820537 0.997479 60.3232
0.99743 0.00191421 -0.0716223 -3.75016 -0.00186538 0.999998 0.000748653 -0.725841 0.0716235 -0.000613126 0.997432 61.3307
0.99739 0.00255809 -0.0721583 -3.82878 -0.00285322 0.999988 -0.00398725 -0.735699 0.0721472 0.00418272 0.997385 62.2811
0.997179 0.00272615 -0.0750098 -3.88237 -0.00294808 0.999992 -0.00284819 -0.751024 0.0750014 0.00306129 0.997179 63.1991
0.997108 0.00309804 -0.0759305 -3.96186 -0.00312998 0.999995 -0.000301622 -0.768821 0.0759292 0.00053841 0.997113 64.1221
0.996944 0.00271229 -0.0780715 -4.0314 -0.00257385 0.999995 0.00187386 -0.79292 0.0780762 -0.00166719 0.996946 65.0377
0.996758 0.000587717 -0.0804515 -4.09607 -0.000448953 0.999998 0.00174289 -0.805405 0.0804524 -0.00170112 0.996757 65.9414
0.996698 0.00445462 -0.0810748 -4.19392 -0.00424515 0.999987 0.00275587 -0.820741 0.081086 -0.00240259 0.996704 66.8409
0.996554 0.00715264 -0.0826383 -4.29316 -0.00680959 0.999967 0.00443239 -0.853243 0.0826673 -0.00385438 0.99657 67.7386
0.996471 0.00136277 -0.0839321 -4.38023 -0.00096106 0.999988 0.0048264 -0.864086 0.0839377 -0.0047287 0.99646 68.6573
0.996313 -0.00100489 -0.0857818 -4.44883 0.00155209 0.999979 0.00631257 -0.881923 0.0857737 -0.00642244 0.996294 69.5486
0.996235 0.0023358 -0.0866635 -4.53225 -0.00155492 0.999958 0.00907691 -0.888481 0.0866811 -0.00890798 0.996196 70.4218
0.996142 0.000567256 -0.0877522 -4.6118 0.000578475 0.999915 0.0130305 -0.892007 0.0877521 -0.0130309 0.996057 71.2996
0.996069 0.00608324 -0.0883671 -4.71872 -0.0047762 0.999876 0.014995 -0.896663 0.0884473 -0.014514 0.995975 72.2462
0.996103 0.00457813 -0.0880795 -4.84536 -0.0036251 0.999933 0.010977 -0.902162 0.0881239 -0.0106149 0.996053 73.2106
0.99594 0.000605664 -0.0900229 -4.92812 -0.000255772 0.999992 0.00389818 -0.91746 0.0900246 -0.00385933 0.995932 74.1623
0.995841 -0.00120662 -0.0911023 -5.00606 0.00101716 0.999997 -0.00212609 -0.927516 0.0911046 0.00202458 0.995839 74.9826
0.995808 0.00556581 -0.091301 -5.10771 -0.00587506 0.999978 -0.00311875 -0.930396 0.0912817 0.00364207 0.995818 75.8119
0.995728 0.00329865 -0.0922769 -5.19768 -0.00325153 0.999994 0.00066096 -0.943079 0.0922786 -0.000358096 0.995733 76.6505
0.995565 -0.000941507 -0.094076 -5.26936 0.00119721 0.999996 0.0026616 -0.957266 0.094073 -0.00276242 0.995561 77.4487
0.995551 -0.00177224 -0.0942055 -5.35636 0.00168551 0.999998 -0.00100025 -0.970276 0.0942071 0.00083702 0.995552 78.2131
0.995518 -0.00859225 -0.0941831 -5.40776 0.00798657 0.999945 -0.00680599 -0.98943 0.0942364 0.00602329 0.995532 78.9305
0.995734 -0.00352452 -0.0922063 -5.48313 0.00242359 0.999924 -0.0120491 -1.00015 0.0922418 0.0117742 0.995667 79.6051
0.995976 0.000513232 -0.0896238 -5.5307 -0.00165142 0.999919 -0.0126259 -1.00519 0.0896101 0.0127231 0.995896 80.2383
0.996324 0.00301559 -0.085608 -5.59442 -0.00384738 0.999947 -0.00955295 -1.01525 0.0855746 0.0098472 0.996283 80.912
0.996721 -0.00152083 -0.0808952 -5.65037 0.00101356 0.99998 -0.00631137 -1.0345 0.0809031 0.00620868 0.996703 81.5874
0.997195 -0.00295032 -0.0747859 -5.69406 0.0027881 0.999994 -0.00227346 -1.04806 0.0747921 0.00205858 0.997197 82.2186
0.99778 -0.00341935 -0.0665047 -5.73318 0.00349497 0.999993 0.00102078 -1.06561 0.0665008 -0.00125094 0.997786 82.8824
0.998439 0.00257177 -0.0557938 -5.76573 -0.00251763 0.999996 0.00104069 -1.07366 0.0557962 -0.000898601 0.998442 83.5053
0.999157 0.00582742 -0.0406478 -5.79625 -0.00580055 0.999983 0.000778833 -1.08116 0.0406516 -0.000542396 0.999173 84.097
0.999718 0.00440943 -0.0233425 -5.79665 -0.00437059 0.999989 0.00171486 -1.09185 0.0233498 -0.00161235 0.999726 84.6801
0.999995 -0.00224854 -0.00216775 -5.76633 0.00225397 0.999994 0.0025034 -1.09862 0.00216211 -0.00250828 0.999995 85.2573
0.99969 -0.00119696 0.0248741 -5.75271 0.00110207 0.999992 0.00382806 -1.10476 -0.0248785 -0.00379946 0.999683 85.685
0.998524 -0.000640159 0.0543154 -5.70307 0.000328352 0.999983 0.00574941 -1.11164 -0.0543182 -0.00572308 0.998507 86.2116
0.996126 0.000650662 0.0879372 -5.64456 -0.00130866 0.999972 0.00742513 -1.11884 -0.0879299 -0.00751144 0.996098 86.7349
0.992075 -0.000464504 0.125646 -5.5573 -0.000585754 0.999965 0.00832182 -1.12456 -0.125645 -0.00832947 0.99204 87.2532
0.985915 -0.000635777 0.167246 -5.44568 -0.000829618 0.999962 0.00869192 -1.13105 -0.167245 -0.00870825 0.985877 87.7514
0.977478 -0.00199298 0.21103 -5.29298 4.11529e-005 0.999957 0.00925307 -1.13711 -0.211039 -0.00903598 0.977436 88.234
0.966124 -0.00132565 0.258074 -5.11242 -0.000631731 0.999972 0.00750154 -1.1459 -0.258076 -0.00741045 0.966096 88.6846
0.949959 0.000726633 0.312374 -4.94838 -0.00240175 0.999985 0.00497784 -1.15203 -0.312365 -0.00547899 0.949946 89.1229
0.930036 -0.00080378 0.367468 -4.74111 -0.000456913 0.999994 0.00334375 -1.15221 -0.367468 -0.00327771 0.93003 89.5314
0.905886 -0.00113545 0.423519 -4.50713 0.000259192 0.999998 0.00212658 -1.15133 -0.423521 -0.00181667 0.905885 89.9102
0.877037 -0.00128478 0.480421 -4.25592 0.000718894 0.999999 0.0013619 -1.15524 -0.480422 -0.000849062 0.877037 90.2602
0.843944 -0.00354246 0.536419 -3.97604 0.00330153 0.999994 0.00140958 -1.15633 -0.53642 0.000581394 0.843951 90.5918
0.808133 -0.00237878 0.588995 -3.6749 0.0011421 0.999996 0.00247166 -1.17149 -0.588999 -0.00132473 0.808133 90.8838
0.769336 -0.00257771 0.638839 -3.36418 -0.000493946 0.999989 0.00462979 -1.18106 -0.638844 -0.00387741 0.769326 91.1552
0.727063 -0.00113984 0.68657 -3.03387 -0.00355239 0.999979 0.00542207 -1.17599 -0.686562 -0.00638115 0.727044 91.4322
0.682703 -0.0031636 0.730689 -2.69421 -0.00237562 0.999976 0.00654912 -1.18202 -0.730692 -0.00620695 0.682679 91.6671
0.636987 -0.00660896 0.770847 -2.3307 0.00045359 0.999966 0.00819853 -1.18088 -0.770875 -0.00487271 0.636968 91.883
0.590848 -0.0108578 0.80671 -1.95138 0.00144267 0.999922 0.0124017 -1.17605 -0.806782 -0.00616369 0.590817 92.0823
0.544603 -0.00533465 0.838677 -1.435 -0.00621069 0.999927 0.0103933 -1.17667 -0.838671 -0.010869 0.54453 92.3432
0.497301 -0.00206036 0.867576 -0.777615 -0.00655094 0.99996 0.0061298 -1.16708 -0.867553 -0.00873179 0.497267 92.657
0.452045 -0.0023891 0.891992 -0.238583 -0.00268729 0.999988 0.00404023 -1.17395 -0.891991 -0.00422341 0.452034 92.867
0.410418 -0.010216 0.91184 0.17252 0.00128175 0.999943 0.0106261 -1.1746 -0.911897 -0.00319239 0.410407 92.9879
0.371375 -0.0227078 0.928205 0.598643 -0.00235842 0.999675 0.0253998 -1.16496 -0.92848 -0.011622 0.371201 93.0891
0.337117 -0.0228212 0.941186 1.15767 -0.0180956 0.999364 0.0307134 -1.15918 -0.941289 -0.0273853 0.336489 93.2208
0.304819 -0.0206971 0.952185 1.74573 -0.0189838 0.999433 0.0278013 -1.15191 -0.952221 -0.0265505 0.304254 93.367
0.273379 -0.00903148 0.961864 2.32245 -0.0196755 0.999694 0.0149788 -1.16075 -0.961705 -0.02302 0.273118 93.538
0.245156 -0.00663453 0.969461 2.90204 -0.00945065 0.999913 0.0092328 -1.16894 -0.969437 -0.0114255 0.245072 93.6731
0.219559 -0.00759336 0.97557 3.48954 -0.005065 0.999947 0.00892302 -1.17481 -0.975586 -0.00690039 0.219509 93.7757
0.196275 -0.0142324 0.980446 4.04817 -0.00297971 0.999881 0.015111 -1.17582 -0.980544 -0.00588735 0.196209 93.8465
0.176528 -0.0191641 0.984109 4.75756 -0.00378443 0.99979 0.0201483 -1.15769 -0.984288 -0.00728103 0.176418 93.9167
0.157155 -0.01908 0.98739 5.566 -0.00951273 0.999738 0.0208327 -1.12155 -0.987528 -0.0126667 0.156933 94.021
0.139976 -0.0155091 0.990033 6.22739 -0.0177306 0.999678 0.018167 -1.10589 -0.989996 -0.0200968 0.139656 94.097
0.124533 -0.0137523 0.99212 6.73978 -0.0207048 0.99965 0.0164556 -1.10628 -0.991999 -0.0225909 0.124204 94.1574
0.110013 -0.0153083 0.993812 7.23112 -0.0175349 0.999696 0.01734 -1.10422 -0.993775 -0.0193341 0.109712 94.2034
0.097083 -0.0181282 0.995111 7.7321 -0.0175027 0.999648 0.0199184 -1.10114 -0.995122 -0.0193509 0.0967316 94.2342
0.0858429 -0.0224598 0.996055 8.27791 -0.0183178 0.999541 0.0241171 -1.09394 -0.99614 -0.0203158 0.0853921 94.2655
0.0757126 -0.0253867 0.996806 8.82755 -0.0209435 0.999415 0.0270439 -1.08239 -0.99691 -0.0229242 0.0751366 94.3003
0.0676209 -0.0273747 0.997335 9.38241 -0.0243605 0.99928 0.0290797 -1.07186 -0.997414 -0.026262 0.0669054 94.3342
0.0616096 -0.0295257 0.997664 9.94072 -0.0264902 0.999162 0.031206 -1.0572 -0.997749 -0.0283509 0.0607758 94.3675
0.0559613 -0.0305503 0.997965 10.5216 -0.028141 0.999086 0.0321626 -1.04313 -0.998036 -0.0298836 0.0550505 94.3986
0.0489215 -0.0299275 0.998354 11.1189 -0.029984 0.999056 0.0314178 -1.02581 -0.998352 -0.0314716 0.047978 94.4383
0.0442339 -0.0318918 0.998512 11.7509 -0.0302365 0.99899 0.0332465 -1.01307 -0.998564 -0.0316621 0.0432249 94.4668
0.040157 -0.0336322 0.998627 12.4028 -0.0317823 0.998885 0.0349189 -0.992803 -0.998688 -0.0331409 0.0390433 94.4989
0.0371507 -0.03501 0.998696 13.0716 -0.0340716 0.998761 0.0362797 -0.973842 -0.998729 -0.035375 0.0359118 94.5203
0.0354999 -0.0375603 0.998664 13.7502 -0.0351117 0.99863 0.0388071 -0.950463 -0.998753 -0.0364424 0.0341324 94.5352
0.0346164 -0.0411395 0.998554 14.4364 -0.037668 0.998389 0.0424386 -0.929434 -0.998691 -0.0390826 0.033011 94.5596
0.035708 -0.0420782 0.998476 15.1448 -0.0416577 0.998182 0.0435556 -0.907676 -0.998494 -0.0431495 0.0338902 94.585
0.0384214 -0.0431732 0.998329 15.874 -0.041889 0.998118 0.0447762 -0.878065 -0.998383 -0.0435394 0.0365407 94.6124
0.0426742 -0.0467886 0.997993 16.6254 -0.0427435 0.997903 0.0486121 -0.846214 -0.998174 -0.0447322 0.0405848 94.6363
0.0480791 -0.0408191 0.998009 17.3624 -0.0480054 0.997916 0.0431279 -0.820073 -0.997689 -0.0499834 0.0460194 94.6842
0.052776 -0.0454979 0.997569 18.1389 -0.0427289 0.997944 0.0477755 -0.794304 -0.997692 -0.0451465 0.0507234 94.7095
0.0573954 -0.0457344 0.997303 18.9181 -0.0472925 0.997704 0.0484744 -0.764933 -0.997231 -0.0499472 0.0551008 94.7526
0.0612612 -0.04279 0.997204 19.7174 -0.0482524 0.997786 0.0457793 -0.730774 -0.996955 -0.050922 0.0590608 94.8072
0.0656668 -0.0411092 0.996994 20.5635 -0.0442273 0.998049 0.0440657 -0.695165 -0.996861 -0.0469881 0.0637205 94.8667
0.0704311 -0.0395226 0.996733 21.4298 -0.0408123 0.998264 0.0424672 -0.666845 -0.996681 -0.04367 0.0686958 94.9268
0.0766834 -0.0416205 0.996186 22.3782 -0.035702 0.998373 0.0444601 -0.645824 -0.996416 -0.0389752 0.0750727 94.9664
0.0782178 -0.0346294 0.996335 23.4723 -0.0364413 0.998629 0.03757 -0.599029 -0.99627 -0.0392464 0.0768487 95.064
0.0803763 -0.0336702 0.996196 24.7194 -0.0311424 0.998857 0.0362728 -0.539514 -0.996278 -0.0339394 0.0792359 95.113
0.0783412 -0.0307618 0.996452 26.0788 -0.0345352 0.99884 0.0335507 -0.502283 -0.996328 -0.0370411 0.077188 95.2944
0.0769354 -0.0274379 0.996658 27.3574 -0.0332349 0.998995 0.0300678 -0.478285 -0.996482 -0.0354371 0.0759462 95.433
0.0825538 -0.0328048 0.996047 28.589 -0.0278203 0.998993 0.0352076 -0.447618 -0.996198 -0.0306168 0.081558 95.3509
0.0828901 -0.0301642 0.996102 29.893 -0.0344923 0.998856 0.0331179 -0.441195 -0.995962 -0.037103 0.0817548 95.4748
0.083499 -0.0296257 0.996067 31.0559 -0.0305755 0.999011 0.0322764 -0.424591 -0.996039 -0.0331503 0.0825106 95.5599
0.0844735 -0.0287379 0.996011 32.2805 -0.0295566 0.999072 0.031333 -0.402524 -0.995987 -0.0320856 0.0835457 95.6607
0.083508 -0.0258511 0.996172 33.3554 -0.0279604 0.999209 0.0282738 -0.386161 -0.996115 -0.0302144 0.0827191 95.7535
0.0793464 -0.0197985 0.99665 34.2999 -0.0264343 0.999409 0.0219578 -0.362949 -0.996497 -0.0280881 0.0787762 95.8616
0.0751002 -0.0162745 0.997043 35.272 -0.0218138 0.999601 0.0179593 -0.352634 -0.996937 -0.0230981 0.0747152 95.953
0.0688366 -0.0157604 0.997503 36.2186 -0.0188318 0.999677 0.0170943 -0.342216 -0.99745 -0.0199615 0.0685175 96.0433
0.0606243 -0.0103349 0.998107 37.1777 -0.0180234 0.999772 0.0114469 -0.33549 -0.997998 -0.0186833 0.0604242 96.1386
0.0523767 -0.00827367 0.998593 38.2081 -0.0104897 0.999906 0.00883474 -0.339538 -0.998572 -0.0109377 0.052285 96.2347
0.0430453 -0.00793667 0.999042 39.2223 -0.00689876 0.999942 0.00824107 -0.340056 -0.999049 -0.00724689 0.0429881 96.2884
0.0339888 -0.00858002 0.999385 40.2372 -0.00724763 0.999935 0.00883123 -0.344278 -0.999396 -0.00754334 0.0339244 96.3082
0.023469 -0.00814141 0.999691 41.2934 -0.00929446 0.999922 0.00836148 -0.346734 -0.999681 -0.00948782 0.0233915 96.3376
0.0125461 -0.00626479 0.999902 42.3263 -0.00872737 0.999942 0.00637455 -0.348254 -0.999883 -0.00880649 0.0124907 96.3573
0.000624807 -0.00235645 0.999997 43.4508 -0.00668395 0.999975 0.00236057 -0.342629 -0.999977 -0.00668541 0.000609041 96.4059
-0.01034 -0.00243815 0.999944 44.5743 -0.00204525 0.999995 0.00241713 -0.354923 -0.999944 -0.00202015 -0.0103449 96.3893
-0.0215222 -0.00188377 0.999767 45.8477 -0.00179247 0.999997 0.00184562 -0.369349 -0.999767 -0.00175233 -0.0215255 96.3605
-0.0324939 -0.00106925 0.999471 47.254 -0.000606701 0.999999 0.00105009 -0.381618 -0.999472 -0.000572258 -0.0324945 96.3351
-0.0430385 -0.00105139 0.999073 48.575 -9.17719e-005 0.999999 0.00104842 -0.399572 -0.999073 -4.65647e-005 -0.0430385 96.2829
-0.0523886 -0.00135692 0.998626 49.7448 -0.000450284 0.999999 0.00133516 -0.417766 -0.998627 -0.000379718 -0.0523891 96.2111
-0.0626002 -0.00176491 0.998037 50.842 -0.000636131 0.999998 0.00172847 -0.420617 -0.998038 -0.000526679 -0.0626012 96.1593
-0.0718376 -0.00277242 0.997412 51.86 -0.00153458 0.999995 0.00266907 -0.432597 -0.997415 -0.00133887 -0.0718415 96.0854
-0.0795019 -0.00723827 0.996808 52.7224 -0.00420478 0.999967 0.00692585 -0.455051 -0.996826 -0.00364074 -0.0795297 95.9679
-0.0852961 -0.010616 0.996299 53.5582 -0.00878818 0.999912 0.00990212 -0.46191 -0.996317 -0.00791105 -0.0853819 95.8592
-0.0920272 -0.0121615 0.995682 54.4254 -0.0123527 0.999862 0.0110709 -0.453055 -0.99568 -0.0112805 -0.0921647 95.8071
-0.0958274 -0.0148793 0.995287 55.2472 -0.0137867 0.999812 0.0136195 -0.451964 -0.995302 -0.0124166 -0.0960146 95.7299
-0.0962698 -0.0192466 0.995169 56.0391 -0.0172602 0.999695 0.0176644 -0.46892 -0.995206 -0.0154763 -0.0965726 95.6135
-0.0967277 -0.021061 0.995088 56.8298 -0.0208566 0.999599 0.0191291 -0.471899 -0.995092 -0.0189038 -0.0971283 95.5249
-0.098718 -0.0200464 0.994914 57.5664 -0.020282 0.99963 0.018129 -0.46757 -0.994909 -0.0183892 -0.0990881 95.4621
-0.0966411 -0.0216093 0.995085 58.3215 -0.0198502 0.999607 0.0197797 -0.47514 -0.995121 -0.0178411 -0.0970321 95.3765
-0.107571 -0.0178171 0.994038 59.0207 -0.0184233 0.999703 0.0159249 -0.459021 -0.994027 -0.0166004 -0.107867 95.4806
-0.103067 -0.0160939 0.994544 59.6968 -0.0173492 0.999746 0.0143802 -0.464462 -0.994523 -0.0157725 -0.10332 95.427
-0.0960472 -0.0156257 0.995254 60.3383 -0.0153672 0.999781 0.0142137 -0.477166 -0.995258 -0.0139291 -0.0962663 95.3824
-0.084989 -0.0142021 0.996281 61.1294 -0.0153701 0.999798 0.0129411 -0.480419 -0.996263 -0.014213 -0.0851902 95.3247
-0.0714576 -0.013919 0.997347 61.8121 -0.0138499 0.99982 0.0129612 -0.489152 -0.997347 -0.012887 -0.0716375 95.2968
-0.0542086 -0.0137193 0.998435 62.4509 -0.0122317 0.99984 0.0130745 -0.488265 -0.998455 -0.0115038 -0.0543677 95.2772
-0.0326997 -0.0125212 0.999387 63.0699 -0.0109406 0.999866 0.0121692 -0.487968 -0.999405 -0.010536 -0.0328323 95.2706
-0.00826893 -0.0116535 0.999898 63.6664 -0.00946455 0.999888 0.0115752 -0.492176 -0.999921 -0.00936787 -0.0083783 95.2914
0.0202524 -0.010558 0.999739 64.2472 -0.00970943 0.999895 0.0107564 -0.48801 -0.999748 -0.00992474 0.0201477 95.3229
0.0532841 -0.0087607 0.998541 64.7983 -0.0109244 0.999897 0.00935554 -0.483974 -0.99852 -0.011407 0.0531828 95.376
0.0911337 -0.00867675 0.995801 65.3358 -0.0114328 0.999887 0.00975866 -0.486085 -0.995773 -0.0122741 0.0910242 95.4508
0.132775 -0.00720275 0.99112 65.886 -0.0128615 0.999877 0.00898937 -0.488077 -0.991063 -0.0139409 0.132666 95.5581
0.177083 -0.00459595 0.984185 66.4348 -0.0122778 0.999901 0.00687845 -0.484176 -0.984119 -0.0133016 0.177009 95.7012
0.223506 -0.00141372 0.974702 66.9627 -0.0108333 0.999934 0.00393448 -0.49162 -0.974642 -0.0114386 0.223475 95.8788
0.273631 0.00185968 0.961833 67.4718 -0.00552679 0.999985 -0.000361133 -0.489644 -0.961819 -0.00521703 0.273637 96.0807
0.326732 0.00109909 0.945116 67.968 -6.31579e-006 0.999999 -0.00116073 -0.497019 -0.945117 0.000373277 0.326732 96.3108
0.383389 -0.00133973 0.923586 68.4541 0.00359024 0.999994 -3.97718e-005 -0.505545 -0.92358 0.00333115 0.383391 96.567
0.441808 -0.00216194 0.897107 68.9697 0.00450879 0.99999 0.000189384 -0.524415 -0.897098 0.00396119 0.441813 96.8888
0.500621 -0.00297904 0.865662 69.4281 0.00545065 0.999985 0.000289126 -0.538296 -0.86565 0.00457368 0.50063 97.2149
0.558793 0.00204978 0.829304 69.8435 0.00172299 0.999992 -0.00363264 -0.539881 -0.829305 0.00345878 0.558785 97.5537
0.613914 0.00355727 0.789365 70.2021 0.00301087 0.999972 -0.00684802 -0.538448 -0.789367 0.00658076 0.613886 97.9109
0.66768 0.00204593 0.744446 70.5427 0.00521835 0.999959 -0.00742839 -0.544531 -0.74443 0.00884457 0.667642 98.2604
0.717353 0.000337179 0.69671 70.8493 0.00419042 0.99998 -0.00479852 -0.563186 -0.696698 0.00636174 0.717337 98.622
0.762778 -0.000572031 0.64666 71.1135 -9.44028e-005 0.999999 0.000995947 -0.571314 -0.64666 -0.000820733 0.762778 98.9938
0.804156 -0.00030115 0.594418 71.3577 -0.0042305 0.999972 0.00622983 -0.572384 -0.594403 -0.00752444 0.804132 99.4198
0.841109 -0.000940105 0.540864 71.5914 -0.00578603 0.999926 0.010736 -0.570185 -0.540834 -0.0121596 0.841041 99.8706
0.872709 -0.00200172 0.488236 71.8202 -0.00670142 0.999848 0.0160779 -0.560425 -0.488195 -0.0173032 0.872563 100.378
0.898805 0.000654822 0.438347 72.0172 -0.00980114 0.999779 0.0186032 -0.565352 -0.438238 -0.0210169 0.898613 100.911
0.919504 0.000506543 0.393081 72.2089 -0.00891082 0.999769 0.019556 -0.566549 -0.392981 -0.0214845 0.919296 101.501
0.935303 0.00428647 0.353822 72.3749 -0.0115928 0.999761 0.0185329 -0.562316 -0.353658 -0.0214357 0.935129 102.116
0.947714 0.00148079 0.319118 72.5425 -0.00666645 0.999863 0.0151584 -0.550665 -0.319051 -0.0164932 0.947594 102.775
0.957562 -0.00169195 0.288221 72.7198 -0.00259062 0.999892 0.0144765 -0.542753 -0.288214 -0.0146089 0.957454 103.464
0.963878 -0.00722388 0.266247 72.9052 0.00320344 0.999874 0.0155316 -0.540533 -0.266326 -0.0141176 0.96378 104.163
0.968008 -0.00425155 0.250884 73.1065 0.00012387 0.999864 0.016466 -0.543789 -0.25092 -0.0159081 0.967877 105.013
0.971121 0.00336813 0.238566 73.2984 -0.00703849 0.99987 0.0145349 -0.532418 -0.238486 -0.0157943 0.971018 105.864
0.973443 0.00350275 0.228901 73.4711 -0.00675639 0.999887 0.013432 -0.51743 -0.228828 -0.0146219 0.973357 106.732
0.974691 0.00739156 0.223434 73.6042 -0.00989919 0.9999 0.0101051 -0.51257 -0.223337 -0.0120612 0.974667 107.467
0.975198 0.00533338 0.221269 73.7351 -0.00660531 0.999966 0.00500877 -0.515175 -0.221235 -0.00634609 0.9752 108.216
0.975489 0.00240435 0.220037 73.901 -0.00288237 0.999994 0.00185146 -0.525071 -0.220031 -0.0024403 0.97549 108.98
0.975023 -0.003262 0.22208 74.122 0.00372118 0.999992 -0.00164923 -0.519498 -0.222072 0.00243444 0.975027 109.865
0.973759 -0.000739716 0.227581 74.3187 0.00269033 0.999962 -0.00826096 -0.507091 -0.227567 0.00865645 0.973724 110.809
0.973942 0.00371699 0.226765 74.5945 -0.000841772 0.999918 -0.0127746 -0.514486 -0.226794 0.0122509 0.973866 111.575
0.971734 0.0128494 0.235729 74.7037 -0.00933599 0.999828 -0.0160144 -0.521492 -0.235895 0.0133609 0.971687 112.533
0.970369 0.00691046 0.241529 74.8842 -0.00391652 0.999909 -0.0128737 -0.538542 -0.241596 0.0115463 0.970308 113.327
0.968854 0.00305738 0.247614 75.0871 -0.000976666 0.999963 -0.00852546 -0.56263 -0.247631 0.00801809 0.968821 114.269
0.968031 -0.00311698 0.25081 75.3072 0.00363307 0.999992 -0.00159468 -0.580914 -0.250804 0.00245491 0.968035 115.053
0.966706 -0.00160134 0.255886 75.4807 0.000969915 0.999996 0.00259379 -0.5703 -0.255889 -0.00225924 0.966703 115.92
0.965253 -0.00498854 0.261269 75.6902 0.00399703 0.999983 0.00432619 -0.575593 -0.261287 -0.00313156 0.965256 116.804
0.964532 -0.00395861 0.263936 75.8701 0.00350133 0.999991 0.00220295 -0.580542 -0.263942 -0.00120069 0.964538 117.589
0.964511 -0.00284837 0.264028 76.1131 0.00391808 0.999986 -0.00352499 -0.595182 -0.264014 0.00443438 0.964509 118.468
0.964937 -0.000695267 0.26248 76.3537 0.0033145 0.999949 -0.00953619 -0.608845 -0.26246 0.0100718 0.96489 119.287
0.965696 0.00106803 0.259671 76.5518 0.00255464 0.999904 -0.0136131 -0.60901 -0.259661 0.0138095 0.965601 120.019
0.967321 -0.00485577 0.25351 76.8417 0.00728419 0.999936 -0.00864142 -0.612047 -0.253452 0.0102056 0.967294 120.87
0.967743 -0.00123274 0.251938 77.0971 0.00145377 0.999999 -0.000691185 -0.62398 -0.251936 0.00103515 0.967743 121.847
0.968672 0.000384465 0.248343 77.3697 -0.00169113 0.999986 0.00504822 -0.643061 -0.248337 -0.00531005 0.968659 122.848
0.969215 -0.000477521 0.246216 77.6434 -0.000567511 0.999991 0.0041734 -0.656095 -0.246216 -0.00418465 0.969206 123.906
0.969514 0.00399629 0.245003 77.8648 -0.00372004 0.999992 -0.00159031 -0.662669 -0.245007 0.000630414 0.969521 124.869
0.970382 -3.36118e-005 0.241575 78.083 0.00175007 0.999975 -0.00689071 -0.668054 -0.241569 0.0071094 0.970358 125.779
0.971226 4.36553e-005 0.238158 78.2864 0.00237189 0.999949 -0.00985605 -0.674157 -0.238146 0.0101373 0.971176 126.662
0.971435 0.00508403 0.237253 78.4413 -0.00288557 0.99995 -0.00961267 -0.698706 -0.23729 0.00865347 0.9714 127.554
0.972401 -0.00167075 0.233311 78.662 0.00347909 0.999967 -0.00733945 -0.709331 -0.233291 0.00794859 0.972374 128.426
0.972695 0.00127095 0.232084 78.8628 -8.92435e-005 0.999987 -0.00510214 -0.720761 -0.232088 0.00494211 0.972682 129.298
0.973091 -0.00270067 0.230407 79.0708 0.00326875 0.999992 -0.00208389 -0.731782 -0.230399 0.00278095 0.973092 130.148
0.972734 -0.00267704 0.231908 79.2443 0.00307165 0.999994 -0.00134051 -0.725693 -0.231903 0.00201631 0.972737 131.006
0.973224 0.000790698 0.229856 79.457 -0.00102563 0.999999 0.000902614 -0.749213 -0.229855 -0.00111419 0.973224 131.801
0.973316 0.00459009 0.229421 79.6565 -0.00435878 0.999989 -0.00151497 -0.766125 -0.229426 0.000474551 0.973326 132.647
0.973347 0.00509977 0.22928 79.8553 -0.00394139 0.999977 -0.0055099 -0.781107 -0.229303 0.00445936 0.973345 133.495
0.973265 0.008242 0.229535 80.0513 -0.00656127 0.999946 -0.00808462 -0.800496 -0.229589 0.00636244 0.973267 134.359
0.9725 0.00707608 0.232794 80.237 -0.00513247 0.999947 -0.00895374 -0.812181 -0.232845 0.00751271 0.972485 135.261
0.971633 0.0045204 0.236451 80.4326 -0.00281954 0.999968 -0.00753092 -0.834102 -0.236478 0.00665061 0.971614 136.171
0.970901 0.00174436 0.239474 80.6458 0.000321641 0.999963 -0.00858786 -0.848596 -0.239481 0.00841499 0.970865 137.108
0.970406 -0.000835354 0.241477 80.8671 0.00348283 0.999938 -0.0105371 -0.868726 -0.241453 0.0110663 0.970349 138.007
0.970114 -0.00486821 0.242602 81.1059 0.00695014 0.999946 -0.00772654 -0.885693 -0.242552 0.00918175 0.970095 138.926
0.970056 -0.00694973 0.242781 81.3457 0.00898984 0.999933 -0.00729622 -0.904788 -0.242714 0.00926031 0.970054 139.805
0.969466 -0.00105534 0.245223 81.5505 0.00278386 0.999974 -0.00670225 -0.922238 -0.24521 0.00718027 0.969443 140.697
0.968537 0.00540087 0.248811 81.7414 -0.00411772 0.999975 -0.00567728 -0.928118 -0.248836 0.00447412 0.968535 141.577
0.967997 0.00482971 0.250917 81.9674 -0.00466545 0.999988 -0.00124949 -0.940681 -0.25092 3.88592e-005 0.968008 142.572
0.968031 0.003385 0.250808 82.2309 -0.00406572 0.999989 0.00219601 -0.963411 -0.250798 -0.00314552 0.968034 143.565
0.967569 -0.00245389 0.252597 82.4876 0.0034967 0.999987 -0.00367956 -0.98173 -0.252584 0.00444348 0.967565 144.588
0.967392 -0.00660546 0.253197 82.7752 0.0109132 0.999819 -0.0156127 -1.01065 -0.253048 0.0178668 0.967289 145.691
0.967422 -0.00398942 0.253137 83.0388 0.0100674 0.999691 -0.0227198 -1.03243 -0.252968 0.024528 0.967164 146.66
0.967674 0.00194837 0.252198 83.283 0.00150724 0.999908 -0.0135081 -1.04976 -0.252201 0.0134515 0.967581 147.594
0.96806 -7.90379e-005 0.250719 83.5488 -0.00177074 0.999973 0.00715231 -1.07205 -0.250713 -0.00736783 0.968034 148.637
0.968254 -0.000303086 0.249967 83.8387 -0.00527184 0.999752 0.0216328 -1.09049 -0.249911 -0.0222639 0.968013 149.829
0.968147 0.00135827 0.250379 84.1347 -0.00503934 0.999888 0.0140615 -1.07492 -0.250332 -0.0148753 0.968046 151.163
0.968504 0.00266287 0.248985 84.4532 -0.00215846 0.999995 -0.00229884 -1.0875 -0.24899 0.00168901 0.968505 152.495
0.967919 0.00161349 0.251259 84.6857 0.00127057 0.999935 -0.0113158 -1.07843 -0.251261 0.011272 0.967854 153.692
0.967086 -0.00177187 0.254443 84.8889 0.00529317 0.999899 -0.0131552 -1.08261 -0.254394 0.0140691 0.966998 154.742
0.966292 0.00151851 0.257442 85.1014 0.00177135 0.99992 -0.0125466 -1.1096 -0.257441 0.0125797 0.966212 155.829
0.966686 0.00130045 0.255962 85.3418 0.0026901 0.99988 -0.0152397 -1.1131 -0.255951 0.0154205 0.966567 156.883
0.968383 0.00230912 0.249458 85.6262 0.00177004 0.999868 -0.0161265 -1.15036 -0.249463 0.0160582 0.968251 157.93
0.967644 0.0122198 0.252024 85.771 -0.00728284 0.999763 -0.0205127 -1.15181 -0.252215 0.0180135 0.967504 159
0.968197 0.00767225 0.250071 86.0116 -0.0020983 0.999744 -0.0225485 -1.17436 -0.25018 0.0213066 0.967965 160.08
0.969072 0.00182375 0.246772 86.2816 0.00340259 0.999779 -0.0207507 -1.20627 -0.246755 0.0209486 0.968851 161.096
0.969825 -0.00264247 0.243787 86.5909 0.00654216 0.999863 -0.015188 -1.2391 -0.243714 0.0163246 0.96971 162.215
0.971186 -0.00555876 0.238256 86.9502 0.00898472 0.999871 -0.0132957 -1.2848 -0.238151 0.0150533 0.971111 163.424
0.97167 -0.000828431 0.236341 87.205 0.00469541 0.999864 -0.0157995 -1.31647 -0.236296 0.0164616 0.971542 164.506
0.9727 -0.00426049 0.232027 87.4674 0.0086949 0.999799 -0.0180923 -1.34981 -0.231903 0.0196158 0.972541 165.598
0.974565 -0.00478834 0.224054 87.7678 0.00895477 0.999805 -0.0175833 -1.38422 -0.223926 0.0191424 0.974418 166.836
0.976112 -5.58225e-005 0.217266 88.0732 0.00264044 0.999929 -0.0116058 -1.43547 -0.21725 0.0119022 0.976043 168.226
0.977521 -0.000664527 0.210839 88.4061 0.00141883 0.999993 -0.00342636 -1.46338 -0.210835 0.00364848 0.977515 169.765
0.978384 -0.00154129 0.206789 88.7196 0.000331561 0.999983 0.0058846 -1.48695 -0.206794 -0.00568884 0.978368 171.309
0.979398 0.00630904 0.201839 89.0443 -0.00787691 0.999945 0.00696566 -1.51055 -0.201784 -0.00841202 0.979394 172.9
0.97962 0.00316422 0.200837 89.2264 -0.00335533 0.999994 0.000611175 -1.50917 -0.200834 -0.00127259 0.979624 174.363
0.981118 -0.00241232 0.193394 89.4974 0.00422206 0.999951 -0.00894614 -1.53992 -0.193363 0.00959374 0.98108 175.659
0.98239 -0.00348735 0.186808 89.7167 0.00623962 0.99988 -0.0141472 -1.54539 -0.186736 0.0150637 0.982295 176.812
0.98368 -0.000675679 0.179927 89.8934 0.00321105 0.9999 -0.0138002 -1.5503 -0.1799 0.0141527 0.983583 177.821
0.98513 0.00678132 0.171675 90.0417 -0.00493646 0.999925 -0.0111709 -1.57979 -0.171738 0.0101573 0.98509 178.721
0.986261 0.00839774 0.164983 90.1487 -0.00608862 0.999876 -0.0144969 -1.60053 -0.165084 0.0132932 0.98619 179.639
0.987879 0.00358047 0.155187 90.284 -0.000312668 0.999778 -0.0210765 -1.62564 -0.155228 0.0207725 0.98766 180.54
0.989068 0.00136273 0.147455 90.3976 0.00216748 0.999715 -0.0237775 -1.6496 -0.147446 0.0238372 0.988783 181.419
0.990366 0.000410748 0.138477 90.5332 0.00252463 0.999776 -0.0210213 -1.67673 -0.138455 0.0211683 0.990142 182.335
0.991487 0.0037283 0.130155 90.6653 -0.00185804 0.999893 -0.0144879 -1.70897 -0.130196 0.0141227 0.991388 183.351
0.99254 0.00457041 0.121835 90.7789 -0.00342538 0.999948 -0.00960594 -1.73633 -0.121873 0.00911695 0.992504 184.443
0.993383 0.00271508 0.114816 90.8648 -0.00196445 0.999976 -0.00665025 -1.76265 -0.114832 0.0063807 0.993364 185.406
0.994113 0.000293875 0.108351 90.9672 0.000216783 0.999989 -0.00470117 -1.78555 -0.108351 0.00469699 0.994102 186.406
0.994583 0.00152251 0.103934 91.0742 -0.000831478 0.999977 -0.00669179 -1.80562 -0.103941 0.00656912 0.994562 187.476
0.995075 0.00464117 0.0990141 91.171 -0.00337613 0.999911 -0.0129401 -1.82547 -0.0990653 0.0125421 0.995002 188.507
0.995487 0.00457443 0.0947879 91.2604 -0.00270945 0.9998 -0.0197947 -1.85772 -0.0948596 0.0194485 0.995301 189.534
0.995707 0.00410804 0.0924696 91.3267 -0.00207585 0.999754 -0.0220623 -1.89111 -0.0925375 0.0217756 0.995471 190.529
0.996072 0.00178365 0.0885334 91.4153 -0.000306538 0.999861 -0.0166951 -1.91101 -0.0885508 0.0166023 0.995933 191.533
0.996263 0.00398514 0.0862739 91.5001 -0.00343503 0.999973 -0.00652393 -1.94254 -0.0862976 0.0062032 0.99625 192.688
0.996541 0.00217869 0.0830797 91.5662 -0.00222462 0.999997 0.000460248 -1.97125 -0.0830785 -0.000643476 0.996543 193.927
0.996906 -0.0033074 0.0785312 91.6588 0.00353696 0.99999 -0.0027842 -1.99686 -0.0785212 0.00305335 0.996908 195.106
0.997248 -0.0121479 0.0731381 91.7748 0.013063 0.999842 -0.0120463 -2.02634 -0.0729802 0.0129685 0.997249 196.314
0.997782 -0.000814635 0.0665644 91.8513 0.00195283 0.999853 -0.0170359 -2.04078 -0.0665407 0.0171281 0.997637 197.408
0.998216 0.00452383 0.0595345 91.9067 -0.00356634 0.999863 -0.0161794 -2.0675 -0.0595995 0.0159382 0.998095 198.454
0.998661 -0.00194535 0.0516886 91.952 0.00245456 0.999949 -0.00978979 -2.09982 -0.0516669 0.00990355 0.998615 199.623
0.998993 -0.00499133 0.0445961 91.9969 0.00528253 0.999965 -0.00641416 -2.12579 -0.0445625 0.00664328 0.998985 200.904
0.999212 -0.00847312 0.0387806 92.0483 0.00855312 0.999962 -0.00189749 -2.14747 -0.038763 0.00222769 0.999246 202.034
0.999428 -0.00465578 0.0334948 92.0674 0.00473018 0.999987 -0.0021421 -2.16205 -0.0334844 0.00229931 0.999437 203.176
0.999645 -0.00528707 0.0261299 92.1138 0.00553224 0.999941 -0.00931947 -2.18357 -0.0260791 0.00946071 0.999615 204.167
0.999782 -0.00928014 0.0186808 92.1488 0.00964619 0.999761 -0.0196013 -2.1981 -0.0184945 0.0197773 0.999633 205.213
0.999868 -0.0105508 0.0123948 92.1736 0.0108412 0.999663 -0.0236026 -2.21996 -0.0121416 0.0237338 0.999645 206.261
0.999975 0.00368971 0.0060008 92.1629 -0.0035926 0.999864 -0.016113 -2.25176 -0.00605943 0.016091 0.999852 207.382
0.999951 0.00987601 0.00077315 92.1346 -0.00987348 0.999946 -0.00321071 -2.274 -0.000804817 0.00320292 0.999995 208.65
0.999981 0.00444001 -0.00417067 92.1138 -0.00442066 0.999979 0.00463505 -2.3068 0.00419116 -0.00461652 0.999981 209.846
0.999967 -0.000441667 -0.00811272 92.1007 0.000454951 0.999999 0.00163574 -2.32586 0.00811199 -0.00163938 0.999966 210.892
0.999948 0.00132331 -0.0101021 92.0794 -0.001417 0.999956 -0.0092726 -2.34034 0.0100894 0.00928643 0.999906 211.967
0.999856 0.0107375 -0.0131149 92.047 -0.0109792 0.999769 -0.0185006 -2.35724 0.0129132 0.018642 0.999743 212.946
0.999871 -0.000274525 -0.0160832 92.0302 -8.99161e-005 0.999743 -0.0226546 -2.37872 0.0160853 0.0226531 0.999614 213.775
0.999816 -0.00554531 -0.01834 92.0212 0.00521073 0.99982 -0.018241 -2.3982 0.0184378 0.0181421 0.999665 214.637
0.999822 -0.00151001 -0.0188281 92.0034 0.001337 0.999957 -0.00919806 -2.42873 0.0188412 0.00917125 0.99978 215.559
0.999857 0.00495706 -0.0161465 91.941 -0.00501673 0.999981 -0.00365699 -2.45366 0.0161281 0.00373747 0.999863 216.5
0.999798 -0.000698106 -0.0200666 91.9633 0.000613175 0.999991 -0.0042383 -2.48075 0.0200694 0.00422514 0.99979 217.464
0.999754 -0.00348786 -0.021925 91.932 0.00318388 0.999899 -0.0138842 -2.49907 0.0219712 0.013811 0.999663 218.578
0.999658 -0.0106661 -0.0238778 91.9237 0.0100489 0.999616 -0.0258195 -2.53605 0.024144 0.0255707 0.999381 219.842
0.999611 -0.00952164 -0.0262217 91.9265 0.00874391 0.999523 -0.0296163 -2.58119 0.0264912 0.0293755 0.999217 220.956
0.999657 0.00392349 -0.0259109 91.8642 -0.00457017 0.999678 -0.0249459 -2.6195 0.0258047 0.0250558 0.999353 222.134
0.999618 0.00484861 -0.027191 91.8201 -0.00523135 0.999888 -0.0140225 -2.65873 0.0271199 0.0141594 0.999532 223.302
0.999602 0.00147469 -0.0281622 91.775 -0.00176416 0.999946 -0.0102567 -2.70329 0.0281456 0.0103024 0.999551 224.523
0.999521 -0.00306445 -0.03081 91.7658 0.00261796 0.999891 -0.0145214 -2.73331 0.0308512 0.0144338 0.99942 225.764
0.99968 0.00471829 -0.0248392 91.6461 -0.0052487 0.999759 -0.0213319 -2.75987 0.0247325 0.0214555 0.999464 226.969
0.999665 0.00661751 -0.0250022 91.5969 -0.00716641 0.999734 -0.0219284 -2.78835 0.0248505 0.0221002 0.999447 228.126
