0.999993 -0.00137303 -0.00338692 -0.00590868 0.00136543 0.999997 -0.0022434 -0.00116763 0.00338999 0.00223876 0.999992 0.65323
0.999975 -0.00228074 -0.00671158 -0.0148562 0.00225553 0.99999 -0.003761 1.97621e-005 0.00672009 0.00374576 0.99997 1.29374
0.999942 0.00111478 -0.0106823 -0.0328776 -0.00117755 0.999982 -0.00587245 -0.00165597 0.0106756 0.00588469 0.999926 1.95783
0.99987 0.000653044 -0.0161187 -0.0451974 -0.000751308 0.999981 -0.006091 -0.00723936 0.0161144 0.00610232 0.999852 2.63362
0.999786 -0.000806301 -0.0206675 -0.0634329 0.000674418 0.999979 -0.00638733 -0.0180318 0.0206722 0.00637203 0.999766 3.31819
0.999717 0.00125707 -0.0237747 -0.0931395 -0.00142484 0.999974 -0.00704118 -0.0330223 0.0237652 0.00707306 0.999693 4.03034
0.999553 0.00381736 -0.0296613 -0.112849 -0.00407179 0.999955 -0.00852211 -0.035651 0.0296274 0.00863907 0.999524 4.73839
0.999387 0.000710383 -0.0349906 -0.138476 -0.000956175 0.999975 -0.00700828 -0.0392987 0.0349847 0.00703745 0.999363 5.45958
0.99925 -0.000604765 -0.0387073 -0.17382 0.000478475 0.999995 -0.00327188 -0.0554435 0.0387091 0.00325091 0.999245 6.20309
0.999089 -0.00149906 -0.0426424 -0.205343 0.00144765 0.999998 -0.00123636 -0.0657637 0.0426442 0.0011735 0.99909 6.95494
0.999046 0.00166994 -0.0436315 -0.267497 -0.00173541 0.999997 -0.00146257 -0.0720619 0.0436289 0.0015369 0.999047 7.74108
0.998868 0.00222057 -0.0475061 -0.294561 -0.0022879 0.999996 -0.001363 -0.0844741 0.0475029 0.00147015 0.99887 8.51361
0.998808 -0.00458104 -0.0485991 -0.337991 0.00444525 0.999986 -0.00290193 -0.0829171 0.0486117 0.00268244 0.998814 9.31844
0.998841 -0.000339482 -0.0481203 -0.392228 0.000261896 0.999999 -0.00161861 -0.0933787 0.0481208 0.00160414 0.99884 10.1028
0.998622 -0.00261308 -0.052417 -0.426587 0.00248173 0.999994 -0.00257076 -0.100634 0.0524234 0.00243713 0.998622 10.935
0.998675 0.00150159 -0.0514358 -0.482236 -0.00172053 0.99999 -0.00421262 -0.112716 0.0514289 0.00429553 0.998667 11.7466
0.99848 0.0032479 -0.0550174 -0.53318 -0.00364026 0.999969 -0.00703275 -0.116884 0.0549929 0.00722234 0.998461 12.5241
0.998392 0.00346781 -0.0565879 -0.587444 -0.0039292 0.99996 -0.00804438 -0.132397 0.0565577 0.00825379 0.998365 13.3716
0.998467 0.00614765 -0.0550007 -0.641092 -0.00663739 0.99994 -0.00872596 -0.139507 0.0549438 0.00907765 0.998448 14.1544
0.99829 0.00337406 -0.0583531 -0.679117 -0.00374337 0.999974 -0.0062207 -0.158024 0.0583306 0.0064285 0.998277 14.9832
0.998374 0.00182875 -0.0569769 -0.746411 -0.0021399 0.999983 -0.00540042 -0.168527 0.0569661 0.00551356 0.998361 15.8026
0.998301 -0.00465996 -0.0580734 -0.806912 0.00435255 0.999976 -0.00541887 -0.173432 0.0580973 0.0051569 0.998298 16.6392
0.998162 -0.000951201 -0.0605901 -0.862492 0.000570691 0.99998 -0.00629705 -0.184587 0.0605949 0.0062509 0.998143 17.498
0.99824 -0.000709909 -0.0592909 -0.91939 0.000284152 0.999974 -0.00718893 -0.198104 0.0592945 0.00715943 0.998215 18.2885
0.997977 -0.00396682 -0.0634584 -0.957847 0.00359196 0.999975 -0.00602018 -0.206635 0.0634807 0.00578006 0.997966 19.1806
0.998253 0.00240458 -0.0590348 -1.02568 -0.0025644 0.999993 -0.00263157 -0.216773 0.0590281 0.00277836 0.998252 19.8658
0.998136 0.00452874 -0.0608628 -1.07695 -0.00445265 0.999989 0.00138587 -0.229532 0.0608684 -0.00111229 0.998145 20.8098
0.998326 0.000213538 -0.0578345 -1.12491 9.75456e-006 0.999993 0.00386059 -0.230069 0.0578349 -0.00385469 0.998319 21.5664
0.998527 0.00237256 -0.0542074 -1.192 -0.00212286 0.999987 0.0046635 -0.246151 0.0542178 -0.00454156 0.998519 22.5739
0.998515 0.0018749 -0.054452 -1.24533 -0.00175868 0.999996 0.00218227 -0.251465 0.0544559 -0.00208327 0.998514 23.4401
0.998531 0.00463602 -0.0539917 -1.30253 -0.00478994 0.999985 -0.00272171 -0.265253 0.0539782 0.00297633 0.998538 24.4269
0.998745 0.00303972 -0.0499996 -1.38069 -0.00334699 0.999976 -0.00606293 -0.268418 0.04998 0.00622267 0.998731 25.3388
0.998661 -0.00405719 -0.0515675 -1.40583 0.00381965 0.999982 -0.00470399 -0.285441 0.0515856 0.00450072 0.998658 26.1995
0.998672 -0.00516324 -0.0512612 -1.45887 0.00517842 0.999987 0.000163464 -0.295212 0.0512596 -0.000428699 0.998685 27.1068
0.998588 -0.00597496 -0.0527923 -1.49549 0.00616926 0.999975 0.00351821 -0.314368 0.0527699 -0.00383893 0.998599 28.0059
0.998407 -0.014011 -0.054655 -1.53402 0.0141719 0.999896 0.00255839 -0.321621 0.0546135 -0.00332889 0.998502 28.9176
0.998509 -0.007605 -0.054051 -1.58973 0.00753612 0.999971 -0.00147815 -0.327109 0.0540606 0.00106861 0.998537 29.8483
0.99836 -0.00125211 -0.0572305 -1.63803 0.000945518 0.999985 -0.00538387 -0.338091 0.0572364 0.00532093 0.998346 30.754
0.998298 0.00161689 -0.0582952 -1.69383 -0.001959 0.999981 -0.00581188 -0.35269 0.0582847 0.00591619 0.998282 31.609
0.99824 0.00117577 -0.0592934 -1.73589 -0.00145173 0.999988 -0.0046113 -0.369979 0.0592873 0.00468926 0.99823 32.4708
0.998239 0.00401018 -0.0591907 -1.80777 -0.00412297 0.99999 -0.00178347 -0.38612 0.0591829 0.00202437 0.998245 33.3374
0.998173 0.00257097 -0.0603653 -1.85926 -0.00261227 0.999996 -0.000605237 -0.397591 0.0603635 0.000761822 0.998176 34.2406
0.998126 0.000638379 -0.061187 -1.93183 -0.000498542 0.999997 0.00230064 -0.406723 0.0611883 -0.00226582 0.998124 35.1579
0.998064 0.00103387 -0.062187 -1.98199 -0.000702934 0.999985 0.00534329 -0.418774 0.0621916 -0.00528923 0.99805 36.0657
0.998109 0.00603979 -0.061174 -2.06314 -0.00554808 0.999951 0.00820454 -0.422216 0.0612206 -0.00784962 0.998093 37.0091
0.998026 0.00601882 -0.0625094 -2.10607 -0.00555206 0.999955 0.00763805 -0.434509 0.0625526 -0.00727592 0.998015 37.9625
0.998017 -0.00313824 -0.0628718 -2.16201 0.00348132 0.99998 0.00534788 -0.429912 0.0628537 -0.00555615 0.998007 38.9323
0.998075 0.00227203 -0.0619794 -2.23303 -0.00203499 0.99999 0.00388738 -0.444612 0.0619877 -0.00375377 0.99807 39.894
0.997991 0.0011721 -0.0633495 -2.29278 -0.000976163 0.999995 0.00312387 -0.44986 0.0633528 -0.00305576 0.997987 40.8408
0.998005 -0.00153675 -0.0631222 -2.39226 0.00179621 0.99999 0.0040539 -0.458047 0.0631154 -0.0041592 0.997998 41.8453
0.997841 -0.0013934 -0.0656619 -2.43483 0.00174084 0.999985 0.00523448 -0.467672 0.0656536 -0.00533748 0.997828 42.7795
0.997912 0.00262894 -0.0645338 -2.51769 -0.00248983 0.999994 0.00223591 -0.478899 0.0645394 -0.00207057 0.997913 43.7509
0.997749 0.00309339 -0.0669899 -2.57995 -0.0032232 0.999993 -0.00182975 -0.491967 0.0669837 0.00204155 0.997752 44.6709
0.99787 0.000813952 -0.0652263 -2.65017 -0.00102241 0.999994 -0.00316265 -0.504614 0.0652234 0.0032226 0.997865 45.5819
0.997868 0.00011405 -0.0652596 -2.71276 -6.85655e-005 1 0.000699221 -0.525294 0.0652596 -0.000693256 0.997868 46.4996
0.997852 -0.00245405 -0.0654567 -2.7678 0.00268706 0.99999 0.00347192 -0.536187 0.0654475 -0.00364035 0.997849 47.3558
0.99778 -0.00464145 -0.066433 -2.82821 0.00495506 0.999977 0.00455665 -0.549135 0.0664103 -0.00487572 0.99778 48.2589
0.997843 -0.00350012 -0.06555 -2.88673 0.00369133 0.999989 0.00279618 -0.563973 0.0655395 -0.00303211 0.997845 49.1543
0.997785 -0.00512451 -0.0663301 -2.94895 0.00522097 0.999986 0.00128096 -0.579079 0.0663226 -0.00162443 0.997797 50.0517
0.997663 -0.00512559 -0.068135 -3.01544 0.00529289 0.999983 0.00227501 -0.578309 0.0681222 -0.00263033 0.997674 50.9559
0.997591 -0.00633197 -0.0690773 -3.06585 0.00679552 0.999956 0.00647776 -0.593564 0.0690332 -0.00693157 0.99759 51.8377
0.997613 -0.00443919 -0.0689096 -3.12593 0.00518551 0.99993 0.0106553 -0.592422 0.0688575 -0.0109872 0.997566 52.7207
0.997653 0.00484096 -0.0682969 -3.22371 -0.00387302 0.99989 0.0142979 -0.601987 0.0683586 -0.0139998 0.997563 53.7381
0.997422 0.00383469 -0.0716499 -3.28649 -0.003161 0.99995 0.00951357 -0.610237 0.0716828 -0.00926256 0.997384 54.6735
0.997378 0.00502506 -0.0721929 -3.36515 -0.00489492 0.999986 0.00197946 -0.612178 0.0722018 -0.00162089 0.997389 55.5934
0.997258 0.0044091 -0.0738771 -3.433 -0.00460939 0.999986 -0.00254079 -0.622758 0.0738649 0.00287435 0.997264 56.5103
0.997102 0.00353361 -0.0759964 -3.48022 -0.00369146 0.999991 -0.00193678 -0.632871 0.0759889 0.00221171 0.997106 57.3557
0.997014 0.00487197 -0.0770658 -3.55462 -0.00483904 0.999988 0.000614087 -0.647356 0.0770679 -0.000239329 0.997026 58.2285
0.996959 0.00525383 -0.0777452 -3.62239 -0.00509068 0.999984 0.0022965 -0.664579 0.0777561 -0.00189374 0.996971 59.0445
0.997141 0.0078481 -0.0751563 -3.72557 -0.0076608 0.999967 0.00278007 -0.678356 0.0751756 -0.00219636 0.997168 59.886
0.996531 0.00107523 -0.0832193 -3.75727 -0.000787587 0.999994 0.00348924 -0.696483 0.0832225 -0.00341159 0.996525 60.6755
0.996554 -0.000789381 -0.0829435 -3.83856 0.00113163 0.999991 0.00407931 -0.716126 0.0829396 -0.00415911 0.996546 61.4963
0.996509 0.00153109 -0.0834751 -3.91142 -0.00112997 0.999988 0.00485231 -0.725223 0.0834814 -0.00474104 0.996498 62.3282
0.99649 0.00240992 -0.0836781 -4.00031 -0.00194405 0.999982 0.0056485 -0.731102 0.0836902 -0.005466 0.996477 63.1381
0.996313 0.00215618 -0.0857621 -4.07269 -0.00143521 0.999963 0.00846746 -0.734185 0.0857772 -0.00831316 0.99628 63.9145
0.996191 0.00433875 -0.0870932 -4.15175 -0.00321587 0.99991 0.0130291 -0.739674 0.0871419 -0.0126993 0.996115 64.7239
0.996133 0.00578515 -0.0876639 -4.24365 -0.00451318 0.999882 0.0147008 -0.743458 0.0877386 -0.0142483 0.996042 65.5309
0.995966 0.00676624 -0.0894715 -4.33101 -0.00582279 0.999925 0.0108015 -0.750195 0.0895379 -0.010237 0.995931 66.3145
0.995933 0.00377921 -0.0900148 -4.39668 -0.00346519 0.999987 0.00364454 -0.761765 0.0900275 -0.0033178 0.995934 67.107
0.995858 -0.0012883 -0.0909179 -4.47451 0.00107388 0.999997 -0.00240718 -0.769544 0.0909207 0.00229957 0.995855 67.8312
0.995915 0.000648466 -0.0902944 -4.57107 -0.000871326 0.999997 -0.00242875 -0.785138 0.0902925 0.0024975 0.995912 68.5533
0.995799 0.00505595 -0.0914305 -4.63248 -0.00501 0.999987 0.000732053 -0.795523 0.091433 -0.00027091 0.995811 69.202
0.995567 0.000399085 -0.0940524 -4.68288 -7.47984e-005 0.999994 0.00345144 -0.815242 0.0940532 -0.0034291 0.995561 69.8564
0.995497 -0.00264198 -0.0947525 -4.74549 0.00264894 0.999996 -5.23364e-005 -0.828933 0.0947523 -0.000198893 0.995501 70.4915
0.995604 -0.0107398 -0.0930459 -4.80622 0.0102023 0.999928 -0.00625071 -0.842654 0.0931064 0.00527395 0.995642 71.111
0.995595 -0.0113239 -0.0930713 -4.85485 0.0103127 0.999883 -0.0113386 -0.851143 0.0931888 0.0103289 0.995595 71.6898
0.996077 -0.00220587 -0.0884636 -4.91564 0.0011697 0.99993 -0.0117631 -0.854539 0.0884833 0.0116135 0.99601 72.2197
0.996518 0.00773381 -0.0830181 -4.98069 -0.00844439 0.999931 -0.00821155 -0.864557 0.0829488 0.008884 0.996514 72.7155
0.996776 0.00268366 -0.0801924 -5.01285 -0.00317599 0.999977 -0.00601238 -0.871834 0.0801744 0.00624769 0.996761 73.164
0.997273 -0.00587272 -0.0735679 -5.03907 0.00577948 0.999982 -0.00148023 -0.882417 0.0735753 0.00105101 0.997289 73.5631
0.997799 -0.00817164 -0.0658123 -5.04821 0.00829171 0.999964 0.00155151 -0.887149 0.0657972 -0.00209379 0.997831 73.7683
0.998497 -0.00119749 -0.0547915 -5.08098 0.0013131 0.999997 0.00207407 -0.902036 0.0547888 -0.0021429 0.998496 74.4196
0.999173 0.00713215 -0.0400381 -5.09723 -0.00708455 0.999974 0.00133073 -0.905177 0.0400466 -0.00104597 0.999197 74.8371
0.999716 0.00833794 -0.0223253 -5.09768 -0.008293 0.999963 0.00210492 -0.909647 0.022342 -0.00191918 0.999749 75.3681
0.999996 0.0029058 7.68628e-005 -5.08086 -0.00290602 0.999991 0.00301153 -0.915336 -6.81112e-005 -0.00301174 0.999995 75.8236
0.999673 -0.00635481 0.0247498 -5.05544 0.00624856 0.999971 0.00436803 -0.921006 -0.0247768 -0.00421196 0.999684 76.227
0.998464 -0.00395264 0.0552592 -5.00927 0.0036106 0.999974 0.00628823 -0.927679 -0.0552826 -0.00607905 0.998452 76.7327
0.996159 -0.00226474 0.0875351 -4.94873 0.00158217 0.999968 0.00786631 -0.932474 -0.0875501 -0.0076976 0.99613 77.1804
0.992019 0.00139275 0.126078 -4.87355 -0.00250788 0.999959 0.00868652 -0.93603 -0.12606 -0.00893338 0.991982 77.6511
0.985778 0.000621051 0.168052 -4.77618 -0.00213051 0.999959 0.00880195 -0.938152 -0.168039 -0.0090348 0.985739 78.0972
0.977517 -0.00462732 0.210808 -4.62726 0.00262116 0.999949 0.00979498 -0.945 -0.210842 -0.00902219 0.977479 78.5408
0.964968 -0.00012599 0.262369 -4.48805 -0.00199254 0.999968 0.00780857 -0.952625 -0.262361 -0.0080578 0.964936 78.9559
0.950295 -0.000477717 0.311352 -4.31685 -0.00131218 0.999984 0.00553927 -0.95857 -0.31135 -0.00567249 0.950279 79.3611
0.929805 -0.00168597 0.368047 -4.12382 3.43888e-005 0.99999 0.00449392 -0.960153 -0.368051 -0.00416581 0.929796 79.741
0.905634 -0.00174138 0.424058 -3.90556 0.000569962 0.999996 0.00288922 -0.960308 -0.424061 -0.00237488 0.905631 80.0932
0.877181 -0.00260586 0.480152 -3.66656 0.00206523 0.999996 0.00165419 -0.958519 -0.480155 -0.000459399 0.877184 80.4213
0.843353 -0.00416189 0.537343 -3.40623 0.00377814 0.999991 0.00181549 -0.96118 -0.537346 0.000499064 0.843362 80.7363
0.807682 -0.00586988 0.589588 -3.12881 0.00484131 0.999983 0.00332356 -0.976582 -0.589598 0.000169999 0.807697 81.0064
0.767091 -0.00267678 0.641533 -2.84071 0.000642635 0.999994 0.00340404 -0.976913 -0.641538 -0.00219894 0.767088 81.2811
0.725816 -0.00146957 0.687888 -2.5336 -0.00377105 0.999974 0.00611526 -0.977834 -0.687879 -0.00703261 0.725791 81.5344
0.68076 -0.0017801 0.732504 -2.22792 -0.00419474 0.999971 0.00632851 -0.982727 -0.732495 -0.00738086 0.680733 81.7491
0.635325 -0.00719251 0.772211 -1.88378 0.000898703 0.999963 0.00857443 -0.982007 -0.772244 -0.00475356 0.635308 81.9543
0.588239 -0.0124147 0.808592 -1.5307 0.00476583 0.999918 0.0118851 -0.978786 -0.808673 -0.00313769 0.58825 82.1481
0.542574 -0.0080866 0.839969 -1.18533 -0.00105137 0.999946 0.0103059 -0.987348 -0.840008 -0.00647481 0.542536 82.3135
0.495879 -0.000925198 0.868391 -0.81936 -0.00870647 0.999944 0.00603703 -0.986764 -0.868348 -0.0105543 0.495843 82.4843
0.450072 -0.00227478 0.892989 -0.459353 -0.00467224 0.999977 0.00490216 -0.98679 -0.89298 -0.00637859 0.450051 82.6281
0.407113 -0.00896435 0.913334 -0.0922786 0.00102571 0.999956 0.00935734 -0.986809 -0.913377 -0.00287268 0.407104 82.7457
0.368103 -0.0241346 0.929472 0.283728 0.00483863 0.999699 0.0240418 -0.979528 -0.929772 -0.0043525 0.368109 82.8361
0.333334 -0.0253489 0.942468 0.669372 -0.00445354 0.999585 0.0284603 -0.978111 -0.942798 -0.0136841 0.333083 82.9267
0.300676 -0.0203778 0.953509 1.08499 -0.0148856 0.99955 0.0260557 -0.969998 -0.95361 -0.0220279 0.300237 83.0337
0.269756 -0.00876307 0.962889 1.48633 -0.0168228 0.999763 0.0138116 -0.974138 -0.962782 -0.0199242 0.269545 83.1492
0.242328 -0.00516576 0.970181 1.91197 -0.0154983 0.999838 0.00919478 -0.977599 -0.970071 -0.0172643 0.242209 83.2401
0.216522 -0.00757549 0.976248 2.31061 -0.00626365 0.999939 0.00914854 -0.987904 -0.976258 -0.00809574 0.216461 83.3039
0.192572 -0.013834 0.981185 2.70463 -0.000571884 0.999899 0.0142101 -0.987828 -0.981283 -0.00329759 0.192544 83.3585
0.172727 -0.0203022 0.98476 3.10922 0.00570849 0.999791 0.0196108 -0.978439 -0.984953 0.00223417 0.172807 83.3987
0.153544 -0.0210345 0.987918 3.53156 0.00400006 0.999778 0.0206654 -0.962589 -0.988134 0.000778682 0.153594 83.4495
0.136161 -0.0164927 0.990549 3.91573 -0.00919636 0.999797 0.0179108 -0.954031 -0.990644 -0.0115482 0.135982 83.4942
0.120937 -0.0129236 0.992576 4.32591 -0.0227881 0.999616 0.0157918 -0.955312 -0.992399 -0.0245287 0.120596 83.5424
0.106324 -0.0133399 0.994242 4.76195 -0.0239161 0.999586 0.0159692 -0.951871 -0.994044 -0.0254763 0.105961 83.5824
0.0926739 -0.0156423 0.995574 5.22015 -0.0195755 0.999655 0.0175286 -0.950718 -0.995504 -0.0211133 0.0923357 83.6155
0.0817466 -0.0213026 0.996425 5.7074 -0.0169545 0.999597 0.0227614 -0.944523 -0.996509 -0.0187546 0.0813525 83.6417
0.0720058 -0.0247525 0.997097 6.20455 -0.0155337 0.999543 0.025935 -0.937199 -0.997283 -0.0173561 0.0715883 83.6652
0.0637301 -0.0254556 0.997642 6.71872 -0.0189205 0.999464 0.0267107 -0.927915 -0.997788 -0.0205782 0.0632144 83.6947
0.0585128 -0.0278533 0.997898 7.24312 -0.0225871 0.999318 0.0292174 -0.917341 -0.998031 -0.0242492 0.0578437 83.7206
0.0529161 -0.0288136 0.998183 7.80607 -0.0238107 0.999263 0.030107 -0.904329 -0.998315 -0.0253606 0.052191 83.7448
0.0469209 -0.0295386 0.998462 8.37635 -0.0256937 0.999196 0.0307677 -0.889265 -0.998568 -0.0270978 0.0461243 83.7726
0.042564 -0.032468 0.998566 8.98662 -0.0279361 0.999042 0.0336742 -0.876548 -0.998703 -0.0293293 0.0416163 83.7932
0.0404013 -0.0344745 0.998589 9.58707 -0.0286979 0.998952 0.0356482 -0.861981 -0.998771 -0.0300977 0.0393696 83.8037
0.0352874 -0.0329174 0.998835 10.1988 -0.0314702 0.998925 0.0340322 -0.840673 -0.998882 -0.0326345 0.0342136 83.8346
0.0338167 -0.0346803 0.998826 10.8609 -0.0345031 0.998762 0.0358463 -0.820991 -0.998832 -0.0356748 0.0325782 83.8481
0.0296953 -0.0372013 0.998866 11.4792 -0.0350521 0.998654 0.0382355 -0.807244 -0.998944 -0.0361477 0.0283514 83.8937
0.0335485 -0.0442428 0.998457 12.154 -0.0352802 0.998345 0.0454232 -0.780581 -0.998814 -0.0367497 0.0319321 83.8997
0.0365805 -0.0435467 0.998381 12.861 -0.0377818 0.998276 0.0449264 -0.751999 -0.998616 -0.0393641 0.0348722 83.9194
0.0399738 -0.0467651 0.998106 13.5786 -0.0410715 0.997983 0.0484043 -0.719779 -0.998356 -0.0429286 0.0379724 83.9396
0.0447285 -0.0458253 0.997948 14.2998 -0.04299 0.997934 0.0477515 -0.691886 -0.998074 -0.0450376 0.042666 83.9807
0.049271 -0.0494054 0.997563 15.014 -0.0485086 0.997479 0.0517971 -0.6615 -0.997607 -0.0509424 0.0467502 84.0003
0.0536969 -0.0457997 0.997506 15.7513 -0.0465679 0.997746 0.0483175 -0.633049 -0.997471 -0.0490462 0.0514431 84.0449
0.0576991 -0.0451475 0.997313 16.5001 -0.0525725 0.997453 0.0481955 -0.598086 -0.996949 -0.0552121 0.0551786 84.0982
0.0618528 -0.0431022 0.997154 17.2864 -0.0509303 0.997629 0.0462819 -0.561709 -0.996785 -0.053648 0.0595109 84.147
0.064313 -0.0403005 0.997116 18.0849 -0.0455536 0.998024 0.0432754 -0.532077 -0.99689 -0.0482053 0.0623501 84.2177
0.0690933 -0.0381829 0.996879 18.9537 -0.0389216 0.998403 0.0409389 -0.508502 -0.996851 -0.0416288 0.0674968 84.2532
0.0683399 -0.0332295 0.997109 19.7631 -0.0331562 0.998817 0.0355589 -0.481691 -0.997111 -0.0354905 0.0671573 84.3554
0.0701719 -0.0315718 0.997035 20.5803 -0.0328811 0.998883 0.0339445 -0.441787 -0.996993 -0.0351656 0.0690554 84.4051
0.0687016 -0.0288698 0.997219 21.4056 -0.0313922 0.999024 0.0310848 -0.426214 -0.997143 -0.0334405 0.0677282 84.5055
0.0716522 -0.0268447 0.997068 22.1827 -0.03604 0.998915 0.0294844 -0.418607 -0.996778 -0.0380469 0.070607 84.5525
0.0705415 -0.0290522 0.997086 22.948 -0.0334909 0.998943 0.0314758 -0.409791 -0.996946 -0.0356137 0.069494 84.5476
0.06954 -0.0251097 0.997263 23.7923 -0.0292867 0.999201 0.0272007 -0.403303 -0.997149 -0.0310981 0.068749 84.6519
0.07358 -0.0264483 0.996939 24.5541 -0.0310036 0.999104 0.028794 -0.387304 -0.996807 -0.0330274 0.0726941 84.6816
0.0741561 -0.0240577 0.996956 25.3623 -0.0273613 0.999284 0.0261491 -0.389987 -0.996871 -0.0292171 0.0734447 84.7234
0.0734561 -0.0247323 0.996992 26.1833 -0.0251798 0.999328 0.0266454 -0.372219 -0.996981 -0.0270613 0.0727839 84.786
0.0707115 -0.0189389 0.997317 27.0253 -0.0248736 0.999475 0.0207435 -0.359986 -0.997187 -0.0262737 0.0702033 84.8587
0.0659742 -0.0181354 0.997657 27.8476 -0.0257184 0.999472 0.0198691 -0.351028 -0.99749 -0.026969 0.0654729 84.9248
0.0606225 -0.0146659 0.998053 28.7014 -0.022597 0.999616 0.0160614 -0.340083 -0.997905 -0.0235267 0.0602678 85.0006
0.0545006 -0.0116966 0.998445 29.5091 -0.0218023 0.999679 0.0129012 -0.341072 -0.998276 -0.0224716 0.0542281 85.0525
0.0461601 -0.012244 0.998859 30.3559 -0.0176889 0.999758 0.0130725 -0.340167 -0.998777 -0.0182722 0.0459324 85.1078
0.036736 -0.00961435 0.999279 31.2025 -0.0100763 0.999899 0.00999075 -0.340978 -0.999274 -0.0104361 0.0366354 85.1422
0.0268416 -0.00978894 0.999592 32.046 -0.00946902 0.999905 0.0100463 -0.345526 -0.999595 -0.00973482 0.0267464 85.1602
0.016209 -0.0108804 0.999809 32.8716 -0.0102957 0.999886 0.0110481 -0.34608 -0.999816 -0.0104728 0.0160951 85.179
0.00586534 -0.00868028 0.999945 33.7126 -0.0121222 0.999888 0.00875089 -0.348592 -0.999909 -0.0121728 0.00575946 85.1846
-0.00502974 -0.0104413 0.999933 34.5546 -0.0120763 0.999873 0.01038 -0.344786 -0.999914 -0.0120233 -0.0051552 85.1872
-0.0164968 -0.0106205 0.999808 35.4086 -0.00886042 0.999906 0.0104753 -0.353448 -0.999825 -0.0086859 -0.0165893 85.1669
-0.026826 -0.00695672 0.999616 36.2071 -0.00730434 0.99995 0.00676303 -0.370417 -0.999613 -0.00712011 -0.0268755 85.1317
-0.0383559 -0.0111055 0.999202 37.1431 -0.00722362 0.999915 0.0108361 -0.363061 -0.999238 -0.00680223 -0.0384329 85.1172
-0.0478481 -0.00855268 0.998818 37.9227 -0.00628765 0.999946 0.00826113 -0.384942 -0.998835 -0.00588493 -0.0478993 85.0662
-0.0581076 -0.0111105 0.998249 38.7725 -0.00659507 0.999921 0.0107452 -0.364368 -0.998289 -0.00595914 -0.0581762 85.0151
-0.0670041 -0.0111177 0.997691 39.5513 -0.00797622 0.999912 0.0106068 -0.376629 -0.997721 -0.0072471 -0.0670869 84.9613
-0.0769182 -0.0124738 0.996959 40.3721 -0.00948968 0.999886 0.0117782 -0.372698 -0.996992 -0.00855487 -0.0770278 84.8954
-0.0850508 -0.012941 0.996293 41.0463 -0.0116308 0.99986 0.0119945 -0.386741 -0.996309 -0.0105675 -0.0851895 84.8096
-0.0920488 -0.0149853 0.995642 41.8372 -0.0146837 0.999798 0.0136904 -0.383657 -0.995646 -0.0133595 -0.0922502 84.7205
-0.0975467 -0.0191244 0.995047 42.5734 -0.0185412 0.999677 0.0173957 -0.378987 -0.995058 -0.0167525 -0.0978697 84.6693
-0.0996841 -0.0213349 0.99479 43.3249 -0.0215917 0.999581 0.0192741 -0.386328 -0.994785 -0.0195579 -0.100103 84.5759
-0.104023 -0.0230597 0.994308 44.0666 -0.0225796 0.999528 0.0208185 -0.391461 -0.994319 -0.0202855 -0.104495 84.4859
-0.109383 -0.023205 0.993729 44.7443 -0.0268347 0.999432 0.0203844 -0.416155 -0.993637 -0.0244367 -0.109943 84.4687
-0.106185 -0.024791 0.994037 45.4873 -0.024065 0.99946 0.0223556 -0.383006 -0.994055 -0.0215476 -0.106725 84.3762
-0.105611 -0.0255092 0.99408 46.2108 -0.0247219 0.999429 0.0230201 -0.413048 -0.9941 -0.0221443 -0.106181 84.2979
-0.10154 -0.027363 0.994455 46.9375 -0.0222343 0.999434 0.0252298 -0.384586 -0.994583 -0.0195492 -0.102091 84.2881
-0.0968319 -0.0270923 0.994932 47.5676 -0.0240135 0.999402 0.0248769 -0.396316 -0.995011 -0.0214829 -0.0974246 84.1981
-0.0957419 -0.0245622 0.995103 48.1803 -0.0234432 0.999474 0.0224145 -0.388497 -0.99513 -0.0211824 -0.0962673 84.1657
-0.0813728 -0.023601 0.996404 48.8087 -0.0245497 0.999464 0.0216685 -0.389346 -0.996381 -0.0226982 -0.0819086 84.1137
-0.0692593 -0.0239982 0.99731 49.396 -0.0244944 0.99945 0.0223487 -0.388502 -0.997298 -0.0228806 -0.069809 84.0888
-0.0508608 -0.0214284 0.998476 49.958 -0.0215445 0.999561 0.0203542 -0.385417 -0.998473 -0.0204765 -0.0513001 84.0622
-0.0306767 -0.0201656 0.999326 50.5103 -0.0193994 0.99962 0.019576 -0.383416 -0.999341 -0.0187858 -0.0310563 84.0646
-0.00567177 -0.018394 0.999815 51.0404 -0.0167261 0.999693 0.0182969 -0.38423 -0.999844 -0.0166192 -0.00597768 84.0812
0.0219794 -0.0177263 0.999601 51.5727 -0.0155428 0.999716 0.0180701 -0.375152 -0.999638 -0.0159338 0.0216977 84.1177
0.054039 -0.016575 0.998401 52.0801 -0.0174944 0.999693 0.0175433 -0.367566 -0.998386 -0.0184145 0.0537324 84.1756
0.0933174 -0.0155838 0.995514 52.5713 -0.0201358 0.999643 0.0175359 -0.359349 -0.995433 -0.0216819 0.0929703 84.2397
0.13437 -0.0141048 0.990831 53.069 -0.0219113 0.999612 0.0172013 -0.353675 -0.990689 -0.0240217 0.134009 84.3384
0.178886 -0.010823 0.98381 53.5643 -0.0244098 0.999583 0.0154349 -0.34768 -0.983567 -0.0267757 0.178547 84.4654
0.227771 -0.00948071 0.973668 54.048 -0.024679 0.999575 0.0155062 -0.354341 -0.973402 -0.027561 0.227441 84.6116
0.276443 -0.00628818 0.96101 54.5183 -0.0198456 0.999728 0.0122503 -0.34614 -0.960825 -0.0224583 0.276243 84.7955
0.332373 -0.0125055 0.943065 54.9818 -0.0126035 0.999764 0.0176993 -0.34899 -0.943064 -0.0177687 0.332137 84.9857
0.389898 -0.00427083 0.920848 55.4431 -0.00616151 0.999955 0.00724657 -0.339509 -0.920838 -0.00849924 0.389854 85.2282
0.462586 -0.039157 0.885709 56.0544 0.0152025 0.999228 0.0362357 -0.313573 -0.886444 -0.0032971 0.462824 85.4109
0.506311 -0.0108908 0.862282 56.3837 0.00417772 0.999939 0.0101764 -0.326762 -0.862341 -0.00155007 0.506325 85.7559
0.573383 -0.0114163 0.819208 56.7813 -0.0070629 0.999797 0.0188764 -0.314199 -0.819257 -0.0166094 0.573186 86.0208
0.624417 -0.00527197 0.781073 57.0747 -0.00600736 0.999915 0.0115516 -0.307534 -0.781068 -0.0119052 0.624333 86.3377
0.677384 -0.00688152 0.735597 57.3577 -0.00546966 0.999881 0.0143907 -0.307119 -0.735609 -0.0137715 0.677266 86.6354
0.725037 -0.00431997 0.688697 57.6059 -0.00500381 0.999921 0.01154 -0.310075 -0.688692 -0.011813 0.724958 86.9571
0.770234 -0.00482602 0.637744 57.8279 -0.00861537 0.999801 0.017971 -0.302386 -0.637704 -0.0193363 0.770039 87.2861
0.811692 -0.00297822 0.584078 58.0457 -0.0124852 0.99967 0.022448 -0.293395 -0.583952 -0.0255132 0.811387 87.6636
0.847921 -0.0045589 0.530103 58.2374 -0.0132515 0.999468 0.0297918 -0.288302 -0.529956 -0.0322858 0.84741 88.0386
0.878877 -0.00436842 0.477028 58.4209 -0.0137486 0.999311 0.0344818 -0.275123 -0.476849 -0.0368637 0.878212 88.4623
0.903996 0.00238403 0.427534 58.5777 -0.0188563 0.999234 0.0342987 -0.256558 -0.427125 -0.0390676 0.903348 88.9066
0.924318 0.00372442 0.381605 58.7079 -0.0195937 0.999097 0.0377086 -0.257069 -0.38112 -0.0423318 0.923556 89.3383
0.939417 0.00765439 0.342691 58.8264 -0.0208955 0.99917 0.0349633 -0.241322 -0.342139 -0.0400058 0.938797 89.797
0.951484 0.00608791 0.307637 58.9392 -0.0172208 0.999291 0.0334867 -0.22876 -0.307215 -0.0371598 0.950914 90.26
0.960771 0.00279149 0.27733 59.054 -0.0118584 0.999448 0.0310217 -0.21445 -0.27709 -0.0330934 0.960274 90.752
0.966903 -0.00766167 0.25503 59.1721 -0.000812249 0.999452 0.0331053 -0.206544 -0.255144 -0.0322167 0.966366 91.2339
0.970813 -0.0115934 0.239557 59.2861 0.0036866 0.999434 0.0334278 -0.197744 -0.23981 -0.031569 0.970307 91.7508
0.973885 -0.00140009 0.227038 59.3906 -0.00602855 0.999469 0.0320231 -0.184849 -0.226962 -0.0325555 0.973359 92.2553
0.975937 0.00670488 0.217949 59.4829 -0.0137402 0.999432 0.0307801 -0.166955 -0.217619 -0.0330341 0.975475 92.7775
0.977295 0.00875267 0.211703 59.5777 -0.014996 0.999498 0.0279034 -0.152879 -0.211353 -0.0304445 0.976936 93.3082
0.977659 0.0114448 0.209887 59.6732 -0.016501 0.999614 0.0223548 -0.136976 -0.209551 -0.0253187 0.97747 93.8667
0.978077 0.002261 0.20823 59.7897 -0.006758 0.999759 0.0208874 -0.138888 -0.208133 -0.0218367 0.977857 94.3871
0.977395 -0.00486742 0.211364 59.9173 0.00120005 0.999847 0.0174758 -0.128731 -0.211416 -0.0168271 0.977251 94.9453
0.97658 -0.00783982 0.21501 60.0359 0.00540979 0.999915 0.0118881 -0.119539 -0.215084 -0.0104466 0.97654 95.5115
0.975652 -0.00565663 0.219251 60.1897 0.00416141 0.999965 0.00728089 -0.114559 -0.219284 -0.00619122 0.975641 96.0281
0.974411 0.00377768 0.224743 60.2623 -0.00530751 0.999967 0.00620326 -0.107933 -0.224712 -0.00723735 0.974398 96.6234
0.973901 0.00832128 0.226819 60.4048 -0.0107589 0.999897 0.00951292 -0.106299 -0.226716 -0.011705 0.97389 97.1258
0.971824 0.00194689 0.235701 60.5576 -0.00514074 0.999903 0.0129367 -0.105873 -0.235653 -0.0137838 0.971739 97.9109
0.971423 -0.0056042 0.237288 60.7072 0.000827541 0.999795 0.020225 -0.106268 -0.237353 -0.0194507 0.971229 98.3976
0.970133 -0.00653507 0.242487 60.8412 0.000561738 0.999695 0.0246945 -0.0919796 -0.242575 -0.0238208 0.96984 99.0983
0.969659 -0.008459 0.244317 61.0038 0.00204741 0.999647 0.026485 -0.0827955 -0.244454 -0.0251812 0.969334 99.71
0.969295 -0.0120441 0.245605 61.1656 0.00639309 0.999696 0.0237928 -0.0692179 -0.245817 -0.0214921 0.969078 100.397
0.969237 -0.011327 0.245868 61.365 0.00701732 0.999806 0.0183975 -0.0640059 -0.246028 -0.0161062 0.969129 101.106
0.969153 -0.00499478 0.246411 61.5313 0.00230114 0.999934 0.0112182 -0.0572027 -0.246451 -0.0103052 0.969101 101.779
0.969847 0.00137098 0.24371 61.6914 -0.00327958 0.999967 0.00742586 -0.0465458 -0.243692 -0.00800122 0.96982 102.447
0.970636 0.000741123 0.240552 61.8858 -0.00361645 0.999927 0.0115118 -0.0336426 -0.240526 -0.0120437 0.970568 103.111
0.97099 -0.00369817 0.239091 62.0148 -0.000966515 0.999812 0.0193899 -0.0281891 -0.239118 -0.0190585 0.970804 103.695
0.972103 -0.00291995 0.234537 62.1989 -0.00322581 0.999662 0.0258159 -0.0326624 -0.234533 -0.0258523 0.971764 104.438
0.97197 0.00323481 0.235085 62.3463 -0.00883208 0.999702 0.0227606 -0.0160149 -0.234941 -0.0241989 0.971708 105.164
0.972954 0.00386405 0.230966 62.5174 -0.00835521 0.999795 0.0184702 -0.00690887 -0.230847 -0.0199004 0.972786 105.927
0.973641 0.00208097 0.228074 62.6855 -0.00512152 0.999906 0.0127404 0.0043826 -0.228026 -0.0135726 0.97356 106.672
0.974526 -0.0048231 0.224224 62.8491 0.002495 0.99994 0.0106651 0.0108299 -0.224262 -0.00983396 0.974479 107.428
0.97537 -0.00529555 0.220511 62.9954 0.00268427 0.999923 0.0121399 0.00966248 -0.220558 -0.011249 0.975309 108.183
0.976251 -0.00881839 0.216464 63.1738 0.00555635 0.999862 0.0156736 0.0119639 -0.216572 -0.0140987 0.976165 108.93
0.976071 -0.00433107 0.217409 63.3265 0.000774741 0.999865 0.0164403 0.0184508 -0.217451 -0.0158785 0.975942 109.681
0.976881 -0.0052607 0.21372 63.5074 0.000848368 0.999785 0.0207319 0.0213808 -0.213783 -0.0200712 0.976675 110.447
0.976221 -0.00801594 0.21663 63.6496 0.00365013 0.999782 0.0205459 0.0474527 -0.216748 -0.0192666 0.976038 111.244
0.976711 -0.00378057 0.214526 63.8346 -0.00125902 0.999727 0.0233502 0.0398149 -0.214556 -0.0230765 0.976439 112.007
0.976127 0.00506154 0.21714 63.991 -0.00931852 0.999784 0.0185853 0.0546947 -0.216999 -0.0201651 0.975964 112.821
0.976309 0.00744663 0.216254 64.164 -0.0109993 0.999824 0.0152295 0.0648721 -0.216103 -0.0172473 0.976218 113.639
0.975852 0.0119951 0.218101 64.3104 -0.0147902 0.999828 0.0111874 0.0723266 -0.21793 -0.014143 0.975862 114.389
0.975021 0.0158215 0.221547 64.4708 -0.0186294 0.99977 0.0105898 0.0779485 -0.221329 -0.0144525 0.975092 115.217
0.974612 0.00792577 0.223761 64.6509 -0.011106 0.999854 0.0129578 0.075088 -0.223626 -0.0151139 0.974558 116.08
0.974369 0.00364445 0.224926 64.8456 -0.00632527 0.999917 0.0111992 0.0782059 -0.224867 -0.0123349 0.974311 116.893
0.973215 -0.00244041 0.229883 65.0384 0.000358401 0.999959 0.00909813 0.0813879 -0.229896 -0.00877205 0.973176 117.787
0.972989 -0.00777341 0.230722 65.2367 0.00529087 0.999921 0.0113766 0.082457 -0.230793 -0.0098486 0.972953 118.614
0.972904 -0.0137032 0.230804 65.4362 0.0111991 0.999863 0.012156 0.0789105 -0.230939 -0.00924185 0.972924 119.411
0.972981 -0.011647 0.230591 65.6386 0.00884901 0.999874 0.0131643 0.0740051 -0.230715 -0.0107682 0.972962 120.259
0.972514 0.000714806 0.232841 65.8202 -0.00408182 0.999894 0.013979 0.0863696 -0.232807 -0.0145452 0.972414 121.066
0.97225 0.00340608 0.233921 66.012 -0.00841272 0.999756 0.0204086 0.0844976 -0.233795 -0.0218102 0.972041 121.898
0.971644 0.00634842 0.236362 66.2173 -0.0118218 0.999694 0.0217468 0.0890698 -0.236151 -0.0239243 0.971422 122.764
0.971493 -0.000177451 0.23707 66.4327 -0.00401981 0.999844 0.0172213 0.0867454 -0.237036 -0.0176833 0.97134 123.676
0.971424 -0.0131794 0.236986 66.6508 0.0124585 0.999912 0.0045392 0.0861083 -0.237024 -0.00145699 0.971503 124.544
0.971369 -0.0139325 0.237165 66.8473 0.0150702 0.999882 -0.00298478 0.0829568 -0.237096 0.00647345 0.971465 125.334
0.9717 -0.00663363 0.236127 67.0304 0.00534344 0.999967 0.00610351 0.0873305 -0.23616 -0.00466905 0.971703 126.11
0.971934 -0.00118223 0.235249 67.206 -0.00507398 0.999649 0.0259869 0.0917444 -0.235198 -0.0264512 0.971588 126.863
0.972474 -0.00346758 0.232985 67.4119 -0.006561 0.999085 0.0422552 0.0869484 -0.232918 -0.0426207 0.971562 127.7
0.972481 0.000150781 0.232983 67.6091 -0.00843507 0.999367 0.0345616 0.112604 -0.23283 -0.0355757 0.971867 128.593
0.972706 0.00339654 0.232015 67.8488 -0.00797695 0.999791 0.0188066 0.118084 -0.231902 -0.020144 0.97253 129.667
0.972857 -0.000883739 0.231407 68.0579 -0.0016354 0.999941 0.0106941 0.14078 -0.231403 -0.0107823 0.972798 130.693
0.973292 -0.00710062 0.22946 68.22 0.00468645 0.999928 0.0110644 0.142596 -0.229522 -0.00969352 0.973255 131.442
0.973442 -0.00481567 0.228884 68.417 0.00236491 0.999937 0.0109805 0.140916 -0.228923 -0.0101476 0.973392 132.418
0.974072 -0.00233869 0.226226 68.5966 8.38294e-005 0.99995 0.00997635 0.149432 -0.226239 -0.00969871 0.974024 133.196
0.974485 -0.000540406 0.224454 68.7788 -0.00106013 0.999975 0.00701024 0.142457 -0.224452 -0.00706932 0.97446 134.016
0.975288 0.00493464 0.220883 68.9278 -0.00632863 0.999964 0.00560375 0.151582 -0.220847 -0.00686315 0.975284 134.897
0.975333 0.0141603 0.220285 69.1 -0.0153348 0.999876 0.00362273 0.141094 -0.220206 -0.0069114 0.975429 135.753
0.975253 0.0110515 0.220816 69.2908 -0.0119659 0.999924 0.00280348 0.144582 -0.220768 -0.00537636 0.975311 136.593
0.976245 -0.00027057 0.216669 69.4906 -0.00212342 0.999939 0.0108162 0.124375 -0.216659 -0.0110193 0.976185 137.415
0.976442 -0.00324786 0.215757 69.6891 0.00131104 0.999958 0.00911939 0.123398 -0.215777 -0.00862169 0.976405 138.262
0.97756 -0.00528037 0.210591 69.8784 0.00391874 0.999969 0.00688253 0.127903 -0.210621 -0.00590284 0.97755 139.094
0.978399 -0.00751647 0.206589 70.0582 0.00676458 0.999968 0.00434565 0.12588 -0.206615 -0.00285429 0.978418 139.937
0.979704 -0.00785967 0.200293 70.2011 0.00723439 0.999966 0.00385358 0.118252 -0.200317 -0.00232637 0.979728 140.642
0.980746 -0.000924668 0.195288 70.3234 -0.000685255 0.999966 0.00817613 0.119081 -0.195289 -0.00815252 0.980712 141.406
0.982392 -0.00251998 0.186817 70.4745 -0.000909325 0.999833 0.0182685 0.115076 -0.186832 -0.0181167 0.982225 142.173
0.983011 -0.00381267 0.183504 70.6081 -0.00119803 0.99963 0.027187 0.120479 -0.18354 -0.026945 0.982643 142.915
0.983739 0.00540179 0.179522 70.7524 -0.0106308 0.999546 0.0281781 0.129529 -0.179288 -0.0296283 0.98335 143.751
0.984532 0.00712068 0.175058 70.8549 -0.011294 0.999675 0.0228551 0.14572 -0.174839 -0.0244787 0.984293 144.573
0.985808 -0.000329381 0.167878 71.0049 -0.00192395 0.99991 0.0132596 0.141019 -0.167867 -0.0133944 0.985719 145.375
0.986488 -0.00614106 0.163717 71.1204 0.00500968 0.999961 0.00732261 0.156239 -0.163755 -0.00640351 0.98648 146.154
0.987705 -0.00464816 0.156263 71.2289 0.00334602 0.999957 0.00859502 0.161945 -0.156296 -0.00796648 0.987678 146.893
0.988968 0.00522619 0.148039 71.3391 -0.00685197 0.999922 0.0104742 0.15497 -0.147972 -0.011373 0.988926 147.636
0.98993 0.0124345 0.141009 71.41 -0.0136339 0.999879 0.00754296 0.157157 -0.140898 -0.00938952 0.98998 148.408
0.991482 0.00642728 0.130088 71.5152 -0.00672904 0.999976 0.00188022 0.151926 -0.130073 -0.00273958 0.991501 149.172
0.992435 -0.000627622 0.12277 71.5985 0.000785095 0.999999 -0.0012343 0.149056 -0.122769 0.00132135 0.992434 149.913
0.993461 -0.00155465 0.114164 71.6864 0.00140477 0.999998 0.00139332 0.144512 -0.114166 -0.00122384 0.993461 150.647
0.99422 0.00495418 0.10725 71.7551 -0.00579866 0.999955 0.00756357 0.138099 -0.107207 -0.00814176 0.994203 151.391
0.995228 0.00529818 0.0974323 71.82 -0.00661273 0.999891 0.013174 0.134095 -0.0973519 -0.0137554 0.995155 152.164
0.995872 0.00323511 0.0907126 71.8814 -0.00470696 0.999861 0.0160161 0.133146 -0.0906481 -0.016377 0.995748 152.934
0.996485 -0.0004757 0.0837705 71.9542 -0.00100178 0.999845 0.0175943 0.1369 -0.0837659 -0.0176164 0.99633 153.775
0.996788 -0.00147671 0.0800754 72.0144 0.000223538 0.999877 0.0156566 0.140117 -0.0800887 -0.0155884 0.996666 154.604
0.997093 0.00358589 0.0761139 72.0656 -0.00434587 0.999942 0.00982144 0.139301 -0.0760743 -0.0101237 0.997051 155.436
0.997364 0.00889301 0.0720085 72.1126 -0.0091068 0.999955 0.00264127 0.135079 -0.0719818 -0.00329008 0.997401 156.251
0.997574 0.00630385 0.0693347 72.1516 -0.00631567 0.99998 -4.87557e-005 0.130516 -0.0693336 -0.000389257 0.997593 157.055
0.997836 0.00318032 0.0656819 72.2027 -0.00358975 0.999975 0.00611653 0.131101 -0.0656608 -0.00633907 0.997822 157.837
0.997928 0.00517888 0.0641393 72.2348 -0.00622955 0.999849 0.0161918 0.125568 -0.0640458 -0.0165578 0.99781 158.675
0.998238 0.00375011 0.0592208 72.2768 -0.00511593 0.999724 0.0229283 0.127979 -0.0591185 -0.0231909 0.997982 159.521
0.998539 -0.00332293 0.0539361 72.342 0.0022445 0.999797 0.020043 0.126484 -0.0539917 -0.0198926 0.998343 160.428
0.998633 -0.0170622 0.0494137 72.3952 0.0165625 0.999808 0.0105045 0.127585 -0.0495834 -0.00967174 0.998723 161.308
0.998964 -0.0169807 0.042215 72.4272 0.0167594 0.999844 0.0055893 0.139553 -0.0423033 -0.00487601 0.999093 162.23
0.999356 0.00151281 0.0358636 72.4427 -0.00174038 0.999979 0.00631502 0.137677 -0.0358533 -0.00637337 0.999337 163.034
0.999607 0.00194558 0.0279504 72.4544 -0.00229291 0.99992 0.0123998 0.136807 -0.0279241 -0.0124591 0.999532 163.841
0.999766 -0.00496159 0.0210611 72.4678 0.00462339 0.99986 0.0160764 0.133188 -0.0211379 -0.0159753 0.999649 164.674
0.999793 -0.0144942 0.0142912 72.4874 0.014204 0.999695 0.0201996 0.141066 -0.0145796 -0.0199925 0.999694 165.526
0.999885 -0.0127657 0.00824326 72.4946 0.012601 0.999726 0.019732 0.147404 -0.00849289 -0.0196259 0.999771 166.382
0.999958 -0.0090657 0.0015323 72.5055 0.0090451 0.999875 0.0129566 0.147313 -0.00164956 -0.0129422 0.999915 167.221
0.999907 -0.0126387 -0.00506857 72.5042 0.0126523 0.999916 0.00266426 0.15023 0.00503447 -0.00272814 0.999984 168.043
0.999727 -0.0194963 -0.0128832 72.5079 0.0194741 0.999809 -0.00184851 0.150284 0.0129168 0.00159712 0.999915 168.891
0.999807 -0.00597248 -0.0186957 72.4831 0.00608239 0.999965 0.00582764 0.144483 0.0186602 -0.00594023 0.999808 169.671
0.999612 0.0146474 -0.0237046 72.4507 -0.0141951 0.999716 0.0191372 0.144838 0.0239782 -0.0187933 0.999536 170.411
0.999484 0.015285 -0.0282672 72.4124 -0.0145271 0.999535 0.0268254 0.142953 0.0286641 -0.0264009 0.99924 171.263
0.999475 0.00527479 -0.0319705 72.4121 -0.00450868 0.999702 0.0239878 0.145617 0.0320875 -0.023831 0.999201 171.357
0.999423 0.00225301 -0.0338954 72.3495 -0.00181518 0.999915 0.0129423 0.156649 0.0339217 -0.0128733 0.999342 172.734
0.999253 0.0145453 -0.0357995 72.3116 -0.0143708 0.999884 0.00512898 0.151499 0.03587 -0.00461068 0.999346 173.187
0.9992 0.00959701 -0.0388114 72.2673 -0.00958721 0.999954 0.000438737 0.153288 0.0388138 -6.62931e-005 0.999246 174.218
0.999098 -0.00721337 -0.0418524 72.2554 0.00746237 0.999955 0.00579632 0.14501 0.0418087 -0.00610341 0.999107 174.9
0.999106 -0.00581616 -0.0418827 72.2351 0.00638928 0.999888 0.0135632 0.144884 0.0417991 -0.0138186 0.99903 175.224
0.999122 -5.45054e-005 -0.0418908 72.1675 0.000887729 0.999802 0.019872 0.140649 0.0418814 -0.0198918 0.998925 176.33
0.999043 0.000773224 -0.0437253 72.157 4.29279e-005 0.999826 0.0186614 0.140185 0.0437321 -0.0186454 0.998869 177.075
0.99901 -0.00374426 -0.0443362 72.0985 0.00417283 0.999945 0.0095779 0.142824 0.044298 -0.00975342 0.998971 178.022
0.998761 -0.0120772 -0.0482703 72.0781 0.0119829 0.999926 -0.00224305 0.13487 0.0482938 0.00166185 0.998832 178.861
0.99856 -0.0205058 -0.0495704 72.0496 0.020167 0.99977 -0.00732466 0.129014 0.0497092 0.00631442 0.998744 179.697
0.998674 -0.00773086 -0.0509063 71.9992 0.00759685 0.999967 -0.0028255 0.124146 0.0509265 0.00243503 0.998699 180.462
0.99862 0.00660867 -0.0520912 71.952 -0.00615414 0.999942 0.00888115 0.11223 0.0521468 -0.00854832 0.998603 181.241
0.998573 0.00548823 -0.0531232 71.8999 -0.00484426 0.999913 0.0122433 0.101861 0.0531858 -0.0119685 0.998513 182.077
0.998469 -0.000976084 -0.0553123 71.861 0.00148268 0.999957 0.00911854 0.0936074 0.055301 -0.00918659 0.998427 183.073
0.99858 0.00123816 -0.0532634 71.7753 -0.00108705 0.999995 0.00286588 0.0915016 0.0532667 -0.0028039 0.998576 183.928
0.998395 0.00717186 -0.0561814 71.7313 -0.00705639 0.999973 0.00225347 0.089203 0.056196 -0.00185341 0.998418 184.813
0.998652 0.00918078 -0.0510814 71.6584 -0.00887169 0.999941 0.00627455 0.0792303 0.051136 -0.00581292 0.998675 185.666
