0.999993 -0.00137303 -0.00338692 -0.00778266 0.00136543 0.999997 -0.0022434 -0.00153794 0.00338999 0.00223876 0.999992 0.860406
0.999975 -0.00228074 -0.00671158 -0.019736 0.00225553 0.99999 -0.003761 -0.000261646 0.00672009 0.00374576 0.99997 1.71963
0.999942 0.00111478 -0.0106823 -0.0431435 -0.00117755 0.999982 -0.00587245 -0.00219501 0.0106756 0.00588469 0.999926 2.57977
0.99987 0.000653044 -0.0161187 -0.0586402 -0.000751308 0.999981 -0.006091 -0.009461 0.0161144 0.00610232 0.999852 3.43903
0.999786 -0.000806301 -0.0206675 -0.0813178 0.000674418 0.999979 -0.00638733 -0.0229434 0.0206722 0.00637203 0.999766 4.29901
0.999717 0.00125707 -0.0237747 -0.117482 -0.00142484 0.999974 -0.00704118 -0.0411409 0.0237652 0.00707306 0.999693 5.15751
0.999553 0.00381736 -0.0296613 -0.141397 -0.00407179 0.999955 -0.00852211 -0.0442486 0.0296274 0.00863907 0.999524 6.01774
0.999387 0.000710383 -0.0349906 -0.1717 -0.000956175 0.999975 -0.00700828 -0.0485538 0.0349847 0.00703745 0.999363 6.87655
0.99925 -0.000604765 -0.0387073 -0.212749 0.000478475 0.999995 -0.00327188 -0.0673752 0.0387091 0.00325091 0.999245 7.73578
0.999089 -0.00149906 -0.0426424 -0.248649 0.00144765 0.999998 -0.00123636 -0.0790598 0.0426442 0.0011735 0.99909 8.59549
0.999046 0.00166994 -0.0436315 -0.316956 -0.00173541 0.999997 -0.00146257 -0.0859029 0.0436289 0.0015369 0.999047 9.45212
0.998868 0.00222057 -0.0475061 -0.347056 -0.0022879 0.999996 -0.001363 -0.0996724 0.0475029 0.00147015 0.99887 10.3121
0.998808 -0.00458104 -0.0485991 -0.393625 0.00444525 0.999986 -0.00290193 -0.0978275 0.0486117 0.00268244 0.998814 11.1712
0.998841 -0.000339482 -0.0481203 -0.452594 0.000261896 0.999999 -0.00161861 -0.109285 0.0481208 0.00160414 0.99884 12.0287
0.998622 -0.00261308 -0.052417 -0.487565 0.00248173 0.999994 -0.00257076 -0.11661 0.0524234 0.00243713 0.998622 12.8839
0.998675 0.00150159 -0.0514358 -0.546542 -0.00172053 0.99999 -0.00421262 -0.129444 0.0514289 0.00429553 0.998667 13.7455
0.99848 0.0032479 -0.0550174 -0.603281 -0.00364026 0.999969 -0.00703275 -0.134399 0.0549929 0.00722234 0.998461 14.6142
0.998392 0.00346781 -0.0565879 -0.659813 -0.0039292 0.99996 -0.00804438 -0.150629 0.0565577 0.00825379 0.998365 15.4939
0.998467 0.00614765 -0.0550007 -0.72083 -0.00663739 0.99994 -0.00872596 -0.158903 0.0549438 0.00907765 0.998448 16.3836
0.99829 0.00337406 -0.0583531 -0.76126 -0.00374337 0.999974 -0.0062207 -0.179202 0.0583306 0.0064285 0.998277 17.2841
0.998374 0.00182875 -0.0569769 -0.835657 -0.0021399 0.999983 -0.00540042 -0.190728 0.0569661 0.00551356 0.998361 18.1874
0.998301 -0.00465996 -0.0580734 -0.901311 0.00435255 0.999976 -0.00541887 -0.19606 0.0580973 0.0051569 0.998298 19.0979
0.998162 -0.000951201 -0.0605901 -0.960548 0.000570691 0.99998 -0.00629705 -0.207881 0.0605949 0.0062509 0.998143 20.0111
0.99824 -0.000709909 -0.0592909 -1.02609 0.000284152 0.999974 -0.00718893 -0.223417 0.0592945 0.00715943 0.998215 20.9271
0.997977 -0.00396682 -0.0634584 -1.06553 0.00359196 0.999975 -0.00602018 -0.23208 0.0634807 0.00578006 0.997966 21.855
0.998253 0.00240458 -0.0590348 -1.15332 -0.0025644 0.999993 -0.00263157 -0.245639 0.0590281 0.00277836 0.998252 22.7873
0.998136 0.00452874 -0.0608628 -1.2023 -0.00445265 0.999989 0.00138587 -0.258336 0.0608684 -0.00111229 0.998145 23.7234
0.998326 0.000213538 -0.0578345 -1.26224 9.75456e-006 0.999993 0.00386059 -0.25998 0.0578349 -0.00385469 0.998319 24.6655
0.998527 0.00237256 -0.0542074 -1.32536 -0.00212286 0.999987 0.0046635 -0.275866 0.0542178 -0.00454156 0.998519 25.6098
0.998515 0.0018749 -0.054452 -1.38373 -0.00175868 0.999996 0.00218227 -0.28154 0.0544559 -0.00208327 0.998514 26.5575
0.998531 0.00463602 -0.0539917 -1.43864 -0.00478994 0.999985 -0.00272171 -0.29516 0.0539782 0.00297633 0.998538 27.5091
0.998745 0.00303972 -0.0499996 -1.51969 -0.00334699 0.999976 -0.00606293 -0.298676 0.04998 0.00622267 0.998731 28.4658
0.998661 -0.00405719 -0.0515675 -1.54954 0.00381965 0.999982 -0.00470399 -0.317384 0.0515856 0.00450072 0.998658 29.4354
0.998672 -0.00516324 -0.0512612 -1.60621 0.00517842 0.999987 0.000163464 -0.327998 0.0512596 -0.000428699 0.998685 30.4107
0.998588 -0.00597496 -0.0527923 -1.64639 0.00616926 0.999975 0.00351821 -0.348772 0.0527699 -0.00383893 0.998599 31.3906
0.998407 -0.014011 -0.054655 -1.68773 0.0141719 0.999896 0.00255839 -0.356553 0.0546135 -0.00332889 0.998502 32.3702
0.998509 -0.007605 -0.054051 -1.74646 0.00753612 0.999971 -0.00147815 -0.362254 0.0540606 0.00106861 0.998537 33.3491
0.99836 -0.00125211 -0.0572305 -1.7995 0.000945518 0.999985 -0.00538387 -0.37419 0.0572364 0.00532093 0.998346 34.3333
0.998298 0.00161689 -0.0582952 -1.86507 -0.001959 0.999981 -0.00581188 -0.391257 0.0582847 0.00591619 0.998282 35.3444
0.99824 0.00117577 -0.0592934 -1.91716 -0.00145173 0.999988 -0.0046113 -0.412566 0.0592873 0.00468926 0.99823 36.4033
0.998239 0.00401018 -0.0591907 -2.00352 -0.00412297 0.99999 -0.00178347 -0.431883 0.0591829 0.00202437 0.998245 37.4444
0.998173 0.00257097 -0.0603653 -2.06277 -0.00261227 0.999996 -0.000605237 -0.445102 0.0603635 0.000761822 0.998176 38.489
0.998126 0.000638379 -0.061187 -2.14474 -0.000498542 0.999997 0.00230064 -0.45537 0.0611883 -0.00226582 0.998124 39.5209
0.998064 0.00103387 -0.062187 -2.20177 -0.000702934 0.999985 0.00534329 -0.469442 0.0621916 -0.00528923 0.99805 40.5571
0.998109 0.00603979 -0.061174 -2.29016 -0.00554808 0.999951 0.00820454 -0.472926 0.0612206 -0.00784962 0.998093 41.5792
0.998026 0.00601882 -0.0625094 -2.33593 -0.00555206 0.999955 0.00763805 -0.486266 0.0625526 -0.00727592 0.998015 42.6032
0.998017 -0.00313824 -0.0628718 -2.39446 0.00348132 0.99998 0.00534788 -0.481242 0.0628537 -0.00555615 0.998007 43.6139
0.998075 0.00227203 -0.0619794 -2.4686 -0.00203499 0.99999 0.00388738 -0.496784 0.0619877 -0.00375377 0.99807 44.6191
0.997991 0.0011721 -0.0633495 -2.53192 -0.000976163 0.999995 0.00312387 -0.502332 0.0633528 -0.00305576 0.997987 45.6206
0.998005 -0.00153675 -0.0631222 -2.63157 0.00179621 0.99999 0.0040539 -0.510695 0.0631154 -0.0041592 0.997998 46.6176
0.997841 -0.0013934 -0.0656619 -2.67776 0.00174084 0.999985 0.00523448 -0.520965 0.0656536 -0.00533748 0.997828 47.6144
0.997912 0.00262894 -0.0645338 -2.76222 -0.00248983 0.999994 0.00223591 -0.532367 0.0645394 -0.00207057 0.997913 48.5998
0.997749 0.00309339 -0.0669899 -2.82902 -0.0032232 0.999993 -0.00182975 -0.546085 0.0669837 0.00204155 0.997752 49.5778
0.99787 0.000813952 -0.0652263 -2.90439 -0.00102241 0.999994 -0.00316265 -0.559801 0.0652234 0.0032226 0.997865 50.5594
0.997868 0.00011405 -0.0652596 -2.97121 -6.85655e-005 1 0.000699221 -0.581947 0.0652596 -0.000693256 0.997868 51.5403
0.997852 -0.00245405 -0.0654567 -3.03419 0.00268706 0.99999 0.00347192 -0.594706 0.0654475 -0.00364035 0.997849 52.5174
0.99778 -0.00464145 -0.066433 -3.09911 0.00495506 0.999977 0.00455665 -0.608406 0.0664103 -0.00487572 0.99778 53.4877
0.997843 -0.00350012 -0.06555 -3.16206 0.00369133 0.999989 0.00279618 -0.624468 0.0655395 -0.00303211 0.997845 54.451
0.997785 -0.00512451 -0.0663301 -3.22882 0.00522097 0.999986 0.00128096 -0.640633 0.0663226 -0.00162443 0.997797 55.4143
0.997663 -0.00512559 -0.068135 -3.29953 0.00529289 0.999983 0.00227501 -0.639771 0.0681222 -0.00263033 0.997674 56.3727
0.997591 -0.00633197 -0.0690773 -3.3546 0.00679552 0.999956 0.00647776 -0.656277 0.0690332 -0.00693157 0.99759 57.3354
0.997613 -0.00443919 -0.0689096 -3.42007 0.00518551 0.99993 0.0106553 -0.655086 0.0688575 -0.0109872 0.997566 58.2972
0.997653 0.00484096 -0.0682969 -3.51179 -0.00387302 0.99989 0.0142979 -0.664277 0.0683586 -0.0139998 0.997563 59.2471
0.997422 0.00383469 -0.0716499 -3.57559 -0.003161 0.99995 0.00951357 -0.672366 0.0716828 -0.00926256 0.997384 60.1887
0.997378 0.00502506 -0.0721929 -3.6543 -0.00489492 0.999986 0.00197946 -0.674452 0.0722018 -0.00162089 0.997389 61.1126
0.997258 0.0044091 -0.0738771 -3.72232 -0.00460939 0.999986 -0.00254079 -0.684986 0.0738649 0.00287435 0.997264 62.0276
0.997102 0.00353361 -0.0759964 -3.77351 -0.00369146 0.999991 -0.00193678 -0.695962 0.0759889 0.00221171 0.997106 62.9399
0.997014 0.00487197 -0.0770658 -3.85042 -0.00483904 0.999988 0.000614087 -0.710911 0.0770679 -0.000239329 0.997026 63.8382
0.996959 0.00525383 -0.0777452 -3.92373 -0.00509068 0.999984 0.0022965 -0.729333 0.0777561 -0.00189374 0.996971 64.7209
0.997141 0.0078481 -0.0751563 -4.03036 -0.0076608 0.999967 0.00278007 -0.743528 0.0751756 -0.00219636 0.997168 65.5858
0.996531 0.00107523 -0.0832193 -4.06481 -0.000787587 0.999994 0.00348924 -0.763223 0.0832225 -0.00341159 0.996525 66.4436
0.996554 -0.000789381 -0.0829435 -4.14869 0.00113163 0.999991 0.00407931 -0.783216 0.0829396 -0.00415911 0.996546 67.2852
0.996509 0.00153109 -0.0834751 -4.22091 -0.00112997 0.999988 0.00485231 -0.792258 0.0834814 -0.00474104 0.996498 68.1139
0.99649 0.00240992 -0.0836781 -4.30985 -0.00194405 0.999982 0.0056485 -0.798451 0.0836902 -0.005466 0.996477 68.9284
0.996313 0.00215618 -0.0857621 -4.38507 -0.00143521 0.999963 0.00846746 -0.8016 0.0857772 -0.00831316 0.99628 69.7326
0.996191 0.00433875 -0.0870932 -4.46232 -0.00321587 0.99991 0.0130291 -0.807008 0.0871419 -0.0126993 0.996115 70.5258
0.996133 0.00578515 -0.0876639 -4.55071 -0.00451318 0.999882 0.0147008 -0.810613 0.0877386 -0.0142483 0.996042 71.3002
0.995966 0.00676624 -0.0894715 -4.63413 -0.00582279 0.999925 0.0108015 -0.817113 0.0895379 -0.010237 0.995931 72.0521
0.995933 0.00377921 -0.0900148 -4.69463 -0.00346519 0.999987 0.00364454 -0.827867 0.0900275 -0.0033178 0.995934 72.7837
0.995858 -0.0012883 -0.0909179 -4.77073 0.00107388 0.999997 -0.00240718 -0.835546 0.0909207 0.00229957 0.995855 73.4956
0.995915 0.000648466 -0.0902944 -4.86361 -0.000871326 0.999997 -0.00242875 -0.850478 0.0902925 0.0024975 0.995912 74.1875
0.995799 0.00505595 -0.0914305 -4.92831 -0.00501 0.999987 0.000732053 -0.861443 0.091433 -0.00027091 0.995811 74.8645
0.995567 0.000399085 -0.0940524 -4.97846 -7.47984e-005 0.999994 0.00345144 -0.88136 0.0940532 -0.0034291 0.995561 75.5221
0.995497 -0.00264198 -0.0947525 -5.0407 0.00264894 0.999996 -5.23364e-005 -0.894967 0.0947523 -0.000198893 0.995501 76.1528
0.995604 -0.0107398 -0.0930459 -5.1002 0.0102023 0.999928 -0.00625071 -0.908551 0.0931064 0.00527395 0.995642 76.7638
0.995595 -0.0113239 -0.0930713 -5.15061 0.0103127 0.999883 -0.0113386 -0.917293 0.0931888 0.0103289 0.995595 77.3583
0.996077 -0.00220587 -0.0884636 -5.21601 0.0011697 0.99993 -0.0117631 -0.921067 0.0884833 0.0116135 0.99601 77.939
0.996518 0.00773381 -0.0830181 -5.29159 -0.00844439 0.999931 -0.00821155 -0.932415 0.0829488 0.008884 0.996514 78.5063
0.996776 0.00268366 -0.0801924 -5.33272 -0.00317599 0.999977 -0.00601238 -0.940737 0.0801744 0.00624769 0.996761 79.0621
0.997273 -0.00587272 -0.0735679 -5.3678 0.00577948 0.999982 -0.00148023 -0.955567 0.0735753 0.00105101 0.997289 79.6046
0.997799 -0.00817164 -0.0658123 -5.39221 0.00829171 0.999964 0.00155151 -0.967302 0.0657972 -0.00209379 0.997831 80.136
0.998497 -0.00119749 -0.0547915 -5.41849 0.0013131 0.999997 0.00207407 -0.979325 0.0547888 -0.0021429 0.998496 80.6478
0.999173 0.00713215 -0.0400381 -5.43856 -0.00708455 0.999974 0.00133073 -0.984122 0.0400466 -0.00104597 0.999197 81.1494
0.999716 0.00833794 -0.0223253 -5.43713 -0.008293 0.999963 0.00210492 -0.987736 0.022342 -0.00191918 0.999749 81.6376
0.999996 0.0029058 7.68628e-005 -5.4217 -0.00290602 0.999991 0.00301153 -0.993819 -6.81112e-005 -0.00301174 0.999995 82.1116
0.999673 -0.00635481 0.0247498 -5.39355 0.00624856 0.999971 0.00436803 -1.0002 -0.0247768 -0.00421196 0.999684 82.5711
0.998464 -0.00395264 0.0552592 -5.35084 0.0036106 0.999974 0.00628823 -1.00619 -0.0552826 -0.00607905 0.998452 83.024
0.996159 -0.00226474 0.0875351 -5.29185 0.00158217 0.999968 0.00786631 -1.01099 -0.0875501 -0.0076976 0.99613 83.4703
0.992019 0.00139275 0.126078 -5.22204 -0.00250788 0.999959 0.00868652 -1.01418 -0.12606 -0.00893338 0.991982 83.9023
0.985778 0.000621051 0.168052 -5.12909 -0.00213051 0.999959 0.00880195 -1.01632 -0.168039 -0.0090348 0.985739 84.3311
0.977517 -0.00462732 0.210808 -4.99056 0.00262116 0.999949 0.00979498 -1.02265 -0.210842 -0.00902219 0.977479 84.7408
0.964968 -0.00012599 0.262369 -4.85966 -0.00199254 0.999968 0.00780857 -1.02983 -0.262361 -0.0080578 0.964936 85.1315
0.950295 -0.000477717 0.311352 -4.69743 -0.00131218 0.999984 0.00553927 -1.03545 -0.31135 -0.00567249 0.950279 85.516
0.929805 -0.00168597 0.368047 -4.51735 3.43888e-005 0.99999 0.00449392 -1.03834 -0.368051 -0.00416581 0.929796 85.8688
0.905634 -0.00174138 0.424058 -4.30521 0.000569962 0.999996 0.00288922 -1.03769 -0.424061 -0.00237488 0.905631 86.2124
0.87718 -0.00271423 0.480154 -4.07127 0.00199917 0.999996 0.00200058 -1.03629 -0.480158 -0.00079496 0.877182 86.5327
0.843353 -0.00422245 0.537344 -3.83018 0.0037396 0.999991 0.00198868 -1.03855 -0.537347 0.00033229 0.843361 86.8242
0.807682 -0.00596933 0.589588 -3.55301 0.0047748 0.999982 0.00358336 -1.05367 -0.589599 -7.9052e-005 0.807696 87.0952
0.767091 -0.0027673 0.641533 -3.2827 0.000579579 0.999993 0.00362054 -1.05376 -0.641538 -0.00240547 0.767087 87.3517
0.725816 -0.00157702 0.687887 -2.98329 -0.00384871 0.999972 0.0063534 -1.0546 -0.687878 -0.00725888 0.72579 87.5997
0.68076 -0.00189056 0.732504 -2.66966 -0.00427708 0.999969 0.00655583 -1.05948 -0.732494 -0.00759593 0.680731 87.8199
0.635325 -0.00731329 0.77221 -2.34634 0.000805917 0.999961 0.00880716 -1.05858 -0.772244 -0.00497308 0.635306 88.0117
0.58824 -0.0125417 0.808589 -2.01305 0.00466563 0.999916 0.0121151 -1.05549 -0.808673 -0.00335404 0.588249 88.1948
0.542575 -0.00822166 0.839967 -1.6785 -0.00116064 0.999944 0.0105372 -1.06368 -0.840006 -0.00669214 0.542535 88.3551
0.495881 -0.00106732 0.86839 -1.33393 -0.00882385 0.999941 0.00626773 -1.06299 -0.868346 -0.0107706 0.495842 88.5158
0.450074 -0.00242446 0.892988 -0.980026 -0.00479808 0.999975 0.0051332 -1.06312 -0.892979 -0.00659494 0.450051 88.6572
0.407115 -0.00912062 0.913331 -0.621735 0.000891621 0.999954 0.0095882 -1.06298 -0.913376 -0.00308916 0.407105 88.7716
0.368108 -0.0242969 0.929466 -0.243928 0.00469648 0.999694 0.0242727 -1.05564 -0.929771 -0.00456975 0.368109 88.8627
0.333341 -0.0255166 0.942461 0.131353 -0.00460317 0.999578 0.0286911 -1.05422 -0.942795 -0.0139022 0.333083 88.9507
0.300685 -0.0205507 0.953502 0.504824 -0.0150423 0.999541 0.0262865 -1.04667 -0.953605 -0.0222468 0.300238 89.0471
0.269764 -0.00894128 0.962885 0.878206 -0.0169859 0.999757 0.0140425 -1.05055 -0.962777 -0.0201437 0.269547 89.1545
0.242336 -0.00534867 0.970178 1.26346 -0.0156675 0.999833 0.00942568 -1.05361 -0.970066 -0.0174845 0.242212 89.2365
0.216528 -0.00776295 0.976245 1.66222 -0.00643877 0.999935 0.00937943 -1.06349 -0.976255 -0.00831673 0.216464 89.301
0.192579 -0.0140258 0.981181 2.0697 -0.000752225 0.999895 0.014441 -1.06357 -0.981281 -0.0035191 0.192548 89.3571
0.172736 -0.0204975 0.984755 2.49165 0.0055233 0.999788 0.0198416 -1.05352 -0.984953 0.00201172 0.172813 89.3991
0.153556 -0.0212334 0.987912 2.91784 0.00381031 0.999774 0.0208961 -1.03737 -0.988133 0.000555538 0.153602 89.4505
0.136175 -0.0166948 0.990544 3.36505 -0.00938999 0.999791 0.0181416 -1.02704 -0.99064 -0.0117716 0.135989 89.5025
0.120952 -0.0131286 0.992572 3.83029 -0.0229856 0.999607 0.0160226 -1.02871 -0.992392 -0.0247528 0.120603 89.5572
0.106339 -0.0135478 0.994238 4.30376 -0.0241171 0.999578 0.0162 -1.02463 -0.994037 -0.0257008 0.105967 89.6006
0.0926877 -0.015853 0.995569 4.7903 -0.0197797 0.999647 0.0177594 -1.02342 -0.995499 -0.0213381 0.0923414 89.6356
0.081761 -0.0215155 0.99642 5.28782 -0.0171617 0.999588 0.0229922 -1.01686 -0.996504 -0.0189802 0.0813581 89.6623
0.0720209 -0.0249674 0.997091 5.80226 -0.0157438 0.999534 0.0261658 -1.00925 -0.997279 -0.0175824 0.0715943 89.6866
0.0637464 -0.0256721 0.997636 6.33197 -0.0191329 0.999454 0.0269415 -0.999526 -0.997783 -0.0208051 0.0632204 89.7169
0.0585306 -0.0280709 0.997891 6.87744 -0.0228016 0.999306 0.0294481 -0.988385 -0.998025 -0.0244771 0.05785 89.744
0.0529348 -0.0290323 0.998176 7.44094 -0.0240269 0.999251 0.0303378 -0.97522 -0.998309 -0.025589 0.0521976 89.7682
0.0469405 -0.0297585 0.998454 8.02424 -0.0259111 0.999184 0.0309984 -0.959673 -0.998562 -0.0273261 0.0461311 89.7969
0.0425847 -0.0326889 0.998558 8.62717 -0.0281546 0.999028 0.0339049 -0.947043 -0.998696 -0.0295578 0.041623 89.817
0.0404226 -0.0346958 0.99858 9.24628 -0.0289178 0.998938 0.0358788 -0.931874 -0.998764 -0.030327 0.0393764 89.828
0.035309 -0.0331398 0.998827 9.88512 -0.031691 0.99891 0.0342629 -0.909483 -0.998874 -0.0328636 0.0342203 89.8602
0.0338393 -0.034903 0.998818 10.5397 -0.0347245 0.998746 0.0360769 -0.889928 -0.998824 -0.0359042 0.0325848 89.8733
0.0297185 -0.0374249 0.998857 11.212 -0.0352742 0.998637 0.0384661 -0.874648 -0.998936 -0.036377 0.0283579 89.922
0.0335736 -0.0444654 0.998447 11.8983 -0.0355026 0.998326 0.0456538 -0.847178 -0.998805 -0.0369802 0.0319387 89.9275
0.0366059 -0.0437685 0.998371 12.6047 -0.0380048 0.998257 0.045157 -0.818552 -0.998607 -0.0395959 0.0348787 89.9476
0.0400007 -0.0469861 0.998094 13.3273 -0.041294 0.997963 0.0486348 -0.785912 -0.998346 -0.0431607 0.0379789 89.9678
0.0447555 -0.0460452 0.997936 14.0649 -0.0432118 0.997913 0.0479821 -0.757352 -0.998063 -0.0452701 0.0426724 90.0102
0.0492996 -0.0496241 0.99755 14.8234 -0.0487293 0.997456 0.0520276 -0.724874 -0.997595 -0.0511749 0.0467561 90.0312
0.0537238 -0.0460175 0.997495 15.5936 -0.0467876 0.997724 0.0485481 -0.695005 -0.997459 -0.0492786 0.0514485 90.0779
0.0577267 -0.0453645 0.997301 16.3789 -0.0527913 0.997431 0.0484261 -0.658144 -0.996936 -0.0554443 0.0551835 90.1337
0.0618792 -0.0433183 0.997143 17.1721 -0.0511482 0.997607 0.0465125 -0.621238 -0.996772 -0.0538803 0.0595155 90.1828
0.0643377 -0.0405162 0.997105 17.9719 -0.0457709 0.998004 0.043506 -0.59137 -0.996878 -0.0484375 0.0623548 90.2538
0.0691168 -0.0383976 0.996869 18.7767 -0.0391382 0.998385 0.0411696 -0.569301 -0.996841 -0.0418611 0.0675024 90.2863
0.0683619 -0.0334445 0.9971 19.5815 -0.0333721 0.998802 0.0357896 -0.542687 -0.997102 -0.035722 0.0671639 90.3866
0.0701943 -0.0317864 0.997027 20.3942 -0.0330958 0.998868 0.0341752 -0.502635 -0.996984 -0.0353963 0.0690628 90.4357
0.0687228 -0.0290848 0.997212 21.2098 -0.031607 0.99901 0.0313154 -0.492703 -0.997135 -0.033671 0.0677355 90.5339
0.0716734 -0.027059 0.997061 22.0282 -0.0362544 0.998901 0.0297151 -0.481603 -0.996769 -0.0382777 0.0706136 90.585
0.0703694 -0.0290139 0.997099 22.8468 -0.0334526 0.998946 0.0314285 -0.484151 -0.99696 -0.0355671 0.0693247 90.6257
0.0694634 -0.0251976 0.997266 23.6623 -0.0293745 0.999196 0.0272924 -0.472476 -0.997152 -0.03119 0.0686674 90.7059
0.0709649 -0.0253949 0.997155 24.4788 -0.0299394 0.999171 0.027577 -0.45972 -0.997029 -0.0318113 0.0701458 90.7477
0.0728143 -0.0235688 0.997067 25.2919 -0.0268671 0.999312 0.0255839 -0.46164 -0.996984 -0.0286512 0.072131 90.7827
0.0714811 -0.0239548 0.997154 26.1024 -0.0243981 0.99937 0.025757 -0.445432 -0.997144 -0.0261698 0.0708516 90.846
0.0690575 -0.0183004 0.997445 26.9127 -0.0242274 0.999506 0.0200156 -0.433916 -0.997318 -0.0255478 0.0685801 90.9135
0.0641628 -0.0174199 0.997787 27.7221 -0.0249992 0.999506 0.0190575 -0.425926 -0.997626 -0.0261667 0.0636956 90.9777
0.0588959 -0.0139732 0.998166 28.5327 -0.0219049 0.999643 0.0152863 -0.416093 -0.998024 -0.022765 0.0585688 91.048
0.0527387 -0.010975 0.998548 29.3443 -0.021081 0.999705 0.0121011 -0.417541 -0.998386 -0.0216885 0.0524917 91.0994
0.0444193 -0.0115196 0.998947 30.1504 -0.0169694 0.999781 0.0122837 -0.417461 -0.998869 -0.0174971 0.044214 91.1507
0.0349917 -0.0088665 0.999348 30.9526 -0.00933809 0.999914 0.00919849 -0.41875 -0.999344 -0.00965387 0.0349059 91.1817
0.0251017 -0.00903543 0.999644 31.7542 -0.00872819 0.999919 0.00925708 -0.4237 -0.999647 -0.00895745 0.0250208 91.1972
0.014465 -0.0101182 0.999844 32.5523 -0.00955076 0.999902 0.010257 -0.424885 -0.99985 -0.00969764 0.014367 91.2141
0.00412356 -0.00791183 0.99996 33.3451 -0.0113673 0.999904 0.00795826 -0.427816 -0.999927 -0.0113997 0.00403323 91.2178
-0.0067731 -0.00966317 0.99993 34.1372 -0.0113147 0.99989 0.00958613 -0.424932 -0.999913 -0.011249 -0.00688169 91.2187
-0.0182378 -0.00982888 0.999785 34.9246 -0.00808936 0.99992 0.00968265 -0.433577 -0.999801 -0.00791103 -0.0183158 91.1985
-0.0285627 -0.00615391 0.999573 35.7038 -0.00651686 0.999961 0.00597008 -0.45073 -0.999571 -0.00634355 -0.0286017 91.1631
-0.0400967 -0.0102969 0.999143 36.4804 -0.00643527 0.999929 0.0100467 -0.444122 -0.999175 -0.00602692 -0.0401601 91.1507
-0.0495854 -0.00773448 0.99874 37.2486 -0.0054867 0.999957 0.0074715 -0.465209 -0.998755 -0.00510931 -0.0496257 91.1009
-0.0598482 -0.0102889 0.998154 38.0089 -0.00579232 0.999934 0.00995998 -0.447099 -0.998191 -0.00518555 -0.0599038 91.053
-0.0687441 -0.0102893 0.997581 38.762 -0.00716603 0.999926 0.00981969 -0.458994 -0.997609 -0.00647365 -0.0688128 91.0001
-0.0786602 -0.0116421 0.996834 39.5069 -0.00867634 0.999902 0.0109933 -0.455985 -0.996864 -0.00778414 -0.0787535 90.9385
-0.0867929 -0.0121041 0.996153 40.2414 -0.0108103 0.999879 0.0112075 -0.470884 -0.996168 -0.00979601 -0.0869132 90.845
-0.0937929 -0.0141456 0.995491 40.9695 -0.0138596 0.999821 0.0129013 -0.468043 -0.995495 -0.0125871 -0.0939721 90.7612
-0.0992946 -0.0182821 0.99489 41.6918 -0.0177152 0.999705 0.0166026 -0.464506 -0.9949 -0.0159761 -0.0995892 90.709
-0.101434 -0.0204911 0.994631 42.4046 -0.0207615 0.999614 0.0184765 -0.47166 -0.994626 -0.0187759 -0.10182 90.6192
-0.105774 -0.0222115 0.994142 43.105 -0.0217433 0.999563 0.0200192 -0.477491 -0.994152 -0.0194984 -0.106211 90.532
-0.111133 -0.0223527 0.993554 43.7956 -0.0259913 0.99947 0.0195786 -0.50285 -0.993466 -0.0236479 -0.111655 90.5128
-0.107938 -0.0239428 0.993869 44.4688 -0.0232201 0.999498 0.0215566 -0.471669 -0.993886 -0.0207509 -0.10844 90.4254
-0.107363 -0.0246563 0.993914 45.1242 -0.0238702 0.999468 0.0222156 -0.500049 -0.993933 -0.0213398 -0.107894 90.3543
-0.103295 -0.0265163 0.994297 45.7614 -0.0213892 0.999473 0.0244323 -0.4653 -0.994421 -0.0187435 -0.103808 90.2593
-0.0985886 -0.0262506 0.994782 46.3845 -0.0231678 0.999442 0.0240775 -0.480141 -0.994859 -0.0206731 -0.0991417 90.2175
-0.0900159 -0.0267699 0.99558 46.9872 -0.0256788 0.999369 0.02455 -0.469408 -0.995609 -0.0233554 -0.0906465 90.1664
-0.079388 -0.0242786 0.996548 47.5712 -0.0252427 0.999432 0.022338 -0.471038 -0.996524 -0.0233822 -0.0799558 90.1297
-0.0653974 -0.0254035 0.997536 48.1349 -0.0259366 0.999381 0.0237502 -0.468732 -0.997522 -0.0243194 -0.0660158 90.1029
-0.0479377 -0.022449 0.998598 48.6782 -0.0226018 0.999516 0.0213846 -0.46558 -0.998595 -0.0215449 -0.0484219 90.0812
-0.027284 -0.0213401 0.9994 49.214 -0.0206297 0.999571 0.0207805 -0.462681 -0.999415 -0.0200504 -0.0277125 90.0842
-0.00251412 -0.0194489 0.999808 49.7418 -0.0178426 0.999653 0.019401 -0.46297 -0.999838 -0.0177904 -0.00286026 90.103
0.0252528 -0.0187881 0.999505 50.2644 -0.0166728 0.999676 0.0192125 -0.453242 -0.999542 -0.0171497 0.0249314 90.1403
0.0572494 -0.0175748 0.998205 50.786 -0.0185675 0.999653 0.0186651 -0.444875 -0.998187 -0.0196027 0.0569032 90.2012
0.0965464 -0.0165468 0.995191 51.3032 -0.0211833 0.999601 0.0186752 -0.435745 -0.995103 -0.0228845 0.0961574 90.2707
0.137565 -0.0150234 0.990379 51.8073 -0.0229227 0.999569 0.0183468 -0.429296 -0.990227 -0.025226 0.137161 90.3726
0.182059 -0.0117022 0.983218 52.3046 -0.0253978 0.99954 0.0165992 -0.422683 -0.98296 -0.0279936 0.181678 90.5016
0.230901 -0.0103191 0.972923 52.7984 -0.0256351 0.999532 0.0166852 -0.428739 -0.972639 -0.0287936 0.230529 90.6522
0.279523 -0.00709364 0.960113 53.2612 -0.0207815 0.999694 0.0134363 -0.419934 -0.959914 -0.0237083 0.27929 90.8353
0.335393 -0.0132675 0.941985 53.7217 -0.0134887 0.999731 0.0188835 -0.422109 -0.941982 -0.0190396 0.335124 91.0253
0.392833 -0.00498518 0.919596 54.1584 -0.0070365 0.99994 0.00842658 -0.412389 -0.919583 -0.00978097 0.392774 91.2582
0.449813 -0.00951904 0.893072 54.5512 -0.00365522 0.999915 0.0124989 -0.420548 -0.893115 -0.00888652 0.44974 91.5084
0.509065 -0.0114832 0.860651 54.9413 0.00342087 0.99993 0.0113181 -0.418961 -0.860721 -0.00281749 0.509069 91.7876
0.568368 -0.00617809 0.822751 55.2971 -0.000176943 0.999971 0.00763108 -0.42093 -0.822775 -0.00448284 0.56835 92.0724
0.623287 -0.00313138 0.781987 55.6398 -0.00312951 0.999974 0.00649867 -0.410873 -0.781987 -0.00649777 0.623261 92.4041
0.674601 -0.00379094 0.738173 55.9603 -0.00122037 0.99998 0.00625074 -0.417508 -0.738182 -0.0051176 0.674582 92.7568
0.723244 -0.00208284 0.690589 56.2418 -0.00183923 0.999986 0.0049422 -0.422511 -0.69059 -0.00484457 0.72323 93.1109
0.768193 -0.00262519 0.640213 56.5083 -0.00541248 0.999929 0.0105947 -0.418403 -0.640195 -0.0116039 0.768125 93.5072
0.809998 -0.0011698 0.586431 56.7482 -0.00973993 0.999833 0.0154476 -0.411298 -0.586351 -0.0182243 0.809852 93.9202
0.846306 -0.00296386 0.532689 56.9577 -0.0107195 0.999687 0.0225928 -0.409739 -0.532589 -0.0248306 0.846009 94.3264
0.877469 -0.00302118 0.479623 57.1498 -0.0115186 0.999559 0.0273696 -0.399234 -0.479494 -0.0295406 0.877048 94.7677
0.902738 0.00355209 0.430175 57.3112 -0.0168546 0.99949 0.0271169 -0.384399 -0.429859 -0.0317299 0.902338 95.2218
0.923212 0.00473049 0.384262 57.4487 -0.017833 0.999374 0.0305419 -0.387995 -0.383877 -0.0350492 0.922719 95.6715
0.938444 0.00855666 0.345325 57.5726 -0.0193279 0.999428 0.0277605 -0.375445 -0.34489 -0.0327261 0.938072 96.1462
0.95062 0.00689654 0.310279 57.6875 -0.0158309 0.999529 0.0262857 -0.366376 -0.309952 -0.0298997 0.950282 96.6115
0.960005 0.00352579 0.279962 57.8004 -0.0106142 0.99966 0.0238071 -0.355992 -0.279783 -0.0258265 0.959716 97.0899
0.966192 -0.00695851 0.257728 57.919 0.000287475 0.999664 0.0259126 -0.351698 -0.257822 -0.0249625 0.96587 97.5678
0.970145 -0.0108887 0.24228 58.0269 0.00466654 0.999645 0.0262406 -0.347005 -0.24248 -0.0243266 0.969851 98.052
0.973253 -0.000710883 0.229734 58.1314 -0.00512951 0.999679 0.0248242 -0.338079 -0.229678 -0.0253387 0.972937 98.5483
0.975335 0.00738151 0.220608 58.2228 -0.0128958 0.999639 0.0235659 -0.324204 -0.220355 -0.0258295 0.975078 99.0583
0.976719 0.00943272 0.214317 58.3167 -0.0141905 0.999686 0.0206722 -0.314348 -0.214054 -0.0232322 0.976545 99.5754
0.977098 0.0121492 0.212445 58.4083 -0.0157151 0.999762 0.0151048 -0.303239 -0.212211 -0.0180975 0.977056 100.103
0.977525 0.00298102 0.2108 58.5284 -0.00599119 0.999889 0.0136425 -0.308697 -0.210736 -0.0145989 0.977434 100.636
0.976838 -0.00410727 0.213939 58.6543 0.00196284 0.999946 0.010235 -0.302721 -0.213969 -0.00957805 0.976793 101.178
0.976012 -0.00704396 0.217601 58.7714 0.00617867 0.99997 0.00465666 -0.29809 -0.217627 -0.00320047 0.976027 101.73
0.975069 -0.00483544 0.221849 58.9125 0.00494643 0.999988 5.53368e-005 -0.296907 -0.221846 0.0010434 0.975081 102.29
0.973817 0.0046287 0.227286 59.0225 -0.00451019 0.999989 -0.00104079 -0.295649 -0.227289 -1.15691e-005 0.973827 102.877
0.972794 0.00914901 0.231491 59.1691 -0.0100121 0.999947 0.00255403 -0.296581 -0.231456 -0.00480227 0.972834 103.469
0.971398 0.00270321 0.237441 59.2995 -0.00446201 0.999966 0.00687021 -0.298976 -0.237414 -0.00773318 0.971378 104.078
0.970635 -0.00479705 0.24051 59.472 0.00154257 0.999905 0.013718 -0.304013 -0.240553 -0.0129442 0.97055 104.688
0.969512 -0.0057466 0.244977 59.6076 0.00127525 0.99983 0.0184069 -0.305235 -0.245041 -0.0175333 0.969354 105.321
0.968933 -0.00766499 0.247205 59.7699 0.00278049 0.999794 0.0201019 -0.294635 -0.247308 -0.0187901 0.968755 105.953
0.968722 -0.0112977 0.247892 59.9261 0.00712282 0.999817 0.017732 -0.288427 -0.248047 -0.0154117 0.968625 106.596
0.968576 -0.010577 0.248492 60.1069 0.00779005 0.999895 0.0121963 -0.286806 -0.248595 -0.00987729 0.968557 107.237
0.968529 -0.00425152 0.248864 60.273 0.00308135 0.999982 0.00509139 -0.284954 -0.248881 -0.00416432 0.968525 107.895
0.969209 0.0021088 0.24623 60.4355 -0.00249522 0.999996 0.00125736 -0.278143 -0.246226 -0.00183304 0.969211 108.569
0.970015 0.00146762 0.243042 60.6386 -0.00285683 0.999982 0.00536356 -0.269385 -0.24303 -0.00589706 0.970001 109.253
0.970366 -0.00296649 0.241622 60.7864 -0.000239063 0.999912 0.0132364 -0.26571 -0.241641 -0.0129019 0.97028 109.969
0.97149 -0.00221002 0.237072 60.9732 -0.00252532 0.999803 0.0196687 -0.276324 -0.237069 -0.0197067 0.971293 110.684
0.971119 0.0039647 0.238563 61.1202 -0.00809338 0.999834 0.0163294 -0.263722 -0.238459 -0.0177886 0.97099 111.413
0.972238 0.00455759 0.233949 61.2883 -0.00761634 0.999897 0.0121726 -0.2602 -0.23387 -0.0136165 0.972173 112.143
0.972879 0.00276782 0.231299 61.4572 -0.00436075 0.99997 0.00637591 -0.253601 -0.231275 -0.00721163 0.972862 112.885
0.973804 -0.00414739 0.22735 61.6238 0.00324404 0.999985 0.00434693 -0.252083 -0.227365 -0.00349552 0.973803 113.641
0.974645 -0.00462245 0.223707 61.7754 0.00340968 0.999977 0.00580717 -0.258447 -0.223729 -0.00489716 0.974639 114.415
0.975541 -0.00815705 0.219668 61.9662 0.00625207 0.999937 0.00936588 -0.265562 -0.21973 -0.00776342 0.97553 115.191
0.975359 -0.00365691 0.220593 62.1288 0.0014627 0.999948 0.0101094 -0.261208 -0.220619 -0.00953763 0.975313 115.986
0.976351 -0.00471265 0.21614 62.3225 0.00140048 0.999879 0.0154748 -0.263582 -0.216187 -0.0148061 0.97624 116.794
0.975594 -0.00739615 0.219457 62.4701 0.00425924 0.999882 0.0147636 -0.240996 -0.21954 -0.0134686 0.975511 117.612
0.976133 -0.0032003 0.21715 62.6709 -0.000688278 0.999841 0.0178293 -0.25392 -0.217173 -0.0175532 0.975975 118.428
0.975523 0.00566366 0.219827 62.8088 -0.00871572 0.999879 0.0129166 -0.23022 -0.219727 -0.0145163 0.975453 119.257
0.97572 0.00803901 0.218872 62.9979 -0.010396 0.9999 0.00961945 -0.232144 -0.218773 -0.0116613 0.975706 120.079
0.974906 0.0127238 0.222252 63.1588 -0.0140416 0.999892 0.00435004 -0.225978 -0.222172 -0.00736165 0.97498 120.913
0.974253 0.0165187 0.22485 63.3271 -0.0179507 0.99983 0.0043259 -0.227398 -0.224741 -0.00825075 0.974384 121.753
0.97375 0.00867685 0.227455 63.5052 -0.0104019 0.999926 0.00638652 -0.235191 -0.227383 -0.00858484 0.973768 122.596
0.973557 0.00437893 0.228402 63.709 -0.0056169 0.999973 0.00477039 -0.237895 -0.228375 -0.00592716 0.973555 123.433
0.972361 -0.00167647 0.233474 63.8939 0.00109819 0.999996 0.00260681 -0.240505 -0.233478 -0.00227836 0.972359 124.277
0.972142 -0.00701133 0.234289 64.1021 0.0060224 0.99997 0.00493617 -0.24502 -0.234317 -0.00338767 0.972154 125.132
0.972042 -0.0129448 0.234449 64.3172 0.0119344 0.999912 0.00572796 -0.254406 -0.234503 -0.0027698 0.972111 125.978
0.972117 -0.0109023 0.234242 64.5225 0.00958635 0.999931 0.00675579 -0.26494 -0.2343 -0.00432189 0.972155 126.825
0.971639 0.00146949 0.236466 64.7172 -0.00334899 0.999966 0.00754682 -0.257641 -0.236447 -0.0081247 0.97161 127.677
0.971369 0.00416106 0.237539 64.9173 -0.00769979 0.999873 0.0139716 -0.265332 -0.237451 -0.0154006 0.971277 128.529
0.970764 0.00711219 0.23993 65.1208 -0.0111013 0.999822 0.0152788 -0.266301 -0.239779 -0.0174957 0.97067 129.374
0.970609 0.000579329 0.24066 65.3187 -0.00326748 0.999937 0.010771 -0.274107 -0.240639 -0.0112408 0.97055 130.198
0.970538 -0.0124275 0.240629 65.5254 0.0132671 0.99991 -0.00186917 -0.28014 -0.240584 0.00500654 0.970615 131.009
0.970478 -0.0131759 0.240831 65.7315 0.0159001 0.99983 -0.00937164 -0.288602 -0.240667 0.0129242 0.970522 131.822
0.970803 -0.0058664 0.239806 65.9306 0.00611309 0.999981 -0.000284853 -0.289579 -0.2398 0.00174249 0.970821 132.652
0.971036 -0.000409222 0.238933 66.1313 -0.00439752 0.999799 0.0195841 -0.289941 -0.238893 -0.0200676 0.970839 133.498
0.971583 -0.00272301 0.236684 66.3415 -0.00593235 0.99934 0.0358494 -0.301121 -0.236625 -0.0362348 0.970925 134.334
0.971594 0.000862015 0.236651 66.5243 -0.00774149 0.999574 0.0281425 -0.282556 -0.236526 -0.0291751 0.971187 135.146
0.971828 0.00407805 0.235655 66.7058 -0.00719825 0.999897 0.0123818 -0.285307 -0.23558 -0.0137293 0.971758 135.946
0.971982 -0.000190596 0.235055 66.8701 -0.000839128 0.99999 0.00428074 -0.270981 -0.235054 -0.00435804 0.971973 136.753
0.972424 -0.0063847 0.233133 67.0489 0.0054472 0.999974 0.00466492 -0.27343 -0.233157 -0.00326636 0.972434 137.563
0.972576 -0.00409121 0.23255 67.2149 0.00311233 0.999985 0.0045761 -0.280954 -0.232565 -0.00372683 0.972574 138.379
0.973212 -0.00163232 0.229906 67.4021 0.000831669 0.999993 0.00357939 -0.277875 -0.22991 -0.0032923 0.973206 139.179
0.973633 0.0001539 0.228121 67.5827 -0.000300515 1 0.000607975 -0.290024 -0.228121 -0.000660498 0.973632 139.976
0.974452 0.00562037 0.224525 67.7628 -0.00558001 0.999984 -0.000814303 -0.294238 -0.224526 -0.000459353 0.974468 140.789
0.974507 0.0148621 0.223863 67.904 -0.0145987 0.999889 -0.00283179 -0.304798 -0.223881 -0.000508519 0.974616 141.579
0.975019 0.0116386 0.221815 68.0966 -0.0113624 0.999932 -0.00252093 -0.308095 -0.221829 -6.24018e-005 0.975086 142.377
0.97573 0.000365293 0.218976 68.2872 -0.00147992 0.999987 0.00492616 -0.331271 -0.218972 -0.00513067 0.975718 143.174
0.976072 -0.0026443 0.217429 68.4766 0.00192545 0.999992 0.00351794 -0.337084 -0.217437 -0.00301511 0.97607 143.965
0.977125 -0.00468989 0.212614 68.6557 0.00454962 0.999989 0.00114902 -0.337803 -0.212617 -0.000155419 0.977135 144.755
0.978001 -0.00694826 0.208485 68.8256 0.00738246 0.999972 -0.00130461 -0.34429 -0.20847 0.00281504 0.978025 145.54
0.979299 -0.00731545 0.202285 68.9886 0.0078472 0.999968 -0.00182689 -0.35689 -0.202266 0.00337645 0.979325 146.334
0.980356 -0.000397059 0.197235 69.1187 -9.97906e-005 0.999997 0.00250913 -0.361028 -0.197235 -0.00247953 0.980353 147.14
0.98201 -0.0020204 0.188821 69.2788 -0.000365757 0.999921 0.0126015 -0.369833 -0.188831 -0.0124438 0.981931 147.942
0.982639 -0.00332159 0.185499 69.4256 -0.000683339 0.999768 0.021522 -0.368831 -0.185527 -0.0212751 0.982409 148.747
0.983377 0.00588038 0.18148 69.5647 -0.0101295 0.999696 0.0224955 -0.364561 -0.181292 -0.0239598 0.983137 149.546
0.98418 0.00757498 0.177007 69.6656 -0.0107837 0.999794 0.0171723 -0.353565 -0.176841 -0.0188095 0.98406 150.341
0.985473 9.65549e-005 0.169829 69.8174 -0.00140401 0.99997 0.00757858 -0.366155 -0.169824 -0.00770693 0.985444 151.125
0.986161 -0.0057258 0.165689 69.9357 0.00552874 0.999983 0.00165054 -0.353497 -0.165696 -0.000711648 0.986177 151.922
0.987484 -0.00425923 0.157663 70.056 0.0038083 0.999988 0.00316208 -0.352152 -0.157674 -0.00252208 0.987488 152.729
0.988716 0.00559659 0.149698 70.1777 -0.00640396 0.999967 0.0049118 -0.36416 -0.149665 -0.00581503 0.98872 153.542
0.989714 0.0127798 0.142491 70.2534 -0.0132041 0.999911 0.00203225 -0.366327 -0.142452 -0.0038928 0.989794 154.357
0.991274 0.00673462 0.131642 70.3657 -0.00630758 0.999973 -0.00366064 -0.376377 -0.131663 0.00279836 0.991291 155.162
0.992246 -0.000339852 0.12429 70.4579 0.00118914 0.999976 -0.00675899 -0.384035 -0.124285 0.00685438 0.992223 155.972
0.993283 -0.00128061 0.115705 70.5571 0.00177145 0.99999 -0.00413944 -0.393648 -0.115698 0.0043166 0.993275 156.789
0.994055 0.00521332 0.108751 70.6344 -0.00546595 0.999983 0.00202512 -0.405336 -0.108739 -0.00260751 0.994067 157.614
0.995078 0.00552535 0.0989424 70.7053 -0.00631144 0.999951 0.00763373 -0.414312 -0.0988953 -0.00822062 0.995064 158.442
0.995734 0.00344119 0.0922081 70.7722 -0.00442556 0.999935 0.0104732 -0.419852 -0.0921661 -0.0108366 0.995685 159.264
0.996358 -0.000287842 0.0852736 70.8447 -0.000742639 0.999927 0.0120524 -0.420645 -0.0852709 -0.0120719 0.996285 160.085
0.996666 -0.00129193 0.081574 70.9055 0.000468392 0.999949 0.010114 -0.422086 -0.0815829 -0.0100421 0.996616 160.907
0.996978 0.00376591 0.0775892 70.9572 -0.00410978 0.999982 0.00427262 -0.427362 -0.0775718 -0.00457858 0.996976 161.725
0.997258 0.00906331 0.0734516 71.0056 -0.00887311 0.999956 -0.0029154 -0.436253 -0.0734749 0.00225566 0.997295 162.543
0.997472 0.00647597 0.0707717 71.0462 -0.00609436 0.999966 -0.00560686 -0.445467 -0.0708056 0.00516137 0.997477 163.36
0.99774 0.00334815 0.0671117 71.1019 -0.0033931 0.999994 0.000555888 -0.449523 -0.0671095 -0.000782349 0.997745 164.193
0.997835 0.00534643 0.0655444 71.1348 -0.00605551 0.999925 0.0106244 -0.459853 -0.0654827 -0.0109983 0.997793 165.033
0.998153 0.00389692 0.060629 71.178 -0.00495807 0.999837 0.0173617 -0.46203 -0.0605514 -0.0176303 0.998009 165.868
0.998461 -0.00320751 0.0553609 71.2385 0.00240922 0.999892 0.0144805 -0.468125 -0.0554013 -0.0143249 0.998361 166.69
0.998559 -0.0169658 0.0509085 71.2892 0.0167348 0.999848 0.00496056 -0.471692 -0.0509849 -0.00410147 0.998691 167.503
0.9989 -0.0169076 0.0437302 71.3185 0.0169216 0.999857 5.10174e-005 -0.465459 -0.0437248 0.000689023 0.999043 168.321
0.999301 0.00157167 0.0373477 71.3366 -0.00160148 0.999998 0.000768198 -0.471653 -0.0373464 -0.000827473 0.999302 169.149
0.999564 0.00198301 0.0294473 71.3494 -0.00218582 0.999974 0.00685637 -0.477346 -0.029433 -0.00691775 0.999543 169.984
0.999733 -0.0049442 0.0225734 71.3644 0.00470726 0.999933 0.0105373 -0.485605 -0.022624 -0.0104282 0.99969 170.82
0.999769 -0.0144972 0.0158683 71.385 0.0142645 0.999791 0.0146789 -0.482461 -0.0160778 -0.0144492 0.999766 171.661
0.99987 -0.0127855 0.00983243 71.3935 0.012645 0.999819 0.0142149 -0.480901 -0.0100124 -0.0140887 0.999851 172.504
0.999954 -0.00910888 0.00315353 71.4059 0.00908518 0.999931 0.00744843 -0.485619 -0.00322116 -0.00741944 0.999967 173.341
0.999914 -0.0127018 -0.00340604 71.4059 0.0126922 0.999915 -0.00283181 -0.487145 0.00344173 0.00278834 0.99999 174.17
0.999746 -0.0195766 -0.0111546 71.4108 0.0194956 0.999783 -0.00732415 -0.491749 0.0112956 0.00710483 0.999911 175.002
0.999837 -0.00605699 -0.0169955 71.3861 0.0060637 0.999982 0.000343319 -0.502525 0.0169931 -0.000446318 0.999856 175.855
0.999651 0.014558 -0.0220581 71.3499 -0.0142593 0.999805 0.0136378 -0.507218 0.0222523 -0.0133185 0.999664 176.715
0.99953 0.0151809 -0.0266476 71.3126 -0.0146146 0.999666 0.0213194 -0.513513 0.0269624 -0.0209199 0.999418 177.57
0.999526 0.00515299 -0.0303509 71.2832 -0.0045933 0.999819 0.0184814 -0.516452 0.0304406 -0.0183333 0.999368 178.415
0.999476 0.00212719 -0.0322848 71.2445 -0.00188818 0.999971 0.00743189 -0.510983 0.0322997 -0.00736704 0.999451 179.252
0.999309 0.0144216 -0.0342565 71.1894 -0.0144438 0.999896 -0.000401433 -0.520549 0.0342472 0.00089595 0.999413 180.09
0.999261 0.00947062 -0.0372512 71.1557 -0.0096667 0.99994 -0.00508706 -0.523668 0.0372008 0.00544339 0.999293 180.937
0.999162 -0.00734366 -0.0402648 71.1381 0.00736085 0.999973 0.00027876 -0.537074 0.0402617 -0.00057491 0.999189 181.795
0.99917 -0.00593579 -0.0402966 71.1008 0.0062649 0.999948 0.00804598 -0.542724 0.0402468 -0.00829175 0.999155 182.658
0.999187 -0.000170642 -0.0403044 71.0424 0.000749836 0.999897 0.0143558 -0.55143 0.0402978 -0.0143744 0.999084 183.52
0.999112 0.000641154 -0.0421386 71.0179 -8.72561e-005 0.999914 0.0131452 -0.553396 0.0421434 -0.0131298 0.999025 184.377
0.999079 -0.00388827 -0.0427393 70.9707 0.00406562 0.999983 0.00406346 -0.557248 0.0427228 -0.00423347 0.999078 185.226
0.998856 -0.0122408 -0.0462309 70.9489 0.0118848 0.999898 -0.00796754 -0.569029 0.0463237 0.00740898 0.998899 186.071
0.99865 -0.0206608 -0.0476623 70.9233 0.0200664 0.999715 -0.0129156 -0.580726 0.0479156 0.0119418 0.99878 186.92
0.998772 -0.00787585 -0.048918 70.8681 0.00746981 0.999936 -0.00847769 -0.590676 0.0489817 0.00810186 0.998767 187.78
0.998719 0.00646839 -0.0501771 70.8177 -0.00631328 0.999975 0.00324919 -0.608971 0.0501969 -0.00292825 0.998735 188.643
0.998674 0.00533805 -0.0511965 70.7662 -0.00500692 0.999966 0.00659394 -0.624116 0.05123 -0.00632886 0.998667 189.492
0.998573 -0.00114521 -0.0533844 70.7373 0.0013329 0.999993 0.00348036 -0.635105 0.05338 -0.00354655 0.998568 190.332
0.99868 0.00108015 -0.0513493 70.6744 -0.00122469 0.999995 -0.00278344 -0.64562 0.0513461 0.00284265 0.998677 191.167
0.998501 0.00700831 -0.0542891 70.6243 -0.00720349 0.999968 -0.00340037 -0.650449 0.0542635 0.00378635 0.998519 192.007
0.99865 0.00904923 -0.0511541 70.5575 -0.00900426 0.999959 0.00110969 -0.665195 0.0511621 -0.000647589 0.99869 192.847
