0.999988 -0.0027938 -0.00398654 0.011285 0.00278629 0.999994 -0.00188774 -0.0115468 0.00399179 0.00187661 0.99999 0.860291
0.999976 -0.00302217 -0.0062819 -0.00477065 0.00299809 0.999988 -0.00383816 -0.0136312 0.00629343 0.00381923 0.999973 1.71953
0.99994 -0.00145235 -0.010819 -0.030676 0.00139709 0.999986 -0.00511387 -0.0120145 0.0108262 0.00509845 0.999928 2.57977
0.999873 0.00386532 -0.0154476 -0.0559567 -0.00395583 0.999975 -0.00583293 -0.0241325 0.0154246 0.00589329 0.999864 3.43887
0.999789 0.00244771 -0.0203905 -0.0570409 -0.00255635 0.999983 -0.00530377 -0.0416948 0.0203772 0.00535478 0.999778 4.29911
0.999782 0.000934234 -0.0208638 -0.160774 -0.00108191 0.999974 -0.00706815 -0.0388036 0.0208567 0.00708919 0.999757 4.83266
0.999566 0.00401621 -0.0291827 -0.143439 -0.00424577 0.999961 -0.00780843 -0.0496948 0.0291502 0.00792894 0.999544 5.97705
0.99937 0.00294122 -0.0353724 -0.175098 -0.00317067 0.999974 -0.00643224 -0.0615198 0.0353526 0.00654034 0.999353 6.83066
0.999255 0.00369589 -0.0384089 -0.229223 -0.00381463 0.999988 -0.00301883 -0.0762293 0.0383972 0.0031631 0.999258 7.64318
0.999185 -0.00230576 -0.0403106 -0.257452 0.00227675 0.999997 -0.000765421 -0.067122 0.0403122 0.000673019 0.999187 8.40622
0.999045 0.000619192 -0.0436856 -0.317955 -0.000680931 0.999999 -0.00139839 -0.0973047 0.0436847 0.0014268 0.999044 9.38535
0.998899 0.00396098 -0.046747 -0.325181 -0.00403752 0.999991 -0.00154297 -0.104689 0.0467405 0.00173002 0.998906 10.2354
0.998789 -0.00448108 -0.0489946 -0.394636 0.00434682 0.999987 -0.00284652 -0.104789 0.0490067 0.0026301 0.998795 11.06
0.998869 0.00036677 -0.0475509 -0.458474 -0.000414604 0.999999 -0.000996088 -0.113439 0.0475505 0.00101468 0.998868 11.8936
0.998741 -0.00493414 -0.0499249 -0.507515 0.00486627 0.999987 -0.00148093 -0.134078 0.0499316 0.00123612 0.998752 12.7991
0.998538 -0.00117329 -0.0540407 -0.539811 0.000934413 0.99999 -0.00444543 -0.137815 0.0540454 0.00438843 0.998529 13.6357
0.998393 0.00629959 -0.0563255 -0.551522 -0.00673539 0.999949 -0.00755063 -0.136947 0.0562751 0.00791786 0.998384 14.5033
0.998592 0.0105111 -0.0519945 -0.67721 -0.0109638 0.999904 -0.00842877 -0.15684 0.0519009 0.00898696 0.998612 15.3766
0.99844 0.00496751 -0.0556111 -0.706177 -0.00539811 0.999957 -0.00759546 -0.167399 0.0555709 0.00788381 0.998424 16.2717
0.99785 0.0156391 -0.0636467 -0.608882 -0.0160141 0.999857 -0.00538609 -0.211148 0.0635534 0.00639375 0.997958 17.1765
0.998479 -0.037393 -0.0405028 -1.10533 0.0376517 0.999275 0.00564288 -0.258014 0.0402625 -0.0071593 0.999163 18.0146
0.998208 -0.000986621 -0.0598382 -0.905647 0.000705332 0.999989 -0.00472177 -0.232638 0.0598421 0.0046711 0.998197 18.9728
0.997761 -0.000352341 -0.0668849 -0.925672 -2.14022e-005 0.999984 -0.00558705 -0.25706 0.0668858 0.00557597 0.997745 19.8844
0.998633 -0.000688156 -0.0522598 -1.15858 0.000626411 0.999999 -0.00119787 -0.276266 0.0522605 0.0011635 0.998633 20.7774
0.99797 -0.00517102 -0.0634731 -1.1142 0.00492967 0.99998 -0.00395841 -0.256389 0.0634923 0.00363747 0.997976 21.7222
0.997961 -0.00314549 -0.0637483 -1.18566 0.00317747 0.999995 0.000400323 -0.28255 0.0637467 -0.000602065 0.997966 22.6531
0.99838 -0.00222709 -0.0568531 -1.28619 0.00255907 0.99998 0.00576702 -0.292784 0.0568391 -0.00590317 0.998366 23.5821
0.998243 0.00511794 -0.0590398 -1.2928 -0.00470087 0.999963 0.00720106 -0.292229 0.0590745 -0.00691086 0.99823 24.5314
0.998309 -0.0024736 -0.0580708 -1.36879 0.00294669 0.999963 0.00806261 -0.293936 0.0580488 -0.0082201 0.99828 25.4743
0.998497 0.00225822 -0.0547679 -1.43393 -0.00191829 0.999979 0.00625843 -0.308785 0.0547809 -0.00614396 0.998479 26.4203
0.998517 0.00174726 -0.0544172 -1.47157 -0.00170748 0.999998 0.000777423 -0.307413 0.0544185 -0.000683354 0.998518 27.3745
0.998502 -0.00152414 -0.0546971 -1.53458 0.00139075 0.999996 -0.00247671 -0.313324 0.0547007 0.00239693 0.9985 28.3318
0.998715 -0.00423137 -0.0505004 -1.60699 0.0041937 0.999991 -0.000851983 -0.341134 0.0505036 0.000639105 0.998724 29.2985
0.998588 -0.00411331 -0.0529664 -1.61834 0.0043036 0.999985 0.00347914 -0.336168 0.0529513 -0.00370217 0.99859 30.2769
0.998477 -0.0105011 -0.0541561 -1.68241 0.0108929 0.999917 0.00694378 -0.347362 0.0540787 -0.00752312 0.998508 31.2555
0.998446 -0.0148714 -0.0537139 -1.72839 0.0152 0.999868 0.00571401 -0.359573 0.0536218 -0.00652157 0.99854 32.2347
0.998433 -0.00654229 -0.0555691 -1.78384 0.00668009 0.999975 0.00229445 -0.36985 0.0555527 -0.00266206 0.998452 33.2137
0.998257 -0.00935759 -0.0582735 -1.83277 0.00925193 0.999955 -0.00208277 -0.374892 0.0582904 0.00153999 0.998298 34.1984
0.998206 -0.000379048 -0.0598651 -1.90791 0.000222872 0.999997 -0.00261546 -0.383209 0.0598659 0.00259742 0.998203 35.2089
0.998238 0.00462532 -0.0591547 -1.99147 -0.00466416 0.999989 -0.000518446 -0.399696 0.0591517 0.000793439 0.998249 36.2659
0.998061 0.00489088 -0.0620471 -2.02309 -0.0047959 0.999987 0.00167967 -0.411336 0.0620545 -0.00137884 0.998072 37.3104
0.997948 0.000662148 -0.0640227 -2.09922 -0.000469783 0.999995 0.00301964 -0.420078 0.0640244 -0.00298336 0.997944 38.3543
0.997926 6.58771e-005 -0.0643734 -2.16983 0.000356086 0.999979 0.00654343 -0.435769 0.0643724 -0.00655278 0.997904 39.3866
0.997883 -0.000619326 -0.0650311 -2.2258 0.00115036 0.999966 0.00812878 -0.430454 0.0650238 -0.00818638 0.99785 40.4232
0.997795 0.00392203 -0.0662609 -2.29836 -0.00320002 0.999934 0.0109991 -0.431351 0.0662996 -0.0107628 0.997742 41.4463
0.997843 0.00397546 -0.0655277 -2.39982 -0.00330974 0.999942 0.0102648 -0.435374 0.0655647 -0.0100258 0.997798 42.4665
0.997843 0.00528244 -0.0654289 -2.43664 -0.0046705 0.999944 0.00950226 -0.440747 0.0654754 -0.00917618 0.997812 43.479
0.997767 0.00229566 -0.0667552 -2.50006 -0.00185226 0.999976 0.00670331 -0.441525 0.066769 -0.00656469 0.997747 44.4848
0.997752 0.00252115 -0.0669689 -2.5602 -0.00203712 0.999971 0.00729495 -0.462814 0.0669854 -0.00714213 0.997728 45.4861
0.997306 -0.00371435 -0.0732596 -2.59673 0.00424641 0.999966 0.00710824 -0.448306 0.0732307 -0.00740018 0.997288 46.4873
0.997737 0.00121556 -0.0672255 -2.71585 -0.000554803 0.999951 0.00984683 -0.467798 0.0672342 -0.00978725 0.997689 47.4793
0.997249 0.000575441 -0.0741175 -2.73464 -0.000166828 0.999985 0.00551911 -0.472805 0.0741195 -0.00549156 0.997234 48.4688
0.997361 0.00424166 -0.0724731 -2.83683 -0.00415862 0.999991 0.00129665 -0.474276 0.0724779 -0.000991843 0.99737 49.4448
0.997388 0.00389981 -0.0721183 -2.89537 -0.00384936 0.999992 0.000838417 -0.489328 0.072121 -0.000558618 0.997396 50.4276
0.997328 -0.000399845 -0.0730516 -2.97686 0.000683855 0.999992 0.00386283 -0.50148 0.0730495 -0.00390246 0.997321 51.4075
0.997331 -0.00270968 -0.0729567 -3.04367 0.00320486 0.999973 0.00667108 -0.507074 0.0729366 -0.00688709 0.997313 52.3845
0.99736 -0.00376037 -0.0725114 -3.12122 0.00431248 0.999963 0.00745914 -0.524541 0.0724806 -0.00775215 0.99734 53.3539
0.997344 -0.00786181 -0.0724089 -3.20786 0.00833456 0.999946 0.00622914 -0.527266 0.072356 -0.00681609 0.997356 54.3153
0.99721 -0.006687 -0.0743446 -3.25488 0.00704684 0.999965 0.00457898 -0.54308 0.0743114 -0.0050901 0.997222 55.2804
0.997074 -0.00639578 -0.0761775 -3.32052 0.00685739 0.99996 0.00579967 -0.551594 0.0761374 -0.00630508 0.997077 56.239
0.997313 -0.00378491 -0.0731632 -3.4162 0.00452792 0.99994 0.00999243 -0.556248 0.073121 -0.0102969 0.99727 57.1988
0.996932 -0.0122784 -0.0773017 -3.46362 0.013385 0.999815 0.0138145 -0.54181 0.0771178 -0.0148068 0.996912 58.1619
0.997021 -0.00452337 -0.0769929 -3.54176 0.00585596 0.999837 0.017091 -0.564497 0.0769031 -0.0174909 0.996885 59.1128
0.997003 0.00241747 -0.0773303 -3.63892 -0.00141238 0.999914 0.0130494 -0.554878 0.0773552 -0.0129011 0.99692 60.0519
0.996748 0.00710263 -0.0802644 -3.68717 -0.00672642 0.999965 0.00495655 -0.550993 0.0802968 -0.00440054 0.996761 60.9783
0.996668 0.00389192 -0.0814749 -3.76024 -0.00387302 0.999992 0.00038996 -0.572764 0.0814758 -7.31065e-005 0.996675 61.8928
0.99662 0.00795187 -0.0817588 -3.85505 -0.00783245 0.999968 0.00178137 -0.577647 0.0817704 -0.00113498 0.996651 62.8019
0.996518 0.00738341 -0.0830446 -3.92225 -0.0070603 0.999966 0.00418375 -0.590687 0.0830727 -0.00358287 0.996537 63.7008
0.996366 0.0100937 -0.0845727 -4.00558 -0.00958705 0.999934 0.00639421 -0.612288 0.0846316 -0.00556017 0.996397 64.5827
0.996284 0.00444119 -0.0860161 -4.08804 -0.00397629 0.999977 0.0055754 -0.605341 0.0860388 -0.00521265 0.996278 65.4508
0.996 0.00103084 -0.0893505 -4.14511 -0.000502626 0.999982 0.00593402 -0.614569 0.0893551 -0.00586537 0.995983 66.3069
0.996073 0.00323155 -0.088477 -4.24442 -0.00254944 0.999966 0.00782137 -0.632896 0.0884992 -0.00756508 0.996048 67.1475
0.995858 0.00230455 -0.0908903 -4.31396 -0.00163296 0.999971 0.00746264 -0.636946 0.0909049 -0.00728331 0.995833 67.9764
0.995811 0.0029996 -0.0913882 -4.38917 -0.00213139 0.999952 0.00959639 -0.662737 0.0914125 -0.00936141 0.995769 68.7918
0.995747 0.00393092 -0.0920429 -4.49735 -0.0029044 0.999932 0.0112838 -0.648371 0.092081 -0.0109685 0.995691 69.593
0.995478 0.0024776 -0.0949601 -4.54704 -0.00107602 0.99989 0.014808 -0.647913 0.0949863 -0.0146388 0.995371 70.3889
0.995365 0.00691328 -0.0959241 -4.6435 -0.00523222 0.999828 0.0177654 -0.659063 0.0960304 -0.0171812 0.99523 71.1625
0.995149 0.0116467 -0.0976898 -4.71675 -0.0102486 0.999838 0.0148012 -0.67198 0.0978464 -0.0137283 0.995107 71.9154
0.995111 0.00730107 -0.0984934 -4.80336 -0.00669058 0.999956 0.00652708 -0.671276 0.0985368 -0.00583619 0.995116 72.6443
0.994974 0.00397214 -0.100056 -4.86143 -0.00385808 0.999992 0.00133339 -0.687235 0.10006 -0.000940668 0.994981 73.358
0.994891 0.00161826 -0.100945 -4.9312 -0.00159385 0.999999 0.0003225 -0.685668 0.100945 -0.000159962 0.994892 74.0528
0.994883 0.00729351 -0.100769 -5.03682 -0.00687979 0.999966 0.00445254 -0.701694 0.100799 -0.00373648 0.9949 74.7249
0.994662 0.00220926 -0.103168 -5.08078 -0.00158381 0.99998 0.00614402 -0.712843 0.103179 -0.00594782 0.994645 75.3839
0.994685 0.00134389 -0.102954 -5.16145 -0.00114394 0.999997 0.00200111 -0.721126 0.102956 -0.0018727 0.994684 76.0125
0.994447 -0.00971004 -0.104794 -5.22254 0.0094706 0.999951 -0.00278227 -0.736625 0.104816 0.00177436 0.99449 76.6232
0.994826 -0.0146576 -0.100528 -5.27824 0.0139588 0.999873 -0.00765123 -0.750552 0.100627 0.0062084 0.994905 77.2174
0.99513 -0.0115415 -0.0978954 -5.00141 0.0108723 0.999914 -0.00736711 -0.71641 0.097972 0.00626689 0.995169 72.9366
0.995306 -0.0109945 -0.0961519 -5.04116 0.0105685 0.999932 -0.00493789 -0.719963 0.0961996 0.00389853 0.995354 73.4721
0.995861 -0.00463802 -0.0907744 -5.08548 0.00450313 0.999988 -0.00169072 -0.72714 0.0907812 0.00127495 0.99587 73.6862
0.996472 -0.00450205 -0.0838099 -5.08532 0.00466067 0.999988 0.00169709 -0.731711 0.0838012 -0.00208171 0.99648 73.5841
0.997083 -0.00638606 -0.0760556 -5.02038 0.00682276 0.999962 0.00548348 -0.741193 0.0760177 -0.0059864 0.997089 72.8415
0.997845 -0.00282477 -0.0655604 -4.87702 0.00323968 0.999975 0.00622324 -0.72198 0.0655412 -0.00642222 0.997829 70.7986
0.998678 -0.000929597 -0.0514033 -4.86943 0.00120557 0.999985 0.00533807 -0.71424 0.0513976 -0.00539298 0.998664 71.0072
0.999473 0.00597346 -0.0319106 -4.86794 -0.00575988 0.99996 0.00678095 -0.708669 0.0319498 -0.00659357 0.999468 70.8132
0.99992 0.00602388 -0.0110811 -4.7653 -0.00594477 0.999957 0.00715824 -0.714179 0.0111237 -0.00709179 0.999913 70.2807
0.999836 0.00804745 0.016219 -4.65986 -0.00817557 0.999936 0.0078487 -0.708698 -0.0161548 -0.00798001 0.999838 69.3562
0.998934 0.00398983 0.0459969 -4.50759 -0.00444379 0.999942 0.00977146 -0.689683 -0.0459552 -0.00996544 0.998894 68.2816
0.996946 -0.00200778 0.078071 -4.43493 0.00106861 0.999927 0.0120695 -0.690158 -0.0780895 -0.0119493 0.996875 68.1726
0.993371 -0.00617772 0.114787 -4.3035 0.00460785 0.999892 0.0139367 -0.677591 -0.11486 -0.0133154 0.993292 67.7152
0.988533 -0.00676816 0.150853 -4.10752 0.00485897 0.999903 0.0130209 -0.667908 -0.150927 -0.0121386 0.98847 67.0373
0.974765 -0.000312918 0.223235 -4.12003 -0.0040369 0.999811 0.0190288 -0.695912 -0.223198 -0.0194498 0.974579 66.251
0.964712 -0.0114593 0.263058 -3.86407 0.00695533 0.999813 0.0180465 -0.686309 -0.263215 -0.01558 0.964611 65.5357
0.949547 -0.00316367 0.313608 -3.84255 -0.000966824 0.999915 0.0130145 -0.710155 -0.313623 -0.0126611 0.949463 68.3633
0.939803 -0.0113245 0.341528 -3.4931 0.0077453 0.9999 0.0118418 -0.712918 -0.341628 -0.00848374 0.939797 67.9764
0.896999 0.0138076 0.441817 -3.47502 -0.0138839 0.999899 -0.00306086 -0.643585 -0.441814 -0.00338854 0.8971 67.7233
0.876562 -0.00187716 0.481286 -3.15111 -0.00332091 0.999945 0.00994844 -0.690262 -0.481278 -0.0103187 0.876507 67.9132
0.851074 -0.00717333 0.524997 -2.88277 0.00333132 0.99996 0.00826261 -0.682714 -0.525035 -0.00528316 0.851064 68.6013
0.807219 -0.00217565 0.590247 -2.65613 0.0155981 0.999723 -0.0176469 -0.580983 -0.590045 0.0234516 0.80703 68.9526
0.76613 -0.012496 0.642565 -2.38084 0.0113183 0.999918 0.00595069 -0.657162 -0.642586 0.00271376 0.766208 68.8822
0.729594 -0.0177807 0.68365 -1.91855 0.00682091 0.999801 0.018724 -0.67566 -0.683847 -0.00899781 0.72957 64.7487
0.677487 -0.00483283 0.735519 -1.66928 -0.0130566 0.999742 0.0185954 -0.715583 -0.735419 -0.0222015 0.677249 65.0744
0.623552 0.00793803 0.781741 -1.46444 -0.00260827 0.999964 -0.00807344 -0.63038 -0.781777 0.00299522 0.62355 68.6856
0.576014 -0.0167916 0.817267 -1.0953 0.0429637 0.999029 -0.00975495 -0.334179 -0.81631 0.0407318 0.576176 64.765
0.543588 -0.00393648 0.839343 -0.678671 -0.0181767 0.999699 0.0164604 -0.789346 -0.839156 -0.0242041 0.543353 63.8076
0.490658 -0.00421418 0.871342 -0.404995 0.00400814 0.999989 0.00257937 -0.596117 -0.871343 0.00222688 0.490669 66.8403
0.441519 0.00589119 0.897233 -0.0339086 -0.00114222 0.999981 -0.00600376 -0.531544 -0.897251 0.00162594 0.441517 65.3746
0.403623 -0.00581388 0.914907 0.343859 0.00965488 0.999951 0.00209493 -0.50276 -0.914875 0.00798776 0.403659 65.2395
0.364376 -0.0231118 0.930965 0.718124 -0.00342973 0.999652 0.0261593 -0.702 -0.931245 -0.0127248 0.36417 65.3401
0.290417 -0.00152593 0.956899 0.92132 -0.0107106 0.999931 0.00484519 -0.649248 -0.95684 -0.011656 0.290381 66.6864
0.294176 -0.0221807 0.955494 1.35814 0.00912594 0.99975 0.0203984 -0.532603 -0.955708 0.00271904 0.294305 62.4017
0.265173 -0.00543544 0.964185 1.80878 -0.00558304 0.999959 0.00717257 -0.600674 -0.964185 -0.00728506 0.265132 65.3854
0.237109 -0.000126874 0.971483 2.06909 -0.00264764 0.999996 0.000776805 -0.568168 -0.971479 -0.00275632 0.237108 61.5194
0.217041 -0.0116551 0.976093 2.41702 -0.00906841 0.999861 0.0139553 -0.639747 -0.97612 -0.0118805 0.216905 61.4994
0.171894 -2.98119e-005 0.985115 2.73739 0.001601 0.999999 -0.000249098 -0.600185 -0.985114 0.00161999 0.171894 61.0792
0.167406 -0.0116028 0.98582 3.1439 0.00257736 0.999932 0.0113313 -0.531672 -0.985885 0.000643896 0.167424 59.339
0.145996 -0.0179398 0.989123 3.54078 0.0191711 0.999699 0.0153019 -0.555179 -0.989099 0.0167285 0.146296 59.7834
0.12816 -0.015692 0.991629 3.87252 0.0215 0.999684 0.0130408 -0.538004 -0.99152 0.0196488 0.128457 57.6711
0.113597 -0.0197415 0.993331 4.2601 0.0103803 0.999772 0.0186825 -0.538346 -0.993473 0.00818884 0.113776 57.331
0.0910369 -0.00624607 0.995828 4.64318 0.00247712 0.999979 0.00604565 -0.534685 -0.995844 0.00191641 0.0910505 56.6298
0.0861086 -0.00922668 0.996243 5.06653 -0.014359 0.999842 0.0105011 -0.517381 -0.996182 -0.0152093 0.0859625 55.5525
0.0736546 -0.0154999 0.997163 5.47203 -0.0230618 0.999585 0.017241 -0.489627 -0.997017 -0.0242663 0.0732666 55.1581
0.0633832 -0.0195781 0.997797 5.86258 -0.0204864 0.999571 0.0209143 -0.489361 -0.997779 -0.0217669 0.0629549 53.8258
0.0539355 -0.0216156 0.99831 6.2834 -0.0163258 0.999613 0.0225259 -0.495862 -0.998411 -0.0175132 0.0535617 53.3156
0.0466096 -0.0212011 0.998688 6.71491 -0.00751477 0.999739 0.0215742 -0.484542 -0.998885 -0.00851048 0.0464381 52.542
0.0446966 -0.0234959 0.998724 7.16502 -0.00682239 0.999693 0.023824 -0.436127 -0.998977 -0.00787854 0.0445226 51.723
0.0371015 -0.0234686 0.999036 7.98823 -0.0171778 0.999562 0.0241188 -0.471192 -0.999164 -0.0180561 0.0366821 53.3498
0.03181 -0.0245128 0.999193 8.52389 -0.0174475 0.999533 0.0250766 -0.459828 -0.999342 -0.0182311 0.0313674 52.9973
0.0293198 -0.0257943 0.999237 8.56757 -0.0170962 0.999508 0.0263029 -0.4174 -0.999424 -0.0178543 0.0288643 49.6621
0.0282488 -0.0300446 0.999149 9.64085 -0.0218616 0.999291 0.030667 -0.380272 -0.999362 -0.0227093 0.0275719 52.0777
0.0236893 -0.0287415 0.999306 10.3813 -0.0238731 0.999285 0.0293068 -0.414035 -0.999434 -0.0245508 0.0229862 52.6912
0.0234404 -0.032216 0.999206 10.3698 -0.0241435 0.999171 0.0327812 -0.383177 -0.999434 -0.0248928 0.0226431 49.4356
0.0254591 -0.0383284 0.998941 11.3743 -0.0275932 0.998857 0.0390284 -0.36087 -0.999295 -0.0285576 0.0243724 50.6542
0.027905 -0.0389849 0.99885 12.2738 -0.0296924 0.998766 0.0398111 -0.336026 -0.999169 -0.0307692 0.026713 51.771
0.0323394 -0.0430453 0.99855 12.9316 -0.0313874 0.998536 0.0440612 -0.356101 -0.998984 -0.0327668 0.0309409 51.5622
0.0360804 -0.042774 0.998433 13.6218 -0.0383481 0.998288 0.0441536 -0.297511 -0.998613 -0.0398811 0.0343783 51.229
0.0395566 -0.0418626 0.99834 14.3743 -0.0400687 0.998252 0.0434465 -0.27418 -0.998414 -0.0417208 0.03781 51.2141
0.0431082 -0.0413459 0.998215 15.2184 -0.0429037 0.998145 0.0431958 -0.267025 -0.998149 -0.0446892 0.0412543 51.6967
0.0487916 -0.0398144 0.998015 15.9523 -0.0458138 0.998064 0.0420562 -0.211165 -0.997758 -0.0477748 0.0468731 51.427
0.0523147 -0.037242 0.997936 16.7495 -0.0479973 0.998056 0.0397626 -0.198067 -0.997477 -0.0499784 0.0504255 51.4733
0.0576691 -0.0381126 0.997608 17.5514 -0.0462537 0.998096 0.040805 -0.157197 -0.997264 -0.0484962 0.0557965 51.5103
0.058301 -0.0319416 0.997788 18.3775 -0.0412926 0.998555 0.0343789 -0.144804 -0.997445 -0.0432056 0.0568979 51.7389
0.059673 -0.0269691 0.997854 19.167 -0.0281373 0.999192 0.028688 -0.119055 -0.997821 -0.0297888 0.0588659 51.6919
0.0609278 -0.0258271 0.997808 19.9834 -0.0263254 0.999276 0.0274726 -0.100993 -0.997795 -0.0279416 0.0602037 51.734
0.0582005 -0.0215516 0.998072 20.8062 -0.0284332 0.999326 0.0232367 -0.0941321 -0.9979 -0.0297308 0.0575485 51.882
0.0575858 -0.0165326 0.998204 21.6185 -0.0278392 0.999447 0.0181593 -0.0779273 -0.997952 -0.0288349 0.0570938 51.8901
0.0614168 -0.0209755 0.997892 22.4385 -0.0298758 0.999293 0.0228437 -0.0647181 -0.997665 -0.0312158 0.0607467 51.9223
0.0561225 -0.0145171 0.998318 23.2544 -0.0270883 0.999504 0.0160572 -0.0520729 -0.998056 -0.0279439 0.0557015 52.0487
0.0586223 -0.0148023 0.99817 24.0687 -0.0214565 0.99964 0.0160843 -0.0525192 -0.99805 -0.0223601 0.0582837 52.0627
0.060132 -0.0145805 0.998084 24.8833 -0.0214825 0.999643 0.0158975 -0.0431865 -0.997959 -0.0223973 0.0597973 52.1021
0.0554858 -0.00931963 0.998416 25.6919 -0.0154149 0.999829 0.0101895 -0.0409472 -0.99834 -0.0159558 0.0553326 52.2051
0.0539789 -0.0050487 0.998529 26.5029 -0.016279 0.99985 0.0059354 -0.046928 -0.998409 -0.0165755 0.0538887 52.2486
0.0512539 -0.00430521 0.998676 27.3147 -0.0156109 0.999865 0.00511151 -0.0494467 -0.998564 -0.0158522 0.0511798 52.2842
0.0458988 -0.0023102 0.998943 28.1275 -0.0149125 0.999884 0.00299756 -0.0583394 -0.998835 -0.0150343 0.0458591 52.3247
0.0383894 0.000574828 0.999263 28.9381 -0.0127353 0.999919 -8.59458e-005 -0.0562011 -0.999182 -0.0127226 0.0383936 52.3845
0.0313581 0.000544644 0.999508 29.7465 -0.008651 0.999963 -0.000273479 -0.0687706 -0.999471 -0.00863816 0.0313617 52.3983
0.0235897 0.00169933 0.99972 30.5488 -0.00343991 0.999993 -0.00161862 -0.0850004 -0.999716 -0.00340077 0.0235953 52.4181
0.0128127 0.00192328 0.999916 31.35 0.00258241 0.999995 -0.00195652 -0.0972113 -0.999915 0.00260726 0.0128077 52.431
0.00273052 0.000769746 0.999996 32.1484 0.00163277 0.999998 -0.000774206 -0.101313 -0.999995 0.00163488 0.00272926 52.4401
-0.00827732 0.00217164 0.999963 32.9411 0.000149441 0.999998 -0.00217048 -0.120469 -0.999966 0.00013147 -0.00827762 52.4398
-0.0193701 0.000790542 0.999812 33.7332 -0.00167129 0.999998 -0.000823068 -0.129451 -0.999811 -0.00168692 -0.0193688 52.424
-0.0298074 0.000133262 0.999556 34.5201 -0.000125089 1 -0.000137052 -0.135937 -0.999556 -0.000129119 -0.0298073 52.3916
-0.0417711 -0.000153139 0.999127 35.2998 0.00226858 0.999997 0.000248116 -0.160413 -0.999125 0.00227697 -0.0417707 52.3725
-0.0516093 0.00127871 0.998667 36.0748 0.00327459 0.999994 -0.00111119 -0.173153 -0.998662 0.00321287 -0.0516132 52.3224
-0.0619597 0.00112603 0.998078 36.8422 0.00194824 0.999998 -0.00100725 -0.194136 -0.998077 0.00188208 -0.0619617 52.2678
-0.0733869 -0.00090553 0.997303 37.6036 0.0036426 0.999993 0.00117601 -0.184609 -0.997297 0.00371908 -0.0733831 52.2358
-0.0809284 -0.00136306 0.996719 38.3545 0.00296421 0.999994 0.00160821 -0.210881 -0.996716 0.00308463 -0.0809239 52.1531
-0.0912443 5.19234e-005 0.995829 39.0995 0.00247227 0.999997 0.000174385 -0.221141 -0.995825 0.00247787 -0.0912441 52.0944
-0.100315 -0.00223896 0.994953 39.8358 -0.000596619 0.999997 0.00219015 -0.226454 -0.994956 -0.000373903 -0.100316 52.0191
-0.106324 -0.00430359 0.994322 40.5621 -0.00290914 0.999988 0.00401704 -0.240716 -0.994327 -0.00246552 -0.106335 51.9163
-0.112139 -0.00845114 0.993657 41.2826 -0.00500524 0.999956 0.00793986 -0.231497 -0.99368 -0.00408313 -0.112176 51.8451
-0.116106 -0.00948375 0.993192 41.9963 -0.00904655 0.999923 0.00849047 -0.251156 -0.993196 -0.00799917 -0.116183 51.7665
-0.118421 -0.0102917 0.99291 42.6953 -0.0097068 0.999911 0.00920659 -0.264121 -0.992916 -0.00854773 -0.11851 51.665
-0.120099 -0.011448 0.992696 43.3834 -0.0118092 0.999879 0.0101021 -0.272588 -0.992692 -0.0105097 -0.12022 51.6098
-0.120854 -0.0115135 0.992604 44.0567 -0.0119269 0.999877 0.0101457 -0.266213 -0.992599 -0.0106125 -0.120976 51.5242
-0.119607 -0.0130962 0.992735 44.7097 -0.0123069 0.999856 0.0117073 -0.293128 -0.992745 -0.0108172 -0.119751 51.4304
-0.119268 -0.01479 0.992752 45.3519 -0.0102606 0.999854 0.0136631 -0.289652 -0.992809 -0.00855665 -0.119402 51.4045
-0.109426 -0.0180202 0.993832 45.9668 -0.00962777 0.999808 0.0170685 -0.297954 -0.993948 -0.00770065 -0.109578 51.2752
-0.10503 -0.0133522 0.994379 46.574 -0.00749859 0.999892 0.0126342 -0.28519 -0.994441 -0.00612948 -0.105118 51.2554
-0.093244 -0.011711 0.995574 47.156 -0.0104302 0.999887 0.0107848 -0.307056 -0.995589 -0.00937847 -0.0933557 51.2028
-0.0818953 -0.0135737 0.996549 47.7196 -0.0131236 0.999835 0.01254 -0.317708 -0.996555 -0.0120513 -0.0820599 51.1791
-0.061484 -0.0139571 0.99801 48.2617 -0.0142375 0.999813 0.0131052 -0.307955 -0.998007 -0.0134034 -0.0616712 51.1432
-0.0415594 -0.00905507 0.999095 45.748 -0.0121428 0.99989 0.00855716 -0.313503 -0.999062 -0.0117762 -0.0416648 47.9599
-0.017967 -0.00732433 0.999812 46.2442 -0.00659988 0.999952 0.00720676 -0.295637 -0.999817 -0.00646916 -0.0180145 47.9681
0.0114212 -0.00842868 0.999899 46.5435 -0.00378043 0.999957 0.00847235 -0.309816 -0.999928 -0.00387681 0.0113888 47.7845
0.042523 0.00400988 0.999087 46.6503 -0.00488045 0.999981 -0.00380575 -0.317397 -0.999084 -0.00471416 0.0425417 47.4301
0.0814729 -0.0102505 0.996623 46.3541 -0.00867235 0.999902 0.0109931 -0.290736 -0.996638 -0.00953871 0.0813761 46.6925
0.120106 0.0637717 0.990711 45.2431 -0.0226941 0.99785 -0.0614801 -0.391882 -0.992502 -0.0150992 0.121295 45.0853
0.165963 0.0042039 0.986123 45.5342 -0.0179786 0.999838 -0.00123659 -0.284074 -0.985968 -0.0175239 0.166012 45.0977
0.258816 -0.130512 0.957069 45.4905 0.0543934 0.991227 0.12046 -0.444126 -0.964394 0.0208811 0.263645 44.0465
0.267731 0.0379694 0.962745 46.4646 0.0201583 0.998784 -0.0449966 -0.408796 -0.963283 0.0314543 0.26664 45.1719
0.321945 0.0125059 0.946676 47.0165 0.0203815 0.999589 -0.0201363 -0.427449 -0.946539 0.0257775 0.321558 45.342
0.405728 -0.0377442 0.913214 47.1279 -0.0502506 0.996715 0.063521 -0.385273 -0.912611 -0.0716618 0.402499 45.1173
0.451769 -0.0231192 0.891835 47.7077 -0.00711618 0.999539 0.029516 -0.384665 -0.892106 -0.0196809 0.451396 45.5477
0.514591 -0.0260932 0.857038 48.0097 -0.0137576 0.999157 0.0386806 -0.368845 -0.857325 -0.0316955 0.513799 45.7283
0.567452 -0.0218107 0.823117 48.4014 -0.0104621 0.999377 0.0336937 -0.351627 -0.82334 -0.0277311 0.566871 46.0724
0.625481 -0.0133059 0.780126 48.7065 -0.0167 0.999397 0.0304353 -0.335402 -0.780061 -0.0320648 0.624882 46.3948
0.666717 0.00562591 0.74529 48.9337 -0.0220354 0.999683 0.0121661 -0.306966 -0.744985 -0.0245341 0.66663 46.8133
0.733929 -0.0473273 0.677575 49.4062 0.0055914 0.997957 0.0636489 -0.31787 -0.679203 -0.0429252 0.732694 47.0056
0.762016 0.00325724 0.64755 49.5224 -0.0252696 0.999375 0.0247095 -0.281341 -0.647065 -0.0351924 0.761622 47.5526
0.808971 -0.00555841 0.587822 49.7824 -0.0208631 0.999054 0.0381592 -0.274819 -0.587478 -0.0431335 0.80809 47.932
0.846418 -0.00306175 0.532511 46.8639 -0.024979 0.998654 0.0454457 -0.28021 -0.531934 -0.0517676 0.845202 45.3164
0.873209 0.00674278 0.4873 49.2939 -0.0282076 0.998927 0.0367239 -0.232163 -0.486529 -0.0458132 0.872462 48.0807
0.901953 0.000689539 0.431834 49.3548 -0.0254817 0.998341 0.0516283 -0.255851 -0.431082 -0.0575702 0.900474 48.2975
0.923282 -0.00884719 0.38402 48.4637 -0.0148633 0.998163 0.058731 -0.247515 -0.383835 -0.0599331 0.921455 47.7581
0.938655 0.00157502 0.344854 49.4848 -0.0206909 0.998445 0.0517582 -0.247095 -0.344236 -0.0557184 0.937228 49.0651
0.949759 0.00868072 0.31286 49.4423 -0.0246276 0.998589 0.0470556 -0.208209 -0.31201 -0.0523965 0.948633 49.3995
0.959505 0.00841852 0.281567 49.2274 -0.0229182 0.998573 0.0482431 -0.185534 -0.280759 -0.0527425 0.958328 49.5582
0.965934 -0.00377197 0.258761 49.6756 -0.00897078 0.998805 0.0480469 -0.177589 -0.258632 -0.0487314 0.964746 50.3393
0.969913 -0.00589662 0.243382 49.8177 -0.00632179 0.99876 0.049391 -0.162686 -0.243372 -0.0494435 0.968672 50.8629
0.973222 -0.00447887 0.229825 46.8284 -0.00694312 0.998781 0.048866 -0.142997 -0.229763 -0.0491531 0.972005 48.146
0.975036 -0.00239058 0.222036 49.4386 -0.00814516 0.998884 0.0465228 -0.115642 -0.221899 -0.0471699 0.973928 51.2851
0.976206 0.00659228 0.216743 46.6053 -0.0161091 0.998981 0.0421711 -0.0820985 -0.216244 -0.0446592 0.975317 48.7262
0.976857 0.0150053 0.213365 46.6481 -0.0236246 0.999002 0.0379047 -0.064217 -0.212583 -0.0420681 0.976237 49.1427
0.976862 0.0180276 0.213109 46.119 -0.0263582 0.998993 0.0363144 -0.0629712 -0.212239 -0.0410913 0.976353 48.9989
0.976623 0.0114416 0.214654 44.9421 -0.0191109 0.99925 0.0336873 -0.0448329 -0.214108 -0.0370021 0.976109 48.1682
0.975566 -0.00450302 0.219661 46.7089 -0.00148489 0.999632 0.0270871 -0.0260349 -0.219702 -0.0267514 0.9752 50.4846
0.974628 -0.00497268 0.223775 44.0325 -9.85338e-005 0.999744 0.0226453 -0.0091787 -0.22383 -0.0220928 0.974378 47.962
0.973562 -0.00420488 0.228382 46.0209 -0.00104652 0.999738 0.0228679 -0.00194223 -0.228419 -0.0225024 0.973303 50.609
0.972344 0.000357102 0.233551 45.8101 -0.00679529 0.999619 0.0267624 0.00982677 -0.233453 -0.0276093 0.971976 50.8276
0.971252 -0.000710129 0.238051 43.0391 -0.00694195 0.999486 0.0313048 0.00100968 -0.237951 -0.0320574 0.970748 48.2007
0.970342 -0.00173403 0.241729 43.5419 -0.00753656 0.999271 0.0374213 0.0298187 -0.241618 -0.0381333 0.969622 49.1168
0.969378 -0.00179696 0.245567 42.5229 -0.00877163 0.999082 0.0419369 0.0480602 -0.245417 -0.0428067 0.968472 48.43
0.968484 -0.0100799 0.248872 43.1884 -0.000887284 0.999035 0.0439161 0.0721946 -0.249075 -0.0427529 0.96754 49.572
0.968369 -0.019564 0.248755 42.3946 0.0092655 0.999053 0.0425038 0.0702359 -0.249351 -0.0388545 0.967633 49.1371
0.968497 -0.0177971 0.248389 43.6162 0.00912417 0.999309 0.0360243 0.107288 -0.248859 -0.0326231 0.96799 50.9958
0.96871 -0.0159104 0.247685 43.328 0.00894685 0.999533 0.0292146 0.125912 -0.248034 -0.0260845 0.9684 51.1426
0.969416 -0.00546739 0.245363 43.2976 -0.000871973 0.999669 0.0257206 0.137509 -0.245422 -0.0251479 0.96909 51.5937
0.969962 -0.00487121 0.243207 43.4428 -0.00239713 0.99956 0.0295805 0.158537 -0.243244 -0.029275 0.969523 52.2585
0.970413 -0.00285439 0.241434 44.0114 -0.00618048 0.999309 0.0366562 0.183664 -0.241371 -0.0370638 0.969725 53.4134
