0.999994 -0.00266876 -0.00221869 -0.0135351 0.00266449 0.999995 -0.00192875 -0.0104086 0.00222383 0.00192283 0.999996 0.676429
0.999961 -0.00179 -0.00869473 -0.0100888 0.00176264 0.999993 -0.00315285 -0.0155504 0.00870031 0.0031374 0.999957 1.3312
0.999941 -0.00324714 -0.0103478 -0.0523879 0.00319123 0.99998 -0.00541442 -0.0118057 0.0103652 0.00538108 0.999932 2.01908
0.999876 -0.000385615 -0.0157505 -0.0377688 0.000298443 0.999985 -0.00553653 -0.0236629 0.0157524 0.00553114 0.999861 2.67672
0.99977 0.000574769 -0.0214301 -0.0393624 -0.000698694 0.999983 -0.00577569 -0.0304144 0.0214265 0.00578934 0.999754 3.35298
0.999725 -0.000165519 -0.0234338 -0.0805877 -2.29761e-008 0.999975 -0.00706406 -0.0367423 0.0234344 0.00706212 0.9997 4.09907
0.999545 0.00241759 -0.0300602 -0.104016 -0.0026381 0.99997 -0.0072983 -0.0469107 0.0300417 0.00737428 0.999521 4.79788
0.999374 0.00617161 -0.0348381 -0.112093 -0.00638526 0.999961 -0.00602469 -0.0481673 0.0347996 0.00624337 0.999375 5.47405
0.99927 0.00148425 -0.0381729 -0.169794 -0.00162157 0.999992 -0.0035667 -0.0580814 0.0381673 0.003626 0.999265 6.33826
0.999115 0.000895373 -0.0420477 -0.188398 -0.000927181 0.999999 -0.000736993 -0.0656317 0.042047 0.000775327 0.999115 6.89043
0.998951 0.000434327 -0.0457999 -0.22889 -0.000496449 0.999999 -0.00134503 -0.0736183 0.0457993 0.00136635 0.99895 7.7842
0.99895 0.000357285 -0.0458039 -0.288725 -0.000409187 0.999999 -0.00112376 -0.083354 0.0458035 0.00114133 0.99895 8.62295
0.998807 -0.00164633 -0.0487944 -0.322294 0.0015386 0.999996 -0.00224534 -0.0876836 0.0487979 0.00216758 0.998806 9.37978
0.9987 -0.00345231 -0.0508635 -0.361453 0.00340478 0.999994 -0.00102098 -0.100919 0.0508667 0.00084647 0.998705 10.1925
0.998719 -0.00557914 -0.0502915 -0.422864 0.00553064 0.999984 -0.00110365 -0.110667 0.0502968 0.000824095 0.998734 11.0541
0.998527 0.00526971 -0.0539914 -0.435198 -0.0054789 0.999978 -0.00372727 -0.119991 0.0539706 0.00401759 0.998534 11.7768
0.998624 0.0022981 -0.0523902 -0.512114 -0.00268141 0.99997 -0.00724738 -0.12463 0.052372 0.00737789 0.9986 12.5153
0.998374 0.00702415 -0.0565606 -0.553981 -0.00741293 0.99995 -0.00666669 -0.145458 0.056511 0.00707513 0.998377 13.437
0.998348 0.00588038 -0.0571626 -0.604722 -0.00630777 0.999953 -0.00729924 -0.15029 0.057117 0.00764775 0.998338 14.2255
0.998155 0.00374569 -0.0605983 -0.632343 -0.00413175 0.999972 -0.00624673 -0.167264 0.0605732 0.00648558 0.998143 15.0296
0.998243 0.00159652 -0.0592316 -0.697611 -0.00185858 0.999989 -0.00436958 -0.175824 0.059224 0.00447199 0.998235 15.9034
0.998164 -0.00127502 -0.0605527 -0.7681 0.00101549 0.99999 -0.00431655 -0.184012 0.0605576 0.00424713 0.998156 16.689
0.998131 0.0038219 -0.0609958 -0.83292 -0.00408524 0.999983 -0.00419331 -0.217198 0.0609787 0.00443465 0.998129 17.5888
0.997893 0.0012997 -0.0648725 -0.848178 -0.00163734 0.999985 -0.00515177 -0.233069 0.0648649 0.00524714 0.99788 18.4246
0.997526 -0.00666444 -0.0699817 -0.890175 0.00645647 0.999974 -0.00319748 -0.241609 0.0700012 0.00273774 0.997543 19.3422
0.998077 0.00180731 -0.0619604 -1.00831 -0.00184183 0.999998 -0.000499984 -0.253396 0.0619593 0.000613143 0.998078 20.307
0.998 0.00281021 -0.0631457 -1.04309 -0.00260547 0.999991 0.00332444 -0.260753 0.0631544 -0.00315327 0.997999 21.0814
0.997924 0.00270879 -0.0643486 -1.08951 -0.00227103 0.999974 0.00687502 -0.27594 0.0643655 -0.0067146 0.997904 21.9571
0.998196 0.000210448 -0.060035 -1.16814 0.000211251 0.999975 0.0070178 -0.265883 0.060035 -0.00701783 0.998172 23.0355
0.998217 -0.000100045 -0.0596969 -1.21136 0.000350641 0.999991 0.00418735 -0.284978 0.059696 -0.00420081 0.998208 23.9056
0.998244 0.00189376 -0.0592137 -1.29073 -0.00189663 0.999998 7.74705e-006 -0.289123 0.0592136 0.000104573 0.998245 24.8779
0.998375 -0.00105637 -0.0569835 -1.33558 0.000847256 0.999993 -0.00369376 -0.291549 0.0569869 0.00363948 0.998368 25.9287
0.998461 -0.00107675 -0.0554481 -1.41027 0.000921499 0.999996 -0.00282547 -0.303959 0.0554509 0.00277002 0.998458 26.8745
0.998401 -0.00457484 -0.0563377 -1.45579 0.00467287 0.999988 0.0016083 -0.307684 0.0563297 -0.00186899 0.99841 27.7558
0.998246 -0.010848 -0.0581983 -1.49731 0.0111416 0.999927 0.00472371 -0.315922 0.0581428 -0.00536385 0.998294 28.7384
0.998174 -0.0157279 -0.0583235 -1.56058 0.0159729 0.999865 0.0037365 -0.315192 0.0582568 -0.00466127 0.998291 29.6589
0.998284 -0.0109491 -0.0575222 -1.64495 0.0109951 0.999939 0.000484043 -0.332226 0.0575134 -0.00111568 0.998344 30.6396
0.998119 -0.00638164 -0.0609813 -1.68425 0.00616986 0.999974 -0.00366046 -0.341304 0.0610031 0.00327733 0.998132 31.6252
0.997927 -0.00149537 -0.0643358 -1.73438 0.00120912 0.999989 -0.00448793 -0.344929 0.0643418 0.00440084 0.997918 32.4573
0.997954 -0.000817945 -0.0639251 -1.78848 0.000631821 0.999996 -0.00293175 -0.363256 0.0639272 0.00288537 0.99795 33.3449
0.997948 0.00630022 -0.063718 -1.87649 -0.0062935 0.99998 0.000306212 -0.376522 0.0637186 9.54255e-005 0.997968 34.2769
0.997738 0.00019586 -0.0672179 -1.92012 -0.000131568 1 0.000960887 -0.378968 0.0672181 -0.00094987 0.997738 35.1575
0.997778 0.0069403 -0.0662713 -2.00635 -0.00664765 0.999967 0.00463547 -0.395618 0.0663013 -0.00418462 0.997791 36.0728
0.997752 6.06456e-006 -0.0670152 -2.06113 0.000452666 0.999977 0.00682998 -0.398752 0.0670137 -0.00684496 0.997729 37.0382
0.997585 0.00275167 -0.0694017 -2.14002 -0.00213436 0.999958 0.0089672 -0.396127 0.0694234 -0.00879741 0.997548 38.007
0.9977 0.00540244 -0.0675756 -2.21008 -0.00480016 0.999947 0.00907195 -0.404333 0.0676211 -0.0087267 0.997673 38.991
0.997671 0.00439092 -0.0680752 -2.28044 -0.00393739 0.999969 0.00679486 -0.408851 0.068103 -0.00651099 0.997657 40.0225
0.997579 0.00349162 -0.0694555 -2.32322 -0.00319746 0.999985 0.00434594 -0.405962 0.0694697 -0.00411334 0.997576 41.0254
0.997647 0.00511424 -0.0683692 -2.40213 -0.00475507 0.999974 0.00541508 -0.429563 0.0683951 -0.00507724 0.997645 42.003
0.997485 -0.00176778 -0.0708597 -2.47598 0.00219648 0.99998 0.0059725 -0.427603 0.0708477 -0.00611312 0.997468 43.0587
0.997519 -0.00107923 -0.0703861 -2.54377 0.00156261 0.999976 0.00681282 -0.431021 0.070377 -0.00690591 0.997497 44.0115
0.997357 0.000713921 -0.0726523 -2.60274 -0.000432192 0.999992 0.00389343 -0.454626 0.0726545 -0.00385174 0.99735 45.072
0.997404 0.00464326 -0.0718563 -2.71541 -0.00468192 0.999989 -0.00036965 -0.45409 0.0718537 0.000705116 0.997415 46.0628
0.997336 0.00468135 -0.0727892 -2.78627 -0.00482586 0.999987 -0.00180963 -0.471192 0.0727797 0.00215608 0.997346 47.0488
0.997245 -3.72989e-005 -0.0741792 -2.85142 0.000174978 0.999998 0.00184954 -0.480814 0.074179 -0.00185742 0.997243 47.9563
0.997255 -0.00318599 -0.0739798 -2.9168 0.00351833 0.999984 0.00436234 -0.480651 0.0739648 -0.00461064 0.99725 48.9061
0.997221 -0.0060936 -0.0742522 -2.97681 0.00645328 0.999969 0.00460504 -0.499458 0.0742218 -0.00507142 0.997229 49.8458
0.99723 -0.00618969 -0.0741231 -3.0936 0.00651946 0.99997 0.00420788 -0.503971 0.0740948 -0.00467947 0.99724 50.8767
0.997326 -0.00635207 -0.0728104 -3.15466 0.00654952 0.999975 0.00247346 -0.510466 0.0727929 -0.00294372 0.997343 51.7927
0.997402 -0.00612548 -0.0717768 -3.29068 0.00639373 0.999973 0.00350803 -0.506554 0.0717534 -0.00395784 0.997415 52.8258
0.997117 -0.00339541 -0.0758083 -3.31104 0.00397999 0.999963 0.00756148 -0.522334 0.0757798 -0.00784139 0.997094 53.6717
0.997095 -0.00522367 -0.0759849 -3.38981 0.00617272 0.999906 0.0122605 -0.529957 0.0759137 -0.012694 0.997034 54.6416
0.997162 -0.00174045 -0.0752702 -3.48954 0.00285875 0.999887 0.014752 -0.54463 0.0752361 -0.0149253 0.997054 55.5731
0.99697 -0.0014846 -0.0777695 -3.54681 0.00228705 0.999945 0.0102303 -0.538273 0.0777501 -0.0103772 0.996919 56.6351
0.996836 0.00580209 -0.0792774 -3.65243 -0.0055686 0.999979 0.00316605 -0.544844 0.0792942 -0.00271456 0.996848 57.6627
0.996822 0.00502835 -0.0795003 -3.69799 -0.00512734 0.999986 -0.00104104 -0.568073 0.079494 0.00144536 0.996834 58.5615
0.996718 0.00843748 -0.0805112 -3.8266 -0.00850115 0.999964 -0.000448167 -0.565556 0.0805045 0.00113113 0.996754 59.5465
0.996548 0.00912777 -0.0825208 -3.87463 -0.00905311 0.999958 0.00127896 -0.569889 0.082529 -0.000527471 0.996589 60.3525
0.996355 0.00565189 -0.0851159 -3.92751 -0.0053267 0.999978 0.00404726 -0.603462 0.0851369 -0.00357912 0.996363 61.1833
0.996518 0.0056852 -0.0831898 -4.06153 -0.00536651 0.999977 0.00405408 -0.607235 0.083211 -0.00359352 0.996525 62.0992
0.996421 0.00502545 -0.0843849 -4.13974 -0.00467179 0.999979 0.00438801 -0.615822 0.0844052 -0.00397807 0.996424 62.9095
0.996089 0.00187275 -0.088338 -4.20371 -0.00145097 0.999987 0.00483865 -0.622126 0.0883459 -0.00469155 0.996079 63.7802
0.996081 0.00175136 -0.0884246 -4.30309 -0.00119904 0.999979 0.00629889 -0.641674 0.0884338 -0.00616818 0.996063 64.6749
0.995973 -0.00146353 -0.0896449 -4.37595 0.00214899 0.999969 0.00755036 -0.656701 0.0896311 -0.0077126 0.995945 65.4989
0.995899 0.00128053 -0.0904656 -4.4713 -0.000472879 0.99996 0.00894853 -0.649432 0.0904735 -0.00886905 0.995859 66.3
0.995745 0.00212253 -0.092127 -4.55683 -0.000876515 0.999908 0.0135634 -0.652268 0.0921472 -0.0134249 0.995655 67.2578
0.995748 0.00642991 -0.0918987 -4.64121 -0.00504188 0.99987 0.0153282 -0.660573 0.0919853 -0.0147996 0.99565 68.0247
0.995629 0.00990132 -0.0928658 -4.72748 -0.00885406 0.999893 0.0116824 -0.666285 0.0929715 -0.0108091 0.99561 68.8261
0.995445 0.00783673 -0.0950144 -4.8227 -0.00741182 0.999961 0.00482421 -0.677222 0.0950485 -0.00409801 0.995464 69.6347
0.995288 0.00382742 -0.0968894 -4.88399 -0.00395379 0.999992 -0.00111231 -0.688509 0.0968843 0.00149015 0.995295 70.4592
0.995319 0.00257694 -0.0966098 -4.99998 -0.00282737 0.999993 -0.00245533 -0.693182 0.0966028 0.00271699 0.995319 71.3058
0.995398 0.00584002 -0.0956511 -5.05373 -0.00575573 0.999983 0.00115705 -0.692521 0.0956562 -0.000601186 0.995414 71.8597
0.994504 -0.000779453 -0.104692 -5.06357 0.00107355 0.999996 0.0027528 -0.716957 0.10469 -0.00285006 0.994501 72.5397
0.995222 -0.00058221 -0.0976334 -5.20492 0.000642516 1 0.000586242 -0.737604 0.097633 -0.000646172 0.995222 73.3118
0.99447 -0.0154056 -0.103881 -5.19003 0.0147649 0.999867 -0.00693335 -0.750248 0.103974 0.00536121 0.994566 73.911
0.99476 -0.0120931 -0.10152 -5.26456 0.0110446 0.99988 -0.0108841 -0.761202 0.101639 0.0097058 0.994774 74.5087
0.995466 -0.00783376 -0.0947918 -5.3391 0.00687458 0.999922 -0.0104412 -0.77067 0.0948662 0.00974224 0.995442 75.0662
0.995382 0.00181153 -0.0959716 -5.3644 -0.00254405 0.999969 -0.00751091 -0.787819 0.0959549 0.00772039 0.995356 75.5745
0.996058 0.00561163 -0.0885232 -5.41842 -0.00605961 0.99997 -0.0047927 -0.791243 0.0884936 0.00531023 0.996063 76.0135
0.996641 -0.000979085 -0.081883 -5.44399 0.00090291 0.999999 -0.000967312 -0.801769 0.0818839 0.00089013 0.996641 76.54
0.997053 -0.0110609 -0.0759122 -5.46605 0.0112653 0.999934 0.00226415 -0.816533 0.0758821 -0.00311265 0.997112 77.0525
0.997888 -0.00582608 -0.0646983 -5.50022 0.00601891 0.999978 0.00278595 -0.824793 0.0646806 -0.00316948 0.997901 77.5242
0.998772 0.00513246 -0.0492732 -5.53425 -0.00503554 0.999985 0.00209094 -0.828709 0.0492832 -0.00184026 0.998783 78.0489
0.999399 0.0129155 -0.0321561 -5.53762 -0.0128304 0.999914 0.00285154 -0.834354 0.0321901 -0.00243725 0.999479 78.5288
0.999912 0.00867808 -0.0100728 -5.53322 -0.00863702 0.999954 0.00411294 -0.842887 0.010108 -0.00402557 0.999941 78.9884
0.999867 -0.00138913 0.0162654 -5.49745 0.00130936 0.999987 0.00491406 -0.849789 -0.016272 -0.00489211 0.999856 79.4868
0.998969 -0.00724804 0.0448231 -5.45087 0.00692223 0.999949 0.00741971 -0.858605 -0.0448746 -0.00710178 0.998967 79.9428
0.996798 -0.00103094 0.0799495 -5.41672 0.000350184 0.999964 0.0085284 -0.854026 -0.0799554 -0.0084731 0.996762 80.4006
0.993259 -0.0025513 0.115885 -5.32116 0.00144104 0.999952 0.00966338 -0.863282 -0.115904 -0.00943124 0.993216 80.8865
0.988095 -0.00339222 0.153807 -5.18997 0.00205435 0.999959 0.00885642 -0.858019 -0.153831 -0.00843501 0.988061 81.3183
0.979414 -0.00164996 0.201854 -5.08693 -0.000449788 0.999946 0.010356 -0.865536 -0.20186 -0.0102336 0.979361 81.7787
0.968003 -0.00274317 0.250922 -4.93476 0.000387695 0.999955 0.0094362 -0.880283 -0.250937 -0.00903699 0.967961 82.209
0.952956 0.000446399 0.303108 -4.77599 -0.00254738 0.999975 0.00653612 -0.882784 -0.303098 -0.00700077 0.952934 82.6094
0.933436 -0.0013777 0.358742 -4.5796 -0.00010796 0.999992 0.00412123 -0.879446 -0.358745 -0.00388564 0.933428 83.012
0.909822 -0.00166818 0.414996 -4.3569 0.00036001 0.999995 0.00323046 -0.88036 -0.414999 -0.00278974 0.909818 83.388
0.881405 0.00188977 0.472358 -4.13365 -0.00281201 0.999995 0.0012464 -0.875734 -0.472354 -0.00242686 0.881406 83.7183
0.849083 -0.00470633 0.528239 -3.86217 0.00456461 0.999988 0.0015723 -0.875556 -0.52824 0.00107619 0.849094 84.0302
0.811256 -0.00451553 0.584673 -3.60956 0.0027223 0.999989 0.00394579 -0.902743 -0.584685 -0.00160939 0.811259 84.328
0.772419 -0.00615067 0.635084 -3.3133 0.00512743 0.999981 0.00344841 -0.888898 -0.635093 0.000592727 0.772436 84.608
0.7314 -0.00215365 0.681945 -3.00932 -0.00118733 0.999989 0.00443149 -0.892411 -0.681948 -0.00405089 0.73139 84.8629
0.685651 -0.00127214 0.72793 -2.70313 -0.00409271 0.999976 0.00560257 -0.902195 -0.727919 -0.00682061 0.685629 85.1011
0.639682 -0.00717413 0.768606 -2.36978 -0.000145271 0.999955 0.00945443 -0.909103 -0.76864 -0.00615949 0.639652 85.3138
0.588162 -0.00309123 0.808738 -2.02208 0.00594796 0.999982 -0.00050348 -0.865468 -0.808722 0.00510646 0.58817 85.5544
0.547589 -0.00964352 0.836692 -1.6797 0.00238027 0.999947 0.00996736 -0.922418 -0.836744 -0.00346647 0.547584 85.7111
0.503288 -0.0076569 0.864085 -1.28103 0.00144334 0.999967 0.00802031 -0.898432 -0.864117 -0.00278935 0.503283 85.8679
0.453805 0.00291279 0.891096 -0.923659 -0.00352181 0.999993 -0.00147521 -0.906053 -0.891094 -0.00246881 0.453812 86.0316
0.412256 -0.00706119 0.911041 -0.553565 -0.000246363 0.999969 0.00786193 -0.919856 -0.911068 -0.00346557 0.412242 86.1499
0.374432 -0.0274782 0.926847 -0.358 0.00898362 0.999621 0.0260065 -0.909866 -0.927211 -0.00141121 0.374537 86.1683
0.337599 -0.0262035 0.940925 -0.0220941 0.00609366 0.999652 0.0256526 -0.906892 -0.94127 -0.00292662 0.337642 86.2732
0.303685 -0.0202101 0.952558 0.317137 -0.000902169 0.999768 0.0214994 -0.906129 -0.952772 -0.00738841 0.303597 86.3681
0.274839 -0.00814534 0.961456 0.824921 -0.0144322 0.999817 0.0125959 -0.90895 -0.961382 -0.0173377 0.274671 86.4938
0.2456 -0.00216548 0.969369 1.40949 -0.012452 0.999908 0.00538854 -0.905947 -0.969291 -0.013394 0.245551 86.6458
0.219665 -0.00169842 0.975574 1.68725 -0.0101963 0.99994 0.0040367 -0.913979 -0.975522 -0.010834 0.219635 86.6781
0.197726 -0.0127635 0.980174 2.14713 0.00045145 0.999916 0.0129295 -0.91821 -0.980257 -0.00211399 0.197715 86.7301
0.176977 -0.0194111 0.984024 2.58917 0.0113393 0.999779 0.0176826 -0.908549 -0.98415 0.00802874 0.177158 86.7971
0.156125 -0.01818 0.98757 2.96343 0.0160247 0.999746 0.0158708 -0.893389 -0.987607 0.0133477 0.156376 86.8435
0.13962 -0.0139332 0.990107 3.40342 0.00465075 0.999899 0.0134151 -0.894912 -0.990194 0.00273173 0.139671 86.8978
0.124861 -0.0122962 0.992098 3.84343 -0.0118254 0.999834 0.0138803 -0.885219 -0.992104 -0.0134651 0.124695 86.9555
0.109954 -0.0111157 0.993875 4.2577 -0.0221698 0.999661 0.0136331 -0.886933 -0.993689 -0.023533 0.10967 86.9877
0.0958476 -0.0109998 0.995335 4.69366 -0.0223813 0.999662 0.0132029 -0.886951 -0.995144 -0.0235424 0.0955691 87.0355
0.0850911 -0.0175102 0.996219 5.22546 -0.0160724 0.999691 0.018944 -0.876778 -0.996244 -0.0176236 0.0847834 87.0473
0.07437 -0.0199252 0.997032 5.69317 -0.0130187 0.999696 0.0209495 -0.881052 -0.997146 -0.0145381 0.074088 87.0841
0.0664271 -0.0216767 0.997556 6.23671 -0.0106894 0.999691 0.0224349 -0.873699 -0.997734 -0.0121536 0.0661749 87.1132
0.0611655 -0.0228132 0.997867 6.77009 -0.0149528 0.999606 0.0237695 -0.860087 -0.998016 -0.0163748 0.0608003 87.135
0.0554928 -0.0236654 0.998179 7.30603 -0.0175094 0.999542 0.0246711 -0.86209 -0.998306 -0.0188466 0.0550531 87.1683
0.0500192 -0.0250642 0.998434 7.93117 -0.0192312 0.999476 0.0260538 -0.852912 -0.998563 -0.0205043 0.0495109 87.1819
0.0450552 -0.0251011 0.998669 8.49718 -0.0207319 0.999445 0.0260559 -0.842617 -0.998769 -0.0218783 0.0445099 87.2239
0.042567 -0.0280498 0.9987 9.01933 -0.0228768 0.999316 0.0290422 -0.850203 -0.998832 -0.0240833 0.0418962 87.2253
0.0408339 -0.0306802 0.998695 9.7737 -0.0239783 0.999211 0.0316764 -0.814823 -0.998878 -0.0252405 0.040066 87.2324
0.0363047 -0.0289948 0.99892 10.3247 -0.0266781 0.999195 0.0299724 -0.813158 -0.998985 -0.0277374 0.0355019 87.2809
0.0376769 -0.0360686 0.998639 11.0026 -0.0287638 0.998895 0.0371631 -0.800784 -0.998876 -0.0301248 0.0365978 87.3071
0.0377744 -0.0374337 0.998585 11.5204 -0.0297212 0.998814 0.0385666 -0.823242 -0.998844 -0.031136 0.036617 87.3615
0.0408131 -0.0416934 0.998297 12.389 -0.0284882 0.998674 0.0428738 -0.738907 -0.998761 -0.0301895 0.0395712 87.3642
0.0457603 -0.0437995 0.997992 13.1601 -0.0361254 0.998312 0.04547 -0.751773 -0.998299 -0.0381336 0.0441008 87.3968
0.0450684 -0.0390953 0.998219 13.7954 -0.0362483 0.998512 0.0407433 -0.724465 -0.998326 -0.0380199 0.0435842 87.4416
0.0532074 -0.0445415 0.99759 14.426 -0.0419871 0.998021 0.0468002 -0.679294 -0.9977 -0.044376 0.051232 87.4535
0.0563295 -0.0439437 0.997445 15.333 -0.0463132 0.997841 0.0465766 -0.665307 -0.997337 -0.0488185 0.0541727 87.5185
0.0592019 -0.0391987 0.997476 16.0351 -0.0466622 0.998028 0.0419899 -0.636184 -0.997155 -0.0490303 0.057256 87.5645
0.0653213 -0.040415 0.997046 16.8138 -0.0494058 0.997823 0.0436833 -0.595529 -0.99664 -0.0521133 0.0631824 87.6272
0.0693066 -0.0369153 0.996912 17.6672 -0.0461017 0.998129 0.0401654 -0.567954 -0.99653 -0.0487431 0.067475 87.6763
0.0700224 -0.0346904 0.996942 18.5365 -0.0376587 0.998591 0.0373928 -0.541708 -0.996834 -0.0401619 0.0686173 87.789
0.0725018 -0.0293667 0.996936 19.3694 -0.0308781 0.999021 0.0316738 -0.515558 -0.99689 -0.0330799 0.071524 87.823
0.0711342 -0.0243798 0.997169 20.254 -0.026953 0.999289 0.0263544 -0.504105 -0.997103 -0.0287514 0.0704265 87.9257
0.0734088 -0.0264071 0.996952 21.1632 -0.0285542 0.999184 0.0285687 -0.486603 -0.996893 -0.0305644 0.0725948 87.9391
0.071382 -0.0230976 0.997182 21.9855 -0.0298394 0.999235 0.0252812 -0.452226 -0.997003 -0.0315599 0.0706382 88.0612
0.0724846 -0.0252279 0.99705 22.7278 -0.0301749 0.999167 0.0274751 -0.454386 -0.996913 -0.0320775 0.071663 88.0782
0.0757383 -0.0243154 0.996831 23.67 -0.0303453 0.999183 0.0266784 -0.42976 -0.996666 -0.0322698 0.0749386 88.1509
0.0702315 -0.0177358 0.997373 24.553 -0.0243311 0.999514 0.0194872 -0.422281 -0.997234 -0.0256358 0.0697658 88.2551
0.0751036 -0.0194408 0.996986 25.3704 -0.026685 0.999413 0.0214983 -0.4075 -0.996819 -0.0282192 0.0745407 88.2932
0.0736282 -0.0155885 0.997164 26.2703 -0.0207719 0.999637 0.0171609 -0.403713 -0.997069 -0.0219765 0.0732777 88.3665
0.0701626 -0.012166 0.997461 27.1132 -0.0197827 0.999712 0.013585 -0.398422 -0.997339 -0.0206857 0.0699017 88.4255
0.0659306 -0.00985502 0.997776 27.8954 -0.0206339 0.999724 0.0112377 -0.399117 -0.997611 -0.0213289 0.065709 88.4967
0.0618062 -0.00717291 0.998062 28.7856 -0.0221252 0.999719 0.00855494 -0.406007 -0.997843 -0.0226111 0.0616301 88.5494
0.0559767 -0.00682646 0.998409 29.565 -0.0196304 0.999776 0.00793641 -0.403865 -0.998239 -0.0200434 0.0558301 88.5841
0.0468814 -0.00689549 0.998877 30.4798 -0.0142858 0.999869 0.00757284 -0.402733 -0.998798 -0.0146248 0.0467768 88.6542
0.0393368 -0.0044297 0.999216 31.4329 -0.00946769 0.999944 0.00480564 -0.420796 -0.999181 -0.0096493 0.0392927 88.6785
0.0296305 -0.00658996 0.999539 32.1989 -0.00511204 0.999964 0.00674431 -0.422779 -0.999548 -0.00530952 0.0295957 88.6976
0.0175908 -0.0060139 0.999827 33.1446 -0.00507616 0.999968 0.00610406 -0.413061 -0.999832 -0.00518265 0.0175598 88.7345
0.00812166 -0.0040192 0.999959 34.0795 -0.00762523 0.999963 0.00408115 -0.439089 -0.999938 -0.00765806 0.00809071 88.7409
-0.00279049 -0.00559441 0.99998 34.9271 -0.00877028 0.999946 0.00556975 -0.434821 -0.999958 -0.00875457 -0.0028394 88.7236
-0.0148786 -0.00693783 0.999865 36.1275 -0.00827235 0.999943 0.00681526 -0.432807 -0.999855 -0.00816983 -0.0149352 88.7436
-0.0255592 -0.00641693 0.999653 36.8111 -0.00464011 0.999969 0.00630032 -0.461774 -0.999663 -0.00447747 -0.0255882 88.699
-0.0355302 -0.00441769 0.999359 37.7212 -0.00406444 0.999983 0.00427594 -0.460144 -0.99936 -0.00390991 -0.0355476 88.6705
-0.0462358 -0.00668707 0.998908 38.5084 -0.00445956 0.999969 0.00648775 -0.478786 -0.998921 -0.00415472 -0.0462642 88.6259
-0.0557685 -0.00753314 0.998415 39.4863 -0.00427749 0.999964 0.0073059 -0.497714 -0.998435 -0.00386327 -0.0557987 88.57
-0.0659719 -0.0079336 0.99779 40.2444 -0.00381675 0.999963 0.00769852 -0.490708 -0.997814 -0.00330043 -0.0659998 88.5381
-0.0736409 -0.00862333 0.997248 41.1649 -0.00514017 0.999953 0.00826715 -0.495214 -0.997272 -0.00451722 -0.0736817 88.4367
-0.0829823 -0.0094445 0.996506 42.0085 -0.00718585 0.999935 0.00887861 -0.509222 -0.996525 -0.00642398 -0.0830448 88.3773
-0.0918486 -0.0124174 0.995696 42.795 -0.00964583 0.999886 0.0115798 -0.501577 -0.995726 -0.00854072 -0.0919579 88.3265
-0.0954412 -0.0146059 0.995328 43.5828 -0.0137852 0.999816 0.0133499 -0.512108 -0.99534 -0.0124467 -0.095625 88.2306
-0.0994464 -0.0179057 0.994882 44.349 -0.0157214 0.999742 0.0164217 -0.517424 -0.994919 -0.0140078 -0.0997022 88.1467
-0.103099 -0.018402 0.994501 45.2047 -0.0173244 0.99971 0.0167024 -0.508244 -0.99452 -0.0155071 -0.103388 88.0802
-0.104008 -0.0201708 0.994372 45.9777 -0.0190964 0.999651 0.0182805 -0.513344 -0.994393 -0.0170876 -0.104357 87.9918
-0.104669 -0.0197974 0.99431 46.729 -0.020565 0.999631 0.0177385 -0.512785 -0.994294 -0.0185913 -0.105038 87.915
-0.105166 -0.0212455 0.994228 47.5354 -0.0196155 0.999622 0.0192859 -0.512585 -0.994261 -0.0174741 -0.105543 87.8392
-0.11536 -0.0189858 0.993142 47.9238 -0.0116875 0.999774 0.017755 -0.472073 -0.993255 -0.00955917 -0.115556 87.889
-0.0961961 -0.0222878 0.995113 48.8576 -0.0171441 0.999638 0.0207319 -0.497763 -0.995215 -0.015066 -0.0965434 87.7222
-0.0885857 -0.0220755 0.995824 49.515 -0.0182091 0.999623 0.0205399 -0.492739 -0.995902 -0.0163135 -0.0889543 87.6829
-0.0840106 -0.0196832 0.99627 50.0223 -0.0199164 0.999638 0.0180703 -0.484723 -0.996266 -0.018324 -0.0843722 87.6676
-0.0652559 -0.0216105 0.997635 50.7546 -0.0230265 0.999532 0.0201455 -0.496802 -0.997603 -0.0216574 -0.065723 87.6199
-0.0486435 -0.0204112 0.998608 51.3177 -0.019837 0.999614 0.0194654 -0.488744 -0.998619 -0.0188625 -0.0490296 87.61
-0.0301811 -0.0165154 0.999408 51.8342 -0.0167651 0.999731 0.0160145 -0.494872 -0.999404 -0.0162719 -0.0304499 87.6209
-0.00291391 -0.0175112 0.999842 52.415 -0.0132787 0.999759 0.0174711 -0.492943 -0.999908 -0.0132257 -0.00314574 87.6255
0.0246792 -0.0149353 0.999584 52.9741 -0.0127072 0.999803 0.0152523 -0.486296 -0.999615 -0.0130783 0.0244846 87.6703
0.0565836 -0.0127127 0.998317 53.4525 -0.0137347 0.999814 0.0135102 -0.492057 -0.998303 -0.0144761 0.0563985 87.7203
0.0940459 -0.0134376 0.995477 53.9697 -0.0173929 0.999734 0.0151382 -0.479902 -0.995416 -0.0187379 0.0937872 87.8028
0.136776 -0.010003 0.990551 54.4673 -0.0215953 0.999681 0.0130771 -0.479109 -0.990367 -0.0231799 0.136517 87.8719
0.180053 -0.00511624 0.983644 54.9555 -0.0234925 0.999679 0.00949989 -0.478253 -0.983376 -0.0248188 0.179875 88.022
0.227518 -0.00115019 0.973773 55.4544 -0.025999 0.999636 0.00725529 -0.467845 -0.973427 -0.0269678 0.227405 88.177
0.280598 0.000284435 0.959825 55.9116 -0.0257424 0.999642 0.00722938 -0.4657 -0.95948 -0.0267368 0.280505 88.339
0.34092 -0.13577 0.930237 56.1534 0.0492294 0.990737 0.126558 -0.454583 -0.938803 0.00264891 0.344445 88.318
0.389876 -0.0054765 0.920851 56.8783 -0.00822436 0.999922 0.00942883 -0.453382 -0.920831 -0.0112495 0.3898 88.7642
0.465055 -0.0462627 0.884072 57.2781 -0.0360507 0.996816 0.0711265 -0.405421 -0.884548 -0.0649491 0.461906 88.9276
0.510076 -0.0217429 0.859854 57.7462 -0.00460877 0.999597 0.0280105 -0.41149 -0.860117 -0.0182504 0.50977 89.3111
0.572218 -0.0285076 0.819606 58.0526 -0.0191583 0.998658 0.048111 -0.375383 -0.819878 -0.0432322 0.570904 89.5551
0.62549 -0.0141416 0.780104 58.4163 -0.0178138 0.999316 0.0323986 -0.364692 -0.780029 -0.0341616 0.62481 89.9414
0.666705 0.00490453 0.745306 58.6307 -0.0231493 0.999632 0.0141298 -0.337538 -0.744962 -0.0266738 0.666573 90.3539
0.73603 -0.049658 0.675125 58.9996 0.00146787 0.997421 0.0717637 -0.339843 -0.676947 -0.0518293 0.734205 90.4517
0.772564 -0.0131342 0.634801 59.1823 -0.0166789 0.999021 0.0409684 -0.323765 -0.634718 -0.0422385 0.771588 90.9026
0.806614 -0.00453794 0.591061 59.375 -0.0188975 0.999261 0.0334611 -0.301856 -0.590776 -0.0381598 0.805932 91.3063
0.850935 -0.00571781 0.52524 59.6304 -0.0312317 0.997621 0.0614584 -0.250558 -0.524341 -0.0687013 0.848732 91.6646
0.877015 0.00514795 0.480435 59.6322 -0.0317945 0.998373 0.0473418 -0.255674 -0.47941 -0.0567947 0.875752 91.9633
0.902973 -7.14811e-005 0.429698 59.8837 -0.0273107 0.997969 0.0575571 -0.259335 -0.428829 -0.0637079 0.901136 92.4531
0.92536 -0.0100274 0.378957 60.031 -0.0179128 0.997377 0.0701317 -0.229356 -0.378667 -0.0716853 0.922753 92.8703
0.940627 0.00074613 0.339442 60.2071 -0.0229663 0.997846 0.0614484 -0.246949 -0.338665 -0.0655957 0.938618 93.402
0.95177 0.00373061 0.306791 60.3584 -0.0222039 0.998142 0.0567466 -0.1789 -0.306009 -0.0608216 0.950084 93.9505
0.960911 0.00759532 0.276752 60.4121 -0.0247885 0.997969 0.0586793 -0.162078 -0.275744 -0.0632459 0.959148 94.3272
0.967223 -0.00443333 0.25389 60.5592 -0.0105238 0.998289 0.0575234 -0.153071 -0.253711 -0.0583099 0.965521 94.8505
0.970978 -0.0101462 0.238953 60.6924 -0.00384477 0.998308 0.0580124 -0.117152 -0.239138 -0.0572475 0.969297 95.3914
0.974072 -0.0105605 0.22599 60.772 -0.00259714 0.998322 0.0578456 -0.0867977 -0.226222 -0.0569328 0.972411 95.8822
0.976128 0.00299039 0.217174 60.8904 -0.0154538 0.998327 0.0557136 -0.0646899 -0.216644 -0.0577398 0.974542 96.4608
0.977306 0.012128 0.211487 60.9901 -0.0237992 0.998325 0.0527285 -0.03437 -0.210493 -0.0565651 0.975957 96.9545
0.977871 0.0128659 0.208813 61.0846 -0.0234819 0.99855 0.0484407 -0.00352255 -0.207887 -0.0522721 0.976755 97.5106
0.978008 0.00783485 0.20842 61.2023 -0.017708 0.998805 0.0455479 0.00908181 -0.207814 -0.048237 0.976978 98.1019
0.977705 -0.00133858 0.209979 61.3508 -0.00779697 0.999059 0.042673 0.0303616 -0.209839 -0.0433588 0.976774 98.6909
0.976595 -0.0112143 0.214792 61.4291 0.00319048 0.999285 0.0376664 0.0356917 -0.215061 -0.0360996 0.975933 99.1554
0.975623 -0.0123467 0.219104 61.5725 0.0052748 0.999447 0.0328323 0.0680349 -0.219389 -0.0308762 0.975149 99.7554
0.974796 -0.0043385 0.223056 61.7025 -0.00296355 0.999471 0.0323912 0.0871538 -0.223079 -0.0322359 0.974267 100.347
0.973393 0.0035724 0.229114 61.8002 -0.0121319 0.99928 0.0359617 0.0979023 -0.22882 -0.0377844 0.972735 100.842
0.972209 0.00213681 0.234104 61.917 -0.0120917 0.999082 0.0410962 0.10867 -0.233802 -0.0427848 0.971343 101.341
0.971515 -0.0047876 0.236929 62.0652 -0.00649127 0.998883 0.0468014 0.130717 -0.236889 -0.0470062 0.970399 101.867
0.9706 -0.0120458 0.240398 62.1994 -0.000550261 0.998633 0.052261 0.150644 -0.240699 -0.0508568 0.969266 102.444
0.969774 -0.0138986 0.24361 62.3859 0.000857434 0.998564 0.0535577 0.183467 -0.244004 -0.0517299 0.968393 103.147
0.969867 -0.0174729 0.243006 62.5545 0.00484802 0.998612 0.0524542 0.206114 -0.243585 -0.0496956 0.968605 103.8
0.969926 -0.0174407 0.242774 62.7427 0.00650806 0.998931 0.0457617 0.235655 -0.243313 -0.0428055 0.969003 104.544
0.969996 -0.0126693 0.24279 62.9259 0.00328835 0.999234 0.0390044 0.267753 -0.243098 -0.0370357 0.969294 105.269
0.971052 -0.00641541 0.238782 63.0917 -0.00209541 0.999372 0.0353717 0.305055 -0.238859 -0.0348481 0.970429 105.915
0.971612 -0.00665785 0.236485 63.2644 -0.00288907 0.999195 0.0400007 0.320467 -0.236561 -0.0395484 0.970812 106.64
0.971678 -0.00581797 0.236238 63.3876 -0.00543177 0.998883 0.0469417 0.34879 -0.236247 -0.0468954 0.970561 107.243
0.972984 -0.00490868 0.23082 63.5602 -0.00736124 0.998606 0.0522667 0.368679 -0.230755 -0.0525538 0.971592 107.937
0.972946 -0.00137508 0.231029 63.7464 -0.0107684 0.998626 0.0512933 0.393166 -0.230782 -0.0523934 0.971594 108.75
0.973424 0.00299889 0.228991 63.9561 -0.0137228 0.998881 0.0452531 0.448683 -0.228599 -0.0471929 0.972376 109.738
0.974436 0.00117203 0.224661 64.0976 -0.0104398 0.999142 0.0400689 0.467037 -0.224421 -0.0413901 0.973613 110.402
0.975337 -0.00391249 0.220686 64.2951 -0.00468245 0.999251 0.0384099 0.495807 -0.220671 -0.038496 0.974588 111.212
0.976098 -0.00768005 0.217195 64.4607 -0.000755697 0.999249 0.0387297 0.528762 -0.21733 -0.0379682 0.97536 111.974
0.977018 -0.0114464 0.212851 64.6145 0.002518 0.999107 0.0421705 0.54633 -0.213144 -0.0406654 0.976174 112.692
0.977426 -0.0100682 0.211036 64.7895 0.000538697 0.998979 0.0451648 0.573441 -0.211275 -0.0440316 0.976434 113.48
0.977625 -0.0118285 0.210022 64.9636 0.00181836 0.998856 0.0477918 0.604737 -0.210347 -0.0463406 0.976528 114.232
0.977756 -0.0120247 0.209399 65.124 0.00155878 0.998744 0.0500744 0.631066 -0.209738 -0.0486342 0.976547 115.001
0.977963 -0.0121066 0.208429 65.2941 0.00140211 0.998676 0.0514294 0.656965 -0.208775 -0.0500038 0.976684 115.746
0.977801 -0.00193397 0.209524 65.4568 -0.00827702 0.99882 0.0478463 0.702208 -0.20937 -0.0485184 0.976632 116.622
0.977298 0.0071929 0.211747 65.4215 -0.0167271 0.998923 0.0432697 0.695425 -0.211208 -0.0458293 0.976366 116.479
0.977569 0.0123779 0.210253 65.7377 -0.0215808 0.998904 0.0415325 0.755162 -0.209509 -0.0451383 0.976764 118.041
0.976518 0.014308 0.214962 65.9031 -0.0233393 0.998946 0.0395339 0.782125 -0.214169 -0.0436226 0.975822 118.835
0.976481 0.00919446 0.215406 66.0351 -0.0184166 0.998996 0.0408449 0.805021 -0.214814 -0.0438513 0.97567 119.321
0.975477 0.00446187 0.220057 66.2655 -0.0136955 0.999088 0.0404523 0.836871 -0.219675 -0.0424741 0.974648 120.449
0.974951 -0.00328732 0.222396 66.4666 -0.00534437 0.999256 0.0381993 0.864468 -0.222356 -0.038431 0.974208 121.368
0.975278 -0.0151468 0.220463 66.6624 0.00644838 0.999174 0.0401218 0.894685 -0.220888 -0.0377083 0.97457 122.031
0.974883 -0.0189887 0.221906 66.8715 0.00998033 0.999083 0.0416464 0.915874 -0.222493 -0.0383856 0.974178 123.071
0.97423 -0.0160905 0.224984 67.0149 0.0071325 0.999151 0.0405722 0.943474 -0.225446 -0.037922 0.973517 123.817
0.97392 -0.00563451 0.226822 67.2439 -0.00371522 0.999162 0.0407726 0.985873 -0.226861 -0.0405519 0.973082 124.717
0.974019 -0.00103286 0.226462 67.4379 -0.0101335 0.998789 0.0481397 1.00602 -0.226237 -0.0491839 0.97283 125.594
0.972903 0.0072811 0.231099 67.6104 -0.0190396 0.998632 0.0486913 1.03251 -0.230428 -0.051772 0.971711 126.429
0.972796 0.00326796 0.231638 67.8364 -0.0135284 0.998995 0.0427205 1.06884 -0.231266 -0.044692 0.971863 127.443
0.973044 -0.010683 0.23037 67.8657 0.00333698 0.999474 0.032254 1.06108 -0.230594 -0.0306158 0.972568 127.483
0.972654 -0.016118 0.231701 68.2313 0.0113121 0.999693 0.0220557 1.11586 -0.231985 -0.0188316 0.972537 129.125
0.972883 -0.015753 0.230761 68.3962 0.00863686 0.999456 0.0318154 1.13338 -0.231136 -0.0289596 0.97249 129.858
0.973982 -0.0115366 0.226332 68.4818 -0.000678551 0.998551 0.0538183 1.13781 -0.226625 -0.0525716 0.972562 130.065
0.973752 -0.00525693 0.227552 68.712 -0.010106 0.997749 0.0662962 1.18883 -0.227388 -0.0668557 0.971507 131.216
0.973909 -0.00352219 0.22691 68.9177 -0.0107923 0.998029 0.061813 1.20922 -0.226681 -0.0626491 0.971952 132.122
0.973674 0.00458893 0.227901 69.0776 -0.0150358 0.998913 0.0441244 1.25924 -0.227451 -0.0463894 0.972684 133
0.974393 -0.00325972 0.224827 69.3227 -0.00528517 0.999287 0.0373943 1.29626 -0.224788 -0.037625 0.973681 134.079
0.974783 -0.00983697 0.22294 69.4913 0.00180799 0.999343 0.0361896 1.33062 -0.223149 -0.0348739 0.97416 134.75
0.975372 -0.011556 0.220261 69.712 0.00297117 0.999224 0.0392673 1.33718 -0.220544 -0.0376458 0.97465 135.812
0.975579 -0.00853865 0.219484 69.929 0.00103139 0.999411 0.034296 1.41361 -0.219647 -0.0332321 0.975013 136.87
0.97674 -0.00388997 0.21439 70.0703 -0.0035256 0.999409 0.0341959 1.40762 -0.214396 -0.0341564 0.976149 137.431
0.977273 0.00184711 0.211976 70.2315 -0.00924198 0.999383 0.0338999 1.41302 -0.211783 -0.0350885 0.976687 138.334
0.977236 0.0112864 0.211856 70.4361 -0.0180154 0.999392 0.0298589 1.46139 -0.21139 -0.0329958 0.976845 139.392
0.978157 0.00812334 0.207708 70.592 -0.0152616 0.999346 0.0327876 1.46304 -0.207306 -0.0352413 0.977641 140.066
0.978234 0.00346236 0.207474 70.7381 -0.011616 0.999207 0.038094 1.48251 -0.207178 -0.0396749 0.977499 140.837
0.978453 -0.00463192 0.206417 70.9568 -0.00319885 0.999288 0.0375868 1.50251 -0.206444 -0.0374373 0.977742 141.891
0.978717 -0.00535217 0.205147 71.12 -0.0019809 0.999367 0.0355234 1.53914 -0.205207 -0.0351737 0.978086 142.752
0.979882 -0.0126871 0.199172 71.286 0.00632691 0.999451 0.032537 1.54668 -0.199476 -0.0306223 0.979424 143.486
0.981051 -0.0134994 0.193281 71.4845 0.00749035 0.999467 0.0317866 1.56777 -0.193607 -0.0297365 0.980628 144.407
0.982173 -0.0121239 0.187588 71.6026 0.00542734 0.999331 0.0361707 1.58985 -0.187901 -0.0345078 0.981582 145.11
0.983506 -0.00773351 0.18071 71.7386 -0.000604469 0.998939 0.0460395 1.59213 -0.180875 -0.0453893 0.982458 145.825
0.984062 -0.00444679 0.177767 71.8401 -0.00536192 0.998491 0.0546587 1.62059 -0.177742 -0.0547408 0.982553 146.464
0.984593 0.00438863 0.174808 71.9832 -0.0141616 0.998402 0.0546987 1.6583 -0.174288 -0.0563315 0.983082 147.382
0.98572 0.0067425 0.168257 72.1232 -0.0155474 0.998574 0.0510678 1.6656 -0.167673 -0.0529546 0.984419 148.094
0.986653 0.00486465 0.162762 72.2425 -0.011688 0.999091 0.0409911 1.71115 -0.162414 -0.0423464 0.985814 148.996
0.987921 -0.00809193 0.154749 72.4124 0.00261984 0.999365 0.0355323 1.75714 -0.154939 -0.0346977 0.987315 149.995
0.988723 -0.0081532 0.149536 72.513 0.00270587 0.999326 0.0365955 1.76536 -0.149734 -0.0357782 0.988079 150.748
0.989966 -0.00210074 0.14129 72.6065 -0.00346029 0.999229 0.0391017 1.78758 -0.141264 -0.0391983 0.989196 151.473
0.991121 0.00720167 0.13277 72.7033 -0.0121582 0.999258 0.0365588 1.80934 -0.132408 -0.0378484 0.990472 152.273
0.992237 0.0112619 0.123853 72.7898 -0.0151361 0.999424 0.0303842 1.82213 -0.123439 -0.032023 0.991835 153.016
0.993291 0.00547652 0.115512 72.8855 -0.00868913 0.999589 0.0273267 1.84468 -0.115315 -0.028147 0.99293 153.836
0.9943 -0.00368289 0.106555 72.9706 0.000372449 0.999517 0.031071 1.85716 -0.106618 -0.0308542 0.993821 154.671
0.995002 0.00209411 0.0998324 73.0314 -0.00578484 0.99931 0.0366942 1.87107 -0.0996866 -0.0370883 0.994327 155.394
0.995748 0.00765556 0.0918047 73.081 -0.0114537 0.999097 0.0409163 1.89241 -0.0914086 -0.0417939 0.994936 156.112
0.996411 0.0072293 0.0843323 73.1361 -0.0110798 0.998913 0.0452804 1.90689 -0.0839133 -0.0460523 0.995408 156.927
0.996936 0.00340875 0.0781445 73.195 -0.00704846 0.9989 0.0463482 1.93879 -0.0779006 -0.046757 0.995864 157.784
0.997297 -0.000327087 0.0734813 73.2615 -0.00292127 0.999023 0.0440948 1.95884 -0.0734239 -0.0441902 0.996321 158.584
0.997528 0.00482745 0.0701017 73.3146 -0.00755201 0.999224 0.038653 1.98259 -0.0698607 -0.0390868 0.996791 159.565
0.997788 0.00669687 0.0661317 73.3491 -0.00877786 0.999474 0.031227 2.0131 -0.0658878 -0.0317385 0.997322 160.481
0.997879 0.00980828 0.0643593 73.3679 -0.0117032 0.999507 0.0291318 2.02637 -0.0640418 -0.0298232 0.997501 161.256
0.998208 0.00775387 0.059329 73.4564 -0.00987956 0.999317 0.0356199 2.05573 -0.0590122 -0.0361422 0.997603 162.26
0.998326 0.0048135 0.0576367 73.4782 -0.0074062 0.998966 0.0448546 2.07342 -0.0573612 -0.0452064 0.997329 162.987
0.998437 0.00611222 0.0555537 73.5058 -0.00899284 0.998619 0.0517519 2.1014 -0.0551607 -0.0521706 0.997114 163.95
0.998767 0.000177738 0.0496397 73.4448 -0.00260326 0.998805 0.0488021 2.0661 -0.0495717 -0.0488712 0.997574 164.37
0.998925 -0.0136278 0.0443147 73.5832 0.0118958 0.999164 0.0391161 2.14386 -0.0448107 -0.0385469 0.998252 165.718
0.999111 -0.0186875 0.0377914 73.6093 0.0174001 0.999267 0.0341126 2.17038 -0.0384011 -0.0334246 0.998703 166.692
0.999508 0.000625483 0.0313734 73.6326 -0.00172083 0.999389 0.0348984 2.19582 -0.0313324 -0.0349352 0.998898 167.507
0.999707 0.000567042 0.0241793 73.6436 -0.00155739 0.99916 0.0409593 2.21646 -0.0241357 -0.0409849 0.998868 168.354
0.999859 -0.00263686 0.0165961 73.6601 0.00189775 0.999012 0.0443944 2.25262 -0.0166968 -0.0443567 0.998876 169.497
0.999808 -0.0169003 0.00993287 73.6611 0.0163891 0.998641 0.0494708 2.27431 -0.0107554 -0.0492985 0.998726 170.067
0.999863 -0.0161143 0.00376229 73.6839 0.0159144 0.998712 0.0481858 2.30602 -0.00453392 -0.0481193 0.998831 170.993
0.999874 -0.0155769 -0.00291904 73.6741 0.0156833 0.999041 0.0408684 2.33242 0.00227964 -0.0409091 0.99916 172.079
0.999814 -0.0163336 -0.010294 73.6575 0.0166504 0.999366 0.0314777 2.35486 0.00977328 -0.0316432 0.999451 172.791
0.99962 -0.0214178 -0.0173713 73.665 0.0218788 0.999402 0.0267937 2.38618 0.016787 -0.0271636 0.99949 173.823
0.999564 -0.0164295 -0.024514 73.66 0.0172597 0.999271 0.0340508 2.39968 0.0239367 -0.034459 0.999119 174.687
0.99958 0.00445158 -0.0286365 73.6017 -0.00308217 0.998858 0.0476881 2.42474 0.0288161 -0.0475798 0.998452 175.391
0.999264 0.0205048 -0.0324319 73.5679 -0.0187004 0.998312 0.0549924 2.4497 0.0335047 -0.0543454 0.99796 176.168
0.999199 0.0152386 -0.0370143 73.5506 -0.0132872 0.998537 0.0524066 2.46792 0.0377588 -0.0518728 0.99794 176.8
0.999226 0.00727614 -0.0386635 73.4859 -0.00566847 0.999121 0.0415291 2.51357 0.0389317 -0.0412778 0.998389 178.018
0.999094 0.013218 -0.0404613 73.4157 -0.0119114 0.999405 0.0323639 2.5509 0.040865 -0.0318527 0.998657 179.04
0.998991 0.0123477 -0.0431807 73.3761 -0.0110975 0.999516 0.0290725 2.56736 0.0435187 -0.0285639 0.998644 179.838
0.998944 0.00560837 -0.04559 73.3477 -0.00407703 0.999427 0.0336132 2.58889 0.0457523 -0.0333918 0.998395 180.706
0.998943 -0.00615482 -0.0455449 73.321 0.00808051 0.999076 0.0422186 2.60641 0.0452429 -0.0425421 0.99807 181.262
0.998953 -0.00477453 -0.0455071 73.2595 0.00695581 0.998828 0.0478957 2.63681 0.0452251 -0.0481621 0.997815 182.295
0.998894 0.00171216 -0.046988 73.2184 0.000514022 0.998879 0.0473247 2.65882 0.0470164 -0.0472965 0.997774 183.166
0.998829 0.000885902 -0.0483788 73.1674 0.000924692 0.9993 0.0373901 2.6886 0.0483781 -0.0373911 0.998129 184.033
0.998569 -0.0116858 -0.0521826 73.1392 0.0130463 0.999582 0.0258078 2.70396 0.0518592 -0.0264517 0.998304 184.964
0.998273 -0.0228292 -0.0541363 73.1006 0.0239908 0.999494 0.020905 2.72987 0.0536317 -0.0221677 0.998315 186.018
0.998377 -0.0162771 -0.0545789 73.0472 0.017702 0.999512 0.0257255 2.74795 0.0541336 -0.0266499 0.998178 186.903
0.998416 -0.00173709 -0.056234 73.0003 0.00381365 0.999314 0.0368409 2.7532 0.0561314 -0.036997 0.997738 187.497
0.99826 0.00833887 -0.0583671 72.9468 -0.00597376 0.999158 0.0405791 2.76682 0.0586564 -0.0401599 0.99747 188.392
0.99824 0.0104086 -0.0583912 72.888 -0.00826328 0.999286 0.0368618 2.80592 0.0587332 -0.0363144 0.997613 189.819
0.99833 0.00279927 -0.0577069 72.8152 -0.00103848 0.999534 0.03052 2.81999 0.0577654 -0.0304091 0.997867 190.496
0.998262 0.00946926 -0.0581678 72.7558 -0.00768483 0.999495 0.0308248 2.84448 0.0584303 -0.0303242 0.997831 191.461
0.998235 0.0117915 -0.0582088 72.6932 -0.00984409 0.999386 0.0336304 2.86439 0.0585696 -0.032998 0.997738 192.333
0.998212 0.00760131 -0.0592818 72.6441 -0.00536952 0.999274 0.0377161 2.87282 0.0595254 -0.0373304 0.997529 193.123
0.998225 0.00843746 -0.0589613 72.5853 -0.00606985 0.999172 0.0402197 2.89464 0.0592518 -0.0397904 0.99745 193.976
0.998216 0.0088061 -0.0590526 72.5242 -0.00644293 0.999175 0.0400897 2.9165 0.059357 -0.0396377 0.99745 194.811
