0.999993 -0.00137303 -0.00338692 -0.00590868 0.00136543 0.999997 -0.0022434 -0.00116763 0.00338999 0.00223876 0.999992 0.65323
0.999969 0.00150517 -0.00770404 -0.00875145 -0.00153926 0.999989 -0.00442198 0.00633033 0.0076973 0.0044337 0.999961 0.673171
0.999936 0.000624726 -0.0112949 -0.0184325 -0.000691542 0.999982 -0.00591268 -0.00441631 0.011291 0.00592011 0.999919 0.680627
0.999867 0.00236063 -0.016125 -0.0180198 -0.00247005 0.999974 -0.00676944 -0.00393372 0.0161086 0.00680837 0.999847 0.692515
0.999808 -0.000416222 -0.0196124 -0.0268385 0.000279437 0.999976 -0.00697666 -0.010215 0.0196148 0.00696984 0.999783 0.707465
0.999693 0.00244994 -0.0246709 -0.0217039 -0.00264368 0.999966 -0.00782345 -0.0122726 0.0246509 0.00788626 0.999665 0.71378
0.999528 0.00287523 -0.0305983 -0.0203392 -0.00313042 0.999961 -0.00829515 -0.00943919 0.0305733 0.00838702 0.999497 0.733873
0.999397 0.00122735 -0.0347034 -0.0360228 -0.00146442 0.999976 -0.00680663 -0.00723222 0.0346942 0.00685335 0.999374 0.735603
0.999229 7.98741e-006 -0.0392667 -0.0331624 -0.000156492 0.999993 -0.00377887 -0.0117282 0.0392664 0.0037821 0.999222 0.741765
0.999093 -0.000295307 -0.0425808 -0.0388214 0.000261559 1 -0.000798143 -0.0146175 0.042581 0.000786282 0.999093 0.753031
0.999015 0.00285147 -0.0442917 -0.052469 -0.00292273 0.999995 -0.00154429 -0.00646513 0.044287 0.00167222 0.999017 0.772366
0.998911 -0.00111289 -0.0466506 -0.0375572 0.00104321 0.999998 -0.00151805 -0.00886737 0.0466522 0.00146773 0.99891 0.772166
0.998845 -0.00272364 -0.0479676 -0.04544 0.0025985 0.999993 -0.00267095 -0.000820111 0.0479745 0.00254322 0.998845 0.791826
0.998746 -0.000514072 -0.0500537 -0.0386131 0.000426594 0.999998 -0.00175836 -0.00958951 0.0500545 0.0017348 0.998745 0.781621
0.99866 -0.000601588 -0.0517493 -0.0418159 0.00050262 0.999998 -0.00192544 -0.0115621 0.0517504 0.00189685 0.998658 0.80146
0.998528 0.00136006 -0.0542131 -0.041105 -0.00158383 0.99999 -0.00408491 -0.0104381 0.054207 0.00416476 0.998521 0.819534
0.998558 0.00120458 -0.053671 -0.0672388 -0.00160569 0.999971 -0.00743114 -0.000122723 0.0536605 0.0075066 0.998531 0.813166
0.998495 0.00565494 -0.0545579 -0.063464 -0.00613595 0.999944 -0.00865313 -0.0118645 0.0545059 0.00897487 0.998473 0.813032
0.998408 -1.60138e-005 -0.0564013 -0.0411497 -0.00046205 0.999964 -0.00846305 -0.0101004 0.0563995 0.00847564 0.998372 0.828106
0.998404 -0.000371489 -0.0564662 -0.0661249 -4.03783e-005 0.999973 -0.00729272 -0.0114519 0.0564674 0.00728337 0.998378 0.841709
0.998323 -0.000345832 -0.057886 -0.0500073 5.95225e-006 0.999983 -0.00587161 -0.0131909 0.057887 0.00586142 0.998306 0.822756
0.998306 0.000385163 -0.0581774 -0.059063 -0.00074912 0.99998 -0.00623429 -0.00678355 0.0581738 0.00626731 0.998287 0.807612
0.998233 0.000591404 -0.0594244 -0.0589185 -0.00103468 0.999972 -0.00742902 -0.00575241 0.0594183 0.00747737 0.998205 0.824127
0.998159 -0.00118151 -0.0606481 -0.0473254 0.000673718 0.999965 -0.00839253 -0.010829 0.0606558 0.00833622 0.998124 0.804787
0.998121 -0.000583938 -0.0612757 -0.0514603 0.000158693 0.999976 -0.0069445 -0.009408 0.0612783 0.00692172 0.998097 0.824592
0.998165 0.00173465 -0.0605289 -0.0637762 -0.00195847 0.999991 -0.00363865 -0.0106094 0.060522 0.00375052 0.99816 0.843777
0.998207 0.000901285 -0.0598527 -0.0547372 -0.000913871 1 -0.000182913 -0.00916356 0.0598525 0.000237283 0.998207 0.864471
0.99831 -0.00166447 -0.0580971 -0.0531861 0.00179763 0.999996 0.0022398 -0.00537292 0.0580931 -0.00234045 0.998308 0.884637
0.998266 -0.00187958 -0.0588308 -0.0332884 0.00207922 0.999992 0.00333241 -0.00920344 0.058824 -0.00344896 0.998262 0.905592
0.998399 -0.0029749 -0.0564921 -0.0531279 0.00299841 0.999995 0.000331429 0.000638407 0.0564908 -0.000500285 0.998403 0.889519
0.99841 0.000804976 -0.0563561 -0.049561 -0.00105023 0.99999 -0.0043224 -0.00879462 0.0563521 0.00437471 0.998401 0.909713
0.998487 0.00095547 -0.0549754 -0.058641 -0.00136896 0.999971 -0.00748412 -0.0108363 0.0549666 0.00754805 0.99846 0.90911
0.998481 -0.00383391 -0.0549617 -0.0366308 0.0034854 0.999973 -0.00643543 -0.0141041 0.0549849 0.00623409 0.998468 0.890198
0.998499 -0.00224772 -0.0547305 -0.0519825 0.00216246 0.999996 -0.00161694 -0.0111797 0.054734 0.00149616 0.9985 0.899004
0.99848 -0.00402678 -0.0549731 -0.0498569 0.00412909 0.99999 0.00174757 -0.0174292 0.0549655 -0.0019719 0.998486 0.898857
0.998453 -0.0059648 -0.0552801 -0.0493381 0.00602064 0.999982 0.000843682 -0.0122401 0.055274 -0.0011752 0.998471 0.899383
0.998407 -0.00267576 -0.0563573 -0.0494701 0.00247517 0.99999 -0.00362884 -0.00455722 0.0563664 0.00348357 0.998404 0.899542
0.998365 -0.000258722 -0.0571667 -0.0626247 -0.000178767 0.999971 -0.00764763 -0.0112488 0.057167 0.00764534 0.998335 0.878612
0.998284 0.00189466 -0.058527 -0.0566591 -0.00241481 0.999958 -0.00881803 -0.0140568 0.0585079 0.00894423 0.998247 0.858931
0.998187 -0.00127685 -0.0601722 -0.040676 0.000845414 0.999974 -0.0071949 -0.021039 0.0601798 0.00713099 0.998162 0.869918
0.998177 0.00416815 -0.0602121 -0.0692261 -0.00440997 0.999983 -0.00388387 -0.0219746 0.0601948 0.00414232 0.998178 0.869706
0.997994 -0.00103448 -0.0632941 -0.0372363 0.000885771 0.999997 -0.00237745 -0.0176224 0.0632963 0.00231662 0.997992 0.891783
0.998019 0.00186651 -0.0628798 -0.076797 -0.0018337 0.999998 0.000579511 -0.0122238 0.0628808 -0.000463061 0.998021 0.909415
0.998081 0.00143604 -0.061898 -0.0534544 -0.001211 0.999993 0.00367299 -0.0208277 0.0619028 -0.00359098 0.998076 0.890889
0.998096 0.00721287 -0.0612591 -0.0791807 -0.00684658 0.999957 0.0061872 -0.00349636 0.0613011 -0.00575601 0.998103 0.909286
0.998085 -0.0014859 -0.0618342 -0.0524658 0.00184837 0.999981 0.00580504 -0.0124634 0.0618245 -0.00590822 0.99807 0.931174
0.99811 0.00028643 -0.0614577 -0.0632913 -4.32447e-005 0.999992 0.00395824 3.10895e-005 0.0614583 -0.0039481 0.998102 0.950629
0.998047 0.0054178 -0.0622383 -0.0659428 -0.00532602 0.999984 0.00164044 -0.0159348 0.0622462 -0.00130575 0.99806 0.947285
0.998022 0.000503669 -0.0628698 -0.0662713 -0.000383435 0.999998 0.00192447 -0.0170558 0.0628706 -0.00189656 0.99802 0.942185
0.998079 0.00112904 -0.0619507 -0.0893307 -0.000930869 0.999994 0.00322759 -0.0140967 0.061954 -0.00316372 0.998074 0.943638
0.998009 0.00038625 -0.0630678 -0.0551541 -9.44654e-005 0.999989 0.00462943 -0.0193671 0.0630689 -0.00461426 0.997999 0.934244
0.998016 0.0026425 -0.0628979 -0.0792009 -0.00256788 0.999996 0.00126709 -0.0106178 0.062901 -0.00110306 0.998019 0.942595
0.998064 0.00277374 -0.0621309 -0.0877262 -0.00296162 0.999991 -0.00293211 -0.00820656 0.0621222 0.00311044 0.998064 0.921775
0.998065 0.000922747 -0.0621748 -0.0668146 -0.00117674 0.999991 -0.00404858 -0.0136008 0.0621705 0.00411391 0.998057 0.903407
0.998028 -0.00217825 -0.0627371 -0.0522506 0.00218142 0.999998 -1.79124e-005 -0.0209116 0.062737 -0.000118979 0.99803 0.888565
0.998005 -0.00233688 -0.0630914 -0.0545108 0.00250281 0.999994 0.00255099 -0.00892964 0.0630851 -0.0027038 0.998004 0.898638
0.997991 -0.0017118 -0.0633343 -0.057329 0.00190142 0.999994 0.00293376 -0.00964908 0.0633289 -0.00304829 0.997988 0.878413
0.997933 -0.00392282 -0.0641367 -0.0517207 0.00404969 0.99999 0.00184814 -0.0176789 0.0641288 -0.00210405 0.997939 0.898341
0.997913 -0.000428819 -0.0645659 -0.0642064 0.000477539 1 0.000739143 -0.0164323 0.0645655 -0.000768433 0.997913 0.904074
0.997941 -0.000568518 -0.0641411 -0.077915 0.000661277 0.999999 0.00142496 -0.00519228 0.0641402 -0.00146444 0.99794 0.884871
0.997786 -0.000739267 -0.0665027 -0.0554297 0.00111432 0.999984 0.00560269 -0.0133048 0.0664975 -0.00566439 0.997771 0.889404
0.997709 -0.0027119 -0.0676029 -0.0528016 0.00340573 0.999943 0.0101502 -0.00581034 0.0675715 -0.0103572 0.997661 0.896289
0.997617 0.00134904 -0.0689824 -0.058089 -0.000506137 0.999925 0.0122352 -0.00129707 0.0689938 -0.0121711 0.997543 0.912911
0.997506 0.00412946 -0.0704558 -0.076062 -0.00354094 0.999958 0.00847599 -0.00565611 0.0704878 -0.00820537 0.997479 0.926723
0.99743 0.00191421 -0.0716223 -0.0706104 -0.00186538 0.999998 0.000748653 -0.00708311 0.0716235 -0.000613126 0.997432 0.907084
0.99739 0.00255809 -0.0721583 -0.0733523 -0.00285322 0.999988 -0.00398725 -0.00919728 0.0721472 0.00418272 0.997385 0.88678
0.997179 0.00272615 -0.0750098 -0.0506849 -0.00294808 0.999992 -0.00284819 -0.0144946 0.0750014 0.00306129 0.997179 0.868257
0.997108 0.00309804 -0.0759305 -0.0737763 -0.00312998 0.999995 -0.000301622 -0.0165188 0.0759292 0.00053841 0.997113 0.856675
0.996944 0.00271229 -0.0780715 -0.0650234 -0.00257385 0.999995 0.00187386 -0.0225327 0.0780762 -0.00166719 0.996946 0.856089
0.996758 0.000587717 -0.0804515 -0.0598718 -0.000448953 0.999998 0.00174289 -0.0115587 0.0804524 -0.00170112 0.996757 0.836632
0.996698 0.00445462 -0.0810748 -0.0907092 -0.00424515 0.999987 0.00275587 -0.0142166 0.081086 -0.00240259 0.996704 0.833809
0.996554 0.00715264 -0.0826383 -0.0908213 -0.00680959 0.999967 0.00443239 -0.0297455 0.0826673 -0.00385438 0.99657 0.821628
0.996471 0.00136277 -0.0839321 -0.0783441 -0.00096106 0.999988 0.0048264 -0.00975694 0.0839377 -0.0047287 0.99646 0.826625
0.996313 -0.00100489 -0.0857818 -0.0621805 0.00155209 0.999979 0.00631257 -0.0161666 0.0857737 -0.00642244 0.996294 0.807836
0.996235 0.0023358 -0.0866635 -0.0751575 -0.00155492 0.999958 0.00907691 -0.0059084 0.0866811 -0.00890798 0.996196 0.786783
0.996142 0.000567256 -0.0877522 -0.0695345 0.000578475 0.999915 0.0130305 -0.00308258 0.0877521 -0.0130309 0.996057 0.767236
0.996069 0.00608324 -0.0883671 -0.0887079 -0.0047762 0.999876 0.014995 -0.00386278 0.0884473 -0.014514 0.995975 0.785383
0.996103 0.00457813 -0.0880795 -0.105514 -0.0036251 0.999933 0.010977 -0.00458179 0.0881239 -0.0106149 0.996053 0.803475
0.99594 0.000605664 -0.0900229 -0.0684678 -0.000255772 0.999992 0.00389818 -0.0126551 0.0900246 -0.00385933 0.995932 0.787314
0.995841 -0.00120662 -0.0911023 -0.0728563 0.00101716 0.999997 -0.00212609 -0.00940123 0.0911046 0.00202458 0.995839 0.766876
0.995808 0.00556581 -0.091301 -0.0912985 -0.00587506 0.999978 -0.00311875 -0.00258607 0.0912817 0.00364207 0.995818 0.744807
0.995728 0.00329865 -0.0922769 -0.0779063 -0.00325153 0.999994 0.00066096 -0.0109825 0.0922786 -0.000358096 0.995733 0.726137
0.995565 -0.000941507 -0.094076 -0.0635295 0.00119721 0.999996 0.0026616 -0.0125732 0.094073 -0.00276242 0.995561 0.707428
0.995551 -0.00177224 -0.0942055 -0.0780527 0.00168551 0.999998 -0.00100025 -0.0116728 0.0942071 0.00083702 0.995552 0.685861
0.995518 -0.00859225 -0.0941831 -0.0478921 0.00798657 0.999945 -0.00680599 -0.0178465 0.0942364 0.00602329 0.995532 0.668435
0.995734 -0.00352452 -0.0922063 -0.0722029 0.00242359 0.999924 -0.0120491 -0.0102715 0.0922418 0.0117742 0.995667 0.646285
0.995976 0.000513232 -0.0896238 -0.0472238 -0.00165142 0.999919 -0.0126259 -0.00500672 0.0896101 0.0127231 0.995896 0.628595
0.996324 0.00301559 -0.085608 -0.0574779 -0.00384738 0.999947 -0.00955295 -0.00907216 0.0855746 0.0098472 0.996283 0.607606
0.996721 -0.00152083 -0.0808952 -0.0487175 0.00101356 0.99998 -0.00631137 -0.016757 0.0809031 0.00620868 0.996703 0.588134
0.997195 -0.00295032 -0.0747859 -0.0393814 0.0027881 0.999994 -0.00227346 -0.0122272 0.0747921 0.00205858 0.997197 0.568894
0.99778 -0.00341935 -0.0665047 -0.0323667 0.00349497 0.999993 0.00102078 -0.0145151 0.0665008 -0.00125094 0.997786 0.549242
0.998439 0.00257177 -0.0557938 -0.0276788 -0.00251763 0.999996 0.00104069 -0.00684435 0.0557962 -0.000898601 0.998442 0.52962
0.999157 0.00582742 -0.0406478 -0.0262823 -0.00580055 0.999983 0.000778833 -0.00646122 0.0406516 -0.000542396 0.999173 0.509668
0.999718 0.00440943 -0.0233425 -0.000342834 -0.00437059 0.999989 0.00171486 -0.00901306 0.0233498 -0.00161235 0.999726 0.491605
0.999995 -0.00224854 -0.00216775 0.0258863 0.00225397 0.999994 0.0025034 -0.00578127 0.00216211 -0.00250828 0.999995 0.492782
0.99969 -0.00119696 0.0248741 0.0150692 0.00110207 0.999992 0.00382806 -0.00679484 -0.0248785 -0.00379946 0.999683 0.473207
0.998524 -0.000640159 0.0543154 0.0445124 0.000328352 0.999983 0.00574941 -0.00617295 -0.0543182 -0.00572308 0.998507 0.472227
0.996126 0.000650662 0.0879372 0.0530212 -0.00130866 0.999972 0.00742513 -0.0065225 -0.0879299 -0.00751144 0.996098 0.474216
0.992075 -0.000464504 0.125646 0.0793394 -0.000585754 0.999965 0.00832182 -0.00520141 -0.125645 -0.00832947 0.99204 0.47123
0.985915 -0.000635777 0.167246 0.100101 -0.000829618 0.999962 0.00869192 -0.00581981 -0.167245 -0.00870825 0.985877 0.446777
0.977478 -0.00199298 0.21103 0.138993 4.11529e-005 0.999957 0.00925307 -0.00551308 -0.211039 -0.00903598 0.977436 0.439305
0.966124 -0.00132565 0.258074 0.163931 -0.000631731 0.999972 0.00750154 -0.00798239 -0.258076 -0.00741045 0.966096 0.409108
0.949959 0.000726633 0.312374 0.147745 -0.00240175 0.999985 0.00497784 -0.00552414 -0.312365 -0.00547899 0.949946 0.394692
0.930036 -0.00080378 0.367468 0.189524 -0.000456913 0.999994 0.00334375 -0.000159012 -0.367468 -0.00327771 0.93003 0.373585
0.905886 -0.00113545 0.423519 0.214048 0.000259192 0.999998 0.00212658 0.000807335 -0.423521 -0.00181667 0.905885 0.346537
0.877037 -0.00128478 0.480421 0.229374 0.000718894 0.999999 0.0013619 -0.00357625 -0.480422 -0.000849062 0.877037 0.319547
0.843944 -0.00354246 0.536419 0.259894 0.00330153 0.999994 0.00140958 -0.00101107 -0.53642 0.000581394 0.843951 0.307876
0.808133 -0.00237878 0.588995 0.277224 0.0011421 0.999996 0.00247166 -0.0139571 -0.588999 -0.00132473 0.808133 0.268874
0.769336 -0.00257771 0.638839 0.284678 -0.000493946 0.999989 0.00462979 -0.00876521 -0.638844 -0.00387741 0.769326 0.248605
0.727063 -0.00113984 0.68657 0.304957 -0.00355239 0.999979 0.00542207 0.00468103 -0.686562 -0.00638115 0.727044 0.255781
0.682703 -0.0031636 0.730689 0.310905 -0.00237562 0.999976 0.00654912 -0.00551877 -0.730692 -0.00620695 0.682679 0.215012
0.636987 -0.00660896 0.770847 0.332645 0.00045359 0.999966 0.00819853 0.00104554 -0.770875 -0.00487271 0.636968 0.197577
0.590848 -0.0108578 0.80671 0.344688 0.00144267 0.999922 0.0124017 0.00438528 -0.806782 -0.00616369 0.590817 0.1811
0.544603 -0.00533465 0.838677 0.354955 -0.00621069 0.999927 0.0103933 -0.000427865 -0.838671 -0.010869 0.54453 0.179307
0.497301 -0.00206036 0.867576 0.361785 -0.00655094 0.99996 0.0061298 0.00527911 -0.867553 -0.00873179 0.497267 0.172712
0.452045 -0.0023891 0.891992 0.35493 -0.00268729 0.999988 0.00404023 -0.00452677 -0.891991 -0.00422341 0.452034 0.138249
0.410418 -0.010216 0.91184 0.361063 0.00128175 0.999943 0.0106261 -0.000570189 -0.911897 -0.00319239 0.410407 0.106205
0.371375 -0.0227078 0.928205 0.370975 -0.00235842 0.999675 0.0253998 0.00839292 -0.92848 -0.011622 0.371201 0.088082
0.337117 -0.0228212 0.941186 0.384403 -0.0180956 0.999364 0.0307134 0.0039767 -0.941289 -0.0273853 0.336489 0.0905709
0.304819 -0.0206971 0.952185 0.402654 -0.0189838 0.999433 0.0278013 0.00497742 -0.952221 -0.0265505 0.304254 0.100136
0.273379 -0.00903148 0.961864 0.391341 -0.0196755 0.999694 0.0149788 -0.00599824 -0.961705 -0.02302 0.273118 0.116007
0.245156 -0.00663453 0.969461 0.403003 -0.00945065 0.999913 0.0092328 -0.00569264 -0.969437 -0.0114255 0.245072 0.0939489
0.219559 -0.00759336 0.97557 0.396024 -0.005065 0.999947 0.00892302 -0.00396092 -0.975586 -0.00690039 0.219509 0.0691914
0.196275 -0.0142324 0.980446 0.391085 -0.00297971 0.999881 0.015111 -0.000703832 -0.980544 -0.00588735 0.196209 0.0495016
0.176528 -0.0191641 0.984109 0.395971 -0.00378443 0.99979 0.0201483 0.0101168 -0.984288 -0.00728103 0.176418 0.0391995
0.157155 -0.01908 0.98739 0.407354 -0.00951273 0.999738 0.0208327 0.0182104 -0.987528 -0.0126667 0.156933 0.0525541
0.139976 -0.0155091 0.990033 0.395849 -0.0177306 0.999678 0.018167 0.00937468 -0.989996 -0.0200968 0.139656 0.0455167
0.124533 -0.0137523 0.99212 0.388559 -0.0207048 0.99965 0.0164556 -0.000292683 -0.991999 -0.0225909 0.124204 0.0457806
0.110013 -0.0153083 0.993812 0.409452 -0.0175349 0.999696 0.01734 0.00171712 -0.993775 -0.0193341 0.109712 0.0383391
0.097083 -0.0181282 0.995111 0.430426 -0.0175027 0.999648 0.0199184 0.00264368 -0.995122 -0.0193509 0.0967316 0.0264735
0.0858429 -0.0224598 0.996055 0.450467 -0.0183178 0.999541 0.0241171 0.00594356 -0.99614 -0.0203158 0.0853921 0.0258449
0.0757126 -0.0253867 0.996806 0.470203 -0.0209435 0.999415 0.0270439 0.00987414 -0.99691 -0.0229242 0.0751366 0.0297618
0.0676209 -0.0273747 0.997335 0.490244 -0.0243605 0.99928 0.0290797 0.00930876 -0.997414 -0.026262 0.0669054 0.0299631
0.0616096 -0.0295257 0.997664 0.510169 -0.0264902 0.999162 0.031206 0.0133984 -0.997749 -0.0283509 0.0607758 0.0303526
0.0559613 -0.0305503 0.997965 0.530331 -0.028141 0.999086 0.0321626 0.012843 -0.998036 -0.0298836 0.0550505 0.028408
0.0489215 -0.0299275 0.998354 0.5498 -0.029984 0.999056 0.0314178 0.015943 -0.998352 -0.0314716 0.047978 0.0365878
0.0442339 -0.0318918 0.998512 0.570551 -0.0302365 0.99899 0.0332465 0.0114996 -0.998564 -0.0316621 0.0432249 0.0257348
0.040157 -0.0336322 0.998627 0.590249 -0.0317823 0.998885 0.0349189 0.0183527 -0.998688 -0.0331409 0.0390433 0.0290291
0.0371507 -0.03501 0.998696 0.61069 -0.0340716 0.998761 0.0362797 0.0173109 -0.998729 -0.035375 0.0359118 0.0195285
0.0354999 -0.0375603 0.998664 0.630721 -0.0351117 0.99863 0.0388071 0.0217324 -0.998753 -0.0364424 0.0341324 0.0138586
0.0346164 -0.0411395 0.998554 0.644335 -0.037668 0.998389 0.0424386 0.0197463 -0.998691 -0.0390826 0.033011 0.0229065
0.035708 -0.0420782 0.998476 0.664303 -0.0416577 0.998182 0.0435556 0.0204014 -0.998494 -0.0431495 0.0338902 0.0238675
0.0384214 -0.0431732 0.998329 0.684 -0.041889 0.998118 0.0447762 0.0277763 -0.998383 -0.0435394 0.0365407 0.0256638
0.0426742 -0.0467886 0.997993 0.704056 -0.0427435 0.997903 0.0486121 0.0298437 -0.998174 -0.0447322 0.0405848 0.0224263
0.0480791 -0.0408191 0.998009 0.688291 -0.0480054 0.997916 0.0431279 0.024415 -0.997689 -0.0499834 0.0460194 0.0447224
0.052776 -0.0454979 0.997569 0.709407 -0.0427289 0.997944 0.0477755 0.0235412 -0.997692 -0.0451465 0.0507234 0.0231522
0.0573954 -0.0457344 0.997303 0.728545 -0.0472925 0.997704 0.0484744 0.027463 -0.997231 -0.0499472 0.0551008 0.0402879
0.0612612 -0.04279 0.997204 0.747753 -0.0482524 0.997786 0.0457793 0.0319536 -0.996955 -0.050922 0.0590608 0.0510532
0.0656668 -0.0411092 0.996994 0.767602 -0.0442273 0.998049 0.0440657 0.0323054 -0.996861 -0.0469881 0.0637205 0.0539666
0.0704311 -0.0395226 0.996733 0.787862 -0.0408123 0.998264 0.0424672 0.0257573 -0.996681 -0.04367 0.0686958 0.0546474
0.0766834 -0.0416205 0.996186 0.809272 -0.035702 0.998373 0.0444601 0.0179366 -0.996416 -0.0389752 0.0750727 0.0337787
0.0782178 -0.0346294 0.996335 0.826137 -0.0364413 0.998629 0.03757 0.0353336 -0.99627 -0.0392464 0.0768487 0.073749
0.0803763 -0.0336702 0.996196 0.808633 -0.0311424 0.998857 0.0362728 0.0385901 -0.996278 -0.0339394 0.0792359 0.0317212
0.0783412 -0.0307618 0.996452 0.807118 -0.0345352 0.99884 0.0335507 0.0221049 -0.996328 -0.0370411 0.077188 0.10773
0.0769354 -0.0274379 0.996658 0.789809 -0.0332349 0.998995 0.0300678 0.0148246 -0.996482 -0.0354371 0.0759462 0.0856348
0.0825538 -0.0328048 0.996047 0.772623 -0.0278203 0.998993 0.0352076 0.0192378 -0.996198 -0.0306168 0.081558 -0.0515032
0.0828901 -0.0301642 0.996102 0.791007 -0.0344923 0.998856 0.0331179 0.00389621 -0.995962 -0.037103 0.0817548 0.0751226
0.083499 -0.0296257 0.996067 0.772431 -0.0305755 0.999011 0.0322764 0.0110284 -0.996039 -0.0331503 0.0825106 0.0565354
0.0844735 -0.0287379 0.996011 0.791769 -0.0295566 0.999072 0.031333 0.0142674 -0.995987 -0.0320856 0.0835457 0.0651935
0.083508 -0.0258511 0.996172 0.790211 -0.0279604 0.999209 0.0282738 0.0120294 -0.996115 -0.0302144 0.0827191 0.0682026
0.0793464 -0.0197985 0.99665 0.807725 -0.0264343 0.999409 0.0219578 0.01985 -0.996497 -0.0280881 0.0787762 0.0924399
0.0751002 -0.0162745 0.997043 0.828073 -0.0218138 0.999601 0.0179593 0.00878644 -0.996937 -0.0230981 0.0747152 0.0779002
0.0688366 -0.0157604 0.997503 0.814182 -0.0188318 0.999677 0.0170943 0.00896145 -0.99745 -0.0199615 0.0685175 0.0776814
0.0606243 -0.0103349 0.998107 0.810641 -0.0180234 0.999772 0.0114469 0.00568477 -0.997998 -0.0186833 0.0604242 0.0805038
0.0523767 -0.00827367 0.998593 0.801473 -0.0104897 0.999906 0.00883474 -0.00314868 -0.998572 -0.0109377 0.052285 0.0747122
0.0430453 -0.00793667 0.999042 0.813268 -0.00689876 0.999942 0.00824107 -0.000415922 -0.999049 -0.00724689 0.0429881 0.0430751
0.0339888 -0.00858002 0.999385 0.806529 -0.00724763 0.999935 0.00883123 -0.00335479 -0.999396 -0.00754334 0.0339244 0.015724
0.023469 -0.00814141 0.999691 0.826365 -0.00929446 0.999922 0.00836148 -0.00192181 -0.999681 -0.00948782 0.0233915 0.023061
0.0125461 -0.00626479 0.999902 0.806543 -0.00872737 0.999942 0.00637455 -0.00118651 -0.999883 -0.00880649 0.0124907 0.0153331
0.000624807 -0.00235645 0.999997 0.825908 -0.00668395 0.999975 0.00236057 0.00413144 -0.999977 -0.00668541 0.000609041 0.0356937
-0.01034 -0.00243815 0.999944 0.829271 -0.00204525 0.999995 0.00241713 -0.00907438 -0.999944 -0.00202015 -0.0103449 -0.0122221
-0.0215222 -0.00188377 0.999767 0.8351 -0.00179247 0.999997 0.00184562 -0.00946081 -0.999767 -0.00175233 -0.0215255 -0.018876
-0.0324939 -0.00106925 0.999471 0.843601 -0.000606701 0.999999 0.00105009 -0.00736005 -0.999472 -0.000572258 -0.0324945 -0.0152621
-0.0430385 -0.00105139 0.999073 0.830693 -9.17719e-005 0.999999 0.00104842 -0.0112895 -0.999073 -4.65647e-005 -0.0430385 -0.0328242
-0.0523886 -0.00135692 0.998626 0.809795 -0.000450284 0.999999 0.00133516 -0.0125947 -0.998627 -0.000379718 -0.0523891 -0.0497196
-0.0626002 -0.00176491 0.998037 0.819359 -0.000636131 0.999998 0.00172847 -0.0021294 -0.998038 -0.000526679 -0.0626012 -0.0386348
-0.0718376 -0.00277242 0.997412 0.798113 -0.00153458 0.999995 0.00266907 -0.00939262 -0.997415 -0.00133887 -0.0718415 -0.057982
-0.0795019 -0.00723827 0.996808 0.772877 -0.00420478 0.999967 0.00692585 -0.0201211 -0.996826 -0.00364074 -0.0795297 -0.105262
-0.0852961 -0.010616 0.996299 0.753898 -0.00878818 0.999912 0.00990212 -0.00618683 -0.996317 -0.00791105 -0.0853819 -0.0980418
-0.0920272 -0.0121615 0.995682 0.772118 -0.0123527 0.999862 0.0110709 0.00788395 -0.99568 -0.0112805 -0.0921647 -0.0464314
-0.0958274 -0.0148793 0.995287 0.750255 -0.0137867 0.999812 0.0136195 0.000996714 -0.995302 -0.0124166 -0.0960146 -0.0704168
-0.0962698 -0.0192466 0.995169 0.725583 -0.0172602 0.999695 0.0176644 -0.0155357 -0.995206 -0.0154763 -0.0965726 -0.106714
-0.0967277 -0.021061 0.995088 0.709112 -0.0208566 0.999599 0.0191291 -0.00267129 -0.995092 -0.0189038 -0.0971283 -0.0794424
-0.098718 -0.0200464 0.994914 0.691034 -0.020282 0.99963 0.018129 0.00406085 -0.994909 -0.0183892 -0.0990881 -0.0589215
-0.0966411 -0.0216093 0.995085 0.669236 -0.0198502 0.999607 0.0197797 -0.00670937 -0.995121 -0.0178411 -0.0970321 -0.0758358
-0.107571 -0.0178171 0.994038 0.667336 -0.0184233 0.999703 0.0159249 0.0153859 -0.994027 -0.0166004 -0.107867 0.0993464
-0.103067 -0.0160939 0.994544 0.6528 -0.0173492 0.999746 0.0143802 -0.00525445 -0.994523 -0.0157725 -0.10332 -0.0516971
-0.0960472 -0.0156257 0.995254 0.633212 -0.0153672 0.999781 0.0142137 -0.0125388 -0.995258 -0.0139291 -0.0962663 -0.0440371
-0.084989 -0.0142021 0.996281 0.613232 -0.0153701 0.999798 0.0129411 -0.00252187 -0.996263 -0.014213 -0.0851902 -0.0447184
-0.0714576 -0.013919 0.997347 0.59432 -0.0138499 0.99982 0.0129612 -0.00760238 -0.997347 -0.012887 -0.0716375 -0.0243018
-0.0542086 -0.0137193 0.998435 0.574595 -0.0122317 0.99984 0.0130745 0.000797925 -0.998455 -0.0115038 -0.0543677 -0.0176166
-0.0326997 -0.0125212 0.999387 0.554833 -0.0109406 0.999866 0.0121692 0.000266193 -0.999405 -0.010536 -0.0328323 -0.00598216
-0.00826893 -0.0116535 0.999898 0.534526 -0.00946455 0.999888 0.0115752 -0.00377197 -0.999921 -0.00936787 -0.0083783 0.0186772
0.0202524 -0.010558 0.999739 0.514095 -0.00970943 0.999895 0.0107564 0.00368727 -0.999748 -0.00992474 0.0201477 0.0279139
0.0532841 -0.0087607 0.998541 0.495623 -0.0109244 0.999897 0.00935554 0.00363009 -0.99852 -0.011407 0.0531828 0.0477407
0.0911337 -0.00867675 0.995801 0.473404 -0.0114328 0.999887 0.00975866 -0.00186001 -0.995773 -0.0122741 0.0910242 0.0658704
0.132775 -0.00720275 0.99112 0.48876 -0.0128615 0.999877 0.00898937 -0.0017694 -0.991063 -0.0139409 0.132666 0.0953017
0.177083 -0.00459595 0.984185 0.501193 -0.0122778 0.999901 0.00687845 0.00356305 -0.984119 -0.0133016 0.177009 0.130704
0.223506 -0.00141372 0.974702 0.492411 -0.0108333 0.999934 0.00393448 -0.00694336 -0.974642 -0.0114386 0.223475 0.165636
0.273631 0.00185968 0.961833 0.472289 -0.00552679 0.999985 -0.000361133 0.00183382 -0.961819 -0.00521703 0.273637 0.18728
0.326732 0.00109909 0.945116 0.466414 -6.31579e-006 0.999999 -0.00116073 -0.00693341 -0.945117 0.000373277 0.326732 0.216284
0.383389 -0.00133973 0.923586 0.439919 0.00359024 0.999994 -3.97718e-005 -0.00771579 -0.92358 0.00333115 0.383391 0.231857
0.441808 -0.00216194 0.897107 0.43865 0.00450879 0.99999 0.000189384 -0.0160532 -0.897098 0.00396119 0.441813 0.273803
0.500621 -0.00297904 0.865662 0.40513 0.00545065 0.999985 0.000289126 -0.0122693 -0.86565 0.00457368 0.50063 0.288211
0.558793 0.00204978 0.829304 0.369918 0.00172299 0.999992 -0.00363264 -0.00141127 -0.829305 0.00345878 0.558785 0.301681
0.613914 0.00355727 0.789365 0.324006 0.00301087 0.999972 -0.00684802 0.00129525 -0.789367 0.00658076 0.613886 0.322765
0.66768 0.00204593 0.744446 0.305196 0.00521835 0.999959 -0.00742839 -0.00545059 -0.74443 0.00884457 0.667642 0.313195
0.717353 0.000337179 0.69671 0.269695 0.00419042 0.99998 -0.00479852 -0.0164089 -0.696698 0.00636174 0.717337 0.318068
0.762778 -0.000572031 0.64666 0.230137 -9.44028e-005 0.999999 0.000995947 -0.00708006 -0.64666 -0.000820733 0.762778 0.323829
0.804156 -0.00030115 0.594418 0.207545 -0.0042305 0.999972 0.00622983 -0.000908856 -0.594403 -0.00752444 0.804132 0.362072
0.841109 -0.000940105 0.540864 0.20128 -0.00578603 0.999926 0.010736 0.0018934 -0.540834 -0.0121596 0.841041 0.388263
0.872709 -0.00200172 0.488236 0.188071 -0.00670142 0.999848 0.0160779 0.00802143 -0.488195 -0.0173032 0.872563 0.416802
0.898805 0.000654822 0.438347 0.154005 -0.00980114 0.999779 0.0186032 -0.00385278 -0.438238 -0.0210169 0.898613 0.417025
0.919504 0.000506543 0.393081 0.143555 -0.00891082 0.999769 0.019556 -0.000896537 -0.392981 -0.0214845 0.919296 0.441833
0.935303 0.00428647 0.353822 0.12496 -0.0115928 0.999761 0.0185329 0.00318587 -0.353658 -0.0214357 0.935129 0.463188
0.947714 0.00148079 0.319118 0.122971 -0.00666645 0.999863 0.0151584 0.00854578 -0.319051 -0.0164932 0.947594 0.483159
0.957562 -0.00169195 0.288221 0.124623 -0.00259062 0.999892 0.0144765 0.00556091 -0.288214 -0.0146089 0.957454 0.483935
0.963878 -0.00722388 0.266247 0.125865 0.00320344 0.999874 0.0155316 0.00150781 -0.266326 -0.0141176 0.96378 0.474946
0.968008 -0.00425155 0.250884 0.117864 0.00012387 0.999864 0.016466 -0.00190604 -0.25092 -0.0159081 0.967877 0.49757
0.971121 0.00336813 0.238566 0.115798 -0.00703849 0.99987 0.0145349 0.00686324 -0.238486 -0.0157943 0.971018 0.513894
0.973443 0.00350275 0.228901 0.0988913 -0.00675639 0.999887 0.013432 0.0085838 -0.228828 -0.0146219 0.973357 0.497008
0.974691 0.00739156 0.223434 0.0939026 -0.00989919 0.9999 0.0101051 0.00342633 -0.223337 -0.0120612 0.974667 0.518376
0.975198 0.00533338 0.221269 0.094097 -0.00660531 0.999966 0.00500877 -0.00187436 -0.221235 -0.00634609 0.9752 0.538663
0.975489 0.00240435 0.220037 0.113318 -0.00288237 0.999994 0.00185146 -0.00675827 -0.220031 -0.0024403 0.97549 0.521557
0.975023 -0.003262 0.22208 0.132557 0.00372118 0.999992 -0.00164923 0.00334229 -0.222072 0.00243444 0.975027 0.530566
0.973759 -0.000739716 0.227581 0.115599 0.00269033 0.999962 -0.00826096 0.00729334 -0.227567 0.00865645 0.973724 0.554925
0.973942 0.00371699 0.226765 0.185257 -0.000841772 0.999918 -0.0127746 -0.00496614 -0.226794 0.0122509 0.973866 0.514526
0.971734 0.0128494 0.235729 0.0641679 -0.00933599 0.999828 -0.0160144 -0.00411857 -0.235895 0.0133609 0.971687 0.563226
0.970369 0.00691046 0.241529 0.130091 -0.00391652 0.999909 -0.0128737 -0.0122877 -0.241596 0.0115463 0.970308 0.572152
0.968854 0.00305738 0.247614 0.127671 -0.000976666 0.999963 -0.00852546 -0.0151584 -0.247631 0.00801809 0.968821 0.593109
0.968031 -0.00311698 0.25081 0.169465 0.00363307 0.999992 -0.00159468 -0.0140751 -0.250804 0.00245491 0.968035 0.60338
0.966706 -0.00160134 0.255886 0.126954 0.000969915 0.999996 0.00259379 0.00776692 -0.255889 -0.00225924 0.966703 0.634257
0.965253 -0.00498854 0.261269 0.153836 0.00399703 0.999983 0.00432619 -0.00388777 -0.261287 -0.00313156 0.965256 0.648887
0.964532 -0.00395861 0.263936 0.153318 0.00350133 0.999991 0.00220295 -0.00421798 -0.263942 -0.00120069 0.964538 0.669541
0.964511 -0.00284837 0.264028 0.187937 0.00391808 0.999986 -0.00352499 -0.0113244 -0.264014 0.00443438 0.964509 0.679897
0.964937 -0.000695267 0.26248 0.193252 0.0033145 0.999949 -0.00953619 -0.010972 -0.26246 0.0100718 0.96489 0.657588
0.965696 0.00106803 0.259671 0.178386 0.00255464 0.999904 -0.0136131 -0.000148983 -0.259661 0.0138095 0.965601 0.658638
0.967321 -0.00485577 0.25351 0.216587 0.00728419 0.999936 -0.00864142 -0.00226893 -0.253452 0.0102056 0.967294 0.636197
0.967743 -0.00123274 0.251938 0.171179 0.00145377 0.999999 -0.000691185 -0.00799801 -0.251936 0.00103515 0.967743 0.654533
0.968672 0.000384465 0.248343 0.182873 -0.00169113 0.999986 0.00504822 -0.0128018 -0.248337 -0.00531005 0.968659 0.672039
0.969215 -0.000477521 0.246216 0.179595 -0.000567511 0.999991 0.0041734 -0.00855085 -0.246216 -0.00418465 0.969206 0.693671
0.969514 0.00399629 0.245003 0.165006 -0.00372004 0.999992 -0.00159031 -0.00489965 -0.245007 0.000630414 0.969521 0.717858
0.970382 -3.36118e-005 0.241575 0.176409 0.00175007 0.999975 -0.00689071 -0.00435342 -0.241569 0.0071094 0.970358 0.735728
0.971226 4.36553e-005 0.238158 0.166729 0.00237189 0.999949 -0.00985605 -0.00500407 -0.238146 0.0101373 0.971176 0.724194
0.971435 0.00508403 0.237253 0.126986 -0.00288557 0.99995 -0.00961267 -0.0201158 -0.23729 0.00865347 0.9714 0.730887
0.972401 -0.00167075 0.233311 0.182765 0.00347909 0.999967 -0.00733945 -0.00879791 -0.233291 0.00794859 0.972374 0.721805
0.972695 0.00127095 0.232084 0.171427 -8.92435e-005 0.999987 -0.00510214 -0.00976244 -0.232088 0.00494211 0.972682 0.745108
0.973091 -0.00270067 0.230407 0.186255 0.00326875 0.999992 -0.00208389 -0.00986834 -0.230399 0.00278095 0.973092 0.760859
0.972734 -0.00267704 0.231908 0.158887 0.00307165 0.999994 -0.00134051 0.00557397 -0.231903 0.00201631 0.972737 0.785773
0.973224 0.000790698 0.229856 0.201872 -0.00102563 0.999999 0.000902614 -0.0223284 -0.229855 -0.00111419 0.973224 0.754849
0.973316 0.00459009 0.229421 0.182452 -0.00435878 0.999989 -0.00151497 -0.0154638 -0.229426 0.000474551 0.973326 0.773541
0.973347 0.00509977 0.22928 0.181752 -0.00394139 0.999977 -0.0055099 -0.0136957 -0.229303 0.00445936 0.973345 0.775355
0.973265 0.008242 0.229535 0.177283 -0.00656127 0.999946 -0.00808462 -0.0175401 -0.229589 0.00636244 0.973267 0.781168
0.9725 0.00707608 0.232794 0.165591 -0.00513247 0.999947 -0.00895374 -0.0104173 -0.232845 0.00751271 0.972485 0.804289
0.971633 0.0045204 0.236451 0.176804 -0.00281954 0.999968 -0.00753092 -0.0198134 -0.236478 0.00665061 0.971614 0.822196
0.970901 0.00174436 0.239474 0.187712 0.000321641 0.999963 -0.00858786 -0.0127603 -0.239481 0.00841499 0.970865 0.825565
0.970406 -0.000835354 0.241477 0.202172 0.00348283 0.999938 -0.0105371 -0.0183945 -0.241453 0.0110663 0.970349 0.820733
0.970114 -0.00486821 0.242602 0.21303 0.00695014 0.999946 -0.00772654 -0.0151365 -0.242552 0.00918175 0.970095 0.819845
0.970056 -0.00694973 0.242781 0.21751 0.00898984 0.999933 -0.00729622 -0.0173182 -0.242714 0.00926031 0.970054 0.797908
0.969466 -0.00105534 0.245223 0.189474 0.00278386 0.999974 -0.00670225 -0.016148 -0.24521 0.00718027 0.969443 0.825588
0.968537 0.00540087 0.248811 0.175594 -0.00411772 0.999975 -0.00567728 -0.00540749 -0.248836 0.00447412 0.968535 0.808335
0.967997 0.00482971 0.250917 0.187553 -0.00466545 0.999988 -0.00124949 -0.0104279 -0.25092 3.88592e-005 0.968008 0.826118
0.968031 0.003385 0.250808 0.222477 -0.00406572 0.999989 0.00219601 -0.0191858 -0.250798 -0.00314552 0.968034 0.837962
0.967569 -0.00245389 0.252597 0.215772 0.0034967 0.999987 -0.00367956 -0.0153982 -0.252584 0.00444348 0.967565 0.860429
0.967392 -0.00660546 0.253197 0.218712 0.0109132 0.999819 -0.0156127 -0.0219907 -0.253048 0.0178668 0.967289 0.838884
0.967422 -0.00398942 0.253137 0.222311 0.0100674 0.999691 -0.0227198 -0.0183776 -0.252968 0.024528 0.967164 0.817311
0.967674 0.00194837 0.252198 0.209231 0.00150724 0.999908 -0.0135081 -0.0148485 -0.252201 0.0134515 0.967581 0.800169
0.96806 -7.90379e-005 0.250719 0.200078 -0.00177074 0.999973 0.00715231 -0.0167805 -0.250713 -0.00736783 0.968034 0.785133
0.968254 -0.000303086 0.249967 0.196328 -0.00527184 0.999752 0.0216328 -0.0124806 -0.249911 -0.0222639 0.968013 0.806761
0.968147 0.00135827 0.250379 0.184198 -0.00503934 0.999888 0.0140615 0.00968923 -0.250332 -0.0148753 0.968046 0.830155
0.968504 0.00266287 0.248985 0.202418 -0.00215846 0.999995 -0.00229884 -0.00799581 -0.24899 0.00168901 0.968505 0.846498
0.967919 0.00161349 0.251259 0.166615 0.00127057 0.999935 -0.0113158 0.00649977 -0.251261 0.011272 0.967854 0.857799
0.967086 -0.00177187 0.254443 0.162424 0.00529317 0.999899 -0.0131552 -0.00334267 -0.254394 0.0140691 0.966998 0.839666
0.966292 0.00151851 0.257442 0.167831 0.00177135 0.99992 -0.0125466 -0.0213116 -0.257441 0.0125797 0.966212 0.858732
0.966686 0.00130045 0.255962 0.192975 0.0026901 0.99988 -0.0152397 -0.00281386 -0.255951 0.0154205 0.966567 0.845958
0.968383 0.00230912 0.249458 0.222085 0.00177004 0.999868 -0.0161265 -0.0290969 -0.249463 0.0160582 0.968251 0.817567
0.967644 0.0122198 0.252024 0.111029 -0.00728284 0.999763 -0.0205127 -0.00111013 -0.252215 0.0180135 0.967504 0.820212
0.968197 0.00767225 0.250071 0.182231 -0.0020983 0.999744 -0.0225485 -0.0170803 -0.25018 0.0213066 0.967965 0.818021
0.969072 0.00182375 0.246772 0.209913 0.00340259 0.999779 -0.0207507 -0.0248112 -0.246755 0.0209486 0.968851 0.790474
0.969825 -0.00264247 0.243787 0.22328 0.00654216 0.999863 -0.015188 -0.0236961 -0.243714 0.0163246 0.96971 0.807616
0.971186 -0.00555876 0.238256 0.242996 0.00898472 0.999871 -0.0132957 -0.0309057 -0.238151 0.0150533 0.971111 0.817295
0.97167 -0.000828431 0.236341 0.190933 0.00469541 0.999864 -0.0157995 -0.0237322 -0.236296 0.0164616 0.971542 0.810695
0.9727 -0.00426049 0.232027 0.189832 0.0086949 0.999799 -0.0180923 -0.0241213 -0.231903 0.0196158 0.972541 0.790378
0.974565 -0.00478834 0.224054 0.186953 0.00895477 0.999805 -0.0175833 -0.0214132 -0.223926 0.0191424 0.974418 0.77057
0.976112 -5.58225e-005 0.217266 0.165801 0.00264044 0.999929 -0.0116058 -0.0278256 -0.21725 0.0119022 0.976043 0.754715
0.977521 -0.000664527 0.210839 0.167752 0.00141883 0.999993 -0.00342636 -0.0140625 -0.210835 0.00364848 0.977515 0.775145
0.978384 -0.00154129 0.206789 0.158098 0.000331561 0.999983 0.0058846 -0.0118856 -0.206794 -0.00568884 0.978368 0.778697
0.979398 0.00630904 0.201839 0.162596 -0.00787691 0.999945 0.00696566 -0.011821 -0.201784 -0.00841202 0.979394 0.796885
0.97962 0.00316422 0.200837 0.101846 -0.00335533 0.999994 0.000611175 0.000773006 -0.200834 -0.00127259 0.979624 0.818133
0.981118 -0.00241232 0.193394 0.164657 0.00422206 0.999951 -0.00894614 -0.0186772 -0.193363 0.00959374 0.98108 0.787195
0.98239 -0.00348735 0.186808 0.146485 0.00623962 0.99988 -0.0141472 -0.00365875 -0.186736 0.0150637 0.982295 0.770641
0.98368 -0.000675679 0.179927 0.131866 0.00321105 0.9999 -0.0138002 -0.00366176 -0.1799 0.0141527 0.983583 0.75298
0.98513 0.00678132 0.171675 0.121705 -0.00493646 0.999925 -0.0111709 -0.0241985 -0.171738 0.0101573 0.98509 0.738595
0.986261 0.00839774 0.164983 0.0890519 -0.00608862 0.999876 -0.0144969 -0.0172568 -0.165084 0.0132932 0.98619 0.763204
0.987879 0.00358047 0.155187 0.113645 -0.000312668 0.999778 -0.0210765 -0.0210906 -0.155228 0.0207725 0.98766 0.756878
0.989068 0.00136273 0.147455 0.0955446 0.00216748 0.999715 -0.0237775 -0.0201556 -0.147446 0.0238372 0.988783 0.739232
0.990366 0.000410748 0.138477 0.10781 0.00252463 0.999776 -0.0210213 -0.0215794 -0.138455 0.0211683 0.990142 0.728713
0.991487 0.0037283 0.130155 0.0975456 -0.00185804 0.999893 -0.0144879 -0.0237971 -0.130196 0.0141227 0.991388 0.750272
0.99254 0.00457041 0.121835 0.0803448 -0.00342538 0.999948 -0.00960594 -0.019358 -0.121873 0.00911695 0.992504 0.772553
0.993383 0.00271508 0.114816 0.0688578 -0.00196445 0.999976 -0.00665025 -0.0210844 -0.114832 0.0063807 0.993364 0.771443
0.994113 0.000293875 0.108351 0.0809508 0.000216783 0.999989 -0.00470117 -0.0181059 -0.108351 0.00469699 0.994102 0.790456
0.994583 0.00152251 0.103934 0.0801157 -0.000831478 0.999977 -0.00669179 -0.0150303 -0.103941 0.00656912 0.994562 0.801276
0.995075 0.00464117 0.0990141 0.0749089 -0.00337613 0.999911 -0.0129401 -0.0153512 -0.0990653 0.0125421 0.995002 0.797781
0.995487 0.00457443 0.0947879 0.0689076 -0.00270945 0.9998 -0.0197947 -0.0248657 -0.0948596 0.0194485 0.995301 0.791681
0.995707 0.00410804 0.0924696 0.0521383 -0.00207585 0.999754 -0.0220623 -0.026271 -0.0925375 0.0217756 0.995471 0.782955
0.996072 0.00178365 0.0885334 0.0690546 -0.000306538 0.999861 -0.0166951 -0.0155112 -0.0885508 0.0166023 0.995933 0.782244
0.996263 0.00398514 0.0862739 0.0589624 -0.00343503 0.999973 -0.00652393 -0.0219314 -0.0862976 0.0062032 0.99625 0.802979
0.996541 0.00217869 0.0830797 0.0439883 -0.00222462 0.999997 0.000460248 -0.0190863 -0.0830785 -0.000643476 0.996543 0.824046
0.996906 -0.0033074 0.0785312 0.0661447 0.00353696 0.99999 -0.0027842 -0.0182994 -0.0785212 0.00305335 0.996908 0.842649
0.997248 -0.0121479 0.0731381 0.0789001 0.013063 0.999842 -0.0120463 -0.0200499 -0.0729802 0.0129685 0.997249 0.821415
0.997782 -0.000814635 0.0665644 0.0577801 0.00195283 0.999853 -0.0170359 -0.0109033 -0.0665407 0.0171281 0.997637 0.826427
0.998216 0.00452383 0.0595345 0.0427015 -0.00356634 0.999863 -0.0161794 -0.0206182 -0.0595995 0.0159382 0.998095 0.807124
0.998661 -0.00194535 0.0516886 0.0313264 0.00245456 0.999949 -0.00978979 -0.0223453 -0.0516669 0.00990355 0.998615 0.807933
0.998993 -0.00499133 0.0445961 0.0290431 0.00528253 0.999965 -0.00641416 -0.0167909 -0.0445625 0.00664328 0.998985 0.82817
0.999212 -0.00847312 0.0387806 0.037296 0.00855312 0.999962 -0.00189749 -0.0157246 -0.038763 0.00222769 0.999246 0.820197
0.999428 -0.00465578 0.0334948 0.0140697 0.00473018 0.999987 -0.0021421 -0.0107374 -0.0334844 0.00229931 0.999437 0.841009
0.999645 -0.00528707 0.0261299 0.0383721 0.00553224 0.999941 -0.00931947 -0.0178093 -0.0260791 0.00946071 0.999615 0.820105
0.999782 -0.00928014 0.0186808 0.0268364 0.00964619 0.999761 -0.0196013 -0.011129 -0.0184945 0.0197773 0.999633 0.800668
0.999868 -0.0105508 0.0123948 0.0184883 0.0108412 0.999663 -0.0236026 -0.0162932 -0.0121416 0.0237338 0.999645 0.780806
0.999975 0.00368971 0.0060008 -0.00754614 -0.0035926 0.999864 -0.016113 -0.0223392 -0.00605943 0.016091 0.999852 0.787837
0.999951 0.00987601 0.00077315 -0.0173671 -0.00987348 0.999946 -0.00321071 -0.0136757 -0.000804817 0.00320292 0.999995 0.779758
0.999981 0.00444001 -0.00417067 -0.0139169 -0.00442066 0.999979 0.00463505 -0.0219318 0.00419116 -0.00461652 0.999981 0.79965
0.999967 -0.000441667 -0.00811272 -0.0102847 0.000454951 0.999999 0.00163574 -0.0149401 0.00811199 -0.00163938 0.999966 0.819871
0.999948 0.00132331 -0.0101021 -0.0166375 -0.001417 0.999956 -0.0092726 -0.0113127 0.0100894 0.00928643 0.999906 0.839831
0.999856 0.0107375 -0.0131149 -0.027713 -0.0109792 0.999769 -0.0185006 -0.0144594 0.0129132 0.018642 0.999743 0.837386
0.999871 -0.000274525 -0.0160832 -0.0165382 -8.99161e-005 0.999743 -0.0226546 -0.021166 0.0160853 0.0226531 0.999614 0.817528
0.999816 -0.00554531 -0.01834 -0.00840082 0.00521073 0.99982 -0.018241 -0.0180331 0.0184378 0.0181421 0.999665 0.797721
