0.999989 -0.00341086 -0.0031552 -0.0026247 0.00340381 0.999992 -0.00223655 -0.00471486 0.0031628 0.00222579 0.999993 0.737084
0.999968 -0.0024105 -0.00761781 -0.0146832 0.00238408 0.999991 -0.00347478 -0.0105282 0.00762612 0.00345651 0.999965 1.51643
0.999948 0.0012042 -0.0101714 -0.045266 -0.00125263 0.999988 -0.00475662 -0.0166147 0.0101656 0.00476911 0.999937 2.28914
0.999856 0.00131163 -0.0169022 -0.0519458 -0.0014113 0.999982 -0.00588602 -0.0224815 0.0168941 0.00590903 0.99984 3.08524
0.999818 0.00103161 -0.0190275 -0.0804829 -0.00115061 0.99998 -0.00624395 -0.029586 0.0190207 0.00626471 0.999799 3.88896
0.999689 0.000566442 -0.0249228 -0.0985508 -0.000734188 0.999977 -0.00672198 -0.0413099 0.0249185 0.00673819 0.999667 4.75523
0.999556 0.00435868 -0.0294642 -0.13831 -0.00459475 0.999958 -0.00794891 -0.0510486 0.0294283 0.00808076 0.999534 5.6222
0.999452 0.00414356 -0.0328415 -0.184525 -0.00435086 0.999971 -0.00624317 -0.060501 0.0328146 0.00638264 0.999441 6.56682
0.999295 0.000180379 -0.0375301 -0.218254 -0.000300412 0.999995 -0.00319271 -0.0793541 0.0375294 0.00320174 0.99929 7.51751
0.999156 -0.000552035 -0.0410846 -0.250695 0.000510904 0.999999 -0.00101165 -0.0865752 0.0410851 0.000989802 0.999155 8.61356
0.999021 0.000289747 -0.0442415 -0.30383 -0.000318445 1 -0.000641619 -0.103602 0.0442413 0.000655079 0.999021 9.60393
0.998996 0.00219693 -0.0447545 -0.389533 -0.00230922 0.999994 -0.00245737 -0.102363 0.0447488 0.00255825 0.998995 10.6682
0.99882 -0.0048698 -0.0483146 -0.423311 0.00478544 0.999987 -0.00186164 -0.115066 0.048323 0.00162824 0.99883 11.6472
0.998699 -0.00489948 -0.0507615 -0.471035 0.00484302 0.999988 -0.00123514 -0.130306 0.0507669 0.000987696 0.99871 12.6937
0.998708 -0.00207765 -0.0507748 -0.529767 0.00198672 0.999996 -0.00184126 -0.139038 0.0507784 0.00173801 0.998708 13.6979
0.998597 0.000488168 -0.0529553 -0.582173 -0.000696897 0.999992 -0.00392321 -0.149195 0.0529529 0.00395461 0.998589 14.7725
0.998612 0.00369727 -0.0525323 -0.665244 -0.00403636 0.999972 -0.00635036 -0.164019 0.0525074 0.00655359 0.998599 15.8481
0.998378 0.00378099 -0.0568087 -0.713634 -0.0042731 0.999954 -0.00854371 -0.166969 0.0567738 0.0087726 0.998349 16.9342
0.998378 0.00412247 -0.0567883 -0.785975 -0.00453584 0.999964 -0.00715232 -0.183108 0.0567567 0.0073983 0.998361 18.1005
0.998312 -0.000298511 -0.0580787 -0.854144 -0.000149438 0.99997 -0.00770831 -0.198337 0.0580793 0.00770398 0.998282 19.268
0.998109 -0.00030907 -0.0614711 -0.900904 5.84733e-006 0.999988 -0.00493289 -0.215588 0.0614719 0.0049232 0.998097 20.3255
0.998193 -0.00182737 -0.0600641 -0.995267 0.00150557 0.999984 -0.00540238 -0.22527 0.060073 0.00530218 0.99818 21.466
0.997984 -0.00068771 -0.0634589 -1.04079 0.000290934 0.99998 -0.00626152 -0.24652 0.0634619 0.00623043 0.997965 22.4568
0.997921 -0.00230187 -0.0644042 -1.10811 0.00184841 0.999973 -0.00709957 -0.259202 0.0644189 0.00696576 0.997899 23.5318
0.997927 -0.00155787 -0.0643377 -1.18472 0.00121269 0.999985 -0.00540381 -0.271812 0.0643451 0.00531458 0.997914 24.5559
0.997863 0.00142971 -0.0653229 -1.26017 -0.00154155 0.999997 -0.00166164 -0.289304 0.0653204 0.00175879 0.997863 25.632
0.99798 0.00441223 -0.0633786 -1.34529 -0.00430355 0.999989 0.00185107 -0.305075 0.0633861 -0.00157458 0.997988 26.7294
0.997968 -0.00214202 -0.0636889 -1.4194 0.00244533 0.999986 0.00468485 -0.303074 0.063678 -0.00483107 0.997959 27.9842
0.998334 0.00315225 -0.0576193 -1.5302 -0.00285306 0.999982 0.00527421 -0.315864 0.0576349 -0.00510103 0.998325 29.0853
0.998335 0.00110069 -0.0576715 -1.62525 -0.000945909 0.999996 0.00271107 -0.322791 0.0576742 -0.00265201 0.998332 30.4153
0.998519 0.00367273 -0.0542837 -1.70894 -0.00379996 0.99999 -0.0022408 -0.333937 0.054275 0.00244376 0.998523 31.6557
0.998512 0.0017026 -0.0545067 -1.7665 -0.00198293 0.999985 -0.00508922 -0.353744 0.0544973 0.00518973 0.9985 32.9156
0.998495 -0.00635522 -0.05447 -1.83371 0.00611979 0.999971 -0.00448791 -0.363679 0.0544969 0.00414781 0.998505 34.0771
0.998571 -0.00206931 -0.0533921 -1.90393 0.00212021 0.999997 0.00089664 -0.37635 0.0533901 -0.00100856 0.998573 35.2119
0.998437 -0.00690185 -0.0554526 -1.97013 0.00710287 0.999969 0.00342873 -0.388306 0.0554272 -0.00381725 0.998455 36.3877
0.998297 -0.0122897 -0.057026 -2.00001 0.0124736 0.999918 0.00286901 -0.402247 0.0569861 -0.00357544 0.998369 37.5302
0.998224 -0.0118215 -0.0583897 -2.04868 0.0117847 0.99993 -0.000973942 -0.430384 0.0583972 0.000284107 0.998293 38.7881
0.998147 -0.000707298 -0.0608454 -2.14025 0.000404945 0.999988 -0.00498138 -0.439634 0.0608482 0.00494751 0.998135 40.0233
0.997914 0.00176345 -0.0645379 -2.19317 -0.00209478 0.999985 -0.00506668 -0.463141 0.064528 0.0051913 0.997902 41.1135
0.997936 0.00105948 -0.0642075 -2.27562 -0.00131617 0.999991 -0.00395565 -0.486322 0.0642028 0.00403199 0.997929 42.2837
0.997826 0.00105498 -0.0658883 -2.35735 -0.00113467 0.999999 -0.00117212 -0.499882 0.065887 0.00124433 0.997826 43.5097
0.997833 0.00325951 -0.0657099 -2.4582 -0.00325425 0.999995 0.000187124 -0.51165 0.0657102 2.71175e-005 0.997839 44.6789
0.997751 0.00323014 -0.0669589 -2.54713 -0.00303951 0.999991 0.00294871 -0.523788 0.0669678 -0.00273856 0.997751 45.8565
0.9977 1.10587e-005 -0.0677857 -2.63353 0.000363437 0.999985 0.00551237 -0.53308 0.0677847 -0.00552433 0.997685 47.2305
0.997703 0.00434949 -0.0675966 -2.72892 -0.00382833 0.999962 0.00783742 -0.541717 0.0676281 -0.00756063 0.997682 48.506
0.9977 0.00454386 -0.0676341 -2.84613 -0.00403223 0.999962 0.00769936 -0.545074 0.0676665 -0.00740893 0.99768 50.049
0.99764 -0.00275863 -0.0686067 -2.92002 0.0031541 0.999979 0.0056566 -0.553157 0.0685896 -0.00585964 0.997628 51.4597
0.997725 0.00373228 -0.0673123 -3.03234 -0.00348588 0.999987 0.00377764 -0.561224 0.0673255 -0.0035344 0.997725 52.8295
0.997699 0.00253773 -0.0677548 -3.12329 -0.00227076 0.999989 0.00401697 -0.58141 0.0677643 -0.00385387 0.997694 54.1625
0.997462 -0.00491692 -0.071028 -3.2246 0.00527055 0.999975 0.00479224 -0.587787 0.0710027 -0.00515443 0.997463 55.6508
0.997486 -0.00121769 -0.0708475 -3.31946 0.00166973 0.999979 0.00632162 -0.604552 0.0708383 -0.00642403 0.997467 57.0648
0.997464 0.00338535 -0.0710968 -3.39053 -0.00320708 0.999991 0.00262138 -0.613677 0.071105 -0.00238672 0.997466 58.3619
0.997357 0.00411121 -0.0725462 -3.53393 -0.00421693 0.99999 -0.00130413 -0.632581 0.0725401 0.0016066 0.997364 59.8549
0.997323 0.000868795 -0.0731215 -3.6054 -0.0011061 0.999994 -0.00320487 -0.64928 0.0731183 0.00327717 0.997318 61.0606
0.997221 -0.00104909 -0.0744948 -3.71384 0.00109445 0.999999 0.000568082 -0.662828 0.0744941 -0.000648034 0.997221 62.4808
0.997327 -0.00158712 -0.0730499 -3.8143 0.00187162 0.999991 0.00382627 -0.687519 0.0730432 -0.00395276 0.997321 63.6715
0.997172 -0.00383808 -0.075055 -3.92027 0.00411528 0.999985 0.00353899 -0.687995 0.0750404 -0.00383785 0.997173 64.9742
0.997303 -0.00499245 -0.073223 -3.99238 0.00523932 0.999981 0.00317986 -0.715541 0.0732057 -0.00355492 0.997311 66.1504
0.997213 -0.00542361 -0.0744164 -4.09412 0.00552549 0.999984 0.00116316 -0.728156 0.0744089 -0.0015711 0.997227 67.3406
0.997033 -0.0045475 -0.0768375 -4.16066 0.00474912 0.999986 0.00244144 -0.737959 0.0768253 -0.00279911 0.997041 68.4894
0.997091 -0.00430652 -0.0761005 -4.25809 0.00479864 0.999969 0.00628496 -0.742747 0.076071 -0.00663185 0.99708 69.699
0.996901 -0.00463793 -0.0785346 -4.34511 0.00550422 0.999926 0.0108178 -0.751616 0.0784787 -0.0112166 0.996853 70.9609
0.997027 0.000675851 -0.0770458 -4.45865 0.000338146 0.999914 0.0131472 -0.766847 0.0770481 -0.0131341 0.996941 72.229
0.996887 0.00418047 -0.0787345 -4.56793 -0.00346991 0.999952 0.00915941 -0.767276 0.078769 -0.0088577 0.996854 73.4534
0.996687 0.00245013 -0.081291 -4.67728 -0.00236101 0.999997 0.0011924 -0.77948 0.0812936 -0.000996519 0.99669 74.9028
0.996678 0.00813317 -0.0810389 -4.8182 -0.00840855 0.99996 -0.00305735 -0.786873 0.0810108 0.00372862 0.996706 76.1493
0.996553 0.00594228 -0.0827422 -4.90094 -0.00619779 0.999977 -0.00283157 -0.798745 0.0827235 0.00333463 0.996567 77.2377
0.996425 0.00536115 -0.0843129 -4.99667 -0.00533017 0.999986 0.000592612 -0.823699 0.0843148 -0.000141092 0.996439 78.2788
0.996387 0.00387765 -0.0848458 -5.09378 -0.00373795 0.999991 0.00180535 -0.843406 0.0848521 -0.00148167 0.996392 79.3595
0.996395 0.00464315 -0.0847091 -5.19703 -0.00447764 0.999988 0.00214374 -0.858642 0.084718 -0.00175671 0.996403 80.4036
0.996125 0.00120207 -0.0879379 -5.29193 -0.000998979 0.999997 0.00235348 -0.869595 0.0879404 -0.00225652 0.996123 81.4749
0.996168 0.00327885 -0.0874024 -5.41077 -0.00298783 0.99999 0.00346027 -0.887554 0.0874128 -0.00318587 0.996167 82.5519
0.995883 0.00154254 -0.0906384 -5.50497 -0.00119604 0.999992 0.00387708 -0.909428 0.0906437 -0.00375271 0.995876 83.6431
0.99604 0.000838151 -0.0888968 -5.65732 -0.000488552 0.999992 0.00395432 -0.905294 0.0888994 -0.00389523 0.996033 84.8461
0.995798 0.00290965 -0.0915301 -5.76017 -0.00225359 0.999971 0.00727026 -0.919704 0.0915486 -0.00703344 0.995776 85.932
0.995606 0.00181497 -0.0936224 -5.85499 -0.000751821 0.999935 0.0113897 -0.930635 0.093637 -0.0112693 0.995543 87.1078
0.995492 0.0034798 -0.0947862 -5.97352 -0.00221642 0.999907 0.0134307 -0.945805 0.0948242 -0.0131601 0.995407 88.3131
0.995438 0.00762876 -0.0951031 -6.17096 -0.00677255 0.999934 0.00932243 -0.950289 0.095168 -0.00863581 0.995424 89.6246
0.995173 0.002797 -0.0980941 -6.26373 -0.00257913 0.999994 0.0023477 -0.973911 0.0981001 -0.00208337 0.995174 90.8193
0.995118 -0.000414593 -0.0986921 -6.37505 2.27579e-005 0.999992 -0.00397137 -0.983765 0.098693 0.00394974 0.99511 91.979
0.995149 -0.00138106 -0.0983736 -6.48484 0.000901361 0.999987 -0.00492054 -0.999108 0.0983792 0.004808 0.995137 93.0454
0.994895 0.00177239 -0.100904 -6.59004 -0.00190532 0.999997 -0.00122098 -1.01884 0.100902 0.001407 0.994895 94.1531
0.994939 0.00327025 -0.100428 -6.70372 -0.00320239 0.999995 0.000836986 -1.04165 0.10043 -0.000511142 0.994944 95.154
0.994264 -0.00462296 -0.106858 -6.72342 0.00439074 0.999987 -0.00240833 -1.07861 0.106868 0.00192533 0.994271 96.1212
0.994448 -0.0103672 -0.104715 -6.87553 0.00959079 0.999923 -0.00791529 -1.1204 0.104789 0.00686705 0.994471 97.4204
0.994468 -0.0120114 -0.104348 -6.90146 0.0106628 0.999852 -0.0134726 -1.13472 0.104495 0.0122854 0.99445 98.1175
0.994597 -0.000966804 -0.103806 -6.97213 -0.000425141 0.99991 -0.0133861 -1.1487 0.10381 0.0133579 0.994507 99.0262
0.995242 0.00609977 -0.0972456 -7.07375 -0.00711541 0.999924 -0.0101006 -1.15993 0.0971766 0.0107445 0.995209 99.8152
0.995648 0.00338825 -0.0931298 -7.16756 -0.00402941 0.999969 -0.00669742 -1.18495 0.0931043 0.00704353 0.995631 100.664
0.996116 -0.00662962 -0.0878038 -7.20894 0.00632304 0.999973 -0.00376939 -1.19169 0.0878264 0.00319956 0.996131 101.394
0.996802 -0.0114075 -0.0790874 -7.2799 0.0114095 0.999935 -0.000426113 -1.21773 0.0790871 -0.0004776 0.996868 102.241
0.997639 -0.00134933 -0.0686574 -7.31617 0.0013302 0.999999 -0.000324406 -1.2282 0.0686577 0.000232312 0.99764 102.938
0.998542 0.00907668 -0.0532063 -7.37188 -0.00912765 0.999958 -0.000714951 -1.24117 0.0531975 0.00119956 0.998583 103.78
0.999328 0.00953799 -0.0353916 -7.38478 -0.00952921 0.999955 0.000416785 -1.25481 0.035394 -7.92508e-005 0.999373 104.388
0.999902 0.00292772 -0.0136571 -7.38081 -0.00290785 0.999995 0.00147461 -1.26469 0.0136614 -0.00143476 0.999906 105.1
0.999898 -0.006245 0.0128211 -7.36394 0.00621588 0.999978 0.00231 -1.27176 -0.0128352 -0.00223007 0.999915 105.686
0.99905 -0.00250115 0.0435103 -7.31336 0.00230004 0.999986 0.00467161 -1.28556 -0.0435214 -0.0045671 0.999042 106.274
0.997105 -0.00081967 0.0760358 -7.24139 0.000349208 0.999981 0.00620047 -1.29162 -0.0760394 -0.00615597 0.997086 106.86
0.993539 0.0014632 0.113481 -7.15619 -0.00227581 0.999973 0.00703151 -1.29529 -0.113468 -0.00724434 0.993515 107.436
0.988171 -0.000913293 0.153352 -6.99502 -0.000240936 0.999972 0.0075079 -1.30283 -0.153355 -0.00745604 0.988143 108.009
0.979983 -0.0035214 0.199049 -6.86179 0.00193343 0.999965 0.00817159 -1.313 -0.19907 -0.00762318 0.979956 108.538
0.968433 0.00371872 0.249247 -6.7044 -0.00529785 0.99997 0.00566508 -1.3199 -0.249218 -0.00680673 0.968423 109.068
0.953141 -0.000229552 0.302525 -6.51397 -0.00108929 0.999991 0.00419072 -1.33658 -0.302523 -0.00432389 0.953132 109.539
0.934963 -0.00217414 0.354738 -6.26907 0.00128243 0.999995 0.00274878 -1.33368 -0.354743 -0.00211508 0.934962 109.967
0.909885 -0.000417923 0.41486 -6.0335 -0.000585763 0.999997 0.0022921 -1.33406 -0.414859 -0.00232856 0.909883 110.397
0.883613 -0.0017464 0.468215 -5.75334 0.00198433 0.999998 -1.49096e-005 -1.32774 -0.468214 0.000942269 0.883614 110.781
0.849317 -0.0022207 0.527878 -5.45455 0.00276194 0.999996 -0.000236939 -1.33602 -0.527876 0.0016592 0.84932 111.173
0.81612 -0.00631401 0.577847 -5.10876 0.00830186 0.999965 -0.000798701 -1.32917 -0.577822 0.00544904 0.816145 111.496
0.774866 -0.00193957 0.632122 -4.78397 0.00171794 0.999998 0.000962455 -1.33891 -0.632123 0.000340174 0.774868 111.834
0.735219 -0.000178061 0.67783 -4.41588 -0.00203894 0.999995 0.00247426 -1.33454 -0.677827 -0.00320117 0.735215 112.13
0.689053 -0.000111808 0.724711 -4.04247 -0.00381601 0.999986 0.00378253 -1.34795 -0.7247 -0.00537187 0.689043 112.43
0.644242 -0.00535247 0.764803 -3.63786 0.00206033 0.999984 0.00526284 -1.3459 -0.764819 -0.0018148 0.644243 112.682
0.596648 -0.0108382 0.80243 -3.22159 0.00601618 0.999941 0.00903262 -1.35547 -0.80248 -0.000561736 0.596678 112.929
0.553482 -0.00837439 0.832819 -2.79595 0.00291945 0.999963 0.00811486 -1.35591 -0.832856 -0.00206006 0.553486 113.126
0.502863 0.00114108 0.864365 -2.36262 -0.00639961 0.999977 0.00240301 -1.36096 -0.864342 -0.00673998 0.502859 113.355
0.461477 -0.000916436 0.887152 -1.89969 -0.00356242 0.999989 0.00288609 -1.36639 -0.887145 -0.00449228 0.461469 113.527
0.417936 -0.00817367 0.90844 -1.41658 0.00291289 0.999966 0.00765708 -1.36773 -0.908472 -0.000553986 0.417946 113.694
0.379992 -0.0237919 0.924684 -0.900993 0.00711264 0.999715 0.0227995 -1.36723 -0.924962 -0.0020867 0.380053 113.813
0.343424 -0.0238249 0.938878 0.301913 -0.00142497 0.999664 0.0258886 -1.33382 -0.939179 -0.0102286 0.343275 114.144
0.311148 -0.0171791 0.950206 0.782266 -0.0139018 0.999647 0.0226251 -1.34579 -0.95026 -0.0202493 0.3108 114.272
0.28059 -0.00663304 0.959805 1.98016 -0.0141714 0.999838 0.0110526 -1.33804 -0.959723 -0.016703 0.280451 114.594
0.253125 -0.00255606 0.96743 2.78348 -0.0132264 0.999894 0.00610249 -1.36813 -0.967343 -0.0143404 0.253064 114.76
0.226961 -0.00463669 0.973893 3.7889 -0.00438564 0.999974 0.00578291 -1.38013 -0.973894 -0.00558364 0.226935 114.964
0.204713 -0.0138687 0.978724 4.54946 0.00186046 0.999903 0.0137797 -1.39007 -0.97882 -0.001 0.204719 115.04
0.183637 -0.0180447 0.982829 5.24354 0.00866549 0.999822 0.0167376 -1.36203 -0.982956 0.00544304 0.18376 115.138
0.164722 -0.0189915 0.986157 5.66089 0.00603401 0.999815 0.0182466 -1.34942 -0.986321 0.00294485 0.164807 115.185
0.146656 -0.0121814 0.989113 6.22557 -0.00693203 0.999887 0.0133419 -1.33801 -0.989163 -0.00881322 0.146554 115.267
0.131732 -0.00980776 0.991237 6.77427 -0.0204534 0.999711 0.0126098 -1.34008 -0.991074 -0.0219353 0.131494 115.337
0.116784 -0.00882389 0.993118 7.38188 -0.0205722 0.999724 0.0113017 -1.34405 -0.992944 -0.0217504 0.116571 115.401
0.103685 -0.0131509 0.994523 8.02053 -0.0157053 0.999766 0.0148576 -1.34579 -0.994486 -0.0171598 0.103454 115.461
0.0921736 -0.0165458 0.995605 8.71294 -0.013286 0.999752 0.0178447 -1.33683 -0.995654 -0.0148725 0.091931 115.51
0.0819365 -0.0200048 0.996437 9.35811 -0.0115422 0.999712 0.0210197 -1.33088 -0.996571 -0.0132234 0.081682 115.548
0.0741216 -0.021476 0.997018 10.0074 -0.0141878 0.999644 0.0225873 -1.32174 -0.997148 -0.0158197 0.0737905 115.589
0.068257 -0.0218473 0.997429 10.6968 -0.0174063 0.999582 0.0230856 -1.30946 -0.997516 -0.0189373 0.0678482 115.632
0.0634514 -0.0246713 0.99768 11.3997 -0.0192343 0.999478 0.025939 -1.29734 -0.9978 -0.0208355 0.0629438 115.665
0.0570091 -0.0241804 0.998081 12.1637 -0.0206528 0.999464 0.0253936 -1.28324 -0.99816 -0.0220608 0.0564792 115.718
0.0536026 -0.0281163 0.998166 13.0681 -0.0228563 0.999307 0.0293758 -1.26297 -0.998301 -0.0243891 0.0529228 115.73
0.0493384 -0.0256848 0.998452 13.8679 -0.0225628 0.999386 0.0268238 -1.24999 -0.998527 -0.0238513 0.0487285 115.79
0.0471262 -0.0292982 0.998459 14.729 -0.027805 0.999144 0.0306307 -1.22099 -0.998502 -0.0292057 0.0462712 115.825
0.0440089 -0.0267636 0.998673 15.5676 -0.0262328 0.999265 0.0279355 -1.21189 -0.998687 -0.0274274 0.0432745 115.867
0.0437974 -0.033006 0.998495 16.4043 -0.0267779 0.999056 0.0341991 -1.17533 -0.998681 -0.0282355 0.0428723 115.895
0.0438867 -0.0348155 0.99843 17.2184 -0.0276779 0.998967 0.0360508 -1.15798 -0.998653 -0.0292166 0.0428778 115.935
0.047604 -0.0379308 0.998146 18.3746 -0.0320762 0.998705 0.0394819 -1.12192 -0.998351 -0.0338962 0.0463257 115.975
0.048946 -0.0368352 0.998122 19.6981 -0.0344861 0.998662 0.0385463 -1.07652 -0.998206 -0.036308 0.0476102 116.083
0.056854 -0.0417141 0.997511 20.4644 -0.0381802 0.998305 0.0439235 -1.06544 -0.997652 -0.0405823 0.0551649 116.08
0.0566497 -0.0363318 0.997733 21.6606 -0.0376067 0.998551 0.0384968 -1.01093 -0.997686 -0.0397023 0.0552012 116.185
0.0655111 -0.0426935 0.996938 22.7294 -0.044909 0.997946 0.0456877 -0.974435 -0.996841 -0.0477645 0.0634592 116.244
0.066857 -0.0370999 0.997073 24.0102 -0.0436615 0.998242 0.0400711 -0.934293 -0.996807 -0.0462127 0.0651197 116.373
0.0725909 -0.0360316 0.996711 24.9155 -0.0417074 0.998363 0.0391289 -0.900134 -0.996489 -0.0444107 0.0709693 116.406
0.0742234 -0.0328185 0.996701 26.1271 -0.0380893 0.998636 0.0357186 -0.867028 -0.996514 -0.0406148 0.0728721 116.537
0.0779121 -0.0302938 0.9965 27.4891 -0.0324655 0.998931 0.032906 -0.845707 -0.996431 -0.0349156 0.0768453 116.685
0.0782091 -0.0225927 0.996681 28.548 -0.0247343 0.999391 0.024595 -0.820606 -0.99663 -0.0265758 0.0776027 116.788
0.077691 -0.0206287 0.996764 30.2015 -0.0190965 0.999572 0.0221752 -0.765029 -0.996795 -0.0207575 0.0772638 116.938
0.0787014 -0.0199386 0.996699 32.3804 -0.0205669 0.999555 0.0216198 -0.714787 -0.996686 -0.0222005 0.0782563 117.076
0.0776152 -0.0170885 0.996837 33.3804 -0.0221113 0.999578 0.0188571 -0.703424 -0.996738 -0.023505 0.0772046 117.169
0.0756839 -0.0140749 0.997033 35.2412 -0.0230178 0.999609 0.0158585 -0.681577 -0.996866 -0.0241497 0.0753303 117.369
0.0731553 -0.00572627 0.997304 34.8723 -0.018111 0.999811 0.00706917 -0.685906 -0.997156 -0.0185793 0.0730378 117.329
0.0731553 -0.00572627 0.997304 34.5035 -0.018111 0.999811 0.00706917 -0.690234 -0.997156 -0.0185793 0.0730378 117.29
0.0731553 -0.00572627 0.997304 34.1346 -0.018111 0.999811 0.00706917 -0.694562 -0.997156 -0.0185793 0.0730378 117.25
0.0731553 -0.00572627 0.997304 33.7657 -0.018111 0.999811 0.00706917 -0.69889 -0.997156 -0.0185793 0.0730378 117.21
0.0731553 -0.00572627 0.997304 33.3969 -0.018111 0.999811 0.00706917 -0.703218 -0.997156 -0.0185793 0.0730378 117.171
0.0697103 -0.00199165 0.997565 34.9007 -0.0178512 0.999835 0.00324363 -0.693206 -0.997408 -0.0180339 0.0696633 117.311
0.0661879 -0.00426804 0.997798 36.0415 -0.0101412 0.999936 0.0049499 -0.692932 -0.997756 -0.0104465 0.0661404 117.381
0.0592824 0.00045807 0.998241 37.5952 -0.00939386 0.999956 9.9015e-005 -0.74161 -0.998197 -0.00938321 0.0592841 117.451
0.0503751 0.000548134 0.99873 39.026 -0.00621794 0.999981 -0.000235193 -0.734925 -0.998711 -0.0061982 0.0503775 117.582
0.0426556 0.00241972 0.999087 40.4703 0.0011095 0.999996 -0.00246929 -0.776317 -0.999089 0.00121381 0.0426528 117.635
0.0319416 0.000532358 0.99949 41.8413 0.00160878 0.999999 -0.000584042 -0.785528 -0.999488 0.00162661 0.0319407 117.68
0.0214057 0.00161992 0.99977 43.3063 0.00270489 0.999995 -0.0016782 -0.807339 -0.999767 0.00274019 0.0214012 117.731
0.0107636 0.00295542 0.999938 44.6809 -0.000271033 0.999996 -0.00295267 -0.830902 -0.999942 -0.000239235 0.0107643 117.744
-0.000710914 0.00108359 0.999999 46.3377 -0.000324443 0.999999 -0.00108382 -0.856351 -1 -0.000325214 -0.000710562 117.754
-0.011451 0.00192246 0.999933 47.7852 0.00252676 0.999995 -0.00189364 -0.882021 -0.999931 0.0025049 -0.0114558 117.732
-0.022666 0.00145255 0.999742 49.4326 0.00221859 0.999997 -0.00140262 -0.907911 -0.999741 0.00218623 -0.0226692 117.7
-0.0328389 0.00217581 0.999458 51.0289 0.0032829 0.999992 -0.00206911 -0.933457 -0.999455 0.00321318 -0.0328458 117.631
-0.0439547 0.00292633 0.999029 52.7229 0.003814 0.999989 -0.00276133 -0.966877 -0.999026 0.00368892 -0.0439654 117.568
-0.053663 0.00259456 0.998556 54.2007 0.003119 0.999992 -0.00243067 -0.982194 -0.998554 0.00298406 -0.0536707 117.5
-0.0646263 0.00128022 0.997909 55.7662 0.00332046 0.999994 -0.00106786 -0.975283 -0.997904 0.0032445 -0.0646301 117.469
-0.0826194 -0.000980206 0.996581 57.2636 0.000783934 0.999999 0.00104856 -0.99844 -0.996581 0.000867884 -0.0826186 117.353
-0.0826194 -0.000980206 0.996581 58.7611 0.000783934 0.999999 0.00104856 -1.0216 -0.996581 0.000867884 -0.0826186 117.236
-0.088738 -0.00433559 0.996046 59.7937 -0.00292683 0.999987 0.004092 -1.03665 -0.996051 -0.00255214 -0.0887495 117.121
-0.0959507 -0.00594706 0.995368 60.9672 -0.00428757 0.999975 0.00556128 -1.04374 -0.995377 -0.0037341 -0.0959739 117.019
-0.0984676 -0.00809616 0.995107 62.1181 -0.00848111 0.999937 0.00729624 -1.05803 -0.995104 -0.00772117 -0.0985301 116.894
-0.100649 -0.011733 0.994853 63.4054 -0.0103144 0.999889 0.0107489 -1.06731 -0.994868 -0.00917948 -0.100759 116.755
-0.102624 -0.0103472 0.994666 64.4703 -0.0123603 0.999882 0.00912617 -1.07892 -0.994643 -0.0113578 -0.102739 116.662
-0.102204 -0.0136838 0.994669 65.6964 -0.0143821 0.999821 0.0122769 -1.10086 -0.99466 -0.0130507 -0.102382 116.548
-0.100401 -0.0144038 0.994843 66.7075 -0.00887515 0.999868 0.0135809 -1.11188 -0.994907 -0.00746585 -0.100516 116.451
-0.100401 -0.0144038 0.994843 67.7186 -0.00887515 0.999868 0.0135809 -1.1229 -0.994907 -0.00746585 -0.100516 116.354
-0.0953865 -0.0140215 0.995342 68.4278 -0.0146391 0.999812 0.0126816 -1.12562 -0.995333 -0.0133613 -0.0955739 116.299
-0.0876147 -0.0152186 0.996038 69.6724 -0.0135612 0.999809 0.0140834 -1.12294 -0.996062 -0.0122736 -0.0878043 116.208
-0.0759363 -0.0129649 0.997028 70.694 -0.0130989 0.999842 0.0120038 -1.1303 -0.997027 -0.0121484 -0.0760941 116.144
-0.0627254 -0.0124298 0.997953 71.716 -0.0136266 0.99984 0.0115968 -1.14227 -0.997938 -0.0128713 -0.0628847 116.11
-0.0454151 -0.0111789 0.998906 72.5203 -0.0108175 0.999884 0.0106981 -1.14853 -0.99891 -0.0103198 -0.0455308 116.091
-0.0238835 -0.00831058 0.99968 73.2682 -0.00761754 0.999938 0.00813073 -1.16202 -0.999686 -0.00742092 -0.0239453 116.087
-2.49295e-005 -0.0085553 0.999963 74.0957 -0.00492825 0.999951 0.00855507 -1.15898 -0.999988 -0.00492786 -6.7091e-005 116.129
0.0291848 -0.00694169 0.99955 74.7746 -0.00416919 0.999966 0.00706632 -1.16748 -0.999565 -0.00437355 0.0291549 116.168
0.0609668 -0.0042726 0.998131 75.4241 -0.00657631 0.999967 0.00468215 -1.16522 -0.998118 -0.00684948 0.0609367 116.24
0.0993429 -0.00400128 0.995045 76.0683 -0.00975011 0.99994 0.00499439 -1.16993 -0.995005 -0.010198 0.0992979 116.334
0.142033 -0.0034686 0.989856 76.6922 -0.0113073 0.999923 0.00512636 -1.17179 -0.989797 -0.0119207 0.141983 116.444
0.186712 -0.00395007 0.982407 77.2988 -0.0132849 0.99989 0.00654524 -1.18676 -0.982325 -0.0142733 0.186639 116.593
0.234268 0.00698342 0.972147 77.8712 -0.0149068 0.999882 -0.00359041 -1.18466 -0.972058 -0.0136505 0.234344 116.795
0.285107 0.00425275 0.958486 78.4124 -0.0119073 0.999929 -0.00089475 -1.19477 -0.958422 -0.0111579 0.285137 116.995
0.338146 0.00497363 0.941081 78.9648 -0.00208357 0.999988 -0.00453629 -1.19445 -0.941091 -0.000426882 0.338152 117.249
0.397704 -0.00351967 0.917507 79.5593 0.00351077 0.999991 0.00231431 -1.219 -0.917507 0.00230074 0.397713 117.539
0.455293 -0.00640216 0.890319 80.1987 0.0111968 0.999936 0.00146458 -1.23114 -0.890271 0.00930187 0.455336 117.941
0.506489 0.00277767 0.862242 80.4012 0.00790923 0.999938 -0.0078672 -1.26187 -0.86221 0.0108043 0.506436 118.298
0.571418 -0.00312953 0.820653 81.2531 0.00766194 0.999969 -0.00152165 -1.24841 -0.820623 0.00715729 0.571425 118.751
0.626989 0.00303082 0.779022 81.6854 0.00115968 0.999988 -0.00482386 -1.25472 -0.779027 0.00392792 0.626978 119.17
0.676707 0.00327946 0.736245 82.0335 0.00241147 0.999975 -0.00667065 -1.25248 -0.736249 0.0062895 0.676682 119.601
0.727133 -0.00187295 0.686494 82.4067 0.0051295 0.999983 -0.00270492 -1.26501 -0.686477 0.00548821 0.72713 120.05
0.771691 0.00110365 0.635996 82.6711 0.00036276 0.999998 -0.00217546 -1.25947 -0.635997 0.0019095 0.771689 120.471
0.811949 0.000958869 0.583728 82.941 -0.00589231 0.999961 0.00655343 -1.27155 -0.583699 -0.00876056 0.811923 120.935
0.848912 -0.00104219 0.528533 83.1803 -0.0053718 0.999929 0.0105997 -1.28375 -0.528507 -0.0118374 0.848846 121.393
0.879284 0.00417473 0.476279 83.4267 -0.0119616 0.99984 0.013319 -1.27207 -0.476147 -0.0174083 0.879193 121.969
0.905383 0.000445795 0.424595 83.6744 -0.0099662 0.999746 0.0202017 -1.28305 -0.424478 -0.0225219 0.905158 122.597
0.924621 0.0079582 0.380805 83.8839 -0.0157676 0.999724 0.0173922 -1.27684 -0.380562 -0.0220856 0.924492 123.356
0.940411 0.00844832 0.339936 84.0841 -0.0159695 0.999686 0.0193337 -1.2776 -0.339666 -0.0236102 0.94025 124.092
0.952128 0.0083219 0.305585 84.3056 -0.0135358 0.999797 0.0149471 -1.26122 -0.305399 -0.0183679 0.952047 125.004
0.961501 0.003646 0.274776 84.4915 -0.00788159 0.999867 0.0143122 -1.26005 -0.274687 -0.0159269 0.961402 125.818
0.9675 -0.00527064 0.252817 84.715 0.00158474 0.99989 0.0147807 -1.25651 -0.252867 -0.0138997 0.967401 126.724
0.971286 -0.00947249 0.237727 84.9396 0.00602593 0.999866 0.0152205 -1.25738 -0.23784 -0.0133509 0.971213 127.745
0.974409 -0.000530321 0.224782 85.1351 -0.00276158 0.999894 0.0143302 -1.2497 -0.224766 -0.0145842 0.974304 128.768
0.976512 0.00787439 0.215319 85.3404 -0.0109599 0.999854 0.0131397 -1.23351 -0.215184 -0.015191 0.976455 129.918
0.97777 0.0116857 0.209356 85.5447 -0.01412 0.999849 0.0101363 -1.22159 -0.209206 -0.0128671 0.977787 130.998
0.978394 0.0107423 0.206471 85.7797 -0.0121309 0.999912 0.00546068 -1.21252 -0.206394 -0.00784738 0.978438 132.145
0.978327 0.00362376 0.207032 86.0397 -0.00428664 0.999987 0.00275332 -1.21945 -0.20702 -0.00358112 0.97833 133.492
0.978166 -0.00356363 0.207796 86.3561 0.00375597 0.999993 -0.000531089 -1.22592 -0.207792 0.00129997 0.978172 134.798
0.977193 -0.00498928 0.212294 86.6814 0.00646449 0.99996 -0.00625539 -1.22283 -0.212254 0.0074851 0.977186 136.217
0.976273 -0.00464243 0.216492 86.9295 0.00703251 0.999923 -0.010271 -1.22762 -0.216428 0.0115498 0.97623 137.297
0.975192 0.00475341 0.221312 87.1081 -0.00236258 0.999936 -0.0110665 -1.24018 -0.22135 0.0102691 0.97514 138.199
0.974085 0.0100009 0.225963 87.3113 -0.0084319 0.999933 -0.00790763 -1.2434 -0.226027 0.00579741 0.974104 139.161
0.972805 0.00317328 0.231605 87.5089 -0.00265447 0.999993 -0.00255168 -1.2734 -0.231612 0.0018675 0.972806 140.037
0.972165 -0.00467469 0.234251 87.7725 0.00392708 0.999986 0.00365783 -1.27801 -0.234265 -0.00263609 0.972169 141.083
0.971084 -0.00436486 0.238696 88.0205 0.00233452 0.999959 0.00878803 -1.29244 -0.238725 -0.00797668 0.971054 142.11
0.970285 -0.00511049 0.241911 88.3084 0.00271886 0.999944 0.0102192 -1.29401 -0.241949 -0.00925783 0.970245 143.208
0.97022 -0.0101972 0.24201 88.5104 0.0083991 0.999929 0.00846037 -1.28741 -0.242079 -0.00617576 0.970237 144.055
0.970468 -0.00596078 0.241156 88.8893 0.00583058 0.999982 0.00125349 -1.29809 -0.241159 0.000189607 0.970486 145.541
0.970864 -0.00445175 0.239591 89.1589 0.00581315 0.999971 -0.00497578 -1.30433 -0.239562 0.00622358 0.970861 146.666
0.971295 0.00325692 0.237856 89.396 -0.000905168 0.99995 -0.00999584 -1.3059 -0.237876 0.00949361 0.971249 147.698
0.972207 0.0012441 0.23412 89.7287 -9.83005e-005 0.999988 -0.00490567 -1.31023 -0.234123 0.00474631 0.972195 149.023
0.972459 -0.0031498 0.233052 90.0119 0.00254453 0.999993 0.00289776 -1.32871 -0.233059 -0.00222494 0.97246 150.188
0.973216 -2.59478e-005 0.229894 90.3694 -0.00186945 0.999966 0.00802684 -1.34698 -0.229887 -0.00824162 0.973182 151.65
0.973413 0.00496818 0.229005 90.6936 -0.00661672 0.999957 0.00643146 -1.36061 -0.228963 -0.00777573 0.973404 153.183
0.974058 0.0078806 0.226162 90.9901 -0.00825569 0.999966 0.000712741 -1.35884 -0.226148 -0.00256137 0.974089 154.557
0.97496 0.00219005 0.22237 91.3147 -0.00144973 0.999993 -0.0034924 -1.36818 -0.222376 0.00308257 0.974956 156.008
0.975799 -0.00175405 0.218662 91.5715 0.00338985 0.999969 -0.00710602 -1.37164 -0.218642 0.00767528 0.975775 157.226
0.976782 -0.00345769 0.214207 91.8659 0.00454389 0.999979 -0.00457867 -1.38501 -0.214186 0.00544569 0.976778 158.543
0.977535 -0.00469292 0.21072 92.1217 0.0052377 0.999984 -0.0020273 -1.40024 -0.210707 0.00308545 0.977544 159.686
0.977772 -0.00440736 0.209626 92.3792 0.00430419 0.99999 0.000948339 -1.4239 -0.209628 -2.49882e-005 0.977781 160.934
0.978276 -0.00367098 0.207272 92.5863 0.00282387 0.999986 0.00438264 -1.42708 -0.207285 -0.00370212 0.978274 161.916
0.97867 -0.0100002 0.205195 92.7919 0.00870779 0.999936 0.00720062 -1.42498 -0.205254 -0.00526023 0.978695 162.896
0.978589 -0.0044605 0.205776 93.0328 0.00277987 0.99996 0.00845568 -1.45095 -0.205806 -0.00770261 0.978563 163.971
0.978537 0.00389241 0.206036 93.2172 -0.00496451 0.999977 0.00468673 -1.43767 -0.206013 -0.005609 0.978533 164.909
0.978317 0.00889042 0.206922 93.4405 -0.0093504 0.999956 0.00124509 -1.45467 -0.206902 -0.00315289 0.978357 166.03
0.978363 0.0121824 0.206536 93.6657 -0.0120131 0.999926 -0.00207385 -1.46325 -0.206546 -0.000452159 0.978437 167.091
0.977704 0.014489 0.209489 93.8744 -0.0143924 0.999894 -0.00198582 -1.47879 -0.209496 -0.0010735 0.977809 168.11
0.976831 0.0103693 0.213759 94.1325 -0.0102985 0.999946 -0.00144489 -1.48565 -0.213762 -0.000789989 0.976885 169.531
0.976217 0.00692754 0.216683 94.3648 -0.00653883 0.999975 -0.00251079 -1.51072 -0.216695 0.00103422 0.976239 170.707
0.97589 -0.00192125 0.218255 94.6693 0.00300169 0.999985 -0.00461889 -1.51786 -0.218243 0.00516266 0.975881 172.066
0.975378 -0.00694802 0.22043 94.9193 0.00762304 0.999968 -0.0022118 -1.53558 -0.220407 0.00383768 0.9754 173.23
0.97507 -0.0108819 0.22163 95.1855 0.011758 0.999927 -0.00263411 -1.54781 -0.221585 0.00517436 0.975127 174.423
0.974799 -0.00590679 0.223007 95.4442 0.00664723 0.999975 -0.00256975 -1.5713 -0.222986 0.00398737 0.974813 175.522
0.974322 0.0037307 0.225127 95.718 -0.00372524 0.999993 -0.00044903 -1.58513 -0.225127 -0.000401153 0.974329 176.782
0.974226 0.00805276 0.225432 96.0268 -0.00926353 0.999948 0.00431363 -1.59238 -0.225386 -0.00629075 0.974249 178.175
0.973997 0.00785127 0.226423 96.3589 -0.00985858 0.999921 0.00773587 -1.61548 -0.226345 -0.00976693 0.973998 179.67
0.973779 0.00306583 0.227477 96.6559 -0.00350997 0.999993 0.00154796 -1.63189 -0.22747 -0.0023058 0.973782 181.012
0.973725 -0.010221 0.227496 97.0442 0.0128048 0.999869 -0.00988456 -1.68435 -0.227365 0.0125379 0.973729 182.451
0.975598 -0.023606 0.218292 96.9674 0.0185315 0.999509 0.0252645 -1.674 -0.218781 -0.0206027 0.975556 182.167
0.975598 -0.023606 0.218292 96.8906 0.0185315 0.999509 0.0252645 -1.66364 -0.218781 -0.0206027 0.975556 181.882
0.975598 -0.023606 0.218292 96.8137 0.0185315 0.999509 0.0252645 -1.65328 -0.218781 -0.0206027 0.975556 181.597
0.975598 -0.023606 0.218292 96.7369 0.0185315 0.999509 0.0252645 -1.64293 -0.218781 -0.0206027 0.975556 181.312
0.975598 -0.023606 0.218292 96.6601 0.0185315 0.999509 0.0252645 -1.63257 -0.218781 -0.0206027 0.975556 181.028
0.975126 0.00118624 0.221648 97.051 -0.00266502 0.999976 0.00637279 -1.65201 -0.221636 -0.00680497 0.975106 182.67
0.975692 -0.00247318 0.219134 97.3885 0.00250643 0.999997 0.000126307 -1.64729 -0.219134 0.000426006 0.975695 184.294
0.975612 -0.00359949 0.219473 97.6567 0.00380994 0.999993 -0.000535644 -1.65244 -0.21947 0.00135876 0.975618 185.711
0.975661 0.00330417 0.219259 97.9166 -0.00335116 0.999994 -0.000157574 -1.67141 -0.219259 -0.000581036 0.975667 187.212
0.977415 -0.00366853 0.211296 98.3445 0.00359124 0.999993 0.000749548 -1.69878 -0.211298 2.61965e-005 0.977422 188.745
0.977324 0.00243866 0.211733 98.5809 -0.00165562 0.999991 -0.00387542 -1.71256 -0.211741 0.003437 0.97732 190.206
0.978864 0.00590832 0.204428 98.8715 -0.00530009 0.99998 -0.00352268 -1.71416 -0.204445 0.00236474 0.978875 191.672
0.978994 0.0104329 0.203622 99.1413 -0.00966181 0.999942 -0.00478068 -1.74437 -0.20366 0.0027129 0.979038 193.081
0.979883 0.00430193 0.199526 99.4599 -0.00379505 0.999989 -0.00292285 -1.75797 -0.199536 0.00210684 0.979888 194.45
0.979823 0.000628496 0.199867 99.709 -0.000932193 0.999999 0.00142539 -1.78419 -0.199866 -0.00158295 0.979822 195.814
0.980632 -0.00392792 0.195822 100.109 0.00350051 0.999991 0.0025287 -1.82501 -0.19583 -0.00179424 0.980636 197.47
0.980426 -0.00279402 0.19687 100.298 0.00296117 0.999995 -0.000554682 -1.8439 -0.196867 0.00112679 0.980429 198.894
0.981356 -0.00519249 0.19213 100.612 0.00603056 0.999975 -0.00377745 -1.86018 -0.192106 0.00486568 0.981362 200.482
0.98261 -0.00887146 0.185467 100.964 0.00976087 0.999945 -0.003883 -1.9005 -0.185422 0.00562579 0.982643 202.095
0.983969 -0.00598609 0.178237 101.247 0.00579663 0.999982 0.00158375 -1.91183 -0.178243 -0.000525186 0.983986 203.64
0.984964 -0.00127208 0.172757 101.532 -0.000476719 0.999949 0.010081 -1.92975 -0.172761 -0.0100117 0.984913 205.292
0.985591 0.00115026 0.16914 101.906 -0.00459231 0.99979 0.0199605 -1.94715 -0.169082 -0.0204497 0.98539 207.388
0.986333 0.00289548 0.164737 102.177 -0.00622618 0.999786 0.0197055 -1.87149 -0.164645 -0.0204619 0.986141 209.275
0.986836 0.00228002 0.161709 102.472 -0.00472913 0.99988 0.0147619 -1.88878 -0.161655 -0.0153323 0.986728 211.722
0.987908 -0.000563275 0.155039 102.663 -7.59063e-005 0.999992 0.00411677 -1.88279 -0.15504 -0.00407876 0.9879 213.068
0.989033 -0.00605342 0.147569 102.835 0.00633102 0.999979 -0.00141153 -1.87049 -0.147558 0.00233032 0.989051 214.098
0.989788 -0.00412046 0.142489 103.025 0.00416515 0.999991 -1.54203e-005 -1.8816 -0.142488 0.000608752 0.989796 215.531
0.991003 0.00732915 0.133641 103.164 -0.00761769 0.99997 0.00164786 -1.89485 -0.133625 -0.00265107 0.991028 216.735
0.991944 0.0128381 0.126029 103.284 -0.0128598 0.999917 -0.000641662 -1.9154 -0.126026 -0.000984208 0.992026 217.92
0.993242 0.00726618 0.115837 103.422 -0.00650013 0.999954 -0.00698959 -1.9328 -0.115882 0.00618939 0.993244 219.283
0.994241 -0.00101978 0.107158 103.548 0.00197635 0.999959 -0.00882085 -1.95159 -0.107145 0.00898184 0.994203 220.48
0.995025 -0.000674508 0.099627 103.664 0.00134512 0.999977 -0.00666417 -1.97311 -0.0996202 0.00676502 0.995003 221.727
0.995822 0.00384366 0.0912377 103.772 -0.0038284 0.999993 -0.000342336 -1.99391 -0.0912383 -8.38899e-006 0.995829 223.01
0.996436 0.009655 0.083803 103.852 -0.010096 0.999937 0.00484073 -2.01378 -0.083751 -0.00566955 0.996471 224.527
0.997118 0.00417469 0.0757505 103.942 -0.00482049 0.999954 0.00834457 -2.02812 -0.0757122 -0.00868568 0.997092 225.772
0.997499 0.00218029 0.070648 104.022 -0.00285392 0.999951 0.00943538 -2.0363 -0.070624 -0.0096134 0.997457 227.211
0.997872 -0.00155414 0.0651789 104.143 0.00102745 0.999967 0.00811351 -2.04994 -0.0651893 -0.00802928 0.997841 228.91
0.998069 0.00503776 0.0619065 104.208 -0.00515528 0.999985 0.00173875 -2.06617 -0.0618969 -0.00205454 0.99808 230.385
0.998344 0.00578552 0.0572308 104.271 -0.00553206 0.999974 -0.00458604 -2.09394 -0.0572559 0.00426184 0.99835 231.741
0.99853 0.00166385 0.0541823 104.319 -0.00128013 0.999974 -0.00711603 -2.11073 -0.0541927 0.00703621 0.998506 233.086
0.998682 0.00344827 0.0512128 104.363 -0.00336012 0.999993 -0.00180742 -2.11946 -0.0512186 0.00163295 0.998686 234.501
0.998779 0.00246951 0.0493332 104.414 -0.00289392 0.999959 0.00853334 -2.13651 -0.0493102 -0.00866569 0.998746 236.292
0.998924 0.00378027 0.0462136 104.462 -0.00450248 0.999869 0.0155334 -2.14191 -0.0461488 -0.0157248 0.998811 237.857
0.99915 -0.00327963 0.0411022 104.505 0.00279116 0.999925 0.0119361 -2.14919 -0.0411382 -0.0118113 0.999084 239.583
0.99928 -0.0133025 0.0355361 104.599 0.0132392 0.99991 0.00201613 -2.15266 -0.0355598 -0.0015442 0.999366 241.468
0.999586 -0.00271977 0.0286302 104.648 0.0028013 0.999992 -0.00280794 -2.15187 -0.0286223 0.00288698 0.999586 243.078
0.999709 0.00602428 0.0233595 104.623 -0.00595559 0.999978 -0.00300909 -2.14781 -0.0233771 0.0028691 0.999723 244.586
0.999881 -0.00186981 0.0153293 104.638 0.00182072 0.999993 0.00321616 -2.16843 -0.0153352 -0.00318787 0.999877 245.885
0.999957 -0.00454637 0.00808692 104.643 0.00449077 0.999966 0.00687996 -2.18935 -0.00811792 -0.00684334 0.999944 247.185
0.999964 -0.00806752 0.00253485 104.645 0.00803781 0.999901 0.0115206 -2.20636 -0.00262755 -0.0114998 0.99993 248.501
0.999988 -0.00377641 -0.0030878 104.621 0.00381133 0.999928 0.0113834 -2.21817 0.00304459 -0.011395 0.99993 250.138
0.999944 -0.00565855 -0.00897367 104.611 0.0056974 0.999974 0.00430971 -2.22874 0.00894906 -0.00436059 0.99995 251.375
0.999831 -0.00873406 -0.0161899 104.594 0.00863686 0.999944 -0.00606403 -2.2373 0.016242 0.00592317 0.999851 252.75
0.999708 -0.00974615 -0.0220892 104.561 0.00951434 0.999899 -0.0105756 -2.23947 0.02219 0.0103623 0.9997 254.374
0.999542 -0.00629419 -0.0295871 104.505 0.00621163 0.999977 -0.00288165 -2.2638 0.0296045 0.00269654 0.999558 256.037
0.999367 0.00942692 -0.0342966 104.415 -0.0090609 0.9999 0.0108118 -2.27881 0.0343951 -0.0104942 0.999353 257.689
0.999109 0.0136113 -0.0399495 104.362 -0.0128931 0.999752 0.0181783 -2.27748 0.040187 -0.0176471 0.999036 259.02
0.999083 0.00270639 -0.0427244 104.275 -0.0020332 0.999873 0.0157922 -2.29938 0.0427617 -0.0156909 0.998962 260.229
0.999 0.00250069 -0.044648 104.202 -0.00228981 0.999986 0.00477369 -2.29973 0.0446594 -0.00466668 0.998991 261.466
0.998826 0.0106973 -0.0472484 104.115 -0.0108707 0.999935 -0.00341406 -2.31996 0.0472088 0.00392367 0.998877 262.611
0.998764 -0.00166584 -0.0496686 104.064 0.00131991 0.999975 -0.00699686 -2.33371 0.049679 0.00692265 0.998741 263.524
0.998678 -0.00595547 -0.0510483 103.988 0.00583594 0.99998 -0.0024901 -2.34735 0.0510621 0.00218889 0.998693 264.946
0.998608 -0.00650694 -0.0523374 103.919 0.00684848 0.999956 0.00634892 -2.36477 0.0522938 -0.00669851 0.998609 266.326
0.998621 0.000302445 -0.0524976 103.86 0.000315595 0.999931 0.011764 -2.37226 0.0524975 -0.0117644 0.998552 267.374
0.998536 0.000630028 -0.0540855 103.781 -6.34963e-005 0.999945 0.0104758 -2.38211 0.0540891 -0.0104571 0.998481 268.767
0.998393 -0.00257074 -0.0566067 103.707 0.0026675 0.999995 0.00163396 -2.39124 0.0566022 -0.00178234 0.998395 270.085
0.998258 -0.00924444 -0.0582765 103.6 0.00864697 0.999908 -0.0104963 -2.42025 0.0583681 0.00997408 0.998245 272.131
0.998121 -0.00999098 -0.0604523 103.552 0.00906557 0.999838 -0.0155631 -2.4363 0.060598 0.0149858 0.99805 273.542
0.998205 0.00288219 -0.0598175 103.38 -0.00349488 0.999942 -0.0101407 -2.4765 0.0597848 0.0103315 0.998158 275.208
0.997775 0.0143101 -0.0651224 103.414 -0.0147489 0.999872 -0.00626233 -2.46851 0.0650244 0.00720887 0.997858 274.878
0.997775 0.0143101 -0.0651224 103.448 -0.0147489 0.999872 -0.00626233 -2.46052 0.0650244 0.00720887 0.997858 274.548
0.997775 0.0143101 -0.0651224 103.482 -0.0147489 0.999872 -0.00626233 -2.45253 0.0650244 0.00720887 0.997858 274.218
0.997775 0.0143101 -0.0651224 103.517 -0.0147489 0.999872 -0.00626233 -2.44454 0.0650244 0.00720887 0.997858 273.888
0.997775 0.0143101 -0.0651224 103.551 -0.0147489 0.999872 -0.00626233 -2.43655 0.0650244 0.00720887 0.997858 273.558
0.997837 0.0165443 -0.063624 103.404 -0.0167158 0.999858 -0.00216338 -2.46588 0.0635792 0.00322222 0.997972 275.253
