0.999998 -0.00135346 -0.00177021 -0.0237589 0.00134983 0.999997 -0.00204972 -0.00707743 0.00177298 0.00204733 0.999996 0.666012
0.999978 -0.00143813 -0.00653183 -0.0398391 0.0014104 0.99999 -0.00424884 -0.000999352 0.00653788 0.00423954 0.99997 1.33159
0.999936 -0.00338635 -0.0108394 -0.0532034 0.00333492 0.999983 -0.00475923 -0.0101946 0.0108554 0.00472278 0.99993 2.01409
0.99988 -0.000612338 -0.0154938 -0.176872 0.000518403 0.999981 -0.00606602 -0.00160876 0.0154972 0.00605726 0.999862 2.75956
0.999781 -0.00347213 -0.0206339 -0.107589 0.00334717 0.999976 -0.00608753 -0.0233934 0.0206546 0.00601713 0.999769 3.71319
0.999725 -0.00134906 -0.0234271 -0.144021 0.00117975 0.999973 -0.00723955 -0.027835 0.0234362 0.00720991 0.999699 4.48169
0.999564 0.00749286 -0.0285722 -0.169557 -0.00772309 0.999939 -0.00795609 -0.0362252 0.0285108 0.00817328 0.99956 5.18497
0.999464 0.00107227 -0.0327175 -0.238886 -0.00125746 0.999983 -0.0056402 -0.0384738 0.0327109 0.00567832 0.999449 6.05471
0.999325 0.000476791 -0.0367285 -0.274704 -0.0005067 1 -0.000805032 -0.0502208 0.0367281 0.000823099 0.999325 6.71207
0.999251 -0.00159294 -0.0386675 -0.323764 0.00158522 0.999999 -0.000230281 -0.0530839 0.0386678 0.000168812 0.999252 7.80272
0.99904 0.00389912 -0.0436247 -0.338183 -0.00395682 0.999991 -0.00123627 -0.0614715 0.0436195 0.0014077 0.999047 8.54865
0.998942 0.00108748 -0.0459701 -0.371629 -0.00113587 0.999999 -0.00102641 -0.0682384 0.0459689 0.00107754 0.998942 9.35083
0.998875 -0.00239212 -0.0473564 -0.425544 0.00231661 0.999996 -0.00164923 -0.0698004 0.0473601 0.00153767 0.998877 10.1241
0.998794 0.00219648 -0.0490543 -0.466798 -0.00221855 0.999997 -0.000395502 -0.0755379 0.0490533 0.000503855 0.998796 11.2016
0.998654 0.00665897 -0.0514421 -0.494153 -0.00668468 0.999978 -0.000327827 -0.0944016 0.0514388 0.00067126 0.998676 11.8884
0.998798 -0.00442627 -0.0488085 -0.594725 0.00428677 0.999986 -0.00296233 -0.100205 0.0488209 0.00274954 0.998804 12.8907
0.998644 0.000469539 -0.052061 -0.599349 -0.000808433 0.999979 -0.00648869 -0.110063 0.0520569 0.00652197 0.998623 13.7174
0.998462 0.0044016 -0.055265 -0.662939 -0.00483885 0.999958 -0.00778051 -0.119862 0.0552285 0.00803596 0.998441 14.5438
0.998415 0.00832041 -0.0556559 -0.728456 -0.00873698 0.999936 -0.00724546 -0.130927 0.055592 0.00772025 0.998424 15.4949
0.998453 0.0043425 -0.055429 -0.795455 -0.00465851 0.999974 -0.00557323 -0.152709 0.0554033 0.00582282 0.998447 16.3231
0.998454 0.00338701 -0.0554835 -0.84383 -0.00361658 0.999985 -0.00403769 -0.159331 0.055469 0.00423211 0.998451 17.1249
0.99844 0.00889676 -0.0551258 -0.94586 -0.00913115 0.99995 -0.00400139 -0.179143 0.0550875 0.00449851 0.998471 18.2031
0.998208 -0.0019133 -0.0598009 -0.997687 0.00159541 0.999984 -0.00536313 -0.181331 0.0598103 0.00525811 0.998196 19.0729
0.998235 -0.00146257 -0.0593624 -1.03603 0.00115453 0.999986 -0.00522316 -0.203799 0.0593692 0.0051454 0.998223 19.8663
0.997767 -0.020185 -0.0636672 -1.12405 0.0199033 0.999789 -0.00505672 -0.217378 0.0637558 0.00377824 0.997958 21.438
0.998169 -0.00244934 -0.0604418 -1.17555 0.0023701 0.999996 -0.00138275 -0.224061 0.060445 0.00123696 0.998171 21.9447
0.998165 0.00464611 -0.0603695 -1.21087 -0.00446246 0.999985 0.00317665 -0.239606 0.0603833 -0.00290143 0.998171 22.8172
0.998355 0.00639493 -0.056977 -1.29586 -0.00604862 0.999962 0.00624837 -0.247221 0.0570148 -0.00589346 0.998356 23.9404
0.998385 0.000550157 -0.0568008 -1.31533 -0.000164678 0.999977 0.00679097 -0.258102 0.0568032 -0.00677065 0.998362 24.6824
0.998445 -0.00310877 -0.0556526 -1.41262 0.00330038 0.999989 0.00335132 -0.255484 0.0556416 -0.00352979 0.998445 25.9973
0.998508 0.000341786 -0.0546053 -1.48528 -0.000431405 0.999999 -0.00162945 -0.263253 0.0546047 0.00165058 0.998507 27.3634
0.998622 0.00554311 -0.0521778 -1.48567 -0.00574237 0.999977 -0.00366963 -0.2753 0.0521562 0.0039642 0.998631 27.3042
0.998659 -7.89899e-005 -0.0517672 -1.67706 -7.12673e-005 0.999996 -0.0029007 -0.287407 0.0517673 0.0029005 0.998655 30.5935
0.99857 -0.0103641 -0.0524511 -1.68301 0.0104449 0.999945 0.0012682 -0.284905 0.052435 -0.00181423 0.998623 30.7434
0.998522 -0.010229 -0.0533854 -1.74206 0.0105142 0.999932 0.00506445 -0.299286 0.05333 -0.00561827 0.998561 31.7087
0.998554 -0.0112355 -0.0525687 -1.78178 0.0114491 0.999927 0.00376292 -0.31897 0.0525226 -0.00435934 0.99861 32.6123
0.998246 -0.0187455 -0.0561587 -1.8683 0.018774 0.999824 -2.01018e-005 -0.317397 0.0561492 -0.00103426 0.998422 33.629
0.998243 -0.0154898 -0.0571841 -1.81391 0.0152647 0.999874 -0.00437092 -0.332118 0.0572446 0.00349034 0.998354 34.9014
0.998105 -0.0120906 -0.0603402 -1.96027 0.0118312 0.999919 -0.00465571 -0.343995 0.0603917 0.00393299 0.998167 35.9055
0.998161 -0.0103069 -0.0597418 -2.0766 0.0100914 0.999941 -0.00390846 -0.356861 0.0597786 0.0032984 0.998206 37.3977
0.997887 -0.0020234 -0.0649459 -2.10137 0.00197093 0.999998 -0.000871938 -0.374284 0.0649475 0.000742092 0.997888 38.8009
0.997989 -0.00423834 -0.0632511 -2.1384 0.0042511 0.999991 6.72669e-005 -0.386352 0.0632502 -0.000336018 0.997998 39.4273
0.997786 0.00122426 -0.0665011 -2.24588 -0.00105548 0.999996 0.002573 -0.405055 0.066504 -0.00249711 0.997783 40.9343
0.997981 0.00431781 -0.0633724 -2.32516 -0.00392194 0.999972 0.0063697 -0.407969 0.0633982 -0.00610829 0.99797 41.8376
0.997947 0.00712324 -0.0636442 -2.42566 -0.00654443 0.999935 0.00929838 -0.416576 0.0637063 -0.00886278 0.997929 43.0851
0.997978 0.0137412 -0.0620533 -2.4766 -0.0132266 0.999875 0.00869692 -0.418008 0.0621651 -0.00785858 0.998035 43.5633
0.997709 0.00255948 -0.0676049 -2.54611 -0.00218645 0.999982 0.0055911 -0.427581 0.067618 -0.00543047 0.997697 45.4782
0.997969 0.00367842 -0.0636 -2.64639 -0.00338222 0.999983 0.00476428 -0.43604 0.0636165 -0.00453949 0.997964 46.249
0.997841 0.00249768 -0.0656269 -2.70077 -0.00222586 0.999989 0.00421472 -0.449233 0.0656366 -0.00405954 0.997835 48.1215
0.997793 0.000509353 -0.0664019 -2.80797 -0.000132219 0.999984 0.00568383 -0.449963 0.0664037 -0.00566251 0.997777 49.0876
0.997712 -0.00234397 -0.0675709 -2.8504 0.0028094 0.999973 0.00679376 -0.464371 0.0675531 -0.00696805 0.997691 49.7996
0.99773 0.00322491 -0.067258 -2.94121 -0.00302519 0.999991 0.00307101 -0.472939 0.0672673 -0.00286057 0.997731 51.0285
0.997655 0.00291277 -0.0683886 -3.03673 -0.00298934 0.999995 -0.00101729 -0.48296 0.0683853 0.00121934 0.997658 52.2497
0.997497 -0.00237715 -0.0706655 -3.07088 0.00229957 0.999997 -0.00117921 -0.50746 0.070668 0.00101376 0.997499 53.198
0.997567 0.00940701 -0.0690711 -3.21823 -0.00933204 0.999955 0.00140803 -0.52573 0.0690812 -0.000760035 0.997611 54.5856
0.997662 -0.00148243 -0.0683275 -3.26405 0.00177945 0.999989 0.00428637 -0.528411 0.0683204 -0.00439794 0.997654 55.4208
0.997696 -0.0031599 -0.0677641 -3.34095 0.0035128 0.999981 0.00508923 -0.544943 0.0677468 -0.00531555 0.997688 56.3522
0.997471 -0.00785493 -0.0706391 -3.38325 0.00812898 0.999961 0.00359289 -0.5619 0.070608 -0.00415803 0.997495 57.3976
0.997535 -0.0105216 -0.0693717 -3.48485 0.0106992 0.99994 0.00218915 -0.57543 0.0693445 -0.00292598 0.997588 58.5302
0.997346 -0.00929294 -0.0722091 -3.54278 0.0095376 0.99995 0.00304415 -0.587617 0.0721771 -0.00372477 0.997385 59.4881
0.994321 0.0546646 -0.0913153 -3.4036 -0.0520171 0.998161 0.0311274 -0.685271 0.0928489 -0.0262006 0.995335 60.4432
0.997191 -0.0103255 -0.074188 -3.62967 0.011235 0.999867 0.0118525 -0.623568 0.0740557 -0.0126527 0.997174 61.5736
0.997283 -0.0060065 -0.0734136 -3.71433 0.00709842 0.999868 0.0146216 -0.637312 0.0733161 -0.015103 0.997194 62.5938
0.997191 -0.00354498 -0.0748152 -3.81659 0.00429643 0.999942 0.00988554 -0.626541 0.0747758 -0.0101792 0.997148 63.9905
0.996961 0.00400489 -0.0778003 -3.88493 -0.00371051 0.999985 0.00392796 -0.636163 0.0778149 -0.00362734 0.996961 64.728
0.996748 0.00258329 -0.0805409 -4.0458 -0.00234773 0.999993 0.00301927 -0.662742 0.0805481 -0.00282036 0.996747 66.8192
0.996803 0.0120595 -0.0789845 -4.08941 -0.0119927 0.999927 0.00132023 -0.660823 0.0789946 -0.000368775 0.996875 67.1567
0.996765 0.0104957 -0.0796871 -4.16939 -0.0102059 0.99994 0.00404392 -0.676785 0.0797248 -0.00321757 0.996812 68.001
0.996622 0.0102885 -0.081476 -4.26134 -0.00987491 0.999936 0.00547713 -0.694872 0.0815272 -0.00465406 0.99666 69.0719
0.996215 0.00897004 -0.0864587 -4.29482 -0.00861728 0.999953 0.00445252 -0.691169 0.0864946 -0.00369063 0.996245 69.7334
0.996397 0.0145372 -0.0835611 -4.45433 -0.0140163 0.999879 0.00681659 -0.713205 0.08365 -0.00562081 0.996479 71.2039
0.996393 0.00894375 -0.0843917 -4.55927 -0.00843252 0.999944 0.00641233 -0.71709 0.0844444 -0.00567756 0.996412 72.2615
0.996084 0.00526989 -0.0882578 -4.67112 -0.00465059 0.999963 0.00722108 -0.738536 0.0882926 -0.00678234 0.996071 73.8294
0.996149 0.00446422 -0.0875624 -4.81815 -0.00375799 0.999959 0.00822868 -0.748455 0.0875955 -0.00786793 0.996125 75.3735
0.995844 0.00410798 -0.0909793 -4.89096 -0.00314527 0.999938 0.0107225 -0.744948 0.0910177 -0.0103918 0.995795 76.2311
0.99592 0.00318601 -0.090186 -5.0178 -0.00174709 0.99987 0.0160295 -0.759601 0.0902253 -0.0158065 0.995796 77.1757
0.995768 0.00595332 -0.0917147 -5.0893 -0.00437676 0.999839 0.0173814 -0.752501 0.0918035 -0.0169064 0.995634 77.8673
0.995525 0.00638503 -0.0942802 -5.25349 -0.00516137 0.999899 0.0132172 -0.763992 0.0943551 -0.0126714 0.995458 79.5562
0.995421 0.0128809 -0.0947193 -5.41462 -0.0123389 0.999904 0.00630528 -0.778366 0.0947914 -0.00510767 0.995484 81.028
0.995175 0.0103014 -0.0975716 -5.46202 -0.0102754 0.999947 0.000768649 -0.786968 0.0975744 0.000237649 0.995228 81.8023
0.995361 0.00816378 -0.0958586 -5.6315 -0.00825272 0.999966 -0.000531407 -0.794196 0.095851 0.00132004 0.995395 82.8941
0.995164 0.00593602 -0.0980469 -5.62137 -0.00562494 0.999978 0.00344893 -0.794846 0.0980652 -0.00288075 0.995176 83.522
0.995098 0.00310674 -0.0988473 -5.78012 -0.00260527 0.999983 0.00520182 -0.826588 0.0988618 -0.00491879 0.995089 84.3629
0.995223 -0.00202973 -0.0976062 -5.80412 0.0023058 0.999994 0.00271568 -0.834182 0.0976001 -0.00292777 0.995221 85.0064
0.99517 -0.00389228 -0.0980932 -5.89305 0.00360318 0.999989 -0.00312426 -0.842273 0.0981043 0.00275572 0.995172 85.6469
0.995105 -0.0184007 -0.0970906 -5.92882 0.0174457 0.999791 -0.0106764 -0.846119 0.0972668 0.00893036 0.995218 86.37
0.995195 -0.0129553 -0.0970559 -6.00431 0.012118 0.999884 -0.00921206 -0.866045 0.097164 0.00799167 0.995236 86.903
0.99589 -0.00691638 -0.0903119 -6.05805 0.00649799 0.999967 -0.00492593 -0.873911 0.090343 0.00431884 0.995901 87.5774
0.996131 -0.00573567 -0.0876946 -6.10651 0.00557565 0.999982 -0.00206949 -0.883786 0.0877049 0.00157253 0.996145 88.0187
0.996757 -0.00230937 -0.0804313 -6.12933 0.00243785 0.999996 0.00149928 -0.892324 0.0804275 -0.0016905 0.996759 88.515
0.997317 -0.00491655 -0.0730376 -6.1556 0.00521963 0.999979 0.00395937 -0.906377 0.0730165 -0.00432997 0.997321 89.0005
0.99813 -0.000904511 -0.0611235 -6.18659 0.00121215 0.999987 0.00499612 -0.914764 0.0611182 -0.00506087 0.998118 89.5251
0.998825 -0.00127716 -0.0484371 -6.2141 0.00152672 0.999986 0.00511571 -0.921642 0.0484298 -0.00518365 0.998813 90.0491
0.999562 0.00407282 -0.0292957 -6.2193 -0.00389302 0.999973 0.0061918 -0.924623 0.0293202 -0.00607504 0.999552 90.5452
0.999936 0.00880555 -0.00714498 -6.21419 -0.00876197 0.999943 0.00610831 -0.932317 0.00719836 -0.00604532 0.999956 91.0006
0.999741 0.0103326 0.0202863 -6.19936 -0.0104622 0.999925 0.00629224 -0.936546 -0.0202197 -0.00650285 0.999774 91.6008
0.998962 0.000675559 0.0455498 -6.12921 -0.00104168 0.999967 0.00801449 -0.942744 -0.0455429 -0.00805362 0.99893 92.077
0.996676 -0.000529103 0.0814646 -6.07998 -0.000364601 0.99994 0.0109552 -0.946733 -0.0814655 -0.0109485 0.996616 92.5328
0.994248 -0.0100883 0.106626 -5.95497 0.00921056 0.99992 0.0087213 -0.939924 -0.106705 -0.00768905 0.994261 92.993
0.987278 -0.00201946 0.15899 -5.88983 6.62408e-005 0.999924 0.0122895 -0.948013 -0.159003 -0.0121226 0.987204 93.4874
0.979448 -0.0056851 0.201616 -5.7331 0.00293262 0.999898 0.0139481 -0.96121 -0.201675 -0.0130702 0.979365 93.9788
0.964774 -0.000853708 0.263077 -5.63209 -0.0014091 0.999964 0.00841253 -0.947489 -0.263075 -0.0084869 0.964738 94.3588
0.954428 -0.000897699 0.298441 -5.36856 -0.00209564 0.999951 0.00970976 -0.970833 -0.298435 -0.00989269 0.954379 94.8943
0.88735 -0.00635312 0.461053 -5.81257 -0.00981251 0.999418 0.0326569 -1.10131 -0.460992 -0.0335022 0.886772 95.3669
0.91334 -0.00182808 0.407194 -5.0998 0.000195092 0.999992 0.00405181 -0.991025 -0.407198 -0.00362124 0.913333 95.6626
0.876939 -0.00150852 0.4806 -4.98137 0.00031965 0.999997 0.00255556 -1.00466 -0.480602 -0.00208744 0.876936 96.0459
0.832876 -0.00874414 0.55339 -4.78843 0.00332065 0.999936 0.0108023 -1.02535 -0.553449 -0.00715936 0.832852 96.3396
0.802626 -0.00379391 0.59647 -4.46475 -0.00581044 0.999883 0.0141785 -1.05601 -0.596454 -0.0148458 0.80251 96.6316
0.773571 -0.0141035 0.633553 -4.06481 0.0107523 0.999901 0.0091302 -1.03832 -0.633618 -0.000250735 0.773646 96.9615
0.72334 -0.00849397 0.69044 -3.76314 0.0036221 0.999957 0.00850704 -1.0191 -0.690483 -0.00365264 0.72334 97.2445
0.680591 -0.010638 0.732586 -2.90209 4.97014e-005 0.999895 0.0144735 -1.04916 -0.732663 -0.00981414 0.680521 97.8787
0.624716 -0.00613803 0.780828 -2.92966 -0.00743606 0.999877 0.0138093 -1.04622 -0.780816 -0.0144332 0.624594 97.8373
0.585213 -0.0390028 0.809941 -2.1864 0.00840661 0.999081 0.0420367 -1.22437 -0.810836 -0.0177916 0.585003 98.2867
0.536456 -0.0134687 0.843821 -1.9684 5.2499e-005 0.999873 0.0159262 -1.11293 -0.843928 -0.00849939 0.536388 98.382
0.49686 -0.0137832 0.867721 -1.53328 -0.000297304 0.999871 0.0160526 -1.13193 -0.867831 -0.00823387 0.496791 98.5236
0.439595 -0.00647617 0.898173 -1.13293 -0.0154219 0.999772 0.0147567 -1.15844 -0.898063 -0.0203385 0.439395 98.7601
0.402256 -0.0146965 0.915409 -0.741051 -0.00545103 0.999815 0.0184469 -1.13442 -0.915511 -0.0124103 0.402101 98.8413
0.365506 -0.0152132 0.930684 -0.300914 -0.00671943 0.999797 0.0189819 -1.12017 -0.930785 -0.0131917 0.36533 98.9339
0.338028 0.00568294 0.941119 1.33803 0.0372592 0.999117 -0.0194158 -0.732206 -0.940398 0.0416284 0.337518 99.4078
0.287649 -0.0295985 0.957278 1.00999 -0.00176773 0.999504 0.0314353 -1.01325 -0.957734 -0.0107345 0.287454 99.315
0.264225 -0.0127382 0.964377 1.66293 -0.0192268 0.999644 0.0184719 -0.94985 -0.964269 -0.0234226 0.263887 99.4829
0.23705 -0.00719099 0.971471 2.22742 -0.0186226 0.999755 0.0119445 -0.959933 -0.971319 -0.0209228 0.236858 99.6107
0.209968 0.00463452 0.977697 2.31048 -0.02358 0.999722 0.000325056 -0.979384 -0.977424 -0.0231223 0.210019 99.5469
0.188671 -0.0187761 0.981861 3.01728 -0.00949746 0.999736 0.0209429 -0.988277 -0.981994 -0.0132765 0.188443 99.6603
0.167457 -0.0217069 0.98564 3.37379 -0.00219624 0.999747 0.0223907 -0.979813 -0.985877 -0.00591417 0.167366 99.6992
0.148495 -0.0214723 0.98868 3.72562 0.0137707 0.999712 0.0196436 -0.974855 -0.988817 0.0106978 0.148748 99.7213
0.129413 -0.0168921 0.991447 4.58644 0.0142975 0.999783 0.0151679 -0.948966 -0.991488 0.0122123 0.129627 99.8593
0.115026 -0.0141544 0.993262 4.93844 0.00731025 0.999883 0.0134021 -0.99295 -0.993336 0.0057194 0.115116 99.8289
0.101569 -0.0168348 0.994686 5.51376 -0.00769274 0.999814 0.0177071 -0.983991 -0.994799 -0.00945035 0.10142 99.8864
0.0905274 -0.018772 0.995717 5.87864 -0.0209209 0.999566 0.0207467 -0.974905 -0.995674 -0.0227095 0.0900954 99.8707
0.0780757 -0.0232623 0.996676 6.21646 -0.0251071 0.999365 0.0252919 -0.944949 -0.996631 -0.0269983 0.077442 99.9005
0.066392 -0.0228049 0.997533 6.87265 -0.0243026 0.999405 0.0244652 -0.946123 -0.997498 -0.0258669 0.0657983 99.9231
0.0579389 -0.0259303 0.997983 7.5143 -0.0182091 0.999469 0.027026 -0.949934 -0.998154 -0.0197382 0.057436 99.9678
0.0528868 -0.0283619 0.998198 7.97799 -0.0153506 0.999455 0.0292109 -0.944133 -0.998483 -0.0168678 0.0524226 99.9699
0.0466364 -0.0291732 0.998486 8.5142 -0.0138604 0.999458 0.0298489 -0.931879 -0.998816 -0.0152314 0.0462068 100.002
0.0421156 -0.0308254 0.998637 9.38196 -0.017466 0.999348 0.0315839 -0.921546 -0.99896 -0.0187724 0.0415498 100.018
0.0372236 -0.0309483 0.998828 10.0854 -0.0225046 0.999241 0.0317998 -0.911043 -0.999054 -0.0236619 0.0364989 100.055
0.0349803 -0.0331231 0.998839 10.5981 -0.0224512 0.999172 0.0339204 -0.880449 -0.999136 -0.0236116 0.0342077 100.073
0.031141 -0.0320043 0.999002 11.627 -0.0276037 0.999078 0.0328672 -0.847046 -0.999134 -0.0285997 0.0302289 100.094
0.0281174 -0.0364213 0.998941 12.3041 -0.0280711 0.998913 0.0372104 -0.854105 -0.99921 -0.0290876 0.0270644 100.118
0.0295793 -0.0409797 0.998722 12.9356 -0.0300107 0.998672 0.0418665 -0.834637 -0.999112 -0.0312107 0.0283102 100.121
0.0276766 -0.0430702 0.998689 13.7207 -0.0342556 0.998444 0.044009 -0.796041 -0.99903 -0.0354287 0.0261582 100.168
0.0330798 -0.0485709 0.998272 14.6165 -0.0339379 0.998188 0.0496914 -0.743053 -0.998876 -0.0355231 0.0313715 100.17
0.0365515 -0.049054 0.998127 15.933 -0.0344347 0.99814 0.0503156 -0.697574 -0.998738 -0.0362093 0.0347944 100.251
0.0410468 -0.0483237 0.997988 16.8011 -0.0423721 0.997847 0.0500597 -0.655999 -0.998258 -0.0443417 0.0389109 100.246
0.0443872 -0.0475856 0.99788 18.6411 -0.0408982 0.997941 0.0494077 -0.593194 -0.998177 -0.0430046 0.0423497 100.335
0.0494491 -0.0480072 0.997622 18.5923 -0.0488017 0.997535 0.050422 -0.583273 -0.997584 -0.051179 0.0469844 100.332
0.0525305 -0.0451383 0.997599 19.3683 -0.0515654 0.997523 0.0478502 -0.535002 -0.997287 -0.0539551 0.0500728 100.494
0.0556554 -0.0423351 0.997552 21.3343 -0.0526504 0.997586 0.045274 -0.452655 -0.997061 -0.0550413 0.0532921 100.518
0.0589807 -0.0402146 0.997449 21.4719 -0.052128 0.997701 0.0433072 -0.463743 -0.996897 -0.0545493 0.0567488 100.542
0.0639422 -0.0399914 0.997152 22.3954 -0.0464114 0.997996 0.0430014 -0.419605 -0.996874 -0.0490289 0.061958 100.624
0.0534514 -0.0239189 0.998284 23.7289 -0.0251205 0.999364 0.0252898 -0.396837 -0.998254 -0.0264292 0.0528166 100.718
0.0619216 -0.0277903 0.997694 24.7335 -0.0294985 0.999125 0.0296609 -0.366009 -0.997645 -0.0312671 0.0610477 100.776
0.0642251 -0.0248826 0.997625 26.9281 -0.0309853 0.999157 0.0269156 -0.309199 -0.997454 -0.0326403 0.0634 100.772
0.0610453 -0.0218158 0.997897 26.8278 -0.0292748 0.999292 0.0236372 -0.339068 -0.997706 -0.0306562 0.0603634 100.878
0.0591983 -0.0212089 0.998021 27.9239 -0.0295228 0.9993 0.0229873 -0.277927 -0.99781 -0.0308252 0.0585307 100.972
0.059378 -0.018804 0.998058 29.3391 -0.0298047 0.999343 0.0206014 -0.27354 -0.997791 -0.0309701 0.0587786 101.056
0.064778 -0.0228923 0.997637 29.7186 -0.0307378 0.999217 0.0249244 -0.258154 -0.997426 -0.0322797 0.0640236 100.981
0.059738 -0.0130842 0.998128 30.6838 -0.0249085 0.999583 0.014594 -0.274371 -0.997903 -0.0257337 0.0593872 101.114
0.060108 -0.016941 0.998048 31.9778 -0.0208876 0.999616 0.0182256 -0.248236 -0.997973 -0.0219423 0.059731 101.221
0.0535537 -0.00711932 0.99854 32.7108 -0.0201645 0.999763 0.0082095 -0.243813 -0.998361 -0.0205747 0.0533975 101.264
0.0145887 0.00204624 0.999891 34.1321 0.000927888 0.999997 -0.00206 -0.121319 -0.999893 0.00095784 0.0145868 101.631
0.0496023 -0.00399815 0.998761 34.6811 -0.0221357 0.999742 0.00510142 -0.226311 -0.998524 -0.0223613 0.049501 101.441
0.0390326 -0.00790869 0.999207 36.3314 -0.0207153 0.999747 0.00872218 -0.175901 -0.999023 -0.0210393 0.0388589 101.572
0.0344484 -0.00397348 0.999399 37.1669 -0.0218824 0.999749 0.00472914 -0.213123 -0.999167 -0.0220321 0.0343528 101.559
0.0270093 -0.00570867 0.999619 38.3239 -0.0175545 0.999827 0.00618417 -0.217216 -0.999481 -0.0177148 0.0269044 101.616
0.0104015 -0.00675335 0.999923 40.5535 -0.0113504 0.999912 0.00687135 -0.223433 -0.999881 -0.011421 0.0103239 101.668
0.00123918 -0.00268913 0.999996 41.3659 -0.00562634 0.999981 0.00269606 -0.232679 -0.999983 -0.00562966 0.00122403 101.684
-0.00758218 -0.00333298 0.999966 42.4999 -0.00497455 0.999982 0.00329532 -0.251673 -0.999959 -0.00494939 -0.00759863 101.656
-0.0186727 -0.00248636 0.999823 44.3484 -0.0042618 0.999988 0.00240717 -0.245085 -0.999817 -0.0042161 -0.0186831 101.672
-0.0303771 -0.00494931 0.999526 44.8811 -0.00509558 0.999976 0.00479667 -0.257085 -0.999526 -0.00494746 -0.0304016 101.62
-0.04188 -0.00582746 0.999106 46.1264 -0.00426392 0.999975 0.0056538 -0.269242 -0.999114 -0.00402333 -0.0419038 101.557
-0.0539588 -0.00325549 0.998538 47.2551 -0.000520639 0.999995 0.00323211 -0.282893 -0.998543 -0.000345477 -0.0539602 101.523
-0.0614077 -0.00255825 0.998109 49.2278 -0.00173273 0.999995 0.00245648 -0.34041 -0.998111 -0.0015786 -0.0614119 101.377
-0.0716224 -0.0041146 0.997423 49.4558 -0.00118959 0.999991 0.00403977 -0.317871 -0.997431 -0.000897188 -0.0716266 101.361
-0.0816966 -0.0056172 0.996641 50.9425 0.000581796 0.999984 0.00568373 -0.307363 -0.996657 0.00104418 -0.081692 101.271
-0.0925486 -0.0092902 0.995665 51.7634 0.000192134 0.999956 0.0093481 -0.324368 -0.995708 0.00105645 -0.0925428 101.183
-0.101505 -0.00941129 0.994791 52.9215 0.000152855 0.999955 0.00947575 -0.322825 -0.994835 0.00111389 -0.101499 101.07
-0.106344 -0.00834776 0.994294 53.5786 -0.00494351 0.999957 0.00786657 -0.36454 -0.994317 -0.00407874 -0.10638 100.976
-0.112459 -0.0102381 0.993604 54.473 -0.00886649 0.999917 0.0092996 -0.348187 -0.993617 -0.00776395 -0.112541 100.878
-0.116953 -0.0135776 0.993045 55.2362 -0.0117862 0.999855 0.0122826 -0.357941 -0.993067 -0.0102677 -0.117096 100.79
-0.120297 -0.0161832 0.992606 56.3004 -0.0144436 0.99979 0.0145498 -0.357393 -0.992633 -0.0125865 -0.120505 100.659
-0.120564 -0.0206163 0.992491 57.1686 -0.0149563 0.999709 0.0189494 -0.339553 -0.992593 -0.0125593 -0.120838 100.538
-0.120802 -0.0173998 0.992524 57.994 -0.0158777 0.999752 0.015594 -0.366471 -0.99255 -0.0138752 -0.121049 100.44
-0.120636 -0.0189035 0.992517 59.8193 -0.0155947 0.999731 0.0171455 -0.414331 -0.992574 -0.0134096 -0.120899 100.203
-0.114714 -0.0132726 0.99331 60.1945 -0.0156683 0.999811 0.01155 -0.395519 -0.993275 -0.0142386 -0.1149 100.13
-0.111887 -0.0193008 0.993534 61.0388 -0.0164751 0.99971 0.0175655 -0.405457 -0.993584 -0.0144032 -0.112172 100.073
-0.104372 -0.0196711 0.994344 61.8524 -0.0156778 0.999713 0.0181317 -0.399281 -0.994415 -0.0136967 -0.10465 99.9924
-0.0929425 -0.0190688 0.995489 62.3476 -0.0134648 0.999749 0.0178933 -0.385816 -0.99558 -0.011741 -0.0931759 99.9547
-0.0794428 -0.0178924 0.996679 63.3505 -0.0174786 0.99971 0.0165536 -0.403974 -0.996686 -0.0161055 -0.0797325 99.9056
-0.0612906 -0.0166182 0.997982 63.6613 -0.0165948 0.99974 0.0156283 -0.414201 -0.997982 -0.0156035 -0.0615505 99.896
-0.0414889 -0.0157288 0.999015 64.2826 -0.0129832 0.9998 0.015202 -0.399408 -0.999055 -0.0123398 -0.0416848 99.8919
-0.0159187 -0.0143236 0.999771 64.9394 -0.0118397 0.99983 0.0141359 -0.40409 -0.999803 -0.0116119 -0.0160856 99.8933
0.0129316 -0.014582 0.99981 65.4371 -0.0120329 0.999819 0.0147378 -0.411927 -0.999844 -0.0122212 0.0127538 99.9307
0.0421178 -0.00511951 0.9991 65.994 -0.00856604 0.999948 0.00548497 -0.398497 -0.999076 -0.00878934 0.0420718 99.9819
0.0815574 -0.0126537 0.996588 66.5157 -0.013461 0.999814 0.0137963 -0.393971 -0.996578 -0.0145402 0.0813719 100.06
0.11946 -0.00428461 0.99283 67.5065 -0.0136431 0.999889 0.00595665 -0.352134 -0.992745 -0.0142569 0.119388 100.239
0.169714 -0.006779 0.98547 67.6454 -0.0230431 0.999676 0.0108451 -0.376642 -0.985224 -0.0245489 0.169502 100.284
0.116568 -0.19729 0.97339 69.5133 0.169559 0.969637 0.176224 -1.0635 -0.978602 0.144505 0.146481 99.2506
0.266276 -0.000207085 0.963897 69.1846 -0.0256481 0.999644 0.00730005 -0.601553 -0.963555 -0.026666 0.266176 100.221
0.328431 -0.0649108 0.942295 69.6969 0.00326467 0.997708 0.0675901 -0.659134 -0.944522 -0.0191224 0.32789 100.194
0.378626 -0.0416404 0.924613 70.1432 -0.00488705 0.998884 0.0469864 -0.618781 -0.925537 -0.0223089 0.378 100.473
0.449718 -0.0407632 0.89224 70.7803 -0.0162301 0.99842 0.0537947 -0.558609 -0.893023 -0.0386736 0.448346 100.659
0.497511 -0.0347146 0.866763 71.1643 -0.0166237 0.998634 0.049538 -0.534628 -0.867298 -0.0390545 0.496255 101.028
0.606601 -0.0614175 0.79263 71.6973 0.00657987 0.997365 0.0722459 -0.567053 -0.794979 -0.0386091 0.605407 101.017
0.617392 -0.00646062 0.786629 71.9128 -0.0303887 0.999024 0.0320559 -0.504162 -0.786068 -0.0436957 0.616594 101.683
0.689364 -0.0212241 0.724105 72.2437 -0.0276924 0.998068 0.055618 -0.499708 -0.723886 -0.0583932 0.687444 101.811
0.719506 -0.0141487 0.694343 72.4891 -0.0127739 0.999354 0.0336008 -0.4796 -0.694369 -0.0330454 0.71886 102.231
0.768952 -0.016908 0.639083 72.7463 -0.0120522 0.999089 0.0409338 -0.460398 -0.639193 -0.0391784 0.768048 102.577
0.813339 -0.0101468 0.581701 72.9399 -0.0271785 0.998094 0.0554112 -0.445045 -0.581155 -0.0608779 0.811513 102.915
0.84995 -0.00806515 0.526802 73.1391 -0.0295331 0.997581 0.0629218 -0.425249 -0.526035 -0.0690385 0.847656 103.286
0.878502 -0.0132136 0.477557 73.2648 -0.0216289 0.997492 0.0673877 -0.441583 -0.47725 -0.0695292 0.876013 103.622
0.904426 -0.00694697 0.426574 73.4583 -0.0238357 0.997483 0.0667812 -0.411304 -0.425964 -0.0705664 0.901984 104.076
0.928336 -0.0369311 0.369904 73.6142 0.0038673 0.995959 0.0897307 -0.433222 -0.371723 -0.0818697 0.924727 104.464
0.939741 0.000870984 0.341886 73.7255 -0.0256292 0.997362 0.0679062 -0.38521 -0.340925 -0.0725765 0.937285 104.937
0.951887 0.0137772 0.306141 73.9453 -0.0347464 0.997399 0.0631518 -0.385632 -0.304474 -0.0707507 0.949889 105.491
0.961974 0.00661189 0.273061 73.9986 -0.0269782 0.997119 0.0708978 -0.339237 -0.271806 -0.0755685 0.959381 105.902
0.967615 -0.00721186 0.252326 74.1351 -0.0104258 0.997597 0.0684936 -0.303155 -0.252213 -0.0689062 0.965215 106.457
0.97151 -0.00789829 0.236867 74.2506 -0.00881592 0.997548 0.0694217 -0.280957 -0.236834 -0.0695321 0.969059 106.937
0.974442 -0.00752182 0.224514 74.3706 -0.00774372 0.997721 0.0670357 -0.246988 -0.224507 -0.067061 0.972162 107.525
0.976532 -0.00335425 0.215348 74.473 -0.0113617 0.997684 0.0670614 -0.200041 -0.215075 -0.0679343 0.974232 108.142
0.977852 0.00403784 0.209256 74.6082 -0.0176867 0.997832 0.0633952 -0.155395 -0.208547 -0.0656922 0.975804 108.861
0.978147 0.0143418 0.207421 74.6915 -0.0269684 0.997942 0.0581753 -0.127161 -0.20616 -0.0624978 0.97652 109.372
0.978302 0.0167064 0.20651 74.8523 -0.0289687 0.997982 0.0564978 -0.0953661 -0.20515 -0.0612543 0.976812 110.095
0.977932 0.0114532 0.208608 74.9896 -0.0230504 0.998315 0.0532475 -0.0639448 -0.207647 -0.056881 0.976549 110.735
0.977141 0.000386458 0.212592 75.1208 -0.0109579 0.998761 0.0485506 -0.0411926 -0.21231 -0.0497704 0.975934 111.3
0.976165 -0.00704754 0.216917 75.3068 -0.0024209 0.999057 0.0433534 0.00256228 -0.217018 -0.0428452 0.975227 112.151
0.9747 -0.00671432 0.223416 75.415 -0.00298948 0.999068 0.0430673 0.0196164 -0.223496 -0.0426456 0.973771 112.739
0.973856 -0.00383121 0.227134 75.5649 -0.0068236 0.998913 0.0461061 0.0513483 -0.227064 -0.0464506 0.972772 113.378
0.972513 -0.00572991 0.232778 75.7422 -0.00648732 0.998642 0.051685 0.0752533 -0.232758 -0.0517745 0.971156 114.149
0.971886 -0.0021941 0.235442 75.8653 -0.011573 0.998303 0.0570755 0.107548 -0.235168 -0.0581956 0.970211 114.576
0.971071 -0.00329817 0.238767 76.0275 -0.0118611 0.998004 0.0620251 0.132812 -0.238495 -0.0630629 0.969094 115.225
0.969981 -0.0114257 0.242913 76.2121 -0.00422644 0.997953 0.0638164 0.171615 -0.243145 -0.0629273 0.967947 115.903
0.970163 -0.0217005 0.24148 76.4772 0.00692614 0.998061 0.0618639 0.231032 -0.242354 -0.0583456 0.968432 116.986
0.969902 -0.0212379 0.242569 76.6809 0.00798559 0.998428 0.0554865 0.2797 -0.243366 -0.0518794 0.968546 117.851
0.970039 -0.0183085 0.242257 76.9096 0.00637883 0.998732 0.0499368 0.301415 -0.242864 -0.0468953 0.968926 118.927
0.970816 -0.0156904 0.239312 77.1938 0.00481622 0.998932 0.0459566 0.361771 -0.239778 -0.0434628 0.969854 120.093
0.97199 -0.012054 0.234715 77.3271 0.000654919 0.998819 0.048583 0.429893 -0.235023 -0.0470685 0.970849 120.636
0.971831 -0.00791069 0.235546 77.4722 -0.00570078 0.998355 0.0570499 0.433955 -0.23561 -0.0567857 0.970187 121.251
0.972696 -0.00444503 0.232042 77.6259 -0.0102401 0.998021 0.0620437 0.462641 -0.231858 -0.0627257 0.970725 121.959
0.972898 -0.00250563 0.231222 77.8865 -0.0120417 0.998036 0.0614821 0.507969 -0.230922 -0.0626001 0.970956 123.08
0.973401 0.00188361 0.229101 77.9646 -0.014835 0.998386 0.0548223 0.547209 -0.228627 -0.0567628 0.971858 123.566
0.974296 0.00147122 0.225268 78.2854 -0.0130883 0.998659 0.0500855 0.614168 -0.224893 -0.0517465 0.973009 124.869
0.975226 0.0011482 0.221208 78.8656 -0.012021 0.998784 0.0478118 0.739079 -0.220884 -0.0492865 0.974054 127.412
0.975944 -0.0021934 0.218011 78.906 -0.00867727 0.998766 0.0488931 0.749626 -0.217849 -0.0496086 0.974721 127.749
0.976553 -0.00665538 0.215173 79.0758 -0.00445977 0.998682 0.0511302 0.789504 -0.215229 -0.050891 0.975237 128.533
0.977046 -0.0132221 0.212618 79.2199 0.00165562 0.998513 0.0544866 0.825822 -0.213022 -0.0528839 0.975615 129.297
0.977505 -0.0133195 0.210492 79.5945 0.00125239 0.998353 0.0573576 0.894468 -0.21091 -0.0558037 0.975911 130.838
0.97757 -0.0168026 0.209937 79.8153 0.00425063 0.998183 0.0600977 0.925499 -0.210566 -0.0578573 0.975866 131.902
0.977627 -0.0151488 0.2098 80.1605 0.002363 0.998131 0.0610598 1.01124 -0.210333 -0.059198 0.975836 133.612
0.977516 -0.00713027 0.21074 80.4661 -0.00521729 0.998304 0.0579775 1.05661 -0.210796 -0.0577734 0.975821 134.89
0.977466 -0.00375368 0.211058 80.3947 -0.0077208 0.998537 0.0535161 1.07375 -0.21095 -0.0539397 0.976007 134.704
0.977153 0.00761199 0.212401 81.0088 -0.0181765 0.99869 0.0478302 1.23899 -0.211758 -0.0505982 0.976011 137.517
0.977881 0.0198192 0.208221 81.3506 -0.0312585 0.998169 0.0517921 1.24872 -0.206813 -0.0571552 0.97671 138.785
0.976276 0.0144198 0.216051 81.2959 -0.0264697 0.998244 0.0529839 1.2633 -0.214907 -0.0574457 0.974943 139.063
0.975694 0.0136816 0.218709 81.6034 -0.0256149 0.998328 0.0518203 1.30934 -0.217634 -0.0561629 0.974413 140.206
0.975063 -0.00175257 0.221923 81.9935 -0.00930055 0.998768 0.0487513 1.37343 -0.221735 -0.0495996 0.973845 141.956
0.974781 -0.0068588 0.223057 82.2815 -0.00467191 0.998681 0.0511251 1.43563 -0.223114 -0.0508779 0.973464 143.15
0.974637 -0.0174917 0.223106 82.4446 0.00651273 0.998735 0.0498509 1.45275 -0.223695 -0.0471336 0.973519 143.524
0.974308 -0.0242056 0.223917 82.5742 0.0129723 0.998589 0.0515032 1.4742 -0.224848 -0.0472752 0.973246 144.325
0.973649 -0.0200635 0.227166 82.7743 0.00846534 0.998616 0.0519154 1.53424 -0.227893 -0.0486244 0.972471 145.392
0.973046 -0.0103454 0.230379 83.2852 -0.00302151 0.998336 0.0575932 1.61333 -0.230591 -0.056737 0.971395 147.713
0.9734 -0.00345398 0.229088 83.552 -0.0110955 0.998003 0.0621919 1.66901 -0.228845 -0.0630794 0.971417 148.911
0.97364 0.00211428 0.228081 83.5988 -0.0153843 0.998289 0.0564188 1.6688 -0.227572 -0.0584404 0.972006 148.913
0.972812 0.000591733 0.231597 83.7763 -0.0103453 0.99911 0.0409022 1.71639 -0.231367 -0.0421861 0.971952 149.845
0.973289 -0.013541 0.229183 84.4899 0.00551721 0.99935 0.035615 1.80591 -0.229516 -0.0333992 0.972732 152.716
0.97333 -0.0210249 0.228443 84.3848 0.0112318 0.998965 0.0440849 1.79876 -0.229133 -0.0403434 0.972559 152.317
0.973785 -0.0206066 0.226536 84.5447 0.00571527 0.99779 0.0661953 1.8208 -0.2274 -0.0631653 0.971751 153.074
0.973859 -0.0151159 0.226649 84.9998 -0.00286554 0.996886 0.0787981 1.90405 -0.227134 -0.0773877 0.970784 155.072
0.974311 -0.00943918 0.22501 84.9786 -0.00738623 0.997244 0.0738173 1.91697 -0.225087 -0.073583 0.971556 155.026
0.977279 -0.0250186 0.210475 85.6062 0.0112794 0.997741 0.0662263 1.9634 -0.211656 -0.0623476 0.975354 157.374
0.974862 -0.0026935 0.222793 85.8308 -0.00848311 0.998753 0.0491936 2.09175 -0.222648 -0.0498469 0.973624 158.731
0.975268 -0.0107917 0.220762 85.9307 -0.00031073 0.998739 0.0501947 2.09581 -0.221025 -0.0490219 0.974035 159.235
0.976271 -0.0116374 0.216241 86.211 0.000478498 0.998669 0.0515848 2.14651 -0.216554 -0.0502572 0.974976 160.419
0.976458 -0.00856072 0.215536 86.49 -0.00232507 0.998736 0.0502015 2.19367 -0.215693 -0.0495209 0.975205 161.904
0.978186 -0.0118655 0.207393 86.8841 0.0018898 0.998834 0.0482326 2.27938 -0.207723 -0.0467885 0.977068 163.474
0.978557 -0.00566505 0.205898 87.1453 -0.00427614 0.998848 0.0478051 2.33466 -0.205932 -0.0476604 0.977405 165.054
0.978517 0.00605167 0.206076 87.345 -0.0158883 0.99881 0.0461116 2.34871 -0.205551 -0.0483952 0.977449 165.977
0.978491 0.0135036 0.205847 87.4259 -0.0232791 0.998709 0.045141 2.40827 -0.204972 -0.048962 0.977542 166.662
0.978971 0.0102457 0.20374 87.5477 -0.021129 0.998459 0.0513143 2.42763 -0.202901 -0.05454 0.977679 167.245
0.979809 -0.00138509 0.19993 87.7735 -0.00922916 0.998597 0.0521482 2.46218 -0.199721 -0.0529404 0.978422 168.332
0.980262 -0.00598295 0.197614 88.0511 -0.00402115 0.998732 0.0501844 2.50281 -0.197664 -0.0499884 0.978994 169.751
0.9814 -0.0126354 0.191559 88.3158 0.00355985 0.998858 0.0476478 2.5622 -0.191943 -0.0460796 0.980324 170.961
0.982066 -0.0142788 0.187994 88.4156 0.00583258 0.998952 0.0454051 2.62456 -0.188445 -0.0434943 0.98112 171.999
0.983351 -0.016087 0.181004 88.7823 0.00696491 0.998678 0.0509206 2.66324 -0.181584 -0.0488121 0.982163 173.617
0.984455 -0.0111884 0.175278 88.8201 0.000718741 0.998217 0.0596819 2.68071 -0.175633 -0.0586282 0.982708 174.022
0.985515 -0.0163921 0.168794 88.9642 0.00472906 0.997587 0.0692676 2.7266 -0.169522 -0.067466 0.983214 174.713
0.986245 -0.00319689 0.165257 89.1793 -0.00865467 0.997443 0.0709461 2.78551 -0.165061 -0.0714005 0.983695 176.111
0.986081 0.00130094 0.166262 89.3108 -0.0123898 0.997764 0.0656749 2.84512 -0.165805 -0.0668207 0.983892 177.189
0.987886 0.00194332 0.155171 89.5849 -0.010736 0.998382 0.0558465 2.91836 -0.154812 -0.0568359 0.986308 178.804
0.988724 -0.00410095 0.149694 89.7258 -0.00365415 0.998667 0.0514945 2.97935 -0.149706 -0.0514608 0.98739 179.966
0.989924 -0.00158128 0.141594 89.9204 -0.00582668 0.998636 0.0518884 3.03421 -0.141483 -0.0521906 0.988564 181.138
0.990804 -0.00384634 0.135248 90.0258 -0.00341598 0.998566 0.0534231 3.0696 -0.13526 -0.0533939 0.98937 181.971
0.99157 0.00565327 0.129446 90.1594 -0.0121235 0.998713 0.0492506 3.11689 -0.129001 -0.0504048 0.990363 183.323
0.993242 0.0109316 0.115545 90.2851 -0.0161484 0.998887 0.04431 3.17353 -0.114932 -0.0458764 0.992313 184.173
0.994049 0.00926186 0.108542 90.3228 -0.0139955 0.99898 0.0429308 3.18539 -0.108033 -0.0441944 0.993164 184.899
0.99499 0.00927184 0.0995473 90.5527 -0.0138589 0.998869 0.0454866 3.25028 -0.0990129 -0.0466383 0.993993 186.759
0.995422 0.00828786 0.0952185 90.5476 -0.0132294 0.998591 0.051383 3.2906 -0.0946585 -0.0524074 0.994129 187.718
0.996395 0.00390238 0.084747 90.6091 -0.00873563 0.998351 0.0567359 3.30987 -0.0843859 -0.0572716 0.994786 188.237
0.996967 0.00515157 0.077656 90.7121 -0.00979805 0.998176 0.0595724 3.37532 -0.0772075 -0.0601526 0.995199 189.585
0.997541 0.00332515 0.0700073 90.7706 -0.00764808 0.998073 0.0615726 3.43267 -0.0696677 -0.0619566 0.995644 190.571
0.997841 0.00608534 0.0653917 90.9264 -0.00999125 0.998174 0.0595712 3.5058 -0.0649098 -0.0600959 0.99608 192.385
0.997971 0.00728773 0.0632448 91.0055 -0.0106676 0.998523 0.0532685 3.60275 -0.0627632 -0.0538351 0.996575 194.724
0.998214 0.00676688 0.0593624 90.9793 -0.00950351 0.998899 0.04594 3.58502 -0.0589862 -0.046422 0.997179 194.333
0.99839 0.00379654 0.0565939 91.0641 -0.00628968 0.999014 0.0439405 3.66864 -0.0563713 -0.0442257 0.99743 196.3
0.99851 0.00545342 0.0542879 91.08 -0.00821601 0.998675 0.0507955 3.70299 -0.053939 -0.0511658 0.997232 197.393
0.997474 0.0405299 0.0583279 91.0818 -0.0439392 0.997325 0.0584061 3.66541 -0.0558048 -0.0608215 0.996587 196.972
0.998813 0.00616449 0.0483202 91.1538 -0.00939079 0.99772 0.0668292 3.77623 -0.0477981 -0.0672037 0.996594 199.377
0.999137 0.000892927 0.0415267 91.2264 -0.00353279 0.997973 0.0635404 3.84464 -0.0413858 -0.0636322 0.997115 200.541
0.999224 -0.00417001 0.0391601 91.2747 0.0020817 0.998581 0.0532176 3.91391 -0.0393264 -0.0530948 0.997815 202.064
0.99942 -0.0153235 0.030425 91.2992 0.0138192 0.998701 0.0490524 3.9588 -0.0311371 -0.0486035 0.998333 202.847
0.999693 0.00115334 0.0247373 91.3118 -0.00238422 0.998757 0.0497864 3.99491 -0.0246492 -0.0498301 0.998453 203.769
0.999858 0.000329207 0.0168471 91.3204 -0.00126504 0.998454 0.0555682 4.02984 -0.0168027 -0.0555817 0.998313 204.616
0.999951 -0.00324259 0.00930578 91.336 0.00268826 0.998256 0.0589742 4.07201 -0.00948078 -0.0589463 0.998216 205.623
0.999933 -0.0108642 0.00396828 91.3445 0.0105928 0.997959 0.0629803 4.16534 -0.00464441 -0.062934 0.998007 207.522
0.999377 -0.0329319 -0.0126578 91.5161 0.0336822 0.997348 0.064513 4.15792 0.0104997 -0.0648992 0.997837 208.83
0.999694 -0.0226655 -0.00989957 91.3935 0.0231811 0.998188 0.055519 4.29822 0.00862328 -0.0557315 0.998409 210.677
0.999427 -0.0294355 -0.0167217 91.3777 0.0301696 0.998509 0.0454945 4.29575 0.0153576 -0.0459729 0.998825 210.81
0.999464 -0.0224871 -0.0237795 91.3806 0.023453 0.998878 0.041153 4.36695 0.0228274 -0.0416886 0.99887 212.436
0.999404 -0.0149595 -0.0311128 91.3412 0.016452 0.998698 0.0482823 4.40692 0.03035 -0.0487654 0.998349 213.422
0.99935 0.00542706 -0.0356433 91.2868 -0.00320758 0.998069 0.0620339 4.42807 0.0359111 -0.0618793 0.997437 214.001
0.99917 0.00358855 -0.0405848 91.2158 -0.000775743 0.997609 0.0691114 4.50834 0.0407357 -0.0690225 0.996783 215.766
0.998974 0.00835471 -0.0445052 91.1542 -0.00537922 0.997768 0.0665621 4.55076 0.0449619 -0.0662544 0.996789 216.647
0.998747 0.0205131 -0.0456513 91.0796 -0.0179209 0.998243 0.056484 4.6132 0.0467297 -0.0555951 0.997359 217.871
0.998467 0.0271676 -0.0482267 90.9581 -0.0248905 0.998575 0.0472056 4.69787 0.0494405 -0.0459329 0.99772 219.682
0.998659 0.012531 -0.0502296 90.9458 -0.0103358 0.99899 0.0437281 4.70402 0.0507269 -0.0431503 0.99778 219.974
0.998566 0.00783683 -0.0529668 90.8863 -0.00529776 0.998838 0.0479084 4.77742 0.0532807 -0.0475591 0.997446 221.629
0.998556 0.00539296 -0.0534443 90.8084 -0.00236041 0.998392 0.0566437 4.81359 0.0536638 -0.0564358 0.996963 222.535
0.99867 -0.00424084 -0.0513914 90.7498 0.00740339 0.998079 0.0615052 4.85629 0.0510319 -0.0618039 0.996783 223.398
0.998496 -0.00480498 -0.0546164 90.7079 0.00815279 0.99809 0.0612402 4.90483 0.0542178 -0.0615934 0.996628 224.458
0.998424 0.0022499 -0.0560676 90.5999 0.000724979 0.998595 0.052982 4.97191 0.056108 -0.0529391 0.99702 226.198
0.998125 -0.0122902 -0.0599608 90.5782 0.0146904 0.999102 0.039754 4.9969 0.0594184 -0.0405603 0.997409 226.758
0.997812 -0.0227093 -0.0620886 90.4255 0.0249372 0.999064 0.0353467 5.11231 0.0612278 -0.0368177 0.997445 229.825
0.997805 -0.0168919 -0.0640283 90.4331 0.019459 0.999023 0.0396835 5.09843 0.0632954 -0.0408423 0.997159 229.536
0.997831 -0.0114898 -0.0648105 90.2937 0.0148232 0.998579 0.0511893 5.16052 0.0641302 -0.052039 0.996584 231.723
0.997651 -0.0159335 -0.0666269 90.2606 0.0195839 0.998322 0.0544988 5.1667 0.0656467 -0.0556756 0.996288 231.897
0.997746 0.00882724 -0.0665254 90.1349 -0.00544037 0.998688 0.0509212 5.23328 0.0668876 -0.0504445 0.996485 233.697
0.997966 0.00571357 -0.0634996 90.0331 -0.00294962 0.999048 0.0435359 5.28792 0.0636878 -0.04326 0.997032 234.863
0.99777 0.00848321 -0.0662018 89.9765 -0.00555635 0.999004 0.0442707 5.31425 0.0665115 -0.0438042 0.996824 235.603
0.997634 0.00851541 -0.06822 89.8905 -0.00544266 0.998968 0.0451015 5.37382 0.0685336 -0.0446235 0.99665 237.005
0.997742 0.00531997 -0.0669456 89.8439 -0.00189659 0.998692 0.0510968 5.38137 0.0671299 -0.0508544 0.996447 237.563
0.997756 0.00943983 -0.0662924 89.7042 -0.0058662 0.998529 0.0538962 5.43233 0.0667037 -0.0533863 0.996344 239.124
0.99758 0.00766622 -0.0691048 89.6773 -0.00399528 0.998581 0.0531039 5.45561 0.0694139 -0.0526993 0.996195 239.632
0.997728 0.0135044 -0.0660059 89.5438 -0.0102759 0.998745 0.0490089 5.53417 0.0665849 -0.0482192 0.996615 241.526
