0.999994 -0.00194756 -0.0030037 -0.00585926 0.00194031 0.999995 -0.00241628 -0.00275643 0.00300839 0.00241044 0.999993 0.741931
0.999975 0.00101669 -0.00705418 -0.0171731 -0.00104487 0.999991 -0.00399174 -0.00576879 0.00705007 0.00399901 0.999967 1.47933
0.99995 0.000829796 -0.00995988 -0.0466649 -0.000882029 0.999986 -0.00524109 -0.013392 0.00995539 0.00524961 0.999937 2.25396
0.999885 0.00130654 -0.0151279 -0.0610838 -0.00139769 0.999981 -0.00601659 -0.0169546 0.0151197 0.00603704 0.999867 3.04158
0.999817 -0.000373396 -0.0191276 -0.0852992 0.00025714 0.999981 -0.00607997 -0.0285349 0.0191295 0.00607394 0.999799 3.83316
0.999722 0.00159707 -0.0235389 -0.112857 -0.00176264 0.999974 -0.00701474 -0.0412849 0.0235271 0.00705428 0.999698 4.65528
0.999592 0.0032385 -0.0283749 -0.148063 -0.00345174 0.999966 -0.00746916 -0.0510661 0.0283497 0.00756406 0.999569 5.48846
0.999492 0.000430229 -0.0318659 -0.191054 -0.000627302 0.999981 -0.00617469 -0.0551614 0.0318626 0.00619155 0.999473 6.34373
0.999306 -0.00196608 -0.037193 -0.215824 0.00183844 0.999992 -0.00346585 -0.0674318 0.0371995 0.00339507 0.999302 7.24316
0.999178 -0.000279939 -0.0405256 -0.261976 0.000246295 1 -0.000835175 -0.0787679 0.0405259 0.000824508 0.999178 8.20989
0.999041 0.000836932 -0.0437739 -0.307518 -0.000907693 0.999998 -0.00159667 -0.0865426 0.0437725 0.00163487 0.99904 9.25831
0.999043 0.00196716 -0.0437059 -0.393088 -0.00205103 0.999996 -0.00187402 -0.0933764 0.0437021 0.00196187 0.999043 10.2738
0.998955 -0.00306166 -0.0456078 -0.435556 0.00294893 0.999992 -0.00253892 -0.101456 0.0456153 0.00240177 0.998956 11.2757
0.998858 -0.000757238 -0.0477625 -0.486151 0.000674223 0.999998 -0.00175417 -0.112094 0.0477637 0.00171996 0.998857 12.2713
0.998798 -0.00106279 -0.0490078 -0.541171 0.000967481 0.999998 -0.00196835 -0.124123 0.0490097 0.00191857 0.998796 13.2833
0.998678 0.00334163 -0.051293 -0.59609 -0.00355631 0.999985 -0.00409473 -0.137183 0.0512785 0.00427173 0.998675 14.3056
0.998608 9.83744e-005 -0.0527446 -0.650509 -0.000431744 0.99998 -0.00630908 -0.15492 0.052743 0.00632307 0.998588 15.3721
0.998592 0.00448007 -0.0528579 -0.742479 -0.00486445 0.999963 -0.00714561 -0.178509 0.0528239 0.00739267 0.998576 16.3933
0.998554 0.000880666 -0.0537425 -0.810884 -0.00124932 0.999976 -0.00682644 -0.192254 0.0537352 0.00688372 0.998531 17.4698
0.998406 -0.00278232 -0.0563683 -0.86269 0.00246671 0.999981 -0.00566783 -0.209686 0.056383 0.00551975 0.998394 18.6604
0.998334 -0.000204437 -0.0576924 -0.93352 -2.11848e-005 0.999992 -0.00391013 -0.229454 0.0576928 0.00390484 0.998327 19.7742
0.998246 -0.000705409 -0.0591902 -0.998548 0.000483489 0.999993 -0.00376352 -0.246787 0.0591924 0.0037283 0.99824 20.864
0.998214 0.000107849 -0.0597387 -1.08358 -0.000385923 0.999989 -0.00464332 -0.259925 0.0597376 0.00465808 0.998203 21.9161
0.998078 -0.00333943 -0.0618879 -1.13089 0.0030054 0.99998 -0.00548964 -0.271871 0.0619051 0.00529309 0.998068 22.9636
0.997928 -0.00204681 -0.0643018 -1.17839 0.00180705 0.999991 -0.00378655 -0.286725 0.064309 0.00366251 0.997923 23.9958
0.997934 0.000757466 -0.0642368 -1.2526 -0.000772185 1 -0.000204309 -0.298916 0.0642366 0.00025349 0.997935 25.0364
0.998007 0.00251647 -0.06306 -1.31211 -0.00227971 0.99999 0.00382612 -0.315491 0.063069 -0.00367474 0.998002 26.0674
0.998141 -0.000791771 -0.0609352 -1.38645 0.00118789 0.999978 0.00646475 -0.320965 0.0609288 -0.00652512 0.998121 27.1686
0.998204 0.000351432 -0.0599022 -1.45224 6.58696e-005 0.999976 0.00696426 -0.324086 0.0599032 -0.0069557 0.99818 28.3068
0.998259 -1.18353e-005 -0.0589854 -1.51797 0.000273298 0.99999 0.00442461 -0.332984 0.0589847 -0.00443303 0.998249 29.4639
0.998318 0.00281737 -0.0579141 -1.59896 -0.00283258 0.999996 -0.000180585 -0.339175 0.0579133 0.000344327 0.998322 30.6404
0.998425 -0.00261023 -0.0560382 -1.66377 0.00241778 0.999991 -0.0035017 -0.339434 0.0560468 0.00336069 0.998422 31.7221
0.998495 -0.00151279 -0.05482 -1.73234 0.00136144 0.999995 -0.00279816 -0.345975 0.0548239 0.00271932 0.998492 32.8018
0.998605 0.00167385 -0.0527711 -1.81374 -0.0015575 0.999996 0.00224599 -0.361166 0.0527746 -0.00216066 0.998604 33.8221
0.998585 -0.0034892 -0.0530727 -1.88389 0.00379485 0.999977 0.00565939 -0.369795 0.0530517 -0.00585278 0.998575 34.9576
0.998572 -0.0051837 -0.0531693 -1.95067 0.00543029 0.999975 0.00449432 -0.376114 0.0531447 -0.00477663 0.998575 36.0863
0.998532 -0.00318649 -0.054068 -2.03292 0.00321169 0.999995 0.000379199 -0.375347 0.0540665 -0.000552292 0.998537 37.2657
0.998479 0.000985729 -0.0551179 -2.10762 -0.00118259 0.999993 -0.00353919 -0.383924 0.055114 0.00359899 0.998474 38.3836
0.998467 0.0034374 -0.0552422 -2.19924 -0.00370341 0.999982 -0.00471356 -0.39013 0.055225 0.00491092 0.998462 39.4431
0.998368 -0.000651851 -0.0571019 -2.25237 0.000465746 0.999995 -0.00327241 -0.404239 0.0571037 0.00324048 0.998363 40.5711
0.998304 0.00352391 -0.0581073 -2.33143 -0.00355189 0.999994 -0.00037836 -0.415243 0.0581056 0.00058411 0.99831 41.7061
0.998232 6.15936e-005 -0.0594332 -2.39833 6.2738e-006 0.999999 0.00114172 -0.43699 0.0594332 -0.00114008 0.998232 42.8204
0.99814 0.000462171 -0.0609656 -2.47597 -0.000236959 0.999993 0.00370126 -0.445069 0.0609669 -0.00367993 0.998133 44.0479
0.998235 0.000266738 -0.0593906 -2.58097 0.00012599 0.999978 0.00660879 -0.446344 0.0593911 -0.00660461 0.998213 45.3206
0.998146 0.00653081 -0.0605131 -2.6895 -0.00600049 0.999942 0.00894121 -0.449111 0.060568 -0.00856152 0.998127 46.7516
0.998246 0.00111011 -0.059195 -2.78958 -0.000608726 0.999964 0.00848743 -0.456594 0.0592023 -0.00843651 0.99821 47.9583
0.998259 0.00240437 -0.0589316 -2.87722 -0.00201192 0.999975 0.00671795 -0.461324 0.0589463 -0.00658769 0.998239 49.2453
0.998288 0.00362126 -0.0583754 -2.9728 -0.00336356 0.999984 0.00451214 -0.466847 0.0583909 -0.00430806 0.998285 50.4553
0.998224 0.00049528 -0.0595634 -3.0741 -0.000211714 0.999989 0.00476697 -0.479978 0.0595651 -0.00474589 0.998213 51.7278
0.998081 -0.00360154 -0.0618194 -3.13425 0.00396956 0.999975 0.0058314 -0.482596 0.0617969 -0.0060656 0.99807 53.0889
0.998117 0.000810208 -0.0613366 -3.2416 -0.000403819 0.999978 0.00663766 -0.487786 0.0613406 -0.00660039 0.998095 54.4012
0.998103 0.00199221 -0.061538 -3.33883 -0.00181991 0.999994 0.0028558 -0.490084 0.0615434 -0.00273839 0.998101 55.7781
0.998063 0.00134282 -0.0622009 -3.43285 -0.00143728 0.999998 -0.00147388 -0.499587 0.0621988 0.00156042 0.998063 57.0572
0.998013 0.00165136 -0.062983 -3.51794 -0.00180628 0.999995 -0.00240286 -0.516708 0.0629788 0.00251185 0.998012 58.3367
0.997998 -0.00254245 -0.0631873 -3.60599 0.00261655 0.999996 0.00108993 -0.539718 0.0631843 -0.00125309 0.998001 59.6558
0.998038 -0.00101271 -0.0626026 -3.69249 0.00127234 0.999991 0.0041075 -0.55551 0.0625979 -0.00417909 0.99803 60.8749
0.998013 -0.00221638 -0.0629731 -3.77124 0.00249896 0.999987 0.00440891 -0.566851 0.0629625 -0.00455752 0.998005 62.0965
0.997987 -0.00283291 -0.0633618 -3.83981 0.00302018 0.999991 0.00285989 -0.576768 0.0633531 -0.0030455 0.997987 63.2608
0.997911 -0.00299814 -0.0645278 -3.89969 0.00311577 0.999994 0.00172243 -0.593448 0.0645222 -0.00191989 0.997914 64.3721
0.9978 -0.00224141 -0.0662604 -3.96209 0.00247106 0.999991 0.00338423 -0.610748 0.0662522 -0.00354051 0.997797 65.469
0.997773 -0.00253896 -0.0666561 -4.0468 0.00302655 0.999969 0.00721507 -0.622302 0.0666358 -0.00740074 0.99775 66.6317
0.99771 -0.00129701 -0.0676248 -4.12109 0.00212685 0.999923 0.0122006 -0.630782 0.0676038 -0.0123165 0.997636 67.8794
0.997679 0.0014024 -0.0680737 -4.21838 -0.000451592 0.999902 0.0139807 -0.62752 0.0680866 -0.0139175 0.997582 69.1381
0.997607 0.000816886 -0.0691394 -4.30693 -0.000149105 0.999953 0.00966309 -0.62808 0.069144 -0.00962965 0.99756 70.3365
0.997515 6.70213e-005 -0.0704607 -4.38878 6.0193e-005 0.999998 0.00180334 -0.629672 0.0704607 -0.0018031 0.997513 71.5202
0.997428 0.00200813 -0.0716477 -4.46893 -0.00221211 0.999994 -0.00276771 -0.643264 0.0716417 0.00291909 0.997426 72.5953
0.997283 0.0052324 -0.073482 -4.5515 -0.00535367 0.999985 -0.00145337 -0.658125 0.0734733 0.00184282 0.997295 73.6535
0.997185 0.0023778 -0.0749489 -4.63621 -0.00231592 0.999997 0.000912565 -0.671955 0.0749509 -0.00073642 0.997187 74.704
0.996995 0.000582199 -0.0774579 -4.70188 -0.000398042 0.999997 0.00239292 -0.686677 0.0774591 -0.0023549 0.996993 75.7256
0.996897 -0.00196542 -0.0786963 -4.77249 0.00212591 0.999996 0.00195563 -0.699359 0.0786921 -0.00211687 0.996897 76.7009
0.996617 -0.00110924 -0.0821784 -4.83517 0.00131719 0.999996 0.00247622 -0.70861 0.0821753 -0.00257609 0.996615 77.7369
0.996496 0.00163164 -0.0836298 -4.93125 -0.00137874 0.999994 0.00308174 -0.723821 0.0836344 -0.00295564 0.996492 78.7962
0.996352 -0.00167125 -0.0853181 -5.00739 0.00196538 0.999992 0.00336361 -0.743978 0.0853118 -0.00351902 0.996348 79.814
0.996157 -0.000608645 -0.0875824 -5.07807 0.00100962 0.999989 0.004534 -0.761297 0.0875787 -0.004605 0.996147 80.8568
0.996252 0.00502821 -0.0863506 -5.20763 -0.00442471 0.999964 0.00717895 -0.768359 0.0863836 -0.00676997 0.996239 81.8691
0.995546 0.0113997 -0.0935895 -5.4635 -0.0118499 0.999921 -0.00425594 -0.802828 0.0935336 0.00534601 0.995602 84.6154
0.995546 0.0113997 -0.0935895 -5.71937 -0.0118499 0.999921 -0.00425594 -0.837296 0.0935336 0.00534601 0.995602 87.3618
0.995546 0.0113997 -0.0935895 -5.97525 -0.0118499 0.999921 -0.00425594 -0.871765 0.0935336 0.00534601 0.995602 90.1081
0.995546 0.0113997 -0.0935895 -6.23112 -0.0118499 0.999921 -0.00425594 -0.906233 0.0935336 0.00534601 0.995602 92.8545
0.995546 0.0113997 -0.0935895 -6.48699 -0.0118499 0.999921 -0.00425594 -0.940702 0.0935336 0.00534601 0.995602 95.6009
0.995546 0.0113997 -0.0935895 -6.74286 -0.0118499 0.999921 -0.00425594 -0.975171 0.0935336 0.00534601 0.995602 98.3472
0.99568 0.00483296 -0.0927261 -6.87671 -0.00489282 0.999988 -0.000418279 -0.993527 0.092723 0.000870165 0.995692 99.3359
0.995648 0.00107666 -0.0931886 -6.99758 -0.000900978 0.999998 0.00192731 -1.01969 0.0931905 -0.00183497 0.995647 100.333
0.995534 -0.00337663 -0.0943431 -7.0879 0.00320963 0.999993 -0.00192185 -1.03169 0.0943489 0.00161046 0.995538 101.273
0.995424 -0.00931603 -0.0951029 -7.14965 0.00857673 0.99993 -0.0081795 -1.04674 0.0951724 0.0073264 0.995434 102.216
0.995558 -0.0042512 -0.0940516 -7.21643 0.00303321 0.99991 -0.0130894 -1.0693 0.0940987 0.012746 0.995481 103.021
0.995972 0.0030667 -0.0896095 -7.32387 -0.00428816 0.9999 -0.0134416 -1.07849 0.0895594 0.0137717 0.995886 103.806
0.996347 0.00436607 -0.085282 -7.4083 -0.00523643 0.999936 -0.00998461 -1.10055 0.085233 0.0103947 0.996307 104.603
0.996703 -0.00303734 -0.0810777 -7.46464 0.00246323 0.999971 -0.00718005 -1.11404 0.0810971 0.00695666 0.996682 105.422
0.99722 -0.00310208 -0.0744472 -7.52219 0.00287036 0.999991 -0.00321934 -1.13216 0.0744565 0.0029967 0.99722 106.162
0.997819 -0.00494756 -0.0658227 -7.57197 0.00496169 0.999988 5.13237e-005 -1.15647 0.0658216 -0.000377804 0.997831 106.94
0.998471 0.00314152 -0.0551844 -7.60866 -0.0031539 0.999995 -0.000137192 -1.16455 0.0551837 0.000311029 0.998476 107.672
0.99921 0.00581316 -0.0393182 -7.65292 -0.00583183 0.999983 -0.000360078 -1.17592 0.0393154 0.000589091 0.999227 108.351
0.999765 0.0049913 -0.0211036 -7.67305 -0.00498983 0.999988 0.000122398 -1.17559 0.021104 -1.70658e-005 0.999777 109.061
0.999998 -0.00169487 0.00130476 -7.66413 0.00169376 0.999998 0.000847796 -1.17998 -0.00130619 -0.000845584 0.999999 109.72
0.999612 -0.0023581 0.0277617 -7.63092 0.00230412 0.999995 0.00197625 -1.1849 -0.0277662 -0.00191152 0.999613 110.336
0.998381 -0.00183238 0.0568428 -7.56239 0.00160664 0.999991 0.00401665 -1.19804 -0.0568496 -0.00391882 0.998375 110.92
0.995999 -0.00112555 0.089361 -7.47153 0.000598272 0.999982 0.00592707 -1.20977 -0.0893661 -0.00584989 0.995982 111.5
0.992015 -0.00143469 0.126114 -7.35709 0.000584587 0.999977 0.00677755 -1.2167 -0.12612 -0.00664971 0.991993 112.077
0.985821 -0.000190273 0.167798 -7.23498 -0.0010051 0.999975 0.00703893 -1.21962 -0.167795 -0.00710779 0.985796 112.647
0.977223 -0.00192706 0.212207 -7.07384 0.000283611 0.99997 0.00777472 -1.23007 -0.212216 -0.00753745 0.977194 113.175
0.965556 -0.000419334 0.260195 -6.8798 -0.00122791 0.99998 0.00616823 -1.24203 -0.260192 -0.00627526 0.965536 113.694
0.950236 -0.00149821 0.311528 -6.65578 0.000286786 0.999992 0.00393443 -1.24794 -0.311531 -0.0036493 0.950229 114.178
0.929936 0.000761603 0.367719 -6.44596 -0.00170626 0.999996 0.00224386 -1.25309 -0.367716 -0.00271408 0.929934 114.628
0.905316 -0.000445463 0.424739 -6.20532 -5.65396e-005 0.999999 0.0011693 -1.2584 -0.424739 -0.0010826 0.905315 115.042
0.875361 4.34976e-005 0.48347 -5.94855 -1.88122e-005 1 -5.59086e-005 -1.26271 -0.48347 3.98451e-005 0.875361 115.447
0.765576 -0.00413943 0.643332 -5.65157 -0.0024808 0.999953 0.00938625 -1.31387 -0.64334 -0.00878187 0.76553 115.751
0.765576 -0.00413943 0.643332 -5.3546 -0.0024808 0.999953 0.00938625 -1.36503 -0.64334 -0.00878187 0.76553 116.055
0.765576 -0.00413943 0.643332 -5.05763 -0.0024808 0.999953 0.00938625 -1.41619 -0.64334 -0.00878187 0.76553 116.358
0.58363 -0.0133424 0.81191 -4.4346 0.0037792 0.999899 0.0137151 -1.4006 -0.812011 -0.00493618 0.583621 116.789
0.58363 -0.0133424 0.81191 -3.81156 0.0037792 0.999899 0.0137151 -1.38502 -0.812011 -0.00493618 0.583621 117.219
0.58363 -0.0133424 0.81191 -3.18852 0.0037792 0.999899 0.0137151 -1.36944 -0.812011 -0.00493618 0.583621 117.65
0.58363 -0.0133424 0.81191 -2.56549 0.0037792 0.999899 0.0137151 -1.35386 -0.812011 -0.00493618 0.583621 118.08
0.487561 -0.00110739 0.873088 -2.07439 -0.0093623 0.999935 0.0064965 -1.35545 -0.873039 -0.0113416 0.487519 118.34
0.487561 -0.00110739 0.873088 -1.58329 -0.0093623 0.999935 0.0064965 -1.35705 -0.873039 -0.0113416 0.487519 118.6
0.442193 -0.00282947 0.896916 -1.12438 -0.00309629 0.999984 0.00468114 -1.36665 -0.896915 -0.00484707 0.442177 118.776
0.399615 -0.0093426 0.916635 -0.650178 0.000129831 0.999949 0.0101352 -1.36621 -0.916683 -0.00393115 0.399596 118.92
0.359812 -0.021178 0.932784 -0.148805 -0.00297267 0.999711 0.0238442 -1.35753 -0.93302 -0.0113523 0.359645 119.043
0.324184 -0.0209276 0.945762 0.757301 -0.0175041 0.999451 0.0281156 -1.34246 -0.945832 -0.0256694 0.32364 119.271
0.291782 -0.0191201 0.956294 1.75302 -0.0174575 0.999527 0.0253111 -1.33219 -0.956325 -0.0240799 0.29131 119.504
0.260911 -0.00790868 0.965331 2.64224 -0.0172504 0.999769 0.0128533 -1.31206 -0.965209 -0.0200059 0.260714 119.711
0.232699 -0.0050505 0.972536 3.58681 -0.00816025 0.999941 0.00714533 -1.33772 -0.972515 -0.00959884 0.232644 119.905
0.207109 -0.0066058 0.978296 4.5879 -0.00360419 0.999965 0.00751515 -1.35011 -0.978311 -0.00508242 0.207078 120.06
0.183381 -0.0124819 0.982963 5.55438 -0.00203336 0.999912 0.0130765 -1.34971 -0.98304 -0.0043967 0.18334 120.184
0.163251 -0.0181089 0.986418 6.37809 -0.00208558 0.999823 0.0187002 -1.32106 -0.986582 -0.00511009 0.163185 120.275
0.144129 -0.0179002 0.989397 6.84962 -0.00857352 0.999776 0.019337 -1.30176 -0.989522 -0.0112696 0.143943 120.319
0.126998 -0.0148906 0.991791 7.32113 -0.0166951 0.999714 0.0171473 -1.29291 -0.991763 -0.0187357 0.126713 120.366
0.111597 -0.0133095 0.993664 7.84666 -0.0201387 0.999675 0.0156518 -1.29257 -0.993549 -0.0217578 0.111293 120.423
0.0969485 -0.0137 0.995195 8.43996 -0.0172193 0.999733 0.0154399 -1.29097 -0.99514 -0.0186334 0.0966866 120.48
0.0833644 -0.0156867 0.996396 9.07624 -0.0160797 0.999725 0.0170845 -1.28625 -0.996389 -0.017446 0.0830892 120.527
0.0716144 -0.0193833 0.997244 9.72695 -0.0160304 0.99966 0.0205815 -1.28315 -0.997304 -0.0174601 0.0712793 120.562
0.0614662 -0.0223774 0.997858 10.3318 -0.0180011 0.999561 0.0235244 -1.27467 -0.997947 -0.0194085 0.0610364 120.588
0.0532043 -0.023285 0.998312 10.9361 -0.0214579 0.999471 0.0244556 -1.26309 -0.998353 -0.0227228 0.0526765 120.621
0.0466138 -0.0254573 0.998589 11.5427 -0.0225454 0.999394 0.0265302 -1.24905 -0.998659 -0.0237502 0.0460116 120.654
0.0402032 -0.0260763 0.998851 12.1644 -0.0245694 0.999331 0.0270778 -1.23839 -0.998889 -0.0256298 0.0395356 120.684
0.0337276 -0.0262315 0.999087 12.8201 -0.0253903 0.99931 0.0270945 -1.22312 -0.999108 -0.026281 0.0330383 120.709
0.0290995 -0.029528 0.99914 13.4997 -0.0261675 0.999199 0.0302919 -1.20883 -0.999234 -0.0270265 0.0283035 120.723
0.0258458 -0.0318304 0.999159 14.2019 -0.0291893 0.999043 0.0325817 -1.18813 -0.99924 -0.0300068 0.024892 120.738
0.0224464 -0.0324453 0.999221 14.9235 -0.0321389 0.998933 0.0331579 -1.16573 -0.999231 -0.0328582 0.0213797 120.759
0.0203331 -0.0347329 0.99919 15.645 -0.0327616 0.998837 0.0353873 -1.1448 -0.999256 -0.0334546 0.0191716 120.769
0.019977 -0.0407822 0.998968 16.4653 -0.0352405 0.998518 0.0414685 -1.12658 -0.999179 -0.0360325 0.0185102 120.77
0.0206932 -0.0460232 0.998726 17.2357 -0.0413152 0.998047 0.046848 -1.10788 -0.998932 -0.042232 0.0187514 120.779
0.0230834 -0.0457697 0.998685 17.9898 -0.0457559 0.997856 0.0467893 -1.07372 -0.998686 -0.0467758 0.0209397 120.803
0.0260991 -0.0470897 0.99855 18.7709 -0.0451495 0.997815 0.0482351 -1.03124 -0.998639 -0.0463429 0.023916 120.835
0.0294407 -0.0456609 0.998523 19.5683 -0.0475028 0.997763 0.0470268 -0.994 -0.998437 -0.0488172 0.0272059 120.875
0.0338103 -0.0471536 0.998315 20.4098 -0.0473294 0.99769 0.048727 -0.956635 -0.998307 -0.0488971 0.0315004 120.896
0.0369713 -0.0457649 0.998268 21.2571 -0.0491828 0.997657 0.0475584 -0.923359 -0.998105 -0.0508559 0.0346338 120.941
0.0390627 -0.0415568 0.998372 22.1233 -0.0478547 0.997911 0.04341 -0.881072 -0.99809 -0.0494725 0.0369924 121.003
0.041189 -0.0394376 0.998373 23.0025 -0.0420989 0.998265 0.0411702 -0.837853 -0.998264 -0.0437262 0.0394573 121.066
0.0444483 -0.0364037 0.998348 23.9496 -0.0388755 0.998516 0.0381406 -0.807789 -0.998255 -0.0405066 0.0429671 121.124
0.0444223 -0.0303464 0.998552 25.0234 -0.0315114 0.998999 0.0317618 -0.757482 -0.998516 -0.0328767 0.0434215 121.252
0.051332 -0.0138641 0.998585 26.1933 -0.0311189 0.999396 0.015475 -0.771651 -0.998197 -0.0318693 0.0508695 121.261
0.051332 -0.0138641 0.998585 27.3631 -0.0311189 0.999396 0.015475 -0.78582 -0.998197 -0.0318693 0.0508695 121.27
0.051332 -0.0138641 0.998585 28.533 -0.0311189 0.999396 0.015475 -0.79999 -0.998197 -0.0318693 0.0508695 121.279
0.051332 -0.0138641 0.998585 29.7028 -0.0311189 0.999396 0.015475 -0.814159 -0.998197 -0.0318693 0.0508695 121.287
0.051332 -0.0138641 0.998585 30.8727 -0.0311189 0.999396 0.015475 -0.828328 -0.998197 -0.0318693 0.0508695 121.296
0.051332 -0.0138641 0.998585 32.0425 -0.0311189 0.999396 0.015475 -0.842497 -0.998197 -0.0318693 0.0508695 121.305
0.0521846 -0.00906911 0.998596 33.4473 -0.0138612 0.999856 0.00980491 -0.834762 -0.998541 -0.0143534 0.0520513 121.366
0.0521846 -0.00906911 0.998596 34.8521 -0.0138612 0.999856 0.00980491 -0.827026 -0.998541 -0.0143534 0.0520513 121.428
0.0507296 -0.00555301 0.998697 36.2084 -0.00807881 0.99995 0.00597034 -0.828181 -0.99868 -0.00837115 0.0506822 121.516
0.0475177 -0.00259078 0.998867 37.7012 -0.00634109 0.999976 0.00289531 -0.839345 -0.99885 -0.00647149 0.0475001 121.59
0.0440928 -0.000438774 0.999027 38.9963 -0.00441704 0.99999 0.000634146 -0.850426 -0.999018 -0.0044407 0.0440904 121.649
0.0390032 0.00113242 0.999238 40.1521 -0.00294886 0.999995 -0.00101817 -0.863118 -0.999235 -0.0029069 0.0390064 121.698
0.0350906 0.0024461 0.999381 41.4498 -0.00159132 0.999996 -0.00239173 -0.891836 -0.999383 -0.00150641 0.0350944 121.717
0.0270803 0.00405854 0.999625 42.8044 0.00249034 0.999988 -0.00412748 -0.915412 -0.99963 0.00260118 0.0270699 121.772
0.00861792 0.00490283 0.999951 44.2665 0.00491082 0.999976 -0.00494527 -0.949291 -0.999951 0.0049532 0.00859363 121.791
0.00861792 0.00490283 0.999951 45.7286 0.00491082 0.999976 -0.00494527 -0.983169 -0.999951 0.0049532 0.00859363 121.809
-0.0017968 0.00426364 0.999989 47.1508 0.00365374 0.999984 -0.00425705 -1.01078 -0.999992 0.00364605 -0.00181235 121.81
-0.0128292 0.00654594 0.999896 48.5443 0.00322491 0.999974 -0.00650507 -1.03896 -0.999913 0.00314112 -0.01285 121.801
-0.0235863 0.00519782 0.999708 50.0977 0.0053924 0.999973 -0.00507197 -1.08545 -0.999707 0.0052712 -0.0236137 121.749
-0.0348492 0.0053626 0.999378 51.7403 0.0054531 0.999972 -0.00517563 -1.11701 -0.999378 0.00526935 -0.0348775 121.71
-0.0460314 0.00623859 0.998921 53.4999 0.00603163 0.999964 -0.00596716 -1.15572 -0.998922 0.00575044 -0.0460674 121.639
-0.0563334 0.00589756 0.998395 55.3735 0.00720637 0.999959 -0.00550019 -1.20866 -0.998386 0.00688496 -0.0563736 121.529
-0.0666392 0.00494854 0.997765 57.2464 0.00668986 0.999967 -0.00451265 -1.24202 -0.997755 0.00637419 -0.0666701 121.396
-0.0767722 0.00531014 0.997035 58.7092 0.00574888 0.999972 -0.00488312 -1.26236 -0.997032 0.00535694 -0.0768005 121.3
-0.0866022 0.00593738 0.996225 60.0665 0.00596556 0.999967 -0.00544109 -1.28945 -0.996225 0.00547184 -0.0866348 121.172
-0.0965639 0.00594435 0.995309 61.501 0.00641471 0.999965 -0.00534981 -1.31308 -0.995306 0.00586802 -0.0965986 121.054
-0.1048 0.00533236 0.994479 62.7135 0.00522007 0.999975 -0.00481172 -1.34394 -0.99448 0.00468698 -0.104826 120.907
-0.117367 0.000292004 0.993089 63.9665 0.00175731 0.999998 -8.63506e-005 -1.36478 -0.993087 0.00173503 -0.117367 120.76
-0.117367 0.000292004 0.993089 65.2194 0.00175731 0.999998 -8.63506e-005 -1.38562 -0.993087 0.00173503 -0.117367 120.614
-0.121367 -0.00241722 0.992605 66.2191 -0.00225533 0.999995 0.00215945 -1.4016 -0.992605 -0.00197657 -0.121372 120.491
-0.123742 -0.00490517 0.992302 67.197 -0.00446182 0.99998 0.00438673 -1.42764 -0.992304 -0.00388465 -0.123761 120.35
-0.125726 -0.00549486 0.99205 68.169 -0.006112 0.99997 0.00476414 -1.44367 -0.992046 -0.00546443 -0.125756 120.236
-0.0986614 -0.00615271 0.995102 70.0885 -0.000483856 0.999981 0.0061349 -1.46328 -0.995121 0.000123792 -0.0986625 120.016
-0.0986614 -0.00615271 0.995102 72.008 -0.000483856 0.999981 0.0061349 -1.48288 -0.995121 0.000123792 -0.0986625 119.795
-0.0986614 -0.00615271 0.995102 73.9275 -0.000483856 0.999981 0.0061349 -1.50249 -0.995121 0.000123792 -0.0986625 119.575
-0.0986614 -0.00615271 0.995102 75.847 -0.000483856 0.999981 0.0061349 -1.52209 -0.995121 0.000123792 -0.0986625 119.355
-0.0986614 -0.00615271 0.995102 77.7665 -0.000483856 0.999981 0.0061349 -1.5417 -0.995121 0.000123792 -0.0986625 119.134
-0.0986614 -0.00615271 0.995102 79.686 -0.000483856 0.999981 0.0061349 -1.5613 -0.995121 0.000123792 -0.0986625 118.914
-0.0851583 -0.006001 0.996349 80.564 -0.00627569 0.999965 0.0054864 -1.57473 -0.996348 -0.00578556 -0.085193 118.861
-0.0680374 -0.00478815 0.997671 81.3674 -0.00456036 0.99998 0.00448823 -1.59091 -0.997672 -0.00424437 -0.0680579 118.831
-0.0472286 -0.00331382 0.998879 82.1334 -0.00231409 0.999992 0.0032081 -1.60964 -0.998881 -0.00215998 -0.0472359 118.831
-0.0228848 -0.00190214 0.999736 82.9063 -0.000360574 0.999998 0.00189438 -1.62142 -0.999738 -0.000317126 -0.0228854 118.844
0.00495777 -0.000649457 0.999987 83.5952 0.000127222 1 0.000648834 -1.6218 -0.999988 0.000124004 0.00495785 118.88
0.0388112 0.000643367 0.999246 84.2363 -0.001174 0.999999 -0.000598253 -1.62564 -0.999246 -0.00114989 0.0388119 118.919
0.0761669 0.00144655 0.997094 84.8792 -0.00192832 0.999997 -0.00130346 -1.63359 -0.997093 -0.00182344 0.0761694 119.005
0.118899 0.00190799 0.992904 85.5068 -0.00253106 0.999995 -0.00161852 -1.63932 -0.992903 -0.00232066 0.118904 119.103
0.16382 0.000563002 0.98649 86.1134 -0.00323981 0.999995 -3.26965e-005 -1.65631 -0.986485 -0.00319068 0.163821 119.233
0.211429 0.00202293 0.977391 86.6975 -0.0049214 0.999987 -0.00100511 -1.6765 -0.977381 -0.00459762 0.211436 119.4
0.262492 0.00250428 0.964931 87.2777 -0.0018765 0.999996 -0.00208482 -1.69001 -0.964932 -0.00126344 0.262495 119.601
0.316149 0.00262344 0.948706 87.8252 0.00154832 0.999993 -0.00328123 -1.69502 -0.948708 0.00250626 0.316143 119.845
0.373834 -0.00148762 0.927495 88.4142 0.00483602 0.999988 -0.000345303 -1.71446 -0.927483 0.00461447 0.373836 120.132
0.43271 -0.0016439 0.901531 89.0396 0.00519286 0.999986 -0.000669009 -1.72841 -0.901518 0.00497102 0.432713 120.509
0.492544 -0.00300383 0.870282 89.5965 0.00632601 0.99998 -0.000128771 -1.74471 -0.870264 0.00556884 0.492553 120.88
0.552056 0.000776198 0.833807 90.0906 0.00274437 0.999992 -0.00274792 -1.74731 -0.833803 0.00380528 0.552049 121.255
0.610555 0.000450114 0.791974 90.5578 0.00401292 0.999985 -0.003662 -1.74607 -0.791964 0.00541398 0.610544 121.634
0.760636 -0.00243349 0.649174 90.9466 0.00155684 0.999997 0.00192443 -1.75144 -0.649177 -0.000453126 0.760638 122.08
0.760636 -0.00243349 0.649174 91.3353 0.00155684 0.999997 0.00192443 -1.75681 -0.649177 -0.000453126 0.760638 122.526
0.760636 -0.00243349 0.649174 91.7241 0.00155684 0.999997 0.00192443 -1.76217 -0.649177 -0.000453126 0.760638 122.973
0.839603 -0.000576086 0.543201 92.0062 -0.00756385 0.99989 0.0127516 -1.76588 -0.543148 -0.0148149 0.839506 123.472
0.839603 -0.000576086 0.543201 92.2884 -0.00756385 0.99989 0.0127516 -1.76959 -0.543148 -0.0148149 0.839506 123.971
0.871142 -0.00171628 0.491028 92.5595 -0.00802361 0.999811 0.0177294 -1.76144 -0.490966 -0.0193847 0.870963 124.605
0.8976 -0.000418171 0.44081 92.846 -0.00969896 0.999739 0.0206979 -1.7615 -0.440704 -0.0228538 0.897362 125.314
0.918609 -0.0011321 0.395165 93.1205 -0.00825743 0.999723 0.0220595 -1.7516 -0.395081 -0.0235271 0.918345 126.094
0.934421 0.00415921 0.356147 93.3383 -0.0124203 0.999704 0.0209122 -1.75086 -0.355955 -0.0239642 0.934196 126.908
0.946999 -9.54352e-005 0.321237 93.5712 -0.00606786 0.999816 0.0181849 -1.73641 -0.321179 -0.0191703 0.946824 127.799
0.956826 -0.000491334 0.290661 93.7989 -0.00464168 0.999845 0.0169701 -1.72428 -0.290624 -0.0175866 0.956676 128.705
0.963251 -0.00876516 0.268461 94.053 0.00399172 0.999824 0.0183214 -1.71809 -0.268574 -0.0165765 0.963116 129.607
0.97062 -0.000472582 0.240615 94.3091 -0.00382458 0.999841 0.0173918 -1.70576 -0.240585 -0.0178011 0.970465 130.728
0.97062 -0.000472582 0.240615 94.5652 -0.00382458 0.999841 0.0173918 -1.69343 -0.240585 -0.0178011 0.970465 131.849
0.972848 0.00420013 0.231407 94.7715 -0.008143 0.999837 0.0160862 -1.67002 -0.231301 -0.0175338 0.972724 132.946
0.974122 0.00910382 0.225838 94.9604 -0.0121155 0.999855 0.0119533 -1.64671 -0.225696 -0.0143801 0.974092 134.031
0.974287 0.00697174 0.225203 95.1205 -0.00863379 0.999942 0.00639623 -1.65093 -0.225145 -0.00817612 0.974291 135.101
0.973631 -0.00236207 0.228116 95.4358 0.00230506 0.999997 0.000516331 -1.65579 -0.228116 2.31037e-005 0.973634 136.556
0.973631 -0.00236207 0.228116 95.7511 0.00230506 0.999997 0.000516331 -1.66065 -0.228116 2.31037e-005 0.973634 138.01
0.972623 -0.00247542 0.232377 96.0887 0.00377084 0.99998 -0.00513058 -1.66162 -0.232359 0.00586637 0.972612 139.414
0.971711 0.000848497 0.23617 96.3465 0.00163889 0.999945 -0.0103357 -1.65129 -0.236165 0.0104304 0.971657 140.421
0.969179 0.0100556 0.246154 96.5493 -0.00844422 0.999935 -0.00760095 -1.66652 -0.246214 0.00528811 0.969201 141.347
0.969179 0.0100556 0.246154 96.752 -0.00844422 0.999935 -0.00760095 -1.68175 -0.246214 0.00528811 0.969201 142.274
0.96819 -0.00203569 0.250209 97.0293 0.00262837 0.999994 -0.00203462 -1.69577 -0.250204 0.00262754 0.96819 143.279
0.967372 -0.00449083 0.253319 97.2566 0.00350818 0.999984 0.00433068 -1.69974 -0.253334 -0.00330069 0.967373 144.139
0.966668 -0.00222959 0.256024 97.5442 -0.000120258 0.999958 0.00916221 -1.7018 -0.256033 -0.0088876 0.966627 145.152
0.966693 -0.00630809 0.255863 97.8837 0.00347669 0.999928 0.0115169 -1.71035 -0.255917 -0.0102438 0.966645 146.183
0.966601 -0.00752071 0.256176 98.2955 0.00693414 0.999971 0.00319287 -1.71373 -0.256193 -0.00130987 0.966625 147.724
0.966601 -0.00752071 0.256176 98.7073 0.00693414 0.999971 0.00319287 -1.7171 -0.256193 -0.00130987 0.966625 149.266
0.966519 0.00434914 0.256558 98.9678 -0.00317396 0.999982 -0.00499445 -1.70525 -0.256575 0.00401293 0.966516 150.46
0.966975 0.00346735 0.254847 99.1792 -0.000935366 0.999949 -0.0100558 -1.69572 -0.254869 0.00948537 0.966929 151.44
0.967604 0.000483273 0.252471 99.4761 0.00111294 0.99998 -0.0061795 -1.69233 -0.252469 0.0062603 0.967585 152.616
0.968038 -0.00161431 0.250798 99.8048 0.00119779 0.999998 0.00181343 -1.70521 -0.2508 -0.00145507 0.968038 153.869
0.968309 0.00380125 0.249725 100.121 -0.00549988 0.999966 0.00610459 -1.71737 -0.249694 -0.00728459 0.968298 155.317
0.968743 0.00228892 0.248054 100.481 -0.00354219 0.999983 0.0046062 -1.72827 -0.24804 -0.00534088 0.968735 156.811
0.969213 0.00407287 0.24619 100.785 -0.00388157 0.999992 -0.0012623 -1.73237 -0.246193 0.000267832 0.969221 158.123
0.970026 0.000707821 0.243 101.05 0.000939067 0.999977 -0.00666143 -1.74036 -0.242999 0.00668996 0.970004 159.279
0.971033 -0.00079091 0.238944 101.335 0.00320509 0.999948 -0.00971513 -1.74241 -0.238924 0.0101995 0.970985 160.432
0.972244 -0.00231165 0.233958 101.631 0.00415196 0.999964 -0.00737375 -1.75998 -0.233932 0.00814047 0.972219 161.557
0.973326 -0.00330968 0.229403 101.916 0.00449124 0.999979 -0.0046287 -1.77224 -0.229383 0.00553554 0.973321 162.666
0.973796 -7.32589e-006 0.227423 102.161 0.000474399 0.999998 -0.00199911 -1.78308 -0.227422 0.00205461 0.973794 163.711
0.973907 -0.00175935 0.226939 102.374 0.00167184 0.999998 0.000577846 -1.79433 -0.22694 -0.000183364 0.973909 164.657
0.974031 -0.00509645 0.226356 102.598 0.00459648 0.999986 0.00273579 -1.7992 -0.226367 -0.0016243 0.974041 165.593
0.97405 3.29959e-005 0.226334 102.793 -0.000903692 0.999993 0.00374334 -1.79464 -0.226332 -0.00385073 0.974043 166.524
0.974027 0.00457299 0.226386 103.006 -0.00490435 0.999988 0.000901278 -1.80671 -0.226379 -0.00198814 0.974037 167.457
0.973053 0.0216029 0.229569 103.163 -0.0201068 0.999759 -0.00885449 -1.80539 -0.229705 0.004 0.973252 168.592
