0.999993 -0.00137303 -0.00338692 -0.00631493 0.00136543 0.999997 -0.0022434 -0.0012479 0.00338999 0.00223876 0.999992 0.698142
0.999969 0.00150517 -0.00770404 -0.0155283 -0.00153926 0.999989 -0.00442198 0.00541658 0.0076973 0.0044337 0.999961 1.40685
0.999936 0.000624726 -0.0112949 -0.0351166 -0.000691542 0.999982 -0.00591268 0.000723345 0.011291 0.00592011 0.999919 2.13015
0.999867 0.00236063 -0.016125 -0.054206 -0.00247005 0.999974 -0.00676944 -0.00344385 0.0161086 0.00680837 0.999847 2.86377
0.999808 -0.000416222 -0.0196124 -0.0823223 0.000279437 0.999976 -0.00697666 -0.0141452 0.0196148 0.00696984 0.999783 3.60492
0.999693 0.00244994 -0.0246709 -0.10532 -0.00264368 0.999966 -0.00782345 -0.0271493 0.0246509 0.00788626 0.999665 4.36124
