0.999993 -0.00137303 -0.00338692 -0.00631493 0.00136543 0.999997 -0.0022434 -0.0012479 0.00338999 0.00223876 0.999992 0.698142
0.999969 0.00150517 -0.00770404 -0.00921341 -0.00153926 0.999989 -0.00442198 0.00666449 0.0076973 0.0044337 0.999961 0.708706
0.999936 0.000624726 -0.0112949 -0.0195883 -0.000691542 0.999982 -0.00591268 -0.00469324 0.011291 0.00592011 0.999919 0.723306
0.999867 0.00236063 -0.016125 -0.0190894 -0.00247005 0.999974 -0.00676944 -0.0041672 0.0161086 0.00680837 0.999847 0.733618
0.999808 -0.000416222 -0.0196124 -0.0281163 0.000279437 0.999976 -0.00697666 -0.0107013 0.0196148 0.00696984 0.999783 0.741147
0.999693 0.00244994 -0.0246709 -0.0229975 -0.00264368 0.999966 -0.00782345 -0.0130041 0.0246509 0.00788626 0.999665 0.756322
0.999528 0.00287523 -0.0305983 -0.0214919 -0.00313042 0.999961 -0.00829515 -0.00997412 0.0305733 0.00838702 0.999497 0.775463
0.999397 0.00122735 -0.0347034 -0.0385957 -0.00146442 0.999976 -0.00680663 -0.00774878 0.0346942 0.00685335 0.999374 0.788142
0.999229 7.98741e-006 -0.0392667 -0.03598 -0.000156492 0.999993 -0.00377887 -0.0127246 0.0392664 0.0037821 0.999222 0.804787
0.999093 -0.000295307 -0.0425808 -0.0434673 0.000261559 1 -0.000798143 -0.0163668 0.042581 0.000786282 0.999093 0.843147
0.999015 0.00285147 -0.0442917 -0.0584744 -0.00292273 0.999995 -0.00154429 -0.0072051 0.044287 0.00167222 0.999017 0.860767
0.998911 -0.00111289 -0.0466506 -0.0419964 0.00104321 0.999998 -0.00151805 -0.00991549 0.0466522 0.00146773 0.99891 0.863435
0.998845 -0.00272364 -0.0479676 -0.050402 0.0025985 0.999993 -0.00267095 -0.000909666 0.0479745 0.00254322 0.998845 0.878293
0.998746 -0.000514072 -0.0500537 -0.0429171 0.000426594 0.999998 -0.00175836 -0.0106584 0.0500545 0.0017348 0.998745 0.868743
0.99866 -0.000601588 -0.0517493 -0.0467298 0.00050262 0.999998 -0.00192544 -0.0129208 0.0517504 0.00189685 0.998658 0.895642
0.998528 0.00136006 -0.0542131 -0.0451501 -0.00158383 0.99999 -0.00408491 -0.0114653 0.054207 0.00416476 0.998521 0.900182
0.998558 0.00120458 -0.053671 -0.0744572 -0.00160569 0.999971 -0.00743114 -0.000135898 0.0536605 0.0075066 0.998531 0.900464
0.998495 0.00565494 -0.0545579 -0.0703546 -0.00613595 0.999944 -0.00865313 -0.0131527 0.0545059 0.00897487 0.998473 0.901307
0.998408 -1.60138e-005 -0.0564013 -0.046002 -0.00046205 0.999964 -0.00846305 -0.0112915 0.0563995 0.00847564 0.998372 0.925756
0.998404 -0.000371489 -0.0564662 -0.0745855 -4.03783e-005 0.999973 -0.00729272 -0.0129172 0.0564674 0.00728337 0.998378 0.949404
0.998323 -0.000345832 -0.057886 -0.0566676 5.95225e-006 0.999983 -0.00587161 -0.0149477 0.057887 0.00586142 0.998306 0.932336
0.998306 0.000385163 -0.0581774 -0.0669855 -0.00074912 0.99998 -0.00623429 -0.00769347 0.0581738 0.00626731 0.998287 0.915941
0.998233 0.000591404 -0.0594244 -0.0659705 -0.00103468 0.999972 -0.00742902 -0.00644092 0.0594183 0.00747737 0.998205 0.922767
0.998159 -0.00118151 -0.0606481 -0.052368 0.000673718 0.999965 -0.00839253 -0.0119829 0.0606558 0.00833622 0.998124 0.89054
0.998121 -0.000583938 -0.0612757 -0.0567121 0.000158693 0.999976 -0.0069445 -0.0103681 0.0612783 0.00692172 0.998097 0.908747
0.998165 0.00173465 -0.0605289 -0.0693212 -0.00195847 0.999991 -0.00363865 -0.0115318 0.060522 0.00375052 0.99816 0.917138
0.998207 0.000901285 -0.0598527 -0.0599976 -0.000913871 1 -0.000182913 -0.0100442 0.0598525 0.000237283 0.998207 0.947549
0.99831 -0.00166447 -0.0580971 -0.0590683 0.00179763 0.999996 0.0022398 -0.00596714 0.0580931 -0.00234045 0.998308 0.982474
0.998266 -0.00187958 -0.0588308 -0.0373493 0.00207922 0.999992 0.00333241 -0.0103262 0.058824 -0.00344896 0.998262 1.01607
0.998399 -0.0029749 -0.0564921 -0.0602982 0.00299841 0.999995 0.000331429 0.000724569 0.0564908 -0.000500285 0.998403 1.00957
0.99841 0.000804976 -0.0563561 -0.056112 -0.00105023 0.99999 -0.0043224 -0.00995709 0.0563521 0.00437471 0.998401 1.02996
0.998487 0.00095547 -0.0549754 -0.0630713 -0.00136896 0.999971 -0.00748412 -0.0116549 0.0549666 0.00754805 0.99846 0.977792
0.998481 -0.00383391 -0.0549617 -0.0384042 0.0034854 0.999973 -0.00643543 -0.0147869 0.0549849 0.00623409 0.998468 0.933295
0.998499 -0.00224772 -0.0547305 -0.0558691 0.00216246 0.999996 -0.00161694 -0.0120156 0.054734 0.00149616 0.9985 0.96622
0.99848 -0.00402678 -0.0549731 -0.0539004 0.00412909 0.99999 0.00174757 -0.0188427 0.0549655 -0.0019719 0.998486 0.971755
0.998453 -0.0059648 -0.0552801 -0.0539616 0.00602064 0.999982 0.000843682 -0.0133872 0.055274 -0.0011752 0.998471 0.983665
0.998407 -0.00267576 -0.0563573 -0.0542365 0.00247517 0.99999 -0.00362884 -0.00499629 0.0563664 0.00348357 0.998404 0.986211
0.998365 -0.000258722 -0.0571667 -0.0676557 -0.000178767 0.999971 -0.00764763 -0.0121524 0.057167 0.00764534 0.998335 0.949196
0.998284 0.00189466 -0.058527 -0.0595043 -0.00241481 0.999958 -0.00881803 -0.0147627 0.0585079 0.00894423 0.998247 0.902062
0.998187 -0.00127685 -0.0601722 -0.04441 0.000845414 0.999974 -0.0071949 -0.0229703 0.0601798 0.00713099 0.998162 0.949775
0.998177 0.00416815 -0.0602121 -0.0761508 -0.00440997 0.999983 -0.00388387 -0.0241727 0.0601948 0.00414232 0.998178 0.956703
0.997994 -0.00103448 -0.0632941 -0.0411854 0.000885771 0.999997 -0.00237745 -0.0194914 0.0632963 0.00231662 0.997992 0.986361
0.998019 0.00186651 -0.0628798 -0.0849097 -0.0018337 0.999998 0.000579511 -0.0135151 0.0628808 -0.000463061 0.998021 1.00548
0.998081 0.00143604 -0.061898 -0.0582005 -0.001211 0.999993 0.00367299 -0.022677 0.0619028 -0.00359098 0.998076 0.969989
0.998096 0.00721287 -0.0612591 -0.0921453 -0.00684658 0.999957 0.0061872 -0.00406884 0.0613011 -0.00575601 0.998103 1.05817
0.998085 -0.0014859 -0.0618342 -0.0601839 0.00184837 0.999981 0.00580504 -0.0142969 0.0618245 -0.00590822 0.99807 1.06816
0.99811 0.00028643 -0.0614577 -0.0724712 -4.32447e-005 0.999992 0.00395824 3.55988e-005 0.0614583 -0.0039481 0.998102 1.08851
0.998047 0.0054178 -0.0622383 -0.0739048 -0.00532602 0.999984 0.00164044 -0.0178588 0.0622462 -0.00130575 0.99806 1.06166
0.998022 0.000503669 -0.0628698 -0.0736994 -0.000383435 0.999998 0.00192447 -0.0189675 0.0628706 -0.00189656 0.99802 1.04779
0.997865 -0.00144723 -0.0652947 -0.0189526 0.00169019 0.999992 0.00366583 -0.00181183 0.0652888 -0.00376836 0.997859 0.287007
0.997865 -0.00144723 -0.0652947 -0.0379052 0.00169019 0.999992 0.00366583 -0.00362366 0.0652888 -0.00376836 0.997859 0.574014
0.997874 0.00261634 -0.0651272 -0.0333162 -0.0026017 0.999997 0.000309541 -0.00472414 0.0651278 -0.000139442 0.997877 0.386174
0.997923 0.00274467 -0.0643629 -0.0472825 -0.00300079 0.999988 -0.00388293 -0.00478795 0.0643515 0.004068 0.997919 0.485316
0.997923 0.000888792 -0.0644078 -0.0446478 -0.00121314 0.999987 -0.00499697 -0.00938018 0.0644025 0.00506473 0.997911 0.585864
0.997885 -0.00221389 -0.0649681 -0.0418896 0.00215532 0.999997 -0.000971477 -0.0168026 0.06497 0.000829395 0.997887 0.686155
0.997862 -0.00236825 -0.0653201 -0.0494446 0.00247752 0.999996 0.00159182 -0.00856298 0.065316 -0.00175025 0.997863 0.786038
0.997847 -0.00174054 -0.0655612 -0.0597821 0.00187376 0.999996 0.00197053 -0.0105804 0.0655575 -0.00208913 0.997847 0.885559
0.997788 -0.00395193 -0.0663596 -0.0589558 0.00401892 0.999992 0.000876089 -0.0203516 0.0663556 -0.00114085 0.997795 0.985666
0.997767 -0.000459464 -0.0667882 -0.0729069 0.00044484 1 -0.000233835 -0.0190615 0.0667883 0.000203603 0.997767 0.995197
0.997795 -0.000599808 -0.066363 -0.0876191 0.000631099 1 0.00045056 -0.00664194 0.0663627 -0.000491448 0.997795 0.970338
0.997635 -0.000772352 -0.0687234 -0.0641375 0.00109284 0.999989 0.00462591 -0.0158342 0.0687191 -0.00469008 0.997625 0.993483
0.997556 -0.00274034 -0.0698207 -0.0619498 0.00338848 0.999952 0.00916626 -0.00756057 0.0697922 -0.00938044 0.997517 1.01316
0.997461 0.00132459 -0.0712009 -0.0679073 -0.000524597 0.999937 0.0112532 -0.00248193 0.0712113 -0.0111872 0.997399 1.03105
0.997347 0.00410663 -0.0726777 -0.0884203 -0.00357067 0.999965 0.00750277 -0.00743487 0.072706 -0.00722336 0.997327 1.04868
0.997268 0.00188711 -0.0738455 -0.0806686 -0.00190855 0.999998 -0.000219752 -0.00885031 0.073845 0.00036009 0.99727 1.00729
0.997226 0.0025226 -0.0743839 -0.0807374 -0.00289874 0.999984 -0.00494921 -0.0107808 0.0743702 0.0051511 0.997217 0.950266
0.997009 0.00268311 -0.0772377 -0.0556372 -0.00298582 0.999988 -0.00380389 -0.0162102 0.0772266 0.00402313 0.997005 0.91787
0.996936 0.003057 -0.0781613 -0.0815497 -0.00316443 0.999994 -0.00125058 -0.0186826 0.078157 0.00149408 0.99694 0.922801
0.996767 0.00267277 -0.0803045 -0.0715893 -0.00260645 0.999996 0.000930633 -0.0249698 0.0803067 -0.000718315 0.99677 0.915397
0.996576 0.000549633 -0.0826846 -0.0666958 -0.000485077 1 0.000800835 -0.0133403 0.082685 -0.000757984 0.996575 0.903552
0.996514 0.00441697 -0.0833118 -0.099864 -0.00427993 0.999989 0.00182349 -0.0161868 0.083319 -0.00146056 0.996522 0.89921
0.996366 0.00711537 -0.0848815 -0.101251 -0.00684161 0.99997 0.00351557 -0.0333429 0.084904 -0.00292207 0.996385 0.897514
0.996279 0.0013276 -0.0861762 -0.0891346 -0.000994154 0.999992 0.00391216 -0.0116889 0.0861807 -0.00381193 0.996272 0.918457
0.996118 -0.0010406 -0.0880244 -0.0706102 0.00152141 0.999984 0.00539529 -0.0186541 0.0880174 -0.00550827 0.996104 0.891114
0.996037 0.00230166 -0.0889078 -0.0853826 -0.00158203 0.999965 0.00816376 -0.00736212 0.0889236 -0.00799075 0.996006 0.873057
0.995942 0.000535827 -0.0899964 -0.0815278 0.000556952 0.999926 0.0121169 -0.00433137 0.0899963 -0.0121179 0.995868 0.877571
0.995867 0.00605619 -0.0906162 -0.109049 -0.00479825 0.999889 0.0140935 -0.00552515 0.0906915 -0.0136005 0.995786 0.946354
0.995901 0.00455442 -0.0903322 -0.128819 -0.00365814 0.999942 0.0100852 -0.00637438 0.0903729 -0.00971338 0.995861 0.964069
0.995733 0.000575997 -0.0922753 -0.0849168 -0.000299707 0.999995 0.00300802 -0.0161499 0.0922766 -0.00296753 0.995729 0.951522
0.995632 -0.00124433 -0.0933532 -0.0828252 0.000966788 0.999995 -0.00301814 -0.0112004 0.0933565 0.00291471 0.995628 0.851348
0.995599 0.00552149 -0.0935569 -0.103528 -0.00592143 0.999974 -0.00399772 -0.00362321 0.0935325 0.00453411 0.995606 0.829052
0.995516 0.00325304 -0.0945356 -0.0918685 -0.00328771 0.999995 -0.000210974 -0.0134236 0.0945344 0.000520833 0.995521 0.838354
0.995349 -0.000983638 -0.0963334 -0.0734958 0.00116119 0.999998 0.00178702 -0.0148863 0.0963315 -0.00189057 0.995348 0.798074
0.995335 -0.00181155 -0.0964613 -0.0887264 0.001638 0.999997 -0.00187837 -0.0136821 0.0964644 0.0017116 0.995335 0.764217
0.995302 -0.00863582 -0.0964313 -0.0530242 0.00792981 0.999939 -0.00770225 -0.0197856 0.0964919 0.00690138 0.99531 0.717252
0.995523 -0.00357376 -0.094452 -0.0768917 0.00236073 0.999913 -0.0129515 -0.0113296 0.0944901 0.0126705 0.995445 0.674438
0.995771 0.000459236 -0.0918711 -0.0489982 -0.00170905 0.999907 -0.0135258 -0.005617 0.0918563 0.0136256 0.995679 0.633089
0.996128 0.00296351 -0.0878592 -0.065246 -0.00389614 0.999938 -0.0104455 -0.0106671 0.0878228 0.0107474 0.996078 0.6735
0.996536 -0.00156671 -0.0831463 -0.0574714 0.000970778 0.999974 -0.00720716 -0.0198482 0.0831554 0.00710148 0.996511 0.675248
0.997024 -0.00298928 -0.0770357 -0.04512 0.00275277 0.999991 -0.00317615 -0.0141334 0.0770446 0.00295464 0.997023 0.631089
0.997628 -0.00344924 -0.0687529 -0.0406145 0.003465 0.999994 0.000110004 -0.0181431 0.0687521 -0.000347972 0.997634 0.66369
0.998311 0.00255135 -0.0580458 -0.0339573 -0.00254777 0.999997 0.000135672 -0.00861819 0.0580459 1.24445e-005 0.998314 0.622822
0.999062 0.00581603 -0.0429067 -0.0318472 -0.00582624 0.999983 -0.000113024 -0.00803751 0.0429053 0.000362902 0.999079 0.591629
0.999662 0.00440661 -0.0256065 -0.00172466 -0.00438672 0.99999 0.000832923 -0.0112101 0.02561 -0.000720313 0.999672 0.583065
0.999988 -0.00223922 -0.00443051 0.0290124 0.0022464 0.999996 0.00161641 -0.00728005 0.00442687 -0.00162635 0.999989 0.577238
0.999744 -0.00117211 0.022613 0.014132 0.00110594 0.999995 0.00293858 -0.00728335 -0.0226164 -0.00291282 0.99974 0.477748
0.998644 -0.000599572 0.0520574 0.0484485 0.000347084 0.999988 0.00485908 -0.00735287 -0.0520597 -0.00483442 0.998632 0.526728
0.996322 0.000710346 0.0856838 0.057328 -0.00127517 0.999978 0.00653742 -0.00766512 -0.0856773 -0.00662263 0.996301 0.523448
0.992357 -0.000384359 0.123401 0.0860911 -0.000537209 0.999972 0.0074347 -0.00618416 -0.123401 -0.00744417 0.992329 0.518489
0.986291 -0.000534137 0.165015 0.110485 -0.000764383 0.999969 0.00780549 -0.00693685 -0.165014 -0.00782462 0.98626 0.498401
0.977952 -0.00187 0.208819 0.151606 0.000125965 0.999965 0.00836488 -0.00649531 -0.208828 -0.00815416 0.977918 0.482962
0.966705 -0.00117845 0.255889 0.179543 -0.000531341 0.999978 0.00661254 -0.00920888 -0.255891 -0.00652835 0.966684 0.451016
0.950663 0.000901075 0.310224 0.16305 -0.00228316 0.999989 0.00409205 -0.00654189 -0.310217 -0.00459845 0.950655 0.438594
0.930865 -0.000605511 0.365363 0.20634 -0.000313962 0.999997 0.00245719 -0.000564878 -0.365363 -0.00240202 0.930862 0.409022
0.906842 -0.000910008 0.42147 0.233124 0.000428114 0.999999 0.00123799 0.00050741 -0.42147 -0.000942226 0.906842 0.379338
0.878121 -0.0010296 0.478437 0.250424 0.00091609 0.999999 0.000470612 -0.00427728 -0.478437 2.50371e-005 0.878122 0.350541
0.845154 -0.00325631 0.534512 0.279126 0.00353032 0.999994 0.000510052 -0.00144811 -0.534511 0.00145593 0.84516 0.332179
0.80946 -0.0020598 0.587172 0.300476 0.0014068 0.999998 0.00156862 -0.0155026 -0.587173 -0.000443702 0.809461 0.292734
0.770774 -0.00222517 0.637105 0.310099 -0.000192962 0.999993 0.00372605 -0.00990313 -0.637108 -0.00299488 0.770768 0.272034
0.728609 -0.00075187 0.68493 0.329693 -0.00321954 0.999985 0.00452258 0.00471248 -0.684922 -0.00550035 0.728595 0.2778
0.684349 -0.00274458 0.729149 0.339126 -0.00200959 0.999982 0.00565013 -0.00636142 -0.729152 -0.00533195 0.684331 0.235658
0.638721 -0.00615707 0.769414 0.363018 0.000855249 0.999973 0.0072921 0.000807211 -0.769438 -0.00399958 0.638709 0.216727
0.592658 -0.0103688 0.805387 0.378876 0.00188897 0.999932 0.0114833 0.00448424 -0.805452 -0.00528435 0.592638 0.200155
0.546482 -0.00480186 0.837457 0.471209 -0.0057333 0.999939 0.00947476 -0.00100582 -0.837451 -0.00997918 0.546421 0.239361
0.499246 -0.00149771 0.866459 0.566547 -0.00604797 0.999968 0.00521328 0.00774531 -0.866439 -0.00784303 0.499221 0.272032
0.454048 -0.00180382 0.890975 0.492009 -0.0021531 0.999993 0.00312176 -0.00671734 -0.890974 -0.00333579 0.454041 0.192913
0.412461 -0.00960519 0.910925 0.41083 0.00186557 0.999951 0.00969921 -0.000991856 -0.910973 -0.00230115 0.412459 0.121847
0.373441 -0.0220546 0.927392 0.425901 -0.00171082 0.999699 0.024463 0.00929269 -0.927652 -0.0107221 0.373291 0.102139
0.339197 -0.0221133 0.940455 0.523436 -0.01741 0.999405 0.0297787 0.00497309 -0.940554 -0.0264742 0.338611 0.124564
0.306922 -0.0199578 0.951525 0.587737 -0.0182825 0.999472 0.0268606 0.00674817 -0.951559 -0.0256404 0.306395 0.147558
0.275509 -0.0082683 0.961263 0.576331 -0.0189713 0.999721 0.0140365 -0.00939622 -0.961111 -0.0221036 0.275276 0.172231
0.247313 -0.00587086 0.968918 0.579286 -0.00872691 0.999928 0.00828627 -0.00872644 -0.968896 -0.010505 0.247244 0.1364
0.221731 -0.00681688 0.975084 0.58726 -0.00431384 0.999959 0.00797173 -0.00640547 -0.975098 -0.00597393 0.221692 0.103949
0.198451 -0.0134344 0.980019 0.558473 -0.00219039 0.999897 0.0141505 -0.001497 -0.980108 -0.0049548 0.198401 0.0719535
0.178698 -0.0183315 0.983733 0.659519 -0.00295976 0.999812 0.0191687 0.0162733 -0.9839 -0.00633703 0.17861 0.066784
0.15932 -0.0182053 0.987059 0.755886 -0.00865575 0.999766 0.0198368 0.0330857 -0.987189 -0.0117041 0.159125 0.099247
0.142141 -0.0146041 0.989739 0.658413 -0.0168487 0.999711 0.017171 0.0149622 -0.989703 -0.0191165 0.141853 0.0771897
0.126705 -0.0128385 0.991857 0.559076 -0.0198102 0.999684 0.0154704 -0.00097048 -0.991743 -0.021609 0.126411 0.0671186
0.112194 -0.0143943 0.993582 0.491231 -0.0166333 0.999728 0.0163615 0.00158837 -0.993547 -0.0183622 0.111924 0.0470923
0.0992662 -0.0172068 0.994912 0.500918 -0.0165883 0.999683 0.0189444 0.00260858 -0.994923 -0.0183844 0.0989493 0.0319231
0.0880237 -0.021527 0.995886 0.545748 -0.0173867 0.999581 0.0231437 0.00668933 -0.995967 -0.0193524 0.0876126 0.0325279
0.0778885 -0.0244366 0.996663 0.549568 -0.0199969 0.99946 0.0260679 0.0110177 -0.996762 -0.0219605 0.0773578 0.0360131
0.0697917 -0.0264085 0.997212 0.554793 -0.0233979 0.999331 0.0281022 0.0100006 -0.997287 -0.025294 0.0691271 0.0351441
0.063776 -0.0285483 0.997556 0.558254 -0.025514 0.999217 0.030227 0.01412 -0.997638 -0.0273794 0.0629977 0.0344591
0.0581243 -0.0295614 0.997872 0.58085 -0.0271557 0.999145 0.0311809 0.0135023 -0.99794 -0.0289102 0.0572718 0.0324066
0.0510833 -0.0289272 0.998275 0.597147 -0.0289923 0.999116 0.0304352 0.0167235 -0.998273 -0.030497 0.0501995 0.0410708
0.046394 -0.0308875 0.998446 0.631975 -0.0292328 0.999052 0.0322646 0.0121185 -0.998495 -0.0306843 0.0454471 0.0299065
0.0423141 -0.0326207 0.998572 0.651828 -0.0307712 0.99895 0.033937 0.0196239 -0.99863 -0.0321632 0.0412659 0.0335095
0.0393046 -0.0339919 0.998649 0.668854 -0.0330535 0.99883 0.035299 0.0183078 -0.99868 -0.0343963 0.0381351 0.0228734
0.0376503 -0.0365387 0.998623 0.678518 -0.0340862 0.998703 0.0378268 0.0227234 -0.998709 -0.0354635 0.036356 0.0164183
0.0367606 -0.0401121 0.998519 0.686147 -0.0366336 0.998468 0.0414588 0.0203542 -0.998652 -0.0381034 0.0352349 0.025916
0.0378475 -0.0410446 0.99844 0.708447 -0.0406208 0.998267 0.0425772 0.0210609 -0.998458 -0.0421689 0.0361147 0.0270238
0.0405593 -0.0421413 0.998288 0.729132 -0.0408519 0.998205 0.0437976 0.0288932 -0.998342 -0.0425583 0.0387649 0.0289806
0.0448067 -0.0457583 0.997947 0.751388 -0.0417007 0.997994 0.0476328 0.0311183 -0.998125 -0.0437493 0.0428087 0.0256069
0.0502132 -0.0397852 0.997946 0.73688 -0.0469784 0.998006 0.0421514 0.0253989 -0.997633 -0.0489985 0.0482441 0.0495164
0.0549125 -0.0444834 0.9975 0.77649 -0.0416994 0.998033 0.0468027 0.0250198 -0.99762 -0.0441652 0.0529496 0.0270654
0.0595287 -0.0447182 0.997224 0.7791 -0.0462705 0.997799 0.047506 0.0286078 -0.997154 -0.0489701 0.0573285 0.0448176
0.0633988 -0.0417802 0.997113 0.79928 -0.0472448 0.997877 0.0448161 0.033372 -0.996869 -0.0499497 0.0612904 0.0563579
0.0678113 -0.0401142 0.996891 0.845992 -0.0432317 0.998135 0.043105 0.0347817 -0.996761 -0.0460203 0.0659506 0.0613732
0.0725798 -0.0385381 0.996618 0.866145 -0.0398266 0.998344 0.0415053 0.0274805 -0.996567 -0.0427043 0.0709248 0.0620119
0.0788304 -0.0406446 0.996059 0.948347 -0.0347155 0.998451 0.0434896 0.0201325 -0.996283 -0.038007 0.0772973 0.0416872
0.0803656 -0.0336428 0.996198 1.04421 -0.0354684 0.998701 0.0365886 0.0436346 -0.996134 -0.038274 0.0790679 0.0955609
0.0789726 -0.0290082 0.996455 0.285784 -0.0315814 0.999002 0.0315853 0.00886467 -0.996376 -0.0339638 0.0779777 0.0288069
0.0789726 -0.0290082 0.996455 0.571568 -0.0315814 0.999002 0.0315853 0.0177293 -0.996376 -0.0339638 0.0779777 0.0576138
0.0776122 -0.0255957 0.996655 0.385027 -0.0313979 0.999112 0.0281039 0.00644407 -0.996489 -0.0334741 0.0767396 0.0420421
0.0832311 -0.030978 0.996049 0.486185 -0.0259783 0.99911 0.033244 0.0112845 -0.996192 -0.0286426 0.0823522 -0.0320241
0.0835634 -0.0283337 0.9961 0.584694 -0.0326631 0.998981 0.0311558 0.00171227 -0.995967 -0.0351391 0.0825528 0.0559632
0.0841813 -0.0277992 0.996063 0.685445 -0.0287481 0.999127 0.0303143 0.00844863 -0.996036 -0.0311868 0.0833086 0.0506936
0.0851591 -0.0269137 0.996004 0.784563 -0.0277312 0.999184 0.0293707 0.0125933 -0.995981 -0.0301216 0.0843432 0.0652083
0.0842004 -0.0240253 0.996159 0.883947 -0.0261386 0.999312 0.0263107 0.0117111 -0.996106 -0.0282536 0.0835145 0.0769751
0.0800539 -0.0179659 0.996629 0.944488 -0.0246145 0.999497 0.0199948 0.0212918 -0.996487 -0.0261322 0.0795714 0.108843
0.0758264 -0.0144386 0.997016 0.97204 -0.0199891 0.999672 0.0159973 0.00837102 -0.996921 -0.0211425 0.0755129 0.0922023
0.0695741 -0.0139166 0.99748 0.94647 -0.0170009 0.999741 0.015134 0.00851726 -0.997432 -0.018011 0.0693195 0.0910522
0.0613777 -0.00847787 0.998079 0.959116 -0.0161868 0.999824 0.00948811 0.00478356 -0.997983 -0.016738 0.0612297 0.0960069
0.0531485 -0.00640695 0.998566 1.03028 -0.00864099 0.999939 0.00687568 -0.00613613 -0.998549 -0.00899403 0.0530899 0.0968492
0.0438222 -0.00605421 0.999021 1.0142 -0.00503494 0.999968 0.00628081 -0.00250966 -0.999027 -0.00530524 0.0437903 0.054519
0.0347626 -0.00667991 0.999373 1.0148 -0.00536475 0.999962 0.00687045 -0.00616545 -0.999381 -0.00560022 0.0347255 0.0205751
0.0242413 -0.00622035 0.999687 1.05616 -0.00739433 0.999952 0.00640131 -0.00451595 -0.999679 -0.00754719 0.0241941 0.0302981
0.0133243 -0.00432378 0.999902 1.03295 -0.00680921 0.999967 0.0044148 -0.0035361 -0.999888 -0.00686737 0.0132944 0.0204472
-0.00883834 -0.00629351 0.999941 0.283276 -0.00461184 0.99997 0.00625293 -0.00259774 -0.99995 -0.0045563 -0.0088671 -0.0012167
-0.00883834 -0.00629351 0.999941 0.566551 -0.00461184 0.99997 0.00625293 -0.00519548 -0.99995 -0.0045563 -0.0088671 -0.00243339
-0.0200131 -0.00579268 0.999783 0.383194 -0.00565958 0.999968 0.00568046 -0.00288895 -0.999784 -0.00554467 -0.0200453 -0.00807432
-0.0309878 -0.00502074 0.999507 0.483218 -0.00451754 0.999978 0.00488305 -0.00235581 -0.99951 -0.004364 -0.0310098 -0.00800675
-0.0415309 -0.00504367 0.999124 0.582842 -0.00404383 0.99998 0.0048799 -0.00570082 -0.999129 -0.00383763 -0.0415504 -0.0221297
-0.0508763 -0.00538505 0.99869 0.682023 -0.0044423 0.999977 0.00516568 -0.00803835 -0.998695 -0.00417367 -0.0508991 -0.0408094
-0.0610833 -0.00583241 0.998116 0.782475 -0.00466408 0.999974 0.00555783 0.000983719 -0.998122 -0.0043158 -0.0611089 -0.0357137
-0.0703126 -0.00687581 0.997501 0.881039 -0.00560128 0.999963 0.00649796 -0.00702026 -0.997509 -0.0051304 -0.0703485 -0.0626341
-0.077954 -0.0113714 0.996892 0.850408 -0.00830217 0.999908 0.0107566 -0.0190772 -0.996922 -0.00743784 -0.0780413 -0.11442
-0.083722 -0.0147688 0.99638 0.836008 -0.0129141 0.999822 0.0137347 -0.00380704 -0.996405 -0.0117174 -0.0838979 -0.107399
-0.0904396 -0.0163391 0.995768 0.867227 -0.0165025 0.999753 0.0149057 0.0122751 -0.995765 -0.0150846 -0.0906869 -0.0508581
-0.0942293 -0.0190744 0.995368 0.821866 -0.0179633 0.999686 0.0174566 0.00425277 -0.995388 -0.0162351 -0.0945424 -0.0758776
-0.0946485 -0.023443 0.995235 0.792191 -0.0214485 0.999539 0.0215046 -0.0140557 -0.99528 -0.0193109 -0.0951076 -0.115197
-0.0950905 -0.0252561 0.995148 0.790754 -0.0250474 0.999422 0.0229712 2.76881e-005 -0.995153 -0.0227415 -0.0956681 -0.0873441
-0.0970843 -0.0242494 0.994981 0.736729 -0.0244789 0.999459 0.02197 0.00720799 -0.994975 -0.0222231 -0.0976254 -0.0616933
-0.0950014 -0.0258052 0.995143 0.755269 -0.0240516 0.999432 0.0236204 -0.00469417 -0.995187 -0.0216908 -0.095568 -0.0843753
-0.105942 -0.0220514 0.994128 0.698919 -0.0226217 0.999549 0.0197609 0.0194729 -0.994115 -0.0203954 -0.106393 0.105102
-0.101446 -0.0203164 0.994634 0.676181 -0.0215916 0.999601 0.0182157 -0.0027572 -0.994607 -0.0196278 -0.101844 -0.0524759
-0.0944328 -0.0198211 0.995334 0.641648 -0.0195902 0.999645 0.0180484 -0.0101453 -0.995338 -0.0177945 -0.0947876 -0.04358
-0.0833786 -0.0183514 0.996349 0.741322 -0.0195642 0.999668 0.0167754 -0.000125008 -0.996326 -0.0180941 -0.08371 -0.0528994
-0.0698526 -0.018014 0.997395 0.682726 -0.0179974 0.999697 0.0167951 -0.00598882 -0.997395 -0.0167773 -0.0701556 -0.0268327
-0.0526036 -0.0177434 0.998458 0.638848 -0.0163225 0.999724 0.0169059 0.0034431 -0.998482 -0.015408 -0.0528787 -0.0186087
-0.0310936 -0.0164556 0.999381 0.619036 -0.0149599 0.99976 0.0159964 0.00277545 -0.999405 -0.0144533 -0.0313323 -0.00572163
-0.00666094 -0.015488 0.999858 0.596422 -0.0133947 0.999792 0.0153977 -0.00177089 -0.999888 -0.0132902 -0.00686701 0.0217793
0.0218625 -0.0142778 0.999659 0.580806 -0.013541 0.999802 0.014576 0.00652524 -0.999669 -0.0138551 0.0216648 0.0324273
0.0548869 -0.0123534 0.998416 0.551011 -0.0146475 0.999806 0.0131758 0.00630157 -0.998385 -0.0153474 0.0546953 0.0539291
0.0927223 -0.0121317 0.995618 0.537364 -0.0150346 0.999795 0.0135828 0.000120102 -0.995578 -0.0162281 0.0925209 0.0756267
0.134339 -0.0105105 0.99088 0.549971 -0.0163336 0.999784 0.0128194 0.000337999 -0.990801 -0.0179068 0.134139 0.108123
0.178607 -0.00775496 0.98389 0.548557 -0.015615 0.999821 0.0107151 0.00628784 -0.983797 -0.0172773 0.178454 0.143937
0.22498 -0.00442283 0.974353 0.527724 -0.0140321 0.999871 0.0077787 -0.00507045 -0.974262 -0.0154223 0.224889 0.178415
0.275047 -0.000990556 0.96143 0.508788 -0.00858633 0.999957 0.00348663 0.00431119 -0.961393 -0.00921414 0.275026 0.202613
0.328104 -0.00158414 0.94464 0.495829 -0.00290929 0.999992 0.00268745 -0.00504869 -0.944637 -0.00362999 0.328097 0.230814
0.384732 -0.00383992 0.92302 0.485766 0.000853501 0.999992 0.00380438 -0.00620769 -0.923028 -0.00067587 0.384732 0.256937
0.443127 -0.00447265 0.896448 0.5152 0.00194669 0.99999 0.00402697 -0.0163099 -0.896457 -3.93545e-005 0.443131 0.322672
0.501909 -0.00510158 0.864905 0.457901 0.00306717 0.999987 0.00411845 -0.0115356 -0.864915 0.000585717 0.501918 0.3268
0.560034 0.000112564 0.82847 0.414923 -0.000487787 1 0.000193867 0.000629817 -0.82847 -0.000512689 0.560034 0.339423
0.61509 0.00178671 0.788455 0.35804 0.000970483 0.999995 -0.00302317 0.00353027 -0.788456 0.00262471 0.615086 0.357734
0.668791 0.000444778 0.74345 0.340102 0.00334393 0.999988 -0.00360638 -0.00410874 -0.743443 0.00489796 0.668781 0.350073
0.7184 -0.001105 0.695629 0.306094 0.00248493 0.999996 -0.000977794 -0.0167492 -0.695626 0.00243104 0.7184 0.362131
0.763757 -0.00186126 0.645501 0.263663 -0.00163654 0.999987 0.00481975 -0.00629829 -0.645502 -0.00473751 0.763744 0.372207
0.805056 -0.00144195 0.593198 0.24351 -0.00562112 0.999934 0.0100593 0.000901667 -0.593173 -0.0114328 0.804994 0.426309
0.841924 -0.00194175 0.539593 0.23306 -0.00703251 0.999869 0.0145709 0.00421972 -0.539551 -0.0160623 0.8418 0.451222
0.87344 -0.00287909 0.486923 0.228068 -0.00780811 0.999771 0.0199176 0.011962 -0.486869 -0.0211988 0.873218 0.507451
0.899455 -0.000112875 0.437014 0.196167 -0.0107827 0.99969 0.0224509 -0.00268321 -0.436881 -0.0249057 0.899174 0.533634
0.920077 -0.00017197 0.391737 0.190797 -0.00978044 0.999678 0.0234103 0.0012421 -0.391615 -0.0253706 0.919779 0.590173
0.93581 0.00367845 0.352487 0.16512 -0.012366 0.999673 0.022398 0.00673433 -0.352289 -0.0253191 0.935549 0.615577
0.948163 0.000933317 0.317784 0.166717 -0.0073616 0.999792 0.0190283 0.0143149 -0.3177 -0.0203813 0.947972 0.658915
0.957965 -0.00218659 0.286877 0.176346 -0.00321204 0.999827 0.0183466 0.0106887 -0.286868 -0.0184969 0.957792 0.688749
0.964252 -0.00769197 0.264875 0.184361 0.00264814 0.999808 0.0193942 0.00503252 -0.264973 -0.0179994 0.964088 0.699607
0.968364 -0.00469975 0.249498 0.188685 -0.000384525 0.999793 0.0203254 0.000125031 -0.249542 -0.0197783 0.968162 0.801601
0.971457 0.00293983 0.237196 0.190628 -0.00751858 0.999802 0.0184014 0.0147507 -0.237095 -0.0196595 0.971287 0.851601
0.973762 0.00308627 0.227549 0.171457 -0.00721282 0.999824 0.0173055 0.018425 -0.227456 -0.0184927 0.973613 0.868041
0.974996 0.00697605 0.222115 0.138851 -0.010341 0.999849 0.0139901 0.00816006 -0.221984 -0.0159371 0.97492 0.772583
0.975493 0.00491192 0.219975 0.129799 -0.00704222 0.999936 0.00890116 0.000360829 -0.219917 -0.0102321 0.975465 0.748999
0.975778 0.00197917 0.218754 0.164922 -0.00331663 0.999978 0.00574698 -0.00685095 -0.218737 -0.0063333 0.975763 0.763963
0.975316 -0.00370022 0.220785 0.212558 0.0032865 0.999992 0.00224114 0.00881241 -0.220791 -0.00146021 0.97532 0.855538
0.97406 -0.00119761 0.226285 0.195392 0.00224562 0.999988 -0.004374 0.0161656 -0.226277 0.00476869 0.974051 0.944217
0.974243 0.00326908 0.225479 0.291719 -0.00129892 0.99996 -0.00888543 -0.00455705 -0.225499 0.00836368 0.974207 0.81363
0.97204 0.0123607 0.23449 0.107892 -0.00979301 0.999879 -0.0121112 -0.00323024 -0.234612 0.00947619 0.972043 0.958298
0.970675 0.00641258 0.240311 0.190525 -0.00438704 0.99995 -0.00896289 -0.0147181 -0.240356 0.0076458 0.970655 0.84297
0.969164 0.0025477 0.246404 0.201696 -0.00145634 0.999988 -0.0046113 -0.0203035 -0.246413 0.00411026 0.969156 0.942811
0.968346 -0.00362508 0.249585 0.232628 0.00314653 0.999992 0.00231633 -0.0160354 -0.249591 -0.00145768 0.96835 0.832311
0.96703 -0.00211878 0.254655 0.172394 0.000478282 0.999979 0.00650378 0.0140907 -0.254664 -0.00616755 0.96701 0.866956
0.965587 -0.00551481 0.260022 0.208334 0.00349472 0.99996 0.00823061 -0.00173241 -0.260057 -0.00703867 0.965568 0.883769
0.964874 -0.00448305 0.262676 0.179337 0.00298491 0.999977 0.00610214 -0.00179305 -0.262698 -0.00510373 0.964865 0.787839
0.964856 -0.00336854 0.262759 0.240751 0.0033908 0.999994 0.00036872 -0.0110361 -0.262758 0.000535201 0.964862 0.875426
0.965283 -0.00121207 0.261205 0.239571 0.00278354 0.99998 -0.00564634 -0.0103482 -0.261193 0.00617739 0.965267 0.819212
0.966039 0.000555921 0.258395 0.197177 0.00202583 0.999951 -0.00972514 0.00278338 -0.258387 0.00991833 0.96599 0.731858
0.967659 -0.00535113 0.252206 0.27542 0.00677057 0.999966 -0.00476063 0.000403091 -0.252171 0.00631424 0.967662 0.81255
0.968083 -0.00172977 0.250623 0.241117 0.000961144 0.999994 0.00318922 -0.00760623 -0.250628 -0.00284655 0.968079 0.927087
0.969008 -9.57519e-005 0.247029 0.271227 -0.00217795 0.999958 0.00893094 -0.0150589 -0.247019 -0.00919217 0.968967 1.00213
0.969547 -0.000952659 0.244902 0.272331 -0.00105236 0.999967 0.00805605 -0.00879432 -0.244901 -0.00806845 0.969514 1.05777
0.969843 0.00352119 0.243705 0.220982 -0.00420776 0.999989 0.00229671 -0.0027379 -0.243695 -0.0032529 0.969847 0.967382
0.970704 -0.000501848 0.240276 0.21697 0.00126101 0.999995 -0.00300581 -0.00174183 -0.240274 0.00322075 0.9707 0.910267
0.971545 -0.000421013 0.236855 0.202176 0.00188957 0.99998 -0.00597328 -0.00257496 -0.236848 0.00625087 0.971527 0.883588
0.971751 0.00461442 0.235964 0.153783 -0.00335844 0.999978 -0.00572442 -0.0210127 -0.235985 0.00477024 0.971745 0.89227
0.972711 -0.00212676 0.23201 0.21955 0.0030103 0.99999 -0.00345425 -0.00713171 -0.232001 0.00405841 0.972707 0.871976
0.973004 0.000813924 0.230785 0.199556 -0.000548174 0.999999 -0.00121563 -0.00794871 -0.230786 0.0010563 0.973004 0.872741
0.973399 -0.00315201 0.229094 0.206867 0.00281471 0.999994 0.00179906 -0.0076229 -0.229098 -0.00110637 0.973403 0.849999
0.973047 -0.00313521 0.230584 0.172396 0.00262046 0.999993 0.0025386 0.00950005 -0.230591 -0.00186594 0.973049 0.858527
0.973536 0.00034461 0.228534 0.211573 -0.00147684 0.999987 0.00478332 -0.0203384 -0.228529 -0.00499424 0.973524 0.795505
0.973625 0.00414302 0.228117 0.198393 -0.00481082 0.999986 0.00237148 -0.0135384 -0.228104 -0.00340636 0.973631 0.846297
0.973651 0.00465005 0.227995 0.19769 -0.00439696 0.999989 -0.00161799 -0.0115955 -0.228 0.000572871 0.973661 0.848486
0.973564 0.00778763 0.22828 0.194844 -0.00701792 0.999967 -0.00418333 -0.0159401 -0.228305 0.00247069 0.973587 0.86387
0.972797 0.00660641 0.231564 0.184577 -0.00559012 0.999972 -0.00504467 -0.00808069 -0.23159 0.00361298 0.972807 0.902425
0.97193 0.00404107 0.235236 0.19446 -0.00328233 0.999988 -0.00361693 -0.0182739 -0.235248 0.00274328 0.971932 0.909949
0.9712 0.00126047 0.238263 0.212046 -0.000151376 0.999989 -0.00467317 -0.0107234 -0.238267 0.00450251 0.971189 0.938047
0.970708 -0.00132204 0.240259 0.220138 0.00300177 0.999974 -0.00662549 -0.016509 -0.240244 0.00715261 0.970686 0.898543
0.970421 -0.00535632 0.241361 0.237637 0.00647006 0.999972 -0.00382211 -0.0132574 -0.241333 0.00527067 0.970428 0.919334
0.97037 -0.00743369 0.241509 0.238703 0.00850711 0.999958 -0.00340223 -0.0155443 -0.241473 0.00535596 0.970393 0.880133
0.969788 -0.00154727 0.243944 0.203585 0.00230249 0.999993 -0.00281074 -0.0138774 -0.243938 0.0032875 0.969785 0.892481
0.968863 0.00489999 0.247551 0.189793 -0.00460279 0.999988 -0.00177924 -0.00236702 -0.247556 0.000584416 0.968873 0.879307
0.96832 0.00432733 0.249673 0.220016 -0.00515354 0.999983 0.00265554 -0.00839461 -0.249658 -0.00385811 0.968326 0.975009
0.968351 0.00288926 0.249577 0.262308 -0.00455743 0.999971 0.00610639 -0.0187216 -0.249552 -0.00705055 0.968336 0.993165
0.96789 -0.0029555 0.251358 0.255407 0.00299483 0.999995 0.000226043 -0.0141879 -0.251357 0.000533989 0.967894 1.02402
0.967798 -0.0119365 0.251443 0.073519 0.0173514 0.999663 -0.0193289 -0.00574748 -0.251127 0.0230693 0.967679 0.2793
0.967798 -0.0119365 0.251443 0.147038 0.0173514 0.999663 -0.0193289 -0.011495 -0.251127 0.0230693 0.967679 0.5586
0.968115 0.00149803 0.2505 0.0977004 0.00106975 0.999948 -0.0101142 -0.00566156 -0.250502 0.0100597 0.968064 0.376355
0.9685 -0.000517899 0.249014 0.119867 -0.00217846 0.999942 0.0105524 -0.00846263 -0.249005 -0.0107625 0.968442 0.473873
0.968692 -0.000724192 0.248264 0.138223 -0.00567003 0.99967 0.0250398 -0.00684494 -0.2482 -0.0256635 0.968369 0.572378
0.968582 0.000946298 0.248691 0.148031 -0.00546312 0.999832 0.0174729 0.0102045 -0.248632 -0.0182826 0.968425 0.672701
0.968933 0.00224916 0.247311 0.182128 -0.00260552 0.999996 0.00111365 -0.00454982 -0.247308 -0.00172343 0.968935 0.767546
0.968351 0.00117482 0.24959 0.167966 0.000824356 0.999968 -0.00790514 0.00966205 -0.249592 0.0078607 0.968319 0.872803
0.967525 -0.00222549 0.252765 0.186127 0.00484758 0.999941 -0.00975133 -0.000471286 -0.252728 0.01066 0.967479 0.971196
0.966738 0.00105901 0.255765 0.206947 0.00132347 0.999957 -0.00914282 -0.0227841 -0.255764 0.00917721 0.966696 1.06878
0.96713 0.000851906 0.254283 0.238547 0.00223166 0.999927 -0.0118378 0.000189416 -0.254274 0.0120162 0.967057 1.0542
0.968815 0.00187873 0.247777 0.28256 0.00131524 0.999918 -0.0127243 -0.0335696 -0.247781 0.0126534 0.968733 1.04747
0.968076 0.0117682 0.250379 0.142953 -0.00773288 0.999824 -0.0170946 0.00225603 -0.250536 0.0146127 0.967997 1.07007
0.968792 0.0136741 0.247496 0.0690339 -0.0092308 0.999775 -0.0191045 -0.0063524 -0.247702 0.0162237 0.9687 0.286629
0.968792 0.0136741 0.247496 0.138068 -0.0092308 0.999775 -0.0191045 -0.0127048 -0.247702 0.0162237 0.9687 0.573259
0.969644 -0.00283652 0.244504 0.105471 0.00633888 0.999888 -0.0135387 -0.0105149 -0.244438 0.0146776 0.969554 0.380403
0.971012 -0.00574843 0.238961 0.141299 0.00878425 0.999894 -0.0116412 -0.0171155 -0.238869 0.0134029 0.970959 0.473985
0.971499 -0.00102088 0.237042 0.136744 0.00450151 0.99989 -0.0141428 -0.0159592 -0.237002 0.0148068 0.971396 0.578745
0.972534 -0.00444656 0.232719 0.162701 0.00850312 0.999829 -0.0164309 -0.0194605 -0.232606 0.0179584 0.972405 0.675298
0.974407 -0.00496425 0.224735 0.1879 0.00876488 0.999835 -0.0159171 -0.0201388 -0.224619 0.0174795 0.97429 0.772104
0.975961 -0.000227685 0.217946 0.192508 0.0024528 0.999948 -0.00993899 -0.0307126 -0.217932 0.0102346 0.97591 0.873403
0.977374 -0.000833326 0.211516 0.211082 0.00123336 0.999998 -0.00175937 -0.0159788 -0.211514 0.00198044 0.977373 0.972113
0.978241 -0.0017115 0.207463 0.218572 0.000148004 0.999971 0.00755153 -0.0145487 -0.20747 -0.00735651 0.978214 1.07276
0.979935 0.00867507 0.19913 0.0545816 -0.00946526 0.999951 0.00301659 -0.00178829 -0.199094 -0.00484088 0.979969 0.293689
0.979935 0.00867507 0.19913 0.109163 -0.00946526 0.999951 0.00301659 -0.00357658 -0.199094 -0.00484088 0.979969 0.587379
0.981454 -0.00263543 0.191678 0.0809341 0.00396402 0.999971 -0.00654826 -0.00829885 -0.191655 0.00718663 0.981436 0.390335
0.982717 -0.00371111 0.18508 0.0922724 0.00599066 0.999913 -0.0117589 -0.00112941 -0.18502 0.0126644 0.982653 0.490112
0.983995 -0.000894473 0.178192 0.10224 0.00297614 0.99993 -0.0114152 -0.00143597 -0.178169 0.0117628 0.98393 0.589928
0.985431 0.0065748 0.16995 0.112331 -0.00515832 0.999948 -0.00877489 -0.0209075 -0.169999 0.00777039 0.985414 0.689318
0.986547 0.00819903 0.163274 0.0911581 -0.00630938 0.999907 -0.0120887 -0.0160137 -0.163358 0.0108959 0.986507 0.793343
0.988146 0.00339377 0.153481 0.131859 -0.00053466 0.999826 -0.0186659 -0.0225896 -0.153517 0.0183626 0.987975 0.888711
0.989321 0.00117713 0.145747 0.112047 0.00195836 0.99977 -0.021368 -0.0218165 -0.145738 0.0214252 0.989091 0.8789
0.990604 0.00023537 0.136763 0.133965 0.00233214 0.999824 -0.0186129 -0.0248991 -0.136743 0.0187569 0.990429 0.916499
0.99171 0.00356473 0.128445 0.130398 -0.00203051 0.999925 -0.0120735 -0.0297697 -0.128478 0.0117126 0.991643 1.01678
0.992748 0.00442238 0.120132 0.111668 -0.00358522 0.999968 -0.00718391 -0.0247038 -0.120159 0.00670111 0.992732 1.0921
0.993578 0.0025779 0.113117 0.0869973 -0.00211366 0.999989 -0.0042238 -0.02474 -0.113126 0.00395758 0.993573 0.993964
0.994297 0.000166275 0.10665 0.100673 7.67287e-005 0.999997 -0.00227441 -0.0204589 -0.10665 0.00226962 0.994294 0.999946
0.994759 0.00139948 0.102235 0.105173 -0.000968695 0.99999 -0.00426319 -0.0174632 -0.10224 0.00414181 0.994751 1.07041
0.995242 0.00452296 0.0973248 0.0950824 -0.00351699 0.999939 -0.0105053 -0.0173289 -0.0973663 0.010113 0.995197 1.03159
0.995646 0.00445497 0.0931075 0.0876369 -0.00285087 0.999845 -0.0173544 -0.0297413 -0.0931704 0.0170134 0.995505 1.0271
0.995862 0.00398309 0.0907965 0.0645826 -0.0022103 0.999805 -0.0196171 -0.0309503 -0.0908569 0.0193352 0.995676 0.995228
0.996219 0.00166347 0.0868616 0.0869321 -0.000427367 0.999898 -0.0142473 -0.0174404 -0.0868765 0.0141563 0.996119 1.00407
0.99675 0.00443438 0.0804357 0.0207574 -0.00466524 0.999986 0.0026825 -0.00563931 -0.0804227 -0.00304904 0.996756 0.276157
0.99675 0.00443438 0.0804357 0.0415149 -0.00466524 0.999986 0.0026825 -0.0112786 -0.0804227 -0.00304904 0.996756 0.552314
0.997111 -0.00338616 0.075879 0.0284987 0.00343943 0.999994 -0.000571381 -0.00732223 -0.0758766 0.000830712 0.997117 0.375844
0.99744 -0.0122237 0.0704579 0.0443317 0.0129505 0.999867 -0.00986823 -0.0105318 -0.0703279 0.0107554 0.997466 0.474812
0.997957 -0.000893316 0.0638802 0.0386923 0.00184637 0.999888 -0.014862 -0.00633637 -0.0638598 0.0149496 0.997847 0.57566
0.998372 0.00444668 0.0568579 0.0339372 -0.00365647 0.999895 -0.0139944 -0.015792 -0.0569141 0.0137637 0.998284 0.675958
0.998796 -0.00201206 0.0490055 0.0280117 0.0023878 0.999968 -0.00760993 -0.0197669 -0.0489886 0.00771778 0.99877 0.776237
0.999109 -0.00504244 0.0419007 0.0283761 0.00522497 0.999977 -0.0042478 -0.0158541 -0.0418783 0.00446295 0.999113 0.876391
0.999313 -0.00851455 0.0360661 0.0417395 0.00851121 0.999964 0.000246108 -0.0165918 -0.0360668 6.10271e-005 0.999349 0.975961
0.999516 -0.00468568 0.0307697 0.015089 0.00468825 0.999989 -1.12707e-005 -0.0114384 -0.0307693 0.000155521 0.999526 1.07683
0.999712 -0.00530707 0.023393 0.0432725 0.00547694 0.999959 -0.00720371 -0.0192319 -0.0233538 0.00732975 0.9997 0.982219
0.99983 -0.00930186 0.0159237 0.0321804 0.00958049 0.999801 -0.017512 -0.0123192 -0.0157576 0.0176616 0.99972 1.04563
0.999898 -0.0105813 0.00961517 0.0219221 0.0107865 0.99971 -0.0215429 -0.0196762 -0.00938442 0.0216444 0.999722 1.048
0.999893 0.0145395 -0.00184227 -0.00386845 -0.0145412 0.999894 -0.000886282 -0.00730136 0.00182919 0.000912976 0.999998 0.286983
0.999893 0.0145395 -0.00184227 -0.0077369 -0.0145412 0.999894 -0.000886282 -0.0146027 0.00182919 0.000912976 0.999998 0.573967
0.999967 0.00444943 -0.0067757 -0.00774542 -0.00440219 0.999966 0.00697096 -0.00971202 0.00680649 -0.0069409 0.999953 0.386903
0.999942 -0.000418506 -0.0107187 -0.00737751 0.000461088 0.999992 0.00397053 -0.00773647 0.010717 -0.00397525 0.999935 0.486985
0.999918 0.0013426 -0.012705 -0.0131572 -0.00143078 0.999975 -0.00693413 -0.00653569 0.0126954 0.00695174 0.999895 0.586919
0.999819 0.0107473 -0.0156923 -0.024511 -0.0110004 0.999809 -0.0161341 -0.01025 0.0155159 0.0163038 0.999747 0.686589
0.999826 -0.000272772 -0.0186608 -0.0179424 -0.0001059 0.999794 -0.0202883 -0.0185049 0.0186625 0.0202868 0.99962 0.78668
0.999766 -0.00554707 -0.0209301 -0.0113021 0.00521497 0.99986 -0.0158885 -0.0174483 0.0210153 0.0157756 0.999655 0.862139
0.999769 -0.00150786 -0.0214214 -0.0201426 0.00136142 0.999976 -0.00684919 -0.0283582 0.0214312 0.00681845 0.999747 0.92132
