1 0 0 0 0 1 0 0 0 0 1 0
0.999998 0.00107552 0.00176497 -0.00860999 -0.00106785 0.99999 -0.00434116 -0.00748579 -0.00176962 0.00433927 0.999989 0.961861
0.999998 -0.00166109 0.0013684 0.00810601 0.00166886 0.999982 -0.00570095 0.000200891 -0.00135891 0.00570322 0.999983 1.92515
0.999991 -0.00219638 0.00367527 -0.00592576 0.0021994 0.999997 -0.000817429 -0.00584372 -0.00367347 0.000825505 0.999993 2.88883
0.999991 -0.00394252 0.00121854 0.00462007 0.00393725 0.999983 0.00429624 -0.00591656 -0.00123546 -0.00429141 0.99999 3.84972
0.99998 -0.0062329 0.0010617 -0.0102248 0.00622876 0.999973 0.00385994 0.00730075 -0.00108573 -0.00385325 0.999992 4.80826
0.999978 -0.00667281 0.000286985 -0.0347797 0.00667239 0.999977 0.00144073 0.00689895 -0.000296592 -0.00143878 0.999999 5.74052
0.99999 -0.00372119 -0.00237437 -0.00352525 0.00371763 0.999992 -0.00150372 0.00429778 0.00237995 0.00149488 0.999996 6.67802
1 -0.000259003 0.000363153 -0.0278577 0.000259907 0.999997 -0.00249029 0.00645663 -0.000362507 0.00249038 0.999997 7.60798
0.999999 -0.00112685 0.00029044 -0.0613419 0.00112644 0.999998 0.00140415 -0.0202656 -0.000292022 -0.00140382 0.999999 8.53595
0.999998 -0.00190586 -0.000743705 -0.0774463 0.00190746 0.999996 0.00215939 -0.00423995 0.000739586 -0.00216081 0.999997 9.46667
0.999996 0.000375006 -0.00276754 -0.0707364 -0.000363095 0.999991 0.00430313 -0.00297856 0.00276913 -0.00430211 0.999987 10.3897
0.999998 -0.000357938 -0.0018963 -0.0945346 0.000368083 0.999986 0.00535234 0.00570929 0.00189436 -0.00535302 0.999984 11.3403
0.999995 0.00100997 -0.00289648 -0.0961078 -0.000998758 0.999992 0.00387105 0.0198236 0.00290037 -0.00386813 0.999988 12.2243
0.999998 -0.00192375 -0.000875186 -0.127063 0.00192821 0.999985 0.00512554 0.00396346 0.000865313 -0.00512722 0.999986 13.1335
0.999972 -0.0017795 -0.00722106 -0.113025 0.00179154 0.999997 0.00166078 0.00952228 0.00721809 -0.00167367 0.999973 14.0424
0.999985 -0.00139973 -0.00534488 -0.131991 0.00140188 0.999999 0.000397847 0.00952215 0.00534432 -0.000405334 0.999986 14.9466
0.999979 -0.00245024 -0.00601507 -0.194607 0.00245237 0.999997 0.00034649 0.00506473 0.0060142 -0.000361234 0.999982 15.8453
0.999906 0.00314051 -0.0133667 -0.136872 -0.00316454 0.999993 -0.00177685 0.0164207 0.013361 0.00181898 0.999909 16.7431
0.999938 0.00293289 -0.010733 -0.163045 -0.00294573 0.999995 -0.00118005 0.0143224 0.0107295 0.00121159 0.999942 17.6346
0.999904 -0.000156464 -0.0138251 -0.176208 0.000152913 1 -0.000257885 0.0170611 0.0138251 0.000255746 0.999904 18.5267
0.999901 0.000334872 -0.0140586 -0.194173 -0.000323682 1 0.000798199 0.0184493 0.0140589 -0.00079357 0.999901 19.4141
0.999875 0.000242276 -0.0158103 -0.228114 -0.000227453 1 0.000939373 0.0152612 0.0158105 -0.00093566 0.999875 20.2943
0.999833 -0.00219771 -0.0181599 -0.258448 0.00222316 0.999997 0.00138167 0.0160913 0.0181568 -0.00142181 0.999834 21.1678
0.999842 -0.000550801 -0.0177799 -0.276891 0.000572876 0.999999 0.00123651 0.0202153 0.0177792 -0.0012465 0.999841 22.037
0.999848 0.00404455 -0.0169537 -0.290508 -0.00402388 0.999991 0.00125334 0.02359 0.0169586 -0.00118493 0.999855 22.9
0.999798 -0.000761415 -0.0200729 -0.331433 0.00084302 0.999991 0.00405723 0.0213156 0.0200696 -0.00407334 0.99979 23.756
0.999829 0.00258694 -0.0183239 -0.350512 -0.00248225 0.99998 0.00573392 0.0288855 0.0183384 -0.00568745 0.999816 24.6138
0.999823 -0.000256019 -0.0188159 -0.361062 0.00040696 0.999968 0.00801858 0.0265269 0.0188132 -0.00802482 0.999791 25.4405
0.999812 0.00185862 -0.0192925 -0.395644 -0.00173942 0.999979 0.00619377 0.0348374 0.0193036 -0.00615904 0.999795 26.2642
0.999769 0.00196835 -0.0213951 -0.415885 -0.00187982 0.99999 0.00415726 0.0352917 0.0214031 -0.00411608 0.999762 27.0784
0.999779 0.00245483 -0.0209003 -0.443478 -0.00241669 0.999995 0.00184971 0.0432406 0.0209048 -0.00179879 0.99978 27.8748
0.999734 0.00179796 -0.0229739 -0.45702 -0.00176405 0.999997 0.00149644 0.0429025 0.0229765 -0.00145551 0.999735 28.6677
0.99972 0.00142709 -0.0236207 -0.488957 -0.00139873 0.999998 0.00121709 0.0442605 0.0236224 -0.00118371 0.99972 29.4525
0.999692 0.000259987 -0.0248013 -0.523113 -0.000253684 1 0.000257305 0.0406864 0.0248014 -0.000250934 0.999692 30.2241
0.999565 0.00203004 -0.029416 -0.511368 -0.00206726 0.999997 -0.00123496 0.066788 0.0294134 0.00129524 0.999566 30.9912
0.999572 -0.000593086 -0.0292332 -0.552501 0.000626632 0.999999 0.00113839 0.0591338 0.0292325 -0.00115622 0.999572 31.7511
0.999429 -0.00149395 -0.0337604 -0.572415 0.00158955 0.999995 0.00280494 0.0609115 0.033756 -0.00285701 0.999426 32.4953
0.99943 0.00139575 -0.0337396 -0.600341 -0.00123861 0.999988 0.0046779 0.0545992 0.0337457 -0.00463344 0.99942 33.2329
0.99926 0.00379056 -0.0382671 -0.612618 -0.00360799 0.999982 0.0048389 0.0592727 0.0382847 -0.00469725 0.999256 33.9612
0.999229 0.00429481 -0.0390227 -0.651727 -0.00412743 0.999982 0.00436886 0.0575391 0.0390408 -0.00420443 0.999229 34.7027
0.999152 0.00461583 -0.0409087 -0.685824 -0.00446501 0.999983 0.00377736 0.0636445 0.0409254 -0.0035915 0.999156 35.3924
0.999075 0.0025171 -0.0429179 -0.725268 -0.00230418 0.999985 0.00500976 0.0664047 0.0429298 -0.00490624 0.999066 36.0849
0.998953 0.0014564 -0.0457285 -0.747611 -0.00114299 0.999976 0.00687898 0.0726015 0.0457374 -0.00681951 0.99893 36.7732
0.998949 0.00202922 -0.0457945 -0.778278 -0.00167559 0.999968 0.00775925 0.0725019 0.0458088 -0.00767436 0.998921 37.4495
0.998986 0.00660913 -0.0445442 -0.814929 -0.00637595 0.999965 0.00537491 0.072308 0.0445782 -0.00508544 0.998993 38.1116
0.999006 0.00668266 -0.0440668 -0.855329 -0.00658797 0.999976 0.00229361 0.0766159 0.0440811 -0.00200102 0.999026 38.7634
0.999155 0.00320128 -0.0409788 -0.878951 -0.00317723 0.999995 0.000651976 0.0816763 0.0409807 -0.000521226 0.99916 39.4007
0.999318 0.00291375 -0.0368045 -0.93286 -0.00286823 0.999995 0.00128961 0.0876824 0.0368081 -0.00118316 0.999322 40.0359
0.999389 0.00689659 -0.0342544 -0.952751 -0.0067641 0.999969 0.00398221 0.085713 0.0342808 -0.00374808 0.999405 40.6861
0.999575 0.0120019 -0.0265556 -0.999029 -0.0118193 0.999905 0.00702218 0.0915642 0.0266374 -0.00670533 0.999623 41.2902
0.999644 0.0109246 -0.0243227 -1.02137 -0.0107076 0.999902 0.0090309 0.0925045 0.024419 -0.00876725 0.999663 41.8892
0.999803 0.00845382 -0.0179622 -1.04513 -0.00828736 0.999922 0.00932149 0.0963734 0.0180396 -0.00917079 0.999795 42.4738
0.999894 0.00729654 -0.0125691 -1.05062 -0.00715156 0.999908 0.0115406 0.102313 0.0126522 -0.0114494 0.999854 43.0427
0.999949 0.00853858 -0.0054257 -1.06253 -0.00846813 0.999881 0.0128777 0.109249 0.00553502 -0.0128311 0.999902 43.5908
0.999963 0.00847943 0.00136636 -1.06567 -0.00849672 0.999877 0.0131893 0.109939 -0.00125435 -0.0132004 0.999912 44.1179
0.999946 0.00616605 0.00841717 -1.06306 -0.00627622 0.999894 0.0131257 0.115044 -0.00833535 -0.0131779 0.999878 44.6254
0.999841 0.00798082 0.0159412 -1.05977 -0.00818651 0.999884 0.0128798 0.11876 -0.0158366 -0.0130082 0.99979 45.1089
0.999687 0.00877456 0.0234297 -1.05336 -0.00903752 0.999897 0.0111411 0.109122 -0.0233296 -0.0113493 0.999663 45.5728
0.99959 -0.000125766 0.0286255 -1.01722 -8.19158e-005 0.999974 0.00725385 0.125353 -0.0286256 -0.00725322 0.999564 46.011
0.999224 0.00191526 0.0393293 -1.00549 -0.00224171 0.999963 0.00825796 0.123649 -0.0393121 -0.00833972 0.999192 46.4328
0.998939 -0.000446685 0.046056 -0.979402 2.68697e-006 0.999954 0.00964001 0.129464 -0.0460582 -0.00962966 0.998892 46.8296
0.9985 0.00123094 0.0547307 -0.966834 -0.00181371 0.999942 0.0105996 0.135278 -0.0547145 -0.0106829 0.998445 47.2017
0.998035 0.00509425 0.0624539 -0.921491 -0.00579876 0.999922 0.0111045 0.139596 -0.0623924 -0.0114448 0.997986 47.563
0.997359 0.00735122 0.0722558 -0.913868 -0.00814163 0.99991 0.0106506 0.141109 -0.072171 -0.0112108 0.997329 47.8746
0.996712 0.00918993 0.0805015 -0.892897 -0.0101098 0.999888 0.0110272 0.140766 -0.0803912 -0.0118048 0.996693 48.173
0.995917 0.00192096 0.0902514 -0.872401 -0.00302079 0.999923 0.0120513 0.141983 -0.0902213 -0.0122747 0.995846 48.4479
0.994904 -0.00231753 0.100804 -0.831566 0.00116545 0.999933 0.0114863 0.141738 -0.100823 -0.0113103 0.99484 48.713
0.993641 -0.00277572 0.112562 -0.790094 0.00190119 0.999967 0.00787592 0.138018 -0.112581 -0.00761183 0.993613 48.9713
0.992041 0.00021405 0.125918 -0.747664 -0.000806039 0.999989 0.00465045 0.139505 -0.125916 -0.00471493 0.99203 49.2276
0.990021 0.000512287 0.140918 -0.702314 -0.000977476 0.999994 0.00323195 0.148092 -0.140915 -0.00333744 0.990016 49.4814
0.987571 0.0033278 0.157141 -0.640666 -0.00381049 0.999989 0.00277054 0.142918 -0.15713 -0.00333489 0.987572 49.7415
0.984734 0.00247523 0.17405 -0.590455 -0.00293559 0.999993 0.00238764 0.141764 -0.174043 -0.00286213 0.984734 49.9779
0.981383 -4.33289e-005 0.192063 -0.521841 -0.000477444 0.999996 0.00266519 0.139719 -0.192062 -0.00270727 0.981379 50.2205
0.977384 -0.00195405 0.211464 -0.450835 0.00122633 0.999993 0.00357244 0.145801 -0.211469 -0.00323232 0.977379 50.4662
0.972746 -0.000302472 0.231873 -0.378957 -0.000550898 0.999993 0.00361558 0.14237 -0.231872 -0.00364478 0.972739 50.6945
0.967566 0.00130112 0.252615 -0.309674 -0.00194605 0.999995 0.00230319 0.145889 -0.252611 -0.00272009 0.967564 50.9338
0.961403 0.0021589 0.275135 -0.224469 -0.00272666 0.999995 0.0016811 0.147881 -0.27513 -0.00236641 0.961404 51.169
0.953927 0.0022631 0.300029 -0.135518 -0.00296437 0.999994 0.0018822 0.145507 -0.300023 -0.00268488 0.953928 51.4081
0.945543 0.00413204 0.325471 -0.040209 -0.0049217 0.999987 0.00160289 0.14682 -0.32546 -0.00311747 0.945551 51.6477
0.935727 0.00564622 0.35268 0.0736819 -0.00660552 0.999977 0.00151661 0.144743 -0.352663 -0.00374877 0.935743 51.886
0.924407 0.00335385 0.381393 0.194578 -0.00435705 0.999989 0.00176688 0.147749 -0.381383 -0.00329506 0.924411 52.1113
0.911512 -0.000596626 0.411274 0.328516 -0.000524031 0.999996 0.00261209 0.147218 -0.411274 -0.00259647 0.911508 52.3358
0.896377 -0.006163 0.44325 0.462948 0.00487095 0.99998 0.00405342 0.14383 -0.443266 -0.00147434 0.896389 52.5668
0.87866 -0.00548332 0.477416 0.615164 0.00478703 0.999985 0.00267495 0.152087 -0.477423 -6.49692e-005 0.878673 52.7869
0.858829 -0.000790395 0.512262 0.769792 0.00110002 0.999999 -0.000301277 0.156922 -0.512262 0.000822243 0.858829 53.0113
0.837003 0.00152116 0.547196 0.948112 -0.000344854 0.999997 -0.00225241 0.155277 -0.547198 0.00169657 0.837001 53.2378
0.812418 0.00326831 0.583066 1.1517 -0.000748997 0.999989 -0.0045617 0.159991 -0.583075 0.0032693 0.812412 53.4593
0.785655 0.00798297 0.618613 1.36369 -0.00435516 0.999963 -0.00737298 0.152919 -0.618649 0.00309846 0.785661 53.677
0.755451 0.0127941 0.65508 1.59556 -0.00727263 0.999911 -0.011142 0.161616 -0.655164 0.00365308 0.755477 53.9067
0.723702 0.00973752 0.690044 1.8631 -0.0029739 0.999935 -0.0109916 0.157433 -0.690106 0.00590251 0.723684 54.1219
0.685814 0.00765103 0.727737 2.14004 0.000128432 0.999943 -0.0106339 0.160362 -0.727777 0.00738634 0.685774 54.3504
0.64751 0.00788775 0.762016 2.4547 -1.58036e-005 0.999947 -0.0103372 0.164773 -0.762057 0.00668138 0.647475 54.5801
0.605096 0.0110304 0.796076 2.78833 -0.00234244 0.999924 -0.0120745 0.163644 -0.796149 0.00544147 0.605076 54.7993
0.558757 0.00657258 0.829305 3.14847 0.00294086 0.999947 -0.00990644 0.16622 -0.829326 0.00797416 0.558708 54.9958
0.510947 0.00657554 0.859587 3.53246 0.00408433 0.999941 -0.010077 0.162592 -0.859602 0.00865963 0.51089 55.1843
0.461612 0.00781013 0.887048 3.93425 0.00119055 0.999955 -0.00942379 0.166502 -0.887081 0.00540621 0.461582 55.3621
0.413067 0.0106148 0.910639 4.36328 -0.00272673 0.999942 -0.0104189 0.167056 -0.910697 0.00182065 0.413072 55.5215
0.363158 0.0159479 0.931591 4.80203 -0.00401115 0.999871 -0.0155532 0.17725 -0.931719 0.00191151 0.363175 55.6709
0.31451 0.0145602 0.949143 5.26153 0.00189495 0.999871 -0.0159663 0.179025 -0.949252 0.00682013 0.314442 55.7888
0.26675 0.00452693 0.963755 5.74275 0.0120285 0.999895 -0.00802596 0.178062 -0.963691 0.0137334 0.266668 55.8788
0.221849 -0.00494669 0.975068 6.24448 0.0120964 0.999924 0.00232058 0.17503 -0.975006 0.01128 0.221892 55.9497
0.179435 -0.00991 0.98372 6.76816 0.00631756 0.99994 0.00892105 0.185671 -0.98375 0.00461396 0.179487 56.0052
0.141004 -0.00970611 0.989961 7.28142 0.00161934 0.999953 0.00957342 0.197241 -0.990008 0.000253197 0.141013 56.0561
0.10785 -0.0156425 0.994044 7.81474 -0.0029376 0.999867 0.0160528 0.206285 -0.994163 -0.0046514 0.10779 56.0832
0.0783304 -0.0198211 0.99673 8.36767 -0.0064284 0.999772 0.0203868 0.213542 -0.996907 -0.00800429 0.0781851 56.1044
0.0538655 -0.0268069 0.998188 8.93413 -0.01605 0.999487 0.0277079 0.231055 -0.998419 -0.0175134 0.0534076 56.1152
0.0332935 -0.0284206 0.999041 9.51202 -0.0215901 0.999342 0.0291486 0.253227 -0.999212 -0.0225399 0.032658 56.123
0.0180934 -0.0315144 0.99934 10.0947 -0.0246245 0.999186 0.0319554 0.279732 -0.999533 -0.0251865 0.0173026 56.1201
0.00462213 -0.0315788 0.999491 10.7004 -0.0269846 0.999133 0.0316923 0.302316 -0.999625 -0.0271173 0.00376598 56.1172
-0.00716696 -0.0315402 0.999477 11.3016 -0.0299495 0.999061 0.0313123 0.330399 -0.999526 -0.0297094 -0.00810485 56.1145
-0.0163705 -0.0357541 0.999227 11.9214 -0.0271253 0.999009 0.0353019 0.352212 -0.999498 -0.0265264 -0.0173241 56.093
-0.0215865 -0.042741 0.998853 12.5512 -0.0264217 0.998761 0.0421661 0.387422 -0.999418 -0.0254811 -0.0226891 56.0593
-0.027429 -0.0397569 0.998833 13.1905 -0.0340723 0.998665 0.0388146 0.416972 -0.999043 -0.0329679 -0.028747 56.0473
-0.0286563 -0.0400607 0.998786 13.8436 -0.0443958 0.998262 0.0387659 0.459009 -0.998603 -0.043231 -0.030385 56.0246
-0.0327399 -0.0359223 0.998818 14.5056 -0.0497929 0.998172 0.0342669 0.489044 -0.998223 -0.0486122 -0.0344687 56.0039
-0.0339956 -0.0367004 0.998748 15.1868 -0.0503394 0.99812 0.0349639 0.521249 -0.998153 -0.0490878 -0.0357791 55.9844
-0.0347702 -0.038504 0.998653 15.8738 -0.0447411 0.998316 0.0369332 0.545662 -0.998393 -0.0433967 -0.0364344 55.96
-0.0342424 -0.0419756 0.998532 16.5646 -0.0376087 0.998464 0.0406831 0.575982 -0.998706 -0.0361604 -0.0357685 55.9313
-0.0348903 -0.0422014 0.9985 17.2618 -0.0291736 0.998725 0.0411916 0.605481 -0.998965 -0.0276927 -0.036077 55.9239
-0.0310422 -0.0458525 0.998466 17.964 -0.0261918 0.998641 0.0450463 0.640403 -0.999175 -0.0247533 -0.032201 55.8835
-0.0310757 -0.043513 0.998569 18.6847 -0.034004 0.99852 0.0424526 0.68514 -0.998938 -0.0326361 -0.0325093 55.8838
-0.0260753 -0.0464506 0.99858 19.4215 -0.0488594 0.997785 0.0451378 0.726541 -0.998465 -0.047613 -0.0282871 55.8414
-0.0254213 -0.0425444 0.998771 20.1589 -0.054536 0.997665 0.0411092 0.777871 -0.998188 -0.053424 -0.0276822 55.8424
-0.022356 -0.0411366 0.998903 20.8949 -0.0531016 0.997792 0.0399024 0.805937 -0.998339 -0.0521513 -0.0244911 55.832
-0.0203145 -0.0521409 0.998433 21.6213 -0.0407141 0.997854 0.0512822 0.842711 -0.998964 -0.0396085 -0.0223938 55.8166
-0.0159376 -0.0514815 0.998547 22.3508 -0.031009 0.998219 0.0509697 0.871353 -0.999392 -0.0301516 -0.0175056 55.784
-0.0127887 -0.0459424 0.998862 23.0871 -0.0450726 0.997955 0.0453236 0.922759 -0.998902 -0.0444417 -0.0148333 55.785
-0.0100335 -0.0408109 0.999117 23.8158 -0.054822 0.997686 0.0402019 0.972076 -0.998446 -0.0543702 -0.0122476 55.8181
-0.00473386 -0.0462086 0.998921 24.5596 -0.0540069 0.997486 0.0458863 0.997406 -0.998529 -0.0537314 -0.00721754 55.8024
-0.002467 -0.0507226 0.99871 25.2991 -0.0435524 0.997771 0.0505673 1.02918 -0.999048 -0.0433715 -0.00467059 55.7927
0.000308231 -0.0495 0.998774 26.0227 -0.0451952 0.997753 0.0494634 1.07533 -0.998978 -0.045155 -0.00192962 55.8052
0.00288941 -0.0467841 0.998901 26.756 -0.0448292 0.997895 0.0468666 1.11755 -0.99899 -0.0449153 0.000786031 55.8336
0.00816205 -0.0447954 0.998963 27.4941 -0.0495979 0.997748 0.0451462 1.15607 -0.998736 -0.0499149 0.00592192 55.8378
0.0103381 -0.0472771 0.998828 28.2346 -0.0497031 0.997623 0.0477345 1.19304 -0.998711 -0.0501383 0.0079637 55.8499
0.0135407 -0.0520937 0.99855 28.97 -0.0475863 0.997477 0.0526829 1.22881 -0.998775 -0.0482307 0.0110276 55.8556
0.0190048 -0.0591441 0.998069 29.7055 -0.047101 0.997088 0.0599828 1.26728 -0.998709 -0.0481499 0.0161637 55.867
0.0211713 -0.05702 0.998149 30.4397 -0.0525738 0.996927 0.0580654 1.31578 -0.998393 -0.0537058 0.0181085 55.8821
0.0254074 -0.0622476 0.997737 31.1796 -0.0583012 0.996268 0.0636406 1.35665 -0.997976 -0.0597862 0.0216835 55.8875
0.0285344 -0.0618689 0.997676 31.9208 -0.0582291 0.996285 0.0634481 1.39885 -0.997895 -0.0599043 0.0248258 55.8872
0.0392858 -0.0609629 0.997367 32.6581 -0.060566 0.996157 0.0632746 1.44162 -0.997391 -0.0628923 0.0354425 55.8354
0.0327832 -0.0552944 0.997932 33.3983 -0.0603109 0.996539 0.0571985 1.49801 -0.997641 -0.0620613 0.0293349 55.9358
0.0420198 -0.0595644 0.99734 34.1418 -0.0619347 0.996146 0.0621026 1.54196 -0.997195 -0.0643795 0.0381687 55.94
0.0428575 -0.0585844 0.997362 34.8892 -0.0581011 0.996444 0.0610271 1.59136 -0.99739 -0.0605633 0.0393012 55.9789
0.0450615 -0.0568354 0.997366 35.6323 -0.060328 0.996403 0.0595062 1.6466 -0.997161 -0.0628505 0.0414707 56.0165
0.0527803 -0.0559832 0.997036 36.3893 -0.058552 0.996536 0.0590547 1.68964 -0.996888 -0.0614953 0.0493195 56.0209
0.0499694 -0.0503484 0.997481 37.141 -0.0546828 0.997093 0.0530681 1.73937 -0.997253 -0.0571968 0.047071 56.0899
0.0577574 -0.0520276 0.996974 37.8955 -0.0501886 0.997227 0.0549484 1.78773 -0.997068 -0.0532104 0.0549861 56.1226
0.0591449 -0.0505817 0.996967 38.6565 -0.0461475 0.997509 0.0533469 1.83008 -0.997182 -0.0491627 0.0566634 56.1808
0.0632568 -0.0466867 0.996905 39.4217 -0.0472872 0.997643 0.0497218 1.88007 -0.996876 -0.0502861 0.0609001 56.2179
0.064703 -0.0394918 0.997123 40.1928 -0.0502058 0.997822 0.0427774 1.92988 -0.996641 -0.0528292 0.0625794 56.2894
0.0720476 -0.0460674 0.996337 40.9717 -0.0465924 0.997687 0.0494991 1.96556 -0.996312 -0.0499881 0.0697346 56.3117
0.0708087 -0.0432473 0.996552 41.7465 -0.03944 0.998157 0.0461193 2.00332 -0.99671 -0.0425696 0.0689725 56.4104
0.0782349 -0.0384947 0.996191 42.5299 -0.0432038 0.998185 0.0419647 2.05309 -0.995998 -0.0463224 0.0764297 56.48
0.0801882 -0.0368194 0.996099 43.3214 -0.0459437 0.998119 0.0405926 2.09149 -0.99572 -0.0490196 0.0783457 56.5475
0.0855384 -0.0393726 0.995557 44.1294 -0.0417176 0.998201 0.0430616 2.1302 -0.995461 -0.0452156 0.083742 56.6179
0.0906599 -0.0364703 0.995214 44.9052 -0.0360252 0.998555 0.0398744 2.16504 -0.99523 -0.0394678 0.0892151 56.7042
0.0965173 -0.0345331 0.994732 45.6951 -0.0283657 0.998897 0.03743 2.20581 -0.994927 -0.0318289 0.0954312 56.7953
0.103786 -0.0326602 0.994063 46.4989 -0.0233329 0.999106 0.0352619 2.24127 -0.994326 -0.0268541 0.102931 56.8865
0.111309 -0.0285596 0.993375 47.3145 -0.0267885 0.999138 0.0317269 2.28106 -0.993425 -0.0301426 0.110448 56.9888
0.118802 -0.0256241 0.992587 48.109 -0.0314243 0.999069 0.0295526 2.31345 -0.992421 -0.0347023 0.117887 57.0868
0.126349 -0.0252427 0.991665 48.9234 -0.0315956 0.999067 0.0294568 2.35054 -0.991483 -0.035054 0.125434 57.1954
0.13315 -0.0248529 0.990784 49.7375 -0.0312545 0.999083 0.0292614 2.37772 -0.990603 -0.0348626 0.132251 57.319
0.140862 -0.0241773 0.989734 50.5557 -0.0356286 0.99893 0.0294728 2.41397 -0.989388 -0.0394145 0.13985 57.4358
0.148321 -0.0235909 0.988658 51.3672 -0.0397195 0.998767 0.0297909 2.45003 -0.988141 -0.0436876 0.147201 57.5679
0.155455 -0.0229146 0.987577 52.1889 -0.0364407 0.998917 0.0289139 2.47501 -0.987171 -0.0404828 0.154452 57.7062
0.162767 -0.0255774 0.986333 52.9741 -0.0261009 0.999202 0.0302183 2.49859 -0.986319 -0.0306627 0.16197 57.8408
0.167807 -0.0258631 0.98548 53.7622 -0.0166742 0.999438 0.0290687 2.52448 -0.985679 -0.02131 0.167282 57.9826
0.172905 -0.0238228 0.98465 54.5425 -0.0152264 0.999523 0.0268564 2.55498 -0.984821 -0.0196363 0.17246 58.1371
0.178597 -0.0231334 0.98365 55.3083 -0.0189166 0.999458 0.0269398 2.582 -0.983741 -0.0234187 0.178062 58.2607
0.182682 -0.0184177 0.983 56.0726 -0.0218112 0.999503 0.0227803 2.59743 -0.98293 -0.0256019 0.18219 58.4247
0.190301 -0.0239057 0.981435 56.8493 -0.0239183 0.999294 0.0289785 2.62613 -0.981434 -0.0289888 0.189594 58.5651
0.194253 -0.0252671 0.980626 57.5933 -0.0270229 0.999151 0.0310975 2.6536 -0.980579 -0.0325401 0.193406 58.7139
0.197453 -0.0216014 0.980074 58.3425 -0.0370541 0.998878 0.029481 2.67906 -0.979612 -0.0421369 0.196431 58.8632
0.20173 -0.0219338 0.979196 59.0814 -0.0365705 0.998883 0.0299089 2.70587 -0.978758 -0.0418431 0.200702 59.025
0.204005 -0.0200139 0.978765 59.8018 -0.0302216 0.999186 0.0267306 2.72576 -0.978503 -0.035033 0.203234 59.1939
0.206763 -0.0208495 0.978169 60.5164 -0.0226759 0.999402 0.0260953 2.7445 -0.978128 -0.0275764 0.206166 59.3425
0.208236 -0.0161967 0.977945 61.2193 -0.0173095 0.999645 0.0202418 2.75926 -0.977925 -0.0211428 0.207882 59.4946
0.209691 -0.015345 0.977647 61.9088 -0.0139525 0.999728 0.0186842 2.77522 -0.977668 -0.0175585 0.209419 59.6606
0.212806 -0.0154063 0.976973 62.5866 -0.00811201 0.999813 0.0175335 2.78603 -0.977061 -0.0116564 0.212642 59.8136
0.212884 -0.0123964 0.976999 63.2603 -0.0082832 0.999861 0.0144913 2.80332 -0.977042 -0.0111777 0.212752 59.9692
0.21618 -0.0124759 0.976274 63.9265 -0.012495 0.999801 0.0155434 2.81878 -0.976274 -0.0155587 0.215981 60.124
0.216151 -0.0126796 0.976278 64.5893 -0.0164281 0.999727 0.0166214 2.82914 -0.976222 -0.0196311 0.215884 60.2625
0.216847 -0.0123749 0.976127 65.2411 -0.0159029 0.999742 0.0162071 2.83727 -0.976076 -0.0190377 0.216594 60.4101
0.216549 -0.0131633 0.976183 65.8815 -0.0166263 0.999714 0.0171689 2.85601 -0.97613 -0.0199482 0.216269 60.5428
0.217311 -0.0187058 0.975923 66.5108 -0.014918 0.999636 0.0224821 2.85326 -0.975988 -0.0194445 0.216953 60.6833
0.214957 -0.0130532 0.976536 67.1356 -0.014803 0.999752 0.016622 2.86729 -0.976511 -0.0180287 0.21471 60.8058
0.21451 -0.0140921 0.97662 67.7633 -0.0112578 0.999794 0.0168992 2.87854 -0.976657 -0.0146196 0.214307 60.9326
0.210115 -0.0119889 0.977603 68.3398 -0.00795747 0.999871 0.0139723 2.88094 -0.977644 -0.010715 0.209992 61.0566
0.211015 -0.0170162 0.977335 68.9459 -0.00861715 0.999777 0.0192675 2.89652 -0.977445 -0.0124876 0.210822 61.1823
0.2049 -0.00946475 0.978737 69.5261 -0.014528 0.999814 0.01271 2.91022 -0.978675 -0.0168234 0.204724 61.3027
0.205628 -0.0118501 0.978559 70.106 -0.0202263 0.999662 0.0163559 2.92576 -0.978421 -0.0231559 0.205318 61.4319
0.201367 -0.0152788 0.979397 70.6716 -0.0212541 0.999575 0.0199634 2.93652 -0.979285 -0.0248362 0.200956 61.5636
0.19992 -0.015907 0.979683 71.2234 -0.0175409 0.99965 0.0198107 2.94046 -0.979655 -0.0211451 0.19957 61.6776
0.196701 -0.0199933 0.98026 71.7694 -0.0120679 0.999667 0.0228107 2.94966 -0.980389 -0.0163165 0.196395 61.7845
0.192152 -0.0220447 0.981117 72.3131 -0.0103916 0.999646 0.0244962 2.95642 -0.98131 -0.0149023 0.191855 61.8828
0.191966 -0.0203131 0.981191 72.8502 -0.0131859 0.999642 0.0232749 2.97521 -0.981313 -0.0174059 0.19163 61.9927
0.189418 -0.0180144 0.981731 73.3896 -0.016611 0.99963 0.0215478 2.98384 -0.981756 -0.0203891 0.189049 62.0855
0.187143 -0.0165987 0.982192 73.9312 -0.0173895 0.999645 0.0202069 2.99386 -0.982179 -0.0208615 0.186788 62.2058
0.187646 -0.0247336 0.981925 74.4721 -0.0186505 0.999413 0.0287382 3.01021 -0.98206 -0.023706 0.187074 62.3095
0.192899 -0.0323458 0.980685 75.0158 -0.0159597 0.999221 0.0360964 3.04146 -0.981089 -0.0226144 0.192233 62.4145
0.19206 -0.0334711 0.980812 75.5666 -0.0219201 0.999023 0.0383849 3.05397 -0.981138 -0.0288718 0.191139 62.5103
0.197261 -0.0296539 0.979902 76.1183 -0.0285278 0.998945 0.035973 3.08145 -0.979936 -0.0350505 0.196207 62.631
0.199822 -0.0247512 0.97952 76.6611 -0.0289616 0.999095 0.0311541 3.1023 -0.979404 -0.0345937 0.198924 62.7714
0.207273 -0.0272516 0.977903 77.2225 -0.0283803 0.999024 0.0338556 3.1252 -0.977871 -0.0347705 0.206298 62.8853
0.214287 -0.0259704 0.976425 77.796 -0.0269283 0.999109 0.0324834 3.1599 -0.9764 -0.0332542 0.213397 63.0314
0.221746 -0.0246471 0.974793 78.358 -0.0288267 0.999078 0.0318187 3.17763 -0.974678 -0.0351557 0.220831 63.1614
0.229466 -0.020619 0.973098 78.9184 -0.0286219 0.9992 0.0279214 3.19808 -0.972896 -0.0342589 0.228692 63.3212
0.240376 -0.0201764 0.97047 79.508 -0.028261 0.999215 0.027774 3.21837 -0.970268 -0.0341027 0.239617 63.4897
0.249975 -0.016308 0.968115 80.0802 -0.0217889 0.99951 0.022463 3.23943 -0.968007 -0.0267094 0.249498 63.6303
0.259227 -0.0144267 0.965709 80.6782 -0.020381 0.999584 0.0204037 3.2672 -0.965601 -0.0249713 0.258826 63.824
0.270392 -0.0114321 0.962682 81.2741 -0.0162459 0.999733 0.0164351 3.29053 -0.962613 -0.0200836 0.270134 64.002
0.280613 -0.0107505 0.959761 81.8821 -0.0129095 0.999805 0.0149736 3.30658 -0.959734 -0.0165919 0.280419 64.1862
0.290887 -0.00991017 0.956706 82.4938 -0.0120619 0.999829 0.0140243 3.321 -0.956681 -0.0156191 0.290718 64.3868
0.301127 -0.00890128 0.953543 83.1199 -0.0118184 0.999845 0.0130657 3.33698 -0.953511 -0.0152038 0.300975 64.6072
0.311626 -0.00797543 0.950171 83.7598 -0.00900684 0.999895 0.0113467 3.36199 -0.950162 -0.012094 0.311522 64.8288
0.322222 -0.00923581 0.946619 84.4205 -0.0133068 0.999809 0.0142843 3.38141 -0.946571 -0.0171992 0.322037 65.0605
0.332856 -0.0154599 0.942851 85.0925 -0.0143897 0.999666 0.0214715 3.40664 -0.942868 -0.0207143 0.332523 65.2871
0.342958 -0.016335 0.939209 85.7678 -0.0164922 0.99959 0.0234074 3.41985 -0.939206 -0.0235174 0.342548 65.5478
0.353967 -0.0167282 0.935108 86.4551 -0.0203949 0.999464 0.0255995 3.44266 -0.935035 -0.0281328 0.353436 65.8106
0.362725 -0.0237409 0.931594 87.1548 -0.0172502 0.999333 0.0321837 3.47775 -0.931736 -0.027744 0.362074 66.0922
0.370506 -0.0295291 0.92836 87.8585 -0.015299 0.999165 0.037887 3.51059 -0.928704 -0.0282404 0.369745 66.367
0.377312 -0.0377293 0.925317 88.585 -0.0235027 0.998458 0.0502951 3.55366 -0.925788 -0.0407244 0.375844 66.6541
0.384527 -0.0411491 0.922196 89.3011 -0.0276324 0.998045 0.0560554 3.59566 -0.9227 -0.0470373 0.382638 66.956
0.391769 -0.0422726 0.919092 90.0145 -0.0315517 0.997739 0.059339 3.63785 -0.919523 -0.0522461 0.389549 67.2711
0.399835 -0.0428392 0.915585 90.7338 -0.0256137 0.997995 0.0578805 3.68218 -0.916229 -0.0465942 0.397936 67.5561
0.407629 -0.0406309 0.912243 91.4418 -0.0180607 0.998455 0.0525411 3.73133 -0.912969 -0.0378931 0.406266 67.8951
0.412978 -0.0376399 0.909963 92.147 -0.0277749 0.99816 0.0538935 3.78751 -0.910317 -0.047531 0.411173 68.2218
0.417567 -0.0264093 0.908262 92.8357 -0.0375773 0.998221 0.0463009 3.8282 -0.907869 -0.0534638 0.415832 68.5641
0.420578 -0.0200441 0.907035 93.523 -0.0386117 0.998455 0.039968 3.86569 -0.906434 -0.0518318 0.419154 68.8956
0.424983 -0.0235049 0.904896 94.2028 -0.0272842 0.998876 0.03876 3.89371 -0.90479 -0.0411617 0.423864 69.2181
0.427857 -0.0198335 0.903629 94.881 -0.0209682 0.999272 0.0318609 3.91783 -0.903603 -0.0325794 0.42713 69.5519
0.430927 -0.0161498 0.902242 95.5233 -0.0222644 0.999345 0.0285218 3.94714 -0.902112 -0.0323787 0.430286 69.887
0.435945 -0.0161532 0.899828 96.1853 -0.0218459 0.999354 0.0285237 3.97356 -0.899708 -0.0320923 0.43531 70.2093
0.439855 -0.0200606 0.897845 96.8347 -0.0215788 0.999226 0.0328973 3.99079 -0.897809 -0.0338444 0.439082 70.557
0.44276 -0.0192091 0.896434 97.4589 -0.022629 0.999213 0.0325882 4.01666 -0.896355 -0.0347141 0.441976 70.8844
0.445432 -0.0177437 0.89514 98.1142 -0.0246438 0.999182 0.0320691 4.04163 -0.894976 -0.0363442 0.44463 71.1925
0.447669 -0.0162387 0.894052 98.7079 -0.0211289 0.999364 0.0287312 4.06065 -0.89395 -0.0317524 0.447041 71.5049
0.451088 -0.0177068 0.892304 99.3063 -0.0189422 0.999388 0.0294077 4.08353 -0.892278 -0.0301676 0.450477 71.8227
0.452261 -0.0219089 0.891616 99.8941 -0.0174691 0.999289 0.0334156 4.09573 -0.891715 -0.0306883 0.451557 72.1519
0.454576 -0.0223926 0.890427 100.489 -0.0180966 0.999245 0.0343678 4.11733 -0.890524 -0.0317365 0.453827 72.4445
0.454304 -0.0237083 0.890531 101.058 -0.0187288 0.999171 0.0361551 4.14174 -0.89065 -0.033104 0.453483 72.767
0.458142 -0.0204883 0.888643 101.636 -0.0217261 0.999178 0.0342377 4.16407 -0.888614 -0.0349925 0.45732 73.0581
0.459371 -0.0221281 0.887969 102.198 -0.018211 0.999245 0.0343222 4.19857 -0.888058 -0.0319374 0.458621 73.346
0.463852 -0.0210742 0.885662 102.777 -0.0181914 0.99928 0.0333051 4.21746 -0.885726 -0.0315601 0.463135 73.5665
0.462448 -0.0226599 0.886357 103.278 -0.017893 0.999231 0.0348811 4.23924 -0.886466 -0.0319903 0.461687 73.944
0.469795 -0.0265901 0.882375 103.837 -0.018466 0.999032 0.0399372 4.26133 -0.882582 -0.0350562 0.468849 74.1807
0.468051 -0.0236406 0.883385 104.34 -0.0205154 0.999082 0.0376066 4.2842 -0.883463 -0.0357248 0.467137 74.5115
0.475158 -0.0261748 0.879511 104.873 -0.0221652 0.998884 0.0417023 4.30743 -0.879621 -0.0393098 0.474048 74.7646
0.475446 -0.0248198 0.879395 105.378 -0.0233794 0.998892 0.0408325 4.32961 -0.879434 -0.0399734 0.474339 75.0619
0.479662 -0.0276007 0.877019 105.886 -0.0220336 0.998811 0.0434843 4.35573 -0.877177 -0.0401817 0.478484 75.3402
0.483799 -0.0258942 0.874796 106.404 -0.0226671 0.998856 0.0421022 4.38662 -0.874886 -0.0401981 0.482658 75.5945
0.487461 -0.0219797 0.872868 106.913 -0.0251928 0.998913 0.0392228 4.41004 -0.872781 -0.0411096 0.486377 75.8732
0.493421 -0.0239748 0.86946 107.405 -0.0216871 0.99897 0.0398535 4.43097 -0.86952 -0.0385206 0.492393 76.1725
0.499063 -0.0169013 0.866401 107.884 -0.020973 0.999281 0.0315743 4.46025 -0.866312 -0.0339286 0.49835 76.4696
0.504372 -0.014004 0.863373 108.377 -0.0176703 0.999492 0.0265347 4.48008 -0.863305 -0.0286394 0.503869 76.7709
0.511209 -0.00868236 0.859413 108.859 -0.0162487 0.999673 0.0197647 4.50475 -0.859303 -0.0240683 0.5109 77.0738
0.517567 -0.00754594 0.85561 109.345 -0.0121463 0.999796 0.016165 4.52189 -0.855557 -0.0187589 0.517369 77.3859
0.524275 -0.00408995 0.851539 109.846 -0.0141872 0.999808 0.0135368 4.53836 -0.851431 -0.019178 0.524116 77.6941
0.530058 -0.000647483 0.847961 110.348 -0.0193319 0.999731 0.0128477 4.55865 -0.847741 -0.0232028 0.529902 78.0281
0.535377 0.00324601 0.844607 110.849 -0.0230341 0.999677 0.0107588 4.57461 -0.844299 -0.0252147 0.535279 78.3818
0.542049 0.0056008 0.840328 111.368 -0.023034 0.999701 0.00819493 4.58734 -0.840031 -0.0237982 0.542016 78.728
0.547925 0.0028767 0.836523 111.881 -0.0178706 0.999806 0.00826706 4.59724 -0.836337 -0.0194788 0.54787 79.0963
0.555234 0.00185923 0.831692 112.395 -0.0106839 0.999931 0.00489723 4.61597 -0.831625 -0.0116049 0.555216 79.461
0.560111 0.00462852 0.828405 112.916 -0.00630293 0.999979 -0.00132554 4.62046 -0.828394 -0.00447893 0.560129 79.8439
0.566855 0.00297442 0.823812 113.452 -0.00132915 0.999995 -0.00269597 4.6349 -0.823817 0.000433251 0.566856 80.2244
0.572876 0.00360959 0.819634 113.998 0.00109882 0.999986 -0.00517185 4.6394 -0.819641 0.00386346 0.572864 80.6274
0.57932 0.00420447 0.815089 114.549 0.000628772 0.999984 -0.00560511 4.64852 -0.8151 0.00375966 0.579308 81.0488
0.586724 0.0108239 0.809715 115.115 -0.00409621 0.999938 -0.0103986 4.65561 -0.809777 0.00278434 0.586731 81.4733
0.59296 0.00762942 0.805196 115.689 -0.00264334 0.999968 -0.00752834 4.65605 -0.805228 0.00233559 0.592961 81.9126
0.601201 0.00364351 0.79909 116.267 0.00227266 0.999978 -0.00626933 4.66024 -0.799095 0.00558519 0.601179 82.3637
0.608449 0.00347493 0.793586 116.851 0.00276207 0.999975 -0.00649636 4.65821 -0.793588 0.00614464 0.608424 82.8231
0.616182 0.00628482 0.787579 117.431 0.00151915 0.999957 -0.00916812 4.66348 -0.787603 0.00684568 0.616145 83.299
0.624304 0.00578802 0.78116 118.023 0.00238842 0.999954 -0.009318 4.66596 -0.781178 0.007683 0.624261 83.7879
0.631009 0.00608995 0.775752 118.626 0.0045686 0.999923 -0.0115659 4.67072 -0.775762 0.0108423 0.630932 84.2859
0.636519 0.0045421 0.771247 119.236 0.00358232 0.999954 -0.00884555 4.67091 -0.771252 0.00839321 0.636474 84.7975
0.63989 0.00293705 0.768461 119.849 0.00532941 0.999952 -0.00825957 4.67357 -0.768448 0.00938066 0.639844 85.3244
0.643691 -0.00253963 0.765281 120.501 0.00753254 0.999967 -0.0030173 4.67361 -0.765248 0.00770672 0.643689 85.8502
0.645521 -0.00641427 0.763715 121.105 0.00985635 0.999951 6.74094e-005 4.68157 -0.763679 0.00748393 0.645553 86.3885
0.649876 -0.0115418 0.759952 121.758 0.00892608 0.999932 0.00755337 4.68832 -0.759988 0.00187464 0.649935 86.9385
0.651358 -0.0128759 0.758661 122.405 0.0053853 0.999909 0.0123467 4.697 -0.758751 -0.00395652 0.651368 87.5035
0.655058 -0.0163683 0.755401 123.053 0.0022369 0.999803 0.0197243 4.72154 -0.755575 -0.0112308 0.654966 88.0557
0.65972 -0.0153802 0.751354 123.711 -0.00237815 0.999743 0.0225528 4.7419 -0.751508 -0.0166654 0.659513 88.6176
0.661855 -0.00899767 0.749578 124.346 -0.00806268 0.999785 0.0191202 4.76644 -0.749589 -0.0186984 0.661639 89.2051
0.666128 -0.00150602 0.745836 125.013 -0.0123209 0.999839 0.013023 4.7923 -0.745735 -0.0178643 0.666003 89.7998
0.668599 0.0024964 0.743619 125.669 -0.0151615 0.999832 0.0102754 4.81808 -0.743469 -0.0181445 0.668524 90.3693
0.672485 0.00074368 0.740111 126.312 -0.0138774 0.999836 0.0116047 4.83474 -0.739981 -0.0180748 0.672385 90.989
0.676634 -0.00151034 0.736318 126.971 -0.0134993 0.999804 0.0144559 4.85483 -0.736195 -0.0197212 0.676482 91.6024
0.679481 -0.00353258 0.733685 127.626 -0.0160356 0.999678 0.0196643 4.87852 -0.733518 -0.0251266 0.679206 92.2257
0.684493 -0.0106876 0.728941 128.285 -0.0104752 0.999645 0.0244931 4.9001 -0.728944 -0.0244011 0.684138 92.8394
0.688214 -0.0163596 0.725324 128.93 -0.00463267 0.999626 0.0269421 4.92603 -0.725493 -0.0219021 0.687881 93.4725
0.693465 -0.0269436 0.719986 129.587 0.00627481 0.999488 0.0313596 4.95233 -0.720463 -0.017229 0.69328 94.0826
0.697815 -0.0276797 0.715743 130.241 0.00922394 0.999517 0.0296611 4.97924 -0.716218 -0.014096 0.697734 94.7272
0.703782 -0.0233045 0.710034 130.879 0.00253144 0.999538 0.0302974 5.01653 -0.710411 -0.0195254 0.703516 95.3561
0.709409 -0.0188697 0.704545 131.531 -0.00690026 0.999408 0.0337149 5.05827 -0.704764 -0.0287792 0.708858 96.0072
0.715849 -0.0222286 0.697901 132.181 -0.00938043 0.999097 0.0414435 5.10093 -0.698192 -0.0362139 0.714994 96.6676
0.719951 -0.0230357 0.693642 132.813 -0.00850008 0.999081 0.0420018 5.12911 -0.693972 -0.0361353 0.719094 97.3437
0.724996 -0.0224268 0.688388 133.459 -0.0074052 0.999158 0.0403503 5.17995 -0.688713 -0.0343515 0.724219 98.0071
0.728812 -0.0189316 0.684452 134.082 -0.00955744 0.999239 0.0378153 5.2122 -0.684647 -0.0341019 0.728077 98.6962
0.732606 -0.0191311 0.680384 134.724 -0.0130886 0.999024 0.0421839 5.25974 -0.680527 -0.0398095 0.731641 99.3818
0.735509 -0.0227435 0.677134 135.378 -0.0121439 0.998833 0.0467394 5.31008 -0.677407 -0.0426003 0.734374 100.057
0.73562 -0.0214342 0.677055 136.017 -0.0169329 0.998605 0.0500114 5.35638 -0.677182 -0.0482539 0.734231 100.773
0.73625 -0.0228569 0.676324 136.637 -0.0188861 0.998346 0.0542995 5.40996 -0.676446 -0.0527511 0.7346 101.456
0.737302 -0.0259931 0.675063 137.273 -0.0180996 0.998141 0.0582015 5.46162 -0.675321 -0.0551304 0.735461 102.15
0.738627 -0.0272305 0.673564 137.905 -0.0185855 0.997981 0.0607265 5.52774 -0.673858 -0.0573728 0.73663 102.85
0.736462 -0.0197376 0.676191 138.551 -0.0237286 0.998205 0.0549806 5.58053 -0.676063 -0.0565362 0.734672 103.547
0.735124 -0.015539 0.677754 139.185 -0.0261912 0.99834 0.0512974 5.64004 -0.677426 -0.0554611 0.733497 104.273
0.734102 -0.0149194 0.678876 139.833 -0.0245258 0.998524 0.0484651 5.69849 -0.678596 -0.0522283 0.732652 104.93
0.731062 -0.0132251 0.682183 140.446 -0.0245662 0.998654 0.0456868 5.75138 -0.681868 -0.0501585 0.729753 105.637
0.72936 -0.0115962 0.684031 141.103 -0.0260262 0.998662 0.0446809 5.80325 -0.683634 -0.0503912 0.728083 106.326
0.726321 -0.0151057 0.68719 141.736 -0.022893 0.998672 0.0461493 5.85078 -0.686975 -0.049251 0.72501 107.019
0.723921 -0.0161356 0.689695 142.376 -0.0224372 0.998647 0.0469142 5.89971 -0.689518 -0.049437 0.722579 107.693
0.720875 -0.0211774 0.692742 143.015 -0.0201751 0.998468 0.051518 5.94234 -0.692772 -0.0511141 0.719343 108.373
0.718589 -0.0235761 0.695035 143.659 -0.0134927 0.998764 0.0478287 5.9882 -0.695304 -0.043747 0.717383 109.025
0.714477 -0.0141466 0.699516 144.278 -0.0160232 0.999203 0.0365731 6.0292 -0.699476 -0.0373391 0.71368 109.695
0.71128 -0.0103206 0.702833 144.916 -0.0149279 0.999445 0.0297834 6.0734 -0.70275 -0.0316762 0.710731 110.357
0.707802 -0.0113705 0.706319 145.575 -0.0155463 0.999378 0.0316672 6.11651 -0.706239 -0.0333948 0.707185 111.019
0.703499 -0.00646117 0.710667 146.208 -0.0235605 0.999197 0.0324072 6.14284 -0.710306 -0.0395421 0.702782 111.671
0.699985 -0.00747761 0.714118 146.86 -0.0245477 0.999102 0.0345236 6.18219 -0.713735 -0.0416959 0.699173 112.337
0.696761 -0.0108164 0.717222 147.499 -0.0191665 0.999249 0.0336894 6.21287 -0.717047 -0.0372201 0.69603 112.957
0.692921 -0.0162117 0.720832 148.139 -0.0137786 0.999267 0.0357189 6.24824 -0.720882 -0.0346824 0.692189 113.599
0.689836 -0.0189726 0.723717 148.801 -0.00965412 0.999327 0.0354 6.28109 -0.723902 -0.031407 0.689188 114.233
0.685864 -0.0224704 0.727383 149.466 -0.00653609 0.999293 0.0370332 6.32331 -0.7277 -0.030154 0.685232 114.834
0.68169 -0.0208908 0.731343 150.109 -0.00811183 0.999315 0.0361065 6.35681 -0.731596 -0.030546 0.681054 115.441
0.678442 -0.0179689 0.734435 150.781 -0.0127169 0.999264 0.0361957 6.39883 -0.734544 -0.0338964 0.677714 116.033
0.674565 -0.0136769 0.738089 151.442 -0.0177371 0.999239 0.0347265 6.43127 -0.738003 -0.0365168 0.673809 116.644
0.670812 -0.0146317 0.741483 152.108 -0.0170874 0.999235 0.0351767 6.47016 -0.741431 -0.036267 0.670049 117.257
0.664845 -0.0119058 0.746887 152.78 -0.0175485 0.999348 0.031551 6.49993 -0.746775 -0.0340832 0.664203 117.852
0.658085 -0.00843597 0.752896 153.452 -0.0156079 0.99957 0.0248423 6.53711 -0.752782 -0.0280995 0.65767 118.458
0.652564 -0.00725593 0.757699 154.134 -0.0114911 0.999744 0.0194704 6.56186 -0.757647 -0.0214125 0.652313 119.05
0.645755 -0.00801059 0.763502 154.833 -0.0076453 0.999827 0.0169563 6.59955 -0.763506 -0.0167868 0.645582 119.649
0.639498 -0.00763532 0.768755 155.536 -0.0136929 0.999679 0.0213195 6.62861 -0.768671 -0.0241602 0.639188 120.237
0.633175 -0.000778648 0.774008 156.252 -0.0271863 0.99936 0.0232451 6.65953 -0.773531 -0.0357606 0.632749 120.835
0.625952 -0.00387514 0.779852 156.98 -0.0269671 0.999282 0.0266107 6.68181 -0.779395 -0.0376873 0.625398 121.417
0.618452 -0.00585728 0.785801 157.703 -0.0213715 0.999477 0.0242701 6.71487 -0.785532 -0.0318036 0.618003 122.011
0.610222 -0.00791234 0.792191 158.446 -0.0164432 0.999608 0.0226501 6.74742 -0.79206 -0.0268477 0.609853 122.591
0.603017 -0.0180425 0.797524 159.203 -0.00246305 0.999697 0.0244787 6.77682 -0.797724 -0.0167254 0.60279 123.177
0.595953 -0.0164137 0.802851 159.934 0.00370615 0.999837 0.0176898 6.79859 -0.803011 -0.00756682 0.595917 123.732
0.588511 -0.015952 0.808331 160.693 0.00201056 0.999831 0.0182673 6.82435 -0.808486 -0.00912532 0.588444 124.267
0.581051 -0.0136639 0.813753 161.473 -0.00619281 0.999756 0.021209 6.85367 -0.813844 -0.0173629 0.580824 124.844
0.574155 -0.0153769 0.818602 162.241 -0.0133555 0.999515 0.0281426 6.87512 -0.818637 -0.027091 0.573671 125.37
0.566982 -0.0147604 0.823598 163.003 -0.0140726 0.99952 0.0276011 6.9035 -0.82361 -0.0272395 0.566502 125.887
0.559938 -0.0114985 0.828454 163.765 -0.0171163 0.99953 0.0254415 6.93497 -0.828357 -0.0284257 0.559478 126.412
0.554058 -0.015193 0.83234 164.522 -0.0149425 0.999491 0.0281907 6.96786 -0.832344 -0.0280565 0.553548 126.948
0.549383 -0.0248851 0.8352 165.298 -0.0116591 0.999231 0.0374417 7.00085 -0.835489 -0.0303075 0.54867 127.436
0.543498 -0.0216331 0.839132 166.047 -0.017712 0.99915 0.0372303 7.03581 -0.839224 -0.0350973 0.542652 127.941
0.539856 -0.0180041 0.841565 166.809 -0.0255602 0.99896 0.0377679 7.06545 -0.841369 -0.0418998 0.538834 128.414
0.535122 -0.0186045 0.84457 167.545 -0.0221323 0.999106 0.0360318 7.10198 -0.844485 -0.0379736 0.534232 128.896
