0.999993 -0.00137303 -0.00338692 -0.00678116 0.00136543 0.999997 -0.0022434 -0.00134004 0.00338999 0.00223876 0.999992 0.749686
0.999975 -0.00228074 -0.00671158 -0.0177194 0.00225553 0.99999 -0.003761 -0.000447547 0.00672009 0.00374576 0.99997 1.54244
0.999942 0.00111478 -0.0106823 -0.0389477 -0.00117755 0.999982 -0.00587245 -0.00203074 0.0106756 0.00588469 0.999926 2.31922
0.99987 0.000653044 -0.0161187 -0.0534043 -0.000751308 0.999981 -0.006091 -0.00884935 0.0161144 0.00610232 0.999852 3.12128
0.999786 -0.000806301 -0.0206675 -0.074422 0.000674418 0.999979 -0.00638733 -0.021482 0.0206722 0.00637203 0.999766 3.93016
0.999717 0.00125707 -0.0237747 -0.111527 -0.00142484 0.999974 -0.00704118 -0.0401426 0.0237652 0.00707306 0.999693 4.81076
0.999553 0.00381736 -0.0296613 -0.136397 -0.00407179 0.999955 -0.00852211 -0.0432325 0.0296274 0.00863907 0.999524 5.69626
0.999387 0.000710383 -0.0349906 -0.170046 -0.000956175 0.999975 -0.00700828 -0.0478267 0.0349847 0.00703745 0.999363 6.69986
0.99925 -0.000604765 -0.0387073 -0.218556 0.000478475 0.999995 -0.00327188 -0.0699865 0.0387091 0.00325091 0.999245 7.69807
0.999089 -0.00149906 -0.0426424 -0.266593 0.00144765 0.999998 -0.00123636 -0.0859326 0.0426442 0.0011735 0.99909 8.87081
0.999046 0.00166994 -0.0436315 -0.348116 -0.00173541 0.999997 -0.00146257 -0.0935721 0.0436289 0.0015369 0.999047 9.85921
0.998868 0.00222057 -0.0475061 -0.388323 -0.0022879 0.999996 -0.001363 -0.111524 0.0475029 0.00147015 0.99887 10.9859
0.998808 -0.00458104 -0.0485991 -0.441383 0.00444525 0.999986 -0.00290193 -0.108664 0.0486117 0.00268244 0.998814 11.9603
0.998841 -0.000339482 -0.0481203 -0.514596 0.000261896 0.999999 -0.00161861 -0.122614 0.0481208 0.00160414 0.99884 13.0244
0.998622 -0.00261308 -0.052417 -0.556976 0.00248173 0.999994 -0.00257076 -0.131422 0.0524234 0.00243713 0.998622 14.0671
0.998675 0.00150159 -0.0514358 -0.629885 -0.00172053 0.99999 -0.00421262 -0.147221 0.0514289 0.00429553 0.998667 15.1255
0.99848 0.0032479 -0.0550174 -0.701517 -0.00364026 0.999969 -0.00703275 -0.154268 0.0549929 0.00722234 0.998461 16.2403
0.998392 0.00346781 -0.0565879 -0.773799 -0.0039292 0.99996 -0.00804438 -0.174807 0.0565577 0.00825379 0.998365 17.3748
0.998467 0.00614765 -0.0550007 -0.858847 -0.00663739 0.99994 -0.00872596 -0.186512 0.0549438 0.00907765 0.998448 18.586
0.99829 0.00337406 -0.0583531 -0.906785 -0.00374337 0.999974 -0.0062207 -0.212588 0.0583306 0.0064285 0.998277 19.7238
0.998374 0.00182875 -0.0569769 -1.00664 -0.0021399 0.999983 -0.00540042 -0.227831 0.0569661 0.00551356 0.998361 20.9187
0.998301 -0.00465996 -0.0580734 -1.08591 0.00435255 0.999976 -0.00541887 -0.234147 0.0580973 0.0051569 0.998298 22.0304
