0.999996 -2.71932e-006 0.00277309 -0.00329009 -2.71932e-006 0.999998 0.00196121 -0.00117126 -0.00277309 -0.00196121 0.999994 0.0328147
0.999998 -2.08175e-006 0.00214932 -0.00468991 -2.08175e-006 0.999998 0.00193712 -0.00672376 -0.00214932 -0.00193712 0.999996 0.786848
0.999982 -6.63927e-006 0.00606274 -0.0603835 -6.63927e-006 0.999998 0.00219017 -0.037598 -0.00606274 -0.00219017 0.999979 1.84423
0.999981 -6.07694e-006 0.0061654 -0.0710473 -6.07694e-006 0.999998 0.00197128 -0.0491122 -0.0061654 -0.00197128 0.999979 2.17702
0.999971 -6.84161e-006 0.0076803 -0.0866611 -6.84161e-006 0.999998 0.00178157 -0.0516885 -0.0076803 -0.00178157 0.999969 2.76527
0.999976 -7.98159e-006 0.0069663 -0.0541061 -7.98159e-006 0.999997 0.00229146 -0.0673185 -0.0069663 -0.00229146 0.999973 3.399
0.999963 -2.46849e-005 0.00863403 -0.0880263 -2.46849e-005 0.999984 0.00571789 -0.0823473 -0.00863403 -0.00571789 0.999946 4.3964
0.999956 -4.46439e-005 0.00940846 -0.0678806 -4.46439e-005 0.999955 0.00948973 -0.0902883 -0.00940846 -0.00948973 0.999911 5.0035
0.999926 -8.30246e-005 0.0122052 -0.0754506 -8.30246e-005 0.999907 0.0136037 -0.103268 -0.0122052 -0.0136037 0.999833 5.6151
0.999936 -8.49973e-005 0.0113171 -0.018468 -8.49973e-005 0.999887 0.0150196 -0.0890499 -0.0113171 -0.0150196 0.999823 6.30211
0.999928 -9.11717e-005 0.0120096 -0.0276496 -9.11717e-005 0.999885 0.0151817 -0.108116 -0.0120096 -0.0151817 0.999813 6.8771
0.999896 -7.33995e-005 0.0144398 -0.0314679 -7.33995e-005 0.999948 0.0101655 -0.120008 -0.0144398 -0.0101655 0.999844 7.55762
0.999896 -7.33995e-005 0.0144398 -0.0352862 -7.33995e-005 0.999948 0.0101655 -0.1319 -0.0144398 -0.0101655 0.999844 8.23813
0.999911 -5.46511e-005 0.0133106 0.0930359 -5.46511e-005 0.999966 0.00821114 -0.14404 -0.0133106 -0.00821114 0.999878 8.95877
0.999826 -4.74025e-005 0.0186314 0.0820591 -4.74025e-005 0.999987 0.00508797 -0.150599 -0.0186314 -0.00508797 0.999813 9.56679
0.999826 -4.74025e-005 0.0186314 0.0710823 -4.74025e-005 0.999987 0.00508797 -0.157159 -0.0186314 -0.00508797 0.999813 10.1748
0.999818 -2.91641e-005 0.0190548 0.116849 -2.91641e-005 0.999995 0.00306079 -0.181238 -0.0190548 -0.00306079 0.999814 10.6605
0.999683 -3.02494e-005 0.0251718 0.0615507 -3.02494e-005 0.999997 0.00240305 -0.186807 -0.0251718 -0.00240305 0.99968 11.1134
0.999613 -5.33717e-005 0.0278205 0.0862123 -5.33717e-005 0.999993 0.0038361 -0.209423 -0.0278205 -0.0038361 0.999606 11.5333
0.999499 -6.89774e-005 0.0316504 0.0841789 -6.89774e-005 0.999991 0.0043576 -0.20897 -0.0316504 -0.0043576 0.99949 11.9559
0.999344 -8.05782e-005 0.0362251 0.0540363 -8.05782e-005 0.99999 0.00444727 -0.219939 -0.0362251 -0.00444727 0.999334 12.4522
0.999325 -0.000108279 0.0367262 0.133571 -0.000108279 0.999983 0.00589452 -0.227873 -0.0367262 -0.00589452 0.999308 12.8235
0.999436 -8.74354e-005 0.0335793 0.188193 -8.74354e-005 0.999986 0.00520619 -0.204767 -0.0335793 -0.00520619 0.999422 13.1947
0.999162 -0.000123827 0.0409292 0.154578 -0.000123827 0.999982 0.00604821 -0.240051 -0.0409292 -0.00604821 0.999144 13.5336
0.999559 -3.58039e-005 0.029704 0.356792 -3.58039e-005 0.999997 0.00241018 -0.218982 -0.029704 -0.00241018 0.999556 13.7894
0.999074 -7.71108e-005 0.0430264 0.218784 -7.71108e-005 0.999994 0.00358268 -0.252527 -0.0430264 -0.00358268 0.999068 14.1119
0.999169 -1.31629e-005 0.0407599 0.25884 -1.31629e-005 1 0.000645607 -0.261393 -0.0407599 -0.000645607 0.999169 14.3756
0.999169 -1.31629e-005 0.0407599 0.298896 -1.31629e-005 1 0.000645607 -0.270259 -0.0407599 -0.000645607 0.999169 14.6393
0.999 1.42184e-005 0.0447148 0.297466 1.42184e-005 1 -0.00063564 -0.273645 -0.0447148 0.00063564 0.999 14.7642
0.998988 6.7288e-005 0.0449759 0.316917 6.7288e-005 0.999996 -0.00299066 -0.275959 -0.0449759 0.00299066 0.998984 14.9101
0.998988 6.7288e-005 0.0449759 0.336368 6.7288e-005 0.999996 -0.00299066 -0.278272 -0.0449759 0.00299066 0.998984 15.0561
0.998878 7.64801e-005 0.0473627 0.295739 7.64801e-005 0.999995 -0.00322773 -0.282987 -0.0473627 0.00322773 0.998873 15.2123
0.998768 0.000208415 0.0496265 0.312039 0.000208415 0.999965 -0.00839403 -0.285116 -0.0496265 0.00839403 0.998733 15.3569
0.998768 0.000208415 0.0496265 0.32834 0.000208415 0.999965 -0.00839403 -0.287244 -0.0496265 0.00839403 0.998733 15.5016
0.99889 0.000355722 0.0471066 0.297819 0.000355722 0.999886 -0.0150936 -0.280397 -0.0471066 0.0150936 0.998776 16.0459
0.998753 0.000363975 0.0499252 0.291092 0.000363975 0.999894 -0.014571 -0.305794 -0.0499252 0.014571 0.998647 16.5135
0.998529 0.000499819 0.0542251 0.209518 0.000499819 0.99983 -0.0184198 -0.327733 -0.0542251 0.0184198 0.998359 17.1971
0.999026 0.000433353 0.0441346 0.238745 0.000433353 0.999807 -0.0196264 -0.327547 -0.0441346 0.0196264 0.998833 17.5366
0.999026 0.000433353 0.0441346 0.267973 0.000433353 0.999807 -0.0196264 -0.327361 -0.0441346 0.0196264 0.998833 17.8762
0.99921 0.000426093 0.0397503 0.234261 0.000426093 0.99977 -0.0214276 -0.349176 -0.0397503 0.0214276 0.99898 18.7074
0.999493 0.000339888 0.0318357 0.355649 0.000339888 0.999772 -0.0213448 -0.262539 -0.0318357 0.0213448 0.999265 18.8018
0.99966 0.000296546 0.0260839 0.212583 0.000296546 0.999742 -0.0227311 -0.355661 -0.0260839 0.0227311 0.999401 18.9446
0.999974 8.96258e-005 0.00726922 0.23329 8.96258e-005 0.999696 -0.0246549 -0.339584 -0.00726922 0.0246549 0.99967 19.2046
0.999974 8.96258e-005 0.00726922 0.253997 8.96258e-005 0.999696 -0.0246549 -0.323507 -0.00726922 0.0246549 0.99967 19.4647
0.999986 -7.02299e-005 -0.00530962 0.210674 -7.02299e-005 0.99965 -0.026449 -0.348505 0.00530962 0.026449 0.999636 19.5836
0.999766 -0.000306905 -0.0216447 0.219163 -0.000306905 0.999598 -0.0283493 -0.341687 0.0216447 0.0283493 0.999364 19.7092
0.999175 -0.000592212 -0.0406007 0.181223 -0.000592212 0.999575 -0.0291543 -0.356207 0.0406007 0.0291543 0.99875 19.7721
0.998059 -0.000893273 -0.0622673 0.157758 -0.000893273 0.999589 -0.0286578 -0.359627 0.0622673 0.0286578 0.997648 19.9025
0.996328 -0.00117495 -0.0856113 0.11027 -0.00117495 0.999624 -0.0273929 -0.358958 0.0856113 0.0273929 0.995952 20.0711
0.993647 -0.00146101 -0.112534 0.0917328 -0.00146101 0.999664 -0.0258789 -0.365911 0.112534 0.0258789 0.993311 20.1699
0.989768 -0.00172154 -0.142675 0.0691178 -0.00172154 0.99971 -0.0240054 -0.365681 0.142675 0.0240054 0.989478 20.2436
0.984466 -0.00184416 -0.175566 0.00966348 -0.00184416 0.999781 -0.0208427 -0.373007 0.175566 0.0208427 0.984247 20.4343
0.977153 -0.00186153 -0.21253 -0.0748841 -0.00186153 0.999848 -0.0173164 -0.374591 0.21253 0.0173164 0.977001 20.654
0.967721 -0.0015654 -0.252017 -0.165712 -0.0015654 0.999924 -0.012222 -0.383615 0.252017 0.012222 0.967646 20.8783
0.955925 -0.00105016 -0.293609 -0.265561 -0.00105016 0.999975 -0.0069957 -0.391177 0.293609 0.0069957 0.9559 21.0951
0.942089 -0.000469393 -0.335362 -0.391538 -0.000469393 0.999996 -0.00271826 -0.392852 0.335362 0.00271826 0.942086 21.3174
0.925634 0.0005214 -0.378419 -0.527761 0.0005214 0.999996 0.0026532 -0.399783 0.378419 -0.0026532 0.92563 21.5441
0.906454 0.00193255 -0.4223 -0.65441 0.00193255 0.99996 0.00872423 -0.398782 0.4223 -0.00872423 0.906414 21.7449
0.885237 0.00375309 -0.465124 -0.797136 0.00375309 0.999877 0.015211 -0.400137 0.465124 -0.015211 0.885115 21.9204
0.860822 0.00549358 -0.508877 -0.990109 0.00549358 0.999783 0.0200862 -0.402872 0.508877 -0.0200862 0.860605 22.1598
0.833203 0.00708588 -0.552921 -1.20892 0.00708588 0.999699 0.0234893 -0.403911 0.552921 -0.0234893 0.832902 22.4083
0.803122 0.00848665 -0.595754 -1.46602 0.00848665 0.999634 0.0256807 -0.400817 0.595754 -0.0256807 0.802757 22.6572
0.770254 0.0103381 -0.637654 -1.74022 0.0103381 0.999535 0.028693 -0.396798 0.637654 -0.028693 0.769788 22.8937
0.734042 0.0126823 -0.678986 -2.04635 0.0126823 0.999395 0.0323775 -0.383342 0.678986 -0.0323775 0.733437 23.1432
0.69567 0.0142881 -0.718219 -2.38199 0.0142881 0.999329 0.0337199 -0.374976 0.718219 -0.0337199 0.694999 23.394
0.655158 0.0151766 -0.755339 -2.74116 0.0151766 0.999332 0.0332427 -0.364134 0.755339 -0.0332427 0.654491 23.6427
0.61273 0.0155436 -0.79014 -3.13683 0.0155436 0.999376 0.0317133 -0.354951 0.79014 -0.0317133 0.612106 23.8855
0.568785 0.0164115 -0.822322 -3.56153 0.0164115 0.999375 0.0312966 -0.347504 0.822322 -0.0312966 0.568161 24.1088
0.522517 0.0180341 -0.852438 -4.00608 0.0180341 0.999319 0.0321959 -0.33592 0.852438 -0.0321959 0.521836 24.3204
0.473532 0.0197585 -0.880555 -4.47288 0.0197585 0.999258 0.0330474 -0.324014 0.880555 -0.0330474 0.47279 24.5029
0.421715 0.0196227 -0.906516 -4.96918 0.0196227 0.999334 0.0307604 -0.311354 0.906516 -0.0307604 0.42105 24.6707
0.36856 0.0193098 -0.929403 -5.48658 0.0193098 0.999409 0.0284217 -0.302518 0.929403 -0.0284217 0.36797 24.8169
0.315413 0.0204265 -0.948735 -6.01139 0.0204265 0.999391 0.0283081 -0.286803 0.948735 -0.0283081 0.314803 24.9316
0.262695 0.0244669 -0.964569 -6.55173 0.0244669 0.999188 0.0320085 -0.272815 0.964569 -0.0320085 0.261883 25.0206
0.211374 0.0267023 -0.97704 -7.12101 0.0267023 0.999096 0.0330819 -0.253284 0.97704 -0.0330819 0.21047 25.093
0.162891 0.025579 -0.986313 -7.70982 0.025579 0.999218 0.0301381 -0.245006 0.986313 -0.0301381 0.162109 25.1439
0.118484 0.0266141 -0.992599 -8.30616 0.0266141 0.999196 0.0299679 -0.238289 0.992599 -0.0299679 0.11768 25.1771
0.0787156 0.0299498 -0.996447 -8.90413 0.0299498 0.999026 0.0323933 -0.230733 0.996447 -0.0323933 0.077742 25.1784
0.0437774 0.0346299 -0.998441 -9.51007 0.0346299 0.998746 0.0361589 -0.214937 0.998441 -0.0361589 0.0425233 25.1679
0.015869 0.039331 -0.9991 -10.1129 0.039331 0.998428 0.0399292 -0.197945 0.9991 -0.0399292 0.0142971 25.138
-0.00496453 0.0425409 -0.999082 -10.7624 0.0425409 0.998199 0.0422919 -0.173976 0.999082 -0.0422919 -0.00676532 25.1065
-0.0185534 0.0414356 -0.998969 -11.424 0.0414356 0.998314 0.0406389 -0.148537 0.998969 -0.0406389 -0.0202391 25.0844
-0.0269587 0.0420567 -0.998751 -12.1159 0.0420567 0.998278 0.0409016 -0.125662 0.998751 -0.0409016 -0.0286811 25.0601
-0.0303354 0.0421679 -0.99865 -12.8586 0.0421679 0.998274 0.0408711 -0.106852 0.99865 -0.0408711 -0.0320612 25.0194
-0.0309823 0.0350391 -0.998906 -13.6311 0.0350391 0.998809 0.033949 -0.0814728 0.998906 -0.033949 -0.0321731 25.0081
-0.0275628 0.0230533 -0.999354 -14.4632 0.0230533 0.999483 0.0224204 -0.0567687 0.999354 -0.0224204 -0.02808 24.9945
-0.0222176 0.0228164 -0.999493 -15.3026 0.0228164 0.999491 0.0223092 -0.0385372 0.999493 -0.0223092 -0.0227269 24.9853
-0.0158369 0.0256751 -0.999545 -16.1482 0.0256751 0.999351 0.0252633 -0.0291628 0.999545 -0.0252633 -0.0164858 24.9677
-0.0138763 0.0212718 -0.999677 -17.0252 0.0212718 0.999554 0.0209739 -0.0245158 0.999677 -0.0209739 -0.0143226 24.9714
-0.0110248 0.0238818 -0.999654 -17.8823 0.0238818 0.999436 0.0236132 -0.0100264 0.999654 -0.0236132 -0.011589 24.9612
-0.00964005 0.0313808 -0.999461 -18.6926 0.0313808 0.999025 0.0310644 -0.0115246 0.999461 -0.0310644 -0.0106154 24.9387
-0.0105391 0.0352221 -0.999324 -19.4172 0.0352221 0.998772 0.0348312 0.00517699 0.999324 -0.0348312 -0.0117667 24.9319
-0.0134369 0.0453755 -0.99888 -20.181 0.0453755 0.997968 0.0447237 0.023446 0.99888 -0.0447237 -0.0154685 24.8981
-0.0177191 0.0507839 -0.998552 -20.9315 0.0507839 0.997466 0.0498275 0.0640776 0.998552 -0.0498275 -0.0202533 24.8723
-0.022759 0.051986 -0.998388 -21.7206 0.051986 0.997358 0.0507473 0.105194 0.998388 -0.0507473 -0.0254014 24.8421
-0.0247121 0.053211 -0.998277 -22.5879 0.053211 0.997237 0.0518383 0.152349 0.998277 -0.0518383 -0.0274752 24.8101
-0.0266065 0.0506357 -0.998363 -23.5258 0.0506357 0.997502 0.0492426 0.197703 0.998363 -0.0492426 -0.029104 24.7806
-0.0278327 0.0507342 -0.998324 -24.4824 0.0507342 0.997496 0.0492776 0.236976 0.998324 -0.0492776 -0.0303369 24.7445
-0.0296142 0.0516786 -0.998225 -25.4922 0.0516786 0.997406 0.0501031 0.271244 0.998225 -0.0501031 -0.0322081 24.7121
-0.0308901 0.0540833 -0.998059 -26.5516 0.0540833 0.997163 0.0523609 0.289831 0.998059 -0.0523609 -0.0337275 24.649
-0.0357831 0.0540685 -0.997896 -27.6471 0.0540685 0.997178 0.0520908 0.32621 0.997896 -0.0520908 -0.0386055 24.6127
-0.0411023 0.0542596 -0.997681 -28.7332 0.0542596 0.997172 0.0519966 0.359277 0.997681 -0.0519966 -0.0439301 24.5503
-0.0473458 0.0564459 -0.997282 -29.797 0.0564459 0.996958 0.0537478 0.394565 0.997282 -0.0537478 -0.0503879 24.4835
-0.0538605 0.0564022 -0.996954 -30.7918 0.0564022 0.996981 0.0533566 0.433258 0.996954 -0.0533566 -0.0568791 24.4148
-0.0599857 0.0587937 -0.996466 -31.864 0.0587937 0.996739 0.0552705 0.483919 0.996466 -0.0552705 -0.0632468 24.3324
-0.0656415 0.0619359 -0.995919 -32.9121 0.0619359 0.9964 0.0578836 0.52362 0.995919 -0.0578836 -0.0692413 24.2474
-0.0695557 0.0664764 -0.995361 -33.9861 0.0664764 0.995868 0.0618649 0.578423 0.995361 -0.0618649 -0.0736874 24.1536
-0.0706688 0.0717942 -0.994913 -35.0815 0.0717942 0.995186 0.0667143 0.626028 0.994913 -0.0667143 -0.075483 24.0449
-0.0722862 0.0751388 -0.99455 -36.2348 0.0751388 0.994735 0.0696915 0.684779 0.99455 -0.0696915 -0.0775514 23.9517
-0.0736006 0.0765028 -0.994349 -37.3415 0.0765028 0.994549 0.0708555 0.743934 0.994349 -0.0708555 -0.0790521 23.8556
-0.0743944 0.0784547 -0.994138 -38.4798 0.0784547 0.994271 0.0725942 0.811056 0.994138 -0.0725942 -0.0801233 23.7627
-0.0756741 0.0787848 -0.994015 -39.6271 0.0787848 0.99423 0.072804 0.870664 0.994015 -0.072804 -0.0814445 23.6583
-0.0751567 0.0832189 -0.993693 -40.8088 0.0832189 0.993559 0.0769135 0.9307 0.993693 -0.0769135 -0.081598 23.5526
-0.0749545 0.0874272 -0.993347 -42.0065 0.0874272 0.992889 0.08079 0.999711 0.993347 -0.08079 -0.082065 23.4383
-0.0733579 0.0938109 -0.992884 -43.209 0.0938109 0.991801 0.0867775 1.07214 0.992884 -0.0867775 -0.0815569 23.3247
-0.0723475 0.0948047 -0.992863 -44.3961 0.0948047 0.991618 0.0877776 1.15502 0.992863 -0.0877776 -0.0807291 23.2203
-0.0721594 0.0939396 -0.992959 -45.5571 0.0939396 0.991769 0.0870003 1.2432 0.992959 -0.0870003 -0.0803901 23.1355
-0.0697179 0.0952014 -0.993014 -46.7131 0.0952014 0.991527 0.0883749 1.33014 0.993014 -0.0883749 -0.0781905 23.0324
-0.0698501 0.0904249 -0.993451 -47.8666 0.0904249 0.992357 0.0839675 1.42218 0.993451 -0.0839675 -0.0774929 22.9465
-0.066627 0.0912051 -0.993601 -49.0214 0.0912051 0.992201 0.0849608 1.50052 0.993601 -0.0849608 -0.0744258 22.8527
-0.0616756 0.0947084 -0.993593 -50.2357 0.0947084 0.991551 0.088635 1.5827 0.993593 -0.088635 -0.0701242 22.7527
-0.0544178 0.099747 -0.993524 -51.4744 0.099747 0.990564 0.0939865 1.67402 0.993524 -0.0939865 -0.0638538 22.6491
-0.0486499 0.101103 -0.993686 -52.7097 0.101103 0.990252 0.0958039 1.76421 0.993686 -0.0958039 -0.0583975 22.5843
-0.0423332 0.101998 -0.993883 -53.9633 0.101998 0.990019 0.0972572 1.86561 0.993883 -0.0972572 -0.0523143 22.5079
-0.0351566 0.102027 -0.99416 -55.1881 0.102027 0.989944 0.0979866 1.96064 0.99416 -0.0979866 -0.0452127 22.4184
-0.0316679 0.0979795 -0.994684 -56.3826 0.0979795 0.990695 0.0944671 2.05973 0.994684 -0.0944671 -0.0409732 22.3882
-0.0263412 0.0962818 -0.995006 -57.6292 0.0962818 0.990968 0.0933422 2.16033 0.995006 -0.0933422 -0.0353735 22.3342
-0.0207732 0.0950703 -0.995254 -58.8781 0.0950703 0.991146 0.0926935 2.25609 0.995254 -0.0926935 -0.0296276 22.2967
-0.0154004 0.094742 -0.995383 -60.1754 0.094742 0.99116 0.0928742 2.35587 0.995383 -0.0928742 -0.0242403 22.2589
-0.0112612 0.09263 -0.995637 -61.4828 0.09263 0.991515 0.0911988 2.46426 0.995637 -0.0911988 -0.019746 22.2444
-0.00588997 0.0917509 -0.995765 -62.5667 0.0917509 0.991631 0.0908273 2.54633 0.995765 -0.0908273 -0.0142589 22.2204
-0.00108982 0.0909212 -0.995857 -63.8511 0.0909212 0.991742 0.090446 2.63568 0.995857 -0.090446 -0.00934748 22.2051
0.00257722 0.0903329 -0.995908 -65.146 0.0903329 0.991819 0.0901958 2.73408 0.995908 -0.0901958 -0.0056039 22.1977
0.0051054 0.0888658 -0.996031 -66.4157 0.0888658 0.992062 0.0889673 2.83393 0.996031 -0.0889673 -0.00283225 22.1974
0.00812366 0.0899228 -0.995916 -67.6934 0.0899228 0.991848 0.090289 2.92781 0.995916 -0.090289 -2.86734e-005 22.1884
0.00899008 0.0899893 -0.995902 -68.938 0.0899893 0.991828 0.0904335 3.03507 0.995902 -0.0904335 0.000818543 22.177
0.0103813 0.0926331 -0.995646 -70.2339 0.0926331 0.991329 0.0931973 3.12893 0.995646 -0.0931973 0.00171036 22.181
0.0105568 0.0910211 -0.995793 -71.5305 0.0910211 0.991627 0.0916053 3.2347 0.995793 -0.0916053 0.00218352 22.1763
0.0121012 0.0915679 -0.995725 -72.8139 0.0915679 0.991513 0.0922933 3.32215 0.995725 -0.0922933 0.00361379 22.1726
0.01175 0.089674 -0.995902 -74.1216 0.089674 0.991863 0.0903683 3.42231 0.995902 -0.0903683 0.00361296 22.1866
0.0113556 0.0865736 -0.996181 -75.3964 0.0865736 0.992419 0.0872335 3.51722 0.996181 -0.0872335 0.00377454 22.19
0.0124657 0.0851301 -0.996292 -76.6339 0.0851301 0.992661 0.085885 3.60585 0.996292 -0.085885 0.00512705 22.1753
0.0106264 0.0835107 -0.99645 -77.8625 0.0835107 0.992951 0.084108 3.69321 0.99645 -0.084108 0.00357746 22.1956
0.0111015 0.0858018 -0.99625 -79.121 0.0858018 0.992555 0.0864397 3.77902 0.99625 -0.0864397 0.0036569 22.1912
0.0149071 0.0872769 -0.996073 -80.4201 0.0872769 0.992267 0.0882497 3.921 0.996073 -0.0882497 0.00717457 22.1209
0.0135069 0.0892243 -0.99592 -81.7349 0.0892243 0.99193 0.090077 3.98593 0.99592 -0.090077 0.00543694 22.1577
0.0151015 0.0876637 -0.996036 -82.9813 0.0876637 0.992197 0.088655 4.07106 0.996036 -0.088655 0.00729878 22.1349
0.0147753 0.0869483 -0.996103 -84.2398 0.0869483 0.992327 0.0879083 4.15171 0.996103 -0.0879083 0.00710192 22.1479
0.013358 0.0841878 -0.99636 -85.5309 0.0841878 0.992816 0.085017 4.24634 0.99636 -0.085017 0.00617446 22.1628
0.0138819 0.0822672 -0.996514 -86.8219 0.0822672 0.993137 0.0831344 4.32499 0.996514 -0.0831344 0.00701872 22.1409
0.0123135 0.0824273 -0.996521 -88.0331 0.0824273 0.993121 0.0831646 4.40733 0.996521 -0.0831646 0.00543455 22.1748
0.015216 0.0841649 -0.996336 -89.3549 0.0841649 0.992807 0.0851522 4.48966 0.996336 -0.0851522 0.00802285 22.1305
0.0134523 0.0832191 -0.99644 -90.6557 0.0832191 0.99298 0.0840536 4.58518 0.99644 -0.0840536 0.00643247 22.1709
0.0140156 0.0823315 -0.996506 -91.9882 0.0823315 0.993125 0.0832101 4.653 0.996506 -0.0832101 0.00714082 22.173
0.0142207 0.0805503 -0.996649 -93.3047 0.0805503 0.993418 0.0814385 4.74447 0.996649 -0.0814385 0.00763874 22.1701
0.0139257 0.0783432 -0.996829 -94.6131 0.0783432 0.993776 0.0791977 4.83629 0.996829 -0.0791977 0.00770135 22.1769
0.0133202 0.07622 -0.997002 -95.9275 0.07622 0.994112 0.0770174 4.91572 0.997002 -0.0770174 0.00743226 22.1811
0.0142241 0.0777333 -0.996873 -97.2462 0.0777333 0.99387 0.0786084 4.99906 0.996873 -0.0786084 0.00809443 22.1819
0.0159716 0.0805821 -0.99662 -98.5691 0.0805821 0.993401 0.0816133 5.08878 0.99662 -0.0816133 0.00937276 22.1686
0.0148479 0.0813082 -0.996578 -99.8915 0.0813082 0.993289 0.0822513 5.17211 0.996578 -0.0822513 0.00813721 22.2035
0.0174572 0.0848517 -0.996241 -101.207 0.0848517 0.992672 0.0860347 5.24275 0.996241 -0.0860347 0.0101295 22.1756
0.017709 0.0859021 -0.996146 -102.477 0.0859021 0.992488 0.0871137 5.32043 0.996146 -0.0871137 0.0101968 22.1939
0.0182033 0.0859549 -0.996133 -103.706 0.0859549 0.992475 0.08721 5.41003 0.996133 -0.08721 0.010678 22.1924
0.0182951 0.0853359 -0.996184 -104.979 0.0853359 0.992582 0.0865945 5.5033 0.996184 -0.0865945 0.0108772 22.2044
0.0173606 0.0847681 -0.996249 -106.258 0.0847681 0.992687 0.0859422 5.58539 0.996249 -0.0859422 0.010048 22.2196
0.0175753 0.0841421 -0.996299 -107.505 0.0841421 0.992793 0.0853303 5.68093 0.996299 -0.0853303 0.0103688 22.2227
0.0174999 0.085213 -0.996209 -108.859 0.085213 0.992609 0.086402 5.78878 0.996209 -0.086402 0.0101093 22.2112
0.0179442 0.0893085 -0.995842 -110.18 0.0893085 0.991878 0.0905622 5.8702 0.995842 -0.0905622 0.00982248 22.2134
0.0195221 0.0932226 -0.995454 -111.463 0.0932226 0.991137 0.0946465 5.96954 0.995454 -0.0946465 0.0106586 22.2017
0.0191712 0.093476 -0.995437 -112.814 0.093476 0.991091 0.0948682 6.06644 0.995437 -0.0948682 0.0102627 22.2153
0.0198919 0.0933518 -0.995434 -114.194 0.0933518 0.991109 0.0948116 6.17739 0.995434 -0.0948116 0.0110005 22.2017
0.0187498 0.0893062 -0.995828 -115.544 0.0893062 0.991872 0.0906329 6.27867 0.995828 -0.0906329 0.0106218 22.2098
0.0171683 0.0853036 -0.996207 -116.872 0.0853036 0.992596 0.0864645 6.3842 0.996207 -0.0864645 0.00976448 22.2237
0.016783 0.0853753 -0.996208 -118.195 0.0853753 0.992587 0.0865033 6.48718 0.996208 -0.0865033 0.00936959 22.2338
0.0161941 0.0842847 -0.99631 -119.533 0.0842847 0.992779 0.085356 6.58865 0.99631 -0.085356 0.00897326 22.2284
0.015507 0.0819731 -0.996514 -120.911 0.0819731 0.993175 0.082974 6.69569 0.996514 -0.082974 0.00868155 22.2283
0.014919 0.0835197 -0.996394 -122.303 0.0835197 0.992919 0.0844789 6.79332 0.996394 -0.0844789 0.00783779 22.2533
0.0146682 0.0833509 -0.996412 -123.714 0.0833509 0.992949 0.0842882 6.88593 0.996412 -0.0842882 0.00761742 22.2448
0.0130106 0.0813509 -0.996601 -125.067 0.0813509 0.993295 0.0821431 6.96643 0.996601 -0.0821431 0.00630537 22.2645
0.0131526 0.0837398 -0.996401 -126.445 0.0837398 0.992894 0.0845504 7.06608 0.996401 -0.0845504 0.00604683 22.2554
0.0130901 0.0890499 -0.995941 -127.83 0.0890499 0.991965 0.0898648 7.16391 0.995941 -0.0898648 0.00505508 22.2574
0.0133927 0.0942362 -0.99546 -129.224 0.0942362 0.990999 0.0950817 7.27343 0.99546 -0.0950817 0.00439174 22.2584
0.0144764 0.101049 -0.994776 -130.606 0.101049 0.989639 0.101998 7.38619 0.994776 -0.101998 0.00411547 22.2481
0.016148 0.104171 -0.994428 -131.963 0.104171 0.98897 0.105291 7.49234 0.994428 -0.105291 0.00511828 22.233
0.0160955 0.106717 -0.994159 -133.354 0.106717 0.988425 0.107829 7.61515 0.994159 -0.107829 0.00452072 22.2345
0.0166588 0.106646 -0.994157 -134.733 0.106646 0.988434 0.107819 7.73705 0.994157 -0.107819 0.00509267 22.2133
0.0155567 0.104938 -0.994357 -136.079 0.104938 0.988814 0.105995 7.85717 0.994357 -0.105995 0.00437057 22.2237
0.0160532 0.105948 -0.994242 -137.447 0.105948 0.988592 0.107056 7.98254 0.994242 -0.107056 0.00464523 22.2146
0.0147269 0.105757 -0.994283 -138.851 0.105757 0.988648 0.106724 8.11115 0.994283 -0.106724 0.00337511 22.2105
0.0136258 0.106763 -0.994191 -140.132 0.106763 0.988444 0.107609 8.23297 0.994191 -0.107609 0.00207013 22.2167
0.0143311 0.106168 -0.994245 -141.535 0.106168 0.988564 0.107092 8.3664 0.994245 -0.107092 0.00289559 22.2004
0.0148882 0.106012 -0.994253 -142.958 0.106012 0.988592 0.106995 8.49008 0.994253 -0.106995 0.00347988 22.2
0.0157213 0.105343 -0.994312 -144.376 0.105343 0.988726 0.106417 8.62478 0.994312 -0.106417 0.00444687 22.2016
0.0162166 0.103111 -0.994538 -145.698 0.103111 0.989193 0.104239 8.73491 0.994538 -0.104239 0.00540942 22.1869
0.0160168 0.104397 -0.994407 -146.866 0.104397 0.988924 0.105503 8.83661 0.994407 -0.105503 0.00494067 22.2222
0.0160732 0.103625 -0.994487 -148.22 0.103625 0.989087 0.104737 8.96864 0.994487 -0.104737 0.0051597 22.2326
0.018276 0.106235 -0.994173 -149.588 0.106235 0.988504 0.107583 9.08578 0.994173 -0.107583 0.00677994 22.2255
0.0188768 0.106659 -0.994116 -150.862 0.106659 0.988405 0.108072 9.19483 0.994116 -0.108072 0.0072817 22.2293
0.0206552 0.106783 -0.994068 -151.98 0.106783 0.988357 0.108389 9.28237 0.994068 -0.108389 0.00901209 22.219
0.0186708 0.103206 -0.994485 -152.959 0.103206 0.989146 0.10459 9.37747 0.994485 -0.10459 0.00781663 22.2338
0.0202396 0.102494 -0.994528 -153.871 0.102494 0.989278 0.104039 9.44568 0.994528 -0.104039 0.00951761 22.221
0.0164124 0.0992613 -0.994926 -154.726 0.0992613 0.989983 0.100406 9.52769 0.994926 -0.100406 0.00639522 22.2546
0.0153588 0.0974219 -0.995125 -155.558 0.0974219 0.990361 0.0984592 9.58857 0.995125 -0.0984592 0.00571972 22.2632
0.0133573 0.0980723 -0.99509 -156.436 0.0980723 0.990252 0.098912 9.65326 0.99509 -0.098912 0.00360887 22.2882
0.0126757 0.0941951 -0.995473 -157.35 0.0941951 0.991013 0.0949725 9.72936 0.995473 -0.0949725 0.00368904 22.2758
0.0109157 0.0915397 -0.995742 -158.228 0.0915397 0.991528 0.0921558 9.80256 0.995742 -0.0921558 0.0024437 22.2877
0.0113838 0.0885909 -0.996003 -159.156 0.0885909 0.992061 0.0892528 9.86999 0.996003 -0.0892528 0.00344512 22.2764
0.0115332 0.0930311 -0.995596 -160.05 0.0930311 0.991244 0.0937021 9.94339 0.995596 -0.0937021 0.00277739 22.2742
0.012137 0.0914444 -0.995736 -160.848 0.0914444 0.991535 0.0921733 9.99518 0.995736 -0.0921733 0.00367215 22.2667
0.0131148 0.0985373 -0.995047 -161.618 0.0985373 0.990161 0.0993522 10.0646 0.995047 -0.0993522 0.0032762 22.2619
0.0165184 0.101637 -0.994684 -162.304 0.101637 0.989496 0.102795 10.1138 0.994684 -0.102795 0.00601483 22.2521
0.0190289 0.106385 -0.994143 -163.104 0.106385 0.988463 0.107813 10.1802 0.994143 -0.107813 0.00749159 22.2527
0.0213622 0.105864 -0.994151 -163.91 0.105864 0.988548 0.107542 10.2447 0.994151 -0.107542 0.00991031 22.2531
0.0212932 0.108138 -0.993908 -164.755 0.108138 0.988052 0.109818 10.3104 0.993908 -0.109818 0.00934492 22.2757
0.0215308 0.102402 -0.99451 -165.649 0.102402 0.989283 0.104081 10.3925 0.99451 -0.104081 0.0108139 22.2843
0.0211841 0.0977942 -0.994981 -166.597 0.0977942 0.990229 0.0994093 10.4719 0.994981 -0.0994093 0.0114134 22.2943
0.0195197 0.0892765 -0.995816 -167.594 0.0892765 0.991871 0.0906728 10.5471 0.995816 -0.0906728 0.0113908 22.3125
0.0182603 0.0885497 -0.995904 -168.64 0.0885497 0.992013 0.0898273 10.6328 0.995904 -0.0898273 0.0102734 22.3024
0.0164122 0.0855928 -0.996195 -169.737 0.0855928 0.992552 0.0866899 10.7191 0.996195 -0.0866899 0.00896379 22.3368
0.019718 0.0899393 -0.995752 -170.883 0.0899393 0.991748 0.0913586 10.822 0.995752 -0.0913586 0.0114662 22.3125
0.023466 0.0907639 -0.995596 -172.075 0.0907639 0.991564 0.0925356 10.8861 0.995596 -0.0925356 0.01503 22.3017
0.0262361 0.0941934 -0.995208 -173.305 0.0941934 0.990889 0.0962677 10.9818 0.995208 -0.0962677 0.0171246 22.2887
0.026269 0.0917228 -0.995438 -174.587 0.0917228 0.99136 0.0937676 11.0722 0.995438 -0.0937676 0.017629 22.3165
0.0261438 0.0911388 -0.995495 -175.905 0.0911388 0.991471 0.0931639 11.1758 0.995495 -0.0931639 0.0176145 22.3516
0.0283492 0.0914662 -0.995405 -177.255 0.0914662 0.99139 0.0937022 11.2663 0.995405 -0.0937022 0.019739 22.3676
0.029689 0.0924128 -0.995278 -178.627 0.0924128 0.991199 0.0947906 11.3731 0.995278 -0.0947906 0.0208875 22.3965
0.0301834 0.0917845 -0.995321 -179.944 0.0917845 0.991313 0.0941983 11.4611 0.995321 -0.0941983 0.0214968 22.4269
0.0313522 0.0935101 -0.995125 -181.277 0.0935101 0.990973 0.0960661 11.5993 0.995125 -0.0960661 0.022325 22.4384
0.0319919 0.093097 -0.995143 -182.548 0.093097 0.991047 0.0957067 11.655 0.995143 -0.0957067 0.0230384 22.4397
0.0311066 0.092923 -0.995187 -183.791 0.092923 0.991088 0.0954447 11.7461 0.995187 -0.0954447 0.0221947 22.4841
0.0312585 0.092371 -0.995234 -184.989 0.092371 0.991192 0.0948971 11.8279 0.995234 -0.0948971 0.0224508 22.5052
0.0319377 0.0924936 -0.995201 -186.215 0.0924936 0.991163 0.0950866 11.9325 0.995201 -0.0950866 0.0231004 22.5674
0.0311785 0.0911606 -0.995348 -187.434 0.0911606 0.991422 0.0936566 12.0033 0.995348 -0.0936566 0.0226008 22.6061
0.0311785 0.0911606 -0.995348 -188.654 0.0911606 0.991422 0.0936566 12.074 0.995348 -0.0936566 0.0226008 22.6449
0.0300081 0.0871562 -0.995743 -189.822 0.0871562 0.992169 0.08947 12.1717 0.995743 -0.08947 0.0221769 22.5798
0.0237997 0.0902924 -0.995631 -190.842 0.0902924 0.991649 0.0920896 12.2288 0.995631 -0.0920896 0.0154482 22.6365
0.0216613 0.0917861 -0.995543 -191.864 0.0917861 0.991389 0.0934002 12.2987 0.995543 -0.0934002 0.0130501 22.5973
0.0166858 0.0956156 -0.995278 -192.942 0.0956156 0.990703 0.096779 12.3662 0.995278 -0.096779 0.00738832 22.6301
0.0147492 0.0969166 -0.995183 -193.916 0.0969166 0.990467 0.0978936 12.4201 0.995183 -0.0978936 0.00521578 22.6127
0.0121218 0.0962497 -0.995283 -194.919 0.0962497 0.990622 0.0969712 12.5235 0.995283 -0.0969712 0.0027441 22.6183
0.00991687 0.0934224 -0.995577 -195.921 0.0934224 0.991185 0.0939408 12.5793 0.995577 -0.0939408 0.0011017 22.614
0.00749524 0.0942106 -0.995524 -196.98 0.0942106 0.991057 0.0944972 12.6981 0.995524 -0.0944972 -0.00144742 22.6467
0.00510011 0.0931477 -0.995639 -198.02 0.0931477 0.991279 0.0932169 12.7589 0.995639 -0.0932169 -0.00362087 22.6505
0.00603497 0.0960505 -0.995358 -199.049 0.0960505 0.990718 0.0961851 12.8423 0.995358 -0.0961851 -0.00324674 22.6267
0.00596258 0.0988951 -0.99508 -200.055 0.0988951 0.990161 0.0989988 12.9148 0.99508 -0.0989988 -0.00387632 22.6251
0.0073425 0.102543 -0.994701 -201.033 0.102543 0.989407 0.102754 12.9919 0.994701 -0.102754 -0.00325035 22.6212
0.00813772 0.101329 -0.99482 -201.988 0.101329 0.989648 0.101631 13.0675 0.99482 -0.101631 -0.00221402 22.6121
0.0095146 0.10158 -0.994782 -202.929 0.10158 0.989582 0.102021 13.1419 0.994782 -0.102021 -0.000903063 22.5996
0.00898696 0.101502 -0.994795 -203.852 0.101502 0.989604 0.10189 13.2241 0.994795 -0.10189 -0.00140919 22.6064
0.00945602 0.0999667 -0.994946 -204.774 0.0999667 0.989911 0.100411 13.3024 0.994946 -0.100411 -0.00063273 22.6017
0.00930806 0.0984581 -0.995098 -205.69 0.0984581 0.990215 0.0988959 13.3872 0.995098 -0.0988959 -0.000477017 22.592
0.0098203 0.093695 -0.995553 -206.631 0.093695 0.991134 0.0942034 13.4635 0.995553 -0.0942034 0.000954489 22.5914
0.0108437 0.0930861 -0.995599 -207.6 0.0930861 0.99124 0.0936924 13.5365 0.995599 -0.0936924 0.00208371 22.581
0.0120655 0.096692 -0.995241 -208.561 0.096692 0.990536 0.0974072 13.6174 0.995241 -0.0974072 0.00260192 22.5725
0.0134694 0.0983737 -0.995058 -209.51 0.0983737 0.99019 0.099224 13.6979 0.995058 -0.099224 0.00365994 22.5676
0.0146507 0.0947715 -0.995391 -210.458 0.0947715 0.990885 0.0957373 13.7868 0.995391 -0.0957373 0.00553554 22.5724
0.0178667 0.095354 -0.995283 -211.418 0.095354 0.990742 0.0966307 13.8704 0.995283 -0.0966307 0.00860893 22.568
0.0181249 0.091877 -0.995605 -212.364 0.091877 0.991403 0.0931618 13.9556 0.995605 -0.0931618 0.00952767 22.5461
0.0182014 0.0895579 -0.995815 -213.338 0.0895579 0.991831 0.0908365 14.0292 0.995815 -0.0908365 0.0100321 22.584
0.0189838 0.090212 -0.995742 -214.356 0.090212 0.991704 0.0915661 14.129 0.995742 -0.0915661 0.0106881 22.6064
0.022289 0.09225 -0.995486 -215.41 0.09225 0.991296 0.0939272 14.2088 0.995486 -0.0939272 0.0135849 22.5916
0.0223244 0.0897605 -0.995713 -216.484 0.0897605 0.991759 0.0914165 14.2877 0.995713 -0.0914165 0.0140835 22.6299
0.0274695 0.0923623 -0.995346 -217.542 0.0923623 0.991228 0.0945292 14.3802 0.995346 -0.0945292 0.0186977 22.6233
0.0301733 0.0941872 -0.995097 -218.637 0.0941872 0.990853 0.0966414 14.4639 0.995097 -0.0966414 0.0210261 22.6489
0.0340716 0.0947439 -0.994918 -219.75 0.0947439 0.990707 0.0975874 14.5555 0.994918 -0.0975874 0.0247785 22.6628
0.0364702 0.0950577 -0.994803 -220.835 0.0950577 0.990622 0.098143 14.6489 0.994803 -0.098143 0.0270922 22.6861
0.0381995 0.0943358 -0.994807 -221.887 0.0943358 0.990747 0.0975732 14.7215 0.994807 -0.0975732 0.0289468 22.6719
0.0409938 0.100499 -0.994092 -223.013 0.100499 0.989468 0.104175 14.86 0.994092 -0.104175 0.0304621 22.7256
0.0413095 0.0984933 -0.99428 -224.139 0.0984933 0.989881 0.10215 14.95 0.99428 -0.10215 0.0311906 22.7508
0.0416115 0.0988748 -0.994229 -225.271 0.0988748 0.989799 0.102572 15.0657 0.994229 -0.102572 0.0314108 22.8057
0.0411528 0.0963524 -0.994496 -226.435 0.0963524 0.990318 0.0999347 15.1637 0.994496 -0.0999347 0.0314706 22.8498
0.0416166 0.0944434 -0.99466 -227.554 0.0944434 0.990693 0.0980182 15.2253 0.99466 -0.0980182 0.0323097 22.8608
0.0386143 0.0921066 -0.995 -228.704 0.0921066 0.991176 0.0953271 15.3501 0.995 -0.0953271 0.02979 22.9315
0.043268 0.0953953 -0.994499 -229.948 0.0953953 0.990488 0.099161 15.4093 0.994499 -0.099161 0.0337562 22.8939
0.0424919 0.0990046 -0.994179 -231.208 0.0990046 0.989763 0.102796 15.552 0.994179 -0.102796 0.032255 22.982
0.0433228 0.097615 -0.994281 -232.452 0.097615 0.99004 0.101452 15.6173 0.994281 -0.101452 0.0333627 22.9353
0.0404404 0.096824 -0.99448 -233.676 0.096824 0.99023 0.100348 15.7161 0.99448 -0.100348 0.0306704 22.996
0.0428968 0.102037 -0.993855 -234.897 0.102037 0.989122 0.105956 15.8365 0.993855 -0.105956 0.0320185 23.005
0.0438424 0.102399 -0.993777 -236.016 0.102399 0.989034 0.106428 15.928 0.993777 -0.106428 0.0328759 22.9911
0.0428322 0.10532 -0.993516 -237.201 0.10532 0.988411 0.109319 16.0321 0.993516 -0.109319 0.0312436 23.0335
0.0408959 0.103298 -0.993809 -238.452 0.103298 0.988874 0.107036 16.149 0.993809 -0.107036 0.0297703 23.0754
0.0401771 0.0991609 -0.99426 -239.691 0.0991609 0.989756 0.102719 16.252 0.99426 -0.102719 0.0299326 23.0814
0.0356266 0.0948233 -0.994856 -240.99 0.0948233 0.990676 0.0978206 16.3616 0.994856 -0.0978206 0.026303 23.1512
0.0325876 0.0884701 -0.995546 -242.145 0.0884701 0.991909 0.0910429 16.4629 0.995546 -0.0910429 0.024497 23.1647
0.0294912 0.0852569 -0.995922 -243.364 0.0852569 0.99251 0.0874895 16.5631 0.995922 -0.0874895 0.0220016 23.1889
0.0271805 0.0824478 -0.996225 -244.577 0.0824478 0.993012 0.0844314 16.6562 0.996225 -0.0844314 0.0201929 23.1944
0.0250117 0.0822124 -0.996301 -245.825 0.0822124 0.993068 0.0840095 16.7496 0.996301 -0.0840095 0.0180794 23.2189
0.0223035 0.0816966 -0.996408 -247.114 0.0816966 0.993173 0.0832601 16.8378 0.996408 -0.0832601 0.0154769 23.2331
0.0198635 0.0813651 -0.996486 -248.425 0.0813651 0.993246 0.0827224 16.9277 0.996486 -0.0827224 0.0131091 23.2509
0.0178164 0.0817346 -0.996495 -249.743 0.0817346 0.993198 0.0829255 17.0129 0.996495 -0.0829255 0.0110147 23.2483
0.0159966 0.0812237 -0.996568 -251.065 0.0812237 0.993295 0.0822608 17.1008 0.996568 -0.0822608 0.0092921 23.2467
0.0134732 0.0813298 -0.996596 -252.364 0.0813298 0.993295 0.0821599 17.1883 0.996596 -0.0821599 0.0067683 23.2536
0.0111896 0.0818053 -0.996586 -253.639 0.0818053 0.993232 0.0824485 17.2741 0.996586 -0.0824485 0.00442179 23.2506
0.0093092 0.0834802 -0.996466 -254.941 0.0834802 0.992966 0.0839668 17.3644 0.996466 -0.0839668 0.00227478 23.2519
0.00704675 0.0838245 -0.996456 -256.274 0.0838245 0.992924 0.0841201 17.447 0.996456 -0.0841201 -2.96526e-005 23.2381
0.0047611 0.0854845 -0.996328 -257.629 0.0854845 0.992657 0.0855781 17.5506 0.996328 -0.0855781 -0.00258146 23.2228
0.0051327 0.0875339 -0.996148 -259.009 0.0875339 0.992298 0.0876466 17.6492 0.996148 -0.0876466 -0.00256901 23.1824
0.00468024 0.0906187 -0.995875 -260.409 0.0906187 0.99175 0.0906692 17.7529 0.995875 -0.0906692 -0.00357011 23.1723
0.00481488 0.0910224 -0.995837 -261.844 0.0910224 0.991675 0.091082 17.8565 0.995837 -0.091082 -0.00351027 23.1573
0.00396557 0.0903793 -0.9959 -263.251 0.0903793 0.991799 0.090367 17.95 0.9959 -0.090367 -0.00423536 23.1655
0.00268921 0.0875637 -0.996155 -264.669 0.0875637 0.992312 0.0874623 18.0554 0.996155 -0.0874623 -0.00499888 23.1795
0.000970042 0.0872524 -0.996186 -266.063 0.0872524 0.99238 0.087004 18.1521 0.996186 -0.087004 -0.00665034 23.1951
0.00110174 0.0853765 -0.996348 -267.421 0.0853765 0.992703 0.0851586 18.2512 0.996348 -0.0851586 -0.00619545 23.1649
0.000887485 0.0851587 -0.996367 -268.683 0.0851587 0.992742 0.0849247 18.332 0.996367 -0.0849247 -0.00637097 23.1601
0.00235405 0.0857981 -0.99631 -270 0.0857981 0.992621 0.0856832 18.4188 0.99631 -0.0856832 -0.00502463 23.1267
0.00129549 0.081958 -0.996635 -271.281 0.081958 0.993274 0.0817881 18.5054 0.996635 -0.0817881 -0.00543034 23.1211
0.000462265 0.0788394 -0.996887 -272.611 0.0788394 0.993781 0.0786303 18.5941 0.996887 -0.0786303 -0.00575626 23.1157
-0.000551743 0.0749827 -0.997185 -273.936 0.0749827 0.994381 0.0747304 18.6732 0.997185 -0.0747304 -0.00617105 23.0995
-0.000884021 0.0695814 -0.997576 -275.24 0.0695814 0.995163 0.0693514 18.774 0.997576 -0.0693514 -0.00572131 23.0851
4.22116e-007 0.0732472 -0.997314 -276.591 0.0732472 0.994635 0.0730504 18.8271 0.997314 -0.0730504 -0.00536473 23.0606
0.00101886 0.0727016 -0.997353 -277.99 0.0727016 0.994709 0.0725831 18.9003 0.997353 -0.0725831 -0.00427206 23.0258
0.00160809 0.0823692 -0.996601 -279.416 0.0823692 0.993204 0.0822214 18.9977 0.996601 -0.0822214 -0.00518753 23.0185
0.0019682 0.0853965 -0.996345 -280.852 0.0853965 0.992693 0.0852522 19.091 0.996345 -0.0852522 -0.00533875 22.9908
0.00364893 0.0907136 -0.99587 -282.259 0.0907136 0.991741 0.0906698 19.1876 0.99587 -0.0906698 -0.00461017 22.9656
0.0048165 0.0898757 -0.995941 -283.707 0.0898757 0.991883 0.0899442 19.2806 0.995941 -0.0899442 -0.00330024 22.9439
0.00375466 0.0868086 -0.996218 -285.173 0.0868086 0.992436 0.0868062 19.375 0.996218 -0.0868062 -0.00380947 22.9417
0.00144902 0.0794836 -0.996835 -286.535 0.0794836 0.993673 0.079347 19.4635 0.996835 -0.079347 -0.0048778 22.9495
0.00179046 0.0771015 -0.997022 -287.892 0.0771015 0.994045 0.0770097 19.5577 0.997022 -0.0770097 -0.00416484 22.9546
0.00279408 0.0754765 -0.997144 -289.248 0.0754765 0.994287 0.0754718 19.6328 0.997144 -0.0754718 -0.00291858 22.944
0.00427919 0.077411 -0.99699 -290.605 0.077411 0.993982 0.0775097 19.7263 0.99699 -0.0775097 -0.00173903 22.9412
0.00539967 0.077301 -0.996993 -291.981 0.077301 0.993992 0.0774869 19.8082 0.996993 -0.0774869 -0.000608209 22.9205
0.00546775 0.0777688 -0.996956 -293.335 0.0777688 0.993919 0.0779583 19.8949 0.996956 -0.0779583 -0.000613486 22.946
0.0066515 0.0780271 -0.996929 -294.731 0.0780271 0.993871 0.0783084 19.9779 0.996929 -0.0783084 0.000522494 22.9294
0.00418056 0.0772338 -0.997004 -296.1 0.0772338 0.99401 0.0773257 20.0579 0.997004 -0.0773257 -0.00180955 22.9629
0.00712802 0.0784018 -0.996896 -297.483 0.0784018 0.993809 0.0787195 20.1524 0.996896 -0.0787195 0.000937057 22.9259
0.00699418 0.0784883 -0.996891 -298.891 0.0784883 0.993796 0.0787953 20.2222 0.996891 -0.0787953 0.000790387 22.9059
0.00802478 0.0789195 -0.996849 -300.27 0.0789195 0.993721 0.0793073 20.3126 0.996849 -0.0793073 0.0017461 22.9051
0.00696058 0.0807537 -0.99671 -301.648 0.0807537 0.993433 0.0810522 20.3816 0.99671 -0.0810522 0.000393707 22.901
0.00824091 0.0786889 -0.996865 -303.035 0.0786889 0.993757 0.0790941 20.4813 0.996865 -0.0790941 0.00199751 22.8765
0.00915653 0.0802019 -0.996737 -304.458 0.0802019 0.993508 0.0806789 20.5684 0.996737 -0.0806789 0.00266474 22.859
0.00837704 0.0792626 -0.996819 -305.878 0.0792626 0.993664 0.0796779 20.6443 0.996819 -0.0796779 0.0020414 22.8813
0.0100634 0.0792997 -0.9968 -307.305 0.0792997 0.993648 0.0798495 20.7384 0.9968 -0.0798495 0.00371106 22.8466
0.00860002 0.0823549 -0.996566 -308.711 0.0823549 0.993159 0.082784 20.8182 0.996566 -0.082784 0.00175886 22.8306
0.0124056 0.0878036 -0.996061 -310.126 0.0878036 0.992194 0.0885563 20.9157 0.996061 -0.0885563 0.00459925 22.7851
0.0110306 0.0898098 -0.995898 -311.445 0.0898098 0.991844 0.090439 21.0031 0.995898 -0.090439 0.00287487 22.7785
0.0122209 0.093589 -0.995536 -312.822 0.093589 0.991133 0.094324 21.1111 0.995536 -0.094324 0.00335358 22.7792
0.0124361 0.0943827 -0.995458 -314.205 0.0943827 0.99098 0.0951372 21.2112 0.995458 -0.0951372 0.00341581 22.7713
0.0120704 0.0938566 -0.995513 -315.596 0.0938566 0.991083 0.0945771 21.3213 0.995513 -0.0945771 0.00315373 22.7605
0.0104865 0.0910473 -0.995791 -316.928 0.0910473 0.991623 0.0916249 21.3961 0.995791 -0.0916249 0.00210902 22.7677
0.00938313 0.0884526 -0.996036 -318.214 0.0884526 0.992102 0.0889365 21.5126 0.996036 -0.0889365 0.00148516 22.76
0.00753225 0.0860552 -0.996262 -319.528 0.0860552 0.992538 0.0863841 21.5997 0.996262 -0.0863841 7.05604e-005 22.7632
0.00696863 0.0850268 -0.996354 -320.871 0.0850268 0.99272 0.0853113 21.7076 0.996354 -0.0853113 -0.000311661 22.7504
0.00598427 0.0850296 -0.99636 -322.214 0.0850296 0.992726 0.0852301 21.772 0.99636 -0.0852301 -0.00128928 22.7425
0.00653884 0.0873125 -0.99616 -323.644 0.0873125 0.992326 0.0875497 21.8921 0.99616 -0.0875497 -0.00113481 22.7335
0.00607673 0.0864841 -0.996235 -325.014 0.0864841 0.992475 0.0866852 21.9798 0.996235 -0.0866852 -0.0014485 22.7386
0.00843308 0.0860007 -0.996259 -326.354 0.0860007 0.992541 0.0864077 22.0744 0.996259 -0.0864077 0.000974051 22.7173
0.00689693 0.0816399 -0.996638 -327.664 0.0816399 0.993289 0.0819305 22.1592 0.996638 -0.0819305 0.00018557 22.7262
