0.999996 -2.71932e-006 0.00277309 -0.0826925 -2.71932e-006 0.999998 0.00196121 -0.0294382 -0.00277309 -0.00196121 0.999994 0.824758
0.999998 -2.08175e-006 0.00214932 -0.0584784 -2.08175e-006 0.999998 0.00193712 -0.0366239 -0.00214932 -0.00193712 0.999996 1.66861
0.999991 -6.24267e-006 0.00430335 -0.0941152 -6.24267e-006 0.999996 0.00290129 -0.0749824 -0.00430335 -0.00290129 0.999987 2.44899
0.999987 -5.46741e-006 0.00506034 -0.115556 -5.46741e-006 0.999998 0.00216087 -0.0896584 -0.00506034 -0.00216087 0.999985 3.25248
0.999982 -6.32128e-006 0.0060071 -0.108208 -6.32128e-006 0.999998 0.00210458 -0.103632 -0.0060071 -0.00210458 0.99998 4.00053
0.999986 -5.62275e-006 0.00527783 -0.081587 -5.62275e-006 0.999998 0.00213069 -0.0994288 -0.00527783 -0.00213069 0.999984 4.75556
0.999973 -2.30048e-005 0.00738835 -0.12726 -2.30048e-005 0.999981 0.00622717 -0.136747 -0.00738835 -0.00622717 0.999953 5.46942
0.999966 -4.06037e-005 0.00826757 -0.0941904 -4.06037e-005 0.999952 0.009822 -0.13189 -0.00826757 -0.009822 0.999918 6.14308
0.999947 -6.91617e-005 0.0102611 -0.0989959 -6.91617e-005 0.999909 0.0134794 -0.144835 -0.0102611 -0.0134794 0.999856 6.78543
0.999945 -8.20243e-005 0.0104856 -0.0517316 -8.20243e-005 0.999878 0.0156437 -0.138646 -0.0104856 -0.0156437 0.999823 7.40744
0.999939 -8.53267e-005 0.0110192 -0.0555517 -8.53267e-005 0.99988 0.0154855 -0.156389 -0.0110192 -0.0154855 0.999819 8.01955
0.999933 -7.49631e-005 0.0115355 -0.0347048 -7.49631e-005 0.999916 0.012996 -0.16578 -0.0115355 -0.012996 0.999849 8.5808
0.999935 -6.04419e-005 0.0114451 -0.0184739 -6.04419e-005 0.999944 0.0105614 -0.173249 -0.0114451 -0.0105614 0.999879 9.09233
0.999914 -5.90073e-005 0.0131134 0.00552738 -5.90073e-005 0.99996 0.00899895 -0.179918 -0.0131134 -0.00899895 0.999874 9.57694
0.999865 -5.40594e-005 0.0164245 0.0108489 -5.40594e-005 0.999978 0.00658227 -0.192132 -0.0164245 -0.00658227 0.999843 10.0441
0.999855 -4.82805e-005 0.0170331 0.0261961 -4.82805e-005 0.999984 0.00566857 -0.193484 -0.0170331 -0.00566857 0.999839 10.4847
0.99982 -3.514e-005 0.0189543 0.03853 -3.514e-005 0.999993 0.00370751 -0.212385 -0.0189543 -0.00370751 0.999813 10.916
0.999713 -3.38336e-005 0.0239769 0.0194637 -3.38336e-005 0.999996 0.00282177 -0.221928 -0.0239769 -0.00282177 0.999709 11.2881
0.999654 -5.51186e-005 0.0262904 0.0428494 -5.51186e-005 0.999991 0.00419231 -0.233273 -0.0262904 -0.00419231 0.999646 11.6362
0.999561 -6.82845e-005 0.0296238 0.0362719 -6.82845e-005 0.999989 0.00460908 -0.232449 -0.0296238 -0.00460908 0.99955 11.9679
0.999444 -7.74647e-005 0.0333526 0.0505637 -7.74647e-005 0.999989 0.00464388 -0.237977 -0.0333526 -0.00464388 0.999433 12.2747
0.999397 -0.000105312 0.034718 0.0769396 -0.000105312 0.999982 0.0060648 -0.248705 -0.034718 -0.0060648 0.999379 12.564
0.99942 -0.000104358 0.0340587 0.0966552 -0.000104358 0.999981 0.00612631 -0.237194 -0.0340587 -0.00612631 0.999401 12.7757
0.999191 -0.000123894 0.0402104 0.0817093 -0.000123894 0.999981 0.00615976 -0.253308 -0.0402104 -0.00615976 0.999172 12.998
0.99938 -6.99016e-005 0.0352153 0.158568 -6.99016e-005 0.999992 0.00396871 -0.256524 -0.0352153 -0.00396871 0.999372 13.2023
0.999105 -7.82018e-005 0.0423078 0.127621 -7.82018e-005 0.999993 0.00369514 -0.262241 -0.0423078 -0.00369514 0.999098 13.4142
0.998823 -6.83599e-005 0.0484938 0.071566 -6.83599e-005 0.999996 0.00281766 -0.27749 -0.0484938 -0.00281766 0.99882 13.6248
0.998946 1.11146e-005 0.0459114 0.115561 1.11146e-005 1 -0.00048392 -0.282812 -0.0459114 0.00048392 0.998945 13.816
0.998946 1.11146e-005 0.0459114 0.159557 1.11146e-005 1 -0.00048392 -0.288133 -0.0459114 0.00048392 0.998945 14.0072
0.998687 4.27787e-005 0.0512303 0.130984 4.27787e-005 0.999999 -0.00166896 -0.291758 -0.0512303 0.00166896 0.998685 14.2037
0.998769 5.65954e-005 0.049613 0.165604 5.65954e-005 0.999997 -0.00228007 -0.299741 -0.049613 0.00228007 0.998766 14.3924
0.998512 0.00012523 0.0545377 0.142685 0.00012523 0.999989 -0.004589 -0.291809 -0.0545377 0.004589 0.998501 14.5853
0.998425 0.000178187 0.0560941 0.155503 0.000178187 0.99998 -0.0063481 -0.302041 -0.0560941 0.0063481 0.998405 14.7756
0.998457 0.000242483 0.0555298 0.172852 0.000242483 0.999962 -0.00872651 -0.304437 -0.0555298 0.00872651 0.998419 14.9647
0.99856 0.000430563 0.0536388 0.171374 0.000430563 0.999871 -0.0160416 -0.299778 -0.0536388 0.0160416 0.998432 15.155
0.998395 0.000399344 0.0566309 0.183525 0.000399344 0.999901 -0.0140914 -0.314203 -0.0566309 0.0140914 0.998296 15.3443
0.998231 0.000470413 0.059447 0.14084 0.000470413 0.999875 -0.0158113 -0.331476 -0.059447 0.0158113 0.998106 15.5311
0.998854 0.00048301 0.0478586 0.197447 0.00048301 0.999796 -0.0201713 -0.313259 -0.0478586 0.0201713 0.99865 15.722
0.998931 0.00042127 0.0462343 0.2048 0.00042127 0.999834 -0.018212 -0.324765 -0.0462343 0.018212 0.998765 15.9113
0.999057 0.000421736 0.0434137 0.17585 0.000421736 0.999811 -0.0194177 -0.334918 -0.0434137 0.0194177 0.998868 16.0997
0.999494 0.000367121 0.0318016 0.227055 0.000367121 0.999734 -0.0230793 -0.27726 -0.0318016 0.0230793 0.999228 16.2884
0.999602 0.000293375 0.0282086 0.169089 0.000293375 0.999784 -0.0207941 -0.34107 -0.0282086 0.0207941 0.999386 16.474
0.999768 0.000237532 0.0215443 0.16022 0.000237532 0.999757 -0.0220453 -0.345655 -0.0215443 0.0220453 0.999525 16.6603
0.999956 0.000113478 0.00940175 0.164717 0.000113478 0.999709 -0.0241357 -0.332019 -0.00940175 0.0241357 0.999664 16.8487
0.999997 -3.23534e-005 -0.00257527 0.141042 -3.23534e-005 0.999684 -0.0251223 -0.349227 0.00257527 0.0251223 0.999681 17.0402
0.999826 -0.000254229 -0.0186459 0.120064 -0.000254229 0.999628 -0.0272618 -0.354418 0.0186459 0.0272618 0.999454 17.2391
0.999257 -0.000545574 -0.0385503 0.0819922 -0.000545574 0.9996 -0.0282883 -0.357034 0.0385503 0.0282883 0.998856 17.4346
0.998193 -0.000831525 -0.0600881 0.0375977 -0.000831525 0.999617 -0.0276466 -0.368222 0.0600881 0.0276466 0.99781 17.6434
0.996512 -0.00110576 -0.0834416 -0.00693303 -0.00110576 0.999649 -0.026453 -0.364651 0.0834416 0.026453 0.996162 17.856
0.99388 -0.00138695 -0.110455 -0.0742133 -0.00138695 0.999686 -0.0250326 -0.374374 0.110455 0.0250326 0.993566 18.0871
0.990086 -0.00163044 -0.140452 -0.148852 -0.00163044 0.999732 -0.0230989 -0.377417 0.140452 0.0230989 0.989818 18.3188
0.984895 -0.00173807 -0.173146 -0.244094 -0.00173807 0.9998 -0.0199227 -0.38577 0.173146 0.0199227 0.984695 18.5711
0.977709 -0.0017438 -0.209957 -0.362839 -0.0017438 0.999864 -0.0164248 -0.385143 0.209957 0.0164248 0.977573 18.8303
0.968312 -0.00142413 -0.249738 -0.467835 -0.00142413 0.999936 -0.0112239 -0.397897 0.249738 0.0112239 0.968248 19.092
0.956606 -0.000887126 -0.291383 -0.613096 -0.000887126 0.999982 -0.0059569 -0.4063 0.291383 0.0059569 0.956588 19.3674
0.942965 -0.000330763 -0.332893 -0.793853 -0.000330763 0.999998 -0.00193053 -0.404816 0.332893 0.00193053 0.942963 19.6421
0.926514 0.000703718 -0.37626 -0.96898 0.000703718 0.999993 0.00360314 -0.41362 0.37626 -0.00360314 0.926507 19.9161
0.907498 0.00214997 -0.420051 -1.17373 0.00214997 0.99995 0.009763 -0.408818 0.420051 -0.009763 0.907448 20.2079
0.886002 0.00380096 -0.463666 -1.39429 0.00380096 0.999873 0.0154597 -0.410691 0.463666 -0.0154597 0.885875 20.4824
0.861799 0.00560768 -0.507218 -1.62796 0.00560768 0.999772 0.0205811 -0.402189 0.507218 -0.0205811 0.861572 20.7243
0.834179 0.00704157 -0.551449 -1.88706 0.00704157 0.999701 0.0234172 -0.394784 0.551449 -0.0234172 0.83388 20.9938
0.804625 0.00871328 -0.59372 -2.18129 0.00871328 0.999611 0.0264785 -0.396914 0.59372 -0.0264785 0.804236 21.2332
0.770658 0.0103479 -0.637165 -2.47567 0.0103479 0.999533 0.0287489 -0.385575 0.637165 -0.0287489 0.770191 21.4903
0.734855 0.0126907 -0.678105 -2.80604 0.0126907 0.999393 0.0324564 -0.37468 0.678105 -0.0324564 0.734248 21.7191
0.696528 0.0141471 -0.71739 -3.14681 0.0141471 0.999341 0.0334428 -0.362629 0.71739 -0.0334428 0.695868 21.9429
0.65619 0.0151968 -0.754443 -3.5362 0.0151968 0.999328 0.0333472 -0.352982 0.754443 -0.0333472 0.655518 22.1753
0.613199 0.0155238 -0.789776 -3.95193 0.0155238 0.999377 0.0316966 -0.346402 0.789776 -0.0316966 0.612576 22.407
0.571323 0.0163519 -0.820563 -4.39948 0.0163519 0.999376 0.0313003 -0.327857 0.820563 -0.0313003 0.570699 22.5751
0.522042 0.0177022 -0.852736 -4.84966 0.0177022 0.999344 0.0315828 -0.319353 0.852736 -0.0315828 0.521386 22.799
0.474615 0.0196459 -0.879974 -5.33067 0.0196459 0.999265 0.0329052 -0.309502 0.879974 -0.0329052 0.473881 22.9349
0.422714 0.0198857 -0.906045 -5.86497 0.0198857 0.999315 0.0312104 -0.31097 0.906045 -0.0312104 0.422029 23.0781
0.369219 0.0198991 -0.929129 -6.40891 0.0198991 0.999372 0.029311 -0.300035 0.929129 -0.029311 0.368591 23.1977
0.316333 0.020627 -0.948424 -6.98367 0.020627 0.999378 0.0286151 -0.284517 0.948424 -0.0286151 0.315711 23.2832
0.263441 0.0249559 -0.964353 -7.57468 0.0249559 0.999154 0.0326739 -0.273024 0.964353 -0.0326739 0.262595 23.3427
0.212257 0.0273451 -0.976831 -8.18761 0.0273451 0.999051 0.0339089 -0.249269 0.976831 -0.0339089 0.211308 23.3787
0.163847 0.0260844 -0.986141 -8.85104 0.0260844 0.999186 0.0307634 -0.232506 0.986141 -0.0307634 0.163033 23.3973
0.119555 0.0275609 -0.992445 -9.5178 0.0275609 0.999137 0.0310669 -0.225774 0.992445 -0.0310669 0.118693 23.3933
0.08 0.0310026 -0.996313 -10.221 0.0310026 0.998955 0.0335742 -0.216344 0.996313 -0.0335742 0.0789553 23.3573
0.0450987 0.0357507 -0.998343 -10.9142 0.0357507 0.998662 0.0373771 -0.198977 0.998343 -0.0373771 0.0437602 23.31
0.0172659 0.0406151 -0.999026 -11.6385 0.0406151 0.998321 0.0412884 -0.185076 0.999026 -0.0412884 0.0155874 23.249
-0.00360129 0.043799 -0.999034 -12.3935 0.043799 0.998089 0.0435997 -0.159402 0.999034 -0.0435997 -0.00551276 23.1915
-0.0170307 0.0431106 -0.998925 -13.2051 0.0431106 0.998173 0.0423431 -0.118402 0.998925 -0.0423431 -0.0188581 23.1419
-0.0252285 0.0440037 -0.998713 -13.9899 0.0440037 0.998111 0.0428657 -0.0889397 0.998713 -0.0428657 -0.0271171 23.0975
-0.0288148 0.0438924 -0.998621 -14.8072 0.0438924 0.998127 0.0426042 -0.0587897 0.998621 -0.0426042 -0.0306874 23.054
-0.02909 0.0368674 -0.998897 -15.6234 0.0368674 0.998679 0.0357857 -0.0373941 0.998897 -0.0357857 -0.0304108 23.0282
-0.0263962 0.0240589 -0.999362 -16.5015 0.0240589 0.999436 0.0234252 -0.00599793 0.999362 -0.0234252 -0.0269601 23.0306
-0.0206941 0.0234588 -0.999511 -17.3695 0.0234588 0.999461 0.022972 0.00690765 0.999511 -0.022972 -0.0212332 23.0133
-0.0147199 0.0262514 -0.999547 -18.2726 0.0262514 0.999321 0.0258589 0.0240166 0.999547 -0.0258589 -0.015399 23.0057
-0.0125924 0.0215707 -0.999688 -19.1689 0.0215707 0.99954 0.0212958 0.0232261 0.999688 -0.0212958 -0.0130519 23.0134
-0.00997482 0.0238522 -0.999666 -20.1167 0.0238522 0.999437 0.0236087 0.0310567 0.999666 -0.0236087 -0.0105381 23.0091
-0.00822485 0.03182 -0.99946 -21.0553 0.03182 0.998996 0.0315434 0.0150991 0.99946 -0.0315434 -0.0092291 22.9847
-0.00926678 0.0362257 -0.999301 -22.0165 0.0362257 0.9987 0.035868 0.0191694 0.999301 -0.035868 -0.010567 22.9744
-0.0122873 0.0457337 -0.998878 -22.9986 0.0457337 0.997934 0.0451279 0.040108 0.998878 -0.0451279 -0.0143535 22.9319
-0.0162959 0.0519076 -0.998519 -24.0016 0.0519076 0.997349 0.0509996 0.0995382 0.998519 -0.0509996 -0.0189471 22.8896
-0.021363 0.0525283 -0.998391 -25.0336 0.0525283 0.997298 0.0513469 0.171311 0.998391 -0.0513469 -0.0240645 22.8468
-0.0232729 0.0544746 -0.998244 -26.0786 0.0544746 0.9971 0.0531421 0.236631 0.998244 -0.0531421 -0.0261729 22.8034
-0.0252342 0.0519325 -0.998332 -27.1283 0.0519325 0.997369 0.0505698 0.310101 0.998332 -0.0505698 -0.0278648 22.7723
-0.0265095 0.0519033 -0.9983 -28.1718 0.0519033 0.997376 0.0504769 0.368869 0.9983 -0.0504769 -0.0291339 22.7349
-0.0282849 0.0526885 -0.99821 -29.2197 0.0526885 0.9973 0.0511475 0.404967 0.99821 -0.0511475 -0.0309846 22.6947
-0.0300835 0.0544887 -0.998061 -30.3315 0.0544887 0.997118 0.0527948 0.424062 0.998061 -0.0527948 -0.0329658 22.6415
-0.0344332 0.0550096 -0.997892 -31.4818 0.0550096 0.997075 0.0530664 0.452272 0.997892 -0.0530664 -0.0373585 22.5896
-0.0400187 0.0552611 -0.99767 -32.5793 0.0552611 0.997064 0.0530109 0.477851 0.99767 -0.0530109 -0.042955 22.5302
-0.0459445 0.0575702 -0.997284 -33.705 0.0575702 0.996831 0.0548918 0.510358 0.997284 -0.0548918 -0.0491132 22.443
-0.0528738 0.056939 -0.996977 -34.811 0.056939 0.996921 0.0539161 0.553514 0.996977 -0.0539161 -0.0559531 22.3659
-0.0589698 0.0597566 -0.99647 -35.9585 0.0597566 0.996628 0.0562298 0.609632 0.99647 -0.0562298 -0.0623418 22.2755
-0.0646973 0.0630478 -0.995911 -37.078 0.0630478 0.996267 0.0589746 0.666752 0.995911 -0.0589746 -0.0684308 22.1771
-0.068797 0.0670052 -0.995378 -38.2178 0.0670052 0.995799 0.0624024 0.732202 0.995378 -0.0624024 -0.0729977 22.072
-0.0702412 0.0717856 -0.994944 -39.3336 0.0717856 0.995185 0.0667351 0.772674 0.994944 -0.0667351 -0.0750562 21.9509
-0.0718528 0.0751251 -0.994582 -40.4682 0.0751251 0.994735 0.0697092 0.846709 0.994582 -0.0697092 -0.0771182 21.8617
-0.0725418 0.077611 -0.994341 -41.5782 0.077611 0.994384 0.0719523 0.891716 0.994341 -0.0719523 -0.0781578 21.7538
-0.0737997 0.0785036 -0.994178 -42.6832 0.0785036 0.994261 0.0726826 0.959019 0.994178 -0.0726826 -0.0795389 21.6629
-0.0747187 0.0797837 -0.994008 -43.7906 0.0797837 0.994077 0.073792 1.01643 0.994008 -0.073792 -0.0806416 21.5644
-0.0745437 0.0833001 -0.993733 -44.8953 0.0833001 0.993542 0.0770355 1.07657 0.993733 -0.0770355 -0.0810012 21.4606
-0.0744639 0.0879436 -0.993338 -46.0044 0.0879436 0.992802 0.0813036 1.13837 0.993338 -0.0813036 -0.081662 21.3639
-0.0728261 0.0938712 -0.992917 -47.1141 0.0938712 0.991786 0.0868793 1.20144 0.992917 -0.0868793 -0.0810397 21.2531
-0.071629 0.0953766 -0.992861 -48.2315 0.0953766 0.991511 0.0883662 1.2719 0.992861 -0.0883662 -0.0801177 21.1561
-0.0711503 0.0947561 -0.992955 -49.3506 0.0947561 0.991618 0.0878387 1.34592 0.992955 -0.0878387 -0.0795327 21.0734
-0.0688324 0.095486 -0.993048 -50.4543 0.095486 0.99147 0.0887157 1.44866 0.993048 -0.0887157 -0.0773628 20.9736
-0.06837 0.0920132 -0.993408 -51.568 0.0920132 0.992075 0.0855571 1.54268 0.993408 -0.0855571 -0.0762947 20.8916
-0.065357 0.0927191 -0.993545 -52.701 0.0927191 0.991931 0.0864693 1.61936 0.993545 -0.0864693 -0.0734265 20.8108
-0.060013 0.0957392 -0.993596 -53.8275 0.0957392 0.991353 0.0897405 1.69755 0.993596 -0.0897405 -0.06866 20.7138
-0.0532713 0.100438 -0.993516 -54.9652 0.100438 0.990422 0.0947402 1.78265 0.993516 -0.0947402 -0.0628489 20.6298
-0.0469421 0.103054 -0.993567 -56.0808 0.103054 0.989856 0.0978003 1.86607 0.993567 -0.0978003 -0.0570861 20.5771
-0.0407958 0.103294 -0.993814 -57.2115 0.103294 0.989749 0.0986315 1.96016 0.993814 -0.0986315 -0.0510473 20.517
-0.0338832 0.103512 -0.994051 -58.3384 0.103512 0.989636 0.0995238 2.05478 0.994051 -0.0995238 -0.0442468 20.4518
-0.0307191 0.0990509 -0.994608 -59.4757 0.0990509 0.990481 0.0955806 2.14662 0.994608 -0.0955806 -0.0402377 20.438
-0.0255412 0.096985 -0.994958 -60.6171 0.096985 0.990828 0.0940928 2.24622 0.994958 -0.0940928 -0.0347131 20.3919
-0.0197682 0.0960012 -0.995185 -61.7599 0.0960012 0.990962 0.0936869 2.33847 0.995185 -0.0936869 -0.0288058 20.3611
-0.0147644 0.0959067 -0.995281 -62.9147 0.0959067 0.990936 0.0940653 2.43057 0.995281 -0.0940653 -0.0238287 20.3513
-0.0101705 0.0939926 -0.995521 -64.0558 0.0939926 0.991254 0.0926295 2.52672 0.995521 -0.0926295 -0.0189162 20.3385
-0.00453933 0.0939748 -0.995564 -65.1936 0.0939748 0.991209 0.0931352 2.61504 0.995564 -0.0931352 -0.0133307 20.3238
3.12306e-005 0.092818 -0.995683 -66.3372 0.092818 0.991385 0.0924202 2.68389 0.995683 -0.0924202 -0.00858421 20.3193
0.00346233 0.0911623 -0.99583 -67.4975 0.0911623 0.991661 0.0910976 2.76402 0.99583 -0.0910976 -0.00487711 20.3172
0.00591241 0.0903126 -0.995896 -68.689 0.0903126 0.991795 0.0904769 2.85554 0.995896 -0.0904769 -0.00229247 20.3301
0.00892604 0.0911517 -0.995797 -69.9 0.0911517 0.991617 0.0915861 2.95821 0.995797 -0.0915861 0.000542567 20.3216
0.00983173 0.0914259 -0.995763 -71.0978 0.0914259 0.991558 0.0919425 3.05719 0.995763 -0.0919425 0.00139004 20.3164
0.0109314 0.0936731 -0.995543 -72.2954 0.0936731 0.991128 0.0942863 3.14573 0.995543 -0.0942863 0.00205981 20.325
0.0117125 0.0929821 -0.995599 -73.4941 0.0929821 0.991252 0.09367 3.24166 0.995599 -0.09367 0.0029644 20.3226
0.0130676 0.0930632 -0.995574 -74.707 0.0930632 0.991225 0.0938782 3.33404 0.995574 -0.0938782 0.00429218 20.3209
0.0129072 0.0913348 -0.995737 -75.9439 0.0913348 0.991549 0.0921346 3.42646 0.995737 -0.0921346 0.00445607 20.3341
0.012686 0.0881471 -0.996027 -77.1333 0.0881471 0.99213 0.0889249 3.5321 0.996027 -0.0889249 0.00481622 20.3421
0.0132957 0.0861651 -0.996192 -78.3263 0.0861651 0.992476 0.0869936 3.61309 0.996192 -0.0869936 0.00577122 20.3281
0.0114537 0.0849956 -0.996315 -79.5187 0.0849956 0.992692 0.0856636 3.70234 0.996315 -0.0856636 0.00414576 20.3589
0.012428 0.0874856 -0.996088 -80.7192 0.0874856 0.99225 0.08824 3.78964 0.996088 -0.08824 0.00467792 20.3419
0.0153789 0.0887365 -0.995936 -81.8985 0.0887365 0.992003 0.0897563 3.91222 0.995936 -0.0897563 0.0073817 20.2919
0.0162395 0.0910884 -0.99571 -83.0768 0.0910884 0.991566 0.0921949 3.97856 0.99571 -0.0921949 0.00780543 20.2996
0.016476 0.0895996 -0.995842 -84.2642 0.0895996 0.991837 0.0907218 4.04458 0.995842 -0.0907218 0.00831339 20.298
0.0171076 0.0890968 -0.995876 -85.4844 0.0890968 0.991924 0.0902737 4.13651 0.995876 -0.0902737 0.00903116 20.3011
0.0150914 0.0865607 -0.996132 -86.6883 0.0865607 0.992392 0.0875471 4.23201 0.996132 -0.0875471 0.00748381 20.3299
0.016076 0.0853135 -0.996224 -87.8878 0.0853135 0.992603 0.0863801 4.30849 0.996224 -0.0863801 0.00867864 20.3052
0.0150273 0.0862453 -0.996161 -89.0847 0.0862453 0.992448 0.087225 4.40703 0.996161 -0.087225 0.00747552 20.342
0.0168781 0.0897582 -0.995821 -90.2802 0.0897582 0.991805 0.0909176 4.49362 0.995821 -0.0909176 0.00868325 20.3391
0.0163338 0.08834 -0.995956 -91.485 0.08834 0.992066 0.0894437 4.57985 0.995956 -0.0894437 0.00840028 20.3522
0.0159731 0.0867086 -0.996106 -92.6681 0.0867086 0.99236 0.087773 4.64545 0.996106 -0.087773 0.00833265 20.3661
0.0170459 0.0864862 -0.996107 -93.8408 0.0864862 0.99239 0.0876435 4.73396 0.996107 -0.0876435 0.00943628 20.3635
0.0159496 0.0838462 -0.996351 -95.0075 0.0838462 0.992856 0.0848943 4.82495 0.996351 -0.0848943 0.00880549 20.3791
0.0177015 0.080135 -0.996627 -96.1796 0.080135 0.993463 0.0813039 4.88774 0.996627 -0.0813039 0.0111642 20.3188
0.0165368 0.0815351 -0.996533 -97.3432 0.0815351 0.99324 0.0826187 4.9844 0.996533 -0.0826187 0.00977701 20.3644
0.0183016 0.0841812 -0.996282 -98.4999 0.0841812 0.992781 0.0854318 5.06232 0.996282 -0.0854318 0.011083 20.3563
0.0188811 0.0858323 -0.996131 -99.6604 0.0858323 0.992491 0.0871456 5.13811 0.996131 -0.0871456 0.0113722 20.3652
0.0204275 0.0886272 -0.995855 -100.831 0.0886272 0.991981 0.0901004 5.20573 0.995855 -0.0901004 0.0124089 20.3559
0.0210413 0.0897251 -0.995744 -101.999 0.0897251 0.991776 0.0912635 5.27796 0.995744 -0.0912635 0.0128177 20.3708
0.023146 0.0892178 -0.995743 -103.164 0.0892178 0.991852 0.090943 5.35431 0.995743 -0.090943 0.0149976 20.3465
0.0221231 0.0894266 -0.995748 -104.33 0.0894266 0.991822 0.0910608 5.45166 0.995748 -0.0910608 0.0139451 20.3836
0.0209874 0.0883002 -0.995873 -105.496 0.0883002 0.992036 0.0898208 5.52534 0.995873 -0.0898208 0.0130233 20.3996
0.0228254 0.0886239 -0.995804 -106.664 0.0886239 0.991962 0.0903134 5.64056 0.995804 -0.0903134 0.0147877 20.3884
0.0224341 0.0914791 -0.995554 -107.836 0.0914791 0.99144 0.0931625 5.73338 0.995554 -0.0931625 0.0138736 20.3954
0.0225754 0.0946262 -0.995257 -109.026 0.0946262 0.990839 0.0963525 5.81112 0.995257 -0.0963525 0.0134145 20.4052
0.0243256 0.0987187 -0.994818 -110.206 0.0987187 0.990012 0.100656 5.90416 0.994818 -0.100656 0.0143372 20.4005
0.0242401 0.0994844 -0.994744 -111.394 0.0994844 0.989857 0.10142 6.00213 0.994744 -0.10142 0.0140971 20.4166
0.0246807 0.0986724 -0.994814 -112.579 0.0986724 0.990017 0.100645 6.09167 0.994814 -0.100645 0.0146981 20.4147
0.0233551 0.0950176 -0.995202 -113.777 0.0950176 0.990756 0.096823 6.18083 0.995202 -0.096823 0.0141109 20.4269
0.0215248 0.0906628 -0.995649 -114.98 0.0906628 0.991599 0.0922541 6.27862 0.995649 -0.0922541 0.0131242 20.4435
0.0209265 0.0905069 -0.995676 -116.192 0.0905069 0.991633 0.0920417 6.38647 0.995676 -0.0920417 0.0125599 20.4558
0.0201879 0.0882545 -0.995893 -117.409 0.0882545 0.992051 0.089703 6.48821 0.995893 -0.089703 0.0122386 20.4408
0.0196341 0.0871956 -0.995998 -118.628 0.0871956 0.992245 0.0885859 6.58929 0.995998 -0.0885859 0.0118788 20.4358
0.0197919 0.087388 -0.995978 -119.852 0.087388 0.992209 0.0887939 6.69165 0.995978 -0.0887939 0.012001 20.4474
0.0189199 0.0871841 -0.996013 -121.081 0.0871841 0.992252 0.0885111 6.76048 0.996013 -0.0885111 0.0111723 20.4561
0.017369 0.0855671 -0.996181 -122.318 0.0855671 0.992549 0.0867471 6.83316 0.996181 -0.0867471 0.00991787 20.4747
0.0184929 0.0878792 -0.995959 -123.566 0.0878792 0.992132 0.0891732 6.93347 0.995959 -0.0891732 0.0106246 20.4486
0.0180817 0.0930347 -0.995499 -124.823 0.0930347 0.991185 0.0943214 7.02865 0.995499 -0.0943214 0.00926685 20.4593
0.0186078 0.0986864 -0.994945 -126.08 0.0986864 0.990076 0.100049 7.13657 0.994945 -0.100049 0.00868414 20.4643
0.0202207 0.106148 -0.994145 -127.336 0.106148 0.9885 0.107704 7.25251 0.994145 -0.107704 0.00872076 20.4575
0.0205746 0.109401 -0.993785 -128.593 0.109401 0.98778 0.111005 7.34065 0.993785 -0.111005 0.00835455 20.4787
0.020438 0.109973 -0.993724 -129.85 0.109973 0.987654 0.111563 7.45789 0.993724 -0.111563 0.00809161 20.4778
0.0216437 0.111878 -0.993486 -131.104 0.111878 0.987206 0.113608 7.57503 0.993486 -0.113608 0.00885001 20.4651
0.0189338 0.106207 -0.994164 -132.359 0.106207 0.988502 0.107625 7.70225 0.994164 -0.107625 0.00743617 20.4827
0.0204146 0.107759 -0.993967 -133.609 0.107759 0.988146 0.109341 7.81446 0.993967 -0.109341 0.00856059 20.4629
0.0190231 0.107243 -0.994051 -134.875 0.107243 0.988276 0.108672 7.93273 0.994051 -0.108672 0.00729897 20.4612
0.0176872 0.108654 -0.993922 -136.147 0.108654 0.987982 0.109938 8.06351 0.993922 -0.109938 0.00566893 20.4844
0.018346 0.107729 -0.994011 -137.406 0.107729 0.988178 0.109085 8.19701 0.994011 -0.109085 0.00652351 20.4699
0.0208314 0.110224 -0.993688 -138.679 0.110224 0.987592 0.111859 8.30859 0.993688 -0.111859 0.00842346 20.4694
0.0220601 0.110751 -0.993603 -139.932 0.110751 0.987458 0.112525 8.45844 0.993603 -0.112525 0.00951761 20.4588
0.0217085 0.106991 -0.994023 -141.195 0.106991 0.988299 0.108712 8.54748 0.994023 -0.108712 0.0100074 20.4783
0.0208568 0.1072 -0.994019 -142.448 0.1072 0.988263 0.108829 8.66859 0.994019 -0.108829 0.00912017 20.5234
0.0228859 0.109682 -0.993703 -143.706 0.109682 0.987688 0.111544 8.80751 0.993703 -0.111544 0.0105739 20.5215
0.0244087 0.110481 -0.993578 -144.955 0.110481 0.987489 0.112518 8.91938 0.993578 -0.112518 0.0118973 20.5247
0.0269047 0.11381 -0.993138 -146.201 0.11381 0.986689 0.116154 9.04209 0.993138 -0.116154 0.0135939 20.5365
0.0269173 0.112167 -0.993325 -147.439 0.112167 0.98707 0.114501 9.158 0.993325 -0.114501 0.0139877 20.5375
0.0272557 0.111179 -0.993427 -148.68 0.111179 0.987293 0.113543 9.26337 0.993427 -0.113543 0.0145486 20.5237
0.0278019 0.110295 -0.99351 -149.927 0.110295 0.987487 0.112713 9.38265 0.99351 -0.112713 0.015289 20.5538
0.0250682 0.107348 -0.993905 -151.164 0.107348 0.98818 0.109437 9.51109 0.993905 -0.109437 0.0132483 20.5837
0.0241405 0.106648 -0.994004 -152.402 0.106648 0.988345 0.10863 9.61637 0.994004 -0.10863 0.0124855 20.6115
0.0224965 0.104204 -0.994302 -153.637 0.104204 0.988892 0.105994 9.71524 0.994302 -0.105994 0.0113882 20.6323
0.0226283 0.103126 -0.994411 -154.875 0.103126 0.989119 0.104924 9.83146 0.994411 -0.104924 0.0117472 20.6209
0.0201946 0.0986423 -0.994918 -156.109 0.0986423 0.990069 0.100164 9.946 0.994918 -0.100164 0.0102637 20.6442
0.0215078 0.0964243 -0.995108 -157.34 0.0964243 0.990498 0.0980617 10.0638 0.995108 -0.0980617 0.0120058 20.5883
0.0195753 0.102277 -0.994563 -158.568 0.102277 0.989331 0.103752 10.1628 0.994563 -0.103752 0.00890586 20.671
0.0210631 0.101202 -0.994643 -159.803 0.101202 0.989538 0.102826 10.2597 0.994643 -0.102826 0.0106008 20.6305
0.0219986 0.106855 -0.994031 -161.032 0.106855 0.988325 0.108607 10.3796 0.994031 -0.108607 0.0103237 20.6308
0.0248908 0.111847 -0.993414 -162.259 0.111847 0.987171 0.113946 10.5112 0.993414 -0.113946 0.0120618 20.6389
0.0278009 0.115523 -0.992916 -163.477 0.115523 0.986273 0.117984 10.6095 0.992916 -0.117984 0.0140738 20.6407
0.0297857 0.114373 -0.992991 -164.689 0.114373 0.986517 0.117058 10.7156 0.992991 -0.117058 0.016303 20.6546
0.0302666 0.11609 -0.992777 -165.907 0.11609 0.986102 0.118849 10.8108 0.992777 -0.118849 0.0163691 20.6793
0.03062 0.111318 -0.993313 -167.122 0.111318 0.987217 0.114067 10.9302 0.993313 -0.114067 0.0178369 20.7115
0.0281986 0.102599 -0.994323 -168.333 0.102599 0.989168 0.104977 11.0517 0.994323 -0.104977 0.0173665 20.7678
0.0281518 0.099053 -0.994684 -169.536 0.099053 0.989904 0.10138 11.1395 0.994684 -0.10138 0.0180561 20.7715
0.0259069 0.0965369 -0.994992 -170.728 0.0965369 0.990433 0.0986081 11.2469 0.994992 -0.0986081 0.0163397 20.7849
0.0242707 0.09379 -0.995296 -171.932 0.09379 0.990985 0.0956708 11.3542 0.995296 -0.0956708 0.0152553 20.8248
0.0278987 0.0985813 -0.994738 -173.13 0.0985813 0.990003 0.100877 11.4864 0.994738 -0.100877 0.0179016 20.7995
0.0306666 0.0995207 -0.994563 -174.327 0.0995207 0.989782 0.102111 11.5776 0.994563 -0.102111 0.0204489 20.8285
0.0326388 0.101053 -0.994345 -175.529 0.101053 0.989444 0.103872 11.6615 0.994345 -0.103872 0.0220825 20.8308
0.0329147 0.0993334 -0.99451 -176.73 0.0993334 0.989797 0.10215 11.7586 0.99451 -0.10215 0.0227118 20.8616
0.0326774 0.0988139 -0.994569 -177.916 0.0988139 0.989906 0.101597 11.8706 0.994569 -0.101597 0.0225833 20.905
0.036449 0.0995975 -0.99436 -179.088 0.0995975 0.989705 0.102782 11.953 0.99436 -0.102782 0.0261541 20.8822
0.0370535 0.0997741 -0.99432 -180.234 0.0997741 0.989662 0.103025 12.0456 0.99432 -0.103025 0.0267155 20.9304
0.0379368 0.100101 -0.994254 -181.348 0.100101 0.989585 0.103451 12.1404 0.994254 -0.103451 0.0275214 20.9689
0.0391853 0.10129 -0.994085 -182.431 0.10129 0.989322 0.104798 12.2586 0.994085 -0.104798 0.0285071 20.9799
0.0396397 0.100774 -0.994119 -183.496 0.100774 0.989425 0.104316 12.319 0.994119 -0.104316 0.0290652 20.9899
0.0398301 0.101115 -0.994077 -184.533 0.101115 0.989352 0.104685 12.4035 0.994077 -0.104685 0.0291818 21.0129
0.0393407 0.0999381 -0.994216 -185.538 0.0999381 0.989603 0.103429 12.5024 0.994216 -0.103429 0.028944 21.0475
0.042073 0.0994509 -0.994153 -186.511 0.0994509 0.989675 0.103212 12.5621 0.994153 -0.103212 0.0317481 21.0384
0.0447012 0.103855 -0.993587 -187.458 0.103855 0.988709 0.108017 12.6388 0.993587 -0.108017 0.0334106 21.0794
0.041626 0.100117 -0.994105 -188.39 0.100117 0.989541 0.103849 12.7051 0.994105 -0.103849 0.0311673 21.1316
0.0403872 0.0969897 -0.994466 -189.323 0.0969897 0.990197 0.100512 12.7818 0.994466 -0.100512 0.0305843 21.0983
0.0349901 0.100137 -0.994358 -190.243 0.100137 0.989609 0.103183 12.842 0.994358 -0.103183 0.0245991 21.1578
0.0313031 0.101759 -0.994317 -191.162 0.101759 0.989311 0.10445 12.9025 0.994317 -0.10445 0.0206137 21.1454
0.0280307 0.105437 -0.994031 -192.084 0.105437 0.988562 0.10783 12.9826 0.994031 -0.10783 0.0165931 21.1696
0.025414 0.107744 -0.993854 -192.996 0.107744 0.988089 0.109874 13.0375 0.993854 -0.109874 0.0135026 21.171
0.024055 0.106478 -0.994024 -193.911 0.106478 0.988383 0.108451 13.1388 0.994024 -0.108451 0.012438 21.1537
0.0217084 0.104558 -0.994282 -194.82 0.104558 0.988825 0.106267 13.2138 0.994282 -0.106267 0.0105334 21.1657
0.0200367 0.102031 -0.994579 -195.724 0.102031 0.989377 0.103552 13.2951 0.994579 -0.103552 0.00941363 21.153
0.016947 0.103479 -0.994487 -196.625 0.103479 0.989107 0.104683 13.3792 0.994487 -0.104683 0.00605448 21.1999
0.0179106 0.105584 -0.994249 -197.528 0.105584 0.988649 0.106892 13.4474 0.994249 -0.106892 0.00655921 21.1812
0.0185794 0.108654 -0.993906 -198.427 0.108654 0.987971 0.110036 13.528 0.993906 -0.110036 0.00655015 21.1813
0.01986 0.112028 -0.993507 -199.333 0.112028 0.987195 0.113556 13.6056 0.993507 -0.113556 0.00705548 21.1899
0.0208223 0.110485 -0.99366 -200.238 0.110485 0.987534 0.112119 13.6816 0.99366 -0.112119 0.00835585 21.184
0.0222269 0.110802 -0.993594 -201.149 0.110802 0.987444 0.112595 13.764 0.993594 -0.112595 0.00967071 21.1875
0.0225889 0.110657 -0.993602 -202.064 0.110657 0.987472 0.11249 13.8532 0.993602 -0.11249 0.0100609 21.1963
0.0234335 0.106994 -0.993983 -202.989 0.106994 0.988278 0.108902 13.9365 0.993983 -0.108902 0.011711 21.1835
0.0231503 0.107211 -0.993967 -203.92 0.107211 0.988233 0.109089 14.0361 0.993967 -0.109089 0.0113837 21.1964
0.022685 0.101204 -0.994607 -204.849 0.101204 0.98952 0.102994 14.1299 0.994607 -0.102994 0.012205 21.2094
0.0234763 0.10012 -0.994698 -205.787 0.10012 0.989735 0.101983 14.203 0.994698 -0.101983 0.0132114 21.2124
0.0248246 0.103672 -0.994302 -206.736 0.103672 0.988978 0.105706 14.2855 0.994302 -0.105706 0.0138031 21.2202
0.0272768 0.105874 -0.994005 -207.7 0.105874 0.988476 0.108191 14.3704 0.994005 -0.108191 0.0157531 21.2142
0.0284365 0.103556 -0.994217 -208.659 0.103556 0.988962 0.10597 14.476 0.994217 -0.10597 0.0173988 21.2358
0.0304742 0.102005 -0.994317 -209.653 0.102005 0.989268 0.104613 14.574 0.994317 -0.104613 0.0197421 21.2557
0.0332629 0.104235 -0.993996 -210.646 0.104235 0.988761 0.107174 14.6667 0.993996 -0.107174 0.0220242 21.2332
0.0319348 0.0993085 -0.994544 -211.654 0.0993085 0.989812 0.102025 14.7659 0.994544 -0.102025 0.0217473 21.293
0.0336322 0.101692 -0.994247 -212.654 0.101692 0.989299 0.104625 14.8819 0.994247 -0.104625 0.0229311 21.3422
0.0353802 0.105684 -0.99377 -213.686 0.105684 0.988421 0.108877 14.9248 0.99377 -0.108877 0.0238015 21.3827
0.0365485 0.102761 -0.994034 -214.726 0.102761 0.98904 0.106023 15.0431 0.994034 -0.106023 0.0255881 21.4166
0.0436517 0.110479 -0.992919 -215.772 0.110479 0.987237 0.114704 15.1709 0.992919 -0.114704 0.0308889 21.4451
0.0458765 0.109083 -0.992973 -216.798 0.109083 0.987529 0.113525 15.2477 0.992973 -0.113525 0.0334052 21.4588
0.0490093 0.10861 -0.992876 -217.795 0.10861 0.987596 0.113393 15.3457 0.992876 -0.113393 0.0366053 21.5101
0.0521837 0.110025 -0.992558 -218.818 0.110025 0.987228 0.115219 15.4436 0.992558 -0.115219 0.0394117 21.5406
0.0497047 0.106128 -0.993109 -219.862 0.106128 0.988148 0.110909 15.5525 0.993109 -0.110909 0.0378525 21.6418
0.0544883 0.11163 -0.992255 -220.907 0.11163 0.986821 0.117149 15.6708 0.992255 -0.117149 0.0413088 21.6364
0.0544076 0.110761 -0.992357 -221.945 0.110761 0.987026 0.116239 15.7893 0.992357 -0.116239 0.0414337 21.7033
0.054564 0.109864 -0.992448 -222.989 0.109864 0.987233 0.115327 15.9002 0.992448 -0.115327 0.0417972 21.7594
0.0554616 0.106298 -0.992786 -224.047 0.106298 0.988037 0.111728 15.9965 0.992786 -0.111728 0.0434988 21.7617
0.0550341 0.105197 -0.992927 -225.111 0.105197 0.988289 0.110536 16.075 0.992927 -0.110536 0.0433232 21.8208
0.0519067 0.104959 -0.993121 -226.18 0.104959 0.98838 0.109944 16.2097 0.993121 -0.109944 0.0402872 21.9339
0.047432 0.101807 -0.993673 -227.271 0.101807 0.989119 0.1062 16.3236 0.993673 -0.1062 0.0365513 22.0479
0.0509339 0.107021 -0.992951 -228.387 0.107021 0.987932 0.11197 16.3958 0.992951 -0.11197 0.0388656 22.049
0.0474952 0.104028 -0.99344 -229.497 0.104028 0.988639 0.108498 16.5242 0.99344 -0.108498 0.0361339 22.0913
0.0463463 0.106508 -0.993231 -230.616 0.106508 0.988105 0.110928 16.6365 0.993231 -0.110928 0.0344511 22.1561
0.0482287 0.108192 -0.99296 -231.751 0.108192 0.987701 0.112874 16.725 0.99296 -0.112874 0.0359301 22.1459
0.0487754 0.109503 -0.992789 -232.887 0.109503 0.987394 0.114288 16.8575 0.992789 -0.114288 0.0361696 22.1472
0.0481257 0.11292 -0.992438 -234.029 0.11292 0.986604 0.117732 16.9658 0.992438 -0.117732 0.0347302 22.1989
0.0468732 0.110536 -0.992766 -235.175 0.110536 0.987181 0.115133 17.0673 0.992766 -0.115133 0.0340541 22.2227
0.0454586 0.105749 -0.993353 -236.327 0.105749 0.988284 0.110049 17.173 0.993353 -0.110049 0.0337431 22.2403
0.0425168 0.103569 -0.993713 -237.493 0.103569 0.988797 0.107487 17.2672 0.993713 -0.107487 0.0313141 22.3
0.0387911 0.097115 -0.994517 -238.667 0.097115 0.990188 0.10048 17.3738 0.994517 -0.10048 0.0289791 22.3274
0.0354117 0.0934767 -0.994992 -239.853 0.0934767 0.990941 0.096423 17.4911 0.994992 -0.096423 0.0263531 22.3612
0.0328971 0.0913225 -0.995278 -241.041 0.0913225 0.991377 0.0939831 17.5975 0.995278 -0.0939831 0.0242736 22.3658
0.072576 0.157142 -0.984906 -242.223 0.157142 0.973374 0.166882 17.7277 0.984906 -0.166882 0.0459499 22.2129
0.0406742 0.113653 -0.992688 -243.432 0.113653 0.986535 0.117605 17.8465 0.992688 -0.117605 0.0272095 22.3712
0.0425374 0.119914 -0.991873 -244.632 0.119914 0.984982 0.124223 17.9866 0.991873 -0.124223 0.0275193 22.3796
0.0469018 0.130387 -0.990353 -245.831 0.130387 0.982163 0.135484 18.1683 0.990353 -0.135484 0.0290644 22.3793
0.0392765 0.120935 -0.991883 -247.054 0.120935 0.984777 0.124857 18.2643 0.991883 -0.124857 0.0240534 22.4101
0.0385617 0.12432 -0.991493 -248.271 0.12432 0.983925 0.128207 18.4086 0.991493 -0.128207 0.0224863 22.4286
0.0372888 0.126087 -0.991318 -249.501 0.126087 0.983486 0.129834 18.5637 0.991318 -0.129834 0.0207751 22.4381
0.0342892 0.126325 -0.991396 -250.739 0.126325 0.983475 0.129685 18.6921 0.991396 -0.129685 0.0177647 22.4635
0.0321327 0.127176 -0.99136 -251.979 0.127176 0.983289 0.130263 18.8401 0.99136 -0.130263 0.0154219 22.4674
0.0301512 0.128748 -0.991219 -253.211 0.128748 0.982909 0.131585 18.9872 0.991219 -0.131585 0.0130599 22.4641
0.0302253 0.131394 -0.990869 -254.442 0.131394 0.982197 0.134252 19.1325 0.990869 -0.134252 0.0124228 22.4599
0.0304237 0.13443 -0.990456 -255.69 0.13443 0.981362 0.137325 19.2872 0.990456 -0.137325 0.0117853 22.4643
0.0289221 0.134841 -0.990445 -256.941 0.134841 0.981276 0.13753 19.4309 0.990445 -0.13753 0.0101985 22.5
0.0291402 0.134245 -0.99052 -258.185 0.134245 0.981437 0.136963 19.5764 0.99052 -0.136963 0.0105776 22.5091
0.0281465 0.13122 -0.990954 -259.423 0.13122 0.982283 0.133799 19.7266 0.990954 -0.133799 0.0104292 22.5268
0.026535 0.13024 -0.991127 -260.675 0.13024 0.982575 0.132603 19.8659 0.991127 -0.132603 0.00911018 22.547
0.0276709 0.129993 -0.991129 -261.931 0.129993 0.982621 0.132507 20.0163 0.991129 -0.132507 0.0102918 22.5384
0.026412 0.127734 -0.991457 -263.181 0.127734 0.983241 0.130078 20.1573 0.991457 -0.130078 0.00965342 22.5529
0.0268494 0.127967 -0.991415 -264.428 0.127967 0.983173 0.130369 20.3025 0.991415 -0.130369 0.010022 22.5634
0.0264725 0.125447 -0.991747 -265.67 0.125447 0.983835 0.127795 20.4394 0.991747 -0.127795 0.0103076 22.5684
0.0247286 0.121448 -0.99229 -266.924 0.121448 0.984876 0.123567 20.5848 0.99229 -0.123567 0.009605 22.5826
0.023231 0.118218 -0.992716 -268.171 0.118218 0.985692 0.120148 20.73 0.992716 -0.120148 0.00892319 22.6009
0.0229541 0.114743 -0.99313 -269.417 0.114743 0.986525 0.116632 20.8872 0.99313 -0.116632 0.00947886 22.5942
0.0240237 0.117633 -0.992766 -270.654 0.117633 0.985822 0.119657 20.9913 0.992766 -0.119657 0.00984542 22.5978
0.0260221 0.118395 -0.992626 -271.889 0.118395 0.985608 0.120662 21.1165 0.992626 -0.120662 0.0116303 22.5603
0.0260968 0.125668 -0.991729 -273.132 0.125668 0.983784 0.127968 21.2342 0.991729 -0.127968 0.00988129 22.61
0.0272051 0.130799 -0.991036 -274.377 0.130799 0.982413 0.133251 21.3786 0.991036 -0.133251 0.0096184 22.5953
0.028746 0.134056 -0.990557 -275.609 0.134056 0.981497 0.13672 21.5249 0.990557 -0.13672 0.0102432 22.5911
0.030008 0.133338 -0.990616 -276.831 0.133338 0.981671 0.136174 21.6763 0.990616 -0.136174 0.0116788 22.5911
0.0289214 0.130639 -0.991008 -278.051 0.130639 0.982425 0.13332 21.7844 0.991008 -0.13332 0.0113466 22.6204
0.0267082 0.123764 -0.991952 -279.274 0.123764 0.984262 0.126136 21.9093 0.991952 -0.126136 0.0109704 22.6284
0.0265821 0.121523 -0.992233 -280.504 0.121523 0.984829 0.123872 22.0632 0.992233 -0.123872 0.0114111 22.6603
0.027648 0.119924 -0.992398 -281.733 0.119924 0.985209 0.122396 22.1967 0.992398 -0.122396 0.0128574 22.6643
0.0291974 0.121757 -0.99213 -282.966 0.121757 0.984729 0.124432 22.337 0.99213 -0.124432 0.0139267 22.679
0.030414 0.121825 -0.992085 -284.193 0.121825 0.984693 0.124652 22.485 0.992085 -0.124652 0.015107 22.6729
0.0310822 0.119793 -0.992312 -285.418 0.119793 0.985189 0.122685 22.6287 0.992312 -0.122685 0.0162716 22.654
0.0313201 0.120941 -0.992165 -286.636 0.120941 0.9849 0.123873 22.7548 0.992165 -0.123873 0.0162204 22.7019
0.0307857 0.121245 -0.992145 -287.851 0.121245 0.984833 0.124114 22.8855 0.992145 -0.124114 0.0156184 22.722
0.0326141 0.121433 -0.992064 -289.066 0.121433 0.984757 0.12453 23.0128 0.992064 -0.12453 0.0173711 22.7149
0.0312567 0.121975 -0.992041 -290.283 0.121975 0.984642 0.124908 23.1345 0.992041 -0.124908 0.0158988 22.767
0.0318092 0.120953 -0.992148 -291.503 0.120953 0.98489 0.123946 23.2602 0.992148 -0.123946 0.0166989 22.8128
0.034078 0.126266 -0.991411 -292.72 0.126266 0.983494 0.129598 23.395 0.991411 -0.129598 0.0175724 22.7846
0.0328772 0.122122 -0.99197 -293.939 0.122122 0.984579 0.125259 23.526 0.99197 -0.125259 0.0174565 22.8022
0.0343412 0.12338 -0.991765 -295.156 0.12338 0.984236 0.126715 23.6575 0.991765 -0.126715 0.0185773 22.8209
0.033704 0.123238 -0.991805 -296.402 0.123238 0.984283 0.126491 23.7959 0.991805 -0.126491 0.0179867 22.848
0.0344105 0.122401 -0.991884 -297.588 0.122401 0.984484 0.125734 23.9121 0.991884 -0.125734 0.0188947 22.8627
0.0346146 0.126081 -0.991416 -298.815 0.126081 0.983534 0.12948 24.0269 0.991416 -0.12948 0.0181483 22.86
0.0371351 0.130137 -0.9908 -300.041 0.130137 0.982411 0.133913 24.1692 0.9908 -0.133913 0.0195463 22.8638
0.0370964 0.131248 -0.990655 -301.268 0.131248 0.98211 0.135031 24.315 0.990655 -0.135031 0.0192068 22.8552
0.0374198 0.13538 -0.990087 -302.492 0.13538 0.98096 0.139248 24.4569 0.990087 -0.139248 0.0183797 22.8901
0.0374234 0.136066 -0.989993 -303.728 0.136066 0.980766 0.139941 24.6051 0.989993 -0.139941 0.0181898 22.9118
0.0376202 0.135771 -0.990026 -304.964 0.135771 0.980846 0.139671 24.7591 0.990026 -0.139671 0.018466 22.9039
0.0356936 0.133122 -0.990457 -306.206 0.133122 0.981623 0.136732 24.8899 0.990457 -0.136732 0.0173163 22.9479
0.0340348 0.130712 -0.990836 -307.447 0.130712 0.982312 0.134078 25.038 0.990836 -0.134078 0.0163471 22.9626
0.0323077 0.12867 -0.991161 -308.689 0.12867 0.982891 0.13179 25.1913 0.991161 -0.13179 0.0151991 22.9805
0.0316601 0.127769 -0.991299 -309.929 0.127769 0.983141 0.130798 25.3398 0.991299 -0.130798 0.0148015 22.9836
0.0317253 0.128334 -0.991223 -311.162 0.128334 0.982991 0.131376 25.4736 0.991223 -0.131376 0.014716 22.9842
0.0316461 0.129879 -0.991025 -312.399 0.129879 0.98258 0.132919 25.6221 0.991025 -0.132919 0.0142264 23.0069
0.032287 0.129166 -0.991097 -313.634 0.129166 0.98276 0.132287 25.7572 0.991097 -0.132287 0.0150466 23.0099
0.0339629 0.126973 -0.991325 -314.887 0.126973 0.983311 0.130297 25.8954 0.991325 -0.130297 0.017274 23.0053
0.0320759 0.124193 -0.99174 -316.133 0.124193 0.984065 0.127249 26.0361 0.99174 -0.127249 0.0161409 23.0509
0.0317089 0.120425 -0.992216 -317.38 0.120425 0.985023 0.1234 26.1854 0.992216 -0.1234 0.0167319 23.0639
0.0313963 0.119515 -0.992336 -318.626 0.119515 0.985253 0.122443 26.3183 0.992336 -0.122443 0.0166494 23.0914
0.0297723 0.117577 -0.992617 -319.917 0.117577 0.985752 0.12029 26.4688 0.992617 -0.12029 0.0155239 23.1364
0.032088 0.117692 -0.992532 -321.126 0.117692 0.985689 0.120686 26.5827 0.992532 -0.120686 0.0177774 23.124
0.0326039 0.117807 -0.992501 -322.372 0.117807 0.985654 0.120865 26.7156 0.992501 -0.120865 0.0182576 23.1479
0.0344778 0.119952 -0.992181 -323.629 0.119952 0.985098 0.123264 26.8517 0.992181 -0.123264 0.0195754 23.1678
