0.999998 -5.1196e-007 -0.00191581 0.00543667 -5.1196e-007 1 -0.000534458 -0.0164839 0.00191581 0.000534458 0.999998 0.643929
0.999999 -1.53517e-006 -0.00147247 -0.0328805 -1.53517e-006 0.999998 -0.00208515 -0.0309934 0.00147247 0.00208515 0.999997 1.27583
0.999995 -9.05333e-006 -0.00327864 -0.0563251 -9.05333e-006 0.999985 -0.00552256 -0.0416053 0.00327864 0.00552256 0.999979 1.89069
0.999995 -9.05333e-006 -0.00327864 -0.0797696 -9.05333e-006 0.999985 -0.00552256 -0.0522172 0.00327864 0.00552256 0.999979 2.50554
0.999971 -2.73826e-005 -0.0076242 -0.043538 -2.73826e-005 0.999974 -0.00718288 -0.0706401 0.0076242 0.00718288 0.999945 3.11077
0.999932 -4.35225e-005 -0.0116435 -0.0418563 -4.35225e-005 0.999972 -0.00747546 -0.0818516 0.0116435 0.00747546 0.999904 3.70075
0.999932 -4.35225e-005 -0.0116435 -0.0401746 -4.35225e-005 0.999972 -0.00747546 -0.0930631 0.0116435 0.00747546 0.999904 4.29073
0.999852 -7.32727e-005 -0.0172279 0.00910632 -7.32727e-005 0.999964 -0.00850549 -0.113105 0.0172279 0.00850549 0.999815 4.87478
0.999813 -0.000139317 -0.0193224 -0.0155506 -0.000139317 0.999896 -0.0144181 -0.133026 0.0193224 0.0144181 0.999709 5.45522
0.999813 -0.000139317 -0.0193224 -0.0402075 -0.000139317 0.999896 -0.0144181 -0.152947 0.0193224 0.0144181 0.999709 6.03566
0.999763 -0.000198421 -0.0217752 -0.0585957 -0.000198421 0.999834 -0.0182208 -0.161496 0.0217752 0.0182208 0.999597 6.60578
0.999763 -0.000198421 -0.0217752 -0.0769839 -0.000198421 0.999834 -0.0182208 -0.170044 0.0217752 0.0182208 0.999597 7.1759
0.999789 -0.000110888 -0.020558 -0.108034 -0.000110888 0.999942 -0.0107864 -0.182993 0.020558 0.0107864 0.99973 7.5575
0.999774 -1.68741e-006 -0.0212482 -0.124895 -1.68741e-006 1 -0.00015881 -0.190923 0.0212482 0.00015881 0.999774 7.99718
0.999786 6.8141e-005 -0.0207048 -0.154126 6.8141e-005 0.999978 0.00658137 -0.202154 0.0207048 -0.00658137 0.999764 8.4972
0.999803 5.90219e-005 -0.0198581 -0.169584 5.90219e-005 0.999982 0.00594373 -0.214016 0.0198581 -0.00594373 0.999785 9.03271
0.999792 -1.35124e-005 -0.0204018 -0.190196 -1.35124e-005 0.999999 -0.0013245 -0.2181 0.0204018 0.0013245 0.999791 9.61165
0.999762 -8.23273e-005 -0.021828 -0.203921 -8.23273e-005 0.999972 -0.00754228 -0.215061 0.021828 0.00754228 0.999733 10.2163
0.99974 -7.16879e-005 -0.0227941 -0.220892 -7.16879e-005 0.99998 -0.00628915 -0.214381 0.0227941 0.00628915 0.99972 10.8405
0.999699 3.03736e-005 -0.0245465 -0.222254 3.03736e-005 0.999997 0.00247441 -0.219806 0.0245465 -0.00247441 0.999696 11.4779
0.999685 0.000122781 -0.0251157 -0.20937 0.000122781 0.999952 0.00977544 -0.219653 0.0251157 -0.00977544 0.999637 12.1329
0.999707 0.000151183 -0.0241892 -0.233531 0.000151183 0.999922 0.0124977 -0.220824 0.0241892 -0.0124977 0.999629 12.8357
0.999681 0.000142711 -0.0252617 -0.243017 0.000142711 0.999936 0.0112964 -0.21824 0.0252617 -0.0112964 0.999617 13.5699
0.999723 0.000104897 -0.023529 -0.282352 0.000104897 0.99996 0.00891501 -0.221485 0.023529 -0.00891501 0.999683 14.3483
0.999722 6.38629e-005 -0.0235834 -0.305168 6.38629e-005 0.999985 0.00541512 -0.223845 0.0235834 -0.00541512 0.999707 15.1401
0.999768 -5.52178e-006 -0.02154 -0.331804 -5.52178e-006 1 -0.000512642 -0.224896 0.02154 0.000512642 0.999768 15.9728
0.999771 -7.28806e-005 -0.0213991 -0.342119 -7.28806e-005 0.999977 -0.00681069 -0.236812 0.0213991 0.00681069 0.999748 16.8255
0.999826 -0.0001182 -0.0186768 -0.385609 -0.0001182 0.99992 -0.0126558 -0.245718 0.0186768 0.0126558 0.999745 17.6983
0.999841 -0.000119786 -0.0178129 -0.414543 -0.000119786 0.99991 -0.0134477 -0.262678 0.0178129 0.0134477 0.999751 18.5583
0.999838 -0.000115146 -0.0179838 -0.437752 -0.000115146 0.999918 -0.012804 -0.28355 0.0179838 0.012804 0.999756 19.4572
0.999848 -0.000123447 -0.017408 -0.468332 -0.000123447 0.999899 -0.014181 -0.307037 0.017408 0.014181 0.999748 20.3433
0.999803 -0.000163625 -0.019848 -0.454959 -0.000163625 0.999864 -0.016485 -0.330755 0.019848 0.016485 0.999667 21.2504
0.999802 -0.000176191 -0.019921 -0.490101 -0.000176191 0.999844 -0.0176859 -0.355215 0.019921 0.0176859 0.999645 22.1885
0.999802 -0.000176191 -0.019921 -0.525242 -0.000176191 0.999844 -0.0176859 -0.379674 0.019921 0.0176859 0.999645 23.1265
0.999802 -0.000176191 -0.019921 -0.560384 -0.000176191 0.999844 -0.0176859 -0.404133 0.019921 0.0176859 0.999645 24.0646
0.999814 -0.000170265 -0.0192856 -0.596248 -0.000170265 0.999844 -0.0176542 -0.430839 0.0192856 0.0176542 0.999658 25.008
0.999849 -0.000149477 -0.0173977 -0.652062 -0.000149477 0.999852 -0.017181 -0.452604 0.0173977 0.017181 0.999701 25.942
0.999806 -0.000148192 -0.0197126 -0.657213 -0.000148192 0.999887 -0.0150329 -0.484688 0.0197126 0.0150329 0.999693 26.9077
0.999807 -0.000145493 -0.0196642 -0.68487 -0.000145493 0.999891 -0.0147955 -0.514532 0.0196642 0.0147955 0.999697 27.8938
0.999807 -0.000145493 -0.0196642 -0.712527 -0.000145493 0.999891 -0.0147955 -0.544377 0.0196642 0.0147955 0.999697 28.8799
0.999795 -0.000161177 -0.0202357 -0.761479 -0.000161177 0.999873 -0.0159273 -0.568821 0.0202357 0.0159273 0.999668 29.8992
0.999781 -0.000164895 -0.0209296 -0.769129 -0.000164895 0.999876 -0.0157544 -0.593755 0.0209296 0.0157544 0.999657 30.9137
0.999787 -0.000138451 -0.020624 -0.805317 -0.000138451 0.99991 -0.0134241 -0.619139 0.020624 0.0134241 0.999697 31.9365
0.999785 -0.000101236 -0.0207492 -0.834989 -0.000101236 0.999952 -0.0097568 -0.648401 0.0207492 0.0097568 0.999737 32.9898
0.999814 -7.02182e-005 -0.019306 -0.88858 -7.02182e-005 0.999974 -0.00727348 -0.677335 0.019306 0.00727348 0.999787 34.0453
0.999793 -7.03075e-005 -0.0203392 -0.906892 -7.03075e-005 0.999976 -0.00691269 -0.700412 0.0203392 0.00691269 0.999769 35.1088
0.999784 -8.3693e-005 -0.020771 -0.933213 -8.3693e-005 0.999968 -0.00805763 -0.729531 0.020771 0.00805763 0.999752 36.1784
0.999808 -8.47114e-005 -0.01957 -0.990527 -8.47114e-005 0.999963 -0.00865628 -0.752084 0.01957 0.00865628 0.999771 37.2516
0.999791 -7.74933e-005 -0.020448 -1.01437 -7.74933e-005 0.999971 -0.00757863 -0.776392 0.020448 0.00757863 0.999762 38.3431
0.999786 -5.77698e-005 -0.0206901 -1.04617 -5.77698e-005 0.999984 -0.00558364 -0.803388 0.0206901 0.00558364 0.99977 39.4236
0.999771 -2.99082e-005 -0.0214009 -1.0754 -2.99082e-005 0.999996 -0.00279472 -0.833451 0.0214009 0.00279472 0.999767 40.5286
0.999787 -3.4048e-005 -0.0206336 -1.1238 -3.4048e-005 0.999995 -0.00329989 -0.855521 0.0206336 0.00329989 0.999782 41.6485
0.999771 -7.87016e-005 -0.0214126 -1.14972 -7.87016e-005 0.999973 -0.00735004 -0.878527 0.0214126 0.00735004 0.999744 42.7702
0.999785 -0.0001148 -0.0207433 -1.18916 -0.0001148 0.999939 -0.0110671 -0.908473 0.0207433 0.0110671 0.999724 43.8948
0.999807 -0.000111801 -0.0196658 -1.23544 -0.000111801 0.999935 -0.0113686 -0.936778 0.0196658 0.0113686 0.999742 45.0202
0.999795 -8.03684e-005 -0.0202392 -1.25899 -8.03684e-005 0.999968 -0.00794092 -0.975158 0.0202392 0.00794092 0.999764 46.1566
0.999801 -5.52504e-005 -0.0199342 -1.29438 -5.52504e-005 0.999985 -0.00554268 -1.00725 0.0199342 0.00554268 0.999786 47.2836
0.999801 -4.66525e-005 -0.0199388 -1.32095 -4.66525e-005 0.999989 -0.00467909 -1.02889 0.0199388 0.00467909 0.99979 48.4275
0.99984 -5.21324e-005 -0.0178827 -1.36779 -5.21324e-005 0.999983 -0.00582999 -1.05337 0.0178827 0.00582999 0.999823 49.5663
0.999869 -6.08294e-005 -0.0161723 -1.41802 -6.08294e-005 0.999972 -0.00752206 -1.08231 0.0161723 0.00752206 0.999841 50.6996
0.99987 -7.80946e-005 -0.0160973 -1.43622 -7.80946e-005 0.999953 -0.00970198 -1.11338 0.0160973 0.00970198 0.999823 51.8449
0.999873 -9.80836e-005 -0.015923 -1.46142 -9.80836e-005 0.999924 -0.0123185 -1.14286 0.015923 0.0123185 0.999797 52.9753
0.999868 -0.000126001 -0.0162639 -1.47888 -0.000126001 0.99988 -0.0154925 -1.18061 0.0162639 0.0154925 0.999748 54.0797
0.999876 -0.000135 -0.0157445 -1.504 -0.000135 0.999853 -0.0171466 -1.21742 0.0157445 0.0171466 0.999729 55.1922
0.999894 -0.000110795 -0.014543 -1.53748 -0.000110795 0.999884 -0.0152352 -1.24809 0.014543 0.0152352 0.999778 56.296
0.999865 -8.09639e-005 -0.0164314 -1.52558 -8.09639e-005 0.999951 -0.00985386 -1.27523 0.0164314 0.00985386 0.999816 57.3862
0.999873 -3.19151e-005 -0.0159636 -1.55009 -3.19151e-005 0.999992 -0.00399823 -1.30107 0.0159636 0.00399823 0.999865 58.4951
0.999888 -2.51357e-005 -0.0149939 -1.56737 -2.51357e-005 0.999994 -0.00335259 -1.32949 0.0149939 0.00335259 0.999882 59.6041
0.99988 -4.89578e-005 -0.0155202 -1.57426 -4.89578e-005 0.99998 -0.00630848 -1.35567 0.0155202 0.00630848 0.99986 60.7293
0.999875 -7.52308e-005 -0.0158067 -1.58074 -7.52308e-005 0.999955 -0.00951807 -1.38309 0.0158067 0.00951807 0.99983 61.8473
0.999887 -0.000102542 -0.0150324 -1.62614 -0.000102542 0.999907 -0.0136413 -1.41152 0.0150324 0.0136413 0.999794 62.9777
0.999899 -0.000129726 -0.0142371 -1.66258 -0.000129726 0.999834 -0.0182211 -1.44177 0.0142371 0.0182211 0.999733 64.0984
0.999907 -0.000129141 -0.0136407 -1.6915 -0.000129141 0.999821 -0.0189321 -1.4747 0.0136407 0.0189321 0.999728 65.2172
0.999917 -9.82566e-005 -0.0128932 -1.71242 -9.82566e-005 0.999884 -0.0152401 -1.51154 0.0128932 0.0152401 0.999801 66.3184
0.999913 -9.06263e-005 -0.0131968 -1.72921 -9.06263e-005 0.999906 -0.0137333 -1.53859 0.0131968 0.0137333 0.999819 67.428
0.999889 -0.000100074 -0.0149116 -1.72095 -0.000100074 0.99991 -0.013421 -1.56594 0.0149116 0.013421 0.999799 68.5514
0.99991 -8.4951e-005 -0.0134129 -1.76261 -8.4951e-005 0.99992 -0.012666 -1.60029 0.0134129 0.012666 0.99983 69.6725
0.999896 -8.13884e-005 -0.0144027 -1.76591 -8.13884e-005 0.999936 -0.0113009 -1.63324 0.0144027 0.0113009 0.999832 70.7986
0.999906 -6.30252e-005 -0.0136891 -1.80599 -6.30252e-005 0.999958 -0.00920745 -1.66658 0.0136891 0.00920745 0.999864 71.9447
0.999886 -5.65751e-005 -0.0150674 -1.81577 -5.65751e-005 0.999972 -0.00750907 -1.7013 0.0150674 0.00750907 0.999858 73.0741
0.999856 -7.99387e-005 -0.0169514 -1.81956 -7.99387e-005 0.999956 -0.00943062 -1.72338 0.0169514 0.00943062 0.999812 74.222
0.999825 -0.000124637 -0.0187135 -1.82047 -0.000124637 0.999911 -0.0133188 -1.75666 0.0187135 0.0133188 0.999736 75.3543
0.999822 -0.000143554 -0.0188818 -1.85411 -0.000143554 0.999884 -0.0152033 -1.79375 0.0188818 0.0152033 0.999706 76.4775
0.999809 -0.000133533 -0.0195498 -1.88982 -0.000133533 0.999907 -0.0136589 -1.82507 0.0195498 0.0136589 0.999716 77.5907
0.999765 -9.60817e-005 -0.0216602 -1.88921 -9.60817e-005 0.999961 -0.00887051 -1.87023 0.0216602 0.00887051 0.999726 78.695
0.999741 -4.91444e-005 -0.022753 -1.92477 -4.91444e-005 0.999991 -0.00431924 -1.89979 0.022753 0.00431924 0.999732 79.8356
0.999741 -4.91444e-005 -0.022753 -1.96032 -4.91444e-005 0.999991 -0.00431924 -1.92934 0.022753 0.00431924 0.999732 80.9762
0.999754 -8.01734e-005 -0.0221682 -2.01906 -8.01734e-005 0.999974 -0.00723221 -1.94012 0.0221682 0.00723221 0.999728 82.127
0.999733 -9.19614e-005 -0.0230973 -2.05362 -9.19614e-005 0.999968 -0.00796176 -1.96848 0.0230973 0.00796176 0.999702 83.2886
0.999734 -9.30211e-005 -0.0230701 -2.09488 -9.30211e-005 0.999967 -0.008063 -2.00444 0.0230701 0.008063 0.999701 84.4494
0.999738 -9.18443e-005 -0.0228678 -2.14592 -9.18443e-005 0.999968 -0.00803146 -2.03157 0.0228678 0.00803146 0.999706 85.6027
0.999726 -7.53313e-005 -0.0234008 -2.18143 -7.53313e-005 0.999979 -0.00643741 -2.06744 0.0234008 0.00643741 0.999705 86.7463
0.999724 -4.38067e-005 -0.0234868 -2.22225 -4.38067e-005 0.999993 -0.00372981 -2.10019 0.0234868 0.00372981 0.999717 87.8707
0.999708 -3.36695e-005 -0.0241723 -2.25734 -3.36695e-005 0.999996 -0.00278537 -2.13267 0.0241723 0.00278537 0.999704 88.9781
0.999682 -3.49317e-005 -0.0252231 -2.3113 -3.49317e-005 0.999996 -0.00276936 -2.15774 0.0252231 0.00276936 0.999678 90.073
0.999595 -5.35088e-005 -0.0284748 -2.35215 -5.35088e-005 0.999993 -0.00375755 -2.18423 0.0284748 0.00375755 0.999587 91.1351
0.999456 -7.13083e-005 -0.032971 -2.36935 -7.13083e-005 0.999991 -0.00432432 -2.21977 0.032971 0.00432432 0.999447 92.1701
0.999172 -6.65067e-005 -0.0406801 -2.39471 -6.65067e-005 0.999995 -0.00326838 -2.24529 0.0406801 0.00326838 0.999167 93.1778
0.999172 -6.65067e-005 -0.0406801 -2.42006 -6.65067e-005 0.999995 -0.00326838 -2.27081 0.0406801 0.00326838 0.999167 94.1856
0.99907 -4.49569e-005 -0.0431214 -2.48349 -4.49569e-005 0.999998 -0.00208416 -2.29968 0.0431214 0.00208416 0.999068 95.1626
0.998896 -1.9776e-005 -0.0469693 -2.52484 -1.9776e-005 1 -0.000841619 -2.31897 0.0469693 0.000841619 0.998896 96.1009
0.998772 -3.49813e-006 -0.0495509 -2.57987 -3.49813e-006 1 -0.000141107 -2.34 0.0495509 0.000141107 0.998772 97.0258
0.998748 1.11803e-005 -0.050027 -2.66816 1.11803e-005 1 0.000446692 -2.3653 0.050027 -0.000446692 0.998748 97.9248
0.998719 -2.23318e-005 -0.0506084 -2.75976 -2.23318e-005 1 -0.000881966 -2.38626 0.0506084 0.000881966 0.998718 98.8088
0.998495 -0.000128864 -0.0548459 -2.78786 -0.000128864 0.999989 -0.00469556 -2.4118 0.0548459 0.00469556 0.998484 99.6548
0.998167 -0.000313557 -0.0605257 -2.83398 -0.000313557 0.999946 -0.0103513 -2.44213 0.0605257 0.0103513 0.998113 100.501
0.998167 -0.000313557 -0.0605257 -2.8801 -0.000313557 0.999946 -0.0103513 -2.47246 0.0605257 0.0103513 0.998113 101.347
0.998162 -0.000344703 -0.0606002 -2.94787 -0.000344703 0.999935 -0.0113655 -2.49274 0.0606002 0.0113655 0.998097 102.136
0.99864 -0.00026869 -0.0521423 -3.05911 -0.00026869 0.999947 -0.0102987 -2.50341 0.0521423 0.0102987 0.998587 102.899
0.99864 -0.00026869 -0.0521423 -3.17036 -0.00026869 0.999947 -0.0102987 -2.51408 0.0521423 0.0102987 0.998587 103.661
0.999226 -0.000127515 -0.0393405 -3.20107 -0.000127515 0.999979 -0.00648004 -2.53677 0.0393405 0.00648004 0.999205 104.384
0.999226 -0.000127515 -0.0393405 -3.23178 -0.000127515 0.999979 -0.00648004 -2.55947 0.0393405 0.00648004 0.999205 105.106
0.999562 -5.70207e-005 -0.0296071 -3.25102 -5.70207e-005 0.999993 -0.00385097 -2.57503 0.0296071 0.00385097 0.999554 105.768
0.99985 -1.97934e-005 -0.0173464 -3.23514 -1.97934e-005 0.999997 -0.00228196 -2.58953 0.0173464 0.00228196 0.999847 106.327
0.999994 -3.09571e-006 -0.00335063 -3.22817 -3.09571e-006 0.999998 -0.00184783 -2.60752 0.00335063 0.00184783 0.999993 106.845
0.999933 1.3293e-005 0.0116096 -3.2097 1.3293e-005 0.999997 -0.00228993 -2.62893 -0.0116096 0.00228993 0.99993 107.312
0.999567 7.30745e-005 0.0294403 -3.181 7.30745e-005 0.999988 -0.00496315 -2.64236 -0.0294403 0.00496315 0.999554 107.806
0.998698 0.000230026 0.0510139 -3.14289 0.000230026 0.999959 -0.0090121 -2.65666 -0.0510139 0.0090121 0.998657 108.256
0.997152 0.00049761 0.0754136 -3.08376 0.00049761 0.999913 -0.0131775 -2.66873 -0.0754136 0.0131775 0.997065 108.714
0.994753 0.000786763 0.102303 -3.01189 0.000786763 0.999882 -0.0153398 -2.6797 -0.102303 0.0153398 0.994635 109.149
0.991224 0.00104505 0.132188 -2.92892 0.00104505 0.999876 -0.0157412 -2.69268 -0.132188 0.0157412 0.9911 109.584
0.986405 0.00140776 0.164329 -2.82719 0.00140776 0.999854 -0.0170157 -2.70526 -0.164329 0.0170157 0.986259 109.994
0.979791 0.00177665 0.200014 -2.71629 0.00177665 0.999844 -0.0175843 -2.72146 -0.200014 0.0175843 0.979635 110.389
0.971269 0.00202888 0.237977 -2.58932 0.00202888 0.999857 -0.0168049 -2.73787 -0.237977 0.0168049 0.971125 110.768
0.960543 0.00232597 0.278123 -2.46423 0.00232597 0.999863 -0.0163951 -2.75813 -0.278123 0.0163951 0.960406 111.109
0.947564 0.00285033 0.319553 -2.31883 0.00285033 0.999845 -0.0173704 -2.77489 -0.319553 0.0173704 0.947409 111.454
0.932066 0.00348003 0.362271 -2.14898 0.00348003 0.999822 -0.018558 -2.78612 -0.362271 0.018558 0.931888 111.776
0.913889 0.00370727 0.405946 -1.96791 0.00370727 0.99984 -0.017477 -2.79718 -0.405946 0.017477 0.91373 112.094
0.893569 0.00378 0.448909 -1.76528 0.00378 0.999866 -0.0159435 -2.81068 -0.448909 0.0159435 0.893435 112.396
0.870111 0.0040642 0.492839 -1.54883 0.0040642 0.999873 -0.0154208 -2.82709 -0.492839 0.0154208 0.869984 112.691
0.84532 0.00486514 0.534238 -1.31029 0.00486514 0.999847 -0.0168034 -2.83795 -0.534238 0.0168034 0.845167 112.965
0.817405 0.0063193 0.576029 -1.07041 0.0063193 0.999781 -0.0199354 -2.85407 -0.576029 0.0199354 0.817186 113.241
0.786345 0.00857777 0.617728 -0.825996 0.00857777 0.999656 -0.0248004 -2.8705 -0.617728 0.0248004 0.786001 113.51
0.752089 0.0119863 0.658953 -0.58864 0.0119863 0.99942 -0.0318599 -2.87239 -0.658953 0.0318599 0.751509 113.746
0.713593 0.0147938 0.700405 -0.335461 0.0147938 0.999236 -0.036178 -2.89381 -0.700405 0.036178 0.712828 113.991
0.673842 0.0162139 0.738698 -0.0603276 0.0162139 0.999194 -0.0367219 -2.90415 -0.738698 0.0367219 0.673036 114.196
0.631462 0.0155442 0.775251 0.233707 0.0155442 0.999344 -0.0326986 -2.91994 -0.775251 0.0326986 0.630806 114.393
0.587885 0.0157234 0.808792 0.54051 0.0157234 0.9994 -0.0308579 -2.93581 -0.808792 0.0308579 0.587285 114.557
0.541369 0.01672 0.840619 0.848811 0.01672 0.99939 -0.0306458 -2.95341 -0.840619 0.0306458 0.54076 114.72
0.493611 0.016493 0.869526 1.16047 0.016493 0.999463 -0.0283203 -2.9674 -0.869526 0.0283203 0.493074 114.85
0.441537 0.0175381 0.897071 1.49552 0.0175381 0.999449 -0.0281719 -2.98159 -0.897071 0.0281719 0.440987 114.993
0.389097 0.0217023 0.920941 1.84755 0.0217023 0.999229 -0.0327163 -2.99719 -0.920941 0.0327163 0.388326 115.126
0.338519 0.0267079 0.94058 2.21472 0.0267079 0.998922 -0.0379768 -3.01702 -0.94058 0.0379768 0.337441 115.224
0.288733 0.0297453 0.956947 2.58136 0.0297453 0.998756 -0.0400198 -3.04117 -0.956947 0.0400198 0.287489 115.287
0.200968 0.0279036 0.9792 2.96172 0.0279036 0.999026 -0.0341954 -3.06169 -0.9792 0.0341954 0.199994 115.333
0.200968 0.0279036 0.9792 3.34209 0.0279036 0.999026 -0.0341954 -3.08221 -0.9792 0.0341954 0.199994 115.379
0.165692 0.0237493 0.985892 3.73308 0.0237493 0.999324 -0.0280643 -3.09612 -0.985892 0.0280643 0.165016 115.408
0.135507 0.0208853 0.990556 4.10406 0.0208853 0.999495 -0.0239309 -3.11322 -0.990556 0.0239309 0.135002 115.421
0.107889 0.0240308 0.993873 4.49861 0.0240308 0.999353 -0.0267719 -3.12439 -0.993873 0.0267719 0.107241 115.451
0.0831735 0.030614 0.996065 4.90062 0.030614 0.998978 -0.0332598 -3.13901 -0.996065 0.0332598 0.0821513 115.48
0.0599087 0.0356535 0.997567 5.3465 0.0356535 0.998648 -0.0378333 -3.15429 -0.997567 0.0378333 0.0585565 115.509
0.0374079 0.0321944 0.998781 5.79033 0.0321944 0.998923 -0.0334048 -3.17977 -0.998781 0.0334048 0.0363311 115.507
0.0169538 0.0247986 0.999549 6.26486 0.0247986 0.999374 -0.0252149 -3.20222 -0.999549 0.0252149 0.0163282 115.492
-0.000732472 0.0211662 0.999776 6.73351 0.0211662 0.999552 -0.0211459 -3.22014 -0.999776 0.0211459 -0.00118015 115.474
-0.0153279 0.021401 0.999653 7.23905 0.021401 0.999549 -0.0210706 -3.22974 -0.999653 0.0210706 -0.015779 115.47
-0.0260153 0.0240252 0.999373 7.74294 0.0240252 0.999437 -0.0234013 -3.24102 -0.999373 0.0234013 -0.0265779 115.452
-0.0315615 0.0180436 0.999339 8.25866 0.0180436 0.999684 -0.01748 -3.2525 -0.999339 0.01748 -0.0318771 115.41
-0.0353782 0.0142812 0.999272 8.79341 0.0142812 0.999803 -0.0137832 -3.26746 -0.999272 0.0137832 -0.0355752 115.391
-0.0373116 0.0134057 0.999214 9.35897 0.0134057 0.999827 -0.0129133 -3.2662 -0.999214 0.0129133 -0.0374848 115.39
-0.0366698 0.0151575 0.999212 9.9591 0.0151575 0.999778 -0.0146098 -3.26964 -0.999212 0.0146098 -0.0368915 115.388
-0.0357167 0.0223894 0.999111 10.5932 0.0223894 0.999516 -0.0215981 -3.28476 -0.999111 0.0215981 -0.0362007 115.392
-0.0344624 0.0206348 0.999193 11.235 0.0206348 0.999588 -0.0199312 -3.31173 -0.999193 0.0199312 -0.034874 115.364
-0.0340375 0.0213342 0.999193 11.9086 0.0213342 0.99956 -0.0206153 -3.32914 -0.999193 0.0206153 -0.0344777 115.35
-0.0325882 0.0198541 0.999272 12.5925 0.0198541 0.999618 -0.0192135 -3.35084 -0.999272 0.0192135 -0.0329699 115.319
-0.0320414 0.0223421 0.999237 13.3071 0.0223421 0.999516 -0.0216319 -3.36868 -0.999237 0.0216319 -0.032525 115.307
-0.0311474 0.0194404 0.999326 14.0338 0.0194404 0.999633 -0.0188404 -3.39165 -0.999326 0.0188404 -0.031514 115.274
-0.0328389 0.0225725 0.999206 14.7895 0.0225725 0.999507 -0.0218375 -3.4132 -0.999206 0.0218375 -0.0333322 115.274
-0.0324282 0.0236705 0.999194 15.5485 0.0236705 0.999457 -0.0229086 -3.45218 -0.999194 0.0229086 -0.0329709 115.234
-0.0340741 0.0211092 0.999196 16.3419 0.0211092 0.999569 -0.0203972 -3.48009 -0.999196 0.0203972 -0.034505 115.203
-0.0340741 0.0211092 0.999196 17.1352 0.0211092 0.999569 -0.0203972 -3.508 -0.999196 0.0203972 -0.034505 115.172
-0.0339446 0.0170954 0.999277 17.9454 0.0170954 0.999717 -0.0165222 -3.53721 -0.999277 0.0165222 -0.0342273 115.124
-0.0349015 0.0209213 0.999172 18.7784 0.0209213 0.999577 -0.020199 -3.56923 -0.999172 0.020199 -0.0353244 115.099
-0.0363214 0.0215846 0.999107 19.6119 0.0215846 0.99955 -0.0208095 -3.59703 -0.999107 0.0208095 -0.036771 115.077
-0.0382937 0.0207269 0.999052 20.4592 0.0207269 0.999586 -0.0199436 -3.62138 -0.999052 0.0199436 -0.0387075 115.061
-0.0391883 0.0203149 0.999025 21.3128 0.0203149 0.999603 -0.0195297 -3.64993 -0.999025 0.0195297 -0.0395855 115.027
-0.0395069 0.0212843 0.998993 22.1663 0.0212843 0.999564 -0.0204548 -3.67963 -0.998993 0.0204548 -0.0399427 114.983
-0.0402033 0.0232219 0.998922 23.0446 0.0232219 0.999482 -0.0223003 -3.71039 -0.998922 0.0223003 -0.0407217 114.947
-0.0418081 0.027027 0.99876 23.9298 0.027027 0.999299 -0.0259103 -3.74022 -0.99876 0.0259103 -0.0425092 114.942
-0.041961 0.030669 0.998648 24.8366 0.030669 0.999097 -0.0293941 -3.77696 -0.998648 0.0293941 -0.0428637 114.918
-0.040877 0.0358853 0.99852 25.7341 0.0358853 0.998763 -0.034425 -3.82757 -0.99852 0.034425 -0.0421141 114.892
-0.0410093 0.032318 0.998636 26.6555 0.032318 0.998997 -0.0310026 -3.88189 -0.998636 0.0310026 -0.0420126 114.86
-0.0404845 0.029525 0.998744 27.5585 0.029525 0.999162 -0.0283406 -3.92343 -0.998744 0.0283406 -0.0413223 114.824
-0.0396738 0.0275987 0.998831 28.4529 0.0275987 0.999267 -0.0265146 -3.94264 -0.998831 0.0265146 -0.0404065 114.788
-0.0362595 0.0228432 0.999081 29.3151 0.0228432 0.999496 -0.0220237 -3.97584 -0.999081 0.0220237 -0.036763 114.729
-0.0352611 0.019883 0.99918 30.1825 0.019883 0.999618 -0.01919 -4.0072 -0.99918 0.01919 -0.035643 114.697
-0.0339809 0.0188822 0.999244 31.0499 0.0188822 0.999655 -0.0182479 -4.04484 -0.999244 0.0182479 -0.0343257 114.663
-0.0345613 0.0204904 0.999193 31.9318 0.0204904 0.999594 -0.0197899 -4.07483 -0.999193 0.0197899 -0.0349671 114.646
-0.0353514 0.023079 0.999108 32.814 0.023079 0.999486 -0.0222711 -4.10649 -0.999108 0.0222711 -0.0358659 114.621
-0.0374984 0.0252695 0.998977 33.6913 0.0252695 0.999385 -0.0243313 -4.13753 -0.998977 0.0243313 -0.0381138 114.594
-0.0391739 0.0257543 0.9989 34.5669 0.0257543 0.999362 -0.0247562 -4.18186 -0.9989 0.0247562 -0.0398122 114.563
-0.0414517 0.0274828 0.998762 35.445 0.0274828 0.999275 -0.0263563 -4.22764 -0.998762 0.0263563 -0.042177 114.536
-0.0430033 0.0296091 0.998636 36.3214 0.0296091 0.999159 -0.0283496 -4.27072 -0.998636 0.0283496 -0.0438438 114.501
-0.0446112 0.0315055 0.998508 37.192 0.0315055 0.99905 -0.0301151 -4.31415 -0.998508 0.0301151 -0.0455614 114.465
-0.0476373 0.033002 0.998319 38.0571 0.033002 0.99896 -0.0314484 -4.35543 -0.998319 0.0314484 -0.048677 114.439
-0.0486327 0.032911 0.998274 38.9415 0.032911 0.998967 -0.0313305 -4.40232 -0.998274 0.0313305 -0.0496656 114.395
-0.0505417 0.0333196 0.998166 39.8086 0.0333196 0.998943 -0.0316585 -4.44606 -0.998166 0.0316585 -0.0515985 114.354
-0.0505046 0.0317259 0.99822 40.6777 0.0317259 0.999042 -0.0301468 -4.48963 -0.99822 0.0301468 -0.0514628 114.293
-0.0523772 0.0310673 0.998144 41.5434 0.0310673 0.999083 -0.0294663 -4.53646 -0.998144 0.0294663 -0.0532944 114.258
-0.0544437 0.0307508 0.998043 42.4109 0.0307508 0.999103 -0.029106 -4.58185 -0.998043 0.029106 -0.0553405 114.222
-0.0560465 0.0316909 0.997925 43.2682 0.0316909 0.999049 -0.0299467 -4.62446 -0.997925 0.0299467 -0.0569975 114.182
-0.057413 0.0356843 0.997713 44.1172 0.0356843 0.998796 -0.0336696 -4.67132 -0.997713 0.0336696 -0.0586173 114.147
-0.0591007 0.0374912 0.997548 44.9727 0.0374912 0.998673 -0.0353123 -4.71836 -0.997548 0.0353123 -0.0604279 114.113
-0.0597532 0.0376667 0.997502 45.8102 0.0376667 0.998661 -0.0354541 -4.76543 -0.997502 0.0354541 -0.061092 114.069
-0.0591031 0.0364705 0.997585 46.6433 0.0364705 0.998744 -0.0343521 -4.81379 -0.997585 0.0343521 -0.060359 114.018
-0.0591279 0.0360113 0.997601 47.4614 0.0360113 0.998776 -0.0339193 -4.85988 -0.997601 0.0339193 -0.0603523 113.97
-0.0573947 0.037248 0.997656 48.264 0.037248 0.998688 -0.0351437 -4.89988 -0.997656 0.0351437 -0.0587068 113.912
-0.0582354 0.0379374 0.997582 49.0613 0.0379374 0.99864 -0.035763 -4.94709 -0.997582 0.035763 -0.0595955 113.878
-0.0630912 0.0366759 0.997334 49.8528 0.0366759 0.998735 -0.0344073 -4.99131 -0.997334 0.0344073 -0.0643565 113.879
-0.0655437 0.0344236 0.997256 50.6424 0.0344236 0.998888 -0.0322175 -5.03652 -0.997256 0.0322175 -0.0666558 113.861
-0.0647655 0.0392538 0.997128 51.4437 0.0392538 0.998553 -0.0367603 -5.07897 -0.997128 0.0367603 -0.0662126 113.808
-0.0640605 0.0408138 0.997111 52.2299 0.0408138 0.998435 -0.0382459 -5.12925 -0.997111 0.0382459 -0.0656259 113.758
-0.0632169 0.0402084 0.99719 53.0301 0.0402084 0.998479 -0.0377114 -5.17459 -0.99719 0.0377114 -0.0647375 113.688
-0.0640952 0.0374251 0.997242 53.8181 0.0374251 0.998684 -0.0350738 -5.20865 -0.997242 0.0350738 -0.0654115 113.617
-0.0667913 0.0404232 0.996948 54.623 0.0404232 0.998468 -0.0377766 -5.25048 -0.996948 0.0377766 -0.068323 113.566
-0.07112 0.0438422 0.996504 55.4138 0.0438422 0.998205 -0.0407881 -5.29938 -0.996504 0.0407881 -0.0729145 113.503
-0.0779553 0.040396 0.996138 56.2047 0.040396 0.998486 -0.0373299 -5.34415 -0.996138 0.0373299 -0.0794691 113.447
-0.0847603 0.0397926 0.995606 56.9802 0.0397926 0.99854 -0.0365221 -5.39046 -0.995606 0.0365221 -0.0862201 113.382
-0.0921977 0.0406514 0.994911 57.7403 0.0406514 0.998487 -0.0370304 -5.42838 -0.994911 0.0370304 -0.0937108 113.31
-0.0982236 0.0456253 0.994118 58.485 0.0456253 0.998105 -0.0413002 -5.46733 -0.994118 0.0413002 -0.100119 113.245
-0.104052 0.0479157 0.993417 59.2368 0.0479157 0.99792 -0.0431141 -5.51415 -0.993417 0.0431141 -0.106132 113.177
-0.107241 0.0505513 0.992947 59.9708 0.0505513 0.997692 -0.0453332 -5.56549 -0.992947 0.0453332 -0.109549 113.087
-0.111977 0.0532547 0.992283 60.7147 0.0532547 0.99745 -0.0475223 -5.60418 -0.992283 0.0475223 -0.114528 113.024
-0.115312 0.0535322 0.991886 61.4546 0.0535322 0.997431 -0.047608 -5.64356 -0.991886 0.047608 -0.117882 112.953
-0.118875 0.0517544 0.99156 62.2059 0.0517544 0.997606 -0.0458653 -5.67739 -0.99156 0.0458653 -0.121268 112.882
-0.120856 0.0533726 0.991234 62.9656 0.0533726 0.997459 -0.0472003 -5.72296 -0.991234 0.0472003 -0.123397 112.797
-0.121802 0.0542039 0.991073 63.7359 0.0542039 0.997381 -0.0478873 -5.77138 -0.991073 0.0478873 -0.124421 112.703
-0.123069 0.0528487 0.99099 64.5155 0.0528487 0.997513 -0.0466334 -5.82455 -0.99099 0.0466334 -0.125556 112.611
-0.123885 0.0452751 0.991263 65.2973 0.0452751 0.998176 -0.0399325 -5.86991 -0.991263 0.0399325 -0.125709 112.503
-0.125861 0.0363156 0.991383 66.0743 0.0363156 0.998829 -0.0319779 -5.91386 -0.991383 0.0319779 -0.127032 112.4
-0.126762 0.0352684 0.991306 66.8347 0.0352684 0.998896 -0.0310286 -5.94322 -0.991306 0.0310286 -0.127866 112.304
-0.126082 0.0364091 0.991351 67.6019 0.0364091 0.998823 -0.0320529 -5.98156 -0.991351 0.0320529 -0.12726 112.202
-0.128253 0.0372193 0.991043 68.3785 0.0372193 0.998772 -0.0326929 -6.01378 -0.991043 0.0326929 -0.129481 112.128
-0.127474 0.0358686 0.991193 69.1582 0.0358686 0.998859 -0.0315331 -6.0513 -0.991193 0.0315331 -0.128615 112.019
-0.128047 0.0319661 0.991253 69.9516 0.0319661 0.999094 -0.0280897 -6.07708 -0.991253 0.0280897 -0.128953 111.916
-0.128865 0.0334861 0.991097 70.7508 0.0334861 0.999007 -0.0293994 -6.11131 -0.991097 0.0293994 -0.129858 111.811
-0.129095 0.0362827 0.990968 71.5224 0.0362827 0.998834 -0.0318441 -6.17062 -0.990968 0.0318441 -0.130261 111.679
-0.131015 0.0244525 0.991079 72.3453 0.0244525 0.999471 -0.0214271 -6.18597 -0.991079 0.0214271 -0.131543 111.56
-0.130967 0.0230686 0.991118 73.1383 0.0230686 0.999529 -0.0202161 -6.2119 -0.991118 0.0202161 -0.131438 111.426
-0.132417 0.0217773 0.990955 73.9324 0.0217773 0.999581 -0.0190569 -6.23877 -0.990955 0.0190569 -0.132836 111.314
-0.133266 0.0239572 0.990791 74.7611 0.0239572 0.999494 -0.0209453 -6.26571 -0.990791 0.0209453 -0.133773 111.2
-0.133829 0.0250862 0.990687 75.5743 0.0250862 0.999445 -0.0219192 -6.29984 -0.990687 0.0219192 -0.134384 111.096
-0.134199 0.0253343 0.99063 76.3892 0.0253343 0.999434 -0.0221275 -6.32628 -0.99063 0.0221275 -0.134765 110.987
-0.136722 0.0295522 0.990169 77.1772 0.0295522 0.999232 -0.0257421 -6.35753 -0.990169 0.0257421 -0.137491 110.889
-0.137881 0.0291196 0.990021 77.9993 0.0291196 0.999255 -0.0253357 -6.39017 -0.990021 0.0253357 -0.138626 110.784
-0.138361 0.0325224 0.989848 78.8219 0.0325224 0.999071 -0.0282795 -6.42268 -0.989848 0.0282795 -0.13929 110.676
-0.140038 0.03682 0.989461 79.6554 0.03682 0.998811 -0.0319568 -6.45895 -0.989461 0.0319568 -0.141227 110.571
-0.142149 0.0359878 0.989191 80.4988 0.0359878 0.998866 -0.0311683 -6.501 -0.989191 0.0311683 -0.143283 110.448
-0.143995 0.0343933 0.988981 81.3549 0.0343933 0.998966 -0.0297329 -6.54552 -0.988981 0.0297329 -0.145029 110.323
-0.146183 0.0356796 0.988614 82.2072 0.0356796 0.998889 -0.0307747 -6.58443 -0.988614 0.0307747 -0.147294 110.202
-0.146619 0.0336714 0.98862 83.0518 0.0336714 0.999011 -0.0290316 -6.63662 -0.98862 0.0290316 -0.147608 110.056
-0.148082 0.0284393 0.988566 83.9114 0.0284393 0.999296 -0.0244879 -6.67583 -0.988566 0.0244879 -0.148786 109.926
-0.148082 0.0284393 0.988566 84.771 0.0284393 0.999296 -0.0244879 -6.71503 -0.988566 0.0244879 -0.148786 109.795
-0.14762 0.0260892 0.9887 85.6374 0.0260892 0.999407 -0.0224764 -6.7525 -0.9887 0.0224764 -0.148214 109.667
-0.147101 0.0216573 0.988884 86.4979 0.0216573 0.999591 -0.0186701 -6.7875 -0.988884 0.0186701 -0.14751 109.534
-0.14585 0.0222454 0.989057 87.3574 0.0222454 0.999568 -0.0192014 -6.8201 -0.989057 0.0192014 -0.146282 109.4
-0.145254 0.0242939 0.989096 88.2263 0.0242939 0.999485 -0.0209814 -6.8487 -0.989096 0.0209814 -0.14577 109.289
-0.143695 0.0257727 0.989286 89.0944 0.0257727 0.999419 -0.0222932 -6.87282 -0.989286 0.0222932 -0.144276 109.165
-0.142361 0.0257065 0.989481 89.9685 0.0257065 0.999422 -0.0222663 -6.90267 -0.989481 0.0222663 -0.14294 109.049
-0.14222 0.0264827 0.989481 90.8429 0.0264827 0.999386 -0.0229414 -6.93632 -0.989481 0.0229414 -0.142834 108.944
-0.138931 0.0267099 0.989942 91.7248 0.0267099 0.999374 -0.0232159 -6.97111 -0.989942 0.0232159 -0.139557 108.802
-0.134218 0.0352232 0.990326 92.6308 0.0352232 0.998906 -0.0307546 -7.03723 -0.990326 0.0307546 -0.135312 108.647
-0.132477 0.0340559 0.990601 93.5601 0.0340559 0.998976 -0.0297894 -7.08253 -0.990601 0.0297894 -0.133501 108.524
-0.130995 0.036232 0.990721 94.4788 0.036232 0.998839 -0.0317383 -7.11926 -0.990721 0.0317383 -0.132155 108.41
-0.12947 0.0395158 0.990796 95.41 0.0395158 0.998617 -0.0346641 -7.15686 -0.990796 0.0346641 -0.130852 108.304
-0.129207 0.0400402 0.990809 96.3437 0.0400402 0.99858 -0.0351328 -7.2037 -0.990809 0.0351328 -0.130627 108.198
-0.1286 0.0380161 0.990968 97.2818 0.0380161 0.998719 -0.0333801 -7.25123 -0.990968 0.0333801 -0.12988 108.077
-0.127747 0.0386606 0.991053 98.2294 0.0386606 0.998675 -0.0339746 -7.29241 -0.991053 0.0339746 -0.129072 107.96
-0.126483 0.0404973 0.991142 99.1758 0.0404973 0.998544 -0.0356317 -7.33322 -0.991142 0.0356317 -0.127939 107.838
-0.126801 0.0387226 0.991172 100.117 0.0387226 0.998669 -0.0340617 -7.38108 -0.991172 0.0340617 -0.128132 107.732
-0.125756 0.0349289 0.991446 101.053 0.0349289 0.998916 -0.0307617 -7.4352 -0.991446 0.0307617 -0.12684 107.608
-0.124222 0.0297428 0.991809 101.964 0.0297428 0.999213 -0.0262396 -7.47879 -0.991809 0.0262396 -0.125009 107.466
-0.123551 0.027583 0.991955 102.902 0.027583 0.999323 -0.0243523 -7.51576 -0.991955 0.0243523 -0.124228 107.35
-0.124059 0.0302211 0.991815 103.847 0.0302211 0.999187 -0.0266656 -7.55597 -0.991815 0.0266656 -0.124872 107.25
-0.12607 0.0417296 0.991143 104.793 0.0417296 0.998454 -0.0367296 -7.5983 -0.991143 0.0367296 -0.127616 107.19
-0.126468 0.0495723 0.990731 105.728 0.0495723 0.997818 -0.043599 -7.65647 -0.990731 0.043599 -0.128649 107.099
-0.127817 0.0555057 0.990243 106.672 0.0555057 0.997268 -0.048735 -7.72238 -0.990243 0.048735 -0.130549 106.995
-0.129309 0.0563367 0.990003 107.606 0.0563367 0.99719 -0.0493872 -7.78504 -0.990003 0.0493872 -0.13212 106.877
-0.131294 0.0567447 0.989718 108.532 0.0567447 0.997154 -0.0496434 -7.8586 -0.989718 0.0496434 -0.13414 106.775
-0.129167 0.0586542 0.989887 109.428 0.0586542 0.996953 -0.0514193 -7.91485 -0.989887 0.0514193 -0.132214 106.618
-0.129249 0.0534681 0.99017 110.353 0.0534681 0.997468 -0.046883 -7.98045 -0.99017 0.046883 -0.131781 106.482
-0.129249 0.0534681 0.99017 111.278 0.0534681 0.997468 -0.046883 -8.04606 -0.99017 0.046883 -0.131781 106.347
-0.12944 0.0539119 0.990121 112.198 0.0539119 0.997427 -0.0472618 -8.1108 -0.990121 0.0472618 -0.132013 106.23
-0.131194 0.0550825 0.989825 113.118 0.0550825 0.997318 -0.0481987 -8.17663 -0.989825 0.0481987 -0.133876 106.127
-0.131864 0.0566937 0.989645 114.024 0.0566937 0.99716 -0.0495701 -8.23923 -0.989645 0.0495701 -0.134704 106.009
-0.135497 0.0584838 0.98905 114.925 0.0584838 0.996988 -0.050941 -8.29536 -0.98905 0.050941 -0.138509 105.896
-0.137666 0.0581456 0.988771 115.797 0.0581456 0.997028 -0.0505356 -8.36961 -0.988771 0.0505356 -0.140638 105.749
-0.143749 0.0579971 0.987913 116.682 0.0579971 0.997059 -0.050095 -8.43906 -0.987913 0.050095 -0.14669 105.617
-0.143749 0.0579971 0.987913 117.566 0.0579971 0.997059 -0.050095 -8.5085 -0.987913 0.050095 -0.14669 105.484
-0.14738 0.0567215 0.987452 118.435 0.0567215 0.997196 -0.0488153 -8.5652 -0.987452 0.0488153 -0.150184 105.35
-0.150789 0.0554423 0.98701 119.289 0.0554423 0.997329 -0.0475518 -8.62747 -0.98701 0.0475518 -0.15346 105.213
-0.153028 0.053592 0.986768 120.146 0.053592 0.997509 -0.0458643 -8.68242 -0.986768 0.0458643 -0.155519 105.074
-0.154325 0.0623846 0.986049 120.991 0.0623846 0.996628 -0.0532903 -8.75509 -0.986049 0.0532903 -0.157697 104.949
-0.157073 0.066722 0.985331 121.849 0.066722 0.996153 -0.0568186 -8.81916 -0.985331 0.0568186 -0.16092 104.842
-0.161563 0.0622726 0.984896 122.691 0.0622726 0.996662 -0.0528013 -8.87313 -0.984896 0.0528013 -0.164902 104.708
-0.164466 0.0613158 0.984475 123.532 0.0613158 0.996771 -0.0518383 -8.91996 -0.984475 0.0518383 -0.167694 104.562
-0.166988 0.064106 0.983873 124.385 0.064106 0.996478 -0.0540469 -8.97021 -0.983873 0.0540469 -0.170509 104.426
-0.168536 0.0659175 0.983489 125.229 0.0659175 0.996282 -0.0554789 -9.04436 -0.983489 0.0554789 -0.172254 104.277
-0.170576 0.067542 0.983027 126.071 0.067542 0.996103 -0.0567204 -9.10538 -0.983027 0.0567204 -0.174473 104.135
-0.173259 0.0653107 0.982708 126.912 0.0653107 0.996364 -0.0547035 -9.15904 -0.982708 0.0547035 -0.176894 103.974
-0.175388 0.0663218 0.982263 127.752 0.0663218 0.996258 -0.0554246 -9.22146 -0.982263 0.0554246 -0.179131 103.823
-0.178019 0.0639398 0.981947 128.586 0.0639398 0.99653 -0.0532975 -9.29225 -0.981947 0.0532975 -0.18149 103.676
-0.179998 0.0625851 0.981674 129.411 0.0625851 0.996681 -0.0520663 -9.34766 -0.981674 0.0520663 -0.183317 103.519
-0.182686 0.0626287 0.981175 130.231 0.0626287 0.996684 -0.0519578 -9.39315 -0.981175 0.0519578 -0.186003 103.369
-0.185427 0.0640689 0.980567 131.039 0.0640689 0.996537 -0.0529969 -9.44392 -0.980567 0.0529969 -0.18889 103.233
-0.189724 0.0612952 0.979922 131.827 0.0612952 0.996842 -0.0504861 -9.49658 -0.979922 0.0504861 -0.192882 103.075
-0.196231 0.0622064 0.978583 132.606 0.0622064 0.996765 -0.0508882 -9.56006 -0.978583 0.0508882 -0.199466 102.919
-0.20266 0.0652877 0.97707 133.397 0.0652877 0.996456 -0.0530413 -9.6131 -0.97707 0.0530413 -0.206205 102.767
-0.210392 0.0675959 0.975277 134.15 0.0675959 0.996225 -0.0544656 -9.67662 -0.975277 0.0544656 -0.214167 102.592
-0.22109 0.0699345 0.972743 134.927 0.0699345 0.995995 -0.0557111 -9.73057 -0.972743 0.0557111 -0.225095 102.428
-0.232768 0.068809 0.970095 135.692 0.068809 0.996159 -0.0541475 -9.77972 -0.970095 0.0541475 -0.236608 102.24
-0.245265 0.0686375 0.967023 136.456 0.0686375 0.996217 -0.0533011 -9.83805 -0.967023 0.0533011 -0.249048 102.047
-0.257255 0.0672085 0.964004 137.212 0.0672085 0.996407 -0.0515323 -9.89187 -0.964004 0.0515323 -0.260847 101.837
-0.268953 0.0632874 0.961072 137.975 0.0632874 0.996844 -0.0479322 -9.94205 -0.961072 0.0479322 -0.272109 101.621
-0.279855 0.0605758 0.958129 138.7 0.0605758 0.997133 -0.0453485 -9.98941 -0.958129 0.0453485 -0.282722 101.406
-0.289117 0.0536594 0.955789 139.404 0.0536594 0.997766 -0.0397846 -10.0362 -0.955789 0.0397846 -0.291351 101.182
-0.296825 0.0479129 0.953729 140.105 0.0479129 0.99823 -0.0352368 -10.0682 -0.953729 0.0352368 -0.298595 100.944
-0.303677 0.0483058 0.95155 140.82 0.0483058 0.99821 -0.0352582 -10.1065 -0.95155 0.0352582 -0.305467 100.723
-0.308839 0.0463339 0.949985 141.532 0.0463339 0.99836 -0.0336302 -10.1416 -0.949985 0.0336302 -0.31048 100.49
-0.311787 0.0402944 0.949297 142.251 0.0402944 0.998762 -0.0291598 -10.1708 -0.949297 0.0291598 -0.313024 100.252
-0.313385 0.0343312 0.949005 142.962 0.0343312 0.999103 -0.0248065 -10.211 -0.949005 0.0248065 -0.314283 100.007
-0.314586 0.0326292 0.948668 143.682 0.0326292 0.99919 -0.0235468 -10.2491 -0.948668 0.0235468 -0.315396 99.7725
-0.31661 0.0314066 0.948036 144.406 0.0314066 0.999251 -0.0226146 -10.2848 -0.948036 0.0226146 -0.317359 99.5582
-0.316235 0.0307401 0.948183 145.128 0.0307401 0.999282 -0.0221444 -10.3118 -0.948183 0.0221444 -0.316953 99.332
-0.315694 0.0276873 0.948457 145.84 0.0276873 0.999417 -0.0199592 -10.3377 -0.948457 0.0199592 -0.316276 99.098
-0.311212 0.0265301 0.94997 146.535 0.0265301 0.999463 -0.019221 -10.3767 -0.94997 0.019221 -0.311749 98.8373
-0.309133 0.0249825 0.950691 147.227 0.0249825 0.999523 -0.0181422 -10.405 -0.950691 0.0181422 -0.30961 98.6082
-0.309575 0.022897 0.950599 147.917 0.022897 0.9996 -0.0166206 -10.4271 -0.950599 0.0166206 -0.309975 98.4012
-0.307407 0.0213301 0.951339 148.598 0.0213301 0.999652 -0.0155209 -10.4543 -0.951339 0.0155209 -0.307755 98.1895
-0.307355 0.0212097 0.951359 149.275 0.0212097 0.999656 -0.0154342 -10.4742 -0.951359 0.0154342 -0.307699 98.0152
-0.297107 0.0203672 0.954627 149.935 0.0203672 0.99968 -0.0149896 -10.4964 -0.954627 0.0149896 -0.297427 97.8107
-0.297107 0.0203672 0.954627 150.595 0.0203672 0.99968 -0.0149896 -10.5186 -0.954627 0.0149896 -0.297427 97.6062
-0.292641 0.0186772 0.95604 151.268 0.0186772 0.99973 -0.0138137 -10.5294 -0.95604 0.0138137 -0.292911 97.4201
-0.294568 0.0210483 0.955399 151.923 0.0210483 0.999658 -0.0155338 -10.5559 -0.955399 0.0155338 -0.29491 97.2718
-0.290589 0.0247461 0.956528 152.567 0.0247461 0.999526 -0.0183407 -10.5883 -0.956528 0.0183407 -0.291064 97.0767
-0.286093 0.0206049 0.95798 153.225 0.0206049 0.99967 -0.0153481 -10.608 -0.95798 0.0153481 -0.286423 96.874
-0.282005 0.0192099 0.95922 153.841 0.0192099 0.999712 -0.0143732 -10.6365 -0.95922 0.0143732 -0.282293 96.6586
-0.276811 0.0269447 0.960546 154.515 0.0269447 0.999431 -0.0202706 -10.6653 -0.960546 0.0202706 -0.27738 96.4791
-0.276811 0.0269447 0.960546 155.19 0.0269447 0.999431 -0.0202706 -10.6941 -0.960546 0.0202706 -0.27738 96.2995
-0.276103 0.0198968 0.960922 156.009 0.0198968 0.99969 -0.0149825 -10.732 -0.960922 0.0149825 -0.276413 96.044
-0.263981 0.0178801 0.964362 156.701 0.0178801 0.999747 -0.0136417 -10.7563 -0.964362 0.0136417 -0.264234 95.8426
-0.263981 0.0178801 0.964362 157.394 0.0178801 0.999747 -0.0136417 -10.7806 -0.964362 0.0136417 -0.264234 95.6411
-0.256346 0.0232866 0.966305 158.172 0.0232866 0.999568 -0.0179106 -10.8115 -0.966305 0.0179106 -0.256778 95.4806
-0.245744 0.0249018 0.969015 158.872 0.0249018 0.999502 -0.0193701 -10.8364 -0.969015 0.0193701 -0.246241 95.3236
