0.999993 -0.00137303 -0.00338692 -0.00590868 0.00136543 0.999997 -0.0022434 -0.00116763 0.00338999 0.00223876 0.999992 0.65323
0.999969 0.00150517 -0.00770404 -0.00875145 -0.00153926 0.999989 -0.00442198 0.00633033 0.0076973 0.0044337 0.999961 0.673171
0.999936 0.000624726 -0.0112949 -0.0184325 -0.000691542 0.999982 -0.00591268 -0.00441631 0.011291 0.00592011 0.999919 0.680627
0.999867 0.00236063 -0.016125 -0.0180198 -0.00247005 0.999974 -0.00676944 -0.00393372 0.0161086 0.00680837 0.999847 0.692515
0.999808 -0.000416222 -0.0196124 -0.0268385 0.000279437 0.999976 -0.00697666 -0.010215 0.0196148 0.00696984 0.999783 0.707465
0.999693 0.00244994 -0.0246709 -0.0217039 -0.00264368 0.999966 -0.00782345 -0.0122726 0.0246509 0.00788626 0.999665 0.71378
0.999528 0.00287523 -0.0305983 -0.0203392 -0.00313042 0.999961 -0.00829515 -0.00943919 0.0305733 0.00838702 0.999497 0.733873
0.999397 0.00122735 -0.0347034 -0.0360228 -0.00146442 0.999976 -0.00680663 -0.00723222 0.0346942 0.00685335 0.999374 0.735603
0.999229 7.98741e-006 -0.0392667 -0.0331624 -0.000156492 0.999993 -0.00377887 -0.0117282 0.0392664 0.0037821 0.999222 0.741765
0.999093 -0.000295307 -0.0425808 -0.0388214 0.000261559 1 -0.000798143 -0.0146175 0.042581 0.000786282 0.999093 0.753031
0.999015 0.00285147 -0.0442917 -0.052469 -0.00292273 0.999995 -0.00154429 -0.00646513 0.044287 0.00167222 0.999017 0.772366
0.998911 -0.00111289 -0.0466506 -0.0375572 0.00104321 0.999998 -0.00151805 -0.00886737 0.0466522 0.00146773 0.99891 0.772166
0.998845 -0.00272364 -0.0479676 -0.04544 0.0025985 0.999993 -0.00267095 -0.000820111 0.0479745 0.00254322 0.998845 0.791826
0.998746 -0.000514072 -0.0500537 -0.0386131 0.000426594 0.999998 -0.00175836 -0.00958951 0.0500545 0.0017348 0.998745 0.781621
0.99866 -0.000601588 -0.0517493 -0.0418159 0.00050262 0.999998 -0.00192544 -0.0115621 0.0517504 0.00189685 0.998658 0.80146
0.998528 0.00136006 -0.0542131 -0.041105 -0.00158383 0.99999 -0.00408491 -0.0104381 0.054207 0.00416476 0.998521 0.819534
0.998558 0.00120458 -0.053671 -0.0672388 -0.00160569 0.999971 -0.00743114 -0.000122723 0.0536605 0.0075066 0.998531 0.813166
0.998495 0.00565494 -0.0545579 -0.063464 -0.00613595 0.999944 -0.00865313 -0.0118645 0.0545059 0.00897487 0.998473 0.813032
0.998408 -1.60138e-005 -0.0564013 -0.0411497 -0.00046205 0.999964 -0.00846305 -0.0101004 0.0563995 0.00847564 0.998372 0.828106
0.998404 -0.000371489 -0.0564662 -0.0661249 -4.03783e-005 0.999973 -0.00729272 -0.0114519 0.0564674 0.00728337 0.998378 0.841709
0.998323 -0.000345832 -0.057886 -0.0500073 5.95225e-006 0.999983 -0.00587161 -0.0131909 0.057887 0.00586142 0.998306 0.822756
0.998306 0.000385163 -0.0581774 -0.059063 -0.00074912 0.99998 -0.00623429 -0.00678355 0.0581738 0.00626731 0.998287 0.807612
0.998233 0.000591404 -0.0594244 -0.0589185 -0.00103468 0.999972 -0.00742902 -0.00575241 0.0594183 0.00747737 0.998205 0.824127
0.998159 -0.00118151 -0.0606481 -0.0473254 0.000673718 0.999965 -0.00839253 -0.010829 0.0606558 0.00833622 0.998124 0.804787
0.998121 -0.000583938 -0.0612757 -0.0514603 0.000158693 0.999976 -0.0069445 -0.009408 0.0612783 0.00692172 0.998097 0.824592
0.998165 0.00173465 -0.0605289 -0.0637762 -0.00195847 0.999991 -0.00363865 -0.0106094 0.060522 0.00375052 0.99816 0.843777
0.998207 0.000901285 -0.0598527 -0.0547372 -0.000913871 1 -0.000182913 -0.00916356 0.0598525 0.000237283 0.998207 0.864471
0.99831 -0.00166447 -0.0580971 -0.0531861 0.00179763 0.999996 0.0022398 -0.00537292 0.0580931 -0.00234045 0.998308 0.884637
0.998266 -0.00187958 -0.0588308 -0.0332884 0.00207922 0.999992 0.00333241 -0.00920344 0.058824 -0.00344896 0.998262 0.905592
0.998399 -0.0029749 -0.0564921 -0.0531279 0.00299841 0.999995 0.000331429 0.000638407 0.0564908 -0.000500285 0.998403 0.889519
0.99841 0.000804976 -0.0563561 -0.049561 -0.00105023 0.99999 -0.0043224 -0.00879462 0.0563521 0.00437471 0.998401 0.909713
0.998487 0.00095547 -0.0549754 -0.058641 -0.00136896 0.999971 -0.00748412 -0.0108363 0.0549666 0.00754805 0.99846 0.90911
0.998481 -0.00383391 -0.0549617 -0.0366308 0.0034854 0.999973 -0.00643543 -0.0141041 0.0549849 0.00623409 0.998468 0.890198
0.998499 -0.00224772 -0.0547305 -0.0519825 0.00216246 0.999996 -0.00161694 -0.0111797 0.054734 0.00149616 0.9985 0.899004
0.99848 -0.00402678 -0.0549731 -0.0498569 0.00412909 0.99999 0.00174757 -0.0174292 0.0549655 -0.0019719 0.998486 0.898857
0.998453 -0.0059648 -0.0552801 -0.0493381 0.00602064 0.999982 0.000843682 -0.0122401 0.055274 -0.0011752 0.998471 0.899383
0.998407 -0.00267576 -0.0563573 -0.0494701 0.00247517 0.99999 -0.00362884 -0.00455722 0.0563664 0.00348357 0.998404 0.899542
0.998365 -0.000258722 -0.0571667 -0.0626247 -0.000178767 0.999971 -0.00764763 -0.0112488 0.057167 0.00764534 0.998335 0.878612
0.998284 0.00189466 -0.058527 -0.0566591 -0.00241481 0.999958 -0.00881803 -0.0140568 0.0585079 0.00894423 0.998247 0.858931
0.998187 -0.00127685 -0.0601722 -0.040676 0.000845414 0.999974 -0.0071949 -0.021039 0.0601798 0.00713099 0.998162 0.869918
0.998177 0.00416815 -0.0602121 -0.0692261 -0.00440997 0.999983 -0.00388387 -0.0219746 0.0601948 0.00414232 0.998178 0.869706
0.997994 -0.00103448 -0.0632941 -0.0372363 0.000885771 0.999997 -0.00237745 -0.0176224 0.0632963 0.00231662 0.997992 0.891783
0.998019 0.00186651 -0.0628798 -0.076797 -0.0018337 0.999998 0.000579511 -0.0122238 0.0628808 -0.000463061 0.998021 0.909415
0.998081 0.00143604 -0.061898 -0.0534544 -0.001211 0.999993 0.00367299 -0.0208277 0.0619028 -0.00359098 0.998076 0.890889
0.998096 0.00721287 -0.0612591 -0.0791807 -0.00684658 0.999957 0.0061872 -0.00349636 0.0613011 -0.00575601 0.998103 0.909286
0.998085 -0.0014859 -0.0618342 -0.0524658 0.00184837 0.999981 0.00580504 -0.0124634 0.0618245 -0.00590822 0.99807 0.931174
0.99811 0.00028643 -0.0614577 -0.0632913 -4.32447e-005 0.999992 0.00395824 3.10895e-005 0.0614583 -0.0039481 0.998102 0.950629
0.998047 0.0054178 -0.0622383 -0.0659428 -0.00532602 0.999984 0.00164044 -0.0159348 0.0622462 -0.00130575 0.99806 0.947285
0.998022 0.000503669 -0.0628698 -0.0662713 -0.000383435 0.999998 0.00192447 -0.0170558 0.0628706 -0.00189656 0.99802 0.942185
0.998079 0.00112904 -0.0619507 -0.0893307 -0.000930869 0.999994 0.00322759 -0.0140967 0.061954 -0.00316372 0.998074 0.943638
0.998009 0.00038625 -0.0630678 -0.0551541 -9.44654e-005 0.999989 0.00462943 -0.0193671 0.0630689 -0.00461426 0.997999 0.934244
0.998016 0.0026425 -0.0628979 -0.0792009 -0.00256788 0.999996 0.00126709 -0.0106178 0.062901 -0.00110306 0.998019 0.942595
0.998064 0.00277374 -0.0621309 -0.0877262 -0.00296162 0.999991 -0.00293211 -0.00820656 0.0621222 0.00311044 0.998064 0.921775
0.998065 0.000922747 -0.0621748 -0.0668146 -0.00117674 0.999991 -0.00404858 -0.0136008 0.0621705 0.00411391 0.998057 0.903407
0.998028 -0.00217825 -0.0627371 -0.0522506 0.00218142 0.999998 -1.79124e-005 -0.0209116 0.062737 -0.000118979 0.99803 0.888565
0.998005 -0.00233688 -0.0630914 -0.0545108 0.00250281 0.999994 0.00255099 -0.00892964 0.0630851 -0.0027038 0.998004 0.898638
0.997991 -0.0017118 -0.0633343 -0.057329 0.00190142 0.999994 0.00293376 -0.00964908 0.0633289 -0.00304829 0.997988 0.878413
0.997933 -0.00392282 -0.0641367 -0.0517207 0.00404969 0.99999 0.00184814 -0.0176789 0.0641288 -0.00210405 0.997939 0.898341
0.997913 -0.000428819 -0.0645659 -0.0642064 0.000477539 1 0.000739143 -0.0164323 0.0645655 -0.000768433 0.997913 0.904074
0.997941 -0.000568518 -0.0641411 -0.077915 0.000661277 0.999999 0.00142496 -0.00519228 0.0641402 -0.00146444 0.99794 0.884871
0.997786 -0.000739267 -0.0665027 -0.0554297 0.00111432 0.999984 0.00560269 -0.0133048 0.0664975 -0.00566439 0.997771 0.889404
0.997709 -0.0027119 -0.0676029 -0.0528016 0.00340573 0.999943 0.0101502 -0.00581034 0.0675715 -0.0103572 0.997661 0.896289
0.997617 0.00134904 -0.0689824 -0.058089 -0.000506137 0.999925 0.0122352 -0.00129707 0.0689938 -0.0121711 0.997543 0.912911
0.997506 0.00412946 -0.0704558 -0.076062 -0.00354094 0.999958 0.00847599 -0.00565611 0.0704878 -0.00820537 0.997479 0.926723
0.99743 0.00191421 -0.0716223 -0.0706104 -0.00186538 0.999998 0.000748653 -0.00708311 0.0716235 -0.000613126 0.997432 0.907084
0.99739 0.00255809 -0.0721583 -0.0733523 -0.00285322 0.999988 -0.00398725 -0.00919728 0.0721472 0.00418272 0.997385 0.88678
0.997179 0.00272615 -0.0750098 -0.0506849 -0.00294808 0.999992 -0.00284819 -0.0144946 0.0750014 0.00306129 0.997179 0.868257
0.997108 0.00309804 -0.0759305 -0.0737763 -0.00312998 0.999995 -0.000301622 -0.0165188 0.0759292 0.00053841 0.997113 0.856675
0.996944 0.00271229 -0.0780715 -0.0650234 -0.00257385 0.999995 0.00187386 -0.0225327 0.0780762 -0.00166719 0.996946 0.856089
0.996758 0.000587717 -0.0804515 -0.0598718 -0.000448953 0.999998 0.00174289 -0.0115587 0.0804524 -0.00170112 0.996757 0.836632
0.996698 0.00445462 -0.0810748 -0.0907092 -0.00424515 0.999987 0.00275587 -0.0142166 0.081086 -0.00240259 0.996704 0.833809
0.996554 0.00715264 -0.0826383 -0.0908213 -0.00680959 0.999967 0.00443239 -0.0297455 0.0826673 -0.00385438 0.99657 0.821628
0.996471 0.00136277 -0.0839321 -0.0783441 -0.00096106 0.999988 0.0048264 -0.00975694 0.0839377 -0.0047287 0.99646 0.826625
0.996313 -0.00100489 -0.0857818 -0.0621805 0.00155209 0.999979 0.00631257 -0.0161666 0.0857737 -0.00642244 0.996294 0.807836
0.996235 0.0023358 -0.0866635 -0.0751575 -0.00155492 0.999958 0.00907691 -0.0059084 0.0866811 -0.00890798 0.996196 0.786783
0.996142 0.000567256 -0.0877522 -0.0695345 0.000578475 0.999915 0.0130305 -0.00308258 0.0877521 -0.0130309 0.996057 0.767236
0.996069 0.00608324 -0.0883671 -0.0887079 -0.0047762 0.999876 0.014995 -0.00386278 0.0884473 -0.014514 0.995975 0.785383
0.996103 0.00457813 -0.0880795 -0.105514 -0.0036251 0.999933 0.010977 -0.00458179 0.0881239 -0.0106149 0.996053 0.803475
0.99594 0.000605664 -0.0900229 -0.0684678 -0.000255772 0.999992 0.00389818 -0.0126551 0.0900246 -0.00385933 0.995932 0.787314
0.995841 -0.00120662 -0.0911023 -0.0728563 0.00101716 0.999997 -0.00212609 -0.00940123 0.0911046 0.00202458 0.995839 0.766876
0.995808 0.00556581 -0.091301 -0.0912985 -0.00587506 0.999978 -0.00311875 -0.00258607 0.0912817 0.00364207 0.995818 0.744807
0.995728 0.00329865 -0.0922769 -0.0779063 -0.00325153 0.999994 0.00066096 -0.0109825 0.0922786 -0.000358096 0.995733 0.726137
0.995565 -0.000941507 -0.094076 -0.0635295 0.00119721 0.999996 0.0026616 -0.0125732 0.094073 -0.00276242 0.995561 0.707428
0.995551 -0.00177224 -0.0942055 -0.0780527 0.00168551 0.999998 -0.00100025 -0.0116728 0.0942071 0.00083702 0.995552 0.685861
0.995518 -0.00859225 -0.0941831 -0.0478921 0.00798657 0.999945 -0.00680599 -0.0178465 0.0942364 0.00602329 0.995532 0.668435
0.995734 -0.00352452 -0.0922063 -0.0722029 0.00242359 0.999924 -0.0120491 -0.0102715 0.0922418 0.0117742 0.995667 0.646285
0.995976 0.000513232 -0.0896238 -0.0472238 -0.00165142 0.999919 -0.0126259 -0.00500672 0.0896101 0.0127231 0.995896 0.628595
0.996324 0.00301559 -0.085608 -0.0574779 -0.00384738 0.999947 -0.00955295 -0.00907216 0.0855746 0.0098472 0.996283 0.607606
0.996721 -0.00152083 -0.0808952 -0.0487175 0.00101356 0.99998 -0.00631137 -0.016757 0.0809031 0.00620868 0.996703 0.588134
0.997195 -0.00295032 -0.0747859 -0.0393814 0.0027881 0.999994 -0.00227346 -0.0122272 0.0747921 0.00205858 0.997197 0.568894
0.99778 -0.00341935 -0.0665047 -0.0323667 0.00349497 0.999993 0.00102078 -0.0145151 0.0665008 -0.00125094 0.997786 0.549242
0.998439 0.00257177 -0.0557938 -0.0276788 -0.00251763 0.999996 0.00104069 -0.00684435 0.0557962 -0.000898601 0.998442 0.52962
0.999157 0.00582742 -0.0406478 -0.0262823 -0.00580055 0.999983 0.000778833 -0.00646122 0.0406516 -0.000542396 0.999173 0.509668
0.999718 0.00440943 -0.0233425 -0.000342834 -0.00437059 0.999989 0.00171486 -0.00901306 0.0233498 -0.00161235 0.999726 0.491605
0.999995 -0.00224854 -0.00216775 0.0258863 0.00225397 0.999994 0.0025034 -0.00578127 0.00216211 -0.00250828 0.999995 0.492782
0.99969 -0.00119696 0.0248741 0.0150692 0.00110207 0.999992 0.00382806 -0.00679484 -0.0248785 -0.00379946 0.999683 0.473207
0.998524 -0.000640159 0.0543154 0.0445124 0.000328352 0.999983 0.00574941 -0.00617295 -0.0543182 -0.00572308 0.998507 0.472227
0.996126 0.000650662 0.0879372 0.0530212 -0.00130866 0.999972 0.00742513 -0.0065225 -0.0879299 -0.00751144 0.996098 0.474216
0.992075 -0.000464504 0.125646 0.0793394 -0.000585754 0.999965 0.00832182 -0.00520141 -0.125645 -0.00832947 0.99204 0.47123
0.985915 -0.000635777 0.167246 0.100101 -0.000829618 0.999962 0.00869192 -0.00581981 -0.167245 -0.00870825 0.985877 0.446777
0.977478 -0.00199298 0.21103 0.138993 4.11529e-005 0.999957 0.00925307 -0.00551308 -0.211039 -0.00903598 0.977436 0.439305
0.966124 -0.00132565 0.258074 0.163931 -0.000631731 0.999972 0.00750154 -0.00798239 -0.258076 -0.00741045 0.966096 0.409108
0.949959 0.000726633 0.312374 0.147745 -0.00240175 0.999985 0.00497784 -0.00552414 -0.312365 -0.00547899 0.949946 0.394692
0.905895 -0.0016124 0.423499 0.207417 0.000643352 0.999997 0.00243113 -0.00168948 -0.423501 -0.00192989 0.905894 0.369126
0.905895 -0.0016124 0.423499 0.414834 0.000643352 0.999997 0.00243113 -0.00337895 -0.423501 -0.00192989 0.905894 0.738253
0.877048 -0.00137171 0.4804 0.235226 0.00065123 0.999998 0.00166642 -0.00355188 -0.480402 -0.00114868 0.877048 0.327717
0.843957 -0.00364001 0.536398 0.259887 0.00322361 0.999993 0.00171402 -0.000897059 -0.536401 0.00028258 0.843963 0.307882
0.808147 -0.00248649 0.588975 0.277219 0.00105359 0.999996 0.00277606 -0.0138507 -0.588979 -0.00162292 0.808146 0.268885
0.769352 -0.00269585 0.63882 0.284673 -0.000593011 0.999988 0.00493418 -0.0086613 -0.638825 -0.00417494 0.769341 0.248614
0.72708 -0.00126885 0.686551 0.30495 -0.0036622 0.999977 0.0057265 0.00479241 -0.686543 -0.00667791 0.727059 0.255788
0.682722 -0.00330334 0.730671 0.310901 -0.00249653 0.999973 0.00685356 -0.00541568 -0.730674 -0.00650322 0.682696 0.215022
0.637007 -0.00675933 0.770829 0.33264 0.000321536 0.999964 0.00850288 0.00114967 -0.770858 -0.00516854 0.636986 0.197585
0.59087 -0.0110185 0.806691 0.344682 0.0012996 0.999918 0.0127059 0.00448981 -0.806765 -0.00645915 0.590836 0.181108
0.544628 -0.00550555 0.83866 0.35495 -0.00636478 0.999923 0.0106975 -0.000318538 -0.838654 -0.011164 0.544551 0.179317
0.497326 -0.00224195 0.867561 0.36178 -0.00671606 0.999957 0.00643404 0.00539143 -0.867538 -0.0090264 0.497289 0.17272
0.45207 -0.00258068 0.891979 0.354927 -0.00286352 0.999986 0.00434445 -0.00442213 -0.891978 -0.0045182 0.452057 0.13826
0.410445 -0.0104166 0.911826 0.36106 0.00109514 0.99994 0.0109302 -0.000470396 -0.911885 -0.00348767 0.410431 0.106215
0.371407 -0.0229168 0.928187 0.370971 -0.0025543 0.999666 0.0257037 0.00849267 -0.928466 -0.0119174 0.371225 0.0880906
0.337154 -0.0230373 0.941168 0.384399 -0.0183004 0.999351 0.0310172 0.00408339 -0.941272 -0.0276814 0.336514 0.0905829
0.304858 -0.0209205 0.952168 0.402649 -0.0191971 0.999421 0.0281051 0.00509413 -0.952204 -0.0268469 0.304279 0.100149
0.273416 -0.00926244 0.961851 0.391338 -0.019897 0.999685 0.0152827 -0.00587612 -0.96169 -0.0233165 0.273145 0.116022
0.24519 -0.00687249 0.969451 0.403001 -0.00968005 0.999908 0.00953665 -0.00557154 -0.969427 -0.0117226 0.245101 0.0939641
0.219593 -0.00783761 0.97556 0.396023 -0.00530136 0.999943 0.0092268 -0.00384618 -0.975577 -0.00719793 0.219539 0.0692055
0.196311 -0.0144823 0.980435 0.391083 -0.00322225 0.999876 0.0154146 -0.000593735 -0.980536 -0.00618528 0.19624 0.0495149
0.176568 -0.0194186 0.984097 0.395967 -0.00403264 0.999783 0.0204517 0.0102273 -0.98428 -0.00757962 0.176451 0.0392107
0.1572 -0.019339 0.987377 0.407347 -0.00976575 0.999729 0.0211357 0.0183298 -0.987519 -0.012965 0.156968 0.052565
0.140023 -0.0157722 0.990023 0.395844 -0.0179885 0.999668 0.0184701 0.00949091 -0.989985 -0.0203953 0.139692 0.0455308
0.124578 -0.0140196 0.992111 0.388557 -0.0209674 0.99964 0.0167588 -0.000176471 -0.991988 -0.0228898 0.124239 0.045797
0.110058 -0.0155797 0.993803 0.40945 -0.0178019 0.999686 0.0176434 0.00183836 -0.993766 -0.0196334 0.109746 0.038355
0.0971274 -0.0184031 0.995102 0.430424 -0.0177736 0.999638 0.0202218 0.00276869 -0.995113 -0.0196506 0.0967651 0.0264897
0.0858887 -0.0227377 0.996045 0.450464 -0.0185922 0.999529 0.0244205 0.00607547 -0.996131 -0.0206161 0.0854255 0.025861
0.0757605 -0.0256673 0.996796 0.470199 -0.0212209 0.999401 0.0273472 0.0100142 -0.9969 -0.0232247 0.0751704 0.0297781
0.0676708 -0.0276573 0.997324 0.49024 -0.0246406 0.999264 0.029383 0.00945582 -0.997403 -0.026563 0.0669395 0.0299809
0.061661 -0.0298099 0.997652 0.510164 -0.0267724 0.999145 0.0315092 0.0135524 -0.997738 -0.0286524 0.0608102 0.0303705
0.0560139 -0.0308359 0.997954 0.530327 -0.0284248 0.999069 0.0324658 0.0130031 -0.998025 -0.0301852 0.0550852 0.0284274
0.0489746 -0.030215 0.998343 0.549794 -0.0302694 0.999038 0.031721 0.0161119 -0.998341 -0.0317728 0.048013 0.0366075
0.0442877 -0.0321807 0.9985 0.570547 -0.0305239 0.998971 0.0335497 0.0116723 -0.998552 -0.0319639 0.0432598 0.0257567
0.0402119 -0.0339222 0.998615 0.590242 -0.0320709 0.998865 0.0352221 0.0185329 -0.998676 -0.0334428 0.0390783 0.0290501
0.0372065 -0.0353008 0.998684 0.610684 -0.0343613 0.99874 0.0365829 0.0174949 -0.998717 -0.0356772 0.0359467 0.0195511
0.0355567 -0.0378514 0.998651 0.630714 -0.0354022 0.998608 0.0391103 0.0219212 -0.99874 -0.036745 0.0341672 0.013881
0.034675 -0.0414307 0.99854 0.644328 -0.0379587 0.998365 0.0427416 0.0199422 -0.998678 -0.0393854 0.0330457 0.0229305
0.0357679 -0.0423689 0.998462 0.664296 -0.0419487 0.998157 0.0438587 0.0206036 -0.998479 -0.0434529 0.0339246 0.023893
0.0384818 -0.043463 0.998314 0.683991 -0.0421797 0.998093 0.0450793 0.0279846 -0.998369 -0.0438433 0.0365751 0.025688
0.0427359 -0.0470771 0.997977 0.704046 -0.0430331 0.997875 0.0489151 0.0300565 -0.998159 -0.0450365 0.0406193 0.0224511
0.0481403 -0.0411059 0.997994 0.688282 -0.048294 0.997888 0.0434311 0.024629 -0.997672 -0.050288 0.0460534 0.044749
0.0528363 -0.0457836 0.997553 0.709399 -0.0430159 0.997917 0.0480786 0.0237537 -0.997676 -0.0454509 0.0507568 0.0231786
0.0574566 -0.0460186 0.997287 0.728535 -0.0475781 0.997676 0.0487776 0.0276854 -0.997214 -0.0502516 0.0551335 0.0403145
0.0613209 -0.0430732 0.997188 0.747742 -0.0485369 0.997758 0.0460826 0.0321839 -0.996937 -0.0512263 0.0590928 0.0510791
0.0657245 -0.0413914 0.996979 0.767591 -0.044511 0.998023 0.044369 0.0325415 -0.996845 -0.0472927 0.0637522 0.0539922
0.0704874 -0.0398036 0.996718 0.787852 -0.0410948 0.998239 0.0427705 0.0259983 -0.996666 -0.0439747 0.0687276 0.0546751
0.0767398 -0.0418997 0.99617 0.809265 -0.0359831 0.998349 0.0447633 0.0181763 -0.996402 -0.0392804 0.0751055 0.0338094
0.0782739 -0.0349081 0.996321 0.826124 -0.0367208 0.998608 0.0378731 0.0355885 -0.996255 -0.0395502 0.076883 0.0737767
0.0804316 -0.0339484 0.996182 0.808621 -0.0314213 0.998837 0.0365759 0.0388268 -0.996265 -0.0342432 0.0792713 0.0317466
0.0809199 -0.0285837 0.996311 0.798919 -0.0378246 0.998781 0.0317267 0.0107275 -0.996003 -0.0402524 0.0797401 0.065888
0.0809199 -0.0285837 0.996311 1.59784 -0.0378246 0.998781 0.0317267 0.021455 -0.996003 -0.0402524 0.0797401 0.131776
0.0808018 -0.027629 0.996347 0.204515 -0.0318226 0.999035 0.0302843 0.0031124 -0.996222 -0.0341534 0.0798446 0.0190684
0.0808018 -0.027629 0.996347 0.40903 -0.0318226 0.999035 0.0302843 0.0062248 -0.996222 -0.0341534 0.0798446 0.0381369
0.0814265 -0.0270747 0.996312 0.224842 -0.0280207 0.999174 0.0294426 0.00257569 -0.996285 -0.0303148 0.0806006 0.0160106
0.0824059 -0.0261877 0.996255 0.244609 -0.0270017 0.999229 0.0284994 0.00371146 -0.996233 -0.0292491 0.0816353 0.019658
0.0814498 -0.0232962 0.996405 0.264467 -0.0254019 0.999354 0.0254416 0.00327116 -0.996354 -0.0273828 0.0808054 0.0223022
0.0773086 -0.0172276 0.996858 0.283571 -0.0238625 0.999532 0.0191244 0.006136 -0.996722 -0.025266 0.0768613 0.0318963
0.0730878 -0.01368 0.997232 0.304129 -0.0192232 0.999701 0.0151228 0.00234914 -0.99714 -0.0202752 0.072803 0.0280108
0.0668389 -0.0131389 0.997677 0.324003 -0.0162263 0.999767 0.0142535 0.00262525 -0.997632 -0.0171413 0.0666101 0.0302791
0.0586477 -0.00768574 0.998249 0.343798 -0.0153864 0.999845 0.00860199 0.00140195 -0.99816 -0.015864 0.0585203 0.033468
0.050425 -0.00558841 0.998712 0.363905 -0.00782256 0.999951 0.00599031 -0.00250008 -0.998697 -0.00811455 0.0503788 0.0332073
0.0410996 -0.00522196 0.999141 0.384923 -0.00420928 0.999977 0.00539947 -0.0012938 -0.999146 -0.00442758 0.0410766 0.0196408
0.0320377 -0.00584251 0.99947 0.405354 -0.00453692 0.999972 0.00599087 -0.00281193 -0.999476 -0.00472645 0.0320103 0.00711288
0.0215148 -0.00537739 0.999754 0.425277 -0.00655931 0.999963 0.00551967 -0.00219031 -0.999747 -0.00667645 0.0214787 0.0110396
0.0105999 -0.00346834 0.999938 0.445357 -0.00595794 0.999976 0.00353163 -0.00191556 -0.999926 -0.005995 0.010579 0.00760197
-0.00130379 0.000478066 0.999999 0.465028 -0.00387535 0.999992 -0.000483115 0.000963439 -0.999992 -0.00387598 -0.00130193 0.0192046
-0.0122564 0.000435697 0.999925 0.485312 0.000797508 1 -0.000425955 -0.00666985 -0.999925 0.000792227 -0.0122567 -0.00809892
-0.0234377 0.00102131 0.999725 0.505223 0.00108209 0.999999 -0.000996224 -0.00714304 -0.999725 0.00105845 -0.0234387 -0.0124063
-0.0344066 0.0018674 0.999406 0.525285 0.00230045 0.999996 -0.0017893 -0.0060815 -0.999405 0.00223752 -0.0344107 -0.0105249
-0.0449516 0.00191516 0.998987 0.544884 0.00284498 0.999994 -0.00178907 -0.00894338 -0.998985 0.00276167 -0.0449568 -0.0226007
-0.0543045 0.00163546 0.998523 0.564199 0.00251511 0.999996 -0.00150109 -0.0103497 -0.998521 0.00242987 -0.0543084 -0.0357564
-0.0645188 0.00125594 0.997916 0.584713 0.0023551 0.999997 -0.00110629 -0.00318939 -0.997914 0.00227881 -0.0645216 -0.0287039
-0.0737614 0.000274122 0.997276 0.603683 0.00148402 0.999999 -0.000165108 -0.00880366 -0.997275 0.0014678 -0.0737617 -0.0450497
-0.0814419 -0.0041706 0.996669 0.619283 -0.00116705 0.999991 0.00408914 -0.0177756 -0.996677 -0.000830132 -0.081446 -0.0856155
-0.0872548 -0.00753618 0.996158 0.639834 -0.00573068 0.999959 0.00706298 -0.00698255 -0.99617 -0.00509238 -0.0872944 -0.0844892
-0.0939952 -0.0090647 0.995531 0.66413 -0.00927734 0.999923 0.00822875 0.00484124 -0.995529 -0.00846242 -0.0940721 -0.0412158
-0.0978028 -0.011769 0.995136 0.6823 -0.0106923 0.999885 0.0107744 -0.00103878 -0.995148 -0.00958652 -0.0979174 -0.0653767
-0.0982622 -0.0161361 0.99503 0.691997 -0.014159 0.99979 0.0148151 -0.0167017 -0.99506 -0.0126329 -0.09847 -0.103203
-0.098732 -0.017953 0.994952 0.708828 -0.017753 0.99971 0.0162772 -0.00467074 -0.994956 -0.0160563 -0.099022 -0.080824
-0.100719 -0.0169327 0.994771 0.69081 -0.017172 0.999736 0.0152786 0.00205605 -0.994767 -0.0155434 -0.100984 -0.0602524
-0.0986471 -0.0185007 0.99495 0.668947 -0.0167388 0.999717 0.0169297 -0.00859921 -0.994982 -0.0149842 -0.0989289 -0.0771505
-0.0901204 -0.0200768 0.995728 0.668639 -0.0169325 0.999683 0.018624 -0.00123426 -0.995787 -0.0151817 -0.0904318 -0.0640705
-0.0901204 -0.0200768 0.995728 1.33728 -0.0169325 0.999683 0.018624 -0.00246852 -0.995787 -0.0151817 -0.0904318 -0.128141
-0.0830009 -0.0200341 0.996348 0.650592 -0.0198081 0.999634 0.0184501 -0.0100085 -0.996353 -0.0182044 -0.0833673 -0.0366936
-0.0719366 -0.0185564 0.997237 0.630575 -0.0197882 0.999657 0.017174 0.00015063 -0.997213 -0.0184981 -0.0722791 -0.0377322
-0.0583999 -0.0182283 0.998127 0.611445 -0.0182169 0.999686 0.0171909 -0.00511186 -0.998127 -0.0171789 -0.0587137 -0.0170084
-0.0411401 -0.0179503 0.998992 0.5916 -0.0165351 0.999714 0.0172823 0.00342683 -0.999017 -0.0158075 -0.0414251 -0.0104432
-0.0196215 -0.0166362 0.999669 0.571694 -0.0151593 0.999752 0.01634 0.00278281 -0.999693 -0.0148336 -0.0198688 0.00127353
0.00481424 -0.0156417 0.999866 0.551066 -0.0135639 0.999785 0.0157057 -0.00144178 -0.999896 -0.0136377 0.00460105 0.026456
0.0333328 -0.0143987 0.999341 0.530466 -0.0136803 0.999796 0.0148615 0.00613169 -0.999351 -0.0141667 0.033129 0.0357244
0.06634 -0.0124573 0.997719 0.508629 -0.014777 0.9998 0.0134659 0.00597393 -0.997688 -0.0156366 0.0661426 0.055678
0.10414 -0.0122495 0.994487 0.486086 -0.0151587 0.999788 0.0139022 0.000256347 -0.994447 -0.0165229 0.103933 0.0741059
0.1457 -0.0106429 0.989272 0.492827 -0.016488 0.999777 0.0131843 0.00047103 -0.989191 -0.0182321 0.145492 0.102774
0.189883 -0.0079245 0.981775 0.501136 -0.015825 0.999813 0.0111308 0.00596202 -0.981679 -0.0176501 0.189722 0.137655
0.23614 -0.00464207 0.971708 0.490241 -0.0143047 0.999864 0.00825283 -0.00449716 -0.971614 -0.0158488 0.236042 0.172033
0.286052 -0.00126589 0.958213 0.469816 -0.00893563 0.999952 0.00398855 0.00426073 -0.958173 -0.00970317 0.286027 0.193362
0.338911 -0.00189844 0.940817 0.463601 -0.00326119 0.99999 0.00319263 -0.0044637 -0.940813 -0.0041502 0.338901 0.222313
0.395288 -0.00414058 0.918548 0.43691 0.000534243 0.999991 0.0042778 -0.00534439 -0.918557 -0.00120023 0.395286 0.237545
0.453375 -0.004722 0.891307 0.435117 0.00166866 0.999989 0.00444899 -0.0136098 -0.891318 -0.000529772 0.453378 0.279514
0.511794 -0.00529986 0.859092 0.401395 0.00284092 0.999986 0.00447661 -0.00997088 -0.859103 0.000149508 0.511802 0.293478
0.569497 -3.46676e-005 0.821993 0.365976 -0.000705103 1 0.000530688 0.000742684 -0.821993 -0.000881815 0.569497 0.306454
