1 0 -0.000850522 -0.042937 0 1 0 -0.013744 0.000850522 0 1 0.859261
1 0 -0.000850522 -0.133121 0 1 0 -0.0184196 0.000850522 0 1 1.71383
0.999951 0 -0.00986154 -0.144841 0 1 0 -0.0374811 0.00986154 0 0.999951 2.57347
0.999951 0 -0.00986154 -0.156561 0 1 0 -0.0565426 0.00986154 0 0.999951 3.43312
0.9999 0 -0.0141615 -0.171927 0 1 0 -0.0644057 0.0141615 0 0.9999 4.29338
0.999867 0 -0.0163376 -0.223754 0 1 0 -0.0681097 0.0163376 0 0.999867 5.1512
0.999775 0 -0.0212355 -0.261786 0 1 0 -0.0715769 0.0212355 0 0.999775 6.01089
0.999689 0 -0.0249457 -0.297347 0 1 0 -0.0781872 0.0249457 0 0.999689 6.86958
0.999585 0 -0.0287986 -0.326567 0 1 0 -0.0782671 0.0287986 0 0.999585 7.72939
0.999528 0 -0.0307241 -0.378745 0 1 0 -0.0865779 0.0307241 0 0.999528 8.58836
0.999456 0 -0.0329835 -0.423092 0 1 0 -0.0936659 0.0329835 0 0.999456 9.44632
0.999456 0 -0.0329835 -0.495193 0 1 0 -0.100975 0.0329835 0 0.999456 10.3037
0.99938 0 -0.0352019 -0.520832 0 1 0 -0.108071 0.0352019 0 0.99938 11.1636
0.999268 0 -0.0382681 -0.527783 0 1 0 -0.125034 0.0382681 0 0.999268 12.023
0.999077 0 -0.0429493 -0.520786 0 1 0 -0.138167 0.0429493 0 0.999077 12.8788
0.999037 0 -0.0438868 -0.579373 0 1 0 -0.148832 0.0438868 0 0.999037 13.7404
0.999037 0 -0.0438868 -0.634457 0 1 0 -0.157303 0.0438868 0 0.999037 14.6093
0.999037 0 -0.0438868 -0.703561 0 1 0 -0.162947 0.0438868 0 0.999037 15.4882
0.998959 0 -0.0456164 -0.741081 0 1 0 -0.179885 0.0456164 0 0.998959 16.3792
0.998849 0 -0.047962 -0.762776 0 1 0 -0.186715 0.047962 0 0.998849 17.2806
0.998774 0 -0.0494968 -0.813176 0 1 0 -0.19368 0.0494968 0 0.998774 18.1854
0.998726 0 -0.0504564 -0.834633 0 1 0 -0.208991 0.0504564 0 0.998726 19.098
0.998643 0 -0.0520831 -0.884778 0 1 0 -0.220928 0.0520831 0 0.998643 20.0117
0.998536 0 -0.0540875 -0.920479 0 1 0 -0.233347 0.0540875 0 0.998536 20.9294
0.998512 0 -0.0545406 -0.973645 0 1 0 -0.236671 0.0545406 0 0.998512 21.8566
0.998512 0 -0.0545406 -1.02409 0 1 0 -0.249069 0.0545406 0 0.998512 22.7913
0.998427 0 -0.0560704 -1.03856 0 1 0 -0.277519 0.0560704 0 0.998427 23.7281
0.998577 0 -0.05332 -1.10822 0 1 0 -0.279707 0.05332 0 0.998577 24.6695
0.998785 0 -0.0492714 -1.13693 0 1 0 -0.297238 0.0492714 0 0.998785 25.6171
0.998785 0 -0.0492714 -1.16565 0 1 0 -0.31477 0.0492714 0 0.998785 26.5646
0.998942 0 -0.0459877 -1.2522 0 1 0 -0.317305 0.0459877 0 0.998942 27.514
0.999014 0 -0.0444002 -1.29906 0 1 0 -0.321532 0.0444002 0 0.999014 28.4729
0.99904 0 -0.0437981 -1.33663 0 1 0 -0.336904 0.0437981 0 0.99904 29.4419
0.999002 0 -0.0446568 -1.37123 0 1 0 -0.347457 0.0446568 0 0.999002 30.4182
0.999002 0 -0.0446568 -1.42036 0 1 0 -0.359134 0.0446568 0 0.999002 31.3978
0.998927 0 -0.0463214 -1.44665 0 1 0 -0.380288 0.0463214 0 0.998927 32.3778
0.998856 0 -0.0478114 -1.49058 0 1 0 -0.391354 0.0478114 0 0.998856 33.3573
0.998752 0 -0.0499403 -1.5328 0 1 0 -0.405438 0.0499403 0 0.998752 34.3421
0.998646 0 -0.0520182 -1.58753 0 1 0 -0.412747 0.0520182 0 0.998646 35.354
0.998618 0 -0.0525584 -1.67832 0 1 0 -0.410501 0.0525584 0 0.998618 36.4105
0.998548 0 -0.0538773 -1.72911 0 1 0 -0.427543 0.0538773 0 0.998548 37.4538
0.998548 0 -0.0538773 -1.8055 0 1 0 -0.443874 0.0538773 0 0.998548 38.4974
0.998522 0 -0.0543407 -1.87122 0 1 0 -0.450761 0.0543407 0 0.998522 39.5304
0.998522 0 -0.0543407 -1.92865 0 1 0 -0.458814 0.0543407 0 0.998522 40.5666
0.998409 0 -0.0563907 -1.98147 0 1 0 -0.466973 0.0563907 0 0.998409 41.591
0.998562 0 -0.0536054 -2.09678 0 1 0 -0.484967 0.0536054 0 0.998562 42.6092
0.998562 0 -0.0536054 -2.15665 0 1 0 -0.501053 0.0536054 0 0.998562 43.6175
0.998562 0 -0.0536054 -2.21652 0 1 0 -0.51714 0.0536054 0 0.998562 44.6258
0.998431 0 -0.0559901 -2.26283 0 1 0 -0.527833 0.0559901 0 0.998431 45.6284
0.998223 0 -0.0595905 -2.28258 0 1 0 -0.539673 0.0595905 0 0.998223 46.6298
0.998075 0 -0.0620202 -2.33194 0 1 0 -0.558683 0.0620202 0 0.998075 47.626
0.998075 0 -0.0620202 -2.41215 0 1 0 -0.573854 0.0620202 0 0.998075 48.6117
0.998075 0 -0.0620202 -2.50156 0 1 0 -0.572357 0.0620202 0 0.998075 49.5881
0.998075 0 -0.0620202 -2.56721 0 1 0 -0.582677 0.0620202 0 0.998075 50.5704
0.997997 0 -0.0632555 -2.60767 0 1 0 -0.595993 0.0632555 0 0.997997 51.553
0.997997 0 -0.0632555 -2.6779 0 1 0 -0.61109 0.0632555 0 0.997997 52.5295
0.997962 0 -0.063806 -2.73712 0 1 0 -0.627134 0.063806 0 0.997962 53.5002
0.997962 0 -0.063806 -2.79954 0 1 0 -0.65039 0.063806 0 0.997962 54.4633
0.997962 0 -0.063806 -2.86839 0 1 0 -0.665043 0.063806 0 0.997962 55.4266
0.998015 0 -0.0629766 -2.95621 0 1 0 -0.670765 0.0629766 0 0.998015 56.3836
0.998059 0 -0.0622701 -3.05037 0 1 0 -0.67746 0.0622701 0 0.998059 57.3433
0.99797 0 -0.063693 -3.09498 0 1 0 -0.68856 0.063693 0 0.99797 58.3062
0.997841 0 -0.0656729 -3.14807 0 1 0 -0.700036 0.0656729 0 0.997841 59.259
0.997774 0 -0.0666912 -3.22551 0 1 0 -0.719075 0.0666912 0 0.997774 60.1993
0.997685 0 -0.0680112 -3.29336 0 1 0 -0.738509 0.0680112 0 0.997685 61.1239
0.99763 0 -0.0688035 -3.3608 0 1 0 -0.758241 0.0688035 0 0.99763 62.0388
0.997557 0 -0.0698554 -3.43053 0 1 0 -0.762423 0.0698554 0 0.997557 62.9499
0.997481 0 -0.0709309 -3.50209 0 1 0 -0.778242 0.0709309 0 0.997481 63.8485
0.997349 0 -0.0727726 -3.55596 0 1 0 -0.793878 0.0727726 0 0.997349 64.7327
0.997275 0 -0.0737799 -3.63472 0 1 0 -0.807891 0.0737799 0 0.997275 65.6008
0.997064 0 -0.0765667 -3.71714 0 1 0 -0.834455 0.0765667 0 0.997064 66.4545
0.996878 0 -0.0789602 -3.77641 0 1 0 -0.84692 0.0789602 0 0.996878 67.2985
0.996763 0 -0.0804003 -3.84655 0 1 0 -0.864035 0.0804003 0 0.996763 68.1272
0.996722 0 -0.0808967 -3.92695 0 1 0 -0.87479 0.0808967 0 0.996722 68.9427
0.996585 0 -0.0825777 -3.99365 0 1 0 -0.886855 0.0825777 0 0.996585 69.7474
0.996644 0 -0.0818569 -4.08886 0 1 0 -0.894797 0.0818569 0 0.996644 70.5387
0.996526 0 -0.0832846 -4.17383 0 1 0 -0.899619 0.0832846 0 0.996526 71.3135
0.996722 0 -0.0809002 -4.30961 0 1 0 -0.911407 0.0809002 0 0.996722 72.0577
0.996481 0 -0.0838182 -4.36541 0 1 0 -0.930151 0.0838182 0 0.996481 72.7803
0.996481 0 -0.0838182 -4.42121 0 1 0 -0.948895 0.0838182 0 0.996481 73.5029
0.996171 0 -0.0874291 -4.41942 0 1 0 -0.976681 0.0874291 0 0.996171 74.2007
0.995987 0 -0.0895012 -4.49001 0 1 0 -0.980545 0.0895012 0 0.995987 74.8669
0.995987 0 -0.0895012 -4.5606 0 1 0 -0.984408 0.0895012 0 0.995987 75.533
0.995987 0 -0.0895012 -4.62497 0 1 0 -1.00039 0.0895012 0 0.995987 76.1635
0.996058 0 -0.0887017 -4.66298 0 1 0 -1.01581 0.0887017 0 0.996058 76.7676
0.996058 0 -0.0887017 -4.70098 0 1 0 -1.03124 0.0887017 0 0.996058 77.3717
0.996254 0 -0.0864717 -4.74412 0 1 0 -1.03531 0.0864717 0 0.996254 77.9545
0.996466 0 -0.083994 -4.78047 0 1 0 -1.04866 0.083994 0 0.996466 78.5257
0.996968 0 -0.077815 -4.8478 0 1 0 -1.03967 0.077815 0 0.996968 79.0786
0.997515 0 -0.0704483 -4.91441 0 1 0 -1.04828 0.0704483 0 0.997515 79.6185
0.99807 0 -0.0621063 -4.94186 0 1 0 -1.06254 0.0621063 0 0.99807 80.1496
0.999344 0 -0.0362214 -4.96635 0 1 0 -1.07037 0.0362214 0 0.999344 80.6563
0.999344 0 -0.0362214 -4.99083 0 1 0 -1.0782 0.0362214 0 0.999344 81.163
0.999845 0 -0.0175894 -5.00489 0 1 0 -1.08533 0.0175894 0 0.999845 81.6508
0.999988 0 0.00490534 -4.99631 0 1 0 -1.09138 -0.00490534 0 0.999988 82.1253
0.999517 0 0.0310755 -4.96429 0 1 0 -1.10273 -0.0310755 0 0.999517 82.5843
0.998152 0 0.0607634 -4.9224 0 1 0 -1.11154 -0.0607634 0 0.998152 83.0374
0.995656 0 0.0931122 -4.85346 0 1 0 -1.12316 -0.0931122 0 0.995656 83.4821
0.991426 0 0.130672 -4.77623 0 1 0 -1.13342 -0.130672 0 0.991426 83.9128
0.984844 0 0.173441 -4.69693 0 1 0 -1.13839 -0.173441 0 0.984844 84.3443
0.975686 0 0.219174 -4.58998 0 1 0 -1.14567 -0.219174 0 0.975686 84.7626
0.963624 0 0.26726 -4.44011 0 1 0 -1.15629 -0.26726 0 0.963624 85.1475
0.947431 0 0.31996 -4.27718 0 1 0 -1.16784 -0.31996 0 0.947431 85.5308
0.926937 0 0.375217 -4.09957 0 1 0 -1.17208 -0.375217 0 0.926937 85.8857
0.902457 0 0.43078 -3.88329 0 1 0 -1.17126 -0.43078 0 0.902457 86.226
0.873501 0 0.486822 -3.6431 0 1 0 -1.1735 -0.486822 0 0.873501 86.542
0.839581 0 0.543235 -3.40362 0 1 0 -1.1799 -0.543235 0 0.839581 86.8351
0.802026 0 0.597289 -3.14233 0 1 0 -1.18926 -0.597289 0 0.802026 87.1208
0.761394 0 0.64829 -2.87475 0 1 0 -1.19341 -0.64829 0 0.761394 87.3815
0.718612 0 0.695411 -2.57381 0 1 0 -1.19251 -0.695411 0 0.718612 87.6267
0.673325 0 0.739347 -2.26064 0 1 0 -1.19718 -0.739347 0 0.673325 87.848
0.626104 0 0.779739 -1.94388 0 1 0 -1.19806 -0.779739 0 0.626104 88.0507
0.578652 0 0.815574 -1.61004 0 1 0 -1.21154 -0.815574 0 0.578652 88.2324
0.531885 0 0.846817 -1.27651 0 1 0 -1.21919 -0.846817 0 0.531885 88.3947
0.485023 0 0.874502 -0.927606 0 1 0 -1.23029 -0.874502 0 0.485023 88.5455
0.440311 0 0.897845 -0.568442 0 1 0 -1.24008 -0.897845 0 0.440311 88.6727
0.39755 0 0.91758 -0.20936 0 1 0 -1.24135 -0.91758 0 0.39755 88.7858
0.358178 0 0.933653 0.16852 0 1 0 -1.23914 -0.933653 0 0.358178 88.8756
0.321899 0 0.946774 0.54046 0 1 0 -1.23583 -0.946774 0 0.321899 88.9773
0.289526 0 0.95717 0.917126 0 1 0 -1.24874 -0.95717 0 0.289526 89.0593
0.25857 0 0.965993 1.29307 0 1 0 -1.25659 -0.965993 0 0.25857 89.1573
0.230729 0 0.973018 1.67953 0 1 0 -1.26841 -0.973018 0 0.230729 89.2313
0.205336 0 0.978692 2.07944 0 1 0 -1.27855 -0.978692 0 0.205336 89.289
0.18129 0 0.98343 2.48658 0 1 0 -1.2852 -0.98343 0 0.18129 89.3473
0.161321 0 0.986902 2.90902 0 1 0 -1.27915 -0.986902 0 0.161321 89.3851
0.142029 0 0.989862 3.3364 0 1 0 -1.27108 -0.989862 0 0.142029 89.4277
0.124438 0 0.992227 3.78355 0 1 0 -1.26928 -0.992227 0 0.124438 89.4815
0.109086 0 0.994032 4.24948 0 1 0 -1.27655 -0.994032 0 0.109086 89.5291
0.0945744 0 0.995518 4.72354 0 1 0 -1.28236 -0.995518 0 0.0945744 89.5656
0.0813622 0 0.996685 5.21084 0 1 0 -1.29055 -0.996685 0 0.0813622 89.5874
0.069468 0 0.997584 5.70831 0 1 0 -1.29831 -0.997584 0 0.069468 89.6139
0.0593676 0 0.998236 6.22318 0 1 0 -1.30309 -0.998236 0 0.0593676 89.6289
0.0508126 0 0.998708 6.75308 0 1 0 -1.30905 -0.998708 0 0.0508126 89.6563
0.042903 0 0.999079 7.29798 0 1 0 -1.30975 -0.999079 0 0.042903 89.695
0.0366403 0 0.999329 7.86156 0 1 0 -1.30986 -0.999329 0 0.0366403 89.7206
0.0317533 0 0.999496 8.44578 0 1 0 -1.31105 -0.999496 0 0.0317533 89.7282
0.0256442 0 0.999671 9.04802 0 1 0 -1.3189 -0.999671 0 0.0256442 89.7639
0.0221838 0 0.999754 9.66734 0 1 0 -1.32116 -0.999754 0 0.0221838 89.7808
0.0187766 0 0.999824 10.307 0 1 0 -1.32426 -0.999824 0 0.0187766 89.7973
0.0157021 0 0.999877 10.962 0 1 0 -1.33229 -0.999877 0 0.0157021 89.7923
0.0163621 0 0.999866 11.6358 0 1 0 -1.32653 -0.999866 0 0.0163621 89.7802
0.0173675 0 0.999849 12.3222 0 1 0 -1.32783 -0.999849 0 0.0173675 89.7915
0.0197669 0 0.999805 13.0295 0 1 0 -1.32915 -0.999805 0 0.0197669 89.8116
0.0248516 0 0.999691 13.7529 0 1 0 -1.33336 -0.999691 0 0.0248516 89.8128
0.0308602 0 0.999524 14.4923 0 1 0 -1.32908 -0.999524 0 0.0308602 89.8135
0.0348077 0 0.999394 15.251 0 1 0 -1.33189 -0.999394 0 0.0348077 89.8467
0.0372653 0 0.999305 16.0215 0 1 0 -1.33123 -0.999305 0 0.0372653 89.8959
0.0414812 0 0.999139 16.8087 0 1 0 -1.33576 -0.999139 0 0.0414812 89.9344
0.0453168 0 0.998973 17.6029 0 1 0 -1.33791 -0.998973 0 0.0453168 89.9796
0.0496812 0 0.998765 18.4047 0 1 0 -1.35084 -0.998765 0 0.0496812 90.0318
0.0536647 0 0.998559 19.2087 0 1 0 -1.3714 -0.998559 0 0.0536647 90.077
0.0549689 0 0.998488 20.0174 0 1 0 -1.37598 -0.998488 0 0.0549689 90.1339
0.0549689 0 0.998488 20.8314 0 1 0 -1.37545 -0.998488 0 0.0549689 90.1876
0.0527928 0 0.998605 21.6467 0 1 0 -1.38554 -0.998605 0 0.0527928 90.2749
0.0542015 0 0.99853 22.4662 0 1 0 -1.39681 -0.99853 0 0.0542015 90.3119
0.0533925 0 0.998574 23.2834 0 1 0 -1.40547 -0.998574 0 0.0533925 90.3675
0.0533925 0 0.998574 24.0995 0 1 0 -1.413 -0.998574 0 0.0533925 90.441
0.0533925 0 0.998574 24.9148 0 1 0 -1.42968 -0.998574 0 0.0533925 90.4979
0.0533925 0 0.998574 25.727 0 1 0 -1.44223 -0.998574 0 0.0533925 90.5528
0.0506633 0 0.998716 26.5345 0 1 0 -1.46566 -0.998716 0 0.0506633 90.6415
0.0480135 0 0.998847 27.3475 0 1 0 -1.4698 -0.998847 0 0.0480135 90.6719
0.0421547 0 0.999111 28.1576 0 1 0 -1.47111 -0.999111 0 0.0421547 90.7249
0.0359425 0 0.999354 28.9693 0 1 0 -1.47624 -0.999354 0 0.0359425 90.782
0.0292892 0 0.999571 29.7816 0 1 0 -1.49496 -0.999571 0 0.0292892 90.8144
0.0217287 0 0.999764 30.5893 0 1 0 -1.5056 -0.999764 0 0.0217287 90.8317
0.0136478 0 0.999907 31.3917 0 1 0 -1.52431 -0.999907 0 0.0136478 90.8276
0.00308946 0 0.999995 32.1933 0 1 0 -1.52486 -0.999995 0 0.00308946 90.8475
-0.00770692 0 0.99997 32.9914 0 1 0 -1.53401 -0.99997 0 -0.00770692 90.8544
-0.0182693 0 0.999833 33.7836 0 1 0 -1.55514 -0.999833 0 -0.0182693 90.8302
-0.0293739 0 0.999568 34.5755 0 1 0 -1.56699 -0.999568 0 -0.0293739 90.8034
-0.0406474 0 0.999174 35.3623 0 1 0 -1.57722 -0.999174 0 -0.0406474 90.774
-0.0516968 0 0.998663 36.1414 0 1 0 -1.58904 -0.998663 0 -0.0516968 90.7302
-0.062463 0 0.998047 36.9164 0 1 0 -1.60049 -0.998047 0 -0.062463 90.6847
-0.0728986 0 0.997339 37.6838 0 1 0 -1.6121 -0.997339 0 -0.0728986 90.625
-0.0827811 0 0.996568 38.4437 0 1 0 -1.61986 -0.996568 0 -0.0827811 90.5701
-0.092232 0 0.995738 39.1945 0 1 0 -1.632 -0.995738 0 -0.092232 90.4927
-0.101945 0 0.99479 39.9384 0 1 0 -1.6398 -0.99479 0 -0.101945 90.4201
-0.111086 0 0.993811 40.6759 0 1 0 -1.64229 -0.993811 0 -0.111086 90.3528
-0.123905 0 0.992294 41.3989 0 1 0 -1.65475 -0.992294 0 -0.123905 90.2642
-0.123905 0 0.992294 42.1218 0 1 0 -1.66721 -0.992294 0 -0.123905 90.1755
-0.123905 0 0.992294 42.8285 0 1 0 -1.63709 -0.992294 0 -0.123905 90.0507
-0.126525 0 0.991963 43.5283 0 1 0 -1.65366 -0.991963 0 -0.126525 89.9572
-0.128738 0 0.991679 44.2146 0 1 0 -1.6641 -0.991679 0 -0.128738 89.8769
-0.130742 0 0.991416 44.8882 0 1 0 -1.67701 -0.991416 0 -0.130742 89.8023
-0.123842 0 0.992302 45.5311 0 1 0 -1.69186 -0.992302 0 -0.123842 89.6972
-0.123842 0 0.992302 46.174 0 1 0 -1.70672 -0.992302 0 -0.123842 89.592
-0.116617 0 0.993177 46.791 0 1 0 -1.7286 -0.993177 0 -0.116617 89.4996
-0.107759 0 0.994177 47.3921 0 1 0 -1.73862 -0.994177 0 -0.107759 89.4315
-0.0964779 0 0.995335 47.9749 0 1 0 -1.74978 -0.995335 0 -0.0964779 89.3813
-0.0830876 0 0.996542 48.5382 0 1 0 -1.77135 -0.996542 0 -0.0830876 89.352
-0.0655634 0 0.997848 49.0812 0 1 0 -1.78176 -0.997848 0 -0.0655634 89.3258
-0.0444748 0 0.999011 49.6167 0 1 0 -1.80014 -0.999011 0 -0.0444748 89.3224
-0.0192952 0 0.999814 50.1446 0 1 0 -1.81372 -0.999814 0 -0.0192952 89.32
0.00920793 0 0.999958 50.6682 0 1 0 -1.81978 -0.999958 0 0.00920793 89.3384
0.0421232 0 0.999112 51.1913 0 1 0 -1.82665 -0.999112 0 0.0421232 89.3847
0.0800123 0 0.996794 51.7095 0 1 0 -1.8328 -0.996794 0 0.0800123 89.4481
0.122161 0 0.99251 52.2155 0 1 0 -1.83534 -0.99251 0 0.122161 89.5387
0.167087 0 0.985942 52.7159 0 1 0 -1.84514 -0.985942 0 0.167087 89.6563
0.214948 0 0.976626 53.2095 0 1 0 -1.85355 -0.976626 0 0.214948 89.8082
0.267 0 0.963697 53.6801 0 1 0 -1.85755 -0.963697 0 0.267 89.9692
0.320729 0 0.947171 54.1265 0 1 0 -1.86021 -0.947171 0 0.320729 90.1925
0.457259 0 0.889334 54.6013 0 1 0 -1.84869 -0.889334 0 0.457259 90.2612
0.457259 0 0.889334 55.0761 0 1 0 -1.83717 -0.889334 0 0.457259 90.3298
0.583968 0 0.811777 55.4865 0 1 0 -1.79258 -0.811777 0 0.583968 90.5497
0.583968 0 0.811777 55.8969 0 1 0 -1.74799 -0.811777 0 0.583968 90.7696
0.639407 0 0.768868 56.2385 0 1 0 -1.74979 -0.768868 0 0.639407 91.1032
0.691214 0 0.72265 56.5605 0 1 0 -1.75064 -0.72265 0 0.691214 91.454
0.738395 0 0.674369 56.8302 0 1 0 -1.75192 -0.674369 0 0.738395 91.8172
0.782172 0 0.623063 57.089 0 1 0 -1.76178 -0.623063 0 0.782172 92.2183
0.82189 0 0.569646 57.3133 0 1 0 -1.76034 -0.569646 0 0.82189 92.6404
0.857455 0 0.514559 57.5161 0 1 0 -1.76641 -0.514559 0 0.857455 93.05
0.887233 0 0.461322 57.6841 0 1 0 -1.77511 -0.461322 0 0.887233 93.5009
0.912149 0 0.409859 57.8529 0 1 0 -1.78424 -0.409859 0 0.912149 93.9526
0.931555 0 0.363599 57.99 0 1 0 -1.79533 -0.363599 0 0.931555 94.4021
0.946197 0 0.323592 58.1063 0 1 0 -1.80304 -0.323592 0 0.946197 94.8789
0.957499 0 0.288436 58.2112 0 1 0 -1.80432 -0.288436 0 0.957499 95.3466
0.966265 0 0.257549 58.3074 0 1 0 -1.80865 -0.257549 0 0.966265 95.8287
0.971786 0 0.235866 58.4038 0 1 0 -1.81598 -0.235866 0 0.971786 96.3116
0.97541 0 0.220397 58.5013 0 1 0 -1.82509 -0.220397 0 0.97541 96.7979
0.97813 0 0.207995 58.5824 0 1 0 -1.82227 -0.207995 0 0.97813 97.2987
0.980105 0 0.198479 58.6745 0 1 0 -1.81861 -0.198479 0 0.980105 97.8086
0.981494 0 0.191492 58.7746 0 1 0 -1.81497 -0.191492 0 0.981494 98.3247
0.982015 0 0.188802 58.8516 0 1 0 -1.82497 -0.188802 0 0.982015 98.8551
0.9821 0 0.188361 58.9479 0 1 0 -1.83609 -0.188361 0 0.9821 99.3923
0.981726 0 0.190299 59.0567 0 1 0 -1.84072 -0.190299 0 0.981726 99.938
0.981108 0 0.193461 59.1861 0 1 0 -1.83463 -0.193461 0 0.981108 100.488
0.979882 0 0.19958 59.276 0 1 0 -1.82371 -0.19958 0 0.979882 101.057
0.977808 0 0.209504 59.3927 0 1 0 -1.82853 -0.209504 0 0.977808 101.649
0.977808 0 0.209504 59.5094 0 1 0 -1.83334 -0.209504 0 0.977808 102.241
0.97661 0 0.21502 59.6262 0 1 0 -1.83765 -0.21502 0 0.97661 102.853
0.975851 0 0.218436 59.7686 0 1 0 -1.84797 -0.218436 0 0.975851 103.47
0.974888 0 0.222695 59.9057 0 1 0 -1.85892 -0.222695 0 0.974888 104.102
0.974697 0 0.223531 60.0747 0 1 0 -1.8656 -0.223531 0 0.974697 104.733
