1 0 -0.000850522 -0.0332757 0 1 0 0 0.000850522 0 1 0.665918
1 0 -0.000850522 -0.103079 0 1 0 0 0.000850522 0 1 1.32736
0.999951 0 -0.00986154 -0.112189 0 1 0 0 0.00986154 0 0.999951 1.99555
0.999951 0 -0.00986154 -0.121299 0 1 0 0 0.00986154 0 0.999951 2.66373
0.9999 0 -0.0141615 -0.133819 0 1 0 0 0.0141615 0 0.9999 3.36472
0.999867 0 -0.0163376 -0.17609 0 1 0 0 0.0163376 0 0.999867 4.06438
0.999775 0 -0.0212355 -0.208114 0 1 0 0 0.0212355 0 0.999775 4.78826
0.999689 0 -0.0249457 -0.238818 0 1 0 0 0.0249457 0 0.999689 5.52967
0.999585 0 -0.0287986 -0.264248 0 1 0 0 0.0287986 0 0.999585 6.27793
0.999528 0 -0.0307241 -0.310852 0 1 0 0 0.0307241 0 0.999528 7.04515
0.999456 0 -0.0329835 -0.351325 0 1 0 0 0.0329835 0 0.999456 7.82816
0.999456 0 -0.0329835 -0.417682 0 1 0 0 0.0329835 0 0.999456 8.61723
0.99938 0 -0.0352019 -0.44157 0 1 0 0 0.0352019 0 0.99938 9.41846
0.999268 0 -0.0382681 -0.448034 0 1 0 0 0.0382681 0 0.999268 10.2175
0.999077 0 -0.0429493 -0.441391 0 1 0 0 0.0429493 0 0.999077 11.0299
0.999037 0 -0.0438868 -0.496347 0 1 0 0 0.0438868 0 0.999037 11.8381
0.999037 0 -0.0438868 -0.547996 0 1 0 0 0.0438868 0 0.999037 12.6529
0.999037 0 -0.0438868 -0.612194 0 1 0 0 0.0438868 0 0.999037 13.4694
0.998959 0 -0.0456164 -0.646891 0 1 0 0 0.0456164 0 0.998959 14.2933
0.998849 0 -0.047962 -0.666733 0 1 0 0 0.047962 0 0.998849 15.1177
0.998774 0 -0.0494968 -0.713176 0 1 0 0 0.0494968 0 0.998774 15.9514
0.998726 0 -0.0504564 -0.732517 0 1 0 0 0.0504564 0 0.998726 16.7741
0.998643 0 -0.0520831 -0.777943 0 1 0 0 0.0520831 0 0.998643 17.6017
0.998536 0 -0.0540875 -0.810305 0 1 0 0 0.0540875 0 0.998536 18.4336
0.998512 0 -0.0545406 -0.858018 0 1 0 0 0.0545406 0 0.998512 19.2657
0.998512 0 -0.0545406 -0.902672 0 1 0 0 0.0545406 0 0.998512 20.0932
0.998427 0 -0.0560704 -0.915718 0 1 0 0 0.0560704 0 0.998427 20.9374
0.998577 0 -0.05332 -0.979142 0 1 0 0 0.05332 0 0.998577 21.7946
0.998785 0 -0.0492714 -1.00536 0 1 0 0 0.0492714 0 0.998785 22.6596
0.998785 0 -0.0492714 -1.03157 0 1 0 0 0.0492714 0 0.998785 23.5246
0.998942 0 -0.0459877 -1.11177 0 1 0 0 0.0459877 0 0.998942 24.4043
0.999014 0 -0.0444002 -1.1549 0 1 0 0 0.0444002 0 0.999014 25.2868
0.99904 0 -0.0437981 -1.18918 0 1 0 0 0.0437981 0 0.99904 26.1711
0.999002 0 -0.0446568 -1.22078 0 1 0 0 0.0446568 0 0.999002 27.0627
0.999002 0 -0.0446568 -1.26553 0 1 0 0 0.0446568 0 0.999002 27.9549
0.998927 0 -0.0463214 -1.28973 0 1 0 0 0.0463214 0 0.998927 28.8571
0.998856 0 -0.0478114 -1.33014 0 1 0 0 0.0478114 0 0.998856 29.758
0.998752 0 -0.0499403 -1.36856 0 1 0 0 0.0499403 0 0.998752 30.6544
0.998646 0 -0.0520182 -1.4165 0 1 0 0 0.0520182 0 0.998646 31.5406
0.998618 0 -0.0525584 -1.49389 0 1 0 0 0.0525584 0 0.998618 32.4412
0.998548 0 -0.0538773 -1.53688 0 1 0 0 0.0538773 0 0.998548 33.3243
0.998548 0 -0.0538773 -1.60209 0 1 0 0 0.0538773 0 0.998548 34.2152
0.998522 0 -0.0543407 -1.659 0 1 0 0 0.0543407 0 0.998522 35.1097
0.998522 0 -0.0543407 -1.70914 0 1 0 0 0.0543407 0 0.998522 36.0144
0.998409 0 -0.0563907 -1.75662 0 1 0 0 0.0563907 0 0.998409 36.9352
0.998562 0 -0.0536054 -1.86303 0 1 0 0 0.0536054 0 0.998562 37.8748
0.998562 0 -0.0536054 -1.91924 0 1 0 0 0.0536054 0 0.998562 38.8215
0.998562 0 -0.0536054 -1.97546 0 1 0 0 0.0536054 0 0.998562 39.7682
0.998431 0 -0.0559901 -2.01927 0 1 0 0 0.0559901 0 0.998431 40.7166
0.998223 0 -0.0595905 -2.03815 0 1 0 0 0.0595905 0 0.998223 41.6742
0.998075 0 -0.0620202 -2.08522 0 1 0 0 0.0620202 0 0.998075 42.6243
0.998075 0 -0.0620202 -2.16335 0 1 0 0 0.0620202 0 0.998075 43.5844
0.998075 0 -0.0620202 -2.25091 0 1 0 0 0.0620202 0 0.998075 44.5406
0.998075 0 -0.0620202 -2.31354 0 1 0 0 0.0620202 0 0.998075 45.4778
0.997997 0 -0.0632555 -2.35194 0 1 0 0 0.0632555 0 0.997997 46.4103
0.997997 0 -0.0632555 -2.4186 0 1 0 0 0.0632555 0 0.997997 47.3371
0.997962 0 -0.063806 -2.47536 0 1 0 0 0.063806 0 0.997962 48.2676
0.997962 0 -0.063806 -2.53486 0 1 0 0 0.063806 0 0.997962 49.1856
0.997962 0 -0.063806 -2.60023 0 1 0 0 0.063806 0 0.997962 50.1002
0.998015 0 -0.0629766 -2.68323 0 1 0 0 0.0629766 0 0.998015 51.0046
0.998059 0 -0.0622701 -2.7724 0 1 0 0 0.0622701 0 0.998059 51.9134
0.99797 0 -0.063693 -2.81423 0 1 0 0 0.063693 0 0.99797 52.8165
0.997841 0 -0.0656729 -2.8653 0 1 0 0 0.0656729 0 0.997841 53.7331
0.997774 0 -0.0666912 -2.94046 0 1 0 0 0.0666912 0 0.997774 54.6457
0.997685 0 -0.0680112 -3.00726 0 1 0 0 0.0680112 0 0.997685 55.556
0.99763 0 -0.0688035 -3.07352 0 1 0 0 0.0688035 0 0.99763 56.4548
0.997557 0 -0.0698554 -3.14145 0 1 0 0 0.0698554 0 0.997557 57.3424
0.997481 0 -0.0709309 -3.21172 0 1 0 0 0.0709309 0 0.997481 58.2248
0.997349 0 -0.0727726 -3.26466 0 1 0 0 0.0727726 0 0.997349 59.0939
0.997275 0 -0.0737799 -3.34296 0 1 0 0 0.0737799 0 0.997275 59.9568
0.997064 0 -0.0765667 -3.42426 0 1 0 0 0.0765667 0 0.997064 60.799
0.996878 0 -0.0789602 -3.48362 0 1 0 0 0.0789602 0 0.996878 61.6443
0.996763 0 -0.0804003 -3.55439 0 1 0 0 0.0804003 0 0.996763 62.4803
0.996722 0 -0.0808967 -3.63607 0 1 0 0 0.0808967 0 0.996722 63.3089
0.996585 0 -0.0825777 -3.70391 0 1 0 0 0.0825777 0 0.996585 64.1273
0.996644 0 -0.0818569 -3.80195 0 1 0 0 0.0818569 0 0.996644 64.9421
0.996526 0 -0.0832846 -3.89203 0 1 0 0 0.0832846 0 0.996526 65.7634
0.996722 0 -0.0809002 -4.03906 0 1 0 0 0.0809002 0 0.996722 66.5694
0.996481 0 -0.0838182 -4.10084 0 1 0 0 0.0838182 0 0.996481 67.3694
0.996481 0 -0.0838182 -4.16263 0 1 0 0 0.0838182 0 0.996481 68.1695
0.996171 0 -0.0874291 -4.1607 0 1 0 0 0.0874291 0 0.996171 68.9191
0.995987 0 -0.0895012 -4.23965 0 1 0 0 0.0895012 0 0.995987 69.6642
0.995987 0 -0.0895012 -4.31861 0 1 0 0 0.0895012 0 0.995987 70.4093
0.995987 0 -0.0895012 -4.39163 0 1 0 0 0.0895012 0 0.995987 71.1245
