0.999993 -0.00137303 -0.00338692 -0.00678116 0.00136543 0.999997 -0.0022434 -0.00134004 0.00338999 0.00223876 0.999992 0.749686
0.999975 -0.00228074 -0.00671158 -0.0177194 0.00225553 0.99999 -0.003761 -0.000447547 0.00672009 0.00374576 0.99997 1.54244
0.999942 0.00111478 -0.0106823 -0.0389477 -0.00117755 0.999982 -0.00587245 -0.00203074 0.0106756 0.00588469 0.999926 2.31922
0.99987 0.000653044 -0.0161187 -0.0534043 -0.000751308 0.999981 -0.006091 -0.00884935 0.0161144 0.00610232 0.999852 3.12128
0.999786 -0.000806301 -0.0206675 -0.074422 0.000674418 0.999979 -0.00638733 -0.021482 0.0206722 0.00637203 0.999766 3.93016
0.999717 0.00125707 -0.0237747 -0.111527 -0.00142484 0.999974 -0.00704118 -0.0401426 0.0237652 0.00707306 0.999693 4.81076
