1 0 -0.000850522 -0.0332757 0 1 0 0 0.000850522 0 1 0.665918
0.99999 0 -0.00442534 -0.0577964 0 1 0 0 0.00442534 0 0.99999 1.32854
0.999968 0 -0.00797763 -0.0717065 0 1 0 0 0.00797763 0 0.999968 1.99967
0.999939 0 -0.0110311 -0.116527 0 1 0 0 0.0110311 0 0.999939 2.66957
0.99986 0 -0.0167052 -0.102028 0 1 0 0 0.0167052 0 0.99986 3.39627
0.999821 0 -0.0189144 -0.160215 0 1 0 0 0.0189144 0 0.999821 4.10912
0.999705 0 -0.0242785 -0.172254 0 1 0 0 0.0242785 0 0.999705 4.84996
0.999584 0 -0.0288466 -0.196198 0 1 0 0 0.0288466 0 0.999584 5.57426
0.999427 0 -0.0338526 -0.205166 0 1 0 0 0.0338526 0 0.999427 6.30904
0.999328 0 -0.0366436 -0.250501 0 1 0 0 0.0366436 0 0.999328 7.06044
0.999236 0 -0.0390883 -0.284828 0 1 0 0 0.0390883 0 0.999236 7.82089
0.999186 0 -0.0403382 -0.339876 0 1 0 0 0.0403382 0 0.999186 8.60117
0.999062 0 -0.0433062 -0.354838 0 1 0 0 0.0433062 0 0.999062 9.38486
0.99897 0 -0.0453823 -0.38774 0 1 0 0 0.0453823 0 0.99897 10.1807
0.998843 0 -0.0480911 -0.429793 0 1 0 0 0.0480911 0 0.998843 10.9948
0.998812 0 -0.0487243 -0.476096 0 1 0 0 0.0487243 0 0.998812 11.8012
0.998828 0 -0.0484077 -0.543517 0 1 0 0 0.0484077 0 0.998828 12.5712
0.998759 0 -0.0497993 -0.581997 0 1 0 0 0.0497993 0 0.998759 13.3723
0.998661 0 -0.0517261 -0.615274 0 1 0 0 0.0517261 0 0.998661 14.1676
0.998572 0 -0.0534292 -0.630648 0 1 0 0 0.0534292 0 0.998572 14.9272
0.998477 0 -0.0551627 -0.670675 0 1 0 0 0.0551627 0 0.998477 15.7266
0.998464 0 -0.055403 -0.720667 0 1 0 0 0.055403 0 0.998464 16.5218
0.998335 0 -0.0576807 -0.75734 0 1 0 0 0.0576807 0 0.998335 17.3424
0.998318 0 -0.0579782 -0.803647 0 1 0 0 0.0579782 0 0.998318 18.1081
0.9982 0 -0.0599772 -0.811295 0 1 0 0 0.0599772 0 0.9982 18.9124
0.998245 0 -0.0592156 -0.889991 0 1 0 0 0.0592156 0 0.998245 19.7208
0.998221 0 -0.0596227 -0.907648 0 1 0 0 0.0596227 0 0.998221 20.5485
0.998371 0 -0.0570477 -0.959525 0 1 0 0 0.0570477 0 0.998371 21.3868
0.998491 0 -0.0549236 -1.03382 0 1 0 0 0.0549236 0 0.998491 22.2983
0.998469 0 -0.0553118 -1.03574 0 1 0 0 0.0553118 0 0.998469 23.1782
0.99863 0 -0.0523197 -1.15396 0 1 0 0 0.0523197 0 0.99863 24.1342
0.998711 0 -0.0507623 -1.19443 0 1 0 0 0.0507623 0 0.998711 25.0053
0.998686 0 -0.0512401 -1.2239 0 1 0 0 0.0512401 0 0.998686 25.9164
0.998696 0 -0.0510517 -1.27946 0 1 0 0 0.0510517 0 0.998696 26.8172
0.998655 0 -0.0518532 -1.32277 0 1 0 0 0.0518532 0 0.998655 27.7278
0.998592 0 -0.0530429 -1.37083 0 1 0 0 0.0530429 0 0.998592 28.647
0.99818 0 -0.0603131 -1.27037 0 1 0 0 0.0603131 0 0.99818 29.4908
0.998275 0 -0.0587072 -1.4039 0 1 0 0 0.0587072 0 0.998275 30.4156
0.998033 0 -0.062685 -1.41729 0 1 0 0 0.062685 0 0.998033 31.2751
0.998077 0 -0.061986 -1.51647 0 1 0 0 0.061986 0 0.998077 32.1465
0.998031 0 -0.0627248 -1.5705 0 1 0 0 0.0627248 0 0.998031 33.0089
0.997991 0 -0.0633577 -1.64571 0 1 0 0 0.0633577 0 0.997991 33.9002
0.997956 0 -0.063901 -1.71542 0 1 0 0 0.063901 0 0.997956 34.7978
0.997974 0 -0.0636293 -1.77976 0 1 0 0 0.0636293 0 0.997974 35.7116
0.997931 0 -0.0642986 -1.8537 0 1 0 0 0.0642986 0 0.997931 36.6479
0.998024 0 -0.0628277 -1.94215 0 1 0 0 0.0628277 0 0.998024 37.5952
0.997901 0 -0.0647636 -1.95878 0 1 0 0 0.0647636 0 0.997901 38.5458
0.997943 0 -0.0641126 -2.04382 0 1 0 0 0.0641126 0 0.997943 39.5015
0.997752 0 -0.0670109 -2.09381 0 1 0 0 0.0670109 0 0.997752 40.4564
0.997648 0 -0.0685392 -2.15277 0 1 0 0 0.0685392 0 0.997648 41.4307
0.997474 0 -0.0710271 -2.2083 0 1 0 0 0.0710271 0 0.997474 42.383
0.997489 0 -0.0708167 -2.30018 0 1 0 0 0.0708167 0 0.997489 43.3582
0.997422 0 -0.0717642 -2.37348 0 1 0 0 0.0717642 0 0.997422 44.3094
0.997422 0 -0.0717585 -2.45258 0 1 0 0 0.0717585 0 0.997422 45.2478
0.997349 0 -0.0727715 -2.50194 0 1 0 0 0.0727715 0 0.997349 46.1046
0.997347 0 -0.0727901 -2.57181 0 1 0 0 0.0727901 0 0.997347 46.9568
0.997289 0 -0.0735851 -2.61535 0 1 0 0 0.0735851 0 0.997289 47.8144
0.997342 0 -0.0728631 -2.69604 0 1 0 0 0.0728631 0 0.997342 48.688
0.997357 0 -0.0726574 -2.7609 0 1 0 0 0.0726574 0 0.997357 49.568
0.997295 0 -0.0735025 -2.82235 0 1 0 0 0.0735025 0 0.997295 50.4491
0.997307 0 -0.0733408 -2.88492 0 1 0 0 0.0733408 0 0.997307 51.3162
0.997248 0 -0.0741326 -2.94811 0 1 0 0 0.0741326 0 0.997248 52.2014
0.997127 0 -0.0757483 -3.0045 0 1 0 0 0.0757483 0 0.997127 53.1117
0.997027 0 -0.0770465 -3.08566 0 1 0 0 0.0770465 0 0.997027 54.0109
0.996931 0 -0.0782791 -3.16764 0 1 0 0 0.0782791 0 0.996931 54.9468
0.996885 0 -0.0788744 -3.25336 0 1 0 0 0.0788744 0 0.996885 55.8461
0.99676 0 -0.0804343 -3.31764 0 1 0 0 0.0804343 0 0.99676 56.706
0.996743 0 -0.0806409 -3.42569 0 1 0 0 0.0806409 0 0.996743 57.5903
0.996627 0 -0.0820612 -3.4836 0 1 0 0 0.0820612 0 0.996627 58.44
0.996518 0 -0.0833836 -3.56455 0 1 0 0 0.0833836 0 0.996518 59.2602
0.996456 0 -0.0841149 -3.66967 0 1 0 0 0.0841149 0 0.996456 60.0928
0.996258 0 -0.0864249 -3.72999 0 1 0 0 0.0864249 0 0.996258 60.9212
0.996167 0 -0.0874687 -3.81546 0 1 0 0 0.0874687 0 0.996167 61.7539
0.996072 0 -0.0885468 -3.88524 0 1 0 0 0.0885468 0 0.996072 62.5583
0.995846 0 -0.091056 -3.95034 0 1 0 0 0.091056 0 0.995846 63.3453
0.995909 0 -0.0903598 -4.04788 0 1 0 0 0.0903598 0 0.995909 64.153
0.995638 0 -0.0932994 -4.12699 0 1 0 0 0.0932994 0 0.995638 64.9583
0.995764 0 -0.0919432 -4.25606 0 1 0 0 0.0919432 0 0.995764 65.7685
0.99535 0 -0.0963281 -4.26876 0 1 0 0 0.0963281 0 0.99535 66.4839
0.995497 0 -0.0947934 -4.39603 0 1 0 0 0.0947934 0 0.995497 67.1954
0.99443 0 -0.105397 -4.28262 0 1 0 0 0.105397 0 0.99443 67.8934
0.995346 0 -0.0963641 -4.5245 0 1 0 0 0.0963641 0 0.995346 68.429
0.994645 0 -0.103348 -4.50382 0 1 0 0 0.103348 0 0.994645 69.1436
0.995346 0 -0.0963641 -4.71129 0 1 0 0 0.0963641 0 0.995346 69.7451
0.994571 0 -0.104062 -4.62283 0 1 0 0 0.104062 0 0.994571 70.4736
0.994977 0 -0.100102 -4.71888 0 1 0 0 0.100102 0 0.994977 70.986
0.995082 0 -0.0990585 -4.7529 0 1 0 0 0.0990585 0 0.995082 71.5872
0.995412 0 -0.0956824 -4.79553 0 1 0 0 0.0956824 0 0.995412 72.0942
0.995946 0 -0.0899495 -4.85726 0 1 0 0 0.0899495 0 0.995946 72.59
0.996478 0 -0.0838563 -4.90244 0 1 0 0 0.0838563 0 0.996478 73.0876
0.997086 0 -0.0762817 -4.91486 0 1 0 0 0.0762817 0 0.997086 73.5332
0.997907 0 -0.0646674 -4.95399 0 1 0 0 0.0646674 0 0.997907 73.9854
0.998732 0 -0.0503459 -4.97229 0 1 0 0 0.0503459 0 0.998732 74.4599
0.999501 0 -0.0315762 -4.9856 0 1 0 0 0.0315762 0 0.999501 74.9377
0.999951 0 -0.00994114 -4.96756 0 1 0 0 0.00994114 0 0.999951 75.4086
0.999873 0 0.0159134 -4.9254 0 1 0 0 -0.0159134 0 0.999873 75.8769
0.998951 0 0.0457828 -4.88692 0 1 0 0 -0.0457828 0 0.998951 76.335
0.997006 0 0.0773197 -4.79874 0 1 0 0 -0.0773197 0 0.997006 76.8006
0.993264 0 0.115876 -4.72993 0 1 0 0 -0.115876 0 0.993264 77.2559
0.987445 0 0.157963 -4.62555 0 1 0 0 -0.157963 0 0.987445 77.7051
0.97898 0 0.203957 -4.51787 0 1 0 0 -0.203957 0 0.97898 78.1236
0.967778 0 0.251804 -4.34398 0 1 0 0 -0.251804 0 0.967778 78.5413
0.95245 0 0.304695 -4.17129 0 1 0 0 -0.304695 0 0.95245 78.9331
0.932644 0 0.360797 -3.97442 0 1 0 0 -0.360797 0 0.932644 79.3108
0.908897 0 0.41702 -3.74431 0 1 0 0 -0.41702 0 0.908897 79.6585
0.880203 0 0.474597 -3.50156 0 1 0 0 -0.474597 0 0.880203 79.9843
0.847181 0 0.531304 -3.23654 0 1 0 0 -0.531304 0 0.847181 80.2871
0.810573 0 0.585638 -2.9593 0 1 0 0 -0.585638 0 0.810573 80.5674
0.77144 0 0.636303 -2.65695 0 1 0 0 -0.636303 0 0.77144 80.8271
0.729289 0 0.684205 -2.34063 0 1 0 0 -0.684205 0 0.729289 81.0714
0.684603 0 0.728917 -2.02135 0 1 0 0 -0.728917 0 0.684603 81.2853
0.638225 0 0.76985 -1.68063 0 1 0 0 -0.76985 0 0.638225 81.4878
0.592788 0 0.805358 -1.32838 0 1 0 0 -0.805358 0 0.592788 81.6475
0.546824 0 0.837248 -0.969403 0 1 0 0 -0.837248 0 0.546824 81.8109
0.499916 0 0.866074 -0.608637 0 1 0 0 -0.866074 0 0.499916 81.9651
0.454565 0 0.890713 -0.227198 0 1 0 0 -0.890713 0 0.454565 82.1072
0.412943 0 0.910757 0.147822 0 1 0 0 -0.910757 0 0.412943 82.202
0.373775 0 0.927519 0.532575 0 1 0 0 -0.927519 0 0.373775 82.2869
0.338555 0 0.940947 0.904104 0 1 0 0 -0.940947 0 0.338555 82.3662
0.305811 0 0.952092 1.29894 0 1 0 0 -0.952092 0 0.305811 82.4589
0.274497 0 0.961588 1.6948 0 1 0 0 -0.961588 0 0.274497 82.5634
0.246848 0 0.969054 2.10508 0 1 0 0 -0.969054 0 0.246848 82.6441
0.221281 0 0.97521 2.51048 0 1 0 0 -0.97521 0 0.221281 82.7059
0.197792 0 0.980244 2.91456 0 1 0 0 -0.980244 0 0.197792 82.7537
0.177791 0 0.984068 3.31602 0 1 0 0 -0.984068 0 0.177791 82.7919
0.158251 0 0.987399 3.72966 0 1 0 0 -0.987399 0 0.158251 82.8366
0.140746 0 0.990046 4.11257 0 1 0 0 -0.990046 0 0.140746 82.8831
0.125359 0 0.992111 4.48961 0 1 0 0 -0.992111 0 0.125359 82.9232
0.110824 0 0.99384 4.88988 0 1 0 0 -0.99384 0 0.110824 82.9577
0.0976528 0 0.995221 5.30468 0 1 0 0 -0.995221 0 0.0976528 82.9822
0.0858603 0 0.996307 5.72747 0 1 0 0 -0.996307 0 0.0858603 83.0096
0.0757334 0 0.997128 6.1726 0 1 0 0 -0.997128 0 0.0757334 83.0302
0.0674559 0 0.997722 6.6366 0 1 0 0 -0.997722 0 0.0674559 83.0585
0.0610436 0 0.998135 7.1278 0 1 0 0 -0.998135 0 0.0610436 83.0863
0.0552299 0 0.998474 7.63144 0 1 0 0 -0.998474 0 0.0552299 83.117
0.0498845 0 0.998755 8.1559 0 1 0 0 -0.998755 0 0.0498845 83.1338
0.0439062 0 0.999036 8.68544 0 1 0 0 -0.999036 0 0.0439062 83.1782
0.0418866 0 0.999122 9.25947 0 1 0 0 -0.999122 0 0.0418866 83.1796
0.038452 0 0.99926 9.83909 0 1 0 0 -0.99926 0 0.038452 83.207
0.0358751 0 0.999356 10.4549 0 1 0 0 -0.999356 0 0.0358751 83.2118
0.0361729 0 0.999346 11.0807 0 1 0 0 -0.999346 0 0.0361729 83.2267
0.0368303 0 0.999322 11.7259 0 1 0 0 -0.999322 0 0.0368303 83.2489
0.0391338 0 0.999234 12.3722 0 1 0 0 -0.999234 0 0.0391338 83.2792
0.0428534 0 0.999081 13.033 0 1 0 0 -0.999081 0 0.0428534 83.3189
0.048464 0 0.998825 13.7099 0 1 0 0 -0.998825 0 0.048464 83.3265
0.0515982 0 0.998668 14.4059 0 1 0 0 -0.998668 0 0.0515982 83.3841
0.0553134 0 0.998469 15.1101 0 1 0 0 -0.998469 0 0.0553134 83.4272
0.0598603 0 0.998207 15.8231 0 1 0 0 -0.998207 0 0.0598603 83.47
0.0638043 0 0.997962 16.5608 0 1 0 0 -0.997962 0 0.0638043 83.5258
0.0678698 0 0.997694 17.3071 0 1 0 0 -0.997694 0 0.0678698 83.593
0.0719709 0 0.997407 18.0936 0 1 0 0 -0.997407 0 0.0719709 83.6436
0.072416 0 0.997375 18.8743 0 1 0 0 -0.997375 0 0.072416 83.7294
0.073176 0 0.997319 19.6726 0 1 0 0 -0.997319 0 0.073176 83.7803
0.0723472 0 0.99738 20.4676 0 1 0 0 -0.99738 0 0.0723472 83.8489
0.0737641 0 0.997276 21.2719 0 1 0 0 -0.997276 0 0.0737641 83.8978
0.0726516 0 0.997357 22.0786 0 1 0 0 -0.997357 0 0.0726516 83.9701
0.0739037 0 0.997265 22.8927 0 1 0 0 -0.997265 0 0.0739037 84.0359
0.0732777 0 0.997312 23.7137 0 1 0 0 -0.997312 0 0.0732777 84.1143
0.0739937 0 0.997259 24.5368 0 1 0 0 -0.997259 0 0.0739937 84.1745
0.0722729 0 0.997385 25.3123 0 1 0 0 -0.997385 0 0.0722729 84.2502
0.0698928 0 0.997555 26.1355 0 1 0 0 -0.997555 0 0.0698928 84.3055
0.0645567 0 0.997914 26.9227 0 1 0 0 -0.997914 0 0.0645567 84.3742
0.059388 0 0.998235 27.7541 0 1 0 0 -0.998235 0 0.059388 84.4377
0.0532293 0 0.998582 28.5467 0 1 0 0 -0.998582 0 0.0532293 84.4725
0.0454183 0 0.998968 29.3865 0 1 0 0 -0.998968 0 0.0454183 84.5183
0.0373344 0 0.999303 30.2024 0 1 0 0 -0.999303 0 0.0373344 84.5277
0.0266225 0 0.999646 31.0513 0 1 0 0 -0.999646 0 0.0266225 84.567
0.0166528 0 0.999861 31.8902 0 1 0 0 -0.999861 0 0.0166528 84.5652
0.00536018 0 0.999986 32.7132 0 1 0 0 -0.999986 0 0.00536018 84.5789
-0.00546057 0 0.999985 33.5571 0 1 0 0 -0.999985 0 -0.00546057 84.5625
-0.0171263 0 0.999853 34.4072 0 1 0 0 -0.999853 0 -0.0171263 84.5536
-0.0279922 0 0.999608 35.2488 0 1 0 0 -0.999608 0 -0.0279922 84.5232
-0.0385498 0 0.999257 36.0395 0 1 0 0 -0.999257 0 -0.0385498 84.4816
-0.0488976 0 0.998804 36.8784 0 1 0 0 -0.998804 0 -0.0488976 84.4329
-0.0585854 0 0.998282 37.6733 0 1 0 0 -0.998282 0 -0.0585854 84.3818
-0.0677721 0 0.997701 38.4616 0 1 0 0 -0.997701 0 -0.0677721 84.3096
-0.0775321 0 0.99699 39.2407 0 1 0 0 -0.99699 0 -0.0775321 84.2513
-0.0861906 0 0.996279 40.0052 0 1 0 0 -0.996279 0 -0.0861906 84.1831
-0.0934621 0 0.995623 40.8237 0 1 0 0 -0.995623 0 -0.0934621 84.0828
-0.0993462 0 0.995053 41.5499 0 1 0 0 -0.995053 0 -0.0993462 84.0269
-0.102151 0 0.994769 42.3434 0 1 0 0 -0.994769 0 -0.102151 83.9005
-0.105065 0 0.994465 43.0718 0 1 0 0 -0.994465 0 -0.105065 83.8299
-0.106028 0 0.994363 43.8334 0 1 0 0 -0.994363 0 -0.106028 83.7349
-0.108094 0 0.994141 44.5434 0 1 0 0 -0.994141 0 -0.108094 83.6689
-0.104058 0 0.994571 45.3016 0 1 0 0 -0.994571 0 -0.104058 83.5341
-0.100993 0 0.994887 45.9903 0 1 0 0 -0.994887 0 -0.100993 83.4621
-0.0943306 0 0.995541 46.6238 0 1 0 0 -0.995541 0 -0.0943306 83.3852
-0.0866191 0 0.996242 47.2383 0 1 0 0 -0.996242 0 -0.0866191 83.3474
-0.0750456 0 0.99718 47.8851 0 1 0 0 -0.99718 0 -0.0750456 83.3067
-0.0618745 0 0.998084 48.4729 0 1 0 0 -0.998084 0 -0.0618745 83.2997
-0.0443905 0 0.999014 49.0518 0 1 0 0 -0.999014 0 -0.0443905 83.2902
-0.023228 0 0.99973 49.5906 0 1 0 0 -0.99973 0 -0.023228 83.3004
0.00200426 0 0.999998 50.1271 0 1 0 0 -0.999998 0 0.00200426 83.3169
0.0297581 0 0.999557 50.655 0 1 0 0 -0.999557 0 0.0297581 83.3696
0.0630537 0 0.99801 51.1521 0 1 0 0 -0.99801 0 0.0630537 83.4268
0.100438 0 0.994943 51.6325 0 1 0 0 -0.994943 0 0.100438 83.5133
0.142338 0 0.989818 52.1033 0 1 0 0 -0.989818 0 0.142338 83.6195
0.187458 0 0.982273 52.5858 0 1 0 0 -0.982273 0 0.187458 83.7589
0.234636 0 0.972083 53.0561 0 1 0 0 -0.972083 0 0.234636 83.932
0.286125 0 0.958192 53.5305 0 1 0 0 -0.958192 0 0.286125 84.1271
0.340116 0 0.940383 53.9686 0 1 0 0 -0.940383 0 0.340116 84.351
0.404514 0 0.914532 54.4505 0 1 0 0 -0.914532 0 0.404514 84.5691
0.461645 0 0.887065 54.8715 0 1 0 0 -0.887065 0 0.461645 84.8614
0.520043 0 0.85414 55.2913 0 1 0 0 -0.85414 0 0.520043 85.2417
0.576167 0 0.817332 55.6559 0 1 0 0 -0.817332 0 0.576167 85.5718
0.629807 0 0.776752 55.9297 0 1 0 0 -0.776752 0 0.629807 85.9382
0.683339 0 0.730102 56.224 0 1 0 0 -0.730102 0 0.683339 86.2315
0.731308 0 0.682047 56.4578 0 1 0 0 -0.682047 0 0.731308 86.5832
0.775243 0 0.631663 56.6537 0 1 0 0 -0.631663 0 0.775243 86.9176
0.815605 0 0.57861 56.8423 0 1 0 0 -0.57861 0 0.815605 87.2984
0.852043 0 0.523472 57.0188 0 1 0 0 -0.523472 0 0.852043 87.6644
0.882604 0 0.470117 57.1726 0 1 0 0 -0.470117 0 0.882604 88.0781
0.907958 0 0.419061 57.3123 0 1 0 0 -0.419061 0 0.907958 88.4849
0.927654 0 0.373441 57.4198 0 1 0 0 -0.373441 0 0.927654 88.9113
0.942948 0 0.332941 57.5305 0 1 0 0 -0.332941 0 0.942948 89.3325
0.954471 0 0.298304 57.6134 0 1 0 0 -0.298304 0 0.954471 89.7868
0.963628 0 0.267245 57.7074 0 1 0 0 -0.267245 0 0.963628 90.2352
0.969464 0 0.245233 57.8033 0 1 0 0 -0.245233 0 0.969464 90.6949
0.973229 0 0.229838 57.8989 0 1 0 0 -0.229838 0 0.973229 91.1713
0.976114 0 0.217259 57.9823 0 1 0 0 -0.217259 0 0.976114 91.6592
0.978198 0 0.207677 58.0698 0 1 0 0 -0.207677 0 0.978198 92.1402
0.979553 0 0.201186 58.1594 0 1 0 0 -0.201186 0 0.979553 92.6462
0.980068 0 0.19866 58.242 0 1 0 0 -0.19866 0 0.980068 93.1558
0.980175 0 0.198136 58.3405 0 1 0 0 -0.198136 0 0.980175 93.6831
0.979685 0 0.200541 58.4484 0 1 0 0 -0.200541 0 0.979685 94.2133
0.978925 0 0.204221 58.5726 0 1 0 0 -0.204221 0 0.978925 94.745
0.977786 0 0.209605 58.6778 0 1 0 0 -0.209605 0 0.977786 95.2823
0.97706 0 0.212964 58.7965 0 1 0 0 -0.212964 0 0.97706 95.7984
0.975786 0 0.218727 58.8963 0 1 0 0 -0.218727 0 0.975786 96.2862
0.974698 0 0.223524 59.0213 0 1 0 0 -0.223524 0 0.974698 96.8287
0.973861 0 0.227143 59.148 0 1 0 0 -0.227143 0 0.973861 97.3635
0.972937 0 0.231073 59.2764 0 1 0 0 -0.231073 0 0.972937 97.9301
0.97251 0 0.232862 59.4241 0 1 0 0 -0.232862 0 0.97251 98.4985
0.972058 0 0.234743 59.5744 0 1 0 0 -0.234743 0 0.972058 99.1298
0.972362 0 0.233477 59.7267 0 1 0 0 -0.233477 0 0.972362 99.7444
0.972612 0 0.232435 59.8886 0 1 0 0 -0.232435 0 0.972612 100.408
0.973118 0 0.230306 60.0247 0 1 0 0 -0.230306 0 0.973118 101.054
0.973765 0 0.227556 60.179 0 1 0 0 -0.227556 0 0.973765 101.714
0.974114 0 0.226058 60.3131 0 1 0 0 -0.226058 0 0.974114 102.276
0.974735 0 0.223366 60.4582 0 1 0 0 -0.223366 0 0.974735 102.957
0.975327 0 0.220763 60.6103 0 1 0 0 -0.220763 0 0.975327 103.612
0.97572 0 0.219021 60.7531 0 1 0 0 -0.219021 0 0.97572 104.321
0.976662 0 0.214781 60.9001 0 1 0 0 -0.214781 0 0.976662 105.022
0.977469 0 0.211079 61.0531 0 1 0 0 -0.211079 0 0.977469 105.72
0.978314 0 0.207127 61.1981 0 1 0 0 -0.207127 0 0.978314 106.42
0.978977 0 0.203973 61.3383 0 1 0 0 -0.203973 0 0.978977 107.146
0.979194 0 0.202928 61.476 0 1 0 0 -0.202928 0 0.979194 107.881
0.979819 0 0.199887 61.6637 0 1 0 0 -0.199887 0 0.979819 108.589
0.979821 0 0.199877 61.8092 0 1 0 0 -0.199877 0 0.979821 109.346
0.980216 0 0.197931 61.9733 0 1 0 0 -0.197931 0 0.980216 110.07
0.979657 0 0.200679 62.0828 0 1 0 0 -0.200679 0 0.979657 110.866
0.979725 0 0.200346 62.2453 0 1 0 0 -0.200346 0 0.979725 111.636
0.979352 0 0.202162 62.3802 0 1 0 0 -0.202162 0 0.979352 112.43
0.978874 0 0.204463 62.5358 0 1 0 0 -0.204463 0 0.978874 113.189
0.978002 0 0.208594 62.6811 0 1 0 0 -0.208594 0 0.978002 113.998
0.97779 0 0.209587 62.874 0 1 0 0 -0.209587 0 0.97779 114.783
0.976953 0 0.213455 63.0272 0 1 0 0 -0.213455 0 0.976953 115.651
0.97694 0 0.213514 63.2278 0 1 0 0 -0.213514 0 0.97694 116.456
0.976399 0 0.215976 63.3848 0 1 0 0 -0.215976 0 0.976399 117.306
0.975324 0 0.220778 63.5043 0 1 0 0 -0.220778 0 0.975324 118.025
0.97533 0 0.220751 63.7087 0 1 0 0 -0.220751 0 0.97533 118.857
0.974941 0 0.222463 63.8658 0 1 0 0 -0.222463 0 0.974941 119.629
0.974993 0 0.222236 64.0649 0 1 0 0 -0.222236 0 0.974993 120.471
0.974212 0 0.225633 64.2215 0 1 0 0 -0.225633 0 0.974212 121.325
0.97442 0 0.224737 64.4448 0 1 0 0 -0.224737 0 0.97442 122.186
0.974316 0 0.225185 64.6241 0 1 0 0 -0.225185 0 0.974316 122.974
0.974551 0 0.224165 64.7982 0 1 0 0 -0.224165 0 0.974551 123.725
0.974906 0 0.222618 64.9597 0 1 0 0 -0.222618 0 0.974906 124.434
0.975025 0 0.222093 65.123 0 1 0 0 -0.222093 0 0.975025 125.231
0.975053 0 0.221971 65.2923 0 1 0 0 -0.221971 0 0.975053 126.035
0.975344 0 0.220689 65.4548 0 1 0 0 -0.220689 0 0.975344 126.875
0.975284 0 0.220954 65.6291 0 1 0 0 -0.220954 0 0.975284 127.704
0.975608 0 0.21952 65.8196 0 1 0 0 -0.21952 0 0.975608 128.466
0.97564 0 0.219376 65.9613 0 1 0 0 -0.219376 0 0.97564 129.256
0.976256 0 0.216619 66.1351 0 1 0 0 -0.216619 0 0.976256 130.059
0.977395 0 0.211422 66.306 0 1 0 0 -0.211422 0 0.977395 130.855
0.977725 0 0.209891 66.4443 0 1 0 0 -0.209891 0 0.977725 131.681
0.978188 0 0.207721 66.6007 0 1 0 0 -0.207721 0 0.978188 132.465
0.978291 0 0.207235 66.7371 0 1 0 0 -0.207235 0 0.978291 133.236
0.978728 0 0.205161 66.9268 0 1 0 0 -0.205161 0 0.978728 134.075
0.979277 0 0.202526 67.0993 0 1 0 0 -0.202526 0 0.979277 134.872
0.979636 0 0.200783 67.238 0 1 0 0 -0.200783 0 0.979636 135.627
0.980657 0 0.195733 67.4082 0 1 0 0 -0.195733 0 0.980657 136.433
0.981803 0 0.189901 67.5302 0 1 0 0 -0.189901 0 0.981803 137.151
0.983137 0 0.18287 67.6469 0 1 0 0 -0.18287 0 0.983137 137.836
0.984114 0 0.177539 67.7483 0 1 0 0 -0.177539 0 0.984114 138.499
0.984749 0 0.173981 67.857 0 1 0 0 -0.173981 0 0.984749 139.209
0.985581 0 0.169203 67.9839 0 1 0 0 -0.169203 0 0.985581 139.942
0.986201 0 0.165551 68.0831 0 1 0 0 -0.165551 0 0.986201 140.718
0.987375 0 0.158403 68.2032 0 1 0 0 -0.158403 0 0.987375 141.495
0.988308 0 0.152468 68.3201 0 1 0 0 -0.152468 0 0.988308 142.275
0.989199 0 0.146581 68.4096 0 1 0 0 -0.146581 0 0.989199 143.028
0.990336 0 0.138691 68.5033 0 1 0 0 -0.138691 0 0.990336 143.779
0.991294 0 0.131664 68.5682 0 1 0 0 -0.131664 0 0.991294 144.543
0.99261 0 0.12135 68.6542 0 1 0 0 -0.12135 0 0.99261 145.301
0.993527 0 0.113595 68.7127 0 1 0 0 -0.113595 0 0.993527 146.021
0.994442 0 0.105283 68.7854 0 1 0 0 -0.105283 0 0.994442 146.765
0.995208 0 0.0977846 68.837 0 1 0 0 -0.0977846 0 0.995208 147.5
0.996007 0 0.0892805 68.8903 0 1 0 0 -0.0892805 0 0.996007 148.26
0.996618 0 0.0821695 68.9352 0 1 0 0 -0.0821695 0 0.996618 149.03
0.997163 0 0.075268 68.9948 0 1 0 0 -0.075268 0 0.997163 149.825
0.997422 0 0.0717555 69.0299 0 1 0 0 -0.0717555 0 0.997422 150.627
0.997777 0 0.0666434 69.0816 0 1 0 0 -0.0666434 0 0.997777 151.437
0.997973 0 0.0636361 69.1041 0 1 0 0 -0.0636361 0 0.997973 152.251
0.998147 0 0.0608509 69.1379 0 1 0 0 -0.0608509 0 0.998147 153.028
0.998346 0 0.0574864 69.1738 0 1 0 0 -0.0574864 0 0.998346 153.818
0.998482 0 0.0550774 69.2108 0 1 0 0 -0.0550774 0 0.998482 154.571
0.998673 0 0.0514981 69.2413 0 1 0 0 -0.0514981 0 0.998673 155.379
0.998502 0 0.0547213 69.1124 0 1 0 0 -0.0547213 0 0.998502 156.206
0.998962 0 0.045553 69.2394 0 1 0 0 -0.045553 0 0.998962 157.042
0.9992 0 0.040002 69.2463 0 1 0 0 -0.040002 0 0.9992 157.865
0.999486 0 0.0320597 69.2722 0 1 0 0 -0.0320597 0 0.999486 158.706
0.999692 0 0.0248 69.2807 0 1 0 0 -0.0248 0 0.999692 159.494
0.99986 0 0.0167118 69.3034 0 1 0 0 -0.0167118 0 0.99986 160.329
0.99994 0 0.0109871 69.3192 0 1 0 0 -0.0109871 0 0.99994 161.135
0.999987 0 0.00506639 69.3115 0 1 0 0 -0.00506639 0 0.999987 161.984
0.999999 0 -0.00140301 69.3136 0 1 0 0 0.00140301 0 0.999999 162.819
0.999965 0 -0.0083425 69.3016 0 1 0 0 0.0083425 0 0.999965 163.671
0.999896 0 -0.014435 69.2957 0 1 0 0 0.014435 0 0.999896 164.265
0.999772 0 -0.0213391 69.2873 0 1 0 0 0.0213391 0 0.999772 165.077
0.999653 0 -0.0263278 69.239 0 1 0 0 0.0263278 0 0.999653 165.764
0.999524 0 -0.0308474 69.2029 0 1 0 0 0.0308474 0 0.999524 166.535
0.999393 0 -0.0348469 69.1972 0 1 0 0 0.0348469 0 0.999393 166.8
0.999331 0 -0.0365762 69.1526 0 1 0 0 0.0365762 0 0.999331 167.658
0.999236 0 -0.0390736 69.115 0 1 0 0 0.0390736 0 0.999236 168.157
0.999162 0 -0.0409419 69.0686 0 1 0 0 0.0409419 0 0.999162 169.015
0.999049 0 -0.0435998 69.0689 0 1 0 0 0.0435998 0 0.999049 169.209
0.999047 0 -0.0436386 69.0447 0 1 0 0 0.0436386 0 0.999047 169.687
0.999035 0 -0.043911 69.0205 0 1 0 0 0.043911 0 0.999035 170.211
0.998975 0 -0.0452666 68.9843 0 1 0 0 0.0452666 0 0.998975 170.888
0.998886 0 -0.0471913 68.9488 0 1 0 0 0.0471913 0 0.998886 171.588
0.998789 0 -0.0491994 68.9303 0 1 0 0 0.0491994 0 0.998789 172.11
0.998603 0 -0.0528322 68.9193 0 1 0 0 0.0528322 0 0.998603 172.864
0.998544 0 -0.053946 68.8744 0 1 0 0 0.053946 0 0.998544 173.499
0.998479 0 -0.0551279 68.8282 0 1 0 0 0.0551279 0 0.998479 174.256
0.998371 0 -0.0570524 68.7981 0 1 0 0 0.0570524 0 0.998371 174.768
0.998402 0 -0.0565107 68.7396 0 1 0 0 0.0565107 0 0.998402 175.563
0.998334 0 -0.0577009 68.7069 0 1 0 0 0.0577009 0 0.998334 176.282
0.998312 0 -0.0580826 68.6448 0 1 0 0 0.0580826 0 0.998312 177.117
0.998223 0 -0.0595865 68.5947 0 1 0 0 0.0595865 0 0.998223 177.895
0.99817 0 -0.0604647 68.5559 0 1 0 0 0.0604647 0 0.99817 178.729
0.998163 0 -0.0605847 68.4891 0 1 0 0 0.0605847 0 0.998163 179.539
0.99815 0 -0.060803 68.4317 0 1 0 0 0.060803 0 0.99815 180.376
0.998058 0 -0.0622945 68.3929 0 1 0 0 0.0622945 0 0.998058 181.186
0.998035 0 -0.0626539 68.3323 0 1 0 0 0.0626539 0 0.998035 181.969
0.99791 0 -0.0646184 68.2809 0 1 0 0 0.0646184 0 0.99791 182.764
0.997788 0 -0.0664765 68.2342 0 1 0 0 0.0664765 0 0.997788 183.376
0.997657 0 -0.0684186 68.2133 0 1 0 0 0.0684186 0 0.997657 183.703
0.997636 0 -0.0687156 68.1646 0 1 0 0 0.0687156 0 0.997636 184.435
0.997586 0 -0.0694376 68.1128 0 1 0 0 0.0694376 0 0.997586 185.007
0.997648 0 -0.068547 68.0603 0 1 0 0 0.068547 0 0.997648 185.743
0.997682 0 -0.0680489 68.0166 0 1 0 0 0.0680489 0 0.997682 186.24
0.997777 0 -0.0666396 67.9965 0 1 0 0 0.0666396 0 0.997777 186.938
0.997849 0 -0.0655541 67.9585 0 1 0 0 0.0655541 0 0.997849 187.495
0.998208 0 -0.0598472 67.9158 0 1 0 0 0.0598472 0 0.998208 188.153
0.998474 0 -0.0552173 67.893 0 1 0 0 0.0552173 0 0.998474 188.416
0.99882 0 -0.04857 67.8739 0 1 0 0 0.04857 0 0.99882 188.864
0.999041 0 -0.0437918 67.8565 0 1 0 0 0.0437918 0 0.999041 189.319
0.999314 0 -0.0370408 67.8428 0 1 0 0 0.0370408 0 0.999314 189.542
0.999546 0 -0.0301414 67.8321 0 1 0 0 0.0301414 0 0.999546 190.061
0.999743 0 -0.0226548 67.8254 0 1 0 0 0.0226548 0 0.999743 190.511
0.999879 0 -0.0155827 67.814 0 1 0 0 0.0155827 0 0.999879 191.081
0.999971 0 -0.00759291 67.8074 0 1 0 0 0.00759291 0 0.999971 191.591
0.999997 0 -0.0025044 67.8192 0 1 0 0 0.0025044 0 0.999997 192.044
0.999992 0 0.00404132 67.8261 0 1 0 0 -0.00404132 0 0.999992 192.595
0.999957 0 0.0093081 67.8429 0 1 0 0 -0.0093081 0 0.999957 193.125
0.999914 0 0.0131236 67.8487 0 1 0 0 -0.0131236 0 0.999914 193.706
0.999883 0 0.0152684 67.8368 0 1 0 0 -0.0152684 0 0.999883 194.284
0.999899 0 0.0141813 67.8533 0 1 0 0 -0.0141813 0 0.999899 194.885
0.999921 0 0.0125784 67.8694 0 1 0 0 -0.0125784 0 0.999921 195.489
0.999919 0 0.0127319 67.8727 0 1 0 0 -0.0127319 0 0.999919 196.108
0.999924 0 0.0122887 67.8696 0 1 0 0 -0.0122887 0 0.999924 196.735
0.999932 0 0.0116997 67.8582 0 1 0 0 -0.0116997 0 0.999932 197.369
0.999951 0 0.00992948 67.8614 0 1 0 0 -0.00992948 0 0.999951 197.982
0.99998 0 0.00635192 67.8698 0 1 0 0 -0.00635192 0 0.99998 198.571
0.999996 0 0.00294558 67.8607 0 1 0 0 -0.00294558 0 0.999996 199.158
0.999999 0 -0.00119368 67.8472 0 1 0 0 0.00119368 0 0.999999 199.57
0.999983 0 -0.00579961 67.8498 0 1 0 0 0.00579961 0 0.999983 200.076
0.999948 0 -0.0102137 67.8472 0 1 0 0 0.0102137 0 0.999948 200.615
0.99992 0 -0.0126356 67.8373 0 1 0 0 0.0126356 0 0.99992 201.218
0.999897 0 -0.0143213 67.8053 0 1 0 0 0.0143213 0 0.999897 201.845
0.99983 0 -0.018413 67.7874 0 1 0 0 0.018413 0 0.99983 202.507
0.999791 0 -0.0204517 67.7836 0 1 0 0 0.0204517 0 0.999791 203.179
0.999766 0 -0.0216259 67.7767 0 1 0 0 0.0216259 0 0.999766 203.868
0.999734 0 -0.0230434 67.7655 0 1 0 0 0.0230434 0 0.999734 204.562
0.999684 0 -0.0251336 67.7557 0 1 0 0 0.0251336 0 0.999684 205.261
0.999636 0 -0.0269934 67.7551 0 1 0 0 0.0269934 0 0.999636 205.963
0.999638 0 -0.0269078 67.723 0 1 0 0 0.0269078 0 0.999638 206.663
0.999599 0 -0.0283081 67.7196 0 1 0 0 0.0283081 0 0.999599 207.343
0.999581 0 -0.028937 67.6976 0 1 0 0 0.028937 0 0.999581 208.025
0.999567 0 -0.0294104 67.6735 0 1 0 0 0.0294104 0 0.999567 208.72
0.999573 0 -0.0292291 67.6403 0 1 0 0 0.0292291 0 0.999573 209.43
0.999552 0 -0.029938 67.6255 0 1 0 0 0.029938 0 0.999552 210.145
0.999583 0 -0.0288665 67.6105 0 1 0 0 0.0288665 0 0.999583 210.343
0.999568 0 -0.0294023 67.6011 0 1 0 0 0.0294023 0 0.999568 211.074
0.999565 0 -0.029492 67.5889 0 1 0 0 0.029492 0 0.999565 211.494
0.999594 0 -0.0284876 67.5662 0 1 0 0 0.0284876 0 0.999594 212.128
0.999546 0 -0.0301367 67.5636 0 1 0 0 0.0301367 0 0.999546 212.567
0.99956 0 -0.0296782 67.5367 0 1 0 0 0.0296782 0 0.99956 213.174
0.999484 0 -0.032107 67.5401 0 1 0 0 0.032107 0 0.999484 213.694
0.999443 0 -0.0333652 67.5272 0 1 0 0 0.0333652 0 0.999443 214.308
0.999372 0 -0.0354313 67.4895 0 1 0 0 0.0354313 0 0.999372 214.84
0.999093 0 -0.0425872 67.5102 0 1 0 0 0.0425872 0 0.999093 215.518
0.998759 0 -0.0498121 67.4637 0 1 0 0 0.0498121 0 0.998759 216.08
0.998127 0 -0.0611724 67.4598 0 1 0 0 0.0611724 0 0.998127 216.186
0.997159 0 -0.07533 67.4266 0 1 0 0 0.07533 0 0.997159 216.584
0.995541 0 -0.0943313 67.3836 0 1 0 0 0.0943313 0 0.995541 216.882
0.993208 0 -0.116354 67.3228 0 1 0 0 0.116354 0 0.993208 217.318
0.990025 0 -0.140893 67.2545 0 1 0 0 0.140893 0 0.990025 217.642
0.985705 0 -0.16848 67.1648 0 1 0 0 0.16848 0 0.985705 218.031
0.979777 0 -0.200091 67.0614 0 1 0 0 0.200091 0 0.979777 218.399
0.971862 0 -0.23555 66.9111 0 1 0 0 0.23555 0 0.971862 218.856
0.961281 0 -0.275571 66.782 0 1 0 0 0.275571 0 0.961281 219.201
0.948262 0 -0.317489 66.6012 0 1 0 0 0.317489 0 0.948262 219.574
0.93209 0 -0.362227 66.4311 0 1 0 0 0.362227 0 0.93209 219.909
0.913134 0 -0.407659 66.223 0 1 0 0 0.407659 0 0.913134 220.231
0.890405 0 -0.455168 65.9955 0 1 0 0 0.455168 0 0.890405 220.535
0.864714 0 -0.502265 65.751 0 1 0 0 0.502265 0 0.864714 220.811
0.833983 0 -0.55179 65.5133 0 1 0 0 0.55179 0 0.833983 221.092
0.801795 0 -0.597599 65.2275 0 1 0 0 0.597599 0 0.801795 221.329
0.764777 0 -0.644295 64.9555 0 1 0 0 0.644295 0 0.764777 221.59
0.727122 0 -0.686508 64.6449 0 1 0 0 0.686508 0 0.727122 221.814
0.687826 0 -0.725875 64.3195 0 1 0 0 0.725875 0 0.687826 222.036
0.64696 0 -0.762524 63.9505 0 1 0 0 0.762524 0 0.64696 222.238
0.603291 0 -0.797521 63.5793 0 1 0 0 0.797521 0 0.603291 222.445
0.558065 0 -0.829797 63.1579 0 1 0 0 0.829797 0 0.558065 222.628
0.510251 0 -0.860026 62.7342 0 1 0 0 0.860026 0 0.510251 222.797
0.459586 0 -0.888133 62.2926 0 1 0 0 0.888133 0 0.459586 222.967
0.407204 0 -0.913337 61.8468 0 1 0 0 0.913337 0 0.407204 223.095
0.354503 0 -0.935055 61.3632 0 1 0 0 0.935055 0 0.354503 223.195
0.303878 0 -0.952711 60.9149 0 1 0 0 0.952711 0 0.303878 223.281
0.25551 0 -0.966806 60.4292 0 1 0 0 0.966806 0 0.25551 223.332
0.209046 0 -0.977906 59.9547 0 1 0 0 0.977906 0 0.209046 223.39
0.167318 0 -0.985903 59.4842 0 1 0 0 0.985903 0 0.167318 223.378
0.126415 0 -0.991977 58.9589 0 1 0 0 0.991977 0 0.126415 223.42
0.0909227 0 -0.995858 58.4235 0 1 0 0 0.995858 0 0.0909227 223.471
0.0623858 0 -0.998052 57.8535 0 1 0 0 0.998052 0 0.0623858 223.411
0.0369342 0 -0.999318 57.3889 0 1 0 0 0.999318 0 0.0369342 223.414
0.0145875 0 -0.999894 56.827 0 1 0 0 0.999894 0 0.0145875 223.39
-0.00369667 -0 -0.999993 56.3407 0 1 -0 0 0.999993 0 -0.00369667 223.352
-0.0178919 -0 -0.99984 55.8871 0 1 -0 0 0.99984 0 -0.0178919 223.313
-0.0284674 -0 -0.999595 55.3788 0 1 -0 0 0.999595 0 -0.0284674 223.292
-0.0342973 -0 -0.999412 54.8948 0 1 -0 0 0.999412 0 -0.0342973 223.259
-0.0396397 -0 -0.999214 54.3443 0 1 -0 0 0.999214 0 -0.0396397 223.256
-0.0411154 -0 -0.999154 53.8065 0 1 -0 0 0.999154 0 -0.0411154 223.222
-0.0438972 -0 -0.999036 53.2353 0 1 -0 0 0.999036 0 -0.0438972 223.215
-0.0443213 -0 -0.999017 52.6405 0 1 -0 0 0.999017 0 -0.0443213 223.185
-0.0441926 -0 -0.999023 52.0185 0 1 -0 0 0.999023 0 -0.0441926 223.165
-0.0448472 -0 -0.998994 51.3739 0 1 -0 0 0.998994 0 -0.0448472 223.16
-0.0438358 -0 -0.999039 50.7225 0 1 -0 0 0.999039 0 -0.0438358 223.127
-0.0415179 -0 -0.999138 50.0446 0 1 -0 0 0.999138 0 -0.0415179 223.088
-0.0399238 -0 -0.999203 49.388 0 1 -0 0 0.999203 0 -0.0399238 223.053
-0.0395386 -0 -0.999218 48.6644 0 1 -0 0 0.999218 0 -0.0395386 223.041
-0.0387238 -0 -0.99925 47.9629 0 1 -0 0 0.99925 0 -0.0387238 223.017
-0.0363289 -0 -0.99934 47.2226 0 1 -0 0 0.99934 0 -0.0363289 222.971
-0.0350783 -0 -0.999385 46.5096 0 1 -0 0 0.999385 0 -0.0350783 222.961
-0.0337099 -0 -0.999432 45.7322 0 1 -0 0 0.999432 0 -0.0337099 222.928
-0.0290614 -0 -0.999578 44.9708 0 1 -0 0 0.999578 0 -0.0290614 222.864
-0.0307491 -0 -0.999527 44.5485 0 1 -0 0 0.999527 0 -0.0307491 222.879
-0.0291744 -0 -0.999574 43.7474 0 1 -0 0 0.999574 0 -0.0291744 222.849
-0.0287442 -0 -0.999587 43.1051 0 1 -0 0 0.999587 0 -0.0287442 222.826
-0.0270644 -0 -0.999634 42.2821 0 1 -0 0 0.999634 0 -0.0270644 222.753
-0.0292834 -0 -0.999571 41.5597 0 1 -0 0 0.999571 0 -0.0292834 222.739
-0.0298491 -0 -0.999554 40.708 0 1 -0 0 0.999554 0 -0.0298491 222.696
-0.0322651 -0 -0.999479 39.9146 0 1 -0 0 0.999479 0 -0.0322651 222.663
-0.0360088 -0 -0.999351 39.0484 0 1 -0 0 0.999351 0 -0.0360088 222.63
-0.0390694 -0 -0.999236 38.1943 0 1 -0 0 0.999236 0 -0.0390694 222.594
-0.039755 -0 -0.999209 37.2874 0 1 -0 0 0.999209 0 -0.039755 222.528
-0.0405145 -0 -0.999179 36.3795 0 1 -0 0 0.999179 0 -0.0405145 222.447
-0.0481315 -0 -0.998841 35.4126 0 1 -0 0 0.998841 0 -0.0481315 222.474
-0.0464939 -0 -0.998919 34.4515 0 1 -0 0 0.998919 0 -0.0464939 222.325
