0.999998 0.00107552 0.00176497 -0.00860999 -0.00106785 0.99999 -0.00434116 -0.00748579 -0.00176962 0.00433927 0.999989 0.961861
0.999996 -0.00138083 0.00239794 -0.00453264 0.00139375 0.999984 -0.00539203 -0.00412931 -0.00239045 0.00539535 0.999983 1.92517
0.999996 -0.00207537 0.00201344 0.00196422 0.00207851 0.999997 -0.0015584 -0.00228292 -0.0020102 0.00156258 0.999997 2.8889
0.999996 -0.00236504 0.00143521 0.00260102 0.00235816 0.999986 0.0047748 -0.0076499 -0.00144648 -0.00477139 0.999988 3.84975
0.999997 -0.00227914 0.00116072 -0.010107 0.0022738 0.999987 0.00457996 -0.000233299 -0.00117115 -0.0045773 0.999989 4.80831
0.999996 0.00135207 0.00234373 -0.0496154 -0.00135662 0.999997 0.00194041 -0.00552658 -0.0023411 -0.00194358 0.999995 5.7402
0.999998 -0.000630801 0.00182751 -0.0524877 0.00063406 0.999998 -0.00178298 -0.000140288 -0.00182638 0.00178414 0.999997 6.67772
1 0.000249177 0.000710098 -0.0523576 -0.000247382 0.999997 -0.00252731 0.00213736 -0.000710726 0.00252714 0.999997 7.6077
0.999999 -0.000650814 -0.00103112 -0.0487874 0.000650226 1 -0.000570857 0.000594326 0.0010315 0.000570186 0.999999 8.53716
0.999998 0.000433579 -0.00176782 -0.0519025 -0.000429072 0.999997 0.00254875 -0.00014326 0.00176892 -0.00254799 0.999995 9.46766
0.999994 -0.00107005 -0.00336425 -0.047896 0.00108259 0.999992 0.00372815 0.00626388 0.00336024 -0.00373177 0.999987 10.3908
0.999996 -0.000358482 -0.00292487 -0.0662595 0.000369462 0.999993 0.0037545 0.0210364 0.0029235 -0.00375557 0.999989 11.3412
0.999992 -0.000495591 -0.00386586 -0.0712623 0.000508689 0.999994 0.00338789 0.027531 0.00386416 -0.00338983 0.999987 12.2254
0.999986 0.000422471 -0.00528743 -0.058431 -0.000413042 0.999998 0.00178422 0.0374095 0.00528817 -0.00178201 0.999984 13.1354
0.999983 0.000830178 -0.0058187 -0.0780975 -0.00083238 1 -0.000376079 0.0405871 0.00581839 0.000380915 0.999983 14.0437
0.999975 -0.000470222 -0.00710022 -0.0866278 0.000461413 0.999999 -0.00124227 0.0341532 0.0071008 0.00123896 0.999974 14.9481
0.999988 -0.000233648 -0.00480968 -0.167096 0.000226265 0.999999 -0.00153555 0.0298278 0.00481003 0.00153445 0.999987 15.8454
0.999974 0.000938193 -0.00719483 -0.168437 -0.000956817 0.999996 -0.00258552 0.0309892 0.00719237 0.00259233 0.999971 16.7425
0.999959 0.00105103 -0.00903469 -0.179124 -0.00107337 0.999996 -0.00246839 0.027872 0.00903206 0.00247799 0.999956 17.6344
0.999949 -0.00083731 -0.0100873 -0.200522 0.00081753 0.999998 -0.00196475 0.0320731 0.010089 0.00195641 0.999947 18.5263
0.999924 -0.00092129 -0.0122778 -0.211359 0.000911136 0.999999 -0.000832608 0.0350573 0.0122785 0.000821358 0.999924 19.4139
0.999931 0.000220549 -0.0117677 -0.25432 -0.000212119 1 0.000717603 0.0221197 0.0117678 -0.000715057 0.999931 20.2936
0.999957 0.0010253 -0.00924489 -0.309317 -0.00102263 0.999999 0.000293807 0.0219433 0.00924519 -0.000284341 0.999957 21.1662
0.999946 -0.000377474 -0.0103977 -0.328071 0.000369931 1 -0.000727355 0.0299548 0.010398 0.000723469 0.999946 22.0352
0.999925 0.000734879 -0.0122341 -0.334704 -0.000741412 1 -0.000529453 0.0316074 0.0122337 0.000538484 0.999925 22.8984
0.999952 -0.000600532 -0.00976117 -0.388631 0.000614917 0.999999 0.00147076 0.0332034 0.00976028 -0.00147669 0.999951 23.7538
0.999941 -0.00197578 -0.0106423 -0.399711 0.00201859 0.99999 0.00401345 0.0361848 0.0106343 -0.0040347 0.999935 24.6116
0.99991 0.000430782 -0.0134455 -0.393025 -0.000349021 0.999981 0.00608267 0.0321343 0.0134479 -0.00607743 0.999891 25.4385
0.99991 0.000284722 -0.0133879 -0.419359 -0.000221273 0.999989 0.00474053 0.0366339 0.0133891 -0.00473714 0.999899 26.2624
0.999895 0.00137793 -0.0144568 -0.439474 -0.00134786 0.999997 0.00208996 0.0384427 0.0144596 -0.00207025 0.999893 27.0766
0.999886 0.00130235 -0.0150157 -0.461699 -0.0012996 0.999999 0.000192961 0.0430234 0.0150159 -0.000173425 0.999887 27.8732
0.999864 -0.000671771 -0.0164591 -0.469457 0.000669163 1 -0.000163965 0.0406805 0.0164592 0.000152929 0.999865 28.6661
0.999856 0.00173146 -0.0169026 -0.500928 -0.0017425 0.999998 -0.000638349 0.0404608 0.0169014 0.00066771 0.999857 29.451
0.999832 -0.00018603 -0.018322 -0.525052 0.00015919 0.999999 -0.00146639 0.0378798 0.0183223 0.00146322 0.999831 30.2229
0.999738 -0.00111002 -0.0228815 -0.518509 0.00105831 0.999997 -0.00227173 0.0504506 0.0228839 0.00224692 0.999736 30.9898
0.99968 -0.000377075 -0.0252905 -0.539658 0.000336723 0.999999 -0.00159976 0.054905 0.0252911 0.00159073 0.999679 31.75
0.999636 -8.15468e-005 -0.0269674 -0.566448 0.000101969 1 0.000755937 0.0540626 0.0269673 -0.000758412 0.999636 32.4942
0.999535 -0.000205939 -0.0304922 -0.572864 0.000292251 0.999996 0.00282619 0.0452262 0.0304915 -0.00283379 0.999531 33.2323
0.999437 0.00114552 -0.0335463 -0.5906 -0.0010374 0.999994 0.00324022 0.0461268 0.0335498 -0.00320359 0.999432 33.9604
0.999335 0.00197622 -0.0364196 -0.615618 -0.00187051 0.999994 0.00293645 0.040265 0.0364252 -0.00286638 0.999332 34.7024
0.99923 0.00120213 -0.0392262 -0.636967 -0.00112794 0.999998 0.00191355 0.045643 0.0392284 -0.00186784 0.999229 35.3927
0.99918 0.000692343 -0.0404814 -0.672918 -0.000560145 0.999994 0.00327691 0.046467 0.0404834 -0.00325155 0.999175 36.0854
0.99911 0.00167106 -0.0421364 -0.698656 -0.0014778 0.999988 0.00461737 0.0566416 0.0421436 -0.00455099 0.999101 36.7734
0.999035 0.0024408 -0.0438435 -0.721626 -0.00222381 0.999985 0.00499728 0.0605674 0.043855 -0.00489496 0.999026 37.45
0.999083 0.00300041 -0.0427037 -0.757656 -0.00286034 0.99999 0.00334083 0.055385 0.0427133 -0.00321562 0.999082 38.1122
0.999199 0.0032549 -0.0398909 -0.806266 -0.00324411 0.999995 0.000335192 0.0561557 0.0398918 -0.000205513 0.999204 38.7635
0.999284 0.000677457 -0.037818 -0.827874 -0.000744651 0.999998 -0.00176272 0.0623788 0.0378168 0.00178962 0.999283 39.4008
0.999499 0.00292691 -0.0315001 -0.887581 -0.0029631 0.999995 -0.00110215 0.0668248 0.0314967 0.00119493 0.999503 40.0355
0.999581 0.00487119 -0.0285346 -0.913847 -0.00481247 0.999986 0.00212619 0.0612656 0.0285445 -0.00198798 0.999591 40.6851
0.999694 0.00425274 -0.0243862 -0.940432 -0.00411104 0.999974 0.00585766 0.0594338 0.0244105 -0.00575561 0.999685 41.2904
0.999796 0.00579228 -0.0193744 -0.966983 -0.00565543 0.999959 0.0071106 0.0613982 0.0194148 -0.00699958 0.999787 41.8891
0.999899 0.00495747 -0.0133233 -0.988277 -0.00485669 0.999959 0.00758591 0.0654938 0.0133604 -0.00752043 0.999882 42.4739
0.999963 0.00326979 -0.00792621 -0.996229 -0.00319268 0.999948 0.00972204 0.0693638 0.00795759 -0.00969638 0.999921 43.0426
0.999985 0.00528916 -0.00173789 -0.99923 -0.00526981 0.999926 0.0109547 0.0756436 0.0017957 -0.0109453 0.999938 43.5908
0.999978 0.00415941 0.00515541 -0.999642 -0.00421424 0.999934 0.0106701 0.0791521 -0.00511069 -0.0106915 0.99993 44.118
0.999925 0.00258531 0.0119648 -0.993232 -0.00271508 0.999938 0.0108424 0.0815557 -0.0119361 -0.0108741 0.99987 44.6255
0.999795 0.00464923 0.0197033 -0.993451 -0.0048633 0.99993 0.0108309 0.0809542 -0.0196515 -0.0109245 0.999747 45.109
0.999615 0.00405399 0.0274437 -0.986552 -0.00429054 0.999954 0.00856593 0.079127 -0.0274078 -0.00868039 0.999587 45.5729
0.99936 0.00140923 0.0357392 -0.971676 -0.00161249 0.999983 0.0056589 0.0840321 -0.0357306 -0.00571291 0.999345 46.0122
0.999058 -0.00121088 0.0433693 -0.944175 0.000946081 0.999981 0.00612561 0.0885047 -0.0433759 -0.00607881 0.99904 46.4332
0.998709 -0.00166846 0.0507672 -0.915806 0.00127243 0.999969 0.0078322 0.0933638 -0.0507787 -0.0077575 0.99868 46.8298
0.998225 0.00204951 0.0595178 -0.906131 -0.00259755 0.999955 0.00913218 0.0923378 -0.0594964 -0.00927058 0.998185 47.2021
0.997004 0.00740598 0.0769972 -0.883205 -0.00811576 0.999927 0.00890935 0.0992071 -0.0769256 -0.00950755 0.996992 47.5387
0.997004 0.00740598 0.0769972 -0.86028 -0.00811576 0.999927 0.00890935 0.106076 -0.0769256 -0.00950755 0.996992 47.8754
0.996176 0.00497932 0.0872282 -0.850934 -0.00580497 0.999941 0.00921426 0.103371 -0.0871771 -0.00968538 0.996146 48.1744
0.995377 -0.00147739 0.0960313 -0.816528 0.000474453 0.999945 0.0104658 0.0977295 -0.0960415 -0.0103719 0.995323 48.4482
0.994282 -0.00234156 0.106763 -0.783296 0.00135895 0.999956 0.00927554 0.105866 -0.10678 -0.00907742 0.994241 48.7138
0.992948 -0.00268316 0.11852 -0.740277 0.00199083 0.99998 0.00595948 0.101643 -0.118533 -0.0056815 0.992934 48.9719
0.991268 0.000330096 0.131864 -0.696311 -0.000696412 0.999996 0.00273187 0.102633 -0.131863 -0.00279984 0.991264 49.2279
0.989069 0.00092631 0.147452 -0.65563 -0.00106905 0.999999 0.000888799 0.116013 -0.147451 -0.00103672 0.989069 49.4824
0.986488 0.00220065 0.163821 -0.599316 -0.00227564 0.999997 0.000270071 0.115472 -0.163819 -0.000639218 0.98649 49.7435
0.98346 0.000852247 0.181122 -0.551951 -0.000909822 1 0.000234794 0.109107 -0.181122 -0.0003957 0.983461 49.9806
0.979983 -0.000925752 0.199077 -0.483297 0.000839371 1 0.000518302 0.10519 -0.199078 -0.000340828 0.979984 50.2229
0.975848 4.08021e-006 0.218451 -0.40816 -0.00029883 0.999999 0.00131623 0.110382 -0.218451 -0.00134972 0.975847 50.4675
0.971192 0.00016568 0.238298 -0.325863 -0.000551016 0.999999 0.00155043 0.10532 -0.238297 -0.00163707 0.971191 50.6924
0.965711 0.00117637 0.259618 -0.26243 -0.00136601 0.999999 0.000550039 0.101761 -0.259617 -0.000885819 0.965711 50.9334
0.959268 0.0013435 0.282496 -0.18294 -0.00127035 0.999999 -0.000442103 0.104601 -0.282496 6.52256e-005 0.959268 51.1703
0.951762 0.00163038 0.306834 -0.0878781 -0.00158271 0.999999 -0.000404167 0.106195 -0.306834 -0.000100959 0.951763 51.4073
0.943121 0.00378824 0.332428 0.0111743 -0.00375151 0.999993 -0.000752294 0.104519 -0.332428 -0.000537603 0.943128 51.6453
0.93312 0.00279316 0.359554 0.127471 -0.00269931 0.999996 -0.000763078 0.102467 -0.359555 -0.000258506 0.933124 51.8824
0.921921 0.0008322 0.387377 0.267931 -0.000725229 1 -0.000422318 0.106299 -0.387377 0.000108407 0.921921 52.097
0.908871 -0.00189014 0.417072 0.413199 0.00187848 0.999998 0.000438386 0.110752 -0.417072 0.000385023 0.908873 52.3142
0.893164 -0.00218757 0.449725 0.545442 0.00179908 0.999998 0.00129122 0.105284 -0.449727 -0.000344183 0.893166 52.5466
0.875287 -0.00198976 0.483601 0.697242 0.00208456 0.999998 0.000341542 0.108295 -0.4836 0.000709146 0.875289 52.7667
0.855167 0.00159954 0.518351 0.850134 -0.000256488 0.999996 -0.00266266 0.107012 -0.518353 0.00214407 0.855164 52.9927
0.832729 0.00266725 0.553675 1.0233 0.000229282 0.999987 -0.00516214 0.108523 -0.553681 0.00442561 0.832717 53.2228
0.808217 0.00308475 0.588876 1.22896 0.00122411 0.999975 -0.00691831 0.109036 -0.588883 0.00631235 0.808194 53.4424
0.780995 0.00672752 0.624501 1.4408 -0.00101341 0.999954 -0.00950478 0.104461 -0.624537 0.0067903 0.780966 53.6603
0.751194 0.010383 0.659999 1.68362 -0.00184115 0.999905 -0.0136348 0.113859 -0.660079 0.00902722 0.751142 53.8787
0.7183 0.00805506 0.695687 1.94693 0.00306325 0.999887 -0.0147401 0.116441 -0.695727 0.0127188 0.718194 54.0982
0.68153 0.00571413 0.731768 2.23535 0.0048851 0.999912 -0.0123577 0.117037 -0.731774 0.0119969 0.681442 54.3133
0.641725 0.00716892 0.766901 2.54932 0.00323138 0.999922 -0.0120511 0.117397 -0.766928 0.0102117 0.641652 54.5433
0.598867 0.00774635 0.800811 2.88582 0.00371762 0.999916 -0.0124525 0.122696 -0.80084 0.0104345 0.598788 54.7585
0.552692 0.00684519 0.833357 3.24544 0.00632371 0.999903 -0.0124072 0.124097 -0.833362 0.0121272 0.552595 54.9551
0.504401 0.00733557 0.863438 3.6306 0.0055402 0.999916 -0.0117315 0.124101 -0.863451 0.010701 0.504318 55.1417
0.455649 0.0088244 0.890116 4.03513 0.00341047 0.999926 -0.0116588 0.126755 -0.890153 0.00834805 0.455585 55.3133
0.406266 0.0102393 0.913698 4.46443 0.0025889 0.99992 -0.0123566 0.128325 -0.913751 0.00738555 0.406207 55.472
0.356167 0.0141988 0.934314 4.90229 0.00340437 0.999858 -0.0164927 0.13316 -0.934416 0.0090549 0.356068 55.6243
0.30718 0.0132711 0.951559 5.36179 0.0109613 0.999787 -0.0174823 0.134985 -0.951588 0.0158005 0.306969 55.7418
0.259727 0.00478828 0.96567 5.84353 0.0140841 0.999863 -0.0087459 0.127669 -0.965579 0.0158722 0.259624 55.8285
0.214743 -0.00206235 0.976669 6.34559 0.00506813 0.999987 0.000997243 0.122437 -0.976658 0.00473574 0.21475 55.8976
0.172152 -0.00751299 0.985042 6.86975 0.000791101 0.999972 0.00748861 0.12987 -0.98507 -0.000509912 0.172153 55.9476
0.133266 -0.00681968 0.991057 7.38293 -0.00457065 0.999961 0.00749557 0.14301 -0.99107 -0.00552868 0.13323 55.9999
0.100568 -0.0141274 0.99483 7.91682 -0.00386469 0.999886 0.0145899 0.152687 -0.994923 -0.00531198 0.100502 56.0143
0.0720239 -0.0199555 0.997203 8.47011 -0.0136782 0.999686 0.0209931 0.162933 -0.997309 -0.0151519 0.0717283 56.0216
0.0467479 -0.0253978 0.998584 9.03658 -0.0203655 0.999445 0.0263731 0.180533 -0.998699 -0.0215695 0.0462047 56.0303
0.0269687 -0.0288783 0.999219 9.61446 -0.0258418 0.999228 0.029576 0.204888 -0.999302 -0.0266192 0.0262016 56.031
0.0109386 -0.0303962 0.999478 10.1972 -0.0268772 0.999168 0.0306809 0.23068 -0.999579 -0.0271988 0.0101125 56.0277
-0.00247337 -0.0298406 0.999552 10.8029 -0.0306547 0.999087 0.0297509 0.251635 -0.999527 -0.0305674 -0.00338587 56.0219
-0.0142424 -0.0303842 0.999437 11.4043 -0.0289415 0.999132 0.0299625 0.272753 -0.99948 -0.0284984 -0.0151094 56.0117
-0.0237192 -0.0337787 0.999148 12.0238 -0.0274064 0.999075 0.0331256 0.295021 -0.999343 -0.0265974 -0.024623 55.9855
-0.029856 -0.0381466 0.998826 12.654 -0.0319193 0.998798 0.0371914 0.327364 -0.999044 -0.0307714 -0.0310377 55.9559
-0.0339757 -0.0377806 0.998708 13.2931 -0.0393568 0.998561 0.0364361 0.357476 -0.998647 -0.0380681 -0.0354138 55.9373
-0.0385739 -0.0332297 0.998703 13.9471 -0.0400813 0.998694 0.0316813 0.392396 -0.998452 -0.0388073 -0.0398554 55.932
-0.0400032 -0.0327778 0.998662 14.6083 -0.0396611 0.998726 0.0311912 0.423157 -0.998412 -0.0383603 -0.0412523 55.8929
-0.0413273 -0.0338771 0.998571 15.2894 -0.0381956 0.998748 0.0323023 0.448987 -0.998415 -0.036806 -0.0425695 55.8607
-0.042552 -0.0354725 0.998464 15.9764 -0.0365186 0.998757 0.0339265 0.470903 -0.998427 -0.0350189 -0.0437945 55.8356
-0.0433965 -0.0377405 0.998345 16.6675 -0.0328689 0.998799 0.0363289 0.500864 -0.998517 -0.0312379 -0.0445849 55.8137
-0.0438252 -0.0384621 0.998299 17.3645 -0.03039 0.998848 0.0371492 0.53408 -0.998577 -0.0287102 -0.0449436 55.8047
-0.0413469 -0.0397194 0.998355 18.0671 -0.030814 0.998785 0.0384603 0.570274 -0.99867 -0.0291731 -0.0425205 55.7801
-0.0399188 -0.0389296 0.998444 18.7869 -0.0386713 0.998552 0.0373877 0.618708 -0.998454 -0.0371186 -0.0413664 55.7542
-0.036836 -0.0393491 0.998546 19.5238 -0.043299 0.998349 0.037744 0.655723 -0.998383 -0.0418457 -0.038479 55.7125
-0.0345316 -0.041057 0.99856 20.2609 -0.0450439 0.998204 0.0394847 0.709044 -0.998388 -0.0436155 -0.036319 55.7118
-0.0316802 -0.0393915 0.998722 20.9967 -0.042613 0.998368 0.0380258 0.736021 -0.998589 -0.0413538 -0.0333071 55.6959
-0.0283544 -0.0472804 0.998479 21.723 -0.0342375 0.998341 0.0463016 0.762214 -0.999011 -0.0328726 -0.0299262 55.6568
-0.0233015 -0.0490774 0.998523 22.4522 -0.0422426 0.997951 0.0480635 0.795797 -0.998836 -0.0410603 -0.0253269 55.6258
-0.020677 -0.0440811 0.998814 23.1885 -0.0482138 0.997909 0.0430431 0.844971 -0.998623 -0.0472667 -0.0227591 55.6239
-0.0194545 -0.0387764 0.999059 23.9175 -0.0469277 0.998182 0.0378286 0.892381 -0.998709 -0.0461476 -0.0212388 55.6515
-0.0163075 -0.0414198 0.999009 24.6609 -0.0424324 0.99827 0.0406965 0.916829 -0.998966 -0.0417267 -0.0180368 55.6492
-0.0122682 -0.045909 0.99887 25.4007 -0.0408907 0.998133 0.0453728 0.941345 -0.999088 -0.0402879 -0.0141226 55.6313
-0.00965629 -0.0453886 0.998923 26.1247 -0.0410676 0.998144 0.0449563 0.984128 -0.99911 -0.0405892 -0.0115024 55.6369
-0.00573408 -0.0412273 0.999133 26.8588 -0.0451157 0.998143 0.0409275 1.02129 -0.998965 -0.0448419 -0.00758343 55.642
-0.00214667 -0.040812 0.999165 27.5969 -0.0417499 0.998299 0.040687 1.0569 -0.999126 -0.0416277 -0.00384691 55.6515
0.00190344 -0.0460504 0.998937 28.3378 -0.0439891 0.997968 0.0460896 1.08829 -0.99903 -0.04403 -0.000126136 55.6468
0.00575437 -0.0520128 0.99863 29.0734 -0.0455028 0.997598 0.0522213 1.11917 -0.998948 -0.045741 0.00337382 55.6394
0.00771962 -0.052855 0.998572 29.8088 -0.0512824 0.997267 0.0531823 1.15769 -0.998654 -0.0516197 0.004988 55.6655
0.00993027 -0.0513351 0.998632 30.5431 -0.0528412 0.997259 0.0517899 1.2035 -0.998554 -0.0532832 0.00719045 55.6817
0.0135449 -0.0528644 0.99851 31.283 -0.0529555 0.997162 0.0535114 1.2444 -0.998505 -0.0536014 0.010707 55.6892
0.019174 -0.0552873 0.998286 32.0244 -0.0542054 0.996944 0.0562541 1.27471 -0.998346 -0.0551911 0.0161185 55.6611
0.0242377 -0.0588921 0.99797 32.7636 -0.0551649 0.996664 0.0601548 1.31026 -0.998183 -0.056511 0.020908 55.6492
0.0274253 -0.055118 0.998103 33.5057 -0.0574443 0.996742 0.0566213 1.35798 -0.997972 -0.0588882 0.0241698 55.6755
0.0298018 -0.0590036 0.997813 34.2495 -0.0552473 0.996633 0.0605839 1.40115 -0.998028 -0.056932 0.0264417 55.6942
0.0328417 -0.0566675 0.997853 34.9969 -0.0593201 0.996521 0.0585442 1.45282 -0.997699 -0.0611154 0.029366 55.7205
0.0353653 -0.054702 0.997876 35.741 -0.0566596 0.996785 0.0566503 1.50135 -0.997767 -0.0585427 0.0321522 55.7512
0.0385937 -0.0523271 0.997884 36.497 -0.0548618 0.997011 0.0544031 1.54836 -0.997748 -0.0568454 0.0356075 55.7792
0.0425437 -0.0498969 0.997848 37.2511 -0.0513542 0.997323 0.0520602 1.58453 -0.997774 -0.0534585 0.0398673 55.8135
0.0456148 -0.0491583 0.997749 38.0055 -0.0462326 0.997614 0.0512653 1.63214 -0.997889 -0.048467 0.0432333 55.8515
0.0483878 -0.0485642 0.997647 38.7669 -0.0469475 0.997603 0.0508391 1.67523 -0.997725 -0.049297 0.0459918 55.9016
0.0542634 -0.0436161 0.997574 39.533 -0.0471652 0.997818 0.0461924 1.71803 -0.997412 -0.0495573 0.0520879 55.9262
0.0572761 -0.0402017 0.997549 40.306 -0.0448841 0.998075 0.0428 1.76593 -0.997349 -0.0472255 0.0553614 55.9716
0.0625556 -0.0424478 0.997138 41.0844 -0.0395469 0.998205 0.0449742 1.80382 -0.997258 -0.0422471 0.0607647 55.9967
0.0653224 -0.0416976 0.996993 41.8616 -0.0412676 0.998159 0.0444502 1.84137 -0.997011 -0.0440471 0.0634813 56.0632
0.0677402 -0.038589 0.996956 42.6444 -0.0413122 0.998286 0.0414475 1.88498 -0.996847 -0.0439941 0.06603 56.1453
0.0730542 -0.0393738 0.99655 43.4369 -0.0407237 0.998269 0.0424271 1.92643 -0.996496 -0.0436827 0.0713243 56.1949
0.0779729 -0.0407477 0.996122 44.2456 -0.0395219 0.998253 0.0439285 1.96283 -0.996172 -0.0427939 0.0762263 56.2598
0.0825273 -0.0366446 0.995915 45.0216 -0.0376504 0.998496 0.0398595 2.00059 -0.995877 -0.0407861 0.0810234 56.3423
0.0881598 -0.034442 0.995511 45.812 -0.0281124 0.998918 0.0370494 2.04093 -0.99571 -0.0312524 0.0870961 56.4291
0.0951997 -0.0315698 0.994957 46.6154 -0.0293383 0.998974 0.0345044 2.08054 -0.995026 -0.0324752 0.0941758 56.5229
0.102808 -0.0272212 0.994329 47.4317 -0.0292692 0.99911 0.0303783 2.11808 -0.99427 -0.0322263 0.10192 56.6203
0.110526 -0.0241526 0.99358 48.2266 -0.0298304 0.999174 0.0276069 2.14943 -0.993425 -0.0326902 0.109714 56.7147
0.118191 -0.0254895 0.992664 49.0424 -0.0262043 0.999242 0.0287785 2.18101 -0.992645 -0.0294134 0.117434 56.815
0.125576 -0.0255556 0.991755 49.8579 -0.0287267 0.999155 0.0293837 2.21734 -0.991668 -0.0321798 0.124736 56.9256
0.133865 -0.025175 0.99068 50.6779 -0.0316358 0.999059 0.0296627 2.24867 -0.990495 -0.0353117 0.132942 57.0313
0.141288 -0.0239044 0.98968 51.4923 -0.033631 0.999015 0.0289311 2.2808 -0.989397 -0.0373715 0.140345 57.1452
0.148247 -0.0255979 0.988619 52.3148 -0.0276764 0.999166 0.0300212 2.3038 -0.988563 -0.031812 0.147414 57.2791
0.15508 -0.0254189 0.987575 53.1007 -0.0241738 0.999272 0.029516 2.32813 -0.987606 -0.0284508 0.154353 57.4094
0.160805 -0.0267557 0.986623 53.8906 -0.0181451 0.999383 0.0300591 2.3534 -0.986819 -0.0227361 0.16022 57.5411
0.164934 -0.0232457 0.986031 54.6708 -0.0221123 0.999384 0.0272593 2.3886 -0.986057 -0.0262994 0.164318 57.6947
0.173157 -0.0214977 0.98466 55.4386 -0.0198545 0.999482 0.0253128 2.41506 -0.984694 -0.023933 0.17264 57.8057
0.179652 -0.0196571 0.983534 56.2078 -0.0227884 0.999449 0.0241377 2.43495 -0.983466 -0.0267496 0.179105 57.9424
0.184595 -0.0244475 0.982511 56.9836 -0.021514 0.999351 0.0289086 2.45624 -0.982579 -0.0264741 0.183949 58.0889
0.189218 -0.0248416 0.981621 57.7285 -0.0303348 0.999055 0.0311301 2.48575 -0.981466 -0.0356676 0.188285 58.2324
0.192906 -0.0247992 0.980904 58.4787 -0.032296 0.998978 0.0316075 2.50952 -0.980686 -0.0377766 0.191908 58.3771
0.195742 -0.0221158 0.980406 59.2173 -0.0309061 0.99911 0.0287082 2.53315 -0.980168 -0.0359199 0.194884 58.5406
0.197411 -0.0205382 0.980106 59.9382 -0.0240402 0.999378 0.0257842 2.55519 -0.980026 -0.028652 0.196795 58.7075
0.199636 -0.0192394 0.979681 60.6522 -0.0198102 0.999524 0.023666 2.57286 -0.97967 -0.0241322 0.19916 58.8587
0.202817 -0.0164311 0.979079 61.358 -0.0167207 0.999655 0.0202401 2.58533 -0.979074 -0.0204759 0.202473 58.9969
0.204472 -0.0149772 0.978758 62.0498 -0.0130851 0.999752 0.0180321 2.59678 -0.978785 -0.0164942 0.204225 59.153
0.206071 -0.0139874 0.978437 62.7264 -0.00933026 0.999824 0.0162582 2.61112 -0.978493 -0.0124794 0.205904 59.3114
0.207416 -0.0140215 0.978152 63.4002 -0.0104571 0.999808 0.0165494 2.63319 -0.978197 -0.0136612 0.20723 59.4659
0.206516 -0.0084795 0.978407 64.0598 -0.0147147 0.999822 0.011771 2.65328 -0.978333 -0.0168279 0.206354 59.6485
0.20876 -0.0113185 0.977901 64.7251 -0.0123783 0.999822 0.0142147 2.65825 -0.977889 -0.0150723 0.208583 59.7735
0.208696 -0.0105018 0.977924 65.3752 -0.0143129 0.999802 0.0137912 2.66569 -0.977876 -0.0168751 0.208505 59.9299
0.210015 -0.0137514 0.977602 66.0186 -0.011031 0.999804 0.0164334 2.68443 -0.977636 -0.0142352 0.209822 60.0467
0.207406 -0.0106769 0.978197 66.6441 -0.0137548 0.99981 0.0138292 2.70167 -0.978158 -0.0163232 0.20722 60.2036
0.205822 -0.0112385 0.978525 67.2729 -0.0105787 0.99985 0.0137085 2.69734 -0.978532 -0.0131731 0.205672 60.3049
0.206281 -0.0120791 0.978418 67.904 -0.00818599 0.999868 0.0140697 2.70267 -0.978459 -0.0109116 0.206155 60.4139
0.204455 -0.0152003 0.978758 68.4846 -0.00685119 0.999833 0.0169588 2.71015 -0.978852 -0.010173 0.204317 60.5172
0.20363 -0.015943 0.978918 69.0926 -0.0125863 0.999742 0.0189003 2.72227 -0.978967 -0.0161696 0.203377 60.6341
0.200691 -0.0184701 0.979481 69.6814 -0.0157876 0.999631 0.0220849 2.74155 -0.979527 -0.0198959 0.200325 60.7086
0.197482 -0.0168457 0.980162 70.2611 -0.0215958 0.999535 0.0215297 2.7549 -0.980069 -0.0254191 0.197026 60.8367
0.195829 -0.0174019 0.980484 70.8304 -0.0218204 0.999518 0.0220978 2.76339 -0.980395 -0.0257219 0.195355 60.9528
0.193187 -0.020353 0.980951 71.3798 -0.0183325 0.999535 0.0243489 2.77158 -0.980991 -0.0226871 0.192724 61.0771
0.190475 -0.0219328 0.981447 71.9257 -0.0171072 0.999524 0.0256568 2.7805 -0.981543 -0.0216768 0.19001 61.1848
0.187223 -0.0239855 0.982025 72.4671 -0.0182269 0.999445 0.027886 2.79444 -0.982148 -0.0231202 0.186682 61.295
0.186003 -0.0203827 0.982338 73.0051 -0.0220671 0.999446 0.0249161 2.81194 -0.982301 -0.0263118 0.185451 61.3996
0.184954 -0.0204476 0.982534 73.5473 -0.0179921 0.999545 0.0241884 2.82442 -0.982583 -0.0221516 0.184502 61.4753
0.183408 -0.0201837 0.98283 74.0906 -0.0213974 0.99947 0.0245185 2.83546 -0.982804 -0.0255269 0.182879 61.5861
0.184816 -0.0249887 0.982455 74.6344 -0.0201735 0.99937 0.0292139 2.84427 -0.982566 -0.0252188 0.184195 61.676
0.186554 -0.0286023 0.982028 75.178 -0.0246901 0.999124 0.0337906 2.86821 -0.982135 -0.0305501 0.185684 61.7827
0.185703 -0.0227935 0.982341 75.7287 -0.0288593 0.999173 0.0286396 2.87958 -0.982182 -0.0336681 0.184892 61.8794
0.189432 -0.0221141 0.981645 76.2835 -0.0245243 0.999328 0.027245 2.89499 -0.981587 -0.0292352 0.188763 61.9862
0.193992 -0.0216392 0.980764 76.8266 -0.0221754 0.999404 0.0264367 2.91829 -0.980752 -0.0268774 0.193396 62.1253
0.199165 -0.0208456 0.979744 77.3882 -0.0219868 0.999427 0.0257339 2.93563 -0.979719 -0.0266667 0.198592 62.2381
0.205305 -0.017888 0.978535 77.961 -0.0203642 0.999538 0.0225446 2.9729 -0.978486 -0.0245556 0.204846 62.3865
0.214232 -0.0200064 0.976578 78.5229 -0.0199159 0.999493 0.0248448 2.99293 -0.97658 -0.024772 0.213724 62.5156
0.223052 -0.0173012 0.974653 79.0853 -0.0221912 0.999493 0.0228207 3.0028 -0.974554 -0.0267189 0.222555 62.6691
0.233123 -0.0185361 0.972271 79.6818 -0.0182249 0.999559 0.0234262 3.02736 -0.972276 -0.0231808 0.232683 62.8125
0.243668 -0.0140828 0.969757 80.2518 -0.0161075 0.999698 0.0185649 3.0501 -0.969725 -0.020144 0.243367 62.9605
0.253021 -0.0115103 0.967392 80.8548 -0.0129446 0.999799 0.0152815 3.07788 -0.967374 -0.016389 0.252821 63.1365
0.264105 -0.00945148 0.964448 81.449 -0.0104933 0.999865 0.0126721 3.09998 -0.964437 -0.013467 0.26397 63.3207
0.274808 -0.00953212 0.961452 82.0585 -0.00776537 0.999896 0.0121328 3.11745 -0.961468 -0.0108002 0.274705 63.4995
0.284283 -0.00512985 0.958727 82.6721 -0.00948294 0.999922 0.00816217 3.13045 -0.958693 -0.0114119 0.284212 63.6947
0.294082 -0.00490188 0.955768 83.2927 -0.00604748 0.999957 0.00698928 3.14619 -0.955761 -0.00783541 0.29404 63.9309
0.304385 -0.0011106 0.952549 83.934 -0.00617773 0.999976 0.00313998 3.16533 -0.952529 -0.00684035 0.30437 64.1484
0.314774 -0.00336852 0.949161 84.5934 -0.0065486 0.999962 0.00572055 3.17809 -0.949144 -0.00801635 0.31474 64.3848
0.325503 -0.00893548 0.945499 85.264 -0.00785196 0.999895 0.0121527 3.19321 -0.945508 -0.0113798 0.325399 64.6159
0.336244 -0.0113052 0.941707 85.9449 -0.0112535 0.999808 0.0160208 3.20141 -0.941708 -0.0159844 0.336052 64.8614
0.346198 -0.0102085 0.938106 86.6301 -0.0149257 0.999754 0.0163876 3.22175 -0.938043 -0.0196753 0.345961 65.1305
0.354353 -0.0173173 0.934951 87.33 -0.00886594 0.999721 0.0218772 3.2458 -0.93507 -0.0160415 0.354101 65.4126
0.362713 -0.0213613 0.931656 88.0352 -0.0155052 0.999461 0.0289524 3.27658 -0.931772 -0.0249469 0.362187 65.684
0.369567 -0.030268 0.928711 88.7655 -0.0218649 0.998909 0.0412567 3.30634 -0.928947 -0.0355533 0.368502 65.9629
0.375963 -0.0307056 0.926126 89.4817 -0.0295099 0.998547 0.0450864 3.34676 -0.926165 -0.0442807 0.374511 66.2649
0.38613 -0.0190193 0.922248 90.1975 -0.0337555 0.998826 0.0347315 3.37354 -0.921827 -0.0445419 0.385035 66.5762
0.393729 -0.0268435 0.918835 90.9138 -0.0142512 0.999275 0.0353004 3.40013 -0.919116 -0.0269933 0.393061 66.8702
0.400261 -0.0254603 0.916047 91.6263 -0.0162983 0.999258 0.0348944 3.44012 -0.916256 -0.0288969 0.399549 67.2001
0.402861 -0.0190541 0.915063 92.3249 -0.0217044 0.999303 0.0303637 3.48513 -0.915004 -0.0320932 0.402167 67.5433
0.406694 -0.0116119 0.91349 93.0179 -0.0249037 0.999407 0.0237914 3.50175 -0.913225 -0.0324251 0.406164 67.8783
0.409968 -0.00670426 0.912075 93.7027 -0.0184566 0.999707 0.0156445 3.51057 -0.911913 -0.0232475 0.409725 68.2174
0.414216 -0.00835877 0.91014 94.3846 -0.00851335 0.999879 0.0130575 3.51297 -0.910139 -0.0131569 0.414095 68.5366
0.419276 -0.00422954 0.907849 95.0693 -0.00764461 0.999937 0.00818911 3.51713 -0.907827 -0.0103736 0.419218 68.8579
0.422606 -0.00291898 0.906309 95.7213 -0.0046237 0.999975 0.00537665 3.52603 -0.906302 -0.00646271 0.422582 69.1749
0.426197 -0.00221499 0.904627 96.3819 -0.00588542 0.999969 0.00522123 3.53474 -0.904611 -0.00754938 0.426171 69.5008
0.427838 -0.00368915 0.903848 97.0189 -0.0063879 0.999954 0.00710514 3.52218 -0.903833 -0.00881354 0.427795 69.8728
0.427514 5.41789e-005 0.904009 97.6315 -0.00936698 0.999947 0.0043698 3.52403 -0.90396 -0.010336 0.427492 70.2223
0.432782 -0.00467424 0.901486 98.292 -0.00290081 0.999974 0.00657751 3.53407 -0.901494 -0.00546167 0.432757 70.5198
0.436663 -0.00374492 0.899618 98.8958 -0.00330663 0.999978 0.00576769 3.54174 -0.899619 -0.00549324 0.436641 70.8122
0.438358 -0.00470646 0.898788 99.497 -0.00226798 0.999977 0.00634248 3.54269 -0.898798 -0.00481871 0.438337 71.1257
0.438856 -0.00509013 0.898543 100.094 -0.00445612 0.999959 0.00784105 3.5481 -0.898546 -0.0074451 0.438815 71.4381
0.439819 -0.00605254 0.898066 100.684 -0.00488712 0.999946 0.00913257 3.55012 -0.898073 -0.00840563 0.439765 71.7396
0.439956 -0.00311675 0.898014 101.267 -0.00830119 0.999937 0.00753743 3.53719 -0.897981 -0.0107707 0.439903 72.0388
0.440968 -0.00706451 0.897495 101.84 -0.00353414 0.999948 0.00960739 3.54897 -0.897516 -0.00740842 0.44092 72.3371
0.442697 -0.00529445 0.896656 102.402 -0.00435879 0.999958 0.00805644 3.56451 -0.896661 -0.00747489 0.442655 72.6292
0.446386 -0.00824166 0.894802 102.979 -0.00208008 0.999945 0.0102478 3.56926 -0.894838 -0.00643573 0.446345 72.8508
0.452906 -0.0120686 0.891477 103.525 -0.0038617 0.999872 0.015498 3.57725 -0.89155 -0.0104617 0.452801 73.1256
0.452906 -0.0120686 0.891477 104.072 -0.0038617 0.999872 0.015498 3.58525 -0.89155 -0.0104617 0.452801 73.4004
0.454362 -0.0126904 0.890727 104.582 -0.00832963 0.999794 0.0184933 3.59806 -0.890778 -0.0158221 0.454163 73.7161
0.456248 -0.0101042 0.889795 105.097 -0.0116085 0.999783 0.0173055 3.60988 -0.889777 -0.0182248 0.456032 74.0054
0.459828 -0.0129763 0.887913 105.609 -0.0102972 0.999748 0.0199434 3.61379 -0.887948 -0.0183135 0.459579 74.2896
0.462915 -0.0145401 0.886283 106.118 -0.0104954 0.999705 0.0218828 3.62797 -0.88634 -0.0194317 0.462626 74.5677
0.469774 -0.013593 0.882682 106.649 -0.0112708 0.999708 0.0213936 3.65921 -0.882715 -0.0199987 0.469483 74.794
0.475446 -0.0152206 0.879613 107.174 -0.0102413 0.999687 0.0228339 3.67251 -0.879685 -0.0198647 0.475142 75.0406
0.480348 -0.0109701 0.877009 107.677 -0.0127061 0.99973 0.0194645 3.67951 -0.876986 -0.0204931 0.480079 75.3229
0.485271 -0.0117264 0.874285 108.151 -0.00671752 0.999831 0.0171388 3.70156 -0.874338 -0.01419 0.48511 75.6284
0.491945 -0.00471475 0.870613 108.66 -0.00797299 0.999919 0.00992018 3.71173 -0.87059 -0.0118216 0.491868 75.903
0.498477 -0.00166738 0.866901 109.145 -0.00353051 0.999986 0.00395344 3.72556 -0.866896 -0.0050313 0.498464 76.2009
0.505533 -0.000569424 0.862807 109.639 -0.000176937 1 0.000763637 3.73425 -0.862807 -0.000538706 0.505532 76.5009
0.51189 0.00230918 0.859048 110.142 -0.00312003 0.999995 -0.000828891 3.74792 -0.859045 -0.00225595 0.511895 76.8076
0.517766 0.00737431 0.85549 110.648 -0.00689236 0.999966 -0.00444824 3.75753 -0.855494 -0.0035932 0.5178 77.1337
0.523966 0.00946773 0.851686 111.16 -0.00657711 0.999953 -0.00706963 3.76038 -0.851714 -0.00189739 0.524004 77.4713
0.531122 0.00695532 0.847267 111.683 -0.00268488 0.999975 -0.00652586 3.75915 -0.847291 0.00119122 0.531128 77.8118
0.536854 0.00651171 0.84365 112.203 -0.000722016 0.999973 -0.00725884 3.76188 -0.843675 0.00328781 0.536844 78.1703
0.542224 0.00719057 0.840203 112.71 0.00407722 0.999929 -0.0111888 3.7749 -0.840224 0.0094925 0.542156 78.5472
0.549044 0.00775173 0.835757 113.24 0.00701496 0.999879 -0.0138824 3.7713 -0.835764 0.0134849 0.548924 78.9167
0.555297 0.00873722 0.831606 113.777 0.00941255 0.999815 -0.0167896 3.77768 -0.831599 0.0171508 0.555112 79.2958
0.562557 0.0089731 0.82671 114.335 0.00983794 0.999798 -0.0175463 3.77029 -0.8267 0.0180039 0.562355 79.6806
0.568819 0.0112313 0.822386 114.895 0.00759103 0.999792 -0.0189046 3.7676 -0.822428 0.0169961 0.568616 80.0903
0.575451 0.0153613 0.817692 115.461 0.00585676 0.999721 -0.0229026 3.76454 -0.817815 0.0179684 0.5752 80.5159
0.58363 0.0117123 0.811935 116.053 0.00980661 0.999721 -0.0214703 3.7497 -0.81196 0.0204931 0.583353 80.9295
0.590196 0.0104123 0.807193 116.63 0.00993138 0.999747 -0.0201577 3.74819 -0.807199 0.0199135 0.589944 81.3831
0.598132 0.0107945 0.801325 117.227 0.00984431 0.999735 -0.0208153 3.73915 -0.801337 0.0203388 0.597867 81.8254
0.60603 0.0143621 0.795312 117.809 0.00799505 0.999677 -0.0241448 3.73194 -0.795402 0.0209911 0.605719 82.2992
0.613987 0.0105931 0.789245 118.403 0.0132817 0.99963 -0.0237493 3.72474 -0.789204 0.0250643 0.613619 82.7847
0.621139 0.0121754 0.783606 119.011 0.010963 0.999646 -0.0242222 3.71572 -0.783624 0.023636 0.620786 83.2762
0.626138 0.0102616 0.779644 119.627 0.0117135 0.999677 -0.0225648 3.70503 -0.779624 0.023261 0.625816 83.7814
0.628668 0.00861928 0.777626 120.243 0.0121047 0.999709 -0.0208668 3.6999 -0.77758 0.0225312 0.628381 84.3039
0.633456 0.00505684 0.773762 120.91 0.0131898 0.999763 -0.017332 3.69958 -0.773666 0.0211849 0.633239 84.8112
0.635464 0.00404581 0.77212 121.524 0.0109482 0.999839 -0.0142495 3.69796 -0.772053 0.0175084 0.635317 85.338
0.637237 -0.000412403 0.770668 122.172 0.0101874 0.999917 -0.00788852 3.69486 -0.7706 0.012878 0.637189 85.8935
0.641253 -0.00343876 0.767321 122.836 0.00630159 0.99998 -0.000784833 3.69551 -0.767303 0.00533862 0.641262 86.4388
0.644777 -0.00388781 0.764361 123.493 0.00183776 0.999992 0.00353608 3.70755 -0.764369 -0.000875269 0.644779 86.9806
0.648572 -0.00181585 0.761151 124.152 -0.00271798 0.999985 0.0047016 3.7164 -0.761149 -0.00511812 0.648557 87.542
0.650722 -0.00153693 0.759315 124.8 -0.00110884 0.999995 0.00297435 3.7267 -0.759316 -0.00277743 0.650717 88.1153
0.655317 0.00556838 0.755333 125.48 -0.00488663 0.999983 -0.00313238 3.73492 -0.755338 -0.00163833 0.655334 88.696
0.66069 0.00852092 0.75061 126.172 -0.00361683 0.99996 -0.00816799 3.74375 -0.75065 0.00268168 0.660695 89.2233
0.663186 0.0030215 0.748449 126.829 0.00104526 0.999987 -0.00496315 3.74769 -0.748454 0.00407382 0.663174 89.8258
0.666842 0.00514424 0.745181 127.49 -0.00435169 0.999986 -0.00300904 3.74694 -0.745186 -0.00123625 0.666855 90.4391
0.670344 -0.000389215 0.742051 128.154 -0.00258895 0.999993 0.00286328 3.75447 -0.742046 -0.00384052 0.670338 91.0523
0.675247 -0.00463546 0.737577 128.82 -0.00156776 0.999969 0.0077198 3.76151 -0.73759 -0.00636912 0.675219 91.6596
0.679045 -0.0109819 0.734014 129.466 0.00288728 0.99992 0.0122892 3.77448 -0.734091 -0.0062256 0.679023 92.2922
0.683416 -0.0162549 0.729848 130.119 0.00660331 0.999849 0.0160851 3.78887 -0.729999 -0.00617338 0.68342 92.9064
0.687985 -0.0118392 0.725628 130.779 0.00225895 0.999897 0.0141724 3.80538 -0.725721 -0.00811124 0.687941 93.5453
0.693514 -0.0101382 0.720372 131.425 -0.000310697 0.999897 0.0143712 3.82951 -0.720443 -0.0101905 0.693439 94.1659
0.69903 -0.00773762 0.71505 132.078 -0.00711962 0.999817 0.0177792 3.85714 -0.715057 -0.0175191 0.698847 94.8166
0.704945 -0.0139975 0.709124 132.731 -0.00427689 0.999703 0.023985 3.89408 -0.709249 -0.019941 0.704676 95.4753
0.710642 -0.00940606 0.703491 133.374 -0.00992189 0.999677 0.023389 3.90929 -0.703484 -0.0236012 0.71032 96.1411
0.715779 -0.0128264 0.698209 134.034 -0.00326443 0.999759 0.0217125 3.93296 -0.698319 -0.0178206 0.715565 96.792
0.720083 -0.00604664 0.693861 134.684 -0.00982662 0.999773 0.0189105 3.95575 -0.693818 -0.0204354 0.71986 97.4565
0.722691 -0.00941424 0.691107 135.328 -0.00727175 0.999748 0.0212226 3.97968 -0.691133 -0.0203629 0.72244 98.1414
0.725449 -0.0129772 0.688153 135.98 -0.00808471 0.999593 0.0273733 4.01028 -0.688228 -0.0254214 0.725049 98.8189
0.726522 -0.014882 0.686982 136.642 -0.00985469 0.999437 0.0320726 4.04365 -0.687072 -0.0300715 0.725966 99.5141
0.727527 -0.0173768 0.685859 137.278 -0.0115579 0.999227 0.0375763 4.08172 -0.685982 -0.0352649 0.726764 100.183
0.727273 -0.0148007 0.686189 137.912 -0.016183 0.99912 0.0387024 4.11435 -0.686158 -0.0392518 0.726393 100.881
0.726701 -0.0123118 0.686843 138.552 -0.0182426 0.999141 0.037211 4.15414 -0.686711 -0.0395711 0.725852 101.576
0.725595 -0.013506 0.68799 139.209 -0.014749 0.999272 0.0351719 4.18728 -0.687964 -0.0356677 0.724868 102.263
0.724576 -0.00926676 0.689132 139.865 -0.0167478 0.999378 0.0310478 4.22368 -0.688991 -0.034038 0.72397 102.971
0.722497 -0.0129222 0.691253 140.505 -0.0108784 0.999489 0.0300544 4.26424 -0.691288 -0.0292339 0.721987 103.636
0.720278 -0.00900563 0.693627 141.141 -0.0148548 0.999486 0.0284023 4.30384 -0.693526 -0.0307612 0.719774 104.323
0.717228 -0.00731101 0.6968 141.786 -0.0150151 0.999551 0.0259429 4.33536 -0.696676 -0.0290695 0.716796 105.024
0.714859 -0.0103295 0.699192 142.436 -0.0121024 0.999558 0.0271406 4.36704 -0.699164 -0.0278637 0.714419 105.703
0.711954 -0.0105291 0.702148 143.081 -0.0139594 0.999478 0.029142 4.39887 -0.702088 -0.0305493 0.711435 106.373
0.708886 -0.0156091 0.70515 143.737 -0.0108784 0.999394 0.0330585 4.42509 -0.705239 -0.0311056 0.708287 107.036
0.70579 -0.0123976 0.708313 144.38 -0.011001 0.999534 0.0284567 4.45189 -0.708336 -0.0278766 0.705325 107.691
0.702031 -0.00499467 0.712129 145.014 -0.0106159 0.999791 0.0174777 4.47752 -0.712067 -0.0198298 0.701831 108.347
0.698172 -0.00346779 0.715922 145.658 -0.0055595 0.999932 0.0102651 4.49621 -0.715909 -0.011147 0.698105 109.005
0.694458 -0.00234526 0.71953 146.325 -0.00840959 0.9999 0.0113757 4.52279 -0.719484 -0.0139509 0.694369 109.66
0.69067 -0.00164944 0.723169 146.972 -0.0111669 0.999854 0.0129456 4.53755 -0.723084 -0.0170166 0.69055 110.298
0.686579 -0.00190485 0.727053 147.635 -0.0116396 0.99984 0.0136112 4.55184 -0.726962 -0.0178077 0.686446 110.954
0.682703 -0.004938 0.730679 148.277 -0.00607366 0.999904 0.0124323 4.57157 -0.730671 -0.0129255 0.682607 111.572
0.678482 -0.006492 0.734589 148.929 -0.00506275 0.999896 0.0135127 4.59193 -0.7346 -0.0128872 0.678378 112.201
0.674433 -0.0103482 0.738264 149.592 -0.00118856 0.999885 0.0151011 4.60779 -0.738336 -0.0110621 0.674343 112.835
0.671769 -0.0106271 0.740684 150.275 -0.00252652 0.999858 0.0166372 4.62579 -0.740756 -0.0130477 0.671647 113.418
0.667879 -0.0104292 0.744197 150.936 -0.00256426 0.999864 0.0163134 4.65208 -0.744266 -0.0128037 0.667761 114.005
0.665974 -0.00709994 0.745941 151.63 -0.00705818 0.99985 0.0158182 4.68182 -0.745942 -0.0157995 0.665824 114.572
0.662693 -0.00527279 0.748873 152.314 -0.00912997 0.999844 0.0151192 4.68645 -0.748836 -0.0168566 0.662541 115.158
0.655865 -0.00670506 0.754848 152.979 -0.00685321 0.999866 0.014836 4.71141 -0.754847 -0.0149036 0.655732 115.773
0.650212 -0.00303874 0.759747 153.655 -0.00857717 0.999899 0.0113398 4.72756 -0.759705 -0.0138898 0.65012 116.364
0.644115 -0.000258311 0.764928 154.342 -0.00431733 0.999983 0.00397314 4.73834 -0.764916 -0.0058616 0.644103 116.954
0.638191 0.00238125 0.769874 155.033 -0.00102079 0.999997 -0.00224683 4.74857 -0.769877 0.000648026 0.638192 117.535
0.63214 0.00108884 0.774854 155.75 0.00328396 0.999986 -0.00408431 4.76239 -0.774847 0.00512644 0.632127 118.114
0.625285 0.00412524 0.780386 156.461 -0.00599035 0.999982 -0.000486291 4.76962 -0.780374 -0.00437071 0.625298 118.692
0.618461 0.00651651 0.785788 157.183 -0.0118354 0.999929 0.00102274 4.78129 -0.785726 -0.00993261 0.618495 119.285
0.611079 -0.000906082 0.791569 157.913 -0.0049782 0.999975 0.00498773 4.79083 -0.791554 -0.00698848 0.611059 119.864
0.603768 0.00391119 0.79715 158.648 -0.0084774 0.999963 0.00151456 4.80339 -0.797115 -0.00767221 0.603779 120.444
0.595553 -0.00185475 0.803314 159.402 0.00203138 0.999998 0.00080286 4.81466 -0.803314 0.00115369 0.595555 121.011
0.58816 -0.00483121 0.80873 160.17 0.00544411 0.999983 0.00201442 4.8203 -0.808726 0.00321802 0.588176 121.582
0.58084 -0.00126491 0.814017 160.909 0.00809866 0.999958 -0.00422493 4.82352 -0.813978 0.00904645 0.580826 122.127
0.573727 -0.00212156 0.819044 161.679 0.00746239 0.999969 -0.00263707 4.82583 -0.819013 0.00762498 0.573725 122.646
0.566407 -0.000654447 0.824125 162.477 -0.000364159 0.999999 0.00104439 4.83545 -0.824125 -0.000891664 0.566407 123.2
0.558975 -0.00477318 0.829171 163.252 -0.00209536 0.999972 0.00716897 4.83917 -0.829182 -0.00574468 0.558949 123.716
0.553497 -0.00581364 0.832831 164.03 -0.00364289 0.999949 0.00940128 4.8421 -0.832843 -0.00823749 0.553448 124.208
0.547168 -0.00412518 0.837012 164.809 -0.00497808 0.999954 0.00818248 4.85806 -0.837008 -0.00864391 0.547123 124.709
0.539568 -0.00675158 0.841915 165.567 -0.00268554 0.999949 0.00974002 4.881 -0.841938 -0.0075164 0.539523 125.245
0.534287 -0.0113697 0.845227 166.346 -0.00542505 0.999843 0.0168788 4.90059 -0.845286 -0.0136035 0.534141 125.727
0.52906 -0.00946372 0.848532 167.114 -0.0118858 0.999757 0.0185611 4.91677 -0.848501 -0.0199054 0.528819 126.205
0.525525 -0.00972478 0.850723 167.882 -0.0128908 0.999729 0.0193912 4.93134 -0.850681 -0.021157 0.525257 126.667
