1 -4.92894e-009 -7.73619e-006 -0.0217843 -4.92894e-009 0.999999 -0.00127425 -0.00484109 7.73619e-006 0.00127425 0.999999 0.565006
0.999998 -2.57183e-006 -0.00176124 -0.017408 -2.57183e-006 0.999996 -0.00292046 -0.0156119 0.00176124 0.00292046 0.999994 1.12677
0.999978 -1.25099e-005 -0.00669917 0.0397871 -1.25099e-005 0.999993 -0.00373471 -0.0424195 0.00669917 0.00373471 0.999971 1.68782
0.999969 -2.24549e-005 -0.00783096 0.00765732 -2.24549e-005 0.999984 -0.00573476 -0.0537486 0.00783096 0.00573476 0.999953 2.25055
0.99995 -4.09813e-005 -0.0100448 0.0193865 -4.09813e-005 0.999967 -0.00815934 -0.0550722 0.0100448 0.00815934 0.999916 2.81538
0.999926 -5.07888e-005 -0.0122043 0.0198379 -5.07888e-005 0.999965 -0.00832266 -0.078897 0.0122043 0.00832266 0.999891 3.38945
0.999925 -5.12142e-005 -0.0122305 -0.0201089 -5.12142e-005 0.999965 -0.00837437 -0.0837902 0.0122305 0.00837437 0.99989 3.9688
0.999866 -7.00785e-005 -0.0163432 0.0170227 -7.00785e-005 0.999963 -0.00857511 -0.101676 0.0163432 0.00857511 0.99983 4.55509
0.999857 -9.60788e-005 -0.0169401 -0.0140563 -9.60788e-005 0.999936 -0.0113422 -0.120527 0.0169401 0.0113422 0.999792 5.14819
0.999847 -0.000131698 -0.0174722 -0.0403458 -0.000131698 0.999886 -0.0150731 -0.14365 0.0174722 0.0150731 0.999734 5.75017
0.999753 -0.000213311 -0.0222307 -0.0234247 -0.000213311 0.999816 -0.0191865 -0.148775 0.0222307 0.0191865 0.999569 6.36255
0.999758 -0.000205823 -0.0219754 -0.0583545 -0.000205823 0.999825 -0.0187282 -0.179575 0.0219754 0.0187282 0.999583 6.98781
0.999768 -0.000127164 -0.0215516 -0.108885 -0.000127164 0.99993 -0.0117991 -0.189331 0.0215516 0.0117991 0.999698 7.63464
0.999694 -1.79073e-005 -0.0247402 -0.0912804 -1.79073e-005 0.999999 -0.0014474 -0.189212 0.0247402 0.0014474 0.999693 8.30092
0.999691 6.55899e-005 -0.0248596 -0.095225 6.55899e-005 0.999986 0.00527597 -0.191925 0.0248596 -0.00527597 0.999677 8.97766
0.999647 5.07906e-005 -0.0265813 -0.133012 5.07906e-005 0.999993 0.00382084 -0.199599 0.0265813 -0.00382084 0.999639 9.66058
0.999619 -4.41758e-005 -0.027591 -0.158624 -4.41758e-005 0.999995 -0.00320157 -0.205924 0.027591 0.00320157 0.999614 10.3526
0.999617 -0.000125661 -0.0276739 -0.181454 -0.000125661 0.999959 -0.00907962 -0.218647 0.0276739 0.00907962 0.999576 11.0624
0.999594 -0.000109318 -0.0285024 -0.223218 -0.000109318 0.999971 -0.00766915 -0.23722 0.0285024 0.00766915 0.999564 11.7956
0.999587 2.51931e-005 -0.028751 -0.24446 2.51931e-005 0.999998 0.00175214 -0.24465 0.028751 -0.00175214 0.999585 12.5557
0.999579 0.000131125 -0.02901 -0.273034 0.000131125 0.999959 0.00903789 -0.23533 0.02901 -0.00903789 0.999538 13.3319
0.99955 0.000171569 -0.0299964 -0.292925 0.000171569 0.999935 0.0114364 -0.2246 0.0299964 -0.0114364 0.999485 14.1205
0.999549 0.000154197 -0.0300155 -0.324965 0.000154197 0.999947 0.0102719 -0.224594 0.0300155 -0.0102719 0.999497 14.9236
0.999594 0.000112176 -0.0284956 -0.378465 0.000112176 0.999969 0.00787149 -0.228763 0.0284956 -0.00787149 0.999563 15.7432
0.99957 6.17711e-005 -0.0293162 -0.374282 6.17711e-005 0.999991 0.00421321 -0.228066 0.0293162 -0.00421321 0.999561 16.5771
0.999615 -1.66737e-005 -0.0277573 -0.414104 -1.66737e-005 0.999999 -0.00120116 -0.244198 0.0277573 0.00120116 0.999614 17.4225
0.999633 -0.000106867 -0.0271054 -0.414722 -0.000106867 0.999969 -0.0078837 -0.251719 0.0271054 0.0078837 0.999601 18.2823
0.999663 -0.000171246 -0.0259585 -0.450615 -0.000171246 0.999913 -0.0131911 -0.281996 0.0259585 0.0131911 0.999576 19.1633
0.999664 -0.000181475 -0.0259064 -0.479689 -0.000181475 0.999902 -0.014007 -0.307731 0.0259064 0.014007 0.999566 20.0636
0.999645 -0.000180933 -0.0266367 -0.490109 -0.000180933 0.999908 -0.0135822 -0.32936 0.0266367 0.0135822 0.999553 20.9836
0.999658 -0.000195604 -0.0261665 -0.532796 -0.000195604 0.999888 -0.0149473 -0.351798 0.0261665 0.0149473 0.999546 21.9174
0.999636 -0.000224914 -0.0269733 -0.551183 -0.000224914 0.999861 -0.0166726 -0.382762 0.0269733 0.0166726 0.999497 22.8702
0.999653 -0.000231607 -0.02635 -0.597484 -0.000231607 0.999846 -0.0175748 -0.411103 0.02635 0.0175748 0.999498 23.8407
0.999661 -0.000223489 -0.0260447 -0.627239 -0.000223489 0.999853 -0.0171578 -0.448306 0.0260447 0.0171578 0.999514 24.815
0.999677 -0.000223073 -0.0254117 -0.691778 -0.000223073 0.999846 -0.0175526 -0.468147 0.0254117 0.0175526 0.999523 25.7967
0.999683 -0.000220039 -0.0251597 -0.717825 -0.000220039 0.999847 -0.0174873 -0.499431 0.0251597 0.0174873 0.99953 26.784
0.999666 -0.000207734 -0.0258443 -0.738738 -0.000207734 0.999871 -0.0160721 -0.535881 0.0258443 0.0160721 0.999537 27.7846
0.999619 -0.000198219 -0.0275835 -0.753917 -0.000198219 0.999897 -0.0143688 -0.56004 0.0275835 0.0143688 0.999516 28.792
0.999631 -0.000180457 -0.0271451 -0.799067 -0.000180457 0.999912 -0.0132927 -0.583239 0.0271451 0.0132927 0.999543 29.8057
0.999599 -0.000199701 -0.0283201 -0.81426 -0.000199701 0.999901 -0.0140996 -0.615848 0.0283201 0.0140996 0.999499 30.8266
0.999638 -0.000202788 -0.0268857 -0.88584 -0.000202788 0.999886 -0.0150816 -0.643819 0.0268857 0.0150816 0.999525 31.8535
0.999647 -0.000191453 -0.0265655 -0.911576 -0.000191453 0.999896 -0.0144103 -0.673894 0.0265655 0.0144103 0.999543 32.8893
0.999602 -0.000164282 -0.0282 -0.939666 -0.000164282 0.999932 -0.0116485 -0.701228 0.0282 0.0116485 0.999534 33.9362
0.999602 -0.000116095 -0.0282247 -0.981941 -0.000116095 0.999966 -0.0082247 -0.718062 0.0282247 0.0082247 0.999568 34.9909
0.999596 -8.27226e-005 -0.028423 -1.02638 -8.27226e-005 0.999983 -0.00581959 -0.739207 0.028423 0.00581959 0.999579 36.0532
0.999539 -7.46091e-005 -0.0303592 -1.03009 -7.46091e-005 0.999988 -0.00491393 -0.767231 0.0303592 0.00491393 0.999527 37.1163
0.999565 -0.000100645 -0.0294802 -1.09117 -0.000100645 0.999977 -0.0068264 -0.782023 0.0294802 0.0068264 0.999542 38.187
0.999545 -0.000109101 -0.0301599 -1.13487 -0.000109101 0.999974 -0.00723306 -0.808585 0.0301599 0.00723306 0.999519 39.2614
0.999539 -9.05894e-005 -0.0303644 -1.18333 -9.05894e-005 0.999982 -0.00596538 -0.835199 0.0303644 0.00596538 0.999521 40.3369
0.999505 -6.55498e-005 -0.0314706 -1.21804 -6.55498e-005 0.999991 -0.00416473 -0.85382 0.0314706 0.00416473 0.999496 41.4144
0.999461 -2.43275e-005 -0.0328373 -1.24245 -2.43275e-005 0.999999 -0.0014813 -0.875265 0.0328373 0.0014813 0.99946 42.4902
0.999463 -3.07635e-005 -0.0327815 -1.29495 -3.07635e-005 0.999998 -0.00187638 -0.888518 0.0327815 0.00187638 0.999461 43.5635
0.999432 -9.06973e-005 -0.0337037 -1.32861 -9.06973e-005 0.999986 -0.00538048 -0.919182 0.0337037 0.00538048 0.999417 44.6284
0.999432 -0.000156578 -0.0337025 -1.37009 -0.000156578 0.999957 -0.0092889 -0.949776 0.0337025 0.0092889 0.999389 45.6899
0.999444 -0.000162533 -0.0333396 -1.4166 -0.000162533 0.999952 -0.0097472 -0.979885 0.0333396 0.0097472 0.999397 46.7617
0.999447 -0.00011453 -0.0332541 -1.46098 -0.00011453 0.999976 -0.0068862 -1.01187 0.0332541 0.0068862 0.999423 47.8395
0.999485 -7.54676e-005 -0.0320876 -1.51595 -7.54676e-005 0.999989 -0.00470261 -1.03175 0.0320876 0.00470261 0.999474 48.9151
0.999465 -6.01849e-005 -0.0327158 -1.54046 -6.01849e-005 0.999993 -0.00367826 -1.04618 0.0327158 0.00367826 0.999458 49.9914
0.99951 -6.9609e-005 -0.031313 -1.6014 -6.9609e-005 0.99999 -0.00444491 -1.07494 0.031313 0.00444491 0.9995 51.0688
0.99948 -0.000104247 -0.0322385 -1.61605 -0.000104247 0.999979 -0.00646549 -1.09277 0.0322385 0.00646549 0.999459 52.1395
0.999521 -0.000135171 -0.0309474 -1.67081 -0.000135171 0.999962 -0.00873324 -1.12355 0.0309474 0.00873324 0.999483 53.2117
0.999533 -0.000170067 -0.0305447 -1.71217 -0.000170067 0.999938 -0.0111327 -1.1626 0.0305447 0.0111327 0.999471 54.2847
0.999524 -0.000227434 -0.0308504 -1.74395 -0.000227434 0.999891 -0.01474 -1.19586 0.0308504 0.01474 0.999415 55.3506
0.99955 -0.000244474 -0.0299964 -1.78697 -0.000244474 0.999867 -0.0162955 -1.23693 0.0299964 0.0162955 0.999417 56.4212
0.99954 -0.000215819 -0.0303234 -1.82077 -0.000215819 0.999899 -0.0142305 -1.27074 0.0303234 0.0142305 0.999439 57.4918
0.999544 -0.000130586 -0.0302064 -1.84968 -0.000130586 0.999963 -0.00864412 -1.29444 0.0302064 0.00864412 0.999506 58.5781
0.999558 -3.75192e-005 -0.0297403 -1.88457 -3.75192e-005 0.999997 -0.00252256 -1.31244 0.0297403 0.00252256 0.999554 59.6633
0.999569 -3.01024e-005 -0.0293472 -1.91741 -3.01024e-005 0.999998 -0.00205103 -1.32091 0.0293472 0.00205103 0.999567 60.746
0.999583 -7.34154e-005 -0.0288828 -1.95512 -7.34154e-005 0.999987 -0.00508258 -1.34069 0.0288828 0.00508258 0.99957 61.8244
0.999561 -0.000122991 -0.029637 -1.97684 -0.000122991 0.999966 -0.00829784 -1.37656 0.029637 0.00829784 0.999526 62.9017
0.999589 -0.000176876 -0.028662 -2.03562 -0.000176876 0.999924 -0.0123392 -1.4118 0.028662 0.0123392 0.999513 63.9792
0.999576 -0.000240121 -0.0291149 -2.06694 -0.000240121 0.999864 -0.0164901 -1.45207 0.0291149 0.0164901 0.99944 65.0596
0.999575 -0.000249095 -0.029149 -2.08686 -0.000249095 0.999854 -0.0170863 -1.49316 0.029149 0.0170863 0.999429 66.1439
0.999611 -0.00018716 -0.0278941 -2.14351 -0.00018716 0.99991 -0.0134162 -1.52928 0.0278941 0.0134162 0.999521 67.2345
0.9996 -0.000158561 -0.028283 -2.16942 -0.000158561 0.999937 -0.0112099 -1.55243 0.028283 0.0112099 0.999537 68.3229
0.999598 -0.000147365 -0.0283593 -2.20165 -0.000147365 0.999946 -0.0103904 -1.57912 0.0283593 0.0103904 0.999544 69.4077
0.999571 -0.000123135 -0.0292815 -2.22713 -0.000123135 0.999965 -0.00840846 -1.64296 0.0292815 0.00840846 0.999536 70.4935
0.999639 -0.000112749 -0.0268529 -2.36202 -0.000112749 0.999965 -0.00839589 -1.63274 0.0268529 0.00839589 0.999604 71.5712
0.999578 -8.59805e-005 -0.0290464 -2.32096 -8.59805e-005 0.999982 -0.00591892 -1.67171 0.0290464 0.00591892 0.999561 72.6589
0.999545 -5.23304e-005 -0.0301707 -2.34494 -5.23304e-005 0.999994 -0.00346815 -1.71824 0.0301707 0.00346815 0.999539 73.737
0.999537 -7.31332e-005 -0.0304225 -2.44368 -7.31332e-005 0.999988 -0.00480669 -1.72648 0.0304225 0.00480669 0.999526 74.8083
0.99948 -0.000144406 -0.0322323 -2.41769 -0.000144406 0.99996 -0.00895782 -1.75388 0.0322323 0.00895782 0.99944 75.8798
0.999485 -0.000170722 -0.0320996 -2.48424 -0.000170722 0.999943 -0.0106339 -1.8004 0.0320996 0.0106339 0.999428 76.9462
0.99947 -0.000146082 -0.0325395 -2.54188 -0.000146082 0.99996 -0.00897616 -1.8298 0.0325395 0.00897616 0.99943 78.01
0.999461 -7.96274e-005 -0.0328246 -2.59717 -7.96274e-005 0.999988 -0.00485036 -1.8471 0.0328246 0.00485036 0.999449 79.0798
0.999448 -1.04408e-005 -0.0332296 -2.65102 -1.04408e-005 1 -0.000628232 -1.86829 0.0332296 0.000628232 0.999448 80.1447
0.99941 -2.03226e-006 -0.0343389 -2.67811 -2.03226e-006 1 -0.00011833 -1.87786 0.0343389 0.00011833 0.99941 81.206
0.999343 -2.56148e-005 -0.0362382 -2.70461 -2.56148e-005 0.999999 -0.00141323 -1.91241 0.0362382 0.00141323 0.999342 82.2589
0.999473 -2.75379e-005 -0.0324616 -2.88122 -2.75379e-005 0.999999 -0.00169619 -1.93529 0.0324616 0.00169619 0.999472 83.2962
0.999477 -4.70742e-005 -0.0323325 -2.90874 -4.70742e-005 0.999996 -0.00291111 -1.94954 0.0323325 0.00291111 0.999473 84.3365
0.999442 -3.54839e-005 -0.033391 -2.95259 -3.54839e-005 0.999998 -0.00212476 -1.97849 0.033391 0.00212476 0.99944 85.3603
0.999434 -1.07225e-005 -0.033641 -2.99639 -1.07225e-005 1 -0.000637284 -2.00214 0.033641 0.000637284 0.999434 86.3706
0.999398 3.22263e-005 -0.0346892 -3.03594 3.22263e-005 0.999998 0.00185744 -2.02093 0.0346892 -0.00185744 0.999396 87.3641
0.999344 5.48397e-005 -0.0362273 -3.06531 5.48397e-005 0.999995 0.00302653 -2.04236 0.0362273 -0.00302653 0.999339 88.3356
0.999312 5.98358e-005 -0.0370896 -3.12289 5.98358e-005 0.999995 0.00322544 -2.05616 0.0370896 -0.00322544 0.999307 89.2884
0.999173 4.12317e-005 -0.0406613 -3.17172 4.12317e-005 0.999998 0.00202721 -2.07464 0.0406613 -0.00202721 0.999171 90.218
0.998997 2.90131e-005 -0.0447723 -3.20797 2.90131e-005 0.999999 0.00129538 -2.09944 0.0447723 -0.00129538 0.998996 91.1235
0.998899 3.41231e-005 -0.0469116 -3.27702 3.41231e-005 0.999999 0.00145398 -2.1172 0.0469116 -0.00145398 0.998898 92.0068
0.9987 6.45158e-005 -0.0509738 -3.32106 6.45158e-005 0.999997 0.00252969 -2.13688 0.0509738 -0.00252969 0.998697 92.8679
0.998564 0.000100418 -0.0535732 -3.38326 0.000100418 0.999993 0.0037461 -2.15414 0.0535732 -0.0037461 0.998557 93.7056
0.998394 0.000175758 -0.0566589 -3.4283 0.000175758 0.999981 0.00619903 -2.18778 0.0566589 -0.00619903 0.998374 94.519
0.998271 0.000189606 -0.0587722 -3.4978 0.000189606 0.999979 0.0064466 -2.18888 0.0587722 -0.0064466 0.998251 95.3034
0.998084 0.000221902 -0.0618683 -3.54953 0.000221902 0.999974 0.0071664 -2.20557 0.0618683 -0.0071664 0.998059 96.0627
0.997983 0.000187842 -0.0634857 -3.63229 0.000187842 0.999983 0.00591158 -2.21922 0.0634857 -0.00591158 0.997965 96.7862
0.997735 8.59867e-005 -0.0672711 -3.64949 8.59867e-005 0.999997 0.00255352 -2.24022 0.0672711 -0.00255352 0.997731 97.4858
0.99754 -8.76095e-006 -0.0701016 -3.70636 -8.76095e-006 1 -0.000249643 -2.27444 0.0701016 0.000249643 0.99754 98.1485
0.997455 -0.000114685 -0.0712936 -3.78341 -0.000114685 0.999995 -0.00321314 -2.28459 0.0712936 0.00321314 0.99745 98.7835
0.997256 -0.000132694 -0.0740319 -3.79602 -0.000132694 0.999994 -0.00357986 -2.30685 0.0740319 0.00357986 0.997249 99.3894
0.99744 -0.000108913 -0.0715146 -3.88188 -0.000108913 0.999995 -0.00304198 -2.32411 0.0715146 0.00304198 0.997435 99.9704
0.997578 -4.92456e-005 -0.0695554 -3.90665 -4.92456e-005 0.999999 -0.0014143 -2.33459 0.0695554 0.0014143 0.997577 100.535
0.997959 1.17186e-005 -0.0638568 -3.94943 1.17186e-005 1 0.000366654 -2.34695 0.0638568 -0.000366654 0.997959 101.072
0.998408 7.29842e-005 -0.0563963 -3.96986 7.29842e-005 0.999997 0.0025862 -2.35858 0.0563963 -0.0025862 0.998405 101.59
0.998904 0.000124173 -0.0468138 -3.99035 0.000124173 0.999986 0.00530204 -2.36785 0.0468138 -0.00530204 0.99889 102.084
0.999379 0.000117753 -0.0352416 -3.99185 0.000117753 0.999978 0.00668049 -2.37503 0.0352416 -0.00668049 0.999356 102.559
0.999759 7.8026e-005 -0.0219687 -3.97851 7.8026e-005 0.999975 0.00710243 -2.38117 0.0219687 -0.00710243 0.999733 103.01
0.999976 2.31401e-005 -0.00688265 -3.96158 2.31401e-005 0.999977 0.00672402 -2.3932 0.00688265 -0.00672402 0.999954 103.441
0.99994 -2.26423e-005 0.0109754 -3.93231 -2.26423e-005 0.999991 0.00412586 -2.40265 -0.0109754 -0.00412586 0.999931 103.862
0.999484 2.20743e-008 0.0321344 -3.88699 2.20743e-008 1 -1.37351e-006 -2.41211 -0.0321344 1.37351e-006 0.999484 104.272
0.998407 0.000116274 0.0564153 -3.83412 0.000116274 0.999992 -0.00411877 -2.42412 -0.0564153 0.00411877 0.998399 104.671
0.996525 0.000257857 0.0832967 -3.75482 0.000257857 0.999981 -0.00618047 -2.43566 -0.0832967 0.00618047 0.996506 105.065
0.993561 0.000374582 0.113294 -3.66881 0.000374582 0.999978 -0.00659119 -2.44686 -0.113294 0.00659119 0.99354 105.443
0.989361 0.000575758 0.14548 -3.5688 0.000575758 0.999969 -0.00787307 -2.45188 -0.14548 0.00787307 0.98933 105.819
0.983485 0.000779478 0.180985 -3.44803 0.000779478 0.999963 -0.00854242 -2.46476 -0.180985 0.00854242 0.983449 106.175
0.975743 0.000889494 0.218918 -3.30583 0.000889494 0.999967 -0.00802757 -2.47506 -0.218918 0.00802757 0.97571 106.528
0.965913 0.00108711 0.258865 -3.15636 0.00108711 0.999965 -0.00825576 -2.48441 -0.258865 0.00825576 0.965878 106.861
0.953817 0.00141119 0.300383 -2.99282 0.00141119 0.999957 -0.00917878 -2.49592 -0.300383 0.00917878 0.953774 107.191
0.938741 0.00184843 0.344619 -2.81648 0.00184843 0.999944 -0.0103985 -2.50578 -0.344619 0.0103985 0.938685 107.511
0.921418 0.0019224 0.388568 -2.62053 0.0019224 0.999953 -0.00950577 -2.51296 -0.388568 0.00950577 0.921371 107.806
0.901412 0.00180793 0.432959 -2.40714 0.00180793 0.999967 -0.0079397 -2.52157 -0.432959 0.0079397 0.901379 108.096
0.87834 0.00202048 0.478033 -2.19252 0.00202048 0.999966 -0.00793897 -2.53194 -0.478033 0.00793897 0.878306 108.366
0.854273 0.0025865 0.519818 -1.94196 0.0025865 0.999954 -0.00922623 -2.54351 -0.519818 0.00922623 0.854227 108.615
0.826917 0.00373366 0.562312 -1.70387 0.00373366 0.999919 -0.0121299 -2.55947 -0.562312 0.0121299 0.826836 108.853
0.796845 0.00571537 0.604157 -1.44432 0.00571537 0.999839 -0.0169968 -2.57394 -0.604157 0.0169968 0.796684 109.09
0.76391 0.00838507 0.645269 -1.17277 0.00838507 0.999702 -0.0229176 -2.58077 -0.645269 0.0229176 0.763612 109.305
0.727074 0.0109088 0.686472 -0.886657 0.0109088 0.999564 -0.0274383 -2.60222 -0.686472 0.0274383 0.726638 109.519
0.689475 0.0122903 0.724205 -0.569737 0.0122903 0.999514 -0.0286633 -2.607 -0.724205 0.0286633 0.688988 109.698
0.647984 0.0117343 0.761564 -0.248603 0.0117343 0.999609 -0.0253863 -2.62416 -0.761564 0.0253863 0.647593 109.852
0.606146 0.0110927 0.795276 0.0702267 0.0110927 0.999688 -0.0223985 -2.63046 -0.795276 0.0223985 0.605834 110.051
0.559947 0.0121252 0.82844 0.423757 0.0121252 0.999666 -0.0228268 -2.62582 -0.82844 0.0228268 0.559613 110.165
0.514379 0.0105697 0.857498 0.765787 0.0105697 0.99977 -0.0186638 -2.65457 -0.857498 0.0186638 0.514149 110.331
0.462524 0.0102099 0.886548 1.13068 0.0102099 0.999806 -0.0168408 -2.66968 -0.886548 0.0168408 0.46233 110.436
0.411956 0.0124598 0.911119 1.50852 0.0124598 0.999736 -0.0193053 -2.6706 -0.911119 0.0193053 0.411692 110.534
0.361892 0.0163413 0.932077 1.89789 0.0163413 0.999582 -0.0238696 -2.67115 -0.932077 0.0238696 0.361474 110.579
0.310808 0.0210314 0.95024 2.28391 0.0210314 0.999358 -0.0289976 -2.68934 -0.95024 0.0289976 0.310166 110.637
0.264413 0.0219751 0.964159 2.67894 0.0219751 0.999344 -0.0288036 -2.70164 -0.964159 0.0288036 0.263756 110.755
0.222925 0.0182463 0.974665 3.105 0.0182463 0.999572 -0.0228858 -2.72436 -0.974665 0.0228858 0.222496 110.725
0.187399 0.0140916 0.982183 3.53872 0.0140916 0.999756 -0.0170323 -2.73492 -0.982183 0.0170323 0.187155 110.75
0.156737 0.0116893 0.987571 3.98121 0.0116893 0.999838 -0.0136896 -2.73821 -0.987571 0.0136896 0.156575 110.782
0.129137 0.0142898 0.991524 4.44771 0.0142898 0.999766 -0.0162697 -2.7573 -0.991524 0.0162697 0.128902 110.789
0.104015 0.0203825 0.994367 4.9312 0.0203825 0.999536 -0.0226206 -2.75754 -0.994367 0.0226206 0.103551 110.819
0.0806472 0.0247552 0.996435 5.4309 0.0247552 0.999333 -0.0268308 -2.76247 -0.996435 0.0268308 0.0799806 110.835
0.0577189 0.0228364 0.998072 5.95133 0.0228364 0.999447 -0.0241885 -2.78215 -0.998072 0.0241885 0.0571655 110.832
0.0376631 0.0153929 0.999172 6.48599 0.0153929 0.999754 -0.0159821 -2.79966 -0.999172 0.0159821 0.0374169 110.791
0.019949 0.0109669 0.999741 7.03947 0.0109669 0.999877 -0.0111873 -2.81614 -0.999741 0.0111873 0.0198263 110.777
0.00522349 0.012044 0.999914 7.61223 0.012044 0.999854 -0.0121062 -2.829 -0.999914 0.0121062 0.00507767 110.768
-0.00547739 0.0143599 0.999882 8.20388 0.0143599 0.999795 -0.01428 -2.84052 -0.999882 0.01428 -0.00568248 110.75
-0.0118528 0.012741 0.999849 8.82111 0.012741 0.99984 -0.0125898 -2.86478 -0.999849 0.0125898 -0.0120132 110.719
-0.0144402 0.00603215 0.999878 9.46389 0.00603215 0.999964 -0.00594555 -2.87261 -0.999878 0.00594555 -0.014476 110.694
-0.0143805 0.0048943 0.999885 10.1222 0.0048943 0.999976 -0.00482436 -2.86488 -0.999885 0.00482436 -0.0144041 110.699
-0.0129158 0.00576768 0.9999 10.798 0.00576768 0.999967 -0.00569356 -2.8677 -0.9999 0.00569356 -0.0129487 110.694
-0.0114723 0.0108591 0.999875 11.487 0.0108591 0.999883 -0.0107346 -2.88136 -0.999875 0.0107346 -0.0115889 110.707
-0.009706 0.010158 0.999901 12.1972 0.010158 0.999898 -0.0100594 -2.89721 -0.999901 0.0100594 -0.00980819 110.694
-0.00849281 0.0106005 0.999908 12.9202 0.0106005 0.999889 -0.0105103 -2.90845 -0.999908 0.0105103 -0.00860423 110.69
-0.00771742 0.010726 0.999913 13.6591 0.010726 0.999886 -0.0106429 -2.92772 -0.999913 0.0106429 -0.00783158 110.692
-0.00794457 0.0132576 0.999881 14.4143 0.0132576 0.999826 -0.0131515 -2.96313 -0.999881 0.0131515 -0.00811895 110.717
-0.0067501 0.0118643 0.999907 15.1808 0.0118643 0.99986 -0.0117837 -2.95868 -0.999907 0.0117837 -0.00688992 110.705
-0.00789384 0.012087 0.999896 15.9581 0.012087 0.999855 -0.0119911 -2.97721 -0.999896 0.0119911 -0.0080388 110.707
-0.00849195 0.0149548 0.999852 16.7379 0.0149548 0.999778 -0.0148267 -3.00348 -0.999852 0.0148267 -0.00871371 110.684
-0.00964111 0.0159418 0.999826 17.5248 0.0159418 0.999748 -0.0157869 -3.0205 -0.999826 0.0157869 -0.00989282 110.698
-0.0110837 0.0133095 0.99985 18.3231 0.0133095 0.999825 -0.0131617 -3.03477 -0.99985 0.0131617 -0.0112589 110.682
-0.0125585 0.0127266 0.99984 19.1295 0.0127266 0.99984 -0.0125667 -3.0535 -0.99984 0.0125667 -0.0127185 110.68
-0.0142217 0.0148968 0.999788 19.9459 0.0148968 0.999781 -0.0146848 -3.08409 -0.999788 0.0146848 -0.0144405 110.685
-0.0155972 0.0179461 0.999717 20.764 0.0179461 0.999683 -0.0176655 -3.08868 -0.999717 0.0176655 -0.0159143 110.681
-0.0162072 0.0177159 0.999712 21.585 0.0177159 0.999691 -0.0174284 -3.13221 -0.999712 0.0174284 -0.016516 110.654
-0.0172726 0.0167114 0.999711 22.4156 0.0167114 0.999725 -0.0164229 -3.16751 -0.999711 0.0164229 -0.0175471 110.644
-0.0194813 0.0212101 0.999585 23.2542 0.0212101 0.999559 -0.0207962 -3.19133 -0.999585 0.0207962 -0.0199226 110.656
-0.0194023 0.0237691 0.999529 24.0955 0.0237691 0.999446 -0.0233057 -3.21631 -0.999529 0.0233057 -0.0199565 110.626
-0.0207614 0.0265307 0.999432 24.9398 0.0265307 0.99931 -0.0259763 -3.23309 -0.999432 0.0259763 -0.0214509 110.644
-0.0197709 0.0291313 0.99938 25.7845 0.0291313 0.999168 -0.0285488 -3.26026 -0.99938 0.0285488 -0.020603 110.608
-0.0194917 0.0306509 0.99934 26.6226 0.0306509 0.999078 -0.0300451 -3.28272 -0.99934 0.0300451 -0.0204132 110.598
-0.0197726 0.0296811 0.999364 27.4528 0.0296811 0.999136 -0.0290871 -3.33442 -0.999364 0.0290871 -0.0206365 110.607
-0.018194 0.0260511 0.999495 28.2718 0.0260511 0.999333 -0.0255727 -3.39608 -0.999495 0.0255727 -0.0188605 110.565
-0.0187832 0.0233739 0.99955 29.0937 0.0233739 0.999464 -0.0229326 -3.44563 -0.99955 0.0229326 -0.0193195 110.572
-0.0189725 0.027183 0.99945 29.9227 0.027183 0.999275 -0.0266623 -3.50005 -0.99945 0.0266623 -0.0196977 110.581
-0.016395 0.0194743 0.999676 30.7571 0.0194743 0.999627 -0.019154 -3.49982 -0.999676 0.019154 -0.0167681 110.544
-0.0163061 0.0182674 0.9997 31.5791 0.0182674 0.999672 -0.0179689 -3.50484 -0.9997 0.0179689 -0.0166344 110.532
-0.0163699 0.0175386 0.999712 32.3919 0.0175386 0.999697 -0.0172512 -3.54132 -0.999712 0.0172512 -0.0166726 110.52
-0.0160613 0.0216153 0.999637 33.2035 0.0216153 0.99954 -0.0212659 -3.57646 -0.999637 0.0212659 -0.0165211 110.503
-0.0192607 0.0248119 0.999507 34.0096 0.0248119 0.999396 -0.024331 -3.60845 -0.999507 0.024331 -0.0198647 110.506
-0.0212413 0.022142 0.999529 34.8134 0.022142 0.99952 -0.0216713 -3.64375 -0.999529 0.0216713 -0.0217214 110.485
-0.0223658 0.0256697 0.99942 35.6116 0.0256697 0.999355 -0.0250936 -3.68438 -0.99942 0.0250936 -0.0230104 110.449
-0.0251679 0.0259923 0.999345 36.4082 0.0259923 0.999341 -0.0253376 -3.71971 -0.999345 0.0253376 -0.0258269 110.455
-0.0268333 0.0285212 0.999233 37.2023 0.0285212 0.999208 -0.0277546 -3.74954 -0.999233 0.0277546 -0.0276255 110.424
-0.0284901 0.0280089 0.999202 37.992 0.0280089 0.999237 -0.0272113 -3.7872 -0.999202 0.0272113 -0.0292529 110.397
-0.0304489 0.0285083 0.99913 38.7745 0.0285083 0.999211 -0.0276418 -3.82364 -0.99913 0.0276418 -0.0312376 110.371
-0.0317098 0.027298 0.999124 39.5552 0.027298 0.999278 -0.0264359 -3.84971 -0.999124 0.0264359 -0.0324321 110.341
-0.0327564 0.0288712 0.999046 40.3252 0.0288712 0.999193 -0.0279288 -3.89471 -0.999046 0.0279288 -0.0335635 110.312
-0.0342906 0.0273559 0.999037 41.098 0.0273559 0.999276 -0.0264235 -3.92736 -0.999037 0.0264235 -0.0350141 110.28
-0.0356463 0.025978 0.999027 41.8657 0.025978 0.999348 -0.0250594 -3.96208 -0.999027 0.0250594 -0.0362979 110.257
-0.0366187 0.0279751 0.998938 42.6255 0.0279751 0.999245 -0.0269582 -3.99776 -0.998938 0.0269582 -0.0373737 110.228
-0.0376648 0.0285694 0.998882 43.3754 0.0285694 0.999213 -0.0275016 -4.02312 -0.998882 0.0275016 -0.0384514 110.206
-0.0384298 0.0302613 0.998803 44.1081 0.0302613 0.999118 -0.0291065 -4.06458 -0.998803 0.0291065 -0.0393117 110.181
-0.0391421 0.0302696 0.998775 44.8226 0.0302696 0.999118 -0.0290938 -4.09607 -0.998775 0.0290938 -0.0400239 110.157
-0.0444356 0.0245005 0.998712 45.5217 0.0245005 0.999425 -0.0234279 -4.18478 -0.998712 0.0234279 -0.0450103 110.206
-0.0422316 0.0279965 0.998716 46.2256 0.0279965 0.999248 -0.0268276 -4.18766 -0.998716 0.0268276 -0.0429836 110.142
-0.0426958 0.0310486 0.998606 46.9209 0.0310486 0.999075 -0.0297357 -4.24767 -0.998606 0.0297357 -0.0436204 110.127
-0.0425969 0.0297053 0.998651 47.6127 0.0297053 0.999154 -0.0284532 -4.2863 -0.998651 0.0284532 -0.0434433 110.085
-0.0412631 0.0304112 0.998685 48.3075 0.0304112 0.999112 -0.0291677 -4.31305 -0.998685 0.0291677 -0.0421513 110.041
-0.0415612 0.0276857 0.998752 48.9946 0.0276857 0.999264 -0.0265478 -4.34125 -0.998752 0.0265478 -0.0422971 110.004
-0.0413806 0.0329496 0.9986 49.68 0.0329496 0.998957 -0.031596 -4.37768 -0.9986 0.031596 -0.0424231 109.987
-0.0431267 0.0377427 0.998356 50.3636 0.0377427 0.998634 -0.0361228 -4.37529 -0.998356 0.0361228 -0.0444923 110.006
-0.0408349 0.0320888 0.998651 51.0385 0.0320888 0.999011 -0.0307883 -4.40748 -0.998651 0.0307883 -0.0418242 109.942
-0.0409117 0.0315733 0.998664 51.7089 0.0315733 0.999042 -0.0302919 -4.46871 -0.998664 0.0302919 -0.0418694 109.9
-0.0439176 0.038428 0.998296 52.3658 0.038428 0.998585 -0.0367486 -4.58628 -0.998296 0.0367486 -0.0453322 109.874
-0.0500421 0.0406871 0.997918 53.0401 0.0406871 0.998423 -0.0386674 -4.55727 -0.997918 0.0386674 -0.0516187 109.86
-0.055791 0.0367852 0.997765 53.6973 0.0367852 0.998718 -0.0347635 -4.60313 -0.997765 0.0347635 -0.0570726 109.803
-0.0624917 0.0352001 0.997425 54.3552 0.0352001 0.998834 -0.0330444 -4.65686 -0.997425 0.0330444 -0.0636579 109.746
-0.0701023 0.0366743 0.996865 55.0256 0.0366743 0.998743 -0.0341643 -4.68199 -0.996865 0.0341643 -0.0713592 109.7
-0.0758232 0.0404955 0.996299 55.6966 0.0404955 0.998476 -0.0375021 -4.7188 -0.996299 0.0375021 -0.0773475 109.645
-0.0813354 0.0421037 0.995797 56.3722 0.0421037 0.998361 -0.0387731 -4.75763 -0.995797 0.0387731 -0.0829748 109.582
-0.0858575 0.0452139 0.995281 57.0523 0.0452139 0.998117 -0.0414424 -4.78818 -0.995281 0.0414424 -0.0877401 109.525
-0.089889 0.0484023 0.994775 57.74 0.0484023 0.99785 -0.0441782 -4.82773 -0.994775 0.0441782 -0.0920385 109.465
-0.0918482 0.0477927 0.994625 58.4358 0.0477927 0.997908 -0.043537 -4.86479 -0.994625 0.043537 -0.0939402 109.39
-0.0939366 0.045144 0.994554 59.1459 0.045144 0.998137 -0.0410427 -4.89263 -0.994554 0.0410427 -0.0957996 109.323
-0.0951555 0.047503 0.994328 59.8688 0.047503 0.99794 -0.0431296 -4.93914 -0.994328 0.0431296 -0.097216 109.255
-0.0968682 0.0494423 0.994068 60.5949 0.0494423 0.997771 -0.0448085 -4.96978 -0.994068 0.0448085 -0.0990968 109.191
-0.097491 0.0460967 0.994168 61.3226 0.0460967 0.998064 -0.0417569 -5.01155 -0.994168 0.0417569 -0.0994272 109.115
-0.098934 0.03956 0.994307 62.055 0.03956 0.998576 -0.0357936 -5.06474 -0.994307 0.0357936 -0.100358 109.04
-0.0999077 0.031288 0.994505 62.7943 0.031288 0.99911 -0.0282897 -5.1147 -0.994505 0.0282897 -0.100798 108.952
-0.100616 0.0304209 0.99446 63.5393 0.0304209 0.999159 -0.0274867 -5.15007 -0.99446 0.0274867 -0.101457 108.877
-0.101752 0.0345321 0.99421 64.2896 0.0345321 0.998918 -0.0311614 -5.18591 -0.99421 0.0311614 -0.102834 108.822
-0.100955 0.0344584 0.994294 65.0419 0.0344584 0.998921 -0.0311201 -5.21172 -0.994294 0.0311201 -0.102034 108.745
-0.101104 0.0320067 0.994361 65.7886 0.0320067 0.99907 -0.0289039 -5.23392 -0.994361 0.0289039 -0.102034 108.664
-0.101841 0.0310485 0.994316 66.5428 0.0310485 0.999125 -0.0280185 -5.27658 -0.994316 0.0280185 -0.102716 108.588
-0.103479 0.0329156 0.994087 67.2871 0.0329156 0.999018 -0.0296525 -5.30755 -0.994087 0.0296525 -0.10446 108.515
-0.0986509 0.0295753 0.994683 67.9804 0.0295753 0.999204 -0.0267765 -5.37138 -0.994683 0.0267765 -0.0994471 108.24
-0.110573 0.0328856 0.993324 68.7565 0.0328856 0.999026 -0.0294137 -5.40266 -0.993324 0.0294137 -0.111547 108.427
-0.108674 0.0306915 0.993604 69.4978 0.0306915 0.99915 -0.027506 -5.44477 -0.993604 0.027506 -0.109524 108.237
-0.111651 0.0332545 0.993191 70.2486 0.0332545 0.999005 -0.0297108 -5.48988 -0.993191 0.0297108 -0.112646 108.189
-0.113715 0.0347777 0.992905 71.0047 0.0347777 0.998914 -0.0310051 -5.50719 -0.992905 0.0310051 -0.114801 108.104
-0.114861 0.0343277 0.992788 71.7574 0.0343277 0.998943 -0.030569 -5.56728 -0.992788 0.030569 -0.115918 108.015
-0.114354 0.033607 0.992871 72.5166 0.033607 0.998986 -0.0299433 -5.59298 -0.992871 0.0299433 -0.115367 107.921
-0.115224 0.034528 0.992739 73.2792 0.034528 0.998931 -0.0307358 -5.62404 -0.992739 0.0307358 -0.116293 107.816
-0.11614 0.0359903 0.992581 74.0515 0.0359903 0.998839 -0.0320061 -5.67616 -0.992581 0.0320061 -0.117301 107.739
-0.118058 0.0379829 0.99228 74.8292 0.0379829 0.99871 -0.0337099 -5.69501 -0.99228 0.0337099 -0.119349 107.665
-0.118337 0.0408512 0.992133 75.608 0.0408512 0.998508 -0.0362412 -5.73317 -0.992133 0.0362412 -0.119829 107.559
-0.120648 0.0394099 0.991913 76.3923 0.0394099 0.998614 -0.0348827 -5.77324 -0.991913 0.0348827 -0.122034 107.462
-0.123006 0.0384799 0.99166 77.1839 0.0384799 0.998681 -0.0339793 -5.80796 -0.99166 0.0339793 -0.124324 107.37
-0.12411 0.0370245 0.991577 77.9757 0.0370245 0.998781 -0.0326593 -5.84742 -0.991577 0.0326593 -0.12533 107.251
-0.126073 0.0362265 0.991359 78.7735 0.0362265 0.998835 -0.0318926 -5.8955 -0.991359 0.0318926 -0.127239 107.159
-0.12621 0.0306511 0.99153 79.5735 0.0306511 0.999166 -0.0269856 -5.93186 -0.99153 0.0269856 -0.127044 107.038
-0.128019 0.0283584 0.991366 80.3819 0.0283584 0.999287 -0.0249229 -5.97131 -0.991366 0.0249229 -0.128732 106.94
-0.128113 0.0272165 0.991386 81.2003 0.0272165 0.999343 -0.0239178 -6.01576 -0.991386 0.0239178 -0.128769 106.841
-0.127373 0.0225322 0.991599 82.0235 0.0225322 0.99955 -0.0198186 -6.0476 -0.991599 0.0198186 -0.127823 106.725
-0.127957 0.0263249 0.99143 82.8531 0.0263249 0.999386 -0.0231386 -6.06343 -0.99143 0.0231386 -0.128572 106.604
-0.127802 0.0260846 0.991457 83.6913 0.0260846 0.999397 -0.0229311 -6.09508 -0.991457 0.0229311 -0.128406 106.528
-0.125264 0.0268902 0.991759 84.5296 0.0268902 0.999357 -0.0236998 -6.12154 -0.991759 0.0236998 -0.125907 106.418
-0.124324 0.0279458 0.991848 85.3797 0.0279458 0.999305 -0.024653 -6.1503 -0.991848 0.024653 -0.125019 106.322
-0.122285 0.0274515 0.992115 86.2304 0.0274515 0.999329 -0.0242675 -6.18093 -0.992115 0.0242675 -0.122956 106.231
-0.120607 0.0299896 0.992247 87.0814 0.0299896 0.999197 -0.0265545 -6.21627 -0.992247 0.0265545 -0.121409 106.143
-0.119408 0.0280459 0.992449 87.9294 0.0280459 0.999297 -0.024865 -6.25212 -0.992449 0.024865 -0.120111 106.05
-0.118025 0.0264292 0.992659 88.777 0.0264292 0.999375 -0.0234657 -6.30233 -0.992659 0.0234657 -0.11865 105.953
-0.116844 0.0241132 0.992857 89.6277 0.0241132 0.999479 -0.0214363 -6.34932 -0.992857 0.0214363 -0.117365 105.857
-0.115032 0.0298302 0.992914 90.4899 0.0298302 0.999202 -0.0265632 -6.39303 -0.992914 0.0265632 -0.11583 105.773
-0.114085 0.0276122 0.993087 91.356 0.0276122 0.999316 -0.0246133 -6.40876 -0.993087 0.0246133 -0.114769 105.671
-0.113376 0.0276228 0.993168 92.2225 0.0276228 0.999315 -0.0246405 -6.45469 -0.993168 0.0246405 -0.114061 105.584
-0.112515 0.0263521 0.993301 93.0822 0.0263521 0.999376 -0.0235282 -6.48038 -0.993301 0.0235282 -0.113139 105.481
-0.112457 0.0297245 0.993212 93.9489 0.0297245 0.999206 -0.0265383 -6.50731 -0.993212 0.0265383 -0.113251 105.406
-0.112658 0.0285124 0.993225 94.8126 0.0285124 0.999269 -0.0254519 -6.55137 -0.993225 0.0254519 -0.113388 105.315
-0.110292 0.0235389 0.99362 95.6729 0.0235389 0.999501 -0.0210654 -6.57537 -0.99362 0.0210654 -0.110791 105.194
-0.109875 0.0213295 0.993717 96.5283 0.0213295 0.99959 -0.0190972 -6.60736 -0.993717 0.0190972 -0.110285 105.107
-0.109555 0.0205614 0.993768 97.384 0.0205614 0.999619 -0.0184158 -6.65175 -0.993768 0.0184158 -0.109936 105.016
-0.108296 0.0232592 0.993847 98.2371 0.0232592 0.999512 -0.0208573 -6.67948 -0.993847 0.0208573 -0.108784 104.926
-0.107701 0.0292136 0.993754 99.0918 0.0292136 0.99923 -0.0262085 -6.7125 -0.993754 0.0262085 -0.108472 104.849
-0.107827 0.0361955 0.993511 99.9431 0.0361955 0.998817 -0.0324604 -6.74639 -0.993511 0.0324604 -0.10901 104.775
-0.108462 0.0387946 0.993343 100.785 0.0387946 0.998642 -0.0347656 -6.78143 -0.993343 0.0347656 -0.10982 104.691
-0.110234 0.0430976 0.992971 101.619 0.0430976 0.998327 -0.0385456 -6.83513 -0.992971 0.0385456 -0.111907 104.608
-0.10965 0.0432803 0.993027 102.446 0.0432803 0.998312 -0.0387316 -6.88821 -0.993027 0.0387316 -0.111338 104.5
-0.110797 0.0396414 0.993052 103.276 0.0396414 0.998585 -0.0354394 -6.93937 -0.993052 0.0354394 -0.112212 104.43
-0.111292 0.0383519 0.993047 104.1 0.0383519 0.998676 -0.0342712 -6.99091 -0.993047 0.0342712 -0.112616 104.326
-0.105531 0.0308562 0.993937 104.914 0.0308562 0.999139 -0.0277416 -6.98645 -0.993937 0.0277416 -0.106393 104.213
-0.111877 0.0344096 0.993126 105.73 0.0344096 0.998935 -0.0307346 -7.08774 -0.993126 0.0307346 -0.112942 104.148
-0.112659 0.0328751 0.99309 106.537 0.0328751 0.999029 -0.0293423 -7.14897 -0.99309 0.0293423 -0.11363 104.068
-0.112614 0.0330849 0.993088 107.341 0.0330849 0.999016 -0.0295307 -7.17168 -0.993088 0.0295307 -0.113597 103.961
-0.115732 0.0371232 0.992587 108.142 0.0371232 0.998765 -0.0330259 -7.21779 -0.992587 0.0330259 -0.116967 103.889
-0.119072 0.0381452 0.992153 108.932 0.0381452 0.9987 -0.033819 -7.26874 -0.992153 0.033819 -0.120372 103.8
-0.121788 0.0362861 0.991893 109.716 0.0362861 0.998826 -0.0320844 -7.29829 -0.991893 0.0320844 -0.122962 103.686
-0.125091 0.0393459 0.991365 110.494 0.0393459 0.998624 -0.0346693 -7.35812 -0.991365 0.0346693 -0.126467 103.588
-0.130108 0.0406078 0.990668 111.276 0.0406078 0.998541 -0.0355973 -7.39462 -0.990668 0.0355973 -0.131567 103.522
-0.132031 0.0379011 0.990521 112.045 0.0379011 0.998731 -0.0331632 -7.43403 -0.990521 0.0331632 -0.1333 103.382
-0.133595 0.0337646 0.990461 112.811 0.0337646 0.998994 -0.0295013 -7.4733 -0.990461 0.0295013 -0.134601 103.255
-0.137309 0.0453484 0.98949 113.582 0.0453484 0.998192 -0.0394543 -7.5225 -0.98949 0.0394543 -0.139117 103.201
-0.139454 0.0453357 0.98919 114.34 0.0453357 0.998196 -0.0393571 -7.57317 -0.98919 0.0393571 -0.141258 103.107
-0.141674 0.0392921 0.989133 115.095 0.0392921 0.998648 -0.0340423 -7.60287 -0.989133 0.0340423 -0.143026 102.971
-0.145254 0.0390098 0.988625 115.857 0.0390098 0.998671 -0.0336747 -7.66003 -0.988625 0.0336747 -0.146582 102.866
-0.147897 0.0428524 0.988074 116.621 0.0428524 0.9984 -0.036886 -7.68942 -0.988074 0.036886 -0.149497 102.739
-0.149885 0.044882 0.987684 117.38 0.044882 0.998248 -0.038551 -7.71632 -0.987684 0.038551 -0.151637 102.635
-0.152867 0.0455802 0.987195 118.131 0.0455802 0.998198 -0.0390301 -7.76006 -0.987195 0.0390301 -0.154669 102.547
-0.155014 0.0470708 0.98679 118.873 0.0470708 0.998082 -0.0402151 -7.80726 -0.98679 0.0402151 -0.156932 102.41
-0.15784 0.0467527 0.986357 119.615 0.0467527 0.998112 -0.0398284 -7.85856 -0.986357 0.0398284 -0.159728 102.302
-0.160129 0.039606 0.986301 120.348 0.039606 0.998648 -0.0336717 -7.89037 -0.986301 0.0336717 -0.161481 102.148
-0.162779 0.0421632 0.985761 121.085 0.0421632 0.998471 -0.0357444 -7.9516 -0.985761 0.0357444 -0.164308 102.047
-0.165659 0.0413269 0.985317 121.815 0.0413269 0.998535 -0.0349331 -7.99744 -0.985317 0.0349331 -0.167124 101.913
-0.168657 0.0417947 0.984788 122.553 0.0417947 0.998505 -0.035219 -8.02724 -0.984788 0.035219 -0.170152 101.803
-0.172854 0.0394832 0.984156 123.287 0.0394832 0.998671 -0.0331309 -8.07097 -0.984156 0.0331309 -0.174183 101.665
-0.178648 0.0365626 0.983234 124.014 0.0365626 0.998866 -0.0305007 -8.09262 -0.983234 0.0305007 -0.179782 101.529
-0.185021 0.0388828 0.981965 124.738 0.0388828 0.998724 -0.0322202 -8.12496 -0.981965 0.0322202 -0.186297 101.391
-0.19251 0.0411066 0.980434 125.448 0.0411066 0.998583 -0.0337962 -8.16638 -0.980434 0.0337962 -0.193927 101.22
-0.202887 0.0430965 0.978253 126.16 0.0430965 0.998456 -0.0350484 -8.19875 -0.978253 0.0350484 -0.204431 101.065
-0.215218 0.0433835 0.975602 126.867 0.0433835 0.998451 -0.0348291 -8.24159 -0.975602 0.0348291 -0.216767 100.903
-0.227313 0.0427532 0.972883 127.566 0.0427532 0.998511 -0.0338902 -8.27708 -0.972883 0.0338902 -0.228803 100.708
-0.23932 0.0397562 0.970126 128.264 0.0397562 0.998725 -0.0311207 -8.30963 -0.970126 0.0311207 -0.240596 100.513
-0.251046 0.0387369 0.9672 128.96 0.0387369 0.998801 -0.029948 -8.34831 -0.9672 0.029948 -0.252246 100.317
-0.260774 0.0336892 0.964812 129.645 0.0336892 0.9991 -0.0257808 -8.3847 -0.964812 0.0257808 -0.261674 100.095
-0.270903 0.0280318 0.962198 130.338 0.0280318 0.999382 -0.0212228 -8.41322 -0.962198 0.0212228 -0.271521 99.8924
-0.278797 0.0225704 0.960085 131.021 0.0225704 0.999602 -0.0169452 -8.43834 -0.960085 0.0169452 -0.279195 99.6668
-0.285571 0.022849 0.958085 131.705 0.022849 0.999594 -0.0170285 -8.46711 -0.958085 0.0170285 -0.285978 99.4615
-0.290216 0.0203727 0.956744 132.383 0.0203727 0.999678 -0.0151072 -8.48399 -0.956744 0.0151072 -0.290538 99.2328
-0.29282 0.0140302 0.956064 133.064 0.0140302 0.999848 -0.0103756 -8.49908 -0.956064 0.0103756 -0.292973 99.0193
-0.293807 0.00890679 0.955823 133.736 0.00890679 0.999939 -0.00658005 -8.51792 -0.955823 0.00658005 -0.293868 98.793
-0.29444 0.00481927 0.955658 134.408 0.00481927 0.999982 -0.00355797 -8.52638 -0.955658 0.00355797 -0.294458 98.5811
-0.293489 0.000785893 0.955962 135.069 0.000785893 1 -0.00058082 -8.55179 -0.955962 0.00058082 -0.29349 98.3728
-0.294372 0.000298729 0.955691 135.737 0.000298729 1 -0.000220565 -8.56797 -0.955691 0.000220565 -0.294372 98.1964
-0.293418 -0.0018723 0.955983 136.394 -0.0018723 0.999997 0.00138384 -8.59012 -0.955983 -0.00138384 -0.29342 97.9935
-0.290558 -0.005143 0.956844 137.051 -0.005143 0.99998 0.00381311 -8.59085 -0.956844 -0.00381311 -0.290578 97.7892
-0.289301 -0.00522671 0.957224 137.707 -0.00522671 0.999979 0.0038805 -8.60145 -0.957224 -0.0038805 -0.289323 97.5969
-0.290228 -0.00454948 0.956947 138.358 -0.00454948 0.999984 0.0033743 -8.60985 -0.956947 -0.0033743 -0.290244 97.4312
-0.285339 -0.00982076 0.958376 138.986 -0.00982076 0.999925 0.00732257 -8.62499 -0.958376 -0.00732257 -0.285414 97.2094
-0.283618 -0.0029698 0.958933 139.642 -0.0029698 0.999993 0.0022186 -8.6537 -0.958933 -0.0022186 -0.283625 97.1338
-0.277075 -0.0103797 0.960792 140.269 -0.0103797 0.999916 0.00780908 -8.63966 -0.960792 -0.00780908 -0.277159 96.9137
-0.271262 -0.00996125 0.962454 140.899 -0.00996125 0.999922 0.00754152 -8.65805 -0.962454 -0.00754152 -0.27134 96.7398
-0.267163 -0.00689756 0.963627 141.533 -0.00689756 0.999962 0.00524531 -8.66115 -0.963627 -0.00524531 -0.267201 96.606
-0.263044 -0.00905154 0.964741 142.151 -0.00905154 0.999935 0.00691377 -8.65763 -0.964741 -0.00691377 -0.263109 96.4338
-0.259515 -0.00926943 0.965695 142.772 -0.00926943 0.999932 0.00710705 -8.65753 -0.965695 -0.00710705 -0.259583 96.2878
-0.257134 -0.0098838 0.966325 143.386 -0.0098838 0.999922 0.00759741 -8.6722 -0.966325 -0.00759741 -0.257212 96.127
-0.252339 -0.0154192 0.967516 144 -0.0154192 0.99981 0.0119124 -8.6763 -0.967516 -0.0119124 -0.252529 95.9786
-0.249533 -0.0111225 0.968303 144.598 -0.0111225 0.999901 0.00861917 -8.6838 -0.968303 -0.00861917 -0.249632 95.8164
-0.246351 -0.00595833 0.969162 145.193 -0.00595833 0.999972 0.0046332 -8.69369 -0.969162 -0.0046332 -0.246379 95.6805
-0.243056 -0.00537679 0.969997 145.787 -0.00537679 0.999977 0.00419569 -8.70164 -0.969997 -0.00419569 -0.243079 95.558
-0.236034 -0.0127879 0.971661 146.367 -0.0127879 0.999868 0.0100527 -8.72246 -0.971661 -0.0100527 -0.236166 95.3945
-0.230416 -0.0107401 0.973033 146.958 -0.0107401 0.999906 0.00849348 -8.72874 -0.973033 -0.00849348 -0.23051 95.3099
-0.222548 -0.00422659 0.974912 147.541 -0.00422659 0.999985 0.00337047 -8.73565 -0.974912 -0.00337047 -0.222563 95.1913
