1 -8.22789e-007 -0.00085052 -0.0332714 -8.22789e-007 0.999998 -0.00193479 -0.0106501 0.00085052 0.00193479 0.999998 0.665833
1 -1.71017e-006 -0.000963462 -0.103074 -1.71017e-006 0.999994 -0.00355004 -0.0155487 0.000963462 0.00355004 0.999993 1.32726
0.99995 -2.10532e-005 -0.00997822 -0.112257 -2.10532e-005 0.999991 -0.00421972 -0.0327327 0.00997822 0.00421972 0.999941 1.99522
0.99995 -2.10532e-005 -0.00997822 -0.12144 -2.10532e-005 0.999991 -0.00421972 -0.0499166 0.00997822 0.00421972 0.999941 2.66318
0.999898 -2.95819e-005 -0.0142756 -0.134042 -2.95819e-005 0.999991 -0.00414417 -0.0592817 0.0142756 0.00414417 0.99989 3.36411
0.999864 -4.49715e-005 -0.0164619 -0.176392 -4.49715e-005 0.999985 -0.00546328 -0.0652034 0.0164619 0.00546328 0.99985 4.06374
0.999772 -6.36651e-005 -0.0213636 -0.208506 -6.36651e-005 0.999982 -0.00595942 -0.072079 0.0213636 0.00595942 0.999754 4.78759
0.999685 -5.12804e-005 -0.0250781 -0.239303 -5.12804e-005 0.999992 -0.00408901 -0.0822063 0.0250781 0.00408901 0.999677 5.52891
0.999581 -2.70582e-005 -0.0289337 -0.264832 -2.70582e-005 0.999998 -0.00186997 -0.0853368 0.0289337 0.00186997 0.99958 6.27717
0.999524 1.22319e-005 -0.0308623 -0.311537 1.22319e-005 1 0.000792484 -0.0941954 0.0308623 -0.000792484 0.999523 7.04433
0.999451 4.4038e-006 -0.0331204 -0.352117 4.4038e-006 1 0.000265854 -0.100043 0.0331204 -0.000265854 0.999451 7.82731
0.99946 4.08799e-006 -0.0328653 -0.41858 4.08799e-006 1 0.000248705 -0.106559 0.0328653 -0.000248705 0.99946 8.61635
0.999384 -6.03233e-006 -0.0350844 -0.442373 -6.03233e-006 1 -0.000343769 -0.112972 0.0350844 0.000343769 0.999384 9.41756
0.999272 2.28656e-005 -0.0381511 -0.448741 2.28656e-005 0.999999 0.00119825 -0.129015 0.0381511 -0.00119825 0.999271 10.2165
0.999082 2.55762e-005 -0.0428368 -0.442004 2.55762e-005 0.999999 0.00119358 -0.140508 0.0428368 -0.00119358 0.999081 11.0288
0.999042 -1.80446e-005 -0.0437698 -0.496865 -1.80446e-005 1 -0.000824126 -0.149545 0.0437698 0.000824126 0.999041 11.8369
0.999033 -7.38507e-005 -0.0439698 -0.548416 -7.38507e-005 0.999994 -0.00335752 -0.15816 0.0439698 0.00335752 0.999027 12.6516
0.999019 -0.000106422 -0.0442804 -0.612681 -0.000106422 0.999988 -0.00480433 -0.166149 0.0442804 0.00480433 0.999008 13.4681
0.998941 -8.37714e-005 -0.0460119 -0.647694 -8.37714e-005 0.999993 -0.00363935 -0.18577 0.0460119 0.00363935 0.998934 14.2918
0.99883 -6.52058e-005 -0.0483554 -0.667861 -6.52058e-005 0.999996 -0.00269536 -0.195019 0.0483554 0.00269536 0.998827 15.1161
0.998754 -2.80549e-005 -0.0498952 -0.71463 -2.80549e-005 0.999999 -0.00112385 -0.203687 0.0498952 0.00112385 0.998754 15.9498
0.998706 -2.56661e-005 -0.0508535 -0.734297 -2.56661e-005 0.999999 -0.00100876 -0.218411 0.0508535 0.00100876 0.998706 16.7723
0.998622 -4.44998e-005 -0.0524801 -0.780048 -4.44998e-005 0.999999 -0.0016947 -0.23006 0.0524801 0.0016947 0.998621 17.5998
0.998515 -6.79602e-005 -0.0544834 -0.812737 -6.79602e-005 0.999997 -0.00249286 -0.242727 0.0544834 0.00249286 0.998512 18.4316
0.99849 -4.45677e-005 -0.0549377 -0.860779 -4.45677e-005 0.999999 -0.00162126 -0.247788 0.0549377 0.00162126 0.998488 19.2637
0.998487 5.22866e-005 -0.0549839 -0.905758 5.22866e-005 0.999998 0.00190045 -0.260106 0.0549839 -0.00190045 0.998485 20.091
0.998402 0.000161316 -0.056513 -0.919174 0.000161316 0.999984 0.00570438 -0.284128 0.056513 -0.00570438 0.998386 20.9349
0.998554 0.000221709 -0.0537637 -0.982978 0.000221709 0.999966 0.00824144 -0.281221 0.0537637 -0.00824144 0.99852 21.7921
0.998765 0.000161 -0.0496889 -1.00958 0.000161 0.999979 0.00647624 -0.290088 0.0496889 -0.00647624 0.998744 22.6571
0.998765 0.000161 -0.0496889 -1.03618 0.000161 0.999979 0.00647624 -0.298955 0.0496889 -0.00647624 0.998744 23.522
0.998923 3.56754e-005 -0.0463925 -1.11674 3.56754e-005 0.999999 0.00153715 -0.295594 0.0463925 -0.00153715 0.998922 24.4017
0.998996 -3.71412e-005 -0.0448076 -1.16023 -3.71412e-005 0.999999 -0.00165697 -0.298126 0.0448076 0.00165697 0.998994 25.2841
0.999022 -1.25099e-005 -0.0442078 -1.19486 -1.25099e-005 1 -0.000565685 -0.313619 0.0442078 0.000565685 0.999022 26.1683
0.998984 0.000100177 -0.0450647 -1.22683 0.000100177 0.99999 0.00444366 -0.32376 0.0450647 -0.00444366 0.998974 27.0598
0.998985 0.000172206 -0.0450382 -1.27194 0.000172206 0.999971 0.00764311 -0.330426 0.0450382 -0.00764311 0.998956 27.9519
0.998906 0.000157909 -0.046756 -1.29648 0.000157909 0.999977 0.00675084 -0.342996 0.046756 -0.00675084 0.998884 28.854
0.998835 6.7142e-005 -0.0482594 -1.33728 6.7142e-005 0.999996 0.00278092 -0.347085 0.0482594 -0.00278092 0.998831 29.755
0.99873 -1.93395e-005 -0.0503889 -1.3761 -1.93395e-005 1 -0.000767122 -0.357408 0.0503889 0.000767122 0.998729 30.6512
0.998623 -4.09907e-005 -0.0524679 -1.42443 -4.09907e-005 0.999999 -0.00156143 -0.36449 0.0524679 0.00156143 0.998621 31.5374
0.998594 -1.25352e-005 -0.0530074 -1.50224 -1.25352e-005 1 -0.000472627 -0.363985 0.0530074 0.000472627 0.998594 32.438
0.998523 7.29233e-005 -0.0543276 -1.54561 7.29233e-005 0.999996 0.00268259 -0.378826 0.0543276 -0.00268259 0.99852 33.3209
0.998537 0.000115365 -0.0540739 -1.61122 0.000115365 0.999991 0.0042638 -0.390371 0.0540739 -0.0042638 0.998528 34.2117
0.998512 0.000182414 -0.0545309 -1.66831 0.000182414 0.999978 0.00668524 -0.392514 0.0545309 -0.00668524 0.99849 35.1062
0.998525 0.000255954 -0.0542945 -1.71862 0.000255954 0.999956 0.00942121 -0.393488 0.0542945 -0.00942121 0.998481 36.0109
0.998414 0.000331455 -0.0563007 -1.76606 0.000331455 0.999931 0.0117647 -0.392134 0.0563007 -0.0117647 0.998345 36.9317
0.998568 0.000315277 -0.0534904 -1.87237 0.000315277 0.999931 0.0117793 -0.397647 0.0534904 -0.0117793 0.998499 37.8713
0.998548 0.000219392 -0.0538719 -1.92847 0.000219392 0.999967 0.0081389 -0.40158 0.0538719 -0.0081389 0.998515 38.818
0.998548 0.000219392 -0.0538719 -1.98458 0.000219392 0.999967 0.0081389 -0.405513 0.0538719 -0.0081389 0.998515 39.7647
0.998415 0.000225883 -0.0562779 -2.02864 0.000225883 0.999968 0.00802094 -0.407899 0.0562779 -0.00802094 0.998383 40.713
0.998204 0.000268666 -0.0599138 -2.0478 0.000268666 0.99996 0.00896019 -0.411536 0.0599138 -0.00896019 0.998163 41.6707
0.998054 0.000318099 -0.0623557 -2.09517 0.000318099 0.999948 0.0101925 -0.421137 0.0623557 -0.0101925 0.998002 42.6207
0.998051 0.000208619 -0.0624054 -2.17362 0.000208619 0.999978 0.00667934 -0.426103 0.0624054 -0.00667934 0.998029 43.5807
0.998046 7.51543e-005 -0.0624885 -2.26155 7.51543e-005 0.999997 0.00240303 -0.418231 0.0624885 -0.00240303 0.998043 44.5369
0.998029 3.9685e-005 -0.0627569 -2.32462 3.9685e-005 0.999999 0.00126347 -0.425821 0.0627569 -0.00126347 0.998028 45.474
0.99795 0.000151631 -0.063996 -2.3637 0.000151631 0.999989 0.00473387 -0.437277 0.063996 -0.00473387 0.997939 46.4064
0.997961 0.000248464 -0.063824 -2.43104 0.000248464 0.99997 0.00777784 -0.447207 0.063824 -0.00777784 0.997931 47.3331
0.997925 0.000274974 -0.0643855 -2.48833 0.000274974 0.999964 0.00853247 -0.455335 0.0643855 -0.00853247 0.997889 48.2635
0.997929 0.000246426 -0.0643318 -2.54835 0.000246426 0.999971 0.00765304 -0.469647 0.0643318 -0.00765304 0.997899 49.1814
0.997947 0.00019072 -0.0640505 -2.6142 0.00019072 0.999982 0.00594912 -0.476543 0.0640505 -0.00594912 0.997929 50.096
0.997999 0.000205235 -0.063224 -2.69742 0.000205235 0.999979 0.00648574 -0.476555 0.063224 -0.00648574 0.997978 51.0004
0.998042 0.000310071 -0.0625391 -2.78681 0.000310071 0.999951 0.00990613 -0.476982 0.0625391 -0.00990613 0.997993 51.9091
0.997951 0.000457619 -0.0639738 -2.82889 0.000457619 0.999898 0.0142911 -0.478433 0.0639738 -0.0142911 0.997849 52.8122
0.997824 0.000533005 -0.0659277 -2.88022 0.000533005 0.999869 0.0161507 -0.476348 0.0659277 -0.0161507 0.997694 53.7288
0.99776 0.00040909 -0.0668918 -2.9556 0.00040909 0.999925 0.0122172 -0.480046 0.0668918 -0.0122172 0.997685 54.6413
0.997673 0.000169886 -0.068185 -3.02258 0.000169886 0.999988 0.00497726 -0.488026 0.068185 -0.00497726 0.99766 55.5516
0.997619 1.63604e-005 -0.0689658 -3.08898 1.63604e-005 1 0.000473885 -0.502924 0.0689658 -0.000473885 0.997619 56.4502
0.997546 5.48282e-005 -0.070016 -3.15705 5.48282e-005 0.999999 0.00156424 -0.506575 0.070016 -0.00156424 0.997545 57.3378
0.99747 0.000150164 -0.0710875 -3.22746 0.000150164 0.999991 0.00421939 -0.520724 0.0710875 -0.00421939 0.997461 58.2202
0.997337 0.000204519 -0.0729288 -3.28054 0.000204519 0.999984 0.00560121 -0.532415 0.0729288 -0.00560121 0.997321 59.0891
0.997264 0.000211741 -0.0739212 -3.35895 0.000211741 0.999984 0.00572095 -0.541494 0.0739212 -0.00572095 0.997248 59.952
0.997057 0.000278732 -0.076662 -3.44035 0.000278732 0.999974 0.00726091 -0.562855 0.076662 -0.00726091 0.997031 60.7939
0.99687 0.000301291 -0.0790591 -3.49979 0.000301291 0.999971 0.00760988 -0.569184 0.0790591 -0.00760988 0.996841 61.6391
0.996755 0.000330609 -0.0804995 -3.57063 0.000330609 0.999966 0.00820048 -0.580065 0.0804995 -0.00820048 0.996721 62.4751
0.996714 0.000365894 -0.0809991 -3.65239 0.000365894 0.999959 0.00901948 -0.584169 0.0809991 -0.00901948 0.996673 63.3037
0.996578 0.000497861 -0.0826572 -3.72031 0.000497861 0.999928 0.0120254 -0.589032 0.0826572 -0.0120254 0.996505 64.1221
0.996642 0.000654121 -0.0818833 -3.81841 0.000654121 0.999873 0.0159491 -0.587363 0.0818833 -0.0159491 0.996514 64.9368
0.996533 0.000734016 -0.0831948 -3.90851 0.000734016 0.999845 0.0176138 -0.579316 0.0831948 -0.0176138 0.996378 65.7581
0.996739 0.000544965 -0.0806908 -4.05546 0.000544965 0.999909 0.0134848 -0.577775 0.0806908 -0.0134848 0.996648 66.5641
0.996498 2.20949e-005 -0.0836156 -4.11707 2.20949e-005 1 0.000527563 -0.587701 0.0836156 -0.000527563 0.996498 67.3641
0.996498 2.20949e-005 -0.0836156 -4.17867 2.20949e-005 1 0.000527563 -0.597627 0.0836156 -0.000527563 0.996498 68.1642
0.996189 3.13363e-005 -0.0872251 -4.1766 3.13363e-005 1 0.000717147 -0.627058 0.0872251 -0.000717147 0.996188 68.9131
0.996005 0.00026641 -0.0892959 -4.25539 0.00026641 0.999982 0.00595493 -0.630842 0.0892959 -0.00595493 0.995987 69.6582
0.996005 0.00026641 -0.0892959 -4.33419 0.00026641 0.999982 0.00595493 -0.634627 0.0892959 -0.00595493 0.995987 70.4033
0.995975 0.000116679 -0.0896359 -4.40706 0.000116679 0.999997 0.00259816 -0.648474 0.0896359 -0.00259816 0.995971 71.1184
0.996044 -0.000359673 -0.0888599 -4.45047 -0.000359673 0.999967 -0.00807914 -0.664259 0.0888599 0.00807914 0.996011 71.807
0.996044 -0.000359673 -0.0888599 -4.49388 -0.000359673 0.999967 -0.00807914 -0.680044 0.0888599 0.00807914 0.996011 72.4956
0.99624 -0.000358015 -0.0866409 -4.54143 -0.000358015 0.999966 -0.00824866 -0.689717 0.0866409 0.00824866 0.996205 73.1365
0.99645 -0.00019517 -0.084183 -4.58126 -0.00019517 0.999989 -0.00462854 -0.709478 0.084183 0.00462854 0.99644 73.7608
0.996953 -0.000103773 -0.0780025 -4.65607 -0.000103773 0.999996 -0.0026567 -0.702361 0.0780025 0.0026567 0.99695 74.3741
0.997503 4.52381e-005 -0.0706267 -4.73052 4.52381e-005 0.999999 0.00127945 -0.713575 0.0706267 -0.00127945 0.997502 74.9766
0.998058 0.000142876 -0.0622891 -4.7609 0.000142876 0.999989 0.00458303 -0.728553 0.0622891 -0.00458303 0.998048 75.5624
0.999339 7.9548e-005 -0.0363623 -4.78827 7.9548e-005 0.99999 0.00437383 -0.734683 0.0363623 -0.00437383 0.999329 76.1267
0.999339 7.9548e-005 -0.0363623 -4.81564 7.9548e-005 0.99999 0.00437383 -0.740813 0.0363623 -0.00437383 0.999329 76.6909
0.999843 4.61073e-005 -0.0177051 -4.83143 4.61073e-005 0.999986 0.00520791 -0.746394 0.0177051 -0.00520791 0.99983 77.2362
0.999989 -1.46356e-005 0.00478609 -4.82195 -1.46356e-005 0.999981 0.00611579 -0.750374 -0.00478609 -0.00611579 0.99997 77.7637
0.999521 -0.000117145 0.0309343 -4.78605 -0.000117145 0.999971 0.00757185 -0.759963 -0.0309343 -0.00757185 0.999493 78.2794
0.998161 -0.000289318 0.0606199 -4.74019 -0.000289318 0.999954 0.0095363 -0.765857 -0.0606199 -0.0095363 0.998115 78.7762
0.99567 -0.000536921 0.0929569 -4.66424 -0.000536921 0.999933 0.0115266 -0.773978 -0.0929569 -0.0115266 0.995603 79.2667
0.991446 -0.000819985 0.130513 -4.57773 -0.000819985 0.999921 0.0125113 -0.77986 -0.130513 -0.0125113 0.991368 79.7497
0.984866 -0.00109866 0.173314 -4.49155 -0.00109866 0.99992 0.0125818 -0.779331 -0.173314 -0.0125818 0.984786 80.2189
0.975709 -0.00141443 0.219065 -4.37513 -0.00141443 0.999918 0.0127559 -0.781397 -0.219065 -0.0127559 0.975627 80.6746
0.963649 -0.00148037 0.267168 -4.20791 -0.00148037 0.99994 0.0108802 -0.787527 -0.267168 -0.0108802 0.963589 81.1043
0.947461 -0.00144409 0.319869 -4.03218 -0.00144409 0.99996 0.00879192 -0.795227 -0.319869 -0.00879192 0.947421 81.5178
0.926969 -0.00138918 0.375136 -3.834 -0.00138918 0.999974 0.00713571 -0.796188 -0.375136 -0.00713571 0.926942 81.914
0.902494 -0.00131422 0.4307 -3.60039 -0.00131422 0.999982 0.00580513 -0.79236 -0.4307 -0.00580513 0.902477 82.2817
0.873549 -0.00133338 0.486734 -3.34375 -0.00133338 0.999986 0.00513246 -0.792451 -0.486734 -0.00513246 0.873535 82.6193
0.839646 -0.00165757 0.543132 -3.07875 -0.00165757 0.999983 0.00561431 -0.797515 -0.543132 -0.00561431 0.839629 82.9437
0.802098 -0.00178938 0.597189 -2.80071 -0.00178938 0.999984 0.00539966 -0.805304 -0.597189 -0.00539966 0.802082 83.2479
0.761471 -0.00236074 0.648194 -2.50847 -0.00236074 0.999977 0.00641524 -0.807785 -0.648194 -0.00641524 0.761448 83.5326
0.718689 -0.00289144 0.695326 -2.19327 -0.00289144 0.99997 0.00714687 -0.804448 -0.695326 -0.00714687 0.718659 83.7895
0.673412 -0.00368243 0.739258 -1.86371 -0.00368243 0.999958 0.00833548 -0.806743 -0.739258 -0.00833548 0.673371 84.0225
0.626226 -0.00462537 0.779628 -1.52274 -0.00462537 0.999943 0.00964772 -0.804618 -0.779628 -0.00964772 0.626169 84.2407
0.578836 -0.006791 0.815415 -1.17361 -0.006791 0.99989 0.0131481 -0.815266 -0.815415 -0.0131481 0.578727 84.4309
0.532068 -0.00637166 0.846678 -0.814706 -0.00637166 0.999913 0.0115289 -0.81876 -0.846678 -0.0115289 0.531981 84.6057
0.485185 -0.00522066 0.874396 -0.454371 -0.00522066 0.999947 0.00886712 -0.826134 -0.874396 -0.00886712 0.485132 84.7616
0.440487 -0.00510583 0.897744 -0.0853571 -0.00510583 0.999953 0.00819236 -0.8331 -0.897744 -0.00819236 0.440441 84.8924
0.397836 -0.0092935 0.917409 0.287404 -0.0092935 0.999857 0.0141588 -0.831557 -0.917409 -0.0141588 0.397693 85.0099
0.358894 -0.0199066 0.933166 0.674132 -0.0199066 0.999382 0.0289752 -0.824395 -0.933166 -0.0289752 0.358276 85.1019
0.322724 -0.0228573 0.946217 1.045 -0.0228573 0.999229 0.0319338 -0.810766 -0.946217 -0.0319338 0.321952 85.2033
0.290338 -0.0214686 0.956683 1.43065 -0.0214686 0.999351 0.0289414 -0.812468 -0.956683 -0.0289414 0.289689 85.2876
0.259068 -0.0132608 0.965768 1.81992 -0.0132608 0.999763 0.0172848 -0.809288 -0.965768 -0.0172848 0.258831 85.3894
0.231148 -0.00944959 0.972873 2.21627 -0.00944959 0.999884 0.0119571 -0.814841 -0.972873 -0.0119571 0.231032 85.4657
0.205793 -0.0099981 0.978545 2.61482 -0.0099981 0.999874 0.0123187 -0.820488 -0.978545 -0.0123187 0.205667 85.5234
0.181921 -0.014334 0.983209 3.01326 -0.014334 0.999749 0.0172273 -0.822302 -0.983209 -0.0172273 0.18167 85.5807
0.162337 -0.0194956 0.986543 3.41635 -0.0194956 0.999546 0.0229606 -0.810131 -0.986543 -0.0229606 0.161884 85.6168
0.143289 -0.0210096 0.989458 3.82166 -0.0210096 0.999485 0.024265 -0.793636 -0.989458 -0.024265 0.142774 85.6573
0.125604 -0.0188448 0.991901 4.22904 -0.0188448 0.999594 0.0213772 -0.782228 -0.991901 -0.0213772 0.125198 85.7066
0.110123 -0.0180951 0.993753 4.61161 -0.0180951 0.999632 0.0202074 -0.780143 -0.993753 -0.0202074 0.109755 85.7461
0.095548 -0.0181769 0.995259 5.00953 -0.0181769 0.999635 0.0200019 -0.77719 -0.995259 -0.0200019 0.0951827 85.7771
0.0823735 -0.0203455 0.996394 5.42382 -0.0203455 0.999549 0.0220919 -0.776247 -0.996394 -0.0220919 0.0819224 85.796
0.0706028 -0.0233352 0.997232 5.85123 -0.0233352 0.999414 0.0250384 -0.773701 -0.997232 -0.0250384 0.0700169 85.8192
0.0606731 -0.0261544 0.997815 6.29013 -0.0261544 0.999272 0.0277829 -0.767203 -0.997815 -0.0277829 0.0599449 85.8323
0.052212 -0.0276763 0.998252 6.75314 -0.0276763 0.999192 0.0291499 -0.759619 -0.998252 -0.0291499 0.0514038 85.8567
0.0444339 -0.0294956 0.998577 7.23128 -0.0294956 0.99909 0.0308232 -0.745991 -0.998577 -0.0308232 0.0435235 85.891
0.0381826 -0.029056 0.998848 7.7272 -0.029056 0.999122 0.0301747 -0.730738 -0.998848 -0.0301747 0.0373049 85.9139
0.0333689 -0.0297615 0.999 8.23203 -0.0297615 0.999084 0.0307581 -0.716883 -0.999 -0.0307581 0.0324526 85.9208
0.0271893 -0.0287876 0.999216 8.75714 -0.0287876 0.999148 0.0295689 -0.707116 -0.999216 -0.0295689 0.0263374 85.9525
0.0237683 -0.0294508 0.999284 9.30067 -0.0294508 0.999112 0.0301462 -0.692986 -0.999284 -0.0301462 0.0228799 85.9678
0.020329 -0.0291475 0.999368 9.86177 -0.0291475 0.999133 0.0297336 -0.678721 -0.999368 -0.0297336 0.0194618 85.9827
0.0177983 -0.03793 0.999122 10.4522 -0.03793 0.998535 0.0385834 -0.66886 -0.999122 -0.0385834 0.0163335 85.9788
0.0188589 -0.0424859 0.998919 11.063 -0.0424859 0.99816 0.0432557 -0.640837 -0.998919 -0.0432557 0.0170191 85.968
0.01997 -0.0437758 0.998842 11.6856 -0.0437758 0.998045 0.0446161 -0.615055 -0.998842 -0.0446161 0.0180146 85.9787
0.0223768 -0.0437716 0.998791 12.3273 -0.0437716 0.99804 0.0447194 -0.587278 -0.998791 -0.0447194 0.020417 85.9975
0.0278634 -0.047941 0.998461 12.983 -0.047941 0.997636 0.0492392 -0.562268 -0.998461 -0.0492392 0.0254992 85.9992
0.0340863 -0.0499564 0.99817 13.6539 -0.0499564 0.997416 0.0516247 -0.526088 -0.99817 -0.0516247 0.0315025 86
0.037961 -0.0499974 0.998028 14.3451 -0.0499974 0.997402 0.0518677 -0.492436 -0.998028 -0.0518677 0.0353626 86.0309
0.0402354 -0.048783 0.997999 15.0432 -0.048783 0.99752 0.0507263 -0.454503 -0.997999 -0.0507263 0.0377559 86.0759
0.0440959 -0.046275 0.997955 15.7582 -0.046275 0.99776 0.0483106 -0.421857 -0.997955 -0.0483106 0.0418558 86.1114
0.0477978 -0.0452345 0.997832 16.4914 -0.0452345 0.997851 0.0474022 -0.387801 -0.997832 -0.0474022 0.0456489 86.1536
0.0518154 -0.0410499 0.997813 17.2333 -0.0410499 0.998223 0.0431985 -0.363832 -0.997813 -0.0431985 0.0500382 86.2027
0.0556616 -0.0377257 0.997737 18.0036 -0.0377257 0.998493 0.0398589 -0.349962 -0.997737 -0.0398589 0.0541544 86.2472
0.0566883 -0.0315986 0.997892 18.7866 -0.0315986 0.998942 0.0334269 -0.322607 -0.997892 -0.0334269 0.0556298 86.3028
0.056475 -0.0294448 0.99797 19.575 -0.0294448 0.999081 0.0311439 -0.295392 -0.99797 -0.0311439 0.0555561 86.3553
0.0541248 -0.0269304 0.998171 20.3619 -0.0269304 0.999233 0.0284194 -0.279301 -0.998171 -0.0284194 0.0533581 86.4403
0.0554074 -0.0256293 0.998135 21.1581 -0.0256293 0.999305 0.027082 -0.267752 -0.998135 -0.027082 0.054712 86.4771
0.0545817 -0.0258521 0.998175 21.9612 -0.0258521 0.999293 0.0272947 -0.254178 -0.998175 -0.0272947 0.0538748 86.5324
0.054086 -0.0231438 0.998268 22.7723 -0.0231438 0.999434 0.0244247 -0.23867 -0.998268 -0.0244247 0.0535197 86.606
0.0537794 -0.0219684 0.998311 23.5788 -0.0219684 0.99949 0.0231778 -0.235113 -0.998311 -0.0231778 0.0532694 86.6628
0.0537561 -0.0180218 0.998391 24.3969 -0.0180218 0.999657 0.019015 -0.228496 -0.998391 -0.019015 0.0534128 86.7182
0.0508098 -0.0100604 0.998658 25.1774 -0.0100604 0.999893 0.0105847 -0.23543 -0.998658 -0.0105847 0.0507031 86.8044
0.0481509 -0.00979495 0.998792 25.9733 -0.00979495 0.999899 0.010278 -0.231167 -0.998792 -0.010278 0.0480501 86.8343
0.0422497 -0.00785529 0.999076 26.7595 -0.00785529 0.999936 0.00819423 -0.224208 -0.999076 -0.00819423 0.0421853 86.8857
0.0359819 -0.00390688 0.999345 27.5659 -0.00390688 0.999984 0.00405005 -0.222498 -0.999345 -0.00405005 0.035966 86.9425
0.0293135 0.000305087 0.99957 28.3581 0.000305087 1 -0.000314165 -0.237538 -0.99957 0.000314165 0.0293134 86.9742
0.021754 -0.000759936 0.999763 29.1675 -0.000759936 0.999999 0.000776652 -0.248445 -0.999763 -0.000776652 0.0217534 86.9916
0.0136731 -0.00039568 0.999906 29.9733 -0.00039568 1 0.000401127 -0.266631 -0.999906 -0.000401127 0.0136729 86.9875
0.00311453 0.000296921 0.999995 30.795 0.000296921 1 -0.000297847 -0.266856 -0.999995 0.000297847 0.00311444 87.0079
-0.00768226 -0.000458175 0.99997 31.6258 -0.000458175 1 0.000454668 -0.276633 -0.99997 -0.000454668 -0.00768247 87.0151
-0.0182386 0.00201044 0.999832 32.4323 0.00201044 0.999996 -0.00197409 -0.29779 -0.999832 0.00197409 -0.0182426 86.9905
-0.0293463 0.000607674 0.999569 33.2577 0.000607674 1 -0.000590095 -0.311739 -0.999569 0.000590095 -0.0293467 86.9626
-0.0406197 0.000929883 0.999174 34.0866 0.000929883 0.999999 -0.000892848 -0.323 -0.999174 0.000892848 -0.0406206 86.9316
-0.0516698 0.000905725 0.998664 34.9138 0.000905725 0.999999 -0.000860075 -0.336287 -0.998664 0.000860075 -0.0516706 86.8852
-0.0624358 0.00175674 0.998047 35.7184 0.00175674 0.999997 -0.00165027 -0.348856 -0.998047 0.00165027 -0.0624387 86.8378
-0.0728739 0.0012658 0.99734 36.5321 0.0012658 0.999999 -0.00117669 -0.362501 -0.99734 0.00117669 -0.0728754 86.7745
-0.082758 0.000440402 0.99657 37.3438 0.000440402 1 -0.000405346 -0.371739 -0.99657 0.000405346 -0.0827582 86.7159
-0.0922092 0.000397206 0.99574 38.1413 0.000397206 1 -0.000362123 -0.384961 -0.99574 0.000362123 -0.0922094 86.6338
-0.101922 -0.000357575 0.994792 38.9304 -0.000357575 1 0.000322811 -0.393519 -0.994792 -0.000322811 -0.101922 86.5568
-0.111061 -0.0015999 0.993812 39.7233 -0.0015999 0.999998 0.00143107 -0.39593 -0.993812 -0.00143107 -0.111063 86.4844
-0.123874 -0.00518619 0.992284 40.5025 -0.00518619 0.999976 0.00457896 -0.408251 -0.992284 -0.00457896 -0.123898 86.3889
-0.123874 -0.00518619 0.992284 41.2817 -0.00518619 0.999976 0.00457896 -0.420572 -0.992284 -0.00457896 -0.123898 86.2935
-0.123568 -0.0192199 0.99215 42.0459 -0.0192199 0.999671 0.0169719 -0.384643 -0.99215 -0.0169719 -0.123896 86.1582
-0.126188 -0.0199789 0.991805 42.8034 -0.0199789 0.999646 0.0175949 -0.389727 -0.991805 -0.0175949 -0.126543 86.0574
-0.128401 -0.0204511 0.991511 43.5548 -0.0204511 0.999629 0.0179701 -0.387682 -0.991511 -0.0179701 -0.128772 85.9697
-0.130376 -0.021074 0.991241 44.2894 -0.021074 0.999607 0.01848 -0.388192 -0.991241 -0.01848 -0.130769 85.8886
-0.123284 -0.0247207 0.992063 45.0266 -0.0247207 0.999456 0.0218328 -0.391908 -0.992063 -0.0218328 -0.123828 85.7684
-0.123284 -0.0247207 0.992063 45.7638 -0.0247207 0.999456 0.0218328 -0.395623 -0.992063 -0.0218328 -0.123828 85.6481
-0.115983 -0.0265396 0.992897 46.4645 -0.0265396 0.999369 0.0236124 -0.405412 -0.992897 -0.0236124 -0.116614 85.5438
-0.107099 -0.0266427 0.993891 47.1486 -0.0266427 0.999359 0.0239184 -0.400481 -0.993891 -0.0239184 -0.10774 85.4666
-0.0958415 -0.0260871 0.995055 47.8211 -0.0260871 0.999379 0.0236878 -0.396813 -0.995055 -0.0236878 -0.0964625 85.409
-0.082517 -0.0246196 0.996286 48.4666 -0.0246196 0.99944 0.0226584 -0.405466 -0.996286 -0.0226584 -0.0830769 85.376
-0.0649947 -0.0238339 0.997601 49.0989 -0.0238339 0.999467 0.0223256 -0.402702 -0.997601 -0.0223256 -0.0655281 85.3458
-0.0439471 -0.021677 0.998799 49.7074 -0.021677 0.99955 0.0207395 -0.40915 -0.998799 -0.0207395 -0.0443972 85.3423
-0.0187797 -0.0199071 0.999625 50.2905 -0.0199071 0.999611 0.0195328 -0.411554 -0.999625 -0.0195328 -0.0191687 85.34
0.00964101 -0.0167074 0.999814 50.8609 -0.0167074 0.999718 0.0168669 -0.406405 -0.999814 -0.0168669 0.00935915 85.3603
0.0424997 -0.0151003 0.998982 51.4081 -0.0151003 0.999762 0.0157545 -0.403627 -0.998982 -0.0157545 0.0422615 85.409
0.0803471 -0.0148821 0.996656 51.9334 -0.0148821 0.999759 0.0161282 -0.400917 -0.996656 -0.0161282 0.0801063 85.4734
0.122409 -0.0137278 0.992385 52.4392 -0.0137278 0.999785 0.0155235 -0.394465 -0.992385 -0.0155235 0.122195 85.564
0.167218 -0.0117808 0.985849 52.9431 -0.0117808 0.999833 0.0139462 -0.395571 -0.985849 -0.0139462 0.167052 85.6826
0.21495 -0.00790362 0.976593 53.435 -0.00790362 0.99992 0.00983201 -0.396045 -0.976593 -0.00983201 0.214871 85.8341
0.266959 -0.00618593 0.963688 53.9246 -0.00618593 0.999948 0.0081323 -0.394691 -0.963688 -0.0081323 0.266907 86.0016
0.320638 4.71781e-005 0.947202 54.3726 4.71781e-005 1 -6.57781e-005 -0.392769 -0.947202 6.57781e-005 0.320638 86.2257
0.457432 -0.00696956 0.889217 54.8856 -0.00696956 0.99991 0.0114224 -0.380351 -0.889217 -0.0114224 0.457342 86.2998
0.457432 -0.00696956 0.889217 55.3986 -0.00696956 0.99991 0.0114224 -0.367933 -0.889217 -0.0114224 0.457342 86.3739
0.58467 -0.00914008 0.81122 55.8497 -0.00914008 0.999799 0.0178523 -0.312963 -0.81122 -0.0178523 0.584469 86.6153
0.58467 -0.00914008 0.81122 56.3009 -0.00914008 0.999799 0.0178523 -0.257992 -0.81122 -0.0178523 0.584469 86.8567
0.640077 -0.00780546 0.768271 56.6537 -0.00780546 0.999831 0.0166611 -0.250467 -0.768271 -0.0166611 0.639908 87.2019
0.691879 -0.00750309 0.721974 56.9848 -0.00750309 0.999817 0.0175809 -0.242737 -0.721974 -0.0175809 0.691696 87.5632
0.739033 -0.00754025 0.673627 57.2637 -0.00754025 0.999782 0.0194634 -0.235357 -0.673627 -0.0194634 0.738815 87.9394
0.782743 -0.00842277 0.622288 57.5037 -0.00842277 0.999673 0.0241253 -0.235443 -0.622288 -0.0241253 0.782416 88.3121
0.822369 -0.00896107 0.568884 57.7128 -0.00896107 0.999548 0.0286989 -0.222819 -0.568884 -0.0286989 0.821917 88.7064
0.85785 -0.00929638 0.513815 57.9055 -0.00929638 0.999392 0.0336028 -0.21568 -0.513815 -0.0336028 0.857242 89.0962
0.887523 -0.00936394 0.460669 58.0558 -0.00936394 0.99922 0.0383515 -0.208492 -0.460669 -0.0383515 0.886743 89.5006
0.912362 -0.00907371 0.409283 58.2114 -0.00907371 0.999061 0.0423758 -0.199462 -0.409283 -0.0423758 0.911423 89.9175
0.931682 -0.00829137 0.36318 58.3433 -0.00829137 0.998994 0.0440771 -0.190581 -0.36318 -0.0440771 0.930676 90.351
0.946184 -0.00715431 0.32355 58.4523 -0.00715431 0.999049 0.0430128 -0.177188 -0.32355 -0.0430128 0.945233 90.7982
0.957432 -0.00588279 0.2886 58.5557 -0.00588279 0.999187 0.0398836 -0.157894 -0.2886 -0.0398836 0.956619 91.2584
0.966185 -0.00509829 0.2578 58.6478 -0.00509829 0.999231 0.0388684 -0.143088 -0.2578 -0.0388684 0.965416 91.7195
0.971758 -0.00474703 0.235932 58.7387 -0.00474703 0.999202 0.0396564 -0.131867 -0.235932 -0.0396564 0.97096 92.1736
0.975405 -0.00453405 0.220375 58.8329 -0.00453405 0.999164 0.0406252 -0.121582 -0.220375 -0.0406252 0.974569 92.6433
0.978087 -0.00408682 0.208156 58.9106 -0.00408682 0.999238 0.0388217 -0.0990287 -0.208156 -0.0388217 0.977325 93.1228
0.980014 -0.00376098 0.198892 58.9968 -0.00376098 0.999292 0.0374281 -0.076741 -0.198892 -0.0374281 0.979307 93.5992
0.981369 -0.00334846 0.192101 59.0925 -0.00334846 0.999398 0.0345261 -0.0544851 -0.192101 -0.0345261 0.980768 94.0911
0.981867 -0.00291676 0.189547 59.1664 -0.00291676 0.999531 0.0304898 -0.0462835 -0.189547 -0.0304898 0.981398 94.598
0.981948 -0.0026673 0.189133 59.2591 -0.0026673 0.999606 0.0279455 -0.0409681 -0.189133 -0.0279455 0.981554 95.1127
0.981583 -0.00238892 0.191019 59.3639 -0.00238892 0.99969 0.0247782 -0.0305128 -0.191019 -0.0247782 0.981274 95.6358
0.980978 -0.00183811 0.194108 59.4872 -0.00183811 0.999822 0.0187572 -0.0114989 -0.194108 -0.0187572 0.980801 96.1575
0.979746 -0.00133376 0.200241 59.5727 -0.00133376 0.999912 0.0131861 0.00913711 -0.200241 -0.0131861 0.979658 96.6971
0.97764 -0.00170658 0.21028 59.6744 -0.00170658 0.99987 0.0160489 0.01187 -0.21028 -0.0160489 0.977509 97.2109
0.97764 -0.00170658 0.21028 59.7761 -0.00170658 0.99987 0.0160489 0.0146029 -0.21028 -0.0160489 0.977509 97.7246
0.97644 -0.00226979 0.215779 59.9047 -0.00226979 0.999781 0.020788 0.0208728 -0.215779 -0.020788 0.976221 98.3963
0.975693 -0.00306055 0.219119 60.0545 -0.00306055 0.999615 0.0275902 0.0238478 -0.219119 -0.0275902 0.975308 99.0431
0.974734 -0.00372715 0.223339 60.1966 -0.00372715 0.99945 0.0329458 0.0309773 -0.223339 -0.0329458 0.974184 99.6959
0.974588 -0.00398203 0.223972 60.3679 -0.00398203 0.999376 0.0350954 0.0458544 -0.223972 -0.0350954 0.973964 100.333
0.974595 -0.0030386 0.223953 60.519 -0.0030386 0.999637 0.0267865 0.0587663 -0.223953 -0.0267865 0.974232 100.983
0.974595 -0.0030386 0.223953 60.6701 -0.0030386 0.999637 0.0267865 0.0716782 -0.223953 -0.0267865 0.974232 101.634
0.975133 -0.00230499 0.221609 60.8314 -0.00230499 0.999786 0.0205414 0.083951 -0.221609 -0.0205414 0.974919 102.285
0.975551 -0.00175713 0.219765 60.9584 -0.00175713 0.999874 0.0157945 0.0991922 -0.219765 -0.0157945 0.975425 102.938
0.976041 -0.00220559 0.217576 61.0961 -0.00220559 0.999797 0.0200292 0.112215 -0.217576 -0.0200292 0.975838 103.586
0.976353 -0.00303106 0.216163 61.2408 -0.00303106 0.999611 0.0277073 0.127479 -0.216163 -0.0277073 0.975964 104.239
0.977042 -0.00349968 0.213017 61.3934 -0.00349968 0.999467 0.0324723 0.142838 -0.213017 -0.0324723 0.976509 104.912
0.97781 -0.00338658 0.209464 61.5605 -0.00338658 0.999483 0.0319685 0.150811 -0.209464 -0.0319685 0.977294 105.608
0.97832 -0.0027723 0.207079 61.7021 -0.0027723 0.999645 0.0264804 0.16774 -0.207079 -0.0264804 0.977966 106.322
0.979367 -0.00222753 0.202076 61.8573 -0.00222753 0.99976 0.0218165 0.179865 -0.202076 -0.0218165 0.979127 107.042
0.980139 -0.00188756 0.1983 61.9956 -0.00188756 0.999821 0.0188466 0.19475 -0.1983 -0.0188466 0.97996 107.74
0.980982 -0.00207349 0.194088 62.145 -0.00207349 0.999774 0.0211609 0.20347 -0.194088 -0.0211609 0.980756 108.445
0.981524 -0.00225952 0.191327 62.2782 -0.00225952 0.999724 0.023398 0.213755 -0.191327 -0.023398 0.981247 109.16
0.98165 -0.00247495 0.190673 62.404 -0.00247495 0.999666 0.0257177 0.223593 -0.190673 -0.0257177 0.981317 109.886
0.982153 -0.00274984 0.188062 62.5618 -0.00274984 0.999576 0.0289768 0.232515 -0.188062 -0.0289768 0.98173 110.614
0.982268 -0.00292609 0.187461 62.7057 -0.00292609 0.999517 0.0309338 0.251923 -0.187461 -0.0309338 0.981785 111.363
0.983016 -0.00312068 0.183491 62.8798 -0.00312068 0.999427 0.0337159 0.253661 -0.183491 -0.0337159 0.982443 112.08
0.982689 -0.00245793 0.185248 63.0097 -0.00245793 0.999651 0.0263023 0.274045 -0.185248 -0.0263023 0.98234 112.852
0.982689 -0.00245793 0.185248 63.1396 -0.00245793 0.999651 0.0263023 0.29443 -0.185248 -0.0263023 0.98234 113.625
0.982312 -0.00214718 0.187238 63.2637 -0.00214718 0.999739 0.0227295 0.314698 -0.187238 -0.0227295 0.982052 114.405
0.981852 -0.00216267 0.189638 63.4106 -0.00216267 0.999742 0.0225985 0.322436 -0.189638 -0.0225985 0.981594 115.184
0.981055 -0.00220526 0.193719 63.5439 -0.00220526 0.999743 0.022549 0.345035 -0.193719 -0.022549 0.980798 115.976
0.981141 -0.00216066 0.193279 63.7366 -0.00216066 0.999752 0.0221443 0.352003 -0.193279 -0.0221443 0.980894 116.752
0.980539 -0.0022296 0.19631 63.9007 -0.0022296 0.999745 0.0224912 0.358624 -0.19631 -0.0224912 0.980284 117.566
0.980539 -0.0022296 0.19631 64.0649 -0.0022296 0.999745 0.0224912 0.365245 -0.19631 -0.0224912 0.980284 118.38
0.980463 -0.00221059 0.196691 64.2258 -0.00221059 0.99975 0.0222555 0.383309 -0.196691 -0.0222555 0.980213 119.213
0.98005 -0.00220756 0.19874 64.3836 -0.00220756 0.999756 0.0219912 0.395323 -0.19874 -0.0219912 0.979805 120.04
0.979563 -0.0024098 0.201123 64.5421 -0.0024098 0.999716 0.0237152 0.41425 -0.201123 -0.0237152 0.979279 120.857
0.979493 -0.00298559 0.201454 64.7136 -0.00298559 0.999565 0.02933 0.423103 -0.201454 -0.02933 0.979059 121.675
0.979416 -0.00334636 0.201825 64.8847 -0.00334636 0.999456 0.0328107 0.430209 -0.201825 -0.0328107 0.978872 122.509
0.979157 -0.00149463 0.203097 65.0644 -0.00149463 0.999893 0.0145642 0.438064 -0.203097 -0.0145642 0.97905 123.37
0.979157 -0.00149463 0.203097 65.2441 -0.00149463 0.999893 0.0145642 0.445919 -0.203097 -0.0145642 0.97905 124.231
0.979125 -0.000670963 0.203257 65.4134 -0.000670963 0.999978 0.00653313 0.45089 -0.203257 -0.00653313 0.979104 125.059
0.979226 -0.00156584 0.202766 65.5768 -0.00156584 0.999882 0.0152834 0.460088 -0.202766 -0.0152834 0.979108 125.866
0.979499 -0.00367807 0.201416 65.7382 -0.00367807 0.99934 0.0361357 0.465533 -0.201416 -0.0361357 0.978839 126.677
0.97959 -0.00514542 0.200941 65.8998 -0.00514542 0.998703 0.0506575 0.471358 -0.200941 -0.0506575 0.978293 127.508
0.979598 -0.00449817 0.200917 66.058 -0.00449817 0.999008 0.0442974 0.491923 -0.200917 -0.0442974 0.978606 128.363
0.979816 -0.00275365 0.199884 66.2128 -0.00275365 0.999624 0.0272692 0.517904 -0.199884 -0.0272692 0.97944 129.22
0.979455 -0.00196314 0.201651 66.3449 -0.00196314 0.999812 0.0192689 0.544193 -0.201651 -0.0192689 0.979268 130.066
0.979185 -0.00187216 0.202961 66.4869 -0.00187216 0.999832 0.018255 0.565482 -0.202961 -0.018255 0.979017 130.881
0.978602 -0.00186123 0.205752 66.593 -0.00186123 0.999838 0.0178969 0.581554 -0.205752 -0.0178969 0.97844 131.673
0.978367 -0.00175341 0.20687 66.7148 -0.00175341 0.999858 0.0167672 0.578442 -0.20687 -0.0167672 0.978225 132.508
0.979639 -0.00158634 0.200762 66.8851 -0.00158634 0.999876 0.0156413 0.577086 -0.200762 -0.0156413 0.979515 133.3
0.980402 -0.00127622 0.197002 67.032 -0.00127622 0.999917 0.0128289 0.576613 -0.197002 -0.0128289 0.980319 134.123
0.980402 -0.00127622 0.197002 67.1789 -0.00127622 0.999917 0.0128289 0.57614 -0.197002 -0.0128289 0.980319 134.947
0.979965 -0.00167571 0.199163 67.2875 -0.00167571 0.99986 0.0166577 0.550575 -0.199163 -0.0166577 0.979825 135.754
0.980169 -0.00213465 0.19815 67.445 -0.00213465 0.99977 0.0213296 0.556978 -0.19815 -0.0213296 0.97994 136.57
0.980713 -0.00214103 0.19544 67.6206 -0.00214103 0.999762 0.021696 0.564239 -0.19544 -0.021696 0.980476 137.394
0.981323 -0.00187579 0.192359 67.7864 -0.00187579 0.999812 0.019319 0.567934 -0.192359 -0.019319 0.981134 138.218
0.982086 -0.00153225 0.188425 67.9247 -0.00153225 0.999869 0.016117 0.579914 -0.188425 -0.016117 0.981955 139.023
0.983348 -0.00143663 0.181729 68.0762 -0.00143663 0.999876 0.015678 0.583661 -0.181729 -0.015678 0.983224 139.805
0.984643 -0.00194959 0.174567 68.1773 -0.00194959 0.999752 0.0221621 0.581307 -0.174567 -0.0221621 0.984396 140.542
0.985571 -0.0026 0.169242 68.286 -0.0026 0.999531 0.0304963 0.584199 -0.169242 -0.0304963 0.985103 141.295
0.986117 -0.00332798 0.166021 68.3835 -0.00332798 0.999202 0.0397968 0.594327 -0.166021 -0.0397968 0.985319 142.026
0.986873 -0.00324937 0.161465 68.5025 -0.00324937 0.999196 0.0399681 0.624595 -0.161465 -0.0399681 0.986069 142.792
0.987479 -0.00276144 0.157724 68.6065 -0.00276144 0.999391 0.0347862 0.639626 -0.157724 -0.0347862 0.98687 143.573
0.98852 -0.00185637 0.151082 68.7149 -0.00185637 0.9997 0.0244296 0.655352 -0.151082 -0.0244296 0.988219 144.355
0.989267 -0.00149813 0.146113 68.8081 -0.00149813 0.999791 0.0203943 0.660581 -0.146113 -0.0203943 0.989058 145.13
0.989966 -0.00146894 0.141296 68.8834 -0.00146894 0.999785 0.0206858 0.677701 -0.141296 -0.0206858 0.989751 145.894
0.991004 -0.0015459 0.13382 68.9711 -0.0015459 0.999734 0.0229971 0.68128 -0.13382 -0.0229971 0.990739 146.656
0.991827 -0.00128678 0.127586 69.0304 -0.00128678 0.999797 0.0200867 0.687251 -0.127586 -0.0200867 0.991624 147.423
0.993046 -0.000812203 0.117723 69.1115 -0.000812203 0.999905 0.0137499 0.690993 -0.117723 -0.0137499 0.992951 148.182
0.993983 -0.000619993 0.109534 69.1877 -0.000619993 0.999936 0.0112861 0.697722 -0.109534 -0.0112861 0.993919 148.932
0.99483 -0.000703584 0.101556 69.2546 -0.000703584 0.999904 0.0138196 0.703896 -0.101556 -0.0138196 0.994734 149.682
0.995632 -0.000960335 0.0933558 69.3212 -0.000960335 0.999789 0.0205266 0.704803 -0.0933558 -0.0205266 0.995421 150.434
0.996345 -0.00109143 0.0854143 69.3679 -0.00109143 0.999674 0.0255054 0.709784 -0.0854143 -0.0255054 0.996019 151.203
0.996921 -0.00111882 0.078406 69.4146 -0.00111882 0.999593 0.0284895 0.719518 -0.078406 -0.0284895 0.996514 151.98
0.997432 -0.00108909 0.0716098 69.4699 -0.00108909 0.999538 0.0303713 0.730701 -0.0716098 -0.0303713 0.99697 152.769
0.997696 -0.000982936 0.0678426 69.5099 -0.000982936 0.999581 0.0289375 0.733258 -0.0678426 -0.0289375 0.997276 153.554
0.998048 -0.000741225 0.0624402 69.5602 -0.000741225 0.999718 0.0237154 0.736916 -0.0624402 -0.0237154 0.997767 154.343
0.99824 -0.000485492 0.0593098 69.5903 -0.000485492 0.999866 0.0163559 0.74909 -0.0593098 -0.0163559 0.998106 155.135
0.998407 -0.000379301 0.0564265 69.6254 -0.000379301 0.99991 0.0134328 0.761851 -0.0564265 -0.0134328 0.998316 155.906
0.998589 -0.000495108 0.0530927 69.6612 -0.000495108 0.999826 0.0186359 0.774452 -0.0530927 -0.0186359 0.998416 156.688
0.998715 -0.000731617 0.0506715 69.6906 -0.000731617 0.999583 0.0288523 0.782526 -0.0506715 -0.0288523 0.998299 157.479
0.99889 -0.000842747 0.0471031 69.7214 -0.000842747 0.99936 0.0357518 0.792359 -0.0471031 -0.0357518 0.99825 158.273
0.999072 -0.000697106 0.043071 69.7404 -0.000697106 0.999476 0.0323466 0.804434 -0.043071 -0.0323466 0.998548 159.103
0.999282 -0.000427746 0.0378963 69.7636 -0.000427746 0.999745 0.0225635 0.818259 -0.0378963 -0.0225635 0.999027 159.9
0.999539 -0.00026717 0.0303593 69.7971 -0.00026717 0.999845 0.0175951 0.835706 -0.0303593 -0.0175951 0.999384 160.695
0.999738 -0.000219202 0.0228943 69.8068 -0.000219202 0.999817 0.0191448 0.842925 -0.0228943 -0.0191448 0.999555 161.502
0.999884 -0.000193863 0.0152485 69.8102 -0.000193863 0.999677 0.0254215 0.846698 -0.0152485 -0.0254215 0.999561 162.31
0.999974 -9.74464e-005 0.00719057 69.8291 -9.74464e-005 0.999633 0.0270986 0.888767 -0.00719057 -0.0270986 0.999607 163.128
1 -1.45225e-005 0.000941387 69.8421 -1.45225e-005 0.999524 0.030846 0.909013 -0.000941387 -0.030846 0.999524 163.942
0.999991 6.19199e-005 -0.00417019 69.8209 6.19199e-005 0.999559 0.0296897 0.934833 0.00417019 -0.0296897 0.99955 164.774
0.999942 0.000122104 -0.010802 69.8146 0.000122104 0.999744 0.022604 0.941148 0.010802 -0.022604 0.999686 165.602
0.999838 0.000109852 -0.0179847 69.7999 0.000109852 0.999925 0.0122148 0.950638 0.0179847 -0.0122148 0.999764 166.425
0.999717 9.46916e-005 -0.0237789 69.7804 9.46916e-005 0.999968 0.00796309 0.95785 0.0237789 -0.00796309 0.999686 167.224
0.999542 0.000236104 -0.0302681 69.7756 0.000236104 0.999878 0.0155964 0.943167 0.0302681 -0.0155964 0.99942 167.999
0.999371 0.000514107 -0.0354556 69.7331 0.000514107 0.99958 0.0289848 0.952806 0.0354556 -0.0289848 0.998951 168.786
0.999214 0.000730575 -0.0396278 69.6821 0.000730575 0.999321 0.0368448 0.960118 0.0396278 -0.0368448 0.998535 169.582
0.999036 0.000737666 -0.0438923 69.6498 0.000737666 0.999436 0.0335869 0.976244 0.0438923 -0.0335869 0.998472 170.418
0.998965 0.000518748 -0.0454896 69.5981 0.000518748 0.99974 0.0227926 0.991469 0.0454896 -0.0227926 0.998705 171.258
0.998871 0.000329475 -0.0474983 69.5254 0.000329475 0.999904 0.0138646 1.00459 0.0474983 -0.0138646 0.998775 172.1
0.998813 0.000251067 -0.0487145 69.467 0.000251067 0.999947 0.0103013 1.00971 0.0487145 -0.0103013 0.99876 172.933
0.998688 0.000364138 -0.0512064 69.4329 0.000364138 0.999899 0.0142123 1.02159 0.0512064 -0.0142123 0.998587 173.759
0.998669 0.000594152 -0.0515729 69.3923 0.000594152 0.999735 0.0230229 1.02522 0.0515729 -0.0230229 0.998404 174.587
0.99864 0.000738573 -0.0521325 69.3514 0.000738573 0.999599 0.0283095 1.038 0.0521325 -0.0283095 0.998239 175.424
0.998518 0.000735494 -0.0544091 69.3114 0.000735494 0.999635 0.0270107 1.05392 0.0544091 -0.0270107 0.998153 176.269
0.998428 0.000491102 -0.0560415 69.2606 0.000491102 0.999847 0.0175113 1.06391 0.0560415 -0.0175113 0.998275 177.119
0.998309 0.000157415 -0.0581378 69.2324 0.000157415 0.999985 0.00541061 1.06606 0.0581378 -0.00541061 0.998294 177.759
0.997979 3.80622e-005 -0.0635524 69.2415 3.80622e-005 0.999999 0.00119661 1.06579 0.0635524 -0.00119661 0.997978 178.511
0.997842 0.000567021 -0.0656619 69.1895 0.000567021 0.999851 0.017251 1.06233 0.0656619 -0.017251 0.997693 179.222
0.997842 0.000567021 -0.0656619 69.1374 0.000567021 0.999851 0.017251 1.05887 0.0656619 -0.017251 0.997693 179.934
0.997691 0.000693567 -0.0679191 69.0882 0.000693567 0.999792 0.0203976 1.05966 0.0679191 -0.0203976 0.997482 180.685
0.9978 0.000529259 -0.0663 69.013 0.000529259 0.999873 0.015947 1.06634 0.0663 -0.015947 0.997672 181.453
0.997674 0.000319817 -0.0681715 68.9703 0.000319817 0.999956 0.00937158 1.07342 0.0681715 -0.00937158 0.99763 182.265
0.997685 0.000316453 -0.0680113 68.9034 0.000316453 0.999957 0.00929493 1.07466 0.0680113 -0.00929493 0.997641 183.077
