0.999993 -0.00137303 -0.00338692 -0.00590868 0.00136543 0.999997 -0.0022434 -0.00116763 0.00338999 0.00223876 0.999992 0.65323
0.999969 0.00150517 -0.00770404 -0.00880728 -0.00153926 0.999989 -0.00442198 0.00637072 0.0076973 0.0044337 0.999961 0.677466
0.999936 0.000624726 -0.0112949 -0.0184325 -0.000691542 0.999982 -0.00591268 -0.00441631 0.011291 0.00592011 0.999919 0.680627
0.999867 0.00236063 -0.016125 -0.0180198 -0.00247005 0.999974 -0.00676944 -0.00393372 0.0161086 0.00680837 0.999847 0.692515
0.999808 -0.000416222 -0.0196124 -0.0268385 0.000279437 0.999976 -0.00697666 -0.010215 0.0196148 0.00696984 0.999783 0.707465
0.999693 0.00244994 -0.0246709 -0.0217039 -0.00264368 0.999966 -0.00782345 -0.0122726 0.0246509 0.00788626 0.999665 0.71378
0.999528 0.00287523 -0.0305983 -0.0203558 -0.00313042 0.999961 -0.00829515 -0.00944689 0.0305733 0.00838702 0.999497 0.734472
0.999397 0.00122735 -0.0347034 -0.0360228 -0.00146442 0.999976 -0.00680663 -0.00723222 0.0346942 0.00685335 0.999374 0.735603
0.999229 7.98741e-006 -0.0392667 -0.0331624 -0.000156492 0.999993 -0.00377887 -0.0117282 0.0392664 0.0037821 0.999222 0.741765
0.999093 -0.000295307 -0.0425808 -0.0388214 0.000261559 1 -0.000798143 -0.0146175 0.042581 0.000786282 0.999093 0.753031
0.999015 0.00285147 -0.0442917 -0.0526158 -0.00292273 0.999995 -0.00154429 -0.00648322 0.044287 0.00167222 0.999017 0.774526
0.998911 -0.00111289 -0.0466506 -0.0375572 0.00104321 0.999998 -0.00151805 -0.00886737 0.0466522 0.00146773 0.99891 0.772166
0.998845 -0.00272364 -0.0479676 -0.0457474 0.0025985 0.999993 -0.00267095 -0.000825658 0.0479745 0.00254322 0.998845 0.797182
0.998746 -0.000514072 -0.0500537 -0.0386131 0.000426594 0.999998 -0.00175836 -0.00958951 0.0500545 0.0017348 0.998745 0.781621
0.99866 -0.000601588 -0.0517493 -0.0431466 0.00050262 0.999998 -0.00192544 -0.01193 0.0517504 0.00189685 0.998658 0.826965
0.998528 0.00136006 -0.0542131 -0.041105 -0.00158383 0.99999 -0.00408491 -0.0104381 0.054207 0.00416476 0.998521 0.819534
0.998558 0.00120458 -0.053671 -0.0672388 -0.00160569 0.999971 -0.00743114 -0.000122723 0.0536605 0.0075066 0.998531 0.813166
0.998495 0.00565494 -0.0545579 -0.063464 -0.00613595 0.999944 -0.00865313 -0.0118645 0.0545059 0.00897487 0.998473 0.813032
0.998408 -1.60138e-005 -0.0564013 -0.0411497 -0.00046205 0.999964 -0.00846305 -0.0101004 0.0563995 0.00847564 0.998372 0.828106
0.998404 -0.000371489 -0.0564662 -0.0661249 -4.03783e-005 0.999973 -0.00729272 -0.0114519 0.0564674 0.00728337 0.998378 0.841709
0.998323 -0.000345832 -0.057886 -0.049452 5.95225e-006 0.999983 -0.00587161 -0.0130444 0.057887 0.00586142 0.998306 0.81362
0.998306 0.000385163 -0.0581774 -0.059063 -0.00074912 0.99998 -0.00623429 -0.00678355 0.0581738 0.00626731 0.998287 0.807612
0.998233 0.000591404 -0.0594244 -0.0589185 -0.00103468 0.999972 -0.00742902 -0.00575241 0.0594183 0.00747737 0.998205 0.824127
0.998159 -0.00118151 -0.0606481 -0.0470649 0.000673718 0.999965 -0.00839253 -0.0107694 0.0606558 0.00833622 0.998124 0.800359
0.998121 -0.000583938 -0.0612757 -0.0522878 0.000158693 0.999976 -0.0069445 -0.00955929 0.0612783 0.00692172 0.998097 0.837852
0.998165 0.00173465 -0.0605289 -0.0645967 -0.00195847 0.999991 -0.00363865 -0.0107459 0.060522 0.00375052 0.99816 0.854632
0.998207 0.000901285 -0.0598527 -0.0552003 -0.000913871 1 -0.000182913 -0.00924109 0.0598525 0.000237283 0.998207 0.871784
0.99831 -0.00166447 -0.0580971 -0.053675 0.00179763 0.999996 0.0022398 -0.00542231 0.0580931 -0.00234045 0.998308 0.892769
0.998266 -0.00187958 -0.0588308 -0.0341764 0.00207922 0.999992 0.00333241 -0.00944896 0.058824 -0.00344896 0.998262 0.929751
0.998399 -0.0029749 -0.0564921 -0.0531279 0.00299841 0.999995 0.000331429 0.000638407 0.0564908 -0.000500285 0.998403 0.889519
0.99841 0.000804976 -0.0563561 -0.050601 -0.00105023 0.99999 -0.0043224 -0.00897916 0.0563521 0.00437471 0.998401 0.928803
0.998487 0.00095547 -0.0549754 -0.058641 -0.00136896 0.999971 -0.00748412 -0.0108363 0.0549666 0.00754805 0.99846 0.90911
0.998481 -0.00383391 -0.0549617 -0.0351301 0.0034854 0.999973 -0.00643543 -0.0135263 0.0549849 0.00623409 0.998468 0.853729
0.998499 -0.00224772 -0.0547305 -0.0519825 0.00216246 0.999996 -0.00161694 -0.0111797 0.054734 0.00149616 0.9985 0.899004
0.99848 -0.00402678 -0.0549731 -0.0498569 0.00412909 0.99999 0.00174757 -0.0174292 0.0549655 -0.0019719 0.998486 0.898857
0.998453 -0.0059648 -0.0552801 -0.0493381 0.00602064 0.999982 0.000843682 -0.0122401 0.055274 -0.0011752 0.998471 0.899383
0.998407 -0.00267576 -0.0563573 -0.0494701 0.00247517 0.99999 -0.00362884 -0.00455722 0.0563664 0.00348357 0.998404 0.899542
0.998365 -0.000258722 -0.0571667 -0.0614906 -0.000178767 0.999971 -0.00764763 -0.0110451 0.057167 0.00764534 0.998335 0.8627
0.998284 0.00189466 -0.058527 -0.0539808 -0.00241481 0.999958 -0.00881803 -0.0133923 0.0585079 0.00894423 0.998247 0.818328
0.998187 -0.00127685 -0.0601722 -0.040676 0.000845414 0.999974 -0.0071949 -0.021039 0.0601798 0.00713099 0.998162 0.869918
0.998177 0.00416815 -0.0602121 -0.0692261 -0.00440997 0.999983 -0.00388387 -0.0219746 0.0601948 0.00414232 0.998178 0.869706
0.997994 -0.00103448 -0.0632941 -0.0373859 0.000885771 0.999997 -0.00237745 -0.0176932 0.0632963 0.00231662 0.997992 0.895366
0.998019 0.00186651 -0.0628798 -0.0769409 -0.0018337 0.999998 0.000579511 -0.0122468 0.0628808 -0.000463061 0.998021 0.91112
0.998081 0.00143604 -0.061898 -0.0521555 -0.001211 0.999993 0.00367299 -0.0203216 0.0619028 -0.00359098 0.998076 0.86924
0.998096 0.00721287 -0.0612591 -0.0825941 -0.00684658 0.999957 0.0061872 -0.00364708 0.0613011 -0.00575601 0.998103 0.948485
0.998085 -0.0014859 -0.0618342 -0.0540606 0.00184837 0.999981 0.00580504 -0.0128423 0.0618245 -0.00590822 0.99807 0.959479
0.99811 0.00028643 -0.0614577 -0.0643241 -4.32447e-005 0.999992 0.00395824 3.15969e-005 0.0614583 -0.0039481 0.998102 0.966142
0.998047 0.0054178 -0.0622383 -0.0659428 -0.00532602 0.999984 0.00164044 -0.0159348 0.0622462 -0.00130575 0.99806 0.947285
0.998022 0.000503669 -0.0628698 -0.0662713 -0.000383435 0.999998 0.00192447 -0.0170558 0.0628706 -0.00189656 0.99802 0.942185
0.998079 0.00112904 -0.0619507 -0.0893307 -0.000930869 0.999994 0.00322759 -0.0140967 0.061954 -0.00316372 0.998074 0.943638
0.998009 0.00038625 -0.0630678 -0.0551541 -9.44654e-005 0.999989 0.00462943 -0.0193671 0.0630689 -0.00461426 0.997999 0.934244
0.998016 0.0026425 -0.0628979 -0.0792009 -0.00256788 0.999996 0.00126709 -0.0106178 0.062901 -0.00110306 0.998019 0.942595
0.998064 0.00277374 -0.0621309 -0.0858514 -0.00296162 0.999991 -0.00293211 -0.00803117 0.0621222 0.00311044 0.998064 0.902075
0.998065 0.000922747 -0.0621748 -0.0663673 -0.00117674 0.999991 -0.00404858 -0.0135097 0.0621705 0.00411391 0.998057 0.897359
0.998028 -0.00217825 -0.0627371 -0.0522506 0.00218142 0.999998 -1.79124e-005 -0.0209116 0.062737 -0.000118979 0.99803 0.888565
0.998005 -0.00233688 -0.0630914 -0.0545108 0.00250281 0.999994 0.00255099 -0.00892964 0.0630851 -0.0027038 0.998004 0.898638
0.997991 -0.0017118 -0.0633343 -0.0560645 0.00190142 0.999994 0.00293376 -0.00943623 0.0633289 -0.00304829 0.997988 0.859037
0.997933 -0.00392282 -0.0641367 -0.0517207 0.00404969 0.99999 0.00184814 -0.0176789 0.0641288 -0.00210405 0.997939 0.898341
0.997913 -0.000428819 -0.0645659 -0.0642064 0.000477539 1 0.000739143 -0.0164323 0.0645655 -0.000768433 0.997913 0.904074
0.997941 -0.000568518 -0.0641411 -0.077915 0.000661277 0.999999 0.00142496 -0.00519228 0.0641402 -0.00146444 0.99794 0.884871
0.997786 -0.000739267 -0.0665027 -0.0554297 0.00111432 0.999984 0.00560269 -0.0133048 0.0664975 -0.00566439 0.997771 0.889404
0.997709 -0.0027119 -0.0676029 -0.0528016 0.00340573 0.999943 0.0101502 -0.00581034 0.0675715 -0.0103572 0.997661 0.896289
