0.999993 -0.00137303 -0.00338692 -0.00631493 0.00136543 0.999997 -0.0022434 -0.0012479 0.00338999 0.00223876 0.999992 0.698142
0.999975 -0.00228074 -0.00671158 -0.0161452 0.00225553 0.99999 -0.003761 -0.000177465 0.00672009 0.00374576 0.99997 1.4058
0.999942 0.00111478 -0.0106823 -0.0356386 -0.00117755 0.999982 -0.00587245 -0.00182467 0.0106756 0.00588469 0.999926 2.12212
0.99987 0.000653044 -0.0161187 -0.0489347 -0.000751308 0.999981 -0.006091 -0.0079646 0.0161144 0.00610232 0.999852 2.85521
0.999786 -0.000806301 -0.0206675 -0.0684471 0.000674418 0.999979 -0.00638733 -0.0195957 0.0206722 0.00637203 0.999766 3.59625
0.999717 0.00125707 -0.0237747 -0.101435 -0.00142484 0.999974 -0.00704118 -0.0362145 0.0237652 0.00707306 0.999693 4.38325
0.999553 0.00381736 -0.0296613 -0.123381 -0.00407179 0.999955 -0.00852211 -0.0390429 0.0296274 0.00863907 0.999524 5.16872
0.999387 0.000710383 -0.0349906 -0.152378 -0.000956175 0.999975 -0.00700828 -0.0431023 0.0349847 0.00703745 0.999363 6.00615
0.99925 -0.000604765 -0.0387073 -0.193209 0.000478475 0.999995 -0.00327188 -0.0617468 0.0387091 0.00325091 0.999245 6.85675
0.999089 -0.00149906 -0.0426424 -0.231171 0.00144765 0.999998 -0.00123636 -0.0742498 0.0426442 0.0011735 0.99909 7.7718
0.999046 0.00166994 -0.0436315 -0.301771 -0.00173541 0.999997 -0.00146257 -0.081206 0.0436289 0.0015369 0.999047 8.65059
0.998868 0.00222057 -0.0475061 -0.334089 -0.0022879 0.999996 -0.001363 -0.0958618 0.0475029 0.00147015 0.99887 9.56594
0.998808 -0.00458104 -0.0485991 -0.381962 0.00444525 0.999986 -0.00290193 -0.0938159 0.0486117 0.00268244 0.998814 10.4503
0.998841 -0.000339482 -0.0481203 -0.444246 0.000261896 0.999999 -0.00161861 -0.105756 0.0481208 0.00160414 0.99884 11.3526
0.998622 -0.00261308 -0.052417 -0.482185 0.00248173 0.999994 -0.00257076 -0.113715 0.0524234 0.00243713 0.998622 12.2779
0.998675 0.00150159 -0.0514358 -0.545298 -0.00172053 0.99999 -0.00421262 -0.127404 0.0514289 0.00429553 0.998667 13.1964
0.99848 0.0032479 -0.0550174 -0.604718 -0.00364026 0.999969 -0.00703275 -0.13269 0.0549929 0.00722234 0.998461 14.1112
0.998392 0.00346781 -0.0565879 -0.666681 -0.0039292 0.99996 -0.00804438 -0.150355 0.0565577 0.00825379 0.998365 15.0809
0.998467 0.00614765 -0.0550007 -0.732431 -0.00663739 0.99994 -0.00872596 -0.159212 0.0549438 0.00907765 0.998448 16.03
0.99829 0.00337406 -0.0583531 -0.774999 -0.00374337 0.999974 -0.0062207 -0.180858 0.0583306 0.0064285 0.998277 16.9894
0.998374 0.00182875 -0.0569769 -0.85539 -0.0021399 0.999983 -0.00540042 -0.193291 0.0569661 0.00551356 0.998361 17.961
0.998301 -0.00465996 -0.0580734 -0.924092 0.00435255 0.999976 -0.00541887 -0.198822 0.0580973 0.0051569 0.998298 18.9163
0.998162 -0.000951201 -0.0605901 -0.985861 0.000570691 0.99998 -0.00629705 -0.211296 0.0605949 0.0062509 0.998143 19.8688
0.99824 -0.000709909 -0.0592909 -1.05001 0.000284152 0.999974 -0.00718893 -0.226492 0.0592945 0.00715943 0.998215 20.7608
0.997977 -0.00396682 -0.0634584 -1.09197 0.00359196 0.999975 -0.00602018 -0.23587 0.0634807 0.00578006 0.997966 21.7423
0.998253 0.00240458 -0.0590348 -1.17399 -0.0025644 0.999993 -0.00263157 -0.2483 0.0590281 0.00277836 0.998252 22.5893
0.998136 0.00452874 -0.0608628 -1.2334 -0.00445265 0.999989 0.00138587 -0.263313 0.0608684 -0.00111229 0.998145 23.6796
0.998326 0.000213538 -0.0578345 -1.24931 9.75456e-006 0.999993 0.00386059 -0.25979 0.0578349 -0.00385469 0.998319 23.8927
0.998527 0.00237256 -0.0542074 -1.34512 -0.00212286 0.999987 0.0046635 -0.280125 0.0542178 -0.00454156 0.998519 25.3534
0.998515 0.0018749 -0.054452 -1.34496 -0.00175868 0.999996 0.00218227 -0.273263 0.0544559 -0.00208327 0.998514 25.4108
0.998531 0.00463602 -0.0539917 -1.39013 -0.00478994 0.999985 -0.00272171 -0.284707 0.0539782 0.00297633 0.998538 26.1882
0.998745 0.00303972 -0.0499996 -1.42186 -0.00334699 0.999976 -0.00606293 -0.285659 0.04998 0.00622267 0.998731 26.5778
0.998661 -0.00405719 -0.0515675 -1.47991 0.00381965 0.999982 -0.00470399 -0.306483 0.0515856 0.00450072 0.998658 27.8908
0.998672 -0.00516324 -0.0512612 -1.52541 0.00517842 0.999987 0.000163464 -0.317028 0.0512596 -0.000428699 0.998685 28.7585
0.998588 -0.00597496 -0.0527923 -1.57536 0.00616926 0.999975 0.00351821 -0.339546 0.0527699 -0.00383893 0.998599 29.888
0.998407 -0.014011 -0.054655 -1.61506 0.0141719 0.999896 0.00255839 -0.347556 0.0546135 -0.00332889 0.998502 30.8803
0.998509 -0.007605 -0.054051 -1.63675 0.00753612 0.999971 -0.00147815 -0.347471 0.0540606 0.00106861 0.998537 31.1577
0.99836 -0.00125211 -0.0572305 -1.67274 0.000945518 0.999985 -0.00538387 -0.355392 0.0572364 0.00532093 0.998346 31.7771
0.998298 0.00161689 -0.0582952 -1.74626 -0.001959 0.999981 -0.00581188 -0.374483 0.0582847 0.00591619 0.998282 32.9662
0.99824 0.00117577 -0.0592934 -1.79041 -0.00145173 0.999988 -0.0046113 -0.393161 0.0592873 0.00468926 0.99823 33.8569
0.998239 0.00401018 -0.0591907 -1.82392 -0.00412297 0.99999 -0.00178347 -0.399223 0.0591829 0.00202437 0.998245 34.1528
0.998173 0.00257097 -0.0603653 -1.9095 -0.00261227 0.999996 -0.000605237 -0.418743 0.0603635 0.000761822 0.998176 35.5547
0.998126 0.000638379 -0.061187 -1.97912 -0.000498542 0.999997 0.00230064 -0.426012 0.0611883 -0.00226582 0.998124 36.4232
0.998064 0.00103387 -0.062187 -1.99116 -0.000702934 0.999985 0.00534329 -0.435016 0.0621916 -0.00528923 0.99805 36.7577
0.998109 0.00603979 -0.061174 -2.05125 -0.00554808 0.999951 0.00820454 -0.434264 0.0612206 -0.00784962 0.998093 37.4086
0.998026 0.00601882 -0.0625094 -2.06786 -0.00555206 0.999955 0.00763805 -0.443294 0.0625526 -0.00727592 0.998015 37.8973
0.998017 -0.00313824 -0.0628718 -2.11005 0.00348132 0.99998 0.00534788 -0.43852 0.0628537 -0.00555615 0.998007 38.4999
0.998075 0.00227203 -0.0619794 -2.14685 -0.00203499 0.99999 0.00388738 -0.450599 0.0619877 -0.00375377 0.99807 39.0337
0.997991 0.0011721 -0.0633495 -2.24169 -0.000976163 0.999995 0.00312387 -0.459156 0.0633528 -0.00305576 0.997987 40.467
0.998005 -0.00153675 -0.0631222 -2.27194 0.00179621 0.99999 0.0040539 -0.463581 0.0631154 -0.0041592 0.997998 40.6027
0.997841 -0.0013934 -0.0656619 -2.30923 0.00174084 0.999985 0.00523448 -0.473411 0.0656536 -0.00533748 0.997828 41.3783
0.997912 0.00262894 -0.0645338 -2.41566 -0.00248983 0.999994 0.00223591 -0.487825 0.0645394 -0.00207057 0.997913 42.7224
0.997749 0.00309339 -0.0669899 -2.48608 -0.0032232 0.999993 -0.00182975 -0.503218 0.0669837 0.00204155 0.997752 43.7371
0.99787 0.000813952 -0.0652263 -2.57101 -0.00102241 0.999994 -0.00316265 -0.518276 0.0652234 0.0032226 0.997865 44.8562
0.997868 0.00011405 -0.0652596 -2.64981 -6.85655e-005 1 0.000699221 -0.543964 0.0652596 -0.000693256 0.997868 45.994
0.997852 -0.00245405 -0.0654567 -2.71707 0.00268706 0.99999 0.00347192 -0.557708 0.0654475 -0.00364035 0.997849 47.0479
0.99778 -0.00464145 -0.066433 -2.78803 0.00495506 0.999977 0.00455665 -0.572781 0.0664103 -0.00487572 0.99778 48.1048
0.997843 -0.00350012 -0.06555 -2.85519 0.00369133 0.999989 0.00279618 -0.58981 0.0655395 -0.00303211 0.997845 49.1328
0.997785 -0.00512451 -0.0663301 -2.9246 0.00522097 0.999986 0.00128096 -0.606673 0.0663226 -0.00162443 0.997797 50.1346
0.997663 -0.00512559 -0.068135 -3.00033 0.00529289 0.999983 0.00227501 -0.605948 0.0681222 -0.00263033 0.997674 51.1709
0.997591 -0.00633197 -0.0690773 -3.0592 0.00679552 0.999956 0.00647776 -0.623438 0.0690332 -0.00693157 0.99759 52.1964
0.997613 -0.00443919 -0.0689096 -3.13401 0.00518551 0.99993 0.0106553 -0.622563 0.0688575 -0.0109872 0.997566 53.2992
0.997653 0.00484096 -0.0682969 -3.15829 -0.00387302 0.99989 0.0142979 -0.625845 0.0683586 -0.0139998 0.997563 53.5484
0.997422 0.00383469 -0.0716499 -3.27247 -0.003161 0.99995 0.00951357 -0.638946 0.0716828 -0.00926256 0.997384 55.0574
0.997378 0.00502506 -0.0721929 -3.27853 -0.00489492 0.999986 0.00197946 -0.636694 0.0722018 -0.00162089 0.997389 55.1015
0.997258 0.0044091 -0.0738771 -3.33773 -0.00460939 0.999986 -0.00254079 -0.644577 0.0738649 0.00287435 0.997264 55.8544
0.997102 0.00353361 -0.0759964 -3.40103 -0.00369146 0.999991 -0.00193678 -0.658122 0.0759889 0.00221171 0.997106 56.9693
0.997014 0.00487197 -0.0770658 -3.48178 -0.00483904 0.999988 0.000614087 -0.673722 0.0770679 -0.000239329 0.997026 57.9048
0.996959 0.00525383 -0.0777452 -3.563 -0.00509068 0.999984 0.0022965 -0.693856 0.0777561 -0.00189374 0.996971 58.8833
0.997141 0.0078481 -0.0751563 -3.68337 -0.0076608 0.999967 0.00278007 -0.710024 0.0751756 -0.00219636 0.997168 59.8456
0.996531 0.00107523 -0.0832193 -3.71865 -0.000787587 0.999994 0.00348924 -0.73156 0.0832225 -0.00341159 0.996525 60.7844
0.996554 -0.000789381 -0.0829435 -3.81599 0.00113163 0.999991 0.00407931 -0.754575 0.0829396 -0.00415911 0.996546 61.7805
0.996509 0.00153109 -0.0834751 -3.83443 -0.00112997 0.999988 0.00485231 -0.752864 0.0834814 -0.00474104 0.996498 62.0044
0.99649 0.00240992 -0.0836781 -3.88932 -0.00194405 0.999982 0.0056485 -0.763408 0.0836902 -0.005466 0.996477 62.5998
0.996313 0.00215618 -0.0857621 -3.93003 -0.00143521 0.999963 0.00846746 -0.762561 0.0857772 -0.00831316 0.99628 63.0056
0.996191 0.00433875 -0.0870932 -3.9748 -0.00321587 0.99991 0.0130291 -0.766638 0.0871419 -0.0126993 0.996115 63.5014
0.996133 0.00578515 -0.0876639 -4.03271 -0.00451318 0.999882 0.0147008 -0.768439 0.0877386 -0.0142483 0.996042 63.9822
0.995966 0.00676624 -0.0894715 -4.09311 -0.00582279 0.999925 0.0108015 -0.77245 0.0895379 -0.010237 0.995931 64.4805
0.995933 0.00377921 -0.0900148 -4.13045 -0.00346519 0.999987 0.00364454 -0.781175 0.0900275 -0.0033178 0.995934 64.9816
0.995858 -0.0012883 -0.0909179 -4.17885 0.00107388 0.999997 -0.00240718 -0.785268 0.0909207 0.00229957 0.995855 65.4204
0.995915 0.000648466 -0.0902944 -4.24003 -0.000871326 0.999997 -0.00242875 -0.7916 0.0902925 0.0024975 0.995912 65.8898
0.995799 0.00505595 -0.0914305 -4.28073 -0.00501 0.999987 0.000732053 -0.799417 0.091433 -0.00027091 0.995811 66.3164
0.995567 0.000399085 -0.0940524 -4.37179 -7.47984e-005 0.999994 0.00345144 -0.830483 0.0940532 -0.0034291 0.995561 67.4534
0.995497 -0.00264198 -0.0947525 -4.43993 0.00264894 0.999996 -5.23364e-005 -0.846289 0.0947523 -0.000198893 0.995501 68.1456
0.995604 -0.0107398 -0.0930459 -4.53379 0.0102023 0.999928 -0.00625071 -0.866211 0.0931064 0.00527395 0.995642 69.0813
0.995595 -0.0113239 -0.0930713 -4.59313 0.0103127 0.999883 -0.0113386 -0.877439 0.0931888 0.0103289 0.995595 69.8302
0.996077 -0.00220587 -0.0884636 -4.67239 0.0011697 0.99993 -0.0117631 -0.881595 0.0884833 0.0116135 0.99601 70.4993
0.996518 0.00773381 -0.0830181 -4.75545 -0.00844439 0.999931 -0.00821155 -0.894563 0.0829488 0.008884 0.996514 71.1413
0.996776 0.00268366 -0.0801924 -4.80274 -0.00317599 0.999977 -0.00601238 -0.904295 0.0801744 0.00624769 0.996761 71.7698
0.997273 -0.00587272 -0.0735679 -4.80948 0.00577948 0.999982 -0.00148023 -0.90919 0.0735753 0.00105101 0.997289 71.9025
0.997799 -0.00817164 -0.0658123 -4.83181 0.00829171 0.999964 0.00155151 -0.918294 0.0657972 -0.00209379 0.997831 72.2999
0.998497 -0.00119749 -0.0547915 -4.86709 0.0013131 0.999997 0.00207407 -0.935284 0.0547888 -0.0021429 0.998496 73.0392
0.999173 0.00713215 -0.0400381 -4.89086 -0.00708455 0.999974 0.00133073 -0.94039 0.0400466 -0.00104597 0.999197 73.6182
0.999716 0.00833794 -0.0223253 -4.88943 -0.008293 0.999963 0.00210492 -0.945056 0.022342 -0.00191918 0.999749 74.2219
0.999996 0.0029058 7.68628e-005 -4.87058 -0.00290602 0.999991 0.00301153 -0.952181 -6.81112e-005 -0.00301174 0.999995 74.7808
0.999673 -0.00635481 0.0247498 -4.83987 0.00624856 0.999971 0.00436803 -0.958882 -0.0247768 -0.00421196 0.999684 75.2614
0.998464 -0.00395264 0.0552592 -4.78894 0.0036106 0.999974 0.00628823 -0.966248 -0.0552826 -0.00607905 0.998452 75.8181
0.996159 -0.00226474 0.0875351 -4.72097 0.00158217 0.999968 0.00786631 -0.97164 -0.0875501 -0.0076976 0.99613 76.3223
0.992019 0.00139275 0.126078 -4.63779 -0.00250788 0.999959 0.00868652 -0.975554 -0.12606 -0.00893338 0.991982 76.8424
0.985778 0.000621051 0.168052 -4.52862 -0.00213051 0.999959 0.00880195 -0.977962 -0.168039 -0.0090348 0.985739 77.3434
0.977517 -0.00462732 0.210808 -4.36502 0.00262116 0.999949 0.00979498 -0.985491 -0.210842 -0.00902219 0.977479 77.8291
0.964968 -0.00012599 0.262369 -4.21075 -0.00199254 0.999968 0.00780857 -0.993924 -0.262361 -0.0080578 0.964936 78.2889
0.950295 -0.000477717 0.311352 -4.02473 -0.00131218 0.999984 0.00553927 -1.00036 -0.31135 -0.00567249 0.950279 78.7287
0.929805 -0.00168597 0.368047 -3.81671 3.43888e-005 0.99999 0.00449392 -1.00372 -0.368051 -0.00416581 0.929796 79.1376
0.905634 -0.00174138 0.424058 -3.58187 0.000569962 0.999996 0.00288922 -1.00297 -0.424061 -0.00237488 0.905631 79.5165
0.87718 -0.00271423 0.480154 -3.32356 0.00199917 0.999996 0.00200058 -1.00137 -0.480158 -0.00079496 0.877182 79.8711
0.843353 -0.00422245 0.537344 -3.04023 0.0037396 0.999991 0.00198868 -1.00396 -0.537347 0.00033229 0.843361 80.2142
0.807682 -0.00596933 0.589588 -2.73861 0.0047748 0.999982 0.00358336 -1.02072 -0.589599 -7.9052e-005 0.807696 80.5076
0.767091 -0.0027673 0.641533 -2.42647 0.000579579 0.999993 0.00362054 -1.02094 -0.641538 -0.00240547 0.767087 80.8052
0.725816 -0.00157702 0.687887 -2.09305 -0.00384871 0.999972 0.0063534 -1.02189 -0.687878 -0.00725888 0.72579 81.0803
0.68076 -0.00189056 0.732504 -1.75638 -0.00427708 0.999969 0.00655583 -1.02716 -0.732494 -0.00759593 0.680731 81.3169
0.635325 -0.00731329 0.77221 -1.38282 0.000805917 0.999961 0.00880716 -1.02627 -0.772244 -0.00497308 0.635306 81.5394
0.58824 -0.0125417 0.808589 -0.998291 0.00466563 0.999916 0.0121151 -1.02267 -0.808673 -0.00335404 0.588249 81.7504
0.542575 -0.00822166 0.839967 -0.552597 -0.00116064 0.999944 0.0105372 -1.03207 -0.840006 -0.00669214 0.542535 81.9655
0.495881 -0.00106732 0.86839 -0.056094 -0.00882385 0.999941 0.00626773 -1.02934 -0.868346 -0.0107706 0.495842 82.197
0.450074 -0.00242446 0.892988 0.374129 -0.00479808 0.999975 0.0051332 -1.03122 -0.892979 -0.00659494 0.450051 82.365
0.407115 -0.00912062 0.913331 0.500196 0.000891621 0.999954 0.0095882 -1.03039 -0.913376 -0.00308916 0.407105 82.3916
0.368108 -0.0242969 0.929466 1.09595 0.00469648 0.999694 0.0242727 -1.02218 -0.929771 -0.00456975 0.368109 82.5542
0.333341 -0.0255166 0.942461 1.61918 -0.00460317 0.999578 0.0286911 -1.01887 -0.942795 -0.0139022 0.333083 82.6672
0.300685 -0.0205507 0.953502 2.21685 -0.0150423 0.999541 0.0262865 -1.00793 -0.953605 -0.0222468 0.300238 82.8257
