0.999924 -6.6855e-006 0.0123484 0.00501605 -6.6855e-006 0.999999 0.00108277 -0.00578658 -0.0123484 -0.00108277 0.999923 0.287481
0.999818 -1.0123e-005 0.0190963 0.0187116 -1.0123e-005 0.999999 0.00106011 -0.00988366 -0.0190963 -0.00106011 0.999817 0.580366
0.999788 2.92728e-006 0.0205906 0.0395882 2.92728e-006 1 -0.000284301 -0.0114073 -0.0205906 0.000284301 0.999788 0.875429
0.999836 1.77808e-005 0.0180956 0.0590969 1.77808e-005 0.999998 -0.00196504 -0.0113252 -0.0180956 0.00196504 0.999834 1.18086
0.999964 1.30735e-005 0.0084386 0.0724485 1.30735e-005 0.999995 -0.00309844 -0.0111439 -0.0084386 0.00309844 0.99996 1.48458
1 -2.23559e-006 -0.000933179 0.0215142 -2.23559e-006 0.999989 -0.00479132 -0.0282616 0.000933179 0.00479132 0.999988 1.79664
0.999857 -4.10512e-005 -0.0169202 -0.00416292 -4.10512e-005 0.999988 -0.00485196 -0.0334926 0.0169202 0.00485196 0.999845 2.1245
0.99936 -6.78129e-005 -0.0357649 -0.0448699 -6.78129e-005 0.999993 -0.00379092 -0.0478108 0.0357649 0.00379092 0.999353 2.45925
0.998472 -0.000128023 -0.0552511 -0.0993279 -0.000128023 0.999989 -0.00463067 -0.0528199 0.0552511 0.00463067 0.998462 2.80763
0.997314 -0.000186684 -0.0732511 -0.185136 -0.000186684 0.999987 -0.00509021 -0.0553353 0.0732511 0.00509021 0.997301 3.15507
0.995192 -0.000250392 -0.0979455 -0.196945 -0.000250392 0.999987 -0.00510055 -0.0550788 0.0979455 0.00510055 0.995179 3.53985
0.993179 -0.000265939 -0.116601 -0.284272 -0.000265939 0.99999 -0.00454594 -0.0536082 0.116601 0.00454594 0.993168 3.92239
0.990737 -0.000294174 -0.135795 -0.360703 -0.000294174 0.999991 -0.00431253 -0.0569601 0.135795 0.00431253 0.990728 4.3342
0.987925 -0.000369503 -0.154929 -0.399241 -0.000369503 0.999989 -0.00474113 -0.0526428 0.154929 0.00474113 0.987914 4.76344
0.985747 -0.000388977 -0.168237 -0.494888 -0.000388977 0.999989 -0.00459118 -0.0659271 0.168237 0.00459118 0.985736 5.19911
0.983585 -0.000504095 -0.180444 -0.606111 -0.000504095 0.999985 -0.00554139 -0.0756341 0.180444 0.00554139 0.98357 5.66036
0.982047 -0.000740619 -0.188635 -0.734609 -0.000740619 0.999969 -0.00778181 -0.0873386 0.188635 0.00778181 0.982017 6.11473
0.980255 -0.00110684 -0.197736 -0.835538 -0.00110684 0.999938 -0.0110842 -0.0837538 0.197736 0.0110842 0.980193 6.64889
0.978407 -0.00139598 -0.206683 -0.948895 -0.00139598 0.99991 -0.013362 -0.0901386 0.206683 0.013362 0.978317 7.19454
0.976104 -0.00182717 -0.217298 -1.09289 -0.00182717 0.99986 -0.016615 -0.127929 0.217298 0.016615 0.975964 7.79758
0.974787 -0.00214566 -0.223127 -1.21153 -0.00214566 0.999817 -0.0189884 -0.112206 0.223127 0.0189884 0.974605 8.34922
0.973146 -0.00234461 -0.230177 -1.33415 -0.00234461 0.999795 -0.0200966 -0.151488 0.230177 0.0200966 0.972941 8.80672
0.97 -0.00313578 -0.243086 -1.43664 -0.00313578 0.999672 -0.0254085 -0.154085 0.243086 0.0254085 0.969672 9.4021
0.968956 -0.00322596 -0.247214 -1.69193 -0.00322596 0.999665 -0.0256891 -0.223054 0.247214 0.0256891 0.96862 9.95152
0.965396 -0.00384118 -0.26076 -1.78662 -0.00384118 0.999574 -0.0289454 -0.219108 0.26076 0.0289454 0.96497 10.5858
0.96388 -0.00397185 -0.266309 -1.9836 -0.00397185 0.999563 -0.0292837 -0.253651 0.266309 0.0292837 0.963443 11.1109
0.957813 -0.00594026 -0.287329 -2.02608 -0.00594026 0.999164 -0.0404587 -0.249454 0.287329 0.0404587 0.956977 11.7954
0.958864 -0.00502866 -0.283822 -2.39788 -0.00502866 0.999385 -0.0346955 -0.30238 0.283822 0.0346955 0.958249 12.4808
0.955309 -0.00604785 -0.295548 -2.58477 -0.00604785 0.999182 -0.0399951 -0.338035 0.295548 0.0399951 0.95449 13.0724
0.951223 -0.0073347 -0.308416 -2.71048 -0.0073347 0.998897 -0.0463775 -0.383761 0.308416 0.0463775 0.950121 13.8578
0.951002 -0.00806161 -0.30908 -3.07394 -0.00806161 0.998674 -0.0508526 -0.423657 0.30908 0.0508526 0.949676 14.5531
0.950092 -0.00923896 -0.311832 -3.33906 -0.00923896 0.99829 -0.0577267 -0.482133 0.311832 0.0577267 0.948382 15.1879
0.948781 -0.0103148 -0.315768 -3.60873 -0.0103148 0.997923 -0.0635904 -0.547278 0.315768 0.0635904 0.946703 16.0058
0.947354 -0.011772 -0.319971 -3.92018 -0.011772 0.997368 -0.0715482 -0.611315 0.319971 0.0715482 0.944722 16.7571
0.946666 -0.0124714 -0.321974 -4.28632 -0.0124714 0.997084 -0.0752897 -0.709406 0.321974 0.0752897 0.94375 17.5674
0.944514 -0.0136624 -0.328188 -4.56161 -0.0136624 0.996636 -0.0808098 -0.7826 0.328188 0.0808098 0.94115 18.363
0.942242 -0.0152791 -0.334584 -4.89668 -0.0152791 0.995958 -0.0885098 -0.835748 0.334584 0.0885098 0.9382 19.1556
0.939531 -0.0160477 -0.342089 -5.06611 -0.0160477 0.995741 -0.0907852 -0.982422 0.342089 0.0907852 0.935272 19.8676
0.938245 -0.0168264 -0.345563 -5.43872 -0.0168264 0.995415 -0.0941554 -0.976868 0.345563 0.0941554 0.93366 20.5528
0.935844 -0.0172665 -0.351992 -5.69897 -0.0172665 0.995353 -0.0947324 -1.06019 0.351992 0.0947324 0.931197 21.2292
0.933293 -0.0175879 -0.358685 -5.91184 -0.0175879 0.995363 -0.0945702 -1.1579 0.358685 0.0945702 0.928656 21.8355
0.9323 -0.0172747 -0.361274 -6.25528 -0.0172747 0.995592 -0.0921845 -1.21631 0.361274 0.0921845 0.927892 22.4292
0.930145 -0.0173798 -0.366781 -6.51766 -0.0173798 0.995676 -0.0912545 -1.27964 0.366781 0.0912545 0.925821 23.0307
0.926013 -0.0176442 -0.377078 -6.81648 -0.0176442 0.995792 -0.089925 -1.35267 0.377078 0.089925 0.921806 23.7101
0.922719 -0.0170731 -0.385096 -7.0662 -0.0170731 0.996228 -0.0850761 -1.39345 0.385096 0.0850761 0.918947 24.2621
0.918368 -0.0169748 -0.395364 -7.36673 -0.0169748 0.99647 -0.0822131 -1.4552 0.395364 0.0822131 0.914838 24.968
0.915667 -0.0156017 -0.401634 -7.6688 -0.0156017 0.997114 -0.0743032 -1.51073 0.401634 0.0743032 0.912781 25.4801
0.911063 -0.016087 -0.411952 -7.9621 -0.016087 0.99709 -0.0745146 -1.56002 0.411952 0.0745146 0.908154 26.1449
0.907326 -0.0161531 -0.420116 -8.23137 -0.0161531 0.997184 -0.073227 -1.63141 0.420116 0.073227 0.904511 26.6657
0.903537 -0.016596 -0.428188 -8.65441 -0.016596 0.997145 -0.0736677 -1.66624 0.428188 0.0736677 0.900682 27.3737
0.898634 -0.016932 -0.438372 -8.95102 -0.016932 0.997172 -0.0732247 -1.74725 0.438372 0.0732247 0.895806 28.0957
0.894774 -0.0173061 -0.446184 -9.31887 -0.0173061 0.997154 -0.0733818 -1.80391 0.446184 0.0733818 0.891928 28.8131
0.892887 -0.0162943 -0.449986 -9.94302 -0.0162943 0.997521 -0.0684529 -1.82533 0.449986 0.0684529 0.890408 29.4003
0.883612 -0.01575 -0.467954 -10.1879 -0.01575 0.997869 -0.0633253 -1.88883 0.467954 0.0633253 0.881481 30.0534
0.883612 -0.01575 -0.467954 -10.4328 -0.01575 0.997869 -0.0633253 -1.95232 0.467954 0.0633253 0.881481 30.7065
0.880971 -0.0155914 -0.472913 -10.6922 -0.0155914 0.997958 -0.0619463 -1.9407 0.472913 0.0619463 0.878929 30.899
0.877914 -0.0156024 -0.478564 -10.8759 -0.0156024 0.998006 -0.06116 -1.96909 0.478564 0.06116 0.87592 31.2118
0.874212 -0.0157016 -0.485291 -11.2208 -0.0157016 0.99804 -0.0605766 -2.0273 0.485291 0.0605766 0.872252 31.8771
0.871624 -0.0158856 -0.489918 -11.6827 -0.0158856 0.998034 -0.0606238 -2.06653 0.489918 0.0606238 0.869658 32.5775
0.868462 -0.0162442 -0.49549 -12.091 -0.0162442 0.997994 -0.0611899 -2.16638 0.49549 0.0611899 0.866456 33.3929
0.866156 -0.0176636 -0.499462 -12.5265 -0.0176636 0.997669 -0.0659147 -2.15666 0.499462 0.0659147 0.863825 34.1526
0.865247 -0.0210904 -0.500902 -12.8582 -0.0210904 0.996699 -0.0783969 -2.23087 0.500902 0.0783969 0.861946 34.9077
0.863772 -0.0159964 -0.503628 -13.4237 -0.0159964 0.998122 -0.0591379 -2.45994 0.503628 0.0591379 0.861894 35.7126
0.865031 -0.0171701 -0.501425 -14.0176 -0.0171701 0.997816 -0.0637888 -2.34215 0.501425 0.0637888 0.862847 36.5041
0.865543 -0.0167046 -0.500556 -14.5015 -0.0167046 0.997925 -0.0621879 -2.48792 0.500556 0.0621879 0.863467 37.3939
0.864039 -0.0165068 -0.503154 -15.0481 -0.0165068 0.997996 -0.0610873 -2.55916 0.503154 0.0610873 0.862035 38.2598
0.865247 -0.017352 -0.501045 -15.5806 -0.017352 0.997766 -0.0645192 -2.6338 0.501045 0.0645192 0.863013 39.1347
0.86301 -0.0165473 -0.504916 -16.1423 -0.0165473 0.998001 -0.0609898 -2.72451 0.504916 0.0609898 0.861011 40.0484
0.860149 -0.0165369 -0.509774 -16.6785 -0.0165369 0.998045 -0.0602791 -2.77918 0.509774 0.0602791 0.858194 40.9962
0.857371 -0.0167004 -0.514427 -17.2275 -0.0167004 0.998045 -0.0602344 -2.85487 0.514427 0.0602344 0.855416 41.9417
0.853813 -0.0157539 -0.520341 -17.8962 -0.0157539 0.998302 -0.0560748 -2.94632 0.520341 0.0560748 0.852115 42.8701
0.84729 -0.0176462 -0.530837 -18.4583 -0.0176462 0.997961 -0.0613404 -3.02166 0.530837 0.0613404 0.845251 43.8906
0.84206 -0.0187605 -0.539058 -19.137 -0.0187605 0.997772 -0.0640305 -3.11673 0.539058 0.0640305 0.839831 44.834
0.836337 -0.0189618 -0.547888 -19.8449 -0.0189618 0.997803 -0.0634777 -3.20006 0.547888 0.0634777 0.83414 45.7807
0.830628 -0.0180084 -0.556537 -20.5936 -0.0180084 0.998085 -0.0591733 -3.40104 0.556537 0.0591733 0.828713 46.6915
0.824522 -0.0169296 -0.565577 -21.2045 -0.0169296 0.998367 -0.054565 -3.40816 0.565577 0.054565 0.822888 47.7308
0.820783 -0.0174237 -0.570974 -21.9498 -0.0174237 0.998306 -0.055511 -3.48085 0.570974 0.055511 0.81909 48.7193
0.816893 -0.0187074 -0.576485 -22.6999 -0.0187074 0.998089 -0.0588974 -3.59857 0.576485 0.0588974 0.814982 49.7158
0.814236 -0.0203035 -0.580179 -23.48 -0.0203035 0.997781 -0.0634121 -3.68276 0.580179 0.0634121 0.812017 50.726
0.810353 -0.0213352 -0.585553 -24.2446 -0.0213352 0.9976 -0.0658745 -3.7839 0.585553 0.0658745 0.807953 51.7872
0.807234 -0.0204345 -0.589878 -25.0023 -0.0204345 0.997834 -0.0625309 -3.89724 0.589878 0.0625309 0.805068 52.7961
0.804114 -0.0193308 -0.594161 -25.7767 -0.0193308 0.998092 -0.0586342 -3.97289 0.594161 0.0586342 0.802206 53.8183
0.801463 -0.0184123 -0.59776 -26.5591 -0.0184123 0.998292 -0.0554363 -4.04687 0.59776 0.0554363 0.799756 54.7666
0.797932 -0.0186914 -0.602458 -27.3267 -0.0186914 0.998271 -0.0557276 -4.1334 0.602458 0.0557276 0.796203 55.7631
0.795137 -0.0193337 -0.606122 -28.1522 -0.0193337 0.998175 -0.057202 -4.19799 0.606122 0.057202 0.793312 56.7454
0.790663 -0.0200664 -0.611922 -28.8772 -0.0200664 0.998076 -0.0586571 -4.33569 0.611922 0.0586571 0.78874 57.7773
0.786459 -0.020951 -0.617288 -29.7213 -0.020951 0.997944 -0.0605633 -4.40979 0.617288 0.0605633 0.784403 58.7561
0.782501 -0.0211526 -0.62229 -30.5541 -0.0211526 0.997943 -0.0605199 -4.5024 0.62229 0.0605199 0.780444 59.711
0.77697 -0.0213094 -0.629176 -31.3253 -0.0213094 0.997964 -0.0601149 -4.59389 0.629176 0.0601149 0.774934 60.6816
0.771924 -0.0219561 -0.635336 -32.1593 -0.0219561 0.997886 -0.0611616 -4.68866 0.635336 0.0611616 0.76981 61.6375
0.766034 -0.0229892 -0.642389 -32.9913 -0.0229892 0.997741 -0.0631204 -4.77848 0.642389 0.0631204 0.763775 62.5639
