1 -8.22789e-007 -0.00085052 -0.0332714 -8.22789e-007 0.999998 -0.00193479 -0.0106501 0.00085052 0.00193479 0.999998 0.665833
0.99999 -8.02502e-006 -0.00448179 -0.0572275 -8.02502e-006 0.999994 -0.00358114 -0.011952 0.00448179 0.00358114 0.999984 1.32848
0.999968 -1.44594e-005 -0.00797551 -0.0719505 -1.44594e-005 0.999993 -0.00362588 -0.0435435 0.00797551 0.00362588 0.999962 2.00814
0.999939 -2.27065e-005 -0.0110594 -0.116692 -2.27065e-005 0.999992 -0.00410615 -0.0492359 0.0110594 0.00410615 0.99993 2.67924
0.99986 -3.48606e-005 -0.0167087 -0.103647 -3.48606e-005 0.999991 -0.00417243 -0.0635818 0.0167087 0.00417243 0.999852 3.51312
0.999821 -5.13913e-005 -0.0189396 -0.163967 -5.13913e-005 0.999985 -0.00542633 -0.069239 0.0189396 0.00542633 0.999806 4.23447
0.999704 -7.16278e-005 -0.0243137 -0.175863 -7.16278e-005 0.999983 -0.00589104 -0.0810077 0.0243137 0.00589104 0.999687 5.0488
0.999583 -5.94957e-005 -0.0288866 -0.19662 -5.94957e-005 0.999992 -0.00411838 -0.0891317 0.0288866 0.00411838 0.999574 5.74155
0.999426 -3.82606e-005 -0.033888 -0.205001 -3.82606e-005 0.999997 -0.00225741 -0.0869412 0.033888 0.00225741 0.999423 6.5043
0.999327 8.90739e-006 -0.0366779 -0.249287 8.90739e-006 1 0.000485546 -0.0959377 0.0366779 -0.000485546 0.999327 7.27627
0.999234 -4.58227e-006 -0.039124 -0.283864 -4.58227e-006 1 -0.000234154 -0.09927 0.039124 0.000234154 0.999234 8.04918
0.99919 -6.07501e-006 -0.0402457 -0.33966 -6.07501e-006 1 -0.000301773 -0.107449 0.0402457 0.000301773 0.99919 8.86808
0.999063 -2.10244e-005 -0.0432765 -0.35518 -2.10244e-005 1 -0.000971174 -0.113907 0.0432765 0.000971174 0.999063 9.65838
0.998972 6.30762e-006 -0.0453213 -0.386914 6.30762e-006 1 0.000278208 -0.127342 0.0453213 -0.000278208 0.998972 10.4787
0.998845 4.95552e-007 -0.0480434 -0.429956 4.95552e-007 1 2.06174e-005 -0.130261 0.0480434 -2.06174e-005 0.998845 11.3269
0.998815 -4.438e-005 -0.0486691 -0.472589 -4.438e-005 0.999998 -0.00182266 -0.144162 0.0486691 0.00182266 0.998813 12.1296
0.998822 -0.000108615 -0.0485311 -0.541409 -0.000108615 0.99999 -0.00447343 -0.148847 0.0485311 0.00447343 0.998812 12.9066
0.998749 -0.000148307 -0.0499944 -0.580307 -0.000148307 0.999982 -0.00592919 -0.156964 0.0499944 0.00592919 0.998732 13.7176
0.998653 -0.000139957 -0.0518904 -0.614968 -0.000139957 0.999985 -0.00539066 -0.166327 0.0518904 0.00539066 0.998638 14.5391
0.998562 -0.00011079 -0.0536135 -0.628873 -0.00011079 0.999991 -0.00412993 -0.18331 0.0536135 0.00412993 0.998553 15.2958
0.998467 -6.2125e-005 -0.0553524 -0.669156 -6.2125e-005 0.999997 -0.00224298 -0.197197 0.0553524 0.00224298 0.998464 16.116
0.998454 -6.61021e-005 -0.05559 -0.72179 -6.61021e-005 0.999997 -0.00237636 -0.211845 0.05559 0.00237636 0.998451 16.9654
0.998324 -8.11579e-005 -0.0578702 -0.758707 -8.11579e-005 0.999996 -0.00280247 -0.226118 0.0578702 0.00280247 0.99832 17.8024
0.998307 -0.000115768 -0.05817 -0.804249 -0.000115768 0.999992 -0.00397693 -0.240142 0.05817 0.00397693 0.998299 18.5685
0.998188 -5.78663e-005 -0.0601715 -0.811842 -5.78663e-005 0.999998 -0.00192164 -0.256971 0.0601715 0.00192164 0.998186 19.3872
0.998232 3.87271e-005 -0.0594302 -0.89556 3.87271e-005 0.999999 0.00130213 -0.257982 0.0594302 -0.00130213 0.998232 20.2622
0.998208 0.000164718 -0.0598315 -0.912304 0.000164718 0.999985 0.00550108 -0.279763 0.0598315 -0.00550108 0.998193 21.0822
0.998359 0.000233234 -0.0572573 -0.964254 0.000233234 0.999967 0.00814005 -0.281042 0.0572573 -0.00814005 0.998326 21.9434
0.998478 0.000245998 -0.0551438 -1.05662 0.000245998 0.99996 0.00891508 -0.273438 0.0551438 -0.00891508 0.998439 23.0044
0.998457 0.000170302 -0.0555274 -1.05076 0.000170302 0.999981 0.0061292 -0.287757 0.0555274 -0.0061292 0.998438 23.8502
0.998621 4.49301e-005 -0.052502 -1.1779 4.49301e-005 0.999999 0.00171037 -0.28857 0.052502 -0.00171037 0.998619 24.9311
0.998701 -4.30599e-005 -0.0509611 -1.2216 -4.30599e-005 0.999999 -0.00168881 -0.290261 0.0509611 0.00168881 0.998699 25.8377
0.998684 -1.33097e-005 -0.0512924 -1.25244 -1.33097e-005 1 -0.000518631 -0.310396 0.0512924 0.000518631 0.998684 26.7595
0.99869 0.000106773 -0.0511718 -1.31091 0.000106773 0.999991 0.00417037 -0.309238 0.0511718 -0.00417037 0.998681 27.7095
0.998651 0.000192043 -0.0519233 -1.35316 0.000192043 0.999973 0.0073921 -0.322109 0.0519233 -0.0073921 0.998624 28.6157
0.998585 0.000167792 -0.053187 -1.40363 0.000167792 0.99998 0.006305 -0.323436 0.053187 -0.006305 0.998565 29.5684
0.998171 9.88267e-005 -0.0604459 -1.30076 9.88267e-005 0.999995 0.00326693 -0.296712 0.0604459 -0.00326693 0.998166 30.3958
0.998267 -2.25843e-005 -0.058849 -1.43749 -2.25843e-005 1 -0.000766867 -0.322909 0.058849 0.000766867 0.998267 31.3795
0.998025 -4.53883e-005 -0.0628202 -1.4485 -4.53883e-005 0.999999 -0.0014436 -0.323689 0.0628202 0.0014436 0.998024 32.2248
0.998068 -1.84755e-006 -0.0621249 -1.54704 -1.84755e-006 1 -5.94211e-005 -0.334647 0.0621249 5.94211e-005 0.998068 33.1009
0.998022 9.54374e-005 -0.0628651 -1.60266 9.54374e-005 0.999995 0.00303325 -0.345627 0.0628651 -0.00303325 0.998017 33.9837
0.99799 0.000134118 -0.0633701 -1.67917 0.000134118 0.999991 0.00422859 -0.348113 0.0633701 -0.00422859 0.997981 34.9059
0.997952 0.000223161 -0.0639725 -1.75265 0.000223161 0.999976 0.00696955 -0.358401 0.0639725 -0.00696955 0.997927 35.8403
0.99797 0.000317341 -0.0636848 -1.81712 0.000317341 0.99995 0.00995562 -0.361129 0.0636848 -0.00995562 0.99792 36.7674
0.99793 0.000404143 -0.0643136 -1.89526 0.000404143 0.999921 0.0125544 -0.363232 0.0643136 -0.0125544 0.997851 37.7462
0.998025 0.000388924 -0.0628162 -1.98065 0.000388924 0.999923 0.0123702 -0.370236 0.0628162 -0.0123702 0.997948 38.6938
0.9979 0.000329847 -0.0647728 -2.01646 0.000329847 0.999948 0.0101738 -0.373748 0.0647728 -0.0101738 0.997848 39.8293
0.997931 0.000270445 -0.0642982 -2.10104 0.000270445 0.999965 0.00840334 -0.376832 0.0642982 -0.00840334 0.997895 40.8322
0.997745 0.000269356 -0.0671224 -2.15859 0.000269356 0.999968 0.00801665 -0.378079 0.0671224 -0.00801665 0.997713 41.885
0.997636 0.000312868 -0.0687129 -2.21447 0.000312868 0.999959 0.00909558 -0.38432 0.0687129 -0.00909558 0.997595 42.8643
