0.999994 -0.00266876 -0.00221869 -0.0135351 0.00266449 0.999995 -0.00192875 -0.0104086 0.00222383 0.00192283 0.999996 0.676429
0.999961 -0.00179 -0.00869473 -0.0100888 0.00176264 0.999993 -0.00315285 -0.0155504 0.00870031 0.0031374 0.999957 1.3312
0.999941 -0.00324714 -0.0103478 -0.0523915 0.00319123 0.99998 -0.00541442 -0.0129051 0.0103652 0.00538108 0.999932 2.01994
0.999868 -0.000957109 -0.0162437 -0.0421585 0.000861579 0.999982 -0.00588705 -0.0219094 0.0162491 0.00587227 0.999851 2.68952
0.999818 0.00247251 -0.0189269 -0.0524553 -0.00258424 0.999979 -0.00588117 -0.0291731 0.0189119 0.00592901 0.999804 3.46222
0.999686 0.00412972 -0.0247097 -0.0802825 -0.00429916 0.999968 -0.00680816 -0.0376037 0.0246808 0.00691225 0.999671 4.15291
0.999603 0.00328871 -0.0279665 -0.118879 -0.0035041 0.999965 -0.00765616 -0.0453298 0.0279403 0.00775112 0.99958 4.9173
0.999406 -0.000182458 -0.0344612 -0.135453 -1.88966e-005 0.999983 -0.00584251 -0.0515132 0.0344617 0.00583969 0.999389 5.68315
0.999238 0.00278721 -0.0389245 -0.182279 -0.00291852 0.99999 -0.00331703 -0.0642939 0.0389149 0.00342811 0.999237 6.51049
0.999142 0.000895092 -0.0414036 -0.210595 -0.000930606 0.999999 -0.000838479 -0.0673757 0.0414028 0.00087629 0.999142 7.21832
0.99902 -3.58526e-005 -0.044271 -0.252556 -1.61464e-005 0.999999 -0.0011742 -0.0775105 0.044271 0.00117377 0.999019 8.04172
0.998874 -0.00386775 -0.0472905 -0.304788 0.00378899 0.999991 -0.00175501 -0.0865539 0.0472969 0.00157385 0.99888 8.83576
0.998818 -0.0016479 -0.0485795 -0.344533 0.00153771 0.999996 -0.00230551 -0.0917404 0.0485831 0.00222808 0.998817 9.66231
0.998727 -0.00345056 -0.0503188 -0.387044 0.00340604 0.999994 -0.00097053 -0.101377 0.0503218 0.000797906 0.998733 10.4775
0.998689 -0.0006421 -0.0511835 -0.428238 0.000564812 0.999999 -0.00152447 -0.11334 0.0511844 0.00149357 0.998688 11.322
0.998542 0.00526978 -0.0537241 -0.470106 -0.00547836 0.999978 -0.00373585 -0.121718 0.0537032 0.00402472 0.998549 12.1697
0.998645 0.00229505 -0.051992 -0.535796 -0.00268182 0.999969 -0.00737059 -0.129801 0.0519735 0.00750003 0.99862 12.9482
0.998369 0.00701869 -0.0566608 -0.569845 -0.00741799 0.999949 -0.00684009 -0.145486 0.0566099 0.00724924 0.99837 13.7604
0.998368 0.00587894 -0.0568011 -0.630539 -0.00630763 0.999953 -0.00737085 -0.153028 0.0567551 0.0077171 0.998358 14.6031
0.998149 0.00374971 -0.0607073 -0.663514 -0.00412864 0.999973 -0.00611768 -0.171332 0.0606827 0.00635699 0.998137 15.4824
0.998264 0.00159148 -0.0588768 -0.718218 -0.00186389 0.999988 -0.00457219 -0.178696 0.0588688 0.00467399 0.998255 16.3305
0.998185 -0.00127337 -0.0602082 -0.800707 0.00101612 0.99999 -0.00430304 -0.189297 0.0602131 0.00423406 0.998177 17.2182
0.99817 0.00382656 -0.0603453 -0.856699 -0.00408186 0.999983 -0.00410809 -0.216793 0.0603285 0.0043469 0.998169 18.0939
0.997898 0.00129856 -0.0647957 -0.890042 -0.00163825 0.999985 -0.00518957 -0.232714 0.064788 0.00528481 0.997885 18.9234
0.996921 -0.0215983 -0.0753842 -0.82522 0.0210894 0.999749 -0.00753953 -0.252993 0.0755281 0.0059265 0.997126 19.7674
0.998083 0.0018018 -0.0618628 -0.992143 -0.00184773 0.999998 -0.000685324 -0.256999 0.0618614 0.000798317 0.998084 20.7302
0.998032 0.00280648 -0.0626476 -1.03181 -0.0026137 0.999992 0.00315901 -0.268571 0.062656 -0.00298905 0.998031 21.6084
0.997851 0.00266997 -0.0654633 -1.06293 -0.00230141 0.999981 0.00570478 -0.284164 0.0654773 -0.00554186 0.997839 22.4328
0.99815 0.000197117 -0.0607925 -1.14972 0.000201819 0.999978 0.00655604 -0.272172 0.0607925 -0.00655618 0.998129 23.5048
0.998174 -0.000114642 -0.0604107 -1.19905 0.000334208 0.999993 0.00362446 -0.291831 0.0604099 -0.00363803 0.998167 24.4348
0.998213 0.00187173 -0.0597222 -1.27396 -0.00192544 0.999998 -0.000841749 -0.296008 0.0597204 0.000955237 0.998215 25.3713
0.998325 -0.00107173 -0.0578533 -1.32279 0.000820181 0.99999 -0.00437162 -0.299752 0.0578575 0.00431685 0.998316 26.3807
0.998426 -0.00109327 -0.0560662 -1.39207 0.00089786 0.999993 -0.00351038 -0.311775 0.0560697 0.00345452 0.998421 27.3327
0.998378 -0.00459887 -0.0567461 -1.44077 0.00464782 0.999989 0.000730613 -0.318624 0.0567421 -0.000993174 0.998388 28.2529
0.998209 -0.0108703 -0.0588299 -1.48536 0.0111255 0.99993 0.00401179 -0.327606 0.0587822 -0.00465912 0.99826 29.192
0.998131 -0.0157512 -0.0590418 -1.54572 0.015956 0.999868 0.0029996 -0.33012 0.0589868 -0.00393607 0.998251 30.1873
0.99825 -0.0109692 -0.0581027 -1.62625 0.0109751 0.99994 -0.000218273 -0.345029 0.0581016 -0.000419789 0.998311 31.1587
0.998088 -0.0064006 -0.0614781 -1.66925 0.00614857 0.999972 -0.00428777 -0.355302 0.0615039 0.00390157 0.998099 32.0939
0.997886 -0.00151691 -0.0649682 -1.72565 0.00118607 0.999986 -0.00513073 -0.360727 0.0649751 0.00504283 0.997874 32.9588
0.997896 -0.000844875 -0.0648312 -1.77103 0.000606239 0.999993 -0.00370047 -0.377551 0.0648339 0.00365338 0.997889 33.8381
0.997903 0.00627532 -0.064424 -1.85797 -0.00631368 0.99998 -0.000391983 -0.391652 0.0644203 0.000797915 0.997923 34.7411
0.99771 0.000169231 -0.0676387 -1.9092 -0.000153105 1 0.000243604 -0.39944 0.0676388 -0.00023269 0.99771 35.6526
0.997714 0.00691231 -0.0672262 -1.99117 -0.00666714 0.99997 0.00387062 -0.411052 0.067251 -0.00341356 0.99773 36.5714
0.997687 -2.20812e-005 -0.0679771 -2.04471 0.000433013 0.999982 0.00603042 -0.417296 0.0679757 -0.00604591 0.997669 37.5058
0.997537 0.00273018 -0.0700907 -2.13332 -0.00214916 0.999963 0.00836364 -0.419436 0.0701109 -0.00819241 0.997506 38.5214
0.997622 -0.00230504 -0.0688812 -2.16564 0.00278491 0.999973 0.00687148 -0.416073 0.0688635 -0.00704697 0.997601 38.9196
0.997613 0.00436878 -0.0689183 -2.26343 -0.00395884 0.999974 0.00608366 -0.430014 0.068943 -0.00579631 0.997604 40.3536
0.997563 0.00347039 -0.0696834 -2.30715 -0.00321866 0.999988 0.00372443 -0.431141 0.0696955 -0.00349106 0.997562 41.3082
0.99759 0.00507943 -0.0692019 -2.37841 -0.00479148 0.999979 0.00432643 -0.447754 0.0692224 -0.00398442 0.997593 42.1994
0.997456 -0.00179396 -0.0712621 -2.45512 0.00217244 0.999984 0.00523399 -0.449833 0.0712516 -0.00537549 0.997444 43.3066
0.99751 -0.001104 -0.0705121 -2.51602 0.0015395 0.99998 0.00612213 -0.453415 0.070504 -0.00621544 0.997492 44.2447
0.997221 0.000920377 -0.0744918 -2.57001 -0.000702988 0.999995 0.00294447 -0.473186 0.0744941 -0.00288392 0.997217 45.2006
0.997385 0.00461319 -0.0721273 -2.6817 -0.0047126 0.999988 -0.00120807 -0.476063 0.0721209 0.00154482 0.997395 46.2328
0.997275 0.00465151 -0.0736253 -2.75228 -0.00486204 0.999985 -0.00268054 -0.493715 0.0736117 0.0030312 0.997282 47.2174
0.997176 -7.44409e-005 -0.0751038 -2.82747 0.000137269 1 0.000831386 -0.502874 0.0751037 -0.000839347 0.997175 48.1572
0.997187 -0.0032231 -0.0748878 -2.88723 0.00348707 0.999988 0.00339442 -0.50723 0.074876 -0.00364601 0.997186 49.0747
0.997143 -0.00612905 -0.0752923 -2.94706 0.00642531 0.999973 0.00369323 -0.522862 0.0752676 -0.00416645 0.997155 50.0123
0.997168 -0.00622486 -0.0749537 -3.05293 0.00648653 0.999974 0.00324817 -0.529736 0.0749315 -0.00372516 0.997182 51.0035
0.997258 -0.00638344 -0.073726 -3.13169 0.00651527 0.999978 0.00154776 -0.541555 0.0737144 -0.00202386 0.997277 52.057
0.997322 -0.00615353 -0.0728828 -3.24441 0.00636162 0.999976 0.00262341 -0.539661 0.0728649 -0.00308003 0.997337 52.9673
0.997042 -0.00343559 -0.0767881 -3.28724 0.00394527 0.999971 0.00648686 -0.548765 0.0767636 -0.00677062 0.997026 53.92
0.996997 -0.00526306 -0.0772565 -3.36376 0.00614852 0.999918 0.0112279 -0.559255 0.0771911 -0.0116692 0.996948 54.892
0.997039 -0.00177851 -0.0768729 -3.46655 0.00284107 0.999902 0.0137153 -0.575698 0.076841 -0.013893 0.996947 55.7876
0.996891 -0.00152586 -0.0787736 -3.52733 0.00225171 0.999956 0.00912634 -0.571665 0.0787562 -0.00927534 0.996851 56.8445
0.996732 0.00576417 -0.0805743 -3.63242 -0.00561457 0.999982 0.00208318 -0.577528 0.0805848 -0.00162399 0.996746 57.8515
0.996708 0.00499565 -0.0809186 -3.66541 -0.00517869 0.999984 -0.00205231 -0.603153 0.0809071 0.0024646 0.996719 58.7201
0.996535 0.0106267 -0.0824934 -3.70857 -0.0107336 0.999942 -0.000852346 -0.594549 0.0824796 0.00173484 0.996591 58.7056
0.996449 0.00908458 -0.0837088 -3.82163 -0.00909469 0.999959 0.000260472 -0.611081 0.0837077 0.000501758 0.99649 60.1779
0.99622 0.00559815 -0.0866858 -3.87484 -0.00536628 0.999981 0.00290769 -0.63721 0.0867004 -0.00243152 0.996231 60.9339
0.996391 0.00564632 -0.0846901 -3.99042 -0.00539609 0.99998 0.00318328 -0.642353 0.0847064 -0.00271479 0.996402 61.6748
0.996316 0.00498934 -0.0856072 -4.07968 -0.00470262 0.999983 0.00355063 -0.657202 0.0856234 -0.00313498 0.996323 62.6199
0.995989 0.00182976 -0.0894611 -4.14922 -0.001489 0.999991 0.00387557 -0.661247 0.0894674 -0.00372681 0.995983 63.4506
0.995967 0.00170979 -0.089706 -4.25 -0.00123269 0.999985 0.00537367 -0.67817 0.0897139 -0.00524142 0.995954 64.3127
0.995863 -0.00149776 -0.0908544 -4.32835 0.00212218 0.999975 0.00677652 -0.692125 0.090842 -0.0069413 0.995841 65.16
0.995827 0.0012445 -0.0912486 -4.4257 -0.000503136 0.999967 0.00814722 -0.692241 0.0912557 -0.00806731 0.995795 66.0269
0.995674 0.00207756 -0.0928944 -4.50875 -0.00091105 0.99992 0.012598 -0.69355 0.0929131 -0.0124589 0.995596 66.94
0.995699 0.0063838 -0.0924217 -4.58692 -0.00508024 0.999884 0.0143329 -0.704079 0.0925025 -0.0138017 0.995617 67.7001
0.99558 0.00986783 -0.0933957 -4.67373 -0.00888421 0.999901 0.0109417 -0.711809 0.0934944 -0.0100636 0.995569 68.5378
0.995383 0.00779842 -0.0956669 -4.77991 -0.0074523 0.999964 0.00397478 -0.72072 0.0956945 -0.00324349 0.995405 69.3562
0.995206 0.00379455 -0.0977235 -4.83073 -0.00399737 0.99999 -0.00187979 -0.732909 0.0977154 0.00226142 0.995212 70.1224
0.995223 0.0025421 -0.0975919 -4.95363 -0.0028738 0.999991 -0.00325835 -0.739468 0.0975827 0.00352324 0.995221 70.9919
0.995329 0.00579926 -0.0963621 -4.99386 -0.0057981 0.999983 0.000292077 -0.737849 0.0963622 0.000268004 0.995346 71.5281
0.994417 -0.000827925 -0.105517 -5.0323 0.00103501 0.999998 0.00190784 -0.765232 0.105515 -0.0020064 0.994416 72.2532
0.994842 -0.000806761 -0.101438 -5.14316 0.000799773 1 -0.000109555 -0.787694 0.101438 2.78622e-005 0.994842 72.9872
0.995121 -0.00537703 -0.0985106 -5.1695 0.00480519 0.99997 -0.0060412 -0.804021 0.0985402 0.00553837 0.995118 73.6524
0.99502 -0.012895 -0.098835 -5.23654 0.0117147 0.999853 -0.0125137 -0.806905 0.0989819 0.0112936 0.995025 74.2052
0.995141 -0.0109337 -0.0978512 -5.29775 0.00979821 0.999879 -0.0120773 -0.819115 0.0979714 0.0110598 0.995128 74.8288
0.99573 -0.00453911 -0.0922034 -5.3561 0.00378536 0.999958 -0.0083482 -0.836378 0.0922374 0.00796353 0.995705 75.3727
0.996223 -0.00681919 -0.0865643 -5.40884 0.00638047 0.999965 -0.00534382 -0.846437 0.0865977 0.00477132 0.996232 75.885
0.996512 -0.00353221 -0.0833705 -5.40479 0.00341746 0.999993 -0.00151912 -0.858662 0.0833753 0.00122891 0.996517 76.3456
0.997196 -0.00622855 -0.0745738 -5.44861 0.00633206 0.999979 0.00115171 -0.866078 0.074565 -0.00162068 0.997215 76.8095
0.997923 -0.00403941 -0.0642855 -5.48077 0.00418517 0.999989 0.00213279 -0.882386 0.0642762 -0.00239741 0.997929 77.3794
0.998823 -7.17996e-005 -0.048508 -5.51207 0.000169326 0.999998 0.00200642 -0.886158 0.0485077 -0.00201227 0.998821 77.8464
0.999518 0.00484362 -0.0306549 -5.52185 -0.00475369 0.999984 0.0030056 -0.890646 0.030669 -0.00285843 0.999526 78.3527
0.999934 0.00663459 -0.00942015 -5.51391 -0.00660581 0.999973 0.00308332 -0.89803 0.00944036 -0.00302089 0.999951 78.8413
0.999805 0.0103637 0.0167989 -5.47653 -0.0104264 0.999939 0.00365198 -0.908653 -0.01676 -0.00382642 0.999852 79.3816
0.998839 0.00342429 0.0480529 -5.44502 -0.00372632 0.999974 0.00619726 -0.912616 -0.0480304 -0.00636912 0.998826 79.6309
0.996955 -0.00490756 0.0778276 -5.38372 0.00425318 0.999954 0.0085717 -0.916873 -0.0778661 -0.00821458 0.99693 80.2691
0.992792 -0.00791987 0.119585 -5.30852 0.00686193 0.999934 0.00925593 -0.916358 -0.119651 -0.00836863 0.992781 80.7135
0.987456 -0.0097157 0.157596 -5.1634 0.00809409 0.999908 0.0109282 -0.918655 -0.157688 -0.00951555 0.987443 81.2104
0.980685 -0.00513594 0.195524 -5.038 0.00312746 0.999939 0.0105796 -0.930288 -0.195567 -0.0097638 0.980642 81.6846
0.968191 -0.00872848 0.250061 -4.89872 0.00501606 0.999868 0.0154795 -0.906684 -0.250163 -0.0137327 0.968106 82.0817
0.956249 0.000611622 0.292554 -4.66014 -0.00250089 0.999978 0.00608389 -0.929235 -0.292544 -0.00654936 0.95623 82.5599
0.934307 -0.00888817 0.356358 -4.50304 0.0071304 0.999955 0.00624593 -0.935828 -0.356398 -0.00329464 0.934329 82.9351
0.909623 -0.00758392 0.415365 -4.2637 0.00540395 0.999965 0.00642349 -0.961718 -0.415399 -0.00359835 0.909632 83.3714
0.877373 -0.00106565 0.479809 -3.9694 0.00146476 0.999999 -0.000457445 -0.932183 -0.479808 0.00110415 0.877373 83.8085
0.849364 -0.00487469 0.527786 -3.75885 0.00683872 0.999975 -0.00176964 -0.936064 -0.527764 0.00511245 0.849376 84.0307
0.810434 0.00244392 0.585824 -3.31125 0.0136658 0.99964 -0.0230756 -0.855257 -0.58567 0.026707 0.810109 84.539
0.768771 -0.00535879 0.639502 -3.06903 -0.00426179 0.9999 0.0135021 -0.953556 -0.63951 -0.0131054 0.768671 84.7642
0.732411 -0.00639743 0.680833 -2.72529 0.00499221 0.999979 0.00402588 -0.925941 -0.680844 0.000450262 0.732428 85.0513
0.695531 -0.00345842 0.718488 -2.41952 -0.00144036 0.99998 0.00620771 -0.933921 -0.718495 -0.00535253 0.695511 85.2195
0.634395 0.00165621 0.773007 -2.04013 -0.0023161 0.999997 -0.000241764 -0.94195 -0.773005 -0.00163699 0.634398 85.548
0.594894 0.0141423 0.80368 -1.68126 -0.00228287 0.999871 -0.0159048 -0.902575 -0.803801 0.00762699 0.594849 85.7063
0.547762 -0.00645979 0.836609 -1.3553 0.00364233 0.999979 0.00533645 -0.942065 -0.836626 0.00012411 0.547774 85.8864
0.499047 -0.00183004 0.866573 -0.960736 -0.0010488 0.999996 0.00271579 -0.942752 -0.866574 -0.00226417 0.499043 86.0803
0.445693 0.0140854 0.895075 -0.582812 -0.0073618 0.9999 -0.0120692 -0.951039 -0.895156 -0.00121019 0.445752 86.2774
0.413631 -0.00465615 0.910433 -0.222578 0.00206106 0.999989 0.00417777 -0.958232 -0.910442 0.000148398 0.413636 86.3529
0.375501 -0.0194018 0.926619 0.127065 0.0095069 0.999809 0.0170817 -0.954232 -0.926773 0.00239506 0.375614 86.4302
0.338772 -0.0243752 0.940553 0.458069 0.0112781 0.999698 0.0218458 -0.949579 -0.940801 0.00320691 0.338945 86.5241
0.304958 -0.0184689 0.952187 1.02654 0.00983591 0.99982 0.0162427 -0.961986 -0.952315 0.00441229 0.305084 86.6703
0.276218 -0.00579495 0.961077 1.49413 -0.000303147 0.999981 0.00611665 -0.976748 -0.961095 -0.00198088 0.276211 86.771
0.246907 0.00325662 0.969034 1.95591 -0.00912248 0.999958 -0.00103616 -0.979738 -0.968996 -0.00858416 0.246927 86.9133
0.225334 -0.00504863 0.974269 2.55692 -0.00467098 0.999969 0.00626214 -0.984615 -0.97427 -0.00596186 0.225303 87.0008
0.201562 -0.00164682 0.979474 3.03696 -0.00360274 0.999991 0.00242271 -0.990931 -0.979469 -0.00401711 0.201555 86.9405
0.177466 -0.0123935 0.984049 3.34323 0.00802925 0.999906 0.0111451 -0.98698 -0.984094 0.00592329 0.177548 87.0687
0.159192 -0.0149166 0.987135 3.76097 0.0199931 0.99973 0.0118827 -0.983203 -0.987045 0.0178442 0.159448 87.0999
0.139813 -0.00932267 0.990134 4.21733 0.0215691 0.999747 0.0063675 -0.997655 -0.989943 0.020466 0.139978 87.1637
0.125564 -0.00961781 0.992039 4.67727 0.0139328 0.999871 0.00793025 -0.994366 -0.991988 0.0128262 0.125682 87.2179
0.112743 -0.00902909 0.993583 5.33391 0.00418971 0.999954 0.00861158 -0.974944 -0.993615 0.00319192 0.112776 87.2464
0.0981525 -0.00847788 0.995135 5.61029 -0.0125985 0.999873 0.00976086 -0.991892 -0.995092 -0.0134953 0.0980333 87.2966
0.0872148 -0.012385 0.996113 6.11556 -0.0196311 0.999707 0.0141485 -0.981878 -0.995996 -0.0207887 0.0869461 87.303
0.0745303 -0.0107695 0.997161 6.60249 -0.0164114 0.999793 0.0120246 -0.999013 -0.997084 -0.017261 0.0743381 87.3495
0.0684354 -0.016959 0.997511 7.11828 -0.00844501 0.99981 0.0175774 -0.982187 -0.99762 -0.00962692 0.0682791 87.3505
0.0629472 -0.0176274 0.997861 7.72231 -0.00734473 0.999809 0.0181251 -0.981879 -0.99799 -0.00846994 0.0628057 87.3859
0.0568253 -0.0177731 0.998226 8.24735 -0.00494073 0.999824 0.0180828 -0.985627 -0.998372 -0.00595952 0.0567275 87.4208
0.0488585 -0.0205659 0.998594 8.81046 -0.00914929 0.999737 0.0210371 -0.963773 -0.998764 -0.0101643 0.0486574 87.4629
0.0479443 -0.0251834 0.998532 9.66442 -0.0137864 0.99957 0.0258715 -0.953168 -0.998755 -0.0150066 0.0475765 87.4934
0.0429353 -0.020296 0.998872 10.0025 -0.0155874 0.999658 0.0209819 -0.971027 -0.998956 -0.0164707 0.0426043 87.5018
0.0417015 -0.0234463 0.998855 10.7498 -0.015688 0.999586 0.0241184 -0.94442 -0.999007 -0.0166759 0.0413164 87.5231
0.0382427 -0.0269057 0.998906 11.4603 -0.0191709 0.999434 0.0276538 -0.918245 -0.999085 -0.0202075 0.0377052 87.5577
0.037955 -0.0307357 0.998807 12.1632 -0.0221589 0.999255 0.0315915 -0.913982 -0.999034 -0.0233315 0.0372456 87.5883
0.0386125 -0.0317005 0.998751 12.6168 -0.0248926 0.999156 0.0326757 -0.973363 -0.998944 -0.0261233 0.0377908 87.6644
0.0434301 -0.0397971 0.998263 13.6679 -0.0225207 0.998913 0.0408028 -0.857873 -0.998803 -0.0242536 0.0424866 87.6408
0.0466236 -0.0386216 0.998166 14.2956 -0.0308932 0.998719 0.040086 -0.884705 -0.998435 -0.0327055 0.0453707 87.6901
0.0460283 -0.0338979 0.998365 14.9846 -0.0309912 0.998895 0.0353447 -0.860667 -0.998459 -0.0325674 0.0449269 87.7319
0.054664 -0.0403769 0.997688 15.5722 -0.0377596 0.998384 0.0424739 -0.824162 -0.997791 -0.0399941 0.053051 87.7416
0.0567762 -0.0387257 0.997636 16.5008 -0.0410275 0.998313 0.0410869 -0.807965 -0.997544 -0.0432633 0.0550916 87.8045
0.0607551 -0.0350617 0.997537 17.1978 -0.0424745 0.998387 0.0376785 -0.78235 -0.997249 -0.0446591 0.0591678 87.8507
0.0662996 -0.0357587 0.997159 17.984 -0.0446912 0.998248 0.0387693 -0.749486 -0.996798 -0.0471346 0.0645854 87.9214
0.0682008 -0.0303888 0.997209 18.8055 -0.0438341 0.99848 0.0334254 -0.722775 -0.996708 -0.0459914 0.066765 87.9849
0.0717523 -0.0306405 0.996952 19.6885 -0.0335783 0.998887 0.0331167 -0.701329 -0.996857 -0.0358521 0.0706436 88.083
0.0735493 -0.0245863 0.996988 20.508 -0.026066 0.999307 0.0265664 -0.685103 -0.996951 -0.0279414 0.0728575 88.1179
0.0718777 -0.0193983 0.997225 21.5594 -0.0219646 0.999538 0.0210265 -0.668284 -0.997172 -0.023415 0.0714184 88.242
0.0746214 -0.0217859 0.996974 22.318 -0.0239268 0.999434 0.0236306 -0.659134 -0.996925 -0.0256177 0.0740579 88.2364
0.0725903 -0.0184903 0.99719 23.1653 -0.0252494 0.999474 0.0203707 -0.636477 -0.997042 -0.0266571 0.0720852 88.3626
0.0736279 -0.0209803 0.997065 24.0163 -0.0259232 0.999401 0.0229438 -0.634248 -0.996949 -0.0275364 0.0730399 88.3779
0.0772073 -0.0196417 0.996822 24.8447 -0.0256662 0.999435 0.0216811 -0.616669 -0.996685 -0.0272586 0.0766596 88.4589
0.0715896 -0.0128 0.997352 25.7259 -0.0194074 0.99971 0.0142234 -0.617273 -0.997245 -0.0203742 0.0713204 88.5451
0.0771086 -0.0151011 0.996908 26.5792 -0.0223562 0.999608 0.0168712 -0.604361 -0.996772 -0.023588 0.0767407 88.5963
0.0747612 -0.0102491 0.997149 27.4275 -0.0154431 0.999815 0.0114344 -0.60888 -0.997082 -0.0162539 0.0745891 88.6717
0.0725767 -0.00796846 0.997331 28.3073 -0.0156167 0.999836 0.00912492 -0.604879 -0.997241 -0.0162372 0.0724404 88.7256
0.0675884 -0.00481607 0.997702 29.1011 -0.0156547 0.99986 0.005887 -0.610055 -0.99759 -0.0160166 0.0675035 88.8067
0.0634081 -0.00229042 0.997985 29.957 -0.0173149 0.999844 0.00339481 -0.621552 -0.997837 -0.0174953 0.0633586 88.8579
0.0581556 -0.00217605 0.998305 30.7741 -0.0150658 0.999882 0.00305713 -0.625226 -0.998194 -0.015218 0.0581159 88.8957
0.048678 -0.00182224 0.998813 31.664 -0.00931715 0.999954 0.0022784 -0.632472 -0.998771 -0.00941699 0.0486588 88.9633
0.0529508 -0.037911 0.997877 31.8988 -0.00491441 0.999257 0.0382242 -0.677271 -0.998585 -0.00692798 0.0527252 88.8515
0.0314862 -0.00138913 0.999503 33.1627 -4.87435e-005 0.999999 0.00139136 -0.664708 -0.999504 -9.25278e-005 0.0314861 88.9702
0.0195739 -0.000486257 0.999808 34.1211 0.000286728 1 0.000480737 -0.663899 -0.999808 0.000277263 0.0195741 88.9896
0.0103164 -0.0029072 0.999943 34.9347 -0.00565031 0.99998 0.0029656 -0.674774 -0.999931 -0.00568058 0.0102998 89.0121
-1.03409e-005 -0.00322033 0.999995 35.8906 -0.00647278 0.999974 0.0032202 -0.685272 -0.999979 -0.00647271 -3.11851e-005 88.9948
-0.0124087 -0.00614814 0.999904 36.8224 -0.00422147 0.999973 0.00609617 -0.688917 -0.999914 -0.00414542 -0.0124343 89.0124
-0.0227162 -0.00558172 0.999726 37.6554 -0.00382721 0.999978 0.00549616 -0.709144 -0.999735 -0.00370132 -0.022737 88.9729
-0.0325 -0.00320389 0.999467 38.5778 -0.0028934 0.999991 0.00311149 -0.710756 -0.999468 -0.00279074 -0.032509 88.9525
-0.0431514 -0.00554293 0.999053 39.3767 -0.00333722 0.99998 0.00540393 -0.729175 -0.999063 -0.00310088 -0.0431691 88.907
-0.0526865 -0.006379 0.998591 40.387 -0.00315263 0.999976 0.00622151 -0.746859 -0.998606 -0.0028204 -0.0527053 88.8495
-0.0630335 -0.00707896 0.997986 41.13 -0.00297879 0.999972 0.0069049 -0.741417 -0.998007 -0.00253756 -0.0630528 88.822
-0.0706359 -0.00760012 0.997473 42.0931 -0.00413597 0.999965 0.00732622 -0.743267 -0.997494 -0.00360803 -0.0706648 88.729
-0.079915 -0.00824176 0.996768 42.8691 -0.00600643 0.999952 0.00778653 -0.755328 -0.996784 -0.00536475 -0.0799606 88.675
-0.0888217 -0.0113747 0.995983 43.7541 -0.00861538 0.999906 0.0106512 -0.756315 -0.99601 -0.00763472 -0.0889113 88.6097
-0.0926542 -0.0136814 0.995604 44.5112 -0.0128651 0.999839 0.0125423 -0.762647 -0.995615 -0.0116465 -0.0928152 88.5288
-0.0966431 -0.0169777 0.995174 45.3291 -0.0147862 0.999769 0.0156201 -0.769177 -0.995209 -0.0132052 -0.0968718 88.4425
-0.099592 -0.0179523 0.994866 46.1778 -0.0167159 0.999726 0.0163666 -0.770362 -0.994888 -0.0150001 -0.0998648 88.366
-0.101355 -0.0190202 0.994668 46.9609 -0.0179399 0.99969 0.0172882 -0.767376 -0.994689 -0.016092 -0.101665 88.2926
-0.101839 -0.0187413 0.994624 47.7039 -0.0195105 0.999668 0.0168386 -0.767052 -0.99461 -0.0176908 -0.102171 88.219
-0.102165 -0.0202555 0.994561 48.4918 -0.0186224 0.999656 0.0184463 -0.771884 -0.994593 -0.0166365 -0.102507 88.138
-0.112832 -0.0176192 0.993458 49.2327 -0.0103325 0.99981 0.0165583 -0.731312 -0.99356 -0.00839655 -0.112993 88.1579
-0.0937036 -0.0212245 0.995374 49.8953 -0.0160649 0.999675 0.0198039 -0.752333 -0.995471 -0.0141349 -0.0940141 88.0295
-0.0857821 -0.0208239 0.996096 50.5512 -0.0169351 0.999668 0.0194402 -0.747711 -0.99617 -0.0152013 -0.0861062 87.993
-0.0745221 -0.0202987 0.997013 51.2598 -0.0168107 0.999676 0.0190964 -0.745307 -0.997078 -0.0153373 -0.0748392 87.9416
-0.0679198 -0.0156678 0.997568 51.8647 -0.0176707 0.999739 0.0144987 -0.749308 -0.997534 -0.016643 -0.0681789 87.9451
-0.0451693 -0.0214258 0.99875 52.4436 -0.0205796 0.999578 0.0205129 -0.747829 -0.998767 -0.0196273 -0.0455912 87.9137
-0.0246067 -0.020403 0.999489 53.0279 -0.0163664 0.999666 0.0200037 -0.740861 -0.999563 -0.0158658 -0.0249324 87.9159
-0.000660056 -0.0128735 0.999917 53.6028 -0.0137938 0.999822 0.0128632 -0.75721 -0.999905 -0.0137841 -0.000837513 87.9414
0.0277931 -0.014277 0.999512 54.1738 -0.0115906 0.999826 0.0146038 -0.754217 -0.999546 -0.0119909 0.0276228 87.9875
0.0758139 0.0155294 0.997001 54.5576 -0.0307107 0.999441 -0.0132321 -0.813041 -0.996649 -0.0296154 0.0762484 87.9362
0.0981577 -0.0118914 0.9951 55.1846 -0.0159957 0.999781 0.0135252 -0.757803 -0.995042 -0.0172449 0.097946 88.0996
0.138709 -0.0147772 0.990223 55.6897 -0.017583 0.999694 0.0173816 -0.747084 -0.990177 -0.0198221 0.138407 88.205
0.183637 -0.00861658 0.982956 56.1978 -0.0236738 0.999633 0.0131855 -0.749344 -0.982709 -0.0256917 0.183366 88.3287
0.239026 0.00348427 0.971007 56.6401 -0.024641 0.999693 0.0024785 -0.767595 -0.970701 -0.024519 0.239038 88.451
0.289541 0.0116743 0.957094 57.1272 -0.032456 0.99947 -0.00237258 -0.773678 -0.956615 -0.0303765 0.289767 88.6141
0.338704 -0.000591281 0.940893 57.6121 -0.0154922 0.999861 0.00620523 -0.764019 -0.940765 -0.0166782 0.338648 88.8287
0.399619 -0.01072 0.916618 58.0935 -0.000492166 0.999929 0.0119089 -0.772647 -0.916681 -0.00521016 0.399586 89.0543
0.458479 -0.0181031 0.888521 58.6148 0.00849405 0.999836 0.0159881 -0.753544 -0.888665 0.000216927 0.458558 89.3345
0.514451 -0.0136627 0.857411 59.0305 0.00557946 0.999905 0.0125857 -0.764148 -0.857502 -0.00169081 0.514479 89.6691
0.579753 -0.0338007 0.814091 59.4434 0.0205325 0.999428 0.0268736 -0.698181 -0.814534 0.00113531 0.580115 89.9183
0.630521 -0.00372398 0.776163 59.749 -0.00286432 0.999971 0.00712464 -0.720394 -0.776167 -0.00671541 0.630492 90.2692
0.684006 -0.00765245 0.729436 60.0427 -0.00628011 0.999846 0.0163783 -0.703 -0.729449 -0.0157838 0.683853 90.5646
0.726945 -0.00123238 0.686695 60.3309 -0.00923242 0.99989 0.011568 -0.698262 -0.686634 -0.0147492 0.726854 90.9492
0.776931 -0.00669838 0.62955 60.5422 -0.00497666 0.999847 0.01678 -0.702814 -0.629566 -0.01617 0.776779 91.2703
0.815918 -0.00699768 0.578125 60.7401 -0.00870412 0.999665 0.0243843 -0.696813 -0.578102 -0.0249277 0.815584 91.6283
0.853387 -0.00275849 0.52127 60.9349 -0.0158791 0.999384 0.0312847 -0.683049 -0.521035 -0.0349753 0.852818 92.0183
0.881166 -0.00548895 0.472775 61.0576 -0.0153874 0.99907 0.0402785 -0.69277 -0.472556 -0.0427668 0.880262 92.3863
0.908643 -0.00696482 0.417515 61.2275 -0.0132974 0.998871 0.0456021 -0.706671 -0.417361 -0.0469879 0.907525 92.8107
0.927115 0.00329039 0.374764 61.361 -0.0187504 0.999116 0.0376138 -0.689055 -0.374309 -0.0418992 0.926357 93.2677
0.940309 0.0187519 0.339805 61.4387 -0.0306271 0.999092 0.0296172 -0.668664 -0.338941 -0.0382566 0.940029 93.7008
0.958194 -0.0270762 0.284834 61.5911 0.0134057 0.998667 0.0498355 -0.693513 -0.285804 -0.0439337 0.957281 93.9616
