1 0 0 -0.01549 0 1 0 -0.00202987 0 0 1 0.672671
1 0 0 -0.0349355 0 1 0 -0.00551406 0 0 1 1.32058
0.999997 -2.81595e-006 -0.00243748 -0.0510258 -2.81595e-006 0.999997 -0.00231053 -0.00934763 0.00243748 0.00231053 0.999994 2.01439
0.999986 -1.0398e-005 -0.00525525 -0.0653734 -1.0398e-005 0.999992 -0.00395713 -0.0154836 0.00525525 0.00395713 0.999978 2.58293
0.999956 -2.50189e-005 -0.00932761 -0.0922011 -2.50189e-005 0.999986 -0.00536433 -0.0229372 0.00932761 0.00536433 0.999942 3.33206
0.999902 -4.18572e-005 -0.0140256 -0.102865 -4.18572e-005 0.999982 -0.00596835 -0.033333 0.0140256 0.00596835 0.999884 3.80298
0.999842 -5.48489e-005 -0.0177542 -0.149589 -5.48489e-005 0.999981 -0.00617815 -0.0428927 0.0177542 0.00617815 0.999823 4.67431
0.999743 -8.06321e-005 -0.0226609 -0.232198 -8.06321e-005 0.999975 -0.00711539 -0.0457368 0.0226609 0.00711539 0.999718 5.3023
0.999651 -0.000102221 -0.0264206 -0.242187 -0.000102221 0.99997 -0.00773649 -0.0544866 0.0264206 0.00773649 0.999621 6.12633
0.999662 -0.000104735 -0.0260066 -0.293762 -0.000104735 0.999968 -0.00805299 -0.0641878 0.0260066 0.00805299 0.999629 6.86641
0.999481 -7.55493e-005 -0.032203 -0.323221 -7.55493e-005 0.999989 -0.00469083 -0.0743998 0.032203 0.00469083 0.99947 7.66324
0.999424 -4.13911e-005 -0.0339268 -0.370344 -4.13911e-005 0.999997 -0.00243932 -0.083403 0.0339268 0.00243932 0.999421 8.46167
0.99931 -5.19563e-005 -0.037149 -0.417729 -5.19563e-005 0.999996 -0.00279621 -0.0900549 0.037149 0.00279621 0.999306 9.28147
0.999265 -5.82774e-005 -0.0383365 -0.44014 -5.82774e-005 0.999995 -0.00303919 -0.0983695 0.0383365 0.00303919 0.99926 10.0963
0.999229 -7.64547e-005 -0.0392566 -0.48867 -7.64547e-005 0.999992 -0.00389361 -0.113809 0.0392566 0.00389361 0.999222 10.9273
0.999112 -6.52948e-005 -0.0421411 -0.529567 -6.52948e-005 0.999995 -0.00309748 -0.116006 0.0421411 0.00309748 0.999107 11.7525
0.999081 -6.47404e-005 -0.0428667 -0.575185 -6.47404e-005 0.999995 -0.00301915 -0.126086 0.0428667 0.00301915 0.999076 12.3454
0.998999 -0.000125619 -0.0447229 -0.61708 -0.000125619 0.999984 -0.00561481 -0.137385 0.0447229 0.00561481 0.998984 13.281
0.998986 -0.000184217 -0.0450152 -0.657159 -0.000184217 0.999967 -0.00818037 -0.141125 0.0450152 0.00818037 0.998953 14.0437
0.998878 -0.000231518 -0.047364 -0.731725 -0.000231518 0.999952 -0.0097704 -0.157155 0.047364 0.0097704 0.99883 14.9251
0.998829 -0.000238253 -0.048386 -0.771306 -0.000238253 0.999952 -0.00984203 -0.163622 0.048386 0.00984203 0.99878 15.7354
0.998808 -0.000191889 -0.0488052 -0.834575 -0.000191889 0.999969 -0.00785864 -0.176126 0.0488052 0.00785864 0.998777 16.6182
0.998755 -0.000166362 -0.0498742 -0.87255 -0.000166362 0.999978 -0.00666707 -0.19442 0.0498742 0.00666707 0.998733 17.4509
0.998728 -0.000167949 -0.0504198 -0.928222 -0.000167949 0.999978 -0.0066577 -0.204647 0.0504198 0.0066577 0.998706 18.2911
0.998654 -0.000192615 -0.0518607 -0.994284 -0.000192615 0.999972 -0.00742304 -0.219674 0.0518607 0.00742304 0.998627 19.0364
0.998613 -0.000213342 -0.0526496 -1.01649 -0.000213342 0.999967 -0.00809848 -0.234863 0.0526496 0.00809848 0.99858 19.8731
0.998711 -0.000181516 -0.0507511 -1.08196 -0.000181516 0.999974 -0.0071485 -0.248833 0.0507511 0.0071485 0.998686 20.7483
0.998659 -8.43991e-005 -0.051774 -1.12906 -8.43991e-005 0.999995 -0.00325809 -0.250272 0.051774 0.00325809 0.998654 21.6878
0.998759 1.158e-005 -0.0498043 -1.16293 1.158e-005 1 0.000464732 -0.259986 0.0498043 -0.000464732 0.998759 22.6184
0.998827 7.75123e-005 -0.0484253 -1.21027 7.75123e-005 0.999995 0.00319943 -0.269546 0.0484253 -0.00319943 0.998822 23.5666
0.998883 9.24667e-005 -0.0472529 -1.27154 9.24667e-005 0.999992 0.00391149 -0.276485 0.0472529 -0.00391149 0.998875 24.5089
0.998952 2.76637e-005 -0.0457625 -1.30651 2.76637e-005 0.999999 0.00120838 -0.283984 0.0457625 -0.00120838 0.998952 25.4115
0.999023 -8.09084e-005 -0.0441934 -1.34002 -8.09084e-005 0.999993 -0.00365976 -0.296043 0.0441934 0.00365976 0.999016 26.3137
0.999067 -0.000145547 -0.0431957 -1.38837 -0.000145547 0.999977 -0.00673573 -0.30683 0.0431957 0.00673573 0.999044 27.255
0.999092 -0.000125806 -0.0426124 -1.42792 -0.000125806 0.999983 -0.00590194 -0.315473 0.0426124 0.00590194 0.999074 28.1495
0.999062 -2.16506e-005 -0.0433123 -1.46429 -2.16506e-005 1 -0.000999276 -0.326791 0.0433123 0.000999276 0.999061 29.0677
0.99907 4.68492e-005 -0.0431126 -1.51266 4.68492e-005 0.999998 0.00217233 -0.33562 0.0431126 -0.00217233 0.999068 29.9984
0.999032 2.68538e-005 -0.04399 -1.52979 2.68538e-005 0.999999 0.00122031 -0.351732 0.04399 -0.00122031 0.999031 30.8668
0.998991 -6.33541e-005 -0.0449047 -1.58992 -6.33541e-005 0.999996 -0.00282028 -0.361173 0.0449047 0.00282028 0.998987 31.7518
0.998897 -0.000153771 -0.0469551 -1.64066 -0.000153771 0.999979 -0.00654603 -0.375256 0.0469551 0.00654603 0.998876 32.5995
0.998813 -0.0001741 -0.0487182 -1.69783 -0.0001741 0.999974 -0.00714291 -0.389886 0.0487182 0.00714291 0.998787 33.4775
0.998817 -0.000142939 -0.0486268 -1.74226 -0.000142939 0.999983 -0.00587551 -0.401609 0.0486268 0.00587551 0.9988 34.3731
0.998777 -7.21807e-005 -0.0494366 -1.79738 -7.21807e-005 0.999996 -0.00291834 -0.412649 0.0494366 0.00291834 0.998773 35.2951
0.998699 -4.40667e-005 -0.050997 -1.83756 -4.40667e-005 0.999999 -0.00172708 -0.423292 0.050997 0.00172708 0.998697 36.2252
0.998663 2.35854e-005 -0.0516975 -1.91237 2.35854e-005 1 0.000911827 -0.437064 0.0516975 -0.000911827 0.998662 37.1822
0.998635 0.000102125 -0.0522265 -1.95169 0.000102125 0.999992 0.00390818 -0.43872 0.0522265 -0.00390818 0.998628 38.1351
0.998662 0.000171784 -0.051722 -2.02286 0.000171784 0.999978 0.00663808 -0.454096 0.051722 -0.00663808 0.998639 39.1027
0.998613 0.000149537 -0.0526502 -2.07436 0.000149537 0.999984 0.00567639 -0.460824 0.0526502 -0.00567639 0.998597 40.0722
0.998707 0.000104985 -0.0508286 -2.12891 0.000104985 0.999991 0.00412824 -0.471295 0.0508286 -0.00412824 0.998699 41.0156
0.998648 5.32704e-005 -0.0519859 -2.20163 5.32704e-005 0.999998 0.00204803 -0.480241 0.0519859 -0.00204803 0.998646 42.0542
0.998642 5.25554e-005 -0.0521059 -2.24065 5.25554e-005 0.999998 0.00201588 -0.49522 0.0521059 -0.00201588 0.99864 42.9778
0.998574 8.44726e-005 -0.0533813 -2.28717 8.44726e-005 0.999995 0.00316261 -0.509938 0.0533813 -0.00316261 0.998569 43.9287
0.998485 0.000120575 -0.0550279 -2.35315 0.000120575 0.99999 0.00437898 -0.519125 0.0550279 -0.00437898 0.998475 44.8724
0.998477 2.42816e-005 -0.0551683 -2.41579 2.42816e-005 1 0.000879605 -0.531579 0.0551683 -0.000879605 0.998477 45.7806
0.998426 -8.86473e-005 -0.056089 -2.47089 -8.86473e-005 0.999995 -0.00315846 -0.545975 0.056089 0.00315846 0.998421 46.6517
0.998443 -0.000125569 -0.0557771 -2.51253 -0.000125569 0.99999 -0.00449899 -0.558762 0.0557771 0.00449899 0.998433 47.6053
0.998434 -2.42213e-005 -0.055941 -2.5531 -2.42213e-005 1 -0.000865282 -0.565223 0.055941 0.000865282 0.998434 48.4761
0.998409 5.18401e-005 -0.0563806 -2.61488 5.18401e-005 0.999998 0.00183747 -0.584549 0.0563806 -0.00183747 0.998408 49.3877
0.998336 6.28492e-005 -0.0576569 -2.65958 6.28492e-005 0.999998 0.00217829 -0.598779 0.0576569 -0.00217829 0.998334 50.2729
0.998388 2.81083e-005 -0.0567641 -2.71951 2.81083e-005 1 0.000989558 -0.611534 0.0567641 -0.000989558 0.998387 51.1802
0.998335 -8.97082e-006 -0.0576749 -2.76013 -8.97082e-006 1 -0.000310823 -0.618513 0.0576749 0.000310823 0.998335 52.052
0.998303 2.4169e-005 -0.0582394 -2.81882 2.4169e-005 1 0.000829283 -0.626906 0.0582394 -0.000829283 0.998302 52.9434
0.998208 0.000133288 -0.0598332 -2.88103 0.000133288 0.99999 0.00445131 -0.62819 0.0598332 -0.00445131 0.998198 53.9715
0.998194 0.000289518 -0.0600789 -2.94555 0.000289518 0.999954 0.009629 -0.63641 0.0600789 -0.009629 0.998147 54.8964
0.998141 0.000351905 -0.0609469 -3.01519 0.000351905 0.999933 0.0115368 -0.648783 0.0609469 -0.0115368 0.998074 55.8621
0.998073 0.000238359 -0.0620429 -3.07754 0.000238359 0.999971 0.00767616 -0.656977 0.0620429 -0.00767616 0.998044 56.7606
0.998001 6.87294e-006 -0.0632038 -3.1546 6.87294e-006 1 0.000217267 -0.673528 0.0632038 -0.000217267 0.998001 57.6331
0.997945 -0.000146289 -0.0640827 -3.21285 -0.000146289 0.99999 -0.00456092 -0.688282 0.0640827 0.00456092 0.997934 58.4927
0.99791 -0.000102469 -0.064623 -3.26366 -0.000102469 0.999995 -0.00316795 -0.704814 0.064623 0.00316795 0.997905 59.3065
0.997821 -2.79315e-005 -0.0659758 -3.34221 -2.79315e-005 1 -0.000845798 -0.716339 0.0659758 0.000845798 0.997821 60.1442
0.997713 2.35057e-005 -0.0675861 -3.38891 2.35057e-005 1 0.000694783 -0.731336 0.0675861 -0.000694783 0.997713 60.9611
0.997691 2.36764e-005 -0.0679094 -3.47134 2.36764e-005 1 0.000696489 -0.743421 0.0679094 -0.000696489 0.997691 61.8067
0.997534 5.32211e-005 -0.0701827 -3.52376 5.32211e-005 0.999999 0.00151477 -0.753287 0.0701827 -0.00151477 0.997533 62.6408
0.997508 7.65092e-005 -0.0705504 -3.5803 7.65092e-005 0.999998 0.00216622 -0.766991 0.0705504 -0.00216622 0.997506 63.4547
0.997364 8.44233e-005 -0.0725574 -3.65939 8.44233e-005 0.999997 0.00232401 -0.774632 0.0725574 -0.00232401 0.997362 64.2399
0.997225 0.000131068 -0.0744511 -3.72843 0.000131068 0.999994 0.00351602 -0.781982 0.0744511 -0.00351602 0.997218 65.0884
0.99719 0.000237452 -0.0749094 -3.78418 0.000237452 0.99998 0.00633076 -0.78921 0.0749094 -0.00633076 0.99717 65.8703
0.99704 0.000401267 -0.0768806 -3.88368 0.000401267 0.999946 0.010423 -0.799214 0.0768806 -0.010423 0.996986 66.6797
0.996852 0.00048727 -0.0792791 -3.93499 0.00048727 0.999925 0.0122727 -0.811217 0.0792791 -0.0122727 0.996777 67.4543
0.996867 0.000333514 -0.0790999 -3.98724 0.000333514 0.999965 0.00841937 -0.827467 0.0790999 -0.00841937 0.996831 68.1703
0.996728 4.49703e-005 -0.0808259 -4.07347 4.49703e-005 0.999999 0.00111095 -0.826852 0.0808259 -0.00111095 0.996728 68.8897
0.996607 -0.000186632 -0.0823103 -4.12981 -0.000186632 0.99999 -0.00452713 -0.84921 0.0823103 0.00452713 0.996596 69.5334
0.996635 -0.000241359 -0.0819644 -4.18297 -0.000241359 0.999983 -0.00587941 -0.8621 0.0819644 0.00587941 0.996618 70.2031
0.996572 -7.42348e-005 -0.0827261 -4.2536 -7.42348e-005 0.999998 -0.00179164 -0.882681 0.0827261 0.00179164 0.996571 70.8419
0.996396 6.56583e-006 -0.0848258 -4.30137 6.56583e-006 1 0.000154528 -0.887101 0.0848258 -0.000154528 0.996396 71.5068
0.996412 -0.000126792 -0.0846341 -4.34322 -0.000126792 0.999996 -0.00299087 -0.909213 0.0846341 0.00299087 0.996408 72.072
0.996422 -0.000390785 -0.084512 -4.36357 -0.000390785 0.999957 -0.00923129 -0.923551 0.084512 0.00923129 0.99638 72.6191
0.996498 -0.000588695 -0.0836151 -4.41502 -0.000588695 0.999901 -0.0140557 -0.928781 0.0836151 0.0140557 0.996399 73.074
0.996663 -0.00056721 -0.0816195 -4.40941 -0.00056721 0.999904 -0.013875 -0.942373 0.0816195 0.013875 0.996567 73.579
0.99699 -0.000425184 -0.0775236 -4.45578 -0.000425184 0.99994 -0.0109523 -0.955476 0.0775236 0.0109523 0.99693 74.1093
0.997183 -0.000295529 -0.0750061 -4.46048 -0.000295529 0.999969 -0.00786891 -0.968146 0.0750061 0.00786891 0.997152 74.4867
0.997668 -0.000136048 -0.068247 -4.49327 -0.000136048 0.999992 -0.00398226 -0.97772 0.068247 0.00398226 0.997661 75.0711
0.998169 -2.31301e-005 -0.0604872 -4.51401 -2.31301e-005 1 -0.000764093 -0.985398 0.0604872 0.000764093 0.998169 75.4734
0.998759 -1.82478e-005 -0.0497991 -4.51416 -1.82478e-005 1 -0.000732404 -0.994043 0.0497991 0.000732404 0.998759 76.0186
0.999405 -1.50933e-005 -0.0344884 -4.48844 -1.50933e-005 1 -0.000875005 -1.00065 0.0344884 0.000875005 0.999405 76.4645
0.999857 1.67941e-007 -0.0168977 -4.45256 1.67941e-007 1 1.9876e-005 -1.00598 0.0168977 -1.9876e-005 0.999857 76.9508
0.999989 -1.99779e-006 0.00479289 -4.40403 -1.99779e-006 1 0.000833641 -1.01605 -0.00479289 -0.000833641 0.999988 77.3999
0.999524 -3.05344e-005 0.0308381 -4.33811 -3.05344e-005 0.999998 0.00197983 -1.02473 -0.0308381 -0.00197983 0.999522 77.8841
0.99819 -0.000119878 0.0601397 -4.25061 -0.000119878 0.999992 0.00398302 -1.02509 -0.0601397 -0.00398302 0.998182 78.3394
0.99566 -0.000271748 0.0930616 -4.14324 -0.000271748 0.999983 0.00582744 -1.03155 -0.0930616 -0.00582744 0.995643 78.7993
0.991469 -0.000421583 0.130346 -4.01303 -0.000421583 0.999979 0.00644104 -1.03596 -0.130346 -0.00644104 0.991448 79.2352
0.985138 -0.00059764 0.171763 -3.85817 -0.00059764 0.999976 0.00690709 -1.04826 -0.171763 -0.00690709 0.985114 79.654
0.976362 -0.000803174 0.216141 -3.69047 -0.000803174 0.999973 0.00734402 -1.05206 -0.216141 -0.00734402 0.976335 80.0535
0.964458 -0.00078173 0.264233 -3.49968 -0.00078173 0.999983 0.00581177 -1.05502 -0.264233 -0.00581177 0.964441 80.4296
0.94853 -0.000544647 0.316688 -3.28983 -0.000544647 0.999994 0.00335112 -1.05161 -0.316688 -0.00335112 0.948524 80.7928
0.928286 -0.000346182 0.371868 -3.0508 -0.000346182 0.999998 0.00179509 -1.05468 -0.371868 -0.00179509 0.928284 81.1187
0.903353 -2.78643e-005 0.428898 -2.77512 -2.78643e-005 1 0.000123655 -1.04992 -0.428898 -0.000123655 0.903353 81.432
0.874269 0.000219182 0.485441 -2.5014 0.000219182 1 -0.000846255 -1.05995 -0.485441 0.000846255 0.874269 81.7166
0.841115 0.000357114 0.540856 -2.20954 0.000357114 0.999999 -0.00121564 -1.06181 -0.540856 0.00121564 0.841114 81.9847
0.804212 0.000249064 0.594343 -1.90489 0.000249064 1 -0.000756068 -1.06509 -0.594343 0.000756068 0.804212 82.2381
0.764527 -0.000203947 0.644592 -1.59894 -0.000203947 1 0.000558291 -1.07544 -0.644592 -0.000558291 0.764526 82.4593
0.72168 -0.000642233 0.692226 -1.25698 -0.000642233 0.999999 0.00159734 -1.07862 -0.692226 -0.00159734 0.721679 82.6744
0.676429 -0.00110659 0.736507 -0.904485 -0.00110659 0.999996 0.00251881 -1.08311 -0.736507 -0.00251881 0.676425 82.8678
0.629784 -0.00196065 0.776768 -0.566565 -0.00196065 0.99999 0.00411373 -1.10012 -0.776768 -0.00411373 0.629773 83.0619
0.582591 -0.00403121 0.812756 -0.195664 -0.00403121 0.999961 0.00784934 -1.10084 -0.812756 -0.00784934 0.582552 83.2258
0.534334 -0.00265484 0.845269 0.161098 -0.00265484 0.999985 0.00481902 -1.10965 -0.845269 -0.00481902 0.534319 83.3673
0.487226 -0.000372599 0.873276 0.535294 -0.000372599 1 0.000634552 -1.10884 -0.873276 -0.000634552 0.487226 83.4889
0.441679 0.000244696 0.897173 0.911596 0.000244696 1 -0.000393205 -1.10786 -0.897173 0.000393205 0.441679 83.5709
0.398695 -0.00312921 0.917078 1.30195 -0.00312921 0.999984 0.0047725 -1.10419 -0.917078 -0.0047725 0.398679 83.6702
0.359576 -0.013205 0.933022 1.71907 -0.013205 0.999728 0.0192382 -1.10147 -0.933022 -0.0192382 0.359304 83.77
0.32402 -0.0167289 0.945902 2.11955 -0.0167289 0.999586 0.0234089 -1.11051 -0.945902 -0.0234089 0.323606 83.8777
0.291041 -0.014184 0.956605 2.54655 -0.014184 0.999716 0.0191386 -1.11783 -0.956605 -0.0191386 0.290758 83.9708
0.259523 -0.00539786 0.965722 2.95127 -0.00539786 0.999961 0.00703983 -1.12756 -0.965722 -0.00703983 0.259484 84.031
0.231182 -0.000931523 0.97291 3.34548 -0.000931523 0.999999 0.00117881 -1.12981 -0.97291 -0.00117881 0.231181 84.0829
0.20581 -0.00153911 0.978591 3.76165 -0.00153911 0.999997 0.00189647 -1.12292 -0.978591 -0.00189647 0.205807 84.1187
0.182183 -0.00670623 0.983242 4.17787 -0.00670623 0.999945 0.00806274 -1.10695 -0.983242 -0.00806274 0.182128 84.1686
0.162345 -0.0113669 0.986669 4.55845 -0.0113669 0.999846 0.013389 -1.10194 -0.986669 -0.013389 0.162191 84.2073
0.14256 -0.011846 0.989715 4.97187 -0.011846 0.999836 0.0136735 -1.10223 -0.989715 -0.0136735 0.142397 84.2555
0.125153 -0.00973043 0.99209 5.37648 -0.00973043 0.999892 0.0110345 -1.1005 -0.99209 -0.0110345 0.125045 84.2875
0.109365 -0.00788147 0.99397 5.85503 -0.00788147 0.99993 0.00879591 -1.10155 -0.99397 -0.00879591 0.109295 84.3157
0.0946642 -0.00827379 0.995475 6.31899 -0.00827379 0.999924 0.00909756 -1.09957 -0.995475 -0.00909756 0.0945886 84.3356
0.0814182 -0.0107529 0.996622 6.82648 -0.0107529 0.999874 0.0116665 -1.09697 -0.996622 -0.0116665 0.0812923 84.3588
0.0698166 -0.014257 0.997458 7.34384 -0.014257 0.999781 0.0152882 -1.09275 -0.997458 -0.0152882 0.069598 84.3771
0.0596819 -0.0169654 0.998073 7.87983 -0.0169654 0.999694 0.0180074 -1.08347 -0.998073 -0.0180074 0.0593758 84.3955
0.0519605 -0.0190219 0.998468 8.40242 -0.0190219 0.999618 0.0200337 -1.07689 -0.998468 -0.0200337 0.0515788 84.4141
0.0463995 -0.0214505 0.998693 8.98533 -0.0214505 0.999517 0.0224649 -1.06413 -0.998693 -0.0224649 0.045917 84.4369
0.0407689 -0.0219694 0.998927 9.57098 -0.0219694 0.999497 0.0228786 -1.0564 -0.998927 -0.0228786 0.0402658 84.4482
0.0345827 -0.0224731 0.999149 10.1905 -0.0224731 0.999477 0.0232583 -1.04505 -0.999149 -0.0232583 0.0340595 84.4668
0.0307637 -0.0250808 0.999212 10.8016 -0.0250808 0.999351 0.0258564 -1.03261 -0.999212 -0.0258564 0.0301147 84.4728
0.0270956 -0.0267159 0.999276 11.4413 -0.0267159 0.999266 0.02744 -1.02391 -0.999276 -0.02744 0.0263619 84.4937
0.0247306 -0.0280544 0.9993 12.0998 -0.0280544 0.999193 0.0287456 -1.0085 -0.9993 -0.0287456 0.0239235 84.5069
0.0219193 -0.0286537 0.999349 12.8097 -0.0286537 0.999161 0.0292767 -0.969575 -0.999349 -0.0292767 0.0210798 84.4912
0.0212857 -0.0332284 0.999221 13.4854 -0.0332284 0.998872 0.0339246 -0.954622 -0.999221 -0.0339246 0.0201576 84.5318
0.0237295 -0.0362997 0.999059 14.2172 -0.0362997 0.99865 0.037147 -0.928856 -0.999059 -0.037147 0.0223799 84.5503
0.0249255 -0.0370812 0.999001 14.9356 -0.0370812 0.99859 0.0379912 -0.903945 -0.999001 -0.0379912 0.0235153 84.5655
0.0287898 -0.0391879 0.998817 15.3674 -0.0391879 0.998419 0.0403018 -0.88124 -0.998817 -0.0403018 0.0272086 84.5886
0.0337345 -0.0402773 0.998619 16.2418 -0.0402773 0.998321 0.0416259 -0.853095 -0.998619 -0.0416259 0.0320556 84.6199
0.036954 -0.0405773 0.998493 16.9061 -0.0405773 0.99829 0.0420709 -0.833215 -0.998493 -0.0420709 0.0352443 84.652
0.0417451 -0.0415213 0.998265 17.7488 -0.0415213 0.998201 0.0432549 -0.800731 -0.998265 -0.0432549 0.039946 84.7154
0.0454822 -0.0382496 0.998233 18.5352 -0.0382496 0.998467 0.0400014 -0.773578 -0.998233 -0.0400014 0.0439494 84.7591
0.0494671 -0.0383074 0.998041 19.3817 -0.0383074 0.998456 0.040222 -0.745328 -0.998041 -0.040222 0.0479233 84.8179
0.05333 -0.0357467 0.997937 20.1899 -0.0357467 0.99865 0.0376826 -0.729436 -0.997937 -0.0376826 0.0519802 84.8694
0.0561961 -0.032758 0.997882 20.9899 -0.032758 0.998863 0.034635 -0.714293 -0.997882 -0.034635 0.0550591 84.9284
0.0573749 -0.0276275 0.99797 21.8278 -0.0276275 0.99919 0.0292496 -0.704705 -0.99797 -0.0292496 0.0565651 84.9893
0.0567161 -0.0229525 0.998126 22.5936 -0.0229525 0.999442 0.0242869 -0.699391 -0.998126 -0.0242869 0.0561576 85.021
0.0567485 -0.0202082 0.998184 23.4424 -0.0202082 0.999567 0.0213851 -0.69252 -0.998184 -0.0213851 0.0563156 85.0634
0.0572404 -0.019093 0.998178 24.2439 -0.019093 0.999613 0.0202153 -0.689935 -0.998178 -0.0202153 0.0568537 85.1252
0.0588308 -0.0205479 0.998056 25.0522 -0.0205479 0.999551 0.0217899 -0.684819 -0.998056 -0.0217899 0.0583822 85.1644
0.0582688 -0.0174347 0.998149 25.8985 -0.0174347 0.999677 0.0184792 -0.689108 -0.998149 -0.0184792 0.0579461 85.2303
0.0595413 -0.0164144 0.998091 26.7217 -0.0164144 0.999714 0.0174203 -0.680365 -0.998091 -0.0174203 0.0592548 85.286
0.0598431 -0.0125579 0.998129 27.5368 -0.0125579 0.999832 0.0133322 -0.686279 -0.998129 -0.0133322 0.0596754 85.3398
0.0579302 -0.0102789 0.998268 28.3837 -0.0102789 0.999888 0.0108921 -0.678845 -0.998268 -0.0108921 0.057818 85.4042
0.0553838 -0.00592721 0.998448 29.2116 -0.00592721 0.999963 0.00626499 -0.688386 -0.998448 -0.00626499 0.0553466 85.4466
0.0507017 -0.00315093 0.998709 30.0523 -0.00315093 0.99999 0.00331493 -0.698561 -0.998709 -0.00331493 0.0506912 85.4836
0.0459625 -0.00122752 0.998942 30.8856 -0.00122752 0.999998 0.0012853 -0.720214 -0.998942 -0.0012853 0.0459609 85.5135
0.0399239 0.000627894 0.999203 31.7375 0.000627894 1 -0.000653483 -0.735024 -0.999203 0.000653483 0.0399235 85.5367
0.0325202 0.00186933 0.999469 32.5782 0.00186933 0.999996 -0.00193114 -0.748431 -0.999469 0.00193114 0.0325166 85.5471
0.0237037 0.00289569 0.999715 33.3755 0.00289569 0.999991 -0.00296515 -0.766092 -0.999715 0.00296515 0.0236951 85.5376
0.0138883 0.00217205 0.999901 34.2363 0.00217205 0.999995 -0.00220242 -0.779554 -0.999901 0.00220242 0.0138835 85.5474
0.00405651 0.00162578 0.99999 35.0568 0.00162578 0.999997 -0.00163239 -0.795704 -0.99999 0.00163239 0.00405386 85.5164
-0.007264 0.00341354 0.999968 35.9196 0.00341354 0.999988 -0.00338882 -0.811872 -0.999968 0.00338882 -0.00727557 85.4944
-0.0176461 0.0015676 0.999843 36.7549 0.0015676 0.999998 -0.00154018 -0.82606 -0.999843 0.00154018 -0.0176486 85.4628
-0.0288301 0.00171516 0.999583 37.7066 0.00171516 0.999997 -0.0016664 -0.827329 -0.999583 0.0016664 -0.028833 85.4375
-0.0399269 0.00173538 0.999201 38.4391 0.00173538 0.999997 -0.00166742 -0.85587 -0.999201 0.00166742 -0.0399298 85.3677
-0.0510382 0.00221501 0.998694 39.2701 0.00221501 0.999995 -0.00210469 -0.868496 -0.998694 0.00210469 -0.0510429 85.3086
-0.060938 0.00236992 0.998139 40.0385 0.00236992 0.999995 -0.00222964 -0.885338 -0.998139 0.00222964 -0.0609433 85.2409
-0.0703739 0.00160063 0.997519 40.8499 0.00160063 0.999998 -0.00149168 -0.894003 -0.997519 0.00149168 -0.0703763 85.159
-0.0799942 0.000808567 0.996795 41.5705 0.000808567 0.999999 -0.000746278 -0.907912 -0.996795 0.000746278 -0.0799948 85.0829
-0.0889494 -7.69849e-005 0.996036 42.3576 -7.69849e-005 1 7.04163e-005 -0.917028 -0.996036 -7.04163e-005 -0.0889494 84.988
-0.0976891 0.00011687 0.995217 43.0807 0.00011687 1 -0.00010596 -0.930341 -0.995217 0.00010596 -0.0976891 84.9188
-0.10464 -0.00180016 0.994508 43.8483 -0.00180016 0.999997 0.00162069 -0.937657 -0.994508 -0.00162069 -0.104643 84.8226
-0.110512 -0.00364483 0.993868 44.6229 -0.00364483 0.999988 0.00326199 -0.944828 -0.993868 -0.00326199 -0.110524 84.7478
-0.113978 -0.00771648 0.993453 45.3434 -0.00771648 0.999947 0.0068816 -0.951295 -0.993453 -0.0068816 -0.114032 84.6561
-0.117854 -0.00738052 0.993003 46.0359 -0.00738052 0.999951 0.00655621 -0.975308 -0.993003 -0.00655621 -0.117903 84.5473
-0.119746 -0.0071954 0.992779 46.7863 -0.0071954 0.999954 0.00637952 -0.989713 -0.992779 -0.00637952 -0.119792 84.4561
-0.117841 -0.0077512 0.993002 47.4954 -0.0077512 0.999946 0.00688556 -0.989643 -0.993002 -0.00688556 -0.117895 84.4025
-0.117093 -0.0101556 0.993069 48.1411 -0.0101556 0.999908 0.00902812 -1.00191 -0.993069 -0.00902812 -0.117185 84.3328
-0.116102 -0.0095122 0.993192 48.7464 -0.0095122 0.999919 0.00846467 -1.00639 -0.993192 -0.00846467 -0.116183 84.2778
-0.110469 -0.00948198 0.993834 49.3829 -0.00948198 0.999919 0.00848606 -1.016 -0.993834 -0.00848606 -0.11055 84.234
-0.102673 -0.0096339 0.994669 49.973 -0.0096339 0.999916 0.00869028 -1.02609 -0.994669 -0.00869028 -0.102757 84.206
-0.0916632 -0.00796691 0.995758 50.5475 -0.00796691 0.999942 0.007267 -1.03162 -0.995758 -0.007267 -0.0917214 84.1767
-0.078259 -0.00723821 0.996907 51.1098 -0.00723821 0.999951 0.00669211 -1.04078 -0.996907 -0.00669211 -0.0783076 84.1881
-0.0606863 -0.00789831 0.998126 51.6309 -0.00789831 0.999941 0.00743245 -1.04622 -0.998126 -0.00743245 -0.0607452 84.1872
-0.0403519 -0.00558114 0.99917 52.1632 -0.00558114 0.99997 0.00536021 -1.05085 -0.99917 -0.00536021 -0.0403818 84.2173
-0.0152117 -0.00438291 0.999875 52.6665 -0.00438291 0.999981 0.0043167 -1.05253 -0.999875 -0.0043167 -0.0152307 84.264
0.0129158 -0.00291656 0.999912 53.1569 -0.00291656 0.999991 0.00295447 -1.0568 -0.999912 -0.00295447 0.0129072 84.3351
0.0459036 -0.00191217 0.998944 53.6284 -0.00191217 0.999996 0.00200205 -1.05586 -0.998944 -0.00200205 0.0458998 84.3817
0.0834723 -0.00138823 0.996509 54.1374 -0.00138823 0.999998 0.00150938 -1.06005 -0.996509 -0.00150938 0.0834702 84.526
0.128175 -0.00591091 0.991734 54.6134 -0.00591091 0.99996 0.00672389 -1.06663 -0.991734 -0.00672389 0.128135 84.6574
0.171246 -0.00179128 0.985227 55.0901 -0.00179128 0.999996 0.00212948 -1.07316 -0.985227 -0.00212948 0.171242 84.8303
0.219964 -0.00120605 0.975507 55.5699 -0.00120605 0.999998 0.00150827 -1.08211 -0.975507 -0.00150827 0.219962 85.0424
0.271029 0.000522236 0.962571 56.0711 0.000522236 1 -0.000689588 -1.07714 -0.962571 0.000689588 0.271029 85.2569
0.324796 0.000299462 0.945784 56.5896 0.000299462 1 -0.000419468 -1.0797 -0.945784 0.000419468 0.324796 85.5259
0.384496 -0.00198294 0.923125 57.0138 -0.00198294 0.999994 0.00297399 -1.08992 -0.923125 -0.00297399 0.38449 85.836
0.44553 -0.00196499 0.895265 57.3482 -0.00196499 0.999993 0.00317274 -1.08328 -0.895265 -0.00317274 0.445523 86.1104
0.503979 -0.00187207 0.863714 57.7039 -0.00187207 0.999993 0.00325981 -1.08656 -0.863714 -0.00325981 0.503972 86.4762
0.561785 -0.0010581 0.827283 57.9358 -0.0010581 0.999997 0.00199752 -1.0823 -0.827283 -0.00199752 0.561782 86.7432
0.61634 0.00101598 0.78748 58.2177 0.00101598 0.999997 -0.00208534 -1.08655 -0.78748 0.00208534 0.616337 87.0889
0.668459 0.00156592 0.743747 58.4333 0.00156592 0.999993 -0.00351284 -1.0889 -0.743747 0.00351284 0.668451 87.3904
0.717332 0.000862231 0.696731 58.6687 0.000862231 0.999997 -0.00212526 -1.08466 -0.696731 0.00212526 0.717329 87.7864
0.763246 -0.00103551 0.646107 58.8628 -0.00103551 0.999995 0.00282592 -1.07379 -0.646107 -0.00282592 0.763241 88.1758
0.804523 -0.00251442 0.593916 59.0523 -0.00251442 0.999968 0.00763954 -1.07489 -0.593916 -0.00763954 0.804491 88.5891
0.841344 -0.00322146 0.54049 59.214 -0.00322146 0.999935 0.0109745 -1.06185 -0.54049 -0.0109745 0.841279 89.036
0.87307 -0.00457782 0.487574 59.3494 -0.00457782 0.999835 0.0175847 -1.07154 -0.487574 -0.0175847 0.872905 89.464
0.898979 -0.00420866 0.437971 59.4732 -0.00420866 0.999825 0.0182465 -1.06354 -0.437971 -0.0182465 0.898804 89.9225
0.919728 -0.00409526 0.392535 59.5915 -0.00409526 0.999791 0.0200261 -1.05958 -0.392535 -0.0200261 0.919519 90.3837
0.935465 -0.0033293 0.353404 59.7055 -0.0033293 0.999828 0.0182317 -1.05385 -0.353404 -0.0182317 0.935293 90.8701
0.94788 -0.00254343 0.318617 59.8291 -0.00254343 0.999876 0.0155484 -1.0521 -0.318617 -0.0155484 0.947756 91.3634
0.957576 -0.0020563 0.288173 59.9478 -0.0020563 0.9999 0.0139679 -1.05338 -0.288173 -0.0139679 0.957476 91.8732
0.963811 -0.00207714 0.266579 60.059 -0.00207714 0.999881 0.0153007 -1.05022 -0.266579 -0.0153007 0.963692 92.3585
0.967963 -0.00205992 0.251086 60.1596 -0.00205992 0.999868 0.0161442 -1.042 -0.251086 -0.0161442 0.96783 92.8769
0.971212 -0.00179699 0.238211 60.2673 -0.00179699 0.999888 0.0148694 -1.03463 -0.238211 -0.0148694 0.9711 93.3882
0.973446 -0.00155184 0.228913 60.3651 -0.00155184 0.999909 0.0133778 -1.03834 -0.228913 -0.0133778 0.973355 93.9583
0.974872 -0.00116427 0.222764 60.4852 -0.00116427 0.999946 0.0103214 -1.0448 -0.222764 -0.0103214 0.974818 94.4931
0.97527 -0.000528859 0.221016 60.616 -0.000528859 0.999989 0.00472651 -1.05644 -0.221016 -0.00472651 0.975259 95.0373
0.975513 -0.00028694 0.21994 60.7345 -0.00028694 0.999997 0.00257731 -1.05502 -0.21994 -0.00257731 0.97551 95.5639
0.975014 4.85935e-005 0.222144 60.8609 4.85935e-005 1 -0.00043203 -1.05972 -0.222144 0.00043203 0.975014 96.09
0.973977 0.000679381 0.226646 60.9573 0.000679381 0.999982 -0.00591702 -1.06727 -0.226646 0.00591702 0.973959 96.6125
0.97299 0.00118579 0.230844 61.1022 0.00118579 0.999948 -0.0101345 -1.07286 -0.230844 0.0101345 0.972938 97.165
0.971695 0.00136235 0.236235 61.3059 0.00136235 0.999934 -0.0113703 -1.07707 -0.236235 0.0113703 0.97163 98.0185
0.97054 0.000957621 0.240938 61.4377 0.000957621 0.999969 -0.0078319 -1.0801 -0.240938 0.0078319 0.970509 98.4428
0.969254 0.000397924 0.246062 61.6062 0.000397924 0.999995 -0.0031846 -1.08161 -0.246062 0.0031846 0.969249 99.1059
0.968494 -0.000433025 0.249035 61.7689 -0.000433025 0.999994 0.00342283 -1.07901 -0.249035 -0.00342283 0.968488 99.6941
0.967601 -0.00105362 0.252483 61.9433 -0.00105362 0.999966 0.00821074 -1.08515 -0.252483 -0.00821074 0.967566 100.386
0.966839 -0.0012801 0.255384 62.1284 -0.0012801 0.999951 0.00985841 -1.08182 -0.255384 -0.00985841 0.966789 101.078
0.966541 -0.00102591 0.256509 62.3185 -0.00102591 0.999969 0.00786512 -1.08338 -0.256509 -0.00786512 0.96651 101.782
0.966641 -0.000176083 0.256137 62.474 -0.000176083 0.999999 0.00135198 -1.08644 -0.256137 -0.00135198 0.96664 102.422
0.966853 0.00066543 0.255332 62.6356 0.00066543 0.999987 -0.00512585 -1.09065 -0.255332 0.00512585 0.96684 103.089
0.967575 0.00120801 0.25258 62.7989 0.00120801 0.999955 -0.00941009 -1.10001 -0.25258 0.00941009 0.96753 103.714
0.968042 0.000680012 0.250787 62.9808 0.000680012 0.999986 -0.00533633 -1.1103 -0.250787 0.00533633 0.968028 104.443
0.968556 -0.000364796 0.248794 63.146 -0.000364796 0.999996 0.0028864 -1.11073 -0.248794 -0.0028864 0.968552 105.174
0.969139 -0.000998659 0.246512 63.3231 -0.000998659 0.999968 0.00797717 -1.11172 -0.246512 -0.00797717 0.969107 105.946
0.969413 -0.000720865 0.245436 63.493 -0.000720865 0.999983 0.00578428 -1.11754 -0.245436 -0.00578428 0.969396 106.676
0.969979 -4.3908e-005 0.243188 63.6803 -4.3908e-005 1 0.000355683 -1.11725 -0.243188 -0.000355683 0.969979 107.442
0.970847 0.000602126 0.239698 63.8456 0.000602126 0.999988 -0.00495078 -1.13191 -0.239698 0.00495078 0.970835 108.16
0.971773 0.000928657 0.235918 64.0314 0.000928657 0.999969 -0.00776148 -1.14137 -0.235918 0.00776148 0.971742 108.925
0.972684 0.000670371 0.232134 64.204 0.000670371 0.999984 -0.00569678 -1.15077 -0.232134 0.00569678 0.972667 109.69
0.973554 0.000312574 0.228457 64.3834 0.000312574 0.999996 -0.0027002 -1.15706 -0.228457 0.0027002 0.97355 110.456
0.974022 -1.87987e-005 0.226455 64.5452 -1.87987e-005 1 0.00016387 -1.14954 -0.226455 -0.00016387 0.974022 111.279
0.974331 -0.000352579 0.225119 64.729 -0.000352579 0.999995 0.00309217 -1.15419 -0.225119 -0.00309217 0.974326 112.088
0.974103 -0.000498869 0.226106 64.9061 -0.000498869 0.99999 0.00435555 -1.16159 -0.226106 -0.00435555 0.974093 112.841
0.974307 -0.000692239 0.225222 65.074 -0.000692239 0.999981 0.00606815 -1.16247 -0.225222 -0.00606815 0.974289 113.696
0.974396 -0.000401078 0.224837 65.2426 -0.000401078 0.999994 0.00352205 -1.1705 -0.224837 -0.00352205 0.97439 114.41
0.974048 0.000149771 0.226343 65.4151 0.000149771 0.999999 -0.00130623 -1.17659 -0.226343 0.00130623 0.974047 115.246
0.974064 0.000516099 0.22627 65.6138 0.000516099 0.99999 -0.00450261 -1.19529 -0.22627 0.00450261 0.974054 116.088
0.973254 0.000663782 0.229731 65.7981 0.000663782 0.999984 -0.00570146 -1.2085 -0.229731 0.00570146 0.973238 116.911
0.972727 0.000455184 0.231954 66.0077 0.000455184 0.999992 -0.00387125 -1.2179 -0.231954 0.00387125 0.972719 117.8
0.971895 0.000581065 0.235412 66.2063 0.000581065 0.999988 -0.00486717 -1.23142 -0.235412 0.00486717 0.971883 118.633
0.971403 0.000868587 0.237433 66.3945 0.000868587 0.999974 -0.00721176 -1.23928 -0.237433 0.00721176 0.971377 119.465
0.970886 0.000583157 0.239539 66.6047 0.000583157 0.999988 -0.00479808 -1.26936 -0.239539 0.00479808 0.970875 120.293
0.970474 0.00063927 0.241206 66.8134 0.00063927 0.999986 -0.00522234 -1.27534 -0.241206 0.00522234 0.97046 121.123
0.970417 0.000687623 0.241436 67.0112 0.000687623 0.999984 -0.00561182 -1.28624 -0.241436 0.00561182 0.970401 121.954
0.970056 0.000370315 0.242879 67.2219 0.000370315 0.999995 -0.00300372 -1.30056 -0.242879 0.00300372 0.970052 122.814
0.969863 -0.000186586 0.243652 67.4392 -0.000186586 0.999999 0.0015085 -1.31865 -0.243652 -0.0015085 0.969862 123.739
0.96961 -0.000564209 0.244655 67.6709 -0.000564209 0.99999 0.00454218 -1.33509 -0.244655 -0.00454218 0.9696 124.593
0.969171 0.000155115 0.246387 67.8707 0.000155115 0.999999 -0.00123971 -1.35258 -0.246387 0.00123971 0.969171 125.393
0.969161 0.0016502 0.246421 68.0518 0.0016502 0.999912 -0.0131862 -1.36059 -0.246421 0.0131862 0.969073 126.156
0.96916 0.00262619 0.24642 68.2396 0.00262619 0.999776 -0.0209837 -1.37147 -0.24642 0.0209837 0.968936 126.913
0.969204 0.00153466 0.246253 68.4518 0.00153466 0.999924 -0.0122717 -1.39172 -0.246253 0.0122717 0.969128 127.745
0.969611 -0.0010035 0.24465 68.6669 -0.0010035 0.999967 0.00807881 -1.39594 -0.24465 -0.00807881 0.969578 128.623
0.969893 -0.00285881 0.243513 68.9155 -0.00285881 0.999729 0.0231231 -1.4024 -0.243513 -0.0231231 0.969622 129.695
0.970134 -0.00209343 0.242561 69.1573 -0.00209343 0.999853 0.0170021 -1.408 -0.242561 -0.0170021 0.969987 130.701
0.970445 -5.41016e-005 0.241324 69.3458 -5.41016e-005 1 0.000441747 -1.42172 -0.241324 -0.000441747 0.970444 131.434
0.970724 0.000798059 0.240195 69.5467 0.000798059 0.999978 -0.00654776 -1.43605 -0.240195 0.00654776 0.970703 132.349
0.971267 0.000765487 0.237992 69.7301 0.000765487 0.99998 -0.00634039 -1.44441 -0.237992 0.00634039 0.971246 133.161
0.971535 0.000718782 0.236897 69.9006 0.000718782 0.999982 -0.00598189 -1.46696 -0.236897 0.00598189 0.971516 133.928
0.972316 0.000883533 0.233668 70.0904 0.000883533 0.999972 -0.00745751 -1.48551 -0.233668 0.00745751 0.972288 134.772
0.973512 0.00102476 0.228632 70.2767 0.00102476 0.99996 -0.00884537 -1.50163 -0.228632 0.00884537 0.973473 135.638
0.974205 0.0011757 0.225661 70.4446 0.0011757 0.999946 -0.0102854 -1.51799 -0.225661 0.0102854 0.974152 136.411
0.974784 0.00134607 0.223146 70.6128 0.00134607 0.999928 -0.011912 -1.53599 -0.223146 0.011912 0.974712 137.178
0.975169 0.00118666 0.221458 70.8108 0.00118666 0.999943 -0.0105834 -1.56128 -0.221458 0.0105834 0.975113 138.037
0.975517 0.000626435 0.219925 70.974 0.000626435 0.999984 -0.00562702 -1.57857 -0.219925 0.00562702 0.975501 138.83
0.976 0.000536264 0.217771 71.1766 0.000536264 0.999988 -0.0048659 -1.59349 -0.217771 0.0048659 0.975988 139.666
0.976368 0.0008058 0.216115 71.3202 0.0008058 0.999973 -0.00736892 -1.61634 -0.216115 0.00736892 0.97634 140.381
0.977598 0.00106671 0.210479 71.455 0.00106671 0.999949 -0.0100222 -1.62256 -0.210479 0.0100222 0.977547 141.069
0.978868 0.00109201 0.204492 71.607 0.00109201 0.999944 -0.0105671 -1.63601 -0.204492 0.0105671 0.978811 141.866
0.980185 0.000553614 0.198084 71.7453 0.000553614 0.999985 -0.00553426 -1.6426 -0.198084 0.00553426 0.980169 142.596
0.981432 -0.000276509 0.19181 71.8919 -0.000276509 0.999996 0.00285638 -1.64299 -0.19181 -0.00285638 0.981428 143.437
0.982165 -0.00115374 0.188017 72.0143 -0.00115374 0.999925 0.0121628 -1.65233 -0.188017 -0.0121628 0.98209 144.264
0.982942 -0.001218 0.183912 72.1487 -0.001218 0.999913 0.0131319 -1.66157 -0.183912 -0.0131319 0.982855 145.081
0.983696 -0.000748228 0.179837 72.2289 -0.000748228 0.999966 0.00825322 -1.65896 -0.179837 -0.00825322 0.983662 145.816
0.984873 0.00016743 0.17328 72.3708 0.00016743 0.999998 -0.00191786 -1.67564 -0.17328 0.00191786 0.984871 146.572
0.985639 0.000937432 0.168863 72.4591 0.000937432 0.999939 -0.0110228 -1.69169 -0.168863 0.0110228 0.985578 147.319
0.986902 0.000637505 0.161319 72.562 0.000637505 0.999969 -0.00785175 -1.70867 -0.161319 0.00785175 0.986871 148.081
0.988067 0.000520639 0.154024 72.6606 0.000520639 0.999977 -0.00672009 -1.72649 -0.154024 0.00672009 0.988044 148.855
0.989302 0.000636265 0.145884 72.7409 0.000636265 0.999962 -0.00867609 -1.7435 -0.145884 0.00867609 0.989264 149.563
0.990721 0.00104114 0.135905 72.8234 0.00104114 0.999883 -0.0152496 -1.75879 -0.135905 0.0152496 0.990604 150.301
0.991806 0.00111651 0.127746 72.8977 0.00111651 0.999848 -0.0174072 -1.77809 -0.127746 0.0174072 0.991654 151.049
0.992831 0.000903847 0.119523 72.9655 0.000903847 0.999886 -0.0150691 -1.79247 -0.119523 0.0150691 0.992717 151.819
0.993762 0.00048349 0.111517 73.0354 0.00048349 0.999963 -0.00864393 -1.80671 -0.111517 0.00864393 0.993725 152.619
0.994685 0.000183984 0.102968 73.108 0.000183984 0.999994 -0.00356412 -1.81255 -0.102968 0.00356412 0.994678 153.456
0.995426 2.43891e-005 0.0955393 73.1515 2.43891e-005 1 -0.000509388 -1.82434 -0.0955393 0.000509388 0.995426 154.307
0.996022 -4.3685e-005 0.0891068 73.2335 -4.3685e-005 1 0.000978558 -1.83951 -0.0891068 -0.000978558 0.996022 155.099
0.996232 7.16305e-005 0.0867284 73.2512 7.16305e-005 0.999999 -0.00164872 -1.85251 -0.0867284 0.00164872 0.996231 155.967
0.996709 0.000293318 0.0810623 73.3277 0.000293318 0.999974 -0.00722484 -1.87311 -0.0810623 0.00722484 0.996683 156.717
0.996921 0.000570748 0.0784065 73.3564 0.000570748 0.999894 -0.0145355 -1.88602 -0.0784065 0.0145355 0.996815 157.483
0.997194 0.000631868 0.0748587 73.4079 0.000631868 0.999858 -0.0168567 -1.90508 -0.0748587 0.0168567 0.997052 158.327
0.997411 0.000401714 0.0719105 73.4551 0.000401714 0.999938 -0.0111578 -1.9165 -0.0719105 0.0111578 0.997349 159.144
0.997579 3.59918e-005 0.0695428 73.5052 3.59918e-005 0.999999 -0.00103385 -1.93817 -0.0695428 0.00103385 0.997578 160.046
0.997846 -0.000192627 0.0656059 73.5745 -0.000192627 0.999983 0.00586588 -1.95096 -0.0656059 -0.00586588 0.997828 161.045
0.998133 -8.45022e-005 0.0610758 73.6009 -8.45022e-005 0.999996 0.00276454 -1.95934 -0.0610758 -0.00276454 0.998129 161.888
0.998451 0.000188727 0.0556401 73.6379 0.000188727 0.999977 -0.00677851 -1.97189 -0.0556401 0.00677851 0.998428 162.777
0.998784 0.000281653 0.0492952 73.6509 0.000281653 0.999935 -0.0114199 -1.99308 -0.0492952 0.0114199 0.998719 163.501
0.999111 0.000226285 0.0421608 73.6841 0.000226285 0.999942 -0.0107293 -2.00892 -0.0421608 0.0107293 0.999053 164.36
0.999401 7.80096e-005 0.0346014 73.7132 7.80096e-005 0.99999 -0.00450767 -2.01152 -0.0346014 0.00450767 0.999391 165.185
0.999639 1.40402e-005 0.0268734 73.7309 1.40402e-005 0.999999 -0.00104472 -2.02037 -0.0268734 0.00104472 0.999638 166.052
0.999779 -2.77552e-005 0.021045 73.7439 -2.77552e-005 0.999997 0.0026374 -2.04231 -0.021045 -0.0026374 0.999775 166.88
0.999895 -1.71521e-005 0.0144621 73.7435 -1.71521e-005 0.999997 0.00237189 -2.05135 -0.0144621 -0.00237189 0.999893 167.717
0.99997 1.69148e-005 0.00779922 73.7696 1.69148e-005 0.999991 -0.00433748 -2.06885 -0.00779922 0.00433748 0.99996 168.564
1 4.56622e-006 0.000621127 73.7434 4.56622e-006 0.999892 -0.0147022 -2.08098 -0.000621127 0.0147022 0.999892 169.34
0.999981 -5.881e-005 -0.00616303 73.7187 -5.881e-005 0.999818 -0.0190829 -2.09841 0.00616303 0.0190829 0.999799 170.083
0.999921 -7.34234e-005 -0.0125381 73.6876 -7.34234e-005 0.999931 -0.0117112 -2.11154 0.0125381 0.0117112 0.999853 170.915
0.999845 1.49128e-005 -0.0176341 73.6584 1.49128e-005 0.999999 0.00169123 -2.11993 0.0176341 -0.00169123 0.999843 171.887
0.99975 0.000103904 -0.0223389 73.6141 0.000103904 0.999957 0.00930119 -2.13079 0.0223389 -0.00930119 0.999707 172.821
0.999662 8.07166e-005 -0.0260114 73.5603 8.07166e-005 0.999981 0.00620513 -2.14312 0.0260114 -0.00620513 0.999642 173.739
0.99962 -6.18873e-005 -0.0275711 73.5357 -6.18873e-005 0.99999 -0.00448841 -2.15813 0.0275711 0.00448841 0.99961 174.554
0.999538 -0.000202816 -0.0303885 73.5156 -0.000202816 0.999911 -0.0133445 -2.17856 0.0303885 0.0133445 0.999449 175.353
0.999467 -0.00027863 -0.0326389 73.5011 -0.00027863 0.999854 -0.0170677 -2.18103 0.0326389 0.0170677 0.999321 175.614
0.99938 -0.000216089 -0.0352199 73.4476 -0.000216089 0.999925 -0.0122666 -2.20388 0.0352199 0.0122666 0.999304 176.738
0.999376 -6.46315e-005 -0.0353144 73.4218 -6.46315e-005 0.999993 -0.00365919 -2.21163 0.0353144 0.00365919 0.99937 177.491
0.999393 3.595e-005 -0.0348231 73.3775 3.595e-005 0.999998 0.00206409 -2.2323 0.0348231 -0.00206409 0.999391 178.435
0.999316 1.72768e-005 -0.0369739 73.3558 1.72768e-005 1 0.000934221 -2.24966 0.0369739 -0.000934221 0.999316 179.275
0.999256 -0.000155897 -0.0385772 73.3346 -0.000155897 0.999967 -0.0080792 -2.27182 0.0385772 0.0080792 0.999223 180.105
0.999167 -0.000413002 -0.0408165 73.286 -0.000413002 0.999795 -0.0202265 -2.29608 0.0408165 0.0202265 0.998962 180.878
0.999094 -0.000525964 -0.0425595 73.2449 -0.000525964 0.999695 -0.0247017 -2.31999 0.0425595 0.0247017 0.998789 181.655
0.999072 -0.000425714 -0.0430659 73.1977 -0.000425714 0.999805 -0.0197592 -2.34627 0.0430659 0.0197592 0.998877 182.494
0.999008 -0.00019609 -0.0445242 73.1328 -0.00019609 0.999961 -0.0088037 -2.37756 0.0445242 0.0088037 0.99897 183.67
0.998948 -0.000115445 -0.0458546 73.1024 -0.000115445 0.999987 -0.00503261 -2.38872 0.0458546 0.00503261 0.998935 184.453
