0.999924 0 0.0123484 0.00501707 0 1 0 0 -0.0123484 0 0.999924 0.287539
0.999818 0 0.0190977 0.0187018 0 1 0 0 -0.0190977 0 0.999818 0.580465
0.999788 0 0.0205927 0.0395604 0 1 0 0 -0.0205927 0 0.999788 0.875531
0.999836 0 0.0181009 0.0586917 0 1 0 0 -0.0181009 0 0.999836 1.17449
0.999964 0 0.00844317 0.0717745 0 1 0 0 -0.00844317 0 0.999964 1.47419
1 0 -0.000938847 0.0216331 0 1 0 0 0.000938847 0 1 1.77951
0.999857 0 -0.0169187 -0.00332144 0 1 0 0 0.0169187 0 0.999857 2.0977
0.999361 0 -0.0357483 -0.0423305 0 1 0 0 0.0357483 0 0.999361 2.41836
0.998474 0 -0.0552178 -0.0942819 0 1 0 0 0.0552178 0 0.998474 2.75068
0.997317 0 -0.0732 -0.176075 0 1 0 0 0.0732 0 0.997317 3.08222
0.995193 0 -0.0979319 -0.186756 0 1 0 0 0.0979319 0 0.995193 3.44397
0.993181 0 -0.116587 -0.269184 0 1 0 0 0.116587 0 0.993181 3.80487
0.990738 0 -0.135788 -0.340092 0 1 0 0 0.135788 0 0.990738 4.18585
0.987925 0 -0.154935 -0.375983 0 1 0 0 0.154935 0 0.987925 4.58732
0.985746 0 -0.168241 -0.464601 0 1 0 0 0.168241 0 0.985746 4.98906
0.983583 0 -0.180456 -0.567836 0 1 0 0 0.180456 0 0.983583 5.41726
0.982043 0 -0.188659 -0.687287 0 1 0 0 0.188659 0 0.982043 5.84012
0.980253 0 -0.19775 -0.779343 0 1 0 0 0.19775 0 0.980253 6.32617
0.978397 0 -0.206737 -0.883016 0 1 0 0 0.206737 0 0.978397 6.82583
0.976088 0 -0.217376 -1.01015 0 1 0 0 0.217376 0 0.976088 7.35841
0.974761 0 -0.223252 -1.12154 0 1 0 0 0.223252 0 0.974761 7.87436
0.9731 0 -0.230385 -1.24034 0 1 0 0 0.230385 0 0.9731 8.31735
0.969924 0 -0.243407 -1.34191 0 1 0 0 0.243407 0 0.969924 8.90542
0.96893 0 -0.247335 -1.58883 0 1 0 0 0.247335 0 0.96893 9.42905
0.965389 0 -0.260813 -1.6657 0 1 0 0 0.260813 0 0.965389 9.98758
0.96388 0 -0.266338 -1.86177 0 1 0 0 0.266338 0 0.96388 10.5205
0.957736 0 -0.287649 -1.90042 0 1 0 0 0.287649 0 0.957736 11.1577
0.958843 0 -0.283938 -2.24017 0 1 0 0 0.283938 0 0.958843 11.7716
0.955313 0 -0.295595 -2.41129 0 1 0 0 0.295595 0 0.955313 12.3204
0.951198 0 -0.308583 -2.53043 0 1 0 0 0.308583 0 0.951198 13.0536
0.951025 0 -0.309113 -2.87461 0 1 0 0 0.309113 0 0.951025 13.7194
0.950192 0 -0.311665 -3.10125 0 1 0 0 0.311665 0 0.950192 14.2557
0.948969 0 -0.31537 -3.37265 0 1 0 0 0.31537 0 0.948969 15.0758
0.947599 0 -0.319463 -3.65979 0 1 0 0 0.319463 0 0.947599 15.7692
0.947053 0 -0.321076 -3.96921 0 1 0 0 0.321076 0 0.947053 16.4499
0.945014 0 -0.32703 -4.25266 0 1 0 0 0.32703 0 0.945014 17.2642
0.942691 0 -0.333667 -4.55483 0 1 0 0 0.333667 0 0.942691 17.9827
0.940131 0 -0.340815 -4.71628 0 1 0 0 0.340815 0 0.940131 18.6723
0.938955 0 -0.344039 -5.09364 0 1 0 0 0.344039 0 0.938955 19.3822
0.936502 0 -0.350661 -5.35605 0 1 0 0 0.350661 0 0.936502 20.0659
0.933978 0 -0.35733 -5.5685 0 1 0 0 0.35733 0 0.933978 20.6805
0.933069 0 -0.359696 -5.935 0 1 0 0 0.359696 0 0.933069 21.3308
0.930863 0 -0.365367 -6.20377 0 1 0 0 0.365367 0 0.930863 21.9507
0.926584 0 -0.376088 -6.48886 0 1 0 0 0.376088 0 0.926584 22.6076
0.923297 0 -0.384086 -6.75624 0 1 0 0 0.384086 0 0.923297 23.2033
0.91889 0 -0.394515 -7.04314 0 1 0 0 0.394515 0 0.91889 23.8831
0.9164 0 -0.400265 -7.3658 0 1 0 0 0.400265 0 0.9164 24.4419
0.911753 0 -0.41074 -7.64412 0 1 0 0 0.41074 0 0.911753 25.0799
0.908043 0 -0.418877 -7.94238 0 1 0 0 0.418877 0 0.908043 25.662
0.904217 0 -0.427074 -8.33254 0 1 0 0 0.427074 0 0.904217 26.3113
0.89923 0 -0.437476 -8.62378 0 1 0 0 0.437476 0 0.89923 27.0263
0.89524 0 -0.445583 -8.95368 0 1 0 0 0.445583 0 0.89524 27.671
0.893451 0 -0.449161 -9.55797 0 1 0 0 0.449161 0 0.893451 28.2502
0.883943 0 -0.467594 -9.80435 0 1 0 0 0.467594 0 0.883943 28.8998
0.883943 0 -0.467594 -10.0507 0 1 0 0 0.467594 0 0.883943 29.5495
0.881242 0 -0.472666 -10.4108 0 1 0 0 0.472666 0 0.881242 29.9189
0.878189 0 -0.478315 -10.66 0 1 0 0 0.478315 0 0.878189 30.3381
0.874467 0 -0.485085 -11.0471 0 1 0 0 0.485085 0 0.874467 31.0807
0.871741 0 -0.489968 -11.439 0 1 0 0 0.489968 0 0.871741 31.6641
0.868596 0 -0.49552 -11.7695 0 1 0 0 0.49552 0 0.868596 32.3393
0.866023 0 -0.500005 -12.2129 0 1 0 0 0.500005 0 0.866023 33.1114
0.864311 0 -0.502958 -12.4882 0 1 0 0 0.502958 0 0.864311 33.7539
0.863815 0 -0.503809 -13.0135 0 1 0 0 0.503809 0 0.863815 34.5039
0.864884 0 -0.501972 -13.5687 0 1 0 0 0.501972 0 0.864884 35.253
0.865442 0 -0.50101 -13.9676 0 1 0 0 0.50101 0 0.865442 35.9944
0.864058 0 -0.503393 -14.4715 0 1 0 0 0.503393 0 0.864058 36.7953
0.864983 0 -0.501801 -14.9548 0 1 0 0 0.501801 0 0.864983 37.5914
0.862937 0 -0.505312 -15.4368 0 1 0 0 0.505312 0 0.862937 38.3765
0.859884 0 -0.51049 -15.9223 0 1 0 0 0.51049 0 0.859884 39.2343
0.856829 0 -0.5156 -16.4089 0 1 0 0 0.5156 0 0.856829 40.0741
0.853446 0 -0.521181 -16.9888 0 1 0 0 0.521181 0 0.853446 40.8764
0.846703 0 -0.532066 -17.4851 0 1 0 0 0.532066 0 0.846703 41.7765
0.841458 0 -0.540323 -18.0785 0 1 0 0 0.540323 0 0.841458 42.6024
0.835747 0 -0.549114 -18.7033 0 1 0 0 0.549114 0 0.835747 43.4394
0.829864 0 -0.557965 -19.3815 0 1 0 0 0.557965 0 0.829864 44.2727
0.823882 0 -0.566761 -19.9258 0 1 0 0 0.566761 0 0.823882 45.1943
0.82018 0 -0.572106 -20.5871 0 1 0 0 0.572106 0 0.82018 46.071
0.816281 0 -0.577654 -21.2602 0 1 0 0 0.577654 0 0.816281 46.9666
0.813746 0 -0.58122 -21.9448 0 1 0 0 0.58122 0 0.813746 47.8524
0.809809 0 -0.586694 -22.6182 0 1 0 0 0.586694 0 0.809809 48.7878
0.806635 0 -0.59105 -23.3091 0 1 0 0 0.59105 0 0.806635 49.7093
0.80346 0 -0.595359 -24.0074 0 1 0 0 0.595359 0 0.80346 50.6319
0.800854 0 -0.59886 -24.7569 0 1 0 0 0.59886 0 0.800854 51.542
0.797289 0 -0.603598 -25.479 0 1 0 0 0.603598 0 0.797289 52.4791
0.794545 0 -0.607205 -26.2504 0 1 0 0 0.607205 0 0.794545 53.3965
0.790059 0 -0.613031 -26.9537 0 1 0 0 0.613031 0 0.790059 54.3969
0.785776 0 -0.618512 -27.752 0 1 0 0 0.618512 0 0.785776 55.3219
0.781768 0 -0.62357 -28.5633 0 1 0 0 0.62357 0 0.781768 56.2535
0.776214 0 -0.630469 -29.3213 0 1 0 0 0.630469 0 0.776214 57.2068
0.771165 0 -0.636635 -30.1429 0 1 0 0 0.636635 0 0.771165 58.1494
0.765167 0 -0.643832 -30.9695 0 1 0 0 0.643832 0 0.765167 59.0707
0.760212 0 -0.649675 -31.8204 0 1 0 0 0.649675 0 0.760212 59.9576
0.75484 0 -0.655909 -32.674 0 1 0 0 0.655909 0 0.75484 60.8804
0.747573 0 -0.66418 -33.4877 0 1 0 0 0.66418 0 0.747573 61.8404
0.740876 0 -0.671642 -34.1526 0 1 0 0 0.671642 0 0.740876 62.5048
0.733353 0 -0.679848 -35.0973 0 1 0 0 0.679848 0 0.733353 63.5514
0.727441 0 -0.68617 -36.0532 0 1 0 0 0.68617 0 0.727441 64.5127
0.721224 0 -0.692701 -36.8576 0 1 0 0 0.692701 0 0.721224 65.4035
0.714369 0 -0.69977 -37.8418 0 1 0 0 0.69977 0 0.714369 66.4236
0.708918 0 -0.705291 -38.897 0 1 0 0 0.705291 0 0.708918 67.2785
0.704244 0 -0.709958 -39.7651 0 1 0 0 0.709958 0 0.704244 68.2381
0.699513 0 -0.71462 -40.8846 0 1 0 0 0.71462 0 0.699513 69.1764
0.693586 0 -0.720374 -41.7944 0 1 0 0 0.720374 0 0.693586 70.1387
0.690334 0 -0.72349 -42.8425 0 1 0 0 0.72349 0 0.690334 71.0313
0.686568 0 -0.727066 -43.9278 0 1 0 0 0.727066 0 0.686568 71.9819
0.684198 0 -0.729296 -45.0246 0 1 0 0 0.729296 0 0.684198 72.8219
0.675634 0 -0.737237 -45.9779 0 1 0 0 0.737237 0 0.675634 73.9359
0.670942 0 -0.74151 -47.1397 0 1 0 0 0.74151 0 0.670942 74.8637
0.664356 0 -0.747417 -48.1341 0 1 0 0 0.747417 0 0.664356 75.9126
0.661033 0 -0.750357 -49.2404 0 1 0 0 0.750357 0 0.661033 76.8268
0.6555 0 -0.755195 -50.3964 0 1 0 0 0.755195 0 0.6555 77.7808
0.649004 0 -0.760785 -51.3521 0 1 0 0 0.760785 0 0.649004 78.7686
0.650366 0 -0.759621 -52.7173 0 1 0 0 0.759621 0 0.650366 79.434
0.646694 0 -0.76275 -53.8389 0 1 0 0 0.76275 0 0.646694 80.4528
0.639572 0 -0.768731 -54.8782 0 1 0 0 0.768731 0 0.639572 81.4532
0.634034 0 -0.773305 -56.126 0 1 0 0 0.773305 0 0.634034 82.3376
0.627577 0 -0.778555 -57.2833 0 1 0 0 0.778555 0 0.627577 83.2314
0.616567 0 -0.787303 -58.3681 0 1 0 0 0.787303 0 0.616567 84.1398
0.609238 0 -0.792988 -59.3165 0 1 0 0 0.792988 0 0.609238 84.7742
0.600427 0 -0.799679 -60.5693 0 1 0 0 0.799679 0 0.600427 85.6357
0.591086 0 -0.806608 -61.7394 0 1 0 0 0.806608 0 0.591086 86.3902
0.5806 0 -0.814189 -62.7887 0 1 0 0 0.814189 0 0.5806 87.1855
0.571721 0 -0.820448 -64.0731 0 1 0 0 0.820448 0 0.571721 87.9371
0.561663 0 -0.827366 -65.2448 0 1 0 0 0.827366 0 0.561663 88.6849
0.551488 0 -0.834183 -66.4187 0 1 0 0 0.834183 0 0.551488 89.4061
0.540009 0 -0.841659 -67.614 0 1 0 0 0.841659 0 0.540009 90.2522
0.530654 0 -0.847588 -68.8863 0 1 0 0 0.847588 0 0.530654 90.8936
0.518898 0 -0.854836 -69.9823 0 1 0 0 0.854836 0 0.518898 91.7453
0.509741 0 -0.860328 -71.2641 0 1 0 0 0.860328 0 0.509741 92.366
0.500908 0 -0.865501 -72.5465 0 1 0 0 0.865501 0 0.500908 93.0096
0.489251 0 -0.872143 -73.6636 0 1 0 0 0.872143 0 0.489251 93.8852
0.483567 0 -0.875308 -74.9781 0 1 0 0 0.875308 0 0.483567 94.3521
0.475067 0 -0.879949 -76.2421 0 1 0 0 0.879949 0 0.475067 95.109
0.467726 0 -0.883874 -77.5282 0 1 0 0 0.883874 0 0.467726 95.7087
0.463173 0 -0.886268 -78.8813 0 1 0 0 0.886268 0 0.463173 96.1925
0.455643 0 -0.890163 -80.1521 0 1 0 0 0.890163 0 0.455643 96.9541
0.450165 0 -0.892945 -81.4417 0 1 0 0 0.892945 0 0.450165 97.6048
0.446818 0 -0.894625 -82.7734 0 1 0 0 0.894625 0 0.446818 98.1565
0.441898 0 -0.897066 -84.0855 0 1 0 0 0.897066 0 0.441898 98.811
0.437715 0 -0.899114 -85.3737 0 1 0 0 0.899114 0 0.437715 99.4636
0.434874 0 -0.900491 -86.6964 0 1 0 0 0.900491 0 0.434874 100.071
0.429724 0 -0.90296 -87.962 0 1 0 0 0.90296 0 0.429724 100.741
0.429358 0 -0.903135 -89.2768 0 1 0 0 0.903135 0 0.429358 101.259
0.427326 0 -0.904098 -90.6066 0 1 0 0 0.904098 0 0.427326 101.86
0.423162 0 -0.906054 -91.7684 0 1 0 0 0.906054 0 0.423162 102.545
0.42544 0 -0.904986 -92.8085 0 1 0 0 0.904986 0 0.42544 102.835
0.409784 0 -0.912183 -93.106 0 1 0 0 0.912183 0 0.409784 103.365
0.419613 0 -0.907703 -94.3329 0 1 0 0 0.907703 0 0.419613 103.656
0.420621 0 -0.907236 -95.0626 0 1 0 0 0.907236 0 0.420621 103.897
0.423927 0 -0.905697 -96.0473 0 1 0 0 0.905697 0 0.423927 104.269
0.419815 0 -0.90761 -97.0821 0 1 0 0 0.90761 0 0.419815 104.815
0.42193 0 -0.906628 -97.8903 0 1 0 0 0.906628 0 0.42193 105.13
0.425468 0 -0.904974 -98.9388 0 1 0 0 0.904974 0 0.425468 105.617
0.427795 0 -0.903876 -99.9375 0 1 0 0 0.903876 0 0.427795 106.079
0.434158 0 -0.900837 -100.822 0 1 0 0 0.900837 0 0.434158 106.498
0.438479 0 -0.898741 -101.858 0 1 0 0 0.898741 0 0.438479 107.069
0.446244 0 -0.894911 -102.87 0 1 0 0 0.894911 0 0.446244 107.516
0.447348 0 -0.89436 -103.743 0 1 0 0 0.89436 0 0.447348 108.168
0.462976 0 -0.886371 -104.928 0 1 0 0 0.886371 0 0.462976 108.568
0.4697 0 -0.882826 -105.918 0 1 0 0 0.882826 0 0.4697 109.19
0.479345 0 -0.877627 -106.98 0 1 0 0 0.877627 0 0.479345 109.751
0.492753 0 -0.870169 -108.093 0 1 0 0 0.870169 0 0.492753 110.296
0.502235 0 -0.864731 -109.057 0 1 0 0 0.864731 0 0.502235 110.984
0.512219 0 -0.858855 -110.104 0 1 0 0 0.858855 0 0.512219 111.644
0.528317 0 -0.849047 -111.167 0 1 0 0 0.849047 0 0.528317 112.263
0.538184 0 -0.842828 -112.147 0 1 0 0 0.842828 0 0.538184 112.944
0.550999 0 -0.834506 -113.189 0 1 0 0 0.834506 0 0.550999 113.616
0.563501 0 -0.826115 -114.183 0 1 0 0 0.826115 0 0.563501 114.251
0.567186 0 -0.82359 -115.046 0 1 0 0 0.82359 0 0.567186 115.133
0.579907 0 -0.814683 -116.094 0 1 0 0 0.814683 0 0.579907 115.829
0.592502 0 -0.805569 -117.067 0 1 0 0 0.805569 0 0.592502 116.475
0.596863 0 -0.802343 -117.95 0 1 0 0 0.802343 0 0.596863 117.376
0.611448 0 -0.791284 -118.939 0 1 0 0 0.791284 0 0.611448 118.015
0.622234 0 -0.782832 -119.932 0 1 0 0 0.782832 0 0.622234 118.722
0.629247 0 -0.777206 -120.783 0 1 0 0 0.777206 0 0.629247 119.607
0.638597 0 -0.769541 -121.632 0 1 0 0 0.769541 0 0.638597 120.368
0.647691 0 -0.761903 -122.506 0 1 0 0 0.761903 0 0.647691 121.114
0.657631 0 -0.75334 -123.336 0 1 0 0 0.75334 0 0.657631 121.835
0.665231 0 -0.746638 -124.003 0 1 0 0 0.746638 0 0.665231 122.562
0.673732 0 -0.738976 -124.765 0 1 0 0 0.738976 0 0.673732 123.228
0.681851 0 -0.731491 -125.493 0 1 0 0 0.731491 0 0.681851 123.906
0.688711 0 -0.725036 -126.097 0 1 0 0 0.725036 0 0.688711 124.533
0.696575 0 -0.717484 -126.772 0 1 0 0 0.717484 0 0.696575 125.172
0.703425 0 -0.710769 -127.335 0 1 0 0 0.710769 0 0.703425 125.792
0.710542 0 -0.703655 -127.848 0 1 0 0 0.703655 0 0.710542 126.353
0.718454 0 -0.695574 -128.477 0 1 0 0 0.695574 0 0.718454 126.979
0.726201 0 -0.687482 -128.997 0 1 0 0 0.687482 0 0.726201 127.542
0.735005 0 -0.678062 -129.507 0 1 0 0 0.678062 0 0.735005 128.132
0.744648 0 -0.667457 -130.03 0 1 0 0 0.667457 0 0.744648 128.722
0.754653 0 -0.656124 -130.489 0 1 0 0 0.656124 0 0.754653 129.275
0.764302 0 -0.644858 -130.938 0 1 0 0 0.644858 0 0.764302 129.854
0.774401 0 -0.632695 -131.393 0 1 0 0 0.632695 0 0.774401 130.426
0.784185 0 -0.620527 -131.796 0 1 0 0 0.620527 0 0.784185 130.974
0.794447 0 -0.607333 -132.186 0 1 0 0 0.607333 0 0.794447 131.518
0.804716 0 -0.593659 -132.517 0 1 0 0 0.593659 0 0.804716 131.996
0.814178 0 -0.580615 -132.909 0 1 0 0 0.580615 0 0.814178 132.568
0.823798 0 -0.566884 -133.264 0 1 0 0 0.566884 0 0.823798 133.08
0.831534 0 -0.555473 -133.598 0 1 0 0 0.555473 0 0.831534 133.655
0.838832 0 -0.54439 -133.964 0 1 0 0 0.54439 0 0.838832 134.252
0.845615 0 -0.533793 -134.322 0 1 0 0 0.533793 0 0.845615 134.847
0.852375 0 -0.522931 -134.698 0 1 0 0 0.522931 0 0.852375 135.482
0.859216 0 -0.511614 -135.059 0 1 0 0 0.511614 0 0.859216 136.108
0.865563 0 -0.500799 -135.386 0 1 0 0 0.500799 0 0.865563 136.698
0.871508 0 -0.490381 -135.754 0 1 0 0 0.490381 0 0.871508 137.376
0.876732 0 -0.480978 -136.048 0 1 0 0 0.480978 0 0.876732 137.941
0.881215 0 -0.472715 -136.371 0 1 0 0 0.472715 0 0.881215 138.566
0.88508 0 -0.46544 -136.671 0 1 0 0 0.46544 0 0.88508 139.114
0.888116 0 -0.459619 -136.966 0 1 0 0 0.459619 0 0.888116 139.71
0.891136 0 -0.453737 -137.288 0 1 0 0 0.453737 0 0.891136 140.383
0.894873 0 -0.446321 -137.593 0 1 0 0 0.446321 0 0.894873 140.979
0.897559 0 -0.440894 -137.879 0 1 0 0 0.440894 0 0.897559 141.64
0.901177 0 -0.433452 -138.228 0 1 0 0 0.433452 0 0.901177 142.342
0.904324 0 -0.426847 -138.557 0 1 0 0 0.426847 0 0.904324 143.089
0.907765 0 -0.419479 -138.813 0 1 0 0 0.419479 0 0.907765 143.676
0.911622 0 -0.411031 -139.079 0 1 0 0 0.411031 0 0.911622 144.252
0.915524 0 -0.402264 -139.433 0 1 0 0 0.402264 0 0.915524 145.034
0.919234 0 -0.393711 -139.651 0 1 0 0 0.393711 0 0.919234 145.622
0.923368 0 -0.383917 -139.914 0 1 0 0 0.383917 0 0.923368 146.253
0.92778 0 -0.373128 -140.227 0 1 0 0 0.373128 0 0.92778 147.053
0.933049 0 -0.359749 -140.458 0 1 0 0 0.359749 0 0.933049 147.701
0.939182 0 -0.343421 -140.721 0 1 0 0 0.343421 0 0.939182 148.445
0.945621 0 -0.325271 -140.974 0 1 0 0 0.325271 0 0.945621 149.251
0.952292 0 -0.305189 -141.182 0 1 0 0 0.305189 0 0.952292 149.998
0.958962 0 -0.283535 -141.428 0 1 0 0 0.283535 0 0.958962 150.814
0.964889 0 -0.262657 -141.599 0 1 0 0 0.262657 0 0.964889 151.653
0.970283 0 -0.241972 -141.734 0 1 0 0 0.241972 0 0.970283 152.501
0.975624 0 -0.219449 -141.95 0 1 0 0 0.219449 0 0.975624 153.369
0.980422 0 -0.196906 -142.081 0 1 0 0 0.196906 0 0.980422 154.21
0.984592 0 -0.174867 -142.209 0 1 0 0 0.174867 0 0.984592 155.127
0.988263 0 -0.152764 -142.298 0 1 0 0 0.152764 0 0.988263 156.053
0.991389 0 -0.13095 -142.404 0 1 0 0 0.13095 0 0.991389 156.973
0.994031 0 -0.109095 -142.534 0 1 0 0 0.109095 0 0.994031 157.934
0.99602 0 -0.0891315 -142.557 0 1 0 0 0.0891315 0 0.99602 158.909
0.997603 0 -0.0691935 -142.617 0 1 0 0 0.0691935 0 0.997603 159.883
0.998845 0 -0.0480457 -142.664 0 1 0 0 0.0480457 0 0.998845 160.875
0.999595 0 -0.0284632 -142.63 0 1 0 0 0.0284632 0 0.999595 161.721
0.999967 0 -0.0081075 -142.609 0 1 0 0 0.0081075 0 0.999967 162.768
0.999915 0 0.0130262 -142.591 0 1 0 0 -0.0130262 0 0.999915 163.76
0.999477 0 0.0323517 -142.527 0 1 0 0 -0.0323517 0 0.999477 164.462
0.998651 0 0.0519321 -142.417 0 1 0 0 -0.0519321 0 0.998651 165.571
0.997424 0 0.0717367 -142.364 0 1 0 0 -0.0717367 0 0.997424 166.268
0.995915 0 0.0902949 -142.252 0 1 0 0 -0.0902949 0 0.995915 167.222
0.994004 0 0.109342 -142.118 0 1 0 0 -0.109342 0 0.994004 168.253
0.991737 0 0.128288 -141.979 0 1 0 0 -0.128288 0 0.991737 169.098
0.989263 0 0.146145 -141.795 0 1 0 0 -0.146145 0 0.989263 170.101
0.986511 0 0.163693 -141.649 0 1 0 0 -0.163693 0 0.986511 170.841
0.983324 0 0.181865 -141.429 0 1 0 0 -0.181865 0 0.983324 171.854
0.980019 0 0.198906 -141.279 0 1 0 0 -0.198906 0 0.980019 172.475
0.976367 0 0.216121 -141.043 0 1 0 0 -0.216121 0 0.976367 173.426
0.972362 0 0.233477 -140.873 0 1 0 0 -0.233477 0 0.972362 174.029
0.968164 0 0.250315 -140.711 0 1 0 0 -0.250315 0 0.968164 174.634
0.963792 0 0.266656 -140.552 0 1 0 0 -0.266656 0 0.963792 175.179
0.958985 0 0.283456 -140.427 0 1 0 0 -0.283456 0 0.958985 175.557
0.953729 0 0.300666 -140.292 0 1 0 0 -0.300666 0 0.953729 175.942
0.947845 0 0.31873 -140.219 0 1 0 0 -0.31873 0 0.947845 176.185
0.941982 0 0.335664 -140.121 0 1 0 0 -0.335664 0 0.941982 176.421
0.935596 0 0.353073 -140.016 0 1 0 0 -0.353073 0 0.935596 176.722
0.928698 0 0.370837 -139.911 0 1 0 0 -0.370837 0 0.928698 176.961
0.920828 0 0.389969 -139.78 0 1 0 0 -0.389969 0 0.920828 177.251
0.911159 0 0.412054 -139.622 0 1 0 0 -0.412054 0 0.911159 177.643
0.900101 0 0.435681 -139.51 0 1 0 0 -0.435681 0 0.900101 177.865
0.887653 0 0.460513 -139.344 0 1 0 0 -0.460513 0 0.887653 178.158
0.873966 0 0.485987 -139.17 0 1 0 0 -0.485987 0 0.873966 178.477
0.859596 0 0.510973 -139.011 0 1 0 0 -0.510973 0 0.859596 178.701
0.845325 0 0.534253 -138.832 0 1 0 0 -0.534253 0 0.845325 178.973
0.829669 0 0.558255 -138.631 0 1 0 0 -0.558255 0 0.829669 179.285
0.814654 0 0.579947 -138.46 0 1 0 0 -0.579947 0 0.814654 179.45
0.799582 0 0.600557 -138.246 0 1 0 0 -0.600557 0 0.799582 179.741
0.783128 0 0.62186 -138.033 0 1 0 0 -0.62186 0 0.783128 180.019
0.767222 0 0.641382 -137.854 0 1 0 0 -0.641382 0 0.767222 180.193
0.752293 0 0.658829 -137.627 0 1 0 0 -0.658829 0 0.752293 180.442
0.737239 0 0.675632 -137.399 0 1 0 0 -0.675632 0 0.737239 180.689
0.722916 0 0.690936 -137.133 0 1 0 0 -0.690936 0 0.722916 180.917
0.708047 0 0.706166 -136.908 0 1 0 0 -0.706166 0 0.708047 181.15
0.693407 0 0.720546 -136.646 0 1 0 0 -0.720546 0 0.693407 181.397
0.67866 0 0.734452 -136.416 0 1 0 0 -0.734452 0 0.67866 181.596
0.662764 0 0.748828 -136.158 0 1 0 0 -0.748828 0 0.662764 181.82
0.648325 0 0.761363 -135.861 0 1 0 0 -0.761363 0 0.648325 182.05
0.62915 0 0.777284 -135.517 0 1 0 0 -0.777284 0 0.62915 182.354
0.612449 0 0.79051 -135.229 0 1 0 0 -0.79051 0 0.612449 182.538
0.599541 0 0.800344 -134.955 0 1 0 0 -0.800344 0 0.599541 182.761
0.579108 0 0.815251 -134.567 0 1 0 0 -0.815251 0 0.579108 183.037
0.56198 0 0.827151 -134.277 0 1 0 0 -0.827151 0 0.56198 183.191
0.543801 0 0.839214 -133.939 0 1 0 0 -0.839214 0 0.543801 183.429
0.52341 0 0.852081 -133.52 0 1 0 0 -0.852081 0 0.52341 183.673
0.502133 0 0.86479 -133.152 0 1 0 0 -0.86479 0 0.502133 183.866
0.480132 0 0.877196 -132.734 0 1 0 0 -0.877196 0 0.480132 184.105
0.460554 0 0.887632 -132.273 0 1 0 0 -0.887632 0 0.460554 184.306
0.438943 0 0.898515 -131.837 0 1 0 0 -0.898515 0 0.438943 184.513
0.418828 0 0.908066 -131.391 0 1 0 0 -0.908066 0 0.418828 184.699
0.397414 0 0.917639 -130.932 0 1 0 0 -0.917639 0 0.397414 184.892
0.376627 0 0.926365 -130.408 0 1 0 0 -0.926365 0 0.376627 185.071
