0.999994 -0.00266876 -0.00221869 -0.0135351 0.00266449 0.999995 -0.00192875 -0.0104086 0.00222383 0.00192283 0.999996 0.676429
0.999961 -0.00179 -0.00869473 -0.0100888 0.00176264 0.999993 -0.00315285 -0.0155504 0.00870031 0.0031374 0.999957 1.3312
0.999941 -0.00324714 -0.0103478 -0.0523879 0.00319123 0.99998 -0.00541442 -0.0118057 0.0103652 0.00538108 0.999932 2.01908
0.999876 -0.000385615 -0.0157505 -0.0377688 0.000298443 0.999985 -0.00553653 -0.0236629 0.0157524 0.00553114 0.999861 2.67672
0.99977 0.000574769 -0.0214301 -0.0393624 -0.000698694 0.999983 -0.00577569 -0.0304144 0.0214265 0.00578934 0.999754 3.35298
