0.999997 -0.00225502 -0.00085052 -0.042937 0.00225337 0.999996 -0.00193479 -0.013744 0.000854879 0.00193287 0.999998 0.859261
0.999962 -0.00357039 -0.00800005 -0.0740217 0.00354158 0.999987 -0.00361221 -0.0154404 0.00801285 0.00358374 0.999961 1.71675
0.999968 -0.00109617 -0.00797551 -0.0924571 0.00106728 0.999993 -0.00362588 -0.0558569 0.00797943 0.00361725 0.999962 2.5778
0.999963 -0.00042419 -0.00862239 -0.19456 0.000390012 0.999992 -0.00396524 -0.0663582 0.008624 0.00396173 0.999955 3.43108
0.999859 0.00152441 -0.0167087 -0.128668 -0.00159433 0.99999 -0.00417243 -0.0787492 0.0167022 0.00419848 0.999852 4.29713
0.999818 0.00245658 -0.0188951 -0.18268 -0.00256064 0.999982 -0.00548539 -0.0860337 0.0188812 0.00553278 0.999806 5.1548
0.99965 0.00923587 -0.0247865 -0.202082 -0.00938387 0.999939 -0.00586136 -0.0983583 0.0247309 0.0060919 0.999676 6.01523
0.999555 0.0027646 -0.0297009 -0.223099 -0.0028929 0.999987 -0.00427733 -0.108655 0.0296887 0.00436134 0.99955 6.87412
0.999386 -0.0013446 -0.0350117 -0.233755 0.00125268 0.999996 -0.00264735 -0.105653 0.0350151 0.00260187 0.999383 7.73438
0.999293 -0.00259259 -0.0375055 -0.282321 0.00261371 0.999996 0.000513897 -0.115986 0.037504 -0.000611562 0.999296 8.59365
0.999227 0.00109347 -0.0392843 -0.320888 -0.00111293 0.999999 -0.000473534 -0.119554 0.0392837 0.000516889 0.999228 9.45186
0.999135 0.000239671 -0.0415916 -0.379689 -0.000256354 1 -0.000395781 -0.128337 0.0415915 0.000406101 0.999135 10.3101
0.999019 -0.00447652 -0.0440613 -0.382278 0.00443388 0.99999 -0.00106541 -0.134946 0.0440656 0.000869004 0.999028 11.1715
0.999013 -0.00356176 -0.0442694 -0.423087 0.00356228 0.999994 -6.69945e-005 -0.149425 0.0442693 -9.07717e-005 0.99902 12.0296
0.998888 -0.00511007 -0.046869 -0.462688 0.00510151 0.999987 -0.000302381 -0.152264 0.0468699 6.29421e-005 0.998901 12.884
0.998805 0.00373608 -0.0487356 -0.495724 -0.00382502 0.999991 -0.00173188 -0.171185 0.0487287 0.00191622 0.99881 13.7475
0.998782 0.00739583 -0.0487739 -0.579334 -0.00763267 0.99996 -0.00467156 -0.174528 0.0487374 0.00503814 0.998799 14.6144
0.998681 0.00370258 -0.0512081 -0.617578 -0.00400827 0.999975 -0.00586827 -0.184188 0.0511851 0.00606579 0.998671 15.4953
0.998626 0.00164777 -0.0523787 -0.657482 -0.00196536 0.99998 -0.00601233 -0.193702 0.0523678 0.00610701 0.998609 16.3861
0.998583 0.00193988 -0.0531896 -0.673703 -0.00214289 0.999991 -0.00375999 -0.214128 0.0531818 0.00386864 0.998577 17.2876
0.998433 0.00420638 -0.0558083 -0.718609 -0.00431958 0.999989 -0.00190805 -0.229416 0.0557997 0.00214613 0.99844 18.1924
0.998481 0.000526728 -0.0550978 -0.774947 -0.00066988 0.999996 -0.00257971 -0.245112 0.0550962 0.0026127 0.998478 19.1034
0.998271 0.0011066 -0.0587673 -0.815866 -0.00125616 0.999996 -0.00250802 -0.260643 0.0587643 0.0025775 0.998269 20.0176
0.998383 0.00392395 -0.0567026 -0.870342 -0.00417516 0.999982 -0.0043125 -0.277431 0.0566847 0.00454228 0.998382 20.9342
0.998077 0.0018034 -0.0619566 -0.877385 -0.00185055 0.999998 -0.000703763 -0.296868 0.0619552 0.000817063 0.998079 21.8626
0.998265 -0.00102143 -0.0588793 -0.969181 0.00108435 0.999999 0.00103666 -0.297551 0.0588782 -0.0010987 0.998265 22.7956
0.998249 0.00504264 -0.0589415 -0.988994 -0.00470104 0.999971 0.00593284 -0.322039 0.0589697 -0.00564537 0.998244 23.7325
0.998329 0.00370885 -0.0576692 -1.0304 -0.00323661 0.99996 0.00827995 -0.327455 0.0576977 -0.00807946 0.998301 24.6757
0.998463 -0.00194568 -0.0553815 -1.07884 0.00244508 0.999957 0.00895128 -0.326277 0.0553617 -0.00907294 0.998425 25.6203
0.998557 0.00337304 -0.0535952 -1.09799 -0.00302748 0.999974 0.00652751 -0.337746 0.0536158 -0.00635583 0.998541 26.5701
0.998503 0.00446082 -0.0545064 -1.19691 -0.00436723 0.999989 0.00183602 -0.33765 0.0545139 -0.00159523 0.998512 27.5189
0.998636 0.000710105 -0.0522128 -1.2592 -0.000802951 0.999998 -0.00175727 -0.339101 0.0522115 0.0017968 0.998634 28.4766
0.998666 0.00133803 -0.0516133 -1.30433 -0.00137373 0.999999 -0.000656107 -0.356178 0.0516124 0.000726134 0.998667 29.4453
0.998662 -0.00519726 -0.0514457 -1.35953 0.0053997 0.999978 0.00379692 -0.357027 0.0514249 -0.00406964 0.998669 30.4208
0.99857 -0.0067653 -0.0530222 -1.40857 0.00716209 0.999948 0.00729691 -0.369849 0.0529701 -0.00766623 0.998567 31.4003
0.998495 -0.011993 -0.0535198 -1.45969 0.0123339 0.999906 0.00604246 -0.371826 0.0534423 -0.00669347 0.998549 32.3795
0.998465 -0.00181815 -0.0553567 -1.511 0.00194289 0.999996 0.00219976 -0.37683 0.0553525 -0.00230393 0.998464 33.3587
0.998442 -0.000814955 -0.0557911 -1.57328 0.000739396 0.999999 -0.00137496 -0.388555 0.0557922 0.00133156 0.998442 34.3425
0.998219 0.00168411 -0.0596271 -1.62521 -0.00183153 0.999995 -0.00241776 -0.399646 0.0596227 0.00252266 0.998218 35.3544
0.998275 0.00187 -0.0586808 -1.71984 -0.00189423 0.999998 -0.000357357 -0.408983 0.05868 0.000467896 0.998277 36.4107
0.998265 0.00530872 -0.058644 -1.79205 -0.00519566 0.999984 0.00208025 -0.425083 0.0586541 -0.00177195 0.998277 37.4525
0.998121 0.00294874 -0.0612029 -1.86747 -0.00276401 0.999991 0.00310277 -0.415857 0.0612116 -0.00292777 0.998121 38.4966
0.998147 0.00116668 -0.0608347 -1.94944 -0.000773794 0.999979 0.00648135 -0.434577 0.0608409 -0.00642227 0.998127 39.5282
0.998109 -0.00101964 -0.061465 -2.01728 0.00158113 0.999957 0.00908729 -0.435557 0.0614531 -0.00916729 0.998068 40.5639
0.998159 0.00723597 -0.0602219 -2.09667 -0.00653747 0.999909 0.0117878 -0.440161 0.0603017 -0.0113724 0.998115 41.5865
0.998072 0.00684863 -0.0616898 -2.1866 -0.00617542 0.999919 0.0110969 -0.448019 0.0617608 -0.0106946 0.998034 42.607
0.998064 0.000818625 -0.0621938 -2.20975 -0.000249636 0.999958 0.00915587 -0.4525 0.0621987 -0.00912262 0.998022 43.6207
0.998024 0.000946599 -0.0628216 -2.26583 -0.000505267 0.999975 0.00704067 -0.455631 0.0628267 -0.00699501 0.998 44.627
0.997888 -0.00032425 -0.0649622 -2.33103 0.000764929 0.999977 0.00675886 -0.458478 0.0649585 -0.00679427 0.997865 45.6286
0.997872 -0.00153271 -0.0651909 -2.38048 0.00205369 0.999966 0.00792525 -0.465864 0.0651766 -0.00804226 0.997841 46.6288
0.997595 -0.00393812 -0.0691972 -2.43778 0.0045378 0.999953 0.0085112 -0.470212 0.0691605 -0.00880474 0.997567 47.6249
0.997615 0.00101158 -0.0690176 -2.52651 -0.000644898 0.999986 0.00533501 -0.4727 0.069022 -0.00527777 0.997601 48.61
0.997475 0.00272061 -0.0709596 -2.60137 -0.00263355 0.999996 0.00132047 -0.477603 0.0709629 -0.00113026 0.997478 49.5875
0.997535 0.00317417 -0.0701043 -2.68163 -0.00314889 0.999995 0.000471251 -0.488567 0.0701055 -0.000249338 0.99754 50.5687
0.997483 0.000593462 -0.0708991 -2.73803 -0.000334892 0.999993 0.00365886 -0.503936 0.0709007 -0.00362591 0.997477 51.5505
0.997442 -0.00517815 -0.0712941 -2.81432 0.00562093 0.999966 0.00601139 -0.505106 0.0712606 -0.00639675 0.997437 52.5268
0.997385 -0.00182169 -0.0722545 -2.86283 0.00234721 0.999971 0.00718899 -0.525865 0.0722393 -0.00733979 0.99736 53.4981
0.997504 -0.00347976 -0.0705286 -2.94952 0.00388054 0.999977 0.00554628 -0.538377 0.0705077 -0.00580612 0.997494 54.4597
0.997483 -0.00230458 -0.0708686 -3.01918 0.00264825 0.999985 0.00475575 -0.555368 0.0708566 -0.00493145 0.997474 55.4228
0.997282 -0.00411456 -0.0735658 -3.08424 0.00451088 0.999976 0.00522205 -0.557632 0.0735425 -0.00553971 0.997277 56.3814
0.997392 0.00286774 -0.0721212 -3.15222 -0.00213839 0.999946 0.0101879 -0.583714 0.0721465 -0.0100071 0.997344 57.3426
0.997428 0.000729475 -0.0716697 -3.21979 0.000316276 0.999894 0.0145788 -0.588686 0.0716727 -0.014564 0.997322 58.3044
0.997276 -0.00292192 -0.0737024 -3.27537 0.0041276 0.99986 0.0162117 -0.590289 0.0736447 -0.0164717 0.997149 59.257
0.997135 0.00451447 -0.0755033 -3.35749 -0.00358486 0.999916 0.0124432 -0.591633 0.0755531 -0.0121369 0.997068 60.1972
0.99707 0.00355832 -0.0764071 -3.43623 -0.00320016 0.999983 0.00480937 -0.601091 0.0764229 -0.00455077 0.997065 61.1211
0.997031 0.00534307 -0.0768092 -3.52036 -0.00535502 0.999986 5.03868e-005 -0.60657 0.0768083 0.000361078 0.997046 62.0347
0.996853 0.00508454 -0.079108 -3.58706 -0.0049933 0.999987 0.00135116 -0.615038 0.0791139 -0.000951897 0.996865 62.9461
0.996918 0.00904975 -0.0779222 -3.69418 -0.0087528 0.999953 0.00415156 -0.628002 0.0779561 -0.00345673 0.996951 63.8414
0.996795 0.00577113 -0.0797917 -3.7523 -0.00534399 0.99997 0.00556571 -0.641443 0.0798215 -0.00512147 0.996796 64.7256
0.996644 0.000632293 -0.0818506 -3.83465 -0.000165431 0.999984 0.00571048 -0.650788 0.0818529 -0.00567778 0.996628 65.5934
0.996735 0.00521358 -0.0805787 -3.94053 -0.00476638 0.999972 0.00574115 -0.657025 0.0806064 -0.00533833 0.996732 66.445
0.996423 0.00199123 -0.0844774 -3.99809 -0.00142141 0.999976 0.0068049 -0.663101 0.0844889 -0.00666048 0.996402 67.2895
0.996348 0.000706854 -0.085379 -4.08904 -7.0256e-005 0.999972 0.00745892 -0.675178 0.0853819 -0.00742568 0.996321 68.1162
0.996177 0.000463495 -0.0873512 -4.15344 0.00032622 0.999959 0.00902619 -0.686894 0.0873518 -0.00902019 0.996137 68.9333
0.995958 -0.00162208 -0.0898109 -4.22035 0.00260947 0.999937 0.0108777 -0.689249 0.0897876 -0.0110681 0.995899 69.738
0.996069 0.00561857 -0.0884054 -4.31247 -0.00418751 0.999857 0.0163646 -0.698494 0.0884847 -0.0159301 0.99595 70.5296
0.995684 0.0020132 -0.0927819 -4.3884 -0.000470379 0.999861 0.0166473 -0.68681 0.0928026 -0.0165318 0.995547 71.3053
0.995844 0.00631005 -0.0908588 -4.50469 -0.00511269 0.999897 0.013405 -0.689778 0.090934 -0.0128847 0.995774 72.0526
0.995545 0.00429786 -0.0941851 -4.52674 -0.00370129 0.999972 0.0065077 -0.711493 0.0942105 -0.00613011 0.995533 72.7893
0.99569 0.00482563 -0.0926197 -4.6513 -0.00484002 0.999988 6.92279e-005 -0.703386 0.092619 0.000379352 0.995702 73.4944
0.994643 -0.00411407 -0.103284 -4.53976 0.00384476 0.999989 -0.0028064 -0.680758 0.103294 0.00239427 0.994648 74.2032
0.995547 0.00369543 -0.0941899 -4.79106 -0.00344846 0.99999 0.00278458 -0.718558 0.0941992 -0.00244737 0.99555 74.8655
0.995279 -0.00066588 -0.0970572 -4.8271 0.00121958 0.999983 0.00564564 -0.745664 0.0970518 -0.00573735 0.995263 75.5238
0.995531 -0.00240406 -0.0944056 -4.96636 0.00247376 0.999997 0.000621349 -0.727539 0.0944038 -0.00085211 0.995534 76.1473
0.99521 -0.0133782 -0.0968406 -4.99064 0.0125819 0.999882 -0.00882818 -0.748217 0.0969473 0.00756745 0.995261 76.7529
0.99521 -0.0133782 -0.0968406 -5.01492 0.0125819 0.999882 -0.00882818 -0.768896 0.0969473 0.00756745 0.995261 77.3584
0.995912 -0.008231 -0.0899526 -5.08852 0.00732463 0.999919 -0.0104015 -0.769642 0.0900309 0.00970016 0.995892 77.9385
0.995927 0.00610838 -0.0899611 -5.11168 -0.00672973 0.999956 -0.00660517 -0.785705 0.0899167 0.00718368 0.995923 78.511
0.996562 0.00191329 -0.0828284 -5.19199 -0.00224152 0.99999 -0.00386996 -0.787684 0.0828202 0.00404232 0.996556 79.0632
0.996857 -0.00730262 -0.0788813 -5.2324 0.00733015 0.999973 5.94079e-005 -0.799803 0.0788787 -0.000637433 0.996884 79.6054
0.997511 -0.00949022 -0.0698729 -5.23721 0.00974981 0.999947 0.00337501 -0.815752 0.0698371 -0.00404786 0.99755 80.1379
0.998318 -0.00114917 -0.0579683 -5.294 0.00134431 0.999994 0.00332745 -0.8168 0.0579641 -0.00339978 0.998313 80.648
0.998995 0.00876098 -0.0439667 -5.30166 -0.00862716 0.999958 0.00323231 -0.823341 0.0439931 -0.00284975 0.999028 81.1504
0.999655 0.00899988 -0.0246884 -5.32318 -0.00890873 0.999953 0.00379956 -0.825831 0.0247215 -0.00357831 0.999688 81.6378
0.999988 0.00246414 -0.00419826 -5.30508 -0.00244502 0.999987 0.00455385 -0.83023 0.00420942 -0.00454353 0.999981 82.1125
0.999735 -0.00598203 0.0222461 -5.26927 0.00584229 0.999963 0.00634132 -0.841429 -0.0222832 -0.00620967 0.999732 82.5711
0.998613 -0.00310377 0.0525608 -5.23593 0.00269214 0.999965 0.00790032 -0.84408 -0.0525835 -0.00774786 0.998586 83.0249
0.996539 -0.00307948 0.0830711 -5.15791 0.00223207 0.999945 0.0102919 -0.855761 -0.0830982 -0.0100709 0.99649 83.4689
0.992356 0.00133469 0.123405 -5.09953 -0.00260893 0.999945 0.0101647 -0.853714 -0.123384 -0.0104089 0.992304 83.9023
0.986507 -0.000900267 0.16372 -5.00907 -0.000967993 0.999935 0.0113312 -0.857762 -0.163719 -0.0113368 0.986442 84.3321
0.977572 0.00173256 0.210593 -4.91134 -0.00414052 0.999931 0.0109938 -0.860625 -0.21056 -0.0116192 0.977512 84.7523
0.966195 -0.000287486 0.257813 -4.76027 -0.00233717 0.999949 0.00987396 -0.867923 -0.257802 -0.0101427 0.966144 85.1381
0.950416 -0.000350274 0.310982 -4.60731 -0.00176556 0.999977 0.0065222 -0.866412 -0.310977 -0.00674786 0.950394 85.5239
0.930014 -0.00193822 0.367519 -4.43268 -0.000391456 0.99998 0.00626428 -0.874108 -0.367524 -0.00596973 0.929995 85.8812
0.905988 -0.00176937 0.4233 -4.22287 0.000208505 0.999993 0.00373364 -0.868884 -0.423304 -0.00329437 0.905982 86.2253
0.876432 -0.00134886 0.481523 -3.9963 -0.000311697 0.999994 0.00336855 -0.872797 -0.481525 -0.0031024 0.876427 86.5507
0.843754 -0.0045109 0.536711 -3.75764 0.0036361 0.99999 0.00268837 -0.873541 -0.536718 -0.000316788 0.843762 86.8445
0.806853 -0.00445153 0.590735 -3.49608 0.00283981 0.999989 0.00365677 -0.883924 -0.590745 -0.0012729 0.806857 87.1302
0.767983 -0.00389889 0.640459 -3.22156 0.00113111 0.999988 0.00473124 -0.882705 -0.64047 -0.00290908 0.767978 87.3836
0.724642 -0.00130818 0.689125 -2.92353 -0.00373519 0.999976 0.00582597 -0.882493 -0.689116 -0.00679575 0.724619 87.6323
0.67969 -0.00123864 0.733499 -2.61264 -0.00502168 0.999967 0.00634192 -0.888614 -0.733483 -0.00799393 0.679661 87.8569
0.633346 -0.00592121 0.773846 -2.29656 -0.000343206 0.999968 0.00793232 -0.891074 -0.773869 -0.00528949 0.633324 88.0599
0.588907 -0.0128649 0.808098 -1.9555 0.00493983 0.999912 0.0123187 -0.89793 -0.808185 -0.00326268 0.588919 88.23
0.541567 -0.00877071 0.840612 -1.62336 -0.000203697 0.999944 0.0105644 -0.903895 -0.840658 -0.00589254 0.541535 88.3938
0.493686 -0.00121148 0.869639 -1.27836 -0.00780623 0.999953 0.00582454 -0.90775 -0.869605 -0.0096641 0.493653 88.5543
0.447658 -6.20547e-005 0.894205 -0.92553 -0.00653755 0.999973 0.00334223 -0.910811 -0.894181 -0.00734208 0.447646 88.6971
0.407804 -0.0128871 0.912978 -0.562761 0.00202602 0.999911 0.0132093 -0.914278 -0.913067 -0.00353708 0.407794 88.7999
0.367566 -0.0255533 0.929646 -0.185806 0.00509001 0.999663 0.0254654 -0.908073 -0.929983 -0.0046283 0.367572 88.8921
0.333396 -0.0280866 0.942368 0.193269 -0.0051842 0.999486 0.031623 -0.916266 -0.942773 -0.0154284 0.333079 88.9658
0.299466 -0.0188391 0.953921 0.560968 -0.0174375 0.99953 0.025214 -0.898508 -0.953947 -0.0241848 0.298997 89.0847
0.268412 -0.00851025 0.963267 0.935948 -0.016894 0.999766 0.0135402 -0.89684 -0.963156 -0.0199078 0.268206 89.1867
0.240163 -0.00396714 0.970724 1.31954 -0.0150609 0.999856 0.00781234 -0.901988 -0.970616 -0.0164962 0.240069 89.2748
0.214786 -0.00707934 0.976635 1.71893 -0.00412438 0.999958 0.00815545 -0.909203 -0.976652 -0.0057797 0.214748 89.3364
0.191505 -0.0145458 0.981384 2.12651 5.3345e-005 0.99989 0.0148097 -0.914944 -0.981492 -0.00278377 0.191485 89.3912
0.171234 -0.0201975 0.985023 2.54837 0.00639317 0.999792 0.0193889 -0.90083 -0.98521 0.00297737 0.171328 89.4342
0.151509 -0.020646 0.98824 2.97483 0.00478213 0.999785 0.020154 -0.885811 -0.988444 0.00167239 0.151575 89.4831
0.134622 -0.016359 0.990762 3.42157 -0.00921673 0.9998 0.0177606 -0.878113 -0.990854 -0.0115226 0.134444 89.5397
0.119181 -0.0122757 0.992797 3.88702 -0.0228786 0.999624 0.0151066 -0.878947 -0.992609 -0.0245142 0.118855 89.5924
0.104635 -0.013035 0.994425 4.36062 -0.0237723 0.999596 0.0156041 -0.874528 -0.994226 -0.0252725 0.104283 89.6344
0.091473 -0.0166056 0.995669 4.84749 -0.0191401 0.999647 0.0184304 -0.873229 -0.995624 -0.0207431 0.0911229 89.665
0.0797412 -0.0203218 0.996608 5.34461 -0.0163076 0.999632 0.0216882 -0.870499 -0.996682 -0.0179818 0.0793805 89.6981
0.0695333 -0.0226649 0.997322 5.85912 -0.0158591 0.99959 0.0238221 -0.865734 -0.997454 -0.0174731 0.0691454 89.7225
0.0616681 -0.0247198 0.997791 6.38873 -0.0178156 0.999507 0.0258634 -0.858108 -0.997938 -0.0193712 0.0611973 89.7549
0.056604 -0.0264028 0.998048 6.93391 -0.0211492 0.999394 0.0276379 -0.846898 -0.998173 -0.0226723 0.0560113 89.7853
0.0497856 -0.0255781 0.998432 7.49702 -0.0224003 0.999392 0.0267196 -0.836016 -0.998509 -0.0236954 0.0491823 89.8189
0.0436551 -0.0276408 0.998664 8.08089 -0.0240905 0.999297 0.0287114 -0.821586 -0.998756 -0.0253117 0.0429586 89.8358
0.0382577 -0.0268505 0.998907 8.68256 -0.0250062 0.9993 0.0278188 -0.822172 -0.998955 -0.0260431 0.0375595 89.8845
0.0377548 -0.0321096 0.998771 9.30232 -0.0264486 0.999101 0.03312 -0.799565 -0.998937 -0.0276665 0.0368716 89.8841
0.0327547 -0.029591 0.999025 9.94145 -0.0268263 0.999175 0.030475 -0.791083 -0.999103 -0.0277984 0.0319338 89.9115
0.0309586 -0.0346526 0.99892 10.5964 -0.0306803 0.998895 0.0356025 -0.772378 -0.99905 -0.0317494 0.0298612 89.9138
0.0303622 -0.0342687 0.998951 11.2698 -0.0299678 0.998932 0.0351788 -0.75227 -0.99909 -0.0310045 0.0293028 89.9267
0.0315223 -0.0419116 0.998624 11.9558 -0.036913 0.99839 0.0430669 -0.731471 -0.998821 -0.0382197 0.0299244 89.9451
0.034137 -0.0414648 0.998557 12.662 -0.037168 0.998395 0.0427287 -0.700344 -0.998726 -0.038573 0.032541 89.9732
0.0367137 -0.0422133 0.998434 13.3843 -0.0417326 0.998171 0.0437368 -0.695631 -0.998454 -0.043273 0.0348848 90.0114
0.0434231 -0.0441058 0.998083 14.1232 -0.0412566 0.998094 0.0459013 -0.656059 -0.998205 -0.0431707 0.0415207 90.0116
0.0462375 -0.0442032 0.997952 14.8804 -0.045451 0.997893 0.0463064 -0.626155 -0.997896 -0.047499 0.044131 90.0667
0.0521866 -0.0461581 0.99757 15.6504 -0.0481444 0.997653 0.0486806 -0.590786 -0.997476 -0.0505679 0.0498419 90.1073
0.0556119 -0.0438276 0.99749 16.4355 -0.0471565 0.997806 0.0464705 -0.533339 -0.997338 -0.0496225 0.0534231 90.1471
0.0591927 -0.0418085 0.997371 17.2291 -0.0480165 0.997847 0.0446782 -0.507786 -0.997091 -0.0505349 0.0570578 90.1996
0.0626019 -0.0394744 0.997258 18.0293 -0.0434229 0.998164 0.0422361 -0.475168 -0.997094 -0.0459479 0.0607729 90.2646
0.0669819 -0.0382872 0.997019 18.8336 -0.0376824 0.998453 0.0408738 -0.457934 -0.997042 -0.0403078 0.0654356 90.3085
0.0660202 -0.0301304 0.997363 19.6398 -0.0301648 0.999027 0.0321774 -0.425554 -0.997362 -0.0322096 0.065047 90.3899
0.0684291 -0.0288969 0.997237 20.4541 -0.0295206 0.999084 0.030976 -0.403754 -0.997219 -0.0315587 0.0675134 90.4365
0.0681336 -0.0288939 0.997258 21.2707 -0.0286623 0.999111 0.0309058 -0.394332 -0.997264 -0.0306894 0.0672449 90.5023
0.0680098 -0.0237316 0.997402 22.0904 -0.031313 0.999174 0.0259089 -0.364474 -0.997193 -0.0329937 0.0672105 90.5466
0.0668863 -0.0264293 0.997411 22.9065 -0.0312581 0.999103 0.0285703 -0.362751 -0.997271 -0.0330881 0.0660001 90.6139
0.0692535 -0.0251019 0.997283 23.7233 -0.0259594 0.9993 0.0269553 -0.338894 -0.997261 -0.0277556 0.0685534 90.6756
0.067084 -0.0211948 0.997522 24.5376 -0.0262336 0.999391 0.0229988 -0.336621 -0.997402 -0.0277115 0.0664872 90.7479
0.0684304 -0.0162454 0.997524 25.3499 -0.0242392 0.999545 0.0179411 -0.334885 -0.997361 -0.0254069 0.0680055 90.8025
0.067064 -0.0188998 0.99757 26.1587 -0.0207814 0.999577 0.0203349 -0.331144 -0.997532 -0.0220946 0.0666429 90.878
0.063846 -0.0130886 0.997874 26.9707 -0.0176821 0.999742 0.0142444 -0.326469 -0.997803 -0.0185539 0.0635981 90.9352
0.0585906 -0.00684411 0.998259 27.7798 -0.0172646 0.99982 0.00786812 -0.324864 -0.998133 -0.0176955 0.0584619 90.9988
0.0542354 -0.00742042 0.998501 28.5913 -0.0178873 0.999805 0.00840169 -0.322651 -0.998368 -0.0183161 0.0540921 91.0612
0.047299 -0.00417591 0.998872 29.4037 -0.0147815 0.999879 0.00488005 -0.336317 -0.998771 -0.0149956 0.0472315 91.0946
0.0387783 -0.00313034 0.999243 30.2105 -0.00861465 0.999957 0.00346689 -0.337325 -0.999211 -0.00874257 0.0387497 91.1376
0.0308821 -0.00197767 0.999521 31.013 -0.00302576 0.999993 0.00207209 -0.361638 -0.999518 -0.0030883 0.0308759 91.146
0.0200446 -0.00325932 0.999794 31.8141 -0.00288265 0.99999 0.00331775 -0.359075 -0.999795 -0.00294856 0.020035 91.1827
0.0110494 -0.0047005 0.999928 32.6125 -0.00345713 0.999983 0.00473896 -0.37191 -0.999933 -0.00350924 0.0110329 91.182
-0.00179714 -0.00298553 0.999994 33.4049 -0.00426384 0.999986 0.00297785 -0.377657 -0.999989 -0.00425846 -0.00180984 91.195
-0.0115975 -0.00437526 0.999923 34.1974 -0.00602495 0.999973 0.0043056 -0.390081 -0.999915 -0.00597455 -0.0116236 91.1803
-0.0239471 -0.00254489 0.99971 34.9846 -0.00252874 0.999994 0.00248504 -0.391799 -0.99971 -0.0024685 -0.0239534 91.1729
-0.0342284 -0.00399335 0.999406 35.7645 -0.00310852 0.999988 0.00388921 -0.402472 -0.999409 -0.00297355 -0.0342404 91.1456
-0.0447599 -0.0027347 0.998994 36.5399 -0.00169081 0.999995 0.00266169 -0.413827 -0.998996 -0.00156997 -0.0447643 91.1062
-0.0552186 -0.00330166 0.998469 37.3083 -0.00177383 0.999993 0.0032086 -0.427229 -0.998473 -0.00159394 -0.0552241 91.0618
-0.0647891 -0.00505481 0.997886 38.0687 -0.000728435 0.999987 0.00501815 -0.421421 -0.997899 -0.000401774 -0.0647919 91.0134
-0.0738988 -0.00397248 0.997258 38.8203 -0.0026854 0.999989 0.00378437 -0.444458 -0.997262 -0.00239838 -0.0739087 90.9446
-0.0839384 -0.00685148 0.996447 39.5658 -0.00408296 0.99997 0.00653177 -0.440128 -0.996463 -0.00352019 -0.0839638 90.8888
-0.0920683 -0.00588443 0.995735 40.3033 -0.00470833 0.999974 0.00547414 -0.447124 -0.995742 -0.00418426 -0.0920936 90.8229
-0.0998124 -0.00814855 0.994973 41.0313 -0.00848532 0.999937 0.00733798 -0.4588 -0.99497 -0.00771024 -0.0998753 90.7371
-0.105374 -0.0103969 0.994378 41.7524 -0.0104202 0.999902 0.00935046 -0.465204 -0.994378 -0.00937631 -0.105472 90.6718
-0.108451 -0.0137894 0.994006 42.4631 -0.0127476 0.999841 0.0124795 -0.481984 -0.99402 -0.0113178 -0.10861 90.5652
-0.111651 -0.0135551 0.993655 43.1648 -0.0137504 0.999832 0.0120943 -0.48638 -0.993652 -0.0123129 -0.111818 90.4863
-0.110964 -0.0202574 0.993618 43.8505 -0.0173741 0.999679 0.0184407 -0.495182 -0.993673 -0.015217 -0.11128 90.4015
-0.114437 -0.014377 0.993327 44.5249 -0.0152848 0.999802 0.0127098 -0.499182 -0.993313 -0.0137284 -0.114634 90.3335
-0.110263 -0.018327 0.993734 45.1749 -0.0174053 0.999712 0.016506 -0.520008 -0.99375 -0.0154762 -0.11055 90.2151
-0.10738 -0.0192624 0.994031 45.8142 -0.0146068 0.999735 0.0177951 -0.515982 -0.994111 -0.0126088 -0.107633 90.143
-0.101041 -0.0216807 0.994646 46.4333 -0.0166169 0.99966 0.020102 -0.522227 -0.994743 -0.0144968 -0.101367 90.0625
-0.0938708 -0.0207045 0.995369 47.0369 -0.0193663 0.999633 0.0189668 -0.518968 -0.995396 -0.0174962 -0.0942372 90.0178
-0.0808247 -0.0210286 0.996506 47.6202 -0.0213209 0.999585 0.0193643 -0.516759 -0.9965 -0.0196813 -0.0812395 89.9741
-0.0682027 -0.0191748 0.997487 48.1846 -0.0212626 0.999616 0.0177619 -0.525157 -0.997445 -0.0199977 -0.0685842 89.9587
-0.0505551 -0.019087 0.998539 48.728 -0.0195367 0.999645 0.018119 -0.525811 -0.99853 -0.0185921 -0.0509101 89.9417
-0.0293644 -0.0159243 0.999442 49.2637 -0.0156176 0.999758 0.0154704 -0.535703 -0.999447 -0.0151546 -0.029606 89.9413
-0.00413259 -0.015631 0.999869 49.7918 -0.0133718 0.999789 0.0155745 -0.534288 -0.999902 -0.0133057 -0.00434073 89.9465
0.0228016 -0.0134686 0.999649 50.3146 -0.0114564 0.99984 0.0137325 -0.533675 -0.999674 -0.0117655 0.0226437 89.9858
0.0572802 -0.0128222 0.998276 50.8373 -0.0144066 0.999803 0.0136685 -0.535782 -0.998254 -0.0151647 0.0570841 90.0324
0.0938205 -0.0127623 0.995507 51.3541 -0.0159767 0.99977 0.0143226 -0.532899 -0.995461 -0.0172487 0.093595 90.1093
0.136 -0.0100211 0.990658 51.8588 -0.0185656 0.999747 0.0126618 -0.531548 -0.990535 -0.0201142 0.135779 90.206
0.181563 -0.00487611 0.983367 52.3573 -0.0214736 0.99973 0.00892199 -0.527202 -0.983145 -0.0227364 0.181409 90.3314
0.227913 -0.00294351 0.973677 52.8486 -0.0206653 0.999756 0.00785957 -0.528739 -0.973462 -0.0219126 0.227797 90.4915
0.279597 0.000380714 0.960117 53.3155 -0.0155038 0.999871 0.00411841 -0.524238 -0.959992 -0.016037 0.279567 90.6626
0.334597 -0.00420093 0.942352 53.7784 -0.00775462 0.999944 0.00721108 -0.52062 -0.942329 -0.00972039 0.334546 90.8478
0.398522 0.00119169 0.917158 54.2283 -0.00175804 0.999998 -0.000535425 -0.522675 -0.917157 -0.00139902 0.398523 91.0516
0.511569 -0.010213 0.859182 54.6177 0.00835314 0.999941 0.00691257 -0.528758 -0.859202 0.00364061 0.511624 91.3189
0.511569 -0.010213 0.859182 55.0072 0.00835314 0.999941 0.00691257 -0.534842 -0.859202 0.00364061 0.511624 91.5861
0.568117 0.000467006 0.822948 55.348 -0.00283261 0.999995 0.001388 -0.530212 -0.822943 -0.00311964 0.568116 91.8887
0.619931 -0.00134003 0.784655 55.6658 0.000267659 0.999999 0.00149633 -0.523774 -0.784656 -0.000717601 0.619931 92.245
0.677297 -0.00627462 0.735683 56.0152 0.00535103 0.999979 0.00360243 -0.528816 -0.73569 0.00149675 0.677316 92.5692
0.724852 -0.00385895 0.688894 56.2898 0.00269493 0.999993 0.00276602 -0.530003 -0.6889 -0.000148432 0.724857 92.9307
0.768637 -0.000889295 0.639685 56.5529 -0.00479466 0.999963 0.00715135 -0.534216 -0.639667 -0.00856386 0.768604 93.328
0.809947 0.000327774 0.586503 56.7874 -0.00906942 0.999887 0.0119659 -0.525051 -0.586433 -0.015011 0.809859 93.7449
0.847143 -0.00289011 0.531357 57.0082 -0.00880737 0.999771 0.0194795 -0.528496 -0.531292 -0.0211818 0.846924 94.1445
0.878142 0.00252734 0.478393 57.1985 -0.0140009 0.999693 0.0204188 -0.514403 -0.478195 -0.0246285 0.877908 94.5865
0.903695 -0.000822303 0.428176 57.3795 -0.0123598 0.999531 0.0280058 -0.531416 -0.427998 -0.0306009 0.903261 95.0331
0.923645 0.00483562 0.383219 57.5141 -0.0156813 0.99956 0.0251827 -0.520185 -0.382928 -0.0292693 0.923314 95.4843
0.939692 0.0037474 0.342002 57.6591 -0.0149427 0.999435 0.030106 -0.525311 -0.341696 -0.0334008 0.939217 95.9524
0.951122 0.00868447 0.308694 57.7614 -0.0166586 0.999592 0.0232055 -0.508739 -0.308367 -0.0272136 0.950878 96.4216
0.960836 0.00231887 0.277109 57.879 -0.00933349 0.999668 0.0239973 -0.502453 -0.276961 -0.0256438 0.960539 96.8984
0.96694 -0.00896561 0.254847 57.9941 0.00271172 0.999687 0.0248806 -0.495156 -0.25499 -0.023367 0.966661 97.3773
0.970737 -0.0103896 0.239919 58.1028 0.00439116 0.999665 0.0255228 -0.495427 -0.240104 -0.0237224 0.970457 97.8612
0.973848 -0.00133355 0.227198 58.1983 -0.00421327 0.999705 0.0239273 -0.479118 -0.227163 -0.0242588 0.973554 98.3593
0.975936 0.00751458 0.217926 58.3002 -0.0127857 0.999659 0.0227877 -0.468197 -0.217681 -0.0250257 0.975699 98.8672
0.977177 0.010671 0.212158 58.4004 -0.0151681 0.999693 0.019581 -0.454196 -0.211884 -0.0223521 0.977039 99.383
0.977773 0.00991393 0.209432 58.494 -0.0133182 0.999801 0.0148506 -0.455406 -0.209244 -0.0173098 0.97771 99.9109
0.977977 0.00464947 0.208662 58.6005 -0.00734524 0.999899 0.0121463 -0.455067 -0.208585 -0.0134114 0.977912 100.446
0.977356 -0.00101503 0.211601 58.7174 -0.00103972 0.999953 0.00959899 -0.45782 -0.211601 -0.00960163 0.977309 100.99
0.97653 -0.00725438 0.215259 58.8507 0.00650518 0.99997 0.0041887 -0.449974 -0.215282 -0.00269009 0.976548 101.539
0.975621 -0.00464288 0.219413 58.98 0.00487192 0.999988 -0.000502803 -0.444161 -0.219408 0.00155951 0.975632 102.101
0.974697 0.00422121 0.22349 59.1254 -0.00414152 0.999991 -0.000825304 -0.451326 -0.223491 -0.000121165 0.974706 102.68
0.973312 0.00972626 0.229278 59.2373 -0.0105 0.999943 0.00215482 -0.454392 -0.229244 -0.00450472 0.973359 103.28
0.972811 0.00190437 0.231593 59.3887 -0.00377904 0.999964 0.00765133 -0.454928 -0.23157 -0.0083185 0.972783 103.884
0.971287 -0.00445528 0.23787 59.5352 0.00127755 0.999908 0.0135116 -0.459548 -0.237908 -0.0128198 0.971203 104.5
0.970669 -0.00568256 0.240352 59.6852 0.00129449 0.99983 0.0184108 -0.457767 -0.240416 -0.0175597 0.970511 105.129
0.9698 -0.00756395 0.243784 59.8394 0.00252946 0.999777 0.0209579 -0.458615 -0.243888 -0.0197083 0.969603 105.764
0.969621 -0.0101916 0.244398 59.9997 0.00598602 0.999821 0.0179446 -0.447993 -0.244538 -0.0159365 0.969509 106.406
0.969766 -0.00932413 0.243859 60.167 0.00638829 0.999897 0.0128272 -0.448684 -0.243953 -0.0108816 0.969726 107.051
0.969719 -0.00436863 0.244186 60.3356 0.00301358 0.999978 0.00592259 -0.44028 -0.244206 -0.00500738 0.96971 107.708
0.970555 0.000478163 0.240877 60.4874 -0.000942585 0.999998 0.00181283 -0.435299 -0.240876 -0.00198649 0.970554 108.384
0.971363 6.64021e-005 0.237602 60.658 -0.0016819 0.999977 0.00659646 -0.432898 -0.237596 -0.00680718 0.97134 109.077
0.971594 -0.00307705 0.236634 60.8365 -9.17717e-005 0.99991 0.013379 -0.424471 -0.236654 -0.0130207 0.971507 109.785
0.972114 -0.000256751 0.234509 60.9979 -0.00438728 0.999804 0.0192813 -0.428453 -0.234468 -0.0197724 0.971923 110.506
0.972608 0.00341809 0.232427 61.1763 -0.00772381 0.999815 0.0176175 -0.427655 -0.232324 -0.0189302 0.972454 111.228
0.973014 0.00685628 0.230644 61.3333 -0.00971616 0.999889 0.011266 -0.416686 -0.230541 -0.013203 0.972973 111.96
0.974051 0.00307948 0.226306 61.4992 -0.00478805 0.999964 0.00700131 -0.416916 -0.226276 -0.0079032 0.974031 112.703
0.975051 -0.00386743 0.221946 61.6761 0.00308068 0.999988 0.00389085 -0.404009 -0.221959 -0.00311004 0.975051 113.457
0.975919 -0.00419298 0.218092 61.8465 0.00289689 0.999976 0.00626226 -0.412118 -0.218113 -0.00547967 0.975908 114.227
0.976734 -0.00730809 0.214331 62.0088 0.00550845 0.999944 0.00899261 -0.411352 -0.214385 -0.00760276 0.97672 115.009
0.976965 -0.00359674 0.213368 62.1679 0.00116363 0.999933 0.0115278 -0.415558 -0.213395 -0.011014 0.976904 115.805
0.977662 -0.00509502 0.210124 62.3891 0.00210675 0.999893 0.0144429 -0.409572 -0.210175 -0.0136776 0.977568 116.606
0.977436 -0.00927072 0.211027 62.5567 0.00585041 0.999841 0.0168265 -0.409283 -0.211149 -0.0152123 0.977335 117.42
0.977642 -0.00413192 0.210236 62.752 0.000371772 0.999839 0.0179218 -0.411406 -0.210276 -0.0174429 0.977486 118.237
0.977361 0.00570983 0.211501 62.8788 -0.00897869 0.999855 0.0144984 -0.39143 -0.211387 -0.0160692 0.97727 119.069
0.977214 0.00350328 0.212229 63.0467 -0.00575028 0.999934 0.00997129 -0.383825 -0.21218 -0.0109645 0.977169 119.896
0.976938 0.0115652 0.213211 63.2058 -0.0133024 0.999889 0.00671495 -0.377732 -0.213109 -0.0093963 0.976983 120.73
0.976194 0.0134303 0.216485 63.3824 -0.0150782 0.999869 0.00596176 -0.381957 -0.216376 -0.00908402 0.976268 121.568
0.9754 0.00884093 0.220266 63.545 -0.0107341 0.999915 0.00739942 -0.379357 -0.220182 -0.00958175 0.975412 122.414
0.974963 0.00380044 0.222336 63.7573 -0.00538484 0.999964 0.00652036 -0.38903 -0.222303 -0.00755436 0.974948 123.249
0.97434 -0.00201417 0.22507 63.9187 0.00130069 0.999994 0.00331827 -0.383993 -0.225076 -0.00294038 0.974337 124.098
0.974139 -0.00678226 0.225848 64.1293 0.00552596 0.999966 0.00619433 -0.389314 -0.225882 -0.00478611 0.974143 124.953
0.973282 -0.00856678 0.229454 64.303 0.00790818 0.999962 0.00378971 -0.381484 -0.229478 -0.00187389 0.973312 125.809
0.971782 0.00339897 0.235856 64.4525 -0.00351195 0.999994 5.89496e-005 -0.379816 -0.235854 -0.000885602 0.971788 126.667
0.97311 0.0012652 0.230338 64.675 -0.00313967 0.999965 0.00777154 -0.386458 -0.23032 -0.00828575 0.97308 127.514
0.971642 0.00861549 0.2363 64.8575 -0.0109732 0.999902 0.00866449 -0.390351 -0.236202 -0.0110118 0.971642 128.369
0.972206 0.00556715 0.234063 65.0703 -0.00911687 0.999859 0.0140864 -0.395997 -0.233951 -0.0158288 0.972119 129.213
0.971293 0.0018151 0.237878 65.231 -0.00361531 0.999968 0.00713173 -0.401084 -0.237857 -0.00778701 0.971269 130.045
0.971692 -0.0116367 0.235965 65.4537 0.012961 0.999908 -0.00406202 -0.414075 -0.235896 0.00700537 0.971753 130.852
0.971241 -0.0120488 0.237795 65.6491 0.0156102 0.999792 -0.0130994 -0.424393 -0.237588 0.0164347 0.971227 131.668
0.971764 -0.00465994 0.235911 65.8526 0.0054717 0.999981 -0.00278639 -0.432427 -0.235893 0.00399855 0.971771 132.497
0.972052 -0.00187508 0.234759 66.0573 -0.00223818 0.999849 0.0172536 -0.443552 -0.234755 -0.0172968 0.971901 133.342
0.972137 -0.000599587 0.234414 66.2409 -0.00707165 0.999467 0.0318832 -0.448413 -0.234309 -0.0326525 0.971614 134.184
0.972161 0.00383861 0.234282 66.4233 -0.00996891 0.999638 0.0249876 -0.445088 -0.234101 -0.0266275 0.971847 134.997
0.972391 0.00526867 0.233299 66.5888 -0.00749001 0.999935 0.00863655 -0.434399 -0.233238 -0.0101455 0.972367 135.799
0.972748 0.000722851 0.231862 66.7692 -0.0010391 0.999999 0.00124185 -0.434169 -0.231861 -0.00144893 0.972748 136.603
0.973374 -0.00590049 0.229147 66.9767 0.0059465 0.999982 0.000489716 -0.426008 -0.229146 0.000885947 0.973392 137.406
0.973431 -0.00327421 0.228956 67.1317 0.00275267 0.999993 0.0025972 -0.44184 -0.228963 -0.00189796 0.973433 138.224
0.97429 -0.000778221 0.225298 67.3156 0.000635503 1 0.000705984 -0.453778 -0.225299 -0.000544655 0.97429 139.025
0.97439 0.0031694 0.224841 67.4968 -0.0026493 0.999993 -0.00261488 -0.458797 -0.224847 0.00195225 0.974392 139.823
0.974922 0.00784655 0.222406 67.6554 -0.00736311 0.999968 -0.0030028 -0.480954 -0.222423 0.00128989 0.974949 140.639
0.975371 0.00709265 0.220459 67.8122 -0.00596284 0.999965 -0.00578984 -0.479942 -0.220492 0.00433268 0.975379 141.426
0.976122 0.00646167 0.217127 67.9716 -0.00607552 0.999979 -0.00244597 -0.517098 -0.217138 0.0010684 0.97614 142.23
0.976208 0.00142006 0.216833 68.1742 -0.00165384 0.999998 0.000896694 -0.504449 -0.216831 -0.00123397 0.976208 143.026
0.976785 -0.00321259 0.214196 68.3587 0.00299896 0.999995 0.00132231 -0.514054 -0.214199 -0.00064925 0.97679 143.818
0.976886 -0.0038705 0.213728 68.5151 0.00454522 0.999986 -0.00266562 -0.515507 -0.213714 0.00357544 0.97689 144.613
0.978466 -0.0102329 0.206156 68.6926 0.0111873 0.999931 -0.00346441 -0.527035 -0.206107 0.00569614 0.978513 145.396
0.979278 -0.00631122 0.202424 68.8418 0.0076421 0.999954 -0.00579387 -0.534636 -0.202378 0.00722075 0.979281 146.193
0.980865 -0.00301825 0.194666 69.0113 0.00296381 0.999995 0.000570901 -0.547623 -0.194667 1.69763e-005 0.980869 146.991
0.981921 -0.00153868 0.189282 69.1395 -0.000174074 0.999959 0.00903171 -0.567048 -0.189289 -0.00890138 0.981881 147.8
0.982652 -0.000689456 0.185455 69.2798 -0.00265305 0.999839 0.0177745 -0.563625 -0.185437 -0.0179581 0.982492 148.605
0.983446 0.00458262 0.181142 69.4271 -0.00831307 0.999769 0.0198402 -0.559034 -0.181009 -0.0210177 0.983257 149.403
0.984044 0.0081446 0.177741 69.5421 -0.0107462 0.999849 0.0136793 -0.559278 -0.177602 -0.0153711 0.983982 150.197
0.985468 8.49811e-005 0.169858 69.6747 -0.000792349 0.999991 0.00409668 -0.563026 -0.169856 -0.00417173 0.98546 150.983
0.986544 -0.00801393 0.163297 69.808 0.00829556 0.999965 -0.00104279 -0.567373 -0.163283 0.0023834 0.986576 151.778
0.987504 -0.00541561 0.157502 69.9157 0.0055001 0.999985 -0.000100601 -0.567531 -0.1575 0.000965624 0.987519 152.586
0.988608 0.00639301 0.150379 70.0304 -0.00685017 0.999973 0.00252224 -0.58392 -0.150359 -0.00352363 0.988625 153.4
0.989643 0.0123715 0.143015 70.1141 -0.0123747 0.999923 -0.000867567 -0.587191 -0.143014 -0.000911176 0.98972 154.214
0.9911 0.00685428 0.132941 70.2185 -0.00603088 0.99996 -0.00659546 -0.601461 -0.132981 0.00573501 0.991102 155.02
0.99203 0.000208712 0.126005 70.3015 0.000993977 0.999955 -0.00948185 -0.612385 -0.126001 0.00953152 0.991984 155.832
0.993134 -0.00047158 0.116977 70.3946 0.00130285 0.999974 -0.0070299 -0.622267 -0.116971 0.00713404 0.99311 156.649
0.993854 0.00676056 0.110493 70.4677 -0.00671478 0.999977 -0.000786437 -0.639177 -0.110496 3.96653e-005 0.993877 157.474
0.994889 0.00574734 0.100813 70.5402 -0.00625163 0.999969 0.004687 -0.650063 -0.100783 -0.00529329 0.994894 158.302
0.995559 0.00365594 0.0940683 70.6027 -0.00439085 0.999961 0.00760676 -0.657949 -0.0940369 -0.00798602 0.995537 159.125
0.996189 -0.000169169 0.0872262 70.6779 -0.000653312 0.999956 0.00940065 -0.663546 -0.0872239 -0.00942181 0.996144 159.945
0.996461 -0.000270552 0.0840552 70.7275 -0.000364833 0.999971 0.00754369 -0.672423 -0.0840549 -0.00754766 0.996433 160.768
0.996861 0.00379385 0.079086 70.791 -0.00392721 0.999991 0.00153068 -0.682037 -0.0790795 -0.00183647 0.996867 161.586
0.997074 0.00856147 0.0759585 70.8274 -0.00818331 0.999953 -0.00528845 -0.687585 -0.0760001 0.00465138 0.997097 162.404
0.997308 0.00632515 0.0730531 70.8739 -0.0057711 0.999953 -0.00779281 -0.694938 -0.073099 0.00735023 0.997298 163.22
0.997573 0.00317133 0.0695625 70.9238 -0.00302214 0.999993 -0.00224976 -0.700912 -0.0695691 0.00203407 0.997575 164.054
0.997724 0.00585309 0.0671726 70.9771 -0.00638451 0.99995 0.00769927 -0.712067 -0.0671241 -0.00811061 0.997712 164.893
0.997965 0.00454449 0.0635947 71.0196 -0.00547999 0.999879 0.0145436 -0.718691 -0.063521 -0.0148625 0.99787 165.728
0.99822 -0.00255327 0.0595805 71.0521 0.00189115 0.999936 0.0111668 -0.724194 -0.0596052 -0.0110342 0.998161 166.551
0.998464 -0.0159821 0.0530495 71.112 0.0159252 0.999872 0.00149592 -0.722887 -0.0530666 -0.0006488 0.998591 167.364
0.998787 -0.0158365 0.0466192 71.1624 0.0160255 0.999865 -0.00368199 -0.722938 -0.0465546 0.00442462 0.998906 168.181
0.999202 0.000945015 0.0399194 71.1819 -0.00084653 0.999997 -0.00248392 -0.732583 -0.0399216 0.00244815 0.9992 169.009
0.999495 0.00296205 0.03164 71.209 -0.00307114 0.99999 0.00339974 -0.745843 -0.0316296 -0.0034952 0.999494 169.843
0.999688 -0.00713842 0.0239191 71.2384 0.00696664 0.999949 0.00725731 -0.736964 -0.0239697 -0.00708841 0.999688 170.679
0.999752 -0.012874 0.0181593 71.2671 0.0126719 0.999857 0.0111958 -0.747069 -0.0183009 -0.010963 0.999772 171.52
0.999833 -0.0144415 0.0112043 71.267 0.0143269 0.999845 0.0102488 -0.738452 -0.0113506 -0.0100866 0.999885 172.363
0.999965 -0.00624126 0.00559526 71.2782 0.00621994 0.999973 0.00381939 -0.757608 -0.00561895 -0.00378445 0.999977 173.2
0.999924 -0.0122422 -0.00138407 71.276 0.0122321 0.9999 -0.00712233 -0.762196 0.00147113 0.00710486 0.999974 174.029
0.999799 -0.0184168 -0.00795624 71.2773 0.0183278 0.99977 -0.0111189 -0.770055 0.00815919 0.0109708 0.999907 174.861
0.999869 -0.006744 -0.0147403 71.2776 0.00668722 0.99997 -0.00389762 -0.789922 0.0147662 0.00379854 0.999884 175.714
0.99973 0.0131018 -0.0191852 71.2155 -0.0129172 0.999869 0.00971384 -0.789128 0.0193099 -0.0094634 0.999769 176.574
0.999591 0.0152152 -0.0241947 71.1907 -0.0147946 0.999738 0.0174665 -0.80221 0.0244541 -0.0171014 0.999555 177.429
0.99961 0.00499862 -0.0274594 71.1634 -0.00460041 0.999884 0.0145458 -0.801204 0.027529 -0.0144138 0.999517 178.274
0.999561 0.00154735 -0.0295999 71.1328 -0.00144679 0.999993 0.00341821 -0.806241 0.029605 -0.00337388 0.999556 179.111
0.999393 0.0137197 -0.0320332 71.0779 -0.0138941 0.99989 -0.00523022 -0.80889 0.0319579 0.00567211 0.999473 179.949
0.999361 0.00906361 -0.0345877 71.0416 -0.0093869 0.999914 -0.00919608 -0.821126 0.0345014 0.00951487 0.999359 180.796
0.999302 -0.00731072 -0.0366343 71.0203 0.00715318 0.999965 -0.00442946 -0.830605 0.0366653 0.00416432 0.999319 181.654
0.999312 -0.00641207 -0.0365421 70.9878 0.00657345 0.999969 0.00429806 -0.844257 0.0365134 -0.00453531 0.999323 182.517
0.999336 -4.88808e-005 -0.0364326 70.9516 0.000397328 0.999954 0.00955698 -0.847973 0.0364305 -0.00956511 0.99929 183.381
0.999298 0.00269492 -0.0373718 70.913 -0.00236049 0.999957 0.00898995 -0.854959 0.0373944 -0.00889542 0.999261 184.236
0.999171 -0.00352872 -0.0405487 70.8774 0.0035099 0.999994 -0.0005354 -0.86503 0.0405504 0.000392635 0.999177 185.086
0.999026 -0.0123856 -0.0423625 70.8546 0.0118531 0.999848 -0.0127982 -0.877474 0.0425146 0.0122836 0.99902 185.931
0.998818 -0.020495 -0.0440643 70.8518 0.0197547 0.999657 -0.0171699 -0.895052 0.0444011 0.0162791 0.998881 186.78
0.998846 -0.0106492 -0.0468414 70.8068 0.0100379 0.999862 -0.0132664 -0.903554 0.0469762 0.0127809 0.998814 187.642
0.998824 0.00468485 -0.0482635 70.7554 -0.00480545 0.999986 -0.0023831 -0.920746 0.0482516 0.00261223 0.998832 188.504
0.998749 0.00560783 -0.049691 70.7139 -0.00554109 0.999984 0.00148074 -0.941223 0.0496985 -0.00120355 0.998764 189.354
0.998713 -0.000102172 -0.0507235 70.6571 -1.69448e-005 0.999997 -0.00234792 -0.954182 0.0507236 0.00234576 0.99871 190.192
0.998725 0.000244509 -0.0504853 70.6195 -0.000692649 0.999961 -0.00885933 -0.967318 0.0504812 0.00888301 0.998686 191.029
0.998658 0.00466383 -0.0515732 70.5661 -0.0051868 0.999936 -0.0100111 -0.977431 0.0515233 0.0102652 0.998619 191.868
