1 -8.22789e-007 -0.00085052 -0.0332714 -8.22789e-007 0.999998 -0.00193479 -0.0106501 0.00085052 0.00193479 0.999998 0.665833
1 -1.71017e-006 -0.000963462 -0.102903 -1.71017e-006 0.999994 -0.00355004 -0.0155367 0.000963462 0.00355004 0.999993 1.32564
0.99995 -2.10532e-005 -0.00997822 -0.112149 -2.10532e-005 0.999991 -0.00421972 -0.0328396 0.00997822 0.00421972 0.999941 1.99822
0.99995 -2.10532e-005 -0.00997822 -0.121396 -2.10532e-005 0.999991 -0.00421972 -0.0501425 0.00997822 0.00421972 0.999941 2.67081
0.999898 -2.95819e-005 -0.0142756 -0.135179 -2.95819e-005 0.999991 -0.00414417 -0.0603854 0.0142756 0.00414417 0.99989 3.43743
0.999864 -4.49715e-005 -0.0164619 -0.179493 -4.49715e-005 0.999985 -0.00546328 -0.0665818 0.0164619 0.00546328 0.99985 4.16951
0.999772 -6.36651e-005 -0.0213636 -0.213697 -6.36651e-005 0.999982 -0.00595942 -0.0739049 0.0213636 0.00595942 0.999754 4.94047
0.999685 -5.12804e-005 -0.0250781 -0.246925 -5.12804e-005 0.999992 -0.00408901 -0.0848313 0.0250781 0.00408901 0.999677 5.74029
0.999581 -2.70582e-005 -0.0289337 -0.273502 -2.70582e-005 0.999998 -0.00186997 -0.0880903 0.0289337 0.00186997 0.99958 6.51929
0.999524 1.22319e-005 -0.0308623 -0.323036 1.22319e-005 1 0.000792484 -0.0974852 0.0308623 -0.000792484 0.999523 7.3329
0.999451 4.4038e-006 -0.0331204 -0.366243 4.4038e-006 1 0.000265854 -0.103711 0.0331204 -0.000265854 0.999451 8.16658
0.99946 4.08799e-006 -0.0328653 -0.435311 4.08799e-006 1 0.000248705 -0.110483 0.0328653 -0.000248705 0.99946 8.98654
0.999384 -6.03233e-006 -0.0350844 -0.459913 -6.03233e-006 1 -0.000343769 -0.117114 0.0350844 0.000343769 0.999384 9.815
0.999272 2.28656e-005 -0.0381511 -0.466319 2.28656e-005 0.999999 0.00119825 -0.133252 0.0381511 -0.00119825 0.999271 10.6186
0.999082 2.55762e-005 -0.0428368 -0.459382 2.55762e-005 0.999999 0.00119358 -0.145086 0.0428368 -0.00119358 0.999081 11.455
0.999042 -1.80446e-005 -0.0437698 -0.51483 -1.80446e-005 1 -0.000824126 -0.15422 0.0437698 0.000824126 0.999041 12.2718
0.999033 -7.38507e-005 -0.0439698 -0.56703 -7.38507e-005 0.999994 -0.00335752 -0.162943 0.0439698 0.00335752 0.999027 13.0968
0.999019 -0.000106422 -0.0442804 -0.632203 -0.000106422 0.999988 -0.00480433 -0.171046 0.0442804 0.00480433 0.999008 13.9248
0.998941 -8.37714e-005 -0.0460119 -0.667807 -8.37714e-005 0.999993 -0.00363935 -0.190998 0.0460119 0.00363935 0.998934 14.7624
0.99883 -6.52058e-005 -0.0483554 -0.688112 -6.52058e-005 0.999996 -0.00269536 -0.20031 0.0483554 0.00269536 0.998827 15.5924
0.998754 -2.80549e-005 -0.0498952 -0.73604 -2.80549e-005 0.999999 -0.00112385 -0.209193 0.0498952 0.00112385 0.998754 16.4467
0.998706 -2.56661e-005 -0.0508535 -0.755374 -2.56661e-005 0.999999 -0.00100876 -0.223667 0.0508535 0.00100876 0.998706 17.2553
0.998622 -4.44998e-005 -0.0524801 -0.801122 -4.44998e-005 0.999999 -0.0016947 -0.235315 0.0524801 0.0016947 0.998621 18.0828
0.998515 -6.79602e-005 -0.0544834 -0.834334 -6.79602e-005 0.999997 -0.00249286 -0.248185 0.0544834 0.00249286 0.998512 18.9279
0.99849 -4.45677e-005 -0.0549377 -0.882688 -4.45677e-005 0.999999 -0.00162126 -0.253279 0.0549377 0.00162126 0.998488 19.7654
0.998487 5.22866e-005 -0.0549839 -0.927196 5.22866e-005 0.999998 0.00190045 -0.265468 0.0549839 -0.00190045 0.998485 20.584
0.998402 0.000161316 -0.056513 -0.941034 0.000161316 0.999984 0.00570438 -0.290246 0.056513 -0.00570438 0.998386 21.4545
0.998554 0.000221709 -0.0537637 -1.00827 0.000221709 0.999966 0.00824144 -0.287182 0.0537637 -0.00824144 0.99852 22.3578
0.998765 0.000161 -0.0496889 -1.03569 0.000161 0.999979 0.00647624 -0.296325 0.0496889 -0.00647624 0.998744 23.2496
0.998765 0.000161 -0.0496889 -1.06312 0.000161 0.999979 0.00647624 -0.305467 0.0496889 -0.00647624 0.998744 24.1414
0.998923 3.56754e-005 -0.0463925 -1.14696 3.56754e-005 0.999999 0.00153715 -0.30197 0.0463925 -0.00153715 0.998922 25.0568
0.998996 -3.71412e-005 -0.0448076 -1.19135 -3.71412e-005 0.999999 -0.00165697 -0.304554 0.0448076 0.00165697 0.998994 25.9576
0.999022 -1.25099e-005 -0.0442078 -1.2261 -1.25099e-005 1 -0.000565685 -0.3201 0.0442078 0.000565685 0.999022 26.8447
0.998984 0.000100177 -0.0450647 -1.25863 0.000100177 0.99999 0.00444366 -0.330421 0.0450647 -0.00444366 0.998974 27.7521
0.998985 0.000172206 -0.0450382 -1.30422 0.000172206 0.999971 0.00764311 -0.337157 0.0450382 -0.00764311 0.998956 28.6536
0.998906 0.000157909 -0.046756 -1.3293 0.000157909 0.999977 0.00675084 -0.35 0.046756 -0.00675084 0.998884 29.5752
0.998835 6.7142e-005 -0.0482594 -1.37046 6.7142e-005 0.999996 0.00278092 -0.354125 0.0482594 -0.00278092 0.998831 30.4842
0.99873 -1.93395e-005 -0.0503889 -1.40884 -1.93395e-005 1 -0.000767122 -0.364332 0.0503889 0.000767122 0.998729 31.3704
0.998623 -4.09907e-005 -0.0524679 -1.45587 -4.09907e-005 0.999999 -0.00156143 -0.371223 0.0524679 0.00156143 0.998621 32.2326
0.998594 -1.25352e-005 -0.0530074 -1.53567 -1.25352e-005 1 -0.000472627 -0.370704 0.0530074 0.000472627 0.998594 33.1563
0.998523 7.29233e-005 -0.0543276 -1.5779 7.29233e-005 0.999996 0.00268259 -0.385154 0.0543276 -0.00268259 0.99852 34.016
0.998537 0.000115365 -0.0540739 -1.64341 0.000115365 0.999991 0.0042638 -0.396681 0.0540739 -0.0042638 0.998528 34.9053
0.998512 0.000182414 -0.0545309 -1.70146 0.000182414 0.999978 0.00668524 -0.398861 0.0545309 -0.00668524 0.99849 35.815
0.998525 0.000255954 -0.0542945 -1.75303 0.000255954 0.999956 0.00942121 -0.399858 0.0542945 -0.00942121 0.998481 36.7424
0.998414 0.000331455 -0.0563007 -1.80261 0.000331455 0.999931 0.0117647 -0.398443 0.0563007 -0.0117647 0.998345 37.7047
0.998568 0.000315277 -0.0534904 -1.91601 0.000315277 0.999931 0.0117793 -0.404324 0.0534904 -0.0117793 0.998499 38.707
0.998548 0.000219392 -0.0538719 -1.97383 0.000219392 0.999967 0.0081389 -0.408378 0.0538719 -0.0081389 0.998515 39.6827
0.998548 0.000219392 -0.0538719 -2.03166 0.000219392 0.999967 0.0081389 -0.412431 0.0538719 -0.0081389 0.998515 40.6584
0.998415 0.000225883 -0.0562779 -2.07581 0.000225883 0.999968 0.00802094 -0.414823 0.0562779 -0.00802094 0.998383 41.6088
0.998204 0.000268666 -0.0599138 -2.09533 0.000268666 0.99996 0.00896019 -0.418528 0.0599138 -0.00896019 0.998163 42.5844
0.998054 0.000318099 -0.0623557 -2.14247 0.000318099 0.999948 0.0101925 -0.42808 0.0623557 -0.0101925 0.998002 43.5296
0.998051 0.000208619 -0.0624054 -2.22234 0.000208619 0.999978 0.00667934 -0.433136 0.0624054 -0.00667934 0.998029 44.507
0.998046 7.51543e-005 -0.0624885 -2.31081 7.51543e-005 0.999997 0.00240303 -0.425215 0.0624885 -0.00240303 0.998043 45.4691
0.998029 3.9685e-005 -0.0627569 -2.37087 3.9685e-005 0.999999 0.00126347 -0.432442 0.0627569 -0.00126347 0.998028 46.3614
0.99795 0.000151631 -0.063996 -2.40857 0.000151631 0.999989 0.00473387 -0.443494 0.063996 -0.00473387 0.997939 47.261
0.997961 0.000248464 -0.063824 -2.47489 0.000248464 0.99997 0.00777784 -0.453274 0.063824 -0.00777784 0.997931 48.1737
0.997925 0.000274974 -0.0643855 -2.53229 0.000274974 0.999964 0.00853247 -0.461417 0.0643855 -0.00853247 0.997889 49.1059
0.997929 0.000246426 -0.0643318 -2.59091 0.000246426 0.999971 0.00765304 -0.475395 0.0643318 -0.00765304 0.997899 50.0023
0.997947 0.00019072 -0.0640505 -2.65544 0.00019072 0.999982 0.00594912 -0.482153 0.0640505 -0.00594912 0.997929 50.8986
0.997999 0.000205235 -0.063224 -2.7368 0.000205235 0.999979 0.00648574 -0.482165 0.063224 -0.00648574 0.997978 51.7827
0.998042 0.000310071 -0.0625391 -2.82628 0.000310071 0.999951 0.00990613 -0.482592 0.0625391 -0.00990613 0.997993 52.6924
0.997951 0.000457619 -0.0639738 -2.86775 0.000457619 0.999898 0.0142911 -0.484022 0.0639738 -0.0142911 0.997849 53.5825
0.997824 0.000533005 -0.0659277 -2.92013 0.000533005 0.999869 0.0161507 -0.481895 0.0659277 -0.0161507 0.997694 54.5178
0.99776 0.00040909 -0.0668918 -2.99628 0.00040909 0.999925 0.0122172 -0.48563 0.0668918 -0.0122172 0.997685 55.4396
0.997673 0.000169886 -0.068185 -3.06265 0.000169886 0.999988 0.00497726 -0.493539 0.068185 -0.00497726 0.99766 56.3416
0.997619 1.63604e-005 -0.0689658 -3.12715 1.63604e-005 1 0.000473885 -0.508008 0.0689658 -0.000473885 0.997619 57.2145
0.997546 5.48282e-005 -0.070016 -3.19265 5.48282e-005 0.999999 0.00156424 -0.511522 0.070016 -0.00156424 0.997545 58.0685
0.99747 0.000150164 -0.0710875 -3.26139 0.000150164 0.999991 0.00421939 -0.525337 0.0710875 -0.00421939 0.997461 58.93
0.997337 0.000204519 -0.0729288 -3.31238 0.000204519 0.999984 0.00560121 -0.536569 0.0729288 -0.00560121 0.997321 59.7649
0.997264 0.000211741 -0.0739212 -3.38872 0.000211741 0.999984 0.00572095 -0.545407 0.0739212 -0.00572095 0.997248 60.6049
0.997057 0.000278732 -0.076662 -3.46581 0.000278732 0.999974 0.00726091 -0.565637 0.076662 -0.00726091 0.997031 61.4023
0.99687 0.000301291 -0.0790591 -3.52398 0.000301291 0.999971 0.00760988 -0.571831 0.0790591 -0.00760988 0.996841 62.2295
0.996755 0.000330609 -0.0804995 -3.59352 0.000330609 0.999966 0.00820048 -0.582512 0.0804995 -0.00820048 0.996721 63.05
0.996714 0.000365894 -0.0809991 -3.67322 0.000365894 0.999959 0.00901948 -0.586513 0.0809991 -0.00901948 0.996673 63.8578
0.996578 0.000497861 -0.0826572 -3.73872 0.000497861 0.999928 0.0120254 -0.591203 0.0826572 -0.0120254 0.996505 64.647
0.996642 0.000654121 -0.0818833 -3.83532 0.000654121 0.999873 0.0159491 -0.589559 0.0818833 -0.0159491 0.996514 65.4493
0.996533 0.000734016 -0.0831948 -3.92659 0.000734016 0.999845 0.0176138 -0.581408 0.0831948 -0.0176138 0.996378 66.2812
0.996739 0.000544965 -0.0806908 -4.07201 0.000544965 0.999909 0.0134848 -0.579883 0.0806908 -0.0134848 0.996648 67.0788
0.996498 2.20949e-005 -0.0836156 -4.1305 2.20949e-005 1 0.000527563 -0.589307 0.0836156 -0.000527563 0.996498 67.8384
0.996498 2.20949e-005 -0.0836156 -4.189 2.20949e-005 1 0.000527563 -0.598732 0.0836156 -0.000527563 0.996498 68.598
0.996189 3.13363e-005 -0.0872251 -4.18721 3.13363e-005 1 0.000717147 -0.624008 0.0872251 -0.000717147 0.996188 69.2413
0.996005 0.00026641 -0.0892959 -4.26039 0.00026641 0.999982 0.00595493 -0.627522 0.0892959 -0.00595493 0.995987 69.9332
0.996005 0.00026641 -0.0892959 -4.33356 0.00026641 0.999982 0.00595493 -0.631036 0.0892959 -0.00595493 0.995987 70.6251
0.995975 0.000116679 -0.0896359 -4.40027 0.000116679 0.999997 0.00259816 -0.643715 0.0896359 -0.00259816 0.995971 71.2798
0.996044 -0.000359673 -0.0888599 -4.43815 -0.000359673 0.999967 -0.00807914 -0.657488 0.0888599 0.00807914 0.996011 71.8806
0.996044 -0.000359673 -0.0888599 -4.47603 -0.000359673 0.999967 -0.00807914 -0.671262 0.0888599 0.00807914 0.996011 72.4815
0.99624 -0.000358015 -0.0866409 -4.51657 -0.000358015 0.999966 -0.00824866 -0.679509 0.0866409 0.00824866 0.996205 73.0279
0.99645 -0.00019517 -0.084183 -4.55123 -0.00019517 0.999989 -0.00462854 -0.696706 0.084183 0.00462854 0.99644 73.5712
0.996953 -0.000103773 -0.0780025 -4.62209 -0.000103773 0.999996 -0.0026567 -0.689966 0.0780025 0.0026567 0.99695 74.1521
0.997503 4.52381e-005 -0.0706267 -4.69293 4.52381e-005 0.999999 0.00127945 -0.700635 0.0706267 -0.00127945 0.997502 74.7253
0.998058 0.000142876 -0.0622891 -4.72064 0.000142876 0.999989 0.00458303 -0.714299 0.0622891 -0.00458303 0.998048 75.2597
0.999339 7.9548e-005 -0.0363623 -4.7449 7.9548e-005 0.99999 0.00437383 -0.719733 0.0363623 -0.00437383 0.999329 75.7599
0.999339 7.9548e-005 -0.0363623 -4.76917 7.9548e-005 0.99999 0.00437383 -0.725167 0.0363623 -0.00437383 0.999329 76.2602
0.999843 4.61073e-005 -0.0177051 -4.78384 4.61073e-005 0.999986 0.00520791 -0.730351 0.0177051 -0.00520791 0.99983 76.7666
0.999989 -1.46356e-005 0.00478609 -4.77534 -1.46356e-005 0.999981 0.00611579 -0.733915 -0.00478609 -0.00611579 0.99997 77.2391
0.999521 -0.000117145 0.0309343 -4.74216 -0.000117145 0.999971 0.00757185 -0.742777 -0.0309343 -0.00757185 0.999493 77.7157
0.998161 -0.000289318 0.0606199 -4.70061 -0.000289318 0.999954 0.0095363 -0.748119 -0.0606199 -0.0095363 0.998115 78.1658
0.99567 -0.000536921 0.0929569 -4.62819 -0.000536921 0.999933 0.0115266 -0.755861 -0.0929569 -0.0115266 0.995603 78.6335
0.991446 -0.000819985 0.130513 -4.54414 -0.000819985 0.999921 0.0125113 -0.761576 -0.130513 -0.0125113 0.991368 79.1028
0.984866 -0.00109866 0.173314 -4.46389 -0.00109866 0.99992 0.0125818 -0.761084 -0.173314 -0.0125818 0.984786 79.5397
0.975709 -0.00141443 0.219065 -4.35419 -0.00141443 0.999918 0.0127559 -0.763031 -0.219065 -0.0127559 0.975627 79.9691
