0.999988 -0.0027938 -0.00398654 0.00880003 0.00278629 0.999994 -0.00188774 -0.00900413 0.00399179 0.00187661 0.99999 0.670853
0.999976 -0.00302217 -0.0062819 -0.00334815 0.00299809 0.999988 -0.00383816 -0.0106233 0.00629343 0.00381923 0.999973 1.33034
0.99994 -0.00145235 -0.010819 -0.023403 0.00139709 0.999986 -0.00511387 -0.00932822 0.0108262 0.00509845 0.999928 1.97902
0.99984 0.00326515 -0.0176074 -0.0284089 -0.00335942 0.99998 -0.00532693 -0.0195959 0.0175897 0.00538523 0.999831 2.66849
0.999774 0.00292948 -0.0210579 -0.0485309 -0.0030495 0.999979 -0.00566927 -0.0299947 0.0210408 0.0057322 0.999762 3.34379
0.999682 0.00447882 -0.0247976 -0.0724295 -0.00466202 0.999962 -0.00733488 -0.0324644 0.0247638 0.00744816 0.999666 4.0813
0.999505 0.000957461 -0.03146 -0.092598 -0.00120245 0.999969 -0.00776927 -0.0392494 0.0314516 0.00780325 0.999475 4.78407
0.999412 0.00415134 -0.0340396 -0.144933 -0.00434037 0.999976 -0.00548124 -0.0485499 0.034016 0.00562576 0.999405 5.57336
0.99924 0.00192293 -0.0389281 -0.171575 -0.00206977 0.999991 -0.00373214 -0.058816 0.0389206 0.00380988 0.999235 6.3504
0.999064 -0.00359544 -0.0430994 -0.201975 0.00357458 0.999993 -0.000560945 -0.0685166 0.0431012 0.000406358 0.999071 7.0726
0.999011 0.00171463 -0.0444277 -0.251063 -0.00176385 0.999998 -0.00106889 -0.0767112 0.0444258 0.0011462 0.999012 7.85568
0.998885 0.00347353 -0.0470819 -0.274686 -0.00356032 0.999992 -0.00175961 -0.0806939 0.0470754 0.00192527 0.998889 8.67512
0.99888 0.0020648 -0.0472743 -0.341667 -0.00215315 0.999996 -0.0018181 -0.0939192 0.0472703 0.00191785 0.99888 9.48007
0.998766 -0.00289667 -0.0495703 -0.374576 0.00283431 0.999995 -0.00132814 -0.0965702 0.0495739 0.001186 0.99877 10.3071
0.998728 -0.00347248 -0.0503047 -0.430509 0.00340058 0.999993 -0.00151481 -0.111924 0.0503096 0.00134181 0.998733 11.1174
0.998516 -0.00116054 -0.054438 -0.47011 0.000943746 0.999992 -0.00400795 -0.12105 0.0544422 0.00395063 0.998509 11.9427
0.998548 0.000266103 -0.0538687 -0.519709 -0.000619732 0.999978 -0.00654805 -0.126403 0.0538658 0.00657193 0.998527 12.6657
0.998475 0.0104586 -0.0542022 -0.58585 -0.0109158 0.999907 -0.00814677 -0.141924 0.054112 0.00872601 0.998497 13.5211
0.998384 0.0049711 -0.0566131 -0.632433 -0.0053985 0.999958 -0.00739912 -0.150196 0.056574 0.00769278 0.998369 14.3497
0.998084 0.00633328 -0.0615453 -0.646714 -0.00671515 0.999959 -0.00599983 -0.165761 0.0615048 0.00640162 0.998086 15.1504
0.99839 -0.0373982 -0.0426563 -1.02284 0.0376794 0.999273 0.00580707 -0.228558 0.0424081 -0.00740498 0.999073 15.9529
0.998145 -0.000981391 -0.0608739 -0.845851 0.000712765 0.99999 -0.00443438 -0.20161 0.0608777 0.00438276 0.998136 16.7762
0.997846 -0.000359075 -0.0656016 -0.901406 -2.71723e-005 0.999983 -0.00588679 -0.217947 0.0656026 0.00587589 0.997829 17.6936
0.99858 -0.000685666 -0.0532739 -1.0798 0.000626923 0.999999 -0.00111937 -0.240902 0.0532747 0.00108438 0.998579 18.4015
0.997941 -0.00516877 -0.0639241 -1.05374 0.00493121 0.99998 -0.00387352 -0.221797 0.0639428 0.00355032 0.997947 19.405
0.997979 -0.0031485 -0.0634722 -1.14252 0.00317347 0.999995 0.00029259 -0.245593 0.063471 -0.000493426 0.997984 20.4218
0.998349 -0.00222697 -0.0574038 -1.21251 0.00256407 0.99998 0.00579941 -0.255754 0.0573898 -0.00593702 0.998334 21.1097
0.998225 0.00511817 -0.0593338 -1.22019 -0.00469754 0.999963 0.00722647 -0.253146 0.0593686 -0.00693492 0.998212 21.9095
0.998305 -0.00247464 -0.0581439 -1.31479 0.00294602 0.999963 0.00802286 -0.256691 0.0581219 -0.00818055 0.998276 23.1436
0.998476 0.00225947 -0.0551352 -1.3668 -0.00191656 0.999978 0.0062716 -0.271306 0.0551482 -0.00615637 0.998459 23.9562
0.998503 0.00174836 -0.0546743 -1.40741 -0.00170804 0.999998 0.000784239 -0.269294 0.0546756 -0.000689679 0.998504 24.8939
0.998491 -0.00152376 -0.0548898 -1.47946 0.00138905 0.999996 -0.0024922 -0.276502 0.0548933 0.0024122 0.998489 26.0159
0.9987 -0.00423041 -0.0507966 -1.54739 0.00419271 0.999991 -0.000848702 -0.304686 0.0507997 0.000634624 0.998709 26.9059
0.998574 -0.00411317 -0.0532172 -1.55533 0.0043044 0.999985 0.00347913 -0.297975 0.0532021 -0.00370324 0.998577 27.7849
0.998465 -0.0105016 -0.054389 -1.62058 0.0108946 0.999917 0.00693475 -0.309545 0.0543117 -0.00751665 0.998496 28.7915
0.998431 -0.0148715 -0.0539828 -1.66215 0.0152016 0.999868 0.00570987 -0.321138 0.0538908 -0.00652154 0.998526 29.6656
0.998419 -0.00654192 -0.05582 -1.71879 0.00668017 0.999975 0.00229057 -0.330878 0.0558036 -0.00265984 0.998438 30.6533
0.998242 -0.00935693 -0.0585198 -1.76731 0.00925042 0.999955 -0.00209074 -0.336085 0.0585368 0.00154573 0.998284 31.6419
0.998191 -0.000378466 -0.0601238 -1.83163 0.000221294 0.999997 -0.00262078 -0.343298 0.0601246 0.00260274 0.998187 32.476
0.998223 0.00462543 -0.0594064 -1.90162 -0.00466472 0.999989 -0.000522638 -0.357043 0.0594033 0.000798823 0.998234 33.3449
0.998046 0.00489042 -0.0622978 -1.9306 -0.00479543 0.999987 0.0016743 -0.367075 0.0623052 -0.00137228 0.998056 34.2803
0.997932 0.000661627 -0.0642776 -1.99534 -0.000468838 0.999995 0.00301436 -0.374642 0.0642793 -0.00297799 0.997928 35.156
0.99791 6.55938e-005 -0.0646255 -2.05891 0.000357687 0.999979 0.00653815 -0.388511 0.0646246 -0.0065476 0.997888 36.0818
0.997867 -0.000619271 -0.0652831 -2.11151 0.00115202 0.999966 0.00812326 -0.384053 0.0652759 -0.00818114 0.997834 37.0463
0.997778 0.00392225 -0.0665143 -2.1788 -0.00319779 0.999934 0.0109948 -0.384878 0.0665531 -0.0107577 0.997725 37.9921
0.997929 0.00873607 -0.063723 -2.29677 -0.00800103 0.999899 0.0117811 -0.397213 0.0638194 -0.0112468 0.997898 39.061
0.997827 0.00528336 -0.0656815 -2.32204 -0.00466936 0.999944 0.00949817 -0.3962 0.065728 -0.00917084 0.997795 40.0429
0.99775 0.00229695 -0.0670082 -2.38762 -0.00185211 0.999976 0.00669997 -0.397551 0.067022 -0.00656079 0.99773 41.0741
0.997786 0.00253567 -0.0664525 -2.45227 -0.00202192 0.999968 0.00779712 -0.419825 0.0664701 -0.0076455 0.997759 42.0761
0.997301 -0.00370908 -0.073321 -2.48404 0.00425061 0.999965 0.00723109 -0.403683 0.0732916 -0.00752323 0.997282 43.0773
0.997736 0.00122086 -0.0672376 -2.60348 -0.000549601 0.99995 0.010001 -0.423111 0.0672464 -0.00994142 0.997687 44.0471
0.997267 0.000587396 -0.0738777 -2.62492 -0.000156412 0.999983 0.0058394 -0.428409 0.0738798 -0.00581189 0.99725 45.093
0.997363 0.00424826 -0.0724465 -2.72729 -0.00415218 0.99999 0.00147677 -0.429613 0.072452 -0.00117207 0.997371 46.0717
0.997393 0.00390713 -0.0720573 -2.78514 -0.00384215 0.999992 0.00104047 -0.444534 0.0720608 -0.000760907 0.9974 47.0533
0.997338 -0.000390775 -0.07291 -2.86081 0.000692903 0.999991 0.00411861 -0.455493 0.0729077 -0.00415817 0.99733 47.9563
0.997336 -0.00270214 -0.0728932 -2.9269 0.00321182 0.999971 0.00687574 -0.460797 0.0728725 -0.00709154 0.997316 48.9178
0.997366 -0.00375256 -0.0724302 -2.99998 0.00431973 0.999961 0.00767552 -0.477298 0.0723985 -0.00796819 0.997344 49.8353
0.997352 -0.00785362 -0.0723034 -3.08812 0.00834258 0.999944 0.00646305 -0.479986 0.0722486 -0.00704913 0.997362 50.8207
0.997216 -0.00667912 -0.0742673 -3.13669 0.00705457 0.999964 0.00479422 -0.496083 0.0742325 -0.0053048 0.997227 51.803
0.99708 -0.00638733 -0.0760922 -3.19986 0.00686522 0.999958 0.0060205 -0.504344 0.0760505 -0.00652531 0.997083 52.7394
0.99732 -0.00377682 -0.0730704 -3.29345 0.00453542 0.999938 0.0102187 -0.507912 0.0730273 -0.0105227 0.997274 53.6585
0.996938 -0.0122697 -0.077221 -3.3424 0.0133922 0.999812 0.0140348 -0.493595 0.0770343 -0.015026 0.996915 54.6311
0.996907 -0.00604963 -0.0783633 -3.41541 0.00736513 0.999837 0.016509 -0.502775 0.0782506 -0.0170351 0.996788 55.5619
0.997009 0.00242593 -0.0772414 -3.52628 -0.0014047 0.999911 0.0132729 -0.502834 0.0772667 -0.0131247 0.996924 56.6416
0.996755 0.00711131 -0.0801792 -3.57699 -0.00671771 0.999964 0.00517763 -0.498188 0.0802131 -0.00462221 0.996767 57.6123
0.996678 0.00388657 -0.0813459 -3.64937 -0.0038758 0.999992 0.000290275 -0.516016 0.0813464 2.59691e-005 0.996686 58.5361
0.996628 0.00795734 -0.0816597 -3.74981 -0.00782646 0.999968 0.0019227 -0.524149 0.0816724 -0.00127711 0.996658 59.4967
0.996527 0.00738838 -0.0829443 -3.81205 -0.00705563 0.999966 0.00430422 -0.53631 0.0829733 -0.00370404 0.996545 60.3365
0.996376 0.0100943 -0.0844585 -3.88903 -0.00958711 0.999934 0.00640897 -0.555595 0.0845176 -0.00557603 0.996406 61.1593
0.996293 0.00444579 -0.0859125 -3.9742 -0.00397247 0.999976 0.0056795 -0.550312 0.0859357 -0.00531716 0.996286 62.0532
0.996009 0.0010349 -0.089246 -4.02989 -0.000499246 0.999982 0.00602416 -0.559032 0.0892506 -0.00595556 0.995991 62.8937
0.996083 0.0032338 -0.0883677 -4.12831 -0.0025476 0.999966 0.00787694 -0.576765 0.0883901 -0.00762096 0.996057 63.7296
0.995868 0.0023085 -0.0907849 -4.20128 -0.00162965 0.99997 0.00755095 -0.581651 0.0907997 -0.0073718 0.995842 64.5949
0.995821 0.00300309 -0.0912821 -4.27576 -0.00212848 0.999951 0.0096772 -0.607318 0.0913066 -0.00944246 0.995778 65.3954
0.995757 0.00393386 -0.0919352 -4.38472 -0.00290211 0.999931 0.0113536 -0.592584 0.0919735 -0.0110386 0.9957 66.2125
0.995488 0.00248126 -0.0948538 -4.45022 -0.00107349 0.999889 0.0148897 -0.591881 0.0948802 -0.0147206 0.99538 67.173
0.99531 0.00611227 -0.0965392 -4.55952 -0.00438732 0.999827 0.0180701 -0.605202 0.096633 -0.0175618 0.995165 67.9376
0.995354 0.00962916 -0.0957983 -4.62456 -0.00827971 0.999861 0.0144739 -0.609248 0.0959243 -0.0136135 0.995296 68.7195
0.995121 0.00730428 -0.0983864 -4.72049 -0.0066867 0.999956 0.00660539 -0.614761 0.0984303 -0.00591529 0.995126 69.5161
0.994974 0.00398038 -0.100051 -4.7905 -0.00385042 0.999991 0.00149199 -0.632476 0.100056 -0.00109925 0.994981 70.3124
0.994942 0.00159857 -0.100441 -4.87136 -0.00160527 0.999999 1.4103e-005 -0.628554 0.100441 0.000147204 0.994943 71.1705
0.995342 0.00651595 -0.0961879 -4.99602 -0.00616882 0.999973 0.00390579 -0.642161 0.0962107 -0.00329423 0.995356 71.7374
0.994681 0.00303023 -0.102955 -5.02005 -0.00245963 0.999981 0.00566874 -0.657794 0.10297 -0.00538536 0.99467 72.4103
0.994755 -0.000904018 -0.102286 -5.10332 0.00115989 0.999996 0.00244209 -0.672733 0.102283 -0.00254792 0.994752 73.0885
0.995132 -0.0110782 -0.0979226 -5.22816 0.010775 0.999935 -0.00362466 -0.672332 0.0979564 0.0025519 0.995187 73.748
0.994647 -0.0115295 -0.102688 -5.22137 0.0107503 0.999909 -0.00813828 -0.692214 0.102773 0.00699078 0.99468 74.3386
0.995109 -0.00822665 -0.0984386 -5.28794 0.00751055 0.999943 -0.00764298 -0.706855 0.0984958 0.00686627 0.995114 74.8809
0.995867 0.00346564 -0.0907574 -5.36654 -0.00395859 0.999978 -0.00525208 -0.705897 0.0907373 0.00558965 0.995859 75.3549
0.995984 0.00545132 -0.089365 -5.38626 -0.00563165 0.999983 -0.00176585 -0.720132 0.0893539 0.00226203 0.995997 75.8337
0.996464 -0.0020758 -0.0839958 -5.4071 0.00225393 0.999995 0.00202595 -0.729551 0.0839912 -0.0022081 0.996464 76.2452
0.997145 -0.0108148 -0.0747366 -5.44683 0.0112324 0.999924 0.00517017 -0.743019 0.0746749 -0.00599489 0.99719 76.7797
0.997893 -0.00483287 -0.0646936 -5.47089 0.0052104 0.99997 0.00566814 -0.751292 0.0646643 -0.00599327 0.997889 77.3118
0.998719 0.00351203 -0.0504742 -5.49897 -0.00325215 0.999981 0.00523009 -0.754704 0.0504916 -0.00505924 0.998712 77.7563
0.999423 0.0139126 -0.0309833 -5.51472 -0.0137381 0.999889 0.00583812 -0.759014 0.0310611 -0.0054091 0.999503 78.2595
0.999924 0.00707787 -0.0101416 -5.49696 -0.00700828 0.999952 0.0068812 -0.765572 0.0101898 -0.0068096 0.999925 78.7445
0.999868 -0.000855324 0.0162319 -5.47113 0.000733306 0.999971 0.00752168 -0.765736 -0.0162379 -0.00750879 0.99984 79.2209
0.998956 -0.00759728 0.0450507 -5.42242 0.00713302 0.99992 0.0104569 -0.777614 -0.0451265 -0.0101247 0.99893 79.6833
0.996827 -0.00682916 0.0793101 -5.37245 0.00590894 0.999913 0.0118317 -0.778327 -0.0793839 -0.0113255 0.99678 80.1575
0.99322 -0.00348141 0.1162 -5.29334 0.00204162 0.99992 0.0125074 -0.779867 -0.116234 -0.0121854 0.993147 80.6178
0.987943 -0.00429547 0.154756 -5.17286 0.0022504 0.999908 0.0133876 -0.78591 -0.154799 -0.0128779 0.987862 81.0666
0.979526 -0.00216644 0.201308 -5.05385 -0.000572401 0.999908 0.013546 -0.785493 -0.201319 -0.0133839 0.979434 81.5272
0.968027 -0.00330136 0.250824 -4.90813 0.000220909 0.999924 0.0123085 -0.797382 -0.250846 -0.0118595 0.967954 81.9488
0.952638 -0.00043004 0.304107 -4.75181 -0.00284805 0.999943 0.0103358 -0.802437 -0.304094 -0.0107124 0.952582 82.3554
0.93345 -0.00223829 0.3587 -4.55028 -0.00043993 0.999973 0.00738465 -0.795458 -0.358707 -0.00705101 0.933424 82.7577
0.909738 -0.00262855 0.415174 -4.32997 -4.66174e-005 0.999979 0.00643322 -0.794738 -0.415182 -0.0058719 0.909719 83.1307
0.881135 0.00070638 0.472864 -4.10713 -0.00335708 0.999983 0.00476178 -0.790067 -0.472852 -0.00578322 0.881123 83.4632
0.848995 -0.00593503 0.528368 -3.83398 0.00395054 0.99998 0.00488472 -0.78789 -0.528386 -0.00205976 0.849002 83.7748
0.811093 -0.00586704 0.584888 -3.58218 0.0020015 0.999972 0.0072552 -0.813833 -0.584914 -0.00471399 0.811082 84.0716
0.77217 -0.0076571 0.63537 -3.28591 0.0042686 0.999967 0.00686334 -0.799124 -0.635402 -0.00258752 0.772177 84.3523
0.731238 -0.00373278 0.682112 -2.98137 -0.00214209 0.999968 0.00776856 -0.801195 -0.682119 -0.00714181 0.731206 84.607
0.685442 -0.00296843 0.728122 -2.67544 -0.00517087 0.999947 0.00894439 -0.809811 -0.728109 -0.00989588 0.68539 84.8448
0.639446 -0.0089983 0.768783 -2.342 -0.00135686 0.999917 0.0128322 -0.815668 -0.768835 -0.00924864 0.639381 85.0577
0.587945 -0.00502421 0.808885 -1.99414 0.00462855 0.999985 0.00284689 -0.770631 -0.808888 0.00207016 0.587959 85.298
0.547355 -0.0116575 0.836819 -1.65176 0.000930799 0.999911 0.0133207 -0.826513 -0.8369 -0.00651222 0.547317 85.4547
0.503052 -0.00977259 0.864201 -1.25306 -0.000135104 0.999935 0.0113862 -0.801351 -0.864256 -0.00584458 0.503018 85.6114
0.45357 0.000693952 0.891221 -0.895587 -0.00522342 0.999985 0.00187972 -0.80773 -0.891206 -0.0055078 0.453566 85.7751
0.412021 -0.00937109 0.911126 -0.525484 -0.00206765 0.999935 0.0112195 -0.820412 -0.911172 -0.00650657 0.411975 85.8932
0.374231 -0.0298681 0.926855 -0.329921 0.00703784 0.999544 0.0293689 -0.809942 -0.927309 -0.00446771 0.37427 85.9116
0.337396 -0.0286683 0.940926 0.00601824 0.00403021 0.999571 0.02901 -0.805877 -0.941354 -0.00599571 0.337366 86.0164
0.303489 -0.0227533 0.952563 0.345247 -0.00307422 0.999686 0.0248583 -0.804025 -0.95283 -0.0104726 0.303323 86.1112
0.274671 -0.0107578 0.961478 0.853064 -0.016703 0.999733 0.0159575 -0.805222 -0.961393 -0.0204426 0.274418 86.2369
0.245419 -0.00484654 0.969405 1.43766 -0.0148153 0.999852 0.00874948 -0.800275 -0.969304 -0.0165093 0.245311 86.3887
0.21906 -0.00476104 0.9757 1.69954 -0.0129509 0.999886 0.00778673 -0.812022 -0.975625 -0.0143419 0.218973 86.424
0.197233 -0.0147805 0.980245 2.15218 -0.00249003 0.999876 0.0155775 -0.815488 -0.980354 -0.00551323 0.197171 86.4792
0.176454 -0.0214387 0.984075 2.62183 0.00875892 0.999757 0.0202098 -0.795466 -0.98427 0.00505335 0.176599 86.5441
0.156165 -0.0213992 0.987499 2.98297 0.0132655 0.999721 0.0195662 -0.782509 -0.987642 0.0100441 0.156405 86.5884
0.140619 -0.0197446 0.989867 3.39391 0.00326903 0.999805 0.0194784 -0.783164 -0.990058 0.000496868 0.140656 86.625
0.123935 -0.0137773 0.992195 3.85111 -0.0151546 0.999761 0.0157754 -0.781188 -0.992175 -0.0169914 0.123697 86.7003
0.110064 -0.0145315 0.993818 4.27431 -0.0252517 0.999529 0.0174116 -0.771773 -0.993604 -0.027012 0.109645 86.7319
0.097379 -0.0167531 0.995106 4.721 -0.0260338 0.999473 0.0193742 -0.773071 -0.994907 -0.027793 0.0968916 86.7642
0.0846897 -0.0203974 0.996199 5.23517 -0.0190657 0.999574 0.0220873 -0.766344 -0.996225 -0.0208638 0.0842648 86.8068
0.0754199 -0.0254303 0.996828 5.73462 -0.0162745 0.99951 0.0267301 -0.759124 -0.997019 -0.0182389 0.0749691 86.8191
0.0663577 -0.0242732 0.997501 6.25885 -0.0154793 0.999559 0.0253531 -0.75129 -0.997676 -0.017123 0.0659527 86.8589
0.0616713 -0.0283353 0.997694 6.78931 -0.0181311 0.9994 0.0295046 -0.739533 -0.997932 -0.0199089 0.0611205 86.8878
0.0569476 -0.0303134 0.997917 7.36056 -0.0220615 0.999257 0.0316131 -0.730782 -0.998133 -0.0238158 0.0562365 86.9066
0.049963 -0.0288959 0.998333 7.95049 -0.0221631 0.999303 0.0300332 -0.706712 -0.998505 -0.0236267 0.0492878 86.9356
0.0456277 -0.031813 0.998452 8.5576 -0.0246313 0.999153 0.032961 -0.69747 -0.998655 -0.0260971 0.0448055 86.9682
0.043176 -0.0342918 0.998479 9.20154 -0.0272457 0.998999 0.0354878 -0.660189 -0.998696 -0.0287365 0.0421984 86.9641
0.0399751 -0.0358106 0.998559 9.8758 -0.0280576 0.998923 0.0369469 -0.634889 -0.998807 -0.0294942 0.0389273 86.9965
0.0379708 -0.0375843 0.998572 10.447 -0.0325582 0.998715 0.0388277 -0.643102 -0.998748 -0.033986 0.0366984 87.0139
0.0381886 -0.0419197 0.998391 11.2081 -0.0347994 0.998458 0.0432536 -0.59791 -0.998664 -0.0363952 0.036671 87.0175
0.038062 -0.046042 0.998214 11.8645 -0.0354626 0.998246 0.0473957 -0.573237 -0.998646 -0.0372033 0.0363625 87.0691
0.0403886 -0.0466144 0.998096 12.5678 -0.0377953 0.998125 0.0481452 -0.555917 -0.998469 -0.0396678 0.038551 87.0889
0.0418474 -0.0453249 0.998095 13.3999 -0.0422781 0.997995 0.047093 -0.534851 -0.998229 -0.0441683 0.0398473 87.1629
0.0491681 -0.0493828 0.997569 14.0874 -0.0449682 0.997655 0.0516035 -0.489502 -0.997778 -0.0473961 0.0468322 87.188
0.0522584 -0.0479011 0.997484 14.7998 -0.0474948 0.997599 0.0503949 -0.468257 -0.997504 -0.0500089 0.0498579 87.2177
0.0564694 -0.0481734 0.997241 15.6066 -0.0515199 0.997364 0.0510967 -0.442121 -0.997074 -0.0542632 0.0538387 87.2758
0.0617303 -0.046342 0.997016 16.3397 -0.0524326 0.997392 0.0496058 -0.388136 -0.996715 -0.0553383 0.0591394 87.3208
0.0654458 -0.0443103 0.996872 17.1202 -0.0552181 0.997322 0.0479555 -0.370132 -0.996327 -0.0581839 0.0628238 87.3636
0.0689145 -0.0416498 0.996753 17.9602 -0.0521619 0.997611 0.0452921 -0.33009 -0.996258 -0.0551138 0.0665773 87.4432
0.0721519 -0.0422742 0.996497 18.8413 -0.0431197 0.998035 0.0454615 -0.295383 -0.996461 -0.0462488 0.0701872 87.5025
0.0726878 -0.0340128 0.996775 19.6795 -0.035391 0.998701 0.0366594 -0.266875 -0.996727 -0.0379416 0.0713897 87.5936
0.0730525 -0.0313013 0.996837 20.528 -0.0319711 0.99892 0.0337097 -0.246418 -0.996816 -0.0343325 0.0719729 87.6471
0.0719672 -0.0296612 0.996966 21.4535 -0.0367115 0.998802 0.0323659 -0.222847 -0.996731 -0.0389294 0.070792 87.7592
0.0704948 -0.0234897 0.997236 22.2782 -0.0349222 0.999052 0.0260011 -0.202807 -0.996901 -0.0366586 0.0696076 87.8225
0.0741355 -0.0274714 0.99687 22.994 -0.0364337 0.998879 0.0302363 -0.187709 -0.996582 -0.0385613 0.0730515 87.8514
0.0693382 -0.0220136 0.99735 23.9742 -0.0346701 0.999099 0.0244626 -0.160406 -0.996991 -0.0362744 0.0685125 87.9862
0.0714874 -0.0218725 0.997202 24.7624 -0.028586 0.999304 0.0239679 -0.15736 -0.997032 -0.0302194 0.0708124 88.0234
0.0729504 -0.0215314 0.997103 25.6332 -0.0285215 0.999313 0.0236658 -0.141197 -0.996928 -0.0301653 0.0722862 88.0731
0.0684191 -0.0166864 0.997517 26.5515 -0.022863 0.999571 0.018289 -0.128962 -0.997395 -0.0240576 0.0680083 88.1927
0.0667615 -0.0122504 0.997694 27.3539 -0.0235826 0.999626 0.0138522 -0.130227 -0.99749 -0.024453 0.0664476 88.2511
0.0640102 -0.0115392 0.997883 28.185 -0.0228978 0.999653 0.0130285 -0.126266 -0.997687 -0.0236833 0.0637238 88.2961
0.0586862 -0.00972654 0.998229 29.037 -0.0223392 0.999689 0.0110541 -0.127849 -0.998026 -0.0229484 0.0584507 88.3485
0.0510818 -0.00688581 0.998671 29.9072 -0.02016 0.999765 0.00792453 -0.119231 -0.998491 -0.020538 0.050931 88.4251
0.0440251 -0.00702022 0.999006 30.7648 -0.0161243 0.99984 0.00773667 -0.125782 -0.9989 -0.0164489 0.0439048 88.4501
0.0362384 -0.00601462 0.999325 31.7274 -0.0110283 0.999919 0.00641811 -0.136348 -0.999282 -0.0112534 0.0361691 88.4868
0.0254026 -0.0059178 0.99966 32.5023 -0.00506289 0.999969 0.00604828 -0.142664 -0.999664 -0.0052148 0.0253718 88.5085
0.0153377 -0.00714465 0.999857 33.4002 -0.00604956 0.999956 0.00723816 -0.140254 -0.999864 -0.00615971 0.0152938 88.5299
0.00432543 -0.00584225 0.999974 34.4283 -0.00762064 0.999954 0.0058751 -0.155478 -0.999962 -0.00764585 0.00428071 88.5454
-0.00675516 -0.00728705 0.999951 35.2348 -0.00948662 0.999929 0.00722281 -0.158108 -0.999932 -0.00943737 -0.00682381 88.5362
-0.0171925 -0.00803603 0.99982 36.3318 -0.00802661 0.999937 0.00789894 -0.159346 -0.99982 -0.00788936 -0.0172559 88.5079
-0.0291738 -0.00845135 0.999539 37.1407 -0.0057329 0.999949 0.00828749 -0.179864 -0.999558 -0.00548847 -0.0292208 88.5015
-0.03903 -0.00709627 0.999213 38.178 -0.00484105 0.999964 0.00691251 -0.189955 -0.999226 -0.00456745 -0.0390629 88.4478
-0.0493664 -0.00731357 0.998754 38.8702 -0.0063376 0.999955 0.00700911 -0.203913 -0.998761 -0.00598369 -0.0494105 88.4068
-0.0607853 -0.00943454 0.998106 39.8996 -0.00461584 0.999947 0.00917083 -0.187289 -0.99814 -0.00404965 -0.0608256 88.375
-0.0683277 -0.00995114 0.997613 40.6187 -0.00535917 0.999939 0.00960729 -0.210252 -0.997649 -0.00468994 -0.0683769 88.2986
-0.0786579 -0.00861272 0.996864 41.5384 -0.00594683 0.999949 0.00817013 -0.215443 -0.996884 -0.00528554 -0.0787051 88.2379
-0.087694 -0.0109408 0.996087 42.4433 -0.00905836 0.999907 0.0101852 -0.215467 -0.996106 -0.00812973 -0.0877849 88.1606
-0.0936865 -0.0130496 0.995516 43.1906 -0.0114229 0.999862 0.0120316 -0.223962 -0.995536 -0.0102445 -0.0938227 88.0592
-0.0994691 -0.017246 0.994891 44.016 -0.0135493 0.999781 0.0159761 -0.207073 -0.994948 -0.0118909 -0.0996809 87.988
-0.103423 -0.0183034 0.994469 44.784 -0.0176609 0.999707 0.0165632 -0.223274 -0.994481 -0.0158503 -0.103715 87.9152
-0.105739 -0.0191487 0.99421 45.5864 -0.0183908 0.999681 0.0172982 -0.230884 -0.994224 -0.0164552 -0.106058 87.8096
-0.107394 -0.020303 0.994009 46.364 -0.0205538 0.999623 0.018197 -0.232242 -0.994004 -0.0184764 -0.107771 87.7528
-0.108147 -0.0203806 0.993926 47.1257 -0.0207355 0.999619 0.0182411 -0.221001 -0.993919 -0.0186368 -0.108528 87.6684
-0.106884 -0.0219573 0.994029 47.8942 -0.0211372 0.99958 0.0198071 -0.244932 -0.994047 -0.0188939 -0.107303 87.5691
-0.106128 -0.0214748 0.994121 48.5623 -0.0182233 0.999641 0.0196486 -0.234441 -0.994185 -0.0160309 -0.106481 87.4991
-0.0999088 -0.0228276 0.994735 49.3132 -0.0176276 0.99962 0.0211693 -0.23011 -0.99484 -0.0154197 -0.100273 87.4392
-0.0910451 -0.0227818 0.995586 49.9647 -0.0188658 0.999598 0.0211483 -0.230401 -0.995668 -0.0168571 -0.0914383 87.3794
-0.0792628 -0.0230237 0.996588 50.5768 -0.02159 0.999538 0.0213747 -0.227441 -0.99662 -0.0198221 -0.0797233 87.3288
-0.0672483 -0.0196387 0.997543 51.2257 -0.0221449 0.999589 0.0181861 -0.233369 -0.99749 -0.0208675 -0.0676556 87.3193
-0.0491744 -0.0197193 0.998596 51.8055 -0.0201209 0.999622 0.0187488 -0.222852 -0.998588 -0.0191707 -0.0495525 87.2972
-0.0276802 -0.0191169 0.999434 52.3391 -0.0177413 0.999669 0.0186301 -0.233116 -0.999459 -0.0172156 -0.0280102 87.2899
-0.00377451 -0.0162287 0.999861 52.89 -0.0128015 0.999787 0.0161792 -0.227781 -0.999911 -0.0127387 -0.00398145 87.3121
0.0249528 -0.0148746 0.999578 53.4545 -0.0120709 0.999812 0.0151794 -0.219422 -0.999616 -0.0124446 0.0247685 87.34
0.0565325 -0.0134307 0.99831 53.9615 -0.0141793 0.999798 0.0142537 -0.221313 -0.9983 -0.0149611 0.0563307 87.4072
0.0951636 -0.0117408 0.995392 54.4606 -0.0177735 0.999751 0.0134914 -0.21939 -0.995303 -0.0189755 0.0949313 87.4798
0.137637 -0.0102045 0.99043 54.9574 -0.021828 0.999673 0.0133331 -0.212547 -0.990242 -0.0234542 0.13737 87.5485
0.180932 -0.007807 0.983465 55.4576 -0.0240906 0.999633 0.0123674 -0.208257 -0.9832 -0.0259299 0.180678 87.6986
0.228287 -0.000350664 0.973594 55.9476 -0.0250581 0.999667 0.00623564 -0.204282 -0.973271 -0.0258199 0.228202 87.8547
0.281226 0.000252277 0.959642 56.4053 -0.0257891 0.999641 0.00729479 -0.198923 -0.959295 -0.0267998 0.281131 88.0167
0.341731 -0.136031 0.929901 56.4103 0.0489877 0.990702 0.126923 -0.166716 -0.93852 0.00218028 0.345217 87.7503
0.390585 -0.00523324 0.920552 57.311 -0.00791067 0.999928 0.00904094 -0.175105 -0.920533 -0.0108134 0.390516 88.3821
0.478532 -0.0785138 0.874553 57.6167 -0.0766474 0.988457 0.130679 -0.0809405 -0.874718 -0.129566 0.466991 88.4561
0.514825 -0.0271565 0.856865 58.1399 -0.0151072 0.999056 0.0407397 -0.0943951 -0.857162 -0.0339187 0.513929 88.8731
0.579055 -0.0456321 0.81401 58.4147 -0.0414389 0.995495 0.0852838 -0.0293662 -0.814234 -0.0831158 0.574555 89.1026
0.63082 -0.024477 0.775543 58.7903 -0.0317108 0.997854 0.0572867 -0.0118774 -0.775281 -0.0607307 0.62869 89.4985
0.671529 -0.00398996 0.740967 59.0051 -0.0371721 0.998545 0.0390656 0.026636 -0.740045 -0.053777 0.670404 89.9135
0.74158 -0.0583673 0.66832 59.3494 -0.0141671 0.994623 0.102585 0.0424786 -0.670714 -0.0855431 0.736766 90.029
0.775176 -0.0206303 0.631408 59.5359 -0.030358 0.997096 0.0698489 0.0631387 -0.631015 -0.0733135 0.772299 90.4532
0.810446 -0.0107121 0.585715 59.7327 -0.0306935 0.997683 0.0607167 0.100021 -0.585009 -0.0671853 0.80824 90.8699
0.853966 -0.0105428 0.520222 59.9771 -0.0414989 0.99523 0.0882915 0.167036 -0.518671 -0.0969866 0.849455 91.2321
0.879739 0.000646945 0.475456 59.9801 -0.0418055 0.996231 0.0759973 0.167 -0.473615 -0.0867345 0.876451 91.5214
0.905471 -0.00361903 0.424393 60.2309 -0.0358976 0.995727 0.085081 0.179501 -0.422888 -0.0922731 0.901472 92.0176
0.927485 -0.0129293 0.373638 60.3729 -0.0254303 0.994905 0.0975534 0.223156 -0.372995 -0.0999809 0.922431 92.4354
0.942417 -0.00182433 0.334435 60.5475 -0.0298475 0.995536 0.0895391 0.220555 -0.333105 -0.0943652 0.938156 92.965
0.952508 0.00559375 0.304461 60.6146 -0.0324022 0.996017 0.083071 0.284844 -0.302784 -0.0889911 0.948895 93.4103
0.962259 0.00552335 0.272081 60.7286 -0.0300947 0.995822 0.0862193 0.331455 -0.270468 -0.0911534 0.958404 93.8702
0.968475 -0.00654635 0.249023 60.8674 -0.0152317 0.996228 0.0854267 0.351184 -0.248643 -0.0865267 0.964723 94.3819
0.971878 -0.0145386 0.235035 60.9668 -0.0059079 0.996273 0.0860559 0.401962 -0.23541 -0.0850244 0.96817 94.9306
0.97502 -0.012265 0.22178 61.0746 -0.00690959 0.996316 0.0854758 0.439612 -0.222012 -0.0848729 0.971343 95.4296
0.977044 -0.000320397 0.213039 61.1636 -0.017897 0.996341 0.083578 0.482644 -0.212286 -0.0854721 0.973463 95.9639
0.978068 0.00983869 0.208054 61.2592 -0.0271085 0.996401 0.0803187 0.530103 -0.206515 -0.0841971 0.974814 96.5018
0.978642 0.0109758 0.205279 61.3654 -0.0271052 0.996745 0.075927 0.575627 -0.203777 -0.0798694 0.975754 97.045
0.978846 0.00409919 0.20456 61.4785 -0.0195487 0.997099 0.0735622 0.600486 -0.203665 -0.0760049 0.976086 97.5994
0.978228 -0.00445001 0.207484 61.6047 -0.010424 0.997455 0.0705392 0.637443 -0.207269 -0.0711663 0.975692 98.1989
0.977339 -0.0126313 0.211304 61.7337 -0.00109581 0.997903 0.0647209 0.681963 -0.211678 -0.0634858 0.975275 98.7649
0.976528 -0.0149066 0.214872 61.862 0.00183046 0.998141 0.0609264 0.711727 -0.215381 -0.059103 0.97474 99.284
0.975476 -0.00755251 0.219978 61.9541 -0.00583429 0.998173 0.060142 0.747022 -0.22003 -0.0599505 0.973649 99.8871
0.974132 0.000539962 0.22598 62.0868 -0.0151237 0.997911 0.0628093 0.783108 -0.225474 -0.0646022 0.972105 100.381
0.973486 -0.00156784 0.228742 62.1906 -0.014534 0.997532 0.0686916 0.801491 -0.228285 -0.0701948 0.971061 100.902
0.971983 -0.0078666 0.234919 62.3489 -0.00978452 0.997219 0.0738771 0.841315 -0.234847 -0.0741059 0.969203 101.522
0.971485 -0.0155944 0.236588 62.4785 -0.00335707 0.99683 0.0794899 0.884579 -0.237077 -0.0780175 0.968353 102.055
0.970605 -0.0173185 0.240055 62.6304 -0.00225347 0.99671 0.0810178 0.925451 -0.240669 -0.0791772 0.967373 102.732
0.970508 -0.0194733 0.24028 62.8234 0.000483164 0.996887 0.0788407 0.980858 -0.241067 -0.0763995 0.967497 103.465
0.970683 -0.0205933 0.239481 63.0124 0.0032958 0.99737 0.0724064 1.03244 -0.240342 -0.0694944 0.968197 104.168
0.970665 -0.0157491 0.239921 63.1728 -9.43517e-005 0.997827 0.0658819 1.07922 -0.240438 -0.0639719 0.968554 104.873
0.971336 -0.00962655 0.237516 63.3262 -0.00528954 0.998057 0.0620832 1.12304 -0.237652 -0.06156 0.969398 105.552
0.972147 -0.00594962 0.234298 63.5136 -0.00978624 0.997775 0.0659418 1.17698 -0.234169 -0.066398 0.969926 106.247
0.972432 -0.00836325 0.233035 63.6389 -0.00918745 0.997207 0.0741263 1.21025 -0.233004 -0.0742238 0.969639 106.856
0.973129 -0.00860163 0.230101 63.8082 -0.00998675 0.996785 0.0794971 1.24881 -0.230045 -0.0796589 0.969914 107.528
0.973629 -0.00491207 0.228083 63.9631 -0.0133024 0.996845 0.0782529 1.3009 -0.227748 -0.0792234 0.970492 108.319
0.973718 0.00235629 0.227744 64.178 -0.0191998 0.997236 0.0717708 1.37458 -0.226946 -0.0742572 0.971072 109.293
0.974852 -0.00151394 0.22285 64.3319 -0.0139161 0.997612 0.0676529 1.41882 -0.22242 -0.0690527 0.972502 109.978
0.97552 -0.00453772 0.219863 64.5099 -0.00983969 0.997885 0.0642533 1.48119 -0.21969 -0.0648438 0.973412 110.942
0.976317 -0.0113205 0.216047 64.6712 -0.00305107 0.99781 0.0660713 1.52411 -0.216322 -0.0651658 0.974145 111.638
0.977087 -0.0152052 0.212297 64.7834 0.000371683 0.997565 0.0697373 1.54586 -0.212841 -0.0680605 0.974714 112.246
0.977581 -0.0128782 0.210165 64.9864 -0.0022683 0.997426 0.0716697 1.61319 -0.210547 -0.0705397 0.975035 113.163
0.97767 -0.0136715 0.2097 65.1552 -0.00189633 0.997267 0.0738585 1.66305 -0.210137 -0.0726069 0.974972 113.905
0.978007 -0.0163941 0.207928 65.2869 0.000327876 0.997026 0.0770682 1.71972 -0.208573 -0.075305 0.975103 114.659
0.978214 -0.0162989 0.20696 65.4752 2.13386e-005 0.996921 0.0784105 1.75757 -0.207601 -0.0766978 0.975202 115.387
0.978452 -0.00900242 0.206277 65.659 -0.00709386 0.996993 0.0771603 1.80283 -0.206351 -0.0769609 0.975447 116.253
0.977599 0.00269791 0.210457 65.6003 -0.0178686 0.997372 0.0702165 1.81139 -0.209715 -0.0724041 0.975078 116.111
0.977101 0.012323 0.212418 65.9156 -0.0270961 0.9974 0.0667769 1.91403 -0.211043 -0.0710035 0.974895 117.669
0.976693 0.0123379 0.214286 66.074 -0.0273385 0.997366 0.067181 1.96073 -0.212892 -0.0714735 0.974458 118.478
0.975849 0.0105314 0.218194 66.1811 -0.0260273 0.997328 0.0682672 1.98938 -0.216892 -0.0722974 0.973515 119.033
0.975381 0.00302202 0.220505 66.4331 -0.0182335 0.997588 0.0669819 2.05751 -0.219771 -0.0693535 0.973083 120.09
0.974777 -0.00558425 0.223113 66.6273 -0.00911438 0.997857 0.0647957 2.11072 -0.222997 -0.0651948 0.972637 121.041
0.974716 -0.0174595 0.222763 66.8045 0.00231222 0.997677 0.0680779 2.15383 -0.223434 -0.0658415 0.972493 121.748
0.974596 -0.0233771 0.222745 67.0414 0.00844999 0.997668 0.0677332 2.20623 -0.223809 -0.0641303 0.972521 122.715
0.97438 -0.0224402 0.223787 67.2357 0.00728566 0.997637 0.0683159 2.24844 -0.224791 -0.0649352 0.972241 123.52
0.973674 -0.0116401 0.227648 67.414 -0.0045552 0.997502 0.0704874 2.29796 -0.2279 -0.0696688 0.971189 124.392
0.973575 0.000385776 0.228366 67.5405 -0.017765 0.997096 0.0740516 2.34057 -0.227674 -0.0761517 0.970755 124.969
0.973902 -0.000362411 0.22697 67.7953 -0.0181797 0.996661 0.0795981 2.39693 -0.226241 -0.081647 0.970643 126.003
0.973297 -0.00361697 0.229521 68.0124 -0.0132061 0.997338 0.071718 2.46012 -0.229169 -0.072834 0.970658 126.93
0.973071 -0.0148154 0.230027 68.2155 0.000994149 0.998193 0.0600853 2.50207 -0.230502 -0.0582386 0.971328 127.791
0.973273 -0.0226474 0.228533 68.4795 0.010795 0.998537 0.0529804 2.56078 -0.229399 -0.0490974 0.972093 128.887
0.973604 -0.022385 0.227142 68.6461 0.00854621 0.998056 0.0617273 2.60014 -0.228082 -0.0581568 0.971903 129.557
0.974013 -0.0141556 0.22605 68.7665 -0.00465993 0.996581 0.0824862 2.63317 -0.226445 -0.081396 0.970617 130.111
0.974272 -0.0081725 0.225225 68.9603 -0.014009 0.995214 0.0967121 2.68318 -0.224938 -0.0973791 0.969495 130.959
0.974397 -0.00403005 0.224798 69.1561 -0.0168199 0.995731 0.0907574 2.74461 -0.224204 -0.0922148 0.97017 131.815
0.97533 -0.00395686 0.220715 69.389 -0.0129765 0.997083 0.0752177 2.80705 -0.220369 -0.0762262 0.972434 132.801
0.974795 -0.00701365 0.22299 69.5873 -0.00809012 0.997737 0.0667472 2.8912 -0.222954 -0.0668689 0.972533 133.87
0.975553 -0.0131924 0.219367 69.7424 -0.00164129 0.997731 0.0673011 2.93503 -0.219757 -0.0660158 0.973318 134.597
0.976646 -0.0154617 0.214296 69.997 0.000630388 0.997609 0.0691054 2.98924 -0.214852 -0.0673565 0.974321 135.633
0.976888 -0.0148034 0.213238 70.2246 0.000484712 0.99775 0.0670449 3.0577 -0.213751 -0.065392 0.974697 136.71
0.977167 -0.00635315 0.212379 70.3087 -0.00743191 0.997919 0.0640465 3.07937 -0.212344 -0.0641625 0.975086 137.198
0.978256 -0.00177489 0.207393 70.512 -0.0117848 0.997872 0.0641277 3.13767 -0.207066 -0.0651774 0.976153 138.231
0.978499 0.00527091 0.206184 70.6965 -0.0183183 0.997944 0.0614228 3.19299 -0.205437 -0.0638791 0.976583 139.199
0.978988 0.00433292 0.203874 70.8528 -0.0175638 0.997851 0.0631331 3.23747 -0.203162 -0.0653873 0.976959 139.905
0.978897 0.000219031 0.204353 71.0088 -0.0142991 0.997622 0.0674264 3.26888 -0.203853 -0.0689256 0.976572 140.664
0.979171 -0.0068653 0.202919 71.2094 -0.00704433 0.997678 0.0677461 3.32158 -0.202913 -0.0677645 0.976849 141.663
0.979936 -0.0120302 0.198949 71.3637 -0.001197 0.997804 0.0662318 3.36596 -0.199308 -0.0651411 0.977769 142.421
0.980658 -0.0157262 0.195097 71.5029 0.00350904 0.998019 0.062809 3.40252 -0.195698 -0.0609095 0.978771 143.179
0.981924 -0.0150033 0.188682 71.6459 0.00345137 0.998107 0.0614045 3.45913 -0.189246 -0.0596434 0.980117 144.1
0.983546 -0.0153454 0.180007 71.7942 0.00323387 0.997722 0.0673852 3.49696 -0.180631 -0.0656943 0.981355 144.778
0.98437 -0.0102204 0.175813 71.9154 -0.00317727 0.997121 0.0757542 3.54258 -0.176082 -0.0751288 0.981504 145.638
0.985405 -0.00951827 0.16996 72.0355 -0.00519124 0.996291 0.0858933 3.57213 -0.170147 -0.085522 0.9817 146.211
0.985983 -0.000687745 0.166846 72.1713 -0.0138709 0.996192 0.0860773 3.63874 -0.16627 -0.087185 0.982218 147.074
0.986392 0.0037526 0.164366 72.2797 -0.0173159 0.99655 0.0811639 3.69591 -0.163494 -0.0829056 0.983055 147.956
0.987749 0.00331493 0.156018 72.4163 -0.0146336 0.997336 0.0714551 3.74688 -0.155365 -0.0728628 0.985166 148.754
0.988708 -0.00658467 0.149712 72.5636 -0.00321552 0.997872 0.0651241 3.8282 -0.149822 -0.0648701 0.986583 149.795
0.98959 -0.00930489 0.143617 72.6733 -0.000226417 0.997806 0.0662075 3.87823 -0.143918 -0.0655507 0.987416 150.557
0.99092 -0.00379193 0.134396 72.7685 -0.00569983 0.997519 0.0701702 3.90167 -0.134329 -0.0702991 0.98844 151.241
0.991722 0.00930558 0.128067 72.8279 -0.0179835 0.997606 0.0667724 3.94826 -0.127139 -0.0685227 0.989515 152.023
0.992936 0.0110965 0.11813 72.9294 -0.018297 0.998028 0.0600445 3.99684 -0.117231 -0.0617818 0.991181 152.805
0.994041 0.00262188 0.10898 73.0051 -0.00906943 0.998234 0.0587094 4.03103 -0.108633 -0.0593479 0.992309 153.582
0.994823 -0.00274489 0.101583 73.0929 -0.00344897 0.998147 0.0607476 4.07497 -0.101562 -0.0607834 0.992971 154.434
0.99553 0.00197727 0.0944276 73.151 -0.00830616 0.99774 0.0666778 4.11297 -0.0940824 -0.067164 0.993296 155.166
0.996276 0.00714752 0.0859303 73.2028 -0.0133427 0.997334 0.0717388 4.15849 -0.0851885 -0.0726181 0.993715 155.92
0.996911 0.00143788 0.0785261 73.2215 -0.00738685 0.997117 0.07552 4.21404 -0.0781911 -0.0758668 0.994047 156.704
0.997395 0.00158538 0.0721225 73.3043 -0.00715412 0.997004 0.0770197 4.25747 -0.0717843 -0.077335 0.994418 157.571
0.997707 -0.00240267 0.0676459 73.3568 -0.00267717 0.997187 0.074904 4.31245 -0.0676356 -0.0749133 0.994894 158.401
0.997917 0.00337337 0.0644182 73.3906 -0.0078295 0.997583 0.0690484 4.37145 -0.0640296 -0.069409 0.995531 159.377
0.998086 0.00790331 0.0613396 73.4332 -0.0117011 0.99802 0.0618043 4.4209 -0.0607297 -0.0624037 0.996202 160.284
0.998273 0.00905353 0.0580506 73.457 -0.0125092 0.998153 0.059444 4.4656 -0.0574052 -0.0600675 0.996542 161.05
0.998485 0.00174435 0.054992 73.5027 -0.00534137 0.997849 0.0653309 4.51177 -0.0547598 -0.0655257 0.996347 161.849
0.998614 0.00415576 0.0524635 73.5338 -0.00811083 0.99712 0.0754009 4.56203 -0.0519991 -0.0757219 0.995772 162.717
0.998822 0.00404042 0.0483601 73.576 -0.00802357 0.996562 0.0824563 4.61941 -0.0478607 -0.0827472 0.995421 163.695
0.998998 -0.00160454 0.0447222 73.5857 -0.00196734 0.996816 0.07971 4.64293 -0.0447077 -0.0797181 0.995814 164.029
0.999173 -0.0144514 0.0380057 73.6686 0.0117794 0.997505 0.0696122 4.72608 -0.0389168 -0.0691069 0.99685 165.458
0.99936 -0.0174769 0.0312107 73.6865 0.0154359 0.9978 0.0644781 4.79628 -0.0322689 -0.0639551 0.997431 166.49
0.999638 -0.0113426 0.0244169 73.6827 0.00971652 0.997791 0.0657149 4.83704 -0.0251084 -0.0654538 0.99754 167.186
0.999877 0.000348219 0.0156614 73.7181 -0.00146849 0.997434 0.0715761 4.88944 -0.0155963 -0.0715903 0.997312 168.123
0.999943 -0.00477683 0.00957578 73.7055 0.00404259 0.997154 0.0752812 4.93246 -0.00990813 -0.0752381 0.997116 168.889
0.999875 -0.0157031 0.0019039 73.7176 0.0155029 0.996736 0.0792335 4.99086 -0.00314189 -0.0791941 0.996854 169.745
0.999839 -0.0173247 -0.00474859 73.7244 0.0176457 0.996722 0.0789581 5.04653 0.0033651 -0.0790292 0.996867 170.651
0.999825 -0.0157402 -0.0100815 73.7048 0.0164253 0.997275 0.071917 5.1031 0.00892205 -0.07207 0.99736 171.546
0.999711 -0.0147615 -0.018968 73.7014 0.0159035 0.997978 0.0615406 5.16756 0.0180212 -0.0618245 0.997924 172.53
0.999456 -0.0204916 -0.0258485 73.6897 0.0219354 0.998141 0.0568707 5.21904 0.0246351 -0.0574068 0.998047 173.433
0.999343 -0.0146601 -0.0331532 73.6618 0.016783 0.997764 0.0646868 5.2564 0.0321307 -0.0652007 0.997355 174.242
0.999298 0.00562415 -0.0370518 73.6147 -0.00273002 0.996973 0.0777024 5.31085 0.0373767 -0.0775467 0.996288 174.993
0.999007 0.0168219 -0.0412609 73.567 -0.0132291 0.99622 0.0858538 5.35388 0.0425491 -0.0852227 0.995453 175.836
0.998842 0.0152085 -0.0456457 73.5463 -0.011388 0.996499 0.0828216 5.38633 0.0467455 -0.0822059 0.995518 176.304
0.998868 0.00916904 -0.0466685 73.4726 -0.00579649 0.997395 0.0718949 5.47343 0.0472062 -0.071543 0.99632 177.611
0.998715 0.0147002 -0.0485081 73.3995 -0.0116236 0.997939 0.0631083 5.52914 0.0493359 -0.0624633 0.996827 178.534
0.998603 0.0141311 -0.0509099 73.35 -0.0110687 0.998141 0.0599411 5.57203 0.0516623 -0.0592938 0.996903 179.339
0.998527 0.00639567 -0.0538795 73.3171 -0.00293052 0.997936 0.0641481 5.62152 0.0541786 -0.0638957 0.996485 180.239
0.998544 -0.0059558 -0.0536104 73.2813 0.00987882 0.997267 0.0732117 5.64696 0.0530279 -0.0736347 0.995874 180.725
0.998515 -0.00355168 -0.0543603 73.2132 0.0077999 0.996912 0.078138 5.71366 0.0539149 -0.078446 0.995459 181.813
0.99845 0.00214392 -0.0556138 73.1755 0.00218049 0.996984 0.0775808 5.76356 0.0556124 -0.0775818 0.995434 182.669
0.99829 -0.000794664 -0.0584494 73.1157 0.00477001 0.99768 0.0679055 5.81939 0.0582598 -0.0680682 0.995978 183.52
0.998145 -0.0102905 -0.0599991 73.0683 0.0136797 0.998317 0.0563531 5.86636 0.0593182 -0.0570693 0.996606 184.479
0.9978 -0.0180568 -0.0637966 73.0473 0.0213866 0.998423 0.0519035 5.90468 0.0627587 -0.0531537 0.996612 185.448
0.997797 -0.0156487 -0.0644622 72.9619 0.0192608 0.998256 0.0557996 5.96581 0.0634766 -0.0569183 0.996359 186.382
0.997879 -0.00158319 -0.0650779 72.9134 0.00596939 0.997718 0.0672603 5.98823 0.0648228 -0.0675061 0.995611 186.983
0.997701 0.00921524 -0.0671336 72.8603 -0.00441083 0.997441 0.0713646 6.02313 0.0676194 -0.0709044 0.995189 187.831
0.99771 0.00620006 -0.0673591 72.7797 -0.00168462 0.997759 0.0668863 6.08637 0.0676228 -0.0666197 0.995484 188.89
0.997748 0.00330855 -0.0669994 72.6965 0.000832132 0.998096 0.0616797 6.1281 0.0670759 -0.0615965 0.995845 189.71
0.997604 0.00925795 -0.0685674 72.6343 -0.00508123 0.998135 0.0608399 6.18087 0.0690027 -0.0603456 0.99579 190.609
0.997686 0.0109428 -0.0670977 72.5467 -0.00663571 0.997923 0.064081 6.2178 0.0676596 -0.0634875 0.995686 191.487
0.997654 0.00619117 -0.0681774 72.5046 -0.00153702 0.997677 0.0681073 6.25656 0.0684406 -0.0678427 0.995346 192.3
0.997733 0.00772187 -0.0668539 72.4473 -0.00297143 0.997481 0.0708668 6.30639 0.0672328 -0.0705075 0.995243 193.143
0.99767 0.00948172 -0.0675583 72.39 -0.00472344 0.997518 0.0702468 6.35318 0.0680567 -0.069764 0.995239 193.975
0.996324 -0.047845 -0.0710574 72.3861 0.0520644 0.996913 0.0587642 6.36743 0.0680265 -0.0622477 0.99574 194.858
