0.999993 -0.00204074 -0.00314654 -0.00421842 0.00203359 0.999995 -0.00227603 -0.00226008 0.00315117 0.00226962 0.999992 0.672639
0.999971 -0.000709958 -0.00753257 -0.0146569 0.000686051 0.999995 -0.00317589 -0.0125968 0.00753478 0.00317063 0.999967 1.33218
0.999941 0.000286782 -0.0108611 -0.0296267 -0.000342011 0.999987 -0.00508349 -0.0154411 0.0108595 0.0050869 0.999928 2.01404
0.999875 0.000473995 -0.0157805 -0.0460123 -0.000558517 0.999986 -0.00535216 -0.0229103 0.0157777 0.0053603 0.999861 2.5848
0.999797 -3.98153e-005 -0.0201252 -0.0742878 -7.21161e-005 0.999985 -0.005561 -0.0285072 0.0201251 0.00556133 0.999782 3.24073
0.999681 0.00086767 -0.0252266 -0.098646 -0.00104261 0.999975 -0.00692225 -0.0361526 0.02522 0.00694635 0.999658 3.99646
0.999584 0.0045661 -0.0284897 -0.125069 -0.0047836 0.99996 -0.00757074 -0.0435896 0.028454 0.00770387 0.999565 4.67826
0.99947 0.00379571 -0.0323329 -0.157208 -0.00398419 0.999975 -0.00576693 -0.0467566 0.0323103 0.00589269 0.999461 5.4541
0.999273 -0.000838233 -0.0381083 -0.18467 0.000721272 0.999995 -0.00308284 -0.0555624 0.0381107 0.00305311 0.999269 6.23073
0.999167 0.000811016 -0.0408089 -0.225109 -0.000851177 0.999999 -0.000966757 -0.0631617 0.0408081 0.00100069 0.999167 6.97505
0.999085 0.00212216 -0.0427257 -0.273636 -0.00216369 0.999997 -0.00092595 -0.0727809 0.0427236 0.00101755 0.999086 7.77868
0.999084 0.00192594 -0.0427592 -0.317441 -0.00200569 0.999996 -0.00182223 -0.079442 0.0427556 0.00190632 0.999084 8.55825
0.998966 -0.00378186 -0.0453136 -0.362105 0.00368029 0.999991 -0.00232471 -0.0863176 0.045322 0.00215554 0.99897 9.36303
0.998858 -0.00222131 -0.0477201 -0.407736 0.00214192 0.999996 -0.00171484 -0.0916792 0.0477237 0.00161067 0.998859 10.1849
0.99896 0.000848715 -0.0455924 -0.471301 -0.000918375 0.999998 -0.00150695 -0.106388 0.0455911 0.00154725 0.998959 10.969
0.998732 0.000982339 -0.0503249 -0.510389 -0.00117479 0.999992 -0.00379479 -0.114606 0.0503208 0.00384911 0.998726 11.8113
0.998711 0.00240205 -0.0507035 -0.544718 -0.00273866 0.999975 -0.00657039 -0.120603 0.0506864 0.00670078 0.998692 12.4009
0.998654 0.00373369 -0.0517234 -0.607046 -0.00412948 0.999963 -0.00754722 -0.131903 0.0516933 0.00775066 0.998633 13.3454
0.998565 0.00400357 -0.0533993 -0.647621 -0.00439864 0.999964 -0.00728287 -0.144164 0.0533682 0.00750731 0.998547 14.1077
0.998552 0.00160455 -0.053779 -0.693445 -0.00193136 0.99998 -0.00602544 -0.152172 0.0537683 0.00612058 0.998535 14.9426
0.998562 -0.000806252 -0.0536089 -0.775354 0.000567557 0.99999 -0.00446759 -0.161611 0.053612 0.00443074 0.998552 15.7729
0.998409 0.00073351 -0.0563881 -0.827164 -0.00100449 0.999988 -0.00477741 -0.176419 0.0563839 0.00482645 0.998397 16.635
0.998385 -0.00121166 -0.0567969 -0.892653 0.000901158 0.999985 -0.0054921 -0.184739 0.0568026 0.00543205 0.998371 17.5264
0.998318 -0.00158799 -0.0579575 -0.933586 0.00120985 0.999978 -0.00655899 -0.19819 0.0579666 0.00647784 0.998298 18.3276
0.998299 -0.00241116 -0.0582532 -0.99771 0.0021593 0.999988 -0.0043862 -0.205553 0.058263 0.00425295 0.998292 19.2056
0.998286 0.000647589 -0.0585255 -1.05676 -0.000718027 0.999999 -0.00118253 -0.217695 0.0585247 0.00122253 0.998285 20.0487
0.998321 -0.00111645 -0.057913 -1.10004 0.0012728 0.999996 0.002663 -0.232475 0.0579098 -0.00273224 0.998318 20.9215
0.998444 -0.000583262 -0.0557643 -1.15796 0.000879068 0.999986 0.00528019 -0.236672 0.0557604 -0.00532099 0.99843 21.8512
0.998447 -0.00546036 -0.0554389 -1.21091 0.00580172 0.999965 0.00599838 -0.235163 0.0554042 -0.0063107 0.998444 22.8079
0.998687 0.00244354 -0.051165 -1.27883 -0.00227672 0.999992 0.00331857 -0.243727 0.0511727 -0.00319772 0.998685 23.7494
0.998586 0.000296896 -0.0531559 -1.32789 -0.000397922 0.999998 -0.00188999 -0.249507 0.0531552 0.00190847 0.998584 24.7022
0.998761 -0.000648896 -0.0497599 -1.37877 0.000416841 0.999989 -0.00467373 -0.254595 0.0497624 0.00464719 0.99875 25.5934
0.998744 -0.00391054 -0.0499555 -1.42605 0.00372448 0.999986 -0.00381702 -0.269674 0.0499697 0.00362616 0.998744 26.503
0.998772 -0.00365094 -0.0494104 -1.46911 0.00368098 0.999993 0.00051715 -0.274045 0.0494082 -0.000698394 0.998778 27.389
0.998677 -0.00776155 -0.0508379 -1.50282 0.0079874 0.999959 0.004241 -0.2852 0.0508029 -0.00464145 0.998698 28.1314
0.998516 -0.0124865 -0.0530065 -1.52119 0.0126363 0.999917 0.00249231 -0.297551 0.052971 -0.00315841 0.998591 29.1144
0.998548 -0.00920103 -0.0530814 -1.58687 0.00917288 0.999958 -0.00077393 -0.302077 0.0530863 0.000285896 0.99859 30.0138
0.99846 -0.000580199 -0.0554732 -1.63434 0.000295518 0.999987 -0.00513992 -0.309546 0.0554755 0.00511562 0.998447 30.9353
0.998407 0.000233236 -0.0564245 -1.69247 -0.000561222 0.999983 -0.00579705 -0.319732 0.0564222 0.00581948 0.99839 31.8019
0.99833 0.000863744 -0.05777 -1.7385 -0.00110613 0.999991 -0.00416382 -0.333699 0.0577659 0.00422077 0.998321 32.6718
0.998333 0.00380913 -0.0575839 -1.80445 -0.00386567 0.999992 -0.000870396 -0.355746 0.0575802 0.00109155 0.99834 33.5419
0.998149 0.00239812 -0.060772 -1.85108 -0.00239415 0.999997 0.000138118 -0.363968 0.0607721 7.63535e-006 0.998152 34.4467
0.998164 0.00117619 -0.0605501 -1.91639 -0.00102726 0.999996 0.0024907 -0.373344 0.0605528 -0.00242393 0.998162 35.3651
0.998072 -0.000766641 -0.0620647 -1.96694 0.00111263 0.999984 0.00554022 -0.380629 0.0620595 -0.0055986 0.998057 36.2965
0.99808 0.00864028 -0.0613331 -2.05497 -0.00814793 0.999933 0.00827296 -0.384144 0.0614005 -0.00775733 0.998083 37.2763
0.998017 0.00552512 -0.0626967 -2.10513 -0.00508575 0.999961 0.00716527 -0.387864 0.0627338 -0.00683221 0.998007 38.2242
0.998056 0.000643918 -0.0623128 -2.17415 -0.000286796 0.999983 0.0057399 -0.39351 0.0623154 -0.00571087 0.99804 39.2034
0.998034 0.00361496 -0.0625754 -2.2281 -0.00339799 0.999988 0.00357334 -0.401619 0.0625875 -0.00335368 0.998034 40.1408
0.997929 0.00112373 -0.064314 -2.28342 -0.000858381 0.999991 0.00415328 -0.413895 0.0643181 -0.00408947 0.997921 41.0907
0.99804 -0.000525643 -0.0625784 -2.37577 0.000820495 0.999989 0.00468613 -0.422043 0.0625752 -0.00472829 0.998029 42.0979
0.997977 0.000319099 -0.0635691 -2.44903 5.19145e-005 0.999983 0.00583463 -0.426467 0.0635699 -0.00582613 0.99796 43.0512
0.997948 0.00412759 -0.0638974 -2.51616 -0.00398541 0.999989 0.00235244 -0.438969 0.0639064 -0.00209296 0.997954 44.0082
0.997919 0.005533 -0.0642436 -2.59796 -0.00566252 0.999982 -0.00183421 -0.447347 0.0642323 0.00219417 0.997933 44.9518
0.997811 0.00032737 -0.0661295 -2.6384 -0.000536191 0.999995 -0.00314004 -0.46 0.0661282 0.00316862 0.997806 45.8478
0.997909 0.000911363 -0.0646308 -2.7189 -0.000877993 0.999999 0.000544715 -0.474902 0.0646313 -0.000486831 0.997909 46.7128
0.99777 -0.00391403 -0.0666306 -2.7601 0.00415174 0.999986 0.00342946 -0.494229 0.0666162 -0.00369844 0.997772 47.5781
0.997882 -0.0039141 -0.0649332 -2.82454 0.00420202 0.999982 0.00429825 -0.506517 0.0649152 -0.00456199 0.99788 48.4752
0.997762 -0.00611436 -0.0665871 -2.87068 0.0062949 0.999977 0.00250178 -0.517646 0.0665703 -0.00291534 0.997777 49.3687
0.997797 -0.00527995 -0.0661318 -2.9286 0.00536367 0.999985 0.0010884 -0.532045 0.066125 -0.00144071 0.99781 50.2629
0.997725 -0.00375522 -0.0673098 -2.99742 0.00391009 0.99999 0.00216923 -0.54023 0.067301 -0.00242749 0.99773 51.1693
0.997593 -0.00723151 -0.0689702 -3.04018 0.00763958 0.999955 0.0056546 -0.544282 0.0689262 -0.00616789 0.997603 52.0395
0.997582 -0.00539324 -0.0692863 -3.10754 0.00612651 0.999927 0.0103751 -0.544554 0.0692253 -0.0107745 0.997543 52.9341
0.997514 -0.000856692 -0.0704572 -3.18064 0.00174228 0.99992 0.0125087 -0.547989 0.0704408 -0.0126003 0.997436 53.955
0.997498 0.00470372 -0.0705381 -3.26224 -0.00408154 0.999952 0.00896201 -0.558731 0.0705768 -0.00865169 0.997469 54.8883
0.997335 0.00396552 -0.072846 -3.33765 -0.00389909 0.999992 0.00105405 -0.562252 0.0728495 -0.000767209 0.997343 55.8664
0.997306 0.00498965 -0.0731837 -3.39776 -0.0052466 0.999981 -0.00331923 -0.582272 0.0731658 0.00369425 0.997313 56.7347
0.997172 0.00572819 -0.0749397 -3.4773 -0.00593509 0.999979 -0.00253842 -0.588157 0.0749236 0.00297601 0.997185 57.6034
0.997127 0.00646608 -0.0754657 -3.54123 -0.00644812 0.999979 0.000481572 -0.615533 0.0754672 6.42354e-006 0.997148 58.4565
0.997008 0.00255017 -0.0772538 -3.60357 -0.0024299 0.999996 0.00165083 -0.627763 0.0772577 -0.00145817 0.99701 59.2714
0.996756 -0.00290075 -0.0804301 -3.6523 0.00301056 0.999995 0.0012441 -0.635256 0.0804261 -0.0014822 0.996759 60.1073
0.996705 0.000701761 -0.0811078 -3.72146 -0.000492373 0.999996 0.00260157 -0.653451 0.0811093 -0.00255307 0.996702 60.9185
0.996571 0.00356407 -0.0826706 -3.79999 -0.00329568 0.999989 0.0033827 -0.666238 0.0826817 -0.00309864 0.996571 61.761
0.996545 0.00294204 -0.0829975 -3.87202 -0.00266426 0.99999 0.00345733 -0.673399 0.0830068 -0.00322426 0.996544 62.599
0.996461 0.00201142 -0.084029 -3.95561 -0.00159454 0.999986 0.00502806 -0.685672 0.084038 -0.00487628 0.996451 63.4128
0.996338 0.00423402 -0.0853928 -4.03353 -0.00359097 0.999964 0.00768265 -0.692643 0.0854222 -0.00734787 0.996318 64.187
0.996149 0.00178908 -0.0876558 -4.09698 -0.000765545 0.999931 0.011709 -0.697316 0.0876707 -0.0115968 0.996082 64.9936
0.996152 0.00591933 -0.0874461 -4.17357 -0.00470953 0.99989 0.0140346 -0.705638 0.0875196 -0.0135688 0.99607 65.7817
0.995818 0.00414791 -0.0912695 -4.23332 -0.00325804 0.999946 0.00989674 -0.719288 0.0913056 -0.00955798 0.995777 66.5646
0.99595 0.00328379 -0.0898509 -4.32566 -0.00303816 0.999991 0.00287038 -0.731819 0.0898596 -0.00258577 0.995951 67.3644
0.995645 -0.000747429 -0.0932277 -4.27989 0.00045343 0.999995 -0.0031747 -0.766493 0.0932296 0.0031186 0.99564 67.9756
0.995635 0.00242867 -0.0933018 -4.40113 -0.00281463 0.999988 -0.00400526 -0.755175 0.0932909 0.00425038 0.99563 68.7243
0.994932 0.00058622 -0.100552 -4.44046 -0.000492249 0.999999 0.000959359 -0.771781 0.100553 -0.000905 0.994931 69.3479
0.995328 0.00187902 -0.0965293 -4.56652 -0.00168489 0.999996 0.00209256 -0.777468 0.0965329 -0.00192014 0.995328 70.0426
0.994979 -0.00310947 -0.100032 -4.61017 0.00313294 0.999995 7.75433e-005 -0.798514 0.100031 -0.000390547 0.994984 70.6919
0.99514 -0.0109425 -0.0978608 -4.67432 0.0103402 0.999924 -0.00665962 -0.809405 0.0979263 0.00561535 0.995178 71.3473
0.994959 -0.0135241 -0.0993712 -4.70212 0.0124324 0.999855 -0.0115974 -0.825226 0.0995137 0.0103035 0.994983 71.9374
0.995546 -0.00129156 -0.0942646 -4.75572 0.000198062 0.999933 -0.0116087 -0.829005 0.0942733 0.0115384 0.995479 72.4497
0.995893 0.00783021 -0.0901943 -4.81195 -0.00857963 0.999932 -0.00792417 -0.841159 0.0901261 0.00866546 0.995893 72.9702
0.996323 0.00327116 -0.0856131 -4.84294 -0.00375189 0.999978 -0.0054548 -0.84995 0.0855934 0.00575596 0.996314 73.3951
0.996739 -0.00596148 -0.0804704 -4.87754 0.00586639 0.999982 -0.00141807 -0.862095 0.0804774 0.000941372 0.996756 73.9651
0.997304 -0.010205 -0.0726701 -4.8948 0.0103627 0.999945 0.0017943 -0.88119 0.0726477 -0.00254253 0.997354 74.4433
0.998064 -0.00173255 -0.0621672 -4.92699 0.00184429 0.999997 0.00174016 -0.888338 0.0621639 -0.00185144 0.998064 74.9695
0.998864 0.00864686 -0.0468523 -4.95511 -0.00858058 0.999962 0.00161554 -0.895467 0.0468645 -0.00121168 0.998901 75.453
0.99953 0.0100713 -0.0289521 -4.96455 -0.00999384 0.999946 0.00282054 -0.904717 0.028979 -0.00252987 0.999577 75.9525
0.999975 0.00319712 -0.00629033 -4.9578 -0.00317625 0.999989 0.00332575 -0.908179 0.00630089 -0.00330569 0.999975 76.4256
0.999803 -0.00454445 0.0193147 -4.92647 0.00444844 0.999978 0.00501102 -0.916192 -0.0193371 -0.00492411 0.999801 76.9078
0.998786 -0.00899592 0.0484228 -4.87796 0.00868184 0.99994 0.00669268 -0.92392 -0.0484801 -0.00626416 0.998805 77.3662
0.996677 -0.00232502 0.081428 -4.82016 0.00162338 0.999961 0.00868187 -0.931796 -0.081445 -0.00852083 0.996641 77.8468
0.992965 -0.0014776 0.118403 -4.73655 0.000400805 0.999958 0.00911764 -0.93065 -0.118411 -0.00900604 0.992924 78.3053
0.987135 -0.00259925 0.159868 -4.6351 0.00101445 0.99995 0.00999403 -0.935943 -0.159885 -0.00970328 0.987088 78.7653
0.978779 -0.00225114 0.204904 -4.50954 0.000124995 0.999946 0.0103886 -0.939087 -0.204917 -0.0101426 0.978727 79.2032
0.967635 -0.0011844 0.25235 -4.35963 -0.000954375 0.999965 0.00835288 -0.950227 -0.252351 -0.00832338 0.9676 79.6235
0.951728 0.000205141 0.306944 -4.19641 -0.00208279 0.999981 0.0057897 -0.952863 -0.306937 -0.00614952 0.95171 80.025
0.932443 -0.000779272 0.361316 -4.00997 -0.000929121 0.999989 0.00455451 -0.954714 -0.361315 -0.00458253 0.932432 80.4033
0.90845 -0.00128714 0.417992 -3.80425 4.74823e-005 0.999996 0.00297613 -0.950213 -0.417994 -0.00268382 0.908446 80.7688
0.880235 -0.00206185 0.474533 -3.56897 0.00133518 0.999997 0.0018683 -0.952249 -0.474535 -0.00101095 0.880236 81.0974
0.847693 -0.00552173 0.530459 -3.29688 0.00564416 0.999983 0.0013896 -0.946448 -0.530458 0.00181604 0.847709 81.4138
0.810585 -0.00495194 0.5856 -3.02642 0.00473739 0.999987 0.00189859 -0.955503 -0.585602 0.00123525 0.810598 81.7016
0.77127 -0.00226838 0.636504 -2.73765 0.00083273 0.999996 0.00255475 -0.956413 -0.636507 -0.00144037 0.771269 81.9729
0.729326 -0.000751372 0.684166 -2.43591 -0.00328371 0.999984 0.00459867 -0.958732 -0.684159 -0.00560053 0.729312 82.2299
0.684851 -0.000725642 0.728683 -2.1325 -0.00447871 0.999976 0.00520511 -0.968175 -0.728669 -0.00682828 0.684832 82.4546
0.638847 -0.00604276 0.76931 -1.79301 0.00101078 0.999975 0.00701521 -0.970385 -0.769333 -0.00370404 0.638837 82.6736
0.592075 -0.0115674 0.8058 -1.44275 0.00534919 0.999931 0.0104238 -0.973909 -0.805865 -0.00186129 0.592096 82.871
0.543385 -0.0049286 0.839469 -1.10705 -0.00266174 0.999968 0.00759383 -0.989963 -0.839479 -0.00636082 0.543354 83.069
0.497839 0.00103114 0.867269 -0.738048 -0.00827188 0.999959 0.00355942 -0.989728 -0.86723 -0.00894596 0.497828 83.2371
0.451404 4.76563e-005 0.89232 -0.382914 -0.0041944 0.999989 0.00206844 -0.99761 -0.89231 -0.00467645 0.451399 83.3827
0.409176 -0.00761941 0.912424 -0.0101349 0.00278771 0.999971 0.00710035 -0.995878 -0.912451 -0.000361722 0.409185 83.5086
0.36989 -0.0225108 0.928803 0.365202 0.00612213 0.999744 0.021792 -0.994039 -0.929055 -0.0023744 0.369933 83.5949
0.33457 -0.0242423 0.942059 0.754382 -0.00193575 0.999649 0.0264117 -0.989433 -0.942369 -0.0106602 0.334406 83.6987
0.302465 -0.0161271 0.953024 1.17033 -0.0143871 0.999666 0.0214825 -0.985698 -0.953052 -0.020209 0.302132 83.8032
0.270716 -0.00538072 0.962644 1.56955 -0.0152668 0.999835 0.00988194 -0.993702 -0.962538 -0.0173717 0.270589 83.9155
0.242073 0.000423197 0.970258 1.98534 -0.0128931 0.999913 0.00278062 -1.00036 -0.970172 -0.0131828 0.242057 84.0123
0.217005 -0.00381487 0.976163 2.4042 -0.00280047 0.999986 0.00453053 -1.00565 -0.976166 -0.00371686 0.216992 84.0772
0.193392 -0.0109392 0.981061 2.79037 0.00442002 0.999937 0.0102784 -1.00909 -0.981112 0.00234855 0.193428 84.1335
0.173322 -0.0168341 0.984721 3.20981 0.0097453 0.999834 0.0153772 -1.00044 -0.984817 0.00693121 0.173457 84.1742
0.153774 -0.0167831 0.987963 3.62354 0.00789735 0.999845 0.0157557 -0.984237 -0.988074 0.00537947 0.153883 84.2287
0.1362 -0.0121848 0.990606 4.03009 -0.00537981 0.999901 0.0130388 -0.976083 -0.990667 -0.00710516 0.13612 84.2787
0.120902 -0.00867947 0.992626 4.44036 -0.0182099 0.999774 0.0109599 -0.975164 -0.992497 -0.0194007 0.120717 84.3242
0.106032 -0.00851963 0.994326 4.87271 -0.0193651 0.999756 0.0106312 -0.976394 -0.994174 -0.0203825 0.105842 84.3724
0.0925336 -0.0114086 0.995644 5.30966 -0.0149546 0.999806 0.0128462 -0.976528 -0.995597 -0.0160782 0.092345 84.4108
0.0808853 -0.0149132 0.996612 5.8048 -0.0118114 0.999804 0.0159196 -0.975234 -0.996653 -0.013059 0.0806933 84.441
0.0701778 -0.0165837 0.997397 6.29665 -0.0102642 0.999797 0.0173458 -0.9686 -0.997482 -0.0114548 0.0699933 84.4666
0.0628036 -0.0195562 0.997834 6.81542 -0.0127092 0.999711 0.0203929 -0.963767 -0.997945 -0.0139624 0.0625369 84.4954
0.0568879 -0.0200373 0.998179 7.34382 -0.0161789 0.999649 0.0209889 -0.958744 -0.998249 -0.0173434 0.0565437 84.5254
0.0512298 -0.020452 0.998477 7.87209 -0.0173101 0.999622 0.0213635 -0.950167 -0.998537 -0.0183782 0.0508564 84.5484
0.0446332 -0.020484 0.998793 8.41534 -0.0183064 0.999605 0.0213187 -0.948611 -0.998836 -0.0192358 0.0442405 84.5852
0.0412092 -0.0238593 0.998866 9.04074 -0.0196054 0.999503 0.0246833 -0.931618 -0.998958 -0.0206004 0.0407209 84.6019
0.0383505 -0.0241484 0.998973 9.62114 -0.0204082 0.999481 0.0249442 -0.927259 -0.999056 -0.0213438 0.0378377 84.6099
0.0343785 -0.0238981 0.999123 10.2429 -0.0234277 0.99942 0.0247113 -0.916431 -0.999134 -0.0242567 0.0337986 84.6385
0.0330567 -0.028344 0.999051 10.9061 -0.0253826 0.999252 0.0291895 -0.902588 -0.999131 -0.0263234 0.0323126 84.6535
0.0309999 -0.030335 0.999059 11.5501 -0.0245489 0.999215 0.0311014 -0.888026 -0.999218 -0.0254899 0.0302308 84.6832
0.0320912 -0.0340374 0.998905 12.2129 -0.0266132 0.999037 0.0348969 -0.864297 -0.999131 -0.027704 0.0311545 84.7121
0.0344485 -0.0370061 0.998721 12.8919 -0.0313612 0.998782 0.0380901 -0.858347 -0.998914 -0.0326332 0.033246 84.7378
0.0387769 -0.038698 0.998498 13.5932 -0.0320182 0.998689 0.0399488 -0.83713 -0.998735 -0.0335192 0.037487 84.7423
0.0422829 -0.037609 0.998398 14.3064 -0.0359099 0.998588 0.039137 -0.816917 -0.99846 -0.0375072 0.0408727 84.7853
0.0471458 -0.0399958 0.998087 14.7271 -0.0399867 0.998322 0.041894 -0.799161 -0.998087 -0.0418853 0.0454673 84.7968
0.0492993 -0.037491 0.99808 15.6167 -0.0417306 0.998345 0.0395622 -0.774842 -0.997912 -0.0436009 0.0476532 84.8608
0.0550735 -0.0369692 0.997798 16.2892 -0.0440552 0.998251 0.0394176 -0.744743 -0.99751 -0.046129 0.0533485 84.9035
0.0573725 -0.0335475 0.997789 17.1139 -0.0423909 0.998452 0.0360072 -0.716519 -0.997452 -0.044363 0.0558616 84.9589
0.0622702 -0.0320176 0.997546 17.8964 -0.0366355 0.998738 0.0343428 -0.703591 -0.997387 -0.0386841 0.0610187 85.0107
0.0652842 -0.0312742 0.997377 18.7414 -0.0307072 0.998972 0.0333342 -0.679137 -0.997394 -0.0328028 0.0642568 85.0957
0.0648637 -0.0251326 0.997578 19.6018 -0.0236823 0.999362 0.0267174 -0.652707 -0.997613 -0.025358 0.0642271 85.1782
0.065114 -0.0213256 0.99765 20.377 -0.0229855 0.999474 0.0228648 -0.644476 -0.997613 -0.0244203 0.0645896 85.2186
0.0644059 -0.0229269 0.99766 21.1826 -0.0236569 0.99942 0.0244945 -0.632434 -0.997643 -0.0251791 0.0638262 85.2839
0.0671774 -0.0209116 0.997522 21.9795 -0.0254587 0.999419 0.0226659 -0.624101 -0.997416 -0.0269182 0.066606 85.3124
0.0685537 -0.0252005 0.997329 22.7715 -0.0256684 0.999305 0.0270148 -0.624333 -0.997317 -0.0274518 0.0678592 85.3308
0.0673216 -0.020533 0.99752 23.5975 -0.022486 0.999503 0.0220913 -0.60831 -0.997478 -0.0239174 0.0668264 85.3971
0.0696388 -0.0200685 0.99737 24.3935 -0.0263549 0.999412 0.0219498 -0.604285 -0.997224 -0.0278142 0.0690689 85.4605
0.0683479 -0.0187102 0.997486 25.2809 -0.0218777 0.999556 0.0202481 -0.589226 -0.997422 -0.0232066 0.0679082 85.5527
0.0670549 -0.016014 0.997621 26.1084 -0.0195713 0.999658 0.0173621 -0.579958 -0.997557 -0.0206889 0.0667186 85.6251
0.064282 -0.0126653 0.997851 26.922 -0.0177261 0.999747 0.0138313 -0.579574 -0.997774 -0.0185771 0.0640413 85.663
0.0587931 -0.00861823 0.998233 27.7626 -0.017725 0.999796 0.00967567 -0.576952 -0.998113 -0.0182626 0.0586283 85.7396
0.056189 -0.0084756 0.998384 28.582 -0.0174573 0.999803 0.00947013 -0.577288 -0.998268 -0.0179612 0.05603 85.7841
0.049254 -0.00563917 0.99877 29.4218 -0.0151141 0.999865 0.0063907 -0.585122 -0.998672 -0.0154103 0.0491621 85.8335
0.0419329 -0.00408706 0.999112 30.2438 -0.0106693 0.999933 0.00453821 -0.596262 -0.999063 -0.0108502 0.0418865 85.8729
0.0332427 -0.00574537 0.999431 31.1104 -0.00540007 0.999968 0.00592807 -0.60358 -0.999433 -0.00559406 0.0332106 85.9062
0.0228571 -0.00376184 0.999732 31.929 -0.00311408 0.999988 0.003834 -0.613872 -0.999734 -0.00320088 0.0228451 85.9219
0.0132755 -0.00691468 0.999888 32.7562 -0.00564893 0.99996 0.00699017 -0.617547 -0.999896 -0.0057411 0.0132359 85.9258
0.00152117 -0.00364499 0.999992 33.625 -0.00636415 0.999973 0.0036546 -0.622646 -0.999979 -0.00636966 0.00149793 85.9476
-0.0101169 -0.00632717 0.999929 34.5175 -0.00751205 0.999952 0.00625131 -0.618556 -0.999921 -0.00744827 -0.010164 85.9537
-0.0195495 -0.00523457 0.999795 35.3337 -0.00474559 0.999976 0.00514272 -0.633142 -0.999798 -0.00464408 -0.0195739 85.9169
-0.0312922 -0.00698937 0.999486 36.19 -0.00526606 0.999963 0.00682783 -0.63985 -0.999496 -0.00504969 -0.0313278 85.8992
-0.0418813 -0.00643103 0.999102 37.0324 -0.00468293 0.99997 0.00624031 -0.650951 -0.999112 -0.00441738 -0.0419101 85.8559
-0.0537431 -0.00875968 0.998516 38.0058 -0.00404717 0.999955 0.00855447 -0.625872 -0.998547 -0.00358142 -0.0537761 85.8543
-0.0620609 -0.00739061 0.998045 38.7633 -0.0040714 0.999966 0.00715167 -0.643349 -0.998064 -0.00361961 -0.0620888 85.7857
-0.0721846 -0.00887509 0.997352 39.5637 -0.00719929 0.999939 0.00837706 -0.644945 -0.997365 -0.00657553 -0.0722441 85.7259
-0.0810314 -0.0104637 0.996657 40.3698 -0.00728167 0.999924 0.00990594 -0.651099 -0.996685 -0.00645463 -0.0811015 85.6562
-0.0903837 -0.0112322 0.995844 41.1339 -0.00913168 0.999904 0.0104492 -0.644876 -0.995865 -0.00814929 -0.0904775 85.5975
-0.0973791 -0.01211 0.995174 41.9036 -0.0129981 0.999856 0.0108951 -0.661009 -0.995162 -0.0118744 -0.0975225 85.5109
-0.10303 -0.0158984 0.994551 42.6276 -0.0148964 0.999785 0.0144389 -0.660144 -0.994567 -0.0133276 -0.103245 85.4389
-0.107147 -0.0174016 0.994091 43.3973 -0.0164032 0.999742 0.0157325 -0.660055 -0.994108 -0.0146206 -0.107405 85.3593
-0.109297 -0.0195974 0.993816 44.1091 -0.0186624 0.99967 0.0176604 -0.662825 -0.993834 -0.0166168 -0.109626 85.2532
-0.111148 -0.0199644 0.993603 44.8716 -0.0199488 0.999642 0.0178542 -0.664654 -0.993604 -0.0178367 -0.111506 85.1716
-0.108991 -0.0249605 0.993729 45.5788 -0.0221486 0.999497 0.0226761 -0.671891 -0.993796 -0.0195383 -0.109489 85.0674
-0.108622 -0.0250005 0.993769 46.346 -0.0209375 0.999519 0.0228566 -0.672459 -0.993863 -0.0183242 -0.109094 84.9824
-0.106355 -0.0245103 0.994026 46.9887 -0.0225094 0.999499 0.0222369 -0.690472 -0.994073 -0.0200099 -0.106854 84.8977
-0.0994654 -0.0268185 0.99468 47.6589 -0.0241154 0.999408 0.0245345 -0.674919 -0.994749 -0.0215468 -0.100053 84.8444
-0.0890296 -0.0238907 0.995742 48.258 -0.0236478 0.999481 0.021866 -0.677097 -0.995748 -0.0216004 -0.0895483 84.7969
-0.0785862 -0.0246045 0.996604 48.8839 -0.0258384 0.99941 0.0226363 -0.675293 -0.996572 -0.0239718 -0.0791756 84.751
-0.0649213 -0.0229879 0.997626 49.4828 -0.0244556 0.999471 0.0214389 -0.67308 -0.997591 -0.0230057 -0.0654491 84.7344
-0.0471908 -0.0225158 0.998632 50.0565 -0.022945 0.999507 0.0214512 -0.669412 -0.998622 -0.0219013 -0.0476842 84.7095
-0.0269343 -0.0202656 0.999432 50.6105 -0.0184611 0.999634 0.0197721 -0.665773 -0.999467 -0.017918 -0.0272985 84.7202
-0.00180168 -0.0180157 0.999836 51.156 -0.0166915 0.999699 0.0179832 -0.666238 -0.999859 -0.0166564 -0.00210185 84.7384
0.0253554 -0.0164727 0.999543 51.6846 -0.0156306 0.999735 0.0168723 -0.659101 -0.999556 -0.0160513 0.0250912 84.7848
0.0589126 -0.014765 0.998154 52.1889 -0.0169825 0.999731 0.0157907 -0.655149 -0.998119 -0.0178814 0.058646 84.8332
0.0961199 -0.0128177 0.995287 52.6775 -0.0192577 0.999706 0.0147344 -0.651015 -0.995183 -0.0205832 0.0958448 84.9128
0.138734 -0.0114424 0.990264 53.1487 -0.0209462 0.999676 0.0144856 -0.643849 -0.990108 -0.0227519 0.138449 84.9641
0.18205 -0.00659856 0.983267 53.6557 -0.0223813 0.999691 0.0108526 -0.639568 -0.983034 -0.0239825 0.181846 85.1154
0.233576 -0.0119397 0.972265 54.1301 -0.0274233 0.999446 0.0188617 -0.638838 -0.971952 -0.0310684 0.233119 85.2525
0.282659 -0.0083463 0.959184 54.6046 -0.0205668 0.99968 0.0147594 -0.637526 -0.959 -0.0238992 0.282397 85.4315
0.335754 -0.00784812 0.941917 55.0819 -0.0161369 0.999771 0.0140823 -0.638395 -0.941812 -0.0199278 0.33555 85.6496
0.397406 -0.0147833 0.917524 55.5802 -0.00499675 0.999821 0.0182736 -0.625314 -0.917629 -0.0118467 0.397261 85.8702
0.458922 -0.0162093 0.888329 56.0953 0.00149746 0.999846 0.0174706 -0.619194 -0.888475 -0.00668738 0.458876 86.1455
0.512423 -0.0173446 0.858558 56.5052 0.000933988 0.999807 0.0196407 -0.617958 -0.858732 -0.00926246 0.512341 86.4743
0.570609 -0.0138973 0.821104 56.8415 -0.000261957 0.999854 0.0171046 -0.606306 -0.821222 -0.00997516 0.570522 86.7459
0.625852 -0.00575165 0.779921 57.1904 -0.00663719 0.999897 0.0127 -0.600429 -0.779914 -0.0131248 0.625749 87.119
0.679798 -0.00672836 0.733369 57.4203 -0.00494103 0.999893 0.0137537 -0.591258 -0.733383 -0.0129733 0.679692 87.387
0.724996 -0.00527391 0.688733 57.6975 -0.00443285 0.999914 0.012323 -0.588306 -0.688739 -0.0119872 0.72491 87.7367
0.770188 -0.00495644 0.637798 57.9098 -0.0071738 0.999839 0.0164328 -0.58521 -0.637777 -0.0172318 0.770028 88.0403
0.810907 -0.00186246 0.585172 58.1405 -0.0125427 0.99971 0.020563 -0.573869 -0.585041 -0.0240143 0.810648 88.4392
0.847524 -0.000745311 0.530757 58.3299 -0.0143546 0.999601 0.0243254 -0.556484 -0.530563 -0.0282351 0.847175 88.8305
0.878868 -0.00416246 0.477047 58.5146 -0.0134053 0.999352 0.0334165 -0.550719 -0.476877 -0.0357637 0.878242 89.246
0.903841 0.00292803 0.427858 58.6711 -0.0179263 0.999358 0.0310298 -0.530565 -0.427492 -0.0357159 0.903313 89.6944
0.92425 0.00403935 0.381767 58.8016 -0.0190474 0.999187 0.0355412 -0.533532 -0.381313 -0.0401207 0.923575 90.1241
0.939335 0.00800845 0.342906 58.9201 -0.0202898 0.999274 0.0322428 -0.518432 -0.342399 -0.0372443 0.938816 90.5838
0.951426 0.00637477 0.307811 59.0331 -0.0167388 0.999378 0.0310417 -0.507354 -0.307421 -0.0346863 0.950941 91.0463
0.960718 0.00306614 0.27751 59.1416 -0.0114045 0.999531 0.0284379 -0.494142 -0.277292 -0.0304857 0.960302 91.5338
0.966783 -0.0077562 0.25548 59.2597 -4.58781e-005 0.999534 0.0305188 -0.484798 -0.255598 -0.0295168 0.966333 92.0283
0.970772 -0.0118171 0.239712 59.3765 0.00458477 0.999518 0.0307062 -0.476066 -0.239959 -0.0287097 0.970358 92.5336
0.973701 -0.00130586 0.227825 59.435 -0.00557853 0.999547 0.0295714 -0.470634 -0.22776 -0.0300646 0.973253 92.8474
0.975859 0.0075892 0.218269 59.5566 -0.0139981 0.999515 0.0278309 -0.45253 -0.217952 -0.0302144 0.975492 93.4558
0.977097 0.0103078 0.212544 59.6284 -0.0160336 0.999553 0.0252336 -0.442278 -0.212189 -0.0280635 0.976826 93.8592
0.977719 0.00937565 0.209708 59.7463 -0.0139601 0.999695 0.0203917 -0.431226 -0.209453 -0.0228649 0.977551 94.4768
0.977916 0.00292694 0.208977 59.8464 -0.00684087 0.999814 0.0180087 -0.430903 -0.208885 -0.0190406 0.977755 94.9753
0.97722 -0.0021422 0.21222 59.9542 -0.000917165 0.999897 0.0143165 -0.424736 -0.212229 -0.014185 0.977117 95.5494
0.976451 -0.00766864 0.215605 60.0818 0.00577871 0.999939 0.00939472 -0.416625 -0.215664 -0.00792757 0.976436 96.0542
0.975211 -0.00514029 0.221219 60.2033 0.00422698 0.99998 0.00460172 -0.410126 -0.221239 -0.00355255 0.975213 96.5826
0.974325 0.00315361 0.225124 60.314 -0.00421503 0.999982 0.00423436 -0.409129 -0.225106 -0.00507455 0.974321 97.1629
0.973079 0.00870364 0.230309 60.4265 -0.0106383 0.999918 0.00715998 -0.408556 -0.230227 -0.00941732 0.973091 97.631
0.971848 0.00142439 0.235604 60.6102 -0.00434483 0.99992 0.0118768 -0.403198 -0.235569 -0.0125661 0.971776 98.376
0.970947 -0.00524137 0.239236 60.7377 0.000843593 0.999829 0.0184813 -0.404507 -0.239291 -0.0177426 0.970786 98.8807
0.970156 -0.00651443 0.242394 60.8831 0.000799107 0.99972 0.0236695 -0.394408 -0.24248 -0.0227694 0.969889 99.4862
0.9696 -0.00931182 0.244518 61.0696 0.0032359 0.999676 0.0252385 -0.380427 -0.244674 -0.0236801 0.969316 100.113
0.969183 -0.0100056 0.246137 61.2142 0.00456398 0.999733 0.0226684 -0.378477 -0.246298 -0.0208465 0.96897 100.776
0.96965 -0.0100182 0.244292 61.4085 0.00601189 0.999835 0.0171397 -0.367601 -0.244424 -0.0151508 0.96955 101.486
0.969548 -0.00516419 0.244847 61.5725 0.00262648 0.999939 0.0106898 -0.36078 -0.244887 -0.00972123 0.969503 102.168
0.970472 -0.00143739 0.241208 61.7333 -0.000285578 0.999975 0.00710799 -0.354099 -0.241212 -0.006967 0.970447 102.835
0.970973 -0.000103651 0.239189 61.8874 -0.00253834 0.999939 0.0107376 -0.345468 -0.239175 -0.0110331 0.970914 103.492
0.971362 -0.00391188 0.237571 62.0465 -0.000562743 0.999824 0.0187642 -0.340594 -0.237602 -0.0183605 0.971189 104.128
0.971989 -0.00264616 0.235012 62.2137 -0.0030839 0.999707 0.0240111 -0.335216 -0.235007 -0.0240633 0.971696 104.855
0.972403 0.00258136 0.233293 62.3827 -0.00806299 0.999713 0.0225461 -0.330258 -0.233168 -0.023805 0.972145 105.596
0.972872 0.00345443 0.231319 62.5564 -0.00756141 0.999829 0.0168703 -0.316228 -0.231221 -0.0181618 0.972732 106.375
0.973733 0.0022149 0.227683 62.7226 -0.00489867 0.999925 0.0112229 -0.306913 -0.227641 -0.0120434 0.973671 107.122
0.97464 -0.00398912 0.223742 62.883 0.00201685 0.999957 0.00904278 -0.30762 -0.223768 -0.0083622 0.974607 107.895
0.97548 -0.00517489 0.220027 63.0518 0.00291516 0.99994 0.0105937 -0.298842 -0.220068 -0.00969253 0.975436 108.631
0.976186 -0.00615173 0.21685 63.2156 0.00341743 0.99991 0.0129819 -0.296402 -0.21691 -0.0119317 0.976119 109.349
0.976692 -0.00571854 0.214569 63.3755 0.0022858 0.999865 0.016243 -0.293044 -0.214633 -0.015374 0.976574 110.115
0.977058 -0.00602995 0.212888 63.5374 0.00201827 0.999816 0.0190563 -0.284651 -0.212964 -0.0181895 0.976891 110.862
0.977205 -0.0105131 0.212036 63.721 0.00607046 0.999748 0.0215924 -0.27904 -0.21221 -0.019813 0.977023 111.631
0.977123 -0.00421939 0.212633 63.8824 -0.000466229 0.999758 0.0219812 -0.271375 -0.212674 -0.0215775 0.976885 112.41
0.977349 0.00384993 0.211597 64.0395 -0.00836426 0.999756 0.0204436 -0.266278 -0.211467 -0.0217504 0.977143 113.178
0.976979 0.00751397 0.213202 64.2091 -0.0110646 0.999819 0.0154655 -0.258907 -0.213047 -0.0174684 0.976886 113.999
0.97662 0.0111206 0.214686 64.3626 -0.0140264 0.999829 0.0120167 -0.253176 -0.214516 -0.014747 0.976609 114.739
0.976256 0.0105771 0.21636 64.5388 -0.0135522 0.999833 0.0122712 -0.252257 -0.216194 -0.014912 0.976237 115.548
0.975416 0.00839628 0.220213 64.7152 -0.0116035 0.999845 0.0132747 -0.252436 -0.220068 -0.0155036 0.975361 116.399
0.975086 0.00146384 0.221824 64.8957 -0.00450371 0.999903 0.0131988 -0.252534 -0.221783 -0.013869 0.974997 117.22
0.974473 -0.00360372 0.224475 65.0895 0.00129758 0.999945 0.0104201 -0.248484 -0.2245 -0.00986286 0.974424 118.114
0.973637 -0.00592133 0.228026 65.2734 0.00331528 0.999925 0.0118101 -0.242043 -0.228078 -0.0107428 0.973584 118.952
0.97368 -0.0115029 0.227629 65.4673 0.00893179 0.999884 0.0123223 -0.244853 -0.227744 -0.00996481 0.97367 119.726
0.973446 -0.00854136 0.228759 65.6607 0.0058352 0.999905 0.0125036 -0.246435 -0.228844 -0.0108367 0.973403 120.589
0.972845 0.0027193 0.23144 65.8517 -0.00610316 0.999885 0.0139062 -0.24225 -0.231375 -0.0149411 0.97275 121.408
0.97282 0.0031374 0.23154 66.0405 -0.00795603 0.999771 0.0198804 -0.235128 -0.231424 -0.0211822 0.972622 122.246
0.972441 0.00621009 0.233067 66.2315 -0.0117156 0.999684 0.0222451 -0.234117 -0.232856 -0.0243626 0.972206 123.125
0.971628 0.00411381 0.236478 66.4314 -0.00810222 0.999841 0.0158966 -0.233985 -0.236375 -0.0173616 0.971507 124.051
0.971996 -0.0126536 0.234656 66.6582 0.0119344 0.999919 0.00448501 -0.236901 -0.234693 -0.00155894 0.972068 124.906
0.971835 -0.0131182 0.235297 66.8576 0.0144901 0.999887 -0.00410212 -0.24104 -0.235216 0.00739605 0.971915 125.697
0.972365 -0.00657514 0.233374 67.0367 0.00537013 0.999969 0.00579848 -0.235917 -0.233404 -0.00438499 0.97237 126.451
0.972693 -0.00294267 0.232079 67.2169 -0.00324937 0.999649 0.026294 -0.241646 -0.232075 -0.02633 0.972342 127.197
0.97278 -0.00162657 0.231726 67.4061 -0.00801923 0.99914 0.0406779 -0.237865 -0.231593 -0.0414289 0.97193 128.074
0.9732 -0.000534663 0.229962 67.6107 -0.0076988 0.999361 0.0349049 -0.231151 -0.229833 -0.0357399 0.972574 128.933
0.973016 0.00428111 0.230699 67.8344 -0.00855091 0.99981 0.0175114 -0.205346 -0.23058 -0.0190116 0.972868 130.049
0.973515 -0.000313635 0.228622 68.0728 -0.0021793 0.999941 0.0106516 -0.19983 -0.228612 -0.0108677 0.973457 131.017
0.973709 -0.00725632 0.227678 68.2514 0.00504167 0.999934 0.0103072 -0.2013 -0.227738 -0.00888831 0.973682 131.77
0.974548 -0.00517986 0.22412 68.4668 0.00245817 0.99992 0.0124212 -0.216543 -0.224167 -0.0115541 0.974482 132.695
0.975646 -0.00266197 0.219335 68.6476 0.000149297 0.999934 0.0114716 -0.207204 -0.219351 -0.0111595 0.975582 133.485
0.976545 -0.00103204 0.21531 68.7953 -0.00105143 0.999954 0.00956186 -0.211764 -0.21531 -0.00956398 0.976499 134.26
0.977244 0.00764397 0.21198 68.9563 -0.00964176 0.999918 0.00839234 -0.214968 -0.211898 -0.0102452 0.977238 135.08
0.977461 0.0106236 0.210848 69.1243 -0.0120619 0.999912 0.00553665 -0.202099 -0.210771 -0.00795509 0.977503 135.897
0.977941 0.00798697 0.20873 69.2707 -0.00979421 0.999923 0.00762619 -0.213319 -0.208653 -0.0095023 0.977944 136.682
0.978363 0.00197895 0.206885 69.4348 -0.00454881 0.999918 0.0119467 -0.215393 -0.206845 -0.0126293 0.978292 137.446
0.978691 -0.0029666 0.205316 69.609 0.000342355 0.999918 0.0128158 -0.217985 -0.205337 -0.0124724 0.978612 138.339
0.979152 -0.00470551 0.203073 69.7687 0.00263978 0.999942 0.010442 -0.224514 -0.20311 -0.00968822 0.979108 139.146
0.98005 -0.00823278 0.198582 69.9385 0.00698074 0.999951 0.00700416 -0.225205 -0.19863 -0.00547817 0.980059 139.955
0.981352 -0.00943802 0.191987 70.1014 0.00833653 0.999944 0.00654431 -0.221472 -0.192038 -0.00482177 0.981376 140.715
0.982722 -0.00593612 0.184992 70.2449 0.00369555 0.999916 0.0124542 -0.221649 -0.18505 -0.0115554 0.982661 141.524
0.983902 -0.00234536 0.178692 70.3585 -0.00127854 0.999796 0.0201622 -0.225063 -0.178703 -0.0200661 0.983698 142.206
0.984524 -0.00319411 0.175219 70.4964 -0.00204527 0.999556 0.0297132 -0.213558 -0.175236 -0.0296117 0.984081 143.011
0.9856 0.00133599 0.169085 70.6588 -0.00673554 0.999485 0.0313643 -0.200453 -0.168957 -0.0320515 0.985102 143.85
0.986027 0.00666997 0.166452 70.7655 -0.0112417 0.999585 0.0265384 -0.192518 -0.166206 -0.0280388 0.985692 144.662
0.9874 -0.00157915 0.158236 70.9057 -0.00100624 0.999867 0.0162574 -0.186006 -0.158241 -0.0162117 0.987267 145.454
0.988222 -0.00699427 0.152866 71.0195 0.00537596 0.999925 0.0109973 -0.172876 -0.152931 -0.0100459 0.988186 146.228
0.989587 -0.00959714 0.143612 71.1405 0.00781344 0.999885 0.0129791 -0.164399 -0.14372 -0.0117219 0.989549 146.951
0.990362 0.00575087 0.138382 71.2233 -0.00781836 0.999866 0.0144015 -0.169315 -0.138281 -0.0153447 0.990274 147.716
0.99156 0.0104404 0.129227 71.3125 -0.0121573 0.999848 0.012504 -0.166465 -0.129077 -0.0139695 0.991536 148.471
0.992777 0.00595647 0.119825 71.4053 -0.00672618 0.999959 0.00602024 -0.168422 -0.119784 -0.00678273 0.992777 149.263
0.99371 0.000614312 0.11198 71.4659 -0.00103409 0.999993 0.00369066 -0.168488 -0.111977 -0.00378325 0.993704 149.963
0.994725 -0.00262082 0.102547 71.5549 0.00198074 0.999978 0.00634316 -0.17079 -0.102562 -0.00610658 0.994708 150.718
0.995449 0.00234635 0.0952673 71.6094 -0.00357379 0.999913 0.0127156 -0.175383 -0.0952291 -0.0129982 0.995371 151.454
0.996165 0.00725071 0.0871975 71.6584 -0.00884219 0.999801 0.0178792 -0.169291 -0.0870505 -0.0185816 0.996031 152.215
0.996803 0.00447636 0.0797787 71.7133 -0.00615525 0.999764 0.0208109 -0.169786 -0.0796668 -0.0212355 0.996595 153.01
0.997333 -0.000671276 0.0729758 71.7714 -0.000964258 0.999749 0.0223745 -0.16242 -0.0729726 -0.0223852 0.997083 153.849
0.997698 -0.00798051 0.0673369 71.8053 0.00664824 0.999778 0.0199861 -0.133751 -0.0674814 -0.0194924 0.99753 154.691
0.997925 0.00437787 0.0642423 71.8773 -0.00532383 0.99988 0.014561 -0.146049 -0.0641708 -0.0148728 0.997828 155.482
0.998037 0.0112164 0.0616171 71.8865 -0.0116749 0.999907 0.00708731 -0.13798 -0.0615318 -0.00779277 0.998075 156.332
0.998324 0.00691776 0.0574523 71.9336 -0.00721897 0.999961 0.00503677 -0.144416 -0.0574153 -0.00544308 0.998336 157.105
0.998498 0.00299008 0.0547024 71.9358 -0.00357122 0.999938 0.0105291 -0.122855 -0.0546676 -0.0107086 0.998447 157.93
0.998611 0.00549147 0.0523947 71.9971 -0.00658539 0.999763 0.0207286 -0.132289 -0.0522684 -0.0210449 0.998411 158.699
0.998813 0.00424584 0.048519 72.014 -0.00559664 0.9996 0.0277387 -0.125698 -0.0483818 -0.0279774 0.998437 159.554
0.999065 -0.00234571 0.0431766 72.0643 0.00129289 0.999702 0.0243958 -0.124123 -0.043221 -0.0243172 0.99877 160.469
0.999142 -0.0168613 0.0378316 72.1091 0.0163018 0.999754 0.0150497 -0.118434 -0.0380761 -0.0144201 0.999171 161.32
0.999377 -0.0163227 0.03129 72.1275 0.0160174 0.999822 0.0099843 -0.107991 -0.0314474 -0.0094769 0.99946 162.189
0.999714 0.00129811 0.0238773 72.1425 -0.00155723 0.99994 0.0108369 -0.105086 -0.0238618 -0.010871 0.999656 163.062
0.999859 0.00273642 0.0165805 72.1473 -0.00301856 0.999851 0.0170153 -0.109001 -0.0165314 -0.0170629 0.999718 163.824
0.999938 -0.0071879 0.00850804 72.1689 0.00701278 0.999767 0.020437 -0.102613 -0.00865296 -0.020376 0.999755 164.675
0.999897 -0.014176 0.00239823 72.1792 0.0141126 0.999596 0.0246521 -0.0947235 -0.00274673 -0.0246157 0.999693 165.518
0.999913 -0.0125396 -0.00413571 72.1854 0.0126359 0.999629 0.024134 -0.089145 0.00383155 -0.0241841 0.9997 166.369
0.999924 -0.00682466 -0.0102999 72.1719 0.00700372 0.999823 0.0174496 -0.0874804 0.010179 -0.0175204 0.999795 167.213
0.999769 -0.0116929 -0.0180399 72.1688 0.0118203 0.999906 0.00697062 -0.0845365 0.0179567 -0.00718224 0.999813 168.024
0.999513 -0.0190004 -0.0247629 72.1577 0.0190718 0.999815 0.00265252 -0.0806391 0.0247079 -0.0031235 0.99969 168.821
0.999501 -0.00614558 -0.0309769 72.123 0.00646325 0.999927 0.0101655 -0.0790634 0.0309122 -0.0103606 0.999468 169.634
0.99926 0.0133374 -0.0360738 72.0753 -0.0124845 0.99964 0.0237662 -0.0750236 0.0363778 -0.0232983 0.999066 170.392
0.999058 0.0155357 -0.0405143 72.0263 -0.0142562 0.999396 0.0316824 -0.0712831 0.040982 -0.031075 0.998677 171.236
0.999008 0.00493763 -0.0442558 71.9766 -0.00368869 0.999594 0.0282582 -0.0578362 0.0443773 -0.028067 0.99862 172.193
0.998944 0.00205206 -0.0458927 71.9144 -0.00123747 0.999841 0.0177713 -0.0443155 0.0459219 -0.0176958 0.998788 173.145
0.998743 0.0131647 -0.0483647 71.847 -0.0127544 0.99988 0.00878384 -0.0317873 0.0484746 -0.00815594 0.998791 174.051
0.998674 0.0086492 -0.0507497 71.805 -0.00838155 0.99995 0.00548448 -0.0382587 0.0507946 -0.00505185 0.998696 174.869
0.998558 -0.00719385 -0.0531995 71.7666 0.00771425 0.999924 0.00958324 -0.031374 0.0531265 -0.00997981 0.998538 175.673
0.998543 -0.00608289 -0.0536091 71.7481 0.0070901 0.999802 0.0186179 -0.0316408 0.0534852 -0.0189709 0.998388 175.946
0.998592 0.000290168 -0.0530509 71.68 0.000974721 0.999716 0.0238155 -0.0269332 0.0530427 -0.0238337 0.998308 177.073
0.998486 0.00140299 -0.0549825 71.6291 -0.000133314 0.999733 0.0230891 -0.0193393 0.0550003 -0.0230469 0.99822 177.828
0.998395 -0.00132672 -0.0566111 71.5741 0.00210423 0.999904 0.0136769 -0.0144135 0.0565876 -0.0137741 0.998303 178.773
0.998211 -0.0116551 -0.0586419 71.5396 0.0117569 0.99993 0.00139058 -0.0139767 0.0586215 -0.00207754 0.998278 179.567
0.997984 -0.0183782 -0.0607462 71.5065 0.0182104 0.999829 -0.00331573 -0.014709 0.0607968 0.00220283 0.998148 180.425
0.998498 0.00191119 -0.0547554 71.4083 -0.00175211 0.999994 0.00295316 -0.0280743 0.0547607 -0.00285278 0.998495 181.191
0.997982 0.00737401 -0.0630687 71.3756 -0.00658444 0.999897 0.0127179 -0.0294911 0.063156 -0.012277 0.997928 181.966
0.998127 0.00602301 -0.0608783 71.3093 -0.00500328 0.999845 0.016889 -0.0368037 0.0609705 -0.0165527 0.998002 182.843
0.997626 -0.00385374 -0.0687498 71.2911 0.00467235 0.99992 0.0117503 -0.0356768 0.0686991 -0.0120436 0.997565 183.798
0.998009 0.000118806 -0.0630766 71.2108 0.000297845 0.999978 0.00659604 -0.0335984 0.063076 -0.00660169 0.997987 184.558
0.997812 0.0087989 -0.0655266 71.1424 -0.00837896 0.999943 0.00668069 -0.0322344 0.0655817 -0.00611703 0.997828 185.448
0.997886 0.00936033 -0.0643128 71.0883 -0.00876795 0.999917 0.00948701 -0.0363293 0.0643963 -0.00890306 0.997885 186.25
