1 -8.22789e-007 -0.00085052 -0.0332714 -8.22789e-007 0.999998 -0.00193479 -0.0106501 0.00085052 0.00193479 0.999998 0.665833
1 -1.71017e-006 -0.000963462 -0.102903 -1.71017e-006 0.999994 -0.00355004 -0.0155367 0.000963462 0.00355004 0.999993 1.32564
0.99995 -2.10532e-005 -0.00997822 -0.112149 -2.10532e-005 0.999991 -0.00421972 -0.0328396 0.00997822 0.00421972 0.999941 1.99822
0.99995 -2.10532e-005 -0.00997822 -0.121396 -2.10532e-005 0.999991 -0.00421972 -0.0501425 0.00997822 0.00421972 0.999941 2.67081
0.999898 -2.95819e-005 -0.0142756 -0.135179 -2.95819e-005 0.999991 -0.00414417 -0.0603854 0.0142756 0.00414417 0.99989 3.43743
0.999864 -4.49715e-005 -0.0164619 -0.179493 -4.49715e-005 0.999985 -0.00546328 -0.0665818 0.0164619 0.00546328 0.99985 4.16951
0.999772 -6.36651e-005 -0.0213636 -0.213697 -6.36651e-005 0.999982 -0.00595942 -0.0739049 0.0213636 0.00595942 0.999754 4.94047
0.999685 -5.12804e-005 -0.0250781 -0.246925 -5.12804e-005 0.999992 -0.00408901 -0.0848313 0.0250781 0.00408901 0.999677 5.74029
0.999581 -2.70582e-005 -0.0289337 -0.275783 -2.70582e-005 0.999998 -0.00186997 -0.0883699 0.0289337 0.00186997 0.99958 6.58613
0.999524 1.22319e-005 -0.0308623 -0.325316 1.22319e-005 1 0.000792484 -0.0977649 0.0308623 -0.000792484 0.999523 7.39974
0.999451 4.4038e-006 -0.0331204 -0.368523 4.4038e-006 1 0.000265854 -0.103991 0.0331204 -0.000265854 0.999451 8.23341
0.99946 4.08799e-006 -0.0328653 -0.437591 4.08799e-006 1 0.000248705 -0.110763 0.0328653 -0.000248705 0.99946 9.05337
0.999384 -6.03233e-006 -0.0350844 -0.462193 -6.03233e-006 1 -0.000343769 -0.117393 0.0350844 0.000343769 0.999384 9.88183
0.999272 2.28656e-005 -0.0381511 -0.468599 2.28656e-005 0.999999 0.00119825 -0.133532 0.0381511 -0.00119825 0.999271 10.6855
0.999082 2.55762e-005 -0.0428368 -0.461662 2.55762e-005 0.999999 0.00119358 -0.145366 0.0428368 -0.00119358 0.999081 11.5219
0.999042 -1.80446e-005 -0.0437698 -0.51711 -1.80446e-005 1 -0.000824126 -0.1545 0.0437698 0.000824126 0.999041 12.3387
0.999033 -7.38507e-005 -0.0439698 -0.56931 -7.38507e-005 0.999994 -0.00335752 -0.163223 0.0439698 0.00335752 0.999027 13.1637
0.999019 -0.000106422 -0.0442804 -0.634484 -0.000106422 0.999988 -0.00480433 -0.171326 0.0442804 0.00480433 0.999008 13.9917
0.998941 -8.37714e-005 -0.0460119 -0.670087 -8.37714e-005 0.999993 -0.00363935 -0.191277 0.0460119 0.00363935 0.998934 14.8292
0.99883 -6.52058e-005 -0.0483554 -0.690393 -6.52058e-005 0.999996 -0.00269536 -0.20059 0.0483554 0.00269536 0.998827 15.6592
0.998754 -2.80549e-005 -0.0498952 -0.738321 -2.80549e-005 0.999999 -0.00112385 -0.209472 0.0498952 0.00112385 0.998754 16.5135
0.998706 -2.56661e-005 -0.0508535 -0.757655 -2.56661e-005 0.999999 -0.00100876 -0.223947 0.0508535 0.00100876 0.998706 17.3221
0.998622 -4.44998e-005 -0.0524801 -0.803402 -4.44998e-005 0.999999 -0.0016947 -0.235595 0.0524801 0.0016947 0.998621 18.1497
0.998515 -6.79602e-005 -0.0544834 -0.836614 -6.79602e-005 0.999997 -0.00249286 -0.248465 0.0544834 0.00249286 0.998512 18.9947
0.99849 -4.45677e-005 -0.0549377 -0.884968 -4.45677e-005 0.999999 -0.00162126 -0.253559 0.0549377 0.00162126 0.998488 19.8322
0.998487 5.22866e-005 -0.0549839 -0.929476 5.22866e-005 0.999998 0.00190045 -0.265747 0.0549839 -0.00190045 0.998485 20.6509
0.998402 0.000161316 -0.056513 -0.943314 0.000161316 0.999984 0.00570438 -0.290526 0.056513 -0.00570438 0.998386 21.5213
0.998554 0.000221709 -0.0537637 -1.01055 0.000221709 0.999966 0.00824144 -0.287462 0.0537637 -0.00824144 0.99852 22.4246
0.998765 0.000161 -0.0496889 -1.03797 0.000161 0.999979 0.00647624 -0.296604 0.0496889 -0.00647624 0.998744 23.3164
0.998765 0.000161 -0.0496889 -1.0654 0.000161 0.999979 0.00647624 -0.305747 0.0496889 -0.00647624 0.998744 24.2082
0.998923 3.56754e-005 -0.0463925 -1.14924 3.56754e-005 0.999999 0.00153715 -0.30225 0.0463925 -0.00153715 0.998922 25.1237
0.998996 -3.71412e-005 -0.0448076 -1.19363 -3.71412e-005 0.999999 -0.00165697 -0.304834 0.0448076 0.00165697 0.998994 26.0244
0.999022 -1.25099e-005 -0.0442078 -1.22838 -1.25099e-005 1 -0.000565685 -0.320379 0.0442078 0.000565685 0.999022 26.9116
0.998984 0.000100177 -0.0450647 -1.26091 0.000100177 0.99999 0.00444366 -0.330701 0.0450647 -0.00444366 0.998974 27.8189
0.998985 0.000172206 -0.0450382 -1.3065 0.000172206 0.999971 0.00764311 -0.337437 0.0450382 -0.00764311 0.998956 28.7205
0.998906 0.000157909 -0.046756 -1.33158 0.000157909 0.999977 0.00675084 -0.350279 0.046756 -0.00675084 0.998884 29.6421
0.998835 6.7142e-005 -0.0482594 -1.37274 6.7142e-005 0.999996 0.00278092 -0.354405 0.0482594 -0.00278092 0.998831 30.551
0.99873 -1.93395e-005 -0.0503889 -1.41112 -1.93395e-005 1 -0.000767122 -0.364612 0.0503889 0.000767122 0.998729 31.4373
0.998623 -4.09907e-005 -0.0524679 -1.45815 -4.09907e-005 0.999999 -0.00156143 -0.371502 0.0524679 0.00156143 0.998621 32.2994
0.998594 -1.25352e-005 -0.0530074 -1.53795 -1.25352e-005 1 -0.000472627 -0.370984 0.0530074 0.000472627 0.998594 33.2231
0.998523 7.29233e-005 -0.0543276 -1.58018 7.29233e-005 0.999996 0.00268259 -0.385434 0.0543276 -0.00268259 0.99852 34.0828
0.998537 0.000115365 -0.0540739 -1.64569 0.000115365 0.999991 0.0042638 -0.39696 0.0540739 -0.0042638 0.998528 34.9722
0.998512 0.000182414 -0.0545309 -1.70374 0.000182414 0.999978 0.00668524 -0.39914 0.0545309 -0.00668524 0.99849 35.8818
0.998525 0.000255954 -0.0542945 -1.75531 0.000255954 0.999956 0.00942121 -0.400138 0.0542945 -0.00942121 0.998481 36.8092
0.998414 0.000331455 -0.0563007 -1.80489 0.000331455 0.999931 0.0117647 -0.398723 0.0563007 -0.0117647 0.998345 37.7716
0.998568 0.000315277 -0.0534904 -1.91829 0.000315277 0.999931 0.0117793 -0.404604 0.0534904 -0.0117793 0.998499 38.7738
0.998548 0.000219392 -0.0538719 -1.98084 0.000219392 0.999967 0.0081389 -0.408989 0.0538719 -0.0081389 0.998515 39.8293
0.998548 0.000219392 -0.0538719 -2.04339 0.000219392 0.999967 0.0081389 -0.413373 0.0538719 -0.0081389 0.998515 40.8847
0.998415 0.000225883 -0.0562779 -2.08754 0.000225883 0.999968 0.00802094 -0.415765 0.0562779 -0.00802094 0.998383 41.8351
0.998204 0.000268666 -0.0599138 -2.10706 0.000268666 0.99996 0.00896019 -0.41947 0.0599138 -0.00896019 0.998163 42.8107
0.998054 0.000318099 -0.0623557 -2.1542 0.000318099 0.999948 0.0101925 -0.429022 0.0623557 -0.0101925 0.998002 43.7559
0.998051 0.000208619 -0.0624054 -2.23407 0.000208619 0.999978 0.00667934 -0.434078 0.0624054 -0.00667934 0.998029 44.7333
0.998046 7.51543e-005 -0.0624885 -2.32254 7.51543e-005 0.999997 0.00240303 -0.426157 0.0624885 -0.00240303 0.998043 45.6954
0.998029 3.9685e-005 -0.0627569 -2.3826 3.9685e-005 0.999999 0.00126347 -0.433384 0.0627569 -0.00126347 0.998028 46.5877
0.99795 0.000151631 -0.063996 -2.4203 0.000151631 0.999989 0.00473387 -0.444436 0.063996 -0.00473387 0.997939 47.4873
0.997961 0.000248464 -0.063824 -2.48662 0.000248464 0.99997 0.00777784 -0.454216 0.063824 -0.00777784 0.997931 48.4
0.997925 0.000274974 -0.0643855 -2.54402 0.000274974 0.999964 0.00853247 -0.462359 0.0643855 -0.00853247 0.997889 49.3322
0.997929 0.000246426 -0.0643318 -2.60264 0.000246426 0.999971 0.00765304 -0.476337 0.0643318 -0.00765304 0.997899 50.2286
0.997947 0.00019072 -0.0640505 -2.66717 0.00019072 0.999982 0.00594912 -0.483095 0.0640505 -0.00594912 0.997929 51.1249
0.997999 0.000205235 -0.063224 -2.74853 0.000205235 0.999979 0.00648574 -0.483107 0.063224 -0.00648574 0.997978 52.009
0.998042 0.000310071 -0.0625391 -2.83801 0.000310071 0.999951 0.00990613 -0.483534 0.0625391 -0.00990613 0.997993 52.9187
0.997951 0.000457619 -0.0639738 -2.87948 0.000457619 0.999898 0.0142911 -0.484964 0.0639738 -0.0142911 0.997849 53.8088
0.997824 0.000533005 -0.0659277 -2.93186 0.000533005 0.999869 0.0161507 -0.482838 0.0659277 -0.0161507 0.997694 54.7441
0.99776 0.00040909 -0.0668918 -3.013 0.00040909 0.999925 0.0122172 -0.486817 0.0668918 -0.0122172 0.997685 55.7263
0.997673 0.000169886 -0.068185 -3.07937 0.000169886 0.999988 0.00497726 -0.494725 0.068185 -0.00497726 0.99766 56.6283
0.997619 1.63604e-005 -0.0689658 -3.14387 1.63604e-005 1 0.000473885 -0.509195 0.0689658 -0.000473885 0.997619 57.5012
0.997546 5.48282e-005 -0.070016 -3.20937 5.48282e-005 0.999999 0.00156424 -0.512709 0.070016 -0.00156424 0.997545 58.3553
0.99747 0.000150164 -0.0710875 -3.27811 0.000150164 0.999991 0.00421939 -0.526523 0.0710875 -0.00421939 0.997461 59.2167
0.997337 0.000204519 -0.0729288 -3.32911 0.000204519 0.999984 0.00560121 -0.537756 0.0729288 -0.00560121 0.997321 60.0516
0.997264 0.000211741 -0.0739212 -3.40544 0.000211741 0.999984 0.00572095 -0.546593 0.0739212 -0.00572095 0.997248 60.8916
0.997057 0.000278732 -0.076662 -3.48795 0.000278732 0.999974 0.00726091 -0.568247 0.076662 -0.00726091 0.997031 61.7451
0.99687 0.000301291 -0.0790591 -3.54612 0.000301291 0.999971 0.00760988 -0.574441 0.0790591 -0.00760988 0.996841 62.5723
0.996755 0.000330609 -0.0804995 -3.61566 0.000330609 0.999966 0.00820048 -0.585121 0.0804995 -0.00820048 0.996721 63.3928
0.996714 0.000365894 -0.0809991 -3.69536 0.000365894 0.999959 0.00901948 -0.589123 0.0809991 -0.00901948 0.996673 64.2006
0.996578 0.000497861 -0.0826572 -3.76086 0.000497861 0.999928 0.0120254 -0.593813 0.0826572 -0.0120254 0.996505 64.9898
0.996642 0.000654121 -0.0818833 -3.85746 0.000654121 0.999873 0.0159491 -0.592168 0.0818833 -0.0159491 0.996514 65.7921
0.996533 0.000734016 -0.0831948 -3.94873 0.000734016 0.999845 0.0176138 -0.584017 0.0831948 -0.0176138 0.996378 66.624
0.996739 0.000544965 -0.0806908 -4.09415 0.000544965 0.999909 0.0134848 -0.582493 0.0806908 -0.0134848 0.996648 67.4216
0.996498 2.20949e-005 -0.0836156 -4.15265 2.20949e-005 1 0.000527563 -0.591917 0.0836156 -0.000527563 0.996498 68.1812
0.996498 2.20949e-005 -0.0836156 -4.21114 2.20949e-005 1 0.000527563 -0.601342 0.0836156 -0.000527563 0.996498 68.9408
0.996189 3.13363e-005 -0.0872251 -4.20936 3.13363e-005 1 0.000717147 -0.626618 0.0872251 -0.000717147 0.996188 69.5841
0.996005 0.00026641 -0.0892959 -4.28253 0.00026641 0.999982 0.00595493 -0.630132 0.0892959 -0.00595493 0.995987 70.276
0.996005 0.00026641 -0.0892959 -4.3557 0.00026641 0.999982 0.00595493 -0.633646 0.0892959 -0.00595493 0.995987 70.9679
0.995975 0.000116679 -0.0896359 -4.42242 0.000116679 0.999997 0.00259816 -0.646324 0.0896359 -0.00259816 0.995971 71.6226
0.996044 -0.000359673 -0.0888599 -4.46029 -0.000359673 0.999967 -0.00807914 -0.660098 0.0888599 0.00807914 0.996011 72.2234
0.996044 -0.000359673 -0.0888599 -4.49817 -0.000359673 0.999967 -0.00807914 -0.673872 0.0888599 0.00807914 0.996011 72.8243
0.99624 -0.000358015 -0.0866409 -4.53871 -0.000358015 0.999966 -0.00824866 -0.682119 0.0866409 0.00824866 0.996205 73.3707
0.99645 -0.00019517 -0.084183 -4.57338 -0.00019517 0.999989 -0.00462854 -0.699316 0.084183 0.00462854 0.99644 73.914
0.996953 -0.000103773 -0.0780025 -4.64423 -0.000103773 0.999996 -0.0026567 -0.692575 0.0780025 0.0026567 0.99695 74.4949
0.997503 4.52381e-005 -0.0706267 -4.71507 4.52381e-005 0.999999 0.00127945 -0.703245 0.0706267 -0.00127945 0.997502 75.0681
0.998058 0.000142876 -0.0622891 -4.74278 0.000142876 0.999989 0.00458303 -0.716909 0.0622891 -0.00458303 0.998048 75.6025
0.999339 7.9548e-005 -0.0363623 -4.76705 7.9548e-005 0.99999 0.00437383 -0.722343 0.0363623 -0.00437383 0.999329 76.1027
0.999339 7.9548e-005 -0.0363623 -4.79131 7.9548e-005 0.99999 0.00437383 -0.727777 0.0363623 -0.00437383 0.999329 76.603
0.999843 4.61073e-005 -0.0177051 -4.80598 4.61073e-005 0.999986 0.00520791 -0.732961 0.0177051 -0.00520791 0.99983 77.1094
0.999989 -1.46356e-005 0.00478609 -4.79692 -1.46356e-005 0.999981 0.00611579 -0.736764 -0.00478609 -0.00611579 0.99997 77.6136
0.999521 -0.000117145 0.0309343 -4.76373 -0.000117145 0.999971 0.00757185 -0.745626 -0.0309343 -0.00757185 0.999493 78.0902
0.998161 -0.000289318 0.0606199 -4.72218 -0.000289318 0.999954 0.0095363 -0.750968 -0.0606199 -0.0095363 0.998115 78.5403
0.99567 -0.000536921 0.0929569 -4.64976 -0.000536921 0.999933 0.0115266 -0.75871 -0.0929569 -0.0115266 0.995603 79.008
0.991446 -0.000819985 0.130513 -4.56571 -0.000819985 0.999921 0.0125113 -0.764425 -0.130513 -0.0125113 0.991368 79.4773
0.984866 -0.00109866 0.173314 -4.48547 -0.00109866 0.99992 0.0125818 -0.763932 -0.173314 -0.0125818 0.984786 79.9142
0.975709 -0.00141443 0.219065 -4.37576 -0.00141443 0.999918 0.0127559 -0.76588 -0.219065 -0.0127559 0.975627 80.3436
0.963649 -0.00148037 0.267168 -4.21773 -0.00148037 0.99994 0.0108802 -0.771673 -0.267168 -0.0108802 0.963589 80.7497
0.947461 -0.00144409 0.319869 -4.05475 -0.00144409 0.99996 0.00879192 -0.778815 -0.319869 -0.00879192 0.947421 81.1332
0.926969 -0.00138918 0.375136 -3.86754 -0.00138918 0.999974 0.00713571 -0.779723 -0.375136 -0.00713571 0.926942 81.5075
0.902494 -0.00131422 0.4307 -3.64527 -0.00131422 0.999982 0.00580513 -0.77608 -0.4307 -0.00580513 0.902477 81.8573
0.873549 -0.00133338 0.486734 -3.40706 -0.00133338 0.999986 0.00513246 -0.776165 -0.486734 -0.00513246 0.873535 82.1706
0.839646 -0.00165757 0.543132 -3.15581 -0.00165757 0.999983 0.00561431 -0.780966 -0.543132 -0.00561431 0.839629 82.4783
0.802098 -0.00178938 0.597189 -2.89044 -0.00178938 0.999984 0.00539966 -0.7884 -0.597189 -0.00539966 0.802082 82.7685
0.761471 -0.00236074 0.648194 -2.60896 -0.00236074 0.999977 0.00641524 -0.790789 -0.648194 -0.00641524 0.761448 83.0428
0.718689 -0.00289144 0.695326 -2.29913 -0.00289144 0.99997 0.00714687 -0.787509 -0.695326 -0.00714687 0.718659 83.2953
0.673412 -0.00368243 0.739258 -1.9756 -0.00368243 0.999958 0.00833548 -0.789762 -0.739258 -0.00833548 0.673371 83.5241
0.626226 -0.00462537 0.779628 -1.63519 -0.00462537 0.999943 0.00964772 -0.787641 -0.779628 -0.00964772 0.626169 83.7419
0.578836 -0.006791 0.815415 -1.29745 -0.006791 0.99989 0.0131481 -0.797941 -0.815415 -0.0131481 0.578727 83.9259
0.532068 -0.00637166 0.846678 -0.942242 -0.00637166 0.999913 0.0115289 -0.801399 -0.846678 -0.0115289 0.531981 84.0989
0.485185 -0.00522066 0.874396 -0.592502 -0.00522066 0.999947 0.00886712 -0.808556 -0.874396 -0.00886712 0.485132 84.2502
0.440487 -0.00510583 0.897744 -0.231764 -0.00510583 0.999953 0.00819236 -0.815366 -0.897744 -0.00819236 0.440441 84.3781
0.397836 -0.0092935 0.917409 0.138544 -0.0092935 0.999857 0.0141588 -0.813833 -0.917409 -0.0141588 0.397693 84.4948
0.358894 -0.0199066 0.933166 0.537674 -0.0199066 0.999382 0.0289752 -0.806441 -0.933166 -0.0289752 0.358276 84.5897
0.322724 -0.0228573 0.946217 0.923495 -0.0228573 0.999229 0.0319338 -0.792264 -0.946217 -0.0319338 0.321952 84.6952
0.290338 -0.0214686 0.956683 1.31621 -0.0214686 0.999351 0.0289414 -0.793997 -0.956683 -0.0289414 0.289689 84.7811
0.259068 -0.0132608 0.965768 1.72991 -0.0132608 0.999763 0.0172848 -0.790617 -0.965768 -0.0172848 0.258831 84.8893
0.231148 -0.00944959 0.972873 2.13625 -0.00944959 0.999884 0.0119571 -0.79631 -0.972873 -0.0119571 0.231032 84.9674
0.205793 -0.0099981 0.978545 2.53428 -0.0099981 0.999874 0.0123187 -0.801949 -0.978545 -0.0123187 0.205667 85.0251
0.181921 -0.014334 0.983209 2.93142 -0.014334 0.999749 0.0172273 -0.803758 -0.983209 -0.0172273 0.18167 85.0822
0.162337 -0.0194956 0.986543 3.33896 -0.0194956 0.999546 0.0229606 -0.791452 -0.986543 -0.0229606 0.161884 85.1187
0.143289 -0.0210096 0.989458 3.75212 -0.0210096 0.999485 0.024265 -0.774638 -0.989458 -0.024265 0.142774 85.16
0.125604 -0.0188448 0.991901 4.16792 -0.0188448 0.999594 0.0213772 -0.762994 -0.991901 -0.0213772 0.125198 85.2103
0.110123 -0.0180951 0.993753 4.50178 -0.0180951 0.999632 0.0202074 -0.761174 -0.993753 -0.0202074 0.109755 85.2448
0.095548 -0.0181769 0.995259 4.93551 -0.0181769 0.999635 0.0200019 -0.757955 -0.995259 -0.0200019 0.0951827 85.2786
0.0823735 -0.0203455 0.996394 5.39547 -0.0203455 0.999549 0.0220919 -0.756909 -0.996394 -0.0220919 0.0819224 85.2996
0.0706028 -0.0233352 0.997232 5.86504 -0.0233352 0.999414 0.0250384 -0.754112 -0.997232 -0.0250384 0.0700169 85.3251
0.0606731 -0.0261544 0.997815 6.33943 -0.0261544 0.999272 0.0277829 -0.747088 -0.997815 -0.0277829 0.0599449 85.3392
0.052212 -0.0276763 0.998252 6.8626 -0.0276763 0.999192 0.0291499 -0.738519 -0.998252 -0.0291499 0.0514038 85.3668
0.0444339 -0.0294956 0.998577 7.39683 -0.0294956 0.99909 0.0308232 -0.723292 -0.998577 -0.0308232 0.0435235 85.4051
0.0381826 -0.029056 0.998848 7.94275 -0.029056 0.999122 0.0301747 -0.706501 -0.998848 -0.0301747 0.0373049 85.4303
0.0333689 -0.0297615 0.999 8.48147 -0.0297615 0.999084 0.0307581 -0.691716 -0.999 -0.0307581 0.0324526 85.4376
0.0271893 -0.0287876 0.999216 9.05706 -0.0287876 0.999148 0.0295689 -0.68101 -0.999216 -0.0295689 0.0263374 85.4724
0.0237683 -0.0294508 0.999284 9.65717 -0.0294508 0.999112 0.0301462 -0.665409 -0.999284 -0.0301462 0.0228799 85.4893
0.020329 -0.0291475 0.999368 10.2711 -0.0291475 0.999133 0.0297336 -0.649801 -0.999368 -0.0297336 0.0194618 85.5056
0.0177983 -0.03793 0.999122 10.9371 -0.03793 0.998535 0.0385834 -0.638678 -0.999122 -0.0385834 0.0163335 85.5013
0.0188589 -0.0424859 0.998919 11.619 -0.0424859 0.99816 0.0432557 -0.607392 -0.998919 -0.0432557 0.0170191 85.4892
0.01997 -0.0437758 0.998842 12.2858 -0.0437758 0.998045 0.0446161 -0.579779 -0.998842 -0.0446161 0.0180146 85.5007
0.0223768 -0.0437716 0.998791 12.9778 -0.0437716 0.99804 0.0447194 -0.549825 -0.998791 -0.0447194 0.020417 85.5209
0.0278634 -0.047941 0.998461 13.6802 -0.047941 0.997636 0.0492392 -0.523035 -0.998461 -0.0492392 0.0254992 85.5227
0.0340863 -0.0499564 0.99817 14.3959 -0.0499564 0.997416 0.0516247 -0.484436 -0.99817 -0.0516247 0.0315025 85.5236
0.037961 -0.0499974 0.998028 15.1443 -0.0499974 0.997402 0.0518677 -0.448 -0.998028 -0.0518677 0.0353626 85.557
0.0402354 -0.048783 0.997999 15.8792 -0.048783 0.99752 0.0507263 -0.408075 -0.997999 -0.0507263 0.0377559 85.6044
0.0440959 -0.046275 0.997955 16.6339 -0.046275 0.99776 0.0483106 -0.373613 -0.997955 -0.0483106 0.0418558 85.6419
0.0477978 -0.0452345 0.997832 17.42 -0.0452345 0.997851 0.0474022 -0.337099 -0.997832 -0.0474022 0.0456489 85.6871
0.0518154 -0.0410499 0.997813 18.1979 -0.0410499 0.998223 0.0431985 -0.311967 -0.997813 -0.0431985 0.0500382 85.7386
0.0556616 -0.0377257 0.997737 19.0322 -0.0377257 0.998493 0.0398589 -0.296943 -0.997737 -0.0398589 0.0541544 85.7868
0.0566883 -0.0315986 0.997892 19.8705 -0.0315986 0.998942 0.0334269 -0.267659 -0.997892 -0.0334269 0.0556298 85.8463
0.056475 -0.0294448 0.99797 20.6829 -0.0294448 0.999081 0.0311439 -0.239614 -0.99797 -0.0311439 0.0555561 85.9004
0.0541248 -0.0269304 0.998171 21.477 -0.0269304 0.999233 0.0284194 -0.223377 -0.998171 -0.0284194 0.0533581 85.9862
0.0554074 -0.0256293 0.998135 22.2851 -0.0256293 0.999305 0.027082 -0.211655 -0.998135 -0.027082 0.054712 86.0235
0.0545817 -0.0258521 0.998175 23.1095 -0.0258521 0.999293 0.0272947 -0.197719 -0.998175 -0.0272947 0.0538748 86.0803
0.054086 -0.0231438 0.998268 23.9476 -0.0231438 0.999434 0.0244247 -0.181696 -0.998268 -0.0244247 0.0535197 86.1564
0.0537794 -0.0219684 0.998311 24.7514 -0.0219684 0.99949 0.0231778 -0.178152 -0.998311 -0.0231778 0.0532694 86.213
0.0537561 -0.0180218 0.998391 25.5862 -0.0180218 0.999657 0.019015 -0.1714 -0.998391 -0.019015 0.0534128 86.2695
0.0508098 -0.0100604 0.998658 26.3092 -0.0100604 0.999893 0.0105847 -0.177822 -0.998658 -0.0105847 0.0507031 86.3494
0.0481509 -0.00979495 0.998792 27.0929 -0.00979495 0.999899 0.010278 -0.173624 -0.998792 -0.010278 0.0480501 86.3788
0.0422497 -0.00785529 0.999076 27.8733 -0.00785529 0.999936 0.00819423 -0.166718 -0.999076 -0.00819423 0.0421853 86.4298
0.0359819 -0.00390688 0.999345 28.7119 -0.00390688 0.999984 0.00405005 -0.16494 -0.999345 -0.00405005 0.035966 86.4889
0.0293135 0.000305087 0.99957 29.4937 0.000305087 1 -0.000314165 -0.179782 -0.99957 0.000314165 0.0293134 86.5202
0.021754 -0.000759936 0.999763 30.321 -0.000759936 0.999999 0.000776652 -0.190931 -0.999763 -0.000776652 0.0217534 86.5379
0.0136731 -0.00039568 0.999906 31.1362 -0.00039568 1 0.000401127 -0.20933 -0.999906 -0.000401127 0.0136729 86.5338
0.00311453 0.000296921 0.999995 31.986 0.000296921 1 -0.000297847 -0.209562 -0.999995 0.000297847 0.00311444 86.5549
-0.00768226 -0.000458175 0.99997 32.8506 -0.000458175 1 0.000454668 -0.219737 -0.99997 -0.000454668 -0.00768247 86.5624
-0.0182386 0.00201044 0.999832 33.6187 0.00201044 0.999996 -0.00197409 -0.239886 -0.999832 0.00197409 -0.0182426 86.5389
