1 -0.000107631 0.000841897 -0.0497888 0.000109795 0.999997 -0.00257115 -0.00289362 -0.000841617 0.00257124 0.999996 0.663059
0.999979 -0.00115497 -0.00641823 -0.0254521 0.00113008 0.999992 -0.00387913 -0.00477755 0.00642266 0.00387179 0.999972 1.00849
0.999976 0.000323565 -0.00693993 -0.0606238 -0.000361319 0.999985 -0.00543952 -0.00754532 0.00693807 0.00544189 0.999961 1.8584
0.9999 0.00233475 -0.0139829 -0.059742 -0.00241733 0.99998 -0.00589141 -0.0172341 0.0139689 0.00592462 0.999885 2.4543
0.999847 0.000979253 -0.017472 -0.0831185 -0.00109141 0.999979 -0.00641106 -0.0214634 0.0174654 0.00642914 0.999827 3.19575
0.999735 -0.000968471 -0.0229967 -0.105744 0.000809307 0.999976 -0.00692946 -0.0363323 0.0230029 0.00690902 0.999712 3.90778
0.999613 0.00536368 -0.0272938 -0.137791 -0.00558348 0.999953 -0.00798344 -0.0463144 0.0272497 0.00813275 0.999596 4.61217
0.99949 0.00252806 -0.0318299 -0.154373 -0.00272415 0.999978 -0.00611882 -0.0528524 0.0318137 0.0062024 0.999475 5.36308
0.999233 0.0134867 -0.0367542 -0.194221 -0.0136241 0.999901 -0.00349013 -0.0557125 0.0367035 0.00398819 0.999318 6.04867
0.999202 -0.000889349 -0.0399339 -0.221781 0.000858138 0.999999 -0.000798706 -0.0605887 0.0399346 0.0007638 0.999202 6.85265
0.99917 0.000865333 -0.0407239 -0.282422 -0.000911015 0.999999 -0.0011032 -0.0756947 0.0407229 0.00113938 0.99917 7.60615
0.999018 -0.000143339 -0.044303 -0.322894 5.25605e-005 0.999998 -0.00205021 -0.0778656 0.0443032 0.00204587 0.999016 8.43883
0.998991 -0.00507008 -0.0446316 -0.378505 0.00497383 0.999985 -0.00226733 -0.0827614 0.0446424 0.00204305 0.999001 9.25083
0.99892 -0.00270211 -0.0463891 -0.424148 0.00262998 0.999995 -0.00161578 -0.0975781 0.0463933 0.00149203 0.998922 10.0599
0.998866 0.000336007 -0.047608 -0.463463 -0.000422214 0.999998 -0.00180071 -0.101976 0.0476073 0.00181877 0.998864 10.8866
0.99883 0.00242309 -0.0483087 -0.517212 -0.0026284 0.999988 -0.00418705 -0.114914 0.048298 0.00430913 0.998824 11.7157
0.998755 0.00500275 -0.0496358 -0.548345 -0.00535186 0.999962 -0.006903 -0.120403 0.0495994 0.00716005 0.998744 12.3001
0.998381 -0.00264398 -0.0568185 -0.592742 0.00211706 0.999954 -0.00933188 -0.107176 0.0568406 0.00919649 0.998341 13.2838
0.998622 0.00490841 -0.0522568 -0.649325 -0.00533166 0.999954 -0.00796327 -0.132048 0.0522154 0.00823091 0.998602 14.0268
0.998418 -0.000377062 -0.056221 -0.681243 -3.18375e-005 0.999974 -0.007272 -0.14022 0.0562223 0.00726229 0.998392 14.8921
0.998497 7.34722e-005 -0.0548127 -0.768332 -0.000366097 0.999986 -0.00532861 -0.153902 0.0548115 0.00534067 0.998482 15.7038
0.998298 -0.00613953 -0.0580021 -0.835386 0.0058128 0.999966 -0.00580009 -0.152994 0.0580357 0.00545306 0.9983 16.5919
0.998181 -0.00110246 -0.0602707 -0.877659 0.000758792 0.999983 -0.00572466 -0.179802 0.060276 0.00566852 0.998166 17.4747
0.998201 -0.000151589 -0.0599562 -0.950113 -0.000304445 0.999971 -0.00759691 -0.186121 0.0599556 0.0076015 0.998172 18.2697
0.99811 -0.00255756 -0.0613953 -0.994748 0.00222022 0.999982 -0.00556208 -0.197246 0.0614084 0.00541526 0.998098 19.14
0.998257 0.00141591 -0.0590037 -1.05681 -0.00154759 0.999996 -0.00218606 -0.208599 0.0590004 0.00227356 0.998255 19.9603
0.998281 0.00401199 -0.0584789 -1.11234 -0.00393743 0.999991 0.00139016 -0.222186 0.058484 -0.00115751 0.998288 20.8312
0.998319 -0.00198632 -0.0579212 -1.16368 0.00225025 0.999987 0.00449187 -0.238281 0.0579116 -0.00461466 0.998311 21.7594
0.998483 0.000380985 -0.0550584 -1.22873 -8.85056e-005 0.999986 0.00531451 -0.242893 0.0550597 -0.00530157 0.998469 22.6894
0.998524 0.00179682 -0.0542797 -1.27755 -0.00166543 0.999996 0.0024656 -0.253252 0.0542839 -0.00237156 0.998523 23.6504
0.99863 0.000902504 -0.052312 -1.35645 -0.0010379 0.999996 -0.0025611 -0.26139 0.0523095 0.00261189 0.998628 24.6654
0.998618 -0.00186839 -0.0525272 -1.37541 0.00157276 0.999983 -0.00566895 -0.273194 0.0525369 0.0055785 0.998603 25.5425
0.99863 -0.00605459 -0.0519683 -1.44563 0.00583536 0.999973 -0.00436923 -0.283424 0.0519934 0.00405999 0.998639 26.4781
0.998608 -0.00562579 -0.0524472 -1.48353 0.00564794 0.999984 0.00027412 -0.297036 0.0524448 -0.000569956 0.998624 27.3766
0.998594 -0.00768227 -0.052456 -1.52494 0.00787723 0.999963 0.00351097 -0.303796 0.0524271 -0.00391924 0.998617 28.2816
0.998483 -0.011628 -0.0538218 -1.56576 0.0117803 0.999927 0.00251367 -0.314832 0.0537886 -0.00314389 0.998547 29.2126
0.998509 -0.0090852 -0.0538262 -1.62644 0.00901397 0.999958 -0.00156608 -0.32245 0.0538382 0.00107855 0.998549 30.1429
0.998373 -0.00138132 -0.056998 -1.67387 0.00107281 0.999985 -0.00544288 -0.332309 0.0570046 0.00537287 0.998359 31.0623
0.99829 0.00412853 -0.0583032 -1.73098 -0.00449227 0.999971 -0.00610915 -0.343555 0.0582763 0.00636062 0.99828 31.9231
0.998192 -0.00104961 -0.0600996 -1.78476 0.000784255 0.99999 -0.00443862 -0.353043 0.0601037 0.00438346 0.998183 32.8041
0.998135 0.00204746 -0.0610162 -1.83999 -0.00215129 0.999996 -0.00163612 -0.36523 0.0610126 0.00176433 0.998135 33.6747
0.99791 0.00399124 -0.0644887 -1.8858 -0.0040853 0.999991 -0.00132665 -0.365129 0.0644829 0.00158733 0.997918 34.5778
0.997936 0.000616637 -0.0642072 -1.95907 -0.0004823 0.999998 0.00210772 -0.3736 0.0642083 -0.00207241 0.997934 35.5187
0.997956 0.00124227 -0.0638962 -2.00841 -0.000950156 0.999989 0.00460192 -0.38405 0.0639012 -0.00453181 0.997946 36.4203
0.997891 0.00387333 -0.0647907 -2.09812 -0.0034152 0.999968 0.00718019 -0.382376 0.0648165 -0.00694377 0.997873 37.4102
0.99789 0.00453948 -0.0647689 -2.16915 -0.00412215 0.99997 0.00657552 -0.393139 0.0647968 -0.00629466 0.997879 38.3863
0.997945 0.00159974 -0.0640563 -2.24082 -0.00125799 0.999985 0.00537511 -0.399124 0.0640639 -0.00528348 0.997932 39.3619
0.997966 0.00399756 -0.0636289 -2.31374 -0.00380644 0.999988 0.00312454 -0.414433 0.0636406 -0.00287598 0.997969 40.3203
0.99796 0.0026121 -0.063795 -2.38663 -0.00239555 0.999991 0.00347086 -0.424723 0.0638035 -0.00331095 0.997957 41.2703
0.997797 -0.00307922 -0.0662725 -2.45014 0.00338187 0.999984 0.00445511 -0.434485 0.0662577 -0.00466942 0.997792 42.271
0.997807 -0.00116849 -0.066181 -2.50504 0.00152543 0.999985 0.00534305 -0.443927 0.0661737 -0.00543229 0.997793 43.1961
0.997815 0.00427893 -0.0659241 -2.58793 -0.00415357 0.999989 0.0020386 -0.45575 0.0659321 -0.00176032 0.997823 44.1748
0.997671 0.00312186 -0.0681412 -2.65045 -0.00328177 0.999992 -0.00223499 -0.464919 0.0681337 0.00245341 0.997673 45.0977
0.997781 0.00487012 -0.0663962 -2.70645 -0.00511798 0.999981 -0.0035635 -0.485578 0.0663776 0.00389541 0.997787 45.9852
0.997764 0.000209451 -0.0668347 -2.78813 -0.000178492 1 0.000469195 -0.497839 0.0668348 -0.000456216 0.997764 46.8756
0.997718 -0.00195454 -0.0674966 -2.85895 0.00217576 0.999992 0.00320407 -0.511695 0.0674898 -0.00334361 0.997714 47.7805
0.997718 -0.00405038 -0.0674037 -2.90223 0.00430574 0.999984 0.0036437 -0.526651 0.0673878 -0.00392561 0.997719 48.667
0.997657 -0.0046752 -0.068252 -2.95469 0.00482759 0.999986 0.00206808 -0.539613 0.0682414 -0.00239273 0.997666 49.5588
0.997609 -0.0058114 -0.0688693 -3.01767 0.00585866 0.999983 0.000484237 -0.551572 0.0688652 -0.000886561 0.997626 50.4576
0.997487 -0.00361829 -0.070759 -3.0907 0.00373964 0.999992 0.00158266 -0.560438 0.0707527 -0.00184329 0.997492 51.3661
0.997436 -0.0048578 -0.0714042 -3.15324 0.00526207 0.999971 0.00547469 -0.573782 0.0713756 -0.00583638 0.997432 52.2553
0.997429 -0.00403668 -0.071548 -3.2178 0.00480175 0.999933 0.0105243 -0.582816 0.0715008 -0.0108408 0.997382 53.1293
0.997404 0.000312462 -0.0720118 -3.29712 0.000633064 0.999914 0.013107 -0.589969 0.0720097 -0.0131185 0.997318 54.1257
0.997229 -0.000738657 -0.0743867 -3.3529 0.00138262 0.999962 0.0086058 -0.592726 0.0743775 -0.00868481 0.997192 55.062
0.997249 0.00528554 -0.0739304 -3.44114 -0.00518343 0.999985 0.00157296 -0.606948 0.0739376 -0.00118542 0.997262 56.0232
0.997133 0.0055561 -0.0754687 -3.49895 -0.00581475 0.999978 -0.00320785 -0.616057 0.0754492 0.00363748 0.997143 56.7817
0.997081 0.00831936 -0.0758977 -3.59144 -0.00847803 0.999962 -0.0017686 -0.633172 0.0758802 0.0024069 0.997114 57.7178
0.996944 0.00671741 -0.0778315 -3.65057 -0.00669027 0.999977 0.000609496 -0.648262 0.0778338 -8.69196e-005 0.996966 58.5262
0.996931 0.00427304 -0.0781742 -3.728 -0.00408109 0.999988 0.00261506 -0.669077 0.0781845 -0.002288 0.996936 59.3961
0.996805 0.00155065 -0.0798554 -3.79224 -0.00139051 0.999997 0.00206097 -0.675573 0.0798584 -0.00194335 0.996804 60.1976
0.996584 -0.000367966 -0.0825806 -3.84991 0.000597711 0.999996 0.00275736 -0.687891 0.0825792 -0.0027973 0.996581 61.0354
0.996564 0.00135531 -0.0828174 -3.91926 -0.00103945 0.999992 0.00385692 -0.706037 0.082822 -0.00375758 0.996557 61.8821
0.996323 -0.00116524 -0.0856741 -4.00444 0.00148502 0.999992 0.00366889 -0.713714 0.0856692 -0.00378262 0.996316 62.7188
0.996364 0.00177926 -0.0851786 -4.08399 -0.00131346 0.999984 0.00552427 -0.727945 0.085187 -0.00539231 0.99635 63.5381
0.996258 0.00179915 -0.0864069 -4.16487 -0.00113229 0.999969 0.00776613 -0.730322 0.0864182 -0.00763923 0.99623 64.3239
0.99617 0.00486166 -0.0873025 -4.25033 -0.00379673 0.999916 0.0123601 -0.735178 0.0873553 -0.0119813 0.996105 65.1538
0.995962 0.00333843 -0.0897125 -4.31011 -0.00207535 0.999897 0.0141688 -0.743181 0.0897506 -0.0139254 0.995867 65.9465
0.995927 0.00594702 -0.0899652 -4.38396 -0.00503584 0.999934 0.0103517 -0.752148 0.0900208 -0.00985649 0.995891 66.7347
0.995765 0.00597691 -0.0917456 -4.46004 -0.00569395 0.999978 0.00334565 -0.764296 0.0917635 -0.00280908 0.995777 67.5148
0.995507 -2.52728e-006 -0.0946913 -4.52386 -0.000236585 0.999997 -0.00251395 -0.775593 0.094691 0.00252506 0.995504 68.2386
0.995601 -0.00070354 -0.0936925 -4.61133 0.000320374 0.999992 -0.00410459 -0.779298 0.0936946 0.00405652 0.995593 68.9463
0.995698 0.00359188 -0.0925882 -4.70257 -0.00368491 0.999993 -0.000833818 -0.788479 0.0925846 0.00117141 0.995704 69.5998
0.995174 0.00214321 -0.0981013 -4.72477 -0.00203291 0.999997 0.00122434 -0.799193 0.0981037 -0.001019 0.995176 70.2513
0.995376 -0.00355202 -0.0959936 -4.79993 0.0034747 0.999993 -0.000972594 -0.826054 0.0959964 0.000634547 0.995381 70.9089
0.995169 -0.00973512 -0.0976951 -4.85936 0.00905152 0.999931 -0.00743805 -0.838549 0.0977608 0.00651782 0.995189 71.5581
0.995352 -0.0102437 -0.0957553 -4.91056 0.00912557 0.999885 -0.0121075 -0.853986 0.0958684 0.0111774 0.995331 72.1538
0.995727 -0.00231439 -0.0923142 -4.95571 0.00119634 0.999925 -0.0121649 -0.865091 0.0923355 0.0120025 0.995656 72.6822
0.996085 0.00667304 -0.0881527 -5.01312 -0.00751104 0.99993 -0.00917793 -0.873362 0.0880853 0.00980411 0.996065 73.1941
0.99639 0.0012765 -0.084888 -5.03942 -0.00178926 0.999981 -0.00596454 -0.886914 0.0848788 0.00609489 0.996373 73.7018
0.996902 -0.00601706 -0.0784223 -5.08792 0.00586613 0.99998 -0.00215482 -0.896565 0.0784337 0.00168811 0.996918 74.2323
0.997393 -0.00938415 -0.0715427 -5.09792 0.00950096 0.999954 0.00129262 -0.917357 0.0715273 -0.00196897 0.997437 74.7477
0.998189 -0.00108053 -0.0601387 -5.13124 0.00116398 0.999998 0.00135249 -0.922981 0.0601371 -0.00142004 0.998189 75.2448
0.998918 0.00941507 -0.0455507 -5.15478 -0.00936375 0.999955 0.00133991 -0.932543 0.0455613 -0.000911934 0.998961 75.7443
0.999572 0.00868745 -0.0279332 -5.16406 -0.0086342 0.999961 0.00202636 -0.936165 0.0279497 -0.00178432 0.999608 76.2507
0.999981 0.000901238 -0.00604996 -5.14926 -0.000885149 0.999996 0.00266154 -0.943593 0.00605233 -0.00265613 0.999978 76.7091
0.999774 -0.00322244 0.0210024 -5.12982 0.00313962 0.999987 0.00397534 -0.949239 -0.0210149 -0.0039085 0.999772 77.1942
0.998762 -0.00537041 0.0494591 -5.07126 0.00508393 0.99997 0.00591621 -0.956315 -0.0494894 -0.00565744 0.998759 77.6598
0.996554 -0.00234402 0.0829075 -5.01266 0.00169875 0.999968 0.0078527 -0.963277 -0.0829232 -0.0076848 0.996526 78.1356
0.99309 -0.00396046 0.117289 -4.91453 0.00298369 0.999959 0.00850232 -0.96683 -0.117318 -0.00809362 0.993061 78.5892
0.986818 -0.000730572 0.161833 -4.83685 -0.000780527 0.999957 0.00927362 -0.971196 -0.161833 -0.00927769 0.986775 79.041
0.97893 -0.00089425 0.204192 -4.69571 -0.000961816 0.999959 0.00899036 -0.972328 -0.204192 -0.00899733 0.978889 79.4851
0.966978 -0.00126858 0.254856 -4.55316 -0.000774145 0.999968 0.00791475 -0.986427 -0.254858 -0.00785068 0.966947 79.9041
0.951898 0.000278019 0.306415 -4.39187 -0.00198493 0.999984 0.00525898 -0.991794 -0.306409 -0.00561422 0.951883 80.3042
0.932803 -0.00280536 0.360376 -4.18887 0.00139282 0.99999 0.00417927 -0.993355 -0.360384 -0.0033965 0.932798 80.6892
0.90777 -0.00162973 0.419464 -3.98885 7.52557e-005 0.999993 0.00372237 -1.00279 -0.419467 -0.00334749 0.907764 81.0343
0.879578 -0.00149775 0.475753 -3.74995 0.000649201 0.999998 0.00194791 -0.998112 -0.475755 -0.00140448 0.879577 81.3745
0.84632 -0.00387864 0.532661 -3.50431 0.00298035 0.999992 0.00254624 -1.00602 -0.532667 -0.000567415 0.846325 81.6847
0.810046 -0.0039673 0.586352 -3.2298 0.00254117 0.999991 0.00325538 -1.0147 -0.58636 -0.00114699 0.81005 81.9769
0.770159 -0.00296972 0.637845 -2.94839 0.000884263 0.999993 0.00358814 -1.01901 -0.637852 -0.00219942 0.770156 82.2556
0.727911 -0.000635568 0.685671 -2.65065 -0.00391522 0.999979 0.00508332 -1.02092 -0.685661 -0.00638476 0.727893 82.5023
0.68264 -0.000452913 0.730755 -2.34092 -0.0058655 0.999964 0.00609907 -1.03174 -0.730731 -0.00844972 0.682613 82.7356
0.637394 -0.0069066 0.770507 -1.99848 0.000872145 0.999966 0.00824193 -1.0287 -0.770537 -0.00458137 0.637378 82.9534
0.59045 -0.0116126 0.80699 -1.65035 0.0035549 0.999924 0.011788 -1.03502 -0.807066 -0.00409143 0.590447 83.136
0.543839 -0.00813079 0.83915 -1.29552 -0.000441163 0.99995 0.00997474 -1.03918 -0.839189 -0.00579486 0.543809 83.3248
0.495108 0.00142064 0.86883 -0.936965 -0.00914941 0.999952 0.00357881 -1.04129 -0.868783 -0.00972118 0.495097 83.5141
0.44988 0.00140201 0.893088 -0.578527 -0.00674875 0.999976 0.00182978 -1.04893 -0.893063 -0.0068504 0.449879 83.6586
0.408511 -0.00912346 0.912708 -0.205776 0.00276799 0.999958 0.00875672 -1.05043 -0.912749 -0.00105085 0.408519 83.775
0.368376 -0.0229719 0.929393 0.168995 0.00666486 0.999734 0.0220688 -1.0418 -0.929653 -0.00193535 0.368431 83.8727
0.33451 -0.0269641 0.942007 0.577006 -0.00136516 0.999576 0.0290967 -1.03761 -0.942391 -0.0110191 0.334331 83.9625
0.300802 -0.018385 0.953509 0.994507 -0.0129242 0.999644 0.0233517 -1.02953 -0.953599 -0.0193476 0.300457 84.0719
0.270883 -0.00892778 0.962571 1.39608 -0.0162336 0.999772 0.0138412 -1.03472 -0.962475 -0.0193754 0.270676 84.1786
0.241626 -0.00295183 0.970365 1.824 -0.0144941 0.999873 0.00665069 -1.03807 -0.970261 -0.0156715 0.241552 84.2814
0.217393 -0.00744453 0.976056 2.2288 -0.00554762 0.999945 0.00886233 -1.04529 -0.976068 -0.00734139 0.217339 84.3461
0.193134 -0.0139214 0.981074 2.62408 0.000864332 0.999901 0.0140184 -1.04646 -0.981172 -0.00185945 0.193127 84.3979
0.173139 -0.0199523 0.984695 3.03711 0.00601121 0.999798 0.0192013 -1.03297 -0.984879 0.00259471 0.173224 84.4493
0.153674 -0.0202745 0.987914 3.45978 0.00440831 0.999794 0.0198326 -1.01587 -0.988112 0.00130728 0.153732 84.4962
0.136352 -0.0159443 0.990532 3.88137 -0.00849818 0.999815 0.0172635 -1.00528 -0.990624 -0.0107716 0.136191 84.5465
0.121175 -0.012337 0.992555 4.25988 -0.0219244 0.999646 0.0151018 -1.00495 -0.992389 -0.0235911 0.120861 84.5903
0.105968 -0.0113013 0.994305 4.71834 -0.0232179 0.999635 0.0138363 -1.00098 -0.994098 -0.0245519 0.105667 84.6336
0.0946601 -0.0187224 0.995334 5.14176 -0.0182025 0.999623 0.0205342 -1.00215 -0.995343 -0.0200613 0.0942837 84.6461
0.0820395 -0.0211474 0.996405 5.63882 -0.0153272 0.99963 0.0224778 -0.989727 -0.996511 -0.0171162 0.081685 84.6715
0.0722436 -0.0247491 0.99708 6.12586 -0.0159663 0.999535 0.0259669 -0.985503 -0.997259 -0.0177956 0.0718148 84.6991
0.0641152 -0.025664 0.997612 6.65601 -0.0187102 0.999463 0.0269141 -0.97233 -0.997767 -0.0203911 0.0636006 84.7257
0.0587347 -0.0280644 0.997879 7.15279 -0.0225415 0.999313 0.0294315 -0.959473 -0.998019 -0.0242223 0.0580618 84.7534
0.0532857 -0.0283199 0.998178 7.73608 -0.0239716 0.999273 0.0296306 -0.944847 -0.998292 -0.0255068 0.0525681 84.7783
0.0477437 -0.0299769 0.99841 8.30113 -0.0258578 0.999177 0.0312364 -0.929202 -0.998525 -0.027308 0.0469293 84.8
0.0429897 -0.0313793 0.998583 8.90244 -0.0281898 0.999071 0.0326082 -0.913928 -0.998678 -0.0295516 0.0420651 84.8289
0.0403654 -0.0336168 0.998619 9.4865 -0.0293187 0.998964 0.0348135 -0.899163 -0.998755 -0.0306835 0.0393379 84.8569
0.0376211 -0.0343758 0.998701 10.1218 -0.0315941 0.998868 0.0355717 -0.876378 -0.998793 -0.0328913 0.0364924 84.8694
0.0339713 -0.034784 0.998817 10.7566 -0.034206 0.998768 0.0359456 -0.863695 -0.998837 -0.0353866 0.0327396 84.9026
0.0348709 -0.0420388 0.998507 11.44 -0.0353931 0.998436 0.0432718 -0.840859 -0.998765 -0.0368492 0.0333285 84.913
0.0358817 -0.0438653 0.998393 12.1304 -0.0360516 0.998329 0.0451582 -0.818295 -0.998706 -0.0376141 0.0342404 84.933
0.0443413 -0.0473023 0.997896 12.7565 -0.0407786 0.99796 0.0491173 -0.797703 -0.998184 -0.0428707 0.0423219 84.8952
0.0421121 -0.0470369 0.998005 13.5023 -0.0434041 0.997862 0.0488617 -0.764778 -0.99817 -0.0453751 0.0399805 84.9585
0.0498724 -0.048985 0.997554 14.1992 -0.0469832 0.997576 0.051335 -0.737238 -0.99765 -0.0494284 0.0474501 84.9647
0.0522359 -0.0486847 0.997447 14.6471 -0.0485727 0.997505 0.0512312 -0.716452 -0.997453 -0.0511249 0.0497409 84.9963
0.0574952 -0.0495344 0.997116 15.5063 -0.0505558 0.997342 0.0524607 -0.671295 -0.997065 -0.0534263 0.0548382 85.032
0.0598954 -0.044003 0.997234 16.1732 -0.0527309 0.997494 0.0471815 -0.642708 -0.996811 -0.055411 0.0574249 85.0758
0.0656256 -0.0449699 0.99683 16.9745 -0.0526115 0.997439 0.0484609 -0.610283 -0.996456 -0.0556251 0.0630916 85.1098
0.0679286 -0.0410928 0.996844 17.7741 -0.0459897 0.99796 0.0442728 -0.577344 -0.99663 -0.048852 0.0659002 85.181
0.0725079 -0.0415829 0.996501 18.6294 -0.0410732 0.998158 0.0446406 -0.551592 -0.996522 -0.0441663 0.0706664 85.2144
0.0712754 -0.0342234 0.996869 19.4349 -0.0344106 0.998732 0.0367477 -0.522072 -0.996863 -0.0369221 0.0700074 85.3009
0.0758674 -0.0354538 0.996487 20.211 -0.0347224 0.998668 0.038175 -0.498164 -0.996513 -0.0374967 0.0745353 85.3178
0.074535 -0.0321118 0.996701 21.0368 -0.033569 0.998834 0.0346909 -0.468051 -0.996653 -0.036044 0.0733701 85.3882
0.0777755 -0.031135 0.996485 21.7737 -0.0379799 0.998694 0.0341683 -0.465219 -0.996247 -0.0405039 0.0764914 85.4021
0.0759367 -0.0312078 0.996624 22.6404 -0.0356841 0.998785 0.0339944 -0.426993 -0.996474 -0.0381451 0.0747308 85.5143
0.0775418 -0.029494 0.996553 23.4217 -0.0331221 0.998934 0.0321417 -0.420247 -0.996439 -0.0355003 0.0764823 85.5496
0.0752252 -0.0250416 0.996852 24.2631 -0.0309216 0.999145 0.0274327 -0.395944 -0.996687 -0.0328879 0.0743866 85.6483
0.0788221 -0.0268648 0.996527 25.0889 -0.0290981 0.999149 0.0292371 -0.387821 -0.996464 -0.0313016 0.0779733 85.6878
0.0751663 -0.0233447 0.996898 25.9183 -0.0259652 0.999341 0.0253597 -0.375571 -0.996833 -0.0277909 0.0745107 85.7629
0.0731062 -0.020872 0.997106 26.7637 -0.0255088 0.999415 0.0227906 -0.364855 -0.996998 -0.0271011 0.072531 85.8325
0.0697227 -0.0193456 0.997379 27.595 -0.0267467 0.999416 0.0212549 -0.352814 -0.997208 -0.0281586 0.0691645 85.8997
0.0649495 -0.017556 0.997734 28.4151 -0.0258946 0.999479 0.0192723 -0.344009 -0.997553 -0.0270877 0.064461 85.9545
0.0587883 -0.0159906 0.998142 29.2468 -0.0248249 0.999539 0.0174751 -0.333483 -0.997962 -0.0258061 0.0583642 86.0277
0.0504798 -0.0162122 0.998593 30.1148 -0.0207944 0.999634 0.0172803 -0.329837 -0.998509 -0.0216375 0.0501242 86.0728
0.0414728 -0.0149029 0.999028 30.9449 -0.0152878 0.999762 0.0155485 -0.337723 -0.999023 -0.0159178 0.0412351 86.1202
0.0316084 -0.0161138 0.99937 31.8088 -0.0147041 0.999754 0.0165851 -0.330513 -0.999392 -0.0152191 0.0313637 86.1482
0.0205871 -0.0171967 0.99964 32.6561 -0.0147428 0.999738 0.017502 -0.321097 -0.999679 -0.0150978 0.0203282 86.1713
0.0105782 -0.0152549 0.999828 33.5091 -0.0171684 0.999733 0.0154351 -0.320842 -0.999797 -0.0173287 0.0103135 86.1788
0.000351323 -0.018398 0.999831 34.3428 -0.019513 0.99964 0.0184013 -0.324739 -0.99981 -0.0195162 -7.80412e-006 86.1637
-0.0120589 -0.0165807 0.99979 35.2107 -0.0152805 0.999749 0.0163958 -0.318617 -0.999811 -0.0150796 -0.0123092 86.1581
-0.0216473 -0.0184819 0.999595 36.014 -0.016499 0.9997 0.0181266 -0.325119 -0.99963 -0.0160999 -0.0219457 86.1225
-0.0332083 -0.0170388 0.999303 36.8758 -0.0155613 0.999742 0.0165292 -0.32274 -0.999327 -0.0150016 -0.0334648 86.1028
-0.0435765 -0.0174402 0.998898 37.7192 -0.0160611 0.999731 0.0167541 -0.322443 -0.998921 -0.0153133 -0.0438449 86.07
-0.0525998 -0.0196946 0.998421 38.5154 -0.0155811 0.9997 0.018899 -0.322257 -0.998494 -0.0145624 -0.0528908 86.0179
-0.0620178 -0.019853 0.997878 39.31 -0.0170229 0.999678 0.0188309 -0.321638 -0.99793 -0.0158189 -0.0623358 85.9691
-0.0710872 -0.0210622 0.997248 40.1216 -0.0187142 0.999629 0.0197785 -0.320714 -0.997295 -0.0172567 -0.071455 85.9065
-0.0800081 -0.0214142 0.996564 40.8702 -0.0195074 0.999611 0.0199135 -0.313814 -0.996603 -0.0178471 -0.0803947 85.8458
-0.0867578 -0.022499 0.995975 41.6792 -0.0227606 0.999529 0.0205966 -0.318486 -0.995969 -0.020882 -0.087229 85.762
-0.0913395 -0.0288969 0.9954 42.3667 -0.0267009 0.999291 0.0265597 -0.317301 -0.995462 -0.0241522 -0.0920463 85.6852
-0.0961264 -0.0296882 0.994926 43.1697 -0.0282238 0.999234 0.0270899 -0.310509 -0.994969 -0.0254765 -0.0968908 85.6237
-0.0983794 -0.031419 0.994653 43.9115 -0.0306923 0.999122 0.0285244 -0.29937 -0.994676 -0.0277219 -0.0992573 85.5379
-0.100231 -0.0309552 0.994483 44.6624 -0.0326116 0.999081 0.0278114 -0.295893 -0.99443 -0.0296441 -0.101149 85.4631
-0.0983213 -0.034579 0.994554 45.3871 -0.0344291 0.998916 0.031327 -0.296481 -0.994559 -0.0311614 -0.0994052 85.3815
-0.0969117 -0.0310192 0.994809 46.1014 -0.0305231 0.999137 0.0281806 -0.283515 -0.994825 -0.0276336 -0.0977749 85.2941
-0.0966377 -0.0356208 0.994682 46.8369 -0.0309299 0.998984 0.0327699 -0.281119 -0.994839 -0.0275986 -0.0976413 85.2142
-0.0909008 -0.0346534 0.995257 47.4635 -0.0311483 0.999004 0.031939 -0.269847 -0.995373 -0.0280973 -0.0918897 85.1689
-0.081374 -0.0348328 0.996075 48.0802 -0.0349705 0.998874 0.0320738 -0.267908 -0.99607 -0.0322233 -0.0825005 85.1234
-0.0712076 -0.0323549 0.996937 48.7365 -0.0350014 0.998939 0.0299199 -0.255513 -0.996847 -0.0327636 -0.0722645 85.0858
-0.057673 -0.0336601 0.997768 49.3287 -0.0339723 0.998919 0.0317353 -0.238701 -0.997757 -0.0320662 -0.0587542 85.0778
-0.0402355 -0.0305645 0.998723 49.9053 -0.0314964 0.999074 0.0293064 -0.234616 -0.998694 -0.030277 -0.0411609 85.0623
-0.019131 -0.0304062 0.999355 50.4462 -0.0293997 0.999122 0.0298363 -0.232961 -0.999385 -0.0288099 -0.0200081 85.0686
0.00482123 -0.0279198 0.999599 51.0043 -0.0254883 0.999282 0.0280339 -0.217888 -0.999663 -0.0256133 0.00410614 85.0967
0.0332169 -0.0260816 0.999108 51.5149 -0.0256654 0.999308 0.0269401 -0.212475 -0.999119 -0.0265374 0.0325245 85.1343
0.0661627 -0.0240699 0.997518 52.0404 -0.0270073 0.9993 0.0259041 -0.198173 -0.997443 -0.0286541 0.0654663 85.1908
0.104568 -0.0246133 0.994213 52.5221 -0.0290272 0.999192 0.0277896 -0.191565 -0.994094 -0.0317651 0.103769 85.2583
0.146648 -0.0198513 0.98899 53.0215 -0.0307393 0.999224 0.0246148 -0.184683 -0.988711 -0.0340106 0.145924 85.3613
0.190317 -0.0190372 0.981538 53.5078 -0.0331181 0.999118 0.0257996 -0.178277 -0.981164 -0.0374168 0.189519 85.4825
0.238259 -0.0171328 0.971051 53.9776 -0.0314765 0.999183 0.0253523 -0.178593 -0.970692 -0.0366057 0.237525 85.6347
0.288122 -0.00882004 0.957553 54.4801 -0.028778 0.999426 0.0178649 -0.161277 -0.957161 -0.0327037 0.287703 85.8359
0.342743 -0.0120319 0.939352 54.9461 -0.0228912 0.999514 0.0211548 -0.159589 -0.93915 -0.0287536 0.342301 86.0418
0.39924 -0.0163088 0.916701 55.4133 -0.0119453 0.999664 0.0229872 -0.156697 -0.916769 -0.0201277 0.398911 86.286
0.463765 -0.0225887 0.88567 55.959 -0.0026621 0.999635 0.0268893 -0.140233 -0.885954 -0.0148281 0.463536 86.5518
0.517962 -0.020766 0.855151 56.3835 -0.00330593 0.999649 0.0262772 -0.139433 -0.855397 -0.0164377 0.517712 86.8723
0.578491 -0.0235819 0.815348 56.7099 -0.00152357 0.999549 0.0299904 -0.115828 -0.815687 -0.0185914 0.578194 87.1167
0.664086 -0.0333186 0.746913 57.0713 0.0149787 0.999399 0.0312639 -0.095976 -0.747506 -0.00957414 0.664186 87.2522
0.685568 -0.011706 0.727915 57.3267 -0.00888165 0.999662 0.0244411 -0.0815942 -0.727955 -0.0232211 0.685232 87.6615
0.749528 -0.0133561 0.661838 57.587 -0.00856423 0.999517 0.0298695 -0.0745783 -0.661917 -0.0280562 0.749052 87.9311
0.784492 -0.00929869 0.62007 57.7968 -0.0129869 0.999422 0.0314181 -0.0675987 -0.620003 -0.0327 0.783917 88.2793
0.82765 -0.00812824 0.561186 58.0193 -0.0163682 0.99912 0.0386115 -0.052004 -0.561006 -0.0411425 0.826789 88.661
0.861295 -0.00770692 0.508046 58.1912 -0.0169985 0.998888 0.0439705 -0.0444154 -0.50782 -0.0465076 0.860207 89.0296
0.891368 -0.00248554 0.453274 58.3678 -0.0213995 0.998639 0.0475584 -0.0230151 -0.452776 -0.0520919 0.890101 89.4723
0.915175 -0.0013992 0.403055 58.5235 -0.0208613 0.998489 0.0508339 -0.00821482 -0.402518 -0.0549301 0.913763 89.9097
0.933953 0.000940729 0.357396 58.6554 -0.0207954 0.998445 0.0517148 0.0058329 -0.356791 -0.0557314 0.93252 90.3697
0.948351 0.00591374 0.317169 58.757 -0.0232487 0.998433 0.0508987 0.0256628 -0.316371 -0.0556436 0.947002 90.809
0.959251 0.00633327 0.282485 58.8581 -0.0207646 0.998626 0.0481224 0.0481688 -0.281792 -0.0520271 0.958064 91.2796
0.967905 0.000448128 0.251316 58.9617 -0.0126467 0.998818 0.0469257 0.0736946 -0.250998 -0.048598 0.966767 91.7594
0.973373 -0.00894798 0.229052 59.0618 -0.00232194 0.998802 0.0488858 0.0898855 -0.229215 -0.048116 0.972186 92.2392
0.976853 -0.01249 0.213546 59.1621 0.00217988 0.998823 0.048448 0.103979 -0.2139 -0.0468611 0.975731 92.7335
0.979588 -0.0021099 0.201002 59.2476 -0.00758309 0.998845 0.0474411 0.127376 -0.20087 -0.047997 0.978441 93.2444
0.981395 0.0060259 0.191903 59.3337 -0.0151987 0.998809 0.0463631 0.148948 -0.191395 -0.0484172 0.980318 93.7579
0.982465 0.00917345 0.18622 59.4099 -0.0175085 0.998915 0.043164 0.174661 -0.185622 -0.0456676 0.981559 94.2922
0.98297 0.00833399 0.183579 59.4931 -0.0157819 0.999109 0.0391469 0.190502 -0.18309 -0.0413775 0.982225 94.847
0.983161 0.00187404 0.182732 59.8416 -0.0086919 0.999295 0.036517 0.193032 -0.182534 -0.0374904 0.982484 95.5177
0.982716 -0.00579781 0.18503 59.5561 -0.000461498 0.99943 0.0337677 0.213917 -0.18512 -0.0332694 0.982153 95.7838
0.983048 -0.0080308 0.183172 59.8623 0.00321774 0.999642 0.0265583 0.227622 -0.183319 -0.0255187 0.982722 96.4367
0.979198 -0.00655971 0.202799 59.876 0.000911407 0.999609 0.0279325 0.250716 -0.202904 -0.0271666 0.978822 96.9167
0.979953 0.00089586 0.199226 60.0319 -0.00595742 0.999674 0.0248081 0.261569 -0.199139 -0.0254976 0.979639 97.4905
0.977992 0.00555727 0.208569 60.1065 -0.0119719 0.999493 0.0295056 0.280505 -0.208299 -0.0313532 0.977563 97.9866
0.977515 -0.000891654 0.210864 60.2393 -0.0064205 0.999402 0.03399 0.289755 -0.210768 -0.0345796 0.976924 98.5763
0.976504 -0.00820943 0.215341 60.3718 -0.000499708 0.999185 0.0403579 0.307303 -0.215497 -0.0395173 0.975705 99.1246
0.975764 -0.00766974 0.218689 60.5076 -0.00228345 0.998974 0.045224 0.324192 -0.218812 -0.0446273 0.974746 99.7338
0.975204 -0.0105944 0.221056 60.6837 0.000254132 0.998906 0.0467529 0.35275 -0.22131 -0.0455374 0.97414 100.393
0.974834 -0.0125727 0.222579 60.8246 0.00269397 0.999 0.0446311 0.373666 -0.222917 -0.0429083 0.973893 101.056
0.975245 -0.0120964 0.220798 60.9983 0.00364993 0.999247 0.0386222 0.397826 -0.221099 -0.0368602 0.974555 101.776
0.975405 -0.0072239 0.220304 61.1368 0.00023027 0.999496 0.0317546 0.426733 -0.220422 -0.0309228 0.974914 102.445
0.975902 -0.000926435 0.218209 61.281 -0.00521512 0.999606 0.0275677 0.447257 -0.218148 -0.0280414 0.975513 103.124
0.976515 -0.00275654 0.215434 61.387 -0.00418214 0.999487 0.0317455 0.458652 -0.215411 -0.0319009 0.976002 103.693
0.976849 -0.00670698 0.213824 61.5414 -0.00183988 0.999208 0.0397475 0.479286 -0.213921 -0.0392207 0.976063 104.364
0.977405 -0.0039939 0.211337 61.6806 -0.00561747 0.998978 0.0448591 0.494044 -0.2113 -0.0450327 0.976383 105.064
0.977803 0.000463354 0.209525 61.8347 -0.00981202 0.999002 0.0435812 0.518131 -0.209295 -0.0446697 0.976832 105.823
0.978095 0.00252215 0.208146 61.9814 -0.0106334 0.999226 0.0378597 0.543551 -0.207889 -0.0392436 0.977365 106.591
0.978913 -0.000244095 0.204279 62.1286 -0.00652928 0.999451 0.0324828 0.572397 -0.204175 -0.0331316 0.978374 107.343
0.979737 -0.00614676 0.200196 62.2845 0.000100974 0.999544 0.0301956 0.592036 -0.20029 -0.0295635 0.97929 108.096
0.980376 -0.00637813 0.197033 62.4269 0.000195341 0.999507 0.0313829 0.610241 -0.197136 -0.0307286 0.979894 108.852
0.981119 -0.00754087 0.193257 62.5567 0.000895142 0.999406 0.0344522 0.626062 -0.193402 -0.0336288 0.980543 109.468
0.98149 -0.00670119 0.191397 62.7122 -0.000456155 0.999303 0.0373268 0.644305 -0.191513 -0.0367232 0.980803 110.296
0.981866 -0.00675683 0.189455 62.8591 -0.000973777 0.999172 0.0406818 0.662272 -0.189573 -0.0401286 0.981046 111.037
0.981637 -0.0111971 0.190432 63.0094 0.00332532 0.999129 0.041606 0.699262 -0.190732 -0.0402087 0.980818 111.866
0.981922 -0.00650407 0.189172 63.1687 -0.00189111 0.999022 0.0441642 0.708494 -0.189275 -0.0437235 0.98095 112.603
0.981946 0.00144038 0.189158 63.3046 -0.00934464 0.999119 0.0409013 0.741761 -0.188933 -0.0419305 0.981094 113.41
0.981888 0.00660806 0.189346 63.4482 -0.0139514 0.9992 0.0374763 0.761803 -0.188947 -0.0394392 0.981195 114.214
0.981414 0.0109002 0.191592 63.5818 -0.0176274 0.999285 0.0334428 0.790048 -0.19109 -0.0361985 0.980905 114.983
0.980151 0.0138077 0.197773 63.6942 -0.0203516 0.999309 0.0310936 0.814859 -0.197207 -0.0345015 0.979755 115.718
0.980229 0.00572681 0.197785 63.8687 -0.0127404 0.999334 0.0342063 0.833025 -0.197458 -0.0360498 0.979648 116.628
0.979631 -0.00218118 0.200794 64.0292 -0.00455364 0.999443 0.033073 0.854682 -0.200754 -0.0333137 0.979075 117.422
0.979019 -0.00486188 0.20371 64.2062 -0.00141294 0.999529 0.0306459 0.876134 -0.203763 -0.0302908 0.978551 118.321
0.978877 -0.0121229 0.204092 64.3976 0.00551186 0.999442 0.0329299 0.896268 -0.204377 -0.0311094 0.978398 119.134
0.978279 -0.0143073 0.206798 64.5701 0.00784043 0.999455 0.0320574 0.912849 -0.207144 -0.0297397 0.977858 119.946
0.978554 -0.0113317 0.205678 64.7519 0.00443897 0.999414 0.0339427 0.923627 -0.205942 -0.0323018 0.978031 120.799
0.978295 -0.00236319 0.207203 64.9227 -0.00521739 0.999337 0.0360312 0.946237 -0.207151 -0.0363302 0.977634 121.63
0.978136 0.00165832 0.207958 65.0993 -0.0104541 0.999096 0.0412041 0.962883 -0.207701 -0.0424772 0.97727 122.434
0.977654 0.0044937 0.210174 65.2739 -0.0140026 0.998943 0.043777 0.986542 -0.209755 -0.0457418 0.976683 123.326
0.977655 -0.00337743 0.21019 65.4701 -0.00481869 0.999248 0.0384694 1.00734 -0.210162 -0.0386227 0.976903 124.232
0.977475 -0.0146042 0.210546 65.6674 0.00934031 0.999619 0.0259739 1.02311 -0.210845 -0.0234222 0.977239 125.112
0.977616 -0.0171631 0.209697 65.8425 0.0135938 0.999737 0.0184508 1.04079 -0.209959 -0.0151872 0.977592 125.923
0.977868 -0.00763048 0.209082 66.0016 0.00199997 0.99963 0.0271279 1.05822 -0.209212 -0.0261093 0.977522 126.649
0.978229 -0.00414844 0.207488 66.1611 -0.0059298 0.998833 0.0479271 1.07555 -0.207445 -0.0481141 0.977063 127.441
0.97841 -0.00464246 0.206621 66.3355 -0.00854741 0.997983 0.0628976 1.09368 -0.206496 -0.0633057 0.976397 128.289
0.978463 -0.000306478 0.206421 66.5266 -0.0115869 0.998341 0.0564059 1.12526 -0.206096 -0.0575829 0.976836 129.228
0.978847 0.00151174 0.204587 66.7345 -0.00999783 0.999131 0.0404518 1.1581 -0.204348 -0.0416416 0.978012 130.301
0.979124 -0.00314224 0.203238 66.9416 -0.0036349 0.99945 0.0329639 1.1956 -0.20323 -0.0330145 0.978574 131.313
0.97943 -0.0110499 0.20148 67.1017 0.00441333 0.999434 0.0333583 1.20856 -0.201735 -0.031783 0.978924 132.055
0.980131 -0.00744344 0.198213 67.2724 0.0005777 0.999399 0.0346735 1.22456 -0.198352 -0.0338701 0.979545 132.957
0.980934 -0.00388512 0.194301 67.4312 -0.00276684 0.99942 0.0339523 1.24337 -0.19432 -0.0338426 0.980354 133.768
0.981656 -0.00350418 0.19063 67.5856 -0.00242055 0.999521 0.030838 1.27062 -0.190647 -0.0307337 0.981177 134.612
0.982158 0.00349086 0.188025 67.7299 -0.00938223 0.999492 0.030452 1.27765 -0.187823 -0.0316728 0.981692 135.48
0.982441 0.00924645 0.186342 67.8876 -0.0147933 0.999487 0.0283985 1.3009 -0.185984 -0.0306565 0.982074 136.321
0.982677 0.00633137 0.18522 68.0169 -0.0119826 0.999496 0.0294072 1.31854 -0.18494 -0.0311171 0.982257 137.13
0.983334 -0.00463112 0.181752 68.1662 -0.00190139 0.999359 0.0357513 1.32918 -0.181801 -0.035501 0.982694 137.882
0.983057 -0.00399329 0.183255 68.3094 -0.0024115 0.999394 0.034714 1.34716 -0.183283 -0.0345677 0.982452 138.781
0.983734 -0.00602149 0.17953 68.4597 0.000102152 0.999457 0.0329623 1.35869 -0.179631 -0.0324077 0.9832 139.613
0.98451 -0.0105904 0.175007 68.5992 0.00551193 0.99955 0.0294792 1.37639 -0.17524 -0.028058 0.984126 140.432
0.985601 -0.0109935 0.168729 68.7305 0.00618896 0.999561 0.0289747 1.39233 -0.168973 -0.0275132 0.985237 141.179
0.986578 -0.00549084 0.163201 68.8267 -3.36733e-005 0.999428 0.0338289 1.39548 -0.163294 -0.0333803 0.986013 141.845
0.987741 -0.00511058 0.156019 68.9423 -0.00161604 0.999076 0.0429567 1.41966 -0.156095 -0.0426822 0.986819 142.665
0.98841 -0.00589041 0.151695 69.0569 -0.00200922 0.998652 0.0518701 1.44392 -0.151796 -0.0515737 0.987065 143.4
0.98899 0.0027252 0.147957 69.1805 -0.0107073 0.998528 0.0531791 1.48377 -0.147594 -0.0541778 0.987563 144.255
0.989454 0.00597492 0.144722 69.2917 -0.013109 0.998742 0.0483917 1.50803 -0.144251 -0.0497785 0.988288 145.138
0.990343 -0.00119714 0.138636 69.3913 -0.00400457 0.999298 0.0372356 1.53535 -0.138583 -0.0374312 0.989643 145.936
0.991329 -0.00827209 0.131146 69.4969 0.00399801 0.999453 0.0328202 1.56183 -0.131345 -0.0320113 0.99082 146.713
0.992054 -0.00668601 0.125634 69.5726 0.00250282 0.999438 0.0334251 1.58138 -0.125787 -0.0328451 0.991513 147.459
0.993193 0.00234703 0.116454 69.6647 -0.0065944 0.999326 0.0361005 1.59749 -0.116291 -0.0366228 0.99254 148.207
0.993803 0.010541 0.110652 69.7247 -0.0143078 0.999343 0.033303 1.61305 -0.110228 -0.0346798 0.993301 148.976
0.994921 0.00668058 0.100437 69.7847 -0.00943954 0.99959 0.0270196 1.63038 -0.100215 -0.0278305 0.994577 149.745
0.995837 -0.00195429 0.0911281 69.8576 -0.000282937 0.999699 0.024531 1.64584 -0.0911486 -0.0244547 0.995537 150.51
0.996465 -0.00302319 0.0839524 69.9137 0.000768035 0.999638 0.0268816 1.65969 -0.0840033 -0.0267221 0.996107 151.242
0.997139 0.00287544 0.0755357 69.9585 -0.00539857 0.999433 0.0332202 1.6731 -0.0753974 -0.033533 0.99659 151.995
0.997645 0.00820934 0.0680926 70.0045 -0.0108331 0.999209 0.0382525 1.69285 -0.0677248 -0.0389001 0.996945 152.768
0.998188 0.00179633 0.0601412 70.0411 -0.00430424 0.999125 0.0415968 1.71362 -0.0600139 -0.0417803 0.997323 153.585
0.998566 -0.000593396 0.0535312 70.0865 -0.00173899 0.999051 0.0435135 1.73505 -0.0535063 -0.0435442 0.997618 154.424
0.998765 -0.000915679 0.0496817 70.1184 -0.00114002 0.999145 0.0413333 1.75919 -0.0496771 -0.0413389 0.997909 155.257
0.998991 0.00287946 0.044811 70.1518 -0.00447342 0.999359 0.0355112 1.78286 -0.0446801 -0.0356758 0.998364 156.083
0.99906 0.00936335 0.0423347 70.1693 -0.0105809 0.999534 0.0286279 1.79896 -0.0420469 -0.0290489 0.998693 156.899
0.999225 0.00578619 0.0389301 70.1917 -0.00679684 0.999642 0.0258785 1.81997 -0.0387664 -0.0261231 0.998907 157.795
0.999356 0.00275935 0.0357736 70.2082 -0.00390376 0.999482 0.0319601 1.82926 -0.0356669 -0.0320792 0.998849 158.482
0.99941 0.00543155 0.033908 70.2192 -0.00685352 0.999096 0.0419618 1.8557 -0.0336494 -0.0421695 0.998544 159.384
0.999532 0.00515426 0.0301693 70.2354 -0.00664087 0.998758 0.0493847 1.87082 -0.0298773 -0.0495619 0.998324 160.171
0.999685 -0.00321839 0.0249031 70.2659 0.00207471 0.998948 0.0458154 1.89467 -0.0250243 -0.0457493 0.998639 161.112
0.999684 -0.0153446 0.0199236 70.3139 0.0146168 0.999239 0.0361764 1.94987 -0.0204635 -0.0358737 0.999147 163.089
0.999796 -0.0153532 0.0130873 70.3061 0.0149424 0.99941 0.0309333 1.96533 -0.0135545 -0.0307314 0.999436 163.425
0.999985 0.000349516 0.00549662 70.3044 -0.000525204 0.999488 0.0319941 1.99482 -0.00548262 -0.0319965 0.999473 164.526
0.999995 0.00265592 -0.00146319 70.2945 -0.00259801 0.999265 0.0382515 2.00881 0.00156371 -0.0382475 0.999267 165.194
0.999934 -0.00670569 -0.00931676 70.2909 0.00708386 0.999127 0.041169 2.03072 0.00903256 -0.0412322 0.999109 166.087
0.99979 -0.0133224 -0.0155584 70.2909 0.0140117 0.998885 0.0450749 2.0583 0.0149405 -0.0452835 0.998862 166.896
0.999686 -0.0116744 -0.0221651 70.2692 0.0126553 0.998923 0.0446429 2.08243 0.02162 -0.0449094 0.998757 167.772
0.999585 -0.00624779 -0.0281247 70.2388 0.0073076 0.999261 0.0377387 2.10343 0.0278681 -0.0379286 0.998892 168.618
0.999297 -0.0106467 -0.0359516 70.224 0.0116307 0.99956 0.0272715 2.12495 0.0356454 -0.0276705 0.998981 169.473
0.998924 -0.0178575 -0.0427951 70.2001 0.018844 0.999563 0.0227602 2.146 0.04237 -0.0235422 0.998825 170.338
0.998763 -0.00570354 -0.049399 70.1591 0.00719898 0.99952 0.0301478 2.1589 0.0492033 -0.0304661 0.998324 171.107
0.998407 0.0151816 -0.0543485 70.107 -0.0128034 0.998956 0.0438419 2.17875 0.0549573 -0.0430762 0.997559 171.845
0.998153 0.0161352 -0.058567 70.0447 -0.0131034 0.998572 0.0517866 2.2015 0.059319 -0.0509235 0.996939 172.696
0.998026 0.00535513 -0.0625763 69.9778 -0.00231455 0.998817 0.0485618 2.23292 0.0627623 -0.0483211 0.996858 173.656
0.99798 0.00403431 -0.0634005 69.9292 -0.00159726 0.99926 0.0384427 2.25 0.0635086 -0.0382638 0.997247 174.262
0.9977 0.0157306 -0.0659354 69.8357 -0.0138021 0.999466 0.0296029 2.28274 0.0663659 -0.0286248 0.997385 175.318
0.997601 0.0109396 -0.0683558 69.7785 -0.00920026 0.999627 0.0257088 2.29618 0.0686116 -0.0250182 0.99733 176.059
0.997571 -0.00534563 -0.069455 69.7059 0.00749896 0.999498 0.0307796 2.31277 0.0692556 -0.0312257 0.99711 176.9
0.997496 -0.00424989 -0.070598 69.6992 0.00705022 0.999196 0.0394642 2.32148 0.0703735 -0.0398632 0.996724 177.156
0.997614 0.00320817 -0.0689614 69.593 -0.000119262 0.998998 0.0447494 2.34564 0.0690358 -0.0446345 0.996615 178.292
0.997377 0.00187148 -0.0723597 69.5363 0.00131344 0.999033 0.0439424 2.36666 0.072372 -0.0439222 0.99641 179.039
0.997331 -0.00227811 -0.072975 69.4641 0.00483574 0.999379 0.0348906 2.38961 0.0728502 -0.0351503 0.996723 179.983
0.997101 -0.0112609 -0.0752467 69.4434 0.0129974 0.999659 0.0226279 2.39577 0.0749662 -0.0235403 0.996908 180.328
0.996769 -0.0201566 -0.0777494 69.3671 0.0215827 0.999613 0.0175459 2.41828 0.0773656 -0.0191672 0.996819 181.419
0.99667 -0.00926003 -0.0810165 69.3228 0.0110813 0.999695 0.0220597 2.42781 0.0807875 -0.022884 0.996469 182.052
0.996824 0.00796001 -0.0792376 69.2635 -0.00531581 0.999424 0.0335256 2.43298 0.0794588 -0.0329979 0.996292 182.669
0.996647 0.00629119 -0.0815768 69.1818 -0.00329498 0.999317 0.0368114 2.44888 0.0817527 -0.0364192 0.995987 183.611
0.996715 0.0034944 -0.0809094 69.0933 -0.000810785 0.999449 0.0331773 2.4679 0.0809807 -0.0330027 0.996169 184.588
0.996614 0.00107086 -0.0822138 69.0197 0.00113083 0.999642 0.0267289 2.48551 0.082213 -0.0267313 0.996256 185.467
0.996674 0.00913185 -0.0809826 68.9283 -0.00695205 0.999607 0.0271581 2.50013 0.0811988 -0.0265047 0.996345 186.31
0.996584 0.0104665 -0.0819217 68.8519 -0.00801689 0.999513 0.0301733 2.51341 0.0821976 -0.0294134 0.996182 187.132
0.996644 0.00565699 -0.0816595 68.7724 -0.00286693 0.999409 0.0342439 2.5194 0.081805 -0.0338949 0.996072 187.953
0.996619 0.00844782 -0.0817317 68.6978 -0.00542329 0.999295 0.0371571 2.53853 0.0819879 -0.0365882 0.995961 188.783
