0.999988 -0.0028312 -0.00392364 0.0070034 0.00282387 0.999994 -0.0018713 0.0026903 0.00392891 0.0018602 0.999991 0.715427
0.999976 -0.00308135 -0.00620648 -0.0144978 0.00305772 0.999988 -0.00381407 0.00978062 0.00621815 0.003795 0.999973 0.656539
0.999929 0.00204932 -0.0117768 -0.0129414 -0.00211789 0.999981 -0.00581286 0.0163988 0.0117646 0.00583739 0.999914 0.699675
0.999836 0.00126787 -0.0180691 -0.0213125 -0.00136653 0.999984 -0.00544832 0.00215418 0.0180619 0.00547212 0.999822 0.695002
0.999799 0.000456639 -0.020022 -0.0177442 -0.000577915 0.999982 -0.00605177 -0.00156995 0.0200189 0.00606213 0.999781 0.655141
0.999682 0.00151881 -0.0251856 -0.0325985 -0.00170375 0.999972 -0.00732325 0.013086 0.0251738 0.00736383 0.999656 0.775905
0.999541 0.00572958 -0.0297479 -0.0286847 -0.0059511 0.999955 -0.00736341 0.00420044 0.0297044 0.00753706 0.99953 0.735096
0.999391 0.00217023 -0.034827 -0.0307386 -0.00238229 0.999979 -0.00604864 0.00637698 0.0348132 0.00612793 0.999375 0.74076
0.999252 -0.000149168 -0.0386686 -0.0434917 3.06403e-005 0.999995 -0.0030658 -0.00161566 0.0386689 0.00306232 0.999247 0.762914
0.999091 -0.0016586 -0.0425936 -0.0130724 0.00161572 0.999998 -0.00104118 0.00532324 0.0425953 0.000971412 0.999092 0.780859
0.999011 0.00107947 -0.0444524 -0.0667739 -0.00111705 0.999999 -0.000820659 0.00211511 0.0444514 0.000869503 0.999011 0.788005
0.998754 -0.00035906 -0.0498999 -0.0275068 0.000278412 0.999999 -0.00162314 0.0102836 0.0499004 0.00160722 0.998753 0.838654
0.998776 -0.00544958 -0.0491544 -0.0424509 0.00534158 0.999983 -0.00232814 0.00828025 0.0491662 0.00206273 0.998788 0.784196
0.998549 -0.00292925 -0.0537746 -0.0391522 0.00287347 0.999995 -0.00111462 0.00701358 0.0537776 0.000958482 0.998552 0.858388
0.998635 -0.00109744 -0.052224 -0.0434977 0.00101213 0.999998 -0.00165997 0.00625082 0.0522258 0.00160485 0.998634 0.815527
0.998493 0.00322479 -0.054792 -0.0620099 -0.00341596 0.999988 -0.00339586 0.000247021 0.0547804 0.00357791 0.998492 0.82809
0.998364 0.00208093 -0.0571427 -0.0235222 -0.00248426 0.999972 -0.00698819 0.000703908 0.0571266 0.00711871 0.998342 0.601092
0.998288 0.00322453 -0.0583933 -0.0754205 -0.00372077 0.999958 -0.00839158 0.00694763 0.0583638 0.00859449 0.998258 0.953659
0.998129 0.00851922 -0.0605515 -0.0256004 -0.00899995 0.99993 -0.00767084 -0.00100678 0.0604819 0.00820145 0.998136 0.753885
0.998121 0.00022247 -0.0612804 -0.067067 -0.000661853 0.999974 -0.00714984 0.00990187 0.0612772 0.00717696 0.998095 0.882069
0.997939 0.000324502 -0.0641639 -0.0436029 -0.000587615 0.999991 -0.0040818 -0.00526621 0.0641621 0.00411109 0.997931 0.818767
0.997755 0.00267879 -0.0669208 -0.0396751 -0.00302846 0.999982 -0.00512428 -0.00115469 0.0669059 0.00531544 0.997745 0.826376
0.997754 -0.00032521 -0.0669829 -0.0809591 -4.34935e-005 0.999985 -0.00550292 0.00431897 0.0669836 0.00549347 0.997739 0.915664
0.997775 -0.00101431 -0.0666561 -0.0600568 0.000559917 0.999976 -0.00683534 0.00307843 0.0666615 0.00678281 0.997753 0.758997
0.99778 -0.00443274 -0.0664472 -0.075565 0.00412145 0.99998 -0.00482118 0.00862489 0.0664672 0.00453662 0.997778 0.881077
0.997661 -0.00130138 -0.0683389 -0.0613528 0.00120125 0.999998 -0.00150633 -0.00370498 0.0683407 0.00142072 0.997661 0.872748
0.99779 0.00128278 -0.0664298 -0.0656928 -0.00112249 0.999996 0.00245016 0.00603601 0.0664327 -0.00237018 0.997788 0.869905
0.99788 -0.000109997 -0.0650857 -0.0830316 0.000447527 0.999987 0.00517137 0.00972632 0.0650842 -0.00518953 0.997866 0.917529
0.998068 0.000786442 -0.0621257 -0.0578356 -0.000442037 0.999984 0.00555722 0.0121131 0.0621291 -0.00551902 0.998053 0.960402
0.998121 0.00242925 -0.0612257 -0.0713467 -0.00223602 0.999992 0.00322431 0.00734894 0.0612331 -0.00308135 0.998119 0.955354
0.998089 0.00649479 -0.0614563 -0.0536081 -0.00661372 0.999977 -0.00173201 0.00766966 0.0614436 0.00213515 0.998108 0.950866
0.998288 0.00111641 -0.0584766 -0.0888683 -0.00141611 0.999986 -0.00508391 0.0114551 0.0584701 0.00515802 0.998276 0.947445
0.998174 -0.00427267 -0.0602596 -0.0410497 0.00403408 0.999984 -0.00408056 0.00106792 0.060276 0.00383001 0.998174 0.843487
0.998141 -0.00665252 -0.0605866 -0.03954 0.00671871 0.999977 0.000888942 0.00308626 0.0605793 -0.00129435 0.998163 0.92239
0.998179 -0.0071059 -0.059898 -0.0591368 0.00734187 0.999966 0.00372039 0.00826693 0.0598695 -0.00415338 0.998198 0.917888
0.998025 -0.0111245 -0.061822 -0.0326836 0.0113251 0.999932 0.0028966 -0.000771455 0.0617855 -0.00359102 0.998083 0.920436
0.997956 -0.00939626 -0.0632168 -0.0493658 0.00934756 0.999956 -0.00106608 0.002672 0.063224 0.000472981 0.997999 0.925499
0.997881 0.000818945 -0.065062 -0.0593425 -0.00112189 0.999989 -0.00461982 0.00220341 0.0650575 0.00468302 0.997871 0.9215
0.99781 0.000755049 -0.0661433 -0.079031 -0.00112687 0.999984 -0.00558436 0.00851511 0.0661381 0.00564666 0.997795 0.878061
0.997769 -0.00170612 -0.0667339 -0.0576623 0.0014475 0.999991 -0.00392344 -0.000623099 0.06674 0.00381809 0.997763 0.856305
0.997505 -0.00151044 -0.0705795 -0.0535658 0.00144139 0.999998 -0.00102929 -0.002057 0.070581 0.000924989 0.997506 0.898034
0.997597 0.0018915 -0.0692548 -0.0736645 -0.00188733 0.999998 0.000125591 0.0028856 0.0692549 5.41782e-006 0.997599 0.893405
0.99755 0.0018708 -0.0699346 -0.086006 -0.00166596 0.999994 0.00298721 0.00936296 0.0699397 -0.00286338 0.997547 0.954285
0.997527 0.00049434 -0.0702829 -0.0678334 -4.41056e-005 0.999979 0.00640744 0.0035873 0.0702846 -0.00638849 0.997507 0.940457
0.997495 0.00684446 -0.070409 -0.084612 -0.00628654 0.999947 0.00814243 0.0145166 0.070461 -0.0076794 0.997485 0.950441
0.997456 0.00570809 -0.071057 -0.0802243 -0.00511756 0.999951 0.00849005 0.00578607 0.071102 -0.00810481 0.997436 0.969801
0.99752 0.000451911 -0.0703874 -0.0675899 -7.337e-006 0.99998 0.00631623 0.0175526 0.0703889 -0.00630004 0.9975 0.942871
0.997532 0.00583256 -0.0699721 -0.0737809 -0.00551829 0.999974 0.0046838 0.0106132 0.0699975 -0.00428611 0.997538 0.994039
0.997196 -0.000703493 -0.0748325 -0.0446523 0.00109983 0.999986 0.00525531 -0.0137762 0.0748277 -0.00532287 0.997182 0.925149
0.997378 3.84412e-005 -0.0723613 -0.103974 0.000362176 0.999985 0.00552322 0.0189164 0.0723604 -0.00553495 0.997363 1.03015
0.997105 -0.000544952 -0.0760324 -0.0516494 0.00111557 0.999972 0.00746265 -0.00468167 0.0760261 -0.00752587 0.997077 0.934552
0.99723 0.00373618 -0.0742833 -0.104886 -0.00348068 0.999988 0.00356867 0.0119381 0.0742957 -0.00330023 0.997231 1.00072
0.997094 0.00285441 -0.0761252 -0.0805426 -0.00288751 0.999996 -0.000324774 0.0083886 0.076124 0.000543642 0.997098 0.957022
0.997082 0.00017733 -0.0763438 -0.075729 -0.000331173 0.999998 -0.00200248 0.00617458 0.0763432 0.00202192 0.99708 0.930621
0.997056 -2.68359e-005 -0.076675 -0.073005 0.000152132 0.999999 0.00162827 -0.000260301 0.0766748 -0.00163515 0.997055 0.885459
0.997084 -0.00419435 -0.0761948 -0.0674775 0.00454791 0.99998 0.00446734 0.00406892 0.0761745 -0.00480084 0.997083 0.854857
0.997142 -0.00300312 -0.0754858 -0.0803357 0.0033858 0.999982 0.0049421 0.000656328 0.0754697 -0.00518356 0.997135 0.950622
0.997267 -0.00370005 -0.0737843 -0.084874 0.00395635 0.999987 0.00332785 0.00391295 0.073771 -0.00361068 0.997269 0.897969
0.997049 -0.0052212 -0.0765839 -0.0597661 0.00540425 0.999983 0.00218315 0.00406484 0.0765712 -0.00259058 0.997061 0.88849
0.997088 -0.00387948 -0.0761648 -0.0794721 0.00414016 0.999986 0.00326498 0.011553 0.076151 -0.00357081 0.99709 0.925365
0.996818 -0.00624043 -0.0794706 -0.0552238 0.0068261 0.999951 0.00710006 -0.00208624 0.0794224 -0.00761994 0.996812 0.879161
0.996897 -0.00371284 -0.0786289 -0.0578239 0.00465667 0.999919 0.0118237 0.0187316 0.0785786 -0.0121532 0.996834 0.88103
0.99685 0.000777077 -0.0793097 -0.142755 0.000379372 0.999894 0.0145653 0.0126137 0.0793126 -0.0145495 0.996744 1.06879
0.9967 0.00705608 -0.0808634 -0.0604319 -0.00624852 0.999928 0.0102353 0.0139146 0.0809298 -0.00969627 0.996673 0.86293
0.996632 0.00223747 -0.0819687 -0.0891909 -0.00201536 0.999994 0.00279239 0.0135711 0.0819744 -0.00261779 0.996631 0.971148
0.996558 0.00336578 -0.0828273 -0.0725786 -0.00355016 0.999992 -0.00207883 -0.00114206 0.0828196 0.00236573 0.996562 0.918071
0.996408 0.00720388 -0.08438 -0.0864601 -0.00729369 0.999973 -0.00075606 4.25914e-006 0.0843723 0.00136879 0.996433 0.874846
0.996149 0.00359009 -0.0875984 -0.0607918 -0.00346545 0.999993 0.00157482 0.00142102 0.0876035 -0.00126519 0.996155 0.879495
0.996193 0.00541269 -0.0870041 -0.0941638 -0.00510699 0.99998 0.00373591 -0.000633406 0.0870226 -0.00327736 0.996201 0.829411
0.996025 0.00260393 -0.0890328 -0.0732402 -0.00237456 0.999994 0.00268202 0.0113101 0.0890392 -0.00245994 0.996025 0.838263
0.995963 0.00371716 -0.0896882 -0.0873607 -0.0033305 0.999985 0.00446045 -0.000643392 0.0897034 -0.00414374 0.99596 0.849745
0.995812 0.00301044 -0.0913711 -0.0896305 -0.00264842 0.999988 0.00408306 0.00766659 0.0913823 -0.00382397 0.995809 0.847826
0.995712 0.00193796 -0.0924891 -0.0967302 -0.00145639 0.999985 0.00527401 0.00103564 0.0924979 -0.00511669 0.9957 0.864038
0.995328 -0.00146379 -0.0965397 -0.0421907 0.00204251 0.999981 0.00589607 0.000138094 0.0965292 -0.00606571 0.995312 0.810539
0.995637 0.006035 -0.0931177 -0.13492 -0.0051549 0.99994 0.00968913 0.0103264 0.0931706 -0.00916684 0.995608 0.813444
0.995117 0.00385174 -0.0986311 -0.0481185 -0.00254508 0.999907 0.0133704 0.00353251 0.0986735 -0.0130541 0.995034 0.779114
0.995327 0.00439959 -0.096466 -0.126362 -0.00291788 0.999876 0.0154956 0.00696352 0.0965221 -0.0151417 0.995216 0.849191
0.994877 0.00645134 -0.10089 -0.0668146 -0.00534948 0.999923 0.0111881 0.00910572 0.100954 -0.0105911 0.994835 0.774497
0.994967 0.00553494 -0.100045 -0.107105 -0.00507896 0.999976 0.00481191 0.000809881 0.10007 -0.00427957 0.994971 0.786182
0.994524 -0.00165312 -0.104499 -0.0539817 0.00145219 0.999997 -0.00199884 0.00463193 0.104502 0.00183615 0.994523 0.757515
0.994666 0.000700267 -0.103144 -0.0872858 -0.000969219 0.999996 -0.00255745 0.00738905 0.103142 0.00264378 0.994663 0.712583
0.994425 0.00197567 -0.10543 -0.0775586 -0.00180867 0.999997 0.00167961 -0.00627035 0.105433 -0.00147956 0.994425 0.670364
0.994296 0.00282285 -0.106616 -0.0572686 -0.00240715 0.999989 0.00402752 -0.0127048 0.106627 -0.00374791 0.994292 0.676179
0.994127 -0.00425012 -0.108133 -0.0563368 0.00435301 0.99999 0.00071547 -0.00946194 0.108129 -0.00118197 0.994136 0.645329
0.994115 -0.0108009 -0.107794 -0.0909302 0.0102637 0.999932 -0.00553695 0.00756769 0.107847 0.004398 0.994158 0.694176
0.994128 -0.0109396 -0.10766 -0.0513074 0.0099181 0.999901 -0.0100188 -0.00723586 0.107759 0.0088922 0.994137 0.578481
0.99468 -0.00286462 -0.102971 -0.0503482 0.00176105 0.99994 -0.0108066 -0.00378188 0.102996 0.0105678 0.994626 0.56858
0.994912 0.00434914 -0.100658 -0.0623227 -0.00516073 0.999956 -0.0078038 0.00270439 0.10062 0.00828357 0.99489 0.524874
0.995406 0.0016589 -0.0957338 -0.0493446 -0.00206676 0.999989 -0.00416131 -0.00461103 0.0957259 0.00434005 0.995398 0.53733
