0.999988 -0.00273778 -0.00418067 0.00679074 0.00272973 0.999994 -0.00193042 -0.00906757 0.00418593 0.00191898 0.999989 0.746175
0.999931 0.00154499 -0.0116546 -0.0115944 -0.00160254 0.999987 -0.00493025 -0.011803 0.0116469 0.00494859 0.99992 1.54712
0.999931 0.00154499 -0.0116546 -0.0299796 -0.00160254 0.999987 -0.00493025 -0.0145385 0.0116469 0.00494859 0.99992 2.34806
0.999868 0.00187076 -0.0161425 -0.0540946 -0.00196139 0.999982 -0.00560038 -0.018725 0.0161317 0.0056313 0.999854 3.13058
0.999768 -0.000706148 -0.0215293 -0.0609929 0.000587286 0.999985 -0.00552677 -0.0325646 0.0215329 0.00551284 0.999753 3.91743
0.999663 0.002784 -0.0258008 -0.0954288 -0.00296087 0.999972 -0.00681962 -0.0403197 0.0257811 0.00689371 0.999644 4.72451
0.999513 0.00295004 -0.0310674 -0.126632 -0.00316617 0.999971 -0.00691006 -0.0551531 0.0310461 0.00700506 0.999493 5.54814
0.999329 -0.00270935 -0.0365333 -0.147839 0.0024895 0.999979 -0.00606198 -0.0579376 0.0365489 0.00596696 0.999314 6.40311
0.999149 -0.00105567 -0.0412334 -0.184224 0.000918529 0.999994 -0.00334465 -0.0681911 0.0412367 0.00330393 0.999144 7.29327
0.998993 -0.00074239 -0.0448592 -0.23214 0.000707143 0.999999 -0.000801589 -0.0774796 0.0448598 0.00076906 0.998993 8.26545
0.998894 0.00141372 -0.0470031 -0.291959 -0.00149257 0.999998 -0.0016425 -0.0835932 0.0470006 0.00171084 0.998893 9.26894
0.998849 0.000932244 -0.047956 -0.362562 -0.00102575 0.999998 -0.00192535 -0.0905574 0.0479541 0.00197232 0.998848 10.2653
0.998778 -0.00210112 -0.0493785 -0.417153 0.00197125 0.999994 -0.00267864 -0.0968182 0.0493839 0.00257803 0.998777 11.2522
0.99872 -0.000783227 -0.0505788 -0.482414 0.000666938 0.999997 -0.00231602 -0.0999247 0.0505804 0.00227932 0.998717 12.2498
0.998635 -0.000508306 -0.0522247 -0.538063 0.000380458 0.999997 -0.00245793 -0.113842 0.0522258 0.00243471 0.998632 13.2476
0.998586 0.00147117 -0.0531357 -0.60496 -0.00172568 0.999987 -0.00474423 -0.125494 0.0531281 0.00482922 0.998576 14.2669
0.998464 -0.000846293 -0.0553935 -0.655496 0.000431452 0.999972 -0.00750052 -0.136618 0.0553983 0.0074651 0.998436 15.2988
0.99836 0.00398553 -0.0571095 -0.727717 -0.00447415 0.999954 -0.00843048 -0.157664 0.0570733 0.00867217 0.998332 16.3125
0.998133 -0.00117374 -0.061064 -0.766367 0.00069606 0.999969 -0.00784321 -0.176404 0.0610713 0.00778607 0.998103 17.3888
0.998088 0.000483996 -0.0618003 -0.852691 -0.000873563 0.99998 -0.00627677 -0.197952 0.061796 0.00631876 0.998069 18.5069
0.997963 -0.000865226 -0.0637841 -0.919577 0.000570432 0.999989 -0.00463982 -0.216418 0.0637874 0.00459398 0.997953 19.6251
0.997847 -0.00204821 -0.0655495 -0.978203 0.00173175 0.999987 -0.00488418 -0.227748 0.0655587 0.00476015 0.997837 20.6881
0.997728 -0.000796745 -0.0673675 -1.04863 0.000423835 0.999985 -0.00554958 -0.244622 0.0673709 0.00550842 0.997713 21.7333
0.997573 -0.00140706 -0.0696128 -1.10548 0.000962573 0.999979 -0.00641824 -0.258701 0.0696204 0.00633566 0.997553 22.7629
0.997569 9.01857e-006 -0.0696872 -1.18518 -0.000343099 0.999989 -0.00478203 -0.270461 0.0696864 0.00479431 0.997557 23.7735
0.997612 0.00172902 -0.0690447 -1.26955 -0.00182861 0.999997 -0.0013792 -0.282206 0.0690422 0.00150216 0.997613 24.782
0.997663 0.000124452 -0.068331 -1.34471 3.58184e-005 0.999997 0.00234426 -0.290635 0.0683311 -0.00234123 0.99766 25.8456
0.9977 -0.00288576 -0.0677287 -1.4068 0.00323297 0.999982 0.00501744 -0.300248 0.067713 -0.00522486 0.997691 26.9699
0.997883 -0.000250464 -0.0650378 -1.49117 0.000598765 0.999986 0.00533592 -0.3009 0.0650355 -0.00536356 0.997869 28.0848
0.997933 0.000542136 -0.0642538 -1.56245 -0.000366129 0.999996 0.00275099 -0.312431 0.0642551 -0.00272178 0.99793 29.2446
0.998024 0.00263483 -0.0627778 -1.65191 -0.00277102 0.999994 -0.00208234 -0.31972 0.062772 0.00225218 0.998025 30.4011
0.998089 0.00309594 -0.0617205 -1.73059 -0.00340056 0.999983 -0.00483115 -0.342571 0.0617044 0.0050318 0.998082 31.456
0.998181 -0.00197829 -0.0602539 -1.80379 0.00172823 0.99999 -0.00420187 -0.351765 0.0602616 0.0040901 0.998174 32.4929
0.998189 -0.00140435 -0.0601317 -1.86771 0.00142391 0.999999 0.000282421 -0.365423 0.0601313 -0.000367532 0.99819 33.5342
0.998109 -0.00440771 -0.0613156 -1.92719 0.00460823 0.999984 0.00312939 -0.37562 0.0613009 -0.00340602 0.998114 34.6373
0.998003 -0.00775819 -0.0626923 -1.98197 0.00788578 0.999967 0.00178791 -0.387678 0.0626764 -0.00227872 0.998031 35.7533
0.997992 -0.000829792 -0.0633387 -2.06126 0.000698854 0.999998 -0.00208939 -0.39708 0.0633402 0.00204093 0.99799 36.8621
0.997871 -0.000254765 -0.0652146 -2.12852 -0.000154169 0.99998 -0.00626547 -0.407492 0.0652149 0.00626218 0.997852 37.9415
0.997709 0.000610893 -0.0676498 -2.20368 -0.00107372 0.999976 -0.00680542 -0.419642 0.067644 0.00686247 0.997686 39.0133
0.997647 -0.000492417 -0.0685588 -2.27692 0.000130563 0.999986 -0.00528238 -0.441024 0.0685605 0.005261 0.997633 40.0813
0.997701 0.00462563 -0.0676158 -2.38473 -0.0048062 0.999985 -0.0025081 -0.455335 0.0676032 0.00282731 0.997708 41.1631
0.997676 4.61769e-005 -0.068133 -2.47626 -9.18935e-005 1 -0.000667856 -0.478686 0.068133 0.000672565 0.997676 42.2699
0.997622 1.10043e-005 -0.0689245 -2.55715 0.000105905 0.999999 0.00169254 -0.488192 0.0689244 -0.00169581 0.99762 43.4275
0.997605 -0.000275274 -0.069172 -2.64295 0.000577209 0.99999 0.00434504 -0.493353 0.0691702 -0.00437456 0.997595 44.6605
0.997581 0.00543565 -0.069296 -2.74998 -0.00496425 0.999963 0.00697306 -0.499311 0.0693314 -0.00661219 0.997572 45.9148
0.997574 -0.000774161 -0.0696047 -2.83801 0.00120517 0.99998 0.00615052 -0.507632 0.0695986 -0.00621948 0.997556 47.1492
0.997594 0.00193091 -0.0692928 -2.92769 -0.00162653 0.999989 0.0044489 -0.515427 0.0693007 -0.00432549 0.997586 48.3876
0.997603 0.00213296 -0.0691585 -3.01615 -0.00195195 0.999994 0.00268487 -0.534732 0.0691639 -0.00254344 0.997602 49.5732
0.997466 -0.00115576 -0.0711375 -3.09521 0.00135189 0.999995 0.00270888 -0.548185 0.0711341 -0.00279819 0.997463 50.7921
0.997232 -0.00473988 -0.0742026 -3.15678 0.00497438 0.999983 0.00297578 -0.55048 0.0741872 -0.00333666 0.997239 52.155
0.997196 0.00119088 -0.0748227 -3.26311 -0.000879069 0.999991 0.00420011 -0.565648 0.074827 -0.00412255 0.997188 53.4746
0.99711 0.00164315 -0.0759492 -3.36096 -0.00155753 0.999998 0.00118651 -0.589595 0.075951 -0.00106479 0.997111 54.8375
0.997082 0.00152487 -0.0763259 -3.4929 -0.00176179 0.999994 -0.00303685 -0.596106 0.0763208 0.00316245 0.997078 56.1224
0.99711 0.00145223 -0.0759578 -3.61185 -0.00178478 0.999989 -0.00431033 -0.611677 0.0759507 0.00443344 0.997102 57.334
0.997091 -0.00248616 -0.0761861 -3.71236 0.00240469 0.999996 -0.0011611 -0.631122 0.0761888 0.000974519 0.997093 58.582
0.997074 -0.00219129 -0.0764163 -3.81308 0.00234509 0.999995 0.00192299 -0.650418 0.0764118 -0.00209657 0.997074 59.8597
0.997067 -0.00218326 -0.0764999 -3.90672 0.00237936 0.999994 0.00247244 -0.664814 0.076494 -0.00264721 0.997067 61.0879
0.997078 -0.00319492 -0.0763262 -3.99789 0.00325956 0.999994 0.000722244 -0.672636 0.0763235 -0.000968923 0.997083 62.2301
0.997095 -0.000826619 -0.0761679 -4.09275 0.000790231 1 -0.000507875 -0.689971 0.0761683 0.000446209 0.997095 63.3266
0.997043 -0.000602172 -0.0768439 -4.1752 0.000629577 1 0.000332402 -0.702455 0.0768437 -0.000379799 0.997043 64.3911
0.996939 -0.00240808 -0.0781447 -4.26144 0.00276138 0.999986 0.00441344 -0.720106 0.078133 -0.00461572 0.996932 65.5255
0.997019 0.000951538 -0.0771518 -4.37085 -0.000224725 0.999956 0.0094287 -0.733048 0.0771573 -0.00938326 0.996975 66.6964
0.996915 0.00252442 -0.0784493 -4.46641 -0.00162723 0.999933 0.0114984 -0.734599 0.078473 -0.0113353 0.996852 67.9254
0.996825 0.00288574 -0.0795666 -4.57802 -0.00228563 0.999968 0.00763231 -0.741022 0.0795861 -0.00742622 0.9968 69.1483
0.996731 0.00260567 -0.0807493 -4.68199 -0.00261881 0.999997 -5.68557e-005 -0.751003 0.0807489 0.000268137 0.996734 70.3083
0.996664 0.00102096 -0.0816094 -4.77202 -0.00142085 0.999987 -0.00484219 -0.763006 0.0816034 0.00494199 0.996653 71.3672
0.996559 0.00648955 -0.0826302 -4.86395 -0.00683001 0.999969 -0.00383822 -0.789049 0.0826028 0.00438937 0.996573 72.3457
0.996543 0.00318484 -0.0830229 -4.96388 -0.00329757 0.999994 -0.00122074 -0.809847 0.0830185 0.00149029 0.996547 73.3459
0.996502 0.00101085 -0.0835581 -5.05146 -0.00103294 0.999999 -0.000221188 -0.820316 0.0835578 0.000306725 0.996503 74.3263
0.996376 0.000514448 -0.0850618 -5.13683 -0.000562822 1 -0.000544721 -0.832529 0.0850615 0.000590621 0.996376 75.3225
0.996228 0.00125924 -0.0867675 -5.22317 -0.00121667 0.999999 0.000543495 -0.854373 0.0867681 -0.000435877 0.996228 76.3011
0.996064 -0.00135399 -0.088629 -5.30433 0.0014352 0.999999 0.000852607 -0.869355 0.0886277 -0.000976452 0.996064 77.2998
0.995954 -0.000103372 -0.0898664 -5.40745 0.000220519 0.999999 0.00129364 -0.889375 0.0898662 -0.00130823 0.995953 78.3559
