0.999993 -0.00137303 -0.00338692 -0.00590868 0.00136543 0.999997 -0.0022434 -0.00116763 0.00338999 0.00223876 0.999992 0.65323
0.999969 0.00150517 -0.00770404 -0.00875145 -0.00153926 0.999989 -0.00442198 0.00633033 0.0076973 0.0044337 0.999961 0.673171
0.999936 0.000624726 -0.0112949 -0.0184325 -0.000691542 0.999982 -0.00591268 -0.00441631 0.011291 0.00592011 0.999919 0.680627
0.999867 0.00236063 -0.016125 -0.0180198 -0.00247005 0.999974 -0.00676944 -0.00393372 0.0161086 0.00680837 0.999847 0.692515
0.999808 -0.000416222 -0.0196124 -0.0268385 0.000279437 0.999976 -0.00697666 -0.010215 0.0196148 0.00696984 0.999783 0.707465
0.999693 0.00244994 -0.0246709 -0.0217039 -0.00264368 0.999966 -0.00782345 -0.0122726 0.0246509 0.00788626 0.999665 0.71378
0.999528 0.00287523 -0.0305983 -0.0203392 -0.00313042 0.999961 -0.00829515 -0.00943919 0.0305733 0.00838702 0.999497 0.733873
0.999397 0.00122735 -0.0347034 -0.0360228 -0.00146442 0.999976 -0.00680663 -0.00723222 0.0346942 0.00685335 0.999374 0.735603
0.999229 7.98741e-006 -0.0392667 -0.0331624 -0.000156492 0.999993 -0.00377887 -0.0117282 0.0392664 0.0037821 0.999222 0.741765
0.999093 -0.000295307 -0.0425808 -0.0388214 0.000261559 1 -0.000798143 -0.0146175 0.042581 0.000786282 0.999093 0.753031
0.999015 0.00285147 -0.0442917 -0.052469 -0.00292273 0.999995 -0.00154429 -0.00646513 0.044287 0.00167222 0.999017 0.772366
0.998911 -0.00111289 -0.0466506 -0.0375572 0.00104321 0.999998 -0.00151805 -0.00886737 0.0466522 0.00146773 0.99891 0.772166
0.998845 -0.00272364 -0.0479676 -0.04544 0.0025985 0.999993 -0.00267095 -0.000820111 0.0479745 0.00254322 0.998845 0.791826
0.998746 -0.000514072 -0.0500537 -0.0386131 0.000426594 0.999998 -0.00175836 -0.00958951 0.0500545 0.0017348 0.998745 0.781621
0.99866 -0.000601588 -0.0517493 -0.0418159 0.00050262 0.999998 -0.00192544 -0.0115621 0.0517504 0.00189685 0.998658 0.80146
0.998528 0.00136006 -0.0542131 -0.041105 -0.00158383 0.99999 -0.00408491 -0.0104381 0.054207 0.00416476 0.998521 0.819534
0.998558 0.00120458 -0.053671 -0.0672388 -0.00160569 0.999971 -0.00743114 -0.000122723 0.0536605 0.0075066 0.998531 0.813166
0.998495 0.00565494 -0.0545579 -0.063464 -0.00613595 0.999944 -0.00865313 -0.0118645 0.0545059 0.00897487 0.998473 0.813032
0.998408 -1.60138e-005 -0.0564013 -0.0411497 -0.00046205 0.999964 -0.00846305 -0.0101004 0.0563995 0.00847564 0.998372 0.828106
0.998404 -0.000371489 -0.0564662 -0.0661249 -4.03783e-005 0.999973 -0.00729272 -0.0114519 0.0564674 0.00728337 0.998378 0.841709
0.998323 -0.000345832 -0.057886 -0.0500073 5.95225e-006 0.999983 -0.00587161 -0.0131909 0.057887 0.00586142 0.998306 0.822756
0.998306 0.000385163 -0.0581774 -0.059063 -0.00074912 0.99998 -0.00623429 -0.00678355 0.0581738 0.00626731 0.998287 0.807612
0.998233 0.000591404 -0.0594244 -0.0589185 -0.00103468 0.999972 -0.00742902 -0.00575241 0.0594183 0.00747737 0.998205 0.824127
0.998159 -0.00118151 -0.0606481 -0.0473254 0.000673718 0.999965 -0.00839253 -0.010829 0.0606558 0.00833622 0.998124 0.804787
0.998121 -0.000583938 -0.0612757 -0.0514603 0.000158693 0.999976 -0.0069445 -0.009408 0.0612783 0.00692172 0.998097 0.824592
0.998165 0.00173465 -0.0605289 -0.0637762 -0.00195847 0.999991 -0.00363865 -0.0106094 0.060522 0.00375052 0.99816 0.843777
0.998207 0.000901285 -0.0598527 -0.0547372 -0.000913871 1 -0.000182913 -0.00916356 0.0598525 0.000237283 0.998207 0.864471
0.99831 -0.00166447 -0.0580971 -0.0531861 0.00179763 0.999996 0.0022398 -0.00537292 0.0580931 -0.00234045 0.998308 0.884637
0.998266 -0.00187958 -0.0588308 -0.0332884 0.00207922 0.999992 0.00333241 -0.00920344 0.058824 -0.00344896 0.998262 0.905592
0.998399 -0.0029749 -0.0564921 -0.0531279 0.00299841 0.999995 0.000331429 0.000638407 0.0564908 -0.000500285 0.998403 0.889519
0.99841 0.000804976 -0.0563561 -0.049561 -0.00105023 0.99999 -0.0043224 -0.00879462 0.0563521 0.00437471 0.998401 0.909713
0.998487 0.00095547 -0.0549754 -0.058641 -0.00136896 0.999971 -0.00748412 -0.0108363 0.0549666 0.00754805 0.99846 0.90911
0.998481 -0.00383391 -0.0549617 -0.0366308 0.0034854 0.999973 -0.00643543 -0.0141041 0.0549849 0.00623409 0.998468 0.890198
0.998499 -0.00224772 -0.0547305 -0.0519825 0.00216246 0.999996 -0.00161694 -0.0111797 0.054734 0.00149616 0.9985 0.899004
0.99848 -0.00402678 -0.0549731 -0.0498569 0.00412909 0.99999 0.00174757 -0.0174292 0.0549655 -0.0019719 0.998486 0.898857
0.998453 -0.0059648 -0.0552801 -0.0493381 0.00602064 0.999982 0.000843682 -0.0122401 0.055274 -0.0011752 0.998471 0.899383
0.998407 -0.00267576 -0.0563573 -0.0494701 0.00247517 0.99999 -0.00362884 -0.00455722 0.0563664 0.00348357 0.998404 0.899542
0.998365 -0.000258722 -0.0571667 -0.0626247 -0.000178767 0.999971 -0.00764763 -0.0112488 0.057167 0.00764534 0.998335 0.878612
0.998284 0.00189466 -0.058527 -0.0566591 -0.00241481 0.999958 -0.00881803 -0.0140568 0.0585079 0.00894423 0.998247 0.858931
0.998187 -0.00127685 -0.0601722 -0.040676 0.000845414 0.999974 -0.0071949 -0.021039 0.0601798 0.00713099 0.998162 0.869918
0.998177 0.00416815 -0.0602121 -0.0692261 -0.00440997 0.999983 -0.00388387 -0.0219746 0.0601948 0.00414232 0.998178 0.869706
0.997994 -0.00103448 -0.0632941 -0.0372363 0.000885771 0.999997 -0.00237745 -0.0176224 0.0632963 0.00231662 0.997992 0.891783
0.998019 0.00186651 -0.0628798 -0.076797 -0.0018337 0.999998 0.000579511 -0.0122238 0.0628808 -0.000463061 0.998021 0.909415
0.998081 0.00143604 -0.061898 -0.0534544 -0.001211 0.999993 0.00367299 -0.0208277 0.0619028 -0.00359098 0.998076 0.890889
0.998096 0.00721287 -0.0612591 -0.0791807 -0.00684658 0.999957 0.0061872 -0.00349636 0.0613011 -0.00575601 0.998103 0.909286
0.998085 -0.0014859 -0.0618342 -0.0524658 0.00184837 0.999981 0.00580504 -0.0124634 0.0618245 -0.00590822 0.99807 0.931174
0.99811 0.00028643 -0.0614577 -0.0632913 -4.32447e-005 0.999992 0.00395824 3.10895e-005 0.0614583 -0.0039481 0.998102 0.950629
0.998047 0.0054178 -0.0622383 -0.0659428 -0.00532602 0.999984 0.00164044 -0.0159348 0.0622462 -0.00130575 0.99806 0.947285
0.998022 0.000503669 -0.0628698 -0.0662713 -0.000383435 0.999998 0.00192447 -0.0170558 0.0628706 -0.00189656 0.99802 0.942185
0.998079 0.00112904 -0.0619507 -0.0893307 -0.000930869 0.999994 0.00322759 -0.0140967 0.061954 -0.00316372 0.998074 0.943638
0.998009 0.00038625 -0.0630678 -0.0551541 -9.44654e-005 0.999989 0.00462943 -0.0193671 0.0630689 -0.00461426 0.997999 0.934244
0.998016 0.0026425 -0.0628979 -0.0792009 -0.00256788 0.999996 0.00126709 -0.0106178 0.062901 -0.00110306 0.998019 0.942595
0.998064 0.00277374 -0.0621309 -0.0877262 -0.00296162 0.999991 -0.00293211 -0.00820656 0.0621222 0.00311044 0.998064 0.921775
0.998065 0.000922747 -0.0621748 -0.0668146 -0.00117674 0.999991 -0.00404858 -0.0136008 0.0621705 0.00411391 0.998057 0.903407
0.998028 -0.00217825 -0.0627371 -0.0522506 0.00218142 0.999998 -1.79124e-005 -0.0209116 0.062737 -0.000118979 0.99803 0.888565
0.998005 -0.00233688 -0.0630914 -0.0545108 0.00250281 0.999994 0.00255099 -0.00892964 0.0630851 -0.0027038 0.998004 0.898638
0.997991 -0.0017118 -0.0633343 -0.057329 0.00190142 0.999994 0.00293376 -0.00964908 0.0633289 -0.00304829 0.997988 0.878413
0.997933 -0.00392282 -0.0641367 -0.0517207 0.00404969 0.99999 0.00184814 -0.0176789 0.0641288 -0.00210405 0.997939 0.898341
0.997913 -0.000428819 -0.0645659 -0.0642064 0.000477539 1 0.000739143 -0.0164323 0.0645655 -0.000768433 0.997913 0.904074
0.997941 -0.000568518 -0.0641411 -0.077915 0.000661277 0.999999 0.00142496 -0.00519228 0.0641402 -0.00146444 0.99794 0.884871
0.997786 -0.000739267 -0.0665027 -0.0554297 0.00111432 0.999984 0.00560269 -0.0133048 0.0664975 -0.00566439 0.997771 0.889404
0.997709 -0.0027119 -0.0676029 -0.0528016 0.00340573 0.999943 0.0101502 -0.00581034 0.0675715 -0.0103572 0.997661 0.896289
0.997617 0.00134904 -0.0689824 -0.058089 -0.000506137 0.999925 0.0122352 -0.00129707 0.0689938 -0.0121711 0.997543 0.912911
0.997506 0.00412946 -0.0704558 -0.076062 -0.00354094 0.999958 0.00847599 -0.00565611 0.0704878 -0.00820537 0.997479 0.926723
0.99743 0.00191421 -0.0716223 -0.0706104 -0.00186538 0.999998 0.000748653 -0.00708311 0.0716235 -0.000613126 0.997432 0.907084
0.99739 0.00255809 -0.0721583 -0.0733523 -0.00285322 0.999988 -0.00398725 -0.00919728 0.0721472 0.00418272 0.997385 0.88678
0.997179 0.00272615 -0.0750098 -0.0506849 -0.00294808 0.999992 -0.00284819 -0.0144946 0.0750014 0.00306129 0.997179 0.868257
0.997108 0.00309804 -0.0759305 -0.0737763 -0.00312998 0.999995 -0.000301622 -0.0165188 0.0759292 0.00053841 0.997113 0.856675
0.996944 0.00271229 -0.0780715 -0.0650234 -0.00257385 0.999995 0.00187386 -0.0225327 0.0780762 -0.00166719 0.996946 0.856089
0.996758 0.000587717 -0.0804515 -0.0598718 -0.000448953 0.999998 0.00174289 -0.0115587 0.0804524 -0.00170112 0.996757 0.836632
0.996698 0.00445462 -0.0810748 -0.0907092 -0.00424515 0.999987 0.00275587 -0.0142166 0.081086 -0.00240259 0.996704 0.833809
0.996554 0.00715264 -0.0826383 -0.0908213 -0.00680959 0.999967 0.00443239 -0.0297455 0.0826673 -0.00385438 0.99657 0.821628
0.996471 0.00136277 -0.0839321 -0.0783441 -0.00096106 0.999988 0.0048264 -0.00975694 0.0839377 -0.0047287 0.99646 0.826625
0.996313 -0.00100489 -0.0857818 -0.0621805 0.00155209 0.999979 0.00631257 -0.0161666 0.0857737 -0.00642244 0.996294 0.807836
0.996235 0.0023358 -0.0866635 -0.0751575 -0.00155492 0.999958 0.00907691 -0.0059084 0.0866811 -0.00890798 0.996196 0.786783
0.996142 0.000567256 -0.0877522 -0.0695345 0.000578475 0.999915 0.0130305 -0.00308258 0.0877521 -0.0130309 0.996057 0.767236
0.996069 0.00608324 -0.0883671 -0.0887079 -0.0047762 0.999876 0.014995 -0.00386278 0.0884473 -0.014514 0.995975 0.785383
0.996103 0.00457813 -0.0880795 -0.105514 -0.0036251 0.999933 0.010977 -0.00458179 0.0881239 -0.0106149 0.996053 0.803475
0.99594 0.000605664 -0.0900229 -0.0684678 -0.000255772 0.999992 0.00389818 -0.0126551 0.0900246 -0.00385933 0.995932 0.787314
0.995841 -0.00120662 -0.0911023 -0.0728563 0.00101716 0.999997 -0.00212609 -0.00940123 0.0911046 0.00202458 0.995839 0.766876
0.995808 0.00556581 -0.091301 -0.0912985 -0.00587506 0.999978 -0.00311875 -0.00258607 0.0912817 0.00364207 0.995818 0.744807
0.995728 0.00329865 -0.0922769 -0.0779063 -0.00325153 0.999994 0.00066096 -0.0109825 0.0922786 -0.000358096 0.995733 0.726137
0.995565 -0.000941507 -0.094076 -0.0635295 0.00119721 0.999996 0.0026616 -0.0125732 0.094073 -0.00276242 0.995561 0.707428
0.995551 -0.00177224 -0.0942055 -0.0780527 0.00168551 0.999998 -0.00100025 -0.0116728 0.0942071 0.00083702 0.995552 0.685861
0.995518 -0.00859225 -0.0941831 -0.0478921 0.00798657 0.999945 -0.00680599 -0.0178465 0.0942364 0.00602329 0.995532 0.668435
0.995734 -0.00352452 -0.0922063 -0.0722029 0.00242359 0.999924 -0.0120491 -0.0102715 0.0922418 0.0117742 0.995667 0.646285
0.995976 0.000513232 -0.0896238 -0.0472238 -0.00165142 0.999919 -0.0126259 -0.00500672 0.0896101 0.0127231 0.995896 0.628595
0.996324 0.00301559 -0.085608 -0.0574779 -0.00384738 0.999947 -0.00955295 -0.00907216 0.0855746 0.0098472 0.996283 0.607606
0.996721 -0.00152083 -0.0808952 -0.0487175 0.00101356 0.99998 -0.00631137 -0.016757 0.0809031 0.00620868 0.996703 0.588134
0.997195 -0.00295032 -0.0747859 -0.0393814 0.0027881 0.999994 -0.00227346 -0.0122272 0.0747921 0.00205858 0.997197 0.568894
0.99778 -0.00341935 -0.0665047 -0.0323667 0.00349497 0.999993 0.00102078 -0.0145151 0.0665008 -0.00125094 0.997786 0.549242
0.998439 0.00257177 -0.0557938 -0.0276788 -0.00251763 0.999996 0.00104069 -0.00684435 0.0557962 -0.000898601 0.998442 0.52962
0.999157 0.00582742 -0.0406478 -0.0262823 -0.00580055 0.999983 0.000778833 -0.00646122 0.0406516 -0.000542396 0.999173 0.509668
0.999718 0.00440943 -0.0233425 -0.000342834 -0.00437059 0.999989 0.00171486 -0.00901306 0.0233498 -0.00161235 0.999726 0.491605
0.999995 -0.00224854 -0.00216775 0.0258863 0.00225397 0.999994 0.0025034 -0.00578127 0.00216211 -0.00250828 0.999995 0.492782
0.99969 -0.00119696 0.0248741 0.0150692 0.00110207 0.999992 0.00382806 -0.00679484 -0.0248785 -0.00379946 0.999683 0.473207
0.998524 -0.000640159 0.0543154 0.0445124 0.000328352 0.999983 0.00574941 -0.00617295 -0.0543182 -0.00572308 0.998507 0.472227
0.996126 0.000650662 0.0879372 0.0530212 -0.00130866 0.999972 0.00742513 -0.0065225 -0.0879299 -0.00751144 0.996098 0.474216
0.992075 -0.000464504 0.125646 0.0793394 -0.000585754 0.999965 0.00832182 -0.00520141 -0.125645 -0.00832947 0.99204 0.47123
0.985915 -0.000635777 0.167246 0.100101 -0.000829618 0.999962 0.00869192 -0.00581981 -0.167245 -0.00870825 0.985877 0.446777
0.977478 -0.00199298 0.21103 0.138993 4.11529e-005 0.999957 0.00925307 -0.00551308 -0.211039 -0.00903598 0.977436 0.439305
0.966124 -0.00132565 0.258074 0.163931 -0.000631731 0.999972 0.00750154 -0.00798239 -0.258076 -0.00741045 0.966096 0.409108
0.949959 0.000726633 0.312374 0.147745 -0.00240175 0.999985 0.00497784 -0.00552414 -0.312365 -0.00547899 0.949946 0.394692
0.930036 -0.00080378 0.367468 0.189524 -0.000456913 0.999994 0.00334375 -0.000159012 -0.367468 -0.00327771 0.93003 0.373585
0.905886 -0.00113545 0.423519 0.214048 0.000259192 0.999998 0.00212658 0.000807335 -0.423521 -0.00181667 0.905885 0.346537
0.877037 -0.00128478 0.480421 0.229374 0.000718894 0.999999 0.0013619 -0.00357625 -0.480422 -0.000849062 0.877037 0.319547
0.843944 -0.00354246 0.536419 0.259894 0.00330153 0.999994 0.00140958 -0.00101107 -0.53642 0.000581394 0.843951 0.307876
0.808133 -0.00237878 0.588995 0.277224 0.0011421 0.999996 0.00247166 -0.0139571 -0.588999 -0.00132473 0.808133 0.268874
0.769336 -0.00257771 0.638839 0.284678 -0.000493946 0.999989 0.00462979 -0.00876521 -0.638844 -0.00387741 0.769326 0.248605
0.727063 -0.00113984 0.68657 0.304957 -0.00355239 0.999979 0.00542207 0.00468103 -0.686562 -0.00638115 0.727044 0.255781
0.682703 -0.0031636 0.730689 0.310905 -0.00237562 0.999976 0.00654912 -0.00551877 -0.730692 -0.00620695 0.682679 0.215012
0.636987 -0.00660896 0.770847 0.332645 0.00045359 0.999966 0.00819853 0.00104554 -0.770875 -0.00487271 0.636968 0.197577
0.590848 -0.0108578 0.80671 0.344688 0.00144267 0.999922 0.0124017 0.00438528 -0.806782 -0.00616369 0.590817 0.1811
0.544603 -0.00533465 0.838677 0.354955 -0.00621069 0.999927 0.0103933 -0.000427865 -0.838671 -0.010869 0.54453 0.179307
0.497301 -0.00206036 0.867576 0.361785 -0.00655094 0.99996 0.0061298 0.00527911 -0.867553 -0.00873179 0.497267 0.172712
0.452045 -0.0023891 0.891992 0.35493 -0.00268729 0.999988 0.00404023 -0.00452677 -0.891991 -0.00422341 0.452034 0.138249
0.410418 -0.010216 0.91184 0.361063 0.00128175 0.999943 0.0106261 -0.000570189 -0.911897 -0.00319239 0.410407 0.106205
0.371375 -0.0227078 0.928205 0.370975 -0.00235842 0.999675 0.0253998 0.00839292 -0.92848 -0.011622 0.371201 0.088082
0.337117 -0.0228212 0.941186 0.384403 -0.0180956 0.999364 0.0307134 0.0039767 -0.941289 -0.0273853 0.336489 0.0905709
0.304819 -0.0206971 0.952185 0.402654 -0.0189838 0.999433 0.0278013 0.00497742 -0.952221 -0.0265505 0.304254 0.100136
0.273379 -0.00903148 0.961864 0.391341 -0.0196755 0.999694 0.0149788 -0.00599824 -0.961705 -0.02302 0.273118 0.116007
0.245156 -0.00663453 0.969461 0.403003 -0.00945065 0.999913 0.0092328 -0.00569264 -0.969437 -0.0114255 0.245072 0.0939489
0.219559 -0.00759336 0.97557 0.396024 -0.005065 0.999947 0.00892302 -0.00396092 -0.975586 -0.00690039 0.219509 0.0691914
0.196275 -0.0142324 0.980446 0.391085 -0.00297971 0.999881 0.015111 -0.000703832 -0.980544 -0.00588735 0.196209 0.0495016
0.176528 -0.0191641 0.984109 0.395971 -0.00378443 0.99979 0.0201483 0.0101168 -0.984288 -0.00728103 0.176418 0.0391995
0.157155 -0.01908 0.98739 0.407354 -0.00951273 0.999738 0.0208327 0.0182104 -0.987528 -0.0126667 0.156933 0.0525541
0.139976 -0.0155091 0.990033 0.395849 -0.0177306 0.999678 0.018167 0.00937468 -0.989996 -0.0200968 0.139656 0.0455167
0.124533 -0.0137523 0.99212 0.388559 -0.0207048 0.99965 0.0164556 -0.000292683 -0.991999 -0.0225909 0.124204 0.0457806
0.110013 -0.0153083 0.993812 0.409452 -0.0175349 0.999696 0.01734 0.00171712 -0.993775 -0.0193341 0.109712 0.0383391
0.097083 -0.0181282 0.995111 0.430426 -0.0175027 0.999648 0.0199184 0.00264368 -0.995122 -0.0193509 0.0967316 0.0264735
0.0858429 -0.0224598 0.996055 0.450467 -0.0183178 0.999541 0.0241171 0.00594356 -0.99614 -0.0203158 0.0853921 0.0258449
0.0757126 -0.0253867 0.996806 0.470203 -0.0209435 0.999415 0.0270439 0.00987414 -0.99691 -0.0229242 0.0751366 0.0297618
0.0676209 -0.0273747 0.997335 0.490244 -0.0243605 0.99928 0.0290797 0.00930876 -0.997414 -0.026262 0.0669054 0.0299631
0.0616096 -0.0295257 0.997664 0.510169 -0.0264902 0.999162 0.031206 0.0133984 -0.997749 -0.0283509 0.0607758 0.0303526
0.0559613 -0.0305503 0.997965 0.530331 -0.028141 0.999086 0.0321626 0.012843 -0.998036 -0.0298836 0.0550505 0.028408
0.0489215 -0.0299275 0.998354 0.5498 -0.029984 0.999056 0.0314178 0.015943 -0.998352 -0.0314716 0.047978 0.0365878
0.0442339 -0.0318918 0.998512 0.570551 -0.0302365 0.99899 0.0332465 0.0114996 -0.998564 -0.0316621 0.0432249 0.0257348
0.040157 -0.0336322 0.998627 0.590249 -0.0317823 0.998885 0.0349189 0.0183527 -0.998688 -0.0331409 0.0390433 0.0290291
0.0371507 -0.03501 0.998696 0.61069 -0.0340716 0.998761 0.0362797 0.0173109 -0.998729 -0.035375 0.0359118 0.0195285
0.0354999 -0.0375603 0.998664 0.630721 -0.0351117 0.99863 0.0388071 0.0217324 -0.998753 -0.0364424 0.0341324 0.0138586
0.0346164 -0.0411395 0.998554 0.644335 -0.037668 0.998389 0.0424386 0.0197463 -0.998691 -0.0390826 0.033011 0.0229065
0.035708 -0.0420782 0.998476 0.664303 -0.0416577 0.998182 0.0435556 0.0204014 -0.998494 -0.0431495 0.0338902 0.0238675
0.0384214 -0.0431732 0.998329 0.684 -0.041889 0.998118 0.0447762 0.0277763 -0.998383 -0.0435394 0.0365407 0.0256638
0.0426742 -0.0467886 0.997993 0.704056 -0.0427435 0.997903 0.0486121 0.0298437 -0.998174 -0.0447322 0.0405848 0.0224263
0.0480791 -0.0408191 0.998009 0.688291 -0.0480054 0.997916 0.0431279 0.024415 -0.997689 -0.0499834 0.0460194 0.0447224
0.052776 -0.0454979 0.997569 0.709407 -0.0427289 0.997944 0.0477755 0.0235412 -0.997692 -0.0451465 0.0507234 0.0231522
0.0573954 -0.0457344 0.997303 0.728545 -0.0472925 0.997704 0.0484744 0.027463 -0.997231 -0.0499472 0.0551008 0.0402879
0.0612612 -0.04279 0.997204 0.747753 -0.0482524 0.997786 0.0457793 0.0319536 -0.996955 -0.050922 0.0590608 0.0510532
0.0656668 -0.0411092 0.996994 0.767602 -0.0442273 0.998049 0.0440657 0.0323054 -0.996861 -0.0469881 0.0637205 0.0539666
0.0704311 -0.0395226 0.996733 0.787862 -0.0408123 0.998264 0.0424672 0.0257573 -0.996681 -0.04367 0.0686958 0.0546474
0.0766834 -0.0416205 0.996186 0.809272 -0.035702 0.998373 0.0444601 0.0179366 -0.996416 -0.0389752 0.0750727 0.0337787
0.0782178 -0.0346294 0.996335 0.826137 -0.0364413 0.998629 0.03757 0.0353336 -0.99627 -0.0392464 0.0768487 0.073749
0.0803763 -0.0336702 0.996196 0.808633 -0.0311424 0.998857 0.0362728 0.0385901 -0.996278 -0.0339394 0.0792359 0.0317212
0.0783412 -0.0307618 0.996452 0.807118 -0.0345352 0.99884 0.0335507 0.0221049 -0.996328 -0.0370411 0.077188 0.10773
0.0769354 -0.0274379 0.996658 0.789809 -0.0332349 0.998995 0.0300678 0.0148246 -0.996482 -0.0354371 0.0759462 0.0856348
0.0825538 -0.0328048 0.996047 0.772623 -0.0278203 0.998993 0.0352076 0.0192378 -0.996198 -0.0306168 0.081558 -0.0515032
0.0791618 -0.0187282 0.996686 0.0316437 -0.0331439 0.999221 0.0214083 0.000729538 -0.996311 -0.0347287 0.0784794 0.00288249
0.0791618 -0.0187282 0.996686 0.0632873 -0.0331439 0.999221 0.0214083 0.00145908 -0.996311 -0.0347287 0.0784794 0.00576497
0.0791618 -0.0187282 0.996686 0.094931 -0.0331439 0.999221 0.0214083 0.00218861 -0.996311 -0.0347287 0.0784794 0.00864746
0.0791618 -0.0187282 0.996686 0.126575 -0.0331439 0.999221 0.0214083 0.00291815 -0.996311 -0.0347287 0.0784794 0.0115299
0.0791618 -0.0187282 0.996686 0.158218 -0.0331439 0.999221 0.0214083 0.00364769 -0.996311 -0.0347287 0.0784794 0.0144124
0.0747834 -0.0157706 0.997075 0.0515543 -0.021311 0.999621 0.0174093 0.000518161 -0.996972 -0.0225506 0.074419 0.00483408
0.0685226 -0.0152517 0.997533 0.0714567 -0.0183262 0.999695 0.0165436 0.000746256 -0.997481 -0.0194146 0.0682222 0.00679597
0.0603144 -0.00982101 0.998131 0.0913346 -0.0175123 0.999787 0.0108955 0.000588527 -0.998026 -0.0181367 0.0601296 0.00904249
0.0520717 -0.00775328 0.998613 0.111303 -0.00997302 0.999916 0.00828343 -0.000500733 -0.998594 -0.0103905 0.05199 0.0103414
0.0427415 -0.00741073 0.999059 0.131601 -0.00637776 0.99995 0.0076902 -0.00014 -0.999066 -0.00670044 0.0426921 0.00693062
0.0336839 -0.0080496 0.9994 0.151753 -0.00672237 0.999943 0.00828055 -0.000712939 -0.99941 -0.00699725 0.0336279 0.00291257
0.0231635 -0.00760576 0.999703 0.171717 -0.00876445 0.999931 0.00781058 -0.000493394 -0.999693 -0.00894276 0.0230953 0.00473999
0.0122422 -0.00572295 0.999909 0.191749 -0.00819092 0.999949 0.00582347 -0.000387288 -0.999892 -0.00826146 0.0121947 0.00358747
0.000324285 -0.00180741 0.999998 0.211586 -0.00614024 0.99998 0.00180937 0.00093822 -0.999981 -0.00614082 0.000313181 0.00908129
-0.0106382 -0.00188182 0.999942 0.231742 -0.00149494 0.999997 0.00186602 -0.00266166 -0.999942 -0.001475 -0.010641 -0.00348578
-0.0218202 -0.00132136 0.999761 0.251699 -0.00123602 0.999998 0.0012947 -0.00298855 -0.999761 -0.00120747 -0.0218218 -0.00576572
-0.0327914 -0.000500722 0.999462 0.271725 -4.39494e-005 1 0.00049955 -0.00252096 -0.999462 -2.75448e-005 -0.0327915 -0.00499811
-0.0433362 -0.00047704 0.99906 0.291523 0.000476804 1 0.000498171 -0.00412148 -0.99906 0.000497945 -0.0433359 -0.0116085
-0.0526869 -0.000777488 0.998611 0.311151 0.000123934 1 0.000785108 -0.0050077 -0.998611 0.000165126 -0.0526868 -0.0191999
-0.0628991 -0.00117989 0.998019 0.331408 -5.6831e-005 0.999999 0.00117865 -0.00104481 -0.99802 1.74177e-005 -0.0628991 -0.0157265
-0.0721375 -0.00218234 0.997392 0.350824 -0.000949851 0.999997 0.00211934 -0.00432017 -0.997394 -0.00079449 -0.0721394 -0.025595
-0.079805 -0.00664401 0.996788 0.368239 -0.00361601 0.999973 0.00637573 -0.00977729 -0.996804 -0.00309558 -0.0798269 -0.050271
-0.0856029 -0.0100192 0.996279 0.388481 -0.00819545 0.999923 0.00935163 -0.0033919 -0.996296 -0.00736443 -0.0856784 -0.0506419
-0.0923359 -0.0115612 0.995661 0.411014 -0.0117565 0.999876 0.0105199 0.00396398 -0.995659 -0.0107341 -0.0924603 -0.024839
-0.0961376 -0.0142764 0.995266 0.429881 -0.0131867 0.999828 0.0130681 0.000333544 -0.995281 -0.011868 -0.0963093 -0.0404785
-0.0965832 -0.0186436 0.99515 0.446849 -0.0166588 0.999715 0.0171123 -0.00980339 -0.995185 -0.0149252 -0.0968663 -0.0658642
-0.0970435 -0.0204584 0.99507 0.46883 -0.0202547 0.999622 0.0185766 -0.00202243 -0.995074 -0.0183521 -0.0974212 -0.0526692
-0.0990332 -0.0194427 0.994894 0.489986 -0.0196791 0.999652 0.0175768 0.00260412 -0.99489 -0.0178379 -0.0993814 -0.0419278
