0.999992 0.00289156 0.00293378 -0.0273681 -0.00287795 0.999985 -0.00463506 -0.00241919 -0.00294714 0.00462657 0.999985 1.04473
0.999997 -0.00138676 0.00221741 0.00920608 0.00139903 0.999984 -0.0055414 0.00465418 -0.00220969 0.00554448 0.999982 1.0912
0.999985 -0.00427343 0.00329647 0.00673807 0.00427651 0.99999 -0.000927921 -0.00839232 -0.00329247 0.000942005 0.999994 1.00294
0.999991 -0.00294571 0.00288559 -0.00123213 0.00293214 0.999985 0.00469404 5.54488e-005 -0.00289937 -0.00468554 0.999985 0.874268
0.999989 -0.00411457 0.00211775 -0.000931998 0.00410391 0.999979 0.00501147 -0.000160034 -0.00213832 -0.00500272 0.999985 1.10426
0.99997 -0.00764495 0.00150695 -0.0154506 0.00764218 0.999969 0.00183765 0.00752458 -0.00152095 -0.00182608 0.999997 1.05528
0.999998 -0.00163586 0.00139525 -0.00893796 0.00163709 0.999998 -0.000877001 -0.00173349 -0.00139381 0.000879283 0.999999 1.00581
0.999996 0.00253651 0.00138803 -0.0271437 -0.00253386 0.999995 -0.00190933 0.00299008 -0.00139287 0.0019058 0.999997 1.05956
0.999997 -0.00108988 -0.00211588 0.0167263 0.00109101 0.999999 0.000532656 -0.00862421 0.0021153 -0.000534963 0.999998 1.04743
1 0.000360089 -0.000125587 -0.019724 -0.000359739 0.999996 0.00277469 0.00232261 0.000126585 -0.00277464 0.999996 0.931725
0.999996 0.000299141 -0.00265113 0.000368947 -0.000277136 0.999966 0.00829652 -0.0398989 0.00265352 -0.00829576 0.999962 0.94225
0.999999 0.00065837 -0.00144226 -0.00488407 -0.000652167 0.999991 0.00429706 0.0377885 0.00144508 -0.00429611 0.99999 1.06618
0.999998 -0.00111419 -0.00187571 -0.00972807 0.00112792 0.999972 0.00733848 -0.0113782 0.00186748 -0.00734058 0.999971 1.03074
0.999994 -0.000925383 -0.00322159 0.0151539 0.000939095 0.99999 0.00425746 0.0185729 0.00321762 -0.00426046 0.999986 1.0215
0.999987 -0.000757449 -0.00508602 -0.0158844 0.000780235 0.99999 0.00447966 -0.0158782 0.00508258 -0.00448357 0.999977 1.02802
0.999973 -0.000972776 -0.0073413 -0.0241684 0.000986775 0.999998 0.00190351 0.00877884 0.00733943 -0.0019107 0.999971 1.05206
0.99998 -0.00129163 -0.00613073 -0.0427461 0.00130255 0.999998 0.00177724 0.0028895 0.00612842 -0.00178519 0.99998 0.93325
0.999968 0.0037867 -0.00705825 0.00606885 -0.00378456 0.999993 0.000316755 0.00561158 0.0070594 -0.000290033 0.999975 0.950842
0.999939 0.00363831 -0.0104264 -0.0163434 -0.0036203 0.999992 0.00174591 -0.00654041 0.0104327 -0.00170806 0.999944 0.93524
0.99993 0.00234241 -0.0115555 -0.0433057 -0.00232997 0.999997 0.00108952 0.0132698 0.011558 -0.00106252 0.999933 0.956856
0.999922 -0.000941359 -0.0124752 -0.00229124 0.000980352 0.999995 0.00311987 -0.00434306 0.0124722 -0.00313186 0.999917 0.968077
0.99992 -0.00175344 -0.0125116 -0.0227583 0.00181662 0.999986 0.0050398 -0.0114554 0.0125026 -0.00506213 0.999909 0.900812
0.999898 -8.59567e-005 -0.0143105 -0.0028992 0.000137282 0.999994 0.00358561 0.00892369 0.0143101 -0.0035872 0.999891 0.956683
0.999874 0.000367176 -0.0158612 -0.0332075 -0.000306906 0.999993 0.00380206 -0.00020918 0.0158625 -0.00379671 0.999867 0.884603
0.999836 -9.26522e-005 -0.0181351 -0.0102041 0.000161419 0.999993 0.00379049 0.00234313 0.0181346 -0.00379279 0.999828 0.84555
0.999836 0.000212428 -0.0180849 -0.0263107 -0.000101326 0.999981 0.00614405 0.00114856 0.0180859 -0.00614121 0.999818 0.852154
0.9998 -0.0019768 -0.0198864 -0.0143439 0.00215832 0.999956 0.00911037 0.00493256 0.0198676 -0.00915147 0.999761 0.832622
0.999822 -0.000511116 -0.018857 -0.0252831 0.00071983 0.999939 0.0110631 0.00490078 0.0188502 -0.0110747 0.999761 0.894459
0.999787 -1.02625e-005 -0.0206617 -0.0244183 0.000214908 0.999951 0.00990237 0.00694349 0.0206606 -0.0099047 0.999737 0.860133
0.999784 0.00368784 -0.0204587 -0.0275852 -0.003535 0.999966 0.00750222 0.00647241 0.0204857 -0.00742828 0.999763 0.835575
0.99978 0.00149788 -0.0209273 -0.0328863 -0.00139002 0.999986 0.0051679 0.0107986 0.0209348 -0.00513767 0.999768 0.905632
0.99979 0.00309419 -0.0202417 -0.0310439 -0.00299571 0.999984 0.00489374 0.00379061 0.0202565 -0.00483208 0.999783 0.812956
0.999732 5.71234e-005 -0.0231635 -0.00735291 4.51767e-005 0.99999 0.00441589 -2.36135e-005 0.0231635 -0.00441575 0.999722 0.819025
0.999674 -0.000754747 -0.0255204 -0.0149255 0.000845878 0.999993 0.00356032 0.00792942 0.0255175 -0.00358074 0.999668 0.795401
0.999632 9.46202e-005 -0.027129 -0.037502 8.65589e-006 0.999993 0.00380671 -0.000870131 0.0271292 -0.00380554 0.999625 0.821896
0.999591 0.00065386 -0.0285926 -0.0418334 -0.000530081 0.99999 0.00433641 0.00405069 0.0285951 -0.00431948 0.999582 0.775688
0.999533 5.46588e-005 -0.0305531 -0.0208475 0.000161949 0.999975 0.00708703 -0.00139307 0.0305527 -0.00708867 0.999508 0.74417
0.999457 0.000817567 -0.0329434 -0.0389182 -0.00052637 0.999961 0.00884702 0.00161238 0.0329494 -0.00882488 0.999418 0.791579
0.999488 0.00320418 -0.0318299 -0.0439797 -0.00291633 0.999954 0.00908573 0.00459501 0.0318575 -0.00898825 0.999452 0.719169
0.999405 0.00443869 -0.0341908 -0.0350698 -0.00415378 0.999956 0.00839946 0.00856357 0.0342266 -0.00825245 0.99938 0.762583
0.99938 0.00468343 -0.0349085 -0.0383015 -0.00440709 0.999958 0.00798887 -0.000185113 0.0349445 -0.00783007 0.999359 0.691383
0.999285 0.000816302 -0.0377938 -0.0291543 -0.000475857 0.999959 0.00901607 0.00927895 0.0377996 -0.00899164 0.999245 0.712653
0.999287 0.00180862 -0.0377153 -0.0262815 -0.00138237 0.999935 0.0113249 0.00694183 0.0377333 -0.0112647 0.999224 0.683003
0.999293 0.00484894 -0.0372826 -0.0390354 -0.00441231 0.999921 0.0117847 0.00169722 0.0373368 -0.0116119 0.999235 0.683133
0.999312 0.00715013 -0.0363835 -0.0369913 -0.00680057 0.99993 0.00972237 -0.00118858 0.0364504 -0.00946825 0.999291 0.700925
0.999294 0.0087872 -0.0365276 -0.0125766 -0.00850515 0.999933 0.00786976 -0.0020722 0.0365943 -0.00755353 0.999302 0.648457
0.999478 0.00341236 -0.0321228 -0.0359946 -0.00324072 0.99998 0.00539366 0.0115232 0.0321406 -0.00528674 0.999469 0.658529
0.999557 0.00219982 -0.0296731 -0.0132253 -0.00201045 0.999977 0.00641024 0.00266164 0.0296865 -0.00634775 0.999539 0.622634
0.999629 0.00481894 -0.0268194 -0.0292977 -0.00457013 0.999946 0.00933109 0.00427152 0.0268629 -0.00920505 0.999597 0.613186
0.999705 0.00940603 -0.0223902 -0.0244643 -0.00911398 0.999873 0.0131098 0.0028326 0.0225107 -0.0129019 0.999663 0.624583
0.999794 0.00983088 -0.0177455 -0.0129019 -0.0095802 0.999854 0.0141562 0.00970207 0.017882 -0.0139833 0.999742 0.62176
0.999889 0.00903505 -0.0118755 -0.0195226 -0.00885986 0.999852 0.0147233 0.00636458 0.0120068 -0.0146164 0.999821 0.60056
0.999948 0.00753695 -0.00682661 -0.00168959 -0.00742447 0.999839 0.0163544 0.00997585 0.00694878 -0.0163029 0.999843 0.57949
0.99996 0.00895487 0.000142948 -0.0137396 -0.00895599 0.999793 0.0182495 0.00514978 2.05035e-005 -0.0182501 0.999833 0.565412
0.999943 0.00819035 0.00682592 0.00109542 -0.00831221 0.999803 0.0180194 0.00618737 -0.00667699 -0.0180751 0.999814 0.56854
0.999874 0.00659936 0.0144474 0.00119875 -0.00686654 0.999805 0.0185222 0.00132713 -0.0143223 -0.018619 0.999724 0.540503
0.999746 0.00704822 0.0214085 0.00586867 -0.0074376 0.999807 0.0181635 0.00841278 -0.0212764 -0.0183181 0.999606 0.519204
0.999564 0.00700323 0.028677 0.00989464 -0.00745759 0.999848 0.0157679 0.00726522 -0.0285622 -0.0159749 0.999464 0.542014
0.999263 0.00581534 0.0379333 0.0167254 -0.00631042 0.999896 0.0129447 0.00481468 -0.0378541 -0.0131745 0.999196 0.49447
0.998919 0.00269929 0.046398 0.0101735 -0.00328304 0.999916 0.0125099 0.00972585 -0.0463603 -0.0126487 0.998845 0.471291
0.998579 -0.000578228 0.0532826 0.0315935 -0.000203305 0.999892 0.0146611 0.00585072 -0.0532853 -0.0146511 0.998472 0.44499
0.998096 0.00134463 0.0616574 0.0421791 -0.00230526 0.999877 0.0155116 0.012955 -0.0616289 -0.0156242 0.997977 0.436035
0.99747 0.00379771 0.0709928 0.0151284 -0.00497875 0.999852 0.0164664 0.00846649 -0.0709198 -0.0167782 0.997341 0.39956
0.996863 0.00622725 0.0788963 0.0580999 -0.00750457 0.999845 0.0159038 0.0105715 -0.078785 -0.016446 0.996756 0.399882
0.996014 0.00752584 0.0888796 -0.0175666 -0.00903181 0.999822 0.0165538 -0.0158136 -0.0887393 -0.0172906 0.995905 0.282116
0.995213 0.00255212 0.0976963 0.0703679 -0.00433075 0.999829 0.017998 0.00794761 -0.0976336 -0.0183349 0.995054 0.314189
0.994023 -0.00341359 0.109114 0.0266077 0.00160106 0.999859 0.0166947 0.00159987 -0.109155 -0.0164202 0.993889 0.304681
0.992693 -0.00310129 0.120626 0.0448738 0.00149953 0.99991 0.0133673 0.00617805 -0.120657 -0.0130887 0.992608 0.304766
0.990953 -5.16589e-005 0.134212 0.0454691 -0.00130568 0.999949 0.0100253 0.00387324 -0.134206 -0.0101099 0.990902 0.284477
0.98873 0.000445535 0.14971 0.0465647 -0.00173049 0.999963 0.00845279 0.00444536 -0.149701 -0.0086166 0.988694 0.28505
0.986221 0.00173679 0.165423 0.0580614 -0.00314164 0.999961 0.00823121 -0.00133695 -0.165402 -0.0086375 0.986188 0.250682
0.983152 0.0012291 0.182788 0.0565312 -0.00272009 0.999965 0.00790645 0.0038094 -0.182772 -0.00827043 0.983121 0.25829
0.979645 -0.00193444 0.200729 0.0657347 0.000297177 0.999966 0.00818641 0.00583201 -0.200738 -0.00796013 0.979613 0.266351
0.975558 -0.00319691 0.219718 0.0784037 0.00122237 0.999958 0.00912208 -0.00159275 -0.219737 -0.00863055 0.975521 0.245558
0.970754 -0.0017373 0.240072 0.0761623 -0.000435589 0.999959 0.00899765 0.00897841 -0.240078 -0.00883908 0.970713 0.269342
0.965298 0.00063542 0.26115 0.0774789 -0.00285263 0.999963 0.00811124 -0.00222975 -0.261135 -0.00857472 0.965264 0.252717
0.958938 0.00111073 0.283615 0.0953008 -0.00322324 0.99997 0.00698194 0.00746284 -0.283599 -0.00760941 0.958913 0.26023
0.951388 0.00165734 0.30799 0.105811 -0.00405396 0.999966 0.0071418 -0.000630446 -0.307968 -0.00804321 0.951363 0.24475
0.942724 0.00339367 0.333556 0.108469 -0.00600089 0.999959 0.00678644 0.002255 -0.333519 -0.00839938 0.942706 0.259166
0.932671 0.00508948 0.360692 0.115648 -0.00801381 0.999946 0.00661242 -0.00147997 -0.360639 -0.00905773 0.932662 0.261599
0.921518 0.00143347 0.388332 0.1343 -0.00461498 0.999963 0.0072602 0.00302063 -0.388307 -0.00848255 0.921491 0.251976
0.908181 -0.00259816 0.41857 0.152086 -0.00078513 0.999968 0.00791054 -0.00156052 -0.418577 -0.00751284 0.90815 0.246098
0.892897 -0.00810406 0.450187 0.161489 0.0044218 0.999948 0.00923045 0.00921191 -0.450238 -0.00625121 0.892887 0.243942
0.874886 -0.00743806 0.484271 0.172007 0.00386859 0.999957 0.00836962 0.00259764 -0.484313 -0.00544902 0.874878 0.225198
0.855072 -0.00369565 0.518497 0.170051 0.000856406 0.999983 0.00571517 0.00617659 -0.518509 -0.00444283 0.85506 0.229882
0.832738 -0.000450743 0.553667 0.180924 -0.00148559 0.999994 0.00304849 0.00663548 -0.553665 -0.00336111 0.832733 0.218344
0.808166 0.0014874 0.588953 0.196653 -0.00270558 0.999996 0.00118714 0.0045796 -0.588948 -0.00255286 0.808167 0.207966
0.780255 0.00567598 0.625436 0.184136 -0.00597868 0.999981 -0.00161644 0.00187172 -0.625433 -0.00247805 0.780274 0.21136
0.750941 0.0103525 0.660288 0.225151 -0.00897859 0.999945 -0.00546667 0.00235409 -0.660308 -0.0018233 0.750993 0.216758
0.716541 0.0107474 0.697463 0.219379 -0.00761596 0.999942 -0.00758406 0.00359378 -0.697504 0.000122434 0.716581 0.205692
0.681605 0.00281212 0.731715 0.282564 -0.000395557 0.999994 -0.0034747 0.00356646 -0.73172 0.00207894 0.681602 0.19738
0.641408 0.00147766 0.767198 0.268958 0.000831805 0.999996 -0.00262147 0.00115592 -0.767199 0.00231959 0.641404 0.189193
0.59925 0.00265871 0.800557 0.30911 -0.000834469 0.999996 -0.00269642 0.00677437 -0.800561 0.000947793 0.59925 0.191746
0.553216 0.00133883 0.833037 0.332778 0.000218367 0.999998 -0.00175218 0.00283436 -0.833038 0.00115124 0.553215 0.182325
0.504197 0.000699519 0.863588 0.356203 0.000373816 0.999999 -0.00102826 0.00189607 -0.863589 0.000841269 0.504196 0.17086
0.456327 0.00142341 0.889811 0.386605 -0.00269187 0.999996 -0.000219182 0.0062917 -0.889808 -0.00229524 0.456329 0.160049
0.406372 0.00475307 0.913695 0.40236 -0.00771259 0.999969 -0.00177164 0.00649671 -0.913675 -0.00632701 0.406396 0.150864
0.356885 0.00888927 0.934106 0.402119 -0.00936876 0.999938 -0.00593632 0.00833481 -0.934101 -0.00663284 0.356946 0.133426
0.30768 0.00771307 0.951459 0.473989 -0.00353024 0.99997 -0.00696473 0.00659077 -0.951483 -0.00121597 0.307698 0.122665
0.259299 -0.00142897 0.965796 0.469899 0.00521993 0.999986 7.80983e-005 -0.000164645 -0.965783 0.00502113 0.259303 0.0882796
0.214684 -0.0122395 0.976607 0.49722 0.00539025 0.999921 0.0113467 0.00626363 -0.976669 0.00282819 0.214733 0.0697339
0.171988 -0.016462 0.984961 0.522616 -8.12262e-005 0.99986 0.0167252 0.0134429 -0.985099 -0.00295654 0.171963 0.0510398
0.133731 -0.0184504 0.990846 0.534456 -0.00558573 0.999797 0.019371 0.0186639 -0.991002 -0.0081251 0.133601 0.0531555
0.100533 -0.0236448 0.994653 0.568999 -0.0103601 0.999638 0.0248105 0.0155141 -0.99488 -0.012799 0.100252 0.0335121
0.0717279 -0.0295099 0.996988 0.541751 -0.0148505 0.99942 0.0306503 0.0100419 -0.997314 -0.0170043 0.071248 0.0186829
0.0464509 -0.0361805 0.998265 0.576084 -0.0242557 0.999008 0.0373361 0.0247177 -0.998626 -0.025948 0.0455273 0.00956506
0.0266819 -0.0391189 0.998878 0.557829 -0.0300515 0.998751 0.0399167 0.0281629 -0.999192 -0.0310828 0.0254729 -0.00230529
0.0103881 -0.0403151 0.999133 0.586808 -0.0335021 0.998612 0.0406424 0.0305449 -0.999385 -0.0338953 0.00902307 0.00212161
-0.00199658 -0.0419664 0.999117 0.59426 -0.0380621 0.998398 0.0418601 0.027958 -0.999273 -0.037945 -0.00359071 -0.0103009
-0.0138028 -0.0421483 0.999016 0.594531 -0.0400391 0.998333 0.0415663 0.0289616 -0.999103 -0.039426 -0.0154674 -0.0132201
-0.0223637 -0.0478569 0.998604 0.563295 -0.0376688 0.998185 0.0469932 0.0329885 -0.99904 -0.0365653 -0.0241259 -0.0293175
-0.0295303 -0.0509113 0.998266 0.626944 -0.0378201 0.998044 0.0497812 0.0339431 -0.998848 -0.0362845 -0.031398 -0.0235455
-0.0340273 -0.0504344 0.998148 0.603942 -0.0467122 0.997715 0.04882 0.0368678 -0.998329 -0.0449645 -0.0363055 -0.0152506
-0.0366013 -0.0493146 0.998112 0.58543 -0.0553325 0.997349 0.0472479 0.0374541 -0.997797 -0.0534987 -0.039233 -0.0227276
-0.0396009 -0.0461787 0.998148 0.610877 -0.0596864 0.997257 0.0437695 0.0378611 -0.997431 -0.0578425 -0.0422485 -0.0247756
-0.0408057 -0.0472229 0.998051 0.600192 -0.0617662 0.997091 0.0446521 0.0396527 -0.997256 -0.0598237 -0.0436038 -0.00421178
-0.0416986 -0.0497561 0.997891 0.702133 -0.0556326 0.997325 0.0474032 0.0309949 -0.99758 -0.0535386 -0.0443551 -0.048891
-0.0428677 -0.0508925 0.997784 0.724214 -0.0474899 0.997677 0.0488467 0.0342859 -0.997951 -0.0452907 -0.045185 -0.0353983
-0.041197 -0.0525536 0.997768 0.736599 -0.0407855 0.997872 0.050875 0.0404007 -0.998318 -0.0385986 -0.0432528 -0.00390463
-0.0382119 -0.0543266 0.997792 0.805707 -0.037893 0.997882 0.0528803 0.0485787 -0.998551 -0.0357886 -0.0401896 -0.0517051
-0.0371516 -0.0553282 0.997777 0.704175 -0.0444752 0.997568 0.0536606 0.047091 -0.998319 -0.0423827 -0.0395219 -0.0142548
-0.0330862 -0.0557086 0.997899 0.707333 -0.0585979 0.996836 0.0537064 0.0529231 -0.997733 -0.0566979 -0.0362459 -0.0101007
-0.0312107 -0.0538024 0.998064 0.695786 -0.0669854 0.996418 0.051619 0.0355292 -0.997266 -0.0652447 -0.0347029 -0.0326779
-0.0297839 -0.0510965 0.99825 0.721129 -0.0621961 0.996852 0.0491692 0.0423282 -0.997619 -0.0606228 -0.0328682 -0.0126725
-0.0249181 -0.0583229 0.997987 0.720706 -0.0500195 0.997119 0.0570233 0.0324943 -0.998437 -0.0484979 -0.0277636 -0.0408645
-0.0238836 -0.0592085 0.99796 0.744002 -0.0404607 0.997484 0.0582119 0.0484484 -0.998896 -0.0389879 -0.0262191 -0.0127028
-0.0194467 -0.05443 0.998328 0.629133 -0.0524529 0.997197 0.0533466 0.044421 -0.998434 -0.0513278 -0.0222472 -0.0175203
-0.0167534 -0.0485794 0.998679 0.706375 -0.063823 0.996834 0.047419 0.0484088 -0.997821 -0.0629442 -0.0198009 0.0202726
-0.0112908 -0.0536082 0.998498 0.712108 -0.061644 0.9967 0.0528145 0.0386786 -0.998034 -0.0609551 -0.0145582 -0.0266901
-0.00839798 -0.0591209 0.998216 0.723256 -0.0513368 0.99696 0.0586146 0.0367156 -0.998646 -0.0507529 -0.0114075 -0.0195066
-0.00436884 -0.0579761 0.998308 0.702513 -0.0476618 0.997195 0.0577029 0.0457234 -0.998854 -0.0473291 -0.00711983 -0.0027141
-0.00226129 -0.0543728 0.998518 0.692648 -0.0533913 0.997103 0.0541748 0.049787 -0.998571 -0.0531897 -0.00515777 0.0120416
0.00305105 -0.0535009 0.998563 0.72345 -0.0587147 0.996835 0.0535878 0.0416112 -0.99827 -0.0587939 -9.99021e-005 0.0139484
0.00630812 -0.0589126 0.998243 0.706634 -0.0589339 0.996506 0.0591825 0.0376438 -0.998242 -0.0592037 0.00281412 -0.00419836
0.0103216 -0.063865 0.997905 0.711484 -0.0555609 0.99638 0.0643421 0.0414185 -0.998402 -0.0561086 0.00673583 -0.0126781
0.0140114 -0.066946 0.997658 0.69368 -0.057135 0.996072 0.067642 0.049299 -0.998268 -0.057949 0.0101314 0.0110381
0.0173975 -0.0669237 0.997606 0.684854 -0.0631316 0.995693 0.0678963 0.0463201 -0.997854 -0.0641617 0.0130976 -0.00553115
0.01744 -0.0644833 0.997766 0.674046 -0.0656854 0.995688 0.0654972 0.0667752 -0.997688 -0.066681 0.0131292 0.0347776
0.0239408 -0.0705382 0.997222 0.699605 -0.0686992 0.995034 0.0720327 0.0499214 -0.99735 -0.0702329 0.018976 0.0115142
0.0258833 -0.0662946 0.997464 0.682619 -0.0681646 0.995359 0.0679235 0.0513239 -0.997338 -0.0697498 0.0212443 0.0200641
0.0316424 -0.0658769 0.997326 0.698028 -0.0693334 0.995277 0.0679413 0.0531686 -0.997092 -0.0712979 0.0269255 0.0263674
0.0289625 -0.0659001 0.997406 0.694933 -0.0656329 0.995546 0.0676831 0.0587384 -0.997423 -0.0674229 0.0245083 0.0647141
0.0356782 -0.0653297 0.997226 0.69435 -0.0643262 0.995642 0.0675273 0.0520073 -0.997291 -0.066557 0.0313203 0.0057513
0.0336413 -0.0603866 0.997608 0.687187 -0.0640401 0.995992 0.0624483 0.0383313 -0.99738 -0.0659878 0.0296393 0.0264147
0.0368431 -0.0577642 0.99765 0.719255 -0.0638128 0.996155 0.0600342 0.0632811 -0.997282 -0.0658747 0.0330153 0.0670415
0.0425013 -0.0579604 0.997414 0.694504 -0.061552 0.996268 0.0605166 0.0404287 -0.997199 -0.0639648 0.0387751 0.0126087
0.0433561 -0.0558963 0.997495 0.717275 -0.0523166 0.996937 0.058139 0.0494552 -0.997689 -0.0547062 0.040299 0.0378129
0.0490589 -0.0582545 0.997096 0.70793 -0.0517214 0.99681 0.0607826 0.0455275 -0.997456 -0.0545531 0.0458894 0.0259178
0.0726706 -0.0853205 0.9937 0.54361 -0.0402617 0.995271 0.0883998 -0.00177293 -0.996543 -0.0464321 0.0688918 -0.0814506
0.0547008 -0.047796 0.997358 0.785092 -0.0566458 0.997097 0.0508902 0.0752455 -0.996895 -0.0592799 0.0518346 0.115535
0.0704973 -0.0660969 0.99532 0.703847 -0.0668405 0.995247 0.0708263 0.0420737 -0.99527 -0.0715208 0.0657443 0.019377
0.0657443 -0.0554532 0.996294 0.754576 -0.0542892 0.996777 0.0590625 0.0478977 -0.996359 -0.0579711 0.0625219 0.0663875
0.0730759 -0.0563598 0.995733 0.770027 -0.0602646 0.996328 0.0608163 0.0681886 -0.995504 -0.0644516 0.0694111 0.0756632
0.0755666 -0.0543089 0.995661 0.735953 -0.060586 0.996421 0.0589486 0.0482051 -0.995298 -0.0647776 0.0720058 0.048783
0.0813301 -0.0550164 0.995168 0.756698 -0.057534 0.996551 0.0597949 0.0468994 -0.995025 -0.0621191 0.0778843 0.0668707
0.0864133 -0.0530453 0.994846 0.76268 -0.0531441 0.996914 0.0577718 0.0498351 -0.994841 -0.0578624 0.0833276 0.0737553
0.0924428 -0.0513417 0.994393 0.767554 -0.0441996 0.997474 0.0556097 0.0482311 -0.994737 -0.0490925 0.08994 0.0786776
0.0994772 -0.0500479 0.99378 0.814017 -0.0400031 0.997726 0.0542509 0.056815 -0.994235 -0.0451511 0.0972489 0.0921609
0.106408 -0.0436862 0.993362 0.772504 -0.0442964 0.997834 0.0486279 0.0466267 -0.993335 -0.0491768 0.104243 0.0996895
0.113472 -0.0386469 0.992789 0.738909 -0.0488608 0.997817 0.0444273 0.0419741 -0.992339 -0.0535497 0.111336 0.0897126
0.120977 -0.0402901 0.991837 0.765807 -0.0479354 0.997773 0.046378 0.0458445 -0.991497 -0.0531548 0.118776 0.106688
0.128789 -0.0404305 0.990847 0.759939 -0.0456088 0.99787 0.0466452 0.0410035 -0.990623 -0.0511988 0.126671 0.0899869
0.134823 -0.0370629 0.990176 0.758013 -0.0502826 0.997757 0.0441931 0.0379727 -0.989593 -0.0557469 0.132657 0.113126
0.142988 -0.0372854 0.989022 0.819696 -0.0551269 0.997439 0.0455727 0.0501505 -0.988188 -0.0610381 0.140566 0.124781
0.149968 -0.0375112 0.987979 0.803756 -0.0488596 0.997778 0.0452998 0.0345857 -0.987483 -0.0550658 0.147802 0.119542
0.156349 -0.0383607 0.986957 0.851023 -0.0383784 0.998255 0.0448796 0.0422093 -0.986956 -0.0448947 0.154604 0.144818
0.162681 -0.0406174 0.985842 0.8228 -0.0290716 0.998521 0.0459371 0.0329494 -0.98625 -0.0361331 0.16126 0.117775
0.165947 -0.0347925 0.985521 0.809128 -0.0275673 0.998823 0.0399041 0.0505675 -0.985749 -0.0337901 0.164792 0.167275
0.174334 -0.0376393 0.983967 0.744949 -0.0321586 0.998518 0.0438936 0.0241235 -0.984161 -0.0392951 0.172866 0.113786
0.177154 -0.0313292 0.983684 0.813256 -0.0335111 0.998722 0.0378432 0.0426522 -0.983612 -0.0396685 0.175878 0.171438
0.184926 -0.038514 0.981998 0.745528 -0.0369017 0.998255 0.0461008 0.038193 -0.982059 -0.0447626 0.183182 0.128205
0.187172 -0.0347433 0.981712 0.744836 -0.0404546 0.998254 0.0430418 0.0327317 -0.981494 -0.0477711 0.18544 0.139803
0.191517 -0.0359136 0.980832 0.788843 -0.0502348 0.997662 0.0463386 0.0437926 -0.980203 -0.0581465 0.189265 0.160287
0.194133 -0.03175 0.980461 0.776368 -0.048878 0.997922 0.0419933 0.0362754 -0.979757 -0.0560752 0.192177 0.172829
0.196375 -0.0313693 0.980027 0.829956 -0.043404 0.99823 0.0406491 0.0363441 -0.979568 -0.0505196 0.194666 0.177769
0.197777 -0.0302909 0.979779 0.795313 -0.0333965 0.998734 0.0376183 0.0352268 -0.979678 -0.0401612 0.196515 0.170603
0.201748 -0.0285697 0.979021 0.824434 -0.0294502 0.998946 0.03522 0.0272952 -0.978995 -0.035938 0.200693 0.166481
0.20168 -0.0254093 0.979122 0.774573 -0.0245773 0.999217 0.0309932 0.032271 -0.979143 -0.0303148 0.200898 0.177937
0.205538 -0.0253254 0.978321 0.791007 -0.0191804 0.999369 0.0298999 0.0252994 -0.978461 -0.0249102 0.204922 0.171304
0.207135 -0.0279627 0.977913 0.747067 -0.019712 0.999269 0.0327486 0.0268511 -0.978114 -0.02606 0.206432 0.168158
0.20647 -0.0241381 0.978155 0.696779 -0.0241742 0.999265 0.0297618 0.0228996 -0.978154 -0.029791 0.205735 0.158933
0.205711 -0.0227562 0.978348 0.685997 -0.0280337 0.999182 0.0291353 0.0498147 -0.978211 -0.0334202 0.204905 0.172779
0.207842 -0.0225894 0.977902 0.691834 -0.0289586 0.999153 0.0292351 0.00721876 -0.977734 -0.034395 0.207012 0.140035
0.203923 -0.0227179 0.978723 0.660858 -0.0279201 0.999189 0.0290102 0.0176787 -0.978589 -0.0332419 0.203123 0.142079
0.205433 -0.0240912 0.978375 0.695674 -0.0243374 0.999262 0.0297158 0.0228559 -0.978369 -0.0299157 0.204695 0.125286
0.202638 -0.0250933 0.978932 0.609581 -0.0256698 0.999192 0.0309263 0.0157842 -0.978917 -0.0313958 0.20183 0.173556
0.200724 -0.0245038 0.979341 0.648094 -0.0224756 0.999309 0.02961 0.0213919 -0.97939 -0.0279547 0.200034 0.145257
0.201659 -0.0265696 0.979095 0.653579 -0.0175964 0.999372 0.0307441 0.0156583 -0.979298 -0.0234284 0.201065 0.121319
0.195686 -0.0267152 0.980303 0.614574 -0.0182308 0.999357 0.0308737 0.0238962 -0.980497 -0.0239133 0.195073 0.138095
0.195121 -0.0254554 0.980449 0.587918 -0.0246075 0.999221 0.03084 0.0236546 -0.98047 -0.030144 0.194343 0.101482
0.190425 -0.023359 0.981424 0.581143 -0.0304715 0.999095 0.0296919 0.0266398 -0.981229 -0.0355595 0.189541 0.140087
0.195128 -0.03404 0.980187 0.599676 -0.030125 0.998718 0.0406806 0.0225055 -0.980315 -0.037466 0.193852 0.0778771
0.186534 -0.0279189 0.982052 0.572802 -0.0299276 0.998971 0.0340845 0.0108982 -0.981993 -0.0357484 0.185507 0.13598
0.189185 -0.0375023 0.981225 0.566844 -0.0261244 0.998724 0.043208 0.0364434 -0.981594 -0.0338082 0.187964 0.100488
0.182783 -0.0366018 0.982472 0.585642 -0.0228822 0.998878 0.0414701 0.0176711 -0.982887 -0.0300611 0.18174 0.0975447
0.183888 -0.0394672 0.982154 0.568611 -0.029113 0.998537 0.0455763 0.0340952 -0.982516 -0.0369744 0.18247 0.109748
0.181088 -0.0345149 0.982861 0.528625 -0.0332262 0.998599 0.0411893 0.0222435 -0.982906 -0.0401156 0.179687 0.102319
0.18351 -0.042357 0.982105 0.579338 -0.035343 0.998141 0.0496526 0.0288596 -0.982382 -0.0438223 0.181672 0.0932187
0.179626 -0.0411903 0.982872 0.492805 -0.036183 0.99817 0.0484441 0.0193574 -0.983069 -0.0442651 0.177807 0.0907963
0.186477 -0.0507203 0.981149 0.597201 -0.0372177 0.997585 0.0586436 0.046203 -0.981754 -0.0474518 0.184139 0.0948556
0.183391 -0.0486056 0.981838 0.509066 -0.0409979 0.99753 0.0570402 0.0284854 -0.982185 -0.0507139 0.180945 0.111378
0.190698 -0.0481727 0.980466 0.556767 -0.0483875 0.99712 0.0584022 0.036704 -0.980456 -0.0585795 0.187818 0.111982
0.192239 -0.0448046 0.980325 0.563744 -0.0496159 0.997236 0.055307 0.0403458 -0.980093 -0.0592718 0.189485 0.136855
0.20044 -0.0470197 0.978577 0.560718 -0.0468951 0.997242 0.057522 0.0458967 -0.978583 -0.0574202 0.197682 0.122036
0.208003 -0.0474286 0.976978 0.536114 -0.0449014 0.997308 0.0579753 0.0354621 -0.977097 -0.0559267 0.205314 0.118491
0.215746 -0.0441683 0.97545 0.559666 -0.0498006 0.997179 0.0561669 0.0384814 -0.975179 -0.0606958 0.212938 0.126834
0.227202 -0.0468906 0.972718 0.528013 -0.0483697 0.997064 0.0593621 0.0314864 -0.972646 -0.0605372 0.224267 0.106831
0.234451 -0.0424593 0.9712 0.604085 -0.0474272 0.997356 0.0550519 0.0443095 -0.97097 -0.0589683 0.231817 0.158356
0.246177 -0.0409824 0.968358 0.583707 -0.0442773 0.997587 0.0534757 0.0403373 -0.968213 -0.0560408 0.243768 0.163011
0.256749 -0.0394767 0.965671 0.619663 -0.0406273 0.997841 0.0515936 0.0565364 -0.965624 -0.0524793 0.254591 0.173073
0.266027 -0.0345052 0.963348 0.583487 -0.0377946 0.998217 0.0461911 0.0318636 -0.963224 -0.0486974 0.264249 0.171108
0.275773 -0.0326429 0.960668 0.648184 -0.0371159 0.998316 0.0445768 0.0467884 -0.960506 -0.0479491 0.274097 0.214852
0.287377 -0.0340963 0.95721 0.59995 -0.0337206 0.998387 0.0456867 0.035252 -0.957224 -0.045407 0.285764 0.165139
0.295864 -0.030633 0.954739 0.612999 -0.0346891 0.998482 0.0427863 0.0357888 -0.9546 -0.0457779 0.294352 0.22085
0.308321 -0.0318293 0.95075 0.618472 -0.0338301 0.998441 0.0443967 0.0435079 -0.950681 -0.0458524 0.306763 0.193357
0.317466 -0.0292234 0.947819 0.602531 -0.0372139 0.998371 0.0432466 0.040422 -0.947539 -0.0490014 0.315861 0.22905
0.32846 -0.0347704 0.943878 0.66474 -0.0394357 0.997946 0.0504853 0.0384573 -0.943694 -0.0538049 0.326414 0.223775
0.338981 -0.0359944 0.940104 0.0550045 -0.0396635 0.997833 0.0525064 0.000179041 -0.939957 -0.0550865 0.336819 0.0337457
0.349921 -0.0387551 0.935977 0.998337 -0.0416168 0.997514 0.0568619 0.0674528 -0.935854 -0.0588495 0.347439 0.360748
0.358587 -0.0440666 0.932456 0.561002 -0.0372656 0.997413 0.0614673 0.0476596 -0.932752 -0.0567899 0.356017 0.216857
0.367223 -0.0516974 0.928695 0.806188 -0.0363233 0.996896 0.0698567 0.0617448 -0.929424 -0.0593863 0.364205 0.320453
0.374638 -0.0589427 0.925296 0.723569 -0.0447037 0.995668 0.0815254 0.0744618 -0.926093 -0.0719067 0.37038 0.265308
0.381442 -0.0625313 0.922275 0.77955 -0.0489746 0.994941 0.0877135 0.0697201 -0.923095 -0.0786257 0.37645 0.306036
0.389331 -0.0618383 0.91902 0.80574 -0.0527014 0.994614 0.0892511 0.0809558 -0.919589 -0.0831818 0.383975 0.37336
0.397579 -0.0629857 0.915403 0.767188 -0.0488857 0.99477 0.0896788 0.0719184 -0.916265 -0.0804046 0.392421 0.292804
0.403309 -0.0597031 0.913114 0.788587 -0.0382167 0.9959 0.0819957 0.0839578 -0.914265 -0.0679658 0.399374 0.364888
0.411032 -0.0608557 0.909587 0.727414 -0.0501213 0.994752 0.0892028 0.0612933 -0.910242 -0.0822549 0.405824 0.267871
0.414331 -0.046476 0.908939 0.741566 -0.0586986 0.995251 0.0776465 0.0906552 -0.908231 -0.0855248 0.409635 0.413617
0.421478 -0.0440067 0.90577 0.715068 -0.0619735 0.995089 0.0771841 0.0607393 -0.904718 -0.0886652 0.416681 0.318639
0.42136 -0.0417645 0.905931 0.739459 -0.0492176 0.996414 0.0688276 0.0634163 -0.905557 -0.0735889 0.417794 0.370667
0.427472 -0.0428598 0.903012 0.687667 -0.043283 0.99676 0.0677988 0.0594147 -0.902992 -0.0680671 0.424232 0.322047
0.430033 -0.0390216 0.90197 0.692011 -0.0431582 0.997035 0.0637109 0.0494728 -0.901781 -0.0663252 0.427074 0.351063
0.433873 -0.0378193 0.90018 0.660001 -0.0450453 0.996959 0.0635965 0.0530125 -0.899847 -0.0681417 0.43085 0.310696
0.438441 -0.0419244 0.897782 0.644612 -0.0437489 0.996732 0.0679104 0.0534844 -0.897695 -0.0690517 0.435174 0.310936
0.44178 -0.0410854 0.896182 0.643632 -0.0446532 0.996706 0.067706 0.0495577 -0.896011 -0.0699286 0.43849 0.321832
0.445532 -0.041325 0.894312 0.648493 -0.0464043 0.996525 0.069166 0.051147 -0.894063 -0.0723156 0.442066 0.336886
0.449054 -0.0410244 0.892562 0.625173 -0.0439875 0.996719 0.0679421 0.0434971 -0.892421 -0.0697713 0.445776 0.297451
0.451088 -0.0411666 0.89153 0.624986 -0.041438 0.996892 0.0669981 0.0518876 -0.891517 -0.0671653 0.44798 0.332421
0.451373 -0.0440404 0.891248 0.6173 -0.0406654 0.996728 0.0698476 0.041683 -0.891409 -0.0677703 0.448105 0.345607
0.452009 -0.0473427 0.890756 0.589636 -0.0405658 0.996466 0.0735459 0.0488397 -0.891091 -0.0693776 0.448491 0.355916
0.451693 -0.0459074 0.890991 0.567505 -0.0430585 0.99639 0.0731667 0.0466999 -0.891134 -0.0714137 0.448086 0.343505
0.457482 -0.0457428 0.888042 0.609037 -0.044604 0.996238 0.0742941 0.0475998 -0.8881 -0.0735984 0.45372 0.284236
0.458211 -0.0442911 0.887739 0.568005 -0.0425167 0.996522 0.0716636 0.038095 -0.887826 -0.0705808 0.454734 0.290856
0.46065 -0.0458091 0.886399 0.578825 -0.0414703 0.996466 0.0730489 0.0603 -0.886613 -0.0704092 0.457122 0.271639
0.462941 -0.0481312 0.885081 0.554478 -0.0401594 0.99636 0.0751879 0.0344625 -0.885479 -0.0703519 0.459323 0.355624
0.460074 -0.0523705 0.886335 0.485571 -0.0434742 0.995733 0.0814008 0.0596886 -0.886816 -0.0759831 0.455834 0.395962
0.47052 -0.0487214 0.881043 0.572541 -0.0450407 0.995847 0.0791239 0.0139605 -0.881239 -0.0769122 0.466371 0.143565
0.475129 -0.0472267 0.878648 0.556942 -0.0472347 0.99575 0.0790631 0.0498221 -0.878647 -0.0790679 0.470879 0.256051
0.478395 -0.0481045 0.876826 0.482578 -0.0471239 0.995653 0.0803343 0.0397088 -0.87688 -0.079751 0.474048 0.271812
0.481982 -0.0527527 0.874592 0.560291 -0.0441959 0.995451 0.0843986 0.0767012 -0.875066 -0.079332 0.477458 0.34637
0.485521 -0.0489683 0.872852 0.459485 -0.0445334 0.995748 0.0806345 0.0350596 -0.87309 -0.0780208 0.481276 0.240619
0.489899 -0.0496728 0.870363 0.510928 -0.0472183 0.995398 0.0833864 0.0518025 -0.8705 -0.081948 0.485299 0.31621
0.494963 -0.050352 0.867454 0.468364 -0.0432758 0.995652 0.0824862 0.0441502 -0.867836 -0.0783674 0.490632 0.263938
0.499907 -0.0433323 0.864995 0.46536 -0.0445754 0.996137 0.0756634 0.042693 -0.864931 -0.0763821 0.496044 0.275019
0.506543 -0.0397705 0.861297 0.426704 -0.0420468 0.996608 0.0707469 0.0421246 -0.861189 -0.0720511 0.503152 0.267288
0.513393 -0.036007 0.857398 0.425613 -0.0391578 0.997096 0.0653206 0.0379813 -0.85726 -0.067109 0.510492 0.259598
0.518792 -0.0321414 0.854296 0.416272 -0.0364341 0.997554 0.0596567 0.0346783 -0.854124 -0.0620749 0.516352 0.255298
0.524695 -0.0287283 0.850806 0.396297 -0.0381122 0.997636 0.0571901 0.0370682 -0.850437 -0.0624334 0.522359 0.267732
0.531439 -0.0246154 0.846739 0.375159 -0.0429078 0.997512 0.0559287 0.0353364 -0.846009 -0.0660544 0.529061 0.242217
0.536915 -0.020115 0.843396 0.384712 -0.0470349 0.997447 0.053732 0.0305701 -0.842324 -0.0685186 0.534598 0.252453
0.542476 -0.0186525 0.839864 0.403244 -0.0468524 0.997526 0.0524164 0.031098 -0.838764 -0.0677843 0.54026 0.284449
0.549066 -0.0223453 0.83548 0.428281 -0.0412576 0.997699 0.0537978 0.0315807 -0.83476 -0.0640085 0.546881 0.297851
0.555532 -0.0204744 0.831243 0.514977 -0.0342277 0.998286 0.0474638 0.0415545 -0.830791 -0.0548192 0.553879 0.352001
0.56115 -0.0208582 0.827451 0.481892 -0.0290971 0.998567 0.0449043 0.0317553 -0.827203 -0.0492745 0.559739 0.364627
0.56702 -0.018417 0.823498 0.521042 -0.0246115 0.998925 0.0392866 0.0380853 -0.823336 -0.0425438 0.565957 0.365771
0.572383 -0.0173808 0.819802 0.462606 -0.022879 0.999048 0.037155 0.0321337 -0.819667 -0.0400231 0.57144 0.34533
0.578083 -0.0122411 0.815886 0.489485 -0.0244642 0.999178 0.0323249 0.0337113 -0.815611 -0.0386465 0.577309 0.35028
0.585291 -0.0116878 0.810739 0.471089 -0.0246135 0.999179 0.0321734 0.0304955 -0.81045 -0.0387859 0.584523 0.378787
0.592541 -0.0137714 0.805422 0.501871 -0.0231156 0.999151 0.0340898 0.0249629 -0.805208 -0.0388174 0.59172 0.369315
0.598787 -0.0151056 0.800766 0.306077 -0.0195353 0.999249 0.0334576 0.0147419 -0.80067 -0.0356771 0.598042 0.244704
0.606605 -0.0171316 0.794819 0.598599 -0.0175293 0.999237 0.034916 0.0391617 -0.79481 -0.0351129 0.605842 0.47894
0.614192 -0.0119294 0.789066 0.430427 -0.0199646 0.999331 0.0306483 0.0180269 -0.788904 -0.0345773 0.613543 0.343457
0.621276 -0.0119984 0.7835 0.551953 -0.0185725 0.999376 0.0300314 0.0375216 -0.783371 -0.0332093 0.620666 0.450458
0.628528 -0.0123441 0.777689 0.492931 -0.0160847 0.999454 0.0288637 0.0242443 -0.77762 -0.0306506 0.627986 0.418902
0.633498 -0.0127337 0.773639 0.536516 -0.0159634 0.999437 0.0295218 0.0340295 -0.77358 -0.0310519 0.632938 0.44874
0.637249 -0.0164771 0.770482 0.538854 -0.0137349 0.99937 0.0327318 0.0252779 -0.770536 -0.0314408 0.636621 0.443866
0.641143 -0.0193355 0.767178 0.539644 -0.0116835 0.999321 0.0349504 0.031609 -0.767332 -0.0313716 0.640482 0.442492
0.644332 -0.0251255 0.764333 0.547092 -0.00906825 0.999139 0.0404888 0.032215 -0.764692 -0.0330194 0.64355 0.472479
0.647914 -0.0283577 0.761185 0.578028 -0.0106681 0.998871 0.0462932 0.0341636 -0.761639 -0.0381144 0.64688 0.487781
0.650878 -0.0315019 0.758529 0.594741 -0.0130291 0.998528 0.0526492 0.048601 -0.759071 -0.0441511 0.649509 0.502623
0.655791 -0.0361375 0.754077 0.640673 -0.015565 0.997994 0.0613628 0.0446861 -0.754782 -0.0519784 0.653913 0.5361
0.658579 -0.028638 0.751966 0.608907 -0.0241551 0.997956 0.0591616 0.0537004 -0.752124 -0.0571264 0.656541 0.530357
0.661479 -0.0265492 0.749494 0.631889 -0.0276415 0.997831 0.0597415 0.0616225 -0.749454 -0.0602349 0.65931 0.568234
0.66667 -0.0232105 0.744992 0.641523 -0.0277885 0.998046 0.0559616 0.0600983 -0.744835 -0.0580101 0.664722 0.573362
0.668241 -0.0146148 0.743801 0.627328 -0.0337709 0.99818 0.0499532 0.0605617 -0.743178 -0.0584996 0.666531 0.590226
0.671984 -0.0189012 0.740324 0.544221 -0.0317429 0.99802 0.0542931 0.0497991 -0.739885 -0.0599842 0.670054 0.512771
0.675884 -0.0207062 0.736717 0.649501 -0.0317463 0.99786 0.0571708 0.0587527 -0.736324 -0.0620288 0.67378 0.594497
0.679282 -0.0232462 0.733509 0.608572 -0.034353 0.997395 0.0634225 0.0596541 -0.733072 -0.06828 0.676715 0.573554
0.684093 -0.0294303 0.728801 0.663353 -0.0292304 0.997277 0.0677092 0.059228 -0.728809 -0.0676225 0.68137 0.617003
0.687867 -0.0357903 0.724954 0.672374 -0.0217978 0.997314 0.0699191 0.0653672 -0.725509 -0.0638974 0.685239 0.61022
0.692929 -0.0446065 0.719624 0.686889 -0.0120728 0.997227 0.0734388 0.0674889 -0.720905 -0.0595757 0.690469 0.642648
0.698463 -0.0454927 0.714198 0.749839 -0.00867263 0.997366 0.0720113 0.0761315 -0.715593 -0.0564912 0.696229 0.746886
0.704809 -0.0395066 0.708296 0.626596 -0.0162802 0.997284 0.0718255 0.0703647 -0.70921 -0.0621544 0.702252 0.614354
0.710544 -0.0354792 0.702758 0.645887 -0.0255514 0.996768 0.076157 0.0717558 -0.703189 -0.0720693 0.707341 0.660738
0.716999 -0.0379102 0.696042 0.662006 -0.0275203 0.996202 0.0826075 0.0858864 -0.696531 -0.0783848 0.713233 0.656578
0.722306 -0.0405399 0.690384 0.647639 -0.0257325 0.996014 0.085409 0.0747599 -0.691095 -0.0794567 0.718384 0.691595
0.727405 -0.0406052 0.685006 0.682609 -0.0239121 0.996142 0.0844407 0.0993805 -0.685791 -0.0778025 0.723628 0.67093
0.730458 -0.0357106 0.682023 0.540943 -0.0278682 0.996242 0.0820104 0.0726799 -0.682389 -0.0789119 0.726717 0.628635
0.735167 -0.0346998 0.676998 0.659295 -0.0314142 0.995872 0.0851572 0.0851572 -0.677158 -0.0838721 0.731042 0.694701
0.73661 -0.0367652 0.675317 0.593181 -0.0320957 0.995496 0.0892049 0.0833416 -0.675555 -0.087384 0.732113 0.668452
0.738487 -0.0388282 0.673149 0.652756 -0.0331209 0.995046 0.0937314 0.0938016 -0.673454 -0.0915148 0.733543 0.690223
0.739018 -0.043198 0.672299 0.640699 -0.0320395 0.994559 0.0991237 0.0968829 -0.672923 -0.0947943 0.733613 0.702629
0.739593 -0.0419803 0.671744 0.675281 -0.0346203 0.994359 0.100259 0.096527 -0.672164 -0.0974068 0.733967 0.69907
0.737663 -0.0326453 0.67438 0.639298 -0.0434493 0.994465 0.0956664 0.11034 -0.67377 -0.0998709 0.732161 0.735327
0.738466 -0.0350967 0.673377 0.659463 -0.0407341 0.994499 0.0965052 0.100114 -0.673059 -0.0986952 0.732974 0.71194
0.738364 -0.0327919 0.673604 0.693762 -0.0401048 0.994915 0.0923941 0.104703 -0.673208 -0.0952353 0.733294 0.76542
0.736246 -0.0304778 0.676027 0.676506 -0.0405472 0.995204 0.0890266 0.0996487 -0.675498 -0.0929565 0.731479 0.708443
0.733631 -0.0296421 0.678901 0.706788 -0.0404593 0.995371 0.0871806 0.109045 -0.678343 -0.0914263 0.729035 0.794082
0.732467 -0.0285386 0.680204 0.648391 -0.0402603 0.995557 0.0851232 0.0864134 -0.679611 -0.0897352 0.728063 0.670741
0.729119 -0.031349 0.683668 0.688158 -0.0384737 0.995493 0.086679 0.0964099 -0.683304 -0.0895026 0.724627 0.75668
0.72714 -0.0320746 0.685739 0.669055 -0.0391331 0.995347 0.088052 0.0927234 -0.685373 -0.0908613 0.722502 0.743143
0.724278 -0.0363872 0.688547 0.718112 -0.0369738 0.99512 0.0914809 0.0984985 -0.688516 -0.0917158 0.719398 0.755035
0.721623 -0.0379124 0.691247 0.703189 -0.0314358 0.995675 0.0874265 0.0820222 -0.691572 -0.0848189 0.71731 0.738263
0.717966 -0.0309557 0.69539 0.72593 -0.0320198 0.996484 0.0774185 0.100413 -0.695342 -0.0778501 0.71445 0.743636
0.714661 -0.0269891 0.69895 0.692548 -0.0307914 0.997073 0.0699843 0.0817008 -0.698793 -0.0715367 0.711738 0.724251
0.711248 -0.0285354 0.702362 0.619731 -0.0325353 0.996769 0.0734434 0.0757561 -0.702188 -0.075088 0.708021 0.647191
0.70801 -0.0254766 0.705743 0.644501 -0.0388846 0.996427 0.0749796 0.0729799 -0.705131 -0.0805288 0.704489 0.652277
0.703591 -0.0254714 0.710148 0.671363 -0.0410334 0.996234 0.0763871 0.0786264 -0.709419 -0.0828851 0.699896 0.66613
0.700377 -0.0295721 0.71316 0.692221 -0.0356698 0.996443 0.0763492 0.0812608 -0.712881 -0.0789116 0.696831 0.704613
0.697523 -0.0341411 0.715749 0.716841 -0.0312551 0.996464 0.0779905 0.0745829 -0.715881 -0.076771 0.693989 0.684109
0.693985 -0.0363935 0.719069 0.767999 -0.0283958 0.996561 0.0778433 0.0908128 -0.719429 -0.0744407 0.690566 0.723202
0.690517 -0.0398985 0.722215 0.629517 -0.0259361 0.99647 0.0798473 0.0672437 -0.722851 -0.0738674 0.687044 0.661904
0.687203 -0.0392096 0.725406 0.87011 -0.0258216 0.996593 0.0783295 0.103668 -0.726006 -0.0725594 0.68385 0.751322
0.681943 -0.0369019 0.730474 0.676789 -0.0305353 0.996419 0.0788434 0.0774741 -0.730767 -0.076072 0.678375 0.660043
0.679366 -0.030697 0.733157 0.72242 -0.036848 0.996437 0.0758651 0.0678045 -0.732873 -0.0785556 0.675815 0.654261
0.673702 -0.0325457 0.738286 0.694265 -0.0362234 0.996375 0.0769775 0.0858579 -0.738115 -0.0786031 0.67008 0.679503
0.668969 -0.0324447 0.742582 0.724922 -0.0338259 0.996683 0.0740197 0.0783722 -0.74252 -0.0746354 0.665653 0.637438
0.661501 -0.0268918 0.749462 0.752055 -0.0341846 0.997237 0.0659548 0.0788211 -0.749165 -0.0692492 0.658754 0.684989
0.655609 -0.0249655 0.754688 0.707992 -0.0315965 0.997671 0.0604518 0.0669099 -0.754439 -0.0634782 0.653293 0.637693
0.649148 -0.0268563 0.760188 0.685778 -0.0275273 0.997893 0.0587604 0.0644747 -0.760164 -0.0590701 0.647041 0.584026
0.6423 -0.0268365 0.765983 0.682275 -0.0330287 0.997489 0.062643 0.0695807 -0.765741 -0.065535 0.639801 0.583631
0.636256 -0.0209363 0.771194 0.586246 -0.0461409 0.99681 0.0651288 0.0579384 -0.770097 -0.0770222 0.63326 0.487843
0.628022 -0.024392 0.777813 0.785871 -0.0457547 0.996622 0.0681971 0.0791233 -0.776849 -0.0784179 0.624784 0.657843
0.621189 -0.0265031 0.783213 0.741237 -0.0407189 0.996986 0.0660323 0.0787094 -0.782602 -0.0729101 0.618238 0.591304
0.612785 -0.0291719 0.789711 0.828267 -0.0359168 0.997258 0.0647087 0.0741838 -0.789433 -0.0680165 0.610057 0.647718
0.606733 -0.040426 0.793877 0.837341 -0.0223997 0.99744 0.0679113 0.067572 -0.79459 -0.0589866 0.604274 0.608138
