1 -4.92894e-009 -7.73619e-006 -0.0241693 -4.92894e-009 0.999999 -0.00127425 -0.00537111 7.73619e-006 0.00127425 0.999999 0.626865
0.999998 -2.57183e-006 -0.00176124 -0.0193611 -2.57183e-006 0.999996 -0.00292046 -0.0170125 0.00176124 0.00292046 0.999994 1.22535
0.999978 -1.25099e-005 -0.00669917 0.0420099 -1.25099e-005 0.999993 -0.00373471 -0.045326 0.00669917 0.00373471 0.999971 1.81668
0.999969 -2.24549e-005 -0.00783096 0.00748709 -2.24549e-005 0.999984 -0.00573476 -0.0575752 0.00783096 0.00573476 0.999953 2.42524
0.99995 -4.09813e-005 -0.0100448 0.0197593 -4.09813e-005 0.999967 -0.00815934 -0.0585566 0.0100448 0.00815934 0.999916 2.99921
0.999926 -5.07888e-005 -0.0122043 0.0206158 -5.07888e-005 0.999965 -0.00832266 -0.0833446 0.0122043 0.00832266 0.999891 3.59307
0.999925 -5.12142e-005 -0.0122305 -0.0206648 -5.12142e-005 0.999965 -0.00837437 -0.0879442 0.0122305 0.00837437 0.99989 4.17194
0.999866 -7.00785e-005 -0.0163432 0.0171471 -7.00785e-005 0.999963 -0.00857511 -0.105322 0.0163432 0.00857511 0.99983 4.7365
0.999857 -9.60788e-005 -0.0169401 -0.0141457 -9.60788e-005 0.999936 -0.0113422 -0.123605 0.0169401 0.0113422 0.999792 5.31238
0.999847 -0.000131698 -0.0174722 -0.0396703 -0.000131698 0.999886 -0.0150731 -0.145493 0.0174722 0.0150731 0.999734 5.88297
0.999753 -0.000213311 -0.0222307 -0.0228956 -0.000213311 0.999816 -0.0191865 -0.149987 0.0222307 0.0191865 0.999569 6.44655
0.999758 -0.000205823 -0.0219754 -0.0555288 -0.000205823 0.999825 -0.0187282 -0.178234 0.0219754 0.0187282 0.999583 7.01393
0.999768 -0.000127164 -0.0215516 -0.094721 -0.000127164 0.99993 -0.0117991 -0.185244 0.0215516 0.0117991 0.999698 7.52794
0.999694 -1.79073e-005 -0.0247402 -0.0819372 -1.79073e-005 0.999999 -0.0014474 -0.185341 0.0247402 0.0014474 0.999693 8.10844
0.999691 6.55899e-005 -0.0248596 -0.0860388 6.55899e-005 0.999986 0.00527597 -0.188269 0.0248596 -0.00527597 0.999677 8.6848
0.999647 5.07906e-005 -0.0265813 -0.118016 5.07906e-005 0.999993 0.00382084 -0.194546 0.0265813 -0.00382084 0.999639 9.27231
0.999619 -4.41758e-005 -0.027591 -0.141788 -4.41758e-005 0.999995 -0.00320157 -0.20037 0.027591 0.00320157 0.999614 9.91312
0.999617 -0.000125661 -0.0276739 -0.162596 -0.000125661 0.999959 -0.00907962 -0.212129 0.0276739 0.00907962 0.999576 10.5536
0.999594 -0.000109318 -0.0285024 -0.200176 -0.000109318 0.999971 -0.00766915 -0.22914 0.0285024 0.00766915 0.999564 11.2178
0.999587 2.51931e-005 -0.028751 -0.219247 2.51931e-005 0.999998 0.00175214 -0.235463 0.028751 -0.00175214 0.999585 11.8894
0.999579 0.000131125 -0.02901 -0.243451 0.000131125 0.999959 0.00903789 -0.227147 0.02901 -0.00903789 0.999538 12.5558
0.99955 0.000171569 -0.0299964 -0.258668 0.000171569 0.999935 0.0114364 -0.218083 0.0299964 -0.0114364 0.999485 13.1818
0.999549 0.000154197 -0.0300155 -0.289854 0.000154197 0.999947 0.0102719 -0.217636 0.0300155 -0.0102719 0.999497 13.9769
0.999594 0.000112176 -0.0284956 -0.336797 0.000112176 0.999969 0.00787149 -0.221471 0.0284956 -0.00787149 0.999563 14.6844
0.99957 6.17711e-005 -0.0293162 -0.333323 6.17711e-005 0.999991 0.00421321 -0.220966 0.0293162 -0.00421321 0.999561 15.4402
0.999615 -1.66737e-005 -0.0277573 -0.370617 -1.66737e-005 0.999999 -0.00120116 -0.235748 0.0277573 0.00120116 0.999614 16.2474
0.999633 -0.000106867 -0.0271054 -0.37081 -0.000106867 0.999969 -0.0078837 -0.242735 0.0271054 0.0078837 0.999601 17.0261
0.999663 -0.000171246 -0.0259585 -0.404233 -0.000171246 0.999913 -0.0131911 -0.270822 0.0259585 0.0131911 0.999576 17.8475
0.999664 -0.000181475 -0.0259064 -0.431449 -0.000181475 0.999902 -0.014007 -0.294993 0.0259064 0.014007 0.999566 18.6938
0.999645 -0.000180933 -0.0266367 -0.441639 -0.000180933 0.999908 -0.0135822 -0.31545 0.0266367 0.0135822 0.999553 19.5573
0.999658 -0.000195604 -0.0261665 -0.481612 -0.000195604 0.999888 -0.0149473 -0.336567 0.0261665 0.0149473 0.999546 20.4396
0.999636 -0.000224914 -0.0269733 -0.499302 -0.000224914 0.999861 -0.0166726 -0.36609 0.0269733 0.0166726 0.999497 21.3492
0.999653 -0.000231607 -0.02635 -0.54272 -0.000231607 0.999846 -0.0175748 -0.392547 0.02635 0.0175748 0.999498 22.2531
0.999661 -0.000223489 -0.0260447 -0.57064 -0.000223489 0.999853 -0.0171578 -0.427653 0.0260447 0.0171578 0.999514 23.1751
0.999677 -0.000223073 -0.0254117 -0.632576 -0.000223073 0.999846 -0.0175526 -0.446912 0.0254117 0.0175526 0.999523 24.1196
0.999683 -0.000220039 -0.0251597 -0.657575 -0.000220039 0.999847 -0.0174873 -0.47688 0.0251597 0.0174873 0.99953 25.0649
0.999666 -0.000207734 -0.0258443 -0.677193 -0.000207734 0.999871 -0.0160721 -0.511568 0.0258443 0.0160721 0.999537 26.0175
0.999619 -0.000198219 -0.0275835 -0.692299 -0.000198219 0.999897 -0.0143688 -0.535086 0.0275835 0.0143688 0.999516 26.9941
0.999631 -0.000180457 -0.0271451 -0.735737 -0.000180457 0.999912 -0.0132927 -0.557288 0.0271451 0.0132927 0.999543 27.9661
0.999599 -0.000199701 -0.0283201 -0.750483 -0.000199701 0.999901 -0.0140996 -0.589049 0.0283201 0.0140996 0.999499 28.9625
0.999638 -0.000202788 -0.0268857 -0.820681 -0.000202788 0.999886 -0.0150816 -0.616545 0.0268857 0.0150816 0.999525 29.9706
0.999647 -0.000191453 -0.0265655 -0.845964 -0.000191453 0.999896 -0.0144103 -0.645995 0.0265655 0.0144103 0.999543 30.9843
0.999602 -0.000164282 -0.0282 -0.873476 -0.000164282 0.999932 -0.0116485 -0.672688 0.0282 0.0116485 0.999534 32.0087
0.999602 -0.000116095 -0.0282247 -0.915213 -0.000116095 0.999966 -0.0082247 -0.689357 0.0282247 0.0082247 0.999568 33.049
0.999596 -8.27226e-005 -0.028423 -0.959003 -8.27226e-005 0.999983 -0.00581959 -0.710225 0.028423 0.00581959 0.999579 34.0981
0.999539 -7.46091e-005 -0.0303592 -0.962943 -7.46091e-005 0.999988 -0.00491393 -0.738084 0.0303592 0.00491393 0.999527 35.1569
0.999565 -0.000100645 -0.0294802 -1.02382 -0.000100645 0.999977 -0.0068264 -0.752936 0.0294802 0.0068264 0.999542 36.2276
0.999545 -0.000109101 -0.0301599 -1.06794 -0.000109101 0.999974 -0.00723306 -0.779685 0.0301599 0.00723306 0.999519 37.3123
0.999539 -9.05894e-005 -0.0303644 -1.11766 -9.05894e-005 0.999982 -0.00596538 -0.806894 0.0303644 0.00596538 0.999521 38.4133
0.999505 -6.55498e-005 -0.0314706 -1.15298 -6.55498e-005 0.999991 -0.00416473 -0.825914 0.0314706 0.00416473 0.999496 39.511
0.999461 -2.43275e-005 -0.0328373 -1.17873 -2.43275e-005 0.999999 -0.0014813 -0.848353 0.0328373 0.0014813 0.99946 40.6377
0.999463 -3.07635e-005 -0.0327815 -1.23393 -3.07635e-005 0.999998 -0.00187638 -0.862413 0.0327815 0.00187638 0.999461 41.7731
0.999432 -9.06973e-005 -0.0337037 -1.27004 -9.06973e-005 0.999986 -0.00538048 -0.895053 0.0337037 0.00538048 0.999417 42.91
0.999432 -0.000156578 -0.0337025 -1.31541 -0.000156578 0.999957 -0.0092889 -0.92844 0.0337025 0.0092889 0.999389 44.0704
0.999444 -0.000162533 -0.0333396 -1.36574 -0.000162533 0.999952 -0.0097472 -0.961362 0.0333396 0.0097472 0.999397 45.2378
0.999447 -0.00011453 -0.0332541 -1.41405 -0.00011453 0.999976 -0.0068862 -0.996078 0.0332541 0.0068862 0.999423 46.4071
0.999485 -7.54676e-005 -0.0320876 -1.47455 -7.54676e-005 0.999989 -0.00470261 -1.01814 0.0320876 0.00470261 0.999474 47.5962
0.999465 -6.01849e-005 -0.0327158 -1.50209 -6.01849e-005 0.999993 -0.00367826 -1.03426 0.0327158 0.00367826 0.999458 48.7965
0.99951 -6.9609e-005 -0.031313 -1.56974 -6.9609e-005 0.99999 -0.00444491 -1.06613 0.031313 0.00444491 0.9995 49.9921
0.99948 -0.000104247 -0.0322385 -1.58675 -0.000104247 0.999979 -0.00646549 -1.08645 0.0322385 0.00646549 0.999459 51.2055
0.999521 -0.000135171 -0.0309474 -1.64906 -0.000135171 0.999962 -0.00873324 -1.12156 0.0309474 0.00873324 0.999483 52.4319
0.999533 -0.000170067 -0.0305447 -1.69613 -0.000170067 0.999938 -0.0111327 -1.16607 0.0305447 0.0111327 0.999471 53.6552
0.999524 -0.000227434 -0.0308504 -1.73235 -0.000227434 0.999891 -0.01474 -1.20386 0.0308504 0.01474 0.999415 54.8659
0.99955 -0.000244474 -0.0299964 -1.78131 -0.000244474 0.999867 -0.0162955 -1.25082 0.0299964 0.0162955 0.999417 56.088
0.99954 -0.000215819 -0.0303234 -1.81915 -0.000215819 0.999899 -0.0142305 -1.28872 0.0303234 0.0142305 0.999439 57.2863
0.999544 -0.000130586 -0.0302064 -1.85141 -0.000130586 0.999963 -0.00864412 -1.31499 0.0302064 0.00864412 0.999506 58.4917
0.999558 -3.75192e-005 -0.0297403 -1.88929 -3.75192e-005 0.999997 -0.00252256 -1.33444 0.0297403 0.00252256 0.999554 59.6737
0.999569 -3.01024e-005 -0.0293472 -1.92612 -3.01024e-005 0.999998 -0.00205103 -1.34417 0.0293472 0.00205103 0.999567 60.8859
0.999583 -7.34154e-005 -0.0288828 -1.9682 -7.34154e-005 0.999987 -0.00508258 -1.36596 0.0288828 0.00508258 0.99957 62.0868
0.999561 -0.000122991 -0.029637 -1.99261 -0.000122991 0.999966 -0.00829784 -1.40635 0.029637 0.00829784 0.999526 63.2981
0.999589 -0.000176876 -0.028662 -2.05935 -0.000176876 0.999924 -0.0123392 -1.44653 0.028662 0.0123392 0.999513 64.5265
0.999576 -0.000240121 -0.0291149 -2.09479 -0.000240121 0.999864 -0.0164901 -1.49172 0.0291149 0.0164901 0.99944 65.7377
0.999575 -0.000249095 -0.029149 -2.11724 -0.000249095 0.999854 -0.0170863 -1.53825 0.029149 0.0170863 0.999429 66.9638
0.999611 -0.00018716 -0.0278941 -2.17845 -0.00018716 0.99991 -0.0134162 -1.57665 0.0278941 0.0134162 0.999521 68.1261
0.9996 -0.000158561 -0.028283 -2.20599 -0.000158561 0.999937 -0.0112099 -1.60119 0.028283 0.0112099 0.999537 69.2883
0.999598 -0.000147365 -0.0283593 -2.2391 -0.000147365 0.999946 -0.0103904 -1.62918 0.0283593 0.0103904 0.999544 70.4235
0.999571 -0.000123135 -0.0292815 -2.26675 -0.000123135 0.999965 -0.00840846 -1.69696 0.0292815 0.00840846 0.999536 71.5789
0.999639 -0.000112749 -0.0268529 -2.40862 -0.000112749 0.999965 -0.00839589 -1.68634 0.0268529 0.00839589 0.999604 72.725
0.999578 -8.59805e-005 -0.0290464 -2.36587 -8.59805e-005 0.999982 -0.00591892 -1.72801 0.0290464 0.00591892 0.999561 73.8916
0.999545 -5.23304e-005 -0.0301707 -2.39159 -5.23304e-005 0.999994 -0.00346815 -1.77849 0.0301707 0.00346815 0.999539 75.0656
0.999537 -7.31332e-005 -0.0304225 -2.49873 -7.31332e-005 0.999988 -0.00480669 -1.78786 0.0304225 0.00480669 0.999526 76.2419
0.99948 -0.000144406 -0.0322323 -2.47131 -0.000144406 0.99996 -0.00895782 -1.81799 0.0322323 0.00895782 0.99944 77.4249
0.999485 -0.000170722 -0.0320996 -2.5434 -0.000170722 0.999943 -0.0106339 -1.86842 0.0320996 0.0106339 0.999428 78.5748
0.99947 -0.000146082 -0.0325395 -2.6062 -0.000146082 0.99996 -0.00897616 -1.90073 0.0325395 0.00897616 0.99943 79.7398
0.999461 -7.96274e-005 -0.0328246 -2.66918 -7.96274e-005 0.999988 -0.00485036 -1.92057 0.0328246 0.00485036 0.999449 80.9496
0.999448 -1.04408e-005 -0.0332296 -2.7282 -1.04408e-005 1 -0.000628232 -1.94379 0.0332296 0.000628232 0.999448 82.1252
0.99941 -2.03226e-006 -0.0343389 -2.7595 -2.03226e-006 1 -0.00011833 -1.9548 0.0343389 0.00011833 0.99941 83.3304
0.999343 -2.56148e-005 -0.0362382 -2.79107 -2.56148e-005 0.999999 -0.00141323 -1.99382 0.0362382 0.00141323 0.999342 84.5411
0.999473 -2.75379e-005 -0.0324616 -2.98778 -2.75379e-005 0.999999 -0.00169619 -2.01901 0.0324616 0.00169619 0.999472 85.6641
0.999477 -4.70742e-005 -0.0323325 -3.02022 -4.70742e-005 0.999996 -0.00291111 -2.03603 0.0323325 0.00291111 0.999473 86.8827
0.999442 -3.54839e-005 -0.033391 -3.07041 -3.54839e-005 0.999998 -0.00212476 -2.06914 0.033391 0.00212476 0.99944 88.0544
0.999434 -1.07225e-005 -0.033641 -3.1208 -1.07225e-005 1 -0.000637284 -2.09631 0.033641 0.000637284 0.999434 89.2151
0.999398 3.22263e-005 -0.0346892 -3.1672 3.22263e-005 0.999998 0.00185744 -2.11852 0.0346892 -0.00185744 0.999396 90.3832
0.999344 5.48397e-005 -0.0362273 -3.19319 5.48397e-005 0.999995 0.00302653 -2.13988 0.0362273 -0.00302653 0.999339 91.3237
0.999312 5.98358e-005 -0.0370896 -3.264 5.98358e-005 0.999995 0.00322544 -2.15757 0.0370896 -0.00322544 0.999307 92.5202
0.999173 4.12317e-005 -0.0406613 -3.31899 4.12317e-005 0.999998 0.00202721 -2.17853 0.0406613 -0.00202721 0.999171 93.5694
0.998997 2.90131e-005 -0.0447723 -3.36167 2.90131e-005 0.999999 0.00129538 -2.20734 0.0447723 -0.00129538 0.998996 94.6227
0.998899 3.41231e-005 -0.0469116 -3.44644 3.41231e-005 0.999999 0.00145398 -2.22974 0.0469116 -0.00145398 0.998898 95.7302
0.9987 6.45158e-005 -0.0509738 -3.49997 6.45158e-005 0.999997 0.00252969 -2.2536 0.0509738 -0.00252969 0.998697 96.7652
0.998564 0.000100418 -0.0535732 -3.5777 0.000100418 0.999993 0.0037461 -2.27513 0.0535732 -0.0037461 0.998557 97.8163
0.998394 0.000175758 -0.0566589 -3.63271 0.000175758 0.999981 0.00619903 -2.31658 0.0566589 -0.00619903 0.998374 98.8148
0.998271 0.000189606 -0.0587722 -3.71981 0.000189606 0.999979 0.0064466 -2.31815 0.0587722 -0.0064466 0.998251 99.7969
0.998084 0.000221902 -0.0618683 -3.78605 0.000221902 0.999974 0.0071664 -2.33941 0.0618683 -0.0071664 0.998059 100.769
0.997983 0.000187842 -0.0634857 -3.89254 0.000187842 0.999983 0.00591158 -2.3567 0.0634857 -0.00591158 0.997965 101.696
0.997735 8.59867e-005 -0.0672711 -3.91516 8.59867e-005 0.999997 0.00255352 -2.38361 0.0672711 -0.00255352 0.997731 102.593
0.99754 -8.76095e-006 -0.0701016 -3.98811 -8.76095e-006 1 -0.000249643 -2.42295 0.0701016 0.000249643 0.99754 103.387
0.997455 -0.000114685 -0.0712936 -4.07534 -0.000114685 0.999995 -0.00321314 -2.43506 0.0712936 0.00321314 0.99745 104.119
0.997256 -0.000132694 -0.0740319 -4.09997 -0.000132694 0.999994 -0.00357986 -2.46561 0.0740319 0.00357986 0.997249 104.968
0.99744 -0.000108913 -0.0715146 -4.20796 -0.000108913 0.999995 -0.00304198 -2.48662 0.0715146 0.00304198 0.997435 105.69
0.997578 -4.92456e-005 -0.0695554 -4.23907 -4.92456e-005 0.999999 -0.0014143 -2.50041 0.0695554 0.0014143 0.997577 106.415
0.997959 1.17186e-005 -0.0638568 -4.29787 1.17186e-005 1 0.000366654 -2.51709 0.0638568 -0.000366654 0.997959 107.144
0.998408 7.29842e-005 -0.0563963 -4.32308 7.29842e-005 0.999997 0.0025862 -2.532 0.0563963 -0.0025862 0.998405 107.814
0.998904 0.000124173 -0.0468138 -4.35002 0.000124173 0.999986 0.00530204 -2.5442 0.0468138 -0.00530204 0.99889 108.458
0.999379 0.000117753 -0.0352416 -4.35076 0.000117753 0.999978 0.00668049 -2.55311 0.0352416 -0.00668049 0.999356 109.034
0.999759 7.8026e-005 -0.0219687 -4.33462 7.8026e-005 0.999975 0.00710243 -2.55911 0.0219687 -0.00710243 0.999733 109.488
0.999976 2.31401e-005 -0.00688265 -4.3201 2.31401e-005 0.999977 0.00672402 -2.57079 0.00688265 -0.00672402 0.999954 109.887
0.99994 -2.26423e-005 0.0109754 -4.29096 -2.26423e-005 0.999991 0.00412586 -2.58007 -0.0109754 -0.00412586 0.999931 110.308
0.999484 2.20743e-008 0.0321344 -4.2514 2.20743e-008 1 -1.37351e-006 -2.58795 -0.0321344 1.37351e-006 0.999484 110.658
0.998407 0.000116274 0.0564153 -4.20002 0.000116274 0.999992 -0.00411877 -2.59983 -0.0564153 0.00411877 0.998399 111.051
0.996525 0.000257857 0.0832967 -4.12012 0.000257857 0.999981 -0.00618047 -2.61154 -0.0832967 0.00618047 0.996506 111.456
0.993561 0.000374582 0.113294 -4.03347 0.000374582 0.999978 -0.00659119 -2.62279 -0.113294 0.00659119 0.99354 111.831
0.989361 0.000575758 0.14548 -3.93762 0.000575758 0.999969 -0.00787307 -2.62743 -0.14548 0.00787307 0.98933 112.192
0.983485 0.000779478 0.180985 -3.81 0.000779478 0.999963 -0.00854242 -2.64093 -0.180985 0.00854242 0.983449 112.573
0.975743 0.000889494 0.218918 -3.66648 0.000889494 0.999967 -0.00802757 -2.65129 -0.218918 0.00802757 0.97571 112.926
0.965913 0.00108711 0.258865 -3.51306 0.00108711 0.999965 -0.00825576 -2.66091 -0.258865 0.00825576 0.965878 113.268
0.953817 0.00141119 0.300383 -3.34353 0.00141119 0.999957 -0.00917878 -2.67283 -0.300383 0.00917878 0.953774 113.612
0.938741 0.00184843 0.344619 -3.16759 0.00184843 0.999944 -0.0103985 -2.68265 -0.344619 0.0103985 0.938685 113.929
0.921418 0.0019224 0.388568 -2.96169 0.0019224 0.999953 -0.00950577 -2.69026 -0.388568 0.00950577 0.921371 114.241
0.901412 0.00180793 0.432959 -2.74015 0.00180793 0.999967 -0.0079397 -2.69922 -0.432959 0.0079397 0.901379 114.543
0.87834 0.00202048 0.478033 -2.51308 0.00202048 0.999966 -0.00793897 -2.71018 -0.478033 0.00793897 0.878306 114.828
0.854273 0.0025865 0.519818 -2.25039 0.0025865 0.999954 -0.00922623 -2.7223 -0.519818 0.00922623 0.854227 115.089
0.826917 0.00373366 0.562312 -1.98852 0.00373366 0.999919 -0.0121299 -2.73974 -0.562312 0.0121299 0.826836 115.352
0.796845 0.00571537 0.604157 -1.71632 0.00571537 0.999839 -0.0169968 -2.75491 -0.604157 0.0169968 0.796684 115.599
0.76391 0.00838507 0.645269 -1.42818 0.00838507 0.999702 -0.0229176 -2.76235 -0.645269 0.0229176 0.763612 115.827
0.727074 0.0109088 0.686472 -1.13222 0.0109088 0.999564 -0.0274383 -2.78488 -0.686472 0.0274383 0.726638 116.049
0.689475 0.0122903 0.724205 -0.824301 0.0122903 0.999514 -0.0286633 -2.78881 -0.724205 0.0286633 0.688988 116.221
0.647984 0.0117343 0.761564 -0.514185 0.0117343 0.999609 -0.0253863 -2.80539 -0.761564 0.0253863 0.647593 116.369
0.606146 0.0110927 0.795276 -0.195267 0.0110927 0.999688 -0.0223985 -2.8122 -0.795276 0.0223985 0.605834 116.569
0.559947 0.0121252 0.82844 0.11909 0.0121252 0.999666 -0.0228268 -2.80712 -0.82844 0.0228268 0.559613 116.666
0.514379 0.0105697 0.857498 0.432948 0.0105697 0.99977 -0.0186638 -2.83397 -0.857498 0.0186638 0.514149 116.822
0.462524 0.0102099 0.886548 0.795277 0.0102099 0.999806 -0.0168408 -2.84892 -0.886548 0.0168408 0.46233 116.926
0.411956 0.0124598 0.911119 1.14507 0.0124598 0.999736 -0.0193053 -2.84927 -0.911119 0.0193053 0.411692 117.016
0.361892 0.0163413 0.932077 1.49263 0.0163413 0.999582 -0.0238696 -2.85011 -0.932077 0.0238696 0.361474 117.055
0.310808 0.0210314 0.95024 1.89209 0.0210314 0.999358 -0.0289976 -2.8679 -0.95024 0.0289976 0.310166 117.116
0.264413 0.0219751 0.964159 2.24869 0.0219751 0.999344 -0.0288036 -2.87898 -0.964159 0.0288036 0.263756 117.225
0.222925 0.0182463 0.974665 2.63724 0.0182463 0.999572 -0.0228858 -2.8999 -0.974665 0.0228858 0.222496 117.195
0.187399 0.0140916 0.982183 3.02729 0.0140916 0.999756 -0.0170323 -2.9092 -0.982183 0.0170323 0.187155 117.219
0.156737 0.0116893 0.987571 3.4268 0.0116893 0.999838 -0.0136896 -2.91221 -0.987571 0.0136896 0.156575 117.247
0.129137 0.0142898 0.991524 3.83255 0.0142898 0.999766 -0.0162697 -2.92913 -0.991524 0.0162697 0.128902 117.253
0.104015 0.0203825 0.994367 4.26245 0.0203825 0.999536 -0.0226206 -2.92933 -0.994367 0.0226206 0.103551 117.279
0.0806472 0.0247552 0.996435 4.70604 0.0247552 0.999333 -0.0268308 -2.93349 -0.996435 0.0268308 0.0799806 117.294
0.0577189 0.0228364 0.998072 5.13075 0.0228364 0.999447 -0.0241885 -2.95054 -0.998072 0.0241885 0.0571655 117.291
0.0376631 0.0153929 0.999172 5.59556 0.0153929 0.999754 -0.0159821 -2.96522 -0.999172 0.0159821 0.0374169 117.256
0.019949 0.0109669 0.999741 6.09309 0.0109669 0.999877 -0.0111873 -2.98015 -0.999741 0.0111873 0.0198263 117.243
0.00522349 0.012044 0.999914 6.60815 0.012044 0.999854 -0.0121062 -2.99209 -0.999914 0.0121062 0.00507767 117.234
-0.00547739 0.0143599 0.999882 7.13864 0.0143599 0.999795 -0.01428 -3.00215 -0.999882 0.01428 -0.00568248 117.217
-0.0118528 0.012741 0.999849 7.67157 0.012741 0.99984 -0.0125898 -3.02342 -0.999849 0.0125898 -0.0120132 117.191
-0.0144402 0.00603215 0.999878 8.22856 0.00603215 0.999964 -0.00594555 -3.0301 -0.999878 0.00594555 -0.014476 117.169
-0.0143805 0.0048943 0.999885 8.80759 0.0048943 0.999976 -0.00482436 -3.02347 -0.999885 0.00482436 -0.0144041 117.174
-0.0129158 0.00576768 0.9999 9.40821 0.00576768 0.999967 -0.00569356 -3.02598 -0.9999 0.00569356 -0.0129487 117.168
-0.0114723 0.0108591 0.999875 10.0318 0.0108591 0.999883 -0.0107346 -3.03813 -0.999875 0.0107346 -0.0115889 117.18
-0.009706 0.010158 0.999901 10.5624 0.010158 0.999898 -0.0100594 -3.05048 -0.999901 0.0100594 -0.00980819 117.17
-0.00849281 0.0106005 0.999908 11.2299 0.0106005 0.999889 -0.0105103 -3.06087 -0.999908 0.0105103 -0.00860423 117.166
-0.00771742 0.010726 0.999913 11.8966 0.010726 0.999886 -0.0106429 -3.07815 -0.999913 0.0106429 -0.00783158 117.168
-0.00794457 0.0132576 0.999881 12.5316 0.0132576 0.999826 -0.0131515 -3.1086 -0.999881 0.0131515 -0.00811895 117.19
-0.0067501 0.0118643 0.999907 13.2657 0.0118643 0.99986 -0.0117837 -3.10578 -0.999907 0.0117837 -0.00688992 117.179
-0.00789384 0.012087 0.999896 13.9901 0.012087 0.999855 -0.0119911 -3.12282 -0.999896 0.0119911 -0.0080388 117.181
-0.00849195 0.0149548 0.999852 14.7165 0.0149548 0.999778 -0.0148267 -3.14716 -0.999852 0.0148267 -0.00871371 117.159
-0.00964111 0.0159418 0.999826 15.5046 0.0159418 0.999748 -0.0157869 -3.16453 -0.999826 0.0157869 -0.00989282 117.173
-0.0110837 0.0133095 0.99985 16.296 0.0133095 0.999825 -0.0131617 -3.17867 -0.99985 0.0131617 -0.0112589 117.157
-0.0125585 0.0127266 0.99984 17.008 0.0127266 0.99984 -0.0125667 -3.1956 -0.99984 0.0125667 -0.0127185 117.156
-0.0142217 0.0148968 0.999788 17.8426 0.0148968 0.999781 -0.0146848 -3.22607 -0.999788 0.0146848 -0.0144405 117.16
-0.0155972 0.0179461 0.999717 18.6939 0.0179461 0.999683 -0.0176655 -3.23135 -0.999717 0.0176655 -0.0159143 117.156
-0.0162072 0.0177159 0.999712 19.4961 0.0177159 0.999691 -0.0174284 -3.27483 -0.999712 0.0174284 -0.016516 117.129
-0.0172726 0.0167114 0.999711 20.3769 0.0167114 0.999725 -0.0164229 -3.312 -0.999711 0.0164229 -0.0175471 117.118
-0.0194813 0.0212101 0.999585 21.2269 0.0212101 0.999559 -0.0207962 -3.33605 -0.999585 0.0207962 -0.0199226 117.13
-0.0194023 0.0237691 0.999529 22.0846 0.0237691 0.999446 -0.0233057 -3.36153 -0.999529 0.0233057 -0.0199565 117.1
-0.0207614 0.0265307 0.999432 22.9856 0.0265307 0.99931 -0.0259763 -3.37959 -0.999432 0.0259763 -0.0214509 117.118
-0.0197709 0.0291313 0.99938 23.6777 0.0291313 0.999168 -0.0285488 -3.40431 -0.99938 0.0285488 -0.020603 117.086
-0.0194917 0.0306509 0.99934 24.626 0.0306509 0.999078 -0.0300451 -3.42879 -0.99934 0.0300451 -0.0204132 117.073
-0.0197726 0.0296811 0.999364 25.5195 0.0296811 0.999136 -0.0290871 -3.48391 -0.999364 0.0290871 -0.0206365 117.082
-0.018194 0.0260511 0.999495 26.1802 0.0260511 0.999333 -0.0255727 -3.53807 -0.999495 0.0255727 -0.0188605 117.043
-0.0187832 0.0233739 0.99955 27.0529 0.0233739 0.999464 -0.0229326 -3.59007 -0.99955 0.0229326 -0.0193195 117.05
-0.0189725 0.027183 0.99945 27.9077 0.027183 0.999275 -0.0266623 -3.64643 -0.99945 0.0266623 -0.0196977 117.057
-0.016395 0.0194743 0.999676 28.6722 0.0194743 0.999627 -0.019154 -3.64243 -0.999676 0.019154 -0.0167681 117.022
-0.0163061 0.0182674 0.9997 29.5518 0.0182674 0.999672 -0.0179689 -3.64908 -0.9997 0.0179689 -0.0166344 117.009
-0.0163699 0.0175386 0.999712 30.3682 0.0175386 0.999697 -0.0172512 -3.68582 -0.999712 0.0172512 -0.0166726 116.997
-0.0160613 0.0216153 0.999637 31.2252 0.0216153 0.99954 -0.0212659 -3.72275 -0.999637 0.0212659 -0.0165211 116.98
-0.0192607 0.0248119 0.999507 32.1154 0.0248119 0.999396 -0.024331 -3.75826 -0.999507 0.024331 -0.0198647 116.981
-0.0212413 0.022142 0.999529 32.9794 0.022142 0.99952 -0.0216713 -3.79618 -0.999529 0.0216713 -0.0217214 116.96
-0.0223658 0.0256697 0.99942 33.8733 0.0256697 0.999355 -0.0250936 -3.84153 -0.99942 0.0250936 -0.0230104 116.919
-0.0251679 0.0259923 0.999345 34.7796 0.0259923 0.999341 -0.0253376 -3.88183 -0.999345 0.0253376 -0.0258269 116.925
-0.0268333 0.0285212 0.999233 35.6675 0.0285212 0.999208 -0.0277546 -3.91515 -0.999233 0.0277546 -0.0276255 116.891
-0.0284901 0.0280089 0.999202 36.5731 0.0280089 0.999237 -0.0272113 -3.95822 -0.999202 0.0272113 -0.0292529 116.861
-0.0304489 0.0285083 0.99913 37.496 0.0285083 0.999211 -0.0276418 -4.00109 -0.99913 0.0276418 -0.0312376 116.83
-0.0317098 0.027298 0.999124 38.4108 0.027298 0.999278 -0.0264359 -4.03183 -0.999124 0.0264359 -0.0324321 116.794
-0.0327564 0.0288712 0.999046 39.3221 0.0288712 0.999193 -0.0279288 -4.08485 -0.999046 0.0279288 -0.0335635 116.759
-0.0342906 0.0273559 0.999037 40.2461 0.0273559 0.999276 -0.0264235 -4.12392 -0.999037 0.0264235 -0.0350141 116.722
-0.0356463 0.025978 0.999027 41.16 0.025978 0.999348 -0.0250594 -4.16532 -0.999027 0.0250594 -0.0362979 116.694
-0.0366187 0.0279751 0.998938 42.0626 0.0279751 0.999245 -0.0269582 -4.20766 -0.998938 0.0269582 -0.0373737 116.659
-0.0376648 0.0285694 0.998882 42.9978 0.0285694 0.999213 -0.0275016 -4.23945 -0.998882 0.0275016 -0.0384514 116.632
-0.0384298 0.0302613 0.998803 43.9146 0.0302613 0.999118 -0.0291065 -4.29124 -0.998803 0.0291065 -0.0393117 116.601
-0.0391421 0.0302696 0.998775 44.8253 0.0302696 0.999118 -0.0290938 -4.33136 -0.998775 0.0290938 -0.0400239 116.57
-0.0444356 0.0245005 0.998712 45.7379 0.0245005 0.999425 -0.0234279 -4.44718 -0.998712 0.0234279 -0.0450103 116.634
-0.0422316 0.0279965 0.998716 46.6348 0.0279965 0.999248 -0.0268276 -4.44991 -0.998716 0.0268276 -0.0429836 116.55
-0.0426958 0.0310486 0.998606 47.5345 0.0310486 0.999075 -0.0297357 -4.52753 -0.998606 0.0297357 -0.0436204 116.532
-0.0425969 0.0297053 0.998651 48.4484 0.0297053 0.999154 -0.0284532 -4.57885 -0.998651 0.0284532 -0.0434433 116.475
-0.0412631 0.0304112 0.998685 49.3151 0.0304112 0.999112 -0.0291677 -4.61151 -0.998685 0.0291677 -0.0421513 116.421
-0.0415612 0.0276857 0.998752 50.169 0.0276857 0.999264 -0.0265478 -4.64691 -0.998752 0.0265478 -0.0422971 116.376
-0.0413806 0.0329496 0.9986 51.0381 0.0329496 0.998957 -0.031596 -4.69285 -0.9986 0.031596 -0.0424231 116.354
-0.0431267 0.0377427 0.998356 51.9112 0.0377427 0.998634 -0.0361228 -4.68886 -0.998356 0.0361228 -0.0444923 116.38
-0.0408349 0.0320888 0.998651 52.7597 0.0320888 0.999011 -0.0307883 -4.73015 -0.998651 0.0307883 -0.0418242 116.298
-0.0409117 0.0315733 0.998664 53.5624 0.0315733 0.999042 -0.0302919 -4.80462 -0.998664 0.0302919 -0.0418694 116.247
-0.0439176 0.038428 0.998296 54.2682 0.038428 0.998585 -0.0367486 -4.92536 -0.998296 0.0367486 -0.0453322 116.221
-0.0500421 0.0406871 0.997918 55.1203 0.0406871 0.998423 -0.0386674 -4.90307 -0.997918 0.0386674 -0.0516187 116.202
-0.055791 0.0367852 0.997765 55.9129 0.0367852 0.998718 -0.0347635 -4.95677 -0.997765 0.0347635 -0.0570726 116.134
-0.0624917 0.0352001 0.997425 56.6775 0.0352001 0.998834 -0.0330444 -5.0176 -0.997425 0.0330444 -0.0636579 116.067
-0.0701023 0.0366743 0.996865 57.4988 0.0366743 0.998743 -0.0341643 -5.05085 -0.996865 0.0341643 -0.0713592 116.009
-0.0758232 0.0404955 0.996299 58.269 0.0404955 0.998476 -0.0375021 -5.09247 -0.996299 0.0375021 -0.0773475 115.946
-0.0813354 0.0421037 0.995797 59.0266 0.0421037 0.998361 -0.0387731 -5.13595 -0.995797 0.0387731 -0.0829748 115.876
-0.0858575 0.0452139 0.995281 59.7994 0.0452139 0.998117 -0.0414424 -5.17091 -0.995281 0.0414424 -0.0877401 115.811
-0.089889 0.0484023 0.994775 60.5561 0.0484023 0.99785 -0.0441782 -5.21438 -0.994775 0.0441782 -0.0920385 115.745
-0.0918482 0.0477927 0.994625 61.2992 0.0477927 0.997908 -0.043537 -5.25396 -0.994625 0.043537 -0.0939402 115.664
-0.0939366 0.045144 0.994554 62.0728 0.045144 0.998137 -0.0410427 -5.28429 -0.994554 0.0410427 -0.0957996 115.592
-0.0951555 0.047503 0.994328 62.8304 0.047503 0.99794 -0.0431296 -5.33328 -0.994328 0.0431296 -0.097216 115.52
-0.0968682 0.0494423 0.994068 63.5976 0.0494423 0.997771 -0.0448085 -5.36562 -0.994068 0.0448085 -0.0990968 115.452
-0.097491 0.0460967 0.994168 64.393 0.0460967 0.998064 -0.0417569 -5.41114 -0.994168 0.0417569 -0.0994272 115.37
-0.098934 0.03956 0.994307 65.1853 0.03956 0.998576 -0.0357936 -5.46869 -0.994307 0.0357936 -0.100358 115.289
-0.0999077 0.031288 0.994505 65.9795 0.031288 0.99911 -0.0282897 -5.52268 -0.994505 0.0282897 -0.100798 115.194
-0.100616 0.0304209 0.99446 66.7809 0.0304209 0.999159 -0.0274867 -5.56079 -0.99446 0.0274867 -0.101457 115.114
-0.101752 0.0345321 0.99421 67.5766 0.0345321 0.998918 -0.0311614 -5.59868 -0.99421 0.0311614 -0.102834 115.056
-0.100955 0.0344584 0.994294 68.3696 0.0344584 0.998921 -0.0311201 -5.62592 -0.994294 0.0311201 -0.102034 114.974
-0.101104 0.0320067 0.994361 69.1764 0.0320067 0.99907 -0.0289039 -5.64985 -0.994361 0.0289039 -0.102034 114.886
-0.101841 0.0310485 0.994316 70.0009 0.0310485 0.999125 -0.0280185 -5.69631 -0.994316 0.0280185 -0.102716 114.804
-0.103479 0.0329156 0.994087 70.8493 0.0329156 0.999018 -0.0296525 -5.73187 -0.994087 0.0296525 -0.10446 114.72
-0.0986509 0.0295753 0.994683 71.6166 0.0295753 0.999204 -0.0267765 -5.80239 -0.994683 0.0267765 -0.0994471 114.416
-0.110573 0.0328856 0.993324 72.5071 0.0328856 0.999026 -0.0294137 -5.83926 -0.993324 0.0294137 -0.111547 114.618
-0.108674 0.0306915 0.993604 73.3808 0.0306915 0.99915 -0.027506 -5.88871 -0.993604 0.027506 -0.109524 114.403
-0.111651 0.0332545 0.993191 74.2401 0.0332545 0.999005 -0.0297108 -5.94066 -0.993191 0.0297108 -0.112646 114.346
-0.113715 0.0347777 0.992905 75.1409 0.0347777 0.998914 -0.0310051 -5.96172 -0.992905 0.0310051 -0.114801 114.244
-0.114861 0.0343277 0.992788 76.021 0.0343277 0.998943 -0.030569 -6.03222 -0.992788 0.030569 -0.115918 114.143
-0.114354 0.033607 0.992871 76.9105 0.033607 0.998986 -0.0299433 -6.06232 -0.992871 0.0299433 -0.115367 114.031
-0.115224 0.034528 0.992739 77.783 0.034528 0.998931 -0.0307358 -6.09773 -0.992739 0.0307358 -0.116293 113.911
-0.11614 0.0359903 0.992581 78.6562 0.0359903 0.998839 -0.0320061 -6.1571 -0.992581 0.0320061 -0.117301 113.825
-0.118058 0.0379829 0.99228 79.5459 0.0379829 0.99871 -0.0337099 -6.17865 -0.99228 0.0337099 -0.119349 113.74
-0.118337 0.0408512 0.992133 80.4049 0.0408512 0.998508 -0.0362412 -6.22078 -0.992133 0.0362412 -0.119829 113.622
-0.120648 0.0394099 0.991913 81.2855 0.0394099 0.998614 -0.0348827 -6.26598 -0.991913 0.0348827 -0.122034 113.513
-0.123006 0.0384799 0.99166 82.15 0.0384799 0.998681 -0.0339793 -6.30379 -0.99166 0.0339793 -0.124324 113.413
-0.12411 0.0370245 0.991577 82.9986 0.0370245 0.998781 -0.0326593 -6.34609 -0.991577 0.0326593 -0.12533 113.284
-0.126073 0.0362265 0.991359 83.8869 0.0362265 0.998835 -0.0318926 -6.39947 -0.991359 0.0318926 -0.127239 113.183
-0.12621 0.0306511 0.99153 84.756 0.0306511 0.999166 -0.0269856 -6.4389 -0.99153 0.0269856 -0.127044 113.05
-0.128019 0.0283584 0.991366 85.6415 0.0283584 0.999287 -0.0249229 -6.48223 -0.991366 0.0249229 -0.128732 112.944
-0.128113 0.0272165 0.991386 86.544 0.0272165 0.999343 -0.0239178 -6.53152 -0.991386 0.0239178 -0.128769 112.834
-0.127373 0.0225322 0.991599 87.4297 0.0225322 0.99955 -0.0198186 -6.56549 -0.991599 0.0198186 -0.127823 112.708
-0.127957 0.0263249 0.99143 88.3168 0.0263249 0.999386 -0.0231386 -6.58228 -0.99143 0.0231386 -0.128572 112.579
-0.127802 0.0260846 0.991457 89.216 0.0260846 0.999397 -0.0229311 -6.61637 -0.991457 0.0229311 -0.128406 112.498
-0.125264 0.0268902 0.991759 90.118 0.0268902 0.999357 -0.0236998 -6.64474 -0.991759 0.0236998 -0.125907 112.38
-0.124324 0.0279458 0.991848 91.0226 0.0279458 0.999305 -0.024653 -6.67531 -0.991848 0.024653 -0.125019 112.278
-0.122285 0.0274515 0.992115 91.9413 0.0274515 0.999329 -0.0242675 -6.70834 -0.992115 0.0242675 -0.122956 112.179
-0.120607 0.0299896 0.992247 92.8825 0.0299896 0.999197 -0.0265545 -6.74732 -0.992247 0.0265545 -0.121409 112.081
-0.119408 0.0280459 0.992449 93.8272 0.0280459 0.999297 -0.024865 -6.78732 -0.992449 0.024865 -0.120111 111.978
-0.118025 0.0264292 0.992659 94.7852 0.0264292 0.999375 -0.0234657 -6.84395 -0.992659 0.0234657 -0.11865 111.869
-0.116844 0.0241132 0.992857 95.7488 0.0241132 0.999479 -0.0214363 -6.8973 -0.992857 0.0214363 -0.117365 111.759
-0.115032 0.0298302 0.992914 96.7197 0.0298302 0.999202 -0.0265632 -6.94673 -0.992914 0.0265632 -0.11583 111.665
-0.114085 0.0276122 0.993087 97.6899 0.0276122 0.999316 -0.0246133 -6.96406 -0.993087 0.0246133 -0.114769 111.551
-0.113376 0.0276228 0.993168 98.6532 0.0276228 0.999315 -0.0246405 -7.01526 -0.993168 0.0246405 -0.114061 111.454
-0.112515 0.0263521 0.993301 99.634 0.0263521 0.999376 -0.0235282 -7.04474 -0.993301 0.0235282 -0.113139 111.337
-0.112457 0.0297245 0.993212 100.6 0.0297245 0.999206 -0.0265383 -7.07463 -0.993212 0.0265383 -0.113251 111.254
