0.999026 5.83018e-005 0.0441271 0.0540845 5.83018e-005 0.999997 -0.00264115 -0.0125194 -0.0441271 0.00264115 0.999022 1.15199
0.996021 0.00032411 0.0891211 0.10824 0.00032411 0.999974 -0.0072589 -0.0276442 -0.0891211 0.0072589 0.995994 1.75292
0.990961 0.000775 0.134148 0.198439 0.000775 0.999934 -0.0115018 -0.0413144 -0.134148 0.0115018 0.990895 2.40009
0.983591 0.00131264 0.18041 0.318034 0.00131264 0.999895 -0.0144315 -0.0603884 -0.18041 0.0144315 0.983486 3.09315
0.974181 0.00158902 0.225762 0.495886 0.00158902 0.999902 -0.0138945 -0.0864093 -0.225762 0.0138945 0.974083 3.82497
0.962306 0.00228443 0.271958 0.620211 0.00228443 0.999862 -0.0164821 -0.102919 -0.271958 0.0164821 0.962168 4.22197
0.948947 0.00292401 0.315421 0.771417 0.00292401 0.999833 -0.0180655 -0.119981 -0.315421 0.0180655 0.94878 4.66279
0.933941 0.00366208 0.357409 0.9757 0.00366208 0.999797 -0.0198135 -0.130134 -0.357409 0.0198135 0.933738 5.13689
0.917046 0.00423849 0.39876 1.21765 0.00423849 0.999783 -0.0203743 -0.152186 -0.39876 0.0203743 0.916829 5.64848
0.897647 0.00458267 0.440691 1.49418 0.00458267 0.999795 -0.0197312 -0.178003 -0.440691 0.0197312 0.897442 6.1987
0.875771 0.00516237 0.482699 1.81013 0.00516237 0.999785 -0.0200587 -0.201038 -0.482699 0.0200587 0.875557 6.78492
0.852369 0.00495948 0.522918 2.07789 0.00495948 0.999833 -0.0175667 -0.231583 -0.522918 0.0175667 0.852202 7.21025
0.826782 0.00553086 0.562495 2.38502 0.00553086 0.999823 -0.0179605 -0.251836 -0.562495 0.0179605 0.826605 7.6703
0.799774 0.00544823 0.600276 2.7387 0.00544823 0.999852 -0.0163338 -0.263106 -0.600276 0.0163338 0.799626 8.1592
0.770998 0.0066445 0.636803 3.15395 0.0066445 0.999807 -0.0184768 -0.28528 -0.636803 0.0184768 0.770805 8.66335
0.740394 0.0059687 0.672147 3.62162 0.0059687 0.999863 -0.0154536 -0.32101 -0.672147 0.0154536 0.740256 9.1877
0.708615 0.00657801 0.705565 4.15672 0.00657801 0.999852 -0.0159281 -0.348737 -0.705565 0.0159281 0.708466 9.7175
0.674322 0.00693478 0.738405 4.70843 0.00693478 0.999852 -0.0157231 -0.374346 -0.738405 0.0157231 0.674174 10.3011
0.603061 0.00856118 0.797649 5.03702 0.00856118 0.999815 -0.0172037 -0.393883 -0.797649 0.0172037 0.602876 10.535
0.603061 0.00856118 0.797649 5.36562 0.00856118 0.999815 -0.0172037 -0.41342 -0.797649 0.0172037 0.602876 10.7689
0.527004 0.0094974 0.84981 5.53812 0.0094974 0.999809 -0.0170635 -0.419396 -0.84981 0.0170635 0.526813 10.8776
0.527004 0.0094974 0.84981 5.71061 0.0094974 0.999809 -0.0170635 -0.425372 -0.84981 0.0170635 0.526813 10.9863
0.489213 0.00842284 0.872124 6.19466 0.00842284 0.999861 -0.0143813 -0.448203 -0.872124 0.0143813 0.489074 11.2655
0.450631 0.00709687 0.892682 6.87577 0.00709687 0.999908 -0.0115319 -0.468255 -0.892682 0.0115319 0.450539 11.607
0.415026 0.00402094 0.909801 7.6568 0.00402094 0.999972 -0.00625371 -0.497956 -0.909801 0.00625371 0.414998 11.9497
0.380124 0.00471796 0.924924 8.50371 0.00471796 0.999964 -0.00703972 -0.508575 -0.924924 0.00703972 0.380088 12.2641
0.346757 0.00381516 0.937947 9.3396 0.00381516 0.999978 -0.00547792 -0.52086 -0.937947 0.00547792 0.346734 12.6119
0.279102 0.00499506 0.960248 10.2485 0.00499506 0.999965 -0.00665351 -0.523173 -0.960248 0.00665351 0.279068 12.9064
0.279102 0.00499506 0.960248 11.1574 0.00499506 0.999965 -0.00665351 -0.525486 -0.960248 0.00665351 0.279068 13.2009
0.24716 0.0071134 0.968949 12.0932 0.0071134 0.999933 -0.00915536 -0.538671 -0.968949 0.00915536 0.247093 13.4598
0.215945 0.00845942 0.976369 13.0636 0.00845942 0.999909 -0.0105344 -0.553063 -0.976369 0.0105344 0.215853 13.6801
0.185232 0.00831061 0.98266 14.0404 0.00831061 0.999915 -0.0100231 -0.571163 -0.98266 0.0100231 0.185148 13.8665
0.154399 0.0078124 0.987978 15.037 0.0078124 0.999928 -0.0091278 -0.586716 -0.987978 0.0091278 0.154327 14.0215
0.124191 0.00853696 0.992222 16.06 0.00853696 0.999917 -0.00967169 -0.604608 -0.992222 0.00967169 0.124107 14.1512
0.0949053 0.00928065 0.995443 17.1371 0.00928065 0.999905 -0.0102071 -0.620608 -0.995443 0.0102071 0.0948102 14.2302
0.0668134 0.00848825 0.997729 18.1922 0.00848825 0.999923 -0.00907533 -0.634623 -0.997729 0.00907533 0.0667362 14.3144
0.0424184 0.00318906 0.999095 19.2498 0.00318906 0.999989 -0.00332731 -0.651824 -0.999095 0.00332731 0.0424078 14.3315
0.0192796 0.000147941 0.999814 20.3014 0.000147941 1 -0.000150821 -0.663276 -0.999814 0.000150821 0.0192796 14.3525
-0.00107061 -0.00478727 0.999988 21.3292 -0.00478727 0.999977 0.00478209 -0.679347 -0.999988 -0.00478209 -0.0010935 14.3372
-0.018502 -0.0101382 0.999777 22.3808 -0.0101382 0.999899 0.00995183 -0.682277 -0.999777 -0.00995183 -0.018603 14.3212
-0.033719 -0.0147491 0.999323 23.4532 -0.0147491 0.99979 0.0142583 -0.670983 -0.999323 -0.0142583 -0.0339294 14.2874
-0.0482159 -0.0165162 0.9987 24.5508 -0.0165162 0.99974 0.015736 -0.669128 -0.9987 -0.015736 -0.0484762 14.2211
-0.0611655 -0.0188034 0.997951 25.6985 -0.0188034 0.999667 0.0176833 -0.655369 -0.997951 -0.0176833 -0.0614987 14.1568
-0.0733444 -0.019512 0.997116 26.871 -0.019512 0.999645 0.0181263 -0.649675 -0.997116 -0.0181263 -0.0736991 14.0738
-0.0842271 -0.0209389 0.996227 28.0601 -0.0209389 0.999596 0.0192394 -0.640111 -0.996227 -0.0192394 -0.0846315 13.9655
-0.0938941 -0.0223527 0.995331 29.2438 -0.0223527 0.999543 0.0203387 -0.631936 -0.995331 -0.0203387 -0.0943509 13.8343
-0.104588 -0.020951 0.994295 30.4589 -0.020951 0.999603 0.0188591 -0.609626 -0.994295 -0.0188591 -0.104985 13.7251
-0.112112 -0.0216412 0.99346 31.684 -0.0216412 0.999579 0.0193323 -0.590228 -0.99346 -0.0193323 -0.112533 13.5919
-0.11749 -0.0206306 0.99286 32.8321 -0.0206306 0.999619 0.0183298 -0.565869 -0.99286 -0.0183298 -0.117871 13.4127
-0.121087 -0.0233744 0.992367 34.0251 -0.0233744 0.999513 0.0206906 -0.531747 -0.992367 -0.0206906 -0.121575 13.2377
-0.125135 -0.0230516 0.991872 35.2285 -0.0230516 0.999528 0.0203213 -0.498721 -0.991872 -0.0203213 -0.125607 13.0809
-0.124754 -0.0282299 0.991786 36.4496 -0.0282299 0.999291 0.0248926 -0.466669 -0.991786 -0.0248926 -0.125463 12.8545
-0.127531 -0.0261942 0.991489 37.6846 -0.0261942 0.999391 0.0230337 -0.417669 -0.991489 -0.0230337 -0.12814 12.6716
-0.129771 -0.028242 0.991142 38.7762 -0.028242 0.999294 0.0247766 -0.396595 -0.991142 -0.0247766 -0.130477 12.4633
-0.132016 -0.0268198 0.990885 39.9264 -0.0268198 0.999365 0.0234761 -0.365939 -0.990885 -0.0234761 -0.132651 12.305
-0.133833 -0.0329584 0.990456 41.1273 -0.0329584 0.999042 0.0287907 -0.339138 -0.990456 -0.0287907 -0.134791 12.147
-0.133833 -0.0329584 0.990456 42.3281 -0.0329584 0.999042 0.0287907 -0.312336 -0.990456 -0.0287907 -0.134791 11.9891
-0.131119 -0.0334992 0.990801 43.5291 -0.0334992 0.999008 0.0293435 -0.249516 -0.990801 -0.0293435 -0.132111 11.689
-0.130343 -0.0320859 0.99095 44.8085 -0.0320859 0.999089 0.0281291 -0.222073 -0.99095 -0.0281291 -0.131253 11.5309
-0.130343 -0.0320859 0.99095 46.088 -0.0320859 0.999089 0.0281291 -0.19463 -0.99095 -0.0281291 -0.131253 11.3728
-0.129149 -0.0304344 0.991158 47.4224 -0.0304344 0.99918 0.0267151 -0.159868 -0.991158 -0.0267151 -0.129969 11.199
-0.129872 -0.025479 0.991203 48.7672 -0.025479 0.999425 0.022352 -0.0810838 -0.991203 -0.022352 -0.130446 11.0625
-0.129471 -0.0236335 0.991302 49.6691 -0.0236335 0.999505 0.0207424 -0.0546691 -0.991302 -0.0207424 -0.129965 10.9669
-0.129655 -0.0222733 0.991309 50.6199 -0.0222733 0.999561 0.0195455 -0.0329203 -0.991309 -0.0195455 -0.130095 10.8569
-0.131211 -0.024813 0.991044 51.6173 -0.024813 0.999456 0.0217385 -0.0104915 -0.991044 -0.0217385 -0.131756 10.7183
-0.13077 -0.0204565 0.991202 52.6713 -0.0204565 0.99963 0.0179316 0.013508 -0.991202 -0.0179316 -0.13114 10.6371
-0.130263 -0.0224222 0.991226 53.77 -0.0224222 0.999555 0.019664 0.0360417 -0.991226 -0.019664 -0.130708 10.5013
-0.128586 -0.0262122 0.991352 54.916 -0.0262122 0.999391 0.0230248 0.0518958 -0.991352 -0.0230248 -0.129195 10.3409
-0.127889 -0.0256605 0.991456 56.1087 -0.0256605 0.999416 0.0225565 0.0770541 -0.991456 -0.0225565 -0.128473 10.1548
-0.127525 -0.0280707 0.991438 57.3558 -0.0280707 0.999301 0.0246827 0.0943675 -0.991438 -0.0246827 -0.128224 9.996
-0.127063 -0.0266844 0.991536 58.6532 -0.0266844 0.999368 0.0234757 0.12062 -0.991536 -0.0234757 -0.127695 9.83776
-0.127654 -0.0250499 0.991502 59.998 -0.0250499 0.999444 0.0220254 0.152538 -0.991502 -0.0220254 -0.12821 9.65649
-0.129076 -0.0220816 0.991389 61.3968 -0.0220816 0.999568 0.0193888 0.179847 -0.991389 -0.0193888 -0.129508 9.50389
-0.127896 -0.0259407 0.991448 62.8453 -0.0259407 0.999403 0.0228025 0.185082 -0.991448 -0.0228025 -0.128492 9.34422
-0.128796 -0.026378 0.99132 64.3447 -0.026378 0.999384 0.0231654 0.213244 -0.99132 -0.0231654 -0.129412 9.1919
-0.128986 -0.0254156 0.991321 65.8905 -0.0254156 0.999428 0.0223165 0.219456 -0.991321 -0.0223165 -0.129558 9.00297
-0.126502 -0.0270522 0.991597 67.4786 -0.0270522 0.99935 0.0238126 0.208797 -0.991597 -0.0238126 -0.127152 8.75555
-0.126699 -0.0264694 0.991588 69.118 -0.0264694 0.999378 0.0232953 0.233911 -0.991588 -0.0232953 -0.127321 8.51375
-0.125729 -0.0288654 0.991645 70.8114 -0.0288654 0.99926 0.0254273 0.25146 -0.991645 -0.0254273 -0.12647 8.24438
-0.12788 -0.0259265 0.991451 72.5635 -0.0259265 0.999404 0.0227904 0.285585 -0.991451 -0.0227904 -0.128476 8.03607
-0.130174 -0.022053 0.991246 74.3448 -0.022053 0.99957 0.0193421 0.302946 -0.991246 -0.0193421 -0.130605 7.87781
-0.127933 -0.02434 0.991484 76.156 -0.02434 0.999475 0.0213955 0.332352 -0.991484 -0.0213955 -0.128458 7.6385
-0.133115 -0.023834 0.990814 78.0285 -0.023834 0.999499 0.0208408 0.376378 -0.990814 -0.0208408 -0.133616 7.51168
-0.140871 -0.0246081 0.989722 79.9447 -0.0246081 0.999469 0.0213479 0.391963 -0.989722 -0.0213479 -0.141402 7.30633
-0.140871 -0.0246081 0.989722 81.8609 -0.0246081 0.999469 0.0213479 0.407548 -0.989722 -0.0213479 -0.141402 7.10099
-0.147292 -0.0270038 0.988724 83.6585 -0.0270038 0.999364 0.0232716 0.396458 -0.988724 -0.0232716 -0.147928 7.05172
-0.155256 -0.0220803 0.987627 85.4744 -0.0220803 0.999578 0.0188765 0.433795 -0.987627 -0.0188765 -0.155678 6.70885
-0.155256 -0.0220803 0.987627 87.2903 -0.0220803 0.999578 0.0188765 0.471132 -0.987627 -0.0188765 -0.155678 6.36599
-0.159414 -0.0211387 0.986985 89.3546 -0.0211387 0.999615 0.017995 0.505001 -0.986985 -0.017995 -0.1598 5.97968
-0.168231 -0.0135168 0.985655 91.3568 -0.0135168 0.999844 0.0114043 0.53093 -0.985655 -0.0114043 -0.168388 5.74031
-0.175773 -0.0094037 0.984386 93.3695 -0.0094037 0.999925 0.00787301 0.563331 -0.984386 -0.00787301 -0.175848 5.45998
-0.187519 -0.00249206 0.982258 95.401 -0.00249206 0.999995 0.00206131 0.561891 -0.982258 -0.00206131 -0.187524 5.24595
-0.199759 0.0018878 0.979843 97.461 0.0018878 0.999997 -0.00154177 0.560092 -0.979843 0.00154177 -0.199762 4.87778
-0.199759 0.0018878 0.979843 99.521 0.0018878 0.999997 -0.00154177 0.558293 -0.979843 0.00154177 -0.199762 4.50961
-0.207167 0.00389491 0.978298 101.529 0.00389491 0.999987 -0.00315647 0.540202 -0.978298 0.00315647 -0.207179 4.19373
-0.211213 0.00389328 0.977432 103.469 0.00389328 0.999987 -0.00314182 0.521228 -0.977432 0.00314182 -0.211226 3.76783
-0.218186 0.000717373 0.975907 105.388 0.000717373 1 -0.000574698 0.498785 -0.975907 0.000574698 -0.218186 3.41328
-0.229902 0.00250136 0.973211 107.343 0.00250136 0.999995 -0.0019793 0.488571 -0.973211 0.0019793 -0.229907 2.98065
-0.229902 0.00250136 0.973211 109.298 0.00250136 0.999995 -0.0019793 0.478357 -0.973211 0.0019793 -0.229907 2.54802
-0.234541 0.00867427 0.972067 111.284 0.00867427 0.999939 -0.00683005 0.484124 -0.972067 0.00683005 -0.234602 2.04684
-0.242742 0.002215 0.970088 113.34 0.002215 0.999996 -0.00172904 0.454475 -0.970088 0.00172904 -0.242746 1.63002
-0.223767 -0.036367 0.973964 115.143 -0.036367 0.998919 0.0289435 0.403264 -0.973964 -0.0289435 -0.224848 0.74489
-0.223767 -0.036367 0.973964 116.947 -0.036367 0.998919 0.0289435 0.352054 -0.973964 -0.0289435 -0.224848 -0.140242
-0.229488 -0.0422749 0.972393 119.005 -0.0422749 0.998546 0.0334349 0.387782 -0.972393 -0.0334349 -0.230942 -0.639798
-0.229488 -0.0422749 0.972393 121.064 -0.0422749 0.998546 0.0334349 0.423511 -0.972393 -0.0334349 -0.230942 -1.13935
-0.238866 -0.0317252 0.970534 123.208 -0.0317252 0.999188 0.0248537 0.481164 -0.970534 -0.0248537 -0.239678 -1.60634
-0.238866 -0.0317252 0.970534 125.353 -0.0317252 0.999188 0.0248537 0.538817 -0.970534 -0.0248537 -0.239678 -2.07332
-0.245557 -0.0293685 0.968937 127.525 -0.0293685 0.999308 0.0228462 0.610603 -0.968937 -0.0228462 -0.246249 -2.54471
-0.248913 -0.0279155 0.968123 129.544 -0.0279155 0.999376 0.0216394 0.638093 -0.968123 -0.0216394 -0.249537 -3.11648
-0.258921 -0.0216634 0.965656 131.602 -0.0216634 0.999627 0.0166169 0.675558 -0.965656 -0.0166169 -0.259294 -3.73175
-0.258921 -0.0216634 0.965656 133.66 -0.0216634 0.999627 0.0166169 0.713023 -0.965656 -0.0166169 -0.259294 -4.34702
-0.261634 -0.0222713 0.96491 135.671 -0.0222713 0.999607 0.0170333 0.719276 -0.96491 -0.0170333 -0.262028 -4.86369
-0.266587 -0.0200536 0.963602 137.727 -0.0200536 0.999682 0.0152565 0.735913 -0.963602 -0.0152565 -0.266905 -5.40696
-0.271078 -0.0197527 0.962355 139.829 -0.0197527 0.999693 0.0149551 0.749108 -0.962355 -0.0149551 -0.271385 -5.96877
-0.275124 -0.0219819 0.961157 141.961 -0.0219819 0.999621 0.0165694 0.750111 -0.961157 -0.0165694 -0.275503 -6.5549
-0.278089 -0.0237996 0.96026 144.128 -0.0237996 0.999557 0.0178813 0.775596 -0.96026 -0.0178813 -0.278532 -7.19858
-0.277195 -0.0273199 0.960425 146.151 -0.0273199 0.999416 0.020544 0.830258 -0.960425 -0.020544 -0.27778 -8.02237
-0.283275 -0.0286205 0.958612 148.303 -0.0286205 0.999362 0.0213796 0.818347 -0.958612 -0.0213796 -0.283913 -8.62262
-0.283275 -0.0286205 0.958612 150.455 -0.0286205 0.999362 0.0213796 0.806437 -0.958612 -0.0213796 -0.283913 -9.22288
-0.290998 -0.0255582 0.956382 152.84 -0.0255582 0.999494 0.0189337 0.849917 -0.956382 -0.0189337 -0.291504 -9.96567
-0.290998 -0.0255582 0.956382 155.225 -0.0255582 0.999494 0.0189337 0.893398 -0.956382 -0.0189337 -0.291504 -10.7085
-0.293892 -0.0255195 0.955498 157.687 -0.0255195 0.999497 0.0188453 0.977523 -0.955498 -0.0188453 -0.294396 -11.6306
-0.301259 -0.0239676 0.953241 160.103 -0.0239676 0.999559 0.0175575 0.988813 -0.953241 -0.0175575 -0.3017 -12.3733
-0.301259 -0.0239676 0.953241 162.519 -0.0239676 0.999559 0.0175575 1.0001 -0.953241 -0.0175575 -0.3017 -13.116
-0.304236 -0.0257116 0.95225 164.713 -0.0257116 0.999493 0.0187726 0.983162 -0.95225 -0.0187726 -0.304743 -13.6901
-0.306791 -0.0217902 0.951528 166.914 -0.0217902 0.999637 0.0158663 1.00714 -0.951528 -0.0158663 -0.307154 -14.4172
-0.311503 -0.0327021 0.949682 169.183 -0.0327021 0.999185 0.0236802 1.01466 -0.949682 -0.0236802 -0.312318 -15.0927
-0.311503 -0.0327021 0.949682 171.452 -0.0327021 0.999185 0.0236802 1.02219 -0.949682 -0.0236802 -0.312318 -15.7682
-0.315212 -0.0332386 0.948439 173.708 -0.0332386 0.99916 0.0239694 1.08328 -0.948439 -0.0239694 -0.316052 -16.4761
-0.322376 -0.032359 0.946058 175.913 -0.032359 0.999208 0.0231504 1.12114 -0.946058 -0.0231504 -0.323168 -17.1832
-0.322376 -0.032359 0.946058 178.117 -0.032359 0.999208 0.0231504 1.159 -0.946058 -0.0231504 -0.323168 -17.8902
-0.326124 -0.0296733 0.944861 180.424 -0.0296733 0.999336 0.0211422 1.19834 -0.944861 -0.0211422 -0.326788 -18.6657
-0.327122 -0.0328361 0.944411 182.676 -0.0328361 0.999188 0.023367 1.19154 -0.944411 -0.023367 -0.327935 -19.449
-0.331141 -0.0298313 0.94311 184.837 -0.0298313 0.999331 0.0211354 1.19777 -0.94311 -0.0211354 -0.331809 -20.1266
-0.337334 -0.0201625 0.941169 186.996 -0.0201625 0.999696 0.0141897 1.24323 -0.941169 -0.0141897 -0.337638 -20.8819
-0.340577 -0.0213545 0.939974 189.003 -0.0213545 0.99966 0.0149732 1.23175 -0.939974 -0.0149732 -0.340918 -21.4917
-0.341531 -0.0253712 0.939528 191.018 -0.0253712 0.99952 0.0177684 1.23773 -0.939528 -0.0177684 -0.342011 -22.234
-0.345929 -0.0247455 0.937934 193.089 -0.0247455 0.999545 0.0172443 1.26284 -0.937934 -0.0172443 -0.346384 -22.9668
-0.349809 -0.0236634 0.936522 195.217 -0.0236634 0.999585 0.0164181 1.26098 -0.936522 -0.0164181 -0.350224 -23.6912
-0.353866 -0.0221254 0.935034 197.299 -0.0221254 0.999638 0.0152807 1.25838 -0.935034 -0.0152807 -0.354227 -24.4379
-0.356422 -0.0215875 0.934076 199.403 -0.0215875 0.999656 0.0148659 1.27924 -0.934076 -0.0148659 -0.356766 -25.2713
-0.358393 -0.0215522 0.933322 201.558 -0.0215522 0.999658 0.014808 1.29545 -0.933322 -0.014808 -0.358735 -26.1093
-0.361193 -0.0259695 0.93213 203.767 -0.0259695 0.999505 0.0177836 1.32328 -0.93213 -0.0177836 -0.361688 -26.9471
-0.364 -0.027435 0.930995 206.029 -0.027435 0.999448 0.0187257 1.33597 -0.930995 -0.0187257 -0.364552 -27.7879
-0.367696 -0.0234326 0.929651 208.334 -0.0234326 0.999599 0.0159276 1.36264 -0.929651 -0.0159276 -0.368098 -28.6548
-0.367216 -0.0259148 0.929775 210.607 -0.0259148 0.999509 0.0176233 1.38144 -0.929775 -0.0176233 -0.367707 -29.7244
-0.372297 -0.0252824 0.927769 211.764 -0.0252824 0.999534 0.0170927 1.39485 -0.927769 -0.0170927 -0.372763 -30.2193
-0.372297 -0.0252824 0.927769 212.921 -0.0252824 0.999534 0.0170927 1.40825 -0.927769 -0.0170927 -0.372763 -30.7142
-0.376623 -0.020173 0.926147 214.942 -0.020173 0.999704 0.0135717 1.42562 -0.926147 -0.0135717 -0.376919 -31.5288
-0.378522 -0.020064 0.925375 216.975 -0.020064 0.999708 0.0134686 1.41793 -0.925375 -0.0134686 -0.378814 -32.422
-0.381695 -0.0194789 0.924083 219.079 -0.0194789 0.999725 0.0130276 1.43093 -0.924083 -0.0130276 -0.381969 -33.275
-0.386136 -0.0158472 0.922306 221.221 -0.0158472 0.999819 0.0105444 1.46093 -0.922306 -0.0105444 -0.386317 -34.0893
-0.39206 -0.00395295 0.919931 223.372 -0.00395295 0.999989 0.00261227 1.4854 -0.919931 -0.00261227 -0.392071 -34.9631
-0.394621 -0.0051726 0.918829 225.551 -0.0051726 0.999981 0.00340791 1.47616 -0.918829 -0.00340791 -0.394641 -35.8978
-0.397205 -0.00514122 0.917715 227.73 -0.00514122 0.999981 0.00337686 1.47056 -0.917715 -0.00337686 -0.397224 -36.9251
-0.40059 -0.00738661 0.916228 229.966 -0.00738661 0.999961 0.00483212 1.43629 -0.916228 -0.00483212 -0.400629 -37.891
-0.403127 -0.0109958 0.915078 232.231 -0.0109958 0.999914 0.00717115 1.41619 -0.915078 -0.00717115 -0.403213 -38.9156
-0.40514 -0.0196678 0.914043 234.535 -0.0196678 0.999725 0.0127939 1.38461 -0.914043 -0.0127939 -0.405415 -39.913
-0.409225 -0.0170103 0.912275 235.682 -0.0170103 0.999795 0.0110118 1.39107 -0.912275 -0.0110118 -0.40943 -40.4346
-0.412789 -0.0167747 0.910672 236.879 -0.0167747 0.999801 0.0108128 1.39128 -0.910672 -0.0108128 -0.412988 -40.9658
-0.41642 -0.0128116 0.909082 238.108 -0.0128116 0.999884 0.00822273 1.39534 -0.909082 -0.00822273 -0.416536 -41.5465
-0.42442 -0.0171004 0.905304 239.405 -0.0171004 0.999795 0.0108683 1.37827 -0.905304 -0.0108683 -0.424626 -42.0981
-0.42442 -0.0171004 0.905304 240.703 -0.0171004 0.999795 0.0108683 1.36121 -0.905304 -0.0108683 -0.424626 -42.6497
-0.426356 -0.0180311 0.904376 242.519 -0.0180311 0.999772 0.0114325 1.39336 -0.904376 -0.0114325 -0.426584 -43.6085
-0.427842 -0.0286261 0.9034 244.408 -0.0286261 0.999426 0.0181118 1.40505 -0.9034 -0.0181118 -0.428416 -44.5354
-0.432571 -0.0280785 0.901162 246.385 -0.0280785 0.99945 0.0176629 1.40905 -0.901162 -0.0176629 -0.433121 -45.3889
-0.435822 -0.0305856 0.899513 248.375 -0.0305856 0.999348 0.0191613 1.4437 -0.899513 -0.0191613 -0.436474 -46.3366
-0.437107 -0.0370721 0.898645 250.386 -0.0370721 0.999044 0.0231817 1.48723 -0.898645 -0.0231817 -0.438063 -47.3544
-0.436101 -0.0385185 0.899073 252.327 -0.0385185 0.998967 0.0241146 1.58373 -0.899073 -0.0241146 -0.437134 -48.5913
-0.444644 -0.0415715 0.894742 253.385 -0.0415715 0.998804 0.0257474 1.60425 -0.894742 -0.0257474 -0.44584 -49.0524
-0.444644 -0.0415715 0.894742 254.443 -0.0415715 0.998804 0.0257474 1.62477 -0.894742 -0.0257474 -0.44584 -49.5135
-0.448529 -0.0410867 0.892823 254.946 -0.0410867 0.998835 0.0253244 1.64591 -0.892823 -0.0253244 -0.449694 -49.7986
-0.448529 -0.0410867 0.892823 255.45 -0.0410867 0.998835 0.0253244 1.66705 -0.892823 -0.0253244 -0.449694 -50.0836
-0.451987 -0.0356025 0.891314 257.665 -0.0356025 0.999127 0.0218548 1.72038 -0.891314 -0.0218548 -0.45286 -51.2381
-0.45451 -0.0395459 0.889863 259.957 -0.0395459 0.998925 0.024194 1.75034 -0.889863 -0.024194 -0.455585 -52.3683
-0.457215 -0.0441932 0.888258 262.311 -0.0441932 0.99866 0.0269384 1.75383 -0.888258 -0.0269384 -0.458555 -53.4482
-0.460089 -0.0443815 0.886763 264.57 -0.0443815 0.998651 0.0269544 1.82005 -0.886763 -0.0269544 -0.461438 -54.5928
-0.461597 -0.0359136 0.886362 266.788 -0.0359136 0.999118 0.0217792 1.89674 -0.886362 -0.0217792 -0.46248 -55.9175
-0.468722 -0.0340915 0.882688 269.156 -0.0340915 0.999209 0.0204887 1.94712 -0.882688 -0.0204887 -0.469513 -57.0677
-0.468722 -0.0340915 0.882688 271.525 -0.0340915 0.999209 0.0204887 1.99751 -0.882688 -0.0204887 -0.469513 -58.2179
-0.469612 -0.041267 0.881908 273.837 -0.041267 0.998841 0.0247642 2.03255 -0.881908 -0.0247642 -0.470771 -59.3992
-0.470346 -0.0439157 0.881389 276.154 -0.0439157 0.998688 0.026325 2.11696 -0.881389 -0.026325 -0.471658 -60.6755
-0.473383 -0.0487981 0.879504 278.563 -0.0487981 0.998384 0.029129 2.28626 -0.879504 -0.029129 -0.474999 -61.8748
-0.482285 -0.031631 0.875443 279.729 -0.031631 0.999325 0.0186814 2.33324 -0.875443 -0.0186814 -0.48296 -62.5541
-0.482285 -0.031631 0.875443 280.895 -0.031631 0.999325 0.0186814 2.38022 -0.875443 -0.0186814 -0.48296 -63.2335
-0.482551 -0.0365928 0.875103 282.77 -0.0365928 0.999097 0.0215996 2.33407 -0.875103 -0.0215996 -0.483455 -64.4717
-0.491476 -0.0343772 0.870212 284.084 -0.0343772 0.999208 0.0200576 2.35627 -0.870212 -0.0200576 -0.492269 -65.2108
-0.491476 -0.0343772 0.870212 285.398 -0.0343772 0.999208 0.0200576 2.37847 -0.870212 -0.0200576 -0.492269 -65.9499
-0.496088 -0.0323148 0.867671 287.132 -0.0323148 0.999302 0.0187413 2.39201 -0.867671 -0.0187413 -0.496786 -66.9593
-0.50121 -0.0319341 0.864736 288.52 -0.0319341 0.999321 0.0183949 2.41237 -0.864736 -0.0183949 -0.50189 -67.74
-0.504871 -0.0287393 0.862716 289.749 -0.0287393 0.999451 0.0164757 2.41509 -0.862716 -0.0164757 -0.50542 -68.4625
-0.509231 -0.0306261 0.860085 291.046 -0.0306261 0.999379 0.0174533 2.42944 -0.860085 -0.0174533 -0.509853 -69.1676
-0.514781 -0.0265666 0.85691 292.355 -0.0265666 0.999534 0.0150287 2.44855 -0.85691 -0.0150287 -0.515247 -69.8982
-0.518453 -0.0222121 0.854818 293.551 -0.0222121 0.999675 0.0125044 2.43764 -0.854818 -0.0125044 -0.518777 -70.6211
-0.526121 -0.0166734 0.850246 294.476 -0.0166734 0.999818 0.00928921 2.4252 -0.850246 -0.00928921 -0.526303 -71.2039
-0.526121 -0.0166734 0.850246 295.4 -0.0166734 0.999818 0.00928921 2.41275 -0.850246 -0.00928921 -0.526303 -71.7866
-0.530806 -0.0153657 0.847354 296.409 -0.0153657 0.999846 0.00850544 2.41104 -0.847354 -0.00850544 -0.530961 -72.4042
-0.535095 -0.0108826 0.844722 297.459 -0.0108826 0.999923 0.00598842 2.40389 -0.844722 -0.00598842 -0.535172 -73.0484
-0.53878 -0.00609313 0.842424 298.544 -0.00609313 0.999976 0.00333576 2.39357 -0.842424 -0.00333576 -0.538804 -73.735
-0.542122 -0.00522249 0.840284 299.656 -0.00522249 0.999982 0.00284568 2.38183 -0.840284 -0.00284568 -0.542139 -74.4383
-0.545362 -0.00329433 0.838194 300.774 -0.00329433 0.999993 0.00178682 2.38347 -0.838194 -0.00178682 -0.545369 -75.1412
-0.548653 -0.00289694 0.836045 301.872 -0.00289694 0.999995 0.00156392 2.36546 -0.836045 -0.00156392 -0.548658 -75.8063
-0.551513 0.000641089 0.834166 302.975 0.000641089 1 -0.00034468 2.35513 -0.834166 0.00034468 -0.551513 -76.5295
-0.556126 0.0087592 0.831052 304.13 0.0087592 0.999951 -0.00467787 2.33916 -0.831052 0.00467787 -0.556175 -77.2636
-0.559014 0.00804037 0.829119 305.309 0.00804037 0.999959 -0.00427605 2.33162 -0.829119 0.00427605 -0.559055 -78.0524
-0.559913 0.00905909 0.828502 306.506 0.00905909 0.999947 -0.00481147 2.31769 -0.828502 0.00481147 -0.559966 -78.9033
-0.581124 0.00903203 0.813765 307.192 0.00903203 0.999948 -0.00464856 2.25836 -0.813765 0.00464856 -0.581175 -79.1646
-0.581124 0.00903203 0.813765 307.878 0.00903203 0.999948 -0.00464856 2.19903 -0.813765 0.00464856 -0.581175 -79.4259
-0.587663 0.0430242 0.807961 308.18 0.0430242 0.998834 -0.021895 2.19439 -0.807961 0.021895 -0.588829 -79.6397
-0.587663 0.0430242 0.807961 308.483 0.0430242 0.998834 -0.021895 2.18975 -0.807961 0.021895 -0.588829 -79.8535
-0.574515 -0.0417612 0.817428 309.352 -0.0417612 0.998892 0.0216808 2.40296 -0.817428 -0.0216808 -0.575622 -82.1287
-0.574515 -0.0417612 0.817428 310.221 -0.0417612 0.998892 0.0216808 2.61616 -0.817428 -0.0216808 -0.575622 -84.4039
-0.571546 -0.03895 0.819645 311.13 -0.03895 0.999035 0.0203145 2.61839 -0.819645 -0.0203145 -0.572511 -85.2239
-0.571546 -0.03895 0.819645 312.04 -0.03895 0.999035 0.0203145 2.62062 -0.819645 -0.0203145 -0.572511 -86.0438
-0.575034 -0.017732 0.817938 313.855 -0.017732 0.9998 0.00920848 2.65458 -0.817938 -0.00920848 -0.575233 -87.3217
-0.562951 -0.0227695 0.826177 316.028 -0.0227695 0.999668 0.012036 2.57654 -0.826177 -0.012036 -0.563282 -86.6725
-0.562951 -0.0227695 0.826177 318.202 -0.0227695 0.999668 0.012036 2.4985 -0.826177 -0.012036 -0.563282 -86.0232
-0.588431 0.000708093 0.808547 318.309 0.000708093 1 -0.000360435 3.11736 -0.808547 0.000360435 -0.588431 -89.2629
-0.588431 0.000708093 0.808547 318.415 0.000708093 1 -0.000360435 3.73622 -0.808547 0.000360435 -0.588431 -92.5026
-0.594838 0.0164848 0.803677 320.011 0.0164848 0.99983 -0.00830706 3.7339 -0.803677 0.00830706 -0.595008 -93.58
-0.594838 0.0164848 0.803677 321.608 0.0164848 0.99983 -0.00830706 3.73157 -0.803677 0.00830706 -0.595008 -94.6574
-0.584423 0.133856 0.800333 322.631 0.133856 0.988691 -0.0676142 3.78668 -0.800333 0.0676142 -0.595732 -96.2758
-0.584423 0.133856 0.800333 323.654 0.133856 0.988691 -0.0676142 3.84178 -0.800333 0.0676142 -0.595732 -97.8942
-0.578474 0.170213 0.797744 324.432 0.170213 0.981645 -0.086024 3.83506 -0.797744 0.086024 -0.596829 -98.832
-0.578474 0.170213 0.797744 325.21 0.170213 0.981645 -0.086024 3.82834 -0.797744 0.086024 -0.596829 -99.7697
-0.574578 0.216684 0.789245 325.983 0.216684 0.970181 -0.108611 3.73549 -0.789245 0.108611 -0.604397 -100.339
-0.574578 0.216684 0.789245 326.756 0.216684 0.970181 -0.108611 3.64265 -0.789245 0.108611 -0.604397 -100.908
-0.557163 0.272765 0.784327 327.951 0.272765 0.95222 -0.137389 3.46178 -0.784327 0.137389 -0.604943 -101.772
-0.539539 0.328182 0.775367 328.744 0.328182 0.930042 -0.165284 3.30965 -0.775367 0.165284 -0.609498 -102.356
-0.539539 0.328182 0.775367 329.537 0.328182 0.930042 -0.165284 3.15751 -0.775367 0.165284 -0.609498 -102.941
-0.537934 0.340735 0.771056 332.272 0.340735 0.924509 -0.17083 2.49131 -0.771056 0.17083 -0.613425 -104.662
-0.523348 0.380909 0.762244 334.856 0.380909 0.904755 -0.190597 1.89275 -0.762244 0.190597 -0.618593 -106.626
-0.523348 0.380909 0.762244 337.44 0.380909 0.904755 -0.190597 1.29418 -0.762244 0.190597 -0.618593 -108.59
-0.516221 0.402285 0.756097 339.735 0.402285 0.893265 -0.200608 0.623166 -0.756097 0.200608 -0.622956 -110.265
-0.488177 0.447158 0.749489 341.934 0.447158 0.865641 -0.225201 0.00199584 -0.749489 0.225201 -0.622536 -112.012
-0.475438 0.470367 0.743447 344.143 0.470367 0.850048 -0.237009 -0.714548 -0.743447 0.237009 -0.62539 -113.793
-0.439469 0.518738 0.733333 345.445 0.518738 0.813064 -0.264269 -1.11454 -0.733333 0.264269 -0.626406 -114.932
-0.439469 0.518738 0.733333 346.747 0.518738 0.813064 -0.264269 -1.51454 -0.733333 0.264269 -0.626406 -116.072
-0.381908 0.574941 0.723595 347.691 0.574941 0.760797 -0.30105 -1.74995 -0.723595 0.30105 -0.621111 -117.078
-0.269765 0.649971 0.710468 347.971 0.649971 0.667291 -0.363676 -1.49958 -0.710468 0.363676 -0.602474 -118.013
-0.269765 0.649971 0.710468 348.25 0.649971 0.667291 -0.363676 -1.24921 -0.710468 0.363676 -0.602474 -118.948
-0.265776 0.648171 0.713609 348.606 0.648171 0.668089 -0.365421 -1.43365 -0.713609 0.365421 -0.597687 -119.256
-0.265776 0.648171 0.713609 348.962 0.648171 0.668089 -0.365421 -1.61809 -0.713609 0.365421 -0.597687 -119.564
-0.28738 0.625836 0.72508 350.45 0.625836 0.695761 -0.352484 -2.42725 -0.72508 0.352484 -0.591619 -120.778
-0.28738 0.625836 0.72508 351.938 0.625836 0.695761 -0.352484 -3.23641 -0.72508 0.352484 -0.591619 -121.991
-0.273115 0.642127 0.716297 354.386 0.642127 0.676127 -0.361282 -4.72041 -0.716297 0.361282 -0.596988 -123.633
-0.231081 0.672141 0.70344 355.557 0.672141 0.633027 -0.384062 -5.35512 -0.70344 0.384062 -0.598054 -124.611
-0.231081 0.672141 0.70344 356.727 0.672141 0.633027 -0.384062 -5.98984 -0.70344 0.384062 -0.598054 -125.588
-0.294594 0.616615 0.730069 359.026 0.616615 0.706307 -0.347731 -7.33657 -0.730069 0.347731 -0.588288 -127.536
-0.294594 0.616615 0.730069 361.325 0.616615 0.706307 -0.347731 -8.68329 -0.730069 0.347731 -0.588288 -129.483
-0.349048 0.558202 0.752712 363.773 0.558202 0.76903 -0.311454 -9.82855 -0.752712 0.311454 -0.580018 -131.377
-0.349048 0.558202 0.752712 366.221 0.558202 0.76903 -0.311454 -10.9738 -0.752712 0.311454 -0.580018 -133.27
-0.349048 0.558202 0.752712 368.669 0.558202 0.76903 -0.311454 -12.1191 -0.752712 0.311454 -0.580018 -135.163
-0.349048 0.558202 0.752712 371.117 0.558202 0.76903 -0.311454 -13.2643 -0.752712 0.311454 -0.580018 -137.057
-0.343215 0.561818 0.752704 372.35 0.561818 0.765012 -0.314829 -13.7876 -0.752704 0.314829 -0.578204 -138.027
0.345064 0.78154 0.519737 374.88 0.78154 0.0673839 -0.620206 -14.9669 -0.519737 0.620206 -0.587552 -139.788
0.345064 0.78154 0.519737 377.41 0.78154 0.0673839 -0.620206 -16.1461 -0.519737 0.620206 -0.587552 -141.548
0.345064 0.78154 0.519737 379.94 0.78154 0.0673839 -0.620206 -17.3254 -0.519737 0.620206 -0.587552 -143.309
0.345064 0.78154 0.519737 382.469 0.78154 0.0673839 -0.620206 -18.5046 -0.519737 0.620206 -0.587552 -145.07
0.345064 0.78154 0.519737 384.999 0.78154 0.0673839 -0.620206 -19.6839 -0.519737 0.620206 -0.587552 -146.83
0.345064 0.78154 0.519737 387.529 0.78154 0.0673839 -0.620206 -20.8632 -0.519737 0.620206 -0.587552 -148.591
0.345064 0.78154 0.519737 390.059 0.78154 0.0673839 -0.620206 -22.0424 -0.519737 0.620206 -0.587552 -150.351
0.345064 0.78154 0.519737 392.589 0.78154 0.0673839 -0.620206 -23.2217 -0.519737 0.620206 -0.587552 -152.112
0.415925 0.756992 0.503955 393.685 0.756992 0.0189 -0.653151 -24.0272 -0.503955 0.653151 -0.565175 -153.416
0.415925 0.756992 0.503955 394.781 0.756992 0.0189 -0.653151 -24.8328 -0.503955 0.653151 -0.565175 -154.72
0.415925 0.756992 0.503955 395.877 0.756992 0.0189 -0.653151 -25.6384 -0.503955 0.653151 -0.565175 -156.025
0.415925 0.756992 0.503955 396.974 0.756992 0.0189 -0.653151 -26.444 -0.503955 0.653151 -0.565175 -157.329
0.34936 0.771582 0.531609 397.632 0.771582 0.0849946 -0.630426 -27.2749 -0.531609 0.630426 -0.565645 -158.091
0.34936 0.771582 0.531609 398.29 0.771582 0.0849946 -0.630426 -28.1057 -0.531609 0.630426 -0.565645 -158.853
0.417996 0.766616 0.487421 398.58 0.766616 -0.00978675 -0.642031 -29.1383 -0.487421 0.642031 -0.591791 -159.154
0.417996 0.766616 0.487421 398.871 0.766616 -0.00978675 -0.642031 -30.1709 -0.487421 0.642031 -0.591791 -159.455
0.417996 0.766616 0.487421 399.161 0.766616 -0.00978675 -0.642031 -31.2035 -0.487421 0.642031 -0.591791 -159.757
0.234448 0.799828 0.552548 400.072 0.799828 0.164361 -0.577287 -32.3391 -0.552548 0.577287 -0.601192 -160.918
0.234448 0.799828 0.552548 400.984 0.799828 0.164361 -0.577287 -33.4746 -0.552548 0.577287 -0.601192 -162.08
0.253255 0.796055 0.549689 401.575 0.796055 0.151378 -0.585987 -33.7639 -0.549689 0.585987 -0.595366 -162.742
0.253255 0.796055 0.549689 402.166 0.796055 0.151378 -0.585987 -34.0531 -0.549689 0.585987 -0.595366 -163.404
0.235379 0.795721 0.558054 402.97 0.795721 0.171913 -0.580752 -34.5488 -0.558054 0.580752 -0.592708 -164.305
0.235379 0.795721 0.558054 403.774 0.795721 0.171913 -0.580752 -35.0445 -0.558054 0.580752 -0.592708 -165.205
0.24726 0.7976 0.550178 403.898 0.7976 0.154865 -0.582967 -35.673 -0.550178 0.582967 -0.597874 -165.338
0.24726 0.7976 0.550178 404.023 0.7976 0.154865 -0.582967 -36.3016 -0.550178 0.582967 -0.597874 -165.472
0.238727 0.791004 0.563313 404.624 0.791004 0.178103 -0.585313 -36.3346 -0.563313 0.585313 -0.583169 -166.416
0.238727 0.791004 0.563313 405.226 0.791004 0.178103 -0.585313 -36.3676 -0.563313 0.585313 -0.583169 -167.36
0.173198 0.79157 0.58602 405.81 0.79157 0.242161 -0.561048 -36.7346 -0.58602 0.561048 -0.584641 -168.029
0.173198 0.79157 0.58602 406.394 0.79157 0.242161 -0.561048 -37.1015 -0.58602 0.561048 -0.584641 -168.699
-0.201262 0.710323 0.674488 407.7 0.710323 0.579976 -0.398834 -37.3518 -0.674488 0.398834 -0.621287 -170.046
-0.201262 0.710323 0.674488 409.007 0.710323 0.579976 -0.398834 -37.6021 -0.674488 0.398834 -0.621287 -171.393
-0.317317 0.64267 0.697341 409.76 0.64267 0.686465 -0.340207 -37.4721 -0.697341 0.340207 -0.630852 -172.692
-0.279876 0.660136 0.697058 410.582 0.660136 0.659514 -0.359529 -37.681 -0.697058 0.359529 -0.620362 -173.75
-0.279876 0.660136 0.697058 411.404 0.660136 0.659514 -0.359529 -37.89 -0.697058 0.359529 -0.620362 -174.809
-0.258453 0.679975 0.686175 411.862 0.679975 0.632592 -0.370758 -38.3214 -0.686175 0.370758 -0.625861 -175.068
-0.258453 0.679975 0.686175 412.32 0.679975 0.632592 -0.370758 -38.7528 -0.686175 0.370758 -0.625861 -175.327
-0.245777 0.681589 0.689225 412.533 0.681589 0.627089 -0.377088 -38.8756 -0.689225 0.377088 -0.618687 -175.566
-0.245777 0.681589 0.689225 412.746 0.681589 0.627089 -0.377088 -38.9983 -0.689225 0.377088 -0.618687 -175.804
-0.262456 0.670286 0.694142 413.078 0.670286 0.64412 -0.368547 -39.333 -0.694142 0.368547 -0.618336 -175.927
-0.262456 0.670286 0.694142 413.411 0.670286 0.64412 -0.368547 -39.6677 -0.694142 0.368547 -0.618336 -176.049
0.1611 0.754634 0.636062 414.89 0.754634 0.321168 -0.57217 -41.8834 -0.636062 0.57217 -0.517732 -177.997
0.1611 0.754634 0.636062 416.368 0.754634 0.321168 -0.57217 -44.0992 -0.636062 0.57217 -0.517732 -179.945
0.150897 0.756072 0.636856 417.743 0.756072 0.326767 -0.56708 -45.3868 -0.636856 0.56708 -0.522336 -181.08
0.150897 0.756072 0.636856 419.118 0.756072 0.326767 -0.56708 -46.6744 -0.636856 0.56708 -0.522336 -182.215
0.172698 0.75604 0.631331 420.301 0.75604 0.309083 -0.576949 -47.8042 -0.631331 0.576949 -0.518219 -183.553
0.215212 0.770868 0.599539 420.887 0.770868 0.242805 -0.588904 -49.2752 -0.599539 0.588904 -0.541982 -183.702
0.215212 0.770868 0.599539 421.474 0.770868 0.242805 -0.588904 -50.7462 -0.599539 0.588904 -0.541982 -183.851
0.165767 0.768639 0.617831 422.119 0.768639 0.291797 -0.569252 -51.6935 -0.617831 0.569252 -0.542436 -184.389
0.165767 0.768639 0.617831 422.764 0.768639 0.291797 -0.569252 -52.6408 -0.617831 0.569252 -0.542436 -184.926
0.122698 0.766608 0.630283 423.703 0.766608 0.330119 -0.550757 -53.7286 -0.630283 0.550757 -0.547183 -185.86
0.549527 0.68188 0.482763 424.944 0.68188 -0.0321597 -0.730757 -53.9271 -0.482763 0.730757 -0.482633 -187.096
0.549527 0.68188 0.482763 426.186 0.68188 -0.0321597 -0.730757 -54.1256 -0.482763 0.730757 -0.482633 -188.333
0.538245 0.681218 0.49622 426.823 0.681218 -0.00498818 -0.732063 -54.1325 -0.49622 0.732063 -0.466743 -188.949
0.544209 0.679592 0.491926 427.005 0.679592 -0.0132838 -0.73347 -54.4918 -0.491926 0.73347 -0.469075 -189.138
0.544209 0.679592 0.491926 427.187 0.679592 -0.0132838 -0.73347 -54.8512 -0.491926 0.73347 -0.469075 -189.327
0.544105 0.679891 0.491628 427.284 0.679891 -0.0139425 -0.733181 -55.0334 -0.491628 0.733181 -0.469837 -189.415
0.544105 0.679891 0.491628 427.381 0.679891 -0.0139425 -0.733181 -55.2157 -0.491628 0.733181 -0.469837 -189.504
0.528493 0.686651 0.499205 427.615 0.686651 3.76006e-005 -0.726988 -55.6046 -0.499205 0.726988 -0.471469 -189.731
0.528493 0.686651 0.499205 427.849 0.686651 3.76006e-005 -0.726988 -55.9935 -0.499205 0.726988 -0.471469 -189.959
0.566077 0.664838 0.487389 428.323 0.664838 -0.018635 -0.746755 -56.3044 -0.487389 0.746755 -0.452558 -190.42
0.566077 0.664838 0.487389 428.797 0.664838 -0.018635 -0.746755 -56.6153 -0.487389 0.746755 -0.452558 -190.881
0.518463 0.683285 0.514118 429.271 0.683285 0.03044 -0.729517 -57.3565 -0.514118 0.729517 -0.451097 -191.349
0.518463 0.683285 0.514118 429.744 0.683285 0.03044 -0.729517 -58.0978 -0.514118 0.729517 -0.451097 -191.817
0.434954 0.706474 0.558309 430.496 0.706474 0.116699 -0.698052 -59.1107 -0.558309 0.698052 -0.448346 -192.388
0.417405 0.710312 0.566771 430.874 0.710312 0.133973 -0.691019 -59.6148 -0.566771 0.691019 -0.448623 -192.685
0.407341 0.711994 0.571959 431.073 0.711994 0.144641 -0.687127 -59.8567 -0.571959 0.687127 -0.448017 -192.842
0.407341 0.711994 0.571959 431.272 0.711994 0.144641 -0.687127 -60.0985 -0.571959 0.687127 -0.448017 -192.999
0.351094 0.720127 0.598456 431.661 0.720127 0.200835 -0.66414 -60.5869 -0.598456 0.66414 -0.448071 -193.322
0.351094 0.720127 0.598456 432.05 0.720127 0.200835 -0.66414 -61.0754 -0.598456 0.66414 -0.448071 -193.644
0.205303 0.714781 0.668535 433.616 0.714781 0.357099 -0.601306 -63.0962 -0.668535 0.601306 -0.437598 -194.613
0.205303 0.714781 0.668535 435.181 0.714781 0.357099 -0.601306 -65.1171 -0.668535 0.601306 -0.437598 -195.582
0.172931 0.713834 0.678628 436.771 0.713834 0.383898 -0.585716 -66.6575 -0.678628 0.585716 -0.443171 -196.533
0.192887 0.714025 0.673026 437.561 0.714025 0.368328 -0.595402 -67.3416 -0.673026 0.595402 -0.438786 -197.139
0.211135 0.716467 0.664904 438.395 0.716467 0.349287 -0.603882 -68.1048 -0.664904 0.603882 -0.439578 -197.692
0.211135 0.716467 0.664904 439.23 0.716467 0.349287 -0.603882 -68.8679 -0.664904 0.603882 -0.439578 -198.244
0.189464 0.715851 0.672057 440.002 0.715851 0.367773 -0.593549 -69.5884 -0.672057 0.593549 -0.442763 -198.751
0.189464 0.715851 0.672057 440.774 0.715851 0.367773 -0.593549 -70.3089 -0.672057 0.593549 -0.442763 -199.259
0.11237 0.702254 0.703002 441.447 0.702254 0.444407 -0.556185 -70.6741 -0.703002 0.556185 -0.443222 -199.836
0.11237 0.702254 0.703002 442.12 0.702254 0.444407 -0.556185 -71.0393 -0.703002 0.556185 -0.443222 -200.414
0.115774 0.703317 0.701386 442.631 0.703317 0.440579 -0.557885 -71.4645 -0.701386 0.557885 -0.443647 -200.738
0.115774 0.703317 0.701386 443.142 0.703317 0.440579 -0.557885 -71.8898 -0.701386 0.557885 -0.443647 -201.062
0.129309 0.706676 0.695621 444.542 0.706676 0.426444 -0.564584 -73.1444 -0.695621 0.564584 -0.444248 -201.926
0.164552 0.71135 0.683304 445.431 0.71135 0.394315 -0.581805 -73.8706 -0.683304 0.581805 -0.441133 -202.524
0.164552 0.71135 0.683304 446.32 0.71135 0.394315 -0.581805 -74.5968 -0.683304 0.581805 -0.441133 -203.122
0.139191 0.708319 0.692034 447.758 0.708319 0.417158 -0.569441 -75.8669 -0.692034 0.569441 -0.44365 -204.025
0.136302 0.708466 0.692458 449.207 0.708466 0.418867 -0.568002 -77.1265 -0.692458 0.568002 -0.444831 -205.037
0.118035 0.705948 0.698359 449.946 0.705948 0.43494 -0.558985 -77.7676 -0.698359 0.558985 -0.447024 -205.511
0.118035 0.705948 0.698359 450.686 0.705948 0.43494 -0.558985 -78.4087 -0.698359 0.558985 -0.447024 -205.985
0.114451 0.705411 0.699497 451.062 0.705411 0.438083 -0.557206 -78.7226 -0.699497 0.557206 -0.447466 -206.229
0.0885594 0.700129 0.708503 451.478 0.700129 0.462192 -0.544241 -79.0615 -0.708503 0.544241 -0.449249 -206.493
0.0752762 0.695473 0.714598 451.992 0.695473 0.476943 -0.53744 -79.4269 -0.714598 0.53744 -0.44778 -206.871
0.0752762 0.695473 0.714598 452.507 0.695473 0.476943 -0.53744 -79.7923 -0.714598 0.53744 -0.44778 -207.249
0.0670707 0.693239 0.71758 452.77 0.693239 0.484869 -0.533218 -79.9876 -0.71758 0.533218 -0.44806 -207.424
0.0764793 0.696471 0.713498 453.072 0.696471 0.474758 -0.538083 -80.2213 -0.713498 0.538083 -0.448763 -207.604
0.0728072 0.695809 0.714527 453.333 0.695809 0.477833 -0.536215 -80.4279 -0.714527 0.536215 -0.44936 -207.77
0.0955538 0.702589 0.705151 453.786 0.702589 0.454217 -0.547773 -80.7845 -0.705151 0.547773 -0.450229 -208.048
0.0955538 0.702589 0.705151 454.239 0.702589 0.454217 -0.547773 -81.1412 -0.705151 0.547773 -0.450229 -208.326
0.0737952 0.69756 0.712716 454.463 0.69756 0.474641 -0.536774 -81.3315 -0.712716 0.536774 -0.451563 -208.459
