1 1.04742e-006 -0.000695241 -0.0242572 1.04742e-006 0.999995 0.00301311 -0.0218385 0.000695241 -0.00301311 0.999995 1.54604
0.999998 3.21019e-006 -0.00181832 -0.0378621 3.21019e-006 0.999994 0.00353093 -0.0341393 0.00181832 -0.00353093 0.999992 3.19244
1 1.28634e-006 -0.000778731 -0.123962 1.28634e-006 0.999995 0.00330367 -0.0429713 0.000778731 -0.00330367 0.999994 4.38686
1 1.38515e-006 -0.000955132 -0.0988061 1.38515e-006 0.999996 0.00290043 -0.0749555 0.000955132 -0.00290043 0.999995 6.28242
0.999998 3.23229e-006 -0.00176061 -0.177388 3.23229e-006 0.999993 0.00367176 -0.0962075 0.00176061 -0.00367176 0.999992 7.78772
0.999996 5.70178e-006 -0.00297357 -0.170796 5.70178e-006 0.999993 0.00383494 -0.116266 0.00297357 -0.00383494 0.999988 9.40411
0.999986 7.37792e-006 -0.00538006 -0.179117 7.37792e-006 0.999996 0.00274267 -0.126601 0.00538006 -0.00274267 0.999982 11.1181
0.99998 1.16666e-005 -0.0063789 -0.188335 1.16666e-005 0.999993 0.00365782 -0.166049 0.0063789 -0.00365782 0.999973 12.7079
0.999961 1.71475e-005 -0.0088228 -0.195644 1.71475e-005 0.999992 0.00388699 -0.185609 0.0088228 -0.00388699 0.999954 14.3798
0.999958 1.60969e-005 -0.00920362 -0.247365 1.60969e-005 0.999994 0.00349787 -0.193686 0.00920362 -0.00349787 0.999952 16.0233
0.999966 1.86799e-005 -0.0082585 -0.298448 1.86799e-005 0.99999 0.0045237 -0.226106 0.0082585 -0.0045237 0.999956 17.6904
0.999954 2.73735e-005 -0.00956363 -0.30192 2.73735e-005 0.999984 0.00572432 -0.244898 0.00956363 -0.00572432 0.999938 19.3092
0.99996 2.66444e-005 -0.00891234 -0.356066 2.66444e-005 0.999982 0.00597905 -0.245478 0.00891234 -0.00597905 0.999942 20.9304
0.999935 3.13761e-005 -0.0113861 -0.32811 3.13761e-005 0.999985 0.00551108 -0.236565 0.0113861 -0.00551108 0.99992 22.5588
0.99995 2.96302e-005 -0.0100352 -0.398078 2.96302e-005 0.999983 0.00590503 -0.267068 0.0100352 -0.00590503 0.999932 24.1405
0.999936 3.6021e-005 -0.0113261 -0.390366 3.6021e-005 0.99998 0.00636043 -0.267586 0.0113261 -0.00636043 0.999916 25.4667
0.999929 4.25382e-005 -0.0119036 -0.400124 4.25382e-005 0.999974 0.00714678 -0.267791 0.0119036 -0.00714678 0.999904 26.7871
0.999963 2.77457e-005 -0.0085916 -0.492735 2.77457e-005 0.999979 0.00645861 -0.302086 0.0085916 -0.00645861 0.999942 28.2806
0.999968 1.48961e-005 -0.00805164 -0.542155 1.48961e-005 0.999993 0.00370006 -0.296298 0.00805164 -0.00370006 0.999961 29.6555
0.999971 1.36911e-005 -0.00766142 -0.566831 1.36911e-005 0.999994 0.00357396 -0.31665 0.00766142 -0.00357396 0.999964 31.1323
0.999957 2.81202e-005 -0.00931753 -0.521444 2.81202e-005 0.999982 0.00603578 -0.331248 0.00931753 -0.00603578 0.999938 32.3036
0.999975 2.54862e-005 -0.00705368 -0.5886 2.54862e-005 0.999974 0.00722617 -0.336431 0.00705368 -0.00722617 0.999949 33.8094
0.999982 2.09759e-005 -0.005928 -0.615748 2.09759e-005 0.999975 0.00707675 -0.348137 0.005928 -0.00707675 0.999957 35.2459
0.999977 1.66834e-005 -0.00676397 -0.618491 1.66834e-005 0.999988 0.00493295 -0.35999 0.00676397 -0.00493295 0.999965 36.3408
0.999984 1.16843e-005 -0.00556812 -0.640477 1.16843e-005 0.999991 0.00419681 -0.372862 0.00556812 -0.00419681 0.999976 37.8949
0.999988 6.61127e-006 -0.00498234 -0.667923 6.61127e-006 0.999996 0.00265386 -0.376453 0.00498234 -0.00265386 0.999984 39.2185
0.999993 7.96523e-006 -0.0037272 -0.680383 7.96523e-006 0.999991 0.00427408 -0.406636 0.0037272 -0.00427408 0.999984 40.5984
0.999993 1.19837e-005 -0.00381195 -0.669025 1.19837e-005 0.99998 0.00628734 -0.424433 0.00381195 -0.00628734 0.999973 42.0434
0.999996 1.02984e-005 -0.00274037 -0.659426 1.02984e-005 0.999972 0.00751594 -0.43795 0.00274037 -0.00751594 0.999968 43.3874
1 3.09099e-006 -0.000812822 -0.671706 3.09099e-006 0.999971 0.00760547 -0.440295 0.000812822 -0.00760547 0.999971 44.5133
0.999986 -1.8049e-005 0.00531747 -0.777006 -1.8049e-005 0.999977 0.00678844 -0.447399 -0.00531747 -0.00678844 0.999963 45.9106
0.999964 -2.17738e-005 0.00853103 -0.7431 -2.17738e-005 0.999987 0.00510449 -0.469167 -0.00853103 -0.00510449 0.999951 47.1741
0.99993 -1.93101e-005 0.0118664 -0.73805 -1.93101e-005 0.999995 0.00325447 -0.486351 -0.0118664 -0.00325447 0.999924 48.483
0.99987 -3.20037e-005 0.0161134 -0.715429 -3.20037e-005 0.999992 0.00397205 -0.50418 -0.0161134 -0.00397205 0.999862 49.8456
0.999765 -4.00416e-005 0.021698 -0.698413 -4.00416e-005 0.999993 0.00369036 -0.517894 -0.021698 -0.00369036 0.999758 51.1265
0.999575 -3.06346e-005 0.0291555 -0.718293 -3.06346e-005 0.999998 0.00210101 -0.537033 -0.0291555 -0.00210101 0.999573 52.1266
0.99933 -4.57612e-005 0.0365971 -0.685799 -4.57612e-005 0.999997 0.00249997 -0.555727 -0.0365971 -0.00249997 0.999327 53.1819
0.999007 -6.96878e-005 0.0445609 -0.628453 -6.96878e-005 0.999995 0.0031262 -0.566162 -0.0445609 -0.0031262 0.999002 54.3841
0.998492 -0.000109411 0.0548929 -0.56448 -0.000109411 0.999992 0.00398332 -0.5815 -0.0548929 -0.00398332 0.998484 55.394
0.997733 -0.000126023 0.0672958 -0.500368 -0.000126023 0.999993 0.00374107 -0.593135 -0.0672958 -0.00374107 0.997726 56.2589
0.996569 -0.000171535 0.0827681 -0.427074 -0.000171535 0.999991 0.00413782 -0.607334 -0.0827681 -0.00413782 0.99656 57.3573
0.995199 -0.000268416 0.0978764 -0.322679 -0.000268416 0.999985 0.00547158 -0.618971 -0.0978764 -0.00547158 0.995184 58.195
0.99324 -0.000378846 0.116075 -0.200289 -0.000378846 0.999979 0.00650548 -0.633155 -0.116075 -0.00650548 0.993219 59.2838
0.990906 -0.000411542 0.134553 -0.0512781 -0.000411542 0.999981 0.0060893 -0.650544 -0.134553 -0.0060893 0.990888 60.3063
0.987893 -0.000426672 0.155138 0.115119 -0.000426672 0.999985 0.00546721 -0.65595 -0.155138 -0.00546721 0.987878 61.362
0.984547 -0.00053445 0.175117 0.345659 -0.00053445 0.999982 0.00605669 -0.668291 -0.175117 -0.00605669 0.984529 62.4434
0.980289 -0.000890998 0.197569 0.563222 -0.000890998 0.99996 0.00893056 -0.679831 -0.197569 -0.00893056 0.980248 63.5051
0.975373 -0.00128717 0.220558 0.826955 -0.00128717 0.999933 0.0115278 -0.691306 -0.220558 -0.0115278 0.975306 64.5816
0.969665 -0.0015555 0.244432 1.0983 -0.0015555 0.99992 0.0125339 -0.708677 -0.244432 -0.0125339 0.969585 65.6368
0.9631 -0.0016702 0.269139 1.42075 -0.0016702 0.999924 0.012182 -0.711269 -0.269139 -0.012182 0.963024 66.6828
0.955301 -0.00204068 0.295628 1.74862 -0.00204068 0.999907 0.0134965 -0.721206 -0.295628 -0.0134965 0.955208 67.7033
0.946682 -0.00266498 0.322159 2.13169 -0.00266498 0.999867 0.0161023 -0.717848 -0.322159 -0.0161023 0.946549 68.7249
0.936524 -0.00346069 0.350586 2.50516 -0.00346069 0.999811 0.0191139 -0.72989 -0.350586 -0.0191139 0.936335 69.7392
0.925633 -0.00390501 0.378403 2.95241 -0.00390501 0.999795 0.0198699 -0.722904 -0.378403 -0.0198699 0.925428 70.7289
0.913841 -0.00353577 0.406056 3.45187 -0.00353577 0.999855 0.0166637 -0.725181 -0.406056 -0.0166637 0.913696 71.7093
0.900639 -0.00292174 0.434559 3.94115 -0.00292174 0.999914 0.0127783 -0.730199 -0.434559 -0.0127783 0.900553 72.6814
0.886783 -0.00290604 0.462177 4.48971 -0.00290604 0.999925 0.0118631 -0.725063 -0.462177 -0.0118631 0.886708 73.6141
0.870638 -0.00354593 0.491911 5.02222 -0.00354593 0.999903 0.0134837 -0.738344 -0.491911 -0.0134837 0.870541 74.5385
0.852924 -0.00443862 0.522016 5.58769 -0.00443862 0.999866 0.015754 -0.732901 -0.522016 -0.015754 0.85279 75.404
0.832799 -0.00515714 0.553551 6.16546 -0.00515714 0.999841 0.0170737 -0.740015 -0.553551 -0.0170737 0.83264 76.2642
0.811557 -0.00340674 0.584263 6.80404 -0.00340674 0.999938 0.0105625 -0.736879 -0.584263 -0.0105625 0.811496 77.1024
0.789432 -0.000903479 0.613838 7.45012 -0.000903479 0.999996 0.00263377 -0.749179 -0.613838 -0.00263377 0.789428 77.9021
0.766936 -8.22061e-005 0.641723 8.13484 -8.22061e-005 1 0.000226348 -0.758624 -0.641723 -0.000226348 0.766936 78.6743
0.743335 -0.000828518 0.668919 8.83064 -0.000828518 0.999997 0.00215928 -0.759029 -0.668919 -0.00215928 0.743332 79.4164
0.719139 -0.0012646 0.694865 9.55612 -0.0012646 0.999994 0.00312869 -0.778979 -0.694865 -0.00312869 0.719134 80.115
0.694336 -0.000369227 0.719651 10.3055 -0.000369227 1 0.000869304 -0.779455 -0.719651 -0.000869304 0.694336 80.7707
0.667927 0.00022121 0.744227 11.073 0.00022121 1 -0.000495765 -0.808408 -0.744227 0.000495765 0.667927 81.4402
0.64054 0.00134591 0.767924 11.8587 0.00134591 0.999995 -0.0028753 -0.809122 -0.767924 0.0028753 0.640535 82.0846
0.612229 0.0019947 0.790678 12.6747 0.0019947 0.99999 -0.00406726 -0.815042 -0.790678 0.00406726 0.612219 82.7003
0.583533 0.00490074 0.812075 13.5199 0.00490074 0.999942 -0.00955602 -0.826429 -0.812075 0.00955602 0.583475 83.2776
0.553895 0.00867071 0.832542 14.3683 0.00867071 0.999831 -0.0161817 -0.866484 -0.832542 0.0161817 0.553726 83.8039
0.522569 0.0124164 0.852506 15.2308 0.0124164 0.999677 -0.0221709 -0.890713 -0.852506 0.0221709 0.522247 84.3271
0.490702 0.0158059 0.871184 16.1 0.0158059 0.999509 -0.027037 -0.917608 -0.871184 0.027037 0.490211 84.7981
0.459795 0.0172246 0.887858 16.9732 0.0172246 0.999451 -0.0283097 -0.914379 -0.887858 0.0283097 0.459246 85.1524
0.426435 0.0194578 0.904309 17.8358 0.0194578 0.99934 -0.030678 -0.971755 -0.904309 0.030678 0.425775 85.6207
0.391704 0.0233913 0.919794 18.7191 0.0233913 0.999101 -0.0353695 -0.991814 -0.919794 0.0353695 0.390804 85.9728
0.356236 0.0298662 0.933919 19.6493 0.0298662 0.998614 -0.0433274 -1.00623 -0.933919 0.0433274 0.354851 86.3278
0.321106 0.0350064 0.946396 20.5769 0.0350064 0.998195 -0.0487998 -1.04781 -0.946396 0.0487998 0.319301 86.6492
0.285096 0.0384377 0.957728 21.5177 0.0384377 0.997933 -0.0514934 -1.10416 -0.957728 0.0514934 0.283029 86.9057
0.248774 0.0419743 0.967652 22.4727 0.0419743 0.997655 -0.054067 -1.15461 -0.967652 0.054067 0.246428 87.1418
0.212743 0.042902 0.976166 23.4282 0.042902 0.997662 -0.0531968 -1.21951 -0.976166 0.0531968 0.210405 87.3317
0.176144 0.0467454 0.983254 24.3778 0.0467454 0.997348 -0.0557897 -1.31454 -0.983254 0.0557897 0.173492 87.5056
0.141402 0.0404123 0.989127 25.3655 0.0404123 0.998098 -0.046556 -1.35069 -0.989127 0.046556 0.1395 87.597
0.106951 0.0428552 0.99334 26.3435 0.0428552 0.997943 -0.047668 -1.42398 -0.99334 0.047668 0.104895 87.6873
0.0744737 0.0440364 0.99625 27.3406 0.0440364 0.997905 -0.0474014 -1.4717 -0.99625 0.0474014 0.0723784 87.7318
0.0456179 0.0387264 0.998208 28.3537 0.0387264 0.998429 -0.0405047 -1.52889 -0.998208 0.0405047 0.0440465 87.7203
0.0189845 0.0406766 0.998992 29.4083 0.0406766 0.998313 -0.041422 -1.58968 -0.998992 0.041422 0.0172979 87.7259
-0.00287632 0.0386851 0.999247 30.417 0.0386851 0.998508 -0.0385451 -1.61817 -0.999247 0.0385451 -0.00436856 87.7419
-0.0219073 0.040557 0.998937 31.4946 0.040557 0.99839 -0.0396453 -1.66882 -0.998937 0.0396453 -0.0235169 87.6919
-0.0379635 0.0379922 0.998557 32.5806 0.0379922 0.998609 -0.0365498 -1.72426 -0.998557 0.0365498 -0.0393541 87.6336
-0.0529749 0.0361865 0.99794 33.6482 0.0361865 0.998756 -0.0342952 -1.77543 -0.99794 0.0342952 -0.0542185 87.5556
-0.0656788 0.0316076 0.99734 34.7538 0.0316076 0.999063 -0.0295807 -1.81919 -0.99734 0.0295807 -0.0666163 87.4882
-0.0748406 0.0249766 0.996883 35.8199 0.0249766 0.99942 -0.023165 -1.8588 -0.996883 0.023165 -0.075421 87.3849
-0.0810857 0.0202443 0.996502 36.8856 0.0202443 0.999621 -0.0186604 -1.89644 -0.996502 0.0186604 -0.0814648 87.2972
-0.0847856 0.019438 0.99621 37.9926 0.019438 0.999652 -0.0178508 -1.9347 -0.99621 0.0178508 -0.0851339 87.1989
-0.0884745 0.0162829 0.995945 39.0409 0.0162829 0.999756 -0.0148987 -1.97243 -0.995945 0.0148987 -0.0887181 87.1161
-0.091367 0.0165212 0.99568 40.1225 0.0165212 0.99975 -0.0150727 -2.00388 -0.99568 0.0150727 -0.0916171 87.0211
-0.0935815 0.0135399 0.99552 41.1619 0.0135399 0.999832 -0.0123258 -2.03159 -0.99552 0.0123258 -0.0937491 86.9148
-0.0952627 0.0111065 0.99539 42.1892 0.0111065 0.999887 -0.0100937 -2.05897 -0.99539 0.0100937 -0.0953753 86.8091
-0.0988668 0.00971033 0.995053 43.2184 0.00971033 0.999914 -0.00879297 -2.08942 -0.995053 0.00879297 -0.0989527 86.7267
-0.101677 0.0103976 0.994763 44.2354 0.0103976 0.999902 -0.00938858 -2.1002 -0.994763 0.00938858 -0.101775 86.6362
-0.103159 0.0110138 0.994604 45.2734 0.0110138 0.99989 -0.00992997 -2.11128 -0.994604 0.00992997 -0.103269 86.5111
-0.105349 0.00638912 0.994415 46.2452 0.00638912 0.999963 -0.0057479 -2.11512 -0.994415 0.0057479 -0.105385 86.4594
-0.110066 0.0128631 0.993841 47.3434 0.0128631 0.999851 -0.0115163 -2.13779 -0.993841 0.0115163 -0.110215 86.3467
-0.112556 0.0093422 0.993601 48.4145 0.0093422 0.999922 -0.00834333 -2.15983 -0.993601 0.00834333 -0.112634 86.2956
-0.11492 0.0143558 0.993271 49.4405 0.0143558 0.999815 -0.0127894 -2.1717 -0.993271 0.0127894 -0.115105 86.1485
-0.116872 0.0171713 0.992999 50.5013 0.0171713 0.999736 -0.0152668 -2.20125 -0.992999 0.0152668 -0.117136 86.0438
-0.118893 0.0194902 0.992716 51.4967 0.0194902 0.99966 -0.0172923 -2.22153 -0.992716 0.0172923 -0.119233 85.9145
-0.121501 0.0221458 0.992344 52.5004 0.0221458 0.999563 -0.0195954 -2.24952 -0.992344 0.0195954 -0.121938 85.8031
-0.124562 0.0268842 0.991848 53.4709 0.0268842 0.999357 -0.0237115 -2.26388 -0.991848 0.0237115 -0.125204 85.6941
-0.126563 0.0261067 0.991615 54.433 0.0261067 0.999395 -0.0229795 -2.28434 -0.991615 0.0229795 -0.127168 85.5654
-0.128677 0.0291513 0.991258 55.4075 0.0291513 0.999247 -0.025602 -2.31108 -0.991258 0.025602 -0.12943 85.4511
-0.129379 0.0260262 0.991254 56.3816 0.0260262 0.9994 -0.0228431 -2.34915 -0.991254 0.0228431 -0.129979 85.3049
-0.130899 0.0268036 0.991033 57.3247 0.0268036 0.999365 -0.0234886 -2.37527 -0.991033 0.0234886 -0.131534 85.191
-0.131025 0.0279611 0.990985 58.2878 0.0279611 0.999309 -0.024499 -2.41242 -0.990985 0.024499 -0.131716 85.0649
-0.130605 0.0311086 0.990946 59.2523 0.0311086 0.999144 -0.0272659 -2.43011 -0.990946 0.0272659 -0.131461 84.9467
-0.129612 0.0364072 0.990896 60.1871 0.0364072 0.998827 -0.0319364 -2.46785 -0.990896 0.0319364 -0.130785 84.8197
-0.129408 0.0402486 0.990774 61.1583 0.0402486 0.998566 -0.0353082 -2.49897 -0.990774 0.0353082 -0.130842 84.7069
-0.127738 0.0448409 0.990794 62.0965 0.0448409 0.998217 -0.0393958 -2.54872 -0.990794 0.0393958 -0.129521 84.5648
-0.128674 0.0498247 0.990435 63.0458 0.0498247 0.997801 -0.0437222 -2.58767 -0.990435 0.0437222 -0.130873 84.4731
-0.128421 0.0503853 0.990439 64.0019 0.0503853 0.99775 -0.0442243 -2.62388 -0.990439 0.0442243 -0.130671 84.3421
-0.129077 0.0486694 0.99044 64.9219 0.0486694 0.997902 -0.0426934 -2.66749 -0.99044 0.0426934 -0.131175 84.2286
-0.1292 0.0432655 0.990674 65.9133 0.0432655 0.998342 -0.0379579 -2.70561 -0.990674 0.0379579 -0.130858 84.0911
-0.130243 0.0358323 0.990834 66.9164 0.0358323 0.998864 -0.0314126 -2.74937 -0.990834 0.0314126 -0.131379 83.9636
-0.129245 0.0268562 0.991249 67.962 0.0268562 0.999361 -0.0235743 -2.79167 -0.991249 0.0235743 -0.129883 83.8027
-0.128924 0.0227847 0.991393 68.99 0.0227847 0.99954 -0.0200089 -2.83223 -0.991393 0.0200089 -0.129384 83.6677
-0.1294 0.0218424 0.991352 70.0145 0.0218424 0.999578 -0.0191726 -2.86417 -0.991352 0.0191726 -0.129822 83.5494
-0.126662 0.0223142 0.991695 71.0568 0.0223142 0.999558 -0.0196411 -2.89312 -0.991695 0.0196411 -0.127104 83.3869
-0.12565 0.0235341 0.991795 72.1049 0.0235341 0.999508 -0.0207356 -2.91796 -0.991795 0.0207356 -0.126142 83.248
-0.126394 0.028161 0.99158 73.1327 0.028161 0.999296 -0.0247905 -2.94438 -0.99158 0.0247905 -0.127098 83.1423
-0.124636 0.0280224 0.991807 74.2244 0.0280224 0.999302 -0.0247127 -2.96993 -0.991807 0.0247127 -0.125334 82.9885
-0.125283 0.0298846 0.991671 75.304 0.0298846 0.999206 -0.0263362 -3.01002 -0.991671 0.0263362 -0.126076 82.8822
-0.12419 0.0284722 0.99185 76.3788 0.0284722 0.999279 -0.0251204 -3.05389 -0.99185 0.0251204 -0.124911 82.7335
-0.124344 0.0292353 0.991808 77.4492 0.0292353 0.99924 -0.0257891 -3.09109 -0.991808 0.0257891 -0.125104 82.6148
-0.123584 0.0276912 0.991948 78.5026 0.0276912 0.999318 -0.024447 -3.1194 -0.991948 0.024447 -0.124266 82.481
-0.123463 0.0289596 0.991926 79.5601 0.0289596 0.999254 -0.0255689 -3.14459 -0.991926 0.0255689 -0.12421 82.3457
-0.123351 0.0308643 0.991883 80.6414 0.0308643 0.999152 -0.0272522 -3.17823 -0.991883 0.0272522 -0.124199 82.2252
-0.123161 0.0306484 0.991913 81.715 0.0306484 0.999164 -0.0270669 -3.21258 -0.991913 0.0270669 -0.123998 82.1005
-0.123468 0.0330297 0.991799 82.794 0.0330297 0.999029 -0.0291587 -3.25074 -0.991799 0.0291587 -0.124439 81.9757
-0.123389 0.0341103 0.991772 83.8429 0.0341103 0.998964 -0.0301139 -3.28708 -0.991772 0.0301139 -0.124424 81.856
-0.123035 0.0339563 0.991821 84.9385 0.0339563 0.998973 -0.0299889 -3.32553 -0.991821 0.0299889 -0.124062 81.7284
-0.122924 0.0334666 0.991852 86.0159 0.0334666 0.999003 -0.0295603 -3.36454 -0.991852 0.0295603 -0.123921 81.6086
-0.121835 0.0297539 0.992104 87.1004 0.0297539 0.999211 -0.0263132 -3.39798 -0.992104 0.0263132 -0.122624 81.468
-0.119853 0.0300444 0.992337 88.2007 0.0300444 0.999194 -0.0266233 -3.43825 -0.992337 0.0266233 -0.120659 81.3289
-0.118993 0.0291302 0.992468 89.2991 0.0291302 0.999242 -0.0258364 -3.4605 -0.992468 0.0258364 -0.119751 81.2024
-0.118513 0.0311132 0.992465 90.4561 0.0311132 0.999135 -0.0276069 -3.50156 -0.992465 0.0276069 -0.119379 81.0733
-0.115606 0.030453 0.992828 91.5584 0.030453 0.999169 -0.0271015 -3.5178 -0.992828 0.0271015 -0.116438 80.9215
-0.115125 0.030307 0.992889 92.682 0.030307 0.999176 -0.0269848 -3.56825 -0.992889 0.0269848 -0.115948 80.8198
-0.112833 0.0319473 0.9931 93.8487 0.0319473 0.999083 -0.02851 -3.59926 -0.9931 0.02851 -0.11375 80.6725
-0.112049 0.0296541 0.99326 95.0024 0.0296541 0.999209 -0.0264865 -3.60005 -0.99326 0.0264865 -0.11284 80.5454
-0.110417 0.0324497 0.993355 96.1723 0.0324497 0.999052 -0.0290288 -3.67289 -0.993355 0.0290288 -0.111366 80.4292
-0.108861 0.0342886 0.993465 97.3618 0.0342886 0.99894 -0.0307203 -3.6852 -0.993465 0.0307203 -0.109921 80.3023
-0.108021 0.0368518 0.993465 98.5365 0.0368518 0.998774 -0.0330418 -3.72097 -0.993465 0.0330418 -0.109246 80.1775
-0.106998 0.03904 0.993492 99.7168 0.03904 0.998623 -0.0350371 -3.76839 -0.993492 0.0350371 -0.108375 80.0351
