0.999998 -0.00177344 -7.05657e-005 -0.0365827 0.00177329 0.999996 -0.00206272 -0.00742462 7.42235e-005 0.00206259 0.999998 0.54657
0.999981 -0.00381264 -0.00482649 -0.0265602 0.00379658 0.999987 -0.00333371 -0.00310249 0.00483914 0.00331533 0.999983 0.567351
0.999984 -0.000433595 -0.00569033 -0.0124706 0.000409885 0.999991 -0.00416714 -0.012068 0.00569209 0.00416474 0.999975 0.564965
0.999943 0.000283919 -0.0107139 -0.019715 -0.000332295 0.99999 -0.00451375 -0.00829661 0.0107125 0.00451705 0.999932 0.567409
0.999865 -0.0022515 -0.0162471 -0.0218477 0.00216782 0.999984 -0.00516599 -0.0047434 0.0162585 0.00513008 0.999855 0.581532
0.999817 0.000944722 -0.0191173 -0.0288798 -0.00107 0.999978 -0.006544 -0.00524172 0.0191107 0.00656326 0.999796 0.603561
0.999693 0.00569066 -0.0241101 -0.0132695 -0.00585299 0.999961 -0.00666792 -0.0106917 0.0240712 0.00680699 0.999687 0.603391
0.99957 0.000622031 -0.0293139 -0.00980738 -0.000783618 0.999985 -0.00550116 -0.00316446 0.02931 0.00552177 0.999555 0.632229
0.999353 -0.00246619 -0.0358711 -0.0104886 0.00238385 0.999994 -0.00233803 -0.00870711 0.0358767 0.00225101 0.999354 0.639326
0.999251 0.00183506 -0.0386452 -0.0420582 -0.001852 0.999998 -0.000402465 -0.00262882 0.0386443 0.000473734 0.999253 0.674048
0.99909 -0.000357258 -0.0426562 -0.0011253 0.000336169 1 -0.000501582 -0.00218912 0.0426564 0.000486785 0.99909 0.686289
0.999125 0.00521659 -0.0414895 -0.0600624 -0.00523109 0.999986 -0.000241102 -0.00804645 0.0414877 0.000457927 0.999139 0.676052
0.999021 -0.000180105 -0.0442479 -0.0347897 0.000127276 0.999999 -0.00119674 -0.00293833 0.0442481 0.00118994 0.99902 0.688548
0.998831 -0.00696159 -0.0478302 -0.0279486 0.00694337 0.999976 -0.000546996 -0.0011995 0.0478328 0.000214254 0.998855 0.684855
0.998946 -0.00126714 -0.0458779 -0.0450825 0.00122217 0.999999 -0.00100828 -0.00862956 0.0458791 0.000951145 0.998947 0.700538
0.998811 0.00361775 -0.0486084 -0.0429318 -0.00375921 0.999989 -0.0028191 -0.00971599 0.0485977 0.00299848 0.998814 0.694146
0.998929 0.00260586 -0.0461916 -0.0765682 -0.00288455 0.999978 -0.00596775 -0.00257031 0.0461751 0.0060946 0.998915 0.71328
0.998607 0.00672341 -0.0523404 -0.00657381 -0.00711566 0.999948 -0.00731136 -0.0129124 0.0522885 0.00767361 0.998603 0.722054
