0.999993 -0.00137303 -0.00338692 -0.00778266 0.00136543 0.999997 -0.0022434 -0.00153794 0.00338999 0.00223876 0.999992 0.860406
0.999975 -0.00228074 -0.00671158 -0.019736 0.00225553 0.99999 -0.003761 -0.000261646 0.00672009 0.00374576 0.99997 1.71963
0.999933 -0.00118896 -0.0115498 -0.0374599 0.00113186 0.999987 -0.00494943 -0.00916392 0.0115556 0.00493602 0.999921 2.57984
0.999861 0.00393717 -0.0161708 -0.0612819 -0.00402817 0.999976 -0.00559851 -0.0165969 0.0161483 0.00566287 0.999854 3.43894
0.999797 0.000214354 -0.0201283 -0.0805263 -0.000343012 0.99998 -0.00638864 -0.0267898 0.0201265 0.00639425 0.999777 4.29904
0.99969 0.0032912 -0.0246975 -0.115952 -0.0034712 0.999968 -0.00724893 -0.044367 0.0246728 0.00733241 0.999669 5.15761
0.999536 0.00297043 -0.0303194 -0.141593 -0.00322285 0.999961 -0.00827988 -0.0463064 0.0302937 0.00837375 0.999506 6.01782
0.999377 0.0041124 -0.0350576 -0.163377 -0.00435953 0.999966 -0.00697575 -0.050453 0.0350277 0.00712424 0.999361 6.8769
0.999257 0.000915606 -0.0385207 -0.210976 -0.00105355 0.999993 -0.00356077 -0.0706867 0.0385172 0.00359871 0.999251 7.73593
0.999141 0.00019224 -0.041429 -0.255748 -0.000250493 0.999999 -0.00140091 -0.078894 0.0414287 0.00141008 0.99914 8.59527
0.998958 -0.000888598 -0.0456305 -0.306087 0.000800337 0.999998 -0.00195248 -0.0856202 0.0456321 0.00191393 0.998956 9.45277
0.998905 0.00194096 -0.0467406 -0.349034 -0.00199729 0.999997 -0.00115854 -0.101203 0.0467382 0.00125063 0.998906 10.3121
0.99885 -0.000792146 -0.0479414 -0.393649 0.000652934 0.999996 -0.00291938 -0.0986092 0.0479435 0.00288472 0.998846 11.1713
0.998698 -0.00478152 -0.0507951 -0.445309 0.00469948 0.999987 -0.00173448 -0.108413 0.0508027 0.00149351 0.998708 12.0292
0.998585 -0.00590054 -0.0528559 -0.477452 0.00580691 0.999981 -0.00192486 -0.118046 0.0528663 0.00161521 0.9986 12.8846
0.998594 0.000838798 -0.0529984 -0.5415 -0.00108698 0.999989 -0.00465412 -0.129261 0.0529939 0.00470518 0.998584 13.7459
0.998488 0.00128614 -0.0549583 -0.593304 -0.0016721 0.999974 -0.00697734 -0.135958 0.0549479 0.00705869 0.998464 14.615
0.998463 0.00889367 -0.0546959 -0.663843 -0.00938377 0.999918 -0.00871016 -0.151503 0.054614 0.00921003 0.998465 15.4937
0.998338 0.00515983 -0.0574018 -0.717648 -0.00563716 0.999951 -0.00815684 -0.160231 0.0573569 0.00846687 0.998318 16.384
0.997922 0.0111144 -0.0634625 -0.713816 -0.0114996 0.999918 -0.00570811 -0.19314 0.0633938 0.00642604 0.997968 17.2857
0.99822 -0.000507245 -0.0596308 -0.81854 0.000201997 0.999987 -0.00512487 -0.197133 0.0596326 0.0051037 0.998207 18.1881
0.998105 -0.000473535 -0.061532 -0.875243 0.000122106 0.999984 -0.00571494 -0.200548 0.0615337 0.0056966 0.998089 19.0992
0.997975 0.000939545 -0.0635945 -0.923049 -0.00125438 0.999987 -0.00491087 -0.223694 0.0635891 0.0049807 0.997964 20.0127
0.998017 -0.00178146 -0.0629275 -0.996368 0.00138047 0.999978 -0.00641515 -0.237281 0.0629376 0.00631556 0.997997 20.9284
0.997929 -0.00454867 -0.0641605 -1.04081 0.00419731 0.999975 -0.00560993 -0.24005 0.0641844 0.00532901 0.997924 21.8561
0.997894 -0.00167331 -0.0648451 -1.11706 0.00155507 0.999997 -0.00187389 -0.253555 0.0648481 0.0017691 0.997894 22.7891
0.998088 0.00398906 -0.0616769 -1.185 -0.0038469 0.99999 0.00242343 -0.2718 0.0616859 -0.00218153 0.998093 23.7239
0.998082 0.00200611 -0.0618678 -1.23772 -0.00171577 0.999987 0.00474577 -0.272306 0.0618765 -0.00463052 0.998073 24.6665
0.998232 -0.0023499 -0.0593904 -1.31102 0.00266353 0.999983 0.00520215 -0.283765 0.0593771 -0.00535114 0.998221 25.6103
0.998291 -0.00290646 -0.0583687 -1.36501 0.0030683 0.999992 0.00268332 -0.292215 0.0583604 -0.00285783 0.998291 26.5583
0.998339 -0.000192269 -0.0576137 -1.42817 7.28576e-005 0.999998 -0.00207471 -0.29569 0.057614 0.00206706 0.998337 27.5095
0.998453 0.00184694 -0.0555644 -1.50131 -0.00212006 0.999986 -0.00485674 -0.306559 0.0555546 0.00496703 0.998443 28.4665
0.998489 -0.00285191 -0.0548855 -1.54034 0.00262678 0.999988 -0.0041736 -0.317259 0.0548967 0.00402312 0.998484 29.4359
0.998398 -0.00751459 -0.056087 -1.59952 0.00754289 0.999972 0.00029277 -0.323888 0.0560832 -0.000715359 0.998426 30.411
0.998389 -0.00939546 -0.0559636 -1.63903 0.00963327 0.999946 0.0039812 -0.346551 0.0559232 -0.0045139 0.998425 31.3909
0.998282 -0.0140131 -0.0568898 -1.69179 0.0142216 0.999894 0.00326111 -0.352717 0.056838 -0.00406457 0.998375 32.3701
0.998121 -0.0139409 -0.05966 -1.74312 0.0139304 0.999903 -0.000592942 -0.362084 0.0596625 -0.000239259 0.998219 33.3492
0.998169 -0.0095573 -0.0597299 -1.80488 0.00928489 0.999945 -0.00483658 -0.373195 0.0597729 0.00427314 0.998203 34.333
0.998054 -0.000277326 -0.0623567 -1.87314 -6.47701e-005 0.999985 -0.00548403 -0.386187 0.0623573 0.0054774 0.998039 35.344
0.998079 0.00270135 -0.0619007 -1.9406 -0.00296428 0.999987 -0.00415621 -0.406492 0.0618887 0.00433171 0.998074 36.4019
0.997948 0.0038058 -0.0639128 -2.02392 -0.00386548 0.999992 -0.00081014 -0.425623 0.0639092 0.00105553 0.997955 37.4431
0.99787 0.00218293 -0.0651963 -2.09066 -0.00216389 0.999998 0.000362599 -0.435194 0.065197 -0.000220748 0.997872 38.4874
0.997835 0.0038144 -0.0656562 -2.17508 -0.00360826 0.999988 0.00325787 -0.449111 0.0656679 -0.00301391 0.997837 39.519
0.997864 0.000204985 -0.0653229 -2.23591 0.000194364 0.999981 0.00610703 -0.458294 0.065323 -0.00610669 0.997845 40.5551
0.997749 0.00705683 -0.0666825 -2.32096 -0.00648882 0.999941 0.00873094 -0.463233 0.0667402 -0.0082786 0.997736 41.5773
0.997773 0.00903875 -0.0660864 -2.3681 -0.00856183 0.999935 0.00749633 -0.471815 0.0661499 -0.00691382 0.997786 42.6013
0.997819 0.00617354 -0.0657137 -2.43957 -0.00576995 0.999963 0.0063297 -0.471362 0.0657504 -0.00593673 0.997818 43.6113
0.997874 0.00346349 -0.0650804 -2.52364 -0.00316096 0.999984 0.00475102 -0.483215 0.0650958 -0.00453521 0.997869 44.6157
0.997756 0.00345034 -0.0668718 -2.5885 -0.00320514 0.999988 0.0037737 -0.486121 0.066884 -0.0035509 0.997754 45.6173
0.99762 -0.000141944 -0.0689532 -2.67806 0.000505896 0.999986 0.00526081 -0.496501 0.0689515 -0.00528317 0.997606 46.6148
0.997621 -0.00219439 -0.0689075 -2.73709 0.00266365 0.999974 0.00671898 -0.508275 0.0688909 -0.00688654 0.9976 47.6109
0.997643 0.00342353 -0.0685363 -2.82009 -0.00323562 0.999991 0.00285259 -0.518013 0.0685454 -0.0026241 0.997645 48.5963
0.99757 0.0025222 -0.0696324 -2.88956 -0.00263232 0.999995 -0.00148978 -0.527718 0.0696283 0.00166945 0.997572 49.5742
0.997479 0.0047604 -0.0708048 -2.96486 -0.00493535 0.999985 -0.00229615 -0.541291 0.0707928 0.0026398 0.997488 50.5558
0.997491 -0.00184767 -0.0707664 -3.04062 0.00191209 0.999998 0.000842504 -0.556053 0.0707646 -0.000975702 0.997493 51.5363
0.997533 -0.000342822 -0.0701989 -3.10311 0.000647674 0.99999 0.00431997 -0.571586 0.0701967 -0.00435478 0.997524 52.5134
0.997393 -0.00855681 -0.0716492 -3.17483 0.00885211 0.999954 0.00380504 -0.575765 0.0716133 -0.00442937 0.997423 53.4833
0.997562 -0.0057379 -0.0695555 -3.24771 0.00600733 0.999975 0.0036651 -0.597593 0.0695327 -0.004074 0.997571 54.4458
0.997509 -0.00633423 -0.0702502 -3.31917 0.00647041 0.999978 0.00171118 -0.606839 0.0702378 -0.00216147 0.997528 55.409
0.997172 -0.0119882 -0.0741908 -3.38407 0.0122039 0.999923 0.00245436 -0.607125 0.0741557 -0.00335284 0.997241 56.3677
0.997449 -0.00352899 -0.0712908 -3.45896 0.00404914 0.999966 0.00715299 -0.626808 0.0712632 -0.00742341 0.99743 57.329
0.997242 -0.00866072 -0.0737075 -3.52788 0.00955178 0.999885 0.0117453 -0.620783 0.0735973 -0.012417 0.997211 58.2907
0.997243 0.000334127 -0.074211 -3.61476 0.000833995 0.999876 0.015709 -0.635678 0.0742071 -0.0157276 0.997119 59.2408
0.997032 -3.60728e-005 -0.0769867 -3.6783 0.00080723 0.99995 0.00998566 -0.636722 0.0769825 -0.0100182 0.996982 60.1825
0.997008 0.00724468 -0.0769605 -3.76444 -0.00709219 0.999972 0.00225463 -0.637894 0.0769747 -0.00170207 0.997032 61.1059
0.996997 0.00638794 -0.0771742 -3.84397 -0.00650772 0.999978 -0.00130065 -0.650939 0.0771642 0.00179898 0.997017 62.0199
0.996823 0.00844202 -0.0792018 -3.90741 -0.00852637 0.999963 -0.000726896 -0.660363 0.0791927 0.00139989 0.996858 62.9313
0.996694 0.00856806 -0.0807926 -3.98205 -0.00844146 0.999963 0.00190838 -0.679524 0.080806 -0.00122006 0.996729 63.8297
0.996699 0.010346 -0.0805274 -4.06809 -0.0100627 0.999942 0.00392328 -0.695313 0.0805633 -0.00310001 0.996745 64.7114
0.996526 0.0059505 -0.0830705 -4.16604 -0.00574181 0.99998 0.00275077 -0.70281 0.0830852 -0.00226424 0.99654 65.5773
0.996294 0.00247954 -0.085974 -4.19841 -0.00214596 0.99999 0.00397219 -0.720538 0.085983 -0.00377298 0.996289 66.4356
0.996138 0.00219052 -0.0877747 -4.27022 -0.00165308 0.999979 0.0061952 -0.745922 0.0877865 -0.00602617 0.996121 67.2782
0.99619 0.00139857 -0.0871976 -4.36173 -0.000918323 0.999984 0.00554749 -0.747963 0.0872039 -0.00544628 0.996176 68.1053
0.996097 0.0021968 -0.0882373 -4.44481 -0.00161769 0.999977 0.00663406 -0.756169 0.0882498 -0.00646542 0.996077 68.9204
0.995774 0.00162842 -0.091824 -4.51789 -0.000680249 0.999946 0.0103563 -0.764508 0.0918359 -0.0102501 0.995721 69.7246
0.995755 0.00309068 -0.0919879 -4.59389 -0.00192939 0.999917 0.0127107 -0.756794 0.0920196 -0.0124793 0.995679 70.5181
0.995659 0.0072728 -0.092795 -4.68449 -0.00575161 0.999845 0.0166499 -0.773299 0.0929017 -0.0160439 0.995546 71.2921
0.995656 0.0094274 -0.0926326 -4.78069 -0.00831564 0.999889 0.0123805 -0.7755 0.092739 -0.0115564 0.995623 72.0427
0.995316 0.0062658 -0.0964759 -4.83172 -0.00586136 0.999973 0.00447491 -0.785903 0.0965014 -0.00388846 0.995325 72.7753
0.99543 0.00884437 -0.0950863 -4.91173 -0.00893106 0.99996 -0.000486152 -0.792583 0.0950782 0.00133315 0.995469 73.4868
0.99548 0.0028969 -0.0949237 -5.01198 -0.00314773 0.999992 -0.00249282 -0.800991 0.0949157 0.00278035 0.995481 74.1781
0.995468 0.00474092 -0.094976 -5.08942 -0.00458151 0.999988 0.00189646 -0.814636 0.0949838 -0.00145273 0.995478 74.8534
0.995096 0.00135666 -0.0989003 -5.13602 -0.000905136 0.999989 0.00461018 -0.834632 0.0989055 -0.00449806 0.995087 75.5118
0.994992 -0.00109206 -0.0999461 -5.19942 0.00109382 0.999999 -3.72301e-005 -0.840822 0.0999461 -7.22795e-005 0.994993 76.1423
0.995395 -0.00910824 -0.0954243 -5.28012 0.00879962 0.999955 -0.00365443 -0.865647 0.0954533 0.00279791 0.99543 76.7509
0.995052 -0.0141141 -0.0983474 -5.3156 0.0131657 0.99986 -0.0102863 -0.867888 0.0984789 0.00894057 0.995099 77.3473
0.995413 -0.00806971 -0.0953282 -5.37709 0.0071497 0.999925 -0.00998868 -0.876185 0.0954016 0.0092613 0.995396 77.9281
0.996037 0.00409222 -0.0888447 -5.45811 -0.00472417 0.999965 -0.00690388 -0.88376 0.0888133 0.00729623 0.996022 78.4951
0.996377 0.00467823 -0.0849144 -5.497 -0.00500483 0.999981 -0.00363376 -0.897627 0.0848958 0.00404558 0.996382 79.0511
0.996801 -0.00199672 -0.0798965 -5.52983 0.00198328 0.999998 -0.000247553 -0.907733 0.0798969 8.83037e-005 0.996803 79.594
0.997473 -0.0103826 -0.0702799 -5.56177 0.0106166 0.999939 0.00295615 -0.919059 0.070245 -0.00369481 0.997523 80.1247
0.998125 -0.00542938 -0.0609706 -5.58015 0.0056601 0.999977 0.00361205 -0.931915 0.0609496 -0.00395038 0.998133 80.6371
0.998966 0.00544234 -0.0451287 -5.60583 -0.0052961 0.99998 0.00335941 -0.936329 0.0451461 -0.00311693 0.998976 81.1384
0.999562 0.0129481 -0.0266092 -5.61124 -0.0128478 0.99991 0.00393477 -0.938161 0.0266577 -0.00359118 0.999638 81.6265
0.999958 0.00801158 -0.00443512 -5.60142 -0.00799056 0.999957 0.00473562 -0.944807 0.00447287 -0.00469998 0.999979 82.1006
0.999773 -4.32129e-005 0.0213175 -5.57776 -8.03306e-005 0.999983 0.00579451 -0.950385 -0.0213174 -0.0057949 0.999756 82.5602
0.99875 -0.00683315 0.0495099 -5.53026 0.00645224 0.999948 0.00784947 -0.954486 -0.049561 -0.00752021 0.998743 83.0131
0.996465 -0.00607636 0.083787 -5.47884 0.00529651 0.999941 0.00952665 -0.957557 -0.0838399 -0.00904919 0.996438 83.46
0.992163 -0.000511865 0.124947 -5.427 -0.000802491 0.999945 0.0104688 -0.962931 -0.124945 -0.010487 0.992108 83.894
0.986512 0.00250769 0.163669 -5.32875 -0.00428115 0.999936 0.0104838 -0.962692 -0.163632 -0.0110431 0.98646 84.3228
0.97848 -0.00313437 0.20632 -5.18923 0.000913859 0.999941 0.0108569 -0.967316 -0.206342 -0.0104347 0.978424 84.7328
0.96587 0.000372107 0.259026 -5.0742 -0.00295973 0.99995 0.00959991 -0.975552 -0.259009 -0.0100389 0.965823 85.1274
0.950289 0.00246582 0.31136 -4.9169 -0.00474107 0.999967 0.00655078 -0.979195 -0.311334 -0.00770132 0.950269 85.5141
0.930304 0.00420387 0.366765 -4.74328 -0.00610221 0.999973 0.00401663 -0.978824 -0.366738 -0.00597476 0.930305 85.871
0.906907 -4.6455e-005 0.421331 -4.53014 -0.00152794 0.999993 0.00339911 -0.976947 -0.421329 -0.00372644 0.9069 86.2137
0.876601 0.00194004 0.481214 -4.30768 -0.00251783 0.999997 0.000555058 -0.971506 -0.481211 -0.00169818 0.876603 86.5415
0.844973 -0.00614021 0.534774 -4.06143 0.00595355 0.99998 0.00207471 -0.974772 -0.534777 0.00143074 0.844992 86.8294
0.809683 -0.00697072 0.586827 -3.78261 0.00626262 0.999975 0.00323743 -0.986368 -0.586835 0.00105379 0.809706 87.0996
0.767465 -0.00558672 0.641066 -3.52262 0.00337765 0.999983 0.00467096 -0.990218 -0.641082 -0.0014195 0.767471 87.3653
0.72604 -0.0017824 0.68765 -3.22255 -0.00208889 0.999986 0.00479748 -0.986976 -0.687649 -0.00491959 0.726026 87.6131
0.681412 -0.001507 0.731898 -2.91255 -0.00355168 0.999979 0.00536568 -0.987845 -0.731891 -0.00625571 0.681393 87.8391
0.636064 -0.00622403 0.771611 -2.5882 -0.0017444 0.999953 0.00950387 -0.998181 -0.771634 -0.00739107 0.636023 88.0282
0.589251 -0.0118094 0.807863 -2.25532 0.00500143 0.999927 0.010969 -0.990307 -0.807934 -0.00242302 0.589268 88.2125
0.540479 -0.00823706 0.841317 -1.92697 0.00130871 0.999959 0.00894953 -1.00197 -0.841357 -0.00373599 0.540467 88.3839
0.495886 -0.00370471 0.86838 -1.57673 -0.00342635 0.999975 0.00622273 -1.00189 -0.868381 -0.00606114 0.495861 88.5341
0.451347 -0.00113482 0.892348 -1.22518 -0.00571875 0.999975 0.00416422 -1.00036 -0.89233 -0.00698262 0.45133 88.6803
0.408286 -0.00887964 0.912811 -0.866173 -0.00138561 0.999946 0.010347 -1.00643 -0.912853 -0.00548935 0.408251 88.7923
0.369095 -0.0277076 0.928978 -0.487538 0.00840652 0.999614 0.0264744 -0.999154 -0.929354 -0.00196209 0.369186 88.8821
0.332952 -0.0288027 0.942504 -0.11488 0.00380315 0.999566 0.029203 -0.99827 -0.942936 -0.00613871 0.332917 88.9794
0.301478 -0.0245896 0.953156 0.260642 -0.00201364 0.999649 0.0264259 -0.993088 -0.953471 -0.00988614 0.301322 89.0675
0.269686 -0.00807848 0.962914 0.633001 -0.0159164 0.999791 0.0128456 -0.995114 -0.962817 -0.0187904 0.269501 89.1796
0.241854 -0.0028493 0.970309 1.01791 -0.0158541 0.999851 0.00688775 -0.9998 -0.970183 -0.0170492 0.241772 89.2626
0.216553 -0.00755189 0.976242 1.41665 -0.0129134 0.99986 0.0105991 -1.00577 -0.976185 -0.0149019 0.216425 89.3283
0.192703 -0.0143047 0.981153 1.82382 -0.00140806 0.999889 0.0148544 -1.0089 -0.981256 -0.00424402 0.192661 89.3851
0.172881 -0.0199345 0.984741 2.24586 0.00859366 0.999788 0.0187304 -0.998888 -0.984905 0.00522439 0.173016 89.4274
0.153574 -0.023289 0.987863 2.67239 0.0133803 0.99968 0.0214875 -0.978182 -0.988047 0.00991801 0.153836 89.4753
0.136401 -0.0192159 0.990467 3.11973 0.00434587 0.999814 0.0187988 -0.969269 -0.990644 0.00174026 0.13646 89.5252
0.120911 -0.0143027 0.99256 3.58484 -0.0143565 0.999766 0.0161554 -0.973057 -0.99256 -0.016203 0.120677 89.582
0.107704 -0.0162306 0.99405 4.05878 -0.0254276 0.999495 0.0190746 -0.962006 -0.993858 -0.0273307 0.107237 89.6196
0.0942158 -0.0189038 0.995372 4.54552 -0.025652 0.999442 0.0214091 -0.959494 -0.995221 -0.0275504 0.0936783 89.652
0.0813275 -0.0204743 0.996477 5.04255 -0.0199698 0.999555 0.0221674 -0.956088 -0.996487 -0.0217023 0.0808824 89.6854
0.0712695 -0.0235525 0.997179 5.55673 -0.0168192 0.999551 0.0248106 -0.944338 -0.997315 -0.01854 0.0708413 89.7141
0.0638836 -0.0266784 0.997601 6.0867 -0.0166081 0.999476 0.0277921 -0.938522 -0.997819 -0.0183437 0.0634071 89.7411
0.0582159 -0.028365 0.997901 6.63198 -0.0189345 0.999385 0.0295118 -0.925885 -0.998124 -0.0206128 0.057643 89.7711
0.0527546 -0.0283395 0.998205 7.19556 -0.0218088 0.999326 0.0295239 -0.911654 -0.998369 -0.0233272 0.052101 89.7934
0.0468026 -0.0300893 0.998451 7.77883 -0.023737 0.99923 0.0312255 -0.900541 -0.998622 -0.0251617 0.0460524 89.8249
0.0431077 -0.0330317 0.998524 8.38205 -0.0256852 0.999086 0.0341592 -0.885502 -0.99874 -0.0271198 0.0422199 89.8355
0.0385381 -0.0322928 0.998735 9.00024 -0.0281484 0.999046 0.033389 -0.876023 -0.998861 -0.0293995 0.0375924 89.8711
0.036887 -0.0346401 0.998719 9.63985 -0.0292974 0.998932 0.0357296 -0.850128 -0.99889 -0.0305778 0.0358327 89.8816
0.0353133 -0.0367169 0.998702 10.2942 -0.0318248 0.998777 0.0378449 -0.823181 -0.998869 -0.0331199 0.0341016 89.8932
0.0323336 -0.0399591 0.998678 10.9665 -0.0351014 0.998539 0.04109 -0.817996 -0.998861 -0.0363836 0.0308837 89.9507
0.0325353 -0.0415557 0.998606 11.6528 -0.0346929 0.998486 0.0426811 -0.784692 -0.998868 -0.0360332 0.0310444 89.954
0.0381038 -0.047533 0.998143 12.3596 -0.0359267 0.998157 0.0489052 -0.755187 -0.998628 -0.0377234 0.0363259 89.9624
0.0350504 -0.0411643 0.998537 13.0799 -0.0396446 0.998308 0.0425464 -0.739651 -0.998599 -0.0410778 0.0333592 90.0364
0.0448538 -0.0466003 0.997906 13.8194 -0.0425507 0.997916 0.0485134 -0.706034 -0.998087 -0.0446376 0.0427774 90.0419
0.0489228 -0.0470686 0.997693 14.577 -0.0466604 0.997691 0.0493566 -0.675407 -0.997712 -0.0489674 0.0466136 90.0809
0.0513567 -0.0459248 0.997624 15.3472 -0.0492463 0.99761 0.0484594 -0.650631 -0.997465 -0.051618 0.0489723 90.1295
0.0574641 -0.0437633 0.997388 16.1328 -0.0498181 0.997668 0.0466458 -0.60571 -0.997104 -0.0523685 0.0551499 90.1765
0.0614638 -0.0429486 0.997185 16.9266 -0.05382 0.997478 0.0462785 -0.579235 -0.996657 -0.056513 0.0589973 90.2214
0.0646987 -0.0398284 0.99711 17.7265 -0.0502876 0.997804 0.0431191 -0.545147 -0.996637 -0.052932 0.0625537 90.2918
0.0678798 -0.0402994 0.996879 18.5303 -0.0411019 0.998223 0.0431525 -0.520725 -0.996847 -0.0439028 0.0661027 90.3361
0.0685707 -0.0322741 0.997124 19.3358 -0.0335897 0.998835 0.0346394 -0.492022 -0.997081 -0.0358683 0.0674068 90.4271
0.0689183 -0.0294955 0.997186 20.1495 -0.0301069 0.999046 0.0316313 -0.466558 -0.997168 -0.0322022 0.0679645 90.475
0.0718696 -0.0296924 0.996972 20.9662 -0.0337177 0.998913 0.0321809 -0.446316 -0.996844 -0.0359285 0.0707903 90.5438
0.0688308 -0.0260107 0.997289 21.7839 -0.0335743 0.999033 0.0283735 -0.44157 -0.997063 -0.0354363 0.0678909 90.6145
0.0680213 -0.0240322 0.997394 22.6012 -0.0349213 0.99904 0.0264534 -0.423494 -0.997073 -0.0366297 0.0671167 90.6225
0.0689699 -0.025483 0.997293 23.417 -0.0337999 0.99904 0.0278652 -0.415692 -0.997046 -0.0356303 0.0680423 90.7294
0.0701504 -0.0240734 0.997246 24.2336 -0.0280056 0.999267 0.0260922 -0.401695 -0.997143 -0.0297588 0.0694248 90.7652
0.0727268 -0.0213554 0.997123 25.0465 -0.0287245 0.999311 0.0234974 -0.397823 -0.996938 -0.0303508 0.0720633 90.7985
0.0675793 -0.0160958 0.997584 25.8556 -0.0245171 0.999541 0.0177883 -0.386273 -0.997413 -0.02566 0.0671536 90.8858
0.0665118 -0.0162732 0.997653 26.6666 -0.0243888 0.999542 0.01793 -0.37506 -0.997488 -0.0255241 0.0660844 90.9461
0.0647779 -0.0106772 0.997843 27.4773 -0.0248722 0.999615 0.0123108 -0.375761 -0.99759 -0.025616 0.0644874 90.9892
0.057922 -0.0135015 0.99823 28.2871 -0.0244091 0.99959 0.0149362 -0.358348 -0.998023 -0.025231 0.0575687 91.0727
0.0517174 -0.0119883 0.99859 29.0989 -0.0218832 0.999674 0.0131347 -0.359172 -0.998422 -0.0225316 0.0514383 91.1198
0.0438381 -0.00636024 0.999018 29.9056 -0.0175751 0.99982 0.00713656 -0.363841 -0.998884 -0.0178707 0.0437184 91.1642
0.0346178 -0.00970545 0.999353 30.7074 -0.0137773 0.999853 0.0101875 -0.360278 -0.999306 -0.0141211 0.034479 91.1992
0.0246314 -0.00690585 0.999673 31.5093 -0.0086746 0.999937 0.00712141 -0.375285 -0.999659 -0.00884717 0.0245699 91.212
0.014838 -0.00884645 0.999851 32.3073 -0.0076337 0.999931 0.00896044 -0.377264 -0.999861 -0.00776552 0.0147694 91.225
0.00303467 -0.00742047 0.999968 33.1 -0.0102947 0.999919 0.00745135 -0.380879 -0.999942 -0.010317 0.00295804 91.2352
-0.00719895 -0.00716385 0.999948 33.8923 -0.0107171 0.999917 0.00708647 -0.384834 -0.999917 -0.0106655 -0.00727514 91.2273
-0.0194564 -0.00733813 0.999784 34.6797 -0.00961792 0.999928 0.00715202 -0.388237 -0.999764 -0.00947668 -0.0195256 91.219
-0.0298303 -0.00827784 0.999521 35.4591 -0.00651686 0.999946 0.00808687 -0.405771 -0.999534 -0.00627251 -0.0298826 91.1805
-0.0397778 -0.00641222 0.999188 36.2354 -0.00446009 0.999971 0.00623969 -0.407797 -0.999199 -0.00420827 -0.0398052 91.1634
-0.0501043 -0.00763633 0.998715 37.0037 -0.00539087 0.999958 0.00737538 -0.425002 -0.998729 -0.0050144 -0.0501434 91.1154
-0.0602889 -0.00793448 0.998149 37.7642 -0.00416526 0.999962 0.0076973 -0.41392 -0.998172 -0.00369349 -0.0603196 91.0692
-0.0694812 -0.0101413 0.997532 38.517 -0.00554754 0.999937 0.00977933 -0.427453 -0.997568 -0.00485436 -0.0695331 91.0142
-0.0795969 -0.00890996 0.996787 39.2625 -0.00623749 0.999945 0.0084401 -0.43122 -0.996808 -0.00554564 -0.0796481 90.9591
-0.0879269 -0.0103651 0.996073 39.9979 -0.00849765 0.999917 0.00965499 -0.440432 -0.996091 -0.00761535 -0.0880077 90.8742
-0.0945963 -0.0129191 0.995432 40.7262 -0.0112981 0.999865 0.011903 -0.438797 -0.995452 -0.0101205 -0.0947296 90.7913
-0.100116 -0.0175255 0.994821 41.4484 -0.013828 0.999773 0.0162211 -0.427713 -0.99488 -0.0121324 -0.100336 90.7372
-0.103805 -0.0195357 0.994406 42.1614 -0.0183537 0.999674 0.0177233 -0.441071 -0.994428 -0.0164112 -0.10413 90.6492
-0.105701 -0.0208445 0.994179 42.8617 -0.0194877 0.999632 0.0188868 -0.442793 -0.994207 -0.0173779 -0.106068 90.5592
-0.108289 -0.0207547 0.993903 43.5516 -0.0210056 0.999607 0.0185852 -0.456751 -0.993898 -0.018865 -0.108682 90.5261
-0.108423 -0.0208976 0.993885 44.225 -0.0212506 0.999599 0.0186995 -0.436542 -0.993878 -0.0190932 -0.108824 90.4397
-0.107066 -0.0233053 0.993979 44.8796 -0.0224833 0.999526 0.0210136 -0.458595 -0.993998 -0.0200981 -0.107539 90.3585
-0.10682 -0.022379 0.994027 45.5184 -0.01913 0.999608 0.0204489 -0.449525 -0.994094 -0.0168314 -0.107206 90.3438
-0.100512 -0.0237315 0.994653 46.1413 -0.0185405 0.999587 0.0219756 -0.447461 -0.994763 -0.0162326 -0.10091 90.2548
-0.0919109 -0.0232321 0.995496 46.7442 -0.01972 0.999574 0.0215066 -0.445861 -0.995572 -0.0176545 -0.0923299 90.2135
-0.0852938 -0.0219947 0.996113 47.3272 -0.0208246 0.999577 0.020288 -0.445081 -0.996138 -0.0190132 -0.0857157 90.1751
-0.0690769 -0.0212964 0.997384 47.8915 -0.0217913 0.999566 0.0198337 -0.444649 -0.997373 -0.0203642 -0.069511 90.1449
-0.0528034 -0.0193414 0.998418 48.4348 -0.0213093 0.999607 0.0182374 -0.444106 -0.998378 -0.0203126 -0.0531948 90.1294
-0.031695 -0.0185877 0.999325 48.9705 -0.017229 0.999689 0.018048 -0.445354 -0.999349 -0.0166453 -0.0320053 90.1282
-0.00634607 -0.0190652 0.999798 49.4984 -0.0135011 0.999729 0.0189782 -0.436586 -0.999889 -0.0133779 -0.00660175 90.1451
0.0211206 -0.0161917 0.999646 50.0212 -0.012263 0.999789 0.0164531 -0.433176 -0.999702 -0.0126062 0.0209176 90.1835
0.0547032 -0.0119039 0.998432 50.5434 -0.0147957 0.999809 0.0127309 -0.430938 -0.998393 -0.0154689 0.0545166 90.2354
0.0925076 -0.0134178 0.995622 51.0606 -0.0187529 0.999708 0.0152153 -0.421604 -0.995535 -0.0200783 0.092229 90.3053
0.13337 -0.0119078 0.990995 51.5652 -0.0225056 0.999634 0.0150404 -0.41637 -0.990811 -0.0243088 0.133053 90.4064
0.178333 -0.00907528 0.983928 52.0634 -0.0249022 0.999596 0.0137332 -0.414352 -0.983655 -0.0269511 0.178034 90.5316
0.226509 -0.00398748 0.974001 52.5575 -0.0268724 0.999585 0.0103415 -0.414527 -0.973638 -0.0285162 0.226308 90.6803
0.27402 0.00282776 0.96172 53.0175 -0.0256513 0.999661 0.00436944 -0.408183 -0.961382 -0.0258667 0.274 90.8742
0.332087 -0.00307923 0.943244 53.482 -0.019125 0.999767 0.00999706 -0.410756 -0.943055 -0.0213594 0.331951 91.0519
0.391168 -0.0168482 0.920165 53.9261 -0.00790081 0.999734 0.0216638 -0.411561 -0.920285 -0.0157442 0.390931 91.2673
0.425966 -0.00775819 0.904706 54.2931 -0.00515236 0.999926 0.0110006 -0.427291 -0.904724 -0.00934727 0.425895 91.5328
0.511766 -0.0290151 0.858635 54.7208 0.00758402 0.999543 0.0292564 -0.433937 -0.859091 -0.00846053 0.511752 91.7659
0.564499 -0.00921591 0.825382 55.0593 -0.00409566 0.999894 0.0139656 -0.426632 -0.825424 -0.011264 0.564401 92.0718
0.622401 -0.00651125 0.782671 55.4115 -0.00764166 0.999867 0.014395 -0.415383 -0.782661 -0.0149404 0.622269 92.392
0.742835 -0.0575972 0.666992 55.8553 0.0391924 0.998325 0.04256 -0.436348 -0.668326 -0.00547403 0.743848 92.4958
0.71341 0.0097678 0.700679 56.0077 -0.0114085 0.999932 -0.00232375 -0.41426 -0.700654 -0.00633591 0.713473 93.0553
0.769355 -0.00903038 0.638758 56.3212 -0.00531216 0.999775 0.0205325 -0.410857 -0.6388 -0.0191899 0.769134 93.3948
0.82737 -0.00447726 0.56164 56.5565 -0.0164622 0.999345 0.0322176 -0.396896 -0.561416 -0.0359017 0.826754 93.7873
0.848874 -0.00646025 0.528555 56.7438 -0.0116643 0.999453 0.030949 -0.398128 -0.528466 -0.0324371 0.848334 94.2312
0.883124 -0.00118385 0.469139 56.9433 -0.0187121 0.999112 0.0377454 -0.378054 -0.468767 -0.0421124 0.882317 94.6582
0.909567 0.00245886 0.41555 57.1029 -0.0214185 0.998931 0.0409705 -0.383122 -0.415005 -0.0461659 0.908647 95.1109
0.927659 -0.00727956 0.373358 57.2371 -0.0111153 0.998829 0.0470922 -0.380263 -0.373263 -0.0478355 0.926491 95.5668
0.944713 0.00245508 0.327888 57.3995 -0.0188495 0.998725 0.0468312 -0.382459 -0.327355 -0.0504226 0.943555 96.0241
0.954618 0.00995869 0.297666 57.4767 -0.0221031 0.999054 0.0374607 -0.351916 -0.297011 -0.04234 0.953935 96.5018
0.963508 0.00967425 0.267505 57.5898 -0.0205574 0.99907 0.0379131 -0.335858 -0.266889 -0.0420288 0.96281 96.9801
0.969891 -0.00269342 0.243525 57.7098 -0.00715393 0.999192 0.0395433 -0.327231 -0.243435 -0.0400948 0.969088 97.4562
0.973325 -0.0105303 0.229189 57.8017 0.0013955 0.999199 0.0399829 -0.312189 -0.229426 -0.0385966 0.972561 97.9448
0.976282 -0.00806184 0.216354 57.9035 -0.000248968 0.999264 0.0383583 -0.29959 -0.216504 -0.0375023 0.975561 98.4413
0.978299 0.00392451 0.20716 57.9842 -0.0119039 0.999234 0.0372859 -0.277794 -0.206854 -0.0389427 0.977596 98.9527
0.979386 0.0142059 0.201497 58.074 -0.0214883 0.999191 0.034 -0.260398 -0.20085 -0.037629 0.978899 99.4706
0.979929 0.0155334 0.198742 58.1676 -0.021776 0.999335 0.0292633 -0.241683 -0.198155 -0.0330038 0.979615 99.9978
0.980164 0.00881236 0.197993 58.2765 -0.014478 0.999526 0.0271859 -0.24072 -0.197659 -0.0295132 0.979826 100.533
0.97962 0.000527163 0.200861 58.3911 -0.00548945 0.999693 0.0241489 -0.231802 -0.200787 -0.0247593 0.979322 101.077
0.978731 -0.00741156 0.205015 58.5061 0.00377741 0.999829 0.018112 -0.217073 -0.205114 -0.0169523 0.978591 101.63
0.977961 -0.00949871 0.20857 58.6493 0.00665265 0.999875 0.0143429 -0.209812 -0.20868 -0.0126392 0.977902 102.188
0.976974 -0.00197397 0.21335 58.7286 -0.000940897 0.999908 0.01356 -0.201654 -0.213357 -0.0134485 0.976882 102.781
0.975642 0.00627864 0.21928 58.878 -0.0100819 0.999817 0.0162298 -0.191133 -0.219138 -0.0180452 0.975527 103.373
0.975084 0.00424399 0.221796 58.9988 -0.00936969 0.999713 0.022063 -0.193064 -0.221638 -0.0235914 0.974844 103.984
0.973528 -0.00190712 0.228559 59.1557 -0.00439546 0.999624 0.0270631 -0.184957 -0.228524 -0.0273513 0.973154 104.598
0.973112 -0.00966679 0.230128 59.295 0.00216241 0.999458 0.0328395 -0.168259 -0.230321 -0.0314588 0.972606 105.229
0.97212 -0.0112789 0.234214 59.4393 0.0033849 0.999413 0.0340789 -0.156508 -0.234461 -0.032336 0.971587 105.866
0.972099 -0.0135162 0.234183 59.5998 0.00616551 0.999466 0.0320926 -0.139358 -0.234492 -0.0297533 0.971663 106.507
0.972145 -0.0147192 0.233916 59.7672 0.00900884 0.999635 0.0254619 -0.126604 -0.234206 -0.0226454 0.971923 107.152
0.972088 -0.00993309 0.234408 59.9201 0.00566054 0.999805 0.0188928 -0.113639 -0.23455 -0.0170386 0.971955 107.813
0.972729 -0.00394678 0.231909 60.0682 0.000453594 0.999886 0.0151141 -0.100518 -0.231942 -0.0145967 0.97262 108.49
0.97347 -0.000434275 0.228813 60.2529 -0.00403395 0.99981 0.0190597 -0.0819382 -0.228778 -0.0194771 0.973284 109.179
0.973781 -0.00291284 0.22747 60.4006 -0.00337842 0.999623 0.0272633 -0.0736918 -0.227464 -0.0273169 0.973403 109.894
0.974471 -0.00324371 0.22449 60.5731 -0.00418355 0.99946 0.0326014 -0.0694318 -0.224475 -0.0327083 0.973931 110.613
0.975017 0.000438229 0.22213 60.7098 -0.00761984 0.999476 0.0314747 -0.0535774 -0.222 -0.0323809 0.974509 111.344
0.975132 0.00773136 0.221488 60.8674 -0.0135888 0.999597 0.0249344 -0.0340325 -0.221206 -0.0273241 0.974844 112.076
0.976252 0.00371168 0.216606 61.0279 -0.00843028 0.999747 0.0208644 -0.0209617 -0.216473 -0.0221949 0.976036 112.82
0.976877 0.000576565 0.213802 61.1691 -0.00439337 0.999839 0.0173773 -0.00771113 -0.213758 -0.0179148 0.976722 113.581
0.977707 -0.00638678 0.209877 61.3266 0.00238197 0.99981 0.019329 8.82018e-005 -0.209961 -0.0183981 0.977537 114.354
0.978384 -0.0103455 0.206536 61.4812 0.00575974 0.999724 0.0227923 -0.000423277 -0.206715 -0.02111 0.978173 115.137
0.97888 -0.00806122 0.204278 61.6494 0.00304858 0.999687 0.0248412 0.0183807 -0.204414 -0.0236938 0.978598 115.931
0.978924 -0.00879032 0.204037 61.8245 0.00335866 0.999631 0.0269519 0.0304648 -0.204199 -0.0256986 0.978592 116.743
0.979221 -0.011462 0.202473 61.9665 0.00549647 0.999535 0.0300008 0.0580488 -0.202723 -0.0282646 0.978828 117.562
0.979383 -0.0113821 0.20169 62.1649 0.00515055 0.999494 0.0313945 0.0589475 -0.201945 -0.0297085 0.978946 118.379
0.979684 -0.0040954 0.200507 62.3264 -0.00203433 0.999537 0.0303556 0.0671465 -0.200538 -0.0301468 0.979222 119.202
0.978763 0.0078361 0.204846 62.4724 -0.0128128 0.999654 0.0229797 0.0967834 -0.204595 -0.0251164 0.978524 120.033
0.978338 0.0175718 0.206268 62.632 -0.02212 0.99956 0.0197644 0.109316 -0.20583 -0.0238989 0.978296 120.867
0.977919 0.0177007 0.208233 62.7861 -0.0223231 0.999553 0.0198686 0.121258 -0.207789 -0.0240783 0.977877 121.709
0.977232 0.0159906 0.211569 62.952 -0.0209725 0.999553 0.0213243 0.126657 -0.211133 -0.0252759 0.97713 122.555
0.976854 0.00853565 0.213737 63.1485 -0.01314 0.999711 0.0201308 0.138377 -0.213504 -0.0224733 0.976684 123.394
0.976196 9.96808e-006 0.216891 63.3158 -0.00392054 0.999837 0.0175999 0.147004 -0.216856 -0.0180312 0.976037 124.241
0.976144 -0.0119655 0.216794 63.5162 0.00758768 0.99975 0.0210148 0.156933 -0.216991 -0.0188685 0.975991 125.098
0.97602 -0.0179273 0.216943 63.7193 0.0137738 0.999692 0.0206427 0.160339 -0.217246 -0.0171596 0.975966 125.948
0.975765 -0.0170069 0.218161 63.9169 0.0126919 0.999695 0.0211652 0.164151 -0.218454 -0.0178834 0.975683 126.796
0.975028 -0.00602124 0.222 64.0894 0.000874973 0.999729 0.0232724 0.176167 -0.22208 -0.022497 0.974769 127.653
0.97492 0.00602361 0.222473 64.2726 -0.0123324 0.99956 0.0269792 0.189153 -0.222212 -0.0290462 0.974566 128.509
0.975204 0.00518661 0.221249 64.4735 -0.0127024 0.999389 0.0325604 0.195394 -0.220945 -0.0345634 0.974674 129.355
0.974689 0.00201133 0.223557 64.6608 -0.00767492 0.999671 0.024468 0.209522 -0.223435 -0.0255644 0.974384 130.181
0.974441 -0.00919868 0.224456 64.8501 0.0064269 0.999894 0.0130764 0.211315 -0.224552 -0.0112996 0.974397 130.996
0.974537 -0.0170361 0.223578 65.0422 0.0162141 0.999853 0.00551178 0.215816 -0.223639 -0.00174633 0.974671 131.813
0.974884 -0.0169347 0.22207 65.2351 0.0140425 0.999795 0.0145963 0.224208 -0.222272 -0.0111113 0.974921 132.644
0.975256 -0.0087943 0.220903 65.4226 0.000990774 0.999372 0.0354116 0.233965 -0.221076 -0.0343165 0.974653 133.494
0.975428 -0.00283905 0.220299 65.6122 -0.00828308 0.998737 0.0495464 0.240716 -0.220161 -0.0501538 0.974173 134.334
0.975567 0.00131563 0.219697 65.7882 -0.011193 0.998981 0.0437202 0.263347 -0.219416 -0.0451111 0.974588 135.148
0.9765 0.0012856 0.215511 65.9687 -0.00749766 0.99958 0.0280097 0.274043 -0.215385 -0.0289673 0.9761 135.947
0.976002 -0.00159985 0.217757 66.1117 -0.00270261 0.999807 0.0194588 0.300515 -0.217746 -0.0195803 0.975809 136.758
0.976618 -0.00792001 0.214835 66.2787 0.00373202 0.999795 0.0198926 0.311062 -0.214948 -0.0186258 0.976448 137.571
0.977673 -0.0104329 0.209872 66.4597 0.00601254 0.999747 0.0216893 0.313554 -0.210045 -0.0199432 0.977488 138.384
0.977959 -0.00988625 0.208561 66.6289 0.00591229 0.999789 0.019669 0.327513 -0.208711 -0.0180024 0.977812 139.188
0.978206 -0.00146888 0.207632 66.7873 -0.00203462 0.999859 0.016659 0.328198 -0.207628 -0.0167184 0.978065 139.99
0.978989 0.0029987 0.203892 66.924 -0.00646996 0.999845 0.0163605 0.338441 -0.203812 -0.0173359 0.978857 140.81
0.979335 0.0100613 0.201993 67.0733 -0.0131011 0.99982 0.0137176 0.341482 -0.201819 -0.0160805 0.979291 141.599
0.979959 0.00908697 0.19899 67.2472 -0.0124574 0.999799 0.0156922 0.351939 -0.198808 -0.0178566 0.979876 142.401
0.979669 0.00508675 0.200557 67.4107 -0.00916852 0.999769 0.0194286 0.346231 -0.200412 -0.0208724 0.979489 143.204
0.980004 -0.00203523 0.198967 67.5726 -0.00197712 0.999799 0.0199651 0.350191 -0.198967 -0.0199593 0.979803 144.001
0.980734 -0.00731306 0.19521 67.7304 0.00380978 0.999825 0.0183157 0.359119 -0.19531 -0.0172191 0.98059 144.796
0.98147 -0.0111597 0.191292 67.8756 0.00843896 0.999851 0.015032 0.360377 -0.191431 -0.0131392 0.981418 145.585
0.982771 -0.0106983 0.184519 68.0042 0.00831342 0.999872 0.0136937 0.36731 -0.184642 -0.0119238 0.982734 146.386
0.984287 -0.0113859 0.176207 68.1497 0.00809401 0.999779 0.0193893 0.374109 -0.176389 -0.0176585 0.984162 147.188
0.985111 -0.00638882 0.171799 68.2727 0.00161492 0.999609 0.0279131 0.378712 -0.17191 -0.0272201 0.984737 147.998
0.986141 -0.00582204 0.16581 68.4262 -0.000534963 0.999267 0.0382687 0.383535 -0.165911 -0.037827 0.985415 148.801
0.986651 0.0030314 0.162823 68.5418 -0.00938554 0.999223 0.0382697 0.406034 -0.162581 -0.039287 0.985913 149.604
0.987131 0.00509677 0.159831 68.6181 -0.0108644 0.99932 0.0352329 0.404866 -0.159542 -0.036516 0.986516 150.403
0.98856 0.00576535 0.150718 68.7666 -0.00939025 0.999683 0.0233503 0.428274 -0.150535 -0.0244984 0.988301 151.187
0.989357 -0.00331144 0.14547 68.8649 0.000801646 0.99985 0.0173082 0.450225 -0.145506 -0.0170074 0.989211 151.986
0.990292 -0.0110873 0.138557 68.9774 0.0084398 0.999771 0.0196809 0.460442 -0.138744 -0.0183204 0.990159 152.794
0.991451 -0.000472373 0.130477 69.0863 -0.0023864 0.999761 0.0217528 0.462546 -0.130456 -0.0218783 0.991213 153.609
0.992179 0.0118962 0.124255 69.145 -0.0143639 0.999717 0.0189824 0.467671 -0.123994 -0.0206188 0.992069 154.426
0.993454 0.0133486 0.113448 69.2448 -0.0148662 0.999811 0.0125423 0.475666 -0.113259 -0.0141467 0.993465 155.232
0.994478 0.00466852 0.104843 69.3213 -0.00581324 0.999927 0.0106155 0.477421 -0.104786 -0.0111664 0.994432 156.045
0.995244 -0.000909297 0.0974098 69.4028 -0.000346513 0.999917 0.0128743 0.479934 -0.0974135 -0.0128469 0.995161 156.863
0.995956 0.00369521 0.089766 69.465 -0.005419 0.999805 0.0189671 0.481525 -0.0896785 -0.0193768 0.995782 157.69
0.996644 0.00865919 0.0813934 69.5196 -0.0106231 0.999662 0.023726 0.490541 -0.0811604 -0.024511 0.9964 158.519
0.997253 0.00280177 0.0740195 69.5457 -0.00485945 0.999606 0.0276337 0.506541 -0.073913 -0.0279175 0.996874 159.343
0.997728 0.00282817 0.0673042 69.6147 -0.0048069 0.99956 0.029256 0.51191 -0.0671919 -0.029513 0.997303 160.165
0.998019 -0.00115681 0.0629063 69.6604 -0.000549059 0.999633 0.0270936 0.525987 -0.0629146 -0.0270745 0.997652 160.987
0.998222 0.0046379 0.0594288 69.6902 -0.00590533 0.999758 0.0211689 0.534432 -0.0593162 -0.0214822 0.998008 161.807
0.998386 0.00917743 0.0560375 69.7227 -0.00997571 0.999852 0.0139824 0.540437 -0.0559009 -0.0145189 0.998331 162.626
0.998554 0.0102659 0.0527609 69.7453 -0.0108939 0.999873 0.0116294 0.547552 -0.0526348 -0.0121873 0.998539 163.443
0.998776 0.00295579 0.0493786 69.7878 -0.00382803 0.999838 0.0175792 0.556463 -0.0493186 -0.0177467 0.998625 164.277
0.998893 0.00524339 0.046737 69.81 -0.00654254 0.999595 0.0276875 0.56368 -0.0465729 -0.0279626 0.998523 165.117
0.999074 0.0049856 0.0427267 69.8409 -0.00647348 0.999375 0.0347559 0.573549 -0.0425268 -0.0350003 0.998482 165.953
0.999231 -0.000725176 0.0392086 69.8692 -0.000529621 0.999488 0.0319833 0.586106 -0.0392117 -0.0319794 0.998719 166.776
0.999359 -0.0138025 0.0330323 69.9161 0.0130858 0.999676 0.0218129 0.59375 -0.0333227 -0.0213667 0.999216 167.59
0.999506 -0.0170348 0.0264211 69.9251 0.0165989 0.999724 0.0166283 0.612431 -0.026697 -0.0161815 0.999513 168.409
0.999754 -0.0111256 0.0192056 69.9282 0.0107841 0.999784 0.0177946 0.620348 -0.0193994 -0.0175831 0.999657 169.237
0.999944 0.000248524 0.0105562 69.9419 -0.000499128 0.999718 0.0237439 0.627529 -0.0105473 -0.0237479 0.999662 170.071
0.999978 -0.00485226 0.00460699 69.9339 0.00472424 0.999613 0.0274046 0.634049 -0.00473818 -0.0273822 0.999614 170.908
0.999867 -0.0161334 -0.00253221 69.9435 0.0162049 0.999378 0.031313 0.651063 0.00202545 -0.0313499 0.999506 171.749
0.999801 -0.0178589 -0.00886235 69.9385 0.0181265 0.999352 0.0310873 0.664165 0.00830142 -0.0312418 0.999477 172.591
0.999766 -0.0163572 -0.0141598 69.9254 0.0166937 0.999573 0.0239847 0.675073 0.0137614 -0.0242155 0.999612 173.428
0.999623 -0.0156349 -0.0225801 69.916 0.0159433 0.999781 0.0135459 0.688765 0.0223634 -0.0139008 0.999653 174.257
0.999351 -0.021542 -0.0288597 69.9013 0.0218047 0.999723 0.00881806 0.697547 0.0286618 -0.00944162 0.999545 175.09
0.999202 -0.0159225 -0.0366254 69.8687 0.01654 0.999725 0.0166178 0.697947 0.0363507 -0.0172103 0.999191 175.942
0.999154 0.00431704 -0.0408913 69.8143 -0.0031031 0.999554 0.0297041 0.713011 0.0410013 -0.0295521 0.998722 176.801
0.998853 0.0156314 -0.045259 69.762 -0.0139193 0.999185 0.037901 0.717841 0.0458146 -0.0372276 0.998256 177.655
0.998676 0.0138089 -0.0495606 69.7176 -0.0120882 0.999319 0.0348529 0.731477 0.0500082 -0.0342076 0.998163 178.499
0.998678 0.00786023 -0.0508045 69.6655 -0.00664866 0.99969 0.0239729 0.748936 0.0509772 -0.0236034 0.998421 179.336
0.998498 0.013423 -0.0531192 69.5948 -0.0126328 0.999805 0.0151843 0.756928 0.0533126 -0.0144905 0.998473 180.172
0.998384 0.0128271 -0.05537 69.5437 -0.01218 0.999854 0.012009 0.764464 0.0555159 -0.0113152 0.998394 181.019
0.998292 0.00497576 -0.0582053 69.5084 -0.00403772 0.99986 0.0162227 0.768469 0.0582779 -0.0159599 0.998173 181.876
0.998298 -0.00731724 -0.0578521 69.4514 0.00879798 0.999639 0.0253821 0.774591 0.0576455 -0.0258479 0.998002 182.738
0.998263 -0.00490387 -0.0587163 69.3863 0.00668463 0.999522 0.0301704 0.785347 0.0585403 -0.0305105 0.997819 183.6
0.998199 0.000805308 -0.0599891 69.3499 0.0009782 0.999559 0.0296953 0.793845 0.0599865 -0.0297005 0.997757 184.455
0.998028 -0.00224732 -0.0627367 69.2859 0.00350394 0.999795 0.0199273 0.807962 0.0626791 -0.0201078 0.997831 185.303
0.997908 -0.0118077 -0.0635604 69.2428 0.0123688 0.999888 0.0084411 0.808522 0.0634536 -0.00920961 0.997942 186.148
0.997539 -0.0196824 -0.067298 69.2153 0.0199922 0.999792 0.00393332 0.804562 0.0672067 -0.00526908 0.997725 186.997
0.997556 -0.0172853 -0.067704 69.1367 0.0178568 0.99981 0.0078456 0.814903 0.0675555 -0.0090354 0.997675 187.856
0.997628 -0.00323761 -0.0687582 69.0707 0.00457467 0.999803 0.0192973 0.809569 0.0686822 -0.019566 0.997447 188.718
0.997462 0.00751538 -0.0708079 69.007 -0.00587214 0.999709 0.0233867 0.806551 0.0709631 -0.0229115 0.997216 189.566
0.997478 0.00451031 -0.070826 68.9487 -0.00317212 0.999815 0.0189952 0.81421 0.0708985 -0.0187227 0.997308 190.404
0.997508 0.00172802 -0.0705328 68.8573 -0.000765582 0.999906 0.01367 0.818276 0.0705498 -0.0135819 0.997416 191.236
0.997327 0.00763238 -0.0726635 68.7988 -0.00670715 0.999893 0.0129685 0.826462 0.0727548 -0.0124464 0.997272 192.076
0.997412 0.00938582 -0.0712767 68.7133 -0.00824938 0.999834 0.0162219 0.822658 0.0714171 -0.0155919 0.997325 192.915
0.997361 0.00453155 -0.072467 68.6648 -0.00307195 0.99979 0.0202404 0.821646 0.0725436 -0.0199644 0.997165 193.753
0.99746 0.00612148 -0.0709686 68.6057 -0.00449789 0.999725 0.0230149 0.831363 0.07109 -0.0226372 0.997213 194.588
