0.999989 -0.00341086 -0.0031552 -0.00225038 0.00340381 0.999992 -0.00223655 -0.00404246 0.0031628 0.00222579 0.999993 0.631966
0.999968 -0.0024105 -0.00761781 -0.0130314 0.00238408 0.999991 -0.00347478 -0.00877785 0.00762612 0.00345651 0.999965 1.29955
0.999948 0.0012042 -0.0101714 -0.0389277 -0.00125263 0.999988 -0.00475662 -0.0139451 0.0101656 0.00476911 0.999937 1.94875
0.999856 0.00131163 -0.0169022 -0.0445701 -0.0014113 0.999982 -0.00588602 -0.0189071 0.0168941 0.00590903 0.99984 2.62176
0.999818 0.00103161 -0.0190275 -0.0680102 -0.00115061 0.99998 -0.00624395 -0.0248615 0.0190207 0.00626471 0.999799 3.2647
0.999689 0.000566442 -0.0249228 -0.0834434 -0.000734188 0.999977 -0.00672198 -0.0343455 0.0249185 0.00673819 0.999667 4.00122
0.999556 0.00435868 -0.0294642 -0.116398 -0.00459475 0.999958 -0.00794891 -0.0425738 0.0294283 0.00808076 0.999534 4.69715
0.999452 0.00414356 -0.0328415 -0.151508 -0.00435086 0.999971 -0.00624317 -0.0495474 0.0328146 0.00638264 0.999441 5.42338
0.999295 0.000180379 -0.0375301 -0.177389 -0.000300412 0.999995 -0.00319271 -0.0644911 0.0375294 0.00320174 0.99929 6.15815
0.999156 -0.000552035 -0.0410846 -0.199244 0.000510904 0.999999 -0.00101165 -0.0688899 0.0410851 0.000989802 0.999155 6.91239
0.999021 0.000289747 -0.0442415 -0.23976 -0.000318445 1 -0.000641619 -0.0817414 0.0442413 0.000655079 0.999021 7.66813
0.998996 0.00219693 -0.0447545 -0.303777 -0.00230922 0.999994 -0.00245737 -0.0809797 0.0447488 0.00255825 0.998995 8.46388
0.99882 -0.0048698 -0.0483146 -0.332048 0.00478544 0.999987 -0.00186164 -0.0907949 0.048323 0.00162824 0.99883 9.25201
0.998699 -0.00489948 -0.0507615 -0.368866 0.00484302 0.999988 -0.00123514 -0.102753 0.0507669 0.000987696 0.99871 10.0596
0.998708 -0.00207765 -0.0507748 -0.416272 0.00198672 0.999996 -0.00184126 -0.109851 0.0507784 0.00173801 0.998708 10.8661
0.998597 0.000488168 -0.0529553 -0.456388 -0.000696897 0.999992 -0.00392321 -0.117692 0.0529529 0.00395461 0.998589 11.695
0.998612 0.00369727 -0.0525323 -0.51765 -0.00403636 0.999972 -0.00635036 -0.128819 0.0525074 0.00655359 0.998599 12.48
0.998378 0.00378099 -0.0568087 -0.55409 -0.0042731 0.999954 -0.00854371 -0.130809 0.0567738 0.0087726 0.998349 13.3021
0.998378 0.00412247 -0.0567883 -0.605443 -0.00453584 0.999964 -0.00715232 -0.14241 0.0567567 0.0073983 0.998361 14.1295
0.998312 -0.000298511 -0.0580787 -0.65248 -0.000149438 0.99997 -0.00770831 -0.153189 0.0580793 0.00770398 0.998282 14.9456
0.998109 -0.00030907 -0.0614711 -0.68889 5.84733e-006 0.999988 -0.00493289 -0.166055 0.0614719 0.0049232 0.998097 15.7481
0.998193 -0.00182737 -0.0600641 -0.757941 0.00150557 0.999984 -0.00540238 -0.173352 0.060073 0.00530218 0.99818 16.5862
0.997984 -0.00068771 -0.0634589 -0.798239 0.000290934 0.99998 -0.00626152 -0.190762 0.0634619 0.00623043 0.997965 17.427
0.997921 -0.00230187 -0.0644042 -0.849136 0.00184841 0.999973 -0.00709957 -0.200473 0.0644189 0.00696576 0.997899 18.2458
0.997927 -0.00155787 -0.0643377 -0.91238 0.00121269 0.999985 -0.00540381 -0.210749 0.0643451 0.00531458 0.997914 19.0931
0.997863 0.00142971 -0.0653229 -0.963199 -0.00154155 0.999997 -0.00166164 -0.222977 0.0653204 0.00175879 0.997863 19.8249
0.99798 0.00441223 -0.0633786 -1.03412 -0.00430355 0.999989 0.00185107 -0.235931 0.0633861 -0.00157458 0.997988 20.7392
0.997968 -0.00214202 -0.0636889 -1.07803 0.00244533 0.999986 0.00468485 -0.233375 0.063678 -0.00483107 0.997959 21.5043
0.998334 0.00315225 -0.0576193 -1.17131 -0.00285306 0.999982 0.00527421 -0.243628 0.0576349 -0.00510103 0.998325 22.4652
0.998335 0.00110069 -0.0576715 -1.23348 -0.000945909 0.999996 0.00271107 -0.248227 0.0576742 -0.00265201 0.998332 23.3494
0.998519 0.00367273 -0.0542837 -1.29997 -0.00379996 0.99999 -0.0022408 -0.256606 0.054275 0.00244376 0.998523 24.3304
0.998512 0.0017026 -0.0545067 -1.33935 -0.00198293 0.999985 -0.00508922 -0.271481 0.0544973 0.00518973 0.9985 25.2206
0.998495 -0.00635522 -0.05447 -1.39052 0.00611979 0.999971 -0.00448791 -0.278736 0.0544969 0.00414781 0.998505 26.1005
0.998571 -0.00206931 -0.0533921 -1.44663 0.00212021 0.999997 0.00089664 -0.289251 0.0533901 -0.00100856 0.998573 27.0204
0.998437 -0.00690185 -0.0554526 -1.49745 0.00710287 0.999969 0.00342873 -0.298181 0.0554272 -0.00381725 0.998455 27.9191
0.998297 -0.0122897 -0.057026 -1.52114 0.0124736 0.999918 0.00286901 -0.309323 0.0569861 -0.00357544 0.998369 28.8251
0.998224 -0.0118215 -0.0583897 -1.55595 0.0117847 0.99993 -0.000973942 -0.330033 0.0583972 0.000284107 0.998293 29.7341
0.998147 -0.000707298 -0.0608454 -1.62385 0.000404945 0.999988 -0.00498138 -0.336787 0.0608482 0.00494751 0.998135 30.6455
0.997914 0.00176345 -0.0645379 -1.66624 -0.00209478 0.999985 -0.00506668 -0.35478 0.064528 0.0051913 0.997902 31.5035
0.997936 0.00105948 -0.0642075 -1.72782 -0.00131617 0.999991 -0.00395565 -0.371949 0.0642028 0.00403199 0.997929 32.3662
0.997826 0.00105498 -0.0658883 -1.78621 -0.00113467 0.999999 -0.00117212 -0.381516 0.065887 0.00124433 0.997826 33.24
0.997833 0.00325951 -0.0657099 -1.86167 -0.00325425 0.999995 0.000187124 -0.390651 0.0657102 2.71175e-005 0.997839 34.1262
0.997751 0.00323014 -0.0669589 -1.93109 -0.00303951 0.999991 0.00294871 -0.399804 0.0669678 -0.00273856 0.997751 35.0388
0.9977 1.10587e-005 -0.0677857 -1.98837 0.000363437 0.999985 0.00551237 -0.406148 0.0677847 -0.00552433 0.997685 35.947
0.997703 0.00434949 -0.0675966 -2.05834 -0.00382833 0.999962 0.00783742 -0.412965 0.0676281 -0.00756063 0.997682 36.8749
0.9977 0.00454386 -0.0676341 -2.13425 -0.00403223 0.999962 0.00769936 -0.414176 0.0676665 -0.00740893 0.99768 37.8564
0.99764 -0.00275863 -0.0686067 -2.18507 0.0031541 0.999979 0.0056566 -0.420327 0.0685896 -0.00585964 0.997628 38.8084
0.997725 0.00373228 -0.0673123 -2.26433 -0.00348588 0.999987 0.00377764 -0.426164 0.0673255 -0.0035344 0.997725 39.7762
0.997699 0.00253773 -0.0677548 -2.32879 -0.00227076 0.999989 0.00401697 -0.440259 0.0677643 -0.00385387 0.997694 40.7189
0.997462 -0.00491692 -0.071028 -2.39708 0.00527055 0.999975 0.00479224 -0.444414 0.0710027 -0.00515443 0.997463 41.7208
0.997486 -0.00121769 -0.0708475 -2.45954 0.00166973 0.999979 0.00632162 -0.455555 0.0708383 -0.00642403 0.997467 42.6522
0.997464 0.00338535 -0.0710968 -2.50983 -0.00320708 0.999991 0.00262138 -0.462008 0.071105 -0.00238672 0.997466 43.5735
0.997357 0.00411121 -0.0725462 -2.59184 -0.00421693 0.99999 -0.00130413 -0.472176 0.0725401 0.0016066 0.997364 44.5207
0.997323 0.000868795 -0.0731215 -2.65098 -0.0011061 0.999994 -0.00320487 -0.485803 0.0731183 0.00327717 0.997318 45.4201
0.997198 -0.00105903 -0.0747968 -2.71995 0.00108558 0.999999 0.000314405 -0.494542 0.0747964 -0.000394723 0.997199 46.3538
0.997316 -0.00159194 -0.0732009 -2.78694 0.00186773 0.999991 0.00369934 -0.510772 0.0731944 -0.00382613 0.99731 47.1204
0.997155 -0.00384524 -0.0752807 -2.86388 0.00410889 0.999986 0.00334767 -0.511913 0.0752668 -0.00364747 0.997157 48.0745
0.997289 -0.00499799 -0.0734109 -2.91761 0.0052338 0.999982 0.00302025 -0.531948 0.0733945 -0.00339628 0.997297 48.9436
0.997197 -0.00542985 -0.0746224 -2.99566 0.00551888 0.999984 0.000986869 -0.542004 0.0746159 -0.00139594 0.997211 49.8533
0.997018 -0.00455393 -0.0770338 -3.04785 0.00474309 0.999986 0.00227274 -0.549555 0.0770224 -0.00263134 0.997026 50.7466
0.997075 -0.00431315 -0.0763012 -3.11807 0.00479338 0.99997 0.00611181 -0.552739 0.0762725 -0.00645968 0.997066 51.6152
0.996885 -0.00464464 -0.0787325 -3.17985 0.00549963 0.999928 0.0106461 -0.559392 0.0786774 -0.0110459 0.996839 52.5044
0.997012 0.000669703 -0.0772451 -3.26454 0.000333574 0.999916 0.0129746 -0.570354 0.0772473 -0.0129616 0.996928 53.456
0.996871 0.00417464 -0.0789336 -3.35131 -0.00347587 0.999954 0.00898795 -0.571361 0.0789675 -0.00868547 0.996839 54.4222
0.996671 0.0024441 -0.0814902 -3.37554 -0.0023688 0.999997 0.00102071 -0.575971 0.0814925 -0.00082428 0.996674 54.7712
0.996661 0.00812691 -0.0812394 -3.49403 -0.00841686 0.999959 -0.00322729 -0.58212 0.0812099 0.0039003 0.996689 55.8925
0.996537 0.00593512 -0.0829426 -3.55205 -0.00620545 0.999976 -0.00300177 -0.591383 0.0829228 0.00350607 0.99655 56.6414
0.996408 0.00535335 -0.0845143 -3.63439 -0.00533663 0.999986 0.000423789 -0.611867 0.0845154 2.87552e-005 0.996422 57.5482
0.996369 0.00386996 -0.0850471 -3.70573 -0.00374436 0.999992 0.00163632 -0.626845 0.0850528 -0.00131193 0.996376 58.3415
0.996378 0.00463588 -0.084911 -3.78771 -0.00448433 0.999988 0.00197545 -0.638789 0.0849191 -0.00158752 0.996387 59.174
0.996107 0.00119454 -0.0881393 -3.86157 -0.0010059 0.999997 0.00218458 -0.647419 0.0881416 -0.00208741 0.996106 60.0016
0.99615 0.00327143 -0.0876043 -3.95335 -0.00299453 0.99999 0.00329207 -0.661155 0.0876142 -0.00301706 0.99615 60.8287
0.995864 0.00153484 -0.0908402 -4.0187 -0.0012029 0.999992 0.00370872 -0.676225 0.0908452 -0.00358411 0.995859 61.5864
0.996022 0.000830843 -0.0890988 -4.12533 -0.000495462 0.999993 0.0037862 -0.673987 0.0891013 -0.003727 0.996016 62.4292
0.995779 0.00290213 -0.0917324 -4.198 -0.00226006 0.999972 0.0071025 -0.684008 0.0917504 -0.0068652 0.995758 63.1935
0.995587 0.00180717 -0.0938247 -4.26335 -0.000757504 0.999937 0.0112219 -0.691622 0.0938391 -0.0111013 0.995525 64.0013
0.995472 0.00347226 -0.0949892 -4.34137 -0.0022221 0.99991 0.0132637 -0.702058 0.0950266 -0.0129926 0.99539 64.7906
0.995419 0.00762175 -0.0953065 -4.46544 -0.00677969 0.999935 0.00915602 -0.704642 0.0953701 -0.00846793 0.995406 65.6015
0.995153 0.00278986 -0.0982971 -4.51673 -0.002588 0.999994 0.00218106 -0.718544 0.0983027 -0.00191609 0.995155 66.2793
0.995129 -0.000421242 -0.0985825 -4.59058 1.80056e-005 0.999992 -0.0040912 -0.725799 0.0985834 0.00406949 0.99512 67.0494
0.995144 -0.00138817 -0.0984201 -4.65858 0.000894114 0.999987 -0.00506384 -0.735141 0.0984259 0.00495125 0.995132 67.7111
0.994898 0.00176565 -0.100873 -4.72295 -0.00191184 0.999997 -0.0013526 -0.747601 0.10087 0.00153855 0.994898 68.3859
0.994938 0.00326322 -0.100436 -4.79443 -0.00320918 0.999995 0.00069958 -0.762403 0.100437 -0.000373723 0.994943 69.0323
0.994265 -0.00463056 -0.106845 -4.8081 0.00438396 0.999987 -0.00254279 -0.786404 0.106856 0.00205981 0.994272 69.6505
0.994449 -0.0103745 -0.104711 -4.88974 0.00958386 0.999922 -0.00805121 -0.806829 0.104787 0.00700298 0.99447 70.2818
0.994469 -0.0120184 -0.104339 -4.9449 0.0106558 0.999851 -0.0136077 -0.822546 0.104487 0.0124206 0.994449 70.8415
0.994665 -0.000974932 -0.103157 -4.9711 -0.00042989 0.999907 -0.0135952 -0.828436 0.103161 0.013567 0.994572 71.3728
0.995456 0.00612685 -0.0950275 -5.04133 -0.00709388 0.999926 -0.00984187 -0.836315 0.0949603 0.0104713 0.995426 71.8792
0.995781 0.00339916 -0.091696 -5.09275 -0.00402789 0.99997 -0.00667251 -0.85072 0.0916706 0.0070137 0.995765 72.3784
0.996275 -0.00661467 -0.0859775 -5.12495 0.00632723 0.999973 -0.00361532 -0.856242 0.0859991 0.00305786 0.996291 72.9063
0.996931 -0.011399 -0.0774564 -5.16816 0.0114083 0.999935 -0.00032221 -0.873046 0.0774551 -0.000562425 0.996996 73.4447
0.997757 -0.00134314 -0.0669266 -5.19428 0.00133286 0.999999 -0.000198205 -0.880509 0.0669268 0.000108557 0.997758 73.9421
0.998631 0.00907859 -0.0515225 -5.22654 -0.00912224 0.999958 -0.000612156 -0.88818 0.0515147 0.00108132 0.998672 74.4425
0.999387 0.00953838 -0.0336815 -5.23772 -0.00952624 0.999954 0.000520954 -0.898164 0.0336849 -0.000199777 0.999432 74.909
0.999924 0.00292673 -0.0119586 -5.23231 -0.00290808 0.999995 0.00157652 -0.897392 0.0119631 -0.00154163 0.999927 74.9296
0.999875 -0.00624855 0.0145253 -5.21971 0.00621403 0.999978 0.00242098 -0.906777 -0.0145401 -0.00233042 0.999892 75.6233
0.998974 -0.00250752 0.0452102 -5.17819 0.00229385 0.999986 0.00477741 -0.915677 -0.0452216 -0.0046688 0.998966 75.9694
0.996974 -0.000829432 0.0777336 -5.11989 0.00033997 0.99998 0.00630968 -0.921515 -0.0777373 -0.00626416 0.996954 76.4995
0.993344 0.00144924 0.115173 -5.05112 -0.00228628 0.999972 0.00713593 -0.923859 -0.115159 -0.00735176 0.99332 76.9275
0.987909 -0.000931359 0.155034 -4.91043 -0.000252628 0.999971 0.00761706 -0.923572 -0.155037 -0.00756412 0.98788 77.3935
0.979643 -0.00354271 0.200716 -4.80974 0.00191931 0.999964 0.00828205 -0.937547 -0.200738 -0.00772821 0.979614 77.8331
0.968227 0.000755659 0.250072 -4.67664 -0.00247615 0.999975 0.00656543 -0.947035 -0.250061 -0.00697605 0.968205 78.2479
0.952589 -0.000247527 0.304259 -4.52532 -0.00109461 0.99999 0.00424058 -0.958195 -0.304257 -0.00437257 0.95258 78.6356
0.934488 -0.00229067 0.355986 -4.32921 0.00122256 0.999994 0.00322538 -0.962512 -0.355992 -0.00257887 0.934486 79.0169
0.90923 -0.000494343 0.416294 -4.12238 -0.000626942 0.999997 0.00255679 -0.959377 -0.416294 -0.0025857 0.909226 79.3727
0.881931 -0.00198104 0.471374 -3.88237 0.00185111 0.999998 0.000739308 -0.955314 -0.471375 0.000220546 0.881933 79.7083
0.847954 -0.00239809 0.530065 -3.63828 0.00265426 0.999996 0.000278055 -0.961321 -0.530064 0.00117115 0.847957 80.0218
0.814339 -0.00655193 0.580352 -3.33575 0.00814577 0.999967 -0.000140791 -0.955526 -0.580332 0.00484207 0.814365 80.3075
0.773077 -0.00217894 0.634308 -3.06162 0.00154955 0.999998 0.00154659 -0.963378 -0.63431 -0.000212746 0.773079 80.5888
0.733217 -0.000454027 0.679995 -2.75554 -0.00224515 0.999993 0.00308856 -0.959561 -0.679991 -0.00379127 0.73321 80.8348
0.686959 -0.000404056 0.726696 -2.45014 -0.00403994 0.999982 0.00437503 -0.970365 -0.726685 -0.00594127 0.686945 81.0777
0.642008 -0.00566698 0.766677 -2.10708 0.0018103 0.999981 0.00587554 -0.968532 -0.766696 -0.00238423 0.642006 81.2912
0.594319 -0.011172 0.804152 -1.76366 0.00573692 0.999937 0.00965213 -0.975964 -0.804209 -0.00112308 0.594345 81.4934
0.55106 -0.00873539 0.83442 -1.40812 0.00261676 0.999958 0.00874025 -0.976266 -0.834462 -0.00263292 0.55106 81.6566
0.500354 0.000744519 0.865821 -1.05495 -0.00670898 0.999973 0.00301721 -0.980051 -0.865795 -0.00731845 0.500345 81.8428
0.4589 -0.00132831 0.888487 -0.691822 -0.00389815 0.999986 0.00350839 -0.984164 -0.888479 -0.00507345 0.458889 81.9756
0.415299 -0.00859305 0.909644 -0.319089 0.00253874 0.999962 0.00828718 -0.984791 -0.909681 -0.0011323 0.415305 82.1034
0.377314 -0.024227 0.925768 0.055217 0.00666969 0.999703 0.0234435 -0.9843 -0.926061 -0.00267096 0.377363 82.1876
0.34071 -0.0242936 0.939855 0.452917 -0.00189898 0.999646 0.0265276 -0.971417 -0.940167 -0.010823 0.340543 82.2983
0.308408 -0.0177047 0.951089 0.851551 -0.0143822 0.999626 0.0232719 -0.970864 -0.951145 -0.020856 0.308038 82.4096
0.278103 -0.00734229 0.960523 1.26761 -0.0147864 0.99982 0.0119238 -0.969934 -0.960437 -0.0175187 0.277944 82.5173
0.249834 -0.00251956 0.968285 1.67819 -0.013141 0.999896 0.00599242 -0.981944 -0.968199 -0.0142214 0.249775 82.6058
0.22404 -0.00496637 0.974567 2.07916 -0.00467944 0.99997 0.00617157 -0.987355 -0.974569 -0.00594311 0.22401 82.6837
0.201582 -0.0139969 0.979372 2.48121 0.00171451 0.999901 0.0139374 -0.992351 -0.97947 -0.00113039 0.201586 82.728
0.180593 -0.0182817 0.983388 2.89596 0.00840542 0.999819 0.0170435 -0.977293 -0.983522 0.00518785 0.180714 82.7816
0.161621 -0.0192101 0.986666 3.31701 0.00580551 0.999812 0.0185151 -0.962698 -0.986836 0.00273567 0.161702 82.8315
0.143573 -0.0124649 0.989561 3.68296 -0.00719488 0.999881 0.0136388 -0.956743 -0.989614 -0.00907794 0.143467 82.8837
0.128633 -0.0101062 0.991641 4.1127 -0.0207258 0.999702 0.0128769 -0.957142 -0.991476 -0.0222089 0.128386 82.9376
0.113685 -0.00912054 0.993475 4.53281 -0.0208526 0.999716 0.011564 -0.959983 -0.993298 -0.0220311 0.113462 82.9784
0.100577 -0.0134286 0.994839 4.98512 -0.015985 0.999758 0.0151111 -0.961093 -0.994801 -0.0174223 0.100338 83.0205
0.0890633 -0.0168203 0.995884 5.48106 -0.0135711 0.999744 0.0180992 -0.954501 -0.995934 -0.0151273 0.0888122 83.0539
0.0788234 -0.0202798 0.996682 5.96653 -0.0118335 0.999704 0.0212771 -0.949856 -0.996818 -0.0134713 0.07856 83.0812
0.0710085 -0.0217639 0.997238 6.46353 -0.0144863 0.999634 0.0228477 -0.94272 -0.997371 -0.0160686 0.0706672 83.1107
0.0651439 -0.022148 0.99763 7.00393 -0.0177117 0.99957 0.0233476 -0.933092 -0.997719 -0.0191907 0.0647236 83.1427
0.0603393 -0.024982 0.997865 7.55708 -0.0195528 0.999465 0.0262044 -0.923069 -0.997986 -0.0210923 0.0598186 83.1673
0.0538963 -0.0244987 0.998246 8.11881 -0.0209726 0.999451 0.0256606 -0.912543 -0.998326 -0.0223188 0.0533529 83.2056
0.0504916 -0.0284436 0.998319 8.70717 -0.0231938 0.999291 0.0296444 -0.90058 -0.998455 -0.0246516 0.0497961 83.2134
0.0462257 -0.0260107 0.998592 9.29792 -0.022896 0.999371 0.0270908 -0.889861 -0.998669 -0.024116 0.0456011 83.254
0.0442228 -0.0283393 0.99862 9.91299 -0.0268569 0.999203 0.0295452 -0.870892 -0.998661 -0.0281264 0.0434264 83.278
0.0410031 -0.0264457 0.998809 10.5685 -0.0259223 0.999285 0.0275224 -0.862768 -0.998823 -0.0270199 0.0402883 83.3081
0.0408398 -0.032367 0.998641 11.2437 -0.0261587 0.999098 0.0334516 -0.83476 -0.998823 -0.0274893 0.0399563 83.3293
0.0409026 -0.0343407 0.998573 11.8318 -0.0272237 0.999 0.0354705 -0.822778 -0.998792 -0.0286357 0.0399268 83.356
0.0446284 -0.0373913 0.998304 12.5084 -0.0315515 0.998748 0.0388184 -0.825215 -0.998505 -0.0332304 0.0433928 83.3634
0.0459641 -0.0363437 0.998282 13.2763 -0.0339983 0.998702 0.0379244 -0.773389 -0.998364 -0.0356831 0.0446688 83.4373
0.0492843 -0.0362015 0.998129 13.9775 -0.0369777 0.998592 0.0380442 -0.751933 -0.9981 -0.0387835 0.0478763 83.4827
0.0536403 -0.0367641 0.997883 14.4044 -0.0380444 0.998521 0.0388327 -0.733561 -0.997835 -0.0400468 0.0521623 83.5076
0.0577726 -0.0374588 0.997627 15.2962 -0.0396379 0.998422 0.0397841 -0.706005 -0.997543 -0.0418423 0.0561967 83.566
0.0615014 -0.034697 0.997504 15.9661 -0.0412272 0.998454 0.037272 -0.691418 -0.997255 -0.0434166 0.0599758 83.5997
0.0660866 -0.0322096 0.997294 16.7832 -0.0378351 0.998679 0.0347615 -0.662407 -0.997096 -0.04003 0.0647806 83.6501
0.0705039 -0.030893 0.997033 17.5556 -0.0361309 0.998785 0.0335022 -0.645134 -0.996857 -0.0383858 0.0693021 83.7254
0.0728287 -0.0274145 0.996968 18.4223 -0.0295354 0.999124 0.0296314 -0.632659 -0.996907 -0.0316038 0.0719552 83.8209
0.0717214 -0.019893 0.997226 19.2686 -0.0213465 0.999541 0.0214745 -0.602069 -0.997196 -0.0228275 0.0712639 83.9177
0.0743184 -0.0182123 0.997068 20.0505 -0.0191326 0.999623 0.0196851 -0.591397 -0.997051 -0.0205395 0.0739419 83.9635
0.0720627 -0.0144982 0.997295 20.863 -0.0184481 0.999704 0.0158663 -0.58001 -0.997229 -0.0195415 0.0717739 84.0273
0.0726566 -0.0114171 0.997292 21.6542 -0.0210733 0.999694 0.0129799 -0.577126 -0.997134 -0.0219593 0.0723937 84.1041
0.0701144 -0.0102154 0.997487 22.4629 -0.0191393 0.99975 0.0115838 -0.569903 -0.997355 -0.0199034 0.0699013 84.1851
0.0743125 -0.0142929 0.997133 23.2557 -0.0150964 0.999767 0.0154557 -0.573111 -0.997121 -0.0162016 0.0740794 84.1801
0.0745261 -0.00970016 0.997172 24.1078 -0.0133036 0.999854 0.0107205 -0.58166 -0.99713 -0.014065 0.0743861 84.2858
