1 1.04742e-006 -0.000695241 -0.023989 1.04742e-006 0.999995 0.00301311 -0.0215971 0.000695241 -0.00301311 0.999995 1.52895
0.999998 3.21019e-006 -0.00181832 -0.0360916 3.21019e-006 0.999994 0.00353093 -0.0331449 0.00181832 -0.00353093 0.999992 3.05247
1 1.28634e-006 -0.000778731 -0.129152 1.28634e-006 0.999995 0.00330367 -0.0457289 0.000778731 -0.00330367 0.999994 4.56417
1 1.38515e-006 -0.000955132 -0.0957857 1.38515e-006 0.999996 0.00290043 -0.0731241 0.000955132 -0.00290043 0.999995 6.07906
0.999998 3.23229e-006 -0.00176061 -0.174428 3.23229e-006 0.999993 0.00367176 -0.0941748 0.00176061 -0.00367176 0.999992 7.61315
0.999996 5.70178e-006 -0.00297357 -0.166196 5.70178e-006 0.999993 0.00383494 -0.112818 0.00297357 -0.00383494 0.999988 9.09759
0.999986 7.37792e-006 -0.00538006 -0.174452 7.37792e-006 0.999996 0.00274267 -0.121733 0.00538006 -0.00274267 0.999982 10.5976
0.99998 1.16666e-005 -0.0063789 -0.182598 1.16666e-005 0.999993 0.00365782 -0.158209 0.0063789 -0.00365782 0.999973 12.0924
0.999961 1.71475e-005 -0.0088228 -0.189348 1.71475e-005 0.999992 0.00388699 -0.175606 0.0088228 -0.00388699 0.999954 13.5856
0.999958 1.60969e-005 -0.00920362 -0.236007 1.60969e-005 0.999994 0.00349787 -0.183023 0.00920362 -0.00349787 0.999952 15.0739
0.999966 1.86799e-005 -0.0082585 -0.281769 1.86799e-005 0.99999 0.0045237 -0.211816 0.0082585 -0.0045237 0.999956 16.5578
0.999954 2.73735e-005 -0.00956363 -0.285136 2.73735e-005 0.999984 0.00572432 -0.229223 0.00956363 -0.00572432 0.999938 18.0408
0.99996 2.66444e-005 -0.00891234 -0.334241 2.66444e-005 0.999982 0.00597905 -0.229689 0.00891234 -0.00597905 0.999942 19.5142
0.999935 3.13761e-005 -0.0113861 -0.308898 3.13761e-005 0.999985 0.00551108 -0.221652 0.0113861 -0.00551108 0.99992 20.9883
0.99995 2.96302e-005 -0.0100352 -0.372909 2.96302e-005 0.999983 0.00590503 -0.249569 0.0100352 -0.00590503 0.999932 22.4496
0.999936 3.6021e-005 -0.0113261 -0.369575 3.6021e-005 0.99998 0.00636043 -0.251626 0.0113261 -0.00636043 0.999916 23.9073
0.999929 4.25382e-005 -0.0119036 -0.378325 4.25382e-005 0.999974 0.00714678 -0.249896 0.0119036 -0.00714678 0.999904 25.3598
0.999963 2.77457e-005 -0.0085916 -0.47205 2.77457e-005 0.999979 0.00645861 -0.285395 0.0085916 -0.00645861 0.999942 26.7985
0.999968 1.48961e-005 -0.00805164 -0.521528 1.48961e-005 0.999993 0.00370006 -0.279271 0.00805164 -0.00370006 0.999961 28.2301
0.999971 1.36911e-005 -0.00766142 -0.545593 1.36911e-005 0.999994 0.00357396 -0.2996 0.00766142 -0.00357396 0.999964 29.6564
0.999957 2.81202e-005 -0.00931753 -0.490912 2.81202e-005 0.999982 0.00603578 -0.318527 0.00931753 -0.00603578 0.999938 31.0768
0.999975 2.54862e-005 -0.00705368 -0.563307 2.54862e-005 0.999974 0.00722617 -0.321743 0.00705368 -0.00722617 0.999949 32.4885
0.999982 2.09759e-005 -0.005928 -0.584756 2.09759e-005 0.999975 0.00707675 -0.333935 0.005928 -0.00707675 0.999957 33.8821
0.999977 1.66834e-005 -0.00676397 -0.593036 1.66834e-005 0.999988 0.00493295 -0.348807 0.00676397 -0.00493295 0.999965 35.267
0.999984 1.16843e-005 -0.00556812 -0.611815 1.16843e-005 0.999991 0.00419681 -0.359758 0.00556812 -0.00419681 0.999976 36.6348
0.999988 6.61127e-006 -0.00498234 -0.639643 6.61127e-006 0.999996 0.00265386 -0.364114 0.00498234 -0.00265386 0.999984 37.9913
0.999993 7.96523e-006 -0.0037272 -0.651509 7.96523e-006 0.999991 0.00427408 -0.393458 0.0037272 -0.00427408 0.999984 39.3255
0.999993 1.19837e-005 -0.00381195 -0.6408 1.19837e-005 0.99998 0.00628734 -0.409462 0.00381195 -0.00628734 0.999973 40.6497
0.999996 1.02984e-005 -0.00274037 -0.63177 1.02984e-005 0.999972 0.00751594 -0.42279 0.00274037 -0.00751594 0.999968 41.953
1 3.09099e-006 -0.000812822 -0.644707 3.09099e-006 0.999971 0.00760547 -0.428294 0.000812822 -0.00760547 0.999971 43.2355
0.999986 -1.8049e-005 0.00531747 -0.746264 -1.8049e-005 0.999977 0.00678844 -0.433566 -0.00531747 -0.00678844 0.999963 44.4945
0.999964 -2.17738e-005 0.00853103 -0.713393 -2.17738e-005 0.999987 0.00510449 -0.455109 -0.00853103 -0.00510449 0.999951 45.7379
0.99993 -1.93101e-005 0.0118664 -0.708766 -1.93101e-005 0.999995 0.00325447 -0.471123 -0.0118664 -0.00325447 0.999924 46.97
0.99987 -3.20037e-005 0.0161134 -0.688368 -3.20037e-005 0.999992 0.00397205 -0.487111 -0.0161134 -0.00397205 0.999862 48.1907
0.999765 -4.00416e-005 0.021698 -0.672301 -4.00416e-005 0.999993 0.00369036 -0.500103 -0.021698 -0.00369036 0.999758 49.3999
0.999575 -3.06346e-005 0.0291555 -0.689851 -3.06346e-005 0.999998 0.00210101 -0.522525 -0.0291555 -0.00210101 0.999573 50.5979
0.99933 -4.57612e-005 0.0365971 -0.656208 -4.57612e-005 0.999997 0.00249997 -0.544068 -0.0365971 -0.00249997 0.999327 51.7834
0.999007 -6.96878e-005 0.0445609 -0.597738 -6.96878e-005 0.999995 0.0031262 -0.553548 -0.0445609 -0.0031262 0.999002 52.9597
0.998492 -0.000109411 0.0548929 -0.526625 -0.000109411 0.999992 0.00398332 -0.571836 -0.0548929 -0.00398332 0.998484 54.1223
0.997733 -0.000126023 0.0672958 -0.441285 -0.000126023 0.999993 0.00374107 -0.587096 -0.0672958 -0.00374107 0.997726 55.2682
0.996569 -0.000171535 0.0827681 -0.366711 -0.000171535 0.999991 0.00413782 -0.601325 -0.0827681 -0.00413782 0.99656 56.3987
0.995199 -0.000268416 0.0978764 -0.232981 -0.000268416 0.999985 0.00547158 -0.616214 -0.0978764 -0.00547158 0.995184 57.513
0.99324 -0.000378846 0.116075 -0.107283 -0.000378846 0.999979 0.00650548 -0.630899 -0.116075 -0.00650548 0.993219 58.6197
0.990906 -0.000411542 0.134553 0.0499974 -0.000411542 0.999981 0.0060893 -0.649182 -0.134553 -0.0060893 0.990888 59.7074
0.987893 -0.000426672 0.155138 0.219719 -0.000426672 0.999985 0.00546721 -0.654653 -0.155138 -0.00546721 0.987878 60.7796
0.984547 -0.00053445 0.175117 0.444215 -0.00053445 0.999982 0.00605669 -0.66673 -0.175117 -0.00605669 0.984529 61.8311
0.980289 -0.000890998 0.197569 0.657562 -0.000890998 0.99996 0.00893056 -0.678015 -0.197569 -0.00893056 0.980248 62.873
0.975373 -0.00128717 0.220558 0.9085 -0.00128717 0.999933 0.0115278 -0.688932 -0.220558 -0.0115278 0.975306 63.8952
0.969665 -0.0015555 0.244432 1.16705 -0.0015555 0.99992 0.0125339 -0.705508 -0.244432 -0.0125339 0.969585 64.9019
0.9631 -0.0016702 0.269139 1.46924 -0.0016702 0.999924 0.012182 -0.707863 -0.269139 -0.012182 0.963024 65.8804
0.955301 -0.00204068 0.295628 1.77942 -0.00204068 0.999907 0.0134965 -0.717287 -0.295628 -0.0134965 0.955208 66.8465
0.946682 -0.00266498 0.322159 2.13275 -0.00266498 0.999867 0.0161023 -0.714082 -0.322159 -0.0161023 0.946549 67.7872
0.936524 -0.00346069 0.350586 2.47758 -0.00346069 0.999811 0.0191139 -0.725243 -0.350586 -0.0191139 0.936335 68.7245
0.925633 -0.00390501 0.378403 2.88402 -0.00390501 0.999795 0.0198699 -0.718782 -0.378403 -0.0198699 0.925428 69.6225
0.913841 -0.00353577 0.406056 3.32343 -0.00353577 0.999855 0.0166637 -0.720926 -0.406056 -0.0166637 0.913696 70.485
0.900639 -0.00292174 0.434559 3.75497 -0.00292174 0.999914 0.0127783 -0.725263 -0.434559 -0.0127783 0.900553 71.3424
0.886783 -0.00290604 0.462177 4.23988 -0.00290604 0.999925 0.0118631 -0.720747 -0.462177 -0.0118631 0.886708 72.1673
0.870638 -0.00354593 0.491911 4.7164 -0.00354593 0.999903 0.0134837 -0.732534 -0.491911 -0.0134837 0.870541 72.9944
0.852924 -0.00443862 0.522016 5.23846 -0.00443862 0.999866 0.015754 -0.727748 -0.522016 -0.015754 0.85279 73.7946
0.832799 -0.00515714 0.553551 5.76419 -0.00515714 0.999841 0.0170737 -0.734062 -0.553551 -0.0170737 0.83264 74.5762
0.811557 -0.00340674 0.584263 6.3287 -0.00340674 0.999938 0.0105625 -0.73128 -0.584263 -0.0105625 0.811496 75.3167
0.789432 -0.000903479 0.613838 6.9086 -0.000903479 0.999996 0.00263377 -0.742268 -0.613838 -0.00263377 0.789428 76.035
0.766936 -8.22061e-005 0.641723 7.51744 -8.22061e-005 1 0.000226348 -0.750631 -0.641723 -0.000226348 0.766936 76.7214
0.743335 -0.000828518 0.668919 8.14753 -0.000828518 0.999997 0.00215928 -0.751104 -0.668919 -0.00215928 0.743332 77.3939
0.719139 -0.0012646 0.694865 8.80509 -0.0012646 0.999994 0.00312869 -0.769112 -0.694865 -0.00312869 0.719134 78.0269
0.694336 -0.000369227 0.719651 9.48098 -0.000369227 1 0.000869304 -0.769546 -0.719651 -0.000869304 0.694336 78.6182
0.667927 0.00022121 0.744227 10.1588 0.00022121 1 -0.000495765 -0.795276 -0.744227 0.000495765 0.667927 79.2094
0.64054 0.00134591 0.767924 10.8523 0.00134591 0.999995 -0.0028753 -0.795769 -0.767924 0.0028753 0.640535 79.7786
0.612229 0.0019947 0.790678 11.5733 0.0019947 0.99999 -0.00406726 -0.801092 -0.790678 0.00406726 0.612219 80.3225
0.583533 0.00490074 0.812075 12.3175 0.00490074 0.999942 -0.00955602 -0.811061 -0.812075 0.00955602 0.583475 80.8308
0.553895 0.00867071 0.832542 13.0856 0.00867071 0.999831 -0.0161817 -0.847059 -0.832542 0.0161817 0.553726 81.3079
0.522569 0.0124164 0.852506 13.8713 0.0124164 0.999677 -0.0221709 -0.869207 -0.852506 0.0221709 0.522247 81.7843
0.490702 0.0158059 0.871184 14.6861 0.0158059 0.999509 -0.027037 -0.89499 -0.871184 0.027037 0.490211 82.2253
0.459795 0.0172246 0.887858 15.5473 0.0172246 0.999451 -0.0283097 -0.891971 -0.887858 0.0283097 0.459246 82.5781
0.426435 0.0194578 0.904309 16.3701 0.0194578 0.99934 -0.030678 -0.94724 -0.904309 0.030678 0.425775 83.0243
0.391704 0.0233913 0.919794 17.2335 0.0233913 0.999101 -0.0353695 -0.966895 -0.919794 0.0353695 0.390804 83.3698
0.356236 0.0298662 0.933919 18.1108 0.0298662 0.998614 -0.0433274 -0.980328 -0.933919 0.0433274 0.354851 83.703
0.321106 0.0350064 0.946396 18.9984 0.0350064 0.998195 -0.0487998 -1.02012 -0.946396 0.0487998 0.319301 84.0106
0.285096 0.0384377 0.957728 19.9104 0.0384377 0.997933 -0.0514934 -1.07476 -0.957728 0.0514934 0.283029 84.2596
0.248774 0.0419743 0.967652 20.8322 0.0419743 0.997655 -0.054067 -1.12343 -0.967652 0.054067 0.246428 84.4873
0.212743 0.042902 0.976166 21.7712 0.042902 0.997662 -0.0531968 -1.18715 -0.976166 0.0531968 0.210405 84.6743
0.176144 0.0467454 0.983254 22.7113 0.0467454 0.997348 -0.0557897 -1.28134 -0.983254 0.0557897 0.173492 84.8463
0.141402 0.0404123 0.989127 23.6731 0.0404123 0.998098 -0.046556 -1.31616 -0.989127 0.046556 0.1395 84.9349
0.106951 0.0428552 0.99334 24.6266 0.0428552 0.997943 -0.047668 -1.3878 -0.99334 0.047668 0.104895 85.0232
0.0744737 0.0440364 0.99625 25.589 0.0440364 0.997905 -0.0474014 -1.43367 -0.99625 0.0474014 0.0723784 85.066
0.0456179 0.0387264 0.998208 26.5528 0.0387264 0.998429 -0.0405047 -1.48799 -0.998208 0.0405047 0.0440465 85.0546
0.0189845 0.0406766 0.998992 27.5233 0.0406766 0.998313 -0.041422 -1.54403 -0.998992 0.041422 0.0172979 85.0604
-0.00287632 0.0386851 0.999247 28.5053 0.0386851 0.998508 -0.0385451 -1.57226 -0.999247 0.0385451 -0.00436856 85.0755
-0.0219073 0.040557 0.998937 29.4877 0.040557 0.99839 -0.0396453 -1.61868 -0.998937 0.0396453 -0.0235169 85.029
-0.0379635 0.0379922 0.998557 30.4658 0.0379922 0.998609 -0.0365498 -1.66851 -0.998557 0.0365498 -0.0393541 84.977
-0.0529749 0.0361865 0.99794 31.4468 0.0361865 0.998756 -0.0342952 -1.71552 -0.99794 0.0342952 -0.0542185 84.9052
-0.0656788 0.0316076 0.99734 32.4335 0.0316076 0.999063 -0.0295807 -1.75448 -0.99734 0.0295807 -0.0666163 84.8452
-0.0748406 0.0249766 0.996883 33.4229 0.0249766 0.99942 -0.023165 -1.79131 -0.996883 0.023165 -0.075421 84.7497
-0.0810857 0.0202443 0.996502 34.4139 0.0202443 0.999621 -0.0186604 -1.82627 -0.996502 0.0186604 -0.0814648 84.6679
-0.0847856 0.019438 0.99621 35.4057 0.019438 0.999652 -0.0178508 -1.86046 -0.99621 0.0178508 -0.0851339 84.5798
-0.0884745 0.0162829 0.995945 36.4058 0.0162829 0.999756 -0.0148987 -1.8963 -0.995945 0.0148987 -0.0887181 84.5006
-0.091367 0.0165212 0.99568 37.4079 0.0165212 0.99975 -0.0150727 -1.92544 -0.99568 0.0150727 -0.0916171 84.4126
-0.0935815 0.0135399 0.99552 38.411 0.0135399 0.999832 -0.0123258 -1.95228 -0.99552 0.0123258 -0.0937491 84.3102
-0.0952627 0.0111065 0.99539 39.4154 0.0111065 0.999887 -0.0100937 -1.97897 -0.99539 0.0100937 -0.0953753 84.2068
-0.0988668 0.00971033 0.995053 40.4292 0.00971033 0.999914 -0.00879297 -2.00907 -0.995053 0.00879297 -0.0989527 84.1257
-0.101677 0.0103976 0.994763 41.451 0.0103976 0.999902 -0.00938858 -2.01999 -0.994763 0.00938858 -0.101775 84.0345
-0.103159 0.0110138 0.994604 42.4707 0.0110138 0.99989 -0.00992997 -2.0308 -0.994604 0.00992997 -0.103269 83.9115
-0.105349 0.00638912 0.994415 43.4969 0.00638912 0.999963 -0.0057479 -2.03519 -0.994415 0.0057479 -0.105385 83.8545
-0.110066 0.0128631 0.993841 44.5215 0.0128631 0.999851 -0.0115163 -2.05735 -0.993841 0.0115163 -0.110215 83.7485
-0.112556 0.0093422 0.993601 45.559 0.0093422 0.999922 -0.00834333 -2.07769 -0.993601 0.00834333 -0.112634 83.6988
-0.11492 0.0143558 0.993271 46.5922 0.0143558 0.999815 -0.0127894 -2.09028 -0.993271 0.0127894 -0.115105 83.5521
-0.116872 0.0171713 0.992999 47.631 0.0171713 0.999736 -0.0152668 -2.11907 -0.992999 0.0152668 -0.117136 83.4492
-0.118893 0.0194902 0.992716 48.6736 0.0194902 0.99966 -0.0172923 -2.14056 -0.992716 0.0172923 -0.119233 83.3148
-0.121501 0.0221458 0.992344 49.7214 0.0221458 0.999563 -0.0195954 -2.16969 -0.992344 0.0195954 -0.121938 83.198
-0.124562 0.0268842 0.991848 50.7819 0.0268842 0.999357 -0.0237115 -2.18565 -0.991848 0.0237115 -0.125204 83.0792
-0.126563 0.0261067 0.991615 51.838 0.0261067 0.999395 -0.0229795 -2.20772 -0.991615 0.0229795 -0.127168 82.9379
-0.128677 0.0291513 0.991258 52.8984 0.0291513 0.999247 -0.025602 -2.237 -0.991258 0.025602 -0.12943 82.8139
-0.129379 0.0260262 0.991254 53.9541 0.0260262 0.9994 -0.0228431 -2.27822 -0.991254 0.0228431 -0.129979 82.6551
-0.130899 0.0268036 0.991033 55.0173 0.0268036 0.999365 -0.0234886 -2.30784 -0.991033 0.0234886 -0.131534 82.5264
-0.131025 0.0279611 0.990985 56.0886 0.0279611 0.999309 -0.024499 -2.34912 -0.990985 0.024499 -0.131716 82.3862
-0.130605 0.0311086 0.990946 57.1656 0.0311086 0.999144 -0.0272659 -2.36892 -0.990946 0.0272659 -0.131461 82.2542
-0.129612 0.0364072 0.990896 58.2418 0.0364072 0.998827 -0.0319364 -2.41191 -0.990896 0.0319364 -0.130785 82.1082
-0.129408 0.0402486 0.990774 59.3219 0.0402486 0.998566 -0.0353082 -2.44659 -0.990774 0.0353082 -0.130842 81.9829
-0.127738 0.0448409 0.990794 60.4029 0.0448409 0.998217 -0.0393958 -2.50359 -0.990794 0.0393958 -0.129521 81.8196
-0.128674 0.0498247 0.990435 61.4996 0.0498247 0.997801 -0.0437222 -2.54885 -0.990435 0.0437222 -0.130873 81.7136
-0.128421 0.0503853 0.990439 62.6073 0.0503853 0.99775 -0.0442243 -2.59067 -0.990439 0.0442243 -0.130671 81.5621
-0.129077 0.0486694 0.99044 63.7124 0.0486694 0.997902 -0.0426934 -2.6427 -0.99044 0.0426934 -0.131175 81.4254
-0.1292 0.0432655 0.990674 64.8226 0.0432655 0.998342 -0.0379579 -2.68518 -0.990674 0.0379579 -0.130858 81.2713
-0.130243 0.0358323 0.990834 65.9267 0.0358323 0.998864 -0.0314126 -2.73347 -0.990834 0.0314126 -0.131379 81.1312
-0.129245 0.0268562 0.991249 67.0289 0.0268562 0.999361 -0.0235743 -2.77789 -0.991249 0.0235743 -0.129883 80.9611
-0.128924 0.0227847 0.991393 68.139 0.0227847 0.99954 -0.0200089 -2.82182 -0.991393 0.0200089 -0.129384 80.8153
-0.1294 0.0218424 0.991352 69.2561 0.0218424 0.999578 -0.0191726 -2.85678 -0.991352 0.0191726 -0.129822 80.6861
-0.126662 0.0223142 0.991695 70.3782 0.0223142 0.999558 -0.0196411 -2.88787 -0.991695 0.0196411 -0.127104 80.5111
-0.12565 0.0235341 0.991795 71.5117 0.0235341 0.999508 -0.0207356 -2.91473 -0.991795 0.0207356 -0.126142 80.3609
-0.126394 0.028161 0.99158 72.6523 0.028161 0.999296 -0.0247905 -2.94392 -0.99158 0.0247905 -0.127098 80.2428
-0.124636 0.0280224 0.991807 73.7838 0.0280224 0.999302 -0.0247127 -2.9704 -0.991807 0.0247127 -0.125334 80.0828
-0.125283 0.0298846 0.991671 74.9251 0.0298846 0.999206 -0.0263362 -3.01262 -0.991671 0.0263362 -0.126076 79.9704
-0.12419 0.0284722 0.99185 76.0637 0.0284722 0.999279 -0.0251204 -3.05903 -0.99185 0.0251204 -0.124911 79.813
-0.124344 0.0292353 0.991808 77.218 0.0292353 0.99924 -0.0257891 -3.09913 -0.991808 0.0257891 -0.125104 79.6848
-0.123584 0.0276912 0.991948 78.382 0.0276912 0.999318 -0.024447 -3.13045 -0.991948 0.024447 -0.124266 79.5371
-0.123463 0.0289596 0.991926 79.5411 0.0289596 0.999254 -0.0255689 -3.15799 -0.991926 0.0255689 -0.12421 79.3887
-0.123351 0.0308643 0.991883 80.7013 0.0308643 0.999152 -0.0272522 -3.19417 -0.991883 0.0272522 -0.124199 79.2597
-0.123161 0.0306484 0.991913 81.8646 0.0306484 0.999164 -0.0270669 -3.23135 -0.991913 0.0270669 -0.123998 79.1244
-0.123468 0.0330297 0.991799 83.0419 0.0330297 0.999029 -0.0291587 -3.273 -0.991799 0.0291587 -0.124439 78.9882
-0.123389 0.0341103 0.991772 84.2056 0.0341103 0.998964 -0.0301139 -3.31336 -0.991772 0.0301139 -0.124424 78.8553
-0.123035 0.0339563 0.991821 85.371 0.0339563 0.998973 -0.0299889 -3.35427 -0.991821 0.0299889 -0.124062 78.7196
-0.122924 0.0334666 0.991852 86.5442 0.0334666 0.999003 -0.0295603 -3.39674 -0.991852 0.0295603 -0.123921 78.5891
-0.121835 0.0297539 0.992104 87.7192 0.0297539 0.999211 -0.0263132 -3.43296 -0.992104 0.0263132 -0.122624 78.4367
-0.119853 0.0300444 0.992337 88.9071 0.0300444 0.999194 -0.0266233 -3.47646 -0.992337 0.0266233 -0.120659 78.2866
-0.118993 0.0291302 0.992468 90.0968 0.0291302 0.999242 -0.0258364 -3.50065 -0.992468 0.0258364 -0.119751 78.1495
-0.118513 0.0311132 0.992465 91.3086 0.0311132 0.999135 -0.0276069 -3.54377 -0.992465 0.0276069 -0.119379 78.0144
-0.115606 0.030453 0.992828 92.5213 0.030453 0.999169 -0.0271015 -3.56204 -0.992828 0.0271015 -0.116438 77.8479
-0.115125 0.030307 0.992889 93.74 0.030307 0.999176 -0.0269848 -3.61675 -0.992889 0.0269848 -0.115948 77.7377
-0.112833 0.0319473 0.9931 94.9613 0.0319473 0.999083 -0.02851 -3.64888 -0.9931 0.02851 -0.11375 77.5831
-0.112049 0.0296541 0.99326 96.1859 0.0296541 0.999209 -0.0264865 -3.65027 -0.99326 0.0264865 -0.11284 77.4484
-0.110417 0.0324497 0.993355 97.4168 0.0324497 0.999052 -0.0290288 -3.72685 -0.993355 0.0290288 -0.111366 77.3261
-0.108861 0.0342886 0.993465 98.6493 0.0342886 0.99894 -0.0307203 -3.73942 -0.993465 0.0307203 -0.109921 77.1944
-0.108021 0.0368518 0.993465 99.8829 0.0368518 0.998774 -0.0330418 -3.77695 -0.993465 0.0330418 -0.109246 77.0634
-0.106998 0.03904 0.993492 101.122 0.03904 0.998623 -0.0350371 -3.8268 -0.993492 0.0350371 -0.108375 76.9138
-0.108718 0.0438571 0.993105 102.371 0.0438571 0.998265 -0.0392839 -3.87985 -0.993105 0.0392839 -0.110452 76.8058
-0.108531 0.0447504 0.993085 103.62 0.0447504 0.998193 -0.04009 -3.93164 -0.993085 0.04009 -0.110338 76.6584
-0.109683 0.0471501 0.992848 104.868 0.0471501 0.997997 -0.0421858 -3.99407 -0.992848 0.0421858 -0.111687 76.5287
-0.110995 0.0462153 0.992746 106.118 0.0462153 0.998078 -0.0412964 -4.04477 -0.992746 0.0412964 -0.112918 76.3916
-0.11396 0.0480784 0.992321 107.369 0.0480784 0.997925 -0.0428285 -4.11001 -0.992321 0.0428285 -0.116035 76.2607
-0.115108 0.0529157 0.991943 108.616 0.0529157 0.997489 -0.047071 -4.18213 -0.991943 0.047071 -0.117619 76.0895
-0.119513 0.0544017 0.991341 109.858 0.0544017 0.997356 -0.0481733 -4.2292 -0.991341 0.0481733 -0.122157 75.9455
-0.124717 0.0601683 0.990366 111.086 0.0601683 0.996781 -0.0529811 -4.30886 -0.990366 0.0529811 -0.127936 75.8001
-0.131352 0.0581647 0.989628 112.319 0.0581647 0.99701 -0.0508785 -4.39023 -0.989628 0.0508785 -0.134342 75.6148
-0.140322 0.0585881 0.988371 113.538 0.0585881 0.99699 -0.050781 -4.46857 -0.988371 0.050781 -0.143333 75.4195
-0.150437 0.0579958 0.986917 114.766 0.0579958 0.997076 -0.0497525 -4.53136 -0.986917 0.0497525 -0.15336 75.2181
-0.163648 0.0609804 0.984632 115.988 0.0609804 0.996804 -0.0515991 -4.5961 -0.984632 0.0515991 -0.166844 75.0146
-0.177747 0.0604914 0.982215 117.205 0.0604914 0.996893 -0.0504485 -4.6631 -0.982215 0.0504485 -0.180854 74.7806
-0.191995 0.0627906 0.979385 118.416 0.0627906 0.996692 -0.051591 -4.73525 -0.979385 0.051591 -0.195303 74.5336
-0.208166 0.0585808 0.976338 119.616 0.0585808 0.99716 -0.0473401 -4.81492 -0.976338 0.0473401 -0.211007 74.2659
-0.222631 0.0609579 0.972995 120.769 0.0609579 0.996961 -0.0485116 -5.05527 -0.972995 0.0485116 -0.22567 73.9487
-0.238981 0.0595635 0.969196 121.965 0.0595635 0.997137 -0.0465937 -5.04615 -0.969196 0.0465937 -0.241845 73.6898
-0.252992 0.0684224 0.965046 123.127 0.0684224 0.996264 -0.0526985 -5.15981 -0.965046 0.0526985 -0.256729 73.351
-0.267469 0.0789999 0.960323 124.316 0.0789999 0.995076 -0.0598558 -5.19733 -0.960323 0.0598558 -0.272393 73.035
-0.281533 0.0874841 0.955555 125.486 0.0874841 0.994028 -0.0652311 -5.2813 -0.955555 0.0652311 -0.287506 72.6837
-0.296282 0.0907741 0.950777 126.644 0.0907741 0.993643 -0.0665796 -5.35492 -0.950777 0.0665796 -0.302638 72.3182
-0.31021 0.0926526 0.946142 127.787 0.0926526 0.993448 -0.0669073 -5.45442 -0.946142 0.0669073 -0.316762 71.9258
-0.324888 0.0935237 0.941117 128.927 0.0935237 0.993398 -0.0664333 -5.54485 -0.941117 0.0664333 -0.33149 71.5405
-0.337788 0.0910685 0.936806 130.038 0.0910685 0.993801 -0.063772 -5.62661 -0.936806 0.063772 -0.343988 71.0707
-0.35169 0.0962668 0.931153 131.166 0.0962668 0.993144 -0.0663163 -5.71639 -0.931153 0.0663163 -0.358546 70.6546
-0.365289 0.099122 0.925602 132.275 0.099122 0.992804 -0.0672001 -5.79987 -0.925602 0.0672001 -0.372485 70.1944
-0.379554 0.103079 0.919409 133.374 0.103079 0.992298 -0.0686972 -5.88305 -0.919409 0.0686972 -0.387256 69.733
-0.394256 0.104141 0.913081 134.453 0.104141 0.992221 -0.0682004 -5.97345 -0.913081 0.0682004 -0.402035 69.239
-0.409372 0.103996 0.906421 135.541 0.103996 0.992326 -0.0668839 -6.06403 -0.906421 0.0668839 -0.417046 68.7463
-0.424042 0.101599 0.899926 136.608 0.101599 0.992751 -0.0642057 -6.14867 -0.899926 0.0642057 -0.43129 68.2109
-0.439029 0.100682 0.892814 137.678 0.100682 0.992956 -0.0624659 -6.23867 -0.892814 0.0624659 -0.446074 67.674
-0.454766 0.101881 0.884764 138.747 0.101881 0.992865 -0.0619626 -6.31881 -0.884764 0.0619626 -0.461901 67.1281
-0.468612 0.109571 0.876583 139.808 0.109571 0.991825 -0.0654005 -6.4035 -0.876583 0.0654005 -0.476787 66.5385
-0.482324 0.11944 0.867812 140.866 0.11944 0.990376 -0.0699249 -6.47203 -0.867812 0.0699249 -0.491948 65.9361
-0.497687 0.124428 0.858385 141.913 0.124428 0.989662 -0.0713148 -6.55381 -0.858385 0.0713148 -0.508025 65.3077
-0.512088 0.132642 0.84863 142.946 0.132642 0.988365 -0.0744427 -6.64902 -0.84863 0.0744427 -0.523723 64.6606
-0.527004 0.136903 0.838763 143.977 0.136903 0.987726 -0.0751989 -6.7324 -0.838763 0.0751989 -0.539278 63.9937
-0.542252 0.144273 0.827737 145.011 0.144273 0.986504 -0.0774325 -6.83066 -0.827737 0.0774325 -0.555748 63.3247
-0.555423 0.148486 0.818204 145.994 0.148486 0.985825 -0.0781083 -6.9245 -0.818204 0.0781083 -0.569597 62.582
-0.568783 0.158305 0.807109 146.997 0.158305 0.984026 -0.0814449 -7.02649 -0.807109 0.0814449 -0.584758 61.8505
-0.581669 0.168988 0.795678 147.992 0.168988 0.981945 -0.0850116 -7.11341 -0.795678 0.0850116 -0.599724 61.1013
-0.595037 0.174366 0.784555 148.967 0.174366 0.980939 -0.085766 -7.21479 -0.784555 0.085766 -0.614098 60.3258
-0.608213 0.183064 0.772376 149.947 0.183064 0.979162 -0.0879203 -7.33015 -0.772376 0.0879203 -0.629051 59.5457
-0.622103 0.188543 0.759894 150.896 0.188543 0.978085 -0.0883256 -7.45366 -0.759894 0.0883256 -0.644018 58.7363
-0.63613 0.195668 0.746359 151.84 0.195668 0.9766 -0.0892586 -7.56733 -0.746359 0.0892586 -0.659531 57.9113
-0.648489 0.208306 0.732168 152.766 0.208306 0.973678 -0.0925183 -7.67515 -0.732168 0.0925183 -0.674811 57.0488
-0.658016 0.229771 0.717092 153.677 0.229771 0.968158 -0.0993758 -7.78112 -0.717092 0.0993758 -0.689858 56.1626
-0.671094 0.243177 0.700355 154.578 0.243177 0.964613 -0.101915 -7.89699 -0.700355 0.101915 -0.706481 55.2646
-0.684188 0.256481 0.682719 155.442 0.256481 0.960941 -0.10397 -8.0237 -0.682719 0.10397 -0.723247 54.3297
-0.695217 0.276962 0.6633 156.296 0.276962 0.95475 -0.108369 -8.15331 -0.6633 0.108369 -0.740466 53.3832
-0.706346 0.294312 0.643783 157.146 0.294312 0.949237 -0.11104 -8.29323 -0.643783 0.11104 -0.757109 52.4049
-0.721736 0.298234 0.624622 157.958 0.298234 0.948341 -0.108195 -8.42582 -0.624622 0.108195 -0.773396 51.3897
-0.730977 0.314546 0.605585 158.742 0.314546 0.942842 -0.110044 -8.5726 -0.605585 0.110044 -0.788135 50.3547
-0.741859 0.326138 0.585901 159.511 0.326138 0.938935 -0.109701 -8.70114 -0.585901 0.109701 -0.802923 49.3013
-0.753441 0.334225 0.566234 160.232 0.334225 0.936293 -0.10793 -8.84587 -0.566234 0.10793 -0.817148 48.2257
-0.766305 0.338909 0.545818 160.934 0.338909 0.934972 -0.104729 -8.97704 -0.545818 0.104729 -0.831333 47.1483
-0.773994 0.35276 0.525826 161.614 0.35276 0.929853 -0.104561 -9.12077 -0.525826 0.104561 -0.844141 46.0506
-0.77627 0.374549 0.507069 162.254 0.374549 0.921022 -0.106922 -9.23462 -0.507069 0.106922 -0.855248 44.9312
-0.782345 0.386841 0.488149 162.898 0.386841 0.91604 -0.105948 -9.37763 -0.488149 0.105948 -0.866306 43.8123
-0.793313 0.384193 0.472282 163.476 0.384193 0.917692 -0.10118 -9.49074 -0.472282 0.10118 -0.875621 42.6638
-0.795656 0.400015 0.454884 164.068 0.400015 0.910889 -0.101334 -9.62419 -0.454884 0.101334 -0.884767 41.5206
-0.794156 0.420255 0.438979 164.648 0.420255 0.901562 -0.102824 -9.76101 -0.438979 0.102824 -0.892594 40.3688
-0.789887 0.444083 0.422929 165.202 0.444083 0.88982 -0.104931 -9.89966 -0.422929 0.104931 -0.900067 39.206
-0.787356 0.460764 0.409595 165.711 0.460764 0.881219 -0.10559 -10.0182 -0.409595 0.10559 -0.906136 38.0219
-0.778983 0.48715 0.394805 166.233 0.48715 0.866601 -0.108112 -10.1557 -0.394805 0.108112 -0.912382 36.8469
-0.762357 0.522355 0.382043 166.7 0.522355 0.845176 -0.113236 -10.2803 -0.382043 0.113236 -0.917181 35.6418
-0.747057 0.552677 0.369397 167.207 0.552677 0.825162 -0.116858 -10.4179 -0.369397 0.116858 -0.921895 34.4505
-0.734298 0.575979 0.359241 167.659 0.575979 0.808711 -0.119308 -10.5506 -0.359241 0.119308 -0.925587 33.2372
-0.738652 0.575399 0.351153 168.119 0.575399 0.809574 -0.116212 -10.7046 -0.351153 0.116212 -0.929078 32.0392
-0.742642 0.573869 0.34519 168.545 0.573869 0.811019 -0.113675 -10.8567 -0.34519 0.113675 -0.931623 30.8274
-0.751519 0.564916 0.340719 168.974 0.564916 0.817798 -0.109892 -10.9944 -0.340719 0.109892 -0.933721 29.6195
-0.739707 0.58354 0.335134 169.415 0.58354 0.804267 -0.112412 -11.1563 -0.335134 0.112412 -0.93544 28.4092
-0.710048 0.623376 0.327467 169.868 0.623376 0.772756 -0.119374 -11.3237 -0.327467 0.119374 -0.937292 27.2072
-0.695852 0.641248 0.323407 170.285 0.641248 0.757527 -0.122289 -11.4747 -0.323407 0.122289 -0.938325 25.9897
-0.686977 0.653419 0.317971 170.704 0.653419 0.74691 -0.12316 -11.6363 -0.317971 0.12316 -0.940067 24.778
-0.686704 0.655698 0.313843 171.111 0.655698 0.7451 -0.122005 -11.8165 -0.313843 0.122005 -0.941603 23.5695
-0.695341 0.64725 0.312358 171.506 0.64725 0.752892 -0.119253 -11.9684 -0.312358 0.119253 -0.94245 22.3496
-0.700282 0.64248 0.311165 171.905 0.64248 0.757228 -0.117579 -12.1556 -0.311165 0.117579 -0.943054 21.1369
-0.707727 0.633671 0.312384 172.292 0.633671 0.76487 -0.115914 -12.3158 -0.312384 0.115914 -0.942857 19.9151
-0.718232 0.621141 0.31357 172.695 0.621141 0.775457 -0.113356 -12.4675 -0.31357 0.113356 -0.942775 18.7084
-0.721606 0.616918 0.314159 173.09 0.616918 0.778934 -0.112575 -12.6356 -0.314159 0.112575 -0.942672 17.5165
-0.733216 0.60047 0.319108 173.468 0.60047 0.791968 -0.110555 -12.7427 -0.319108 0.110555 -0.941248 16.3057
-0.73093 0.602437 0.320641 173.875 0.602437 0.790326 -0.111597 -12.9135 -0.320641 0.111597 -0.940604 15.1205
-0.732081 0.599141 0.32417 174.286 0.599141 0.792752 -0.112133 -13.0746 -0.32417 0.112133 -0.93933 13.9304
-0.730381 0.598293 0.32953 174.704 0.598293 0.793135 -0.113938 -13.2163 -0.32953 0.113938 -0.937245 12.7363
-0.723993 0.602576 0.335761 175.121 0.602576 0.789385 -0.117357 -13.3711 -0.335761 0.117357 -0.934608 11.5392
-0.720909 0.601628 0.343997 175.543 0.601628 0.789671 -0.120261 -13.5302 -0.343997 0.120261 -0.931238 10.3487
-0.724933 0.592832 0.350745 175.985 0.592832 0.796253 -0.120546 -13.7177 -0.350745 0.120546 -0.92868 9.17512
-0.729612 0.582696 0.357955 176.449 0.582696 0.803693 -0.120593 -13.9039 -0.357955 0.120593 -0.925919 8.00919
-0.745218 0.555546 0.368806 176.897 0.555546 0.823156 -0.1174 -14.066 -0.368806 0.1174 -0.922062 6.84016
-0.748202 0.545669 0.377411 177.398 0.545669 0.829679 -0.117802 -14.2601 -0.377411 0.117802 -0.918522 5.6856
-0.75883 0.521336 0.390367 177.879 0.521336 0.845471 -0.115709 -14.4255 -0.390367 0.115709 -0.913359 4.51579
-0.769678 0.49321 0.405387 178.375 0.49321 0.862542 -0.112982 -14.5826 -0.405387 0.112982 -0.907136 3.35331
-0.774616 0.473626 0.419103 178.902 0.473626 0.873594 -0.111854 -14.7614 -0.419103 0.111854 -0.901022 2.20115
-0.770683 0.468095 0.432359 179.46 0.468095 0.876255 -0.114298 -14.9285 -0.432359 0.114298 -0.894428 1.06094
-0.774113 0.449944 0.445308 180.034 0.449944 0.885887 -0.112938 -15.1107 -0.445308 0.112938 -0.888226 -0.0744242
-0.776789 0.431388 0.458806 180.636 0.431388 0.895263 -0.111394 -15.2648 -0.458806 0.111394 -0.881526 -1.19152
-0.775919 0.415972 0.474255 181.217 0.415972 0.902567 -0.111084 -15.4203 -0.474255 0.111084 -0.873352 -2.31724
-0.770165 0.410952 0.487816 181.828 0.410952 0.904596 -0.113249 -15.6071 -0.487816 0.113249 -0.865569 -3.41849
-0.768728 0.396881 0.501541 182.469 0.396881 0.910945 -0.11254 -15.7678 -0.501541 0.11254 -0.857783 -4.49322
-0.762576 0.391265 0.515159 183.107 0.391265 0.913145 -0.114357 -15.9832 -0.515159 0.114357 -0.849431 -5.55475
-0.761622 0.366972 0.534101 183.76 0.366972 0.923554 -0.111261 -16.1285 -0.534101 0.111261 -0.838067 -6.6064
-0.755559 0.352814 0.551953 184.385 0.352814 0.929095 -0.110926 -16.2751 -0.551953 0.110926 -0.826464 -7.67351
-0.749522 0.338137 0.569104 185.071 0.338137 0.934647 -0.109993 -16.4309 -0.569104 0.109993 -0.814876 -8.69112
-0.742171 0.32495 0.586165 185.788 0.32495 0.93939 -0.109331 -16.6082 -0.586165 0.109331 -0.802781 -9.68588
-0.739976 0.2848 0.609365 186.498 0.2848 0.953384 -0.0997411 -16.6666 -0.609365 0.0997411 -0.786592 -10.6978
-0.72669 0.289677 0.622904 187.318 0.289677 0.951403 -0.104501 -16.8685 -0.622904 0.104501 -0.775287 -11.6038
-0.718938 0.243389 0.651069 187.973 0.243389 0.965538 -0.0921864 -16.8781 -0.651069 0.0921864 -0.7534 -12.6526
-0.707113 0.219648 0.672121 188.781 0.219648 0.971739 -0.0864792 -16.9949 -0.672121 0.0864792 -0.735374 -13.5569
-0.693391 0.20361 0.691196 189.6 0.20361 0.975518 -0.0831079 -17.1143 -0.691196 0.0831079 -0.717873 -14.4261
-0.676879 0.203105 0.707519 190.48 0.203105 0.9754 -0.0856953 -17.2791 -0.707519 0.0856953 -0.701479 -15.229
-0.658479 0.193559 0.727283 191.344 0.193559 0.97741 -0.0848803 -17.3968 -0.727283 0.0848803 -0.681069 -16.0479
-0.639529 0.189619 0.745015 192.251 0.189619 0.97807 -0.0861644 -17.5563 -0.745015 0.0861644 -0.661459 -16.8148
-0.619918 0.181221 0.763453 193.16 0.181221 0.979727 -0.0854076 -17.6621 -0.763453 0.0854076 -0.640192 -17.5741
-0.599892 0.178459 0.779924 194.097 0.178459 0.980094 -0.0869961 -17.8017 -0.779924 0.0869961 -0.619798 -18.2881
-0.579455 0.170028 0.797071 195.047 0.170028 0.981696 -0.0858046 -17.9202 -0.797071 0.0858046 -0.597759 -18.9776
-0.557664 0.165019 0.813499 196.012 0.165019 0.982518 -0.086182 -18.0474 -0.813499 0.086182 -0.575146 -19.6451
-0.537208 0.15881 0.828364 197.007 0.15881 0.983593 -0.0855788 -18.1824 -0.828364 0.0855788 -0.553615 -20.2262
-0.511522 0.139806 0.84782 197.98 0.139806 0.987069 -0.0784178 -18.2972 -0.84782 0.0784178 -0.524453 -20.866
-0.486768 0.140762 0.862115 199.015 0.140762 0.986673 -0.0816221 -18.4421 -0.862115 0.0816221 -0.500095 -21.4021
-0.458398 0.138991 0.877811 200.019 0.138991 0.986754 -0.0836589 -18.52 -0.877811 0.0836589 -0.471645 -22.0115
-0.430667 0.128119 0.893371 201.076 0.128119 0.988527 -0.0800032 -18.6417 -0.893371 0.0800032 -0.44214 -22.5224
-0.401925 0.128453 0.906618 202.165 0.128453 0.98823 -0.0830701 -18.7527 -0.906618 0.0830701 -0.413694 -22.9082
-0.366661 0.0955312 0.925437 203.178 0.0955312 0.993322 -0.0646891 -18.8343 -0.925437 0.0646891 -0.373339 -23.5173
-0.275257 0.060209 0.959483 204.237 0.060209 0.997157 -0.0453003 -18.9407 -0.959483 0.0453003 -0.278099 -23.9757
-0.275257 0.060209 0.959483 205.296 0.060209 0.997157 -0.0453003 -19.0471 -0.959483 0.0453003 -0.278099 -24.4341
-0.294022 0.0722006 0.953068 206.592 0.0722006 0.995972 -0.0531769 -19.6012 -0.953068 0.0531769 -0.29805 -23.6228
-0.200358 0.0538856 0.97824 207.694 0.0538856 0.997581 -0.0439145 -19.5526 -0.97824 0.0439145 -0.202777 -24.1651
-0.200358 0.0538856 0.97824 208.796 0.0538856 0.997581 -0.0439145 -19.5039 -0.97824 0.0439145 -0.202777 -24.7073
-0.195206 0.0603032 0.978907 210.077 0.0603032 0.996957 -0.04939 -19.831 -0.978907 0.04939 -0.198249 -24.1525
-0.15825 0.0536479 0.985941 211.203 0.0536479 0.997515 -0.0456669 -19.9064 -0.985941 0.0456669 -0.160734 -24.3835
-0.122207 0.0485895 0.991314 212.37 0.0485895 0.997896 -0.0429221 -19.9488 -0.991314 0.0429221 -0.124311 -24.463
-0.0895517 0.0456378 0.994936 213.528 0.0456378 0.998088 -0.0416746 -20.0215 -0.994936 0.0416746 -0.0914633 -24.5217
-0.0526018 0.044931 0.997604 214.674 0.044931 0.998082 -0.0425834 -20.0788 -0.997604 0.0425834 -0.0545197 -24.5499
-0.0191449 0.0431897 0.998883 215.84 0.0431897 0.99817 -0.042331 -20.1333 -0.998883 0.042331 -0.0209752 -24.6026
0.0132653 0.0429935 0.998987 217 0.0429935 0.998127 -0.0435274 -20.2098 -0.998987 0.0435274 0.011392 -24.518
0.0473956 0.0413911 0.998018 218.158 0.0413911 0.998202 -0.0433643 -20.2745 -0.998018 0.0433643 0.0455971 -24.4802
0.080342 0.0373218 0.996068 219.313 0.0373218 0.998485 -0.0404227 -20.3445 -0.996068 0.0404227 0.0788274 -24.3765
0.113015 0.0344465 0.992996 220.459 0.0344465 0.998662 -0.0385636 -20.3993 -0.992996 0.0385636 0.111678 -24.2505
0.142343 0.030609 0.989344 221.611 0.030609 0.998908 -0.0353088 -20.4621 -0.989344 0.0353088 0.14125 -24.0652
0.171236 0.027054 0.984859 222.755 0.027054 0.999117 -0.0321495 -20.5116 -0.984859 0.0321495 0.170353 -23.8226
0.201732 0.0233452 0.979163 223.902 0.0233452 0.999317 -0.0286354 -20.5648 -0.979163 0.0286354 0.201049 -23.5917
0.230602 0.0193197 0.972856 225.041 0.0193197 0.999515 -0.0244285 -20.5984 -0.972856 0.0244285 0.230117 -23.2742
0.260228 0.0154727 0.965423 226.177 0.0154727 0.999676 -0.0201923 -20.6443 -0.965423 0.0201923 0.259904 -22.9563
0.289771 0.0119549 0.957021 227.306 0.0119549 0.999799 -0.016109 -20.6749 -0.957021 0.016109 0.28957 -22.5905
0.318937 0.00552574 0.94776 228.424 0.00552574 0.999955 -0.00768956 -20.7156 -0.94776 0.00768956 0.318893 -22.186
0.347056 0.00563023 0.937827 229.525 0.00563023 0.999951 -0.00808673 -20.7382 -0.937827 0.00808673 0.347008 -21.755
0.375226 0.00321479 0.926928 230.627 0.00321479 0.999983 -0.00476952 -20.7583 -0.926928 0.00476952 0.375209 -21.2928
0.401814 0.000431912 0.915721 231.687 0.000431912 1 -0.000661184 -20.762 -0.915721 0.000661184 0.401814 -20.7304
0.431347 -0.000227259 0.902186 232.776 -0.000227259 1 0.000360555 -20.785 -0.902186 -0.000360555 0.431347 -20.2588
0.45872 -0.00234054 0.888578 233.821 -0.00234054 0.99999 0.00384229 -20.7833 -0.888578 -0.00384229 0.45871 -19.6655
0.487148 -0.0034687 0.873313 234.873 -0.0034687 0.999977 0.00590669 -20.7983 -0.873313 -0.00590669 0.487125 -19.1064
0.512807 -0.00584518 0.858484 235.893 -0.00584518 0.99993 0.0102998 -20.8014 -0.858484 -0.0102998 0.512737 -18.439
0.538091 -0.00539087 0.842869 236.918 -0.00539087 0.999937 0.00983701 -20.7754 -0.842869 -0.00983701 0.538028 -17.7824
0.562246 -0.00631912 0.826946 237.924 -0.00631912 0.999909 0.0119372 -20.7743 -0.826946 -0.0119372 0.562155 -17.1067
0.582527 -0.00615776 0.812788 238.896 -0.00615776 0.999909 0.0119887 -20.7693 -0.812788 -0.0119887 0.582436 -16.3693
0.602371 -0.00651524 0.798189 239.868 -0.00651524 0.999893 0.0130785 -20.7546 -0.798189 -0.0130785 0.602265 -15.6235
0.621513 -0.00728845 0.78337 240.829 -0.00728845 0.99986 0.0150852 -20.7417 -0.78337 -0.0150852 0.621373 -14.8708
0.637583 -0.00760933 0.770344 241.759 -0.00760933 0.99984 0.0161742 -20.7283 -0.770344 -0.0161742 0.637423 -14.0661
0.654059 -0.00933025 0.756386 242.679 -0.00933025 0.999748 0.0204002 -20.7169 -0.756386 -0.0204002 0.653808 -13.2511
0.669057 -0.00997638 0.743144 243.581 -0.00997638 0.999699 0.0224023 -20.6986 -0.743144 -0.0224023 0.668756 -12.408
0.684554 -0.00996754 0.728894 244.489 -0.00996754 0.999685 0.0230318 -20.6779 -0.728894 -0.0230318 0.684239 -11.5675
0.698677 -0.0101367 0.715366 245.349 -0.0101367 0.999659 0.0240654 -20.659 -0.715366 -0.0240654 0.698336 -10.6779
0.713373 -0.0104098 0.700708 246.216 -0.0104098 0.999622 0.0254484 -20.6343 -0.700708 -0.0254484 0.712995 -9.77979
0.727441 -0.0111978 0.686079 247.064 -0.0111978 0.99954 0.0281869 -20.6004 -0.686079 -0.0281869 0.726981 -8.86442
0.741103 -0.0113391 0.671296 247.881 -0.0113391 0.999503 0.0294013 -20.5655 -0.671296 -0.0294013 0.740606 -7.92189
0.755204 -0.0112743 0.655393 248.702 -0.0112743 0.999481 0.0301848 -20.5332 -0.655393 -0.0301848 0.754685 -6.98268
0.767209 -0.0105987 0.64131 249.497 -0.0105987 0.999517 0.0291981 -20.5144 -0.64131 -0.0291981 0.766726 -6.01122
0.779066 -0.0106934 0.62685 250.286 -0.0106934 0.999482 0.0303402 -20.4954 -0.62685 -0.0303402 0.778549 -5.02736
0.790106 -0.0112548 0.612866 251.056 -0.0112548 0.999397 0.0328628 -20.4593 -0.612866 -0.0328628 0.789503 -4.02388
0.801286 -0.0122368 0.598156 251.812 -0.0122368 0.999246 0.0368343 -20.4339 -0.598156 -0.0368343 0.800533 -3.00237
0.811401 -0.0118668 0.584369 252.556 -0.0118668 0.999253 0.0367689 -20.3856 -0.584369 -0.0367689 0.810655 -1.96963
0.82083 -0.0122554 0.571042 253.279 -0.0122554 0.999162 0.0390597 -20.3429 -0.571042 -0.0390597 0.819991 -0.911191
0.828989 -0.0124271 0.559127 253.982 -0.0124271 0.999097 0.040631 -20.3022 -0.559127 -0.040631 0.828086 0.164396
0.836782 -0.0129061 0.547384 254.682 -0.0129061 0.998979 0.0432831 -20.2515 -0.547384 -0.0432831 0.835762 1.25202
0.843517 -0.0123812 0.53696 255.395 -0.0123812 0.99902 0.0424852 -20.2139 -0.53696 -0.0424852 0.842537 2.34173
0.849208 -0.0126369 0.527907 256.079 -0.0126369 0.998941 0.0442406 -20.169 -0.527907 -0.0442406 0.848149 3.44427
0.853141 -0.0128765 0.521521 256.756 -0.0128765 0.998871 0.0457266 -20.0856 -0.521521 -0.0457266 0.852012 4.5641
0.855771 -0.0134162 0.517181 257.399 -0.0134162 0.998752 0.0481083 -20.0332 -0.517181 -0.0481083 0.854523 5.70899
0.857608 -0.0130755 0.514137 258.068 -0.0130755 0.998799 0.0472121 -19.9874 -0.514137 -0.0472121 0.856408 6.84252
0.861044 -0.0131105 0.508361 258.777 -0.0131105 0.998763 0.0479638 -19.949 -0.508361 -0.0479638 0.859807 7.95744
0.863175 -0.013781 0.504718 259.428 -0.013781 0.998612 0.050835 -19.8827 -0.504718 -0.050835 0.861787 9.1119
0.865202 -0.0139501 0.501229 260.092 -0.0139501 0.998556 0.0518718 -19.8302 -0.501229 -0.0518718 0.863758 10.2643
0.866929 -0.0139559 0.498235 260.74 -0.0139559 0.998536 0.052253 -19.7731 -0.498235 -0.052253 0.865466 11.4258
0.869671 -0.0136835 0.493443 261.422 -0.0136835 0.998563 0.0518072 -19.7225 -0.493443 -0.0518072 0.868234 12.5731
0.87187 -0.0144869 0.489524 262.05 -0.0144869 0.998362 0.0553474 -19.662 -0.489524 -0.0553474 0.870232 13.7542
0.874031 -0.0140911 0.485665 262.708 -0.0140911 0.998424 0.0543275 -19.6066 -0.485665 -0.0543275 0.872455 14.9202
0.875511 -0.0135434 0.483008 263.356 -0.0135434 0.998527 0.0525477 -19.5466 -0.483008 -0.0525477 0.874038 16.0928
0.876734 -0.0136733 0.480781 263.979 -0.0136733 0.998483 0.0533308 -19.4952 -0.480781 -0.0533308 0.875217 17.2769
0.875099 -0.011902 0.483797 264.671 -0.011902 0.998866 0.0461019 -19.419 -0.483797 -0.0461019 0.873965 18.4255
0.876865 -0.0125286 0.480573 265.284 -0.0125286 0.998725 0.0488968 -19.3757 -0.480573 -0.0488968 0.87559 19.6139
0.875746 -0.0114649 0.482636 265.906 -0.0114649 0.998942 0.0445329 -19.3206 -0.482636 -0.0445329 0.874688 20.7923
0.876225 -0.0116469 0.481762 266.497 -0.0116469 0.998904 0.0453326 -19.2806 -0.481762 -0.0453326 0.875129 21.9943
0.876132 -0.010848 0.481949 267.124 -0.010848 0.99905 0.0422077 -19.2176 -0.481949 -0.0422077 0.875182 23.1704
0.877788 -0.0105107 0.478933 267.879 -0.0105107 0.999096 0.0411903 -19.1921 -0.478933 -0.0411903 0.876885 24.2741
0.876401 -0.010771 0.481462 268.467 -0.010771 0.999061 0.0419567 -19.2527 -0.481462 -0.0419567 0.875462 25.4729
