1 -8.22789e-007 -0.00085052 -0.0332714 -8.22789e-007 0.999998 -0.00193479 -0.0106501 0.00085052 0.00193479 0.999998 0.665833
0.99999 -8.02502e-006 -0.00448179 -0.0577842 -8.02502e-006 0.999994 -0.00358114 -0.0132529 0.00448179 0.00358114 0.999984 1.32847
0.999968 -1.44594e-005 -0.00797551 -0.0721436 -1.44594e-005 0.999993 -0.00362588 -0.045657 0.00797551 0.00362588 0.999962 2.00808
0.999939 -2.27065e-005 -0.0110594 -0.118095 -2.27065e-005 0.999992 -0.00410615 -0.0510489 0.0110594 0.00410615 0.99993 2.6878
0.99986 -3.48606e-005 -0.0167087 -0.10481 -3.48606e-005 0.999991 -0.00417243 -0.0662092 0.0167087 0.00417243 0.999852 3.51304
0.999821 -5.13913e-005 -0.0189396 -0.164958 -5.13913e-005 0.999985 -0.00542633 -0.0714199 0.0189396 0.00542633 0.999806 4.23407
0.999704 -7.16278e-005 -0.0243137 -0.179143 -7.16278e-005 0.999983 -0.00589104 -0.0845569 0.0243137 0.00589104 0.999687 5.05799
