0.999993 -0.00137303 -0.00338692 -0.00631493 0.00136543 0.999997 -0.0022434 -0.0012479 0.00338999 0.00223876 0.999992 0.698142
0.999975 -0.00228074 -0.00671158 -0.0161452 0.00225553 0.99999 -0.003761 -0.000177465 0.00672009 0.00374576 0.99997 1.4058
0.999942 0.00111478 -0.0106823 -0.0356386 -0.00117755 0.999982 -0.00587245 -0.00182467 0.0106756 0.00588469 0.999926 2.12212
0.99987 0.000653044 -0.0161187 -0.0489347 -0.000751308 0.999981 -0.006091 -0.0079646 0.0161144 0.00610232 0.999852 2.85521
0.999786 -0.000806301 -0.0206675 -0.0684471 0.000674418 0.999979 -0.00638733 -0.0195957 0.0206722 0.00637203 0.999766 3.59625
0.999717 0.00125707 -0.0237747 -0.101435 -0.00142484 0.999974 -0.00704118 -0.0362145 0.0237652 0.00707306 0.999693 4.38325
0.999553 0.00381736 -0.0296613 -0.123381 -0.00407179 0.999955 -0.00852211 -0.0390429 0.0296274 0.00863907 0.999524 5.16872
0.999387 0.000710383 -0.0349906 -0.152378 -0.000956175 0.999975 -0.00700828 -0.0431023 0.0349847 0.00703745 0.999363 6.00615
0.99925 -0.000604765 -0.0387073 -0.193209 0.000478475 0.999995 -0.00327188 -0.0617468 0.0387091 0.00325091 0.999245 6.85675
0.999089 -0.00149906 -0.0426424 -0.231171 0.00144765 0.999998 -0.00123636 -0.0742498 0.0426442 0.0011735 0.99909 7.7718
0.999046 0.00166994 -0.0436315 -0.301771 -0.00173541 0.999997 -0.00146257 -0.081206 0.0436289 0.0015369 0.999047 8.65059
0.998868 0.00222057 -0.0475061 -0.334089 -0.0022879 0.999996 -0.001363 -0.0958618 0.0475029 0.00147015 0.99887 9.56594
0.998808 -0.00458104 -0.0485991 -0.381962 0.00444525 0.999986 -0.00290193 -0.0938159 0.0486117 0.00268244 0.998814 10.4503
0.998841 -0.000339482 -0.0481203 -0.444246 0.000261896 0.999999 -0.00161861 -0.105756 0.0481208 0.00160414 0.99884 11.3526
0.998622 -0.00261308 -0.052417 -0.482185 0.00248173 0.999994 -0.00257076 -0.113715 0.0524234 0.00243713 0.998622 12.2779
0.998675 0.00150159 -0.0514358 -0.545298 -0.00172053 0.99999 -0.00421262 -0.127404 0.0514289 0.00429553 0.998667 13.1964
0.99848 0.0032479 -0.0550174 -0.604718 -0.00364026 0.999969 -0.00703275 -0.13269 0.0549929 0.00722234 0.998461 14.1112
0.998392 0.00346781 -0.0565879 -0.666681 -0.0039292 0.99996 -0.00804438 -0.150355 0.0565577 0.00825379 0.998365 15.0809
0.998467 0.00614765 -0.0550007 -0.732431 -0.00663739 0.99994 -0.00872596 -0.159212 0.0549438 0.00907765 0.998448 16.03
0.99829 0.00337406 -0.0583531 -0.774999 -0.00374337 0.999974 -0.0062207 -0.180858 0.0583306 0.0064285 0.998277 16.9894
0.998374 0.00182875 -0.0569769 -0.85539 -0.0021399 0.999983 -0.00540042 -0.193291 0.0569661 0.00551356 0.998361 17.961
0.998301 -0.00465996 -0.0580734 -0.924092 0.00435255 0.999976 -0.00541887 -0.198822 0.0580973 0.0051569 0.998298 18.9163
0.998162 -0.000951201 -0.0605901 -0.985861 0.000570691 0.99998 -0.00629705 -0.211296 0.0605949 0.0062509 0.998143 19.8688
0.99824 -0.000709909 -0.0592909 -1.05001 0.000284152 0.999974 -0.00718893 -0.226492 0.0592945 0.00715943 0.998215 20.7608
0.997977 -0.00396682 -0.0634584 -1.09197 0.00359196 0.999975 -0.00602018 -0.23587 0.0634807 0.00578006 0.997966 21.7423
0.998253 0.00240458 -0.0590348 -1.17399 -0.0025644 0.999993 -0.00263157 -0.2483 0.0590281 0.00277836 0.998252 22.5893
0.998136 0.00452874 -0.0608628 -1.2334 -0.00445265 0.999989 0.00138587 -0.263313 0.0608684 -0.00111229 0.998145 23.6796
0.998326 0.000213538 -0.0578345 -1.25005 9.75456e-006 0.999993 0.00386059 -0.259866 0.0578349 -0.00385469 0.998319 23.9051
0.998527 0.00237256 -0.0542074 -1.34549 -0.00212286 0.999987 0.0046635 -0.280163 0.0542178 -0.00454156 0.998519 25.3596
0.998515 0.0018749 -0.054452 -1.40299 -0.00175868 0.999996 0.00218227 -0.286718 0.0544559 -0.00208327 0.998514 26.2872
0.998531 0.00463602 -0.0539917 -1.47391 -0.00478994 0.999985 -0.00272171 -0.303101 0.0539782 0.00297633 0.998538 27.5051
0.998745 0.00303972 -0.0499996 -1.49379 -0.00334699 0.999976 -0.00606293 -0.301654 0.04998 0.00622267 0.998731 27.6869
0.998661 -0.00405719 -0.0515675 -1.55777 0.00381965 0.999982 -0.00470399 -0.323677 0.0515856 0.00450072 0.998658 29.1038
0.998672 -0.00516324 -0.0512612 -1.60031 0.00517842 0.999987 0.000163464 -0.333622 0.0512596 -0.000428699 0.998685 29.9195
0.998588 -0.00597496 -0.0527923 -1.65174 0.00616926 0.999975 0.00351821 -0.35644 0.0527699 -0.00383893 0.998599 31.075
0.998407 -0.014011 -0.054655 -1.6907 0.0141719 0.999896 0.00255839 -0.3643 0.0546135 -0.00332889 0.998502 32.0543
0.998509 -0.007605 -0.054051 -1.75947 0.00753612 0.999971 -0.00147815 -0.371266 0.0540606 0.00106861 0.998537 33.1958
0.99836 -0.00125211 -0.0572305 -1.81392 0.000945518 0.999985 -0.00538387 -0.383872 0.0572364 0.00532093 0.998346 34.2362
0.998298 0.00161689 -0.0582952 -1.87821 -0.001959 0.999981 -0.00581188 -0.400621 0.0582847 0.00591619 0.998282 35.2148
0.99824 0.00117577 -0.0592934 -1.92698 -0.00145173 0.999988 -0.0046113 -0.42047 0.0592873 0.00468926 0.99823 36.2107
0.998239 0.00401018 -0.0591907 -2.01189 -0.00412297 0.99999 -0.00178347 -0.439614 0.0591829 0.00202437 0.998245 37.2442
0.998173 0.00257097 -0.0603653 -2.07177 -0.00261227 0.999996 -0.000605237 -0.452593 0.0603635 0.000761822 0.998176 38.2773
0.998126 0.000638379 -0.061187 -2.15424 -0.000498542 0.999997 0.00230064 -0.463133 0.0611883 -0.00226582 0.998124 39.3302
0.998064 0.00103387 -0.062187 -2.16067 -0.000702934 0.999985 0.00534329 -0.470598 0.0621916 -0.00528923 0.99805 39.585
0.998109 0.00603979 -0.061174 -2.28541 -0.00554808 0.999951 0.00820454 -0.478657 0.0612206 -0.00784962 0.998093 41.1501
0.998026 0.00601882 -0.0625094 -2.27044 -0.00555206 0.999955 0.00763805 -0.483393 0.0625526 -0.00727592 0.998015 41.1941
0.998017 -0.00313824 -0.0628718 -2.37274 0.00348132 0.99998 0.00534788 -0.483185 0.0628537 -0.00555615 0.998007 42.964
0.998075 0.00227203 -0.0619794 -2.44138 -0.00203499 0.99999 0.00388738 -0.49789 0.0619877 -0.00375377 0.99807 43.8313
0.997991 0.0011721 -0.0633495 -2.5203 -0.000976163 0.999995 0.00312387 -0.505134 0.0633528 -0.00305576 0.997987 45.0979
0.998005 -0.00153675 -0.0631222 -2.55955 0.00179621 0.99999 0.0040539 -0.510271 0.0631154 -0.0041592 0.997998 45.3294
0.997841 -0.0013934 -0.0656619 -2.65436 0.00174084 0.999985 0.00523448 -0.524173 0.0656536 -0.00533748 0.997828 46.991
0.997912 0.00262894 -0.0645338 -2.73203 -0.00248983 0.999994 0.00223591 -0.536552 0.0645394 -0.00207057 0.997913 47.8921
0.997749 0.00309339 -0.0669899 -2.81683 -0.0032232 0.999993 -0.00182975 -0.552962 0.0669837 0.00204155 0.997752 49.1284
0.99787 0.000813952 -0.0652263 -2.89457 -0.00102241 0.999994 -0.00316265 -0.567511 0.0652234 0.0032226 0.997865 50.1367
0.997868 0.00011405 -0.0652596 -2.97696 -6.85655e-005 1 0.000699221 -0.593454 0.0652596 -0.000693256 0.997868 51.3299
0.997852 -0.00245405 -0.0654567 -3.04243 0.00268706 0.99999 0.00347192 -0.60707 0.0654475 -0.00364035 0.997849 52.3561
0.99778 -0.00464145 -0.066433 -3.11428 0.00495506 0.999977 0.00455665 -0.622207 0.0664103 -0.00487572 0.99778 53.4268
0.997843 -0.00350012 -0.06555 -3.18099 0.00369133 0.999989 0.00279618 -0.639204 0.0655395 -0.00303211 0.997845 54.4478
0.997785 -0.00512451 -0.0663301 -3.25063 0.00522097 0.999986 0.00128096 -0.656083 0.0663226 -0.00162443 0.997797 55.4532
0.997663 -0.00512559 -0.068135 -3.32625 0.00529289 0.999983 0.00227501 -0.65535 0.0681222 -0.00263033 0.997674 56.4878
0.997591 -0.00633197 -0.0690773 -3.38518 0.00679552 0.999956 0.00647776 -0.672844 0.0690332 -0.00693157 0.99759 57.5141
0.997613 -0.00443919 -0.0689096 -3.45996 0.00518551 0.99993 0.0106553 -0.671967 0.0688575 -0.0109872 0.997566 58.6165
0.997653 0.00484096 -0.0682969 -3.48547 -0.00387302 0.99989 0.0142979 -0.675358 0.0683586 -0.0139998 0.997563 58.8783
0.997422 0.00383469 -0.0716499 -3.59904 -0.003161 0.99995 0.00951357 -0.688404 0.0716828 -0.00926256 0.997384 60.381
0.997378 0.00502506 -0.0721929 -3.60639 -0.00489492 0.999986 0.00197946 -0.686221 0.0722018 -0.00162089 0.997389 60.4407
0.997258 0.0044091 -0.0738771 -3.66587 -0.00460939 0.999986 -0.00254079 -0.69417 0.0738649 0.00287435 0.997264 61.1983
0.997102 0.00353361 -0.0759964 -3.72903 -0.00369146 0.999991 -0.00193678 -0.707682 0.0759889 0.00221171 0.997106 62.3108
0.997014 0.00487197 -0.0770658 -3.80986 -0.00483904 0.999988 0.000614087 -0.723298 0.0770679 -0.000239329 0.997026 63.2475
0.996959 0.00525383 -0.0777452 -3.89104 -0.00509068 0.999984 0.0022965 -0.743424 0.0777561 -0.00189374 0.996971 64.2254
0.997141 0.0078481 -0.0751563 -4.01143 -0.0076608 0.999967 0.00278007 -0.759596 0.0751756 -0.00219636 0.997168 65.188
0.996531 0.00107523 -0.0832193 -4.0467 -0.000787587 0.999994 0.00348924 -0.78113 0.0832225 -0.00341159 0.996525 66.1267
0.996554 -0.000789381 -0.0829435 -4.14404 0.00113163 0.999991 0.00407931 -0.804145 0.0829396 -0.00415911 0.996546 67.1228
0.996509 0.00153109 -0.0834751 -4.1636 -0.00112997 0.999988 0.00485231 -0.802646 0.0834814 -0.00474104 0.996498 67.3591
0.99649 0.00240992 -0.0836781 -4.21935 -0.00194405 0.999982 0.0056485 -0.813124 0.0836902 -0.005466 0.996477 67.9608
0.996313 0.00215618 -0.0857621 -4.26088 -0.00143521 0.999963 0.00846746 -0.812358 0.0857772 -0.00831316 0.99628 68.3759
0.996191 0.00433875 -0.0870932 -4.30647 -0.00321587 0.99991 0.0130291 -0.816475 0.0871419 -0.0126993 0.996115 68.8794
0.996133 0.00578515 -0.0876639 -4.3653 -0.00451318 0.999882 0.0147008 -0.818325 0.0877386 -0.0142483 0.996042 69.3688
0.995966 0.00676624 -0.0894715 -4.42652 -0.00582279 0.999925 0.0108015 -0.822411 0.0895379 -0.010237 0.995931 69.8753
0.995933 0.00377921 -0.0900148 -4.46463 -0.00346519 0.999987 0.00364454 -0.831233 0.0900275 -0.0033178 0.995934 70.3848
0.995858 -0.0012883 -0.0909179 -4.51389 0.00107388 0.999997 -0.00240718 -0.835426 0.0909207 0.00229957 0.995855 70.8318
0.995915 0.000648466 -0.0902944 -4.57621 -0.000871326 0.999997 -0.00242875 -0.842016 0.0902925 0.0024975 0.995912 71.3094
0.995799 0.00505595 -0.0914305 -4.6177 -0.00501 0.999987 0.000732053 -0.849947 0.091433 -0.00027091 0.995811 71.7444
0.995567 0.000399085 -0.0940524 -4.70837 -7.47984e-005 0.999994 0.00345144 -0.880956 0.0940532 -0.0034291 0.995561 72.8772
0.995497 -0.00264198 -0.0947525 -4.77671 0.00264894 0.999996 -5.23364e-005 -0.896791 0.0947523 -0.000198893 0.995501 73.5715
0.995604 -0.0107398 -0.0930459 -4.87047 0.0102023 0.999928 -0.00625071 -0.916699 0.0931064 0.00527395 0.995642 74.5061
0.995595 -0.0113239 -0.0930713 -4.92985 0.0103127 0.999883 -0.0113386 -0.927934 0.0931888 0.0103289 0.995595 75.2555
0.996077 -0.00220587 -0.0884636 -5.00909 0.0011697 0.99993 -0.0117631 -0.932086 0.0884833 0.0116135 0.99601 75.9244
0.996518 0.00773381 -0.0830181 -5.09216 -0.00844439 0.999931 -0.00821155 -0.945056 0.0829488 0.008884 0.996514 76.5665
0.996776 0.00268366 -0.0801924 -5.13945 -0.00317599 0.999977 -0.00601238 -0.954787 0.0801744 0.00624769 0.996761 77.195
0.997273 -0.00587272 -0.0735679 -5.17154 0.00577948 0.999982 -0.00148023 -0.968782 0.0735753 0.00105101 0.997289 77.7022
0.997799 -0.00817164 -0.0658123 -5.18058 0.00829171 0.999964 0.00155151 -0.973049 0.0657972 -0.00209379 0.997831 77.8998
0.998497 -0.00119749 -0.0547915 -5.2225 0.0013131 0.999997 0.00207407 -0.992458 0.0547888 -0.0021429 0.998496 78.739
0.999173 0.00713215 -0.0400381 -5.24295 -0.00708455 0.999974 0.00133073 -0.996355 0.0400466 -0.00104597 0.999197 79.2681
0.999716 0.00833794 -0.0223253 -5.24317 -0.008293 0.999963 0.00210492 -1.00163 0.022342 -0.00191918 0.999749 79.8967
0.999996 0.0029058 7.68628e-005 -5.2235 -0.00290602 0.999991 0.00301153 -1.00845 -6.81112e-005 -0.00301174 0.999995 80.4431
0.999673 -0.00635481 0.0247498 -5.19333 0.00624856 0.999971 0.00436803 -1.01525 -0.0247768 -0.00421196 0.999684 80.9262
0.998464 -0.00395264 0.0552592 -5.14213 0.0036106 0.999974 0.00628823 -1.02256 -0.0552826 -0.00607905 0.998452 81.4817
0.996159 -0.00226474 0.0875351 -5.07429 0.00158217 0.999968 0.00786631 -1.02798 -0.0875501 -0.0076976 0.99613 81.9865
0.992019 0.00139275 0.126078 -4.99105 -0.00250788 0.999959 0.00868652 -1.03188 -0.12606 -0.00893338 0.991982 82.5062
0.985778 0.000621051 0.168052 -4.88191 -0.00213051 0.999959 0.00880195 -1.0343 -0.168039 -0.0090348 0.985739 83.0074
0.977517 -0.00462732 0.210808 -4.71829 0.00262116 0.999949 0.00979498 -1.04182 -0.210842 -0.00902219 0.977479 83.493
0.964968 -0.00012599 0.262369 -4.56403 -0.00199254 0.999968 0.00780857 -1.05026 -0.262361 -0.0080578 0.964936 83.9528
0.950295 -0.000477717 0.311352 -4.37801 -0.00131218 0.999984 0.00553927 -1.0567 -0.31135 -0.00567249 0.950279 84.3927
0.929805 -0.00168597 0.368047 -4.17024 3.43888e-005 0.99999 0.00449392 -1.05836 -0.368051 -0.00416581 0.929796 84.8013
0.905634 -0.00174138 0.424058 -3.93528 0.000569962 0.999996 0.00288922 -1.05852 -0.424061 -0.00237488 0.905631 85.1804
0.877181 -0.00260586 0.480152 -3.67704 0.00206523 0.999996 0.00165419 -1.05665 -0.480155 -0.000459399 0.877184 85.5349
0.843353 -0.00416189 0.537343 -3.39367 0.00377814 0.999991 0.00181549 -1.05951 -0.537346 0.000499064 0.843362 85.878
0.807682 -0.00586988 0.589588 -3.09207 0.00484131 0.999983 0.00332356 -1.07627 -0.589598 0.000169999 0.807697 86.1714
0.767091 -0.00267678 0.641533 -2.77992 0.000642635 0.999994 0.00340404 -1.07662 -0.641538 -0.00219894 0.767088 86.4691
0.725816 -0.00146957 0.687888 -2.4465 -0.00377105 0.999974 0.00611526 -1.07765 -0.687879 -0.00703261 0.725791 86.7442
0.68076 -0.0017801 0.732504 -2.10984 -0.00419474 0.999971 0.00632851 -1.08301 -0.732495 -0.00738086 0.680733 86.9807
0.635325 -0.00719251 0.772211 -1.73628 0.000898703 0.999963 0.00857443 -1.0822 -0.772244 -0.00475356 0.635308 87.2032
0.588239 -0.0124147 0.808592 -1.35174 0.00476583 0.999918 0.0118851 -1.07869 -0.808673 -0.00313769 0.58825 87.4142
0.542574 -0.0080866 0.839969 -0.883707 -0.00105137 0.999946 0.0103059 -1.08823 -0.840008 -0.00647481 0.542536 87.6405
0.495879 -0.000925198 0.868391 -0.366123 -0.00870647 0.999944 0.00603703 -1.08513 -0.868348 -0.0105543 0.495843 87.8817
0.450072 -0.00227478 0.892989 0.0635372 -0.00467224 0.999977 0.00490216 -1.08748 -0.89298 -0.00637859 0.450051 88.0487
0.407113 -0.00896435 0.913334 0.192725 0.00102571 0.999956 0.00935734 -1.08648 -0.913377 -0.00287268 0.407104 88.0771
0.368103 -0.0241346 0.929472 0.786924 0.00483863 0.999699 0.0240418 -1.07849 -0.929772 -0.0043525 0.368109 88.2388
0.333334 -0.0253489 0.942468 1.31094 -0.00445354 0.999585 0.0284603 -1.07524 -0.942798 -0.0136841 0.333083 88.3523
0.300676 -0.0203778 0.953509 1.90822 -0.0148856 0.99955 0.0260557 -1.06445 -0.95361 -0.0220279 0.300237 88.5106
0.269756 -0.00876307 0.962889 2.47986 -0.0168228 0.999763 0.0138116 -1.07018 -0.962782 -0.0199242 0.269545 88.6731
0.242328 -0.00516576 0.970181 3.07087 -0.0154983 0.999838 0.00919478 -1.07514 -0.970071 -0.0172643 0.242209 88.7999
0.216522 -0.00757549 0.976248 3.63741 -0.00626365 0.999939 0.00914854 -1.08943 -0.976258 -0.00809574 0.216461 88.8903
0.192572 -0.013834 0.981185 4.17448 -0.000571884 0.999899 0.0142101 -1.08922 -0.981283 -0.00329759 0.192544 88.9644
0.172727 -0.0203022 0.98476 4.82766 0.00570849 0.999791 0.0196108 -1.07382 -0.984953 0.00223417 0.172807 89.0288
0.153544 -0.0210345 0.987918 5.37281 0.00400006 0.999778 0.0206654 -1.05084 -0.988134 0.000778682 0.153594 89.0977
0.136161 -0.0164927 0.990549 5.54592 -0.00919636 0.999797 0.0179108 -1.05102 -0.990644 -0.0115482 0.135982 89.1142
0.120937 -0.0129236 0.992576 5.82791 -0.0227881 0.999616 0.0157918 -1.04995 -0.992399 -0.0245287 0.120596 89.1487
0.106324 -0.0133399 0.994242 6.44835 -0.0239161 0.999586 0.0159692 -1.04714 -0.994044 -0.0254763 0.105961 89.2079
0.0926739 -0.0156423 0.995574 6.98886 -0.0195755 0.999655 0.0175286 -1.04497 -0.995504 -0.0211133 0.0923357 89.246
0.0817466 -0.0213026 0.996425 7.60996 -0.0169545 0.999597 0.0227614 -1.03771 -0.996509 -0.0187546 0.0813525 89.2804
0.0720058 -0.0247525 0.997097 8.18444 -0.0155337 0.999543 0.025935 -1.02911 -0.997283 -0.0173561 0.0715883 89.3065
0.0637301 -0.0254556 0.997642 8.77243 -0.0189205 0.999464 0.0267107 -1.01858 -0.997788 -0.0205782 0.0632144 89.3407
0.0585128 -0.0278533 0.997898 9.39572 -0.0225871 0.999318 0.0292174 -1.00615 -0.998031 -0.0242492 0.0578437 89.3712
0.0529161 -0.0288136 0.998183 10.0356 -0.0238107 0.999263 0.030107 -0.99127 -0.998315 -0.0253606 0.052191 89.3986
0.0469209 -0.0295386 0.998462 10.7518 -0.0256937 0.999196 0.0307677 -0.972566 -0.998568 -0.0270978 0.0461243 89.4326
0.042564 -0.032468 0.998566 11.4739 -0.0279361 0.999042 0.0336742 -0.957258 -0.998703 -0.0293293 0.0416163 89.4569
0.0404013 -0.0344745 0.998589 12.1906 -0.0286979 0.998952 0.0356482 -0.940413 -0.998771 -0.0300977 0.0393696 89.4681
0.0352874 -0.0329174 0.998835 12.9239 -0.0314702 0.998925 0.0340322 -0.914439 -0.998882 -0.0326345 0.0342136 89.5063
0.0338167 -0.0346803 0.998826 13.702 -0.0345031 0.998762 0.0358463 -0.891689 -0.998832 -0.0356748 0.0325782 89.5221
0.0296953 -0.0372013 0.998866 14.4702 -0.0350521 0.998654 0.0382355 -0.874597 -0.998944 -0.0361477 0.0283514 89.5796
0.0335485 -0.0442428 0.998457 15.2406 -0.0352802 0.998345 0.0454232 -0.843438 -0.998814 -0.0367497 0.0319321 89.5844
0.0365805 -0.0435467 0.998381 15.4416 -0.0377818 0.998276 0.0449264 -0.835532 -0.998616 -0.0393641 0.0348722 89.5981
0.0399738 -0.0467651 0.998106 15.9438 -0.0410715 0.997983 0.0484043 -0.813647 -0.998356 -0.0429286 0.0379724 89.6086
0.0447285 -0.0458253 0.997948 16.2934 -0.04299 0.997934 0.0477515 -0.801544 -0.998074 -0.0450376 0.042666 89.6358
0.049271 -0.0494054 0.997563 16.7446 -0.0485086 0.997479 0.0517971 -0.783354 -0.997607 -0.0509424 0.0467502 89.6436
0.0536969 -0.0457997 0.997506 17.1429 -0.0465679 0.997746 0.0483175 -0.767312 -0.997471 -0.0490462 0.0514431 89.6713
0.0576991 -0.0451475 0.997313 17.587 -0.0525725 0.997453 0.0481955 -0.74696 -0.996949 -0.0552121 0.0551786 89.7002
0.0618528 -0.0431022 0.997154 18.0325 -0.0509303 0.997629 0.0462819 -0.726856 -0.996785 -0.053648 0.0595109 89.7296
0.064313 -0.0403005 0.997116 18.4923 -0.0455536 0.998024 0.0432754 -0.711157 -0.99689 -0.0482053 0.0623501 89.7649
0.0690933 -0.0381829 0.996879 18.9982 -0.0389216 0.998403 0.0409389 -0.698951 -0.996851 -0.0416288 0.0674968 89.782
0.0683399 -0.0332295 0.997109 19.5832 -0.0331562 0.998817 0.0355589 -0.674401 -0.997111 -0.0354905 0.0671573 89.8484
0.0701719 -0.0315718 0.997035 20.2328 -0.0328811 0.998883 0.0339445 -0.644214 -0.996993 -0.0351656 0.0690554 89.8662
0.0687016 -0.0288698 0.997219 21.8235 -0.0313922 0.999024 0.0310848 -0.604433 -0.997143 -0.0334405 0.0677282 90.0534
0.0716522 -0.0268447 0.997068 22.9263 -0.03604 0.998915 0.0294844 -0.599674 -0.996778 -0.0380469 0.070607 90.1153
0.0705415 -0.0290522 0.997086 23.2829 -0.0334909 0.998943 0.0314758 -0.585935 -0.996946 -0.0356137 0.069494 90.0552
0.06954 -0.0251097 0.997263 25.3502 -0.0292867 0.999201 0.0272007 -0.570337 -0.997149 -0.0310981 0.068749 90.3139
0.0701768 -0.0245156 0.997233 26.5142 -0.0254499 0.999329 0.0263581 -0.560583 -0.99721 -0.0272292 0.0695058 90.3838
0.0724111 -0.0225536 0.99712 27.6219 -0.0258476 0.999366 0.0244815 -0.56042 -0.99704 -0.0275459 0.0717823 90.4272
0.0709302 -0.022887 0.997219 28.6735 -0.0233285 0.999425 0.024597 -0.542148 -0.997208 -0.0250083 0.0703555 90.5111
0.0685883 -0.0172544 0.997496 29.6499 -0.0231822 0.999553 0.018884 -0.528944 -0.997376 -0.0244194 0.0681576 90.5901
0.0636578 -0.0163553 0.997838 30.6857 -0.0239403 0.999553 0.0179107 -0.519946 -0.997685 -0.0250286 0.0632378 90.6727
0.0584192 -0.0129066 0.998209 31.6931 -0.020847 0.999683 0.0141457 -0.508796 -0.998074 -0.021636 0.0581316 90.7593
0.0522595 -0.0098968 0.998584 32.7086 -0.0200133 0.99974 0.0109556 -0.5119 -0.998433 -0.0205575 0.0520479 90.8227
0.0439479 -0.0104323 0.998979 33.0038 -0.0158963 0.999812 0.0111404 -0.513118 -0.998907 -0.0163697 0.0437738 90.8493
0.0345282 -0.00776502 0.999374 33.6542 -0.00825431 0.999933 0.00805456 -0.5135 -0.99937 -0.00852725 0.0344618 90.8721
0.0246394 -0.00792335 0.999665 35.0023 -0.00763674 0.999938 0.00811374 -0.52311 -0.999667 -0.0078341 0.0245774 90.9041
0.0140003 -0.00899439 0.999862 35.9699 -0.0084502 0.999923 0.00911326 -0.525217 -0.999866 -0.00857662 0.0139232 90.9212
0.00366078 -0.00677685 0.99997 37.1284 -0.0102557 0.999924 0.00681408 -0.531002 -0.999941 -0.0102803 0.003591 90.9286
-0.00723741 -0.00851566 0.999938 38.2925 -0.0101914 0.999912 0.00844168 -0.528151 -0.999922 -0.0101297 -0.00732357 90.9272
-0.0186992 -0.00866722 0.999788 38.5804 -0.00695358 0.999939 0.00853848 -0.536086 -0.999801 -0.00679244 -0.0187583 90.9105
-0.029018 -0.00497958 0.999566 39.4088 -0.00536614 0.999974 0.00482583 -0.544953 -0.999564 -0.00522378 -0.029044 90.8846
-0.040559 -0.00911011 0.999136 40.0285 -0.00527399 0.999946 0.00890341 -0.544551 -0.999163 -0.00490832 -0.0406048 90.8705
-0.0500434 -0.00653601 0.998726 40.7493 -0.00431181 0.999971 0.0063281 -0.557613 -0.998738 -0.00398964 -0.0500701 90.8279
-0.0603122 -0.00907957 0.998138 41.3494 -0.00460627 0.999951 0.00881773 -0.551423 -0.998169 -0.00406588 -0.060351 90.7859
-0.0692083 -0.00906935 0.997561 42.9 -0.00596817 0.999945 0.00867696 -0.562009 -0.997584 -0.00535309 -0.0692586 90.6792
-0.0791289 -0.0104114 0.99681 43.937 -0.0074682 0.999924 0.00985111 -0.563321 -0.996836 -0.00666487 -0.0792006 90.5896
-0.0872631 -0.0108638 0.996126 44.9571 -0.00959066 0.999903 0.0100648 -0.582177 -0.996139 -0.00867522 -0.0873588 90.4648
-0.0942675 -0.0128973 0.995463 45.9315 -0.0126296 0.999851 0.0117581 -0.580845 -0.995467 -0.0114639 -0.0944163 90.3515
-0.0997758 -0.0170273 0.994864 46.8583 -0.0164767 0.999745 0.0154584 -0.577255 -0.994874 -0.0148497 -0.100031 90.2841
-0.101918 -0.0192332 0.994607 47.8386 -0.0195152 0.999659 0.0173312 -0.589121 -0.994601 -0.0176436 -0.102259 90.1607
-0.10626 -0.0209478 0.994118 48.7877 -0.0204886 0.999612 0.0188735 -0.596692 -0.994127 -0.0183626 -0.106648 90.0452
-0.11162 -0.0210825 0.993527 49.6431 -0.0247317 0.999524 0.0184312 -0.632392 -0.993443 -0.0225144 -0.112089 90.0258
-0.108429 -0.0226764 0.993846 50.5586 -0.0219581 0.999551 0.0204109 -0.590536 -0.993862 -0.0196098 -0.108878 89.9071
-0.107852 -0.0233888 0.993892 51.425 -0.0226025 0.999523 0.0210686 -0.630554 -0.99391 -0.0201922 -0.108329 89.8133
-0.103789 -0.0252543 0.994279 52.2944 -0.0201222 0.999526 0.0232871 -0.583948 -0.994396 -0.0175902 -0.104248 89.6833
-0.0990824 -0.0249945 0.994765 53.0819 -0.0219026 0.999497 0.0229318 -0.605197 -0.994838 -0.0195158 -0.09958 89.6299
-0.0905164 -0.0255268 0.995568 53.9532 -0.0244205 0.999428 0.0234055 -0.589462 -0.995596 -0.0221937 -0.091088 89.5545
-0.0798839 -0.0230476 0.996538 54.1571 -0.0239888 0.999488 0.0211929 -0.594865 -0.996515 -0.0222128 -0.0803958 89.5477
-0.0658966 -0.0241905 0.997533 54.607 -0.0246939 0.999439 0.0226054 -0.592936 -0.997521 -0.0231433 -0.066457 89.5258
-0.0484311 -0.0212564 0.9986 55.4621 -0.0213717 0.999567 0.0202404 -0.589913 -0.998598 -0.0203615 -0.0488644 89.4893
-0.0277769 -0.020173 0.999411 56.0285 -0.0194165 0.999619 0.0196375 -0.587253 -0.999426 -0.0188595 -0.028158 89.4973
-0.00300481 -0.0183118 0.999828 56.7331 -0.0166505 0.999695 0.0182593 -0.588393 -0.999857 -0.0165928 -0.00330879 89.5173
0.0247625 -0.0176845 0.999537 57.3136 -0.0155069 0.999716 0.0180718 -0.577722 -0.999573 -0.0159472 0.0244812 89.5623
0.05676 -0.0165092 0.998251 57.9018 -0.017431 0.999694 0.0175241 -0.569296 -0.998236 -0.0183952 0.0564549 89.6287
0.0960594 -0.0155268 0.995254 58.4543 -0.0200794 0.999645 0.0175333 -0.559864 -0.995173 -0.0216683 0.0957135 89.7036
0.137085 -0.0140487 0.99046 59.0081 -0.0218536 0.999613 0.0172032 -0.553654 -0.990318 -0.0240034 0.136725 89.8145
0.181589 -0.0107753 0.983316 59.5567 -0.0243672 0.999584 0.0154535 -0.546992 -0.983073 -0.0267668 0.181251 89.9569
0.230443 -0.00944299 0.97304 60.0791 -0.0246455 0.999576 0.0155372 -0.554318 -0.972774 -0.0275615 0.230112 90.1162
0.279082 -0.00626572 0.960247 60.581 -0.0198327 0.999728 0.0122874 -0.545398 -0.960063 -0.0224735 0.278882 90.3144
0.334962 -0.0124958 0.942149 61.0911 -0.0125866 0.999763 0.0177349 -0.548439 -0.942148 -0.017799 0.334725 90.5245
0.392425 -0.00427098 0.919774 61.6098 -0.00617628 0.999954 0.00727843 -0.537838 -0.919763 -0.00853702 0.392381 90.7987
0.465018 -0.0391492 0.884435 62.2964 0.0152664 0.999228 0.0362037 -0.509023 -0.88517 -0.00333327 0.465256 91.008
0.508677 -0.0108851 0.860889 62.6556 0.00417681 0.99994 0.0101753 -0.52363 -0.860947 -0.00158016 0.508691 91.39
0.57563 -0.0113686 0.817631 63.117 -0.00702737 0.999798 0.018849 -0.509516 -0.81768 -0.0165958 0.575434 91.7005
0.62656 -0.00523645 0.779356 63.4598 -0.00598481 0.999916 0.0115298 -0.501486 -0.779351 -0.0118884 0.626475 92.0715
0.679401 -0.00684551 0.733735 63.7774 -0.00543459 0.999882 0.0143607 -0.501231 -0.733747 -0.0137443 0.679284 92.4079
0.726925 -0.00429176 0.686704 64.0713 -0.0049738 0.999921 0.0115144 -0.504833 -0.686699 -0.0117856 0.726846 92.7895
0.771982 -0.00479629 0.635627 64.3263 -0.00856765 0.999802 0.0179499 -0.495961 -0.635587 -0.0193028 0.771788 93.1712
0.813293 -0.00294943 0.581847 64.5804 -0.0124278 0.999671 0.0224387 -0.485462 -0.581722 -0.0254803 0.812988 93.6134
0.849374 -0.00452525 0.527773 64.7888 -0.0131841 0.999469 0.0297875 -0.479901 -0.527627 -0.0322589 0.848863 94.0261
0.880184 -0.00433153 0.474613 65.0014 -0.0136791 0.999311 0.0344884 -0.464465 -0.474435 -0.0368484 0.879519 94.5187
0.905166 0.00242689 0.42505 65.1849 -0.0187977 0.999234 0.0343254 -0.443432 -0.424641 -0.0390601 0.904519 95.0458
0.925362 0.0037733 0.379065 65.362 -0.0195359 0.999096 0.0377453 -0.442539 -0.37858 -0.0423335 0.9246 95.6332
0.940354 0.00770233 0.34011 65.5144 -0.0208514 0.999169 0.0350232 -0.422424 -0.339557 -0.0400259 0.939733 96.2345
0.952325 0.00613644 0.305023 65.6798 -0.0171851 0.999289 0.0335507 -0.403571 -0.304601 -0.037193 0.951754 96.9167
0.961528 0.00283552 0.274691 65.8408 -0.0118308 0.999446 0.0310958 -0.383286 -0.274451 -0.0331493 0.96103 97.6184
0.9676 -0.00762216 0.252374 66.0338 -0.000775692 0.99945 0.0331592 -0.369578 -0.252488 -0.0322806 0.967062 98.4177
0.971468 -0.0115563 0.236891 66.0823 0.003726 0.999433 0.0334757 -0.366355 -0.237143 -0.0316379 0.970959 98.6666
0.974505 -0.00135969 0.224363 66.3227 -0.00599198 0.999467 0.0320827 -0.339193 -0.224287 -0.0326091 0.973977 99.8098
0.976532 0.00674695 0.215269 66.4759 -0.0137069 0.99943 0.0308548 -0.306141 -0.214938 -0.0330814 0.976067 100.726
0.977872 0.00879106 0.20902 66.6422 -0.0149694 0.999496 0.0279952 -0.281804 -0.208668 -0.0305046 0.977511 101.647
