0.999998 0.00107552 0.00176497 -0.00940164 -0.00106785 0.99999 -0.00434116 -0.00817407 -0.00176962 0.00433927 0.999989 1.0503
0.999998 -0.00166109 0.0013684 0.00955285 0.00166886 0.999982 -0.00570095 0.000357846 -0.00135891 0.00570322 0.999983 2.16376
0.999991 -0.00219638 0.00367527 -0.0061215 0.0021994 0.999997 -0.000817429 -0.00630766 -0.00367347 0.000825505 0.999993 3.16683
0.999991 -0.00394252 0.00121854 0.00502534 0.00393725 0.999983 0.00429624 -0.00617915 -0.00123546 -0.00429141 0.99999 4.05352
0.99998 -0.0062329 0.0010617 -0.010885 0.00622876 0.999973 0.00385994 0.00806467 -0.00108573 -0.00385325 0.999992 5.17104
0.999978 -0.00667281 0.000286985 -0.0388914 0.00667239 0.999977 0.00144073 0.00845675 -0.000296592 -0.00143878 0.999999 6.23213
0.99999 -0.00372119 -0.00237437 -0.00359997 0.00371763 0.999992 -0.00150372 0.00502924 0.00237995 0.00149488 0.999996 7.25172
1 -0.000259003 0.000363153 -0.0310274 0.000259907 0.999997 -0.00249029 0.00765296 -0.000362507 0.00249038 0.999997 8.2981
0.999999 -0.00112685 0.00029044 -0.0667174 0.00112644 0.999998 0.00140415 -0.0213871 -0.000292022 -0.00140382 0.999999 9.27426
0.999998 -0.00190586 -0.000743705 -0.0845149 0.00190746 0.999996 0.00215939 -0.00397427 0.000739586 -0.00216081 0.999997 10.2864
0.999996 0.000375006 -0.00276754 -0.0769236 -0.000363095 0.999991 0.00430313 -0.00310462 0.00276913 -0.00430211 0.999987 11.2128
0.999998 -0.000357938 -0.0018963 -0.103024 0.000368083 0.999986 0.00535234 0.00612146 0.00189436 -0.00535302 0.999984 12.3106
0.999995 0.00100997 -0.00289648 -0.105795 -0.000998758 0.999992 0.00387105 0.0231172 0.00290037 -0.00386813 0.999988 13.3375
0.999998 -0.00192375 -0.000875186 -0.143053 0.00192821 0.999985 0.00512554 0.00344982 0.000865313 -0.00512722 0.999986 14.3695
0.999972 -0.0017795 -0.00722106 -0.125282 0.00179154 0.999997 0.00166078 0.0102886 0.00721809 -0.00167367 0.999973 15.3957
0.999985 -0.00139973 -0.00534488 -0.147997 0.00140188 0.999999 0.000397847 0.0105494 0.00534432 -0.000405334 0.999986 16.4555
0.999979 -0.00245024 -0.00601507 -0.214374 0.00245237 0.999997 0.00034649 0.00555505 0.0060142 -0.000361234 0.999982 17.3974
0.999906 0.00314051 -0.0133667 -0.151299 -0.00316454 0.999993 -0.00177685 0.0182411 0.013361 0.00181898 0.999909 18.411
0.999938 0.00293289 -0.010733 -0.179727 -0.00294573 0.999995 -0.00118005 0.0157765 0.0107295 0.00121159 0.999942 19.3307
0.999904 -0.000156464 -0.0138251 -0.193445 0.000152913 1 -0.000257885 0.0187046 0.0138251 0.000255746 0.999904 20.3026
0.999901 0.000334872 -0.0140586 -0.213105 -0.000323682 1 0.000798199 0.0201639 0.0140589 -0.00079357 0.999901 21.2543
0.999875 0.000242276 -0.0158103 -0.248884 -0.000227453 1 0.000939373 0.0167425 0.0158105 -0.00093566 0.999875 22.1828
0.999833 -0.00219771 -0.0181599 -0.282022 0.00222316 0.999997 0.00138167 0.0175992 0.0181568 -0.00142181 0.999834 23.1498
0.999842 -0.000550801 -0.0177799 -0.301319 0.000572876 0.999999 0.00123651 0.021976 0.0177792 -0.0012465 0.999841 24.0603
0.999848 0.00404455 -0.0169537 -0.314288 -0.00402388 0.999991 0.00125334 0.0251699 0.0169586 -0.00118493 0.999855 24.8993
0.999798 -0.000761415 -0.0200729 -0.35722 0.00084302 0.999991 0.00405723 0.0231425 0.0200696 -0.00407334 0.99979 25.7778
0.999829 0.00258694 -0.0183239 -0.374463 -0.00248225 0.99998 0.00573392 0.0305505 0.0183384 -0.00568745 0.999816 26.6115
0.999823 -0.000256019 -0.0188159 -0.386646 0.00040696 0.999968 0.00801858 0.028261 0.0188132 -0.00802482 0.999791 27.5164
0.999812 0.00185862 -0.0192925 -0.423318 -0.00173942 0.999979 0.00619377 0.0370587 0.0193036 -0.00615904 0.999795 28.3905
0.999769 0.00196835 -0.0213951 -0.444385 -0.00187982 0.99999 0.00415726 0.0375011 0.0214031 -0.00411608 0.999762 29.2404
0.999779 0.00245483 -0.0209003 -0.47557 -0.00241669 0.999995 0.00184971 0.0463226 0.0209048 -0.00179879 0.99978 30.1478
0.999734 0.00179796 -0.0229739 -0.489095 -0.00176405 0.999997 0.00149644 0.0457543 0.0229765 -0.00145551 0.999735 30.9655
0.99972 0.00142709 -0.0236207 -0.523575 -0.00139873 0.999998 0.00121709 0.0473054 0.0236224 -0.00118371 0.99972 31.8106
0.999692 0.000259987 -0.0248013 -0.560074 -0.000253684 1 0.000257305 0.0434308 0.0248014 -0.000250934 0.999692 32.6368
0.999565 0.00203004 -0.029416 -0.547699 -0.00206726 0.999997 -0.00123496 0.0719582 0.0294134 0.00129524 0.999566 33.4835
0.999572 -0.000593086 -0.0292332 -0.59137 0.000626632 0.999999 0.00113839 0.0634475 0.0292325 -0.00115622 0.999572 34.2748
0.999429 -0.00149395 -0.0337604 -0.614089 0.00158955 0.999995 0.00280494 0.0654208 0.033756 -0.00285701 0.999426 35.1177
0.99943 0.00139575 -0.0337396 -0.642814 -0.00123861 0.999988 0.0046779 0.0586151 0.0337457 -0.00463344 0.99942 35.8763
0.99926 0.00379056 -0.0382671 -0.656166 -0.00360799 0.999982 0.0048389 0.0636452 0.0382847 -0.00469725 0.999256 36.6524
0.999229 0.00429481 -0.0390227 -0.696499 -0.00412743 0.999982 0.00436886 0.0616238 0.0390408 -0.00420443 0.999229 37.4142
0.999152 0.00461583 -0.0409087 -0.733122 -0.00446501 0.999983 0.00377736 0.0684025 0.0409254 -0.0035915 0.999156 38.1675
0.999075 0.0025171 -0.0429179 -0.777582 -0.00230418 0.999985 0.00500976 0.0714559 0.0429298 -0.00490624 0.999066 38.9435
0.998953 0.0014564 -0.0457285 -0.800017 -0.00114299 0.999976 0.00687898 0.0782343 0.0457374 -0.00681951 0.99893 39.6544
0.998949 0.00202922 -0.0457945 -0.834117 -0.00167559 0.999968 0.00775925 0.0781866 0.0458088 -0.00767436 0.998921 40.406
0.998986 0.00660913 -0.0445442 -0.872701 -0.00637595 0.999965 0.00537491 0.0777916 0.0445782 -0.00508544 0.998993 41.0978
0.999006 0.00668266 -0.0440668 -0.918384 -0.00658797 0.999976 0.00229361 0.0826187 0.0440811 -0.00200102 0.999026 41.8353
0.999155 0.00320128 -0.0409788 -0.941686 -0.00317723 0.999995 0.000651976 0.0880268 0.0409807 -0.000521226 0.99916 42.488
0.999318 0.00291375 -0.0368045 -0.999809 -0.00286823 0.999995 0.00128961 0.0942533 0.0368081 -0.00118316 0.999322 43.1582
0.999389 0.00689659 -0.0342544 -1.01796 -0.0067641 0.999969 0.00398221 0.091902 0.0342808 -0.00374808 0.999405 43.8013
0.999575 0.0120019 -0.0265556 -1.06554 -0.0118193 0.999905 0.00702218 0.0976739 0.0266374 -0.00670533 0.999623 44.4277
0.999644 0.0109246 -0.0243227 -1.09057 -0.0107076 0.999902 0.0090309 0.0989669 0.024419 -0.00876725 0.999663 45.0837
0.999803 0.00845382 -0.0179622 -1.11566 -0.00828736 0.999922 0.00932149 0.103129 0.0180396 -0.00917079 0.999795 45.7061
0.999894 0.00729654 -0.0125691 -1.12158 -0.00715156 0.999908 0.0115406 0.109428 0.0126522 -0.0114494 0.999854 46.3141
0.999949 0.00853858 -0.0054257 -1.13416 -0.00846813 0.999881 0.0128777 0.117091 0.00553502 -0.0128311 0.999902 46.9134
0.999963 0.00847943 0.00136636 -1.13763 -0.00849672 0.999877 0.0131893 0.118027 -0.00125435 -0.0132004 0.999912 47.5013
0.999946 0.00616605 0.00841717 -1.13439 -0.00627622 0.999894 0.0131257 0.123793 -0.00833535 -0.0131779 0.999878 48.0901
0.999841 0.00798082 0.0159412 -1.13133 -0.00818651 0.999884 0.0128798 0.127665 -0.0158366 -0.0130082 0.99979 48.6395
0.999687 0.00877456 0.0234297 -1.12376 -0.00903752 0.999897 0.0111411 0.11756 -0.0233296 -0.0113493 0.999663 49.164
0.99959 -0.000125766 0.0286255 -1.0822 -8.19158e-005 0.999974 0.00725385 0.136063 -0.0286256 -0.00725322 0.999564 49.7041
0.999224 0.00191526 0.0393293 -1.06545 -0.00224171 0.999963 0.00825796 0.134871 -0.0393121 -0.00833972 0.999192 50.2245
0.998939 -0.000446685 0.046056 -1.03417 2.68697e-006 0.999954 0.00964001 0.141946 -0.0460582 -0.00962966 0.998892 50.6965
0.9985 0.00123094 0.0547307 -1.01765 -0.00181371 0.999942 0.0105996 0.148829 -0.0547145 -0.0106829 0.998445 51.2114
0.998035 0.00509425 0.0624539 -0.965237 -0.00579876 0.999922 0.0111045 0.154006 -0.0623924 -0.0114448 0.997986 51.5696
0.997359 0.00735122 0.0722558 -0.953368 -0.00814163 0.99991 0.0106506 0.155229 -0.072171 -0.0112108 0.997329 52.0108
0.996712 0.00918993 0.0805015 -0.928829 -0.0101098 0.999888 0.0110272 0.154895 -0.0803912 -0.0118048 0.996693 52.3644
