0.999997 -0.00225502 -0.00085052 -0.042937 0.00225337 0.999996 -0.00193479 -0.013744 0.000854879 0.00193287 0.999998 0.859261
0.999962 -0.00357039 -0.00800005 -0.0740217 0.00354158 0.999987 -0.00361221 -0.0154404 0.00801285 0.00358374 0.999961 1.71675
0.999968 -0.00109617 -0.00797551 -0.0990674 0.00106728 0.999993 -0.00362588 -0.0410663 0.00797943 0.00361725 0.999962 2.57716
0.999908 0.00103062 -0.0134963 -0.15236 -0.00108803 0.99999 -0.00424703 -0.0558757 0.0134918 0.00426132 0.9999 3.43312
0.999862 0.00151788 -0.0165271 -0.134965 -0.00159602 0.999988 -0.0047158 -0.0648924 0.0165197 0.00474153 0.999852 4.29649
0.99982 0.00198928 -0.0188934 -0.2046 -0.00209617 0.999982 -0.00563896 -0.0753293 0.0188818 0.00567755 0.999806 5.15282
0.999655 0.00922736 -0.02461 -0.215994 -0.00938767 0.999935 -0.0064064 -0.0866948 0.0245492 0.00663522 0.999677 6.01391
0.999558 0.00275781 -0.029611 -0.240879 -0.00289603 0.999985 -0.00462629 -0.0979625 0.0295978 0.00470999 0.999551 6.87247
0.999391 -0.0013544 -0.0348775 -0.249438 0.00124724 0.999994 -0.00309408 -0.0950308 0.0348815 0.0030487 0.999387 7.7329
0.999297 -0.00260153 -0.0373928 -0.298904 0.0026077 0.999997 0.000116215 -0.105853 0.0373924 -0.000213642 0.999301 8.59209
0.999232 0.00108419 -0.039162 -0.336866 -0.00112014 0.999999 -0.000896059 -0.109715 0.039161 0.000939238 0.999232 9.45034
0.99914 0.000230122 -0.0414743 -0.395817 -0.000263775 1 -0.000805947 -0.118882 0.0414741 0.000816194 0.999139 10.3085
0.999024 -0.00448669 -0.04394 -0.412814 0.00442587 0.999989 -0.0014813 -0.126226 0.0439461 0.00128538 0.999033 11.1691
0.999019 -0.0035717 -0.0441497 -0.445915 0.00355398 0.999994 -0.000479893 -0.140847 0.0441511 0.000322515 0.999025 12.0277
0.998931 -0.00511834 -0.0459326 -0.488344 0.00509354 0.999987 -0.000656967 -0.144089 0.0459353 0.000422306 0.998944 12.8819
0.99883 0.0037261 -0.0482102 -0.53442 -0.00383279 0.99999 -0.00212077 -0.1592 0.0482019 0.00230307 0.998835 13.7444
0.998818 0.00738693 -0.0480444 -0.610782 -0.00763813 0.999958 -0.00504683 -0.165005 0.0480051 0.00540783 0.998832 14.6118
0.998692 0.0036882 -0.0509948 -0.652252 -0.00402041 0.999971 -0.00641342 -0.174113 0.0509697 0.00661005 0.998678 15.4925
0.998651 0.00163608 -0.0519072 -0.689972 -0.0019747 0.999977 -0.00647304 -0.184536 0.0518954 0.00656681 0.998631 16.3834
0.998601 0.00192681 -0.0528489 -0.706795 -0.00215517 0.999989 -0.00426426 -0.205176 0.0528401 0.00437219 0.998593 17.2849
0.998455 0.00419322 -0.055404 -0.750862 -0.00433238 0.999988 -0.00239196 -0.221016 0.0553933 0.0026283 0.998461 18.1897
0.998501 0.000513681 -0.0547244 -0.807103 -0.000682872 0.999995 -0.00307304 -0.237108 0.0547225 0.00310581 0.998497 19.1007
0.998294 0.00109197 -0.0583794 -0.847541 -0.00126911 0.999995 -0.00299734 -0.253112 0.0583758 0.00306631 0.99829 20.0149
0.998405 0.00391035 -0.0563234 -0.901731 -0.00418758 0.99998 -0.00480494 -0.270338 0.0563035 0.00503314 0.998401 20.9316
0.998101 0.00178788 -0.061573 -0.908383 -0.00186497 0.999998 -0.00119454 -0.290237 0.0615707 0.0013071 0.998102 21.86
0.998287 -0.00103517 -0.0584968 -0.999839 0.00106894 0.999999 0.000545966 -0.291377 0.0584962 -0.00060756 0.998287 22.793
0.998271 0.00502897 -0.0585613 -1.01928 -0.00471842 0.999974 0.00544002 -0.316327 0.0585872 -0.0051543 0.998269 23.7298
0.998351 0.003695 -0.0572886 -1.07634 -0.00325409 0.999964 0.00778771 -0.317979 0.0573154 -0.00758845 0.998327 24.672
0.998484 -0.00195912 -0.0549992 -1.11634 0.00242803 0.999961 0.00846024 -0.31943 0.0549805 -0.00858095 0.998451 25.6171
0.998587 0.00335616 -0.0530415 -1.13896 -0.00304582 0.999978 0.00593059 -0.330408 0.0530602 -0.00576065 0.998575 26.5667
0.998529 0.00444472 -0.0540404 -1.23545 -0.0043814 0.99999 0.00129012 -0.331345 0.0540456 -0.00105145 0.998538 27.5157
0.998662 0.000695054 -0.0517012 -1.29435 -0.000816474 0.999997 -0.00232742 -0.333719 0.0516995 0.00236652 0.99866 28.4738
0.998576 -0.00397956 -0.0532038 -1.32162 0.00392464 0.999992 -0.00113666 -0.355524 0.0532079 0.000926239 0.998583 29.4433
0.998683 -0.00520938 -0.051031 -1.38564 0.00538491 0.99998 0.00330288 -0.354731 0.0510128 -0.00357333 0.998692 30.4184
0.998539 -0.00677895 -0.0536084 -1.43089 0.00715382 0.999951 0.00680399 -0.369095 0.0535596 -0.00717756 0.998539 31.3981
0.99849 -0.0120065 -0.0536006 -1.48415 0.0123214 0.999909 0.00554914 -0.371025 0.053529 -0.0062012 0.998547 32.3771
0.997734 -0.00515975 -0.067085 -1.36807 0.00541261 0.999979 0.00358801 -0.340904 0.0670651 -0.00394299 0.997741 33.3505
0.998431 -0.000828643 -0.055997 -1.51719 0.000725104 0.999998 -0.0018693 -0.370457 0.0559984 0.00182577 0.998429 34.337
0.997845 0.00170632 -0.0655927 -1.53323 -0.0018388 0.999996 -0.00195949 -0.3722 0.0655891 0.00207588 0.997845 35.3472
0.998089 0.00186713 -0.0617674 -1.6514 -0.00189394 0.999998 -0.000375479 -0.386119 0.0617666 0.000491745 0.998091 36.4038
0.997989 0.00531044 -0.0631691 -1.71858 -0.005174 0.999984 0.00232338 -0.399645 0.0631804 -0.00199187 0.998 37.445
0.99788 0.0029506 -0.0650086 -1.80613 -0.00274754 0.999991 0.00321282 -0.403115 0.0650175 -0.0030274 0.99788 38.4885
0.997885 0.00117727 -0.0649995 -1.88794 -0.000745716 0.999978 0.00666325 -0.415037 0.0650059 -0.00660069 0.997863 39.5199
0.997916 -0.000998299 -0.0645133 -1.96089 0.00162061 0.999953 0.00959456 -0.418705 0.0645007 -0.00967912 0.997871 40.5554
0.997935 0.00725781 -0.0638255 -2.04315 -0.00649435 0.999905 0.0121609 -0.421386 0.0639077 -0.0117213 0.997887 41.5777
0.997861 0.00687751 -0.065014 -2.13682 -0.00613942 0.999914 0.0115457 -0.429559 0.0650878 -0.0111218 0.997818 42.5979
0.997842 0.000852161 -0.0656576 -2.17809 -0.000224553 0.999954 0.00956559 -0.430082 0.0656628 -0.0095302 0.997796 43.6101
0.997943 0.00189734 -0.0640827 -2.2572 -0.00137849 0.999966 0.00813983 -0.435285 0.064096 -0.00803475 0.997911 44.6149
0.997672 -0.000287681 -0.0681989 -2.31526 0.000792026 0.999973 0.00736828 -0.436052 0.0681949 -0.00740514 0.997645 45.6169
0.997722 -0.00149484 -0.0674409 -2.37191 0.00209151 0.999959 0.00877747 -0.443253 0.067425 -0.00889853 0.997685 46.6167
0.997401 -0.00390093 -0.0719431 -2.4296 0.0045766 0.999947 0.00922922 -0.446572 0.0719033 -0.00953449 0.997366 47.6128
0.997439 0.0010503 -0.0715148 -2.52191 -0.000614038 0.999981 0.00612203 -0.448425 0.0715198 -0.00606244 0.997421 48.5976
0.997286 0.0027604 -0.0735799 -2.59882 -0.0026146 0.999994 0.00207776 -0.452529 0.0735852 -0.00187974 0.997287 49.5749
0.997352 0.00320949 -0.0726602 -2.68184 -0.00312669 0.999994 0.0012533 -0.462756 0.0726638 -0.00102279 0.997356 50.556
0.997296 0.000623497 -0.0734876 -2.74068 -0.000299029 0.99999 0.0044262 -0.477358 0.0734896 -0.00439225 0.997286 51.5376
0.997255 -0.00514876 -0.0738704 -2.81954 0.00566431 0.999961 0.0067713 -0.477776 0.0738326 -0.00717114 0.997245 52.5137
0.997194 -0.0017878 -0.0748374 -2.87053 0.00238936 0.999966 0.00794958 -0.497793 0.0748206 -0.00810608 0.997164 53.4848
0.997318 -0.00344392 -0.0731111 -2.95973 0.00391474 0.999973 0.00629751 -0.509573 0.0730874 -0.00656683 0.997304 54.4463
0.997296 -0.00226784 -0.0734525 -3.03188 0.00267964 0.999981 0.00550829 -0.525835 0.0734387 -0.00569022 0.997284 55.4092
0.997088 -0.00407738 -0.0761518 -3.09943 0.00454453 0.999972 0.00596217 -0.52738 0.0761253 -0.00629088 0.997078 56.3676
0.997202 0.00290202 -0.0747033 -3.16989 -0.00209019 0.999938 0.0109433 -0.552741 0.0747304 -0.0107566 0.997146 57.3286
0.997239 0.000763719 -0.0742548 -3.23996 0.000375177 0.999883 0.0153225 -0.556998 0.0742577 -0.0153081 0.997122 58.2902
0.997082 -0.00288056 -0.0762894 -3.29801 0.0041852 0.999848 0.0169468 -0.557889 0.076229 -0.0172166 0.996942 59.2428
0.996936 0.00456303 -0.078085 -3.38256 -0.00354303 0.999907 0.0131962 -0.558535 0.078138 -0.0128791 0.996859 60.1827
0.996869 0.00360944 -0.0789897 -3.4637 -0.00318013 0.999979 0.00556024 -0.567301 0.0790082 -0.00529163 0.99686 61.1064
0.996829 0.00538954 -0.0793874 -3.5502 -0.00534152 0.999985 0.000817236 -0.572087 0.0793906 -0.000390596 0.996844 62.0198
0.996645 0.00512285 -0.0816853 -3.61925 -0.00496631 0.999985 0.00211944 -0.579862 0.0816949 -0.00170665 0.996656 62.931
0.996714 0.00908124 -0.0804939 -3.72869 -0.0087119 0.99995 0.00493843 -0.592134 0.0805347 -0.00422095 0.996743 63.8261
0.996585 0.00580512 -0.0823639 -3.78909 -0.00530005 0.999966 0.00634946 -0.604887 0.0823979 -0.00589125 0.996582 64.7102
0.99643 0.00067182 -0.0844228 -3.87369 -0.000124128 0.999979 0.00649258 -0.613548 0.0844254 -0.00645892 0.996409 65.5777
0.996523 0.00525345 -0.0831472 -3.98176 -0.00472622 0.999967 0.00653648 -0.619116 0.0831788 -0.00612078 0.996516 66.429
0.996202 0.002034 -0.0870465 -4.04149 -0.00137807 0.99997 0.0075948 -0.624519 0.0870594 -0.007446 0.996175 67.2734
0.996125 0.000751695 -0.0879445 -4.12654 -2.53484e-005 0.999966 0.00825998 -0.635609 0.0879477 -0.00822574 0.996091 68.1007
0.995949 0.000509178 -0.0899182 -4.19721 0.000375404 0.999952 0.00982044 -0.646843 0.0899189 -0.00981441 0.995901 68.9172
0.99569 -0.00157321 -0.092732 -4.26447 0.00266489 0.999929 0.0116498 -0.648488 0.092707 -0.0118467 0.995623 69.7219
0.995822 0.0056671 -0.0911447 -4.35974 -0.00411912 0.999844 0.0171629 -0.657148 0.0912278 -0.0167157 0.99569 70.5132
0.995417 0.00206819 -0.0956111 -4.43741 -0.000403035 0.999848 0.017432 -0.644831 0.0956326 -0.0173136 0.995266 71.2887
0.995586 0.00637052 -0.0936373 -4.55601 -0.00506088 0.999886 0.0142171 -0.647206 0.0937172 -0.0136805 0.995505 72.0356
0.995276 0.00436204 -0.0969849 -4.60448 -0.00366924 0.999966 0.00732053 -0.661847 0.0970136 -0.00693009 0.995259 72.7691
0.99543 0.000150149 -0.0954986 -4.70717 -4.81187e-005 0.999999 0.0010707 -0.658858 0.0954987 -0.00106121 0.995429 73.4769
0.994535 -0.00407954 -0.104326 -4.61898 0.00386454 0.99999 -0.00226288 -0.630337 0.104334 0.00184734 0.994541 74.183
0.99536 0.00373355 -0.0961455 -4.84963 -0.00340622 0.999988 0.0035684 -0.672959 0.0961577 -0.00322435 0.995361 74.8478
0.994322 0.00161551 -0.106398 -4.83486 -0.00130413 0.999995 0.00299609 -0.67032 0.106403 -0.00284032 0.994319 75.5094
0.995343 -0.00236338 -0.0963632 -4.96752 0.00251002 0.999996 0.00140057 -0.682123 0.0963594 -0.00163592 0.995345 76.1341
0.994542 -0.0133551 -0.103475 -4.94526 0.0129105 0.999904 -0.00496526 -0.69663 0.103532 0.00360225 0.99462 76.7523
0.995034 -0.0111429 -0.0989146 -5.01108 0.0102618 0.999903 -0.00941141 -0.705644 0.0990099 0.00834962 0.995051 77.3451
0.995021 -0.00192577 -0.0996475 -5.06181 0.000895035 0.999946 -0.0103875 -0.714061 0.099662 0.0102466 0.994969 77.9274
0.995342 0.00605878 -0.0962176 -5.10231 -0.00676353 0.999953 -0.00700009 -0.726599 0.0961706 0.00761825 0.995336 78.4983
0.995867 0.00186462 -0.0908089 -5.17546 -0.0022427 0.999989 -0.00406168 -0.726859 0.0908003 0.00424855 0.99586 79.0508
0.996268 -0.0073369 -0.086002 -5.22549 0.0073394 0.999973 -0.00028719 -0.740153 0.0860018 -0.000345084 0.996295 79.5922
0.996934 -0.00952391 -0.0776696 -5.24479 0.00976507 0.999949 0.00272574 -0.755089 0.0776396 -0.00347583 0.996975 80.124
0.997856 -0.00115992 -0.0654369 -5.28978 0.0013489 0.999995 0.00284385 -0.760125 0.0654333 -0.00292602 0.997853 80.6347
0.998656 0.00876548 -0.0510896 -5.3089 -0.00863897 0.999959 0.00269665 -0.765094 0.0511112 -0.00225166 0.99869 81.1364
0.999432 0.00901302 -0.0324661 -5.33035 -0.00890744 0.999955 0.00339528 -0.768725 0.0324952 -0.00310416 0.999467 81.624
0.999929 0.0024828 -0.0116539 -5.31768 -0.00243539 0.999989 0.00408083 -0.772892 0.0116639 -0.00405216 0.999924 82.0987
0.999875 -0.00595393 0.014631 -5.28444 0.00586857 0.999966 0.00587024 -0.784509 -0.0146654 -0.00578364 0.999876 82.5576
0.998981 -0.00306331 0.0450339 -5.25497 0.00273149 0.999969 0.00742772 -0.787264 -0.0450552 -0.00729714 0.998958 83.0116
0.99714 -0.00302361 0.0755204 -5.1801 0.00228994 0.999949 0.00979962 -0.79921 -0.0755462 -0.00959865 0.997096 83.4561
0.99326 0.00140942 0.115902 -5.1251 -0.0025518 0.99995 0.0097086 -0.797344 -0.115883 -0.00993892 0.993213 83.89
0.987717 -0.000804217 0.156252 -5.03784 -0.000902008 0.999941 0.0108485 -0.801614 -0.156252 -0.0108562 0.987658 84.3204
0.979137 0.001842 0.203195 -4.94332 -0.00407025 0.999936 0.0105487 -0.804667 -0.203163 -0.0111557 0.979081 84.7413
0.968117 -0.000164475 0.250498 -4.79515 -0.00226706 0.999953 0.00941824 -0.812149 -0.250488 -0.00968585 0.968071 85.1283
0.952741 -0.000215448 0.303785 -4.64192 -0.00171167 0.99998 0.00607741 -0.815405 -0.30378 -0.00631018 0.952721 85.5148
0.932767 -0.00179342 0.360475 -4.47159 -0.000322485 0.999983 0.00580953 -0.820886 -0.360479 -0.00553519 0.932751 85.8736
0.909139 -0.00175134 0.416488 -4.26357 0.000208737 0.999993 0.00374933 -0.816798 -0.416492 -0.00332173 0.909133 86.2192
0.880035 -0.00126133 0.474907 -4.03985 -0.000267065 0.999995 0.00315083 -0.82024 -0.474908 -0.00289968 0.880031 86.5464
0.847766 -0.00446054 0.530352 -3.8032 0.00366388 0.99999 0.00255375 -0.821284 -0.530358 -0.000221834 0.847774 86.8419
0.811277 -0.00437494 0.584646 -3.54391 0.00289748 0.99999 0.00346232 -0.831604 -0.584655 -0.0011149 0.811281 87.1296
0.772779 -0.00381851 0.634664 -3.27125 0.00120229 0.999989 0.0045526 -0.830502 -0.634674 -0.0027551 0.772775 87.385
0.729806 -0.00121418 0.683653 -2.97513 -0.00364468 0.999977 0.00566671 -0.830323 -0.683644 -0.0066273 0.729786 87.636
0.685189 -0.00113462 0.728365 -2.66592 -0.00492569 0.999969 0.00619142 -0.836515 -0.728349 -0.00782999 0.685162 87.8629
0.639151 -0.00581515 0.76906 -2.35138 -0.000238453 0.99997 0.00775932 -0.839017 -0.769082 -0.00514276 0.63913 88.0682
0.59497 -0.0127513 0.803647 -2.01161 0.00507918 0.999914 0.0121051 -0.845928 -0.803732 -0.00312031 0.594984 88.2409
0.547875 -0.00863364 0.836515 -1.68072 -6.55161e-005 0.999946 0.0103633 -0.851951 -0.83656 -0.00573261 0.547845 88.4072
0.500213 -0.00103016 0.865902 -1.33693 -0.00769194 0.999955 0.00563311 -0.855876 -0.865868 -0.00947822 0.500183 88.5703
0.454372 0.000119749 0.890812 -0.985189 -0.00642975 0.999974 0.00314517 -0.859002 -0.890789 -0.00715678 0.454361 88.7158
0.41466 -0.0127225 0.909888 -0.623203 0.00222066 0.999913 0.0129693 -0.862531 -0.909974 -0.0033573 0.414652 88.8213
0.374547 -0.0253882 0.92686 -0.246952 0.00539373 0.999668 0.0252028 -0.856396 -0.927192 -0.00444041 0.374559 88.9163
0.34047 -0.0278548 0.939843 0.127257 -0.00482222 0.999496 0.0313697 -0.854256 -0.940243 -0.0152126 0.340164 89.0087
0.306625 -0.0185 0.951651 0.500408 -0.0171234 0.999542 0.0249482 -0.851777 -0.951676 -0.0239452 0.306168 89.1063
0.275127 -0.00702715 0.961382 0.873643 -0.0185848 0.999748 0.0126261 -0.850886 -0.961228 -0.0213409 0.274927 89.2144
0.248048 -0.00442954 0.968738 1.25812 -0.0156173 0.999841 0.00857062 -0.856187 -0.968622 -0.017255 0.247939 89.2989
0.222093 -0.00617561 0.975006 1.65616 -0.00659979 0.999948 0.00783693 -0.865141 -0.975003 -0.00817536 0.22204 89.3678
0.199395 -0.0149315 0.979805 2.06372 -0.000250485 0.999883 0.0152885 -0.869794 -0.979919 -0.00329387 0.199368 89.4237
0.17887 -0.0202272 0.983665 2.48501 0.0064544 0.999791 0.0193852 -0.85613 -0.983852 0.00288154 0.178963 89.471
0.159316 -0.0207887 0.987009 2.91118 0.00469911 0.999783 0.0202992 -0.840752 -0.987216 0.00140407 0.159379 89.5228
0.142375 -0.0163171 0.989678 3.35741 -0.00918469 0.999799 0.0178053 -0.833167 -0.98977 -0.0116249 0.142197 89.5832
0.126986 -0.0122201 0.991829 3.82245 -0.0228615 0.999622 0.0152431 -0.833883 -0.991641 -0.0246104 0.126659 89.6394
0.112436 -0.0129757 0.993574 4.2957 -0.0237267 0.999595 0.0157394 -0.82946 -0.993376 -0.0253439 0.112082 89.6852
0.099294 -0.0166061 0.99492 4.78232 -0.0191166 0.999644 0.0185929 -0.82807 -0.994874 -0.0208656 0.0989412 89.7196
0.087566 -0.0203414 0.995951 5.27917 -0.016276 0.999629 0.0218475 -0.825276 -0.996026 -0.0181232 0.0872025 89.7566
0.0773671 -0.0226841 0.996745 5.79346 -0.0158298 0.999587 0.0239775 -0.82042 -0.996877 -0.0176333 0.0769761 89.785
0.0695051 -0.0247157 0.997275 6.3228 -0.0177733 0.999504 0.0260096 -0.812714 -0.997423 -0.0195326 0.0690313 89.8215
0.0644438 -0.0263721 0.997573 6.86773 -0.0210876 0.999392 0.0277824 -0.801421 -0.997699 -0.0228268 0.0638485 89.8562
0.0576281 -0.0255296 0.998012 7.43056 -0.0223412 0.99939 0.0268549 -0.790458 -0.998088 -0.0238444 0.0570225 89.8943
0.0514998 -0.0275729 0.998292 8.01427 -0.0240111 0.999296 0.0288393 -0.775947 -0.998384 -0.0254553 0.0508015 89.9158
0.046104 -0.0267788 0.998578 8.61554 -0.0249247 0.999299 0.0279489 -0.776457 -0.998626 -0.0261778 0.0454042 89.9692
0.0456005 -0.0320206 0.998446 9.23528 -0.0263187 0.999101 0.0332436 -0.753768 -0.998613 -0.0277937 0.0447167 89.9737
0.0406022 -0.0295096 0.99874 9.87418 -0.0267195 0.999174 0.0306087 -0.745204 -0.998818 -0.0279286 0.0397802 90.006
0.0388057 -0.0345438 0.99865 10.5291 -0.0305308 0.998895 0.0357386 -0.726413 -0.99878 -0.0318764 0.0377082 90.0135
0.0382098 -0.034166 0.998685 11.2023 -0.0298264 0.998931 0.0353156 -0.706212 -0.998825 -0.0311366 0.0371499 90.0317
0.0393679 -0.0417607 0.998352 11.8882 -0.0367174 0.998391 0.0432102 -0.685318 -0.99855 -0.038358 0.0377712 90.0555
0.0419816 -0.0413006 0.998264 12.5942 -0.0369719 0.998397 0.0428609 -0.654096 -0.998434 -0.0387071 0.0403873 90.0892
0.0445572 -0.0420316 0.998122 13.3161 -0.0415341 0.998173 0.0438879 -0.649286 -0.998143 -0.0434116 0.04273 90.1331
0.0512636 -0.0439151 0.997719 14.055 -0.0410378 0.998096 0.0460402 -0.609607 -0.997842 -0.0433044 0.0493638 90.1391
0.0540769 -0.0439969 0.997567 14.8118 -0.0452371 0.997895 0.0464636 -0.579599 -0.997512 -0.0476397 0.0519728 90.2
0.0600228 -0.0459392 0.997139 15.5814 -0.0479113 0.997656 0.048847 -0.544119 -0.997047 -0.0507062 0.0576811 90.2467
0.063448 -0.0436237 0.997031 16.3661 -0.0469553 0.997807 0.0466457 -0.486543 -0.99688 -0.0497755 0.0612605 90.2927
0.0670282 -0.041612 0.996883 17.1593 -0.0478404 0.997847 0.044869 -0.460855 -0.996603 -0.0506988 0.0648931 90.3514
0.0704371 -0.0393034 0.996742 17.9589 -0.0432797 0.998162 0.0424179 -0.428089 -0.996577 -0.0461265 0.0686066 90.4227
0.0748155 -0.0381315 0.996468 18.7629 -0.0375584 0.998452 0.0410274 -0.410703 -0.99649 -0.0404953 0.0732675 90.473
0.073855 -0.0299961 0.996818 19.5684 -0.0301036 0.999025 0.0322929 -0.378191 -0.996815 -0.0323928 0.07288 90.5607
0.0762618 -0.028752 0.996673 20.3823 -0.0294427 0.999083 0.0310743 -0.356283 -0.996653 -0.0317145 0.0753453 90.6137
0.0759655 -0.0287638 0.996695 21.1984 -0.0285454 0.999111 0.0310091 -0.346781 -0.996702 -0.0308067 0.0750769 90.6859
0.0758415 -0.0235961 0.996841 22.0173 -0.0312144 0.999174 0.0260262 -0.325426 -0.996631 -0.0330897 0.0750423 90.7385
0.0747188 -0.0263097 0.996858 22.8331 -0.0311449 0.999103 0.0287034 -0.318866 -0.996718 -0.0331917 0.0738323 90.8113
0.0771413 -0.0260309 0.99668 23.6492 -0.0268817 0.999241 0.0281784 -0.296155 -0.996658 -0.0289662 0.076383 90.8798
0.0749436 -0.0216204 0.996953 24.463 -0.0266936 0.999363 0.0236793 -0.292356 -0.99683 -0.0283869 0.0743188 90.9584
0.0762969 -0.0169388 0.996941 25.2748 -0.0249945 0.999509 0.0188953 -0.290268 -0.996772 -0.0263597 0.0758361 91.0194
0.0749262 -0.0194832 0.996999 26.083 -0.0213915 0.999548 0.0211406 -0.285665 -0.99696 -0.0229112 0.0744755 91.1012
0.0717053 -0.0137754 0.997331 26.8948 -0.0184009 0.999716 0.0151313 -0.278611 -0.997256 -0.0194368 0.0714314 91.1576
0.0664457 -0.00751871 0.997762 27.7032 -0.0179916 0.9998 0.00873221 -0.276991 -0.997628 -0.0185315 0.0662971 91.231
0.061818 -0.00849837 0.998051 28.5142 -0.0189974 0.999773 0.0096897 -0.273315 -0.997907 -0.0195594 0.0616424 91.2978
0.0550133 -0.00510911 0.998473 29.3264 -0.0157426 0.999858 0.00598357 -0.286372 -0.998362 -0.0160477 0.054925 91.3384
0.0464195 -0.00420862 0.998913 30.1328 -0.00970428 0.999942 0.00466392 -0.286263 -0.998875 -0.00991023 0.046376 91.3871
0.0385535 -0.00305803 0.999252 30.9353 -0.0041016 0.999986 0.00321853 -0.309763 -0.999248 -0.00422262 0.0385404 91.4019
0.0277033 -0.00436875 0.999607 31.7361 -0.00397685 0.999982 0.00448061 -0.306207 -0.999608 -0.00409941 0.0276854 91.4447
0.0187191 -0.00581249 0.999808 32.5344 -0.00453258 0.999972 0.00589831 -0.31817 -0.999815 -0.00464212 0.0186922 91.4502
0.00586769 -0.00411475 0.999974 33.3267 -0.00536627 0.999977 0.00414625 -0.32298 -0.999968 -0.00539047 0.00584547 91.4692
-0.00392881 -0.0055108 0.999977 34.1193 -0.00713407 0.99996 0.00548268 -0.334505 -0.999967 -0.00711237 -0.00396797 91.4605
-0.0162857 -0.00371553 0.99986 34.9066 -0.00367193 0.999987 0.00365619 -0.335296 -0.999861 -0.00361188 -0.0162991 91.4592
-0.0265659 -0.00517017 0.999634 35.6867 -0.00426046 0.999978 0.00505873 -0.345068 -0.999638 -0.00412451 -0.0265873 91.4379
-0.0371022 -0.00392598 0.999304 36.4624 -0.00286091 0.999989 0.00382245 -0.355532 -0.999307 -0.00271709 -0.037113 91.4044
-0.0475627 -0.00449831 0.998858 37.2311 -0.00294876 0.999986 0.00436298 -0.368053 -0.998864 -0.00273788 -0.0475753 91.3659
-0.057135 -0.0062605 0.998347 37.9918 -0.00189349 0.999979 0.00616237 -0.361376 -0.998365 -0.00153827 -0.0571456 91.3234
-0.066249 -0.00517834 0.99779 38.744 -0.00386532 0.99998 0.00493307 -0.383572 -0.997796 -0.00352997 -0.0662677 91.2603
-0.0762883 -0.00805056 0.997053 39.4899 -0.00524471 0.999957 0.00767271 -0.37839 -0.997072 -0.00464392 -0.0763272 91.2102
-0.0844247 -0.00709466 0.996405 40.2279 -0.005888 0.999961 0.0066211 -0.384546 -0.996412 -0.00530784 -0.0844631 91.15
-0.0921693 -0.00935174 0.995699 40.9521 -0.00965761 0.999917 0.00849737 -0.402451 -0.995697 -0.00883288 -0.092252 91.0417
-0.0977322 -0.0116075 0.995145 41.6781 -0.0115912 0.999877 0.0105243 -0.398989 -0.995145 -0.0105064 -0.0978547 91.011
-0.0992022 -0.0154936 0.994947 42.3864 -0.0143899 0.999797 0.0141343 -0.392555 -0.994963 -0.012915 -0.0994049 90.8938
-0.103697 -0.0152552 0.994492 43.0904 -0.0154154 0.999787 0.013729 -0.405325 -0.994489 -0.0139068 -0.10391 90.8293
-0.100736 -0.0268062 0.994552 43.7762 -0.0238467 0.999415 0.0245219 -0.404459 -0.994627 -0.0212466 -0.101317 90.7475
-0.105376 -0.018527 0.99426 44.4516 -0.0194219 0.999674 0.0165695 -0.408949 -0.994243 -0.0175644 -0.105701 90.6875
-0.100609 -0.0236578 0.994645 45.1006 -0.0227386 0.999511 0.0214735 -0.423716 -0.994666 -0.0204564 -0.101098 90.5669
-0.0980065 -0.0239845 0.994897 45.7428 -0.0193292 0.999567 0.022193 -0.414904 -0.994998 -0.0170555 -0.0984276 90.5106
-0.0904638 -0.0274353 0.995522 46.3616 -0.0223846 0.999424 0.0255088 -0.418957 -0.995648 -0.0199768 -0.0910258 90.4317
-0.0846609 -0.0247341 0.996103 46.9661 -0.0234419 0.999465 0.0228252 -0.412963 -0.996134 -0.0214182 -0.0851954 90.3947
-0.0709036 -0.0258002 0.997149 47.5495 -0.0261919 0.999369 0.0239953 -0.408019 -0.997139 -0.0244159 -0.0715346 90.3557
-0.0586289 -0.0234803 0.998004 48.1142 -0.0256918 0.999428 0.0220045 -0.413919 -0.997949 -0.0243504 -0.0591986 90.3462
-0.0408027 -0.0235146 0.99889 48.6576 -0.024115 0.999455 0.0225428 -0.412008 -0.998876 -0.0231684 -0.0413475 90.3343
-0.0197134 -0.0201713 0.999602 49.1934 -0.0200612 0.999603 0.0197757 -0.419489 -0.999604 -0.0196634 -0.0201102 90.339
0.00556453 -0.0198023 0.999788 49.7214 -0.017774 0.999644 0.0198983 -0.41564 -0.999827 -0.0178809 0.00521058 90.3494
0.0324613 -0.0174973 0.99932 50.2438 -0.0157381 0.999714 0.0180155 -0.412597 -0.999349 -0.0163122 0.0321766 90.3936
0.0669376 -0.0166948 0.997617 50.766 -0.0185659 0.999666 0.0179748 -0.412284 -0.997584 -0.0197248 0.0666053 90.4453
0.103439 -0.0164788 0.994499 51.282 -0.0199926 0.999626 0.0186432 -0.406965 -0.994435 -0.0218111 0.103071 90.5271
0.145553 -0.0135756 0.989257 51.7858 -0.022475 0.999602 0.0170243 -0.403193 -0.989095 -0.0247115 0.14519 90.6287
0.191012 -0.0082558 0.981553 52.2831 -0.0252942 0.999591 0.0133298 -0.396397 -0.981262 -0.0273738 0.190725 90.7588
0.237239 -0.00617805 0.971432 52.7728 -0.0243701 0.999627 0.0123089 -0.395415 -0.971146 -0.026594 0.237 90.9236
0.288745 -0.00270864 0.957402 53.238 -0.0191138 0.99978 0.0085931 -0.388492 -0.957215 -0.0207808 0.288629 91.0991
0.343557 -0.00712844 0.939105 53.6892 -0.0111935 0.999869 0.0116847 -0.384215 -0.939065 -0.0145262 0.343433 91.3106
0.407202 -0.00150737 0.913337 54.1421 -0.00509666 0.999979 0.00392266 -0.384452 -0.913324 -0.00625228 0.407186 91.5075
0.460994 -0.00664078 0.887378 54.5249 0.000759202 0.999975 0.007089 -0.394133 -0.887403 -0.00259429 0.460988 91.7729
0.519421 -0.0111052 0.854446 54.9144 0.0072386 0.999937 0.00859576 -0.396718 -0.854488 0.00172018 0.519468 92.0526
0.587357 -0.0245961 0.808954 55.298 0.0233942 0.999636 0.0134079 -0.345003 -0.80899 0.0110496 0.587719 92.2869
0.627115 -0.00161445 0.778925 55.5885 -0.000157172 0.999998 0.00219921 -0.360104 -0.778926 -0.00150158 0.627113 92.683
0.689477 -0.00861757 0.724257 55.9437 0.00212309 0.999949 0.00987676 -0.350242 -0.724305 -0.00527213 0.68946 92.995
0.733701 -0.00501876 0.679454 56.2082 0.00105404 0.99998 0.00624812 -0.355974 -0.679472 -0.00386808 0.733691 93.3686
0.778031 -0.00229607 0.628222 56.468 -0.00680701 0.999904 0.0120848 -0.354447 -0.628189 -0.0136786 0.77794 93.7656
0.818008 -0.000706993 0.575206 56.6955 -0.010559 0.999812 0.016245 -0.344899 -0.57511 -0.0193621 0.817847 94.1878
0.854678 -0.00382258 0.519144 56.9111 -0.0101924 0.999657 0.0241407 -0.345251 -0.519058 -0.0259239 0.854346 94.5895
0.884791 0.00179026 0.465986 57.0949 -0.0151994 0.999571 0.0250196 -0.329407 -0.465741 -0.0292198 0.884439 95.0346
0.909684 -0.0014192 0.415299 57.268 -0.0133656 0.999376 0.0326916 -0.334605 -0.415086 -0.0352897 0.909098 95.4843
0.928955 0.00434755 0.370168 57.397 -0.0166135 0.999413 0.0299545 -0.326203 -0.36982 -0.0339761 0.928482 95.937
0.944481 0.00352869 0.328548 57.5348 -0.0154568 0.999312 0.0337011 -0.327197 -0.328203 -0.0369083 0.943886 96.4073
0.955392 0.0084203 0.29522 57.6307 -0.0173105 0.999472 0.0275132 -0.30971 -0.294832 -0.0313963 0.955033 96.8777
0.964671 0.00213105 0.263448 57.7414 -0.00985171 0.99956 0.0279886 -0.300937 -0.263273 -0.0295952 0.964267 97.3562
0.970456 -0.00918422 0.241103 57.8498 0.00227252 0.999579 0.0289294 -0.291829 -0.241267 -0.0275268 0.970068 97.8366
0.974044 -0.0106087 0.22611 57.9516 0.00404137 0.999557 0.0294881 -0.289983 -0.226322 -0.0278089 0.973655 98.322
0.976971 -0.00153306 0.213366 58.04 -0.00453944 0.999599 0.0279676 -0.271695 -0.213323 -0.0282921 0.976572 98.8213
0.978925 0.00733262 0.20409 58.1348 -0.0130962 0.999552 0.0269039 -0.258671 -0.203801 -0.0290097 0.978582 99.3306
0.980079 0.0104685 0.198334 58.2275 -0.0154924 0.999597 0.0237954 -0.242526 -0.198005 -0.026394 0.979846 99.8477
0.980631 0.009686 0.195623 58.3138 -0.0136899 0.999723 0.0191259 -0.241488 -0.195384 -0.0214335 0.980493 100.377
0.980823 0.0043822 0.194853 58.4127 -0.00772963 0.999835 0.0164223 -0.238833 -0.194749 -0.0176135 0.980695 100.914
0.980242 -0.00133774 0.197796 58.5219 -0.00143062 0.999903 0.0138525 -0.239206 -0.197795 -0.0138617 0.980145 101.459
0.979471 -0.00761501 0.201442 58.6474 0.00605679 0.999947 0.00835059 -0.228964 -0.201495 -0.00695907 0.979465 102.01
0.97862 -0.00503462 0.205613 58.7552 0.00437551 0.999984 0.00366015 -0.217062 -0.205628 -0.00268224 0.978626 102.576
0.977754 0.00378752 0.209722 58.8805 -0.0046033 0.999984 0.00340183 -0.234942 -0.209705 -0.00429157 0.977755 103.16
0.976291 0.00931605 0.216263 59.0039 -0.0108376 0.999924 0.00585069 -0.228599 -0.216192 -0.00805574 0.976318 103.757
0.975592 0.00141747 0.219587 59.1379 -0.00412014 0.999921 0.0118505 -0.229924 -0.219553 -0.012466 0.975521 104.365
0.974556 -0.00495324 0.224091 59.2803 0.000978521 0.99984 0.0178446 -0.230059 -0.224144 -0.0171713 0.974405 104.983
0.973767 -0.00614252 0.227464 59.4197 0.00101335 0.999743 0.0226593 -0.226392 -0.227545 -0.0218344 0.973523 105.614
0.973053 -0.00798375 0.230444 59.5797 0.00223625 0.99968 0.0251914 -0.220819 -0.230571 -0.0239973 0.972759 106.247
0.972833 -0.0105714 0.231269 59.7237 0.00560943 0.99974 0.0221027 -0.209192 -0.231442 -0.020205 0.972639 106.893
0.973259 -0.00966279 0.229507 59.8851 0.00592909 0.999839 0.0169524 -0.206169 -0.229634 -0.0151384 0.973159 107.539
0.973074 -0.00472027 0.230443 60.0426 0.00247637 0.999947 0.0100256 -0.195413 -0.230478 -0.009185 0.973034 108.199
0.973934 0.000102552 0.22683 60.1855 -0.00148837 0.999981 0.00593847 -0.187344 -0.226825 -0.00612129 0.973916 108.877
0.97466 -0.000342903 0.223689 60.3458 -0.00210775 0.99994 0.0107168 -0.182117 -0.22368 -0.0109167 0.974602 109.573
0.974894 -0.00352329 0.222641 60.5143 -0.000387036 0.999846 0.0175173 -0.170606 -0.222668 -0.0171637 0.974743 110.283
0.975374 -0.000665815 0.220555 60.6652 -0.00462411 0.999714 0.0234675 -0.171557 -0.220507 -0.0239094 0.975092 111.007
0.975842 0.00306908 0.218458 60.8333 -0.0080332 0.999729 0.0218389 -0.167656 -0.218332 -0.0230662 0.975602 111.731
0.976216 0.0065424 0.216702 60.9798 -0.0101521 0.999828 0.0155485 -0.15355 -0.216563 -0.0173786 0.976114 112.465
0.977193 0.00277108 0.212334 61.135 -0.00527583 0.999923 0.0112306 -0.150559 -0.212287 -0.0120947 0.977133 113.21
0.978129 -0.00421206 0.207956 61.3011 0.0025872 0.999964 0.00808487 -0.13436 -0.207983 -0.00737002 0.978105 113.966
0.978944 -0.00456079 0.204079 61.4604 0.00248381 0.999942 0.0104323 -0.139154 -0.204115 -0.00970576 0.978899 114.739
0.979706 -0.00768776 0.20029 61.6116 0.00516657 0.999901 0.0131073 -0.135048 -0.200371 -0.0118065 0.979649 115.523
0.979925 -0.00395908 0.199325 61.7592 0.000855756 0.999877 0.0156529 -0.135901 -0.199362 -0.0151681 0.979808 116.321
0.980578 -0.00542938 0.196055 61.9689 0.00183318 0.999827 0.0185196 -0.126503 -0.196122 -0.0178005 0.980418 117.125
0.980367 -0.00959455 0.196947 62.1247 0.00559353 0.999767 0.0208614 -0.12279 -0.197102 -0.0193502 0.980192 117.942
0.980562 -0.00442993 0.196159 62.3083 0.000120291 0.999758 0.0219766 -0.121528 -0.196209 -0.0215259 0.980326 118.762
0.980298 0.0054283 0.19745 62.428 -0.0092876 0.999783 0.018625 -0.0994084 -0.197306 -0.0200919 0.980136 119.593
0.980573 0.00785502 0.195999 62.5948 -0.0110567 0.999823 0.0152463 -0.092221 -0.195844 -0.0171172 0.980486 120.42
0.979907 0.0112424 0.19914 62.736 -0.0137287 0.999844 0.0111086 -0.0803056 -0.198984 -0.0136194 0.979908 121.258
0.979423 0.0130117 0.2014 62.9023 -0.0155361 0.999819 0.0109587 -0.0813678 -0.201221 -0.0138621 0.979448 122.098
0.978571 0.00839019 0.205737 63.051 -0.0111377 0.999864 0.0121999 -0.0742491 -0.205607 -0.0142299 0.978531 122.946
0.978218 0.00332142 0.207554 63.2512 -0.0058258 0.999917 0.0114561 -0.0799015 -0.207499 -0.0124157 0.978156 123.784
0.977608 -0.00249365 0.210421 63.4063 0.000795227 0.999966 0.00815579 -0.0692771 -0.210434 -0.00780583 0.977577 124.635
0.977783 -0.00823115 0.209457 63.611 0.00590238 0.999914 0.0117408 -0.077545 -0.209536 -0.0102436 0.977747 125.491
0.976758 -0.00909634 0.214153 63.7673 0.00740754 0.999935 0.00868719 -0.0615377 -0.214218 -0.00689893 0.976762 126.35
0.975481 0.00283945 0.220067 63.9047 -0.00411677 0.999977 0.00534585 -0.0571842 -0.220047 -0.00612074 0.97547 127.21
0.976666 0.000755311 0.214764 64.1128 -0.00359218 0.999911 0.0128193 -0.0585486 -0.214735 -0.0132916 0.976582 128.06
0.975315 0.00805155 0.22067 64.282 -0.0114167 0.999837 0.0139787 -0.0583347 -0.220522 -0.016153 0.975248 128.918
0.975829 0.00504526 0.218479 64.4809 -0.00949938 0.999768 0.0193413 -0.0592866 -0.218331 -0.0209492 0.97565 129.765
0.974981 0.00129812 0.222285 64.6285 -0.00416135 0.999914 0.012413 -0.0600541 -0.22225 -0.0130274 0.974903 130.6
0.97535 -0.0121199 0.220329 64.8382 0.0121994 0.999925 0.000999709 -0.0685408 -0.220325 0.00171283 0.975425 131.411
0.974932 -0.0125848 0.222145 65.0205 0.0147477 0.999859 -0.00807997 -0.0745585 -0.222012 0.0111535 0.97498 132.23
0.97543 -0.00525942 0.220246 65.2106 0.00489121 0.999986 0.00221713 -0.0783015 -0.220255 -0.00108538 0.975442 133.062
0.975703 -0.00252711 0.219082 65.4017 -0.00242263 0.999748 0.0223215 -0.0850655 -0.219083 -0.02231 0.975451 133.91
0.975781 -0.0011786 0.218745 65.5718 -0.00709264 0.999289 0.0370232 -0.0855575 -0.218633 -0.037678 0.975079 134.755
0.9758 0.00341979 0.218637 65.7411 -0.0102664 0.999492 0.0301868 -0.0779637 -0.218422 -0.0317009 0.975339 135.571
0.976009 0.00496288 0.217673 65.8937 -0.00817325 0.999871 0.0138507 -0.0630139 -0.217576 -0.0152975 0.975923 136.376
0.976343 0.000365463 0.216225 66.0612 -0.0017938 0.999978 0.00640959 -0.0584854 -0.216218 -0.00664582 0.976322 137.182
0.976926 -0.00638556 0.213483 66.2557 0.00531261 0.99997 0.00559925 -0.0460188 -0.213512 -0.0043359 0.976931 137.989
0.976981 -0.00381323 0.213293 66.3976 0.00221756 0.999968 0.00771992 -0.0575814 -0.213315 -0.00706923 0.976958 138.809
0.977785 -0.0012965 0.209606 66.5685 8.88248e-005 0.999983 0.00577094 -0.065346 -0.20961 -0.00562412 0.977769 139.613
0.977875 0.00265796 0.209176 66.737 -0.00325936 0.999991 0.00253043 -0.0661759 -0.209167 -0.00315622 0.977875 140.413
0.978365 0.00733379 0.206757 66.8831 -0.00796439 0.999966 0.00221777 -0.0872588 -0.206734 -0.00381648 0.97839 141.232
0.978812 0.0130626 0.204344 67.0316 -0.0134555 0.999909 0.000533712 -0.0843694 -0.204318 -0.00327196 0.978899 142.021
0.979549 0.00587234 0.201122 67.1755 -0.00668561 0.999972 0.00336466 -0.115333 -0.201097 -0.00464047 0.97956 142.828
0.979638 0.00076786 0.200773 67.3511 -0.0022184 0.999973 0.00699992 -0.109278 -0.200762 -0.00730278 0.979613 143.629
0.97995 -0.00779673 0.199089 67.5225 0.00597738 0.999935 0.00973775 -0.121361 -0.199152 -0.00835247 0.979933 144.424
0.980058 -0.00453513 0.198658 67.6671 0.00380357 0.999985 0.00406399 -0.112972 -0.198674 -0.00322734 0.98006 145.222
0.981535 -0.0109226 0.19097 67.8322 0.0103598 0.999939 0.00394533 -0.120441 -0.191002 -0.00189407 0.981588 146.007
0.982287 -0.00696275 0.187254 67.9692 0.00685523 0.999976 0.00122178 -0.121383 -0.187258 8.35301e-005 0.982311 146.806
0.983763 -0.00365713 0.179435 68.1051 0.00230408 0.999967 0.00774843 -0.132254 -0.179458 -0.00720919 0.983739 147.611
0.984735 -0.00215726 0.174044 68.2313 -0.000661762 0.99987 0.0161375 -0.143846 -0.174056 -0.0160063 0.984606 148.42
0.985421 -0.00129338 0.170127 68.3538 -0.00305915 0.999675 0.0253195 -0.135187 -0.170104 -0.0254708 0.985097 149.228
0.986137 0.00407124 0.165886 68.4914 -0.0087151 0.99959 0.027276 -0.124223 -0.165707 -0.0283436 0.985768 150.027
0.986681 0.00770681 0.162486 68.5926 -0.0113107 0.99971 0.021266 -0.118623 -0.162275 -0.0228206 0.986482 150.823
0.987979 -0.000308576 0.154586 68.7137 -0.00150134 0.999932 0.0115913 -0.116262 -0.154579 -0.011684 0.987911 151.611
0.988957 -0.00841568 0.147961 68.8344 0.0075554 0.999951 0.00637535 -0.114567 -0.148008 -0.00518704 0.988973 152.407
0.989825 -0.00587496 0.142165 68.9297 0.00488257 0.999961 0.00732838 -0.108606 -0.142203 -0.00655969 0.989816 153.218
0.990818 0.00593653 0.13507 69.0318 -0.00736231 0.999922 0.0100588 -0.118898 -0.135 -0.0109609 0.990785 154.034
0.991736 0.011951 0.12774 69.1029 -0.0129201 0.999894 0.00676104 -0.116014 -0.127646 -0.00835558 0.991785 154.849
0.993033 0.00649337 0.117656 69.1948 -0.00666248 0.999977 0.00104413 -0.124088 -0.117647 -0.00182073 0.993054 155.656
0.993853 -0.000154375 0.110706 69.2653 0.000361397 0.999998 -0.00184995 -0.128749 -0.110706 0.00187858 0.993851 156.469
0.994818 -0.000851868 0.101664 69.3459 0.000794018 0.999999 0.000609501 -0.132344 -0.101664 -0.000525619 0.994819 157.288
0.995437 0.00638204 0.0952116 69.4062 -0.00707558 0.999951 0.00694841 -0.142929 -0.0951625 -0.00759038 0.995433 158.114
0.996322 0.00542978 0.085514 69.466 -0.00651563 0.999902 0.0124239 -0.14743 -0.0854382 -0.0129354 0.99626 158.943
0.996886 0.00340846 0.0787782 69.5158 -0.00463424 0.999871 0.0153823 -0.148914 -0.0787156 -0.0156995 0.996773 159.767
0.99741 -0.000359039 0.0719216 69.5784 -0.000877882 0.999852 0.0171658 -0.14811 -0.0719172 -0.0171845 0.997263 160.588
0.997634 -0.000440243 0.0687484 69.6154 -0.000613752 0.999883 0.0153093 -0.15058 -0.0687471 -0.0153153 0.997517 161.411
0.997955 0.00364975 0.0638111 69.6664 -0.00425575 0.999947 0.00936337 -0.153811 -0.0637736 -0.00961579 0.997918 162.23
0.99812 0.00841525 0.0607175 69.6901 -0.00858952 0.99996 0.00260972 -0.152971 -0.0606931 -0.00312634 0.998152 163.049
0.998308 0.00613641 0.057817 69.7242 -0.00615352 0.999981 0.000117817 -0.153888 -0.0578152 -0.000473396 0.998327 163.866
0.998519 0.00294034 0.0543334 69.7614 -0.00325407 0.999979 0.00568664 -0.153252 -0.0543155 -0.00585502 0.998507 164.7
0.998633 0.00560879 0.0519742 69.8018 -0.00643315 0.999856 0.0157072 -0.157747 -0.0518786 -0.0160201 0.998525 165.54
0.998819 0.00435634 0.0483988 69.8317 -0.00545381 0.99973 0.0225666 -0.157698 -0.0482875 -0.0228039 0.998573 166.375
0.997998 0.0225163 0.0590966 69.7031 -0.0236339 0.999554 0.0182812 -0.244856 -0.0586586 -0.0196413 0.998085 167.186
0.99916 -0.0159806 0.0377231 69.8278 0.0156414 0.999835 0.00927107 -0.193065 -0.037865 -0.00867324 0.999245 168.006
0.999126 -0.0158897 0.03865 69.8347 0.0157567 0.999869 0.00374142 -0.209071 -0.0387044 -0.00312915 0.999246 168.82
0.999599 0.000899216 0.0282926 69.8623 -0.0010452 0.999986 0.00514527 -0.201357 -0.0282876 -0.00517278 0.999586 169.65
0.999757 0.00291842 0.0218481 69.8727 -0.00315796 0.999935 0.0109372 -0.21389 -0.0218147 -0.0110036 0.999701 170.484
0.999888 -0.00714148 0.0131509 69.8972 0.00694717 0.999867 0.0147623 -0.195883 -0.0132546 -0.0146693 0.999805 171.32
0.999887 -0.0128331 0.00780394 69.9154 0.012686 0.999746 0.0186164 -0.201065 -0.00804086 -0.0185153 0.999796 172.161
0.999897 -0.0143625 0.000558019 69.9072 0.0143505 0.999742 0.0175904 -0.185475 -0.000810518 -0.0175806 0.999845 173.004
0.999969 -0.00612081 -0.00493085 69.9093 0.00617556 0.999919 0.0111647 -0.198815 0.00486211 -0.0111949 0.999926 173.841
0.999854 -0.0120958 -0.0120503 69.8984 0.0120979 0.999927 0.000104377 -0.197143 0.0120481 -0.000250145 0.999927 174.67
0.999659 -0.0182811 -0.0186517 69.8908 0.0182099 0.999826 -0.00397932 -0.199025 0.0187212 0.00363832 0.999818 175.502
0.999655 -0.00664108 -0.0254297 69.8821 0.00672638 0.999972 0.00327012 -0.212738 0.0254073 -0.00344004 0.999671 176.355
0.999469 0.0131904 -0.029791 69.8255 -0.0126881 0.999775 0.0169883 -0.209264 0.0300084 -0.0166012 0.999412 177.214
0.999278 0.0153553 -0.0347511 69.7841 -0.0144972 0.999587 0.0248116 -0.214449 0.0351177 -0.0242899 0.999088 178.069
0.999251 0.00521896 -0.0383384 69.7513 -0.00438628 0.999753 0.0217713 -0.20821 0.0384425 -0.0215868 0.999028 178.914
0.999186 0.00180907 -0.0403055 69.7062 -0.00137784 0.999942 0.0107244 -0.204635 0.0403226 -0.0106602 0.99913 179.751
0.998989 0.0139679 -0.0427365 69.645 -0.0138879 0.999901 0.00217016 -0.202431 0.0427626 -0.00157445 0.999084 180.588
0.998937 0.00926652 -0.0451639 69.5984 -0.00935434 0.999955 -0.00173352 -0.207736 0.0451458 0.00215416 0.998978 181.435
0.998854 -0.00714614 -0.0473201 69.5686 0.00729303 0.999969 0.00293222 -0.211135 0.0472977 -0.00327397 0.998875 182.293
0.998866 -0.00627453 -0.0471929 69.5267 0.00683274 0.999908 0.0116764 -0.218231 0.0471153 -0.0119856 0.998818 183.155
0.99889 9.9398e-005 -0.0470985 69.4814 0.000698569 0.999857 0.0169257 -0.215669 0.0470934 -0.0169399 0.998747 184.018
0.998842 0.00289686 -0.0480146 69.4336 -0.00211224 0.999864 0.0163841 -0.216296 0.0480555 -0.0162637 0.998712 184.874
0.998681 -0.00327527 -0.0512344 69.3889 0.00362851 0.99997 0.006803 -0.220118 0.0512106 -0.00697994 0.998663 185.722
0.998515 -0.0121284 -0.0531048 69.3571 0.0118507 0.999914 -0.00554049 -0.226321 0.0531675 0.00490293 0.998574 186.568
0.998286 -0.0202827 -0.0548931 69.3451 0.0197604 0.999754 -0.0100405 -0.237724 0.0550833 0.00893859 0.998442 187.416
0.998281 -0.0104918 -0.0576623 69.2875 0.0101551 0.99993 -0.00612909 -0.24587 0.0577225 0.00553299 0.998317 188.277
0.998246 0.00713049 -0.0587782 69.2291 -0.00677914 0.999958 0.00617478 -0.260763 0.0588198 -0.00576548 0.998252 189.139
0.998169 0.0057814 -0.0602105 69.1776 -0.00523308 0.999943 0.0092604 -0.272293 0.0602606 -0.00892835 0.998143 189.988
0.998123 0.000145575 -0.0612435 69.1124 0.000211059 0.999983 0.0058167 -0.279481 0.0612433 -0.0058187 0.998106 190.826
0.998137 0.000495317 -0.0610028 69.0696 -0.000549995 0.999999 -0.000879532 -0.283098 0.0610024 0.000911445 0.998137 191.662
0.998061 0.00490743 -0.0620535 69.0053 -0.00503421 0.999986 -0.001887 -0.287939 0.0620433 0.00219573 0.998071 192.501
