0.999988 -0.0027938 -0.00398654 0.00880003 0.00278629 0.999994 -0.00188774 -0.00900413 0.00399179 0.00187661 0.99999 0.670853
0.999976 -0.00302217 -0.0062819 -0.00334815 0.00299809 0.999988 -0.00383816 -0.0106233 0.00629343 0.00381923 0.999973 1.33034
0.99994 -0.00145235 -0.010819 -0.020203 0.00139709 0.999986 -0.00511387 -0.00824434 0.0108262 0.00509845 0.999928 1.98868
0.999873 0.00386532 -0.0154476 -0.0375335 -0.00395583 0.999975 -0.00583293 -0.0184191 0.0154246 0.00589329 0.999864 2.68208
0.999795 -0.00257805 -0.0200944 -0.0560068 0.00246581 0.999981 -0.00560875 -0.0322796 0.0201085 0.00555805 0.999782 3.5188
0.999782 0.000934234 -0.0208638 -0.0984624 -0.00108191 0.999974 -0.00706815 -0.0329468 0.0208567 0.00708919 0.999757 4.10669
0.999517 0.00513626 -0.0306331 -0.113156 -0.00535996 0.99996 -0.00722489 -0.043028 0.0305948 0.0073856 0.999505 4.94929
0.999388 -0.00150836 -0.0349598 -0.156305 0.00130395 0.999982 -0.00586895 -0.0510073 0.034968 0.00581977 0.999371 5.7828
0.999238 0.00333633 -0.0388834 -0.195344 -0.00346625 0.999989 -0.00327439 -0.0642233 0.038872 0.00340668 0.999238 6.56187
0.99911 0.00541387 -0.0418299 -0.212773 -0.00543022 0.999985 -0.000277302 -0.0692277 0.0418278 0.000504201 0.999125 7.25303
0.998991 0.0036258 -0.0447703 -0.269053 -0.0037122 0.999991 -0.00184695 -0.0805696 0.0447632 0.00201128 0.998996 8.07935
0.998901 0.00015566 -0.0468678 -0.293262 -0.000228095 0.999999 -0.00154017 -0.0865152 0.0468675 0.00154917 0.9989 8.87328
0.998802 -0.00126059 -0.0489253 -0.348331 0.00115705 0.999997 -0.00214456 -0.0968747 0.0489279 0.00208538 0.9988 9.71278
0.998728 -0.00106472 -0.0504182 -0.394736 0.00100533 0.999999 -0.00120342 -0.104467 0.0504194 0.0011512 0.998727 10.5767
0.998557 -0.00852266 -0.0530276 -0.454238 0.00847741 0.999963 -0.00107821 -0.115404 0.0530349 0.000627121 0.998592 11.4207
0.99856 -0.000541047 -0.0536439 -0.466288 0.000336886 0.999993 -0.00381483 -0.129302 0.0536456 0.00379127 0.998553 12.2223
0.998357 0.0105716 -0.0563244 -0.48925 -0.0109006 0.999925 -0.00553625 -0.140514 0.0562616 0.00614112 0.998397 12.9335
0.99836 0.00233782 -0.0571939 -0.598757 -0.00283334 0.999959 -0.00858434 -0.143269 0.0571715 0.00873232 0.998326 13.9235
0.998079 0.0153752 -0.060013 -0.614765 -0.0158178 0.999851 -0.00690789 -0.159718 0.0598979 0.00784389 0.998174 14.7814
0.998277 0.00766453 -0.0581793 -0.629335 -0.00801197 0.999951 -0.00574104 -0.181557 0.0581325 0.00619727 0.99829 15.5914
0.998217 0.015658 -0.0576003 -0.870318 -0.0159232 0.999865 -0.00414663 -0.215445 0.0575275 0.00505642 0.998331 16.4648
0.998019 -0.0015155 -0.0629027 -0.830418 0.00117481 0.999984 -0.00545264 -0.197621 0.0629099 0.00536793 0.998005 17.4029
0.998019 -0.00800525 -0.0624033 -0.864584 0.0076286 0.999951 -0.00627166 -0.206895 0.0624505 0.00578318 0.998031 18.3268
0.998024 -0.0027138 -0.0627768 -0.969785 0.00229452 0.999975 -0.00675008 -0.229169 0.0627935 0.0065927 0.998005 19.1843
0.998005 0.00564047 -0.0628763 -1.05828 -0.00594318 0.999972 -0.00462839 -0.228366 0.0628484 0.00499284 0.998011 20.1665
0.998092 0.0147294 -0.0599598 -1.10257 -0.0146327 0.999891 0.00205239 -0.252403 0.0599835 -0.0011711 0.998199 21.133
0.997861 -0.00370897 -0.0652648 -1.16617 0.00385015 0.999991 0.00203744 -0.245403 0.0652566 -0.00228437 0.997866 22.0596
0.998033 0.00121173 -0.0626797 -1.20175 -0.00087757 0.999985 0.00535844 -0.257865 0.0626853 -0.00529289 0.998019 22.8703
0.998246 -0.00125728 -0.0591962 -1.28999 0.00168408 0.999973 0.00716049 -0.268832 0.0591856 -0.00724762 0.998221 23.8869
0.998291 -0.00363522 -0.0583259 -1.32578 0.00386729 0.999985 0.00386652 -0.276479 0.0583109 -0.00408547 0.99829 24.9079
0.998331 0.0118026 -0.0565324 -1.42314 -0.011811 0.99993 0.000186406 -0.276659 0.0565307 0.000481609 0.998401 25.9223
0.998394 0.00645797 -0.0562738 -1.49231 -0.0066628 0.999972 -0.00345304 -0.286083 0.0562499 0.00382244 0.998409 27.0518
0.998445 -0.00273127 -0.0556729 -1.54669 0.00256908 0.999992 -0.00298463 -0.305349 0.0556807 0.00283696 0.998445 28.3089
0.99848 -0.00671455 -0.0547036 -1.60859 0.00686401 0.999973 0.0025449 -0.315906 0.054685 -0.00291652 0.998499 29.3694
0.998503 -0.00466845 -0.0545054 -1.66846 0.00493466 0.999977 0.00475055 -0.313815 0.054482 -0.0050124 0.998502 30.2911
0.998224 -0.0154415 -0.0575395 -1.69772 0.0157069 0.999868 0.00416203 -0.323105 0.0574676 -0.00505841 0.998335 31.1622
0.998216 -0.0141611 -0.0580045 -1.74259 0.0142084 0.999899 0.000403669 -0.343457 0.0579929 -0.0012271 0.998316 31.9794
0.998187 -0.0131095 -0.05874 -1.82343 0.0129281 0.99991 -0.00346636 -0.351508 0.0587802 0.00270068 0.998267 33.1937
0.997975 -0.010915 -0.0626709 -1.9014 0.0106895 0.999935 -0.0039309 -0.360199 0.0627097 0.00325302 0.998027 34.3045
0.99793 -0.0088048 -0.0637077 -1.94876 0.0086165 0.999958 -0.00322987 -0.363944 0.0637334 0.00267425 0.997963 35.1071
0.997851 0.00130172 -0.0655134 -2.01756 -0.00128571 0.999999 0.000286463 -0.393394 0.0655137 -0.000201616 0.997852 36.3841
0.997956 0.0063458 -0.063586 -2.09802 -0.0061866 0.999977 0.00270022 -0.401768 0.0636017 -0.00230132 0.997973 37.097
0.997802 0.00647484 -0.0659446 -2.14101 -0.00621922 0.999972 0.00408096 -0.397625 0.0659692 -0.00366187 0.997815 37.9498
0.997824 0.000575881 -0.0659371 -2.22165 -0.000122594 0.999976 0.00687837 -0.402568 0.0659395 -0.00685532 0.9978 39.1036
0.997798 0.00682298 -0.0659759 -2.31266 -0.00616104 0.999929 0.0102313 -0.407695 0.066041 -0.00980228 0.997769 40.2051
0.997732 0.0059218 -0.0670443 -2.35045 -0.00532047 0.999944 0.00914412 -0.41163 0.0670947 -0.00876667 0.997708 40.5965
0.997755 0.00684024 -0.0666236 -2.42614 -0.00632684 0.999949 0.00791393 -0.418925 0.0666743 -0.00747464 0.997747 41.9771
0.997755 0.00239936 -0.0669326 -2.55988 -0.00203503 0.999983 0.00551097 -0.424498 0.0669446 -0.00536239 0.997742 43.5409
0.997804 0.00747919 -0.065808 -2.62481 -0.00710732 0.999957 0.00588311 -0.434934 0.0658492 -0.00540248 0.997815 44.5535
0.997487 -0.00312314 -0.0707827 -2.67157 0.00358979 0.999973 0.00646642 -0.433514 0.0707605 -0.00670426 0.997471 45.5552
0.997598 0.00229679 -0.0692332 -2.75418 -0.00174139 0.999966 0.0080815 -0.451693 0.0692494 -0.00794152 0.997568 46.5617
0.997621 0.00482468 -0.0687619 -2.86073 -0.00451194 0.999979 0.00470264 -0.463236 0.0687831 -0.00438121 0.997622 47.9489
0.997473 -0.000666712 -0.0710435 -2.95984 0.000670883 1 3.48517e-005 -0.466083 0.0710434 -8.24254e-005 0.997473 49.104
0.997412 0.004339 -0.0717636 -3.00745 -0.00437274 0.99999 -0.000313073 -0.480189 0.0717616 0.000626066 0.997422 49.9341
0.997295 0.00405097 -0.0733932 -3.08474 -0.00389646 0.99999 0.00224826 -0.493378 0.0734016 -0.00195621 0.997301 50.8373
0.997284 0.00558198 -0.0734366 -3.16098 -0.00518164 0.999971 0.00564085 -0.508243 0.0734659 -0.00524501 0.997284 52.2485
0.997327 -0.00437318 -0.0729401 -3.27532 0.00483802 0.999969 0.00619747 -0.521817 0.0729107 -0.00653379 0.997317 53.6381
0.997333 -0.00448271 -0.0728509 -3.3046 0.00483716 0.999977 0.00468969 -0.53521 0.0728282 -0.00502957 0.997332 54.084
0.997348 -0.0059724 -0.0725342 -3.37344 0.0062601 0.999973 0.00373977 -0.544812 0.0725099 -0.00418393 0.997359 55.0608
0.997142 -0.0110798 -0.0747395 -3.44657 0.0114152 0.999927 0.00406193 -0.539534 0.074689 -0.00490348 0.997195 56.2582
0.997102 -0.0121479 -0.0750962 -3.57197 0.0128269 0.999881 0.0085661 -0.566547 0.0749832 -0.00950453 0.99714 57.5962
0.996993 -0.0123245 -0.0765102 -3.60991 0.013413 0.999816 0.013729 -0.560785 0.0763269 -0.0147139 0.996974 58.3806
0.997151 -0.00529569 -0.0752388 -3.66247 0.00650524 0.999853 0.0158402 -0.562257 0.0751438 -0.0162845 0.99704 58.7749
0.996875 -0.00473854 -0.0788584 -3.76035 0.00564001 0.999921 0.0112127 -0.558735 0.0787991 -0.0116224 0.996823 60.1822
0.996927 0.00162857 -0.0783149 -3.85154 -0.00131095 0.999991 0.00410703 -0.570645 0.0783208 -0.00399175 0.99692 61.2337
0.996774 0.00526556 -0.0800864 -3.92669 -0.00528794 0.999986 -6.72601e-005 -0.588874 0.0800849 0.000490535 0.996788 62.2999
0.996598 0.0140082 -0.0812177 -4.03396 -0.0139631 0.999902 0.00112327 -0.602274 0.0812255 1.45994e-005 0.996696 63.3181
0.996776 0.0155935 -0.0787096 -4.19235 -0.0154692 0.999878 0.00218891 -0.610886 0.0787341 -0.000964276 0.996895 64.4746
0.99646 0.0166032 -0.0824137 -4.20784 -0.0162601 0.999856 0.00483215 -0.623868 0.0824821 -0.00347498 0.996586 65.0398
0.996283 0.0108225 -0.0854598 -4.27484 -0.0104764 0.999935 0.00449659 -0.626407 0.0855029 -0.00358456 0.996331 65.8693
0.996365 0.0151485 -0.0838312 -4.37183 -0.0147019 0.999874 0.00594169 -0.642223 0.0839107 -0.00468761 0.996462 66.7759
0.996064 0.00744516 -0.0883277 -4.45633 -0.00682963 0.99995 0.00726894 -0.656578 0.0883774 -0.00663708 0.996065 67.7041
0.996005 0.00829264 -0.0889112 -4.55465 -0.00773565 0.999948 0.0066073 -0.661518 0.0889614 -0.00589312 0.996018 68.8385
0.996071 0.00514655 -0.0884036 -4.65088 -0.00452846 0.999964 0.00719079 -0.680367 0.0884374 -0.00676221 0.996059 69.7248
0.995826 0.0064591 -0.0910419 -4.73357 -0.00543752 0.999919 0.0114646 -0.693603 0.0911087 -0.0109217 0.995781 70.6102
0.99568 0.00118343 -0.0928408 -4.82184 0.000189915 0.999891 0.0147823 -0.686062 0.0928482 -0.0147361 0.995571 71.5419
0.995508 0.00814567 -0.0943295 -4.8434 -0.00656722 0.999833 0.0170317 -0.686849 0.0944525 -0.0163357 0.995395 71.6325
0.995407 0.00738341 -0.0954516 -4.9909 -0.00618379 0.999898 0.0128575 -0.701087 0.0955369 -0.0122082 0.995351 73.1355
0.995499 0.0228373 -0.0919806 -5.10264 -0.0223804 0.999732 0.00599533 -0.710588 0.0920928 -0.00390978 0.995743 74.0041
0.995244 0.00776101 -0.0971006 -5.18548 -0.00777265 0.99997 0.000258413 -0.72006 0.0970996 0.000497544 0.995275 74.9845
0.995111 0.00805478 -0.0984297 -5.26864 -0.00825139 0.999965 -0.0015905 -0.716266 0.0984134 0.0023949 0.995143 75.8197
0.995063 0.00852357 -0.0988777 -5.40732 -0.0082702 0.999961 0.00297196 -0.742001 0.0988992 -0.00213955 0.995095 76.8593
0.994967 0.00555767 -0.100053 -5.438 -0.00505194 0.999973 0.00530733 -0.756741 0.10008 -0.00477515 0.994968 77.3781
0.994803 0.00109549 -0.10181 -5.50212 -0.00105438 0.999999 0.000457544 -0.75946 0.10181 -0.00034782 0.994804 78.0313
0.994931 -0.0081471 -0.100227 -5.58606 0.00770291 0.999959 -0.00481793 -0.773253 0.100263 0.00402147 0.994953 78.6763
0.995072 -0.0133929 -0.098251 -5.64264 0.0125397 0.999878 -0.00929678 -0.791246 0.0983635 0.00801893 0.995118 79.3184
0.99534 -0.0116005 -0.0957272 -5.68746 0.0108361 0.999905 -0.00850133 -0.805696 0.0958167 0.00742441 0.995371 79.8967
0.995577 -0.0110419 -0.0933032 -5.73855 0.0105465 0.999928 -0.0058007 -0.810235 0.0933605 0.00479102 0.995621 80.4127
0.996049 -0.00467921 -0.0886839 -5.78863 0.00445804 0.999986 -0.00269173 -0.820649 0.0886953 0.00228574 0.996056 80.9101
0.99671 -0.00453975 -0.0809198 -5.81289 0.00458268 0.999989 0.000344811 -0.830183 0.0809174 -0.000714507 0.996721 81.3287
0.997268 -0.00640733 -0.0735915 -5.8417 0.00673561 0.999968 0.00421359 -0.849102 0.0735621 -0.00469777 0.99728 81.8665
0.997972 -0.00283716 -0.0635973 -5.87752 0.00315634 0.999983 0.00491898 -0.856926 0.0635822 -0.00510974 0.997964 82.4092
0.998826 -0.000924452 -0.0484376 -5.89748 0.00113373 0.99999 0.00429324 -0.858436 0.0484331 -0.00434311 0.998817 82.8689
0.999554 0.0059931 -0.0292582 -5.90456 -0.00583234 0.999967 0.00557677 -0.858851 0.0292907 -0.00540364 0.999556 83.1235
0.99994 0.0060576 -0.00916631 -5.89161 -0.00600246 0.999964 0.00603106 -0.870816 0.00920251 -0.00597567 0.99994 83.7984
0.999797 0.00810862 0.0184637 -5.87125 -0.00823202 0.999944 0.00661719 -0.878291 -0.018409 -0.00676784 0.999808 84.3718
0.998815 0.00409373 0.0484991 -5.81516 -0.0045048 0.999955 0.00836954 -0.881723 -0.0484626 -0.00857809 0.998788 84.7469
0.996708 -0.00190062 0.0810555 -5.76832 0.00101417 0.999939 0.0109761 -0.887327 -0.0810715 -0.0108577 0.996649 85.2098
0.993146 -0.00601627 0.116722 -5.6808 0.00456806 0.999909 0.0126709 -0.886376 -0.116788 -0.0120509 0.993084 85.6752
0.988159 -0.00658803 0.153294 -5.56369 0.0048305 0.999918 0.0118348 -0.886872 -0.153359 -0.0109541 0.98811 86.1898
0.974304 -9.11308e-005 0.225236 -5.52965 -0.00405827 0.99983 0.0179594 -0.905657 -0.225199 -0.018412 0.974139 86.5916
0.964119 -0.0112134 0.265234 -5.36884 0.0069507 0.999831 0.0170048 -0.918272 -0.26538 -0.0145511 0.964034 87.0515
0.94879 -0.00276879 0.315896 -5.20894 -0.000889289 0.999934 0.0114353 -0.923144 -0.315907 -0.0111306 0.948725 87.47
0.938522 -0.0110917 0.345042 -4.9411 0.00780017 0.99991 0.0109263 -0.927646 -0.345132 -0.00756319 0.938524 87.8443
0.899557 0.0148576 0.436551 -4.78752 -0.0136403 0.999889 -0.005923 -0.882388 -0.436591 -0.000626618 0.89966 88.3381
0.87746 -0.000806918 0.479649 -4.49067 -0.00293941 0.999971 0.00705956 -0.912768 -0.47964 -0.00760437 0.877432 88.6872
0.839814 -0.00589723 0.542841 -3.89473 0.00335952 0.999978 0.00566598 -0.915527 -0.542863 -0.00293468 0.839816 89.5842
0.80404 -0.00110914 0.594574 -3.75541 0.0161805 0.999669 -0.020016 -0.819545 -0.594355 0.0257141 0.803792 89.6265
0.770885 -0.0127053 0.636848 -3.49107 0.0112452 0.999917 0.0063366 -0.887823 -0.636875 0.00227668 0.770964 89.8145
0.734656 -0.0180136 0.6782 -3.14937 0.00684283 0.999793 0.0191429 -0.910773 -0.678405 -0.00942267 0.734628 90.0713
0.678914 -0.00319391 0.734211 -2.89394 -0.0122876 0.999801 0.0157114 -0.932512 -0.734115 -0.0196883 0.678739 90.318
0.624104 0.00527116 0.781324 -2.48013 -0.00412322 0.999986 -0.00345282 -0.891192 -0.781331 -0.00106665 0.624116 90.6274
0.576629 -0.0196942 0.816769 -2.1644 0.0414489 0.999127 -0.00517121 -0.790838 -0.815954 0.0368361 0.576942 90.8098
0.545665 -0.00330155 0.837997 -1.73782 -0.0177883 0.999721 0.0155216 -0.962265 -0.837815 -0.0233762 0.545454 90.9779
0.494712 -0.00692499 0.869029 -1.39242 0.00198055 0.999975 0.00684098 -0.882317 -0.869055 -0.00166316 0.494713 91.1504
0.445831 0.00175203 0.895115 -1.03083 -0.00436058 0.99999 0.000214576 -0.891962 -0.895106 -0.00399888 0.445835 91.29
0.408059 -0.0101843 0.912899 -0.539461 0.0064756 0.999945 0.00826083 -0.879861 -0.912933 0.00254066 0.408102 91.4197
0.362414 -0.019184 0.93182 -0.366368 -0.00053116 0.999784 0.0207898 -0.919116 -0.932017 -0.00802945 0.362325 91.4737
0.292548 -0.00284264 0.956247 -0.0152475 -0.0116824 0.99991 0.0065465 -0.929211 -0.956179 -0.0130864 0.292489 91.7438
0.296325 -0.0234914 0.954798 0.533815 0.0081888 0.999723 0.0220552 -0.894585 -0.955052 0.00128315 0.296435 91.733
0.248552 -0.00123182 0.968618 1.31083 0.0158929 0.99987 -0.00280662 -0.846763 -0.968488 0.0160917 0.248539 92.0059
0.238414 -0.00196107 0.971162 1.68424 -0.00411591 0.999987 0.00302971 -0.918453 -0.971155 -0.00471954 0.238403 92.0049
0.217823 -0.010673 0.97593 2.04591 -0.00826432 0.999884 0.0127795 -0.92081 -0.975953 -0.0108491 0.21771 92.0602
0.183667 -0.00572236 0.982972 2.57235 -0.00335875 0.999974 0.00644891 -0.919274 -0.982983 -0.004486 0.183642 92.075
0.167539 -0.0124418 0.985787 2.9853 0.00185867 0.999923 0.0123043 -0.898061 -0.985864 -0.000229197 0.167549 92.1736
0.143721 -0.0170757 0.989471 3.43393 0.019905 0.999699 0.014361 -0.886926 -0.989418 0.0176314 0.144018 92.222
0.128217 -0.0169228 0.991602 3.81122 0.020413 0.999688 0.0144213 -0.893347 -0.991536 0.0183925 0.128523 92.2484
0.114203 -0.0181884 0.993291 4.30841 0.0117823 0.999787 0.0169527 -0.885931 -0.993388 0.0097672 0.114393 92.292
0.0975033 -0.0108373 0.995176 4.76403 -0.00167717 0.999938 0.0110535 -0.890149 -0.995234 -0.00274683 0.0974791 92.3373
0.0850628 -0.0107754 0.996317 5.16831 -0.0157752 0.999802 0.0121599 -0.896989 -0.996251 -0.0167514 0.084876 92.3561
0.0735244 -0.0158192 0.997168 5.69623 -0.0233574 0.999573 0.0175795 -0.877738 -0.99702 -0.0245838 0.0731235 92.3904
0.064264 -0.0198787 0.997735 6.16114 -0.0207594 0.999559 0.0212522 -0.879035 -0.997717 -0.0220781 0.0638229 92.3978
0.0552007 -0.0202403 0.99827 6.7061 -0.0150196 0.999665 0.0210991 -0.878771 -0.998362 -0.0161583 0.0548782 92.4298
0.0501622 -0.0246303 0.998437 7.24165 -0.0107267 0.999625 0.0251986 -0.874792 -0.998683 -0.011974 0.0498792 92.4467
0.0441385 -0.0249995 0.998713 7.8279 -0.00827045 0.999643 0.0253883 -0.854379 -0.998991 -0.00938041 0.043916 92.4749
0.0380802 -0.0239764 0.998987 8.65051 -0.0133596 0.999611 0.0245006 -0.863927 -0.999185 -0.0142791 0.0377451 92.5139
0.0346845 -0.0258887 0.999063 9.16596 -0.01708 0.999503 0.0264931 -0.850274 -0.999252 -0.0179829 0.0342251 92.5172
0.0309736 -0.0266501 0.999165 9.76868 -0.0179211 0.999469 0.0272137 -0.827367 -0.99936 -0.018749 0.0304796 92.5294
0.0264951 -0.0279082 0.999259 10.5118 -0.0198553 0.999398 0.0284386 -0.791154 -0.999452 -0.0205941 0.025925 92.5606
0.0273225 -0.0309316 0.999148 11.1445 -0.0247565 0.999194 0.03161 -0.811336 -0.99932 -0.0255991 0.0265348 92.5428
0.0244981 -0.0329609 0.999156 11.8984 -0.0248688 0.999127 0.0335697 -0.783644 -0.999391 -0.0256702 0.023657 92.5709
0.0245014 -0.0371261 0.99901 12.7612 -0.0291334 0.998859 0.037835 -0.770779 -0.999275 -0.0300316 0.0233919 92.6107
0.0274234 -0.0397505 0.998833 13.5102 -0.029412 0.998744 0.0405545 -0.739813 -0.999191 -0.0304898 0.0262199 92.6251
0.0301522 -0.0419126 0.998666 14.2685 -0.0294704 0.998649 0.0428016 -0.723785 -0.999111 -0.0307216 0.0288762 92.6617
0.0365383 -0.0453812 0.998301 15.1691 -0.0304649 0.998453 0.0465032 -0.659163 -0.998868 -0.0321123 0.0350992 92.6993
0.0402545 -0.0440675 0.998217 15.7964 -0.0354423 0.998335 0.045502 -0.653243 -0.998561 -0.0372108 0.0386256 92.7223
0.0441526 -0.0419625 0.998143 16.5825 -0.0416009 0.998174 0.043804 -0.63618 -0.998158 -0.0434578 0.0423263 92.7696
0.049115 -0.0399918 0.997992 17.6058 -0.0448666 0.998101 0.0422042 -0.582417 -0.997785 -0.0468494 0.0472275 92.8135
0.0534512 -0.0400368 0.997768 18.7095 -0.0491706 0.997878 0.0426754 -0.534088 -0.997359 -0.0513419 0.0513691 92.874
0.0572586 -0.0373317 0.997661 19.1384 -0.0484799 0.998018 0.0401274 -0.52022 -0.997182 -0.0506642 0.0553352 92.9058
0.0615302 -0.0342272 0.997518 20.007 -0.045304 0.998286 0.037048 -0.50451 -0.997077 -0.0474711 0.0598741 92.9538
0.0603984 -0.0264398 0.997824 21.1022 -0.0383525 0.998849 0.0287885 -0.470692 -0.997437 -0.0400078 0.0593148 93.0518
0.0622746 -0.0266564 0.997703 22.1196 -0.030826 0.999115 0.0286182 -0.4555 -0.997583 -0.0325374 0.0613978 93.0869
0.0608603 -0.0242852 0.997851 23.5239 -0.0283685 0.999258 0.0260497 -0.4136 -0.997743 -0.0298929 0.0601262 93.2178
0.0630422 -0.0206195 0.997798 23.9547 -0.0305506 0.999278 0.0225804 -0.427298 -0.997543 -0.0319068 0.0623667 93.2157
0.0574815 -0.0190837 0.998164 25.1506 -0.0321601 0.999263 0.0209567 -0.377345 -0.997828 -0.0333057 0.0568254 93.3526
0.0586898 -0.0184643 0.998105 25.891 -0.0304895 0.999329 0.0202798 -0.370782 -0.997811 -0.0316219 0.0580874 93.4056
0.0612589 -0.0165514 0.997985 26.7283 -0.0314423 0.999334 0.0185038 -0.366227 -0.997627 -0.0325125 0.0606977 93.4405
0.0607791 -0.0179801 0.997989 27.7682 -0.027379 0.999432 0.0196736 -0.347534 -0.997776 -0.0285197 0.0602523 93.5163
0.0609094 -0.0128671 0.99806 28.7887 -0.0240707 0.999607 0.014356 -0.365595 -0.997853 -0.0248984 0.0605758 93.5968
0.0562336 -0.00960342 0.998371 29.5141 -0.0228505 0.999679 0.0109031 -0.350423 -0.998156 -0.0234264 0.0559961 93.6641
0.0496256 -0.00380264 0.998761 30.4854 -0.0203338 0.999782 0.00481685 -0.350895 -0.998561 -0.0205476 0.0495374 93.7123
0.0488544 -0.00474103 0.998795 31.5788 -0.0227447 0.999724 0.00585797 -0.349155 -0.998547 -0.0230035 0.0487331 93.7638
0.041567 -0.000895638 0.999135 32.6304 -0.022166 0.999753 0.00181836 -0.345115 -0.99889 -0.0222224 0.0415369 93.8238
0.0350923 -0.00505828 0.999371 33.5486 -0.0197784 0.999788 0.0057549 -0.364578 -0.999188 -0.0199679 0.0349848 93.8408
0.0239386 1.10553e-005 0.999713 34.3744 -0.0155507 0.999879 0.000361313 -0.374639 -0.999592 -0.0155549 0.0239359 93.8759
0.0139421 0.000861127 0.999902 35.3882 -0.0105424 0.999944 -0.000714165 -0.388972 -0.999847 -0.0105314 0.0139504 93.8908
0.00387398 -0.00505898 0.99998 36.5466 -0.00635638 0.999967 0.00508354 -0.382214 -0.999972 -0.00637595 0.00384169 93.9236
-0.00529885 -0.000962133 0.999985 37.4921 -0.00415324 0.999991 0.000940131 -0.420997 -0.999977 -0.00414819 -0.0053028 93.9149
-0.0153145 -0.00369137 0.999876 38.584 -0.00436424 0.999984 0.00362492 -0.420104 -0.999873 -0.00430818 -0.0153303 93.8881
-0.0287489 -0.00130074 0.999586 39.8032 -0.00283482 0.999995 0.00121974 -0.41762 -0.999583 -0.00279858 -0.0287525 93.8559
-0.0403611 -0.00391533 0.999177 40.5529 -0.00130961 0.999992 0.00386562 -0.426611 -0.999184 -0.00115251 -0.0403659 93.8267
-0.0479428 -0.000897981 0.99885 41.586 -0.00343834 0.999994 0.000733976 -0.464204 -0.998844 -0.0033992 -0.0479456 93.7548
-0.0617577 -0.00444807 0.998081 42.8617 0.00113845 0.999989 0.00452701 -0.456764 -0.998091 0.00141585 -0.0617519 93.7134
-0.0697964 -0.00411288 0.997553 43.8281 0.0017805 0.999989 0.00424751 -0.47234 -0.99756 0.0020726 -0.0697883 93.6228
-0.0791433 -0.00378274 0.996856 44.6775 0.00159271 0.999991 0.00392109 -0.485991 -0.996862 0.00189803 -0.0791365 93.5547
-0.0893154 -0.00849792 0.995967 45.5996 0.00041791 0.999963 0.00856949 -0.490159 -0.996003 0.00118161 -0.0893086 93.4845
-0.0967854 -0.00601095 0.995287 46.4514 -7.73072e-005 0.999982 0.00603178 -0.511564 -0.995305 0.000506846 -0.0967841 93.3739
-0.104814 -0.00968164 0.994445 47.3182 -0.0016419 0.999953 0.00956221 -0.489174 -0.994491 -0.000630533 -0.104825 93.2779
-0.110326 -0.00969885 0.993848 48.1585 -0.00789846 0.999929 0.0088814 -0.499947 -0.993864 -0.00687002 -0.110394 93.1849
-0.114176 -0.0141748 0.993359 48.9717 -0.0105713 0.999859 0.0130525 -0.503169 -0.993404 -0.00901085 -0.114309 93.0932
-0.117254 -0.0167854 0.99296 49.7976 -0.0128312 0.999799 0.0153859 -0.507618 -0.993019 -0.0109368 -0.117446 92.9883
-0.118479 -0.0149416 0.992844 50.5563 -0.0151409 0.999798 0.0132394 -0.532625 -0.992841 -0.013464 -0.118681 92.9135
-0.11931 -0.0154684 0.992737 51.4135 -0.0143651 0.999801 0.013852 -0.510062 -0.992753 -0.012608 -0.119509 92.807
-0.117852 -0.0183817 0.992861 52.1809 -0.0135964 0.999765 0.0168956 -0.525441 -0.992938 -0.0115082 -0.118075 92.7133
-0.116755 -0.0175264 0.993006 52.9888 -0.0175233 0.999725 0.0155846 -0.544732 -0.993006 -0.0155812 -0.11703 92.6629
-0.106885 -0.0204142 0.994062 53.8199 -0.0154269 0.999703 0.0188713 -0.544813 -0.994152 -0.0133182 -0.107168 92.5081
-0.10232 -0.0168717 0.994608 54.6264 -0.0123912 0.9998 0.015685 -0.544734 -0.994674 -0.0107195 -0.102509 92.4644
-0.0919755 -0.0158267 0.995635 55.0946 -0.012964 0.999808 0.0146954 -0.548879 -0.995677 -0.0115558 -0.092163 92.4349
-0.0765256 -0.0181916 0.996902 55.7415 -0.0142949 0.999751 0.0171462 -0.55407 -0.996965 -0.0129385 -0.0767666 92.3942
-0.0639574 -0.0159245 0.997826 56.3611 -0.0143665 0.999784 0.0150349 -0.550517 -0.997849 -0.0133737 -0.0641724 92.3772
-0.0401836 -0.0118071 0.999123 56.9441 -0.0150959 0.999823 0.0112082 -0.568596 -0.999078 -0.0146323 -0.0403548 92.3694
-0.0163335 -0.0106549 0.99981 57.4956 -0.0102393 0.999893 0.0104885 -0.559341 -0.999814 -0.010066 -0.0164408 92.3794
0.0129376 -0.01185 0.999846 58.036 -0.00759426 0.9999 0.0119489 -0.562732 -0.999887 -0.00774768 0.0128463 92.4074
0.0448151 0.00092415 0.998995 58.5548 -0.0084334 0.999964 -0.000546723 -0.564634 -0.99896 -0.00840042 0.0448213 92.4611
0.0821009 -0.0127571 0.996542 59.1008 -0.0116067 0.999838 0.0137555 -0.558611 -0.996556 -0.0126959 0.0819396 92.5367
0.121384 0.060555 0.990757 59.5846 -0.026672 0.997976 -0.0577285 -0.605833 -0.992247 -0.0194181 0.122753 92.5827
0.167823 0.0010904 0.985817 60.0998 -0.0218777 0.999757 0.00261859 -0.566246 -0.985574 -0.0220069 0.167806 92.7417
0.260634 -0.132478 0.956305 60.4481 0.0518087 0.991033 0.123168 -0.624294 -0.964047 0.0174431 0.26516 92.6038
0.244823 -0.201592 0.948379 62.3629 0.00964703 0.978604 0.205526 -0.607237 -0.96952 -0.0411684 0.24153 93.1567
0.324266 -0.00706502 0.94594 61.6782 -0.00566054 0.99994 0.00940875 -0.60189 -0.945949 -0.00840546 0.324207 93.0675
0.389694 -0.0153954 0.920816 62.501 -0.0210713 0.999449 0.0256276 -0.570484 -0.920703 -0.0293897 0.389155 93.386
0.452637 -0.0377183 0.890897 62.8566 -0.0252979 0.99816 0.0551127 -0.541701 -0.891336 -0.0474839 0.45085 93.6048
0.505918 -0.0304884 0.862042 63.3609 -0.0192521 0.998727 0.0466214 -0.528312 -0.862367 -0.0401827 0.504687 93.9413
0.563746 -0.0299312 0.825405 63.6532 -0.0209003 0.998506 0.0504831 -0.498213 -0.825683 -0.0457108 0.562279 94.2035
0.619746 -0.0188016 0.784578 64.0278 -0.0239083 0.998797 0.0428205 -0.477185 -0.784439 -0.0452957 0.61855 94.5763
0.661106 0.000850491 0.750292 64.2475 -0.0291096 0.999276 0.0245167 -0.447296 -0.749728 -0.0380488 0.660652 94.9363
0.730162 -0.0517851 0.681308 64.586 -0.00240309 0.996923 0.0783498 -0.44482 -0.683269 -0.0588453 0.727791 95.1279
0.758043 -0.000552915 0.652204 64.7871 -0.0330383 0.998683 0.0392463 -0.411837 -0.651367 -0.0512981 0.757027 95.602
0.804984 -0.00841613 0.593237 64.998 -0.0275849 0.998287 0.0515933 -0.395645 -0.592656 -0.0578961 0.803373 95.9283
0.842788 -0.00492658 0.538224 65.1906 -0.0317474 0.997762 0.0588452 -0.380303 -0.537309 -0.0666812 0.840745 96.3062
0.882098 0.0529528 0.46808 64.8868 0.016782 0.989499 -0.143565 0.106712 -0.470767 0.134494 0.871946 97.0375
0.899556 -0.00159793 0.436803 65.3689 -0.0307171 0.997286 0.0669074 -0.198613 -0.435724 -0.0736042 0.897066 97.2347
0.920761 -0.0106466 0.389982 65.4511 -0.0190992 0.997199 0.0723177 -0.147476 -0.389659 -0.0740356 0.917978 97.6971
0.938569 0.00502447 0.345054 65.5787 -0.0119925 0.999765 0.0180623 -0.0975478 -0.344882 -0.0210908 0.938409 98.271
0.948379 0.00880103 0.317018 65.7149 -0.0241907 0.99871 0.0446418 -0.114747 -0.316216 -0.0500062 0.947368 98.6646
0.95827 0.00913745 0.285717 65.8186 -0.0211417 0.999017 0.0389581 -0.0857441 -0.285081 -0.0433729 0.957522 99.157
0.965048 -0.00251363 0.262062 65.9464 -0.00628548 0.999444 0.0327328 -0.0729971 -0.261999 -0.0332359 0.964496 99.6588
0.969072 -0.00488453 0.246731 66.0703 -0.00364114 0.999412 0.0340864 -0.0602962 -0.246753 -0.0339305 0.968484 100.219
0.97243 -0.00368372 0.233165 66.2106 -0.00426064 0.999428 0.033559 -0.0492329 -0.233155 -0.0336272 0.971858 100.801
0.974134 0.000810927 0.225971 66.5843 -0.00930805 0.999289 0.0365398 0.0112607 -0.225781 -0.037698 0.973448 102.501
0.975403 0.00739001 0.220305 66.4742 -0.0145294 0.99942 0.0308042 0.0010801 -0.219949 -0.0332474 0.974945 102.149
0.976068 0.0159251 0.21688 66.6033 -0.0221102 0.999414 0.0261215 0.0215666 -0.216337 -0.0302916 0.975849 102.789
0.97607 0.0190398 0.216623 66.756 -0.0249232 0.99939 0.0244601 0.0226673 -0.216025 -0.0292737 0.975949 103.483
0.975724 0.0125901 0.218643 66.9148 -0.0176994 0.999614 0.0214254 0.0343344 -0.218288 -0.0247751 0.97557 104.179
0.974866 0.00499207 0.222738 67.081 -0.00875732 0.999835 0.0159199 0.0528882 -0.222621 -0.0174704 0.974748 104.87
0.973813 -0.00371551 0.227319 67.1814 0.00114627 0.999934 0.0114333 0.0517265 -0.227347 -0.0108733 0.973753 105.228
0.972879 -0.00175205 0.231308 67.3431 -0.00048691 0.999954 0.0096221 0.0733549 -0.231314 -0.00947376 0.972833 106.02
0.971379 -0.000878881 0.237535 67.4694 -0.00267132 0.999889 0.0146237 0.0656267 -0.237522 -0.0148397 0.971269 106.593
0.97033 0.000835953 0.241785 67.5646 -0.00567017 0.999798 0.0192988 0.0563926 -0.24172 -0.0200971 0.970138 107.037
0.969435 -0.000211952 0.24535 67.7423 -0.00631564 0.999647 0.0258182 0.0708222 -0.245268 -0.0265786 0.969091 107.642
0.968703 -0.000255067 0.248222 67.8555 -0.00754088 0.999508 0.0304559 0.0842443 -0.248107 -0.0313745 0.968224 108.113
0.967533 -0.0084106 0.252606 68.0536 0.000446306 0.999501 0.0315693 0.102625 -0.252746 -0.0304316 0.967054 108.881
0.967429 -0.0179743 0.252504 68.2204 0.0106073 0.999478 0.0305069 0.104969 -0.252921 -0.0268349 0.967115 109.538
0.967575 -0.0182495 0.251924 68.4611 0.0127706 0.999645 0.0233661 0.128563 -0.252261 -0.0193912 0.967465 110.397
0.967769 -0.0154455 0.251364 68.6623 0.0113761 0.99978 0.0176344 0.137319 -0.251581 -0.0142065 0.967732 111.196
0.968537 -0.0123029 0.248564 68.8571 0.00947465 0.999876 0.0125715 0.158078 -0.248688 -0.00982087 0.968534 111.976
0.968889 -0.00853928 0.247348 69.0424 0.00446564 0.999845 0.0170256 0.167044 -0.247455 -0.0153914 0.968777 112.736
0.968898 -0.00619536 0.247382 69.1526 4.59075e-005 0.999691 0.0248562 0.170442 -0.247459 -0.0240718 0.968599 113.255
0.97009 -0.000162141 0.242744 69.3581 -0.00731937 0.999526 0.0299183 0.184113 -0.242634 -0.0308002 0.969629 114.019
0.970494 0.00272364 0.24111 69.5183 -0.00997764 0.999533 0.0288701 0.195204 -0.240919 -0.0304239 0.970068 114.749
0.971254 0.00385336 0.238013 69.7142 -0.00974617 0.999674 0.0235866 0.213028 -0.237845 -0.0252283 0.970976 115.57
0.971996 0.00470006 0.234949 69.8988 -0.00923432 0.999792 0.0182024 0.225716 -0.234815 -0.0198623 0.971837 116.396
0.972764 0.00460164 0.231753 70.2301 -0.00839675 0.999846 0.0153919 0.244868 -0.231646 -0.0169187 0.972653 117.87
0.973902 -0.000305146 0.226969 70.3975 -0.00383837 0.999834 0.0178143 0.255494 -0.226937 -0.0182206 0.973739 118.575
0.974594 -0.00586283 0.2239 70.6206 0.00137102 0.999795 0.0202118 0.256765 -0.223973 -0.0193914 0.974402 119.521
0.974825 -0.00877044 0.2228 70.7317 0.0039834 0.999752 0.0219261 0.271105 -0.222937 -0.0204866 0.974617 120.033
0.975222 -0.0120988 0.220897 70.927 0.0066014 0.99965 0.0256082 0.282873 -0.22113 -0.0235154 0.974961 120.843
0.97484 -0.0124049 0.222562 71.1308 0.00648785 0.999606 0.0272977 0.299537 -0.222813 -0.025167 0.974536 121.978
0.975218 -0.0121795 0.220913 71.3029 0.00589148 0.999559 0.0291007 0.303566 -0.22117 -0.027078 0.974859 122.565
0.975119 0.00190685 0.221672 71.4946 -0.00745336 0.99968 0.0241875 0.32203 -0.221555 -0.0252379 0.974821 123.466
0.974788 0.000631806 0.223134 71.5791 -0.00550006 0.99976 0.0211969 0.335696 -0.223067 -0.0218897 0.974557 123.969
0.973696 0.0123457 0.227517 71.8123 -0.0166033 0.999721 0.016809 0.363648 -0.227246 -0.0201444 0.973629 125.213
0.973263 0.0274089 0.228054 72.2541 -0.0317036 0.999382 0.0151895 0.396466 -0.227497 -0.0220135 0.97353 127.248
0.973287 0.0251844 0.228208 72.5373 -0.0303619 0.999354 0.0192047 0.386504 -0.227577 -0.0256205 0.973423 128.313
0.973008 0.0183314 0.230044 72.5407 -0.0232283 0.999557 0.0185965 0.39131 -0.229601 -0.0234381 0.973003 128.283
0.97241 0.0123705 0.232951 72.7624 -0.0165532 0.999735 0.0160087 0.392353 -0.232691 -0.0194231 0.972357 129.273
0.97178 -0.00280991 0.235871 73.0247 -0.00165122 0.999824 0.0187137 0.406859 -0.235882 -0.0185751 0.971604 130.386
0.971554 -0.0123519 0.236495 73.2789 0.00861415 0.999821 0.0168316 0.423591 -0.236661 -0.0143156 0.971487 131.432
0.971225 -0.0160786 0.23762 73.4956 0.0120367 0.999757 0.0184512 0.41424 -0.237859 -0.0150601 0.971183 132.237
0.971355 -0.0161124 0.237088 73.6714 0.0110853 0.999685 0.0225217 0.412929 -0.237376 -0.0192484 0.971227 132.974
0.970969 -0.009328 0.239024 73.8694 0.00335395 0.999672 0.0253881 0.435922 -0.239183 -0.0238494 0.970682 133.845
0.970253 0.00262628 0.242078 74.0974 -0.00979739 0.999548 0.0284242 0.43327 -0.241893 -0.0299504 0.96984 134.818
0.970297 0.00401059 0.241883 74.3286 -0.00992897 0.99968 0.023254 0.45371 -0.241712 -0.024965 0.970027 135.767
0.969918 0.0017225 0.243424 74.5688 -0.00443333 0.999934 0.0105888 0.444604 -0.24339 -0.0113495 0.969862 136.754
0.970238 -0.00984042 0.241953 74.9233 0.0090366 0.999949 0.00443173 0.449109 -0.241984 -0.0021134 0.970278 138.186
0.970507 -0.0121764 0.240767 75.0419 0.00967925 0.999886 0.0115517 0.455118 -0.24088 -0.00888055 0.970514 138.577
0.9707 -0.0183829 0.239591 75.2948 0.0110425 0.999429 0.0319438 0.460687 -0.240042 -0.0283622 0.970348 139.602
0.971233 -0.0158767 0.2376 75.5833 0.00471078 0.998861 0.0474887 0.465928 -0.238083 -0.0450033 0.970202 140.798
0.97136 -0.00281363 0.237595 75.6488 -0.00716154 0.999129 0.0411104 0.486026 -0.237503 -0.0416346 0.970494 141.144
0.971708 0.00578414 0.236116 75.8906 -0.0117909 0.999642 0.0240361 0.499524 -0.235892 -0.0261401 0.971428 142.128
0.972445 0.001851 0.233126 76.5137 -0.00651793 0.999793 0.0192501 0.559722 -0.233042 -0.0202392 0.972256 144.791
0.972479 -0.00149766 0.232987 76.9462 -0.00255884 0.99985 0.0171077 0.58238 -0.232977 -0.017233 0.972329 146.701
0.973178 -0.00670098 0.229956 77.3088 0.0023387 0.999812 0.0192374 0.573566 -0.230042 -0.0181836 0.973011 148.182
0.973621 -0.0115203 0.227881 77.2252 0.00792239 0.999829 0.0166971 0.594356 -0.228034 -0.0144513 0.973546 147.945
0.975171 -0.00769044 0.22132 77.4119 0.00418328 0.999858 0.0163109 0.576302 -0.221414 -0.0149801 0.975065 148.709
0.975705 0.000151783 0.219089 77.7407 -0.00322283 0.999902 0.01366 0.599675 -0.219066 -0.0140342 0.975609 150.3
0.975512 0.0104941 0.219696 77.8963 -0.0136033 0.999828 0.0126443 0.586166 -0.219526 -0.0153232 0.975486 151.154
0.97609 0.0130871 0.21697 78.085 -0.015983 0.999805 0.0115973 0.619124 -0.216776 -0.0147878 0.976109 151.937
0.976558 0.0131668 0.214852 78.2551 -0.0174725 0.999683 0.0181533 0.607049 -0.214545 -0.0214817 0.976478 152.667
0.977016 0.00904814 0.212976 78.4175 -0.0134176 0.999728 0.0190798 0.607192 -0.212745 -0.0214989 0.976871 153.506
0.977027 0.00261213 0.213101 78.6175 -0.0060776 0.99986 0.0156086 0.603378 -0.21303 -0.0165452 0.976906 154.422
0.978346 -0.0109932 0.206685 78.7852 0.00822598 0.999865 0.0142432 0.608979 -0.206813 -0.0122346 0.978304 155.211
0.979499 -0.012312 0.201072 78.9404 0.0101207 0.999878 0.0119228 0.623061 -0.201194 -0.00964341 0.979504 156.038
0.981002 -0.013717 0.19351 79.1192 0.0105625 0.999794 0.0173237 0.628004 -0.193708 -0.0149506 0.980945 156.909
0.982546 -0.0137865 0.185511 79.277 0.00906301 0.999613 0.0262861 0.630438 -0.185801 -0.024146 0.982291 157.805
0.983131 -0.0134046 0.18241 79.3937 0.0069542 0.999329 0.0359556 0.636376 -0.18277 -0.0340805 0.982565 158.382
0.984115 -0.00368333 0.177494 79.6078 -0.00314635 0.999266 0.0381815 0.649634 -0.177505 -0.0381334 0.983381 159.522
0.984346 0.00587372 0.176149 79.6527 -0.0116933 0.999419 0.0320178 0.663722 -0.175859 -0.0335763 0.983843 160.057
0.98578 0.00368781 0.168 79.8268 -0.00771134 0.999699 0.0233035 0.674454 -0.167863 -0.0242676 0.985512 160.993
0.987012 -0.000695492 0.160648 80.0157 -0.00215072 0.999844 0.0175425 0.701005 -0.160635 -0.0176602 0.986856 162.183
0.987782 0.00259303 0.155819 80.1754 -0.00537828 0.999833 0.017456 0.706747 -0.155747 -0.0180808 0.987631 163.26
0.988948 0.00466589 0.148191 80.3056 -0.00755728 0.999792 0.0189542 0.709312 -0.148072 -0.0198646 0.988777 164.257
0.990162 0.00335757 0.139888 80.3448 -0.00585166 0.999831 0.0174216 0.711369 -0.139806 -0.0180688 0.990014 164.696
0.991534 0.0073089 0.129642 80.4343 -0.00889633 0.999892 0.0116699 0.722011 -0.129542 -0.0127244 0.991492 165.448
0.992696 0.00936735 0.120282 80.5485 -0.0106827 0.99989 0.0102955 0.717073 -0.120173 -0.0115052 0.992686 166.342
0.993841 0.0106718 0.110304 80.6898 -0.0121234 0.999848 0.0124973 0.719885 -0.110154 -0.0137576 0.993819 167.288
0.994484 0.00871052 0.10453 80.7406 -0.0106559 0.99978 0.0180666 0.72501 -0.10435 -0.0190807 0.994358 168.085
0.995634 0.00593647 0.093154 80.8139 -0.0081381 0.999696 0.0232723 0.728942 -0.0929875 -0.0239288 0.99538 168.673
0.995984 0.00482544 0.0893972 80.8659 -0.00721122 0.999626 0.0263836 0.744234 -0.0892364 -0.0269223 0.995647 169.863
0.99666 0.00513956 0.0815044 80.9359 -0.00748934 0.999564 0.0285506 0.748063 -0.0813222 -0.0290657 0.996264 170.452
0.996989 0.00652572 0.0772661 81.0629 -0.00860811 0.999608 0.0266485 0.766411 -0.0770619 -0.0272334 0.996654 171.95
0.997195 0.00734597 0.074482 81.1009 -0.00888287 0.999754 0.0203243 0.76624 -0.0743144 -0.0209289 0.997015 172.812
0.997508 0.00811194 0.0700863 81.2132 -0.00901331 0.999881 0.0125542 0.797444 -0.0699761 -0.0131546 0.997462 174.74
0.997643 0.00933212 0.0679857 81.1933 -0.0100743 0.999893 0.0105827 0.789326 -0.0678797 -0.0112427 0.99763 174.717
0.997892 0.0117317 0.0638295 81.2761 -0.0128159 0.99978 0.0166029 0.803852 -0.0636207 -0.0173859 0.997823 176.136
0.998063 0.00777797 0.0617279 81.3342 -0.00944233 0.999598 0.026717 0.819207 -0.0614953 -0.0272481 0.997735 177.602
0.998119 0.0148075 0.0594843 81.4246 -0.0168073 0.999305 0.0332604 0.830668 -0.0589505 -0.0341976 0.997675 179.292
0.998573 0.00334247 0.0532998 81.4109 -0.00495589 0.999533 0.0301674 0.832421 -0.0531741 -0.0303885 0.998123 178.823
0.998772 -0.00972131 0.0485847 81.5064 0.0086953 0.999736 0.0212848 0.84405 -0.0487788 -0.0208362 0.998592 180.613
0.999047 -0.0162947 0.0404905 81.563 0.0156656 0.999752 0.0158057 0.872823 -0.040738 -0.0151563 0.999055 181.649
0.999346 -0.0113556 0.0343422 81.5516 0.0107848 0.999801 0.0167609 0.874022 -0.0345257 -0.0163795 0.99927 182.242
0.99966 8.09452e-005 0.0260643 81.5876 -0.000677659 0.999738 0.0228859 0.881574 -0.0260556 -0.0228958 0.999398 183.222
0.999804 -0.00549554 0.0190004 81.6113 0.00498915 0.999634 0.0265967 0.894427 -0.0191396 -0.0264967 0.999466 184.584
0.999816 -0.0132869 0.0138039 81.6286 0.0128554 0.99944 0.0308933 0.909784 -0.0142067 -0.0307101 0.999427 185.486
0.999881 -0.0140442 0.00638646 81.6549 0.0138438 0.999441 0.0304165 0.92614 -0.00681007 -0.0303244 0.999517 186.883
0.999746 -0.0225516 -0.000287291 81.6471 0.0225522 0.999476 0.0232069 0.933495 -0.000236212 -0.0232075 0.999731 187.364
0.999467 -0.0319151 -0.00685215 81.638 0.0320028 0.999402 0.013095 0.949437 0.00643013 -0.0133073 0.999891 188.539
0.999287 -0.0353112 -0.0133409 81.6416 0.0354335 0.999331 0.00904653 0.961229 0.0130126 -0.0095128 0.99987 189.538
0.999532 -0.0223768 -0.0208661 81.6268 0.0227214 0.999607 0.0164263 0.957783 0.0204904 -0.0168927 0.999647 190.432
0.999637 -0.00832812 -0.0256119 81.5638 0.0090757 0.999532 0.0292121 0.984101 0.0253567 -0.0294339 0.999245 192.511
0.999522 0.00115818 -0.030894 81.5277 -2.04381e-005 0.999323 0.0368022 0.986614 0.0309157 -0.036784 0.998845 192.965
0.99939 0.00923324 -0.033667 81.5152 -0.0080939 0.999395 0.033822 0.995808 0.0339589 -0.0335289 0.998861 193.041
0.999201 0.0188874 -0.0352305 81.4474 -0.0180558 0.999554 0.0237745 1.01366 0.0356638 -0.0231193 0.999096 194.304
0.998887 0.0265518 -0.0389892 81.3976 -0.0259958 0.999554 0.0146989 1.0285 0.0393621 -0.013669 0.999132 195.34
0.999067 0.0158161 -0.0401928 81.3213 -0.0153969 0.999824 0.0107182 1.04418 0.0403552 -0.0100893 0.999134 196.9
0.999046 0.00514224 -0.0433696 81.2808 -0.00448572 0.999874 0.0152215 1.05326 0.0434425 -0.0150124 0.998943 198.051
0.999046 0.00602671 -0.0432612 81.2424 -0.00496938 0.999687 0.0245067 1.05752 0.0433953 -0.0242683 0.998763 198.706
0.99906 0.00423046 -0.0431458 81.205 -0.00294014 0.999548 0.0299258 1.06237 0.0432529 -0.0297708 0.99862 199.451
0.999007 -0.00467025 -0.0443093 81.1683 0.00597355 0.999552 0.0293268 1.07494 0.0441525 -0.0295624 0.998587 200.475
0.998933 -0.00091391 -0.0461689 81.1114 0.00185293 0.999792 0.0203001 1.08942 0.0461408 -0.020364 0.998727 201.641
0.998803 -0.00924824 -0.0480357 81.0044 0.00966525 0.999918 0.00845633 1.10833 0.0479536 -0.00891048 0.99881 203.92
0.998507 -0.0200977 -0.0507854 80.972 0.0202975 0.999788 0.00342171 1.09881 0.0507059 -0.00444742 0.998704 204.921
0.998415 -0.0204858 -0.0524139 80.9217 0.0209166 0.999752 0.00768517 1.11999 0.0522435 -0.00876931 0.998596 205.678
0.998388 -0.0157597 -0.0545318 80.8741 0.0168189 0.999678 0.0190193 1.10541 0.0542145 -0.0199058 0.998331 206.419
0.998269 -0.017825 -0.0560508 80.8173 0.019092 0.999572 0.0221515 1.10198 0.055632 -0.0231833 0.998182 207.283
0.998462 -0.00247629 -0.0553857 80.7357 0.00352279 0.999817 0.0188051 1.11478 0.055329 -0.0189712 0.998288 208.793
0.998457 0.00402235 -0.0553889 80.6114 -0.00331881 0.999913 0.0127878 1.09961 0.0554355 -0.0125843 0.998383 209.895
0.998557 0.0173491 -0.0508304 80.566 -0.0167953 0.999795 0.0113022 1.11781 0.0510161 -0.0104322 0.998643 210.97
0.998364 0.00784448 -0.0566418 80.4362 -0.00696048 0.999851 0.0157874 1.12567 0.0567572 -0.0153673 0.99827 212.771
0.998404 0.00441033 -0.0563086 80.43 -0.00331045 0.999802 0.0196115 1.11814 0.0563839 -0.0193938 0.998221 213.125
0.998394 0.0105293 -0.0556655 80.3242 -0.00930109 0.999709 0.0222776 1.12795 0.0558839 -0.0217241 0.998201 214.942
