0.999994 -0.00266876 -0.00221869 -0.0172117 0.00266449 0.999995 -0.00192875 -0.013236 0.00222383 0.00192283 0.999996 0.860169
0.999961 -0.00179 -0.00869473 -0.0121803 0.00176264 0.999993 -0.00315285 -0.0202372 0.00870031 0.0031374 0.999957 1.7193
0.999941 -0.00324714 -0.0103478 -0.066393 0.00319123 0.99998 -0.00541442 -0.0164727 0.0103652 0.00538108 0.999932 2.57897
0.999868 -0.000957109 -0.0162437 -0.0533333 0.000861579 0.999982 -0.00588705 -0.0280908 0.0162491 0.00587227 0.999851 3.43884
0.999818 0.00247251 -0.0189269 -0.0646493 -0.00258424 0.999979 -0.00588117 -0.0364128 0.0189119 0.00592901 0.999804 4.29901
0.999686 0.00412972 -0.0247097 -0.0985439 -0.00429916 0.999968 -0.00680816 -0.0468337 0.0246808 0.00691225 0.999671 5.15785
0.999603 0.00328871 -0.0279665 -0.143286 -0.0035041 0.999965 -0.00765616 -0.0553663 0.0279403 0.00775112 0.99958 6.01742
0.999406 -0.000182458 -0.0344612 -0.15995 -1.88966e-005 0.999983 -0.00584251 -0.0619531 0.0344617 0.00583969 0.999389 6.87656
0.999238 0.00278721 -0.0389245 -0.210527 -0.00291852 0.99999 -0.00331703 -0.0757893 0.0389149 0.00342811 0.999237 7.73539
0.999142 0.000895092 -0.0414036 -0.244928 -0.000930606 0.999999 -0.000838479 -0.0801177 0.0414028 0.00087629 0.999142 8.59538
0.99902 -3.58526e-005 -0.044271 -0.28923 -1.61464e-005 0.999999 -0.0011742 -0.0906188 0.044271 0.00117377 0.999019 9.45332
0.998874 -0.00386775 -0.0472905 -0.345392 0.00378899 0.999991 -0.00175501 -0.100374 0.0472969 0.00157385 0.99888 10.3118
0.998818 -0.0016479 -0.0485795 -0.386459 0.00153771 0.999996 -0.00230551 -0.105777 0.0485831 0.00222808 0.998817 11.1713
0.998727 -0.00345056 -0.0503188 -0.431446 0.00340604 0.999994 -0.00097053 -0.115925 0.0503218 0.000797906 0.998733 12.0295
0.998689 -0.0006421 -0.0511835 -0.472774 0.000564812 0.999999 -0.00152447 -0.128109 0.0511844 0.00149357 0.998688 12.8843
0.998542 0.00526978 -0.0537241 -0.514706 -0.00547836 0.999978 -0.00373585 -0.136801 0.0537032 0.00402472 0.998549 13.7466
0.998645 0.00229505 -0.051992 -0.587161 -0.00268182 0.999969 -0.00737059 -0.145684 0.0519735 0.00750003 0.99862 14.6146
0.998369 0.00701869 -0.0566608 -0.623984 -0.00741799 0.999949 -0.00684009 -0.162422 0.0566099 0.00724924 0.99837 15.4954
0.998368 0.00587894 -0.0568011 -0.688374 -0.00630763 0.999953 -0.00737085 -0.170546 0.0567551 0.0077171 0.998358 16.385
0.998149 0.00374971 -0.0607073 -0.721689 -0.00412864 0.999973 -0.00611768 -0.189363 0.0606827 0.00635699 0.998137 17.2858
0.998264 0.00159148 -0.0588768 -0.779595 -0.00186389 0.999988 -0.00457219 -0.197325 0.0588688 0.00467399 0.998255 18.1903
0.998185 -0.00127337 -0.0602082 -0.865023 0.00101612 0.99999 -0.00430304 -0.208166 0.0602131 0.00423406 0.998177 19.0993
0.99817 0.00382656 -0.0603453 -0.922441 -0.00408186 0.999983 -0.00410809 -0.236542 0.0603285 0.0043469 0.998169 20.0122
0.997898 0.00129856 -0.0647957 -0.960661 -0.00163825 0.999985 -0.00518957 -0.254473 0.064788 0.00528481 0.997885 20.9298
0.996921 -0.0215983 -0.0753842 -0.882202 0.0210894 0.999749 -0.00753953 -0.27775 0.0755281 0.0059265 0.997126 21.8567
0.998083 0.0018018 -0.0618628 -1.06023 -0.00184773 0.999998 -0.000685324 -0.279643 0.0618614 0.000798317 0.998084 22.789
0.998032 0.00280648 -0.0626476 -1.10106 -0.0026137 0.999992 0.00315901 -0.292747 0.062656 -0.00298905 0.998031 23.7245
0.997851 0.00266997 -0.0654633 -1.13723 -0.00230141 0.999981 0.00570478 -0.310194 0.0654773 -0.00554186 0.997839 24.6666
0.99815 0.000197117 -0.0607925 -1.21841 0.000201819 0.999978 0.00655604 -0.296407 0.0607925 -0.00655618 0.998129 25.6116
0.998174 -0.000114642 -0.0604107 -1.26788 0.000334208 0.999993 0.00362446 -0.316259 0.0604099 -0.00363803 0.998167 26.5593
0.998213 0.00187173 -0.0597222 -1.34408 -0.00192544 0.999998 -0.000841749 -0.320799 0.0597204 0.000955237 0.998215 27.5093
0.998325 -0.00107173 -0.0578533 -1.39028 0.000820181 0.99999 -0.00437162 -0.323799 0.0578575 0.00431685 0.998316 28.4687
0.998426 -0.00109327 -0.0560662 -1.45927 0.00089786 0.999993 -0.00351038 -0.336152 0.0560697 0.00345452 0.998421 29.4359
0.998378 -0.00459887 -0.0567461 -1.51198 0.00464782 0.999989 0.000730613 -0.343559 0.0567421 -0.000993174 0.998388 30.4115
0.998209 -0.0108703 -0.0588299 -1.55819 0.0111255 0.99993 0.00401179 -0.353128 0.0587822 -0.00465912 0.99826 31.3912
0.998131 -0.0157512 -0.0590418 -1.61719 0.015956 0.999868 0.0029996 -0.355733 0.0589868 -0.00393607 0.998251 32.37
0.99825 -0.0109692 -0.0581027 -1.69832 0.0109751 0.99994 -0.000218273 -0.37042 0.0581016 -0.000419789 0.998311 33.3473
0.998088 -0.0064006 -0.0614781 -1.74377 0.00614857 0.999972 -0.00428777 -0.381643 0.0615039 0.00390157 0.998099 34.3321
0.997886 -0.00151691 -0.0649682 -1.80997 0.00118607 0.999986 -0.00513073 -0.388301 0.0649751 0.00504283 0.997874 35.3432
0.997896 -0.000844875 -0.0648312 -1.86339 0.000606239 0.999993 -0.00370047 -0.408131 0.0648339 0.00365338 0.997889 36.4019
0.997903 0.00627532 -0.064424 -1.96504 -0.00631368 0.99998 -0.000391983 -0.424553 0.0644203 0.000797915 0.997923 37.4421
0.99771 0.000169231 -0.0676387 -2.02311 -0.000153105 1 0.000243604 -0.433451 0.0676388 -0.00023269 0.99771 38.4869
0.997714 0.00691231 -0.0672262 -2.11529 -0.00666714 0.99997 0.00387062 -0.446503 0.067251 -0.00341356 0.99773 39.5179
0.997687 -2.20812e-005 -0.0679771 -2.17465 0.000433013 0.999982 0.00603042 -0.453423 0.0679757 -0.00604591 0.997669 40.5542
0.997537 0.00273018 -0.0700907 -2.26504 -0.00214916 0.999963 0.00836364 -0.455324 0.0701109 -0.00819241 0.997506 41.5759
0.997622 -0.00230504 -0.0688812 -2.35627 0.00278491 0.999973 0.00687148 -0.447699 0.0688635 -0.00704697 0.997601 42.5967
0.997613 0.00436878 -0.0689183 -2.41347 -0.00395884 0.999974 0.00608366 -0.464607 0.068943 -0.00579631 0.997604 43.6078
0.997563 0.00347039 -0.0696834 -2.46347 -0.00321866 0.999988 0.00372443 -0.46531 0.0696955 -0.00349106 0.997562 44.6145
0.99759 0.00507943 -0.0692019 -2.54456 -0.00479148 0.999979 0.00432643 -0.481153 0.0692224 -0.00398442 0.997593 45.6148
0.997456 -0.00179396 -0.0712621 -2.61157 0.00217244 0.999984 0.00523399 -0.483701 0.0712516 -0.00537549 0.997444 46.6143
0.99751 -0.001104 -0.0705121 -2.67641 0.0015395 0.99998 0.00612213 -0.487457 0.070504 -0.00621544 0.997492 47.6095
0.997221 0.000920377 -0.0744918 -2.73179 -0.000702988 0.999995 0.00294447 -0.508074 0.0744941 -0.00288392 0.997217 48.5969
0.997385 0.00461319 -0.0721273 -2.83975 -0.0047126 0.999988 -0.00120807 -0.510053 0.0721209 0.00154482 0.997395 49.5722
0.997275 0.00465151 -0.0736253 -2.90957 -0.00486204 0.999985 -0.00268054 -0.527499 0.0736117 0.0030312 0.997282 50.554
0.997176 -7.44409e-005 -0.0751038 -2.98793 0.000137269 1 0.000831386 -0.537259 0.0751037 -0.000839347 0.997175 51.5344
0.997187 -0.0032231 -0.0748878 -3.05184 0.00348707 0.999988 0.00339442 -0.542116 0.074876 -0.00364601 0.997186 52.5115
0.997143 -0.00612905 -0.0752923 -3.11324 0.00642531 0.999973 0.00369323 -0.558162 0.0752676 -0.00416645 0.997155 53.4819
0.997168 -0.00622486 -0.0749537 -3.21656 0.00648653 0.999974 0.00324817 -0.564867 0.0749315 -0.00372516 0.997182 54.4422
0.997258 -0.00638344 -0.073726 -3.28801 0.00651527 0.999978 0.00154776 -0.57598 0.0737144 -0.00202386 0.997277 55.4054
0.997322 -0.00615353 -0.0728828 -3.40131 0.00636162 0.999976 0.00262341 -0.575231 0.0728649 -0.00308003 0.997337 56.3596
0.997042 -0.00343559 -0.0767881 -3.44768 0.00394527 0.999971 0.00648686 -0.583113 0.0767636 -0.00677062 0.997026 57.3234
0.996997 -0.00526306 -0.0772565 -3.52223 0.00614852 0.999918 0.0112279 -0.594011 0.0771911 -0.0116692 0.996948 58.2846
0.997039 -0.00177851 -0.0768729 -3.62889 0.00284107 0.999902 0.0137153 -0.611304 0.076841 -0.013893 0.996947 59.232
0.996891 -0.00152586 -0.0787736 -3.68164 0.00225171 0.999956 0.00912634 -0.606222 0.0787562 -0.00927534 0.996851 60.1753
0.996732 0.00576417 -0.0805743 -3.7781 -0.00561457 0.999982 0.00208318 -0.611861 0.0805848 -0.00162399 0.996746 61.0976
0.996708 0.00499565 -0.0809186 -3.8123 -0.00517869 0.999984 -0.00205231 -0.638911 0.0809071 0.0024646 0.996719 62.014
0.996535 0.0106267 -0.0824934 -3.9401 -0.0107336 0.999942 -0.000852346 -0.642206 0.0824796 0.00173484 0.996591 62.9212
0.996449 0.00908458 -0.0837088 -4.00167 -0.00909469 0.999959 0.000260472 -0.651472 0.0837077 0.000501758 0.99649 63.8205
0.99622 0.00559815 -0.0866858 -4.06527 -0.00536628 0.999981 0.00290769 -0.679498 0.0867004 -0.00243152 0.996231 64.7038
0.996391 0.00564632 -0.0846901 -4.19219 -0.00539609 0.99998 0.00318328 -0.685949 0.0847064 -0.00271479 0.996402 65.5671
0.996316 0.00498934 -0.0856072 -4.27401 -0.00470262 0.999983 0.00355063 -0.699833 0.0856234 -0.00313498 0.996323 66.4212
0.995989 0.00182976 -0.0894611 -4.34393 -0.001489 0.999991 0.00387557 -0.704085 0.0894674 -0.00372681 0.995983 67.2646
0.995967 0.00170979 -0.089706 -4.44053 -0.00123269 0.999985 0.00537367 -0.720403 0.0897139 -0.00524142 0.995954 68.0903
0.995863 -0.00149776 -0.0908544 -4.51731 0.00212218 0.999975 0.00677652 -0.733651 0.090842 -0.0069413 0.995841 68.906
0.995827 0.0012445 -0.0912486 -4.6063 -0.000503136 0.999967 0.00814722 -0.733779 0.0912557 -0.00806731 0.995795 69.709
0.995674 0.00207756 -0.0928944 -4.67947 -0.00091105 0.99992 0.012598 -0.73434 0.0929131 -0.0124589 0.995596 70.5025
0.995699 0.0063838 -0.0924217 -4.75767 -0.00508024 0.999884 0.0143329 -0.745165 0.0925025 -0.0138017 0.995617 71.2778
0.99558 0.00986783 -0.0933957 -4.83559 -0.00888421 0.999901 0.0109417 -0.75211 0.0934944 -0.0100636 0.995569 72.0303
0.995383 0.00779842 -0.0956669 -4.93137 -0.0074523 0.999964 0.00397478 -0.759835 0.0956945 -0.00324349 0.995405 72.7581
0.995206 0.00379455 -0.0977235 -4.97819 -0.00399737 0.99999 -0.00187979 -0.771255 0.0977154 0.00226142 0.995212 73.473
0.995223 0.0025421 -0.0975919 -5.08083 -0.0028738 0.999991 -0.00325835 -0.776131 0.0975827 0.00352324 0.995221 74.1642
0.995329 0.00579926 -0.0963621 -5.13501 -0.0057981 0.999983 0.000292077 -0.775661 0.0963622 0.000268004 0.995346 74.8364
0.994417 -0.000827925 -0.105517 -5.16868 0.00103501 0.999998 0.00190784 -0.802539 0.105515 -0.0020064 0.994416 75.499
0.994842 -0.000806761 -0.101438 -5.26713 0.000799773 1 -0.000109555 -0.82208 0.101438 2.78622e-005 0.994842 76.1265
0.995121 -0.00537703 -0.0985106 -5.29064 0.00480519 0.99997 -0.0060412 -0.837316 0.0985402 0.00553837 0.995118 76.74
0.99502 -0.012895 -0.098835 -5.36062 0.0117147 0.999853 -0.0125137 -0.841085 0.0989819 0.0112936 0.995025 77.3326
0.995141 -0.0109337 -0.0978512 -5.41832 0.00979821 0.999879 -0.0120773 -0.852294 0.0979714 0.0110598 0.995128 77.9145
0.99573 -0.00453911 -0.0922034 -5.47878 0.00378536 0.999958 -0.0083482 -0.870456 0.0922374 0.00796353 0.995705 78.4835
0.996223 -0.00681919 -0.0865643 -5.53563 0.00638047 0.999965 -0.00534382 -0.881267 0.0865977 0.00477132 0.996232 79.0375
0.996512 -0.00353221 -0.0833705 -5.53422 0.00341746 0.999993 -0.00151912 -0.895882 0.0833753 0.00122891 0.996517 79.5826
0.997196 -0.00622855 -0.0745738 -5.58564 0.00633206 0.999979 0.00115171 -0.904289 0.074565 -0.00162068 0.997215 80.1123
0.997923 -0.00403941 -0.0642855 -5.61238 0.00418517 0.999989 0.00213279 -0.919558 0.0642762 -0.00239741 0.997929 80.6242
0.998823 -7.17996e-005 -0.048508 -5.64597 0.000169326 0.999998 0.00200642 -0.923896 0.0485077 -0.00201227 0.998821 81.125
0.999518 0.00484362 -0.0306549 -5.65452 -0.00475369 0.999984 0.0030056 -0.92799 0.030669 -0.00285843 0.999526 81.6133
0.999934 0.00663459 -0.00942015 -5.64632 -0.00660581 0.999973 0.00308332 -0.935287 0.00944036 -0.00302089 0.999951 82.0878
0.999805 0.0103637 0.0167989 -5.61018 -0.0104264 0.999939 0.00365198 -0.944476 -0.01676 -0.00382642 0.999852 82.5469
0.998839 0.00342429 0.0480529 -5.57965 -0.00372632 0.999974 0.00619726 -0.951612 -0.0480304 -0.00636912 0.998826 82.9998
0.996955 -0.00490756 0.0778276 -5.52364 0.00425318 0.999954 0.0085717 -0.953181 -0.0778661 -0.00821458 0.99693 83.447
0.992792 -0.00791987 0.119585 -5.45261 0.00686193 0.999934 0.00925593 -0.952925 -0.119651 -0.00836863 0.992781 83.8787
0.987456 -0.0097157 0.157596 -5.32305 0.00809409 0.999908 0.0109282 -0.954529 -0.157688 -0.00951555 0.987443 84.3013
0.980685 -0.00513594 0.195524 -5.21501 0.00312746 0.999939 0.0105796 -0.965233 -0.195567 -0.0097638 0.980642 84.7185
0.968191 -0.00872848 0.250061 -5.08687 0.00501606 0.999868 0.0154795 -0.943093 -0.250163 -0.0137327 0.968106 85.1065
0.956249 0.000611622 0.292554 -4.89018 -0.00250089 0.999978 0.00608389 -0.963494 -0.292544 -0.00654936 0.95623 85.4804
0.934307 -0.00888817 0.356358 -4.7359 0.0071304 0.999955 0.00624593 -0.969571 -0.356398 -0.00329464 0.934329 85.8448
0.909623 -0.00758392 0.415365 -4.53954 0.00540395 0.999965 0.00642349 -0.99026 -0.415399 -0.00359835 0.909632 86.1953
0.877373 -0.00106565 0.479809 -4.31166 0.00146476 0.999999 -0.000457445 -0.963969 -0.479808 0.00110415 0.877373 86.5203
0.849364 -0.00487469 0.527786 -4.06833 0.00683872 0.999975 -0.00176964 -0.967847 -0.527764 0.00511245 0.849376 86.8109
0.810434 0.00244392 0.585824 -3.8011 0.0136658 0.99964 -0.0230756 -0.925337 -0.58567 0.026707 0.810109 87.0872
0.768771 -0.00535879 0.639502 -3.53617 -0.00426179 0.9999 0.0135021 -0.981373 -0.63951 -0.0131054 0.768671 87.3467
0.732411 -0.00639743 0.680833 -3.23764 0.00499221 0.999979 0.00402588 -0.966149 -0.680844 0.000450262 0.732428 87.5998
0.695531 -0.00345842 0.718488 -2.90806 -0.00144036 0.99998 0.00620771 -0.975477 -0.718495 -0.00535253 0.695511 87.8001
0.634395 0.00165621 0.773007 -2.61982 -0.0023161 0.999997 -0.000241764 -0.983184 -0.773005 -0.00163699 0.634398 88.0348
0.594894 0.0141423 0.80368 -2.27013 -0.00228287 0.999871 -0.0159048 -0.951792 -0.803801 0.00762699 0.594849 88.2007
0.547762 -0.00645979 0.836609 -1.94886 0.00364233 0.999979 0.00533645 -0.985166 -0.836626 0.00012411 0.547774 88.3831
0.499047 -0.00183004 0.866573 -1.60571 -0.0010488 0.999996 0.00271579 -0.986128 -0.866574 -0.00226417 0.499043 88.5442
0.445693 0.0140854 0.895075 -1.26752 -0.0073618 0.9999 -0.0120692 -0.993402 -0.895156 -0.00121019 0.445752 88.7183
0.413631 -0.00465615 0.910433 -0.89705 0.00206106 0.999989 0.00417777 -1.00057 -0.910442 0.000148398 0.413636 88.8074
0.375501 -0.0194018 0.926619 -0.517119 0.0095069 0.999809 0.0170817 -0.998757 -0.926773 0.00239506 0.375614 88.8919
0.338772 -0.0243752 0.940553 -0.14614 0.0112781 0.999698 0.0218458 -0.99501 -0.940801 0.00320691 0.338945 88.9921
0.304958 -0.0184689 0.952187 0.226375 0.00983591 0.99982 0.0162427 -1.00367 -0.952315 0.00441229 0.305084 89.0895
0.276218 -0.00579495 0.961077 0.605871 -0.000303147 0.999981 0.00611665 -1.0155 -0.961095 -0.00198088 0.276211 89.1748
0.246907 0.00325662 0.969034 0.983502 -0.00912248 0.999958 -0.00103616 -1.01892 -0.968996 -0.00858416 0.246927 89.287
0.225334 -0.00504863 0.974269 1.3857 -0.00467098 0.999969 0.00626214 -1.02184 -0.97427 -0.00596186 0.225303 89.339
0.201562 -0.00164682 0.979474 1.80076 -0.00360274 0.999991 0.00242271 -1.02641 -0.979469 -0.00401711 0.201555 89.3189
0.177466 -0.0123935 0.984049 2.21496 0.00802925 0.999906 0.0111451 -1.02421 -0.984094 0.00592329 0.177548 89.4309
0.159192 -0.0149166 0.987135 2.64342 0.0199931 0.99973 0.0118827 -1.01999 -0.987045 0.0178442 0.159448 89.4662
0.139813 -0.00932267 0.990134 3.08893 0.0215691 0.999747 0.0063675 -1.0372 -0.989943 0.020466 0.139978 89.5238
0.125564 -0.00961781 0.992039 3.55406 0.0139328 0.999871 0.00793025 -1.03128 -0.991988 0.0128262 0.125682 89.5839
0.112743 -0.00902909 0.993583 4.03013 0.00418971 0.999954 0.00861158 -1.01731 -0.993615 0.00319192 0.112776 89.6015
0.0981525 -0.00847788 0.995135 4.51374 -0.0125985 0.999873 0.00976086 -1.03065 -0.995092 -0.0134953 0.0980333 89.6656
0.0872148 -0.012385 0.996113 5.01316 -0.0196311 0.999707 0.0141485 -1.02034 -0.995996 -0.0207887 0.0869461 89.6696
0.0745303 -0.0107695 0.997161 5.52542 -0.0164114 0.999793 0.0120246 -1.03921 -0.997084 -0.017261 0.0743381 89.7178
0.0684354 -0.016959 0.997511 6.05731 -0.00844501 0.99981 0.0175774 -1.02109 -0.99762 -0.00962692 0.0682791 89.7189
0.0629472 -0.0176274 0.997861 6.60262 -0.00734473 0.999809 0.0181251 -1.02173 -0.99799 -0.00846994 0.0628057 89.752
0.0568253 -0.0177731 0.998226 7.16541 -0.00494073 0.999824 0.0180828 -1.0249 -0.998372 -0.00595952 0.0567275 89.789
0.0488585 -0.0205659 0.998594 7.7473 -0.00914929 0.999737 0.0210371 -1.00237 -0.998764 -0.0101643 0.0486574 89.8332
0.0479443 -0.0251834 0.998532 8.35115 -0.0137864 0.99957 0.0258715 -0.997306 -0.998755 -0.0150066 0.0475765 89.8499
0.0429353 -0.020296 0.998872 8.96883 -0.0155874 0.999658 0.0209819 -1.01271 -0.998956 -0.0164707 0.0426043 89.8685
0.0417015 -0.0234463 0.998855 9.60928 -0.015688 0.999586 0.0241184 -0.985284 -0.999007 -0.0166759 0.0413164 89.8887
0.0382427 -0.0269057 0.998906 10.2629 -0.0191709 0.999434 0.0276538 -0.961915 -0.999085 -0.0202075 0.0377052 89.9204
0.037955 -0.0307357 0.998807 10.9364 -0.0221589 0.999255 0.0315915 -0.957864 -0.999034 -0.0233315 0.0372456 89.9492
0.0386125 -0.0317005 0.998751 11.5728 -0.0248926 0.999156 0.0326757 -1.0819 -0.998944 -0.0261233 0.0377908 90.1022
0.0434301 -0.0397971 0.998263 12.3161 -0.0225207 0.998913 0.0408028 -0.925781 -0.998803 -0.0242536 0.0424866 90.0169
0.0466236 -0.0386216 0.998166 13.0309 -0.0308932 0.998719 0.040086 -0.958888 -0.998435 -0.0327055 0.0453707 90.0798
0.0460283 -0.0338979 0.998365 13.7619 -0.0309912 0.998895 0.0353447 -0.944295 -0.998459 -0.0325674 0.0449269 90.133
0.054664 -0.0403769 0.997688 14.5275 -0.0377596 0.998384 0.0424739 -0.891716 -0.997791 -0.0399941 0.053051 90.1401
0.0567762 -0.0387257 0.997636 15.2952 -0.0410275 0.998313 0.0410869 -0.883813 -0.997544 -0.0432633 0.0550916 90.1976
0.0607551 -0.0350617 0.997537 16.0804 -0.0424745 0.998387 0.0376785 -0.85678 -0.997249 -0.0446591 0.0591678 90.2502
0.0662996 -0.0357587 0.997159 16.8734 -0.0446912 0.998248 0.0387693 -0.821609 -0.996798 -0.0471346 0.0645854 90.3197
0.0682008 -0.0303888 0.997209 17.6741 -0.0438341 0.99848 0.0334254 -0.795662 -0.996708 -0.0459914 0.066765 90.3811
0.0717523 -0.0306405 0.996952 18.474 -0.0335783 0.998887 0.0331167 -0.777343 -0.996857 -0.0358521 0.0706436 90.4718
0.0735493 -0.0245863 0.996988 19.2844 -0.026066 0.999307 0.0265664 -0.760853 -0.996951 -0.0279414 0.0728575 90.5066
0.0718777 -0.0193983 0.997225 20.0947 -0.0219646 0.999538 0.0210265 -0.747181 -0.997172 -0.023415 0.0714184 90.6062
0.0746214 -0.0217859 0.996974 111.126 -0.0239268 0.999434 0.0236306 0.585219 -0.996925 -0.0256177 0.0740579 95.0666
0.0725903 -0.0184903 0.99719 81.6293 -0.0252494 0.999474 0.0203707 0.083274 -0.997042 -0.0266571 0.0720852 95.4385
0.0736279 -0.0209803 0.997065 103.235 -0.0259232 0.999401 0.0229438 0.345406 -0.996949 -0.0275364 0.0730399 95.3301
0.0772073 -0.0196417 0.996822 130.702 -0.0256662 0.999435 0.0216811 0.858126 -0.996685 -0.0272586 0.0766596 97.7312
0.0715896 -0.0128 0.997352 107.091 -0.0194074 0.99971 0.0142234 0.442338 -0.997245 -0.0203742 0.0713204 96.3287
0.0771086 -0.0151011 0.996908 115.303 -0.0223562 0.999608 0.0168712 0.565781 -0.996772 -0.023588 0.0767407 96.5917
0.0747612 -0.0102491 0.997149 119.321 -0.0154431 0.999815 0.0114344 0.625304 -0.997082 -0.0162539 0.0745891 97.0148
0.0725767 -0.00796846 0.997331 115.528 -0.0156167 0.999836 0.00912492 0.549369 -0.997241 -0.0162372 0.0724404 96.7586
0.0675884 -0.00481607 0.997702 118.336 -0.0156547 0.99986 0.005887 0.576241 -0.99759 -0.0160166 0.0675035 96.9268
0.0634081 -0.00229042 0.997985 119.35 -0.0173149 0.999844 0.00339481 0.570459 -0.997837 -0.0174953 0.0633586 97.0191
0.0581556 -0.00217605 0.998305 119.361 -0.0150658 0.999882 0.00305713 0.55239 -0.998194 -0.015218 0.0581159 96.9985
0.048678 -0.00182224 0.998813 120.634 -0.00931715 0.999954 0.0022784 0.55344 -0.998771 -0.00941699 0.0486588 97.0847
0.0529508 -0.037911 0.997877 120.916 -0.00491441 0.999257 0.0382242 0.439573 -0.998585 -0.00692798 0.0527252 96.8334
0.0314862 -0.00138913 0.999503 121.909 -4.87435e-005 0.999999 0.00139136 0.496832 -0.999504 -9.25278e-005 0.0314861 97.0345
0.0195739 -0.000486257 0.999808 122.752 0.000286728 1 0.000480737 0.491901 -0.999808 0.000277263 0.0195741 97.0352
0.0103164 -0.0029072 0.999943 123.522 -0.00565031 0.99998 0.0029656 0.484744 -0.999931 -0.00568058 0.0102998 97.0643
-1.03409e-005 -0.00322033 0.999995 124.314 -0.00647278 0.999974 0.0032202 0.475196 -0.999979 -0.00647271 -3.11851e-005 97.0474
-0.0124087 -0.00614814 0.999904 125.102 -0.00422147 0.999973 0.00609617 0.4723 -0.999914 -0.00414542 -0.0124343 97.0626
-0.0227162 -0.00558172 0.999726 125.881 -0.00382721 0.999978 0.00549616 0.453977 -0.999735 -0.00370132 -0.022737 97.0278
-0.0325 -0.00320389 0.999467 126.658 -0.0028934 0.999991 0.00311149 0.452678 -0.999468 -0.00279074 -0.032509 97.0097
-0.0431514 -0.00554293 0.999053 127.426 -0.00333722 0.99998 0.00540393 0.435332 -0.999063 -0.00310088 -0.0431691 96.967
-0.0526865 -0.006379 0.998591 128.186 -0.00315263 0.999976 0.00622151 0.422391 -0.998606 -0.0028204 -0.0527053 96.9207
-0.0630335 -0.00707896 0.997986 128.941 -0.00297879 0.999972 0.0069049 0.425526 -0.998007 -0.00253756 -0.0630528 96.8928
-0.0706359 -0.00760012 0.997473 129.685 -0.00413597 0.999965 0.00732622 0.42423 -0.997494 -0.00360803 -0.0706648 96.8183
-0.079915 -0.00824176 0.996768 130.424 -0.00600643 0.999952 0.00778653 0.414079 -0.996784 -0.00536475 -0.0799606 96.7657
-0.0888217 -0.0113747 0.995983 131.155 -0.00861538 0.999906 0.0106512 0.412554 -0.99601 -0.00763472 -0.0889113 96.7119
-0.0926542 -0.0136814 0.995604 131.875 -0.0128651 0.999839 0.0125423 0.407162 -0.995615 -0.0116465 -0.0928152 96.6361
-0.0966431 -0.0169777 0.995174 132.589 -0.0147862 0.999769 0.0156201 0.401282 -0.995209 -0.0132052 -0.0968718 96.56
-0.099592 -0.0179523 0.994866 133.292 -0.0167159 0.999726 0.0163666 0.400602 -0.994888 -0.0150001 -0.0998648 96.4975
-0.101355 -0.0190202 0.994668 133.98 -0.0179399 0.99969 0.0172882 0.403474 -0.994689 -0.016092 -0.101665 96.4338
-0.101839 -0.0187413 0.994624 134.655 -0.0195105 0.999668 0.0168386 0.403623 -0.99461 -0.0176908 -0.102171 96.3667
-0.102165 -0.0202555 0.994561 135.311 -0.0186224 0.999656 0.0184463 0.399341 -0.994593 -0.0166365 -0.102507 96.2989
-0.112832 -0.0176192 0.993458 135.955 -0.0103325 0.99981 0.0165583 0.434227 -0.99356 -0.00839655 -0.112993 96.3156
-0.0937036 -0.0212245 0.995374 136.574 -0.0160649 0.999675 0.0198039 0.416669 -0.995471 -0.0141349 -0.0940141 96.2001
-0.0857821 -0.0208239 0.996096 137.178 -0.0169351 0.999668 0.0194402 0.420566 -0.99617 -0.0152013 -0.0861062 96.166
-0.0745221 -0.0202987 0.997013 137.761 -0.0168107 0.999676 0.0190964 0.422422 -0.997078 -0.0153373 -0.0748392 96.1241
-0.0679198 -0.0156678 0.997568 138.326 -0.0176707 0.999739 0.0144987 0.41865 -0.997534 -0.016643 -0.0681789 96.1254
-0.0451693 -0.0214258 0.99875 138.869 -0.0205796 0.999578 0.0205129 0.42029 -0.998767 -0.0196273 -0.0455912 96.0966
-0.0246067 -0.020403 0.999489 139.405 -0.0163664 0.999666 0.0200037 0.426445 -0.999563 -0.0158658 -0.0249324 96.0987
-0.000660056 -0.0128735 0.999917 139.933 -0.0137938 0.999822 0.0128632 0.411695 -0.999905 -0.0137841 -0.000837513 96.1224
0.0277931 -0.014277 0.999512 140.455 -0.0115906 0.999826 0.0146038 0.414581 -0.999546 -0.0119909 0.0276228 96.1661
0.0758139 0.0155294 0.997001 140.965 -0.0307107 0.999441 -0.0132321 0.34597 -0.996649 -0.0296154 0.0762484 96.104
0.0981577 -0.0118914 0.9951 141.491 -0.0159957 0.999781 0.0135252 0.408432 -0.995042 -0.0172449 0.097946 96.2738
0.138709 -0.0147772 0.990223 141.994 -0.017583 0.999694 0.0173816 0.417941 -0.990177 -0.0198221 0.138407 96.3777
0.183637 -0.00861658 0.982956 142.491 -0.0236738 0.999633 0.0131855 0.415429 -0.982709 -0.0256917 0.183366 96.4988
0.239026 0.00348427 0.971007 142.984 -0.024641 0.999693 0.0024785 0.395578 -0.970701 -0.024519 0.239038 96.6248
0.289541 0.0116743 0.957094 143.458 -0.032456 0.99947 -0.00237258 0.390145 -0.956615 -0.0303765 0.289767 96.79
0.338704 -0.000591281 0.940893 143.914 -0.0154922 0.999861 0.00620523 0.399935 -0.940765 -0.0166782 0.338648 96.9939
0.399619 -0.01072 0.916618 144.361 -0.000492166 0.999929 0.0119089 0.391468 -0.916681 -0.00521016 0.399586 97.203
0.458479 -0.0181031 0.888521 144.77 0.00849405 0.999836 0.0159881 0.407982 -0.888665 0.000216927 0.458558 97.4248
0.514451 -0.0136627 0.857411 145.148 0.00557946 0.999905 0.0125857 0.398889 -0.857502 -0.00169081 0.514479 97.724
0.579753 -0.0338007 0.814091 145.532 0.0205325 0.999428 0.0268736 0.45771 -0.814534 0.00113531 0.580115 97.9614
0.630521 -0.00372398 0.776163 145.855 -0.00286432 0.999971 0.00712464 0.439407 -0.776167 -0.00671541 0.630492 98.3225
0.684006 -0.00765245 0.729436 146.185 -0.00628011 0.999846 0.0163783 0.455117 -0.729449 -0.0157838 0.683853 98.6604
0.726945 -0.00123238 0.686695 146.455 -0.00923242 0.99989 0.011568 0.458861 -0.686634 -0.0147492 0.726854 99.0246
0.776931 -0.00669838 0.62955 146.721 -0.00497666 0.999847 0.01678 0.455898 -0.629566 -0.01617 0.776779 99.4223
0.815918 -0.00699768 0.578125 146.955 -0.00870412 0.999665 0.0243843 0.462918 -0.578102 -0.0249277 0.815584 99.839
0.853387 -0.00275849 0.52127 147.157 -0.0158791 0.999384 0.0312847 0.475837 -0.521035 -0.0349753 0.852818 100.247
0.881166 -0.00548895 0.472775 147.312 -0.0153874 0.99907 0.0402785 0.460507 -0.472556 -0.0427668 0.880262 100.707
0.908643 -0.00696482 0.417515 147.493 -0.0132974 0.998871 0.0456021 0.447395 -0.417361 -0.0469879 0.907525 101.151
0.927115 0.00329039 0.374764 147.623 -0.0187504 0.999116 0.0376138 0.464733 -0.374309 -0.0418992 0.926357 101.604
0.940309 0.0187519 0.339805 147.714 -0.0306271 0.999092 0.0296172 0.486585 -0.338941 -0.0382566 0.940029 102.087
0.958194 -0.0270762 0.284834 147.983 0.0134057 0.998667 0.0498355 0.415517 -0.285804 -0.0439337 0.957281 102.484
0.963098 0.00992765 0.268968 147.993 -0.0196626 0.999244 0.0335238 0.484133 -0.268432 -0.0375753 0.962566 103.008
0.968617 -0.00296175 0.24854 148.116 -0.00536226 0.999447 0.0328079 0.484748 -0.2485 -0.0331111 0.968066 103.481
0.972677 -0.00578933 0.232091 148.238 -0.00216863 0.999419 0.0340183 0.498971 -0.232153 -0.0335921 0.972099 103.962
0.976642 -0.00524587 0.214809 148.339 -0.00286171 0.999296 0.0374148 0.505833 -0.214854 -0.0371556 0.975939 104.455
0.978017 -0.00119356 0.208521 148.415 -0.00581257 0.999439 0.0329831 0.529305 -0.208444 -0.0334701 0.977462 104.972
0.979145 0.007009 0.20304 148.507 -0.0131974 0.999488 0.029141 0.546221 -0.202732 -0.0312129 0.978737 105.489
0.9797 0.0173692 0.199715 148.601 -0.0229511 0.999407 0.0256682 0.55622 -0.199151 -0.0297308 0.979518 106.016
0.979983 0.0152757 0.198495 148.7 -0.0204821 0.999497 0.0242026 0.559572 -0.198026 -0.0277837 0.979803 106.552
0.979434 0.00861597 0.201583 148.823 -0.0129796 0.999709 0.0203349 0.566094 -0.201349 -0.0225332 0.97926 107.096
0.978686 -0.00285962 0.205341 148.932 -0.000131869 0.999894 0.0145532 0.56891 -0.205361 -0.0142701 0.978582 107.65
0.97763 -0.0032639 0.210308 149.064 0.00115162 0.999948 0.0101654 0.579356 -0.21033 -0.00969579 0.977582 108.211
0.976751 -0.00370018 0.214343 149.177 0.00162771 0.99995 0.00984462 0.590582 -0.214369 -0.00926685 0.976709 108.798
0.975563 0.00294275 0.219699 149.302 -0.00598522 0.999895 0.0131841 0.592535 -0.219637 -0.0141768 0.975479 109.394
0.974495 0.00440827 0.224367 149.437 -0.00873672 0.999794 0.0183027 0.592266 -0.224241 -0.0197961 0.974333 110.002
0.973621 0.0023228 0.228161 149.594 -0.00806808 0.999673 0.0242512 0.601442 -0.228031 -0.0254523 0.973321 110.616
0.97307 0.000642651 0.230508 149.757 -0.00743875 0.999563 0.0286153 0.620803 -0.230389 -0.0295594 0.97265 111.242
0.972309 -0.00868261 0.233539 149.911 0.00158396 0.999531 0.0305664 0.63294 -0.233695 -0.0293501 0.971867 111.876
0.97191 -0.0154458 0.234845 150.071 0.0088606 0.999538 0.0290702 0.640113 -0.235186 -0.0261727 0.971598 112.518
0.972194 -0.0144563 0.233731 150.226 0.00937246 0.999695 0.0228469 0.651969 -0.23399 -0.020021 0.972033 113.166
0.972297 -0.0150673 0.233261 150.387 0.0114206 0.999791 0.0169762 0.657041 -0.233468 -0.0138419 0.972266 113.825
0.973188 -0.00354397 0.229983 150.565 0.000703132 0.999922 0.0124332 0.688939 -0.230009 -0.0119381 0.973115 114.492
0.973756 -0.00387785 0.227563 150.711 -8.3875e-006 0.999854 0.0170742 0.686826 -0.227596 -0.016628 0.973614 115.192
0.973577 -0.00136867 0.228353 150.85 -0.00416821 0.999709 0.023763 0.695523 -0.228319 -0.0240869 0.973288 115.909
0.974522 -0.000906936 0.224289 151.019 -0.00595282 0.999535 0.0299064 0.699056 -0.224212 -0.0304796 0.974064 116.629
0.975485 0.00228767 0.220055 151.185 -0.00831163 0.999616 0.0264528 0.719028 -0.21991 -0.0276333 0.975129 117.353
0.975541 0.00521392 0.219758 151.33 -0.0102697 0.999708 0.0218702 0.736805 -0.219579 -0.0235921 0.975309 118.088
0.976386 0.00382393 0.216 151.485 -0.00772804 0.999822 0.0172329 0.741724 -0.215895 -0.0184952 0.976241 118.833
0.977356 -0.00485857 0.211548 151.655 0.00192159 0.999899 0.0140866 0.763819 -0.211595 -0.0133612 0.977266 119.588
0.978093 -0.00516411 0.208105 151.819 0.00196982 0.999877 0.0155537 0.766251 -0.20816 -0.014803 0.977983 120.36
0.978961 -0.00901459 0.20385 151.977 0.00524222 0.999805 0.0190381 0.77127 -0.203981 -0.0175689 0.978817 121.142
0.979344 -0.00758638 0.202057 152.139 0.00332135 0.999765 0.0214387 0.780554 -0.202172 -0.0203248 0.979139 121.938
0.979484 -0.00982618 0.201281 152.326 0.00514861 0.999705 0.0237494 0.794835 -0.201455 -0.0222258 0.979246 122.747
0.979615 -0.00950718 0.200661 152.49 0.00423642 0.999635 0.0266801 0.802756 -0.200841 -0.0252862 0.979297 123.562
0.979785 -0.00956615 0.199824 180.853 0.00407898 0.999604 0.0278537 1.87596 -0.200011 -0.0264755 0.979436 251.467
0.979664 0.000674143 0.200643 180.569 -0.00567179 0.999688 0.0243343 3.64498 -0.200564 -0.0249774 0.979362 271.1
0.979197 0.00986297 0.202673 185.507 -0.0141795 0.999702 0.0198573 3.64576 -0.202416 -0.022318 0.979045 291.183
0.979497 0.0150297 0.200895 196.488 -0.0190789 0.999652 0.0182348 4.31622 -0.200551 -0.0216937 0.979443 346.828
0.978465 0.0170262 0.205708 193.656 -0.0208093 0.999652 0.0162413 4.28396 -0.20536 -0.0201722 0.978479 334.667
0.978525 0.0118837 0.205786 192.23 -0.0158535 0.999718 0.0176527 4.10594 -0.205518 -0.020536 0.978438 325.906
0.977472 0.00726876 0.210938 194.481 -0.0110959 0.999795 0.0169655 4.24841 -0.210771 -0.0189239 0.977352 337.484
0.97704 -0.0004986 0.213055 193.807 -0.0027488 0.999885 0.0149455 4.22745 -0.213038 -0.015188 0.976926 334.375
0.977217 -0.0124181 0.211879 193.896 0.0090865 0.999819 0.0166907 4.2092 -0.212048 -0.0143852 0.977153 334.287
0.976928 -0.016245 0.212951 194.428 0.0126723 0.999755 0.0181318 4.24152 -0.213194 -0.0150149 0.976895 337.091
0.976285 -0.0133117 0.216081 194.377 0.00986588 0.999807 0.0170177 4.24295 -0.216266 -0.0144823 0.976227 336.965
0.97588 -0.00281119 0.218291 194.6 -0.00101682 0.999848 0.017422 4.25109 -0.218306 -0.0172237 0.975728 337.821
0.975956 0.00182042 0.217961 194.84 -0.00729866 0.999677 0.0243316 4.26041 -0.217847 -0.0253374 0.975654 339.001
0.974826 0.0102218 0.222732 194.974 -0.0161244 0.999565 0.0246983 4.26409 -0.222382 -0.027668 0.974567 339.634
0.974764 0.00616649 0.223151 195.158 -0.0107269 0.999758 0.0192302 4.27142 -0.222979 -0.0211386 0.974594 340.52
0.974896 -0.00773241 0.222528 195.361 0.00609689 0.999949 0.0080358 4.2694 -0.222578 -0.00647735 0.974893 341.369
0.974685 -0.0131948 0.223192 195.533 0.0139364 0.999901 -0.00174794 4.27514 -0.223147 0.00481418 0.974773 342.146
0.97479 -0.0128853 0.222752 195.717 0.0114148 0.999904 0.00788781 4.27641 -0.222832 -0.00514628 0.974843 342.996
0.975804 -0.00879245 0.218472 195.933 0.00235099 0.999555 0.0297267 4.2786 -0.218636 -0.0284938 0.97539 343.843
0.975654 -0.00257104 0.219299 196.091 -0.00696192 0.999064 0.0426863 4.29596 -0.219203 -0.0431738 0.974724 344.682
0.975614 0.00228044 0.219482 196.266 -0.0107728 0.999238 0.0375038 4.29456 -0.219229 -0.0389536 0.974896 345.497
0.97581 0.00423446 0.218579 196.416 -0.00888843 0.999754 0.0203131 4.32227 -0.218439 -0.0217645 0.975608 346.302
0.976208 -0.000411768 0.216837 196.586 -0.00257402 0.999906 0.0134872 4.32904 -0.216822 -0.0137244 0.976115 347.108
0.97676 -0.00711045 0.214216 196.78 0.00456526 0.999913 0.0123738 4.34884 -0.214285 -0.0111083 0.976708 347.914
0.976833 -0.00454906 0.213955 196.923 0.00144843 0.999892 0.0146464 4.34224 -0.213999 -0.0139972 0.976734 348.735
0.977429 -0.00591997 0.211182 197.092 0.00380831 0.999939 0.0104046 4.3618 -0.21123 -0.00936549 0.977391 349.539
0.978572 -0.00138116 0.205899 197.272 -0.000761152 0.999946 0.0103251 4.35717 -0.205903 -0.0102606 0.978519 350.337
0.978559 0.00442459 0.20592 197.41 -0.00641228 0.999939 0.00898635 4.34412 -0.205868 -0.0101141 0.978528 351.158
0.978828 0.0137764 0.204219 197.559 -0.0153545 0.999863 0.00614495 4.35462 -0.204107 -0.00915054 0.978906 351.947
0.979682 0.0106107 0.200276 197.72 -0.0126075 0.999883 0.00869738 4.33967 -0.20016 -0.0110457 0.979701 352.75
0.979657 0.00598847 0.200588 197.875 -0.00892691 0.999866 0.0137478 4.34485 -0.200479 -0.0152588 0.979579 353.556
0.979999 -0.00217742 0.198989 198.029 -0.000566892 0.999906 0.0137333 4.33766 -0.199 -0.0135714 0.979905 354.355
0.980116 -0.00289145 0.198405 198.173 0.000591528 0.999932 0.0116503 4.35557 -0.198425 -0.0113013 0.980051 355.152
0.980994 -0.0109727 0.193728 198.341 0.00959042 0.999921 0.00807182 4.34793 -0.193802 -0.00606047 0.981022 355.937
0.982328 -0.011288 0.186824 198.504 0.0100033 0.999919 0.00781762 4.34707 -0.186898 -0.00581061 0.982362 356.731
0.983397 -0.0100062 0.181191 198.643 0.00799899 0.999898 0.0118051 4.34785 -0.181291 -0.0101597 0.983377 357.535
0.984631 -0.0057325 0.174551 198.786 0.00195944 0.999761 0.0217805 4.33837 -0.174634 -0.0211038 0.984407 358.341
0.985305 -0.00712956 0.170656 198.914 0.00181646 0.999509 0.0312693 4.34759 -0.170795 -0.0304998 0.984834 359.149
0.986167 0.00126696 0.165752 199.042 -0.00679144 0.99944 0.0327672 4.35722 -0.165618 -0.0334396 0.985623 359.95
0.986731 0.00665437 0.162226 199.17 -0.0110829 0.99959 0.0264087 4.36082 -0.161984 -0.0278562 0.9864 360.741
0.987735 0.00675471 0.155996 199.28 -0.00952422 0.99981 0.0170131 4.37564 -0.155852 -0.0182901 0.987611 361.531
0.989022 -0.00635963 0.147629 199.403 0.00465402 0.999918 0.011896 4.39345 -0.147692 -0.0110783 0.988971 362.327
0.989706 -0.00648522 0.142966 199.505 0.00475692 0.999911 0.0124273 4.38837 -0.143034 -0.0116193 0.98965 363.136
0.990948 -0.00059284 0.134243 199.609 -0.0014516 0.999884 0.015131 4.39246 -0.134237 -0.0151889 0.990833 363.952
0.991999 0.00855922 0.125959 199.693 -0.0102362 0.999867 0.0126723 4.39202 -0.125834 -0.0138602 0.991955 364.765
0.993077 0.0124841 0.1168 199.783 -0.0133301 0.99989 0.00646521 4.39008 -0.116707 -0.00797741 0.993134 365.573
0.993982 0.0109807 0.10899 199.869 -0.0115154 0.999925 0.00427733 4.39202 -0.108935 -0.00550665 0.994034 366.385
0.994987 -0.00268709 0.0999698 199.945 0.00198869 0.999973 0.00708511 4.3861 -0.0999862 -0.00685078 0.994965 367.204
0.995675 0.00302561 0.092858 200.012 -0.00422451 0.99991 0.0127172 4.38153 -0.0928112 -0.0130545 0.995598 368.03
0.99636 0.00847364 0.0848261 200.065 -0.00996996 0.999802 0.0172319 4.384 -0.0846633 -0.0180149 0.996247 368.859
0.997076 0.00449271 0.076287 200.117 -0.00611375 0.99976 0.0210289 4.38542 -0.0761742 -0.0214338 0.996864 369.683
0.997459 0.00413101 0.0711187 200.169 -0.00574232 0.999731 0.022467 4.39244 -0.0710067 -0.0228183 0.997215 370.505
0.997789 0.000392967 0.0664544 200.223 -0.00175196 0.999791 0.0203929 4.39353 -0.0664325 -0.0204643 0.997581 371.327
0.998015 0.00557294 0.0627362 200.264 -0.00650845 0.999871 0.0147174 4.3951 -0.062646 -0.0150965 0.997922 372.146
0.998246 0.00742579 0.0587297 200.29 -0.00787709 0.999941 0.00745656 4.40125 -0.0586709 -0.0079061 0.998246 372.965
0.998316 0.0105303 0.0570405 200.31 -0.0108625 0.999926 0.00551619 4.39983 -0.0569781 -0.0061265 0.998357 373.782
0.998601 0.00282178 0.0527959 204.177 -0.00339947 0.999935 0.0108554 4.93995 -0.0527619 -0.0110197 0.998546 463.195
0.998727 0.00542061 0.050147 205.284 -0.00649309 0.999753 0.0212485 4.72377 -0.0500194 -0.0215471 0.998516 489.845
0.998869 0.00832375 0.0468143 205.408 -0.00965282 0.999555 0.0282362 4.89299 -0.0465584 -0.0286561 0.998504 497.918
0.999124 -0.000444202 0.0418454 200.117 -0.000613177 0.999681 0.0252525 2.27903 -0.0418433 -0.025256 0.998805 478.764
0.999215 -0.0160344 0.0362184 202.82 0.0155105 0.999772 0.0146996 3.60106 -0.0364458 -0.0141263 0.999236 489.567
0.999283 -0.0159121 0.0343601 201.533 0.0155949 0.999833 0.00948051 2.95697 -0.0345052 -0.00893786 0.999365 485.39
0.999677 0.000880279 0.0254143 202.204 -0.00115361 0.999942 0.0107423 3.28568 -0.0254033 -0.0107682 0.999619 488.715
0.999834 0.000647891 0.0182227 202.211 -0.000954206 0.999858 0.0168059 3.28427 -0.0182092 -0.0168205 0.999693 489.55
0.999932 -0.00267402 0.0113136 202.006 0.00244607 0.999795 0.0201147 3.18915 -0.011365 -0.0200857 0.999734 489.554
0.999845 -0.0170013 0.00465475 202.155 0.0168789 0.99954 0.0251807 3.26636 -0.00508072 -0.0250982 0.999672 490.95
0.999866 -0.0162588 -0.00162524 202.14 0.016293 0.999581 0.0239272 3.26512 0.00123553 -0.0239505 0.999712 491.7
0.999842 -0.0157839 -0.00818528 202.091 0.0159166 0.999738 0.0164202 3.24659 0.00792396 -0.0165478 0.999832 492.414
0.996246 -0.0845821 -0.018444 202.071 0.0848783 0.996264 0.0159124 3.30221 0.0170292 -0.0174181 0.999703 493.241
0.999513 -0.0218125 -0.0223008 202.084 0.021868 0.999758 0.00225055 3.28042 0.0222463 -0.00273713 0.999749 494.116
0.999542 -0.00645419 -0.0295771 202.06 0.00680945 0.999906 0.0119261 3.28693 0.0294974 -0.012122 0.999491 494.947
0.999395 0.00395362 -0.0345421 202.002 -0.0030755 0.999672 0.025438 3.29763 0.0346313 -0.0253163 0.999079 495.806
0.999083 0.0199381 -0.0378997 201.958 -0.0187552 0.999334 0.0313144 3.29767 0.0384988 -0.0305749 0.998791 496.668
0.998995 0.0146904 -0.0423529 201.922 -0.0134436 0.999472 0.0295745 3.3094 0.042765 -0.0289754 0.998665 497.508
0.998995 0.00678298 -0.0443022 201.874 -0.00596361 0.999809 0.0186012 3.32147 0.0444199 -0.0183183 0.998845 498.346
0.998845 0.0127477 -0.0463161 201.81 -0.0123269 0.99988 0.00935913 3.33001 0.0464298 -0.00877739 0.998883 499.184
0.998755 0.00949384 -0.0489718 201.76 -0.00921296 0.99994 0.00595808 3.33121 0.0490254 -0.00549949 0.998782 500.03
0.998673 0.0050523 -0.0512527 201.729 -0.00451351 0.999933 0.0106226 3.33331 0.051303 -0.0103772 0.998629 500.888
0.998665 -0.00670497 -0.0512118 201.684 0.00770084 0.999785 0.0192735 3.33547 0.0510716 -0.0196422 0.998502 501.75
0.998694 -0.00531159 -0.0508168 201.628 0.00658204 0.999669 0.024866 3.34376 0.0506679 -0.025168 0.998398 502.613
0.998619 0.00118131 -0.0525292 201.58 9.43346e-005 0.999705 0.0242753 3.34713 0.0525424 -0.0242467 0.998324 503.468
0.998546 0.00035102 -0.0539062 201.528 0.000424963 0.999896 0.0143829 3.35316 0.0539057 -0.0143849 0.998442 504.316
0.998307 -0.0118556 -0.0569416 201.496 0.0120089 0.999925 0.0023522 3.35207 0.0569094 -0.00303203 0.998375 505.162
0.998082 -0.020026 -0.0585692 201.48 0.0199259 0.999799 -0.00229351 3.34806 0.0586034 0.00112207 0.998281 506.01
0.998067 -0.0169286 -0.0597903 201.413 0.0171137 0.99985 0.00258476 3.34712 0.0597376 -0.003603 0.998208 506.871
0.998129 -0.00243826 -0.061096 201.347 0.00327103 0.999903 0.0135341 3.33951 0.061057 -0.0137086 0.99804 507.732
0.997915 0.00761446 -0.064091 201.293 -0.00650415 0.999825 0.0175149 3.33017 0.0642132 -0.0170615 0.99779 508.581
0.997901 0.00969726 -0.0640229 201.253 -0.00883867 0.999867 0.0136803 3.33487 0.0641471 -0.0130857 0.997855 509.421
0.997974 0.00132587 -0.0636115 201.183 -0.000848421 0.999971 0.00753217 3.33499 0.0636196 -0.00746294 0.997946 510.255
0.997911 0.00883857 -0.0639951 201.119 -0.00836329 0.999935 0.00769095 3.33613 0.0640589 -0.00713968 0.997921 511.094
0.997882 0.0111592 -0.0640898 201.05 -0.0105067 0.99989 0.0105104 3.33435 0.0642 -0.00981478 0.997889 511.934
0.997836 0.00692492 -0.0653876 200.994 -0.0059768 0.999874 0.0146845 3.32505 0.065481 -0.0142619 0.997752 512.772
0.997843 0.00778466 -0.0651889 200.931 -0.00666859 0.999828 0.0173207 3.32701 0.0653125 -0.0168486 0.997723 513.607
0.997829 0.00817078 -0.0653482 200.865 -0.00706337 0.999828 0.0171595 3.32974 0.0654771 -0.0166606 0.997715 514.439
