1 -8.22789e-007 -0.00085052 -0.0332714 -8.22789e-007 0.999998 -0.00193479 -0.0106501 0.00085052 0.00193479 0.999998 0.665833
1 -1.71017e-006 -0.000963462 -0.102903 -1.71017e-006 0.999994 -0.00355004 -0.0155367 0.000963462 0.00355004 0.999993 1.32564
0.99995 -2.10532e-005 -0.00997822 -0.112078 -2.10532e-005 0.999991 -0.00421972 -0.0327067 0.00997822 0.00421972 0.999941 1.99305
0.99995 -2.10532e-005 -0.00997822 -0.121254 -2.10532e-005 0.999991 -0.00421972 -0.0498766 0.00997822 0.00421972 0.999941 2.66047
0.999898 -2.95819e-005 -0.0142756 -0.133849 -2.95819e-005 0.999991 -0.00414417 -0.0592369 0.0142756 0.00414417 0.99989 3.36104
0.999864 -4.49715e-005 -0.0164619 -0.176181 -4.49715e-005 0.999985 -0.00546328 -0.065156 0.0164619 0.00546328 0.99985 4.06036
0.999772 -6.36651e-005 -0.0213636 -0.208285 -6.36651e-005 0.999982 -0.00595942 -0.0720295 0.0213636 0.00595942 0.999754 4.78399
0.999685 -5.12804e-005 -0.0250781 -0.239075 -5.12804e-005 0.999992 -0.00408901 -0.0821545 0.0250781 0.00408901 0.999677 5.52515
0.999581 -2.70582e-005 -0.0289337 -0.264599 -2.70582e-005 0.999998 -0.00186997 -0.0852843 0.0289337 0.00186997 0.99958 6.27327
0.999524 1.22319e-005 -0.0308623 -0.311299 1.22319e-005 1 0.000792484 -0.0941418 0.0308623 -0.000792484 0.999523 7.04033
0.999451 4.4038e-006 -0.0331204 -0.351874 4.4038e-006 1 0.000265854 -0.0999887 0.0331204 -0.000265854 0.999451 7.82323
0.99946 4.08799e-006 -0.0328653 -0.418332 4.08799e-006 1 0.000248705 -0.106505 0.0328653 -0.000248705 0.99946 8.61221
