1 -4.92894e-009 -7.73619e-006 -0.0241693 -4.92894e-009 0.999999 -0.00127425 -0.00537111 7.73619e-006 0.00127425 0.999999 0.626865
0.999998 -2.57183e-006 -0.00176124 -0.019429 -2.57183e-006 0.999996 -0.00292046 -0.0166664 0.00176124 0.00292046 0.999994 1.19718
0.999978 -1.25099e-005 -0.00669917 0.0397731 -1.25099e-005 0.999993 -0.00373471 -0.0434366 0.00669917 0.00373471 0.999971 1.76208
0.999969 -2.24549e-005 -0.00783096 0.00641591 -2.24549e-005 0.999984 -0.00573476 -0.0557314 0.00783096 0.00573476 0.999953 2.36528
0.99995 -4.09813e-005 -0.0100448 0.0177647 -4.09813e-005 0.999967 -0.00815934 -0.0559703 0.0100448 0.00815934 0.999916 2.87592
0.999926 -5.07888e-005 -0.0122043 0.0189655 -5.07888e-005 0.999965 -0.00832266 -0.0803217 0.0122043 0.00832266 0.999891 3.47741
0.999925 -5.12142e-005 -0.0122305 -0.0207979 -5.12142e-005 0.999965 -0.00837437 -0.0844361 0.0122305 0.00837437 0.99989 4.01669
0.999866 -7.00785e-005 -0.0163432 0.0157836 -7.00785e-005 0.999963 -0.00857511 -0.101044 0.0163432 0.00857511 0.99983 4.55401
0.999857 -9.60788e-005 -0.0169401 -0.0158943 -9.60788e-005 0.999936 -0.0113422 -0.118563 0.0169401 0.0113422 0.999792 5.11756
0.999847 -0.000131698 -0.0174722 -0.0399217 -0.000131698 0.999886 -0.0150731 -0.139968 0.0174722 0.0150731 0.999734 5.6719
0.999753 -0.000213311 -0.0222307 -0.024445 -0.000213311 0.999816 -0.0191865 -0.144345 0.0222307 0.0191865 0.999569 6.22591
0.999758 -0.000205823 -0.0219754 -0.0558346 -0.000205823 0.999825 -0.0187282 -0.171521 0.0219754 0.0187282 0.999583 6.76562
0.999768 -0.000127164 -0.0215516 -0.0802089 -0.000127164 0.99993 -0.0117991 -0.175454 0.0215516 0.0117991 0.999698 7.14614
0.999694 -1.79073e-005 -0.0247402 -0.0808669 -1.79073e-005 0.999999 -0.0014474 -0.17817 0.0247402 0.0014474 0.999693 7.80951
0.999691 6.55899e-005 -0.0248596 -0.0851132 6.55899e-005 0.999986 0.00527597 -0.181068 0.0248596 -0.00527597 0.999677 8.37999
0.999647 5.07906e-005 -0.0265813 -0.115787 5.07906e-005 0.999993 0.00382084 -0.187072 0.0265813 -0.00382084 0.999639 8.93775
0.999619 -4.41758e-005 -0.027591 -0.137144 -4.41758e-005 0.999995 -0.00320157 -0.19233 0.027591 0.00320157 0.999614 9.51512
0.999617 -0.000125661 -0.0276739 -0.156012 -0.000125661 0.999959 -0.00907962 -0.203045 0.0276739 0.00907962 0.999576 10.1014
0.999594 -0.000109318 -0.0285024 -0.192367 -0.000109318 0.999971 -0.00766915 -0.21938 0.0285024 0.00766915 0.999564 10.7496
0.999587 2.51931e-005 -0.028751 -0.208586 2.51931e-005 0.999998 0.00175214 -0.224688 0.028751 -0.00175214 0.999585 11.3388
0.999579 0.000131125 -0.02901 -0.230752 0.000131125 0.999959 0.00903789 -0.217128 0.02901 -0.00903789 0.999538 11.9479
0.99955 0.000171569 -0.0299964 -0.239368 0.000171569 0.999935 0.0114364 -0.209409 0.0299964 -0.0114364 0.999485 12.3621
0.999549 0.000154197 -0.0300155 -0.269342 0.000154197 0.999947 0.0102719 -0.208988 0.0300155 -0.0102719 0.999497 13.1339
0.999594 0.000112176 -0.0284956 -0.309886 0.000112176 0.999969 0.00787149 -0.212282 0.0284956 -0.00787149 0.999563 13.7421
0.99957 6.17711e-005 -0.0293162 -0.305435 6.17711e-005 0.999991 0.00421321 -0.211843 0.0293162 -0.00421321 0.999561 14.3511
0.999615 -1.66737e-005 -0.0277573 -0.336027 -1.66737e-005 0.999999 -0.00120116 -0.22381 0.0277573 0.00120116 0.999614 15.0007
0.999633 -0.000106867 -0.0271054 -0.336661 -0.000106867 0.999969 -0.0078837 -0.229594 0.0271054 0.0078837 0.999601 15.6448
0.999663 -0.000171246 -0.0259585 -0.365174 -0.000171246 0.999913 -0.0131911 -0.253707 0.0259585 0.0131911 0.999576 16.3685
0.999664 -0.000181475 -0.0259064 -0.386081 -0.000181475 0.999902 -0.014007 -0.272253 0.0259064 0.014007 0.999566 17.0105
0.999645 -0.000180933 -0.0266367 -0.395287 -0.000180933 0.999908 -0.0135822 -0.289864 0.0266367 0.0135822 0.999553 17.7496
0.999658 -0.000195604 -0.0261665 -0.428688 -0.000195604 0.999888 -0.0149473 -0.307593 0.0261665 0.0149473 0.999546 18.4919
0.999636 -0.000224914 -0.0269733 -0.443188 -0.000224914 0.999861 -0.0166726 -0.331979 0.0269733 0.0166726 0.999497 19.2408
0.999653 -0.000231607 -0.02635 -0.479064 -0.000231607 0.999846 -0.0175748 -0.353751 0.02635 0.0175748 0.999498 19.9864
0.999661 -0.000223489 -0.0260447 -0.502295 -0.000223489 0.999853 -0.0171578 -0.382596 0.0260447 0.0171578 0.999514 20.7417
0.999677 -0.000223073 -0.0254117 -0.553352 -0.000223073 0.999846 -0.0175526 -0.398696 0.0254117 0.0175526 0.999523 21.5287
0.999683 -0.000220039 -0.0251597 -0.573859 -0.000220039 0.999847 -0.0174873 -0.423204 0.0251597 0.0174873 0.99953 22.3028
0.999666 -0.000207734 -0.0258443 -0.591134 -0.000207734 0.999871 -0.0160721 -0.452941 0.0258443 0.0160721 0.999537 23.1225
0.999619 -0.000198219 -0.0275835 -0.602666 -0.000198219 0.999897 -0.0143688 -0.471743 0.0275835 0.0143688 0.999516 23.9103
0.999631 -0.000180457 -0.0271451 -0.638877 -0.000180457 0.999912 -0.0132927 -0.490459 0.0271451 0.0132927 0.999543 24.7268
0.999599 -0.000199701 -0.0283201 -0.651235 -0.000199701 0.999901 -0.0140996 -0.516697 0.0283201 0.0140996 0.999499 25.5488
0.999638 -0.000202788 -0.0268857 -0.708638 -0.000202788 0.999886 -0.0150816 -0.539084 0.0268857 0.0150816 0.999525 26.3708
0.999647 -0.000191453 -0.0265655 -0.729608 -0.000191453 0.999896 -0.0144103 -0.563519 0.0265655 0.0144103 0.999543 27.2124
0.999602 -0.000164282 -0.0282 -0.752015 -0.000164282 0.999932 -0.0116485 -0.585312 0.0282 0.0116485 0.999534 28.0478
0.999602 -0.000116095 -0.0282247 -0.786229 -0.000116095 0.999966 -0.0082247 -0.599028 0.0282247 0.0082247 0.999568 28.9037
0.999596 -8.27226e-005 -0.028423 -0.822112 -8.27226e-005 0.999983 -0.00581959 -0.616102 0.028423 0.00581959 0.999579 29.7615
0.999539 -7.46091e-005 -0.0303592 -0.82524 -7.46091e-005 0.999988 -0.00491393 -0.638833 0.0303592 0.00491393 0.999527 30.6249
0.999565 -0.000100645 -0.0294802 -0.874981 -0.000100645 0.999977 -0.0068264 -0.650971 0.0294802 0.0068264 0.999542 31.5
0.999545 -0.000109101 -0.0301599 -0.9107 -0.000109101 0.999974 -0.00723306 -0.672659 0.0301599 0.00723306 0.999519 32.3778
0.999539 -9.05894e-005 -0.0303644 -0.95077 -9.05894e-005 0.999982 -0.00596538 -0.694611 0.0303644 0.00596538 0.999521 33.2658
0.999505 -6.55498e-005 -0.0314706 -0.979569 -6.55498e-005 0.999991 -0.00416473 -0.710115 0.0314706 0.00416473 0.999496 34.1601
0.999461 -2.43275e-005 -0.0328373 -1.0001 -2.43275e-005 0.999999 -0.0014813 -0.728072 0.0328373 0.0014813 0.99946 35.0619
0.999463 -3.07635e-005 -0.0327815 -1.04444 -3.07635e-005 0.999998 -0.00187638 -0.739347 0.0327815 0.00187638 0.999461 35.9714
0.999432 -9.06973e-005 -0.0337037 -1.07349 -9.06973e-005 0.999986 -0.00538048 -0.765598 0.0337037 0.00538048 0.999417 36.887
0.999432 -0.000156578 -0.0337025 -1.10959 -0.000156578 0.999957 -0.0092889 -0.792191 0.0337025 0.0092889 0.999389 37.8107
0.999444 -0.000162533 -0.0333396 -1.14988 -0.000162533 0.999952 -0.0097472 -0.818383 0.0333396 0.0097472 0.999397 38.7409
0.999447 -0.00011453 -0.0332541 -1.18853 -0.00011453 0.999976 -0.0068862 -0.846189 0.0332541 0.0068862 0.999423 39.6785
0.999485 -7.54676e-005 -0.0320876 -1.23679 -7.54676e-005 0.999989 -0.00470261 -0.863701 0.0320876 0.00470261 0.999474 40.6234
0.999465 -6.01849e-005 -0.0327158 -1.25862 -6.01849e-005 0.999993 -0.00367826 -0.876526 0.0327158 0.00367826 0.999458 41.5764
0.99951 -6.9609e-005 -0.031313 -1.31275 -6.9609e-005 0.99999 -0.00444491 -0.902049 0.031313 0.00444491 0.9995 42.5355
0.99948 -0.000104247 -0.0322385 -1.32621 -0.000104247 0.999979 -0.00646549 -0.918216 0.0322385 0.00646549 0.999459 43.5033
0.999521 -0.000135171 -0.0309474 -1.37588 -0.000135171 0.999962 -0.00873324 -0.946146 0.0309474 0.00873324 0.999483 44.4771
0.999533 -0.000170067 -0.0305447 -1.41363 -0.000170067 0.999938 -0.0111327 -0.981798 0.0305447 0.0111327 0.999471 45.4584
0.999524 -0.000227434 -0.0308504 -1.44321 -0.000227434 0.999891 -0.01474 -1.01263 0.0308504 0.01474 0.999415 46.4447
0.99955 -0.000244474 -0.0299964 -1.48314 -0.000244474 0.999867 -0.0162955 -1.05081 0.0299964 0.0162955 0.999417 47.4408
0.99954 -0.000215819 -0.0303234 -1.51474 -0.000215819 0.999899 -0.0142305 -1.08243 0.0303234 0.0142305 0.999439 48.4412
0.999544 -0.000130586 -0.0302064 -1.54162 -0.000130586 0.999963 -0.00864412 -1.10441 0.0302064 0.00864412 0.999506 49.4487
0.999558 -3.75192e-005 -0.0297403 -1.57429 -3.75192e-005 0.999997 -0.00252256 -1.12132 0.0297403 0.00252256 0.999554 50.4673
0.999569 -3.01024e-005 -0.0293472 -1.60529 -3.01024e-005 0.999998 -0.00205103 -1.12939 0.0293472 0.00205103 0.999567 51.4891
0.999583 -7.34154e-005 -0.0288828 -1.64129 -7.34154e-005 0.999987 -0.00508258 -1.14822 0.0288828 0.00508258 0.99957 52.5201
0.999561 -0.000122991 -0.029637 -1.66229 -0.000122991 0.999966 -0.00829784 -1.18261 0.029637 0.00829784 0.999526 53.5562
0.999589 -0.000176876 -0.028662 -1.71904 -0.000176876 0.999924 -0.0123392 -1.2168 0.028662 0.0123392 0.999513 54.5999
0.999576 -0.000240121 -0.0291149 -1.74962 -0.000240121 0.999864 -0.0164901 -1.25591 0.0291149 0.0164901 0.99944 55.6493
0.999575 -0.000249095 -0.029149 -1.76901 -0.000249095 0.999854 -0.0170863 -1.29588 0.029149 0.0170863 0.999429 56.7042
0.999611 -0.00018716 -0.0278941 -1.82196 -0.00018716 0.99991 -0.0134162 -1.32933 0.0278941 0.0134162 0.999521 57.7144
0.9996 -0.000158561 -0.028283 -1.84793 -0.000158561 0.999937 -0.0112099 -1.35235 0.028283 0.0112099 0.999537 58.785
0.999598 -0.000147365 -0.0283593 -1.8753 -0.000147365 0.999946 -0.0103904 -1.37579 0.0283593 0.0103904 0.999544 59.7517
0.999571 -0.000123135 -0.0292815 -1.9021 -0.000123135 0.999965 -0.00840846 -1.43877 0.0292815 0.00840846 0.999536 60.8473
0.999639 -0.000112749 -0.0268529 -2.03262 -0.000112749 0.999965 -0.00839589 -1.42904 0.0268529 0.00839589 0.999604 61.8944
0.999578 -8.59805e-005 -0.0290464 -1.99233 -8.59805e-005 0.999982 -0.00591892 -1.46648 0.0290464 0.00591892 0.999561 62.9378
0.999545 -5.23304e-005 -0.0301707 -2.01651 -5.23304e-005 0.999994 -0.00346815 -1.51264 0.0301707 0.00346815 0.999539 64.0172
0.999537 -7.31332e-005 -0.0304225 -2.11397 -7.31332e-005 0.999988 -0.00480669 -1.52115 0.0304225 0.00480669 0.999526 65.0811
0.99948 -0.000144406 -0.0322323 -2.08926 -0.000144406 0.99996 -0.00895782 -1.54899 0.0322323 0.00895782 0.99944 66.1789
0.999485 -0.000170722 -0.0320996 -2.15605 -0.000170722 0.999943 -0.0106339 -1.59569 0.0320996 0.0106339 0.999428 67.2479
0.99947 -0.000146082 -0.0325395 -2.21448 -0.000146082 0.99996 -0.00897616 -1.62597 0.0325395 0.00897616 0.99943 68.3344
0.999461 -7.96274e-005 -0.0328246 -2.27215 -7.96274e-005 0.999988 -0.00485036 -1.64394 0.0328246 0.00485036 0.999449 69.4418
0.999448 -1.04408e-005 -0.0332296 -2.32729 -1.04408e-005 1 -0.000628232 -1.66562 0.0332296 0.000628232 0.999448 70.5367
0.99941 -2.03226e-006 -0.0343389 -2.35587 -2.03226e-006 1 -0.00011833 -1.67578 0.0343389 0.00011833 0.99941 71.6472
0.999343 -2.56148e-005 -0.0362382 -2.3844 -2.56148e-005 0.999999 -0.00141323 -1.71148 0.0362382 0.00141323 0.999342 72.7484
0.999473 -2.75379e-005 -0.0324616 -2.56981 -2.75379e-005 0.999999 -0.00169619 -1.736 0.0324616 0.00169619 0.999472 73.8423
0.999477 -4.70742e-005 -0.0323325 -2.6001 -4.70742e-005 0.999996 -0.00291111 -1.75171 0.0323325 0.00291111 0.999473 74.9694
0.999442 -3.54839e-005 -0.033391 -2.64765 -3.54839e-005 0.999998 -0.00212476 -1.78313 0.033391 0.00212476 0.99944 76.0866
0.999434 -1.07225e-005 -0.033641 -2.6963 -1.07225e-005 1 -0.000637284 -1.80941 0.033641 0.000637284 0.999434 77.2095
0.999398 3.22263e-005 -0.0346892 -2.74023 3.22263e-005 0.999998 0.00185744 -1.83029 0.0346892 -0.00185744 0.999396 78.3094
0.999344 5.48397e-005 -0.0362273 -2.74075 5.48397e-005 0.999995 0.00302653 -1.83951 0.0362273 -0.00302653 0.999339 78.6258
0.999312 5.98358e-005 -0.0370896 -2.8261 5.98358e-005 0.999995 0.00322544 -1.86492 0.0370896 -0.00322544 0.999307 80.2042
0.999173 4.12317e-005 -0.0406613 -2.87349 4.12317e-005 0.999998 0.00202721 -1.88239 0.0406613 -0.00202721 0.999171 81.0798
0.998997 2.90131e-005 -0.0447723 -2.90931 2.90131e-005 0.999999 0.00129538 -1.90768 0.0447723 -0.00129538 0.998996 81.9756
0.998899 3.41231e-005 -0.0469116 -2.98702 3.41231e-005 0.999999 0.00145398 -1.92835 0.0469116 -0.00145398 0.998898 83.0134
0.9987 6.45158e-005 -0.0509738 -3.03282 6.45158e-005 0.999997 0.00252969 -1.9488 0.0509738 -0.00252969 0.998697 83.895
0.998564 0.000100418 -0.0535732 -3.10745 0.000100418 0.999993 0.0037461 -1.96986 0.0535732 -0.0037461 0.998557 84.9134
0.998394 0.000175758 -0.0566589 -3.151 0.000175758 0.999981 0.00619903 -2.00536 0.0566589 -0.00619903 0.998374 85.7293
0.998271 0.000189606 -0.0587722 -3.23386 0.000189606 0.999979 0.0064466 -2.00802 0.0587722 -0.0064466 0.998251 86.6737
0.998084 0.000221902 -0.0618683 -3.29326 0.000221902 0.999974 0.0071664 -2.027 0.0618683 -0.0071664 0.998059 87.5454
0.997983 0.000187842 -0.0634857 -3.38891 0.000187842 0.999983 0.00591158 -2.04208 0.0634857 -0.00591158 0.997965 88.3664
0.997735 8.59867e-005 -0.0672711 -3.405 8.59867e-005 0.999997 0.00255352 -2.06488 0.0672711 -0.00255352 0.997731 89.1115
0.99754 -8.76095e-006 -0.0701016 -3.46572 -8.76095e-006 1 -0.000249643 -2.08082 0.0701016 0.000249643 0.99754 89.5555
0.997455 -0.000114685 -0.0712936 -3.51164 -0.000114685 0.999995 -0.00321314 -2.09235 0.0712936 0.00321314 0.99745 90.0203
0.997256 -0.000132694 -0.0740319 -3.55248 -0.000132694 0.999994 -0.00357986 -2.1238 0.0740319 0.00357986 0.997249 90.938
0.99744 -0.000108913 -0.0715146 -3.64436 -0.000108913 0.999995 -0.00304198 -2.13872 0.0715146 0.00304198 0.997435 91.5107
0.997578 -4.92456e-005 -0.0695554 -3.6635 -4.92456e-005 0.999999 -0.0014143 -2.15043 0.0695554 0.0014143 0.997577 92.0813
0.997959 1.17186e-005 -0.0638568 -3.71476 1.17186e-005 1 0.000366654 -2.16464 0.0638568 -0.000366654 0.997959 92.7014
0.998408 7.29842e-005 -0.0563963 -3.74134 7.29842e-005 0.999997 0.0025862 -2.17825 0.0563963 -0.0025862 0.998405 93.3405
0.998904 0.000124173 -0.0468138 -3.75799 0.000124173 0.999986 0.00530204 -2.18704 0.0468138 -0.00530204 0.99889 93.792
0.999379 0.000117753 -0.0352416 -3.75358 0.000117753 0.999978 0.00668049 -2.19048 0.0352416 -0.00668049 0.999356 94.0227
0.999759 7.8026e-005 -0.0219687 -3.74695 7.8026e-005 0.999975 0.00710243 -2.19324 0.0219687 -0.00710243 0.999733 94.2117
0.999976 2.31401e-005 -0.00688265 -3.73912 2.31401e-005 0.999977 0.00672402 -2.20055 0.00688265 -0.00672402 0.999954 94.4897
0.99994 -2.26423e-005 0.0109754 -3.71456 -2.26423e-005 0.999991 0.00412586 -2.20922 -0.0109754 -0.00412586 0.999931 94.8617
0.999484 2.20743e-008 0.0321344 -3.6816 2.20743e-008 1 -1.37351e-006 -2.21555 -0.0321344 1.37351e-006 0.999484 95.1338
0.998407 0.000116274 0.0564153 -3.64946 0.000116274 0.999992 -0.00411877 -2.22284 -0.0564153 0.00411877 0.998399 95.3741
0.996525 0.000257857 0.0832967 -3.58999 0.000257857 0.999981 -0.00618047 -2.2319 -0.0832967 0.00618047 0.996506 95.6896
0.993561 0.000374582 0.113294 -3.51401 0.000374582 0.999978 -0.00659119 -2.24194 -0.113294 0.00659119 0.99354 96.0237
0.989361 0.000575758 0.14548 -3.46636 0.000575758 0.999969 -0.00787307 -2.24283 -0.14548 0.00787307 0.98933 96.19
0.983485 0.000779478 0.180985 -3.35935 0.000779478 0.999963 -0.00854242 -2.25404 -0.180985 0.00854242 0.983449 96.5241
0.975743 0.000889494 0.218918 -3.24265 0.000889494 0.999967 -0.00802757 -2.26263 -0.218918 0.00802757 0.97571 96.8156
0.965913 0.00108711 0.258865 -3.11778 0.00108711 0.999965 -0.00825576 -2.27035 -0.258865 0.00825576 0.965878 97.0856
0.953817 0.00141119 0.300383 -2.98203 0.00141119 0.999957 -0.00917878 -2.27992 -0.300383 0.00917878 0.953774 97.3646
0.938741 0.00184843 0.344619 -2.84068 0.00184843 0.999944 -0.0103985 -2.28783 -0.344619 0.0103985 0.938685 97.6196
0.921418 0.0019224 0.388568 -2.65144 0.0019224 0.999953 -0.00950577 -2.29506 -0.388568 0.00950577 0.921371 97.9087
0.901412 0.00180793 0.432959 -2.46424 0.00180793 0.999967 -0.0079397 -2.30254 -0.432959 0.0079397 0.901379 98.1625
0.87834 0.00202048 0.478033 -2.26663 0.00202048 0.999966 -0.00793897 -2.31207 -0.478033 0.00793897 0.878306 98.4102
0.854273 0.0025865 0.519818 -2.03236 0.0025865 0.999954 -0.00922623 -2.32291 -0.519818 0.00922623 0.854227 98.6447
0.826917 0.00373366 0.562312 -1.79929 0.00373366 0.999919 -0.0121299 -2.33841 -0.562312 0.0121299 0.826836 98.8778
0.796845 0.00571537 0.604157 -1.54823 0.00571537 0.999839 -0.0169968 -2.35242 -0.604157 0.0169968 0.796684 99.1062
0.76391 0.00838507 0.645269 -1.28996 0.00838507 0.999702 -0.0229176 -2.359 -0.645269 0.0229176 0.763612 99.3106
0.727074 0.0109088 0.686472 -1.01889 0.0109088 0.999564 -0.0274383 -2.37952 -0.686472 0.0274383 0.726638 99.5139
0.689475 0.0122903 0.724205 -0.742653 0.0122903 0.999514 -0.0286633 -2.38291 -0.724205 0.0286633 0.688988 99.6685
0.647984 0.0117343 0.761564 -0.473085 0.0117343 0.999609 -0.0253863 -2.39748 -0.761564 0.0253863 0.647593 99.7978
0.606146 0.0110927 0.795276 -0.155951 0.0110927 0.999688 -0.0223985 -2.40469 -0.795276 0.0223985 0.605834 99.993
0.559947 0.0121252 0.82844 0.0998494 0.0121252 0.999666 -0.0228268 -2.39961 -0.82844 0.0228268 0.559613 100.068
0.514379 0.0105697 0.857498 0.410347 0.0105697 0.99977 -0.0186638 -2.42432 -0.857498 0.0186638 0.514149 100.221
0.462524 0.0102099 0.886548 0.739787 0.0102099 0.999806 -0.0168408 -2.43817 -0.886548 0.0168408 0.46233 100.315
0.411956 0.0124598 0.911119 1.06242 0.0124598 0.999736 -0.0193053 -2.43862 -0.911119 0.0193053 0.411692 100.397
0.361892 0.0163413 0.932077 1.38631 0.0163413 0.999582 -0.0238696 -2.4393 -0.932077 0.0238696 0.361474 100.436
0.310808 0.0210314 0.95024 1.73464 0.0210314 0.999358 -0.0289976 -2.45525 -0.95024 0.0289976 0.310166 100.488
0.264413 0.0219751 0.964159 2.06695 0.0219751 0.999344 -0.0288036 -2.46543 -0.964159 0.0288036 0.263756 100.588
0.222925 0.0182463 0.974665 2.42596 0.0182463 0.999572 -0.0228858 -2.48475 -0.974665 0.0228858 0.222496 100.562
0.187399 0.0140916 0.982183 2.77129 0.0140916 0.999756 -0.0170323 -2.49289 -0.982183 0.0170323 0.187155 100.582
0.156737 0.0116893 0.987571 3.13989 0.0116893 0.999838 -0.0136896 -2.49576 -0.987571 0.0136896 0.156575 100.609
0.129137 0.0142898 0.991524 3.51148 0.0142898 0.999766 -0.0162697 -2.51125 -0.991524 0.0162697 0.128902 100.614
0.104015 0.0203825 0.994367 3.89547 0.0203825 0.999536 -0.0226206 -2.51127 -0.994367 0.0226206 0.103551 100.638
0.0806472 0.0247552 0.996435 4.29082 0.0247552 0.999333 -0.0268308 -2.51501 -0.996435 0.0268308 0.0799806 100.65
0.0577189 0.0228364 0.998072 4.66074 0.0228364 0.999447 -0.0241885 -2.53004 -0.998072 0.0241885 0.0571655 100.648
0.0376631 0.0153929 0.999172 5.07679 0.0153929 0.999754 -0.0159821 -2.54313 -0.999172 0.0159821 0.0374169 100.617
0.019949 0.0109669 0.999741 5.51003 0.0109669 0.999877 -0.0111873 -2.55611 -0.999741 0.0111873 0.0198263 100.605
0.00522349 0.012044 0.999914 5.95415 0.012044 0.999854 -0.0121062 -2.56637 -0.999914 0.0121062 0.00507767 100.598
-0.00547739 0.0143599 0.999882 6.37265 0.0143599 0.999795 -0.01428 -2.57418 -0.999882 0.01428 -0.00568248 100.584
-0.0118528 0.012741 0.999849 6.83094 0.012741 0.99984 -0.0125898 -2.59229 -0.999849 0.0125898 -0.0120132 100.562
-0.0144402 0.00603215 0.999878 7.30942 0.00603215 0.999964 -0.00594555 -2.59814 -0.999878 0.00594555 -0.014476 100.543
-0.0143805 0.0048943 0.999885 7.7919 0.0048943 0.999976 -0.00482436 -2.59229 -0.999885 0.00482436 -0.0144041 100.547
-0.0129158 0.00576768 0.9999 8.29478 0.00576768 0.999967 -0.00569356 -2.59444 -0.9999 0.00569356 -0.0129487 100.543
-0.0114723 0.0108591 0.999875 8.81173 0.0108591 0.999883 -0.0107346 -2.60463 -0.999875 0.0107346 -0.0115889 100.553
-0.009706 0.010158 0.999901 9.20582 0.010158 0.999898 -0.0100594 -2.61396 -0.999901 0.0100594 -0.00980819 100.545
-0.00849281 0.0106005 0.999908 9.78569 0.0106005 0.999889 -0.0105103 -2.6231 -0.999908 0.0105103 -0.00860423 100.541
-0.00771742 0.010726 0.999913 10.345 0.010726 0.999886 -0.0106429 -2.63757 -0.999913 0.0106429 -0.00783158 100.542
-0.00794457 0.0132576 0.999881 10.876 0.0132576 0.999826 -0.0131515 -2.66319 -0.999881 0.0131515 -0.00811895 100.561
-0.0067501 0.0118643 0.999907 11.4594 0.0118643 0.99986 -0.0117837 -2.66021 -0.999907 0.0117837 -0.00688992 100.552
-0.00789384 0.012087 0.999896 12.0477 0.012087 0.999855 -0.0119911 -2.67415 -0.999896 0.0119911 -0.0080388 100.554
-0.00849195 0.0149548 0.999852 12.6798 0.0149548 0.999778 -0.0148267 -2.69498 -0.999852 0.0148267 -0.00871371 100.535
-0.00964111 0.0159418 0.999826 13.3081 0.0159418 0.999748 -0.0157869 -2.70878 -0.999826 0.0157869 -0.00989282 100.547
-0.0110837 0.0133095 0.99985 13.9594 0.0133095 0.999825 -0.0131617 -2.72044 -0.99985 0.0131617 -0.0112589 100.534
-0.0125585 0.0127266 0.99984 14.4882 0.0127266 0.99984 -0.0125667 -2.73347 -0.99984 0.0125667 -0.0127185 100.533
-0.0142217 0.0148968 0.999788 15.2132 0.0148968 0.999781 -0.0146848 -2.75913 -0.999788 0.0146848 -0.0144405 100.536
-0.0155972 0.0179461 0.999717 15.9263 0.0179461 0.999683 -0.0176655 -2.76378 -0.999717 0.0176655 -0.0159143 100.533
-0.0162072 0.0177159 0.999712 16.5906 0.0177159 0.999691 -0.0174284 -2.80003 -0.999712 0.0174284 -0.016516 100.51
-0.0172726 0.0167114 0.999711 17.3075 0.0167114 0.999725 -0.0164229 -2.83015 -0.999711 0.0164229 -0.0175471 100.502
-0.0194813 0.0212101 0.999585 18.0156 0.0212101 0.999559 -0.0207962 -2.85028 -0.999585 0.0207962 -0.0199226 100.512
-0.0194023 0.0237691 0.999529 18.7811 0.0237691 0.999446 -0.0233057 -2.87315 -0.999529 0.0233057 -0.0199565 100.486
-0.0207614 0.0265307 0.999432 19.5073 0.0265307 0.99931 -0.0259763 -2.88744 -0.999432 0.0259763 -0.0214509 100.502
-0.0197709 0.0291313 0.99938 19.6435 0.0291313 0.999168 -0.0285488 -2.89926 -0.99938 0.0285488 -0.020603 100.484
-0.0194917 0.0306509 0.99934 20.6517 0.0306509 0.999078 -0.0300451 -2.92345 -0.99934 0.0300451 -0.0204132 100.468
-0.0197726 0.0296811 0.999364 21.3516 0.0296811 0.999136 -0.0290871 -2.968 -0.999364 0.0290871 -0.0206365 100.476
-0.018194 0.0260511 0.999495 21.5389 0.0260511 0.999333 -0.0255727 -2.9932 -0.999495 0.0255727 -0.0188605 100.454
-0.0187832 0.0233739 0.99955 22.1816 0.0233739 0.999464 -0.0229326 -3.02801 -0.99955 0.0229326 -0.0193195 100.457
-0.0189725 0.027183 0.99945 22.8517 0.027183 0.999275 -0.0266623 -3.07241 -0.99945 0.0266623 -0.0196977 100.462
-0.016395 0.0194743 0.999676 23.5723 0.0194743 0.999627 -0.019154 -3.07585 -0.999676 0.019154 -0.0167681 100.435
-0.0163061 0.0182674 0.9997 24.147 0.0182674 0.999672 -0.0179689 -3.07661 -0.9997 0.0179689 -0.0166344 100.426
-0.0163699 0.0175386 0.999712 24.772 0.0175386 0.999697 -0.0172512 -3.10533 -0.999712 0.0172512 -0.0166726 100.417
-0.0160613 0.0216153 0.999637 25.5513 0.0216153 0.99954 -0.0212659 -3.13804 -0.999637 0.0212659 -0.0165211 100.402
-0.0192607 0.0248119 0.999507 26.2169 0.0248119 0.999396 -0.024331 -3.16491 -0.999507 0.024331 -0.0198647 100.404
