0.999993 -0.00137303 -0.00338692 -0.00590868 0.00136543 0.999997 -0.0022434 -0.00116763 0.00338999 0.00223876 0.999992 0.65323
0.999969 0.00150517 -0.00770404 -0.00875145 -0.00153926 0.999989 -0.00442198 0.00633033 0.0076973 0.0044337 0.999961 0.673171
0.999936 0.000624726 -0.0112949 -0.0184325 -0.000691542 0.999982 -0.00591268 -0.00441631 0.011291 0.00592011 0.999919 0.680627
0.999867 0.00236063 -0.016125 -0.0180198 -0.00247005 0.999974 -0.00676944 -0.00393372 0.0161086 0.00680837 0.999847 0.692515
0.999808 -0.000416222 -0.0196124 -0.0268385 0.000279437 0.999976 -0.00697666 -0.010215 0.0196148 0.00696984 0.999783 0.707465
0.999693 0.00244994 -0.0246709 -0.0217039 -0.00264368 0.999966 -0.00782345 -0.0122726 0.0246509 0.00788626 0.999665 0.71378
0.999528 0.00287523 -0.0305983 -0.0203392 -0.00313042 0.999961 -0.00829515 -0.00943919 0.0305733 0.00838702 0.999497 0.733873
0.999397 0.00122735 -0.0347034 -0.0360228 -0.00146442 0.999976 -0.00680663 -0.00723222 0.0346942 0.00685335 0.999374 0.735603
0.999229 7.98741e-006 -0.0392667 -0.0331624 -0.000156492 0.999993 -0.00377887 -0.0117282 0.0392664 0.0037821 0.999222 0.741765
0.999093 -0.000295307 -0.0425808 -0.0388214 0.000261559 1 -0.000798143 -0.0146175 0.042581 0.000786282 0.999093 0.753031
0.999015 0.00285147 -0.0442917 -0.052469 -0.00292273 0.999995 -0.00154429 -0.00646513 0.044287 0.00167222 0.999017 0.772366
0.998911 -0.00111289 -0.0466506 -0.0375572 0.00104321 0.999998 -0.00151805 -0.00886737 0.0466522 0.00146773 0.99891 0.772166
0.998845 -0.00272364 -0.0479676 -0.04544 0.0025985 0.999993 -0.00267095 -0.000820111 0.0479745 0.00254322 0.998845 0.791826
0.998746 -0.000514072 -0.0500537 -0.0386131 0.000426594 0.999998 -0.00175836 -0.00958951 0.0500545 0.0017348 0.998745 0.781621
0.99866 -0.000601588 -0.0517493 -0.0418159 0.00050262 0.999998 -0.00192544 -0.0115621 0.0517504 0.00189685 0.998658 0.80146
0.998528 0.00136006 -0.0542131 -0.041105 -0.00158383 0.99999 -0.00408491 -0.0104381 0.054207 0.00416476 0.998521 0.819534
0.998558 0.00120458 -0.053671 -0.0672388 -0.00160569 0.999971 -0.00743114 -0.000122723 0.0536605 0.0075066 0.998531 0.813166
0.998495 0.00565494 -0.0545579 -0.063464 -0.00613595 0.999944 -0.00865313 -0.0118645 0.0545059 0.00897487 0.998473 0.813032
0.998408 -1.60138e-005 -0.0564013 -0.0411497 -0.00046205 0.999964 -0.00846305 -0.0101004 0.0563995 0.00847564 0.998372 0.828106
0.998404 -0.000371489 -0.0564662 -0.0661249 -4.03783e-005 0.999973 -0.00729272 -0.0114519 0.0564674 0.00728337 0.998378 0.841709
0.998323 -0.000345832 -0.057886 -0.0500073 5.95225e-006 0.999983 -0.00587161 -0.0131909 0.057887 0.00586142 0.998306 0.822756
0.998306 0.000385163 -0.0581774 -0.059063 -0.00074912 0.99998 -0.00623429 -0.00678355 0.0581738 0.00626731 0.998287 0.807612
0.998233 0.000591404 -0.0594244 -0.0589185 -0.00103468 0.999972 -0.00742902 -0.00575241 0.0594183 0.00747737 0.998205 0.824127
0.998159 -0.00118151 -0.0606481 -0.0473254 0.000673718 0.999965 -0.00839253 -0.010829 0.0606558 0.00833622 0.998124 0.804787
0.998121 -0.000583938 -0.0612757 -0.0514603 0.000158693 0.999976 -0.0069445 -0.009408 0.0612783 0.00692172 0.998097 0.824592
0.998165 0.00173465 -0.0605289 -0.0637762 -0.00195847 0.999991 -0.00363865 -0.0106094 0.060522 0.00375052 0.99816 0.843777
0.998207 0.000901285 -0.0598527 -0.0547372 -0.000913871 1 -0.000182913 -0.00916356 0.0598525 0.000237283 0.998207 0.864471
0.99831 -0.00166447 -0.0580971 -0.0531861 0.00179763 0.999996 0.0022398 -0.00537292 0.0580931 -0.00234045 0.998308 0.884637
0.998266 -0.00187958 -0.0588308 -0.0332884 0.00207922 0.999992 0.00333241 -0.00920344 0.058824 -0.00344896 0.998262 0.905592
0.998399 -0.0029749 -0.0564921 -0.0531279 0.00299841 0.999995 0.000331429 0.000638407 0.0564908 -0.000500285 0.998403 0.889519
0.99841 0.000804976 -0.0563561 -0.049561 -0.00105023 0.99999 -0.0043224 -0.00879462 0.0563521 0.00437471 0.998401 0.909713
0.998487 0.00095547 -0.0549754 -0.058641 -0.00136896 0.999971 -0.00748412 -0.0108363 0.0549666 0.00754805 0.99846 0.90911
0.998481 -0.00383391 -0.0549617 -0.0366308 0.0034854 0.999973 -0.00643543 -0.0141041 0.0549849 0.00623409 0.998468 0.890198
0.998499 -0.00224772 -0.0547305 -0.0519825 0.00216246 0.999996 -0.00161694 -0.0111797 0.054734 0.00149616 0.9985 0.899004
0.99848 -0.00402678 -0.0549731 -0.0498569 0.00412909 0.99999 0.00174757 -0.0174292 0.0549655 -0.0019719 0.998486 0.898857
0.998453 -0.0059648 -0.0552801 -0.0493381 0.00602064 0.999982 0.000843682 -0.0122401 0.055274 -0.0011752 0.998471 0.899383
0.998407 -0.00267576 -0.0563573 -0.0494701 0.00247517 0.99999 -0.00362884 -0.00455722 0.0563664 0.00348357 0.998404 0.899542
0.998365 -0.000258722 -0.0571667 -0.0626247 -0.000178767 0.999971 -0.00764763 -0.0112488 0.057167 0.00764534 0.998335 0.878612
0.998284 0.00189466 -0.058527 -0.0566591 -0.00241481 0.999958 -0.00881803 -0.0140568 0.0585079 0.00894423 0.998247 0.858931
0.998187 -0.00127685 -0.0601722 -0.040676 0.000845414 0.999974 -0.0071949 -0.021039 0.0601798 0.00713099 0.998162 0.869918
0.998177 0.00416815 -0.0602121 -0.0692261 -0.00440997 0.999983 -0.00388387 -0.0219746 0.0601948 0.00414232 0.998178 0.869706
0.997994 -0.00103448 -0.0632941 -0.0372363 0.000885771 0.999997 -0.00237745 -0.0176224 0.0632963 0.00231662 0.997992 0.891783
0.998019 0.00186651 -0.0628798 -0.076797 -0.0018337 0.999998 0.000579511 -0.0122238 0.0628808 -0.000463061 0.998021 0.909415
0.998081 0.00143604 -0.061898 -0.0534544 -0.001211 0.999993 0.00367299 -0.0208277 0.0619028 -0.00359098 0.998076 0.890889
0.998096 0.00721287 -0.0612591 -0.0791807 -0.00684658 0.999957 0.0061872 -0.00349636 0.0613011 -0.00575601 0.998103 0.909286
0.998085 -0.0014859 -0.0618342 -0.0524658 0.00184837 0.999981 0.00580504 -0.0124634 0.0618245 -0.00590822 0.99807 0.931174
0.99811 0.00028643 -0.0614577 -0.0632913 -4.32447e-005 0.999992 0.00395824 3.10895e-005 0.0614583 -0.0039481 0.998102 0.950629
0.998047 0.0054178 -0.0622383 -0.0659428 -0.00532602 0.999984 0.00164044 -0.0159348 0.0622462 -0.00130575 0.99806 0.947285
0.998022 0.000503669 -0.0628698 -0.0662713 -0.000383435 0.999998 0.00192447 -0.0170558 0.0628706 -0.00189656 0.99802 0.942185
0.998079 0.00112904 -0.0619507 -0.0893307 -0.000930869 0.999994 0.00322759 -0.0140967 0.061954 -0.00316372 0.998074 0.943638
0.998009 0.00038625 -0.0630678 -0.0551541 -9.44654e-005 0.999989 0.00462943 -0.0193671 0.0630689 -0.00461426 0.997999 0.934244
0.998016 0.0026425 -0.0628979 -0.0792009 -0.00256788 0.999996 0.00126709 -0.0106178 0.062901 -0.00110306 0.998019 0.942595
0.998064 0.00277374 -0.0621309 -0.0877262 -0.00296162 0.999991 -0.00293211 -0.00820656 0.0621222 0.00311044 0.998064 0.921775
0.998065 0.000922747 -0.0621748 -0.0668146 -0.00117674 0.999991 -0.00404858 -0.0136008 0.0621705 0.00411391 0.998057 0.903407
0.998028 -0.00217825 -0.0627371 -0.0522506 0.00218142 0.999998 -1.79124e-005 -0.0209116 0.062737 -0.000118979 0.99803 0.888565
0.998005 -0.00233688 -0.0630914 -0.0545108 0.00250281 0.999994 0.00255099 -0.00892964 0.0630851 -0.0027038 0.998004 0.898638
0.997991 -0.0017118 -0.0633343 -0.057329 0.00190142 0.999994 0.00293376 -0.00964908 0.0633289 -0.00304829 0.997988 0.878413
0.997933 -0.00392282 -0.0641367 -0.0517207 0.00404969 0.99999 0.00184814 -0.0176789 0.0641288 -0.00210405 0.997939 0.898341
0.997913 -0.000428819 -0.0645659 -0.0642064 0.000477539 1 0.000739143 -0.0164323 0.0645655 -0.000768433 0.997913 0.904074
0.997941 -0.000568518 -0.0641411 -0.077915 0.000661277 0.999999 0.00142496 -0.00519228 0.0641402 -0.00146444 0.99794 0.884871
0.997786 -0.000739267 -0.0665027 -0.0554297 0.00111432 0.999984 0.00560269 -0.0133048 0.0664975 -0.00566439 0.997771 0.889404
0.997709 -0.0027119 -0.0676029 -0.0528016 0.00340573 0.999943 0.0101502 -0.00581034 0.0675715 -0.0103572 0.997661 0.896289
0.997617 0.00134904 -0.0689824 -0.058089 -0.000506137 0.999925 0.0122352 -0.00129707 0.0689938 -0.0121711 0.997543 0.912911
0.997506 0.00412946 -0.0704558 -0.076062 -0.00354094 0.999958 0.00847599 -0.00565611 0.0704878 -0.00820537 0.997479 0.926723
0.99743 0.00191421 -0.0716223 -0.0706104 -0.00186538 0.999998 0.000748653 -0.00708311 0.0716235 -0.000613126 0.997432 0.907084
0.99739 0.00255809 -0.0721583 -0.0733523 -0.00285322 0.999988 -0.00398725 -0.00919728 0.0721472 0.00418272 0.997385 0.88678
0.997179 0.00272615 -0.0750098 -0.0506849 -0.00294808 0.999992 -0.00284819 -0.0144946 0.0750014 0.00306129 0.997179 0.868257
0.997108 0.00309804 -0.0759305 -0.0737763 -0.00312998 0.999995 -0.000301622 -0.0165188 0.0759292 0.00053841 0.997113 0.856675
0.996944 0.00271229 -0.0780715 -0.0650234 -0.00257385 0.999995 0.00187386 -0.0225327 0.0780762 -0.00166719 0.996946 0.856089
0.996758 0.000587717 -0.0804515 -0.0598718 -0.000448953 0.999998 0.00174289 -0.0115587 0.0804524 -0.00170112 0.996757 0.836632
0.996698 0.00445462 -0.0810748 -0.0907092 -0.00424515 0.999987 0.00275587 -0.0142166 0.081086 -0.00240259 0.996704 0.833809
0.996554 0.00715264 -0.0826383 -0.0908213 -0.00680959 0.999967 0.00443239 -0.0297455 0.0826673 -0.00385438 0.99657 0.821628
0.996471 0.00136277 -0.0839321 -0.0783441 -0.00096106 0.999988 0.0048264 -0.00975694 0.0839377 -0.0047287 0.99646 0.826625
0.996313 -0.00100489 -0.0857818 -0.0621805 0.00155209 0.999979 0.00631257 -0.0161666 0.0857737 -0.00642244 0.996294 0.807836
0.996235 0.0023358 -0.0866635 -0.0751575 -0.00155492 0.999958 0.00907691 -0.0059084 0.0866811 -0.00890798 0.996196 0.786783
0.996142 0.000567256 -0.0877522 -0.0695345 0.000578475 0.999915 0.0130305 -0.00308258 0.0877521 -0.0130309 0.996057 0.767236
0.996069 0.00608324 -0.0883671 -0.0887079 -0.0047762 0.999876 0.014995 -0.00386278 0.0884473 -0.014514 0.995975 0.785383
0.996103 0.00457813 -0.0880795 -0.105514 -0.0036251 0.999933 0.010977 -0.00458179 0.0881239 -0.0106149 0.996053 0.803475
0.99594 0.000605664 -0.0900229 -0.0684678 -0.000255772 0.999992 0.00389818 -0.0126551 0.0900246 -0.00385933 0.995932 0.787314
0.995841 -0.00120662 -0.0911023 -0.0728563 0.00101716 0.999997 -0.00212609 -0.00940123 0.0911046 0.00202458 0.995839 0.766876
0.995808 0.00556581 -0.091301 -0.0912985 -0.00587506 0.999978 -0.00311875 -0.00258607 0.0912817 0.00364207 0.995818 0.744807
0.995728 0.00329865 -0.0922769 -0.0779063 -0.00325153 0.999994 0.00066096 -0.0109825 0.0922786 -0.000358096 0.995733 0.726137
0.995565 -0.000941507 -0.094076 -0.0635295 0.00119721 0.999996 0.0026616 -0.0125732 0.094073 -0.00276242 0.995561 0.707428
0.995551 -0.00177224 -0.0942055 -0.0780527 0.00168551 0.999998 -0.00100025 -0.0116728 0.0942071 0.00083702 0.995552 0.685861
0.995518 -0.00859225 -0.0941831 -0.0478921 0.00798657 0.999945 -0.00680599 -0.0178465 0.0942364 0.00602329 0.995532 0.668435
0.995734 -0.00352452 -0.0922063 -0.0722029 0.00242359 0.999924 -0.0120491 -0.0102715 0.0922418 0.0117742 0.995667 0.646285
0.995976 0.000513232 -0.0896238 -0.0472238 -0.00165142 0.999919 -0.0126259 -0.00500672 0.0896101 0.0127231 0.995896 0.628595
0.996324 0.00301559 -0.085608 -0.0574779 -0.00384738 0.999947 -0.00955295 -0.00907216 0.0855746 0.0098472 0.996283 0.607606
0.996721 -0.00152083 -0.0808952 -0.0487175 0.00101356 0.99998 -0.00631137 -0.016757 0.0809031 0.00620868 0.996703 0.588134
0.997195 -0.00295032 -0.0747859 -0.0393814 0.0027881 0.999994 -0.00227346 -0.0122272 0.0747921 0.00205858 0.997197 0.568894
0.99778 -0.00341935 -0.0665047 -0.0323667 0.00349497 0.999993 0.00102078 -0.0145151 0.0665008 -0.00125094 0.997786 0.549242
0.998439 0.00257177 -0.0557938 -0.0276788 -0.00251763 0.999996 0.00104069 -0.00684435 0.0557962 -0.000898601 0.998442 0.52962
0.999157 0.00582742 -0.0406478 -0.0262823 -0.00580055 0.999983 0.000778833 -0.00646122 0.0406516 -0.000542396 0.999173 0.509668
0.999718 0.00440943 -0.0233425 -0.000342834 -0.00437059 0.999989 0.00171486 -0.00901306 0.0233498 -0.00161235 0.999726 0.491605
0.999995 -0.00224854 -0.00216775 0.0258863 0.00225397 0.999994 0.0025034 -0.00578127 0.00216211 -0.00250828 0.999995 0.492782
0.99969 -0.00119696 0.0248741 0.0150692 0.00110207 0.999992 0.00382806 -0.00679484 -0.0248785 -0.00379946 0.999683 0.473207
0.998524 -0.000640159 0.0543154 0.0445124 0.000328352 0.999983 0.00574941 -0.00617295 -0.0543182 -0.00572308 0.998507 0.472227
0.996126 0.000650662 0.0879372 0.0530212 -0.00130866 0.999972 0.00742513 -0.0065225 -0.0879299 -0.00751144 0.996098 0.474216
0.992075 -0.000464504 0.125646 0.0793394 -0.000585754 0.999965 0.00832182 -0.00520141 -0.125645 -0.00832947 0.99204 0.47123
0.985915 -0.000635777 0.167246 0.100101 -0.000829618 0.999962 0.00869192 -0.00581981 -0.167245 -0.00870825 0.985877 0.446777
0.977478 -0.00199298 0.21103 0.138993 4.11529e-005 0.999957 0.00925307 -0.00551308 -0.211039 -0.00903598 0.977436 0.439305
0.966124 -0.00132565 0.258074 0.163931 -0.000631731 0.999972 0.00750154 -0.00798239 -0.258076 -0.00741045 0.966096 0.409108
0.949959 0.000726633 0.312374 0.147745 -0.00240175 0.999985 0.00497784 -0.00552414 -0.312365 -0.00547899 0.949946 0.394692
0.905895 -0.0016124 0.423499 0.207417 0.000643352 0.999997 0.00243113 -0.00168948 -0.423501 -0.00192989 0.905894 0.369126
0.905895 -0.0016124 0.423499 0.414834 0.000643352 0.999997 0.00243113 -0.00337895 -0.423501 -0.00192989 0.905894 0.738253
0.877048 -0.00137171 0.4804 0.235226 0.00065123 0.999998 0.00166642 -0.00355188 -0.480402 -0.00114868 0.877048 0.327717
0.843957 -0.00364001 0.536398 0.259887 0.00322361 0.999993 0.00171402 -0.000897059 -0.536401 0.00028258 0.843963 0.307882
0.808147 -0.00248649 0.588975 0.277219 0.00105359 0.999996 0.00277606 -0.0138507 -0.588979 -0.00162292 0.808146 0.268885
0.769352 -0.00269585 0.63882 0.284673 -0.000593011 0.999988 0.00493418 -0.0086613 -0.638825 -0.00417494 0.769341 0.248614
0.72708 -0.00126885 0.686551 0.30495 -0.0036622 0.999977 0.0057265 0.00479241 -0.686543 -0.00667791 0.727059 0.255788
0.682722 -0.00330334 0.730671 0.310901 -0.00249653 0.999973 0.00685356 -0.00541568 -0.730674 -0.00650322 0.682696 0.215022
0.637007 -0.00675933 0.770829 0.33264 0.000321536 0.999964 0.00850288 0.00114967 -0.770858 -0.00516854 0.636986 0.197585
0.59087 -0.0110185 0.806691 0.344682 0.0012996 0.999918 0.0127059 0.00448981 -0.806765 -0.00645915 0.590836 0.181108
0.544628 -0.00550555 0.83866 0.35495 -0.00636478 0.999923 0.0106975 -0.000318538 -0.838654 -0.011164 0.544551 0.179317
0.497326 -0.00224195 0.867561 0.36178 -0.00671606 0.999957 0.00643404 0.00539143 -0.867538 -0.0090264 0.497289 0.17272
0.45207 -0.00258068 0.891979 0.354927 -0.00286352 0.999986 0.00434445 -0.00442213 -0.891978 -0.0045182 0.452057 0.13826
0.410445 -0.0104166 0.911826 0.36106 0.00109514 0.99994 0.0109302 -0.000470396 -0.911885 -0.00348767 0.410431 0.106215
0.371407 -0.0229168 0.928187 0.370971 -0.0025543 0.999666 0.0257037 0.00849267 -0.928466 -0.0119174 0.371225 0.0880906
0.337154 -0.0230373 0.941168 0.384399 -0.0183004 0.999351 0.0310172 0.00408339 -0.941272 -0.0276814 0.336514 0.0905829
0.304858 -0.0209205 0.952168 0.402649 -0.0191971 0.999421 0.0281051 0.00509413 -0.952204 -0.0268469 0.304279 0.100149
0.273416 -0.00926244 0.961851 0.391338 -0.019897 0.999685 0.0152827 -0.00587612 -0.96169 -0.0233165 0.273145 0.116022
0.24519 -0.00687249 0.969451 0.403001 -0.00968005 0.999908 0.00953665 -0.00557154 -0.969427 -0.0117226 0.245101 0.0939641
0.219593 -0.00783761 0.97556 0.396023 -0.00530136 0.999943 0.0092268 -0.00384618 -0.975577 -0.00719793 0.219539 0.0692055
0.196311 -0.0144823 0.980435 0.391083 -0.00322225 0.999876 0.0154146 -0.000593735 -0.980536 -0.00618528 0.19624 0.0495149
0.176568 -0.0194186 0.984097 0.395967 -0.00403264 0.999783 0.0204517 0.0102273 -0.98428 -0.00757962 0.176451 0.0392107
0.1572 -0.019339 0.987377 0.407347 -0.00976575 0.999729 0.0211357 0.0183298 -0.987519 -0.012965 0.156968 0.052565
0.140023 -0.0157722 0.990023 0.395844 -0.0179885 0.999668 0.0184701 0.00949091 -0.989985 -0.0203953 0.139692 0.0455308
0.124578 -0.0140196 0.992111 0.388557 -0.0209674 0.99964 0.0167588 -0.000176471 -0.991988 -0.0228898 0.124239 0.045797
0.110058 -0.0155797 0.993803 0.40945 -0.0178019 0.999686 0.0176434 0.00183836 -0.993766 -0.0196334 0.109746 0.038355
0.0971274 -0.0184031 0.995102 0.430424 -0.0177736 0.999638 0.0202218 0.00276869 -0.995113 -0.0196506 0.0967651 0.0264897
0.0858887 -0.0227377 0.996045 0.450464 -0.0185922 0.999529 0.0244205 0.00607547 -0.996131 -0.0206161 0.0854255 0.025861
0.0757605 -0.0256673 0.996796 0.470199 -0.0212209 0.999401 0.0273472 0.0100142 -0.9969 -0.0232247 0.0751704 0.0297781
0.0676708 -0.0276573 0.997324 0.49024 -0.0246406 0.999264 0.029383 0.00945582 -0.997403 -0.026563 0.0669395 0.0299809
0.061661 -0.0298099 0.997652 0.510164 -0.0267724 0.999145 0.0315092 0.0135524 -0.997738 -0.0286524 0.0608102 0.0303705
0.0560139 -0.0308359 0.997954 0.530327 -0.0284248 0.999069 0.0324658 0.0130031 -0.998025 -0.0301852 0.0550852 0.0284274
0.0489746 -0.030215 0.998343 0.549794 -0.0302694 0.999038 0.031721 0.0161119 -0.998341 -0.0317728 0.048013 0.0366075
0.0442877 -0.0321807 0.9985 0.570547 -0.0305239 0.998971 0.0335497 0.0116723 -0.998552 -0.0319639 0.0432598 0.0257567
0.0402119 -0.0339222 0.998615 0.590242 -0.0320709 0.998865 0.0352221 0.0185329 -0.998676 -0.0334428 0.0390783 0.0290501
0.0372065 -0.0353008 0.998684 0.610684 -0.0343613 0.99874 0.0365829 0.0174949 -0.998717 -0.0356772 0.0359467 0.0195511
0.0355567 -0.0378514 0.998651 0.630714 -0.0354022 0.998608 0.0391103 0.0219212 -0.99874 -0.036745 0.0341672 0.013881
0.034675 -0.0414307 0.99854 0.644328 -0.0379587 0.998365 0.0427416 0.0199422 -0.998678 -0.0393854 0.0330457 0.0229305
0.0357679 -0.0423689 0.998462 0.664296 -0.0419487 0.998157 0.0438587 0.0206036 -0.998479 -0.0434529 0.0339246 0.023893
0.0384818 -0.043463 0.998314 0.683991 -0.0421797 0.998093 0.0450793 0.0279846 -0.998369 -0.0438433 0.0365751 0.025688
0.0427359 -0.0470771 0.997977 0.704046 -0.0430331 0.997875 0.0489151 0.0300565 -0.998159 -0.0450365 0.0406193 0.0224511
0.0481403 -0.0411059 0.997994 0.688282 -0.048294 0.997888 0.0434311 0.024629 -0.997672 -0.050288 0.0460534 0.044749
0.0528363 -0.0457836 0.997553 0.709399 -0.0430159 0.997917 0.0480786 0.0237537 -0.997676 -0.0454509 0.0507568 0.0231786
0.0574566 -0.0460186 0.997287 0.728535 -0.0475781 0.997676 0.0487776 0.0276854 -0.997214 -0.0502516 0.0551335 0.0403145
0.0613209 -0.0430732 0.997188 0.747742 -0.0485369 0.997758 0.0460826 0.0321839 -0.996937 -0.0512263 0.0590928 0.0510791
0.0657245 -0.0413914 0.996979 0.767591 -0.044511 0.998023 0.044369 0.0325415 -0.996845 -0.0472927 0.0637522 0.0539922
0.0704874 -0.0398036 0.996718 0.787852 -0.0410948 0.998239 0.0427705 0.0259983 -0.996666 -0.0439747 0.0687276 0.0546751
0.0767398 -0.0418997 0.99617 0.809265 -0.0359831 0.998349 0.0447633 0.0181763 -0.996402 -0.0392804 0.0751055 0.0338094
0.0782739 -0.0349081 0.996321 0.826124 -0.0367208 0.998608 0.0378731 0.0355885 -0.996255 -0.0395502 0.076883 0.0737767
0.0804316 -0.0339484 0.996182 0.808621 -0.0314213 0.998837 0.0365759 0.0388268 -0.996265 -0.0342432 0.0792713 0.0317466
0.0808303 -0.0279922 0.996335 0.0516482 -0.0388906 0.998756 0.0312153 0.00143782 -0.995969 -0.0412712 0.0796411 0.0047479
0.0808303 -0.0279922 0.996335 0.103296 -0.0388906 0.998756 0.0312153 0.00287565 -0.995969 -0.0412712 0.0796411 0.0094958
0.0808303 -0.0279922 0.996335 0.154945 -0.0388906 0.998756 0.0312153 0.00431347 -0.995969 -0.0412712 0.0796411 0.0142437
0.0808303 -0.0279922 0.996335 0.206593 -0.0388906 0.998756 0.0312153 0.00575129 -0.995969 -0.0412712 0.0796411 0.0189916
0.0812755 -0.0279382 0.9963 0.0716998 -0.0288847 0.999121 0.0303736 0.000887763 -0.996273 -0.0312465 0.0803971 0.00509226
0.0822534 -0.0270502 0.996244 0.0915802 -0.0278649 0.999178 0.0294305 0.00147509 -0.996222 -0.030181 0.081432 0.00734237
0.081294 -0.0241596 0.996397 0.111482 -0.0262639 0.999307 0.0263729 0.00148334 -0.996344 -0.0283132 0.0806031 0.00938007
0.0771457 -0.0180945 0.996856 0.131029 -0.0247244 0.999493 0.0200558 0.00296157 -0.996713 -0.0261939 0.0766592 0.0147121
0.0729161 -0.0145496 0.997232 0.151243 -0.0200881 0.999669 0.0160539 0.00131164 -0.997136 -0.0212031 0.0725997 0.0139005
0.0666619 -0.0140131 0.997677 0.171136 -0.0170945 0.999739 0.0151843 0.00154969 -0.997629 -0.018067 0.0664049 0.0159593
0.0584632 -0.00856668 0.998253 0.190984 -0.0162587 0.999822 0.00953235 0.000962408 -0.998157 -0.0167875 0.0583135 0.0185542
0.0502318 -0.00647519 0.998717 0.211009 -0.00870124 0.999938 0.00692075 -0.00124656 -0.9987 -0.00903772 0.0501724 0.019214
0.0409041 -0.00611659 0.999144 0.231586 -0.00509517 0.999967 0.00633022 -0.000562515 -0.99915 -0.00534974 0.0408716 0.0117707
0.0318437 -0.00674539 0.99947 0.251843 -0.00543151 0.999961 0.00692175 -0.00151794 -0.999478 -0.00564905 0.0318058 0.00437035
0.0213215 -0.00629 0.999753 0.271793 -0.00746207 0.999951 0.0064504 -0.00114821 -0.999745 -0.00759776 0.0212735 0.00700254
0.0104038 -0.00439065 0.999936 0.291843 -0.00686974 0.999966 0.00446226 -0.000984769 -0.999922 -0.00691573 0.0103733 0.00492432
-0.00150575 -0.000454663 0.999999 0.311622 -0.00479626 0.999988 0.000447437 0.000944545 -0.999987 -0.00479558 -0.00150792 0.0128055
-0.0124623 -0.000506297 0.999922 0.331811 -0.00013436 1 0.000504662 -0.00425617 -0.999922 -0.000128061 -0.0124624 -0.00560149
-0.0236438 6.8766e-005 0.99972 0.351748 0.000140013 1 -6.54739e-005 -0.00464976 -0.99972 0.000138426 -0.0236438 -0.00870533
-0.0346134 0.000904429 0.9994 0.371789 0.00134781 0.999999 -0.00085829 -0.00395705 -0.9994 0.00131729 -0.0346146 -0.00752193
-0.0451579 0.00094195 0.998979 0.391499 0.00188154 0.999998 -0.000857857 -0.00606363 -0.998978 0.00184088 -0.0451596 -0.016313
-0.0545096 0.000652906 0.998513 0.410994 0.00154117 0.999999 -0.000569744 -0.00716318 -0.998512 0.00150782 -0.0545105 -0.0261239
-0.0647226 0.00026321 0.997903 0.431358 0.00137177 0.999999 -0.000174792 -0.00194844 -0.997902 0.00135758 -0.0647229 -0.0212615
-0.0739629 -0.000728098 0.997261 0.450585 0.000490197 1 0.000766453 -0.00615458 -0.997261 0.000545544 -0.0739625 -0.03371
-0.0816376 -0.00518091 0.996649 0.467251 -0.00217106 0.999985 0.00502042 -0.0130032 -0.99666 -0.00175393 -0.0816476 -0.0646788
-0.0874439 -0.00855315 0.996133 0.487617 -0.00674281 0.999945 0.00799398 -0.00488872 -0.996147 -0.0060177 -0.0874968 -0.064482
-0.0941808 -0.0100888 0.995504 0.510879 -0.0102954 0.999905 0.00915942 0.00421383 -0.995502 -0.00938646 -0.0942757 -0.0318096
-0.0979857 -0.0127973 0.995106 0.529451 -0.0117175 0.999863 0.0117047 -0.000311773 -0.995119 -0.0105132 -0.0981222 -0.0508353
-0.0984394 -0.0171653 0.994995 0.545691 -0.0151885 0.999761 0.0157448 -0.0126863 -0.995027 -0.0135626 -0.0986765 -0.0814778
-0.0989053 -0.018983 0.994916 0.568183 -0.0187828 0.999676 0.0172066 -0.00322108 -0.99492 -0.0169855 -0.0992297 -0.0648946
-0.100893 -0.0179647 0.994735 0.589633 -0.0182019 0.999703 0.0162082 0.00231257 -0.994731 -0.0164708 -0.10119 -0.0515445
-0.0988198 -0.0195309 0.994914 0.607801 -0.0177713 0.999683 0.0178593 -0.00725307 -0.994947 -0.015916 -0.0991356 -0.0702096
-0.0902899 -0.0210991 0.995692 0.157248 -0.0179631 0.999647 0.019554 -0.00014281 -0.995754 -0.0161202 -0.0906371 -0.0150981
-0.0902899 -0.0210991 0.995692 0.314497 -0.0179631 0.999647 0.019554 -0.000285619 -0.995754 -0.0161202 -0.0906371 -0.0301961
-0.0831675 -0.0210497 0.996313 0.177669 -0.0208302 0.999595 0.0193802 -0.00256153 -0.996318 -0.0191416 -0.0835723 -0.0100515
-0.0721048 -0.019561 0.997205 0.197616 -0.020803 0.99962 0.0181042 0.000236094 -0.99718 -0.0194395 -0.0724843 -0.0118623
-0.0585701 -0.0192191 0.998098 0.21788 -0.0192205 0.999651 0.0181211 -0.00160921 -0.998098 -0.0181226 -0.058919 -0.00610034
-0.0413109 -0.0189241 0.998967 0.237928 -0.0175253 0.999681 0.0182129 0.00160911 -0.998993 -0.0167548 -0.0416294 -0.00424648
-0.0197927 -0.0175894 0.999649 0.257967 -0.0161326 0.999721 0.0172712 0.00150654 -0.999674 -0.0157851 -0.0200709 0.000524908
0.00464311 -0.0165717 0.999852 0.277654 -0.0145169 0.999756 0.0166375 -0.000450175 -0.999884 -0.014592 0.00440141 0.0132784
0.0331622 -0.0153022 0.999333 0.297279 -0.0146107 0.999769 0.0157938 0.00373075 -0.999343 -0.0151247 0.0329309 0.0199621
0.0661681 -0.0133306 0.997719 0.316065 -0.0156813 0.999773 0.014398 0.00402959 -0.997685 -0.0165982 0.0659441 0.0345365
0.103967 -0.0130884 0.994495 0.33412 -0.0160336 0.999761 0.0148339 0.000515274 -0.994452 -0.0174875 0.103732 0.0508742
0.145523 -0.011445 0.989289 0.350446 -0.0173296 0.99975 0.0141152 0.00069729 -0.989203 -0.0191981 0.145288 0.0730126
0.1897 -0.00868824 0.981804 0.364463 -0.0166308 0.999789 0.0120607 0.00472217 -0.981701 -0.0186161 0.189516 0.100034
0.23595 -0.0053666 0.97175 0.375536 -0.0150735 0.999844 0.00918175 -0.00303378 -0.971648 -0.0168141 0.235833 0.131699
0.285855 -0.00194867 0.958271 0.386532 -0.00966656 0.999941 0.00491697 0.00393529 -0.958224 -0.0106687 0.285819 0.158989
0.338712 -0.00253829 0.940887 0.394941 -0.0039536 0.999984 0.00412099 -0.00335315 -0.940882 -0.00511572 0.338697 0.189287
0.395095 -0.00473612 0.918628 0.402375 -0.000118982 0.999986 0.00520675 -0.00445577 -0.91864 -0.00216646 0.395089 0.21866
0.453191 -0.00527351 0.891398 0.402068 0.00105629 0.999985 0.00537888 -0.0120883 -0.891413 -0.00149609 0.45319 0.258171
0.51162 -0.00580763 0.859192 0.383191 0.00226988 0.999983 0.00540766 -0.00903808 -0.859209 -0.000816405 0.511625 0.280052
0.569332 -0.0004994 0.822108 0.359254 -0.00123411 0.999998 0.00146212 0.00119906 -0.822107 -0.001847 0.56933 0.300702
0.623933 0.00121153 0.781477 0.313668 0.000271187 0.999998 -0.00176682 0.003743 -0.781478 0.0013143 0.623931 0.32054
0.677123 -9.13333e-005 0.73587 0.295093 0.00271163 0.999994 -0.00237104 -0.00303706 -0.735865 0.00360089 0.677119 0.310674
0.726193 -0.0015849 0.687489 0.260014 0.00194817 0.999998 0.00024749 -0.0138894 -0.687488 0.00115962 0.726195 0.314749
0.770984 -0.00227174 0.63685 0.22096 -0.00206546 0.999979 0.00606755 -0.00486416 -0.636851 -0.00599338 0.770964 0.319501
0.81169 -0.00177589 0.584085 0.198599 -0.00597978 0.999918 0.0113502 0.00128249 -0.584057 -0.0127055 0.811613 0.356966
0.847951 -0.00221057 0.53007 0.19233 -0.00733492 0.999847 0.0159033 0.0041303 -0.530024 -0.0173733 0.847805 0.382883
0.878871 -0.00309005 0.47705 0.17919 -0.00804088 0.999741 0.0212895 0.0102512 -0.476993 -0.0225466 0.878618 0.411015
0.904319 -0.000264121 0.426858 0.148682 -0.0109825 0.999654 0.0238856 -0.00147967 -0.426717 -0.0262881 0.904003 0.418968
0.924427 -0.000289143 0.381358 0.137925 -0.00995811 0.99964 0.0248967 0.00160275 -0.381229 -0.0268128 0.924092 0.443621
0.939713 0.00358381 0.341946 0.119067 -0.0125346 0.999634 0.0239698 0.00578587 -0.341735 -0.0268109 0.939414 0.464712
0.951672 0.000844048 0.307114 0.116841 -0.00754654 0.999759 0.0206372 0.0112866 -0.307023 -0.0219575 0.951449 0.484622
0.961126 -0.00227799 0.276101 0.118499 -0.00336333 0.999795 0.0199569 0.00831969 -0.27609 -0.0201097 0.960921 0.485431
0.967167 -0.00777669 0.254022 0.119859 0.00253796 0.999777 0.0209444 0.00421049 -0.254128 -0.019612 0.966972 0.476481
0.971107 -0.00476443 0.238597 0.111561 -0.000463555 0.999761 0.0218504 0.000871644 -0.238644 -0.0213297 0.970873 0.499024
0.97406 0.00289051 0.226269 0.109277 -0.00760855 0.999771 0.0199821 0.00970782 -0.22616 -0.0211854 0.97386 0.515274
0.976255 0.00302549 0.216605 0.0925985 -0.00730126 0.999794 0.0189424 0.0113537 -0.216503 -0.0200741 0.976076 0.498163
0.977425 0.00690406 0.211172 0.0873589 -0.0104587 0.999822 0.0157209 0.00633982 -0.211026 -0.0175746 0.977322 0.519491
0.977896 0.0048102 0.209038 0.0873274 -0.00720442 0.999917 0.0106936 0.00120784 -0.208969 -0.0119633 0.977849 0.539804
0.978166 0.00184238 0.207819 0.106782 -0.00349084 0.999965 0.00756573 -0.00372125 -0.207798 -0.008126 0.978138 0.522965
0.977726 -0.00386254 0.20985 0.125909 0.00308848 0.999987 0.00401623 0.00645902 -0.209862 -0.00327866 0.977725 0.532154
0.976533 -0.00138328 0.215362 0.108634 0.00199574 0.999995 -0.00262645 0.0105105 -0.215357 0.00299462 0.976531 0.556279
0.972016 0.00651345 0.234826 0.00658514 -0.00712265 0.999973 0.00174621 -0.00142918 -0.234809 -0.00336993 0.972036 0.0335095
0.972016 0.00651345 0.234826 0.0131703 -0.00712265 0.999973 0.00174621 -0.00285836 -0.234809 -0.00336993 0.972036 0.0670189
0.972016 0.00651345 0.234826 0.0197554 -0.00712265 0.999973 0.00174621 -0.00428753 -0.234809 -0.00336993 0.972036 0.100528
0.972016 0.00651345 0.234826 0.0263405 -0.00712265 0.999973 0.00174621 -0.00571671 -0.234809 -0.00336993 0.972036 0.134038
0.971257 -0.00443082 0.23799 0.013959 0.00244404 0.99996 0.00864259 -0.000661825 -0.238019 -0.00781252 0.971229 0.052347
0.969641 -0.00699945 0.244431 0.00446821 0.00343093 0.999881 0.015022 9.77294e-005 -0.244507 -0.0137274 0.96955 0.0179985
0.969641 -0.00699945 0.244431 0.00893642 0.00343093 0.999881 0.015022 0.000195459 -0.244507 -0.0137274 0.96955 0.0359969
0.968982 -0.00527715 0.247074 0.00794893 0.0021746 0.999915 0.0128284 0.000177228 -0.24712 -0.0118932 0.968912 0.0377161
0.968971 -0.00416308 0.247139 0.0146111 0.00250374 0.999972 0.0070281 -0.00031791 -0.247162 -0.00619126 0.968954 0.0566916
0.969376 -0.00203417 0.245571 0.0208251 0.00185318 0.999998 0.000968087 -0.000430486 -0.245573 -0.000483353 0.969378 0.0757328
0.970089 -0.000295997 0.242748 0.0240939 0.00108858 0.999995 -0.00313091 0.00101378 -0.242746 0.00330152 0.970084 0.0955489
0.971614 -0.00620118 0.23649 0.0362346 0.0059577 0.999981 0.00174415 0.000828828 -0.236496 -0.000285704 0.971632 0.112869
0.972647 -0.00172509 0.232283 0.00772321 -0.00195444 0.999876 0.0156096 -0.000476961 -0.232281 -0.0156366 0.972523 0.0337609
0.972647 -0.00172509 0.232283 0.0154464 -0.00195444 0.999876 0.0156096 -0.000953923 -0.232281 -0.0156366 0.972523 0.0675217
0.973154 -0.0016557 0.230149 0.0128174 -0.00178335 0.99989 0.0147338 -7.50586e-005 -0.230148 -0.0147487 0.973044 0.0531115
0.973427 0.0028124 0.228979 0.0155149 -0.00501175 0.999947 0.00902409 0.000293599 -0.228941 -0.00993188 0.97339 0.0730053
0.974234 -0.00124101 0.225536 0.0205452 0.000417535 0.999993 0.00369887 0.000461342 -0.225539 -0.00350939 0.974228 0.092378
0.975024 -0.00118641 0.222097 0.0238726 0.00105538 0.999999 0.000708627 0.000444424 -0.222097 -0.000456531 0.975024 0.112122
0.975214 0.00382315 0.221229 0.0208491 -0.00415149 0.999991 0.00101922 -0.00221905 -0.221223 -0.00191239 0.975221 0.132994
0.976259 -0.00321843 0.216581 0.00813325 0.00194123 0.999979 0.0061096 -0.000193343 -0.216596 -0.00554412 0.976246 0.0377933
0.976259 -0.00321843 0.216581 0.0162665 0.00194123 0.999979 0.0061096 -0.000386686 -0.216596 -0.00554412 0.976246 0.0755867
0.976637 -0.00395095 0.21486 0.0130389 0.00204661 0.999957 0.00908491 -8.17222e-005 -0.214887 -0.00843292 0.976603 0.0571915
0.976312 -0.00392498 0.216334 0.0143571 0.00185226 0.99995 0.00978304 0.00142807 -0.216362 -0.00915058 0.97627 0.0773245
0.976772 -0.000414374 0.214282 0.0239561 -0.00221812 0.999925 0.0120446 -0.00172466 -0.214271 -0.0122402 0.976698 0.0956909
0.976337 0.008674 0.21608 0.00576377 -0.00979374 0.999944 0.00411181 0.000226539 -0.216032 -0.00613074 0.976367 0.0290986
0.976337 0.008674 0.21608 0.0115275 -0.00979374 0.999944 0.00411181 0.000453078 -0.216032 -0.00613074 0.976367 0.0581971
0.976277 0.00714935 0.216409 0.0103333 -0.00768518 0.999969 0.00163455 -0.000609026 -0.216391 -0.00325891 0.976301 0.0485741
0.975541 0.0059238 0.219738 0.0131275 -0.00626301 0.99998 0.000847113 -0.000204684 -0.219729 -0.00220262 0.975559 0.0684164
0.974712 0.00333241 0.223441 0.0176703 -0.00395106 0.999989 0.00232176 -0.00123109 -0.223431 -0.00314588 0.974715 0.0878978
0.974015 0.000547776 0.226482 0.0228809 -0.000858312 0.999999 0.00127266 -0.000570399 -0.226481 -0.00143398 0.974015 0.10725
0.973548 -0.0020451 0.228472 0.0293234 0.00226707 0.999997 -0.000709094 -0.00154263 -0.22847 0.0012083 0.97355 0.126296
0.97328 -0.00608861 0.229541 0.0356932 0.00577798 0.999981 0.00202534 -0.00120512 -0.229549 -0.000644944 0.973297 0.145341
0.973241 -0.00813823 0.229643 0.0424113 0.00780787 0.999967 0.00234722 -0.00190234 -0.229655 -0.000491388 0.973272 0.164267
0.972695 -0.00225184 0.232075 0.0399173 0.0016194 0.999994 0.00291564 -0.00178221 -0.23208 -0.00246021 0.972694 0.185408
0.971812 0.0041875 0.235718 0.0417281 -0.00528091 0.999978 0.00400749 0.000653144 -0.235696 -0.00513934 0.971813 0.205469
0.97129 0.00361179 0.237871 0.0478178 -0.00580182 0.999947 0.00850733 -0.000595781 -0.237828 -0.00964317 0.971259 0.224631
0.971313 0.00220005 0.237793 0.0608051 -0.00520485 0.999914 0.012009 -0.00308969 -0.237747 -0.0129022 0.971242 0.242127
0.970873 -0.00364073 0.239567 0.0620741 0.00224873 0.999979 0.00608357 -0.00203177 -0.239584 -0.00536765 0.970861 0.262415
0.970716 -0.00782308 0.240101 0.0692884 0.00954013 0.999937 -0.0059899 -0.0045178 -0.240038 0.00810508 0.97073 0.281219
0.970763 -0.00526818 0.239983 0.0772145 0.00869101 0.999875 -0.0132067 -0.00374159 -0.239883 0.0149063 0.970687 0.29986
0.971012 0.000642311 0.239031 0.0790457 0.000317137 0.999992 -0.00397543 -0.00278112 -0.239031 0.00393599 0.971004 0.320036
0.971379 -0.00131369 0.237529 0.0817209 -0.00273883 0.999856 0.0167303 -0.00390505 -0.237517 -0.016902 0.971236 0.339959
0.971562 -0.00140046 0.236781 0.0825155 -0.00617914 0.999492 0.0312659 -0.00200959 -0.236704 -0.0318399 0.97106 0.360332
0.971452 0.00034573 0.237234 0.079227 -0.00615026 0.9997 0.0237279 0.00820553 -0.237154 -0.0245096 0.971163 0.381437
0.971781 0.0016098 0.235878 0.0898733 -0.00344679 0.999967 0.00737575 0.000204698 -0.235859 -0.00798064 0.971755 0.399685
0.971223 0.000417592 0.238172 0.0762125 -2.44057e-005 0.999999 -0.00165379 0.00737508 -0.238173 0.00160039 0.971222 0.422787
0.970437 -0.00304851 0.241336 0.0794286 0.004023 0.999986 -0.00354527 0.00261386 -0.241322 0.00441136 0.970435 0.442586
0.969689 0.000221216 0.244344 0.083823 0.000512094 0.999996 -0.00293761 -0.00689444 -0.244344 0.00297369 0.969684 0.462073
0.970063 3.68377e-005 0.242855 0.102426 0.00137522 0.999983 -0.00564486 0.00313692 -0.242851 0.00580984 0.970046 0.478822
0.971672 0.00108594 0.236333 0.12687 0.000470372 0.999979 -0.00652879 -0.0126101 -0.236335 0.006455 0.97165 0.49346
0.972303 0.01575 0.233193 0.0263922 -0.0136478 0.99985 -0.0106257 -0.00303019 -0.233326 0.00714888 0.972372 0.129724
0.972303 0.01575 0.233193 0.0527843 -0.0136478 0.99985 -0.0106257 -0.00606038 -0.233326 0.00714888 0.972372 0.259448
0.973222 0.00025548 0.229868 0.0365348 0.00182482 0.999959 -0.00883734 -0.00280638 -0.229861 0.00902016 0.973182 0.147946
0.97393 -0.00417675 0.226808 0.0430285 0.0050671 0.999982 -0.00334349 -0.00282612 -0.22679 0.00440558 0.973934 0.166937
0.975211 -0.00698634 0.221166 0.0515768 0.00752112 0.99997 -0.00157596 -0.00470606 -0.221148 0.00320031 0.975235 0.185315
0.975674 -0.0022358 0.219214 0.0450428 0.00322033 0.999986 -0.00413396 -0.00355857 -0.219202 0.00473934 0.975668 0.207555
0.976639 -0.00564359 0.214811 0.0502757 0.00721826 0.999953 -0.00654677 -0.00418228 -0.214764 0.00794439 0.976634 0.226875
0.97838 -0.00610998 0.206727 0.0551539 0.00754604 0.999953 -0.00615884 -0.00390165 -0.206679 0.00758565 0.978379 0.246286
0.979817 -0.00132791 0.19989 0.0536922 0.00139467 0.999999 -0.000193139 -0.00668897 -0.19989 0.000468021 0.979818 0.266989
0.981115 -0.00184583 0.193417 0.0567563 0.000307608 0.999968 0.00798263 -0.00184493 -0.193425 -0.00777238 0.981084 0.286849
0.98191 -0.00263858 0.189331 0.0567028 -0.000647429 0.99985 0.017292 -0.00110441 -0.189348 -0.0171017 0.981761 0.307225
0.982829 0.00532933 0.184443 0.0606465 -0.00889339 0.999789 0.0185016 -0.0010366 -0.184305 -0.0198242 0.982669 0.326836
0.983021 0.00216488 0.183482 0.03733 -0.00447841 0.999916 0.0121955 0.00441155 -0.183441 -0.0128102 0.982947 0.350406
0.985307 -0.00540638 0.170705 0.0153919 0.00598376 0.999978 -0.00286798 -0.000240821 -0.170686 0.0038473 0.985318 0.0918226
0.985307 -0.00540638 0.170705 0.0307839 0.00598376 0.999978 -0.00286798 -0.000481643 -0.170686 0.0038473 0.985318 0.183645
0.986495 -0.00168318 0.163782 0.0176832 0.00212988 0.999994 -0.00255179 0.000735648 -0.163777 0.00286616 0.986493 0.111711
0.987808 0.00583388 0.15557 0.0194773 -0.00593392 0.999982 0.00017869 -0.00280166 -0.155566 -0.00109965 0.987825 0.131641
0.988817 0.00749424 0.148945 0.0152565 -0.00712203 0.99997 -0.00303222 -0.00169449 -0.148963 0.00193752 0.988841 0.152333
0.990267 0.00271703 0.139153 0.0229128 -0.00139641 0.999953 -0.00958722 -0.00278158 -0.139172 0.0092996 0.990225 0.171558
0.991329 0.000477415 0.1314 0.021637 0.00114839 0.999924 -0.0122969 -0.00299704 -0.131396 0.0123411 0.991253 0.191865
0.992482 -0.000436458 0.122387 0.0277541 0.00161774 0.999953 -0.00955281 -0.00379352 -0.122377 0.00967898 0.992436 0.211255
0.993468 0.00294859 0.114075 0.026286 -0.00262744 0.999992 -0.00296549 -0.00465362 -0.114083 0.0026464 0.993468 0.23157
0.994382 0.00388961 0.105781 0.0220935 -0.00412291 0.99999 0.00198695 -0.00338593 -0.105772 -0.00241191 0.994387 0.252115
0.995108 0.00210413 0.0987751 0.0198767 -0.00260911 0.999984 0.00498354 -0.00426205 -0.098763 -0.00521688 0.995097 0.272346
0.995731 -0.000260199 0.0922984 0.0251486 -0.000381529 0.999976 0.00693505 -0.00326551 -0.092298 -0.00694066 0.995707 0.292005
0.99613 0.000997947 0.0878889 0.0261175 -0.00143963 0.999987 0.00496222 -0.00219853 -0.0878828 -0.00506954 0.996118 0.312005
0.99654 0.00413132 0.0830125 0.0257877 -0.00404353 0.999991 -0.0012256 -0.00249703 -0.0830168 0.0008857 0.996548 0.332095
0.99688 0.00403263 0.0788268 0.0249519 -0.00341043 0.999962 -0.00802632 -0.00690592 -0.0788561 0.00773245 0.996856 0.352154
0.99706 0.00351171 0.0765428 0.018813 -0.00273531 0.999944 -0.0102458 -0.00808991 -0.0765745 0.0100063 0.997014 0.372542
0.99736 0.00120066 0.0726107 0.0282973 -0.000850212 0.999988 -0.00485708 -0.00311678 -0.0726156 0.00478252 0.997349 0.392072
0.997514 0.0034478 0.0703871 0.0236591 -0.00383595 0.999978 0.00538009 -0.00635595 -0.070367 -0.00563671 0.997505 0.412377
0.997737 0.00174519 0.0672118 0.01619 -0.00258453 0.99992 0.012403 -0.00485562 -0.0671847 -0.0125487 0.997662 0.432774
0.998031 -0.00365082 0.0626192 0.0282629 0.00308673 0.999954 0.00910255 -0.0043958 -0.0626495 -0.00889134 0.997996 0.4522
0.998292 -0.0124775 0.057076 0.0377099 0.0125188 0.999922 -0.000366121 -0.00587294 -0.057067 0.00108002 0.99837 0.471562
0.998724 -0.00116824 0.0504815 0.026467 0.00144165 0.999984 -0.00537989 -0.000729078 -0.0504744 0.00544581 0.998711 0.492393
0.999045 0.00417389 0.0434922 0.0188436 -0.00398378 0.999982 -0.00445689 -0.00710236 -0.04351 0.00427937 0.999044 0.512709
0.999363 -0.00223816 0.0356124 0.0120902 0.00217185 0.999996 0.0019007 -0.00847644 -0.0356165 -0.00182214 0.999364 0.5329
0.999582 -0.005195 0.0284546 0.010486 0.00504916 0.999974 0.00519489 -0.00473765 -0.0284809 -0.00504904 0.999582 0.552984
0.999709 -0.00862199 0.022537 0.0167804 0.00840796 0.999919 0.00957463 -0.00432156 -0.0226177 -0.00938236 0.9997 0.572842
0.999841 -0.00473951 0.0171954 0.000283276 0.00458087 0.999947 0.00925368 -0.000766388 -0.0172384 -0.00917344 0.999809 0.593103
0.999938 -0.00531821 0.00976801 0.0186629 0.00529904 0.999984 0.00198748 -0.00631203 -0.00977842 -0.0019356 0.99995 0.612787
0.999954 -0.00932678 0.00221203 0.0108495 0.00934516 0.999921 -0.0084504 -0.00163664 -0.00213303 0.00847068 0.999962 0.633009
0.999934 -0.0106538 -0.00419316 0.00470177 0.0106001 0.999864 -0.012628 -0.00633967 0.00432712 0.0125828 0.999911 0.653056
0.999938 0.0035869 -0.0105479 -0.0176074 -0.0036406 0.99998 -0.00507633 -0.0116903 0.0105295 0.00511442 0.999931 0.672772
0.999829 0.00985798 -0.0156655 -0.0268954 -0.00973373 0.999921 0.00798842 -0.00450315 0.015743 -0.00783457 0.999845 0.692567
0.999778 0.00455643 -0.0205584 -0.0241207 -0.00422976 0.999865 0.0159051 -0.0115657 0.020628 -0.0158147 0.999662 0.712602
0.9997 -0.000243356 -0.0245043 -0.0212057 0.000559591 0.999917 0.0128992 -0.00509502 0.0244991 -0.0129091 0.999617 0.73278
0.999648 0.00149707 -0.0264782 -0.0272568 -0.0014442 0.999997 0.00201592 -0.00166097 0.0264811 -0.00197697 0.999647 0.752609
0.99951 0.0108444 -0.0293672 -0.0382196 -0.0110554 0.999914 -0.00703337 -0.00461706 0.0292884 0.00735459 0.999544 0.772145
0.999477 -0.000222437 -0.0323359 -0.0278694 -0.000139424 0.999937 -0.011188 -0.011013 0.0323364 0.0111867 0.999414 0.763634
