0.999993 -0.00137303 -0.00338692 -0.00631493 0.00136543 0.999997 -0.0022434 -0.0012479 0.00338999 0.00223876 0.999992 0.698142
0.999969 0.00150517 -0.00770404 -0.00921341 -0.00153926 0.999989 -0.00442198 0.00666449 0.0076973 0.0044337 0.999961 0.708706
0.999936 0.000624726 -0.0112949 -0.0195883 -0.000691542 0.999982 -0.00591268 -0.00469324 0.011291 0.00592011 0.999919 0.723306
0.999867 0.00236063 -0.016125 -0.0190894 -0.00247005 0.999974 -0.00676944 -0.0041672 0.0161086 0.00680837 0.999847 0.733618
0.999808 -0.000416222 -0.0196124 -0.0281163 0.000279437 0.999976 -0.00697666 -0.0107013 0.0196148 0.00696984 0.999783 0.741147
0.999693 0.00244994 -0.0246709 -0.0229975 -0.00264368 0.999966 -0.00782345 -0.0130041 0.0246509 0.00788626 0.999665 0.756322
0.999528 0.00287523 -0.0305983 -0.0214919 -0.00313042 0.999961 -0.00829515 -0.00997412 0.0305733 0.00838702 0.999497 0.775463
0.999397 0.00122735 -0.0347034 -0.0385957 -0.00146442 0.999976 -0.00680663 -0.00774878 0.0346942 0.00685335 0.999374 0.788142
0.999229 7.98741e-006 -0.0392667 -0.03598 -0.000156492 0.999993 -0.00377887 -0.0127246 0.0392664 0.0037821 0.999222 0.804787
0.999093 -0.000295307 -0.0425808 -0.0434673 0.000261559 1 -0.000798143 -0.0163668 0.042581 0.000786282 0.999093 0.843147
0.999015 0.00285147 -0.0442917 -0.0584744 -0.00292273 0.999995 -0.00154429 -0.0072051 0.044287 0.00167222 0.999017 0.860767
0.998911 -0.00111289 -0.0466506 -0.0419964 0.00104321 0.999998 -0.00151805 -0.00991549 0.0466522 0.00146773 0.99891 0.863435
0.998845 -0.00272364 -0.0479676 -0.050402 0.0025985 0.999993 -0.00267095 -0.000909666 0.0479745 0.00254322 0.998845 0.878293
0.998746 -0.000514072 -0.0500537 -0.0429171 0.000426594 0.999998 -0.00175836 -0.0106584 0.0500545 0.0017348 0.998745 0.868743
0.99866 -0.000601588 -0.0517493 -0.0467298 0.00050262 0.999998 -0.00192544 -0.0129208 0.0517504 0.00189685 0.998658 0.895642
0.998528 0.00136006 -0.0542131 -0.0451501 -0.00158383 0.99999 -0.00408491 -0.0114653 0.054207 0.00416476 0.998521 0.900182
0.998558 0.00120458 -0.053671 -0.0744572 -0.00160569 0.999971 -0.00743114 -0.000135898 0.0536605 0.0075066 0.998531 0.900464
0.998495 0.00565494 -0.0545579 -0.0703546 -0.00613595 0.999944 -0.00865313 -0.0131527 0.0545059 0.00897487 0.998473 0.901307
0.998408 -1.60138e-005 -0.0564013 -0.046002 -0.00046205 0.999964 -0.00846305 -0.0112915 0.0563995 0.00847564 0.998372 0.925756
0.998404 -0.000371489 -0.0564662 -0.0745855 -4.03783e-005 0.999973 -0.00729272 -0.0129172 0.0564674 0.00728337 0.998378 0.949404
0.998323 -0.000345832 -0.057886 -0.0566676 5.95225e-006 0.999983 -0.00587161 -0.0149477 0.057887 0.00586142 0.998306 0.932336
0.998306 0.000385163 -0.0581774 -0.0669855 -0.00074912 0.99998 -0.00623429 -0.00769347 0.0581738 0.00626731 0.998287 0.915941
0.998233 0.000591404 -0.0594244 -0.0659705 -0.00103468 0.999972 -0.00742902 -0.00644092 0.0594183 0.00747737 0.998205 0.922767
0.998159 -0.00118151 -0.0606481 -0.052368 0.000673718 0.999965 -0.00839253 -0.0119829 0.0606558 0.00833622 0.998124 0.89054
0.998121 -0.000583938 -0.0612757 -0.0567121 0.000158693 0.999976 -0.0069445 -0.0103681 0.0612783 0.00692172 0.998097 0.908747
0.998165 0.00173465 -0.0605289 -0.0693212 -0.00195847 0.999991 -0.00363865 -0.0115318 0.060522 0.00375052 0.99816 0.917138
0.998207 0.000901285 -0.0598527 -0.0599976 -0.000913871 1 -0.000182913 -0.0100442 0.0598525 0.000237283 0.998207 0.947549
0.99831 -0.00166447 -0.0580971 -0.0590683 0.00179763 0.999996 0.0022398 -0.00596714 0.0580931 -0.00234045 0.998308 0.982474
0.998266 -0.00187958 -0.0588308 -0.0373493 0.00207922 0.999992 0.00333241 -0.0103262 0.058824 -0.00344896 0.998262 1.01607
0.998399 -0.0029749 -0.0564921 -0.0602982 0.00299841 0.999995 0.000331429 0.000724569 0.0564908 -0.000500285 0.998403 1.00957
0.99841 0.000804976 -0.0563561 -0.056112 -0.00105023 0.99999 -0.0043224 -0.00995709 0.0563521 0.00437471 0.998401 1.02996
0.998487 0.00095547 -0.0549754 -0.0630713 -0.00136896 0.999971 -0.00748412 -0.0116549 0.0549666 0.00754805 0.99846 0.977792
0.998481 -0.00383391 -0.0549617 -0.0384042 0.0034854 0.999973 -0.00643543 -0.0147869 0.0549849 0.00623409 0.998468 0.933295
0.998499 -0.00224772 -0.0547305 -0.0558691 0.00216246 0.999996 -0.00161694 -0.0120156 0.054734 0.00149616 0.9985 0.96622
0.99848 -0.00402678 -0.0549731 -0.0539004 0.00412909 0.99999 0.00174757 -0.0188427 0.0549655 -0.0019719 0.998486 0.971755
0.998453 -0.0059648 -0.0552801 -0.0539616 0.00602064 0.999982 0.000843682 -0.0133872 0.055274 -0.0011752 0.998471 0.983665
0.998407 -0.00267576 -0.0563573 -0.0542365 0.00247517 0.99999 -0.00362884 -0.00499629 0.0563664 0.00348357 0.998404 0.986211
