0.999997 -3.97994e-006 0.00236058 -0.0749595 -3.97994e-006 0.999994 0.00337199 -0.0323496 -0.00236058 -0.00337199 0.999992 1.52717
0.999995 -6.78638e-006 0.00315708 -0.126263 -6.78638e-006 0.999991 0.00429912 -0.0583851 -0.00315708 -0.00429912 0.999986 3.1702
0.999999 -2.58836e-006 0.00127448 -0.17116 -2.58836e-006 0.999992 0.00406182 -0.066159 -0.00127448 -0.00406182 0.999991 5.11494
0.999999 -2.29604e-006 0.00116708 -0.228597 -2.29604e-006 0.999992 0.00393466 -0.0782753 -0.00116708 -0.00393466 0.999992 6.77719
1 1.55495e-006 -0.00067137 -0.217208 1.55495e-006 0.999989 0.00463215 -0.0981442 0.00067137 -0.00463215 0.999989 8.42704
0.999999 3.77994e-006 -0.00147169 -0.264029 3.77994e-006 0.999987 0.00513683 -0.118045 0.00147169 -0.00513683 0.999986 10.1473
0.999992 9.26849e-006 -0.0040232 -0.273708 9.26849e-006 0.999989 0.00460747 -0.138889 0.0040232 -0.00460747 0.999981 11.8208
0.999977 1.68765e-005 -0.00674006 -0.274449 1.68765e-005 0.999987 0.00500771 -0.163656 0.00674006 -0.00500771 0.999965 13.5026
0.99998 1.44251e-005 -0.00634161 -0.324523 1.44251e-005 0.99999 0.00454927 -0.173314 0.00634161 -0.00454927 0.99997 15.1871
0.999974 1.7064e-005 -0.00726959 -0.345386 1.7064e-005 0.999989 0.00469455 -0.195528 0.00726959 -0.00469455 0.999963 16.789
0.999996 8.03709e-006 -0.00298821 -0.433111 8.03709e-006 0.999986 0.00537915 -0.208794 0.00298821 -0.00537915 0.999981 18.4232
0.999995 8.76475e-006 -0.00307085 -0.457053 8.76475e-006 0.999984 0.0057083 -0.214716 0.00307085 -0.0057083 0.999979 19.9589
0.999987 1.61559e-005 -0.00508636 -0.444592 1.61559e-005 0.99998 0.00635252 -0.22283 0.00508636 -0.00635252 0.999967 21.499
0.999991 1.20145e-005 -0.00418282 -0.491336 1.20145e-005 0.999983 0.00574463 -0.225786 0.00418282 -0.00574463 0.999975 23.0821
0.999994 9.65743e-006 -0.00344221 -0.534283 9.65743e-006 0.999984 0.00561113 -0.2352 0.00344221 -0.00561113 0.999978 24.6366
1 2.18074e-006 -0.00073591 -0.66073 2.18074e-006 0.999982 0.0059266 -0.230387 0.00073591 -0.0059266 0.999982 26.011
1 5.62922e-007 -0.000196157 -0.674141 5.62922e-007 0.999984 0.00573945 -0.243349 0.000196157 -0.00573945 0.999984 27.6743
1 5.62922e-007 -0.000196157 -0.687551 5.62922e-007 0.999984 0.00573945 -0.256311 0.000196157 -0.00573945 0.999984 29.3376
0.999999 2.12271e-006 -0.00129456 -0.670755 2.12271e-006 0.999995 0.00327942 -0.261607 0.00129456 -0.00327942 0.999994 30.7866
0.999988 -1.14084e-005 0.00494772 -0.815552 -1.14084e-005 0.999989 0.00461154 -0.260263 -0.00494772 -0.00461154 0.999977 32.3374
0.999988 -1.14084e-005 0.00494772 -0.960349 -1.14084e-005 0.999989 0.00461154 -0.258919 -0.00494772 -0.00461154 0.999977 33.8883
0.999996 -8.73556e-006 0.00299624 -0.949211 -8.73556e-006 0.999983 0.00583095 -0.289594 -0.00299624 -0.00583095 0.999979 35.5048
0.999996 -8.73556e-006 0.00299624 -0.938073 -8.73556e-006 0.999983 0.00583095 -0.320269 -0.00299624 -0.00583095 0.999979 37.1214
0.999991 -9.19021e-006 0.00429707 -0.954326 -9.19021e-006 0.999991 0.00427739 -0.342505 -0.00429707 -0.00427739 0.999982 38.6037
0.999996 -5.66245e-006 0.00281409 -0.923295 -5.66245e-006 0.999992 0.00402433 -0.366847 -0.00281409 -0.00402433 0.999988 40.0727
0.999995 -4.79801e-006 0.00300441 -0.920065 -4.79801e-006 0.999995 0.00319397 -0.38838 -0.00300441 -0.00319397 0.99999 41.5339
0.999988 -1.06099e-005 0.00486854 -0.921651 -1.06099e-005 0.999991 0.00435852 -0.413336 -0.00486854 -0.00435852 0.999979 42.954
0.999975 -2.36123e-005 0.00704346 -0.929005 -2.36123e-005 0.999978 0.00670458 -0.435794 -0.00704346 -0.00670458 0.999953 44.3451
0.999965 -3.27332e-005 0.00835662 -0.918804 -3.27332e-005 0.999969 0.00783381 -0.452462 -0.00835662 -0.00783381 0.999934 45.7548
0.999936 -4.77553e-005 0.0113314 -0.935131 -4.77553e-005 0.999964 0.0084284 -0.46541 -0.0113314 -0.0084284 0.9999 47.1815
0.999892 -5.7667e-005 0.0146627 -0.921746 -5.7667e-005 0.999969 0.00786526 -0.479311 -0.0146627 -0.00786526 0.999862 48.4766
0.999828 -5.5359e-005 0.0185484 -0.907868 -5.5359e-005 0.999982 0.00596858 -0.491563 -0.0185484 -0.00596858 0.99981 49.82
0.999746 -4.56983e-005 0.0225155 -0.885367 -4.56983e-005 0.999992 0.00405875 -0.507596 -0.0225155 -0.00405875 0.999738 51.1539
0.999642 -6.16781e-005 0.0267631 -0.872273 -6.16781e-005 0.999989 0.00460833 -0.518907 -0.0267631 -0.00460833 0.999631 52.4446
0.999459 -6.79983e-005 0.0328975 -0.862822 -6.79983e-005 0.999991 0.00413281 -0.528019 -0.0328975 -0.00413281 0.99945 53.7098
0.999152 -7.72852e-006 0.0411791 -0.909052 -7.72852e-006 1 0.000375202 -0.538621 -0.0411791 -0.000375202 0.999152 54.631
0.998382 -4.60896e-005 0.0568627 -0.85699 -4.60896e-005 0.999999 0.00161977 -0.562093 -0.0568627 -0.00161977 0.998381 55.852
0.998382 -4.60896e-005 0.0568627 -0.804929 -4.60896e-005 0.999999 0.00161977 -0.585565 -0.0568627 -0.00161977 0.998381 57.073
0.997782 -7.18849e-005 0.0665722 -0.767298 -7.18849e-005 0.999998 0.00215721 -0.59299 -0.0665722 -0.00215721 0.997779 57.6377
0.996794 -7.38839e-005 0.080005 -0.73689 -7.38839e-005 0.999998 0.00184402 -0.598975 -0.080005 -0.00184402 0.996793 58.1648
0.995499 -9.88654e-005 0.094777 -0.684556 -9.88654e-005 0.999998 0.00208158 -0.607342 -0.094777 -0.00208158 0.995496 58.7838
0.993873 -0.000190573 0.110528 -0.583407 -0.000190573 0.999994 0.00343784 -0.622826 -0.110528 -0.00343784 0.993867 59.6994
0.991772 -0.000296397 0.128019 -0.444067 -0.000296397 0.999989 0.00461145 -0.647106 -0.128019 -0.00461145 0.991761 60.8466
0.989129 -0.000280325 0.147052 -0.284533 -0.000280325 0.999993 0.00379185 -0.658345 -0.147052 -0.00379185 0.989121 61.9823
0.98592 -0.00027941 0.16722 -0.0971134 -0.00027941 0.999994 0.00331828 -0.671723 -0.16722 -0.00331828 0.985914 63.1363
0.982227 -0.000382672 0.187698 0.112038 -0.000382672 0.999992 0.00404128 -0.685223 -0.187698 -0.00404128 0.982218 64.2327
0.977826 -0.000765831 0.209416 0.351012 -0.000765831 0.999974 0.00723279 -0.701048 -0.209416 -0.00723279 0.9778 65.3442
0.972624 -0.00115738 0.232383 0.615023 -0.00115738 0.999951 0.00982441 -0.714172 -0.232383 -0.00982441 0.972575 66.4445
0.966685 -0.00138932 0.255967 0.897429 -0.00138932 0.999942 0.0106743 -0.723104 -0.255967 -0.0106743 0.966627 67.505
0.959824 -0.00152953 0.280597 1.21403 -0.00152953 0.999942 0.0106827 -0.733541 -0.280597 -0.0106827 0.959766 68.5605
0.951684 -0.00188677 0.307074 1.53395 -0.00188677 0.999926 0.0119913 -0.742924 -0.307074 -0.0119913 0.95161 69.5768
0.942757 -0.0025289 0.333472 1.89885 -0.0025289 0.999888 0.0147321 -0.742312 -0.333472 -0.0147321 0.942645 70.5878
0.932843 -0.00342689 0.360268 2.31593 -0.00342689 0.999825 0.0183837 -0.735213 -0.360268 -0.0183837 0.932668 71.6067
0.921713 -0.00386952 0.387854 2.74722 -0.00386952 0.999809 0.0191705 -0.733948 -0.387854 -0.0191705 0.921521 72.597
0.908972 -0.00332002 0.416844 3.18596 -0.00332002 0.999879 0.0152033 -0.741622 -0.416844 -0.0152033 0.908851 73.5621
0.895717 -0.00272965 0.444616 3.66899 -0.00272965 0.999929 0.011638 -0.738905 -0.444616 -0.011638 0.895646 74.5041
0.881063 -0.00264253 0.472992 4.1167 -0.00264253 0.999941 0.0105088 -0.743613 -0.472992 -0.0105088 0.881004 75.3354
0.864857 -0.00334353 0.502008 4.60918 -0.00334353 0.999917 0.01242 -0.74545 -0.502008 -0.01242 0.864774 76.1894
0.846329 -0.00414792 0.532644 5.12652 -0.00414792 0.999888 0.0143773 -0.749215 -0.532644 -0.0143773 0.846217 77.0294
0.82605 -0.00485542 0.563576 5.70028 -0.00485542 0.999864 0.0157309 -0.751164 -0.563576 -0.0157309 0.825914 77.8774
0.80406 -0.00278585 0.594542 6.32307 -0.00278585 0.99996 0.0084531 -0.75448 -0.594542 -0.0084531 0.80402 78.736
0.781521 -0.000186591 0.623879 6.93931 -0.000186591 1 0.000532822 -0.760374 -0.623879 -0.000532822 0.781521 79.5212
0.759142 0.000390149 0.650925 7.55154 0.000390149 0.999999 -0.00105439 -0.765057 -0.650925 0.00105439 0.759141 80.2101
0.735357 -0.000551354 0.67768 8.19922 -0.000551354 0.999999 0.00141187 -0.776265 -0.67768 -0.00141187 0.735356 80.91
0.710714 -0.000600826 0.703481 8.87835 -0.000600826 0.999999 0.00146108 -0.790979 -0.703481 -0.00146108 0.710713 81.5723
0.684886 0.000199074 0.72865 9.56447 0.000199074 1 -0.000460326 -0.806689 -0.72865 0.000460326 0.684886 82.2173
0.658648 0.000996403 0.75245 10.3344 0.000996403 0.999997 -0.0021964 -0.822412 -0.75245 0.0021964 0.658646 82.8771
0.631297 0.00234327 0.775538 11.0424 0.00234327 0.999985 -0.00492888 -0.833327 -0.775538 0.00492888 0.631282 83.4511
0.603368 0.00273671 0.797459 11.7769 0.00273671 0.999981 -0.00550235 -0.84779 -0.797459 0.00550235 0.603349 83.999
0.575184 0.00564917 0.818005 12.5695 0.00564917 0.999925 -0.0108778 -0.872047 -0.818005 0.0108778 0.575109 84.5249
0.54518 0.00912388 0.838269 13.3625 0.00912388 0.999817 -0.016816 -0.891481 -0.838269 0.016816 0.544997 85.0493
0.514002 0.012937 0.857692 14.1836 0.012937 0.999656 -0.0228313 -0.891015 -0.857692 0.0228313 0.513657 85.5551
0.48227 0.0162255 0.875872 14.9602 0.0162255 0.999491 -0.0274496 -0.912054 -0.875872 0.0274496 0.481762 85.983
0.4499 0.0177242 0.892903 15.7408 0.0177242 0.999429 -0.0287694 -0.942464 -0.892903 0.0287694 0.449329 86.3803
0.416349 0.0207048 0.908969 16.5605 0.0207048 0.999266 -0.0322453 -0.975758 -0.908969 0.0322453 0.415615 86.7828
0.382837 0.0237641 0.92351 17.4526 0.0237641 0.999085 -0.0355602 -1.01564 -0.92351 0.0355602 0.381922 87.1503
0.34822 0.0296713 0.936943 18.3594 0.0296713 0.998649 -0.0426528 -1.05887 -0.936943 0.0426528 0.346869 87.5009
0.312582 0.0349233 0.949249 19.2293 0.0349233 0.998226 -0.0482252 -1.11412 -0.949249 0.0482252 0.310808 87.8039
0.277411 0.0382185 0.959991 20.179 0.0382185 0.997979 -0.0507749 -1.16571 -0.959991 0.0507749 0.275389 88.071
0.241006 0.0405678 0.969675 21.1078 0.0405678 0.997832 -0.0518286 -1.22156 -0.969675 0.0518286 0.238838 88.3137
0.204961 0.0420149 0.977868 22.0493 0.0420149 0.99778 -0.0516768 -1.28027 -0.977868 0.0516768 0.202741 88.5193
0.169797 0.0423844 0.984567 23.0174 0.0423844 0.997836 -0.0502651 -1.33627 -0.984567 0.0502651 0.167633 88.6785
0.134278 0.0375025 0.990234 23.9037 0.0375025 0.998375 -0.0428963 -1.39019 -0.990234 0.0428963 0.132653 88.7965
0.100357 0.0382066 0.994218 24.9226 0.0382066 0.998377 -0.0422231 -1.4433 -0.994218 0.0422231 0.0987345 88.8914
0.0673208 0.0408318 0.996896 25.8896 0.0408318 0.998212 -0.0436431 -1.48862 -0.996896 0.0436431 0.0655332 88.9607
0.0374234 0.0371098 0.99861 26.8962 0.0371098 0.998569 -0.038499 -1.53343 -0.99861 0.038499 0.0359927 88.985
0.0116647 0.0375204 0.999228 27.8852 0.0375204 0.998576 -0.0379339 -1.57601 -0.999228 0.0379339 0.0102403 89.0034
-0.0106331 0.0384595 0.999204 28.9361 0.0384595 0.998536 -0.0380246 -1.62206 -0.999204 0.0380246 -0.0120967 88.9884
-0.0289833 0.0376198 0.998872 30.0292 0.0376198 0.998625 -0.0365189 -1.66694 -0.998872 0.0365189 -0.0303587 88.9599
-0.0455437 0.0367662 0.998286 31.2161 0.0367662 0.998707 -0.0351044 -1.72669 -0.998286 0.0351044 -0.0468366 88.8977
-0.0604683 0.0342059 0.997584 32.2996 0.0342059 0.998897 -0.0321776 -1.76723 -0.997584 0.0321776 -0.0615716 88.831
-0.0731771 0.0312131 0.99683 33.4233 0.0312131 0.999092 -0.0289925 -1.80841 -0.99683 0.0289925 -0.0740849 88.7427
-0.0829165 0.0254532 0.996231 34.4742 0.0254532 0.999402 -0.0234157 -1.85796 -0.996231 0.0234157 -0.0835148 88.6694
-0.0882535 0.0198473 0.9959 35.4872 0.0198473 0.999638 -0.018163 -1.89287 -0.9959 0.018163 -0.0886155 88.5644
-0.0910109 0.0163892 0.995715 36.5688 0.0163892 0.999754 -0.0149577 -1.91822 -0.995715 0.0149577 -0.0912571 88.4499
-0.0945542 0.0148158 0.995409 37.5436 0.0148158 0.999799 -0.0134738 -1.9439 -0.995409 0.0134738 -0.0947547 88.3667
-0.0967306 0.0122535 0.995235 38.5654 0.0122535 0.999863 -0.0111195 -1.96586 -0.995235 0.0111195 -0.0968675 88.2546
-0.0985672 0.0092191 0.995088 39.5958 0.0092191 0.999923 -0.00835071 -1.97928 -0.995088 0.00835071 -0.0986446 88.1419
-0.100472 0.00510116 0.994927 40.6498 0.00510116 0.999976 -0.00461191 -1.98679 -0.994927 0.00461191 -0.100496 88.0219
-0.102857 0.00330819 0.994691 41.6576 0.00330819 0.99999 -0.00298373 -1.99886 -0.994691 0.00298373 -0.102867 87.9183
-0.10493 0.000671634 0.994479 42.7089 0.000671634 1 -0.000604497 -2.01174 -0.994479 0.000604497 -0.10493 87.8048
-0.108932 -0.0013309 0.994048 43.7204 -0.0013309 0.999998 0.00119302 -2.03266 -0.994048 -0.00119302 -0.108934 87.7489
-0.114175 0.000304741 0.993461 44.9277 0.000304741 1 -0.000271724 -2.03633 -0.993461 0.000271724 -0.114175 87.6263
-0.114175 0.000304741 0.993461 46.1349 0.000304741 1 -0.000271724 -2.03999 -0.993461 0.000271724 -0.114175 87.5037
-0.116432 0.00184047 0.993197 47.3356 0.00184047 0.999997 -0.00163732 -2.05037 -0.993197 0.00163732 -0.116435 87.3608
-0.119159 0.00322375 0.99287 48.3811 0.00322375 0.999991 -0.00285998 -2.05902 -0.99287 0.00285998 -0.119168 87.2565
-0.121364 0.00851501 0.992571 49.3942 0.00851501 0.999935 -0.00753703 -2.06795 -0.992571 0.00753703 -0.121429 87.1441
-0.12266 0.00788643 0.992417 50.3766 0.00788643 0.999945 -0.00697151 -2.08293 -0.992417 0.00697151 -0.122715 87.0152
-0.124765 0.0106397 0.992129 51.3355 0.0106397 0.999899 -0.00938506 -2.09196 -0.992129 0.00938506 -0.124865 86.8928
-0.129411 0.0162365 0.991458 52.1476 0.0162365 0.999767 -0.0142533 -2.10895 -0.991458 0.0142533 -0.129645 86.7782
-0.129411 0.0162365 0.991458 52.9597 0.0162365 0.999767 -0.0142533 -2.12594 -0.991458 0.0142533 -0.129645 86.6637
-0.13159 0.0185311 0.991131 54.0074 0.0185311 0.999697 -0.0162309 -2.14737 -0.991131 0.0162309 -0.131894 86.537
-0.132278 0.0150366 0.991099 55.0331 0.0150366 0.9998 -0.0131617 -2.16513 -0.991099 0.0131617 -0.132478 86.3868
-0.133834 0.0143724 0.9909 56.021 0.0143724 0.999818 -0.0125606 -2.18538 -0.9909 0.0125606 -0.134016 86.273
-0.133723 0.013512 0.990927 57.0101 0.013512 0.999839 -0.0118101 -2.19674 -0.990927 0.0118101 -0.133884 86.134
-0.132771 0.0174184 0.990994 58.0245 0.0174184 0.999732 -0.0152383 -2.21929 -0.990994 0.0152383 -0.133038 85.9942
-0.134194 0.0241691 0.99066 59.0041 0.0241691 0.999485 -0.0211104 -2.24632 -0.99066 0.0211104 -0.134709 85.9005
-0.134352 0.0288492 0.990514 60.0052 0.0288492 0.999266 -0.0251911 -2.27688 -0.990514 0.0251911 -0.135086 85.7763
-0.134821 0.0352913 0.990241 61.0189 0.0352913 0.998902 -0.030795 -2.31354 -0.990241 0.030795 -0.135919 85.6635
-0.133969 0.0399594 0.99018 62.0502 0.0399594 0.998592 -0.0348925 -2.34565 -0.99018 0.0348925 -0.135377 85.5215
-0.133333 0.0395891 0.99028 63.0825 0.0395891 0.998617 -0.034592 -2.38087 -0.99028 0.034592 -0.134716 85.3644
-0.13382 0.0367012 0.990326 64.16 0.0367012 0.998812 -0.0320563 -2.42318 -0.990326 0.0320563 -0.135008 85.2172
-0.134425 0.0316582 0.990418 65.2867 0.0316582 0.999117 -0.0276394 -2.4664 -0.990418 0.0276394 -0.135309 85.0649
-0.133667 0.0201814 0.990821 66.4427 0.0201814 0.999641 -0.0176385 -2.50671 -0.990821 0.0176385 -0.134026 84.8816
-0.133033 0.0125826 0.991032 67.6157 0.0125826 0.99986 -0.0110057 -2.53287 -0.991032 0.0110057 -0.133173 84.7151
-0.131035 0.00568372 0.991361 68.7246 0.00568372 0.999971 -0.00498182 -2.5441 -0.991361 0.00498182 -0.131064 84.5389
-0.129539 0.0028711 0.99157 69.7908 0.0028711 0.999993 -0.00252041 -2.54922 -0.99157 0.00252041 -0.129546 84.3832
-0.128622 0.00585822 0.991676 70.834 0.00585822 0.99997 -0.00514739 -2.54952 -0.991676 0.00514739 -0.128653 84.2445
-0.127282 0.0067224 0.991844 71.9772 0.0067224 0.99996 -0.00591473 -2.55322 -0.991844 0.00591473 -0.127322 84.0863
-0.128263 0.0122098 0.991665 73.1535 0.0122098 0.999868 -0.0107315 -2.56482 -0.991665 0.0107315 -0.128395 83.9548
-0.127244 0.0124391 0.991793 74.3289 0.0124391 0.999863 -0.0109444 -2.57523 -0.991793 0.0109444 -0.127381 83.7964
-0.127437 0.0118579 0.991776 75.429 0.0118579 0.999875 -0.0104311 -2.58972 -0.991776 0.0104311 -0.127562 83.6616
-0.127624 0.0125009 0.991744 76.425 0.0125009 0.999861 -0.0109945 -2.60342 -0.991744 0.0109945 -0.127763 83.5429
-0.126518 0.0114665 0.991898 77.4493 0.0114665 0.999883 -0.0100962 -2.60547 -0.991898 0.0100962 -0.126635 83.4037
-0.125751 0.00998344 0.992012 78.433 0.00998344 0.999911 -0.00879741 -2.61952 -0.992012 0.00879741 -0.125839 83.273
-0.127492 0.0129607 0.991755 79.4871 0.0129607 0.999851 -0.0114004 -2.64876 -0.991755 0.0114004 -0.127641 83.1631
-0.128195 0.0141132 0.991649 80.6076 0.0141132 0.999823 -0.0124051 -2.66727 -0.991649 0.0124051 -0.128371 83.0445
-0.128726 0.0148621 0.991569 81.7107 0.0148621 0.999804 -0.0130561 -2.69296 -0.991569 0.0130561 -0.128921 82.9221
-0.128668 0.0160337 0.991558 82.786 0.0160337 0.999772 -0.0140859 -2.71761 -0.991558 0.0140859 -0.128896 82.7886
-0.128961 0.017575 0.991494 83.8485 0.017575 0.999726 -0.015435 -2.74214 -0.991494 0.015435 -0.129235 82.6633
-0.129292 0.018518 0.991434 84.9659 0.018518 0.999696 -0.0162574 -2.77598 -0.991434 0.0162574 -0.129596 82.5333
-0.12854 0.0172568 0.991554 86.1052 0.0172568 0.999736 -0.0151621 -2.80647 -0.991554 0.0151621 -0.128804 82.3863
-0.128529 0.0151674 0.99159 87.2306 0.0151674 0.999796 -0.013327 -2.83239 -0.99159 0.013327 -0.128733 82.2503
-0.127045 0.0150744 0.991782 88.3425 0.0150744 0.999798 -0.0132653 -2.85487 -0.991782 0.0132653 -0.127247 82.1073
-0.12677 0.0164529 0.991796 89.4358 0.0164529 0.99976 -0.0144821 -2.87642 -0.991796 0.0144821 -0.12701 81.9814
-0.126463 0.018302 0.991802 90.5628 0.018302 0.999703 -0.0161141 -2.89711 -0.991802 0.0161141 -0.126761 81.8538
-0.123949 0.0167904 0.992147 91.6931 0.0167904 0.999749 -0.0148214 -2.91541 -0.992147 0.0148214 -0.124199 81.6951
-0.123736 0.0161153 0.992184 92.8544 0.0161153 0.999769 -0.0142287 -2.94015 -0.992184 0.0142287 -0.123968 81.5765
-0.122242 0.0172638 0.99235 94.0313 0.0172638 0.999734 -0.0152657 -2.96178 -0.99235 0.0152657 -0.122508 81.4394
-0.120758 0.0164804 0.992545 95.2266 0.0164804 0.999758 -0.0145951 -2.98147 -0.992545 0.0145951 -0.121 81.2921
-0.120773 0.0209953 0.992458 96.4514 0.0209953 0.999607 -0.0185916 -3.01526 -0.992458 0.0185916 -0.121166 81.1726
-0.120104 0.0236139 0.99248 97.6692 0.0236139 0.999502 -0.0209233 -3.06194 -0.99248 0.0209233 -0.120602 81.0543
-0.121055 0.0282435 0.992244 98.8678 0.0282435 0.999288 -0.0249983 -3.08739 -0.992244 0.0249983 -0.121767 80.9327
-0.122028 0.0328484 0.991983 100.043 0.0328484 0.999038 -0.0290412 -3.1217 -0.991983 0.0290412 -0.122989 80.8062
-0.121948 0.0343785 0.991941 101.2 0.0343785 0.998947 -0.0303949 -3.17372 -0.991941 0.0303949 -0.123001 80.6629
-0.12243 0.0363005 0.991813 102.455 0.0363005 0.998826 -0.0320762 -3.21965 -0.991813 0.0320762 -0.123604 80.5101
-0.124455 0.039635 0.991433 103.717 0.039635 0.998603 -0.0349462 -3.2711 -0.991433 0.0349462 -0.125852 80.3742
-0.126321 0.0403077 0.99117 104.984 0.0403077 0.998558 -0.035471 -3.32471 -0.99117 0.035471 -0.127764 80.221
-0.129622 0.0427352 0.990642 106.256 0.0427352 0.998383 -0.0374774 -3.3756 -0.990642 0.0374774 -0.131238 80.0802
-0.13205 0.047237 0.990117 107.506 0.047237 0.998029 -0.0413146 -3.45407 -0.990117 0.0413146 -0.134021 79.9179
-0.134979 0.0471389 0.989726 108.78 0.0471389 0.998042 -0.0411061 -3.53309 -0.989726 0.0411061 -0.136937 79.7277
-0.139843 0.0515844 0.988829 110.079 0.0515844 0.997666 -0.0447502 -3.60147 -0.988829 0.0447502 -0.142177 79.5534
-0.145746 0.0488643 0.988115 111.217 0.0488643 0.997916 -0.0421416 -3.66017 -0.988115 0.0421416 -0.14783 79.3687
-0.154712 0.0483879 0.986774 112.447 0.0483879 0.997972 -0.0413505 -3.70739 -0.986774 0.0413505 -0.15674 79.1741
-0.16563 0.0474704 0.985045 113.674 0.0474704 0.998067 -0.040116 -3.77633 -0.985045 0.040116 -0.167564 78.966
-0.178576 0.0495267 0.982679 114.976 0.0495267 0.997919 -0.0412946 -3.83869 -0.982679 0.0412946 -0.180657 78.7461
-0.19323 0.0496423 0.979897 116.152 0.0496423 0.997935 -0.0407669 -3.89411 -0.979897 0.0407669 -0.195296 78.5232
-0.20748 0.050765 0.976921 117.439 0.050765 0.997866 -0.0410718 -3.96557 -0.976921 0.0410718 -0.209614 78.2572
-0.223038 0.0473289 0.97366 118.707 0.0473289 0.998168 -0.0376785 -4.02762 -0.97366 0.0376785 -0.22487 77.9498
-0.238096 0.0506958 0.969918 119.93 0.0506958 0.997924 -0.0397148 -4.08195 -0.969918 0.0397148 -0.240172 77.6382
-0.253469 0.0510707 0.965995 121.174 0.0510707 0.997919 -0.039358 -4.14112 -0.965995 0.039358 -0.255549 77.3272
-0.268545 0.0561366 0.96163 122.369 0.0561366 0.997516 -0.0425548 -4.19458 -0.96163 0.0425548 -0.271029 77.0176
-0.282717 0.0675822 0.95682 123.51 0.0675822 0.996439 -0.0504117 -4.25408 -0.95682 0.0504117 -0.286278 76.6878
-0.296887 0.0769735 0.951805 124.721 0.0769735 0.995431 -0.056492 -4.32358 -0.951805 0.056492 -0.301455 76.3207
-0.311631 0.0817589 0.946679 125.95 0.0817589 0.994904 -0.0590101 -4.40706 -0.946679 0.0590101 -0.316728 75.9307
-0.325838 0.0837752 0.941707 127.16 0.0837752 0.994707 -0.0595032 -4.48804 -0.941707 0.0595032 -0.331131 75.5197
-0.340256 0.0826503 0.936694 128.344 0.0826503 0.994903 -0.0577636 -4.56943 -0.936694 0.0577636 -0.345353 75.1038
-0.353956 0.0818276 0.931676 129.494 0.0818276 0.995055 -0.0563067 -4.64289 -0.931676 0.0563067 -0.358901 74.6529
-0.366996 0.0854885 0.926286 130.65 0.0854885 0.994654 -0.0579276 -4.7201 -0.926286 0.0579276 -0.372342 74.1914
-0.380925 0.0883463 0.920376 131.812 0.0883463 0.994348 -0.0588821 -4.80333 -0.920376 0.0588821 -0.386577 73.7189
-0.395121 0.08989 0.914221 132.965 0.08989 0.994208 -0.0589048 -4.88959 -0.914221 0.0589048 -0.400913 73.2338
-0.410109 0.0899027 0.907595 134.136 0.0899027 0.994268 -0.0578645 -4.97357 -0.907595 0.0578645 -0.415841 72.7077
-0.4249 0.0904359 0.900712 135.262 0.0904359 0.99426 -0.0571666 -5.05876 -0.900712 0.0571666 -0.430639 72.1803
-0.440188 0.0894158 0.893443 136.374 0.0894158 0.994449 -0.0554704 -5.14473 -0.893443 0.0554704 -0.445739 71.6387
-0.455136 0.0889754 0.885965 137.421 0.0889754 0.99456 -0.054173 -5.21408 -0.885965 0.054173 -0.460576 71.1058
-0.470152 0.0878563 0.878202 138.445 0.0878563 0.99475 -0.0524814 -5.27644 -0.878202 0.0524814 -0.475402 70.5573
-0.484454 0.0943973 0.869709 139.359 0.0943973 0.993997 -0.0553053 -5.3228 -0.869709 0.0553053 -0.490457 70.0508
-0.497764 0.104245 0.861025 140.317 0.104245 0.992744 -0.0599278 -5.38751 -0.861025 0.0599278 -0.50502 69.4753
-0.512323 0.105961 0.852231 141.303 0.105961 0.992576 -0.0597115 -5.45192 -0.852231 0.0597115 -0.519747 68.8489
-0.527541 0.114812 0.841736 142.308 0.114812 0.991371 -0.0632661 -5.53041 -0.841736 0.0632661 -0.53617 68.231
-0.542122 0.120885 0.831559 143.288 0.120885 0.990524 -0.065185 -5.60711 -0.831559 0.065185 -0.551598 67.578
-0.556623 0.129319 0.820639 144.248 0.129319 0.989257 -0.068176 -5.69128 -0.820639 0.068176 -0.567366 66.9261
-0.571018 0.134564 0.809834 145.204 0.134564 0.988474 -0.0693657 -5.77625 -0.809834 0.0693657 -0.582544 66.2594
-0.584176 0.142028 0.799104 146.084 0.142028 0.987267 -0.0716429 -5.85503 -0.799104 0.0716429 -0.596909 65.5994
-0.597077 0.149046 0.788216 147.056 0.149046 0.98609 -0.0735596 -5.94471 -0.788216 0.0735596 -0.610986 64.8525
-0.610757 0.154369 0.776625 147.979 0.154369 0.985206 -0.0744291 -6.02774 -0.776625 0.0744291 -0.625551 64.1164
-0.623909 0.162709 0.764371 148.949 0.162709 0.983697 -0.0765867 -6.1263 -0.764371 0.0765867 -0.640212 63.3275
-0.638297 0.165466 0.751796 149.918 0.165466 0.983288 -0.0759307 -6.2385 -0.751796 0.0759307 -0.655009 62.509
-0.652099 0.174409 0.7378 150.815 0.174409 0.981588 -0.0778881 -6.35127 -0.7378 0.0778881 -0.670511 61.7371
-0.665209 0.185465 0.723256 151.722 0.185465 0.979344 -0.0805536 -6.45055 -0.723256 0.0805536 -0.685866 60.9034
-0.67502 0.208808 0.707635 152.571 0.208808 0.97397 -0.0882137 -6.5508 -0.707635 0.0882137 -0.70105 60.088
-0.688264 0.223118 0.690297 153.489 0.223118 0.970513 -0.0912284 -6.67696 -0.690297 0.0912284 -0.717751 59.1746
-0.701571 0.23862 0.67146 154.401 0.23862 0.966537 -0.0941623 -6.79713 -0.67146 0.0941623 -0.735034 58.2169
-0.713733 0.255024 0.652341 155.173 0.255024 0.962049 -0.0970763 -6.90488 -0.652341 0.0970763 -0.751683 57.3544
-0.72577 0.269059 0.633139 155.932 0.269059 0.958052 -0.0987106 -7.02201 -0.633139 0.0987106 -0.767718 56.4579
-0.740736 0.273709 0.613509 156.711 0.273709 0.956963 -0.0964666 -7.1506 -0.613509 0.0964666 -0.783774 55.4893
-0.750864 0.289055 0.593844 157.458 0.289055 0.952279 -0.0980395 -7.27029 -0.593844 0.0980395 -0.798585 54.5154
-0.761193 0.301298 0.574287 158.209 0.301298 0.948455 -0.0982468 -7.40014 -0.574287 0.0982468 -0.812737 53.4565
-0.772936 0.309119 0.55409 158.947 0.309119 0.946104 -0.0966081 -7.53245 -0.55409 0.0966081 -0.826832 52.369
-0.785488 0.313501 0.533597 159.432 0.313501 0.944955 -0.0936905 -7.62161 -0.533597 0.0936905 -0.840533 51.6129
-0.793481 0.326981 0.513295 160.013 0.326981 0.940386 -0.0935821 -7.72388 -0.513295 0.0935821 -0.853095 50.6708
-0.79473 0.353615 0.493316 160.466 0.353615 0.930328 -0.0971977 -7.80732 -0.493316 0.0971977 -0.864403 49.886
-0.800986 0.364975 0.474568 161.009 0.364975 0.926037 -0.0961725 -7.92211 -0.474568 0.0961725 -0.874949 48.9096
-0.81189 0.362297 0.457794 161.555 0.362297 0.927557 -0.0915384 -8.03718 -0.457794 0.0915384 -0.884333 47.8802
-0.81381 0.37911 0.440442 162.031 0.37911 0.920761 -0.0920581 -8.1367 -0.440442 0.0920581 -0.893049 46.932
-0.811483 0.40346 0.422748 162.487 0.40346 0.91014 -0.0941559 -8.2294 -0.422748 0.0941559 -0.901343 46.0568
-0.810356 0.420524 0.408023 162.919 0.420524 0.902317 -0.0947788 -8.32268 -0.408023 0.0947788 -0.908039 45.094
-0.808483 0.436859 0.394347 163.291 0.436859 0.894472 -0.0952589 -8.40549 -0.394347 0.0952589 -0.914011 44.2156
-0.803244 0.458128 0.380681 163.706 0.458128 0.883609 -0.0967148 -8.5123 -0.380681 0.0967148 -0.919635 43.2195
-0.786654 0.496365 0.367147 164.131 0.496365 0.862101 -0.102 -8.63627 -0.367147 0.102 -0.924553 42.1848
-0.771296 0.5284 0.354817 164.55 0.5284 0.842372 -0.105846 -8.76312 -0.354817 0.105846 -0.928925 41.1144
-0.75877 0.553336 0.343638 164.981 0.553336 0.825912 -0.108114 -8.88841 -0.343638 0.108114 -0.932858 39.9798
-0.761851 0.554285 0.335187 165.369 0.554285 0.82562 -0.105451 -9.0241 -0.335187 0.105451 -0.936232 38.904
-0.765542 0.553277 0.328374 165.781 0.553277 0.826617 -0.102904 -9.1628 -0.328374 0.102904 -0.938926 37.7419
-0.772606 0.546548 0.323057 166.176 0.546548 0.831483 -0.0996082 -9.28934 -0.323057 0.0996082 -0.941123 36.5927
-0.76339 0.562374 0.317759 166.545 0.562374 0.82065 -0.101339 -9.41072 -0.317759 0.101339 -0.94274 35.5075
-0.739034 0.596646 0.312797 166.923 0.596646 0.795296 -0.107318 -9.54045 -0.312797 0.107318 -0.943738 34.3722
-0.722738 0.61884 0.307711 167.315 0.61884 0.777701 -0.110536 -9.68617 -0.307711 0.110536 -0.945037 33.1914
-0.718302 0.625762 0.30408 167.709 0.625762 0.772113 -0.110738 -9.83396 -0.30408 0.110738 -0.946188 31.9688
-0.720048 0.625483 0.300503 168.119 0.625483 0.772548 -0.109276 -10.0015 -0.300503 0.109276 -0.9475 30.6703
-0.722817 0.624027 0.296859 168.537 0.624027 0.773969 -0.107526 -10.1695 -0.296859 0.107526 -0.948848 29.3998
-0.725395 0.621384 0.296115 168.917 0.621384 0.776214 -0.106643 -10.3272 -0.296115 0.106643 -0.94918 28.1539
-0.730967 0.614592 0.296586 169.304 0.614592 0.781785 -0.105305 -10.4792 -0.296586 0.105305 -0.949182 26.8897
-0.73527 0.608819 0.297854 169.678 0.608819 0.786396 -0.104502 -10.6328 -0.297854 0.104502 -0.948874 25.6611
-0.743414 0.598603 0.298345 170.074 0.598603 0.794469 -0.102437 -10.7854 -0.298345 0.102437 -0.948945 24.4314
-0.746939 0.592903 0.300912 170.442 0.592903 0.798772 -0.102128 -10.9125 -0.300912 0.102128 -0.948168 23.2348
-0.749252 0.588456 0.303875 170.808 0.588456 0.802041 -0.102225 -11.0371 -0.303875 0.102225 -0.947212 22.0672
-0.745782 0.591806 0.305902 171.213 0.591806 0.799383 -0.103698 -11.2056 -0.305902 0.103698 -0.946399 20.862
-0.737479 0.600476 0.309117 171.621 0.600476 0.792474 -0.106831 -11.3679 -0.309117 0.106831 -0.945005 19.6566
-0.729497 0.607791 0.313726 172.024 0.607791 0.786406 -0.110251 -11.5321 -0.313726 0.110251 -0.943091 18.4787
-0.726568 0.607305 0.321373 172.443 0.607305 0.786386 -0.11304 -11.6826 -0.321373 0.11304 -0.940181 17.2245
-0.736418 0.590771 0.329663 172.87 0.590771 0.799006 -0.112159 -11.842 -0.329663 0.112159 -0.937413 15.947
-0.743605 0.576864 0.338051 173.286 0.576864 0.809147 -0.111843 -11.9934 -0.338051 0.111843 -0.934458 14.7958
-0.759061 0.55037 0.347733 173.743 0.55037 0.827802 -0.108798 -12.1591 -0.347733 0.108798 -0.93126 13.5549
-0.764744 0.535459 0.3584 174.201 0.535459 0.837531 -0.108746 -12.3063 -0.3584 0.108746 -0.927213 12.3503
-0.776561 0.5097 0.37035 174.64 0.5097 0.853765 -0.106255 -12.4516 -0.37035 0.106255 -0.922795 11.2529
-0.789145 0.479302 0.384082 175.104 0.479302 0.871598 -0.102893 -12.5826 -0.384082 0.102893 -0.917548 10.1287
-0.796023 0.455963 0.398051 175.589 0.455963 0.884243 -0.101055 -12.7197 -0.398051 0.101055 -0.91178 8.99176
-0.792783 0.449657 0.411466 176.082 0.449657 0.887219 -0.103202 -12.8513 -0.411466 0.103202 -0.905563 7.89856
-0.796983 0.429294 0.424882 176.578 0.429294 0.897443 -0.101503 -12.984 -0.424882 0.101503 -0.89954 6.83497
-0.797215 0.416636 0.436879 177.122 0.416636 0.903414 -0.101279 -13.1206 -0.436879 0.101279 -0.893801 5.76526
-0.795249 0.405136 0.451046 177.673 0.405136 0.908572 -0.101788 -13.2663 -0.451046 0.101788 -0.886677 4.65727
-0.793116 0.392452 0.465777 178.265 0.392452 0.914105 -0.101943 -13.4073 -0.465777 0.101943 -0.87901 3.53606
-0.790805 0.379881 0.479915 178.853 0.379881 0.919416 -0.101804 -13.5665 -0.479915 0.101804 -0.871388 2.45388
-0.787727 0.365697 0.495734 179.383 0.365697 0.925193 -0.101407 -13.7035 -0.495734 0.101407 -0.862534 1.47371
-0.785842 0.342876 0.514673 179.991 0.342876 0.934169 -0.0988156 -13.8289 -0.514673 0.0988156 -0.851673 0.402691
-0.779002 0.331303 0.532348 180.546 0.331303 0.938301 -0.0991391 -13.9753 -0.532348 0.0991391 -0.8407 -0.540701
-0.773445 0.315511 0.54976 181.205 0.315511 0.943868 -0.0978071 -14.1098 -0.54976 0.0978071 -0.829577 -1.5675
-0.766817 0.301055 0.566883 181.891 0.301055 0.948702 -0.0965936 -14.2512 -0.566883 0.0965936 -0.818115 -2.57859
-0.757874 0.293932 0.582435 182.628 0.293932 0.950852 -0.0973884 -14.4101 -0.582435 0.0973884 -0.807022 -3.56235
-0.748246 0.277992 0.602369 183.304 0.277992 0.955796 -0.0957839 -14.5286 -0.602369 0.0957839 -0.79245 -4.50839
-0.734162 0.275986 0.620353 183.998 0.275986 0.956078 -0.0987272 -14.6825 -0.620353 0.0987272 -0.778084 -5.42723
-0.725068 0.244532 0.643801 184.741 0.244532 0.965337 -0.0912603 -14.8028 -0.643801 0.0912603 -0.759731 -6.37174
-0.713023 0.226807 0.663443 185.506 0.226807 0.96997 -0.087841 -14.9212 -0.663443 0.087841 -0.743053 -7.24185
-0.697429 0.218309 0.682594 186.235 0.218309 0.971923 -0.0877894 -15.0431 -0.682594 0.0877894 -0.725506 -8.03501
-0.680588 0.208273 0.70244 187.003 0.208273 0.974189 -0.0870525 -15.1568 -0.70244 0.0870525 -0.706399 -8.82568
-0.661983 0.205819 0.720707 187.813 0.205819 0.974512 -0.0892517 -15.2866 -0.720707 0.0892517 -0.687471 -9.58783
-0.643185 0.194672 0.740552 188.617 0.194672 0.976937 -0.0877347 -15.398 -0.740552 0.0877347 -0.666248 -10.3483
-0.624119 0.184279 0.759287 189.468 0.184279 0.979091 -0.0861519 -15.4962 -0.759287 0.0861519 -0.645028 -11.0862
-0.604671 0.17781 0.776374 190.341 0.17781 0.980297 -0.0860283 -15.6071 -0.776374 0.0860283 -0.624373 -11.7848
-0.583778 0.171987 0.793488 191.234 0.171987 0.981324 -0.086167 -15.721 -0.793488 0.086167 -0.602454 -12.4639
-0.56109 0.163743 0.811398 192.171 0.163743 0.982825 -0.0851077 -15.8416 -0.811398 0.0851077 -0.578265 -13.15
-0.539078 0.150162 0.828762 193.152 0.150162 0.985349 -0.0808591 -15.9565 -0.828762 0.0808591 -0.553729 -13.8019
-0.513755 0.143346 0.845877 194.088 0.143346 0.986426 -0.0801008 -16.0551 -0.845877 0.0801008 -0.527329 -14.3964
-0.489562 0.139973 0.860661 195.323 0.139973 0.986847 -0.0808758 -16.1787 -0.860661 0.0808758 -0.502715 -15.0702
-0.464985 0.138049 0.874489 196.895 0.138049 0.986991 -0.0824054 -16.3591 -0.874489 0.0824054 -0.477994 -15.8511
-0.439535 0.128156 0.889036 198.748 0.128156 0.988591 -0.0791475 -16.5911 -0.889036 0.0791475 -0.450944 -16.7311
-0.382605 0.110482 0.917282 198.777 0.110482 0.991172 -0.0732989 -16.594 -0.917282 0.0732989 -0.391434 -16.746
-0.382605 0.110482 0.917282 198.807 0.110482 0.991172 -0.0732989 -16.597 -0.917282 0.0732989 -0.391434 -16.7609
-0.32027 0.101958 0.941824 198.837 0.101958 0.992126 -0.0727321 -16.5999 -0.941824 0.0727321 -0.328143 -16.7724
-0.32027 0.101958 0.941824 198.868 0.101958 0.992126 -0.0727321 -16.6028 -0.941824 0.0727321 -0.328143 -16.7839
-0.287607 0.0961879 0.952906 199.89 0.0961879 0.992814 -0.0711848 -16.6927 -0.952906 0.0711848 -0.294793 -17.1082
-0.253313 0.0913283 0.963064 201.02 0.0913283 0.993345 -0.070178 -16.7785 -0.963064 0.070178 -0.259968 -17.4311
-0.219119 0.0859534 0.971905 202.101 0.0859534 0.99394 -0.0685237 -16.8712 -0.971905 0.0685237 -0.225179 -17.6944
-0.183242 0.0789571 0.979892 203.18 0.0789571 0.994731 -0.0653877 -16.9627 -0.979892 0.0653877 -0.18851 -17.9415
-0.148443 0.0727146 0.986244 204.297 0.0727146 0.995396 -0.0624448 -17.0493 -0.986244 0.0624448 -0.153047 -18.1291
-0.113956 0.0670595 0.99122 205.408 0.0670595 0.995963 -0.0596709 -17.1312 -0.99122 0.0596709 -0.117993 -18.2609
-0.0798616 0.0627551 0.994829 206.502 0.0627551 0.996353 -0.0578135 -17.2143 -0.994829 0.0578135 -0.0835085 -18.343
-0.0460859 0.0608811 0.997081 207.622 0.0608811 0.996457 -0.0580291 -17.2836 -0.997081 0.0580291 -0.0496291 -18.4033
-0.0127453 0.0567517 0.998307 208.784 0.0567517 0.99682 -0.0559426 -17.3692 -0.998307 0.0559426 -0.0159255 -18.4223
0.0204763 0.0530618 0.998381 210.011 0.0530618 0.997126 -0.0540833 -17.4712 -0.998381 0.0540833 0.0176019 -18.4133
0.0494016 0.0538234 0.997328 211.153 0.0538234 0.996952 -0.0564692 -17.5395 -0.997328 0.0564692 0.0463541 -18.3123
0.0819811 0.0500083 0.995378 212.375 0.0500083 0.997276 -0.0542224 -17.6217 -0.995378 0.0542224 0.0792569 -18.2418
0.109338 0.04513 0.99298 213.572 0.04513 0.997713 -0.0503144 -17.714 -0.99298 0.0503144 0.107051 -18.0524
0.138546 0.0425987 0.989439 214.759 0.0425987 0.997894 -0.0489276 -17.7794 -0.989439 0.0489276 0.13644 -17.8862
0.168044 0.038897 0.985012 215.946 0.038897 0.998181 -0.0460529 -17.8469 -0.985012 0.0460529 0.166226 -17.6848
0.195214 0.0337342 0.98018 217.134 0.0337342 0.998586 -0.0410862 -17.9248 -0.98018 0.0410862 0.1938 -17.4105
0.225354 0.0254242 0.973945 218.347 0.0254242 0.999166 -0.0319652 -17.9872 -0.973945 0.0319652 0.224519 -17.1547
0.253762 0.0226691 0.967001 219.503 0.0226691 0.999311 -0.0293754 -18.0392 -0.967001 0.0293754 0.253073 -16.8347
0.282702 0.018599 0.959027 220.679 0.018599 0.999518 -0.0248669 -18.1 -0.959027 0.0248669 0.28222 -16.4716
0.312157 0.0184222 0.949852 221.753 0.0184222 0.999507 -0.0254394 -18.1488 -0.949852 0.0254394 0.311664 -16.1522
0.341375 0.0155195 0.939799 222.834 0.0155195 0.999634 -0.0221449 -18.1881 -0.939799 0.0221449 0.341009 -15.7836
0.371269 0.0137484 0.928424 223.893 0.0137484 0.999699 -0.0203017 -18.232 -0.928424 0.0203017 0.370968 -15.4135
0.39878 0.0123341 0.916963 224.966 0.0123341 0.999747 -0.0188116 -18.2509 -0.916963 0.0188116 0.398527 -14.922
0.42789 0.011483 0.903758 226.033 0.011483 0.99977 -0.0181395 -18.2821 -0.903758 0.0181395 0.427659 -14.4497
0.45332 0.00957485 0.891296 227.003 0.00957485 0.999832 -0.0156107 -18.3098 -0.891296 0.0156107 0.453153 -13.8989
0.479588 0.0075385 0.877461 228.165 0.0075385 0.999891 -0.0127106 -18.3571 -0.877461 0.0127106 0.479479 -13.2501
0.505065 0.00661065 0.863056 229.184 0.00661065 0.999912 -0.0115275 -18.3812 -0.863056 0.0115275 0.504977 -12.6581
0.528991 0.00638946 0.848603 230.175 0.00638946 0.999913 -0.0115117 -18.4061 -0.848603 0.0115117 0.528904 -12.0564
0.5509 0.00663111 0.834545 231.131 0.00663111 0.999902 -0.0123223 -18.4226 -0.834545 0.0123223 0.550802 -11.4629
0.571102 0.00661592 0.820852 232.06 0.00661592 0.999898 -0.012662 -18.4342 -0.820852 0.012662 0.571 -10.8493
0.590233 0.00480391 0.807219 233.004 0.00480391 0.999944 -0.00946343 -18.4549 -0.807219 0.00946343 0.590176 -10.1669
0.607285 0.00259382 0.79448 233.942 0.00259382 0.999983 -0.00524742 -18.4768 -0.79448 0.00524742 0.607268 -9.42598
0.624655 0.000717917 0.7809 234.877 0.000717917 0.999999 -0.00149362 -18.4968 -0.7809 0.00149362 0.624654 -8.70698
0.642273 -0.000386439 0.766476 235.917 -0.000386439 1 0.000827995 -18.5019 -0.766476 -0.000827995 0.642273 -7.91669
0.657616 -0.00141488 0.753352 236.792 -0.00141488 0.999994 0.00311317 -18.5212 -0.753352 -0.00311317 0.65761 -7.13183
0.672364 -0.00120738 0.74022 237.647 -0.00120738 0.999996 0.00272781 -18.5199 -0.74022 -0.00272781 0.672359 -6.34561
0.686519 -0.0016461 0.72711 238.484 -0.0016461 0.999991 0.00381809 -18.5216 -0.72711 -0.00381809 0.68651 -5.52662
0.700963 -0.00320602 0.71319 239.358 -0.00320602 0.999966 0.00764621 -18.5381 -0.71319 -0.00764621 0.700929 -4.65198
0.715455 -0.00365491 0.698649 240.206 -0.00365491 0.999953 0.00897397 -18.536 -0.698649 -0.00897397 0.715408 -3.7872
0.729517 -0.00329113 0.683955 241.028 -0.00329113 0.99996 0.00832209 -18.5432 -0.683955 -0.00832209 0.729476 -2.94263
0.742337 -0.00323742 0.670019 241.817 -0.00323742 0.999959 0.00841849 -18.54 -0.670019 -0.00841849 0.742297 -2.07436
0.754531 -0.00271218 0.656258 242.61 -0.00271218 0.99997 0.00725099 -18.5292 -0.656258 -0.00725099 0.754501 -1.18556
0.76505 -0.00364289 0.64396 243.394 -0.00364289 0.999944 0.0099846 -18.508 -0.64396 -0.0099846 0.764994 -0.198201
0.776441 -0.00376162 0.630179 244.166 -0.00376162 0.999937 0.0106034 -18.4951 -0.630179 -0.0106034 0.776377 0.680029
0.786643 -0.00344366 0.617398 244.946 -0.00344366 0.999944 0.00996505 -18.4947 -0.617398 -0.00996505 0.786588 1.66884
0.796195 -0.00359912 0.605029 245.685 -0.00359912 0.999936 0.0106846 -18.4909 -0.605029 -0.0106846 0.796132 2.61793
0.805187 -0.00440365 0.593005 246.395 -0.00440365 0.9999 0.0134046 -18.4796 -0.593005 -0.0134046 0.805087 3.59376
0.813464 -0.00521633 0.581592 247.037 -0.00521633 0.999854 0.0162638 -18.4693 -0.581592 -0.0162638 0.813318 4.48438
0.821121 -0.00513964 0.570731 247.75 -0.00513964 0.999852 0.0163985 -18.4575 -0.570731 -0.0163985 0.820973 5.46024
0.827036 -0.0060132 0.562117 248.441 -0.0060132 0.999791 0.0195423 -18.4327 -0.562117 -0.0195423 0.826827 6.52322
0.830084 -0.00607267 0.557606 249.079 -0.00607267 0.999783 0.0199284 -18.4195 -0.557606 -0.0199284 0.829867 7.52734
0.832956 -0.00673509 0.553298 249.732 -0.00673509 0.999728 0.0223086 -18.4125 -0.553298 -0.0223086 0.832685 8.55411
0.836919 -0.00680233 0.547284 250.451 -0.00680233 0.999716 0.022828 -18.4022 -0.547284 -0.022828 0.836635 9.55579
0.840562 -0.0072586 0.541667 251.169 -0.0072586 0.99967 0.02466 -18.3862 -0.541667 -0.02466 0.840231 10.6033
0.843098 -0.00790172 0.537702 251.874 -0.00790172 0.999602 0.0270791 -18.3739 -0.537702 -0.0270791 0.8427 11.6998
0.846085 -0.00807336 0.532986 252.586 -0.00807336 0.999577 0.027957 -18.352 -0.532986 -0.027957 0.845662 12.7696
0.847871 -0.00773807 0.530146 253.262 -0.00773807 0.999606 0.026966 -18.3178 -0.530146 -0.026966 0.847478 13.8704
0.849042 -0.00812574 0.528263 253.974 -0.00812574 0.999563 0.0284352 -18.2907 -0.528263 -0.0284352 0.848604 15.1197
0.851136 -0.00843054 0.524878 254.679 -0.00843054 0.999523 0.0297251 -18.2604 -0.524878 -0.0297251 0.850658 16.3044
0.854527 -0.00891033 0.51933 255.389 -0.00891033 0.999454 0.0318094 -18.2341 -0.51933 -0.0318094 0.853981 17.4192
0.856347 -0.00901999 0.516322 256.081 -0.00901999 0.999434 0.0324199 -18.1903 -0.516322 -0.0324199 0.85578 18.6152
0.857468 -0.00893184 0.51446 256.816 -0.00893184 0.99944 0.0322388 -18.1621 -0.51446 -0.0322388 0.856908 19.8619
0.857464 -0.00796044 0.514482 257.465 -0.00796044 0.999555 0.0287332 -18.1212 -0.514482 -0.0287332 0.85702 20.9958
0.856005 -0.00684142 0.516923 257.971 -0.00684142 0.999675 0.0245597 -18.0882 -0.516923 -0.0245597 0.85568 21.9143
0.855181 -0.00517062 0.518304 258.529 -0.00517062 0.999815 0.0185055 -18.0577 -0.518304 -0.0185055 0.854996 22.8425
0.85832 -0.00378549 0.513101 259.277 -0.00378549 0.999899 0.0137093 -18.0222 -0.513101 -0.0137093 0.858219 23.8522
0.858558 -0.00292384 0.512708 259.696 -0.00292384 0.99994 0.0105985 -18.0144 -0.512708 -0.0105985 0.858498 24.5697
0.858558 -0.00292384 0.512708 260.115 -0.00292384 0.99994 0.0105985 -18.0066 -0.512708 -0.0105985 0.858498 25.2873
