1 -8.22789e-007 -0.00085052 -0.0332714 -8.22789e-007 0.999998 -0.00193479 -0.0106501 0.00085052 0.00193479 0.999998 0.665833
1 -1.71017e-006 -0.000963462 -0.103074 -1.71017e-006 0.999994 -0.00355004 -0.0155487 0.000963462 0.00355004 0.999993 1.32726
0.99995 -2.10532e-005 -0.00997822 -0.112267 -2.10532e-005 0.999991 -0.00421972 -0.0327519 0.00997822 0.00421972 0.999941 1.99597
0.99995 -2.10532e-005 -0.00997822 -0.12146 -2.10532e-005 0.999991 -0.00421972 -0.0499551 0.00997822 0.00421972 0.999941 2.66468
0.999898 -2.95819e-005 -0.0142756 -0.134364 -2.95819e-005 0.999991 -0.00414417 -0.0595446 0.0142756 0.00414417 0.99989 3.3824
0.999864 -4.49715e-005 -0.0164619 -0.17821 -4.49715e-005 0.999985 -0.00546328 -0.0656754 0.0164619 0.00546328 0.99985 4.10673
0.999772 -6.36651e-005 -0.0213636 -0.211392 -6.36651e-005 0.999982 -0.00595942 -0.0727799 0.0213636 0.00595942 0.999754 4.85467
0.999685 -5.12804e-005 -0.0250781 -0.243543 -5.12804e-005 0.999992 -0.00408901 -0.0833523 0.0250781 0.00408901 0.999677 5.62858
0.999581 -2.70582e-005 -0.0289337 -0.270039 -2.70582e-005 0.999998 -0.00186997 -0.0866013 0.0289337 0.00186997 0.99958 6.40518
0.999524 1.22319e-005 -0.0308623 -0.318414 1.22319e-005 1 0.000792484 -0.0957766 0.0308623 -0.000792484 0.999523 7.19977
0.999451 4.4038e-006 -0.0331204 -0.36062 4.4038e-006 1 0.000265854 -0.101858 0.0331204 -0.000265854 0.999451 8.01412
0.99946 4.08799e-006 -0.0328653 -0.429376 4.08799e-006 1 0.000248705 -0.1086 0.0328653 -0.000248705 0.99946 8.83038
0.999384 -6.03233e-006 -0.0350844 -0.453834 -6.03233e-006 1 -0.000343769 -0.115191 0.0350844 0.000343769 0.999384 9.654
0.999272 2.28656e-005 -0.0381511 -0.460321 2.28656e-005 0.999999 0.00119825 -0.131533 0.0381511 -0.00119825 0.999271 10.4677
0.999082 2.55762e-005 -0.0428368 -0.453478 2.55762e-005 0.999999 0.00119358 -0.143207 0.0428368 -0.00119358 0.999081 11.2928
0.999042 -1.80446e-005 -0.0437698 -0.509145 -1.80446e-005 1 -0.000824126 -0.152377 0.0437698 0.000824126 0.999041 12.1129
0.999033 -7.38507e-005 -0.0439698 -0.561197 -7.38507e-005 0.999994 -0.00335752 -0.161075 0.0439698 0.00335752 0.999027 12.9355
0.999019 -0.000106422 -0.0442804 -0.626124 -0.000106422 0.999988 -0.00480433 -0.169147 0.0442804 0.00480433 0.999008 13.7604
0.998941 -8.37714e-005 -0.0460119 -0.661492 -8.37714e-005 0.999993 -0.00363935 -0.188967 0.0460119 0.00363935 0.998934 14.5924
0.99883 -6.52058e-005 -0.0483554 -0.68183 -6.52058e-005 0.999996 -0.00269536 -0.198294 0.0483554 0.00269536 0.998827 15.4238
0.998754 -2.80549e-005 -0.0498952 -0.729086 -2.80549e-005 0.999999 -0.00112385 -0.207052 0.0498952 0.00112385 0.998754 16.2661
0.998706 -2.56661e-005 -0.0508535 -0.748834 -2.56661e-005 0.999999 -0.00100876 -0.221838 0.0508535 0.00100876 0.998706 17.092
0.998622 -4.44998e-005 -0.0524801 -0.794512 -4.44998e-005 0.999999 -0.0016947 -0.233468 0.0524801 0.0016947 0.998621 17.9183
0.998515 -6.79602e-005 -0.0544834 -0.827366 -6.79602e-005 0.999997 -0.00249286 -0.246199 0.0544834 0.00249286 0.998512 18.7543
0.99849 -4.45677e-005 -0.0549377 -0.875658 -4.45677e-005 0.999999 -0.00162126 -0.251286 0.0549377 0.00162126 0.998488 19.5906
0.998487 5.22866e-005 -0.0549839 -0.92065 5.22866e-005 0.999998 0.00190045 -0.263607 0.0549839 -0.00190045 0.998485 20.4182
0.998402 0.000161316 -0.056513 -0.934154 0.000161316 0.999984 0.00570438 -0.287788 0.056513 -0.00570438 0.998386 21.2676
0.998554 0.000221709 -0.0537637 -0.999312 0.000221709 0.999966 0.00824144 -0.284818 0.0537637 -0.00824144 0.99852 22.143
0.998765 0.000161 -0.0496889 -1.02652 0.000161 0.999979 0.00647624 -0.293887 0.0496889 -0.00647624 0.998744 23.0276
0.998765 0.000161 -0.0496889 -1.05372 0.000161 0.999979 0.00647624 -0.302956 0.0496889 -0.00647624 0.998744 23.9122
0.998923 3.56754e-005 -0.0463925 -1.136 3.56754e-005 0.999999 0.00153715 -0.299524 0.0463925 -0.00153715 0.998922 24.8106
0.998996 -3.71412e-005 -0.0448076 -1.1804 -3.71412e-005 0.999999 -0.00165697 -0.302109 0.0448076 0.00165697 0.998994 25.7116
0.999022 -1.25099e-005 -0.0442078 -1.21543 -1.25099e-005 1 -0.000565685 -0.317777 0.0442078 0.000565685 0.999022 26.6057
0.998984 0.000100177 -0.0450647 -1.24772 0.000100177 0.99999 0.00444366 -0.328024 0.0450647 -0.00444366 0.998974 27.5066
0.998985 0.000172206 -0.0450382 -1.29328 0.000172206 0.999971 0.00764311 -0.334756 0.0450382 -0.00764311 0.998956 28.4075
0.998906 0.000157909 -0.046756 -1.31809 0.000157909 0.999977 0.00675084 -0.347459 0.046756 -0.00675084 0.998884 29.3192
0.998835 6.7142e-005 -0.0482594 -1.35929 6.7142e-005 0.999996 0.00278092 -0.35159 0.0482594 -0.00278092 0.998831 30.2292
0.99873 -1.93395e-005 -0.0503889 -1.3982 -1.93395e-005 1 -0.000767122 -0.361934 0.0503889 0.000767122 0.998729 31.1274
0.998623 -4.09907e-005 -0.0524679 -1.44619 -4.09907e-005 0.999999 -0.00156143 -0.368966 0.0524679 0.00156143 0.998621 32.0073
0.998594 -1.25352e-005 -0.0530074 -1.52401 -1.25352e-005 1 -0.000472627 -0.368461 0.0530074 0.000472627 0.998594 32.9082
0.998523 7.29233e-005 -0.0543276 -1.56731 7.29233e-005 0.999996 0.00268259 -0.383275 0.0543276 -0.00268259 0.99852 33.7895
0.998537 0.000115365 -0.0540739 -1.63247 0.000115365 0.999991 0.0042638 -0.394741 0.0540739 -0.0042638 0.998528 34.6742
0.998512 0.000182414 -0.0545309 -1.68975 0.000182414 0.999978 0.00668524 -0.396892 0.0545309 -0.00668524 0.99849 35.5717
0.998525 0.000255954 -0.0542945 -1.74051 0.000255954 0.999956 0.00942121 -0.397874 0.0542945 -0.00942121 0.998481 36.4844
0.998414 0.000331455 -0.0563007 -1.78881 0.000331455 0.999931 0.0117647 -0.396495 0.0563007 -0.0117647 0.998345 37.422
0.998568 0.000315277 -0.0534904 -1.89829 0.000315277 0.999931 0.0117793 -0.402173 0.0534904 -0.0117793 0.998499 38.3895
0.998548 0.000219392 -0.0538719 -1.956 0.000219392 0.999967 0.0081389 -0.406219 0.0538719 -0.0081389 0.998515 39.3634
0.998548 0.000219392 -0.0538719 -2.01372 0.000219392 0.999967 0.0081389 -0.410264 0.0538719 -0.0081389 0.998515 40.3373
0.998415 0.000225883 -0.0562779 -2.05843 0.000225883 0.999968 0.00802094 -0.412687 0.0562779 -0.00802094 0.998383 41.2998
0.998204 0.000268666 -0.0599138 -2.07783 0.000268666 0.99996 0.00896019 -0.416368 0.0599138 -0.00896019 0.998163 42.2692
0.998054 0.000318099 -0.0623557 -2.12555 0.000318099 0.999948 0.0101925 -0.426038 0.0623557 -0.0101925 0.998002 43.226
0.998051 0.000208619 -0.0624054 -2.20449 0.000208619 0.999978 0.00667934 -0.431036 0.0624054 -0.00667934 0.998029 44.1922
0.998046 7.51543e-005 -0.0624885 -2.29311 7.51543e-005 0.999997 0.00240303 -0.423102 0.0624885 -0.00240303 0.998043 45.1558
0.998029 3.9685e-005 -0.0627569 -2.35563 3.9685e-005 0.999999 0.00126347 -0.430626 0.0627569 -0.00126347 0.998028 46.0848
0.99795 0.000151631 -0.063996 -2.39397 0.000151631 0.999989 0.00473387 -0.441865 0.063996 -0.00473387 0.997939 46.9996
0.997961 0.000248464 -0.063824 -2.46032 0.000248464 0.99997 0.00777784 -0.451648 0.063824 -0.00777784 0.997931 47.9126
0.997925 0.000274974 -0.0643855 -2.51715 0.000274974 0.999964 0.00853247 -0.459711 0.0643855 -0.00853247 0.997889 48.8356
0.997929 0.000246426 -0.0643318 -2.57663 0.000246426 0.999971 0.00765304 -0.473893 0.0643318 -0.00765304 0.997899 49.7451
0.997947 0.00019072 -0.0640505 -2.64162 0.00019072 0.999982 0.00594912 -0.4807 0.0640505 -0.00594912 0.997929 50.6479
0.997999 0.000205235 -0.063224 -2.72377 0.000205235 0.999979 0.00648574 -0.480712 0.063224 -0.00648574 0.997978 51.5406
0.998042 0.000310071 -0.0625391 -2.81239 0.000310071 0.999951 0.00990613 -0.481135 0.0625391 -0.00990613 0.997993 52.4415
0.997951 0.000457619 -0.0639738 -2.85419 0.000457619 0.999898 0.0142911 -0.482576 0.0639738 -0.0142911 0.997849 53.3387
0.997824 0.000533005 -0.0659277 -2.90549 0.000533005 0.999869 0.0161507 -0.480493 0.0659277 -0.0161507 0.997694 54.2547
0.99776 0.00040909 -0.0668918 -2.98133 0.00040909 0.999925 0.0122172 -0.484213 0.0668918 -0.0122172 0.997685 55.1728
0.997673 0.000169886 -0.068185 -3.04832 0.000169886 0.999988 0.00497726 -0.492195 0.068185 -0.00497726 0.99766 56.0831
0.997619 1.63604e-005 -0.0689658 -3.11419 1.63604e-005 1 0.000473885 -0.506974 0.0689658 -0.000473885 0.997619 56.9747
0.997546 5.48282e-005 -0.070016 -3.18113 5.48282e-005 0.999999 0.00156424 -0.510564 0.070016 -0.00156424 0.997545 57.8475
0.99747 0.000150164 -0.0710875 -3.2503 0.000150164 0.999991 0.00421939 -0.524467 0.0710875 -0.00421939 0.997461 58.7144
0.997337 0.000204519 -0.0729288 -3.30232 0.000204519 0.999984 0.00560121 -0.535923 0.0729288 -0.00560121 0.997321 59.566
0.997264 0.000211741 -0.0739212 -3.3791 0.000211741 0.999984 0.00572095 -0.544812 0.0739212 -0.00572095 0.997248 60.4107
0.997057 0.000278732 -0.076662 -3.45844 0.000278732 0.999974 0.00726091 -0.565634 0.076662 -0.00726091 0.997031 61.2315
0.99687 0.000301291 -0.0790591 -3.51646 0.000301291 0.999971 0.00760988 -0.571812 0.0790591 -0.00760988 0.996841 62.0565
0.996755 0.000330609 -0.0804995 -3.58614 0.000330609 0.999966 0.00820048 -0.582516 0.0804995 -0.00820048 0.996721 62.8788
0.996714 0.000365894 -0.0809991 -3.66651 0.000365894 0.999959 0.00901948 -0.586551 0.0809991 -0.00901948 0.996673 63.6933
0.996578 0.000497861 -0.0826572 -3.73311 0.000497861 0.999928 0.0120254 -0.591319 0.0826572 -0.0120254 0.996505 64.4958
0.996642 0.000654121 -0.0818833 -3.82954 0.000654121 0.999873 0.0159491 -0.589678 0.0818833 -0.0159491 0.996514 65.2966
0.996533 0.000734016 -0.0831948 -3.91915 0.000734016 0.999845 0.0176138 -0.581674 0.0831948 -0.0176138 0.996378 66.1135
0.996739 0.000544965 -0.0806908 -4.06557 0.000544965 0.999909 0.0134848 -0.580139 0.0806908 -0.0134848 0.996648 66.9165
0.996498 2.20949e-005 -0.0836156 -4.12615 2.20949e-005 1 0.000527563 -0.5899 0.0836156 -0.000527563 0.996498 67.7032
0.996498 2.20949e-005 -0.0836156 -4.18673 2.20949e-005 1 0.000527563 -0.59966 0.0836156 -0.000527563 0.996498 68.4899
0.996189 3.13363e-005 -0.0872251 -4.18475 3.13363e-005 1 0.000717147 -0.62779 0.0872251 -0.000717147 0.996188 69.2058
0.996005 0.00026641 -0.0892959 -4.259 0.00026641 0.999982 0.00595493 -0.631356 0.0892959 -0.00595493 0.995987 69.908
0.996005 0.00026641 -0.0892959 -4.33326 0.00026641 0.999982 0.00595493 -0.634922 0.0892959 -0.00595493 0.995987 70.6102
0.995975 0.000116679 -0.0896359 -4.4024 0.000116679 0.999997 0.00259816 -0.648061 0.0896359 -0.00259816 0.995971 71.2887
0.996044 -0.000359673 -0.0888599 -4.4428 -0.000359673 0.999967 -0.00807914 -0.66275 0.0888599 0.00807914 0.996011 71.9294
0.996044 -0.000359673 -0.0888599 -4.48319 -0.000359673 0.999967 -0.00807914 -0.677438 0.0888599 0.00807914 0.996011 72.5702
0.99624 -0.000358015 -0.0866409 -4.52721 -0.000358015 0.999966 -0.00824866 -0.686394 0.0866409 0.00824866 0.996205 73.1636
0.99645 -0.00019517 -0.084183 -4.56348 -0.00019517 0.999989 -0.00462854 -0.704388 0.084183 0.00462854 0.99644 73.732
0.996953 -0.000103773 -0.0780025 -4.63341 -0.000103773 0.999996 -0.0026567 -0.697736 0.0780025 0.0026567 0.99695 74.3053
0.997503 4.52381e-005 -0.0706267 -4.70424 4.52381e-005 0.999999 0.00127945 -0.708405 0.0706267 -0.00127945 0.997502 74.8784
0.998058 0.000142876 -0.0622891 -4.73304 0.000142876 0.999989 0.00458303 -0.722608 0.0622891 -0.00458303 0.998048 75.434
