1 -4.92894e-009 -7.73619e-006 -0.0241693 -4.92894e-009 0.999999 -0.00127425 -0.00537111 7.73619e-006 0.00127425 0.999999 0.626865
0.999998 -2.57183e-006 -0.00176124 -0.0193611 -2.57183e-006 0.999996 -0.00292046 -0.0170125 0.00176124 0.00292046 0.999994 1.22535
0.999978 -1.25099e-005 -0.00669917 0.0420099 -1.25099e-005 0.999993 -0.00373471 -0.045326 0.00669917 0.00373471 0.999971 1.81668
0.999969 -2.24549e-005 -0.00783096 0.00748709 -2.24549e-005 0.999984 -0.00573476 -0.0575752 0.00783096 0.00573476 0.999953 2.42524
0.99995 -4.09813e-005 -0.0100448 0.0199044 -4.09813e-005 0.999967 -0.00815934 -0.058804 0.0100448 0.00815934 0.999916 3.01474
0.999926 -5.07888e-005 -0.0122043 0.0205831 -5.07888e-005 0.999965 -0.00832266 -0.0839268 0.0122043 0.00832266 0.999891 3.61879
0.999925 -5.12142e-005 -0.0122305 -0.0210811 -5.12142e-005 0.999965 -0.00837437 -0.0885023 0.0122305 0.00837437 0.99989 4.20098
0.999866 -7.00785e-005 -0.0163432 0.0172278 -7.00785e-005 0.999963 -0.00857511 -0.106477 0.0163432 0.00857511 0.99983 4.78791
0.999857 -9.60788e-005 -0.0169401 -0.0145752 -9.60788e-005 0.999936 -0.0113422 -0.125198 0.0169401 0.0113422 0.999792 5.37685
0.999847 -0.000131698 -0.0174722 -0.0407026 -0.000131698 0.999886 -0.0150731 -0.147632 0.0174722 0.0150731 0.999734 5.96012
0.999753 -0.000213311 -0.0222307 -0.023587 -0.000213311 0.999816 -0.0191865 -0.15237 0.0222307 0.0191865 0.999569 6.54498
0.999758 -0.000205823 -0.0219754 -0.0569692 -0.000205823 0.999825 -0.0187282 -0.181231 0.0219754 0.0187282 0.999583 7.12213
0.999768 -0.000127164 -0.0215516 -0.0990887 -0.000127164 0.99993 -0.0117991 -0.188915 0.0215516 0.0117991 0.999698 7.6691
0.999694 -1.79073e-005 -0.0247402 -0.0847508 -1.79073e-005 0.999999 -0.0014474 -0.188899 0.0247402 0.0014474 0.999693 8.26812
0.999691 6.55899e-005 -0.0248596 -0.0886396 6.55899e-005 0.999986 0.00527597 -0.191658 0.0248596 -0.00527597 0.999677 8.85438
0.999647 5.07906e-005 -0.0265813 -0.121317 5.07906e-005 0.999993 0.00382084 -0.198146 0.0265813 -0.00382084 0.999639 9.45103
0.999619 -4.41758e-005 -0.027591 -0.143926 -4.41758e-005 0.999995 -0.00320157 -0.203712 0.027591 0.00320157 0.999614 10.0623
0.999617 -0.000125661 -0.0276739 -0.163682 -0.000125661 0.999959 -0.00907962 -0.214952 0.0276739 0.00907962 0.999576 10.6769
0.999594 -0.000109318 -0.0285024 -0.199827 -0.000109318 0.999971 -0.00766915 -0.231192 0.0285024 0.00766915 0.999564 11.3125
0.999587 2.51931e-005 -0.028751 -0.217222 2.51931e-005 0.999998 0.00175214 -0.236953 0.028751 -0.00175214 0.999585 11.9354
0.999579 0.000131125 -0.02901 -0.240183 0.000131125 0.999959 0.00903789 -0.22917 0.02901 -0.00903789 0.999538 12.567
0.99955 0.000171569 -0.0299964 -0.255193 0.000171569 0.999935 0.0114364 -0.220646 0.0299964 -0.0114364 0.999485 13.1724
0.999549 0.000154197 -0.0300155 -0.283668 0.000154197 0.999947 0.0102719 -0.220266 0.0300155 -0.0102719 0.999497 13.8969
0.999594 0.000112176 -0.0284956 -0.326546 0.000112176 0.999969 0.00787149 -0.223827 0.0284956 -0.00787149 0.999563 14.5407
0.99957 6.17711e-005 -0.0293162 -0.323121 6.17711e-005 0.999991 0.00421321 -0.223301 0.0293162 -0.00421321 0.999561 15.2233
0.999615 -1.66737e-005 -0.0277573 -0.355635 -1.66737e-005 0.999999 -0.00120116 -0.236296 0.0277573 0.00120116 0.999614 15.9146
0.999633 -0.000106867 -0.0271054 -0.356243 -0.000106867 0.999969 -0.0078837 -0.242557 0.0271054 0.0078837 0.999601 16.6143
0.999663 -0.000171246 -0.0259585 -0.385824 -0.000171246 0.999913 -0.0131911 -0.267453 0.0259585 0.0131911 0.999576 17.3467
0.999664 -0.000181475 -0.0259064 -0.408575 -0.000181475 0.999902 -0.014007 -0.287663 0.0259064 0.014007 0.999566 18.0492
0.999645 -0.000180933 -0.0266367 -0.418045 -0.000180933 0.999908 -0.0135822 -0.306062 0.0266367 0.0135822 0.999553 18.825
0.999658 -0.000195604 -0.0261665 -0.45283 -0.000195604 0.999888 -0.0149473 -0.324378 0.0261665 0.0149473 0.999546 19.5904
0.999636 -0.000224914 -0.0269733 -0.467965 -0.000224914 0.999861 -0.0166726 -0.349847 0.0269733 0.0166726 0.999497 20.3732
0.999653 -0.000231607 -0.02635 -0.505272 -0.000231607 0.999846 -0.0175748 -0.372509 0.02635 0.0175748 0.999498 21.1495
0.999661 -0.000223489 -0.0260447 -0.529549 -0.000223489 0.999853 -0.0171578 -0.402688 0.0260447 0.0171578 0.999514 21.9402
0.999677 -0.000223073 -0.0254117 -0.58252 -0.000223073 0.999846 -0.0175526 -0.419265 0.0254117 0.0175526 0.999523 22.7535
0.999683 -0.000220039 -0.0251597 -0.603719 -0.000220039 0.999847 -0.0174873 -0.44469 0.0251597 0.0174873 0.99953 23.556
0.999666 -0.000207734 -0.0258443 -0.621445 -0.000207734 0.999871 -0.0160721 -0.475316 0.0258443 0.0160721 0.999537 24.3996
0.999619 -0.000198219 -0.0275835 -0.633567 -0.000198219 0.999897 -0.0143688 -0.494877 0.0275835 0.0143688 0.999516 25.2183
0.999631 -0.000180457 -0.0271451 -0.670942 -0.000180457 0.999912 -0.0132927 -0.51416 0.0271451 0.0132927 0.999543 26.06
0.999599 -0.000199701 -0.0283201 -0.683651 -0.000199701 0.999901 -0.0140996 -0.541243 0.0283201 0.0140996 0.999499 26.9084
0.999638 -0.000202788 -0.0268857 -0.742965 -0.000202788 0.999886 -0.0150816 -0.564383 0.0268857 0.0150816 0.999525 27.758
0.999647 -0.000191453 -0.0265655 -0.764545 -0.000191453 0.999896 -0.0144103 -0.589553 0.0265655 0.0144103 0.999543 28.6248
0.999602 -0.000164282 -0.0282 -0.787668 -0.000164282 0.999932 -0.0116485 -0.612037 0.0282 0.0116485 0.999534 29.4868
0.999602 -0.000116095 -0.0282247 -0.822901 -0.000116095 0.999966 -0.0082247 -0.626135 0.0282247 0.0082247 0.999568 30.3672
0.999596 -8.27226e-005 -0.028423 -0.859838 -8.27226e-005 0.999983 -0.00581959 -0.643722 0.028423 0.00581959 0.999579 31.2507
0.999539 -7.46091e-005 -0.0303592 -0.863059 -7.46091e-005 0.999988 -0.00491393 -0.667127 0.0303592 0.00491393 0.999527 32.1397
0.999565 -0.000100645 -0.0294802 -0.914237 -0.000100645 0.999977 -0.0068264 -0.679603 0.0294802 0.0068264 0.999542 33.0396
0.999545 -0.000109101 -0.0301599 -0.951002 -0.000109101 0.999974 -0.00723306 -0.701928 0.0301599 0.00723306 0.999519 33.9432
0.999539 -9.05894e-005 -0.0303644 -0.992206 -9.05894e-005 0.999982 -0.00596538 -0.724504 0.0303644 0.00596538 0.999521 34.8564
0.999505 -6.55498e-005 -0.0314706 -1.02183 -6.55498e-005 0.999991 -0.00416473 -0.740447 0.0314706 0.00416473 0.999496 35.7762
0.999461 -2.43275e-005 -0.0328373 -1.04293 -2.43275e-005 0.999999 -0.0014813 -0.758912 0.0328373 0.0014813 0.99946 36.7033
0.999463 -3.07635e-005 -0.0327815 -1.08851 -3.07635e-005 0.999998 -0.00187638 -0.770498 0.0327815 0.00187638 0.999461 37.6381
0.999432 -9.06973e-005 -0.0337037 -1.11837 -9.06973e-005 0.999986 -0.00538048 -0.797481 0.0337037 0.00538048 0.999417 38.5793
0.999432 -0.000156578 -0.0337025 -1.15546 -0.000156578 0.999957 -0.0092889 -0.824803 0.0337025 0.0092889 0.999389 39.5282
0.999444 -0.000162533 -0.0333396 -1.19685 -0.000162533 0.999952 -0.0097472 -0.85171 0.0333396 0.0097472 0.999397 40.4838
0.999447 -0.00011453 -0.0332541 -1.23654 -0.00011453 0.999976 -0.0068862 -0.880269 0.0332541 0.0068862 0.999423 41.4468
0.999485 -7.54676e-005 -0.0320876 -1.2861 -7.54676e-005 0.999989 -0.00470261 -0.898249 0.0320876 0.00470261 0.999474 42.417
0.999465 -6.01849e-005 -0.0327158 -1.30851 -6.01849e-005 0.999993 -0.00367826 -0.911415 0.0327158 0.00367826 0.999458 43.3955
0.99951 -6.9609e-005 -0.031313 -1.36407 -6.9609e-005 0.99999 -0.00444491 -0.937615 0.031313 0.00444491 0.9995 44.3799
0.99948 -0.000104247 -0.0322385 -1.37788 -0.000104247 0.999979 -0.00646549 -0.954206 0.0322385 0.00646549 0.999459 45.3732
0.999521 -0.000135171 -0.0309474 -1.42886 -0.000135171 0.999962 -0.00873324 -0.982864 0.0309474 0.00873324 0.999483 46.3723
0.999533 -0.000170067 -0.0305447 -1.46762 -0.000170067 0.999938 -0.0111327 -1.01947 0.0305447 0.0111327 0.999471 47.3798
0.999524 -0.000227434 -0.0308504 -1.49788 -0.000227434 0.999891 -0.01474 -1.05104 0.0308504 0.01474 0.999415 48.3898
0.99955 -0.000244474 -0.0299964 -1.53887 -0.000244474 0.999867 -0.0162955 -1.09022 0.0299964 0.0162955 0.999417 49.4122
0.99954 -0.000215819 -0.0303234 -1.57122 -0.000215819 0.999899 -0.0142305 -1.1226 0.0303234 0.0142305 0.999439 50.4365
0.999544 -0.000130586 -0.0302064 -1.59879 -0.000130586 0.999963 -0.00864412 -1.14514 0.0302064 0.00864412 0.999506 51.4693
0.999558 -3.75192e-005 -0.0297403 -1.63214 -3.75192e-005 0.999997 -0.00252256 -1.16238 0.0297403 0.00252256 0.999554 52.5091
0.999569 -3.01024e-005 -0.0293472 -1.66389 -3.01024e-005 0.999998 -0.00205103 -1.17066 0.0293472 0.00205103 0.999567 53.5556
0.999583 -7.34154e-005 -0.0288828 -1.70075 -7.34154e-005 0.999987 -0.00508258 -1.18993 0.0288828 0.00508258 0.99957 54.6105
0.999561 -0.000122991 -0.029637 -1.72216 -0.000122991 0.999966 -0.00829784 -1.22506 0.029637 0.00829784 0.999526 55.6683
0.999589 -0.000176876 -0.028662 -1.78016 -0.000176876 0.999924 -0.0123392 -1.25999 0.028662 0.0123392 0.999513 56.7347
0.999576 -0.000240121 -0.0291149 -1.81138 -0.000240121 0.999864 -0.0164901 -1.29989 0.0291149 0.0164901 0.99944 57.8054
0.999575 -0.000249095 -0.029149 -1.83115 -0.000249095 0.999854 -0.0170863 -1.34069 0.029149 0.0170863 0.999429 58.8821
0.999611 -0.00018716 -0.0278941 -1.88645 -0.00018716 0.99991 -0.0134162 -1.37585 0.0278941 0.0134162 0.999521 59.9431
0.9996 -0.000158561 -0.028283 -1.91221 -0.000158561 0.999937 -0.0112099 -1.39875 0.028283 0.0112099 0.999537 61.0186
0.999598 -0.000147365 -0.0283593 -1.94341 -0.000147365 0.999946 -0.0103904 -1.42483 0.0283593 0.0103904 0.999544 62.0799
0.999571 -0.000123135 -0.0292815 -1.96938 -0.000123135 0.999965 -0.00840846 -1.48874 0.0292815 0.00840846 0.999536 63.1752
0.999639 -0.000112749 -0.0268529 -2.10355 -0.000112749 0.999965 -0.00839589 -1.47866 0.0268529 0.00839589 0.999604 64.2504
0.999578 -8.59805e-005 -0.0290464 -2.0628 -8.59805e-005 0.999982 -0.00591892 -1.51762 0.0290464 0.00591892 0.999561 65.3395
0.999545 -5.23304e-005 -0.0301707 -2.08721 -5.23304e-005 0.999994 -0.00346815 -1.56493 0.0301707 0.00346815 0.999539 66.4423
0.999537 -7.31332e-005 -0.0304225 -2.18782 -7.31332e-005 0.999988 -0.00480669 -1.57381 0.0304225 0.00480669 0.999526 67.544
0.99948 -0.000144406 -0.0322323 -2.16221 -0.000144406 0.99996 -0.00895782 -1.6023 0.0322323 0.00895782 0.99944 68.6664
0.999485 -0.000170722 -0.0320996 -2.2306 -0.000170722 0.999943 -0.0106339 -1.65013 0.0320996 0.0106339 0.999428 69.7596
0.99947 -0.000146082 -0.0325395 -2.29054 -0.000146082 0.99996 -0.00897616 -1.68113 0.0325395 0.00897616 0.99943 70.8737
0.999461 -7.96274e-005 -0.0328246 -2.34954 -7.96274e-005 0.999988 -0.00485036 -1.69954 0.0328246 0.00485036 0.999449 72.0073
0.999448 -1.04408e-005 -0.0332296 -2.40607 -1.04408e-005 1 -0.000628232 -1.72177 0.0332296 0.000628232 0.999448 73.1299
0.99941 -2.03226e-006 -0.0343389 -2.43522 -2.03226e-006 1 -0.00011833 -1.7321 0.0343389 0.00011833 0.99941 74.2635
0.999343 -2.56148e-005 -0.0362382 -2.4642 -2.56148e-005 0.999999 -0.00141323 -1.76889 0.0362382 0.00141323 0.999342 75.3948
0.999473 -2.75379e-005 -0.0324616 -2.6535 -2.75379e-005 0.999999 -0.00169619 -1.79356 0.0324616 0.00169619 0.999472 76.5029
0.999477 -4.70742e-005 -0.0323325 -2.68472 -4.70742e-005 0.999996 -0.00291111 -1.80966 0.0323325 0.00291111 0.999473 77.6566
0.999442 -3.54839e-005 -0.033391 -2.73294 -3.54839e-005 0.999998 -0.00212476 -1.8416 0.033391 0.00212476 0.99944 78.7911
0.999434 -1.07225e-005 -0.033641 -2.78234 -1.07225e-005 1 -0.000637284 -1.86827 0.033641 0.000637284 0.999434 79.9308
0.999398 3.22263e-005 -0.0346892 -2.82726 3.22263e-005 0.999998 0.00185744 -1.88973 0.0346892 -0.00185744 0.999396 81.0582
0.999344 5.48397e-005 -0.0362273 -2.85579 5.48397e-005 0.999995 0.00302653 -1.91213 0.0362273 -0.00302653 0.999339 82.0565
0.999312 5.98358e-005 -0.0370896 -2.92678 5.98358e-005 0.999995 0.00322544 -1.92998 0.0370896 -0.00322544 0.999307 83.26
0.999173 4.12317e-005 -0.0406613 -2.98313 4.12317e-005 0.999998 0.00202721 -1.95134 0.0406613 -0.00202721 0.999171 84.331
0.998997 2.90131e-005 -0.0447723 -3.02783 2.90131e-005 0.999999 0.00129538 -1.98132 0.0447723 -0.00129538 0.998996 85.4324
0.998899 3.41231e-005 -0.0469116 -3.11164 3.41231e-005 0.999999 0.00145398 -2.0031 0.0469116 -0.00145398 0.998898 86.514
0.9987 6.45158e-005 -0.0509738 -3.16757 6.45158e-005 0.999997 0.00252969 -2.02793 0.0509738 -0.00252969 0.998697 87.5946
0.998564 0.000100418 -0.0535732 -3.24918 0.000100418 0.999993 0.0037461 -2.05065 0.0535732 -0.0037461 0.998557 88.7007
0.998394 0.000175758 -0.0566589 -3.30494 0.000175758 0.999981 0.00619903 -2.093 0.0566589 -0.00619903 0.998374 89.7142
0.998271 0.000189606 -0.0587722 -3.39773 0.000189606 0.999979 0.0064466 -2.09538 0.0587722 -0.0064466 0.998251 90.7676
0.998084 0.000221902 -0.0618683 -3.46824 0.000221902 0.999974 0.0071664 -2.11793 0.0618683 -0.0071664 0.998059 91.8014
0.997983 0.000187842 -0.0634857 -3.5833 0.000187842 0.999983 0.00591158 -2.13651 0.0634857 -0.00591158 0.997965 92.8057
0.997735 8.59867e-005 -0.0672711 -3.60907 8.59867e-005 0.999997 0.00255352 -2.16618 0.0672711 -0.00255352 0.997731 93.794
0.99754 -8.76095e-006 -0.0701016 -3.6894 -8.76095e-006 1 -0.000249643 -2.21181 0.0701016 0.000249643 0.99754 94.6993
0.997455 -0.000114685 -0.0712936 -3.79541 -0.000114685 0.999995 -0.00321314 -2.22705 0.0712936 0.00321314 0.99745 95.5948
0.997256 -0.000132694 -0.0740319 -3.82235 -0.000132694 0.999994 -0.00357986 -2.26212 0.0740319 0.00357986 0.997249 96.5658
0.99744 -0.000108913 -0.0715146 -3.95096 -0.000108913 0.999995 -0.00304198 -2.2875 0.0715146 0.00304198 0.997435 97.436
0.997578 -4.92456e-005 -0.0695554 -3.98847 -4.92456e-005 0.999999 -0.0014143 -2.30396 0.0695554 0.0014143 0.997577 98.3013
0.997959 1.17186e-005 -0.0638568 -4.05637 1.17186e-005 1 0.000366654 -2.32314 0.0638568 -0.000366654 0.997959 99.1421
0.998408 7.29842e-005 -0.0563963 -4.08956 7.29842e-005 0.999997 0.0025862 -2.34209 0.0563963 -0.0025862 0.998405 99.9895
0.998904 0.000124173 -0.0468138 -4.12311 0.000124173 0.999986 0.00530204 -2.35729 0.0468138 -0.00530204 0.99889 100.793
0.999379 0.000117753 -0.0352416 -4.12417 0.000117753 0.999978 0.00668049 -2.36846 0.0352416 -0.00668049 0.999356 101.526
0.999759 7.8026e-005 -0.0219687 -4.10346 7.8026e-005 0.999975 0.00710243 -2.37769 0.0219687 -0.00710243 0.999733 102.206
0.999976 2.31401e-005 -0.00688265 -4.07916 2.31401e-005 0.999977 0.00672402 -2.39575 0.00688265 -0.00672402 0.999954 102.849
0.99994 -2.26423e-005 0.0109754 -4.03306 -2.26423e-005 0.999991 0.00412586 -2.41061 -0.0109754 -0.00412586 0.999931 103.511
0.999484 2.20743e-008 0.0321344 -3.96938 2.20743e-008 1 -1.37351e-006 -2.42345 -0.0321344 1.37351e-006 0.999484 104.071
0.998407 0.000116274 0.0564153 -3.89695 0.000116274 0.999992 -0.00411877 -2.44002 -0.0564153 0.00411877 0.998399 104.618
0.996525 0.000257857 0.0832967 -3.78775 0.000257857 0.999981 -0.00618047 -2.45585 -0.0832967 0.00618047 0.996506 105.17
0.993561 0.000374582 0.113294 -3.65962 0.000374582 0.999978 -0.00659119 -2.47273 -0.113294 0.00659119 0.99354 105.733
0.989361 0.000575758 0.14548 -3.53408 0.000575758 0.999969 -0.00787307 -2.47823 -0.14548 0.00787307 0.98933 106.198
0.983485 0.000779478 0.180985 -3.36598 0.000779478 0.999963 -0.00854242 -2.49612 -0.180985 0.00854242 0.983449 106.699
0.975743 0.000889494 0.218918 -3.17318 0.000889494 0.999967 -0.00802757 -2.51019 -0.218918 0.00802757 0.97571 107.179
0.965913 0.00108711 0.258865 -2.97088 0.00108711 0.999965 -0.00825576 -2.52274 -0.258865 0.00825576 0.965878 107.626
0.953817 0.00141119 0.300383 -2.75549 0.00141119 0.999957 -0.00917878 -2.53794 -0.300383 0.00917878 0.953774 108.062
0.938741 0.00184843 0.344619 -2.53056 0.00184843 0.999944 -0.0103985 -2.55052 -0.344619 0.0103985 0.938685 108.469
0.921418 0.0019224 0.388568 -2.26361 0.0019224 0.999953 -0.00950577 -2.5604 -0.388568 0.00950577 0.921371 108.874
0.901412 0.00180793 0.432959 -1.98899 0.00180793 0.999967 -0.0079397 -2.57148 -0.432959 0.0079397 0.901379 109.246
0.87834 0.00202048 0.478033 -1.70959 0.00202048 0.999966 -0.00793897 -2.58501 -0.478033 0.00793897 0.878306 109.597
0.854273 0.0025865 0.519818 -1.38951 0.0025865 0.999954 -0.00922623 -2.59976 -0.519818 0.00922623 0.854227 109.915
0.826917 0.00373366 0.562312 -1.07689 0.00373366 0.999919 -0.0121299 -2.62066 -0.562312 0.0121299 0.826836 110.228
0.796845 0.00571537 0.604157 -0.750793 0.00571537 0.999839 -0.0169968 -2.63881 -0.604157 0.0169968 0.796684 110.525
0.76391 0.00838507 0.645269 -0.414465 0.00838507 0.999702 -0.0229176 -2.64727 -0.645269 0.0229176 0.763612 110.79
0.727074 0.0109088 0.686472 -0.0730059 0.0109088 0.999564 -0.0274383 -2.6734 -0.686472 0.0274383 0.726638 111.046
0.689475 0.0122903 0.724205 0.293926 0.0122903 0.999514 -0.0286633 -2.67842 -0.724205 0.0286633 0.688988 111.252
0.647984 0.0117343 0.761564 0.663435 0.0117343 0.999609 -0.0253863 -2.69805 -0.761564 0.0253863 0.647593 111.429
0.606146 0.0110927 0.795276 1.01872 0.0110927 0.999688 -0.0223985 -2.70532 -0.795276 0.0223985 0.605834 111.653
0.559947 0.0121252 0.82844 1.3977 0.0121252 0.999666 -0.0228268 -2.69964 -0.82844 0.0228268 0.559613 111.772
0.514379 0.0105697 0.857498 1.75464 0.0105697 0.99977 -0.0186638 -2.73083 -0.857498 0.0186638 0.514149 111.949
0.462524 0.0102099 0.886548 2.15164 0.0102099 0.999806 -0.0168408 -2.747 -0.886548 0.0168408 0.46233 112.061
0.411956 0.0124598 0.911119 2.54499 0.0124598 0.999736 -0.0193053 -2.7474 -0.911119 0.0193053 0.411692 112.163
0.361892 0.0163413 0.932077 2.92446 0.0163413 0.999582 -0.0238696 -2.74831 -0.932077 0.0238696 0.361474 112.206
0.310808 0.0210314 0.95024 3.335 0.0210314 0.999358 -0.0289976 -2.76725 -0.95024 0.0289976 0.310166 112.267
0.264413 0.0219751 0.964159 3.72021 0.0219751 0.999344 -0.0288036 -2.77902 -0.964159 0.0288036 0.263756 112.384
0.222925 0.0182463 0.974665 4.12846 0.0182463 0.999572 -0.0228858 -2.80105 -0.974665 0.0228858 0.222496 112.352
0.187399 0.0140916 0.982183 4.52211 0.0140916 0.999756 -0.0170323 -2.81033 -0.982183 0.0170323 0.187155 112.376
0.156737 0.0116893 0.987571 4.93266 0.0116893 0.999838 -0.0136896 -2.81339 -0.987571 0.0136896 0.156575 112.406
0.129137 0.0142898 0.991524 5.34623 0.0142898 0.999766 -0.0162697 -2.83073 -0.991524 0.0162697 0.128902 112.411
0.104015 0.0203825 0.994367 5.76734 0.0203825 0.999536 -0.0226206 -2.83064 -0.994367 0.0226206 0.103551 112.438
0.0806472 0.0247552 0.996435 6.19701 0.0247552 0.999333 -0.0268308 -2.83468 -0.996435 0.0268308 0.0799806 112.452
0.0577189 0.0228364 0.998072 6.60959 0.0228364 0.999447 -0.0241885 -2.85121 -0.998072 0.0241885 0.0571655 112.448
0.0376631 0.0153929 0.999172 7.05181 0.0153929 0.999754 -0.0159821 -2.86523 -0.999172 0.0159821 0.0374169 112.415
0.019949 0.0109669 0.999741 7.51415 0.0109669 0.999877 -0.0111873 -2.87904 -0.999741 0.0111873 0.0198263 112.403
0.00522349 0.012044 0.999914 7.98664 0.012044 0.999854 -0.0121062 -2.88994 -0.999914 0.0121062 0.00507767 112.395
-0.00547739 0.0143599 0.999882 8.45615 0.0143599 0.999795 -0.01428 -2.89884 -0.999882 0.01428 -0.00568248 112.38
-0.0118528 0.012741 0.999849 8.93005 0.012741 0.99984 -0.0125898 -2.9178 -0.999849 0.0125898 -0.0120132 112.357
-0.0144402 0.00603215 0.999878 9.43122 0.00603215 0.999964 -0.00594555 -2.92383 -0.999878 0.00594555 -0.014476 112.337
-0.0143805 0.0048943 0.999885 9.94441 0.0048943 0.999976 -0.00482436 -2.91784 -0.999885 0.00482436 -0.0144041 112.341
-0.0129158 0.00576768 0.9999 10.4701 0.00576768 0.999967 -0.00569356 -2.92007 -0.9999 0.00569356 -0.0129487 112.337
-0.0114723 0.0108591 0.999875 11.0092 0.0108591 0.999883 -0.0107346 -2.9307 -0.999875 0.0107346 -0.0115889 112.347
-0.009706 0.010158 0.999901 11.4892 0.010158 0.999898 -0.0100594 -2.9417 -0.999901 0.0100594 -0.00980819 112.338
-0.00849281 0.0106005 0.999908 12.0722 0.0106005 0.999889 -0.0105103 -2.95083 -0.999908 0.0105103 -0.00860423 112.334
-0.00771742 0.010726 0.999913 12.6557 0.010726 0.999886 -0.0106429 -2.96596 -0.999913 0.0106429 -0.00783158 112.336
-0.00794457 0.0132576 0.999881 13.2223 0.0132576 0.999826 -0.0131515 -2.99299 -0.999881 0.0131515 -0.00811895 112.355
-0.0067501 0.0118643 0.999907 13.8309 0.0118643 0.99986 -0.0117837 -2.98981 -0.999907 0.0117837 -0.00688992 112.346
-0.00789384 0.012087 0.999896 14.4485 0.012087 0.999855 -0.0119911 -3.00444 -0.999896 0.0119911 -0.0080388 112.347
-0.00849195 0.0149548 0.999852 15.0918 0.0149548 0.999778 -0.0148267 -3.02582 -0.999852 0.0148267 -0.00871371 112.329
-0.00964111 0.0159418 0.999826 15.7447 0.0159418 0.999748 -0.0157869 -3.04011 -0.999826 0.0157869 -0.00989282 112.341
-0.0110837 0.0133095 0.99985 16.4179 0.0133095 0.999825 -0.0131617 -3.05217 -0.99985 0.0131617 -0.0112589 112.327
-0.0125585 0.0127266 0.99984 17.0495 0.0127266 0.99984 -0.0125667 -3.06707 -0.99984 0.0125667 -0.0127185 112.326
-0.0142217 0.0148968 0.999788 17.7618 0.0148968 0.999781 -0.0146848 -3.09322 -0.999788 0.0146848 -0.0144405 112.329
-0.0155972 0.0179461 0.999717 18.4984 0.0179461 0.999683 -0.0176655 -3.09787 -0.999717 0.0176655 -0.0159143 112.326
-0.0162072 0.0177159 0.999712 19.2046 0.0177159 0.999691 -0.0174284 -3.13581 -0.999712 0.0174284 -0.016516 112.302
-0.0172726 0.0167114 0.999711 19.9449 0.0167114 0.999725 -0.0164229 -3.16716 -0.999711 0.0164229 -0.0175471 112.293
-0.0194813 0.0212101 0.999585 20.6831 0.0212101 0.999559 -0.0207962 -3.18812 -0.999585 0.0207962 -0.0199226 112.304
-0.0194023 0.0237691 0.999529 21.4562 0.0237691 0.999446 -0.0233057 -3.21114 -0.999529 0.0233057 -0.0199565 112.278
-0.0207614 0.0265307 0.999432 22.2144 0.0265307 0.99931 -0.0259763 -3.22618 -0.999432 0.0259763 -0.0214509 112.294
-0.0197709 0.0291313 0.99938 22.8732 0.0291313 0.999168 -0.0285488 -3.24886 -0.99938 0.0285488 -0.020603 112.264
-0.0194917 0.0306509 0.99934 23.7272 0.0306509 0.999078 -0.0300451 -3.27119 -0.99934 0.0300451 -0.0204132 112.252
-0.0197726 0.0296811 0.999364 24.5049 0.0296811 0.999136 -0.0290871 -3.32008 -0.999364 0.0290871 -0.0206365 112.26
-0.018194 0.0260511 0.999495 25.1786 0.0260511 0.999333 -0.0255727 -3.37297 -0.999495 0.0255727 -0.0188605 112.224
-0.0187832 0.0233739 0.99955 25.9367 0.0233739 0.999464 -0.0229326 -3.41797 -0.99955 0.0229326 -0.0193195 112.23
-0.0189725 0.027183 0.99945 26.7281 0.027183 0.999275 -0.0266623 -3.47014 -0.99945 0.0266623 -0.0196977 112.237
-0.016395 0.0194743 0.999676 27.5392 0.0194743 0.999627 -0.019154 -3.47098 -0.999676 0.019154 -0.0167681 112.203
-0.0163061 0.0182674 0.9997 28.3054 0.0182674 0.999672 -0.0179689 -3.47495 -0.9997 0.0179689 -0.0166344 112.192
-0.0163699 0.0175386 0.999712 29.086 0.0175386 0.999697 -0.0172512 -3.51007 -0.999712 0.0172512 -0.0166726 112.181
-0.0160613 0.0216153 0.999637 29.9227 0.0216153 0.99954 -0.0212659 -3.54589 -0.999637 0.0212659 -0.0165211 112.164
-0.0192607 0.0248119 0.999507 30.7284 0.0248119 0.999396 -0.024331 -3.57813 -0.999507 0.024331 -0.0198647 112.166
-0.0212413 0.022142 0.999529 31.5424 0.022142 0.99952 -0.0216713 -3.6138 -0.999529 0.0216713 -0.0217214 112.146
-0.0223658 0.0256697 0.99942 32.3722 0.0256697 0.999355 -0.0250936 -3.65589 -0.99942 0.0250936 -0.0230104 112.108
-0.0251679 0.0259923 0.999345 33.2064 0.0259923 0.999341 -0.0253376 -3.69302 -0.999345 0.0253376 -0.0258269 112.114
-0.0268333 0.0285212 0.999233 34.0446 0.0285212 0.999208 -0.0277546 -3.72452 -0.999233 0.0277546 -0.0276255 112.082
-0.0284901 0.0280089 0.999202 34.8853 0.0280089 0.999237 -0.0272113 -3.76452 -0.999202 0.0272113 -0.0292529 112.053
-0.0304489 0.0285083 0.99913 35.7337 0.0285083 0.999211 -0.0276418 -3.80404 -0.99913 0.0276418 -0.0312376 112.025
-0.0317098 0.027298 0.999124 36.6009 0.027298 0.999278 -0.0264359 -3.83323 -0.999124 0.0264359 -0.0324321 111.991
-0.0327564 0.0288712 0.999046 37.4446 0.0288712 0.999193 -0.0279288 -3.88247 -0.999046 0.0279288 -0.0335635 111.959
-0.0342906 0.0273559 0.999037 38.3136 0.0273559 0.999276 -0.0264235 -3.91925 -0.999037 0.0264235 -0.0350141 111.924
-0.0356463 0.025978 0.999027 39.1817 0.025978 0.999348 -0.0250594 -3.95857 -0.999027 0.0250594 -0.0362979 111.897
-0.0366187 0.0279751 0.998938 40.0422 0.0279751 0.999245 -0.0269582 -3.99891 -0.998938 0.0269582 -0.0373737 111.864
-0.0376648 0.0285694 0.998882 40.921 0.0285694 0.999213 -0.0275016 -4.02881 -0.998882 0.0275016 -0.0384514 111.839
-0.0384298 0.0302613 0.998803 41.7911 0.0302613 0.999118 -0.0291065 -4.07786 -0.998803 0.0291065 -0.0393117 111.809
-0.0391421 0.0302696 0.998775 42.6644 0.0302696 0.999118 -0.0290938 -4.11641 -0.998775 0.0290938 -0.0400239 111.78
-0.0444356 0.0245005 0.998712 43.5304 0.0245005 0.999425 -0.0234279 -4.22598 -0.998712 0.0234279 -0.0450103 111.839
-0.0422316 0.0279965 0.998716 44.4036 0.0279965 0.999248 -0.0268276 -4.22986 -0.998716 0.0268276 -0.0429836 111.76
-0.0426958 0.0310486 0.998606 45.2803 0.0310486 0.999075 -0.0297357 -4.30521 -0.998606 0.0297357 -0.0436204 111.742
-0.0425969 0.0297053 0.998651 46.162 0.0297053 0.999154 -0.0284532 -4.35442 -0.998651 0.0284532 -0.0434433 111.687
-0.0412631 0.0304112 0.998685 47.0209 0.0304112 0.999112 -0.0291677 -4.38733 -0.998685 0.0291677 -0.0421513 111.634
-0.0415612 0.0276857 0.998752 47.8706 0.0276857 0.999264 -0.0265478 -4.42228 -0.998752 0.0265478 -0.0422971 111.588
-0.0413806 0.0329496 0.9986 48.7371 0.0329496 0.998957 -0.031596 -4.46822 -0.9986 0.031596 -0.0424231 111.566
-0.0431267 0.0377427 0.998356 49.6147 0.0377427 0.998634 -0.0361228 -4.46491 -0.998356 0.0361228 -0.0444923 111.592
-0.0408349 0.0320888 0.998651 50.4692 0.0320888 0.999011 -0.0307883 -4.50613 -0.998651 0.0307883 -0.0418242 111.51
-0.0409117 0.0315733 0.998664 51.2847 0.0315733 0.999042 -0.0302919 -4.58156 -0.998664 0.0302919 -0.0418694 111.458
-0.0439176 0.038428 0.998296 52.046 0.038428 0.998585 -0.0367486 -4.71328 -0.998296 0.0367486 -0.0453322 111.429
-0.0500421 0.0406871 0.997918 52.9328 0.0406871 0.998423 -0.0386674 -4.68733 -0.997918 0.0386674 -0.0516187 111.409
-0.055791 0.0367852 0.997765 53.7639 0.0367852 0.998718 -0.0347635 -4.74379 -0.997765 0.0347635 -0.0570726 111.338
-0.0624917 0.0352001 0.997425 54.5663 0.0352001 0.998834 -0.0330444 -4.80821 -0.997425 0.0330444 -0.0636579 111.268
-0.0701023 0.0366743 0.996865 55.3835 0.0366743 0.998743 -0.0341643 -4.84007 -0.996865 0.0341643 -0.0713592 111.211
-0.0758232 0.0404955 0.996299 56.1947 0.0404955 0.998476 -0.0375021 -4.88414 -0.996299 0.0375021 -0.0773475 111.145
-0.0813354 0.0421037 0.995797 57.0079 0.0421037 0.998361 -0.0387731 -4.9308 -0.995797 0.0387731 -0.0829748 111.069
-0.0858575 0.0452139 0.995281 57.7945 0.0452139 0.998117 -0.0414424 -4.9661 -0.995281 0.0414424 -0.0877401 111.003
-0.089889 0.0484023 0.994775 58.592 0.0484023 0.99785 -0.0441782 -5.01194 -0.994775 0.0441782 -0.0920385 110.934
-0.0918482 0.0477927 0.994625 59.3799 0.0477927 0.997908 -0.043537 -5.05392 -0.994625 0.043537 -0.0939402 110.848
-0.0939366 0.045144 0.994554 60.1773 0.045144 0.998137 -0.0410427 -5.08502 -0.994554 0.0410427 -0.0957996 110.774
-0.0951555 0.047503 0.994328 60.9663 0.047503 0.99794 -0.0431296 -5.13606 -0.994328 0.0431296 -0.097216 110.699
-0.0968682 0.0494423 0.994068 61.7558 0.0494423 0.997771 -0.0448085 -5.16928 -0.994068 0.0448085 -0.0990968 110.629
-0.097491 0.0460967 0.994168 62.5604 0.0460967 0.998064 -0.0417569 -5.21537 -0.994168 0.0417569 -0.0994272 110.546
-0.098934 0.03956 0.994307 63.362 0.03956 0.998576 -0.0357936 -5.27368 -0.994307 0.0357936 -0.100358 110.464
-0.0999077 0.031288 0.994505 64.1588 0.031288 0.99911 -0.0282897 -5.32771 -0.994505 0.0282897 -0.100798 110.368
-0.100616 0.0304209 0.99446 64.956 0.0304209 0.999159 -0.0274867 -5.36549 -0.99446 0.0274867 -0.101457 110.288
-0.101752 0.0345321 0.99421 65.7562 0.0345321 0.998918 -0.0311614 -5.40371 -0.99421 0.0311614 -0.102834 110.23
-0.100955 0.0344584 0.994294 66.555 0.0344584 0.998921 -0.0311201 -5.43113 -0.994294 0.0311201 -0.102034 110.148
-0.101104 0.0320067 0.994361 67.3593 0.0320067 0.99907 -0.0289039 -5.45498 -0.994361 0.0289039 -0.102034 110.061
-0.101841 0.0310485 0.994316 68.1766 0.0310485 0.999125 -0.0280185 -5.50113 -0.994316 0.0280185 -0.102716 109.979
-0.103479 0.0329156 0.994087 69.0055 0.0329156 0.999018 -0.0296525 -5.53577 -0.994087 0.0296525 -0.10446 109.897
-0.0986509 0.0295753 0.994683 69.757 0.0295753 0.999204 -0.0267765 -5.60498 -0.994683 0.0267765 -0.0994471 109.598
-0.110573 0.0328856 0.993324 70.6232 0.0328856 0.999026 -0.0294137 -5.64057 -0.993324 0.0294137 -0.111547 109.798
-0.108674 0.0306915 0.993604 71.4632 0.0306915 0.99915 -0.027506 -5.68816 -0.993604 0.027506 -0.109524 109.589
-0.111651 0.0332545 0.993191 72.2988 0.0332545 0.999005 -0.0297108 -5.73859 -0.993191 0.0297108 -0.112646 109.534
-0.113715 0.0347777 0.992905 73.1552 0.0347777 0.998914 -0.0310051 -5.75833 -0.992905 0.0310051 -0.114801 109.437
-0.114861 0.0343277 0.992788 74.0086 0.0343277 0.998943 -0.030569 -5.82642 -0.992788 0.030569 -0.115918 109.338
-0.114354 0.033607 0.992871 74.8877 0.033607 0.998986 -0.0299433 -5.8565 -0.992871 0.0299433 -0.115367 109.228
-0.115224 0.034528 0.992739 75.726 0.034528 0.998931 -0.0307358 -5.89048 -0.992739 0.0307358 -0.116293 109.113
-0.11614 0.0359903 0.992581 76.5803 0.0359903 0.998839 -0.0320061 -5.9484 -0.992581 0.0320061 -0.117301 109.028
-0.118058 0.0379829 0.99228 77.4563 0.0379829 0.99871 -0.0337099 -5.96982 -0.99228 0.0337099 -0.119349 108.944
-0.118337 0.0408512 0.992133 78.3057 0.0408512 0.998508 -0.0362412 -6.01144 -0.992133 0.0362412 -0.119829 108.828
-0.120648 0.0394099 0.991913 79.1727 0.0394099 0.998614 -0.0348827 -6.05585 -0.991913 0.0348827 -0.122034 108.721
-0.123006 0.0384799 0.99166 80.0222 0.0384799 0.998681 -0.0339793 -6.09302 -0.99166 0.0339793 -0.124324 108.622
-0.12411 0.0370245 0.991577 80.8741 0.0370245 0.998781 -0.0326593 -6.13547 -0.991577 0.0326593 -0.12533 108.494
-0.126073 0.0362265 0.991359 81.7501 0.0362265 0.998835 -0.0318926 -6.18816 -0.991359 0.0318926 -0.127239 108.393
-0.12621 0.0306511 0.99153 82.6083 0.0306511 0.999166 -0.0269856 -6.22709 -0.99153 0.0269856 -0.127044 108.263
-0.128019 0.0283584 0.991366 83.4829 0.0283584 0.999287 -0.0249229 -6.26986 -0.991366 0.0249229 -0.128732 108.157
-0.128113 0.0272165 0.991386 84.3584 0.0272165 0.999343 -0.0239178 -6.31765 -0.991386 0.0239178 -0.128769 108.051
-0.127373 0.0225322 0.991599 85.2317 0.0225322 0.99955 -0.0198186 -6.35124 -0.991599 0.0198186 -0.127823 107.927
-0.127957 0.0263249 0.99143 86.1046 0.0263249 0.999386 -0.0231386 -6.36779 -0.99143 0.0231386 -0.128572 107.8
-0.127802 0.0260846 0.991457 86.9835 0.0260846 0.999397 -0.0229311 -6.4011 -0.991457 0.0229311 -0.128406 107.721
-0.125264 0.0268902 0.991759 87.873 0.0268902 0.999357 -0.0236998 -6.4291 -0.991759 0.0236998 -0.125907 107.604
-0.124324 0.0279458 0.991848 88.7595 0.0279458 0.999305 -0.024653 -6.45907 -0.991848 0.024653 -0.125019 107.505
-0.122285 0.0274515 0.992115 89.652 0.0274515 0.999329 -0.0242675 -6.49119 -0.992115 0.0242675 -0.122956 107.409
-0.120607 0.0299896 0.992247 90.5605 0.0299896 0.999197 -0.0265545 -6.52885 -0.992247 0.0265545 -0.121409 107.314
-0.119408 0.0280459 0.992449 91.4699 0.0280459 0.999297 -0.024865 -6.56735 -0.992449 0.024865 -0.120111 107.215
-0.118025 0.0264292 0.992659 92.3826 0.0264292 0.999375 -0.0234657 -6.62137 -0.992659 0.0234657 -0.11865 107.111
-0.116844 0.0241132 0.992857 93.2999 0.0241132 0.999479 -0.0214363 -6.67209 -0.992857 0.0214363 -0.117365 107.007
-0.115032 0.0298302 0.992914 94.2248 0.0298302 0.999202 -0.0265632 -6.71909 -0.992914 0.0265632 -0.11583 106.917
-0.114085 0.0276122 0.993087 95.1549 0.0276122 0.999316 -0.0246133 -6.73588 -0.993087 0.0246133 -0.114769 106.808
-0.113376 0.0276228 0.993168 96.0796 0.0276228 0.999315 -0.0246405 -6.78495 -0.993168 0.0246405 -0.114061 106.715
-0.112515 0.0263521 0.993301 97.0197 0.0263521 0.999376 -0.0235282 -6.8132 -0.993301 0.0235282 -0.113139 106.602
-0.112457 0.0297245 0.993212 97.9538 0.0297245 0.999206 -0.0265383 -6.84217 -0.993212 0.0265383 -0.113251 106.522
-0.112658 0.0285124 0.993225 98.8865 0.0285124 0.999269 -0.0254519 -6.88967 -0.993225 0.0254519 -0.113388 106.423
-0.110292 0.0235389 0.99362 99.8259 0.0235389 0.999501 -0.0210654 -6.91598 -0.99362 0.0210654 -0.110791 106.291
-0.109875 0.0213295 0.993717 100.768 0.0213295 0.99959 -0.0190972 -6.95116 -0.993717 0.0190972 -0.110285 106.194
-0.109555 0.0205614 0.993768 101.712 0.0205614 0.999619 -0.0184158 -7.00005 -0.993768 0.0184158 -0.109936 106.094
-0.108296 0.0232592 0.993847 102.666 0.0232592 0.999512 -0.0208573 -7.03127 -0.993847 0.0208573 -0.108784 105.994
-0.107701 0.0292136 0.993754 103.616 0.0292136 0.99923 -0.0262085 -7.06795 -0.993754 0.0262085 -0.108472 105.908
-0.107827 0.0361955 0.993511 104.576 0.0361955 0.998817 -0.0324604 -7.1061 -0.993511 0.0324604 -0.10901 105.825
-0.108462 0.0387946 0.993343 105.516 0.0387946 0.998642 -0.0347656 -7.14545 -0.993343 0.0347656 -0.10982 105.731
-0.110234 0.0430976 0.992971 106.491 0.0430976 0.998327 -0.0385456 -7.20758 -0.992971 0.0385456 -0.111907 105.634
-0.10965 0.0432803 0.993027 107.448 0.0432803 0.998312 -0.0387316 -7.26913 -0.993027 0.0387316 -0.111338 105.509
-0.110797 0.0396414 0.993052 108.405 0.0396414 0.998585 -0.0354394 -7.32834 -0.993052 0.0354394 -0.112212 105.428
-0.111292 0.0383519 0.993047 109.259 0.0383519 0.998676 -0.0342712 -7.38171 -0.993047 0.0342712 -0.112616 105.319
-0.105531 0.0308562 0.993937 110.254 0.0308562 0.999139 -0.0277416 -7.38151 -0.993937 0.0277416 -0.106393 105.183
-0.111877 0.0344096 0.993126 111.227 0.0344096 0.998935 -0.0307346 -7.49867 -0.993126 0.0307346 -0.112942 105.104
-0.112659 0.0328751 0.99309 112.158 0.0328751 0.999029 -0.0293423 -7.56986 -0.99309 0.0293423 -0.11363 105.013
-0.112614 0.0330849 0.993088 113.094 0.0330849 0.999016 -0.0295307 -7.59619 -0.993088 0.0295307 -0.113597 104.887
-0.115732 0.0371232 0.992587 114.03 0.0371232 0.998765 -0.0330259 -7.65004 -0.992587 0.0330259 -0.116967 104.804
-0.119072 0.0381452 0.992153 115.009 0.0381452 0.9987 -0.033819 -7.71265 -0.992153 0.033819 -0.120372 104.693
-0.121788 0.0362861 0.991893 115.934 0.0362861 0.998826 -0.0320844 -7.74743 -0.991893 0.0320844 -0.122962 104.558
-0.125091 0.0393459 0.991365 116.861 0.0393459 0.998624 -0.0346693 -7.81869 -0.991365 0.0346693 -0.126467 104.442
-0.130108 0.0406078 0.990668 117.821 0.0406078 0.998541 -0.0355973 -7.86361 -0.990668 0.0355973 -0.131567 104.36
-0.132031 0.0379011 0.990521 118.734 0.0379011 0.998731 -0.0331632 -7.91039 -0.990521 0.0331632 -0.1333 104.194
-0.133595 0.0337646 0.990461 119.651 0.0337646 0.998994 -0.0295013 -7.95741 -0.990461 0.0295013 -0.134601 104.042
-0.137309 0.0453484 0.98949 120.59 0.0453484 0.998192 -0.0394543 -8.01724 -0.98949 0.0394543 -0.139117 103.975
-0.139454 0.0453357 0.98919 121.516 0.0453357 0.998196 -0.0393571 -8.07899 -0.98919 0.0393571 -0.141258 103.86
-0.141674 0.0392921 0.989133 122.431 0.0392921 0.998648 -0.0340423 -8.11508 -0.989133 0.0340423 -0.143026 103.695
-0.145254 0.0390098 0.988625 123.359 0.0390098 0.998671 -0.0336747 -8.18511 -0.988625 0.0336747 -0.146582 103.567
-0.147897 0.0428524 0.988074 124.27 0.0428524 0.9984 -0.036886 -8.21966 -0.988074 0.036886 -0.149497 103.415
-0.149885 0.044882 0.987684 125.202 0.044882 0.998248 -0.038551 -8.25285 -0.987684 0.038551 -0.151637 103.287
-0.152867 0.0455802 0.987195 126.132 0.0455802 0.998198 -0.0390301 -8.30674 -0.987195 0.0390301 -0.154669 103.179
-0.155014 0.0470708 0.98679 127.053 0.0470708 0.998082 -0.0402151 -8.36545 -0.98679 0.0402151 -0.156932 103.009
-0.15784 0.0467527 0.986357 127.967 0.0467527 0.998112 -0.0398284 -8.42869 -0.986357 0.0398284 -0.159728 102.876
-0.160129 0.039606 0.986301 128.868 0.039606 0.998648 -0.0336717 -8.46756 -0.986301 0.0336717 -0.161481 102.687
-0.162779 0.0421632 0.985761 129.78 0.0421632 0.998471 -0.0357444 -8.54336 -0.985761 0.0357444 -0.164308 102.562
-0.165659 0.0413269 0.985317 130.672 0.0413269 0.998535 -0.0349331 -8.59936 -0.985317 0.0349331 -0.167124 102.398
-0.168657 0.0417947 0.984788 131.566 0.0417947 0.998505 -0.035219 -8.63529 -0.984788 0.035219 -0.170152 102.265
-0.172854 0.0394832 0.984156 132.439 0.0394832 0.998671 -0.0331309 -8.68751 -0.984156 0.0331309 -0.174183 102.1
-0.178648 0.0365626 0.983234 133.299 0.0365626 0.998866 -0.0305007 -8.71304 -0.983234 0.0305007 -0.179782 101.94
-0.185021 0.0388828 0.981965 134.15 0.0388828 0.998724 -0.0322202 -8.75101 -0.981965 0.0322202 -0.186297 101.777
-0.19251 0.0411066 0.980434 134.99 0.0411066 0.998583 -0.0337962 -8.79985 -0.980434 0.0337962 -0.193927 101.575
-0.202887 0.0430965 0.978253 135.843 0.0430965 0.998456 -0.0350484 -8.83869 -0.978253 0.0350484 -0.204431 101.389
-0.215218 0.0433835 0.975602 136.665 0.0433835 0.998451 -0.0348291 -8.8887 -0.975602 0.0348291 -0.216767 101.2
-0.227313 0.0427532 0.972883 137.482 0.0427532 0.998511 -0.0338902 -8.93013 -0.972883 0.0338902 -0.228803 100.972
-0.23932 0.0397562 0.970126 138.308 0.0397562 0.998725 -0.0311207 -8.96871 -0.970126 0.0311207 -0.240596 100.742
-0.251046 0.0387369 0.9672 139.111 0.0387369 0.998801 -0.029948 -9.01335 -0.9672 0.029948 -0.252246 100.516
-0.260774 0.0336892 0.964812 139.893 0.0336892 0.9991 -0.0257808 -9.05488 -0.964812 0.0257808 -0.261674 100.261
-0.270903 0.0280318 0.962198 140.676 0.0280318 0.999382 -0.0212228 -9.08705 -0.962198 0.0212228 -0.271521 100.033
-0.278797 0.0225704 0.960085 141.459 0.0225704 0.999602 -0.0169452 -9.11586 -0.960085 0.0169452 -0.279195 99.7747
-0.285571 0.022849 0.958085 142.248 0.022849 0.999594 -0.0170285 -9.14904 -0.958085 0.0170285 -0.285978 99.5379
-0.290216 0.0203727 0.956744 143.007 0.0203727 0.999678 -0.0151072 -9.16774 -0.956744 0.0151072 -0.290538 99.2816
-0.29282 0.0140302 0.956064 143.778 0.0140302 0.999848 -0.0103756 -9.18487 -0.956064 0.0103756 -0.292973 99.0399
-0.293807 0.00890679 0.955823 144.54 0.00890679 0.999939 -0.00658005 -9.20628 -0.955823 0.00658005 -0.293868 98.7832
-0.29444 0.00481927 0.955658 145.316 0.00481927 0.999982 -0.00355797 -9.21608 -0.955658 0.00355797 -0.294458 98.5382
-0.293489 0.000785893 0.955962 146.079 0.000785893 1 -0.00058082 -9.24538 -0.955962 0.00058082 -0.29349 98.298
-0.294372 0.000298729 0.955691 146.842 0.000298729 1 -0.000220565 -9.26385 -0.955691 0.000220565 -0.294372 98.0966
-0.293418 -0.0018723 0.955983 147.614 -0.0018723 0.999997 0.00138384 -9.28989 -0.955983 -0.00138384 -0.29342 97.8584
-0.290558 -0.005143 0.956844 148.369 -0.005143 0.99998 0.00381311 -9.29053 -0.956844 -0.00381311 -0.290578 97.6239
-0.289301 -0.00522671 0.957224 149.118 -0.00522671 0.999979 0.0038805 -9.30265 -0.957224 -0.0038805 -0.289323 97.4042
-0.290228 -0.00454948 0.956947 149.874 -0.00454948 0.999984 0.0033743 -9.31246 -0.956947 -0.0033743 -0.290244 97.2115
-0.285339 -0.00982076 0.958376 150.615 -0.00982076 0.999925 0.00732257 -9.33019 -0.958376 -0.00732257 -0.285414 96.9505
-0.283618 -0.0029698 0.958933 151.407 -0.0029698 0.999993 0.0022186 -9.36521 -0.958933 -0.0022186 -0.283625 96.8596
-0.277075 -0.0103797 0.960792 152.134 -0.0103797 0.999916 0.00780908 -9.34791 -0.960792 -0.00780908 -0.277159 96.6013
-0.271262 -0.00996125 0.962454 152.861 -0.00996125 0.999922 0.00754152 -9.36945 -0.962454 -0.00754152 -0.27134 96.401
-0.267163 -0.00689756 0.963627 153.621 -0.00689756 0.999962 0.00524531 -9.37343 -0.963627 -0.00524531 -0.267201 96.24
-0.263044 -0.00905154 0.964741 154.346 -0.00905154 0.999935 0.00691377 -9.36907 -0.964741 -0.00691377 -0.263109 96.0378
-0.259515 -0.00926943 0.965695 155.089 -0.00926943 0.999932 0.00710705 -9.36893 -0.965695 -0.00710705 -0.259583 95.863
-0.257134 -0.0098838 0.966325 155.831 -0.0098838 0.999922 0.00759741 -9.38642 -0.966325 -0.00759741 -0.257212 95.669
-0.252339 -0.0154192 0.967516 156.578 -0.0154192 0.99981 0.0119124 -9.39176 -0.967516 -0.0119124 -0.252529 95.4883
-0.249533 -0.0111225 0.968303 157.285 -0.0111225 0.999901 0.00861917 -9.40045 -0.968303 -0.00861917 -0.249632 95.2965
-0.246351 -0.00595833 0.969162 158.009 -0.00595833 0.999972 0.0046332 -9.41247 -0.969162 -0.0046332 -0.246379 95.1312
-0.243056 -0.00537679 0.969997 158.742 -0.00537679 0.999977 0.00419569 -9.42233 -0.969997 -0.00419569 -0.243079 94.9793
-0.236034 -0.0127879 0.971661 159.445 -0.0127879 0.999868 0.0100527 -9.44765 -0.971661 -0.0100527 -0.236166 94.7812
-0.230416 -0.0107401 0.973033 160.179 -0.0107401 0.999906 0.00849348 -9.45558 -0.973033 -0.00849348 -0.23051 94.6751
