1 -8.22789e-007 -0.00085052 -0.0332714 -8.22789e-007 0.999998 -0.00193479 -0.0106501 0.00085052 0.00193479 0.999998 0.665833
0.99999 -8.02502e-006 -0.00448179 -0.0577842 -8.02502e-006 0.999994 -0.00358114 -0.0132529 0.00448179 0.00358114 0.999984 1.32847
0.999968 -1.44594e-005 -0.00797551 -0.0721436 -1.44594e-005 0.999993 -0.00362588 -0.045657 0.00797551 0.00362588 0.999962 2.00808
0.999939 -2.27065e-005 -0.0110594 -0.118095 -2.27065e-005 0.999992 -0.00410615 -0.0510489 0.0110594 0.00410615 0.99993 2.6878
0.99986 -3.48606e-005 -0.0167087 -0.103461 -3.48606e-005 0.999991 -0.00417243 -0.0653603 0.0167087 0.00417243 0.999852 3.45088
0.999821 -5.13913e-005 -0.0189396 -0.163515 -5.13913e-005 0.999985 -0.00542633 -0.0707511 0.0189396 0.00542633 0.999806 4.18362
0.999704 -7.16278e-005 -0.0243137 -0.175966 -7.16278e-005 0.999983 -0.00589104 -0.0829762 0.0243137 0.00589104 0.999687 4.94739
0.999583 -5.94957e-005 -0.0288866 -0.200813 -5.94957e-005 0.999992 -0.00411838 -0.0914967 0.0288866 0.00411838 0.999574 5.68427
0.999426 -3.82606e-005 -0.033888 -0.209945 -3.82606e-005 0.999997 -0.00225741 -0.0877925 0.033888 0.00225741 0.999423 6.42699
0.999327 8.90739e-006 -0.0366779 -0.257861 8.90739e-006 1 0.000485546 -0.0960573 0.0366779 -0.000485546 0.999327 7.22507
0.999234 -4.58227e-006 -0.039124 -0.29331 -4.58227e-006 1 -0.000234154 -0.0979075 0.039124 0.000234154 0.999234 8.00588
0.99919 -6.07501e-006 -0.0402457 -0.351409 -6.07501e-006 1 -0.000301773 -0.107368 0.0402457 0.000301773 0.99919 8.83079
0.999063 -2.10244e-005 -0.0432765 -0.365878 -2.10244e-005 1 -0.000971174 -0.113282 0.0432765 0.000971174 0.999063 9.62615
0.998972 6.30762e-006 -0.0453213 -0.399919 6.30762e-006 1 0.000278208 -0.127394 0.0453213 -0.000278208 0.998972 10.4438
0.998845 4.95552e-007 -0.0480434 -0.444411 4.95552e-007 1 2.06174e-005 -0.128841 0.0480434 -2.06174e-005 0.998845 11.3045
0.998815 -4.438e-005 -0.0486691 -0.487066 -4.438e-005 0.999998 -0.00182266 -0.142534 0.0486691 0.00182266 0.998813 12.0354
0.998822 -0.000108615 -0.0485311 -0.558085 -0.000108615 0.99999 -0.00447343 -0.149099 0.0485311 0.00447343 0.998812 12.8662
0.998749 -0.000148307 -0.0499944 -0.596041 -0.000148307 0.999982 -0.00592919 -0.158281 0.0499944 0.00592919 0.998732 13.6502
0.998653 -0.000139957 -0.0518904 -0.63141 -0.000139957 0.999985 -0.00539066 -0.16847 0.0518904 0.00539066 0.998638 14.4852
0.998562 -0.00011079 -0.0536135 -0.647003 -0.00011079 0.999991 -0.00412993 -0.184751 0.0536135 0.00412993 0.998553 15.2628
0.998467 -6.2125e-005 -0.0553524 -0.688736 -6.2125e-005 0.999997 -0.00224298 -0.198313 0.0553524 0.00224298 0.998464 16.0801
0.998454 -6.61021e-005 -0.05559 -0.74165 -6.61021e-005 0.999997 -0.00237636 -0.211637 0.05559 0.00237636 0.998451 16.9203
0.998324 -8.11579e-005 -0.0578702 -0.779227 -8.11579e-005 0.999996 -0.00280247 -0.226417 0.0578702 0.00280247 0.99832 17.7618
0.998307 -0.000115768 -0.05817 -0.82584 -0.000115768 0.999992 -0.00397693 -0.240769 0.05817 0.00397693 0.998299 18.5291
0.998188 -5.78663e-005 -0.0601715 -0.834456 -5.78663e-005 0.999998 -0.00192164 -0.258005 0.0601715 0.00192164 0.998186 19.3472
0.998232 3.87271e-005 -0.0594302 -0.917793 3.87271e-005 0.999999 0.00130213 -0.258001 0.0594302 -0.00130213 0.998232 20.218
0.998208 0.000164718 -0.0598315 -0.935101 0.000164718 0.999985 0.00550108 -0.277834 0.0598315 -0.00550108 0.998193 21.0562
0.998359 0.000233234 -0.0572573 -0.990284 0.000233234 0.999967 0.00814005 -0.276788 0.0572573 -0.00814005 0.998326 21.9367
0.998478 0.000245998 -0.0551438 -1.06794 0.000245998 0.99996 0.00891508 -0.267098 0.0551438 -0.00891508 0.998439 22.8931
0.998457 0.000170302 -0.0555274 -1.06943 0.000170302 0.999981 0.0061292 -0.28246 0.0555274 -0.0061292 0.998438 23.7912
0.998621 4.49301e-005 -0.052502 -1.19432 4.49301e-005 0.999999 0.00171037 -0.287829 0.052502 -0.00171037 0.998619 24.8195
0.998701 -4.30599e-005 -0.0509611 -1.23355 -4.30599e-005 0.999999 -0.00168881 -0.287143 0.0509611 0.00168881 0.998699 25.6786
0.998684 -1.33097e-005 -0.0512924 -1.26425 -1.33097e-005 1 -0.000518631 -0.310953 0.0512924 0.000518631 0.998684 26.6072
0.99869 0.000106773 -0.0511718 -1.32164 0.000106773 0.999991 0.00417037 -0.306821 0.0511718 -0.00417037 0.998681 27.5402
0.998651 0.000192043 -0.0519233 -1.36456 0.000192043 0.999973 0.0073921 -0.316353 0.0519233 -0.0073921 0.998624 28.4436
0.998585 0.000167792 -0.053187 -1.41463 0.000167792 0.99998 0.006305 -0.316195 0.053187 -0.006305 0.998565 29.3977
0.998171 9.88267e-005 -0.0604459 -1.31348 9.88267e-005 0.999995 0.00326693 -0.289656 0.0604459 -0.00326693 0.998166 30.2235
0.998267 -2.25843e-005 -0.058849 -1.45032 -2.25843e-005 1 -0.000766867 -0.319381 0.058849 0.000766867 0.998267 31.2004
0.998025 -4.53883e-005 -0.0628202 -1.46228 -4.53883e-005 0.999999 -0.0014436 -0.321446 0.0628202 0.0014436 0.998024 32.0347
0.998068 -1.84755e-006 -0.0621249 -1.56268 -1.84755e-006 1 -5.94211e-005 -0.332491 0.0621249 5.94211e-005 0.998068 32.9218
0.998022 9.54374e-005 -0.0628651 -1.61692 9.54374e-005 0.999995 0.00303325 -0.342202 0.0628651 -0.00303325 0.998017 33.7835
0.99799 0.000134118 -0.0633701 -1.69534 0.000134118 0.999991 0.00422859 -0.34256 0.0633701 -0.00422859 0.997981 34.7162
0.997952 0.000223161 -0.0639725 -1.76484 0.000223161 0.999976 0.00696955 -0.352116 0.0639725 -0.00696955 0.997927 35.612
0.99797 0.000317341 -0.0636848 -1.83231 0.000317341 0.99995 0.00995562 -0.35299 0.0636848 -0.00995562 0.99792 36.5668
0.99793 0.000404143 -0.0643136 -1.90411 0.000404143 0.999921 0.0125544 -0.353149 0.0643136 -0.0125544 0.997851 37.4824
0.998025 0.000388924 -0.0628162 -1.99937 0.000388924 0.999923 0.0123702 -0.359241 0.0628162 -0.0123702 0.997948 38.4996
0.9979 0.000329847 -0.0647728 -2.01041 0.000329847 0.999948 0.0101738 -0.363056 0.0647728 -0.0101738 0.997848 39.4005
0.997931 0.000270445 -0.0642982 -2.09943 0.000270445 0.999965 0.00840334 -0.365615 0.0642982 -0.00840334 0.997895 40.3985
0.997745 0.000269356 -0.0671224 -2.14821 0.000269356 0.999968 0.00801665 -0.36902 0.0671224 -0.00801665 0.997713 41.3422
0.997636 0.000312868 -0.0687129 -2.21025 0.000312868 0.999959 0.00909558 -0.374099 0.0687129 -0.00909558 0.997595 42.3572
0.997463 0.000356513 -0.0711924 -2.2647 0.000356513 0.99995 0.0100025 -0.376277 0.0711924 -0.0100025 0.997412 43.2944
0.997476 0.000233381 -0.0710078 -2.35881 0.000233381 0.999978 0.00656501 -0.376676 0.0710078 -0.00656501 0.997454 44.2948
0.997407 8.72716e-005 -0.0719717 -2.43138 8.72716e-005 0.999997 0.00242201 -0.384255 0.0719717 -0.00242201 0.997404 45.2332
0.997399 5.43476e-005 -0.072082 -2.51286 5.43476e-005 0.999999 0.00150598 -0.395984 0.072082 -0.00150598 0.997398 46.1985
0.997329 0.000179978 -0.0730386 -2.5644 0.000179978 0.999988 0.00492168 -0.408784 0.0730386 -0.00492168 0.997317 47.0789
0.997332 0.000277753 -0.0730031 -2.63639 0.000277753 0.999971 0.00759909 -0.40565 0.0730031 -0.00759909 0.997303 47.9589
0.99727 0.000309917 -0.0738352 -2.68083 0.000309917 0.999965 0.00838322 -0.421845 0.0738352 -0.00838322 0.997235 48.8283
0.997326 0.000260779 -0.0730814 -2.76188 0.000260779 0.999975 0.00712704 -0.432145 0.0730814 -0.00712704 0.997301 49.7038
0.997349 0.000207547 -0.0727612 -2.82975 0.000207547 0.999984 0.00569729 -0.447811 0.0727612 -0.00569729 0.997333 50.6205
0.997282 0.000233786 -0.07368 -2.89031 0.000233786 0.99998 0.00633731 -0.449661 0.07368 -0.00633731 0.997262 51.493
0.997296 0.000388932 -0.0734841 -2.95459 0.000388932 0.999944 0.0105709 -0.471104 0.0734841 -0.0105709 0.99724 52.3745
0.997242 0.000571289 -0.0742225 -3.01819 0.000571289 0.999882 0.0153718 -0.472179 0.0742225 -0.0153718 0.997123 53.2679
0.997118 0.000658766 -0.075868 -3.07948 0.000658766 0.999849 0.0173398 -0.469698 0.075868 -0.0173398 0.996967 54.2503
0.997024 0.000523441 -0.0770913 -3.15985 0.000523441 0.999908 0.0135589 -0.469756 0.0770913 -0.0135589 0.996932 55.1316
0.996928 0.000242913 -0.0783207 -3.23772 0.000242913 0.999981 0.00619343 -0.481449 0.0783207 -0.00619343 0.996909 56.0246
0.996884 5.94319e-005 -0.0788769 -3.32297 5.94319e-005 0.999999 0.0015046 -0.490453 0.0788769 -0.0015046 0.996883 56.9184
0.99676 0.000105079 -0.0804384 -3.38754 0.000105079 0.999997 0.00260842 -0.499244 0.0804384 -0.00260842 0.996756 57.781
0.996744 0.000215952 -0.0806325 -3.49699 0.000215952 0.999986 0.00534771 -0.509142 0.0806325 -0.00534771 0.99673 58.6771
0.996628 0.000278405 -0.0820507 -3.55459 0.000278405 0.999977 0.00677466 -0.519759 0.0820507 -0.00677466 0.996605 59.5246
0.996519 0.000289821 -0.0833639 -3.63568 0.000289821 0.999976 0.00694096 -0.526998 0.0833639 -0.00694096 0.996495 60.3458
0.996444 0.000328245 -0.0842518 -3.73292 0.000328245 0.99997 0.00777804 -0.532056 0.0842518 -0.00777804 0.996414 61.1142
0.996254 0.000350613 -0.0864792 -3.79796 0.000350613 0.999967 0.00809329 -0.536113 0.0864792 -0.00809329 0.996221 61.9816
0.996159 0.000381829 -0.0875628 -3.88221 0.000381829 0.999962 0.00870435 -0.547032 0.0875628 -0.00870435 0.996121 62.8057
0.996065 0.000439733 -0.0886221 -3.95267 0.000439733 0.999951 0.009904 -0.557171 0.0886221 -0.009904 0.996016 63.6143
0.995838 0.000571847 -0.0911365 -4.01754 0.000571847 0.999921 0.0125226 -0.55798 0.0911365 -0.0125226 0.99576 64.3992
0.995907 0.000772321 -0.0903834 -4.11747 0.000772321 0.999854 0.0170537 -0.564432 0.0903834 -0.0170537 0.995761 65.2287
0.99564 0.000857235 -0.09328 -4.19019 0.000857235 0.999831 0.0183382 -0.54993 0.09328 -0.0183382 0.995471 65.9678
0.995774 0.000666275 -0.0918346 -4.32447 0.000666275 0.999895 0.0144789 -0.55147 0.0918346 -0.0144789 0.995669 66.8283
0.995358 0.00037525 -0.0962439 -4.3361 0.00037525 0.99997 0.00777968 -0.581385 0.0962439 -0.00777968 0.995327 67.5346
0.995508 6.41373e-005 -0.094673 -4.4658 6.41373e-005 0.999999 0.00135188 -0.57211 0.094673 -0.00135188 0.995508 68.26
0.994436 -8.14328e-005 -0.105346 -4.35036 -8.14328e-005 0.999999 -0.0015417 -0.558168 0.105346 0.0015417 0.994434 69.0083
0.995358 0.00019651 -0.0962381 -4.60794 0.00019651 0.999992 0.00407433 -0.585473 0.0962381 -0.00407433 0.99535 69.6265
0.994654 0.000275719 -0.103262 -4.58338 0.000275719 0.999986 0.00532585 -0.589874 0.103262 -0.00532585 0.99464 70.333
0.995337 9.21523e-005 -0.096457 -4.80203 9.21523e-005 0.999998 0.00190629 -0.589264 0.096457 -0.00190629 0.995335 70.9954
0.994573 -0.000227334 -0.104039 -4.70225 -0.000227334 0.99999 -0.00435828 -0.617202 0.104039 0.00435828 0.994564 71.6628
0.994973 -0.00046748 -0.100138 -4.8079 -0.00046748 0.999957 -0.00931307 -0.61989 0.100138 0.00931307 0.99493 72.2773
0.995081 -0.000477907 -0.0990679 -4.84096 -0.000477907 0.999954 -0.00962411 -0.634327 0.0990679 0.00962411 0.995034 72.8672
0.995406 -0.000297462 -0.0957462 -4.88627 -0.000297462 0.999981 -0.00619922 -0.642941 0.0957462 0.00619922 0.995386 73.4098
0.995942 -0.000173589 -0.0899962 -4.95249 -0.000173589 0.999993 -0.00384985 -0.642017 0.0899962 0.00384985 0.995935 73.9437
0.996476 7.33118e-006 -0.0838821 -4.99953 7.33118e-006 1 0.000174489 -0.653985 0.0838821 -0.000174489 0.996476 74.4558
0.997085 0.00012892 -0.0762982 -5.01577 0.00012892 0.999994 0.00337445 -0.666757 0.0762982 -0.00337445 0.997079 75.0014
0.997905 0.000111353 -0.0646934 -5.06 0.000111353 0.999994 0.00343887 -0.667188 0.0646934 -0.00343887 0.997899 75.5094
0.998732 8.21142e-005 -0.0503452 -5.07862 8.21142e-005 0.999995 0.00325997 -0.673944 0.0503452 -0.00325997 0.998727 76.0096
0.999502 6.4286e-005 -0.0315625 -5.09244 6.4286e-005 0.999992 0.00407253 -0.676495 0.0315625 -0.00407253 0.999493 76.4901
0.999951 2.39285e-005 -0.00993118 -5.07449 2.39285e-005 0.999988 0.00481873 -0.680467 0.00993118 -0.00481873 0.999939 76.9452
0.999874 -5.04168e-005 0.0159048 -5.03222 -5.04168e-005 0.99998 0.00633936 -0.691511 -0.0159048 -0.00633936 0.999853 77.4223
0.998952 -0.000186801 0.0457751 -4.99471 -0.000186801 0.999967 0.00815726 -0.693317 -0.0457751 -0.00815726 0.998918 77.8639
0.997008 -0.000397147 0.0772972 -4.9044 -0.000397147 0.999947 0.0102602 -0.70511 -0.0772972 -0.0102602 0.996955 78.3483
0.993265 -0.000625956 0.115867 -4.84044 -0.000625956 0.999942 0.0107681 -0.701958 -0.115867 -0.0107681 0.993206 78.7711
0.987445 -0.000886791 0.15796 -4.73285 -0.000886791 0.999937 0.0111572 -0.706277 -0.15796 -0.0111572 0.987382 79.2402
0.978976 -0.00115897 0.203973 -4.62681 -0.00115897 0.999936 0.0112441 -0.708962 -0.203973 -0.0112441 0.978912 79.6487
0.967772 -0.0012405 0.251824 -4.45043 -0.0012405 0.999952 0.00969317 -0.716812 -0.251824 -0.00969317 0.967725 80.0762
0.952441 -0.00111263 0.30472 -4.276 -0.00111263 0.999974 0.00712888 -0.720693 -0.30472 -0.00712888 0.952415 80.4699
0.932634 -0.00110865 0.360822 -4.08004 -0.00110865 0.999982 0.0059381 -0.726901 -0.360822 -0.0059381 0.932616 80.8467
0.908887 -0.000975449 0.417042 -3.84946 -0.000975449 0.99999 0.00446481 -0.722778 -0.417042 -0.00446481 0.908876 81.1948
0.880193 -0.000946046 0.474615 -3.60694 -0.000946046 0.999993 0.00374776 -0.726601 -0.474615 -0.00374776 0.880186 81.5203
0.847179 -0.00105342 0.531307 -3.34181 -0.00105342 0.999993 0.00366238 -0.727767 -0.531307 -0.00366238 0.847172 81.8233
0.810571 -0.00121225 0.58564 -3.06469 -0.00121225 0.999992 0.00374779 -0.738288 -0.58564 -0.00374779 0.810563 82.1034
0.771441 -0.00178096 0.636298 -2.76105 -0.00178096 0.999986 0.0049581 -0.737128 -0.636298 -0.0049581 0.771427 82.3643
0.729285 -0.00236942 0.684206 -2.43873 -0.00236942 0.999979 0.00598848 -0.736193 -0.684206 -0.00598848 0.729264 82.6132
0.6846 -0.0030186 0.728912 -2.12248 -0.0030186 0.999971 0.00697621 -0.741899 -0.728912 -0.00697621 0.684571 82.8248
0.638245 -0.00389838 0.769824 -1.77691 -0.00389838 0.999958 0.00829584 -0.744169 -0.769824 -0.00829584 0.638203 83.0307
0.592876 -0.00618019 0.80527 -1.46068 -0.00618019 0.999906 0.0122241 -0.75107 -0.80527 -0.0122241 0.592782 83.173
0.546903 -0.00583285 0.837176 -1.08251 -0.00583285 0.999925 0.0107772 -0.757 -0.837176 -0.0107772 0.546827 83.3457
0.499963 -0.00414276 0.866037 -0.716059 -0.00414276 0.999966 0.00717504 -0.76174 -0.866037 -0.00717504 0.499929 83.502
0.454607 -0.0031255 0.890687 -0.325516 -0.0031255 0.999982 0.00510428 -0.764984 -0.890687 -0.00510428 0.454589 83.648
0.413092 -0.00792149 0.910655 0.0448907 -0.00792149 0.999893 0.0122911 -0.76914 -0.910655 -0.0122911 0.412985 83.7409
0.374283 -0.0178306 0.927143 0.436239 -0.0178306 0.999492 0.0264202 -0.761859 -0.927143 -0.0264202 0.373775 83.8278
0.33919 -0.0215579 0.940471 0.812817 -0.0215579 0.999297 0.0306815 -0.758403 -0.940471 -0.0306815 0.338487 83.9076
0.306391 -0.0193846 0.951708 1.23439 -0.0193846 0.999458 0.0265978 -0.755164 -0.951708 -0.0265978 0.305849 84.0069
0.274744 -0.0106127 0.961459 1.6335 -0.0106127 0.999845 0.014069 -0.755813 -0.961459 -0.014069 0.274589 84.113
0.24704 -0.00694866 0.96898 2.06413 -0.00694866 0.999936 0.00894219 -0.763104 -0.96898 -0.00894219 0.246975 84.1984
0.221489 -0.00706976 0.975137 2.46729 -0.00706976 0.999936 0.00885535 -0.772883 -0.975137 -0.00885535 0.221425 84.2596
0.198169 -0.0121086 0.980093 2.87239 -0.0121086 0.999817 0.0148006 -0.777615 -0.980093 -0.0148006 0.197986 84.3079
0.178502 -0.0168635 0.983795 3.27351 -0.0168635 0.999654 0.0201951 -0.764839 -0.983795 -0.0201951 0.178156 84.346
0.159169 -0.0180159 0.987087 3.61982 -0.0180159 0.999614 0.0211496 -0.7542 -0.987087 -0.0211496 0.158783 84.3843
0.14157 -0.0159094 0.9898 4.01287 -0.0159094 0.999705 0.0183441 -0.7489 -0.9898 -0.0183441 0.141275 84.431
0.126063 -0.0145876 0.991915 4.39139 -0.0145876 0.999757 0.0165569 -0.748873 -0.991915 -0.0165569 0.12582 84.4722
0.111474 -0.014646 0.993659 4.81768 -0.014646 0.999759 0.016379 -0.743037 -0.993659 -0.016379 0.111233 84.5091
0.0983434 -0.0170855 0.995006 5.20655 -0.0170855 0.999676 0.0188543 -0.741589 -0.995006 -0.0188543 0.0980196 84.5318
0.0866659 -0.0202953 0.996031 5.67916 -0.0202953 0.999549 0.0221329 -0.737847 -0.996031 -0.0221329 0.0862149 84.5629
0.0766798 -0.0229024 0.996793 6.15531 -0.0229024 0.999432 0.0247248 -0.733234 -0.996793 -0.0247248 0.0761117 84.5849
0.0685028 -0.0246138 0.997347 6.67503 -0.0246138 0.99935 0.0263538 -0.725827 -0.997347 -0.0263538 0.0678524 84.6171
0.0622098 -0.0265101 0.997711 7.20605 -0.0265101 0.999251 0.028204 -0.714515 -0.997711 -0.028204 0.0614604 84.6475
0.0563974 -0.0259996 0.99807 7.75533 -0.0259996 0.999284 0.0275004 -0.704044 -0.99807 -0.0275004 0.055681 84.6813
0.0511512 -0.0273342 0.998317 8.31576 -0.0273342 0.999213 0.0287593 -0.690369 -0.998317 -0.0287593 0.0503638 84.6995
0.0451312 -0.0268402 0.99862 8.87025 -0.0268402 0.999246 0.02807 -0.690947 -0.99862 -0.02807 0.0443767 84.747
0.0433044 -0.029941 0.998613 9.48153 -0.029941 0.999063 0.0312528 -0.668408 -0.998613 -0.0312528 0.0423674 84.749
0.0398406 -0.0298364 0.99876 10.1183 -0.0298364 0.999073 0.0310359 -0.659488 -0.99876 -0.0310359 0.0389135 84.7791
0.0376975 -0.0367443 0.998613 10.7854 -0.0367443 0.998597 0.0381307 -0.639833 -0.998613 -0.0381307 0.0362944 84.7848
0.038107 -0.0379143 0.998554 11.4588 -0.0379143 0.998506 0.0393593 -0.618264 -0.998554 -0.0393593 0.0366125 84.801
0.0389601 -0.0406909 0.998412 12.1339 -0.0406909 0.998277 0.0422733 -0.598185 -0.998412 -0.0422733 0.0372372 84.8249
0.041333 -0.0412208 0.998295 12.7967 -0.0412208 0.998228 0.0429248 -0.567708 -0.998295 -0.0429248 0.0395606 84.8562
0.0452578 -0.0439777 0.998007 13.4817 -0.0439777 0.997974 0.0459706 -0.562783 -0.998007 -0.0459706 0.0432321 84.8982
0.0509972 -0.0451864 0.997676 14.1975 -0.0451864 0.997848 0.0475039 -0.523924 -0.997676 -0.0475039 0.0488456 84.9067
0.0540265 -0.0449738 0.997526 14.8646 -0.0449738 0.997862 0.0474247 -0.497234 -0.997526 -0.0474247 0.0518883 84.9639
0.0577019 -0.0452396 0.997308 15.6285 -0.0452396 0.997828 0.0478807 -0.460345 -0.997308 -0.0478807 0.05553 85.0109
0.0620227 -0.0436303 0.997121 16.3375 -0.0436303 0.997971 0.0463814 -0.407267 -0.997121 -0.0463814 0.0599932 85.0529
0.065829 -0.0426196 0.99692 17.1398 -0.0426196 0.998056 0.0454824 -0.378017 -0.99692 -0.0454824 0.0638846 85.1138
0.0696471 -0.039339 0.996796 17.9098 -0.039339 0.998337 0.0421485 -0.346429 -0.996796 -0.0421485 0.0679837 85.1838
0.0737341 -0.0373593 0.996578 18.7752 -0.0373593 0.998493 0.0401952 -0.326757 -0.996578 -0.0401952 0.0722273 85.2406
0.0738737 -0.0309335 0.996788 19.5677 -0.0309335 0.998967 0.0332936 -0.29657 -0.996788 -0.0332936 0.0728405 85.3289
0.0745197 -0.0290845 0.996795 20.384 -0.0290845 0.999086 0.0313256 -0.276965 -0.996795 -0.0313256 0.0736057 85.3815
0.0736391 -0.0279918 0.996892 21.1887 -0.0279918 0.999154 0.0301231 -0.268388 -0.996892 -0.0301231 0.0727932 85.4515
0.0748575 -0.0257392 0.996862 22.0003 -0.0257392 0.999284 0.0277346 -0.245483 -0.996862 -0.0277346 0.0741414 85.5014
0.0738814 -0.0266087 0.996912 22.823 -0.0266087 0.999235 0.0286427 -0.237196 -0.996912 -0.0286427 0.0731169 85.5759
0.0748144 -0.0253277 0.996876 23.6488 -0.0253277 0.999307 0.0272902 -0.213474 -0.996876 -0.0272902 0.074121 85.6431
0.0742335 -0.0233716 0.996967 24.4973 -0.0233716 0.99941 0.0251691 -0.20821 -0.996967 -0.0251691 0.0736435 85.7246
0.0747423 -0.0187997 0.997026 25.3196 -0.0187997 0.999618 0.0202579 -0.205996 -0.997026 -0.0202579 0.0743604 85.7852
0.0728785 -0.0155994 0.997219 26.1317 -0.0155994 0.999738 0.0167788 -0.200578 -0.997219 -0.0167788 0.072616 85.8661
0.0704892 -0.0150161 0.9974 26.9767 -0.0150161 0.999757 0.0161128 -0.194522 -0.9974 -0.0161128 0.0702466 85.9231
0.0650178 -0.0109605 0.997824 27.7719 -0.0109605 0.999872 0.0116971 -0.191622 -0.997824 -0.0116971 0.0648893 85.9931
0.0597797 -0.00842967 0.998176 28.6341 -0.00842967 0.999924 0.00894928 -0.187049 -0.998176 -0.00894928 0.0597041 86.0594
0.0535635 -0.00532059 0.99855 29.425 -0.00532059 0.99997 0.00561355 -0.198326 -0.99855 -0.00561355 0.0535336 86.0942
0.0457609 -0.00571344 0.998936 30.3002 -0.00571344 0.999966 0.00598106 -0.197025 -0.998936 -0.00598106 0.0457266 86.1423
0.0376669 -0.00452937 0.99928 31.1022 -0.00452937 0.999979 0.00470327 -0.221566 -0.99928 -0.00470327 0.0376456 86.1512
0.0269569 -0.00441996 0.999627 31.9879 -0.00441996 0.99998 0.00454072 -0.218372 -0.999627 -0.00454072 0.0269368 86.1923
0.0169951 -0.00581469 0.999839 32.8366 -0.00581469 0.999966 0.00591427 -0.230735 -0.999839 -0.00591427 0.0169607 86.1905
0.0056829 -0.00411122 0.999975 33.6172 -0.00411122 0.999983 0.00413462 -0.233967 -0.999975 -0.00413462 0.0056659 86.2035
-0.00512782 -0.00584557 0.99997 34.5002 -0.00584557 0.999966 0.00581557 -0.245618 -0.99997 -0.00581557 -0.00516181 86.1878
-0.0167987 -0.00496552 0.999847 35.3511 -0.00496552 0.999976 0.00488273 -0.245401 -0.999847 -0.00488273 -0.0168229 86.1787
-0.0276581 -0.00543288 0.999603 36.1894 -0.00543288 0.999971 0.00528456 -0.25613 -0.999603 -0.00528456 -0.0276868 86.1491
-0.038219 -0.00462265 0.999259 36.9817 -0.00462265 0.999979 0.00444918 -0.266643 -0.999259 -0.00444918 -0.0382396 86.1076
-0.0485573 -0.00518327 0.998807 37.8441 -0.00518327 0.999974 0.00493734 -0.281075 -0.998807 -0.00493734 -0.048583 86.058
-0.0582222 -0.00660717 0.998282 38.6282 -0.00660717 0.999959 0.00623292 -0.273505 -0.998282 -0.00623292 -0.0582635 86.0077
-0.0674126 -0.00631509 0.997705 39.4217 -0.00631509 0.999963 0.00590269 -0.297026 -0.997705 -0.00590269 -0.06745 85.9356
-0.0771455 -0.00802977 0.996988 40.2014 -0.00802977 0.99994 0.00743221 -0.291305 -0.996988 -0.00743221 -0.0772054 85.8774
-0.0857997 -0.00860004 0.996275 40.9682 -0.00860004 0.999932 0.00789097 -0.29739 -0.996275 -0.00789097 -0.0858678 85.8094
-0.0930635 -0.00999886 0.99561 41.6189 -0.00999886 0.999909 0.0091074 -0.30663 -0.99561 -0.0091074 -0.093155 85.7272
-0.0989335 -0.0118207 0.995024 42.429 -0.0118207 0.999873 0.010703 -0.31281 -0.995024 -0.010703 -0.0990606 85.6628
-0.101675 -0.0158159 0.994692 43.1386 -0.0158159 0.999773 0.01428 -0.3255 -0.994692 -0.01428 -0.101902 85.5456
-0.104601 -0.016019 0.994385 43.913 -0.016019 0.999768 0.0144207 -0.330822 -0.994385 -0.0144207 -0.104834 85.4706
-0.105479 -0.0195032 0.99423 44.6545 -0.0195032 0.999656 0.0175405 -0.337109 -0.99423 -0.0175405 -0.105823 85.3781
-0.107584 -0.0181466 0.99403 45.3746 -0.0181466 0.999703 0.0162861 -0.340443 -0.99403 -0.0162861 -0.107881 85.3115
-0.103473 -0.020334 0.994424 46.1254 -0.020334 0.999625 0.0183246 -0.362546 -0.994424 -0.0183246 -0.103848 85.1782
-0.100297 -0.0222706 0.994708 46.7921 -0.0222706 0.999549 0.0201334 -0.356533 -0.994708 -0.0201334 -0.100748 85.1101
-0.0935546 -0.0240804 0.995323 47.4656 -0.0240804 0.99947 0.0219173 -0.363012 -0.995323 -0.0219173 -0.0940848 85.0286
-0.0858504 -0.0234249 0.996033 48.0731 -0.0234249 0.999495 0.0214873 -0.35761 -0.996033 -0.0214873 -0.0863558 84.9926
-0.074299 -0.0228569 0.996974 48.6738 -0.0228569 0.999514 0.0212118 -0.355122 -0.996974 -0.0212118 -0.0747854 84.9546
-0.0611942 -0.0211324 0.997902 49.2846 -0.0211324 0.999579 0.019872 -0.362068 -0.997902 -0.019872 -0.061615 84.9471
-0.0437018 -0.0205966 0.998832 49.852 -0.0205966 0.999594 0.0197111 -0.361831 -0.998832 -0.0197111 -0.0441083 84.9386
-0.0225914 -0.0180672 0.999582 50.3965 -0.0180672 0.999681 0.0176607 -0.371374 -0.999582 -0.0176607 -0.0229106 84.949
0.00265136 -0.0168197 0.999855 50.9244 -0.0168197 0.999716 0.016862 -0.369499 -0.999855 -0.016862 0.0023677 84.9659
0.0303564 -0.0143757 0.999436 51.4571 -0.0143757 0.999787 0.0148174 -0.368803 -0.999436 -0.0148174 0.0301432 85.0189
0.0636237 -0.0136707 0.99788 51.9517 -0.0136707 0.9998 0.0145686 -0.370053 -0.99788 -0.0145686 0.0634241 85.0766
0.100983 -0.0140449 0.994789 52.4004 -0.0140449 0.999781 0.0155411 -0.365948 -0.994789 -0.0155411 0.100763 85.1578
0.142795 -0.0127615 0.98967 52.8884 -0.0127615 0.99981 0.0147336 -0.362676 -0.98967 -0.0147336 0.142605 85.2673
0.187795 -0.00992661 0.982158 53.3917 -0.00992661 0.999879 0.0120037 -0.355563 -0.982158 -0.0120037 0.187673 85.4133
0.23488 -0.00697062 0.971999 53.8765 -0.00697062 0.999936 0.0088554 -0.35405 -0.971999 -0.0088554 0.234817 85.5919
0.28633 -0.00491419 0.958118 54.3637 -0.00491419 0.999966 0.00659742 -0.346549 -0.958118 -0.00659742 0.286296 85.7925
0.34029 -0.00263503 0.940317 54.7495 -0.00263503 0.999989 0.00375584 -0.343976 -0.940317 -0.00375584 0.34028 85.993
0.404683 -0.000863535 0.914456 55.3122 -0.000863535 0.999999 0.00132646 -0.346305 -0.914456 -0.00132646 0.404682 86.2485
0.461823 -0.0011823 0.886971 55.7363 -0.0011823 0.999997 0.00194855 -0.35997 -0.886971 -0.00194855 0.46182 86.543
0.520255 -0.00193775 0.854009 56.2077 -0.00193775 0.999992 0.00344945 -0.370704 -0.854009 -0.00344945 0.520247 86.9651
0.576362 0.00108135 0.817194 56.5957 0.00108135 0.999997 -0.00208591 -0.367362 -0.817194 0.00208591 0.576359 87.3166
0.629991 0.00125438 0.776601 56.8948 0.00125438 0.999996 -0.00263278 -0.363271 -0.776601 0.00263278 0.629987 87.7173
0.68351 0.000349028 0.729941 57.2174 0.000349028 1 -0.000804985 -0.370872 -0.729941 0.000804985 0.68351 88.0399
0.731467 -6.35637e-005 0.681877 57.4369 -6.35637e-005 1 0.000161405 -0.373553 -0.681877 -0.000161405 0.731467 88.377
0.775388 -0.00150177 0.631483 57.6398 -0.00150177 0.99999 0.00422216 -0.378205 -0.631483 -0.00422216 0.775378 88.7188
0.81573 -0.00274792 0.578426 57.835 -0.00274792 0.999959 0.00862577 -0.369666 -0.578426 -0.00862577 0.815689 89.1155
0.852147 -0.00417196 0.523285 58.0163 -0.00417196 0.999882 0.0147656 -0.372437 -0.523285 -0.0147656 0.85203 89.4906
0.882672 -0.00455951 0.469967 58.1842 -0.00455951 0.999823 0.0182635 -0.357904 -0.469967 -0.0182635 0.882495 89.9398
0.908005 -0.00515035 0.418928 58.3269 -0.00515035 0.999712 0.0234537 -0.365071 -0.418928 -0.0234537 0.907716 90.3572
0.927654 -0.00455662 0.373412 58.4376 -0.00455662 0.999713 0.023519 -0.359282 -0.373412 -0.023519 0.927367 90.7934
0.942901 -0.00411562 0.333048 58.5477 -0.00411562 0.999703 0.0240056 -0.362872 -0.333048 -0.0240056 0.942604 91.2145
0.954394 -0.00307631 0.298535 58.6405 -0.00307631 0.999792 0.0201373 -0.34843 -0.298535 -0.0201373 0.954186 91.7131
0.963552 -0.00265797 0.267507 58.736 -0.00265797 0.999806 0.0195081 -0.344922 -0.267507 -0.0195081 0.963358 92.1708
0.969426 -0.00256827 0.24537 58.8355 -0.00256827 0.999784 0.0206116 -0.339408 -0.24537 -0.0206116 0.96921 92.6463
0.973203 -0.00250799 0.229935 58.9266 -0.00250799 0.999765 0.0215199 -0.342342 -0.229935 -0.0215199 0.972968 93.1025
0.976072 -0.00217794 0.217438 59.0046 -0.00217794 0.999802 0.019791 -0.328994 -0.217438 -0.019791 0.975873 93.5563
0.978131 -0.00195338 0.207983 59.0845 -0.00195338 0.999826 0.018577 -0.321846 -0.207983 -0.018577 0.977956 93.9939
0.979467 -0.00159464 0.201598 59.1765 -0.00159464 0.999876 0.0156566 -0.309695 -0.201598 -0.0156566 0.979343 94.5087
0.979967 -0.00113577 0.199156 59.2651 -0.00113577 0.999936 0.0112912 -0.314052 -0.199156 -0.0112912 0.979903 95.0556
0.980071 -0.000854421 0.198645 59.3686 -0.000854421 0.999963 0.00851661 -0.317205 -0.198645 -0.00851661 0.980034 95.6072
0.979583 -0.000563582 0.201039 59.4821 -0.000563582 0.999984 0.00554942 -0.322947 -0.201039 -0.00554942 0.979568 96.1641
0.978827 9.40027e-006 0.204689 59.6075 9.40027e-006 1 -9.08771e-005 -0.31893 -0.204689 9.08771e-005 0.978827 96.6987
0.977685 0.000536466 0.210076 59.7074 0.000536466 0.999987 -0.00505032 -0.314811 -0.210076 0.00505032 0.977672 97.2146
0.976959 0.000509269 0.213428 59.8319 0.000509269 0.999989 -0.00471727 -0.339091 -0.213428 0.00471727 0.976947 97.7518
0.975689 0.000180405 0.219157 59.9382 0.000180405 0.999999 -0.00162634 -0.335702 -0.219157 0.00162634 0.975688 98.2716
0.974597 -0.000387334 0.223967 60.0721 -0.000387334 0.999994 0.00341491 -0.340337 -0.223967 -0.00341491 0.974591 98.8529
0.97376 -0.00115018 0.227574 60.2019 -0.00115018 0.99995 0.0099753 -0.343574 -0.227574 -0.0099753 0.97371 99.3973
0.972835 -0.00175243 0.231493 60.3407 -0.00175243 0.999887 0.0149337 -0.342457 -0.231493 -0.0149337 0.972722 100.01
0.972425 -0.00202265 0.233209 60.4984 -0.00202265 0.999852 0.0171058 -0.340249 -0.233209 -0.0171058 0.972276 100.613
0.971985 -0.00166961 0.235038 60.6721 -0.00166961 0.9999 0.0140074 -0.325463 -0.235038 -0.0140074 0.971885 101.341
0.972274 -0.000980339 0.233843 60.8275 -0.000980339 0.999965 0.00826822 -0.332345 -0.233843 -0.00826822 0.972239 101.966
0.972536 -0.00018989 0.232751 61.006 -0.00018989 0.999999 0.00160929 -0.330113 -0.232751 -0.00160929 0.972535 102.698
0.973035 0.000333343 0.230658 61.1412 0.000333343 0.999996 -0.00285139 -0.331098 -0.230658 0.00285139 0.973031 103.341
0.973687 -0.0001985 0.22789 61.3004 -0.0001985 0.999999 0.00171915 -0.333177 -0.22789 -0.00171915 0.973685 104.02
0.974033 -0.00105281 0.226403 61.439 -0.00105281 0.999957 0.00917941 -0.325355 -0.226403 -0.00917941 0.97399 104.601
0.974654 -0.00162993 0.22371 61.576 -0.00162993 0.999895 0.0143864 -0.328518 -0.22371 -0.0143864 0.974549 105.241
0.975245 -0.00151849 0.221122 61.7508 -0.00151849 0.999907 0.0135638 -0.329344 -0.221122 -0.0135638 0.975152 105.997
0.975621 -0.000830492 0.219461 61.8962 -0.000830492 0.999972 0.00747611 -0.323083 -0.219461 -0.00747611 0.975593 106.719
0.976568 -0.00029726 0.215208 62.0552 -0.00029726 0.999996 0.00273016 -0.32948 -0.215208 -0.00273016 0.976564 107.475
0.977378 4.01887e-005 0.211502 62.2144 4.01887e-005 1 -0.000375732 -0.322516 -0.211502 0.000375732 0.977377 108.2
0.978225 -0.000200982 0.207547 62.3567 -0.000200982 0.999998 0.00191565 -0.334447 -0.207547 -0.00191565 0.978223 108.886
0.978889 -0.000449053 0.204391 62.5084 -0.000449053 0.99999 0.00434765 -0.335761 -0.204391 -0.00434765 0.97888 109.668
0.979106 -0.000704064 0.203347 62.6459 -0.000704064 0.999976 0.00685233 -0.342444 -0.203347 -0.00685233 0.979083 110.402
0.979738 -0.00101662 0.200282 62.8361 -0.00101662 0.999949 0.0100488 -0.338759 -0.200282 -0.0100488 0.979687 111.119
0.979749 -0.0012321 0.200226 62.9918 -0.0012321 0.999925 0.012182 -0.340626 -0.200226 -0.012182 0.979674 111.922
0.980184 -0.00141998 0.198085 63.1668 -0.00141998 0.999898 0.0141943 -0.345871 -0.198085 -0.0141943 0.980082 112.694
0.979568 -0.00101944 0.201113 63.2771 -0.00101944 0.999949 0.0100342 -0.326942 -0.201113 -0.0100342 0.979517 113.504
0.979646 -0.000618505 0.200731 63.4425 -0.000618505 0.999981 0.00609976 -0.329381 -0.200731 -0.00609976 0.979627 114.283
0.979251 -0.000244249 0.202652 63.5782 -0.000244249 0.999997 0.00238552 -0.326706 -0.202652 -0.00238552 0.979248 115.082
0.978775 -0.000229173 0.204939 63.7344 -0.000229173 0.999998 0.00221277 -0.335234 -0.204939 -0.00221277 0.978772 115.841
0.977897 -0.000293206 0.209087 63.889 -0.000293206 0.999996 0.00277363 -0.334796 -0.209087 -0.00277363 0.977893 116.698
0.977726 -0.000272688 0.209883 64.0863 -0.000272688 0.999997 0.00256953 -0.347275 -0.209883 -0.00256953 0.977723 117.501
0.976846 6.22381e-005 0.213944 64.2495 6.22381e-005 1 -0.000575081 -0.348042 -0.213944 0.000575081 0.976846 118.418
0.976857 -0.000285121 0.213895 64.4437 -0.000285121 0.999996 0.00263514 -0.361601 -0.213895 -0.00263514 0.976853 119.19
0.976306 -0.000127993 0.216396 64.6051 -0.000127993 0.999999 0.00116894 -0.353455 -0.216396 -0.00116894 0.976305 120.06
0.975232 0.000142874 0.221183 64.7249 0.000142874 0.999999 -0.00127591 -0.358695 -0.221183 0.00127591 0.975232 120.787
0.975237 -0.000243904 0.221163 64.9408 -0.000243904 0.999998 0.00217834 -0.367045 -0.221163 -0.00217834 0.975234 121.665
0.974816 -0.000725745 0.223008 65.104 -0.000725745 0.999979 0.00642665 -0.372492 -0.223008 -0.00642665 0.974795 122.466
0.974852 -0.00114329 0.222851 65.3123 -0.00114329 0.999948 0.0101313 -0.376975 -0.222851 -0.0101313 0.9748 123.344
0.974082 -0.000406705 0.226196 65.4673 -0.000406705 0.999994 0.00354942 -0.381808 -0.226196 -0.00354942 0.974075 124.192
0.974277 0.00092408 0.22535 65.7013 0.00092408 0.999967 -0.00809566 -0.4009 -0.22535 0.00809566 0.974244 125.095
0.974157 0.00188193 0.225865 65.8793 0.00188193 0.999863 -0.0164477 -0.425024 -0.225865 0.0164477 0.97402 125.876
0.974398 0.000815889 0.224829 66.0549 0.000815889 0.999974 -0.00716485 -0.436671 -0.224829 0.00716485 0.974372 126.629
0.974743 -0.00153456 0.223324 66.2258 -0.00153456 0.999907 0.0135687 -0.441882 -0.223324 -0.0135687 0.97465 127.377
0.97486 -0.00316989 0.222795 66.3909 -0.00316989 0.9996 0.0280922 -0.436843 -0.222795 -0.0280922 0.97446 128.181
0.974893 -0.0024252 0.222659 66.5706 -0.0024252 0.999766 0.021508 -0.430232 -0.222659 -0.021508 0.974659 129.031
0.975145 -0.000528745 0.221565 66.7382 -0.000528745 0.999989 0.00471347 -0.430082 -0.221565 -0.00471347 0.975134 129.896
0.975098 0.000317218 0.221772 66.9223 0.000317218 0.999996 -0.00282513 -0.44391 -0.221772 0.00282513 0.975094 130.767
0.975418 0.000384843 0.220362 67.1171 0.000384843 0.999994 -0.00344988 -0.440351 -0.220362 0.00344988 0.975412 131.545
0.975453 0.000274543 0.220209 67.2699 0.000274543 0.999997 -0.00246287 -0.461686 -0.220209 0.00246287 0.97545 132.386
0.97607 0.000366774 0.217455 67.443 0.000366774 0.999994 -0.00333296 -0.475567 -0.217455 0.00333296 0.976065 133.176
0.977215 0.000577674 0.212253 67.6081 0.000577674 0.999985 -0.00538121 -0.484136 -0.212253 0.00538121 0.9772 133.944
0.977552 0.000706705 0.210695 67.7368 0.000706705 0.999978 -0.00663294 -0.508745 -0.210695 0.00663294 0.977529 134.709
0.978029 0.000932193 0.208469 67.8939 0.000932193 0.99996 -0.00884482 -0.514859 -0.208469 0.00884482 0.977989 135.497
0.978133 0.000580902 0.207979 68.0307 0.000580902 0.999985 -0.00552504 -0.552002 -0.207979 0.00552504 0.978118 136.265
0.978572 0.000155416 0.205906 68.2082 0.000155416 0.999999 -0.00149341 -0.549969 -0.205906 0.00149341 0.978571 137.043
0.979118 3.01176e-005 0.203291 68.3819 3.01176e-005 1 -0.000293207 -0.567448 -0.203291 0.000293207 0.979118 137.845
0.97948 0.000394554 0.20154 68.5214 0.000394554 0.999992 -0.0038752 -0.567992 -0.20154 0.0038752 0.979473 138.6
0.980503 0.00060621 0.196502 68.7001 0.00060621 0.999981 -0.00610982 -0.585182 -0.196502 0.00610982 0.980484 139.445
0.981651 0.000695373 0.190683 68.824 0.000695373 0.999974 -0.00722649 -0.595353 -0.190683 0.00722649 0.981625 140.171
0.982989 9.79612e-005 0.183666 68.9462 9.79612e-005 0.999999 -0.00105766 -0.611005 -0.183666 0.00105766 0.982988 140.89
0.983969 -0.000640642 0.178337 69.0488 -0.000640642 0.999974 0.00712695 -0.622936 -0.178337 -0.00712695 0.983944 141.554
0.984606 -0.00143532 0.17478 69.1596 -0.00143532 0.999866 0.0162968 -0.61815 -0.17478 -0.0162968 0.984473 142.276
0.985428 -0.00147773 0.170086 69.2877 -0.00147773 0.99985 0.0172483 -0.609715 -0.170086 -0.0172483 0.985278 143.011
0.986042 -0.0010112 0.166494 69.3886 -0.0010112 0.999927 0.0120618 -0.612667 -0.166494 -0.0120618 0.985969 143.796
0.987225 -0.000165393 0.159334 69.5139 -0.000165393 0.999998 0.0020628 -0.620927 -0.159334 -0.0020628 0.987223 144.603
0.988171 0.000181522 0.153358 69.6344 0.000181522 0.999997 -0.00235328 -0.633396 -0.153358 0.00235328 0.988168 145.399
0.989064 0.000144459 0.147486 69.7192 0.000144459 0.999998 -0.00194824 -0.634877 -0.147486 0.00194824 0.989062 146.115
0.990212 -4.17231e-005 0.139572 69.8163 -4.17231e-005 1 0.000594947 -0.650956 -0.139572 -0.000594947 0.990212 146.885
0.991178 0.000160008 0.13254 69.8821 0.000160008 0.999997 -0.00240382 -0.652884 -0.13254 0.00240382 0.991175 147.655
0.992502 0.000518883 0.122228 69.9698 0.000518883 0.999964 -0.00845842 -0.670123 -0.122228 0.00845842 0.992466 148.422
0.993425 0.000630958 0.114483 70.0284 0.000630958 0.999939 -0.0109862 -0.684028 -0.114483 0.0109862 0.993364 149.138
0.994348 0.000454082 0.10617 70.102 0.000454082 0.999964 -0.00852956 -0.694694 -0.10617 0.00852956 0.994311 149.884
0.995124 0.000101988 0.0986281 70.1554 0.000101988 0.999998 -0.00206308 -0.709072 -0.0986281 0.00206308 0.995122 150.633
0.995931 -0.000137193 0.0901187 70.2112 -0.000137193 0.999995 0.00303851 -0.716403 -0.0901187 -0.00303851 0.995926 151.42
0.996549 -0.00025274 0.0830067 70.2593 -0.00025274 0.999981 0.00607906 -0.723095 -0.0830067 -0.00607906 0.99653 152.232
0.997099 -0.000302491 0.0761109 70.3228 -0.000302491 0.999968 0.00793703 -0.728775 -0.0761109 -0.00793703 0.997068 153.071
0.997361 -0.000228313 0.0725988 70.3544 -0.000228313 0.99998 0.00628137 -0.737123 -0.0725988 -0.00628137 0.997341 153.804
0.997718 -1.93429e-005 0.0675117 70.4103 -1.93429e-005 1 0.000572372 -0.749985 -0.0675117 -0.000572372 0.997718 154.677
0.997916 0.000217654 0.0645198 70.4326 0.000217654 0.999977 -0.00673978 -0.76008 -0.0645198 0.00673978 0.997894 155.482
0.998093 0.000290967 0.0617236 70.4685 0.000290967 0.999956 -0.00941887 -0.772683 -0.0617236 0.00941887 0.998049 156.287
0.998297 0.000114368 0.0583445 70.5044 0.000114368 0.999992 -0.00391708 -0.779397 -0.0583445 0.00391708 0.998289 157.063
0.998436 -0.000177442 0.0559123 70.5429 -0.000177442 0.99998 0.00634211 -0.786679 -0.0559123 -0.00634211 0.998416 157.837
0.998629 -0.00034686 0.0523408 70.5759 -0.00034686 0.999912 0.0132442 -0.788071 -0.0523408 -0.0132442 0.998541 158.686
0.998452 -0.00026066 0.0556115 70.4566 -0.00026066 0.999956 0.00936687 -0.874028 -0.0556115 -0.00936687 0.998409 159.45
0.998929 2.97175e-006 0.046262 70.5802 2.97175e-006 1 -0.000128406 -0.837304 -0.046262 0.000128406 0.998929 160.328
0.99917 0.000108215 0.0407266 70.5925 0.000108215 0.999986 -0.005312 -0.866545 -0.0407266 0.005312 0.999156 161.174
0.999463 6.49445e-005 0.0327702 70.6167 6.49445e-005 0.999992 -0.00396255 -0.86805 -0.0327702 0.00396255 0.999455 162.002
0.999674 -2.5348e-005 0.0255129 70.625 -2.5348e-005 0.999998 0.00198675 -0.884393 -0.0255129 -0.00198675 0.999673 162.706
0.999848 -4.02638e-005 0.017431 70.6491 -4.02638e-005 0.999989 0.00461941 -0.870675 -0.017431 -0.00461941 0.999837 163.595
0.999932 -5.20559e-005 0.0116688 70.6654 -5.20559e-005 0.99996 0.00892178 -0.884013 -0.0116688 -0.00892178 0.999892 164.388
0.999984 -2.31482e-005 0.00571532 70.6588 -2.31482e-005 0.999967 0.00810019 -0.873083 -0.00571532 -0.00810019 0.999951 165.259
1 5.85163e-007 -0.000778302 70.6613 5.85163e-007 0.999999 0.00150369 -0.895041 0.000778302 -0.00150369 0.999999 165.967
0.99997 -3.46463e-005 -0.00776025 70.6512 -3.46463e-005 0.99996 -0.00892885 -0.904264 0.00776025 0.00892885 0.99993 166.728
0.999905 -9.03402e-005 -0.0138019 70.6445 -9.03402e-005 0.999914 -0.0130898 -0.917868 0.0138019 0.0130898 0.999819 167.43
0.999785 -5.9058e-005 -0.020748 70.6387 -5.9058e-005 0.999984 -0.00569222 -0.935065 0.020748 0.00569222 0.999769 168.091
0.999666 9.9635e-005 -0.0258274 70.5891 9.9635e-005 0.99997 0.00771406 -0.933646 0.0258274 -0.00771406 0.999637 168.863
0.99954 0.000236162 -0.0303229 70.5563 0.000236162 0.999879 0.015572 -0.937399 0.0303229 -0.015572 0.999419 169.555
0.999411 0.000213831 -0.0343302 70.5336 0.000213831 0.999922 0.0124531 -0.936696 0.0343302 -0.0124531 0.999333 170.19
0.999351 2.83923e-005 -0.0360333 70.4927 2.83923e-005 0.999999 0.00157538 -0.943786 0.0360333 -0.00157538 0.999349 170.977
0.999261 -0.000139807 -0.0384485 70.4474 -0.000139807 0.999974 -0.00726962 -0.954147 0.0384485 0.00726962 0.999234 171.621
0.999186 -0.000220112 -0.0403495 70.4051 -0.000220112 0.999941 -0.0109055 -0.969844 0.0403495 0.0109055 0.999126 172.412
0.999078 -0.000142116 -0.0429333 70.3883 -0.000142116 0.999978 -0.00661719 -0.977742 0.0429333 0.00661719 0.999056 173.022
0.999069 5.03392e-005 -0.0431463 70.3518 5.03392e-005 0.999997 0.00233233 -0.988382 0.0431463 -0.00233233 0.999066 173.799
0.999061 0.000166025 -0.0433262 70.3163 0.000166025 0.999971 0.00766024 -0.987832 0.0433262 -0.00766024 0.999032 174.559
0.998999 0.000151269 -0.0447267 70.2672 0.000151269 0.999977 0.00676069 -0.99495 0.0447267 -0.00676069 0.998976 175.492
0.998911 -5.96628e-005 -0.0466558 70.2284 -5.96628e-005 0.999997 -0.00255617 -1.00778 0.0466558 0.00255617 0.998908 176.267
0.998814 -0.000356652 -0.0486879 70.1959 -0.000356652 0.999893 -0.0146411 -1.03019 0.0486879 0.0146411 0.998707 177.191
0.998637 -0.000495224 -0.052199 70.1883 -0.000495224 0.99982 -0.0189598 -1.05313 0.052199 0.0189598 0.998457 177.929
0.99858 -0.000406715 -0.0532805 70.1317 -0.000406715 0.999884 -0.0152552 -1.06351 0.0532805 0.0152552 0.998463 178.805
0.998509 -9.9997e-005 -0.0545858 70.0911 -9.9997e-005 0.999993 -0.0036611 -1.08443 0.0545858 0.0036611 0.998502 179.456
0.998403 -1.39518e-005 -0.0564933 70.0422 -1.39518e-005 1 -0.000493533 -1.09409 0.0564933 0.000493533 0.998403 180.29
