0.999989 -0.00341086 -0.0031552 -0.0026247 0.00340381 0.999992 -0.00223655 -0.00471486 0.0031628 0.00222579 0.999993 0.737084
0.999968 -0.0024105 -0.00761781 -0.0146832 0.00238408 0.999991 -0.00347478 -0.0105282 0.00762612 0.00345651 0.999965 1.51643
0.999948 0.0012042 -0.0101714 -0.045266 -0.00125263 0.999988 -0.00475662 -0.0166147 0.0101656 0.00476911 0.999937 2.28914
0.999856 0.00131163 -0.0169022 -0.0519458 -0.0014113 0.999982 -0.00588602 -0.0224815 0.0168941 0.00590903 0.99984 3.08524
0.999818 0.00103161 -0.0190275 -0.0804829 -0.00115061 0.99998 -0.00624395 -0.029586 0.0190207 0.00626471 0.999799 3.88896
0.999689 0.000566442 -0.0249228 -0.0985508 -0.000734188 0.999977 -0.00672198 -0.0413099 0.0249185 0.00673819 0.999667 4.75523
0.999556 0.00435868 -0.0294642 -0.13831 -0.00459475 0.999958 -0.00794891 -0.0510486 0.0294283 0.00808076 0.999534 5.6222
0.999452 0.00414356 -0.0328415 -0.184525 -0.00435086 0.999971 -0.00624317 -0.060501 0.0328146 0.00638264 0.999441 6.56682
0.999295 0.000180379 -0.0375301 -0.218254 -0.000300412 0.999995 -0.00319271 -0.0793541 0.0375294 0.00320174 0.99929 7.51751
0.999156 -0.000552035 -0.0410846 -0.250695 0.000510904 0.999999 -0.00101165 -0.0865752 0.0410851 0.000989802 0.999155 8.61356
0.999021 0.000289747 -0.0442415 -0.30383 -0.000318445 1 -0.000641619 -0.103602 0.0442413 0.000655079 0.999021 9.60393
0.998996 0.00219693 -0.0447545 -0.389533 -0.00230922 0.999994 -0.00245737 -0.102363 0.0447488 0.00255825 0.998995 10.6682
0.99882 -0.0048698 -0.0483146 -0.423311 0.00478544 0.999987 -0.00186164 -0.115066 0.048323 0.00162824 0.99883 11.6472
0.998699 -0.00489948 -0.0507615 -0.471035 0.00484302 0.999988 -0.00123514 -0.130306 0.0507669 0.000987696 0.99871 12.6937
0.998708 -0.00207765 -0.0507748 -0.529767 0.00198672 0.999996 -0.00184126 -0.139038 0.0507784 0.00173801 0.998708 13.6979
0.998597 0.000488168 -0.0529553 -0.582173 -0.000696897 0.999992 -0.00392321 -0.149195 0.0529529 0.00395461 0.998589 14.7725
0.998612 0.00369727 -0.0525323 -0.665244 -0.00403636 0.999972 -0.00635036 -0.164019 0.0525074 0.00655359 0.998599 15.8481
0.998378 0.00378099 -0.0568087 -0.713634 -0.0042731 0.999954 -0.00854371 -0.166969 0.0567738 0.0087726 0.998349 16.9342
0.998378 0.00412247 -0.0567883 -0.785975 -0.00453584 0.999964 -0.00715232 -0.183108 0.0567567 0.0073983 0.998361 18.1005
0.998312 -0.000298511 -0.0580787 -0.854144 -0.000149438 0.99997 -0.00770831 -0.198337 0.0580793 0.00770398 0.998282 19.268
0.998109 -0.00030907 -0.0614711 -0.900904 5.84733e-006 0.999988 -0.00493289 -0.215588 0.0614719 0.0049232 0.998097 20.3255
0.998193 -0.00182737 -0.0600641 -0.995267 0.00150557 0.999984 -0.00540238 -0.22527 0.060073 0.00530218 0.99818 21.466
0.997984 -0.00068771 -0.0634589 -1.04079 0.000290934 0.99998 -0.00626152 -0.24652 0.0634619 0.00623043 0.997965 22.4568
0.997921 -0.00230187 -0.0644042 -1.10811 0.00184841 0.999973 -0.00709957 -0.259202 0.0644189 0.00696576 0.997899 23.5318
0.997927 -0.00155787 -0.0643377 -1.18472 0.00121269 0.999985 -0.00540381 -0.271812 0.0643451 0.00531458 0.997914 24.5559
0.997863 0.00142971 -0.0653229 -1.26017 -0.00154155 0.999997 -0.00166164 -0.289304 0.0653204 0.00175879 0.997863 25.632
0.99798 0.00441223 -0.0633786 -1.34529 -0.00430355 0.999989 0.00185107 -0.305075 0.0633861 -0.00157458 0.997988 26.7294
0.997968 -0.00214202 -0.0636889 -1.4194 0.00244533 0.999986 0.00468485 -0.303074 0.063678 -0.00483107 0.997959 27.9842
0.998334 0.00315225 -0.0576193 -1.5302 -0.00285306 0.999982 0.00527421 -0.315864 0.0576349 -0.00510103 0.998325 29.0853
0.998335 0.00110069 -0.0576715 -1.62525 -0.000945909 0.999996 0.00271107 -0.322791 0.0576742 -0.00265201 0.998332 30.4153
0.998519 0.00367273 -0.0542837 -1.70894 -0.00379996 0.99999 -0.0022408 -0.333937 0.054275 0.00244376 0.998523 31.6557
0.998512 0.0017026 -0.0545067 -1.7665 -0.00198293 0.999985 -0.00508922 -0.353744 0.0544973 0.00518973 0.9985 32.9156
0.998495 -0.00635522 -0.05447 -1.83371 0.00611979 0.999971 -0.00448791 -0.363679 0.0544969 0.00414781 0.998505 34.0771
0.998571 -0.00206931 -0.0533921 -1.90393 0.00212021 0.999997 0.00089664 -0.37635 0.0533901 -0.00100856 0.998573 35.2119
0.998437 -0.00690185 -0.0554526 -1.97013 0.00710287 0.999969 0.00342873 -0.388306 0.0554272 -0.00381725 0.998455 36.3877
0.998297 -0.0122897 -0.057026 -2.00001 0.0124736 0.999918 0.00286901 -0.402247 0.0569861 -0.00357544 0.998369 37.5302
0.998224 -0.0118215 -0.0583897 -2.04868 0.0117847 0.99993 -0.000973942 -0.430384 0.0583972 0.000284107 0.998293 38.7881
0.998147 -0.000707298 -0.0608454 -2.14025 0.000404945 0.999988 -0.00498138 -0.439634 0.0608482 0.00494751 0.998135 40.0233
0.997914 0.00176345 -0.0645379 -2.19317 -0.00209478 0.999985 -0.00506668 -0.463141 0.064528 0.0051913 0.997902 41.1135
0.997936 0.00105948 -0.0642075 -2.27562 -0.00131617 0.999991 -0.00395565 -0.486322 0.0642028 0.00403199 0.997929 42.2837
0.997826 0.00105498 -0.0658883 -2.35735 -0.00113467 0.999999 -0.00117212 -0.499882 0.065887 0.00124433 0.997826 43.5097
0.997833 0.00325951 -0.0657099 -2.4582 -0.00325425 0.999995 0.000187124 -0.51165 0.0657102 2.71175e-005 0.997839 44.6789
0.997751 0.00323014 -0.0669589 -2.54713 -0.00303951 0.999991 0.00294871 -0.523788 0.0669678 -0.00273856 0.997751 45.8565
0.9977 1.10587e-005 -0.0677857 -2.63353 0.000363437 0.999985 0.00551237 -0.53308 0.0677847 -0.00552433 0.997685 47.2305
0.997703 0.00434949 -0.0675966 -2.72892 -0.00382833 0.999962 0.00783742 -0.541717 0.0676281 -0.00756063 0.997682 48.506
0.9977 0.00454386 -0.0676341 -2.84613 -0.00403223 0.999962 0.00769936 -0.545074 0.0676665 -0.00740893 0.99768 50.049
0.99764 -0.00275863 -0.0686067 -2.92002 0.0031541 0.999979 0.0056566 -0.553157 0.0685896 -0.00585964 0.997628 51.4597
0.997725 0.00373228 -0.0673123 -3.03234 -0.00348588 0.999987 0.00377764 -0.561224 0.0673255 -0.0035344 0.997725 52.8295
0.997699 0.00253773 -0.0677548 -3.12329 -0.00227076 0.999989 0.00401697 -0.58141 0.0677643 -0.00385387 0.997694 54.1625
0.997462 -0.00491692 -0.071028 -3.2246 0.00527055 0.999975 0.00479224 -0.587787 0.0710027 -0.00515443 0.997463 55.6508
0.997486 -0.00121769 -0.0708475 -3.31946 0.00166973 0.999979 0.00632162 -0.604552 0.0708383 -0.00642403 0.997467 57.0648
0.997464 0.00338535 -0.0710968 -3.39053 -0.00320708 0.999991 0.00262138 -0.613677 0.071105 -0.00238672 0.997466 58.3619
0.997357 0.00411121 -0.0725462 -3.50789 -0.00421693 0.99999 -0.00130413 -0.628263 0.0725401 0.0016066 0.997364 59.7213
0.997323 0.000868795 -0.0731215 -3.59256 -0.0011061 0.999994 -0.00320487 -0.647268 0.0731183 0.00327717 0.997318 60.9938
0.997198 -0.00105903 -0.0747968 -3.69492 0.00108558 0.999999 0.000314405 -0.660102 0.0747964 -0.000394723 0.997199 62.3806
0.997316 -0.00159194 -0.0732009 -3.79875 0.00186773 0.999991 0.00369934 -0.685427 0.0731944 -0.00382613 0.99731 63.5879
0.997155 -0.00384524 -0.0752807 -3.90344 0.00410889 0.999986 0.00334767 -0.68593 0.0752668 -0.00364747 0.997157 64.8822
0.997289 -0.00499799 -0.0734109 -3.97654 0.0052338 0.999982 0.00302025 -0.713763 0.0733945 -0.00339628 0.997297 66.0627
0.997197 -0.00542985 -0.0746224 -4.07815 0.00551888 0.999984 0.000986869 -0.726542 0.0746159 -0.00139594 0.997211 67.2507
0.997018 -0.00455393 -0.0770338 -4.14511 0.00474309 0.999986 0.00227274 -0.736559 0.0770224 -0.00263134 0.997026 68.4006
0.997075 -0.00431315 -0.0763012 -4.24269 0.00479338 0.99997 0.00611181 -0.741548 0.0762725 -0.00645968 0.997066 69.6096
0.996885 -0.00464464 -0.0787325 -4.33001 0.00549963 0.999928 0.0106461 -0.750637 0.0786774 -0.0110459 0.996839 70.8718
0.997012 0.000669703 -0.0772451 -4.44377 0.000333574 0.999916 0.0129746 -0.766087 0.0772473 -0.0129616 0.996928 72.1397
0.996871 0.00417464 -0.0789336 -4.55331 -0.00347587 0.999954 0.00898795 -0.766727 0.0789675 -0.00868547 0.996839 73.3641
0.996671 0.0024441 -0.0814902 -4.66294 -0.0023688 0.999997 0.00102071 -0.779182 0.0814925 -0.00082428 0.996674 74.8135
0.996661 0.00812691 -0.0812394 -4.80411 -0.00841686 0.999959 -0.00322729 -0.786789 0.0812099 0.0039003 0.996689 76.06
0.996537 0.00593512 -0.0829426 -4.88707 -0.00620545 0.999976 -0.00300177 -0.798848 0.0829228 0.00350607 0.99655 77.1484
0.996408 0.00535335 -0.0845143 -4.98301 -0.00533663 0.999986 0.000423789 -0.823978 0.0845154 2.87552e-005 0.996422 78.1895
0.996369 0.00386996 -0.0850471 -5.08034 -0.00374436 0.999992 0.00163632 -0.843869 0.0850528 -0.00131193 0.996376 79.2701
0.996378 0.00463588 -0.084911 -5.1838 -0.00448433 0.999988 0.00197545 -0.859282 0.0849191 -0.00158752 0.996387 80.3141
0.996107 0.00119454 -0.0881393 -5.27891 -0.0010059 0.999997 0.00218458 -0.870418 0.0881416 -0.00208741 0.996106 81.3854
0.99615 0.00327143 -0.0876043 -5.39798 -0.00299453 0.99999 0.00329207 -0.888558 0.0876142 -0.00301706 0.99615 82.4625
0.995864 0.00153484 -0.0908402 -5.4924 -0.0012029 0.999992 0.00370872 -0.910617 0.0908452 -0.00358411 0.995859 83.5537
0.996022 0.000830843 -0.0890988 -5.64499 -0.000495462 0.999993 0.0037862 -0.906687 0.0891013 -0.003727 0.996016 84.7565
0.995779 0.00290213 -0.0917324 -5.74806 -0.00226006 0.999972 0.0071025 -0.92128 0.0917504 -0.0068652 0.995758 85.8425
0.995587 0.00180717 -0.0938247 -5.84312 -0.000757504 0.999937 0.0112219 -0.932409 0.0938391 -0.0111013 0.995525 87.0183
0.995472 0.00347226 -0.0949892 -5.96189 -0.0022221 0.99991 0.0132637 -0.947782 0.0950266 -0.0129926 0.99539 88.2235
0.995419 0.00762175 -0.0953065 -6.14762 -0.00677969 0.999935 0.00915602 -0.952148 0.0953701 -0.00846793 0.995406 89.4444
0.995153 0.00278986 -0.0982971 -6.24645 -0.002588 0.999994 0.00218106 -0.976114 0.0983027 -0.00191609 0.995155 90.6843
0.995129 -0.000421242 -0.0985825 -6.35462 1.80056e-005 0.999992 -0.0040912 -0.986019 0.0985834 0.00406949 0.99512 91.8215
0.995144 -0.00138817 -0.0984201 -6.46602 0.000894114 0.999987 -0.00506384 -1.00157 0.0984259 0.00495125 0.995132 92.8991
0.994898 0.00176565 -0.100873 -6.57038 -0.00191184 0.999997 -0.0013526 -1.02142 0.10087 0.00153855 0.994898 94.0012
0.994938 0.00326322 -0.100436 -6.68449 -0.00320918 0.999995 0.00069958 -1.04438 0.100437 -0.000373723 0.994943 95.0049
0.994265 -0.00463056 -0.106845 -6.70396 0.00438396 0.999987 -0.00254279 -1.08146 0.106856 0.00205981 0.994272 95.9707
0.994449 -0.0103745 -0.104711 -6.83399 0.00958386 0.999922 -0.00805121 -1.11616 0.104787 0.00700298 0.99447 97.0285
0.994469 -0.0120184 -0.104339 -6.91516 0.0106558 0.999851 -0.0136077 -1.1391 0.104487 0.0124206 0.994449 97.8686
0.994665 -0.000974932 -0.103157 -6.95678 -0.00042989 0.999907 -0.0135952 -1.14884 0.103161 0.013567 0.994572 98.7059
0.995456 0.00612685 -0.0950275 -7.07047 -0.00709388 0.999926 -0.00984187 -1.16195 0.0949603 0.0104713 0.995426 99.5309
0.995781 0.00339916 -0.091696 -7.1563 -0.00402789 0.99997 -0.00667251 -1.18595 0.0916706 0.0070137 0.995765 100.362
0.996275 -0.00661467 -0.0859775 -7.19963 0.00632723 0.999973 -0.00361532 -1.19305 0.0859991 0.00305786 0.996291 101.101
0.996931 -0.011399 -0.0774564 -7.2676 0.0114083 0.999935 -0.00032221 -1.21879 0.0774551 -0.000562425 0.996996 101.943
0.997757 -0.00134314 -0.0669266 -7.30344 0.00133286 0.999999 -0.000198205 -1.22928 0.0669268 0.000108557 0.997758 102.643
0.998631 0.00907859 -0.0515225 -7.35734 -0.00912224 0.999958 -0.000612156 -1.2421 0.0515147 0.00108132 0.998672 103.483
0.999387 0.00953838 -0.0336815 -7.36939 -0.00952624 0.999954 0.000520954 -1.25569 0.0336849 -0.000199777 0.999432 104.093
0.999924 0.00292673 -0.0119586 -7.36412 -0.00290808 0.999995 0.00157652 -1.26549 0.0119631 -0.00154163 0.999927 104.804
0.999875 -0.00624855 0.0145253 -7.34629 0.00621403 0.999978 0.00242098 -1.27251 -0.0145401 -0.00233042 0.999892 105.391
0.998974 -0.00250752 0.0452102 -7.29469 0.00229385 0.999986 0.00477741 -1.28625 -0.0452216 -0.0046688 0.998966 105.978
0.996974 -0.000829432 0.0777336 -7.22174 0.00033997 0.99998 0.00630968 -1.29224 -0.0777373 -0.00626416 0.996954 106.564
0.993344 0.00144924 0.115173 -7.13555 -0.00228628 0.999972 0.00713593 -1.29585 -0.115159 -0.00735176 0.99332 107.14
0.987909 -0.000931359 0.155034 -6.95469 -0.000252628 0.999971 0.00761706 -1.29473 -0.155037 -0.00756412 0.98788 107.713
0.979643 -0.00354271 0.200716 -6.84444 0.00191931 0.999964 0.00828205 -1.31236 -0.200738 -0.00772821 0.979614 108.232
0.968227 0.000755659 0.250072 -6.67821 -0.00247615 0.999975 0.00656543 -1.32421 -0.250061 -0.00697605 0.968205 108.75
0.952589 -0.000247527 0.304259 -6.49097 -0.00109461 0.99999 0.00424058 -1.33827 -0.304257 -0.00437257 0.95258 109.226
0.934488 -0.00229067 0.355986 -6.26597 0.00122256 0.999994 0.00322538 -1.34294 -0.355992 -0.00257887 0.934486 109.663
0.90923 -0.000494343 0.416294 -6.01901 -0.000626942 0.999997 0.00255679 -1.33924 -0.416294 -0.0025857 0.909226 110.088
0.881931 -0.00198104 0.471374 -5.74261 0.00185111 0.999998 0.000739308 -1.3345 -0.471375 0.000220546 0.881933 110.473
0.847954 -0.00239809 0.530065 -5.44034 0.00265426 0.999996 0.000278055 -1.34162 -0.530064 0.00117115 0.847957 110.864
0.814339 -0.00655193 0.580352 -5.09474 0.00814577 0.999967 -0.000140791 -1.33495 -0.580332 0.00484207 0.814365 111.186
0.773077 -0.00217894 0.634308 -4.76843 0.00154955 0.999998 0.00154659 -1.34421 -0.63431 -0.000212746 0.773079 111.522
0.733217 -0.000454027 0.679995 -4.39974 -0.00224515 0.999993 0.00308856 -1.33969 -0.679991 -0.00379127 0.73321 111.818
0.686959 -0.000404056 0.726696 -4.02532 -0.00403994 0.999982 0.00437503 -1.35279 -0.726685 -0.00594127 0.686945 112.116
0.642008 -0.00566698 0.766677 -3.62004 0.0018103 0.999981 0.00587554 -1.35051 -0.766696 -0.00238423 0.642006 112.367
0.594319 -0.011172 0.804152 -3.20303 0.00573692 0.999937 0.00965213 -1.3598 -0.804209 -0.00112308 0.594345 112.613
0.55106 -0.00873539 0.83442 -2.77684 0.00261676 0.999958 0.00874025 -1.36 -0.834462 -0.00263292 0.55106 112.808
0.500354 0.000744519 0.865821 -2.34283 -0.00670898 0.999973 0.00301721 -1.36477 -0.865795 -0.00731845 0.500345 113.037
0.4589 -0.00132831 0.888487 -1.87941 -0.00389815 0.999986 0.00350839 -1.36993 -0.888479 -0.00507345 0.458889 113.207
0.415299 -0.00859305 0.909644 -1.39581 0.00253874 0.999962 0.00828718 -1.37099 -0.909681 -0.0011323 0.415305 113.373
0.377314 -0.024227 0.925768 -0.879881 0.00666969 0.999703 0.0234435 -1.37022 -0.926061 -0.00267096 0.377363 113.49
0.34071 -0.0242936 0.939855 0.185046 -0.00189898 0.999646 0.0265276 -1.34079 -0.940167 -0.010823 0.340543 113.777
0.308408 -0.0177047 0.951089 0.99214 -0.0143822 0.999626 0.0232719 -1.3401 -0.951145 -0.020856 0.308038 114.009
0.278103 -0.00734229 0.960523 2.02776 -0.0147864 0.99982 0.0119238 -1.33795 -0.960437 -0.0175187 0.277944 114.275
0.249834 -0.00251956 0.968285 2.91328 -0.013141 0.999896 0.00599242 -1.36518 -0.968199 -0.0142214 0.249775 114.465
0.22404 -0.00496637 0.974567 3.87848 -0.00467944 0.99997 0.00617157 -1.37822 -0.974569 -0.00594311 0.22401 114.652
0.201582 -0.0139969 0.979372 4.65971 0.00171451 0.999901 0.0139374 -1.38743 -0.97947 -0.00113039 0.201586 114.733
0.180593 -0.0182817 0.983388 5.34387 0.00840542 0.999819 0.0170435 -1.35951 -0.983522 0.00518785 0.180714 114.825
0.161621 -0.0192101 0.986666 5.76648 0.00580551 0.999812 0.0185151 -1.34667 -0.986836 0.00273567 0.161702 114.872
0.143573 -0.0124649 0.989561 6.32885 -0.00719488 0.999881 0.0136388 -1.33517 -0.989614 -0.00907794 0.143467 114.952
0.128633 -0.0101062 0.991641 6.87904 -0.0207258 0.999702 0.0128769 -1.33706 -0.991476 -0.0222089 0.128386 115.021
0.113685 -0.00912054 0.993475 7.48621 -0.0208526 0.999716 0.011564 -1.34087 -0.993298 -0.0220311 0.113462 115.082
0.100577 -0.0134286 0.994839 8.12537 -0.015985 0.999758 0.0151111 -1.34244 -0.994801 -0.0174223 0.100338 115.14
0.0890633 -0.0168203 0.995884 8.81776 -0.0135711 0.999744 0.0180992 -1.33331 -0.995934 -0.0151273 0.0888122 115.187
0.0788234 -0.0202798 0.996682 9.46313 -0.0118335 0.999704 0.0212771 -1.32721 -0.996818 -0.0134713 0.07856 115.223
0.0710085 -0.0217639 0.997238 10.1125 -0.0144863 0.999634 0.0228477 -1.31791 -0.997371 -0.0160686 0.0706672 115.262
0.0651439 -0.022148 0.99763 10.8021 -0.0177117 0.99957 0.0233476 -1.30544 -0.997719 -0.0191907 0.0647236 115.302
0.0603393 -0.024982 0.997865 11.505 -0.0195528 0.999465 0.0262044 -1.29315 -0.997986 -0.0210923 0.0598186 115.334
0.0538963 -0.0244987 0.998246 12.2692 -0.0209726 0.999451 0.0256606 -1.27884 -0.998326 -0.0223188 0.0533529 115.384
0.0504916 -0.0284436 0.998319 13.0612 -0.0231938 0.999291 0.0296444 -1.26257 -0.998455 -0.0246516 0.0497961 115.396
0.0462257 -0.0260107 0.998592 13.9174 -0.022896 0.999371 0.0270908 -1.24775 -0.998669 -0.024116 0.0456011 115.452
0.0442228 -0.0283393 0.99862 14.7505 -0.0268569 0.999203 0.0295452 -1.22079 -0.998661 -0.0281264 0.0434264 115.486
0.0410031 -0.0264457 0.998809 15.6033 -0.0259223 0.999285 0.0275224 -1.21131 -0.998823 -0.0270199 0.0402883 115.525
0.0408398 -0.032367 0.998641 16.433 -0.0261587 0.999098 0.0334516 -1.17581 -0.998823 -0.0274893 0.0399563 115.55
0.0409026 -0.0343407 0.998573 17.2508 -0.0272237 0.999 0.0354705 -1.15867 -0.998792 -0.0286357 0.0399268 115.587
0.0446284 -0.0373913 0.998304 18.2104 -0.0315515 0.998748 0.0388184 -1.1624 -0.998505 -0.0332304 0.0433928 115.598
0.0459641 -0.0363437 0.998282 20.2868 -0.0339983 0.998702 0.0379244 -1.05487 -0.998364 -0.0356831 0.0446688 115.758
0.0492843 -0.0362015 0.998129 21.091 -0.0369777 0.998592 0.0380442 -1.03026 -0.9981 -0.0387835 0.0478763 115.81
0.0536403 -0.0367641 0.997883 22.2688 -0.0380444 0.998521 0.0388327 -0.98456 -0.997835 -0.0400468 0.0521623 115.881
0.0577726 -0.0374588 0.997627 23.3478 -0.0396379 0.998422 0.0397841 -0.95224 -0.997543 -0.0418423 0.0561967 115.946
0.0615014 -0.034697 0.997504 24.4245 -0.0412272 0.998454 0.037272 -0.92608 -0.997255 -0.0434166 0.0599758 116.01
0.0660866 -0.0322096 0.997294 25.4325 -0.0378351 0.998679 0.0347615 -0.890698 -0.997096 -0.04003 0.0647806 116.067
0.0705039 -0.030893 0.997033 26.5934 -0.0361309 0.998785 0.0335022 -0.862484 -0.996857 -0.0383858 0.0693021 116.179
0.0728287 -0.0274145 0.996968 27.9819 -0.0295354 0.999124 0.0296314 -0.845174 -0.996907 -0.0316038 0.0719552 116.327
0.0735004 -0.0199346 0.997096 29.0412 -0.0220403 0.999524 0.0216079 -0.82333 -0.997052 -0.0235644 0.073026 116.425
0.0729936 -0.0179579 0.997171 30.6956 -0.0164157 0.999681 0.0192047 -0.77277 -0.997197 -0.017771 0.0726755 116.568
0.0740024 -0.0172763 0.997108 32.8753 -0.017899 0.999666 0.018649 -0.728933 -0.997097 -0.0192273 0.0736684 116.696
0.0729252 -0.0144199 0.997233 33.8757 -0.0194331 0.999685 0.0158765 -0.720594 -0.997148 -0.0205371 0.072622 116.785
0.0710013 -0.0114004 0.997411 35.7375 -0.0203255 0.999711 0.0128736 -0.704458 -0.997269 -0.0211869 0.070749 116.975
0.0793841 -0.0146199 0.996737 37.972 -0.0141589 0.999775 0.0157921 -0.710442 -0.996744 -0.0153664 0.0791593 116.899
0.0802333 -0.00680371 0.996753 39.5016 -0.0149802 0.999856 0.00803072 -0.737985 -0.996664 -0.0155759 0.0801198 117.003
0.0802333 -0.00680371 0.996753 41.0311 -0.0149802 0.999856 0.00803072 -0.765527 -0.996664 -0.0155759 0.0801198 117.107
0.0825619 -0.00794304 0.996554 42.3966 -0.00704552 0.999939 0.00855372 -0.797744 -0.996561 -0.00772746 0.0825008 117.137
0.0765123 -0.00038872 0.997069 43.6227 -0.00662445 0.999978 0.000898197 -0.777092 -0.997047 -0.00667376 0.076508 117.272
0.0757187 -0.00192846 0.997127 44.945 -0.0100592 0.999946 0.00269777 -0.793681 -0.997078 -0.0102346 0.0756952 117.369
0.0722986 -0.00172463 0.997382 46.1756 -0.00762933 0.999968 0.00228214 -0.784571 -0.997354 -0.00777435 0.0722832 117.473
0.0653667 0.00199417 0.997859 47.4924 -0.00789896 0.999968 -0.00148095 -0.827122 -0.99783 -0.00778525 0.0653803 117.539
0.0564939 0.00258816 0.9984 49.0896 -0.00423287 0.999988 -0.00235276 -0.8482 -0.998394 -0.00409318 0.0565042 117.7
0.048447 0.00379693 0.998819 50.4499 0.00244796 0.999989 -0.00392012 -0.879423 -0.998823 0.00263498 0.0484371 117.75
0.0386044 0.00271804 0.999251 51.8623 0.00375055 0.999989 -0.00286495 -0.898135 -0.999248 0.00385834 0.0385938 117.81
0.0276406 0.00341389 0.999612 53.306 0.00446963 0.999984 -0.00353875 -0.919338 -0.999608 0.00456571 0.0276249 117.868
0.0172179 0.00498106 0.999839 54.6909 0.00170494 0.999986 -0.00501115 -0.947453 -0.99985 0.00179094 0.0172091 117.891
0.00563218 0.00302673 0.99998 56.3424 0.0015794 0.999994 -0.00303567 -0.975216 -0.999983 0.00159647 0.00562736 117.91
-0.00504671 0.00392166 0.99998 57.7925 0.00448938 0.999982 -0.00389901 -1.00421 -0.999977 0.00446961 -0.00506422 117.899
-0.0162924 0.00345255 0.999861 59.4387 0.00417528 0.999986 -0.00338494 -1.03308 -0.999859 0.00411956 -0.0163066 117.876
-0.0264519 0.00421008 0.999641 61.036 0.00527181 0.999978 -0.004072 -1.06186 -0.999636 0.00516221 -0.0264735 117.818
-0.0375765 0.00497997 0.999281 62.73 0.0058188 0.999972 -0.0047646 -1.09857 -0.999277 0.00563558 -0.0376045 117.765
-0.0472896 0.00468183 0.99887 64.2082 0.00518474 0.999977 -0.00444155 -1.11685 -0.998868 0.00496885 -0.0473128 117.707
-0.0582604 0.00339423 0.998296 65.7739 0.00542118 0.999981 -0.00308358 -1.11319 -0.998287 0.00523229 -0.0582777 117.686
-0.0677079 0.00352013 0.997699 67.1608 0.00371322 0.999988 -0.00327621 -1.13746 -0.997698 0.00348285 -0.0677202 117.594
-0.0762707 0.00118539 0.997086 68.5601 0.002927 0.999995 -0.000964952 -1.16105 -0.997083 0.00284487 -0.0762738 117.483
-0.0852193 0.000366124 0.996362 69.7707 0.00185462 0.999998 -0.000208834 -1.17036 -0.99636 0.00183007 -0.0852199 117.413
-0.089646 -0.00321115 0.995969 70.8561 -0.00155618 0.999994 0.00308406 -1.18491 -0.995972 -0.00127343 -0.0896504 117.299
-0.0935762 -0.00435031 0.995603 72.0518 -0.00475248 0.999981 0.00392276 -1.20111 -0.995601 -0.00436451 -0.0935951 117.189
-0.0950716 -0.00847407 0.995434 73.3177 -0.00704879 0.999944 0.00783925 -1.21495 -0.995445 -0.00627131 -0.095126 117.052
-0.0973959 -0.00682926 0.995222 74.3941 -0.00885689 0.999943 0.00599489 -1.22965 -0.995206 -0.0082307 -0.0974508 116.967
-0.096814 -0.010287 0.995249 75.6152 -0.0109861 0.999897 0.00926638 -1.25546 -0.995242 -0.0100368 -0.096917 116.859
-0.09539 -0.00854949 0.995403 76.7276 -0.00782609 0.999939 0.00783846 -1.29621 -0.995409 -0.00704241 -0.095451 116.721
-0.0950494 -0.0109939 0.995412 77.5553 -0.00543021 0.99993 0.0105252 -1.30087 -0.995458 -0.00440487 -0.0951024 116.655
-0.0867817 -0.0112311 0.996164 78.5707 -0.00701224 0.999919 0.0106626 -1.31098 -0.996203 -0.00606003 -0.0868533 116.55
-0.0804591 -0.0114646 0.996692 79.663 -0.0097604 0.999895 0.0107136 -1.3099 -0.99671 -0.00886611 -0.0805625 116.495
-0.0680085 -0.00996928 0.997635 80.7615 -0.0100556 0.999906 0.00930649 -1.3212 -0.997634 -0.00939885 -0.0681024 116.426
-0.0551698 -0.00911265 0.998435 81.7455 -0.0102433 0.999911 0.00856011 -1.33599 -0.998424 -0.00975506 -0.0552582 116.407
-0.0376549 -0.00810249 0.999258 82.569 -0.00765767 0.99994 0.00781946 -1.34483 -0.999261 -0.00735755 -0.0377147 116.39
-0.0162008 -0.00522057 0.999855 83.3073 -0.00442948 0.999977 0.00514943 -1.36058 -0.999859 -0.00434541 -0.0162236 116.394
0.00770253 -0.00557244 0.999955 84.1392 -0.00182532 0.999983 0.00558665 -1.3602 -0.999969 -0.00186827 0.00769222 116.441
0.036888 -0.00402352 0.999311 84.8154 -0.00110301 0.999991 0.00406697 -1.37085 -0.999319 -0.00125228 0.0368833 116.486
0.0686714 -0.00144538 0.997638 85.4655 -0.00358629 0.999992 0.00169565 -1.37071 -0.997633 -0.00369427 0.0686657 116.563
0.107017 -0.0012838 0.994256 86.1084 -0.00682548 0.999975 0.00202585 -1.37754 -0.994234 -0.00700308 0.107005 116.662
0.149676 -0.000893768 0.988735 86.7317 -0.00848131 0.999962 0.00218783 -1.38143 -0.988699 -0.00871323 0.149663 116.777
0.194302 -0.0015213 0.980941 87.337 -0.0105705 0.999937 0.00364452 -1.39841 -0.980885 -0.0110771 0.194274 116.93
0.241816 0.00926042 0.970278 87.9078 -0.0124124 0.999902 -0.0064497 -1.39831 -0.970243 -0.0104838 0.241907 117.137
0.292555 0.00636057 0.956228 88.4474 -0.00953916 0.999948 -0.00373291 -1.41023 -0.956201 -0.00802953 0.2926 117.34
0.345483 0.00688214 0.9384 88.9978 0.000118346 0.999973 -0.00737728 -1.41183 -0.938425 0.00265978 0.345473 117.599
0.404846 -0.00178344 0.914383 89.59 0.00563214 0.999984 -0.000543254 -1.43841 -0.914367 0.00536986 0.40485 117.894
0.462218 -0.00481783 0.886753 90.2262 0.0131934 0.999912 -0.00144442 -1.45292 -0.886668 0.012367 0.462241 118.301
0.513199 0.0042779 0.858259 90.6122 0.00970838 0.999895 -0.010789 -1.47414 -0.858215 0.0138692 0.513104 118.671
0.577778 -0.00177406 0.816192 91.1742 0.0094067 0.999946 -0.00448549 -1.47989 -0.81614 0.0102693 0.577763 119.097
0.630162 0.00473171 0.776449 91.5688 0.00620352 0.999919 -0.0111283 -1.49165 -0.776439 0.0118294 0.630082 119.512
0.680998 0.00512584 0.732267 91.9322 0.00490835 0.999921 -0.0115641 -1.49142 -0.732269 0.0114693 0.680919 119.948
0.730516 -1.1098e-005 0.682896 92.2943 0.00778746 0.999935 -0.00831425 -1.50797 -0.682851 0.0113917 0.730469 120.398
0.775108 0.0026295 0.631823 92.5608 0.00264882 0.999969 -0.00741117 -1.50487 -0.631823 0.00741804 0.775077 120.821
0.814946 0.00234848 0.579532 92.8261 -0.00370636 0.999992 0.0011596 -1.52019 -0.579525 -0.00309297 0.814948 121.285
0.851687 0.000126361 0.52405 93.0641 -0.00341506 0.99998 0.00530904 -1.53514 -0.524039 -0.00631131 0.851671 121.745
0.881769 0.00520664 0.471654 93.3069 -0.0101967 0.999916 0.00802473 -1.52699 -0.471572 -0.0118852 0.881747 122.322
0.907606 0.00133971 0.419821 93.5516 -0.00838123 0.999853 0.0149286 -1.54161 -0.41974 -0.0170679 0.907484 122.952
0.926626 0.0087614 0.375883 93.7569 -0.0143869 0.999823 0.0121618 -1.53968 -0.37571 -0.0166773 0.926587 123.712
0.942206 0.00917228 0.334908 93.9532 -0.0147538 0.999791 0.0141255 -1.54452 -0.334709 -0.0182503 0.942145 124.449
0.953751 0.00897374 0.300463 94.1698 -0.0124835 0.999874 0.00976338 -1.53312 -0.300338 -0.0130627 0.953744 125.362
0.962965 0.00423402 0.269594 94.3514 -0.00695414 0.999934 0.00913542 -1.53632 -0.269537 -0.0106719 0.962931 126.177
