0.999993 -0.00137303 -0.00338692 -0.00631493 0.00136543 0.999997 -0.0022434 -0.0012479 0.00338999 0.00223876 0.999992 0.698142
0.999969 0.00150517 -0.00770404 -0.00921341 -0.00153926 0.999989 -0.00442198 0.00666449 0.0076973 0.0044337 0.999961 0.708706
0.999936 0.000624726 -0.0112949 -0.0195883 -0.000691542 0.999982 -0.00591268 -0.00469324 0.011291 0.00592011 0.999919 0.723306
0.999867 0.00236063 -0.016125 -0.0190894 -0.00247005 0.999974 -0.00676944 -0.0041672 0.0161086 0.00680837 0.999847 0.733618
0.999808 -0.000416222 -0.0196124 -0.0281163 0.000279437 0.999976 -0.00697666 -0.0107013 0.0196148 0.00696984 0.999783 0.741147
0.999693 0.00244994 -0.0246709 -0.0229975 -0.00264368 0.999966 -0.00782345 -0.0130041 0.0246509 0.00788626 0.999665 0.756322
0.999528 0.00287523 -0.0305983 -0.0214919 -0.00313042 0.999961 -0.00829515 -0.00997412 0.0305733 0.00838702 0.999497 0.775463
0.999397 0.00122735 -0.0347034 -0.0385957 -0.00146442 0.999976 -0.00680663 -0.00774878 0.0346942 0.00685335 0.999374 0.788142
0.999229 7.98741e-006 -0.0392667 -0.03598 -0.000156492 0.999993 -0.00377887 -0.0127246 0.0392664 0.0037821 0.999222 0.804787
0.999093 -0.000295307 -0.0425808 -0.0425029 0.000261559 1 -0.000798143 -0.0160037 0.042581 0.000786282 0.999093 0.824442
0.999015 0.00285147 -0.0442917 -0.0573161 -0.00292273 0.999995 -0.00154429 -0.00706239 0.044287 0.00167222 0.999017 0.843717
0.998911 -0.00111289 -0.0466506 -0.0419964 0.00104321 0.999998 -0.00151805 -0.00991549 0.0466522 0.00146773 0.99891 0.863435
0.998845 -0.00272364 -0.0479676 -0.050402 0.0025985 0.999993 -0.00267095 -0.000909666 0.0479745 0.00254322 0.998845 0.878293
0.998746 -0.000514072 -0.0500537 -0.0429171 0.000426594 0.999998 -0.00175836 -0.0106584 0.0500545 0.0017348 0.998745 0.868743
0.99866 -0.000601588 -0.0517493 -0.0463607 0.00050262 0.999998 -0.00192544 -0.0128187 0.0517504 0.00189685 0.998658 0.888567
0.998528 0.00136006 -0.0542131 -0.0451501 -0.00158383 0.99999 -0.00408491 -0.0114653 0.054207 0.00416476 0.998521 0.900182
0.998558 0.00120458 -0.053671 -0.0744572 -0.00160569 0.999971 -0.00743114 -0.000135898 0.0536605 0.0075066 0.998531 0.900464
0.998495 0.00565494 -0.0545579 -0.0703546 -0.00613595 0.999944 -0.00865313 -0.0131527 0.0545059 0.00897487 0.998473 0.901307
0.998408 -1.60138e-005 -0.0564013 -0.045862 -0.00046205 0.999964 -0.00846305 -0.0112571 0.0563995 0.00847564 0.998372 0.922937
0.998404 -0.000371489 -0.0564662 -0.0739377 -4.03783e-005 0.999973 -0.00729272 -0.012805 0.0564674 0.00728337 0.998378 0.941158
0.998323 -0.000345832 -0.057886 -0.0566676 5.95225e-006 0.999983 -0.00587161 -0.0149477 0.057887 0.00586142 0.998306 0.932336
0.998306 0.000385163 -0.0581774 -0.0669855 -0.00074912 0.99998 -0.00623429 -0.00769347 0.0581738 0.00626731 0.998287 0.915941
0.998233 0.000591404 -0.0594244 -0.0659705 -0.00103468 0.999972 -0.00742902 -0.00644092 0.0594183 0.00747737 0.998205 0.922767
0.998159 -0.00118151 -0.0606481 -0.0531303 0.000673718 0.999965 -0.00839253 -0.0121573 0.0606558 0.00833622 0.998124 0.903502
0.998121 -0.000583938 -0.0612757 -0.0567121 0.000158693 0.999976 -0.0069445 -0.0103681 0.0612783 0.00692172 0.998097 0.908747
0.998165 0.00173465 -0.0605289 -0.0693212 -0.00195847 0.999991 -0.00363865 -0.0115318 0.060522 0.00375052 0.99816 0.917138
0.998207 0.000901285 -0.0598527 -0.0593864 -0.000913871 1 -0.000182913 -0.00994188 0.0598525 0.000237283 0.998207 0.937896
0.99831 -0.00166447 -0.0580971 -0.0576016 0.00179763 0.999996 0.0022398 -0.00581897 0.0580931 -0.00234045 0.998308 0.958079
0.998266 -0.00187958 -0.0588308 -0.035991 0.00207922 0.999992 0.00333241 -0.00995064 0.058824 -0.00344896 0.998262 0.979115
0.998399 -0.0029749 -0.0564921 -0.0596099 0.00299841 0.999995 0.000331429 0.000716298 0.0564908 -0.000500285 0.998403 0.998048
0.99841 0.000804976 -0.0563561 -0.0554751 -0.00105023 0.99999 -0.0043224 -0.00984407 0.0563521 0.00437471 0.998401 1.01827
0.998487 0.00095547 -0.0549754 -0.0643543 -0.00136896 0.999971 -0.00748412 -0.011892 0.0549666 0.00754805 0.99846 0.997682
0.998481 -0.00383391 -0.0549617 -0.0402798 0.0034854 0.999973 -0.00643543 -0.0155091 0.0549849 0.00623409 0.998468 0.978875
0.998499 -0.00224772 -0.0547305 -0.0558691 0.00216246 0.999996 -0.00161694 -0.0120156 0.054734 0.00149616 0.9985 0.96622
0.99848 -0.00402678 -0.0549731 -0.0539004 0.00412909 0.99999 0.00174757 -0.0188427 0.0549655 -0.0019719 0.998486 0.971755
0.998453 -0.0059648 -0.0552801 -0.0539616 0.00602064 0.999982 0.000843682 -0.0133872 0.055274 -0.0011752 0.998471 0.983665
0.998407 -0.00267576 -0.0563573 -0.0542365 0.00247517 0.99999 -0.00362884 -0.00499629 0.0563664 0.00348357 0.998404 0.986211
0.998365 -0.000258722 -0.0571667 -0.0687955 -0.000178767 0.999971 -0.00764763 -0.0123572 0.057167 0.00764534 0.998335 0.965186
0.998284 0.00189466 -0.058527 -0.0623718 -0.00241481 0.999958 -0.00881803 -0.0154741 0.0585079 0.00894423 0.998247 0.945533
0.998187 -0.00127685 -0.0601722 -0.04441 0.000845414 0.999974 -0.0071949 -0.0229703 0.0601798 0.00713099 0.998162 0.949775
0.998177 0.00416815 -0.0602121 -0.0761508 -0.00440997 0.999983 -0.00388387 -0.0241727 0.0601948 0.00414232 0.998178 0.956703
0.997994 -0.00103448 -0.0632941 -0.0408776 0.000885771 0.999997 -0.00237745 -0.0193457 0.0632963 0.00231662 0.997992 0.97899
0.998019 0.00186651 -0.0628798 -0.0841423 -0.0018337 0.999998 0.000579511 -0.013393 0.0628808 -0.000463061 0.998021 0.996398
0.998081 0.00143604 -0.061898 -0.0586817 -0.001211 0.999993 0.00367299 -0.0228645 0.0619028 -0.00359098 0.998076 0.978008
0.998096 0.00721287 -0.0612591 -0.086754 -0.00684658 0.999957 0.0061872 -0.00383077 0.0613011 -0.00575601 0.998103 0.996256
0.998085 -0.0014859 -0.0618342 -0.0573764 0.00184837 0.999981 0.00580504 -0.0136299 0.0618245 -0.00590822 0.99807 1.01833
0.99811 0.00028643 -0.0614577 -0.0690907 -4.32447e-005 0.999992 0.00395824 3.39383e-005 0.0614583 -0.0039481 0.998102 1.03774
0.998047 0.0054178 -0.0622383 -0.0736031 -0.00532602 0.999984 0.00164044 -0.0177858 0.0622462 -0.00130575 0.99806 1.05733
0.998022 0.000503669 -0.0628698 -0.0736994 -0.000383435 0.999998 0.00192447 -0.0189675 0.0628706 -0.00189656 0.99802 1.04779
0.998079 0.00112904 -0.0619507 -0.100883 -0.000930869 0.999994 0.00322759 -0.0159197 0.061954 -0.00316372 0.998074 1.06567
0.998009 0.00038625 -0.0630678 -0.0642228 -9.44654e-005 0.999989 0.00462943 -0.0225515 0.0630689 -0.00461426 0.997999 1.08786
0.99786 0.00305824 -0.0653121 -0.0169407 -0.00324392 0.999991 -0.00273705 -0.00462698 0.0653032 0.00294306 0.997861 0.27694
0.99786 0.00305824 -0.0653121 -0.0338813 -0.00324392 0.999991 -0.00273705 -0.00925396 0.0653032 0.00294306 0.997861 0.55388
0.997862 0.000924454 -0.0653559 -0.0228856 -0.00117859 0.999992 -0.00385006 -0.00440808 0.0653518 0.00391885 0.997855 0.296582
0.997823 -0.0021781 -0.0659184 -0.0196425 0.00219429 0.999998 0.000173237 -0.00739403 0.0659179 -0.000317504 0.997825 0.316802
0.997799 -0.00233054 -0.0662731 -0.0215075 0.00251726 0.999993 0.00273414 -0.00328282 0.0662663 -0.00289495 0.997798 0.336794
0.997784 -0.00170161 -0.0665163 -0.0244181 0.00191278 0.999993 0.00311111 -0.00385294 0.0665106 -0.00323144 0.99778 0.356641
0.997724 -0.00391209 -0.0673192 -0.0228951 0.00405679 0.99999 0.00201287 -0.00734826 0.0673106 -0.00228139 0.997729 0.37673
0.997702 -0.000420246 -0.0677484 -0.0294185 0.000482501 0.999999 0.000902549 -0.00714003 0.0677479 -0.000933164 0.997702 0.396342
0.997731 -0.000561866 -0.0673238 -0.0379455 0.000670183 0.999999 0.00158633 -0.00237218 0.0673228 -0.00162785 0.99773 0.415762
0.997569 -0.000731172 -0.069685 -0.0286024 0.00113535 0.999983 0.00576063 -0.0064606 0.0696796 -0.00582574 0.997552 0.436513
0.997488 -0.00269727 -0.0707854 -0.0283611 0.00343467 0.999941 0.0102978 -0.00288829 0.0707535 -0.0105151 0.997438 0.456607
0.997392 0.00137069 -0.0721645 -0.0318421 -0.000478038 0.999923 0.0123855 -0.00060652 0.0721759 -0.0123187 0.997316 0.476433
0.997276 0.00415466 -0.0736369 -0.0422765 -0.00352794 0.999956 0.00863899 -0.00295153 0.0736696 -0.00835568 0.997248 0.495688
0.997196 0.00193395 -0.0748028 -0.0418061 -0.00187047 0.999998 0.000918604 -0.00394436 0.0748044 -0.000776112 0.997198 0.51579
0.997155 0.00256574 -0.0753383 -0.0460147 -0.00286075 0.999989 -0.00380809 -0.0054641 0.0753277 0.00401278 0.997151 0.535495
0.996935 0.00272705 -0.0781886 -0.0342586 -0.00294404 0.999992 -0.00266009 -0.00918983 0.0781807 0.00288213 0.996935 0.556367
0.996861 0.00310103 -0.0791084 -0.0513749 -0.00311902 0.999995 -0.000103903 -0.0109838 0.0791077 0.000350318 0.996866 0.575102
0.99669 0.00272007 -0.0812483 -0.0471346 -0.00255955 0.999995 0.00207973 -0.0155578 0.0812536 -0.00186489 0.996692 0.595431
0.996497 0.000599576 -0.0836277 -0.0460355 -0.000438 0.999998 0.00195043 -0.00838148 0.0836287 -0.00190697 0.996495 0.615721
0.996435 0.00446623 -0.0842498 -0.070955 -0.00423043 0.999987 0.00297715 -0.0106721 0.084262 -0.00261012 0.99644 0.633445
0.996286 0.00716673 -0.0858113 -0.0742723 -0.00679048 0.999966 0.00467571 -0.0234989 0.0858419 -0.00407564 0.9963 0.652865
0.996198 0.00138062 -0.0871045 -0.0660668 -0.000942271 0.999987 0.00507337 -0.00779581 0.0871103 -0.004972 0.996186 0.674222
0.996035 -0.000985953 -0.0889539 -0.0557321 0.00157529 0.999977 0.00655523 -0.0137422 0.0889454 -0.00666937 0.996014 0.69513
0.995954 0.0023569 -0.0898349 -0.0705004 -0.00152522 0.999955 0.00932536 -0.00518956 0.0898528 -0.00915061 0.995913 0.714005
0.995858 0.000593188 -0.0909232 -0.068904 0.000616723 0.999912 0.0132783 -0.00276781 0.090923 -0.0132794 0.995769 0.734265
0.995783 0.00611547 -0.0915364 -0.0874126 -0.00473784 0.999872 0.0152598 -0.00351495 0.0916181 -0.0147618 0.995685 0.752428
0.995818 0.00461411 -0.0912479 -0.103684 -0.00360181 0.99993 0.0112555 -0.00419126 0.0912934 -0.0108798 0.995765 0.77054
0.995648 0.000636439 -0.0931907 -0.0716105 -0.000248058 0.999991 0.00417912 -0.0125468 0.0931926 -0.00413781 0.99564 0.794176
0.995546 -0.00118698 -0.0942702 -0.0799 0.00101732 0.999998 -0.0018478 -0.00974656 0.0942721 0.00174367 0.995545 0.813524
0.995512 0.00557562 -0.0944672 -0.104292 -0.00586843 0.999979 -0.00282208 -0.00264724 0.0944495 0.00336379 0.995524 0.82896
0.99543 0.00330801 -0.0954418 -0.0926356 -0.00323042 0.999994 0.000967498 -0.0124329 0.0954444 -0.000654759 0.995435 0.838285
0.99526 -0.000925238 -0.0972406 -0.07625 0.00121927 0.999995 0.00296442 -0.0143224 0.0972373 -0.00306893 0.995256 0.819816
0.995247 -0.0017532 -0.0973707 -0.0933759 0.00169286 0.999998 -0.000702377 -0.013342 0.0973717 0.000534204 0.995248 0.797924
0.995213 -0.00857932 -0.0973507 -0.0584554 0.00798101 0.999947 -0.00653365 -0.0206237 0.0974016 0.00572541 0.995229 0.781023
0.995435 -0.00352263 -0.0953753 -0.087172 0.00240933 0.999928 -0.0117855 -0.0118497 0.0954099 0.0115019 0.995372 0.758394
0.995685 0.000505931 -0.0927933 -0.0580555 -0.00165986 0.999922 -0.0123588 -0.00570904 0.0927799 0.0124595 0.995609 0.741187
0.996047 0.00300679 -0.0887777 -0.0704195 -0.00384529 0.99995 -0.00927541 -0.0105598 0.0887453 0.00958012 0.996008 0.719967
0.996459 -0.00152502 -0.0840664 -0.0602797 0.00102098 0.999981 -0.00603837 -0.0197718 0.0840741 0.00593115 0.996442 0.700613
0.996952 -0.00295056 -0.0779594 -0.049359 0.00280237 0.999994 -0.00201016 -0.014465 0.0779649 0.00178557 0.996955 0.681541
0.997563 -0.00341488 -0.069681 -0.0412301 0.00351209 0.999993 0.00127267 -0.0173674 0.0696762 -0.00151429 0.997569 0.663673
0.998256 0.00257948 -0.0589716 -0.0357204 -0.00250714 0.999996 0.0013007 -0.00816311 0.0589747 -0.00115059 0.998259 0.644138
0.999022 0.0058328 -0.0438264 -0.0341807 -0.00579203 0.999983 0.0010574 -0.00775187 0.0438318 -0.000802518 0.999039 0.624196
0.999639 0.00441196 -0.0265217 -0.00234706 -0.00436024 0.999988 0.00200737 -0.0109249 0.0265302 -0.001891 0.999646 0.605076
0.999983 -0.00224813 -0.00534861 0.0288371 0.00226307 0.999994 0.0027888 -0.00668438 0.0053423 -0.00280086 0.999982 0.58443
0.999764 -0.00119994 0.0216938 0.0161904 0.00111103 0.999991 0.00410996 -0.00794926 -0.0216985 -0.00408488 0.999756 0.564891
0.998691 -0.000645433 0.0511384 0.049431 0.000337494 0.999982 0.00603009 -0.00694111 -0.0511414 -0.00600494 0.998673 0.542889
0.996401 0.000643171 0.0847679 0.0568467 -0.00130135 0.999969 0.00770947 -0.00705031 -0.0847604 -0.00779203 0.996371 0.523509
0.99247 -0.000475527 0.122489 0.085615 -0.000583141 0.999963 0.00860698 -0.00557196 -0.122488 -0.0086136 0.992433 0.518575
0.986442 -0.000652006 0.164108 0.110028 -0.000832682 0.999959 0.00897805 -0.00634435 -0.164107 -0.00899297 0.986401 0.49851
0.978144 -0.00201544 0.207919 0.151163 3.32168e-005 0.999955 0.00953673 -0.00591393 -0.207928 -0.00932139 0.9781 0.483109
0.966941 -0.00135429 0.254998 0.179393 -0.000652237 0.999969 0.00778408 -0.00867048 -0.255001 -0.00769306 0.96691 0.451855
0.950948 0.000686177 0.30935 0.162648 -0.00243427 0.999983 0.00526491 -0.00600302 -0.309341 -0.00575969 0.950934 0.438752
0.9312 -0.000857927 0.364507 0.205964 -0.000499513 0.999993 0.00362975 -4.64867e-005 -0.364508 -0.0035621 0.931194 0.409212
0.907229 -0.00120128 0.420635 0.232775 0.000206844 0.999997 0.00240973 0.00100407 -0.420637 -0.00209917 0.907227 0.379551
0.878561 -0.00136162 0.477628 0.250103 0.000657555 0.999998 0.00164126 -0.00380159 -0.477629 -0.00112788 0.878561 0.350776
0.845647 -0.0036292 0.53373 0.27882 0.00323294 0.999993 0.00167733 -0.000975939 -0.533733 0.000307087 0.845653 0.332437
0.810003 -0.00247065 0.58642 0.30021 0.00107048 0.999996 0.00273446 -0.0150592 -0.586424 -0.00158717 0.810003 0.29303
0.771366 -0.00267494 0.636387 0.309851 -0.000567875 0.999988 0.00489159 -0.00946853 -0.636392 -0.00413459 0.771355 0.272332
