1 -8.22789e-007 -0.00085052 -0.042937 -8.22789e-007 0.999998 -0.00193479 -0.013744 0.00085052 0.00193479 0.999998 0.859261
1 -1.71017e-006 -0.000963462 -0.133121 -1.71017e-006 0.999994 -0.00355004 -0.020073 0.000963462 0.00355004 0.999993 1.71382
0.99995 -2.10532e-005 -0.00997822 -0.144938 -2.10532e-005 0.999991 -0.00421972 -0.0421862 0.00997822 0.00421972 0.999941 2.57339
0.99995 -2.10532e-005 -0.00997822 -0.156756 -2.10532e-005 0.999991 -0.00421972 -0.0642994 0.00997822 0.00421972 0.999941 3.43296
0.999898 -2.95819e-005 -0.0142756 -0.172221 -2.95819e-005 0.999991 -0.00414417 -0.0757928 0.0142756 0.00414417 0.99989 4.29318
0.999864 -4.49715e-005 -0.0164619 -0.224146 -4.49715e-005 0.999985 -0.00546328 -0.0830533 0.0164619 0.00546328 0.99985 5.15097
0.999772 -6.36651e-005 -0.0213636 -0.262285 -6.36651e-005 0.999982 -0.00595942 -0.0912188 0.0213636 0.00595942 0.999754 6.01063
0.999685 -5.12804e-005 -0.0250781 -0.297955 -5.12804e-005 0.999992 -0.00408901 -0.102949 0.0250781 0.00408901 0.999677 6.86925
0.999581 -2.70582e-005 -0.0289337 -0.327289 -2.70582e-005 0.999998 -0.00186997 -0.106546 0.0289337 0.00186997 0.99958 7.72905
0.999524 1.22319e-005 -0.0308623 -0.379583 1.22319e-005 1 0.000792484 -0.116464 0.0308623 -0.000792484 0.999523 8.588
0.999451 4.4038e-006 -0.0331204 -0.424049 4.4038e-006 1 0.000265854 -0.122872 0.0331204 -0.000265854 0.999451 9.44596
0.99946 4.08799e-006 -0.0328653 -0.496267 4.08799e-006 1 0.000248705 -0.129952 0.0328653 -0.000248705 0.99946 10.3033
0.999384 -6.03233e-006 -0.0350844 -0.521805 -6.03233e-006 1 -0.000343769 -0.136835 0.0350844 0.000343769 0.999384 11.1633
0.999272 2.28656e-005 -0.0381511 -0.528655 2.28656e-005 0.999999 0.00119825 -0.154093 0.0381511 -0.00119825 0.999271 12.0227
0.999082 2.55762e-005 -0.0428368 -0.521558 2.55762e-005 0.999999 0.00119358 -0.166201 0.0428368 -0.00119358 0.999081 12.8784
0.999042 -1.80446e-005 -0.0437698 -0.580048 -1.80446e-005 1 -0.000824126 -0.175836 0.0437698 0.000824126 0.999041 13.7401
0.999033 -7.38507e-005 -0.0439698 -0.63503 -7.38507e-005 0.999994 -0.00335752 -0.185024 0.0439698 0.00335752 0.999027 14.609
0.999019 -0.000106422 -0.0442804 -0.704206 -0.000106422 0.999988 -0.00480433 -0.193624 0.0442804 0.00480433 0.999008 15.4878
0.998941 -8.37714e-005 -0.0460119 -0.742076 -8.37714e-005 0.999993 -0.00363935 -0.214846 0.0460119 0.00363935 0.998934 16.3787
0.99883 -6.52058e-005 -0.0483554 -0.764127 -6.52058e-005 0.999996 -0.00269536 -0.224959 0.0483554 0.00269536 0.998827 17.2801
0.998754 -2.80549e-005 -0.0498952 -0.814883 -2.80549e-005 0.999999 -0.00112385 -0.234366 0.0498952 0.00112385 0.998754 18.1848
0.998706 -2.56661e-005 -0.0508535 -0.836704 -2.56661e-005 0.999999 -0.00100876 -0.250702 0.0508535 0.00100876 0.998706 19.0974
0.998622 -4.44998e-005 -0.0524801 -0.887212 -4.44998e-005 0.999999 -0.0016947 -0.263562 0.0524801 0.0016947 0.998621 20.0111
0.998515 -6.79602e-005 -0.0544834 -0.923277 -6.79602e-005 0.999997 -0.00249286 -0.277538 0.0544834 0.00249286 0.998512 20.9287
0.99849 -4.45677e-005 -0.0549377 -0.97681 -4.45677e-005 0.999999 -0.00162126 -0.283178 0.0549377 0.00162126 0.998488 21.8559
0.998487 5.22866e-005 -0.0549839 -1.02762 5.22866e-005 0.999998 0.00190045 -0.297093 0.0549839 -0.00190045 0.998485 22.7905
0.998402 0.000161316 -0.056513 -1.04252 0.000161316 0.999984 0.00570438 -0.323762 0.056513 -0.00570438 0.998386 23.7274
0.998554 0.000221709 -0.0537637 -1.11259 0.000221709 0.999966 0.00824144 -0.320568 0.0537637 -0.00824144 0.99852 24.6688
0.998765 0.000161 -0.0496889 -1.14173 0.000161 0.999979 0.00647624 -0.330283 0.0496889 -0.00647624 0.998744 25.6164
0.998765 0.000161 -0.0496889 -1.17087 0.000161 0.999979 0.00647624 -0.339999 0.0496889 -0.00647624 0.998744 26.5641
0.998923 3.56754e-005 -0.0463925 -1.25782 3.56754e-005 0.999999 0.00153715 -0.336372 0.0463925 -0.00153715 0.998922 27.5134
0.998996 -3.71412e-005 -0.0448076 -1.30507 -3.71412e-005 0.999999 -0.00165697 -0.339123 0.0448076 0.00165697 0.998994 28.4723
0.999022 -1.25099e-005 -0.0442078 -1.34303 -1.25099e-005 1 -0.000565685 -0.356103 0.0442078 0.000565685 0.999022 29.4413
0.998984 0.000100177 -0.0450647 -1.37803 0.000100177 0.99999 0.00444366 -0.367208 0.0450647 -0.00444366 0.998974 30.4176
0.998985 0.000172206 -0.0450382 -1.42756 0.000172206 0.999971 0.00764311 -0.374527 0.0450382 -0.00764311 0.998956 31.3972
0.998906 0.000157909 -0.046756 -1.45424 0.000157909 0.999977 0.00675084 -0.388186 0.046756 -0.00675084 0.998884 32.3773
0.998835 6.7142e-005 -0.0482594 -1.49859 6.7142e-005 0.999996 0.00278092 -0.392632 0.0482594 -0.00278092 0.998831 33.3569
0.99873 -1.93395e-005 -0.0503889 -1.54125 -1.93395e-005 1 -0.000767122 -0.403975 0.0503889 0.000767122 0.998729 34.3417
0.998623 -4.09907e-005 -0.0524679 -1.59643 -4.09907e-005 0.999999 -0.00156143 -0.412061 0.0524679 0.00156143 0.998621 35.3535
0.998594 -1.25352e-005 -0.0530074 -1.6877 -1.25352e-005 1 -0.000472627 -0.411468 0.0530074 0.000472627 0.998594 36.41
0.998523 7.29233e-005 -0.0543276 -1.73896 7.29233e-005 0.999996 0.00268259 -0.429004 0.0543276 -0.00268259 0.99852 37.4533
0.998537 0.000115365 -0.0540739 -1.81583 0.000115365 0.999991 0.0042638 -0.442529 0.0540739 -0.0042638 0.998528 38.4969
0.998512 0.000182414 -0.0545309 -1.88175 0.000182414 0.999978 0.00668524 -0.445005 0.0545309 -0.00668524 0.99849 39.5299
0.998525 0.000255954 -0.0542945 -1.93938 0.000255954 0.999956 0.00942121 -0.446119 0.0542945 -0.00942121 0.998481 40.5661
0.998414 0.000331455 -0.0563007 -1.99215 0.000331455 0.999931 0.0117647 -0.444613 0.0563007 -0.0117647 0.998345 41.5905
0.998568 0.000315277 -0.0534904 -2.10737 0.000315277 0.999931 0.0117793 -0.450589 0.0534904 -0.0117793 0.998499 42.6089
0.998548 0.000219392 -0.0538719 -2.16713 0.000219392 0.999967 0.0081389 -0.454778 0.0538719 -0.0081389 0.998515 43.6173
0.998548 0.000219392 -0.0538719 -2.2269 0.000219392 0.999967 0.0081389 -0.458967 0.0538719 -0.0081389 0.998515 44.6258
0.998415 0.000225883 -0.0562779 -2.27348 0.000225883 0.999968 0.00802094 -0.461491 0.0562779 -0.00802094 0.998383 45.6283
0.998204 0.000268666 -0.0599138 -2.29351 0.000268666 0.99996 0.00896019 -0.465293 0.0599138 -0.00896019 0.998163 46.6298
0.998054 0.000318099 -0.0623557 -2.3432 0.000318099 0.999948 0.0101925 -0.475363 0.0623557 -0.0101925 0.998002 47.6262
0.998051 0.000208619 -0.0624054 -2.42375 0.000208619 0.999978 0.00667934 -0.480462 0.0624054 -0.00667934 0.998029 48.6119
0.998046 7.51543e-005 -0.0624885 -2.51354 7.51543e-005 0.999997 0.00240303 -0.472424 0.0624885 -0.00240303 0.998043 49.5883
0.998029 3.9685e-005 -0.0627569 -2.57964 3.9685e-005 0.999999 0.00126347 -0.480379 0.0627569 -0.00126347 0.998028 50.5705
0.99795 0.000151631 -0.063996 -2.62083 0.000151631 0.999989 0.00473387 -0.492452 0.063996 -0.00473387 0.997939 51.5531
0.997961 0.000248464 -0.063824 -2.69179 0.000248464 0.99997 0.00777784 -0.502915 0.063824 -0.00777784 0.997931 52.5297
0.997925 0.000274974 -0.0643855 -2.75156 0.000274974 0.999964 0.00853247 -0.511395 0.0643855 -0.00853247 0.997889 53.5004
0.997929 0.000246426 -0.0643318 -2.81455 0.000246426 0.999971 0.00765304 -0.526415 0.0643318 -0.00765304 0.997899 54.4636
0.997947 0.00019072 -0.0640505 -2.88391 0.00019072 0.999982 0.00594912 -0.533679 0.0640505 -0.00594912 0.997929 55.427
0.997999 0.000205235 -0.063224 -2.97197 0.000205235 0.999979 0.00648574 -0.533691 0.063224 -0.00648574 0.997978 56.3839
0.998042 0.000310071 -0.0625391 -3.06637 0.000310071 0.999951 0.00990613 -0.534142 0.0625391 -0.00990613 0.997993 57.3436
0.997951 0.000457619 -0.0639738 -3.11124 0.000457619 0.999898 0.0142911 -0.535689 0.0639738 -0.0142911 0.997849 58.3066
0.997824 0.000533005 -0.0659277 -3.1646 0.000533005 0.999869 0.0161507 -0.533523 0.0659277 -0.0161507 0.997694 59.2595
0.99776 0.00040909 -0.0668918 -3.24229 0.00040909 0.999925 0.0122172 -0.537333 0.0668918 -0.0122172 0.997685 60.1999
0.997673 0.000169886 -0.068185 -3.31034 0.000169886 0.999988 0.00497726 -0.545441 0.068185 -0.00497726 0.99766 61.1247
0.997619 1.63604e-005 -0.0689658 -3.37794 1.63604e-005 1 0.000473885 -0.560608 0.0689658 -0.000473885 0.997619 62.0396
0.997546 5.48282e-005 -0.070016 -3.44782 5.48282e-005 0.999999 0.00156424 -0.564356 0.070016 -0.00156424 0.997545 62.9507
0.99747 0.000150164 -0.0710875 -3.51952 0.000150164 0.999991 0.00421939 -0.578767 0.0710875 -0.00421939 0.997461 63.8494
0.997337 0.000204519 -0.0729288 -3.57353 0.000204519 0.999984 0.00560121 -0.590663 0.0729288 -0.00560121 0.997321 64.7336
0.997264 0.000211741 -0.0739212 -3.65244 0.000211741 0.999984 0.00572095 -0.599798 0.0739212 -0.00572095 0.997248 65.6018
0.997057 0.000278732 -0.076662 -3.73498 0.000278732 0.999974 0.00726091 -0.621459 0.076662 -0.00726091 0.997031 66.4556
0.99687 0.000301291 -0.0790591 -3.79433 0.000301291 0.999971 0.00760988 -0.62778 0.0790591 -0.00760988 0.996841 67.2997
0.996755 0.000330609 -0.0804995 -3.86457 0.000330609 0.999966 0.00820048 -0.638567 0.0804995 -0.00820048 0.996721 68.1284
0.996714 0.000365894 -0.0809991 -3.94504 0.000365894 0.999959 0.00901948 -0.642608 0.0809991 -0.00901948 0.996673 68.9441
0.996578 0.000497861 -0.0826572 -4.01183 0.000497861 0.999928 0.0120254 -0.64739 0.0826572 -0.0120254 0.996505 69.7488
0.996642 0.000654121 -0.0818833 -4.10712 0.000654121 0.999873 0.0159491 -0.645768 0.0818833 -0.0159491 0.996514 70.5401
0.996533 0.000734016 -0.0831948 -4.19211 0.000734016 0.999845 0.0176138 -0.638177 0.0831948 -0.0176138 0.996378 71.3149
0.996739 0.000544965 -0.0806908 -4.32783 0.000544965 0.999909 0.0134848 -0.636755 0.0806908 -0.0134848 0.996648 72.0592
0.996498 2.20949e-005 -0.0836156 -4.38349 2.20949e-005 1 0.000527563 -0.645722 0.0836156 -0.000527563 0.996498 72.782
0.996498 2.20949e-005 -0.0836156 -4.43915 2.20949e-005 1 0.000527563 -0.65469 0.0836156 -0.000527563 0.996498 73.5048
0.996189 3.13363e-005 -0.0872251 -4.43721 3.13363e-005 1 0.000717147 -0.682108 0.0872251 -0.000717147 0.996188 74.2026
0.996005 0.00026641 -0.0892959 -4.50766 0.00026641 0.999982 0.00595493 -0.685491 0.0892959 -0.00595493 0.995987 74.8688
0.996005 0.00026641 -0.0892959 -4.57812 0.00026641 0.999982 0.00595493 -0.688875 0.0892959 -0.00595493 0.995987 75.535
0.995975 0.000116679 -0.0896359 -4.64237 0.000116679 0.999997 0.00259816 -0.701084 0.0896359 -0.00259816 0.995971 76.1655
0.996044 -0.000359673 -0.0888599 -4.68045 -0.000359673 0.999967 -0.00807914 -0.714933 0.0888599 0.00807914 0.996011 76.7696
0.996044 -0.000359673 -0.0888599 -4.71854 -0.000359673 0.999967 -0.00807914 -0.728783 0.0888599 0.00807914 0.996011 77.3737
0.99624 -0.000358015 -0.0866409 -4.76177 -0.000358015 0.999966 -0.00824866 -0.737578 0.0866409 0.00824866 0.996205 77.9565
0.99645 -0.00019517 -0.084183 -4.79822 -0.00019517 0.999989 -0.00462854 -0.755657 0.084183 0.00462854 0.99644 78.5276
0.996953 -0.000103773 -0.0780025 -4.86565 -0.000103773 0.999996 -0.0026567 -0.749243 0.0780025 0.0026567 0.99695 79.0805
0.997503 4.52381e-005 -0.0706267 -4.93237 4.52381e-005 0.999999 0.00127945 -0.759291 0.0706267 -0.00127945 0.997502 79.6204
0.998058 0.000142876 -0.0622891 -4.9599 0.000142876 0.999989 0.00458303 -0.77287 0.0622891 -0.00458303 0.998048 80.1515
0.999339 7.9548e-005 -0.0363623 -4.98449 7.9548e-005 0.99999 0.00437383 -0.778375 0.0363623 -0.00437383 0.999329 80.6582
0.999339 7.9548e-005 -0.0363623 -5.00907 7.9548e-005 0.99999 0.00437383 -0.78388 0.0363623 -0.00437383 0.999329 81.1649
0.999843 4.61073e-005 -0.0177051 -5.0232 4.61073e-005 0.999986 0.00520791 -0.788874 0.0177051 -0.00520791 0.99983 81.6528
0.999989 -1.46356e-005 0.00478609 -5.01467 -1.46356e-005 0.999981 0.00611579 -0.792453 -0.00478609 -0.00611579 0.99997 82.1273
0.999521 -0.000117145 0.0309343 -4.9827 -0.000117145 0.999971 0.00757185 -0.80099 -0.0309343 -0.00757185 0.999493 82.5864
0.998161 -0.000289318 0.0606199 -4.94088 -0.000289318 0.999954 0.0095363 -0.806366 -0.0606199 -0.0095363 0.998115 83.0395
0.99567 -0.000536921 0.0929569 -4.872 -0.000536921 0.999933 0.0115266 -0.81373 -0.0929569 -0.0115266 0.995603 83.4843
0.991446 -0.000819985 0.130513 -4.79483 -0.000819985 0.999921 0.0125113 -0.818977 -0.130513 -0.0125113 0.991368 83.9151
0.984866 -0.00109866 0.173314 -4.71559 -0.00109866 0.99992 0.0125818 -0.81849 -0.173314 -0.0125818 0.984786 84.3466
0.975709 -0.00141443 0.219065 -4.60869 -0.00141443 0.999918 0.0127559 -0.820388 -0.219065 -0.0127559 0.975627 84.7651
0.963649 -0.00148037 0.267168 -4.45885 -0.00148037 0.99994 0.0108802 -0.825881 -0.267168 -0.0108802 0.963589 85.15
0.947461 -0.00144409 0.319869 -4.29593 -0.00144409 0.99996 0.00879192 -0.83302 -0.319869 -0.00879192 0.947421 85.5334
0.926969 -0.00138918 0.375136 -4.11835 -0.00138918 0.999974 0.00713571 -0.833881 -0.375136 -0.00713571 0.926942 85.8885
0.902494 -0.00131422 0.4307 -3.90211 -0.00131422 0.999982 0.00580513 -0.830337 -0.4307 -0.00580513 0.902477 86.2288
0.873549 -0.00133338 0.486734 -3.66194 -0.00133338 0.999986 0.00513246 -0.830423 -0.486734 -0.00513246 0.873535 86.5447
0.839646 -0.00165757 0.543132 -3.42248 -0.00165757 0.999983 0.00561431 -0.834998 -0.543132 -0.00561431 0.839629 86.8379
0.802098 -0.00178938 0.597189 -3.16121 -0.00178938 0.999984 0.00539966 -0.842318 -0.597189 -0.00539966 0.802082 87.1237
0.761471 -0.00236074 0.648194 -2.89365 -0.00236074 0.999977 0.00641524 -0.844589 -0.648194 -0.00641524 0.761448 87.3844
0.718689 -0.00289144 0.695326 -2.59275 -0.00289144 0.99997 0.00714687 -0.841403 -0.695326 -0.00714687 0.718659 87.6296
0.673412 -0.00368243 0.739258 -2.27959 -0.00368243 0.999958 0.00833548 -0.843584 -0.739258 -0.00833548 0.673371 87.851
0.626226 -0.00462537 0.779628 -1.96286 -0.00462537 0.999943 0.00964772 -0.84161 -0.779628 -0.00964772 0.626169 88.0537
0.578836 -0.006791 0.815415 -1.62899 -0.006791 0.99989 0.0131481 -0.851792 -0.815415 -0.0131481 0.578727 88.2356
0.532068 -0.00637166 0.846678 -1.29546 -0.00637166 0.999913 0.0115289 -0.85504 -0.846678 -0.0115289 0.531981 88.398
0.485185 -0.00522066 0.874396 -0.946521 -0.00522066 0.999947 0.00886712 -0.86218 -0.874396 -0.00886712 0.485132 88.549
0.440487 -0.00510583 0.897744 -0.587335 -0.00510583 0.999953 0.00819236 -0.868961 -0.897744 -0.00819236 0.440441 88.6763
0.397836 -0.0092935 0.917409 -0.228274 -0.0092935 0.999857 0.0141588 -0.867474 -0.917409 -0.0141588 0.397693 88.7895
0.358894 -0.0199066 0.933166 0.149539 -0.0199066 0.999382 0.0289752 -0.860477 -0.933166 -0.0289752 0.358276 88.8794
0.322724 -0.0228573 0.946217 0.521254 -0.0228573 0.999229 0.0319338 -0.846818 -0.946217 -0.0319338 0.321952 88.981
0.290338 -0.0214686 0.956683 0.898038 -0.0214686 0.999351 0.0289414 -0.848481 -0.956683 -0.0289414 0.289689 89.0634
0.259068 -0.0132608 0.965768 1.27398 -0.0132608 0.999763 0.0172848 -0.84541 -0.965768 -0.0172848 0.258831 89.1617
0.231148 -0.00944959 0.972873 1.66051 -0.00944959 0.999884 0.0119571 -0.850824 -0.972873 -0.0119571 0.231032 89.2361
0.205793 -0.0099981 0.978545 2.06048 -0.0099981 0.999874 0.0123187 -0.856492 -0.978545 -0.0123187 0.205667 89.294
0.181921 -0.014334 0.983209 2.46764 -0.014334 0.999749 0.0172273 -0.858346 -0.983209 -0.0172273 0.18167 89.3526
0.162337 -0.0194956 0.986543 2.88992 -0.0194956 0.999546 0.0229606 -0.845595 -0.986543 -0.0229606 0.161884 89.3903
0.143289 -0.0210096 0.989458 3.31702 -0.0210096 0.999485 0.024265 -0.828214 -0.989458 -0.024265 0.142774 89.433
0.125604 -0.0188448 0.991901 3.76396 -0.0188448 0.999594 0.0213772 -0.815698 -0.991901 -0.0213772 0.125198 89.4872
0.110123 -0.0180951 0.993753 4.22989 -0.0180951 0.999632 0.0202074 -0.813158 -0.993753 -0.0202074 0.109755 89.5352
0.095548 -0.0181769 0.995259 4.70394 -0.0181769 0.999635 0.0200019 -0.80964 -0.995259 -0.0200019 0.0951827 89.5722
0.0823735 -0.0203455 0.996394 5.19128 -0.0203455 0.999549 0.0220919 -0.808531 -0.996394 -0.0220919 0.0819224 89.5944
0.0706028 -0.0233352 0.997232 5.68878 -0.0233352 0.999414 0.0250384 -0.805568 -0.997232 -0.0250384 0.0700169 89.6215
0.0606731 -0.0261544 0.997815 6.2036 -0.0261544 0.999272 0.0277829 -0.797946 -0.997815 -0.0277829 0.0599449 89.6368
0.052212 -0.0276763 0.998252 6.73344 -0.0276763 0.999192 0.0291499 -0.789267 -0.998252 -0.0291499 0.0514038 89.6647
0.0444339 -0.0294956 0.998577 7.27809 -0.0294956 0.99909 0.0308232 -0.773743 -0.998577 -0.0308232 0.0435235 89.7038
0.0381826 -0.029056 0.998848 7.84139 -0.029056 0.999122 0.0301747 -0.756418 -0.998848 -0.0301747 0.0373049 89.7297
0.0333689 -0.0297615 0.999 8.42539 -0.0297615 0.999084 0.0307581 -0.74039 -0.999 -0.0307581 0.0324526 89.7377
0.0271893 -0.0287876 0.999216 9.02754 -0.0287876 0.999148 0.0295689 -0.72919 -0.999216 -0.0295689 0.0263374 89.7741
0.0237683 -0.0294508 0.999284 9.64664 -0.0294508 0.999112 0.0301462 -0.713095 -0.999284 -0.0301462 0.0228799 89.7915
0.020329 -0.0291475 0.999368 10.2861 -0.0291475 0.999133 0.0297336 -0.696839 -0.999368 -0.0297336 0.0194618 89.8085
0.0177983 -0.03793 0.999122 10.941 -0.03793 0.998535 0.0385834 -0.6859 -0.999122 -0.0385834 0.0163335 89.8042
0.0188589 -0.0424859 0.998919 11.6142 -0.0424859 0.99816 0.0432557 -0.655017 -0.998919 -0.0432557 0.0170191 89.7923
0.01997 -0.0437758 0.998842 12.3 -0.0437758 0.998045 0.0446161 -0.626617 -0.998842 -0.0446161 0.0180146 89.8041
0.0223768 -0.0437716 0.998791 13.0066 -0.0437716 0.99804 0.0447194 -0.596031 -0.998791 -0.0447194 0.020417 89.8248
0.0278634 -0.047941 0.998461 13.7295 -0.047941 0.997636 0.0492392 -0.568458 -0.998461 -0.0492392 0.0254992 89.8266
0.0340863 -0.0499564 0.99817 14.4678 -0.0499564 0.997416 0.0516247 -0.528642 -0.99817 -0.0516247 0.0315025 89.8276
0.037961 -0.0499974 0.998028 15.2256 -0.0499974 0.997402 0.0518677 -0.491747 -0.998028 -0.0518677 0.0353626 89.8614
0.0402354 -0.048783 0.997999 15.9949 -0.048783 0.99752 0.0507263 -0.449949 -0.997999 -0.0507263 0.0377559 89.911
0.0440959 -0.046275 0.997955 16.7813 -0.046275 0.99776 0.0483106 -0.414044 -0.997955 -0.0483106 0.0418558 89.9501
0.0477978 -0.0452345 0.997832 17.5747 -0.0452345 0.997851 0.0474022 -0.377189 -0.997832 -0.0474022 0.0456489 89.9957
0.0518154 -0.0410499 0.997813 18.376 -0.0410499 0.998223 0.0431985 -0.351301 -0.997813 -0.0431985 0.0500382 90.0487
0.0556616 -0.0377257 0.997737 19.1801 -0.0377257 0.998493 0.0398589 -0.33682 -0.997737 -0.0398589 0.0541544 90.0952
0.0566883 -0.0315986 0.997892 19.9883 -0.0315986 0.998942 0.0334269 -0.308589 -0.997892 -0.0334269 0.0556298 90.1526
0.056475 -0.0294448 0.99797 20.8018 -0.0294448 0.999081 0.0311439 -0.280506 -0.99797 -0.0311439 0.0555561 90.2068
0.0541248 -0.0269304 0.998171 21.6169 -0.0269304 0.999233 0.0284194 -0.26384 -0.998171 -0.0284194 0.0533581 90.2949
0.0554074 -0.0256293 0.998135 22.4364 -0.0256293 0.999305 0.027082 -0.251952 -0.998135 -0.027082 0.054712 90.3326
0.0545817 -0.0258521 0.998175 23.2535 -0.0258521 0.999293 0.0272947 -0.238141 -0.998175 -0.0272947 0.0538748 90.389
0.054086 -0.0231438 0.998268 24.0694 -0.0231438 0.999434 0.0244247 -0.222541 -0.998268 -0.0244247 0.0535197 90.463
0.0537794 -0.0219684 0.998311 24.8848 -0.0219684 0.99949 0.0231778 -0.218946 -0.998311 -0.0231778 0.0532694 90.5204
0.0537561 -0.0180218 0.998391 25.697 -0.0180218 0.999657 0.019015 -0.212376 -0.998391 -0.019015 0.0534128 90.5755
0.0508098 -0.0100604 0.998658 26.5048 -0.0100604 0.999893 0.0105847 -0.219552 -0.998658 -0.0105847 0.0507031 90.6646
0.0481509 -0.00979495 0.998792 27.3178 -0.00979495 0.999899 0.010278 -0.215197 -0.998792 -0.010278 0.0480501 90.6952
0.0422497 -0.00785529 0.999076 28.1279 -0.00785529 0.999936 0.00819423 -0.208027 -0.999076 -0.00819423 0.0421853 90.7481
0.0359819 -0.00390688 0.999345 28.9396 -0.00390688 0.999984 0.00405005 -0.206306 -0.999345 -0.00405005 0.035966 90.8053
0.0293135 0.000305087 0.99957 29.7519 0.000305087 1 -0.000314165 -0.221728 -0.99957 0.000314165 0.0293134 90.8378
0.021754 -0.000759936 0.999763 30.5597 -0.000759936 0.999999 0.000776652 -0.232613 -0.999763 -0.000776652 0.0217534 90.8551
0.0136731 -0.00039568 0.999906 31.362 -0.00039568 1 0.000401127 -0.250721 -0.999906 -0.000401127 0.0136729 90.8511
0.00311453 0.000296921 0.999995 32.1637 0.000296921 1 -0.000297847 -0.25094 -0.999995 0.000297847 0.00311444 90.871
-0.00768226 -0.000458175 0.99997 32.9618 -0.000458175 1 0.000454668 -0.260333 -0.99997 -0.000454668 -0.00768247 90.8779
-0.0182386 0.00201044 0.999832 33.754 0.00201044 0.999996 -0.00197409 -0.281114 -0.999832 0.00197409 -0.0182426 90.8537
-0.0293463 0.000607674 0.999569 34.5459 0.000607674 1 -0.000590095 -0.294497 -0.999569 0.000590095 -0.0293467 90.827
-0.0406197 0.000929883 0.999174 35.3327 0.000929883 0.999999 -0.000892848 -0.305186 -0.999174 0.000892848 -0.0406206 90.7976
-0.0516698 0.000905725 0.998664 36.1117 0.000905725 0.999999 -0.000860075 -0.317699 -0.998664 0.000860075 -0.0516706 90.7538
-0.0624358 0.00175674 0.998047 36.8867 0.00175674 0.999997 -0.00165027 -0.329806 -0.998047 0.00165027 -0.0624387 90.7082
-0.0728739 0.0012658 0.99734 37.6541 0.0012658 0.999999 -0.00117669 -0.342673 -0.99734 0.00117669 -0.0728754 90.6485
-0.082758 0.000440402 0.99657 38.414 0.000440402 1 -0.000405346 -0.351322 -0.99657 0.000405346 -0.0827582 90.5937
-0.0922092 0.000397206 0.99574 39.1648 0.000397206 1 -0.000362123 -0.36377 -0.99574 0.000362123 -0.0922094 90.5163
-0.101922 -0.000357575 0.994792 39.9087 -0.000357575 1 0.000322811 -0.371838 -0.994792 -0.000322811 -0.101922 90.4437
-0.111061 -0.0015999 0.993812 40.6462 -0.0015999 0.999998 0.00143107 -0.374081 -0.993812 -0.00143107 -0.111063 90.3764
-0.123874 -0.00518619 0.992284 41.3692 -0.00518619 0.999976 0.00457896 -0.385513 -0.992284 -0.00457896 -0.123898 90.2878
-0.123874 -0.00518619 0.992284 42.0922 -0.00518619 0.999976 0.00457896 -0.396945 -0.992284 -0.00457896 -0.123898 90.1992
-0.123568 -0.0192199 0.99215 42.7987 -0.0192199 0.999671 0.0169719 -0.363732 -0.99215 -0.0169719 -0.123896 90.0742
-0.126188 -0.0199789 0.991805 43.4987 -0.0199789 0.999646 0.0175949 -0.36843 -0.991805 -0.0175949 -0.126543 89.9811
-0.128401 -0.0204511 0.991511 44.1851 -0.0204511 0.999629 0.0179701 -0.366562 -0.991511 -0.0179701 -0.128772 89.9009
-0.130376 -0.021074 0.991241 44.8588 -0.021074 0.999607 0.01848 -0.367031 -0.991241 -0.01848 -0.130769 89.8266
-0.123284 -0.0247207 0.992063 45.5019 -0.0247207 0.999456 0.0218328 -0.370272 -0.992063 -0.0218328 -0.123828 89.7217
-0.123284 -0.0247207 0.992063 46.145 -0.0247207 0.999456 0.0218328 -0.373512 -0.992063 -0.0218328 -0.123828 89.6168
-0.115983 -0.0265396 0.992897 46.7625 -0.0265396 0.999369 0.0236124 -0.38214 -0.992897 -0.0236124 -0.116614 89.5248
-0.107099 -0.0266427 0.993891 47.3636 -0.0266427 0.999359 0.0239184 -0.377807 -0.993891 -0.0239184 -0.10774 89.457
-0.0958415 -0.0260871 0.995055 47.9466 -0.0260871 0.999379 0.0236878 -0.374628 -0.995055 -0.0236878 -0.0964625 89.407
-0.082517 -0.0246196 0.996286 48.5102 -0.0246196 0.99944 0.0226584 -0.382183 -0.996286 -0.0226584 -0.0830769 89.3783
-0.0649947 -0.0238339 0.997601 49.0534 -0.0238339 0.999467 0.0223256 -0.379809 -0.997601 -0.0223256 -0.0655281 89.3523
-0.0439471 -0.021677 0.998799 49.5891 -0.021677 0.99955 0.0207395 -0.385486 -0.998799 -0.0207395 -0.0443972 89.3493
-0.0187797 -0.0199071 0.999625 50.1172 -0.0199071 0.999611 0.0195328 -0.387663 -0.999625 -0.0195328 -0.0191687 89.3472
0.00964101 -0.0167074 0.999814 50.6408 -0.0167074 0.999718 0.0168669 -0.382937 -0.999814 -0.0168669 0.00935915 89.3658
0.0424997 -0.0151003 0.998982 51.1639 -0.0151003 0.999762 0.0157545 -0.380282 -0.998982 -0.0157545 0.0422615 89.4124
0.0803471 -0.0148821 0.996656 51.6821 -0.0148821 0.999759 0.0161282 -0.377609 -0.996656 -0.0161282 0.0801063 89.4759
0.122409 -0.0137278 0.992385 52.1881 -0.0137278 0.999785 0.0155235 -0.371155 -0.992385 -0.0155235 0.122195 89.5665
0.167218 -0.0117808 0.985849 52.6886 -0.0117808 0.999833 0.0139462 -0.372253 -0.985849 -0.0139462 0.167052 89.6843
0.21495 -0.00790362 0.976593 53.1822 -0.00790362 0.99992 0.00983201 -0.372729 -0.976593 -0.00983201 0.214871 89.8363
0.266959 -0.00618593 0.963688 53.6528 -0.00618593 0.999948 0.0081323 -0.371428 -0.963688 -0.0081323 0.266907 89.9973
0.320638 4.71781e-005 0.947202 54.0993 4.71781e-005 1 -6.57781e-005 -0.369512 -0.947202 6.57781e-005 0.320638 90.2206
0.457432 -0.00696956 0.889217 54.574 -0.00696956 0.99991 0.0114224 -0.358018 -0.889217 -0.0114224 0.457342 90.2892
0.457432 -0.00696956 0.889217 55.0488 -0.00696956 0.99991 0.0114224 -0.346525 -0.889217 -0.0114224 0.457342 90.3578
0.58467 -0.00914008 0.81122 55.4589 -0.00914008 0.999799 0.0178523 -0.296563 -0.81122 -0.0178523 0.584469 90.5772
0.58467 -0.00914008 0.81122 55.869 -0.00914008 0.999799 0.0178523 -0.246602 -0.81122 -0.0178523 0.584469 90.7966
0.640077 -0.00780546 0.768271 56.2102 -0.00780546 0.999831 0.0166611 -0.239323 -0.768271 -0.0166611 0.639908 91.1305
0.691879 -0.00750309 0.721974 56.5319 -0.00750309 0.999817 0.0175809 -0.231813 -0.721974 -0.0175809 0.691696 91.4815
0.739033 -0.00754025 0.673627 56.8012 -0.00754025 0.999782 0.0194634 -0.224685 -0.673627 -0.0194634 0.738815 91.8449
0.782743 -0.00842277 0.622288 57.0598 -0.00842277 0.999673 0.0241253 -0.224778 -0.622288 -0.0241253 0.782416 92.2463
0.822369 -0.00896107 0.568884 57.2836 -0.00896107 0.999548 0.0286989 -0.211264 -0.568884 -0.0286989 0.821917 92.6684
0.85785 -0.00929638 0.513815 57.4861 -0.00929638 0.999392 0.0336028 -0.20376 -0.513815 -0.0336028 0.857242 93.0782
0.887523 -0.00936394 0.460669 57.6538 -0.00936394 0.99922 0.0383515 -0.195744 -0.460669 -0.0383515 0.886743 93.5292
0.912362 -0.00907371 0.409283 57.8224 -0.00907371 0.999061 0.0423758 -0.185958 -0.409283 -0.0423758 0.911423 93.9809
0.931682 -0.00829137 0.36318 57.9592 -0.00829137 0.998994 0.0440771 -0.176749 -0.36318 -0.0440771 0.930676 94.4305
0.946184 -0.00715431 0.32355 58.0754 -0.00715431 0.999049 0.0430128 -0.162471 -0.32355 -0.0430128 0.945233 94.9072
0.957432 -0.00588279 0.2886 58.1803 -0.00588279 0.999187 0.0398836 -0.14288 -0.2886 -0.0398836 0.956619 95.3745
0.966185 -0.00509829 0.2578 58.2766 -0.00509829 0.999231 0.0388684 -0.127407 -0.2578 -0.0388684 0.965416 95.8564
0.971758 -0.00474703 0.235932 58.3732 -0.00474703 0.999202 0.0396564 -0.115477 -0.235932 -0.0396564 0.97096 96.3391
0.975405 -0.00453405 0.220375 58.4707 -0.00453405 0.999164 0.0406252 -0.104829 -0.220375 -0.0406252 0.974569 96.8254
0.978087 -0.00408682 0.208156 58.5519 -0.00408682 0.999238 0.0388217 -0.0813026 -0.208156 -0.0388217 0.977325 97.3257
0.980014 -0.00376098 0.198892 58.644 -0.00376098 0.999292 0.0374281 -0.0574699 -0.198892 -0.0374281 0.979307 97.8351
0.981369 -0.00334846 0.192101 58.7443 -0.00334846 0.999398 0.0345261 -0.0341454 -0.192101 -0.0345261 0.980768 98.3506
0.981867 -0.00291676 0.189547 58.8217 -0.00291676 0.999531 0.0304898 -0.0255642 -0.189547 -0.0304898 0.981398 98.8809
0.981948 -0.0026673 0.189133 58.9184 -0.0026673 0.999606 0.0279455 -0.0200172 -0.189133 -0.0279455 0.981554 99.4181
0.981583 -0.00238892 0.191019 59.0276 -0.00238892 0.99969 0.0247782 -0.00911066 -0.191019 -0.0247782 0.981274 99.9637
0.980978 -0.00183811 0.194108 59.1574 -0.00183811 0.999822 0.0187572 0.0109017 -0.194108 -0.0187572 0.980801 100.513
0.979746 -0.00133376 0.200241 59.2477 -0.00133376 0.999912 0.0131861 0.0326626 -0.200241 -0.0131861 0.979658 101.082
0.97764 -0.00170658 0.21028 59.3648 -0.00170658 0.99987 0.0160489 0.0358108 -0.21028 -0.0160489 0.977509 101.674
0.97764 -0.00170658 0.21028 59.4819 -0.00170658 0.99987 0.0160489 0.038959 -0.21028 -0.0160489 0.977509 102.265
0.97644 -0.00226979 0.215779 59.5992 -0.00226979 0.999781 0.020788 0.0446734 -0.215779 -0.020788 0.976221 102.878
0.975693 -0.00306055 0.219119 59.7421 -0.00306055 0.999615 0.0275902 0.0475122 -0.219119 -0.0275902 0.975308 103.495
0.974734 -0.00372715 0.223339 59.8796 -0.00372715 0.99945 0.0329458 0.0544131 -0.223339 -0.0329458 0.974184 104.127
0.974588 -0.00398203 0.223972 60.0491 -0.00398203 0.999376 0.0350954 0.0691374 -0.223972 -0.0350954 0.973964 104.757
0.974595 -0.0030386 0.223953 60.1993 -0.0030386 0.999637 0.0267865 0.0819682 -0.223953 -0.0267865 0.974232 105.404
0.974595 -0.0030386 0.223953 60.3495 -0.0030386 0.999637 0.0267865 0.0947991 -0.223953 -0.0267865 0.974232 106.05
0.975133 -0.00230499 0.221609 60.5127 -0.00230499 0.999786 0.0205414 0.107219 -0.221609 -0.0205414 0.974919 106.709
0.975551 -0.00175713 0.219765 60.645 -0.00175713 0.999874 0.0157945 0.1231 -0.219765 -0.0157945 0.975425 107.389
0.976041 -0.00220559 0.217576 60.7932 -0.00220559 0.999797 0.0200292 0.137114 -0.217576 -0.0200292 0.975838 108.087
0.976353 -0.00303106 0.216163 60.951 -0.00303106 0.999611 0.0277073 0.153769 -0.216163 -0.0277073 0.975964 108.799
0.977042 -0.00349968 0.213017 61.1146 -0.00349968 0.999467 0.0324723 0.170223 -0.213017 -0.0324723 0.976509 109.52
0.97781 -0.00338658 0.209464 61.288 -0.00338658 0.999483 0.0319685 0.1785 -0.209464 -0.0319685 0.977294 110.243
0.97832 -0.0027723 0.207079 61.4338 -0.0027723 0.999645 0.0264804 0.195922 -0.207079 -0.0264804 0.977966 110.978
0.979367 -0.00222753 0.202076 61.5942 -0.00222753 0.99976 0.0218165 0.20846 -0.202076 -0.0218165 0.979127 111.722
0.980139 -0.00188756 0.1983 61.7445 -0.00188756 0.999821 0.0188466 0.224632 -0.1983 -0.0188466 0.97996 112.481
0.980982 -0.00207349 0.194088 61.9081 -0.00207349 0.999774 0.0211609 0.234181 -0.194088 -0.0211609 0.980756 113.253
0.981524 -0.00225952 0.191327 62.0542 -0.00225952 0.999724 0.023398 0.245469 -0.191327 -0.023398 0.981247 114.037
0.98165 -0.00247495 0.190673 62.1929 -0.00247495 0.999666 0.0257177 0.256311 -0.190673 -0.0257177 0.981317 114.837
0.982153 -0.00274984 0.188062 62.3689 -0.00274984 0.999576 0.0289768 0.266262 -0.188062 -0.0289768 0.98173 115.649
0.982268 -0.00292609 0.187461 62.5257 -0.00292609 0.999517 0.0309338 0.287404 -0.187461 -0.0309338 0.981785 116.465
0.983016 -0.00312068 0.183491 62.724 -0.00312068 0.999427 0.0337159 0.289383 -0.183491 -0.0337159 0.982443 117.281
0.982689 -0.00245793 0.185248 62.8635 -0.00245793 0.999651 0.0263023 0.311278 -0.185248 -0.0263023 0.98234 118.111
0.982689 -0.00245793 0.185248 63.003 -0.00245793 0.999651 0.0263023 0.333173 -0.185248 -0.0263023 0.98234 118.941
0.982312 -0.00214718 0.187238 63.1363 -0.00214718 0.999739 0.0227295 0.354949 -0.187238 -0.0227295 0.982052 119.779
0.981852 -0.00216267 0.189638 63.295 -0.00216267 0.999742 0.0225985 0.363309 -0.189638 -0.0225985 0.981594 120.621
0.981055 -0.00220526 0.193719 63.438 -0.00220526 0.999743 0.022549 0.387527 -0.193719 -0.022549 0.980798 121.47
0.981141 -0.00216066 0.193279 63.6456 -0.00216066 0.999752 0.0221443 0.395039 -0.193279 -0.0221443 0.980894 122.306
0.980539 -0.0022296 0.19631 63.818 -0.0022296 0.999745 0.0224912 0.401989 -0.19631 -0.0224912 0.980284 123.161
0.980539 -0.0022296 0.19631 63.9903 -0.0022296 0.999745 0.0224912 0.408939 -0.19631 -0.0224912 0.980284 124.015
0.980463 -0.00221059 0.196691 64.1559 -0.00221059 0.99975 0.0222555 0.427532 -0.196691 -0.0222555 0.980213 124.873
0.98005 -0.00220756 0.19874 64.3193 -0.00220756 0.999756 0.0219912 0.439974 -0.19874 -0.0219912 0.979805 125.729
0.979563 -0.0024098 0.201123 64.4857 -0.0024098 0.999716 0.0237152 0.459834 -0.201123 -0.0237152 0.979279 126.586
0.979493 -0.00298559 0.201454 64.6652 -0.00298559 0.999565 0.02933 0.469105 -0.201454 -0.02933 0.979059 127.443
0.979416 -0.00334636 0.201825 64.84 -0.00334636 0.999456 0.0328107 0.476365 -0.201825 -0.0328107 0.978872 128.295
0.979157 -0.00149463 0.203097 65.0121 -0.00149463 0.999893 0.0145642 0.483886 -0.203097 -0.0145642 0.97905 129.119
0.979157 -0.00149463 0.203097 65.1842 -0.00149463 0.999893 0.0145642 0.491407 -0.203097 -0.0145642 0.97905 129.943
0.979125 -0.000670963 0.203257 65.3521 -0.000670963 0.999978 0.00653313 0.496341 -0.203257 -0.00653313 0.979104 130.765
0.979226 -0.00156584 0.202766 65.5215 -0.00156584 0.999882 0.0152834 0.50587 -0.202766 -0.0152834 0.979108 131.602
0.979499 -0.00367807 0.201416 65.6914 -0.00367807 0.99934 0.0361357 0.511601 -0.201416 -0.0361357 0.978839 132.455
0.97959 -0.00514542 0.200941 65.8558 -0.00514542 0.998703 0.0506575 0.517529 -0.200941 -0.0506575 0.978293 133.301
0.979598 -0.00449817 0.200917 66.0073 -0.00449817 0.999008 0.0442974 0.537224 -0.200917 -0.0442974 0.978606 134.12
0.979816 -0.00275365 0.199884 66.1529 -0.00275365 0.999624 0.0272692 0.561661 -0.199884 -0.0272692 0.97944 134.926
0.979455 -0.00196314 0.201651 66.2799 -0.00196314 0.999812 0.0192689 0.586943 -0.201651 -0.0192689 0.979268 135.739
0.979185 -0.00187216 0.202961 66.4223 -0.00187216 0.999832 0.018255 0.608289 -0.202961 -0.018255 0.979017 136.557
0.978602 -0.00186123 0.205752 66.5328 -0.00186123 0.999838 0.0178969 0.625031 -0.205752 -0.0178969 0.97844 137.382
0.978367 -0.00175341 0.20687 66.6515 -0.00175341 0.999858 0.0167672 0.621999 -0.20687 -0.0167672 0.978225 138.195
0.979639 -0.00158634 0.200762 66.8235 -0.00158634 0.999876 0.0156413 0.62063 -0.200762 -0.0156413 0.979515 138.995
0.980402 -0.00127622 0.197002 66.967 -0.00127622 0.999917 0.0128289 0.620168 -0.197002 -0.0128289 0.980319 139.799
0.980402 -0.00127622 0.197002 67.1105 -0.00127622 0.999917 0.0128289 0.619706 -0.197002 -0.0128289 0.980319 140.604
0.979965 -0.00167571 0.199163 67.2199 -0.00167571 0.99986 0.0166577 0.593957 -0.199163 -0.0166577 0.979825 141.417
0.980169 -0.00213465 0.19815 67.3754 -0.00213465 0.99977 0.0213296 0.600277 -0.19815 -0.0213296 0.97994 142.222
0.980713 -0.00214103 0.19544 67.5448 -0.00214103 0.999762 0.021696 0.607282 -0.19544 -0.021696 0.980476 143.017
0.981323 -0.00187579 0.192359 67.7047 -0.00187579 0.999812 0.019319 0.610847 -0.192359 -0.019319 0.981134 143.812
0.982086 -0.00153225 0.188425 67.8406 -0.00153225 0.999869 0.016117 0.622612 -0.188425 -0.016117 0.981955 144.603
0.983348 -0.00143663 0.181729 67.9948 -0.00143663 0.999876 0.015678 0.626427 -0.181729 -0.015678 0.983224 145.399
0.984643 -0.00194959 0.174567 68.1057 -0.00194959 0.999752 0.0221621 0.623844 -0.174567 -0.0221621 0.984396 146.207
0.985571 -0.0026 0.169242 68.2227 -0.0026 0.999531 0.0304963 0.626956 -0.169242 -0.0304963 0.985103 147.017
0.986117 -0.00332798 0.166021 68.3307 -0.00332798 0.999202 0.0397968 0.638177 -0.166021 -0.0397968 0.985319 147.828
0.986873 -0.00324937 0.161465 68.4552 -0.00324937 0.999196 0.0399681 0.669854 -0.161465 -0.0399681 0.986069 148.629
0.987479 -0.00276144 0.157724 68.561 -0.00276144 0.999391 0.0347862 0.685147 -0.157724 -0.0347862 0.98687 149.424
0.98852 -0.00185637 0.151082 68.6705 -0.00185637 0.9997 0.0244296 0.701018 -0.151082 -0.0244296 0.988219 150.213
0.989267 -0.00149813 0.146113 68.7667 -0.00149813 0.999791 0.0203943 0.706415 -0.146113 -0.0203943 0.989058 151.013
0.989966 -0.00146894 0.141296 68.8467 -0.00146894 0.999785 0.0206858 0.724605 -0.141296 -0.0206858 0.989751 151.825
0.991004 -0.0015459 0.13382 68.9407 -0.0015459 0.999734 0.0229971 0.728443 -0.13382 -0.0229971 0.990739 152.642
0.991827 -0.00128678 0.127586 69.0038 -0.00128678 0.999797 0.0200867 0.734794 -0.127586 -0.0200867 0.991624 153.457
0.993046 -0.000812203 0.117723 69.0901 -0.000812203 0.999905 0.0137499 0.738777 -0.117723 -0.0137499 0.992951 154.265
0.993983 -0.000619993 0.109534 69.1726 -0.000619993 0.999936 0.0112861 0.746059 -0.109534 -0.0112861 0.993919 155.077
0.99483 -0.000703584 0.101556 69.2457 -0.000703584 0.999904 0.0138196 0.752809 -0.101556 -0.0138196 0.994734 155.897
0.995632 -0.000960335 0.0933558 69.3188 -0.000960335 0.999789 0.0205266 0.753804 -0.0933558 -0.0205266 0.995421 156.722
0.996345 -0.00109143 0.0854143 69.3692 -0.00109143 0.999674 0.0255054 0.759175 -0.0854143 -0.0255054 0.996019 157.551
0.996921 -0.00111882 0.078406 69.4186 -0.00111882 0.999593 0.0284895 0.769491 -0.078406 -0.0284895 0.996514 158.375
0.997432 -0.00108909 0.0716098 69.4763 -0.00108909 0.999538 0.0303713 0.781148 -0.0716098 -0.0303713 0.99697 159.197
0.997696 -0.000982936 0.0678426 69.5182 -0.000982936 0.999581 0.0289375 0.783829 -0.0678426 -0.0289375 0.997276 160.02
0.998048 -0.000741225 0.0624402 69.5703 -0.000741225 0.999718 0.0237154 0.787622 -0.0624402 -0.0237154 0.997767 160.839
0.99824 -0.000485492 0.0593098 69.6014 -0.000485492 0.999866 0.0163559 0.800199 -0.0593098 -0.0163559 0.998106 161.657
0.998407 -0.000379301 0.0564265 69.6386 -0.000379301 0.99991 0.0134328 0.813726 -0.0564265 -0.0134328 0.998316 162.473
0.998589 -0.000495108 0.0530927 69.6769 -0.000495108 0.999826 0.0186359 0.827174 -0.0530927 -0.0186359 0.998416 163.308
0.998715 -0.000731617 0.0506715 69.708 -0.000731617 0.999583 0.0288523 0.835737 -0.0506715 -0.0288523 0.998299 164.148
0.99889 -0.000842747 0.0471031 69.7404 -0.000842747 0.99936 0.0357518 0.846089 -0.0471031 -0.0357518 0.99825 164.983
0.999072 -0.000697106 0.043071 69.7594 -0.000697106 0.999476 0.0323466 0.858074 -0.043071 -0.0323466 0.998548 165.807
0.999282 -0.000427746 0.0378963 69.783 -0.000427746 0.999745 0.0225635 0.872203 -0.0378963 -0.0225635 0.999027 166.622
0.999539 -0.00026717 0.0303593 69.8175 -0.00026717 0.999845 0.0175951 0.890153 -0.0303593 -0.0175951 0.999384 167.439
0.999738 -0.000219202 0.0228943 69.8274 -0.000219202 0.999817 0.0191448 0.897557 -0.0228943 -0.0191448 0.999555 168.267
0.999884 -0.000193863 0.0152485 69.8309 -0.000193863 0.999677 0.0254215 0.901458 -0.0152485 -0.0254215 0.999561 169.102
0.999974 -9.74464e-005 0.00719057 69.8503 -9.74464e-005 0.999633 0.0270986 0.944383 -0.00719057 -0.0270986 0.999607 169.937
1 -1.45225e-005 0.000941387 69.8636 -1.45225e-005 0.999524 0.030846 0.965311 -0.000941387 -0.030846 0.999524 170.778
0.999991 6.19199e-005 -0.00417019 69.8423 6.19199e-005 0.999559 0.0296897 0.991431 0.00417019 -0.0296897 0.99955 171.62
0.999942 0.000122104 -0.010802 69.8359 0.000122104 0.999744 0.022604 0.997819 0.010802 -0.022604 0.999686 172.457
0.999838 0.000109852 -0.0179847 69.8211 0.000109852 0.999925 0.0122148 1.00738 0.0179847 -0.0122148 0.999764 173.286
0.999717 9.46916e-005 -0.0237789 69.8007 9.46916e-005 0.999968 0.00796309 1.01489 0.0237789 -0.00796309 0.999686 174.118
0.999542 0.000236104 -0.0302681 69.7954 0.000236104 0.999878 0.0155964 0.998744 0.0302681 -0.0155964 0.99942 174.971
0.999371 0.000514107 -0.0354556 69.7491 0.000514107 0.99958 0.0289848 1.00927 0.0354556 -0.0289848 0.998951 175.831
0.999214 0.000730575 -0.0396278 69.6943 0.000730575 0.999321 0.0368448 1.01712 0.0396278 -0.0368448 0.998535 176.685
0.999036 0.000737666 -0.0438923 69.6616 0.000737666 0.999436 0.0335869 1.03341 0.0438923 -0.0335869 0.998472 177.529
0.998965 0.000518748 -0.0454896 69.6101 0.000518748 0.99974 0.0227926 1.04857 0.0454896 -0.0227926 0.998705 178.366
0.998871 0.000329475 -0.0474983 69.5379 0.000329475 0.999904 0.0138646 1.0616 0.0474983 -0.0138646 0.998775 179.202
0.998813 0.000251067 -0.0487145 69.4787 0.000251067 0.999947 0.0103013 1.0668 0.0487145 -0.0103013 0.99876 180.048
0.998688 0.000364138 -0.0512064 69.4433 0.000364138 0.999899 0.0142123 1.07914 0.0512064 -0.0142123 0.998587 180.906
0.998669 0.000594152 -0.0515729 69.401 0.000594152 0.999735 0.0230229 1.08291 0.0515729 -0.0230229 0.998404 181.768
0.99864 0.000738573 -0.0521325 69.3588 0.000738573 0.999599 0.0283095 1.0961 0.0521325 -0.0283095 0.998239 182.631
0.998518 0.000735494 -0.0544091 69.3183 0.000735494 0.999635 0.0270107 1.11223 0.0544091 -0.0270107 0.998153 183.487
0.998428 0.000491102 -0.0560415 69.2676 0.000491102 0.999847 0.0175113 1.12219 0.0560415 -0.0175113 0.998275 184.335
0.998309 0.000157415 -0.0581378 69.2304 0.000157415 0.999985 0.00541061 1.12503 0.0581378 -0.00541061 0.998294 185.18
0.997979 3.80622e-005 -0.0635524 69.2407 3.80622e-005 0.999999 0.00119661 1.12473 0.0635524 -0.00119661 0.997978 186.03
0.997842 0.000567021 -0.0656619 69.1777 0.000567021 0.999851 0.017251 1.12054 0.0656619 -0.017251 0.997693 186.89
0.997842 0.000567021 -0.0656619 69.1147 0.000567021 0.999851 0.017251 1.11636 0.0656619 -0.017251 0.997693 187.751
0.997691 0.000693567 -0.0679191 69.059 0.000693567 0.999792 0.0203976 1.11725 0.0679191 -0.0203976 0.997482 188.601
0.9978 0.000529259 -0.0663 68.9771 0.000529259 0.999873 0.015947 1.12453 0.0663 -0.015947 0.997672 189.437
0.997674 0.000319817 -0.0681715 68.9332 0.000319817 0.999956 0.00937158 1.13181 0.0681715 -0.00937158 0.99763 190.273
0.997685 0.000316453 -0.0680113 68.8642 0.000316453 0.999957 0.00929493 1.13309 0.0680113 -0.00929493 0.997641 191.111
