0.999993 -0.00137303 -0.00338692 -0.00590868 0.00136543 0.999997 -0.0022434 -0.00116763 0.00338999 0.00223876 0.999992 0.65323
0.999975 -0.00228074 -0.00671158 -0.00891958 0.00225553 0.99999 -0.003761 0.00116719 0.00672009 0.00374576 0.99997 0.638363
0.999942 0.00111478 -0.0106823 -0.0180354 -0.00117755 0.999982 -0.00587245 -0.00166564 0.0106756 0.00588469 0.999926 0.665163
0.99987 0.000653044 -0.0161187 -0.0123128 -0.000751308 0.999981 -0.006091 -0.00558844 0.0161144 0.00610232 0.999852 0.675251
0.999786 -0.000806301 -0.0206675 -0.018239 0.000674418 0.999979 -0.00638733 -0.0107899 0.0206722 0.00637203 0.999766 0.684838
0.999717 0.00125707 -0.0237747 -0.0297048 -0.00142484 0.999974 -0.00704118 -0.0149918 0.0237652 0.00707306 0.999693 0.712014
0.999553 0.00381736 -0.0296613 -0.0197024 -0.00407179 0.999955 -0.00852211 -0.00262446 0.0296274 0.00863907 0.999524 0.707818
0.999387 0.000710383 -0.0349906 -0.0256306 -0.000956175 0.999975 -0.00700828 -0.00364982 0.0349847 0.00703745 0.999363 0.721314
0.99925 -0.000604765 -0.0387073 -0.0353417 0.000478475 0.999995 -0.00327188 -0.0161437 0.0387091 0.00325091 0.999245 0.743447
0.999089 -0.00149906 -0.0426424 -0.0315241 0.00144765 0.999998 -0.00123636 -0.0103207 0.0426442 0.0011735 0.99909 0.751876
0.999046 0.00166994 -0.0436315 -0.0230991 -0.00173541 0.999997 -0.00146257 -0.000116098 0.0436289 0.0015369 0.999047 0.200465
0.998868 0.00222057 -0.0475061 -0.0168714 -0.0022879 0.999996 -0.001363 -0.00713616 0.0475029 0.00147015 0.99887 0.479133
0.998808 -0.00458104 -0.0485991 -0.0483722 0.00444525 0.999986 -0.00290193 -0.00107844 0.0486117 0.00268244 0.998814 0.948849
0.998841 -0.000339482 -0.0481203 -0.00932162 0.000261896 0.999999 -0.00161861 -0.00549316 0.0481208 0.00160414 0.99884 0.114159
0.998622 -0.00261308 -0.052417 -0.0561607 0.00248173 0.999994 -0.00257076 -0.00955586 0.0524234 0.00243713 0.998622 1.1546
0.998675 0.00150159 -0.0514358 -0.00525614 -0.00172053 0.99999 -0.00421262 -0.0031043 0.0514289 0.00429553 0.998667 0.0327018
0.99848 0.0032479 -0.0550174 -0.0419157 -0.00364026 0.999969 -0.00703275 -0.00112753 0.0549929 0.00722234 0.998461 0.585583
0.998392 0.00346781 -0.0565879 -0.0587785 -0.0039292 0.99996 -0.00804438 -0.0170336 0.0565577 0.00825379 0.998365 0.943464
0.998467 0.00614765 -0.0550007 -0.00656848 -0.00663739 0.99994 -0.00872596 0.00111762 0.0549438 0.00907765 0.998448 0.140708
0.99829 0.00337406 -0.0583531 -0.0615643 -0.00374337 0.999974 -0.0062207 -0.0226303 0.0583306 0.0064285 0.998277 1.14985
0.998374 0.00182875 -0.0569769 -0.0558063 -0.0021399 0.999983 -0.00540042 -0.00851723 0.0569661 0.00551356 0.998361 0.663405
0.998301 -0.00465996 -0.0580734 -0.0662452 0.00435255 0.999976 -0.00541887 -0.00589777 0.0580973 0.0051569 0.998298 0.914609
0.998162 -0.000951201 -0.0605901 -0.0100418 0.000570691 0.99998 -0.00629705 -0.00233279 0.0605949 0.0062509 0.998143 0.165393
0.99824 -0.000709909 -0.0592909 -0.0797983 0.000284152 0.999974 -0.00718893 -0.0179565 0.0592945 0.00715943 0.998215 1.13947
0.997977 -0.00396682 -0.0634584 0.00437628 0.00359196 0.999975 -0.00602018 0.00204373 0.0634807 0.00578006 0.997966 0.0538892
0.998253 0.00240458 -0.0590348 -0.0495929 -0.0025644 0.999993 -0.00263157 -0.00854073 0.0590281 0.00277836 0.998252 0.590881
0.998136 0.00452874 -0.0608628 -0.0167604 -0.00445265 0.999989 0.00138587 -0.00326384 0.0608684 -0.00111229 0.998145 0.347858
0.998326 0.000213538 -0.0578345 -0.0306529 9.75456e-006 0.999993 0.00386059 -0.00174565 0.0578349 -0.00385469 0.998319 0.474576
0.998527 0.00237256 -0.0542074 -0.019074 -0.00212286 0.999987 0.0046635 -0.00602065 0.0542178 -0.00454156 0.998519 0.436345
0.998515 0.0018749 -0.054452 -0.030992 -0.00175868 0.999996 0.00218227 0.000456714 0.0544559 -0.00208327 0.998514 0.452686
0.998531 0.00463602 -0.0539917 -0.0227073 -0.00478994 0.999985 -0.00272171 -0.0069599 0.0539782 0.00297633 0.998538 0.459667
0.998745 0.00303972 -0.0499996 -0.0356742 -0.00334699 0.999976 -0.00606293 -0.00248771 0.04998 0.00622267 0.998731 0.451796
0.998661 -0.00405719 -0.0515675 -0.0109158 0.00381965 0.999982 -0.00470399 -0.00825555 0.0515856 0.00450072 0.998658 0.441703
0.998672 -0.00516324 -0.0512612 -0.0292783 0.00517842 0.999987 0.000163464 -0.00409215 0.0512596 -0.000428699 0.998685 0.451249
0.998588 -0.00597496 -0.0527923 -0.0484961 0.00616926 0.999975 0.00351821 -0.0219955 0.0527699 -0.00383893 0.998599 1.12709
0.998407 -0.014011 -0.054655 -0.0325941 0.0141719 0.999896 0.00255839 -0.00583351 0.0546135 -0.00332889 0.998502 0.797678
0.998509 -0.007605 -0.054051 -0.0201754 0.00753612 0.999971 -0.00147815 -0.000447232 0.0540606 0.00106861 0.998537 0.280731
0.99836 -0.00125211 -0.0572305 -0.0316616 0.000945518 0.999985 -0.00538387 -0.00675659 0.0572364 0.00532093 0.998346 0.528928
0.998298 0.00161689 -0.0582952 -0.065435 -0.001959 0.999981 -0.00581188 -0.0170008 0.0582847 0.00591619 0.998282 1.06369
0.99824 0.00117577 -0.0592934 9.77977e-005 -0.00145173 0.999988 -0.0046113 -0.00472403 0.0592873 0.00468926 0.99823 0.117978
0.998239 0.00401018 -0.0591907 -0.0929658 -0.00412297 0.99999 -0.00178347 -0.0224242 0.0591829 0.00202437 0.998245 1.23845
0.998173 0.00257097 -0.0603653 0.0109867 -0.00261227 0.999996 -0.000605237 0.000508837 0.0603635 0.000761822 0.998176 0.0487922
0.998126 0.000638379 -0.061187 -0.0578278 -0.000498542 0.999997 0.00230064 -0.00779077 0.0611883 -0.00226582 0.998124 0.653075
0.998064 0.00103387 -0.062187 -0.0119522 -0.000702934 0.999985 0.00534329 -0.00745526 0.0621916 -0.00528923 0.99805 0.34666
0.998109 0.00603979 -0.061174 -0.0985576 -0.00554808 0.999951 0.00820454 -0.00569959 0.0612206 -0.00784962 0.998093 1.20437
0.998026 0.00601882 -0.0625094 0.00958894 -0.00555206 0.999955 0.00763805 -0.00454714 0.0625526 -0.00727592 0.998015 0.0911911
0.998017 -0.00313824 -0.0628718 -0.047423 0.00348132 0.99998 0.00534788 0.0025805 0.0628537 -0.00555615 0.998007 0.662641
0.998075 0.00227203 -0.0619794 -0.0256632 -0.00203499 0.99999 0.00388738 -0.0097572 0.0619877 -0.00375377 0.99807 0.379948
0.997991 0.0011721 -0.0633495 -0.0824333 -0.000976163 0.999995 0.00312387 -0.00771914 0.0633528 -0.00305576 0.997987 1.23766
0.998005 -0.00153675 -0.0631222 -0.0239155 0.00179621 0.99999 0.0040539 -0.00352799 0.0631154 -0.0041592 0.997998 0.0945587
0.997841 -0.0013934 -0.0656619 -0.0319575 0.00174084 0.999985 0.00523448 -0.00849961 0.0656536 -0.00533748 0.997828 0.660467
0.997912 0.00262894 -0.0645338 -0.0403285 -0.00248983 0.999994 0.00223591 -0.00341808 0.0645394 -0.00207057 0.997913 0.382452
0.997749 0.00309339 -0.0669899 -0.0394577 -0.0032232 0.999993 -0.00182975 -0.0057308 0.0669837 0.00204155 0.997752 0.508109
0.99787 0.000813952 -0.0652263 -0.0318486 -0.00102241 0.999994 -0.00316265 -0.00669727 0.0652234 0.0032226 0.997865 0.428413
0.997868 0.00011405 -0.0652596 -0.0817708 -6.85655e-005 1 0.000699221 -0.0236544 0.0652596 -0.000693256 0.997868 1.159
0.997852 -0.00245405 -0.0654567 -0.00240036 0.00268706 0.99999 0.00347192 0.00336232 0.0654475 -0.00364035 0.997849 0.0907007
0.99778 -0.00464145 -0.066433 -0.0873906 0.00495506 0.999977 0.00455665 -0.020174 0.0664103 -0.00487572 0.99778 1.29553
0.997843 -0.00350012 -0.06555 -0.045021 0.00369133 0.999989 0.00279618 -0.0112245 0.0655395 -0.00303211 0.997845 0.699171
0.997785 -0.00512451 -0.0663301 -0.0689677 0.00522097 0.999986 0.00128096 -0.0169131 0.0663226 -0.00162443 0.997797 0.995555
0.997663 -0.00512559 -0.068135 -0.0631157 0.00529289 0.999983 0.00227501 0.00167337 0.0681222 -0.00263033 0.997674 0.85508
0.997591 -0.00633197 -0.0690773 -0.0520952 0.00679552 0.999956 0.00647776 -0.0157062 0.0690332 -0.00693157 0.99759 0.906379
0.997613 -0.00443919 -0.0689096 -0.0592407 0.00518551 0.99993 0.0106553 0.00136765 0.0688575 -0.0109872 0.997566 0.870727
0.997653 0.00484096 -0.0682969 -0.0224879 -0.00387302 0.99989 0.0142979 -0.0029812 0.0683586 -0.0139998 0.997563 0.247754
0.997422 0.00383469 -0.0716499 -0.0442079 -0.003161 0.99995 0.00951357 -0.00323033 0.0716828 -0.00926256 0.997384 0.568275
0.997378 0.00502506 -0.0721929 -0.0321611 -0.00489492 0.999986 0.00197946 -0.00214763 0.0722018 -0.00162089 0.997389 0.402328
0.997258 0.0044091 -0.0738771 -0.0919301 -0.00460939 0.999986 -0.00254079 -0.0105679 0.0738649 0.00287435 0.997264 1.18575
0.997102 0.00353361 -0.0759964 0.00599141 -0.00369146 0.999991 -0.00193678 -0.00362778 0.0759889 0.00221171 0.997106 0.0632393
0.997014 0.00487197 -0.0770658 -0.0555326 -0.00483904 0.999988 0.000614087 -0.00890534 0.0770679 -0.000239329 0.997026 0.6136
0.996959 0.00525383 -0.0777452 -0.0237042 -0.00509068 0.999984 0.0022965 -0.00987606 0.0777561 -0.00189374 0.996971 0.332849
0.997141 0.0078481 -0.0751563 -0.125391 -0.0076608 0.999967 0.00278007 -0.0174843 0.0751756 -0.00219636 0.997168 1.08561
0.996531 0.00107523 -0.0832193 0.00808069 -0.000787587 0.999994 0.00348924 -0.00282185 0.0832225 -0.00341159 0.996525 0.0836199
0.996554 -0.000789381 -0.0829435 -0.0625339 0.00113163 0.999991 0.00407931 -0.0167263 0.0829396 -0.00415911 0.996546 0.573281
0.996509 0.00153109 -0.0834751 -0.0822385 -0.00112997 0.999988 0.00485231 -0.0105557 0.0834814 -0.00474104 0.996498 0.955598
0.99649 0.00240992 -0.0836781 -0.0851211 -0.00194405 0.999982 0.0056485 -0.0053875 0.0836902 -0.005466 0.996477 0.760024
0.996313 0.00215618 -0.0857621 -0.0760344 -0.00143521 0.999963 0.00846746 -0.003474 0.0857772 -0.00831316 0.99628 0.820072
0.996191 0.00433875 -0.0870932 -0.0774494 -0.00321587 0.99991 0.0130291 -0.00530428 0.0871419 -0.0126993 0.996115 0.790048
0.996133 0.00578515 -0.0876639 -0.0267867 -0.00451318 0.999882 0.0147008 -0.000476446 0.0877386 -0.0142483 0.996042 0.199155
0.995966 0.00676624 -0.0894715 -0.119852 -0.00582279 0.999925 0.0108015 -0.00838824 0.0895379 -0.010237 0.995931 1.087
0.995933 0.00377921 -0.0900148 -0.0502594 -0.00346519 0.999987 0.00364454 -0.0108997 0.0900275 -0.0033178 0.995934 0.650353
0.995858 -0.0012883 -0.0909179 -0.031098 0.00107388 0.999997 -0.00240718 -0.00168632 0.0909207 0.00229957 0.995855 0.254849
0.995915 0.000648466 -0.0902944 -0.0541852 -0.000871326 0.999997 -0.00242875 -0.00530704 0.0902925 0.0024975 0.995912 0.436004
0.995799 0.00505595 -0.0914305 -0.0321034 -0.00501 0.999987 0.000732053 -0.00640471 0.091433 -0.00027091 0.995811 0.331533
0.995567 0.000399085 -0.0940524 -0.0299793 -7.47984e-005 0.999994 0.00345144 -0.00837773 0.0940532 -0.0034291 0.995561 0.369911
0.995497 -0.00264198 -0.0947525 -0.0380799 0.00264894 0.999996 -5.23364e-005 -0.00652564 0.0947523 -0.000198893 0.995501 0.33495
0.995604 -0.0107398 -0.0930459 -0.0239269 0.0102023 0.999928 -0.00625071 -0.00886105 0.0931064 0.00527395 0.995642 0.338261
0.995595 -0.0113239 -0.0930713 -0.0370314 0.0103127 0.999883 -0.0113386 -0.0035477 0.0931888 0.0103289 0.995595 0.321093
0.996077 -0.00220587 -0.0884636 -0.0240553 0.0011697 0.99993 -0.0117631 -0.00217528 0.0884833 0.0116135 0.99601 0.315234
0.996518 0.00773381 -0.0830181 -0.0387519 -0.00844439 0.999931 -0.00821155 -0.00572051 0.0829488 0.008884 0.996514 0.30221
0.996776 0.00268366 -0.0801924 -0.0197577 -0.00317599 0.999977 -0.00601238 -0.00693238 0.0801744 0.00624769 0.996761 0.294833
0.997273 -0.00587272 -0.0735679 -0.0194572 0.00577948 0.999982 -0.00148023 -0.00603157 0.0735753 0.00105101 0.997289 0.284273
0.997799 -0.00817164 -0.0658123 -0.0131889 0.00829171 0.999964 0.00155151 -0.0073072 0.0657972 -0.00209379 0.997831 0.274893
0.998497 -0.00119749 -0.0547915 -0.013676 0.0013131 0.999997 0.00207407 -0.00348458 0.0547888 -0.0021429 0.998496 0.264758
0.999173 0.00713215 -0.0400381 -0.0114218 -0.00708455 0.999974 0.00133073 -0.00332459 0.0400466 -0.00104597 0.999197 0.254943
0.999716 0.00833794 -0.0223253 0.00351217 -0.008293 0.999963 0.00210492 -0.00311474 0.022342 -0.00191918 0.999749 0.245911
0.999996 0.0029058 7.68628e-005 0.012297 -0.00290602 0.999991 0.00301153 -0.00253511 -6.81112e-005 -0.00301174 0.999995 0.246011
0.999673 -0.00635481 0.0247498 0.0302735 0.00624856 0.999971 0.00436803 -0.00832001 -0.0247768 -0.00421196 0.999684 0.585715
0.998464 -0.00395264 0.0552592 0.0164163 0.0036106 0.999974 0.00628823 -0.00043984 -0.0552826 -0.00607905 0.998452 0.0612517
0.996159 -0.00226474 0.0875351 0.0754162 0.00158217 0.999968 0.00786631 -0.00791188 -0.0875501 -0.0076976 0.99613 0.67
0.992019 0.00139275 0.126078 0.0677402 -0.00250788 0.999959 0.00868652 -0.0019972 -0.12606 -0.00893338 0.991982 0.359544
0.985778 0.000621051 0.168052 0.101343 -0.00213051 0.999959 0.00880195 -0.00291586 -0.168039 -0.0090348 0.985739 0.502771
0.977517 -0.00462732 0.210808 0.146938 0.00262116 0.999949 0.00979498 -0.0064511 -0.210842 -0.00902219 0.977479 0.415263
0.964968 -0.00012599 0.262369 0.141716 -0.00199254 0.999968 0.00780857 -0.00789502 -0.262361 -0.0080578 0.964936 0.433099
0.950295 -0.000477717 0.311352 0.169949 -0.00131218 0.999984 0.00553927 -0.00581059 -0.31135 -0.00567249 0.950279 0.396149
0.929805 -0.00168597 0.368047 0.193651 3.43888e-005 0.99999 0.00449392 -0.00165055 -0.368051 -0.00416581 0.929796 0.38443
0.905634 -0.00174138 0.424058 0.217951 0.000569962 0.999996 0.00288922 -0.00012112 -0.424061 -0.00237488 0.905631 0.349985
0.877181 -0.00260586 0.480152 0.239155 0.00206523 0.999996 0.00165419 0.00177213 -0.480155 -0.000459399 0.877184 0.329216
0.843353 -0.00416189 0.537343 0.260253 0.00377814 0.999991 0.00181549 -0.00265253 -0.537346 0.000499064 0.843362 0.314424
0.807682 -0.00586988 0.589588 0.277464 0.00484131 0.999983 0.00332356 -0.0154061 -0.589598 0.000169999 0.807697 0.270315
0.767091 -0.00267678 0.641533 0.288074 0.000642635 0.999994 0.00340404 -0.000329264 -0.641538 -0.00219894 0.767088 0.274624
0.725816 -0.00146957 0.687888 0.306637 -0.00377105 0.999974 0.00611526 -0.000928576 -0.687879 -0.00703261 0.725791 0.252973
0.68076 -0.0017801 0.732504 0.306977 -0.00419474 0.999971 0.00632851 -0.00490798 -0.732495 -0.00738086 0.680733 0.215568
0.635325 -0.00719251 0.772211 0.343495 0.000898703 0.999963 0.00857443 0.000727671 -0.772244 -0.00475356 0.635308 0.204748
0.588239 -0.0124147 0.808592 0.0866974 0.00476583 0.999918 0.0118851 0.00219105 -0.808673 -0.00313769 0.58825 0.0380301
0.542574 -0.0080866 0.839969 0.47856 -0.00105137 0.999946 0.0103059 -0.00804687 -0.840008 -0.00647481 0.542536 0.243287
0.495879 -0.000925198 0.868391 0.299372 -0.00870647 0.999944 0.00603703 0.000326652 -0.868348 -0.0105543 0.495843 0.131871
0.450072 -0.00227478 0.892989 0.39578 -0.00467224 0.999977 0.00490216 7.08192e-005 -0.89298 -0.00637859 0.450051 0.164226
