0.999997 -3.97994e-006 0.00236058 -0.0749595 -3.97994e-006 0.999994 0.00337199 -0.0323496 -0.00236058 -0.00337199 0.999992 1.52717
0.999995 -6.78638e-006 0.00315708 -0.124474 -6.78638e-006 0.999991 0.00429912 -0.057477 -0.00315708 -0.00429912 0.999986 3.11289
0.999999 -2.58836e-006 0.00127448 -0.162249 -2.58836e-006 0.999992 0.00406182 -0.0640177 -0.00127448 -0.00406182 0.999991 4.74914
0.999999 -2.29604e-006 0.00116708 -0.219227 -2.29604e-006 0.999992 0.00393466 -0.0760372 -0.00116708 -0.00393466 0.999992 6.3981
1 1.55495e-006 -0.00067137 -0.207837 1.55495e-006 0.999989 0.00463215 -0.0959059 0.00067137 -0.00463215 0.999989 8.04795
0.999999 3.77994e-006 -0.00147169 -0.253693 3.77994e-006 0.999987 0.00513683 -0.115396 0.00147169 -0.00513683 0.999986 9.7327
0.999992 9.26849e-006 -0.0040232 -0.263407 9.26849e-006 0.999989 0.00460747 -0.136315 0.0040232 -0.00460747 0.999981 11.4121
0.999977 1.68765e-005 -0.00674006 -0.264147 1.68765e-005 0.999987 0.00500771 -0.161063 0.00674006 -0.00500771 0.999965 13.0927
0.99998 1.44251e-005 -0.00634161 -0.314154 1.44251e-005 0.99999 0.00454927 -0.170708 0.00634161 -0.00454927 0.99997 14.775
0.999974 1.7064e-005 -0.00726959 -0.335543 1.7064e-005 0.999989 0.00469455 -0.193482 0.00726959 -0.00469455 0.999963 16.4173
0.999996 8.03709e-006 -0.00298821 -0.423431 8.03709e-006 0.999986 0.00537915 -0.206773 0.00298821 -0.00537915 0.999981 18.0545
0.999995 8.76475e-006 -0.00307085 -0.448181 8.76475e-006 0.999984 0.0057083 -0.212894 0.00307085 -0.0057083 0.999979 19.6421
0.999987 1.61559e-005 -0.00508636 -0.435527 1.61559e-005 0.99998 0.00635252 -0.221135 0.00508636 -0.00635252 0.999967 21.206
0.999991 1.20145e-005 -0.00418282 -0.481978 1.20145e-005 0.999983 0.00574463 -0.224071 0.00418282 -0.00574463 0.999975 22.7791
0.999994 9.65743e-006 -0.00344221 -0.525183 9.65743e-006 0.999984 0.00561113 -0.233542 0.00344221 -0.00561113 0.999978 24.343
1 2.18074e-006 -0.00073591 -0.660077 2.18074e-006 0.999982 0.0059266 -0.228408 0.00073591 -0.0059266 0.999982 25.8091
1 5.62922e-007 -0.000196157 -0.67235 5.62922e-007 0.999984 0.00573945 -0.24027 0.000196157 -0.00573945 0.999984 27.3314
1 5.62922e-007 -0.000196157 -0.684623 5.62922e-007 0.999984 0.00573945 -0.252132 0.000196157 -0.00573945 0.999984 28.8536
0.999999 2.12271e-006 -0.00129456 -0.667402 2.12271e-006 0.999995 0.00327942 -0.257563 0.00129456 -0.00327942 0.999994 30.3392
0.999988 -1.14084e-005 0.00494772 -0.808861 -1.14084e-005 0.999989 0.00461154 -0.25625 -0.00494772 -0.00461154 0.999977 31.8543
0.999988 -1.14084e-005 0.00494772 -0.950319 -1.14084e-005 0.999989 0.00461154 -0.254936 -0.00494772 -0.00461154 0.999977 33.3693
0.999996 -8.73556e-006 0.00299624 -0.939509 -8.73556e-006 0.999983 0.00583095 -0.284708 -0.00299624 -0.00583095 0.999979 34.9383
0.999996 -8.73556e-006 0.00299624 -0.928699 -8.73556e-006 0.999983 0.00583095 -0.314479 -0.00299624 -0.00583095 0.999979 36.5072
0.999991 -9.19021e-006 0.00429707 -0.945427 -9.19021e-006 0.999991 0.00427739 -0.337365 -0.00429707 -0.00427739 0.999982 38.0329
0.999996 -5.66245e-006 0.00281409 -0.9138 -5.66245e-006 0.999992 0.00402433 -0.362175 -0.00281409 -0.00402433 0.999988 39.5301
0.999995 -4.79801e-006 0.00300441 -0.91053 -4.79801e-006 0.999995 0.00319397 -0.383975 -0.00300441 -0.00319397 0.99999 41.0095
0.999988 -1.06099e-005 0.00486854 -0.912149 -1.06099e-005 0.999991 0.00435852 -0.409453 -0.00486854 -0.00435852 0.999979 42.4591
0.999975 -2.36123e-005 0.00704346 -0.919658 -2.36123e-005 0.999978 0.00670458 -0.432383 -0.00704346 -0.00670458 0.999953 43.8795
0.999965 -3.27332e-005 0.00835662 -0.909418 -3.27332e-005 0.999969 0.00783381 -0.449115 -0.00835662 -0.00783381 0.999934 45.2947
0.999936 -4.77553e-005 0.0113314 -0.925678 -4.77553e-005 0.999964 0.0084284 -0.46201 -0.0113314 -0.0084284 0.9999 46.7155
0.999892 -5.7667e-005 0.0146627 -0.911644 -5.7667e-005 0.999969 0.00786526 -0.476586 -0.0146627 -0.00786526 0.999862 48.0735
0.999828 -5.5359e-005 0.0185484 -0.89769 -5.5359e-005 0.999982 0.00596858 -0.488905 -0.0185484 -0.00596858 0.99981 49.4242
0.999746 -4.56983e-005 0.0225155 -0.87505 -4.56983e-005 0.999992 0.00405875 -0.505037 -0.0225155 -0.00405875 0.999738 50.7665
0.999642 -6.16781e-005 0.0267631 -0.861694 -6.16781e-005 0.999989 0.00460833 -0.516575 -0.0267631 -0.00460833 0.999631 52.083
0.999459 -6.79983e-005 0.0328975 -0.85205 -6.79983e-005 0.999991 0.00413281 -0.525872 -0.0328975 -0.00413281 0.99945 53.3739
0.999152 -7.72852e-006 0.0411791 -0.907519 -7.72852e-006 1 0.000375202 -0.538593 -0.0411791 -0.000375202 0.999152 54.4791
0.998382 -4.60896e-005 0.0568627 -0.858255 -4.60896e-005 0.999999 0.00161977 -0.560804 -0.0568627 -0.00161977 0.998381 55.6345
0.998382 -4.60896e-005 0.0568627 -0.808991 -4.60896e-005 0.999999 0.00161977 -0.583014 -0.0568627 -0.00161977 0.998381 56.7899
0.997782 -7.18849e-005 0.0665722 -0.751724 -7.18849e-005 0.999998 0.00215721 -0.594314 -0.0665722 -0.00215721 0.997779 57.6493
0.996794 -7.38839e-005 0.080005 -0.71172 -7.38839e-005 0.999998 0.00184402 -0.602187 -0.080005 -0.00184402 0.996793 58.3428
0.995499 -9.88654e-005 0.094777 -0.656295 -9.88654e-005 0.999998 0.00208158 -0.611049 -0.094777 -0.00208158 0.995496 58.9984
0.993873 -0.000190573 0.110528 -0.578564 -0.000190573 0.999994 0.00343784 -0.622948 -0.110528 -0.00343784 0.993867 59.702
0.991772 -0.000296397 0.128019 -0.487185 -0.000296397 0.999989 0.00461145 -0.638871 -0.128019 -0.00461145 0.991761 60.4543
0.989129 -0.000280325 0.147052 -0.374796 -0.000280325 0.999993 0.00379185 -0.646788 -0.147052 -0.00379185 0.989121 61.2544
0.98592 -0.00027941 0.16722 -0.237265 -0.00027941 0.999994 0.00331828 -0.656606 -0.16722 -0.00331828 0.985914 62.1012
0.982227 -0.000382672 0.187698 -0.0671307 -0.000382672 0.999992 0.00404128 -0.667587 -0.187698 -0.00404128 0.982218 62.993
0.977826 -0.000765831 0.209416 0.134218 -0.000765831 0.999974 0.00723279 -0.68092 -0.209416 -0.00723279 0.9778 63.9295
0.972624 -0.00115738 0.232383 0.36939 -0.00115738 0.999951 0.00982441 -0.692611 -0.232383 -0.00982441 0.972575 64.9097
0.966685 -0.00138932 0.255967 0.640286 -0.00138932 0.999942 0.0106743 -0.701178 -0.255967 -0.0106743 0.966627 65.9269
0.959824 -0.00152953 0.280597 0.949801 -0.00152953 0.999942 0.0106827 -0.711383 -0.280597 -0.0106827 0.959766 66.9588
0.951684 -0.00188677 0.307074 1.2715 -0.00188677 0.999926 0.0119913 -0.720817 -0.307074 -0.0119913 0.95161 67.9808
0.942757 -0.0025289 0.333472 1.63583 -0.0025289 0.999888 0.0147321 -0.720207 -0.333472 -0.0147321 0.942645 68.9902
0.932843 -0.00342689 0.360268 2.04764 -0.00342689 0.999825 0.0183837 -0.713197 -0.360268 -0.0183837 0.932668 69.9962
0.921713 -0.00386952 0.387854 2.4803 -0.00386952 0.999809 0.0191705 -0.711928 -0.387854 -0.0191705 0.921521 70.9897
0.908972 -0.00332002 0.416844 2.9239 -0.00332002 0.999879 0.0152033 -0.719687 -0.416844 -0.0152033 0.908851 71.9654
0.895717 -0.00272965 0.444616 3.40995 -0.00272965 0.999929 0.011638 -0.716953 -0.444616 -0.011638 0.895646 72.9133
0.881063 -0.00264253 0.472992 3.88635 -0.00264253 0.999941 0.0105088 -0.721963 -0.472992 -0.0105088 0.881004 73.7979
0.864857 -0.00334353 0.502008 4.38355 -0.00334353 0.999917 0.01242 -0.723817 -0.502008 -0.01242 0.864774 74.6601
0.846329 -0.00414792 0.532644 4.90319 -0.00414792 0.999888 0.0143773 -0.727599 -0.532644 -0.0143773 0.846217 75.5039
0.82605 -0.00485542 0.563576 5.46772 -0.00485542 0.999864 0.0157309 -0.729516 -0.563576 -0.0157309 0.825914 76.3382
0.80406 -0.00278585 0.594542 6.07487 -0.00278585 0.99996 0.0084531 -0.732749 -0.594542 -0.0084531 0.80402 77.1752
0.781521 -0.000186591 0.623879 6.70218 -0.000186591 1 0.000532822 -0.73875 -0.623879 -0.000532822 0.781521 77.9745
0.759142 0.000390149 0.650925 7.34577 0.000390149 0.999999 -0.00105439 -0.743672 -0.650925 0.00105439 0.759141 78.6987
0.735357 -0.000551354 0.67768 7.99861 -0.000551354 0.999999 0.00141187 -0.754969 -0.67768 -0.00141187 0.735356 79.4042
0.710714 -0.000600826 0.703481 8.68223 -0.000600826 0.999999 0.00146108 -0.76978 -0.703481 -0.00146108 0.710713 80.0709
0.684886 0.000199074 0.72865 9.37316 0.000199074 1 -0.000460326 -0.7856 -0.72865 0.000460326 0.684886 80.7204
0.658648 0.000996403 0.75245 10.1182 0.000996403 0.999997 -0.0021964 -0.800815 -0.75245 0.0021964 0.658646 81.3588
0.631297 0.00234327 0.775538 10.8533 0.00234327 0.999985 -0.00492888 -0.812147 -0.775538 0.00492888 0.631282 81.9548
0.603368 0.00273671 0.797459 11.5997 0.00273671 0.999981 -0.00550235 -0.826847 -0.797459 0.00550235 0.603349 82.5117
0.575184 0.00564917 0.818005 12.3839 0.00564917 0.999925 -0.0108778 -0.850848 -0.818005 0.0108778 0.575109 83.032
0.54518 0.00912388 0.838269 13.1731 0.00912388 0.999817 -0.016816 -0.870185 -0.838269 0.016816 0.544997 83.5537
0.514002 0.012937 0.857692 13.9864 0.012937 0.999656 -0.0228313 -0.869723 -0.857692 0.0228313 0.513657 84.0548
0.48227 0.0162255 0.875872 14.7929 0.0162255 0.999491 -0.0274496 -0.891572 -0.875872 0.0274496 0.481762 84.4992
0.4499 0.0177242 0.892903 15.5934 0.0177242 0.999429 -0.0287694 -0.922758 -0.892903 0.0287694 0.449329 84.9066
0.416349 0.0207048 0.908969 16.4064 0.0207048 0.999266 -0.0322453 -0.955779 -0.908969 0.0322453 0.415615 85.3059
0.382837 0.0237641 0.92351 17.271 0.0237641 0.999085 -0.0355602 -0.994434 -0.92351 0.0355602 0.381922 85.662
0.34822 0.0296713 0.936943 18.1605 0.0296713 0.998649 -0.0426528 -1.03684 -0.936943 0.0426528 0.346869 86.0059
0.312582 0.0349233 0.949249 19.0454 0.0349233 0.998226 -0.0482252 -1.09303 -0.949249 0.0482252 0.310808 86.3141
0.277411 0.0382185 0.959991 19.9714 0.0382185 0.997979 -0.0507749 -1.14334 -0.959991 0.0507749 0.275389 86.5746
0.241006 0.0405678 0.969675 20.901 0.0405678 0.997832 -0.0518286 -1.19925 -0.969675 0.0518286 0.238838 86.8175
0.204961 0.0420149 0.977868 21.8411 0.0420149 0.99778 -0.0516768 -1.25786 -0.977868 0.0516768 0.202741 87.0228
0.169797 0.0423844 0.984567 22.8 0.0423844 0.997836 -0.0502651 -1.31333 -0.984567 0.0502651 0.167633 87.1804
0.134278 0.0375025 0.990234 23.7247 0.0375025 0.998375 -0.0428963 -1.36958 -0.990234 0.0428963 0.132653 87.3035
0.100357 0.0382066 0.994218 24.6987 0.0382066 0.998377 -0.0422231 -1.42036 -0.994218 0.0422231 0.0987345 87.3943
0.0673208 0.0408318 0.996896 25.6702 0.0408318 0.998212 -0.0436431 -1.46589 -0.996896 0.0436431 0.0655332 87.4639
0.0374234 0.0371098 0.99861 26.6604 0.0371098 0.998569 -0.038499 -1.50997 -0.99861 0.038499 0.0359927 87.4878
0.0116647 0.0375204 0.999228 27.6501 0.0375204 0.998576 -0.0379339 -1.55258 -0.999228 0.0379339 0.0102403 87.5062
-0.0106331 0.0384595 0.999204 28.6704 0.0384595 0.998536 -0.0380246 -1.59729 -0.999204 0.0380246 -0.0120967 87.4916
-0.0289833 0.0376198 0.998872 29.7271 0.0376198 0.998625 -0.0365189 -1.64068 -0.998872 0.0365189 -0.0303587 87.4641
-0.0455437 0.0367662 0.998286 30.832 0.0367662 0.998707 -0.0351044 -1.69629 -0.998286 0.0351044 -0.0468366 87.4062
-0.0604683 0.0342059 0.997584 31.9263 0.0342059 0.998897 -0.0321776 -1.73724 -0.997584 0.0321776 -0.0615716 87.3388
-0.0731771 0.0312131 0.99683 33.0346 0.0312131 0.999092 -0.0289925 -1.77786 -0.99683 0.0289925 -0.0740849 87.2517
-0.0829165 0.0254532 0.996231 34.1143 0.0254532 0.999402 -0.0234157 -1.82876 -0.996231 0.0234157 -0.0835148 87.1765
-0.0882535 0.0198473 0.9959 35.1594 0.0198473 0.999638 -0.018163 -1.86478 -0.9959 0.018163 -0.0886155 87.0681
-0.0910109 0.0163892 0.995715 36.2228 0.0163892 0.999754 -0.0149577 -1.8897 -0.995715 0.0149577 -0.0912571 86.9556
-0.0945542 0.0148158 0.995409 37.2429 0.0148158 0.999799 -0.0134738 -1.91658 -0.995409 0.0134738 -0.0947547 86.8685
-0.0967306 0.0122535 0.995235 38.2627 0.0122535 0.999863 -0.0111195 -1.93849 -0.995235 0.0111195 -0.0968675 86.7566
-0.0985672 0.0092191 0.995088 39.2879 0.0092191 0.999923 -0.00835071 -1.95185 -0.995088 0.00835071 -0.0986446 86.6444
-0.100472 0.00510116 0.994927 40.3273 0.00510116 0.999976 -0.00461191 -1.95925 -0.994927 0.00461191 -0.100496 86.5261
-0.102857 0.00330819 0.994691 41.3515 0.00330819 0.99999 -0.00298373 -1.97152 -0.994691 0.00298373 -0.102867 86.4208
-0.10493 0.000671634 0.994479 42.3889 0.000671634 1 -0.000604497 -1.98423 -0.994479 0.000604497 -0.10493 86.3088
-0.108932 -0.0013309 0.994048 43.4155 -0.0013309 0.999998 0.00119302 -2.00546 -0.994048 -0.00119302 -0.108934 86.2521
-0.114175 0.000304741 0.993461 44.4884 0.000304741 1 -0.000271724 -2.00872 -0.993461 0.000271724 -0.114175 86.1431
-0.114175 0.000304741 0.993461 45.5613 0.000304741 1 -0.000271724 -2.01198 -0.993461 0.000271724 -0.114175 86.0342
-0.116432 0.00184047 0.993197 46.697 0.00184047 0.999997 -0.00163732 -2.0218 -0.993197 0.00163732 -0.116435 85.8991
-0.119159 0.00322375 0.99287 47.7888 0.00322375 0.999991 -0.00285998 -2.03083 -0.99287 0.00285998 -0.119168 85.7901
-0.121364 0.00851501 0.992571 48.8406 0.00851501 0.999935 -0.00753703 -2.0401 -0.992571 0.00753703 -0.121429 85.6734
-0.12266 0.00788643 0.992417 49.8564 0.00788643 0.999945 -0.00697151 -2.05558 -0.992417 0.00697151 -0.122715 85.5402
-0.124765 0.0106397 0.992129 50.844 0.0106397 0.999899 -0.00938506 -2.06489 -0.992129 0.00938506 -0.124865 85.4141
-0.129411 0.0162365 0.991458 51.7429 0.0162365 0.999767 -0.0142533 -2.08369 -0.991458 0.0142533 -0.129645 85.2872
-0.129411 0.0162365 0.991458 52.6418 0.0162365 0.999767 -0.0142533 -2.1025 -0.991458 0.0142533 -0.129645 85.1604
-0.13159 0.0185311 0.991131 53.6163 0.0185311 0.999697 -0.0162309 -2.12243 -0.991131 0.0162309 -0.131894 85.0426
-0.132278 0.0150366 0.991099 54.6148 0.0150366 0.9998 -0.0131617 -2.13971 -0.991099 0.0131617 -0.132478 84.8965
-0.133834 0.0143724 0.9909 55.61 0.0143724 0.999818 -0.0125606 -2.16012 -0.9909 0.0125606 -0.134016 84.7817
-0.133723 0.013512 0.990927 56.6006 0.013512 0.999839 -0.0118101 -2.1715 -0.990927 0.0118101 -0.133884 84.6425
-0.132771 0.0174184 0.990994 57.6032 0.0174184 0.999732 -0.0152383 -2.19379 -0.990994 0.0152383 -0.133038 84.5044
-0.134194 0.0241691 0.99066 58.5967 0.0241691 0.999485 -0.0211104 -2.2212 -0.99066 0.0211104 -0.134709 84.4094
-0.134352 0.0288492 0.990514 59.5924 0.0288492 0.999266 -0.0251911 -2.25159 -0.990514 0.0251911 -0.135086 84.2858
-0.134821 0.0352913 0.990241 60.5978 0.0352913 0.998902 -0.030795 -2.28795 -0.990241 0.030795 -0.135919 84.174
-0.133969 0.0399594 0.99018 61.6146 0.0399594 0.998592 -0.0348925 -2.31961 -0.99018 0.0348925 -0.135377 84.034
-0.133333 0.0395891 0.99028 62.638 0.0395891 0.998617 -0.034592 -2.35453 -0.99028 0.034592 -0.134716 83.8782
-0.13382 0.0367012 0.990326 63.6895 0.0367012 0.998812 -0.0320563 -2.39581 -0.990326 0.0320563 -0.135008 83.7345
-0.134425 0.0316582 0.990418 64.7787 0.0316582 0.999117 -0.0276394 -2.4376 -0.990418 0.0276394 -0.135309 83.5873
-0.133667 0.0201814 0.990821 65.8996 0.0201814 0.999641 -0.0176385 -2.47668 -0.990821 0.0176385 -0.134026 83.4096
-0.133033 0.0125826 0.991032 67.0481 0.0125826 0.99986 -0.0110057 -2.5023 -0.991032 0.0110057 -0.133173 83.2465
-0.131035 0.00568372 0.991361 68.1754 0.00568372 0.999971 -0.00498182 -2.51371 -0.991361 0.00498182 -0.131064 83.0675
-0.129539 0.0028711 0.99157 69.2733 0.0028711 0.999993 -0.00252041 -2.51899 -0.99157 0.00252041 -0.129546 82.9071
-0.128622 0.00585822 0.991676 70.3449 0.00585822 0.99997 -0.00514739 -2.51929 -0.991676 0.00514739 -0.128653 82.7647
-0.127282 0.0067224 0.991844 71.4518 0.0067224 0.99996 -0.00591473 -2.52288 -0.991844 0.00591473 -0.127322 82.6115
-0.128263 0.0122098 0.991665 72.5953 0.0122098 0.999868 -0.0107315 -2.53416 -0.991665 0.0107315 -0.128395 82.4836
-0.127244 0.0124391 0.991793 73.7531 0.0124391 0.999863 -0.0109444 -2.54441 -0.991793 0.0109444 -0.127381 82.3276
-0.127437 0.0118579 0.991776 74.8829 0.0118579 0.999875 -0.0104311 -2.55928 -0.991776 0.0104311 -0.127562 82.1891
-0.127624 0.0125009 0.991744 75.9461 0.0125009 0.999861 -0.0109945 -2.57391 -0.991744 0.0109945 -0.127763 82.0625
-0.126518 0.0114665 0.991898 76.9888 0.0114665 0.999883 -0.0100962 -2.576 -0.991898 0.0100962 -0.126635 81.9207
-0.125751 0.00998344 0.992012 78.0021 0.00998344 0.999911 -0.00879741 -2.59047 -0.992012 0.00879741 -0.125839 81.7861
-0.127492 0.0129607 0.991755 79.0374 0.0129607 0.999851 -0.0114004 -2.61919 -0.991755 0.0114004 -0.127641 81.6782
-0.128195 0.0141132 0.991649 80.1153 0.0141132 0.999823 -0.0124051 -2.637 -0.991649 0.0124051 -0.128371 81.5641
-0.128726 0.0148621 0.991569 81.2054 0.0148621 0.999804 -0.0130561 -2.66238 -0.991569 0.0130561 -0.128921 81.4431
-0.128668 0.0160337 0.991558 82.2873 0.0160337 0.999772 -0.0140859 -2.68719 -0.991558 0.0140859 -0.128896 81.3088
-0.128961 0.017575 0.991494 83.3599 0.017575 0.999726 -0.015435 -2.71195 -0.991494 0.015435 -0.129235 81.1823
-0.129292 0.018518 0.991434 84.4549 0.018518 0.999696 -0.0162574 -2.74511 -0.991434 0.0162574 -0.129596 81.055
-0.12854 0.0172568 0.991554 85.5713 0.0172568 0.999736 -0.0151621 -2.77499 -0.991554 0.0151621 -0.128804 80.9109
-0.128529 0.0151674 0.99159 86.6927 0.0151674 0.999796 -0.013327 -2.80082 -0.99159 0.013327 -0.128733 80.7753
-0.127045 0.0150744 0.991782 87.809 0.0150744 0.999798 -0.0132653 -2.82338 -0.991782 0.0132653 -0.127247 80.6318
-0.12677 0.0164529 0.991796 88.9146 0.0164529 0.99976 -0.0144821 -2.84518 -0.991796 0.0144821 -0.12701 80.5045
-0.126463 0.018302 0.991802 90.0311 0.018302 0.999703 -0.0161141 -2.86568 -0.991802 0.0161141 -0.126761 80.3781
-0.123949 0.0167904 0.992147 91.1526 0.0167904 0.999749 -0.0148214 -2.88383 -0.992147 0.0148214 -0.124199 80.2206
-0.123736 0.0161153 0.992184 92.2965 0.0161153 0.999769 -0.0142287 -2.9082 -0.992184 0.0142287 -0.123968 80.1038
-0.122242 0.0172638 0.99235 93.4561 0.0172638 0.999734 -0.0152657 -2.92951 -0.99235 0.0152657 -0.122508 79.9687
-0.120758 0.0164804 0.992545 94.6331 0.0164804 0.999758 -0.0145951 -2.9489 -0.992545 0.0145951 -0.121 79.8237
-0.120773 0.0209953 0.992458 95.8354 0.0209953 0.999607 -0.0185916 -2.98207 -0.992458 0.0185916 -0.121166 79.7063
-0.120104 0.0236139 0.99248 97.0454 0.0236139 0.999502 -0.0209233 -3.02845 -0.99248 0.0209233 -0.120602 79.5888
-0.121055 0.0282435 0.992244 98.2497 0.0282435 0.999288 -0.0249983 -3.05402 -0.992244 0.0249983 -0.121767 79.4666
-0.122028 0.0328484 0.991983 99.4391 0.0328484 0.999038 -0.0290412 -3.08874 -0.991983 0.0290412 -0.122989 79.3386
-0.121948 0.0343785 0.991941 100.611 0.0343785 0.998947 -0.0303949 -3.14143 -0.991941 0.0303949 -0.123001 79.1934
-0.12243 0.0363005 0.991813 101.824 0.0363005 0.998826 -0.0320762 -3.18584 -0.991813 0.0320762 -0.123604 79.0457
-0.124455 0.039635 0.991433 103.063 0.039635 0.998603 -0.0349462 -3.23634 -0.991433 0.0349462 -0.125852 78.9124
-0.126321 0.0403077 0.99117 104.315 0.0403077 0.998558 -0.035471 -3.28933 -0.99117 0.035471 -0.127764 78.7609
-0.129622 0.0427352 0.990642 105.578 0.0427352 0.998383 -0.0374774 -3.33983 -0.990642 0.0374774 -0.131238 78.6212
-0.13205 0.047237 0.990117 106.832 0.047237 0.998029 -0.0413146 -3.41857 -0.990117 0.0413146 -0.134021 78.4583
-0.134979 0.0471389 0.989726 108.094 0.0471389 0.998042 -0.0411061 -3.49688 -0.989726 0.0411061 -0.136937 78.2699
-0.139843 0.0515844 0.988829 109.377 0.0515844 0.997666 -0.0447502 -3.56439 -0.988829 0.0447502 -0.142177 78.0978
-0.145746 0.0488643 0.988115 110.584 0.0488643 0.997916 -0.0421416 -3.62666 -0.988115 0.0421416 -0.14783 77.9018
-0.154712 0.0483879 0.986774 111.804 0.0483879 0.997972 -0.0413505 -3.67349 -0.986774 0.0413505 -0.15674 77.7089
-0.16563 0.0474704 0.985045 113.026 0.0474704 0.998067 -0.040116 -3.74213 -0.985045 0.040116 -0.167564 77.5017
-0.178576 0.0495267 0.982679 114.288 0.0495267 0.997919 -0.0412946 -3.80259 -0.982679 0.0412946 -0.180657 77.2884
-0.19323 0.0496423 0.979897 115.505 0.0496423 0.997935 -0.0407669 -3.85993 -0.979897 0.0407669 -0.195296 77.0578
-0.20748 0.050765 0.976921 116.754 0.050765 0.997866 -0.0410718 -3.92932 -0.976921 0.0410718 -0.209614 76.7995
-0.223038 0.0473289 0.97366 118.009 0.0473289 0.998168 -0.0376785 -3.9907 -0.97366 0.0376785 -0.22487 76.4955
-0.238096 0.0506958 0.969918 119.246 0.0506958 0.997924 -0.0397148 -4.04564 -0.969918 0.0397148 -0.240172 76.1803
-0.253469 0.0510707 0.965995 120.487 0.0510707 0.997919 -0.039358 -4.10468 -0.965995 0.039358 -0.255549 75.8701
-0.268545 0.0561366 0.96163 121.703 0.0561366 0.997516 -0.0425548 -4.15912 -0.96163 0.0425548 -0.271029 75.5547
-0.282717 0.0675822 0.95682 122.878 0.0675822 0.996439 -0.0504117 -4.22033 -0.95682 0.0504117 -0.286278 75.2155
-0.296887 0.0769735 0.951805 124.068 0.0769735 0.995431 -0.056492 -4.28864 -0.951805 0.056492 -0.301455 74.8547
-0.311631 0.0817589 0.946679 125.275 0.0817589 0.994904 -0.0590101 -4.37061 -0.946679 0.0590101 -0.316728 74.4718
-0.325838 0.0837752 0.941707 126.479 0.0837752 0.994707 -0.0595032 -4.45125 -0.941707 0.0595032 -0.331131 74.0625
-0.340256 0.0826503 0.936694 127.671 0.0826503 0.994903 -0.0577636 -4.53317 -0.936694 0.0577636 -0.345353 73.6439
-0.353956 0.0818276 0.931676 128.834 0.0818276 0.995055 -0.0563067 -4.60746 -0.931676 0.0563067 -0.358901 73.1877
-0.366996 0.0854885 0.926286 129.993 0.0854885 0.994654 -0.0579276 -4.68483 -0.926286 0.0579276 -0.372342 72.7254
-0.380925 0.0883463 0.920376 131.151 0.0883463 0.994348 -0.0588821 -4.7678 -0.920376 0.0588821 -0.386577 72.2543
-0.395121 0.08989 0.914221 132.304 0.08989 0.994208 -0.0589048 -4.85405 -0.914221 0.0589048 -0.400913 71.7693
-0.410109 0.0899027 0.907595 133.46 0.0899027 0.994268 -0.0578645 -4.93697 -0.907595 0.0578645 -0.415841 71.2499
-0.4249 0.0904359 0.900712 134.596 0.0904359 0.99426 -0.0571666 -5.02295 -0.900712 0.0571666 -0.430639 70.7176
-0.440188 0.0894158 0.893443 135.717 0.0894158 0.994449 -0.0554704 -5.10955 -0.893443 0.0554704 -0.445739 70.172
-0.455136 0.0889754 0.885965 136.795 0.0889754 0.99456 -0.054173 -5.18104 -0.885965 0.054173 -0.460576 69.6226
-0.470152 0.0878563 0.878202 137.842 0.0878563 0.99475 -0.0524814 -5.24471 -0.878202 0.0524814 -0.475402 69.0626
-0.484454 0.0943973 0.869709 138.817 0.0943973 0.993997 -0.0553053 -5.29424 -0.869709 0.0553053 -0.490457 68.5215
-0.497764 0.104245 0.861025 139.775 0.104245 0.992744 -0.0599278 -5.35886 -0.861025 0.0599278 -0.50502 67.9468
-0.512323 0.105961 0.852231 140.739 0.105961 0.992576 -0.0597115 -5.42187 -0.852231 0.0597115 -0.519747 67.334
-0.527541 0.114812 0.841736 141.728 0.114812 0.991371 -0.0632661 -5.49907 -0.841736 0.0632661 -0.53617 66.7263
-0.542122 0.120885 0.831559 142.7 0.120885 0.990524 -0.065185 -5.57523 -0.831559 0.065185 -0.551598 66.0779
-0.556623 0.129319 0.820639 143.664 0.129319 0.989257 -0.068176 -5.65968 -0.820639 0.068176 -0.567366 65.4238
-0.571018 0.134564 0.809834 144.619 0.134564 0.988474 -0.0693657 -5.74464 -0.809834 0.0693657 -0.582544 64.7572
-0.584176 0.142028 0.799104 145.526 0.142028 0.987267 -0.0716429 -5.82573 -0.799104 0.0716429 -0.596909 64.0779
-0.597077 0.149046 0.788216 146.46 0.149046 0.98609 -0.0735596 -5.912 -0.788216 0.0735596 -0.610986 63.3593
-0.610757 0.154369 0.776625 147.383 0.154369 0.985206 -0.0744291 -5.99499 -0.776625 0.0744291 -0.625551 62.6236
-0.623909 0.162709 0.764371 148.325 0.162709 0.983697 -0.0765867 -6.09074 -0.764371 0.0765867 -0.640212 61.8571
-0.638297 0.165466 0.751796 149.274 0.165466 0.983288 -0.0759307 -6.20053 -0.751796 0.0759307 -0.655009 61.0562
-0.652099 0.174409 0.7378 150.192 0.174409 0.981588 -0.0778881 -6.31602 -0.7378 0.0778881 -0.670511 60.2657
-0.665209 0.185465 0.723256 151.092 0.185465 0.979344 -0.0805536 -6.41453 -0.723256 0.0805536 -0.685866 59.4384
-0.67502 0.208808 0.707635 151.957 0.208808 0.97397 -0.0882137 -6.51673 -0.707635 0.0882137 -0.70105 58.6073
-0.688264 0.223118 0.690297 152.841 0.223118 0.970513 -0.0912284 -6.63816 -0.690297 0.0912284 -0.717751 57.7281
-0.701571 0.23862 0.67146 153.728 0.23862 0.966537 -0.0941623 -6.75492 -0.67146 0.0941623 -0.735034 56.7976
-0.713733 0.255024 0.652341 154.542 0.255024 0.962049 -0.0970763 -6.86861 -0.652341 0.0970763 -0.751683 55.8875
-0.72577 0.269059 0.633139 155.316 0.269059 0.958052 -0.0987106 -6.98801 -0.633139 0.0987106 -0.767718 54.9736
-0.740736 0.273709 0.613509 156.08 0.273709 0.956963 -0.0964666 -7.11424 -0.613509 0.0964666 -0.783774 54.0229
-0.750864 0.289055 0.593844 156.825 0.289055 0.952279 -0.0980395 -7.23357 -0.593844 0.0980395 -0.798585 53.0518
-0.761193 0.301298 0.574287 157.555 0.301298 0.948455 -0.0982468 -7.35971 -0.574287 0.0982468 -0.812737 52.0232
-0.772936 0.309119 0.55409 158.278 0.309119 0.946104 -0.0966081 -7.48934 -0.55409 0.0966081 -0.826832 50.9577
-0.785488 0.313501 0.533597 158.868 0.313501 0.944955 -0.0936905 -7.59782 -0.533597 0.0936905 -0.840533 50.0378
-0.793481 0.326981 0.513295 159.445 0.326981 0.940386 -0.0935821 -7.6995 -0.513295 0.0935821 -0.853095 49.1012
-0.79473 0.353615 0.493316 159.947 0.353615 0.930328 -0.0971977 -7.79187 -0.493316 0.0971977 -0.864403 48.2323
-0.800986 0.364975 0.474568 160.462 0.364975 0.926037 -0.0961725 -7.90074 -0.474568 0.0961725 -0.874949 47.3062
-0.81189 0.362297 0.457794 160.983 0.362297 0.927557 -0.0915384 -8.01063 -0.457794 0.0915384 -0.884333 46.3232
-0.81381 0.37911 0.440442 161.472 0.37911 0.920761 -0.0920581 -8.11258 -0.440442 0.0920581 -0.893049 45.3518
-0.811483 0.40346 0.422748 161.95 0.40346 0.91014 -0.0941559 -8.21001 -0.422748 0.0941559 -0.901343 44.432
-0.810356 0.420524 0.408023 162.379 0.420524 0.902317 -0.0947788 -8.3025 -0.408023 0.0947788 -0.908039 43.4774
-0.808483 0.436859 0.394347 162.769 0.436859 0.894472 -0.0952589 -8.38933 -0.394347 0.0952589 -0.914011 42.5564
-0.803244 0.458128 0.380681 163.168 0.458128 0.883609 -0.0967148 -8.49218 -0.380681 0.0967148 -0.919635 41.5971
-0.786654 0.496365 0.367147 163.578 0.496365 0.862101 -0.102 -8.61167 -0.367147 0.102 -0.924553 40.5998
-0.771296 0.5284 0.354817 163.984 0.5284 0.842372 -0.105846 -8.7346 -0.354817 0.105846 -0.928925 39.5625
-0.75877 0.553336 0.343638 164.397 0.553336 0.825912 -0.108114 -8.85478 -0.343638 0.108114 -0.932858 38.4742
-0.761851 0.554285 0.335187 164.788 0.554285 0.82562 -0.105451 -8.99157 -0.335187 0.105451 -0.936232 37.3897
-0.765542 0.553277 0.328374 165.187 0.553277 0.826617 -0.102904 -9.12581 -0.328374 0.102904 -0.938926 36.265
-0.772606 0.546548 0.323057 165.579 0.546548 0.831483 -0.0996082 -9.25127 -0.323057 0.0996082 -0.941123 35.1256
-0.76339 0.562374 0.317759 165.958 0.562374 0.82065 -0.101339 -9.37573 -0.317759 0.101339 -0.94274 34.0128
-0.739034 0.596646 0.312797 166.332 0.596646 0.795296 -0.107318 -9.50431 -0.312797 0.107318 -0.943738 32.8876
-0.722738 0.61884 0.307711 166.715 0.61884 0.777701 -0.110536 -9.64654 -0.307711 0.110536 -0.945037 31.735
-0.718302 0.625762 0.30408 167.098 0.625762 0.772113 -0.110738 -9.79031 -0.30408 0.110738 -0.946188 30.5457
-0.720048 0.625483 0.300503 167.491 0.625483 0.772548 -0.109276 -9.95087 -0.300503 0.109276 -0.9475 29.3012
-0.722817 0.624027 0.296859 167.904 0.624027 0.773969 -0.107526 -10.1168 -0.296859 0.107526 -0.948848 28.0462
-0.725395 0.621384 0.296115 168.287 0.621384 0.776214 -0.106643 -10.2757 -0.296115 0.106643 -0.94918 26.7912
-0.730967 0.614592 0.296586 168.672 0.614592 0.781785 -0.105305 -10.4272 -0.296586 0.105305 -0.949182 25.5312
-0.73527 0.608819 0.297854 169.051 0.608819 0.786396 -0.104502 -10.5828 -0.297854 0.104502 -0.948874 24.2871
-0.743414 0.598603 0.298345 169.448 0.598603 0.794469 -0.102437 -10.7358 -0.298345 0.102437 -0.948945 23.0531
-0.746939 0.592903 0.300912 169.823 0.592903 0.798772 -0.102128 -10.8654 -0.300912 0.102128 -0.948168 21.8341
-0.749252 0.588456 0.303875 170.197 0.588456 0.802041 -0.102225 -10.9926 -0.303875 0.102225 -0.947212 20.6418
-0.745782 0.591806 0.305902 170.597 0.591806 0.799383 -0.103698 -11.1593 -0.305902 0.103698 -0.946399 19.4492
-0.737479 0.600476 0.309117 171.003 0.600476 0.792474 -0.106831 -11.3208 -0.309117 0.106831 -0.945005 18.2502
-0.729497 0.607791 0.313726 171.41 0.607791 0.786406 -0.110251 -11.4863 -0.313726 0.110251 -0.943091 17.0629
-0.726568 0.607305 0.321373 171.818 0.607305 0.786386 -0.11304 -11.6331 -0.321373 0.11304 -0.940181 15.8391
-0.736418 0.590771 0.329663 172.236 0.590771 0.799006 -0.112159 -11.7891 -0.329663 0.112159 -0.937413 14.589
-0.743605 0.576864 0.338051 172.668 0.576864 0.809147 -0.111843 -11.9463 -0.338051 0.111843 -0.934458 13.394
-0.759061 0.55037 0.347733 173.117 0.55037 0.827802 -0.108798 -12.1087 -0.347733 0.108798 -0.93126 12.1775
-0.764744 0.535459 0.3584 173.576 0.535459 0.837531 -0.108746 -12.2565 -0.3584 0.108746 -0.927213 10.9685
-0.776561 0.5097 0.37035 174.035 0.5097 0.853765 -0.106255 -12.4085 -0.37035 0.106255 -0.922795 9.81984
-0.789145 0.479302 0.384082 174.504 0.479302 0.871598 -0.102893 -12.5407 -0.384082 0.102893 -0.917548 8.68515
-0.796023 0.455963 0.398051 174.988 0.455963 0.884243 -0.101055 -12.6774 -0.398051 0.101055 -0.91178 7.55225
-0.792783 0.449657 0.411466 175.487 0.449657 0.887219 -0.103202 -12.8107 -0.411466 0.103202 -0.905563 6.44415
-0.796983 0.429294 0.424882 175.992 0.429294 0.897443 -0.101503 -12.9458 -0.424882 0.101503 -0.89954 5.36173
-0.797215 0.416636 0.436879 176.535 0.416636 0.903414 -0.101279 -13.082 -0.436879 0.101279 -0.893801 4.29469
-0.795249 0.405136 0.451046 177.076 0.405136 0.908572 -0.101788 -13.2254 -0.451046 0.101788 -0.886677 3.20477
-0.793116 0.392452 0.465777 177.657 0.392452 0.914105 -0.101943 -13.3635 -0.465777 0.101943 -0.87901 2.10591
-0.790805 0.379881 0.479915 178.247 0.379881 0.919416 -0.101804 -13.5233 -0.479915 0.101804 -0.871388 1.01991
-0.787727 0.365697 0.495734 178.806 0.365697 0.925193 -0.101407 -13.6679 -0.495734 0.101407 -0.862534 -0.0143006
-0.785842 0.342876 0.514673 179.4 0.342876 0.934169 -0.0988156 -13.7906 -0.514673 0.0988156 -0.851673 -1.06226
-0.779002 0.331303 0.532348 179.982 0.331303 0.938301 -0.0991391 -13.944 -0.532348 0.0991391 -0.8407 -2.05121
-0.773445 0.315511 0.54976 180.623 0.315511 0.943868 -0.0978071 -14.0748 -0.54976 0.0978071 -0.829577 -3.04879
-0.766817 0.301055 0.566883 181.298 0.301055 0.948702 -0.0965936 -14.214 -0.566883 0.0965936 -0.818115 -4.04465
-0.757874 0.293932 0.582435 182.027 0.293932 0.950852 -0.0973884 -14.3711 -0.582435 0.0973884 -0.807022 -5.01718
-0.748246 0.277992 0.602369 182.72 0.277992 0.955796 -0.0957839 -14.4924 -0.602369 0.0957839 -0.79245 -5.98598
-0.734162 0.275986 0.620353 183.424 0.275986 0.956078 -0.0987272 -14.6487 -0.620353 0.0987272 -0.778084 -6.91889
-0.725068 0.244532 0.643801 184.159 0.244532 0.965337 -0.0912603 -14.7676 -0.643801 0.0912603 -0.759731 -7.85224
-0.713023 0.226807 0.663443 184.933 0.226807 0.96997 -0.087841 -14.8874 -0.663443 0.087841 -0.743053 -8.73324
-0.697429 0.218309 0.682594 185.694 0.218309 0.971923 -0.0877894 -15.0147 -0.682594 0.0877894 -0.725506 -9.56113
-0.680588 0.208273 0.70244 186.47 0.208273 0.974189 -0.0870525 -15.1296 -0.70244 0.0870525 -0.706399 -10.3602
-0.661983 0.205819 0.720707 187.28 0.205819 0.974512 -0.0892517 -15.2594 -0.720707 0.0892517 -0.687471 -11.1223
-0.643185 0.194672 0.740552 188.087 0.194672 0.976937 -0.0877347 -15.3712 -0.740552 0.0877347 -0.666248 -11.8856
-0.624119 0.184279 0.759287 188.932 0.184279 0.979091 -0.0861519 -15.4688 -0.759287 0.0861519 -0.645028 -12.6187
-0.604671 0.17781 0.776374 189.805 0.17781 0.980297 -0.0860283 -15.5796 -0.776374 0.0860283 -0.624373 -13.3171
-0.583778 0.171987 0.793488 190.696 0.171987 0.981324 -0.086167 -15.6933 -0.793488 0.086167 -0.602454 -13.9948
-0.56109 0.163743 0.811398 191.617 0.163743 0.982825 -0.0851077 -15.8118 -0.811398 0.0851077 -0.578265 -14.6687
-0.539078 0.150162 0.828762 192.582 0.150162 0.985349 -0.0808591 -15.9249 -0.828762 0.0808591 -0.553729 -15.3105
-0.513755 0.143346 0.845877 193.54 0.143346 0.986426 -0.0801008 -16.0258 -0.845877 0.0801008 -0.527329 -15.9189
-0.489562 0.139973 0.860661 194.58 0.139973 0.986847 -0.0808758 -16.1298 -0.860661 0.0808758 -0.502715 -16.4858
-0.464985 0.138049 0.874489 195.683 0.138049 0.986991 -0.0824054 -16.2564 -0.874489 0.0824054 -0.477994 -17.0342
-0.439535 0.128156 0.889036 196.84 0.128156 0.988591 -0.0791475 -16.4013 -0.889036 0.0791475 -0.450944 -17.5837
-0.382605 0.110482 0.917282 197.414 0.110482 0.991172 -0.0732989 -16.4589 -0.917282 0.0732989 -0.391434 -17.8756
-0.382605 0.110482 0.917282 197.988 0.110482 0.991172 -0.0732989 -16.5165 -0.917282 0.0732989 -0.391434 -18.1676
-0.32027 0.101958 0.941824 198.292 0.101958 0.992126 -0.0727321 -16.5456 -0.941824 0.0727321 -0.328143 -18.2813
-0.32027 0.101958 0.941824 198.595 0.101958 0.992126 -0.0727321 -16.5746 -0.941824 0.0727321 -0.328143 -18.3951
-0.287607 0.0961879 0.952906 199.261 0.0961879 0.992814 -0.0711848 -16.6331 -0.952906 0.0711848 -0.294793 -18.6063
-0.253313 0.0913283 0.963064 199.981 0.0913283 0.993345 -0.070178 -16.6878 -0.963064 0.070178 -0.259968 -18.8121
-0.219119 0.0859534 0.971905 200.756 0.0859534 0.99394 -0.0685237 -16.7543 -0.971905 0.0685237 -0.225179 -19.0009
-0.183242 0.0789571 0.979892 201.582 0.0789571 0.994731 -0.0653877 -16.8244 -0.979892 0.0653877 -0.18851 -19.1901
-0.148443 0.0727146 0.986244 202.468 0.0727146 0.995396 -0.0624448 -16.8931 -0.986244 0.0624448 -0.153047 -19.3389
-0.113956 0.0670595 0.99122 203.41 0.0670595 0.995963 -0.0596709 -16.9624 -0.99122 0.0596709 -0.117993 -19.4505
-0.0798616 0.0627551 0.994829 204.405 0.0627551 0.996353 -0.0578135 -17.038 -0.994829 0.0578135 -0.0835085 -19.5252
-0.0460859 0.0608811 0.997081 205.452 0.0608811 0.996457 -0.0580291 -17.1028 -0.997081 0.0580291 -0.0496291 -19.5816
-0.0127453 0.0567517 0.998307 206.557 0.0567517 0.99682 -0.0559426 -17.1843 -0.998307 0.0559426 -0.0159255 -19.5997
0.0204763 0.0530618 0.998381 207.711 0.0530618 0.997126 -0.0540833 -17.2802 -0.998381 0.0540833 0.0176019 -19.5912
0.0494016 0.0538234 0.997328 208.857 0.0538234 0.996952 -0.0564692 -17.3487 -0.997328 0.0564692 0.0463541 -19.4898
0.0819811 0.0500083 0.995378 210.042 0.0500083 0.997276 -0.0542224 -17.4285 -0.995378 0.0542224 0.0792569 -19.4214
0.109338 0.04513 0.99298 211.227 0.04513 0.997713 -0.0503144 -17.5198 -0.99298 0.0503144 0.107051 -19.2341
0.138546 0.0425987 0.989439 212.415 0.0425987 0.997894 -0.0489276 -17.5852 -0.989439 0.0489276 0.13644 -19.0676
0.168044 0.038897 0.985012 213.6 0.038897 0.998181 -0.0460529 -17.6527 -0.985012 0.0460529 0.166226 -18.8666
0.195214 0.0337342 0.98018 214.779 0.0337342 0.998586 -0.0410862 -17.73 -0.98018 0.0410862 0.1938 -18.5943
0.225354 0.0254242 0.973945 215.978 0.0254242 0.999166 -0.0319652 -17.7916 -0.973945 0.0319652 0.224519 -18.3414
0.253762 0.0226691 0.967001 217.147 0.0226691 0.999311 -0.0293754 -17.8442 -0.967001 0.0293754 0.253073 -18.018
0.282702 0.018599 0.959027 218.314 0.018599 0.999518 -0.0248669 -17.9046 -0.959027 0.0248669 0.28222 -17.6577
0.312157 0.0184222 0.949852 219.437 0.0184222 0.999507 -0.0254394 -17.9555 -0.949852 0.0254394 0.311664 -17.3237
0.341375 0.0155195 0.939799 220.532 0.0155195 0.999634 -0.0221449 -17.9954 -0.939799 0.0221449 0.341009 -16.9504
0.371269 0.0137484 0.928424 221.607 0.0137484 0.999699 -0.0203017 -18.04 -0.928424 0.0203017 0.370968 -16.5746
0.39878 0.0123341 0.916963 222.662 0.0123341 0.999747 -0.0188116 -18.0585 -0.916963 0.0188116 0.398527 -16.0914
0.42789 0.011483 0.903758 223.725 0.011483 0.99977 -0.0181395 -18.0896 -0.903758 0.0181395 0.427659 -15.6206
0.45332 0.00957485 0.891296 224.716 0.00957485 0.999832 -0.0156107 -18.1179 -0.891296 0.0156107 0.453153 -15.058
0.479588 0.0075385 0.877461 225.755 0.0075385 0.999891 -0.0127106 -18.1602 -0.877461 0.0127106 0.479479 -14.4782
0.505065 0.00661065 0.863056 226.778 0.00661065 0.999912 -0.0115275 -18.1844 -0.863056 0.0115275 0.504977 -13.8834
0.528991 0.00638946 0.848603 227.78 0.00638946 0.999913 -0.0115117 -18.2095 -0.848603 0.0115117 0.528904 -13.2752
0.5509 0.00663111 0.834545 228.756 0.00663111 0.999902 -0.0123223 -18.2264 -0.834545 0.0123223 0.550802 -12.6696
0.571102 0.00661592 0.820852 229.699 0.00661592 0.999898 -0.012662 -18.2382 -0.820852 0.012662 0.571 -12.0463
0.590233 0.00480391 0.807219 230.63 0.00480391 0.999944 -0.00946343 -18.2586 -0.807219 0.00946343 0.590176 -11.3739
0.607285 0.00259382 0.79448 231.549 0.00259382 0.999983 -0.00524742 -18.2801 -0.79448 0.00524742 0.607268 -10.6475
0.624655 0.000717917 0.7809 232.481 0.000717917 0.999999 -0.00149362 -18.3 -0.7809 0.00149362 0.624654 -9.93095
0.642273 -0.000386439 0.766476 233.457 -0.000386439 1 0.000827995 -18.3048 -0.766476 -0.000827995 0.642273 -9.18966
0.657616 -0.00141488 0.753352 234.35 -0.00141488 0.999994 0.00311317 -18.3244 -0.753352 -0.00311317 0.65761 -8.38796
0.672364 -0.00120738 0.74022 235.219 -0.00120738 0.999996 0.00272781 -18.3232 -0.74022 -0.00272781 0.672359 -7.58848
0.686519 -0.0016461 0.72711 236.06 -0.0016461 0.999991 0.00381809 -18.3249 -0.72711 -0.00381809 0.68651 -6.76623
0.700963 -0.00320602 0.71319 236.912 -0.00320602 0.999966 0.00764621 -18.341 -0.71319 -0.00764621 0.700929 -5.91284
0.715455 -0.00365491 0.698649 237.759 -0.00365491 0.999953 0.00897397 -18.3389 -0.698649 -0.00897397 0.715408 -5.04985
0.729517 -0.00329113 0.683955 238.591 -0.00329113 0.99996 0.00832209 -18.3462 -0.683955 -0.00832209 0.729476 -4.19441
0.742337 -0.00323742 0.670019 239.387 -0.00323742 0.999959 0.00841849 -18.343 -0.670019 -0.00841849 0.742297 -3.31871
0.754531 -0.00271218 0.656258 240.178 -0.00271218 0.99997 0.00725099 -18.3322 -0.656258 -0.00725099 0.754501 -2.43274
0.76505 -0.00364289 0.64396 240.939 -0.00364289 0.999944 0.0099846 -18.3116 -0.64396 -0.0099846 0.764994 -1.47429
0.776441 -0.00376162 0.630179 241.729 -0.00376162 0.999937 0.0106034 -18.2984 -0.630179 -0.0106034 0.776377 -0.575332
0.786643 -0.00344366 0.617398 242.49 -0.00344366 0.999944 0.00996505 -18.298 -0.617398 -0.00996505 0.786588 0.388755
0.796195 -0.00359912 0.605029 243.236 -0.00359912 0.999936 0.0106846 -18.2942 -0.605029 -0.0106846 0.796132 1.34794
0.805187 -0.00440365 0.593005 243.949 -0.00440365 0.9999 0.0134046 -18.2828 -0.593005 -0.0134046 0.805087 2.32709
0.813464 -0.00521633 0.581592 244.624 -0.00521633 0.999854 0.0162638 -18.272 -0.581592 -0.0162638 0.813318 3.26358
0.821121 -0.00513964 0.570731 245.321 -0.00513964 0.999852 0.0163985 -18.2604 -0.570731 -0.0163985 0.820973 4.21787
0.827036 -0.0060132 0.562117 245.988 -0.0060132 0.999791 0.0195423 -18.2365 -0.562117 -0.0195423 0.826827 5.24448
0.830084 -0.00607267 0.557606 246.636 -0.00607267 0.999783 0.0199284 -18.2231 -0.557606 -0.0199284 0.829867 6.26332
0.832956 -0.00673509 0.553298 247.287 -0.00673509 0.999728 0.0223086 -18.2162 -0.553298 -0.0223086 0.832685 7.28596
0.836919 -0.00680233 0.547284 247.999 -0.00680233 0.999716 0.022828 -18.206 -0.547284 -0.022828 0.836635 8.27936
0.840562 -0.0072586 0.541667 248.704 -0.0072586 0.99967 0.02466 -18.1902 -0.541667 -0.02466 0.840231 9.3071
0.843098 -0.00790172 0.537702 249.393 -0.00790172 0.999602 0.0270791 -18.1782 -0.537702 -0.0270791 0.8427 10.3797
0.846085 -0.00807336 0.532986 250.102 -0.00807336 0.999577 0.027957 -18.1564 -0.532986 -0.027957 0.845662 11.445
0.847871 -0.00773807 0.530146 250.775 -0.00773807 0.999606 0.026966 -18.1224 -0.530146 -0.026966 0.847478 12.5408
0.849042 -0.00812574 0.528263 251.437 -0.00812574 0.999563 0.0284352 -18.0972 -0.528263 -0.0284352 0.848604 13.701
0.851136 -0.00843054 0.524878 252.131 -0.00843054 0.999523 0.0297251 -18.0673 -0.524878 -0.0297251 0.850658 14.8674
0.854527 -0.00891033 0.51933 252.85 -0.00891033 0.999454 0.0318094 -18.0407 -0.51933 -0.0318094 0.853981 15.9971
0.856347 -0.00901999 0.516322 253.531 -0.00901999 0.999434 0.0324199 -17.9976 -0.516322 -0.0324199 0.85578 17.1748
0.857468 -0.00893184 0.51446 254.245 -0.00893184 0.99944 0.0322388 -17.9702 -0.51446 -0.0322388 0.856908 18.3841
0.857464 -0.00796044 0.514482 254.917 -0.00796044 0.999555 0.0287332 -17.9277 -0.514482 -0.0287332 0.85702 19.5602
0.856005 -0.00684142 0.516923 255.498 -0.00684142 0.999675 0.0245597 -17.89 -0.516923 -0.0245597 0.85568 20.6128
0.855181 -0.00517062 0.518304 256.086 -0.00517062 0.999815 0.0185055 -17.8578 -0.518304 -0.0185055 0.854996 21.592
0.85832 -0.00378549 0.513101 256.8 -0.00378549 0.999899 0.0137093 -17.8239 -0.513101 -0.0137093 0.858219 22.5559
0.858558 -0.00292384 0.512708 257.312 -0.00292384 0.99994 0.0105985 -17.8144 -0.512708 -0.0105985 0.858498 23.4328
0.858558 -0.00292384 0.512708 257.824 -0.00292384 0.99994 0.0105985 -17.8049 -0.512708 -0.0105985 0.858498 24.3097
