0.999988 -0.00273778 -0.00418067 0.00679074 0.00272973 0.999994 -0.00193042 -0.00906757 0.00418593 0.00191898 0.999989 0.746175
0.999931 0.00154499 -0.0116546 -0.0115944 -0.00160254 0.999987 -0.00493025 -0.011803 0.0116469 0.00494859 0.99992 1.54712
0.999931 0.00154499 -0.0116546 -0.0299796 -0.00160254 0.999987 -0.00493025 -0.0145385 0.0116469 0.00494859 0.99992 2.34806
0.999868 0.00187076 -0.0161425 -0.0540946 -0.00196139 0.999982 -0.00560038 -0.018725 0.0161317 0.0056313 0.999854 3.13058
0.999768 -0.000706148 -0.0215293 -0.0609929 0.000587286 0.999985 -0.00552677 -0.0325646 0.0215329 0.00551284 0.999753 3.91743
0.999663 0.002784 -0.0258008 -0.0954288 -0.00296087 0.999972 -0.00681962 -0.0403197 0.0257811 0.00689371 0.999644 4.72451
0.999513 0.00295004 -0.0310674 -0.126632 -0.00316617 0.999971 -0.00691006 -0.0551531 0.0310461 0.00700506 0.999493 5.54814
0.999329 -0.00270935 -0.0365333 -0.147823 0.0024895 0.999979 -0.00606198 -0.0579355 0.0365489 0.00596696 0.999314 6.40246
0.999149 -0.00105567 -0.0412334 -0.184072 0.000918529 0.999994 -0.00334465 -0.0681508 0.0412367 0.00330393 0.999144 7.2893
0.998993 -0.00074239 -0.0448592 -0.23175 0.000707143 0.999999 -0.000801589 -0.0773931 0.0448598 0.00076906 0.998993 8.25664
0.998894 0.00141372 -0.0470031 -0.29087 -0.00149257 0.999998 -0.0016425 -0.0834353 0.0470006 0.00171084 0.998893 9.24842
0.998849 0.000932244 -0.047956 -0.360848 -0.00102575 0.999998 -0.00192535 -0.0903379 0.0479541 0.00197232 0.998848 10.2359
0.998778 -0.00210112 -0.0493785 -0.41544 0.00197125 0.999994 -0.00267864 -0.0965986 0.0493839 0.00257803 0.998777 11.2229
0.99872 -0.000783227 -0.0505788 -0.480319 0.000666938 0.999997 -0.00231602 -0.099687 0.0505804 0.00227932 0.998717 12.2146
0.998635 -0.000508306 -0.0522247 -0.535969 0.000380458 0.999997 -0.00245793 -0.113604 0.0522258 0.00243471 0.998632 13.2125
0.998586 0.00147117 -0.0531357 -0.602866 -0.00172568 0.999987 -0.00474423 -0.125256 0.0531281 0.00482922 0.998576 14.2317
0.998464 -0.000846293 -0.0553935 -0.653402 0.000431452 0.999972 -0.00750052 -0.13638 0.0553983 0.0074651 0.998436 15.2637
0.99836 0.00398553 -0.0571095 -0.725623 -0.00447415 0.999954 -0.00843048 -0.157426 0.0570733 0.00867217 0.998332 16.2773
0.998133 -0.00117374 -0.061064 -0.764273 0.00069606 0.999969 -0.00784321 -0.176166 0.0610713 0.00778607 0.998103 17.3536
0.998088 0.000483996 -0.0618003 -0.849795 -0.000873563 0.99998 -0.00627677 -0.197514 0.061796 0.00631876 0.998069 18.4613
0.997963 -0.000865226 -0.0637841 -0.916681 0.000570432 0.999989 -0.00463982 -0.21598 0.0637874 0.00459398 0.997953 19.5795
0.997847 -0.00204821 -0.0655495 -0.975082 0.00173175 0.999987 -0.00488418 -0.227266 0.0655587 0.00476015 0.997837 20.6385
0.997728 -0.000796745 -0.0673675 -1.0454 0.000423835 0.999985 -0.00554958 -0.244115 0.0673709 0.00550842 0.997713 21.6821
0.997573 -0.00140706 -0.0696128 -1.10225 0.000962573 0.999979 -0.00641824 -0.258194 0.0696204 0.00633566 0.997553 22.7116
0.997569 9.01857e-006 -0.0696872 -1.18195 -0.000343099 0.999989 -0.00478203 -0.269954 0.0696864 0.00479431 0.997557 23.7222
0.997612 0.00172902 -0.0690447 -1.26632 -0.00182861 0.999997 -0.0013792 -0.281699 0.0690422 0.00150216 0.997613 24.7308
0.997663 0.000124452 -0.068331 -1.34101 3.58184e-005 0.999997 0.00234426 -0.290074 0.0683311 -0.00234123 0.99766 25.7877
0.9977 -0.00288576 -0.0677287 -1.40108 0.00323297 0.999982 0.00501744 -0.299375 0.067713 -0.00522486 0.997691 26.8754
0.997883 -0.000250464 -0.0650378 -1.4843 0.000598765 0.999986 0.00533592 -0.300018 0.0650355 -0.00536356 0.997869 27.9752
0.997933 0.000542136 -0.0642538 -1.55458 -0.000366129 0.999996 0.00275099 -0.311387 0.0642551 -0.00272178 0.99793 29.1187
0.998024 0.00263483 -0.0627778 -1.64305 -0.00277102 0.999994 -0.00208234 -0.318595 0.062772 0.00225218 0.998025 30.2624
0.998089 0.00309594 -0.0617205 -1.72174 -0.00340056 0.999983 -0.00483115 -0.341446 0.0617044 0.0050318 0.998082 31.3173
0.998181 -0.00197829 -0.0602539 -1.79493 0.00172823 0.99999 -0.00420187 -0.35064 0.0602616 0.0040901 0.998174 32.3542
0.998189 -0.00140435 -0.0601317 -1.85885 0.00142391 0.999999 0.000282421 -0.364298 0.0601313 -0.000367532 0.99819 33.3955
0.998109 -0.00440771 -0.0613156 -1.91777 0.00460823 0.999984 0.00312939 -0.374399 0.0613009 -0.00340602 0.998114 34.4882
0.998003 -0.00775819 -0.0626923 -1.97243 0.00788578 0.999967 0.00178791 -0.38643 0.0626764 -0.00227872 0.998031 35.6017
0.997992 -0.000829792 -0.0633387 -2.05164 0.000698854 0.999998 -0.00208939 -0.395822 0.0633402 0.00204093 0.99799 36.7094
0.997871 -0.000254765 -0.0652146 -2.11847 -0.000154169 0.99998 -0.00626547 -0.406168 0.0652149 0.00626218 0.997852 37.7819
0.997709 0.000610893 -0.0676498 -2.19363 -0.00107372 0.999976 -0.00680542 -0.418318 0.067644 0.00686247 0.997686 38.8537
0.997647 -0.000492417 -0.0685588 -2.26687 0.000130563 0.999986 -0.00528238 -0.4397 0.0685605 0.005261 0.997633 39.9217
0.997701 0.00462563 -0.0676158 -2.37403 -0.0048062 0.999985 -0.0025081 -0.453924 0.0676032 0.00282731 0.997708 40.9969
0.997676 4.61769e-005 -0.068133 -2.46504 -9.18935e-005 1 -0.000667856 -0.477143 0.068133 0.000672565 0.997676 42.0974
0.997622 1.10043e-005 -0.0689245 -2.54483 0.000105905 0.999999 0.00169254 -0.486519 0.0689244 -0.00169581 0.99762 43.2393
0.997605 -0.000275274 -0.069172 -2.62971 0.000577209 0.99999 0.00434504 -0.491626 0.0691702 -0.00437456 0.997595 44.4591
0.997581 0.00543565 -0.069296 -2.73612 -0.00496425 0.999963 0.00697306 -0.49755 0.0693314 -0.00661219 0.997572 45.7063
0.997574 -0.000774161 -0.0696047 -2.8235 0.00120517 0.99998 0.00615052 -0.505809 0.0695986 -0.00621948 0.997556 46.9315
0.997594 0.00193091 -0.0692928 -2.91318 -0.00162653 0.999989 0.0044489 -0.513604 0.0693007 -0.00432549 0.997586 48.1699
0.997603 0.00213296 -0.0691585 -3.00165 -0.00195195 0.999994 0.00268487 -0.532908 0.0691639 -0.00254344 0.997602 49.3555
0.997466 -0.00115576 -0.0711375 -3.0807 0.00135189 0.999995 0.00270888 -0.546362 0.0711341 -0.00279819 0.997463 50.5744
0.997232 -0.00473988 -0.0742026 -3.14166 0.00497438 0.999983 0.00297578 -0.548634 0.0741872 -0.00333666 0.997239 51.9238
0.997196 0.00119088 -0.0748227 -3.24672 -0.000879069 0.999991 0.00420011 -0.563621 0.074827 -0.00412255 0.997188 53.2275
0.99711 0.00164315 -0.0759492 -3.342 -0.00155753 0.999998 0.00118651 -0.586938 0.075951 -0.00106479 0.997111 54.5546
0.997082 0.00152487 -0.0763259 -3.47189 -0.00176179 0.999994 -0.00303685 -0.593348 0.0763208 0.00316245 0.997078 55.8195
0.99711 0.00145223 -0.0759578 -3.59048 -0.00178478 0.999989 -0.00431033 -0.608871 0.0759507 0.00443344 0.997102 57.0274
0.997091 -0.00248616 -0.0761861 -3.69098 0.00240469 0.999996 -0.0011611 -0.628316 0.0761888 0.000974519 0.997093 58.2755
0.997074 -0.00219129 -0.0764163 -3.79027 0.00234509 0.999995 0.00192299 -0.647337 0.0764118 -0.00209657 0.997074 59.535
0.997067 -0.00218326 -0.0764999 -3.88391 0.00237936 0.999994 0.00247244 -0.661734 0.076494 -0.00264721 0.997067 60.7632
0.997078 -0.00319492 -0.0763262 -3.9749 0.00325956 0.999994 0.000722244 -0.669541 0.0763235 -0.000968923 0.997083 61.9031
0.997095 -0.000826619 -0.0761679 -4.06976 0.000790231 1 -0.000507875 -0.686876 0.0761683 0.000446209 0.997095 62.9997
0.997043 -0.000602172 -0.0768439 -4.15222 0.000629577 1 0.000332402 -0.69936 0.0768437 -0.000379799 0.997043 64.0642
0.996939 -0.00240808 -0.0781447 -4.23845 0.00276138 0.999986 0.00441344 -0.71701 0.078133 -0.00461572 0.996932 65.1985
0.997019 0.000951538 -0.0771518 -4.34786 -0.000224725 0.999956 0.0094287 -0.729952 0.0771573 -0.00938326 0.996975 66.3695
0.996915 0.00252442 -0.0784493 -4.44342 -0.00162723 0.999933 0.0114984 -0.731504 0.078473 -0.0113353 0.996852 67.5984
0.996825 0.00288574 -0.0795666 -4.5549 -0.00228563 0.999968 0.00763231 -0.737919 0.0795861 -0.00742622 0.9968 68.8199
0.996731 0.00260567 -0.0807493 -4.65887 -0.00261881 0.999997 -5.68557e-005 -0.7479 0.0807489 0.000268137 0.996734 69.9799
0.996664 0.00102096 -0.0816094 -4.7489 -0.00142085 0.999987 -0.00484219 -0.759903 0.0816034 0.00494199 0.996653 71.0388
0.996559 0.00648955 -0.0826302 -4.84083 -0.00683001 0.999969 -0.00383822 -0.785946 0.0826028 0.00438937 0.996573 72.0173
0.996543 0.00318484 -0.0830229 -4.94076 -0.00329757 0.999994 -0.00122074 -0.806744 0.0830185 0.00149029 0.996547 73.0175
0.996502 0.00101085 -0.0835581 -5.02834 -0.00103294 0.999999 -0.000221188 -0.817213 0.0835578 0.000306725 0.996503 73.9979
0.996376 0.000514448 -0.0850618 -5.11371 -0.000562822 1 -0.000544721 -0.829425 0.0850615 0.000590621 0.996376 74.9941
0.996228 0.00125924 -0.0867675 -5.20005 -0.00121667 0.999999 0.000543495 -0.85127 0.0867681 -0.000435877 0.996228 75.9728
0.996064 -0.00135399 -0.088629 -5.28122 0.0014352 0.999999 0.000852607 -0.866252 0.0886277 -0.000976452 0.996064 76.9714
0.995954 -0.000103372 -0.0898664 -5.38031 0.000220519 0.999999 0.00129364 -0.885491 0.0898662 -0.00130823 0.995953 77.9863
0.99574 0.00306598 -0.0921538 -5.51064 -0.00258307 0.999982 0.0053591 -0.901159 0.0921686 -0.00509823 0.99573 79.2534
0.99574 0.00306598 -0.0921538 -5.64097 -0.00258307 0.999982 0.0053591 -0.916828 0.0921686 -0.00509823 0.99573 80.5205
0.995819 0.00374972 -0.0912697 -5.77028 -0.00287378 0.999949 0.00972673 -0.928355 0.0913015 -0.00942378 0.995779 81.5154
0.995598 0.00254341 -0.0936914 -5.86877 -0.0014833 0.999934 0.0113828 -0.933734 0.0937142 -0.0111937 0.995536 82.5791
0.995451 0.00177694 -0.0952561 -5.97142 -0.00106425 0.999971 0.00753211 -0.953789 0.0952667 -0.00739647 0.995424 83.6833
0.995274 0.000533503 -0.0971004 -6.07521 -0.000473725 1 0.000638686 -0.980067 0.0971007 -0.000589669 0.995274 84.7998
0.995094 -4.81042e-005 -0.0989365 -6.16729 -0.000463618 0.999987 -0.00514923 -0.992926 0.0989354 0.00516984 0.99508 85.798
0.994727 -0.00330308 -0.102506 -6.21724 0.00266044 0.999976 -0.00640531 -1.01437 0.102525 0.00609882 0.994712 86.7571
0.994314 -0.00166757 -0.106478 -6.33949 0.00157638 0.999998 -0.000940515 -1.03638 0.10648 0.000767316 0.994315 87.9764
0.994314 -0.00166757 -0.106478 -6.46174 0.00157638 0.999998 -0.000940515 -1.05838 0.10648 0.000767316 0.994315 89.1957
0.994107 -0.0106077 -0.107884 -6.56824 0.00954617 0.999901 -0.0103514 -1.09059 0.107983 0.00926051 0.99411 90.3831
0.994107 -0.0106077 -0.107884 -6.67473 0.00954617 0.999901 -0.0103514 -1.12281 0.107983 0.00926051 0.99411 91.5705
0.994492 -0.00200035 -0.104797 -6.76327 0.000316748 0.999871 -0.0160795 -1.13557 0.104816 0.0159578 0.994364 92.4895
0.994492 -0.00200035 -0.104797 -6.8518 0.000316748 0.999871 -0.0160795 -1.14834 0.104816 0.0159578 0.994364 93.4085
0.994568 0.0013988 -0.104079 -6.88155 -0.00282503 0.999904 -0.0135573 -1.156 0.10405 0.0137777 0.994477 94.2378
0.995568 -0.00649353 -0.093819 -6.94686 0.00587374 0.999959 -0.00688089 -1.17607 0.0938598 0.00629932 0.995565 95.0145
0.995568 -0.00649353 -0.093819 -7.01217 0.00587374 0.999959 -0.00688089 -1.19614 0.0938598 0.00629932 0.995565 95.7911
0.996343 -0.00537903 -0.0852717 -7.06669 0.00506808 0.99998 -0.00386257 -1.21799 0.0852908 0.00341629 0.99635 96.5493
0.997212 0.00347533 -0.0745444 -7.12752 -0.00375293 0.999987 -0.00358418 -1.24077 0.0745309 0.00385395 0.997211 97.2769
0.998229 0.00379053 -0.0593679 -7.16852 -0.00402011 0.999985 -0.00374814 -1.25365 0.0593528 0.00398017 0.998229 97.9502
0.99912 0.00537969 -0.0415917 -7.19537 -0.00549326 0.999981 -0.00261664 -1.26971 0.0415769 0.00284281 0.999131 98.6311
0.999802 -0.00181441 -0.0198241 -7.18371 0.00177826 0.999997 -0.00184094 -1.28074 0.0198274 0.00180533 0.999802 99.2895
0.999972 -0.00378269 0.00641839 -7.15297 0.00378739 0.999993 -0.000720235 -1.29295 -0.00641562 0.000744524 0.999979 99.8911
0.999358 -0.00168449 0.0358001 -7.10282 0.00164028 0.999998 0.00126421 -1.30595 -0.0358021 -0.00120468 0.999358 100.475
0.997622 -0.00127401 0.0689109 -7.03665 0.00105019 0.999994 0.00328407 -1.32043 -0.0689147 -0.00320389 0.997617 101.061
0.994293 0.000784849 0.106678 -6.95201 -0.00122622 0.999991 0.00407187 -1.32753 -0.106674 -0.00417944 0.994285 101.639
0.988965 8.6983e-005 0.148151 -6.83222 -0.00075384 0.99999 0.00444505 -1.3342 -0.148149 -0.00450768 0.988955 102.211
0.981175 -0.00128739 0.193117 -6.68656 0.00034305 0.999988 0.00492335 -1.34363 -0.193121 -0.00476442 0.981163 102.741
0.970197 0.00183999 0.242309 -6.5279 -0.00262876 0.999992 0.00293198 -1.35336 -0.242302 -0.00348157 0.970195 103.266
0.936586 -9.64408e-005 0.350438 -6.32371 0.000378472 1 -0.000736309 -1.36044 -0.350438 0.000822248 0.936586 103.719
0.936586 -9.64408e-005 0.350438 -6.11953 0.000378472 1 -0.000736309 -1.36753 -0.350438 0.000822248 0.936586 104.172
0.913589 -0.000654809 0.406639 -5.87043 0.00140716 0.999998 -0.00155114 -1.37495 -0.406637 0.00198931 0.913588 104.584
0.886268 -0.00115559 0.463171 -5.58992 0.00260793 0.999993 -0.00249528 -1.37397 -0.463165 0.00341941 0.886265 104.971
0.853757 -0.00244673 0.520666 -5.30338 0.00417755 0.999989 -0.00215092 -1.38209 -0.520655 0.00401147 0.853758 105.345
0.81831 -0.000396297 0.574777 -4.98579 0.00247815 0.999993 -0.00283866 -1.37917 -0.574772 0.00374729 0.818305 105.687
0.779421 0.000515377 0.6265 -4.65785 0.00056455 0.999999 -0.00152498 -1.38587 -0.6265 0.00154229 0.77942 106.013
0.737697 0.00158631 0.67513 -4.30391 -0.0014862 0.999999 -0.000725697 -1.38416 -0.675131 -0.000468036 0.737698 106.324
0.694949 -0.00312611 0.719052 -3.91531 0.00278471 0.999995 0.00165616 -1.38363 -0.719053 0.000851406 0.694954 106.583
0.603937 -0.00991052 0.79697 -3.50112 0.00645853 0.999951 0.00754041 -1.39087 -0.797006 0.000593325 0.603972 106.829
0.603937 -0.00991052 0.79697 -3.08693 0.00645853 0.999951 0.00754041 -1.3981 -0.797006 0.000593325 0.603972 107.076
0.558431 -0.00263717 0.829547 -2.66418 -0.00392122 0.999975 0.00581864 -1.40744 -0.829542 -0.00650215 0.558407 107.295
0.511697 0.00139546 0.859165 -2.22909 -0.00501856 0.999986 0.00136475 -1.41451 -0.859151 -0.00501011 0.511697 107.513
0.467159 -0.000154368 0.884173 -1.77814 0.000502263 1 -9.07842e-005 -1.4192 -0.884173 0.000486498 0.467159 107.697
0.425316 -0.00813539 0.905008 -1.29913 0.00487116 0.999966 0.00669974 -1.40465 -0.905032 0.00155893 0.425341 107.864
0.386154 -0.0187107 0.922245 -0.805232 -0.000340512 0.999791 0.0204266 -1.40028 -0.922434 -0.00820184 0.386067 107.997
0.351489 -0.0178942 0.936021 0.134013 -0.0146779 0.999589 0.0246213 -1.38842 -0.936077 -0.0223929 0.351082 108.248
0.318922 -0.0157334 0.947651 1.11683 -0.0145368 0.999663 0.0214891 -1.38044 -0.94767 -0.0206292 0.318586 108.529
0.287776 -0.00516917 0.957684 2.144 -0.0140534 0.999855 0.00961972 -1.3796 -0.957595 -0.016227 0.287662 108.852
0.259688 -0.00289639 0.965688 3.11629 -0.00520577 0.999977 0.00439914 -1.39507 -0.965679 -0.00616955 0.259667 109.095
0.234285 -0.00448922 0.972158 4.15064 -0.00130248 0.999987 0.00493162 -1.41678 -0.972167 -0.00242162 0.234276 109.29
0.210819 -0.0102 0.977472 5.08231 0.000109934 0.999946 0.0104109 -1.42326 -0.977525 -0.00208734 0.210808 109.427
0.191217 -0.0165882 0.981408 5.82444 0.000779256 0.999859 0.0167482 -1.39657 -0.981548 -0.00243777 0.191203 109.508
0.172442 -0.0174256 0.984865 6.2968 -0.00590395 0.999807 0.0187237 -1.37424 -0.985002 -0.00904335 0.172306 109.56
0.154788 -0.0127454 0.987866 6.75848 -0.015845 0.999756 0.0153815 -1.36359 -0.987821 -0.0180336 0.154548 109.631
0.139304 -0.010946 0.990189 7.24755 -0.0180013 0.999746 0.0135842 -1.36128 -0.990086 -0.019717 0.139072 109.695
0.124855 -0.01218 0.9921 7.81847 -0.0150509 0.999786 0.0141685 -1.36113 -0.992061 -0.016701 0.124645 109.756
0.111364 -0.0140648 0.99368 8.41448 -0.0147689 0.999766 0.0158061 -1.36501 -0.99367 -0.0164358 0.11113 109.816
0.0997412 -0.0180907 0.994849 9.04311 -0.0143911 0.999704 0.0196219 -1.36025 -0.994909 -0.0162741 0.0994514 109.864
0.0896912 -0.020758 0.995753 9.65185 -0.0167274 0.99961 0.0223451 -1.35265 -0.995829 -0.0186605 0.0893091 109.908
0.0814108 -0.0222175 0.996433 10.243 -0.019724 0.99952 0.0238979 -1.34534 -0.996485 -0.0215992 0.0809335 109.954
0.0759369 -0.0227784 0.996852 10.8574 -0.0217444 0.999463 0.0244944 -1.33571 -0.996876 -0.023536 0.0754009 109.999
0.0698612 -0.0236133 0.997277 11.4786 -0.0215448 0.999451 0.025174 -1.32425 -0.997324 -0.0232448 0.0693141 110.047
0.064461 -0.0241741 0.997627 12.1315 -0.022593 0.999415 0.0256772 -1.31087 -0.997664 -0.0241946 0.0638772 110.084
0.0596014 -0.0260574 0.997882 12.8021 -0.0241949 0.999328 0.0275403 -1.29979 -0.997929 -0.0257851 0.0589309 110.126
0.0573485 -0.0261676 0.998011 13.5045 -0.02568 0.999287 0.0276767 -1.28162 -0.998024 -0.0272162 0.0566357 110.161
0.0543463 -0.0274688 0.998144 14.2209 -0.0266751 0.999225 0.0289509 -1.26624 -0.998166 -0.0281989 0.0535715 110.197
0.0512531 -0.0286224 0.998275 14.9353 -0.0275287 0.999169 0.0300613 -1.24452 -0.998306 -0.0290219 0.0504225 110.241
0.0500128 -0.0331334 0.998199 15.7123 -0.0282898 0.999002 0.0345774 -1.22272 -0.998348 -0.0299681 0.0490256 110.284
0.0505666 -0.0387041 0.99797 16.5029 -0.0333693 0.998625 0.0404203 -1.20776 -0.998163 -0.0353455 0.0492055 110.317
0.0541958 -0.0419283 0.99765 17.2771 -0.0379388 0.99831 0.044017 -1.17825 -0.997809 -0.0402352 0.0525135 110.342
0.058441 -0.0441357 0.997315 18.0634 -0.0415964 0.998047 0.0466056 -1.14607 -0.997424 -0.0442084 0.0564909 110.385
0.0629584 -0.0451959 0.996992 18.8751 -0.0444642 0.997855 0.0480429 -1.11147 -0.997025 -0.0473551 0.0608137 110.432
0.067616 -0.0472035 0.996594 19.7102 -0.0466805 0.997637 0.05042 -1.07584 -0.996619 -0.0499307 0.0652527 110.481
0.0725942 -0.0462421 0.996289 20.5537 -0.0490865 0.997548 0.0498772 -1.04206 -0.996153 -0.0525252 0.0701464 110.527
0.0794491 -0.0467993 0.99574 21.4247 -0.0487002 0.997522 0.0507688 -1.00986 -0.995649 -0.0525263 0.0769732 110.56
0.0832944 -0.046467 0.995441 22.3154 -0.0481378 0.997559 0.0505938 -0.969787 -0.995362 -0.0521325 0.0808542 110.642
0.0856781 -0.0434526 0.995375 23.2395 -0.0463805 0.997791 0.0475503 -0.934145 -0.995243 -0.05024 0.0834735 110.75
0.0863404 -0.0398611 0.995468 24.2138 -0.0398212 0.998263 0.0434269 -0.89637 -0.99547 -0.0433902 0.0846031 110.89
