0.999994 -0.00266876 -0.00221869 -0.0135351 0.00266449 0.999995 -0.00192875 -0.0104086 0.00222383 0.00192283 0.999996 0.676429
0.999961 -0.00179 -0.00869473 -0.0100888 0.00176264 0.999993 -0.00315285 -0.0155504 0.00870031 0.0031374 0.999957 1.3312
0.999941 -0.00324714 -0.0103478 -0.0523879 0.00319123 0.99998 -0.00541442 -0.0118057 0.0103652 0.00538108 0.999932 2.01908
0.999868 -0.000957109 -0.0162437 -0.0447323 0.000861579 0.999982 -0.00588705 -0.0190152 0.0162491 0.00587227 0.999851 2.69196
0.999818 0.00247251 -0.0189269 -0.0565785 -0.00258424 0.999979 -0.00588117 -0.0284947 0.0189119 0.00592901 0.999804 3.52555
0.999686 0.00412972 -0.0247097 -0.078755 -0.00429916 0.999968 -0.00680816 -0.0406071 0.0246808 0.00691225 0.999671 4.16874
0.999597 0.00328658 -0.028191 -0.127528 -0.00350556 0.999964 -0.00772194 -0.0451392 0.0281646 0.00781765 0.999573 4.95284
0.999404 -0.00018664 -0.0345059 -0.149847 -2.02728e-005 0.999982 -0.005996 -0.0518191 0.0345064 0.00599313 0.999387 5.78612
0.999255 0.00278738 -0.038495 -0.186366 -0.00291873 0.99999 -0.00335636 -0.0643941 0.0384853 0.00346622 0.999253 6.59103
0.999156 0.000894936 -0.0410732 -0.218569 -0.000932357 0.999999 -0.000891934 -0.0694008 0.0410724 0.000929476 0.999156 7.2572
0.999034 -3.61614e-005 -0.0439406 -0.260319 -1.77866e-005 0.999999 -0.00122736 -0.0775777 0.0439406 0.00122695 0.999033 8.11569
0.998879 -0.00386794 -0.0471849 -0.315763 0.00378857 0.999991 -0.00177143 -0.0864732 0.0471913 0.00159069 0.998885 8.91275
0.998838 -0.00164847 -0.0481755 -0.351096 0.00153786 0.999996 -0.0023331 -0.0914928 0.0481792 0.0022563 0.998836 9.72075
0.99874 -0.00344991 -0.0500577 -0.391758 0.0034065 0.999994 -0.00095248 -0.105184 0.0500606 0.000780759 0.998746 10.5471
0.998702 -0.000641431 -0.0509223 -0.431379 0.000565416 0.999999 -0.00150717 -0.116316 0.0509232 0.00147642 0.998701 11.3866
0.998551 0.00526735 -0.0535566 -0.462551 -0.00548004 0.999978 -0.00382512 -0.126043 0.0535352 0.00411307 0.998557 12.222
0.998647 0.00229679 -0.0519538 -0.543374 -0.00267999 0.99997 -0.00730716 -0.131044 0.0519354 0.00743651 0.998623 12.9995
0.998383 0.00701665 -0.0564132 -0.572496 -0.00741828 0.999949 -0.00691325 -0.15178 0.0563618 0.00732056 0.998384 13.8356
0.998368 0.00587725 -0.0567998 -0.630348 -0.0063091 0.999953 -0.00742663 -0.156776 0.0567535 0.00777287 0.998358 14.6712
0.998176 0.00374268 -0.0602527 -0.662346 -0.00413396 0.999971 -0.00637063 -0.175608 0.0602271 0.00660809 0.998163 15.5822
0.998258 0.00159159 -0.0589811 -0.724624 -0.00186354 0.999988 -0.00455608 -0.183895 0.0589731 0.00465806 0.998249 16.4223
0.998184 -0.00127837 -0.0602221 -0.803616 0.00101175 0.99999 -0.00445753 -0.19341 0.0602272 0.00438851 0.998175 17.3173
0.99815 0.00381835 -0.0606783 -0.86836 -0.00408909 0.999982 -0.00433845 -0.227657 0.0606606 0.00457854 0.998148 18.2149
0.997911 0.00129464 -0.0645854 -0.879564 -0.00164143 0.999985 -0.00531659 -0.242842 0.0645775 0.0054115 0.997898 19.0152
0.996937 -0.0216035 -0.0751713 -0.718019 0.0210867 0.999748 -0.00766173 -0.26513 0.0753179 0.00605314 0.997141 19.7676
0.998096 0.0018034 -0.0616509 -0.991124 -0.00184705 0.999998 -0.000651158 -0.267704 0.0616496 0.000763791 0.998098 20.874
0.998019 0.00280614 -0.0628461 -1.02132 -0.00261229 0.999992 0.0031664 -0.277345 0.0628545 -0.00299596 0.998018 21.7324
0.997661 0.00263025 -0.0683085 -0.999328 -0.00231432 0.999986 0.00470374 -0.298687 0.0683199 -0.00453465 0.997653 22.4737
0.99815 0.000191463 -0.0607946 -1.13615 0.000195451 0.99998 0.00635828 -0.284784 0.0607946 -0.0063584 0.99813 23.6513
0.998154 -0.000120483 -0.0607278 -1.17479 0.000327666 0.999994 0.00340172 -0.30599 0.0607271 -0.00341534 0.998149 24.5426
0.998096 0.00186 -0.0616442 -1.23353 -0.00195213 0.999997 -0.00143442 -0.313288 0.0616413 0.00155202 0.998097 25.4548
0.998303 -0.00107639 -0.0582253 -1.29938 0.000810798 0.999989 -0.00458486 -0.314392 0.0582296 0.00452987 0.998293 26.5436
0.99838 -0.00109955 -0.0568807 -1.37224 0.000884648 0.999992 -0.00380319 -0.328528 0.0568844 0.00374671 0.998374 27.4945
0.998293 -0.0046085 -0.058219 -1.41368 0.00464053 0.999989 0.00041494 -0.334279 0.0582165 -0.000684398 0.998304 28.3765
0.998161 -0.0108806 -0.059638 -1.46256 0.0111222 0.999931 0.00372108 -0.342291 0.0595934 -0.00437754 0.998213 29.3595
0.998083 -0.0157622 -0.0598561 -1.53221 0.015951 0.999869 0.00267811 -0.343128 0.0598061 -0.00362774 0.998203 30.3879
0.998186 -0.0109809 -0.0591988 -1.6165 0.0109623 0.99994 -0.000638643 -0.362156 0.0592022 -1.14723e-005 0.998246 31.3513
0.998024 -0.00641202 -0.0625011 -1.65613 0.0061296 0.99997 -0.00470935 -0.371269 0.0625295 0.00431694 0.998034 32.2972
0.997825 -0.00153087 -0.0658989 -1.70931 0.00116685 0.999984 -0.00556215 -0.376093 0.0659063 0.00547316 0.997811 33.1675
0.99785 -0.000856577 -0.0655333 -1.76418 0.000594114 0.999992 -0.00402442 -0.395682 0.0655362 0.00397683 0.997842 34.0463
0.997847 0.00626107 -0.0652776 -1.85324 -0.00632351 0.99998 -0.000750029 -0.409561 0.0652716 0.0011612 0.997867 34.9655
0.997631 0.000153185 -0.0687908 -1.8994 -0.000161428 1 -0.000114266 -0.413173 0.0687908 0.0001251 0.997631 35.8661
0.997671 0.00690025 -0.0678629 -1.98765 -0.00667383 0.999971 0.00356252 -0.431046 0.0678856 -0.00310131 0.997688 36.7876
0.997645 -3.17688e-005 -0.0685858 -2.04295 0.000428101 0.999983 0.00576395 -0.434918 0.0685844 -0.00577974 0.997629 37.7382
0.997474 0.00271332 -0.0709802 -2.12752 -0.00215816 0.999966 0.00789682 -0.433649 0.0709992 -0.00772368 0.997446 38.7646
0.997561 -0.00232134 -0.0697684 -2.11834 0.00277459 0.999976 0.00640026 -0.424321 0.0697519 -0.00657823 0.997543 38.5442
0.997562 0.00435854 -0.069655 -2.25222 -0.00396879 0.999976 0.00573283 -0.444259 0.0696783 -0.00544241 0.997555 40.4907
0.997467 0.00346011 -0.0710412 -2.29404 -0.00323477 0.999989 0.00328674 -0.441813 0.0710519 -0.00304862 0.997468 41.462
0.997501 0.00505874 -0.0704721 -2.34801 -0.00481579 0.999982 0.00361702 -0.461343 0.0704891 -0.0032686 0.997507 42.032
0.997362 -0.0018093 -0.0725663 -2.44503 0.00215752 0.999987 0.00472046 -0.465171 0.0725567 -0.00486457 0.997352 43.409
0.997395 -0.00112302 -0.0721301 -2.51191 0.00152508 0.999984 0.00551919 -0.469304 0.0721227 -0.00561482 0.99738 44.3243
0.997108 0.00090439 -0.0759908 -2.56479 -0.000720246 0.999997 0.00245062 -0.489506 0.0759928 -0.0023888 0.997106 45.2915
0.997275 0.00459838 -0.0736285 -2.68659 -0.00473609 0.999987 -0.00169589 -0.494251 0.0736197 0.00203998 0.997284 46.3706
0.997204 0.00463566 -0.0745837 -2.75952 -0.00488561 0.999983 -0.00316916 -0.512515 0.0745677 0.00352469 0.99721 47.3566
0.997082 -9.1862e-005 -0.076332 -2.82853 0.000118099 1 0.000339204 -0.522569 0.0763319 -0.000347229 0.997082 48.2858
0.997114 -0.00323987 -0.0758489 -2.89401 0.00347561 0.99999 0.00297624 -0.524464 0.0758385 -0.00323127 0.997115 49.219
0.997078 -0.00614933 -0.0761479 -2.95646 0.00641092 0.999974 0.00319122 -0.544608 0.0761263 -0.00367007 0.997091 50.1687
0.997078 -0.00624335 -0.0761339 -3.07577 0.00647095 0.999975 0.00274309 -0.550284 0.0761149 -0.00322774 0.997094 51.1999
0.997184 -0.00639974 -0.0747146 -3.15321 0.00649644 0.999978 0.00105129 -0.560102 0.0747062 -0.00153371 0.997204 52.2906
0.997262 -0.00617135 -0.0736964 -3.28002 0.0063411 0.999978 0.0020696 -0.556328 0.073682 -0.00253125 0.997279 53.1921
0.996966 -0.0034491 -0.0777667 -3.31155 0.00393609 0.999974 0.00610977 -0.574868 0.0777435 -0.00639733 0.996953 54.1634
0.996947 -0.00527898 -0.0779001 -3.39347 0.00614001 0.999923 0.0108177 -0.583683 0.0778369 -0.0112629 0.996902 55.1483
0.997014 -0.00179434 -0.0771963 -3.48985 0.00282976 0.999907 0.0133055 -0.599192 0.0771653 -0.0134842 0.996927 56.0123
0.996818 -0.00153747 -0.0797011 -3.5524 0.0022437 0.999959 0.00877213 -0.594884 0.0796844 -0.00892304 0.99678 57.1171
0.996681 0.00575247 -0.0812049 -3.66015 -0.00563076 0.999983 0.00172769 -0.602831 0.0812134 -0.00126471 0.996696 58.1459
0.996666 0.00498097 -0.081435 -3.70598 -0.00519993 0.999983 -0.00247695 -0.627245 0.0814213 0.00289214 0.996676 59.025
0.996483 0.0106143 -0.0831257 -3.654 -0.0107516 0.999941 -0.0012046 -0.611077 0.083108 0.0020941 0.996538 58.0121
0.996385 0.00906726 -0.0844639 -3.8413 -0.00911188 0.999958 -0.000142717 -0.627865 0.0844591 0.000911826 0.996427 60.326
0.996188 0.00558418 -0.0870546 -3.88607 -0.00537681 0.999982 0.00261636 -0.662068 0.0870677 -0.00213831 0.9962 61.0475
0.996314 0.00563574 -0.0855935 -3.96321 -0.00540193 0.999981 0.00296309 -0.661712 0.0856086 -0.00248979 0.996326 61.3062
0.996244 0.00496754 -0.0864486 -4.09213 -0.00472097 0.999984 0.00305642 -0.675622 0.0864625 -0.00263682 0.996252 62.6636
0.995902 0.00181423 -0.0904241 -4.15064 -0.00150223 0.999993 0.0035183 -0.682516 0.0904299 -0.00336804 0.995897 63.4522
0.99588 0.00169785 -0.0906668 -4.23306 -0.00124089 0.999986 0.00509615 -0.701379 0.0906742 -0.00496265 0.995868 64.1345
0.99578 -0.00152129 -0.0917582 -4.32549 0.00210391 0.999978 0.00625315 -0.719117 0.0917467 -0.00641982 0.995762 65.1584
0.995703 0.00122429 -0.0926001 -4.43137 -0.000516465 0.99997 0.00766751 -0.713417 0.0926067 -0.00758674 0.995674 66.0296
0.99554 0.00206731 -0.0943128 -4.50572 -0.000909072 0.999924 0.0123221 -0.716334 0.0943311 -0.0121814 0.995466 66.852
0.995548 0.00637515 -0.094044 -4.59754 -0.0050745 0.999888 0.0140629 -0.72626 0.0941231 -0.013523 0.995469 67.6882
0.995426 0.00984932 -0.0950264 -4.68941 -0.00889756 0.999906 0.0104343 -0.73321 0.0951203 -0.00954109 0.99542 68.5201
0.995235 0.007788 -0.0971925 -4.78742 -0.00747437 0.999966 0.00359058 -0.745541 0.0972171 -0.00284702 0.995259 69.3336
0.995076 0.00377914 -0.0990463 -4.84778 -0.00403291 0.999989 -0.00236208 -0.757473 0.0990363 0.0027499 0.99508 70.1388
0.995107 0.00252599 -0.0987742 -4.97495 -0.00290536 0.999989 -0.00369712 -0.764139 0.0987637 0.003966 0.995103 71.0694
0.995187 0.00578362 -0.0978271 -5.02426 -0.00581847 0.999983 -7.09794e-005 -0.76366 0.097825 0.000639842 0.995203 71.5695
0.994275 -0.000852474 -0.106851 -5.03816 0.00101894 0.999998 0.00150337 -0.789501 0.106849 -0.00160364 0.994274 72.2904
0.994705 -0.000829657 -0.102773 -5.168 0.000780998 1 -0.000513705 -0.818476 0.102773 0.00043072 0.994705 73.0619
0.99497 -0.00540241 -0.100031 -5.21364 0.00477614 0.999967 -0.00649922 -0.829092 0.100063 0.00598876 0.994963 73.7752
0.994923 -0.0129096 -0.0998126 -5.26784 0.0116881 0.99985 -0.0128137 -0.82843 0.099963 0.0115821 0.994924 74.2435
0.994911 -0.0109561 -0.100159 -5.32079 0.0097401 0.999873 -0.0126222 -0.846685 0.100284 0.0115824 0.994891 74.9272
0.995589 -0.00454779 -0.093712 -5.39773 0.00376329 0.999956 -0.00854643 -0.866767 0.0937468 0.00815606 0.995563 75.5204
0.996091 -0.00682677 -0.0880732 -5.46873 0.00636295 0.999964 -0.00554599 -0.878634 0.088108 0.0049639 0.996099 76.0764
0.996464 -0.00354667 -0.0839461 -5.44677 0.00339873 0.999992 -0.00190513 -0.888954 0.0839522 0.00161308 0.996468 76.4707
0.99712 -0.0062485 -0.0755836 -5.48456 0.00631114 0.99998 0.000589959 -0.890182 0.0755784 -0.00106528 0.997139 76.8397
0.997794 -0.00405757 -0.0662681 -5.5228 0.00418303 0.99999 0.00175446 -0.914735 0.0662603 -0.00202779 0.9978 77.5212
0.998765 -7.73299e-005 -0.0496836 -5.56068 0.000165159 0.999998 0.00176366 -0.916638 0.0496834 -0.00176968 0.998763 77.9633
0.999499 0.0048445 -0.0312875 -5.57852 -0.00475883 0.999985 0.00281196 -0.921613 0.0313006 -0.00266166 0.999506 78.5144
0.999926 0.00664193 -0.0102328 -5.55371 -0.00661318 0.999974 0.00284036 -0.926715 0.0102514 -0.00277248 0.999944 78.9541
0.999822 0.0103944 0.015744 -5.51447 -0.0104445 0.999941 0.003104 -0.940327 -0.0157108 -0.00326788 0.999871 79.5619
0.998907 0.00344057 0.0466124 -5.50748 -0.00372494 0.999975 0.00601534 -0.941118 -0.0465905 -0.0061824 0.998895 79.5137
0.997023 -0.00489708 0.0769531 -5.42173 0.00425753 0.999955 0.0084728 -0.951916 -0.0769912 -0.00811994 0.996999 80.4282
0.992879 -0.00790605 0.118865 -5.3739 0.00686618 0.999935 0.00915539 -0.943522 -0.11893 -0.00827405 0.992868 80.8601
0.987639 -0.00964594 0.15645 -5.19817 0.00810279 0.999912 0.0104983 -0.957117 -0.156537 -0.00910089 0.98763 81.4043
0.980892 -0.0049993 0.19449 -5.03886 0.00314202 0.999946 0.00985681 -0.967309 -0.194529 -0.00905737 0.980855 81.8777
0.968329 -0.00865977 0.249528 -4.92657 0.00502965 0.999872 0.0151818 -0.96019 -0.249628 -0.013446 0.968248 82.115
0.956302 0.000655531 0.292381 -4.64369 -0.00248989 0.999979 0.0059018 -0.967863 -0.292371 -0.0063719 0.956284 82.7601
0.934619 -0.00888811 0.355539 -4.51673 0.00713105 0.999955 0.0062522 -0.984934 -0.355578 -0.00330807 0.934641 83.126
0.910915 -0.00746968 0.412526 -4.24308 0.00543982 0.999967 0.0060947 -1.02476 -0.412557 -0.0033077 0.910926 83.6086
0.877951 -0.00147332 0.478749 -3.93673 0.00131933 0.999999 0.000657991 -0.980754 -0.47875 5.39428e-005 0.877952 84.0477
0.850492 -0.00528921 0.525962 -3.76288 0.00662349 0.999978 -0.000654296 -0.979097 -0.525947 0.00404018 0.850508 84.2271
0.811685 0.00195552 0.584092 -3.16369 0.013405 0.999669 -0.0219752 -0.813573 -0.583941 0.0256667 0.81139 84.9308
0.77014 -0.00600738 0.637847 -2.9903 -0.0045355 0.999879 0.0148933 -1.06204 -0.637859 -0.0143628 0.770019 85.0921
0.73225 -0.00662885 0.681004 -2.62287 0.00487423 0.999978 0.00449271 -0.97587 -0.681019 2.95832e-005 0.732266 85.3578
0.696785 -0.00370407 0.717271 -2.36282 -0.00156493 0.999976 0.00668423 -0.979864 -0.717279 -0.00577995 0.696763 85.4208
0.63482 0.00445417 0.772647 -1.87593 -0.000732083 0.999986 -0.00516324 -0.959816 -0.772659 0.00271209 0.634815 85.9826
0.595355 0.0171537 0.803279 -1.54038 -0.000707634 0.999783 -0.0208255 -0.877985 -0.803462 0.0118302 0.595238 86.0588
0.551428 -0.00670642 0.834195 -1.26021 0.0034804 0.999977 0.00573856 -0.967665 -0.834215 -0.000261069 0.551439 86.1757
0.497737 -0.000140812 0.867328 -0.817732 0.00020472 1 4.48674e-005 -0.96076 -0.867328 0.000155228 0.497737 86.4664
0.446903 0.0195912 0.894368 -0.433811 -0.00323812 0.999789 -0.0202824 -0.955393 -0.894577 0.00616819 0.446872 86.6565
0.415649 -0.00322595 0.909519 -0.102313 0.00318902 0.999993 0.00208947 -0.980095 -0.90952 0.00203199 0.415656 86.6844
0.377539 -0.017895 0.925821 0.312502 0.0106633 0.999831 0.0149772 -0.973456 -0.925932 0.00421786 0.377666 86.7722
0.338453 -0.0221552 0.940723 0.620322 0.01299 0.999738 0.0188716 -0.964559 -0.940894 0.00583281 0.338652 86.9021
0.304293 -0.0131281 0.952488 1.26728 0.0141104 0.999857 0.00927312 -0.992512 -0.952474 0.0106182 0.304435 87.0565
0.277307 -0.00326928 0.960776 1.77343 0.00178055 0.999994 0.00288882 -1.01736 -0.96078 0.000909624 0.277312 87.1229
0.248821 0.00544242 0.968534 2.21682 -0.00731545 0.999966 -0.00373967 -1.00607 -0.968522 -0.00615476 0.248853 87.2931
0.227243 -0.0028094 0.973834 2.95931 -0.00284957 0.99999 0.0035498 -1.0213 -0.973834 -0.00358167 0.227233 87.3782
0.201697 0.00165511 0.979447 3.50086 -0.000834087 0.999998 -0.00151808 -1.02518 -0.979448 -0.000510752 0.201698 87.1721
0.177334 -0.00760916 0.984121 3.63336 0.012112 0.999911 0.00554872 -1.02933 -0.984076 0.0109357 0.17741 87.454
0.160661 -0.0120787 0.986936 4.01551 0.0224699 0.999711 0.00857726 -1.04228 -0.986754 0.0207983 0.160886 87.4519
0.14114 -0.00634801 0.989969 4.61583 0.0242023 0.999703 0.00295988 -1.04572 -0.989694 0.0235418 0.141252 87.5557
0.127943 -0.00810945 0.991748 5.13575 0.0153024 0.999864 0.00620168 -1.05139 -0.991663 0.0143827 0.12805 87.5699
0.114292 -0.00427824 0.993438 6.09785 0.00850414 0.999958 0.00332794 -1.00113 -0.993411 0.00806798 0.114324 87.5385
0.0986121 -0.00443447 0.995116 5.94118 -0.0089006 0.999946 0.00533801 -1.04646 -0.995086 -0.00938352 0.0985673 87.6684
0.0890001 -0.00967224 0.995985 6.42417 -0.0171181 0.99979 0.0112388 -1.03939 -0.995885 -0.0180496 0.0888158 87.6584
0.0758673 -0.00722701 0.997092 7.01495 -0.0131085 0.99988 0.00824463 -1.06728 -0.997032 -0.0136958 0.0757635 87.7408
0.0705253 -0.0148019 0.9974 7.56612 -0.00639174 0.999863 0.0152904 -1.03307 -0.99749 -0.00745348 0.070421 87.6805
0.0648869 -0.0140737 0.997793 8.33914 -0.00394917 0.999889 0.0143601 -1.03656 -0.997885 -0.00487224 0.0648241 87.7148
0.0581544 -0.0147179 0.998199 8.61354 -0.00200077 0.999888 0.0148594 -1.06235 -0.998306 -0.00286131 0.0581184 87.7943
0.0498638 -0.0161735 0.998625 9.22201 -0.00487391 0.999853 0.0164367 -1.02356 -0.998744 -0.00568681 0.0497777 87.857
0.0499538 -0.0224658 0.998499 10.384 -0.0111103 0.999673 0.023048 -1.00453 -0.99869 -0.012245 0.0496879 87.8487
0.0445478 -0.0168619 0.998865 10.5526 -0.0122207 0.999774 0.0174223 -1.03803 -0.998933 -0.0129829 0.0443316 87.8707
0.0433035 -0.0200081 0.998862 11.3076 -0.0123162 0.999713 0.0205591 -1.01917 -0.998986 -0.0131925 0.0430446 87.8735
0.0389309 -0.0235418 0.998965 12.0393 -0.0158458 0.999582 0.0241739 -0.964827 -0.999116 -0.0167705 0.0385416 87.9394
0.0400191 -0.0285087 0.998792 12.8982 -0.0199333 0.999371 0.0293239 -0.973474 -0.999 -0.0210828 0.0394257 87.9585
0.0392925 -0.0279219 0.998838 13.3275 -0.0211308 0.999363 0.0287678 -1.04174 -0.999004 -0.0222366 0.0386775 88.0225
0.0445977 -0.0359847 0.998357 14.423 -0.0186801 0.999146 0.0368476 -0.906228 -0.99883 -0.0202928 0.0438874 87.9926
0.0480572 -0.035905 0.998199 15.0683 -0.0281398 0.998908 0.0372853 -0.948286 -0.998448 -0.0298809 0.0469943 88.0501
0.0484491 -0.0306165 0.998356 15.6846 -0.0276667 0.999105 0.0319821 -0.938279 -0.998442 -0.0291707 0.0475587 88.099
0.0567259 -0.0381984 0.997659 16.3924 -0.0355423 0.998557 0.0402536 -0.875896 -0.997757 -0.0377425 0.0552864 88.1013
0.0591505 -0.0363474 0.997587 17.3421 -0.0386138 0.998506 0.0386704 -0.877203 -0.997502 -0.040808 0.0576586 88.1837
0.0624751 -0.0315408 0.997548 17.9815 -0.0389108 0.998664 0.034013 -0.858405 -0.997288 -0.0409404 0.0611643 88.2284
0.0686135 -0.0334913 0.997081 18.7859 -0.0424008 0.998435 0.0364546 -0.815718 -0.996742 -0.0447783 0.0670861 88.2901
0.0705266 -0.0281255 0.997113 19.6043 -0.0415559 0.998652 0.0311082 -0.788502 -0.996644 -0.0436299 0.0692627 88.3634
0.0733354 -0.0273567 0.996932 20.4989 -0.0302707 0.999102 0.029643 -0.777929 -0.996848 -0.0323518 0.0724415 88.4666
0.0758667 -0.0222852 0.996869 21.3302 -0.0237703 0.999426 0.0241514 -0.754727 -0.996835 -0.0255281 0.0752935 88.5025
0.0739355 -0.0166044 0.997125 22.4894 -0.0191892 0.999653 0.0180694 -0.746142 -0.997078 -0.02047 0.0735912 88.6437
0.0766483 -0.0190468 0.996876 23.1998 -0.0211954 0.99956 0.0207277 -0.740312 -0.996833 -0.0227179 0.0762109 88.6345
0.0746083 -0.0157641 0.997088 24.0353 -0.0225423 0.999593 0.0174904 -0.711408 -0.996958 -0.0237816 0.0742226 88.7614
0.0755057 -0.0176773 0.996989 24.9586 -0.0226173 0.999555 0.0194357 -0.716986 -0.996889 -0.0240167 0.0750723 88.7997
0.0789427 -0.0169444 0.996735 25.7582 -0.0229669 0.999559 0.0188114 -0.702228 -0.996615 -0.0243769 0.0785187 88.8607
0.0735023 -0.0103421 0.997241 26.6632 -0.0169608 0.999789 0.0116186 -0.701334 -0.997151 -0.017768 0.0733113 88.9703
0.0782747 -0.0119964 0.99686 27.5443 -0.0192574 0.999723 0.013543 -0.692177 -0.996746 -0.020257 0.078022 89.0177
0.0769257 -0.00820501 0.997003 28.3849 -0.0134154 0.999867 0.00926367 -0.696435 -0.996947 -0.0140878 0.0768054 89.088
0.0734918 -0.00475981 0.997284 29.2911 -0.0124244 0.999907 0.0056879 -0.697485 -0.997218 -0.0128086 0.0734258 89.1549
0.0692645 -0.00239153 0.997595 30.0603 -0.0132666 0.999906 0.00331818 -0.704354 -0.99751 -0.0134645 0.0692263 89.2284
0.0651979 0.000293943 0.997872 30.9281 -0.0147767 0.999891 0.000670925 -0.718485 -0.997763 -0.014789 0.0651951 89.2819
0.0593965 0.000675029 0.998234 31.764 -0.0122666 0.999925 5.37118e-005 -0.72254 -0.998159 -0.0122482 0.0594003 89.3233
0.0503336 0.000667363 0.998732 32.6495 -0.00688131 0.999976 -0.000321394 -0.728562 -0.998709 -0.0068564 0.050337 89.3949
0.0540914 -0.0350464 0.997921 32.2107 -0.00207313 0.999378 0.0352099 -0.805082 -0.998534 -0.00397337 0.0539851 89.1453
0.0331585 0.00106798 0.99945 34.0349 0.00234286 0.999997 -0.00114629 -0.770922 -0.999447 0.00237958 0.0331559 89.3769
0.021125 0.00173662 0.999775 35.0618 0.00244288 0.999995 -0.00178862 -0.766941 -0.999774 0.00248011 0.0211206 89.4082
0.0124648 -0.00203847 0.99992 35.841 -0.00480248 0.999986 0.00209847 -0.78066 -0.999911 -0.00482826 0.0124549 89.4274
0.00213794 -0.00234285 0.999995 36.8309 -0.0056244 0.999981 0.00235485 -0.789185 -0.999982 -0.00562941 0.00212472 89.4135
-0.0104372 -0.00509479 0.999933 37.7457 -0.00318772 0.999982 0.00506177 -0.795437 -0.99994 -0.00313468 -0.0104532 89.4322
-0.0207444 -0.004518 0.999775 38.5892 -0.00279465 0.999986 0.00446097 -0.816158 -0.999781 -0.00270148 -0.0207568 89.3962
-0.0305357 -0.00173165 0.999532 39.5234 -0.00147041 0.999997 0.00168753 -0.821607 -0.999533 -0.00141819 -0.0305381 89.372
-0.0413224 -0.00437509 0.999136 40.3165 -0.00219215 0.999988 0.00428816 -0.8397 -0.999143 -0.00201306 -0.0413315 89.3308
-0.0508592 -0.00520083 0.998692 41.4363 -0.00200606 0.999985 0.0051054 -0.86293 -0.998704 -0.00174378 -0.0508689 89.2739
-0.0609978 -0.00528475 0.998124 42.0942 -0.0012298 0.999986 0.00521945 -0.857484 -0.998137 -0.000909114 -0.0610035 89.2499
-0.0687096 -0.00609326 0.997618 43.068 -0.00266306 0.999979 0.00592426 -0.862832 -0.997633 -0.00224966 -0.0687244 89.1494
-0.0780683 -0.00692222 0.996924 43.9239 -0.00471596 0.999967 0.00657405 -0.879819 -0.996937 -0.00418823 -0.0780984 89.0946
-0.0869268 -0.00976172 0.996167 44.7812 -0.00703286 0.999933 0.00918493 -0.874381 -0.99619 -0.00620748 -0.0869896 89.0418
-0.0905438 -0.0119904 0.99582 45.5621 -0.0111965 0.999877 0.0110213 -0.88647 -0.99583 -0.0101517 -0.0906668 88.9496
-0.094561 -0.0152878 0.995402 46.3978 -0.0131055 0.999815 0.0141106 -0.894223 -0.995433 -0.0117109 -0.0947438 88.8627
-0.0975121 -0.016258 0.995102 47.2383 -0.0150337 0.999777 0.0148612 -0.904146 -0.995121 -0.0135109 -0.0977347 88.783
-0.0991308 -0.0175235 0.99492 48.0564 -0.016442 0.999737 0.0159701 -0.898316 -0.994939 -0.0147754 -0.0993929 88.7082
-0.0997952 -0.0171417 0.99486 48.7926 -0.0179161 0.99972 0.0154282 -0.900545 -0.994847 -0.0162844 -0.100074 88.6357
-0.100035 -0.0183325 0.994815 49.5895 -0.0166997 0.99972 0.0167437 -0.908137 -0.994844 -0.0149382 -0.100313 88.5589
-0.110422 -0.0162446 0.993752 50.3413 -0.00896966 0.999842 0.0153475 -0.848121 -0.993844 -0.00721892 -0.11055 88.6173
-0.0912422 -0.0195733 0.995636 51.0167 -0.0143927 0.999728 0.0183348 -0.888508 -0.995725 -0.012657 -0.0914991 88.4519
-0.0835467 -0.0192871 0.996317 51.6868 -0.0153722 0.999719 0.0180639 -0.886099 -0.996385 -0.0138064 -0.0838197 88.4151
-0.0722838 -0.0187778 0.997207 52.4197 -0.0152485 0.999727 0.0177199 -0.886472 -0.997268 -0.0139251 -0.0725504 88.3679
-0.0676364 -0.0139494 0.997613 53.0266 -0.0158938 0.99979 0.0129023 -0.875561 -0.997583 -0.0149832 -0.067844 88.4059
-0.0428678 -0.0195092 0.99889 53.5897 -0.018572 0.999652 0.018727 -0.887568 -0.998908 -0.0177486 -0.0432152 88.3381
-0.0223016 -0.0185254 0.99958 54.1843 -0.0143597 0.999731 0.0182078 -0.869903 -0.999648 -0.0139476 -0.0225616 88.344
0.00175968 -0.0114569 0.999933 54.7599 -0.0122656 0.999859 0.0114776 -0.909483 -0.999923 -0.012285 0.00161891 88.3768
0.0301151 -0.0127135 0.999466 55.3876 -0.00986364 0.999867 0.0130159 -0.903923 -0.999498 -0.0102503 0.0299857 88.4314
0.0761695 0.0176298 0.996939 55.559 -0.0282761 0.99948 -0.0155143 -1.04338 -0.996694 -0.0270078 0.0766284 88.2385
0.10063 -0.010897 0.994864 56.3735 -0.0148489 0.999812 0.0124532 -0.895108 -0.994813 -0.0160258 0.100449 88.5413
0.14122 -0.0141292 0.989877 56.896 -0.0168072 0.99972 0.0166675 -0.861542 -0.989836 -0.0189908 0.140943 88.6632
0.185783 -0.00681175 0.982567 57.409 -0.021425 0.99971 0.0109816 -0.898498 -0.982357 -0.0230917 0.185584 88.7749
0.245094 0.0105705 0.969442 57.689 -0.0157651 0.999852 -0.0069163 -0.988676 -0.969371 -0.0135882 0.245225 88.7881
0.291872 0.0124308 0.956377 58.3003 -0.031512 0.999498 -0.00337427 -0.928193 -0.955938 -0.0291525 0.292117 89.0251
0.340817 0.000643991 0.940129 58.7811 -0.0139505 0.999893 0.00437242 -0.93012 -0.940026 -0.0146054 0.340789 89.2491
0.40366 -0.00920318 0.914863 59.2631 0.00136061 0.999954 0.00945884 -0.935207 -0.914908 -0.00257338 0.403654 89.473
0.461594 -0.016406 0.886939 59.7827 0.0106302 0.999859 0.0129624 -0.92053 -0.887027 0.00344502 0.461704 89.7569
0.517833 -0.012228 0.855394 60.1974 0.00739537 0.999924 0.00981713 -0.931443 -0.85545 0.00124232 0.517884 90.0923
0.582725 -0.0324439 0.812022 60.6094 0.0223675 0.999465 0.0238817 -0.867584 -0.812362 0.0042464 0.583138 90.3436
0.633481 -0.00250806 0.773754 60.9137 -0.00125596 0.99999 0.00426965 -0.890917 -0.773757 -0.00367655 0.633471 90.6954
0.686708 -0.00651999 0.726904 61.2063 -0.00473892 0.999898 0.0134455 -0.874993 -0.726918 -0.0126779 0.686607 90.9921
0.729496 -0.000290119 0.683985 61.5069 -0.00770907 0.999933 0.00864615 -0.864559 -0.683942 -0.0115802 0.729445 91.4135
0.779295 -0.00592956 0.626629 61.7183 -0.00356144 0.999897 0.0138908 -0.877479 -0.626647 -0.0130567 0.779194 91.7184
0.818087 -0.0064313 0.575058 61.896 -0.00726037 0.999742 0.0215096 -0.878867 -0.575048 -0.0217718 0.81783 92.0582
0.855331 -0.00229299 0.518077 62.0823 -0.0145271 0.999491 0.0284076 -0.868513 -0.517878 -0.031824 0.854862 92.4201
0.882242 -0.00501384 0.47077 62.1809 -0.0138645 0.999233 0.0366248 -0.884012 -0.470592 -0.0388389 0.881496 92.7867
0.910174 -0.00658284 0.414173 62.366 -0.0123339 0.999 0.0429828 -0.908082 -0.414042 -0.0442302 0.909183 93.2121
0.928086 0.00353667 0.37235 62.4898 -0.0183425 0.999175 0.0362283 -0.886136 -0.371915 -0.0404528 0.927385 93.6693
0.941194 0.0189439 0.337335 62.5431 -0.0302399 0.999143 0.0282627 -0.856087 -0.336511 -0.0368016 0.94096 94.1097
0.958922 -0.0269686 0.282384 62.6917 0.0138451 0.998734 0.0483672 -0.92682 -0.28333 -0.0424707 0.958081 94.0869
0.963985 0.0100606 0.265766 62.8049 -0.0194513 0.999275 0.0327258 -0.856664 -0.265244 -0.0367167 0.963482 94.9757
0.969151 -0.00272844 0.246453 62.8954 -0.00491063 0.999526 0.0303762 -0.850362 -0.246419 -0.0306493 0.968679 95.4345
0.973174 -0.00559778 0.230002 63.0291 -0.0017144 0.9995 0.0315797 -0.83282 -0.230064 -0.0311268 0.972678 95.9153
0.978143 -0.0052942 0.207866 63.12 -0.00316507 0.999181 0.0403421 -0.837676 -0.207909 -0.0401183 0.977325 96.3315
0.978791 -0.00109672 0.204857 63.3363 -0.00569343 0.999454 0.0325534 -0.791331 -0.204781 -0.0330293 0.97825 97.6042
0.979899 0.00710337 0.199368 63.3697 -0.0130926 0.999501 0.0287389 -0.779111 -0.199065 -0.0307715 0.979503 97.8843
0.980304 0.0175227 0.196717 63.4638 -0.0227663 0.999442 0.0244259 -0.771183 -0.19618 -0.0284233 0.980156 98.4558
0.981134 0.015235 0.192727 63.5716 -0.0206196 0.99945 0.0259641 -0.767636 -0.192225 -0.0294482 0.980909 99.0003
0.980145 0.00874655 0.19809 63.7682 -0.0128914 0.999724 0.0196439 -0.754986 -0.197864 -0.0218075 0.979987 99.9486
0.97935 -0.00269432 0.202154 63.8315 -2.15175e-005 0.99991 0.0134311 -0.753403 -0.202172 -0.0131581 0.979262 100.283
0.97831 -0.00309295 0.207125 63.9672 0.00124767 0.999958 0.00903903 -0.744741 -0.207144 -0.00858454 0.978273 100.894
0.977801 -0.00372573 0.209504 64.0979 0.00154616 0.999943 0.0105663 -0.725225 -0.209531 -0.0100078 0.977751 101.542
0.976347 0.00305475 0.216187 64.2309 -0.00591071 0.999904 0.0125653 -0.728218 -0.216128 -0.0135459 0.976271 102.185
0.975295 0.00453998 0.220858 64.3306 -0.00860949 0.99981 0.0174668 -0.729364 -0.220737 -0.0189368 0.97515 102.643
0.974435 0.00245786 0.224657 64.4737 -0.00791946 0.999695 0.023413 -0.721018 -0.224531 -0.0245936 0.974157 103.217
0.973879 0.000792789 0.227068 64.6662 -0.00724715 0.999593 0.0275925 -0.689195 -0.226954 -0.0285173 0.973488 103.885
0.973276 -0.00865539 0.229477 64.8183 0.00169635 0.999533 0.0305057 -0.678512 -0.229633 -0.0293011 0.972836 104.584
0.972801 -0.015323 0.231135 64.99 0.00901707 0.999558 0.0283141 -0.679607 -0.231467 -0.0254599 0.97251 105.329
0.97313 -0.014273 0.229814 65.1867 0.00952619 0.999718 0.0217514 -0.65907 -0.23006 -0.0189777 0.972991 106.073
0.973232 -0.0148845 0.229344 65.3675 0.0115506 0.999807 0.0158724 -0.659381 -0.229536 -0.0127984 0.973216 106.831
0.973901 -0.00340285 0.226949 65.5113 0.000794668 0.999933 0.0115828 -0.631513 -0.226973 -0.0111001 0.973838 107.459
0.974646 -0.00373202 0.223721 65.6821 0.000120996 0.99987 0.0161523 -0.631188 -0.223752 -0.0157157 0.974519 108.193
0.974471 -0.00122211 0.22451 65.7831 -0.0040124 0.999731 0.0228575 -0.628817 -0.224478 -0.0231748 0.974204 108.869
0.975376 -0.000793618 0.220545 65.9602 -0.00578081 0.999558 0.0291628 -0.625706 -0.220471 -0.0297197 0.974941 109.573
0.976145 0.00237108 0.217105 66.1064 -0.00817791 0.999632 0.0258521 -0.594436 -0.216964 -0.0270109 0.975806 110.207
0.976332 0.00530948 0.216213 66.3058 -0.0101492 0.999722 0.0212801 -0.578027 -0.21604 -0.0229708 0.976114 111.211
0.977084 0.00392194 0.21282 66.46 -0.00766574 0.99983 0.0167691 -0.577126 -0.212718 -0.0180162 0.976947 111.995
0.978028 -0.00474928 0.20842 66.6241 0.00201114 0.999909 0.0133476 -0.554052 -0.208464 -0.0126351 0.977948 112.716
0.978754 -0.00505738 0.204975 66.8585 0.00206407 0.999888 0.0148145 -0.54482 -0.205027 -0.0140766 0.978655 113.826
0.979592 -0.00892294 0.200797 66.9561 0.00534756 0.999817 0.0183413 -0.548187 -0.200924 -0.0168932 0.979461 114.333
0.979978 -0.00749595 0.198965 67.1166 0.00344165 0.999779 0.020715 -0.53604 -0.199076 -0.0196154 0.979788 115.107
0.980115 -0.00973632 0.19819 67.2878 0.00527621 0.999721 0.0230199 -0.521101 -0.198359 -0.0215165 0.979893 115.932
0.980257 -0.00940827 0.197501 67.4383 0.00436323 0.999653 0.025964 -0.517644 -0.197677 -0.0245897 0.979959 116.668
0.980456 -0.0094601 0.19651 67.6087 0.00420954 0.999623 0.0271196 -0.507935 -0.196692 -0.0257623 0.980127 117.466
0.980231 0.00080439 0.197857 67.7568 -0.00554161 0.999711 0.0233901 -0.484307 -0.197781 -0.0240242 0.979952 118.336
0.979815 0.00998182 0.199659 67.901 -0.0140832 0.999718 0.019132 -0.466196 -0.199412 -0.0215576 0.979679 119.199
0.980076 0.0151633 0.198043 68.0805 -0.0189763 0.999669 0.0173696 -0.460237 -0.197715 -0.0207817 0.980039 120.088
0.979091 0.0171571 0.202696 68.246 -0.0207073 0.999667 0.0154068 -0.451781 -0.202364 -0.019282 0.979121 120.945
0.979095 0.0120044 0.20305 68.436 -0.0157435 0.999735 0.0168095 -0.433278 -0.202794 -0.0196548 0.979024 121.785
0.978171 0.00736164 0.207669 68.6017 -0.0110086 0.999805 0.016411 -0.435455 -0.207508 -0.0183389 0.978061 122.635
0.977683 -0.000381744 0.210086 68.8103 -0.002643 0.999897 0.0141167 -0.429394 -0.210069 -0.0143569 0.977581 123.656
0.977977 -0.012311 0.208351 69.0099 0.00918838 0.999831 0.0159483 -0.413325 -0.208512 -0.0136827 0.977924 124.395
0.977591 -0.0161461 0.209895 69.1871 0.0127728 0.999767 0.0174169 -0.420066 -0.210127 -0.0143456 0.977569 125.334
0.976971 -0.0132195 0.212964 69.3291 0.00996432 0.999817 0.0163513 -0.410329 -0.213141 -0.0138527 0.976923 126.123
0.976672 -0.00268867 0.214719 69.5505 -0.000897691 0.999862 0.0166033 -0.389653 -0.214734 -0.0164088 0.976535 127.047
0.976752 0.00189124 0.214363 69.7271 -0.00720075 0.999686 0.0239907 -0.392123 -0.21425 -0.0249765 0.976459 127.89
0.975724 0.0102607 0.218762 69.8925 -0.0160455 0.999567 0.0246832 -0.38605 -0.218413 -0.0275942 0.975466 128.746
0.975624 0.00626982 0.219359 70.1058 -0.0106207 0.999769 0.0186607 -0.374688 -0.219191 -0.0205356 0.975466 129.764
0.975839 -0.00768423 0.218354 70.1349 0.00608112 0.999949 0.00801283 -0.383667 -0.218405 -0.0064914 0.975837 129.804
0.975488 -0.0131032 0.219663 70.4829 0.0139274 0.999901 -0.00220423 -0.369391 -0.219612 0.00520954 0.975573 131.466
0.975692 -0.0128145 0.218772 70.6361 0.0114375 0.999906 0.0075597 -0.370076 -0.218848 -0.00487374 0.975747 132.19
0.97669 -0.00876018 0.214478 70.7527 0.00247348 0.99956 0.0295625 -0.370355 -0.214642 -0.0283429 0.976281 132.535
0.976478 -0.00251163 0.215602 70.946 -0.00673529 0.999089 0.0421434 -0.348312 -0.215511 -0.0426043 0.975571 133.597
0.976439 0.00233995 0.215782 71.1123 -0.0105658 0.99926 0.0369752 -0.357701 -0.215536 -0.038384 0.975741 134.4
0.976682 0.00438834 0.214648 71.3317 -0.00882671 0.999767 0.0197233 -0.318936 -0.214511 -0.021158 0.976492 135.574
0.977043 -0.000300092 0.213041 71.5284 -0.00255453 0.999911 0.013124 -0.314043 -0.213026 -0.013367 0.976955 136.511
0.977601 -0.00702076 0.210352 71.7055 0.00462541 0.999919 0.0118772 -0.293782 -0.210418 -0.0106382 0.977554 137.257
0.977664 -0.00447947 0.210124 71.8784 0.00152667 0.999898 0.0142127 -0.300549 -0.210167 -0.0135745 0.977571 138.252
0.97825 -0.00585158 0.207349 72.1001 0.00386989 0.999943 0.0099616 -0.261861 -0.207395 -0.00894252 0.978216 139.33
0.979375 -0.00131102 0.202046 72.2526 -0.000693049 0.999951 0.00984784 -0.280179 -0.202049 -0.00978475 0.979327 139.98
0.97936 0.00449466 0.202072 72.4378 -0.00635383 0.999943 0.00855281 -0.294644 -0.202022 -0.00966021 0.979333 141.089
0.979724 0.0138776 0.199869 72.5949 -0.0152707 0.999869 0.00542996 -0.276003 -0.199768 -0.00837199 0.979808 141.953
0.980573 0.0106802 0.195865 72.7583 -0.0125405 0.999887 0.00826017 -0.290563 -0.195754 -0.0105559 0.980596 142.708
0.980492 0.00606045 0.196464 72.9102 -0.0088323 0.999873 0.0132356 -0.290089 -0.196359 -0.0147127 0.980422 143.564
0.980855 -0.00209541 0.194727 73.1007 -0.000450181 0.999915 0.0130274 -0.297238 -0.194738 -0.0128657 0.980771 144.54
0.981082 -0.00279562 0.193574 73.2596 0.000700415 0.99994 0.0108914 -0.281936 -0.193593 -0.0105498 0.981025 145.431
0.981936 -0.0108805 0.188899 73.393 0.00968156 0.999927 0.00726858 -0.281316 -0.188964 -0.00530844 0.98197 146.079
0.983253 -0.0111919 0.181903 73.5977 0.010079 0.999924 0.00704179 -0.292345 -0.181968 -0.00509047 0.983291 147.065
0.984293 -0.00995189 0.176261 73.7125 0.00806737 0.999902 0.0114051 -0.287209 -0.176357 -0.00980399 0.984277 147.796
0.985498 -0.00565863 0.169592 73.831 0.00211572 0.999776 0.0210642 -0.299374 -0.169673 -0.0204 0.985289 148.477
0.986152 -0.00705847 0.165695 73.9447 0.00202054 0.999531 0.0305537 -0.289907 -0.165833 -0.0297958 0.985704 149.245
0.986989 0.00132695 0.16078 74.0898 -0.00659133 0.999459 0.0322138 -0.285223 -0.16065 -0.0328544 0.986464 150.128
0.98752 0.00673305 0.157351 74.1989 -0.0109222 0.999608 0.0257738 -0.273835 -0.157115 -0.0271708 0.987206 150.82
0.98852 0.00686277 0.150934 74.3621 -0.00947919 0.999817 0.0166222 -0.258142 -0.150792 -0.0178621 0.988404 152.07
0.98975 -0.00625339 0.142671 74.4925 0.00466736 0.999924 0.0114486 -0.24143 -0.142732 -0.0106654 0.989704 152.843
0.990445 -0.00636579 0.137762 74.5772 0.0048154 0.999921 0.0115845 -0.245364 -0.137825 -0.0108105 0.990398 153.596
0.991604 -0.000526086 0.12931 74.6807 -0.00138348 0.999891 0.0146771 -0.243689 -0.129304 -0.0147327 0.991496 154.438
0.992668 0.00861366 0.120562 74.7576 -0.0101645 0.999873 0.0122544 -0.243021 -0.120441 -0.01339 0.99263 155.158
0.993671 0.0125483 0.111631 74.8334 -0.013279 0.999895 0.00580447 -0.246532 -0.111546 -0.00725009 0.993733 155.905
0.994535 0.0110393 0.103817 74.9179 -0.0114757 0.999928 0.00360717 -0.245992 -0.10377 -0.00477883 0.99459 156.763
0.995535 -0.00263733 0.0943572 74.9985 0.00201961 0.999976 0.00664145 -0.253757 -0.0943724 -0.00642123 0.995516 157.613
0.996162 0.0030575 0.0874731 75.0496 -0.00414594 0.999916 0.0122641 -0.256985 -0.0874282 -0.0125797 0.996091 158.342
0.996798 0.00849177 0.0795082 75.0889 -0.0098713 0.999807 0.0169738 -0.253437 -0.0793487 -0.0177043 0.99669 159.058
0.997469 0.00450818 0.0709666 75.1444 -0.00599488 0.999767 0.0207502 -0.251123 -0.0708565 -0.0211231 0.997263 159.93
0.997829 0.00417389 0.0657185 75.1858 -0.00563893 0.999739 0.022123 -0.245656 -0.065609 -0.0224455 0.997593 160.753
0.998132 0.000448845 0.0610972 75.2508 -0.00167465 0.999798 0.0200135 -0.244124 -0.0610759 -0.0200784 0.997931 161.68
0.998354 0.0056376 0.0570668 75.2975 -0.00647597 0.999874 0.0145168 -0.24146 -0.0569777 -0.0148625 0.998265 162.761
0.998546 0.00749403 0.0533899 75.3116 -0.00788555 0.999944 0.00712637 -0.235614 -0.0533334 -0.00753701 0.998548 163.541
0.998615 0.0105974 0.0515279 75.3265 -0.0108754 0.999928 0.00511643 -0.240443 -0.05147 -0.00566973 0.998658 164.469
0.998875 0.0028515 0.0473438 75.3624 -0.00334992 0.99994 0.0104518 -0.232164 -0.0473111 -0.0105986 0.998824 165.184
0.998986 0.00544921 0.0446931 75.4017 -0.00638677 0.999762 0.0208617 -0.23479 -0.0445688 -0.021126 0.998783 166.053
0.999109 0.00835094 0.0413585 75.4276 -0.00950831 0.999566 0.0278666 -0.232121 -0.0411079 -0.028235 0.998756 166.857
0.999334 -0.000426771 0.0364911 75.3419 -0.000483709 0.999689 0.0249383 -0.277031 -0.0364904 -0.0249393 0.999023 167.636
0.9994 -0.0159545 0.0307302 75.4408 0.0155199 0.999777 0.0143289 -0.238225 -0.0309519 -0.0138434 0.999425 168.584
0.999496 -0.0158273 0.0275085 75.4561 0.0155774 0.999836 0.00927799 -0.238675 -0.0276508 -0.0088448 0.999579 169.498
0.999814 0.000926524 0.019242 75.4692 -0.0011283 0.999944 0.0104783 -0.231614 -0.0192312 -0.010498 0.99976 170.346
0.999927 0.000692191 0.0120496 75.4698 -0.000891467 0.999863 0.0165405 -0.231321 -0.0120365 -0.01655 0.999791 171.199
0.999985 -0.00264472 0.00480055 75.4732 0.00254892 0.9998 0.0198541 -0.224285 -0.0048521 -0.0198415 0.999791 172.325
0.999855 -0.0169693 -0.00168431 75.4653 0.0170059 0.999547 0.0248268 -0.214766 0.00126226 -0.0248519 0.99969 173.069
0.999837 -0.0162096 -0.00789619 75.4803 0.0163915 0.999588 0.0235522 -0.204423 0.00751117 -0.0236778 0.999691 174.149
0.999773 -0.0157258 -0.0143733 75.4562 0.0159574 0.999742 0.0161459 -0.206674 0.0141156 -0.0163716 0.999766 175.06
0.996118 -0.0845261 -0.0245974 75.4371 0.0849148 0.996272 0.0152117 -0.167761 0.0232199 -0.0172413 0.999582 174.782
0.999359 -0.0217456 -0.0284236 75.429 0.0218076 0.99976 0.0018728 -0.185696 0.0283761 -0.00249145 0.999594 176.644
0.999313 -0.00637649 -0.0365181 75.4078 0.00688273 0.999882 0.013754 -0.178598 0.036426 -0.0139959 0.999238 176.918
0.999132 0.00404062 -0.0414624 75.3464 -0.0029083 0.999622 0.0273336 -0.163888 0.0415571 -0.0271893 0.998766 177.649
0.998818 0.0199467 -0.0443143 75.3021 -0.0185638 0.999334 0.0314022 -0.168117 0.0449111 -0.0305424 0.998524 178.713
0.998689 0.0147567 -0.0490145 75.2742 -0.0132668 0.999444 0.0305847 -0.157181 0.0494386 -0.0298944 0.99833 179.143
0.998669 0.00691009 -0.0511175 75.197 -0.00589205 0.999782 0.0200395 -0.136975 0.0512448 -0.0197116 0.998492 180.372
0.998523 0.0128655 -0.0527868 75.114 -0.0123604 0.999875 0.009883 -0.127448 0.0529073 -0.00921593 0.998557 181.489
0.998402 0.00959033 -0.05569 75.0637 -0.00920582 0.999932 0.00715704 -0.125256 0.0557549 -0.00663293 0.998422 182.215
0.998305 0.00515139 -0.0579754 75.0219 -0.00447504 0.99992 0.0117898 -0.122305 0.0580315 -0.0115104 0.998248 183.144
0.998307 -0.0066488 -0.0577831 74.989 0.00781664 0.999769 0.0200083 -0.119122 0.0576367 -0.0204261 0.998129 183.721
0.998334 -0.00526184 -0.057464 74.9156 0.00675461 0.999644 0.0258142 -0.110214 0.0573077 -0.0261594 0.998014 184.714
0.998243 0.0012488 -0.0592469 74.863 0.000253943 0.999679 0.0253498 -0.107369 0.0592596 -0.0253203 0.997921 185.604
0.998166 0.000442678 -0.0605325 74.8015 0.000481977 0.999883 0.0152599 -0.0975401 0.0605322 -0.0152611 0.99805 186.479
0.997908 -0.0117387 -0.0635831 74.7625 0.0119776 0.999923 0.00337775 -0.0990372 0.0635385 -0.00413225 0.997971 187.358
0.997681 -0.0199466 -0.0650803 74.7402 0.0198919 0.999801 -0.00148736 -0.101584 0.065097 0.000189336 0.997879 188.162
0.997658 -0.016848 -0.0662984 74.6532 0.0171116 0.999848 0.00340915 -0.101253 0.0662308 -0.00453563 0.997794 189.282
0.997705 -0.00239623 -0.0676689 74.6023 0.00338232 0.99989 0.0144615 -0.108387 0.0676268 -0.0146572 0.997603 189.826
0.997473 0.00763911 -0.0706281 74.5466 -0.00635415 0.999811 0.0184002 -0.116485 0.0707553 -0.017905 0.997333 190.649
0.997477 0.00973803 -0.0703184 74.4632 -0.0087292 0.999855 0.0146397 -0.108455 0.0704507 -0.013989 0.997417 192.154
0.997533 0.00141598 -0.0701778 74.4003 -0.000823194 0.999964 0.00847508 -0.108615 0.0701872 -0.00839641 0.997498 192.744
0.99749 0.00891412 -0.0702492 74.3181 -0.0083248 0.999928 0.00867722 -0.106014 0.0703215 -0.00807063 0.997492 193.777
0.99746 0.0112349 -0.0703416 74.2444 -0.0104504 0.999879 0.01151 -0.10564 0.0704624 -0.0107457 0.997457 194.641
0.997401 0.00698542 -0.0717109 74.1853 -0.00587318 0.999859 0.0157092 -0.114607 0.0718105 -0.0152472 0.997302 195.44
