0.999993 -0.00137303 -0.00338692 -0.00590868 0.00136543 0.999997 -0.0022434 -0.00116763 0.00338999 0.00223876 0.999992 0.65323
0.999975 -0.00228074 -0.00671158 -0.00891958 0.00225553 0.99999 -0.003761 0.00116719 0.00672009 0.00374576 0.99997 0.638363
0.999933 -0.00118896 -0.0115498 -0.0138166 0.00113186 0.999987 -0.00494943 -0.00707395 0.0115556 0.00493602 0.999921 0.678926
0.999861 0.00393717 -0.0161708 -0.0186305 -0.00402817 0.999976 -0.00559851 -0.00570672 0.0161483 0.00566287 0.999854 0.670063
0.999797 0.000214354 -0.0201283 -0.0155162 -0.000343012 0.99998 -0.00638864 -0.00815101 0.0201265 0.00639425 0.999777 0.683122
0.99969 0.0032912 -0.0246975 -0.0290967 -0.0034712 0.999968 -0.00724893 -0.0144918 0.0246728 0.00733241 0.999669 0.716718
0.999536 0.00297043 -0.0303194 -0.0207561 -0.00322285 0.999961 -0.00827988 -0.00154671 0.0302937 0.00837375 0.999506 0.695928
0.999377 0.0041124 -0.0350576 -0.0189253 -0.00435953 0.999966 -0.00697575 -0.00362276 0.0350277 0.00712424 0.999361 0.73195
0.999257 0.000915606 -0.0385207 -0.0158977 -0.00105355 0.999993 -0.00356077 -0.00993294 0.0385172 0.00359871 0.999251 0.0976326
0.999141 0.00019224 -0.041429 -0.0548875 -0.000250493 0.999999 -0.00140091 -0.0120487 0.0414287 0.00141008 0.99914 1.16563
0.998958 -0.000888598 -0.0456305 0.0122584 0.000800337 0.999998 -0.00195248 0.00676533 0.0456321 0.00191393 0.998956 -0.341392
0.998905 0.00194096 -0.0467406 -0.0137189 -0.00199729 0.999997 -0.00115854 -0.0064611 0.0467382 0.00125063 0.998906 0.30988
0.99885 -0.000792146 -0.0479414 -0.0379747 0.000652934 0.999996 -0.00291938 -0.00180406 0.0479435 0.00288472 0.998846 0.785353
0.998698 -0.00478152 -0.0507951 0.003341 0.00469948 0.999987 -0.00173448 -0.00133628 0.0508027 0.00149351 0.998708 -0.146335
0.998585 -0.00590054 -0.0528559 -0.034217 0.00580691 0.999981 -0.00192486 -0.00745947 0.0528663 0.00161521 0.9986 0.731582
0.998594 0.000838798 -0.0529984 -0.00614185 -0.00108698 0.999989 -0.00465412 -0.000870643 0.0529939 0.00470518 0.998584 0.0578924
0.998488 0.00128614 -0.0549583 -0.0192719 -0.0016721 0.999974 -0.00697734 0.000242263 0.0549479 0.00705869 0.998464 0.207862
0.998463 0.00889367 -0.0546959 -0.103923 -0.00938377 0.999918 -0.00871016 -0.0222083 0.054614 0.00921003 0.998465 1.48362
0.998338 0.00515983 -0.0574018 -0.00270679 -0.00563716 0.999951 -0.00815684 3.00023e-005 0.0573569 0.00846687 0.998318 0.172162
0.997922 0.0111144 -0.0634625 -0.00783699 -0.0114996 0.999918 -0.00570811 -0.0101183 0.0633938 0.00642604 0.997968 0.292528
0.99822 -0.000507245 -0.0596308 -0.0583904 0.000201997 0.999987 -0.00512487 -0.00785587 0.0596326 0.0051037 0.998207 0.665733
0.998105 -0.000473535 -0.061532 -0.0718831 0.000122106 0.999984 -0.00571494 -0.00677065 0.0615337 0.0056966 0.998089 1.09781
0.997975 0.000939545 -0.0635945 -0.0158331 -0.00125438 0.999987 -0.00491087 -0.0124215 0.0635891 0.0049807 0.997964 0.309365
0.998017 -0.00178146 -0.0629275 -0.0300394 0.00138047 0.999978 -0.00641515 -0.00362038 0.0629376 0.00631556 0.997997 0.336072
0.997929 -0.00454867 -0.0641605 -0.00532705 0.00419731 0.999975 -0.00560993 0.00126137 0.0641844 0.00532901 0.997924 0.180527
0.997894 -0.00167331 -0.0648451 -0.0247493 0.00155507 0.999997 -0.00187389 -0.00528445 0.0648481 0.0017691 0.997894 0.273284
0.998088 0.00398906 -0.0616769 -0.0174843 -0.0038469 0.99999 0.00242343 -0.00321155 0.0616859 -0.00218153 0.998093 0.277962
0.998082 0.00200611 -0.0618678 -0.0650645 -0.00171577 0.999987 0.00474577 -0.00923262 0.0618765 -0.00463052 0.998073 0.996824
0.998232 -0.0023499 -0.0593904 0.0181941 0.00266353 0.999983 0.00520215 0.00223513 0.0593771 -0.00535114 0.998221 -0.212168
0.998291 -0.00290646 -0.0583687 -0.0247419 0.0030683 0.999992 0.00268332 -0.000603025 0.0583604 -0.00285783 0.998291 0.354617
0.998339 -0.000192269 -0.0576137 -0.023327 7.28576e-005 0.999998 -0.00207471 -0.004772 0.057614 0.00206706 0.998337 0.392033
0.998453 0.00184694 -0.0555644 -0.014984 -0.00212006 0.999986 -0.00485674 -0.00128087 0.0555546 0.00496703 0.998443 0.173044
0.998489 -0.00285191 -0.0548855 -0.00912157 0.00262678 0.999988 -0.0041736 -0.00417937 0.0548967 0.00402312 0.998484 0.300007
0.998398 -0.00751459 -0.056087 -0.0198696 0.00754289 0.999972 0.00029277 -0.00244068 0.0560832 -0.000715359 0.998426 0.293569
0.998389 -0.00939546 -0.0559636 -0.0687609 0.00963327 0.999946 0.0039812 -0.0253215 0.0559232 -0.0045139 0.998425 1.51086
0.998282 -0.0140131 -0.0568898 0.00546826 0.0142216 0.999894 0.00326111 0.0057725 0.056838 -0.00406457 0.998375 -0.096689
0.998121 -0.0139409 -0.05966 -0.0112074 0.0139304 0.999903 -0.000592942 0.00103029 0.0596625 -0.000239259 0.998219 0.115971
0.998169 -0.0095573 -0.0597299 -0.0296979 0.00928489 0.999945 -0.00483658 -0.00801581 0.0597729 0.00427314 0.998203 0.5031
0.998054 -0.000277326 -0.0623567 -0.0405661 -6.47701e-005 0.999985 -0.00548403 -0.00886034 0.0623573 0.0054774 0.998039 0.613278
0.998079 0.00270135 -0.0619007 -0.0507301 -0.00296428 0.999987 -0.00415621 -0.0118192 0.0618887 0.00433171 0.998074 0.752293
0.997948 0.0038058 -0.0639128 -0.0782585 -0.00386548 0.999992 -0.00081014 -0.0199433 0.0639092 0.00105553 0.997955 1.02658
0.99787 0.00218293 -0.0651963 0.0369206 -0.00216389 0.999998 0.000362599 0.00905187 0.065197 -0.000220748 0.997872 -0.392259
0.997835 0.0038144 -0.0656562 -0.0425995 -0.00360826 0.999988 0.00325787 -0.0056335 0.0656679 -0.00301391 0.997837 0.469548
0.997864 0.000204985 -0.0653229 -0.019635 0.000194364 0.999981 0.00610703 -0.00742087 0.065323 -0.00610669 0.997845 0.365376
0.997749 0.00705683 -0.0666825 -0.0532097 -0.00648882 0.999941 0.00873094 0.000275599 0.0667402 -0.0082786 0.997736 0.619242
0.997773 0.00903875 -0.0660864 0.00747187 -0.00856183 0.999935 0.00749633 -0.0028794 0.0661499 -0.00691382 0.997786 0.0309716
0.997819 0.00617354 -0.0657137 -0.0249354 -0.00576995 0.999963 0.0063297 0.0016343 0.0657504 -0.00593673 0.997818 0.346125
0.997874 0.00346349 -0.0650804 -0.0283522 -0.00316096 0.999984 0.00475102 -0.00614745 0.0650958 -0.00453521 0.997869 0.336324
0.997756 0.00345034 -0.0668718 -0.0478512 -0.00320514 0.999988 0.0037737 -0.00447237 0.066884 -0.0035509 0.997754 0.717483
0.99762 -0.000141944 -0.0689532 -0.0113503 0.000505896 0.999986 0.00526081 -0.000625537 0.0689515 -0.00528317 0.997606 -0.0071856
0.997621 -0.00219439 -0.0689075 -0.0155825 0.00266365 0.999974 0.00671898 -0.00576929 0.0688909 -0.00688654 0.9976 0.344793
0.997643 0.00342353 -0.0685363 -0.0336102 -0.00323562 0.999991 0.00285259 -0.00184434 0.0685454 -0.0026241 0.997645 0.354361
0.99757 0.0025222 -0.0696324 -0.0214778 -0.00263232 0.999995 -0.00148978 -0.00231657 0.0696283 0.00166945 0.997572 0.222179
0.997479 0.0047604 -0.0708048 -0.0186246 -0.00493535 0.999985 -0.00229615 -0.00501054 0.0707928 0.0026398 0.997488 0.294529
0.997491 -0.00184767 -0.0707664 -0.122857 0.00191209 0.999998 0.000842504 -0.0214385 0.0707646 -0.000975702 0.997493 1.60058
0.997533 -0.000342822 -0.0701989 0.050065 0.000647674 0.99999 0.00431997 0.00906852 0.0701967 -0.00435478 0.997524 -0.618161
0.997393 -0.00855681 -0.0716492 -0.0630046 0.00885211 0.999954 0.00380504 -0.0114349 0.0716133 -0.00442937 0.997423 0.874842
0.997562 -0.0057379 -0.0695555 -0.0457042 0.00600733 0.999975 0.0036651 -0.0106813 0.0695327 -0.004074 0.997571 0.62135
0.997509 -0.00633423 -0.0702502 -0.0215515 0.00647041 0.999978 0.00171118 -0.00476208 0.0702378 -0.00216147 0.997528 0.292578
0.997172 -0.0119882 -0.0741908 -0.0459081 0.0122039 0.999923 0.00245436 0.00166439 0.0741557 -0.00335284 0.997241 0.599267
0.997449 -0.00352899 -0.0712908 -0.0302867 0.00404914 0.999966 0.00715299 -0.0104811 0.0712632 -0.00742341 0.99743 0.493863
0.997242 -0.00866072 -0.0737075 -0.0334713 0.00955178 0.999885 0.0117453 0.00213606 0.0735973 -0.012417 0.997211 0.455974
0.997243 0.000334127 -0.074211 -0.0117024 0.000833995 0.999876 0.015709 -0.00050432 0.0742071 -0.0157276 0.997119 0.0873003
0.997032 -3.60728e-005 -0.0769867 -0.0271316 0.00080723 0.99995 0.00998566 -0.00324267 0.0769825 -0.0100182 0.996982 0.352079
0.997008 0.00724468 -0.0769605 -0.0249082 -0.00709219 0.999972 0.00225463 -0.000211016 0.0769747 -0.00170207 0.997032 0.295275
0.996997 0.00638794 -0.0771742 -0.0598819 -0.00650772 0.999978 -0.00130065 -0.00672438 0.0771642 0.00179898 0.997017 0.713507
0.996823 0.00844202 -0.0792018 0.00996691 -0.00852637 0.999963 -0.000726896 -0.00198778 0.0791927 0.00139989 0.996858 -0.0317137
0.996694 0.00856806 -0.0807926 -0.0943168 -0.00844146 0.999963 0.00190838 -0.0200676 0.080806 -0.00122006 0.996729 1.11569
0.996699 0.010346 -0.0805274 -0.0533223 -0.0100627 0.999942 0.00392328 -0.00996144 0.0805633 -0.00310001 0.996745 0.56691
0.996526 0.0059505 -0.0830705 -0.108446 -0.00574181 0.99998 0.00275077 -0.0103908 0.0830852 -0.00226424 0.99654 0.960738
0.996294 0.00247954 -0.085974 -0.0110061 -0.00214596 0.99999 0.00397219 -0.00777895 0.085983 -0.00377298 0.996289 0.434995
0.996138 0.00219052 -0.0877747 -0.0514891 -0.00165308 0.999979 0.0061952 -0.0232618 0.0877865 -0.00602617 0.996121 0.643214
0.99619 0.00139857 -0.0871976 -0.0491861 -0.000918323 0.999984 0.00554749 0.00473183 0.0872039 -0.00544628 0.996176 0.349115
0.996097 0.0021968 -0.0882373 -0.0470825 -0.00161769 0.999977 0.00663406 -0.00306472 0.0882498 -0.00646542 0.996077 0.472663
0.995774 0.00162842 -0.091824 -0.111838 -0.000680249 0.999946 0.0103563 -0.0141824 0.0918359 -0.0102501 0.995721 1.19945
0.995755 0.00309068 -0.0919879 -0.066251 -0.00192939 0.999917 0.0127107 0.010027 0.0920196 -0.0124793 0.995679 0.688303
0.995659 0.0072728 -0.092795 0.0269479 -0.00575161 0.999845 0.0166499 -0.00497291 0.0929017 -0.0160439 0.995546 -0.370952
0.995656 0.0094274 -0.0926326 -0.0992414 -0.00831564 0.999889 0.0123805 -0.00579048 0.092739 -0.0115564 0.995623 0.897885
0.995316 0.0062658 -0.0964759 -0.0939685 -0.00586136 0.999973 0.00447491 -0.0125348 0.0965014 -0.00388846 0.995325 1.07563
0.99543 0.00884437 -0.0950863 0.0479457 -0.00893106 0.99996 -0.000486152 0.00520725 0.0950782 0.00133315 0.995469 -0.544696
