0.999988 -0.0027938 -0.00398654 0.00880003 0.00278629 0.999994 -0.00188774 -0.00900413 0.00399179 0.00187661 0.99999 0.670853
0.999976 -0.00302217 -0.0062819 -0.00334815 0.00299809 0.999988 -0.00383816 -0.0106233 0.00629343 0.00381923 0.999973 1.33034
0.99994 -0.00145235 -0.010819 -0.023403 0.00139709 0.999986 -0.00511387 -0.00932822 0.0108262 0.00509845 0.999928 1.97902
0.999873 0.00386532 -0.0154476 -0.0438749 -0.00395583 0.999975 -0.00583293 -0.0188807 0.0154246 0.00589329 0.999864 2.68621
0.999789 0.00244771 -0.0203905 -0.0461929 -0.00255635 0.999983 -0.00530377 -0.0336037 0.0203772 0.00535478 0.999778 3.45466
0.999782 0.000934234 -0.0208638 -0.12265 -0.00108191 0.999974 -0.00706815 -0.0304613 0.0208567 0.00708919 0.999757 3.75233
0.999566 0.00401621 -0.0291827 -0.116939 -0.00424577 0.999961 -0.00780843 -0.040536 0.0291502 0.00792894 0.999544 4.81636
0.99937 0.00294122 -0.0353724 -0.149393 -0.00317067 0.999974 -0.00643224 -0.0522463 0.0353526 0.00654034 0.999353 5.72615
0.999255 0.00369589 -0.0384089 -0.196167 -0.00381463 0.999988 -0.00301883 -0.0647169 0.0383972 0.0031631 0.999258 6.4075
0.999185 -0.00230576 -0.0403106 -0.211123 0.00227675 0.999997 -0.000765421 -0.0556196 0.0403122 0.000673019 0.999187 6.877
0.999045 0.000619192 -0.0436856 -0.276804 -0.000680931 0.999999 -0.00139839 -0.0843279 0.0436847 0.0014268 0.999044 7.95669
0.998899 0.00396098 -0.046747 -0.280386 -0.00403752 0.999991 -0.00154297 -0.0898239 0.0467405 0.00173002 0.998906 8.68661
0.998789 -0.00448108 -0.0489946 -0.347041 0.00434682 0.999987 -0.00284652 -0.0910865 0.0490067 0.0026301 0.998795 9.51298
0.998869 0.00036677 -0.0475509 -0.406347 -0.000414604 0.999999 -0.000996088 -0.0995806 0.0475505 0.00101468 0.998868 10.2655
0.998741 -0.00493414 -0.0499249 -0.45635 0.00486627 0.999987 -0.00148093 -0.119044 0.0499316 0.00123612 0.998752 11.1847
0.998538 -0.00117329 -0.0540407 -0.485663 0.000934413 0.99999 -0.00444543 -0.122677 0.0540454 0.00438843 0.998529 11.9657
0.998393 0.00629959 -0.0563255 -0.492153 -0.00673539 0.999949 -0.00755063 -0.120582 0.0562751 0.00791786 0.998384 12.6834
0.998592 0.0105111 -0.0519945 -0.611444 -0.0109638 0.999904 -0.00842877 -0.139959 0.0519009 0.00898696 0.998612 13.5363
0.99844 0.00496751 -0.0556111 -0.638041 -0.00539811 0.999957 -0.00759546 -0.149556 0.0555709 0.00788381 0.998424 14.3696
0.99785 0.0156391 -0.0636467 -0.548865 -0.0160141 0.999857 -0.00538609 -0.187004 0.0635534 0.00639375 0.997958 15.1015
0.998479 -0.037393 -0.0405028 -1.00983 0.0376517 0.999275 0.00564288 -0.233085 0.0402625 -0.0071593 0.999163 15.954
0.998208 -0.000986621 -0.0598382 -0.819976 0.000705332 0.999989 -0.00472177 -0.207981 0.0598421 0.0046711 0.998197 16.7743
0.997761 -0.000352341 -0.0668849 -0.84387 -2.14022e-005 0.999984 -0.00558705 -0.230961 0.0668858 0.00557597 0.997745 17.6689
0.998633 -0.000688156 -0.0522598 -1.05109 0.000626411 0.999999 -0.00119787 -0.24812 0.0522605 0.0011635 0.998633 18.3955
0.99797 -0.00517102 -0.0634731 -1.01864 0.00492967 0.99998 -0.00395841 -0.23012 0.0634923 0.00363747 0.997976 19.3964
0.997961 -0.00314549 -0.0637483 -1.09791 0.00317747 0.999995 0.000400323 -0.255844 0.0637467 -0.000602065 0.997966 20.4058
0.99838 -0.00222709 -0.0568531 -1.17736 0.00255907 0.99998 0.00576702 -0.264052 0.0568391 -0.00590317 0.998366 21.1007
0.998243 0.00511794 -0.0590398 -1.18224 -0.00470087 0.999963 0.00720106 -0.261956 0.0590745 -0.00691086 0.99823 21.899
0.998309 -0.0024736 -0.0580708 -1.27387 0.00294669 0.999963 0.00806261 -0.266042 0.0580488 -0.0082201 0.99828 23.1307
0.998497 0.00225822 -0.0547679 -1.32882 -0.00191829 0.999979 0.00625843 -0.280013 0.0547809 -0.00614396 0.998479 23.9458
0.998517 0.00174726 -0.0544172 -1.36818 -0.00170748 0.999998 0.000777423 -0.278217 0.0544185 -0.000683354 0.998518 24.8828
0.998502 -0.00152414 -0.0546971 -1.4392 0.00139075 0.999996 -0.00247671 -0.285564 0.0547007 0.00239693 0.9985 26.0042
0.998715 -0.00423137 -0.0505004 -1.50791 0.0041937 0.999991 -0.000851983 -0.313541 0.0505036 0.000639105 0.998724 26.8951
0.998588 -0.00411331 -0.0529664 -1.51525 0.0043036 0.999985 0.00347914 -0.306914 0.0529513 -0.00370217 0.99859 27.7738
0.998477 -0.0105011 -0.0541561 -1.58005 0.0108929 0.999917 0.00694378 -0.318514 0.0540787 -0.00752312 0.998508 28.7802
0.998446 -0.0148714 -0.0537139 -1.62172 0.0152 0.999868 0.00571401 -0.330041 0.0536218 -0.00652157 0.99854 29.6546
0.998433 -0.00654229 -0.0555691 -1.67797 0.00668009 0.999975 0.00229445 -0.339808 0.0555527 -0.00266206 0.998452 30.6422
0.998257 -0.00935759 -0.0582735 -1.72618 0.00925193 0.999955 -0.00208277 -0.345016 0.0582904 0.00153999 0.998298 31.6307
0.998206 -0.000379048 -0.0598651 -1.7904 0.000222872 0.999997 -0.00261546 -0.352203 0.0598659 0.00259742 0.998203 32.465
0.998238 0.00462532 -0.0591547 -1.86012 -0.00466416 0.999989 -0.000518446 -0.365956 0.0591517 0.000793439 0.998249 33.3339
0.998061 0.00489088 -0.0620471 -1.88885 -0.0047959 0.999987 0.00167967 -0.375983 0.0620545 -0.00137884 0.998072 34.2692
0.997948 0.000662148 -0.0640227 -1.95339 -0.000469783 0.999995 0.00301964 -0.383539 0.0640244 -0.00298336 0.997944 35.1449
0.997926 6.58771e-005 -0.0643734 -2.01672 0.000356086 0.999979 0.00654343 -0.397408 0.0643724 -0.00655278 0.997904 36.0707
0.997883 -0.000619326 -0.0650311 -2.06907 0.00115036 0.999966 0.00812878 -0.392945 0.0650238 -0.00818638 0.99785 37.0352
0.997795 0.00392203 -0.0662609 -2.13613 -0.00320002 0.999934 0.0109991 -0.393763 0.0662996 -0.0107628 0.997742 37.9811
0.997843 0.00397546 -0.0655277 -2.15254 -0.00330974 0.999942 0.0102648 -0.3959 0.0655647 -0.0100258 0.997798 37.7987
0.997843 0.00528244 -0.0654289 -2.25372 -0.0046705 0.999944 0.00950226 -0.402654 0.0654754 -0.00917618 0.997812 39.7191
0.997767 0.00229566 -0.0667552 -2.31299 -0.00185226 0.999976 0.00670331 -0.403547 0.066769 -0.00656469 0.997747 40.6721
0.997752 0.00252115 -0.0669689 -2.34519 -0.00203712 0.999971 0.00729495 -0.423163 0.0669854 -0.00714213 0.997728 41.2635
0.997306 -0.00371435 -0.0732596 -2.40441 0.00424641 0.999966 0.00710824 -0.409587 0.0732307 -0.00740018 0.997288 42.6117
0.997737 0.00121556 -0.0672255 -2.51959 -0.000554803 0.999951 0.00984683 -0.428848 0.0672342 -0.00978725 0.997689 43.5265
0.997249 0.000575441 -0.0741175 -2.5309 -0.000166828 0.999985 0.00551911 -0.433623 0.0741195 -0.00549156 0.997234 44.4401
0.997361 0.00424166 -0.0724731 -2.6431 -0.00415862 0.999991 0.00129665 -0.435737 0.0724779 -0.000991843 0.99737 45.5455
0.997388 0.00389981 -0.0721183 -2.69881 -0.00384936 0.999992 0.000838417 -0.450716 0.072121 -0.000558618 0.997396 46.4982
0.997328 -0.000399845 -0.0730516 -2.77143 0.000683855 0.999992 0.00386283 -0.461689 0.0730495 -0.00390246 0.997321 47.3596
0.997331 -0.00270968 -0.0729567 -2.84103 0.00320486 0.999973 0.00667108 -0.467403 0.0729366 -0.00688709 0.997313 48.3667
0.99736 -0.00376037 -0.0725114 -2.91319 0.00431248 0.999963 0.00745914 -0.48405 0.0724806 -0.00775215 0.99734 49.2708
0.997344 -0.00786181 -0.0724089 -3.00047 0.00833456 0.999946 0.00622914 -0.486916 0.072356 -0.00681609 0.997356 50.2434
0.99721 -0.006687 -0.0743446 -3.05032 0.00704684 0.999965 0.00457898 -0.50328 0.0743114 -0.0050901 0.997222 51.2421
0.997074 -0.00639578 -0.0761775 -3.11315 0.00685739 0.99996 0.00579967 -0.511732 0.0761374 -0.00630508 0.997077 52.1726
0.997313 -0.00378491 -0.0731632 -3.20655 0.00452792 0.99994 0.00999243 -0.515498 0.073121 -0.0102969 0.99727 53.0879
0.996932 -0.0122784 -0.0773017 -3.256 0.013385 0.999815 0.0138145 -0.501408 0.0771178 -0.0148068 0.996912 54.0663
0.997021 -0.00452337 -0.0769929 -3.24541 0.00585596 0.999837 0.017091 -0.513718 0.0769031 -0.0174909 0.996885 53.8535
0.997003 0.00241747 -0.0773303 -3.41894 -0.00141238 0.999914 0.0130494 -0.511748 0.0773552 -0.0129011 0.99692 55.7879
0.996748 0.00710263 -0.0802644 -3.46467 -0.00672642 0.999965 0.00495655 -0.507383 0.0802968 -0.00440054 0.996761 56.6894
0.996668 0.00389192 -0.0814749 -3.50972 -0.00387302 0.999992 0.00038996 -0.525946 0.0814758 -7.31065e-005 0.996675 57.2377
0.99662 0.00795187 -0.0817588 -3.63336 -0.00783245 0.999968 0.00178137 -0.533656 0.0817704 -0.00113498 0.996651 58.5146
0.996518 0.00738341 -0.0830446 -3.69207 -0.0070603 0.999966 0.00418375 -0.545963 0.0830727 -0.00358287 0.996537 59.3049
0.996366 0.0100937 -0.0845727 -3.76031 -0.00958705 0.999934 0.00639421 -0.565433 0.0846316 -0.00556017 0.996397 60.0067
0.996284 0.00444119 -0.0860161 -3.85401 -0.00397629 0.999977 0.0055754 -0.560125 0.0860388 -0.00521265 0.996278 61.016
0.996 0.00103084 -0.0893505 -3.90788 -0.000502626 0.999982 0.00593402 -0.568931 0.0893551 -0.00586537 0.995983 61.8305
0.996073 0.00323155 -0.088477 -4.0036 -0.00254944 0.999966 0.00782137 -0.586739 0.0884992 -0.00756508 0.996048 62.6282
0.995858 0.00230455 -0.0908903 -4.0797 -0.00163296 0.999971 0.00746264 -0.591688 0.0909049 -0.00728331 0.995833 63.5351
0.995811 0.0029996 -0.0913882 -4.15338 -0.00213139 0.999952 0.00959639 -0.617418 0.0914125 -0.00936141 0.995769 64.3234
0.995747 0.00393092 -0.0920429 -4.26158 -0.0029044 0.999932 0.0112838 -0.602742 0.092081 -0.0109685 0.995691 65.1289
0.995478 0.0024776 -0.0949601 -4.32827 -0.00107602 0.99989 0.014808 -0.602123 0.0949863 -0.0146388 0.995371 66.1041
0.995365 0.00691328 -0.0959241 -4.28796 -0.00523222 0.999828 0.0177654 -0.605487 0.0960304 -0.0171812 0.99523 65.4946
0.995149 0.0116467 -0.0976898 -4.48066 -0.0102486 0.999838 0.0148012 -0.626308 0.0978464 -0.0137283 0.995107 67.4442
0.995111 0.00730107 -0.0984934 -4.55586 -0.00669058 0.999956 0.00652708 -0.624318 0.0985368 -0.00583619 0.995116 68.0521
0.994974 0.00397214 -0.100056 -4.57781 -0.00385808 0.999992 0.00133339 -0.639352 0.10006 -0.000940668 0.994981 68.4061
0.994891 0.00161826 -0.100945 -4.70584 -0.00159385 0.999999 0.0003225 -0.640784 0.100945 -0.000159962 0.994892 69.6902
0.994883 0.00729351 -0.100769 -4.82049 -0.00687979 0.999966 0.00445254 -0.658334 0.100799 -0.00373648 0.9949 70.4212
0.994662 0.00220926 -0.103168 -4.85852 -0.00158381 0.99998 0.00614402 -0.670149 0.103179 -0.00594782 0.994645 71.0357
0.994685 0.00134389 -0.102954 -4.92535 -0.00114394 0.999997 0.00200111 -0.676681 0.102956 -0.0018727 0.994684 71.5124
0.994447 -0.00971004 -0.104794 -5.01917 0.0094706 0.999951 -0.00278227 -0.696601 0.104816 0.00177436 0.99449 72.4566
0.994826 -0.0146576 -0.100528 -5.0698 0.0139588 0.999873 -0.00765123 -0.709753 0.100627 0.0062084 0.994905 72.9978
0.99513 -0.0115415 -0.0978954 -4.80649 0.0108723 0.999914 -0.00736711 -0.67834 0.097972 0.00626689 0.995169 68.9864
0.995306 -0.0109945 -0.0961519 -4.84105 0.0105685 0.999932 -0.00493789 -0.681846 0.0961996 0.00389853 0.995354 69.4813
0.995861 -0.00463802 -0.0907744 -4.88117 0.00450313 0.999988 -0.00169072 -0.688215 0.0907812 0.00127495 0.99587 69.6541
0.996472 -0.00450205 -0.0838099 -4.87195 0.00466067 0.999988 0.00169709 -0.689959 0.0838012 -0.00208171 0.99648 69.4608
0.997083 -0.00638606 -0.0760556 -4.81218 0.00682276 0.999962 0.00548348 -0.699139 0.0760177 -0.0059864 0.997089 68.7824
0.997845 -0.00282477 -0.0655604 -4.68203 0.00323968 0.999975 0.00622324 -0.683447 0.0655412 -0.00642222 0.997829 66.9507
0.998678 -0.000929597 -0.0514033 -4.67155 0.00120557 0.999985 0.00533807 -0.675794 0.0513976 -0.00539298 0.998664 67.1232
0.999473 0.00597346 -0.0319106 -4.63328 -0.00575988 0.99996 0.00678095 -0.663061 0.0319498 -0.00659357 0.999468 66.3594
0.99992 0.00602388 -0.0110811 -4.56978 -0.00594477 0.999957 0.00715824 -0.675519 0.0111237 -0.00709179 0.999913 66.4794
0.999836 0.00804745 0.016219 -4.47166 -0.00817557 0.999936 0.0078487 -0.673693 -0.0161548 -0.00798001 0.999838 65.8566
0.998934 0.00398983 0.0459969 -4.31804 -0.00444379 0.999942 0.00977146 -0.653132 -0.0459552 -0.00996544 0.998894 64.6452
0.996946 -0.00200778 0.078071 -4.23719 0.00106861 0.999927 0.0120695 -0.653286 -0.0780895 -0.0119493 0.996875 64.4886
0.993371 -0.00617772 0.114787 -4.0897 0.00460785 0.999892 0.0139367 -0.639307 -0.11486 -0.0133154 0.993292 63.9918
0.988533 -0.00676816 0.150853 -3.89731 0.00485897 0.999903 0.0130209 -0.633361 -0.150927 -0.0121386 0.98847 63.761
0.974765 -0.000312918 0.223235 -3.93314 -0.0040369 0.999811 0.0190288 -0.663126 -0.223198 -0.0194498 0.974579 62.9516
0.964712 -0.0114593 0.263058 -3.64899 0.00695533 0.999813 0.0180465 -0.657476 -0.263215 -0.01558 0.964611 62.3193
0.949547 -0.00316367 0.313608 -3.60031 -0.000966824 0.999915 0.0130145 -0.678233 -0.313623 -0.0126611 0.949463 65.0001
0.939803 -0.0113245 0.341528 -3.2198 0.0077453 0.9999 0.0118418 -0.683789 -0.341628 -0.00848374 0.939797 64.8245
0.896999 0.0138076 0.441817 -3.15328 -0.0138839 0.999899 -0.00306086 -0.593983 -0.441814 -0.00338854 0.8971 64.7642
0.876562 -0.00187716 0.481286 -2.76374 -0.00332091 0.999945 0.00994844 -0.659313 -0.481278 -0.0103187 0.876507 64.969
0.851074 -0.00717333 0.524997 -2.53732 0.00333132 0.99996 0.00826261 -0.647568 -0.525035 -0.00528316 0.851064 65.5916
0.807219 -0.00217565 0.590247 -2.01025 0.0155981 0.999723 -0.0176469 -0.456403 -0.590045 0.0234516 0.80703 66.3838
0.76613 -0.012496 0.642565 -1.8755 0.0113183 0.999918 0.00595069 -0.605387 -0.642586 0.00271376 0.766208 66.0937
0.729594 -0.0177807 0.68365 -1.43697 0.00682091 0.999801 0.018724 -0.636426 -0.683847 -0.00899781 0.72957 62.1254
0.677487 -0.00483283 0.735519 -1.28307 -0.0130566 0.999742 0.0185954 -0.670959 -0.735419 -0.0222015 0.677249 62.3471
0.623552 0.00793803 0.781741 -0.733879 -0.00260827 0.999964 -0.00807344 -0.543558 -0.781777 0.00299522 0.62355 66.1912
0.576014 -0.0167916 0.817267 -0.505024 0.0429637 0.999029 -0.00975495 -0.270931 -0.81631 0.0407318 0.576176 62.324
0.543588 -0.00393648 0.839343 -0.0411983 -0.0181767 0.999699 0.0164604 -0.751269 -0.839156 -0.0242041 0.543353 61.3666
0.490658 -0.00421418 0.871342 0.331004 0.00400814 0.999989 0.00257937 -0.527267 -0.871343 0.00222688 0.490669 64.4018
0.441519 0.00589119 0.897233 0.651617 -0.00114222 0.999981 -0.00600376 -0.474451 -0.897251 0.00162594 0.441517 62.954
0.403623 -0.00581388 0.914907 1.24952 0.00965488 0.999951 0.00209493 -0.444378 -0.914875 0.00798776 0.403659 62.89
0.364376 -0.0231118 0.930965 1.30902 -0.00342973 0.999652 0.0261593 -0.649061 -0.931245 -0.0127248 0.36417 62.8787
0.290417 -0.00152593 0.956899 1.66033 -0.0107106 0.999931 0.00484519 -0.598219 -0.95684 -0.011656 0.290381 64.3207
0.294176 -0.0221807 0.955494 2.33226 0.00912594 0.99975 0.0203984 -0.471335 -0.955708 0.00271904 0.294305 60.2108
0.265173 -0.00543544 0.964185 2.91804 -0.00558304 0.999959 0.00717257 -0.552481 -0.964185 -0.00728506 0.265132 63.0996
0.237109 -0.000126874 0.971483 3.40694 -0.00264764 0.999996 0.000776805 -0.522706 -0.971479 -0.00275632 0.237108 59.4283
0.217041 -0.0116551 0.976093 3.54642 -0.00906841 0.999861 0.0139553 -0.596367 -0.97612 -0.0118805 0.216905 59.3383
0.171894 -2.98119e-005 0.985115 4.07645 0.001601 0.999999 -0.000249098 -0.56092 -0.985114 0.00161999 0.171894 58.9643
0.167406 -0.0116028 0.98582 4.44943 0.00257736 0.999932 0.0113313 -0.48171 -0.985885 0.000643896 0.167424 57.3272
0.145996 -0.0179398 0.989123 4.8101 0.0191711 0.999699 0.0153019 -0.512088 -0.989099 0.0167285 0.146296 57.7352
0.12816 -0.015692 0.991629 5.08688 0.0215 0.999684 0.0130408 -0.496328 -0.99152 0.0196488 0.128457 55.697
0.113597 -0.0197415 0.993331 5.49258 0.0103803 0.999772 0.0186825 -0.495627 -0.993473 0.00818884 0.113776 55.3493
0.0910369 -0.00624607 0.995828 5.89628 0.00247712 0.999979 0.00604565 -0.494809 -0.995844 0.00191641 0.0910505 54.6921
0.0861086 -0.00922668 0.996243 6.16887 -0.014359 0.999842 0.0105011 -0.472572 -0.996182 -0.0152093 0.0859625 53.6578
0.0736546 -0.0154999 0.997163 6.5721 -0.0230618 0.999585 0.017241 -0.450736 -0.997017 -0.0242663 0.0732666 53.2664
0.0633832 -0.0195781 0.997797 6.86292 -0.0204864 0.999571 0.0209143 -0.451076 -0.997779 -0.0217669 0.0629549 51.975
0.0539355 -0.0216156 0.99831 7.33416 -0.0163258 0.999613 0.0225259 -0.456513 -0.998411 -0.0175132 0.0535617 51.4809
0.0466096 -0.0212011 0.998688 7.76462 -0.00751477 0.999739 0.0215742 -0.446322 -0.998885 -0.00851048 0.0464381 50.7453
0.0446966 -0.0234959 0.998724 8.21974 -0.00682239 0.999693 0.023824 -0.395895 -0.998977 -0.00787854 0.0445226 49.9586
0.0371015 -0.0234686 0.999036 8.96893 -0.0171778 0.999562 0.0241188 -0.432245 -0.999164 -0.0180561 0.0366821 51.5182
0.03181 -0.0245128 0.999193 9.57634 -0.0174475 0.999533 0.0250766 -0.420553 -0.999342 -0.0182311 0.0313674 51.1816
0.0293198 -0.0257943 0.999237 9.71031 -0.0170962 0.999508 0.0263029 -0.377872 -0.999424 -0.0178543 0.0288643 47.9633
0.0282488 -0.0300446 0.999149 10.7653 -0.0218616 0.999291 0.030667 -0.33751 -0.999362 -0.0227093 0.0275719 50.3002
0.0236893 -0.0287415 0.999306 11.4919 -0.0238731 0.999285 0.0293068 -0.372758 -0.999434 -0.0245508 0.0229862 50.8895
0.0234404 -0.032216 0.999206 11.4631 -0.0241435 0.999171 0.0327812 -0.344079 -0.999434 -0.0248928 0.0226431 47.7452
0.0254591 -0.0383284 0.998941 12.7247 -0.0275932 0.998857 0.0390284 -0.316969 -0.999295 -0.0285576 0.0243724 48.9264
0.027905 -0.0389849 0.99885 13.675 -0.0296924 0.998766 0.0398111 -0.288576 -0.999169 -0.0307692 0.026713 50.0098
0.0323394 -0.0430453 0.99855 14.2046 -0.0313874 0.998536 0.0440612 -0.313125 -0.998984 -0.0327668 0.0309409 49.8069
0.0360804 -0.042774 0.998433 14.997 -0.0383481 0.998288 0.0441536 -0.251828 -0.998613 -0.0398811 0.0343783 49.4872
0.0395566 -0.0418626 0.99834 15.7929 -0.0400687 0.998252 0.0434465 -0.22745 -0.998414 -0.0417208 0.03781 49.4756
0.0431082 -0.0413459 0.998215 16.5933 -0.0429037 0.998145 0.0431958 -0.220995 -0.998149 -0.0446892 0.0412543 49.9428
0.0487916 -0.0398144 0.998015 17.2912 -0.0458138 0.998064 0.0420562 -0.167028 -0.997758 -0.0477748 0.0468731 49.6806
0.0523147 -0.037242 0.997936 18.1031 -0.0479973 0.998056 0.0397626 -0.153319 -0.997477 -0.0499784 0.0504255 49.7274
0.0576691 -0.0381126 0.997608 18.9142 -0.0462537 0.998096 0.040805 -0.112322 -0.997264 -0.0484962 0.0557965 49.765
0.058301 -0.0319416 0.997788 19.8163 -0.0412926 0.998555 0.0343789 -0.097064 -0.997445 -0.0432056 0.0568979 49.9936
0.059673 -0.0269691 0.997854 20.6557 -0.0281373 0.999192 0.028688 -0.0699071 -0.997821 -0.0297888 0.0588659 49.9548
0.0609278 -0.0258271 0.997808 21.495 -0.0263254 0.999276 0.0274726 -0.0525715 -0.997795 -0.0279416 0.0602037 49.9976
0.0582005 -0.0215516 0.998072 22.4296 -0.0284332 0.999326 0.0232367 -0.0438665 -0.9979 -0.0297308 0.0575485 50.1567
0.0575858 -0.0165326 0.998204 23.2545 -0.0278392 0.999447 0.0181593 -0.0265497 -0.997952 -0.0288349 0.0570938 50.1656
0.0614168 -0.0209755 0.997892 23.9673 -0.0298758 0.999293 0.0228437 -0.0157493 -0.997665 -0.0312158 0.0607467 50.1891
0.0561225 -0.0145171 0.998318 24.9523 -0.0270883 0.999504 0.0160572 -0.000105184 -0.998056 -0.0279439 0.0557015 50.3303
0.0586223 -0.0148023 0.99817 25.7404 -0.0214565 0.99964 0.0160843 -0.00114347 -0.99805 -0.0223601 0.0582837 50.3416
0.060132 -0.0145805 0.998084 26.6108 -0.0214825 0.999643 0.0158975 0.0084917 -0.997959 -0.0223973 0.0597973 50.3828
0.0554858 -0.00931963 0.998416 27.5316 -0.0154149 0.999829 0.0101895 0.0115106 -0.99834 -0.0159558 0.0553326 50.4967
0.0539789 -0.0050487 0.998529 28.3344 -0.016279 0.99985 0.0059354 0.00485563 -0.998409 -0.0165755 0.0538887 50.5391
0.0512539 -0.00430521 0.998676 29.1657 -0.0156109 0.999865 0.00511151 0.00233459 -0.998564 -0.0158522 0.0511798 50.5749
0.0458988 -0.0023102 0.998943 30.0186 -0.0149125 0.999884 0.00299756 -0.00659575 -0.998835 -0.0150343 0.0458591 50.6183
0.0383894 0.000574828 0.999263 30.8897 -0.0127353 0.999919 -8.59458e-005 -0.0046585 -0.999182 -0.0127226 0.0383936 50.6818
0.0313581 0.000544644 0.999508 31.7473 -0.008651 0.999963 -0.000273479 -0.017924 -0.999471 -0.00863816 0.0313617 50.6965
0.0235897 0.00169933 0.99972 32.7103 -0.00343991 0.999993 -0.00161862 -0.0363537 -0.999716 -0.00340077 0.0235953 50.7216
0.0128127 0.00192328 0.999916 33.4854 0.00258241 0.999995 -0.00195652 -0.048631 -0.999915 0.00260726 0.0128077 50.7328
0.00273052 0.000769746 0.999996 34.3833 0.00163277 0.999998 -0.000774206 -0.0533656 -0.999995 0.00163488 0.00272926 50.7431
-0.00827732 0.00217164 0.999963 35.4115 0.000149441 0.999998 -0.00217048 -0.0768233 -0.999966 0.00013147 -0.00827762 50.7456
-0.0193701 0.000790542 0.999812 36.2178 -0.00167129 0.999998 -0.000823068 -0.0857088 -0.999811 -0.00168692 -0.0193688 50.726
-0.0298074 0.000133262 0.999556 37.3143 -0.000125089 1 -0.000137052 -0.0955116 -0.999556 -0.000129119 -0.0298073 50.684
-0.0417711 -0.000153139 0.999127 38.1228 0.00226858 0.999997 0.000248116 -0.122583 -0.999125 0.00227697 -0.0417707 50.6673
-0.0516093 0.00127871 0.998667 39.1593 0.00327459 0.999994 -0.00111119 -0.140721 -0.998662 0.00321287 -0.0516132 50.6003
-0.0619597 0.00112603 0.998078 39.8508 0.00194824 0.999998 -0.00100725 -0.160156 -0.998077 0.00188208 -0.0619617 50.5505
-0.0733869 -0.00090553 0.997303 40.8797 0.0036426 0.999993 0.00117601 -0.151842 -0.997297 0.00371908 -0.0733831 50.5059
-0.0809284 -0.00136306 0.996719 41.5977 0.00296421 0.999994 0.00160821 -0.180253 -0.996716 0.00308463 -0.0809239 50.4201
-0.0912443 5.19234e-005 0.995829 42.5164 0.00247227 0.999997 0.000174385 -0.192807 -0.995825 0.00247787 -0.0912441 50.3479
-0.100315 -0.00223896 0.994953 43.4203 -0.000596619 0.999997 0.00219015 -0.199947 -0.994956 -0.000373903 -0.100316 50.2591
-0.106324 -0.00430359 0.994322 44.1661 -0.00290914 0.999988 0.00401704 -0.21412 -0.994327 -0.00246552 -0.106335 50.1481
-0.112139 -0.00845114 0.993657 44.9907 -0.00500524 0.999956 0.00793986 -0.203884 -0.99368 -0.00408313 -0.112176 50.0667
-0.116106 -0.00948375 0.993192 45.7575 -0.00904655 0.999923 0.00849047 -0.226264 -0.993196 -0.00799917 -0.116183 49.9839
-0.118421 -0.0102917 0.99291 46.5583 -0.0097068 0.999911 0.00920659 -0.240171 -0.992916 -0.00854773 -0.11851 49.8682
-0.120099 -0.011448 0.992696 47.3352 -0.0118092 0.999879 0.0101021 -0.248038 -0.992692 -0.0105097 -0.12022 49.8015
-0.120854 -0.0115135 0.992604 48.0958 -0.0119269 0.999877 0.0101457 -0.242979 -0.992599 -0.0106125 -0.120976 49.7076
-0.119607 -0.0130962 0.992735 48.8628 -0.0123069 0.999856 0.0117073 -0.273048 -0.992745 -0.0108172 -0.119751 49.5983
-0.119268 -0.01479 0.992752 49.6479 -0.0102606 0.999854 0.0136631 -0.26928 -0.992809 -0.00855665 -0.119402 49.5628
-0.109426 -0.0180202 0.993832 50.3587 -0.00962777 0.999808 0.0170685 -0.278785 -0.993948 -0.00770065 -0.109578 49.4106
-0.10503 -0.0133522 0.994379 51.0428 -0.00749859 0.999892 0.0126342 -0.264293 -0.994441 -0.00612948 -0.105118 49.3925
-0.093244 -0.011711 0.995574 51.7013 -0.0104302 0.999887 0.0107848 -0.289256 -0.995589 -0.00937847 -0.0933557 49.333
-0.0818953 -0.0135737 0.996549 52.3122 -0.0131236 0.999835 0.01254 -0.300898 -0.996555 -0.0120513 -0.0820599 49.3072
-0.061484 -0.0139571 0.99801 52.9157 -0.0142375 0.999813 0.0131052 -0.289899 -0.998007 -0.0134034 -0.0616712 49.2652
-0.0415594 -0.00905507 0.999095 50.1753 -0.0121428 0.99989 0.00855716 -0.299546 -0.999062 -0.0117762 -0.0416648 46.2007
-0.017967 -0.00732433 0.999812 50.6926 -0.00659988 0.999952 0.00720676 -0.279269 -0.999817 -0.00646916 -0.0180145 46.2123
0.0114212 -0.00842868 0.999899 51.0145 -0.00378043 0.999957 0.00847235 -0.295285 -0.999928 -0.00387681 0.0113888 46.0365
0.042523 0.00400988 0.999087 51.0361 -0.00488045 0.999981 -0.00380575 -0.302576 -0.999084 -0.00471416 0.0425417 45.698
0.0814729 -0.0102505 0.996623 50.7605 -0.00867235 0.999902 0.0109931 -0.275295 -0.996638 -0.00953871 0.0813761 44.994
0.120106 0.0637717 0.990711 49.4897 -0.0226941 0.99785 -0.0614801 -0.384949 -0.992502 -0.0150992 0.121295 43.4461
0.165963 0.0042039 0.986123 49.752 -0.0179786 0.999838 -0.00123659 -0.269482 -0.985968 -0.0175239 0.166012 43.468
0.258816 -0.130512 0.957069 49.4193 0.0543934 0.991227 0.12046 -0.407464 -0.964394 0.0208811 0.263645 42.5053
0.267731 0.0379694 0.962745 50.6159 0.0201583 0.998784 -0.0449966 -0.391705 -0.963283 0.0314543 0.26664 43.5573
0.321945 0.0125059 0.946676 51.0183 0.0203815 0.999589 -0.0201363 -0.413926 -0.946539 0.0257775 0.321558 43.7021
0.405728 -0.0377442 0.913214 51.248 -0.0502506 0.996715 0.063521 -0.353437 -0.912611 -0.0716618 0.402499 43.587
0.451769 -0.0231192 0.891835 51.8992 -0.00711618 0.999539 0.029516 -0.357451 -0.892106 -0.0196809 0.451396 44.0255
0.514591 -0.0260932 0.857038 52.2521 -0.0137576 0.999157 0.0386806 -0.337085 -0.857325 -0.0316955 0.513799 44.2583
0.567452 -0.0218107 0.823117 52.6179 -0.0104621 0.999377 0.0336937 -0.322147 -0.82334 -0.0277311 0.566871 44.576
0.625481 -0.0133059 0.780126 52.9524 -0.0167 0.999397 0.0304353 -0.303944 -0.780061 -0.0320648 0.624882 44.9252
0.666717 0.00562591 0.74529 53.1596 -0.0220354 0.999683 0.0121661 -0.275878 -0.744985 -0.0245341 0.66663 45.3284
0.733929 -0.0473273 0.677575 53.5499 0.0055914 0.997957 0.0636489 -0.289378 -0.679203 -0.0429252 0.732694 45.4502
0.762016 0.00325724 0.64755 53.7365 -0.0252696 0.999375 0.0247095 -0.249317 -0.647065 -0.0351924 0.761622 46.0622
0.808971 -0.00555841 0.587822 53.9119 -0.0208631 0.999054 0.0381592 -0.248747 -0.587478 -0.0431335 0.80809 46.3074
0.846418 -0.00306175 0.532511 50.701 -0.024979 0.998654 0.0454457 -0.252399 -0.531934 -0.0517676 0.845202 43.7324
0.873209 0.00674278 0.4873 53.3159 -0.0282076 0.998927 0.0367239 -0.213761 -0.486529 -0.0458132 0.872462 46.3091
0.901953 0.000689539 0.431834 53.3439 -0.0254817 0.998341 0.0516283 -0.230513 -0.431082 -0.0575702 0.900474 46.556
0.923282 -0.00884719 0.38402 52.3573 -0.0148633 0.998163 0.058731 -0.22349 -0.383835 -0.0599331 0.921455 46.0147
0.938655 0.00157502 0.344854 53.5014 -0.0206909 0.998445 0.0517582 -0.228541 -0.344236 -0.0557184 0.937228 47.3844
0.949759 0.00868072 0.31286 53.4161 -0.0246276 0.998589 0.0470556 -0.18464 -0.31201 -0.0523965 0.948633 47.6789
0.959505 0.00841852 0.281567 53.1707 -0.0229182 0.998573 0.0482431 -0.163243 -0.280759 -0.0527425 0.958328 47.832
0.965934 -0.00377197 0.258761 53.6661 -0.00897078 0.998805 0.0480469 -0.156363 -0.258632 -0.0487314 0.964746 48.6491
0.969913 -0.00589662 0.243382 53.8373 -0.00632179 0.99876 0.049391 -0.137725 -0.243372 -0.0494435 0.968672 49.2762
0.973222 -0.00447887 0.229825 50.6438 -0.00694312 0.998781 0.048866 -0.113815 -0.229763 -0.0491531 0.972005 46.8429
0.975036 -0.00239058 0.222036 53.438 -0.00814516 0.998884 0.0465228 -0.0838521 -0.221899 -0.0471699 0.973928 49.8727
0.976206 0.00659228 0.216743 50.388 -0.0161091 0.998981 0.0421711 -0.0464629 -0.216244 -0.0446592 0.975317 47.5021
0.976857 0.0150053 0.213365 50.4526 -0.0236246 0.999002 0.0379047 -0.0249901 -0.212583 -0.0420681 0.976237 48.0243
0.976862 0.0180276 0.213109 49.8989 -0.0263582 0.998993 0.0363144 -0.022356 -0.212239 -0.0410913 0.976353 48.0312
0.976623 0.0114416 0.214654 48.647 -0.0191109 0.99925 0.0336873 -0.000527537 -0.214108 -0.0370021 0.976109 47.3721
0.975566 -0.00450302 0.219661 50.5235 -0.00148489 0.999632 0.0270871 0.0167128 -0.219702 -0.0267514 0.9752 49.5455
0.974628 -0.00497268 0.223775 47.6277 -9.85338e-005 0.999744 0.0226453 0.032293 -0.22383 -0.0220928 0.974378 47.1157
0.973562 -0.00420488 0.228382 49.7816 -0.00104652 0.999738 0.0228679 0.0421762 -0.228419 -0.0225024 0.973303 49.7867
0.972344 0.000357102 0.233551 49.52 -0.00679529 0.999619 0.0267624 0.051648 -0.233453 -0.0276093 0.971976 49.9177
0.971252 -0.000710129 0.238051 46.5065 -0.00694195 0.999486 0.0313048 0.0445946 -0.237951 -0.0320574 0.970748 47.2917
0.970342 -0.00173403 0.241729 47.0281 -0.00753656 0.999271 0.0374213 0.06806 -0.241618 -0.0381333 0.969622 48.1817
0.969378 -0.00179696 0.245567 45.847 -0.00877163 0.999082 0.0419369 0.0795072 -0.245417 -0.0428067 0.968472 47.2372
0.968484 -0.0100799 0.248872 46.6172 -0.000887284 0.999035 0.0439161 0.109258 -0.249075 -0.0427529 0.96754 48.6411
0.968369 -0.019564 0.248755 45.7396 0.0092655 0.999053 0.0425038 0.107353 -0.249351 -0.0388545 0.967633 48.1802
0.968497 -0.0177971 0.248389 47.1113 0.00912417 0.999309 0.0360243 0.152542 -0.248859 -0.0326231 0.96799 50.2816
0.96871 -0.0159104 0.247685 46.7564 0.00894685 0.999533 0.0292146 0.167752 -0.248034 -0.0260845 0.9684 50.3165
0.969416 -0.00546739 0.245363 46.7177 -0.000871973 0.999669 0.0257206 0.179746 -0.245422 -0.0251479 0.96909 50.7986
