1 -4.92894e-009 -7.73619e-006 -0.0241693 -4.92894e-009 0.999999 -0.00127425 -0.00537111 7.73619e-006 0.00127425 0.999999 0.626865
0.999998 -2.57183e-006 -0.00176124 -0.019429 -2.57183e-006 0.999996 -0.00292046 -0.0166664 0.00176124 0.00292046 0.999994 1.19718
0.999978 -1.25099e-005 -0.00669917 0.0397731 -1.25099e-005 0.999993 -0.00373471 -0.0434366 0.00669917 0.00373471 0.999971 1.76208
0.999969 -2.24549e-005 -0.00783096 0.00641591 -2.24549e-005 0.999984 -0.00573476 -0.0557314 0.00783096 0.00573476 0.999953 2.36528
0.99995 -4.09813e-005 -0.0100448 0.0177647 -4.09813e-005 0.999967 -0.00815934 -0.0559703 0.0100448 0.00815934 0.999916 2.87592
0.999926 -5.07888e-005 -0.0122043 0.0189655 -5.07888e-005 0.999965 -0.00832266 -0.0803217 0.0122043 0.00832266 0.999891 3.47741
0.999925 -5.12142e-005 -0.0122305 -0.0207979 -5.12142e-005 0.999965 -0.00837437 -0.0844361 0.0122305 0.00837437 0.99989 4.01669
0.999866 -7.00785e-005 -0.0163432 0.0157836 -7.00785e-005 0.999963 -0.00857511 -0.101044 0.0163432 0.00857511 0.99983 4.55401
0.999857 -9.60788e-005 -0.0169401 -0.0158943 -9.60788e-005 0.999936 -0.0113422 -0.118563 0.0169401 0.0113422 0.999792 5.11756
0.999847 -0.000131698 -0.0174722 -0.0399217 -0.000131698 0.999886 -0.0150731 -0.139968 0.0174722 0.0150731 0.999734 5.6719
0.999753 -0.000213311 -0.0222307 -0.024445 -0.000213311 0.999816 -0.0191865 -0.144345 0.0222307 0.0191865 0.999569 6.22591
0.999758 -0.000205823 -0.0219754 -0.0558346 -0.000205823 0.999825 -0.0187282 -0.171521 0.0219754 0.0187282 0.999583 6.76562
0.999768 -0.000127164 -0.0215516 -0.0802089 -0.000127164 0.99993 -0.0117991 -0.175454 0.0215516 0.0117991 0.999698 7.14614
0.999694 -1.79073e-005 -0.0247402 -0.0808669 -1.79073e-005 0.999999 -0.0014474 -0.17817 0.0247402 0.0014474 0.999693 7.80951
0.999691 6.55899e-005 -0.0248596 -0.0851132 6.55899e-005 0.999986 0.00527597 -0.181068 0.0248596 -0.00527597 0.999677 8.37999
0.999647 5.07906e-005 -0.0265813 -0.115787 5.07906e-005 0.999993 0.00382084 -0.187072 0.0265813 -0.00382084 0.999639 8.93775
0.999619 -4.41758e-005 -0.027591 -0.137144 -4.41758e-005 0.999995 -0.00320157 -0.19233 0.027591 0.00320157 0.999614 9.51512
0.999617 -0.000125661 -0.0276739 -0.156012 -0.000125661 0.999959 -0.00907962 -0.203045 0.0276739 0.00907962 0.999576 10.1014
0.999594 -0.000109318 -0.0285024 -0.192367 -0.000109318 0.999971 -0.00766915 -0.21938 0.0285024 0.00766915 0.999564 10.7496
0.999587 2.51931e-005 -0.028751 -0.208586 2.51931e-005 0.999998 0.00175214 -0.224688 0.028751 -0.00175214 0.999585 11.3388
0.999579 0.000131125 -0.02901 -0.230752 0.000131125 0.999959 0.00903789 -0.217128 0.02901 -0.00903789 0.999538 11.9479
0.99955 0.000171569 -0.0299964 -0.239368 0.000171569 0.999935 0.0114364 -0.209409 0.0299964 -0.0114364 0.999485 12.3621
0.999549 0.000154197 -0.0300155 -0.269342 0.000154197 0.999947 0.0102719 -0.208988 0.0300155 -0.0102719 0.999497 13.1339
0.999594 0.000112176 -0.0284956 -0.314519 0.000112176 0.999969 0.00787149 -0.212349 0.0284956 -0.00787149 0.999563 13.823
0.99957 6.17711e-005 -0.0293162 -0.308782 6.17711e-005 0.999991 0.00421321 -0.211966 0.0293162 -0.00421321 0.999561 14.4506
0.999615 -1.66737e-005 -0.0277573 -0.343331 -1.66737e-005 0.999999 -0.00120116 -0.225363 0.0277573 0.00120116 0.999614 15.1961
0.999633 -0.000106867 -0.0271054 -0.343728 -0.000106867 0.999969 -0.0078837 -0.231763 0.0271054 0.0078837 0.999601 15.9404
0.999663 -0.000171246 -0.0259585 -0.375815 -0.000171246 0.999913 -0.0131911 -0.25944 0.0259585 0.0131911 0.999576 16.7344
0.999664 -0.000181475 -0.0259064 -0.400504 -0.000181475 0.999902 -0.014007 -0.281307 0.0259064 0.014007 0.999566 17.5025
0.999645 -0.000180933 -0.0266367 -0.409164 -0.000180933 0.999908 -0.0135822 -0.299213 0.0266367 0.0135822 0.999553 18.2711
0.999658 -0.000195604 -0.0261665 -0.446186 -0.000195604 0.999888 -0.0149473 -0.319099 0.0261665 0.0149473 0.999546 19.0924
0.999636 -0.000224914 -0.0269733 -0.462064 -0.000224914 0.999861 -0.0166726 -0.345761 0.0269733 0.0166726 0.999497 19.9138
0.999653 -0.000231607 -0.02635 -0.501944 -0.000231607 0.999846 -0.0175748 -0.37011 0.02635 0.0175748 0.999498 20.7461
0.999661 -0.000223489 -0.0260447 -0.527089 -0.000223489 0.999853 -0.0171578 -0.401974 0.0260447 0.0171578 0.999514 21.5822
0.999677 -0.000223073 -0.0254117 -0.583693 -0.000223073 0.999846 -0.0175526 -0.419553 0.0254117 0.0175526 0.999523 22.4436
0.999683 -0.000220039 -0.0251597 -0.607138 -0.000220039 0.999847 -0.0174873 -0.447395 0.0251597 0.0174873 0.99953 23.3231
0.999666 -0.000207734 -0.0258443 -0.624814 -0.000207734 0.999871 -0.0160721 -0.478922 0.0258443 0.0160721 0.999537 24.1877
0.999619 -0.000198219 -0.0275835 -0.638586 -0.000198219 0.999897 -0.0143688 -0.500412 0.0275835 0.0143688 0.999516 25.0801
0.999631 -0.000180457 -0.0271451 -0.678734 -0.000180457 0.999912 -0.0132927 -0.521037 0.0271451 0.0132927 0.999543 25.9813
0.999599 -0.000199701 -0.0283201 -0.692289 -0.000199701 0.999901 -0.0140996 -0.550314 0.0283201 0.0140996 0.999499 26.9009
0.999638 -0.000202788 -0.0268857 -0.757697 -0.000202788 0.999886 -0.0150816 -0.575947 0.0268857 0.0150816 0.999525 27.8409
0.999647 -0.000191453 -0.0265655 -0.780458 -0.000191453 0.999896 -0.0144103 -0.602859 0.0265655 0.0144103 0.999543 28.7663
0.999602 -0.000164282 -0.0282 -0.807054 -0.000164282 0.999932 -0.0116485 -0.628353 0.0282 0.0116485 0.999534 29.7432
0.999602 -0.000116095 -0.0282247 -0.846129 -0.000116095 0.999966 -0.0082247 -0.643981 0.0282247 0.0082247 0.999568 30.7197
0.999596 -8.27226e-005 -0.028423 -0.888001 -8.27226e-005 0.999983 -0.00581959 -0.663936 0.028423 0.00581959 0.999579 31.7257
0.999539 -7.46091e-005 -0.0303592 -0.891778 -7.46091e-005 0.999988 -0.00491393 -0.690589 0.0303592 0.00491393 0.999527 32.7378
0.999565 -0.000100645 -0.0294802 -0.949852 -0.000100645 0.999977 -0.0068264 -0.704646 0.0294802 0.0068264 0.999542 33.7555
0.999545 -0.000109101 -0.0301599 -0.993764 -0.000109101 0.999974 -0.00723306 -0.731096 0.0301599 0.00723306 0.999519 34.8344
0.999539 -9.05894e-005 -0.0303644 -1.04334 -9.05894e-005 0.999982 -0.00596538 -0.758103 0.0303644 0.00596538 0.999521 35.9231
0.999505 -6.55498e-005 -0.0314706 -1.0782 -6.55498e-005 0.999991 -0.00416473 -0.777 0.0314706 0.00416473 0.999496 37.012
0.999461 -2.43275e-005 -0.0328373 -1.10268 -2.43275e-005 0.999999 -0.0014813 -0.798491 0.0328373 0.0014813 0.99946 38.094
0.999463 -3.07635e-005 -0.0327815 -1.15615 -3.07635e-005 0.999998 -0.00187638 -0.812075 0.0327815 0.00187638 0.999461 39.1887
0.999432 -9.06973e-005 -0.0337037 -1.19227 -9.06973e-005 0.999986 -0.00538048 -0.844452 0.0337037 0.00538048 0.999417 40.3284
0.999432 -0.000156578 -0.0337025 -1.23657 -0.000156578 0.999957 -0.0092889 -0.877015 0.0337025 0.0092889 0.999389 41.4567
0.999444 -0.000162533 -0.0333396 -1.28679 -0.000162533 0.999952 -0.0097472 -0.910194 0.0333396 0.0097472 0.999397 42.6283
0.999447 -0.00011453 -0.0332541 -1.33484 -0.00011453 0.999976 -0.0068862 -0.944764 0.0332541 0.0068862 0.999423 43.7906
0.999485 -7.54676e-005 -0.0320876 -1.39314 -7.54676e-005 0.999989 -0.00470261 -0.965634 0.0320876 0.00470261 0.999474 44.9325
0.999465 -6.01849e-005 -0.0327158 -1.4211 -6.01849e-005 0.999993 -0.00367826 -0.981997 0.0327158 0.00367826 0.999458 46.1349
0.99951 -6.9609e-005 -0.031313 -1.48836 -6.9609e-005 0.99999 -0.00444491 -1.01366 0.031313 0.00444491 0.9995 47.3262
0.99948 -0.000104247 -0.0322385 -1.50511 -0.000104247 0.999979 -0.00646549 -1.03373 0.0322385 0.00646549 0.999459 48.5244
0.999521 -0.000135171 -0.0309474 -1.56644 -0.000135171 0.999962 -0.00873324 -1.06842 0.0309474 0.00873324 0.999483 49.7331
0.999533 -0.000170067 -0.0305447 -1.61248 -0.000170067 0.999938 -0.0111327 -1.11197 0.0305447 0.0111327 0.999471 50.93
0.999524 -0.000227434 -0.0308504 -1.64626 -0.000227434 0.999891 -0.01474 -1.14751 0.0308504 0.01474 0.999415 52.0708
0.99955 -0.000244474 -0.0299964 -1.6943 -0.000244474 0.999867 -0.0162955 -1.19366 0.0299964 0.0162955 0.999417 53.2714
0.99954 -0.000215819 -0.0303234 -1.7296 -0.000215819 0.999899 -0.0142305 -1.22919 0.0303234 0.0142305 0.999439 54.3905
0.999544 -0.000130586 -0.0302064 -1.76203 -0.000130586 0.999963 -0.00864412 -1.25555 0.0302064 0.00864412 0.999506 55.5813
0.999558 -3.75192e-005 -0.0297403 -1.79728 -3.75192e-005 0.999997 -0.00252256 -1.27341 0.0297403 0.00252256 0.999554 56.6901
0.999569 -3.01024e-005 -0.0293472 -1.83338 -3.01024e-005 0.999998 -0.00205103 -1.28307 0.0293472 0.00205103 0.999567 57.8756
0.999583 -7.34154e-005 -0.0288828 -1.87445 -7.34154e-005 0.999987 -0.00508258 -1.30427 0.0288828 0.00508258 0.99957 59.0446
0.999561 -0.000122991 -0.029637 -1.89773 -0.000122991 0.999966 -0.00829784 -1.34338 0.029637 0.00829784 0.999526 60.2121
0.999589 -0.000176876 -0.028662 -1.96265 -0.000176876 0.999924 -0.0123392 -1.38245 0.028662 0.0123392 0.999513 61.4062
0.999576 -0.000240121 -0.0291149 -1.9975 -0.000240121 0.999864 -0.0164901 -1.42615 0.0291149 0.0164901 0.99944 62.5782
0.999575 -0.000249095 -0.029149 -2.01903 -0.000249095 0.999854 -0.0170863 -1.47133 0.029149 0.0170863 0.999429 63.7647
0.999611 -0.00018716 -0.0278941 -2.07341 -0.00018716 0.99991 -0.0134162 -1.50443 0.0278941 0.0134162 0.999521 64.7696
0.9996 -0.000158561 -0.028283 -2.10072 -0.000158561 0.999937 -0.0112099 -1.52833 0.028283 0.0112099 0.999537 65.8856
0.999598 -0.000147365 -0.0283593 -2.12844 -0.000147365 0.999946 -0.0103904 -1.55295 0.0283593 0.0103904 0.999544 66.8935
0.999571 -0.000123135 -0.0292815 -2.15742 -0.000123135 0.999965 -0.00840846 -1.61944 0.0292815 0.00840846 0.999536 68.0583
0.999639 -0.000112749 -0.0268529 -2.29352 -0.000112749 0.999965 -0.00839589 -1.609 0.0268529 0.00839589 0.999604 69.1476
0.999578 -8.59805e-005 -0.0290464 -2.25037 -8.59805e-005 0.999982 -0.00591892 -1.64748 0.0290464 0.00591892 0.999561 70.2064
0.999545 -5.23304e-005 -0.0301707 -2.27622 -5.23304e-005 0.999994 -0.00346815 -1.69729 0.0301707 0.00346815 0.999539 71.3811
0.999537 -7.31332e-005 -0.0304225 -2.37815 -7.31332e-005 0.999988 -0.00480669 -1.70545 0.0304225 0.00480669 0.999526 72.4797
0.99948 -0.000144406 -0.0322323 -2.35209 -0.000144406 0.99996 -0.00895782 -1.73452 0.0322323 0.00895782 0.99944 73.621
0.999485 -0.000170722 -0.0320996 -2.42114 -0.000170722 0.999943 -0.0106339 -1.78288 0.0320996 0.0106339 0.999428 74.724
0.99947 -0.000146082 -0.0325395 -2.48101 -0.000146082 0.99996 -0.00897616 -1.81367 0.0325395 0.00897616 0.99943 75.8326
0.999461 -7.96274e-005 -0.0328246 -2.54664 -7.96274e-005 0.999988 -0.00485036 -1.83469 0.0328246 0.00485036 0.999449 77.0767
0.999448 -1.04408e-005 -0.0332296 -2.60051 -1.04408e-005 1 -0.000628232 -1.85597 0.0332296 0.000628232 0.999448 78.1671
0.99941 -2.03226e-006 -0.0343389 -2.63122 -2.03226e-006 1 -0.00011833 -1.86676 0.0343389 0.00011833 0.99941 79.3346
0.999343 -2.56148e-005 -0.0362382 -2.66553 -2.56148e-005 0.999999 -0.00141323 -1.90429 0.0362382 0.00141323 0.999342 80.5459
0.999473 -2.75379e-005 -0.0324616 -2.85172 -2.75379e-005 0.999999 -0.00169619 -1.92795 0.0324616 0.00169619 0.999472 81.554
0.999477 -4.70742e-005 -0.0323325 -2.88207 -4.70742e-005 0.999996 -0.00291111 -1.94484 0.0323325 0.00291111 0.999473 82.7512
0.999442 -3.54839e-005 -0.033391 -2.93065 -3.54839e-005 0.999998 -0.00212476 -1.97637 0.033391 0.00212476 0.99944 83.8634
0.999434 -1.07225e-005 -0.033641 -2.9805 -1.07225e-005 1 -0.000637284 -2.00329 0.033641 0.000637284 0.999434 85.0136
0.999398 3.22263e-005 -0.0346892 -3.02365 3.22263e-005 0.999998 0.00185744 -2.02388 0.0346892 -0.00185744 0.999396 86.1051
0.999344 5.48397e-005 -0.0362273 -3.02428 5.48397e-005 0.999995 0.00302653 -2.03308 0.0362273 -0.00302653 0.999339 86.418
0.999312 5.98358e-005 -0.0370896 -3.11139 5.98358e-005 0.999995 0.00322544 -2.05927 0.0370896 -0.00322544 0.999307 88.0377
0.999173 4.12317e-005 -0.0406613 -3.15757 4.12317e-005 0.999998 0.00202721 -2.07623 0.0406613 -0.00202721 0.999171 88.887
0.998997 2.90131e-005 -0.0447723 -3.19642 2.90131e-005 0.999999 0.00129538 -2.10277 0.0447723 -0.00129538 0.998996 89.8401
0.998899 3.41231e-005 -0.0469116 -3.27351 3.41231e-005 0.999999 0.00145398 -2.12317 0.0469116 -0.00145398 0.998898 90.8652
0.9987 6.45158e-005 -0.0509738 -3.32095 6.45158e-005 0.999997 0.00252969 -2.14426 0.0509738 -0.00252969 0.998697 91.7697
0.998564 0.000100418 -0.0535732 -3.3967 0.000100418 0.999993 0.0037461 -2.16563 0.0535732 -0.0037461 0.998557 92.8072
0.998394 0.000175758 -0.0566589 -3.43896 0.000175758 0.999981 0.00619903 -2.20071 0.0566589 -0.00619903 0.998374 93.6027
0.998271 0.000189606 -0.0587722 -3.52231 0.000189606 0.999979 0.0064466 -2.20354 0.0587722 -0.0064466 0.998251 94.5543
0.998084 0.000221902 -0.0618683 -3.58182 0.000221902 0.999974 0.0071664 -2.22255 0.0618683 -0.0071664 0.998059 95.428
0.997983 0.000187842 -0.0634857 -3.67723 0.000187842 0.999983 0.00591158 -2.23756 0.0634857 -0.00591158 0.997965 96.2453
0.997735 8.59867e-005 -0.0672711 -3.69344 8.59867e-005 0.999997 0.00255352 -2.26039 0.0672711 -0.00255352 0.997731 96.9922
0.99754 -8.76095e-006 -0.0701016 -3.75416 -8.76095e-006 1 -0.000249643 -2.27633 0.0701016 0.000249643 0.99754 97.4362
0.997455 -0.000114685 -0.0712936 -3.80004 -0.000114685 0.999995 -0.00321314 -2.28785 0.0712936 0.00321314 0.99745 97.9004
0.997256 -0.000132694 -0.0740319 -3.8409 -0.000132694 0.999994 -0.00357986 -2.3193 0.0740319 0.00357986 0.997249 98.8184
0.99744 -0.000108913 -0.0715146 -3.93274 -0.000108913 0.999995 -0.00304198 -2.33421 0.0715146 0.00304198 0.997435 99.3907
0.997578 -4.92456e-005 -0.0695554 -3.95191 -4.92456e-005 0.999999 -0.0014143 -2.34593 0.0695554 0.0014143 0.997577 99.9616
0.997959 1.17186e-005 -0.0638568 -4.00316 1.17186e-005 1 0.000366654 -2.36014 0.0638568 -0.000366654 0.997959 100.582
0.998408 7.29842e-005 -0.0563963 -4.02973 7.29842e-005 0.999997 0.0025862 -2.37375 0.0563963 -0.0025862 0.998405 101.221
0.998904 0.000124173 -0.0468138 -4.04639 0.000124173 0.999986 0.00530204 -2.38254 0.0468138 -0.00530204 0.99889 101.672
0.999379 0.000117753 -0.0352416 -4.04197 0.000117753 0.999978 0.00668049 -2.38598 0.0352416 -0.00668049 0.999356 101.903
0.999759 7.8026e-005 -0.0219687 -4.03522 7.8026e-005 0.999975 0.00710243 -2.38778 0.0219687 -0.00710243 0.999733 102.029
0.999976 2.31401e-005 -0.00688265 -4.03581 2.31401e-005 0.999977 0.00672402 -2.39029 0.00688265 -0.00672402 0.999954 102.095
0.99994 -2.26423e-005 0.0109754 -4.01395 -2.26423e-005 0.999991 0.00412586 -2.39772 -0.0109754 -0.00412586 0.999931 102.445
0.999484 2.20743e-008 0.0321344 -4.00569 2.20743e-008 1 -1.37351e-006 -2.3983 -0.0321344 1.37351e-006 0.999484 102.461
0.998407 0.000116274 0.0564153 -3.98728 0.000116274 0.999992 -0.00411877 -2.40259 -0.0564153 0.00411877 0.998399 102.607
0.996525 0.000257857 0.0832967 -3.96433 0.000257857 0.999981 -0.00618047 -2.40593 -0.0832967 0.00618047 0.996506 102.748
0.993561 0.000374582 0.113294 -3.90983 0.000374582 0.999978 -0.00659119 -2.41341 -0.113294 0.00659119 0.99354 102.98
0.989361 0.000575758 0.14548 -3.88472 0.000575758 0.999969 -0.00787307 -2.41355 -0.14548 0.00787307 0.98933 103.069
0.983485 0.000779478 0.180985 -3.82281 0.000779478 0.999963 -0.00854242 -2.4199 -0.180985 0.00854242 0.983449 103.261
0.975743 0.000889494 0.218918 -3.73674 0.000889494 0.999967 -0.00802757 -2.42651 -0.218918 0.00802757 0.97571 103.482
0.965913 0.00108711 0.258865 -3.65136 0.00108711 0.999965 -0.00825576 -2.43176 -0.258865 0.00825576 0.965878 103.665
0.953817 0.00141119 0.300383 -3.54993 0.00141119 0.999957 -0.00917878 -2.43881 -0.300383 0.00917878 0.953774 103.873
0.938741 0.00184843 0.344619 -3.44596 0.00184843 0.999944 -0.0103985 -2.4447 -0.344619 0.0103985 0.938685 104.062
0.921418 0.0019224 0.388568 -3.30158 0.0019224 0.999953 -0.00950577 -2.45024 -0.388568 0.00950577 0.921371 104.282
0.901412 0.00180793 0.432959 -3.14847 0.00180793 0.999967 -0.0079397 -2.45635 -0.432959 0.0079397 0.901379 104.491
0.87834 0.00202048 0.478033 -2.99102 0.00202048 0.999966 -0.00793897 -2.46394 -0.478033 0.00793897 0.878306 104.688
0.854273 0.0025865 0.519818 -2.79771 0.0025865 0.999954 -0.00922623 -2.47289 -0.519818 0.00922623 0.854227 104.882
0.826917 0.00373366 0.562312 -2.60154 0.00373366 0.999919 -0.0121299 -2.48588 -0.562312 0.0121299 0.826836 105.079
0.796845 0.00571537 0.604157 -2.38751 0.00571537 0.999839 -0.0169968 -2.49785 -0.604157 0.0169968 0.796684 105.273
0.76391 0.00838507 0.645269 -2.16311 0.00838507 0.999702 -0.0229176 -2.50367 -0.645269 0.0229176 0.763612 105.451
0.727074 0.0109088 0.686472 -1.92693 0.0109088 0.999564 -0.0274383 -2.52148 -0.686472 0.0274383 0.726638 105.628
0.689475 0.0122903 0.724205 -1.6701 0.0122903 0.999514 -0.0286633 -2.52511 -0.724205 0.0286633 0.688988 105.773
0.647984 0.0117343 0.761564 -1.40632 0.0117343 0.999609 -0.0253863 -2.53924 -0.761564 0.0253863 0.647593 105.9
0.606146 0.0110927 0.795276 -1.13377 0.0110927 0.999688 -0.0223985 -2.54482 -0.795276 0.0223985 0.605834 106.069
0.559947 0.0121252 0.82844 -0.855368 0.0121252 0.999666 -0.0228268 -2.54071 -0.82844 0.0228268 0.559613 106.157
0.514379 0.0105697 0.857498 -0.5769 0.0105697 0.99977 -0.0186638 -2.56412 -0.857498 0.0186638 0.514149 106.293
0.462524 0.0102099 0.886548 -0.261964 0.0102099 0.999806 -0.0168408 -2.57722 -0.886548 0.0168408 0.46233 106.384
0.411956 0.0124598 0.911119 0.0544419 0.0124598 0.999736 -0.0193053 -2.57786 -0.911119 0.0193053 0.411692 106.466
0.361892 0.0163413 0.932077 0.365389 0.0163413 0.999582 -0.0238696 -2.57832 -0.932077 0.0238696 0.361474 106.501
0.310808 0.0210314 0.95024 0.708557 0.0210314 0.999358 -0.0289976 -2.59392 -0.95024 0.0289976 0.310166 106.553
0.264413 0.0219751 0.964159 1.02821 0.0219751 0.999344 -0.0288036 -2.60381 -0.964159 0.0288036 0.263756 106.65
0.222925 0.0182463 0.974665 1.38 0.0182463 0.999572 -0.0228858 -2.62266 -0.974665 0.0228858 0.222496 106.624
0.187399 0.0140916 0.982183 1.71945 0.0140916 0.999756 -0.0170323 -2.63068 -0.982183 0.0170323 0.187155 106.644
0.156737 0.0116893 0.987571 2.07953 0.0116893 0.999838 -0.0136896 -2.63348 -0.987571 0.0136896 0.156575 106.67
0.129137 0.0142898 0.991524 2.44549 0.0142898 0.999766 -0.0162697 -2.64869 -0.991524 0.0162697 0.128902 106.675
0.104015 0.0203825 0.994367 2.82265 0.0203825 0.999536 -0.0226206 -2.64872 -0.994367 0.0226206 0.103551 106.698
0.0806472 0.0247552 0.996435 3.21305 0.0247552 0.999333 -0.0268308 -2.65241 -0.996435 0.0268308 0.0799806 106.711
0.0577189 0.0228364 0.998072 3.58324 0.0228364 0.999447 -0.0241885 -2.66731 -0.998072 0.0241885 0.0571655 106.708
0.0376631 0.0153929 0.999172 3.9922 0.0153929 0.999754 -0.0159821 -2.68024 -0.999172 0.0159821 0.0374169 106.678
0.019949 0.0109669 0.999741 4.42201 0.0109669 0.999877 -0.0111873 -2.69311 -0.999741 0.0111873 0.0198263 106.666
0.00522349 0.012044 0.999914 4.86343 0.012044 0.999854 -0.0121062 -2.7033 -0.999914 0.0121062 0.00507767 106.659
-0.00547739 0.0143599 0.999882 5.25844 0.0143599 0.999795 -0.01428 -2.71059 -0.999882 0.01428 -0.00568248 106.646
-0.0118528 0.012741 0.999849 5.72115 0.012741 0.99984 -0.0125898 -2.72871 -0.999849 0.0125898 -0.0120132 106.624
-0.0144402 0.00603215 0.999878 6.19376 0.00603215 0.999964 -0.00594555 -2.73449 -0.999878 0.00594555 -0.014476 106.605
-0.0143805 0.0048943 0.999885 6.66695 0.0048943 0.999976 -0.00482436 -2.72861 -0.999885 0.00482436 -0.0144041 106.609
-0.0129158 0.00576768 0.9999 7.1651 0.00576768 0.999967 -0.00569356 -2.73077 -0.9999 0.00569356 -0.0129487 106.605
-0.0114723 0.0108591 0.999875 7.67531 0.0108591 0.999883 -0.0107346 -2.74083 -0.999875 0.0107346 -0.0115889 106.614
-0.009706 0.010158 0.999901 7.96318 0.010158 0.999898 -0.0100594 -2.74818 -0.999901 0.0100594 -0.00980819 106.608
-0.00849281 0.0106005 0.999908 8.56295 0.0106005 0.999889 -0.0105103 -2.75772 -0.999908 0.0105103 -0.00860423 106.604
-0.00771742 0.010726 0.999913 9.10866 0.010726 0.999886 -0.0106429 -2.77181 -0.999913 0.0106429 -0.00783158 106.605
-0.00794457 0.0132576 0.999881 9.60503 0.0132576 0.999826 -0.0131515 -2.79625 -0.999881 0.0131515 -0.00811895 106.624
-0.0067501 0.0118643 0.999907 10.169 0.0118643 0.99986 -0.0117837 -2.79339 -0.999907 0.0117837 -0.00688992 106.615
-0.00789384 0.012087 0.999896 10.7305 0.012087 0.999855 -0.0119911 -2.80673 -0.999896 0.0119911 -0.0080388 106.616
-0.00849195 0.0149548 0.999852 11.362 0.0149548 0.999778 -0.0148267 -2.82733 -0.999852 0.0148267 -0.00871371 106.598
-0.00964111 0.0159418 0.999826 11.968 0.0159418 0.999748 -0.0157869 -2.84066 -0.999826 0.0157869 -0.00989282 106.609
-0.0110837 0.0133095 0.99985 12.5997 0.0133095 0.999825 -0.0131617 -2.85195 -0.99985 0.0131617 -0.0112589 106.597
-0.0125585 0.0127266 0.99984 13.1343 0.0127266 0.99984 -0.0125667 -2.86501 -0.99984 0.0125667 -0.0127185 106.596
-0.0142217 0.0148968 0.999788 13.8407 0.0148968 0.999781 -0.0146848 -2.89015 -0.999788 0.0146848 -0.0144405 106.599
-0.0155972 0.0179461 0.999717 14.5459 0.0179461 0.999683 -0.0176655 -2.89479 -0.999717 0.0176655 -0.0159143 106.596
-0.0162072 0.0177159 0.999712 15.2007 0.0177159 0.999691 -0.0174284 -2.9305 -0.999712 0.0174284 -0.016516 106.573
-0.0172726 0.0167114 0.999711 15.91 0.0167114 0.999725 -0.0164229 -2.96032 -0.999711 0.0164229 -0.0175471 106.565
-0.0194813 0.0212101 0.999585 16.6138 0.0212101 0.999559 -0.0207962 -2.98036 -0.999585 0.0207962 -0.0199226 106.575
-0.0194023 0.0237691 0.999529 17.3688 0.0237691 0.999446 -0.0233057 -3.00289 -0.999529 0.0233057 -0.0199565 106.55
-0.0207614 0.0265307 0.999432 18.1388 0.0265307 0.99931 -0.0259763 -3.01807 -0.999432 0.0259763 -0.0214509 106.565
-0.0197709 0.0291313 0.99938 18.2512 0.0291313 0.999168 -0.0285488 -3.02948 -0.99938 0.0285488 -0.020603 106.547
-0.0194917 0.0306509 0.99934 19.2599 0.0306509 0.999078 -0.0300451 -3.05363 -0.99934 0.0300451 -0.0204132 106.531
-0.0197726 0.0296811 0.999364 20.0046 0.0296811 0.999136 -0.0290871 -3.09952 -0.999364 0.0290871 -0.0206365 106.539
-0.018194 0.0260511 0.999495 20.171 0.0260511 0.999333 -0.0255727 -3.12443 -0.999495 0.0255727 -0.0188605 106.516
-0.0187832 0.0233739 0.99955 20.8796 0.0233739 0.999464 -0.0229326 -3.1641 -0.99955 0.0229326 -0.0193195 106.52
-0.0189725 0.027183 0.99945 21.5673 0.027183 0.999275 -0.0266623 -3.20944 -0.99945 0.0266623 -0.0196977 106.524
-0.016395 0.0194743 0.999676 22.2824 0.0194743 0.999627 -0.019154 -3.21123 -0.999676 0.019154 -0.0167681 106.497
-0.0163061 0.0182674 0.9997 22.8852 0.0182674 0.999672 -0.0179689 -3.21301 -0.9997 0.0179689 -0.0166344 106.488
-0.0163699 0.0175386 0.999712 23.5176 0.0175386 0.999697 -0.0172512 -3.2419 -0.999712 0.0172512 -0.0166726 106.479
-0.0160613 0.0216153 0.999637 24.3205 0.0216153 0.99954 -0.0212659 -3.27558 -0.999637 0.0212659 -0.0165211 106.463
-0.0192607 0.0248119 0.999507 25.0435 0.0248119 0.999396 -0.024331 -3.30481 -0.999507 0.024331 -0.0198647 106.465
-0.0212413 0.022142 0.999529 25.7744 0.022142 0.99952 -0.0216713 -3.33687 -0.999529 0.0216713 -0.0217214 106.447
-0.0223658 0.0256697 0.99942 26.517 0.0256697 0.999355 -0.0250936 -3.37442 -0.99942 0.0250936 -0.0230104 106.413
-0.0251679 0.0259923 0.999345 27.3197 0.0259923 0.999341 -0.0253376 -3.41027 -0.999345 0.0253376 -0.0258269 106.418
-0.0268333 0.0285212 0.999233 28.1264 0.0285212 0.999208 -0.0277546 -3.44073 -0.999233 0.0277546 -0.0276255 106.387
-0.0284901 0.0280089 0.999202 28.8932 0.0280089 0.999237 -0.0272113 -3.47724 -0.999202 0.0272113 -0.0292529 106.361
-0.0304489 0.0285083 0.99913 29.7115 0.0285083 0.999211 -0.0276418 -3.51529 -0.99913 0.0276418 -0.0312376 106.334
-0.0317098 0.027298 0.999124 30.5386 0.027298 0.999278 -0.0264359 -3.54322 -0.999124 0.0264359 -0.0324321 106.301
-0.0327564 0.0288712 0.999046 31.3663 0.0288712 0.999193 -0.0279288 -3.59123 -0.999046 0.0279288 -0.0335635 106.269
-0.0342906 0.0273559 0.999037 32.1955 0.0273559 0.999276 -0.0264235 -3.62631 -0.999037 0.0264235 -0.0350141 106.236
-0.0356463 0.025978 0.999027 33.0289 0.025978 0.999348 -0.0250594 -3.66409 -0.999027 0.0250594 -0.0362979 106.211
-0.0366187 0.0279751 0.998938 33.8722 0.0279751 0.999245 -0.0269582 -3.70358 -0.998938 0.0269582 -0.0373737 106.178
-0.0376648 0.0285694 0.998882 34.7704 0.0285694 0.999213 -0.0275016 -3.73417 -0.998882 0.0275016 -0.0384514 106.153
-0.0384298 0.0302613 0.998803 35.6406 0.0302613 0.999118 -0.0291065 -3.78343 -0.998803 0.0291065 -0.0393117 106.123
-0.0391421 0.0302696 0.998775 36.4796 0.0302696 0.999118 -0.0290938 -3.82026 -0.998775 0.0290938 -0.0400239 106.094
-0.0444356 0.0245005 0.998712 37.3271 0.0245005 0.999425 -0.0234279 -3.92893 -0.998712 0.0234279 -0.0450103 106.155
-0.0422316 0.0279965 0.998716 38.1813 0.0279965 0.999248 -0.0268276 -3.93212 -0.998716 0.0268276 -0.0429836 106.076
-0.0426958 0.0310486 0.998606 39.0293 0.0310486 0.999075 -0.0297357 -4.00527 -0.998606 0.0297357 -0.0436204 106.058
-0.0425969 0.0297053 0.998651 39.8853 0.0297053 0.999154 -0.0284532 -4.05337 -0.998651 0.0284532 -0.0434433 106.006
-0.0412631 0.0304112 0.998685 40.68 0.0304112 0.999112 -0.0291677 -4.08292 -0.998685 0.0291677 -0.0421513 105.956
-0.0415612 0.0276857 0.998752 41.4084 0.0276857 0.999264 -0.0265478 -4.11339 -0.998752 0.0265478 -0.0422971 105.918
-0.0413806 0.0329496 0.9986 42.2649 0.0329496 0.998957 -0.031596 -4.15808 -0.9986 0.031596 -0.0424231 105.895
-0.0431267 0.0377427 0.998356 43.126 0.0377427 0.998634 -0.0361228 -4.15409 -0.998356 0.0361228 -0.0444923 105.921
-0.0408349 0.0320888 0.998651 43.9144 0.0320888 0.999011 -0.0307883 -4.1934 -0.998651 0.0307883 -0.0418242 105.843
-0.0409117 0.0315733 0.998664 44.5631 0.0315733 0.999042 -0.0302919 -4.25692 -0.998664 0.0302919 -0.0418694 105.801
-0.0439176 0.038428 0.998296 44.9258 0.038428 0.998585 -0.0367486 -4.29964 -0.998296 0.0367486 -0.0453322 105.795
-0.0500421 0.0406871 0.997918 45.9117 0.0406871 0.998423 -0.0386674 -4.32538 -0.997918 0.0386674 -0.0516187 105.764
-0.055791 0.0367852 0.997765 46.6239 0.0367852 0.998718 -0.0347635 -4.36784 -0.997765 0.0347635 -0.0570726 105.703
-0.0624917 0.0352001 0.997425 47.2528 0.0352001 0.998834 -0.0330444 -4.41195 -0.997425 0.0330444 -0.0636579 105.646
-0.0701023 0.0366743 0.996865 47.9696 0.0366743 0.998743 -0.0341643 -4.44732 -0.996865 0.0341643 -0.0713592 105.597
-0.0758232 0.0404955 0.996299 48.672 0.0404955 0.998476 -0.0375021 -4.48334 -0.996299 0.0375021 -0.0773475 105.539
-0.0813354 0.0421037 0.995797 49.4304 0.0421037 0.998361 -0.0387731 -4.52556 -0.995797 0.0387731 -0.0829748 105.469
-0.0858575 0.0452139 0.995281 50.104 0.0452139 0.998117 -0.0414424 -4.55708 -0.995281 0.0414424 -0.0877401 105.413
-0.089889 0.0484023 0.994775 50.8115 0.0484023 0.99785 -0.0441782 -4.59713 -0.994775 0.0441782 -0.0920385 105.352
-0.0918482 0.0477927 0.994625 51.5358 0.0477927 0.997908 -0.043537 -4.63564 -0.994625 0.043537 -0.0939402 105.273
