1 -7.27787e-008 -7.05657e-005 -0.0440217 -7.27787e-008 0.999998 -0.00206272 -0.0089344 7.05657e-005 0.00206272 0.999998 0.657713
0.999998 -3.60831e-006 -0.00194279 -0.0925422 -3.60831e-006 0.999993 -0.00371456 -0.00905171 0.00194279 0.00371456 0.999991 1.32108
0.999979 -1.59154e-005 -0.00652364 -0.0914898 -1.59154e-005 0.999988 -0.00487921 -0.0163057 0.00652364 0.00487921 0.999967 2.0264
0.999928 -3.19502e-005 -0.0119624 -0.102542 -3.19502e-005 0.999986 -0.00534153 -0.0227926 0.0119624 0.00534153 0.999914 2.75269
0.999893 -4.16222e-005 -0.0146483 -0.15039 -4.16222e-005 0.999984 -0.00568253 -0.0305346 0.0146483 0.00568253 0.999877 3.47099
0.999835 -6.16631e-005 -0.0181807 -0.187021 -6.16631e-005 0.999977 -0.00678272 -0.0416317 0.0181807 0.00678272 0.999812 4.19843
0.999703 -8.23566e-005 -0.024388 -0.2013 -8.23566e-005 0.999977 -0.00675278 -0.0596886 0.024388 0.00675278 0.99968 4.95291
0.999569 -7.05458e-005 -0.0293583 -0.209011 -7.05458e-005 0.999988 -0.00480478 -0.0654576 0.0293583 0.00480478 0.999557 5.75601
0.999375 -3.23792e-005 -0.0353575 -0.223594 -3.23792e-005 0.999998 -0.00183096 -0.0772939 0.0353575 0.00183096 0.999373 6.56086
0.999357 1.86411e-005 -0.0358548 -0.312814 1.86411e-005 0.999999 0.00103948 -0.08842 0.0358548 -0.00103948 0.999356 7.35099
0.999202 1.30768e-005 -0.0399377 -0.357379 1.30768e-005 1 0.000654598 -0.0970882 0.0399377 -0.000654598 0.999202 8.15212
0.999202 1.30768e-005 -0.0399377 -0.401944 1.30768e-005 1 0.000654598 -0.105756 0.0399377 -0.000654598 0.999202 8.95324
0.999223 -8.05718e-006 -0.039417 -0.469978 -8.05718e-006 1 -0.000408659 -0.104791 0.039417 0.000408659 0.999223 9.76793
0.999169 6.15379e-006 -0.0407689 -0.509163 6.15379e-006 1 0.000301761 -0.105489 0.0407689 -0.000301761 0.999169 10.5802
0.999135 5.71633e-006 -0.041596 -0.56049 5.71633e-006 1 0.000274732 -0.116284 0.041596 -0.000274732 0.999134 11.4072
0.999096 -4.88431e-005 -0.0425135 -0.615803 -4.88431e-005 0.999997 -0.00229673 -0.118738 0.0425135 0.00229673 0.999093 12.2285
0.998996 -0.000114856 -0.0448032 -0.651033 -0.000114856 0.999987 -0.00512454 -0.124141 0.0448032 0.00512454 0.998983 13.0489
0.998955 -0.000151116 -0.0456964 -0.696939 -0.000151116 0.999978 -0.00661039 -0.127706 0.0456964 0.00661039 0.998934 13.8643
0.99901 -0.000133754 -0.0444851 -0.770675 -0.000133754 0.999982 -0.0060104 -0.143304 0.0444851 0.0060104 0.998992 14.688
0.998909 -0.000110211 -0.0466899 -0.801686 -0.000110211 0.999989 -0.00471839 -0.152647 0.0466899 0.00471839 0.998898 15.5115
0.998857 -7.52968e-005 -0.0477971 -0.847691 -7.52968e-005 0.999995 -0.00314888 -0.1622 0.0477971 0.00314888 0.998852 16.3452
0.998925 -7.66899e-005 -0.0463482 -0.896632 -7.66899e-005 0.999995 -0.0033075 -0.170732 0.0463482 0.0033075 0.99892 17.1717
0.998839 -9.6586e-005 -0.0481722 -0.940049 -9.6586e-005 0.999992 -0.00400769 -0.18104 0.0481722 0.00400769 0.998831 18.0097
0.998768 -0.000123254 -0.0496139 -0.967001 -0.000123254 0.999988 -0.00496542 -0.20106 0.0496139 0.00496542 0.998756 18.8277
0.998776 -8.19537e-005 -0.0494595 -1.01619 -8.19537e-005 0.999995 -0.00331193 -0.214051 0.0494595 0.00331193 0.998771 19.6488
0.998798 8.16811e-006 -0.0490249 -1.06323 8.16811e-006 1 0.000333022 -0.226661 0.0490249 -0.000333022 0.998798 20.4667
0.998819 9.26474e-005 -0.0485935 -1.09813 9.26474e-005 0.999993 0.00381089 -0.242595 0.0485935 -0.00381089 0.998811 21.3143
0.998872 0.000156687 -0.0474848 -1.14362 0.000156687 0.999978 0.00659566 -0.242933 0.0474848 -0.00659566 0.99885 22.2133
0.998954 0.000162755 -0.0457226 -1.19993 0.000162755 0.999975 0.0071154 -0.251001 0.0457226 -0.0071154 0.998929 23.1298
0.999048 8.84874e-005 -0.0436194 -1.25166 8.84874e-005 0.999992 0.0040553 -0.255703 0.0436194 -0.0040553 0.99904 24.0481
0.999119 -1.80283e-005 -0.0419764 -1.3183 -1.80283e-005 1 -0.000858593 -0.257947 0.0419764 0.000858593 0.999118 24.9848
0.999119 -7.73444e-005 -0.0419741 -1.36554 -7.73444e-005 0.999993 -0.0036837 -0.270543 0.0419741 0.0036837 0.999112 25.9096
0.999156 -6.46561e-005 -0.0410701 -1.40653 -6.46561e-005 0.999995 -0.00314723 -0.274296 0.0410701 0.00314723 0.999151 26.8213
0.999156 3.40327e-005 -0.0410797 -1.44455 3.40327e-005 0.999999 0.00165621 -0.282065 0.0410797 -0.00165621 0.999154 27.7305
0.999149 0.000103219 -0.0412408 -1.48432 0.000103219 0.999987 0.00500353 -0.299134 0.0412408 -0.00500353 0.999137 28.6344
0.999138 8.20257e-005 -0.0415201 -1.5222 8.20257e-005 0.999992 0.00394941 -0.309463 0.0415201 -0.00394941 0.99913 29.5407
0.999067 -5.95821e-006 -0.0431767 -1.56782 -5.95821e-006 1 -0.000275863 -0.306173 0.0431767 0.000275863 0.999067 30.4584
0.998879 -7.93142e-005 -0.0473452 -1.56393 -7.93142e-005 0.999994 -0.00334858 -0.335658 0.0473452 0.00334858 0.998873 31.3465
0.998727 -0.000101151 -0.0504399 -1.60089 -0.000101151 0.999992 -0.0040082 -0.343691 0.0504399 0.0040082 0.998719 32.2307
0.998645 -6.65071e-005 -0.0520476 -1.64685 -6.65071e-005 0.999997 -0.00255389 -0.354214 0.0520476 0.00255389 0.998641 33.1211
0.998532 3.09833e-006 -0.0541657 -1.70054 3.09833e-006 1 0.000114318 -0.358677 0.0541657 -0.000114318 0.998532 34.0165
0.998484 2.23373e-005 -0.0550479 -1.75879 2.23373e-005 1 0.000810942 -0.360264 0.0550479 -0.000810942 0.998483 34.922
0.998442 8.79854e-005 -0.0558069 -1.79575 8.79854e-005 0.999995 0.00315074 -0.368431 0.0558069 -0.00315074 0.998437 35.8099
0.998509 0.000179966 -0.0545946 -1.85163 0.000179966 0.999978 0.00658784 -0.383422 0.0545946 -0.00658784 0.998487 36.7013
0.998469 0.000248719 -0.0553181 -1.90429 0.000248719 0.99996 0.00898526 -0.38756 0.0553181 -0.00898526 0.998428 37.6199
0.998494 0.00022075 -0.0548533 -1.96419 0.00022075 0.999968 0.00804255 -0.388954 0.0548533 -0.00804255 0.998462 38.5623
0.998547 0.000175038 -0.0538949 -2.02484 0.000175038 0.999979 0.00649072 -0.396977 0.0538949 -0.00649072 0.998526 39.5124
0.998555 0.000123976 -0.0537386 -2.09564 0.000123976 0.999989 0.00461068 -0.402879 0.0537386 -0.00461068 0.998544 40.4681
0.998586 0.000116547 -0.0531564 -2.0975 0.000116547 0.99999 0.00438194 -0.404401 0.0531564 -0.00438194 0.998577 41.3293
0.998572 0.000152624 -0.0534201 -2.14194 0.000152624 0.999984 0.00570999 -0.419281 0.0534201 -0.00570999 0.998556 42.2212
0.998572 0.000187674 -0.0534242 -2.21048 0.000187674 0.999975 0.00702069 -0.429754 0.0534242 -0.00702069 0.998547 43.1425
0.99856 8.84671e-005 -0.0536523 -2.24109 8.84671e-005 0.999995 0.00329541 -0.438329 0.0536523 -0.00329541 0.998554 44.0604
0.998485 -1.94816e-005 -0.0550165 -2.3232 -1.94816e-005 1 -0.000707673 -0.446333 0.0550165 0.000707673 0.998485 44.977
0.998473 -5.53109e-005 -0.0552467 -2.38727 -5.53109e-005 0.999998 -0.00200079 -0.457099 0.0552467 0.00200079 0.998471 45.889
0.998464 3.83601e-005 -0.0553971 -2.43962 3.83601e-005 0.999999 0.00138385 -0.468333 0.0553971 -0.00138385 0.998463 46.7998
0.998408 0.000132255 -0.0564121 -2.5045 0.000132255 0.999989 0.00468514 -0.486129 0.0564121 -0.00468514 0.998397 47.691
0.998345 0.000157712 -0.0575085 -2.54057 0.000157712 0.999985 0.00548023 -0.498806 0.0575085 -0.00548023 0.99833 48.5838
0.998227 0.000130626 -0.0595248 -2.56416 0.000130626 0.99999 0.00438506 -0.514572 0.0595248 -0.00438506 0.998217 49.4739
0.998218 7.44623e-005 -0.0596677 -2.61731 7.44623e-005 0.999997 0.00249367 -0.521948 0.0596677 -0.00249367 0.998215 50.3651
0.998142 0.000100701 -0.060935 -2.66991 0.000100701 0.999995 0.00330212 -0.527604 0.060935 -0.00330212 0.998136 51.2505
0.997967 0.000229087 -0.0637323 -2.70343 0.000229087 0.999974 0.00718164 -0.540654 0.0637323 -0.00718164 0.997941 52.1355
0.997967 0.000371965 -0.0637394 -2.75209 0.000371965 0.999932 0.0116592 -0.539841 0.0637394 -0.0116592 0.997898 53.0197
0.997935 0.000445671 -0.0642273 -2.81586 0.000445671 0.999904 0.0138629 -0.545911 0.0642273 -0.0138629 0.997839 53.9169
0.997823 0.000319334 -0.0659525 -2.87737 0.000319334 0.999953 0.00967299 -0.556376 0.0659525 -0.00967299 0.997776 54.8215
0.997763 7.77241e-005 -0.0668457 -2.94747 7.77241e-005 0.999997 0.00232288 -0.566798 0.0668457 -0.00232288 0.997761 55.7242
0.997684 -6.8736e-005 -0.0680162 -3.02066 -6.8736e-005 0.999998 -0.00201883 -0.578069 0.0680162 0.00201883 0.997682 56.6151
0.997607 -2.2838e-005 -0.0691431 -3.08269 -2.2838e-005 1 -0.000659811 -0.588073 0.0691431 0.000659811 0.997607 57.4835
0.997515 8.50035e-005 -0.0704527 -3.1565 8.50035e-005 0.999997 0.00241007 -0.610925 0.0704527 -0.00241007 0.997512 58.3522
0.997421 0.000139688 -0.0717678 -3.21311 0.000139688 0.999992 0.00388774 -0.626676 0.0717678 -0.00388774 0.997414 59.2021
0.997508 0.00012142 -0.0705514 -3.3016 0.00012142 0.999994 0.00343773 -0.630044 0.0705514 -0.00343773 0.997502 60.0334
0.997323 0.000150298 -0.0731249 -3.35744 0.000150298 0.999992 0.00410519 -0.635925 0.0731249 -0.00410519 0.997314 60.865
0.997129 0.000166477 -0.0757259 -3.40373 0.000166477 0.99999 0.0043905 -0.649164 0.0757259 -0.0043905 0.997119 61.6891
0.996855 0.000184457 -0.0792481 -3.45041 0.000184457 0.999989 0.00464782 -0.657301 0.0792481 -0.00464782 0.996844 62.5138
0.996717 0.000243516 -0.0809609 -3.51833 0.000243516 0.999982 0.00600572 -0.665706 0.0809609 -0.00600572 0.996699 63.3311
0.996684 0.000350742 -0.0813656 -3.59839 0.000350742 0.999963 0.00860693 -0.6699 0.0813656 -0.00860693 0.996647 64.1225
0.99657 0.000515937 -0.0827569 -3.67582 0.000515937 0.999922 0.0124469 -0.668227 0.0827569 -0.0124469 0.996492 64.9227
0.99646 0.000597572 -0.0840641 -3.75601 0.000597572 0.999899 0.0141912 -0.670439 0.0840641 -0.0141912 0.996359 65.728
0.996276 0.000456215 -0.0862251 -3.80888 0.000456215 0.999944 0.010562 -0.684621 0.0862251 -0.010562 0.99622 66.518
0.99603 -0.000112989 -0.0890125 -3.87827 -0.000112989 0.999997 -0.00253367 -0.69429 0.0890125 0.00253367 0.996027 67.2956
0.99603 -0.000112989 -0.0890125 -3.94765 -0.000112989 0.999997 -0.00253367 -0.703958 0.0890125 0.00253367 0.996027 68.0733
0.996361 -0.000164573 -0.0852336 -4.0857 -0.000164573 0.999993 -0.00385466 -0.70636 0.0852336 0.00385466 0.996354 68.7919
0.996418 -2.9114e-005 -0.0845693 -4.18811 -2.9114e-005 1 -0.000687291 -0.709399 0.0845693 0.000687291 0.996417 69.5012
0.996059 9.97382e-005 -0.088696 -4.20252 9.97382e-005 0.999997 0.00224456 -0.744289 0.088696 -0.00224456 0.996056 70.1843
0.995629 -0.000315534 -0.0933927 -4.21467 -0.000315534 0.999977 -0.0067423 -0.7617 0.0933927 0.0067423 0.995607 70.8533
0.995629 -0.000315534 -0.0933927 -4.22682 -0.000315534 0.999977 -0.0067423 -0.779112 0.0933927 0.0067423 0.995607 71.5222
0.9958 -0.000549029 -0.0915487 -4.2896 -0.000549029 0.999928 -0.0119686 -0.78856 0.0915487 0.0119686 0.995729 72.1385
0.99609 -0.000523498 -0.0883401 -4.35135 -0.000523498 0.99993 -0.0118283 -0.802872 0.0883401 0.0118283 0.99602 72.7146
0.996441 -0.000337758 -0.0842892 -4.39794 -0.000337758 0.999968 -0.00799988 -0.821625 0.0842892 0.00799988 0.996409 73.2636
0.997298 -4.91365e-005 -0.0734594 -4.44114 -4.91365e-005 0.999999 -0.00133598 -0.830306 0.0734594 0.00133598 0.997297 73.802
0.997298 -4.91365e-005 -0.0734594 -4.48433 -4.91365e-005 0.999999 -0.00133598 -0.838988 0.0734594 0.00133598 0.997297 74.3405
0.997864 5.63494e-005 -0.0653189 -4.5303 5.63494e-005 0.999999 0.00172352 -0.84908 0.0653189 -0.00172352 0.997863 74.8981
0.998494 4.42849e-005 -0.0548639 -4.55302 4.42849e-005 0.999999 0.00161314 -0.851282 0.0548639 -0.00161314 0.998493 75.4326
0.999207 2.50007e-005 -0.0398269 -4.57377 2.50007e-005 0.999999 0.00125497 -0.856294 0.0398269 -0.00125497 0.999206 75.9534
0.999772 2.31334e-005 -0.0213679 -4.58144 2.31334e-005 0.999998 0.002165 -0.859183 0.0213679 -0.002165 0.999769 76.463
1 -1.51617e-006 0.000996692 -4.57101 -1.51617e-006 0.999995 0.0030424 -0.86353 -0.000996692 -0.0030424 0.999995 76.9573
0.999633 -5.62824e-005 0.027075 -4.52344 -5.62824e-005 0.999991 0.00415675 -0.865591 -0.027075 -0.00415675 0.999625 77.4367
0.998409 -0.000174464 0.0563831 -4.47494 -0.000174464 0.999981 0.00618353 -0.874771 -0.0563831 -0.00618353 0.99839 77.8949
0.995999 -0.00035544 0.0893641 -4.413 -0.00035544 0.999968 0.00793882 -0.881671 -0.0893641 -0.00793882 0.995967 78.3617
0.991867 -0.000536286 0.127281 -4.34299 -0.000536286 0.999965 0.00839241 -0.879693 -0.127281 -0.00839241 0.991831 78.826
0.985902 -0.000733577 0.167322 -4.2183 -0.000733577 0.999962 0.00870649 -0.882745 -0.167322 -0.00870649 0.985864 79.2724
0.977389 -0.0010179 0.211445 -4.08117 -0.0010179 0.999954 0.00951896 -0.892267 -0.211445 -0.00951896 0.977344 79.7136
0.965724 -0.000973879 0.259569 -3.92446 -0.000973879 0.999972 0.0073751 -0.894817 -0.259569 -0.0073751 0.965696 80.142
0.950075 -0.000930655 0.31202 -3.7473 -0.000930655 0.999983 0.00581639 -0.905864 -0.31202 -0.00581639 0.950058 80.5442
0.930015 -0.000934822 0.367522 -3.55509 -0.000934822 0.999988 0.00490912 -0.914051 -0.367522 -0.00490912 0.930002 80.9277
0.904834 -0.000712288 0.425764 -3.3576 -0.000712288 0.999995 0.00318671 -0.91512 -0.425764 -0.00318671 0.904828 81.2954
0.875513 -0.000594973 0.483195 -3.13723 -0.000594973 0.999997 0.00230938 -0.919217 -0.483195 -0.00230938 0.87551 81.6162
0.841781 -0.000569903 0.539819 -2.88713 -0.000569903 0.999998 0.00194442 -0.919007 -0.539819 -0.00194442 0.841779 81.9242
0.804573 -0.000616104 0.593854 -2.62169 -0.000616104 0.999998 0.00187218 -0.927277 -0.593854 -0.00187218 0.804571 82.2163
0.764655 -0.001103 0.644439 -2.33218 -0.001103 0.999995 0.00302033 -0.926723 -0.644439 -0.00302033 0.76465 82.4855
0.722822 -0.00177219 0.691032 -2.02476 -0.00177219 0.999989 0.00441826 -0.929857 -0.691032 -0.00441826 0.722811 82.7209
0.677632 -0.00250892 0.735397 -1.70976 -0.00250892 0.99998 0.00572343 -0.937387 -0.735397 -0.00572343 0.677612 82.9492
0.631193 -0.0034369 0.775618 -1.37523 -0.0034369 0.999968 0.00722797 -0.937251 -0.775618 -0.00722797 0.631161 83.1576
0.584226 -0.00550487 0.811572 -1.029 -0.00550487 0.999927 0.0107453 -0.941321 -0.811572 -0.0107453 0.584154 83.3464
0.537169 -0.00470898 0.843462 -0.676604 -0.00470898 0.999952 0.00858161 -0.946089 -0.843462 -0.00858161 0.537121 83.5272
0.489944 -0.00277923 0.87175 -0.322545 -0.00277923 0.999985 0.00475005 -0.955329 -0.87175 -0.00475005 0.489929 83.6889
0.445943 -0.00276235 0.895057 0.0407574 -0.00276235 0.999986 0.00446247 -0.956912 -0.895057 -0.00446247 0.445929 83.806
0.404228 -0.00748958 0.914628 0.404358 -0.00748958 0.999906 0.011498 -0.959434 -0.914628 -0.011498 0.404134 83.9072
0.365115 -0.0179053 0.93079 0.771034 -0.0179053 0.999495 0.0262505 -0.956861 -0.93079 -0.0262505 0.36461 83.9944
0.329326 -0.0212002 0.943978 1.13171 -0.0212002 0.99933 0.0298394 -0.94821 -0.943978 -0.0298394 0.328656 84.0915
0.296608 -0.0196827 0.954797 1.51494 -0.0196827 0.999449 0.0267176 -0.946085 -0.954797 -0.0267176 0.296057 84.185
0.264992 -0.0114281 0.964183 1.89991 -0.0114281 0.999822 0.0149914 -0.950308 -0.964183 -0.0149914 0.264814 84.2901
0.236276 -0.00678726 0.971662 2.29855 -0.00678726 0.99994 0.00863522 -0.952774 -0.971662 -0.00863522 0.236215 84.3846
0.211042 -0.00756014 0.977448 2.69215 -0.00756014 0.999928 0.00936632 -0.961981 -0.977448 -0.00936632 0.210969 84.4438
0.187729 -0.0128233 0.982137 3.09441 -0.0128233 0.999798 0.0155049 -0.961201 -0.982137 -0.0155049 0.187526 84.4967
0.167995 -0.0174563 0.985633 3.50376 -0.0174563 0.999634 0.0206796 -0.943389 -0.985633 -0.0206796 0.167629 84.5347
0.149145 -0.0192348 0.988628 3.91145 -0.0192348 0.999565 0.0223493 -0.925897 -0.988628 -0.0223493 0.14871 84.5708
0.131427 -0.016747 0.991184 4.31099 -0.016747 0.999677 0.0191111 -0.915715 -0.991184 -0.0191111 0.131104 84.622
0.115497 -0.0148211 0.993197 4.70455 -0.0148211 0.999752 0.0166424 -0.914312 -0.993197 -0.0166424 0.115248 84.6693
0.100465 -0.014734 0.994832 5.1211 -0.014734 0.999759 0.0162949 -0.912795 -0.994832 -0.0162949 0.100223 84.7121
0.0872649 -0.0170397 0.996039 5.55568 -0.0170397 0.999682 0.0185949 -0.910446 -0.996039 -0.0185949 0.0869468 84.7427
0.0753348 -0.0202098 0.996953 5.98073 -0.0202098 0.999558 0.0217898 -0.903149 -0.996953 -0.0217898 0.0748931 84.7731
0.0654174 -0.023299 0.997586 6.44607 -0.023299 0.999419 0.0248697 -0.895716 -0.997586 -0.0248697 0.0648365 84.7953
0.057513 -0.0255721 0.998017 6.92781 -0.0255721 0.999306 0.0270788 -0.88487 -0.998017 -0.0270788 0.0568192 84.8186
0.0529551 -0.0282805 0.998196 7.44147 -0.0282805 0.999155 0.029808 -0.87268 -0.998196 -0.029808 0.0521106 84.8306
0.0482454 -0.0280481 0.998442 7.96533 -0.0280481 0.999173 0.0294239 -0.862057 -0.998442 -0.0294239 0.0474188 84.8494
0.0412413 -0.0276606 0.998766 8.50479 -0.0276606 0.999202 0.0288148 -0.851046 -0.998766 -0.0288148 0.0404433 84.8805
0.0381806 -0.0297047 0.998829 9.06841 -0.0297047 0.999083 0.0308478 -0.837349 -0.998829 -0.0308478 0.0372632 84.8885
0.0353101 -0.026832 0.999016 9.63986 -0.026832 0.999254 0.0277868 -0.816567 -0.999016 -0.0277868 0.0345638 84.9142
0.0316013 -0.0278216 0.999113 10.2357 -0.0278216 0.999201 0.0287041 -0.803841 -0.999113 -0.0287041 0.030802 84.9382
0.0300741 -0.0242002 0.999255 10.828 -0.0242002 0.999396 0.024932 -0.789515 -0.999255 -0.024932 0.0294703 84.9617
0.0295729 -0.0296751 0.999122 11.4595 -0.0296751 0.999093 0.0305526 -0.775992 -0.999122 -0.0305526 0.0286654 84.9718
0.0310346 -0.0336172 0.998953 12.1082 -0.0336172 0.998834 0.0346575 -0.747914 -0.998953 -0.0346575 0.0298683 84.9846
0.0343084 -0.0366651 0.998739 12.7855 -0.0366651 0.998608 0.0379198 -0.724692 -0.998739 -0.0379198 0.0329163 84.9968
0.0385057 -0.0393626 0.998483 13.4808 -0.0393626 0.998389 0.0408769 -0.701315 -0.998483 -0.0408769 0.0368942 85.0211
0.0433238 -0.0396812 0.998273 14.1872 -0.0396812 0.998354 0.0414065 -0.674182 -0.998273 -0.0414065 0.0416779 85.046
0.0488321 -0.0412706 0.997954 14.9075 -0.0412706 0.998209 0.0433007 -0.655767 -0.997954 -0.0433007 0.0470414 85.0663
0.053461 -0.0413204 0.997715 15.6339 -0.0413204 0.998196 0.0435544 -0.628788 -0.997715 -0.0435544 0.0516572 85.1036
0.0578902 -0.0388566 0.997566 16.3721 -0.0388566 0.998397 0.0411439 -0.603693 -0.997566 -0.0411439 0.0562876 85.1448
0.0618298 -0.038155 0.997357 17.1348 -0.038155 0.998448 0.0405621 -0.572164 -0.997357 -0.0405621 0.060278 85.1976
0.0652477 -0.0333545 0.997311 17.9086 -0.0333545 0.99881 0.0355868 -0.546914 -0.997311 -0.0355868 0.0640576 85.2665
0.0666713 -0.0294874 0.997339 18.7033 -0.0294874 0.999068 0.0315098 -0.517359 -0.997339 -0.0315098 0.0657397 85.3506
0.068445 -0.0256938 0.997324 19.5231 -0.0256938 0.999291 0.0275079 -0.508064 -0.997324 -0.0275079 0.0677363 85.4123
0.0673439 -0.0212239 0.997504 20.3368 -0.0212239 0.999517 0.0226996 -0.498225 -0.997504 -0.0226996 0.0668609 85.4915
0.0670942 -0.0206036 0.997534 21.1293 -0.0206036 0.999545 0.0220309 -0.476913 -0.997534 -0.0220309 0.0666392 85.548
0.0676076 -0.0239374 0.997425 21.8914 -0.0239374 0.999385 0.025607 -0.460662 -0.997425 -0.025607 0.0669931 85.5778
0.0692324 -0.0251926 0.997282 22.6823 -0.0251926 0.999318 0.0269929 -0.459168 -0.997282 -0.0269929 0.0685506 85.6173
0.0660832 -0.0203326 0.997607 23.4779 -0.0203326 0.999557 0.0217192 -0.43514 -0.997607 -0.0217192 0.0656406 85.7203
0.0716261 -0.0237581 0.997149 24.3112 -0.0237581 0.999392 0.0255181 -0.431369 -0.997149 -0.0255181 0.0710181 85.7514
0.0716261 -0.0237581 0.997149 25.1446 -0.0237581 0.999392 0.0255181 -0.427598 -0.997149 -0.0255181 0.0710181 85.7824
0.0693586 -0.0213182 0.997364 25.982 -0.0213182 0.999512 0.0228466 -0.404693 -0.997364 -0.0228466 0.0688703 85.8649
0.0673272 -0.0180746 0.997567 26.8243 -0.0180746 0.99965 0.0193323 -0.386912 -0.997567 -0.0193323 0.0669769 85.9307
0.0634533 -0.0151327 0.99787 27.6637 -0.0151327 0.999755 0.0161236 -0.381145 -0.99787 -0.0161236 0.0632088 85.9958
0.0603756 -0.0150048 0.998063 28.4767 -0.0150048 0.99976 0.015938 -0.388877 -0.998063 -0.015938 0.060136 86.0206
0.0533039 -0.0135122 0.998487 29.2988 -0.0135122 0.999807 0.0142514 -0.392895 -0.998487 -0.0142514 0.0531111 86.0769
0.0458957 -0.0131366 0.99886 30.1312 -0.0131366 0.999819 0.0137529 -0.402435 -0.99886 -0.0137529 0.0457149 86.1189
0.0366708 -0.013736 0.999233 30.9743 -0.013736 0.999804 0.014248 -0.377148 -0.999233 -0.014248 0.036475 86.1831
0.0261905 -0.0143564 0.999554 31.8184 -0.0143564 0.999788 0.0147359 -0.373263 -0.999554 -0.0147359 0.0259789 86.2182
0.0154394 -0.0150448 0.999768 32.6667 -0.0150448 0.99977 0.0152771 -0.372625 -0.999768 -0.0152771 0.0152095 86.2413
0.00445177 -0.0134292 0.9999 33.4902 -0.0134292 0.999819 0.0134879 -0.373595 -0.9999 -0.0134879 0.00427062 86.2497
-0.00581218 -0.0153566 0.999865 34.3005 -0.0153566 0.999766 0.0152658 -0.382364 -0.999865 -0.0152658 -0.00604664 86.2315
-0.0169677 -0.0156227 0.999734 35.124 -0.0156227 0.99976 0.0153579 -0.385252 -0.999734 -0.0153579 -0.0172077 86.2184
-0.0282393 -0.0161336 0.999471 35.9517 -0.0161336 0.999747 0.0156822 -0.381388 -0.999471 -0.0156822 -0.0284925 86.1973
-0.0385744 -0.0153218 0.999138 36.7642 -0.0153218 0.999774 0.01474 -0.386827 -0.999138 -0.01474 -0.0388005 86.156
-0.0491664 -0.0153078 0.998673 37.5834 -0.0153078 0.999777 0.0145711 -0.388512 -0.998673 -0.0145711 -0.0493898 86.1201
-0.0590037 -0.0164198 0.998123 38.4083 -0.0164198 0.999745 0.0154758 -0.384361 -0.998123 -0.0154758 -0.0592583 86.0838
-0.06817 -0.0161216 0.997543 39.1945 -0.0161216 0.999757 0.0150556 -0.390781 -0.997543 -0.0150556 -0.0684133 86.0097
-0.0770593 -0.0177225 0.996869 39.9751 -0.0177225 0.999708 0.016403 -0.394533 -0.996869 -0.016403 -0.0773509 85.9487
-0.0840111 -0.0215373 0.996232 40.7365 -0.0215373 0.999572 0.0197933 -0.389619 -0.996232 -0.0197933 -0.084439 85.8608
-0.0916184 -0.023249 0.995523 41.4961 -0.023249 0.999505 0.0212024 -0.385922 -0.995523 -0.0212024 -0.0921135 85.7951
-0.0971496 -0.0262393 0.994924 42.2519 -0.0262393 0.999372 0.0237945 -0.376786 -0.994924 -0.0237945 -0.0977771 85.7273
-0.096853 -0.0335416 0.994733 42.9744 -0.0335416 0.998974 0.0304188 -0.380612 -0.994733 -0.0304188 -0.0978787 85.6054
-0.102087 -0.0346216 0.994173 43.724 -0.0346216 0.998912 0.0312315 -0.371253 -0.994173 -0.0312315 -0.103174 85.5335
-0.102087 -0.0346216 0.994173 44.4736 -0.0346216 0.998912 0.0312315 -0.361893 -0.994173 -0.0312315 -0.103174 85.4615
-0.103807 -0.0345607 0.993997 45.1954 -0.0345607 0.998918 0.0311224 -0.348671 -0.993997 -0.0311224 -0.104889 85.3999
-0.104125 -0.0362356 0.993904 45.8948 -0.0362356 0.998811 0.0326183 -0.334515 -0.993904 -0.0326183 -0.105314 85.3416
-0.0958006 -0.0374292 0.994697 46.5805 -0.0374292 0.998722 0.0339758 -0.324211 -0.994697 -0.0339758 -0.0970791 85.276
-0.0958006 -0.0374292 0.994697 47.2662 -0.0374292 0.998722 0.0339758 -0.313908 -0.994697 -0.0339758 -0.0970791 85.2104
-0.0871406 -0.0442303 0.995214 47.8978 -0.0442303 0.9982 0.0404903 -0.312596 -0.995214 -0.0404903 -0.0889401 85.1425
-0.0760721 -0.0430346 0.996173 48.5282 -0.0430346 0.998279 0.0398392 -0.298238 -0.996173 -0.0398392 -0.0777931 85.1022
-0.0628039 -0.0413135 0.99717 49.1363 -0.0413135 0.998394 0.0387622 -0.290695 -0.99717 -0.0387622 -0.0644099 85.0825
-0.0449484 -0.0408275 0.998155 49.7175 -0.0408275 0.998405 0.0389992 -0.277246 -0.998155 -0.0389992 -0.0465436 85.0541
-0.0237498 -0.038815 0.998964 50.2885 -0.038815 0.998528 0.0378752 -0.26659 -0.998964 -0.0378752 -0.0252214 85.0577
0.000630826 -0.0367178 0.999325 50.8053 -0.0367178 0.998651 0.0367162 -0.258609 -0.999325 -0.0367162 -0.000718225 85.0788
0.028766 -0.0343029 0.998997 51.3247 -0.0343029 0.998788 0.0352835 -0.242861 -0.998997 -0.0352835 0.0275545 85.114
0.0622371 -0.0329162 0.997518 51.8345 -0.0329162 0.998845 0.0350136 -0.227657 -0.997518 -0.0350136 0.0610817 85.1604
0.0995847 -0.0297239 0.994585 52.317 -0.0297239 0.999019 0.0328326 -0.212683 -0.994585 -0.0328326 0.0986035 85.2408
0.141292 -0.0296903 0.989523 52.8053 -0.0296903 0.998973 0.0342133 -0.203043 -0.989523 -0.0342133 0.140266 85.3311
0.185633 -0.0282026 0.982214 53.2882 -0.0282026 0.999023 0.0340154 -0.193371 -0.982214 -0.0340154 0.184657 85.4517
0.233876 -0.025037 0.971944 53.7698 -0.025037 0.999182 0.0317633 -0.183887 -0.971944 -0.0317633 0.233058 85.5951
0.283805 -0.0214427 0.958642 54.2462 -0.0214427 0.999358 0.0287015 -0.173313 -0.958642 -0.0287015 0.283163 85.7843
0.339091 -0.0219899 0.940497 54.7105 -0.0219899 0.999268 0.0312924 -0.165273 -0.940497 -0.0312924 0.338359 85.9706
0.397149 -0.021885 0.917493 55.1612 -0.021885 0.999206 0.0333073 -0.154942 -0.917493 -0.0333073 0.396355 86.2
0.4576 -0.0199078 0.888935 55.6213 -0.0199078 0.999269 0.0326267 -0.143117 -0.888935 -0.0326267 0.456869 86.4589
0.517483 -0.0187871 0.855487 56.0414 -0.0187871 0.999269 0.0333089 -0.137512 -0.855487 -0.0333089 0.516752 86.749
0.575956 -0.0165955 0.817312 56.4127 -0.0165955 0.999351 0.0319864 -0.130863 -0.817312 -0.0319864 0.575306 87.0388
0.630487 -0.0137911 0.776078 56.7434 -0.0137911 0.999485 0.0289651 -0.113235 -0.776078 -0.0289651 0.629972 87.3755
0.68267 -0.0124977 0.73062 57.0561 -0.0124977 0.999508 0.0287747 -0.0829084 -0.73062 -0.0287747 0.682178 87.7213
0.730064 -0.0119164 0.683275 57.3175 -0.0119164 0.999474 0.0301634 -0.0677147 -0.683275 -0.0301634 0.729538 88.0785
0.7741 -0.0116492 0.632957 57.5409 -0.0116492 0.999399 0.0326403 -0.0532672 -0.632957 -0.0326403 0.773499 88.4294
0.814869 -0.0123853 0.579512 57.7473 -0.0123853 0.999171 0.0387695 -0.0446714 -0.579512 -0.0387695 0.814041 88.7894
0.850534 -0.0122254 0.525778 57.9256 -0.0122254 0.999 0.0430053 -0.0343097 -0.525778 -0.0430053 0.849534 89.1641
0.880968 -0.0120516 0.473023 58.0892 -0.0120516 0.99878 0.0478918 -0.0164676 -0.473023 -0.0478918 0.879748 89.5638
0.906096 -0.0112336 0.422923 58.2363 -0.0112336 0.998656 0.0505935 -0.00280037 -0.422923 -0.0505935 0.904752 89.9809
0.926273 -0.0102517 0.376713 58.3925 -0.0102517 0.998575 0.0523819 0.0142326 -0.376713 -0.0523819 0.924848 90.4277
0.941271 -0.00895712 0.337533 58.5073 -0.00895712 0.998634 0.0514793 0.0313791 -0.337533 -0.0514793 0.939905 90.8883
0.953012 -0.00751171 0.302839 58.6165 -0.00751171 0.998799 0.0484133 0.0519516 -0.302839 -0.0484133 0.951811 91.359
0.962231 -0.00654154 0.272157 58.732 -0.00654154 0.998867 0.0471367 0.0757376 -0.272157 -0.0471367 0.961098 91.8262
0.968075 -0.0060813 0.250586 58.8355 -0.0060813 0.998842 0.0477338 0.0907418 -0.250586 -0.0477338 0.966917 92.2869
0.971977 -0.005817 0.235006 58.9454 -0.005817 0.998793 0.0487816 0.104886 -0.235006 -0.0487816 0.970769 92.7808
0.974984 -0.0053388 0.222209 59.0545 -0.0053388 0.998861 0.0474237 0.125783 -0.222209 -0.0474237 0.973845 93.2849
0.977098 -0.00498983 0.212733 59.154 -0.00498983 0.998913 0.0463489 0.152784 -0.212733 -0.0463489 0.97601 93.7786
0.978382 -0.00454788 0.206755 59.2547 -0.00454788 0.999043 0.0434963 0.169021 -0.206755 -0.0434963 0.977425 94.2854
0.979049 -0.00398605 0.203585 59.3556 -0.00398605 0.999242 0.0387335 0.187652 -0.203585 -0.0387335 0.978291 94.8069
0.979579 -0.00373258 0.201026 59.487 -0.00373258 0.999318 0.0367434 0.195166 -0.201026 -0.0367434 0.978896 95.3212
0.979054 -0.00341208 0.203574 59.5982 -0.00341208 0.999444 0.0331613 0.210405 -0.203574 -0.0331613 0.978498 95.8566
0.978071 -0.00292946 0.208252 59.7081 -0.00292946 0.999609 0.0278198 0.221875 -0.208252 -0.0278198 0.977679 96.4025
0.976119 -0.00250053 0.217223 59.8184 -0.00250053 0.999738 0.0227448 0.235525 -0.217223 -0.0227448 0.975857 96.9305
0.976119 -0.00250053 0.217223 59.9286 -0.00250053 0.999738 0.0227448 0.249176 -0.217223 -0.0227448 0.975857 97.4586
0.974986 -0.00288565 0.222248 60.0522 -0.00288565 0.999667 0.0256387 0.266127 -0.222248 -0.0256387 0.974653 98.0003
0.974271 -0.00348983 0.225352 60.2418 -0.00348983 0.999527 0.0305664 0.289893 -0.225352 -0.0305664 0.973798 98.7467
0.973693 -0.00420028 0.227825 60.4634 -0.00420028 0.999329 0.0363755 0.325563 -0.227825 -0.0363755 0.973023 99.616
0.97303 -0.00487537 0.230627 60.647 -0.00487537 0.999119 0.0416904 0.346338 -0.230627 -0.0416904 0.972149 100.366
0.971148 -0.00513445 0.238423 60.7597 -0.00513445 0.999086 0.0424291 0.374543 -0.238423 -0.0424291 0.970234 101.082
0.971215 -0.00416673 0.238168 60.9345 -0.00416673 0.999397 0.0344757 0.394783 -0.238168 -0.0344757 0.970612 101.769
0.971215 -0.00416673 0.238168 61.1092 -0.00416673 0.999397 0.0344757 0.415022 -0.238168 -0.0344757 0.970612 102.457
0.971276 -0.00342578 0.237929 61.2728 -0.00342578 0.999591 0.0283771 0.430942 -0.237929 -0.0283771 0.970868 103.134
0.971598 -0.00278948 0.236621 61.3981 -0.00278948 0.999726 0.0232395 0.450439 -0.236621 -0.0232395 0.971324 103.786
0.972618 -0.00413633 0.232375 61.5466 -0.00413633 0.999375 0.035102 0.469797 -0.232375 -0.035102 0.971993 104.403
0.972618 -0.00413633 0.232375 61.6951 -0.00413633 0.999375 0.035102 0.489155 -0.232375 -0.035102 0.971993 105.02
0.973468 -0.00474009 0.228775 61.853 -0.00474009 0.999153 0.0408716 0.500434 -0.228775 -0.0408716 0.972621 105.65
0.973967 -0.00459414 0.226645 62.0189 -0.00459414 0.999189 0.0399963 0.517588 -0.226645 -0.0399963 0.973156 106.348
0.974215 -0.0039207 0.225588 62.1682 -0.0039207 0.999404 0.0343013 0.538962 -0.225588 -0.0343013 0.973619 107.063
0.97501 -0.00325951 0.222139 62.3276 -0.00325951 0.999575 0.0289737 0.561476 -0.222139 -0.0289737 0.974585 107.791
0.975793 -0.00287589 0.218679 62.4713 -0.00287589 0.999658 0.0259796 0.581965 -0.218679 -0.0259796 0.975451 108.478
0.975965 -0.0029013 0.217909 62.5766 -0.0029013 0.99965 0.0263038 0.588167 -0.217909 -0.0263038 0.975614 109.165
0.977007 -0.00338512 0.213181 62.7279 -0.00338512 0.999502 0.0313852 0.603009 -0.213181 -0.0313852 0.976509 109.879
0.977007 -0.00338512 0.213181 62.8792 -0.00338512 0.999502 0.0313852 0.617852 -0.213181 -0.0313852 0.976509 110.594
0.977398 -0.00367296 0.211376 63.0449 -0.00367296 0.999403 0.0343497 0.635921 -0.211376 -0.0343497 0.976801 111.333
0.977094 -0.00377196 0.212777 63.1844 -0.00377196 0.999379 0.0350376 0.669814 -0.212777 -0.0350376 0.976472 112.099
0.977534 -0.00397656 0.21074 63.3627 -0.00397656 0.999296 0.0373018 0.675548 -0.21074 -0.0373018 0.97683 112.822
0.977093 -0.00316517 0.212791 63.5151 -0.00316517 0.999563 0.0294019 0.70187 -0.212791 -0.0294019 0.976655 113.606
0.977093 -0.00316517 0.212791 63.6675 -0.00316517 0.999563 0.0294019 0.728192 -0.212791 -0.0294019 0.976655 114.39
0.97698 -0.00290825 0.213313 63.8314 -0.00290825 0.999633 0.0269486 0.738635 -0.213313 -0.0269486 0.976612 115.173
0.976212 -0.00287252 0.216798 63.9833 -0.00287252 0.999653 0.0261798 0.757033 -0.216798 -0.0261798 0.975865 115.978
0.975362 -0.00308996 0.220589 64.1451 -0.00308996 0.999612 0.027665 0.766749 -0.220589 -0.027665 0.974975 116.795
0.974665 -0.00301531 0.223651 64.3179 -0.00301531 0.999641 0.026618 0.783701 -0.223651 -0.026618 0.974306 117.617
0.974217 -0.00281491 0.225594 64.5061 -0.00281491 0.999693 0.02463 0.795037 -0.225594 -0.02463 0.97391 118.438
0.974005 -0.00313849 0.226507 64.7019 -0.00313849 0.999621 0.0273467 0.809377 -0.226507 -0.0273467 0.973626 119.246
0.974027 -0.00317114 0.226409 64.9057 -0.00317114 0.999613 0.0276433 0.820966 -0.226409 -0.0276433 0.97364 120.045
0.97347 -0.00327061 0.228792 65.0799 -0.00327061 0.999597 0.0282053 0.834371 -0.228792 -0.0282053 0.973067 120.867
0.972578 -0.00345649 0.232551 65.2405 -0.00345649 0.999564 0.0293126 0.857758 -0.232551 -0.0293126 0.972142 121.672
0.972033 -0.00402891 0.234809 65.4073 -0.00402891 0.99942 0.0338267 0.876288 -0.234809 -0.0338267 0.971453 122.467
0.972031 -0.00444758 0.234813 65.6103 -0.00444758 0.999293 0.0373388 0.887203 -0.234813 -0.0373388 0.971323 123.286
0.971617 -0.00376863 0.236531 65.8088 -0.00376863 0.9995 0.0314056 0.902774 -0.236531 -0.0314056 0.971116 124.137
0.971535 -0.00231964 0.236886 66.0124 -0.00231964 0.999811 0.0193038 0.911159 -0.236886 -0.0193038 0.971346 124.974
0.971602 -0.00144749 0.236616 66.2066 -0.00144749 0.999926 0.0120608 0.921561 -0.236616 -0.0120608 0.971528 125.739
0.971837 -0.00254517 0.23564 66.3896 -0.00254517 0.99977 0.0212955 0.93459 -0.23564 -0.0212955 0.971607 126.491
0.972202 -0.00498774 0.234092 66.5671 -0.00498774 0.999105 0.0420021 0.945472 -0.234092 -0.0420021 0.971307 127.241
0.972368 -0.00669473 0.233358 66.7512 -0.00669473 0.998378 0.056538 0.962125 -0.233358 -0.056538 0.970746 128.058
0.972239 -0.00581701 0.233916 66.931 -0.00581701 0.998781 0.0490153 1.00387 -0.233916 -0.0490153 0.971021 128.938
0.972548 -0.00385546 0.232672 67.1237 -0.00385546 0.999459 0.0326768 1.02693 -0.232672 -0.0326768 0.972006 129.808
0.971991 -0.00281853 0.235 67.2726 -0.00281853 0.999716 0.0236481 1.06335 -0.235 -0.0236481 0.971708 130.65
0.971241 -0.00262662 0.238083 67.4209 -0.00262662 0.99976 0.0217447 1.09008 -0.238083 -0.0217447 0.971001 131.491
0.9705 -0.00273508 0.241087 67.5562 -0.00273508 0.999746 0.022352 1.09839 -0.241087 -0.022352 0.970246 132.252
0.970871 -0.00238802 0.239589 67.725 -0.00238802 0.999804 0.019642 1.12445 -0.239589 -0.019642 0.970676 133.054
0.972457 -0.00221684 0.233074 67.922 -0.00221684 0.999822 0.018759 1.12487 -0.233074 -0.018759 0.972278 133.831
0.973115 -0.00171684 0.230311 68.0745 -0.00171684 0.99989 0.0147077 1.12682 -0.230311 -0.0147077 0.973006 134.593
0.973115 -0.00171684 0.230311 68.2269 -0.00171684 0.99989 0.0147077 1.12876 -0.230311 -0.0147077 0.973006 135.356
0.973902 -0.00189665 0.22696 68.412 -0.00189665 0.999862 0.0164942 1.13415 -0.22696 -0.0164942 0.973764 136.115
0.97484 -0.00251545 0.22289 68.6143 -0.00251545 0.999749 0.0222844 1.13522 -0.22289 -0.0222844 0.974589 136.893
0.974501 -0.00244102 0.22437 68.7623 -0.00244102 0.999766 0.0214789 1.14482 -0.22437 -0.0214789 0.974267 137.714
0.975796 -0.00200169 0.218672 68.9192 -0.00200169 0.999834 0.0180846 1.13246 -0.218672 -0.0180846 0.975631 138.518
0.975796 -0.00200169 0.218672 69.0761 -0.00200169 0.999834 0.0180846 1.1201 -0.218672 -0.0180846 0.975631 139.322
0.977324 -0.00186238 0.211739 69.2511 -0.00186238 0.999847 0.0173905 1.13602 -0.211739 -0.0173905 0.977171 140.075
0.978746 -0.00235721 0.205062 69.4081 -0.00235721 0.999739 0.0227429 1.14369 -0.205062 -0.0227429 0.978485 140.797
0.979998 -0.00311526 0.198983 69.5447 -0.00311526 0.999515 0.0309911 1.15121 -0.198983 -0.0309911 0.979513 141.515
0.981463 -0.00397469 0.191609 69.6897 -0.00397469 0.999148 0.0410854 1.16894 -0.191609 -0.0410854 0.980611 142.262
0.981463 -0.00397469 0.191609 69.8348 -0.00397469 0.999148 0.0410854 1.18667 -0.191609 -0.0410854 0.980611 143.01
0.981494 -0.00338156 0.191463 69.9202 -0.00338156 0.999382 0.0349856 1.2121 -0.191463 -0.0349856 0.980876 143.809
0.984076 -0.00183018 0.177737 70.0685 -0.00183018 0.99979 0.0204282 1.22734 -0.177737 -0.0204282 0.983866 144.612
0.984076 -0.00183018 0.177737 70.2167 -0.00183018 0.99979 0.0204282 1.24257 -0.177737 -0.0204282 0.983866 145.415
0.985473 -0.0018475 0.169823 70.3625 -0.0018475 0.999765 0.0215974 1.25371 -0.169823 -0.0215974 0.985238 146.176
0.986921 -0.00192815 0.161193 70.485 -0.00192815 0.999716 0.0237636 1.26253 -0.161193 -0.0237636 0.986637 146.927
0.987952 -0.00159695 0.154753 70.5656 -0.00159695 0.999788 0.0205121 1.27216 -0.154753 -0.0205121 0.98774 147.688
0.989427 -0.0010169 0.14503 70.6714 -0.0010169 0.999902 0.0139485 1.2779 -0.14503 -0.0139485 0.989329 148.446
0.990576 -0.000776913 0.136963 70.7629 -0.000776913 0.999936 0.011291 1.28454 -0.136963 -0.011291 0.990512 149.173
0.991562 -0.000863528 0.129632 70.839 -0.000863528 0.999912 0.013266 1.29029 -0.129632 -0.013266 0.991473 149.9
0.992605 -0.00120802 0.121383 70.9283 -0.00120802 0.999803 0.0198287 1.29242 -0.121383 -0.0198287 0.992408 150.639
0.993573 -0.00140525 0.113183 71.0015 -0.00140525 0.999693 0.0247479 1.29973 -0.113183 -0.0247479 0.993266 151.409
0.99434 -0.00147712 0.106235 71.0636 -0.00147712 0.999615 0.0277246 1.30529 -0.106235 -0.0277246 0.993955 152.181
0.99501 -0.00148424 0.099764 71.1379 -0.00148424 0.999559 0.0296743 1.31455 -0.099764 -0.0296743 0.994569 152.974
0.995439 -0.00132412 0.0953888 71.2107 -0.00132412 0.999616 0.0276938 1.32715 -0.0953888 -0.0276938 0.995055 153.771
0.995885 -0.000975285 0.0906157 71.2788 -0.000975285 0.999769 0.021479 1.33936 -0.0906157 -0.021479 0.995654 154.569
0.99625 -0.000635138 0.0865242 71.3412 -0.000635138 0.999892 0.0146529 1.34188 -0.0865242 -0.0146529 0.996142 155.365
0.996439 -0.000524122 0.0843146 71.3855 -0.000524122 0.999923 0.0124099 1.34266 -0.0843146 -0.0124099 0.996362 156.125
0.996762 -0.000716342 0.0804043 71.4472 -0.000716342 0.999842 0.0177882 1.35405 -0.0804043 -0.0177882 0.996604 156.896
0.996933 -0.00109713 0.0782566 71.499 -0.00109713 0.999608 0.0279908 1.35984 -0.0782566 -0.0279908 0.99654 157.691
0.997173 -0.00131667 0.0751277 71.536 -0.00131667 0.999387 0.0349913 1.36916 -0.0751277 -0.0349913 0.99656 158.506
0.997514 -0.00111927 0.0704656 71.594 -0.00111927 0.999496 0.0317204 1.3798 -0.0704656 -0.0317204 0.99701 159.329
0.997908 -0.000723461 0.0646502 71.6652 -0.000723461 0.99975 0.0223546 1.38808 -0.0646502 -0.0223546 0.997658 160.139
0.998315 -0.000503984 0.0580335 71.7155 -0.000503984 0.999849 0.0173528 1.40552 -0.0580335 -0.0173528 0.998164 160.958
0.998691 -0.000466853 0.0511405 71.7512 -0.000466853 0.999833 0.0182442 1.41271 -0.0511405 -0.0182442 0.998525 161.765
0.999066 -0.000532186 0.0432122 71.7758 -0.000532186 0.999697 0.024616 1.41821 -0.0432122 -0.024616 0.998763 162.573
0.999354 -0.000502489 0.035941 71.7976 -0.000502489 0.999609 0.0279474 1.42984 -0.035941 -0.0279474 0.998963 163.394
0.999555 -0.000483322 0.0298313 71.8278 -0.000483322 0.999475 0.032388 1.44234 -0.0298313 -0.032388 0.99903 164.214
0.999752 -0.000361848 0.0222579 71.8674 -0.000361848 0.999472 0.0325014 1.45319 -0.0222579 -0.0325014 0.999224 165.018
0.999864 -0.000209931 0.0165192 71.8713 -0.000209931 0.999677 0.0254108 1.46731 -0.0165192 -0.0254108 0.999541 165.839
0.99995 -7.58237e-005 0.00998536 71.8708 -7.58237e-005 0.999885 0.0151857 1.47897 -0.00998536 -0.0151857 0.999835 166.486
0.999994 -1.84624e-005 0.00332966 71.8812 -1.84624e-005 0.999939 0.0110893 1.48866 -0.00332966 -0.0110893 0.999933 167.181
0.999996 2.7343e-005 -0.0029378 71.871 2.7343e-005 0.999827 0.0186129 1.49214 0.0029378 -0.0186129 0.999822 167.73
0.999969 0.000123591 -0.00782059 71.8502 0.000123591 0.999501 0.0315982 1.50355 0.00782059 -0.0315982 0.99947 168.394
0.999921 0.000248938 -0.0126066 71.8308 0.000248938 0.99922 0.0394764 1.50908 0.0126066 -0.0394764 0.999141 169.142
0.999863 0.000302169 -0.0165616 71.8136 0.000302169 0.999334 0.0364756 1.52268 0.0165616 -0.0364756 0.999197 169.959
0.999829 0.000236766 -0.0185037 71.7898 0.000236766 0.999673 0.0255848 1.54073 0.0185037 -0.0255848 0.999501 170.803
0.999777 0.00017387 -0.0211379 71.7549 0.00017387 0.999865 0.016448 1.55553 0.0211379 -0.016448 0.999641 171.644
0.999709 0.000148221 -0.0241093 71.7322 0.000148221 0.999924 0.0122935 1.56281 0.0241093 -0.0122935 0.999634 172.446
0.999647 0.000221277 -0.0265516 71.7173 0.000221277 0.999861 0.0166636 1.57269 0.0265516 -0.0166636 0.999509 173.246
0.999633 0.00034808 -0.0270862 71.6951 0.00034808 0.99967 0.0256927 1.57414 0.0270862 -0.0256927 0.999303 174.057
0.999706 0.000379016 -0.0242306 71.634 0.000379016 0.999511 0.0312718 1.58104 0.0242306 -0.0312718 0.999217 174.876
0.999606 0.000297464 -0.0280605 71.6085 0.000297464 0.999775 0.0211951 1.59035 0.0280605 -0.0211951 0.999381 175.726
0.999606 0.000297464 -0.0280605 71.583 0.000297464 0.999775 0.0211951 1.59965 0.0280605 -0.0211951 0.999381 176.577
0.999538 0.000139702 -0.0303801 71.5732 0.000139702 0.999958 0.00919465 1.60414 0.0303801 -0.00919465 0.999496 177.345
0.999454 8.81912e-005 -0.0330444 71.5702 8.81912e-005 0.999986 0.00533624 1.59991 0.0330444 -0.00533624 0.99944 178.115
0.999469 0.000163555 -0.0325831 71.5243 0.000163555 0.99995 0.0100363 1.60181 0.0325831 -0.0100363 0.999419 178.884
0.999428 0.000355529 -0.0338117 71.5001 0.000355529 0.999779 0.0210216 1.6004 0.0338117 -0.0210216 0.999207 179.4
0.999461 0.00041123 -0.0328165 71.4463 0.00041123 0.999686 0.0250518 1.59941 0.0328165 -0.0250518 0.999147 180.084
0.999512 0.000323938 -0.0312496 71.3939 0.000323938 0.999785 0.020725 1.61022 0.0312496 -0.020725 0.999297 180.856
0.999527 0.000221798 -0.0307532 71.36 0.000221798 0.999896 0.0144203 1.61899 0.0307532 -0.0144203 0.999423 181.688
0.999499 0.000220374 -0.0316452 71.3296 0.000220374 0.999903 0.0139236 1.62528 0.0316452 -0.0139236 0.999402 182.513
