0.999998 -0.00177344 -7.05657e-005 -0.0440217 0.00177329 0.999996 -0.00206272 -0.0089344 7.42235e-005 0.00206259 0.999998 0.657713
0.999981 -0.00381264 -0.00482649 -0.0140926 0.00379658 0.999987 -0.00333371 -0.00735559 0.00483914 0.00331533 0.999983 0.684494
0.999956 0.000425948 -0.0094071 -0.00184182 -0.000468268 0.99999 -0.00449705 -0.0131076 0.00940509 0.00450126 0.999946 1.3235
0.999926 0.000283233 -0.0121556 -0.0631109 -0.000335802 0.999991 -0.00432286 -0.0266198 0.0121543 0.00432662 0.999917 1.31215
0.99982 -0.00225819 -0.0188259 -0.0437766 0.00215987 0.999984 -0.00524103 -0.00671417 0.0188374 0.00519943 0.999809 1.2873
0.999776 0.000940929 -0.0211275 -0.0671548 -0.00107799 0.999978 -0.00647699 -0.0127177 0.0211209 0.00649832 0.999756 1.26952
0.999635 0.00568466 -0.0264043 -0.0284434 -0.00586249 0.999961 -0.0066623 -0.0212548 0.0263654 0.00681467 0.999629 1.24927
0.999505 0.00061588 -0.0314656 -0.0226619 -0.000788243 0.999985 -0.00546572 -0.00627442 0.0314618 0.00548782 0.99949 1.23024
0.999271 -0.00247293 -0.0380935 -0.0220789 0.00238614 0.999994 -0.00232351 -0.0164177 0.0380991 0.00223092 0.999271 1.20981
0.999164 0.00183033 -0.0408317 -0.0764149 -0.00184689 0.999998 -0.000367753 -0.00413135 0.0408309 0.000442857 0.999166 1.18631
0.998993 -0.000359147 -0.0448602 -0.00390995 0.000337875 1 -0.000481765 -0.00419923 0.0448604 0.000466123 0.998993 1.17944
0.999032 0.0052174 -0.0436845 -0.0938876 -0.00523121 0.999986 -0.00020192 -0.0128697 0.0436829 0.000430248 0.999045 0.976833
0.998921 -0.000180182 -0.0464518 -0.030697 0.000125633 0.999999 -0.00117723 -0.00131186 0.046452 0.00117012 0.99892 0.688527
0.998723 -0.00696143 -0.0500293 -0.0417598 0.00694347 0.999976 -0.000532703 -0.00252161 0.0500318 0.000184646 0.998748 0.891496
0.998843 -0.00126819 -0.0480794 -0.0513237 0.001222 0.999999 -0.000990059 -0.00959326 0.0480806 0.00093016 0.998843 0.780575
0.998702 0.0036175 -0.0508085 -0.0542884 -0.00376429 0.999989 -0.00279368 -0.0117586 0.0507978 0.00298131 0.998705 0.841934
0.998825 0.00260541 -0.0483925 -0.0918761 -0.0028963 0.999978 -0.00594181 -0.00283118 0.0483759 0.00607499 0.998811 0.827142
0.998489 0.00672078 -0.05454 -0.00698226 -0.00712766 0.999948 -0.00726926 -0.014404 0.0544883 0.00764702 0.998485 0.793161
0.998543 0.00662278 -0.0535535 -0.0901466 -0.00700018 0.999952 -0.00686261 -0.0141033 0.0535054 0.0072275 0.998541 0.846121
0.998427 -0.000590619 -0.0560556 -0.0195508 0.000272911 0.999984 -0.00567521 -0.0101881 0.0560581 0.00565099 0.998412 0.81646
0.998412 0.0028773 -0.0562637 -0.0468466 -0.00306364 0.99999 -0.00322588 -0.0185166 0.0562538 0.00339313 0.998411 0.822899
0.998413 -0.000890342 -0.0563105 -0.0761096 0.000660089 0.999991 -0.00410744 -0.00594878 0.0563136 0.00406376 0.998405 0.83626
0.998393 -0.000821224 -0.0566683 -0.0602731 0.000561682 0.999989 -0.00459578 -0.0130851 0.0566715 0.00455657 0.998382 0.859723
0.998323 -0.00543781 -0.0576364 -0.0567292 0.00511863 0.999971 -0.00568401 -0.011643 0.0576657 0.00537946 0.998321 0.81853
0.9984 0.00120971 -0.0565317 -0.055778 -0.00141805 0.999992 -0.00364548 -0.0166266 0.0565269 0.00371981 0.998394 0.861812
0.998306 -0.000593959 -0.0581805 -0.0204261 0.000551293 1 -0.000749386 -0.00833017 0.058181 0.000716042 0.998306 0.792353
0.998493 0.00737845 -0.0543761 -0.0673601 -0.00719695 0.999968 0.00353288 -0.018809 0.0544004 -0.00313622 0.998514 0.857483
0.998488 0.00134558 -0.0549468 -0.0369108 -0.0010077 0.99998 0.00617647 0.0056678 0.0549541 -0.00611176 0.99847 0.869271
0.998649 -0.0054289 -0.051675 -0.0892435 0.0057871 0.99996 0.00678472 -0.0043474 0.0516361 -0.0070746 0.998641 0.900966
0.998621 0.00329686 -0.0523972 -0.0181671 -0.00306416 0.999985 0.00452076 -0.0103818 0.0524113 -0.00435397 0.998616 0.915204
0.998678 0.0154939 -0.0490057 -0.113817 -0.0155598 0.999878 -0.000963179 -0.00733541 0.0489848 0.00172443 0.998798 0.934172
0.998815 -0.000321093 -0.0486628 -0.0186801 0.000149306 0.999994 -0.00353376 -0.0120339 0.0486636 0.00352231 0.998809 0.932639
0.998894 -0.00119631 -0.0469969 -0.0513766 0.00106006 0.999995 -0.00292382 -0.00708625 0.0470001 0.00287077 0.998891 0.904105
0.998829 -0.00651691 -0.0479418 -0.0519143 0.00660854 0.999977 0.0017531 -0.00297612 0.0479293 -0.00206787 0.998849 0.929814
0.99881 -0.00671136 -0.0483158 -0.048759 0.00696528 0.999963 0.00508897 -0.0159942 0.0482798 -0.00541944 0.998819 0.904006
0.998568 -0.0139614 -0.0516503 -0.0147899 0.014176 0.999892 0.00379104 -0.0114178 0.0515918 -0.00451781 0.998658 0.889321
0.998695 -0.00902864 -0.0502603 -0.0639682 0.00905233 0.999959 0.000243756 0.000861327 0.050256 -0.000698411 0.998736 0.937835
0.998561 -0.000599597 -0.0536253 -0.0115547 0.000414772 0.999994 -0.00345768 -0.0328919 0.053627 0.00343046 0.998555 0.913822
0.998517 0.0108638 -0.0533485 -0.106075 -0.0111439 0.999926 -0.00495606 0.00100375 0.0532907 0.00554322 0.998564 0.899206
0.998403 0.00251989 -0.0564373 -0.0285013 -0.00265311 0.999994 -0.00228573 -0.0219035 0.0564312 0.00243181 0.998404 0.886332
0.998349 0.00110262 -0.057426 -0.069261 -0.0011258 0.999999 -0.00037131 -0.00134077 0.0574255 0.000435347 0.99835 0.89631
0.998224 0.00181502 -0.0595449 -0.0524989 -0.00170008 0.999997 0.00198083 -0.0131943 0.0595483 -0.00187608 0.998224 0.900701
0.998165 -0.000155503 -0.0605529 -0.051891 0.000349995 0.999995 0.00320134 0.000193097 0.0605521 -0.00321666 0.99816 0.915124
0.998192 0.000562559 -0.0600982 -0.065226 -0.000144507 0.999976 0.00696027 -0.0128231 0.0601007 -0.006939 0.998168 0.926217
0.998166 0.00581892 -0.0602505 -0.0614299 -0.0053066 0.999948 0.00865977 0.00128545 0.0602977 -0.00832417 0.998146 0.91051
0.998154 0.00500186 -0.0605324 -0.0593302 -0.00446918 0.99995 0.00893216 -0.00469743 0.0605741 -0.00864514 0.998126 0.928678
0.998252 -0.000107966 -0.0591086 -0.0673923 0.000513231 0.999976 0.00684113 -0.00747095 0.0591065 -0.00685951 0.998228 0.949168
0.998284 0.00448468 -0.0583848 -0.0840814 -0.0042245 0.999981 0.00457898 0.000913627 0.0584042 -0.00432447 0.998284 0.96083
0.997986 -2.36017e-005 -0.0634268 0.00497388 0.000319851 0.999989 0.00466058 -0.00996513 0.063426 -0.00467148 0.997976 0.936564
0.998105 -0.00333131 -0.0614483 -0.0903201 0.00371412 0.999974 0.00611674 -0.0103954 0.0614264 -0.00633337 0.998092 0.976161
0.99808 -0.00219553 -0.061892 -0.0759453 0.00262877 0.999973 0.00691941 -0.00801494 0.0618751 -0.00706882 0.998059 0.943952
0.998106 0.00628188 -0.0611928 -0.053599 -0.00608785 0.999976 0.00335678 -0.00920474 0.0612124 -0.00297789 0.99812 0.932403
0.998026 0.00419509 -0.0626684 -0.0879127 -0.00423212 0.999991 -0.000458125 -0.00915729 0.0626659 0.000722441 0.998034 0.966658
0.997915 -0.00141037 -0.0645283 -0.0470398 0.00130062 0.999998 -0.00174287 -0.00947585 0.0645306 0.00165531 0.997914 0.912176
0.997976 -0.00134422 -0.0635776 -0.0621333 0.00146939 0.999997 0.00192216 -0.0144718 0.0635748 -0.00201169 0.997975 0.921462
0.997912 -0.00291558 -0.0645197 -0.0590077 0.00323924 0.999983 0.0049125 -0.0182204 0.0645043 -0.00511124 0.997904 0.886303
0.998029 -0.00216869 -0.0627117 -0.0599079 0.00252961 0.999981 0.00567636 -0.0134989 0.0626982 -0.00582381 0.998016 0.921448
0.997809 -0.00608035 -0.0658811 -0.0367416 0.00635246 0.999972 0.00392174 -0.0125461 0.0658554 -0.00433165 0.99782 0.877147
0.997942 -0.004992 -0.0639259 -0.0730478 0.00517052 0.999983 0.00262754 -0.00883123 0.0639118 -0.00295267 0.997951 0.919553
0.997834 -0.00113293 -0.0657774 -0.0638633 0.00139669 0.999991 0.00396402 -0.00894738 0.0657724 -0.0040473 0.997826 0.884292
0.997761 -0.00308311 -0.0668091 -0.048772 0.0036098 0.999963 0.00776426 -0.0134946 0.0667827 -0.00798804 0.997736 0.892816
0.997823 0.000723502 -0.06594 -0.0716771 0.000121752 0.999918 0.0128136 -0.00615666 0.0659438 -0.0127938 0.997741 0.871782
0.997664 0.000534225 -0.068311 -0.067 0.000483419 0.999889 0.0148798 -0.00321991 0.0683114 -0.0148781 0.997553 0.917256
0.997593 0.00151154 -0.0693255 -0.0680486 -0.000761298 0.999941 0.0108472 -0.00645634 0.0693378 -0.0107683 0.997535 0.899795
0.997465 0.00463727 -0.0710059 -0.0725007 -0.00441199 0.999985 0.00332909 -0.00340621 0.0710202 -0.00300737 0.99747 0.923311
0.997438 0.0044894 -0.0714001 -0.0727217 -0.00462518 0.999988 -0.00173646 -0.00868004 0.0713914 0.00206225 0.997446 0.86985
0.997465 0.00873358 -0.0706232 -0.0915678 -0.00878739 0.999961 -0.000451224 -0.00357144 0.0706165 0.00107067 0.997503 0.900194
0.997374 0.012963 -0.0712515 -0.0796265 -0.012803 0.999914 0.00270181 -0.02437 0.0712805 -0.00178248 0.997455 0.844463
0.99725 0.00364386 -0.0740204 -0.055838 -0.0033844 0.999988 0.00363043 -0.00669911 0.0740327 -0.00336993 0.99725 0.863182
0.997292 0.00482329 -0.0733839 -0.0968826 -0.0045182 0.99998 0.00432297 -0.00749127 0.0734033 -0.0039797 0.997294 0.832465
0.997141 0.0044465 -0.0754349 -0.0589688 -0.00407371 0.999979 0.00509493 -0.0106255 0.0754559 -0.00477307 0.997138 0.84841
0.997083 0.00234948 -0.0762903 -0.0624579 -0.00196122 0.999985 0.00516377 -0.00888027 0.0763013 -0.00499908 0.997072 0.822763
0.996925 0.000388223 -0.0783657 -0.059382 4.80986e-005 0.999985 0.00556579 -0.00697258 0.0783667 -0.00555244 0.996909 0.809273
