1 -8.22789e-007 -0.00085052 -0.0332714 -8.22789e-007 0.999998 -0.00193479 -0.0106501 0.00085052 0.00193479 0.999998 0.665833
1 -1.71017e-006 -0.000963462 -0.102903 -1.71017e-006 0.999994 -0.00355004 -0.0155367 0.000963462 0.00355004 0.999993 1.32564
0.99995 -2.10532e-005 -0.00997822 -0.112149 -2.10532e-005 0.999991 -0.00421972 -0.0328396 0.00997822 0.00421972 0.999941 1.99822
0.99995 -2.10532e-005 -0.00997822 -0.121396 -2.10532e-005 0.999991 -0.00421972 -0.0501425 0.00997822 0.00421972 0.999941 2.67081
0.999898 -2.95819e-005 -0.0142756 -0.135179 -2.95819e-005 0.999991 -0.00414417 -0.0603854 0.0142756 0.00414417 0.99989 3.43743
0.999864 -4.49715e-005 -0.0164619 -0.179493 -4.49715e-005 0.999985 -0.00546328 -0.0665818 0.0164619 0.00546328 0.99985 4.16951
0.999772 -6.36651e-005 -0.0213636 -0.213697 -6.36651e-005 0.999982 -0.00595942 -0.0739049 0.0213636 0.00595942 0.999754 4.94047
0.999685 -5.12804e-005 -0.0250781 -0.246925 -5.12804e-005 0.999992 -0.00408901 -0.0848313 0.0250781 0.00408901 0.999677 5.74029
0.999581 -2.70582e-005 -0.0289337 -0.275783 -2.70582e-005 0.999998 -0.00186997 -0.0883699 0.0289337 0.00186997 0.99958 6.58613
0.999524 1.22319e-005 -0.0308623 -0.325316 1.22319e-005 1 0.000792484 -0.0977649 0.0308623 -0.000792484 0.999523 7.39974
0.999451 4.4038e-006 -0.0331204 -0.368523 4.4038e-006 1 0.000265854 -0.103991 0.0331204 -0.000265854 0.999451 8.23341
0.99946 4.08799e-006 -0.0328653 -0.437591 4.08799e-006 1 0.000248705 -0.110763 0.0328653 -0.000248705 0.99946 9.05337
0.999384 -6.03233e-006 -0.0350844 -0.462193 -6.03233e-006 1 -0.000343769 -0.117393 0.0350844 0.000343769 0.999384 9.88183
0.999272 2.28656e-005 -0.0381511 -0.468599 2.28656e-005 0.999999 0.00119825 -0.133532 0.0381511 -0.00119825 0.999271 10.6855
0.999082 2.55762e-005 -0.0428368 -0.461662 2.55762e-005 0.999999 0.00119358 -0.145366 0.0428368 -0.00119358 0.999081 11.5219
0.999042 -1.80446e-005 -0.0437698 -0.51711 -1.80446e-005 1 -0.000824126 -0.1545 0.0437698 0.000824126 0.999041 12.3387
0.999033 -7.38507e-005 -0.0439698 -0.56931 -7.38507e-005 0.999994 -0.00335752 -0.163223 0.0439698 0.00335752 0.999027 13.1637
0.999019 -0.000106422 -0.0442804 -0.634484 -0.000106422 0.999988 -0.00480433 -0.171326 0.0442804 0.00480433 0.999008 13.9917
0.998941 -8.37714e-005 -0.0460119 -0.670087 -8.37714e-005 0.999993 -0.00363935 -0.191277 0.0460119 0.00363935 0.998934 14.8292
0.99883 -6.52058e-005 -0.0483554 -0.690393 -6.52058e-005 0.999996 -0.00269536 -0.20059 0.0483554 0.00269536 0.998827 15.6592
0.998754 -2.80549e-005 -0.0498952 -0.738321 -2.80549e-005 0.999999 -0.00112385 -0.209472 0.0498952 0.00112385 0.998754 16.5135
0.998706 -2.56661e-005 -0.0508535 -0.757655 -2.56661e-005 0.999999 -0.00100876 -0.223947 0.0508535 0.00100876 0.998706 17.3221
0.998622 -4.44998e-005 -0.0524801 -0.803402 -4.44998e-005 0.999999 -0.0016947 -0.235595 0.0524801 0.0016947 0.998621 18.1497
0.998515 -6.79602e-005 -0.0544834 -0.836614 -6.79602e-005 0.999997 -0.00249286 -0.248465 0.0544834 0.00249286 0.998512 18.9947
0.99849 -4.45677e-005 -0.0549377 -0.884968 -4.45677e-005 0.999999 -0.00162126 -0.253559 0.0549377 0.00162126 0.998488 19.8322
0.998487 5.22866e-005 -0.0549839 -0.929476 5.22866e-005 0.999998 0.00190045 -0.265747 0.0549839 -0.00190045 0.998485 20.6509
0.998402 0.000161316 -0.056513 -0.943314 0.000161316 0.999984 0.00570438 -0.290526 0.056513 -0.00570438 0.998386 21.5213
0.998554 0.000221709 -0.0537637 -1.01055 0.000221709 0.999966 0.00824144 -0.287462 0.0537637 -0.00824144 0.99852 22.4246
0.998765 0.000161 -0.0496889 -1.03797 0.000161 0.999979 0.00647624 -0.296604 0.0496889 -0.00647624 0.998744 23.3164
0.998765 0.000161 -0.0496889 -1.0654 0.000161 0.999979 0.00647624 -0.305747 0.0496889 -0.00647624 0.998744 24.2082
0.998923 3.56754e-005 -0.0463925 -1.14924 3.56754e-005 0.999999 0.00153715 -0.30225 0.0463925 -0.00153715 0.998922 25.1237
0.998996 -3.71412e-005 -0.0448076 -1.19363 -3.71412e-005 0.999999 -0.00165697 -0.304834 0.0448076 0.00165697 0.998994 26.0244
0.999022 -1.25099e-005 -0.0442078 -1.22838 -1.25099e-005 1 -0.000565685 -0.320379 0.0442078 0.000565685 0.999022 26.9116
0.998984 0.000100177 -0.0450647 -1.26091 0.000100177 0.99999 0.00444366 -0.330701 0.0450647 -0.00444366 0.998974 27.8189
0.998985 0.000172206 -0.0450382 -1.3065 0.000172206 0.999971 0.00764311 -0.337437 0.0450382 -0.00764311 0.998956 28.7205
0.998906 0.000157909 -0.046756 -1.33158 0.000157909 0.999977 0.00675084 -0.350279 0.046756 -0.00675084 0.998884 29.6421
0.998835 6.7142e-005 -0.0482594 -1.37274 6.7142e-005 0.999996 0.00278092 -0.354405 0.0482594 -0.00278092 0.998831 30.551
0.99873 -1.93395e-005 -0.0503889 -1.41112 -1.93395e-005 1 -0.000767122 -0.364612 0.0503889 0.000767122 0.998729 31.4373
0.998623 -4.09907e-005 -0.0524679 -1.45815 -4.09907e-005 0.999999 -0.00156143 -0.371502 0.0524679 0.00156143 0.998621 32.2994
0.998594 -1.25352e-005 -0.0530074 -1.53795 -1.25352e-005 1 -0.000472627 -0.370984 0.0530074 0.000472627 0.998594 33.2231
0.998523 7.29233e-005 -0.0543276 -1.58018 7.29233e-005 0.999996 0.00268259 -0.385434 0.0543276 -0.00268259 0.99852 34.0828
0.998537 0.000115365 -0.0540739 -1.64569 0.000115365 0.999991 0.0042638 -0.39696 0.0540739 -0.0042638 0.998528 34.9722
0.998512 0.000182414 -0.0545309 -1.70374 0.000182414 0.999978 0.00668524 -0.39914 0.0545309 -0.00668524 0.99849 35.8818
0.998525 0.000255954 -0.0542945 -1.75531 0.000255954 0.999956 0.00942121 -0.400138 0.0542945 -0.00942121 0.998481 36.8092
0.998414 0.000331455 -0.0563007 -1.80489 0.000331455 0.999931 0.0117647 -0.398723 0.0563007 -0.0117647 0.998345 37.7716
0.998568 0.000315277 -0.0534904 -1.91829 0.000315277 0.999931 0.0117793 -0.404604 0.0534904 -0.0117793 0.998499 38.7738
0.998548 0.000219392 -0.0538719 -1.98084 0.000219392 0.999967 0.0081389 -0.408989 0.0538719 -0.0081389 0.998515 39.8293
0.998548 0.000219392 -0.0538719 -2.04339 0.000219392 0.999967 0.0081389 -0.413373 0.0538719 -0.0081389 0.998515 40.8847
0.998415 0.000225883 -0.0562779 -2.08754 0.000225883 0.999968 0.00802094 -0.415765 0.0562779 -0.00802094 0.998383 41.8351
0.998204 0.000268666 -0.0599138 -2.10706 0.000268666 0.99996 0.00896019 -0.41947 0.0599138 -0.00896019 0.998163 42.8107
0.998054 0.000318099 -0.0623557 -2.1542 0.000318099 0.999948 0.0101925 -0.429022 0.0623557 -0.0101925 0.998002 43.7559
0.998051 0.000208619 -0.0624054 -2.23407 0.000208619 0.999978 0.00667934 -0.434078 0.0624054 -0.00667934 0.998029 44.7333
0.998046 7.51543e-005 -0.0624885 -2.32254 7.51543e-005 0.999997 0.00240303 -0.426157 0.0624885 -0.00240303 0.998043 45.6954
0.998029 3.9685e-005 -0.0627569 -2.3826 3.9685e-005 0.999999 0.00126347 -0.433384 0.0627569 -0.00126347 0.998028 46.5877
0.99795 0.000151631 -0.063996 -2.4203 0.000151631 0.999989 0.00473387 -0.444436 0.063996 -0.00473387 0.997939 47.4873
0.997961 0.000248464 -0.063824 -2.48662 0.000248464 0.99997 0.00777784 -0.454216 0.063824 -0.00777784 0.997931 48.4
0.997925 0.000274974 -0.0643855 -2.54402 0.000274974 0.999964 0.00853247 -0.462359 0.0643855 -0.00853247 0.997889 49.3322
0.997929 0.000246426 -0.0643318 -2.60264 0.000246426 0.999971 0.00765304 -0.476337 0.0643318 -0.00765304 0.997899 50.2286
0.997947 0.00019072 -0.0640505 -2.66717 0.00019072 0.999982 0.00594912 -0.483095 0.0640505 -0.00594912 0.997929 51.1249
0.997999 0.000205235 -0.063224 -2.74853 0.000205235 0.999979 0.00648574 -0.483107 0.063224 -0.00648574 0.997978 52.009
0.998042 0.000310071 -0.0625391 -2.83801 0.000310071 0.999951 0.00990613 -0.483534 0.0625391 -0.00990613 0.997993 52.9187
0.997951 0.000457619 -0.0639738 -2.87948 0.000457619 0.999898 0.0142911 -0.484964 0.0639738 -0.0142911 0.997849 53.8088
0.997824 0.000533005 -0.0659277 -2.93186 0.000533005 0.999869 0.0161507 -0.482838 0.0659277 -0.0161507 0.997694 54.7441
0.99776 0.00040909 -0.0668918 -3.013 0.00040909 0.999925 0.0122172 -0.486817 0.0668918 -0.0122172 0.997685 55.7263
0.997673 0.000169886 -0.068185 -3.07937 0.000169886 0.999988 0.00497726 -0.494725 0.068185 -0.00497726 0.99766 56.6283
0.997619 1.63604e-005 -0.0689658 -3.14387 1.63604e-005 1 0.000473885 -0.509195 0.0689658 -0.000473885 0.997619 57.5012
0.997546 5.48282e-005 -0.070016 -3.20937 5.48282e-005 0.999999 0.00156424 -0.512709 0.070016 -0.00156424 0.997545 58.3553
0.99747 0.000150164 -0.0710875 -3.27811 0.000150164 0.999991 0.00421939 -0.526523 0.0710875 -0.00421939 0.997461 59.2167
0.997337 0.000204519 -0.0729288 -3.32911 0.000204519 0.999984 0.00560121 -0.537756 0.0729288 -0.00560121 0.997321 60.0516
0.997264 0.000211741 -0.0739212 -3.40544 0.000211741 0.999984 0.00572095 -0.546593 0.0739212 -0.00572095 0.997248 60.8916
0.997057 0.000278732 -0.076662 -3.48795 0.000278732 0.999974 0.00726091 -0.568247 0.076662 -0.00726091 0.997031 61.7451
0.99687 0.000301291 -0.0790591 -3.54612 0.000301291 0.999971 0.00760988 -0.574441 0.0790591 -0.00760988 0.996841 62.5723
0.996755 0.000330609 -0.0804995 -3.61566 0.000330609 0.999966 0.00820048 -0.585121 0.0804995 -0.00820048 0.996721 63.3928
0.996714 0.000365894 -0.0809991 -3.69536 0.000365894 0.999959 0.00901948 -0.589123 0.0809991 -0.00901948 0.996673 64.2006
0.996578 0.000497861 -0.0826572 -3.76086 0.000497861 0.999928 0.0120254 -0.593813 0.0826572 -0.0120254 0.996505 64.9898
0.996642 0.000654121 -0.0818833 -3.85746 0.000654121 0.999873 0.0159491 -0.592168 0.0818833 -0.0159491 0.996514 65.7921
0.996533 0.000734016 -0.0831948 -3.94873 0.000734016 0.999845 0.0176138 -0.584017 0.0831948 -0.0176138 0.996378 66.624
0.996739 0.000544965 -0.0806908 -4.09415 0.000544965 0.999909 0.0134848 -0.582493 0.0806908 -0.0134848 0.996648 67.4216
0.996498 2.20949e-005 -0.0836156 -4.15265 2.20949e-005 1 0.000527563 -0.591917 0.0836156 -0.000527563 0.996498 68.1812
0.996498 2.20949e-005 -0.0836156 -4.21114 2.20949e-005 1 0.000527563 -0.601342 0.0836156 -0.000527563 0.996498 68.9408
0.996189 3.13363e-005 -0.0872251 -4.20936 3.13363e-005 1 0.000717147 -0.626618 0.0872251 -0.000717147 0.996188 69.5841
0.996005 0.00026641 -0.0892959 -4.28253 0.00026641 0.999982 0.00595493 -0.630132 0.0892959 -0.00595493 0.995987 70.276
0.996005 0.00026641 -0.0892959 -4.3557 0.00026641 0.999982 0.00595493 -0.633646 0.0892959 -0.00595493 0.995987 70.9679
0.995975 0.000116679 -0.0896359 -4.42242 0.000116679 0.999997 0.00259816 -0.646324 0.0896359 -0.00259816 0.995971 71.6226
0.996044 -0.000359673 -0.0888599 -4.46029 -0.000359673 0.999967 -0.00807914 -0.660098 0.0888599 0.00807914 0.996011 72.2234
0.996044 -0.000359673 -0.0888599 -4.49817 -0.000359673 0.999967 -0.00807914 -0.673872 0.0888599 0.00807914 0.996011 72.8243
0.99624 -0.000358015 -0.0866409 -4.53871 -0.000358015 0.999966 -0.00824866 -0.682119 0.0866409 0.00824866 0.996205 73.3707
0.99645 -0.00019517 -0.084183 -4.57338 -0.00019517 0.999989 -0.00462854 -0.699316 0.084183 0.00462854 0.99644 73.914
0.996953 -0.000103773 -0.0780025 -4.64423 -0.000103773 0.999996 -0.0026567 -0.692575 0.0780025 0.0026567 0.99695 74.4949
0.997503 4.52381e-005 -0.0706267 -4.71507 4.52381e-005 0.999999 0.00127945 -0.703245 0.0706267 -0.00127945 0.997502 75.0681
0.998058 0.000142876 -0.0622891 -4.74278 0.000142876 0.999989 0.00458303 -0.716909 0.0622891 -0.00458303 0.998048 75.6025
0.999339 7.9548e-005 -0.0363623 -4.76705 7.9548e-005 0.99999 0.00437383 -0.722343 0.0363623 -0.00437383 0.999329 76.1027
0.999339 7.9548e-005 -0.0363623 -4.79131 7.9548e-005 0.99999 0.00437383 -0.727777 0.0363623 -0.00437383 0.999329 76.603
0.999843 4.61073e-005 -0.0177051 -4.80598 4.61073e-005 0.999986 0.00520791 -0.732961 0.0177051 -0.00520791 0.99983 77.1094
0.999989 -1.46356e-005 0.00478609 -4.79692 -1.46356e-005 0.999981 0.00611579 -0.736764 -0.00478609 -0.00611579 0.99997 77.6136
0.999521 -0.000117145 0.0309343 -4.76373 -0.000117145 0.999971 0.00757185 -0.745626 -0.0309343 -0.00757185 0.999493 78.0902
0.998161 -0.000289318 0.0606199 -4.72218 -0.000289318 0.999954 0.0095363 -0.750968 -0.0606199 -0.0095363 0.998115 78.5403
0.99567 -0.000536921 0.0929569 -4.64976 -0.000536921 0.999933 0.0115266 -0.75871 -0.0929569 -0.0115266 0.995603 79.008
0.991446 -0.000819985 0.130513 -4.56571 -0.000819985 0.999921 0.0125113 -0.764425 -0.130513 -0.0125113 0.991368 79.4773
0.984866 -0.00109866 0.173314 -4.48547 -0.00109866 0.99992 0.0125818 -0.763932 -0.173314 -0.0125818 0.984786 79.9142
0.975709 -0.00141443 0.219065 -4.37576 -0.00141443 0.999918 0.0127559 -0.76588 -0.219065 -0.0127559 0.975627 80.3436
0.963649 -0.00148037 0.267168 -4.21773 -0.00148037 0.99994 0.0108802 -0.771673 -0.267168 -0.0108802 0.963589 80.7497
0.947461 -0.00144409 0.319869 -4.05475 -0.00144409 0.99996 0.00879192 -0.778815 -0.319869 -0.00879192 0.947421 81.1332
0.926969 -0.00138918 0.375136 -3.86754 -0.00138918 0.999974 0.00713571 -0.779723 -0.375136 -0.00713571 0.926942 81.5075
0.902494 -0.00131422 0.4307 -3.64527 -0.00131422 0.999982 0.00580513 -0.77608 -0.4307 -0.00580513 0.902477 81.8573
0.873549 -0.00133338 0.486734 -3.40706 -0.00133338 0.999986 0.00513246 -0.776165 -0.486734 -0.00513246 0.873535 82.1706
0.839646 -0.00165757 0.543132 -3.15581 -0.00165757 0.999983 0.00561431 -0.780966 -0.543132 -0.00561431 0.839629 82.4783
0.802098 -0.00178938 0.597189 -2.89044 -0.00178938 0.999984 0.00539966 -0.7884 -0.597189 -0.00539966 0.802082 82.7685
0.761471 -0.00236074 0.648194 -2.60896 -0.00236074 0.999977 0.00641524 -0.790789 -0.648194 -0.00641524 0.761448 83.0428
0.718689 -0.00289144 0.695326 -2.29913 -0.00289144 0.99997 0.00714687 -0.787509 -0.695326 -0.00714687 0.718659 83.2953
0.673412 -0.00368243 0.739258 -1.9756 -0.00368243 0.999958 0.00833548 -0.789762 -0.739258 -0.00833548 0.673371 83.5241
0.626226 -0.00462537 0.779628 -1.63519 -0.00462537 0.999943 0.00964772 -0.787641 -0.779628 -0.00964772 0.626169 83.7419
0.578836 -0.006791 0.815415 -1.29745 -0.006791 0.99989 0.0131481 -0.797941 -0.815415 -0.0131481 0.578727 83.9259
0.532068 -0.00637166 0.846678 -0.942242 -0.00637166 0.999913 0.0115289 -0.801399 -0.846678 -0.0115289 0.531981 84.0989
0.485185 -0.00522066 0.874396 -0.592502 -0.00522066 0.999947 0.00886712 -0.808556 -0.874396 -0.00886712 0.485132 84.2502
0.440487 -0.00510583 0.897744 -0.231764 -0.00510583 0.999953 0.00819236 -0.815366 -0.897744 -0.00819236 0.440441 84.3781
0.397836 -0.0092935 0.917409 0.138544 -0.0092935 0.999857 0.0141588 -0.813833 -0.917409 -0.0141588 0.397693 84.4948
0.358894 -0.0199066 0.933166 0.537674 -0.0199066 0.999382 0.0289752 -0.806441 -0.933166 -0.0289752 0.358276 84.5897
0.322724 -0.0228573 0.946217 0.923495 -0.0228573 0.999229 0.0319338 -0.792264 -0.946217 -0.0319338 0.321952 84.6952
0.290338 -0.0214686 0.956683 1.31621 -0.0214686 0.999351 0.0289414 -0.793997 -0.956683 -0.0289414 0.289689 84.7811
0.259068 -0.0132608 0.965768 1.72991 -0.0132608 0.999763 0.0172848 -0.790617 -0.965768 -0.0172848 0.258831 84.8893
0.231148 -0.00944959 0.972873 2.13625 -0.00944959 0.999884 0.0119571 -0.79631 -0.972873 -0.0119571 0.231032 84.9674
0.205793 -0.0099981 0.978545 2.53428 -0.0099981 0.999874 0.0123187 -0.801949 -0.978545 -0.0123187 0.205667 85.0251
0.181921 -0.014334 0.983209 2.93142 -0.014334 0.999749 0.0172273 -0.803758 -0.983209 -0.0172273 0.18167 85.0822
0.162337 -0.0194956 0.986543 3.33896 -0.0194956 0.999546 0.0229606 -0.791452 -0.986543 -0.0229606 0.161884 85.1187
0.143289 -0.0210096 0.989458 3.75212 -0.0210096 0.999485 0.024265 -0.774638 -0.989458 -0.024265 0.142774 85.16
0.125604 -0.0188448 0.991901 4.16792 -0.0188448 0.999594 0.0213772 -0.762994 -0.991901 -0.0213772 0.125198 85.2103
0.110123 -0.0180951 0.993753 4.50178 -0.0180951 0.999632 0.0202074 -0.761174 -0.993753 -0.0202074 0.109755 85.2448
0.095548 -0.0181769 0.995259 4.93551 -0.0181769 0.999635 0.0200019 -0.757955 -0.995259 -0.0200019 0.0951827 85.2786
0.0823735 -0.0203455 0.996394 5.39547 -0.0203455 0.999549 0.0220919 -0.756909 -0.996394 -0.0220919 0.0819224 85.2996
0.0706028 -0.0233352 0.997232 5.86504 -0.0233352 0.999414 0.0250384 -0.754112 -0.997232 -0.0250384 0.0700169 85.3251
0.0606731 -0.0261544 0.997815 6.33943 -0.0261544 0.999272 0.0277829 -0.747088 -0.997815 -0.0277829 0.0599449 85.3392
0.052212 -0.0276763 0.998252 6.8626 -0.0276763 0.999192 0.0291499 -0.738519 -0.998252 -0.0291499 0.0514038 85.3668
0.0444339 -0.0294956 0.998577 7.39683 -0.0294956 0.99909 0.0308232 -0.723292 -0.998577 -0.0308232 0.0435235 85.4051
0.0381826 -0.029056 0.998848 7.94275 -0.029056 0.999122 0.0301747 -0.706501 -0.998848 -0.0301747 0.0373049 85.4303
0.0333689 -0.0297615 0.999 8.48147 -0.0297615 0.999084 0.0307581 -0.691716 -0.999 -0.0307581 0.0324526 85.4376
0.0271893 -0.0287876 0.999216 9.05706 -0.0287876 0.999148 0.0295689 -0.68101 -0.999216 -0.0295689 0.0263374 85.4724
0.0237683 -0.0294508 0.999284 9.65717 -0.0294508 0.999112 0.0301462 -0.665409 -0.999284 -0.0301462 0.0228799 85.4893
0.020329 -0.0291475 0.999368 10.2711 -0.0291475 0.999133 0.0297336 -0.649801 -0.999368 -0.0297336 0.0194618 85.5056
0.0177983 -0.03793 0.999122 10.9371 -0.03793 0.998535 0.0385834 -0.638678 -0.999122 -0.0385834 0.0163335 85.5013
0.0188589 -0.0424859 0.998919 11.619 -0.0424859 0.99816 0.0432557 -0.607392 -0.998919 -0.0432557 0.0170191 85.4892
0.01997 -0.0437758 0.998842 12.2858 -0.0437758 0.998045 0.0446161 -0.579779 -0.998842 -0.0446161 0.0180146 85.5007
0.0223768 -0.0437716 0.998791 12.9778 -0.0437716 0.99804 0.0447194 -0.549825 -0.998791 -0.0447194 0.020417 85.5209
0.0278634 -0.047941 0.998461 13.6802 -0.047941 0.997636 0.0492392 -0.523035 -0.998461 -0.0492392 0.0254992 85.5227
0.0340863 -0.0499564 0.99817 14.3959 -0.0499564 0.997416 0.0516247 -0.484436 -0.99817 -0.0516247 0.0315025 85.5236
0.037961 -0.0499974 0.998028 15.1443 -0.0499974 0.997402 0.0518677 -0.448 -0.998028 -0.0518677 0.0353626 85.557
0.0402354 -0.048783 0.997999 15.8792 -0.048783 0.99752 0.0507263 -0.408075 -0.997999 -0.0507263 0.0377559 85.6044
0.0440959 -0.046275 0.997955 16.6339 -0.046275 0.99776 0.0483106 -0.373613 -0.997955 -0.0483106 0.0418558 85.6419
0.0477978 -0.0452345 0.997832 17.42 -0.0452345 0.997851 0.0474022 -0.337099 -0.997832 -0.0474022 0.0456489 85.6871
0.0518154 -0.0410499 0.997813 18.1979 -0.0410499 0.998223 0.0431985 -0.311967 -0.997813 -0.0431985 0.0500382 85.7386
0.0556616 -0.0377257 0.997737 19.0322 -0.0377257 0.998493 0.0398589 -0.296943 -0.997737 -0.0398589 0.0541544 85.7868
0.0566883 -0.0315986 0.997892 19.8705 -0.0315986 0.998942 0.0334269 -0.267659 -0.997892 -0.0334269 0.0556298 85.8463
0.056475 -0.0294448 0.99797 20.6829 -0.0294448 0.999081 0.0311439 -0.239614 -0.99797 -0.0311439 0.0555561 85.9004
0.0541248 -0.0269304 0.998171 21.477 -0.0269304 0.999233 0.0284194 -0.223377 -0.998171 -0.0284194 0.0533581 85.9862
0.0554074 -0.0256293 0.998135 22.2851 -0.0256293 0.999305 0.027082 -0.211655 -0.998135 -0.027082 0.054712 86.0235
0.0545817 -0.0258521 0.998175 23.1095 -0.0258521 0.999293 0.0272947 -0.197719 -0.998175 -0.0272947 0.0538748 86.0803
0.054086 -0.0231438 0.998268 23.9476 -0.0231438 0.999434 0.0244247 -0.181696 -0.998268 -0.0244247 0.0535197 86.1564
0.0537794 -0.0219684 0.998311 24.7514 -0.0219684 0.99949 0.0231778 -0.178152 -0.998311 -0.0231778 0.0532694 86.213
0.0537561 -0.0180218 0.998391 25.5862 -0.0180218 0.999657 0.019015 -0.1714 -0.998391 -0.019015 0.0534128 86.2695
0.0508098 -0.0100604 0.998658 26.3092 -0.0100604 0.999893 0.0105847 -0.177822 -0.998658 -0.0105847 0.0507031 86.3494
0.0481509 -0.00979495 0.998792 27.0929 -0.00979495 0.999899 0.010278 -0.173624 -0.998792 -0.010278 0.0480501 86.3788
0.0422497 -0.00785529 0.999076 27.8733 -0.00785529 0.999936 0.00819423 -0.166718 -0.999076 -0.00819423 0.0421853 86.4298
0.0359819 -0.00390688 0.999345 28.7119 -0.00390688 0.999984 0.00405005 -0.16494 -0.999345 -0.00405005 0.035966 86.4889
0.0293135 0.000305087 0.99957 29.4937 0.000305087 1 -0.000314165 -0.179782 -0.99957 0.000314165 0.0293134 86.5202
0.021754 -0.000759936 0.999763 30.321 -0.000759936 0.999999 0.000776652 -0.190931 -0.999763 -0.000776652 0.0217534 86.5379
0.0136731 -0.00039568 0.999906 31.1362 -0.00039568 1 0.000401127 -0.20933 -0.999906 -0.000401127 0.0136729 86.5338
0.00311453 0.000296921 0.999995 31.986 0.000296921 1 -0.000297847 -0.209562 -0.999995 0.000297847 0.00311444 86.5549
-0.00768226 -0.000458175 0.99997 32.8506 -0.000458175 1 0.000454668 -0.219737 -0.99997 -0.000454668 -0.00768247 86.5624
-0.0182386 0.00201044 0.999832 33.6187 0.00201044 0.999996 -0.00197409 -0.239886 -0.999832 0.00197409 -0.0182426 86.5389
-0.0293463 0.000607674 0.999569 34.4581 0.000607674 1 -0.000590095 -0.254071 -0.999569 0.000590095 -0.0293467 86.5106
-0.0406197 0.000929883 0.999174 35.3129 0.000929883 0.999999 -0.000892848 -0.265684 -0.999174 0.000892848 -0.0406206 86.4786
-0.0516698 0.000905725 0.998664 36.1418 0.000905725 0.999999 -0.000860075 -0.278999 -0.998664 0.000860075 -0.0516706 86.4321
-0.0624358 0.00175674 0.998047 36.9662 0.00175674 0.999997 -0.00165027 -0.291876 -0.998047 0.00165027 -0.0624387 86.3836
-0.0728739 0.0012658 0.99734 37.7778 0.0012658 0.999999 -0.00117669 -0.305486 -0.99734 0.00117669 -0.0728754 86.3205
-0.082758 0.000440402 0.99657 38.5946 0.000440402 1 -0.000405346 -0.314782 -0.99657 0.000405346 -0.0827582 86.2615
-0.0922092 0.000397206 0.99574 39.366 0.000397206 1 -0.000362123 -0.32757 -0.99574 0.000362123 -0.0922094 86.182
-0.101922 -0.000357575 0.994792 40.1251 -0.000357575 1 0.000322811 -0.335804 -0.994792 -0.000322811 -0.101922 86.1079
-0.111061 -0.0015999 0.993812 40.916 -0.0015999 0.999998 0.00143107 -0.338209 -0.993812 -0.00143107 -0.111063 86.0358
-0.123874 -0.00518619 0.992284 41.6764 -0.00518619 0.999976 0.00457896 -0.350233 -0.992284 -0.00457896 -0.123898 85.9426
-0.123874 -0.00518619 0.992284 42.4368 -0.00518619 0.999976 0.00457896 -0.362257 -0.992284 -0.00457896 -0.123898 85.8494
-0.123568 -0.0192199 0.99215 43.185 -0.0192199 0.999671 0.0169719 -0.327082 -0.99215 -0.0169719 -0.123896 85.717
-0.126188 -0.0199789 0.991805 43.909 -0.0199789 0.999646 0.0175949 -0.331942 -0.991805 -0.0175949 -0.126543 85.6207
-0.128401 -0.0204511 0.991511 44.6326 -0.0204511 0.999629 0.0179701 -0.329972 -0.991511 -0.0179701 -0.128772 85.5362
-0.130376 -0.021074 0.991241 45.3247 -0.021074 0.999607 0.01848 -0.330454 -0.991241 -0.01848 -0.130769 85.4598
-0.123284 -0.0247207 0.992063 46.0604 -0.0247207 0.999456 0.0218328 -0.334161 -0.992063 -0.0218328 -0.123828 85.3398
-0.123284 -0.0247207 0.992063 46.796 -0.0247207 0.999456 0.0218328 -0.337868 -0.992063 -0.0218328 -0.123828 85.2198
-0.115983 -0.0265396 0.992897 47.4205 -0.0265396 0.999369 0.0236124 -0.346593 -0.992897 -0.0236124 -0.116614 85.1268
-0.107099 -0.0266427 0.993891 48.0267 -0.0266427 0.999359 0.0239184 -0.342223 -0.993891 -0.0239184 -0.10774 85.0584
-0.0958415 -0.0260871 0.995055 48.6522 -0.0260871 0.999379 0.0236878 -0.338812 -0.995055 -0.0236878 -0.0964625 85.0048
-0.082517 -0.0246196 0.996286 49.2272 -0.0246196 0.99944 0.0226584 -0.346519 -0.996286 -0.0226584 -0.0830769 84.9755
-0.0649947 -0.0238339 0.997601 49.8045 -0.0238339 0.999467 0.0223256 -0.343997 -0.997601 -0.0223256 -0.0655281 84.9479
-0.0439471 -0.021677 0.998799 50.3505 -0.021677 0.99955 0.0207395 -0.349782 -0.998799 -0.0207395 -0.0443972 84.9448
-0.0187797 -0.0199071 0.999625 50.858 -0.0199071 0.999611 0.0195328 -0.351874 -0.999625 -0.0195328 -0.0191687 84.9428
0.00964101 -0.0167074 0.999814 51.3786 -0.0167074 0.999718 0.0168669 -0.347175 -0.999814 -0.0168669 0.00935915 84.9613
0.0424997 -0.0151003 0.998982 51.871 -0.0151003 0.999762 0.0157545 -0.344677 -0.998982 -0.0157545 0.0422615 85.0051
0.0803471 -0.0148821 0.996656 52.384 -0.0148821 0.999759 0.0161282 -0.34203 -0.996656 -0.0161282 0.0801063 85.068
0.122409 -0.0137278 0.992385 52.8795 -0.0137278 0.999785 0.0155235 -0.335708 -0.992385 -0.0155235 0.122195 85.1568
0.167218 -0.0117808 0.985849 53.3758 -0.0117808 0.999833 0.0139462 -0.336797 -0.985849 -0.0139462 0.167052 85.2736
0.21495 -0.00790362 0.976593 53.8656 -0.00790362 0.99992 0.00983201 -0.33727 -0.976593 -0.00983201 0.214871 85.4244
0.266959 -0.00618593 0.963688 54.3576 -0.00618593 0.999948 0.0081323 -0.335909 -0.963688 -0.0081323 0.266907 85.5928
0.320638 4.71781e-005 0.947202 54.7787 4.71781e-005 1 -6.57781e-005 -0.334102 -0.947202 6.57781e-005 0.320638 85.8033
0.457432 -0.00696956 0.889217 55.3099 -0.00696956 0.99991 0.0114224 -0.321243 -0.889217 -0.0114224 0.457342 85.8801
0.457432 -0.00696956 0.889217 55.8411 -0.00696956 0.99991 0.0114224 -0.308384 -0.889217 -0.0114224 0.457342 85.9568
0.58467 -0.00914008 0.81122 56.2856 -0.00914008 0.999799 0.0178523 -0.254222 -0.81122 -0.0178523 0.584469 86.1947
0.58467 -0.00914008 0.81122 56.7302 -0.00914008 0.999799 0.0178523 -0.200059 -0.81122 -0.0178523 0.584469 86.4325
0.640077 -0.00780546 0.768271 57.0529 -0.00780546 0.999831 0.0166611 -0.193175 -0.768271 -0.0166611 0.639908 86.7483
0.691879 -0.00750309 0.721974 57.3652 -0.00750309 0.999817 0.0175809 -0.185886 -0.721974 -0.0175809 0.691696 87.089
0.739033 -0.00754025 0.673627 57.616 -0.00754025 0.999782 0.0194634 -0.179247 -0.673627 -0.0194634 0.738815 87.4275
0.782743 -0.00842277 0.622288 57.817 -0.00842277 0.999673 0.0241253 -0.179319 -0.622288 -0.0241253 0.782416 87.7396
0.822369 -0.00896107 0.568884 58.0174 -0.00896107 0.999548 0.0286989 -0.167222 -0.568884 -0.0286989 0.821917 88.1174
0.85785 -0.00929638 0.513815 58.2012 -0.00929638 0.999392 0.0336028 -0.160412 -0.513815 -0.0336028 0.857242 88.4893
0.887523 -0.00936394 0.460669 58.3452 -0.00936394 0.99922 0.0383515 -0.15353 -0.460669 -0.0383515 0.886743 88.8765
0.912362 -0.00907371 0.409283 58.509 -0.00907371 0.999061 0.0423758 -0.144019 -0.409283 -0.0423758 0.911423 89.3155
0.931682 -0.00829137 0.36318 58.6497 -0.00829137 0.998994 0.0440771 -0.13455 -0.36318 -0.0440771 0.930676 89.7779
0.946184 -0.00715431 0.32355 58.764 -0.00715431 0.999049 0.0430128 -0.1205 -0.32355 -0.0430128 0.945233 90.2469
0.957432 -0.00588279 0.2886 58.874 -0.00588279 0.999187 0.0398836 -0.0999639 -0.2886 -0.0398836 0.956619 90.7368
0.966185 -0.00509829 0.2578 58.9678 -0.00509829 0.999231 0.0388684 -0.0848956 -0.2578 -0.0388684 0.965416 91.206
0.971758 -0.00474703 0.235932 59.0618 -0.00474703 0.999202 0.0396564 -0.0732862 -0.235932 -0.0396564 0.97096 91.6758
0.975405 -0.00453405 0.220375 59.1608 -0.00453405 0.999164 0.0406252 -0.0624713 -0.220375 -0.0406252 0.974569 92.1697
0.978087 -0.00408682 0.208156 59.2435 -0.00408682 0.999238 0.0388217 -0.0385139 -0.208156 -0.0388217 0.977325 92.6791
0.980014 -0.00376098 0.198892 59.3303 -0.00376098 0.999292 0.0374281 -0.0160537 -0.198892 -0.0374281 0.979307 93.1592
0.981369 -0.00334846 0.192101 59.4322 -0.00334846 0.999398 0.0345261 0.00763192 -0.192101 -0.0345261 0.980768 93.6827
0.981867 -0.00291676 0.189547 59.5116 -0.00291676 0.999531 0.0304898 0.0164492 -0.189547 -0.0304898 0.981398 94.2276
0.981948 -0.0026673 0.189133 59.61 -0.0026673 0.999606 0.0279455 0.0220916 -0.189133 -0.0279455 0.981554 94.7741
0.981583 -0.00238892 0.191019 59.721 -0.00238892 0.99969 0.0247782 0.0331665 -0.191019 -0.0247782 0.981274 95.3281
0.980978 -0.00183811 0.194108 59.848 -0.00183811 0.999822 0.0187572 0.052759 -0.194108 -0.0187572 0.980801 95.8657
0.979746 -0.00133376 0.200241 59.9373 -0.00133376 0.999912 0.0131861 0.0742849 -0.200241 -0.0131861 0.979658 96.4286
0.97764 -0.00170658 0.21028 60.032 -0.00170658 0.99987 0.0160489 0.0768309 -0.21028 -0.0160489 0.977509 96.9072
0.97764 -0.00170658 0.21028 60.1267 -0.00170658 0.99987 0.0160489 0.0793769 -0.21028 -0.0160489 0.977509 97.3858
0.97644 -0.00226979 0.215779 60.2373 -0.00226979 0.999781 0.020788 0.0847655 -0.215779 -0.020788 0.976221 97.9631
0.975693 -0.00306055 0.219119 60.3925 -0.00306055 0.999615 0.0275902 0.087848 -0.219119 -0.0275902 0.975308 98.6333
0.974734 -0.00372715 0.223339 60.5321 -0.00372715 0.99945 0.0329458 0.0948533 -0.223339 -0.0329458 0.974184 99.2747
0.974588 -0.00398203 0.223972 60.7 -0.00398203 0.999376 0.0350954 0.10944 -0.223972 -0.0350954 0.973964 99.8991
0.974595 -0.0030386 0.223953 60.8531 -0.0030386 0.999637 0.0267865 0.122518 -0.223953 -0.0267865 0.974232 100.558
0.974595 -0.0030386 0.223953 61.0061 -0.0030386 0.999637 0.0267865 0.135595 -0.223953 -0.0267865 0.974232 101.217
0.975133 -0.00230499 0.221609 61.1686 -0.00230499 0.999786 0.0205414 0.147962 -0.221609 -0.0205414 0.974919 101.873
0.975551 -0.00175713 0.219765 61.2939 -0.00175713 0.999874 0.0157945 0.163001 -0.219765 -0.0157945 0.975425 102.517
0.976041 -0.00220559 0.217576 61.4297 -0.00220559 0.999797 0.0200292 0.175838 -0.217576 -0.0200292 0.975838 103.156
0.976353 -0.00303106 0.216163 61.5765 -0.00303106 0.999611 0.0277073 0.191322 -0.216163 -0.0277073 0.975964 103.819
0.977042 -0.00349968 0.213017 61.7398 -0.00349968 0.999467 0.0324723 0.207761 -0.213017 -0.0324723 0.976509 104.539
0.97781 -0.00338658 0.209464 61.9239 -0.00338658 0.999483 0.0319685 0.216546 -0.209464 -0.0319685 0.977294 105.306
0.97832 -0.0027723 0.207079 62.0751 -0.0027723 0.999645 0.0264804 0.234621 -0.207079 -0.0264804 0.977966 106.068
0.979367 -0.00222753 0.202076 62.2363 -0.00222753 0.99976 0.0218165 0.247217 -0.202076 -0.0218165 0.979127 106.816
0.980139 -0.00188756 0.1983 62.3792 -0.00188756 0.999821 0.0188466 0.26259 -0.1983 -0.0188466 0.97996 107.537
0.980982 -0.00207349 0.194088 62.5272 -0.00207349 0.999774 0.0211609 0.271232 -0.194088 -0.0211609 0.980756 108.236
0.981524 -0.00225952 0.191327 62.6642 -0.00225952 0.999724 0.023398 0.281814 -0.191327 -0.023398 0.981247 108.971
0.98165 -0.00247495 0.190673 62.7943 -0.00247495 0.999666 0.0257177 0.291987 -0.190673 -0.0257177 0.981317 109.722
0.982153 -0.00274984 0.188062 62.9576 -0.00274984 0.999576 0.0289768 0.30122 -0.188062 -0.0289768 0.98173 110.475
0.982268 -0.00292609 0.187461 63.11 -0.00292609 0.999517 0.0309338 0.321766 -0.187461 -0.0309338 0.981785 111.268
0.983016 -0.00312068 0.183491 63.2879 -0.00312068 0.999427 0.0337159 0.323541 -0.183491 -0.0337159 0.982443 112.001
0.982689 -0.00245793 0.185248 63.4287 -0.00245793 0.999651 0.0263023 0.345643 -0.185248 -0.0263023 0.98234 112.838
0.982689 -0.00245793 0.185248 63.5695 -0.00245793 0.999651 0.0263023 0.367745 -0.185248 -0.0263023 0.98234 113.675
0.982312 -0.00214718 0.187238 63.6958 -0.00214718 0.999739 0.0227295 0.388369 -0.187238 -0.0227295 0.982052 114.469
0.981852 -0.00216267 0.189638 63.8448 -0.00216267 0.999742 0.0225985 0.396219 -0.189638 -0.0225985 0.981594 115.26
0.981055 -0.00220526 0.193719 63.9823 -0.00220526 0.999743 0.022549 0.419517 -0.193719 -0.022549 0.980798 116.076
0.981141 -0.00216066 0.193279 64.1754 -0.00216066 0.999752 0.0221443 0.426501 -0.193279 -0.0221443 0.980894 116.854
0.980539 -0.0022296 0.19631 64.351 -0.0022296 0.999745 0.0224912 0.433585 -0.19631 -0.0224912 0.980284 117.725
0.980539 -0.0022296 0.19631 64.5267 -0.0022296 0.999745 0.0224912 0.440668 -0.19631 -0.0224912 0.980284 118.596
0.980463 -0.00221059 0.196691 64.6943 -0.00221059 0.99975 0.0222555 0.459493 -0.196691 -0.0222555 0.980213 119.464
0.98005 -0.00220756 0.19874 64.8528 -0.00220756 0.999756 0.0219912 0.471561 -0.19874 -0.0219912 0.979805 120.294
0.979563 -0.0024098 0.201123 65.0069 -0.0024098 0.999716 0.0237152 0.48995 -0.201123 -0.0237152 0.979279 121.089
0.979493 -0.00298559 0.201454 65.1776 -0.00298559 0.999565 0.02933 0.498765 -0.201454 -0.02933 0.979059 121.903
0.979416 -0.00334636 0.201825 65.3556 -0.00334636 0.999456 0.0328107 0.506155 -0.201825 -0.0328107 0.978872 122.77
0.979157 -0.00149463 0.203097 65.55 -0.00149463 0.999893 0.0145642 0.514653 -0.203097 -0.0145642 0.97905 123.702
0.979157 -0.00149463 0.203097 65.7444 -0.00149463 0.999893 0.0145642 0.523152 -0.203097 -0.0145642 0.97905 124.633
0.979125 -0.000670963 0.203257 65.9001 -0.000670963 0.999978 0.00653313 0.527723 -0.203257 -0.00653313 0.979104 125.394
0.979226 -0.00156584 0.202766 66.0482 -0.00156584 0.999882 0.0152834 0.536059 -0.202766 -0.0152834 0.979108 126.126
0.979499 -0.00367807 0.201416 66.2064 -0.00367807 0.99934 0.0361357 0.541396 -0.201416 -0.0361357 0.978839 126.921
0.97959 -0.00514542 0.200941 66.3762 -0.00514542 0.998703 0.0506575 0.547519 -0.200941 -0.0506575 0.978293 127.794
0.979598 -0.00449817 0.200917 66.5465 -0.00449817 0.999008 0.0442974 0.569655 -0.200917 -0.0442974 0.978606 128.715
0.979816 -0.00275365 0.199884 66.706 -0.00275365 0.999624 0.0272692 0.596426 -0.199884 -0.0272692 0.97944 129.598
0.979455 -0.00196314 0.201651 66.8337 -0.00196314 0.999812 0.0192689 0.621836 -0.201651 -0.0192689 0.979268 130.415
0.979185 -0.00187216 0.202961 66.9761 -0.00187216 0.999832 0.018255 0.643178 -0.202961 -0.018255 0.979017 131.233
0.978602 -0.00186123 0.205752 67.0993 -0.00186123 0.999838 0.0178969 0.661851 -0.205752 -0.0178969 0.97844 132.153
0.978367 -0.00175341 0.20687 67.2299 -0.00175341 0.999858 0.0167672 0.658516 -0.20687 -0.0167672 0.978225 133.048
0.979639 -0.00158634 0.200762 67.395 -0.00158634 0.999876 0.0156413 0.657201 -0.200762 -0.0156413 0.979515 133.815
0.980402 -0.00127622 0.197002 67.5455 -0.00127622 0.999917 0.0128289 0.656717 -0.197002 -0.0128289 0.980319 134.659
0.980402 -0.00127622 0.197002 67.6961 -0.00127622 0.999917 0.0128289 0.656233 -0.197002 -0.0128289 0.980319 135.504
0.979965 -0.00167571 0.199163 67.7986 -0.00167571 0.99986 0.0166577 0.63208 -0.199163 -0.0166577 0.979825 136.266
0.980169 -0.00213465 0.19815 67.958 -0.00213465 0.99977 0.0213296 0.638558 -0.19815 -0.0213296 0.97994 137.091
0.980713 -0.00214103 0.19544 68.1423 -0.00214103 0.999762 0.021696 0.646179 -0.19544 -0.021696 0.980476 137.957
0.981323 -0.00187579 0.192359 68.3093 -0.00187579 0.999812 0.019319 0.649901 -0.192359 -0.019319 0.981134 138.786
0.982086 -0.00153225 0.188425 68.4394 -0.00153225 0.999869 0.016117 0.661172 -0.188425 -0.016117 0.981955 139.544
0.983348 -0.00143663 0.181729 68.5786 -0.00143663 0.999876 0.015678 0.664615 -0.181729 -0.015678 0.983224 140.262
0.984643 -0.00194959 0.174567 68.6705 -0.00194959 0.999752 0.0221621 0.662474 -0.174567 -0.0221621 0.984396 140.932
0.985571 -0.0026 0.169242 68.7841 -0.0026 0.999531 0.0304963 0.665496 -0.169242 -0.0304963 0.985103 141.719
0.986117 -0.00332798 0.166021 68.8853 -0.00332798 0.999202 0.0397968 0.676006 -0.166021 -0.0397968 0.985319 142.478
0.986873 -0.00324937 0.161465 69.0123 -0.00324937 0.999196 0.0399681 0.708305 -0.161465 -0.0399681 0.986069 143.295
0.987479 -0.00276144 0.157724 69.1246 -0.00276144 0.999391 0.0347862 0.724546 -0.157724 -0.0347862 0.98687 144.139
0.98852 -0.00185637 0.151082 69.2354 -0.00185637 0.9997 0.0244296 0.740612 -0.151082 -0.0244296 0.988219 144.938
0.989267 -0.00149813 0.146113 69.3265 -0.00149813 0.999791 0.0203943 0.74572 -0.146113 -0.0203943 0.989058 145.695
0.989966 -0.00146894 0.141296 69.3983 -0.00146894 0.999785 0.0206858 0.762067 -0.141296 -0.0206858 0.989751 146.425
0.991004 -0.0015459 0.13382 69.4843 -0.0015459 0.999734 0.0229971 0.765577 -0.13382 -0.0229971 0.990739 147.172
0.991827 -0.00128678 0.127586 69.5439 -0.00128678 0.999797 0.0200867 0.771573 -0.127586 -0.0200867 0.991624 147.942
0.993046 -0.000812203 0.117723 69.6241 -0.000812203 0.999905 0.0137499 0.775272 -0.117723 -0.0137499 0.992951 148.692
0.993983 -0.000619993 0.109534 69.6978 -0.000619993 0.999936 0.0112861 0.781781 -0.109534 -0.0112861 0.993919 149.418
0.99483 -0.000703584 0.101556 69.7636 -0.000703584 0.999904 0.0138196 0.787857 -0.101556 -0.0138196 0.994734 150.155
0.995632 -0.000960335 0.0933558 69.8306 -0.000960335 0.999789 0.0205266 0.788769 -0.0933558 -0.0205266 0.995421 150.912
0.996345 -0.00109143 0.0854143 69.8793 -0.00109143 0.999674 0.0255054 0.793966 -0.0854143 -0.0255054 0.996019 151.714
0.996921 -0.00111882 0.078406 69.9279 -0.00111882 0.999593 0.0284895 0.804091 -0.078406 -0.0284895 0.996514 152.523
0.997432 -0.00108909 0.0716098 69.9854 -0.00108909 0.999538 0.0303713 0.81572 -0.0716098 -0.0303713 0.99697 153.343
0.997696 -0.000982936 0.0678426 70.0255 -0.000982936 0.999581 0.0289375 0.818286 -0.0678426 -0.0289375 0.997276 154.13
0.998048 -0.000741225 0.0624402 70.0762 -0.000741225 0.999718 0.0237154 0.821973 -0.0624402 -0.0237154 0.997767 154.926
0.99824 -0.000485492 0.0593098 70.1066 -0.000485492 0.999866 0.0163559 0.834269 -0.0593098 -0.0163559 0.998106 155.726
0.998407 -0.000379301 0.0564265 70.1398 -0.000379301 0.99991 0.0134328 0.846352 -0.0564265 -0.0134328 0.998316 156.456
0.998589 -0.000495108 0.0530927 70.1758 -0.000495108 0.999826 0.0186359 0.858976 -0.0530927 -0.0186359 0.998416 157.239
0.998715 -0.000731617 0.0506715 70.2062 -0.000731617 0.999583 0.0288523 0.867362 -0.0506715 -0.0288523 0.998299 158.061
0.99889 -0.000842747 0.0471031 70.2375 -0.000842747 0.99936 0.0357518 0.87736 -0.0471031 -0.0357518 0.99825 158.868
0.999072 -0.000697106 0.043071 70.2583 -0.000697106 0.999476 0.0323466 0.890506 -0.043071 -0.0323466 0.998548 159.772
0.999282 -0.000427746 0.0378963 70.2807 -0.000427746 0.999745 0.0225635 0.903841 -0.0378963 -0.0225635 0.999027 160.541
0.999539 -0.00026717 0.0303593 70.3149 -0.00026717 0.999845 0.0175951 0.921727 -0.0303593 -0.0175951 0.999384 161.355
0.999738 -0.000219202 0.0228943 70.3249 -0.000219202 0.999817 0.0191448 0.929136 -0.0228943 -0.0191448 0.999555 162.184
0.999884 -0.000193863 0.0152485 70.3283 -0.000193863 0.999677 0.0254215 0.932968 -0.0152485 -0.0254215 0.999561 163.004
0.999974 -9.74464e-005 0.00719057 70.3479 -9.74464e-005 0.999633 0.0270986 0.976299 -0.00719057 -0.0270986 0.999607 163.847
1 -1.45225e-005 0.000941387 70.3608 -1.45225e-005 0.999524 0.030846 0.996543 -0.000941387 -0.030846 0.999524 164.66
0.999991 6.19199e-005 -0.00417019 70.3388 6.19199e-005 0.999559 0.0296897 1.0234 0.00417019 -0.0296897 0.99955 165.526
0.999942 0.000122104 -0.010802 70.3325 0.000122104 0.999744 0.022604 1.02977 0.010802 -0.022604 0.999686 166.361
0.999838 0.000109852 -0.0179847 70.318 0.000109852 0.999925 0.0122148 1.0391 0.0179847 -0.0122148 0.999764 167.171
0.999717 9.46916e-005 -0.0237789 70.2998 9.46916e-005 0.999968 0.00796309 1.04584 0.0237789 -0.00796309 0.999686 167.917
0.999542 0.000236104 -0.0302681 70.295 0.000236104 0.999878 0.0155964 1.03143 0.0302681 -0.0155964 0.99942 168.678
0.999371 0.000514107 -0.0354556 70.2526 0.000514107 0.99958 0.0289848 1.04108 0.0354556 -0.0289848 0.998951 169.465
0.999214 0.000730575 -0.0396278 70.1953 0.000730575 0.999321 0.0368448 1.04928 0.0396278 -0.0368448 0.998535 170.358
0.999036 0.000737666 -0.0438923 70.1595 0.000737666 0.999436 0.0335869 1.06711 0.0438923 -0.0335869 0.998472 171.283
0.998965 0.000518748 -0.0454896 70.1048 0.000518748 0.99974 0.0227926 1.08322 0.0454896 -0.0227926 0.998705 172.172
0.998871 0.000329475 -0.0474983 70.0311 0.000329475 0.999904 0.0138646 1.09654 0.0474983 -0.0138646 0.998775 173.026
0.998813 0.000251067 -0.0487145 69.9739 0.000251067 0.999947 0.0103013 1.10155 0.0487145 -0.0103013 0.99876 173.843
0.998688 0.000364138 -0.0512064 69.9409 0.000364138 0.999899 0.0142123 1.11304 0.0512064 -0.0142123 0.998587 174.642
0.998669 0.000594152 -0.0515729 69.9006 0.000594152 0.999735 0.0230229 1.11665 0.0515729 -0.0230229 0.998404 175.464
0.99864 0.000738573 -0.0521325 69.8587 0.000738573 0.999599 0.0283095 1.12973 0.0521325 -0.0283095 0.998239 176.321
0.998518 0.000735494 -0.0544091 69.8174 0.000735494 0.999635 0.0270107 1.14615 0.0544091 -0.0270107 0.998153 177.193
0.998428 0.000491102 -0.0560415 69.7656 0.000491102 0.999847 0.0175113 1.15635 0.0560415 -0.0175113 0.998275 178.061
0.998309 0.000157415 -0.0581378 69.7317 0.000157415 0.999985 0.00541061 1.15894 0.0581378 -0.00541061 0.998294 178.83
0.997979 3.80622e-005 -0.0635524 69.7409 3.80622e-005 0.999999 0.00119661 1.15867 0.0635524 -0.00119661 0.997978 179.593
0.997842 0.000567021 -0.0656619 69.6864 0.000567021 0.999851 0.017251 1.15504 0.0656619 -0.017251 0.997693 180.339
0.997842 0.000567021 -0.0656619 69.6318 0.000567021 0.999851 0.017251 1.15142 0.0656619 -0.017251 0.997693 181.084
0.997691 0.000693567 -0.0679191 69.5774 0.000693567 0.999792 0.0203976 1.15229 0.0679191 -0.0203976 0.997482 181.914
0.9978 0.000529259 -0.0663 69.4948 0.000529259 0.999873 0.015947 1.15964 0.0663 -0.015947 0.997672 182.758
0.997674 0.000319817 -0.0681715 69.4467 0.000319817 0.999956 0.00937158 1.1676 0.0681715 -0.00937158 0.99763 183.672
0.997685 0.000316453 -0.0680113 69.3761 0.000316453 0.999957 0.00929493 1.16891 0.0680113 -0.00929493 0.997641 184.531
