0.999994 -0.00202284 -0.00275018 -0.0091097 0.00201736 0.999996 -0.00199468 -0.00744631 0.0027542 0.00198912 0.999994 0.676545
0.999981 -0.00120917 -0.00611925 -0.023232 0.00118405 0.999991 -0.0041077 -0.00607808 0.00612416 0.00410037 0.999973 1.34681
0.999937 -0.00135553 -0.0111219 -0.0369772 0.00129774 0.999986 -0.00520127 -0.00911367 0.0111288 0.00518651 0.999925 2.00799
0.999873 -0.00243755 -0.0157212 -0.0636675 0.00235356 0.999983 -0.00535835 -0.0211307 0.015734 0.00532067 0.999862 2.70459
0.999818 0.000230499 -0.0191021 -0.0902136 -0.000343619 0.999982 -0.0059188 -0.0198934 0.0191004 0.00592429 0.9998 3.55624
0.999677 -0.000955802 -0.0253818 -0.0841329 0.000765986 0.999972 -0.00748707 -0.0317648 0.0253882 0.00746521 0.99965 4.16905
0.999572 0.0028035 -0.0291263 -0.13872 -0.00302937 0.999966 -0.00771382 -0.0405578 0.0291037 0.00779875 0.999546 4.98419
0.999382 0.00618744 -0.0346132 -0.162867 -0.00640114 0.999961 -0.00606671 -0.0500002 0.0345744 0.00628452 0.999382 5.85282
0.99933 0.00396558 -0.036389 -0.207272 -0.00409829 0.999985 -0.00357302 -0.0509107 0.0363743 0.00371975 0.999331 6.59125
0.999092 0.00734633 -0.0419662 -0.246249 -0.00738059 0.999973 -0.000661648 -0.069868 0.0419602 0.000970783 0.999119 7.34288
0.999033 0.00390239 -0.0437866 -0.287275 -0.00396167 0.999991 -0.00126721 -0.0823588 0.0437813 0.00143945 0.99904 8.15268
0.998939 0.000839498 -0.0460412 -0.321841 -0.000903981 0.999999 -0.00137974 -0.0860557 0.0460399 0.0014199 0.998939 8.92292
0.998922 -0.000503393 -0.0464198 -0.37966 0.000406481 0.999998 -0.00209713 -0.0954247 0.0464207 0.002076 0.99892 9.75852
0.998729 -0.00410659 -0.0502332 -0.414144 0.00401562 0.99999 -0.00191176 -0.100238 0.0502405 0.00170761 0.998736 10.5424
0.998624 -0.00602323 -0.0520962 -0.440504 0.00592935 0.999981 -0.00195632 -0.115421 0.052107 0.00164473 0.99864 11.3927
0.998562 -0.000275884 -0.0536023 -0.503277 5.62164e-005 0.999992 -0.00409957 -0.125105 0.053603 0.00409066 0.998554 12.3095
0.998458 -0.000664412 -0.0555059 -0.529814 2.6621e-006 0.999929 -0.0119214 -0.0997955 0.0555099 0.0119028 0.998387 12.9109
0.99835 0.00845041 -0.0568026 -0.588954 -0.00886736 0.999936 -0.00709229 -0.14631 0.056739 0.00758428 0.99836 13.8382
0.998347 0.00712399 -0.0570284 -0.642353 -0.00756187 0.999944 -0.0074662 -0.149226 0.0569719 0.0078851 0.998345 14.6868
0.998273 0.00239413 -0.0586955 -0.691265 -0.00291419 0.999957 -0.00877632 -0.16137 0.0586719 0.00893222 0.998237 15.4369
0.998158 -0.00157217 -0.060644 -0.774203 0.00128563 0.999988 -0.00476369 -0.177371 0.0606508 0.00467695 0.998148 16.4353
0.998168 0.000279029 -0.0604949 -0.839418 -0.000612716 0.999985 -0.00549748 -0.18092 0.0604924 0.00552448 0.998153 17.1844
0.997922 -0.00215266 -0.0643928 -0.864669 0.00170135 0.999974 -0.00706284 -0.204949 0.0644063 0.00693861 0.9979 18.1081
0.997962 -0.00315164 -0.0637255 -0.927662 0.00272631 0.999973 -0.00676036 -0.212095 0.0637452 0.00657285 0.997945 18.8764
0.997908 -0.00263881 -0.0645913 -0.986303 0.00227521 0.999981 -0.00570212 -0.224876 0.0646051 0.00554324 0.997896 19.8189
0.997841 0.000619235 -0.0656761 -1.03359 -0.00078417 0.999997 -0.00248559 -0.249335 0.0656743 0.00253173 0.997838 20.7378
0.998 0.00324556 -0.0631245 -1.11793 -0.00312338 0.999993 0.00203415 -0.248904 0.0631307 -0.00183292 0.998004 21.5566
0.998013 -0.00230697 -0.0629662 -1.14095 0.00257492 0.999988 0.00417467 -0.2614 0.0629558 -0.00432851 0.998007 22.4278
0.998266 0.000354871 -0.0588627 -1.22684 -4.7724e-005 0.999986 0.00521935 -0.25891 0.0588638 -0.00520749 0.998252 23.395
0.998239 -0.00223689 -0.0592845 -1.27943 0.00238392 0.999994 0.00240946 -0.259144 0.0592788 -0.00254654 0.998238 24.3731
0.998323 0.00421971 -0.0577277 -1.33523 -0.00435921 0.999988 -0.00229091 -0.277254 0.0577173 0.00253871 0.99833 25.337
0.998415 0.00037956 -0.0562817 -1.40233 -0.00070017 0.999984 -0.00567692 -0.283934 0.0562786 0.00570732 0.998399 26.2816
0.998398 -0.00188385 -0.0565452 -1.43693 0.00159282 0.999985 -0.00519164 -0.294153 0.0565541 0.00509325 0.998387 27.2745
0.998415 -0.0036538 -0.056156 -1.50053 0.00367902 0.999993 0.00034562 -0.306572 0.0561544 -0.000551671 0.998422 28.1795
0.998276 -0.0112097 -0.0576157 -1.56666 0.0114281 0.999929 0.00346216 -0.309989 0.0575728 -0.00411463 0.998333 29.1355
0.998182 -0.013127 -0.0588203 -1.59696 0.0133014 0.999908 0.0025745 -0.335604 0.0587811 -0.00335221 0.998265 30.0352
0.998383 -0.00734172 -0.0563742 -1.71043 0.00729107 0.999973 -0.00110401 -0.341466 0.0563808 0.000691196 0.998409 31.064
0.998076 -0.00752583 -0.0615469 -1.72355 0.00722088 0.999961 -0.00517564 -0.354396 0.0615834 0.00472126 0.998091 32.0066
0.998054 0.00096348 -0.062347 -1.79458 -0.00133425 0.999982 -0.00590546 -0.363936 0.0623402 0.00597715 0.998037 32.8657
0.998071 0.00129867 -0.0620673 -1.86858 -0.0016058 0.999987 -0.00489879 -0.372569 0.0620601 0.00498901 0.99806 33.747
0.997905 0.00500334 -0.0645001 -1.92294 -0.00510397 0.999986 -0.00139557 -0.395446 0.0644922 0.00172185 0.997917 34.665
0.99781 0.00179006 -0.0661153 -1.9892 -0.001823 0.999998 -0.000437961 -0.401076 0.0661144 0.00055753 0.997812 35.552
0.997784 0.00303555 -0.0664661 -2.06033 -0.00290188 0.999994 0.00210756 -0.412747 0.0664721 -0.00191001 0.997786 36.4959
0.997731 -0.00257045 -0.06728 -2.12311 0.00293572 0.999981 0.00533073 -0.415884 0.0672651 -0.00551615 0.99772 37.4738
0.997698 0.000774084 -0.0678086 -2.2017 -0.00025614 0.999971 0.00764667 -0.421324 0.0678126 -0.0076117 0.997669 38.4411
0.997798 0.0163348 -0.0642755 -2.20798 -0.0158646 0.999844 0.00781901 -0.422839 0.0643932 -0.0067821 0.997902 38.2173
0.997575 0.0023978 -0.069561 -2.316 -0.00207489 0.999987 0.00471397 -0.430034 0.0695714 -0.00455821 0.997567 40.1713
0.997787 0.00292031 -0.0664226 -2.40683 -0.00269822 0.99999 0.00343295 -0.441243 0.066432 -0.00324613 0.997786 41.1288
0.997837 0.00479551 -0.0655605 -2.44769 -0.00453156 0.999981 0.00417414 -0.446218 0.0655793 -0.00386802 0.99784 41.7049
0.997343 -0.00404392 -0.0727387 -2.52322 0.00432909 0.999984 0.00376318 -0.450564 0.0727222 -0.00406807 0.997344 43.118
0.997654 0.000359542 -0.0684639 -2.60275 5.07443e-005 0.999982 0.0059909 -0.476125 0.0684648 -0.00598032 0.997636 43.9596
0.99769 0.00267092 -0.0678785 -2.66841 -0.00249744 0.999993 0.00264058 -0.484187 0.0678851 -0.00246496 0.99769 44.898
0.997372 0.00462785 -0.0723069 -2.77152 -0.00478117 0.999987 -0.0019474 -0.493546 0.0722969 0.00228799 0.997381 46.0295
0.997509 0.00267368 -0.0704843 -2.85949 -0.00287071 0.999992 -0.00269424 -0.507802 0.0704765 0.00288987 0.997509 47.0244
0.997384 -0.0027511 -0.0722295 -2.91436 0.00279644 0.999996 0.000526519 -0.51878 0.0722278 -0.000727127 0.997388 47.9293
0.997456 -0.00313327 -0.0712182 -3.00373 0.00339592 0.999988 0.00356716 -0.534717 0.0712062 -0.00379994 0.997454 48.9096
0.997456 -0.00464514 -0.0711316 -3.05196 0.00495822 0.999979 0.00422542 -0.554871 0.0711105 -0.00456736 0.997458 49.7553
0.997341 -0.00786966 -0.0724465 -3.12634 0.00808369 0.999964 0.00266156 -0.553741 0.0724229 -0.00324012 0.997369 50.7793
0.997452 -0.0066707 -0.0710333 -3.21006 0.00678478 0.999976 0.00136483 -0.571648 0.0710225 -0.0018433 0.997473 51.8136
0.997199 -0.00754182 -0.0744154 -3.26335 0.00774201 0.999967 0.002402 -0.582425 0.0743949 -0.0029714 0.997224 52.6983
0.996985 -0.00826153 -0.0771593 -3.30492 0.00872144 0.999946 0.00562544 -0.601949 0.0771086 -0.00628142 0.997003 53.6133
0.997244 -0.0053099 -0.0740051 -3.40095 0.00615728 0.999918 0.0112268 -0.595546 0.0739394 -0.0116515 0.997195 54.595
0.99706 -0.00340407 -0.076544 -3.46922 0.00444939 0.999899 0.0134901 -0.602795 0.0764903 -0.013791 0.996975 55.5723
0.997027 0.00754943 -0.0766797 -3.55583 -0.0067834 0.999925 0.0102455 -0.624626 0.0767512 -0.00969486 0.997003 56.5551
0.99699 0.00720678 -0.0771988 -3.66053 -0.00709745 0.999973 0.00169055 -0.612003 0.0772089 -0.00113754 0.997014 57.6159
0.996798 0.00861398 -0.0794947 -3.73344 -0.00885318 0.999957 -0.00265707 -0.628703 0.0794684 0.00335235 0.996832 58.5494
0.996735 0.0111093 -0.0799775 -3.83512 -0.0111978 0.999937 -0.000659043 -0.654203 0.0799652 0.00155247 0.996796 59.496
0.996594 0.0093659 -0.0819285 -3.86186 -0.00931421 0.999956 0.00101311 -0.66528 0.0819344 -0.000246561 0.996638 60.2799
0.996542 0.00963298 -0.0825298 -3.96014 -0.00939497 0.999951 0.00327172 -0.682492 0.0825572 -0.00248504 0.996583 61.1701
0.996604 0.00819321 -0.0819378 -4.05141 -0.0078974 0.999961 0.00393371 -0.702029 0.0819668 -0.00327325 0.99663 62.0377
0.996358 0.00632992 -0.0850283 -4.11235 -0.00597979 0.999973 0.00437193 -0.710608 0.0850536 -0.00384756 0.996369 62.8737
0.996188 0.00290819 -0.0871824 -4.19794 -0.00254051 0.999987 0.00432801 -0.720191 0.0871939 -0.00409003 0.996183 63.7284
0.996177 0.00155302 -0.0873434 -4.31052 -0.00114417 0.999988 0.00473078 -0.726076 0.0873497 -0.00461276 0.996167 64.6718
0.996024 0.000416552 -0.0890833 -4.38786 9.89847e-005 0.999983 0.00578264 -0.733371 0.0890842 -0.00576847 0.996007 65.5325
0.995921 0.00243344 -0.0901977 -4.46138 -0.00165322 0.999961 0.00872383 -0.741277 0.0902154 -0.00853913 0.995886 66.2825
0.99574 0.00149794 -0.0921962 -4.55402 -0.000318971 0.999918 0.012801 -0.743415 0.0922079 -0.0127171 0.995659 67.2936
0.995557 0.00672206 -0.093925 -4.60466 -0.00537347 0.999879 0.0146038 -0.749797 0.0940118 -0.0140342 0.995472 68.0054
0.995534 0.0134013 -0.0934456 -4.70006 -0.0124156 0.999861 0.0111225 -0.753268 0.0935817 -0.00991266 0.995562 68.7925
0.995453 0.00653216 -0.0950291 -4.80868 -0.00624743 0.999975 0.00329353 -0.760076 0.0950483 -0.00268487 0.995469 69.6249
0.995189 0.0057209 -0.0978038 -4.853 -0.00591864 0.999981 -0.00173178 -0.775634 0.097792 0.00230231 0.995204 70.3938
0.99534 0.000304935 -0.0964279 -4.9663 -0.000597603 0.999995 -0.00300623 -0.780714 0.0964266 0.00304985 0.995335 71.1281
0.995228 0.00287569 -0.0975335 -5.03748 -0.00292403 0.999996 -0.000352721 -0.784993 0.0975321 0.000636229 0.995232 71.8331
0.995106 0.00599143 -0.0986336 -5.0977 -0.00567031 0.999978 0.00353566 -0.813488 0.0986526 -0.00295907 0.995118 72.6357
0.994353 -0.00300104 -0.106076 -5.1019 0.00289595 0.999995 -0.00114469 -0.823049 0.106079 0.000831035 0.994357 73.2058
0.995104 -0.00753848 -0.0985485 -5.26748 0.006933 0.999955 -0.00648503 -0.84834 0.0985929 0.00577005 0.995111 73.944
0.995011 -0.0142697 -0.0987345 -5.29481 0.0131993 0.999847 -0.0114853 -0.85735 0.0988833 0.0101247 0.995048 74.5246
0.995325 -0.0097188 -0.096091 -5.32767 0.00866224 0.999897 -0.0114065 -0.860178 0.096192 0.0105208 0.995307 75.0879
0.995476 -0.00260028 -0.0949822 -5.38636 0.00182091 0.999964 -0.00829122 -0.879827 0.0950003 0.00808076 0.995444 75.6616
0.996301 3.81695e-005 -0.0859312 -5.46001 -0.000452268 0.999988 -0.00479949 -0.893915 0.0859301 0.0048206 0.99629 76.116
0.996709 0.000243331 -0.0810565 -5.46186 -0.000357298 0.999999 -0.00139151 -0.896488 0.0810561 0.0014159 0.996709 76.4461
0.997242 -0.00667509 -0.0739222 -5.49289 0.00679478 0.999976 0.00136779 -0.908947 0.0739113 -0.0018663 0.997263 77.091
0.997991 -0.00704636 -0.06296 -5.51641 0.00716992 0.999973 0.0017367 -0.916443 0.0629461 -0.00218463 0.998015 77.3323
0.998922 0.00020938 -0.0464293 -5.5578 -9.7987e-005 0.999997 0.00240145 -0.926551 0.0464296 -0.00239431 0.998919 77.8949
0.99951 0.0107019 -0.0294005 -5.55337 -0.010619 0.999939 0.00297618 -0.931142 0.0294305 -0.00266252 0.999563 78.4278
0.999897 0.0123973 -0.00718206 -5.56547 -0.0123774 0.999919 0.00281799 -0.934547 0.00721641 -0.00272881 0.99997 78.9999
0.999814 0.00571305 0.0184009 -5.52564 -0.00578963 0.999975 0.00411089 -0.941424 -0.018377 -0.00421666 0.999822 79.364
0.998811 5.19161e-005 0.0487562 -5.48703 -0.000387287 0.999976 0.0068691 -0.951056 -0.0487547 -0.00687982 0.998787 79.7498
0.99678 -0.00646652 0.0799211 -5.40789 0.00578158 0.999945 0.00879853 -0.955559 -0.0799735 -0.00830813 0.996762 80.3625
0.993291 -0.00588004 0.115488 -5.3186 0.00493721 0.999952 0.00844822 -0.954706 -0.115532 -0.00782135 0.993273 80.8385
0.987077 0.00150922 0.160243 -5.23893 -0.00254658 0.999977 0.0062685 -0.939708 -0.160229 -0.00659556 0.987058 81.2628
0.976231 -0.00145215 0.216729 -5.19676 -0.0012123 0.999925 0.0121605 -0.979083 -0.21673 -0.0121342 0.976156 81.6417
0.966468 -0.00492971 0.256739 -4.98479 0.00221244 0.999938 0.0108715 -0.987872 -0.256777 -0.00993897 0.96642 82.1453
0.952268 -0.000405189 0.305264 -4.77541 -0.00196283 0.99997 0.00745031 -0.99168 -0.305258 -0.00769387 0.952238 82.6246
0.934527 -0.00696566 0.355825 -4.56658 0.00655197 0.999976 0.00236772 -0.975749 -0.355833 0.000118658 0.934549 82.9691
0.866687 -0.00374876 0.498839 -4.62588 0.00446118 0.99999 -0.000235993 -0.981387 -0.498833 0.00242994 0.866695 84.0838
0.874667 0.00203688 0.48472 -4.12521 -0.00367213 0.99999 0.00242413 -0.961618 -0.48471 -0.00390026 0.874666 84.053
0.847894 -0.00457141 0.530146 -3.92279 0.00463622 0.999989 0.00120784 -0.976386 -0.530145 0.00143375 0.847906 84.2581
0.810068 -0.00173135 0.586333 -3.41901 0.0157432 0.999699 -0.0187985 -0.863958 -0.586124 0.0244588 0.809852 84.8512
0.745391 -0.012271 0.666515 -3.24956 0.0113097 0.999919 0.00576108 -0.955381 -0.666532 0.0032438 0.745469 85.1505
0.719843 -0.00450085 0.694122 -2.87156 0.00521749 0.999986 0.00107333 -0.954394 -0.694117 0.00284895 0.719856 85.2877
0.674448 -0.0020734 0.73832 -2.65412 -0.0036443 0.999975 0.00613723 -0.981549 -0.738314 -0.0068299 0.674423 85.4144
0.614469 -0.0024462 0.788937 -2.07424 0.0103277 0.999934 -0.00494341 -0.887943 -0.788873 0.0111855 0.614454 86.0491
0.565064 -0.00281125 0.825042 -1.74984 0.00209852 0.999996 0.00197013 -0.935705 -0.825044 0.000618122 0.565068 86.1314
0.530509 -0.00796155 0.847642 -1.49141 0.00465691 0.999968 0.0064777 -0.961176 -0.847666 0.000510913 0.530529 86.1799
0.473846 0.00181311 0.880606 -1.03404 0.000399176 0.999997 -0.00227373 -0.938883 -0.880608 0.00142891 0.473844 86.505
0.427483 0.00617458 0.904002 -0.690425 -0.00544095 0.999976 -0.0042572 -0.972218 -0.904007 -0.00309875 0.427507 86.6029
0.387737 -0.0043627 0.92176 -0.185821 0.00299887 0.999989 0.00347149 -0.971008 -0.921765 0.00141821 0.387746 86.7366
0.348272 -0.00465228 0.937382 -0.0110829 -0.0012929 0.999984 0.00544334 -0.964193 -0.937392 -0.00310771 0.348261 86.7487
0.2733 -0.00636804 0.961908 0.232173 -0.00750508 0.999934 0.00875214 -1.01301 -0.9619 -0.00961116 0.273234 87.093
0.27955 -0.0189377 0.959944 0.788932 0.00889425 0.999814 0.0171341 -0.989108 -0.96009 0.00374814 0.279666 86.9722
0.252867 -0.00930932 0.967456 1.07487 0.00310763 0.999956 0.0088098 -0.978126 -0.967496 0.000778789 0.252885 86.9274
0.221783 0.00311365 0.975091 1.88997 -0.00394971 0.99999 -0.0022948 -1.02448 -0.975088 -0.00334238 0.221793 87.2093
0.173064 0.00391492 0.984903 2.13679 -0.000688307 0.999992 -0.00385395 -1.02173 -0.98491 -1.09337e-005 0.173066 87.3365
0.168329 -0.00355416 0.985725 2.61637 -0.00110053 0.999992 0.00379353 -1.01894 -0.98573 -0.00172338 0.168323 87.2661
0.150516 -0.0136233 0.988514 2.95328 0.0142384 0.999831 0.0116112 -1.00836 -0.988505 0.0123272 0.150685 87.2501
0.126545 -0.0140824 0.991861 3.53513 0.0247572 0.999633 0.0110341 -1.01617 -0.991652 0.0231594 0.126847 87.3755
0.100609 -0.00830353 0.994891 3.89381 0.0216907 0.999746 0.00615056 -1.00127 -0.99469 0.0209611 0.100763 87.4387
0.0946284 -0.00725614 0.995486 4.37672 0.00625159 0.999958 0.00669447 -1.01017 -0.995493 0.00558988 0.0946698 87.4236
0.0818483 -0.00694463 0.996621 4.72874 -0.00953815 0.999924 0.00775098 -0.990612 -0.996599 -0.0101403 0.0817759 87.3895
0.0655673 -0.00888218 0.997809 5.26964 -0.018574 0.999776 0.0101202 -0.977184 -0.997675 -0.0191969 0.0653877 87.4501
0.0505998 -0.0101709 0.998667 5.74615 -0.0166113 0.999801 0.0110241 -0.993323 -0.998581 -0.017147 0.0504208 87.4899
0.0437608 -0.0138258 0.998946 6.2477 -0.0104235 0.999843 0.0142948 -0.995174 -0.998988 -0.011038 0.0436098 87.4863
0.0370317 -0.0176579 0.999158 6.75868 -0.00753961 0.99981 0.0179489 -0.984102 -0.999286 -0.00819794 0.0368916 87.4749
0.0298303 -0.0198232 0.999358 7.33164 -0.00665747 0.999777 0.0200302 -0.97752 -0.999533 -0.00725071 0.0296917 87.5038
0.0220624 -0.0181365 0.999592 7.8216 -0.00829841 0.999798 0.0183234 -0.985509 -0.999722 -0.00869929 0.0219074 87.5434
0.0193854 -0.0202101 0.999608 8.67139 -0.0125128 0.999712 0.0204549 -0.985149 -0.999734 -0.0129044 0.0191269 87.5239
0.0138104 -0.0225433 0.99965 9.02863 -0.0147483 0.999632 0.0227466 -0.962499 -0.999796 -0.0150573 0.0134729 87.5602
0.00984388 -0.0237011 0.999671 9.56648 -0.0177285 0.999558 0.023873 -0.986829 -0.999794 -0.0179577 0.00941934 87.5885
0.00727483 -0.0243343 0.999677 10.3408 -0.0186554 0.999527 0.0244664 -0.959687 -0.9998 -0.0188274 0.00681742 87.5566
0.00529135 -0.0260479 0.999647 11.1974 -0.0203443 0.999451 0.0261505 -0.942212 -0.999779 -0.0204754 0.00475852 87.5705
0.00441891 -0.032729 0.999454 11.7596 -0.0232542 0.999191 0.0328232 -0.915017 -0.99972 -0.0233866 0.00365424 87.579
0.00325788 -0.0309811 0.999515 12.5665 -0.0244211 0.999219 0.0310515 -0.926727 -0.999696 -0.0245104 0.00249875 87.5892
0.00991287 -0.0383461 0.999215 13.3736 -0.0220884 0.999012 0.0385574 -0.845906 -0.999707 -0.0224533 0.00905607 87.5443
0.0115308 -0.0388778 0.999177 14.1187 -0.0267348 0.998875 0.0391745 -0.855821 -0.999576 -0.0271646 0.0104785 87.6082
0.0146367 -0.0368358 0.999214 14.857 -0.0339605 0.998726 0.0373153 -0.851254 -0.999316 -0.03448 0.0133671 87.6171
0.0197014 -0.0389684 0.999046 15.5459 -0.0353135 0.99859 0.039647 -0.820717 -0.999182 -0.0360609 0.0182975 87.6301
0.023574 -0.037458 0.99902 16.3545 -0.0402587 0.998452 0.0383866 -0.780719 -0.998911 -0.0411242 0.0220295 87.6318
0.0266208 -0.0358775 0.999002 17.1282 -0.0445736 0.998319 0.0370407 -0.770706 -0.998651 -0.0455152 0.0249768 87.7044
0.0323008 -0.0335958 0.998913 17.8604 -0.0448972 0.998377 0.0350295 -0.744934 -0.998469 -0.0459799 0.0307401 87.68
0.0361043 -0.0321315 0.998831 18.6955 -0.0441666 0.998455 0.0337158 -0.712143 -0.998372 -0.0453323 0.0346294 87.7324
0.0393417 -0.0321697 0.998708 19.5847 -0.0330741 0.998892 0.0334785 -0.699087 -0.998678 -0.0343485 0.0382341 87.7782
0.0406938 -0.0263446 0.998824 20.4311 -0.026163 0.999281 0.0274226 -0.673255 -0.998829 -0.0272482 0.0399753 87.8177
0.0384663 -0.02065 0.999047 21.3804 -0.0213147 0.999542 0.0214809 -0.656201 -0.999033 -0.0221207 0.0380085 87.8823
0.0399322 -0.019321 0.999016 22.2098 -0.0247866 0.999486 0.0203208 -0.652977 -0.998895 -0.0255737 0.0394328 87.9118
0.0399487 -0.0165386 0.999065 23.0345 -0.0251641 0.999529 0.0175525 -0.63079 -0.998885 -0.0258418 0.0395137 87.9441
0.0435409 -0.0227278 0.998793 23.8729 -0.0259405 0.999378 0.0238719 -0.619254 -0.998715 -0.0269486 0.0429242 87.9488
0.0396223 -0.014963 0.999103 24.7357 -0.0242544 0.999579 0.015932 -0.628701 -0.99892 -0.0248639 0.0392427 88.027
0.0400265 -0.0147091 0.99909 25.5448 -0.0199341 0.999681 0.0155164 -0.608477 -0.999 -0.0205371 0.0397205 88.0454
0.0498944 -0.0235562 0.998477 26.4529 -0.0217383 0.999459 0.0246656 -0.614014 -0.998518 -0.0229359 0.0493554 88.0326
0.0390474 -0.00599298 0.999219 27.312 -0.0151466 0.999864 0.00658874 -0.632155 -0.999123 -0.015392 0.0389513 88.1185
0.0350915 -0.00810236 0.999351 28.2124 -0.0187763 0.999785 0.00876519 -0.610948 -0.999208 -0.0190717 0.0349318 88.1868
0.0385797 -0.0121131 0.999182 29.002 -0.0181382 0.999753 0.0128204 -0.600064 -0.999091 -0.018618 0.0383504 88.1662
0.0291927 -0.00143922 0.999573 29.8759 -0.0155891 0.999877 0.00189494 -0.627257 -0.999452 -0.0156377 0.0291667 88.2183
0.020829 -0.00497602 0.999771 30.7655 -0.0154135 0.999867 0.00529762 -0.606966 -0.999664 -0.0155203 0.0207495 88.2811
0.0180876 -0.0053236 0.999822 31.5664 -0.0150218 0.999872 0.00559562 -0.62294 -0.999724 -0.0151203 0.0180053 88.256
0.00834583 -0.00242536 0.999962 32.5245 -0.00724989 0.999971 0.00248589 -0.647556 -0.999939 -0.00727036 0.008328 88.2814
-0.00389435 -0.00315125 0.999987 33.3486 -0.0033138 0.99999 0.00313835 -0.639912 -0.999987 -0.00330154 -0.00390475 88.2871
-0.0127814 -0.00514715 0.999905 34.3503 -0.00430598 0.999978 0.00509249 -0.635896 -0.999909 -0.00424049 -0.0128033 88.2823
-0.0241898 -0.00301557 0.999703 35.1382 -0.00505081 0.999983 0.0028942 -0.649967 -0.999695 -0.0049793 -0.0242046 88.2687
-0.0365758 -0.00599209 0.999313 36.1653 -0.00431823 0.999974 0.005838 -0.631926 -0.999322 -0.00410174 -0.0366007 88.2494
-0.044907 -0.00442587 0.998981 37.1874 -0.00611541 0.999973 0.00415536 -0.672763 -0.998972 -0.00592258 -0.0449328 88.1692
-0.0577025 -0.00633766 0.998314 37.9683 -0.00286622 0.999977 0.00618255 -0.667107 -0.99833 -0.00250464 -0.0577193 88.1534
-0.0675612 -0.00473027 0.997704 38.8387 -0.00310259 0.999985 0.00453099 -0.678908 -0.99771 -0.00278935 -0.0675748 88.0723
-0.0795622 -0.00473569 0.996819 39.725 -0.00277101 0.999986 0.00452957 -0.673172 -0.996826 -0.00240181 -0.0795742 88.0344
-0.0882227 -0.00493376 0.996089 40.7332 -0.00263655 0.999985 0.00471954 -0.689495 -0.996097 -0.00220987 -0.0882344 87.9306
-0.0966821 -0.00732217 0.995288 41.3795 -0.00324854 0.99997 0.00704104 -0.707486 -0.99531 -0.00255249 -0.096703 87.8618
-0.107485 -0.00628388 0.994187 42.3811 -0.00359809 0.999976 0.00593146 -0.700219 -0.9942 -0.00293963 -0.107505 87.7708
-0.115655 -0.00658933 0.993268 43.2704 -0.00630758 0.999963 0.0058993 -0.734344 -0.993269 -0.00558283 -0.115692 87.6486
-0.122989 -0.00934959 0.992364 44.0812 -0.00850825 0.999929 0.00836639 -0.721485 -0.992372 -0.00741431 -0.123059 87.5507
-0.12897 -0.00975099 0.991601 44.8236 -0.0115929 0.999898 0.00832479 -0.745252 -0.991581 -0.0104218 -0.12907 87.4608
-0.132698 -0.0141224 0.991056 45.6535 -0.0129379 0.999838 0.0125152 -0.745396 -0.991072 -0.0111615 -0.132859 87.3511
-0.134541 -0.0179732 0.990745 46.4443 -0.0146958 0.999762 0.0161411 -0.736371 -0.990799 -0.0123882 -0.134773 87.2216
-0.136129 -0.0152872 0.990573 47.2095 -0.0149294 0.999799 0.0133779 -0.751851 -0.990579 -0.0129676 -0.13633 87.0955
-0.136393 -0.0188158 0.990476 47.9998 -0.0175031 0.999709 0.0165809 -0.743745 -0.9905 -0.0150749 -0.136683 87.0035
-0.135063 -0.020142 0.990632 48.7587 -0.0175671 0.999685 0.017931 -0.749462 -0.990681 -0.0149807 -0.135374 86.8848
-0.131306 -0.0186601 0.991166 49.3885 -0.0148161 0.999748 0.0168589 -0.774389 -0.991231 -0.0124715 -0.13155 86.766
-0.126576 -0.0193674 0.991768 50.1577 -0.0153461 0.999728 0.0175643 -0.759743 -0.991838 -0.0129966 -0.126838 86.7005
-0.119132 -0.0194117 0.992689 50.9174 -0.0144367 0.999737 0.017817 -0.756434 -0.992773 -0.0122086 -0.119381 86.6228
-0.10725 -0.0210197 0.99401 51.5567 -0.0166106 0.999675 0.0193472 -0.75231 -0.994093 -0.0144361 -0.107564 86.5565
-0.0919743 -0.0181173 0.995597 52.1177 -0.0184497 0.999694 0.0164875 -0.768248 -0.99559 -0.0168521 -0.0922804 86.5157
-0.0776325 -0.0139094 0.996885 52.7434 -0.0179857 0.999759 0.0125489 -0.777012 -0.99682 -0.0169555 -0.077864 86.5064
-0.056459 -0.0183199 0.998237 53.3606 -0.0155752 0.999726 0.0174664 -0.746101 -0.998283 -0.0145616 -0.0567288 86.4853
-0.0312828 -0.0163488 0.999377 53.8875 -0.0122845 0.999797 0.0159712 -0.757221 -0.999435 -0.0117772 -0.0314773 86.4903
-0.00251059 -0.014329 0.999894 54.4285 -0.00965808 0.999851 0.0143042 -0.775956 -0.99995 -0.00962114 -0.0026486 86.5179
0.0297717 -0.00899936 0.999516 54.9827 -0.00842098 0.999922 0.00925384 -0.762722 -0.999521 -0.00869241 0.0296936 86.5581
0.0669162 -0.0138244 0.997663 55.5208 -0.0150147 0.999777 0.0148608 -0.744179 -0.997646 -0.015974 0.0666937 86.6231
0.108157 -0.0115515 0.994067 56.0056 -0.0196488 0.999712 0.013755 -0.743689 -0.99394 -0.0210199 0.107899 86.7111
0.155147 -0.00432145 0.987882 56.493 -0.0259363 0.999628 0.00844612 -0.759177 -0.987551 -0.0269324 0.154977 86.8099
0.201599 -0.00778338 0.979437 56.9547 -0.0261808 0.999568 0.0133322 -0.769584 -0.979118 -0.0283302 0.201308 86.9328
0.255737 0.0111321 0.966682 57.4194 -0.0401031 0.999195 -0.000897133 -0.827491 -0.965914 -0.0385375 0.255978 87.0885
0.310471 -0.0204809 0.950362 57.8774 -0.020542 0.99939 0.0282482 -0.765 -0.950361 -0.0282926 0.309861 87.2211
0.367038 -0.05197 0.928753 58.6526 0.0122294 0.998621 0.0510466 -0.687134 -0.930126 -0.00737793 0.367168 87.5236
0.433472 -0.0237424 0.900854 59.057 -0.00418357 0.999589 0.0283577 -0.704516 -0.901158 -0.016061 0.433194 87.7335
0.488747 -0.0267793 0.872015 59.567 -0.0108359 0.999265 0.0367604 -0.678809 -0.872359 -0.0274155 0.488097 88.0579
0.550583 -0.0270233 0.834343 59.864 -0.00598218 0.999323 0.0363145 -0.662737 -0.834759 -0.0249853 0.550049 88.2817
0.638555 -0.0371644 0.768679 60.2484 0.00935119 0.999134 0.0405384 -0.634871 -0.76952 -0.0186979 0.638349 88.4093
0.660575 -0.01517 0.750606 60.5081 -0.0133515 0.9994 0.0319482 -0.619081 -0.750641 -0.0311259 0.659977 88.8072
0.737778 -0.0552762 0.672776 61.2106 0.00439103 0.997014 0.0771007 -0.696946 -0.675029 -0.0539291 0.735818 89.269
0.79147 0.00228384 0.611204 60.6727 -0.00751625 0.999954 0.00599659 -0.664353 -0.611162 -0.00934009 0.79145 89.5244
0.810309 -0.0111519 0.585896 61.2407 -0.0209009 0.998633 0.0479143 -0.60065 -0.58563 -0.0510711 0.808968 89.8051
0.842304 -0.00669081 0.538961 61.4639 -0.0245231 0.998412 0.05072 -0.615181 -0.538445 -0.0559386 0.840802 90.1948
0.883356 -0.0288782 0.467812 61.5847 -0.0189524 0.995083 0.097214 -0.661821 -0.468319 -0.0947407 0.878465 90.5505
0.901898 0.00346306 0.431936 61.6862 -0.0306809 0.997956 0.0560616 -0.574232 -0.430859 -0.063814 0.90016 90.9313
0.924825 -0.00569818 0.380351 61.9006 -0.0235259 0.997117 0.0721415 -0.591159 -0.379665 -0.0756663 0.922024 91.407
0.942111 0.0058085 0.335251 62.0189 -0.0332628 0.996537 0.0762083 -0.556515 -0.333647 -0.0829481 0.939042 91.9351
0.958398 -0.0288003 0.283979 62.0689 0.00374296 0.996079 0.0883871 -0.629025 -0.285412 -0.0836471 0.954748 91.8266
0.961347 0.0060607 0.275273 62.2282 -0.0253932 0.997449 0.0667209 -0.518558 -0.274166 -0.071132 0.959048 92.6951
0.968023 -0.00713921 0.25076 62.3432 -0.0105685 0.997547 0.0691987 -0.496968 -0.250639 -0.0696361 0.965573 93.1811
0.972508 -0.0152242 0.232371 62.4863 -0.00158519 0.997405 0.0719812 -0.470013 -0.232864 -0.0703706 0.96996 93.6894
0.9768 -0.00901387 0.213963 62.5448 -0.00747265 0.997071 0.0761196 -0.460212 -0.214022 -0.0759525 0.973872 94.076
0.977164 -0.00449768 0.212441 62.6888 -0.0101587 0.997644 0.0678485 -0.396058 -0.212245 -0.0684572 0.974816 94.8817
0.978626 0.00757527 0.205509 62.7712 -0.0216615 0.997559 0.0663803 -0.355386 -0.204504 -0.0694131 0.976401 95.337
0.97932 0.0153042 0.201738 62.8768 -0.0285634 0.997606 0.0629789 -0.325167 -0.200291 -0.0674388 0.977413 95.9015
0.979845 0.0118941 0.199406 63.0042 -0.0247154 0.997774 0.0619322 -0.303145 -0.198225 -0.0656124 0.977958 96.5498
0.978695 0.00465393 0.205268 63.159 -0.016436 0.998311 0.0557307 -0.255969 -0.204662 -0.0579171 0.977118 97.2913
0.978012 -0.00624022 0.208457 63.2467 -0.00449286 0.99869 0.0509752 -0.23355 -0.208502 -0.0507909 0.976702 97.7243
0.977193 -0.0109148 0.212071 63.3603 0.000876692 0.998877 0.0473705 -0.212966 -0.21235 -0.0461042 0.976106 98.2389
0.976366 -0.00839232 0.215959 63.5267 -0.00195664 0.998862 0.0476625 -0.174997 -0.216114 -0.0469586 0.975238 98.9389
0.974836 -0.00100583 0.222922 63.6089 -0.0102408 0.998732 0.0492892 -0.154341 -0.222689 -0.0503318 0.97359 99.4586
0.973911 -0.000733249 0.226928 63.7522 -0.0120095 0.998427 0.0547674 -0.115206 -0.226611 -0.0560639 0.97237 100.071
0.973142 -0.00215541 0.230197 63.8664 -0.0122494 0.998055 0.0611287 -0.105145 -0.22988 -0.0623067 0.971222 100.445
0.972531 -0.0082084 0.232631 64.0237 -0.00750038 0.997754 0.0665618 -0.0707984 -0.232654 -0.0664782 0.970285 101.119
0.97155 -0.0184767 0.236112 64.1973 0.00244498 0.997682 0.068012 -0.0308617 -0.236821 -0.0654998 0.969343 101.851
0.971421 -0.0201993 0.236501 64.3834 0.00470117 0.997814 0.0659124 0.015403 -0.237315 -0.0629169 0.969393 102.555
0.971468 -0.0192416 0.236388 64.572 0.00528938 0.998213 0.0595155 0.050334 -0.23711 -0.056567 0.969834 103.345
0.97179 -0.0172072 0.23522 64.7616 0.00484638 0.998581 0.0530275 0.094322 -0.235799 -0.0503916 0.970494 104.111
0.972467 -0.00736119 0.232925 64.9002 -0.00415325 0.998795 0.0489051 0.132768 -0.233004 -0.0485259 0.971264 104.733
0.97303 -0.00806365 0.230537 65.0794 -0.00437463 0.998564 0.0533914 0.16978 -0.230637 -0.0529599 0.971598 105.52
0.973231 -0.00827342 0.229679 65.2003 -0.00601571 0.998092 0.0614437 0.203229 -0.229749 -0.0611806 0.971325 106.166
0.974055 -0.00409313 0.226273 65.4105 -0.011036 0.997788 0.0655571 0.267024 -0.226041 -0.0663534 0.971855 106.917
0.974486 -0.00336217 0.224421 65.5239 -0.0114192 0.99785 0.0645341 0.280992 -0.224156 -0.0654503 0.972353 107.515
0.974779 0.00216384 0.223164 65.7526 -0.0157778 0.998119 0.0592395 0.353304 -0.222616 -0.0612665 0.972979 108.613
0.975602 0.000658404 0.219546 65.9049 -0.0127043 0.998489 0.05346 0.392182 -0.219179 -0.0549449 0.974136 109.297
0.976297 -0.00800591 0.216287 66.0531 -0.00305031 0.998707 0.0507362 0.432513 -0.216414 -0.0501933 0.975011 110.059
0.977285 -0.0102099 0.211682 66.2498 -0.000871652 0.998637 0.0521909 0.484702 -0.211926 -0.0511899 0.975944 110.87
0.978023 -0.0123044 0.208136 66.3984 0.000846915 0.998483 0.0550477 0.512677 -0.208497 -0.0536616 0.97655 111.582
0.978283 -0.0114115 0.206958 66.5563 -0.000549537 0.998337 0.057645 0.54421 -0.207272 -0.0565068 0.97665 112.36
0.978701 -0.0122047 0.204926 66.7392 -0.000133723 0.998193 0.0600879 0.595375 -0.205289 -0.0588355 0.976931 113.137
0.978769 -0.0188058 0.204104 66.906 0.00600334 0.997985 0.0631642 0.61983 -0.20488 -0.0605979 0.976909 113.924
0.978892 -0.0127974 0.203975 67.0669 -0.000282447 0.997952 0.0639673 0.666251 -0.204376 -0.0626747 0.976884 114.704
0.978674 -0.00367792 0.205387 67.2276 -0.00888015 0.998148 0.0601881 0.721412 -0.205228 -0.0607284 0.976828 115.562
0.978361 0.00618867 0.206813 67.2099 -0.0182447 0.998239 0.056438 0.699695 -0.206099 -0.05899 0.976751 115.397
0.978062 0.0127046 0.207928 67.5037 -0.0243032 0.998282 0.0533229 0.79645 -0.206893 -0.0572064 0.97669 117.028
0.977411 0.0138413 0.210895 67.6655 -0.0254163 0.998309 0.0522742 0.832976 -0.209815 -0.0564535 0.97611 117.781
0.977345 0.00926454 0.211449 67.8017 -0.0213352 0.998265 0.0548755 0.850265 -0.210574 -0.0581436 0.975847 118.349
0.976211 0.00540854 0.216754 68.0085 -0.0171781 0.998476 0.0524522 0.908386 -0.21614 -0.0549279 0.974816 119.436
0.975819 -0.00261182 0.218566 68.2124 -0.00856072 0.998705 0.050155 0.945565 -0.218413 -0.0508133 0.974533 120.355
0.975727 -0.013067 0.218598 68.3851 0.00134669 0.998557 0.0536792 0.977104 -0.218984 -0.0520819 0.974337 121.091
0.976345 -0.0333796 0.213625 68.6395 0.0208974 0.997954 0.0604246 0.909892 -0.215205 -0.0545311 0.975045 121.668
0.975118 -0.0244012 0.220341 68.8182 0.0132152 0.998554 0.0520989 1.05843 -0.221294 -0.0478907 0.97403 122.848
0.975161 -0.014139 0.221046 69.0209 0.00159406 0.998383 0.0568283 1.05662 -0.221492 -0.0550644 0.973606 123.648
0.975635 -0.00394911 0.219364 69.2245 -0.0104072 0.997879 0.0642511 1.07944 -0.219153 -0.0649686 0.973525 124.342
0.97516 0.00160498 0.221494 69.4152 -0.0168043 0.997628 0.0667544 1.13231 -0.220861 -0.0688183 0.972874 125.279
0.974024 0.00200892 0.226437 69.5996 -0.015314 0.998256 0.0570171 1.19091 -0.225928 -0.0590037 0.972355 126.239
0.974931 -0.0111489 0.222229 69.843 0.000439651 0.998838 0.0481815 1.2092 -0.222508 -0.046876 0.973803 127.119
0.974998 -0.0205679 0.221259 70.0812 0.0117978 0.999094 0.0408864 1.25631 -0.221899 -0.0372538 0.974358 128.193
0.974752 -0.0189299 0.222487 70.2338 0.00850976 0.998825 0.0477004 1.29427 -0.223128 -0.0446028 0.973768 128.878
0.975597 -0.0121757 0.219232 70.3988 -0.00315331 0.997581 0.0694363 1.32431 -0.219547 -0.0684332 0.973199 129.601
0.975728 -0.00537431 0.218921 70.5322 -0.0133456 0.996381 0.0839416 1.35474 -0.21858 -0.0848257 0.972125 130.25
0.975919 -0.00231356 0.218122 70.7209 -0.0150708 0.996839 0.0780027 1.40019 -0.217613 -0.0794115 0.972799 131.105
0.976609 -0.00206697 0.215014 70.9769 -0.0112299 0.998099 0.0606019 1.47238 -0.21473 -0.061599 0.974729 132.199
0.976489 -0.00580777 0.215488 71.1725 -0.00606136 0.998502 0.0543787 1.52627 -0.215481 -0.0544063 0.974991 133.202
0.977021 -0.0126739 0.212767 71.3549 0.00132429 0.998572 0.0534011 1.56072 -0.21314 -0.0518922 0.975643 133.946
0.977881 -0.0127243 0.208774 71.5718 0.00105927 0.998436 0.0558908 1.59685 -0.209158 -0.0544334 0.976366 134.954
0.978249 -0.00390725 0.207398 71.7123 -0.00737348 0.998536 0.0535908 1.63294 -0.207304 -0.0539543 0.976788 135.689
0.979526 -0.00474184 0.201262 71.87 -0.00589844 0.998617 0.0522353 1.67177 -0.201231 -0.0523529 0.978144 136.52
0.979455 0.00332229 0.201634 72.0628 -0.0134681 0.99871 0.0489668 1.71029 -0.201211 -0.0506764 0.978236 137.482
0.980036 0.00773508 0.19867 72.2225 -0.0178986 0.998618 0.0494128 1.73433 -0.198014 -0.0519822 0.97882 138.364
0.979877 0.0130957 0.199172 72.3528 -0.0232294 0.998547 0.0486276 1.79254 -0.198245 -0.0522757 0.978757 139.182
0.980663 0.00583843 0.195619 72.4755 -0.0166192 0.998429 0.0535154 1.81857 -0.194999 -0.0557316 0.979219 139.766
0.981023 -0.00491216 0.193831 72.6934 -0.00599135 0.998434 0.0556265 1.84742 -0.1938 -0.0557322 0.979457 140.872
0.981504 -0.0113293 0.191104 72.896 0.00126862 0.99861 0.0526851 1.89349 -0.191436 -0.0514682 0.980155 141.766
0.982244 -0.0144415 0.18705 73.0099 0.00535655 0.998785 0.0489844 1.92117 -0.18753 -0.0471127 0.981128 142.476
0.983454 -0.0156004 0.180484 73.2212 0.00687738 0.998782 0.0488567 1.94735 -0.181026 -0.0468071 0.982364 143.437
0.984603 -0.0107014 0.174477 73.2828 0.00138207 0.99857 0.0534473 2.01028 -0.174799 -0.0523833 0.98321 144.102
0.985807 -0.00793543 0.167693 73.4242 -0.00253374 0.998065 0.0621246 2.0244 -0.167861 -0.0616678 0.98388 144.839
0.986683 -0.00957652 0.162375 73.5657 -0.00203657 0.99746 0.0712031 2.06357 -0.162645 -0.0705856 0.984157 145.532
0.986954 0.00393878 0.160952 73.6598 -0.0160624 0.997122 0.0740933 2.07929 -0.160197 -0.075712 0.984177 146.344
0.987761 0.00309895 0.155947 73.7724 -0.0137248 0.997651 0.067107 2.15941 -0.155372 -0.0684259 0.985483 147.188
0.988888 0.00520371 0.14857 73.8867 -0.0139112 0.998241 0.0576298 2.19493 -0.148008 -0.0590562 0.987221 148.039
0.99003 -0.00922569 0.140554 74.0348 0.00157804 0.998517 0.0544252 2.23147 -0.140848 -0.0536607 0.988576 148.984
0.99079 -0.0102538 0.135019 74.1348 0.00299183 0.998543 0.0538778 2.2846 -0.135375 -0.0529776 0.989377 149.811
0.991787 -0.00114552 0.127899 74.216 -0.00606837 0.998412 0.0559993 2.3086 -0.12776 -0.0563155 0.990205 150.496
0.992718 0.00786287 0.120206 74.291 -0.0145357 0.998395 0.0547357 2.32943 -0.119583 -0.0560844 0.991239 151.243
0.993927 0.00983764 0.109597 74.374 -0.0151792 0.998731 0.0480105 2.37324 -0.108986 -0.0493826 0.992816 152.056
0.994753 0.0112137 0.101691 74.461 -0.0158428 0.998869 0.0448285 2.41368 -0.101073 -0.0462043 0.993806 152.912
0.995634 -0.000759844 0.0933437 74.5344 -0.00374396 0.998837 0.0480651 2.43968 -0.0932717 -0.0482047 0.994473 153.718
0.996345 0.000291287 0.0854195 74.5847 -0.00493354 0.998521 0.0541404 2.46781 -0.0852774 -0.054364 0.994873 154.411
0.996828 0.00633099 0.0793276 74.5948 -0.0110663 0.998173 0.0593963 2.49179 -0.0788067 -0.0600858 0.995077 155.262
0.997485 0.00499761 0.0706952 74.6658 -0.00943804 0.997993 0.0626171 2.54291 -0.0702403 -0.0631269 0.995531 155.976
0.997881 0.00475086 0.0648881 74.6903 -0.0089785 0.997844 0.0650175 2.57605 -0.0644393 -0.0654623 0.995772 156.779
0.998258 0.00296328 0.0589316 74.7793 -0.00663465 0.998042 0.0622012 2.62266 -0.0586319 -0.0624838 0.996322 157.768
0.998469 0.00372951 0.0551918 74.8132 -0.00685185 0.99838 0.0564919 2.66204 -0.0548917 -0.0567836 0.996876 158.62
0.998552 0.00734584 0.0532846 74.8131 -0.00999152 0.998721 0.0495567 2.6988 -0.0528525 -0.0500173 0.997349 159.544
0.99875 0.00897212 0.0491691 74.8659 -0.0112845 0.998833 0.0469542 2.7461 -0.0486904 -0.0474503 0.997686 160.507
0.998886 0.00898378 0.0463183 74.9073 -0.0114163 0.998554 0.0525226 2.77957 -0.0457795 -0.0529929 0.997545 161.352
0.998979 0.00427704 0.0449847 74.9074 -0.00711187 0.997985 0.0630477 2.8185 -0.0446244 -0.0633032 0.996996 162.14
0.99914 0.00669375 0.0409215 74.9373 -0.00954787 0.997505 0.0699535 2.84846 -0.0403512 -0.070284 0.996711 162.919
0.999373 0.000107904 0.0353938 74.9671 -0.00246189 0.997785 0.0664718 2.87577 -0.0353082 -0.0665173 0.99716 163.452
0.999396 -0.0170444 0.0302906 75.0022 0.0152938 0.99825 0.0571151 2.93172 -0.0312111 -0.0566173 0.997908 164.65
0.999627 -0.0150321 0.0227956 75.0215 0.0138323 0.998556 0.0519101 2.97764 -0.023543 -0.0515754 0.998392 165.431
0.999852 0.0023193 0.0170549 75.0225 -0.00321699 0.9986 0.0527983 3.01788 -0.0169086 -0.0528453 0.99846 166.337
0.999967 -0.000470509 0.00814811 75.0362 -1.23837e-005 0.998248 0.0591632 3.0583 -0.00816167 -0.0591613 0.998215 167.231
0.999997 -0.00211982 0.00128804 75.0331 0.00203538 0.998052 0.0623544 3.10715 -0.00141771 -0.0623516 0.998053 168.304
0.999875 -0.0150468 -0.00491307 75.0323 0.0153395 0.997683 0.0662816 3.16145 0.00390436 -0.0663487 0.997789 169.307
0.999741 -0.0184213 -0.0133422 75.0466 0.0192621 0.99764 0.0659029 3.19139 0.0120967 -0.0661429 0.997737 169.929
0.99972 -0.0153846 -0.0179553 75.0083 0.0164194 0.998124 0.0589876 3.23705 0.0170142 -0.0592659 0.998097 170.998
0.999565 -0.014676 -0.0255955 74.9908 0.0159089 0.998689 0.04865 3.28339 0.024848 -0.049036 0.998488 171.984
0.999221 -0.0206614 -0.0336371 74.9836 0.0221408 0.998776 0.0442201 3.31999 0.0326823 -0.0449304 0.998455 172.789
0.999115 -0.0139931 -0.0396756 74.9502 0.0160223 0.998555 0.0512988 3.36371 0.0389005 -0.051889 0.997895 173.696
0.999011 0.00443979 -0.0442428 74.8927 -0.00155547 0.997883 0.0650154 3.39524 0.0444378 -0.0648823 0.996903 174.434
0.998587 0.0212959 -0.0486858 74.8462 -0.0176992 0.997164 0.0731508 3.4285 0.0501055 -0.0721858 0.996132 175.161
0.998491 0.0165026 -0.052377 74.7976 -0.012818 0.99747 0.0699206 3.47121 0.0533984 -0.0691437 0.996177 175.992
0.99835 0.0182129 -0.0544655 74.7563 -0.0149869 0.998142 0.0590636 3.51123 0.05544 -0.0581498 0.996767 176.711
0.998336 0.0142404 -0.0558865 74.6637 -0.011409 0.998651 0.0506594 3.56934 0.0565325 -0.0499375 0.997151 177.871
0.998199 0.0145554 -0.0581921 74.5997 -0.0118427 0.998839 0.0466923 3.61353 0.0588042 -0.0459191 0.997213 178.863
0.998108 0.00589525 -0.0612007 74.5618 -0.0027514 0.998678 0.0513272 3.63912 0.0614224 -0.0510617 0.996805 179.519
0.998119 -0.00493483 -0.0611123 74.5296 0.00861781 0.998152 0.0601498 3.66603 0.0607026 -0.0605633 0.996317 180.142
0.99812 -0.00413786 -0.0611439 74.4475 0.00815579 0.997812 0.0656099 3.71525 0.0607387 -0.0659853 0.99597 181.237
0.998066 0.00290382 -0.0621017 74.4642 0.00115156 0.997874 0.0651669 3.70617 0.0621589 -0.0651124 0.99594 180.979
0.997874 -0.000259238 -0.0651737 74.3548 0.00382572 0.998501 0.0546039 3.79186 0.0650619 -0.0547371 0.996379 182.664
0.997703 -0.0100283 -0.0669864 74.3423 0.0129665 0.998966 0.043573 3.7933 0.0664802 -0.0443415 0.996802 182.937
0.997439 -0.0196593 -0.0687612 74.2748 0.0223738 0.998991 0.0389329 3.83715 0.0679264 -0.0403717 0.996873 184.065
0.997395 -0.0144705 -0.0706725 74.2601 0.0175385 0.998922 0.0429856 3.84817 0.0699743 -0.0441131 0.996573 184.333
0.997453 -1.58955e-005 -0.0713308 74.1735 0.00390946 0.998509 0.0544454 3.87797 0.0712236 -0.0545856 0.995966 185.338
0.997331 0.0107666 -0.0722111 74.0948 -0.00654149 0.998266 0.0584938 3.91347 0.0727157 -0.0578654 0.995673 186.262
0.997254 0.00912457 -0.0734993 74.0186 -0.00510311 0.998489 0.0547174 3.94972 0.0738875 -0.0541921 0.995793 187.279
0.997337 0.0017544 -0.072908 73.9465 0.00178124 0.998826 0.0484012 3.99012 0.0729073 -0.0484022 0.996164 188.137
0.997286 0.00860351 -0.0731265 73.8821 -0.00504747 0.998802 0.0486751 4.02024 0.0734576 -0.0481739 0.996134 189.024
0.997372 0.010638 -0.0716657 73.7796 -0.00693966 0.998641 0.0516578 4.05215 0.0721178 -0.0510247 0.99609 189.903
0.997206 0.0104795 -0.0739564 73.6974 -0.00642474 0.998474 0.0548534 4.09053 0.0744184 -0.054225 0.995752 190.864
0.997247 0.00876392 -0.073625 73.6316 -0.00450705 0.998319 0.0577868 4.12272 0.0740076 -0.0572959 0.99561 191.64
