1 -8.22789e-007 -0.00085052 -0.0332714 -8.22789e-007 0.999998 -0.00193479 -0.0106501 0.00085052 0.00193479 0.999998 0.665833
1 -1.71017e-006 -0.000963462 -0.103074 -1.71017e-006 0.999994 -0.00355004 -0.0155487 0.000963462 0.00355004 0.999993 1.32726
0.99995 -2.10532e-005 -0.00997822 -0.112267 -2.10532e-005 0.999991 -0.00421972 -0.0327519 0.00997822 0.00421972 0.999941 1.99597
0.99995 -2.10532e-005 -0.00997822 -0.12146 -2.10532e-005 0.999991 -0.00421972 -0.0499551 0.00997822 0.00421972 0.999941 2.66468
0.999898 -2.95819e-005 -0.0142756 -0.134364 -2.95819e-005 0.999991 -0.00414417 -0.0595446 0.0142756 0.00414417 0.99989 3.3824
0.999864 -4.49715e-005 -0.0164619 -0.17821 -4.49715e-005 0.999985 -0.00546328 -0.0656754 0.0164619 0.00546328 0.99985 4.10673
0.999772 -6.36651e-005 -0.0213636 -0.211392 -6.36651e-005 0.999982 -0.00595942 -0.0727799 0.0213636 0.00595942 0.999754 4.85467
0.999685 -5.12804e-005 -0.0250781 -0.243543 -5.12804e-005 0.999992 -0.00408901 -0.0833523 0.0250781 0.00408901 0.999677 5.62858
0.999581 -2.70582e-005 -0.0289337 -0.270039 -2.70582e-005 0.999998 -0.00186997 -0.0866013 0.0289337 0.00186997 0.99958 6.40518
0.999524 1.22319e-005 -0.0308623 -0.318414 1.22319e-005 1 0.000792484 -0.0957766 0.0308623 -0.000792484 0.999523 7.19977
0.999451 4.4038e-006 -0.0331204 -0.36062 4.4038e-006 1 0.000265854 -0.101858 0.0331204 -0.000265854 0.999451 8.01412
0.99946 4.08799e-006 -0.0328653 -0.429376 4.08799e-006 1 0.000248705 -0.1086 0.0328653 -0.000248705 0.99946 8.83038
0.999384 -6.03233e-006 -0.0350844 -0.453834 -6.03233e-006 1 -0.000343769 -0.115191 0.0350844 0.000343769 0.999384 9.654
0.999272 2.28656e-005 -0.0381511 -0.460321 2.28656e-005 0.999999 0.00119825 -0.131533 0.0381511 -0.00119825 0.999271 10.4677
0.999082 2.55762e-005 -0.0428368 -0.453478 2.55762e-005 0.999999 0.00119358 -0.143207 0.0428368 -0.00119358 0.999081 11.2928
0.999042 -1.80446e-005 -0.0437698 -0.509145 -1.80446e-005 1 -0.000824126 -0.152377 0.0437698 0.000824126 0.999041 12.1129
0.999033 -7.38507e-005 -0.0439698 -0.561197 -7.38507e-005 0.999994 -0.00335752 -0.161075 0.0439698 0.00335752 0.999027 12.9355
0.999019 -0.000106422 -0.0442804 -0.626124 -0.000106422 0.999988 -0.00480433 -0.169147 0.0442804 0.00480433 0.999008 13.7604
0.998941 -8.37714e-005 -0.0460119 -0.661492 -8.37714e-005 0.999993 -0.00363935 -0.188967 0.0460119 0.00363935 0.998934 14.5924
0.99883 -6.52058e-005 -0.0483554 -0.68183 -6.52058e-005 0.999996 -0.00269536 -0.198294 0.0483554 0.00269536 0.998827 15.4238
0.998754 -2.80549e-005 -0.0498952 -0.729086 -2.80549e-005 0.999999 -0.00112385 -0.207052 0.0498952 0.00112385 0.998754 16.2661
0.998706 -2.56661e-005 -0.0508535 -0.748834 -2.56661e-005 0.999999 -0.00100876 -0.221838 0.0508535 0.00100876 0.998706 17.092
0.998622 -4.44998e-005 -0.0524801 -0.794512 -4.44998e-005 0.999999 -0.0016947 -0.233468 0.0524801 0.0016947 0.998621 17.9183
0.998515 -6.79602e-005 -0.0544834 -0.827366 -6.79602e-005 0.999997 -0.00249286 -0.246199 0.0544834 0.00249286 0.998512 18.7543
0.99849 -4.45677e-005 -0.0549377 -0.875658 -4.45677e-005 0.999999 -0.00162126 -0.251286 0.0549377 0.00162126 0.998488 19.5906
0.998487 5.22866e-005 -0.0549839 -0.92065 5.22866e-005 0.999998 0.00190045 -0.263607 0.0549839 -0.00190045 0.998485 20.4182
0.998402 0.000161316 -0.056513 -0.934154 0.000161316 0.999984 0.00570438 -0.287788 0.056513 -0.00570438 0.998386 21.2676
0.998554 0.000221709 -0.0537637 -0.999312 0.000221709 0.999966 0.00824144 -0.284818 0.0537637 -0.00824144 0.99852 22.143
0.998765 0.000161 -0.0496889 -1.02652 0.000161 0.999979 0.00647624 -0.293887 0.0496889 -0.00647624 0.998744 23.0276
0.998765 0.000161 -0.0496889 -1.05372 0.000161 0.999979 0.00647624 -0.302956 0.0496889 -0.00647624 0.998744 23.9122
0.998923 3.56754e-005 -0.0463925 -1.136 3.56754e-005 0.999999 0.00153715 -0.299524 0.0463925 -0.00153715 0.998922 24.8106
0.998996 -3.71412e-005 -0.0448076 -1.1804 -3.71412e-005 0.999999 -0.00165697 -0.302109 0.0448076 0.00165697 0.998994 25.7116
0.999022 -1.25099e-005 -0.0442078 -1.21543 -1.25099e-005 1 -0.000565685 -0.317777 0.0442078 0.000565685 0.999022 26.6057
0.998984 0.000100177 -0.0450647 -1.24772 0.000100177 0.99999 0.00444366 -0.328024 0.0450647 -0.00444366 0.998974 27.5066
0.998985 0.000172206 -0.0450382 -1.29328 0.000172206 0.999971 0.00764311 -0.334756 0.0450382 -0.00764311 0.998956 28.4075
0.998906 0.000157909 -0.046756 -1.31809 0.000157909 0.999977 0.00675084 -0.347459 0.046756 -0.00675084 0.998884 29.3192
0.998835 6.7142e-005 -0.0482594 -1.35929 6.7142e-005 0.999996 0.00278092 -0.35159 0.0482594 -0.00278092 0.998831 30.2292
0.99873 -1.93395e-005 -0.0503889 -1.3982 -1.93395e-005 1 -0.000767122 -0.361934 0.0503889 0.000767122 0.998729 31.1274
0.998623 -4.09907e-005 -0.0524679 -1.44619 -4.09907e-005 0.999999 -0.00156143 -0.368966 0.0524679 0.00156143 0.998621 32.0073
0.998594 -1.25352e-005 -0.0530074 -1.52401 -1.25352e-005 1 -0.000472627 -0.368461 0.0530074 0.000472627 0.998594 32.9082
0.998523 7.29233e-005 -0.0543276 -1.56731 7.29233e-005 0.999996 0.00268259 -0.383275 0.0543276 -0.00268259 0.99852 33.7895
0.998537 0.000115365 -0.0540739 -1.63247 0.000115365 0.999991 0.0042638 -0.394741 0.0540739 -0.0042638 0.998528 34.6742
0.998512 0.000182414 -0.0545309 -1.68975 0.000182414 0.999978 0.00668524 -0.396892 0.0545309 -0.00668524 0.99849 35.5717
0.998525 0.000255954 -0.0542945 -1.74051 0.000255954 0.999956 0.00942121 -0.397874 0.0542945 -0.00942121 0.998481 36.4844
0.998414 0.000331455 -0.0563007 -1.78881 0.000331455 0.999931 0.0117647 -0.396495 0.0563007 -0.0117647 0.998345 37.422
0.998568 0.000315277 -0.0534904 -1.89829 0.000315277 0.999931 0.0117793 -0.402173 0.0534904 -0.0117793 0.998499 38.3895
0.998548 0.000219392 -0.0538719 -1.956 0.000219392 0.999967 0.0081389 -0.406219 0.0538719 -0.0081389 0.998515 39.3634
0.998548 0.000219392 -0.0538719 -2.01372 0.000219392 0.999967 0.0081389 -0.410264 0.0538719 -0.0081389 0.998515 40.3373
0.998415 0.000225883 -0.0562779 -2.05843 0.000225883 0.999968 0.00802094 -0.412687 0.0562779 -0.00802094 0.998383 41.2998
0.998204 0.000268666 -0.0599138 -2.07783 0.000268666 0.99996 0.00896019 -0.416368 0.0599138 -0.00896019 0.998163 42.2692
0.998054 0.000318099 -0.0623557 -2.12555 0.000318099 0.999948 0.0101925 -0.426038 0.0623557 -0.0101925 0.998002 43.226
0.998051 0.000208619 -0.0624054 -2.20449 0.000208619 0.999978 0.00667934 -0.431036 0.0624054 -0.00667934 0.998029 44.1922
0.998046 7.51543e-005 -0.0624885 -2.29311 7.51543e-005 0.999997 0.00240303 -0.423102 0.0624885 -0.00240303 0.998043 45.1558
0.998029 3.9685e-005 -0.0627569 -2.35563 3.9685e-005 0.999999 0.00126347 -0.430626 0.0627569 -0.00126347 0.998028 46.0848
0.99795 0.000151631 -0.063996 -2.39397 0.000151631 0.999989 0.00473387 -0.441865 0.063996 -0.00473387 0.997939 46.9996
0.997961 0.000248464 -0.063824 -2.46032 0.000248464 0.99997 0.00777784 -0.451648 0.063824 -0.00777784 0.997931 47.9126
0.997925 0.000274974 -0.0643855 -2.51715 0.000274974 0.999964 0.00853247 -0.459711 0.0643855 -0.00853247 0.997889 48.8356
0.997929 0.000246426 -0.0643318 -2.57663 0.000246426 0.999971 0.00765304 -0.473893 0.0643318 -0.00765304 0.997899 49.7451
0.997947 0.00019072 -0.0640505 -2.64162 0.00019072 0.999982 0.00594912 -0.4807 0.0640505 -0.00594912 0.997929 50.6479
0.997999 0.000205235 -0.063224 -2.72377 0.000205235 0.999979 0.00648574 -0.480712 0.063224 -0.00648574 0.997978 51.5406
0.998042 0.000310071 -0.0625391 -2.81239 0.000310071 0.999951 0.00990613 -0.481135 0.0625391 -0.00990613 0.997993 52.4415
0.997951 0.000457619 -0.0639738 -2.85419 0.000457619 0.999898 0.0142911 -0.482576 0.0639738 -0.0142911 0.997849 53.3387
0.997824 0.000533005 -0.0659277 -2.90549 0.000533005 0.999869 0.0161507 -0.480493 0.0659277 -0.0161507 0.997694 54.2547
0.99776 0.00040909 -0.0668918 -2.98133 0.00040909 0.999925 0.0122172 -0.484213 0.0668918 -0.0122172 0.997685 55.1728
0.997673 0.000169886 -0.068185 -3.04832 0.000169886 0.999988 0.00497726 -0.492195 0.068185 -0.00497726 0.99766 56.0831
0.997619 1.63604e-005 -0.0689658 -3.11419 1.63604e-005 1 0.000473885 -0.506974 0.0689658 -0.000473885 0.997619 56.9747
0.997546 5.48282e-005 -0.070016 -3.18113 5.48282e-005 0.999999 0.00156424 -0.510564 0.070016 -0.00156424 0.997545 57.8475
0.99747 0.000150164 -0.0710875 -3.2503 0.000150164 0.999991 0.00421939 -0.524467 0.0710875 -0.00421939 0.997461 58.7144
0.997337 0.000204519 -0.0729288 -3.30232 0.000204519 0.999984 0.00560121 -0.535923 0.0729288 -0.00560121 0.997321 59.566
0.997264 0.000211741 -0.0739212 -3.3791 0.000211741 0.999984 0.00572095 -0.544812 0.0739212 -0.00572095 0.997248 60.4107
0.997057 0.000278732 -0.076662 -3.45844 0.000278732 0.999974 0.00726091 -0.565634 0.076662 -0.00726091 0.997031 61.2315
0.99687 0.000301291 -0.0790591 -3.51646 0.000301291 0.999971 0.00760988 -0.571812 0.0790591 -0.00760988 0.996841 62.0565
0.996755 0.000330609 -0.0804995 -3.58614 0.000330609 0.999966 0.00820048 -0.582516 0.0804995 -0.00820048 0.996721 62.8788
0.996714 0.000365894 -0.0809991 -3.66651 0.000365894 0.999959 0.00901948 -0.586551 0.0809991 -0.00901948 0.996673 63.6933
0.996578 0.000497861 -0.0826572 -3.73311 0.000497861 0.999928 0.0120254 -0.591319 0.0826572 -0.0120254 0.996505 64.4958
0.996642 0.000654121 -0.0818833 -3.82954 0.000654121 0.999873 0.0159491 -0.589678 0.0818833 -0.0159491 0.996514 65.2966
0.996533 0.000734016 -0.0831948 -3.91915 0.000734016 0.999845 0.0176138 -0.581674 0.0831948 -0.0176138 0.996378 66.1135
0.996739 0.000544965 -0.0806908 -4.06557 0.000544965 0.999909 0.0134848 -0.580139 0.0806908 -0.0134848 0.996648 66.9165
0.996498 2.20949e-005 -0.0836156 -4.12615 2.20949e-005 1 0.000527563 -0.5899 0.0836156 -0.000527563 0.996498 67.7032
0.996498 2.20949e-005 -0.0836156 -4.18673 2.20949e-005 1 0.000527563 -0.59966 0.0836156 -0.000527563 0.996498 68.4899
0.996189 3.13363e-005 -0.0872251 -4.18475 3.13363e-005 1 0.000717147 -0.62779 0.0872251 -0.000717147 0.996188 69.2058
0.996005 0.00026641 -0.0892959 -4.259 0.00026641 0.999982 0.00595493 -0.631356 0.0892959 -0.00595493 0.995987 69.908
0.996005 0.00026641 -0.0892959 -4.33326 0.00026641 0.999982 0.00595493 -0.634922 0.0892959 -0.00595493 0.995987 70.6102
0.995975 0.000116679 -0.0896359 -4.4024 0.000116679 0.999997 0.00259816 -0.648061 0.0896359 -0.00259816 0.995971 71.2887
0.996044 -0.000359673 -0.0888599 -4.4428 -0.000359673 0.999967 -0.00807914 -0.66275 0.0888599 0.00807914 0.996011 71.9294
0.996044 -0.000359673 -0.0888599 -4.48319 -0.000359673 0.999967 -0.00807914 -0.677438 0.0888599 0.00807914 0.996011 72.5702
0.99624 -0.000358015 -0.0866409 -4.52721 -0.000358015 0.999966 -0.00824866 -0.686394 0.0866409 0.00824866 0.996205 73.1636
0.99645 -0.00019517 -0.084183 -4.56348 -0.00019517 0.999989 -0.00462854 -0.704388 0.084183 0.00462854 0.99644 73.732
0.996953 -0.000103773 -0.0780025 -4.63341 -0.000103773 0.999996 -0.0026567 -0.697736 0.0780025 0.0026567 0.99695 74.3053
0.997503 4.52381e-005 -0.0706267 -4.70424 4.52381e-005 0.999999 0.00127945 -0.708405 0.0706267 -0.00127945 0.997502 74.8784
0.998058 0.000142876 -0.0622891 -4.73304 0.000142876 0.999989 0.00458303 -0.722608 0.0622891 -0.00458303 0.998048 75.434
0.999339 7.9548e-005 -0.0363623 -4.75866 7.9548e-005 0.99999 0.00437383 -0.728344 0.0363623 -0.00437383 0.999329 75.962
0.999339 7.9548e-005 -0.0363623 -4.78427 7.9548e-005 0.99999 0.00437383 -0.734081 0.0363623 -0.00437383 0.999329 76.49
0.999843 4.61073e-005 -0.0177051 -4.79925 4.61073e-005 0.999986 0.00520791 -0.739377 0.0177051 -0.00520791 0.99983 77.0074
0.999989 -1.46356e-005 0.00478609 -4.79036 -1.46356e-005 0.999981 0.00611579 -0.743111 -0.00478609 -0.00611579 0.99997 77.5024
0.999521 -0.000117145 0.0309343 -4.75657 -0.000117145 0.999971 0.00757185 -0.752134 -0.0309343 -0.00757185 0.999493 77.9876
0.998161 -0.000289318 0.0606199 -4.71344 -0.000289318 0.999954 0.0095363 -0.757678 -0.0606199 -0.0095363 0.998115 78.4549
0.99567 -0.000536921 0.0929569 -4.64133 -0.000536921 0.999933 0.0115266 -0.765387 -0.0929569 -0.0115266 0.995603 78.9206
0.991446 -0.000819985 0.130513 -4.55776 -0.000819985 0.999921 0.0125113 -0.77107 -0.130513 -0.0125113 0.991368 79.3871
0.984866 -0.00109866 0.173314 -4.47483 -0.00109866 0.99992 0.0125818 -0.77056 -0.173314 -0.0125818 0.984786 79.8387
0.975709 -0.00141443 0.219065 -4.36315 -0.00141443 0.999918 0.0127559 -0.772543 -0.219065 -0.0127559 0.975627 80.2759
0.963649 -0.00148037 0.267168 -4.20232 -0.00148037 0.99994 0.0108802 -0.778439 -0.267168 -0.0108802 0.963589 80.6891
0.947461 -0.00144409 0.319869 -4.03413 -0.00144409 0.99996 0.00879192 -0.785809 -0.319869 -0.00879192 0.947421 81.0849
0.926969 -0.00138918 0.375136 -3.84431 -0.00138918 0.999974 0.00713571 -0.786729 -0.375136 -0.00713571 0.926942 81.4644
0.902494 -0.00131422 0.4307 -3.6194 -0.00131422 0.999982 0.00580513 -0.783043 -0.4307 -0.00580513 0.902477 81.8183
0.873549 -0.00133338 0.486734 -3.3734 -0.00133338 0.999986 0.00513246 -0.783131 -0.486734 -0.00513246 0.873535 82.1419
0.839646 -0.00165757 0.543132 -3.11921 -0.00165757 0.999983 0.00561431 -0.787988 -0.543132 -0.00561431 0.839629 82.4532
0.802098 -0.00178938 0.597189 -2.85097 -0.00178938 0.999984 0.00539966 -0.795502 -0.597189 -0.00539966 0.802082 82.7466
0.761471 -0.00236074 0.648194 -2.56785 -0.00236074 0.999977 0.00641524 -0.797906 -0.648194 -0.00641524 0.761448 83.0224
0.718689 -0.00289144 0.695326 -2.25971 -0.00289144 0.99997 0.00714687 -0.794644 -0.695326 -0.00714687 0.718659 83.2735
0.673412 -0.00368243 0.739258 -1.93568 -0.00368243 0.999958 0.00833548 -0.796901 -0.739258 -0.00833548 0.673371 83.5027
0.626226 -0.00462537 0.779628 -1.59833 -0.00462537 0.999943 0.00964772 -0.794798 -0.779628 -0.00964772 0.626169 83.7186
0.578836 -0.006791 0.815415 -1.25367 -0.006791 0.99989 0.0131481 -0.805309 -0.815415 -0.0131481 0.578727 83.9063
0.532068 -0.00637166 0.846678 -0.899572 -0.00637166 0.999913 0.0115289 -0.808757 -0.846678 -0.0115289 0.531981 84.0788
0.485185 -0.00522066 0.874396 -0.543998 -0.00522066 0.999947 0.00886712 -0.816033 -0.874396 -0.00886712 0.485132 84.2326
0.440487 -0.00510583 0.897744 -0.181033 -0.00510583 0.999953 0.00819236 -0.822885 -0.897744 -0.00819236 0.440441 84.3613
0.397836 -0.0092935 0.917409 0.187784 -0.0092935 0.999857 0.0141588 -0.821358 -0.917409 -0.0141588 0.397693 84.4775
0.358894 -0.0199066 0.933166 0.575426 -0.0199066 0.999382 0.0289752 -0.814179 -0.933166 -0.0289752 0.358276 84.5697
0.322724 -0.0228573 0.946217 0.943797 -0.0228573 0.999229 0.0319338 -0.800643 -0.946217 -0.0319338 0.321952 84.6704
0.290338 -0.0214686 0.956683 1.32681 -0.0214686 0.999351 0.0289414 -0.802333 -0.956683 -0.0289414 0.289689 84.7542
0.259068 -0.0132608 0.965768 1.72331 -0.0132608 0.999763 0.0172848 -0.799094 -0.965768 -0.0172848 0.258831 84.8579
0.231148 -0.00944959 0.972873 2.12769 -0.00944959 0.999884 0.0119571 -0.804759 -0.972873 -0.0119571 0.231032 84.9357
0.205793 -0.0099981 0.978545 2.53048 -0.0099981 0.999874 0.0123187 -0.810466 -0.978545 -0.0123187 0.205667 84.994
0.181921 -0.014334 0.983209 2.93049 -0.014334 0.999749 0.0172273 -0.812287 -0.983209 -0.0172273 0.18167 85.0515
0.162337 -0.0194956 0.986543 3.33543 -0.0194956 0.999546 0.0229606 -0.80006 -0.986543 -0.0229606 0.161884 85.0878
0.143289 -0.0210096 0.989458 3.74421 -0.0210096 0.999485 0.024265 -0.783425 -0.989458 -0.024265 0.142774 85.1286
0.125604 -0.0188448 0.991901 4.15611 -0.0188448 0.999594 0.0213772 -0.77189 -0.991901 -0.0213772 0.125198 85.1785
0.110123 -0.0180951 0.993753 4.52948 -0.0180951 0.999632 0.0202074 -0.769854 -0.993753 -0.0202074 0.109755 85.217
0.095548 -0.0181769 0.995259 4.91711 -0.0181769 0.999635 0.0200019 -0.766978 -0.995259 -0.0200019 0.0951827 85.2472
0.0823735 -0.0203455 0.996394 5.3413 -0.0203455 0.999549 0.0220919 -0.766013 -0.996394 -0.0220919 0.0819224 85.2666
0.0706028 -0.0233352 0.997232 5.78809 -0.0233352 0.999414 0.0250384 -0.763352 -0.997232 -0.0250384 0.0700169 85.2909
0.0606731 -0.0261544 0.997815 6.24888 -0.0261544 0.999272 0.0277829 -0.756529 -0.997815 -0.0277829 0.0599449 85.3046
0.052212 -0.0276763 0.998252 6.74064 -0.0276763 0.999192 0.0291499 -0.748474 -0.998252 -0.0291499 0.0514038 85.3305
0.0444339 -0.0294956 0.998577 7.25328 -0.0294956 0.99909 0.0308232 -0.733863 -0.998577 -0.0308232 0.0435235 85.3673
0.0381826 -0.029056 0.998848 7.78293 -0.029056 0.999122 0.0301747 -0.717572 -0.998848 -0.0301747 0.0373049 85.3917
0.0333689 -0.0297615 0.999 8.3174 -0.0297615 0.999084 0.0307581 -0.702904 -0.999 -0.0307581 0.0324526 85.399
0.0271893 -0.0287876 0.999216 8.87202 -0.0287876 0.999148 0.0295689 -0.692588 -0.999216 -0.0295689 0.0263374 85.4325
0.0237683 -0.0294508 0.999284 9.44974 -0.0294508 0.999112 0.0301462 -0.677569 -0.999284 -0.0301462 0.0228799 85.4488
0.020329 -0.0291475 0.999368 10.0456 -0.0291475 0.999133 0.0297336 -0.662421 -0.999368 -0.0297336 0.0194618 85.4646
0.0177983 -0.03793 0.999122 10.6766 -0.03793 0.998535 0.0385834 -0.65188 -0.999122 -0.0385834 0.0163335 85.4605
0.0188589 -0.0424859 0.998919 11.3328 -0.0424859 0.99816 0.0432557 -0.621779 -0.998919 -0.0432557 0.0170191 85.4489
0.01997 -0.0437758 0.998842 11.9944 -0.0437758 0.998045 0.0446161 -0.594381 -0.998842 -0.0446161 0.0180146 85.4603
0.0223768 -0.0437716 0.998791 12.671 -0.0437716 0.99804 0.0447194 -0.565091 -0.998791 -0.0447194 0.020417 85.48
0.0278634 -0.047941 0.998461 13.3607 -0.047941 0.997636 0.0492392 -0.538785 -0.998461 -0.0492392 0.0254992 85.4818
0.0340863 -0.0499564 0.99817 14.0632 -0.0499564 0.997416 0.0516247 -0.500899 -0.99817 -0.0516247 0.0315025 85.4827
0.037961 -0.0499974 0.998028 14.7884 -0.0499974 0.997402 0.0518677 -0.465593 -0.998028 -0.0518677 0.0353626 85.5151
0.0402354 -0.048783 0.997999 15.5179 -0.048783 0.99752 0.0507263 -0.425958 -0.997999 -0.0507263 0.0377559 85.5621
0.0440959 -0.046275 0.997955 16.2605 -0.046275 0.99776 0.0483106 -0.392051 -0.997955 -0.0483106 0.0418558 85.599
0.0477978 -0.0452345 0.997832 17.0247 -0.0452345 0.997851 0.0474022 -0.356554 -0.997832 -0.0474022 0.0456489 85.643
0.0518154 -0.0410499 0.997813 17.7958 -0.0410499 0.998223 0.0431985 -0.331645 -0.997813 -0.0431985 0.0500382 85.694
0.0556616 -0.0377257 0.997737 18.5988 -0.0377257 0.998493 0.0398589 -0.317184 -0.997737 -0.0398589 0.0541544 85.7404
0.0566883 -0.0315986 0.997892 19.4189 -0.0315986 0.998942 0.0334269 -0.288534 -0.997892 -0.0334269 0.0556298 85.7986
0.056475 -0.0294448 0.99797 20.2353 -0.0294448 0.999081 0.0311439 -0.260352 -0.99797 -0.0311439 0.0555561 85.853
0.0541248 -0.0269304 0.998171 21.0392 -0.0269304 0.999233 0.0284194 -0.243913 -0.998171 -0.0284194 0.0533581 85.9399
0.0554074 -0.0256293 0.998135 21.8472 -0.0256293 0.999305 0.027082 -0.232193 -0.998135 -0.027082 0.054712 85.9771
0.0545817 -0.0258521 0.998175 22.6629 -0.0258521 0.999293 0.0272947 -0.218406 -0.998175 -0.0272947 0.0538748 86.0334
0.054086 -0.0231438 0.998268 23.489 -0.0231438 0.999434 0.0244247 -0.202611 -0.998268 -0.0244247 0.0535197 86.1084
0.0537794 -0.0219684 0.998311 24.3047 -0.0219684 0.99949 0.0231778 -0.199014 -0.998311 -0.0231778 0.0532694 86.1658
0.0537561 -0.0180218 0.998391 25.1301 -0.0180218 0.999657 0.019015 -0.192338 -0.998391 -0.019015 0.0534128 86.2217
0.0508098 -0.0100604 0.998658 25.9027 -0.0100604 0.999893 0.0105847 -0.199202 -0.998658 -0.0105847 0.0507031 86.307
0.0481509 -0.00979495 0.998792 26.6829 -0.00979495 0.999899 0.010278 -0.195022 -0.998792 -0.010278 0.0480501 86.3363
0.0422497 -0.00785529 0.999076 27.4626 -0.00785529 0.999936 0.00819423 -0.188121 -0.999076 -0.00819423 0.0421853 86.3873
0.0359819 -0.00390688 0.999345 28.2717 -0.00390688 0.999984 0.00405005 -0.186406 -0.999345 -0.00405005 0.035966 86.4442
0.0293135 0.000305087 0.99957 29.0677 0.000305087 1 -0.000314165 -0.201518 -0.99957 0.000314165 0.0293134 86.4761
0.021754 -0.000759936 0.999763 29.8797 -0.000759936 0.999999 0.000776652 -0.21246 -0.999763 -0.000776652 0.0217534 86.4935
0.0136731 -0.00039568 0.999906 30.6933 -0.00039568 1 0.000401127 -0.230822 -0.999906 -0.000401127 0.0136729 86.4894
0.00311453 0.000296921 0.999995 31.5249 0.000296921 1 -0.000297847 -0.231049 -0.999995 0.000297847 0.00311444 86.51
-0.00768226 -0.000458175 0.99997 32.3732 -0.000458175 1 0.000454668 -0.241032 -0.99997 -0.000454668 -0.00768247 86.5174
-0.0182386 0.00201044 0.999832 33.181 0.00201044 0.999996 -0.00197409 -0.262224 -0.999832 0.00197409 -0.0182426 86.4927
-0.0293463 0.000607674 0.999569 34.0047 0.000607674 1 -0.000590095 -0.276144 -0.999569 0.000590095 -0.0293467 86.4649
-0.0406197 0.000929883 0.999174 34.8439 0.000929883 0.999999 -0.000892848 -0.287545 -0.999174 0.000892848 -0.0406206 86.4336
-0.0516698 0.000905725 0.998664 35.6776 0.000905725 0.999999 -0.000860075 -0.300935 -0.998664 0.000860075 -0.0516706 86.3867
-0.0624358 0.00175674 0.998047 36.4737 0.00175674 0.999997 -0.00165027 -0.313372 -0.998047 0.00165027 -0.0624387 86.3399
-0.0728739 0.0012658 0.99734 37.277 0.0012658 0.999999 -0.00117669 -0.326843 -0.99734 0.00117669 -0.0728754 86.2774
-0.082758 0.000440402 0.99657 38.0873 0.000440402 1 -0.000405346 -0.336065 -0.99657 0.000405346 -0.0827582 86.2189
-0.0922092 0.000397206 0.99574 38.8771 0.000397206 1 -0.000362123 -0.349157 -0.99574 0.000362123 -0.0922094 86.1376
-0.101922 -0.000357575 0.994792 39.6517 -0.000357575 1 0.000322811 -0.35756 -0.994792 -0.000322811 -0.101922 86.062
-0.111061 -0.0015999 0.993812 40.4347 -0.0015999 0.999998 0.00143107 -0.359941 -0.993812 -0.00143107 -0.111063 85.9905
-0.123874 -0.00518619 0.992284 41.2051 -0.00518619 0.999976 0.00457896 -0.372122 -0.992284 -0.00457896 -0.123898 85.8961
-0.123874 -0.00518619 0.992284 41.9755 -0.00518619 0.999976 0.00457896 -0.384304 -0.992284 -0.00457896 -0.123898 85.8017
-0.123568 -0.0192199 0.99215 42.7313 -0.0192199 0.999671 0.0169719 -0.348768 -0.99215 -0.0169719 -0.123896 85.668
-0.126188 -0.0199789 0.991805 43.4742 -0.0199789 0.999646 0.0175949 -0.353754 -0.991805 -0.0175949 -0.126543 85.5691
-0.128401 -0.0204511 0.991511 44.2082 -0.0204511 0.999629 0.0179701 -0.351757 -0.991511 -0.0179701 -0.128772 85.4834
-0.130376 -0.021074 0.991241 44.9215 -0.021074 0.999607 0.01848 -0.352253 -0.991241 -0.01848 -0.130769 85.4047
-0.123284 -0.0247207 0.992063 45.6435 -0.0247207 0.999456 0.0218328 -0.355891 -0.992063 -0.0218328 -0.123828 85.2869
-0.123284 -0.0247207 0.992063 46.3654 -0.0247207 0.999456 0.0218328 -0.359529 -0.992063 -0.0218328 -0.123828 85.1692
-0.115983 -0.0265396 0.992897 47.0394 -0.0265396 0.999369 0.0236124 -0.368946 -0.992897 -0.0236124 -0.116614 85.0688
-0.107099 -0.0266427 0.993891 47.681 -0.0266427 0.999359 0.0239184 -0.36432 -0.993891 -0.0239184 -0.10774 84.9964
-0.0958415 -0.0260871 0.995055 48.3155 -0.0260871 0.999379 0.0236878 -0.36086 -0.995055 -0.0236878 -0.0964625 84.942
-0.082517 -0.0246196 0.996286 48.921 -0.0246196 0.99944 0.0226584 -0.368976 -0.996286 -0.0226584 -0.0830769 84.9112
-0.0649947 -0.0238339 0.997601 49.5124 -0.0238339 0.999467 0.0223256 -0.366391 -0.997601 -0.0223256 -0.0655281 84.8829
-0.0439471 -0.021677 0.998799 50.0814 -0.021677 0.99955 0.0207395 -0.37242 -0.998799 -0.0207395 -0.0443972 84.8796
-0.0187797 -0.0199071 0.999625 50.6197 -0.0199071 0.999611 0.0195328 -0.37464 -0.999625 -0.0195328 -0.0191687 84.8775
0.00964101 -0.0167074 0.999814 51.149 -0.0167074 0.999718 0.0168669 -0.369863 -0.999814 -0.0168669 0.00935915 84.8964
0.0424997 -0.0151003 0.998982 51.6589 -0.0151003 0.999762 0.0157545 -0.367275 -0.998982 -0.0157545 0.0422615 84.9417
0.0803471 -0.0148821 0.996656 52.145 -0.0148821 0.999759 0.0161282 -0.364767 -0.996656 -0.0161282 0.0801063 85.0013
0.122409 -0.0137278 0.992385 52.6139 -0.0137278 0.999785 0.0155235 -0.358786 -0.992385 -0.0155235 0.122195 85.0853
0.167218 -0.0117808 0.985849 53.0939 -0.0117808 0.999833 0.0139462 -0.359839 -0.985849 -0.0139462 0.167052 85.1983
0.21495 -0.00790362 0.976593 53.5744 -0.00790362 0.99992 0.00983201 -0.360302 -0.976593 -0.00983201 0.214871 85.3462
0.266959 -0.00618593 0.963688 54.0583 -0.00618593 0.999948 0.0081323 -0.358964 -0.963688 -0.0081323 0.266907 85.5118
0.320638 4.71781e-005 0.947202 54.4975 4.71781e-005 1 -6.57781e-005 -0.35708 -0.947202 6.57781e-005 0.320638 85.7315
0.457432 -0.00696956 0.889217 55.0061 -0.00696956 0.99991 0.0114224 -0.344768 -0.889217 -0.0114224 0.457342 85.8049
0.457432 -0.00696956 0.889217 55.5147 -0.00696956 0.99991 0.0114224 -0.332457 -0.889217 -0.0114224 0.457342 85.8784
0.58467 -0.00914008 0.81122 55.9622 -0.00914008 0.999799 0.0178523 -0.277926 -0.81122 -0.0178523 0.584469 86.1179
0.58467 -0.00914008 0.81122 56.4098 -0.00914008 0.999799 0.0178523 -0.223395 -0.81122 -0.0178523 0.584469 86.3574
0.640077 -0.00780546 0.768271 56.7536 -0.00780546 0.999831 0.0166611 -0.216062 -0.768271 -0.0166611 0.639908 86.6938
0.691879 -0.00750309 0.721974 57.0722 -0.00750309 0.999817 0.0175809 -0.208624 -0.721974 -0.0175809 0.691696 87.0414
0.739033 -0.00754025 0.673627 57.3381 -0.00754025 0.999782 0.0194634 -0.201589 -0.673627 -0.0194634 0.738815 87.4001
0.782743 -0.00842277 0.622288 57.5594 -0.00842277 0.999673 0.0241253 -0.201668 -0.622288 -0.0241253 0.782416 87.7438
0.822369 -0.00896107 0.568884 57.7554 -0.00896107 0.999548 0.0286989 -0.18984 -0.568884 -0.0286989 0.821917 88.1132
0.85785 -0.00929638 0.513815 57.9399 -0.00929638 0.999392 0.0336028 -0.183001 -0.513815 -0.0336028 0.857242 88.4867
0.887523 -0.00936394 0.460669 58.0845 -0.00936394 0.99922 0.0383515 -0.17609 -0.460669 -0.0383515 0.886743 88.8755
0.912362 -0.00907371 0.409283 58.2389 -0.00907371 0.999061 0.0423758 -0.167125 -0.409283 -0.0423758 0.911423 89.2893
0.931682 -0.00829137 0.36318 58.3736 -0.00829137 0.998994 0.0440771 -0.158063 -0.36318 -0.0440771 0.930676 89.7318
0.946184 -0.00715431 0.32355 58.4855 -0.00715431 0.999049 0.0430128 -0.14431 -0.32355 -0.0430128 0.945233 90.1909
0.957432 -0.00588279 0.2886 58.5922 -0.00588279 0.999187 0.0398836 -0.124381 -0.2886 -0.0398836 0.956619 90.6663
0.966185 -0.00509829 0.2578 58.6869 -0.00509829 0.999231 0.0388684 -0.109173 -0.2578 -0.0388684 0.965416 91.1399
0.971758 -0.00474703 0.235932 58.7781 -0.00474703 0.999202 0.0396564 -0.0979036 -0.235932 -0.0396564 0.97096 91.5959
0.975405 -0.00453405 0.220375 58.8734 -0.00453405 0.999164 0.0406252 -0.087504 -0.220375 -0.0406252 0.974569 92.0709
0.978087 -0.00408682 0.208156 58.9534 -0.00408682 0.999238 0.0388217 -0.0642906 -0.208156 -0.0388217 0.977325 92.5645
0.980014 -0.00376098 0.198892 59.0414 -0.00376098 0.999292 0.0374281 -0.0415501 -0.198892 -0.0374281 0.979307 93.0505
0.981369 -0.00334846 0.192101 59.1394 -0.00334846 0.999398 0.0345261 -0.0187374 -0.192101 -0.0345261 0.980768 93.5547
0.981867 -0.00291676 0.189547 59.2163 -0.00291676 0.999531 0.0304898 -0.0102135 -0.189547 -0.0304898 0.981398 94.0815
0.981948 -0.0026673 0.189133 59.3126 -0.0026673 0.999606 0.0279455 -0.00468671 -0.189133 -0.0279455 0.981554 94.6168
0.981583 -0.00238892 0.191019 59.4215 -0.00238892 0.99969 0.0247782 0.00617978 -0.191019 -0.0247782 0.981274 95.1603
0.980978 -0.00183811 0.194108 59.5488 -0.00183811 0.999822 0.0187572 0.0258027 -0.194108 -0.0187572 0.980801 95.6988
0.979746 -0.00133376 0.200241 59.6367 -0.00133376 0.999912 0.0131861 0.0470132 -0.200241 -0.0131861 0.979658 96.2534
0.97764 -0.00170658 0.21028 59.7386 -0.00170658 0.99987 0.0160489 0.0497525 -0.21028 -0.0160489 0.977509 96.7684
0.97764 -0.00170658 0.21028 59.8405 -0.00170658 0.99987 0.0160489 0.0524919 -0.21028 -0.0160489 0.977509 97.2833
0.97644 -0.00226979 0.215779 59.9844 -0.00226979 0.999781 0.020788 0.0595022 -0.215779 -0.020788 0.976221 98.0344
0.975693 -0.00306055 0.219119 60.1854 -0.00306055 0.999615 0.0275902 0.0634944 -0.219119 -0.0275902 0.975308 98.9023
0.974734 -0.00372715 0.223339 60.3499 -0.00372715 0.99945 0.0329458 0.0717503 -0.223339 -0.0329458 0.974184 99.6583
0.974588 -0.00398203 0.223972 60.5343 -0.00398203 0.999376 0.0350954 0.0877692 -0.223972 -0.0350954 0.973964 100.344
0.974595 -0.0030386 0.223953 60.6912 -0.0030386 0.999637 0.0267865 0.10117 -0.223953 -0.0267865 0.974232 101.019
0.974595 -0.0030386 0.223953 60.848 -0.0030386 0.999637 0.0267865 0.114571 -0.223953 -0.0267865 0.974232 101.695
0.975133 -0.00230499 0.221609 61.0126 -0.00230499 0.999786 0.0205414 0.127099 -0.221609 -0.0205414 0.974919 102.359
0.975551 -0.00175713 0.219765 61.1406 -0.00175713 0.999874 0.0157945 0.142465 -0.219765 -0.0157945 0.975425 103.017
0.976041 -0.00220559 0.217576 61.2782 -0.00220559 0.999797 0.0200292 0.155466 -0.217576 -0.0200292 0.975838 103.665
0.976353 -0.00303106 0.216163 61.4231 -0.00303106 0.999611 0.0277073 0.170762 -0.216163 -0.0277073 0.975964 104.319
0.977042 -0.00349968 0.213017 61.5789 -0.00349968 0.999467 0.0324723 0.186438 -0.213017 -0.0324723 0.976509 105.006
0.97781 -0.00338658 0.209464 61.7532 -0.00338658 0.999483 0.0319685 0.194754 -0.209464 -0.0319685 0.977294 105.732
0.97832 -0.0027723 0.207079 61.9014 -0.0027723 0.999645 0.0264804 0.212476 -0.207079 -0.0264804 0.977966 106.479
0.979367 -0.00222753 0.202076 62.0623 -0.00222753 0.99976 0.0218165 0.225048 -0.202076 -0.0218165 0.979127 107.225
0.980139 -0.00188756 0.1983 62.2018 -0.00188756 0.999821 0.0188466 0.240053 -0.1983 -0.0188466 0.97996 107.929
0.980982 -0.00207349 0.194088 62.3502 -0.00207349 0.999774 0.0211609 0.248716 -0.194088 -0.0211609 0.980756 108.63
0.981524 -0.00225952 0.191327 62.4843 -0.00225952 0.999724 0.023398 0.259073 -0.191327 -0.023398 0.981247 109.35
0.98165 -0.00247495 0.190673 62.6118 -0.00247495 0.999666 0.0257177 0.269049 -0.190673 -0.0257177 0.981317 110.085
0.982153 -0.00274984 0.188062 62.7726 -0.00274984 0.999576 0.0289768 0.278139 -0.188062 -0.0289768 0.98173 110.827
0.982268 -0.00292609 0.187461 62.9204 -0.00292609 0.999517 0.0309338 0.298063 -0.187461 -0.0309338 0.981785 111.596
0.983016 -0.00312068 0.183491 63.0961 -0.00312068 0.999427 0.0337159 0.299816 -0.183491 -0.0337159 0.982443 112.32
0.982689 -0.00245793 0.185248 63.2282 -0.00245793 0.999651 0.0263023 0.320552 -0.185248 -0.0263023 0.98234 113.105
0.982689 -0.00245793 0.185248 63.3603 -0.00245793 0.999651 0.0263023 0.341288 -0.185248 -0.0263023 0.98234 113.891
0.982312 -0.00214718 0.187238 63.486 -0.00214718 0.999739 0.0227295 0.361818 -0.187238 -0.0227295 0.982052 114.681
0.981852 -0.00216267 0.189638 63.6347 -0.00216267 0.999742 0.0225985 0.369651 -0.189638 -0.0225985 0.981594 115.47
0.981055 -0.00220526 0.193719 63.77 -0.00220526 0.999743 0.022549 0.392577 -0.193719 -0.022549 0.980798 116.274
0.981141 -0.00216066 0.193279 63.9648 -0.00216066 0.999752 0.0221443 0.399625 -0.193279 -0.0221443 0.980894 117.058
0.980539 -0.0022296 0.19631 64.1325 -0.0022296 0.999745 0.0224912 0.406388 -0.19631 -0.0224912 0.980284 117.89
0.980539 -0.0022296 0.19631 64.3002 -0.0022296 0.999745 0.0224912 0.413151 -0.19631 -0.0224912 0.980284 118.722
0.980463 -0.00221059 0.196691 64.4645 -0.00221059 0.99975 0.0222555 0.431596 -0.196691 -0.0222555 0.980213 119.572
0.98005 -0.00220756 0.19874 64.625 -0.00220756 0.999756 0.0219912 0.443815 -0.19874 -0.0219912 0.979805 120.413
0.979563 -0.0024098 0.201123 64.7834 -0.0024098 0.999716 0.0237152 0.462731 -0.201123 -0.0237152 0.979279 121.23
0.979493 -0.00298559 0.201454 64.9542 -0.00298559 0.999565 0.02933 0.471549 -0.201454 -0.02933 0.979059 122.044
0.979416 -0.00334636 0.201825 65.1269 -0.00334636 0.999456 0.0328107 0.478718 -0.201825 -0.0328107 0.978872 122.885
0.979157 -0.00149463 0.203097 65.3118 -0.00149463 0.999893 0.0145642 0.486802 -0.203097 -0.0145642 0.97905 123.771
0.979157 -0.00149463 0.203097 65.4968 -0.00149463 0.999893 0.0145642 0.494887 -0.203097 -0.0145642 0.97905 124.658
0.979125 -0.000670963 0.203257 65.6652 -0.000670963 0.999978 0.00653313 0.499834 -0.203257 -0.00653313 0.979104 125.482
0.979226 -0.00156584 0.202766 65.8227 -0.00156584 0.999882 0.0152834 0.508698 -0.202766 -0.0152834 0.979108 126.26
0.979499 -0.00367807 0.201416 65.9794 -0.00367807 0.99934 0.0361357 0.513982 -0.201416 -0.0361357 0.978839 127.046
0.97959 -0.00514542 0.200941 66.1407 -0.00514542 0.998703 0.0506575 0.519802 -0.200941 -0.0506575 0.978293 127.877
0.979598 -0.00449817 0.200917 66.3028 -0.00449817 0.999008 0.0442974 0.54087 -0.200917 -0.0442974 0.978606 128.753
0.979816 -0.00275365 0.199884 66.4617 -0.00275365 0.999624 0.0272692 0.567539 -0.199884 -0.0272692 0.97944 129.633
0.979455 -0.00196314 0.201651 66.5945 -0.00196314 0.999812 0.0192689 0.593975 -0.201651 -0.0192689 0.979268 130.483
0.979185 -0.00187216 0.202961 66.7333 -0.00187216 0.999832 0.018255 0.614764 -0.202961 -0.018255 0.979017 131.279
0.978602 -0.00186123 0.205752 66.8343 -0.00186123 0.999838 0.0178969 0.630068 -0.205752 -0.0178969 0.97844 132.034
0.978367 -0.00175341 0.20687 66.9545 -0.00175341 0.999858 0.0167672 0.626997 -0.20687 -0.0167672 0.978225 132.858
0.979639 -0.00158634 0.200762 67.1246 -0.00158634 0.999876 0.0156413 0.625642 -0.200762 -0.0156413 0.979515 133.648
0.980402 -0.00127622 0.197002 67.2709 -0.00127622 0.999917 0.0128289 0.625171 -0.197002 -0.0128289 0.980319 134.469
0.980402 -0.00127622 0.197002 67.4172 -0.00127622 0.999917 0.0128289 0.6247 -0.197002 -0.0128289 0.980319 135.289
0.979965 -0.00167571 0.199163 67.524 -0.00167571 0.99986 0.0166577 0.599547 -0.199163 -0.0166577 0.979825 136.082
0.980169 -0.00213465 0.19815 67.6797 -0.00213465 0.99977 0.0213296 0.605874 -0.19815 -0.0213296 0.97994 136.888
0.980713 -0.00214103 0.19544 67.8573 -0.00214103 0.999762 0.021696 0.613218 -0.19544 -0.021696 0.980476 137.723
0.981323 -0.00187579 0.192359 68.0249 -0.00187579 0.999812 0.019319 0.616956 -0.192359 -0.019319 0.981134 138.555
0.982086 -0.00153225 0.188425 68.1619 -0.00153225 0.999869 0.016117 0.628815 -0.188425 -0.016117 0.981955 139.353
0.983348 -0.00143663 0.181729 68.3084 -0.00143663 0.999876 0.015678 0.632441 -0.181729 -0.015678 0.983224 140.109
0.984643 -0.00194959 0.174567 68.4027 -0.00194959 0.999752 0.0221621 0.630244 -0.174567 -0.0221621 0.984396 140.797
0.985571 -0.0026 0.169242 68.5053 -0.0026 0.999531 0.0304963 0.632973 -0.169242 -0.0304963 0.985103 141.507
0.986117 -0.00332798 0.166021 68.5996 -0.00332798 0.999202 0.0397968 0.642767 -0.166021 -0.0397968 0.985319 142.214
0.986873 -0.00324937 0.161465 68.7178 -0.00324937 0.999196 0.0399681 0.672847 -0.161465 -0.0399681 0.986069 142.975
0.987479 -0.00276144 0.157724 68.8248 -0.00276144 0.999391 0.0347862 0.688312 -0.157724 -0.0347862 0.98687 143.779
0.98852 -0.00185637 0.151082 68.9359 -0.00185637 0.9997 0.0244296 0.704415 -0.151082 -0.0244296 0.988219 144.58
0.989267 -0.00149813 0.146113 69.0297 -0.00149813 0.999791 0.0203943 0.70968 -0.146113 -0.0203943 0.989058 145.36
0.989966 -0.00146894 0.141296 69.1042 -0.00146894 0.999785 0.0206858 0.726613 -0.141296 -0.0206858 0.989751 146.116
0.991004 -0.0015459 0.13382 69.1906 -0.0015459 0.999734 0.0229971 0.730141 -0.13382 -0.0229971 0.990739 146.867
0.991827 -0.00128678 0.127586 69.2496 -0.00128678 0.999797 0.0200867 0.736073 -0.127586 -0.0200867 0.991624 147.629
0.993046 -0.000812203 0.117723 69.3302 -0.000812203 0.999905 0.0137499 0.739794 -0.117723 -0.0137499 0.992951 148.384
0.993983 -0.000619993 0.109534 69.4054 -0.000619993 0.999936 0.0112861 0.746437 -0.109534 -0.0112861 0.993919 149.124
0.99483 -0.000703584 0.101556 69.4714 -0.000703584 0.999904 0.0138196 0.752528 -0.101556 -0.0138196 0.994734 149.864
0.995632 -0.000960335 0.0933558 69.5377 -0.000960335 0.999789 0.0205266 0.75343 -0.0933558 -0.0205266 0.995421 150.612
0.996345 -0.00109143 0.0854143 69.5848 -0.00109143 0.999674 0.0255054 0.758455 -0.0854143 -0.0255054 0.996019 151.388
0.996921 -0.00111882 0.078406 69.6324 -0.00111882 0.999593 0.0284895 0.768377 -0.078406 -0.0284895 0.996514 152.18
0.997432 -0.00108909 0.0716098 69.6889 -0.00108909 0.999538 0.0303713 0.779807 -0.0716098 -0.0303713 0.99697 152.986
0.997696 -0.000982936 0.0678426 69.7295 -0.000982936 0.999581 0.0289375 0.782404 -0.0678426 -0.0289375 0.997276 153.783
0.998048 -0.000741225 0.0624402 69.7802 -0.000741225 0.999718 0.0237154 0.786093 -0.0624402 -0.0237154 0.997767 154.579
0.99824 -0.000485492 0.0593098 69.8106 -0.000485492 0.999866 0.0163559 0.798368 -0.0593098 -0.0163559 0.998106 155.378
0.998407 -0.000379301 0.0564265 69.8453 -0.000379301 0.99991 0.0134328 0.81102 -0.0564265 -0.0134328 0.998316 156.142
0.998589 -0.000495108 0.0530927 69.8808 -0.000495108 0.999826 0.0186359 0.823488 -0.0530927 -0.0186359 0.998416 156.915
0.998715 -0.000731617 0.0506715 69.9104 -0.000731617 0.999583 0.0288523 0.831627 -0.0506715 -0.0288523 0.998299 157.713
0.99889 -0.000842747 0.0471031 69.9416 -0.000842747 0.99936 0.0357518 0.84157 -0.0471031 -0.0357518 0.99825 158.516
0.999072 -0.000697106 0.043071 69.9612 -0.000697106 0.999476 0.0323466 0.853985 -0.043071 -0.0323466 0.998548 159.369
0.999282 -0.000427746 0.0378963 69.9847 -0.000427746 0.999745 0.0225635 0.868045 -0.0378963 -0.0225635 0.999027 160.18
0.999539 -0.00026717 0.0303593 70.0177 -0.00026717 0.999845 0.0175951 0.88526 -0.0303593 -0.0175951 0.999384 160.964
0.999738 -0.000219202 0.0228943 70.0274 -0.000219202 0.999817 0.0191448 0.892474 -0.0228943 -0.0191448 0.999555 161.771
0.999884 -0.000193863 0.0152485 70.0308 -0.000193863 0.999677 0.0254215 0.896274 -0.0152485 -0.0254215 0.999561 162.584
0.999974 -9.74464e-005 0.00719057 70.05 -9.74464e-005 0.999633 0.0270986 0.93881 -0.00719057 -0.0270986 0.999607 163.412
1 -1.45225e-005 0.000941387 70.0631 -1.45225e-005 0.999524 0.030846 0.959245 -0.000941387 -0.030846 0.999524 164.233
0.999991 6.19199e-005 -0.00417019 70.0417 6.19199e-005 0.999559 0.0296897 0.985394 0.00417019 -0.0296897 0.99955 165.076
0.999942 0.000122104 -0.010802 70.0353 0.000122104 0.999744 0.022604 0.991802 0.010802 -0.022604 0.999686 165.916
0.999838 0.000109852 -0.0179847 70.0206 0.000109852 0.999925 0.0122148 1.0013 0.0179847 -0.0122148 0.999764 166.74
0.999717 9.46916e-005 -0.0237789 70.0014 9.46916e-005 0.999968 0.00796309 1.00839 0.0237789 -0.00796309 0.999686 167.525
0.999542 0.000236104 -0.0302681 69.9967 0.000236104 0.999878 0.0155964 0.994292 0.0302681 -0.0155964 0.99942 168.27
0.999371 0.000514107 -0.0354556 69.9554 0.000514107 0.99958 0.0289848 1.00367 0.0354556 -0.0289848 0.998951 169.035
0.999214 0.000730575 -0.0396278 69.9043 0.000730575 0.999321 0.0368448 1.01099 0.0396278 -0.0368448 0.998535 169.832
0.999036 0.000737666 -0.0438923 69.8711 0.000737666 0.999436 0.0335869 1.02759 0.0438923 -0.0335869 0.998472 170.693
0.998965 0.000518748 -0.0454896 69.8173 0.000518748 0.99974 0.0227926 1.04344 0.0454896 -0.0227926 0.998705 171.567
0.998871 0.000329475 -0.0474983 69.7427 0.000329475 0.999904 0.0138646 1.0569 0.0474983 -0.0138646 0.998775 172.431
0.998813 0.000251067 -0.0487145 69.6838 0.000251067 0.999947 0.0103013 1.06206 0.0487145 -0.0103013 0.99876 173.272
0.998688 0.000364138 -0.0512064 69.6499 0.000364138 0.999899 0.0142123 1.07387 0.0512064 -0.0142123 0.998587 174.092
0.998669 0.000594152 -0.0515729 69.6096 0.000594152 0.999735 0.0230229 1.07746 0.0515729 -0.0230229 0.998404 174.914
0.99864 0.000738573 -0.0521325 69.5686 0.000738573 0.999599 0.0283095 1.09028 0.0521325 -0.0283095 0.998239 175.753
0.998518 0.000735494 -0.0544091 69.5281 0.000735494 0.999635 0.0270107 1.1064 0.0544091 -0.0270107 0.998153 176.608
0.998428 0.000491102 -0.0560415 69.4767 0.000491102 0.999847 0.0175113 1.11652 0.0560415 -0.0175113 0.998275 177.47
0.998309 0.000157415 -0.0581378 69.4527 0.000157415 0.999985 0.00541061 1.11835 0.0581378 -0.00541061 0.998294 178.013
0.997979 3.80622e-005 -0.0635524 69.4606 3.80622e-005 0.999999 0.00119661 1.11811 0.0635524 -0.00119661 0.997978 178.667
0.997842 0.000567021 -0.0656619 69.4095 0.000567021 0.999851 0.017251 1.11472 0.0656619 -0.017251 0.997693 179.366
0.997842 0.000567021 -0.0656619 69.3584 0.000567021 0.999851 0.017251 1.11132 0.0656619 -0.017251 0.997693 180.064
0.997691 0.000693567 -0.0679191 69.3083 0.000693567 0.999792 0.0203976 1.11212 0.0679191 -0.0203976 0.997482 180.829
0.9978 0.000529259 -0.0663 69.2296 0.000529259 0.999873 0.015947 1.11911 0.0663 -0.015947 0.997672 181.632
0.997674 0.000319817 -0.0681715 69.1844 0.000319817 0.999956 0.00937158 1.1266 0.0681715 -0.00937158 0.99763 182.492
0.997685 0.000316453 -0.0680113 69.1138 0.000316453 0.999957 0.00929493 1.12792 0.0680113 -0.00929493 0.997641 183.35
