0.999998 -5.1196e-007 -0.00191581 0.00543667 -5.1196e-007 1 -0.000534458 -0.0164839 0.00191581 0.000534458 0.999998 0.643929
0.999999 -1.53517e-006 -0.00147247 -0.0328805 -1.53517e-006 0.999998 -0.00208515 -0.0309934 0.00147247 0.00208515 0.999997 1.27583
0.999995 -9.05333e-006 -0.00327864 -0.0557771 -9.05333e-006 0.999985 -0.00552256 -0.0413573 0.00327864 0.00552256 0.999979 1.87631
0.999995 -9.05333e-006 -0.00327864 -0.0786737 -9.05333e-006 0.999985 -0.00552256 -0.0517212 0.00327864 0.00552256 0.999979 2.4768
0.999971 -2.73826e-005 -0.0076242 -0.0431345 -2.73826e-005 0.999974 -0.00718288 -0.069792 0.0076242 0.00718288 0.999945 3.07047
0.999932 -4.35225e-005 -0.0116435 -0.0415054 -4.35225e-005 0.999972 -0.00747546 -0.0806529 0.0116435 0.00747546 0.999904 3.642
0.999932 -4.35225e-005 -0.0116435 -0.0398762 -4.35225e-005 0.999972 -0.00747546 -0.0915139 0.0116435 0.00747546 0.999904 4.21353
0.999852 -7.32727e-005 -0.0172279 0.00847753 -7.32727e-005 0.999964 -0.00850549 -0.111179 0.0172279 0.00850549 0.999815 4.78659
0.999813 -0.000139317 -0.0193224 -0.0157591 -0.000139317 0.999896 -0.0144181 -0.13076 0.0193224 0.0144181 0.999709 5.35713
0.999813 -0.000139317 -0.0193224 -0.0399957 -0.000139317 0.999896 -0.0144181 -0.150341 0.0193224 0.0144181 0.999709 5.92768
0.999763 -0.000198421 -0.0217752 -0.0580498 -0.000198421 0.999834 -0.0182208 -0.158735 0.0217752 0.0182208 0.999597 6.48744
0.999763 -0.000198421 -0.0217752 -0.076104 -0.000198421 0.999834 -0.0182208 -0.167128 0.0217752 0.0182208 0.999597 7.04721
0.999789 -0.000110888 -0.020558 -0.0991385 -0.000110888 0.999942 -0.0107864 -0.176734 0.020558 0.0107864 0.99973 7.3303
0.999774 -1.68741e-006 -0.0212482 -0.111607 -1.68741e-006 1 -0.00015881 -0.182598 0.0212482 0.00015881 0.999774 7.65543
0.999786 6.8141e-005 -0.0207048 -0.140934 6.8141e-005 0.999978 0.00658137 -0.193867 0.0207048 -0.00658137 0.999764 8.1571
0.999803 5.90219e-005 -0.0198581 -0.157798 5.90219e-005 0.999982 0.00594373 -0.206807 0.0198581 -0.00594373 0.999785 8.74129
0.999792 -1.35124e-005 -0.0204018 -0.180669 -1.35124e-005 0.999999 -0.0013245 -0.211338 0.0204018 0.0013245 0.999791 9.3837
0.999762 -8.23273e-005 -0.021828 -0.195898 -8.23273e-005 0.999972 -0.00754228 -0.207966 0.021828 0.00754228 0.999733 10.0546
0.99974 -7.16879e-005 -0.0227941 -0.214381 -7.16879e-005 0.99998 -0.00628915 -0.207226 0.0227941 0.00628915 0.99972 10.7344
0.999699 3.03736e-005 -0.0245465 -0.215837 3.03736e-005 0.999997 0.00247441 -0.213027 0.0245465 -0.00247441 0.999696 11.4159
0.999685 0.000122781 -0.0251157 -0.202217 0.000122781 0.999952 0.00977544 -0.212864 0.0251157 -0.00977544 0.999637 12.1084
0.999707 0.000151183 -0.0241892 -0.22815 0.000151183 0.999922 0.0124977 -0.214121 0.0241892 -0.0124977 0.999629 12.8627
0.999681 0.000142711 -0.0252617 -0.238481 0.000142711 0.999936 0.0112964 -0.211308 0.0252617 -0.0112964 0.999617 13.6622
0.999723 0.000104897 -0.023529 -0.281388 0.000104897 0.99996 0.00891501 -0.214847 0.023529 -0.00891501 0.999683 14.5113
0.999722 6.38629e-005 -0.0235834 -0.306057 6.38629e-005 0.999985 0.00541512 -0.217399 0.0235834 -0.00541512 0.999707 15.3674
0.999768 -5.52178e-006 -0.02154 -0.334581 -5.52178e-006 1 -0.000512642 -0.218524 0.02154 0.000512642 0.999768 16.2592
0.999771 -7.28806e-005 -0.0213991 -0.345977 -7.28806e-005 0.999977 -0.00681069 -0.231689 0.0213991 0.00681069 0.999748 17.2012
0.999826 -0.0001182 -0.0186768 -0.392706 -0.0001182 0.99992 -0.0126558 -0.241259 0.0186768 0.0126558 0.999745 18.139
0.999841 -0.000119786 -0.0178129 -0.422866 -0.000119786 0.99991 -0.0134477 -0.258937 0.0178129 0.0134477 0.999751 19.0355
0.999838 -0.000115146 -0.0179838 -0.446875 -0.000115146 0.999918 -0.012804 -0.280529 0.0179838 0.012804 0.999756 19.9654
0.999848 -0.000123447 -0.017408 -0.478442 -0.000123447 0.999899 -0.014181 -0.304774 0.017408 0.014181 0.999748 20.8801
0.999803 -0.000163625 -0.019848 -0.464799 -0.000163625 0.999864 -0.016485 -0.328971 0.019848 0.016485 0.999667 21.8055
0.999802 -0.000176191 -0.019921 -0.501258 -0.000176191 0.999844 -0.0176859 -0.354348 0.019921 0.0176859 0.999645 22.7788
0.999802 -0.000176191 -0.019921 -0.537718 -0.000176191 0.999844 -0.0176859 -0.379725 0.019921 0.0176859 0.999645 23.752
0.999802 -0.000176191 -0.019921 -0.574177 -0.000176191 0.999844 -0.0176859 -0.405101 0.019921 0.0176859 0.999645 24.7253
0.999814 -0.000170265 -0.0192856 -0.610813 -0.000170265 0.999844 -0.0176542 -0.432382 0.0192856 0.0176542 0.999658 25.689
0.999849 -0.000149477 -0.0173977 -0.667141 -0.000149477 0.999852 -0.017181 -0.454347 0.0173977 0.017181 0.999701 26.6316
0.999806 -0.000148192 -0.0197126 -0.672373 -0.000148192 0.999887 -0.0150329 -0.486936 0.0197126 0.0150329 0.999693 27.6125
0.999807 -0.000145493 -0.0196642 -0.700958 -0.000145493 0.999891 -0.0147955 -0.517781 0.0196642 0.0147955 0.999697 28.6316
0.999807 -0.000145493 -0.0196642 -0.729542 -0.000145493 0.999891 -0.0147955 -0.548626 0.0196642 0.0147955 0.999697 29.6507
0.999795 -0.000161177 -0.0202357 -0.7801 -0.000161177 0.999873 -0.0159273 -0.573872 0.0202357 0.0159273 0.999668 30.7035
0.999781 -0.000164895 -0.0209296 -0.787981 -0.000164895 0.999876 -0.0157544 -0.59956 0.0209296 0.0157544 0.999657 31.7487
0.999787 -0.000138451 -0.020624 -0.824765 -0.000138451 0.99991 -0.0134241 -0.625362 0.020624 0.0134241 0.999697 32.7883
0.999785 -0.000101236 -0.0207492 -0.855661 -0.000101236 0.999952 -0.0097568 -0.655832 0.0207492 0.0097568 0.999737 33.8851
0.999814 -7.02182e-005 -0.019306 -0.911204 -7.02182e-005 0.999974 -0.00727348 -0.685819 0.019306 0.00727348 0.999787 34.9791
0.999793 -7.03075e-005 -0.0203392 -0.929931 -7.03075e-005 0.999976 -0.00691269 -0.70942 0.0203392 0.00691269 0.999769 36.0667
0.999784 -8.3693e-005 -0.020771 -0.956709 -8.3693e-005 0.999968 -0.00805763 -0.739045 0.020771 0.00805763 0.999752 37.1549
0.999808 -8.47114e-005 -0.01957 -1.01481 -8.47114e-005 0.999963 -0.00865628 -0.761909 0.01957 0.00865628 0.999771 38.2429
0.999791 -7.74933e-005 -0.020448 -1.03906 -7.74933e-005 0.999971 -0.00757863 -0.786624 0.020448 0.00757863 0.999762 39.3526
0.999786 -5.77698e-005 -0.0206901 -1.07122 -5.77698e-005 0.999984 -0.00558364 -0.813927 0.0206901 0.00558364 0.99977 40.4454
0.999771 -2.99082e-005 -0.0214009 -1.10079 -2.99082e-005 0.999996 -0.00279472 -0.844345 0.0214009 0.00279472 0.999767 41.5635
0.999787 -3.4048e-005 -0.0206336 -1.15033 -3.4048e-005 0.999995 -0.00329989 -0.866935 0.0206336 0.00329989 0.999782 42.7098
0.999771 -7.87016e-005 -0.0214126 -1.17675 -7.87016e-005 0.999973 -0.00735004 -0.89038 0.0214126 0.00735004 0.999744 43.8529
0.999785 -0.0001148 -0.0207433 -1.21664 -0.0001148 0.999939 -0.0110671 -0.920672 0.0207433 0.0110671 0.999724 44.9904
0.999807 -0.000111801 -0.0196658 -1.26328 -0.000111801 0.999935 -0.0113686 -0.949196 0.0196658 0.0113686 0.999742 46.1245
0.999795 -8.03684e-005 -0.0202392 -1.28704 -8.03684e-005 0.999968 -0.00794092 -0.98792 0.0202392 0.00794092 0.999764 47.2712
0.999801 -5.52504e-005 -0.0199342 -1.32261 -5.52504e-005 0.999985 -0.00554268 -1.02017 0.0199342 0.00554268 0.999786 48.4039
0.999801 -4.66525e-005 -0.0199388 -1.34934 -4.66525e-005 0.999989 -0.00467909 -1.04194 0.0199388 0.00467909 0.99979 49.5542
0.99984 -5.21324e-005 -0.0178827 -1.39655 -5.21324e-005 0.999983 -0.00582999 -1.06662 0.0178827 0.00582999 0.999823 50.7022
0.999869 -6.08294e-005 -0.0161723 -1.44677 -6.08294e-005 0.999972 -0.00752206 -1.09555 0.0161723 0.00752206 0.999841 51.8353
0.99987 -7.80946e-005 -0.0160973 -1.46502 -7.80946e-005 0.999953 -0.00970198 -1.12669 0.0160973 0.00970198 0.999823 52.9834
0.999873 -9.80836e-005 -0.015923 -1.49021 -9.80836e-005 0.999924 -0.0123185 -1.15616 0.015923 0.0123185 0.999797 54.1133
0.999868 -0.000126001 -0.0162639 -1.50735 -0.000126001 0.99988 -0.0154925 -1.19321 0.0162639 0.0154925 0.999748 55.1972
0.999876 -0.000135 -0.0157445 -1.53203 -0.000135 0.999853 -0.0171466 -1.22939 0.0157445 0.0171466 0.999729 56.2906
0.999894 -0.000110795 -0.014543 -1.56522 -0.000110795 0.999884 -0.0152352 -1.25979 0.014543 0.0152352 0.999778 57.3846
0.999865 -8.09639e-005 -0.0164314 -1.55349 -8.09639e-005 0.999951 -0.00985386 -1.28653 0.0164314 0.00985386 0.999816 58.4586
0.999873 -3.19151e-005 -0.0159636 -1.57787 -3.19151e-005 0.999992 -0.00399823 -1.31223 0.0159636 0.00399823 0.999865 59.5618
0.999888 -2.51357e-005 -0.0149939 -1.59526 -2.51357e-005 0.999994 -0.00335259 -1.34082 0.0149939 0.00335259 0.999882 60.6773
0.99988 -4.89578e-005 -0.0155202 -1.60221 -4.89578e-005 0.99998 -0.00630848 -1.36726 0.0155202 0.00630848 0.99986 61.8137
0.999875 -7.52308e-005 -0.0158067 -1.60876 -7.52308e-005 0.999955 -0.00951807 -1.39492 0.0158067 0.00951807 0.99983 62.9418
0.999887 -0.000102542 -0.0150324 -1.65448 -0.000102542 0.999907 -0.0136413 -1.42356 0.0150324 0.0136413 0.999794 64.0804
0.999899 -0.000129726 -0.0142371 -1.69111 -0.000129726 0.999834 -0.0182211 -1.45396 0.0142371 0.0182211 0.999733 65.2068
0.999907 -0.000129141 -0.0136407 -1.71994 -0.000129141 0.999821 -0.0189321 -1.48681 0.0136407 0.0189321 0.999728 66.3224
0.999917 -9.82566e-005 -0.0128932 -1.74065 -9.82566e-005 0.999884 -0.0152401 -1.52326 0.0128932 0.0152401 0.999801 67.4122
0.999913 -9.06263e-005 -0.0131968 -1.75728 -9.06263e-005 0.999906 -0.0137333 -1.55005 0.0131968 0.0137333 0.999819 68.5114
0.999889 -0.000100074 -0.0149116 -1.74898 -0.000100074 0.99991 -0.013421 -1.57754 0.0149116 0.013421 0.999799 69.6403
0.99991 -8.4951e-005 -0.0134129 -1.79097 -8.4951e-005 0.99992 -0.012666 -1.61217 0.0134129 0.012666 0.99983 70.7703
0.999896 -8.13884e-005 -0.0144027 -1.79429 -8.13884e-005 0.999936 -0.0113009 -1.64529 0.0144027 0.0113009 0.999832 71.9025
0.999906 -6.30252e-005 -0.0136891 -1.8349 -6.30252e-005 0.999958 -0.00920745 -1.67908 0.0136891 0.00920745 0.999864 73.0639
0.999886 -5.65751e-005 -0.0150674 -1.84477 -5.65751e-005 0.999972 -0.00750907 -1.71408 0.0150674 0.00750907 0.999858 74.2026
0.999856 -7.99387e-005 -0.0169514 -1.84857 -7.99387e-005 0.999956 -0.00943062 -1.73626 0.0169514 0.00943062 0.999812 75.3557
0.999825 -0.000124637 -0.0187135 -1.84949 -0.000124637 0.999911 -0.0133188 -1.76966 0.0187135 0.0133188 0.999736 76.492
0.999822 -0.000143554 -0.0188818 -1.88282 -0.000143554 0.999884 -0.0152033 -1.80642 0.0188818 0.0152033 0.999706 77.6052
0.999809 -0.000133533 -0.0195498 -1.91808 -0.000133533 0.999907 -0.0136589 -1.83734 0.0195498 0.0136589 0.999716 78.7042
0.999765 -9.60817e-005 -0.0216602 -1.91748 -9.60817e-005 0.999961 -0.00887051 -1.88182 0.0216602 0.00887051 0.999726 79.7918
0.999741 -4.91444e-005 -0.022753 -1.95295 -4.91444e-005 0.999991 -0.00431924 -1.9113 0.022753 0.00431924 0.999732 80.9294
0.999741 -4.91444e-005 -0.022753 -1.98841 -4.91444e-005 0.999991 -0.00431924 -1.94078 0.022753 0.00431924 0.999732 82.0669
0.999754 -8.01734e-005 -0.0221682 -2.04734 -8.01734e-005 0.999974 -0.00723221 -1.95159 0.0221682 0.00723221 0.999728 83.2217
0.999733 -9.19614e-005 -0.0230973 -2.08227 -9.19614e-005 0.999968 -0.00796176 -1.98025 0.0230973 0.00796176 0.999702 84.3957
0.999734 -9.30211e-005 -0.0230701 -2.12392 -9.30211e-005 0.999967 -0.008063 -2.01655 0.0230701 0.008063 0.999701 85.5675
0.999738 -9.18443e-005 -0.0228678 -2.17504 -9.18443e-005 0.999968 -0.00803146 -2.04372 0.0228678 0.00803146 0.999706 86.7225
0.999726 -7.53313e-005 -0.0234008 -2.21031 -7.53313e-005 0.999979 -0.00643741 -2.07935 0.0234008 0.00643741 0.999705 87.8582
0.999724 -4.38067e-005 -0.0234868 -2.25045 -4.38067e-005 0.999993 -0.00372981 -2.11156 0.0234868 0.00372981 0.999717 88.9641
0.999708 -3.36695e-005 -0.0241723 -2.28468 -3.36695e-005 0.999996 -0.00278537 -2.14324 0.0241723 0.00278537 0.999704 90.0442
0.999682 -3.49317e-005 -0.0252231 -2.33725 -3.49317e-005 0.999996 -0.00276936 -2.16766 0.0252231 0.00276936 0.999678 91.1109
0.999595 -5.35088e-005 -0.0284748 -2.37669 -5.35088e-005 0.999993 -0.00375755 -2.19324 0.0284748 0.00375755 0.999587 92.1363
0.999456 -7.13083e-005 -0.032971 -2.39308 -7.13083e-005 0.999991 -0.00432432 -2.22711 0.032971 0.00432432 0.999447 93.1226
0.999172 -6.65067e-005 -0.0406801 -2.41713 -6.65067e-005 0.999995 -0.00326838 -2.25132 0.0406801 0.00326838 0.999167 94.0786
0.999172 -6.65067e-005 -0.0406801 -2.44118 -6.65067e-005 0.999995 -0.00326838 -2.27552 0.0406801 0.00326838 0.999167 95.0346
0.99907 -4.49569e-005 -0.0431214 -2.502 -4.49569e-005 0.999998 -0.00208416 -2.30321 0.0431214 0.00208416 0.999068 95.9714
0.998896 -1.9776e-005 -0.0469693 -2.54094 -1.9776e-005 1 -0.000841619 -2.32137 0.0469693 0.000841619 0.998896 96.8552
0.998772 -3.49813e-006 -0.0495509 -2.59279 -3.49813e-006 1 -0.000141107 -2.34119 0.0495509 0.000141107 0.998772 97.7265
0.998748 1.11803e-005 -0.050027 -2.6767 1.11803e-005 1 0.000446692 -2.36523 0.050027 -0.000446692 0.998748 98.5809
0.998719 -2.23318e-005 -0.0506084 -2.76405 -2.23318e-005 1 -0.000881966 -2.38522 0.0506084 0.000881966 0.998718 99.4239
0.998495 -0.000128864 -0.0548459 -2.79053 -0.000128864 0.999989 -0.00469556 -2.40928 0.0548459 0.00469556 0.998484 100.221
0.998167 -0.000313557 -0.0605257 -2.8342 -0.000313557 0.999946 -0.0103513 -2.438 0.0605257 0.0103513 0.998113 101.022
0.998167 -0.000313557 -0.0605257 -2.87787 -0.000313557 0.999946 -0.0103513 -2.46672 0.0605257 0.0103513 0.998113 101.823
0.998162 -0.000344703 -0.0606002 -2.94134 -0.000344703 0.999935 -0.0113655 -2.48571 0.0606002 0.0113655 0.998097 102.563
0.99864 -0.00026869 -0.0521423 -3.04337 -0.00026869 0.999947 -0.0102987 -2.4955 0.0521423 0.0102987 0.998587 103.262
0.99864 -0.00026869 -0.0521423 -3.1454 -0.00026869 0.999947 -0.0102987 -2.50528 0.0521423 0.0102987 0.998587 103.961
0.999226 -0.000127515 -0.0393405 -3.17375 -0.000127515 0.999979 -0.00648004 -2.52624 0.0393405 0.00648004 0.999205 104.628
0.999226 -0.000127515 -0.0393405 -3.2021 -0.000127515 0.999979 -0.00648004 -2.54719 0.0393405 0.00648004 0.999205 105.295
0.999562 -5.70207e-005 -0.0296071 -3.21964 -5.70207e-005 0.999993 -0.00385097 -2.56137 0.0296071 0.00385097 0.999554 105.898
0.99985 -1.97934e-005 -0.0173464 -3.2069 -1.97934e-005 0.999997 -0.00228196 -2.57301 0.0173464 0.00228196 0.999847 106.347
0.999994 -3.09571e-006 -0.00335063 -3.20164 -3.09571e-006 0.999998 -0.00184783 -2.58659 0.00335063 0.00184783 0.999993 106.738
0.999933 1.3293e-005 0.0116096 -3.18751 1.3293e-005 0.999997 -0.00228993 -2.60296 -0.0116096 0.00228993 0.99993 107.095
0.999567 7.30745e-005 0.0294403 -3.16269 7.30745e-005 0.999988 -0.00496315 -2.61458 -0.0294403 0.00496315 0.999554 107.522
0.998698 0.000230026 0.0510139 -3.13084 0.000230026 0.999959 -0.0090121 -2.62653 -0.0510139 0.0090121 0.998657 107.899
0.997152 0.00049761 0.0754136 -3.07858 0.00049761 0.999913 -0.0131775 -2.6372 -0.0754136 0.0131775 0.997065 108.303
0.994753 0.000786763 0.102303 -3.01202 0.000786763 0.999882 -0.0153398 -2.64735 -0.102303 0.0153398 0.994635 108.706
0.991224 0.00104505 0.132188 -2.93383 0.00104505 0.999876 -0.0157412 -2.65958 -0.132188 0.0157412 0.9911 109.116
0.986405 0.00140776 0.164329 -2.8374 0.00140776 0.999854 -0.0170157 -2.67151 -0.164329 0.0170157 0.986259 109.505
0.979791 0.00177665 0.200014 -2.73397 0.00177665 0.999844 -0.0175843 -2.68662 -0.200014 0.0175843 0.979635 109.873
0.971269 0.00202888 0.237977 -2.61489 0.00202888 0.999857 -0.0168049 -2.70201 -0.237977 0.0168049 0.971125 110.228
0.960543 0.00232597 0.278123 -2.502 0.00232597 0.999863 -0.0163951 -2.7203 -0.278123 0.0163951 0.960406 110.536
0.947564 0.00285033 0.319553 -2.36848 0.00285033 0.999845 -0.0173704 -2.73568 -0.319553 0.0173704 0.947409 110.853
0.932066 0.00348003 0.362271 -2.2056 0.00348003 0.999822 -0.018558 -2.74646 -0.362271 0.018558 0.931888 111.162
0.913889 0.00370727 0.405946 -2.0305 0.00370727 0.99984 -0.017477 -2.75715 -0.405946 0.017477 0.91373 111.469
0.893569 0.00378 0.448909 -1.83142 0.00378 0.999866 -0.0159435 -2.77041 -0.448909 0.0159435 0.893435 111.766
0.870111 0.0040642 0.492839 -1.61653 0.0040642 0.999873 -0.0154208 -2.78671 -0.492839 0.0154208 0.869984 112.059
0.84532 0.00486514 0.534238 -1.37901 0.00486514 0.999847 -0.0168034 -2.79752 -0.534238 0.0168034 0.845167 112.332
0.817405 0.0063193 0.576029 -1.13982 0.0063193 0.999781 -0.0199354 -2.81359 -0.576029 0.0199354 0.817186 112.607
0.786345 0.00857777 0.617728 -0.895713 0.00857777 0.999656 -0.0248004 -2.83 -0.617728 0.0248004 0.786001 112.875
0.752089 0.0119863 0.658953 -0.669641 0.0119863 0.99942 -0.0318599 -2.8318 -0.658953 0.0318599 0.751509 113.1
0.713593 0.0147938 0.700405 -0.425835 0.0147938 0.999236 -0.036178 -2.85243 -0.700405 0.036178 0.712828 113.336
0.673842 0.0162139 0.738698 -0.152439 0.0162139 0.999194 -0.0367219 -2.86271 -0.738698 0.0367219 0.673036 113.54
0.631462 0.0155442 0.775251 0.141028 0.0155442 0.999344 -0.0326986 -2.87846 -0.775251 0.0326986 0.630806 113.737
0.587885 0.0157234 0.808792 0.449696 0.0157234 0.9994 -0.0308579 -2.89443 -0.808792 0.0308579 0.587285 113.902
0.541369 0.01672 0.840619 0.756629 0.01672 0.99939 -0.0306458 -2.91195 -0.840619 0.0306458 0.54076 114.063
0.493611 0.016493 0.869526 1.06288 0.016493 0.999463 -0.0283203 -2.9257 -0.869526 0.0283203 0.493074 114.192
0.441537 0.0175381 0.897071 1.4024 0.0175381 0.999449 -0.0281719 -2.94008 -0.897071 0.0281719 0.440987 114.336
0.389097 0.0217023 0.920941 1.77478 0.0217023 0.999229 -0.0327163 -2.95658 -0.920941 0.0327163 0.388326 114.478
0.338519 0.0267079 0.94058 2.16014 0.0267079 0.998922 -0.0379768 -2.97739 -0.94058 0.0379768 0.337441 114.58
0.288733 0.0297453 0.956947 2.53406 0.0297453 0.998756 -0.0400198 -3.00202 -0.956947 0.0400198 0.287489 114.644
0.200968 0.0279036 0.9792 2.91974 0.0279036 0.999026 -0.0341954 -3.02283 -0.9792 0.0341954 0.199994 114.691
0.200968 0.0279036 0.9792 3.30542 0.0279036 0.999026 -0.0341954 -3.04363 -0.9792 0.0341954 0.199994 114.738
0.165692 0.0237493 0.985892 3.70334 0.0237493 0.999324 -0.0280643 -3.0578 -0.985892 0.0280643 0.165016 114.767
0.135507 0.0208853 0.990556 4.07174 0.0208853 0.999495 -0.0239309 -3.07477 -0.990556 0.0239309 0.135002 114.78
0.107889 0.0240308 0.993873 4.46682 0.0240308 0.999353 -0.0267719 -3.08595 -0.993873 0.0267719 0.107241 114.81
0.0831735 0.030614 0.996065 4.8849 0.030614 0.998978 -0.0332598 -3.10116 -0.996065 0.0332598 0.0821513 114.84
0.0599087 0.0356535 0.997567 5.36434 0.0356535 0.998648 -0.0378333 -3.1176 -0.997567 0.0378333 0.0585565 114.871
0.0374079 0.0321944 0.998781 5.84555 0.0321944 0.998923 -0.0334048 -3.14522 -0.998781 0.0334048 0.0363311 114.869
0.0169538 0.0247986 0.999549 6.35288 0.0247986 0.999374 -0.0252149 -3.16922 -0.999549 0.0252149 0.0163282 114.853
-0.000732472 0.0211662 0.999776 6.85028 0.0211662 0.999552 -0.0211459 -3.18824 -0.999776 0.0211459 -0.00118015 114.834
-0.0153279 0.021401 0.999653 7.38538 0.021401 0.999549 -0.0210706 -3.1984 -0.999653 0.0210706 -0.015779 114.83
-0.0260153 0.0240252 0.999373 7.92153 0.0240252 0.999437 -0.0234013 -3.2104 -0.999373 0.0234013 -0.0265779 114.811
-0.0315615 0.0180436 0.999339 8.45929 0.0180436 0.999684 -0.01748 -3.22237 -0.999339 0.01748 -0.0318771 114.767
-0.0353782 0.0142812 0.999272 9.02056 0.0142812 0.999803 -0.0137832 -3.23808 -0.999272 0.0137832 -0.0355752 114.747
-0.0373116 0.0134057 0.999214 9.62338 0.0134057 0.999827 -0.0129133 -3.23674 -0.999214 0.0129133 -0.0374848 114.745
-0.0366698 0.0151575 0.999212 10.2746 0.0151575 0.999778 -0.0146098 -3.24046 -0.999212 0.0146098 -0.0368915 114.744
-0.0357167 0.0223894 0.999111 10.9685 0.0223894 0.999516 -0.0215981 -3.25701 -0.999111 0.0215981 -0.0362007 114.748
-0.0344624 0.0206348 0.999193 11.6616 0.0206348 0.999588 -0.0199312 -3.28613 -0.999193 0.0199312 -0.034874 114.718
-0.0340375 0.0213342 0.999193 12.3807 0.0213342 0.99956 -0.0206153 -3.30472 -0.999193 0.0206153 -0.0344777 114.703
-0.0325882 0.0198541 0.999272 13.1082 0.0198541 0.999618 -0.0192135 -3.32781 -0.999272 0.0192135 -0.0329699 114.67
-0.0320414 0.0223421 0.999237 13.8652 0.0223421 0.999516 -0.0216319 -3.3467 -0.999237 0.0216319 -0.032525 114.658
-0.0311474 0.0194404 0.999326 14.6345 0.0194404 0.999633 -0.0188404 -3.37102 -0.999326 0.0188404 -0.031514 114.622
-0.0328389 0.0225725 0.999206 15.432 0.0225725 0.999507 -0.0218375 -3.39377 -0.999206 0.0218375 -0.0333322 114.622
-0.0324282 0.0236705 0.999194 16.2284 0.0236705 0.999457 -0.0229086 -3.43467 -0.999194 0.0229086 -0.0329709 114.581
-0.0340741 0.0211092 0.999196 17.0597 0.0211092 0.999569 -0.0203972 -3.46391 -0.999196 0.0203972 -0.034505 114.548
-0.0340741 0.0211092 0.999196 17.891 0.0211092 0.999569 -0.0203972 -3.49316 -0.999196 0.0203972 -0.034505 114.515
-0.0339446 0.0170954 0.999277 18.729 0.0170954 0.999717 -0.0165222 -3.52337 -0.999277 0.0165222 -0.0342273 114.466
-0.0349015 0.0209213 0.999172 19.5956 0.0209213 0.999577 -0.020199 -3.55668 -0.999172 0.020199 -0.0353244 114.44
-0.0363214 0.0215846 0.999107 20.4569 0.0215846 0.99955 -0.0208095 -3.58541 -0.999107 0.0208095 -0.036771 114.417
-0.0382937 0.0207269 0.999052 21.3251 0.0207269 0.999586 -0.0199436 -3.61036 -0.999052 0.0199436 -0.0387075 114.401
-0.0391883 0.0203149 0.999025 22.1994 0.0203149 0.999603 -0.0195297 -3.6396 -0.999025 0.0195297 -0.0395855 114.365
-0.0395069 0.0212843 0.998993 23.0668 0.0212843 0.999564 -0.0204548 -3.66978 -0.998993 0.0204548 -0.0399427 114.321
-0.0402033 0.0232219 0.998922 23.9645 0.0232219 0.999482 -0.0223003 -3.70123 -0.998922 0.0223003 -0.0407217 114.284
-0.0418081 0.027027 0.99876 24.8747 0.027027 0.999299 -0.0259103 -3.73189 -0.99876 0.0259103 -0.0425092 114.279
-0.041961 0.030669 0.998648 25.8081 0.030669 0.999097 -0.0293941 -3.76971 -0.998648 0.0293941 -0.0428637 114.254
-0.040877 0.0358853 0.99852 26.7257 0.0358853 0.998763 -0.034425 -3.82145 -0.99852 0.034425 -0.0421141 114.228
-0.0410093 0.032318 0.998636 27.665 0.032318 0.998997 -0.0310026 -3.87683 -0.998636 0.0310026 -0.0420126 114.195
-0.0404845 0.029525 0.998744 28.5795 0.029525 0.999162 -0.0283406 -3.9189 -0.998744 0.0283406 -0.0413223 114.159
-0.0396738 0.0275987 0.998831 29.4656 0.0275987 0.999267 -0.0265146 -3.93794 -0.998831 0.0265146 -0.0404065 114.123
-0.0362595 0.0228432 0.999081 30.3039 0.0228432 0.999496 -0.0220237 -3.97021 -0.999081 0.0220237 -0.036763 114.065
-0.0352611 0.019883 0.99918 31.1459 0.019883 0.999618 -0.01919 -4.00066 -0.99918 0.01919 -0.035643 114.035
-0.0339809 0.0188822 0.999244 32.0026 0.0188822 0.999655 -0.0182479 -4.03783 -0.999244 0.0182479 -0.0343257 114.001
-0.0345613 0.0204904 0.999193 32.8863 0.0204904 0.999594 -0.0197899 -4.06788 -0.999193 0.0197899 -0.0349671 113.984
-0.0353514 0.023079 0.999108 33.7763 0.023079 0.999486 -0.0222711 -4.09983 -0.999108 0.0222711 -0.0358659 113.958
-0.0374984 0.0252695 0.998977 34.6554 0.0252695 0.999385 -0.0243313 -4.13093 -0.998977 0.0243313 -0.0381138 113.932
-0.0391739 0.0257543 0.9989 35.529 0.0257543 0.999362 -0.0247562 -4.17516 -0.9989 0.0247562 -0.0398122 113.901
-0.0414517 0.0274828 0.998762 36.4069 0.0274828 0.999275 -0.0263563 -4.22092 -0.998762 0.0263563 -0.042177 113.874
-0.0430033 0.0296091 0.998636 37.2836 0.0296091 0.999159 -0.0283496 -4.26402 -0.998636 0.0283496 -0.0438438 113.838
-0.0446112 0.0315055 0.998508 38.1507 0.0315055 0.99905 -0.0301151 -4.30727 -0.998508 0.0301151 -0.0455614 113.803
-0.0476373 0.033002 0.998319 39.0082 0.033002 0.99896 -0.0314484 -4.34819 -0.998319 0.0314484 -0.048677 113.777
-0.0486327 0.032911 0.998274 39.8959 0.032911 0.998967 -0.0313305 -4.39526 -0.998274 0.0313305 -0.0496656 113.733
-0.0505417 0.0333196 0.998166 40.7661 0.0333196 0.998943 -0.0316585 -4.43915 -0.998166 0.0316585 -0.0515985 113.691
-0.0505046 0.0317259 0.99822 41.6295 0.0317259 0.999042 -0.0301468 -4.48244 -0.99822 0.0301468 -0.0514628 113.632
-0.0523772 0.0310673 0.998144 42.4916 0.0310673 0.999083 -0.0294663 -4.52907 -0.998144 0.0294663 -0.0532944 113.596
-0.0544437 0.0307508 0.998043 43.3559 0.0307508 0.999103 -0.029106 -4.57429 -0.998043 0.029106 -0.0553405 113.561
-0.0560465 0.0316909 0.997925 44.2074 0.0316909 0.999049 -0.0299467 -4.61661 -0.997925 0.0299467 -0.0569975 113.521
-0.057413 0.0356843 0.997713 45.0443 0.0356843 0.998796 -0.0336696 -4.6628 -0.997713 0.0336696 -0.0586173 113.486
-0.0591007 0.0374912 0.997548 45.8928 0.0374912 0.998673 -0.0353123 -4.70946 -0.997548 0.0353123 -0.0604279 113.453
-0.0597532 0.0376667 0.997502 46.7213 0.0376667 0.998661 -0.0354541 -4.75603 -0.997502 0.0354541 -0.061092 113.409
-0.0591031 0.0364705 0.997585 47.5393 0.0364705 0.998744 -0.0343521 -4.80351 -0.997585 0.0343521 -0.060359 113.359
-0.0591279 0.0360113 0.997601 48.3402 0.0360113 0.998776 -0.0339193 -4.84863 -0.997601 0.0339193 -0.0603523 113.312
-0.0573947 0.037248 0.997656 49.1193 0.037248 0.998688 -0.0351437 -4.88746 -0.997656 0.0351437 -0.0587068 113.255
-0.0582354 0.0379374 0.997582 49.894 0.0379374 0.99864 -0.035763 -4.93334 -0.997582 0.035763 -0.0595955 113.223
-0.0630912 0.0366759 0.997334 50.6677 0.0366759 0.998735 -0.0344073 -4.97656 -0.997334 0.0344073 -0.0643565 113.224
-0.0655437 0.0344236 0.997256 51.4444 0.0344236 0.998888 -0.0322175 -5.02103 -0.997256 0.0322175 -0.0666558 113.206
-0.0647655 0.0392538 0.997128 52.2448 0.0392538 0.998553 -0.0367603 -5.06344 -0.997128 0.0367603 -0.0662126 113.153
-0.0640605 0.0408138 0.997111 53.0298 0.0408138 0.998435 -0.0382459 -5.11363 -0.997111 0.0382459 -0.0656259 113.104
-0.0632169 0.0402084 0.99719 53.8295 0.0402084 0.998479 -0.0377114 -5.15895 -0.99719 0.0377114 -0.0647375 113.033
-0.0640952 0.0374251 0.997242 54.6186 0.0374251 0.998684 -0.0350738 -5.19305 -0.997242 0.0350738 -0.0654115 112.962
-0.0667913 0.0404232 0.996948 55.4255 0.0404232 0.998468 -0.0377766 -5.23498 -0.996948 0.0377766 -0.068323 112.911
-0.07112 0.0438422 0.996504 56.2188 0.0438422 0.998205 -0.0407881 -5.28404 -0.996504 0.0407881 -0.0729145 112.848
-0.0779553 0.040396 0.996138 57.0043 0.040396 0.998486 -0.0373299 -5.3285 -0.996138 0.0373299 -0.0794691 112.792
-0.0847603 0.0397926 0.995606 57.7694 0.0397926 0.99854 -0.0365221 -5.37419 -0.995606 0.0365221 -0.0862201 112.728
-0.0921977 0.0406514 0.994911 58.5096 0.0406514 0.998487 -0.0370304 -5.41112 -0.994911 0.0370304 -0.0937108 112.658
-0.0982236 0.0456253 0.994118 59.2288 0.0456253 0.998105 -0.0413002 -5.44874 -0.994118 0.0413002 -0.100119 112.595
-0.104052 0.0479157 0.993417 59.964 0.0479157 0.99792 -0.0431141 -5.49452 -0.993417 0.0431141 -0.106132 112.528
-0.107241 0.0505513 0.992947 60.6861 0.0505513 0.997692 -0.0453332 -5.54503 -0.992947 0.0453332 -0.109549 112.44
-0.111977 0.0532547 0.992283 61.4196 0.0532547 0.99745 -0.0475223 -5.58317 -0.992283 0.0475223 -0.114528 112.378
-0.115312 0.0535322 0.991886 62.1558 0.0535322 0.997431 -0.047608 -5.62237 -0.991886 0.047608 -0.117882 112.307
-0.118875 0.0517544 0.99156 62.9092 0.0517544 0.997606 -0.0458653 -5.65629 -0.99156 0.0458653 -0.121268 112.236
-0.120856 0.0533726 0.991234 63.6805 0.0533726 0.997459 -0.0472003 -5.70256 -0.991234 0.0472003 -0.123397 112.15
-0.121802 0.0542039 0.991073 64.4677 0.0542039 0.997381 -0.0478873 -5.75203 -0.991073 0.0478873 -0.124421 112.053
-0.123069 0.0528487 0.99099 65.266 0.0528487 0.997513 -0.0466334 -5.80648 -0.99099 0.0466334 -0.125556 111.96
-0.123885 0.0452751 0.991263 66.0637 0.0452751 0.998176 -0.0399325 -5.85276 -0.991263 0.0399325 -0.125709 111.849
-0.125861 0.0363156 0.991383 66.8477 0.0363156 0.998829 -0.0319779 -5.89711 -0.991383 0.0319779 -0.127032 111.745
-0.126762 0.0352684 0.991306 67.6 0.0352684 0.998896 -0.0310286 -5.92616 -0.991306 0.0310286 -0.127866 111.65
-0.126082 0.0364091 0.991351 68.3581 0.0364091 0.998823 -0.0320529 -5.96404 -0.991351 0.0320529 -0.12726 111.55
-0.128253 0.0372193 0.991043 69.1369 0.0372193 0.998772 -0.0326929 -5.99635 -0.991043 0.0326929 -0.129481 111.476
-0.127474 0.0358686 0.991193 69.9244 0.0358686 0.998859 -0.0315331 -6.03425 -0.991193 0.0315331 -0.128615 111.365
-0.128047 0.0319661 0.991253 70.7315 0.0319661 0.999094 -0.0280897 -6.06047 -0.991253 0.0280897 -0.128953 111.261
-0.128865 0.0334861 0.991097 71.5467 0.0334861 0.999007 -0.0293994 -6.09539 -0.991097 0.0293994 -0.129858 111.153
-0.129095 0.0362827 0.990968 72.3186 0.0362827 0.998834 -0.0318441 -6.15473 -0.990968 0.0318441 -0.130261 111.021
-0.131015 0.0244525 0.991079 73.154 0.0244525 0.999471 -0.0214271 -6.17031 -0.991079 0.0214271 -0.131543 110.901
-0.130967 0.0230686 0.991118 73.9628 0.0230686 0.999529 -0.0202161 -6.19676 -0.991118 0.0202161 -0.131438 110.764
-0.132417 0.0217773 0.990955 74.7505 0.0217773 0.999581 -0.0190569 -6.22341 -0.990955 0.0190569 -0.132836 110.652
-0.133266 0.0239572 0.990791 75.5919 0.0239572 0.999494 -0.0209453 -6.25076 -0.990791 0.0209453 -0.133773 110.537
-0.133829 0.0250862 0.990687 76.4204 0.0250862 0.999445 -0.0219192 -6.28553 -0.990687 0.0219192 -0.134384 110.431
-0.134199 0.0253343 0.99063 77.236 0.0253343 0.999434 -0.0221275 -6.31199 -0.99063 0.0221275 -0.134765 110.322
-0.136722 0.0295522 0.990169 78.0114 0.0295522 0.999232 -0.0257421 -6.34275 -0.990169 0.0257421 -0.137491 110.225
-0.137881 0.0291196 0.990021 78.8305 0.0291196 0.999255 -0.0253357 -6.37528 -0.990021 0.0253357 -0.138626 110.121
-0.138361 0.0325224 0.989848 79.6694 0.0325224 0.999071 -0.0282795 -6.40842 -0.989848 0.0282795 -0.13929 110.01
-0.140038 0.03682 0.989461 80.5168 0.03682 0.998811 -0.0319568 -6.4453 -0.989461 0.0319568 -0.141227 109.904
-0.142149 0.0359878 0.989191 81.3784 0.0359878 0.998866 -0.0311683 -6.48825 -0.989191 0.0311683 -0.143283 109.778
-0.143995 0.0343933 0.988981 82.2561 0.0343933 0.998966 -0.0297329 -6.5339 -0.988981 0.0297329 -0.145029 109.651
-0.146183 0.0356796 0.988614 83.1234 0.0356796 0.998889 -0.0307747 -6.57349 -0.988614 0.0307747 -0.147294 109.527
-0.146619 0.0336714 0.98862 83.9718 0.0336714 0.999011 -0.0290316 -6.62592 -0.98862 0.0290316 -0.147608 109.381
-0.148082 0.0284393 0.988566 84.8374 0.0284393 0.999296 -0.0244879 -6.6654 -0.988566 0.0244879 -0.148786 109.249
-0.148082 0.0284393 0.988566 85.7031 0.0284393 0.999296 -0.0244879 -6.70488 -0.988566 0.0244879 -0.148786 109.118
-0.14762 0.0260892 0.9887 86.5757 0.0260892 0.999407 -0.0224764 -6.74262 -0.9887 0.0224764 -0.148214 108.989
-0.147101 0.0216573 0.988884 87.4398 0.0216573 0.999591 -0.0186701 -6.77777 -0.988884 0.0186701 -0.14751 108.855
-0.14585 0.0222454 0.989057 88.2981 0.0222454 0.999568 -0.0192014 -6.81032 -0.989057 0.0192014 -0.146282 108.721
-0.145254 0.0242939 0.989096 89.1688 0.0242939 0.999485 -0.0209814 -6.83898 -0.989096 0.0209814 -0.14577 108.611
-0.143695 0.0257727 0.989286 90.0412 0.0257727 0.999419 -0.0222932 -6.86322 -0.989286 0.0222932 -0.144276 108.486
-0.142361 0.0257065 0.989481 90.9204 0.0257065 0.999422 -0.0222663 -6.89324 -0.989481 0.0222663 -0.14294 108.369
-0.14222 0.0264827 0.989481 91.7994 0.0264827 0.999386 -0.0229414 -6.92707 -0.989481 0.0229414 -0.142834 108.263
-0.138931 0.0267099 0.989942 92.6893 0.0267099 0.999374 -0.0232159 -6.96218 -0.989942 0.0232159 -0.139557 108.12
-0.134218 0.0352232 0.990326 93.6189 0.0352232 0.998906 -0.0307546 -7.03002 -0.990326 0.0307546 -0.135312 107.961
-0.132477 0.0340559 0.990601 94.5823 0.0340559 0.998976 -0.0297894 -7.07698 -0.990601 0.0297894 -0.133501 107.833
-0.130995 0.036232 0.990721 95.5205 0.036232 0.998839 -0.0317383 -7.11449 -0.990721 0.0317383 -0.132155 107.717
-0.12947 0.0395158 0.990796 96.4612 0.0395158 0.998617 -0.0346641 -7.15247 -0.990796 0.0346641 -0.130852 107.61
-0.129207 0.0400402 0.990809 97.4069 0.0400402 0.99858 -0.0351328 -7.19991 -0.990809 0.0351328 -0.130627 107.502
-0.1286 0.0380161 0.990968 98.3553 0.0380161 0.998719 -0.0333801 -7.24796 -0.990968 0.0333801 -0.12988 107.381
-0.127747 0.0386606 0.991053 99.3155 0.0386606 0.998675 -0.0339746 -7.28969 -0.991053 0.0339746 -0.129072 107.262
-0.126483 0.0404973 0.991142 100.272 0.0404973 0.998544 -0.0356317 -7.33095 -0.991142 0.0356317 -0.127939 107.138
-0.126801 0.0387226 0.991172 101.215 0.0387226 0.998669 -0.0340617 -7.37889 -0.991172 0.0340617 -0.128132 107.032
-0.125756 0.0349289 0.991446 102.148 0.0349289 0.998916 -0.0307617 -7.43279 -0.991446 0.0307617 -0.12684 106.909
-0.124222 0.0297428 0.991809 103.044 0.0297428 0.999213 -0.0262396 -7.47569 -0.991809 0.0262396 -0.125009 106.769
-0.123551 0.027583 0.991955 103.975 0.027583 0.999323 -0.0243523 -7.51237 -0.991955 0.0243523 -0.124228 106.654
-0.124059 0.0302211 0.991815 104.929 0.0302211 0.999187 -0.0266656 -7.55301 -0.991815 0.0266656 -0.124872 106.553
-0.12607 0.0417296 0.991143 105.883 0.0417296 0.998454 -0.0367296 -7.59565 -0.991143 0.0367296 -0.127616 106.493
-0.126468 0.0495723 0.990731 106.815 0.0495723 0.997818 -0.043599 -7.65371 -0.990731 0.043599 -0.128649 106.402
-0.127817 0.0555057 0.990243 107.76 0.0555057 0.997268 -0.048735 -7.71968 -0.990243 0.048735 -0.130549 106.297
-0.129309 0.0563367 0.990003 108.697 0.0563367 0.99719 -0.0493872 -7.78247 -0.990003 0.0493872 -0.13212 106.18
-0.131294 0.0567447 0.989718 109.614 0.0567447 0.997154 -0.0496434 -7.85538 -0.989718 0.0496434 -0.13414 106.078
-0.129167 0.0586542 0.989887 110.49 0.0586542 0.996953 -0.0514193 -7.91038 -0.989887 0.0514193 -0.132214 105.924
-0.129249 0.0534681 0.99017 111.407 0.0534681 0.997468 -0.046883 -7.9754 -0.99017 0.046883 -0.131781 105.79
-0.129249 0.0534681 0.99017 112.324 0.0534681 0.997468 -0.046883 -8.04042 -0.99017 0.046883 -0.131781 105.656
-0.12944 0.0539119 0.990121 113.236 0.0539119 0.997427 -0.0472618 -8.10459 -0.990121 0.0472618 -0.132013 105.54
-0.131194 0.0550825 0.989825 114.147 0.0550825 0.997318 -0.0481987 -8.16979 -0.989825 0.0481987 -0.133876 105.438
-0.131864 0.0566937 0.989645 115.042 0.0566937 0.99716 -0.0495701 -8.23163 -0.989645 0.0495701 -0.134704 105.322
-0.135497 0.0584838 0.98905 115.928 0.0584838 0.996988 -0.050941 -8.28685 -0.98905 0.050941 -0.138509 105.211
-0.137666 0.0581456 0.988771 116.779 0.0581456 0.997028 -0.0505356 -8.35929 -0.988771 0.0505356 -0.140638 105.067
-0.143749 0.0579971 0.987913 117.647 0.0579971 0.997059 -0.050095 -8.42742 -0.987913 0.050095 -0.14669 104.937
-0.143749 0.0579971 0.987913 118.515 0.0579971 0.997059 -0.050095 -8.49555 -0.987913 0.050095 -0.14669 104.807
-0.14738 0.0567215 0.987452 119.368 0.0567215 0.997196 -0.0488153 -8.5512 -0.987452 0.0488153 -0.150184 104.675
-0.150789 0.0554423 0.98701 120.198 0.0554423 0.997329 -0.0475518 -8.61176 -0.98701 0.0475518 -0.15346 104.542
-0.153028 0.053592 0.986768 121.038 0.053592 0.997509 -0.0458643 -8.66563 -0.986768 0.0458643 -0.155519 104.406
-0.154325 0.0623846 0.986049 121.87 0.0623846 0.996628 -0.0532903 -8.73717 -0.986049 0.0532903 -0.157697 104.283
-0.157073 0.066722 0.985331 122.72 0.066722 0.996153 -0.0568186 -8.80062 -0.985331 0.0568186 -0.16092 104.177
-0.161563 0.0622726 0.984896 123.556 0.0622726 0.996662 -0.0528013 -8.85424 -0.984896 0.0528013 -0.164902 104.044
-0.164466 0.0613158 0.984475 124.389 0.0613158 0.996771 -0.0518383 -8.90059 -0.984475 0.0518383 -0.167694 103.9
-0.166988 0.064106 0.983873 125.243 0.064106 0.996478 -0.0540469 -8.95091 -0.983873 0.0540469 -0.170509 103.763
-0.168536 0.0659175 0.983489 126.089 0.0659175 0.996282 -0.0554789 -9.02531 -0.983489 0.0554789 -0.172254 103.614
-0.170576 0.067542 0.983027 126.929 0.067542 0.996103 -0.0567204 -9.08613 -0.983027 0.0567204 -0.174473 103.472
-0.173259 0.0653107 0.982708 127.768 0.0653107 0.996364 -0.0547035 -9.13964 -0.982708 0.0547035 -0.176894 103.312
-0.175388 0.0663218 0.982263 128.606 0.0663218 0.996258 -0.0554246 -9.20193 -0.982263 0.0554246 -0.179131 103.161
-0.178019 0.0639398 0.981947 129.435 0.0639398 0.99653 -0.0532975 -9.27233 -0.981947 0.0532975 -0.18149 103.014
-0.179998 0.0625851 0.981674 130.251 0.0625851 0.996681 -0.0520663 -9.32711 -0.981674 0.0520663 -0.183317 102.859
-0.182686 0.0626287 0.981175 131.058 0.0626287 0.996684 -0.0519578 -9.37192 -0.981175 0.0519578 -0.186003 102.712
-0.185427 0.0640689 0.980567 131.85 0.0640689 0.996537 -0.0529969 -9.42168 -0.980567 0.0529969 -0.18889 102.578
-0.189724 0.0612952 0.979922 132.617 0.0612952 0.996842 -0.0504861 -9.47287 -0.979922 0.0504861 -0.192882 102.424
-0.196231 0.0622064 0.978583 133.372 0.0622064 0.996765 -0.0508882 -9.53446 -0.978583 0.0508882 -0.199466 102.273
-0.20266 0.0652877 0.97707 134.153 0.0652877 0.996456 -0.0530413 -9.58679 -0.97707 0.0530413 -0.206205 102.123
-0.210392 0.0675959 0.975277 134.89 0.0675959 0.996225 -0.0544656 -9.64899 -0.975277 0.0544656 -0.214167 101.952
-0.22109 0.0699345 0.972743 135.653 0.0699345 0.995995 -0.0557111 -9.702 -0.972743 0.0557111 -0.225095 101.791
-0.232768 0.068809 0.970095 136.418 0.068809 0.996159 -0.0541475 -9.75116 -0.970095 0.0541475 -0.236608 101.603
-0.245265 0.0686375 0.967023 137.181 0.0686375 0.996217 -0.0533011 -9.80931 -0.967023 0.0533011 -0.249048 101.41
-0.257255 0.0672085 0.964004 137.933 0.0672085 0.996407 -0.0515323 -9.86292 -0.964004 0.0515323 -0.260847 101.201
-0.268953 0.0632874 0.961072 138.697 0.0632874 0.996844 -0.0479322 -9.91314 -0.961072 0.0479322 -0.272109 100.986
-0.279855 0.0605758 0.958129 139.409 0.0605758 0.997133 -0.0453485 -9.95963 -0.958129 0.0453485 -0.282722 100.774
-0.289117 0.0536594 0.955789 140.08 0.0536594 0.997766 -0.0397846 -10.0042 -0.955789 0.0397846 -0.291351 100.561
-0.296825 0.0479129 0.953729 140.757 0.0479129 0.99823 -0.0352368 -10.0352 -0.953729 0.0352368 -0.298595 100.331
-0.303677 0.0483058 0.95155 141.464 0.0483058 0.99821 -0.0352582 -10.0731 -0.95155 0.0352582 -0.305467 100.112
-0.308839 0.0463339 0.949985 142.177 0.0463339 0.99836 -0.0336302 -10.1081 -0.949985 0.0336302 -0.31048 99.8785
-0.311787 0.0402944 0.949297 142.9 0.0402944 0.998762 -0.0291598 -10.1375 -0.949297 0.0291598 -0.313024 99.6396
-0.313385 0.0343312 0.949005 143.615 0.0343312 0.999103 -0.0248065 -10.1779 -0.949005 0.0248065 -0.314283 99.3935
-0.314586 0.0326292 0.948668 144.337 0.0326292 0.99919 -0.0235468 -10.2161 -0.948668 0.0235468 -0.315396 99.1581
-0.31661 0.0314066 0.948036 145.063 0.0314066 0.999251 -0.0226146 -10.252 -0.948036 0.0226146 -0.317359 98.9431
-0.316235 0.0307401 0.948183 145.785 0.0307401 0.999282 -0.0221444 -10.2789 -0.948183 0.0221444 -0.316953 98.7168
-0.315694 0.0276873 0.948457 146.495 0.0276873 0.999417 -0.0199592 -10.3048 -0.948457 0.0199592 -0.316276 98.4835
-0.311212 0.0265301 0.94997 147.183 0.0265301 0.999463 -0.019221 -10.3433 -0.94997 0.019221 -0.311749 98.2257
-0.309133 0.0249825 0.950691 147.861 0.0249825 0.999523 -0.0181422 -10.3711 -0.950691 0.0181422 -0.30961 98.001
-0.309575 0.022897 0.950599 148.532 0.022897 0.9996 -0.0166206 -10.3926 -0.950599 0.0166206 -0.309975 97.7995
-0.307407 0.0213301 0.951339 149.197 0.0213301 0.999652 -0.0155209 -10.4192 -0.951339 0.0155209 -0.307755 97.593
-0.307355 0.0212097 0.951359 149.856 0.0212097 0.999656 -0.0154342 -10.4386 -0.951359 0.0154342 -0.307699 97.4233
-0.297107 0.0203672 0.954627 150.496 0.0203672 0.99968 -0.0149896 -10.4601 -0.954627 0.0149896 -0.297427 97.2249
-0.297107 0.0203672 0.954627 151.136 0.0203672 0.99968 -0.0149896 -10.4816 -0.954627 0.0149896 -0.297427 97.0266
-0.292641 0.0186772 0.95604 151.803 0.0186772 0.99973 -0.0138137 -10.4923 -0.95604 0.0138137 -0.292911 96.8424
-0.294568 0.0210483 0.955399 152.444 0.0210483 0.999658 -0.0155338 -10.5183 -0.955399 0.0155338 -0.29491 96.697
-0.290589 0.0247461 0.956528 153.07 0.0247461 0.999526 -0.0183407 -10.5498 -0.956528 0.0183407 -0.291064 96.5074
-0.286093 0.0206049 0.95798 153.727 0.0206049 0.99967 -0.0153481 -10.5695 -0.95798 0.0153481 -0.286423 96.3051
-0.282005 0.0192099 0.95922 154.333 0.0192099 0.999712 -0.0143732 -10.5975 -0.95922 0.0143732 -0.282293 96.0932
-0.276811 0.0269447 0.960546 155.002 0.0269447 0.999431 -0.0202706 -10.626 -0.960546 0.0202706 -0.27738 95.9151
-0.276811 0.0269447 0.960546 155.671 0.0269447 0.999431 -0.0202706 -10.6546 -0.960546 0.0202706 -0.27738 95.7369
-0.276103 0.0198968 0.960922 156.564 0.0198968 0.99969 -0.0149825 -10.6959 -0.960922 0.0149825 -0.276413 95.4584
-0.263981 0.0178801 0.964362 157.305 0.0178801 0.999747 -0.0136417 -10.7219 -0.964362 0.0136417 -0.264234 95.243
-0.263981 0.0178801 0.964362 158.046 0.0178801 0.999747 -0.0136417 -10.7479 -0.964362 0.0136417 -0.264234 95.0275
-0.256346 0.0232866 0.966305 158.884 0.0232866 0.999568 -0.0179106 -10.7812 -0.966305 0.0179106 -0.256778 94.8545
-0.245744 0.0249018 0.969015 159.613 0.0249018 0.999502 -0.0193701 -10.8071 -0.969015 0.0193701 -0.246241 94.6911
