0.999998 -0.00177344 -7.05657e-005 -0.0440217 0.00177329 0.999996 -0.00206272 -0.0089344 7.42235e-005 0.00206259 0.999998 0.657713
0.999981 -0.00381264 -0.00482649 -0.0315214 0.00379658 0.999987 -0.00333371 -0.00373697 0.00483914 0.00331533 0.999983 0.676865
0.999984 -0.000433595 -0.00569033 -0.0296816 0.000409885 0.999991 -0.00416714 -0.0218365 0.00569209 0.00416474 0.999975 0.667544
0.999933 0.00319407 -0.0111269 -0.0107499 -0.00324577 0.999984 -0.00463216 -0.00614276 0.0111119 0.00466797 0.999927 0.747358
0.999883 -0.00224578 -0.0151103 -0.0202686 0.00217192 0.999986 -0.00490301 -0.00904272 0.0151211 0.00486962 0.999874 0.758222
0.99982 0.00362082 -0.0186398 -0.0373992 -0.00373327 0.999975 -0.0060015 -0.010653 0.0186176 0.00607001 0.999808 0.735937
0.999696 0.00569422 -0.0240071 -0.0171181 -0.00585106 0.999962 -0.00646797 -0.00465112 0.0239693 0.00660647 0.999691 0.779366
0.999576 0.0027435 -0.0289767 -0.00785053 -0.00287568 0.999986 -0.00452104 -0.00587351 0.0289638 0.00460245 0.99957 0.851407
0.999375 -0.00246331 -0.035255 -0.0140017 0.00238373 0.999995 -0.00229916 -0.00720489 0.0352605 0.00221369 0.999376 0.662359
0.999361 6.7028e-005 -0.0357524 -0.0880364 -4.66336e-005 1 0.000571269 -0.0113547 0.0357524 -0.000569236 0.999361 0.780374
0.999107 -0.000359336 -0.0422496 0.0397124 0.000334118 1 -0.000603945 0.00573502 0.0422498 0.000589289 0.999107 0.761682
0.99905 6.49772e-005 -0.0435887 -0.0516196 -0.000111141 0.999999 -0.00105665 -0.00286081 0.0435887 0.00106049 0.999049 0.810366
0.999038 -0.000182329 -0.0438413 -0.0262844 0.000125497 0.999999 -0.00129905 -0.0127867 0.0438415 0.0012923 0.999038 0.714957
0.998978 -0.000425075 -0.0451926 -0.0425554 0.000398795 1 -0.000590514 -0.0014154 0.0451929 0.000571888 0.998978 0.807813
0.998918 -0.00126428 -0.0464865 -0.0413813 0.00122494 0.999999 -0.000874688 -0.00850526 0.0464876 0.000816799 0.998919 0.815053
0.998869 0.00353744 -0.0474079 -0.0589389 -0.00370411 0.999987 -0.00342813 -0.00337695 0.0473952 0.00359986 0.99887 0.815607
0.998928 0.00260484 -0.0462215 -0.134019 -0.00288574 0.999978 -0.00601154 -0.00812351 0.0462048 0.00613848 0.998913 0.86294
0.998886 0.00261142 -0.0471171 -0.0468045 -0.0029677 0.999968 -0.00749336 -0.00426494 0.047096 0.00762485 0.998861 0.81081
0.99876 0.00663293 -0.0493387 -0.0532817 -0.00698572 0.999951 -0.00698135 -0.0222041 0.04929 0.00731736 0.998758 0.84689
0.998669 -0.00207846 -0.0515411 -0.0348864 0.00178708 0.999982 -0.00569885 -0.0101071 0.0515521 0.00559915 0.998655 0.820402
0.998592 0.00288298 -0.052963 -0.0187262 -0.00306901 0.999989 -0.00343131 -0.0266934 0.0529525 0.00358902 0.998591 0.785988
0.998649 -0.00675664 -0.0515125 -0.0527584 0.00657863 0.999972 -0.00362443 -0.0086913 0.0515355 0.00328065 0.998666 0.819101
0.998582 -0.000809811 -0.0532216 -0.0946131 0.000576396 0.99999 -0.00440093 -0.0133994 0.0532246 0.00436402 0.998573 0.995655
0.998505 0.000118325 -0.054663 -0.0303052 -0.000411779 0.999986 -0.00535719 -0.0198306 0.0546615 0.00537169 0.99849 0.797261
0.99861 0.00122471 -0.0526899 -0.074957 -0.00140672 0.999993 -0.00341737 -0.0110564 0.0526853 0.00348674 0.998605 0.920686
0.998632 0.0019799 -0.0522556 -0.0528674 -0.00197038 0.999998 0.000233684 -0.0135107 0.0522559 -0.000130401 0.998634 0.870207
0.99873 0.00739635 -0.0498382 -0.0518387 -0.00721121 0.999966 0.0038936 -0.0148367 0.0498654 -0.00352926 0.99875 0.772177
0.998811 -0.0017229 -0.0487298 -0.0492845 0.00205062 0.999976 0.00667594 -0.000279284 0.0487171 -0.00676792 0.99879 0.95053
0.998936 -0.00542612 -0.0457987 -0.111284 0.00577167 0.999956 0.00741623 0.00750924 0.0457564 -0.00767267 0.998923 1.03717
0.999044 0.00104969 -0.0436952 -0.0518871 -0.000860157 0.99999 0.00435621 -0.00443279 0.0436993 -0.00431446 0.999035 0.919768
0.998979 0.0154854 -0.0424474 -0.112067 -0.0155153 0.99988 -0.000375589 -0.0177087 0.0424365 0.00103379 0.999099 0.976095
0.999096 0.00227691 -0.042444 -0.0470086 -0.00241487 0.999992 -0.00319957 -0.0119786 0.0424364 0.00329918 0.999094 0.911788
0.999195 -0.00118379 -0.0401023 -0.0130225 0.00108786 0.999996 -0.00241381 -0.00900207 0.040105 0.00236824 0.999193 0.873287
0.999194 -0.00154159 -0.040113 -0.037038 0.00163883 0.999996 0.00239127 -0.00708103 0.0401092 -0.00245508 0.999192 0.906685
0.999142 -0.00668771 -0.0408752 -0.0534664 0.00692791 0.99996 0.00573769 -0.00997395 0.0408352 -0.00601595 0.999148 0.940064
0.999132 -0.00636394 -0.0411593 -0.0376393 0.0065623 0.999967 0.00468592 -0.00968754 0.0411281 -0.00495195 0.999142 0.908571
0.999033 -0.00903248 -0.0430291 -0.0391537 0.00908198 0.999958 0.000955018 -0.00231553 0.0430187 -0.00134488 0.999073 0.963871
0.998885 0.000864922 -0.0471966 0.00388495 -0.000965952 0.999997 -0.00211785 -0.0274261 0.0471946 0.00216108 0.998883 0.85797
0.99891 0.0108883 -0.0453991 -0.169681 -0.0110826 0.99993 -0.00403125 0.00641667 0.0453521 0.00453 0.998961 0.967357
0.998893 -0.00172325 -0.0470072 -0.0417824 0.00160429 0.999995 -0.00256836 -0.0106236 0.0470114 0.00249011 0.998891 0.897369
0.998875 0.0011354 -0.0474143 -0.0491738 -0.00113474 0.999999 4.07388e-005 -0.00863642 0.0474143 1.31101e-005 0.998875 0.882133
0.998833 0.000398003 -0.0482968 -0.0527265 -0.000362932 1 0.000734918 -0.00167274 0.0482971 -0.000716532 0.998833 0.916383
0.998758 -0.000149031 -0.049833 -0.0427145 0.00031972 0.999994 0.00341728 -0.0028904 0.0498322 -0.00342896 0.998752 0.918776
0.998817 0.000991721 -0.04862 -0.050808 -0.000659432 0.999976 0.00684997 -0.0148297 0.0486257 -0.00680981 0.998794 0.896352
0.998743 0.00580163 -0.0497868 -0.0670556 -0.00537875 0.999948 0.00862358 0.00811187 0.0498343 -0.00834495 0.998723 1.03588
0.998783 -0.000115571 -0.0493218 -0.0560836 0.000495081 0.99997 0.00768241 -0.00177875 0.0493195 -0.00769748 0.998753 0.966828
0.998818 -0.000163918 -0.0486128 -0.0559109 0.000479412 0.999979 0.00647834 -0.0113285 0.0486107 -0.00649399 0.998797 0.969314
0.99882 0.00338397 -0.0484565 -0.0661788 -0.00316569 0.999984 0.0045807 -0.00595202 0.0484712 -0.0044219 0.998815 0.962378
0.998601 -7.18393e-005 -0.0528796 0.0187354 0.000296938 0.999991 0.00424898 -0.012361 0.0528788 -0.00425874 0.998592 0.927533
0.998587 0.000423263 -0.0531433 -0.0457774 -0.000127057 0.999984 0.00557696 -0.0155356 0.0531449 -0.00556233 0.998571 0.923813
0.998538 -0.00222341 -0.0540006 -0.110582 0.00258288 0.999975 0.00658796 -0.00191169 0.0539846 -0.00671781 0.998519 1.08768
0.998528 0.000649405 -0.0542289 -0.0309564 -0.00049487 0.999996 0.00286306 -0.00892059 0.0542305 -0.00283201 0.998524 0.912609
0.998472 0.0041528 -0.0551031 -0.0923849 -0.00421616 0.999991 -0.00103361 -0.0115453 0.0550983 0.00126435 0.99848 1.01715
0.998466 0.00204698 -0.055334 -0.0637281 -0.00217905 0.999995 -0.00232654 -0.0109919 0.055329 0.00244354 0.998465 0.906011
0.998434 -0.00135673 -0.0559173 -0.0276457 0.0014385 0.999998 0.00142215 -0.0156889 0.0559153 -0.00150037 0.998434 0.831747
0.998378 0.000908883 -0.0569322 -0.0639728 -0.000640976 0.999989 0.0047238 -0.0173888 0.0569358 -0.00467965 0.998367 0.872425
0.99849 -0.0021847 -0.0548834 -0.0570236 0.00248247 0.999983 0.00535807 -0.0160456 0.0548708 -0.00548622 0.998478 0.965223
0.998372 -0.00398655 -0.0568996 -0.0211789 0.00423655 0.999982 0.00427365 -0.0158179 0.0568815 -0.00450775 0.998371 0.886971
0.998497 -0.0050285 -0.0545835 -0.0857285 0.0051626 0.999984 0.00231615 -0.00759436 0.054571 -0.00259446 0.998507 0.941775
0.998438 -0.00166336 -0.0558509 -0.0477702 0.00184124 0.999993 0.00313366 -0.00577472 0.0558453 -0.0032316 0.998434 0.879785
0.998407 -0.00310125 -0.0563286 -0.0568667 0.0035364 0.999965 0.00762722 -0.0177294 0.0563029 -0.00781428 0.998383 0.907818
0.998398 -0.0051821 -0.0563382 -0.0420924 0.00587537 0.999909 0.0121468 0.00120639 0.0562701 -0.0124584 0.998338 0.884282
0.998385 0.000490418 -0.0568092 -0.0947753 0.000355947 0.999889 0.0148873 -0.00955419 0.0568102 -0.0148835 0.998274 1.21177
0.998281 0.00291863 -0.0585327 -0.055228 -0.00229745 0.99994 0.0106771 -0.00961195 0.0585603 -0.0105242 0.998228 0.912206
0.99819 0.0045593 -0.0599736 -0.074923 -0.00436356 0.999985 0.00339436 0.00570696 0.0599882 -0.00312651 0.998194 1.09923
0.998119 0.00455879 -0.0611399 -0.0661907 -0.00462737 0.999989 -0.000980021 -0.0101815 0.0611348 0.00126109 0.998129 0.879866
0.998165 0.00871681 -0.0599258 -0.105584 -0.00876286 0.999961 -0.000505588 0.00378708 0.0599191 0.00102978 0.998203 0.930631
0.998108 0.00547573 -0.0612355 -0.0658884 -0.00533169 0.999983 0.00251531 -0.0227539 0.0612482 -0.00218406 0.99812 0.870736
0.998053 0.00363585 -0.0622659 -0.0470033 -0.00343685 0.999989 0.00330284 -4.7774e-005 0.0622772 -0.00308241 0.998054 0.850135
0.998132 0.00240247 -0.0610502 -0.0790369 -0.00223382 0.999993 0.00283056 -0.00378232 0.0610566 -0.0026889 0.998131 0.816317
0.997942 0.00440265 -0.0639771 -0.058581 -0.00412937 0.999982 0.00440305 -0.0205881 0.0639953 -0.0041298 0.997942 0.885733
0.997779 -0.0021662 -0.0665805 -0.0383637 0.00248528 0.999986 0.00470987 -0.0128688 0.0665694 -0.00486487 0.99777 0.816652
0.997762 0.00034515 -0.0668674 -0.0760009 -2.10938e-006 0.999987 0.00513016 -0.00309616 0.0668683 -0.00511853 0.997749 0.796811
0.997645 0.000808329 -0.0685815 -0.0573649 -0.00036466 0.999979 0.0064815 -0.00795255 0.0685853 -0.00644123 0.997624 0.812407
0.997704 0.00607512 -0.0674591 -0.0809423 -0.00550675 0.999948 0.00860819 -0.00130374 0.0675078 -0.00821694 0.997685 0.788757
0.997627 0.000593117 -0.0688518 -0.0669711 0.000264634 0.999922 0.0124481 0.00169244 0.0688538 -0.0124368 0.997549 0.809803
0.997469 0.00271265 -0.07105 -0.0646866 -0.00168119 0.999892 0.0145731 -0.00962382 0.0710819 -0.0144168 0.997366 0.825466
0.997307 0.0042839 -0.0732119 -0.0416224 -0.00349566 0.999935 0.0108912 -0.0135765 0.0732538 -0.010606 0.997257 0.77333
0.997283 0.0042555 -0.0735478 -0.0843288 -0.00401849 0.999986 0.00337024 -2.07056e-005 0.0735612 -0.00306553 0.997286 0.768836
0.99725 0.000585931 -0.0741146 -0.0706035 -0.000788359 0.999996 -0.00270206 -0.00422832 0.0741127 0.00275305 0.997246 0.727157
0.99725 0.00187796 -0.0740805 -0.0690187 -0.00212309 0.999993 -0.00323029 -0.0194205 0.0740739 0.00337869 0.997247 0.747415
0.997297 0.00308376 -0.0734136 -0.092483 -0.00309918 0.999995 -9.60588e-005 -0.0025393 0.0734129 0.000323321 0.997302 0.695444
0.997172 0.00394107 -0.0750483 -0.0332445 -0.00372105 0.999988 0.0030712 -0.0311162 0.0750595 -0.00278326 0.997175 0.662453
0.997053 -0.00401358 -0.0766113 -0.040173 0.0040048 0.999992 -0.000268218 -0.0161922 0.0766118 -3.93861e-005 0.997061 0.654206
0.996763 -0.0100554 -0.0797595 0.0343225 0.0096244 0.999937 -0.00578633 -0.0167797 0.0798127 0.00499997 0.996797 0.65437
0.996954 -0.00341162 -0.0779165 -0.0499692 0.00256408 0.999936 -0.0109749 -0.00814478 0.077949 0.0107417 0.996899 0.567503
0.997319 -0.00269511 -0.0731219 -0.105367 0.00191511 0.999941 -0.0107351 -0.0186034 0.0731465 0.0105663 0.997265 0.556881
0.997601 0.00473445 -0.0690607 -0.0362451 -0.00522886 0.999962 -0.0069801 -0.0172196 0.069025 0.00732446 0.997588 0.521454
0.997913 0.00242245 -0.0645278 -0.0326845 -0.00269321 0.999988 -0.00410946 -0.0131404 0.064517 0.00427467 0.997907 0.463696
0.998258 -0.00559707 -0.0587299 -0.0229897 0.00558983 0.999984 -0.000287454 -0.0086986 0.0587306 -4.13368e-005 0.998274 0.542397
0.998667 -0.00832118 -0.0509479 -0.0103233 0.0085002 0.999958 0.00329819 -0.0171853 0.0509184 -0.00372686 0.998696 0.495569
0.99918 0.00108071 -0.0404834 -0.014329 -0.000953039 0.999995 0.00317286 -0.00129644 0.0404866 -0.00313168 0.999175 0.510144
0.999651 0.00878367 -0.0249307 -0.0336156 -0.00870858 0.999957 0.00311916 -0.0148083 0.024957 -0.00290096 0.999684 0.508829
0.999975 0.002983 -0.0064599 -7.18343e-005 -0.0029573 0.999988 0.00398462 -0.00189559 0.0064717 -0.00396541 0.999971 0.498057
0.999883 0.00229486 0.015119 0.012526 -0.00236795 0.999986 0.00481841 -0.00985683 -0.0151077 -0.00485365 0.999874 0.462948
0.999146 -0.00328469 0.0411837 0.0528849 0.00304109 0.999978 0.00597632 -0.00117878 -0.0412024 -0.00584597 0.999134 0.465866
0.997542 -0.00751719 0.0696646 0.0580372 0.0069589 0.999942 0.0082532 -0.0144202 -0.0697226 -0.00774813 0.997536 0.471403
0.994721 -0.000969341 0.102609 0.0695839 -5.83062e-005 0.99995 0.0100117 -0.00605762 -0.102614 -0.00996481 0.994671 0.475651
0.990157 0.000153856 0.13996 0.0791755 -0.00163662 0.999944 0.0104792 0.00374038 -0.13995 -0.0106051 0.990102 0.438144
0.983675 -0.00371275 0.179915 0.128638 0.00179411 0.99994 0.0108257 -0.00208015 -0.179944 -0.0103262 0.983623 0.438756
0.973777 -0.0029822 0.227484 0.0950189 0.000289455 0.99993 0.0118695 -0.0102429 -0.227503 -0.0114924 0.97371 0.448433
0.961326 -0.000665911 0.275412 0.16154 -0.00209018 0.999951 0.00971354 -0.00148979 -0.275405 -0.00991354 0.961277 0.420008
0.944584 -0.00186274 0.328265 0.172986 -0.000916185 0.999965 0.00831063 -0.0163551 -0.328269 -0.00815084 0.944549 0.404003
0.923574 -0.0022302 0.383413 0.193855 -0.000663961 0.999972 0.00741591 -0.00698182 -0.383419 -0.00710372 0.923547 0.370791
0.899686 -0.0043297 0.436517 0.251015 0.00168179 0.999978 0.00645227 0.00403622 -0.436535 -0.00507088 0.899673 0.342826
0.869691 -0.00222748 0.493591 0.224476 -0.000608738 0.999984 0.00558531 -0.00289502 -0.493596 -0.00515796 0.869676 0.318626
0.835846 -0.00532233 0.548939 0.281046 0.00263439 0.99998 0.00568422 -0.000969516 -0.548958 -0.00330501 0.835843 0.322456
0.798067 -0.00249677 0.602564 0.267226 -0.00111355 0.999984 0.00561835 -0.00685315 -0.602568 -0.00515481 0.798051 0.287696
0.756633 -0.00257629 0.653835 0.250743 -0.00338433 0.999963 0.00785654 -0.0217461 -0.653831 -0.00815731 0.756596 0.245693
0.714227 -0.00310828 0.699907 0.303866 -0.00469578 0.999946 0.00923261 -0.00142579 -0.699898 -0.00988079 0.714174 0.226852
0.667501 -0.00465588 0.744594 0.315234 -0.0039981 0.999944 0.00983671 0.0138353 -0.744598 -0.00954298 0.667445 0.241959
0.620506 -0.00798079 0.784161 0.341684 -0.00152137 0.999934 0.0113807 0.00161126 -0.7842 -0.00825478 0.620453 0.206461
0.572813 -0.0135037 0.819575 0.363579 0.00255351 0.999889 0.0146899 -0.000520563 -0.819682 -0.00632179 0.572783 0.191653
0.525427 -0.00645327 0.850814 0.356473 -0.00799512 0.99989 0.0125214 -0.00336485 -0.850801 -0.0133815 0.525318 0.176732
0.476861 -0.00245833 0.878975 0.374923 -0.00963186 0.999921 0.00802206 -0.000515155 -0.878926 -0.0122916 0.4768 0.179724
0.432493 -0.00598062 0.901617 0.35773 -0.00237128 0.999967 0.00777047 -0.000499385 -0.901634 -0.00549866 0.432464 0.109441
0.38965 -0.0123406 0.92088 0.40252 -7.02803e-005 0.99991 0.0134294 -0.0130245 -0.920963 -0.00529747 0.389614 0.12189
0.350104 -0.0246541 0.936386 0.367477 -0.00514662 0.999588 0.0282424 0.00318696 -0.936697 -0.014707 0.349833 0.0812473
0.315137 -0.0290771 0.948601 0.421719 -0.00659952 0.999439 0.0328279 0.00334948 -0.949023 -0.0166056 0.314768 0.0855806
0.282696 -0.0225205 0.958945 0.404894 -0.0212768 0.999331 0.0297413 0.00337479 -0.958974 -0.028811 0.282028 0.092533
0.251051 -0.0115848 0.967904 0.433813 -0.0202117 0.999648 0.0172071 -0.000521175 -0.967763 -0.0238829 0.250729 0.109984
0.222153 -0.00806067 0.974978 0.410351 -0.0114593 0.999875 0.0108776 -0.00162623 -0.974944 -0.0135891 0.222033 0.0910762
0.197029 -0.0105402 0.980341 0.426935 -0.00900116 0.999881 0.0125594 -0.00787101 -0.980356 -0.0112988 0.19691 0.0550457
0.173554 -0.0173913 0.984671 0.410547 -0.00622913 0.999805 0.0187565 0.00201898 -0.984805 -0.00938891 0.173412 0.0480883
0.15355 -0.0241615 0.987845 0.406646 0.00221274 0.999707 0.0241077 0.00882768 -0.988138 -0.00151589 0.153558 0.0268775
0.134996 -0.0238692 0.990559 0.40627 -0.0131863 0.999578 0.0258836 0.018702 -0.990758 -0.016556 0.134624 0.0301219
0.116318 -0.0187184 0.993036 0.373502 -0.0139549 0.999693 0.0204785 0.000922407 -0.993114 -0.0162397 0.116021 0.0578223
0.100535 -0.0155109 0.994813 0.412988 -0.0232365 0.999569 0.0179333 0.00202995 -0.994662 -0.0249189 0.100131 0.0432937
0.0857718 -0.0160019 0.996186 0.420414 -0.0261839 0.999489 0.0183094 0.00833891 -0.995971 -0.0276545 0.085309 0.0323445
0.0724032 -0.0191522 0.997192 0.45188 -0.0189833 0.999608 0.020577 0.00332325 -0.997195 -0.0204199 0.0720112 0.0249763
0.0609688 -0.0230198 0.997874 0.432771 -0.0188961 0.999528 0.0242125 0.00917615 -0.997961 -0.0203322 0.0605051 0.00999071
0.0510455 -0.0261593 0.998354 0.505312 -0.021886 0.999388 0.0273054 0.00925625 -0.998456 -0.0232438 0.0504417 0.0168288
0.0425532 -0.0266033 0.99874 0.505135 -0.0209031 0.999403 0.0275116 0.0104774 -0.998876 -0.0220475 0.0419717 0.0244644
0.0380411 -0.0292634 0.998848 0.545284 -0.0256648 0.999213 0.0302515 0.0131582 -0.998947 -0.026786 0.0372601 0.00462408
0.0313143 -0.0281488 0.999113 0.550181 -0.0250631 0.999267 0.0289386 0.0034063 -0.999195 -0.025947 0.0305858 0.0297847
0.0243928 -0.0276599 0.99932 0.556048 -0.0277558 0.999213 0.0283345 0.0110706 -0.999317 -0.028428 0.0236059 0.0225826
0.0205921 -0.0302089 0.999331 0.60076 -0.0271412 0.999158 0.0307629 0.0126754 -0.999419 -0.0277565 0.0197549 0.0110083
0.0178807 -0.0271804 0.999471 0.580362 -0.0298622 0.99917 0.0277065 0.0210451 -0.999394 -0.0303418 0.0170542 0.0159101
0.014841 -0.0329419 0.999347 0.64551 -0.030988 0.998962 0.0333894 0.00560727 -0.99941 -0.0314633 0.0138047 -0.00479384
0.0134427 -0.0291934 0.999483 0.58899 -0.0327378 0.999025 0.0296203 0.0170285 -0.999374 -0.0331191 0.0124739 0.013366
0.00936334 -0.0394299 0.999178 0.68585 -0.0352909 0.998587 0.0397372 -0.00729964 -0.999333 -0.035634 0.00795859 0.037345
0.0108629 -0.0434706 0.998996 0.666215 -0.0385414 0.998294 0.0438591 0.0349094 -0.999198 -0.0389791 0.00916895 -0.00067715
0.0130954 -0.0422845 0.99902 0.681138 -0.0393942 0.998308 0.0427708 0.0147933 -0.999138 -0.0399157 0.0114075 0.011532
0.0173161 -0.0450363 0.998835 0.714002 -0.042085 0.998067 0.0457313 0.0274699 -0.998964 -0.0428279 0.0153872 0.00960256
0.0215103 -0.0457555 0.998721 0.755118 -0.0428024 0.997994 0.046644 0.0266654 -0.998852 -0.043751 0.0195088 0.0163643
0.0271921 -0.0472203 0.998514 0.734092 -0.0479869 0.99767 0.0484872 0.0225515 -0.998478 -0.0492341 0.0248628 0.00447733
0.0298859 -0.0471546 0.99844 0.740825 -0.0489564 0.997619 0.0485811 0.0425431 -0.998354 -0.0503319 0.0275062 0.0442711
0.0344176 -0.0444262 0.99842 0.750673 -0.0497506 0.997697 0.046109 0.0292956 -0.998168 -0.0512589 0.0321281 0.0238049
0.0379399 -0.0426901 0.998368 0.770892 -0.0510209 0.997701 0.0446005 0.0293608 -0.997977 -0.0526298 0.0356746 0.0306212
0.04114 -0.0378922 0.998435 0.787291 -0.0424742 0.998311 0.0396376 0.0289426 -0.99825 -0.0440384 0.0394611 0.0505609
0.0457121 -0.0390165 0.998192 0.85536 -0.038408 0.998429 0.0407847 0.02527 -0.998216 -0.0402029 0.0441418 0.00793221
0.047469 -0.0351973 0.998252 0.84314 -0.0348784 0.998711 0.0368721 0.01746 -0.998264 -0.0365677 0.0461801 0.0452891
0.043032 -0.0284845 0.998668 0.821508 -0.0319602 0.999043 0.0298724 0.0194999 -0.998562 -0.0332031 0.0420804 0.14097
0.0426998 -0.0279506 0.998697 0.770473 -0.028868 0.999157 0.0291977 0.0262562 -0.998671 -0.0300771 0.0418569 0.0358004
0.0428832 -0.0232768 0.998809 0.894515 -0.0319735 0.999184 0.0246584 -0.00289355 -0.998568 -0.0329928 0.042104 0.0748813
0.044327 -0.0248554 0.998708 0.820593 -0.0254315 0.999338 0.0259999 0.000773514 -0.998693 -0.0265512 0.0436655 0.0204331
0.0421761 -0.0210583 0.998888 0.818324 -0.0256123 0.999427 0.022151 0.0208805 -0.998782 -0.0265181 0.0416126 0.0691188
0.0438064 -0.0202159 0.998835 0.809488 -0.0207932 0.99956 0.0211425 0.00537822 -0.998824 -0.0216952 0.0433667 0.0256572
0.0475541 -0.0249153 0.998558 0.921237 -0.0212708 0.999437 0.0259502 0.00315063 -0.998642 -0.0224742 0.0469973 -0.00284454
0.0453875 -0.0222456 0.998722 0.846764 -0.0231852 0.999459 0.0233157 0.0235044 -0.9987 -0.0242138 0.0448472 0.0628805
0.0434822 -0.0196508 0.998861 0.852761 -0.0242013 0.999492 0.0207167 0.00798315 -0.998761 -0.0250745 0.0429845 0.0284917
0.0395819 -0.0166061 0.999078 0.837639 -0.0215071 0.999616 0.0174671 0.00692347 -0.998985 -0.0221787 0.0392096 0.0448219
0.0331966 -0.0135288 0.999357 0.858835 -0.0237956 0.999614 0.0143227 0.013649 -0.999166 -0.0242558 0.0328618 0.0530382
0.0260428 -0.0121141 0.999587 0.833914 -0.0168167 0.99978 0.0125546 -0.00542575 -0.999519 -0.0171367 0.0258333 0.034291
0.0182766 -0.0104831 0.999778 0.904561 -0.0157104 0.999819 0.0107707 0.0142675 -0.99971 -0.0159037 0.0181086 0.0458382
0.00896154 -0.0112216 0.999897 0.85707 -0.0092012 0.999894 0.011304 0.0230345 -0.999918 -0.00930155 0.00885733 0.0414364
-0.000231361 -0.0104515 0.999945 0.874287 -0.00956778 0.9999 0.0104488 -0.0317724 -0.999954 -0.00956484 -0.000331335 -0.0302914
-0.0109702 -0.0110863 0.999878 0.852485 -0.0116699 0.999872 0.0109582 -0.00301824 -0.999872 -0.0115483 -0.0110982 0.000684998
-0.0215626 -0.0102109 0.999715 0.880181 -0.0124361 0.999873 0.00994431 0.00038229 -0.99969 -0.0122181 -0.0216869 -0.0161639
-0.0318644 -0.0120484 0.99942 0.796729 -0.0113412 0.999867 0.0116922 -0.0113861 -0.999428 -0.0109621 -0.0319968 -0.0386675
-0.0442803 -0.0121667 0.998945 0.957027 -0.0105122 0.999876 0.0117121 0.00442603 -0.998964 -0.00998254 -0.0444027 -0.0107199
-0.0555421 -0.0126766 0.998376 0.831212 -0.0114637 0.999862 0.0120577 0.000873009 -0.998391 -0.0107754 -0.0556797 -0.0439113
-0.0658134 -0.0112219 0.997769 0.822865 -0.0107839 0.999886 0.0105344 -0.0194296 -0.997774 -0.0100666 -0.0659269 -0.0644881
-0.0763991 -0.0111429 0.997015 0.824395 -0.0101887 0.999894 0.0103943 -0.00515766 -0.997025 -0.00936415 -0.0765045 -0.0586378
-0.0856753 -0.0131759 0.996236 0.745119 -0.00973828 0.999876 0.0123865 -0.00504109 -0.996276 -0.00864041 -0.0857929 -0.0742225
-0.0947711 -0.0131739 0.995412 0.748254 -0.0132242 0.999841 0.0119734 -0.00837863 -0.995411 -0.0120288 -0.0949302 -0.0907241
-0.104474 -0.0155569 0.994406 0.846121 -0.0126704 0.999817 0.0143104 0.0131585 -0.994447 -0.0111045 -0.104652 -0.0711066
-0.111432 -0.019423 0.993582 0.742403 -0.0165807 0.999706 0.0176832 0.00329093 -0.993634 -0.0145038 -0.111721 -0.106352
-0.119837 -0.019006 0.992612 0.878147 -0.0182222 0.99969 0.0169416 -0.013215 -0.992626 -0.0160574 -0.120146 -0.10614
-0.125369 -0.0219906 0.991866 0.750045 -0.0212622 0.999584 0.0194742 0.00586586 -0.991882 -0.0186478 -0.125785 -0.0887044
-0.129369 -0.0227407 0.991336 0.799052 -0.023154 0.999534 0.0199072 -0.00175666 -0.991326 -0.020378 -0.129835 -0.103147
-0.133763 -0.0241051 0.99072 0.779651 -0.0238451 0.999493 0.0210991 0.0108337 -0.990726 -0.0208016 -0.13427 -0.0705929
-0.134557 -0.0238504 0.990619 0.754401 -0.0252102 0.999469 0.0206392 -0.00791271 -0.990585 -0.0221965 -0.135087 -0.126918
-0.136323 -0.0235117 0.990385 0.691299 -0.0231154 0.999522 0.0205468 0.00518952 -0.990395 -0.0200922 -0.136801 -0.0815146
-0.13497 -0.0238216 0.990563 0.800782 -0.0228575 0.99952 0.0209225 -0.0121415 -0.990586 -0.0198179 -0.13545 -0.110361
-0.125861 -0.0274082 0.991669 0.624833 -0.0243391 0.999403 0.0245329 -0.0211159 -0.991749 -0.0210486 -0.126453 -0.145683
-0.126776 -0.024964 0.991617 0.716276 -0.0220925 0.999506 0.0223381 0.0253512 -0.991685 -0.0190754 -0.127265 -0.0240404
-0.118446 -0.0316637 0.992456 0.57614 -0.025312 0.999263 0.0288599 -0.00550096 -0.992638 -0.0217027 -0.11916 -0.0798906
-0.107267 -0.0242761 0.993934 0.676585 -0.0247023 0.999458 0.0217451 0.00536396 -0.993923 -0.0222199 -0.107809 -0.0533721
-0.0939526 -0.0228458 0.995315 0.583808 -0.0240389 0.999497 0.0206726 -0.00382545 -0.995286 -0.021984 -0.0944545 -0.0368329
-0.0766634 -0.0217714 0.996819 0.568928 -0.0222379 0.99955 0.0201207 0.00914245 -0.996809 -0.0206246 -0.0771131 -0.0367614
-0.0554926 -0.0201131 0.998256 0.559779 -0.0192131 0.999633 0.0190728 -0.00067649 -0.998274 -0.0181212 -0.0558587 -0.0137993
-0.0302898 -0.0180581 0.999378 0.53896 -0.0160049 0.999717 0.0175791 0.000543665 -0.999413 -0.0154625 -0.0305703 -0.0104085
-0.00205737 -0.0162371 0.999866 0.523995 -0.0162287 0.999737 0.0162016 0.00517534 -0.999866 -0.0161931 -0.00232033 0.0197191
0.030301 -0.0137982 0.999446 0.530213 -0.0164316 0.999763 0.0143007 0.0103683 -0.999406 -0.0168558 0.0300671 0.0472225
0.067922 -0.0109104 0.997631 0.502583 -0.016284 0.999795 0.0120427 0.00406757 -0.997558 -0.0170634 0.0677304 0.06767
0.10915 -0.00955029 0.993979 0.462824 -0.0209857 0.999709 0.0119098 -0.016575 -0.993804 -0.0221593 0.108918 0.0837633
0.153816 -0.00904393 0.988058 0.48761 -0.0154714 0.999813 0.01156 -0.00235818 -0.987978 -0.0170648 0.153647 0.105294
0.202434 -0.0107087 0.979237 0.436773 -0.019987 0.999687 0.0150642 -0.018157 -0.979092 -0.0226215 0.202157 0.100237
0.252882 -0.00765023 0.967467 0.491917 -0.0152943 0.999812 0.0119037 0.00119001 -0.967376 -0.017807 0.252718 0.177363
0.307982 -0.00859874 0.951353 0.484602 -0.0153692 0.999784 0.014012 0.00497893 -0.951268 -0.0189369 0.307784 0.187153
0.36663 -0.0123135 0.930285 0.462978 -0.00732711 0.999843 0.0161218 0.0009202 -0.930338 -0.012727 0.366482 0.21697
0.437785 -0.0173488 0.898912 0.740181 0.00247758 0.999833 0.0180899 0.0570064 -0.899076 -0.00569236 0.437755 0.177206
0.498463 -0.013764 0.866802 0.411605 -0.00526413 0.999807 0.0189032 -0.00224423 -0.866895 -0.0139855 0.498294 0.27128
0.560557 -0.0610968 0.825859 1.44649 0.0630948 0.997527 0.0309708 0.0332594 -0.825709 0.0347465 0.563025 -0.636161
