0.999998 -0.00177344 -7.05657e-005 -0.0365827 0.00177329 0.999996 -0.00206272 -0.00742462 7.42235e-005 0.00206259 0.999998 0.54657
0.999981 -0.00381264 -0.00482649 -0.0116833 0.00379658 0.999987 -0.00333371 -0.00610479 0.00483914 0.00331533 0.999983 0.568181
0.999956 0.000425948 -0.0094071 -0.000786769 -0.000468268 0.99999 -0.00449705 -0.00559916 0.00940509 0.00450126 0.999946 0.565357
0.999926 0.000283233 -0.0121556 -0.0271052 -0.000335802 0.999991 -0.00432286 -0.0114429 0.0121543 0.00432662 0.999917 0.567171
0.99982 -0.00225819 -0.0188259 -0.0202191 0.00215987 0.999984 -0.00524103 -0.00319119 0.0188374 0.00519943 0.999809 0.581578
0.999776 0.000940929 -0.0211275 -0.031578 -0.00107799 0.999978 -0.00647699 -0.00598153 0.0211209 0.00649832 0.999756 0.603452
0.999635 0.00568466 -0.0264043 -0.0139549 -0.00586249 0.999961 -0.0066623 -0.0103162 0.0263654 0.00681467 0.999629 0.60338
0.999505 0.00061588 -0.0314656 -0.0114977 -0.000788243 0.999985 -0.00546572 -0.00332499 0.0314618 0.00548782 0.99949 0.632197
0.999271 -0.00247293 -0.0380935 -0.0117569 0.00238614 0.999994 -0.00232351 -0.00860433 0.0380991 0.00223092 0.999271 0.639306
0.999164 0.00183033 -0.0408317 -0.0436045 -0.00184689 0.999998 -0.000367753 -0.00265297 0.0408309 0.000442857 0.999166 0.673952
0.998993 -0.000359147 -0.0448602 -0.00258001 0.000337875 1 -0.000481765 -0.00213688 0.0448604 0.000466123 0.998993 0.686287
0.999032 0.0052174 -0.0436845 -0.0615773 -0.00523121 0.999986 -0.00020192 -0.00804699 0.0436829 0.000430248 0.999045 0.675918
0.998921 -0.000180182 -0.0464518 -0.0362953 0.000125633 0.999999 -0.00117723 -0.00291431 0.046452 0.00117012 0.99892 0.68847
0.998723 -0.00696143 -0.0500293 -0.0294622 0.00694347 0.999976 -0.000532703 -0.00118396 0.0500318 0.000184646 0.998748 0.684791
0.998843 -0.00126819 -0.0480794 -0.0466238 0.001222 0.999999 -0.000990059 -0.00861674 0.0480806 0.00093016 0.998843 0.700438
0.998702 0.0036175 -0.0508085 -0.0444619 -0.00376429 0.999989 -0.00279368 -0.00970358 0.0507978 0.00298131 0.998705 0.69405
0.998825 0.00260541 -0.0483925 -0.0781391 -0.0028963 0.999978 -0.00594181 -0.00255313 0.0483759 0.00607499 0.998811 0.71311
0.998489 0.00672078 -0.05454 -0.00816472 -0.00712766 0.999948 -0.00726926 -0.0128924 0.0544883 0.00764702 0.998485 0.722038
0.998543 0.00662278 -0.0535535 -0.0766624 -0.00700018 0.999952 -0.00686261 -0.0119309 0.0535054 0.0072275 0.998541 0.711211
0.998427 -0.000590619 -0.0560556 -0.0189184 0.000272911 0.999984 -0.00567521 -0.00930591 0.0560581 0.00565099 0.998412 0.743835
0.998412 0.0028773 -0.0562637 -0.0422007 -0.00306364 0.99999 -0.00322588 -0.0170324 0.0562538 0.00339313 0.998411 0.755246
0.998413 -0.000890342 -0.0563105 -0.0683852 0.000660089 0.999991 -0.00410744 -0.00515871 0.0563136 0.00406376 0.998405 0.745136
0.998393 -0.000821224 -0.0566683 -0.0518822 0.000561682 0.999989 -0.00459578 -0.0115064 0.0566715 0.00455657 0.998382 0.747932
0.998323 -0.00543781 -0.0576364 -0.0512017 0.00511863 0.999971 -0.00568401 -0.0104975 0.0576657 0.00537946 0.998321 0.737143
0.9984 0.00120971 -0.0565317 -0.0479154 -0.00141805 0.999992 -0.00364548 -0.0143372 0.0565269 0.00371981 0.998394 0.741461
0.998306 -0.000593959 -0.0581805 -0.01922 0.000551293 1 -0.000749386 -0.00785219 0.058181 0.000716042 0.998306 0.737073
0.998493 0.00737845 -0.0543761 -0.0590869 -0.00719695 0.999968 0.00353288 -0.0163269 0.0544004 -0.00313622 0.998514 0.737943
0.998488 0.00134558 -0.0549468 -0.0316998 -0.0010077 0.99998 0.00617647 0.00490306 0.0549541 -0.00611176 0.99847 0.757689
0.998649 -0.0054289 -0.051675 -0.0786206 0.0057871 0.99996 0.00678472 -0.00378539 0.0516361 -0.0070746 0.998641 0.792819
0.998621 0.00329686 -0.0523972 -0.0147664 -0.00306416 0.999985 0.00452076 -0.00898921 0.0524113 -0.00435397 0.998616 0.783367
0.998678 0.0154939 -0.0490057 -0.0961195 -0.0155598 0.999878 -0.000963179 -0.00608714 0.0489848 0.00172443 0.998798 0.779813
0.998815 -0.000321093 -0.0486628 -0.0148367 0.000149306 0.999994 -0.00353376 -0.0100298 0.0486636 0.00352231 0.998809 0.774332
0.998894 -0.00119631 -0.0469969 -0.042598 0.00106006 0.999995 -0.00292382 -0.00577477 0.0470001 0.00287077 0.998891 0.74164
0.998829 -0.00651691 -0.0479418 -0.042309 0.00660854 0.999977 0.0017531 -0.00252028 0.0479293 -0.00206787 0.998849 0.763901
0.99881 -0.00671136 -0.0483158 -0.0419955 0.00696528 0.999963 0.00508897 -0.0135993 0.0482798 -0.00541944 0.998819 0.775913
0.998568 -0.0139614 -0.0516503 -0.0129085 0.014176 0.999892 0.00379104 -0.0101229 0.0515918 -0.00451781 0.998658 0.779196
0.998695 -0.00902864 -0.0502603 -0.0531259 0.00905233 0.999959 0.000243756 0.000960924 0.050256 -0.000698411 0.998736 0.765544
0.998561 -0.000599597 -0.0536253 -0.00928364 0.000414772 0.999994 -0.00345768 -0.0274209 0.053627 0.00343046 0.998555 0.761949
0.998517 0.0108638 -0.0533485 -0.0879408 -0.0111439 0.999926 -0.00495606 0.000910956 0.0532907 0.00554322 0.998564 0.744665
0.998403 0.00251989 -0.0564373 -0.0246738 -0.00265311 0.999994 -0.00228573 -0.01848 0.0564312 0.00243181 0.998404 0.752129
0.998349 0.00110262 -0.057426 -0.0564995 -0.0011258 0.999999 -0.00037131 -0.000937629 0.0574255 0.000435347 0.99835 0.728409
0.998224 0.00181502 -0.0595449 -0.0432953 -0.00170008 0.999997 0.00198083 -0.0109748 0.0595483 -0.00187608 0.998224 0.743774
0.998165 -0.000155503 -0.0605529 -0.0421999 0.000349995 0.999995 0.00320134 0.000210335 0.0605521 -0.00321666 0.99816 0.745588
0.998192 0.000562559 -0.0600982 -0.0538869 -0.000144507 0.999976 0.00696027 -0.0107248 0.0601007 -0.006939 0.998168 0.764914
0.998166 0.00581892 -0.0602505 -0.0529449 -0.0053066 0.999948 0.00865977 0.00100396 0.0602977 -0.00832417 0.998146 0.784854
0.998154 0.00500186 -0.0605324 -0.0527495 -0.00446918 0.99995 0.00893216 -0.00406727 0.0605741 -0.00864514 0.998126 0.825092
0.998252 -0.000107966 -0.0591086 -0.0576654 0.000513231 0.999976 0.00684113 -0.00645698 0.0591065 -0.00685951 0.998228 0.811476
0.998284 0.00448468 -0.0583848 -0.071009 -0.0042245 0.999981 0.00457898 0.000846932 0.0584042 -0.00432447 0.998284 0.810994
0.997986 -2.36017e-005 -0.0634268 0.00356242 0.000319851 0.999989 0.00466058 -0.00861706 0.063426 -0.00467148 0.997976 0.815939
0.998105 -0.00333131 -0.0614483 -0.0770001 0.00371412 0.999974 0.00611674 -0.00905025 0.0614264 -0.00633337 0.998092 0.830646
0.99808 -0.00219553 -0.061892 -0.066716 0.00262877 0.999973 0.00691941 -0.00697089 0.0618751 -0.00706882 0.998059 0.829044
0.998106 0.00628188 -0.0611928 -0.0482478 -0.00608785 0.999976 0.00335678 -0.00832599 0.0612124 -0.00297789 0.99812 0.841174
0.998026 0.00419509 -0.0626684 -0.0770163 -0.00423212 0.999991 -0.000458125 -0.00794086 0.0626659 0.000722441 0.998034 0.840752
0.997915 -0.00141037 -0.0645283 -0.0453356 0.00130062 0.999998 -0.00174287 -0.00897504 0.0645306 0.00165531 0.997914 0.863461
0.997976 -0.00134422 -0.0635776 -0.0542629 0.00146939 0.999997 0.00192216 -0.0127864 0.0635748 -0.00201169 0.997975 0.806004
0.997912 -0.00291558 -0.0645197 -0.0537019 0.00323924 0.999983 0.0049125 -0.0164311 0.0645043 -0.00511124 0.997904 0.804528
0.998029 -0.00216869 -0.0627117 -0.05292 0.00252961 0.999981 0.00567636 -0.0119808 0.0626982 -0.00582381 0.998016 0.819235
0.997809 -0.00608035 -0.0658811 -0.0345587 0.00635246 0.999972 0.00392174 -0.0116842 0.0658554 -0.00433165 0.99782 0.815288
0.997942 -0.004992 -0.0639259 -0.0640829 0.00517052 0.999983 0.00262754 -0.0075878 0.0639118 -0.00295267 0.997951 0.801168
0.997834 -0.00113293 -0.0657774 -0.0559757 0.00139669 0.999991 0.00396402 -0.0079096 0.0657724 -0.0040473 0.997826 0.778623
0.997761 -0.00308311 -0.0668091 -0.0436366 0.0036098 0.999963 0.00776426 -0.0120383 0.0667827 -0.00798804 0.997736 0.798214
0.997823 0.000723502 -0.06594 -0.0660877 0.000121752 0.999918 0.0128136 -0.005791 0.0659438 -0.0127938 0.997741 0.807112
0.997664 0.000534225 -0.068311 -0.0603381 0.000483419 0.999889 0.0148798 -0.00282935 0.0683114 -0.0148781 0.997553 0.825254
0.997593 0.00151154 -0.0693255 -0.0631134 -0.000761298 0.999941 0.0108472 -0.00598779 0.0693378 -0.0107683 0.997535 0.835159
0.997465 0.00463727 -0.0710059 -0.0622633 -0.00441199 0.999985 0.00332909 -0.00284118 0.0710202 -0.00300737 0.99747 0.791919
0.997438 0.0044894 -0.0714001 -0.0658236 -0.00462518 0.999988 -0.00173646 -0.00782972 0.0713914 0.00206225 0.997446 0.788534
0.997465 0.00873358 -0.0706232 -0.0753395 -0.00878739 0.999961 -0.000451224 -0.00281942 0.0706165 0.00107067 0.997503 0.736875
0.997374 0.012963 -0.0712515 -0.0690737 -0.012803 0.999914 0.00270181 -0.0208141 0.0712805 -0.00178248 0.997455 0.732941
0.99725 0.00364386 -0.0740204 -0.0478166 -0.0033844 0.999988 0.00363043 -0.00587612 0.0740327 -0.00336993 0.99725 0.740669
0.997292 0.00482329 -0.0733839 -0.0851332 -0.0045182 0.99998 0.00432297 -0.0064925 0.0734033 -0.0039797 0.997294 0.733347
0.997141 0.0044465 -0.0754349 -0.048935 -0.00407371 0.999979 0.00509493 -0.00898698 0.0754559 -0.00477307 0.997138 0.71129
0.997083 0.00234948 -0.0762903 -0.0540291 -0.00196122 0.999985 0.00516377 -0.00768846 0.0763013 -0.00499908 0.997072 0.711077
0.996925 0.000388223 -0.0783657 -0.0524067 4.80986e-005 0.999985 0.00556579 -0.00614763 0.0783667 -0.00555244 0.996909 0.71299
0.99678 -0.00120296 -0.0801722 -0.0622874 0.0017034 0.999979 0.00617398 -0.00587027 0.0801631 -0.00629067 0.996762 0.715672
0.996766 0.00612189 -0.0801261 -0.075073 -0.00541555 0.999945 0.00902969 -0.00262772 0.080177 -0.00856656 0.996744 0.706826
0.996529 0.0038062 -0.0831552 -0.0604782 -0.00268884 0.999905 0.013545 -0.00217762 0.0831988 -0.0132744 0.996445 0.72575
0.996444 0.00278975 -0.0842062 -0.0726376 -0.00152685 0.999885 0.0150584 -0.00277124 0.0842386 -0.0148763 0.996335 0.712527
0.996222 0.00562729 -0.0866622 -0.0473886 -0.00466758 0.999926 0.0112727 -0.0115597 0.0867192 -0.0108256 0.996174 0.734029
0.996239 0.00437032 -0.0865406 -0.0863914 -0.00405043 0.999984 0.0038716 -0.00284822 0.0865562 -0.00350651 0.996241 0.736634
0.996012 -7.29637e-006 -0.0892214 -0.0554085 -0.000150919 0.999998 -0.00176654 -0.00840766 0.0892213 0.00177296 0.99601 0.656397
0.996164 0.00192852 -0.0874815 -0.0956203 -0.00216142 0.999994 -0.0025676 -0.00619699 0.0874761 0.00274684 0.996163 0.586634
0.995945 0.0025337 -0.0899286 -0.0511778 -0.00250236 0.999997 0.000461228 -0.00405618 0.0899295 -0.000234324 0.995948 0.57305
0.996201 0.00393612 -0.0869994 -0.0403228 -0.00365049 0.999987 0.00344202 -0.0258164 0.0870119 -0.00311135 0.996202 0.558459
0.995964 -0.00366408 -0.0896744 -0.0630342 0.00363636 0.999993 -0.000472454 -0.00827166 0.0896755 0.000144459 0.995971 0.531528
0.995513 -0.0100186 -0.094095 -0.000765376 0.00953136 0.999939 -0.00562626 -0.0186694 0.0941456 0.00470416 0.995547 0.498191
0.996021 -0.012346 -0.0882602 -0.0609047 0.0113624 0.999868 -0.0116379 -0.00282416 0.0883922 0.0105887 0.996029 0.457531
0.996369 -0.00272477 -0.0851017 -0.0587987 0.00182669 0.999942 -0.0106291 -0.0142995 0.0851257 0.0104351 0.996316 0.430397
0.996675 0.00782977 -0.0811028 -0.034666 -0.00849155 0.999933 -0.007818 -0.00891043 0.0810361 0.00848069 0.996675 0.419723
0.997036 0.0023509 -0.0768971 -0.0502614 -0.00268365 0.999987 -0.00422413 -0.0147517 0.0768862 0.00441797 0.99703 0.419043
0.997498 -0.00601893 -0.0704354 -0.014915 0.00598043 0.999982 -0.000757533 0.00161082 0.0704386 0.000334405 0.997516 0.425606
0.998045 -0.00834604 -0.0619467 -0.027162 0.00855518 0.999959 0.00311169 -0.0149664 0.0619182 -0.00363557 0.998075 0.415196
0.998713 0.000416591 -0.0507238 -0.0208586 -0.000274087 0.999996 0.00281633 -0.00373605 0.0507248 -0.0027988 0.998709 0.419156
0.999309 0.0087992 -0.0361218 -0.0210074 -0.00870965 0.999959 0.00263562 -0.00664148 0.0361435 -0.00231919 0.999344 0.407268
0.999801 0.00940773 -0.0176041 -0.00500776 -0.00935134 0.999951 0.00328253 -0.00227885 0.0176341 -0.00311725 0.99984 0.393996
0.99999 0.00232627 0.00390797 0.00801823 -0.00234273 0.999988 0.00421124 -0.00537698 -0.00389813 -0.00422035 0.999983 0.388853
0.999494 -0.00419957 0.0315227 0.0253373 0.0040307 0.999977 0.00541877 -0.000809421 -0.0315447 -0.00528897 0.999488 0.378563
0.998237 -0.00745679 0.0588898 0.0481078 0.00702293 0.999947 0.00757092 -0.00956936 -0.0589431 -0.00714399 0.998236 0.372483
0.995611 -0.0017829 0.093574 0.0443854 0.000941319 0.999959 0.00903715 -0.00149631 -0.0935863 -0.0089094 0.995571 0.370467
0.991522 0.00027201 0.12994 0.0610853 -0.00154955 0.999951 0.0097308 0.000533292 -0.129931 -0.00984965 0.991474 0.358599
0.985039 -0.000550366 0.172329 0.0888562 -0.0012607 0.999945 0.0103997 -0.00304471 -0.172325 -0.0104614 0.984985 0.347755
0.975916 -0.00280532 0.218131 0.0945823 0.000407032 0.999939 0.0110389 -0.00707869 -0.218148 -0.0106842 0.975857 0.348451
0.964747 -0.00165931 0.263172 0.13083 -0.000661864 0.999962 0.00873107 0.000465435 -0.263177 -0.00859746 0.964709 0.327404
0.948122 -0.00161618 0.317903 0.130916 -0.000796473 0.999972 0.00745915 -0.011521 -0.317906 -0.00732538 0.948094 0.314594
0.928587 -0.00176226 0.371111 0.155016 0.000210763 0.999991 0.00422119 0.00458113 -0.371115 -0.00384153 0.928579 0.293516
0.90475 -0.00401422 0.425924 0.170305 0.0018651 0.999983 0.00546273 -0.00407801 -0.425939 -0.00414801 0.904743 0.276467
0.874661 -0.00215195 0.484731 0.182873 0.000858338 0.999995 0.00289064 0.00187752 -0.484735 -0.00211227 0.874658 0.259792
0.841029 -0.00461603 0.540971 0.20225 0.00308987 0.999988 0.00372905 -0.002774 -0.540982 -0.00146471 0.841033 0.243247
0.802464 -0.00369803 0.596688 0.205852 0.00233468 0.999993 0.00305772 -0.00612811 -0.596695 -0.00106064 0.802467 0.236718
0.762584 -0.00155015 0.646888 0.22849 -0.00264176 0.999981 0.00551052 -0.00926926 -0.646884 -0.00591115 0.762566 0.214927
0.720226 -0.00190158 0.693737 0.249566 -0.002328 0.999984 0.00515791 0.00742851 -0.693736 -0.00532989 0.72021 0.196111
0.674501 -0.00316628 0.738267 0.255337 -0.00285513 0.999972 0.0068972 -0.00237752 -0.738268 -0.00676002 0.674473 0.188697
0.628172 -0.00613109 0.77805 0.269623 0.000607012 0.999973 0.00738977 0.00291223 -0.778074 -0.00416976 0.628158 0.167972
0.580885 -0.0118434 0.813899 0.285046 0.00392489 0.999923 0.0117491 -0.00340006 -0.813976 -0.00363044 0.580887 0.153191
0.535072 -0.00891981 0.844759 0.28565 0.000304959 0.999946 0.0103653 -0.00186102 -0.844806 -0.00528855 0.535046 0.138316
0.485594 -0.00044174 0.874184 0.291154 -0.00801848 0.999956 0.00495942 -0.00513361 -0.874148 -0.00941789 0.485569 0.140809
0.44272 -0.00183444 0.896658 0.31559 -0.0055682 0.999973 0.00479507 -0.00453753 -0.896643 -0.00711564 0.442697 0.09399
0.399636 -0.0105716 0.916613 0.322523 0.00152203 0.99994 0.010869 -0.00516122 -0.916673 -0.00294854 0.399628 0.0980502
0.360701 -0.0259423 0.932321 0.346817 0.00452972 0.99965 0.0260633 0.00304046 -0.93267 -0.0051779 0.360692 0.0789043
0.325902 -0.0275321 0.945003 0.331306 -0.00498501 0.999512 0.0308394 0.0046564 -0.94539 -0.0147615 0.325606 0.0800656
0.293097 -0.02111 0.95585 0.35102 -0.0172033 0.999478 0.0273487 -0.00136428 -0.955928 -0.0244596 0.292581 0.0801029
0.261492 -0.00933593 0.965161 0.338313 -0.0182983 0.999726 0.0146278 -0.000744834 -0.965032 -0.0214859 0.261249 0.0926524
0.233818 -0.00568882 0.972264 0.751314 -0.0167153 0.999812 0.00986983 -0.00653839 -0.972137 -0.0185594 0.233679 0.167974
0.207635 -0.00865225 0.978168 0.847854 -0.0072785 0.99992 0.0103896 -0.0170713 -0.978179 -0.00927685 0.207556 0.126819
0.184062 -0.0153926 0.982794 0.790149 -0.000773102 0.999875 0.0158049 0.00763277 -0.982914 -0.00366889 0.184028 0.104855
0.164376 -0.0220465 0.986151 0.879613 0.00435285 0.999757 0.0216251 0.0248432 -0.986388 0.000737941 0.164432 0.0726751
0.144357 -0.0215694 0.989291 1.07011 0.00245602 0.999767 0.0214394 0.0444157 -0.989523 -0.000665211 0.144377 0.115467
0.127051 -0.0161489 0.991765 0.923168 -0.0115241 0.999776 0.0177556 0.0120837 -0.991829 -0.013685 0.126837 0.123118
0.112083 -0.0140221 0.9936 1.00398 -0.0245497 0.999556 0.0168755 0.00524462 -0.993396 -0.0262841 0.111689 0.105417
0.0967745 -0.0139137 0.995209 0.930927 -0.0241823 0.999574 0.0163262 0.00904358 -0.995013 -0.0256464 0.0963968 0.0919439
0.0841214 -0.0181567 0.99629 0.390626 -0.0197559 0.999607 0.0198852 0.00347575 -0.99626 -0.0213554 0.0837296 0.00820038
0.0720031 -0.0208501 0.997186 0.406812 -0.0167127 0.999616 0.0221076 0.00669725 -0.997264 -0.0182575 0.071627 0.029936
0.0623405 -0.025607 0.997726 0.431591 -0.0167248 0.999504 0.0266976 0.00528143 -0.997915 -0.0183511 0.0618813 0.0114148
0.053459 -0.0244829 0.99827 0.436729 -0.0187828 0.999498 0.0255189 0.0101654 -0.998393 -0.0201145 0.0529723 0.0267189
0.0490588 -0.0285105 0.998389 0.448591 -0.0232106 0.99929 0.0296768 0.00873475 -0.998526 -0.0246291 0.0483622 0.00843541
0.0426132 -0.0272367 0.99872 0.464448 -0.024142 0.999308 0.0282828 0.00692018 -0.9988 -0.0253164 0.0419261 0.0227907
0.0371531 -0.0302044 0.998853 0.476675 -0.0261725 0.999171 0.0311875 0.0175187 -0.998967 -0.0273012 0.0363317 0.0338118
0.0328474 -0.029704 0.999019 0.505071 -0.0266157 0.999178 0.0305838 0.0075863 -0.999106 -0.0275942 0.0320298 0.0059128
0.0279764 -0.0295112 0.999173 0.514621 -0.0284008 0.999137 0.0303054 0.0213609 -0.999205 -0.0292251 0.0271141 0.0362336
0.0275769 -0.0329335 0.999077 0.532637 -0.0309439 0.99895 0.0337834 0.00697178 -0.999141 -0.0318469 0.0265288 0.00239292
0.0237964 -0.0304695 0.999252 0.5487 -0.0294441 0.99908 0.0311655 0.0151329 -0.999283 -0.0301637 0.0228774 0.0208581
0.0210491 -0.0376317 0.99907 0.565388 -0.033426 0.998706 0.0383223 0.00323477 -0.99922 -0.0342016 0.019764 0.0211091
0.023934 -0.0368178 0.999035 0.61312 -0.029698 0.998854 0.0375226 0.0278567 -0.999272 -0.0305674 0.0228131 0.00773763
0.0261529 -0.0389111 0.9989 0.627747 -0.0359703 0.998558 0.0398396 0.019319 -0.999011 -0.0369727 0.0247156 0.0127627
0.0289954 -0.0405852 0.998755 0.622372 -0.0380956 0.998405 0.0416769 0.0241085 -0.998853 -0.0392566 0.0274031 0.0276918
0.0351409 -0.0436254 0.99843 0.653748 -0.0406056 0.998159 0.0450427 0.023642 -0.998557 -0.0421247 0.0333048 0.0149307
0.0382672 -0.0420609 0.998382 0.639095 -0.0435022 0.998096 0.0437162 0.0262475 -0.99832 -0.0451047 0.0363647 0.0165997
0.0433198 -0.044229 0.998082 0.630959 -0.0459845 0.997873 0.0462156 0.0255792 -0.998002 -0.0478984 0.0411938 0.0345609
0.0476224 -0.039885 0.998069 0.676969 -0.0471254 0.998 0.0421308 0.0250104 -0.997753 -0.0490408 0.0456476 0.0286269
0.0517835 -0.039279 0.997886 0.67858 -0.0476419 0.997991 0.0417554 0.0261994 -0.997521 -0.0497034 0.0498081 0.0394753
0.054219 -0.0369338 0.997846 0.698093 -0.040494 0.998412 0.0391551 0.0345543 -0.997708 -0.0425297 0.0526373 0.0678902
0.0596743 -0.0358937 0.997572 0.714211 -0.0353171 0.998652 0.0380452 0.0183279 -0.997593 -0.0375017 0.0583262 0.0350338
0.057498 -0.0270273 0.99798 0.693619 -0.0277842 0.999203 0.0286612 0.0124915 -0.997959 -0.0293761 0.0567013 0.0717185
0.0551642 -0.0235109 0.9982 0.68635 -0.0271328 0.999318 0.0250367 0.0107253 -0.998109 -0.0284651 0.0544887 0.0798559
0.0542941 -0.0207151 0.99831 0.68044 -0.027383 0.999378 0.0222265 0.0131459 -0.998149 -0.0285435 0.0536931 0.0729844
0.0562144 -0.0185798 0.998246 0.694669 -0.0273469 0.999423 0.0201417 0.00773147 -0.998044 -0.0284312 0.0556739 0.0279206
0.0534744 -0.018386 0.9984 0.694838 -0.0249789 0.999493 0.019744 0.00757023 -0.998257 -0.0259948 0.052988 0.0499569
0.0553086 -0.0197156 0.998275 0.691722 -0.0243031 0.999482 0.0210859 0.0133249 -0.998173 -0.0254274 0.0548009 0.0620443
0.0561337 -0.0146648 0.998316 0.691549 -0.0214181 0.999644 0.0158886 0.00387179 -0.998194 -0.0222739 0.0557996 0.026793
0.0592045 -0.0217693 0.998008 0.695094 -0.0180633 0.999575 0.0228751 0.000577641 -0.998082 -0.0193816 0.0587861 0.0189184
0.0541955 -0.00713631 0.998505 0.699648 -0.0146755 0.999861 0.00794254 0.010168 -0.998422 -0.015084 0.0540833 0.0724586
0.0541236 -0.012896 0.998451 0.700283 -0.0175312 0.99975 0.0138631 0.00667253 -0.99838 -0.0182543 0.053884 0.0314261
0.0479825 -0.00501733 0.998836 0.696278 -0.0133366 0.999895 0.00566332 -0.000687359 -0.998759 -0.0135928 0.0479106 0.0506187
0.0434352 -0.00427417 0.999047 0.713493 -0.0147031 0.99988 0.00491697 -0.00447768 -0.998948 -0.0149027 0.0433671 0.0283293
0.0386859 -0.00251255 0.999248 0.726725 -0.01139 0.999931 0.00295523 -0.0112745 -0.999187 -0.0114957 0.0386546 0.0255694
0.0298419 -0.00201787 0.999553 0.754298 -0.00741195 0.99997 0.00224 -0.00539492 -0.999527 -0.00747548 0.029826 0.0432225
0.0217525 -0.00193646 0.999762 0.735419 -0.00209974 0.999996 0.0019826 0.00109307 -0.999761 -0.00214237 0.0217484 0.025226
0.0118249 -0.00226371 0.999928 0.697359 -0.00153301 0.999996 0.00228199 -0.0124321 -0.999929 -0.00155988 0.0118214 0.00984757
0.00105165 -0.00366564 0.999993 0.740731 -0.00315138 0.999988 0.00366894 -0.00612676 -0.999994 -0.00315522 0.00104009 0.00362005
-0.00998381 -0.00222944 0.999948 0.733997 -0.00462479 0.999987 0.00218335 -0.008508 -0.999939 -0.00460275 -0.00999399 -0.0014486
-0.0206215 -0.00443592 0.999778 1.15684 -0.00506759 0.999978 0.00433229 -0.0182873 -0.999775 -0.00497712 -0.0206435 -0.0402073
-0.0327682 -0.00374878 0.999456 1.36231 -0.00225427 0.999991 0.00367688 -0.0159051 -0.99946 -0.00213255 -0.0327764 -0.0216899
-0.0429968 -0.0046045 0.999065 1.32289 -0.00309768 0.999985 0.00447543 -0.00708055 -0.99907 -0.00290235 -0.0430105 -0.0537632
-0.0537619 -0.00282447 0.99855 1.59439 -0.00256782 0.999993 0.0026903 -0.0381784 -0.99855 -0.00241946 -0.0537688 -0.103707
-0.0649081 -0.0032779 0.997886 1.29592 -0.0016551 0.999994 0.00317717 0.0140421 -0.99789 -0.00144537 -0.0649132 -0.0513392
-0.0735598 -0.00499928 0.997278 0.641689 -0.00168658 0.999987 0.00488845 -0.0225358 -0.997289 -0.0013224 -0.0735672 -0.0635509
-0.0832426 -0.00507229 0.996516 0.646975 -0.00264464 0.999985 0.00486902 -0.00656712 -0.996526 -0.00223012 -0.0832547 -0.0608275
-0.0928779 -0.00667199 0.995655 0.620729 -0.00391225 0.999972 0.00633597 -0.00456921 -0.99567 -0.00330678 -0.0929014 -0.05536
-0.100761 -0.006828 0.994887 0.613403 -0.00548988 0.999965 0.00630684 -0.00772744 -0.994896 -0.00482633 -0.100794 -0.0800828
-0.107942 -0.00963659 0.994111 0.620908 -0.00894799 0.999922 0.00872134 -0.00708721 -0.994117 -0.0079539 -0.108019 -0.0652311
-0.112562 -0.0128545 0.993562 0.62084 -0.0123183 0.999858 0.0115404 -0.0016812 -0.993568 -0.01094 -0.112704 -0.0735907
-0.117437 -0.0135727 0.992988 0.618977 -0.0140262 0.99983 0.0120074 -0.00763989 -0.992981 -0.0125178 -0.117608 -0.0894426
-0.119547 -0.0190906 0.992645 0.612473 -0.0168424 0.99971 0.0171981 0.0106561 -0.992686 -0.0146626 -0.119833 -0.0503409
-0.120348 -0.0180663 0.992567 0.593027 -0.0194406 0.999686 0.0158387 -0.00717369 -0.992541 -0.01739 -0.120662 -0.0837908
-0.119601 -0.0202142 0.992616 0.584394 -0.0188735 0.999658 0.0180836 0.0104203 -0.992643 -0.0165714 -0.119942 -0.0745266
-0.120869 -0.0186955 0.992492 0.577318 -0.017729 0.999704 0.0166722 -0.00870004 -0.99251 -0.0155807 -0.121165 -0.0579289
-0.115827 -0.0223532 0.993018 0.539986 -0.0174908 0.999638 0.020462 -0.00729879 -0.993115 -0.0149987 -0.116176 -0.101738
-0.112884 -0.0210001 0.993386 0.529764 -0.018082 0.999654 0.0190779 0.00353651 -0.993444 -0.0158088 -0.113225 -0.065232
-0.0994778 -0.0351584 0.994418 0.519542 -0.0287131 0.999061 0.0324502 -0.00308638 -0.994625 -0.0253247 -0.100394 -0.0620137
-0.0883024 -0.0277306 0.995708 0.500889 -0.0282391 0.99928 0.0253257 0.00699994 -0.995693 -0.0258816 -0.0890219 -0.0324877
-0.0742243 -0.0336427 0.996674 0.496079 -0.0357942 0.998877 0.0310514 2.91515e-005 -0.996599 -0.0333704 -0.0753452 -0.0262052
-0.0575978 -0.0285544 0.997931 0.476476 -0.0292653 0.99921 0.0269019 0.00890533 -0.997911 -0.0276553 -0.0583879 -0.0230594
-0.0366966 -0.0291569 0.998901 0.473366 -0.0273576 0.999229 0.0281614 0.00162149 -0.998952 -0.0262941 -0.037466 0.0033678
-0.0108108 -0.0258296 0.999608 0.445305 -0.0242122 0.99938 0.0255618 0.0040637 -0.999648 -0.0239264 -0.0114294 0.00342499
0.0165616 -0.0253431 0.999542 0.445041 -0.0241847 0.999376 0.0257396 0.00514356 -0.99957 -0.0245999 0.0159384 0.0286959
0.0491579 -0.0214944 0.99856 0.435227 -0.0247169 0.999436 0.02273 0.0121377 -0.998485 -0.0257986 0.0485989 0.0390868
0.0877278 -0.0210306 0.995922 0.430001 -0.0277955 0.999336 0.0235511 0.00560551 -0.995757 -0.0297482 0.087085 0.060403
0.128384 -0.0175648 0.991569 0.432018 -0.0298228 0.999323 0.0215634 -0.00193426 -0.991276 -0.0323398 0.127773 0.0832681
0.173435 -0.0173577 0.984692 0.43139 -0.029762 0.999296 0.0228572 0.00239973 -0.984395 -0.0332706 0.172797 0.0996626
0.221757 -0.0189517 0.974918 0.43469 -0.0292285 0.999233 0.0260727 -0.00411597 -0.974664 -0.0342772 0.221033 0.117257
0.271679 -0.00826106 0.962353 0.424414 -0.0277943 0.999479 0.0164263 0.00427081 -0.961987 -0.0312106 0.271308 0.168402
0.326684 -0.0139367 0.945031 0.4193 -0.0216537 0.999518 0.0222257 0.00575269 -0.944886 -0.0277242 0.326225 0.163873
0.383945 -0.0067237 0.923331 0.399228 -0.0123967 0.999846 0.0124357 0.00700186 -0.923273 -0.0162209 0.383803 0.215004
0.455697 -0.0214007 0.889878 0.430046 -0.00260004 0.999675 0.0253727 0.0221312 -0.890131 -0.013876 0.455493 0.151847
0.504942 -0.0110109 0.863083 0.342812 -0.00151154 0.999906 0.0136407 -0.00718702 -0.863152 -0.00819235 0.504878 0.283905
0.566763 -0.00948928 0.823826 0.340017 -0.00736954 0.999835 0.0165866 -0.000954303 -0.823848 -0.0154719 0.5666 0.259406
0.62303 -0.0254886 0.781783 0.305767 0.00382907 0.999556 0.0295371 0.015754 -0.782189 -0.015409 0.622851 0.271087
0.672617 -0.00550014 0.73997 0.257717 -0.00620887 0.999895 0.0130759 0.0117702 -0.739965 -0.0133894 0.672512 0.31892
0.724451 -0.011648 0.689227 0.246489 -0.00736996 0.999669 0.0246412 0.00111471 -0.689286 -0.0229309 0.724126 0.290316
0.766997 -0.00508685 0.64163 0.210432 -0.0107227 0.999727 0.0207436 0.016813 -0.641561 -0.0227902 0.766733 0.332491
0.809417 -0.00592972 0.587204 0.211359 -0.0155944 0.999379 0.0315877 -0.0014269 -0.587027 -0.0347247 0.808823 0.34329
0.844949 -0.00536018 0.53482 0.168489 -0.0152423 0.999302 0.0340963 -0.000752486 -0.53463 -0.0369615 0.844278 0.366701
0.876817 -0.0067239 0.480778 0.169106 -0.0152878 0.999007 0.0418526 0.0150741 -0.480582 -0.0440471 0.875843 0.377326
0.902157 -0.00333966 0.431394 0.14604 -0.0171024 0.998907 0.0434987 0.0102453 -0.431068 -0.0466206 0.901114 0.399188
0.92247 0.00161734 0.386065 0.139288 -0.0202139 0.998822 0.044115 0.0110653 -0.385539 -0.0484986 0.921416 0.402105
0.938206 0.00308845 0.346063 0.114119 -0.019686 0.998817 0.0444564 0.0101377 -0.345517 -0.0485219 0.937157 0.418124
0.95017 0.00520455 0.31169 0.105115 -0.0188589 0.998989 0.0408094 0.0182361 -0.311163 -0.044654 0.949307 0.424409
0.959622 0.00156358 0.281288 0.1022 -0.0131745 0.999137 0.0393913 0.0181086 -0.280983 -0.0415066 0.958815 0.427043
0.965798 -0.0084858 0.259157 0.1008 -0.00216196 0.999166 0.0407736 0.0142311 -0.259287 -0.0399393 0.964974 0.434668
0.969845 -0.0121164 0.243422 0.113049 0.00211485 0.999144 0.0413068 0.00781197 -0.243714 -0.0395464 0.96904 0.443946
0.972883 -0.00373259 0.231267 0.0866138 -0.00569429 0.99918 0.040081 0.0168977 -0.231227 -0.040311 0.972064 0.433734
0.97505 0.00479357 0.221932 0.0864977 -0.0137662 0.999148 0.0389005 0.0164101 -0.221557 -0.0409851 0.974286 0.457379
0.976323 0.00968219 0.216101 0.0932664 -0.0177998 0.999206 0.035649 0.0159846 -0.215585 -0.0386515 0.97572 0.451136
0.976826 0.00919789 0.213836 0.0831845 -0.0161858 0.99939 0.0309512 0.012252 -0.213421 -0.033695 0.976379 0.455752
0.977392 0.00175671 0.211427 0.214257 -0.00811237 0.999541 0.0291972 0.00367982 -0.211278 -0.0302523 0.976958 0.848337
0.976676 -0.00250731 0.214705 0.0904381 -0.00303766 0.99967 0.0254921 0.00753747 -0.214699 -0.0255497 0.976346 0.467766
0.976075 -0.00895117 0.217251 0.115903 0.00455908 0.999775 0.0207095 0.00897302 -0.217387 -0.0192236 0.975896 0.471156
0.974888 -0.00669833 0.222597 0.125543 0.00331072 0.999873 0.0155883 0.0114031 -0.222673 -0.0144599 0.974786 0.474008
0.9739 0.00265089 0.226963 0.0844348 -0.00629632 0.999863 0.0153393 0.00618404 -0.226891 -0.016368 0.973783 0.483894
0.973055 0.00680352 0.230471 0.118395 -0.0113501 0.999766 0.0184072 0.0116925 -0.230292 -0.0205271 0.972905 0.468946
0.971492 0.000908233 0.237069 0.121479 -0.00673211 0.999695 0.0237577 0.00391922 -0.236976 -0.0246764 0.971202 0.494856
0.970986 -0.00683898 0.239038 0.137701 -0.000246655 0.999562 0.0295999 0.0171608 -0.239135 -0.0288001 0.970559 0.501238
0.969994 -0.006771 0.243033 0.124283 -0.00169533 0.999399 0.0346101 0.006825 -0.243121 -0.0339837 0.9694 0.526183
0.969599 -0.0102146 0.244486 0.129189 0.00138235 0.999341 0.03627 0.0185379 -0.244696 -0.0348294 0.968974 0.554224
0.969671 -0.0140628 0.244009 0.182921 0.00564711 0.999366 0.0351546 0.00246851 -0.244349 -0.0327105 0.969136 0.554725
0.968927 -0.0120517 0.247051 0.139592 0.00529222 0.999594 0.0280065 0.0191794 -0.247288 -0.0258288 0.968598 0.581861
0.96958 0.000494521 0.244775 0.22797 -0.00552043 0.999788 0.0198471 0.0292633 -0.244713 -0.0205946 0.969377 1.03713
0.970435 -0.0011643 0.241361 0.261271 -0.00318989 0.999839 0.0176487 0.0269658 -0.241342 -0.0178968 0.970275 1.11795
0.970688 0.000288083 0.240341 0.163137 -0.00545047 0.999768 0.020815 0.0154382 -0.24028 -0.0215148 0.970465 0.59319
0.971238 -0.00479524 0.238061 0.142656 -0.00209148 0.999587 0.0286674 0.0152583 -0.2381 -0.0283408 0.970827 0.64554
0.972256 -0.00399778 0.233885 0.155195 -0.00433484 0.999374 0.0351021 -0.000350895 -0.233879 -0.0351421 0.97163 0.624225
0.971972 0.00217307 0.235085 0.14165 -0.00992149 0.999446 0.0317822 0.022799 -0.234886 -0.0332239 0.971455 0.693907
0.973026 0.00281425 0.23068 0.315135 -0.00944071 0.999574 0.027627 0.0323162 -0.230504 -0.0290596 0.972637 1.43106
0.973673 0.001059 0.227946 0.145764 -0.00619811 0.999742 0.0218307 0.015338 -0.227864 -0.0226688 0.973429 0.63355
0.974574 -0.00582145 0.223991 0.393049 0.00142403 0.999803 0.0197887 0.0359339 -0.224062 -0.0189666 0.97439 1.81299
0.97541 -0.0062748 0.220307 0.126202 0.00163277 0.999773 0.0212465 0.00160065 -0.22039 -0.0203643 0.975199 0.642225
0.975967 -0.0050033 0.217863 0.161708 5.8854e-005 0.999742 0.0226958 0.0128082 -0.21792 -0.0221375 0.975715 0.683702
0.976114 -0.00531001 0.217195 0.145381 -0.000247056 0.999674 0.0255504 0.0101836 -0.21726 -0.0249938 0.975794 0.709815
0.976752 -0.00612537 0.214285 0.16094 -4.94399e-005 0.999585 0.0287987 0.00920655 -0.214372 -0.0281398 0.976347 0.679607
0.976182 -0.00895951 0.216768 0.119062 0.00270475 0.999572 0.0291341 0.0277308 -0.216937 -0.0278539 0.975788 0.67063
0.97663 -0.00469081 0.214877 0.159075 -0.00216895 0.999496 0.0316772 -0.00104044 -0.214918 -0.031403 0.976127 0.651474
0.976065 0.00412381 0.217441 0.128269 -0.0102473 0.999582 0.0270417 0.0182368 -0.217238 -0.0286227 0.975699 0.669826
0.976231 0.00651446 0.216635 0.14425 -0.0119122 0.99965 0.0236199 0.0139016 -0.216406 -0.0256391 0.975967 0.67829
0.975766 0.0110489 0.218539 0.130738 -0.0157111 0.999684 0.0196073 0.0127681 -0.218253 -0.0225656 0.975631 0.668608
0.974919 0.0148489 0.222064 0.129727 -0.0195505 0.999629 0.0189889 0.0100172 -0.2217 -0.0228541 0.974847 0.667968
0.974501 0.00693947 0.224275 0.143469 -0.0120358 0.999699 0.0213644 0.00366015 -0.224059 -0.0235189 0.974292 0.68616
0.974247 0.00266525 0.225469 0.164596 -0.00727118 0.999781 0.0196003 0.00846551 -0.225367 -0.0207349 0.974053 0.687078
0.973091 -0.00344923 0.230396 0.147788 -0.00060023 0.999847 0.0175037 0.00824904 -0.230421 -0.017171 0.97294 0.683912
0.972866 -0.00878103 0.231202 0.164409 0.0043227 0.999795 0.0197828 0.00687578 -0.231329 -0.0182466 0.972705 0.684565
0.972792 -0.0146987 0.231213 0.171384 0.0102175 0.999736 0.0205667 0.00288734 -0.231454 -0.0176448 0.972686 0.683252
0.972877 -0.0126353 0.230976 0.163952 0.00786169 0.999736 0.0215758 0.00194008 -0.231188 -0.0191748 0.97272 0.68617
0.972413 -0.000292223 0.233266 0.152041 -0.00507014 0.999736 0.0223882 0.0161487 -0.233211 -0.0229533 0.972155 0.675556
0.972149 0.00239466 0.23435 0.162468 -0.00940853 0.99954 0.0288156 0.00451329 -0.234173 -0.0302179 0.971725 0.702596
0.971531 0.00532544 0.236854 0.172166 -0.0128288 0.999463 0.0301492 0.010067 -0.236566 -0.0323294 0.971077 0.724859
0.971379 -0.0012035 0.237531 0.175305 -0.00502807 0.999659 0.0256272 0.0045147 -0.237481 -0.026088 0.971042 0.740496
0.971313 -0.0142028 0.237378 0.182924 0.0114548 0.999851 0.0129522 0.00563514 -0.237527 -0.0098615 0.971331 0.727389
0.971266 -0.0149494 0.237527 0.169915 0.0140618 0.999886 0.00543073 0.00330905 -0.237581 -0.00193463 0.971366 0.679964
0.971608 -0.00763843 0.236473 0.154359 0.00432718 0.999885 0.0145184 0.00931983 -0.236557 -0.013083 0.97153 0.653946
0.97185 -0.00217901 0.235591 0.154862 -0.00609753 0.99939 0.0343967 0.00974343 -0.235522 -0.034865 0.971243 0.662735
0.972393 -0.0044506 0.233309 0.184574 -0.00758383 0.998687 0.0506591 0.00200563 -0.233228 -0.0510299 0.971082 0.748053
0.972393 -0.00084117 0.233347 0.177692 -0.00944666 0.999032 0.0429669 0.0295219 -0.233157 -0.0439851 0.971444 0.799672
0.972613 0.00240427 0.232418 0.16979 -0.00897446 0.999589 0.0272156 0.00919698 -0.232257 -0.0285561 0.972235 0.760895
0.972762 -0.00186999 0.2318 0.146163 -0.00263077 0.999814 0.0191059 0.0240653 -0.231793 -0.0191953 0.972576 0.72906
0.973199 -0.00807298 0.229822 0.169232 0.00369401 0.999803 0.0194776 0.00995663 -0.229934 -0.0181066 0.973038 0.782643
0.973349 -0.00577794 0.229258 0.151355 0.00136723 0.999811 0.0193933 0.0042262 -0.229326 -0.0185629 0.973173 0.754526
0.973986 -0.00327854 0.226586 0.201069 -0.000912686 0.99983 0.01839 0.0168587 -0.226608 -0.0181184 0.973818 0.883343
0.974397 -0.00146704 0.224831 0.193689 -0.00205344 0.999879 0.0154237 -0.00010099 -0.224826 -0.0154905 0.974276 0.864032
0.975198 0.00402277 0.221298 0.282222 -0.00730506 0.999875 0.0140156 0.0109674 -0.221214 -0.0152846 0.975106 1.29427
0.975233 0.0132307 0.220784 0.226392 -0.0162875 0.999795 0.0120299 0.0034169 -0.22058 -0.015328 0.975248 1.28894
0.975728 0.0100154 0.218757 0.282786 -0.0130308 0.999839 0.0123458 0.013025 -0.218598 -0.0148967 0.975701 1.18079
0.976165 0.000857045 0.21703 0.255248 -0.00492369 0.999822 0.0181977 -0.00917911 -0.216976 -0.0188325 0.975995 1.13532
0.976023 -6.58232e-005 0.217667 0.226368 -0.00379908 0.999842 0.0173375 0.0114334 -0.217634 -0.0177487 0.975869 1.29066
0.977671 -0.00495764 0.210082 0.298768 0.00168116 0.999874 0.0157719 -0.00411015 -0.210134 -0.0150665 0.977556 1.16619
0.977296 -0.0111152 0.211587 0.191555 0.00832644 0.999866 0.0140667 -0.0207084 -0.211715 -0.0119856 0.977258 1.14438
0.979463 -0.00902773 0.201424 0.31845 0.00668551 0.999902 0.0123056 0.030417 -0.201515 -0.0107062 0.979427 1.41213
0.980264 -0.0029794 0.19767 0.238506 -0.000590425 0.999838 0.0179982 -0.00830638 -0.197691 -0.0177597 0.980103 1.41693
0.982116 -0.00482412 0.188216 0.232512 -0.000186716 0.999646 0.0265959 0.0146431 -0.188278 -0.0261554 0.981767 1.06072
0.982351 -0.00296252 0.187024 0.180835 -0.00371783 0.999368 0.0353584 0.0176815 -0.18701 -0.0354297 0.981719 1.28739
0.98331 0.00507081 0.181867 0.178227 -0.0119251 0.999258 0.0366149 0.0106654 -0.181547 -0.0381726 0.982641 0.738126
0.98367 0.00840147 0.179784 0.0517052 -0.0141444 0.999429 0.0306853 0.0210044 -0.179423 -0.0327272 0.983227 0.727213
0.985441 -0.00191964 0.17001 0.145487 -0.00187037 0.999753 0.0221299 0.00594815 -0.17001 -0.0221257 0.985194 0.678437
0.986082 -0.00829711 0.166052 0.0938727 0.0057146 0.999855 0.0160242 0.0131687 -0.166161 -0.0148522 0.985987 0.659845
0.987355 -0.0061367 0.158408 0.113166 0.00338716 0.999839 0.0176214 0.00458638 -0.158491 -0.0168621 0.987216 0.628457
0.988592 0.00293414 0.15059 0.0955243 -0.00593402 0.999793 0.0194754 0.0069613 -0.150501 -0.0201468 0.988405 0.654979
0.989604 0.0121056 0.14331 0.0628616 -0.0147373 0.999741 0.0173163 0.000865873 -0.143063 -0.0192483 0.989526 0.648367
0.991196 0.00590572 0.132268 0.0904573 -0.00739162 0.999915 0.0107459 0.00495046 -0.132193 -0.0116289 0.991156 0.654662
0.99223 -0.00290794 0.124384 0.0768814 0.00184688 0.999961 0.00864501 -0.000593561 -0.124404 -0.00834812 0.992196 0.641066
0.993203 -0.00201129 0.11638 0.0665006 0.000796128 0.999945 0.0104869 0.00470872 -0.116395 -0.0103229 0.993149 0.645821
0.994198 0.00138151 0.10756 0.0817911 -0.00322983 0.99985 0.0170117 0.00220079 -0.107521 -0.0172604 0.994053 0.669389
0.994943 0.00492108 0.100317 0.0511218 -0.00717197 0.99973 0.0220895 0.00168225 -0.100181 -0.0226973 0.99471 0.696599
0.995724 0.00287645 0.0923326 0.0625485 -0.00522415 0.999669 0.025195 0.0061898 -0.0922295 -0.0255696 0.995409 0.713368
0.996292 -0.000816656 0.0860278 0.0608895 -0.00148092 0.999644 0.0266402 0.00944403 -0.0860189 -0.0266688 0.995937 0.707154
0.996629 -0.00181789 0.0820182 0.0532948 -0.000214873 0.999693 0.0247687 0.00922906 -0.0820381 -0.0247028 0.996323 0.702697
0.996928 0.00324722 0.0782582 0.0448934 -0.00473968 0.99981 0.0188927 0.00578678 -0.078182 -0.0192056 0.996754 0.709942
0.997212 0.00857507 0.0741263 0.0452199 -0.00946919 0.999886 0.0117191 0.00289183 -0.0740174 -0.0123883 0.99718 0.751576
0.997422 0.00599685 0.071504 0.0356439 -0.00665849 0.999937 0.00901836 0.00242399 -0.0714454 -0.00947123 0.9974 0.710658
0.997692 0.00289654 0.0678442 0.0481893 -0.0039354 0.999877 0.0151837 0.00697514 -0.0677919 -0.0154157 0.99758 0.711479
0.997784 0.0049013 0.0663525 0.0443116 -0.00658923 0.99966 0.0252441 0.00317029 -0.0662062 -0.0256253 0.997477 1.03249
0.998106 0.00349382 0.0614257 0.0406158 -0.00546677 0.999474 0.0319806 0.00968201 -0.0612816 -0.0322558 0.997599 0.763226
0.998418 -0.00355061 0.0561181 0.0561164 0.00191897 0.999575 0.0291023 0.00525133 -0.0561975 -0.0289486 0.998 0.75758
0.998525 -0.0172735 0.0514813 0.0515935 0.0162832 0.999675 0.0195939 0.00835117 -0.0518031 -0.0187267 0.998482 0.810524
0.998873 -0.0171469 0.0442518 0.0431986 0.0165114 0.999756 0.0146871 0.0235871 -0.0444928 -0.0139399 0.998912 1.11285
0.999279 0.00138997 0.0379528 0.0265432 -0.00197574 0.999879 0.015401 0.00964677 -0.0379268 -0.0154649 0.999161 1.21865
0.999548 0.00186909 0.0300203 0.0238705 -0.00251491 0.999766 0.0214894 0.0105982 -0.0299731 -0.0215552 0.999318 1.44465
0.99972 -0.00500694 0.023107 0.0139381 0.00442491 0.999673 0.025171 0.00188618 -0.0232255 -0.0250617 0.999416 0.696214
0.999763 -0.0145193 0.0162314 0.0170823 0.0140391 0.999472 0.0293167 0.0136588 -0.0166484 -0.0290819 0.999438 0.705744
0.999861 -0.0129604 0.0104613 0.0164642 0.0126523 0.999499 0.0289967 0.00821405 -0.0108319 -0.0288604 0.999525 0.713526
0.999966 -0.00749481 0.0035705 -0.00227657 0.00741341 0.999724 0.0222902 0.00793274 -0.00373658 -0.022263 0.999745 0.717595
0.999926 -0.0115675 -0.00375682 -0.00383495 0.0116129 0.999857 0.012289 0.0059497 0.00361413 -0.0123317 0.999917 0.687251
0.999754 -0.0194981 -0.0106027 0.00384248 0.0195804 0.999778 0.0077183 0.00714129 0.0104498 -0.007924 0.999914 0.670272
0.99985 -0.00583402 -0.0163272 -0.0184376 0.00608684 0.999862 0.0154779 0.00118875 0.0162347 -0.0155749 0.999747 0.650935
0.999664 0.0148054 -0.0212616 -0.0287284 -0.0141921 0.999487 0.0287149 0.00687574 0.0216758 -0.0284035 0.999361 0.694262
0.999549 0.015448 -0.0257678 -0.0310399 -0.0145043 0.999232 0.0364135 0.00552136 0.0263106 -0.0360233 0.999005 0.724971
0.999551 0.00543239 -0.0294764 -0.0253494 -0.0044419 0.999427 0.0335649 0.00868257 0.0296419 -0.0334189 0.999002 0.744394
0.999505 0.00239617 -0.0313833 -0.0335973 -0.00168955 0.999745 0.022523 0.0160313 0.0314292 -0.0224588 0.999254 0.742325
0.999342 0.0146919 -0.0331718 -0.0460351 -0.0142114 0.999791 0.0146757 0.002344 0.0333805 -0.0141946 0.999342 0.705068
0.999296 0.00977724 -0.0362131 -0.0258017 -0.009421 0.999906 0.00999507 0.00794749 0.0363075 -0.00964687 0.999294 0.674844
0.999203 -0.00700506 -0.0393024 -0.0126184 0.00761398 0.999853 0.0153649 -0.000647101 0.039189 -0.0156519 0.999109 0.652572
0.999211 -0.00561518 -0.0393299 -0.0286864 0.00652846 0.999711 0.0231312 0.00586148 0.0391886 -0.0233697 0.998959 0.682122
0.999226 0.000128281 -0.0393384 -0.048807 0.00103067 0.999566 0.0294393 0.00370481 0.0393251 -0.0294571 0.998792 0.730696
0.999152 0.000960798 -0.0411738 -0.00993235 0.000202061 0.999601 0.0282292 0.00650211 0.0411845 -0.0282136 0.998753 0.742532
