0.999988 -0.0027938 -0.00398654 0.00880003 0.00278629 0.999994 -0.00188774 -0.00900413 0.00399179 0.00187661 0.99999 0.670853
0.999976 -0.00302217 -0.0062819 -0.00334815 0.00299809 0.999988 -0.00383816 -0.0106233 0.00629343 0.00381923 0.999973 1.33034
0.999928 0.00212195 -0.0118341 -0.013803 -0.00219117 0.999981 -0.0058386 -0.00607657 0.0118215 0.00586411 0.999913 2.008
0.999834 0.00135693 -0.0181703 -0.0324357 -0.00145662 0.999984 -0.00547391 -0.0157844 0.0181626 0.00549946 0.99982 2.69223
