0.999993 -0.00137303 -0.00338692 -0.00590868 0.00136543 0.999997 -0.0022434 -0.00116763 0.00338999 0.00223876 0.999992 0.65323
0.999969 0.00150517 -0.00770404 -0.00880728 -0.00153926 0.999989 -0.00442198 0.00637072 0.0076973 0.0044337 0.999961 0.677466
0.999936 0.000624726 -0.0112949 -0.0184325 -0.000691542 0.999982 -0.00591268 -0.00441631 0.011291 0.00592011 0.999919 0.680627
0.999867 0.00236063 -0.016125 -0.0180198 -0.00247005 0.999974 -0.00676944 -0.00393372 0.0161086 0.00680837 0.999847 0.692515
0.999808 -0.000416222 -0.0196124 -0.0268385 0.000279437 0.999976 -0.00697666 -0.010215 0.0196148 0.00696984 0.999783 0.707465
0.999693 0.00244994 -0.0246709 -0.0217039 -0.00264368 0.999966 -0.00782345 -0.0122726 0.0246509 0.00788626 0.999665 0.71378
0.999528 0.00287523 -0.0305983 -0.0203558 -0.00313042 0.999961 -0.00829515 -0.00944689 0.0305733 0.00838702 0.999497 0.734472
0.999397 0.00122735 -0.0347034 -0.0360228 -0.00146442 0.999976 -0.00680663 -0.00723222 0.0346942 0.00685335 0.999374 0.735603
0.999229 7.98741e-006 -0.0392667 -0.0331624 -0.000156492 0.999993 -0.00377887 -0.0117282 0.0392664 0.0037821 0.999222 0.741765
0.999093 -0.000295307 -0.0425808 -0.0388214 0.000261559 1 -0.000798143 -0.0146175 0.042581 0.000786282 0.999093 0.753031
0.999015 0.00285147 -0.0442917 -0.0526158 -0.00292273 0.999995 -0.00154429 -0.00648322 0.044287 0.00167222 0.999017 0.774526
0.998911 -0.00111289 -0.0466506 -0.0375572 0.00104321 0.999998 -0.00151805 -0.00886737 0.0466522 0.00146773 0.99891 0.772166
0.998845 -0.00272364 -0.0479676 -0.0457474 0.0025985 0.999993 -0.00267095 -0.000825658 0.0479745 0.00254322 0.998845 0.797182
0.998746 -0.000514072 -0.0500537 -0.0386131 0.000426594 0.999998 -0.00175836 -0.00958951 0.0500545 0.0017348 0.998745 0.781621
0.99866 -0.000601588 -0.0517493 -0.0431466 0.00050262 0.999998 -0.00192544 -0.01193 0.0517504 0.00189685 0.998658 0.826965
0.998528 0.00136006 -0.0542131 -0.041105 -0.00158383 0.99999 -0.00408491 -0.0104381 0.054207 0.00416476 0.998521 0.819534
0.998558 0.00120458 -0.053671 -0.0672388 -0.00160569 0.999971 -0.00743114 -0.000122723 0.0536605 0.0075066 0.998531 0.813166
0.998495 0.00565494 -0.0545579 -0.063464 -0.00613595 0.999944 -0.00865313 -0.0118645 0.0545059 0.00897487 0.998473 0.813032
0.998408 -1.60138e-005 -0.0564013 -0.0411497 -0.00046205 0.999964 -0.00846305 -0.0101004 0.0563995 0.00847564 0.998372 0.828106
0.998404 -0.000371489 -0.0564662 -0.0661249 -4.03783e-005 0.999973 -0.00729272 -0.0114519 0.0564674 0.00728337 0.998378 0.841709
0.998323 -0.000345832 -0.057886 -0.049452 5.95225e-006 0.999983 -0.00587161 -0.0130444 0.057887 0.00586142 0.998306 0.81362
0.998306 0.000385163 -0.0581774 -0.059063 -0.00074912 0.99998 -0.00623429 -0.00678355 0.0581738 0.00626731 0.998287 0.807612
0.998233 0.000591404 -0.0594244 -0.0589185 -0.00103468 0.999972 -0.00742902 -0.00575241 0.0594183 0.00747737 0.998205 0.824127
0.998159 -0.00118151 -0.0606481 -0.0470649 0.000673718 0.999965 -0.00839253 -0.0107694 0.0606558 0.00833622 0.998124 0.800359
0.998121 -0.000583938 -0.0612757 -0.0522878 0.000158693 0.999976 -0.0069445 -0.00955929 0.0612783 0.00692172 0.998097 0.837852
0.998165 0.00173465 -0.0605289 -0.0645967 -0.00195847 0.999991 -0.00363865 -0.0107459 0.060522 0.00375052 0.99816 0.854632
0.998207 0.000901285 -0.0598527 -0.0552003 -0.000913871 1 -0.000182913 -0.00924109 0.0598525 0.000237283 0.998207 0.871784
0.99831 -0.00166447 -0.0580971 -0.053675 0.00179763 0.999996 0.0022398 -0.00542231 0.0580931 -0.00234045 0.998308 0.892769
0.998266 -0.00187958 -0.0588308 -0.0341764 0.00207922 0.999992 0.00333241 -0.00944896 0.058824 -0.00344896 0.998262 0.929751
0.998399 -0.0029749 -0.0564921 -0.0531279 0.00299841 0.999995 0.000331429 0.000638407 0.0564908 -0.000500285 0.998403 0.889519
