0.999996 -2.71932e-006 0.00277309 -0.00329009 -2.71932e-006 0.999998 0.00196121 -0.00117126 -0.00277309 -0.00196121 0.999994 0.0328147
0.999998 -2.08175e-006 0.00214932 -0.00468991 -2.08175e-006 0.999998 0.00193712 -0.00672376 -0.00214932 -0.00193712 0.999996 0.786848
0.999991 -6.24267e-006 0.00430335 -0.0369232 -6.24267e-006 0.999996 0.00290129 -0.0386407 -0.00430335 -0.00290129 0.999987 1.34753
0.999987 -5.46741e-006 0.00506034 -0.0328953 -5.46741e-006 0.999998 0.00216087 -0.040439 -0.00506034 -0.00216087 0.999985 1.71247
0.999982 -6.32128e-006 0.0060071 -0.0393856 -6.32128e-006 0.999998 0.00210458 -0.0554073 -0.0060071 -0.00210458 0.99998 2.45171
0.999986 -5.62275e-006 0.00527783 -0.0166672 -5.62275e-006 0.999998 0.00213069 -0.0523943 -0.00527783 -0.00213069 0.999984 3.02946
0.999973 -2.30048e-005 0.00738835 -0.0500982 -2.30048e-005 0.999981 0.00622717 -0.0843599 -0.00738835 -0.00622717 0.999953 3.7571
0.999966 -4.06037e-005 0.00826757 -0.0215025 -4.06037e-005 0.999952 0.009822 -0.0822151 -0.00826757 -0.009822 0.999918 4.43636
0.999947 -6.91617e-005 0.0102611 -0.026511 -6.91617e-005 0.999909 0.0134794 -0.0919026 -0.0102611 -0.0134794 0.999856 4.9456
0.999945 -8.20243e-005 0.0104856 0.0255537 -8.20243e-005 0.999878 0.0156437 -0.0878314 -0.0104856 -0.0156437 0.999823 5.762
0.999939 -8.53267e-005 0.0110192 0.0170576 -8.53267e-005 0.99988 0.0154855 -0.106491 -0.0110192 -0.0154855 0.999819 6.37345
0.999933 -7.49631e-005 0.0115355 0.0455155 -7.49631e-005 0.999916 0.012996 -0.115369 -0.0115355 -0.012996 0.999849 6.95699
0.999935 -6.04419e-005 0.0114451 0.0669509 -6.04419e-005 0.999944 0.0105614 -0.127604 -0.0114451 -0.0105614 0.999879 7.72753
0.999914 -5.90073e-005 0.0131134 0.0971822 -5.90073e-005 0.99996 0.00899895 -0.135677 -0.0131134 -0.00899895 0.999874 8.333
0.999865 -5.40594e-005 0.0164245 0.104633 -5.40594e-005 0.999978 0.00658227 -0.150901 -0.0164245 -0.00658227 0.999843 8.91213
0.999855 -4.82805e-005 0.0170331 0.126303 -4.82805e-005 0.999984 0.00566857 -0.154446 -0.0170331 -0.00566857 0.999839 9.58321
0.99982 -3.514e-005 0.0189543 0.141722 -3.514e-005 0.999993 0.00370751 -0.178761 -0.0189543 -0.00370751 0.999813 10.1145
0.999713 -3.38336e-005 0.0239769 0.116462 -3.38336e-005 0.999996 0.00282177 -0.192207 -0.0239769 -0.00282177 0.999709 10.6354
0.999654 -5.51186e-005 0.0262904 0.148333 -5.51186e-005 0.999991 0.00419231 -0.209902 -0.0262904 -0.00419231 0.999646 11.1748
0.999561 -6.82845e-005 0.0296238 0.138614 -6.82845e-005 0.999989 0.00460908 -0.20893 -0.0296238 -0.00460908 0.99955 11.6582
0.999444 -7.74647e-005 0.0333526 0.156231 -7.74647e-005 0.999989 0.00464388 -0.217112 -0.0333526 -0.00464388 0.999433 12.1211
0.999397 -0.000105312 0.034718 0.198201 -0.000105312 0.999982 0.0060648 -0.23259 -0.034718 -0.0060648 0.999379 12.5304
0.99942 -0.000104358 0.0340587 0.23678 -0.000104358 0.999981 0.00612631 -0.21273 -0.0340587 -0.00612631 0.999401 12.9265
0.999191 -0.000123894 0.0402104 0.207371 -0.000123894 0.999981 0.00615976 -0.241675 -0.0402104 -0.00615976 0.999172 13.3032
0.99938 -6.99016e-005 0.0352153 0.344295 -6.99016e-005 0.999992 0.00396871 -0.246639 -0.0352153 -0.00396871 0.999372 13.669
0.999105 -7.82018e-005 0.0423078 0.288077 -7.82018e-005 0.999993 0.00369514 -0.257378 -0.0423078 -0.00369514 0.999098 14.0349
0.998823 -6.83599e-005 0.0484938 0.189853 -6.83599e-005 0.999996 0.00281766 -0.283437 -0.0484938 -0.00281766 0.99882 14.3857
0.998946 1.11146e-005 0.0459114 0.267445 1.11146e-005 1 -0.00048392 -0.292942 -0.0459114 0.00048392 0.998945 14.7301
0.998946 1.11146e-005 0.0459114 0.345036 1.11146e-005 1 -0.00048392 -0.302447 -0.0459114 0.00048392 0.998945 15.0744
0.998687 4.27787e-005 0.0512303 0.292558 4.27787e-005 0.999999 -0.00166896 -0.307765 -0.0512303 0.00166896 0.998685 15.3779
0.998769 5.65954e-005 0.049613 0.354765 5.65954e-005 0.999997 -0.00228007 -0.327448 -0.049613 0.00228007 0.998766 15.7671
0.998512 0.00012523 0.0545377 0.311023 0.00012523 0.999989 -0.004589 -0.307845 -0.0545377 0.004589 0.998501 15.9802
0.998425 0.000178187 0.0560941 0.326528 0.000178187 0.99998 -0.0063481 -0.322012 -0.0560941 0.0063481 0.998405 16.1703
0.998457 0.000242483 0.0555298 0.355463 0.000242483 0.999962 -0.00872651 -0.328173 -0.0555298 0.00872651 0.998419 16.4749
0.99856 0.000430563 0.0536388 0.34876 0.000430563 0.999871 -0.0160416 -0.319759 -0.0536388 0.0160416 0.998432 16.704
0.998395 0.000399344 0.0566309 0.362234 0.000399344 0.999901 -0.0140914 -0.337989 -0.0566309 0.0140914 0.998296 16.9085
0.998231 0.000470413 0.059447 0.311779 0.000470413 0.999875 -0.0158113 -0.360015 -0.059447 0.0158113 0.998106 17.1626
0.998854 0.00048301 0.0478586 0.378442 0.00048301 0.999796 -0.0201713 -0.335105 -0.0478586 0.0201713 0.99865 17.3495
0.998931 0.00042127 0.0462343 0.386547 0.00042127 0.999834 -0.018212 -0.34972 -0.0462343 0.018212 0.998765 17.5657
0.999057 0.000421736 0.0434137 0.352519 0.000421736 0.999811 -0.0194177 -0.362851 -0.0434137 0.0194177 0.998868 17.8126
0.999494 0.000367121 0.0318016 0.410457 0.000367121 0.999734 -0.0230793 -0.296179 -0.0318016 0.0230793 0.999228 17.9619
0.999602 0.000293375 0.0282086 0.347205 0.000293375 0.999784 -0.0207941 -0.367923 -0.0282086 0.0207941 0.999386 18.1743
0.999768 0.000237532 0.0215443 0.33556 0.000237532 0.999757 -0.0220453 -0.374501 -0.0215443 0.0220453 0.999525 18.4209
0.999956 0.000113478 0.00940175 0.343702 0.000113478 0.999709 -0.0241357 -0.356863 -0.00940175 0.0241357 0.999664 18.5596
0.999997 -3.23534e-005 -0.00257527 0.319458 -3.23534e-005 0.999684 -0.0251223 -0.375668 0.00257527 0.0251223 0.999681 18.7507
0.999826 -0.000254229 -0.0186459 0.301838 -0.000254229 0.999628 -0.0272618 -0.379716 0.0186459 0.0272618 0.999454 18.921
0.999257 -0.000545574 -0.0385503 0.279255 -0.000545574 0.9996 -0.0282883 -0.378344 0.0385503 0.0282883 0.998856 19.0175
0.998193 -0.000831525 -0.0600881 0.248505 -0.000831525 0.999617 -0.0276466 -0.387268 0.0600881 0.0276466 0.99781 19.1636
0.996512 -0.00110576 -0.0834416 0.21924 -0.00110576 0.999649 -0.026453 -0.384674 0.0834416 0.026453 0.996162 19.3044
