0.999993 -0.00137303 -0.00338692 -0.00590868 0.00136543 0.999997 -0.0022434 -0.00116763 0.00338999 0.00223876 0.999992 0.65323
0.999969 0.00150517 -0.00770404 -0.00880728 -0.00153926 0.999989 -0.00442198 0.00637072 0.0076973 0.0044337 0.999961 0.677466
0.999936 0.000624726 -0.0112949 -0.0184325 -0.000691542 0.999982 -0.00591268 -0.00441631 0.011291 0.00592011 0.999919 0.680627
0.999867 0.00236063 -0.016125 -0.0180198 -0.00247005 0.999974 -0.00676944 -0.00393372 0.0161086 0.00680837 0.999847 0.692515
0.999808 -0.000416222 -0.0196124 -0.0268385 0.000279437 0.999976 -0.00697666 -0.010215 0.0196148 0.00696984 0.999783 0.707465
0.999693 0.00244994 -0.0246709 -0.0217039 -0.00264368 0.999966 -0.00782345 -0.0122726 0.0246509 0.00788626 0.999665 0.71378
0.999528 0.00287523 -0.0305983 -0.0203558 -0.00313042 0.999961 -0.00829515 -0.00944689 0.0305733 0.00838702 0.999497 0.734472
0.999397 0.00122735 -0.0347034 -0.0360228 -0.00146442 0.999976 -0.00680663 -0.00723222 0.0346942 0.00685335 0.999374 0.735603
0.999229 7.98741e-006 -0.0392667 -0.0331624 -0.000156492 0.999993 -0.00377887 -0.0117282 0.0392664 0.0037821 0.999222 0.741765
0.999093 -0.000295307 -0.0425808 -0.0388214 0.000261559 1 -0.000798143 -0.0146175 0.042581 0.000786282 0.999093 0.753031
0.999015 0.00285147 -0.0442917 -0.0526158 -0.00292273 0.999995 -0.00154429 -0.00648322 0.044287 0.00167222 0.999017 0.774526
0.998911 -0.00111289 -0.0466506 -0.0375572 0.00104321 0.999998 -0.00151805 -0.00886737 0.0466522 0.00146773 0.99891 0.772166
0.998845 -0.00272364 -0.0479676 -0.0457474 0.0025985 0.999993 -0.00267095 -0.000825658 0.0479745 0.00254322 0.998845 0.797182
0.998746 -0.000514072 -0.0500537 -0.0386131 0.000426594 0.999998 -0.00175836 -0.00958951 0.0500545 0.0017348 0.998745 0.781621
0.99866 -0.000601588 -0.0517493 -0.0431466 0.00050262 0.999998 -0.00192544 -0.01193 0.0517504 0.00189685 0.998658 0.826965
0.998528 0.00136006 -0.0542131 -0.041105 -0.00158383 0.99999 -0.00408491 -0.0104381 0.054207 0.00416476 0.998521 0.819534
0.998558 0.00120458 -0.053671 -0.0672388 -0.00160569 0.999971 -0.00743114 -0.000122723 0.0536605 0.0075066 0.998531 0.813166
0.998495 0.00565494 -0.0545579 -0.063464 -0.00613595 0.999944 -0.00865313 -0.0118645 0.0545059 0.00897487 0.998473 0.813032
0.998408 -1.60138e-005 -0.0564013 -0.0411497 -0.00046205 0.999964 -0.00846305 -0.0101004 0.0563995 0.00847564 0.998372 0.828106
0.998404 -0.000371489 -0.0564662 -0.0661249 -4.03783e-005 0.999973 -0.00729272 -0.0114519 0.0564674 0.00728337 0.998378 0.841709
0.998323 -0.000345832 -0.057886 -0.049452 5.95225e-006 0.999983 -0.00587161 -0.0130444 0.057887 0.00586142 0.998306 0.81362
0.998306 0.000385163 -0.0581774 -0.059063 -0.00074912 0.99998 -0.00623429 -0.00678355 0.0581738 0.00626731 0.998287 0.807612
0.998233 0.000591404 -0.0594244 -0.0589185 -0.00103468 0.999972 -0.00742902 -0.00575241 0.0594183 0.00747737 0.998205 0.824127
0.998159 -0.00118151 -0.0606481 -0.0470649 0.000673718 0.999965 -0.00839253 -0.0107694 0.0606558 0.00833622 0.998124 0.800359
0.998121 -0.000583938 -0.0612757 -0.0522878 0.000158693 0.999976 -0.0069445 -0.00955929 0.0612783 0.00692172 0.998097 0.837852
0.998165 0.00173465 -0.0605289 -0.0645967 -0.00195847 0.999991 -0.00363865 -0.0107459 0.060522 0.00375052 0.99816 0.854632
0.998207 0.000901285 -0.0598527 -0.0552003 -0.000913871 1 -0.000182913 -0.00924109 0.0598525 0.000237283 0.998207 0.871784
0.99831 -0.00166447 -0.0580971 -0.053675 0.00179763 0.999996 0.0022398 -0.00542231 0.0580931 -0.00234045 0.998308 0.892769
0.998266 -0.00187958 -0.0588308 -0.0341764 0.00207922 0.999992 0.00333241 -0.00944896 0.058824 -0.00344896 0.998262 0.929751
0.998399 -0.0029749 -0.0564921 -0.0531279 0.00299841 0.999995 0.000331429 0.000638407 0.0564908 -0.000500285 0.998403 0.889519
0.99841 0.000804976 -0.0563561 -0.050601 -0.00105023 0.99999 -0.0043224 -0.00897916 0.0563521 0.00437471 0.998401 0.928803
0.998487 0.00095547 -0.0549754 -0.058641 -0.00136896 0.999971 -0.00748412 -0.0108363 0.0549666 0.00754805 0.99846 0.90911
0.998481 -0.00383391 -0.0549617 -0.0351301 0.0034854 0.999973 -0.00643543 -0.0135263 0.0549849 0.00623409 0.998468 0.853729
0.998499 -0.00224772 -0.0547305 -0.0519825 0.00216246 0.999996 -0.00161694 -0.0111797 0.054734 0.00149616 0.9985 0.899004
0.99848 -0.00402678 -0.0549731 -0.0498569 0.00412909 0.99999 0.00174757 -0.0174292 0.0549655 -0.0019719 0.998486 0.898857
0.998453 -0.0059648 -0.0552801 -0.0493381 0.00602064 0.999982 0.000843682 -0.0122401 0.055274 -0.0011752 0.998471 0.899383
0.998407 -0.00267576 -0.0563573 -0.0494701 0.00247517 0.99999 -0.00362884 -0.00455722 0.0563664 0.00348357 0.998404 0.899542
0.998365 -0.000258722 -0.0571667 -0.0614906 -0.000178767 0.999971 -0.00764763 -0.0110451 0.057167 0.00764534 0.998335 0.8627
0.998284 0.00189466 -0.058527 -0.0539808 -0.00241481 0.999958 -0.00881803 -0.0133923 0.0585079 0.00894423 0.998247 0.818328
0.998187 -0.00127685 -0.0601722 -0.040676 0.000845414 0.999974 -0.0071949 -0.021039 0.0601798 0.00713099 0.998162 0.869918
0.998177 0.00416815 -0.0602121 -0.0692261 -0.00440997 0.999983 -0.00388387 -0.0219746 0.0601948 0.00414232 0.998178 0.869706
0.997994 -0.00103448 -0.0632941 -0.0373859 0.000885771 0.999997 -0.00237745 -0.0176932 0.0632963 0.00231662 0.997992 0.895366
0.998019 0.00186651 -0.0628798 -0.0769409 -0.0018337 0.999998 0.000579511 -0.0122468 0.0628808 -0.000463061 0.998021 0.91112
0.998081 0.00143604 -0.061898 -0.0521555 -0.001211 0.999993 0.00367299 -0.0203216 0.0619028 -0.00359098 0.998076 0.86924
0.998096 0.00721287 -0.0612591 -0.0825941 -0.00684658 0.999957 0.0061872 -0.00364708 0.0613011 -0.00575601 0.998103 0.948485
0.998085 -0.0014859 -0.0618342 -0.0540606 0.00184837 0.999981 0.00580504 -0.0128423 0.0618245 -0.00590822 0.99807 0.959479
0.99811 0.00028643 -0.0614577 -0.0643241 -4.32447e-005 0.999992 0.00395824 3.15969e-005 0.0614583 -0.0039481 0.998102 0.966142
0.998047 0.0054178 -0.0622383 -0.0659428 -0.00532602 0.999984 0.00164044 -0.0159348 0.0622462 -0.00130575 0.99806 0.947285
0.998022 0.000503669 -0.0628698 -0.0662713 -0.000383435 0.999998 0.00192447 -0.0170558 0.0628706 -0.00189656 0.99802 0.942185
0.998079 0.00112904 -0.0619507 -0.0893307 -0.000930869 0.999994 0.00322759 -0.0140967 0.061954 -0.00316372 0.998074 0.943638
0.998009 0.00038625 -0.0630678 -0.0551541 -9.44654e-005 0.999989 0.00462943 -0.0193671 0.0630689 -0.00461426 0.997999 0.934244
0.998016 0.0026425 -0.0628979 -0.0792009 -0.00256788 0.999996 0.00126709 -0.0106178 0.062901 -0.00110306 0.998019 0.942595
0.998064 0.00277374 -0.0621309 -0.0858514 -0.00296162 0.999991 -0.00293211 -0.00803117 0.0621222 0.00311044 0.998064 0.902075
0.998065 0.000922747 -0.0621748 -0.0663673 -0.00117674 0.999991 -0.00404858 -0.0135097 0.0621705 0.00411391 0.998057 0.897359
0.998028 -0.00217825 -0.0627371 -0.0522506 0.00218142 0.999998 -1.79124e-005 -0.0209116 0.062737 -0.000118979 0.99803 0.888565
0.998005 -0.00233688 -0.0630914 -0.0545108 0.00250281 0.999994 0.00255099 -0.00892964 0.0630851 -0.0027038 0.998004 0.898638
0.997991 -0.0017118 -0.0633343 -0.0560645 0.00190142 0.999994 0.00293376 -0.00943623 0.0633289 -0.00304829 0.997988 0.859037
0.997933 -0.00392282 -0.0641367 -0.0517207 0.00404969 0.99999 0.00184814 -0.0176789 0.0641288 -0.00210405 0.997939 0.898341
0.997913 -0.000428819 -0.0645659 -0.0642064 0.000477539 1 0.000739143 -0.0164323 0.0645655 -0.000768433 0.997913 0.904074
0.997941 -0.000568518 -0.0641411 -0.077915 0.000661277 0.999999 0.00142496 -0.00519228 0.0641402 -0.00146444 0.99794 0.884871
0.997786 -0.000739267 -0.0665027 -0.0554297 0.00111432 0.999984 0.00560269 -0.0133048 0.0664975 -0.00566439 0.997771 0.889404
0.997709 -0.0027119 -0.0676029 -0.0528016 0.00340573 0.999943 0.0101502 -0.00581034 0.0675715 -0.0103572 0.997661 0.896289
0.997617 0.00134904 -0.0689824 -0.058089 -0.000506137 0.999925 0.0122352 -0.00129707 0.0689938 -0.0121711 0.997543 0.912911
0.997506 0.00412946 -0.0704558 -0.076062 -0.00354094 0.999958 0.00847599 -0.00565611 0.0704878 -0.00820537 0.997479 0.926723
0.99743 0.00191421 -0.0716223 -0.0700698 -0.00186538 0.999998 0.000748653 -0.00702889 0.0716235 -0.000613126 0.997432 0.90014
0.99739 0.00255809 -0.0721583 -0.0716993 -0.00285322 0.999988 -0.00398725 -0.00899002 0.0721472 0.00418272 0.997385 0.866797
0.997179 0.00272615 -0.0750098 -0.049395 -0.00294808 0.999992 -0.00284819 -0.0141257 0.0750014 0.00306129 0.997179 0.846161
0.997108 0.00309804 -0.0759305 -0.0737763 -0.00312998 0.999995 -0.000301622 -0.0165188 0.0759292 0.00053841 0.997113 0.856675
0.996944 0.00271229 -0.0780715 -0.0650234 -0.00257385 0.999995 0.00187386 -0.0225327 0.0780762 -0.00166719 0.996946 0.856089
0.996758 0.000587717 -0.0804515 -0.0595032 -0.000448953 0.999998 0.00174289 -0.0114876 0.0804524 -0.00170112 0.996757 0.831481
0.996698 0.00445462 -0.0810748 -0.0907092 -0.00424515 0.999987 0.00275587 -0.0142166 0.081086 -0.00240259 0.996704 0.833809
0.996554 0.00715264 -0.0826383 -0.0908213 -0.00680959 0.999967 0.00443239 -0.0297455 0.0826673 -0.00385438 0.99657 0.821628
0.996471 0.00136277 -0.0839321 -0.0783441 -0.00096106 0.999988 0.0048264 -0.00975694 0.0839377 -0.0047287 0.99646 0.826625
0.996313 -0.00100489 -0.0857818 -0.0603373 0.00155209 0.999979 0.00631257 -0.0156874 0.0857737 -0.00642244 0.996294 0.783889
0.996235 0.0023358 -0.0866635 -0.0715824 -0.00155492 0.999958 0.00907691 -0.00562735 0.0866811 -0.00890798 0.996196 0.749357
0.996142 0.000567256 -0.0877522 -0.0690895 0.000578475 0.999915 0.0130305 -0.00306286 0.0877521 -0.0130309 0.996057 0.762326
0.996069 0.00608324 -0.0883671 -0.090496 -0.0047762 0.999876 0.014995 -0.00394065 0.0884473 -0.014514 0.995975 0.801214
0.996103 0.00457813 -0.0880795 -0.105655 -0.0036251 0.999933 0.010977 -0.0045879 0.0881239 -0.0106149 0.996053 0.804546
0.99594 0.000605664 -0.0900229 -0.0668143 -0.000255772 0.999992 0.00389818 -0.0123495 0.0900246 -0.00385933 0.995932 0.7683
0.995841 -0.00120662 -0.0911023 -0.0669384 0.00101716 0.999997 -0.00212609 -0.00863759 0.0911046 0.00202458 0.995839 0.704584
0.995808 0.00556581 -0.091301 -0.0871717 -0.00587506 0.999978 -0.00311875 -0.00246917 0.0912817 0.00364207 0.995818 0.711141
0.995728 0.00329865 -0.0922769 -0.0720664 -0.00325153 0.999994 0.00066096 -0.0101592 0.0922786 -0.000358096 0.995733 0.671705
0.995565 -0.000941507 -0.094076 -0.0586915 0.00119721 0.999996 0.0026616 -0.0116157 0.094073 -0.00276242 0.995561 0.653556
0.995551 -0.00177224 -0.0942055 -0.0735035 0.00168551 0.999998 -0.00100025 -0.0109925 0.0942071 0.00083702 0.995552 0.645886
0.995518 -0.00859225 -0.0941831 -0.0430135 0.00798657 0.999945 -0.00680599 -0.0160285 0.0942364 0.00602329 0.995532 0.600344
0.995734 -0.00352452 -0.0922063 -0.0643903 0.00242359 0.999924 -0.0120491 -0.00916009 0.0922418 0.0117742 0.995667 0.576354
0.995976 0.000513232 -0.0896238 -0.0388585 -0.00165142 0.999919 -0.0126259 -0.00411982 0.0896101 0.0127231 0.995896 0.517245
0.996324 0.00301559 -0.085608 -0.0501559 -0.00384738 0.999947 -0.00955295 -0.00791647 0.0855746 0.0098472 0.996283 0.530204
0.996721 -0.00152083 -0.0808952 -0.0450816 0.00101356 0.99998 -0.00631137 -0.0155064 0.0809031 0.00620868 0.996703 0.54424
0.997195 -0.00295032 -0.0747859 -0.0367032 0.0027881 0.999994 -0.00227346 -0.0113956 0.0747921 0.00205858 0.997197 0.530204
0.99778 -0.00341935 -0.0665047 -0.031648 0.00349497 0.999993 0.00102078 -0.0141928 0.0665008 -0.00125094 0.997786 0.537046
0.998439 0.00257177 -0.0557938 -0.0265782 -0.00251763 0.999996 0.00104069 -0.00657218 0.0557962 -0.000898601 0.998442 0.508559
0.999157 0.00582742 -0.0406478 -0.0258801 -0.00580055 0.999983 0.000778833 -0.00636233 0.0406516 -0.000542396 0.999173 0.501867
0.999718 0.00440943 -0.0233425 -0.000342834 -0.00437059 0.999989 0.00171486 -0.00901306 0.0233498 -0.00161235 0.999726 0.491605
0.999995 -0.00224854 -0.00216775 0.0258863 0.00225397 0.999994 0.0025034 -0.00578127 0.00216211 -0.00250828 0.999995 0.492782
0.99969 -0.00119696 0.0248741 0.0101295 0.00110207 0.999992 0.00382806 -0.00456747 -0.0248785 -0.00379946 0.999683 0.318088
0.998524 -0.000640159 0.0543154 0.0445124 0.000328352 0.999983 0.00574941 -0.00617295 -0.0543182 -0.00572308 0.998507 0.472227
0.996126 0.000650662 0.0879372 0.0530212 -0.00130866 0.999972 0.00742513 -0.0065225 -0.0879299 -0.00751144 0.996098 0.474216
0.992075 -0.000464504 0.125646 0.0793394 -0.000585754 0.999965 0.00832182 -0.00520141 -0.125645 -0.00832947 0.99204 0.47123
0.985915 -0.000635777 0.167246 0.099603 -0.000829618 0.999962 0.00869192 -0.00579083 -0.167245 -0.00870825 0.985877 0.444553
0.977478 -0.00199298 0.21103 0.138993 4.11529e-005 0.999957 0.00925307 -0.00551308 -0.211039 -0.00903598 0.977436 0.439305
0.966124 -0.00132565 0.258074 0.160895 -0.000631731 0.999972 0.00750154 -0.00783454 -0.258076 -0.00741045 0.966096 0.401531
0.949959 0.000726633 0.312374 0.147745 -0.00240175 0.999985 0.00497784 -0.00552414 -0.312365 -0.00547899 0.949946 0.394692
0.905895 -0.0016124 0.423499 0.207417 0.000643352 0.999997 0.00243113 -0.00168948 -0.423501 -0.00192989 0.905894 0.369126
0.905895 -0.0016124 0.423499 0.414834 0.000643352 0.999997 0.00243113 -0.00337895 -0.423501 -0.00192989 0.905894 0.738253
0.877048 -0.00137171 0.4804 0.229367 0.00065123 0.999998 0.00166642 -0.0034634 -0.480402 -0.00114868 0.877048 0.319554
0.843957 -0.00364001 0.536398 0.259887 0.00322361 0.999993 0.00171402 -0.000897059 -0.536401 0.00028258 0.843963 0.307882
0.808147 -0.00248649 0.588975 0.277219 0.00105359 0.999996 0.00277606 -0.0138507 -0.588979 -0.00162292 0.808146 0.268885
0.769352 -0.00269585 0.63882 0.284673 -0.000593011 0.999988 0.00493418 -0.0086613 -0.638825 -0.00417494 0.769341 0.248614
0.72708 -0.00126885 0.686551 0.305924 -0.0036622 0.999977 0.0057265 0.00480771 -0.686543 -0.00667791 0.727059 0.256604
0.682722 -0.00330334 0.730671 0.308781 -0.00249653 0.999973 0.00685356 -0.00537876 -0.730674 -0.00650322 0.682696 0.213556
0.637007 -0.00675933 0.770829 0.33264 0.000321536 0.999964 0.00850288 0.00114967 -0.770858 -0.00516854 0.636986 0.197585
0.59087 -0.0110185 0.806691 0.344682 0.0012996 0.999918 0.0127059 0.00448981 -0.806765 -0.00645915 0.590836 0.181108
0.544628 -0.00550555 0.83866 0.35495 -0.00636478 0.999923 0.0106975 -0.000318538 -0.838654 -0.011164 0.544551 0.179317
0.497326 -0.00224195 0.867561 0.36178 -0.00671606 0.999957 0.00643404 0.00539143 -0.867538 -0.0090264 0.497289 0.17272
0.45207 -0.00258068 0.891979 0.349979 -0.00286352 0.999986 0.00434445 -0.00436048 -0.891978 -0.0045182 0.452057 0.136333
0.410445 -0.0104166 0.911826 0.36106 0.00109514 0.99994 0.0109302 -0.000470396 -0.911885 -0.00348767 0.410431 0.106215
0.371407 -0.0229168 0.928187 0.370971 -0.0025543 0.999666 0.0257037 0.00849267 -0.928466 -0.0119174 0.371225 0.0880906
0.337154 -0.0230373 0.941168 0.384399 -0.0183004 0.999351 0.0310172 0.00408339 -0.941272 -0.0276814 0.336514 0.0905829
0.304858 -0.0209205 0.952168 0.405272 -0.0191971 0.999421 0.0281051 0.0051273 -0.952204 -0.0268469 0.304279 0.100801
0.273416 -0.00926244 0.961851 0.391338 -0.019897 0.999685 0.0152827 -0.00587612 -0.96169 -0.0233165 0.273145 0.116022
0.24519 -0.00687249 0.969451 0.403001 -0.00968005 0.999908 0.00953665 -0.00557154 -0.969427 -0.0117226 0.245101 0.0939641
0.219593 -0.00783761 0.97556 0.396023 -0.00530136 0.999943 0.0092268 -0.00384618 -0.975577 -0.00719793 0.219539 0.0692055
0.196311 -0.0144823 0.980435 0.391083 -0.00322225 0.999876 0.0154146 -0.000593735 -0.980536 -0.00618528 0.19624 0.0495149
0.176568 -0.0194186 0.984097 0.395967 -0.00403264 0.999783 0.0204517 0.0102273 -0.98428 -0.00757962 0.176451 0.0392107
0.1572 -0.019339 0.987377 0.407347 -0.00976575 0.999729 0.0211357 0.0183298 -0.987519 -0.012965 0.156968 0.052565
0.140023 -0.0157722 0.990023 0.395844 -0.0179885 0.999668 0.0184701 0.00949091 -0.989985 -0.0203953 0.139692 0.0455308
0.124578 -0.0140196 0.992111 0.388557 -0.0209674 0.99964 0.0167588 -0.000176471 -0.991988 -0.0228898 0.124239 0.045797
0.110058 -0.0155797 0.993803 0.445316 -0.0178019 0.999686 0.0176434 0.0019994 -0.993766 -0.0196334 0.109746 0.0417147
0.0971274 -0.0184031 0.995102 0.443899 -0.0177736 0.999638 0.0202218 0.00285537 -0.995113 -0.0196506 0.0967651 0.027319
0.0858887 -0.0227377 0.996045 0.48018 -0.0185922 0.999529 0.0244205 0.00647625 -0.996131 -0.0206161 0.0854255 0.0275669
0.0757605 -0.0256673 0.996796 0.503808 -0.0212209 0.999401 0.0273472 0.01073 -0.9969 -0.0232247 0.0751704 0.0319066
0.0676708 -0.0276573 0.997324 0.520755 -0.0246406 0.999264 0.029383 0.0100444 -0.997403 -0.026563 0.0669395 0.0318471
0.061661 -0.0298099 0.997652 0.514615 -0.0267724 0.999145 0.0315092 0.0136706 -0.997738 -0.0286524 0.0608102 0.0306354
0.0560139 -0.0308359 0.997954 0.544246 -0.0284248 0.999069 0.0324658 0.0133444 -0.998025 -0.0301852 0.0550852 0.0291735
0.0489746 -0.030215 0.998343 0.55418 -0.0302694 0.999038 0.031721 0.0162405 -0.998341 -0.0317728 0.048013 0.0368995
0.0442877 -0.0321807 0.9985 0.59199 -0.0305239 0.998971 0.0335497 0.012111 -0.998552 -0.0319639 0.0432598 0.0267247
0.0402119 -0.0339222 0.998615 0.607619 -0.0320709 0.998865 0.0352221 0.0190785 -0.998676 -0.0334428 0.0390783 0.0299053
0.0372065 -0.0353008 0.998684 0.623784 -0.0343613 0.99874 0.0365829 0.0178702 -0.998717 -0.0356772 0.0359467 0.0199705
0.0355567 -0.0378514 0.998651 0.648363 -0.0354022 0.998608 0.0391103 0.0225346 -0.99874 -0.036745 0.0341672 0.0142694
0.034675 -0.0414307 0.99854 0.644328 -0.0379587 0.998365 0.0427416 0.0199422 -0.998678 -0.0393854 0.0330457 0.0229305
0.0357679 -0.0423689 0.998462 0.664739 -0.0419487 0.998157 0.0438587 0.0206174 -0.998479 -0.0434529 0.0339246 0.0239089
0.0384818 -0.043463 0.998314 0.697132 -0.0421797 0.998093 0.0450793 0.0285223 -0.998369 -0.0438433 0.0365751 0.0261816
0.0427359 -0.0470771 0.997977 0.708859 -0.0430331 0.997875 0.0489151 0.0302619 -0.998159 -0.0450365 0.0406193 0.0226046
0.0481403 -0.0411059 0.997994 0.688282 -0.048294 0.997888 0.0434311 0.024629 -0.997672 -0.050288 0.0460534 0.044749
0.0528363 -0.0457836 0.997553 0.72289 -0.0430159 0.997917 0.0480786 0.0242055 -0.997676 -0.0454509 0.0507568 0.0236194
0.0574566 -0.0460186 0.997287 0.72875 -0.0475781 0.997676 0.0487776 0.0276935 -0.997214 -0.0502516 0.0551335 0.0403264
0.0613209 -0.0430732 0.997188 0.752854 -0.0485369 0.997758 0.0460826 0.0324039 -0.996937 -0.0512263 0.0590928 0.0514284
0.0657245 -0.0413914 0.996979 0.795741 -0.044511 0.998023 0.044369 0.0337349 -0.996845 -0.0472927 0.0637522 0.0559722
0.0704874 -0.0398036 0.996718 0.803919 -0.0410948 0.998239 0.0427705 0.0265285 -0.996666 -0.0439747 0.0687276 0.0557901
0.0767398 -0.0418997 0.99617 0.89792 -0.0359831 0.998349 0.0447633 0.0201675 -0.996402 -0.0392804 0.0751055 0.0375133
0.0782739 -0.0349081 0.996321 0.844059 -0.0367208 0.998608 0.0378731 0.0363611 -0.996255 -0.0395502 0.076883 0.0753783
0.0804316 -0.0339484 0.996182 0.790152 -0.0314213 0.998837 0.0365759 0.03794 -0.996265 -0.0342432 0.0792713 0.0310215
0.0809199 -0.0285837 0.996311 0.798919 -0.0378246 0.998781 0.0317267 0.0107275 -0.996003 -0.0402524 0.0797401 0.065888
0.0809199 -0.0285837 0.996311 1.59784 -0.0378246 0.998781 0.0317267 0.021455 -0.996003 -0.0402524 0.0797401 0.131776
0.0808018 -0.027629 0.996347 0.821954 -0.0318226 0.999035 0.0302843 0.0125089 -0.996222 -0.0341534 0.0798446 0.0766368
0.0808018 -0.027629 0.996347 1.64391 -0.0318226 0.999035 0.0302843 0.0250177 -0.996222 -0.0341534 0.0798446 0.153274
0.0814265 -0.0270747 0.996312 0.772531 -0.0280207 0.999174 0.0294426 0.0088498 -0.996285 -0.0303148 0.0806006 0.0550108
0.0824059 -0.0261877 0.996255 0.815794 -0.0270017 0.999229 0.0284994 0.0123781 -0.996233 -0.0292491 0.0816353 0.0655613
0.0814498 -0.0232962 0.996405 0.790375 -0.0254019 0.999354 0.0254416 0.00977605 -0.996354 -0.0273828 0.0808054 0.0666513
0.0773086 -0.0172276 0.996858 0.81539 -0.0238625 0.999532 0.0191244 0.0176436 -0.996722 -0.025266 0.0768613 0.0917155
0.0730878 -0.01368 0.997232 0.828246 -0.0192232 0.999701 0.0151228 0.00639749 -0.99714 -0.0202752 0.072803 0.0762827
0.0668389 -0.0131389 0.997677 0.814354 -0.0162263 0.999767 0.0142535 0.00659832 -0.997632 -0.0171413 0.0666101 0.0761038
0.0586477 -0.00768574 0.998249 0.810809 -0.0153864 0.999845 0.00860199 0.00330633 -0.99816 -0.015864 0.0585203 0.0789305
0.050425 -0.00558841 0.998712 0.801604 -0.00782256 0.999951 0.00599031 -0.00550714 -0.998697 -0.00811455 0.0503788 0.0731484
0.0410996 -0.00522196 0.999141 0.813346 -0.00420928 0.999977 0.00539947 -0.00273381 -0.999146 -0.00442758 0.0410766 0.0415011
0.0320377 -0.00584251 0.99947 0.806546 -0.00453692 0.999972 0.00599087 -0.005595 -0.999476 -0.00472645 0.0320103 0.0141527
0.0215148 -0.00537739 0.999754 0.834349 -0.00655931 0.999963 0.00551967 -0.00429717 -0.999747 -0.00667645 0.0214787 0.0216586
0.0105999 -0.00346834 0.999938 0.80494 -0.00595794 0.999976 0.00353163 -0.0034622 -0.999926 -0.005995 0.010579 0.0137398
-0.00130379 0.000478066 0.999999 0.853869 -0.00387535 0.999992 -0.000483115 0.00176903 -0.999992 -0.00387598 -0.00130193 0.0352629
-0.0122564 0.000435697 0.999925 0.829217 0.000797508 1 -0.000425955 -0.0113963 -0.999925 0.000792227 -0.0122567 -0.013838
-0.0234377 0.00102131 0.999725 0.835031 0.00108209 0.999999 -0.000996224 -0.011806 -0.999725 0.00105845 -0.0234387 -0.0205051
-0.0344066 0.0018674 0.999406 0.843545 0.00230045 0.999996 -0.0017893 -0.00976617 -0.999405 0.00223752 -0.0344107 -0.0169018
-0.0449516 0.00191516 0.998987 0.830592 0.00284498 0.999994 -0.00178907 -0.0136328 -0.998985 0.00276167 -0.0449568 -0.0344513
-0.0543045 0.00163546 0.998523 0.78239 0.00251511 0.999996 -0.00150109 -0.0143522 -0.998521 0.00242987 -0.0543084 -0.0495844
-0.0645188 0.00125594 0.997916 0.819273 0.0023551 0.999997 -0.00110629 -0.00446882 -0.997914 0.00227881 -0.0645216 -0.0402186
-0.0737614 0.000274122 0.997276 0.772341 0.00148402 0.999999 -0.000165108 -0.0112632 -0.997275 0.0014678 -0.0737617 -0.0576357
-0.0814419 -0.0041706 0.996669 0.671465 -0.00116705 0.999991 0.00408914 -0.0192734 -0.996677 -0.000830132 -0.081446 -0.0928296
-0.0872548 -0.00753618 0.996158 0.713062 -0.00573068 0.999959 0.00706298 -0.00778169 -0.99617 -0.00509238 -0.0872944 -0.094159
-0.0939952 -0.0090647 0.995531 0.772047 -0.00927734 0.999923 0.00822875 0.00562791 -0.995529 -0.00846242 -0.0940721 -0.0479131
-0.0978028 -0.011769 0.995136 0.713525 -0.0106923 0.999885 0.0107744 -0.00108632 -0.995148 -0.00958652 -0.0979174 -0.0683686
-0.0982622 -0.0161361 0.99503 0.691997 -0.014159 0.99979 0.0148151 -0.0167017 -0.99506 -0.0126329 -0.09847 -0.103203
-0.098732 -0.017953 0.994952 0.708828 -0.017753 0.99971 0.0162772 -0.00467074 -0.994956 -0.0160563 -0.099022 -0.080824
-0.100719 -0.0169327 0.994771 0.681237 -0.017172 0.999736 0.0152786 0.00202755 -0.994767 -0.0155434 -0.100984 -0.0594174
-0.0986471 -0.0185007 0.99495 0.667424 -0.0167388 0.999717 0.0169297 -0.00857964 -0.994982 -0.0149842 -0.0989289 -0.0769749
-0.0901204 -0.0200768 0.995728 0.668639 -0.0169325 0.999683 0.018624 -0.00123426 -0.995787 -0.0151817 -0.0904318 -0.0640705
-0.0901204 -0.0200768 0.995728 1.33728 -0.0169325 0.999683 0.018624 -0.00246852 -0.995787 -0.0151817 -0.0904318 -0.128141
-0.0830009 -0.0200341 0.996348 0.595728 -0.0198081 0.999634 0.0184501 -0.00916447 -0.996353 -0.0182044 -0.0833673 -0.0335993
-0.0719366 -0.0185564 0.997237 0.607444 -0.0197882 0.999657 0.017174 0.000145105 -0.997213 -0.0184981 -0.0722791 -0.0363481
-0.0583999 -0.0182283 0.998127 0.580067 -0.0182169 0.999686 0.0171909 -0.00484954 -0.998127 -0.0171789 -0.0587137 -0.0161356
-0.0411401 -0.0179503 0.998992 0.566299 -0.0165351 0.999714 0.0172823 0.00328028 -0.999017 -0.0158075 -0.0414251 -0.00999659
-0.0196215 -0.0166362 0.999669 0.54225 -0.0151593 0.999752 0.01634 0.00263949 -0.999693 -0.0148336 -0.0198688 0.00120794
0.00481424 -0.0156417 0.999866 0.511957 -0.0135639 0.999785 0.0157057 -0.00133946 -0.999896 -0.0136377 0.00460105 0.0245784
0.0333328 -0.0143987 0.999341 0.509883 -0.0136803 0.999796 0.0148615 0.00589377 -0.999351 -0.0141667 0.033129 0.0343383
0.06634 -0.0124573 0.997719 0.494939 -0.014777 0.9998 0.0134659 0.00581314 -0.997688 -0.0156366 0.0661426 0.0541794
0.10414 -0.0122495 0.994487 0.472508 -0.0151587 0.999788 0.0139022 0.000249186 -0.994447 -0.0165229 0.103933 0.0720359
0.1457 -0.0106429 0.989272 0.492827 -0.016488 0.999777 0.0131843 0.00047103 -0.989191 -0.0182321 0.145492 0.102774
0.189883 -0.0079245 0.981775 0.501136 -0.015825 0.999813 0.0111308 0.00596202 -0.981679 -0.0176501 0.189722 0.137655
0.23614 -0.00464207 0.971708 0.490241 -0.0143047 0.999864 0.00825283 -0.00449716 -0.971614 -0.0158488 0.236042 0.172033
0.286052 -0.00126589 0.958213 0.469816 -0.00893563 0.999952 0.00398855 0.00426073 -0.958173 -0.00970317 0.286027 0.193362
0.338911 -0.00189844 0.940817 0.463601 -0.00326119 0.99999 0.00319263 -0.0044637 -0.940813 -0.0041502 0.338901 0.222313
0.395288 -0.00414058 0.918548 0.43691 0.000534243 0.999991 0.0042778 -0.00534439 -0.918557 -0.00120023 0.395286 0.237545
0.453375 -0.004722 0.891307 0.445435 0.00166866 0.999989 0.00444899 -0.0139326 -0.891318 -0.000529772 0.453378 0.286142
0.511794 -0.00529986 0.859092 0.383128 0.00284092 0.999986 0.00447661 -0.00951712 -0.859103 0.000149508 0.511802 0.280122
0.569497 -3.46676e-005 0.821993 0.359194 -0.000705103 1 0.000530688 0.000728923 -0.821993 -0.000881815 0.569497 0.300776
0.624091 0.00163504 0.78135 0.305763 0.00075854 0.999996 -0.00269845 0.00320908 -0.781351 0.00227676 0.624087 0.31259
0.677272 0.000290323 0.735733 0.287515 0.00315949 0.99999 -0.00330304 -0.00337069 -0.735726 0.0045616 0.677264 0.302817
0.72633 -0.00124151 0.687345 0.245151 0.00235724 0.999997 -0.000684701 -0.0134758 -0.687342 0.00211756 0.726331 0.296873
0.77111 -0.00196438 0.636699 0.211172 -0.00169312 0.999985 0.00513577 -0.0050132 -0.6367 -0.00503825 0.771095 0.305475
0.811806 -0.00150305 0.583926 0.203583 -0.0056431 0.99993 0.0104192 0.000905767 -0.5839 -0.0117535 0.81174 0.366096
0.848057 -0.00197044 0.529902 0.197926 -0.00703272 0.999863 0.0149732 0.00382564 -0.529859 -0.0164247 0.847927 0.394223
0.878967 -0.00287916 0.476875 0.184993 -0.00777134 0.999763 0.0203601 0.0101436 -0.47682 -0.0216018 0.878736 0.424564
0.904406 -7.85704e-005 0.426673 0.148595 -0.0107438 0.999679 0.0229574 -0.00190438 -0.426537 -0.0253469 0.904115 0.418997
0.924507 -0.000124964 0.381164 0.141373 -0.0097473 0.999665 0.0239697 0.00119189 -0.381039 -0.0258755 0.924197 0.455051
0.939787 0.00373087 0.34174 0.118968 -0.0123483 0.999658 0.0230444 0.00533284 -0.341538 -0.0258768 0.939512 0.464743
0.951741 0.000975662 0.306901 0.116735 -0.00738146 0.999778 0.0197125 0.0108188 -0.306814 -0.0210266 0.951537 0.484659
0.961188 -0.00216023 0.275885 0.11839 -0.00321566 0.999814 0.0190322 0.00785338 -0.275875 -0.0191806 0.961002 0.485466
0.967224 -0.00766549 0.253809 0.119751 0.00267059 0.999796 0.0200185 0.00375416 -0.25391 -0.0186846 0.967047 0.476512
0.97116 -0.00465734 0.238385 0.117944 -0.000341514 0.999781 0.0209241 0.000419196 -0.23843 -0.020402 0.970945 0.528128
0.974111 0.00299325 0.226052 0.109164 -0.00749447 0.99979 0.0190568 0.00921806 -0.225947 -0.0202576 0.973929 0.515307
0.976304 0.00312456 0.216382 0.0909204 -0.00719325 0.999812 0.0180182 0.0106984 -0.216285 -0.0191478 0.976143 0.489754
0.977474 0.00700231 0.21094 0.0899736 -0.0103561 0.999837 0.0147986 0.00603407 -0.210802 -0.0166498 0.977387 0.535797
0.977946 0.00490846 0.2088 0.0881173 -0.00710534 0.999927 0.00977269 0.000708687 -0.208737 -0.0110408 0.97791 0.545513
0.978216 0.00193977 0.207578 0.106654 -0.00339306 0.999972 0.00664533 -0.0042133 -0.20756 -0.0072049 0.978196 0.522987
0.977777 -0.0037631 0.209612 0.125778 0.00318513 0.99999 0.00309486 0.00595705 -0.209621 -0.00235845 0.97778 0.53219
0.976586 -0.00127993 0.215125 0.113947 0.00209226 0.999992 -0.0035484 0.0104887 -0.215119 0.00391542 0.97658 0.584242
0.974556 0.00551542 0.224078 0.116697 -0.00370814 0.999957 -0.00848542 -0.00298192 -0.224115 0.0074386 0.974534 0.541463
0.974556 0.00551542 0.224078 0.233393 -0.00370814 0.999957 -0.00848542 -0.00596384 -0.224115 0.0074386 0.974534 1.08293
0.973189 0.00591367 0.229931 0.125047 -0.00483017 0.999974 -0.00527488 -0.00797749 -0.229957 0.00402285 0.973193 0.582192
0.97174 0.00204622 0.236046 0.217683 -0.00188802 0.999998 -0.000896231 -0.0190107 -0.236047 0.000425243 0.971742 1.07351
0.970957 -0.00410698 0.23922 0.170634 0.00275061 0.999978 0.00600354 -0.00978874 -0.239239 -0.00517118 0.970947 0.636664
0.969329 -0.00666715 0.245675 0.149552 0.0037376 0.999916 0.0123888 0.00162524 -0.245737 -0.0110906 0.969273 0.599177
0.969329 -0.00666715 0.245675 0.299104 0.0037376 0.999916 0.0123888 0.00325048 -0.245737 -0.0110906 0.969273 1.19835
0.968664 -0.0049512 0.248325 0.142865 0.00249616 0.999945 0.0102003 0.00134551 -0.248362 -0.00926079 0.968623 0.673601
0.968651 -0.00383977 0.248398 0.176946 0.00283434 0.999986 0.00440517 -0.00568449 -0.248411 -0.00356303 0.968648 0.68291
0.969057 -0.00171208 0.246833 0.178209 0.00218736 0.999996 -0.00165133 -0.00541693 -0.246829 0.00214014 0.969057 0.644798
0.969772 2.40955e-005 0.244011 0.1677 0.00142163 0.999982 -0.00574872 0.00523224 -0.244007 0.00592185 0.969755 0.661419
0.971303 -0.00589167 0.237772 0.206257 0.0062777 0.99998 -0.000866377 0.00295761 -0.237762 0.00233418 0.971321 0.639618
0.972339 -0.00142268 0.233571 0.155806 -0.00165906 0.999914 0.012997 -0.0113834 -0.233569 -0.013025 0.972253 0.676957
0.972339 -0.00142268 0.233571 0.311611 -0.00165906 0.999914 0.012997 -0.0227668 -0.233569 -0.013025 0.972253 1.35391
0.972849 -0.00136247 0.231437 0.185617 -0.00148323 0.999925 0.0121213 -0.0031366 -0.231436 -0.0121355 0.972774 0.764713
0.973125 0.00310588 0.230255 0.155373 -0.00470757 0.999968 0.00640709 0.000976726 -0.230228 -0.00731884 0.973109 0.726392
0.973938 -0.000950858 0.226814 0.166218 0.000723921 0.999999 0.00108372 0.00171594 -0.226815 -0.000891281 0.973938 0.742786
0.974732 -0.000897601 0.223378 0.155713 0.00135734 0.999997 -0.00190459 0.000934003 -0.223375 0.00215966 0.97473 0.726659
0.974924 0.00411594 0.2225 0.115879 -0.00385677 0.999991 -0.00159932 -0.0141807 -0.222505 0.000701082 0.974931 0.732869
0.975975 -0.00293656 0.217861 0.162177 0.00222893 0.999991 0.00349376 -0.00584081 -0.21787 -0.00292423 0.975973 0.748844
0.975975 -0.00293656 0.217861 0.324353 0.00222893 0.999991 0.00349376 -0.0116816 -0.21787 -0.00292423 0.975973 1.49769
0.976353 -0.00367119 0.21615 0.175134 0.00232706 0.999976 0.00647269 -0.00313928 -0.216168 -0.00581664 0.976339 0.763553
0.976024 -0.00364139 0.217631 0.147371 0.00213097 0.999972 0.00717458 0.0124547 -0.217651 -0.0065388 0.976005 0.787936
0.976487 -0.000139137 0.215577 0.184496 -0.00194041 0.999954 0.00943471 -0.0151774 -0.215569 -0.00963118 0.976441 0.732808
0.976053 0.00895539 0.217349 0.166826 -0.00950662 0.999954 0.00149064 0.00428288 -0.217326 -0.0035212 0.976093 0.836421
0.976053 0.00895539 0.217349 0.333651 -0.00950662 0.999954 0.00149064 0.00856576 -0.217326 -0.0035212 0.976093 1.67284
0.975997 0.00743581 0.217659 0.167718 -0.00739636 0.999972 -0.000995958 -0.011927 -0.21766 -0.000637829 0.976024 0.783383
0.975261 0.00622144 0.22097 0.159211 -0.00597331 0.999981 -0.00179113 -0.00467979 -0.220977 0.00042689 0.975279 0.824055
0.97443 0.003637 0.224663 0.167853 -0.00365833 0.999993 -0.000321331 -0.0138595 -0.224663 -0.000508778 0.974436 0.829513
0.973731 0.000855293 0.227701 0.177702 -0.000557724 0.999999 -0.00137118 -0.00664564 -0.227702 0.00120817 0.97373 0.82785
0.973261 -0.00173549 0.229695 0.192228 0.00257375 0.999991 -0.0033499 -0.0122937 -0.229687 0.0038515 0.973257 0.823232
0.972989 -0.00577783 0.23078 0.20308 0.00608238 0.999981 -0.000608257 -0.00905621 -0.230772 0.00199552 0.973006 0.822455
0.972945 -0.00783118 0.230903 0.205811 0.00811419 0.999967 -0.000276052 -0.0113382 -0.230894 0.00214218 0.972977 0.792959
0.972393 -0.00193981 0.233339 0.181084 0.00192413 0.999998 0.000294824 -0.010285 -0.233339 0.000162291 0.972395 0.83583
0.971507 0.00450544 0.23697 0.160564 -0.0049742 0.999987 0.00138029 0.000389137 -0.23696 -0.0025197 0.971516 0.785382
0.970984 0.00393077 0.239111 0.181907 -0.00549446 0.999968 0.00587338 -0.00454116 -0.239081 -0.00701674 0.970974 0.84916
0.97101 0.00251387 0.239025 0.214153 -0.00489528 0.999944 0.00936988 -0.0131296 -0.238988 -0.0102683 0.970968 0.848167
0.970568 -0.00332354 0.240804 0.208966 0.00256859 0.999991 0.00344897 -0.00918876 -0.240813 -0.00272893 0.970568 0.878422
0.970408 -0.00750357 0.241356 0.204363 0.00987348 0.999914 -0.00861124 -0.0154961 -0.24127 0.0107394 0.970398 0.824906
0.97045 -0.00494345 0.241253 0.191284 0.00902535 0.999834 -0.0158175 -0.0112211 -0.241135 0.0175274 0.970333 0.738866
0.970697 0.000968226 0.240305 0.182976 0.000633508 0.999978 -0.00658809 -0.00838572 -0.240306 0.00654728 0.970675 0.736653
0.971066 -0.000996479 0.238808 0.190432 -0.00244483 0.999897 0.0141137 -0.0111691 -0.238798 -0.0142892 0.970964 0.787628
0.97125 -0.00109658 0.238058 0.202957 -0.00589241 0.999572 0.0286447 -0.0072844 -0.237988 -0.0292239 0.970828 0.880961
0.971142 0.000642844 0.238501 0.196624 -0.00584445 0.99976 0.0211031 0.0177086 -0.23843 -0.021888 0.970913 0.940494
0.971475 0.00190813 0.237134 0.195165 -0.00312349 0.999984 0.00474958 -0.00188481 -0.237121 -0.00535479 0.971465 0.862707
0.970915 0.000734844 0.239423 0.156115 0.000298304 0.999991 -0.00427888 0.0126927 -0.239424 0.00422585 0.970906 0.859703
0.970124 -0.00271997 0.242595 0.152156 0.00434541 0.999972 -0.00616538 0.00271359 -0.242571 0.00703536 0.970108 0.84159
0.969371 0.000554311 0.245602 0.158176 0.000836278 0.999984 -0.00555763 -0.0152369 -0.245602 0.00559279 0.969355 0.865525
0.969746 0.000361503 0.244115 0.182604 0.00170741 0.999964 -0.00826352 0.00327649 -0.244109 0.00843032 0.969711 0.848255
0.971364 0.00139661 0.237593 0.204566 0.000799791 0.999958 -0.00914773 -0.0223696 -0.237596 0.00907579 0.971322 0.791355
0.972004 0.0160614 0.234416 0.180701 -0.0133225 0.999823 -0.0132631 -0.022984 -0.234587 0.00976878 0.972046 0.882291
0.972004 0.0160614 0.234416 0.361401 -0.0133225 0.999823 -0.0132631 -0.045968 -0.234587 0.00976878 0.972046 1.76458
0.972931 0.000566762 0.231094 0.189099 0.00214286 0.999932 -0.011474 -0.0165201 -0.231085 0.0116586 0.972864 0.761598
0.973642 -0.00387051 0.228049 0.210975 0.00537467 0.999968 -0.00597515 -0.0160017 -0.228019 0.00704335 0.973631 0.814236
0.974926 -0.0066953 0.222428 0.229744 0.0078251 0.999961 -0.00419847 -0.0230991 -0.222391 0.00583371 0.97494 0.821375
0.975389 -0.00194465 0.220483 0.164125 0.00352003 0.999971 -0.00675247 -0.0149096 -0.220464 0.00736239 0.975367 0.751568
0.976357 -0.00536038 0.216097 0.176465 0.00751638 0.99993 -0.00915637 -0.0167182 -0.216033 0.0105642 0.976329 0.791418
0.978104 -0.00584183 0.208033 0.15492 0.00783522 0.999931 -0.00875935 -0.0127337 -0.207967 0.0101975 0.978083 0.687513
0.979549 -0.00106841 0.201203 0.144071 0.00166435 0.999995 -0.00279273 -0.0197201 -0.201199 0.00307048 0.979546 0.711455
0.980854 -0.00159864 0.194736 0.157977 0.000560996 0.999985 0.00538348 -0.00720355 -0.194742 -0.00517116 0.980841 0.792834
0.981654 -0.00239929 0.190656 0.14528 -0.000409856 0.999892 0.0146933 -0.00487697 -0.190671 -0.0145018 0.981547 0.781265
0.982581 0.00555466 0.185751 0.149472 -0.00865674 0.999836 0.0158932 -0.00465177 -0.185633 -0.0172244 0.982468 0.799524
0.982777 0.00239432 0.184781 0.0884209 -0.00423801 0.999945 0.00958337 0.00816145 -0.184748 -0.0102014 0.982733 0.819652
0.98508 -0.00520497 0.172018 0.135024 0.00623896 0.999966 -0.00547085 -0.0042162 -0.171984 0.00646244 0.985079 0.799034
0.98508 -0.00520497 0.172018 0.270048 0.00623896 0.999966 -0.00547085 -0.0084324 -0.171984 0.00646244 0.985079 1.59807
0.986275 -0.00147398 0.165102 0.115247 0.00235693 0.999984 -0.00515214 0.00284953 -0.165092 0.00547056 0.986263 0.721821
0.9876 0.00603009 0.156877 0.110582 -0.00571971 0.999981 -0.00242986 -0.0177139 -0.156888 0.00150244 0.987615 0.740525
0.988621 0.0076825 0.150234 0.0775969 -0.00691201 0.99996 -0.00565009 -0.0105167 -0.150271 0.00454738 0.988634 0.764576
0.990085 0.00289087 0.140437 0.102332 -0.00118811 0.999925 -0.0122071 -0.0143095 -0.140461 0.0119192 0.990014 0.758649
0.991158 0.000648051 0.132686 0.0814857 0.00134304 0.999888 -0.014916 -0.0130453 -0.132681 0.0149623 0.991046 0.714226
0.992322 -0.000277692 0.123678 0.0969268 0.00179675 0.999924 -0.012171 -0.015049 -0.123665 0.0122998 0.992248 0.730404
0.993319 0.00309544 0.115361 0.0863432 -0.00246723 0.999981 -0.00558798 -0.0170959 -0.115376 0.00526603 0.993308 0.751892
0.994245 0.00402141 0.107059 0.0711373 -0.00397562 0.999992 -0.000641107 -0.0128521 -0.10706 0.000211792 0.994253 0.799843
0.99498 0.00222541 0.100048 0.0573808 -0.00247316 0.999994 0.00235229 -0.0141298 -0.100042 -0.00258792 0.99498 0.77254
0.995613 -0.000148559 0.0935717 0.0712804 -0.000255262 0.999991 0.00430365 -0.0112756 -0.0935715 -0.00430865 0.995603 0.815445
0.996017 0.00110523 0.0891593 0.0682082 -0.00131816 0.999996 0.00232937 -0.00777548 -0.0891564 -0.00243762 0.996015 0.802481
0.996434 0.00423285 0.084272 0.0630622 -0.0039212 0.999985 -0.00386332 -0.00811861 -0.084287 0.00351909 0.996435 0.798911
0.99678 0.00413366 0.0800762 0.0571832 -0.00328972 0.999938 -0.0106683 -0.0176473 -0.0801153 0.0103705 0.996732 0.792808
0.996964 0.00361664 0.077784 0.0405701 -0.00262153 0.999913 -0.0128915 -0.0190992 -0.0778239 0.0126484 0.996887 0.783848
0.997269 0.00129967 0.0738502 0.0575147 -0.00074747 0.999972 -0.00750447 -0.00830594 -0.0738578 0.00742877 0.997241 0.783287
0.997426 0.0035428 0.0716181 0.0478592 -0.00374776 0.999989 0.00272769 -0.0147511 -0.0716077 -0.00298907 0.997428 0.816417
0.997654 0.00182852 0.0684379 0.0333938 -0.00250142 0.999949 0.00974783 -0.011991 -0.0684167 -0.00989615 0.997608 0.864109
0.997953 -0.00357969 0.0638543 0.0561806 0.00317413 0.999974 0.00645157 -0.0109155 -0.0638758 -0.00623568 0.997938 0.881478
0.998219 -0.0124131 0.0583438 0.0649107 0.0126096 0.999916 -0.00300112 -0.0120798 -0.0583016 0.00373147 0.998292 0.799249
0.998659 -0.00110847 0.0517529 0.0455204 0.00152518 0.999967 -0.00801301 -0.00340834 -0.0517423 0.0080812 0.998628 0.827258
0.998989 0.00422706 0.0447534 0.0301914 -0.00391334 0.999967 -0.00709525 -0.0130913 -0.0447819 0.00691294 0.998973 0.793909
0.999317 -0.00219708 0.0368801 0.019364 0.0022257 0.999997 -0.000735083 -0.0149952 -0.0368784 0.000816666 0.999319 0.808478
0.999544 -0.00516644 0.0297363 0.0168845 0.00509239 0.999984 0.00256561 -0.00935094 -0.0297491 -0.00241301 0.999554 0.83456
0.999679 -0.00860176 0.0238413 0.0250965 0.00843811 0.99994 0.00695638 -0.00835139 -0.0238997 -0.00675297 0.999692 0.820769
0.999817 -0.00472851 0.018512 0.00153497 0.00460625 0.999967 0.00664157 -0.00336846 -0.0185428 -0.00655509 0.999807 0.861402
0.999924 -0.00531951 0.0110984 0.0258222 0.00532669 0.999986 -0.000617587 -0.0104952 -0.011095 0.000676658 0.999938 0.812674
0.99995 -0.0093333 0.00356674 0.0147746 0.00937218 0.999895 -0.0110428 -0.00415225 -0.0034633 0.0110757 0.999933 0.799902
0.999939 -0.01066 -0.00281085 0.00664821 0.0106161 0.999828 -0.0152058 -0.00955928 0.00297246 0.015175 0.99988 0.777137
0.999952 0.00357561 -0.00917493 -0.0195287 -0.00364593 0.999964 -0.00765927 -0.0157203 0.00914722 0.00769235 0.999929 0.787791
0.999849 0.00983637 -0.0143182 -0.0291999 -0.00976002 0.999938 0.00539228 -0.00708205 0.0143704 -0.00525172 0.999883 0.779493
0.999805 0.00451974 -0.0192229 -0.0286468 -0.0042644 0.999902 0.0133035 -0.0165944 0.0192811 -0.0132189 0.999727 0.881414
0.999732 -0.000289261 -0.0231679 -0.0244428 0.000527969 0.999947 0.010298 -0.00846184 0.0231637 -0.0103074 0.999679 0.885546
0.999683 0.00145317 -0.0251453 -0.0303921 -0.00146841 0.999999 -0.000587654 -0.00419072 0.0251444 0.000624391 0.999684 0.871386
0.999548 0.0108027 -0.0280626 -0.0403101 -0.0110774 0.999892 -0.00965146 -0.00718486 0.0279553 0.00995795 0.99956 0.836968
0.999518 -0.000262366 -0.0310311 -0.0268725 -0.000166155 0.999905 -0.013806 -0.0130134 0.0310318 0.0138045 0.999423 0.763638
0.999429 -0.00555718 -0.0333342 -0.0203254 0.00524407 0.999941 -0.00947305 -0.0109699 0.0333849 0.00929283 0.999399 0.797446
