1 -8.22789e-007 -0.00085052 -0.0332714 -8.22789e-007 0.999998 -0.00193479 -0.0106501 0.00085052 0.00193479 0.999998 0.665833
0.99999 -8.02502e-006 -0.00448179 -0.0577842 -8.02502e-006 0.999994 -0.00358114 -0.0132529 0.00448179 0.00358114 0.999984 1.32847
0.999968 -1.44594e-005 -0.00797551 -0.0721436 -1.44594e-005 0.999993 -0.00362588 -0.045657 0.00797551 0.00362588 0.999962 2.00808
0.999939 -2.27065e-005 -0.0110594 -0.118095 -2.27065e-005 0.999992 -0.00410615 -0.0510489 0.0110594 0.00410615 0.99993 2.6878
0.99986 -3.48606e-005 -0.0167087 -0.103461 -3.48606e-005 0.999991 -0.00417243 -0.0653603 0.0167087 0.00417243 0.999852 3.45088
0.999821 -5.13913e-005 -0.0189396 -0.163515 -5.13913e-005 0.999985 -0.00542633 -0.0707511 0.0189396 0.00542633 0.999806 4.18362
0.999704 -7.16278e-005 -0.0243137 -0.176833 -7.16278e-005 0.999983 -0.00589104 -0.0833762 0.0243137 0.00589104 0.999687 4.97381
0.999583 -5.94957e-005 -0.0288866 -0.201246 -5.94957e-005 0.999992 -0.00411838 -0.0916967 0.0288866 0.00411838 0.999574 5.69748
0.999426 -3.82606e-005 -0.033888 -0.211874 -3.82606e-005 0.999997 -0.00225741 -0.0882313 0.033888 0.00225741 0.999423 6.48152
0.999327 8.90739e-006 -0.0366779 -0.259043 8.90739e-006 1 0.000485546 -0.0963767 0.0366779 -0.000485546 0.999327 7.25894
0.999234 -4.58227e-006 -0.039124 -0.296365 -4.58227e-006 1 -0.000234154 -0.0984028 0.039124 0.000234154 0.999234 8.08241
0.99919 -6.07501e-006 -0.0402457 -0.353527 -6.07501e-006 1 -0.000301773 -0.107775 0.0402457 0.000301773 0.99919 8.88599
0.999063 -2.10244e-005 -0.0432765 -0.368464 -2.10244e-005 1 -0.000971174 -0.113733 0.0432765 0.000971174 0.999063 9.69201
0.998972 6.30762e-006 -0.0453213 -0.402271 6.30762e-006 1 0.000278208 -0.127823 0.0453213 -0.000278208 0.998972 10.5044
0.998845 4.95552e-007 -0.0480434 -0.44688 4.95552e-007 1 2.06174e-005 -0.129281 0.0480434 -2.06174e-005 0.998845 11.3677
0.998815 -4.438e-005 -0.0486691 -0.492523 -4.438e-005 0.999998 -0.00182266 -0.143783 0.0486691 0.00182266 0.998813 12.1627
0.998822 -0.000108615 -0.0485311 -0.562048 -0.000108615 0.99999 -0.00447343 -0.149943 0.0485311 0.00447343 0.998812 12.9614
0.998749 -0.000148307 -0.0499944 -0.600752 -0.000148307 0.999982 -0.00592919 -0.159328 0.0499944 0.00592919 0.998732 13.7615
0.998653 -0.000139957 -0.0518904 -0.635747 -0.000139957 0.999985 -0.00539066 -0.169416 0.0518904 0.00539066 0.998638 14.5885
0.998562 -0.00011079 -0.0536135 -0.651527 -0.00011079 0.999991 -0.00412993 -0.185747 0.0536135 0.00412993 0.998553 15.3701
0.998467 -6.2125e-005 -0.0553524 -0.693166 -6.2125e-005 0.999997 -0.00224298 -0.199284 0.0553524 0.00224298 0.998464 16.1854
0.998454 -6.61021e-005 -0.05559 -0.746126 -6.61021e-005 0.999997 -0.00237636 -0.212621 0.05559 0.00237636 0.998451 17.0265
0.998324 -8.11579e-005 -0.0578702 -0.78368 -8.11579e-005 0.999996 -0.00280247 -0.227395 0.0578702 0.00280247 0.99832 17.8676
0.998307 -0.000115768 -0.05817 -0.830305 -0.000115768 0.999992 -0.00397693 -0.24175 0.05817 0.00397693 0.998299 18.6351
0.998188 -5.78663e-005 -0.0601715 -0.838915 -5.78663e-005 0.999998 -0.00192164 -0.258984 0.0601715 0.00192164 0.998186 19.4531
0.998232 3.87271e-005 -0.0594302 -0.922255 3.87271e-005 0.999999 0.00130213 -0.258981 0.0594302 -0.00130213 0.998232 20.324
0.998208 0.000164718 -0.0598315 -0.939561 0.000164718 0.999985 0.00550108 -0.278813 0.0598315 -0.00550108 0.998193 21.1621
0.998359 0.000233234 -0.0572573 -0.994745 0.000233234 0.999967 0.00814005 -0.277768 0.0572573 -0.00814005 0.998326 22.0426
0.998478 0.000245998 -0.0551438 -1.0724 0.000245998 0.99996 0.00891508 -0.268077 0.0551438 -0.00891508 0.998439 22.9991
0.998457 0.000170302 -0.0555274 -1.07389 0.000170302 0.999981 0.0061292 -0.283439 0.0555274 -0.0061292 0.998438 23.8972
0.998621 4.49301e-005 -0.052502 -1.19878 4.49301e-005 0.999999 0.00171037 -0.288809 0.052502 -0.00171037 0.998619 24.9255
0.998701 -4.30599e-005 -0.0509611 -1.2425 -4.30599e-005 0.999999 -0.00168881 -0.288168 0.0509611 0.00168881 0.998699 25.8384
0.998684 -1.33097e-005 -0.0512924 -1.27096 -1.33097e-005 1 -0.000518631 -0.311955 0.0512924 0.000518631 0.998684 26.7401
0.99869 0.000106773 -0.0511718 -1.32947 0.000106773 0.999991 0.00417037 -0.307835 0.0511718 -0.00417037 0.998681 27.6866
0.998651 0.000192043 -0.0519233 -1.37183 0.000192043 0.999973 0.0073921 -0.317361 0.0519233 -0.0073921 0.998624 28.5832
0.998585 0.000167792 -0.053187 -1.42218 0.000167792 0.99998 0.006305 -0.317205 0.053187 -0.006305 0.998565 29.5406
0.998171 9.88267e-005 -0.0604459 -1.32089 9.88267e-005 0.999995 0.00326693 -0.290665 0.0604459 -0.00326693 0.998166 30.3648
0.998267 -2.25843e-005 -0.058849 -1.45779 -2.25843e-005 1 -0.000766867 -0.320391 0.058849 0.000766867 0.998267 31.3425
0.998025 -4.53883e-005 -0.0628202 -1.46972 -4.53883e-005 0.999999 -0.0014436 -0.322456 0.0628202 0.0014436 0.998024 32.1764
0.998068 -1.84755e-006 -0.0621249 -1.57014 -1.84755e-006 1 -5.94211e-005 -0.333501 0.0621249 5.94211e-005 0.998068 33.0638
0.998022 9.54374e-005 -0.0628651 -1.62437 9.54374e-005 0.999995 0.00303325 -0.343212 0.0628651 -0.00303325 0.998017 33.9253
0.99799 0.000134118 -0.0633701 -1.7028 0.000134118 0.999991 0.00422859 -0.34357 0.0633701 -0.00422859 0.997981 34.858
0.997952 0.000223161 -0.0639725 -1.7723 0.000223161 0.999976 0.00696955 -0.353125 0.0639725 -0.00696955 0.997927 35.7538
0.99797 0.000317341 -0.0636848 -1.83976 0.000317341 0.99995 0.00995562 -0.354 0.0636848 -0.00995562 0.99792 36.7087
0.99793 0.000404143 -0.0643136 -1.91541 0.000404143 0.999921 0.0125544 -0.354237 0.0643136 -0.0125544 0.997851 37.6703
0.998025 0.000388924 -0.0628162 -2.00875 0.000388924 0.999923 0.0123702 -0.36029 0.0628162 -0.0123702 0.997948 38.6645
0.9979 0.000329847 -0.0647728 -2.02759 0.000329847 0.999948 0.0101738 -0.364692 0.0647728 -0.0101738 0.997848 39.6945
0.997931 0.000270445 -0.0642982 -2.11863 0.000270445 0.999965 0.00840334 -0.367258 0.0642982 -0.00840334 0.997895 40.7153
0.997745 0.000269356 -0.0671224 -2.17157 0.000269356 0.999968 0.00801665 -0.370941 0.0671224 -0.00801665 0.997713 41.7231
0.997636 0.000312868 -0.0687129 -2.23153 0.000312868 0.999959 0.00909558 -0.375881 0.0687129 -0.00909558 0.997595 42.7061
0.997463 0.000356513 -0.0711924 -2.28702 0.000356513 0.99995 0.0100025 -0.378129 0.0711924 -0.0100025 0.997412 43.6593
0.997476 0.000233381 -0.0710078 -2.38061 0.000233381 0.999978 0.00656501 -0.378493 0.0710078 -0.00656501 0.997454 44.6517
0.997407 8.72716e-005 -0.0719717 -2.45344 8.72716e-005 0.999997 0.00242201 -0.386089 0.0719717 -0.00242201 0.997404 45.5941
0.997399 5.43476e-005 -0.072082 -2.53479 5.43476e-005 0.999999 0.00150598 -0.39781 0.072082 -0.00150598 0.997398 46.5574
0.997329 0.000179978 -0.0730386 -2.5864 0.000179978 0.999988 0.00492168 -0.410615 0.0730386 -0.00492168 0.997317 47.4388
0.997332 0.000277753 -0.0730031 -2.65835 0.000277753 0.999971 0.00759909 -0.407478 0.0730031 -0.00759909 0.997303 48.3183
0.99727 0.000309917 -0.0738352 -2.70584 0.000309917 0.999965 0.00838322 -0.424344 0.0738352 -0.00838322 0.997235 49.2418
0.997326 0.000260779 -0.0730814 -2.78811 0.000260779 0.999975 0.00712704 -0.434756 0.0730814 -0.00712704 0.997301 50.1242
0.997349 0.000207547 -0.0727612 -2.85537 0.000207547 0.999984 0.00569729 -0.450365 0.0727612 -0.00569729 0.997333 51.0375
0.997282 0.000233786 -0.07368 -2.91624 0.000233786 0.99998 0.00633731 -0.452243 0.07368 -0.00633731 0.997262 51.9117
0.997296 0.000388932 -0.0734841 -2.98036 0.000388932 0.999944 0.0105709 -0.473673 0.0734841 -0.0105709 0.99724 52.7923
0.997242 0.000571289 -0.0742225 -3.04404 0.000571289 0.999882 0.0153718 -0.474754 0.0742225 -0.0153718 0.997123 53.6862
0.997118 0.000658766 -0.075868 -3.1053 0.000658766 0.999849 0.0173398 -0.472269 0.075868 -0.0173398 0.996967 54.6683
0.997024 0.000523441 -0.0770913 -3.19047 0.000523441 0.999908 0.0135589 -0.472343 0.0770913 -0.0135589 0.996932 55.6065
0.996928 0.000242913 -0.0783207 -3.27628 0.000242913 0.999981 0.00619343 -0.485087 0.0783207 -0.00619343 0.996909 56.5862
0.996884 5.94319e-005 -0.0788769 -3.36336 5.94319e-005 0.999999 0.0015046 -0.494145 0.0788769 -0.0015046 0.996883 57.4972
0.99676 0.000105079 -0.0804384 -3.42702 0.000105079 0.999997 0.00260842 -0.502909 0.0804384 -0.00260842 0.996756 58.3511
0.996744 0.000215952 -0.0806325 -3.53692 0.000215952 0.999986 0.00534771 -0.51282 0.0806325 -0.00534771 0.99673 59.2516
0.996628 0.000278405 -0.0820507 -3.59429 0.000278405 0.999977 0.00677466 -0.52343 0.0820507 -0.00677466 0.996605 60.0969
0.996519 0.000289821 -0.0833639 -3.6755 0.000289821 0.999976 0.00694096 -0.530673 0.0833639 -0.00694096 0.996495 60.9193
0.996444 0.000328245 -0.0842518 -3.78652 0.000328245 0.99997 0.00777804 -0.536299 0.0842518 -0.00777804 0.996414 61.8039
0.996254 0.000350613 -0.0864792 -3.84467 0.000350613 0.999967 0.00809329 -0.540071 0.0864792 -0.00809329 0.996221 62.6132
0.996159 0.000381829 -0.0875628 -3.93236 0.000381829 0.999962 0.00870435 -0.551133 0.0875628 -0.00870435 0.996121 63.4663
0.996065 0.000439733 -0.0886221 -4.0011 0.000439733 0.999951 0.009904 -0.561201 0.0886221 -0.009904 0.996016 64.2603
0.995838 0.000571847 -0.0911365 -4.06683 0.000571847 0.999921 0.0125226 -0.562045 0.0911365 -0.0125226 0.99576 65.0526
0.995907 0.000772321 -0.0903834 -4.16633 0.000772321 0.999854 0.0170537 -0.56848 0.0903834 -0.0170537 0.995761 65.8785
0.99564 0.000857235 -0.09328 -4.24743 0.000857235 0.999831 0.0183382 -0.553238 0.09328 -0.0183382 0.995471 66.7013
0.995774 0.000666275 -0.0918346 -4.37752 0.000666275 0.999895 0.0144789 -0.555147 0.0918346 -0.0144789 0.995669 67.5199
0.995358 0.00037525 -0.0962439 -4.39334 0.00037525 0.99997 0.00777968 -0.584693 0.0962439 -0.00777968 0.995327 68.2682
0.995508 6.41373e-005 -0.094673 -4.52305 6.41373e-005 0.999999 0.00135188 -0.575418 0.094673 -0.00135188 0.995508 68.9936
0.994436 -8.14328e-005 -0.105346 -4.40761 -8.14328e-005 0.999999 -0.0015417 -0.561475 0.105346 0.0015417 0.994434 69.7418
0.995358 0.00019651 -0.0962381 -4.66364 0.00019651 0.999992 0.00407433 -0.588635 0.0962381 -0.00407433 0.99535 70.3452
0.994654 0.000275719 -0.103262 -4.63985 0.000275719 0.999986 0.00532585 -0.593109 0.103262 -0.00532585 0.99464 71.0591
0.995337 9.21523e-005 -0.096457 -4.85773 9.21523e-005 0.999998 0.00190629 -0.592426 0.096457 -0.00190629 0.995335 71.7141
0.994573 -0.000227334 -0.104039 -4.75872 -0.000227334 0.99999 -0.00435828 -0.620437 0.104039 0.00435828 0.994564 72.3889
0.994973 -0.00046748 -0.100138 -4.86398 -0.00046748 0.999957 -0.00931307 -0.623089 0.100138 0.00931307 0.99493 72.9997
0.995081 -0.000477907 -0.0990679 -4.89724 -0.000477907 0.999954 -0.00962411 -0.637544 0.0990679 0.00962411 0.995034 73.5915
0.995406 -0.000297462 -0.0957462 -4.94245 -0.000297462 0.999981 -0.00619922 -0.646149 0.0957462 0.00619922 0.995386 74.1331
0.995942 -0.000173589 -0.0899962 -5.00872 -0.000173589 0.999993 -0.00384985 -0.64523 0.0899962 0.00384985 0.995935 74.6675
0.996476 7.33118e-006 -0.0838821 -5.05496 7.33118e-006 1 0.000174489 -0.657085 0.0838821 -0.000174489 0.996476 75.17
0.997085 0.00012892 -0.0762982 -5.0716 0.00012892 0.999994 0.00337445 -0.669913 0.0762982 -0.00337445 0.997079 75.7205
0.997905 0.000111353 -0.0646934 -5.11542 0.000111353 0.999994 0.00343887 -0.670288 0.0646934 -0.00343887 0.997899 76.2236
0.998732 8.21142e-005 -0.0503452 -5.13424 8.21142e-005 0.999995 0.00325997 -0.677072 0.0503452 -0.00325997 0.998727 76.7263
0.999502 6.4286e-005 -0.0315625 -5.14854 6.4286e-005 0.999992 0.00407253 -0.679753 0.0315625 -0.00407253 0.999493 77.228
0.999951 2.39285e-005 -0.00993118 -5.12997 2.39285e-005 0.999988 0.00481873 -0.683898 0.00993118 -0.00481873 0.999939 77.7027
0.999874 -5.04168e-005 0.0159048 -5.08802 -5.04168e-005 0.99998 0.00633936 -0.694855 -0.0159048 -0.00633936 0.999853 78.17
0.998952 -0.000186801 0.0457751 -5.04942 -0.000186801 0.999967 0.00815726 -0.696862 -0.0457751 -0.00815726 0.998918 78.6286
0.997008 -0.000397147 0.0772972 -4.95965 -0.000397147 0.999947 0.0102602 -0.708555 -0.0772972 -0.0102602 0.996955 79.1046
0.993265 -0.000625956 0.115867 -4.89111 -0.000625956 0.999942 0.0107681 -0.705807 -0.115867 -0.0107681 0.993206 79.558
0.987445 -0.000886791 0.15796 -4.78581 -0.000886791 0.999937 0.0111572 -0.709924 -0.15796 -0.0111572 0.987382 80.0118
0.978976 -0.00115897 0.203973 -4.67863 -0.00115897 0.999936 0.0112441 -0.71271 -0.203973 -0.0112441 0.978912 80.4279
0.967772 -0.0012405 0.251824 -4.50282 -0.0012405 0.999952 0.00969317 -0.72051 -0.251824 -0.00969317 0.967725 80.8516
0.952441 -0.00111263 0.30472 -4.3281 -0.00111263 0.999974 0.00712888 -0.724416 -0.30472 -0.00712888 0.952415 81.2472
0.932634 -0.00110865 0.360822 -4.13229 -0.00110865 0.999982 0.0059381 -0.730611 -0.360822 -0.0059381 0.932616 81.623
0.908887 -0.000975449 0.417042 -3.90164 -0.000975449 0.99999 0.00446481 -0.726494 -0.417042 -0.00446481 0.908876 81.9716
0.880193 -0.000946046 0.474615 -3.65915 -0.000946046 0.999993 0.00374776 -0.730314 -0.474615 -0.00374776 0.880186 82.2969
0.847179 -0.00105342 0.531307 -3.394 -0.00105342 0.999993 0.00366238 -0.731482 -0.531307 -0.00366238 0.847172 82.6
0.810571 -0.00121225 0.58564 -3.11689 -0.00121225 0.999992 0.00374779 -0.742002 -0.58564 -0.00374779 0.810563 82.88
0.771441 -0.00178096 0.636298 -2.81325 -0.00178096 0.999986 0.0049581 -0.740843 -0.636298 -0.0049581 0.771427 83.141
0.729285 -0.00236942 0.684206 -2.49093 -0.00236942 0.999979 0.00598848 -0.739907 -0.684206 -0.00598848 0.729264 83.3899
0.6846 -0.0030186 0.728912 -2.17468 -0.0030186 0.999971 0.00697621 -0.745613 -0.728912 -0.00697621 0.684571 83.6015
0.638245 -0.00389838 0.769824 -1.82911 -0.00389838 0.999958 0.00829584 -0.747883 -0.769824 -0.00829584 0.638203 83.8074
0.592876 -0.00618019 0.80527 -1.47612 -0.00618019 0.999906 0.0122241 -0.755088 -0.80527 -0.0122241 0.592782 83.9669
0.546903 -0.00583285 0.837176 -1.11633 -0.00583285 0.999925 0.0107772 -0.760866 -0.837176 -0.0107772 0.546827 84.131
0.499963 -0.00414276 0.866037 -0.74069 -0.00414276 0.999966 0.00717504 -0.765682 -0.866037 -0.00717504 0.499929 84.2915
0.454607 -0.0031255 0.890687 -0.332648 -0.0031255 0.999982 0.00510428 -0.768995 -0.890687 -0.00510428 0.454589 84.4442
0.413092 -0.00792149 0.910655 0.0290094 -0.00792149 0.999893 0.0122911 -0.773117 -0.910655 -0.0122911 0.412985 84.5338
0.374283 -0.0178306 0.927143 0.424732 -0.0178306 0.999492 0.0264202 -0.765853 -0.927143 -0.0264202 0.373775 84.6224
0.33919 -0.0215579 0.940471 0.815671 -0.0215579 0.999297 0.0306815 -0.761818 -0.940471 -0.0306815 0.338487 84.7062
0.306391 -0.0193846 0.951708 1.23006 -0.0193846 0.999458 0.0265978 -0.758868 -0.951708 -0.0265978 0.305849 84.8035
0.274744 -0.0106127 0.961459 1.6609 -0.0106127 0.999845 0.014069 -0.759389 -0.961459 -0.014069 0.274589 84.9174
0.24704 -0.00694866 0.96898 2.07567 -0.00694866 0.999936 0.00894219 -0.766744 -0.96898 -0.00894219 0.246975 84.9989
0.221489 -0.00706976 0.975137 2.48676 -0.00706976 0.999936 0.00885535 -0.776491 -0.975137 -0.00885535 0.221425 85.062
0.198169 -0.0121086 0.980093 2.88789 -0.0121086 0.999817 0.0148006 -0.78124 -0.980093 -0.0148006 0.197986 85.1094
0.178502 -0.0168635 0.983795 3.291 -0.0168635 0.999654 0.0201951 -0.768455 -0.983795 -0.0201951 0.178156 85.1479
0.159169 -0.0180159 0.987087 3.72353 -0.0180159 0.999614 0.0211496 -0.755476 -0.987087 -0.0211496 0.158783 85.1945
0.14157 -0.0159094 0.9898 4.12853 -0.0159094 0.999705 0.0183441 -0.750232 -0.9898 -0.0183441 0.141275 85.2438
0.126063 -0.0145876 0.991915 4.51764 -0.0145876 0.999757 0.0165569 -0.750136 -0.991915 -0.0165569 0.12582 85.2857
0.111474 -0.014646 0.993659 4.95525 -0.014646 0.999759 0.016379 -0.74427 -0.993659 -0.016379 0.111233 85.3237
0.0983434 -0.0170855 0.995006 5.38412 -0.0170855 0.999676 0.0188543 -0.742451 -0.995006 -0.0188543 0.0980196 85.349
0.0866659 -0.0202953 0.996031 5.87772 -0.0202953 0.999549 0.0221329 -0.738534 -0.996031 -0.0221329 0.0862149 85.3813
0.0766798 -0.0229024 0.996793 6.34338 -0.0229024 0.999432 0.0247248 -0.734009 -0.996793 -0.0247248 0.0761117 85.4027
0.0685028 -0.0246138 0.997347 6.86834 -0.0246138 0.99935 0.0263538 -0.726558 -0.997347 -0.0263538 0.0678524 85.4352
0.0622098 -0.0265101 0.997711 7.39673 -0.0265101 0.999251 0.028204 -0.715267 -0.997711 -0.028204 0.0614604 85.4655
0.0563974 -0.0259996 0.99807 7.94733 -0.0259996 0.999284 0.0275004 -0.704786 -0.99807 -0.0275004 0.055681 85.4993
0.0511512 -0.0273342 0.998317 8.50711 -0.0273342 0.999213 0.0287593 -0.691116 -0.998317 -0.0287593 0.0503638 85.5175
0.0451312 -0.0268402 0.99862 9.06192 -0.0268402 0.999246 0.02807 -0.691691 -0.99862 -0.02807 0.0443767 85.565
0.0433044 -0.029941 0.998613 9.67304 -0.029941 0.999063 0.0312528 -0.669154 -0.998613 -0.0312528 0.0423674 85.567
0.0398406 -0.0298364 0.99876 10.3099 -0.0298364 0.999073 0.0310359 -0.660233 -0.99876 -0.0310359 0.0389135 85.5972
0.0376975 -0.0367443 0.998613 10.9769 -0.0367443 0.998597 0.0381307 -0.640578 -0.998613 -0.0381307 0.0362944 85.6028
0.038107 -0.0379143 0.998554 11.6504 -0.0379143 0.998506 0.0393593 -0.619009 -0.998554 -0.0393593 0.0366125 85.619
0.0389601 -0.0406909 0.998412 12.3255 -0.0406909 0.998277 0.0422733 -0.59893 -0.998412 -0.0422733 0.0372372 85.6429
0.041333 -0.0412208 0.998295 13.0469 -0.0412208 0.998228 0.0429248 -0.566089 -0.998295 -0.0429248 0.0395606 85.6766
0.0452578 -0.0439777 0.998007 13.7026 -0.0439777 0.997974 0.0459706 -0.562346 -0.998007 -0.0459706 0.0432321 85.7174
0.0509972 -0.0451864 0.997676 14.4331 -0.0451864 0.997848 0.0475039 -0.522896 -0.997676 -0.0475039 0.0488456 85.7264
0.0540265 -0.0449738 0.997526 15.1649 -0.0449738 0.997862 0.0474247 -0.493239 -0.997526 -0.0474247 0.0518883 85.7877
0.0577019 -0.0452396 0.997308 15.8964 -0.0452396 0.997828 0.0478807 -0.457833 -0.997308 -0.0478807 0.05553 85.8327
0.0620227 -0.0436303 0.997121 16.6216 -0.0436303 0.997971 0.0463814 -0.404014 -0.997121 -0.0463814 0.0599932 85.8756
0.065829 -0.0426196 0.99692 17.4159 -0.0426196 0.998056 0.0454824 -0.375135 -0.99692 -0.0454824 0.0638846 85.9361
0.0696471 -0.039339 0.996796 18.1899 -0.039339 0.998337 0.0421485 -0.343361 -0.996796 -0.0421485 0.0679837 86.0063
0.0737341 -0.0373593 0.996578 19.0533 -0.0373593 0.998493 0.0401952 -0.323782 -0.996578 -0.0401952 0.0722273 86.063
0.0738737 -0.0309335 0.996788 19.8468 -0.0309335 0.998967 0.0332936 -0.293549 -0.996788 -0.0332936 0.0728405 86.1514
0.0745197 -0.0290845 0.996795 20.6625 -0.0290845 0.999086 0.0313256 -0.273967 -0.996795 -0.0313256 0.0736057 86.2039
0.0736391 -0.0279918 0.996892 21.4675 -0.0279918 0.999154 0.0301231 -0.265378 -0.996892 -0.0301231 0.0727932 86.2739
0.0748575 -0.0257392 0.996862 22.279 -0.0257392 0.999284 0.0277346 -0.24248 -0.996862 -0.0277346 0.0741414 86.3238
0.0738814 -0.0266087 0.996912 23.1018 -0.0266087 0.999235 0.0286427 -0.23419 -0.996912 -0.0286427 0.0731169 86.3983
0.0748144 -0.0253277 0.996876 23.9276 -0.0253277 0.999307 0.0272902 -0.210468 -0.996876 -0.0272902 0.074121 86.4655
0.0742335 -0.0233716 0.996967 24.776 -0.0233716 0.99941 0.0251691 -0.205204 -0.996967 -0.0251691 0.0736435 86.547
0.0747423 -0.0187997 0.997026 25.5983 -0.0187997 0.999618 0.0202579 -0.20299 -0.997026 -0.0202579 0.0743604 86.6076
0.0728785 -0.0155994 0.997219 26.4104 -0.0155994 0.999738 0.0167788 -0.197572 -0.997219 -0.0167788 0.072616 86.6885
0.0704892 -0.0150161 0.9974 27.2554 -0.0150161 0.999757 0.0161128 -0.191516 -0.9974 -0.0161128 0.0702466 86.7455
0.0650178 -0.0109605 0.997824 28.0507 -0.0109605 0.999872 0.0116971 -0.188616 -0.997824 -0.0116971 0.0648893 86.8156
0.0597797 -0.00842967 0.998176 28.9128 -0.00842967 0.999924 0.00894928 -0.184043 -0.998176 -0.00894928 0.0597041 86.8818
0.0535635 -0.00532059 0.99855 29.7037 -0.00532059 0.99997 0.00561355 -0.19532 -0.99855 -0.00561355 0.0535336 86.9166
0.0457609 -0.00571344 0.998936 30.5789 -0.00571344 0.999966 0.00598106 -0.194019 -0.998936 -0.00598106 0.0457266 86.9647
0.0376669 -0.00452937 0.99928 31.3809 -0.00452937 0.999979 0.00470327 -0.21856 -0.99928 -0.00470327 0.0376456 86.9736
0.0269569 -0.00441996 0.999627 32.2667 -0.00441996 0.99998 0.00454072 -0.215366 -0.999627 -0.00454072 0.0269368 87.0147
0.0169951 -0.00581469 0.999839 33.1154 -0.00581469 0.999966 0.00591427 -0.227729 -0.999839 -0.00591427 0.0169607 87.0129
0.0056829 -0.00411122 0.999975 33.9841 -0.00411122 0.999983 0.00413462 -0.231062 -0.999975 -0.00413462 0.0056659 87.0275
-0.00512782 -0.00584557 0.99997 34.8782 -0.00584557 0.999966 0.00581557 -0.243226 -0.99997 -0.00581557 -0.00516181 87.0107
-0.0167987 -0.00496552 0.999847 35.7235 -0.00496552 0.999976 0.00488273 -0.242752 -0.999847 -0.00488273 -0.0168229 87.0021
-0.0276581 -0.00543288 0.999603 36.5771 -0.00543288 0.999971 0.00528456 -0.253738 -0.999603 -0.00528456 -0.0276868 86.9719
-0.038219 -0.00462265 0.999259 37.3946 -0.00462265 0.999979 0.00444918 -0.264435 -0.999259 -0.00444918 -0.0382396 86.9295
-0.0485573 -0.00518327 0.998807 38.2443 -0.00518327 0.999974 0.00493734 -0.278775 -0.998807 -0.00493734 -0.048583 86.8803
-0.0582222 -0.00660717 0.998282 39.0348 -0.00660717 0.999959 0.00623292 -0.27125 -0.998282 -0.00623292 -0.0582635 86.8299
-0.0674126 -0.00631509 0.997705 39.8252 -0.00631509 0.999963 0.00590269 -0.294749 -0.997705 -0.00590269 -0.06745 86.7578
-0.0771455 -0.00802977 0.996988 40.6064 -0.00802977 0.99994 0.00743221 -0.28904 -0.996988 -0.00743221 -0.0772054 86.6996
-0.0857997 -0.00860004 0.996275 41.3724 -0.00860004 0.999932 0.00789097 -0.295119 -0.996275 -0.00789097 -0.0858678 86.6316
-0.0930635 -0.00999886 0.99561 42.2228 -0.00999886 0.999909 0.0091074 -0.306514 -0.99561 -0.0091074 -0.093155 86.5283
-0.0989335 -0.0118207 0.995024 42.9402 -0.0118207 0.999873 0.010703 -0.311687 -0.995024 -0.010703 -0.0990606 86.4739
-0.101675 -0.0158159 0.994692 43.7425 -0.0158159 0.999773 0.01428 -0.325385 -0.994692 -0.01428 -0.101902 86.3468
-0.104601 -0.016019 0.994385 44.4705 -0.016019 0.999768 0.0144207 -0.330203 -0.994385 -0.0144207 -0.104834 86.2767
-0.105479 -0.0195032 0.99423 45.2352 -0.0195032 0.999656 0.0175405 -0.336741 -0.99423 -0.0175405 -0.105823 86.1818
-0.107584 -0.0181466 0.99403 45.9437 -0.0181466 0.999703 0.0162861 -0.339949 -0.99403 -0.0162861 -0.107881 86.1163
-0.103473 -0.020334 0.994424 46.7061 -0.020334 0.999625 0.0183246 -0.362178 -0.994424 -0.0183246 -0.103848 85.9819
-0.100297 -0.0222706 0.994708 47.4073 -0.0222706 0.999549 0.0201334 -0.35639 -0.994708 -0.0201334 -0.100748 85.9087
-0.0935546 -0.0240804 0.995323 48.0635 -0.0240804 0.99947 0.0219173 -0.362757 -0.995323 -0.0219173 -0.0940848 85.8297
-0.0858504 -0.0234249 0.996033 48.7218 -0.0234249 0.999495 0.0214873 -0.357378 -0.996033 -0.0214873 -0.0863558 85.7893
-0.074299 -0.0228569 0.996974 49.3775 -0.0228569 0.999514 0.0212118 -0.354298 -0.996974 -0.0212118 -0.0747854 85.7486
-0.0611942 -0.0211324 0.997902 49.9608 -0.0211324 0.999579 0.019872 -0.36154 -0.997902 -0.019872 -0.061615 85.7424
-0.0437018 -0.0205966 0.998832 50.542 -0.0205966 0.999594 0.0197111 -0.361155 -0.998832 -0.0197111 -0.0441083 85.7333
-0.0225914 -0.0180672 0.999582 51.0796 -0.0180672 0.999681 0.0176607 -0.370772 -0.999582 -0.0176607 -0.0229106 85.744
0.00265136 -0.0168197 0.999855 51.6167 -0.0168197 0.999716 0.016862 -0.368903 -0.999855 -0.016862 0.0023677 85.7608
0.0303564 -0.0143757 0.999436 52.1448 -0.0143757 0.999787 0.0148174 -0.368204 -0.999436 -0.0148174 0.0301432 85.8139
0.0636237 -0.0136707 0.99788 52.6417 -0.0136707 0.9998 0.0145686 -0.369455 -0.99788 -0.0145686 0.0634241 85.8715
0.100983 -0.0140449 0.994789 53.1466 -0.0140449 0.999781 0.0155411 -0.365071 -0.994789 -0.0155411 0.100763 85.9617
0.142795 -0.0127615 0.98967 53.6263 -0.0127615 0.99981 0.0147336 -0.361698 -0.98967 -0.0147336 0.142605 86.0707
0.187795 -0.00992661 0.982158 54.1338 -0.00992661 0.999879 0.0120037 -0.354636 -0.982158 -0.0120037 0.187673 86.217
0.23488 -0.00697062 0.971999 54.6165 -0.00697062 0.999936 0.0088554 -0.353098 -0.971999 -0.0088554 0.234817 86.3955
0.28633 -0.00491419 0.958118 55.1047 -0.00491419 0.999966 0.00659742 -0.34561 -0.958118 -0.00659742 0.286296 86.5961
0.34029 -0.00263503 0.940317 55.5461 -0.00263503 0.999989 0.00375584 -0.342254 -0.940317 -0.00375584 0.34028 86.822
0.404683 -0.000863535 0.914456 56.0532 -0.000863535 0.999999 0.00132646 -0.345366 -0.914456 -0.00132646 0.404682 87.0521
0.461823 -0.0011823 0.886971 56.4774 -0.0011823 0.999997 0.00194855 -0.359031 -0.886971 -0.00194855 0.46182 87.3466
0.520255 -0.00193775 0.854009 56.9487 -0.00193775 0.999992 0.00344945 -0.369765 -0.854009 -0.00344945 0.520247 87.7686
0.576362 0.00108135 0.817194 57.3367 0.00108135 0.999997 -0.00208591 -0.366422 -0.817194 0.00208591 0.576359 88.1201
0.629991 0.00125438 0.776601 57.6358 0.00125438 0.999996 -0.00263278 -0.362331 -0.776601 0.00263278 0.629987 88.5209
0.68351 0.000349028 0.729941 57.9584 0.000349028 1 -0.000804985 -0.369933 -0.729941 0.000804985 0.68351 88.8435
0.731467 -6.35637e-005 0.681877 58.1779 -6.35637e-005 1 0.000161405 -0.372614 -0.681877 -0.000161405 0.731467 89.1806
0.775388 -0.00150177 0.631483 58.3809 -0.00150177 0.99999 0.00422216 -0.377265 -0.631483 -0.00422216 0.775378 89.5224
0.81573 -0.00274792 0.578426 58.576 -0.00274792 0.999959 0.00862577 -0.368727 -0.578426 -0.00862577 0.815689 89.9191
0.852147 -0.00417196 0.523285 58.7573 -0.00417196 0.999882 0.0147656 -0.371497 -0.523285 -0.0147656 0.85203 90.2942
0.882672 -0.00455951 0.469967 58.9252 -0.00455951 0.999823 0.0182635 -0.356965 -0.469967 -0.0182635 0.882495 90.7434
0.908005 -0.00515035 0.418928 59.0679 -0.00515035 0.999712 0.0234537 -0.364132 -0.418928 -0.0234537 0.907716 91.1608
0.927654 -0.00455662 0.373412 59.1871 -0.00455662 0.999713 0.023519 -0.358179 -0.373412 -0.023519 0.927367 91.629
0.942901 -0.00411562 0.333048 59.2958 -0.00411562 0.999703 0.0240056 -0.361923 -0.333048 -0.0240056 0.942604 92.0449
0.954394 -0.00307631 0.298535 59.3892 -0.00307631 0.999792 0.0201373 -0.347403 -0.298535 -0.0201373 0.954186 92.5461
0.963552 -0.00265797 0.267507 59.4844 -0.00265797 0.999806 0.0195081 -0.343934 -0.267507 -0.0195081 0.963358 93.0025
0.969426 -0.00256827 0.24537 59.5893 -0.00256827 0.999784 0.0206116 -0.338281 -0.24537 -0.0206116 0.96921 93.5033
0.973203 -0.00250799 0.229935 59.6906 -0.00250799 0.999765 0.0215199 -0.341138 -0.229935 -0.0215199 0.972968 94.008
0.976072 -0.00217794 0.217438 59.7788 -0.00217794 0.999802 0.019791 -0.326089 -0.217438 -0.019791 0.975873 94.5233
0.978131 -0.00195338 0.207983 59.8708 -0.00195338 0.999826 0.018577 -0.318088 -0.207983 -0.018577 0.977956 95.03
0.979467 -0.00159464 0.201598 59.9656 -0.00159464 0.999876 0.0156566 -0.305358 -0.201598 -0.0156566 0.979343 95.5636
0.979967 -0.00113577 0.199156 60.0528 -0.00113577 0.999936 0.0112912 -0.310004 -0.199156 -0.0112912 0.979903 96.1011
0.980071 -0.000854421 0.198645 60.157 -0.000854421 0.999963 0.00851661 -0.313012 -0.198645 -0.00851661 0.980034 96.6573
0.979583 -0.000563582 0.201039 60.2701 -0.000563582 0.999984 0.00554942 -0.318827 -0.201039 -0.00554942 0.979568 97.2119
0.978827 9.40027e-006 0.204689 60.3957 9.40027e-006 1 -9.08771e-005 -0.314774 -0.204689 9.08771e-005 0.978827 97.7477
0.977685 0.000536466 0.210076 60.5025 0.000536466 0.999987 -0.00505032 -0.310627 -0.210076 0.00505032 0.977672 98.2932
0.976959 0.000509269 0.213428 60.6201 0.000509269 0.999989 -0.00471727 -0.334935 -0.213428 0.00471727 0.976947 98.8008
0.975689 0.000180405 0.219157 60.7298 0.000180405 0.999999 -0.00162634 -0.331532 -0.219157 0.00162634 0.975688 99.3354
0.974597 -0.000387334 0.223967 60.8621 -0.000387334 0.999994 0.00341491 -0.336173 -0.223967 -0.00341491 0.974591 99.9093
0.97376 -0.00115018 0.227574 61.0129 -0.00115018 0.99995 0.0099753 -0.339617 -0.227574 -0.0099753 0.97371 100.544
0.972835 -0.00175243 0.231493 61.1412 -0.00175243 0.999887 0.0149337 -0.338397 -0.231493 -0.0149337 0.972722 101.111
0.972425 -0.00202265 0.233209 61.3041 -0.00202265 0.999852 0.0171058 -0.336241 -0.233209 -0.0171058 0.972276 101.738
0.971985 -0.00166961 0.235038 61.4726 -0.00166961 0.9999 0.0140074 -0.321403 -0.235038 -0.0140074 0.971885 102.443
0.972274 -0.000980339 0.233843 61.6306 -0.000980339 0.999965 0.00826822 -0.328311 -0.233843 -0.00826822 0.972239 103.08
0.972536 -0.00018989 0.232751 61.8078 -0.00018989 0.999999 0.00160929 -0.326066 -0.232751 -0.00160929 0.972535 103.806
0.973035 0.000333343 0.230658 61.9436 0.000333343 0.999996 -0.00285139 -0.327057 -0.230658 0.00285139 0.973031 104.451
0.973687 -0.0001985 0.22789 62.1025 -0.0001985 0.999999 0.00171915 -0.329133 -0.22789 -0.00171915 0.973685 105.129
0.974033 -0.00105281 0.226403 62.2478 -0.00105281 0.999957 0.00917941 -0.321072 -0.226403 -0.00917941 0.97399 105.737
0.974654 -0.00162993 0.22371 62.4055 -0.00162993 0.999895 0.0143864 -0.324391 -0.22371 -0.0143864 0.974549 106.475
0.975245 -0.00151849 0.221122 62.5735 -0.00151849 0.999907 0.0135638 -0.325241 -0.221122 -0.0135638 0.975152 107.196
0.975621 -0.000830492 0.219461 62.7311 -0.000830492 0.999972 0.00747611 -0.318741 -0.219461 -0.00747611 0.975593 107.978
0.976568 -0.00029726 0.215208 62.8934 -0.00029726 0.999996 0.00273016 -0.325406 -0.215208 -0.00273016 0.976564 108.752
0.977378 4.01887e-005 0.211502 63.0531 4.01887e-005 1 -0.000375732 -0.31829 -0.211502 0.000375732 0.977377 109.478
0.978225 -0.000200982 0.207547 63.208 -0.000200982 0.999998 0.00191565 -0.330827 -0.207547 -0.00191565 0.978223 110.226
0.978889 -0.000449053 0.204391 63.3534 -0.000449053 0.99999 0.00434765 -0.331838 -0.204391 -0.00434765 0.97888 110.977
0.979106 -0.000704064 0.203347 63.494 -0.000704064 0.999976 0.00685233 -0.338673 -0.203347 -0.00685233 0.979083 111.727
0.979738 -0.00101662 0.200282 63.6827 -0.00101662 0.999949 0.0100488 -0.334911 -0.200282 -0.0100488 0.979687 112.436
0.979749 -0.0012321 0.200226 63.8391 -0.0012321 0.999925 0.012182 -0.336817 -0.200226 -0.012182 0.979674 113.243
0.980184 -0.00141998 0.198085 64.0132 -0.00141998 0.999898 0.0141943 -0.34201 -0.198085 -0.0141943 0.980082 114.011
0.979568 -0.00101944 0.201113 64.1245 -0.00101944 0.999949 0.0100342 -0.323132 -0.201113 -0.0100342 0.979517 114.825
0.979646 -0.000618505 0.200731 64.2887 -0.000618505 0.999981 0.00609976 -0.325571 -0.200731 -0.00609976 0.979627 115.598
0.979251 -0.000244249 0.202652 64.425 -0.000244249 0.999997 0.00238552 -0.322897 -0.202652 -0.00238552 0.979248 116.399
0.978775 -0.000229173 0.204939 64.5809 -0.000229173 0.999998 0.00221277 -0.331425 -0.204939 -0.00221277 0.978772 117.157
0.977897 -0.000293206 0.209087 64.7356 -0.000293206 0.999996 0.00277363 -0.330986 -0.209087 -0.00277363 0.977893 118.015
0.977726 -0.000272688 0.209883 64.9329 -0.000272688 0.999997 0.00256953 -0.343466 -0.209883 -0.00256953 0.977723 118.817
0.976846 6.22381e-005 0.213944 65.0961 6.22381e-005 1 -0.000575081 -0.344233 -0.213944 0.000575081 0.976846 119.735
0.976857 -0.000285121 0.213895 65.2903 -0.000285121 0.999996 0.00263514 -0.357792 -0.213895 -0.00263514 0.976853 120.507
0.976306 -0.000127993 0.216396 65.4517 -0.000127993 0.999999 0.00116894 -0.349646 -0.216396 -0.00116894 0.976305 121.377
0.975232 0.000142874 0.221183 65.5741 0.000142874 0.999999 -0.00127591 -0.354973 -0.221183 0.00127591 0.975232 122.116
0.975237 -0.000243904 0.221163 65.7888 -0.000243904 0.999998 0.00217834 -0.363279 -0.221163 -0.00217834 0.975234 122.988
0.974816 -0.000725745 0.223008 65.9526 -0.000725745 0.999979 0.00642665 -0.368747 -0.223008 -0.00642665 0.974795 123.792
0.974852 -0.00114329 0.222851 66.1605 -0.00114329 0.999948 0.0101313 -0.37322 -0.222851 -0.0101313 0.9748 124.669
0.974082 -0.000406705 0.226196 66.3159 -0.000406705 0.999994 0.00354942 -0.378064 -0.226196 -0.00354942 0.974075 125.518
0.974277 0.00092408 0.22535 66.5497 0.00092408 0.999967 -0.00809566 -0.39715 -0.22535 0.00809566 0.974244 126.42
0.974157 0.00188193 0.225865 66.7278 0.00188193 0.999863 -0.0164477 -0.421277 -0.225865 0.0164477 0.97402 127.201
0.974398 0.000815889 0.224829 66.9034 0.000815889 0.999974 -0.00716485 -0.432922 -0.224829 0.00716485 0.974372 127.955
0.974743 -0.00153456 0.223324 67.0743 -0.00153456 0.999907 0.0135687 -0.438135 -0.223324 -0.0135687 0.97465 128.702
0.97486 -0.00316989 0.222795 67.2427 -0.00316989 0.9996 0.0280922 -0.433337 -0.222795 -0.0280922 0.97446 129.522
0.974893 -0.0024252 0.222659 67.4239 -0.0024252 0.999766 0.021508 -0.426589 -0.222659 -0.021508 0.974659 130.38
0.975145 -0.000528745 0.221565 67.5967 -0.000528745 0.999989 0.00471347 -0.426497 -0.221565 -0.00471347 0.975134 131.27
0.975098 0.000317218 0.221772 67.7782 0.000317218 0.999996 -0.00282513 -0.440296 -0.221772 0.00282513 0.975094 132.129
0.975418 0.000384843 0.220362 67.9774 0.000384843 0.999994 -0.00344988 -0.436694 -0.220362 0.00344988 0.975412 132.928
0.975453 0.000274543 0.220209 68.1379 0.000274543 0.999997 -0.00246287 -0.458164 -0.220209 0.00246287 0.97545 133.824
0.97607 0.000366774 0.217455 68.3156 0.000366774 0.999994 -0.00333296 -0.473258 -0.217455 0.00333296 0.976065 134.639
0.977215 0.000577674 0.212253 68.5015 0.000577674 0.999985 -0.00538121 -0.482632 -0.212253 0.00538121 0.9772 135.502
0.977552 0.000706705 0.210695 68.6369 0.000706705 0.999978 -0.00663294 -0.509557 -0.210695 0.00663294 0.977529 136.316
0.978029 0.000932193 0.208469 68.8074 0.000932193 0.99996 -0.00884482 -0.515654 -0.208469 0.00884482 0.977989 137.168
0.978133 0.000580902 0.207979 68.9395 0.000580902 0.999985 -0.00552504 -0.553532 -0.207979 0.00552504 0.978118 137.918
0.978572 0.000155416 0.205906 69.1459 0.000155416 0.999999 -0.00149341 -0.552926 -0.205906 0.00149341 0.978571 138.831
0.979118 3.01176e-005 0.203291 69.3169 3.01176e-005 1 -0.000293207 -0.570452 -0.203291 0.000293207 0.979118 139.618
0.97948 0.000394554 0.20154 69.4827 0.000394554 0.999992 -0.0038752 -0.571303 -0.20154 0.0038752 0.979473 140.513
0.980503 0.00060621 0.196502 69.6557 0.00060621 0.999981 -0.00610982 -0.588932 -0.196502 0.00610982 0.980484 141.323
0.981651 0.000695373 0.190683 69.7825 0.000695373 0.999974 -0.00722649 -0.598883 -0.190683 0.00722649 0.981625 142.067
0.982989 9.79612e-005 0.183666 69.9033 9.79612e-005 0.999999 -0.00105766 -0.614645 -0.183666 0.00105766 0.982988 142.777
0.983969 -0.000640642 0.178337 70.0227 -0.000640642 0.999974 0.00712695 -0.628462 -0.178337 -0.00712695 0.983944 143.546
0.984606 -0.00143532 0.17478 70.1344 -0.00143532 0.999866 0.0162968 -0.622898 -0.17478 -0.0162968 0.984473 144.277
0.985428 -0.00147773 0.170086 70.2773 -0.00147773 0.99985 0.0172483 -0.613984 -0.170086 -0.0172483 0.985278 145.098
0.986042 -0.0010112 0.166494 70.3818 -0.0010112 0.999927 0.0120618 -0.617049 -0.166494 -0.0120618 0.985969 145.917
0.987225 -0.000165393 0.159334 70.5098 -0.000165393 0.999998 0.0020628 -0.62558 -0.159334 -0.0020628 0.987223 146.738
0.988171 0.000181522 0.153358 70.6289 0.000181522 0.999997 -0.00235328 -0.637913 -0.153358 0.00235328 0.988168 147.527
0.989064 0.000144459 0.147486 70.7184 0.000144459 0.999998 -0.00194824 -0.639746 -0.147486 0.00194824 0.989062 148.275
0.990212 -4.17231e-005 0.139572 70.8132 -4.17231e-005 1 0.000594947 -0.65565 -0.139572 -0.000594947 0.990212 149.029
0.991178 0.000160008 0.13254 70.8801 0.000160008 0.999997 -0.00240382 -0.657665 -0.13254 0.00240382 0.991175 149.807
0.992502 0.000518883 0.122228 70.9673 0.000518883 0.999964 -0.00845842 -0.674861 -0.122228 0.00845842 0.992466 150.57
0.993425 0.000630958 0.114483 71.0262 0.000630958 0.999939 -0.0109862 -0.688788 -0.114483 0.0109862 0.993364 151.288
0.994348 0.000454082 0.10617 71.0996 0.000454082 0.999964 -0.00852956 -0.699442 -0.10617 0.00852956 0.994311 152.033
0.995124 0.000101988 0.0986281 71.1531 0.000101988 0.999998 -0.00206308 -0.713825 -0.0986281 0.00206308 0.995122 152.783
0.995931 -0.000137193 0.0901187 71.2088 -0.000137193 0.999995 0.00303851 -0.721154 -0.0901187 -0.00303851 0.995926 153.569
0.996549 -0.00025274 0.0830067 71.257 -0.00025274 0.999981 0.00607906 -0.727848 -0.0830067 -0.00607906 0.99653 154.381
0.997099 -0.000302491 0.0761109 71.3205 -0.000302491 0.999968 0.00793703 -0.733527 -0.0761109 -0.00793703 0.997068 155.22
0.997361 -0.000228313 0.0725988 71.3574 -0.000228313 0.99998 0.00628137 -0.742344 -0.0725988 -0.00628137 0.997341 156.052
0.997718 -1.93429e-005 0.0675117 71.4107 -1.93429e-005 1 0.000572372 -0.754972 -0.0675117 -0.000572372 0.997718 156.875
0.997916 0.000217654 0.0645198 71.4343 0.000217654 0.999977 -0.00673978 -0.765185 -0.0645198 0.00673978 0.997894 157.705
0.998093 0.000290967 0.0617236 71.47 0.000290967 0.999956 -0.00941887 -0.777988 -0.0617236 0.00941887 0.998049 158.512
0.998297 0.000114368 0.0583445 71.506 0.000114368 0.999992 -0.00391708 -0.784602 -0.0583445 0.00391708 0.998289 159.287
0.998436 -0.000177442 0.0559123 71.547 -0.000177442 0.99998 0.00634211 -0.792297 -0.0559123 -0.00634211 0.998416 160.11
0.998629 -0.00034686 0.0523408 71.5787 -0.00034686 0.999912 0.0132442 -0.793482 -0.0523408 -0.0132442 0.998541 160.935
0.998452 -0.00026066 0.0556115 71.4452 -0.00026066 0.999956 0.00936687 -0.890311 -0.0556115 -0.00936687 0.998409 161.809
0.998929 2.97175e-006 0.046262 71.5759 2.97175e-006 1 -0.000128406 -0.848151 -0.046262 0.000128406 0.998929 162.632
0.99917 0.000108215 0.0407266 71.5861 0.000108215 0.999986 -0.005312 -0.880123 -0.0407266 0.005312 0.999156 163.534
0.999463 6.49445e-005 0.0327702 71.6115 6.49445e-005 0.999992 -0.00396255 -0.880405 -0.0327702 0.00396255 0.999455 164.344
0.999674 -2.5348e-005 0.0255129 71.6211 -2.5348e-005 0.999998 0.00198675 -0.898584 -0.0255129 -0.00198675 0.999673 165.148
0.999848 -4.02638e-005 0.017431 71.6446 -4.02638e-005 0.999989 0.00461941 -0.883948 -0.017431 -0.00461941 0.999837 165.987
0.999932 -5.20559e-005 0.0116688 71.6612 -5.20559e-005 0.99996 0.00892178 -0.897744 -0.0116688 -0.00892178 0.999892 166.805
0.999984 -2.31482e-005 0.00571532 71.6541 -2.31482e-005 0.999967 0.00810019 -0.886327 -0.00571532 -0.00810019 0.999951 167.692
1 5.85163e-007 -0.000778302 71.6567 5.85163e-007 0.999999 0.00150369 -0.910519 0.000778302 -0.00150369 0.999999 168.529
0.99997 -3.46463e-005 -0.00776025 71.6449 -3.46463e-005 0.99996 -0.00892885 -0.92241 0.00776025 0.00892885 0.99993 169.425
0.999905 -9.03402e-005 -0.0138019 71.6373 -9.03402e-005 0.999914 -0.0130898 -0.938138 0.0138019 0.0130898 0.999819 170.242
0.999785 -5.9058e-005 -0.020748 71.6295 -5.9058e-005 0.999984 -0.00569222 -0.957891 0.020748 0.00569222 0.999769 171.038
0.999666 9.9635e-005 -0.0258274 71.578 9.9635e-005 0.99997 0.00771406 -0.955801 0.0258274 -0.00771406 0.999637 171.809
0.99954 0.000236162 -0.0303229 71.5385 0.000236162 0.999879 0.015572 -0.960575 0.0303229 -0.015572 0.999419 172.643
0.999411 0.000213831 -0.0343302 71.5109 0.000213831 0.999922 0.0124531 -0.959589 0.0343302 -0.0124531 0.999333 173.408
0.999351 2.83923e-005 -0.0360333 71.4616 2.83923e-005 0.999999 0.00157538 -0.968112 0.0360333 -0.00157538 0.999349 174.358
0.999261 -0.000139807 -0.0384485 71.4057 -0.000139807 0.999974 -0.00726962 -0.980571 0.0384485 0.00726962 0.999234 175.148
0.999186 -0.000220112 -0.0403495 71.3586 -0.000220112 0.999941 -0.0109055 -0.998492 0.0403495 0.0109055 0.999126 176.038
0.999078 -0.000142116 -0.0429333 71.336 -0.000142116 0.999978 -0.00661719 -1.00943 0.0429333 0.00661719 0.999056 176.804
0.999069 5.03392e-005 -0.0431463 71.2984 5.03392e-005 0.999997 0.00233233 -1.01969 0.0431463 -0.00233233 0.999066 177.601
0.999061 0.000166025 -0.0433262 71.2567 0.000166025 0.999971 0.00766024 -1.01978 0.0433262 -0.00766024 0.999032 178.484
0.998999 0.000151269 -0.0447267 71.2106 0.000151269 0.999977 0.00676069 -1.02658 0.0447267 -0.00676069 0.998976 179.356
0.998911 -5.96628e-005 -0.0466558 71.1666 -5.96628e-005 0.999997 -0.00255617 -1.04069 0.0466558 0.00255617 0.998908 180.233
0.998814 -0.000356652 -0.0486879 71.1367 -0.000356652 0.999893 -0.0146411 -1.06246 0.0486879 0.0146411 0.998707 181.106
0.998637 -0.000495224 -0.052199 71.1275 -0.000495224 0.99982 -0.0189598 -1.08605 0.052199 0.0189598 0.998457 181.88
0.99858 -0.000406715 -0.0532805 71.0725 -0.000406715 0.999884 -0.0152552 -1.09577 0.0532805 0.0152552 0.998463 182.72
0.998509 -9.9997e-005 -0.0545858 71.0278 -9.9997e-005 0.999993 -0.0036611 -1.11828 0.0545858 0.0036611 0.998502 183.442
0.998403 -1.39518e-005 -0.0564933 70.9748 -1.39518e-005 1 -0.000493533 -1.1288 0.0564933 0.000493533 0.998403 184.34
