0.999997 -0.00225502 -0.00085052 -0.0332714 0.00225337 0.999996 -0.00193479 -0.0106501 0.000854879 0.00193287 0.999998 0.665833
0.999962 -0.00357039 -0.00800005 -0.0572275 0.00354158 0.999987 -0.00361221 -0.011952 0.00801285 0.00358374 0.999961 1.32848
0.999968 -0.00109617 -0.00797551 -0.0769779 0.00106728 0.999993 -0.00362588 -0.0319882 0.00797943 0.00361725 0.999962 2.0048
0.999908 0.00103062 -0.0134963 -0.119254 -0.00108803 0.99999 -0.00424703 -0.043654 0.0134918 0.00426132 0.9999 2.67849
0.999862 0.00151788 -0.0165271 -0.1084 -0.00159602 0.999988 -0.0047158 -0.0528439 0.0165197 0.00474153 0.999852 3.50978
0.99982 0.00198928 -0.0188934 -0.167487 -0.00209617 0.999982 -0.00563896 -0.0614891 0.0188818 0.00567755 0.999806 4.23242
0.999655 0.00922736 -0.02461 -0.179803 -0.00938767 0.999935 -0.0064064 -0.0723515 0.0245492 0.00663522 0.999677 5.04611
0.999558 0.00275781 -0.029611 -0.200193 -0.00289603 0.999985 -0.00462629 -0.0814034 0.0295978 0.00470999 0.999551 5.73918
0.999391 -0.0013544 -0.0348775 -0.208589 0.00124724 0.999994 -0.00309408 -0.0792643 0.0348815 0.0030487 0.999387 6.50176
0.999297 -0.00260153 -0.0373928 -0.252697 0.0026077 0.999997 0.000116215 -0.0887524 0.0373924 -0.000213642 0.999301 7.27382
0.999232 0.00108419 -0.039162 -0.28719 -0.00112014 0.999999 -0.000896059 -0.0923683 0.039161 0.000939238 0.999232 8.04669
0.99914 0.000230122 -0.0414743 -0.34285 -0.000263775 1 -0.000805947 -0.100951 0.0414741 0.000816194 0.999139 8.86562
0.999024 -0.00448669 -0.04394 -0.35826 0.00442587 0.999989 -0.0014813 -0.107753 0.0439461 0.00128538 0.999033 9.6559
0.999019 -0.0035717 -0.0441497 -0.389867 0.00355398 0.999994 -0.000479893 -0.121567 0.0441511 0.000322515 0.999025 10.4762
0.998931 -0.00511834 -0.0459326 -0.432783 0.00509354 0.999987 -0.000656967 -0.124868 0.0459353 0.000422306 0.998944 11.3245
0.99883 0.0037261 -0.0482102 -0.475295 -0.00383279 0.99999 -0.00212077 -0.139135 0.0482019 0.00230307 0.998835 12.1271
0.998818 0.00738693 -0.0480444 -0.543997 -0.00763813 0.999958 -0.00504683 -0.144172 0.0480051 0.00540783 0.998832 12.9042
0.998692 0.0036882 -0.0509948 -0.582775 -0.00402041 0.999971 -0.00641342 -0.152657 0.0509697 0.00661005 0.998678 13.7151
0.998651 0.00163608 -0.0519072 -0.617315 -0.0019747 0.999977 -0.00647304 -0.162394 0.0518954 0.00656681 0.998631 14.5367
0.998601 0.00192681 -0.0528489 -0.631109 -0.00215517 0.999989 -0.00426426 -0.179721 0.0528401 0.00437219 0.998593 15.2933
0.998455 0.00419322 -0.055404 -0.671271 -0.00433238 0.999988 -0.00239196 -0.193981 0.0553933 0.0026283 0.998461 16.1135
0.998501 0.000513681 -0.0547244 -0.72378 -0.000682872 0.999995 -0.00307304 -0.209015 0.0547225 0.00310581 0.998497 16.963
0.998294 0.00109197 -0.0583794 -0.760575 -0.00126911 0.999995 -0.00299734 -0.22367 0.0583758 0.00306631 0.99829 17.7999
0.998405 0.00391035 -0.0563234 -0.806004 -0.00418758 0.99998 -0.00480494 -0.238042 0.0563035 0.00503314 0.998401 18.5661
0.998101 0.00178788 -0.061573 -0.813479 -0.00186497 0.999998 -0.00119454 -0.255244 0.0615707 0.0013071 0.998102 19.3847
0.998287 -0.00103517 -0.0584968 -0.897069 0.00106894 0.999999 0.000545966 -0.256653 0.0584962 -0.00060756 0.998287 20.2598
0.998271 0.00502897 -0.0585613 -0.913694 -0.00471842 0.999974 0.00544002 -0.278807 0.0585872 -0.0051543 0.998269 21.0798
0.998351 0.003695 -0.0572886 -0.96552 -0.00325409 0.999964 0.00778771 -0.280479 0.0573154 -0.00758845 0.998327 21.941
0.998484 -0.00195912 -0.0549992 -1.0097 0.00242803 0.999961 0.00846024 -0.281408 0.0549805 -0.00858095 0.998451 22.9009
0.998587 0.00335616 -0.0530415 -1.02745 -0.00304582 0.999978 0.00593059 -0.291919 0.0530602 -0.00576065 0.998575 23.7469
0.998529 0.00444472 -0.0540404 -1.12364 -0.0043814 0.99999 0.00129012 -0.293318 0.0540456 -0.00105145 0.998538 24.7245
0.998662 0.000695054 -0.0517012 -1.18209 -0.000816474 0.999997 -0.00232742 -0.295363 0.0516995 0.00236652 0.99866 25.6495
0.998576 -0.00397956 -0.0532038 -1.20551 0.00392464 0.999992 -0.00113666 -0.315687 0.0532079 0.000926239 0.998583 26.5334
0.998683 -0.00520938 -0.051031 -1.26809 0.00538491 0.99998 0.00330288 -0.315038 0.0510128 -0.00357333 0.998692 27.4836
0.998539 -0.00677895 -0.0536084 -1.30888 0.00715382 0.999951 0.00680399 -0.328414 0.0535596 -0.00717756 0.998539 28.3783
0.99849 -0.0120065 -0.0536006 -1.36115 0.0123214 0.999909 0.00554914 -0.330272 0.053529 -0.0062012 0.998547 29.332
0.997734 -0.00515975 -0.067085 -1.25848 0.00541261 0.999979 0.00358801 -0.304079 0.0670651 -0.00394299 0.997741 30.158
0.998431 -0.000828643 -0.055997 -1.39627 0.000725104 0.999998 -0.0018693 -0.330863 0.0559984 0.00182577 0.998429 31.1412
0.997845 0.00170632 -0.0655927 -1.40786 -0.0018388 0.999996 -0.00195949 -0.33217 0.0655891 0.00207588 0.997845 31.9856
0.998089 0.00186713 -0.0617674 -1.50715 -0.00189394 0.999998 -0.000375479 -0.34367 0.0617666 0.000491745 0.998091 32.861
0.997989 0.00531044 -0.0631691 -1.56349 -0.005174 0.999984 0.00232338 -0.355179 0.0631804 -0.00199187 0.998 33.7429
0.99788 0.0029506 -0.0650086 -1.64084 -0.00274754 0.999991 0.00321282 -0.358243 0.0650175 -0.0030274 0.99788 34.6655
0.997885 0.00117727 -0.0649995 -1.71514 -0.000745716 0.999978 0.00666325 -0.369101 0.0650059 -0.00660069 0.997863 35.5996
0.997916 -0.000998299 -0.0645133 -1.78043 0.00162061 0.999953 0.00959456 -0.372402 0.0645007 -0.00967912 0.997871 36.5267
0.997935 0.00725781 -0.0638255 -1.85943 -0.00649435 0.999905 0.0121609 -0.375106 0.0639077 -0.0117213 0.997887 37.5054
0.997861 0.00687751 -0.065014 -1.94566 -0.00613942 0.999914 0.0115457 -0.382692 0.0650878 -0.0111218 0.997818 38.453
0.997842 0.000852161 -0.0656576 -1.99014 -0.000224553 0.999954 0.00956559 -0.383727 0.0656628 -0.0095302 0.997796 39.4909
0.997943 0.00189734 -0.0640827 -2.06916 -0.00137849 0.999966 0.00813983 -0.388796 0.064096 -0.00803475 0.997911 40.5
0.997672 -0.000287681 -0.0681989 -2.1285 0.000792026 0.999973 0.00736828 -0.389637 0.0681949 -0.00740514 0.997645 41.5137
0.997722 -0.00149484 -0.0674409 -2.18381 0.00209151 0.999959 0.00877747 -0.39671 0.067425 -0.00889853 0.997685 42.4866
0.997401 -0.00390093 -0.0719431 -2.23935 0.0045766 0.999947 0.00922922 -0.399808 0.0719033 -0.00953449 0.997366 43.4475
0.997439 0.0010503 -0.0715148 -2.33074 -0.000614038 0.999981 0.00612203 -0.401685 0.0715198 -0.00606244 0.997421 44.4266
0.997286 0.0027604 -0.0735799 -2.40558 -0.0026146 0.999994 0.00207776 -0.405616 0.0735852 -0.00187974 0.997287 45.3756
0.997352 0.00320949 -0.0726602 -2.48844 -0.00312669 0.999994 0.0012533 -0.415799 0.0726638 -0.00102279 0.997356 46.3555
0.997296 0.000623497 -0.0734876 -2.5384 -0.000299029 0.99999 0.0044262 -0.42874 0.0734896 -0.00439225 0.997286 47.2142
0.997255 -0.00514876 -0.0738704 -2.60956 0.00566431 0.999961 0.0067713 -0.429395 0.0738326 -0.00717114 0.997245 48.081
0.997194 -0.0017878 -0.0748374 -2.65863 0.00238936 0.999966 0.00794958 -0.447878 0.0748206 -0.00810608 0.997164 49.0108
0.997318 -0.00344392 -0.0731111 -2.74159 0.00391474 0.999973 0.00629751 -0.459084 0.0730874 -0.00656683 0.997304 49.9027
0.997296 -0.00226784 -0.0734525 -2.81026 0.00267964 0.999981 0.00550829 -0.474368 0.0734387 -0.00569022 0.997284 50.8188
0.997088 -0.00407738 -0.0761518 -2.87251 0.00454453 0.999972 0.00596217 -0.475676 0.0761253 -0.00629088 0.997078 51.6996
0.997202 0.00290202 -0.0747033 -2.93763 -0.00209019 0.999938 0.0109433 -0.498525 0.0747304 -0.0107566 0.997146 52.5768
0.997239 0.000763719 -0.0742548 -3.00285 0.000375177 0.999883 0.0153225 -0.502782 0.0742577 -0.0153081 0.997122 53.4786
0.997082 -0.00288056 -0.0762894 -3.06226 0.0041852 0.999848 0.0169468 -0.503751 0.076229 -0.0172166 0.996942 54.4454
0.996936 0.00456303 -0.078085 -3.1484 -0.00354303 0.999907 0.0131962 -0.504304 0.078138 -0.0128791 0.996859 55.4115
0.996869 0.00360944 -0.0789897 -3.23411 -0.00318013 0.999979 0.00556024 -0.513445 0.0790082 -0.00529163 0.99686 56.3809
0.996829 0.00538954 -0.0793874 -3.32175 -0.00534152 0.999985 0.000817236 -0.518024 0.0793906 -0.000390596 0.996844 57.3063
0.996645 0.00512285 -0.0816853 -3.38699 -0.00496631 0.999985 0.00211944 -0.525587 0.0816949 -0.00170665 0.996656 58.1717
0.996714 0.00908124 -0.0804939 -3.497 -0.0087119 0.99995 0.00493843 -0.537781 0.0805347 -0.00422095 0.996743 59.0763
0.996585 0.00580512 -0.0823639 -3.55562 -0.00530005 0.999966 0.00634946 -0.550327 0.0823979 -0.00589125 0.996582 59.9382
0.99643 0.00067182 -0.0844228 -3.63662 -0.000124128 0.999979 0.00649258 -0.558433 0.0844254 -0.00645892 0.996409 60.7625
0.996523 0.00525345 -0.0831472 -3.7478 -0.00472622 0.999967 0.00653648 -0.564266 0.0831788 -0.00612078 0.996516 61.6462
0.996202 0.002034 -0.0870465 -3.8051 -0.00137807 0.99997 0.0075948 -0.569483 0.0870594 -0.007446 0.996175 62.4652
0.996125 0.000751695 -0.0879445 -3.89278 -2.53484e-005 0.999966 0.00825998 -0.580831 0.0879477 -0.00822574 0.996091 63.3206
0.995949 0.000509178 -0.0899182 -3.96209 0.000375404 0.999952 0.00982044 -0.591857 0.0899189 -0.00981441 0.995901 64.1215
0.99569 -0.00157321 -0.092732 -4.02919 0.00266489 0.999929 0.0116498 -0.593534 0.092707 -0.0118467 0.995623 64.9231
0.995822 0.0056671 -0.0911447 -4.12748 -0.00411912 0.999844 0.0171629 -0.602461 0.0912278 -0.0167157 0.99569 65.7443
0.995417 0.00206819 -0.0956111 -4.20956 -0.000403035 0.999848 0.017432 -0.589629 0.0956326 -0.0173136 0.995266 66.5601
0.995586 0.00637052 -0.0936373 -4.33881 -0.00506088 0.999886 0.0142171 -0.591936 0.0937172 -0.0136805 0.995505 67.3822
0.995276 0.00436204 -0.0969849 -4.38726 -0.00366924 0.999966 0.00732053 -0.60731 0.0970136 -0.00693009 0.995259 68.132
0.99543 0.000150149 -0.0954986 -4.49977 -4.81187e-005 0.999999 0.0010707 -0.603947 0.0954987 -0.00106121 0.995429 68.9052
0.994535 -0.00407954 -0.104326 -4.40172 0.00386454 0.99999 -0.00226288 -0.575906 0.104334 0.00184734 0.994541 69.5411
0.99536 0.00373355 -0.0961455 -4.64024 -0.00340622 0.999988 0.0035684 -0.617852 0.0961577 -0.00322435 0.995361 70.2569
0.994322 0.00161551 -0.106398 -4.62497 -0.00130413 0.999995 0.00299609 -0.615953 0.106403 -0.00284032 0.994319 70.9234
0.995343 -0.00236338 -0.0963632 -4.76545 0.00251002 0.999996 0.00140057 -0.627921 0.0963594 -0.00163592 0.995345 71.6024
0.994542 -0.0133551 -0.103475 -4.74308 0.0129105 0.999904 -0.00496526 -0.644101 0.103532 0.00360225 0.99462 72.2532
0.995034 -0.0111429 -0.0989146 -4.80978 0.0102618 0.999903 -0.00941141 -0.65237 0.0990099 0.00834962 0.995051 72.8568
0.995021 -0.00192577 -0.0996475 -4.86248 0.000895035 0.999946 -0.0103875 -0.661648 0.099662 0.0102466 0.994969 73.4619
0.995342 0.00605878 -0.0962176 -4.90137 -0.00676353 0.999953 -0.00700009 -0.674341 0.0961706 0.00761825 0.995336 74.013
0.995867 0.00186462 -0.0908089 -4.97074 -0.0022427 0.999989 -0.00406168 -0.67268 0.0908003 0.00424855 0.99586 74.5174
0.996268 -0.0073369 -0.086002 -5.02172 0.0073394 0.999973 -0.00028719 -0.686742 0.0860018 -0.000345084 0.996295 75.0543
0.996934 -0.00952391 -0.0776696 -5.04236 0.00976507 0.999949 0.00272574 -0.701965 0.0776396 -0.00347583 0.996975 75.6126
0.997856 -0.00115992 -0.0654369 -5.08516 0.0013489 0.999995 0.00284385 -0.706263 0.0654333 -0.00292602 0.997853 76.08
0.998656 0.00876548 -0.0510896 -5.10659 -0.00863897 0.999959 0.00269665 -0.711702 0.0511112 -0.00225166 0.99869 76.6397
0.999432 0.00901302 -0.0324661 -5.12906 -0.00890744 0.999955 0.00339528 -0.715665 0.0324952 -0.00310416 0.999467 77.1481
0.999929 0.0024828 -0.0116539 -5.11575 -0.00243539 0.999989 0.00408083 -0.720036 0.0116639 -0.00405216 0.999924 77.6513
0.999875 -0.00595393 0.014631 -5.08019 0.00586857 0.999966 0.00587024 -0.732553 -0.0146654 -0.00578364 0.999876 78.1449
0.998981 -0.00306331 0.0450339 -5.04766 0.00273149 0.999969 0.00742772 -0.735624 -0.0450552 -0.00729714 0.998958 78.639
0.99714 -0.00302361 0.0755204 -4.96512 0.00228994 0.999949 0.00979962 -0.748713 -0.0755462 -0.00959865 0.997096 79.1312
0.99326 0.00140942 0.115902 -4.90438 -0.0025518 0.99995 0.0097086 -0.746942 -0.115883 -0.00993892 0.993213 79.6039
0.987717 -0.000804217 0.156252 -4.80726 -0.000902008 0.999941 0.0108485 -0.751455 -0.156252 -0.0108562 0.987658 80.0879
0.979137 0.001842 0.203195 -4.7077 -0.00407025 0.999936 0.0105487 -0.75468 -0.203163 -0.0111557 0.979081 80.5247
0.968117 -0.000164475 0.250498 -4.53799 -0.00226706 0.999953 0.00941824 -0.763166 -0.250488 -0.00968585 0.968071 80.974
0.952741 -0.000215448 0.303785 -4.36823 -0.00171167 0.99998 0.00607741 -0.766877 -0.30378 -0.00631018 0.952721 81.3985
0.932767 -0.00179342 0.360475 -4.17919 -0.000322485 0.999983 0.00580953 -0.772676 -0.360479 -0.00553519 0.932751 81.7968
0.909139 -0.00175134 0.416488 -3.95334 0.000208737 0.999993 0.00374933 -0.768204 -0.416492 -0.00332173 0.909133 82.1695
0.880035 -0.00126133 0.474907 -3.71111 -0.000267065 0.999995 0.00315083 -0.771943 -0.474908 -0.00289968 0.880031 82.5228
0.847766 -0.00446054 0.530352 -3.4507 0.00366388 0.99999 0.00255375 -0.773326 -0.530358 -0.000221834 0.847774 82.8479
0.811277 -0.00437494 0.584646 -3.17628 0.00289748 0.99999 0.00346232 -0.784291 -0.584655 -0.0011149 0.811281 83.1517
0.772779 -0.00381851 0.634664 -2.87733 0.00120229 0.999989 0.0045526 -0.783226 -0.634674 -0.0027551 0.772775 83.4328
0.729806 -0.00121418 0.683653 -2.56319 -0.00364468 0.999977 0.00566671 -0.782969 -0.683644 -0.0066273 0.729786 83.6982
0.685189 -0.00113462 0.728365 -2.25316 -0.00492569 0.999969 0.00619142 -0.789289 -0.728349 -0.00782999 0.685162 83.9251
0.639151 -0.00581515 0.76906 -1.91808 -0.000238453 0.99997 0.00775932 -0.791863 -0.769082 -0.00514276 0.63913 84.1445
0.59497 -0.0127513 0.803647 -1.56714 0.00507918 0.999914 0.0121051 -0.799062 -0.803732 -0.00312031 0.594984 84.322
0.547875 -0.00863364 0.836515 -1.21641 -6.55161e-005 0.999946 0.0103633 -0.805396 -0.83656 -0.00573261 0.547845 84.4988
0.500213 -0.00103016 0.865902 -0.844488 -0.00769194 0.999955 0.00563311 -0.809549 -0.865868 -0.00947822 0.500183 84.6755
0.454372 0.000119749 0.890812 -0.444457 -0.00642975 0.999974 0.00314517 -0.812811 -0.890789 -0.00715678 0.454361 84.843
0.41466 -0.0127225 0.909888 -0.0847174 0.00222066 0.999913 0.0129693 -0.816505 -0.909974 -0.0033573 0.414652 84.9448
0.374547 -0.0253882 0.92686 0.30168 0.00539373 0.999668 0.0252028 -0.810195 -0.927192 -0.00444041 0.374559 85.044
0.34047 -0.0278548 0.939843 0.693707 -0.00482222 0.999496 0.0313697 -0.807949 -0.940243 -0.0152126 0.340164 85.1399
0.306625 -0.0185 0.951651 1.10353 -0.0171234 0.999542 0.0249482 -0.805097 -0.951676 -0.0239452 0.306168 85.2477
0.275127 -0.00702715 0.961382 1.52517 -0.0185848 0.999748 0.0126261 -0.804162 -0.961228 -0.0213409 0.274927 85.3694
0.248048 -0.00442954 0.968738 1.94115 -0.0156173 0.999841 0.00857062 -0.809834 -0.968622 -0.017255 0.247939 85.4611
0.222093 -0.00617561 0.975006 2.35014 -0.00659979 0.999948 0.00783693 -0.819157 -0.975003 -0.00817536 0.22204 85.5318
0.199395 -0.0149315 0.979805 2.75088 -0.000250485 0.999883 0.0152885 -0.823651 -0.979919 -0.00329387 0.199368 85.5865
0.17887 -0.0202272 0.983665 3.153 0.0064544 0.999791 0.0193852 -0.810472 -0.983852 0.00288154 0.178963 85.6317
0.159316 -0.0207887 0.987009 3.58496 0.00469911 0.999783 0.0202992 -0.795007 -0.987216 0.00140407 0.159379 85.6841
0.142375 -0.0163171 0.989678 3.98919 -0.00918469 0.999799 0.0178053 -0.788376 -0.98977 -0.0116249 0.142197 85.739
0.126986 -0.0122201 0.991829 4.39762 -0.0228615 0.999622 0.0152431 -0.788949 -0.991641 -0.0246104 0.126659 85.7882
0.112436 -0.0129757 0.993574 4.82487 -0.0237267 0.999595 0.0157394 -0.785013 -0.993376 -0.0253439 0.112082 85.8298
0.099294 -0.0166061 0.99492 5.27108 -0.0191166 0.999644 0.0185929 -0.783614 -0.994874 -0.0208656 0.0989412 85.8615
0.087566 -0.0203414 0.995951 5.73996 -0.016276 0.999629 0.0218475 -0.781002 -0.996026 -0.0181232 0.0872025 85.8963
0.0773671 -0.0226841 0.996745 6.20478 -0.0158298 0.999587 0.0239775 -0.776632 -0.996877 -0.0176333 0.0769761 85.9222
0.0695051 -0.0247157 0.997275 6.69745 -0.0177733 0.999504 0.0260096 -0.769471 -0.997423 -0.0195326 0.0690313 85.9559
0.0644438 -0.0263721 0.997573 7.22387 -0.0210876 0.999392 0.0277824 -0.758843 -0.997699 -0.0228268 0.0638485 85.9887
0.0576281 -0.0255296 0.998012 7.74134 -0.0223412 0.99939 0.0268549 -0.748911 -0.998088 -0.0238444 0.0570225 86.0241
0.0514998 -0.0275729 0.998292 8.2925 -0.0240111 0.999296 0.0288393 -0.735211 -0.998384 -0.0254553 0.0508015 86.0449
0.046104 -0.0267788 0.998578 8.81266 -0.0249247 0.999299 0.0279489 -0.736293 -0.998626 -0.0261778 0.0454042 86.0915
0.0456005 -0.0320206 0.998446 9.43944 -0.0263187 0.999101 0.0332436 -0.714103 -0.998613 -0.0277937 0.0447167 86.0974
0.0406022 -0.0295096 0.99874 10.0208 -0.0267195 0.999174 0.0306087 -0.706738 -0.998818 -0.0279286 0.0397802 86.1264
0.0388057 -0.0345438 0.99865 10.647 -0.0305308 0.998895 0.0357386 -0.688296 -0.99878 -0.0318764 0.0377082 86.1348
0.0382098 -0.034166 0.998685 11.269 -0.0298264 0.998931 0.0353156 -0.670905 -0.998825 -0.0311366 0.0371499 86.1524
0.0393679 -0.0417607 0.998352 11.9107 -0.0367174 0.998391 0.0432102 -0.65117 -0.99855 -0.038358 0.0377712 86.1738
0.0419816 -0.0413006 0.998264 12.582 -0.0369719 0.998397 0.0428609 -0.621672 -0.998434 -0.0387071 0.0403873 86.2057
0.0445572 -0.0420316 0.998122 13.1959 -0.0415341 0.998173 0.0438879 -0.619268 -0.998143 -0.0434116 0.04273 86.2452
0.0512636 -0.0439151 0.997719 13.8786 -0.0410378 0.998096 0.0460402 -0.583373 -0.997842 -0.0433044 0.0493638 86.251
0.0540769 -0.0439969 0.997567 14.5543 -0.0452371 0.997895 0.0464636 -0.556277 -0.997512 -0.0476397 0.0519728 86.3054
0.0600228 -0.0459392 0.997139 15.2452 -0.0479113 0.997656 0.048847 -0.524948 -0.997047 -0.0507062 0.0576811 86.3463
0.063448 -0.0436237 0.997031 15.9173 -0.0469553 0.997807 0.0466457 -0.473804 -0.99688 -0.0497755 0.0612605 86.3856
0.0670282 -0.041612 0.996883 16.6541 -0.0478404 0.997847 0.044869 -0.449925 -0.996603 -0.0506988 0.0648931 86.4394
0.0704371 -0.0393034 0.996742 17.3819 -0.0432797 0.998162 0.0424179 -0.419394 -0.996577 -0.0461265 0.0686066 86.5046
0.0748155 -0.0381315 0.996468 18.1704 -0.0375584 0.998452 0.0410274 -0.401172 -0.99649 -0.0404953 0.0732675 86.5537
0.073855 -0.0299961 0.996818 18.906 -0.0301036 0.999025 0.0322929 -0.371774 -0.996815 -0.0323928 0.07288 86.635
0.0762618 -0.028752 0.996673 19.6731 -0.0294427 0.999083 0.0310743 -0.351061 -0.996653 -0.0317145 0.0753453 86.6843
0.0759655 -0.0287638 0.996695 20.4379 -0.0285454 0.999111 0.0310091 -0.342456 -0.996702 -0.0308067 0.0750769 86.7488
0.0758415 -0.0235961 0.996841 21.2044 -0.0312144 0.999174 0.0260262 -0.321934 -0.996631 -0.0330897 0.0750423 86.8
0.0747188 -0.0263097 0.996858 21.9813 -0.0311449 0.999103 0.0287034 -0.316061 -0.996718 -0.0331917 0.0738323 86.8677
0.0771413 -0.0260309 0.99668 22.759 -0.0268817 0.999241 0.0281784 -0.294154 -0.996658 -0.0289662 0.076383 86.9323
0.0749436 -0.0216204 0.996953 23.5832 -0.0266936 0.999363 0.0236793 -0.289626 -0.99683 -0.0283869 0.0743188 87.012
0.0762969 -0.0169388 0.996941 24.3589 -0.0249945 0.999509 0.0188953 -0.28835 -0.996772 -0.0263597 0.0758361 87.0696
0.0749262 -0.0194832 0.996999 25.1648 -0.0213915 0.999548 0.0211406 -0.282748 -0.99696 -0.0229112 0.0744755 87.1491
0.0717053 -0.0137754 0.997331 25.9893 -0.0184009 0.999716 0.0151313 -0.276305 -0.997256 -0.0194368 0.0714314 87.2087
0.0664457 -0.00751871 0.997762 26.7773 -0.0179916 0.9998 0.00873221 -0.274848 -0.997628 -0.0185315 0.0662971 87.2792
0.061818 -0.00849837 0.998051 27.6011 -0.0189974 0.999773 0.0096897 -0.271143 -0.997907 -0.0195594 0.0616424 87.3473
0.0550133 -0.00510911 0.998473 28.4032 -0.0157426 0.999858 0.00598357 -0.284003 -0.998362 -0.0160477 0.054925 87.3869
0.0464195 -0.00420862 0.998913 29.2474 -0.00970428 0.999942 0.00466392 -0.284051 -0.998875 -0.00991023 0.046376 87.4383
0.0385535 -0.00305803 0.999252 30.0692 -0.0041016 0.999986 0.00321853 -0.308258 -0.999248 -0.00422262 0.0385404 87.4534
0.0277033 -0.00436875 0.999607 30.9185 -0.00397685 0.999982 0.00448061 -0.305077 -0.999608 -0.00409941 0.0276854 87.4982
0.0187191 -0.00581249 0.999808 31.7567 -0.00453258 0.999972 0.00589831 -0.317421 -0.999815 -0.00464212 0.0186922 87.5038
0.00586769 -0.00411475 0.999974 32.6217 -0.00536627 0.999977 0.00414625 -0.32235 -0.999968 -0.00539047 0.00584547 87.5254
-0.00392881 -0.0055108 0.999977 33.5014 -0.00713407 0.99996 0.00548268 -0.335275 -0.999967 -0.00711237 -0.00396797 87.5161
-0.0162857 -0.00371553 0.99986 34.4283 -0.00367193 0.999987 0.00365619 -0.336223 -0.999861 -0.00361188 -0.0162991 87.5147
-0.0265659 -0.00517017 0.999634 35.2398 -0.00426046 0.999978 0.00505873 -0.346758 -0.999638 -0.00412451 -0.0265873 87.4917
-0.0371022 -0.00392598 0.999304 36.0789 -0.00286091 0.999989 0.00382245 -0.35789 -0.999307 -0.00271709 -0.037113 87.4561
-0.0475627 -0.00449831 0.998858 36.9192 -0.00294876 0.999986 0.00436298 -0.371732 -0.998864 -0.00273788 -0.0475753 87.4138
-0.057135 -0.0062605 0.998347 37.7149 -0.00189349 0.999979 0.00616237 -0.364415 -0.998365 -0.00153827 -0.0571456 87.3694
-0.066249 -0.00517834 0.99779 38.5201 -0.00386532 0.99998 0.00493307 -0.388071 -0.997796 -0.00352997 -0.0662677 87.302
-0.0762883 -0.00805056 0.997053 39.3127 -0.00524471 0.999957 0.00767271 -0.382545 -0.997072 -0.00464392 -0.0763272 87.2488
-0.0844247 -0.00709466 0.996405 40.0738 -0.005888 0.999961 0.0066211 -0.388908 -0.996412 -0.00530784 -0.0844631 87.1868
-0.0921693 -0.00935174 0.995699 40.9135 -0.00965761 0.999917 0.00849737 -0.408763 -0.995697 -0.00883288 -0.092252 87.0649
-0.0977322 -0.0116075 0.995145 41.5991 -0.0115912 0.999877 0.0105243 -0.404098 -0.995145 -0.0105064 -0.0978547 87.0405
-0.0992022 -0.0154936 0.994947 42.3924 -0.0143899 0.999797 0.0141343 -0.397806 -0.994963 -0.012915 -0.0994049 86.9121
-0.103697 -0.0152552 0.994492 43.1352 -0.0154154 0.999787 0.013729 -0.411267 -0.994489 -0.0139068 -0.10391 86.8438
-0.100736 -0.0268062 0.994552 43.8992 -0.0238467 0.999415 0.0245219 -0.410653 -0.994627 -0.0212466 -0.101317 86.7529
-0.105376 -0.018527 0.99426 44.6256 -0.0194219 0.999674 0.0165695 -0.415409 -0.994243 -0.0175644 -0.105701 86.6884
-0.100609 -0.0236578 0.994645 45.3518 -0.0227386 0.999511 0.0214735 -0.431774 -0.994666 -0.0204564 -0.101098 86.5546
-0.0980065 -0.0239845 0.994897 46.1026 -0.0193292 0.999567 0.022193 -0.422221 -0.994998 -0.0170555 -0.0984276 86.4861
-0.0904638 -0.0274353 0.995522 46.7569 -0.0223846 0.999424 0.0255088 -0.427142 -0.995648 -0.0199768 -0.0910258 86.4027
-0.0846609 -0.0247341 0.996103 47.4734 -0.0234419 0.999465 0.0228252 -0.420049 -0.996134 -0.0214182 -0.0851954 86.3571
-0.0709036 -0.0258002 0.997149 48.1435 -0.0261919 0.999369 0.0239953 -0.414468 -0.997139 -0.0244159 -0.0715346 86.3132
-0.0586289 -0.0234803 0.998004 48.7842 -0.0256918 0.999428 0.0220045 -0.421594 -0.997949 -0.0243504 -0.0591986 86.3024
-0.0408027 -0.0235146 0.99889 49.3953 -0.024115 0.999455 0.0225428 -0.418877 -0.998876 -0.0231684 -0.0413475 86.2888
-0.0197134 -0.0201713 0.999602 49.9876 -0.0200612 0.999603 0.0197757 -0.427665 -0.999604 -0.0196634 -0.0201102 86.2956
0.00556453 -0.0198023 0.999788 50.5815 -0.017774 0.999644 0.0198983 -0.423455 -0.999827 -0.0178809 0.00521058 86.3067
0.0324613 -0.0174973 0.99932 51.1542 -0.0157381 0.999714 0.0180155 -0.419901 -0.999349 -0.0163122 0.0321766 86.3556
0.0669376 -0.0166948 0.997617 51.7101 -0.0185659 0.999666 0.0179748 -0.419486 -0.997584 -0.0197248 0.0666053 86.4117
0.103439 -0.0164788 0.994499 52.2512 -0.0199926 0.999626 0.0186432 -0.413951 -0.994435 -0.0218111 0.103071 86.4977
0.145553 -0.0135756 0.989257 52.7806 -0.022475 0.999602 0.0170243 -0.40951 -0.989095 -0.0247115 0.14519 86.6055
0.191012 -0.0082558 0.981553 53.324 -0.0252942 0.999591 0.0133298 -0.402973 -0.981262 -0.0273738 0.190725 86.7478
0.237239 -0.00617805 0.971432 53.8443 -0.0243701 0.999627 0.0123089 -0.401814 -0.971146 -0.026594 0.237 86.9241
0.288745 -0.00270864 0.957402 54.3622 -0.0191138 0.99978 0.0085931 -0.394514 -0.957215 -0.0207808 0.288629 87.1187
0.343557 -0.00712844 0.939105 54.8539 -0.0111935 0.999869 0.0116847 -0.389844 -0.939065 -0.0145262 0.343433 87.3528
0.407202 -0.00150737 0.913337 55.3548 -0.00509666 0.999979 0.00392266 -0.390104 -0.913324 -0.00625228 0.407186 87.5706
0.460994 -0.00664078 0.887378 55.8276 0.000759202 0.999975 0.007089 -0.402061 -0.887403 -0.00259429 0.460988 87.8983
0.519421 -0.0111052 0.854446 56.2894 0.0072386 0.999937 0.00859576 -0.405016 -0.854488 0.00172018 0.519468 88.23
0.587357 -0.0245961 0.808954 56.7082 0.0233942 0.999636 0.0134079 -0.348541 -0.80899 0.0110496 0.587719 88.4903
0.627115 -0.00161445 0.778925 57.0121 -0.000157172 0.999998 0.00219921 -0.365662 -0.778926 -0.00150158 0.627113 88.9046
