1 0 -0.000850522 -0.0332757 0 1 0 0 0.000850522 0 1 0.665918
1 0 -0.000850522 -0.102908 0 1 0 0 0.000850522 0 1 1.32574
0.999951 0 -0.00986154 -0.112081 0 1 0 0 0.00986154 0 0.999951 1.99855
0.999951 0 -0.00986154 -0.121254 0 1 0 0 0.00986154 0 0.999951 2.67136
0.9999 0 -0.0141615 -0.134948 0 1 0 0 0.0141615 0 0.9999 3.43805
0.999867 0 -0.0163376 -0.17918 0 1 0 0 0.0163376 0 0.999867 4.17016
0.999775 0 -0.0212355 -0.213288 0 1 0 0 0.0212355 0 0.999775 4.94116
0.999689 0 -0.0249457 -0.246414 0 1 0 0 0.0249457 0 0.999689 5.74106
0.999585 0 -0.0287986 -0.272889 0 1 0 0 0.0287986 0 0.999585 6.52007
0.999528 0 -0.0307241 -0.322314 0 1 0 0 0.0307241 0 0.999528 7.33374
0.999456 0 -0.0329835 -0.365408 0 1 0 0 0.0329835 0 0.999456 8.16745
0.999456 0 -0.0329835 -0.434366 0 1 0 0 0.0329835 0 0.999456 8.98745
0.99938 0 -0.0352019 -0.459067 0 1 0 0 0.0352019 0 0.99938 9.81593
0.999268 0 -0.0382681 -0.465568 0 1 0 0 0.0382681 0 0.999268 10.6197
0.999077 0 -0.0429493 -0.458729 0 1 0 0 0.0429493 0 0.999077 11.4562
0.999037 0 -0.0438868 -0.514272 0 1 0 0 0.0438868 0 0.999037 12.2731
0.999037 0 -0.0438868 -0.566572 0 1 0 0 0.0438868 0 0.999037 13.0981
0.999037 0 -0.0438868 -0.631678 0 1 0 0 0.0438868 0 0.999037 13.9261
0.998959 0 -0.0456164 -0.66696 0 1 0 0 0.0456164 0 0.998959 14.7639
0.998849 0 -0.047962 -0.686938 0 1 0 0 0.047962 0 0.998849 15.594
0.998774 0 -0.0494968 -0.734531 0 1 0 0 0.0494968 0 0.998774 16.4484
0.998726 0 -0.0504564 -0.753545 0 1 0 0 0.0504564 0 0.998726 17.2571
0.998643 0 -0.0520831 -0.798968 0 1 0 0 0.0520831 0 0.998643 18.0847
0.998536 0 -0.0540875 -0.831848 0 1 0 0 0.0540875 0 0.998536 18.9299
0.998512 0 -0.0545406 -0.87987 0 1 0 0 0.0545406 0 0.998512 19.7674
0.998512 0 -0.0545406 -0.924057 0 1 0 0 0.0545406 0 0.998512 20.5862
0.998427 0 -0.0560704 -0.937514 0 1 0 0 0.0560704 0 0.998427 21.457
0.998577 0 -0.05332 -1.00435 0 1 0 0 0.05332 0 0.998577 22.3603
0.998785 0 -0.0492714 -1.03138 0 1 0 0 0.0492714 0 0.998785 23.2522
0.998785 0 -0.0492714 -1.05841 0 1 0 0 0.0492714 0 0.998785 24.144
0.998942 0 -0.0459877 -1.14187 0 1 0 0 0.0459877 0 0.998942 25.0596
0.999014 0 -0.0444002 -1.18589 0 1 0 0 0.0444002 0 0.999014 25.9603
0.99904 0 -0.0437981 -1.22029 0 1 0 0 0.0437981 0 0.99904 26.8476
0.999002 0 -0.0446568 -1.25245 0 1 0 0 0.0446568 0 0.999002 27.7551
0.999002 0 -0.0446568 -1.29767 0 1 0 0 0.0446568 0 0.999002 28.6566
0.998927 0 -0.0463214 -1.3224 0 1 0 0 0.0463214 0 0.998927 29.5783
0.998856 0 -0.0478114 -1.36316 0 1 0 0 0.0478114 0 0.998856 30.4873
0.998752 0 -0.0499403 -1.40115 0 1 0 0 0.0499403 0 0.998752 31.3736
0.998646 0 -0.0520182 -1.44779 0 1 0 0 0.0520182 0 0.998646 32.2359
0.998618 0 -0.0525584 -1.52717 0 1 0 0 0.0525584 0 0.998618 33.1596
0.998548 0 -0.0538773 -1.56903 0 1 0 0 0.0538773 0 0.998548 34.0194
0.998548 0 -0.0538773 -1.63414 0 1 0 0 0.0538773 0 0.998548 34.9089
0.998522 0 -0.0543407 -1.69201 0 1 0 0 0.0543407 0 0.998522 35.8185
0.998522 0 -0.0543407 -1.74341 0 1 0 0 0.0543407 0 0.998522 36.7459
0.998409 0 -0.0563907 -1.79303 0 1 0 0 0.0563907 0 0.998409 37.7083
0.998562 0 -0.0536054 -1.90653 0 1 0 0 0.0536054 0 0.998562 38.7105
0.998562 0 -0.0536054 -1.96447 0 1 0 0 0.0536054 0 0.998562 39.6863
0.998562 0 -0.0536054 -2.02241 0 1 0 0 0.0536054 0 0.998562 40.662
0.998431 0 -0.0559901 -2.06631 0 1 0 0 0.0559901 0 0.998431 41.6124
0.998223 0 -0.0595905 -2.08555 0 1 0 0 0.0595905 0 0.998223 42.588
0.998075 0 -0.0620202 -2.13238 0 1 0 0 0.0620202 0 0.998075 43.5333
0.998075 0 -0.0620202 -2.21193 0 1 0 0 0.0620202 0 0.998075 44.5107
0.998075 0 -0.0620202 -2.30003 0 1 0 0 0.0620202 0 0.998075 45.4729
0.998075 0 -0.0620202 -2.35967 0 1 0 0 0.0620202 0 0.998075 46.3653
0.997997 0 -0.0632555 -2.39671 0 1 0 0 0.0632555 0 0.997997 47.2649
0.997997 0 -0.0632555 -2.46236 0 1 0 0 0.0632555 0 0.997997 48.1777
0.997962 0 -0.063806 -2.51924 0 1 0 0 0.063806 0 0.997962 49.11
0.997962 0 -0.063806 -2.57735 0 1 0 0 0.063806 0 0.997962 50.0066
0.997962 0 -0.063806 -2.64141 0 1 0 0 0.063806 0 0.997962 50.9029
0.998015 0 -0.0629766 -2.72255 0 1 0 0 0.0629766 0 0.998015 51.787
0.998059 0 -0.0622701 -2.81181 0 1 0 0 0.0622701 0 0.998059 52.6967
0.99797 0 -0.063693 -2.85304 0 1 0 0 0.063693 0 0.99797 53.5869
0.997841 0 -0.0656729 -2.90515 0 1 0 0 0.0656729 0 0.997841 54.5222
0.997774 0 -0.0666912 -2.98107 0 1 0 0 0.0666912 0 0.997774 55.444
0.997685 0 -0.0680112 -3.04727 0 1 0 0 0.0680112 0 0.997685 56.346
0.99763 0 -0.0688035 -3.11162 0 1 0 0 0.0688035 0 0.99763 57.219
0.997557 0 -0.0698554 -3.17699 0 1 0 0 0.0698554 0 0.997557 58.0731
0.997481 0 -0.0709309 -3.24559 0 1 0 0 0.0709309 0 0.997481 58.9347
0.997349 0 -0.0727726 -3.29647 0 1 0 0 0.0727726 0 0.997349 59.7697
0.997275 0 -0.0737799 -3.37268 0 1 0 0 0.0737799 0 0.997275 60.6097
0.997064 0 -0.0765667 -3.44968 0 1 0 0 0.0765667 0 0.997064 61.4074
0.996878 0 -0.0789602 -3.50778 0 1 0 0 0.0789602 0 0.996878 62.2346
0.996763 0 -0.0804003 -3.57725 0 1 0 0 0.0804003 0 0.996763 63.0552
0.996722 0 -0.0808967 -3.65687 0 1 0 0 0.0808967 0 0.996722 63.863
0.996585 0 -0.0825777 -3.72229 0 1 0 0 0.0825777 0 0.996585 64.6522
0.996644 0 -0.0818569 -3.81883 0 1 0 0 0.0818569 0 0.996644 65.4545
0.996526 0 -0.0832846 -3.91007 0 1 0 0 0.0832846 0 0.996526 66.2865
0.996722 0 -0.0809002 -4.05558 0 1 0 0 0.0809002 0 0.996722 67.0841
0.996481 0 -0.0838182 -4.11424 0 1 0 0 0.0838182 0 0.996481 67.8437
0.996481 0 -0.0838182 -4.1729 0 1 0 0 0.0838182 0 0.996481 68.6034
0.996171 0 -0.0874291 -4.17125 0 1 0 0 0.0874291 0 0.996171 69.2472
0.995987 0 -0.0895012 -4.24456 0 1 0 0 0.0895012 0 0.995987 69.939
0.995987 0 -0.0895012 -4.31788 0 1 0 0 0.0895012 0 0.995987 70.6309
0.995987 0 -0.0895012 -4.38474 0 1 0 0 0.0895012 0 0.995987 71.2858
0.996058 0 -0.0887017 -4.42255 0 1 0 0 0.0887017 0 0.996058 71.8868
0.996058 0 -0.0887017 -4.46036 0 1 0 0 0.0887017 0 0.996058 72.4878
0.996254 0 -0.0864717 -4.50081 0 1 0 0 0.0864717 0 0.996254 73.0343
0.996466 0 -0.083994 -4.5354 0 1 0 0 0.083994 0 0.996466 73.5778
0.996968 0 -0.077815 -4.60615 0 1 0 0 0.077815 0 0.996968 74.1588
0.997515 0 -0.0704483 -4.67689 0 1 0 0 0.0704483 0 0.997515 74.7321
0.99807 0 -0.0621063 -4.70452 0 1 0 0 0.0621063 0 0.99807 75.2667
0.999344 0 -0.0362214 -4.72869 0 1 0 0 0.0362214 0 0.999344 75.767
0.999344 0 -0.0362214 -4.75287 0 1 0 0 0.0362214 0 0.999344 76.2672
0.999845 0 -0.0175894 -4.76747 0 1 0 0 0.0175894 0 0.999845 76.7737
0.999988 0 0.00490534 -4.75892 0 1 0 0 -0.00490534 0 0.999988 77.2462
0.999517 0 0.0310755 -4.72567 0 1 0 0 -0.0310755 0 0.999517 77.7229
0.998152 0 0.0607634 -4.68405 0 1 0 0 -0.0607634 0 0.998152 78.173
0.995656 0 0.0931122 -4.61154 0 1 0 0 -0.0931122 0 0.995656 78.6407
0.991426 0 0.130672 -4.5274 0 1 0 0 -0.130672 0 0.991426 79.11
0.984844 0 0.173441 -4.44708 0 1 0 0 -0.173441 0 0.984844 79.547
0.975686 0 0.219174 -4.33731 0 1 0 0 -0.219174 0 0.975686 79.9764
0.963624 0 0.26726 -4.1792 0 1 0 0 -0.26726 0 0.963624 80.3824
0.947431 0 0.31996 -4.01613 0 1 0 0 -0.31996 0 0.947431 80.766
0.926937 0 0.375217 -3.82888 0 1 0 0 -0.375217 0 0.926937 81.1402
0.902457 0 0.43078 -3.60659 0 1 0 0 -0.43078 0 0.902457 81.49
0.873501 0 0.486822 -3.36835 0 1 0 0 -0.486822 0 0.873501 81.8034
0.839581 0 0.543235 -3.11703 0 1 0 0 -0.543235 0 0.839581 82.111
0.802026 0 0.597289 -2.85157 0 1 0 0 -0.597289 0 0.802026 82.4013
0.761394 0 0.64829 -2.57005 0 1 0 0 -0.64829 0 0.761394 82.6755
0.718612 0 0.695411 -2.26018 0 1 0 0 -0.695411 0 0.718612 82.928
0.673325 0 0.739347 -1.93662 0 1 0 0 -0.739347 0 0.673325 83.1567
0.626104 0 0.779739 -1.59618 0 1 0 0 -0.779739 0 0.626104 83.3745
0.578652 0 0.815574 -1.25825 0 1 0 0 -0.815574 0 0.578652 83.5585
0.531885 0 0.846817 -0.902976 0 1 0 0 -0.846817 0 0.531885 83.7313
0.485023 0 0.874502 -0.553116 0 1 0 0 -0.874502 0 0.485023 83.8826
0.440311 0 0.897845 -0.192281 0 1 0 0 -0.897845 0 0.440311 84.0103
0.39755 0 0.91758 0.178051 0 1 0 0 -0.91758 0 0.39755 84.127
0.358178 0 0.933653 0.577258 0 1 0 0 -0.933653 0 0.358178 84.2219
0.321899 0 0.946774 0.930057 0 1 0 0 -0.946774 0 0.321899 84.3183
0.289526 0 0.95717 1.32287 0 1 0 0 -0.95717 0 0.289526 84.4038
0.25857 0 0.965993 1.73666 0 1 0 0 -0.965993 0 0.25857 84.5116
0.230729 0 0.973018 2.1431 0 1 0 0 -0.973018 0 0.230729 84.5895
0.205336 0 0.978692 2.5412 0 1 0 0 -0.978692 0 0.205336 84.6469
0.18129 0 0.98343 2.93838 0 1 0 0 -0.98343 0 0.18129 84.7038
0.161321 0 0.986902 3.34611 0 1 0 0 -0.986902 0 0.161321 84.7402
0.142029 0 0.989862 3.75962 0 1 0 0 -0.989862 0 0.142029 84.7815
0.124438 0 0.992227 4.17561 0 1 0 0 -0.992227 0 0.124438 84.8316
0.109086 0 0.994032 4.50951 0 1 0 0 -0.994032 0 0.109086 84.8657
0.0945744 0 0.995518 4.91062 0 1 0 0 -0.995518 0 0.0945744 84.8965
0.0813622 0 0.996685 5.3706 0 1 0 0 -0.996685 0 0.0813622 84.9171
0.069468 0 0.997584 5.84019 0 1 0 0 -0.997584 0 0.069468 84.9422
0.0593676 0 0.998236 6.31465 0 1 0 0 -0.998236 0 0.0593676 84.956
0.0508126 0 0.998708 6.83791 0 1 0 0 -0.998708 0 0.0508126 84.9831
0.042903 0 0.999079 7.37238 0 1 0 0 -0.999079 0 0.042903 85.021
0.0366403 0 0.999329 7.91858 0 1 0 0 -0.999329 0 0.0366403 85.0459
0.0317533 0 0.999496 8.4575 0 1 0 0 -0.999496 0 0.0317533 85.0528
0.0256442 0 0.999671 9.03324 0 1 0 0 -0.999671 0 0.0256442 85.0869
0.0221838 0 0.999754 9.63356 0 1 0 0 -0.999754 0 0.0221838 85.1034
0.0187766 0 0.999824 10.2477 0 1 0 0 -0.999824 0 0.0187766 85.1192
0.0157021 0 0.999877 10.9138 0 1 0 0 -0.999877 0 0.0157021 85.1141
0.0163621 0 0.999866 11.5964 0 1 0 0 -0.999866 0 0.0163621 85.1018
0.0173675 0 0.999849 12.2638 0 1 0 0 -0.999849 0 0.0173675 85.1128
0.0197669 0 0.999805 12.9564 0 1 0 0 -0.999805 0 0.0197669 85.1325
0.0248516 0 0.999691 13.6594 0 1 0 0 -0.999691 0 0.0248516 85.1337
0.0308602 0 0.999524 14.3761 0 1 0 0 -0.999524 0 0.0308602 85.1343
0.0348077 0 0.999394 15.1254 0 1 0 0 -0.999394 0 0.0348077 85.1671
0.0372653 0 0.999305 15.8614 0 1 0 0 -0.999305 0 0.0372653 85.2142
0.0414812 0 0.999139 16.617 0 1 0 0 -0.999139 0 0.0414812 85.2511
0.0453168 0 0.998973 17.4039 0 1 0 0 -0.998973 0 0.0453168 85.2959
0.0496812 0 0.998765 18.1823 0 1 0 0 -0.998765 0 0.0496812 85.3465
0.0536647 0 0.998559 19.0168 0 1 0 0 -0.998559 0 0.0536647 85.3935
0.0549689 0 0.998488 19.8556 0 1 0 0 -0.998488 0 0.0549689 85.4525
0.0549689 0 0.998488 20.6686 0 1 0 0 -0.998488 0 0.0549689 85.5061
0.0527928 0 0.998605 21.4628 0 1 0 0 -0.998605 0 0.0527928 85.5911
0.0542015 0 0.99853 22.2711 0 1 0 0 -0.99853 0 0.0542015 85.6276
0.0533925 0 0.998574 23.0957 0 1 0 0 -0.998574 0 0.0533925 85.6838
0.0533925 0 0.998574 23.934 0 1 0 0 -0.998574 0 0.0533925 85.7593
0.0533925 0 0.998574 24.7378 0 1 0 0 -0.998574 0 0.0533925 85.8154
0.0533925 0 0.998574 25.5727 0 1 0 0 -0.998574 0 0.0533925 85.8717
0.0506633 0 0.998716 26.2957 0 1 0 0 -0.998716 0 0.0506633 85.9512
0.0480135 0 0.998847 27.0795 0 1 0 0 -0.998847 0 0.0480135 85.9805
0.0421547 0 0.999111 27.8598 0 1 0 0 -0.999111 0 0.0421547 86.0315
0.0359425 0 0.999354 28.6985 0 1 0 0 -0.999354 0 0.0359425 86.0905
0.0292892 0 0.999571 29.4804 0 1 0 0 -0.999571 0 0.0292892 86.1218
0.0217287 0 0.999764 30.3078 0 1 0 0 -0.999764 0 0.0217287 86.1395
0.0136478 0 0.999907 31.1232 0 1 0 0 -0.999907 0 0.0136478 86.1353
0.00308946 0 0.999995 31.973 0 1 0 0 -0.999995 0 0.00308946 86.1564
-0.00770692 0 0.99997 32.8377 0 1 0 0 -0.99997 0 -0.00770692 86.1638
-0.0182693 0 0.999833 33.6061 0 1 0 0 -0.999833 0 -0.0182693 86.1404
-0.0293739 0 0.999568 34.4455 0 1 0 0 -0.999568 0 -0.0293739 86.112
-0.0406474 0 0.999174 35.3004 0 1 0 0 -0.999174 0 -0.0406474 86.0801
-0.0516968 0 0.998663 36.1295 0 1 0 0 -0.998663 0 -0.0516968 86.0335
-0.062463 0 0.998047 36.8883 0 1 0 0 -0.998047 0 -0.062463 85.9889
-0.0728986 0 0.997339 37.7 0 1 0 0 -0.997339 0 -0.0728986 85.9257
-0.0827811 0 0.996568 38.5169 0 1 0 0 -0.996568 0 -0.0827811 85.8667
-0.092232 0 0.995738 39.2883 0 1 0 0 -0.995738 0 -0.092232 85.7872
-0.101945 0 0.99479 40.0475 0 1 0 0 -0.99479 0 -0.101945 85.7131
-0.111086 0 0.993811 40.8383 0 1 0 0 -0.993811 0 -0.111086 85.6409
-0.123905 0 0.992294 41.5989 0 1 0 0 -0.992294 0 -0.123905 85.5477
-0.123905 0 0.992294 42.3594 0 1 0 0 -0.992294 0 -0.123905 85.4545
-0.123905 0 0.992294 43.1084 0 1 0 0 -0.992294 0 -0.123905 85.3221
-0.126525 0 0.991963 43.8324 0 1 0 0 -0.991963 0 -0.126525 85.2255
-0.128738 0 0.991679 44.556 0 1 0 0 -0.991679 0 -0.128738 85.1407
-0.130742 0 0.991416 45.248 0 1 0 0 -0.991416 0 -0.130742 85.0641
-0.123842 0 0.992302 45.9837 0 1 0 0 -0.992302 0 -0.123842 84.9438
-0.123842 0 0.992302 46.7193 0 1 0 0 -0.992302 0 -0.123842 84.8235
-0.116617 0 0.993177 47.3437 0 1 0 0 -0.993177 0 -0.116617 84.73
-0.107759 0 0.994177 47.9499 0 1 0 0 -0.994177 0 -0.107759 84.6613
-0.0964779 0 0.995335 48.5754 0 1 0 0 -0.995335 0 -0.0964779 84.6074
-0.0830876 0 0.996542 49.1504 0 1 0 0 -0.996542 0 -0.0830876 84.5775
-0.0655634 0 0.997848 49.7277 0 1 0 0 -0.997848 0 -0.0655634 84.5497
-0.0444748 0 0.999011 50.2737 0 1 0 0 -0.999011 0 -0.0444748 84.5461
-0.0192952 0 0.999814 50.7813 0 1 0 0 -0.999814 0 -0.0192952 84.5438
0.00920793 0 0.999958 51.3019 0 1 0 0 -0.999958 0 0.00920793 84.5622
0.0421232 0 0.999112 51.7942 0 1 0 0 -0.999112 0 0.0421232 84.6058
0.0800123 0 0.996794 52.2582 0 1 0 0 -0.996794 0 0.0800123 84.6625
0.122161 0 0.99251 52.7141 0 1 0 0 -0.99251 0 0.122161 84.7441
0.167087 0 0.985942 53.2104 0 1 0 0 -0.985942 0 0.167087 84.8608
0.214948 0 0.976626 53.7002 0 1 0 0 -0.976626 0 0.214948 85.0115
0.267 0 0.963697 54.1922 0 1 0 0 -0.963697 0 0.267 85.1799
0.320729 0 0.947171 54.6133 0 1 0 0 -0.947171 0 0.320729 85.3905
0.457259 0 0.889334 55.1446 0 1 0 0 -0.889334 0 0.457259 85.4673
0.457259 0 0.889334 55.676 0 1 0 0 -0.889334 0 0.457259 85.5441
0.583968 0 0.811777 56.1229 0 1 0 0 -0.811777 0 0.583968 85.7836
0.583968 0 0.811777 56.5699 0 1 0 0 -0.811777 0 0.583968 86.023
0.639407 0 0.768868 56.8929 0 1 0 0 -0.768868 0 0.639407 86.3386
0.691214 0 0.72265 57.2055 0 1 0 0 -0.72265 0 0.691214 86.6791
0.738395 0 0.674369 57.4567 0 1 0 0 -0.674369 0 0.738395 87.0174
0.782172 0 0.623063 57.658 0 1 0 0 -0.623063 0 0.782172 87.3293
0.82189 0 0.569646 57.8588 0 1 0 0 -0.569646 0 0.82189 87.7071
0.857455 0 0.514559 58.0428 0 1 0 0 -0.514559 0 0.857455 88.0789
0.887233 0 0.461322 58.1871 0 1 0 0 -0.461322 0 0.887233 88.4661
0.912149 0 0.409859 58.3512 0 1 0 0 -0.409859 0 0.912149 88.9051
0.931555 0 0.363599 58.4921 0 1 0 0 -0.363599 0 0.931555 89.3675
0.946197 0 0.323592 58.6066 0 1 0 0 -0.323592 0 0.946197 89.8367
0.957499 0 0.288436 58.7166 0 1 0 0 -0.288436 0 0.957499 90.327
0.966265 0 0.257549 58.8103 0 1 0 0 -0.257549 0 0.966265 90.7965
0.971786 0 0.235866 58.8978 0 1 0 0 -0.235866 0 0.971786 91.235
0.97541 0 0.220397 58.9968 0 1 0 0 -0.220397 0 0.97541 91.7291
0.97813 0 0.207995 59.0795 0 1 0 0 -0.207995 0 0.97813 92.239
0.980105 0 0.198479 59.1663 0 1 0 0 -0.198479 0 0.980105 92.7196
0.981494 0 0.191492 59.2679 0 1 0 0 -0.191492 0 0.981494 93.2437
0.982015 0 0.188802 59.347 0 1 0 0 -0.188802 0 0.982015 93.7888
0.9821 0 0.188361 59.445 0 1 0 0 -0.188361 0 0.9821 94.3353
0.981726 0 0.190299 59.5555 0 1 0 0 -0.190299 0 0.981726 94.8895
0.981108 0 0.193461 59.6822 0 1 0 0 -0.193461 0 0.981108 95.4275
0.979882 0 0.19958 59.7711 0 1 0 0 -0.19958 0 0.979882 95.9909
0.977808 0 0.209504 59.8655 0 1 0 0 -0.209504 0 0.977808 96.4696
0.977808 0 0.209504 59.9599 0 1 0 0 -0.209504 0 0.977808 96.9482
0.97661 0 0.21502 60.1481 0 1 0 0 -0.21502 0 0.97661 97.9351
0.975851 0 0.218436 60.3767 0 1 0 0 -0.218436 0 0.975851 98.9261
0.974888 0 0.222695 60.5159 0 1 0 0 -0.222695 0 0.974888 99.5677
0.974697 0 0.223531 60.6834 0 1 0 0 -0.223531 0 0.974697 100.192
0.974697 0 0.223531 60.8361 0 1 0 0 -0.223531 0 0.974697 100.852
0.974697 0 0.223531 60.9889 0 1 0 0 -0.223531 0 0.974697 101.511
0.975231 0 0.221187 61.151 0 1 0 0 -0.221187 0 0.975231 102.167
0.975668 0 0.219252 61.2761 0 1 0 0 -0.219252 0 0.975668 102.811
0.976157 0 0.217066 61.4115 0 1 0 0 -0.217066 0 0.976157 103.451
0.976461 0 0.215694 61.5579 0 1 0 0 -0.215694 0 0.976461 104.113
0.977156 0 0.212525 61.7209 0 1 0 0 -0.212525 0 0.977156 104.834
0.977915 0 0.209005 61.9046 0 1 0 0 -0.209005 0 0.977915 105.601
0.978449 0 0.206489 62.0555 0 1 0 0 -0.206489 0 0.978449 106.363
0.979482 0 0.20153 62.2162 0 1 0 0 -0.20153 0 0.979482 107.111
0.98025 0 0.197763 62.3465 0 1 0 0 -0.197763 0 0.98025 107.771
0.981072 0 0.193645 62.4941 0 1 0 0 -0.193645 0 0.981072 108.47
0.981604 0 0.190929 62.6308 0 1 0 0 -0.190929 0 0.981604 109.205
0.981737 0 0.190241 62.7606 0 1 0 0 -0.190241 0 0.981737 109.956
0.98222 0 0.187732 62.9235 0 1 0 0 -0.187732 0 0.98222 110.709
0.982305 0 0.187288 63.0757 0 1 0 0 -0.187288 0 0.982305 111.503
0.983043 0 0.183375 63.242 0 1 0 0 -0.183375 0 0.983043 112.188
0.982776 0 0.184801 63.3828 0 1 0 0 -0.184801 0 0.982776 113.026
0.982776 0 0.184801 63.5235 0 1 0 0 -0.184801 0 0.982776 113.864
0.982443 0 0.186564 63.6494 0 1 0 0 -0.186564 0 0.982443 114.658
0.982007 0 0.188846 63.7978 0 1 0 0 -0.188846 0 0.982007 115.449
0.981233 0 0.192827 63.9347 0 1 0 0 -0.192827 0 0.981233 116.266
0.981233 0 0.192827 64.127 0 1 0 0 -0.192827 0 0.981233 117.044
0.9806 0 0.196019 64.3023 0 1 0 0 -0.196019 0 0.9806 117.915
0.9806 0 0.196019 64.4775 0 1 0 0 -0.196019 0 0.9806 118.786
0.980489 0 0.196572 64.6449 0 1 0 0 -0.196572 0 0.980489 119.654
0.980074 0 0.198631 64.8033 0 1 0 0 -0.198631 0 0.980074 120.485
0.979601 0 0.200954 64.9572 0 1 0 0 -0.200954 0 0.979601 121.279
0.979601 0 0.200954 65.1278 0 1 0 0 -0.200954 0 0.979601 122.094
0.979601 0 0.200954 65.3053 0 1 0 0 -0.200954 0 0.979601 122.961
0.979269 0 0.202564 65.4989 0 1 0 0 -0.202564 0 0.979269 123.892
0.979269 0 0.202564 65.6925 0 1 0 0 -0.202564 0 0.979269 124.824
0.979269 0 0.202564 65.8477 0 1 0 0 -0.202564 0 0.979269 125.586
0.979371 0 0.202071 65.9953 0 1 0 0 -0.202071 0 0.979371 126.318
0.979644 0 0.200742 66.153 0 1 0 0 -0.200742 0 0.979644 127.112
0.979756 0 0.200197 66.3221 0 1 0 0 -0.200197 0 0.979756 127.986
0.979756 0 0.200197 66.4916 0 1 0 0 -0.200197 0 0.979756 128.907
0.980017 0 0.198916 66.6504 0 1 0 0 -0.198916 0 0.980017 129.791
0.979649 0 0.200718 66.7773 0 1 0 0 -0.200718 0 0.979649 130.609
0.979349 0 0.202179 66.9063 0 1 0 0 -0.202179 0 0.979349 131.353
0.978771 0 0.204958 67.0005 0 1 0 0 -0.204958 0 0.978771 132.061
0.978545 0 0.206033 67.1303 0 1 0 0 -0.206033 0 0.978545 132.956
0.979813 0 0.199916 67.2947 0 1 0 0 -0.199916 0 0.979813 133.723
0.980611 0 0.195963 67.4446 0 1 0 0 -0.195963 0 0.980611 134.568
0.980611 0 0.195963 67.5944 0 1 0 0 -0.195963 0 0.980611 135.412
0.980182 0 0.198097 67.6962 0 1 0 0 -0.198097 0 0.980182 136.175
0.980385 0 0.197093 67.8547 0 1 0 0 -0.197093 0 0.980385 137
0.980913 0 0.194449 68.0381 0 1 0 0 -0.194449 0 0.980913 137.866
0.981506 0 0.191431 68.2042 0 1 0 0 -0.191431 0 0.981506 138.695
0.982242 0 0.187616 68.3336 0 1 0 0 -0.187616 0 0.982242 139.453
0.983491 0 0.180957 68.4721 0 1 0 0 -0.180957 0 0.983491 140.172
0.984774 0 0.173839 68.5556 0 1 0 0 -0.173839 0 0.984774 140.783
0.985702 0 0.1685 68.661 0 1 0 0 -0.1685 0 0.985702 141.518
0.986246 0 0.165282 68.7542 0 1 0 0 -0.165282 0 0.986246 142.221
0.987052 0 0.160398 68.8805 0 1 0 0 -0.160398 0 0.987052 143.038
0.987672 0 0.156536 68.992 0 1 0 0 -0.156536 0 0.987672 143.883
0.988705 0 0.149877 69.1017 0 1 0 0 -0.149877 0 0.988705 144.682
0.98943 0 0.145011 69.1919 0 1 0 0 -0.145011 0 0.98943 145.44
0.990127 0 0.140174 69.263 0 1 0 0 -0.140174 0 0.990127 146.169
0.991177 0 0.132543 69.3481 0 1 0 0 -0.132543 0 0.991177 146.916
0.992013 0 0.126133 69.4067 0 1 0 0 -0.126133 0 0.992013 147.687
0.993223 0 0.116224 69.4857 0 1 0 0 -0.116224 0 0.993223 148.437
0.994144 0 0.108062 69.5583 0 1 0 0 -0.108062 0 0.994144 149.163
0.99498 0 0.100079 69.6231 0 1 0 0 -0.100079 0 0.99498 149.901
0.995773 0 0.0918441 69.6889 0 1 0 0 -0.0918441 0 0.995773 150.657
0.996482 0 0.0838123 69.7365 0 1 0 0 -0.0838123 0 0.996482 151.46
0.997045 0 0.076814 69.7837 0 1 0 0 -0.076814 0 0.997045 152.268
0.997549 0 0.0699739 69.8399 0 1 0 0 -0.0699739 0 0.997549 153.088
0.997807 0 0.0661844 69.8787 0 1 0 0 -0.0661844 0 0.997807 153.876
0.998156 0 0.060701 69.928 0 1 0 0 -0.060701 0 0.998156 154.672
0.998347 0 0.0574738 69.9571 0 1 0 0 -0.0574738 0 0.998347 155.472
0.99851 0 0.0545666 69.9889 0 1 0 0 -0.0545666 0 0.99851 156.202
0.998688 0 0.0512031 70.0234 0 1 0 0 -0.0512031 0 0.998688 156.985
0.998811 0 0.0487401 70.0523 0 1 0 0 -0.0487401 0 0.998811 157.808
0.998981 0 0.0451292 70.0821 0 1 0 0 -0.0451292 0 0.998981 158.615
0.999152 0 0.0411711 70.101 0 1 0 0 -0.0411711 0 0.999152 159.518
0.999339 0 0.036343 70.1219 0 1 0 0 -0.036343 0 0.999339 160.288
0.999584 0 0.0288549 70.1526 0 1 0 0 -0.0288549 0 0.999584 161.045
0.999772 0 0.0213455 70.1614 0 1 0 0 -0.0213455 0 0.999772 161.874
0.999906 0 0.0137227 70.1635 0 1 0 0 -0.0137227 0 0.999906 162.694
0.999983 0 0.00583192 70.1818 0 1 0 0 -0.00583192 0 0.999983 163.538
1 0 0 70.1936 0 1 0 0 0 0 1 164.352
0.999987 0 -0.00517172 70.1708 0 1 0 0 0.00517172 0 0.999987 165.218
0.999931 0 -0.0117107 70.1636 0 1 0 0 0.0117107 0 0.999931 166.053
0.999825 0 -0.0187192 70.1484 0 1 0 0 0.0187192 0 0.999825 166.863
0.999702 0 -0.0243984 70.1296 0 1 0 0 0.0243984 0 0.999702 167.609
0.999521 0 -0.0309459 70.1248 0 1 0 0 0.0309459 0 0.999521 168.313
0.999341 0 -0.036288 70.0818 0 1 0 0 0.036288 0 0.999341 169.1
0.999175 0 -0.0406104 70.028 0 1 0 0 0.0406104 0 0.999175 169.928
0.998996 0 -0.0448071 69.9914 0 1 0 0 0.0448071 0 0.998996 170.853
0.99892 0 -0.0464698 69.9359 0 1 0 0 0.0464698 0 0.99892 171.742
0.998812 0 -0.0487226 69.8613 0 1 0 0 0.0487226 0 0.998812 172.596
0.998752 0 -0.0499371 69.803 0 1 0 0 0.0499371 0 0.998752 173.413
0.998628 0 -0.0523717 69.7691 0 1 0 0 0.0523717 0 0.998628 174.212
0.998628 0 -0.0523717 69.7278 0 1 0 0 0.0523717 0 0.998628 175.035
0.998597 0 -0.0529551 69.6852 0 1 0 0 0.0529551 0 0.998597 175.891
0.998474 0 -0.0552194 69.6433 0 1 0 0 0.0552194 0 0.998474 176.763
0.998388 0 -0.056749 69.5907 0 1 0 0 0.056749 0 0.998388 177.631
0.998277 0 -0.058672 69.5806 0 1 0 0 0.058672 0 0.998277 177.857
0.997948 0 -0.0640329 69.5894 0 1 0 0 0.0640329 0 0.997948 178.62
0.997809 0 -0.0661532 69.5345 0 1 0 0 0.0661532 0 0.997809 179.365
0.997809 0 -0.0661532 69.4796 0 1 0 0 0.0661532 0 0.997809 180.111
0.997657 0 -0.0684115 69.4248 0 1 0 0 0.0684115 0 0.997657 180.94
0.997767 0 -0.0667944 69.3418 0 1 0 0 0.0667944 0 0.997767 181.784
0.997642 0 -0.068632 69.2932 0 1 0 0 0.068632 0 0.997642 182.699
0.997642 0 -0.068632 69.2222 0 1 0 0 0.068632 0 0.997642 183.557
0.997686 0 -0.067996 69.1445 0 1 0 0 0.067996 0 0.997686 184.392
0.997686 0 -0.067996 69.0717 0 1 0 0 0.067996 0 0.997686 185.231
0.997686 0 -0.067996 69.0063 0 1 0 0 0.067996 0 0.997686 186.04
0.997648 0 -0.0685523 68.9434 0 1 0 0 0.0685523 0 0.997648 186.885
0.997564 0 -0.0697548 68.9051 0 1 0 0 0.0697548 0 0.997564 187.658
0.997476 0 -0.0710095 68.857 0 1 0 0 0.0710095 0 0.997476 188.372
0.997353 0 -0.0727085 68.8008 0 1 0 0 0.0727085 0 0.997353 189.119
0.997179 0 -0.0750555 68.7433 0 1 0 0 0.0750555 0 0.997179 189.893
0.99703 0 -0.0770118 68.6834 0 1 0 0 0.0770118 0 0.99703 190.703
0.99703 0 -0.0770118 68.6227 0 1 0 0 0.0770118 0 0.99703 191.512
0.996894 0 -0.0787516 68.5755 0 1 0 0 0.0787516 0 0.996894 192.292
0.996977 0 -0.0776932 68.5029 0 1 0 0 0.0776932 0 0.996977 193.045
0.997038 0 -0.0769105 68.4408 0 1 0 0 0.0769105 0 0.997038 193.759
0.997102 0 -0.0760734 68.3994 0 1 0 0 0.0760734 0 0.997102 194.407
0.997609 0 -0.0691138 68.3521 0 1 0 0 0.0691138 0 0.997609 195.075
0.997609 0 -0.0691138 68.3048 0 1 0 0 0.0691138 0 0.997609 195.744
0.997957 0 -0.0638836 68.2543 0 1 0 0 0.0638836 0 0.997957 196.335
0.998338 0 -0.0576237 68.224 0 1 0 0 0.0576237 0 0.998338 196.919
0.998596 0 -0.0529794 68.1953 0 1 0 0 0.0529794 0 0.998596 197.582
0.998899 0 -0.04691 68.1548 0 1 0 0 0.04691 0 0.998899 198.255
0.999223 0 -0.0394072 68.1323 0 1 0 0 0.0394072 0 0.999223 198.646
0.999483 0 -0.0321467 68.1166 0 1 0 0 0.0321467 0 0.999483 199.256
0.999694 0 -0.0247355 68.094 0 1 0 0 0.0247355 0 0.999694 199.835
0.999867 0 -0.0163369 68.0687 0 1 0 0 0.0163369 0 0.999867 200.369
0.999934 0 -0.0115149 68.0767 0 1 0 0 0.0115149 0 0.999934 200.981
0.999987 0 -0.00507435 68.0754 0 1 0 0 0.00507435 0 0.999987 201.601
1 0 0.000587016 68.082 0 1 0 0 -0.000587016 0 1 202.206
0.99999 0 0.00442701 68.0755 0 1 0 0 -0.00442701 0 0.99999 202.817
0.99998 0 0.00626857 68.0628 0 1 0 0 -0.00626857 0 0.99998 203.418
0.999987 0 0.00514652 68.0742 0 1 0 0 -0.00514652 0 0.999987 204.038
0.999995 0 0.00310024 68.0858 0 1 0 0 -0.00310024 0 0.999995 204.672
0.999995 0 0.00310024 68.0808 0 1 0 0 -0.00310024 0 0.999995 205.316
0.999995 0 0.00310024 68.0647 0 1 0 0 -0.00310024 0 0.999995 205.96
0.999998 0 0.00195548 68.0556 0 1 0 0 -0.00195548 0 0.999998 206.593
1 0 0.000640009 68.0487 0 1 0 0 -0.000640009 0 1 207.18
0.999996 0 -0.00280328 68.0524 0 1 0 0 0.00280328 0 0.999996 207.75
0.999982 0 -0.00598978 68.0379 0 1 0 0 0.00598978 0 0.999982 208.337
0.999952 0 -0.00984272 68.0149 0 1 0 0 0.00984272 0 0.999952 208.924
0.999899 0 -0.0142091 68.0027 0 1 0 0 0.0142091 0 0.999899 209.567
0.999825 0 -0.0187195 68.0023 0 1 0 0 0.0187195 0 0.999825 210.263
0.999786 0 -0.0206873 67.9796 0 1 0 0 0.0206873 0 0.999786 210.973
0.999729 0 -0.0232742 67.9536 0 1 0 0 0.0232742 0 0.999729 211.701
0.999636 0 -0.0269862 67.9205 0 1 0 0 0.0269862 0 0.999636 212.386
0.999586 0 -0.0287706 67.9056 0 1 0 0 0.0287706 0 0.999586 213.07
0.999586 0 -0.0287706 67.8838 0 1 0 0 0.0287706 0 0.999586 213.762
0.999535 0 -0.0304935 67.8727 0 1 0 0 0.0304935 0 0.999535 214.475
0.999473 0 -0.0324734 67.8555 0 1 0 0 0.0324734 0 0.999473 215.198
0.99943 0 -0.0337453 67.8426 0 1 0 0 0.0337453 0 0.99943 215.889
0.99943 0 -0.0337453 67.8134 0 1 0 0 0.0337453 0 0.99943 216.583
0.99943 0 -0.0337453 67.7896 0 1 0 0 0.0337453 0 0.99943 217.263
0.99943 0 -0.0337453 67.7621 0 1 0 0 0.0337453 0 0.99943 217.93
0.999456 0 -0.0329676 67.725 0 1 0 0 0.0329676 0 0.999456 218.629
0.999488 0 -0.0320017 67.6785 0 1 0 0 0.0320017 0 0.999488 219.381
0.999488 0 -0.0320017 67.6543 0 1 0 0 0.0320017 0 0.999488 220.114
0.999533 0 -0.0305677 67.6231 0 1 0 0 0.0305677 0 0.999533 220.862
0.999533 0 -0.0305677 67.5996 0 1 0 0 0.0305677 0 0.999533 221.569
0.999533 0 -0.0305677 67.5727 0 1 0 0 0.0305677 0 0.999533 222.192
0.999499 0 -0.0316589 67.5785 0 1 0 0 0.0316589 0 0.999499 222.823
0.999475 0 -0.0323909 67.5608 0 1 0 0 0.0323909 0 0.999475 223.371
0.999475 0 -0.0323909 67.5431 0 1 0 0 0.0323909 0 0.999475 223.918
0.999363 0 -0.0356815 67.5416 0 1 0 0 0.0356815 0 0.999363 224.594
0.999216 0 -0.0395974 67.5711 0 1 0 0 0.0395974 0 0.999216 225.189
0.998808 0 -0.0488171 67.5576 0 1 0 0 0.0488171 0 0.998808 225.857
0.998808 0 -0.0488171 67.544 0 1 0 0 0.0488171 0 0.998808 226.524
0.998352 0 -0.057386 67.5213 0 1 0 0 0.057386 0 0.998352 227.115
0.997666 0 -0.0682827 67.4826 0 1 0 0 0.0682827 0 0.997666 227.622
0.996563 0 -0.0828403 67.4385 0 1 0 0 0.0828403 0 0.996563 228.159
0.99485 0 -0.10136 67.359 0 1 0 0 0.10136 0 0.99485 228.691
0.992353 0 -0.123433 67.2895 0 1 0 0 0.123433 0 0.992353 229.183
0.98896 0 -0.148181 67.223 0 1 0 0 0.148181 0 0.98896 229.575
0.984431 0 -0.175769 67.1482 0 1 0 0 0.175769 0 0.984431 229.901
0.978215 0 -0.207596 67.0363 0 1 0 0 0.207596 0 0.978215 230.344
0.970055 0 -0.242887 66.8958 0 1 0 0 0.242887 0 0.970055 230.774
0.959204 0 -0.282716 66.7582 0 1 0 0 0.282716 0 0.959204 231.165
0.945836 0 -0.324644 66.5892 0 1 0 0 0.324644 0 0.945836 231.539
0.929281 0 -0.369375 66.4156 0 1 0 0 0.369375 0 0.929281 231.897
0.909693 0 -0.415281 66.2189 0 1 0 0 0.415281 0 0.909693 232.235
0.8864 0 -0.462921 66.0092 0 1 0 0 0.462921 0 0.8864 232.545
0.859547 0 -0.511056 65.7894 0 1 0 0 0.511056 0 0.859547 232.828
0.829381 0 -0.558684 65.536 0 1 0 0 0.558684 0 0.829381 233.108
0.794956 0 -0.606667 65.2801 0 1 0 0 0.606667 0 0.794956 233.376
0.758861 0 -0.651253 64.9942 0 1 0 0 0.651253 0 0.758861 233.628
0.720982 0 -0.692954 64.6724 0 1 0 0 0.692954 0 0.720982 233.874
0.681973 0 -0.731378 64.3245 0 1 0 0 0.731378 0 0.681973 234.106
0.640755 0 -0.767745 63.9543 0 1 0 0 0.767745 0 0.640755 234.325
0.597013 0 -0.802232 63.5674 0 1 0 0 0.802232 0 0.597013 234.546
0.551339 0 -0.834281 63.082 0 1 0 0 0.834281 0 0.551339 234.779
0.503419 0 -0.864043 62.5948 0 1 0 0 0.864043 0 0.503419 234.99
0.453177 0 -0.89142 62.1736 0 1 0 0 0.89142 0 0.453177 235.147
0.400258 0 -0.916402 61.7405 0 1 0 0 0.916402 0 0.400258 235.302
0.3466 0 -0.938013 61.2885 0 1 0 0 0.938013 0 0.3466 235.433
0.296082 0 -0.955163 60.8421 0 1 0 0 0.955163 0 0.296082 235.52
0.247198 0 -0.968965 60.3672 0 1 0 0 0.968965 0 0.247198 235.599
0.200961 0 -0.979599 59.874 0 1 0 0 0.979599 0 0.200961 235.665
0.159105 0 -0.987262 59.4403 0 1 0 0 0.987262 0 0.159105 235.666
0.0837262 0 -0.996489 58.8735 0 1 0 0 0.996489 0 0.0837262 235.703
0.0837262 0 -0.996489 58.3067 0 1 0 0 0.996489 0 0.0837262 235.74
0.0549003 0 -0.998492 57.7244 0 1 0 0 0.998492 0 0.0549003 235.743
0.0294399 0 -0.999567 57.2598 0 1 0 0 0.999567 0 0.0294399 235.742
0.00702491 0 -0.999975 56.735 0 1 0 0 0.999975 0 0.00702491 235.728
-0.0115024 -0 -0.999934 56.2681 0 1 -0 0 0.999934 0 -0.0115024 235.704
-0.0253388 -0 -0.999679 55.9093 0 1 -0 0 0.999679 0 -0.0253388 235.667
-0.0355015 -0 -0.99937 55.4315 0 1 -0 0 0.99937 0 -0.0355015 235.632
-0.0413162 -0 -0.999146 54.8809 0 1 -0 0 0.999146 0 -0.0413162 235.597
-0.0478633 -0 -0.998854 54.2808 0 1 -0 0 0.998854 0 -0.0478633 235.602
-0.0512142 -0 -0.998688 53.7004 0 1 -0 0 0.998688 0 -0.0512142 235.592
-0.0539947 -0 -0.998541 53.0762 0 1 -0 0 0.998541 0 -0.0539947 235.578
-0.0576224 -0 -0.998338 52.4205 0 1 -0 0 0.998338 0 -0.0576224 235.587
-0.0570879 -0 -0.998369 51.7759 0 1 -0 0 0.998369 0 -0.0570879 235.543
-0.0570879 -0 -0.998369 51.089 0 1 -0 0 0.998369 0 -0.0570879 235.521
-0.0570879 -0 -0.998369 50.3898 0 1 -0 0 0.998369 0 -0.0570879 235.492
-0.053209 -0 -0.998583 49.7382 0 1 -0 0 0.998583 0 -0.053209 235.422
-0.0516715 -0 -0.998664 49.0549 0 1 -0 0 0.998664 0 -0.0516715 235.377
-0.0482967 -0 -0.998833 48.3055 0 1 -0 0 0.998833 0 -0.0482967 235.335
-0.0482967 -0 -0.998833 47.5562 0 1 -0 0 0.998833 0 -0.0482967 235.294
-0.0462401 -0 -0.99893 46.7595 0 1 -0 0 0.99893 0 -0.0462401 235.24
-0.0439474 -0 -0.999034 45.9403 0 1 -0 0 0.999034 0 -0.0439474 235.201
-0.0427168 -0 -0.999087 45.144 0 1 -0 0 0.999087 0 -0.0427168 235.16
-0.0367616 -0 -0.999324 44.3384 0 1 -0 0 0.999324 0 -0.0367616 235.074
-0.0367616 -0 -0.999324 43.471 0 1 -0 0 0.999324 0 -0.0367616 235.049
-0.0361676 -0 -0.999346 42.6034 0 1 -0 0 0.999346 0 -0.0361676 235.015
-0.0361676 -0 -0.999346 41.713 0 1 -0 0 0.999346 0 -0.0361676 234.982
-0.0376455 -0 -0.999291 40.7768 0 1 -0 0 0.999291 0 -0.0376455 234.969
-0.0386703 -0 -0.999252 39.9159 0 1 -0 0 0.999252 0 -0.0386703 234.917
-0.0401177 -0 -0.999195 39.0125 0 1 -0 0 0.999195 0 -0.0401177 234.888
-0.0414705 -0 -0.99914 38.1661 0 1 -0 0 0.99914 0 -0.0414705 234.837
-0.0454928 -0 -0.998965 37.2655 0 1 -0 0 0.998965 0 -0.0454928 234.804
-0.0495638 -0 -0.998771 36.358 0 1 -0 0 0.998771 0 -0.0495638 234.783
-0.050604 -0 -0.998719 35.3391 0 1 -0 0 0.998719 0 -0.050604 234.707
-0.048747 -0 -0.998811 34.2378 0 1 -0 0 0.998811 0 -0.048747 234.573
-0.0501125 -0 -0.998744 33.0385 0 1 -0 0 0.998744 0 -0.0501125 234.419
-0.0501125 -0 -0.998744 31.8392 0 1 -0 0 0.998744 0 -0.0501125 234.264
-0.0467727 -0 -0.998906 30.817 0 1 -0 0 0.998906 0 -0.0467727 234.13
-0.0434747 -0 -0.999055 29.6879 0 1 -0 0 0.999055 0 -0.0434747 234.066
-0.0429446 -0 -0.999077 28.4601 0 1 -0 0 0.999077 0 -0.0429446 233.978
-0.0442364 -0 -0.999021 27.1304 0 1 -0 0 0.999021 0 -0.0442364 233.92
-0.0475978 -0 -0.998867 25.7554 0 1 -0 0 0.998867 0 -0.0475978 233.918
-0.0446359 -0 -0.999003 24.3818 0 1 -0 0 0.999003 0 -0.0446359 233.855
-0.0446359 -0 -0.999003 23.0082 0 1 -0 0 0.999003 0 -0.0446359 233.793
-0.0405413 -0 -0.999178 22.9753 0 1 -0 0 0.999178 0 -0.0405413 233.791
-0.0405413 -0 -0.999178 22.9424 0 1 -0 0 0.999178 0 -0.0405413 233.789
-0.0353231 -0 -0.999376 21.8729 0 1 -0 0 0.999376 0 -0.0353231 233.757
-0.0324029 -0 -0.999475 20.7036 0 1 -0 0 0.999475 0 -0.0324029 233.718
-0.0280083 -0 -0.999608 19.826 0 1 -0 0 0.999608 0 -0.0280083 233.634
-0.0252364 -0 -0.999682 18.9234 0 1 -0 0 0.999682 0 -0.0252364 233.607
-0.0252364 -0 -0.999682 18.0208 0 1 -0 0 0.999682 0 -0.0252364 233.58
-0.0211266 -0 -0.999777 17.2213 0 1 -0 0 0.999777 0 -0.0211266 233.488
-0.0241187 -0 -0.999709 16.34 0 1 -0 0 0.999709 0 -0.0241187 233.459
-0.0241187 -0 -0.999709 15.4586 0 1 -0 0 0.999709 0 -0.0241187 233.429
-0.0332812 -0 -0.999446 14.4427 0 1 -0 0 0.999446 0 -0.0332812 233.515
-0.0398439 -0 -0.999206 13.5753 0 1 -0 0 0.999206 0 -0.0398439 233.487
-0.0398439 -0 -0.999206 12.708 0 1 -0 0 0.999206 0 -0.0398439 233.459
-0.03917 -0 -0.999233 11.9513 0 1 -0 0 0.999233 0 -0.03917 233.343
-0.050474 -0 -0.998725 11.0947 0 1 -0 0 0.998725 0 -0.050474 233.31
-0.050474 -0 -0.998725 10.2382 0 1 -0 0 0.998725 0 -0.050474 233.277
-0.0544169 -0 -0.998518 9.3977 0 1 -0 0 0.998518 0 -0.0544169 233.199
-0.057534 -0 -0.998344 8.52607 0 1 -0 0 0.998344 0 -0.057534 233.136
-0.0611976 -0 -0.998126 7.56815 0 1 -0 0 0.998126 0 -0.0611976 233.081
-0.0640925 -0 -0.997944 6.6325 0 1 -0 0 0.997944 0 -0.0640925 233.006
-0.0663197 -0 -0.997798 5.70877 0 1 -0 0 0.997798 0 -0.0663197 232.942
-0.0683575 -0 -0.997661 4.92419 0 1 -0 0 0.997661 0 -0.0683575 232.876
-0.0636781 -0 -0.99797 4.12255 0 1 -0 0 0.99797 0 -0.0636781 232.75
-0.0608071 -0 -0.99815 3.49356 0 1 -0 0 0.99815 0 -0.0608071 232.663
-0.0608071 -0 -0.99815 2.86457 0 1 -0 0 0.99815 0 -0.0608071 232.576
-0.0608071 -0 -0.99815 2.12577 0 1 -0 0 0.99815 0 -0.0608071 232.524
-0.0579201 -0 -0.998321 1.46297 0 1 -0 0 0.998321 0 -0.0579201 232.453
-0.0605363 -0 -0.998166 0.77355 0 1 -0 0 0.998166 0 -0.0605363 232.438
-0.0572871 -0 -0.998358 0.0196747 0 1 -0 0 0.998358 0 -0.0572871 232.43
-0.0572871 -0 -0.998358 -0.734201 0 1 -0 0 0.998358 0 -0.0572871 232.421
-0.0542833 -0 -0.998526 -1.49146 0 1 -0 0 0.998526 0 -0.0542833 232.374
-0.0499515 -0 -0.998752 -2.24751 0 1 -0 0 0.998752 0 -0.0499515 232.319
-0.0460216 -0 -0.99894 -2.99608 0 1 -0 0 0.99894 0 -0.0460216 232.264
-0.0378007 -0 -0.999285 -3.78106 0 1 -0 0 0.999285 0 -0.0378007 232.214
-0.0378007 -0 -0.999285 -4.56603 0 1 -0 0 0.999285 0 -0.0378007 232.164
-0.0339101 -0 -0.999425 -5.86275 0 1 -0 0 0.999425 0 -0.0339101 232.127
-0.0319765 -0 -0.999489 -6.90538 0 1 -0 0 0.999489 0 -0.0319765 232.155
-0.0223926 -0 -0.999749 -7.62471 0 1 -0 0 0.999749 0 -0.0223926 232.133
-0.0223926 -0 -0.999749 -8.34403 0 1 -0 0 0.999749 0 -0.0223926 232.111
-0.0160727 -0 -0.999871 -8.37689 0 1 -0 0 0.999871 0 -0.0160727 232.108
-0.00702703 -0 -0.999975 -9.06054 0 1 -0 0 0.999975 0 -0.00702703 232.085
-0.00702703 -0 -0.999975 -9.74419 0 1 -0 0 0.999975 0 -0.00702703 232.061
-0.00395642 -0 -0.999992 -9.77716 0 1 -0 0 0.999992 0 -0.00395642 232.063
0.00666006 0 -0.999978 -10.2499 0 1 0 0 0.999978 0 0.00666006 232.063
0.00666006 0 -0.999978 -10.7227 0 1 0 0 0.999978 0 0.00666006 232.063
0.0151179 0 -0.999886 -10.7555 0 1 0 0 0.999886 0 0.0151179 232.059
0.0267043 0 -0.999643 -11.1644 0 1 0 0 0.999643 0 0.0267043 232.081
0.0267043 0 -0.999643 -11.5733 0 1 0 0 0.999643 0 0.0267043 232.103
0.0306726 0 -0.999529 -11.9163 0 1 0 0 0.999529 0 0.0306726 232.122
0.0406545 0 -0.999173 -12.2616 0 1 0 0 0.999173 0 0.0406545 232.144
0.0406545 0 -0.999173 -12.6068 0 1 0 0 0.999173 0 0.0406545 232.167
0.0456033 0 -0.99896 -12.9363 0 1 0 0 0.99896 0 0.0456033 232.186
0.0499663 0 -0.998751 -13.1663 0 1 0 0 0.998751 0 0.0499663 232.19
0.053763 0 -0.998554 -13.4327 0 1 0 0 0.998554 0 0.053763 232.207
0.059966 0 -0.9982 -13.5916 0 1 0 0 0.9982 0 0.059966 232.218
0.059966 0 -0.9982 -13.7505 0 1 0 0 0.9982 0 0.059966 232.229
0.0644025 0 -0.997924 -13.8948 0 1 0 0 0.997924 0 0.0644025 232.235
0.0644025 0 -0.997924 -14.039 0 1 0 0 0.997924 0 0.0644025 232.242
0.0673514 0 -0.997729 -14.072 0 1 0 0 0.997729 0 0.0673514 232.242
0.0673514 0 -0.997729 -14.105 0 1 0 0 0.997729 0 0.0673514 232.242
0.0760104 0 -0.997107 -14.1371 0 1 0 0 0.997107 0 0.0760104 232.234
0.0760104 0 -0.997107 -14.1693 0 1 0 0 0.997107 0 0.0760104 232.226
0.0760104 0 -0.997107 -14.2014 0 1 0 0 0.997107 0 0.0760104 232.219
0.076618 0 -0.997061 -14.2343 0 1 0 0 0.997061 0 0.076618 232.216
0.076618 0 -0.997061 -14.2672 0 1 0 0 0.997061 0 0.076618 232.214
0.076618 0 -0.997061 -14.3001 0 1 0 0 0.997061 0 0.076618 232.212
0.076618 0 -0.997061 -14.333 0 1 0 0 0.997061 0 0.076618 232.21
0.076618 0 -0.997061 -14.366 0 1 0 0 0.997061 0 0.076618 232.207
0.076618 0 -0.997061 -14.3989 0 1 0 0 0.997061 0 0.076618 232.205
0.076618 0 -0.997061 -14.4318 0 1 0 0 0.997061 0 0.076618 232.203
0.076618 0 -0.997061 -14.4647 0 1 0 0 0.997061 0 0.076618 232.2
0.076618 0 -0.997061 -14.4976 0 1 0 0 0.997061 0 0.076618 232.198
0.076618 0 -0.997061 -14.5306 0 1 0 0 0.997061 0 0.076618 232.196
0.076618 0 -0.997061 -14.5635 0 1 0 0 0.997061 0 0.076618 232.193
0.076618 0 -0.997061 -14.5964 0 1 0 0 0.997061 0 0.076618 232.191
0.076618 0 -0.997061 -14.6293 0 1 0 0 0.997061 0 0.076618 232.189
0.076618 0 -0.997061 -14.6622 0 1 0 0 0.997061 0 0.076618 232.187
0.076618 0 -0.997061 -14.6952 0 1 0 0 0.997061 0 0.076618 232.184
0.0782094 0 -0.996937 -14.7272 0 1 0 0 0.996937 0 0.0782094 232.192
0.0782094 0 -0.996937 -14.7593 0 1 0 0 0.996937 0 0.0782094 232.2
0.0782094 0 -0.996937 -14.7913 0 1 0 0 0.996937 0 0.0782094 232.208
0.0782094 0 -0.996937 -14.8233 0 1 0 0 0.996937 0 0.0782094 232.216
0.081916 0 -0.996639 -14.9253 0 1 0 0 0.996639 0 0.081916 232.224
0.081916 0 -0.996639 -15.0272 0 1 0 0 0.996639 0 0.081916 232.232
0.0853819 0 -0.996348 -15.06 0 1 0 0 0.996348 0 0.0853819 232.236
0.0984443 0 -0.995143 -15.1708 0 1 0 0 0.995143 0 0.0984443 232.25
0.0984443 0 -0.995143 -15.2815 0 1 0 0 0.995143 0 0.0984443 232.264
0.107993 0 -0.994152 -15.3641 0 1 0 0 0.994152 0 0.107993 232.286
0.133606 0 -0.991035 -15.4972 0 1 0 0 0.991035 0 0.133606 232.311
0.133606 0 -0.991035 -15.6304 0 1 0 0 0.991035 0 0.133606 232.336
0.149823 0 -0.988713 -15.8 0 1 0 0 0.988713 0 0.149823 232.369
0.168312 0 -0.985734 -15.9609 0 1 0 0 0.985734 0 0.168312 232.418
0.214028 0 -0.976828 -16.1549 0 1 0 0 0.976828 0 0.214028 232.474
0.214028 0 -0.976828 -16.3489 0 1 0 0 0.976828 0 0.214028 232.531
0.239984 0 -0.970777 -16.5608 0 1 0 0 0.970777 0 0.239984 232.609
0.270598 0 -0.962692 -16.7873 0 1 0 0 0.962692 0 0.270598 232.684
0.303799 0 -0.952736 -17.0228 0 1 0 0 0.952736 0 0.303799 232.778
0.338714 0 -0.940889 -17.242 0 1 0 0 0.940889 0 0.338714 232.894
0.376692 0 -0.926338 -17.4796 0 1 0 0 0.926338 0 0.376692 233.038
0.418015 0 -0.90844 -17.7312 0 1 0 0 0.90844 0 0.418015 233.182
0.460543 0 -0.887637 -17.9808 0 1 0 0 0.887637 0 0.460543 233.359
0.504754 0 -0.863264 -18.2083 0 1 0 0 0.863264 0 0.504754 233.548
0.550845 0 -0.834608 -18.4863 0 1 0 0 0.834608 0 0.550845 233.77
0.643525 0 -0.765425 -18.8188 0 1 0 0 0.765425 0 0.643525 234.097
0.643525 0 -0.765425 -19.1512 0 1 0 0 0.765425 0 0.643525 234.423
0.689156 0 -0.724613 -19.4131 0 1 0 0 0.724613 0 0.689156 234.706
0.775884 0 -0.630876 -19.6941 0 1 0 0 0.630876 0 0.775884 235.112
0.775884 0 -0.630876 -19.9752 0 1 0 0 0.630876 0 0.775884 235.517
0.816112 0 -0.577893 -20.1703 0 1 0 0 0.577893 0 0.816112 235.852
0.852277 0 -0.52309 -20.3551 0 1 0 0 0.52309 0 0.852277 236.219
0.883248 0 -0.468907 -20.5218 0 1 0 0 0.468907 0 0.883248 236.629
0.91021 0 -0.414148 -20.6762 0 1 0 0 0.414148 0 0.91021 237.059
0.932868 0 -0.36022 -20.803 0 1 0 0 0.36022 0 0.932868 237.479
0.95104 0 -0.309067 -20.9269 0 1 0 0 0.309067 0 0.95104 238.032
0.965526 0 -0.260306 -21.0377 0 1 0 0 0.260306 0 0.965526 238.521
0.976887 0 -0.213756 -21.1383 0 1 0 0 0.213756 0 0.976887 239.029
0.985063 0 -0.172195 -21.1649 0 1 0 0 0.172195 0 0.985063 239.406
0.99465 0 -0.103299 -21.1948 0 1 0 0 0.103299 0 0.99465 239.889
0.99465 0 -0.103299 -21.2246 0 1 0 0 0.103299 0 0.99465 240.372
0.997034 0 -0.0769568 -21.2517 0 1 0 0 0.0769568 0 0.997034 240.963
0.998465 0 -0.0553951 -21.2953 0 1 0 0 0.0553951 0 0.998465 241.599
0.999262 0 -0.0384209 -21.3318 0 1 0 0 0.0384209 0 0.999262 242.232
