1 -4.92894e-009 -7.73619e-006 -0.0241693 -4.92894e-009 0.999999 -0.00127425 -0.00537111 7.73619e-006 0.00127425 0.999999 0.626865
0.999998 -2.57183e-006 -0.00176124 -0.0193611 -2.57183e-006 0.999996 -0.00292046 -0.0170125 0.00176124 0.00292046 0.999994 1.22535
0.999978 -1.25099e-005 -0.00669917 0.0420099 -1.25099e-005 0.999993 -0.00373471 -0.045326 0.00669917 0.00373471 0.999971 1.81668
0.999975 -2.01455e-005 -0.00712828 -0.0124103 -2.01455e-005 0.999984 -0.00565216 -0.0628634 0.00712828 0.00565216 0.999959 2.42567
0.999957 -3.7934e-005 -0.00932234 -0.000165185 -3.7934e-005 0.999967 -0.00813798 -0.0622269 0.00932234 0.00813798 0.999923 3.02135
0.999945 -4.37614e-005 -0.0105103 -0.0210754 -4.37614e-005 0.999965 -0.00832694 -0.0875659 0.0105103 0.00832694 0.99991 3.61517
0.999928 -4.87435e-005 -0.012012 -0.031947 -4.87435e-005 0.999967 -0.00811534 -0.0999989 0.012012 0.00811534 0.999895 4.20001
0.999887 -6.25194e-005 -0.0150342 -0.0119104 -6.25194e-005 0.999965 -0.00831632 -0.119712 0.0150342 0.00831632 0.999852 4.78898
0.999883 -8.6073e-005 -0.0152879 -0.0536061 -8.6073e-005 0.999937 -0.0112593 -0.13114 0.0152879 0.0112593 0.99982 5.36904
0.999875 -0.00011796 -0.015841 -0.078997 -0.00011796 0.999889 -0.0148913 -0.152196 0.015841 0.0148913 0.999764 5.94524
0.999824 -0.000178147 -0.0187732 -0.0858138 -0.000178147 0.99982 -0.0189755 -0.171882 0.0187732 0.0189755 0.999644 6.51831
0.999805 -0.000183273 -0.0197281 -0.100953 -0.000183273 0.999827 -0.0185764 -0.190694 0.0197281 0.0185764 0.999633 7.09439
0.999814 -0.000112808 -0.0192654 -0.146797 -0.000112808 0.999931 -0.0117095 -0.206513 0.0192654 0.0117095 0.999746 7.63892
0.999773 -1.31085e-005 -0.0213172 -0.140232 -1.31085e-005 0.999999 -0.00122971 -0.201849 0.0213172 0.00122971 0.999772 8.21845
0.99975 5.90838e-005 -0.0223681 -0.143816 5.90838e-005 0.999986 0.00528216 -0.188554 0.0223681 -0.00528216 0.999736 8.79941
0.99972 4.94844e-005 -0.0236813 -0.174984 4.94844e-005 0.999991 0.00417859 -0.180374 0.0236813 -0.00417859 0.999711 9.38711
0.999705 -3.53706e-005 -0.0242705 -0.200403 -3.53706e-005 0.999996 -0.00291426 -0.21379 0.0242705 0.00291426 0.999701 10.0014
0.999692 -0.000108894 -0.0248305 -0.221484 -0.000108894 0.999962 -0.00876945 -0.21144 0.0248305 0.00876945 0.999653 10.6421
0.999668 -9.49148e-005 -0.0257771 -0.251009 -9.49148e-005 0.999973 -0.00736294 -0.238925 0.0257771 0.00736294 0.999641 11.3181
0.999637 2.24477e-005 -0.0269271 -0.252541 2.24477e-005 0.999999 0.00166699 -0.246135 0.0269271 -0.00166699 0.999636 11.9804
0.999641 0.000123684 -0.0268035 -0.285123 0.000123684 0.999957 0.0092271 -0.238155 0.0268035 -0.0092271 0.999598 12.6373
0.99962 0.000161396 -0.0275801 -0.302708 0.000161396 0.999932 0.0117012 -0.211298 0.0275801 -0.0117012 0.999551 13.2927
0.999617 0.000144604 -0.0276908 -0.327826 0.000144604 0.999945 0.0104419 -0.198939 0.0276908 -0.0104419 0.999562 14.0529
0.999651 0.000106644 -0.0264052 -0.370578 0.000106644 0.999967 0.00807593 -0.207827 0.0264052 -0.00807593 0.999619 14.7849
0.999634 6.02408e-005 -0.0270665 -0.362529 6.02408e-005 0.99999 0.00445048 -0.214848 0.0270665 -0.00445048 0.999624 15.5047
0.999673 -1.22382e-005 -0.0255635 -0.398608 -1.22382e-005 1 -0.000957316 -0.230147 0.0255635 0.000957316 0.999673 16.2495
0.999688 -9.47043e-005 -0.0249824 -0.403543 -9.47043e-005 0.999971 -0.0075804 -0.245072 0.0249824 0.0075804 0.999659 17.0422
0.999723 -0.00015156 -0.0235282 -0.436609 -0.00015156 0.999917 -0.012881 -0.279198 0.0235282 0.012881 0.99964 17.8155
0.999715 -0.000163558 -0.0238837 -0.443614 -0.000163558 0.999906 -0.0136936 -0.312079 0.0238837 0.0136936 0.999621 18.596
0.999702 -0.000160627 -0.0244066 -0.461026 -0.000160627 0.999913 -0.0131601 -0.339252 0.0244066 0.0131601 0.999615 19.4302
0.999714 -0.000173421 -0.0239183 -0.492438 -0.000173421 0.999895 -0.0144983 -0.356558 0.0239183 0.0144983 0.999609 20.2736
0.999711 -0.000195936 -0.0240211 -0.527702 -0.000195936 0.999867 -0.0163102 -0.378015 0.0240211 0.0163102 0.999578 21.1155
0.999715 -0.000204049 -0.0238713 -0.559651 -0.000204049 0.999854 -0.0170921 -0.408918 0.0238713 0.0170921 0.999569 21.978
0.999702 -0.000205833 -0.0244107 -0.563285 -0.000205833 0.999858 -0.0168604 -0.445358 0.0244107 0.0168604 0.99956 22.8535
0.999746 -0.000193446 -0.0225427 -0.65702 -0.000193446 0.999853 -0.0171592 -0.464202 0.0225427 0.0171592 0.999599 23.7342
0.999729 -0.000198195 -0.0232898 -0.652839 -0.000198195 0.999855 -0.0170163 -0.490078 0.0232898 0.0170163 0.999584 24.6263
0.999758 -0.00017201 -0.0219769 -0.708384 -0.00017201 0.999878 -0.0156509 -0.5232 0.0219769 0.0156509 0.999636 25.5376
0.999681 -0.000170223 -0.0252648 -0.690383 -0.000170223 0.999909 -0.0134724 -0.555017 0.0252648 0.0134724 0.99959 26.4583
0.999716 -0.000151908 -0.0238109 -0.751552 -0.000151908 0.999919 -0.0127572 -0.564172 0.0238109 0.0127572 0.999635 27.385
0.999696 -0.000167914 -0.0246654 -0.762632 -0.000167914 0.999907 -0.0136127 -0.589036 0.0246654 0.0136127 0.999603 28.3249
0.999731 -0.0001651 -0.0232024 -0.82959 -0.0001651 0.999899 -0.0142286 -0.619718 0.0232024 0.0142286 0.99963 29.2342
0.999708 -0.000167567 -0.0241638 -0.82929 -0.000167567 0.999904 -0.0138666 -0.642853 0.0241638 0.0138666 0.999612 30.2087
0.999681 -0.000140192 -0.0252737 -0.844059 -0.000140192 0.999938 -0.0110918 -0.679452 0.0252737 0.0110918 0.999619 31.1753
0.999669 -9.41138e-005 -0.0257157 -0.883884 -9.41138e-005 0.999973 -0.00731826 -0.691351 0.0257157 0.00731826 0.999643 32.1482
0.999682 -6.1395e-005 -0.025203 -0.951391 -6.1395e-005 0.999988 -0.00487123 -0.707114 0.025203 0.00487123 0.99967 33.1241
0.999629 -5.81178e-005 -0.0272205 -0.941438 -5.81178e-005 0.999991 -0.00426934 -0.718642 0.0272205 0.00426934 0.99962 34.1334
0.999636 -8.03955e-005 -0.0269872 -0.984748 -8.03955e-005 0.999982 -0.0059569 -0.735883 0.0269872 0.0059569 0.999618 35.1369
0.999634 -8.31791e-005 -0.0270565 -1.03698 -8.31791e-005 0.999981 -0.00614737 -0.765971 0.0270565 0.00614737 0.999615 36.1528
0.99962 -6.88518e-005 -0.0275514 -1.07656 -6.88518e-005 0.999988 -0.00499709 -0.791017 0.0275514 0.00499709 0.999608 37.1858
0.999579 -4.51265e-005 -0.0290019 -1.0997 -4.51265e-005 0.999995 -0.00311131 -0.810783 0.0290019 0.00311131 0.999575 38.2326
0.99955 -6.96896e-006 -0.0299998 -1.12787 -6.96896e-006 1 -0.000464496 -0.825975 0.0299998 0.000464496 0.99955 39.284
0.999548 -1.0524e-005 -0.0300658 -1.17807 -1.0524e-005 1 -0.000699909 -0.836979 0.0300658 0.000699909 0.999548 40.3482
0.99951 -6.83167e-005 -0.0312887 -1.20622 -6.83167e-005 0.99999 -0.00436577 -0.858932 0.0312887 0.00436577 0.999501 41.4265
0.999533 -0.000127515 -0.030569 -1.26176 -0.000127515 0.999965 -0.00834066 -0.890396 0.030569 0.00834066 0.999498 42.5121
0.999552 -0.000128143 -0.0299247 -1.32191 -0.000128143 0.999963 -0.00856229 -0.939178 0.0299247 0.00856229 0.999515 43.6066
0.999536 -9.10081e-005 -0.0304529 -1.34467 -9.10081e-005 0.999982 -0.00597553 -0.970037 0.0304529 0.00597553 0.999518 44.716
0.999579 -5.22941e-005 -0.0290104 -1.40976 -5.22941e-005 0.999994 -0.00360443 -0.993627 0.0290104 0.00360443 0.999573 45.8323
0.999553 -3.89474e-005 -0.0298916 -1.42438 -3.89474e-005 0.999997 -0.00260532 -0.996871 0.0298916 0.00260532 0.99955 46.9618
0.999588 -4.92524e-005 -0.0287067 -1.47726 -4.92524e-005 0.999994 -0.00343071 -1.01799 0.0287067 0.00343071 0.999582 48.0981
0.99957 -7.83091e-005 -0.029311 -1.49873 -7.83091e-005 0.999986 -0.00534213 -1.04462 0.029311 0.00534213 0.999556 49.249
0.999607 -0.000104303 -0.0280406 -1.54968 -0.000104303 0.999972 -0.00743788 -1.08254 0.0280406 0.00743788 0.999579 50.4045
0.999613 -0.000139633 -0.0278227 -1.58816 -0.000139633 0.99995 -0.0100352 -1.12202 0.0278227 0.0100352 0.999563 51.5695
0.999613 -0.000187811 -0.0278302 -1.62971 -0.000187811 0.999909 -0.0134937 -1.16875 0.0278302 0.0134937 0.999522 52.7314
0.999627 -0.000205952 -0.0273141 -1.66442 -0.000205952 0.999886 -0.0150766 -1.20921 0.0273141 0.0150766 0.999513 53.7599
0.999619 -0.000178885 -0.0275912 -1.68979 -0.000178885 0.999916 -0.0129638 -1.25312 0.0275912 0.0129638 0.999535 54.973
0.999626 -0.000100535 -0.0273404 -1.72561 -0.000100535 0.999973 -0.00735285 -1.28028 0.0273404 0.00735285 0.999599 56.141
0.999636 -1.66643e-005 -0.0269773 -1.75445 -1.66643e-005 0.999999 -0.00123521 -1.28821 0.0269773 0.00123521 0.999635 57.2767
0.999646 -8.9237e-006 -0.026619 -1.78209 -8.9237e-006 1 -0.000670357 -1.27936 0.026619 0.000670357 0.999645 58.4089
0.99966 -4.79675e-005 -0.0260776 -1.8225 -4.79675e-005 0.999993 -0.00367819 -1.29367 0.0260776 0.00367819 0.999653 59.6226
0.999668 -9.05801e-005 -0.0257498 -1.86328 -9.05801e-005 0.999975 -0.00703416 -1.3313 0.0257498 0.00703416 0.999644 60.796
0.999667 -0.000141546 -0.0258071 -1.90537 -0.000141546 0.99994 -0.0109673 -1.38433 0.0258071 0.0109673 0.999607 61.9678
0.99966 -0.000198688 -0.0260917 -1.93794 -0.000198688 0.999884 -0.0152265 -1.43092 0.0260917 0.0152265 0.999544 63.1551
0.999669 -0.000203635 -0.0257364 -1.967 -0.000203635 0.999875 -0.0158211 -1.48033 0.0257364 0.0158211 0.999544 64.376
0.999697 -0.000148884 -0.0246271 -2.01671 -0.000148884 0.999927 -0.0120888 -1.52823 0.0246271 0.0120888 0.999624 65.5301
0.999687 -0.000124693 -0.0250034 -2.045 -0.000124693 0.99995 -0.00997223 -1.55095 0.0250034 0.00997223 0.999638 66.7067
0.999686 -0.000114041 -0.0250771 -2.08177 -0.000114041 0.999959 -0.00909364 -1.56298 0.0250771 0.00909364 0.999644 67.8728
0.999673 -9.58189e-005 -0.0255666 -2.11097 -9.58189e-005 0.999972 -0.0074943 -1.61425 0.0255666 0.0074943 0.999645 69.0757
0.999735 -8.36946e-005 -0.0230234 -2.26199 -8.36946e-005 0.999974 -0.00726934 -1.61141 0.0230234 0.00726934 0.999708 70.2374
0.999673 -6.23799e-005 -0.0255826 -2.19544 -6.23799e-005 0.999988 -0.00487591 -1.65172 0.0255826 0.00487591 0.999661 71.4411
0.999655 -3.53341e-005 -0.0262506 -2.23177 -3.53341e-005 0.999996 -0.0026916 -1.68529 0.0262506 0.0026916 0.999652 72.6445
0.999624 -4.88119e-005 -0.027408 -2.29549 -4.88119e-005 0.999994 -0.00356119 -1.70521 0.027408 0.00356119 0.999618 73.855
0.999615 -0.000112597 -0.0277446 -2.31549 -0.000112597 0.999967 -0.00811499 -1.72409 0.0277446 0.00811499 0.999582 75.0511
0.999613 -0.000142343 -0.0278074 -2.38219 -0.000142343 0.999948 -0.0102355 -1.76456 0.0278074 0.0102355 0.999561 76.248
0.99959 -0.000118765 -0.0286159 -2.4255 -0.000118765 0.999966 -0.00829876 -1.81778 0.0286159 0.00829876 0.999556 77.4494
0.999589 -5.98055e-005 -0.0286511 -2.50459 -5.98055e-005 0.999991 -0.00417388 -1.83855 0.0286511 0.00417388 0.999581 78.6852
0.999573 -2.46991e-006 -0.0292297 -2.53777 -2.46991e-006 1 -0.000168964 -1.84688 0.0292297 0.000168964 0.999573 79.8961
0.999543 8.21066e-006 -0.0302212 -2.58358 8.21066e-006 1 0.000543247 -1.85019 0.0302212 -0.000543247 0.999543 81.1231
0.99949 -1.60393e-005 -0.0319286 -2.60882 -1.60393e-005 0.999999 -0.00100444 -1.87856 0.0319286 0.00100444 0.99949 82.3564
0.999552 -2.04652e-005 -0.0299297 -2.74299 -2.04652e-005 0.999999 -0.00136725 -1.91524 0.0299297 0.00136725 0.999551 83.5614
0.99955 -3.44601e-005 -0.0299974 -2.77557 -3.44601e-005 0.999997 -0.00229702 -1.94911 0.0299974 0.00229702 0.999547 84.805
0.999511 -2.91083e-005 -0.0312842 -2.81256 -2.91083e-005 0.999998 -0.00186044 -1.97445 0.0312842 0.00186044 0.999509 86.0375
0.999479 -5.15324e-006 -0.0322891 -2.84316 -5.15324e-006 1 -0.000319111 -1.99733 0.0322891 0.000319111 0.999479 87.2585
0.999459 4.05153e-005 -0.0329004 -2.89471 4.05153e-005 0.999997 0.00246224 -2.02626 0.0329004 -0.00246224 0.999456 88.467
0.999419 5.55012e-005 -0.0340946 -2.93647 5.55012e-005 0.999995 0.00325477 -2.04115 0.0340946 -0.00325477 0.999413 89.5669
0.999363 6.49679e-005 -0.0356845 -2.99205 6.49679e-005 0.999993 0.00364007 -2.05383 0.0356845 -0.00364007 0.999356 90.7813
0.999261 4.51509e-005 -0.0384468 -3.07135 4.51509e-005 0.999997 0.00234787 -2.06962 0.0384468 -0.00234787 0.999258 91.956
0.999078 3.37069e-005 -0.0429412 -3.11745 3.37069e-005 0.999999 0.00156918 -2.10619 0.0429412 -0.00156918 0.999076 93.0981
0.998971 4.1342e-005 -0.045347 -3.19827 4.1342e-005 0.999998 0.00182242 -2.1328 0.045347 -0.00182242 0.99897 94.2279
0.998797 7.25458e-005 -0.0490453 -3.27054 7.25458e-005 0.999996 0.00295653 -2.15716 0.0490453 -0.00295653 0.998792 95.4176
0.998668 0.000105323 -0.0515953 -3.36077 0.000105323 0.999992 0.00407992 -2.17757 0.0515953 -0.00407992 0.99866 96.5487
0.998493 0.000175798 -0.0548703 -3.42306 0.000175798 0.999979 0.00640288 -2.2155 0.0548703 -0.00640288 0.998473 97.5901
0.998381 0.000191062 -0.0568866 -3.52444 0.000191062 0.999977 0.00671177 -2.21314 0.0568866 -0.00671177 0.998358 98.6856
0.998212 0.00021429 -0.0597783 -3.60756 0.00021429 0.999974 0.00716297 -2.23057 0.0597783 -0.00716297 0.998186 99.7649
0.998084 0.000187894 -0.0618771 -3.70889 0.000187894 0.999982 0.00606726 -2.24919 0.0618771 -0.00606726 0.998065 100.817
0.997865 9.27701e-005 -0.0653139 -3.75374 9.27701e-005 0.999996 0.00283771 -2.28506 0.0653139 -0.00283771 0.997861 101.823
0.997683 -8.92784e-006 -0.0680304 -3.84245 -8.92784e-006 1 -0.000262162 -2.3275 0.0680304 0.000262162 0.997683 102.741
0.99759 -0.000111716 -0.0693866 -3.95073 -0.000111716 0.999995 -0.00321621 -2.35393 0.0693866 0.00321621 0.997585 103.675
0.997446 -0.000131957 -0.0714257 -4.0028 -0.000131957 0.999993 -0.0036902 -2.3913 0.0714257 0.0036902 0.997439 104.637
0.997602 -0.00010595 -0.0692187 -4.11272 -0.00010595 0.999995 -0.00305763 -2.42257 0.0692187 0.00305763 0.997597 105.521
0.997785 -4.86169e-005 -0.0665204 -4.17503 -4.86169e-005 0.999999 -0.0014601 -2.43533 0.0665204 0.0014601 0.997784 106.348
0.998136 1.2541e-005 -0.0610223 -4.22816 1.2541e-005 1 0.000410646 -2.45769 0.0610223 -0.000410646 0.998136 107.177
0.998543 7.09761e-005 -0.0539682 -4.25111 7.09761e-005 0.999997 0.00262837 -2.47196 0.0539682 -0.00262837 0.998539 108.002
0.999032 0.00011704 -0.0439847 -4.27167 0.00011704 0.999986 0.00531926 -2.4841 0.0439847 -0.00531926 0.999018 108.737
0.999472 0.000108022 -0.0325024 -4.25533 0.000108022 0.999978 0.00664522 -2.49031 0.0325024 -0.00664522 0.99945 109.394
0.999814 6.87243e-005 -0.0192686 -4.23385 6.87243e-005 0.999975 0.00713253 -2.49845 0.0192686 -0.00713253 0.999789 109.95
0.999991 1.40022e-005 -0.00414694 -4.19585 1.40022e-005 0.999977 0.00675291 -2.51002 0.00414694 -0.00675291 0.999969 110.479
0.999907 -2.83827e-005 0.0136293 -4.1476 -2.83827e-005 0.999991 0.00416474 -2.52356 -0.0136293 -0.00416474 0.999898 110.982
0.999388 -4.71518e-007 0.0349808 -4.09189 -4.71518e-007 1 2.69504e-005 -2.53269 -0.0349808 -2.69504e-005 0.999388 111.379
0.998248 0.000120314 0.0591672 -4.02821 0.000120314 0.999992 -0.00406334 -2.54678 -0.0591672 0.00406334 0.99824 111.748
0.996277 0.000264388 0.0862102 -3.93376 0.000264388 0.999981 -0.00612209 -2.56147 -0.0862102 0.00612209 0.996258 112.138
0.993248 0.000381705 0.116007 -3.8327 0.000381705 0.999978 -0.00655844 -2.57367 -0.116007 0.00655844 0.993227 112.515
0.988946 0.000579861 0.148277 -3.70483 0.000579861 0.99997 -0.00777799 -2.58088 -0.148277 0.00777799 0.988915 112.899
0.982964 0.000779972 0.183798 -3.56141 0.000779972 0.999964 -0.00841484 -2.5928 -0.183798 0.00841484 0.982928 113.258
0.975095 0.000894536 0.221786 -3.39004 0.000894536 0.999968 -0.00796608 -2.60273 -0.221786 0.00796608 0.975063 113.618
0.965186 0.00108915 0.261564 -3.20831 0.00108915 0.999966 -0.0081829 -2.61352 -0.261564 0.0081829 0.965152 113.958
0.952963 0.00139095 0.303083 -3.01372 0.00139095 0.999959 -0.00896259 -2.62516 -0.303083 0.00896259 0.952922 114.291
0.937711 0.00181884 0.347413 -2.80895 0.00181884 0.999947 -0.0101444 -2.63339 -0.347413 0.0101444 0.937657 114.606
0.920318 0.0018467 0.391166 -2.572 0.0018467 0.999957 -0.00906563 -2.64534 -0.391166 0.00906563 0.920275 114.909
0.900382 0.00178603 0.435096 -2.31579 0.00178603 0.999968 -0.00780077 -2.6521 -0.435096 0.00780077 0.90035 115.194
0.877283 0.00200428 0.479969 -2.05325 0.00200428 0.999967 -0.0078391 -2.66082 -0.479969 0.0078391 0.87725 115.467
0.852952 0.00252393 0.521983 -1.77144 0.00252393 0.999957 -0.00895933 -2.67308 -0.521983 0.00895933 0.852909 115.709
0.825511 0.0038016 0.564374 -1.47863 0.0038016 0.999917 -0.012296 -2.68979 -0.564374 0.012296 0.825428 115.957
0.795205 0.00582918 0.606312 -1.17876 0.00582918 0.999834 -0.0172578 -2.70733 -0.606312 0.0172578 0.79504 116.19
0.763745 0.0088103 0.645458 -0.870991 0.0088103 0.999671 -0.0240701 -2.69629 -0.645458 0.0240701 0.763416 116.352
0.725736 0.0158262 0.687791 -0.561875 0.0158262 0.999087 -0.0396884 -2.5799 -0.687791 0.0396884 0.724823 116.536
0.685573 0.0163374 0.72782 -0.230701 0.0163374 0.999151 -0.0378169 -2.62027 -0.72782 0.0378169 0.684724 116.735
0.645838 0.014171 0.763343 0.0796585 0.014171 0.999433 -0.0305435 -2.69105 -0.763343 0.0305435 0.645271 116.898
0.603232 0.0164728 0.797396 0.40821 0.0164728 0.999316 -0.0331059 -2.63458 -0.797396 0.0331059 0.602548 117.078
0.557309 0.0153715 0.830163 0.768569 0.0153715 0.999466 -0.0288257 -2.62879 -0.830163 0.0288257 0.556776 117.113
0.51128 0.0167153 0.859252 1.0738 0.0167153 0.999428 -0.0293884 -2.664 -0.859252 0.0293884 0.510708 117.342
0.45774 0.0172279 0.888919 1.408 0.0172279 0.999453 -0.0282414 -2.74003 -0.888919 0.0282414 0.457193 117.496
0.409601 0.0191064 0.912065 1.82369 0.0191064 0.999382 -0.0295161 -2.71762 -0.912065 0.0295161 0.408982 117.409
0.358548 0.0235913 0.933213 2.19955 0.0235913 0.999132 -0.0343216 -2.73127 -0.933213 0.0343216 0.35768 117.458
0.308324 0.0302339 0.950801 2.55764 0.0302339 0.998678 -0.0415605 -2.8265 -0.950801 0.0415605 0.307002 117.467
0.26219 0.0305039 0.964534 2.93625 0.0305039 0.998739 -0.0398776 -2.81275 -0.964534 0.0398776 0.260928 117.459
0.220088 0.0273785 0.975096 3.34164 0.0273785 0.999039 -0.0342304 -2.83221 -0.975096 0.0342304 0.219127 117.523
0.184407 0.0236795 0.982565 3.72311 0.0236795 0.999313 -0.0285273 -2.84916 -0.982565 0.0285273 0.18372 117.458
0.154448 0.0211792 0.987774 4.11796 0.0211792 0.99947 -0.0247415 -2.86065 -0.987774 0.0247415 0.153918 117.433
0.126464 0.0243817 0.991671 4.53048 0.0243817 0.999319 -0.027679 -2.87286 -0.991671 0.027679 0.125784 117.444
0.101486 0.0306132 0.994366 4.9625 0.0306132 0.998957 -0.0338789 -2.8819 -0.994366 0.0338789 0.100443 117.453
0.0781448 0.0358461 0.996297 5.35264 0.0358461 0.998606 -0.0387408 -2.88714 -0.996297 0.0387408 0.076751 117.443
0.0555227 0.0332966 0.997902 5.78792 0.0332966 0.998826 -0.03518 -2.89893 -0.997902 0.03518 0.0543489 117.413
0.0351051 0.0265999 0.99903 6.24693 0.0265999 0.999267 -0.0275409 -2.91331 -0.99903 0.0275409 0.0343718 117.369
0.0172791 0.0225107 0.999597 6.72634 0.0225107 0.999484 -0.0228973 -2.93457 -0.999597 0.0228973 0.0167635 117.334
0.00246083 0.0238331 0.999713 7.22131 0.0238331 0.999431 -0.023885 -2.95495 -0.999713 0.023885 0.00189141 117.31
-0.00826196 0.0263567 0.999618 7.73129 0.0263567 0.999311 -0.0261308 -2.97525 -0.999618 0.0261308 -0.00895094 117.277
-0.0146439 0.0246265 0.999589 8.25645 0.0246265 0.999402 -0.0242611 -3.00193 -0.999589 0.0242611 -0.0152416 117.239
-0.0173597 0.0183938 0.99968 8.79142 0.0183938 0.999667 -0.0180742 -3.02395 -0.99968 0.0180742 -0.0176923 117.204
-0.0171956 0.0166265 0.999714 9.36445 0.0166265 0.999728 -0.0163408 -3.02281 -0.999714 0.0163408 -0.0174674 117.202
-0.0154699 0.0177211 0.999723 9.94533 0.0177211 0.999691 -0.0174463 -3.02764 -0.999723 0.0174463 -0.0157791 117.186
-0.0139544 0.0225551 0.999648 10.548 0.0225551 0.999498 -0.0222369 -3.04857 -0.999648 0.0222369 -0.0144561 117.204
-0.0133351 0.0235192 0.999634 11.1047 0.0235192 0.999454 -0.0232012 -3.06753 -0.999634 0.0232012 -0.013881 117.213
-0.0114808 0.0228318 0.999673 11.7681 0.0228318 0.999485 -0.0225653 -3.08836 -0.999673 0.0225653 -0.0119962 117.201
-0.0102772 0.0222917 0.999699 12.4258 0.0222917 0.999508 -0.0220583 -3.11249 -0.999699 0.0220583 -0.010769 117.185
-0.0106146 0.0251418 0.999628 13.0756 0.0251418 0.999375 -0.0248685 -3.14807 -0.999628 0.0248685 -0.0112401 117.216
-0.00888147 0.0228192 0.9997 13.7502 0.0228192 0.999484 -0.0226115 -3.15214 -0.9997 0.0226115 -0.0093976 117.187
-0.0101812 0.0231801 0.999679 14.4734 0.0231801 0.999468 -0.0229391 -3.1692 -0.999679 0.0229391 -0.0107131 117.194
-0.0104604 0.0256929 0.999615 15.1841 0.0256929 0.999347 -0.0254171 -3.20119 -0.999615 0.0254171 -0.0111137 117.161
-0.0119881 0.0273418 0.999554 15.9302 0.0273418 0.999261 -0.0270059 -3.22445 -0.999554 0.0270059 -0.0127268 117.183
-0.0130432 0.0240696 0.999625 16.7025 0.0240696 0.999428 -0.0237508 -3.23742 -0.999625 0.0237508 -0.0136151 117.157
-0.0148132 0.0233821 0.999617 17.4485 0.0233821 0.999461 -0.023032 -3.25792 -0.999617 0.023032 -0.015352 117.16
-0.0163295 0.0257622 0.999535 18.2461 0.0257622 0.999347 -0.0253365 -3.28631 -0.999535 0.0253365 -0.0169826 117.152
-0.0171937 0.0283663 0.99945 19.0941 0.0283663 0.999209 -0.0278715 -3.30652 -0.99945 0.0278715 -0.0179847 117.136
-0.0188562 0.0290751 0.999399 19.9216 0.0290751 0.99917 -0.0285199 -3.35399 -0.999399 0.0285199 -0.0196859 117.113
-0.0192036 0.0273892 0.99944 20.7313 0.0273892 0.999264 -0.0268581 -3.41157 -0.99944 0.0268581 -0.0199397 117.092
-0.0218935 0.0324223 0.999234 21.5764 0.0324223 0.998971 -0.0317033 -3.45367 -0.999234 0.0317033 -0.0229222 117.122
-0.0219569 0.0347372 0.999155 22.4361 0.0347372 0.998819 -0.0339622 -3.48505 -0.999155 0.0339622 -0.0231376 117.087
-0.0226322 0.037712 0.999032 23.299 0.037712 0.998609 -0.0368417 -3.50211 -0.999032 0.0368417 -0.0240229 117.082
-0.0217532 0.0397568 0.998973 24.0498 0.0397568 0.998453 -0.0388704 -3.51685 -0.998973 0.0388704 -0.0233001 117.06
-0.0217399 0.0420884 0.998877 24.9776 0.0420884 0.998266 -0.0411466 -3.54938 -0.998877 0.0411466 -0.0234737 117.053
-0.0215145 0.0402382 0.998958 25.7637 0.0402382 0.998415 -0.0393497 -3.60902 -0.998958 0.0393497 -0.0230996 117.043
-0.0207382 0.0375102 0.999081 26.558 0.0375102 0.998622 -0.0367143 -3.67048 -0.999081 0.0367143 -0.0221166 117.016
-0.0209151 0.0344043 0.999189 27.379 0.0344043 0.998841 -0.0336721 -3.75441 -0.999189 0.0336721 -0.0220745 117.01
-0.0206054 0.037168 0.999097 28.2859 0.037168 0.998646 -0.0363847 -3.84642 -0.999097 0.0363847 -0.021959 117.008
-0.0180807 0.0306131 0.999368 29.1095 0.0306131 0.999079 -0.0300505 -3.86074 -0.999368 0.0300505 -0.0190012 116.968
-0.018119 0.0296423 0.999396 29.9503 0.0296423 0.999137 -0.0290971 -3.84966 -0.999396 0.0290971 -0.0189821 116.965
-0.018236 0.0297126 0.999392 30.8145 0.0297126 0.999133 -0.0291628 -3.86637 -0.999392 0.0291628 -0.019103 116.949
-0.0177792 0.0331791 0.999291 31.7041 0.0331791 0.998918 -0.0325764 -3.94399 -0.999291 0.0325764 -0.0188608 116.926
-0.0212753 0.037246 0.99908 32.5666 0.037246 0.998642 -0.0364366 -3.98472 -0.99908 0.0364366 -0.0226337 116.94
-0.0233671 0.0351941 0.999107 33.4542 0.0351941 0.99879 -0.0343597 -4.03298 -0.999107 0.0343597 -0.0245775 116.91
-0.0244556 0.0353733 0.999075 34.3551 0.0353733 0.998779 -0.034497 -4.07297 -0.999075 0.034497 -0.025677 116.87
-0.0264448 0.0389525 0.998891 35.263 0.0389525 0.998522 -0.0379069 -4.14015 -0.998891 0.0379069 -0.027923 116.839
-0.0286801 0.0413654 0.998732 36.1557 0.0413654 0.998337 -0.0401612 -4.18083 -0.998732 0.0401612 -0.0303435 116.815
-0.0306774 0.0401291 0.998723 37.0676 0.0401291 0.998438 -0.038885 -4.22632 -0.998723 0.038885 -0.0322398 116.787
-0.0323047 0.0409304 0.99864 37.9976 0.0409304 0.998377 -0.0395956 -4.27644 -0.99864 0.0395956 -0.0339276 116.743
-0.033836 0.0400513 0.998625 38.9234 0.0400513 0.998448 -0.0386872 -4.32054 -0.998625 0.0386872 -0.0353876 116.706
-0.03515 0.0412733 0.998529 39.8367 0.0412733 0.998354 -0.0398132 -4.38867 -0.998529 0.0398132 -0.0367956 116.673
-0.0366016 0.0398892 0.998534 40.7699 0.0398892 0.998465 -0.0384243 -4.45105 -0.998534 0.0384243 -0.0381366 116.636
-0.0379669 0.0388141 0.998525 41.7081 0.0388141 0.998549 -0.0373392 -4.50286 -0.998525 0.0373392 -0.0394183 116.597
-0.0388805 0.0395782 0.99846 42.6323 0.0395782 0.998492 -0.0380383 -4.54525 -0.99846 0.0380383 -0.0403883 116.554
-0.040141 0.0419132 0.998315 43.3759 0.0419132 0.998311 -0.0402278 -4.58538 -0.998315 0.0402278 -0.0418299 116.534
-0.0409912 0.0436261 0.998207 44.3744 0.0436261 0.998172 -0.0418331 -4.64378 -0.998207 0.0418331 -0.0428195 116.501
-0.0416802 0.0431478 0.998199 45.302 0.0431478 0.998213 -0.0413467 -4.69898 -0.998199 0.0413467 -0.0434675 116.464
-0.0461036 0.0395759 0.998152 46.187 0.0395759 0.998503 -0.0377618 -4.80147 -0.998152 0.0377618 -0.0476008 116.505
-0.0433916 0.0451739 0.998036 47.0463 0.0451739 0.998044 -0.0432102 -4.80663 -0.998036 0.0432102 -0.0453474 116.378
-0.0435646 0.0462685 0.997979 48.0242 0.0462685 0.997949 -0.0442474 -4.91479 -0.997979 0.0442474 -0.045616 116.369
-0.0434154 0.0455729 0.998017 48.9372 0.0455729 0.99801 -0.0435901 -4.97899 -0.998017 0.0435901 -0.0454059 116.314
-0.0439195 0.045205 0.998012 49.8196 0.045205 0.998042 -0.043217 -5.03273 -0.998012 0.043217 -0.045877 116.292
-0.0449191 0.045473 0.997955 50.4508 0.045473 0.998021 -0.0434292 -5.06523 -0.997955 0.0434292 -0.046898 116.263
-0.0443551 0.0488487 0.997821 51.4483 0.0488487 0.997715 -0.0466721 -5.14512 -0.997821 0.0466721 -0.0466399 116.238
-0.0451129 0.0525702 0.997598 52.3189 0.0525702 0.997356 -0.0501801 -5.16282 -0.997598 0.0501801 -0.0477572 116.233
-0.0421974 0.0465804 0.998023 53.1118 0.0465804 0.997918 -0.044606 -5.21569 -0.998023 0.044606 -0.0442792 116.12
-0.0451212 0.0493278 0.997763 53.8905 0.0493278 0.997672 -0.0470925 -5.32087 -0.997763 0.0470925 -0.0474493 116.143
-0.0498264 0.0547023 0.997259 54.7582 0.0547023 0.99715 -0.0519632 -5.40124 -0.997259 0.0519632 -0.0526768 116.149
-0.0541739 0.0571883 0.996893 55.5902 0.0571883 0.996898 -0.0540808 -5.39771 -0.996893 0.0540808 -0.0572763 116.087
-0.0598751 0.0529121 0.996803 56.393 0.0529121 0.997358 -0.0497634 -5.46482 -0.996803 0.0497634 -0.0625166 115.997
-0.0671158 0.0515682 0.996412 57.2067 0.0515682 0.997508 -0.0481514 -5.54059 -0.996412 0.0481514 -0.0696079 115.926
-0.0746947 0.0534777 0.995771 58.0393 0.0534777 0.997339 -0.0495504 -5.60623 -0.995771 0.0495504 -0.0773558 115.853
-0.0803555 0.0572149 0.995123 58.8425 0.0572149 0.99697 -0.052701 -5.65832 -0.995123 0.052701 -0.0833856 115.772
-0.085584 0.0585842 0.994607 59.6255 0.0585842 0.996838 -0.0536746 -5.71143 -0.994607 0.0536746 -0.0887455 115.683
-0.090038 0.0617701 0.994021 60.4173 0.0617701 0.9965 -0.056329 -5.75819 -0.994021 0.056329 -0.0935384 115.601
-0.0938597 0.0650564 0.993458 61.2098 0.0650564 0.996131 -0.059085 -5.8115 -0.993458 0.059085 -0.0977289 115.522
-0.095949 0.0641288 0.993318 61.9764 0.0641288 0.996248 -0.0581234 -5.86345 -0.993318 0.0581234 -0.0997015 115.432
-0.0979651 0.0621915 0.993245 62.767 0.0621915 0.996477 -0.0562599 -5.90986 -0.993245 0.0562599 -0.101488 115.345
-0.0991061 0.0639526 0.99302 63.5458 0.0639526 0.996279 -0.0577799 -5.96265 -0.99302 0.0577799 -0.102827 115.265
-0.100684 0.0660198 0.992726 64.3359 0.0660198 0.99604 -0.0595444 -6.00164 -0.992726 0.0595444 -0.104644 115.189
-0.101482 0.0629061 0.992847 65.1341 0.0629061 0.996407 -0.0567019 -6.05992 -0.992847 0.0567019 -0.105075 115.1
-0.103022 0.0558531 0.99311 65.9462 0.0558531 0.997172 -0.0502876 -6.13088 -0.99311 0.0502876 -0.10585 115.009
-0.104324 0.0451058 0.99352 66.7463 0.0451058 0.998158 -0.0405801 -6.20748 -0.99352 0.0405801 -0.106166 114.896
-0.105147 0.0468542 0.993352 67.5596 0.0468542 0.998014 -0.0421145 -6.26856 -0.993352 0.0421145 -0.107133 114.817
-0.10614 0.051717 0.993005 68.3712 0.051717 0.997582 -0.0464275 -6.31307 -0.993005 0.0464275 -0.108558 114.755
-0.105442 0.0503393 0.99315 69.1723 0.0503393 0.997708 -0.0452258 -6.36273 -0.99315 0.0452258 -0.107734 114.664
-0.105443 0.0472895 0.9933 70.0004 0.0472895 0.997977 -0.0424922 -6.38547 -0.9933 0.0424922 -0.107466 114.57
-0.106263 0.0474099 0.993207 70.6623 0.0474099 0.997968 -0.0425648 -6.43102 -0.993207 0.0425648 -0.108295 114.5
-0.108071 0.0490013 0.992935 71.5678 0.0490013 0.997833 -0.0439097 -6.48001 -0.992935 0.0439097 -0.110238 114.41
-0.105145 0.0465109 0.993369 72.3435 0.0465109 0.998043 -0.0418067 -6.5567 -0.993369 0.0418067 -0.107103 114.163
-0.114659 0.0488494 0.992203 73.2046 0.0488494 0.997859 -0.0434829 -6.61225 -0.992203 0.0434829 -0.1168 114.296
-0.113779 0.0457988 0.99245 74.0043 0.0457988 0.998117 -0.0408097 -6.64356 -0.99245 0.0408097 -0.115662 114.107
-0.116193 0.0487299 0.99203 74.9276 0.0487299 0.997873 -0.0433093 -6.70951 -0.99203 0.0433093 -0.118321 113.995
-0.116843 0.0492735 0.991927 75.7761 0.0492735 0.997826 -0.0437624 -6.74831 -0.991927 0.0437624 -0.119017 113.876
-0.119679 0.0490422 0.991601 76.6518 0.0490422 0.997852 -0.0434323 -6.83447 -0.991601 0.0434323 -0.121827 113.813
-0.11875 0.0488107 0.991724 77.3451 0.0488107 0.99787 -0.0432686 -6.85701 -0.991724 0.0432686 -0.120879 113.693
-0.116963 0.0552972 0.991596 78.2404 0.0552972 0.997262 -0.0490907 -6.86036 -0.991596 0.0490907 -0.1197 113.464
-0.120318 0.0524694 0.991348 79.1151 0.0524694 0.997543 -0.0464292 -6.96592 -0.991348 0.0464292 -0.122776 113.459
-0.121769 0.0547235 0.991049 79.9749 0.0547235 0.99733 -0.0483466 -6.99732 -0.991049 0.0483466 -0.124438 113.358
-0.121768 0.0582019 0.990851 80.7775 0.0582019 0.99698 -0.0514094 -7.03619 -0.990851 0.0514094 -0.124788 113.235
-0.123646 0.0566849 0.990706 81.6891 0.0566849 0.99714 -0.0499785 -7.08887 -0.990706 0.0499785 -0.126505 113.107
-0.126309 0.0560801 0.990405 82.5584 0.0560801 0.997208 -0.0493133 -7.14581 -0.990405 0.0493133 -0.129101 113.007
-0.135549 0.0480906 0.989603 83.3819 0.0480906 0.997963 -0.0419098 -7.1495 -0.989603 0.0419098 -0.137585 113.08
-0.131521 0.051677 0.989965 84.256 0.051677 0.99764 -0.0452121 -7.24993 -0.989965 0.0452121 -0.133881 112.812
-0.13254 0.0467408 0.990075 85.1746 0.0467408 0.998071 -0.0408612 -7.3093 -0.990075 0.0408612 -0.134469 112.682
-0.134976 0.0429525 0.989918 86.0562 0.0429525 0.998374 -0.0374629 -7.36526 -0.989918 0.0374629 -0.136601 112.582
-0.135694 0.041103 0.989898 86.9437 0.041103 0.998512 -0.0358263 -7.43095 -0.989898 0.0358263 -0.137181 112.476
-0.134629 0.037277 0.990195 87.8658 0.037277 0.998775 -0.0325317 -7.49216 -0.990195 0.0325317 -0.135854 112.329
-0.134578 0.0393977 0.990119 88.7719 0.0393977 0.998632 -0.0343815 -7.52175 -0.990119 0.0343815 -0.135946 112.188
-0.134656 0.0397128 0.990096 89.6726 0.0397128 0.99861 -0.0346532 -7.53162 -0.990096 0.0346532 -0.136046 112.097
-0.132348 0.0412257 0.990346 90.5955 0.0412257 0.998499 -0.0360558 -7.5853 -0.990346 0.0360558 -0.133849 111.982
-0.130806 0.0410697 0.990557 91.5301 0.0410697 0.998508 -0.035976 -7.62988 -0.990557 0.035976 -0.132298 111.864
-0.128912 0.0413493 0.990794 92.4584 0.0413493 0.998485 -0.0362904 -7.66448 -0.990794 0.0362904 -0.130426 111.758
-0.127563 0.0449357 0.990812 93.4047 0.0449357 0.998209 -0.0394859 -7.70537 -0.990812 0.0394859 -0.129354 111.653
-0.126007 0.0419387 0.991142 94.365 0.0419387 0.998438 -0.0369156 -7.76277 -0.991142 0.0369156 -0.127569 111.534
-0.12499 0.0403025 0.991339 95.3274 0.0403025 0.998556 -0.0355145 -7.82631 -0.991339 0.0355145 -0.126433 111.43
-0.123181 0.0374922 0.991676 96.2825 0.0374922 0.998748 -0.0331025 -7.91279 -0.991676 0.0331025 -0.124432 111.295
-0.12135 0.043432 0.991659 97.2625 0.043432 0.998318 -0.0384088 -7.98569 -0.991659 0.0384088 -0.123032 111.197
-0.120801 0.0440052 0.991701 98.2447 0.0440052 0.998272 -0.0389364 -7.98373 -0.991701 0.0389364 -0.122529 111.073
-0.119867 0.0422875 0.991889 99.2213 0.0422875 0.998403 -0.0374549 -8.0587 -0.991889 0.0374549 -0.121464 110.976
-0.119083 0.0414283 0.99202 100.17 0.0414283 0.998466 -0.0367244 -8.1424 -0.99202 0.0367244 -0.120616 110.877
-0.11846 0.044007 0.991983 101.169 0.044007 0.998269 -0.0390306 -8.15161 -0.991983 0.0390306 -0.120192 110.752
-0.118923 0.0429002 0.991976 102.154 0.0429002 0.998355 -0.038033 -8.21123 -0.991976 0.038033 -0.120568 110.651
-0.116745 0.0376691 0.992447 103.092 0.0376691 0.998729 -0.0334764 -8.25056 -0.992447 0.0334764 -0.118016 110.517
-0.116397 0.0351829 0.992579 104.077 0.0351829 0.998891 -0.0312808 -8.31608 -0.992579 0.0312808 -0.117506 110.407
-0.116564 0.035535 0.992547 105.067 0.035535 0.998869 -0.0315881 -8.36629 -0.992547 0.0315881 -0.117695 110.314
-0.115645 0.0384459 0.992546 106.053 0.0384459 0.998675 -0.0342038 -8.42299 -0.992546 0.0342038 -0.11697 110.206
-0.114125 0.0434016 0.992518 107.031 0.0434016 0.998309 -0.0386643 -8.47829 -0.992518 0.0386643 -0.115816 110.1
-0.1141 0.0503 0.992195 108.045 0.0503 0.997729 -0.0447962 -8.52711 -0.992195 0.0447962 -0.116371 110.003
-0.114687 0.0532848 0.991972 109.028 0.0532848 0.997453 -0.0474187 -8.57387 -0.991972 0.0474187 -0.117234 109.895
-0.116141 0.0572687 0.99158 110.039 0.0572687 0.997062 -0.0508776 -8.63778 -0.99158 0.0508776 -0.119079 109.781
-0.115858 0.0575017 0.9916 111.038 0.0575017 0.997037 -0.0510985 -8.72241 -0.9916 0.0510985 -0.118821 109.636
-0.116989 0.0543008 0.991648 112.052 0.0543008 0.99736 -0.0482075 -8.81305 -0.991648 0.0482075 -0.119629 109.541
-0.117501 0.052879 0.991664 112.951 0.052879 0.997498 -0.0469245 -8.88436 -0.991664 0.0469245 -0.120003 109.423
-0.113151 0.0472125 0.992455 113.985 0.0472125 0.997998 -0.0420934 -8.90597 -0.992455 0.0420934 -0.115153 109.262
-0.118335 0.0497369 0.991727 115.016 0.0497369 0.997788 -0.0441062 -9.02354 -0.991727 0.0441062 -0.120547 109.172
-0.119195 0.0485693 0.991682 116.027 0.0485693 0.997892 -0.0430357 -9.11455 -0.991682 0.0430357 -0.121303 109.062
-0.119464 0.0494947 0.991604 116.988 0.0494947 0.997812 -0.0438416 -9.18258 -0.991604 0.0438416 -0.121652 108.95
-0.122232 0.0530095 0.991085 117.992 0.0530095 0.997496 -0.0468146 -9.23533 -0.991085 0.0468146 -0.124736 108.835
-0.125309 0.0545848 0.990615 119.013 0.0545848 0.997352 -0.0480512 -9.31607 -0.990615 0.0480512 -0.127957 108.701
-0.128312 0.0522306 0.990357 119.99 0.0522306 0.997582 -0.0458445 -9.36278 -0.990357 0.0458445 -0.13073 108.551
-0.131154 0.054594 0.989858 120.927 0.054594 0.997365 -0.0477745 -9.45097 -0.989858 0.0477745 -0.133789 108.414
-0.135981 0.0558525 0.989136 121.952 0.0558525 0.997254 -0.0486326 -9.52228 -0.989136 0.0486326 -0.138727 108.306
-0.138231 0.0542419 0.988913 122.92 0.0542419 0.997415 -0.0471262 -9.58774 -0.988913 0.0471262 -0.140816 108.128
-0.139851 0.0495572 0.988932 123.839 0.0495572 0.997845 -0.0429957 -9.62929 -0.988932 0.0429957 -0.142005 107.955
-0.142909 0.060226 0.987902 124.828 0.060226 0.996826 -0.0520579 -9.75578 -0.987902 0.0520579 -0.146083 107.877
-0.145403 0.0605677 0.987517 125.839 0.0605677 0.996797 -0.0522188 -9.81463 -0.987517 0.0522188 -0.148606 107.734
-0.147808 0.0541378 0.987533 126.777 0.0541378 0.997447 -0.0465782 -9.87979 -0.987533 0.0465782 -0.150361 107.555
-0.151279 0.0540448 0.987013 127.737 0.0540448 0.997463 -0.0463336 -9.96099 -0.987013 0.0463336 -0.153816 107.419
-0.153734 0.0578928 0.986415 128.714 0.0578928 0.997095 -0.049497 -10.0372 -0.986415 0.049497 -0.156639 107.241
-0.155848 0.0604039 0.985932 129.686 0.0604039 0.996843 -0.0515242 -10.0697 -0.985932 0.0515242 -0.159005 107.096
-0.159833 0.0576937 0.985457 130.666 0.0576937 0.99713 -0.0490196 -10.1116 -0.985457 0.0490196 -0.162703 107.029
-0.161019 0.0617998 0.985015 131.618 0.0617998 0.99671 -0.0524312 -10.1793 -0.985015 0.0524312 -0.164309 106.795
-0.163812 0.0610619 0.9846 132.58 0.0610619 0.996796 -0.0516591 -10.2848 -0.9846 0.0516591 -0.167016 106.635
-0.16636 0.0543993 0.984563 133.511 0.0543993 0.997463 -0.0459203 -10.346 -0.984563 0.0459203 -0.168897 106.445
-0.168534 0.0550266 0.984159 134.437 0.0550266 0.997409 -0.0463443 -10.4089 -0.984159 0.0463443 -0.171126 106.269
-0.171865 0.0560725 0.983523 135.361 0.0560725 0.997317 -0.0470606 -10.5031 -0.983523 0.0470606 -0.174548 106.114
-0.174207 0.0559274 0.98312 136.259 0.0559274 0.997336 -0.0468259 -10.5613 -0.98312 0.0468259 -0.176871 105.942
-0.178499 0.0527555 0.982525 137.114 0.0527555 0.997638 -0.0439827 -10.6106 -0.982525 0.0439827 -0.18086 105.777
-0.184429 0.0506615 0.981539 137.95 0.0506615 0.997833 -0.0419833 -10.651 -0.981539 0.0419833 -0.186596 105.611
-0.191253 0.0464477 0.980441 138.788 0.0464477 0.998189 -0.038228 -10.6037 -0.980441 0.038228 -0.193064 105.44
-0.197998 0.0536634 0.978732 139.616 0.0536634 0.997596 -0.0438415 -10.7229 -0.978732 0.0438415 -0.200402 105.214
-0.208726 0.0555268 0.976397 140.449 0.0555268 0.997449 -0.044854 -10.7641 -0.976397 0.044854 -0.211277 105.03
-0.221419 0.0546603 0.973646 141.248 0.0546603 0.997554 -0.0435721 -10.8076 -0.973646 0.0435721 -0.223865 104.839
-0.233398 0.054155 0.970872 142.076 0.054155 0.997622 -0.0426282 -10.8582 -0.970872 0.0426282 -0.235776 104.578
-0.245536 0.0523472 0.967973 142.776 0.0523472 0.9978 -0.0406818 -10.9135 -0.967973 0.0406818 -0.247736 104.363
-0.256864 0.0505423 0.965125 143.567 0.0505423 0.997968 -0.0388106 -10.9538 -0.965125 0.0388106 -0.258896 104.089
-0.267608 0.0465774 0.962401 144.352 0.0465774 0.998289 -0.0353628 -10.997 -0.962401 0.0353628 -0.269319 103.846
-0.277267 0.0398245 0.959967 145.093 0.0398245 0.998758 -0.0299312 -11.0344 -0.959967 0.0299312 -0.278508 103.587
-0.285162 0.0350702 0.957837 145.808 0.0350702 0.999043 -0.026138 -11.0683 -0.957837 0.026138 -0.286119 103.329
-0.292119 0.0358962 0.955708 146.568 0.0358962 0.999003 -0.0265504 -11.1034 -0.955708 0.0265504 -0.293116 103.088
-0.29646 0.0325259 0.954491 147.307 0.0325259 0.999184 -0.0239465 -11.1286 -0.954491 0.0239465 -0.297276 102.814
-0.299103 0.0278734 0.953814 148.057 0.0278734 0.999402 -0.0204649 -11.1599 -0.953814 0.0204649 -0.299701 102.551
-0.299563 0.022772 0.953805 148.769 0.022772 0.999601 -0.0167133 -11.1821 -0.953805 0.0167133 -0.299962 102.291
-0.300936 0.0186953 0.953461 149.533 0.0186953 0.999731 -0.0137019 -11.1915 -0.953461 0.0137019 -0.301205 102.059
-0.300254 0.0138683 0.953758 150.279 0.0138683 0.999852 -0.0101726 -11.2208 -0.953758 0.0101726 -0.300402 101.815
-0.300363 0.0114037 0.953757 151.033 0.0114037 0.9999 -0.00836413 -11.24 -0.953757 0.00836413 -0.300463 101.594
-0.299569 0.00966108 0.954026 151.773 0.00966108 0.999928 -0.00709229 -11.2856 -0.954026 0.00709229 -0.299641 101.348
-0.299255 0.0101429 0.954119 152.522 0.0101429 0.999921 -0.00744854 -11.3278 -0.954119 0.00744854 -0.299334 101.198
-0.293139 0.00733667 0.956042 153.248 0.00733667 0.999958 -0.00542414 -11.323 -0.956042 0.00542414 -0.29318 100.886
-0.296185 0.00866596 0.955091 153.992 0.00866596 0.999942 -0.00638549 -11.3344 -0.955091 0.00638549 -0.296243 100.712
-0.29197 0.0012576 0.956427 154.734 0.0012576 0.999999 -0.00093098 -11.3491 -0.956427 0.00093098 -0.291971 100.464
-0.288626 0.0048597 0.95743 155.49 0.0048597 0.999982 -0.00361068 -11.394 -0.95743 0.00361068 -0.288644 100.329
-0.282393 1.30053e-005 0.959299 156.231 1.30053e-005 1 -9.72868e-006 -11.3929 -0.959299 9.72868e-006 -0.282393 100.083
-0.277351 -0.00132245 0.960768 156.953 -0.00132245 0.999999 0.000994686 -11.4129 -0.960768 -0.000994686 -0.277353 99.8957
-0.272588 0.00077535 0.962131 157.694 0.00077535 1 -0.000586198 -11.4216 -0.962131 0.000586198 -0.272588 99.7218
-0.268765 -0.000249601 0.963206 158.438 -0.000249601 1 0.000189489 -11.4214 -0.963206 -0.000189489 -0.268765 99.5474
-0.265094 -0.000626628 0.964222 159.169 -0.000626628 1 0.0004776 -11.4245 -0.964222 -0.0004776 -0.265094 99.3533
-0.26227 -0.00242531 0.964992 159.904 -0.00242531 0.999995 0.00185413 -11.4415 -0.964992 -0.00185413 -0.262274 99.1589
-0.257718 -0.0068296 0.966196 160.672 -0.0068296 0.999963 0.00524659 -11.449 -0.966196 -0.00524659 -0.257755 98.9779
-0.254773 -0.00274245 0.966997 161.413 -0.00274245 0.999994 0.00211349 -11.4563 -0.966997 -0.00211349 -0.254779 98.8021
-0.251498 0.000868014 0.967858 162.138 0.000868014 0.999999 -0.000671287 -11.4605 -0.967858 0.000671287 -0.251498 98.6171
-0.247783 0.00164438 0.968814 162.852 0.00164438 0.999998 -0.00127674 -11.4873 -0.968814 0.00127674 -0.247785 98.4591
-0.241112 -0.00587775 0.97048 163.605 -0.00587775 0.999972 0.00459607 -11.5192 -0.97048 -0.00459607 -0.24114 98.2802
-0.233005 0.0304011 0.972 164.22 0.0304011 0.99925 -0.0239657 -11.6541 -0.972 0.0239657 -0.233754 97.9634
-0.226856 0.0109132 0.973867 164.984 0.0109132 0.999903 -0.0086628 -11.5888 -0.973867 0.0086628 -0.226953 97.9664
