0.999993 -0.00137303 -0.00338692 -0.00590868 0.00136543 0.999997 -0.0022434 -0.00116763 0.00338999 0.00223876 0.999992 0.65323
0.999975 -0.00228074 -0.00671158 -0.0148562 0.00225553 0.99999 -0.003761 1.97621e-005 0.00672009 0.00374576 0.99997 1.29374
0.999942 0.00111478 -0.0106823 -0.0328776 -0.00117755 0.999982 -0.00587245 -0.00165597 0.0106756 0.00588469 0.999926 1.95783
0.99987 0.000653044 -0.0161187 -0.0451974 -0.000751308 0.999981 -0.006091 -0.00723936 0.0161144 0.00610232 0.999852 2.63362
0.999786 -0.000806301 -0.0206675 -0.0634329 0.000674418 0.999979 -0.00638733 -0.0180318 0.0206722 0.00637203 0.999766 3.31819
0.999717 0.00125707 -0.0237747 -0.0931395 -0.00142484 0.999974 -0.00704118 -0.0330223 0.0237652 0.00707306 0.999693 4.03034
0.999553 0.00381736 -0.0296613 -0.112849 -0.00407179 0.999955 -0.00852211 -0.035651 0.0296274 0.00863907 0.999524 4.73839
0.999387 0.000710383 -0.0349906 -0.138476 -0.000956175 0.999975 -0.00700828 -0.0392987 0.0349847 0.00703745 0.999363 5.45958
0.99925 -0.000604765 -0.0387073 -0.17382 0.000478475 0.999995 -0.00327188 -0.0554435 0.0387091 0.00325091 0.999245 6.20309
0.999089 -0.00149906 -0.0426424 -0.205343 0.00144765 0.999998 -0.00123636 -0.0657637 0.0426442 0.0011735 0.99909 6.95494
0.999046 0.00166994 -0.0436315 -0.267497 -0.00173541 0.999997 -0.00146257 -0.0720619 0.0436289 0.0015369 0.999047 7.74108
0.998868 0.00222057 -0.0475061 -0.294561 -0.0022879 0.999996 -0.001363 -0.0844741 0.0475029 0.00147015 0.99887 8.51361
0.998808 -0.00458104 -0.0485991 -0.337991 0.00444525 0.999986 -0.00290193 -0.0829171 0.0486117 0.00268244 0.998814 9.31844
0.998841 -0.000339482 -0.0481203 -0.392228 0.000261896 0.999999 -0.00161861 -0.0933787 0.0481208 0.00160414 0.99884 10.1028
0.998622 -0.00261308 -0.052417 -0.426587 0.00248173 0.999994 -0.00257076 -0.100634 0.0524234 0.00243713 0.998622 10.935
0.998675 0.00150159 -0.0514358 -0.482236 -0.00172053 0.99999 -0.00421262 -0.112716 0.0514289 0.00429553 0.998667 11.7466
0.99848 0.0032479 -0.0550174 -0.53318 -0.00364026 0.999969 -0.00703275 -0.116884 0.0549929 0.00722234 0.998461 12.5241
0.998392 0.00346781 -0.0565879 -0.587444 -0.0039292 0.99996 -0.00804438 -0.132397 0.0565577 0.00825379 0.998365 13.3716
0.998467 0.00614765 -0.0550007 -0.641092 -0.00663739 0.99994 -0.00872596 -0.139507 0.0549438 0.00907765 0.998448 14.1544
0.99829 0.00337406 -0.0583531 -0.679117 -0.00374337 0.999974 -0.0062207 -0.158024 0.0583306 0.0064285 0.998277 14.9832
0.998374 0.00182875 -0.0569769 -0.746411 -0.0021399 0.999983 -0.00540042 -0.168527 0.0569661 0.00551356 0.998361 15.8026
0.998301 -0.00465996 -0.0580734 -0.806912 0.00435255 0.999976 -0.00541887 -0.173432 0.0580973 0.0051569 0.998298 16.6392
0.998162 -0.000951201 -0.0605901 -0.862492 0.000570691 0.99998 -0.00629705 -0.184587 0.0605949 0.0062509 0.998143 17.498
0.99824 -0.000709909 -0.0592909 -0.91939 0.000284152 0.999974 -0.00718893 -0.198104 0.0592945 0.00715943 0.998215 18.2885
0.997977 -0.00396682 -0.0634584 -0.957847 0.00359196 0.999975 -0.00602018 -0.206635 0.0634807 0.00578006 0.997966 19.1806
0.998253 0.00240458 -0.0590348 -1.02568 -0.0025644 0.999993 -0.00263157 -0.216773 0.0590281 0.00277836 0.998252 19.8658
0.998136 0.00452874 -0.0608628 -1.07695 -0.00445265 0.999989 0.00138587 -0.229532 0.0608684 -0.00111229 0.998145 20.8098
0.998326 0.000213538 -0.0578345 -1.12491 9.75456e-006 0.999993 0.00386059 -0.230069 0.0578349 -0.00385469 0.998319 21.5664
0.998527 0.00237256 -0.0542074 -1.192 -0.00212286 0.999987 0.0046635 -0.246151 0.0542178 -0.00454156 0.998519 22.5739
0.998515 0.0018749 -0.054452 -1.24533 -0.00175868 0.999996 0.00218227 -0.251465 0.0544559 -0.00208327 0.998514 23.4401
0.998531 0.00463602 -0.0539917 -1.30253 -0.00478994 0.999985 -0.00272171 -0.265253 0.0539782 0.00297633 0.998538 24.4269
0.998745 0.00303972 -0.0499996 -1.38069 -0.00334699 0.999976 -0.00606293 -0.268418 0.04998 0.00622267 0.998731 25.3388
0.998661 -0.00405719 -0.0515675 -1.40583 0.00381965 0.999982 -0.00470399 -0.285441 0.0515856 0.00450072 0.998658 26.1995
0.998672 -0.00516324 -0.0512612 -1.45887 0.00517842 0.999987 0.000163464 -0.295212 0.0512596 -0.000428699 0.998685 27.1068
0.998588 -0.00597496 -0.0527923 -1.49549 0.00616926 0.999975 0.00351821 -0.314368 0.0527699 -0.00383893 0.998599 28.0059
0.998407 -0.014011 -0.054655 -1.53402 0.0141719 0.999896 0.00255839 -0.321621 0.0546135 -0.00332889 0.998502 28.9176
0.998509 -0.007605 -0.054051 -1.58973 0.00753612 0.999971 -0.00147815 -0.327109 0.0540606 0.00106861 0.998537 29.8483
0.99836 -0.00125211 -0.0572305 -1.63803 0.000945518 0.999985 -0.00538387 -0.338091 0.0572364 0.00532093 0.998346 30.754
0.998298 0.00161689 -0.0582952 -1.69383 -0.001959 0.999981 -0.00581188 -0.35269 0.0582847 0.00591619 0.998282 31.609
0.99824 0.00117577 -0.0592934 -1.73589 -0.00145173 0.999988 -0.0046113 -0.369979 0.0592873 0.00468926 0.99823 32.4708
0.998239 0.00401018 -0.0591907 -1.80777 -0.00412297 0.99999 -0.00178347 -0.38612 0.0591829 0.00202437 0.998245 33.3374
0.998173 0.00257097 -0.0603653 -1.85926 -0.00261227 0.999996 -0.000605237 -0.397591 0.0603635 0.000761822 0.998176 34.2406
0.998126 0.000638379 -0.061187 -1.93183 -0.000498542 0.999997 0.00230064 -0.406723 0.0611883 -0.00226582 0.998124 35.1579
0.998064 0.00103387 -0.062187 -1.98199 -0.000702934 0.999985 0.00534329 -0.418774 0.0621916 -0.00528923 0.99805 36.0657
0.998109 0.00603979 -0.061174 -2.06314 -0.00554808 0.999951 0.00820454 -0.422216 0.0612206 -0.00784962 0.998093 37.0091
0.998026 0.00601882 -0.0625094 -2.10607 -0.00555206 0.999955 0.00763805 -0.434509 0.0625526 -0.00727592 0.998015 37.9625
0.998017 -0.00313824 -0.0628718 -2.16201 0.00348132 0.99998 0.00534788 -0.429912 0.0628537 -0.00555615 0.998007 38.9323
0.998075 0.00227203 -0.0619794 -2.23303 -0.00203499 0.99999 0.00388738 -0.444612 0.0619877 -0.00375377 0.99807 39.894
0.997991 0.0011721 -0.0633495 -2.29278 -0.000976163 0.999995 0.00312387 -0.44986 0.0633528 -0.00305576 0.997987 40.8408
0.998005 -0.00153675 -0.0631222 -2.39226 0.00179621 0.99999 0.0040539 -0.458047 0.0631154 -0.0041592 0.997998 41.8453
0.997841 -0.0013934 -0.0656619 -2.43483 0.00174084 0.999985 0.00523448 -0.467672 0.0656536 -0.00533748 0.997828 42.7795
0.997912 0.00262894 -0.0645338 -2.51769 -0.00248983 0.999994 0.00223591 -0.478899 0.0645394 -0.00207057 0.997913 43.7509
0.997749 0.00309339 -0.0669899 -2.57995 -0.0032232 0.999993 -0.00182975 -0.491967 0.0669837 0.00204155 0.997752 44.6709
0.99787 0.000813952 -0.0652263 -2.65017 -0.00102241 0.999994 -0.00316265 -0.504614 0.0652234 0.0032226 0.997865 45.5819
0.997868 0.00011405 -0.0652596 -2.71276 -6.85655e-005 1 0.000699221 -0.525294 0.0652596 -0.000693256 0.997868 46.4996
0.997852 -0.00245405 -0.0654567 -2.7678 0.00268706 0.99999 0.00347192 -0.536187 0.0654475 -0.00364035 0.997849 47.3558
0.99778 -0.00464145 -0.066433 -2.82821 0.00495506 0.999977 0.00455665 -0.549135 0.0664103 -0.00487572 0.99778 48.2589
0.997843 -0.00350012 -0.06555 -2.88673 0.00369133 0.999989 0.00279618 -0.563973 0.0655395 -0.00303211 0.997845 49.1543
0.997785 -0.00512451 -0.0663301 -2.94895 0.00522097 0.999986 0.00128096 -0.579079 0.0663226 -0.00162443 0.997797 50.0517
0.997663 -0.00512559 -0.068135 -3.01544 0.00529289 0.999983 0.00227501 -0.578309 0.0681222 -0.00263033 0.997674 50.9559
0.997591 -0.00633197 -0.0690773 -3.06585 0.00679552 0.999956 0.00647776 -0.593564 0.0690332 -0.00693157 0.99759 51.8377
0.997613 -0.00443919 -0.0689096 -3.12593 0.00518551 0.99993 0.0106553 -0.592422 0.0688575 -0.0109872 0.997566 52.7207
0.997653 0.00484096 -0.0682969 -3.22371 -0.00387302 0.99989 0.0142979 -0.601987 0.0683586 -0.0139998 0.997563 53.7381
0.997422 0.00383469 -0.0716499 -3.28649 -0.003161 0.99995 0.00951357 -0.610237 0.0716828 -0.00926256 0.997384 54.6735
0.997378 0.00502506 -0.0721929 -3.36515 -0.00489492 0.999986 0.00197946 -0.612178 0.0722018 -0.00162089 0.997389 55.5934
0.997258 0.0044091 -0.0738771 -3.433 -0.00460939 0.999986 -0.00254079 -0.622758 0.0738649 0.00287435 0.997264 56.5103
0.997102 0.00353361 -0.0759964 -3.48022 -0.00369146 0.999991 -0.00193678 -0.632871 0.0759889 0.00221171 0.997106 57.3557
0.997014 0.00487197 -0.0770658 -3.55462 -0.00483904 0.999988 0.000614087 -0.647356 0.0770679 -0.000239329 0.997026 58.2285
0.996959 0.00525383 -0.0777452 -3.62239 -0.00509068 0.999984 0.0022965 -0.664579 0.0777561 -0.00189374 0.996971 59.0445
0.997141 0.0078481 -0.0751563 -3.72557 -0.0076608 0.999967 0.00278007 -0.678356 0.0751756 -0.00219636 0.997168 59.886
0.996531 0.00107523 -0.0832193 -3.75727 -0.000787587 0.999994 0.00348924 -0.696483 0.0832225 -0.00341159 0.996525 60.6755
0.996554 -0.000789381 -0.0829435 -3.83856 0.00113163 0.999991 0.00407931 -0.716126 0.0829396 -0.00415911 0.996546 61.4963
0.996509 0.00153109 -0.0834751 -3.91142 -0.00112997 0.999988 0.00485231 -0.725223 0.0834814 -0.00474104 0.996498 62.3282
0.99649 0.00240992 -0.0836781 -4.00031 -0.00194405 0.999982 0.0056485 -0.731102 0.0836902 -0.005466 0.996477 63.1381
0.996313 0.00215618 -0.0857621 -4.07269 -0.00143521 0.999963 0.00846746 -0.734185 0.0857772 -0.00831316 0.99628 63.9145
0.996191 0.00433875 -0.0870932 -4.15175 -0.00321587 0.99991 0.0130291 -0.739674 0.0871419 -0.0126993 0.996115 64.7239
0.996133 0.00578515 -0.0876639 -4.24365 -0.00451318 0.999882 0.0147008 -0.743458 0.0877386 -0.0142483 0.996042 65.5309
0.995966 0.00676624 -0.0894715 -4.33101 -0.00582279 0.999925 0.0108015 -0.750195 0.0895379 -0.010237 0.995931 66.3145
0.995933 0.00377921 -0.0900148 -4.39668 -0.00346519 0.999987 0.00364454 -0.761765 0.0900275 -0.0033178 0.995934 67.107
0.995858 -0.0012883 -0.0909179 -4.47451 0.00107388 0.999997 -0.00240718 -0.769544 0.0909207 0.00229957 0.995855 67.8312
0.995915 0.000648466 -0.0902944 -4.57107 -0.000871326 0.999997 -0.00242875 -0.785138 0.0902925 0.0024975 0.995912 68.5533
0.995799 0.00505595 -0.0914305 -4.63248 -0.00501 0.999987 0.000732053 -0.795523 0.091433 -0.00027091 0.995811 69.202
0.995567 0.000399085 -0.0940524 -4.68288 -7.47984e-005 0.999994 0.00345144 -0.815242 0.0940532 -0.0034291 0.995561 69.8564
0.995497 -0.00264198 -0.0947525 -4.74549 0.00264894 0.999996 -5.23364e-005 -0.828933 0.0947523 -0.000198893 0.995501 70.4915
0.995604 -0.0107398 -0.0930459 -4.80622 0.0102023 0.999928 -0.00625071 -0.842654 0.0931064 0.00527395 0.995642 71.111
0.995595 -0.0113239 -0.0930713 -4.85485 0.0103127 0.999883 -0.0113386 -0.851143 0.0931888 0.0103289 0.995595 71.6898
0.996077 -0.00220587 -0.0884636 -4.91564 0.0011697 0.99993 -0.0117631 -0.854539 0.0884833 0.0116135 0.99601 72.2197
0.996518 0.00773381 -0.0830181 -4.98069 -0.00844439 0.999931 -0.00821155 -0.864557 0.0829488 0.008884 0.996514 72.7155
0.996776 0.00268366 -0.0801924 -5.01285 -0.00317599 0.999977 -0.00601238 -0.871834 0.0801744 0.00624769 0.996761 73.164
0.997273 -0.00587272 -0.0735679 -5.03907 0.00577948 0.999982 -0.00148023 -0.882417 0.0735753 0.00105101 0.997289 73.5631
0.997799 -0.00817164 -0.0658123 -5.04821 0.00829171 0.999964 0.00155151 -0.887149 0.0657972 -0.00209379 0.997831 73.7683
0.998497 -0.00119749 -0.0547915 -5.08098 0.0013131 0.999997 0.00207407 -0.902036 0.0547888 -0.0021429 0.998496 74.4196
0.999173 0.00713215 -0.0400381 -5.09723 -0.00708455 0.999974 0.00133073 -0.905177 0.0400466 -0.00104597 0.999197 74.8371
0.999716 0.00833794 -0.0223253 -5.09768 -0.008293 0.999963 0.00210492 -0.909647 0.022342 -0.00191918 0.999749 75.3681
0.999996 0.0029058 7.68628e-005 -5.08086 -0.00290602 0.999991 0.00301153 -0.915336 -6.81112e-005 -0.00301174 0.999995 75.8236
0.999673 -0.00635481 0.0247498 -5.05544 0.00624856 0.999971 0.00436803 -0.921006 -0.0247768 -0.00421196 0.999684 76.227
0.998464 -0.00395264 0.0552592 -5.00927 0.0036106 0.999974 0.00628823 -0.927679 -0.0552826 -0.00607905 0.998452 76.7327
0.996159 -0.00226474 0.0875351 -4.94873 0.00158217 0.999968 0.00786631 -0.932474 -0.0875501 -0.0076976 0.99613 77.1804
0.992019 0.00139275 0.126078 -4.87355 -0.00250788 0.999959 0.00868652 -0.93603 -0.12606 -0.00893338 0.991982 77.6511
0.985778 0.000621051 0.168052 -4.77618 -0.00213051 0.999959 0.00880195 -0.938152 -0.168039 -0.0090348 0.985739 78.0972
0.977517 -0.00462732 0.210808 -4.62726 0.00262116 0.999949 0.00979498 -0.945 -0.210842 -0.00902219 0.977479 78.5408
0.964968 -0.00012599 0.262369 -4.48805 -0.00199254 0.999968 0.00780857 -0.952625 -0.262361 -0.0080578 0.964936 78.9559
0.950295 -0.000477717 0.311352 -4.31685 -0.00131218 0.999984 0.00553927 -0.95857 -0.31135 -0.00567249 0.950279 79.3611
0.929805 -0.00168597 0.368047 -4.12056 3.43888e-005 0.99999 0.00449392 -0.961762 -0.368051 -0.00416581 0.929796 79.7475
0.905634 -0.00174138 0.424058 -3.90392 0.000569962 0.999996 0.00288922 -0.961045 -0.424061 -0.00237488 0.905631 80.0965
0.87718 -0.00271423 0.480154 -3.66411 0.00199917 0.999996 0.00200058 -0.959525 -0.480158 -0.00079496 0.877182 80.4262
0.843353 -0.00422245 0.537344 -3.40419 0.0037396 0.999991 0.00198868 -0.961937 -0.537347 0.00033229 0.843361 80.7404
0.807682 -0.00596933 0.589588 -3.12656 0.0047748 0.999982 0.00358336 -0.977332 -0.589599 -7.9052e-005 0.807696 81.0108
0.767091 -0.0027673 0.641533 -2.83856 0.000579579 0.999993 0.00362054 -0.977546 -0.641538 -0.00240547 0.767087 81.2854
0.725816 -0.00157702 0.687887 -2.5314 -0.00384871 0.999972 0.0063534 -0.978397 -0.687878 -0.00725888 0.72579 81.5388
0.68076 -0.00189056 0.732504 -2.22575 -0.00427708 0.999969 0.00655583 -0.983208 -0.732494 -0.00759593 0.680731 81.7534
0.635325 -0.00731329 0.77221 -1.88159 0.000805917 0.999961 0.00880716 -0.982409 -0.772244 -0.00497308 0.635306 81.9586
0.58824 -0.0125417 0.808589 -1.52852 0.00466563 0.999916 0.0121151 -0.979105 -0.808673 -0.00335404 0.588249 82.1524
0.542575 -0.00822166 0.839967 -1.18314 -0.00116064 0.999944 0.0105372 -0.987589 -0.840006 -0.00669214 0.542535 82.3178
0.495881 -0.00106732 0.86839 -0.817177 -0.00882385 0.999941 0.00626773 -0.986921 -0.868346 -0.0107706 0.495842 82.4886
0.450074 -0.00242446 0.892988 -0.45717 -0.00479808 0.999975 0.0051332 -0.986866 -0.892979 -0.00659494 0.450051 82.6324
0.407115 -0.00912062 0.913331 -0.0900961 0.000891621 0.999954 0.0095882 -0.986807 -0.913376 -0.00308916 0.407105 82.75
0.368108 -0.0242969 0.929466 0.28591 0.00469648 0.999694 0.0242727 -0.97945 -0.929771 -0.00456975 0.368109 82.8404
0.333341 -0.0255166 0.942461 0.671553 -0.00460317 0.999578 0.0286911 -0.977953 -0.942795 -0.0139022 0.333083 82.931
0.300685 -0.0205507 0.953502 1.08717 -0.0150423 0.999541 0.0262865 -0.969748 -0.953605 -0.0222468 0.300238 83.038
0.269764 -0.00894128 0.962885 1.48851 -0.0169859 0.999757 0.0140425 -0.973794 -0.962777 -0.0201437 0.269547 83.1536
0.242336 -0.00534867 0.970178 1.91415 -0.0156675 0.999833 0.00942568 -0.97716 -0.970066 -0.0174845 0.242212 83.2445
0.216528 -0.00776295 0.976245 2.31279 -0.00643877 0.999935 0.00937943 -0.98738 -0.976255 -0.00831673 0.216464 83.3082
0.192579 -0.0140258 0.981181 2.70681 -0.000752225 0.999895 0.014441 -0.987219 -0.981281 -0.0035191 0.192548 83.3629
0.172736 -0.0204975 0.984755 3.11139 0.0055233 0.999788 0.0198416 -0.977744 -0.984953 0.00201172 0.172813 83.403
0.153556 -0.0212334 0.987912 3.53373 0.00381031 0.999774 0.0208961 -0.961801 -0.988133 0.000555538 0.153602 83.4538
0.136175 -0.0166948 0.990544 3.9179 -0.00938999 0.999791 0.0181416 -0.953157 -0.99064 -0.0117716 0.135989 83.4985
0.120952 -0.0131286 0.992572 4.32808 -0.0229856 0.999607 0.0160226 -0.954345 -0.992392 -0.0247528 0.120603 83.5467
0.106339 -0.0135478 0.994238 4.76412 -0.0241171 0.999578 0.0162 -0.950806 -0.994037 -0.0257008 0.105967 83.5868
0.0926877 -0.015853 0.995569 5.22232 -0.0197797 0.999647 0.0177594 -0.94955 -0.995499 -0.0213381 0.0923414 83.6199
0.081761 -0.0215155 0.99642 5.70957 -0.0171617 0.999588 0.0229922 -0.943248 -0.996504 -0.0189802 0.0813581 83.646
0.0720209 -0.0249674 0.997091 6.20672 -0.0157438 0.999534 0.0261658 -0.935813 -0.997279 -0.0175824 0.0715943 83.6696
0.0637464 -0.0256721 0.997636 6.72089 -0.0191329 0.999454 0.0269415 -0.926412 -0.997783 -0.0208051 0.0632204 83.699
0.0585306 -0.0280709 0.997891 7.24528 -0.0228016 0.999306 0.0294481 -0.915718 -0.998025 -0.0244771 0.05785 83.725
0.0529348 -0.0290323 0.998176 7.80823 -0.0240269 0.999251 0.0303378 -0.902579 -0.998309 -0.025589 0.0521976 83.7492
0.0469405 -0.0297585 0.998454 8.3785 -0.0259111 0.999184 0.0309984 -0.887384 -0.998562 -0.0273261 0.0461311 83.777
0.0425847 -0.0326889 0.998558 8.98878 -0.0281546 0.999028 0.0339049 -0.874527 -0.998696 -0.0295578 0.041623 83.7976
0.0404226 -0.0346958 0.99858 9.58922 -0.0289178 0.998938 0.0358788 -0.859825 -0.998764 -0.030327 0.0393764 83.808
0.035309 -0.0331398 0.998827 10.2009 -0.031691 0.99891 0.0342629 -0.838374 -0.998874 -0.0328636 0.0342203 83.839
0.0338393 -0.034903 0.998818 10.8631 -0.0347245 0.998746 0.0360769 -0.818542 -0.998824 -0.0359042 0.0325848 83.8525
0.0297185 -0.0374249 0.998857 11.4813 -0.0352742 0.998637 0.0384661 -0.804646 -0.998936 -0.036377 0.0283579 83.8981
0.0335736 -0.0444654 0.998447 12.1561 -0.0355026 0.998326 0.0456538 -0.777831 -0.998805 -0.0369802 0.0319387 83.9041
0.0366059 -0.0437685 0.998371 12.8631 -0.0380048 0.998257 0.045157 -0.749086 -0.998607 -0.0395959 0.0348787 83.9238
0.0400007 -0.0469861 0.998094 13.5807 -0.041294 0.997963 0.0486348 -0.716701 -0.998346 -0.0431607 0.0379789 83.944
0.0447555 -0.0460452 0.997936 14.3019 -0.0432118 0.997913 0.0479821 -0.688638 -0.998063 -0.0452701 0.0426724 83.9851
0.0492996 -0.0496241 0.99755 15.0161 -0.0487293 0.997456 0.0520276 -0.658089 -0.997595 -0.0511749 0.0467561 84.0048
0.0537238 -0.0460175 0.997495 15.7534 -0.0467876 0.997724 0.0485481 -0.629465 -0.997459 -0.0492786 0.0514485 84.0494
0.0577267 -0.0453645 0.997301 16.5022 -0.0527913 0.997431 0.0484261 -0.594325 -0.996936 -0.0554443 0.0551835 84.1026
0.0618792 -0.0433183 0.997143 17.2885 -0.0511482 0.997607 0.0465125 -0.557766 -0.996772 -0.0538803 0.0595155 84.1515
0.0643377 -0.0405162 0.997105 18.087 -0.0457709 0.998004 0.043506 -0.527943 -0.996878 -0.0484375 0.0623548 84.2221
0.0691168 -0.0383976 0.996869 18.9558 -0.0391382 0.998385 0.0411696 -0.504171 -0.996841 -0.0418611 0.0675024 84.2576
0.0683619 -0.0334445 0.9971 19.7652 -0.0333721 0.998802 0.0357896 -0.477162 -0.997102 -0.035722 0.0671639 84.3599
0.0701943 -0.0317864 0.997027 20.5823 -0.0330958 0.998868 0.0341752 -0.43707 -0.996984 -0.0353963 0.0690628 84.4096
0.0687228 -0.0290848 0.997212 21.4249 -0.031607 0.99901 0.0313154 -0.426214 -0.997135 -0.033671 0.0677355 84.51
0.0716734 -0.027059 0.997061 22.1934 -0.0362544 0.998901 0.0297151 -0.416082 -0.996769 -0.0382777 0.0706136 84.5569
0.0703694 -0.0290139 0.997099 23.0223 -0.0334526 0.998946 0.0314285 -0.417869 -0.99696 -0.0355671 0.0693247 84.5995
0.0694634 -0.0251976 0.997266 23.8349 -0.0293745 0.999196 0.0272924 -0.406501 -0.997152 -0.03119 0.0686674 84.6789
0.0709649 -0.0253949 0.997155 24.6127 -0.0299394 0.999171 0.027577 -0.394133 -0.997029 -0.0318113 0.0701458 84.7185
0.0728143 -0.0235688 0.997067 25.413 -0.0268671 0.999312 0.0255839 -0.395793 -0.996984 -0.0286512 0.072131 84.7536
0.0714811 -0.0239548 0.997154 26.2381 -0.0243981 0.99937 0.025757 -0.379562 -0.997144 -0.0261698 0.0708516 84.8173
0.0690575 -0.0183004 0.997445 27.0783 -0.0242274 0.999506 0.0200156 -0.367516 -0.997318 -0.0255478 0.0685801 84.8873
0.0641628 -0.0174199 0.997787 27.9017 -0.0249992 0.999506 0.0190575 -0.359465 -0.997626 -0.0261667 0.0636956 84.9526
0.0588959 -0.0139732 0.998166 28.7552 -0.0219049 0.999643 0.0152863 -0.349067 -0.998024 -0.022765 0.0585688 85.0266
0.0527387 -0.010975 0.998548 29.5631 -0.021081 0.999705 0.0121011 -0.350768 -0.998386 -0.0216885 0.0524917 85.0773
0.0444193 -0.0115196 0.998947 30.4099 -0.0169694 0.999781 0.0122837 -0.3505 -0.998869 -0.0174971 0.044214 85.131
0.0349917 -0.0088665 0.999348 31.2567 -0.00933809 0.999914 0.00919849 -0.351999 -0.999344 -0.00965387 0.0349059 85.1639
0.0251017 -0.00903543 0.999644 32.1002 -0.00872819 0.999919 0.00925708 -0.357192 -0.999647 -0.00895745 0.0250208 85.1804
0.014465 -0.0101182 0.999844 32.9258 -0.00955076 0.999902 0.010257 -0.358399 -0.99985 -0.00969764 0.014367 85.1978
0.00412356 -0.00791183 0.99996 33.7669 -0.0113673 0.999904 0.00795826 -0.361564 -0.999927 -0.0113997 0.00403323 85.2019
-0.0067731 -0.00966317 0.99993 34.6088 -0.0113147 0.99989 0.00958613 -0.358423 -0.999913 -0.011249 -0.00688169 85.2031
-0.0182378 -0.00982888 0.999785 35.4628 -0.00808936 0.99992 0.00968265 -0.367746 -0.999801 -0.00791103 -0.0183158 85.1813
-0.0285627 -0.00615391 0.999573 36.2612 -0.00651686 0.999961 0.00597008 -0.38533 -0.999571 -0.00634355 -0.0286017 85.1448
-0.0400967 -0.0102969 0.999143 37.1972 -0.00643527 0.999929 0.0100467 -0.378722 -0.999175 -0.00602692 -0.0401601 85.1286
-0.0495854 -0.00773448 0.99874 37.9766 -0.0054867 0.999957 0.0074715 -0.401201 -0.998755 -0.00510931 -0.0496257 85.0763
-0.0598482 -0.0102889 0.998154 38.8264 -0.00579232 0.999934 0.00995998 -0.381288 -0.998191 -0.00518555 -0.0599038 85.0237
-0.0687441 -0.0102893 0.997581 39.6051 -0.00716603 0.999926 0.00981969 -0.394156 -0.997609 -0.00647365 -0.0688128 84.9686
-0.0786602 -0.0116421 0.996834 40.4257 -0.00867634 0.999902 0.0109933 -0.39086 -0.996864 -0.00778414 -0.0787535 84.9012
-0.0867929 -0.0121041 0.996153 41.0998 -0.0108103 0.999879 0.0112075 -0.405407 -0.996168 -0.00979601 -0.0869132 84.8142
-0.0937929 -0.0141456 0.995491 41.8906 -0.0138596 0.999821 0.0129013 -0.402928 -0.995495 -0.0125871 -0.0939721 84.7237
-0.0992946 -0.0182821 0.99489 42.6267 -0.0177152 0.999705 0.0166026 -0.398854 -0.9949 -0.0159761 -0.0995892 84.6713
-0.101434 -0.0204911 0.994631 43.378 -0.0207615 0.999614 0.0184765 -0.406775 -0.994626 -0.0187759 -0.10182 84.5765
-0.105774 -0.0222115 0.994142 44.1195 -0.0217433 0.999563 0.0200192 -0.41249 -0.994152 -0.0194984 -0.106211 84.4852
-0.111133 -0.0223527 0.993554 44.7972 -0.0259913 0.99947 0.0195786 -0.437768 -0.993466 -0.0236479 -0.111655 84.4668
-0.107938 -0.0239428 0.993869 45.54 -0.0232201 0.999498 0.0215566 -0.405209 -0.993886 -0.0207509 -0.10844 84.373
-0.107363 -0.0246563 0.993914 46.2634 -0.0238702 0.999468 0.0222156 -0.435835 -0.993933 -0.0213398 -0.107894 84.2936
-0.103295 -0.0265163 0.994297 47.0484 -0.0213892 0.999473 0.0244323 -0.397776 -0.994421 -0.0187435 -0.103808 84.1792
-0.0985886 -0.0262506 0.994782 47.6494 -0.0231678 0.999442 0.0240775 -0.414125 -0.994859 -0.0206731 -0.0991417 84.1422
-0.0900159 -0.0267699 0.99558 48.277 -0.0256788 0.999369 0.02455 -0.402406 -0.995609 -0.0233554 -0.0906465 84.0874
-0.079388 -0.0242786 0.996548 48.8981 -0.0252427 0.999432 0.022338 -0.404331 -0.996524 -0.0233822 -0.0799558 84.049
-0.0653974 -0.0254035 0.997536 49.4892 -0.0259366 0.999381 0.0237502 -0.401749 -0.997522 -0.0243194 -0.0660158 84.0205
-0.0479377 -0.022449 0.998598 50.0495 -0.0226018 0.999516 0.0213846 -0.398563 -0.998595 -0.0215449 -0.0484219 83.9983
-0.027284 -0.0213401 0.9994 50.6027 -0.0206297 0.999571 0.0207805 -0.395575 -0.999415 -0.0200504 -0.0277125 84.0013
-0.00251412 -0.0194489 0.999808 51.1323 -0.0178426 0.999653 0.019401 -0.395909 -0.999838 -0.0177904 -0.00286026 84.0201
0.0252528 -0.0187881 0.999505 51.6647 -0.0166728 0.999676 0.0192125 -0.386087 -0.999542 -0.0171497 0.0249314 84.058
0.0572494 -0.0175748 0.998205 52.1717 -0.0185675 0.999653 0.0186651 -0.377922 -0.998187 -0.0196027 0.0569032 84.1177
0.0965464 -0.0165468 0.995191 52.6628 -0.0211833 0.999601 0.0186752 -0.369078 -0.995103 -0.0228845 0.0961574 84.1833
0.137565 -0.0150234 0.990379 53.1602 -0.0229227 0.999569 0.0183468 -0.362788 -0.990227 -0.025226 0.137161 84.2836
0.182059 -0.0117022 0.983218 53.655 -0.0253978 0.99954 0.0165992 -0.356142 -0.98296 -0.0279936 0.181678 84.4122
0.230901 -0.0103191 0.972923 54.1383 -0.0256351 0.999532 0.0166852 -0.362166 -0.972639 -0.0287936 0.230529 84.5599
0.279523 -0.00709364 0.960113 54.608 -0.0207815 0.999694 0.0134363 -0.353304 -0.959914 -0.0237083 0.27929 84.7453
0.335393 -0.0132675 0.941985 55.0708 -0.0134887 0.999731 0.0188835 -0.35551 -0.941982 -0.0190396 0.335124 84.937
0.392833 -0.00498518 0.919596 55.5314 -0.0070365 0.99994 0.00842658 -0.345347 -0.919583 -0.00978097 0.392774 85.1809
0.449813 -0.00951904 0.893072 55.978 -0.00365522 0.999915 0.0124989 -0.354622 -0.893115 -0.00888652 0.44974 85.4654
0.509065 -0.0114832 0.860651 56.3895 0.00342087 0.99993 0.0113181 -0.352418 -0.860721 -0.00281749 0.509069 85.7598
0.568368 -0.00617809 0.822751 56.7481 -0.000176943 0.999971 0.00763108 -0.354712 -0.822775 -0.00448284 0.56835 86.0474
0.623287 -0.00313138 0.781987 57.062 -0.00312951 0.999974 0.00649867 -0.345003 -0.781987 -0.00649777 0.623261 86.352
0.674601 -0.00379094 0.738173 57.3363 -0.00122037 0.99998 0.00625074 -0.351266 -0.738182 -0.0051176 0.674582 86.6544
0.723244 -0.00208284 0.690589 57.5901 -0.00183923 0.999986 0.0049422 -0.355345 -0.69059 -0.00484457 0.72323 86.9726
0.768193 -0.00262519 0.640213 57.8108 -0.00541248 0.999929 0.0105947 -0.351714 -0.640195 -0.0116039 0.768125 87.3023
0.809998 -0.0011698 0.586431 58.0309 -0.00973993 0.999833 0.0154476 -0.345408 -0.586351 -0.0182243 0.809852 87.6785
0.846306 -0.00296386 0.532689 58.2231 -0.0107195 0.999687 0.0225928 -0.343752 -0.532589 -0.0248306 0.846009 88.0534
0.877469 -0.00302118 0.479623 58.4082 -0.0115186 0.999559 0.0273696 -0.333819 -0.479494 -0.0295406 0.877048 88.4764
0.902738 0.00355209 0.430175 58.5662 -0.0168546 0.99949 0.0271169 -0.318812 -0.429859 -0.0317299 0.902338 88.9205
0.923212 0.00473049 0.384262 58.6977 -0.017833 0.999374 0.0305419 -0.322579 -0.383877 -0.0350492 0.922719 89.3518
0.938444 0.00855666 0.345325 58.8175 -0.0193279 0.999428 0.0277605 -0.310322 -0.34489 -0.0327261 0.938072 89.8103
0.95062 0.00689654 0.310279 58.9317 -0.0158309 0.999529 0.0262857 -0.301223 -0.309952 -0.0298997 0.950282 90.2729
0.960005 0.00352579 0.279962 59.0478 -0.0106142 0.99966 0.0238071 -0.290601 -0.279783 -0.0258265 0.959716 90.7647
0.966192 -0.00695851 0.257728 59.1672 0.000287475 0.999664 0.0259126 -0.28629 -0.257822 -0.0249625 0.96587 91.2463
0.970145 -0.0108887 0.24228 59.2826 0.00466654 0.999645 0.0262406 -0.281325 -0.24248 -0.0243266 0.969851 91.763
0.973253 -0.000710883 0.229734 59.3885 -0.00512951 0.999679 0.0248242 -0.272148 -0.229678 -0.0253387 0.972937 92.2673
0.975335 0.00738151 0.220608 59.4822 -0.0128958 0.999639 0.0235659 -0.25809 -0.220355 -0.0258295 0.975078 92.7894
0.976719 0.00943272 0.214317 59.5785 -0.0141905 0.999686 0.0206722 -0.247918 -0.214054 -0.0232322 0.976545 93.3199
0.977098 0.0121492 0.212445 59.6755 -0.0157151 0.999762 0.0151048 -0.236125 -0.212211 -0.0180975 0.977056 93.8782
0.977525 0.00298102 0.2108 59.7934 -0.00599119 0.999889 0.0136425 -0.241899 -0.210736 -0.0145989 0.977434 94.3983
0.976838 -0.00410727 0.213939 59.9225 0.00196284 0.999946 0.010235 -0.235889 -0.213969 -0.00957805 0.976793 94.9562
0.976012 -0.00704396 0.217601 60.0426 0.00617867 0.99997 0.00465666 -0.230891 -0.217627 -0.00320047 0.976027 95.5222
0.975069 -0.00483544 0.221849 60.1764 0.00494643 0.999988 5.53368e-005 -0.23017 -0.221846 0.0010434 0.975081 96.0494
0.973817 0.0046287 0.227286 60.2795 -0.00451019 0.999989 -0.00104079 -0.228589 -0.227289 -1.15691e-005 0.973827 96.6044
0.972794 0.00914901 0.231491 60.4097 -0.0100121 0.999947 0.00255403 -0.229846 -0.231456 -0.00480227 0.972834 97.1262
0.971398 0.00270321 0.237441 60.5713 -0.00446201 0.999966 0.00687021 -0.234671 -0.237414 -0.00773318 0.971378 97.901
0.970635 -0.00479705 0.24051 60.7192 0.00154257 0.999905 0.013718 -0.238269 -0.240553 -0.0129442 0.97055 98.3922
0.969512 -0.0057466 0.244977 60.8479 0.00127525 0.99983 0.0184069 -0.24029 -0.245041 -0.0175333 0.969354 99.0165
0.968933 -0.00766499 0.247205 61.0157 0.00278049 0.999794 0.0201019 -0.229168 -0.247308 -0.0187901 0.968755 99.6659
0.968722 -0.0112977 0.247892 61.1773 0.00712282 0.999817 0.017732 -0.222831 -0.248047 -0.0154117 0.968625 100.333
0.968576 -0.010577 0.248492 61.3796 0.00779005 0.999895 0.0121963 -0.220747 -0.248595 -0.00987729 0.968557 101.052
0.968529 -0.00425152 0.248864 61.547 0.00308135 0.999982 0.00509139 -0.2189 -0.248881 -0.00416432 0.968525 101.719
0.969209 0.0021088 0.24623 61.7092 -0.00249522 0.999996 0.00125736 -0.21214 -0.246226 -0.00183304 0.969211 102.39
0.970015 0.00146762 0.243042 61.9052 -0.00285683 0.999982 0.00536356 -0.203633 -0.24303 -0.00589706 0.970001 103.052
0.970366 -0.00296649 0.241622 62.0033 -0.000239063 0.999912 0.0132364 -0.201717 -0.241641 -0.0129019 0.97028 103.563
0.97149 -0.00221002 0.237072 62.2059 -0.00252532 0.999803 0.0196687 -0.211066 -0.237069 -0.0197067 0.971293 104.342
0.971119 0.0039647 0.238563 62.3479 -0.00809338 0.999834 0.0163294 -0.199146 -0.238459 -0.0177886 0.97099 105.049
0.972238 0.00455759 0.233949 62.5253 -0.00761634 0.999897 0.0121726 -0.19496 -0.23387 -0.0136165 0.972173 105.821
0.972879 0.00276782 0.231299 62.6939 -0.00436075 0.99997 0.00637591 -0.188554 -0.231275 -0.00721163 0.972862 106.561
0.973804 -0.00414739 0.22735 62.8608 0.00324404 0.999985 0.00434693 -0.186996 -0.227365 -0.00349552 0.973803 107.318
0.974645 -0.00462245 0.223707 63.0092 0.00340968 0.999977 0.00580717 -0.193068 -0.223729 -0.00489716 0.974639 108.072
