m=[-12.97210981365301, -2.492319392332349, 16.67484974795562;
  -11.16201758361734, -3.476757408921805, 14.71824718317598;
  -11.11935019590613, 2.431090174007355, 14.68786689169638;
  -11.31787467101483, -3.18301345930551, 14.95128812926934;
  -18.27604246364941, -1.613236170174032, 23.54004563754608;
  -18.3028496574848, -1.752226696038315, 23.70910585389592;
  -11.27515877498697, -3.519817070809602, 15.01351254747563;
  -11.80718432094353, -3.147815139570252, 15.67496940748396;
  -18.0211492290762, -1.373289674802414, 23.41263547341092;
  -18.64723063816038, -1.890039007311238, 24.27601369603086;
  -17.99976656490256, -1.580552792974033, 23.48597378331674;
  -10.9364514210208, 2.434052002070199, 14.68983500349791;
  -11.10916356878719, -3.098545455413768, 14.92745683800438;
  -11.0815468172473, -3.556197410608527, 14.95540963673133;
  -11.08635984395555, -3.482641275260173, 14.98422533613921;
  -17.91862434109142, 1.160164208116012, 23.66352980193583;
  -17.82697344633721, -0.3580281570374854, 23.57484316381556;
  -11.47597636249042, 1.978497584126814, 15.59913657379327;
  -19.35418586593324, -1.686556801056636, 25.64567930659783;
  -11.41037577477204, 2.155839046561097, 15.534322994553;
  -11.11565203105805, 2.181418090988296, 15.16201810891018;
  -11.08358783965341, 2.033631664065568, 15.19938044824531;
  -10.96368078305515, 2.150691620045855, 15.09468653784223;
  -11.01429037508, -3.382138552251987, 15.20655580585625;
  -25.34012283840463, -3.569024243533014, 34.05508408045881;
  -10.43887030635595, 2.544918830072515, 14.64203350675537;
  -10.47668819981462, 2.290205838310237, 14.77754715226519;
  -11.16880503072947, -3.269994916694234, 15.71907199433637;
  -10.71030031722433, -3.388183815519602, 15.19306916389645;
  -24.19128498505689, -4.060770785329584, 33.08631509953496;
  -25.04080289763763, -2.537023075180106, 34.26090408666304;
  -10.28725519494484, 2.318686771731636, 14.77281765174227;
  -20.05379975838942, -1.135107336218374, 27.89186380518997;
  -24.08155375948744, -3.51367527660703, 33.31247904445997;
  -18.02630222843122, 1.507768878465118, 25.38285467851154;
  -11.43927946986795, -3.243286419076088, 16.73167198547091;
  -20.74115430523906, -0.953147924667736, 29.63545607472115;
  -15.33982306583195, -3.324534621645855, 22.26196088194993;
  -11.02301300950311, -3.27667003608745, 16.29623246845523;
  -10.06073126471744, 2.48470856348225, 14.99109500437181;
  -10.77076916093964, -3.888630026194576, 16.02447751764695;
  -11.02440673763179, -3.863055816743589, 16.45568068192586;
  -17.22149691845701, 2.545115284607427, 25.21906715332914;
  -18.20741605953385, 2.270755127847021, 26.75364689106651;
  -9.813084016505711, 2.415811752071757, 15.05440107884232;
  -9.673287464689818, 2.581304960010552, 14.86110681612201;
  -22.50618125515794, -1.175584315907105, 33.43394278151004;
  -17.91677953607313, 2.352543012256235, 26.91262714550666;
  -16.1204754980398, -3.467343462938452, 24.3332337381304;
  -9.619425358122355, 2.534210533924124, 15.00713226954169;
  -22.23191742398883, -0.3551563295500226, 33.43976051663715;
  -22.11687883894372, -0.8638087577925859, 33.29475681958921;
  -15.36682114457288, 2.365988837080894, 23.47750803386117;
  -9.36908690866904, 2.564751644097913, 14.70692041180723;
  -15.01906255709747, -3.11459813150326, 23.06710215053078;
  -9.827350470663193, 2.092229203112186, 15.43406379946073;
  -21.58833745629113, -0.6802454986623535, 32.79543493537643;
  -21.98901629686661, -1.083757408528742, 33.70270794710493;
  -21.32500086467304, -0.7580177028600266, 32.79671488773841;
  -21.48994675002279, -1.242581825254012, 33.06801050648677;
  -21.84498858912036, -0.9456490582262124, 33.62070291757312;
  -21.44356876000702, -0.5779013601954777, 33.03882789082927;
  -22.09342657626865, -1.459197903119035, 34.0461573800966;
  -9.469839578958162, 2.097753358788915, 15.17294856873498;
  -21.5182226160649, -1.170320755477829, 33.24060010697579;
  -21.33301363489836, -1.696595704981323, 33.11304380952949;
  -21.51412025367916, -2.018036243666892, 33.41858633270891;
  -20.87450460580962, -1.362304857262984, 32.51084968125321;
  -21.10471285295829, -0.5298967619752995, 33.01929233836091;
  -21.12956013088995, -2.117184357718553, 33.19302883862065;
  -21.30414751902081, -1.505828143564969, 33.48248960515181;
  -20.731981917976, -0.2045001669731958, 32.79905197309646;
  -21.27722159207966, -0.3983684340854417, 33.66116737939148;
  -10.80096045097465, -4.044588308903201, 17.62652597859382;
  -19.80172951206752, -2.318407493789876, 31.58739090780257;
  -20.34815063568138, -0.8051045642027186, 32.66436434863896;
  -21.42144063258235, -0.4517317948894399, 34.59969808541856;
  -17.97338150878572, 2.061470725012739, 29.23269985265859;
  -8.554378121485192, 2.513912857098588, 14.5051546253726;
  -21.19308470315007, -2.418688863818643, 34.55612834431181;
  -8.740921883031261, 2.403734833009832, 14.84417809041805;
  -19.51815421039377, 0.3754297354111922, 32.10706452619657;
  -15.25824645118727, -4.472520529595608, 25.34119282910826;
  -20.08664888581417, -0.478395528605844, 33.24703581224314;
  -20.25489240028592, -0.8481230211107687, 33.58573950476296;
  -20.32825971711268, -0.7185036073390849, 33.75763283711277;
  -20.08095088471629, 0.9487027492123376, 33.47360032174674;
  -9.723696336296746, 1.782036685376342, 16.74587556077082;
  -20.03033866740736, -0.8344100576533607, 33.57706811258267;
  -19.98933674563439, 0.4856550629864235, 33.50913740304853;
  -14.23624296762849, -3.614857441066625, 24.22727760324929;
  -13.96631485168026, -3.759308507445333, 23.88306415824321;
  -19.58198119026089, 0.1812656357909532, 33.12552975012911;
  -19.51334663713169, -0.5532445435203867, 33.02493724303383;
  -19.57646694075479, -1.399759649181535, 33.14405280063286;
  -19.87688759266669, -0.2156865457114788, 33.63610303918382;
  -6.941633812320458, 2.606374550021014, 12.4298153228852;
  -8.261614029130914, 2.508146266535749, 14.6347936532925;
  -14.26008902599301, 1.956317318041357, 24.58975834764405;
  -8.449331680185219, 2.494968071256019, 15.00093178928234;
  -19.24440777508348, -0.4390217241353331, 32.95385574012913;
  -6.937720954599103, 2.513544369638045, 12.53284500711873;
  -6.912695565091361, 2.590615504431113, 12.5104481321356;
  -14.46291944365099, -3.6984042062405, 25.12019105974286;
  -12.21873676444372, -5.086588483869417, 21.39033676009496;
  -8.222878099417962, 2.519571827501591, 14.75471958781207;
  -19.27098302945707, -0.8858345427337495, 33.30774418772329;
  -12.96518932658822, -3.390851991181875, 22.81321484258523;
  -6.940188493906577, 2.594719195448664, 12.69244366637557;
  -12.98064371143488, -3.50430309635972, 22.980396344797;
  -19.36345505664827, -0.01052283312120608, 33.83433278636315;
  -11.87592384026329, -4.598934627232069, 21.15869936933794;
  -11.60221156168794, -4.665796422909383, 20.6900804063588;
  -8.502702686549705, 2.017876441992331, 15.42793100753507;
  -8.230357481156768, 2.488768384315701, 15.06387280035771;
  -18.82115021320513, 0.367462278216679, 33.23630734692656;
  -18.94458564557126, 0.1704043286835579, 33.45617461580406;
  -18.86614467813305, 0.7930264170346855, 33.43038432678124;
  -18.89230214632746, 0.9315610655727159, 33.50448814927584;
  -17.81308397506277, 0.5488668443463145, 31.67554875359327;
  -18.94352372354964, 0.5472453006985359, 33.63884081357324;
  -18.93015211685959, 0.2300687669743891, 33.73228841721577;
  -8.537683352538545, 1.6353144976625, 15.80031219952382;
  -18.80029843283083, 0.5481388317855623, 33.69517250692591;
  -19.75965221235667, 0.8087075601834347, 35.39073891061288;
  -6.909271220973596, 2.562676037857391, 13.03620543828907;
  -13.94821916080606, -3.934206800090927, 25.35363848800186;
  -14.20464578045738, -1.854522950806458, 25.80688575819388;
  -8.264796920509573, 2.147059385514534, 15.42983461229657;
  -11.57044628933934, -5.100925688898325, 21.36120577103256;
  -8.164121771806009, 2.425972003728743, 15.34528495586941;
  -13.69099488348528, -0.1699090490849363, 25.11357828970737;
