m=[-6.146956565436752, 0.4879382682035242, 14.73498160664999;
  -6.622059741517183, -0.203482166738906, 16.21655444178767;
  -7.511834768717987, -1.217178943452703, 21.58819435760373;
  -7.459315773278986, -2.482974348303326, 21.7031089239786;
  -7.905135683175114, -5.713615467482616, 23.29804076573736;
  -7.633921698154031, -1.685688288017707, 22.54681614554181;
  -7.843182062908054, -5.40270507166101, 23.71535180322124;
  -7.620174118004882, -1.267634149390983, 23.51165790416857;
  -7.744970128164275, -2.590166499016412, 23.91364317835742;
  -7.613333345294256, -5.508797498386506, 23.76350668298975;
  -7.868051305272592, -0.704483119999313, 27.0801536524087;
  -8.667480405156981, -2.891467166343089, 30.68937771382131;
  -8.60463904779634, -3.81664506217294, 30.76718230134156;
  -8.712815975176735, -3.819670683300334, 31.53622593751256;
  -8.812335324634949, -3.977304483422365, 32.241163698869;
  -8.716410562639339, -4.096768960886086, 32.31315086605889;
  -8.376884775950405, -1.879931635884163, 31.26793456362538;
  -8.150849008849873, -2.140692905356287, 31.98288754945578;
  -5.395850598159595, -1.334419197795878, 21.86795393942419;
  -5.245585008793499, 0.8820367850470512, 21.35257748540202;
  -5.112323837873115, -1.729686301428183, 21.26763358808372;
  -4.951804963567305, 0.8883609444312519, 21.18343847477295;
  -4.981954547420195, 1.008550338515331, 21.44544800022846;
  -6.461720179774869, -0.5519552085848341, 28.68956678454002;
  -4.898276189609259, 0.9831057183571739, 22.60728253831372;
  -4.070359980000703, 1.171277824399794, 20.33271834504369;
  -3.800129030339247, -3.03069964817969, 18.65664586007414;
  -4.757822250803277, 0.9276264684216967, 24.31419544066752;
  -3.301810907581237, 1.037900175524912, 19.23502822260001;
  -3.749681386237393, -0.1070116495455912, 22.79875482024616;
  -3.119350904722917, 1.16876885251612, 19.29637773220221;
  -2.957386029660991, 1.035652963997547, 18.49310257461276;
  -2.457363807401289, 0.5554538590310497, 17.49621924414121;
  -2.249023273859454, 0.5923706954310141, 17.7981057390728;
  -1.208146926428762, 1.463540121030188, 16.8019119037083;
  -0.08587432826563102, 1.53590130148991, 13.73967903825801;
  0.1507117195867361, 1.560640391911198, 13.20932739072119;
  1.948631897099607, -4.466836682081041, 19.42190270957471;
  2.489573763486903, -4.76307075208008, 22.57481364707153;
  2.4127242228042, -4.852612036503288, 20.84422475692178;
  2.443880898183411, -4.562618717356091, 21.26301835668175;
  2.800404065219172, -4.822058969790695, 20.50810257643325;
  3.440028268397026, -5.456459035137649, 24.63737735066012;
  2.8845753958032, -4.707647035247305, 20.73119883354397;
  3.193722797215818, -3.782888540652523, 20.25909962067524;
  3.031155830927616, -4.360106676003102, 19.08543027977511;
  2.859480370176817, -3.920298263486461, 17.76652538675384;
  2.97427422896247, -4.115320757370553, 18.27297220292926;
  3.088655225392358, -4.35826276518109, 18.79771151970024;
  3.602775707870229, -3.999326442222716, 20.72109012732447;
  3.6083447055581, -3.680254295991464, 19.52770066048144;
  3.923876424687561, -3.738742324861476, 20.15507800050173;
  3.912168060293928, -3.529826244141861, 19.76740065627885;
  3.564461300453766, -3.653188283547928, 17.96824953761316;
  3.467800163313328, -3.570463500050769, 16.8240710401247;
  3.518516121157105, -3.499523260521868, 17.04952139132804;
  3.36333835500624, 1.729094216312873, 16.30117129187373;
  4.48748708760524, -2.714939337330164, 20.92951364937635;
  4.492112093765146, -2.518139012449741, 20.953864280622;
  3.223387405537665, 1.53292494600454, 15.30824142546628;
  2.92643125374547, 1.688948326680337, 13.6885644810262;
  3.722767816762551, 1.619178373543924, 16.65229035953933;
  4.254162871078909, 1.503940134031921, 18.83373138198937;
  3.682857023390961, -2.945343149268697, 16.25830900284965;
  4.11479598703838, -3.790227724184247, 17.74593781614403;
  3.677884428476896, 1.454472312501604, 16.04922809517987;
  3.877643256541208, -2.783845591073145, 16.71913757814706;
  3.730430184973862, -2.85317365113416, 15.99479034353085;
  4.724986118501349, -0.6280939313357454, 20.05189522515368;
  3.45696431637272, 1.721396890503628, 14.98445310501048;
  4.853212388939111, 1.328167268485182, 20.57879965181082;
  3.895382720234867, -3.475244181968076, 16.40766216252483;
  3.924082694683897, -3.159393632476369, 16.55272504652892;
  5.014583425128217, 1.097476839624785, 20.77450571073683;
  3.926361566087948, -1.857213968361315, 16.37733670875258;
  3.628157870561855, -2.43466433678421, 15.14574361802922;
  4.086390761398411, -3.292597195820111, 16.82459472382726;
  3.689696831239027, -2.357119455159905, 15.20646623674802;
  3.971974967651354, -3.012131879986221, 16.03522491726527;
  4.168025658269461, -1.753243706504612, 16.76267977054298;
  4.509422666649516, 1.322337629389627, 17.92379789495099;
  4.361853426346634, 1.420092252566209, 17.35761573449296;
  4.073881590183658, -3.014218837098211, 16.09203504156899;
  3.919146381772889, -2.240765111850174, 15.52472637524324;
  5.302996612713106, 1.477177833202874, 20.34254848384327;
  4.161154526100041, -3.467608670620788, 16.0505636398776;
  4.462407567964441, -1.720747125794885, 16.90536190538671;
  3.213797040556726, 1.655284566927499, 12.39444809863867;
  3.107646713164395, 1.706902410677118, 11.88366859686283;
  4.834527629777454, -4.02119404047246, 17.79863060167411;
  6.07894872090786, -1.195417600302823, 22.1531784421415;
  5.351189438618368, 1.435891695114139, 19.60702570219076;
  3.492874696295512, 1.680365921534557, 13.10815011858831;
  6.376140212103718, 1.32051467026073, 22.99878370069251;
  5.340817432403552, 1.582935232720628, 19.29523118263699;
  3.656242139367377, 1.751433508477382, 13.4062507727138;
  4.546187012656681, -3.76366499531009, 16.22476801283286;
  3.099395753991805, 1.710549025989842, 11.33997880407655;
  2.928009735758211, 1.717698210914045, 10.76174335809994;
  4.469517355566691, -2.391579181714392, 15.6148320647365;
  4.511052511146186, -2.501646583382778, 15.74457980054768;
  3.333589065321018, 1.727517234311202, 11.92884502107997;
  6.532547084970894, -1.350744135208676, 22.26578587040811;
  3.545431807794669, 1.721370187691608, 12.42817475975777;
  4.732678739424022, 1.46313209631235, 15.84293943454192;
  2.649719556979415, 1.717582324737819, 9.28290313802504;
  4.874110894879228, 1.241279040286628, 16.16621305426781;
  2.846337885945036, 1.748985379137799, 9.861891423117195;
  4.845166414432205, 1.443714914058812, 15.93898248500108;
  3.130648148513542, 1.586273889343094, 10.62738935222743;
  3.464253164371995, 1.690206026688801, 11.48327796024895;
  3.441189427005129, 1.702516290592053, 11.41310626151313;
  5.103121346909957, 1.401469343724246, 16.28402728281598;
  2.747149260806491, 1.712524073602635, 9.174897176435751;
  3.407460670900401, 1.742324765641955, 11.03717580767602;
  5.238656214781967, 1.396232563251849, 16.33904854910162;
  5.08027433369147, 1.132411557942566, 15.81397490608697;
  3.365094897916111, 1.767319953377781, 10.77337874504978;
  3.443115193050304, 1.747995614489764, 10.96234830356011;
  5.876759580515774, 1.431614504611398, 17.83445433871124;
  5.725985663933613, 1.475859710105364, 17.29242311469593;
  4.653375679555559, 1.676322321139237, 14.2094285726883;
  5.411203161490907, 1.187603766545715, 16.28207663267487;
  7.119192444228925, -1.738311356546794, 20.95002636256925;
  6.021071475941022, -1.562707780197833, 17.85286934032881;
  4.932618024795709, 1.524101725749472, 14.83842190037885;
  3.407514227144641, 1.733617337134103, 10.51472059891408;
  3.305005825784634, 1.733735494424161, 10.20883175442023;
  5.433030092770103, 1.243774260498325, 16.08764462451198;
  5.44642456667339, 1.447345282497815, 16.10405867580078;
  3.559636366381086, 1.717655024716062, 10.86972699687868;
  5.58991478313252, 1.372435629964277, 16.47861013956916;
  2.705930116874568, 1.730744159636448, 8.465139048291521;
  5.774398862220597, -1.720227184138953, 16.72355610284888;
