m=[-4.974804363463096, 1.424379015090504, 7.341028870165531;
  -5.2491960355677, 1.209306635619769, 7.852737896304541;
  -4.760224656533432, 1.520428595770865, 7.300061629410324;
  -4.980754300235949, 1.397137630728932, 7.653481689115778;
  -4.768694441957624, 1.472698349153641, 7.389877044529467;
  -4.579266911325925, 1.530351682989721, 7.17673799497794;
  -5.002494424283082, 1.182623724626285, 7.761432143682972;
  -4.980631656004122, 1.232194470874516, 7.831275922974157;
  -4.926655303089298, 1.402305124399806, 7.839046360083085;
  -4.58998066849324, 1.525070534037962, 7.434232821248037;
  -4.916900424130088, 1.376695936550392, 7.92384728030518;
  -4.848766436081219, 1.391198430560927, 7.954390394612994;
  -4.620058893067222, 1.52411430915563, 7.833868989123821;
  -4.795427971217569, 1.530365863802954, 8.096147468629322;
  -4.83092988619878, 1.32995031419288, 8.350922802654006;
  -4.741229173091149, 1.453211240090088, 8.416062341914879;
  -5.011473249412497, 1.33904847350096, 8.856420865594048;
  -4.860112739807767, 1.267863669234155, 8.836995409809553;
  -13.12896273301321, -1.60916297967938, 22.17990739964234;
  -12.65337927424142, -4.614662819009824, 21.54974517772142;
  -5.250907620026892, 0.9560094563607099, 9.579592536118781;
  -12.71516099988478, -1.909933018511821, 22.0583795468074;
  -4.72683270416442, 1.527000868245789, 8.844293636334403;
  -4.506350483572912, 1.526672578771595, 8.582698047366423;
  -5.221853491954338, 1.130950540624297, 9.813964765963608;
  -13.44168712981653, -2.373723958958018, 23.81274179940203;
  -12.390085571904, -5.013456294248654, 22.03179820597774;
  -5.803400408355985, 0.9195233382117626, 10.88764941339649;
  -5.723454989738687, 1.074027929184952, 10.79753832652313;
  -4.983568453275395, 1.379909603764924, 9.555976521320442;
  -5.697749641182894, 1.023258785017839, 10.87093936267672;
  -12.27532408876681, -4.927152766349529, 22.21156689553395;
  -4.583483062927335, 1.598028612154264, 9.002839504351982;
  -5.248634211936589, 1.191330249315349, 10.21163115631812;
  -5.598929839724473, 1.03117106747938, 10.83295309913973;
  -4.948509815036407, 1.191006098476884, 9.799465429072411;
  -5.23837504216322, 1.024658442328703, 10.40230631028268;
  -11.87058997100193, -1.571098728081706, 22.31051243182017;
  -7.726453382754931, 0.3083053379757502, 14.94672705105506;
  -5.353967790919976, 0.9634511899238366, 10.72496405070015;
  -4.925719159334238, 1.400204943265755, 10.02853298501701;
  -4.801775787381078, 1.442072006639428, 10.16035545522447;
  -4.601260474180927, 1.498026018706077, 9.811226249200146;
  -5.037877361864386, 1.406019819462326, 10.64945468918957;
  -5.156809176121308, 1.108584923291086, 10.89503569229964;
  -10.38683861648443, -1.790535224321405, 20.90664097141572;
  -4.932206521940786, 1.108155134166593, 10.57759295350171;
  -4.890888835703307, 1.280004766702042, 10.50854192575774;
  -4.828243510094837, 1.297301373656591, 10.40531539965566;
  -4.959785640547327, 1.184348357762816, 10.67513150662185;
  -4.78835415858001, 1.328020216577851, 10.45611879417731;
  -4.830891390707009, 1.206596182620559, 10.59869386496869;
  -4.622636380344186, 1.487324169551342, 10.34017298405446;
  -4.729008466449212, 1.486753231692217, 10.71407001771708;
  -4.571181043113144, 1.259921019185442, 10.48587909825232;
  -9.286147873111387, -4.20558304284639, 23.06169407125865;
  -5.975496036382274, -1.89704655865151, 15.24690619602995;
  -5.298256263336102, -2.156184515577631, 15.32568495558489;
  -2.329211975400183, 1.616417434858908, 7.960691688110757;
  -4.820476590528338, -2.677517354731794, 15.38417915231918;
  -2.328309629705657, 1.600536339986646, 8.068412505922275;
  -2.287774355025453, 1.653974697299299, 7.991920721717465;
  -2.267460035405771, 1.606286845807177, 8.027702129820915;
  -4.765980965017539, -1.894744389150314, 15.90385415704932;
  -2.230668209790086, 1.63027310981011, 8.025895607169618;
  -4.785488082528626, -1.229661491807562, 16.27921157900152;
  -4.538870941520875, -1.988143690668379, 15.54111279891122;
  -3.010003087679334, 1.64446195945129, 11.26124157424593;
  -7.981004295344079, -1.170427174323918, 28.94372278838566;
  -8.079848293706236, -2.600180254817207, 29.54563159404215;
  -8.27520054094064, -1.726353296715704, 30.52823186221598;
  -8.217222404296296, -4.774493649178353, 30.34226632622148;
  -2.829031717074818, 1.480923250209923, 11.16477528130188;
  -2.155625282823253, 1.740468901725736, 8.78994138742851;
  -8.190394285573088, -2.502254600074209, 30.62801932844026;
  -2.064700690018719, 1.735364539658837, 8.492583316980518;
  -8.051711521099598, -5.502361266636314, 30.13793480615076;
  -2.332608363514414, 1.699848887715882, 9.548805021404611;
  -8.455964783963662, -4.602684847535674, 32.05932903045083;
  -2.109626647024444, 1.746100288630523, 8.838523626373084;
  -8.254272739935788, -2.667814102452993, 31.63872856139005;
  -1.939011913171819, 1.710805299011568, 8.242834353271388;
  -8.224326250690528, -5.369381316562015, 31.61821004779882;
  -7.765225660691931, -5.577652007014515, 29.97581155324664;
  -8.027078423813597, -4.354215884332128, 31.02823155841539;
  -1.964359123440892, 1.718787885598369, 8.501723123628361;
  -2.061681013707187, 1.732935923938243, 8.882123813198609;
  -2.606579523911205, 1.507754082327686, 11.08978309162585;
  -2.117160688424342, 1.733088564418439, 9.240647949577161;
  -2.051323555887254, 1.727018595966507, 9.072859360487831;
  -2.111808669583569, 1.630981335229345, 9.360047215336085;
  -2.529901703828319, 1.524731779895272, 11.13908678476669;
  -2.325067627003947, 1.661246683577692, 10.43687990821876;
  -2.422594549238446, 1.572157036765423, 11.09497736342084;
  -2.259518616048842, 1.59498628564248, 10.64134370932788;
  -2.316741440211033, 1.584608270427391, 10.96990504738652;
  -2.05986409522384, 1.735256161803968, 9.898601789946346;
  -2.211503135450113, 1.624043875631094, 10.62958543702515;
  -1.963184214285115, 1.723547373794513, 9.593600422881679;
  -1.88175173320115, 1.7272303144982, 9.32086375956249;
  -2.167216313904727, 1.705084223157769, 10.62822908563962;
  -2.099799168037782, 1.704929054007153, 10.42924417412455;
  -2.101197765558271, 1.734993409675874, 10.76140615419633;
  -2.009499796204099, 1.721811274969999, 10.37269844107094;
  -2.211727839027116, 1.727438209668639, 11.43503581352499;
  -1.818703514978037, 1.711019114353334, 9.610755540773237;
  -2.242247604754788, 1.522295366924486, 11.77543471430322;
  -2.3694819991585, 1.572720297758465, 12.58544791264552;
  -1.430559136788503, 1.673255530434985, 8.161989132869365;
  -1.997919522998858, 1.674382956407544, 11.24960651381569;
  -2.129243146994927, 1.648021252938713, 12.00104793752681;
  -1.588419301090271, 1.686341934144843, 9.433502664187618;
  -1.846462805346066, 1.71082335424036, 12.37591002682262;
  -0.973793414753775, 1.68525601366926, 8.086197675262701;
  -1.160374310719367, 1.70807623864222, 10.3533389745806;
  -1.553289275422942, 1.659913723036067, 14.39834325205435;
  -1.282629339469298, 1.687133640201428, 12.50102077901217;
  -0.8831181186941811, 1.644644155108746, 12.20193044239479;
  0.1540099545251582, 1.622524400519274, 12.17971717538983;
  0.2531447481363141, 1.675048349214436, 8.300820948055714;
  3.366406877868985, 1.46503546942642, 19.74457906641677;
  3.691442908728318, -3.948512931736037, 20.66021680048336;
  3.513327789883839, 1.596288998450659, 19.35915457036854;
  3.834107337667593, 1.379045788929152, 20.64964951551573;
  4.499771347251912, -5.713132548515062, 24.18794758144762;
  4.581732456705253, -5.818468240158063, 24.16919457401856;
  3.765825851854327, -3.002774244506909, 19.70042501756321;
  3.526221839568141, 1.558436206963358, 18.10908880544115;
  3.443071927421955, 1.634098302980826, 17.53261809115949;
  3.337639048597351, 1.691173896877643, 16.60940106835945;
  5.029347700637114, -5.774455367395568, 24.47315483505016;
  4.180646374282364, -3.679305564212093, 20.56816139141655;
  3.862274811355771, 1.71665035798974, 18.51957609903882;
