m=[-3.817687047935672, -0.6185983092693163, 10.97161645921127;
  -3.816322831777744, -1.270335240410802, 11.10370878839064;
  -3.921347292137114, -0.8658942893275807, 11.58171382082858;
  -3.966332672517421, -2.732172410869592, 11.99296075787958;
  -3.869222199036399, -1.293992042751766, 11.94674705187879;
  -3.896843788653672, -0.648249263710114, 12.02351240876864;
  -3.841203467931782, -2.779388619311574, 11.98955308286088;
  -2.529716867738011, 0.5121176395770765, 10.88948343988186;
  -3.331194736067161, -0.28454811323116, 14.79026191072804;
  -2.438330953226601, 0.4893838180152909, 11.25376247636761;
  -3.822554277899116, -1.522528445882173, 18.01150995873919;
  -3.827159595189406, -2.003759758897414, 18.22049396500849;
  -3.827902931445847, -2.01581869532525, 18.90294887209773;
  -3.617655221489318, -1.267050860282456, 18.13788690770373;
  -1.708055848319828, 0.5376938198064952, 9.470410869239773;
  -3.699198800680994, -3.100045080761106, 20.33918437983623;
  -3.611077368497884, -3.12124044076134, 20.22431537560459;
  -3.407798160418945, -0.4141785081916162, 19.11805146864349;
  -3.090104144000928, -0.2744328199605811, 17.9455618550428;
  -3.39389306289087, -1.542654738390502, 19.74400017231288;
  -3.581209851910557, -2.739283500866765, 20.94338748741527;
  -1.548827103268093, 0.5803197304579337, 9.581080724609413;
  -1.485110200542063, 0.5200737291745063, 9.286679181471744;
  -5.433667883124684, -7.906039643064623, 33.49675875201115;
  -5.807348476245772, -8.068463633990579, 36.25657103312773;
  -3.498772017948542, -3.593761636394052, 22.36060867694822;
  -3.750020915901064, -2.979169950050403, 23.85329449772188;
  -6.056393165370163, -8.89119339920444, 38.8542986364764;
  -3.923646669104207, -0.6750064752188029, 25.82314417890321;
  -5.06671108351703, -6.622049698817207, 33.45575279248284;
  -3.81581743460178, -2.369370809119343, 25.29061825169544;
  -1.252528827823604, 0.2831172042441684, 8.917897673598441;
  -7.426803273581989, -10.49107801528399, 48.84060539311754;
  -3.915124514691983, -2.82685421470542, 26.15967550457487;
  -3.905738550918827, -2.121648315863795, 26.14020489801541;
  -3.819331373168178, -4.328055264416829, 26.32336693011072;
  -5.627905117069656, -7.446644732429122, 38.40266921305659;
  -3.807006846111308, -3.576766800059793, 26.99175785677599;
  -5.137636880565133, -8.165791374249436, 37.22465400071208;
  -1.106694299083573, 0.2914924354929743, 8.758051721766842;
  -3.671914002048318, -4.473483920483627, 27.1968313548896;
  -4.559084286587192, -7.762178954053941, 34.94646364089113;
  -3.937016889144076, -5.62472679804419, 30.92897310517181;
  -4.042007025373767, -0.7124391031372441, 32.38240383168915;
  -3.419747868095392, -7.012504943666628, 30.15443812565232;
  -3.641475637696358, -7.256287076979625, 32.42496747375243;
  -3.404789733863602, -7.252177778819794, 31.35705429266905;
  -3.59187502483577, -6.220643357774936, 33.28842281062336;
  -3.583549258515851, -7.518130084227889, 34.06223019942465;
  -3.530960270789342, -8.665129137946853, 34.39241324663482;
  -3.27921132466877, -7.567331893080896, 32.61787870545143;
  -3.506326823378463, -8.288026163519362, 34.68620270826411;
  -3.288134479567007, -6.032112083071954, 32.73577601642932;
  -3.287679388074936, -7.567575897063905, 33.52332926116112;
  -2.881610245072674, -6.926192129810113, 30.30549187641609;
  -0.8538196727374627, -0.001009962357199382, 9.830637209086341;
  -2.941401482335949, -8.457519631499608, 34.2336528163324;
  -2.928559384514812, -7.583755322488922, 34.59475621419075;
  -2.776406020154254, -7.297618018270639, 34.05648823230376;
  -0.8715623106172759, 0.01697841908706396, 11.12722467771534;
  -2.159023281864904, -7.191508778363488, 31.92145598904546;
  -2.229243114933659, -7.158798099731666, 33.35455613552154;
  -0.6194865010641443, 0.6864245759837058, 10.03049103114764;
  -0.8898115427839042, -0.08208857108820467, 15.66406793335734;
  -0.4640798867514858, 0.6799988651552037, 8.669793864233203;
  -0.4067698669642171, 0.6866319553697229, 8.993922197497033;
  -0.3042787793216244, 0.6414257567496311, 11.62868150500561;
  -0.2832625669330405, 0.5960217612271934, 13.87380395348317;
  0.04572818865030349, 0.6523571745584018, 11.92856211317102;
  0.8635396351701942, 0.6899494214345721, 10.27015292533331;
  0.8538779147200625, 0.4468236506132675, 9.870783940247081;
  0.9142666391871813, 0.5517611187123284, 10.38240006809167;
  0.8564036744261621, 0.3880684885529232, 9.55647597282041;
  0.8510729090659646, 0.7671493183058551, 8.784970548650316;
  0.916230859918507, 0.3668934413787151, 9.053315105045272;
  0.9069392055857289, 0.4108501779512063, 8.937165642188166;
  0.9670641328432963, 0.3661042167597099, 9.159137418709541;
  0.8891429700490036, 0.1843829947364867, 8.437091015073388;
  0.957125705312467, 0.2312732507189556, 8.913919872839676;
  0.913275962753339, 0.5893390372949042, 8.364034566877701;
  1.29615554862918, -2.185433693336787, 9.923979090073285;
  1.181141267622994, 0.5037799167078522, 8.733657920503564;
  1.647057181437797, -1.561230467566144, 11.10424562234361;
  1.668957022663952, -1.976839818841165, 10.58688205947315;
  1.74644882650384, -1.956624113719499, 11.11096314310238;
  1.846289764443599, -1.116117144432078, 10.96068703984824;
  1.888043665607801, -1.47587544931283, 11.06613126652546;
  1.693742619730974, -1.708253240923495, 9.846338394208049;
  1.862547752110284, -1.050630298722759, 10.66601330409666;
  1.900279556932839, -1.626429032813729, 10.66648406152521;
  1.993617437885147, -1.565505057750477, 11.12779926524537;
  2.03860723883171, -0.9268839155522501, 10.95799841416272;
  2.20067050167454, -1.205574558137974, 11.39033766921677;
  2.148470289692945, -1.115048557015061, 11.10096063587067;
  1.937937479735794, -1.84650281870192, 9.954258706626003;
  3.13315174124828, 0.4940114512610819, 15.64336102517861;
  1.898955694931993, 0.48500568877115, 9.814874875011793;
  1.912540053948193, -1.725624761348217, 9.663681348785072;
  1.846237498258216, 0.6553032689599493, 9.474657352875049;
  2.214901567110206, -0.9246667223708497, 10.96732954687081;
  1.525056855058115, 0.8229014831212506, 7.954202414605287;
  2.142105979991797, -1.300094193710195, 10.53437349645133;
  2.325975792735803, -1.320730049047731, 11.11740950056138;
  1.968000675303848, 0.5864209723560239, 9.534784686960421;
  2.259121871851383, -1.266393803325441, 10.5378788659038;
  2.242087367187866, -1.356467678251921, 10.45703246350617;
  1.648960395003646, 0.8477315039344309, 7.992055218726376;
  2.526211699561424, -0.3781944835515164, 11.48140743492639;
  1.71186976237076, 0.8141025365243951, 8.129868462694459;
  2.519389211797447, 0.5909756091249748, 11.28144021901855;
  2.652557868060959, -0.4535336951682829, 11.71193027203487;
  2.380570965680051, 0.6823708515940092, 10.66105334820412;
  1.746630621785575, 0.8356651657292249, 8.049328960115203;
  2.189439467163109, -0.1116615140055704, 9.533395155660513;
  2.589434538499516, -0.3532171426454343, 11.18330128059047;
  1.814090160153557, 0.7890192726372827, 8.114595798652523;
  1.886309882968944, -1.425287773389807, 8.230102337769113;
  2.55864498856172, -0.4467696671542087, 10.70753767233315;
  1.827966633501481, 0.7228957049381015, 7.976719775175946;
  2.641547975170484, -0.3649901034028312, 10.9260882904723;
  1.9300065577423, -1.721844692207742, 8.129341285619249;
  2.526760977452266, 0.5529994053196238, 10.46791047342221;
  1.69712639977024, 0.8450848316598967, 7.356312829203813;
  2.821577385378491, -0.4598745399184486, 11.33136373420899;
  1.859922845774772, -1.18818985011294, 7.665359852270784;
  2.707584987623736, -0.5280712509513129, 10.65514315774828;
  2.060196147037073, -1.524315790002219, 8.137877318405666;
  5.044432457889694, 0.3249141945432306, 18.45406047214478;
  2.605243798848239, 0.7257044782042496, 9.993839740204544;
  2.745098466287432, 0.6981106575772738, 10.45755166504728;
  2.11628622679639, -1.578888270887399, 8.124909981090354;
  2.210468352955225, -0.8523777819656493, 8.374126952316503;
