m=[-7.441984715827908, 0.2987319639091319, 10.31558016393828;
  -12.1971754548648, -1.66039168022489, 16.48627658535349;
  -11.95424117802232, -1.94912990798721, 16.63661689085719;
  -6.873689838723257, 0.5599377026768688, 17.52351330847733;
  -6.337156791510144, -0.1703519531209116, 16.5651319671434;
  -2.328130715454212, 1.561398032704432, 7.471805769873279;
  -7.111376444070191, -1.118754524740372, 21.50155787765334;
  -2.2132090210828, 1.536313721063874, 7.393834482503135;
  -7.223754081384836, -2.379893160730051, 22.08961739348106;
  -7.28926520184505, -3.967825566395062, 22.33181589927392;
  -7.01614417148284, -5.061739384140975, 21.7626401835751;
  -7.467933908041366, -1.618000336863154, 23.12996895915788;
  -7.093786370318783, -2.204550286460336, 22.19565763656922;
  -7.562717279235089, -4.445107714244172, 23.75850253069419;
  -7.66269670041561, -4.749807889377232, 24.40144340121531;
  -7.364969651779248, -1.188649465088856, 23.79991990249784;
  -7.284342991482049, -2.410289694858542, 23.57262512983336;
  -7.19499160429862, -3.936344141902719, 23.54639448757773;
  -6.992190967663389, -5.044085457679538, 22.90961853532693;
  -2.309675975436428, 1.597998746384965, 8.26468376702841;
  -2.21448743852375, 1.549157625773858, 8.291125541483488;
  -2.009135738340044, 1.692057214270441, 7.664093404122479;
  -7.318130819813118, -0.6192194845116179, 26.28325109122786;
  -2.081936002178048, 1.712062815008846, 8.23271891958974;
  -2.007863712498861, 1.663681230976579, 8.097033485958541;
  -8.623250809172941, -2.834870286763898, 31.64843640272535;
  -8.383935290463137, -3.687876939267274, 31.10376487163603;
  -8.1191871075774, -3.526201437585948, 30.50750923293312;
  -7.74913128403402, -3.489433859028671, 29.49946046116001;
  -7.772020013333654, -3.62406363012381, 29.93675017158641;
  -7.642169459210695, -1.677035011550447, 29.64239644176346;
  -7.361268125000148, -1.65665225450465, 29.95883811092657;
  -7.316147565752379, -1.877000219865413, 29.82160433739152;
  -7.228436333745933, -1.568543525243287, 29.89753007065512;
  -5.757363564812954, -1.395457933332964, 24.43812646357616;
  -5.335954226805503, -0.6429228333956805, 22.71043605461578;
  -5.198411081010219, 0.9186204414541711, 22.25821989554414;
  -4.98607910951369, -1.70989616111164, 21.81985629595271;
  -1.558681680231565, 1.722186904553479, 8.3145905473247;
  -4.630385954443682, -4.052920764046728, 23.07391691554353;
  -4.515798469746018, -4.678470243140295, 23.1246404171501;
  -3.84999935715715, 1.153537561286894, 20.34969534604835;
  -3.884355944484585, 0.758470480147697, 21.32753772954789;
  -1.322045426342959, 1.6584405275617, 8.21141965104901;
  -3.133304510009346, 1.032941232406702, 18.49951347027651;
  -5.341340599743626, -5.740960724784975, 31.99980101443967;
  -2.903131606497152, 1.130978057843316, 19.10120944946327;
  -2.813713184050841, 1.027167006850917, 18.73530903723234;
  0.816792397320629, 1.693437034190093, 12.74150811147122;
  2.261233145850703, -4.778406050431328, 21.86184532776686;
  2.539288655006183, -4.741030168625698, 23.67030391793064;
  2.572808174809146, -4.699762308573456, 23.08489619240818;
  2.610715228480811, -4.772616456218755, 21.81327337105657;
  2.611289297147634, -4.809516926217302, 21.41907994141522;
  2.690710165293167, -4.305435617348894, 20.11022488341097;
  3.019823359016888, -4.360790644686804, 20.64010921008246;
  3.690639559072739, -4.29875347588387, 24.22974216293417;
  3.353150529753856, -4.89331323130826, 21.56357602727659;
  3.101833251203871, -4.211692454586107, 19.85839524744009;
  3.464579550462323, -4.094681884151295, 21.68321589365209;
  3.704227081817269, -4.034957530956488, 22.9822865006597;
  3.141528241507098, -4.403706364165422, 19.1993245002185;
  4.010068944847128, -3.344454138320395, 24.20432555176564;
  3.284971303875142, -4.516060882264781, 19.41739480004383;
  4.078829701960799, -3.144410706480373, 23.61671966116291;
  3.346637279270425, 1.815267533298114, 18.34320880606751;
  3.417952886563282, -3.71889105573769, 18.46690614845601;
  3.69214622418676, -3.71666565988439, 19.45840906168757;
  4.817412114202877, -2.862208831682371, 24.54564379043377;
  4.206362395845832, -3.739322186643274, 21.47140776032556;
  3.471832407446986, 1.79406337564073, 17.7259505146889;
  4.090103159307813, -4.476624032062862, 20.52770468753715;
  4.81377750626708, -2.779618743501497, 23.8210984833636;
  3.649252343113981, 1.74555083744095, 18.22792504733214;
  5.065886579128001, -2.500696479918295, 24.27674119906926;
  4.647761836009209, -4.200307135886449, 22.21548755592561;
  4.463347303978463, 1.599545625401655, 20.66329722241032;
  3.628428479653327, -3.427970727315617, 16.84128495097203;
  4.116670550346869, 1.639738504005808, 18.86451342288271;
  3.955014853015161, -3.590477001019635, 17.94998432397138;
  3.679340078789381, 1.723680065893715, 16.58239799145997;
  4.106070125422678, -3.244615835786509, 18.19375968873058;
  4.021051216883217, -3.540333778633657, 17.8425469992207;
  4.005077470271434, -2.652639593307462, 17.63949700353281;
  4.244360136936116, -3.364662838968531, 18.36441858306228;
  4.620368739721559, -2.299687055753307, 19.74244671777083;
  3.51132739383864, 1.8098401809366, 15.01497506448209;
  3.931564926076575, -2.193482663772604, 16.46163078535447;
  4.251857437395547, -3.089944700250067, 17.68453992752004;
  5.43513217906705, 1.539461196727416, 21.7597079123938;
  5.944189157402082, 1.537195624546337, 23.54320038785187;
  4.671162627331804, -1.885852435483334, 18.49796577474001;
  3.06575444006552, 1.800850543054841, 12.21377682670562;
  3.720845225781264, 1.79553414601999, 14.58959188919274;
  5.449441053337398, 1.486458513855017, 20.88397843573436;
  3.239226943091836, 1.787135675327422, 12.78761091951295;
  6.8434109458441, -1.326507108504859, 25.83520397435487;
  4.594827157396869, -2.684655458609112, 17.40932112984768;
  4.662692578281773, -3.802540536858035, 17.54062137035617;
  4.627580770095195, -3.807005533653798, 17.23813958362694;
  3.641283300469608, 1.77085006860958, 13.70152575778159;
  4.490497842831331, -2.366270417713978, 16.61601735496532;
  4.675037982010906, -2.556018693704462, 17.24524211553561;
  5.246017813092373, 1.391791025420472, 18.91358485030358;
  4.603458609528884, -3.70536736902385, 16.63375037418409;
  2.99759392227427, 1.837201993955931, 11.10158175684691;
  3.484932426036672, 1.747407016935934, 12.72640549153061;
  5.054007408023462, 1.581548378058943, 17.85317481744913;
  2.836571377331948, 1.769511660782617, 10.43273471471248;
  3.679152454672103, 1.805039056112815, 13.1498123196942;
  3.503019853652043, 1.794262787288585, 12.55815908134908;
  5.148763625743989, 1.5534249481459, 17.87297380133526;
  5.265803332542808, 1.200102405420544, 17.94583046465067;
  4.838247459919379, -3.757576675932553, 16.44541872669159;
  3.470808166235247, 1.827455183950876, 12.06619502589886;
  3.132013795563054, 1.812167085881311, 10.86277681517673;
  3.616318569475463, 1.792350520945435, 12.25306585770736;
  5.6248861280862, 1.519536525816368, 18.4787975447156;
  5.930915938095803, 1.35143810732466, 19.39991998384765;
  3.443074924463474, 1.809937147456564, 11.59227117666273;
  3.57814770966531, 1.824379088637543, 11.99595414353831;
  3.702399027786058, 1.7919332384567, 12.26085269991138;
  3.148918589027039, 1.794426554998287, 10.54830537896245;
  3.424166778804928, 1.797591297541541, 11.30913356932786;
  5.773641614017263, 1.298192001733499, 18.31826283149807;
  3.460444285307019, 1.877637566723673, 11.36024349742434;
  5.74610975142729, 1.560556741365667, 18.18870001363854;
  3.672637750206841, 1.830760372254694, 11.87171723021961;
  5.787463777282985, 1.351145875075342, 18.08110281704509;
  5.751209608635355, 1.452191941004787, 17.90935264491748;
  7.437159393030531, -1.778011042394253, 22.81221535698753;
  6.020123681434153, 1.338473924595369, 18.51928470112216;
  5.910846389650803, 1.561769137293719, 18.12644651294061;
  7.955734667708359, -1.803751463023415, 24.03653700387776;
