m=[-6.410201593561116, 0.07085001945649407, 8.871283597867068;
  -6.322851494038583, 0.4978422524603384, 8.791920872804395;
  -6.566746155053229, 0.007254825079146098, 9.257108070007208;
  -7.941570284000755, -1.833193367725262, 11.03301056274325;
  -6.48211117576016, -0.09339745523337516, 9.456884882524834;
  -5.960394643417854, -0.3325910726619152, 8.884018210334629;
  -6.543817669673781, 0.1209413418147125, 9.682736861816764;
  -5.989908169759066, 0.2000725368123704, 9.164563452611482;
  -6.017189077980794, 0.3051238625649668, 9.684767602662415;
  -4.997836473518635, 1.423962639054829, 9.437349662209039;
  -5.001140336766428, 1.253403493091267, 9.450248428966894;
  -4.815491225660379, 1.516406765706515, 9.164339251643387;
  -5.441197467524591, 1.186769698006252, 10.48358221314043;
  -5.012627414928523, 1.39184286502598, 9.784797085947865;
  -6.036169004985479, 0.8145236872928345, 11.600230679672;
  -5.166876329543429, 1.205598102972283, 10.07655937816145;
  -4.969426458217412, 1.441927961344843, 9.732720482471502;
  -4.929852744871488, 1.365044474335409, 9.7565790129569;
  -4.884748836073579, 1.455225092947085, 9.692936332089234;
  -4.599891617698212, 1.513627120823833, 9.189905310097769;
  -4.970466062393439, 1.305319335371206, 9.850735412328371;
  -12.88173153968142, -1.58599011887477, 23.94522219417724;
  -4.740715179140529, 1.497401648851261, 9.510773259036407;
  -4.782599675602944, 1.450599545247249, 9.619337305121706;
  -12.79277798995779, -5.750292101886003, 24.34314922320855;
  -12.9929836795674, -1.967581928723379, 24.76108314215895;
  -4.820356097745308, 1.477539122389737, 9.859991824384451;
  -6.006510908631892, 0.8641014998118476, 12.05280935891716;
  -12.505205112976, -5.223512043419272, 24.19410789963193;
  -6.084001571962703, 1.08027932475588, 12.29335632291717;
  -4.97458978091479, 1.265394303318752, 10.27386646320419;
  -5.781564465290789, 1.089946806847415, 11.81005975133821;
  -5.454060757836192, 1.076482809283048, 11.22435951570034;
  -4.727249212072592, 1.438417749991362, 9.979659884494643;
  -12.5752984916313, -5.679228619661937, 24.9956430320326;
  -6.133725533297871, 1.098736540082744, 12.71254470246899;
  -4.822800440817084, 1.520616612654267, 10.22909253524772;
  -5.035064520140126, 1.345666797619077, 10.65158202466546;
  -11.8768313452378, -4.928744891763956, 23.95971617184233;
  -5.283462416215164, 1.248815012234357, 11.21831910400289;
  -4.764486531748883, 1.466730023156938, 10.26095589049186;
  -11.84494673256139, -2.458042718850444, 24.22408576811249;
  -14.07439821746403, -2.25494517140211, 28.64572253046271;
  -12.91772971803115, -6.07206008424046, 26.52159550362385;
  -11.68404157409662, -1.557153477159078, 24.17548180781492;
  -5.790641580405245, 0.9658974594581115, 12.49751309116195;
  -4.84574196430345, 1.284308969742846, 10.6209219196066;
  -8.20557466846531, 0.6868654106977509, 17.29600096124428;
  -4.600265796707859, 1.563465114565366, 10.14563049605643;
  -4.994705179936894, 1.249203638534515, 11.3674923705861;
  -4.574904060828311, 1.384135526648486, 10.54560334547484;
  -4.883092622184686, 1.328680265730284, 11.30648818212331;
  -10.43882505105307, -1.817216652219061, 23.20879046960866;
  -5.509115334159056, 1.039699817696052, 12.97416042178676;
  -4.908634624006512, 1.172760198493896, 11.82978354491019;
  -4.709033496749263, 1.430692870596059, 11.43797283493383;
  -9.141176798431475, -1.527361562651848, 21.24758968277787;
  -4.853711467374689, 1.310584514930621, 11.87698809711625;
  -4.634783585647989, 1.496655098262283, 11.44819173855435;
  -5.040358626190326, 1.419619745877753, 12.37192032717324;
  -5.287269653716199, 0.9249125110429021, 12.95869409125482;
  -4.842076773545931, 1.423972592874311, 12.03013038476987;
  -5.318194537054834, 1.086074469335563, 13.18682056248117;
  -4.821768816550729, 1.248633499730152, 12.08755580002893;
  -10.28834090708243, -4.437329631536461, 24.61922199775213;
  -7.384323958296442, -2.333496897839222, 18.02604804354211;
  -4.889431357149487, 1.462641524322278, 12.48229342554048;
  -4.921238590999566, 1.280424827867391, 12.69733194146659;
  -5.159088858384531, 1.091220362552935, 13.32307721888054;
  -4.720995955269329, 1.180933113327517, 12.3249538144859;
  -4.841689690476696, 1.136063126364012, 12.62689730078094;
  -4.565468107570795, 1.248325570332759, 12.57546179985103;
  -4.448721836200742, 1.494407671513439, 12.63297025302393;
  -9.481729696665498, -4.440678800084453, 25.90523393872563;
  -8.998773484809199, -4.332307009642049, 25.30573176775361;
  -6.71265006162626, -2.507103458805789, 19.29908174125354;
  -6.010928010189767, -1.847797190949703, 17.45894657600421;
  -5.686258201182984, -2.025478363517039, 17.77356933874543;
  -5.346799161162702, -2.214087321057932, 17.66006954635103;
  -4.978398450782125, -2.598901540625186, 17.5368507671236;
  -4.942841027328301, -2.792508910548065, 17.98537413383292;
  -4.598356004048251, -2.390916013320088, 17.42409849958392;
  -4.773389401669168, -2.248515245865741, 18.04801365628375;
  -4.67430876055739, -1.909117079996672, 17.83863067105862;
  -4.709645918781043, -1.333866339469406, 18.11886647500876;
  -4.293300885782689, -1.98958767873782, 17.06551222137436;
  -8.073357265317688, -5.290117363400555, 32.17802762981953;
  -8.196896892043123, -5.975437218190336, 32.71620642284314;
  -2.323846253243033, 1.601533298849274, 10.06617574551405;
  -7.835670190002378, -7.480679793876228, 31.63020298621537;
  -8.08342721367795, -5.62124430219086, 32.64907692897126;
  -7.122164670799574, -2.283240181489351, 29.00764807911355;
  -8.419163562914266, -5.021052866498764, 34.15175938604107;
  -1.813636238411287, 1.735646182313499, 8.142131023941856;
  -1.734125300992838, 1.736075397483484, 7.838813512441055;
  -7.33363683831508, -4.573638259271559, 29.91652541522243;
  -7.868144636873243, -7.668700760610629, 32.25803739289745;
  -7.886295298878534, -2.611066005646564, 32.69843908395919;
  -8.055790021075058, -5.339764370442882, 33.40639048310622;
  -8.314376915636814, -6.071944802802252, 34.59336476615997;
  -7.42261346258294, -7.298519508199596, 31.47903370088014;
  -3.139106986731575, 1.694830787735186, 13.98210899778118;
  -2.22361198910173, 1.720105215066058, 10.26432093395811;
  -2.944866415911442, 1.539664054167907, 13.90872558920035;
  -2.12071429008751, 1.63899637172338, 10.63087086916309;
  -2.057694404495054, 1.720220171209293, 10.6009491311631;
  -1.802337499079156, 1.713318830750663, 9.46239830743731;
  -2.170672051159589, 1.911258620101372, 11.70856485737009;
  -2.307316808000433, 1.569839679594325, 12.44000661955951;
  -2.138327401783917, 1.644283987140224, 11.67943774608334;
  -2.355254441638048, 1.675060022092266, 12.84813232842208;
  -2.075171493432292, 1.73540262029525, 11.50896792409176;
  -2.199723905959538, 1.55241262906584, 12.57987262547411;
  -2.313063669922152, 1.573213940757207, 13.18744437989494;
  -1.43707123410968, 1.700957913291945, 8.58814043159745;
  -2.125848768165957, 1.55797216288056, 12.42048601784102;
  -2.047891474469349, 1.721688496478393, 12.07723936077614;
  -2.027565904541031, 1.589068251177966, 12.12064539213912;
  -1.926434718144402, 1.688161883073908, 11.61063948872847;
  -1.895542624896997, 1.779760472799091, 11.88984036779961;
  -1.97761376401105, 1.63553861832641, 12.34435730875936;
  -2.126698537148825, 1.65316861761902, 13.21790710878709;
  -2.229771367868176, 1.526549440216343, 14.03909300197696;
  -2.090982826516088, 1.615461701962408, 14.0556264363218;
  -2.03760381532684, 1.706544335317807, 13.80462978323013;
  -1.833822606940243, 1.718574493951461, 12.63196948036745;
  -1.813342689241119, 1.644496934398236, 12.97619203796337;
  -1.559861962413382, 1.742231238788104, 11.7350279677534;
  -1.829153469623815, 1.703150895510895, 14.17914897145568;
  -1.70157229032876, 1.646321596719019, 13.38217100558558;
  -0.8939157416771336, 1.699848290458607, 8.945930437914091;
  -1.316299663860105, 1.646071027840788, 14.48579525401035;
  -1.512885475408279, 1.626113326639048, 16.49363172739755;
