m=[-3.952907920815779, -0.6007161547947545, 10.74320434464722;
  -3.968757012468694, -1.272853981097775, 10.90912357045949;
  -4.075468662048929, -2.298254133569907, 11.46660475948616;
  -4.219204041407174, -2.831169433334919, 12.06806164774955;
  -4.060476339021901, -2.35261601094262, 11.71509984066695;
  -3.991668771653322, -1.285760497149549, 11.69318658084034;
  -4.04301183723994, -0.6304798486350913, 11.83992155381515;
  -4.063847154714856, -2.172139169885492, 11.99514885166618;
  -4.00579667975418, -0.6306841968473235, 11.90234861329996;
  -3.929269545494872, -2.103497321100673, 11.73576427212031;
  -4.16371390015026, -0.333720393798521, 13.68233981639112;
  -4.419921423393545, -0.5092959093853158, 14.92713440638977;
  -2.62442101677992, 0.5525103314993043, 10.67094998935191;
  -3.630636623285219, -0.2716297623903321, 15.39371729350713;
  -2.513447453529026, 0.524338486075117, 10.97864019091604;
  -3.363063198040262, -0.3025322973753004, 14.50249024181528;
  -2.135905538117255, 0.6273842615507738, 10.03438329009968;
  -4.107566101145086, -1.57601597785288, 18.56269757060739;
  -4.239359992975414, -2.148270559525844, 19.34588937040558;
  -4.185177561217392, -2.128987121886484, 19.8065314462423;
  -1.837280522598314, 0.4912850916575745, 9.235899844952469;
  -3.667608044076715, -1.236309301852748, 17.69105772418925;
  -1.573070811825719, 0.4768125090672872, 8.420073648800958;
  -3.901569211454916, -1.45208079856374, 20.25984399371874;
  -3.422207337405025, -1.552410854357094, 18.04438810632493;
  -4.076660744521832, -3.313611407919057, 21.45837251510025;
  -4.110285630637181, -3.084118394910552, 21.70693056700665;
  -4.008629040713347, -3.353282544866582, 21.46851860855769;
  -3.285302708909807, -0.3836703423560995, 17.76123256839683;
  -3.851142405591511, -3.981957580483119, 21.14708722493566;
  -1.592427840953585, 0.6080353779835275, 9.220057336421474;
  -1.534061521433841, 0.5500562619500122, 8.955064096456804;
  -3.754418312655527, -1.641349527307883, 20.94274395612042;
  -4.068643312731599, -2.998759010739938, 22.78868602214672;
  -4.526736975745368, -3.613912669170775, 25.7818397341791;
  -4.604334316710535, -4.403862703527908, 26.3017912354059;
  -6.283516539024875, -8.863082744649395, 37.22388457233886;
  -4.032409376853501, -3.990468024800401, 24.59632847799992;
  -6.621583872775203, -8.927284776731145, 39.84561564215442;
  -4.100934820273303, -3.161412706834626, 25.08178590957743;
  -1.328774699643355, 0.3111695645866406, 8.769102724930693;
  -4.800270132572776, -1.53242226746462, 30.30191827296617;
  -4.117575560785882, -2.87411449216128, 26.46564934972726;
  -4.598648194329278, -5.046860863306268, 30.3565659959405;
  -5.68247202174636, -8.11187896916671, 37.61314136091667;
  -1.153352025709242, 0.3140274093586422, 8.457446422749564;
  -4.408622513674342, -4.839643491064247, 30.61164606281749;
  -3.709473272550869, -4.359263340373097, 26.33569164110315;
  -1.046379001767556, 0.4713662286834813, 9.359461006076222;
  -0.9509883383101967, 0.003531673160585277, 9.194831203168562;
  -0.8804652019746291, 0.01317817461116006, 9.432478446061063;
  -0.8925020405675345, 0.3587976149400092, 9.661571293902446;
  -0.9747124412674089, 0.03459283216174015, 11.56981582263316;
  -0.8295121497101262, 0.1621857885192798, 11.47754243098101;
  -1.539300158969812, -0.1101520984922034, 25.0917230009143;
  -0.3450405856512253, 0.6768937178758194, 11.58681498413605;
  -0.2657297046590071, 0.6338144477647393, 10.16187391085724;
  0.2995679838172467, 0.6455860750103771, 13.32303557491372;
  0.7410602555130028, 0.5823919203671452, 12.07614935023681;
  0.7886475569681856, 0.5811370031958665, 11.72890505822328;
  0.8039274838796072, 0.6362049248292682, 11.31360492695226;
  0.821411130506879, 0.6082420096821133, 10.58846658419638;
  0.8195075947049141, 0.4451239529653615, 9.225513986919696;
  0.8195429132569314, 0.3825447266205856, 8.879914858815333;
  0.8614500374639468, 0.2653860799601711, 8.934856813151853;
  0.8211978384847901, 0.462853844527968, 8.138569995247668;
  0.9433075364998663, 0.2032990983932448, 9.161927442841867;
  0.8278305459185879, 0.7600258032876319, 8.181001601295838;
  0.878198504770929, 0.3616891280803134, 8.394132269040044;
  0.8883448132719493, 0.4131086037403908, 8.445064359721382;
  0.9106526930905976, 0.2828439772668702, 8.34924199502162;
  0.9990541513180959, 0.09964859005149485, 9.007797054649386;
  0.9149296548677158, 0.355889066006188, 8.350239871220378;
  0.9710463809083429, 0.8191557468225257, 8.539728479284708;
  1.020070254157757, 0.1130944117962499, 8.693768882197647;
  1.17326397394198, 0.5090712480097653, 8.30611563231701;
  1.467451792748523, -1.77914919439918, 9.866896969853196;
  1.483873409018888, -2.040582969297405, 9.775189753514203;
  1.249165039962634, 0.5325422638867638, 8.342110139340663;
  2.123006245763977, -1.052947480409181, 12.33914765250988;
  1.618087837724048, -2.001572992867199, 9.506812309058503;
  2.232360987277944, -0.8544999993327549, 12.56559384265766;
  2.277755476163129, -0.7664785782501422, 12.61411536145843;
  1.706612616822358, -1.999646305268171, 9.411009720861275;
  2.040778855599451, -1.077705695073181, 10.99188982591029;
  1.813058135262313, -1.306805095224814, 9.704732985855353;
  2.066346218195268, -1.392465464406788, 10.28827443401893;
  1.789268968518614, -1.730728730610615, 8.880936768182647;
  1.871761396355752, -1.71977395915706, 9.139333154664666;
  2.677079557314209, -0.6348348114671961, 12.60768896740036;
  2.614633452756857, -0.4001465198785723, 12.33877679026448;
  2.102010131458681, -1.302063052569832, 10.0059301396016;
  2.475843190050218, -0.4645280577365236, 11.47076881964568;
  3.211724706714931, 0.05682927469460601, 14.25503562061888;
  2.763836366993148, -0.5064974490083548, 12.3790964698378;
  2.444408794798317, -0.3847741707867129, 11.02592023298429;
  1.876512461578673, 0.5573114759689115, 8.697876856501907;
  2.166708146471141, -1.241476156654652, 9.778757242371167;
  4.036022815182488, 0.5625634566078399, 17.23690593707605;
  1.614756818641748, 0.8341792844418697, 7.415628871515343;
  2.795102274705779, -0.5906640402834598, 11.95171803497456;
  1.730322245701284, 0.8271938811435217, 7.755998013023951;
  2.312062350041737, 0.6620803509417511, 9.962369661499981;
  2.393256337681713, 0.6278474438885164, 10.21500199819685;
  2.064067094506807, 0.7304006739538285, 8.731634105777713;
  1.795354369637319, 0.7866245040420506, 7.623725787797234;
  2.399246187736244, 0.6535290452625159, 9.763811375600607;
  1.862339137198878, -1.427910192851587, 7.718176997113993;
  1.807298130441713, 0.7176907207176879, 7.4652703294137;
  1.89000091455267, -1.347771243632396, 7.681512931745043;
  2.680223639155695, -0.3589200069734659, 10.29729958564107;
  5.11250506248247, -0.05786436656195375, 18.38320294121743;
  4.424374415831561, 0.4422934587619788, 15.44436976633966;
  4.928897375511331, 0.2975494558007198, 16.86234610392752;
  2.164597006026003, -0.8560502046019626, 7.821180908051987;
  5.388906052564266, -0.03254578167588538, 17.79552725338893;
  4.563686213684174, 0.2495490795995737, 15.2027229686006;
  4.66010504757841, 0.2383621890736536, 15.20413319425798;
  3.041893554678394, -0.6476058387917326, 10.25616265666163;
  4.265832153809845, 0.1272971062707473, 13.80440103323566;
  2.082194301141881, -1.546521119232132, 7.241030068602079;
  2.42999513560262, 0.6132523184989578, 7.616884990637727;
  6.657777459544509, -0.6788646776293967, 18.94241605069201;
  2.406004330123997, 0.7138699866000472, 7.47252482428039;
  1.784365484497088, 0.8662381526385283, 5.791890386286365;
  2.479450177350583, 0.6334557185302112, 7.577920439027489;
  2.616319697575789, 0.7141393404688218, 7.8918250289063;
  2.633377358746178, 0.696951413577131, 7.764554572934368;
  2.638992006745523, 0.578413217480978, 7.74864418358476;
  2.638596233977909, 0.6737980902691444, 7.557274697988665;
  2.700256905379039, 0.6426867510799674, 7.633499750130986;
  2.549754470870539, 0.781499813782238, 7.1991856770868;
