m=[-5.353703163819843, 0.9410035508495018, 7.607699163798148;
  -5.134406623111109, 0.9394225425639539, 7.44121482932977;
  -4.436883029998231, 1.444725236053892, 6.601599834997057;
  -5.148823173300955, 0.98102133197634, 7.529236015082322;
  -4.495514425020706, 1.429264154729727, 6.752159126089541;
  -4.453086944651444, 1.444671921909233, 6.761181382228842;
  -4.364976937806401, 1.446822945389418, 6.754850855346435;
  -4.620160677674974, 1.415828174299033, 7.115309963218209;
  -4.773320072600682, 1.240517719005987, 7.324536717726518;
  -4.702423789403732, 1.41243736296341, 7.272941646826182;
  -4.817752703417311, 1.172839663029538, 7.429583335326361;
  -12.98700160559486, -1.682675829951095, 18.65920639879703;
  -4.672626832866717, 1.269141798037695, 7.344920491709036;
  -4.357757776316759, 1.431537152964576, 6.978853538026093;
  -4.605777410489736, 1.424305488126085, 7.348336754202558;
  -4.496611996349946, 1.21157943081212, 7.234811615778776;
  -4.524625306761038, 1.260209561327935, 7.286232748986111;
  -7.6344174615463, 0.3523003161764957, 11.6368942454091;
  -12.74237514165976, -1.99870747745185, 18.83971973963714;
  -3.449174594092714, 1.552823366409185, 7.20713449538992;
  -9.648735824122692, -4.551746581498697, 20.58521780924924;
  -5.016199897429558, -2.027495460935718, 11.83798986675879;
  -4.66769579761695, -2.284286271198815, 11.90180069891962;
  -2.796668610446288, 1.474681040260465, 7.915089519392914;
  -2.692495967940316, 1.526936531415862, 7.844453543666856;
  -5.257722049947565, 0.490998265315526, 14.5037233669998;
  -2.704916247403495, 1.484169310812859, 7.95765717654329;
  -2.699375771208626, 1.518626830495183, 7.968372147528525;
  -2.242635085556613, 1.554807121497886, 6.959031138829276;
  -2.467315361616155, 1.49554400784027, 7.771547923701636;
  -2.334371386408056, 1.544460988275632, 7.585143637907452;
  -2.363555679993089, 1.530012646695012, 7.68829307677132;
  -2.257525761782456, 1.530040805890869, 7.542527529817072;
  -2.693896341241028, 1.534333719925583, 9.139702686717209;
  -8.464564737221631, -1.259446297598821, 26.84805081442772;
  -8.099442677990957, -2.603014420459796, 25.98797348434504;
  -2.462166225885412, 1.545515854402741, 8.668072527033512;
  -8.639235268651564, -1.806638603947734, 28.02978076587965;
  -8.132800745016015, -5.8102413636522, 26.39906598904737;
  -2.315097688934146, 1.579492031425065, 8.475511899541411;
  -8.578413220927319, -1.309913276891106, 29.02024287540807;
  -8.369659730681036, -4.515919597220428, 28.62061898737306;
  -8.486492673828325, -6.066655574944694, 29.0215443281115;
  -2.312342865157919, 1.508752305703305, 8.715290136574053;
  -2.176085540075158, 1.533350088096569, 8.308909518657472;
  -2.02329531925477, 1.671909297573408, 8.099364246118903;
  -1.954724579155234, 1.68547382760806, 7.867264571174335;
  -1.947518148033334, 1.675652195120087, 7.953830753651173;
  -9.442584612070645, -0.6978150361421172, 35.3460152280059;
  -1.85093341904258, 1.661565940929161, 7.726849556196417;
  -11.43198137216738, -3.657802458707026, 43.46336286414567;
  -2.169164699835699, 1.545238690228437, 9.179687772507414;
  -10.45963899381395, -4.470931118833101, 40.77628206436786;
  -9.989776746469762, -3.329004092065444, 39.70029425359563;
  -9.829062336706734, -4.495449949851544, 39.27317726678683;
  -10.62682656947012, -2.230754612074426, 42.77611757756122;
  -2.062868138865208, 1.725031463576526, 9.21934977305733;
  -2.006760522116807, 1.691689186234846, 9.155924006134827;
  -9.987550651924176, -2.146170207900048, 42.21218922716493;
  -10.2257794953574, -2.529083359483131, 43.26537264964088;
  -10.13588670443204, -1.982232411404432, 43.4222307013311;
  -9.271235872333978, -2.155609641867915, 40.91848833697766;
  -7.27385280299956, -0.7562847446979207, 32.33676215775446;
  -6.248319398729932, 0.2563918693940424, 29.20725323630237;
  -5.699204520889293, 1.183070386377861, 27.49714964640971;
  -5.262139698165077, -3.846401568167155, 26.12137528228188;
  -5.749262905736515, -4.940409440994182, 29.74406743224088;
  -1.533498208798767, 1.660604051956747, 9.111775719759905;
  -4.753251207049211, 1.482079356526769, 26.50044880744315;
  -3.895408707560404, 0.7817909904732875, 22.62074417455408;
  -1.47177518069914, 1.674719474725225, 9.225424737601534;
  -4.193360800912915, 1.458306550797853, 24.93218412451358;
  -3.850722548347239, 1.151027248147413, 23.4425359560494;
  -1.392797068018072, 1.669941171122727, 9.188663706558687;
  -3.87378251819127, 1.347138882878446, 24.30201896911962;
  -3.525179908165296, 1.168115003660184, 22.8789277389375;
  -1.296977071219603, 1.659873856178757, 9.152283982484907;
  -1.078381166804971, 1.651712372752275, 9.078782419263161;
  -0.5638206398229452, 1.734171001575299, 9.415373637086747;
  0.1002238507712116, 1.675548603449325, 9.280975543775121;
  0.4129157470745666, 1.682018476929353, 9.364650948945878;
  0.7848879832171049, 1.576904027780419, 12.78690607806076;
  2.287482734354305, -4.207284433402692, 22.05803082503476;
  2.303743163048287, -4.590994063798267, 21.15906377375141;
  2.629622959883042, -4.759074615537704, 22.2723914971163;
  3.144474829692284, -5.516729287470371, 24.19796872328344;
  2.499492686419801, -3.949509622944095, 19.49170927011678;
  2.638580113564384, -4.848004309016498, 20.31753488856558;
  2.938309168540675, -3.789421408261995, 21.34541149998689;
  2.290736170833583, -3.246630033674247, 16.44642636997634;
  3.097006517881051, -3.543197178796098, 21.06076479789509;
  2.916827374395373, -3.910591589205567, 19.48600144642298;
  2.9761269109718, -4.058687648295239, 19.64268644534483;
  3.358811265597422, -3.721966134648058, 21.72967304243229;
  3.282870499638627, -3.827157780068004, 21.31883950202044;
  3.229218914618193, -4.816557509628408, 20.56202067280142;
  3.110443967220066, -3.173282780431383, 19.65479942225293;
  3.521445698431321, -4.788046541742261, 21.62519633383079;
  3.845619439274915, -5.341045873845384, 23.03521618089143;
  3.554671823908552, -2.802786722964342, 20.74320497770909;
  3.782721402559647, -3.381826947528164, 21.21782651254211;
  3.397920075425672, -4.257781404022573, 19.12992781806108;
  3.142241427575085, 1.413826921107238, 16.91909641876762;
  3.773231551260708, -3.31624477094091, 20.07711362549454;
  4.094487454657217, -3.296619269012578, 21.41808179391055;
  3.314001338696722, 1.5773527614883, 17.31598996517761;
  3.823216509727844, -4.488186983011476, 19.52336210489754;
  3.962048546756698, -4.66093226612632, 19.8337042159967;
  3.907777750175921, -2.955334883488918, 19.41977877422684;
  3.630980809960053, -3.405092043178101, 17.73596129035003;
  3.690885717491389, 1.461855045874543, 17.68318114492463;
  3.71010173274792, -3.636825332784712, 17.74394849857034;
  3.642624436115439, 1.534842768553617, 17.2587789035083;
  3.455592837483246, 1.604189459042763, 16.36412981394378;
  3.751797721771281, -3.277057044450822, 17.52855008184439;
  3.879407779992154, -3.038995340184223, 18.05557535517944;
  3.857616048508867, -3.041579078150519, 17.58226806690068;
  4.344618303907361, -2.109835368104648, 19.33986833138447;
  4.329752370490434, 1.420852948301765, 18.95925331970711;
  3.830748225249099, -2.120234988619539, 16.91329295597269;
  3.866700160557684, 1.637488393184679, 16.80924228223794;
  4.105241964244386, -3.96036069999638, 17.59593429563574;
  4.318888328729158, -1.619303957168009, 18.14038603601264;
  4.483490238507357, -4.228633857149258, 18.72265241497906;
  4.772193570053282, -1.905913333676212, 19.72111831419559;
  3.231732390581327, 1.770437617364313, 13.62069743372536;
  5.094857762967976, 1.278197699170137, 20.42260246362417;
  5.179256756387802, 1.414675255156867, 20.60698940367306;
  4.349947141006346, -2.530341135586775, 17.37148883579301;
  3.447826672234165, 1.727476061876328, 13.91274767755708;
  4.24050024312038, -3.20661155653098, 16.86726406460713;
  5.065997250280653, 1.499860714031006, 19.74854515761629;
  4.319418481850702, -3.232580755273713, 16.90266266064875;
