m=[-5.434372938796789, 1.138429796112362, 8.012404966577464;
  -5.41092240951125, 1.085534266565612, 8.061315210500005;
  -4.682293914504977, 1.516837708670589, 7.734968633246374;
  -5.971657064273527, 0.9193739197551052, 9.792052095351629;
  -4.8463313302263, 1.347132454521724, 8.160737818958326;
  -4.872820094880741, 1.314865657202161, 8.244176745554652;
  -4.927894731486202, 1.366965122303995, 8.42123097703678;
  -8.127584571797952, 0.5517581058157629, 13.27287339004826;
  -5.726392170516537, 0.9012432645766897, 9.713246049545953;
  -11.60656736628616, -1.429368417023202, 18.66286488442426;
  -5.689776745943178, 1.071491453904596, 9.697559532721824;
  -4.813339071735373, 1.343755861022842, 8.401449711276181;
  -11.59103092262589, -4.2331002440285, 18.79108619831066;
  -5.63192574341873, 1.013376033840532, 9.714083270332477;
  -5.066037423802674, 1.150947734680384, 8.850382300365421;
  -4.805904752902253, 1.204964144655101, 8.496428850993919;
  -5.530503601943244, 1.029848276056876, 9.634844890311785;
  -4.857539520634918, 1.170466749126631, 8.597874606385448;
  -11.57257392769815, -1.736855436675439, 19.10348489538513;
  -4.547897387687976, 1.496393551455662, 8.288863496037026;
  -11.23527986267408, -1.96051302532936, 19.00025121806707;
  -4.860024580911007, 1.386903920451264, 8.866466690392903;
  -5.331484496266779, 0.8666972205960771, 9.629847199812627;
  -5.34679750073384, 0.968474379781741, 9.670024145571668;
  -4.837838872819044, 1.292688964291725, 8.863996248424609;
  -10.90932479159379, -4.384665647979211, 18.82161724876574;
  -4.673779143944774, 1.651550409275439, 8.753187738528588;
  -7.482539217595099, 0.3041329306931956, 13.45111264936279;
  -5.043434050807817, 1.119103022515524, 9.450589617719482;
  -10.88890670368886, -2.215253148226199, 19.20808365589161;
  -11.09733758564573, -1.764450139906601, 19.60798123805861;
  -4.789018668344436, 1.436204574636757, 9.088173243039556;
  -5.066419201778246, 1.094855150575671, 9.676864912919394;
  -4.506296031705312, 1.496959237001178, 8.788420041243672;
  -4.52462997583528, 1.495039136950411, 8.959001209518547;
  -4.796793463437425, 1.202631419839298, 9.484916652556644;
  -4.537406666415488, 1.466920029648635, 9.122671247047066;
  -10.21652065851173, -4.472304107918454, 21.18847275367979;
  -8.321324071215177, -3.699101753075703, 19.68008216955631;
  -3.369794748651028, 1.544687426263036, 9.134843455355;
  -5.038106345846733, -2.03215701577395, 13.58463564483304;
  -3.098050766370538, 1.601978444467084, 9.15320318951081;
  -3.145003480258238, 1.607625448583668, 9.566352950589813;
  -4.525904692501372, -2.200543037242722, 13.580204067787;
  -4.422717640045499, -1.403242662061033, 13.84435262668391;
  -2.62647946821857, 1.600035186861297, 8.756707526296299;
  -4.196605187594733, -2.198394847039742, 13.40236427347482;
  -2.393192035948026, 1.61763870305423, 8.269104039601261;
  -2.912464074366792, 1.607295539425397, 9.867620231802189;
  -2.863500370268179, 1.518290352959195, 10.22709207246491;
  -2.792481481545786, 1.604054654129393, 10.06854462806657;
  -2.15838890207768, 1.74934559690427, 8.099475491431473;
  -6.566249353208549, -0.9349054922065643, 22.84938100399766;
  -2.121833527331948, 1.746421572323267, 8.197722795637526;
  -6.5584007565385, -2.078705779761114, 23.04971430761635;
  -6.692230467861465, -3.573220382084852, 23.53600600375088;
  -2.091847725474854, 1.771200559599861, 8.172301130946325;
  -2.446572186904715, 1.626589106370419, 9.401284844686291;
  -6.494337171271622, -4.624658736266237, 23.07891652697147;
  -6.295222154048748, -1.879980793139878, 22.6339994706443;
  -2.703180309781064, 1.573604279401335, 10.38055933255654;
  -6.806944168952665, -4.620581012056541, 24.56521537296474;
  -2.636518570052339, 1.599585553018829, 10.22635253220536;
  -2.093341718513802, 1.761888258096067, 8.33611117003861;
  -2.039642735856798, 1.782191505075158, 8.223498090632962;
  -6.99741911795476, -3.766495579164297, 25.58706915382048;
  -6.488968691447489, -2.062041118976714, 23.95077138008671;
  -6.54081483883119, -4.225993915451635, 24.24836760013395;
  -2.595003626926262, 1.601400041648282, 10.35540207407204;
  -6.431080284168369, -3.454462880104501, 23.96034809916482;
  -6.696356677952172, -4.776070100064663, 24.9171154185659;
  -2.321492740526552, 1.677358172734836, 9.463611693045158;
  -2.454966348613783, 1.602620783754445, 10.1433354731025;
  -2.051687073022901, 1.739650328586011, 8.795271750286961;
  -2.324383561018927, 1.651004143965333, 9.835439935203157;
  -2.330830497602167, 1.607332844738967, 9.951929032756953;
  -1.908616429368252, 1.758019207853405, 8.364037252938296;
  -2.193225358153895, 1.621396793798943, 9.471485313322321;
  -2.141111496676399, 1.697144167245478, 9.438008556645476;
  -6.3706221565039, -0.4756679075787655, 25.92282329741332;
  -6.379356311376268, -2.024591504991399, 26.25888177330948;
  -2.474166050208383, 1.594792122624651, 10.90597051042469;
  -2.089229336646375, 1.649059225137801, 9.787304216657464;
  -1.924518353554825, 1.726156988308825, 9.133675252667533;
  -2.270105546058611, 1.539530466262496, 10.77971715428777;
  -2.29579212357196, 1.535972140246536, 11.12077500424219;
  -2.034852814630035, 1.715899337748392, 10.34029099402704;
  -1.617204395186921, 1.729666284773684, 8.518395151379838;
  -2.174754669435881, 1.694497110287869, 11.12720395783729;
  -1.914707035605309, 1.754822501457984, 9.941677521571661;
  -2.25001206924674, 1.581034894604324, 11.68072041187194;
  -2.011100984827388, 1.739214741290098, 11.41186897609844;
  -3.794545518244789, -3.046183755640126, 21.57890273880105;
  -1.803403926480417, 1.473060880957652, 11.06716059867542;
  -1.520436762377538, 1.698016598600878, 11.31978419790425;
  -1.1516174520617, 1.701365527161449, 9.16731606156546;
  -1.333158994309393, 1.655922362998571, 11.07703400879477;
  -1.601394541669253, 1.720372914216465, 13.60580605917046;
  -1.31392968748552, 1.734695276893092, 11.60853563714181;
  0.1421997374040147, 1.677896249504167, 11.33875704013783;
  0.2278758941241899, 1.651754387770521, 10.26011862297313;
  0.4100288287430708, 0.7758377055740349, 5.26334848003245;
  1.602529182317907, 1.775193047587723, 13.92812346445562;
  3.017385562105005, -4.125848526393436, 20.7705006876573;
  3.324341711793165, -4.930265170848051, 22.87748980655341;
  3.294293736844166, -4.349314909132859, 21.6251018478067;
  4.270939171820228, -6.084024756010352, 25.6060180959126;
  4.450008970688272, -6.144617913003553, 25.79234999759217;
  3.755051859372927, -3.730894228896231, 21.80998952111604;
  4.034969290360879, -3.929142492834247, 22.52526221276163;
  4.007087360906506, -4.672775827780865, 22.24636666005841;
  3.89594822730144, -3.438272792913731, 21.09770117875262;
  4.012669397112886, -3.114671798210959, 21.35931973431745;
  4.291912419116642, 2.048130803168818, 22.68057576105451;
  4.381023953704123, -3.689921531195991, 22.61473484241004;
  4.111707358864051, 1.845157175684312, 21.24009430581099;
  3.975408531729955, 1.977372859012156, 20.41449421232291;
  4.824446502650141, -5.34244060116496, 24.55367638357431;
  4.178614936745424, -3.627786001311053, 20.89938651747267;
  4.157409927171939, -3.265228048517086, 20.7719562099117;
  4.282788514033229, -3.747465327978078, 20.88368582569955;
  4.368537423318749, -2.416015795504268, 21.14732533985006;
  5.377142642896262, -6.132955055656149, 25.7396147747701;
  3.805042890919055, 1.884390809895144, 18.45058602152832;
  4.666148031383272, 2.22631162760789, 22.19471402446976;
  4.730382610660656, -5.006029076550158, 22.11280107074205;
  2.848272158073877, 1.762193505052504, 13.64923965824477;
  3.543902753455078, 1.867787588267164, 16.73090380929179;
  3.72245697243279, 1.849275693351079, 17.33064764042608;
  5.262651600694629, 2.073216702738462, 23.93118436596328;
  4.189477264463634, 1.945645810113002, 19.18879306203334;
  5.810985062081445, -5.793734722062171, 26.10202014246372;
  5.185385578312483, 1.717233638084976, 22.89394161251358;
