m=[-3.935159695445748, -0.932174487126938, 5.981957233456455;
  -3.236657375369576, 0.04456545540761231, 5.303789164928241;
  -2.500250353868529, 0.5877115076423832, 5.233027743555292;
  -6.320680455276616, -0.8181645471310528, 12.28781997845406;
  -6.366769598339023, -2.373759825709114, 12.46118356910778;
  -6.142079365867472, -2.614431552937457, 12.42654011812442;
  -6.139186864992233, -2.532045568127648, 12.54061504757759;
  -5.823818832280719, -2.444715040858636, 12.28067371376491;
  -3.783600046874825, 0.1710050877598592, 8.964344741197136;
  -5.142858134482169, -0.9329191360729372, 11.97302310245258;
  -2.400958453302907, 0.6369442765068691, 6.156138113220225;
  -2.685455032837835, 0.4861090381490879, 6.851563870102649;
  -2.437807733607341, 0.496112724180145, 6.374656650154538;
  -5.041460835490137, -1.496369569306763, 12.22937934848244;
  -2.404756012181866, 0.63270933250089, 6.404039210002416;
  -2.317627880302437, 0.7015124293715506, 6.243912331739801;
  -5.126968154727633, -2.249524181677352, 12.80935128326308;
  -3.547921179002012, -1.167483262151039, 9.209328881823195;
  -2.412983361508314, 0.6068164207110207, 6.749460304631537;
  -2.352216882461253, 0.5680645572857423, 6.656925771521255;
  -2.381648724334709, 0.5397959614895949, 6.734876096780407;
  -2.214834852560828, 0.7214494035658909, 6.804581906247399;
  -4.562653131187362, -2.203845301125367, 13.03823126790543;
  -2.681940223307808, -1.043652461946037, 9.088005885386449;
  -2.578904494141679, -1.097322461931025, 9.065644846559604;
  -3.763643621371782, -2.801586491580618, 15.64247948554927;
  -3.718130490775512, -3.61325970809931, 15.6204349571109;
  -3.88506224323736, -2.766455444116781, 16.30378509684328;
  -3.85202709893025, -2.46822438244388, 16.29370588833689;
  -3.82036813572469, -3.794825190234343, 16.27909012278457;
  -4.029674977713463, -3.926701553218155, 17.30335696255332;
  -3.823456855740181, -2.591514454775713, 16.46558444817008;
  -3.899504278701443, -2.908415378614158, 16.84386297510033;
  -3.714010368080091, -3.70486213124893, 16.31727666767155;
  -3.749801242022359, -2.204132824531473, 16.54962529125869;
  -3.668572309848987, -0.2032207497353854, 16.8291272008732;
  -3.510984919216311, -0.08007935094340282, 16.71472684894681;
  -3.861129469969165, -1.355541433663228, 18.34923483411022;
  -4.404072696635848, -1.58224519985317, 21.34555573633729;
  -4.310861485104192, -2.100447767463868, 20.973155691583;
  -4.594217337657002, -1.06607603824086, 22.59284659797767;
  -3.454980602430023, -1.314747835225245, 17.56413233210209;
  -1.110780025744316, 0.8615395030639147, 6.357533397740482;
  -4.148589620686627, -1.105342868400962, 21.11763765336093;
  -4.049722075646855, -0.9684943653003261, 20.98593094605754;
  -4.062614114969432, -1.102705876682228, 21.07818199937875;
  -1.022207576601263, 0.8406800447838904, 6.110383668185144;
  -1.034969701138258, 0.7832699932180847, 6.197784406634233;
  -4.177014051602437, -5.332169256902817, 22.17211317270898;
  -1.013795393084653, 0.8366485650761556, 6.16582491158096;
  -3.953829278218079, -1.019470935039351, 21.40166291532699;
  -3.89468426793451, -1.250190205314332, 21.2523226948419;
  -3.95762657182143, -5.324336613568144, 22.65190273980445;
  -0.9556055866124462, 0.8244873877327099, 6.292930324835839;
  -3.751632370172988, -5.277652910074261, 22.07929092437356;
  -2.959754841469835, -2.220400625086633, 17.7308858330072;
  -3.769963120864797, -5.348661842820044, 22.74211930683382;
  -1.034797892367255, 0.7917198411232839, 6.985235769599488;
  -1.084686178697781, 0.7313561046057658, 7.393179800179555;
  -2.72014174396293, -1.173403388249512, 17.12703592356758;
  -2.210924069777908, -1.725953282729175, 14.13597147626555;
  -3.562488839936037, -3.339225010584757, 22.51320773726242;
  -3.331381672406579, -3.318721110784616, 21.24605269107956;
  -3.578797444783679, -1.333079607041727, 23.21272123590089;
  -3.124990195435398, -2.870897480837795, 20.32145931707485;
  -3.37912502036184, -3.994797920268726, 22.25028227930136;
  -0.9701564086007544, 0.8008286806575358, 7.144396109223376;
  -3.492842630067054, -1.051882768533396, 23.56178551107922;
  -0.9409200188441059, 0.8298367131873543, 7.0407949645263;
  -2.272555269425981, 0.4745505336301206, 16.79359634361078;
  -2.013187096960956, 0.6072757582157969, 15.10147501018225;
  -1.570668784775192, 0.4779245005996647, 13.35130248535732;
  -1.457368151549185, 0.5937140637962761, 14.20235601429001;
  -1.110296326638199, 0.6571339105258354, 12.83346839981863;
  -1.16971650386776, 0.2679540804897325, 13.51179566389723;
  -1.04524390088034, 0.2819482777116735, 13.56914606274202;
  -0.2270161187544684, 0.880463395893611, 8.299481747877248;
  -0.3181532337806329, 0.6823458527090841, 13.30135640611903;
  0.9962154493359965, 0.7202365495626224, 12.5658927010201;
  1.395349780891548, -2.298262823139388, 13.38340846631178;
  1.369850840928445, -2.137420544969985, 12.26837162312829;
  1.887146839695495, -3.136190009699923, 14.99711152081909;
  1.625691259461457, -2.242467867563602, 12.72153369424531;
  1.796701839579412, -3.095434175955354, 13.99227801551404;
  1.944731932970248, -3.197211100450327, 14.93507870140474;
  2.075082512228311, -3.150390857358302, 15.67056131280263;
  1.736646387224772, -2.3301531298126, 13.03102112594922;
  1.64123630895719, 0.832440420922973, 12.15243349923083;
  2.01550380821133, -3.240734126665123, 14.46833029941725;
  1.944025333981188, -2.605482981505323, 13.9728498122005;
  2.034893982864807, 0.493516405579734, 13.25648895602486;
  1.905415629115068, 0.7426436701295053, 12.36355491248396;
  2.300766289240797, -3.119516089800056, 14.21383324581108;
  1.998545740830892, -1.918784671722673, 12.41297838965697;
  1.868613202865154, -1.949618525252993, 11.62981793195524;
  2.082046596570644, -1.919468530038272, 12.57682855128538;
  2.168123701796363, -1.879882189994659, 12.87936934827612;
  2.102282188366168, 0.670883776812133, 12.51639822484472;
  2.212442789278427, -1.050344993979847, 12.73405494806101;
  2.595566530180756, 0.4744266149115438, 14.66116857064482;
  2.7635202312796, 0.5695066699407024, 15.40239349254858;
  2.433310315914878, -1.125370448308616, 13.49873883177798;
  2.251948134676824, -0.9484936741212773, 12.36111684932814;
  2.135880352782396, -1.817068247526977, 11.26126292888665;
  3.244448714734367, -0.6625116714065942, 16.22822629841664;
  0.9440874255163879, 0.6567032933231565, 5.414358415340429;
  0.9067397886341682, 0.8033208823887036, 5.240687886527626;
  0.9516763037969559, 0.6103276243854888, 5.427038670568231;
  2.970328189233408, -0.5029684139531143, 14.59359811599931;
  0.9550595282350191, 0.5240072835395434, 5.37594280488984;
  0.9520616150757097, 0.6253321992676389, 5.346957501010656;
  0.9437147320265336, 0.6682025445375899, 5.294825669013608;
  0.9610654278702284, 0.4713188544262593, 5.361184400871503;
  0.951031406259271, 0.6902940427606846, 5.218064345888577;
  2.957287131167659, -0.5322422357026678, 14.0034102014091;
  1.008103407153832, 0.7555182177132939, 5.197421507217428;
  2.717121272444338, -2.045213395151889, 12.10869136845268;
  0.9759107293883995, 0.3563732526481792, 4.926482177307079;
  3.205698277015241, -2.809645604397876, 13.65569674384475;
  3.019046504616421, -2.336557041803756, 12.8699640774776;
  3.247193145844118, -2.399253460573529, 13.14271811321337;
  3.79619167085321, -2.653781481471611, 14.55313443562772;
  6.119812520689506, -0.7609780980921959, 21.71430209034039;
  6.301421749513508, -0.4352123192373495, 22.02707603346957;
  6.200914684965031, -0.6818781051990362, 21.57459448905641;
  4.148946216392214, -1.459585927801689, 14.43789848507201;
  6.184604598389242, -0.6309134015678953, 20.99148025764167;
  6.263977876734959, -0.4483781924942557, 21.13630917798355;
  0.9587480501402074, 0.6576713804957229, 4.065690601688214;
  6.037953904365125, -2.223889439588209, 19.36049291698683;
  6.092586437260022, -0.1604362618743599, 18.94459065861598;
  6.359542594533309, -0.2671036833975309, 19.08723489586029;
