m=[-6.288248470302364, -0.8147441599719487, 9.034704826997452;
  -3.84225848026617, -0.5716913234899861, 12.18694098548672;
  -3.815982074331441, -1.226387637101556, 12.24400800241977;
  -3.788056095647205, -2.033967195304435, 12.17793636993737;
  -3.789626822215575, -2.707387922756666, 12.30112622823589;
  -3.990631352671302, -0.8345216250819199, 12.9475026960669;
  -3.903630637771576, -2.657303128867346, 12.95322073538591;
  -3.951296613607644, -0.6033581924536872, 13.36699275804713;
  -3.849085586844748, -2.494640190008243, 13.11065489402554;
  -3.893561559008996, -2.10080355869881, 13.31429776957148;
  -3.863926754968804, -2.762167327558062, 13.21360023625841;
  -1.077720591524293, 0.7677312632855187, 4.560805611922577;
  -4.101199176137482, -0.3030821082253265, 15.35184004044127;
  -1.019829967193772, 0.8528120376493077, 4.557813948194061;
  -5.013905228838571, -1.604260388179123, 19.06241579941733;
  -4.641247703121001, -1.983882885285881, 18.09362881309665;
  -4.446045445553636, -2.033456914868697, 17.764698700438;
  -4.468374439895521, -0.9379890435879615, 17.98652769686358;
  -4.26219479037501, -0.9158797585279156, 18.01408366121119;
  -4.31169572005078, -1.066386958733647, 18.24282658985096;
  -3.520099061534076, -0.81844099124002, 15.53591499318932;
  -2.086652399148264, 0.6506250796167272, 11.63355831068839;
  -3.782583015773917, -1.001373831660863, 20.83140315861652;
  -2.083621424757598, 0.4369949392381338, 12.07788955302361;
  -0.6436893556465582, 0.8237949279500901, 4.54227596625147;
  -3.781394573560932, -1.704822177148453, 21.99028810016827;
  -3.846459198127842, -3.18499661440152, 22.66142206405293;
  -1.684080623193944, 0.5856525188889578, 10.56501211882573;
  -3.839364157333931, -3.295597748202793, 23.06997582870587;
  -3.498533116020708, -0.2131282372467581, 21.92392058628072;
  -3.578827903012052, -1.566296182847737, 22.40940780573926;
  -1.606503126693638, 0.5638253288781659, 10.60625855737363;
  -3.732505032327703, -2.814617969684937, 23.41365632508645;
  -6.053621382708017, -7.679579730107123, 38.92970314466612;
  -1.534036528584121, 0.6302031372025195, 10.74201840908351;
  -6.376541500244622, -8.855277446540629, 41.86215467253798;
  -1.494489722039552, 0.5797478731578799, 10.60289816294588;
  -4.000856525415369, -3.148525132526108, 27.24663323615813;
  -3.813687440183487, -3.93321658437845, 26.17444714290296;
  -5.670476541164031, -8.234169721546698, 38.33305478378387;
  -5.510340590767057, -8.10111730074135, 37.30781023553827;
  -4.603348083056277, -5.394685794515023, 32.13134812196772;
  -4.335166294946999, -1.361129812772211, 30.41614885252405;
  -4.682923810429765, -6.683603663260079, 32.83207701835037;
  -4.488570138711565, -0.6533133446827756, 31.58544010173641;
  -5.252210690571102, -6.911578545348872, 36.83205264812722;
  -3.963664652274526, -2.815355866975371, 28.34664592662213;
  -4.08262436841572, -2.149688217653745, 29.24744757726389;
  -3.865133764840838, -3.585127069304974, 29.23356005558383;
  -5.67875701005913, -9.054207751065606, 43.37348181666729;
  -5.126523532449299, -8.790134024612989, 41.58434413148754;
  -4.638577870169978, -6.664897513442681, 38.75288008733601;
  -1.149516901593584, 0.3483364442158904, 10.38582157390448;
  -4.292324629657524, -7.791239566909602, 36.41986665566496;
  -1.397810846167515, -0.03287077143559553, 13.63348655487657;
  -3.705747371059367, -7.662438781657191, 34.74229273165694;
  -3.853777912881369, -7.755725491796873, 36.51636499510097;
  -3.792451035515557, -7.447981482109911, 36.97639838115575;
  -3.574478786670577, -7.709754334057614, 35.12487573545351;
  -4.194361757410791, -7.31610633846031, 41.31706664551366;
  -3.670037619609284, -7.792357463442487, 37.183657727507;
  -3.554475998138217, -8.844833922421362, 36.87562791738365;
  -3.823025414520328, -9.209484573940623, 40.41361608242413;
  -3.364931289717078, -7.893021407856119, 35.8132275628799;
  -3.7879104604506, -8.859805926464581, 41.19718941922999;
  -3.221176767855598, -7.898110173148525, 36.36212904319411;
  -0.7218947392599422, 0.03649181186124547, 9.679486124131829;
  -2.97419710234121, -8.88548698260262, 36.82740952772815;
  -2.907026832425879, -8.546568029340689, 36.34084227759438;
  -2.934308612824958, -7.765734664173387, 37.27990429489419;
  -2.862053847065355, -4.244594798343488, 38.03800299101081;
  -2.939079223367516, -7.897709176054639, 38.76629278455029;
  -0.891203998174365, 0.06583609909222922, 13.02197916239208;
  -2.482323189376833, -8.253761346308012, 36.36413913413779;
  -2.412096516676467, -7.772546727340065, 35.71833036240246;
  -2.152883321747985, -5.82584203955164, 32.63164516013866;
  -2.296814229451893, -7.683895616073786, 37.64304928063001;
  -2.253072108548278, -7.186653620947677, 39.85546995007123;
  -2.095232262333941, -8.996608628441861, 37.22450852687047;
  -1.945548886815186, -7.666565985297631, 35.60991785184553;
  -2.635112254248883, -9.202557001195912, 51.341380416116;
  -2.157157921293798, -7.907344968401596, 41.58003136445323;
  -1.918226849192709, -6.95482578718511, 38.07326579416363;
  -2.169813925928589, -7.236256704583682, 43.0932397096332;
  -0.4399569956566564, 0.7392346320362032, 10.00553751745902;
  -1.79786870130129, -7.866110381092329, 38.4503949019132;
  -1.752535991047261, -7.461094248035733, 37.90967459647252;
  -1.71762590011598, -6.78991313990756, 37.39469760555261;
  -1.621646166149395, -7.113616223407035, 38.44414843584297;
  -1.578897232051247, -6.336937584862181, 38.61903212561789;
  -1.489476025847812, -7.437043831469639, 38.37446603311146;
  -1.357819709686376, -7.04456288380237, 35.46072751525558;
  -1.337155629860531, -6.789628303834843, 38.4659866849202;
  -1.270805330822986, -6.851327662639455, 37.19402638765804;
  -1.278491816243841, -7.416783515888075, 37.84949518483241;
  -1.18666348619774, -7.147577507785065, 38.02967676333599;
  -1.160353288237661, -6.059245411298434, 39.19674139834896;
  -1.142818713170755, -7.484898054172072, 38.46255777292377;
  -0.9750446915240625, -7.425776708967446, 39.12009054588606;
  -0.9289924643035874, -6.970139070689096, 39.41394336354254;
  -0.8873397089138186, -7.293751967378615, 39.56019366348001;
  -0.8029902293423716, -5.673102646833837, 36.31165837245435;
  -0.7610630526635445, -7.362920400678514, 37.51527829963472;
  -0.5011969176976056, -7.645964530294217, 38.7100010613868;
  -0.4903014651458382, -7.856719105252146, 40.05689269082716;
  -0.43816096719694, -7.215835945243152, 38.90434488010394;
  -0.2076102480080554, -6.404266250902493, 38.45346448297851;
  -0.2421213308635316, -8.034969591318886, 40.54889169013779;
  0.02356852482247034, -7.001940442579865, 36.80019711481795;
  0.9955251957008381, -2.602517129444624, 20.24119132115128;
  0.9160908463018896, -1.952438574884746, 17.87592126898866;
  1.176611320524766, -3.360040867582189, 22.65989708950012;
  0.9071016729184271, -2.012426609705937, 17.3775643767793;
  1.11924490304851, -3.223680370775251, 20.43129922999383;
  1.012915152319448, -2.287510470202204, 18.13286599798669;
  1.039682415252939, -1.999480142074572, 17.32066799682295;
  1.163707501300244, -3.625308296848383, 19.33267352177448;
  1.064248157129711, -1.841782538208308, 16.65265251768428;
  1.125036734509417, -2.233921174801938, 17.50779143265149;
  1.098130413359005, -2.333094393214261, 16.98880355216265;
  1.306448272200767, -2.940645343191307, 18.91310710305786;
  1.387447085104265, -3.715618513803072, 20.22677232859299;
  1.211994816373729, -2.109181409197604, 17.1023840956818;
  1.306808442983714, -1.895392947030078, 17.24855310010824;
  1.411631801078813, -2.898972049006758, 17.46959191378657;
  1.406693761432116, -2.354986178288897, 17.32213474030208;
  1.546125634768726, -3.251877427904096, 18.75852931932507;
  1.42168049443042, -2.060281253433794, 16.94526846227326;
  1.687273299503663, -3.53248307147706, 19.89416464394938;
  1.502154398778319, -2.294679818192935, 17.60331156186707;
  1.391569421290857, -2.212189780409378, 16.40806336474472;
