m=[-2.36257783608929, 0.7531368031586704, 3.986636014600295;
  -2.370581071208084, 0.7588358276867264, 4.514755221998677;
  -6.599374217324064, -0.794122563203065, 11.69571121778332;
  -6.375215148300482, -2.310383147241516, 11.39116845083737;
  -6.421469800015418, -0.9494184874630941, 11.68239319604429;
  -6.143619708963995, -2.465045891520434, 11.46088920015918;
  -2.819893480319378, 0.5104945620449026, 5.898444904032737;
  -5.90890807213467, -0.7684613934386086, 11.65770129676349;
  -2.649910350296986, 0.479624767661515, 5.824991135467531;
  -5.242753872605501, -0.8922237894674573, 11.09195395124522;
  -2.265652426199063, 0.7333157898053812, 5.592017099701398;
  -4.574252456562349, -2.209620749798299, 12.20504739070918;
  -4.432136403497692, -2.195138996039317, 12.1841687981402;
  -2.367179863530301, -1.315100457406131, 8.074486168356891;
  -2.265482875213727, -0.7313163332006212, 8.138072438343569;
  -1.47344622151733, 0.8032243723529239, 6.040759991943332;
  -4.032383081596018, -1.239310240694821, 15.70155345398503;
  -4.23834084966501, -2.612851976079315, 16.59522238650383;
  -4.174020765746842, -1.349177162169052, 16.6245541029531;
  -4.018232230121677, -2.888075193686763, 16.08955571242271;
  -4.106295149905178, -2.228736395437502, 16.47559188872437;
  -1.039052688415766, 0.8040595760204387, 5.136918770904452;
  -1.029359456423735, 0.8656797499340549, 5.160512511337144;
  -4.928207783015159, -2.28160867993475, 22.4701920779065;
  -1.079480167358757, 0.7963802351110844, 5.73546221640011;
  -4.935973705283179, -1.032129016030043, 22.81541448801178;
  -0.9624451707013947, 0.8481281571686052, 5.244566963542782;
  -1.050568480611096, 0.8292810827583586, 5.70085946780009;
  -4.961853895954636, -1.209781181919281, 23.65612225488314;
  -4.823120008871999, -1.0234992661114, 23.39287264518287;
  -4.835966282646806, -1.195460320841874, 23.48734411542848;
  -1.074780358195365, 0.8431610875413396, 6.111856731497849;
  -4.58229578176207, -1.07286281979526, 23.22326780424178;
  -4.520771094638599, -1.336276132966998, 23.08418802061862;
  -1.169195902577287, 0.7784927893424828, 6.761319457990401;
  -0.9700237172483995, 0.8171989343334716, 6.022512021247275;
  -1.048381097581185, 0.8142464429502185, 6.462261869210141;
  -0.945431990769397, 0.8572514048532376, 5.976233287642796;
  -2.434569024800561, -1.806732059711834, 14.18246300335348;
  -2.986184571609531, -1.172306703013524, 17.32669071671715;
  -3.923190226493806, -3.502117554277001, 23.1651006146259;
  -3.522628771043104, -3.530759844917355, 21.09840264782929;
  -2.906642610251795, -2.568812305384548, 17.65831054275254;
  -3.666941616795253, -4.167612612277378, 22.59226316511962;
  -4.418335371985375, -1.201376713606978, 27.914517337033;
  -2.480461667033798, 0.5755702734125497, 16.84835681798715;
  -2.175297703131085, 0.7045100561852443, 14.89428940415015;
  -4.174452035814208, -1.609138668304146, 28.07469450800464;
  -3.962666722294205, -4.390517877564874, 27.77471745400253;
  -1.92254839761541, 0.7086270959643916, 14.19951412370839;
  -3.068988136957028, -0.2052257208705396, 22.32644629945665;
  -1.791207582857833, 0.576210926680416, 13.69678149701395;
  -1.720155032099868, 0.632778848193999, 13.55235239556306;
  -1.785408164903513, 0.6317980858754465, 14.54661834680872;
  -1.704824140140965, 0.6330626681365651, 14.12058979962321;
  -1.597584294031871, 0.2398020405528636, 13.80055687282846;
  -1.587527170315536, 0.6852938912502921, 13.96246911587767;
  -1.317528973528068, 0.3480478228057974, 13.61333139753231;
  -1.145006870352541, 0.3518743053861753, 13.245228618466;
  -0.3527210247654167, 0.7105939034278527, 11.95727268923526;
  -0.1605813336035377, 0.670869837698724, 10.87895583666033;
  0.09056792409146001, 0.8349455076059749, 6.836761422012173;
  0.9064562080024432, 0.7287382517283148, 10.95370104886079;
  0.9808076048834937, 0.5308691369064932, 10.76851098265984;
  1.258043782615028, -2.451251092362969, 13.03950668887159;
  1.361435125575193, -2.433188849873516, 13.08274004887814;
  1.344853104611717, -2.17314403155126, 12.69111693771336;
  1.405562614936295, -2.328858862381944, 12.84758677469152;
  1.457937226137207, -2.418245753226898, 12.9826385135908;
  1.336345522898381, 0.4892789594783389, 11.47807457357725;
  1.575192962263773, -2.84938486471102, 13.12430915196187;
  1.798218176578526, -3.002530405143234, 13.66582530895566;
  1.663436964710777, -2.305264577648675, 12.31729699820933;
  1.780409798685627, -2.681338011314608, 12.79614621797013;
  1.868811244143288, -3.02185398685346, 13.2658104221136;
  1.696706289156598, -2.273387337905332, 12.01903984136836;
  1.91805685276161, -1.703912193213737, 12.86101290229091;
  1.730949562319755, 0.459165065542058, 11.39826806647701;
  1.888036130234131, 0.5192783304975699, 12.12697916050842;
  1.748250884608013, 0.696650155025393, 10.93708422646374;
  1.737051090073418, 0.7323620113822404, 10.5642689808766;
  2.231033980313333, -0.9256185873870343, 13.31194669766119;
  1.86866649117571, -1.859354120614878, 11.32663633718287;
  1.993337577753835, -1.793306701312785, 11.66178581352658;
  2.297971666505243, -1.268594608419317, 13.10468333501211;
  1.887340711566974, -1.801058987313828, 10.99608782297347;
  1.962931302717821, -2.050232654073409, 11.4242723260768;
  1.827352109504649, -1.87676602790236, 10.63582075828322;
  1.810373275749844, 0.7984517917105913, 10.36065840727379;
  1.963865372426948, 0.6825023627645328, 10.95720363055698;
  2.067084948294754, -1.779875347157905, 11.55179577733692;
  2.571337388167916, 0.5218858974010086, 13.77016073668814;
  1.978602953455523, -1.589815149743278, 10.77505276365473;
  1.834913897748712, 0.7880932052125695, 9.818828401836278;
  2.324175701848187, -1.068798806537151, 12.20984947654663;
  1.780350529539558, 0.8216310778718271, 9.470268503675316;
  2.533913402607599, -0.3812481086693795, 12.91871914624596;
  1.825964215529617, 0.8105819372052772, 9.523203329098109;
  1.710214399631525, 0.8440217775325536, 8.93107743039487;
  2.698281288636845, 0.5154004661559966, 13.41839656808914;
  2.633164528723395, -0.4628995058638632, 12.88294714759053;
  2.76262037722536, -0.5146503862184082, 13.1812986651158;
  2.21796759724727, -1.860988924886122, 10.81772363545647;
  2.22963601787469, -1.14620248728576, 10.39872088306355;
  2.940068008990183, 0.3028511053354822, 13.22808670924327;
  2.255775742908036, 0.6146659083689532, 10.37730043076781;
  2.71169440081704, -2.718607125821842, 12.35592169971781;
  2.604566238903543, 0.5589487856388561, 11.64433126894075;
  2.537994769332377, -1.838047355035132, 10.85133061331209;
  2.464090871005672, -1.883432978470046, 10.51677700148965;
  3.097956231817676, -2.982265737011454, 12.85716128904548;
  2.998794922272523, -2.637138708693785, 12.05975889763542;
  3.314647879699396, -2.790691659661783, 13.05768733995905;
  3.382868968168703, -2.883865690478201, 13.21656603252394;
  3.404170505245185, -2.641176974498423, 13.11978657836298;
  3.440370644978016, -2.716830803106071, 13.17082102540905;
  0.9629992566427069, 0.5024528043252298, 4.422994825492698;
  3.373254034855917, -2.732910104889261, 12.91233718946202;
  0.9291357514930466, 0.6924077903843707, 4.283799798547473;
  5.67043123423326, -0.1653166140960995, 20.55221932881926;
  3.392993245545145, -2.544127807182974, 12.76690607982639;
  5.682849760417467, -0.6478253322755018, 20.53371114020796;
  3.525155404391876, -2.919359220864227, 13.16348005141829;
  3.551362245453402, -2.763981073073619, 13.18413066892091;
  3.652946612601005, -2.608221599473591, 13.48577257644007;
  3.602354958288579, -2.830985130225795, 13.22280437844266;
  5.750420307341583, -0.839625767038832, 20.23885438641743;
  3.654764407870841, -2.935680867203839, 13.32590357420351;
  5.866060086151617, -0.1190902259432838, 20.49952479190567;
  5.703383824987349, -0.352857228143901, 19.85502206235895;
  5.716977246005673, -1.16365362873489, 19.66784219658746;
  5.686326072582524, -0.6548966555780039, 19.49626621095841;
