m=[-4.192792030275727, 0.2846364708072916, 6.84710165450082;
  -6.337850215266259, -0.7805169817770171, 10.19099260723812;
  -6.305799611657571, -0.9463981311780474, 10.40933057651995;
  -2.382672471931402, 0.5973733911564843, 4.711366036263628;
  -5.954198833690048, -0.9467033767383418, 10.52052513655883;
  -2.315026861171215, 0.7306432042005777, 4.731167102834937;
  -4.400032529057676, -1.955958919822544, 10.40615663799408;
  -4.421185663537881, -1.685374417843135, 10.50711332093711;
  -3.873606629170797, -0.5515258281335198, 13.47946277524247;
  -3.867268306005039, -1.225742872081296, 13.59164115054217;
  -3.848136989769979, -2.054657500355737, 13.53357086690771;
  -3.992929244442966, -0.8052262557539062, 14.15598132650131;
  -3.708332650486428, -2.64072722693198, 13.17829632766993;
  -1.198435437175012, 0.7823478072068172, 4.951649414251428;
  -4.029150766140444, -2.735003705430137, 14.54058589048406;
  -1.147831413123834, 0.7915406686308004, 4.900886948548612;
  -3.910881683528804, -2.526804779815068, 14.49857533649175;
  -3.886877007439141, -2.087840883402452, 14.4813813545674;
  -3.887349693481063, -2.772590459624117, 14.46481208262279;
  -4.084009434540837, -1.296126192658502, 16.8107118756551;
  -1.004964212239147, 0.8474408634589675, 5.106817711051633;
  -4.365360826212459, -0.8891552519762896, 18.92312421442977;
  -4.258163704403852, -0.8844236971271476, 19.37229958333033;
  -4.184112665821941, -1.011607660806007, 19.07015143370212;
  -4.186004752510571, -0.9480465975564232, 19.87743056623148;
  -4.091073592457701, -1.174348724315308, 19.5759544982794;
  -2.467414393643899, 0.5556109938865195, 13.21881092498392;
  -0.9191952013639516, 0.8553141356821516, 5.595754629855904;
  -2.0277314787654, -1.502230107975717, 11.14773758219802;
  -2.354335842178223, -1.744192573545227, 12.94329077780347;
  -2.04743421744824, 0.6762762643421033, 12.75270881771924;
  -2.389124770643171, 0.567083026156743, 14.85229546514528;
  -4.038952927397535, -1.815052148282096, 25.13912625271243;
  -3.675710441291679, -1.360905593403531, 23.18334097284466;
  -3.801540877688959, -3.174487332371906, 23.96680384464603;
  -0.7610224928442125, 0.8499063274012173, 5.665878780303084;
  -1.905929724783536, 0.7048876182248862, 12.69825250569524;
  -3.62755146069342, -3.135234897343075, 23.33672919094622;
  -1.733103699381063, 0.5592580115049327, 11.90477109373981;
  -3.761625589880641, -4.073228018192176, 24.90600505225725;
  -5.611944610505491, -7.305437407119657, 37.10586402439428;
  -3.521260455348636, -1.538655857378375, 23.71141810707433;
  -3.489888851800818, -0.1743908235623748, 23.58256340191974;
  -3.880840802186037, -2.953096832918579, 26.03200173765835;
  -1.704503323721196, 0.6290827766191574, 12.04817776423614;
  -4.368493820685623, -3.988522601741148, 29.55539999486476;
  -5.857590425352623, -7.528205826078247, 39.65956370126788;
  -1.617375322104832, 0.573838529416066, 11.86463849238537;
  -5.527317771638963, -8.14620508632728, 37.7521702831471;
  -5.793234711059611, -8.137314103796907, 39.96841174541749;
  -1.629514481062571, 0.6104879346621711, 12.14001953691579;
  -4.986997953573653, -7.338992519549829, 35.57750918987416;
  -5.452411778170117, -8.101631073336625, 38.79308962143296;
  -3.812120988218478, -3.032260445208079, 27.75847798870593;
  -4.829145192220321, -5.518637000754707, 35.3614406649872;
  -4.515012743479542, -5.403897000469934, 33.53971591887673;
  -1.566822810267983, 0.6826280205908506, 12.37731726248585;
  -5.365283092362505, -7.765331682437092, 39.6338317184666;
  -3.926740952406512, -2.814410198860307, 30.00572383529168;
  -4.14268246296058, -2.194629725267377, 31.72132374196795;
  -3.984462832485848, -3.750595894303552, 32.15375503930379;
  -3.94655798000473, -4.538127624214349, 32.51069918358497;
  -4.105114640051226, -7.599691335066688, 36.92121643733756;
  -1.168407939170311, 0.3768796182319582, 12.01435084626546;
  -3.77779480157928, -7.08287850294454, 37.90290036550915;
  -4.055782764958303, -8.590424113002344, 40.35463488744794;
  -3.559642277906129, -7.331479691693374, 35.89017232891027;
  -3.193281599464157, -8.149778797393983, 35.29286595282117;
  -3.195826564322507, -7.886665172317894, 35.95325337586259;
  -3.300610868353648, -7.962066105654619, 37.4843686237708;
  -2.549102656240353, -6.137008278011787, 29.8085458861004;
  -2.4802054751543, -7.195031925577694, 30.7103326822094;
  -2.789847249080053, -8.607477989517093, 36.98581509149437;
  -0.8267801462244446, 0.05823081645241016, 12.83791773935376;
  -0.4009665575424692, 0.7634212179786943, 11.2645949272254;
  1.553130185233543, -3.452503156539827, 19.10425132108546;
  1.538063099203777, -2.987541524008857, 16.80640629677871;
  1.170401327897768, -2.422211389182066, 11.83509556680625;
  1.226494747046631, -2.37858883303476, 11.94160739064464;
  1.350345645967991, -2.38533393624555, 12.13689392080359;
  1.340178097842546, -2.213358103080329, 11.51229445535216;
  1.489848075076232, -1.796706405842869, 12.27781713125286;
  1.252532575368807, 0.5247147807748552, 10.16169666770899;
  1.444954804170237, -2.146330940617011, 11.44634353657686;
  1.651459412070995, -2.888085667775803, 12.3764009004635;
  1.744694921468865, -1.725042581458973, 12.94628140342244;
  1.617486357993526, -2.655679857078698, 11.86293344139663;
  1.81260088943075, -2.051896750835992, 13.09200660703041;
  1.780064072217277, -2.917331078838088, 12.60330195845901;
  1.71725310480209, -1.971174402117016, 11.92043561769019;
  1.869712035167222, -0.9240819480289169, 12.77115113072701;
  1.842757999078016, -2.751516650208482, 12.36457097496616;
  1.871691981411241, -1.051649143986577, 12.58781395711413;
  1.696331621120995, -1.704799169289087, 11.49260948227424;
  2.041411130331295, -1.262384473688486, 13.35628156107392;
  1.796659316167897, -1.321699486015773, 11.88916239578325;
  1.672943837180121, -2.208716087400202, 10.98189285917706;
  2.015990134202909, -1.067327704752592, 13.00524267010455;
  2.09189954252146, -1.178496835738065, 13.37803347529087;
  1.792833069297687, 0.5490791934376615, 11.1235755428983;
  1.855116055915954, -2.304967138813399, 11.2879150673767;
  2.179852194560628, -1.138827244312592, 12.86291031659506;
  2.184022573163451, -1.845588075001328, 12.66050583701076;
  1.981271121262044, 0.7032209400551088, 11.47850319413271;
  2.256918421100564, -0.8888512207753962, 12.68507843968231;
  1.831539206915154, 0.8406998206240731, 10.31935665519122;
  2.337071529132625, -1.24852240094942, 12.51304192604388;
  1.879742398937123, -1.658920183451358, 10.17935586204559;
  1.921668616846386, -1.491617288657015, 10.22898483492256;
  1.799202259534739, 0.8585919769636125, 9.507869493114439;
  1.975736995989078, 0.7525121717436187, 10.23560244545941;
  1.846402372006931, 0.8285858619204731, 9.538071921231053;
  2.121809500077259, 0.7646086098014302, 10.52989894293253;
  2.057017911866399, -1.785859883736316, 10.28819670255238;
  1.981652941511399, -1.556389405999945, 9.901070340763422;
  2.855730834017589, -0.3708044873810117, 13.67656307229402;
  3.037265562482553, 0.51780620522424, 13.47825144780966;
  1.826870743152175, 0.8484216962297132, 8.367498479769932;
  2.780423294206012, 0.6884183330907008, 12.162369338688;
  2.777909633316365, 0.605353188556563, 12.1403809859943;
  2.246733459304681, -1.678229366352553, 9.681559748845849;
  2.204997719574791, -1.150754482347079, 9.499103205550853;
  2.496189569681897, 0.7147488094601984, 10.53773321122359;
  3.037968719525111, -2.786891024504532, 12.60533568038238;
  2.530825765247437, 0.6497446262774324, 10.37878749308243;
  2.548189843086341, 0.557897932189983, 10.39624089406215;
  2.477612271002576, 0.6785731532507418, 9.918585065508099;
  2.465896035409399, -1.832635330105962, 9.58637004944401;
  2.682002663749223, 0.6866834366822683, 10.06370018298017;
  2.789199340324426, 0.6072959442319266, 10.41319235543286;
  2.778856581494858, 0.6060196246262501, 10.10012655078418;
  3.521756068149991, -2.719453314994284, 12.54996263264142;
