m=[-6.475664078481015, -0.7936955200374515, 10.93990687099277;
  -6.377346507283354, -2.325805871559712, 10.86114540340664;
  -6.386209877899013, -0.9592669026413585, 11.07885628452078;
  -6.441790804471949, -1.137582881039668, 11.41201247069545;
  -6.092813483515837, -2.445574763897956, 11.02463228608075;
  -3.847225140761224, 0.1535141660129024, 7.442408726785271;
  -5.948534797273613, -2.498457885844699, 10.96596286146115;
  -5.732954699077487, -2.29977252103968, 10.85903719773907;
  -4.521519983310679, -2.047741219452622, 11.22897373776751;
  -4.561830445790947, -2.070415396065071, 11.40513364991044;
  -2.875668696332759, -0.9943334013000591, 7.570070381326825;
  -4.43809350905545, -2.109902739803411, 11.21985669836294;
  -3.972197534150896, -1.213549580847442, 14.85405202856406;
  -1.296780090440183, 0.7501115762271516, 5.517195922318038;
  -4.133537818582811, -2.824768166065681, 15.47202640938562;
  -4.361114397268645, -2.373807799288054, 16.53441150400994;
  -4.12917464464314, -1.334565829788172, 15.8271770125026;
  -4.182314563536935, -0.6303783290787012, 16.04747861336636;
  -4.090605093658353, -2.67061615673119, 15.726225727369;
  -4.022244471052881, -2.181830031032002, 15.54776548116642;
  -4.034894223494519, -2.898207579167779, 15.57575196983751;
  -1.187465189132531, 0.77061254579127, 5.438342704691245;
  -1.119484427212808, 0.7902401404052691, 5.272281663270012;
  -1.134510134715169, 0.7759839363816063, 5.371971268399044;
  -4.385045753710406, -1.421514404469114, 18.67412134118923;
  -4.720150581432189, -1.582391281375871, 20.78686461971598;
  -1.144150165226312, 0.7927642000819206, 5.796757822393516;
  -4.898602661179486, -2.260789612796624, 21.65597982492332;
  -1.142941864997776, 0.7586163857240924, 6.070708836032491;
  -4.719342405616366, -1.174048112948671, 22.19677353147829;
  -1.049115889657138, 0.8471649011284207, 5.836700832812877;
  -0.9854012156319277, 0.8258285590006309, 5.548459688434194;
  -4.470045258860606, -1.046629762655759, 21.92808905222684;
  -1.052710273736105, 0.8147913528581922, 5.933388339074488;
  -0.9128616201843537, 0.8294683126002536, 5.409681314413835;
  -3.809193872057481, -1.2717385587851, 22.31693747174468;
  -2.659282143987746, -2.023713574971809, 16.08872629708038;
  -4.252373020971399, -1.150826792139839, 26.00353634276727;
  -2.12113741492802, 0.6860250856650055, 13.86756619202951;
  -4.43449526776668, -2.043512857093735, 28.42046611037405;
  -4.078127478560271, -1.56332799258746, 26.52450983253774;
  -4.088837968170576, -3.200381763821218, 26.53663830901262;
  -4.27998535929625, -3.759324560639239, 28.26552640143913;
  -1.892108876777573, 0.6883576193170173, 13.30925322614844;
  -1.738376865621053, 0.5502677897324817, 12.59858258041375;
  -3.969330522935803, -3.084411278338801, 27.40900507682794;
  -4.095366419421212, -1.847530045711556, 28.44603450300665;
  -3.81963166208196, -0.2507376746024383, 26.80349880949567;
  -3.929321950303575, -0.8363172097973365, 27.57004986597451;
  -2.070927308268974, 0.5558066990255608, 15.13707437075926;
  -1.741869501606519, 0.627474990209009, 12.97991059911933;
  -1.743922569982768, 0.6066374575919458, 13.47041603796811;
  -1.691687889752015, 0.6170303180526662, 13.27012392233854;
  -0.5502908283406369, 0.7238366843939023, 5.363355466695051;
  -1.591432297393345, 0.6793547755915882, 13.26866191990765;
  -1.341834179508894, 0.3527969644351993, 13.05861428591091;
  -1.203694280164991, 0.3691556756782601, 13.13989895393467;
  -0.3755961249463981, 0.7223710761945074, 11.53800828857017;
  -0.1758409979948827, 0.7068341451541794, 10.81947093070685;
  0.8820917108568707, 0.7331364195844885, 10.36426322697658;
  0.9525255560391669, 0.5512003964161852, 10.32022030707702;
  1.245567694632491, -2.432212341695356, 12.52704269201154;
  1.289989968216644, -2.441303938249096, 12.9234659477538;
  1.368419964832247, -2.440590696577507, 13.00023912418871;
  1.351009380053616, -2.419371201482575, 12.59384592227583;
  1.522301870973307, -1.868400635069567, 12.97868244073688;
  1.477248535410551, -2.213938484251047, 12.09711873808926;
  1.511228378478714, -2.570655455873791, 12.05355808711139;
  1.680316661503137, -2.965016812433427, 13.0239367411096;
  1.785313399305702, -2.967780890764717, 13.11723359022543;
  1.816330905542236, -3.02378620786618, 13.00009523304306;
  1.72196872677249, -2.006116017945569, 12.38234530453319;
  1.607892927210878, -2.220235898972697, 11.46768886397003;
  2.042624253197944, -3.149447612512437, 13.93268943077743;
  1.903309878923738, -1.430278377441402, 12.98316640572875;
  1.824427875328502, -2.943434109066826, 12.52129506900751;
  0.6990931072799448, 0.7264151923171669, 5.365933213717512;
  1.91301675703813, -0.9625287417701409, 12.52705357813352;
  1.824472518782587, -1.621805650331079, 11.89340376445437;
  1.680497190952447, 0.557513827957571, 10.76302738237818;
  1.834143808126753, 0.5205437410058997, 11.42218133957513;
  2.109112543360266, -3.043972048942303, 13.11024588485433;
  1.803804499836665, 0.5066478822340875, 10.72702572573958;
  2.133027651000782, -2.908968609194102, 12.64816400831271;
  2.235290859533862, -1.337575976222907, 12.95511287929443;
  1.898248129842574, -1.876427137413598, 11.05426160801652;
  2.302108932623879, -1.266016856522777, 12.74493869231927;
  1.901844173553626, -1.708052033395192, 10.7373235143867;
  2.787407922231812, 0.5034725436411972, 15.00532597561107;
  2.313050203270619, -0.9955850790578724, 12.60710170227379;
  1.844271900603934, -1.463117016668149, 10.29690865512491;
  1.811701733066338, 0.8231510744015733, 9.982847028058098;
  2.381513376784654, -1.338720302933315, 12.82156407333578;
  1.931850072189859, 0.6948448419069465, 10.40451489590062;
  2.164635436648227, -0.375782859927745, 11.45835983124402;
  1.895843703817814, -1.251401552655829, 10.11984899444947;
  1.943584203337784, -1.549764863645887, 10.16760635501036;
  1.639985667208724, 0.8318615962557353, 8.463101607307147;
  1.75279596728482, 0.8318852977772081, 8.925489485530306;
  2.715097847107017, 0.548681753235858, 13.15196809267278;
  2.329501185008561, 0.6905145690020074, 11.39456379240754;
  2.099922932430148, -1.567475650554977, 10.46052846615752;
  2.049451601858102, 0.8008418390347843, 10.12823865820368;
  2.507929913162183, 0.6674904709122266, 12.03813819718017;
  2.660252534688697, -0.4588013306879466, 12.71617079509031;
  1.937815616173551, 0.8612934174030764, 9.291810014169942;
  2.820159192561218, -0.4643174078102152, 12.92963451769402;
  2.70254099894249, 0.6252199751603935, 12.23193430043999;
  2.781016364101504, 0.5622411094946085, 12.53617022308303;
  2.213002061712627, -1.186615911805669, 9.988482603347297;
  2.23282659980586, -1.137278156434581, 9.973094677841203;
  2.34843518273699, -1.670042826594399, 10.20902565163589;
  2.52782753558393, 0.6095289934403367, 10.78668743497579;
  2.446713579429151, 0.6944278962359227, 10.3039246408667;
  2.497846576690273, 0.6767107865154886, 10.34029249301369;
  2.552444131923981, 0.5984171193398173, 10.39147074837907;
  2.550855847014182, 0.5124865678390892, 10.37321839263392;
  2.480662861632835, -1.879541127534105, 10.12372858938019;
  2.610601670798221, 0.6487592087463001, 10.46278994657568;
  2.534482940814968, -1.87421374531064, 10.06753522920573;
  2.681887884086622, 0.641692159642734, 10.4823048051134;
  2.718584436714107, 0.5513199304130011, 10.59679678122764;
  3.19090386884441, -2.793754939746447, 12.33118008339165;
  3.398603968561037, -2.880553242952026, 12.81842047651593;
  3.391266032707804, -0.7905525778515721, 12.61247542653701;
  3.499250069388988, -2.701097911711266, 13.0270537454002;
  4.954747236708536, 0.1225811241213875, 17.76639367311266;
  3.453460632593934, -2.711795707945059, 12.77826663818618;
  2.819007945910351, 0.602789929771651, 10.51719535447879;
  2.817198305745439, 0.6602287152278797, 10.49401586423888;
  3.354977681870023, -2.706193020370046, 12.39887752472534;
  3.529132970278517, -2.905826089327132, 12.7277994017731;
