m=[-1.551754341142361, 0.2306577664076984, 1.915703460063556;
  -6.307464725185818, -0.7904525996846882, 9.598444854382663;
  -6.198366533265542, -0.9466544215212984, 9.69976798270919;
  -2.465176423790353, -0.9884626583712625, 6.336795640182594;
  -1.340139471039867, 0.7636355193671557, 4.473591416300027;
  -1.288698827870492, 0.7501339699302343, 4.435403691251673;
  -1.278182896045783, 0.771410198310966, 4.430431741243107;
  -1.158399354745909, 0.8182109954704787, 4.357096862286525;
  -1.12510379016685, 0.7724040412969787, 4.277079997627108;
  -3.84946557634522, -0.5496824490659422, 12.80071995202127;
  -3.773631250005125, -1.127205517205601, 12.96878868311573;
  -3.873874153918631, -0.56735508049457, 13.706360062723;
  -3.908295954652241, -1.239539193221496, 13.82422098630248;
  -3.900466856265859, -2.086886263507725, 13.92802085877373;
  -3.871296410113152, -2.75098105893898, 13.83457414370258;
  -1.073687462699952, 0.7663640964729945, 4.625029828407524;
  -0.9957922845316465, 0.8338630005541896, 4.515849176429575;
  -3.969380041601671, -0.2814105595476705, 15.50044865889147;
  -4.432051226633446, -1.39691788773581, 17.54504148760967;
  -1.076973190115473, 0.7792860127246349, 5.086828500641466;
  -4.501291016307881, -1.96505259935322, 18.42472305601681;
  -4.559460464679034, -1.484820326103462, 18.75220476342856;
  -4.469841931554729, -0.9090423043803984, 18.66458955120234;
  -0.9863178958375671, 0.8458335487312473, 5.040778614567506;
  -4.206813611357142, -0.8723989769509629, 18.4547925915936;
  -4.129055144175931, -0.9859645763532761, 18.15253608894804;
  -4.027904379489472, -0.908878169475955, 18.44426101912994;
  -3.255663264788057, -0.2954017967790216, 15.10642566620793;
  -3.011725175410262, 0.6036960438943049, 14.17029697693264;
  -3.863310383303382, -1.960963044552316, 21.24659707154726;
  -0.7547805685662067, 0.8322371226840859, 5.03450802599668;
  -3.514774455239131, -3.922828732989292, 19.78839671267652;
  -3.6596905659978, -0.9415842977410932, 20.91805352175306;
  -2.259370957536015, 0.5311762118375218, 13.42993614325992;
  -1.887196675262095, 0.4003745883166037, 11.56182947257421;
  -1.824019833280747, 0.6662101636219555, 11.50301921451057;
  -3.931519470175989, -1.748864836654828, 23.65410580916789;
  -3.552003311461543, -1.303332614141619, 21.59760496929434;
  -1.732823388675104, 0.5456123627285892, 11.18533098611237;
  -4.116010480033602, -1.859695823969447, 25.50559001053032;
  -3.612645381119203, -3.088057378171394, 22.4903929049307;
  -4.378244432595886, -5.290316380187551, 27.47686839968932;
  -4.310062372771129, -5.049055460826209, 27.23015466057202;
  -3.550861472418413, -1.532374159569219, 23.07905250680119;
  -1.551197724111106, 0.5410792002735751, 10.71499300875585;
  -1.523817122072581, 0.6540518268554995, 11.33796335567139;
  -3.776333096771697, -2.964745489118591, 26.61145613427145;
  -5.172891236164002, -7.60036866557767, 35.91247223841096;
  -3.9805226324497, -4.113295498103039, 28.20870908355424;
  -2.49256711107056, -0.03349633275448057, 18.18127761492045;
  -4.478691153696182, -5.067853967026457, 31.913227104306;
  -4.428997121744647, -5.225791507602144, 31.98638909843017;
  -4.490642671623105, -0.6074685526918964, 32.70930700614814;
  -4.775727187318958, -6.847532494942692, 34.51058010725023;
  -4.156214279422883, -2.167056493344505, 30.7710094038236;
  -5.921871202912672, -7.873095921698458, 43.78163217666955;
  -5.125588797931259, -7.232811972755383, 39.56637113640924;
  -5.552695844883158, -8.880990306403914, 43.50595249871881;
  -3.860565829430418, -4.368612112342754, 30.88306085037652;
  -1.215131546061783, 0.3360889315248267, 10.51504336352012;
  -3.353774733593565, -4.079137532959504, 27.47400865086898;
  -6.075978405189577, -9.876856424503476, 49.25324822272469;
  -5.076540559821662, -8.750185980624782, 42.32643981960322;
  -4.202610127315659, -7.674265371996943, 36.74210486341219;
  -5.008158756922316, -8.93074599312631, 43.78151445443279;
  -1.036732947867974, 0.3340842527036645, 10.03654309395984;
  -3.632065082155129, -7.362141542164885, 35.51238382216747;
  -3.551731411463373, -8.012552911713495, 35.76252883979826;
  -3.638020524597854, -7.790395995187831, 38.03848173237329;
  -3.295855919079896, -8.290199520960099, 35.36716237487404;
  -3.517773865962246, -7.468684674548233, 37.9341173992684;
  -3.371857627484343, -8.196781516445684, 36.8217895327877;
  -3.373384877753485, -6.323207846063755, 37.1343330541457;
  -3.133650626997587, -7.743303806126391, 36.48698289174969;
  -2.576062309478663, -7.337555490676907, 30.85553349712119;
  -2.969597276607483, -8.135808856819311, 36.18981052009563;
  -3.13766855180251, -8.157371180199265, 38.80097961109475;
  -2.687469538351212, -8.14174275229075, 34.49598602628913;
  -2.520536374781247, -5.156097473917488, 32.57328224645715;
  -2.864393875666377, -8.543645716963388, 37.13447648170937;
  -0.6934335490929134, 0.050853911803285, 10.03256279129461;
  -2.82745610794732, -9.172601725553903, 38.49171981955354;
  -2.890196712360287, -7.870839431958186, 39.47680070284073;
  -0.8399973380199846, 0.08167700022839357, 13.15123676224791;
  -3.561146415309572, -10.99223975022682, 53.17646553668568;
  -2.329107840021952, -7.614667309556807, 35.83148776722347;
  -0.264809191532621, 0.8668209385789304, 5.179666009648742;
  -2.075025528711038, -7.581394885602476, 32.35262066545651;
  -2.404273680989194, -6.606328664409498, 37.94732770499778;
  -2.176570490975653, -7.615205715518198, 36.32733591056439;
  -2.141282506595088, -7.281960374521906, 36.54152478686461;
  -2.043885072376647, -7.046283072272471, 37.11631192043679;
  -2.132998508947082, -6.970595051164152, 39.56378463896182;
  -1.901075111448581, -5.916684591335373, 35.97041875361396;
  -1.977773474848473, -8.641493531258135, 36.5341448811557;
  -1.806631345948077, -7.184574298917268, 35.47195380305647;
  -1.683314457935186, -6.022473269966473, 34.75925271991542;
  -1.72684852616893, -7.759228418674426, 38.75872146947218;
  -0.415414502147047, 0.746738863837609, 10.43819457522821;
  -1.67590121840805, -7.386455175815792, 38.37482947295164;
  -1.676023733397826, -6.826221787000757, 38.47975254481592;
  -1.48462928073138, -6.183053911977688, 38.59268387691651;
  -1.259094757128918, -6.801315157218376, 35.09915314793535;
  -0.8860710483559635, -7.278716398882104, 39.19841556400142;
  -0.7197736733062938, -7.324425454157028, 35.87457268486948;
  -0.7167309633147145, -7.461338037949728, 38.86782076799995;
  -0.4117983571140553, -7.352550160737422, 38.07875344174308;
  -0.3893002112165807, -7.372509511369736, 36.14564841744839;
  -0.3962069547916172, -7.145957947649561, 37.22416489395766;
  0.412453280928986, 0.8109533987073576, 7.034358612535203;
  1.165131079930075, -2.401722821193152, 18.10081428946359;
  1.326002390970209, -3.272536306590138, 20.03420952856114;
  1.418290575088163, -3.69432208840478, 20.74307535638227;
  1.437073382869553, -3.713160948854212, 20.33592979540632;
  1.522508770909328, -3.344010843921705, 19.89622094791896;
  1.458753037360142, -2.53949624828678, 18.77218397400748;
  1.450067860612927, -2.361244964000073, 17.97901483129181;
  1.606725331076891, -3.298725799869395, 19.62077331900579;
  1.499306129525623, -2.233503459754856, 17.75634174441948;
  1.738063411420022, -3.458703669615607, 20.22736132067596;
  1.621755004735463, -2.414019547150137, 17.37089686852471;
  1.782687076082818, -3.188410381012178, 18.50748464284134;
  1.175895187776475, -2.402164666789067, 12.10415830076015;
  1.224237086083038, -2.39769023307602, 11.60028031805593;
  1.342354251257565, -2.377888131371603, 11.97766528086222;
  1.390581143072343, -2.474143990622092, 12.13770201918228;
  1.331741554569132, -2.145221188843602, 11.42813764393562;
  1.348976121521362, -2.101366159738135, 10.90383921015135;
  1.598619237278654, -2.035388384170484, 12.00186448444739;
  1.747396628632312, -1.888660319201176, 12.39068218948488;
  1.924927789748415, -0.9508966402074266, 12.81046411785641;
