m=[-3.845157338047085, -0.6049162499147204, 11.62600147846804;
  -3.865100274439158, -1.273371934459621, 11.81914352120803;
  -1.110952163570387, 0.74958001628064, 4.057487466077292;
  -4.016404715344173, -0.8701930497012153, 12.439761457087;
  -4.006961453854632, -0.6466927650686717, 12.9485070764817;
  -4.009658919861641, -1.326741421393977, 12.97552665036722;
  -3.847919592736626, -2.7758445599962, 12.60754610849331;
  -4.57593178514927, -1.004164832397534, 17.74909399612692;
  -4.471136567174769, -1.147096097257612, 18.22495574978426;
  -2.994693304545985, -0.7258476006740718, 12.71149422339758;
  -2.764271696983816, 0.488479353981577, 11.83587952619897;
  -4.088993770690702, 0.1225010825053092, 18.18507331782389;
  -4.104520788959448, -1.613722298464643, 20.09551272375691;
  -4.186891997331257, -2.174274970347568, 20.68458937940385;
  -2.075575723327208, 0.6218844046563877, 10.97073784151247;
  -4.146648081025434, -2.161238386074421, 21.23576560273129;
  -4.033193836051884, -1.111833778525137, 21.39947727490572;
  -1.773441844696148, 0.4929930485715147, 10.13769139115899;
  -3.558932794793918, -1.37667742352043, 20.11340468569828;
  -3.982894283846004, -3.325962373454136, 22.69277955466879;
  -1.671457336334799, 0.5197451364636886, 10.17077623348878;
  -3.96131034031662, -3.420052860477704, 23.00494531389678;
  -3.758484751155715, -1.684894447347398, 22.71882866621884;
  -1.554867255140133, 0.6057323562207857, 10.23027858608823;
  -1.481353220532454, 0.540779053902245, 9.863695609521457;
  -6.617273214699561, -9.212716576624528, 42.41443525828223;
  -3.974940526153537, -4.102578381732355, 26.35700737700793;
  -4.45987445342015, -3.537200392185273, 29.36129708845063;
  -5.872228718859814, -8.652564237423258, 38.76446688971115;
  -4.035825048642552, -4.738299948161874, 27.36665667808315;
  -3.914931518008287, -0.6335934485647495, 26.67542586529893;
  -4.80745644421261, -1.577497573141358, 32.61495114976488;
  -5.685135560762873, -8.11353117418982, 38.77299293861002;
  -6.289940306885628, -8.356176082138692, 44.16046923287286;
  -1.264763976418901, 0.303455788219002, 9.59288205317281;
  -4.514799801330239, -6.395081118354343, 33.14145646413622;
  -3.852189263031953, -4.376571296769603, 28.93831690768974;
  -5.995745800227364, -9.573228903115023, 44.68402981744045;
  -4.270905974223058, -5.213264459844099, 32.7618370767006;
  -1.188798859906, 0.3307350778990821, 9.995145913433815;
  -5.169540651931432, -8.869442468278404, 40.88930943677296;
  -2.271869600672773, -0.2184395756954508, 18.55910803514281;
  -4.599872536833377, -6.622844780791525, 37.36300035403365;
  -4.211324923355178, -7.634294722122242, 34.74385614944826;
  -3.907336888949937, -7.852587769213634, 35.97320530898818;
  -3.802296673618552, -8.463276173117706, 35.96088541636549;
  -4.089595364215827, -9.815450175300816, 41.99724527495965;
  -3.393662067478388, -7.925475162522321, 35.03022274016035;
  -3.626873402003679, -6.714647659552672, 37.35207951379976;
  -0.9171385175176188, 0.004127213264401393, 10.28385938986259;
  -3.131772601302829, -7.632446604134469, 34.22073351011917;
  -3.133739259632213, -8.45875493693149, 35.83934096424149;
  -0.9182465777055232, 0.01863088912008297, 11.37516165588814;
  -2.804123938387094, -8.189314441855181, 33.95776363372779;
  -3.209132762354171, -8.563413164230715, 40.92357879377478;
  -1.007387278199188, 0.04415509616397331, 13.72282690562429;
  -2.283581322360281, -6.844228192855743, 31.78301178519956;
  -2.526506779653763, -8.052612979042944, 36.0775325468892;
  -0.809855580743013, 0.06184798207338193, 12.36296972332952;
  -2.029975273296034, -6.887496840284561, 31.29513747990272;
  -2.322397411091852, -7.879655009200464, 35.80326677826025;
  -2.180044164299165, -7.18210417914831, 34.30197242521364;
  -0.789780473115409, 0.007137878016711815, 12.81329828058484;
  -0.6039056738745411, 0.7197208520485215, 10.6826905569188;
  -2.054401660578938, -6.409798753898721, 34.63229961735606;
  -1.938989301526792, -7.3677013623224, 34.62692325882311;
  -1.812428128803087, -6.54701047536473, 33.6348681985051;
  -1.767947763201662, -6.300056421366351, 33.59587955411973;
  -0.542406444930458, 0.6949291080759452, 10.72859503348052;
  -0.4531678465503923, 0.7039920458904195, 9.281165000820547;
  -1.864595199574867, -7.999934034380227, 38.12266188943271;
  -1.755180820540921, -7.280637010336203, 36.06115672355021;
  -1.645233177403371, -6.146014906730378, 33.89789876551915;
  -1.64379488704135, -6.363906239622528, 34.13537272884273;
  -1.311465435121022, -6.655217397728121, 32.67714640406765;
  -1.170398037532332, -5.772648430953499, 31.9292148274293;
  -1.213255387835753, -6.341840933741136, 33.54343545086582;
  -1.091417192959086, -6.872226870451237, 34.45025770093626;
  -0.806804248389458, -6.233799525846097, 32.99866387466945;
  -0.7355392058881716, -6.625874002750757, 32.95139375181524;
  -0.1416475017310714, -5.303960719846187, 27.68527559527353;
  0.08468174727120008, 0.7724125934736519, 6.962223116169744;
  1.115658894556111, -3.136396027639172, 18.69442442777234;
  1.109654452509995, -3.57140795598002, 18.39525031076988;
  1.073061161443273, -2.211013648964572, 16.64289561626625;
  1.196018029954175, -3.180767845990068, 18.1714095215506;
  1.224131296454341, -3.179204050991262, 17.97376828152192;
  1.301827975325205, -3.554221169219499, 18.24734549215814;
  1.114864335127103, -2.010663332778871, 15.65542291600919;
  1.381382084934659, -3.451045867890815, 18.30085870481279;
  1.334438795012525, -2.3006523726106, 16.25673413495167;
  1.334077782066544, -1.98708332503009, 15.70161454391688;
  1.447270512303199, -2.280944386773149, 16.80895184661753;
  1.418539515759989, -2.430398235841351, 16.44979539222635;
  1.489612052945023, -2.099557960778021, 16.02563752817195;
  1.620091417542118, -2.538506253765739, 16.93293266034254;
  1.660081410949885, -3.088132689411207, 16.75599619558431;
  0.8653756890665789, 0.8182824942371141, 9.085717660983089;
  1.246883109388124, -2.277687974593708, 11.18784036296341;
  1.830801095417628, -2.01044172468799, 15.86251492526257;
  1.781104431718192, -2.673695916967299, 14.86318533215103;
  1.166460568099241, 0.5059516873516714, 9.021536082125689;
  1.386999703147202, -2.219353834615503, 10.36636212376126;
  1.241363719979121, 0.5398807274927792, 9.08420485875231;
  1.473053099166585, -1.924443865135881, 10.31250471157826;
  1.691498889293546, -1.970210477999438, 11.10500803464248;
  1.894530841756838, -0.9829173072042593, 11.90378399899741;
  1.562548801066784, -2.15540114374669, 9.879814651632305;
  1.965538255668548, -1.071616641418307, 12.1834126042926;
  1.881100272799604, -1.433898774464726, 11.39389802350459;
  1.886681137164933, -1.573518715928919, 11.38779534326842;
  1.998330561679666, -1.092633445469385, 11.77967968710996;
  2.282381158279571, -0.7206582231570931, 13.2612901888273;
  1.930318904781613, -1.488102194656203, 11.17668639339248;
  1.862439190175911, -1.806042759627785, 10.72539427432401;
  1.965532565554164, -1.917688616865351, 11.00789475858085;
  2.063477696819288, -1.102095944195993, 11.06703977957235;
  1.732802584606585, 0.4500255031133293, 9.415170530239468;
  1.804471399854052, -1.816454841941771, 9.509954510593634;
  2.172696743841799, -1.290882254075229, 11.07030892826169;
  1.699461311308891, 0.7635172756164168, 8.728547834248131;
  2.264478602726505, -1.307577502325768, 11.205829047726;
  1.675649016909689, 0.8658887235506551, 8.555272279277443;
  1.685701887440731, 0.8063236149865926, 8.420039166213462;
  2.391758246867652, 0.576706877573907, 11.11756594751337;
  2.466330562879778, -0.3506851994563138, 11.33493662670847;
  2.413991826356407, 0.6501652774936424, 11.09903742065542;
  1.906713265485446, 0.7594756780456226, 8.737453617051759;
  2.008616316644017, -1.587208233159795, 8.900062944765843;
  2.535660108069849, 0.5675903204748174, 10.90199156011935;
  2.077641867947332, -1.509880934016904, 8.641432858414021;
  2.567777584605018, 0.7273041065220999, 10.28017137102784;
