m=[-18.92265760039197, 2.645146958601301, 26.56704490236304;
  -18.91926369786761, 2.54048609133373, 26.62913077231155;
  -17.50848351723581, 2.49397215420917, 25.79167158098363;
  -15.65509489738713, 3.328336736687249, 25.58779701195417;
  -15.88538264874323, 3.250073568708817, 26.1446671294552;
  -19.74678444307317, -7.31676253258401, 32.37838160617649;
  -15.85343711516662, 3.31506069089174, 26.39744932918472;
  -36.37303958067867, -2.97669091622992, 59.13838368968393;
  -13.39480864569244, 3.355967730524475, 22.72337298557035;
  -36.65591948118497, -3.490929537153164, 60.28438982366642;
  -18.75184240841718, 1.859914228962027, 31.87787137903252;
  -16.01639737476315, 3.26951260660173, 27.41718204454083;
  -16.11243575052766, 3.256453575968674, 27.83511264197445;
  -19.23192645413545, -7.379007728292653, 33.66718773724667;
  -18.49290570989806, -7.47124244419788, 32.6820304968067;
  -18.91377323224891, -7.892310617395566, 33.69352879371606;
  -16.71584807402164, 3.241747473324501, 29.93425139083691;
  -17.1574774352837, 3.065567784163011, 30.79706825258544;
  -19.46598993362949, 2.944905741222846, 34.85084263602769;
  -18.05028794158541, -6.591109459233533, 32.50827969965104;
  -18.34375640387781, -6.996595114069946, 33.3430557472797;
  -22.3018275190706, 0.3751047358933348, 40.42415288748929;
  -17.76012092705238, -7.126103886317035, 32.50529844127987;
  -21.54392492591448, 1.427710553409385, 39.2634470403445;
  -18.52827285471214, -7.831945186133542, 34.00733911545591;
  -19.68531666478889, 2.809773519222721, 36.26995842453137;
  -20.79532703786815, -6.149869697109196, 38.2948289216912;
  -29.42252856814164, -6.392740092983208, 53.87558448072694;
  -20.88966693278163, 1.497366789911673, 39.03277280327995;
  -31.71584503762231, -5.725666879487899, 58.66747167939412;
  -17.45309173920704, 3.191978267190301, 32.88026922251968;
  -29.93929698207221, -3.213537798001674, 55.67592721835943;
  -29.43064144814705, -0.4241410857082496, 54.79779904088616;
  -31.20274959855825, -5.478293949062234, 58.36054216694551;
  -28.01607545959882, -7.192239425127631, 52.62470137450503;
  -28.84140997291494, -3.890927540858407, 54.3793985595803;
  -27.55922266540114, -7.545551029594148, 52.31036043570472;
  -21.35316476365161, -7.647394803826688, 40.96908733902415;
  -29.35053213866847, -4.642861419877573, 55.91118888447314;
  -17.2664990032041, 3.062892277026662, 33.45751982586847;
  -25.44527093188016, -6.430947927072928, 48.88885590645148;
  -27.69309784577701, -4.382866279536684, 53.37198149416699;
  -25.96583428230822, -6.939951649568434, 50.14705272760514;
  -18.72339775856193, -7.829141221240646, 36.58451939653952;
  -23.33918784860821, 2.295361908237033, 45.34903369290019;
  -28.15082341611404, -5.500802774868504, 54.53353190263935;
  -26.12383052693841, -7.345437188579494, 50.78312503356881;
  -29.4082308833974, -4.371529706181757, 57.11187569595562;
  -26.42190038399457, -6.587510426331467, 51.53180616357493;
  -18.56041088457162, -8.400595339013288, 36.65166500195657;
  -26.33086266774195, -5.026917818220734, 51.54106933355877;
  -27.48309269264451, -4.431439868762854, 53.97569010672977;
  -22.32338641438535, 0.9378254084651577, 44.13673630677528;
  -26.3596427422219, -6.785361859140665, 51.93329512350205;
  -17.68912180872465, 2.882988402105715, 35.28616139736339;
  -27.06788459811363, -5.572291619004573, 53.40479458533903;
  -29.78080440057459, -5.17428784182449, 58.61777094152046;
  -22.08163833255115, 1.962072223056218, 43.84868196612595;
  -25.28594183803138, -6.806757918220194, 50.05996048313282;
  -17.50005267015251, 2.640611115944275, 35.0545798499416;
  -25.00589718785665, -7.226885888116695, 49.66266370405975;
  -25.36591378959958, -8.353974771643376, 50.4373525968411;
  -24.93209040076654, -8.442257620608022, 49.6711934887712;
  -27.31973820437707, -5.380606589535256, 54.42895117197568;
  -27.20469728176764, -5.715775111971428, 54.26781267780822;
  -21.84275269370453, 1.026589589115106, 43.82115195920402;
  -21.92443878557503, 1.218263358562287, 44.00774879293505;
  -30.03869103972144, -5.650643391498297, 59.89300027469042;
  -25.43019903381043, -7.74427622993067, 51.2537767597316;
  -29.65370299173479, -6.781528122987215, 59.5946410602715;
  -28.05251035297335, -6.106635900808878, 56.53169622712003;
  -31.37529641778203, -5.532570886519443, 63.20410502672231;
  -31.46395540140037, -5.32306399364677, 63.37158908997728;
  -33.09312768019291, -5.045479423020838, 66.71559350266563;
  -22.122586779633, 1.117370976504069, 45.04069029698254;
  -34.3600675845143, -4.194080139464377, 69.27853450834238;
  -17.68378540954755, 2.855334960758207, 36.42853459903828;
  -20.05050079885211, 2.956848748129728, 41.19301511012547;
  -33.49410234284845, -4.502220044591688, 68.1231855522749;
  -32.99551977883167, -5.898177672680863, 67.34916365359274;
  -24.48982516413091, -7.701873265192845, 50.42578257794655;
  -30.21263171303315, -5.923841068615568, 62.02880547226384;
  -31.81579897858681, -3.29408882566111, 65.43286415237525;
  -25.35899257370319, -6.991059064689059, 52.45272704088194;
  -32.8443553338033, -5.048755412691582, 67.61142553003087;
  -36.16213545606524, -1.759114269763877, 74.77874206082024;
  -37.44505625846359, -3.730486874264042, 77.5160418802212;
  -24.76637337802104, -10.69173662542337, 51.73253090806139;
  -24.7781096941101, -6.53516242219063, 51.83814333659894;
  -26.00033629152424, -7.463774252871701, 54.56898409657166;
  -24.71802082249819, 1.907869735716795, 51.98446271511047;
  -32.33946431378433, -4.273083874177047, 67.72800475992239;
  -29.54484493048731, -5.418004116479747, 61.99380497339175;
  -33.77517220988224, -4.795339749029965, 70.91126292906733;
  -41.49728543764242, -3.589719248134595, 86.87604280920462;
  -36.23870360883858, -1.93249540677147, 76.19093460091268;
  -32.35079005186721, -3.872915746586033, 68.19739111930265;
  -18.46232645214016, 2.685731622439269, 39.54878586688039;
  -30.38092030321726, -7.3938645012715, 64.51617651407128;
  -32.70859856480915, -2.186701344232625, 69.46270881255435;
  -32.0648647568157, -4.632389408262083, 68.2153084255621;
  -31.53576732334326, -4.520452350692989, 67.23373728925414;
  -25.52824082494369, 1.973464296463302, 54.71029392498371;
  -30.94148093600521, -5.996168619258121, 66.11159380149688;
  -31.01722353895157, -6.536894553347021, 66.34190012031762;
  -35.46990599924438, -2.66081993271103, 75.68482574433533;
  -31.38677573859643, -3.237802735761567, 67.11816186172294;
  -33.38728247805853, -1.709674831186266, 71.50914951815638;
  -28.86213823817007, -0.1050854741337507, 62.27657472131008;
  -31.98589070557041, -2.179737888528888, 69.0566970449286;
  -28.00136884988412, -8.407904834125159, 60.71085130962469;
  -25.36517802407785, 2.448918950691013, 55.19457088178535;
  -31.19671290066063, -3.169923343462989, 67.75096226642928;
  -19.05917018762218, 2.610340328353611, 41.92406471065289;
  -46.64923193401615, -22.09283973479734, 100.8328436980881;
  -35.24687276301612, -2.649852678365785, 76.56959184711683;
  -27.45936976664035, -7.319793243244369, 60.08964049941749;
  -35.65289955863594, -2.093914325239741, 77.72889826691096;
  -40.68568309119829, -18.03396127620366, 88.74783369335412;
  -36.94832994600395, -2.464434932402338, 81.44607314861531;
  -34.44545382118511, -0.6673005557657027, 76.19356897073443;
  -38.34564659810087, -1.758684675026823, 84.73431943062596;
  -50.27543050513505, -23.37498720306218, 110.6900745742846;
  -40.37820211192069, -4.074324979670005, 89.93976641438934;
  -41.94791218416509, -18.54282420764214, 93.97311401283055;
  -35.00888409874705, -4.856087216207122, 78.63484549930996;
  -29.462915119202, -0.1910877225061161, 66.67745889969154;
  -24.15491365256647, 0.3909708893876535, 55.06101052091194;
  -39.74060978183574, -2.757240535130593, 89.929733321169;
  -22.76321774310961, -7.242300734590006, 52.14230786363774;
  -23.3749861802102, -8.71291629113184, 53.56878303906009;
  -32.16892134618715, -5.097185315020639, 73.32303481836998;
