m=[-8.31148628190874, 1.696668017310592, 14.22776465392022;
  -10.10652474525789, -3.771592588560653, 18.32334716584206;
  -15.2231878877602, -4.168018177972881, 28.89524334766282;
  -14.92166941689704, -3.988150858478943, 28.81778166253132;
  -14.46486332009346, -4.404994905075695, 29.15348300980296;
  -14.04999017444206, -4.875792928710799, 28.40437067792127;
  -13.94767302477554, -4.386442502599318, 28.71896073989717;
  -27.45582031226703, -11.56772489484946, 63.79041628171512;
  -38.0302952818674, -16.70193683719459, 91.24752169081405;
  -30.18036627226212, -7.938445778771836, 73.4434568977386;
  -42.92174454059219, -18.1546066458684, 104.4126005340582;
  -28.14236714118874, -5.967799574982557, 69.3784291805387;
  -26.87297389126722, -6.647385947281974, 66.3374177953541;
  -31.6358649157457, -10.15905262922984, 78.32550603139295;
  -41.04106632114897, -17.5987697792825, 101.3749752168033;
  -26.19843389955376, -7.957590523113332, 65.21485808107933;
  -27.44466500646576, -6.335731655421949, 68.44539483935589;
  -26.80450571254108, -7.116248680948375, 66.85949302209532;
  -30.4847739661462, -10.63235378034453, 75.90864962818417;
  -33.89103465660202, -13.39782789360237, 84.23220361590245;
  -28.5223074151365, -5.906690527678374, 72.5212375821063;
  -25.63877993576887, -6.177821964824924, 65.42053717559385;
  -46.33288682019213, -19.64023954160608, 117.8771174421625;
  -44.25508060721475, -18.01896152683531, 112.719691135342;
  -25.80768423976959, -8.792093244355437, 66.6374101303818;
  -36.70834998609152, -13.21620005088389, 94.61299950808116;
  -37.29319545949862, -14.23202349254487, 96.46517872623522;
  -3.834785462092734, 1.645055721333061, 11.49505365656641;
  -3.740611505387753, 1.659486825136814, 11.39444810318514;
  -45.0525856105093, -16.67259278180268, 123.7850821479299;
  -3.934733482199732, 1.636935473717872, 12.18780138281486;
  -4.453526529313778, 1.601944149511529, 13.62124996553439;
  -3.733436691998711, 1.668386825445705, 11.84456607918356;
  -3.826098374052011, 1.63190709986189, 12.20579124068091;
  -20.73782324185195, -7.311813854059575, 61.59635233006273;
  -26.4305437239538, -4.734585451664007, 78.90562278434472;
  -37.42143320585914, -3.165548799705356, 112.2739324365754;
  -5.150539647401859, 1.530174878768713, 16.65886099679089;
  -35.73614905659912, -3.924361576874615, 107.7202624605695;
  -4.353788330022913, 1.58832164904035, 14.38753760259185;
  -24.02447511849221, 0.1659710073504415, 73.91665403182225;
  -23.30904118973843, -0.108462389561907, 71.91485221745332;
  -4.248976396303931, 1.588046992111504, 14.33973793746882;
  -23.64476829304015, -0.6259907669888909, 73.50775798386256;
  -5.584350223540612, 1.496873511836585, 18.50156713740882;
  -32.35022464416741, -4.58292497187815, 100.5767234123281;
  -27.46414691988675, -1.32940806663013, 85.99398093622108;
  -4.443129163127035, 1.589184436050153, 15.09073740587296;
  -6.094297102099508, 1.455265654447701, 20.23920312899816;
  -39.65126636822334, -2.513941890303717, 124.0683788913332;
  -3.999497116457301, 1.534462290338115, 13.84264477682291;
  -32.6949816957102, -2.454389174343913, 104.1186954563602;
  -5.583758035112703, 1.481982787427467, 18.98290203497858;
  -24.53412730250376, -0.6369136288711975, 78.93013055299254;
  -28.60669611969377, -6.272608613904574, 92.42818826093038;
  -6.460897822919619, 1.404150842228736, 21.9839960334266;
  -6.1086512933642, 1.459489564474928, 20.88653072350823;
  -45.2899701170971, -5.479810093411882, 146.0964765247079;
  -28.11303655035145, -0.8982694875977886, 91.51451946534985;
  -45.4242826680033, -3.726291519146065, 148.3354959114219;
  -33.48194570291896, -0.2594109371480322, 111.3062758601081;
  -4.147549839917502, 1.573071486018683, 15.04441100747479;
  -29.70917499611172, -10.51797989664486, 99.25074095260406;
  -32.13489388091588, -1.218755623907157, 108.3972693785731;
  -4.338275553619433, 1.563593178522234, 15.96980899204498;
  -27.07044333716217, 0.1550647378784394, 92.40948228182231;
  -54.92720108611854, -4.893514047650574, 186.9892292824091;
  -36.10802496573403, -2.110958453972438, 124.6967244517203;
  -60.10378804668711, -8.510456728226385, 206.9446937422601;
  -34.82156661402036, -1.420599821445151, 120.8282558999079;
  -29.61629616418781, -0.4643446058010911, 103.2599070949661;
  -75.92322121759678, -6.132535345375056, 262.8287900942807;
  -8.742157547890653, 1.38609909400343, 31.69841292531298;
  -38.15195624871748, -1.441717539813078, 134.401915581763;
  -61.5807827039859, -6.736161595979112, 216.9235176929321;
  -34.73044663533209, -0.2016255298583002, 123.1926574492825;
  -31.63679457659012, -9.623343472044898, 113.4032825962228;
  -82.37264374293073, -8.857041063831844, 293.7605125466652;
  -65.97349320103386, -5.791524653514671, 236.0840426755267;
  -43.8412552692589, -1.252301289754737, 157.7749455568614;
  -3.680009798831421, 1.605133199578375, 14.67202951862647;
  -63.51165795252415, -1.951836452011072, 229.6060626976013;
  -3.845593016379361, 1.569651588519553, 15.28614043101435;
  -44.5521401604736, -2.990691064258293, 161.7232792385924;
  -58.74460311591563, -2.857620629891791, 212.8741271954415;
  -3.632905976286875, 1.619524364981044, 14.77717413027668;
  -59.01671993050744, -2.301399117738239, 219.4123850039607;
  -12.01082201226971, 1.051397605853163, 46.023847959058;
  -65.81030737773214, -8.443614652274997, 246.0499197529803;
  -104.1571740163544, -9.629087257410022, 392.4266779742697;
  -18.04355346377865, 1.072521895956003, 69.5546019641495;
  -27.90869012761174, -0.01793780385207597, 108.2725105072887;
  -20.15377483121334, 0.4766292496168904, 79.16142833868159;
  227.5124515782441, 44.63166989996721, -881.4505212517147;
  99.40337027155931, 16.11159831601193, -385.9622914609522;
  -47.29014539615339, -5.211355641201933, 188.9604023023349;
  -8.121013981171151, -1.512510987046974, 33.31442621595832;
  -35.4793763951491, -0.7418295549466657, 147.1841748774685;
  -49.60856191152563, -2.17245284255523, 206.8312610352477;
  230.975395102254, 38.49060593326941, -957.8875014451533;
  137.5099771846711, 24.16286379713369, -577.7249722275584;
  176.5909181978268, 18.55785393190357, -746.4614905505366;
  -48.26786922102826, -3.239028494648074, 207.3264289359797;
  -11.32414713907452, -6.859611543918544, 50.64776143815862;
  -12.69669636329413, -8.102368783552054, 56.81804083342456;
  -58.15254605027786, -2.42255333800284, 257.1458474635013;
  -11.8593858858381, -6.552628254275875, 54.04010426212741;
  -11.54012130878033, -7.838598853116724, 53.2023778545726;
  -41.56265734555338, -14.12840727338242, 187.7736750538595;
  -173.5448771947613, -27.64225466348269, 786.1244117611387;
  -11.74835083206894, -8.637446125166719, 54.89166434944912;
  -11.36634255815578, -5.918371617222444, 53.46008240535439;
  -12.39492338641038, -6.806740723963044, 58.77085043017718;
  -11.17786440237218, -8.283914169910197, 53.50554844542308;
  -94.5794743772386, -15.52521570439408, 445.9957631079209;
  -21.07866735280216, -8.321177818436038, 101.3250139194054;
  -11.89272638038948, -6.469212242551289, 58.03459780041401;
  -11.36490990867191, -8.335586067266481, 55.48308711899496;
  -10.36943656245093, -8.260526438312501, 50.72220608417759;
  -64.32307958591042, -12.0877981823208, 310.1413723796791;
  -30.66845908668934, -7.932668018910022, 148.9004299247293;
  -22.1702123395068, -9.040943595319938, 108.6223267347756;
  -20.98637760234085, -10.42994516536622, 103.4932660982523;
  -21.16882479628262, -10.02748628666978, 105.2997057301796;
  -38.32874253550983, -12.80388494384391, 189.4682220822968;
  -10.14592331392483, -8.54593464062094, 52.06547415193084;
  -10.68041698331446, -5.626835102341622, 54.86951859067493;
  -10.30368098108996, -8.407348929089585, 53.38805763130316;
  -10.22520263562463, -5.776008017847967, 54.10657909350901;
  -10.35470423750343, -8.191636933789429, 54.8789823760395;
  -11.91142362454663, -10.34934916762994, 63.48418909258036;
  -15.05486632506855, -7.271874322913285, 80.12871050807212;
