m=[-5.946548315569622, 0.3146017389738449, 8.543947752064558;
  -5.784795343899944, 0.457973135804868, 8.370681434242483;
  -5.559026878725284, 0.1380901567906778, 8.433093514240362;
  -5.554370882948047, 1.270558995574229, 9.115249845117321;
  -4.85183123245256, 1.23108276271176, 8.157456453153781;
  -4.750919619808204, 1.514486574736041, 8.016746356238446;
  -7.119843198386127, 0.9357276921573161, 11.8411796766256;
  -4.883472783156957, 1.322943740645869, 8.487436955125832;
  -5.516889659059656, 1.138745374873109, 9.47883706572566;
  -4.908556323078573, 1.383675213904575, 8.561691202812416;
  -4.856739964083456, 1.429260034355702, 8.494062836754866;
  -5.241780051165839, 1.156451637624336, 9.089059763329898;
  -4.547483716515634, 1.510176250573113, 8.055065547230234;
  -5.380602397287586, 1.094161627875558, 9.355558007561973;
  -4.866697823092252, 1.220320871843652, 8.611912163823757;
  -4.657858998184556, 1.426666383234711, 8.351149662037949;
  -4.616783245728995, 1.500880495261944, 8.36852014783045;
  -4.750644503934676, 1.36700897499036, 8.812296165909219;
  -5.942371125308946, 0.8731083526856519, 10.87832000949422;
  -4.675674811972813, 1.438320374826592, 8.835251538369757;
  -4.722825899754844, 1.511802124883412, 8.99458919691895;
  -13.08534761115175, -1.574599263986648, 23.19044833714519;
  -4.901644232026623, 1.329642661871354, 9.348153850860907;
  -12.63824418428814, -4.580109956271262, 22.58188391719144;
  -4.68248602175001, 1.524676511901967, 9.077482343836087;
  -12.82297798303203, -1.895885636866749, 23.32847080299894;
  -12.28326450596018, -5.084845464936069, 22.67521803744593;
  -4.936610741872623, 1.326537526765266, 9.749483144606131;
  -13.01266123788261, -2.268903869065001, 24.13831690900987;
  -11.98782319936691, -4.809954998151388, 22.36321907076671;
  -5.182823880214301, 0.952485013914713, 10.4826622676287;
  -4.551259667996389, 1.499548265229814, 9.347303034441453;
  -4.494302882625011, 1.377656999575366, 9.327050308315915;
  -11.84167240479746, -2.418676849592409, 23.09732008135959;
  -12.00179016934635, -1.877939242653208, 23.44635369467139;
  -5.132744178026129, 1.114945902113133, 10.67333239941074;
  -11.61548974683854, -1.51060996843411, 22.91623227696349;
  -5.094359174723092, 1.181633037077659, 10.6920035949043;
  -5.170110471831757, 1.152815334226436, 10.8730394703813;
  -5.63026647509516, 1.019265599377985, 11.77697555959104;
  -7.598895321735, 0.3169057017337874, 15.7547407915756;
  -5.571841058298609, 1.044812597371867, 11.82077854438977;
  -4.87742514008252, 1.372707671150502, 10.56725995060829;
  -4.831103450388075, 1.17213998831435, 10.59800026680824;
  -4.648337332851907, 1.426983612657066, 10.24323105617187;
  -5.425843683983007, 0.8873100494186469, 11.89288205477441;
  -5.297924232759191, 0.9589062810900962, 11.64581348525329;
  -4.776796749197545, 1.3069487812646, 10.64273322102951;
  -10.49494464731936, -1.78605357241936, 22.20387330353191;
  -4.668592274099132, 1.466287723672792, 10.47539079060431;
  -4.896092008167734, 1.073189746080532, 10.94143365989489;
  -5.2282635708576, 0.9235353816231078, 11.75280865867249;
  -10.0823390952028, -2.870859600954614, 22.26540082542717;
  -6.961630331188543, -1.356616221510345, 15.75110047336752;
  -4.906028529254097, 1.203502407395077, 11.40557031184784;
  -4.700550039096663, 1.319311051367815, 10.9705757420265;
  -4.754907088387717, 1.437460471706299, 11.09839590366553;
  -4.895381211250625, 0.958559905103889, 11.42338575890588;
  -4.953947185137634, 1.116291167923202, 11.65820543293785;
  -4.855612375978333, 1.283762273406595, 11.47343599607453;
  -4.780456843299078, 1.442827281752857, 11.36768537845873;
  -5.020062747584652, 1.083883055443666, 11.92019880470341;
  -4.484790739394486, 1.483501825023543, 10.95340701148378;
  -4.487731555396965, 1.452528363099995, 11.07648786126936;
  -4.608880050224646, 1.27822763316121, 11.61215815563469;
  -6.623289150678215, -2.507657343044712, 17.03487073644658;
  -8.883094393063345, -4.066189766288752, 23.15594729065709;
  -6.255302228662282, -2.28060684346102, 16.9316840535254;
  -8.16670369178199, -3.517492673614685, 21.83217145613856;
  -5.870951424808233, -1.761862541621314, 15.96875136238698;
  -5.893784590671091, -1.890889664161513, 16.08832538179294;
  -8.728984437208386, -4.100899681198271, 23.39065769557887;
  -5.632250006644044, -1.966986096076619, 16.50270584180995;
  -5.132752891174067, -2.085388604534023, 15.88145372590686;
  -4.801026982714435, -2.462992387734467, 15.83205384312854;
  -4.695216272176231, -2.608454542170294, 16.01545342253453;
  -4.591246958646188, -2.132422989590735, 16.28836077960888;
  -4.429690327760552, -1.765691961242874, 15.82658486131495;
  -4.466538874294663, -1.229273449427356, 16.10395046085462;
  -4.397842159214679, -1.520768393524612, 16.00074520096765;
  -2.281491582966956, 1.584551360060489, 8.829113918726781;
  -2.225686561455619, 1.579803391929925, 8.916428552808521;
  -2.206907692139799, 1.614829075890337, 8.975924305694118;
  -2.018013269863134, 1.696317140058736, 8.317742707979798;
  -7.874699012411107, -2.532724249583486, 29.97353942705582;
  -7.739962490029992, -4.993643062786534, 29.6390458974773;
  -7.709706009874729, -5.534596605859957, 29.57457922107466;
  -2.103480671968436, 1.598343805436515, 8.89541495607452;
  -7.809055154455964, -7.363322122452177, 30.28765678346371;
  -7.735268370618012, -2.377352823937389, 30.12008714065584;
  -2.917864496073415, 1.590624648693284, 11.96251268108116;
  -8.36202973058972, -5.719418139288728, 32.44738751875806;
  -2.061584726141437, 1.73219091551005, 8.772823611451505;
  -2.55503350700188, 1.560166225663828, 10.71145787237301;
  -7.147656900301064, -0.2761109568371336, 28.18351767185241;
  -7.71867102520796, -7.434482919029796, 30.43198928131289;
  -8.051549437224887, -2.602518585897651, 32.06822072620829;
  -8.104903261910517, -1.215101602249785, 32.33328197078618;
  -7.917675251345086, -5.167303836669467, 31.57719257117901;
  -7.90700462085621, -5.683102069282325, 31.66073638352091;
  -7.960335490604896, -4.320558747028611, 31.93906771254943;
  -9.68319636008288, -9.147483493805382, 38.61730799586943;
  -7.473437054375488, -7.222442982307298, 30.37136916304278;
  -2.715293914563662, 1.419248423931716, 11.76526852828501;
  -2.153499818929824, 1.617770034386761, 9.821988196547414;
  -2.044282221414688, 1.720498301578878, 9.453263706710709;
  -1.850224405921231, 1.64035988931677, 8.9207299133435;
  -1.95213581614873, 1.712683727098464, 9.501361860968743;
  -2.000323672403576, 1.691108561596707, 9.909618732457201;
  -2.062143276095378, 1.595767054699331, 10.19492333869988;
  -2.325096721622666, 1.512711305903372, 11.71917492173693;
  -2.183172771347476, 1.548790691592412, 11.36114824044967;
  -2.241553180780742, 1.540153617023796, 11.69467977457494;
  -1.956549506736026, 1.654417799426591, 10.47153863689636;
  -2.130053259970826, 1.571434443418482, 11.31733621505469;
  -1.901737421504819, 1.675853444767168, 10.3629687776278;
  -2.056430572442854, 1.623272545489682, 11.15912186130419;
  -1.84747017696416, 1.701871831657025, 10.21984837664627;
  -2.25448841101629, 1.569884567960146, 12.50522895932163;
  -1.996563093336207, 1.659162629063993, 11.31860174793148;
  -2.112551877353537, 1.65728888215608, 12.0132586288804;
  -2.171904790695832, 1.491937757114193, 12.53162513468153;
  -2.336826338086673, 1.5559432342655, 13.51358600797479;
  -2.086472350079296, 1.620501069015592, 12.8610967330366;
  -1.943730803523606, 1.637500932220896, 12.06789269389779;
  -1.837352755304315, 1.672549591210752, 11.97428915509024;
  -1.716132560425212, 1.659057936610501, 12.28521133584811;
  -1.774864283525083, 1.655519154907734, 13.03330184228075;
  -1.779226853810477, 1.448597932848104, 13.06093996283226;
  -1.129239728592465, 1.66988502621949, 11.19434431172169;
  -1.315561219752267, 1.639723114140118, 13.20058687726155;
  -0.485227959099257, 1.731332147958941, 13.81735892794957;
  0.1813521022324723, 1.671884660854008, 13.68984735800834;
