m=[-7.072145081338506, 0.5103758352825505, 14.42012498197975;
  -6.864207329591026, 0.1795464399709263, 14.3995093774936;
  -6.740754178588045, 0.4276795942598648, 14.75874745425162;
  -6.664852819755374, 0.5919056259391133, 14.79427204387631;
  -6.465772715697324, 0.7468572735412632, 14.62390894821543;
  -6.706962493570399, -0.1460463864461405, 15.30000960078102;
  -8.332112940192793, -1.266215896502664, 22.64499799446308;
  -8.40889830803699, -2.696889644391062, 23.11396501363079;
  -8.233528633901337, -4.381743035600066, 22.7697446130808;
  -8.1489287451988, -5.169614782618433, 22.63618182653542;
  -8.616900370156486, -1.835999101029936, 24.12317834412649;
  -8.519252675248843, -4.804210091993115, 23.96948949281376;
  -8.640216638003755, -5.797756402117396, 24.71335019923917;
  -8.643131707594998, -5.007779467783312, 24.93676663435509;
  -7.24116208229416, -3.868563470934585, 21.23313288807843;
  -8.379564648062019, -2.699150110926273, 24.54708005629902;
  -8.690331970702847, -1.3551974137226, 25.4495541818586;
  -8.335223323705495, -5.887158801452141, 24.6163290985192;
  -8.394436475727391, -4.486852872133274, 24.77763341453016;
  -8.464670350392147, -1.332702143495218, 25.15091639978439;
  -8.440648869978146, -4.518621611670143, 25.21014766100155;
  -9.026436443530725, -0.7234661162534934, 29.66168514772048;
  -9.7536044354548, -1.123882160992278, 32.94026078929905;
  -12.01615026491948, -5.166547404010356, 41.11106634831898;
  -10.68923656770841, -4.505485636255749, 37.02000865851183;
  -10.97840071350854, -4.800940195933524, 38.48236749008435;
  -8.907680552179238, -3.250353124227217, 31.89295888999446;
  -10.23153614694632, -2.180878116354824, 36.60404517679407;
  -8.983151111114371, -1.645083476519067, 32.69755372759901;
  -6.053364790196444, -1.515920679661151, 22.76755927817366;
  -5.401016383132832, 0.9477457301895802, 20.76511872474463;
  -5.282678761737904, 0.986840633944155, 21.32728062136799;
  -5.594788123450972, 1.177851503623852, 22.74852391618834;
  -7.45074599306648, 0.1646919151917412, 30.57603920576057;
  -8.053217783983738, -0.6025096588051611, 34.14523972864985;
  -6.867974027147368, -5.154211621775786, 29.45295811097659;
  -5.310491100172023, 1.107838900658134, 23.19601746358022;
  -9.590545893568518, -0.6616881055875091, 41.80166271244502;
  -9.708430749737559, -3.724989836974061, 43.87383171808828;
  -5.047337261845833, 1.0283411869678, 24.47304400069423;
  -8.208675696090559, -2.767051985110397, 39.59533129861624;
  -3.845432054680247, 1.028260745275205, 19.33075808552586;
  -3.34057013433423, 1.275527073863563, 19.34169158739077;
  -3.243717675865636, 1.163074097536955, 18.93515956976527;
  -3.335663847343399, -0.02951937549634012, 20.08790645674635;
  -2.834592682578884, 0.663798739587147, 18.706583157809;
  -2.421717200096452, 0.6593698728520469, 17.75827589002752;
  -3.462384939697918, 0.2155697794058701, 26.55889542439392;
  -1.25589953665571, 1.505361803130785, 15.98066376744177;
  -1.394939861984204, 1.524513370256291, 20.76818669392012;
  -1.004349353632311, 1.438188215188267, 17.04874168847982;
  -0.1130735083762762, 1.526658298822887, 12.52786885904503;
  1.762560540668919, -4.205746347523408, 17.36415972016588;
  1.511374934600986, 1.462440213009663, 14.66701313324437;
  1.842644673645441, 1.554419030280134, 16.20487497416206;
  1.760166415132635, 1.163147048857855, 15.42814061308746;
  1.886478566036518, 1.514467744474162, 15.46494002700307;
  2.217626029331827, 0.9622128314209375, 15.69967086518339;
  2.305611092313629, 0.9829248429653962, 15.39721418327651;
  2.547460912650126, 1.540863014997109, 14.40849346453846;
  3.201961147925642, -3.989823741973761, 17.58291621669624;
  3.422960359430563, -3.336864541191308, 18.22915621011789;
  3.46128868401957, -3.620979522508764, 18.17479131854749;
  3.612548980628075, -3.494355751716629, 17.93068545501176;
  3.474941659775066, 0.8747519627189669, 17.2390992201071;
  3.537106139881778, -3.249892343108821, 17.27078647883674;
  3.544170414768947, -3.710469843095302, 17.21202359917976;
  3.328359184748304, -3.374656436240511, 15.46925827880032;
  3.699960760981861, 1.098863255613615, 17.1497944894197;
  3.280639486501694, 1.464176216015667, 15.19643808484141;
  3.104911948654171, 1.603989651991047, 14.25903543130426;
  4.514238452877362, -3.674818505078382, 20.01307413362391;
  3.457904201706907, 1.653077745684967, 15.4997129490156;
  4.848244017473435, 1.134990061219253, 20.93453179778875;
  4.691542649451374, 1.098305749405843, 20.25790129821163;
  4.405160284078917, 1.261458224422444, 18.98125072940192;
  2.888125198353358, 1.675060839013224, 12.63581609090898;
  4.005349716552983, 1.417352246047071, 16.9438523988377;
  3.599999916701952, -3.528512361280669, 15.11901890737518;
  3.385321841295525, 1.483259884214259, 14.37530431760475;
  3.479921249098434, 1.381901052869373, 14.3742487263247;
  4.801327981391879, -0.6893794632388719, 19.18397583193404;
  3.655243017368343, -3.331340331766485, 14.72454501662804;
  4.110468561940865, -3.499166587317483, 16.41135413260328;
  4.725033456363735, 1.042355652270294, 18.82230669163662;
  3.22759259971281, 1.610754660837174, 13.16560985573413;
  4.929543306865289, -0.8230109438595259, 19.18648017315416;
  3.894488938313631, -3.312138791838679, 15.30247516627256;
  3.592299497444643, -2.437769302015459, 14.20562222975128;
  3.939714299111237, -3.569440348948633, 15.33617075630993;
  3.573108202993402, -2.325933553376713, 13.97811985260255;
  3.974109920611917, -2.986324937546208, 14.9417033949242;
  3.957586926122716, -2.298143680948516, 14.87745321150167;
  3.517831473563438, 1.689643727743426, 13.28449896466067;
  4.833442493678556, 1.337169976736688, 17.76713886784032;
  5.565388091470192, 1.258149591413014, 19.97617927458693;
  3.805977501288742, 1.598325793197604, 14.00272459815195;
  5.081427039249893, 1.373296262034891, 18.27367508589839;
  4.156018097107228, -1.643613167926262, 15.01663787953291;
  5.63178931300487, -1.016464771680645, 19.88289439751022;
  5.458167125559903, -1.121270362346155, 19.20459803251107;
  4.209906139630451, -3.38322068282645, 14.91305154757473;
  6.112361275359431, 1.261570189784178, 21.2607348133007;
  4.088975465177414, -2.900203868486728, 14.42965219662185;
  4.726203162914311, 1.263707361236326, 16.56455499892512;
  4.053551712749896, -3.287634279312809, 14.16187160034773;
  4.131857676678272, -3.0688803418298, 14.36893072832064;
  3.261977280656505, 1.68537231680895, 11.6582632038503;
  4.785949458153905, 1.414566902016768, 16.52084536010148;
  5.888172197162059, -1.253566117995358, 19.85278272201458;
  3.767900071731784, 1.736446115120854, 13.0893352345583;
  3.139000515450203, 1.728283407829154, 11.0772203202559;
  6.037578984558286, -1.287967515219035, 19.85373128739855;
  4.176770074125936, -3.015644428819812, 13.99137342663943;
  3.287258277576185, 1.647481288294814, 11.20513800317468;
  4.149700663190502, -2.257525496387653, 13.74799944635193;
  6.316230808490826, -1.306731134545352, 20.40367050234063;
  4.174355707644682, -3.024063211490102, 13.61492578492308;
  3.135171890863036, 1.736497660073349, 10.54030237716309;
  4.636294289223607, 0.940730835134806, 15.02793114351628;
  4.889030885592425, 1.066193326560476, 15.7450870412028;
  2.948263909866592, 1.736525666690757, 9.905236677061565;
  3.376107026661524, 1.750096713682031, 11.14561020675937;
  3.460412534610571, 1.742811808308467, 11.26482390668662;
  3.555656974002008, 1.726129403048777, 11.54134375697061;
  4.653861793369918, 1.430697159891033, 14.70033029279706;
  3.175796675350661, 1.748390345394552, 10.37104944581495;
  4.775071559336577, 1.205073895769502, 14.96758999911006;
  4.937717565074561, -1.467218809814166, 15.23641841448057;
  4.718653026894602, 1.400041026902857, 14.65510740739961;
  4.826906199857977, 1.233189262296933, 14.75242837436548;
  4.960316127889739, 1.353946496435543, 14.96221849556054;
  5.032197121642263, -1.179045181987864, 15.01394906243957;
