m=[-6.550871695590507, -0.0533773452128064, 9.483403986584067;
  -6.640885223435007, -0.1245511896604183, 9.602408601710611;
  -8.036014766991391, -0.9238028582745365, 11.429542331819;
  -6.853433338031532, 0.1626998835590223, 10.17191622734713;
  -8.031126061963819, -0.8230795035316824, 12.06187071667395;
  -7.974444253838703, -1.889014438485813, 12.12219787223711;
  -6.252322800836514, 0.4518112568329376, 9.728944243547097;
  -6.283918316417602, -0.1319028233024238, 9.989979662803521;
  -6.021973995705751, -0.2778812263558053, 9.72627709670785;
  -5.955505847230946, -0.3235915078767092, 9.848094588010374;
  -6.536666854885588, 0.09000320437147229, 10.71139104914652;
  -5.970937459034819, -0.3695585102456157, 9.938192165175201;
  -6.039661125814983, 0.4368905231454084, 10.22875770802143;
  -6.007669699507389, 0.1608401143241301, 10.23102207498031;
  -5.932162994193726, 0.2665667965237119, 10.58929409247149;
  -5.810088414815589, 0.4068012763446571, 10.49344858795853;
  -12.79689970460547, -1.656462421345714, 24.87801763831491;
  -4.774416408126139, 1.506751501385812, 10.04679313163112;
  -5.698880369557854, 1.082471994703917, 11.80940770204418;
  -4.791244371796668, 1.47615503166483, 10.15899024270067;
  -6.30043136273632, 0.8021687281498925, 13.15917130218471;
  -12.5221722233589, -5.330175698151813, 25.33462468172707;
  -5.172064037242866, 1.292753576090177, 11.08832090249222;
  -5.155428117431613, 1.244621199038644, 11.0599724662265;
  -5.248503409690724, 1.191546286987059, 11.28275244817086;
  -4.921528806482069, 1.32995499705247, 10.64923969645573;
  -5.538927284189329, 1.06872753823298, 11.87925088338299;
  -4.950987930300699, 1.404584012113823, 10.74113258659141;
  -11.10225297527277, -5.066753407996205, 23.12945542062865;
  -12.04855411647722, -4.972188587231516, 25.08697974335686;
  -5.57771268948499, 1.030674144126651, 12.18183118429438;
  -4.59557943036865, 1.482495316274535, 10.22485023332584;
  -4.740745900411672, 1.474342245015818, 10.55915879605474;
  -4.807596932123889, 1.427648873414372, 10.71527445053153;
  -11.69235997179682, -4.908203553267285, 24.65565325652303;
  -4.884918618452495, 1.343336278336651, 10.92020934827685;
  -8.15124772297006, 0.5167941024456925, 17.6910680091626;
  -4.922584656627135, 1.249152162234323, 11.09360232499515;
  -5.345924234174014, 1.102444171967542, 12.0435348547407;
  -5.567565438299405, 1.053853954474548, 12.78768821981075;
  -4.840429546340475, 1.270411303389501, 11.29297884790552;
  -4.883684477399509, 1.470575634763252, 11.56742315390947;
  -4.971522177131019, 1.286902808077724, 11.85448662459958;
  -10.53321155571013, -1.910734141923985, 24.5222368577422;
  -5.816783109260224, 0.862622178516501, 14.06356960063399;
  -4.891815230330368, 1.331602931156478, 12.16862848385518;
  -5.088461489573641, 1.235175362742905, 12.63401616578731;
  -5.406711619071217, 0.9786987130887914, 13.7944704090413;
  -10.20626809161981, -3.378083261574481, 25.32951627858839;
  -10.25395677194011, -3.416933998993649, 25.48867073451261;
  -8.085028229307071, -1.95974827709608, 20.35563744984444;
  -5.296564085267958, 1.056697453806234, 13.68690341776489;
  -10.51274333809315, -4.612603324442602, 26.26531281343071;
  -5.268281157288076, 0.8905626552517092, 13.67577410589077;
  -4.591697722355557, 1.17872544048537, 12.10653252666172;
  -4.499523254500486, 1.520627182020476, 11.96379709186759;
  -4.855830928566758, 1.43820023368076, 12.85168376416135;
  -7.201926654336353, -2.369874751992722, 18.69402046896895;
  -4.865869761441984, 1.135391382271878, 12.96122716822258;
  -4.911764887138328, 1.292322159670131, 13.08038519009972;
  -4.985444782510322, 1.367966098174478, 13.29790174050052;
  -6.891158261356682, -1.776575924809109, 18.03114899681992;
  -5.236568128691532, 0.970257585273071, 13.96269385412289;
  -5.206348689052849, 1.065415880055042, 14.18498252583052;
  -4.850062374344607, 1.095609591015134, 13.28444753510082;
  -4.91336164718365, 1.419735497844599, 13.59680670354364;
  -4.892381521546184, 1.230334817477424, 13.68469231969673;
  -5.084371222602225, 1.035385141971199, 14.19766354139521;
  -4.847327927791759, 1.09863726447259, 13.70737534069396;
  -4.847055085596002, 1.170572416969317, 13.71747909636845;
  -9.472094234483617, -4.575195565009122, 27.0674433645698;
  -9.136656234873993, -4.761675247995833, 26.26382313982153;
  -4.558808017009125, 1.484963685233641, 14.00591222895429;
  -8.190006600638204, -4.51942173045942, 24.78744408820221;
  -5.905966931332448, -1.86796884569059, 18.25187936725945;
  -10.43789794109188, -5.449482590670288, 31.52393436083748;
  -5.732822158446919, -2.055064395840269, 18.29439478096748;
  -5.261668932449601, -2.238837273709598, 18.49638943594937;
  -4.380971817997606, -2.118658350066818, 17.68707361709232;
  -4.400165301933152, -2.096067455391732, 18.62432122601068;
  -7.497002869762854, -5.580629857726363, 31.15909086807372;
  -1.994912450483437, 1.709045755683433, 9.039164369189098;
  -7.567173068369164, -7.353739095490866, 31.7908516166703;
  -7.980640988640674, -7.927282497911821, 34.00655886452311;
  -4.754015184851213, -0.4503318977119525, 20.75468410070877;
  -7.513884830694247, -7.325504601500431, 32.72237823814622;
  -2.20858207189591, 1.61918284252923, 10.90450120677857;
  -1.750289912834792, 1.729713024127766, 8.964606919790452;
  -2.060259603749671, 1.702461189102969, 10.78333090679808;
  -2.137095140761824, 1.627678021397067, 11.80060353475543;
  -2.069827598022594, 1.703577577102202, 11.74136748459682;
  -2.395490972791964, 1.522128305244293, 13.992413314926;
  -1.913066714962146, 1.657957128616007, 11.39516189151245;
  -1.381705514888266, 1.710851844732724, 8.540852295215995;
  -2.083612101687413, 1.576887550391972, 12.47744603451684;
  -2.0541958118618, 1.695253292827022, 12.49345952490943;
  -2.000037790829228, 1.646175195964963, 12.55114122237519;
  -2.187371595916783, 1.518012114610822, 13.62423321070927;
  -1.503537436497566, 1.671250918643672, 10.07986326061245;
  -1.965819442954443, 1.69609026985838, 12.945471394295;
  -2.098019236791336, 1.605186354821564, 14.16233945414867;
  -2.2114483189146, 1.491082176413519, 15.07314775612703;
  -1.927105798519481, 1.590755449775053, 14.19153349598734;
  -1.763373938734527, 1.632037405741534, 13.27566369071838;
  -1.176556239466641, 1.710536340868227, 9.884888122548505;
  -1.477054310584965, 1.629883714455659, 12.22823881042544;
  -1.413445842526756, 1.609241699767625, 14.64696052662592;
  -1.445155017065816, 1.603593113431754, 15.40757505266768;
  -0.8999078689187604, 1.639821799504243, 11.42757139953577;
  -0.7188055567992363, 1.628437739185871, 11.48253769182874;
  -0.6261360878907126, 1.617924678293551, 10.73736636563808;
  -0.6106855597625828, 1.614335616385756, 11.01924698696914;
  -0.8354474410518507, 1.586247525088361, 15.3629301651439;
  -0.5083726803966729, 1.64655032356976, 11.6902549854778;
  -0.3511241232118969, 1.483929464124767, 12.43235121137012;
  -0.4328094916282155, 1.678616112656385, 15.82308117936538;
  0.152739025904707, 1.596842881540306, 9.94510366664915;
  0.2178284048757755, 1.632865729839881, 9.392334876154255;
  0.4649802647930226, 1.54757346991355, 12.58205577619283;
  0.571289622399353, 1.575100011815015, 9.757132305269005;
  0.8088255776556705, 0.8172999619067422, 9.263667442843486;
  1.730838547354309, 1.077627729522547, 10.15909463324305;
  1.774884971531973, 1.572449096578429, 10.25831036299694;
  1.825234383855581, 1.269625459007679, 10.4677521160625;
  1.807637858814321, 1.384328320170482, 10.27883026963523;
  1.818572730080458, 0.997786345286378, 10.23657970463085;
  1.81289287777674, 1.625384875371262, 10.20913626109289;
  1.827460077158209, 1.200310579722592, 10.26336028323289;
  1.815495345618315, 1.285471730353576, 10.1860562643885;
  1.853005324272227, 0.908737658597447, 10.33676058999962;
  1.846406168671569, 1.340190418909353, 10.13075502382225;
  1.864096906463313, 0.979236301839297, 10.20611009235469;
  1.865827707437993, 1.500695809369417, 10.04033822248228;
