m=[-6.723982160569408, -0.1128674113922462, 10.13568291361545;
  -4.89225727046454, 1.255405164426577, 9.543694951393785;
  -7.862594940561899, -0.4793787366691003, 15.78136585727979;
  -7.946815115690429, -1.204916242081745, 16.2134264923027;
  -7.991784360164596, -1.422907876504129, 16.40643172249541;
  -7.807101126668132, -2.491838723787563, 16.05869638855677;
  -7.592570183778379, -0.4250447053918425, 15.83905736789849;
  -7.852357189012839, -1.422039951278437, 16.49511967755164;
  -7.306528015815461, -0.1799826876849721, 15.50150924502497;
  -7.71822678121767, -1.768643890891286, 16.51078759558083;
  -7.221367148910294, -0.1194265312987888, 15.68769338351568;
  -7.08334230915286, -0.2094477163373658, 15.68186516726909;
  -7.019426072790863, 0.123029452983915, 15.63010628192185;
  -7.834811759080884, -1.233707338040034, 17.70079361176394;
  -7.844622788725714, -1.245616668334778, 17.99226928098384;
  -7.586463438691757, -4.023282701752015, 17.3941832565455;
  -7.87060891379922, -4.305240721037461, 18.12512335504444;
  -7.870440793909206, -4.317083842772001, 18.13033552642329;
  -7.682122689656881, -0.6568780520153772, 20.16429774603357;
  -5.098956517443604, -2.37821241354369, 14.30762031876658;
  -5.326668759021715, -0.9691413870834574, 15.22497393704908;
  -4.966513568876635, 0.8077920379376314, 14.52412416163983;
  -5.363412901521337, 1.074079169532441, 16.46512575221723;
  -8.357906839812689, -1.826008079881444, 25.86735633242249;
  -8.433093093314835, -2.18007492941045, 26.16545677164002;
  -5.004313162785989, 0.9915410527161058, 16.47280329988061;
  -7.904845003059625, -1.9309738672641, 25.52276046709085;
  -7.886897847015095, -2.374884913520071, 25.65538431038688;
  -6.814796900679015, -1.141096700355779, 22.54285420713081;
  -6.470630628560653, -0.5564689842777608, 22.17737085813878;
  -3.74617341323843, 0.8702411841997284, 13.37520330583288;
  -6.585517817202396, -0.6638841498699283, 22.84210647737343;
  -6.653478813449474, -1.111530577932159, 23.16409344745469;
  -3.698962884821354, 1.008074651758658, 13.43324751435999;
  -6.885630437996616, -0.6439390516411917, 24.74532377861247;
  -3.223863482557607, 0.2425004050173728, 13.01018315475257;
  -2.703752018543352, 0.6002663541616478, 12.41747238455803;
  -2.546237488843862, 0.6481138575369494, 12.87318806572536;
  -2.581925688056794, -0.2011356419241309, 15.42478263244705;
  -1.99896542775903, 0.02412309265539931, 13.47972059552022;
  -1.972098289372693, -0.003261394733620008, 13.73937205607195;
  -1.906198424881772, 0.5916525100607297, 13.96706161089718;
  -1.915606608092568, 0.5252878702321381, 14.55352242974418;
  -1.976727132882988, 0.6235984780183967, 15.16905349633885;
  -1.039961511404364, 1.372091866395159, 9.844914753107853;
  -1.083501765889147, 1.52485462498201, 11.47942877906509;
  -1.379398617763508, 1.354497685433691, 14.39217921901003;
  -1.18482756887092, 1.141647711590399, 12.88156593563834;
  -1.068061725922582, 1.402434862762524, 13.49197422844255;
  -0.935565170188866, 1.411641795651198, 12.67731180591858;
  -0.6814755560817163, 1.390501657116942, 12.61009920212665;
  -0.9325966062641127, 1.341898507872068, 17.44796457577537;
  -0.8689500824495767, 1.380394262654918, 17.75136511848291;
  -0.8295776580034595, 1.251045080297959, 17.15846983306233;
  -0.6243619301648699, 1.372701432513161, 17.77964096832456;
  0.04037963633533813, 1.50185535290515, 9.204372775034694;
  0.1665183017321675, 1.416677733917794, 10.03232285953748;
  1.599828374542784, 1.120904054577747, 20.14305535386771;
  0.6021692527194178, 1.453157470492313, 8.120135249523525;
  0.6575199301572046, 1.473378484967848, 8.633041046174521;
  1.494810609668183, 1.244331814809447, 18.33442634823465;
  0.6868978878107348, 1.450845019088558, 8.78055264519241;
  1.549461021833207, 0.6298321888774421, 18.02165703021045;
  1.615565096393269, 1.101301658262684, 16.58534317565293;
  1.830635574365164, 0.2034935276469292, 17.68963341036059;
  1.772199728524079, -0.07245498469959025, 16.9946329729861;
  1.505011740845779, 1.054002363697509, 14.5570562581149;
  1.889782769098885, 0.05226668762771163, 17.6720364801475;
  1.558171873294358, 0.687051428039702, 13.50339762190411;
  1.806748761473379, 0.2321940205123717, 15.13160647470698;
  1.437499578277296, 1.35027824321388, 11.83647539899642;
  1.580780739380363, 1.232151107801, 12.94108801715986;
  1.563830285221871, 0.6972195511227387, 12.72723377530948;
  1.861664693015699, 0.5175244319390046, 14.64256210913816;
  1.463981357743618, 1.250985700279456, 11.62514202716512;
  1.480241011021947, 1.118117844077766, 11.71696916391266;
  1.512804754576735, 0.7679306429054905, 11.82184806639928;
  1.514194977484419, 0.9943224760749133, 11.78689111738347;
  1.491523255473098, 1.183858042423181, 11.50471546450465;
  1.456647735403363, 1.304369180827479, 11.22816196212979;
  1.471763152889307, 0.9963843917088585, 11.27607877821359;
  1.493054865068658, 1.427202880775891, 11.34115185529935;
  1.581752139517533, 0.5214963801072523, 11.92539638746998;
  1.735321215414425, 0.4041294700633394, 12.9856934094023;
  1.668359303364472, 0.9407642146229486, 11.91061241301241;
  1.599857233227441, 1.464886339419035, 11.33203133694042;
  1.598108519224625, -0.01679034699122083, 11.27307553308271;
  1.609071355101587, 0.7303080240345499, 11.13751640231417;
  1.696176623809896, 0.3693427991751946, 11.65208226737444;
  1.726256419916382, 0.1806084983769579, 11.80569730034278;
  1.679784972991304, 0.4562862334135173, 11.4296393346311;
  1.6876838494458, 0.5397547078642502, 11.3132623653979;
  1.54521368621219, 1.498087938283976, 10.35560735158912;
  1.725907631119775, 0.4998182759536463, 11.43382048340173;
  1.727281207866107, 0.6444122091495743, 11.42397041239989;
  1.773413185558626, 0.353880508224675, 11.70084601409455;
  1.702852017413492, 0.3879962227555902, 11.14565236246038;
  1.762233806122517, 1.483435363161617, 11.15291970485111;
  4.419776170429809, -5.449148650834194, 25.13057060229871;
  2.883385888965294, -3.415769417048344, 15.68051450076623;
  5.747948783919768, -1.601281035578142, 29.76262515056631;
  2.814226281891799, -3.360441438670148, 15.14016010533841;
  4.590249726694891, -2.86607797929139, 23.39704398876095;
  4.427202847718376, -2.002487891900544, 21.94814635880562;
  2.107824182932742, 0.9322447261273396, 10.83045167332555;
  3.12187662207877, -3.169997653346281, 15.64422010502998;
  4.225578422031296, -2.29302592686148, 20.43618519114862;
  4.337454476200368, -2.228216628630695, 20.8526127792276;
  4.640393916937984, -2.681025150282531, 22.1227826979627;
  3.320728768945406, -3.274158092083283, 16.06132276708844;
  4.764529821736746, -2.060527400624888, 22.42319032074048;
  4.661685008102656, -2.378238868509304, 21.87025731773397;
  4.710656263593242, -2.906870278838669, 21.72785024545424;
  4.907456525744339, -1.93148313750641, 22.47516587430918;
  2.311030322067529, 0.9421618822714329, 11.08499538062667;
  4.684035875644802, -1.752947634070362, 21.40397877963479;
  4.85962537310373, -2.743023788478873, 21.8640444875718;
  4.81365898878197, -2.366967161397974, 21.44050390793905;
  3.453225243582954, -3.111941790456267, 15.50280057034358;
  5.267649335031853, -1.691768268235265, 22.97286862877046;
  5.00349038203804, -1.40335986497998, 21.48303599840092;
  3.748360541489644, -3.844283054157422, 16.27309742501742;
  3.533416280351347, -2.272051992145968, 15.25765947571386;
  3.694194989170815, -2.087964124572479, 15.88461860352859;
  3.581373194812333, -2.210415116340875, 15.40509939879493;
  3.385783129260767, -3.26503124583074, 14.59419181433847;
  3.778215894549897, -2.167992116039916, 15.89177068081718;
  3.828675115553824, -2.396990452061965, 15.98458176914165;
  3.862225861587077, -3.777570304239787, 16.14288051558776;
  3.893704855315445, -3.223926056276185, 16.281027885498;
  3.79593613614032, -3.07963425435264, 15.83120810005368;
  5.426680744109179, -1.428810683469453, 22.01698090663962;
  3.725865282512853, -2.03469185295968, 15.42830913491905;
