m=[-6.683470636803206, -0.1219339401449246, 11.06597197418386;
  -4.868224064660861, 1.239107118993318, 10.48563297629936;
  -7.685134143876975, -0.4686207115203911, 16.40232304848976;
  -7.864329238958578, -0.2765747231641135, 16.94926601482535;
  -7.756853655133932, -1.175162007612247, 16.81258331653872;
  -7.82534900060367, -1.393505271410025, 17.04307510958975;
  -7.805332543307848, -2.331822002682952, 17.03807002883987;
  -7.4349364610087, -1.714872890763088, 16.89009728216297;
  -7.872397779180824, -1.648569036766609, 17.83183960996017;
  -6.773007820561599, 0.1188939499714621, 16.0575386648744;
  -7.838391757024137, -2.512652559174435, 18.62212171285086;
  -7.832938181333029, -1.228752497548445, 18.66709115116752;
  -7.960074551103335, -4.211469416903747, 19.01602481132141;
  -8.404920863635628, -4.448971270716432, 20.11280402449583;
  -7.797862489236501, -4.131271388320603, 18.8595660117739;
  -7.934461553203409, -1.253812836397369, 19.16661653543491;
  -7.53578955432543, -4.116659130306006, 18.33451166556262;
  -8.086201704780498, -0.6838535749902855, 22.17886024359197;
  -8.107718407482663, -0.9519597308577416, 23.16381931538691;
  -4.968293326637149, -1.466117596461795, 14.88249066939062;
  -4.901151353897669, -1.574936138078463, 14.99798357271235;
  -4.900241475708395, -0.9039967680413668, 14.99423115266084;
  -5.313506819221001, 1.065461606933389, 17.27662069434121;
  -7.671540121368136, -1.641539198970888, 25.44309581872296;
  -7.838848135164656, -2.350241140943695, 26.44026853809686;
  -4.951432009054543, 0.9855538238651644, 17.26362262736343;
  -6.602549197725737, -0.5594726987486213, 23.56930025974141;
  -6.542623265978862, -0.6485906664362765, 23.63155684607931;
  -6.16730007846733, -1.018306649669069, 22.4156501390138;
  -6.980564600141761, -5.010755075824668, 25.58626377499463;
  -4.379608395569393, 1.092523423433291, 16.43253256991043;
  -3.731783151661679, 0.8840577075155272, 14.30847583971132;
  -6.661684884835327, -0.596610798855807, 24.86036092727996;
  -3.613649214772104, 0.9912439535595751, 14.10532478713224;
  -7.274546207687981, -3.700495180547026, 28.68958179103302;
  -7.664491751150917, -5.088280954400403, 30.29557720062387;
  -7.275355663259331, -6.379468150649661, 28.94056524700384;
  -6.900030785863407, -4.561549119133382, 28.36263461196657;
  -7.671351969555571, -6.749798560223464, 31.69207206191626;
  -2.743193190507659, 0.6047004957157093, 13.57284974404985;
  -1.03777626206105, 1.453263118269826, 11.94762162948732;
  -1.077115850162852, 1.373270218356808, 12.83947022886533;
  -0.3474899071866563, 1.408960330304611, 11.9022053912069;
  0.6447661682804043, 1.452581430621867, 9.511035241085118;
  2.550739930945876, -5.657607078923997, 26.6433928059324;
  3.208284873457238, -7.183948517871348, 30.45020997343723;
  2.888900922338475, -5.505628189291245, 25.65053411030162;
  2.877160739934907, -4.937368384629486, 24.64981261679066;
  1.614815511526282, 1.279623190782743, 14.31670735222093;
  3.290384400347279, -6.346559642127716, 27.669709550627;
  1.513577957910714, 1.296345078704194, 13.03089363990985;
  1.563873959884832, 0.8026539317340418, 13.26260685655372;
  1.534929043202088, 1.017868486808033, 12.99386717936034;
  1.5643636498274, 1.400485375802738, 13.05366705989721;
  1.559563376056273, 1.057855332740922, 12.95818761447888;
  1.45993195202142, 1.400257873615088, 12.10891425497334;
  3.618589903773079, -6.867694448714084, 28.39682055762122;
  1.670960367274707, 0.5561058842195567, 13.62600315804391;
  1.609792735500714, 1.475632367237159, 12.40748430111504;
  4.057018459409421, -7.074207719479616, 29.66743930790522;
  1.868180165025308, 0.1859688654798874, 13.76421334705694;
  1.72273672893898, 0.4686289632827779, 12.73084696064005;
  1.592077513790164, 1.551994169928737, 11.70106285828759;
  1.809164462682922, 0.6729980850012436, 12.96382616097551;
  1.797550577688079, 0.4113889710324526, 12.7781400201641;
  4.016968544722696, -5.583735698008387, 26.92223813117906;
  1.759130795103065, 1.485040258083428, 12.14811149196586;
  1.828038613640163, 1.206805409000505, 12.42280980621509;
  1.986053010345346, 0.09974297068938839, 13.23628173312519;
  2.792182520787296, -3.168911068814522, 16.2991916647526;
  2.885869918900279, -3.525956949996887, 16.45123122611384;
  3.112193585099112, -3.302017127641535, 17.2925717968689;
  2.257818206862856, 0.9526147061870155, 12.42299929888991;
  4.479603453357406, -1.537913263669523, 23.33175811993718;
  2.307411192515753, 0.9915508225154792, 12.45929156850477;
  4.522722784379671, -2.02440018374411, 23.47981682408708;
  3.163287486899044, -3.118929880208555, 16.33513175093989;
  4.535023557711155, -2.433086082551378, 22.96750664421746;
  4.260567137839358, -1.688732275761368, 21.54291153953949;
  2.459501382580603, 0.9970734637106483, 12.7867336189183;
  4.718180493678128, -2.384218330182151, 23.18282601668126;
  2.407208603708801, 0.5816339825089831, 12.25641151680662;
  3.723831850248639, -2.672910200217763, 18.40169782311699;
  4.839857387446578, -2.966627502021695, 23.37136301671055;
  3.328084324557851, -3.805344235208525, 16.25567199787045;
  4.841957084655214, -1.889527346745911, 23.23282698132318;
  5.463002353130279, -1.708946244188814, 26.08139280035509;
  4.677371477468004, -1.730777614788073, 22.42760183842574;
  3.404282494965526, -3.153717546297933, 16.3541675348868;
  3.533900770593347, -3.174997820774401, 16.88302652282857;
  2.501184998032791, 0.9825253834951306, 12.10716200744544;
  3.700635038598256, -3.713396759876457, 17.11624852394369;
  3.204827930319858, -1.981077501297421, 14.81604985897081;
  5.216193955230101, -1.442501528396328, 23.45780553231514;
  3.773878759097355, -2.163967324948285, 16.90929331348564;
  3.660780302120799, -3.704773471237894, 16.35029970184252;
  3.62944526079237, -3.551666322092303, 16.20488972514695;
  3.729844790606284, -3.010493269369731, 16.56146278897115;
  3.899058567590382, -2.653829419808552, 17.16872680408361;
  3.726432624502883, -2.028239428893969, 16.45627205644039;
  5.484105818229383, -0.9163263564105398, 23.4392622015858;
  4.813438556044869, -0.1422201887562284, 20.41060452937654;
  3.744719645136964, -2.894390452296203, 15.98327867871341;
  3.739622082842417, -1.989808482346403, 15.86435972829712;
  4.562849103381752, -1.583016836196848, 19.03113281211395;
  3.91941854461853, -1.703997512246772, 16.44805029828329;
  3.960971931496104, -2.63441557430402, 16.31517520355572;
  6.144647664583779, -1.643769578863789, 24.73457231162738;
  4.165897219738709, -1.834590446757997, 16.9787757950407;
  4.058098968532481, -1.973976748356194, 16.22706251009093;
  3.951662284859893, -3.097289288160559, 15.79313389482798;
  4.169716535856148, -3.003788390010163, 16.62591414885741;
  4.098428083163883, -2.873455921811917, 16.35633412214722;
  4.060482150437656, -2.454740507212652, 16.15260999739562;
  4.628620308644961, -3.040522927646816, 18.15218312590335;
  4.053016301619548, -3.064900185729545, 15.95813442748481;
  3.360968840951286, 0.9966572954232499, 13.38929044814032;
  3.325701605400055, 0.8271784222956695, 13.23975710603087;
  3.461385854221206, 1.19183192284209, 13.23544199362881;
  3.365027256157627, 1.029596958547294, 12.92008712651827;
  4.400880725537793, -2.889503275181068, 16.19370295008252;
  4.94821670993024, 0.4632221085694147, 17.87416214008678;
  4.600891584936369, 1.184857682554726, 16.56979697320507;
  4.970447176233082, 1.069164599561082, 17.47687774855353;
  4.805333365895196, 1.176239127580972, 16.82720629990201;
  4.505883675782187, 1.214431438095103, 15.82282695941002;
  3.010177508989866, 1.585744330870798, 10.82349377197835;
  4.855231946086612, 0.9950833907579931, 16.71260389474311;
  4.901792611388616, -0.8147445616497905, 16.83015439455646;
  4.840871240709401, 1.207986876423977, 16.59321187979416;
  3.25768617143598, 1.411890691790948, 11.37387043832839;
  4.898494940578527, -1.391554692425751, 16.38095561541733;
  4.965719414127523, 1.263590913772827, 16.36049388278508;
