m=[-7.631969912950359, -0.1924302498890236, 10.71553956243261;
  -7.67876318629093, -0.180040417592018, 10.79767334974163;
  -7.556449279790476, 0.06101161192688764, 10.65709663705619;
  -7.537383467193893, -0.1124076039297301, 10.64672701482346;
  -7.455346618393953, -0.06209471571840476, 10.65969800417064;
  -7.523185484176592, -0.1892224445234738, 11.01269811651854;
  -7.075642496218167, -0.001323752115309876, 10.57541412061193;
  -6.801818936928225, 0.3601046074146926, 10.50499892842241;
  -8.129011900448196, -1.160147407314726, 12.91406093893813;
  -8.03951274614967, -1.245952432029373, 13.05732432647033;
  -7.726399842731591, -2.261935694201323, 12.91675786401994;
  -7.805691019395233, -1.186139517254095, 13.06647917789507;
  -7.856380010945177, -0.9889177670264442, 13.16633526250061;
  -7.643437735074956, -1.074308723318546, 12.99350485249272;
  -7.739772531298014, -0.9721767154177636, 13.14733274797977;
  -8.095851814492418, -0.702854247038385, 16.9704058868322;
  -8.395463868693923, -0.4290963872371168, 17.65293730662081;
  -8.479738865220412, -1.106268176208382, 18.27544965909145;
  -8.298672960050498, -0.6186068804540008, 18.30834892003162;
  -8.119112204575743, 0.01413761256066244, 18.33295706549723;
  -8.028825420590426, -0.6222454072463911, 18.28040742178787;
  -9.248166743223896, -2.538532023969069, 21.31362180566371;
  -7.452305282345421, -0.8338012784481392, 17.36200365674281;
  -7.645983885480655, -0.516771611156615, 17.93295509032588;
  -8.288769631089005, -1.208701560403957, 19.38167702003573;
  -9.048924173604515, -3.226551550384911, 21.17680690664531;
  -7.543048043949262, -0.03739402130550505, 17.80721513428243;
  -7.38327952133625, -0.866864778913678, 17.5080196771271;
  -7.470635577411584, -0.733898241818313, 17.74530965056851;
  -9.037162484670049, -3.613474671263393, 21.29889144940468;
  -7.556737800222311, -0.5342338576734819, 18.00550968601204;
  -9.201922711249905, -3.165583427067816, 21.75409085926033;
  -9.567840316437096, -3.456009523942357, 22.78603550607398;
  -9.691614305318671, -3.724620623714142, 23.10089434278549;
  -7.491342347564452, -0.504616710701979, 18.18825096940516;
  -7.266925775087955, -0.1752707149844253, 17.7002941904572;
  -9.636995384026147, -3.367231822753516, 23.20900385196719;
  -8.904938666379392, -2.771539083723822, 21.52237647645605;
  -8.845341466143871, -3.624931714158727, 21.49568035095192;
  -8.6178107445091, -3.634157787863288, 21.11374433317469;
  -7.030546268006382, -0.703468000185134, 17.73302861187285;
  -6.9991092809058, -0.7580283847037038, 17.83486003833527;
  -8.635555298377993, -1.472066609654884, 21.76750805564774;
  -8.19709310346788, -1.757511688461585, 20.79623111250184;
  -8.127723796897412, -1.475959357788971, 20.76607887594906;
  -8.156155825368721, -1.433986713512408, 21.10951130398157;
  -7.984940202267152, -1.713644593242213, 20.72885066611798;
  -8.77391387605838, -1.432191671556615, 22.99235973412381;
  -7.972142936460672, -1.408024966140481, 21.04350226255922;
  -8.091551994317756, -1.926670040174334, 21.35701305137496;
  -7.693375127083171, -1.526849007592918, 20.74557674154173;
  -2.503826940332798, 0.8239346804101703, 7.443330608623448;
  -2.517449298830927, 0.8030853785398516, 7.527657803569842;
  -2.4777342940193, 0.8771527369810142, 7.435613607527515;
  -7.76273364242951, -1.99602987874618, 21.138423854648;
  -6.436183708624772, -0.2330262340154384, 17.76573430474541;
  -2.450720015712467, 0.7990860009070671, 7.484787947788742;
  -2.451381671656077, 0.671559884218357, 7.492748368734201;
  -6.298726735134516, -0.724543856154774, 17.67976340501298;
  -6.410308449030103, -0.5863485353451268, 17.97982848942038;
  -2.452540951528829, 0.8921055342621678, 7.510364102582206;
  -6.332774672832136, -0.5502260852735208, 18.08156161847744;
  -2.399451245187754, 0.8545421266278608, 7.504843064823007;
  -6.096957846804311, -0.08089214568677504, 17.69313042475751;
  -7.253753531176615, -4.871029011151997, 21.09328190088099;
  -6.963058722623349, -4.762469692140389, 20.61649945701992;
  -2.284439167955897, 0.9114051937891824, 7.503645064189256;
  -2.272365620472015, 0.8273747999142695, 7.512288657730101;
  -2.233411893464319, 0.9206604761005287, 7.496072121401388;
  -2.737261311456936, 0.4592696923643989, 9.488164738679719;
  -7.402584696513895, -2.522530773111074, 23.96250892234995;
  -7.408935566512094, -3.438178271120359, 24.45698898848261;
  -7.29817901649199, -3.393096982989321, 25.31826254834987;
  -6.948545106928012, -5.762587577854029, 25.35058790356489;
  -6.254314300449262, -2.120473528883605, 23.77557634407327;
  -6.975574024004325, -4.90691079072815, 27.84515527534437;
  -1.721612685683818, 1.393209880451133, 7.925605013114812;
  -1.736019929074326, 1.291873443734845, 8.066381742767154;
  -2.032961771469256, 0.3293894587715477, 9.289538939118469;
  -1.796523458405379, 1.240309159477785, 8.993110251844289;
  -2.318759584884307, 0.2066487062824722, 11.4009198291877;
  -1.787169486664173, 0.3461384702737518, 9.498771492851436;
  -1.857841104885288, 0.5709997365346811, 10.02535708675703;
  -1.892804968163103, 0.8726985265979773, 10.3217677314726;
  -1.671480581581612, 0.5584572218825715, 9.583472349531339;
  -1.834778377305007, 0.2943816039881245, 12.41217647447875;
  -1.385387642876016, 1.689522444722535, 10.0174919456268;
  -1.715747593550736, 0.5482735205878976, 12.57101900383238;
  -1.623123425191738, 0.3415641755340576, 12.26912554678051;
  -1.565576442305202, 0.7775326253850501, 12.16031132626602;
  -1.530400762964295, 0.8125498105991716, 12.01620614720968;
  -1.632327271528895, 0.6314490596481474, 12.84902428366383;
  -1.598152060896124, 0.568902536047963, 12.83918303065118;
  -1.493300375816939, 0.8712949339228432, 12.2324618482775;
  -0.9864095282496685, 1.669331681510835, 8.546654070713576;
  -1.427994745382125, 0.8217461085323378, 12.77567227985897;
  -0.8141325850220268, 1.599776726774804, 11.29861742510459;
  -0.5565724749115384, 1.606578114935651, 8.383366986536032;
  -0.7718912753859882, 1.632362701139964, 11.64173089833865;
  -0.7693293819391873, 1.575672762518007, 11.58370466322894;
  -0.743945553689775, 1.463864838151749, 11.39466376967934;
  -0.7490108559171695, 1.594726346852984, 12.50177553049934;
  -0.7239867071394097, 1.555711766479064, 13.00716495338915;
  -0.1149796543440243, 1.597157858478277, 12.37266109231355;
  0.6386255133337677, 1.625632794572423, 9.994662653955066;
  0.6949593035399866, 1.571990018865166, 9.661282154762738;
  2.103870639683295, -5.789496149835491, 26.77134604856845;
  2.377384415368514, -6.277630254763191, 27.79861285170854;
  1.969564914916989, -3.678707601427901, 21.99528327529089;
  2.013769214669007, -4.750071802849083, 22.4946547970615;
  2.153833900658014, -4.544119651948582, 23.90722705305035;
  2.497240611340181, -6.238276200528516, 26.82705627407662;
  2.247904319455767, -5.034168275456096, 23.77284744266866;
  2.370141886564318, -3.955430161044384, 23.68858072782557;
  2.239867934873739, -3.98304586980922, 22.20740442663219;
  2.386505068532223, -3.954255473139012, 22.96947282316223;
  2.48054164198311, -4.485568378455223, 23.56531266859226;
  3.053309854164668, -6.816501642675685, 28.56050972295697;
  2.521121977221379, -4.284771650179962, 23.73070161880404;
  2.660452529886253, -4.750902405210726, 23.89800649652593;
  2.483306716179541, -3.687675974823687, 22.28835161894277;
  2.864503713526088, -5.559694620399439, 25.5204500038833;
  1.598472879899192, 1.560476496999268, 14.31212117009773;
  1.774105996582895, 1.545842175795792, 15.64046231937172;
  2.672168377480381, -3.364312033938916, 22.77088557410404;
  2.550730309251722, -4.433344974703957, 21.22614552751633;
  2.93251572215782, -4.388521300758264, 24.44336323710517;
  1.631224601516299, 1.645131267534802, 13.63545245693974;
  1.710783070978276, 1.261292745617108, 14.18101583557106;
  1.916709181296729, 1.235885696170658, 15.69453181475813;
  2.954973059151044, -3.611170425242055, 23.56436601405108;
