m=[-3.522473583652517, 0.2309652193153714, 6.581775004219127;
  -3.485321571515537, 0.3058243742019328, 6.569569183869446;
  -3.459414133907093, 0.2843536154866394, 6.577356812115159;
  -3.296448394790701, 0.2621459053866393, 6.681137365954863;
  -3.24590915937342, 0.3406790536229651, 6.671543914267144;
  -3.297874610064996, 0.1940866380042673, 6.766820656355052;
  -3.201003893673492, 0.4180493299621693, 6.697567735998097;
  -3.344532849385898, -0.01793208424021483, 7.075118824933677;
  -3.947702505162598, -0.5253758113644692, 10.14770909611758;
  -3.986818533861991, -0.5739014985330354, 10.29000263158748;
  -3.966397141293553, -1.188308786919433, 10.30905582806008;
  -4.087659745368787, -2.207339227147371, 10.8775224638593;
  -4.081454137363751, -2.262602271127958, 11.149785543043;
  -4.053565260007837, -1.21994649823015, 11.25273468702175;
  -4.016691656103995, -2.469465991345848, 11.16984620549886;
  -4.02386770633295, -0.5487771829360839, 11.19301013207668;
  -4.045146268721234, -2.065402757623708, 11.3066758999814;
  -3.969617717280299, -0.5465274576206448, 11.1969090122332;
  -3.95273071940656, -2.020964606426079, 11.18639599205111;
  -4.149799897769062, -0.2500370894827668, 13.01738562399322;
  -3.327592161083157, -0.3455821778051331, 11.80435205632229;
  -2.246208197390827, 0.4667957029323983, 8.544647387193306;
  -2.69142471130319, 0.6238367594790881, 10.34377527869776;
  -2.488919082412604, 0.5746235351693003, 10.27624419869959;
  -3.534995032857299, -0.182959949569018, 14.32894071744081;
  -3.828081543435614, -0.1914653890724878, 16.0380997556866;
  -4.139920675409186, -1.470016201520755, 17.94940256544281;
  -3.75504927689175, -3.214352981998057, 16.37066841379658;
  -4.213277811812538, -2.00659233567456, 18.43768038134415;
  -1.839220319667716, 0.5288255618673831, 8.643374861383572;
  -1.753309812734447, 0.6051834484705139, 8.511471660293948;
  -4.167169178427048, -1.990774698492541, 18.93768853564212;
  -3.677630957465873, -1.129976306332871, 16.96470330199855;
  -1.689317675558535, 0.4811234591028346, 8.397267765833396;
  -1.582292660633054, 0.6462486528937378, 8.573008946156142;
  -4.145417055484894, -3.202466769824874, 20.92007721034489;
  -1.51808356585905, 0.5861164079281144, 8.283218930421016;
  -4.171684376052126, -2.970292243031721, 21.13046520229734;
  -4.07202020152718, -3.246444981417802, 20.91344971933555;
  -3.754534263732107, -0.3166167338850943, 19.44924795252536;
  -4.022030562152651, -3.075747724816726, 21.07743973749589;
  -3.488858845868957, -0.1621890913196512, 18.63225262644777;
  -3.641186688799696, -1.469333043709869, 19.49129364405382;
  -4.519964007648512, -3.148799193399875, 24.25342005295353;
  -3.284515899946761, -2.685198880358148, 17.72434979733108;
  -1.318057604859455, 0.3495332921022145, 8.099074919483725;
  -3.900684370610317, -3.651862040820697, 22.76259000844226;
  -6.547415410125256, -7.776722640489184, 37.28037887241498;
  -6.59275160361845, -8.911149435432838, 37.66475216378484;
  -4.282639086325398, -3.11930562166285, 25.15742623363574;
  -6.911957647996154, -8.909624003954097, 40.0984143238326;
  -6.152347920977365, -7.923483637998282, 36.71740590349094;
  -4.634227486079285, -1.319526074668909, 28.23515392650675;
  -4.625641198619592, -0.5984879058358472, 28.1903429197647;
  -4.542675334628268, -2.548215289163152, 27.90216089407947;
  -4.303879440093522, -2.823339788519819, 26.63339029303253;
  -6.326350046204599, -7.683455627129895, 38.82373597083748;
  -1.21443475287979, 0.3685514187951176, 8.249669295039546;
  -5.34296146684299, -2.591042180219449, 33.18914430808129;
  -7.263867221619966, -9.512495300775113, 44.66976715024012;
  -6.685745124754968, -8.218540366117214, 42.55180652157202;
  -6.404883766170202, -7.723217054917662, 41.11996957964389;
  -4.333870886948599, -3.733657450237282, 28.3910113907012;
  -5.262606361589936, -6.949254039196911, 34.86297519062669;
  -6.203308523760809, -9.176131233881502, 41.14155154634334;
  -4.179212798829738, -4.68452032530139, 28.45847770904334;
  -5.606252672407794, -7.173296408997629, 38.38405965937822;
  -5.205694325812087, -6.766926849657471, 36.75356133435025;
  -5.389696265933631, -8.413430864706127, 37.88007456261143;
  -1.549160456261776, -0.01275651915920409, 11.60513103737097;
  -5.466242135935159, -8.347584728330393, 38.91525756763329;
  -5.113775254314795, -7.378210387295003, 36.51142561458048;
  -5.139005907382058, -6.770861794981309, 37.18647532431626;
  -4.865550051955203, -6.882419023678645, 35.51830910430326;
  -4.975569418235989, -8.330755349206198, 37.38131419553267;
  -4.389548319087814, -7.988167880775391, 35.52281487358108;
  -4.130438175756223, -6.798902067526293, 33.15613688019797;
  -3.717711267462127, -7.009016868978, 29.85547962445644;
  -4.483729910996498, -7.960947832330239, 36.19059318745817;
  -4.039069108874403, -8.112085096323183, 33.40715957829931;
  -4.250966053322526, -8.154353965281828, 36.77753051730659;
  -3.657691589860353, -7.643269948594973, 32.75309693599216;
  -3.927503969994859, -6.549938153585757, 35.52459561947701;
  -1.004508772336538, 0.05804737089335518, 9.885468836891832;
  -4.025863801942232, -8.390579882172954, 36.99038102181299;
  -3.516997433540561, -7.648748214989379, 33.17375044801783;
  -3.658241624044164, -8.508643846290859, 38.64347031360405;
  -2.979083038916655, -6.995777220590705, 32.51712564516097;
  -3.181725216011403, -8.127440968438684, 35.65582452213646;
  -2.873117788967758, -7.520351281683267, 33.82441648706025;
  -0.9185935253192942, 0.2603889316635273, 11.52946794254047;
  -3.00861502231988, -8.333852295410152, 36.84361307472312;
  -0.6648883594837673, 0.7491476834981579, 9.151838263661658;
  -2.766431134922719, -8.110405034294157, 35.70103352102768;
  -2.654308766740482, -7.477822294585582, 34.64984728925428;
  -0.4510919624669741, 0.7517208515434225, 8.20392048269124;
  0.6279099236699895, -1.889616122219671, 14.89561077240975;
  0.8280055788311012, -2.267994157353098, 15.95033029441525;
  1.077452086780939, -3.753531572585869, 18.31187651799749;
  1.039835764825298, -3.078806631506441, 17.5190894089446;
  0.9331839309369677, -2.101540458469834, 15.30627736366947;
  0.9313434209137175, -1.810862143308962, 14.96417975949262;
  1.17645269412944, -3.130344946106737, 18.0581789590679;
  1.00624265722124, -1.886828920713284, 14.18920199912711;
  1.309715335783342, -3.423600696416317, 17.64891011490929;
  1.125558013183926, -1.872127279602093, 15.06671696759447;
  1.214409385574302, -2.483770967726639, 15.75382732752701;
  1.322075586496225, -3.523274477397048, 16.84643474032428;
  1.230266744245036, -3.366435511884769, 15.44794802575799;
  1.200992655623573, -2.286326003348003, 14.86991366800879;
  1.332368691091734, -3.535217267109493, 16.00677310184464;
  1.211681896951049, -1.983137611416445, 14.38411686200513;
  1.515909341702247, -3.501515683892905, 17.79752778428047;
  1.352410823409936, -2.419727526719881, 15.82879172293018;
  1.309953356068103, -3.310882084369665, 15.33777788275137;
  0.72839762256956, 0.6422654265819823, 8.875164108652816;
  1.51427420759662, -3.504841796101372, 16.47468841059645;
  1.709432745745046, -3.878776037096216, 18.0155888872342;
  0.7930886746576004, 0.4703159818123915, 8.637131372046532;
  1.477239096321108, -1.976191670694572, 15.07469409445672;
  1.517142963218708, -2.128484335101194, 15.33294731375663;
  1.553515706235257, -3.175023390033947, 15.79519348800409;
  0.7962530246317094, 0.6917936348825481, 8.526205516421166;
  0.7995647299465334, 0.4134953669280262, 8.364937939617136;
  1.641459120449378, -3.258714987434959, 15.99621523551158;
  0.7664671072478214, 0.6944234266421744, 7.946073467969802;
  1.537333315157167, -2.733019900488332, 14.86100563886156;
  0.8879179920577163, 0.3103205843115794, 8.873918589515816;
  0.7775338796171476, 0.7378240054388099, 7.840972624480749;
  1.768508065261005, -2.179543788101719, 15.82279978321289;
  1.800051463945793, -3.209055741728129, 15.91715234946171;
