m=[-3.621577584726798, 0.2619993156905879, 6.031653081291897;
  -3.582715047662099, 0.2145268117477525, 6.035731908504055;
  -3.569053500294522, 0.2892625081536954, 6.030661262968395;
  -3.561191245073171, 0.2409829817929799, 6.035229566003292;
  -3.536494419980915, 0.2722206112646579, 6.040356612830345;
  -3.531680237020121, 0.2205248789851467, 6.041505574508622;
  -3.517667474164486, 0.195103310457617, 6.027293416042606;
  -3.52384873112873, 0.3083803872230703, 6.041176203325342;
  -3.50300791146815, 0.2452867223138372, 6.030571171373133;
  -3.485607017439144, 0.3231245401222198, 6.050986770575888;
  -3.474991544988179, 0.265191019072744, 6.050940139411294;
  -3.455357970574551, 0.2999224257072441, 6.050735785977274;
  -3.427503873776846, 0.221065384355685, 6.022516824650234;
  -3.288066965256344, 0.2754337851425122, 6.14602104570509;
  -3.320084352494978, 0.002355313366938847, 6.510270215533511;
  -3.898808857093798, -0.1399260650041377, 9.350093361589385;
  -3.908844069872209, -0.04191531915947126, 9.451982717098051;
  -3.895740557687245, -0.4913699167456992, 9.479027056256484;
  -3.950641886764093, -0.5962014614429171, 9.639894514184364;
  -3.94043950552228, -1.079922042335991, 9.647655891791052;
  -3.914735989651067, -1.139642804093612, 9.638997182739052;
  -3.907447237016016, -2.064743020843243, 9.664513417066608;
  -4.048100348577957, -2.150646497209722, 10.24086126946391;
  -3.998160552658076, -2.180631654653072, 10.38721668495648;
  -3.977515468770257, -1.164781946854613, 10.50128701370129;
  -3.997717290469312, -0.5144696118244232, 10.5694300559629;
  -3.858445233470194, -1.936411557144068, 10.27978503557827;
  -3.892426223218866, -0.5050504824518493, 10.44468359474109;
  -3.86253706480506, -1.941983886421106, 10.40690795645481;
  -3.868361879140874, -2.015528129749827, 10.48505663458292;
  -4.09969235379411, -0.2142590635503135, 12.29466871146175;
  -2.726865070241344, 0.6573172676315855, 9.894083716546533;
  -2.453244194659214, 0.5896944289528702, 9.577107789113256;
  -3.346266411854923, -0.1353644756652353, 13.00872213575543;
  -3.280871373786175, -0.182609403585311, 12.91482709970577;
  -3.671739129122027, -2.47955798115703, 14.56413304751908;
  -3.649306224475442, -0.148222529468528, 14.69339530516158;
  -1.857656761527424, 0.5447194432392496, 8.158880546156187;
  -3.942198691538633, -1.823231187034307, 16.66810421444589;
  -1.642694100839433, 0.5586762493664811, 7.614338380694625;
  -1.675361524211914, 0.5001451926168054, 7.788684959404414;
  -4.025583050566758, -1.865688667605058, 17.66191337887971;
  -4.005606660069438, -2.46800991787327, 17.62161081379707;
  -3.557186047158732, -1.038429247042784, 15.80586165646414;
  -3.795334788646427, -3.161662092431079, 16.81941195028811;
  -1.527562380555302, 0.6068379563169386, 7.770774754382861;
  -3.474915067080887, -1.136630446739926, 16.72013522542112;
  -3.895660025835537, -1.584733846028991, 18.91824851834835;
  -3.919380969123528, -2.962002367560858, 19.15025000425931;
  -3.875678032689051, -2.691828016163058, 19.00699981166062;
  -3.872208860172087, -3.006345627136296, 19.22861320864586;
  -3.445644478777286, -1.066457862523844, 17.34559940782415;
  -3.463292312680299, -1.339388385552411, 17.89297836066587;
  -4.074594581577645, -2.750759373995296, 21.17742370750693;
  -1.32116963751509, 0.370881139767399, 7.560403870498787;
  -5.70572918478026, -6.65119885368344, 31.79421077420191;
  -4.171933729001873, -4.26020064085034, 23.7166996896704;
  -4.016279786064384, -2.836654855791066, 22.8561053324819;
  -6.215821107429298, -7.864673097570943, 35.29355348275838;
  -4.178098313100345, -1.112970416926757, 24.69489563919168;
  -4.413428300441623, -2.799683244798417, 26.42976463766796;
  -1.145722734187247, 0.3895479761053821, 7.581223740518666;
  -3.901817758144362, -1.812470745698957, 23.65176919068778;
  -6.199125540382815, -7.949268732120753, 37.34609423297714;
  -5.652910212556598, -6.662168350827647, 35.42599004298822;
  -3.658896540613965, -3.062562975955937, 23.27868924277034;
  -3.826819140837122, -3.893625491812545, 24.84172972680686;
  -5.550010050293438, -7.972840942387425, 36.30867314153371;
  -3.877216923625148, -4.243939742031341, 25.64527805323559;
  -4.460041612891327, -3.062177797078697, 29.49569735575699;
  -4.681570776822033, -5.856380269979665, 31.33374780861368;
  -4.003259215026952, -2.824097548525574, 27.07997330296995;
  -4.742456781197246, -6.007106255999915, 32.55739905432839;
  -4.249181764213199, -6.355013715300345, 29.59722778679612;
  -4.383931452805587, -6.181689223049659, 30.55463256811152;
  -4.387688869776588, -5.641406078701517, 30.9525030680583;
  -4.042713537317884, -2.914039431097856, 28.73910600544114;
  -4.485620251608955, -7.346995833966504, 32.82653788351998;
  -0.9533695076033715, 0.06996120024100509, 7.940489704566767;
  -4.043620383174528, -5.861840181319361, 31.60781595796271;
  -4.463379977315913, -7.839542672382565, 36.37164156758298;
  -4.185323168217482, -6.457987482179719, 34.524647362076;
  -3.767404277809141, -7.053116437140427, 31.72578801046692;
  -0.9190763008445158, 0.1694765531078263, 8.662406904452325;
  -3.420160662218966, -5.548668332549075, 30.09415802582607;
  -3.1508156873619, -6.641878074057673, 28.75992564724124;
  -3.435625453835511, -5.395620974857562, 31.96263198387035;
  -0.9431675927155966, 0.1075991378384077, 9.767291642276298;
  -3.179998679942421, -7.187949898444126, 32.58657818086578;
  -2.825693940124408, -6.444806309517712, 29.87852083648292;
  -2.720788592542398, -3.423106247935836, 29.21758091141422;
  -0.903890113413743, 0.254721439288924, 10.85656014795987;
  -0.6714770577072217, 0.769594774997675, 8.590898184494819;
  -2.845403347414505, -7.643994729248375, 33.74104158253088;
  -0.4995390571366339, 0.7771263188384298, 6.790117195132022;
  -2.50548328491307, -7.121873737469069, 31.16911492496557;
  -2.481771835442428, -6.786315049920581, 31.35092206029161;
  -2.31613382933094, -5.985055216407836, 31.36635271968058;
  -2.283187880456044, -6.464437480183529, 30.84683072433295;
  -0.9793854604795576, 0.03467745770507936, 14.22020199953168;
  -2.298888894828435, -6.834439719031625, 32.27021265663598;
  -0.7173046490291294, 0.4914972004670764, 11.0824305991048;
  -2.261497435583428, -6.694423787029712, 33.37709460819643;
  -2.051020241997746, -5.941638020783199, 30.66413420100181;
  -2.234979724697467, -5.839313094994019, 34.69679802733136;
  -1.986389806764804, -6.004002966209375, 32.10602211319936;
  -1.93048654990254, -5.977406508716406, 31.07184832317886;
  -2.893363073459412, -0.6875536174421505, 45.77202058390408;
  -1.93470523320371, -5.669982665839756, 31.54126321637707;
  -2.042980675444219, -5.163871797269893, 33.57274783482746;
  -1.751716646575141, -5.435442846356545, 31.31095507293646;
  -1.794095528948349, -6.393801463414883, 32.74800042903208;
  -1.603931665101744, -6.048951347327277, 29.58497237772234;
  -1.712276838715017, -6.729111072164065, 31.91961082114354;
  -1.427987047047198, -3.393890855224551, 29.26750709050177;
  -1.584477675548747, -6.676952716793053, 32.17260961646849;
  -1.344098867226551, -3.757081195662451, 27.3363799567469;
  -1.481540973456746, -6.331379571047476, 31.8939280683046;
  -1.602114602891365, -4.424771641931529, 34.87962549047546;
  -1.473169510985364, -5.616652629289488, 33.36378541159903;
  -1.353458342282502, -6.051410716652098, 31.03381918964923;
  -1.98663346913004, -1.464693029044316, 47.48674017878254;
  -1.3081911659041, -5.587062911278639, 31.64452940011955;
  -1.395781719831895, -4.154999439949508, 34.09451971857645;
  -1.582115422501145, -0.9676304223155705, 39.14684020425036;
  -0.7027985405797592, 0.7060592854309494, 18.11091501129492;
  -1.288544121364245, -6.624162851065543, 33.057782591502;
  -1.966514856429523, -1.830490387811452, 50.04093134306798;
  -1.188706686634649, 0.4840682951559721, 30.68075921407146;
  -1.211732749208622, -6.345827555585045, 32.58021425954664;
  -1.18901864705585, -4.241124854090963, 31.96642853778758;
