m=[-7.10923966283468, 0.4661460359880238, 13.28368114071977;
  -7.013611987697646, 0.6154191092617363, 13.22013141012988;
  -6.959599389665375, 0.5720584966665649, 13.23223143668795;
  -6.998048775372751, 0.4186083801922761, 13.3413956798359;
  -7.029253307389309, 0.2990582156426996, 13.62563096758709;
  -6.651179997777548, 0.5289267094738199, 13.48040129524448;
  -6.582162155793006, 0.3873736495977956, 13.50576237900713;
  -6.495652480986065, 0.6817605272456778, 13.35096845010977;
  -6.450316932145955, 0.8424078073934092, 13.49621431485506;
  -6.792380467720992, -0.03641810208595412, 14.36879261691465;
  -5.233821750121892, 0.6460307053130273, 12.50223628924945;
  -7.927782848544351, -1.055060593073682, 20.37864657202809;
  -7.994604837880178, -1.246428436007648, 20.58993135610563;
  -8.010744617662196, -1.153144619298323, 20.67578007290681;
  -7.881210099360905, -4.409580821547889, 20.46720337061725;
  -7.945415089211352, -2.380398691784284, 20.65091437240137;
  -7.966512139150595, -4.273111861964277, 20.7740275808952;
  -8.073945101974442, -4.110148598603614, 21.07910626768349;
  -7.877978880825609, -4.801388197375378, 20.64060525832764;
  -8.243686446034637, -4.451596659739511, 21.93697374233484;
  -8.72539876308662, -5.62751522073892, 23.61557461767411;
  -7.837369208133092, -4.10530792508827, 21.34944798438565;
  -8.100137239983059, -4.490406678309914, 22.12809211017191;
  -8.090239921085882, -2.434809662235808, 22.45858091505235;
  -8.038562087466767, -1.096303302982348, 22.36050324187723;
  -8.02331749347429, -4.932743507407529, 22.31170080576286;
  -8.343648662324677, -4.260166088198464, 23.3215129889583;
  -8.100135334727467, -1.11520722804129, 22.84766060341383;
  -7.773083798429806, -3.974246756118288, 21.99815763358836;
  -8.629463966457836, -0.6962899710627764, 26.89622708561512;
  -8.341467121891062, -0.5025968028711686, 26.16610363644084;
  -9.335976760009075, -2.648673089348381, 30.01881390093764;
  -8.848722315872214, -0.8285847971438682, 28.60730780639968;
  -8.873789875812513, -3.596725347288996, 29.17609908869881;
  -9.754073556994261, -3.142422203153914, 32.6825317645576;
  -9.245958946233429, -3.846910296804199, 31.14546900447375;
  -9.26631266554072, -3.981724911452395, 31.56224797169408;
  -9.810163866991488, -3.372920265993268, 33.56689917377502;
  -8.214286295781459, -0.8530825923952755, 29.13948664167584;
  -5.27159976344703, 1.221887314881333, 20.25999207160796;
  -7.365960167489378, -0.3812383576906867, 29.85758270830544;
  -5.118737886041304, 1.181776973171392, 21.13423488846701;
  -6.129182499024276, -4.433215194734597, 25.04540222685073;
  -7.63331890216454, -0.3817882030291424, 31.98049169820202;
  -6.339175047683652, -5.041231415615033, 27.63765041665196;
  -3.735614706285827, 1.074090213579504, 17.5554379749127;
  -3.266702563981041, 0.8736795055227616, 15.94037049215413;
  -3.374236502767629, 1.022228187547309, 16.43375143457094;
  -3.476426270503617, 0.9900981069340094, 17.2806350658378;
  -3.248304420781345, 1.326690319905075, 17.59961576770224;
  -3.099934274982563, 1.196852652204206, 16.91437470707761;
  -2.706853240445796, 0.7178254735470784, 16.63281415743241;
  -2.393595732832851, 0.7263981051807125, 16.25972344340794;
  -2.409984251420035, 0.7753207650166374, 17.11195272980465;
  -1.078143576721467, 1.56033215635324, 16.56665361339719;
  -0.9689978676696686, 1.627398967498817, 15.70234000813714;
  -0.9098478941974106, 1.516213301741419, 16.54722406162605;
  -0.1375926025853838, 1.611912850946188, 11.75625697452309;
  0.1073580552751424, 1.598058463471725, 10.9670489345681;
  0.271964536613428, 1.469705506454916, 15.84435643473963;
  0.5672722514651611, 1.595328264709106, 9.23681655192445;
  1.540375239595942, 1.395588463066449, 15.96928910103041;
  1.602565267366571, 1.520719746807344, 16.16092972894275;
  1.570349618564132, 1.58186693891885, 15.82269568209683;
  1.58114950945952, 0.9617992330330218, 15.00083217479089;
  1.598464428437954, 1.554878090020705, 15.16314962845592;
  1.607773992239958, 1.637560858786947, 14.81104765349599;
  1.936548412999582, 1.713519305948744, 16.25365871976706;
  1.909934743254332, 1.349596625337283, 15.82982878878397;
  2.311373102377424, -4.506899784939273, 18.82538176589131;
  2.176049180473418, -4.145460408010841, 17.62173975444153;
  2.431606227039368, -4.495006418277419, 19.27100813576391;
  2.400186285481593, -4.241578124897797, 17.56323402645544;
  2.611549788003069, -4.320691440480536, 18.45444134182308;
  2.587907415060291, -3.498156225270566, 18.17756879422103;
  2.449055943071342, -3.139288090848353, 17.23639822748819;
  2.830589257667205, -3.884514450159364, 18.86858233602849;
  2.340850743956692, 1.080006656725387, 15.76520609965689;
  2.654466386854852, -3.892155421871718, 17.77964708669605;
  2.602176366830637, -4.011740545011739, 16.69401029175362;
  2.565682611016147, 1.158251101170055, 16.25818547866277;
  2.813343199402321, -2.931501147213292, 17.11372090214839;
  3.150549670993688, -3.9038299209341, 19.11463649014334;
  3.401417864491662, -3.166972048598541, 18.03990701759296;
  3.274070852200816, -3.374656103236926, 17.26931876737052;
  3.200546193051527, -3.997256680856104, 16.91665278521418;
  3.434644138074004, -3.798502855460069, 17.45332329490545;
  3.587596558383823, -2.994633963348246, 18.13399536615808;
  3.672454627584244, -1.67907673374357, 18.5073939575462;
  3.826307550646277, -2.230474518414522, 19.17284869278427;
  4.00527103497667, -2.095093530151086, 19.41798716431742;
  4.075632690688359, -2.285444047503444, 19.48054955065667;
  3.268196442238021, 1.24374834819926, 15.68295324892992;
  3.786649047200687, -3.498561597457245, 17.79001986071765;
  4.161803846759785, -2.571250539492583, 19.13103204715919;
  3.087177821225823, 1.16453348717478, 14.46760997367926;
  3.906700607047444, -3.210213762987844, 17.8129827501612;
  2.979940539286186, 1.666395387076118, 13.8102394877062;
  3.636434286223865, 1.124078822782022, 16.0450901667139;
  4.209350652796411, -2.40579256803514, 18.33244213754057;
  4.182632764820638, -2.580635499286478, 18.20651441888566;
  4.576058602366143, -3.733007813703473, 19.63980606218127;
  4.055873923370066, -3.804689008424801, 17.51303106128909;
  3.34530132201208, 1.542436336473286, 14.6110101366129;
  3.253616647932384, 1.730079747774345, 14.00964845515323;
  4.914524482423675, 1.210722208206057, 20.41388436502474;
  3.34022076688223, 1.645389484522208, 14.13139737765307;
  4.615920065090763, 1.376298670347464, 19.04783499717495;
  4.767119712396799, 1.328443102143827, 19.17345660116428;
  4.084925118329964, 1.492981261698245, 16.4151760104706;
  3.693732756796413, 1.663294112507866, 14.70893168345134;
  2.896901757099047, 1.722403829286317, 11.74923595237709;
  3.913120821549523, -3.663499471971452, 15.46870004616146;
  4.987756378652312, -0.6814779358994496, 19.15074300380944;
  3.63136666382636, 1.490249032720218, 14.07684881207578;
  3.00275996122546, 1.703799045620954, 11.72650009199428;
  3.738804146777412, -2.61490593308277, 14.24553759827874;
  4.240222889604984, 1.520619048891946, 15.96419421473167;
  3.718108306130081, -2.613061993231566, 13.95798467525663;
  3.422703598964544, 1.743964623080936, 12.95573856724708;
  3.592452552372771, 1.725796993314494, 13.46674411915943;
  3.563356897974366, -2.412962308647635, 13.30483957817078;
  3.648242258663454, -2.376156970723756, 13.46653109723679;
  5.067611159219067, 1.402333006352567, 18.3139366827567;
  5.389845050148055, 1.331201748555868, 19.33174635753692;
  3.743145464104175, -2.360414290337852, 13.64819845399381;
  5.625821242495728, -0.811381183988874, 19.96729837805107;
  3.879323298076218, -2.490566382036614, 13.97475029927554;
  5.276495046913455, 1.382715320521123, 18.44354395954431;
  5.023720492492955, 1.437049333711621, 17.58789665756353;
  3.901028623652377, -2.976899672687879, 13.69831609976547;
  3.571904236284375, 1.754449453467888, 12.55261179149768;
  5.297502704410959, -1.057723072122229, 17.89661002826538;
