m=[-3.330773778851209, -0.0276267200521668, 6.019317799079617;
  -3.900467385510807, -0.1803055915063758, 8.828839085480455;
  -3.90836631121998, -0.08249743571839897, 8.936919885171559;
  -3.88204049184708, -0.5310105898897041, 8.930149677402293;
  -3.921385217299703, -1.115310577436799, 9.082331203219203;
  -3.748673262496943, -0.7794405122525562, 9.016578179282313;
  -4.006511559966677, -0.7761743784011908, 9.58830396804699;
  -3.408021095396984, 0.1153312328706778, 8.583946920770703;
  -3.937723073884957, -1.198035683328826, 9.88079478974757;
  -3.967610319476506, -0.5569582482866391, 9.969520584216737;
  -4.090267226646106, -2.099105772021341, 10.34184475265345;
  -3.856572938026009, -1.981871548018107, 9.872002778790252;
  -3.956113245461572, -0.559584776337904, 10.07950767384372;
  -3.789414913249336, -2.010176906594369, 9.756512492498503;
  -4.11247550196664, -0.2714425213252896, 11.7963488148175;
  -2.308432140400254, 0.470464720643796, 7.695339192929775;
  -4.780685479715663, -1.630177874048283, 15.30151868209543;
  -2.677845476374296, 0.6004740946673565, 9.206487765936204;
  -3.976229241087124, -0.7541291319773531, 13.71122254613899;
  -4.201666352652834, -0.9192534601097528, 14.58076607123459;
  -4.026780160333594, -1.105200210742632, 14.11351514826412;
  -2.474520748919771, 0.5535111640481019, 9.130916181189985;
  -3.350806304947815, -0.1930209490948284, 12.48297773907442;
  -3.303145560874188, -0.2404745602691027, 12.45716791652021;
  -3.626998680036895, -2.50541822407195, 13.8325869616802;
  -2.178361096714998, 0.6038052277442384, 8.678024905576281;
  -3.531931360879743, -2.51099532141774, 13.59123139572726;
  -1.872035584182722, 0.5035876558400872, 7.68146348457563;
  -3.500069622580551, -0.210917764874149, 13.57094294018818;
  -3.615639167587272, -0.1020228709734369, 14.28556957548141;
  -3.799894827327115, -1.367397241970739, 15.3495713508353;
  -3.852361462662902, -1.848813868159045, 15.73222548370071;
  -3.86762132657206, -1.86247109195205, 16.41849841821296;
  -3.826523538206437, -1.184987273018012, 16.37163207875075;
  -3.636789452280222, -0.8947470181088917, 15.99007504603594;
  -3.406958367997888, -1.187488502775187, 15.83830852894395;
  -3.922608352192817, -1.673043896036587, 18.43023197481107;
  -3.777870628737698, -2.925597800771642, 17.89581467621245;
  -3.704184806068811, -2.644876164887023, 17.61117540819781;
  -3.378823579276431, -0.3095261546949952, 16.32950750622445;
  -1.343452709374065, 0.3431335320504317, 7.153428343999844;
  -3.568671222009693, -2.736706803603558, 17.55309977947314;
  -3.225907501796159, -0.1751285526510985, 16.0313227071394;
  -3.430401668548885, -1.400420093159662, 17.13412461907643;
  -3.744507160268547, -2.595054403201325, 18.91002587833543;
  -3.032393335022562, -2.332360830430457, 15.5220060504112;
  -1.170902078304195, 0.3443881814735948, 6.906506258300152;
  -5.53673080390986, -6.515637265743885, 29.37789574330102;
  -5.26876330350413, -6.26064441091279, 28.78086595865143;
  -3.71658691276056, -2.706541900971195, 20.57847244338523;
  -5.646835001437692, -7.250769148469576, 31.41421367529582;
  -3.853081477719969, -1.121689850582898, 22.17489025531931;
  -3.769660156640271, -0.5194802833693757, 21.69766500683111;
  -3.77881779163689, -2.126953969984675, 21.92524443188663;
  -3.854234003362157, -2.538448196306652, 22.51890203143011;
  -3.946426599809529, -1.932738351180559, 23.28164397265851;
  -6.036592834006745, -7.878976939609832, 35.68015600225936;
  -1.27564790153339, 0.136516771254308, 8.360286333382202;
  -1.478238158116472, 0.1163787690139518, 9.659297995666554;
  -4.872317885844204, -5.815316407536531, 29.87091409035575;
  -5.24866805131635, -6.436674552796936, 32.05923368854236;
  -3.390321515328921, -2.925749409960455, 21.0327649508228;
  -4.771700195012854, -6.65570131700048, 30.52908362479647;
  -3.44989482073035, -3.862057584948535, 22.26775086869054;
  -4.974649158888165, -7.262073227089033, 31.95191214067105;
  -4.502343774340907, -5.744492433814955, 29.48827368861;
  -3.413116011211685, -2.520163003656244, 22.66210745971802;
  -4.461112129516898, -6.921040659820703, 29.96518272000252;
  -4.217771358375191, -6.387447143811721, 28.66003959843459;
  -4.248138483065488, -6.095596630349973, 28.94556884735074;
  -4.155969475909062, -5.442916251693052, 28.66988919437972;
  -3.652378169056158, -2.733705545929681, 25.3718250012076;
  -3.812136076119221, -5.629723458349581, 29.15362785394346;
  -3.825552390230505, -6.299503152411876, 29.38278113784109;
  -3.804293826914348, -6.70772603780146, 29.28883516186832;
  -0.8535171259952943, 0.03955871970188048, 7.392908716953229;
  -3.705441810486336, -6.526855560974809, 29.39517242560694;
  -3.615436859688948, -6.87430130400795, 29.80389862417641;
  -3.378722210189613, -5.557217330992006, 28.9167100275275;
  -3.362758010887956, -5.630967925368128, 29.95079959200266;
  -3.085511310361063, -6.715107107165767, 29.37065493680031;
  -3.020817245827407, -6.896047759667892, 30.17923531148833;
  -0.9026017317672356, 0.09244283330285227, 9.783375295301248;
  -2.775784610578689, -6.453134827324249, 28.73638101101832;
  -0.7913837306075781, 0.1465866229305307, 8.919731820898242;
  -2.58310905582848, -3.347885982761182, 27.06158856973379;
  -0.8442484475955445, 0.1965568602663664, 9.629752904845214;
  -2.597186803849539, -6.701875607396505, 28.93256484563309;
  -0.8034842410239789, 0.2358198651468047, 9.605961049661948;
  -2.76381052277672, -7.503791745463381, 31.93483564839745;
  -2.425666231101257, -5.557070978805307, 28.04775959419132;
  -0.7923342899012632, 0.3194398633638653, 10.46136629452748;
  -0.77725974296124, 0.3764068687036861, 10.30101873361774;
  -2.174515161553841, -6.650123029849397, 28.22410977527675;
  -1.91650432790959, -5.074756707788295, 24.98987979336913;
  -2.229841364833328, -5.811130191743422, 29.29949500162656;
  -2.111215811434442, -5.293456689720261, 28.54627219129516;
  -2.075128813394718, -6.581285658794414, 28.66103078121984;
  -0.4745209367499571, 0.7570195527735724, 7.336055039004574;
  -2.262592550995574, -6.359479279021708, 32.47675898537158;
  -1.982896535081409, -5.82004289965492, 28.88098869495329;
  -1.811103770685891, -6.078831425667192, 27.50503390092677;
  -1.932015588787562, -5.900030390167723, 30.30308918112256;
  -2.253863235198198, -0.6898189934042498, 34.72007693119983;
  -1.879848117122011, -5.390542576493282, 32.05606785729956;
  -1.708926991895217, -5.367806602667074, 29.65198452341684;
  -1.443359396482697, -5.480108881603282, 25.80664398893001;
  -1.490868581224783, -5.512822738523695, 28.3123393458283;
  -1.934239721960081, -6.311913635794466, 36.71140187158792;
  -1.553483400629227, -6.132913971486765, 30.12814129407145;
  -0.3368947542796469, 0.7324108272260667, 7.169574856052795;
  -1.480826022962471, -6.301884621568289, 29.26265996632249;
  -1.371378837533764, -3.305281103140153, 27.05610862123913;
  -1.459543837385704, -6.301276820623567, 30.49397301630871;
  -1.349724828573913, -3.853358422609616, 28.95600880393011;
  -1.446763927174015, -5.596594233582488, 30.70840938888613;
  -1.391539791248293, -6.483721896658055, 30.32681990521664;
  -1.313705548765646, -5.933457226468689, 29.28269540996293;
  -1.271060438612564, -4.403773787005576, 29.4955787947839;
  -1.317797240195285, -3.707679414748401, 30.57350288750709;
  -1.278527701051659, -5.469957432136021, 29.74945573231119;
  -1.328852589519261, -4.031624046082451, 31.45588646593668;
  -1.379514343437239, -1.130374013002413, 31.8397253430025;
  -1.272611711558431, -6.569909724973678, 31.56833168389525;
  -1.147825533500106, -6.069609852440869, 29.97254617771175;
  -1.152660945124523, -4.184936543985304, 30.03408647543543;
  -1.131240258373231, -5.622717937215124, 30.40203870676918;
  -1.043586708373644, -6.315406336734513, 29.25314648819737;
  -1.018459033411371, -4.625090036307223, 29.10905425405341;
  -0.9298362390579636, -0.2822924336283645, 25.63744209281661;
  -1.037716121649887, -0.6703250808605713, 28.89882191385729;
