m=[-7.579635870237255, 0.2257929161392611, 10.71047084688933;
  -7.013779453462169, 0.4462166611022655, 10.47260946181613;
  -7.660074889621978, -2.358304658700551, 11.52858561460859;
  -7.662540597233454, -0.2401701783906156, 11.71590273819133;
  -7.770148313271069, -0.1766686847686766, 11.89515666217262;
  -7.592154708558332, 0.0665306170161057, 11.67736089808003;
  -7.71128650564447, -0.9418158715635016, 12.08336176055597;
  -7.587710780432211, -0.2511071978138332, 11.96393004694919;
  -7.497433697603505, 0.1580731165934853, 11.84786313902414;
  -7.626887028713148, -2.232845534294005, 12.09079531191475;
  -7.513788440770375, -0.1797408761422761, 11.96730109092777;
  -7.792980940609912, -1.233751526201294, 12.38394505253081;
  -7.23852748235802, -0.005271314005552607, 11.65243055589566;
  -6.920295916816878, 0.07871509291788083, 11.44345348446715;
  -6.840862428163897, 0.3645526353996363, 11.53605702032244;
  -7.82019769803107, -2.277046221340749, 14.03195791937797;
  -7.838893824606685, -1.183831075358868, 14.08094819733073;
  -7.575663126009382, -0.9448196235361127, 13.828549249795;
  -7.70995823439949, -1.065977812897173, 14.06172394370308;
  -8.281198208960637, -0.4007600851903036, 18.33875415616922;
  -6.030946630561036, 1.35923660715375, 13.76807366703492;
  -8.073282575162494, -0.4370414220090141, 18.19094183431628;
  -8.349964713793675, -0.3470866715550012, 18.9924213460209;
  -8.937344329631923, -2.425152804594061, 21.49750202117307;
  -8.481738123237895, -1.444408483476431, 20.59858082598921;
  -7.993773855883869, -1.144199952359495, 19.60600719551966;
  -9.385531600868502, -3.346898248484227, 22.88095578946481;
  -8.92562093462333, -2.6540919780397, 21.84083435468502;
  -7.669272351439516, -0.02728531200555657, 19.02631570073812;
  -9.000829244702292, -3.095162409114298, 22.19656109983258;
  -8.918343927899246, -3.065999052025546, 22.01751191259231;
  -7.43329634832608, -0.7146183093140214, 18.57919974942167;
  -9.226861679984731, -3.330429368623747, 22.88795931958383;
  -7.57575505355119, -0.5164072448239516, 18.96922924281509;
  -10.0132349349724, -3.825055368920348, 24.75556002550363;
  -8.516987370239948, -2.624683349762032, 21.4845315296432;
  -7.49944932742616, -0.4811536392278638, 19.12219596769605;
  -8.557177199911509, -3.467831818684999, 21.68238761477907;
  -8.449875039899192, -3.535977560760192, 21.60232412943872;
  -7.168490487168821, -0.7438869923622413, 18.5178429161331;
  -8.117042888864168, -1.716829349414905, 21.49029312947666;
  -6.938328831560476, -0.7320457565189168, 18.59733856531451;
  -8.160301702140449, -1.464608434040452, 21.74831378263666;
  -7.500519101868244, -0.6124368682796626, 20.21600286909848;
  -8.026084011474813, -1.378798968127947, 21.66011753974103;
  -8.07571403837294, -1.707110860805095, 21.8557981556361;
  -7.61565854430144, -1.223711033827905, 20.85847143599624;
  -8.033577974475239, -1.884161595701872, 22.09052359811034;
  -7.542451992255519, -1.472496150267078, 21.23231588347302;
  -7.604176000010753, -1.931166655101328, 21.59848468851154;
  -6.190631417155799, -0.1977353548721778, 18.00214897431851;
  -6.263192297277429, -0.5522265546483985, 18.47947085884061;
  -6.148599753715394, -0.6895561427183397, 18.1744373407967;
  -6.895091674114511, -0.6887963078994522, 20.27253857363314;
  -2.67879560279306, 0.8284294891715416, 8.585489526760304;
  -2.643554795443997, 0.8737055186936339, 8.556635323347146;
  -6.916488801009812, -4.612062493104941, 21.00683982573652;
  -5.918466311655375, -0.2156614671511313, 18.38657377702454;
  -6.849476111618276, -4.650692478746962, 21.17049862839437;
  -2.573500467014827, 0.8443535077985549, 8.63283948816988;
  -2.553839846691109, 0.8978538926776208, 8.642394518707146;
  -6.611374249436464, -4.801763191986981, 21.11978664008851;
  -2.482235312992617, 0.6754151632620482, 8.569016418985806;
  -2.465406342967443, 0.893084906593108, 8.531087212657303;
  -2.43473849013801, 0.8627934838183136, 8.595438131124496;
  -2.39584607715171, 0.8725409367384556, 8.595774342754352;
  -7.016400567928124, -2.362009532317238, 23.5729194100954;
  -7.171994051689477, -3.295692478562802, 24.52765520405959;
  -2.301167570655804, 0.8317780422215402, 8.585283431900541;
  -7.137460565777597, -3.284278366629063, 25.59834849960161;
  -6.984248538839094, -4.260637956017621, 25.10253726666244;
  -7.204514496512897, -6.050014561022401, 26.12530173627035;
  -6.94286712490368, -5.692720887778011, 26.12494990763172;
  -4.87991244265242, 0.07209662119258804, 19.372601892348;
  -6.808971110572032, -5.160734086500198, 27.85111749510801;
  -6.814759500969331, -4.744284099698259, 27.99494499128385;
  -6.538108331785089, -4.910644635292742, 27.84393205043804;
  -6.542189294538853, -5.609133618932031, 28.46388759698425;
  -1.935730772326401, 0.3216259390803784, 9.821171176735078;
  -1.737351415076322, 1.395216968547114, 8.951127906759648;
  -2.829402426248819, 0.06618467895424568, 14.37797929830698;
  -2.017087669001169, 0.2755381197565299, 10.57224979465107;
  -1.86468033049467, 0.8172404072451587, 10.05620895941899;
  -1.817642601035423, 0.2422480859960348, 10.18769124005;
  -1.785678077518943, 0.3616969169630526, 10.45924283334869;
  -1.897598758644527, 0.5918677854824073, 11.19874486158002;
  -1.940131147848201, 0.8961148047200187, 11.52724519501133;
  -1.316750371773381, 1.605096092026709, 10.4755076358477;
  -1.647056200266448, 0.5388285648140992, 12.98828074324966;
  -1.222216575564925, 1.629006535828937, 10.50972957442866;
  -1.165294427685712, 1.653191115402805, 10.43014021843461;
  -0.9075585085877974, 1.685590365650707, 8.914560072873909;
  -0.6015314324048152, 1.651064965598009, 8.287211391480785;
  -0.6179260535043248, 1.60950435268908, 10.03487157995867;
  -0.5830370577672034, 1.652165475454575, 9.60594404128938;
  -0.5740268865255244, 1.622626715113892, 12.03153787639203;
  1.515514440582308, -4.387179361242076, 23.14848070353345;
  1.909220100306571, -5.386897107967144, 25.95023313651963;
  0.6304274194952708, 1.577652061690438, 8.741597885070171;
  2.086820615018454, -5.563103624238453, 25.71235042104023;
  2.13050296266724, -5.485215172685561, 26.16086080559445;
  1.995386066293844, -4.738335078824284, 23.5206544454632;
  2.01231085418793, -4.259653312858784, 23.50954697191191;
  2.057244984591387, -3.986176003954696, 22.40657906727741;
  2.031855570953252, -3.622922010245365, 21.29869553467085;
  2.195104355256248, -3.65686517118356, 22.34125022469063;
  2.108615841170122, -3.58723241018112, 20.97093322018289;
  2.30865702588381, -4.379050703799234, 22.66179545281637;
  2.354160310317391, -4.256059050189169, 22.64903837544285;
  2.240231650838052, -3.768356606105977, 21.28161342885961;
  2.383021536757929, -3.533553020910282, 22.4912820103012;
  1.703031974972079, 1.688148789574275, 16.41601829346207;
  0.8134764700853792, 1.579546592967863, 8.26447237949637;
  1.855733523658815, 1.551606052778477, 16.72395904143034;
  2.565396217280271, -4.495405260378621, 22.67410645384434;
  1.612352758211677, 1.645223005315846, 14.58912893872119;
  1.713216982933458, 1.28720858323639, 15.36138094474616;
  1.801331934262199, 1.658009958439026, 15.92047853213269;
  2.78734527368514, -3.409672166078953, 23.39305444451567;
  1.772113850984206, 1.211566665140597, 15.16631681091866;
  1.84222183862353, 1.56423016620408, 15.68407218997694;
  1.800777829408808, 0.9587950184452364, 15.15338563074863;
  2.785935124063, -3.648430568191441, 22.43278690997996;
  1.879275968245761, 0.8794874200615003, 15.48091263311474;
  3.07295617037592, -4.266985243040141, 23.42415182216645;
  2.986253526858731, -3.548015293296645, 22.69903098987495;
  1.712794287400156, 1.294142877248185, 13.45747825699261;
  3.303041640022299, -4.24229795530503, 24.61964055997199;
  1.764474688781688, 1.016576871367195, 13.61054473411116;
  3.103119392112065, -4.53336502857398, 22.7236532707285;
  3.132096903524789, -4.040587760015571, 22.8151052455917;
  3.096927229341994, -5.01277908093203, 22.13140724708541;
