m=[-6.981274155631399, 0.4779933995110908, 11.13786370809536;
  -6.604866249842819, 0.5071582421076416, 11.32886721392374;
  -6.559212132444301, 0.3666383112140828, 11.41414183484407;
  -6.689888707480759, -0.05548851251178867, 12.08985324265684;
  -8.222891533409081, -0.8081974741706228, 17.10191415002073;
  -8.024371652268089, -0.3709399244315725, 18.16343506502308;
  -7.856001844214104, -0.1658237625491084, 17.96363326998031;
  -7.87252864281917, -1.076855351541674, 18.10976966048124;
  -7.99069839129689, -2.272694454399353, 18.50727875818443;
  -7.897554892295116, -2.362452926768967, 18.389393018602;
  -7.994683373654733, -4.320335934278231, 18.70506150471974;
  -7.921283521774008, -1.199951742176787, 18.62331378179924;
  -8.27584275072093, -1.603264337727318, 19.80558266162356;
  -8.339223783023924, -4.517976719447618, 19.99994186382541;
  -8.04061206417707, -4.475546845603924, 19.84544981452397;
  -6.944648802315342, 0.2350146568360978, 17.49182150984449;
  -8.04283278191056, -2.44699804607367, 20.18160717632897;
  -8.162978510454678, -1.145888291918795, 20.51133446472998;
  -8.090247098821365, -4.15187650126708, 20.45540666916787;
  -7.998132398954566, -1.131320781760824, 20.37788907690248;
  -7.746868596287283, -3.981073015845861, 19.83032851664823;
  -7.745437078687632, -4.108734225069847, 19.94198454063686;
  -8.474328960470977, -0.5593451483103383, 24.30802088460352;
  -10.37172330730173, -2.986824832838535, 30.87794737639983;
  -5.368809232256351, -1.746123314415768, 16.71981868845736;
  -9.831147566198828, -4.028575534615995, 29.92689561505591;
  -4.854783429573489, 0.9252722734838751, 16.13834850840883;
  -4.654570108667338, -3.342618273585563, 15.61526572878134;
  -5.481141038691356, 1.229078836695447, 18.84427550480119;
  -8.474168316868679, -1.60720542241245, 29.22145596772966;
  -8.567593589709311, -2.351483285374962, 30.02867231334415;
  -4.235840600375756, -3.387839941679746, 15.52980357947081;
  -5.007703048546802, 1.120143989424368, 18.47829193452154;
  -6.993621549975909, -0.4028628772701973, 26.05379546855664;
  -6.819467127874437, -0.4964686928332638, 25.71828747705537;
  -7.844771929670668, -5.418925202389387, 29.91826010551884;
  -7.639295677505283, -0.4603517481815692, 29.62010957548158;
  -4.40603773694473, 1.221279898551956, 17.55251012964533;
  -7.875508584219217, -0.2222240546957449, 31.11652479891693;
  -3.845463208084879, 1.034450316511585, 15.7789656691162;
  -7.796506675868703, -6.695039486982164, 31.57383486435601;
  -3.574685782113895, 1.176627023271781, 15.12494873959748;
  -8.586592277321008, -4.120851855777056, 35.06581798013326;
  -3.270386833109333, 1.039548879885531, 14.13545431641797;
  -3.405597726015204, 0.9416053320087924, 14.76572183832536;
  -8.800121461051704, -4.237739541425673, 37.35753014280193;
  -7.989046536481434, -2.474025933658949, 34.18082477459356;
  -7.959447157778401, -6.770931086341632, 34.10923089983336;
  -8.220451482982986, -2.022449896651622, 36.14331757445584;
  -3.110956502552401, 1.166348092182267, 14.76036976853832;
  -7.427468029506067, -2.588829077753554, 34.52890159891071;
  -9.203601918563367, -3.925456897269709, 43.24278723062309;
  -8.552756243694883, -6.623287909001339, 40.51450029646043;
  -8.509384249218655, -6.075903000776302, 40.45701455910606;
  -8.647120969047212, -6.878132188804845, 41.6133680292653;
  -8.345727686019695, -0.7645326659341084, 40.33404517762607;
  -7.035671216031172, -0.3819535793591367, 34.96415060342755;
  -7.921936597370727, -3.234035037182046, 39.56838353019768;
  -13.19538440773543, -13.7118876826593, 65.80281278027954;
  -8.754009826814498, -6.066788171160397, 44.20836849258228;
  -2.685142683370322, 0.6858168408722848, 14.297470722177;
  -2.668030114160842, 0.6505414923992487, 14.2392057858227;
  -8.503621982760043, -1.768257798991333, 43.50057713297182;
  -13.64444134595791, -16.21310173409876, 74.53339898520801;
  -10.21950362444907, -10.58559936410903, 56.34641802845109;
  -9.314687542755641, -6.783264516797471, 51.57475001034361;
  -15.37109191363277, -19.73711627792963, 85.51175404886665;
  -10.4065086508063, -3.029490863639844, 59.89055476948105;
  -9.587457179482527, -5.466569302910274, 55.75837783043052;
  -10.95229763784639, -7.213324401152719, 63.99033304946735;
  -9.589573119595276, -4.69643493194236, 56.5729582379586;
  -16.78919185298309, -21.91329763026904, 99.23494940583717;
  -15.11421209845137, -18.5352290235384, 92.31867074560432;
  -11.17990116530116, -13.46598613784442, 68.86679697162013;
  -7.999926386513286, -6.903705090871757, 49.62967982554153;
  -3.12755351879588, 0.2462261081167675, 20.43647112582832;
  -12.56621485083333, -17.52770905846424, 80.39797312270507;
  -12.55566002364558, -18.32895538838912, 80.6443496074249;
  -8.766692747119572, -9.814059262177374, 56.58564686151433;
  -2.876336043436909, -0.09736122432009316, 19.17245410913081;
  -11.57931583273389, -14.77392565378483, 75.83917433148403;
  -8.017231359321354, -5.919731353151831, 53.23210755143982;
  -11.03146480985676, -15.51989465937651, 72.99595975355271;
  -10.10999398052154, -13.00379494604037, 67.84835777751133;
  -9.768938568066552, -14.79420609909652, 66.38059354249067;
  -10.88155451875165, -15.61379585950037, 74.14371888871187;
  -10.21998087460413, -13.384722942944, 70.50237518394896;
  -9.551073234108332, -7.148718084800549, 66.34804706768264;
  -9.968039057322354, -14.03819348316141, 69.41513043930767;
  -9.822831354273356, -16.3024813465793, 70.35969597916245;
  -2.011679705906871, 0.07560086452406664, 15.59122561635261;
  -9.5114511146491, -14.04641345268984, 72.73961385705357;
  -9.713375400299029, -17.12661115357978, 74.7821971457596;
  -9.660897005147241, -17.01693956267369, 76.63964185017392;
  -10.10064650190035, -15.89553779748795, 81.70771626139008;
  -8.737840631714388, -16.61391183968171, 72.03049769322496;
  -8.656810764835146, -14.23845342134837, 74.08909968833106;
  -7.861906633663919, -16.90601009624018, 70.33409467755175;
  -8.896168317092558, -14.89671224929942, 79.23476906136514;
  -8.554588608520319, -13.71259806435223, 77.82149120927325;
  -6.488885549595975, -10.36490243418441, 60.34555553591848;
  -6.553734090740461, -14.2631226868055, 62.38429976915501;
  -7.281457379253307, -16.62241498279169, 72.74482293246741;
  -7.014208383593428, -17.17635460103168, 71.41486484946485;
  -7.266249592880263, -16.89255287789449, 75.2240343239862;
  -6.643307516834713, -8.610180845674581, 69.59770217875705;
  -6.47913018775265, -16.27892709741974, 68.67527326309282;
  -6.539874832799609, -16.87573167721406, 72.85396352770789;
  -7.428379340013695, -20.1681740171407, 85.83224913658566;
  -5.754547328753112, -15.95551452180789, 71.00960651104568;
  -5.063404718149923, -15.23679373059448, 63.63531014969832;
  -5.369813784943924, -13.99412868639652, 70.55785879341684;
  -6.064733721554418, -15.20612204392406, 82.00276762117971;
  -5.54226084657455, -16.61583071031857, 75.56401078016945;
  -4.950217348535254, -14.79932678333546, 71.1683937514548;
  -5.986293579987342, -16.82570287050532, 85.92594973734025;
  -4.972801813442721, -12.92732183438936, 71.95235299765032;
  -4.623911028043727, -13.57174218184667, 67.34749885571715;
  -4.585114025032674, -12.48101673397551, 67.85133529823332;
  -2.802452976042813, -9.029962049076191, 41.84422094774763;
  -5.279167480091926, -13.99168961766938, 79.83616673212013;
  -5.217325850007457, -15.93278089943837, 81.83220230586676;
  -3.25607193561626, -7.772284597996665, 51.73105052186677;
  -4.283887287383738, -13.45585772555339, 74.33071169687123;
  -3.401737917504541, -12.91562878935867, 60.82160797554086;
  -4.089410144479145, -16.19709913276456, 73.9892945128761;
  -3.393322000544598, -8.178544672192857, 66.94728409159565;
  -3.509784827670128, -14.93643323896979, 69.35699290427154;
  -3.971707458103275, -17.14702052997004, 82.98013184243096;
  -3.415150740223208, -9.749987249789939, 73.2661449260999;
  -3.297626391390014, -15.36491631451876, 71.86752568294344;
