m=[-6.902709616369325, 0.4117424793802192, 11.26731827901746;
  -7.851285654965292, -2.440809020249467, 12.76912951003294;
  -7.878848868241086, -0.2722981178167987, 12.99904289160364;
  -7.621894310481553, 0.0376553783766477, 12.67726622995536;
  -7.7737296086052, -0.308639027446083, 13.09532582583457;
  -7.826435503131519, -0.9825964966298577, 13.21469188478541;
  -7.693110181723309, -2.274498702104387, 13.14537926585222;
  -7.588165726543448, -0.2149393602007013, 13.0379602546414;
  -7.278253818144356, 0.03075595231384563, 12.6497653295972;
  -7.189832711993127, -0.03870530896688455, 12.52804071524255;
  -7.186538144167833, 0.06002095559071023, 12.83542495571609;
  -7.04399288775737, 0.004524590994363596, 12.80919241973043;
  -6.906030306756796, 0.3340320648271587, 12.59852630448403;
  -8.775405502630171, -1.606698764892782, 15.94570424016968;
  -7.863309682313293, -2.312856690091192, 15.04772723040803;
  -7.853934944942448, -1.009306058219687, 15.27526531285403;
  -5.900885517907359, 1.289415620701923, 14.39887328813443;
  -5.834812368174095, 1.288594650375921, 14.25987256060947;
  -4.991789410767655, 1.14180091039974, 12.86911016232643;
  -9.306595220389704, -2.555503944637054, 23.27017188560911;
  -8.339605053019934, -1.22643167321011, 21.34814079020459;
  -5.175904504123236, 1.086075718444744, 13.67003978582389;
  -7.687088557943736, -0.07166120571557474, 19.97247498186008;
  -7.719347105223087, -0.7843020993843113, 20.19589362598878;
  -7.479680552255919, -0.6712557086680155, 19.87537641562604;
  -3.455512107396669, 1.046157421040971, 9.746579061828799;
  -8.748428473065708, -1.563454810990037, 23.35250685884742;
  -3.486032805538109, 1.101349900155349, 10.0220193673648;
  -7.32774999338882, -0.862454952903809, 20.2328234370861;
  -8.412225275846675, -1.543108645307574, 23.29614181351809;
  -8.464635105693114, -1.829249466149137, 23.78519892524317;
  -7.182318083286405, -1.174604268619775, 20.55459105845489;
  -8.102911718945407, -1.93952618685307, 23.16084558935798;
  -6.835396435155073, -0.8253008346120985, 20.07169756287503;
  -8.027571784284262, -1.603479422661043, 23.47051830831996;
  -8.081827728897185, -2.084981639907784, 23.8236020313331;
  -6.762278016119945, -0.2575752984511029, 20.55094966071553;
  -6.625585382308806, -0.6210879312764345, 20.43451656917918;
  -6.388325165466682, -0.7482417864984827, 19.77131697715645;
  -7.487532254000253, -5.022683530067752, 23.6228172872263;
  -7.412745146785826, -5.056772927660511, 23.78247611223437;
  -6.695127536027073, -0.3171958880689842, 21.66670869781633;
  -7.183514187871412, -5.057043408263105, 23.24488332588815;
  -2.672284320847652, 0.8279431627183734, 9.383860051311057;
  -6.866330832197775, -5.021109546760058, 22.82685769812868;
  -2.603613222772831, 0.8335535549557919, 9.376212048535697;
  -2.464898884895466, 0.8385252245838275, 9.287918414153037;
  -7.289633204848205, -5.534277927848994, 25.80802698450662;
  -2.463722079740684, 0.6422624697177584, 9.448689105046459;
  -2.430807457744616, 0.8504847278465755, 9.354433117189542;
  -7.890317729923845, -6.634562543600323, 28.14201607526901;
  -2.395533473923131, 0.7919939877575282, 9.470585469363551;
  -2.301904562745206, 0.8036097499886676, 9.528305726728192;
  -2.751872938877872, 0.4662679033356402, 11.41579736250127;
  -2.62628479409012, 0.04118935309388505, 13.38494814076776;
  -2.606206423795311, 0.09804627982905646, 13.40270079335913;
  -1.949323258333141, 0.2454794670265842, 10.56424164426996;
  -1.957372358141258, 0.3095436845336925, 10.84668117001525;
  -2.88318654591079, 0.03552786728655651, 15.51493797078103;
  -1.765696040048408, 1.381514356605464, 10.01227158033752;
  -1.865188418052816, 0.2311089097007722, 10.68551508326874;
  -1.863276259681673, 0.6672960257863578, 10.74432830370704;
  -1.806533734265426, 0.7769071488076421, 10.67596026425175;
  -1.756377773333259, 0.3400465986063762, 11.19027378907403;
  -1.704224984136853, 0.7501708681169125, 13.56519264994328;
  -1.344532313225513, 1.609069581242401, 11.61267014937308;
  -1.16994184260666, 1.601032067775003, 11.03829348162653;
  -0.9199548878798892, 1.649841683277602, 9.855103623166034;
  -0.9110354258517237, 1.219812854469967, 12.71435384906513;
  -0.6183000429152245, 1.602441372425355, 9.6044938935304;
  -0.5788811774408909, 1.572189762879541, 10.27660415734525;
  -0.8392018966123546, 1.587728482299511, 14.55597380988016;
  -0.7481845354202442, 1.520267522296331, 14.01846133696282;
  0.01367131378367769, 1.573220748911539, 9.396973340451936;
  0.2067395975717422, 1.637333310869462, 8.34041099696114;
  0.6347199867913804, 1.606514291173221, 10.03111096464803;
  1.513785472513255, 1.432044042945377, 17.39253625737554;
  1.620537432468948, 1.53277636658081, 17.97291357401841;
  1.738101670965995, 1.525161474507034, 17.68839587067047;
  1.58018205358741, 1.619607962206196, 15.58659291066561;
  1.784330438762761, 1.481651640319859, 17.33128146014158;
  1.743229479647394, 1.305278681794395, 16.91439234125027;
  2.405125775900985, -4.574054796570504, 21.92049795047332;
  1.763387786149757, 1.215304361029381, 16.41638829351824;
  1.759428439675005, 1.493744504002551, 16.24718755365862;
  0.8794346891739716, 1.617916567974574, 8.557507603268247;
  1.706045953854544, 0.7726791184294841, 15.22715706312262;
  1.691598619064516, 1.3640911524435, 14.95164658918256;
  0.9509730932558251, 1.639805985019629, 8.655880337665471;
  1.723938375169579, 1.288608445193504, 14.72331034176912;
  1.86432014048996, 0.4557972544754918, 14.76025424607411;
  1.728069234252165, 1.392895092936916, 13.77582277192643;
  3.06322476747206, -4.399330106660145, 23.18316863812771;
  1.898456920098538, 0.5232440561245413, 14.60610772347009;
  3.012353814070805, -5.108789625899261, 22.59012083929859;
  1.875570880173124, 0.235114856049585, 14.2311258972817;
  1.677645807660496, 1.539813260555617, 12.54244017833241;
  1.97496711983471, 0.4679557003293512, 14.5207585051528;
  1.614062474651038, 1.654414566191483, 11.88259629871198;
  1.988822365900777, 0.3056803144140179, 14.30241725418737;
  3.224576397639024, -4.817280703338925, 22.39148066524332;
  3.391642384114733, -4.944195950148597, 23.27763915182337;
  3.423466169810079, -4.245519757422532, 23.28310737385238;
  1.195047205841523, 1.668667589557859, 8.787996394246996;
  1.658525217198422, 1.285249939208652, 11.72345872175971;
  3.460207046351136, -3.925986956301315, 23.42464938242875;
  1.696705074198139, 1.239109763593726, 11.98221205112225;
  1.671024453059286, 0.9730112073725441, 11.70909825484057;
  1.655537480795289, 1.214818690110432, 11.48432947063698;
  1.721098443862746, 0.7851618489099367, 11.7971998534125;
  3.536705337925056, -3.949416248471647, 22.79308482817654;
  1.818951359559611, 1.616037473228224, 12.04199508648539;
  1.629270512715439, 1.595375774213591, 10.93542933964848;
  3.851344206035774, -4.087467361448361, 23.99023847120976;
  1.754727672988991, 1.444685478065746, 11.15835940103866;
  3.827326479902576, -5.370054826099072, 22.93720210774037;
  1.816808373983598, 0.6965931841801142, 11.19600336968895;
  4.84264485181056, -5.243392914887834, 26.02056970166942;
  4.828989309575903, -5.685709632157349, 25.70577457298556;
  1.974867357354097, 0.951023706074508, 11.034824703012;
  1.636672539568427, 1.262482108796953, 9.227679126342007;
  1.575300449251766, 1.313035367366994, 8.868091120745087;
  1.63506617773015, 1.046455781610787, 9.089071532562262;
  4.616575314007311, -5.075423646104968, 23.73043492015584;
  1.596358410599727, 1.443242981892738, 8.87986099290783;
  1.581159881838357, 1.345106856199933, 8.803022145600734;
  4.763622566749196, -5.167819009717122, 24.38011624928605;
  4.510836406429786, -2.59006502103387, 22.79718321095516;
  1.604026651859836, 1.674954237157945, 8.757517370397746;
  4.517848117687077, -5.269756783451461, 22.53168002407871;
  1.76321813978714, 0.3364932369471234, 9.33758733126836;
  1.785112345445988, 1.636699999232331, 9.281745841614304;
  4.36562993940967, -4.77519486193212, 21.20939701183617;
