m=[-3.507308884624474, 0.2092088667156075, 5.724993184151249;
  -3.928109721753375, -1.22117141863534, 6.388576848553098;
  -3.88117275511329, -0.07100964851172706, 6.454780228401794;
  -3.934988240715106, -0.4940314985103092, 6.644104733310303;
  -3.884311843969754, -1.148412285666606, 6.637205391537267;
  -3.820266258389876, -0.1082113405223011, 6.563968346764551;
  -3.645130348625511, -0.01962297344314801, 6.35151654415716;
  -3.560947839594773, -0.01614452646843256, 6.294401017411796;
  -3.560212080778332, 0.02973439045436951, 6.358671459407606;
  -3.996488194935397, -1.175497955945636, 7.647932825563303;
  -4.003716035814843, -0.5120723920158229, 7.675235158553416;
  -3.921775967572781, -0.5039858708787139, 7.627535601224416;
  -4.351112356386637, -0.3425010870617716, 10.54219799611033;
  -4.246473665528178, -0.6244911803072102, 10.87033703601635;
  -3.95601782168035, -0.03687911291732909, 10.27846451562653;
  -3.91208516749817, -0.3974761813422003, 10.23506973085106;
  -4.346430535861598, -0.7972937381235095, 12.03665603639533;
  -4.365004385849267, -0.7690438619448557, 12.22614152403098;
  -4.349771618160501, -0.9400071368745944, 12.22263947889963;
  -4.250874475708752, -1.017496259200944, 12.15042823698038;
  -4.089413287787402, -0.816846019435302, 11.95637386005123;
  -4.132226698160669, -1.066048063211738, 12.18097287674588;
  -3.34330014395459, -0.313403759853348, 10.31134884621656;
  -3.248783486511425, -0.3805184452780586, 10.05470548825398;
  -3.795146033528712, -2.545807728123341, 11.97350986775293;
  -3.766354765717794, -2.569304682423228, 12.08368026583546;
  -3.53659380406574, -2.586188365602403, 11.75727262119882;
  -1.228777590864796, 0.4299215767258897, 4.728682953898383;
  -3.936641459797231, -1.342698897990346, 13.65441932132671;
  -4.031026447130063, -1.866754450296793, 14.21606943959379;
  -1.155322804064108, 0.4033306526934977, 4.782243829021073;
  -4.045662133483646, -1.878540110918052, 14.93815850102502;
  -4.029353455353087, -3.316644708991091, 15.58936618735356;
  -4.012003689644634, -3.051019397624392, 16.82030807225226;
  -3.182309005873888, -0.9427194000578864, 13.53369531993474;
  -3.962273212396771, -2.768646307827008, 16.69467624671074;
  -4.340575736319635, -2.616100617804964, 18.22379653910572;
  -3.469957270358385, -1.33825653384484, 15.20369403195664;
  -3.847314134683917, -2.901922305790456, 16.79924815058368;
  -4.039549569025478, -3.520620400821832, 18.01295462244626;
  -3.838086790210861, -2.537621461886113, 17.13433283594228;
  -3.971302377735815, -3.350129081785103, 17.74810101338293;
  -0.88553868447152, 0.6928624056343132, 5.021393038623224;
  -0.8813956150713497, 0.6330000063093131, 5.03984735422948;
  -4.084398386879812, -2.889248110730692, 20.50138391519128;
  -3.962004131978602, -4.063414538720227, 21.87866612780035;
  -0.8987597502993859, 0.1740059574277209, 5.726198446113923;
  -4.035845391704911, -4.494262946185817, 24.11531853473048;
  -1.034852473550227, 0.1488021624269511, 7.874137702712107;
  -0.8705855432084789, 0.2894850979433912, 7.839861548968966;
  -0.7564780172926912, 0.3263076356570365, 7.723822461951108;
  -0.4090090015631304, 0.7875446935962653, 6.882000041491907;
  -0.3835295349423312, 0.7793097400586362, 7.186053309899681;
  -0.3796813699598235, 0.7643807972603045, 7.698496757743187;
  -0.3491464615262367, 0.7930799588354401, 7.617641432952881;
  0.9772763276161922, -3.154016522367077, 16.2637093117579;
  0.9249446038909295, -2.853314381008953, 14.84603640345029;
  0.9361297035916034, -1.323145626973043, 13.44878581675317;
  0.9699936026092368, -2.843574313224611, 14.07412050767639;
  1.057137033271896, -2.049174453228656, 14.48863949332879;
  1.046395937121474, -1.551842525698519, 14.11867368995185;
  1.130543005029271, -3.096425261065152, 14.6997324844747;
  1.080251134747039, -2.881007221027728, 14.12923933803482;
  1.018026597481879, -1.902013396508044, 13.14653726040721;
  1.098370221210513, -1.855901362115401, 13.73461247492959;
  1.03093410997751, -2.52560325814714, 12.93074266848014;
  1.054208620321105, -2.29467419139449, 13.05491672916601;
  1.058469449639369, -1.898707638135208, 12.84756196385482;
  1.108658160231725, -0.8586940778011426, 12.71395321815849;
  1.127322909542259, -0.9695415415612129, 12.83122246253118;
  1.237468861474537, -1.37036521347728, 13.77798125397545;
  1.133803769947062, -1.957101375479834, 12.67486553789417;
  1.203790403701994, -1.250417000456059, 13.29357190682443;
  1.052077712808275, -1.930091958192779, 11.7250418761981;
  1.153903114681208, -1.118140959995174, 12.64875606076461;
  1.121699095563288, -1.917457810477893, 12.09767913882011;
  0.8049521419013014, 0.7613595308657324, 8.927492193482737;
  1.079087305034176, -1.88977495024259, 11.42827922956478;
  1.210734292786994, -2.367952338143732, 12.63973805013116;
  1.206399258124324, -1.545494667739098, 12.39603113101902;
  1.184601222051908, -1.397302328486601, 12.19890272492595;
  0.8056459805547485, 0.5917792843463763, 8.618290811830905;
  1.242031895954332, -1.088741455493343, 12.6840173626722;
  1.17461697978799, -2.058042682362505, 11.94182522715364;
  1.383699764885579, -0.9984072596727528, 13.71929770379129;
  1.253042091389848, -2.301450046203433, 12.54837023585767;
  1.226366579287524, -1.876721920556689, 12.29644556213945;
  1.234989273232122, -1.484506478256141, 12.30090629224153;
  1.403243574241945, -1.185795596627445, 13.39580462149988;
  0.8258642119807775, 0.4133443829047247, 8.191799355913378;
  1.382418283323881, -0.9130102964696043, 12.82983936458194;
  1.321201836840165, -1.540396610487097, 12.29579226368937;
  1.293751958021518, -2.309417578486813, 12.02712891829626;
  0.8505670250444274, 0.2323297688109554, 8.208367792589581;
  0.8606959468029709, 0.2777234326755795, 8.114229807108014;
  1.478840694373305, -1.402585264372148, 12.97038390719069;
  0.864440775883448, 0.7339051869879503, 7.982553366821129;
  1.640191891556745, -0.7051108432921663, 14.0623523468651;
  1.405158562576096, -1.886628118882645, 11.98048326586644;
  1.544841331274068, -2.519852107110801, 12.65015800341922;
  1.542507594129535, -2.186596112641898, 12.41089124251385;
  1.533925913666899, -1.861519150392417, 12.28587049478501;
  0.8437761115193228, 0.6307052727736746, 7.2062770501574;
  1.548166250864699, -2.036666877151104, 11.90533845592763;
  1.77320247325819, -0.8789044896411959, 13.391972489145;
  0.8704059190149738, 0.2818867508824148, 7.051003716503174;
  1.662728423705575, -1.972991101880909, 12.41794772932306;
  0.9155513296316856, 0.2238380486882669, 7.248631877754293;
  1.682159231325466, -1.807720354166193, 12.36141874005901;
  2.093138733473508, -0.6092386906503565, 14.97284049966328;
  0.9395497189449725, 0.2589544174886641, 7.228588787652883;
  2.214776253425755, -0.7164006466365428, 15.55851728056266;
  0.968515031926615, 0.1214095797287418, 7.348727525288313;
  1.77390954488448, -1.994230009736422, 12.58031966559433;
  0.9718566704654819, 0.2302751596621458, 7.145484029441567;
  1.006937333148082, 0.154765415890981, 7.241289184205128;
  1.759500749476056, -1.996347877312656, 11.911335822537;
  2.008675562840659, -0.6368889322130464, 13.1074588605819;
  2.014879443640997, -0.6411858268266525, 13.0816817768883;
  0.8268777243448364, 0.4814778691246872, 5.794045982610859;
  2.23292411403486, -1.282116689964859, 11.28490939091759;
  6.559628561517528, -1.140308392011778, 28.25081188532788;
  2.637517508542009, -2.578543459026284, 11.9740673100211;
  2.625266047957035, -2.623020761002108, 11.76663064129054;
  2.721412365400281, -2.454525836044995, 12.0399901238038;
  5.875250883968008, -0.4837360733163423, 24.73279256856046;
  5.731394616667538, -0.422588130731767, 23.9020596819164;
  5.784734463587558, -0.7432138079987447, 23.6545145544201;
  0.9255773978079577, 0.3033227079977703, 4.612711463911015;
  0.8828410150897857, 0.377366739552932, 4.343356410140528;
  0.9359432775034223, 0.1809406223623649, 4.493465741998589;
  2.189360550172517, -0.771256975826653, 9.121844722479384;
