m=[-7.901606990470659, -2.54297674603814, 13.80355789823242;
  -6.977125308034489, 0.3270182364497285, 12.34380226092801;
  -7.89107880251709, -0.3667746043555935, 13.96927513914781;
  -7.769661232141817, -0.2382208821306673, 13.871557811577;
  -7.740821776417432, -0.05537090172619909, 13.825102668674;
  -7.908257679113094, -1.086493153998096, 14.30215826688853;
  -8.095426457882896, -1.203667800018288, 14.76948691453176;
  -8.027618999907896, -1.331789451496102, 14.65318218389953;
  -7.876795556057233, -2.420072317010576, 14.40965521584229;
  -7.707343702289646, -0.3111541572649395, 14.19105841950242;
  -7.417466652672967, -0.06248810177751795, 13.84049700733119;
  -7.200615341430188, -0.132331918226467, 13.496804814611;
  -8.114119189645502, -1.826314437458886, 15.09547983303884;
  -8.040146564634634, -1.232882738867316, 14.97874216009753;
  -8.093702572781062, -2.358460946534718, 15.09650571903372;
  -7.246195774326741, -0.1273136539230953, 13.75711192789841;
  -7.851709744631655, -1.691608912544066, 15.00179905239768;
  -7.259971161012745, -0.05177186619333664, 14.06619354597139;
  -8.413166616381984, -1.635278451030829, 16.22671330374157;
  -7.197571828171967, -0.09019845982583323, 14.03518577413665;
  -8.664909865567717, -1.505782527887243, 17.00398149201333;
  -8.127078620845401, -2.492894330801477, 16.49330500171554;
  -8.068981768515789, -1.136008247718906, 16.40621206936074;
  -7.933362071412248, -1.122704348861472, 16.3672138113354;
  -6.024893043945375, 1.217003550000966, 15.62621036632129;
  -6.463184730391537, 1.209085058774957, 16.74483608308163;
  -5.998618422053169, 1.258021032630118, 15.90566175929015;
  -9.466485519977354, -2.990263314166866, 24.95047988014184;
  -8.073694215383231, -1.308938331970059, 21.56772776108414;
  -10.55231445096284, -3.87641191613909, 27.95940302932109;
  -8.27590262691187, -0.2130437871031429, 22.3917408305057;
  -8.636745429146435, -2.826235189657399, 23.43065718559776;
  -8.000644258886634, -0.9441727301901887, 21.82781411341113;
  -9.369200092188777, -3.923256520455466, 25.48274631366319;
  -9.170567212794492, -4.005658521952525, 25.23108948307952;
  -7.663206554209422, -0.8126931515794578, 21.26045679940781;
  -9.107281810691552, -1.769013050775574, 25.19065515637164;
  -5.013799963697039, 1.163311243016121, 14.64025079634214;
  -8.942411099725261, -1.7961716984369, 25.64045620003602;
  -4.734013367654249, 1.216220886549835, 14.17285381730491;
  -8.577784417599723, -1.654583296544707, 24.90401291932378;
  -8.644682527873215, -2.002060616648421, 25.16698755559283;
  -3.293837528958666, 1.006492545063152, 10.25986284201647;
  -8.008289329573369, -1.420549023640342, 23.6897366170327;
  -8.407166661602359, -1.822943507506267, 25.45270160087885;
  -7.089040042205523, -0.9795508162268275, 21.70485836615633;
  -8.281528854984304, -2.278378433223586, 25.28839514202214;
  -6.901122566391414, -0.3845183592326534, 21.85421506117707;
  -6.713270135883662, -0.4599262969193264, 21.54647268152874;
  -6.671893328444763, -0.8984656946928562, 21.53305568313967;
  -7.212675217177539, -5.044327089702361, 24.03660845069697;
  -7.179709580773815, -5.158012826785448, 24.10069396593904;
  -7.094116801614407, -0.4631516784454252, 23.82162711157454;
  -2.657801787689497, 0.7316404339118703, 10.39449629154525;
  -2.685355412620369, 0.7043684647821722, 10.51013026297057;
  -2.572413092197006, 0.8026300707386533, 10.61325576251475;
  -2.506701760799088, 0.5848289132693676, 10.5380085001917;
  -2.816646790062305, 0.4013754632912743, 12.59236818700055;
  -2.61671432589987, 0.249827938723744, 12.70772823629285;
  -2.360545618756169, 1.199343689159845, 12.40623628761525;
  -1.963242799740576, 0.1185543208611742, 11.51230533435175;
  -1.960603218744603, 0.1760147777057519, 11.51641661825777;
  -1.780734666309599, 0.1666147732030751, 11.105234892719;
  -1.913280520110218, 0.751285162401063, 12.1869463797;
  -1.91128221624615, 0.7037741935287789, 12.82264296051558;
  -1.861416139919996, 0.296229437487095, 12.73466288296772;
  -1.183652575077591, 1.621942894135278, 9.164147578656317;
  -1.086483459896275, 1.603045893620683, 9.092064070259518;
  -1.397137247719789, 1.576303968823911, 12.85663337212369;
  -1.038011168383365, 1.573379124091063, 11.51755369423434;
  -1.450248703642466, 0.7729175155618954, 16.02948244574712;
  -0.6524782637227261, 1.569217668344594, 10.74443029123986;
  -0.8304094763886427, 1.461217956866855, 14.41720630798836;
  -0.8219539494119807, 1.434941956091455, 14.81785632745758;
  -0.6307265133007458, 1.567553269786521, 11.6476097178513;
  -0.7788073697146942, 1.513311250906453, 14.80584056198122;
  -0.7985428565322914, 1.479405932720213, 15.35429502275147;
  -0.721782399502604, 1.482636744739869, 16.00789998751636;
  -0.3080747311872829, 1.547019019654978, 8.917323247880303;
  -0.2008752798910812, 1.506804136501165, 16.8430300527429;
  0.1787844272057987, 1.565725472260312, 9.205422519270748;
  0.5963083311758971, 1.350284267544105, 16.63751917782908;
  0.7385205301706416, 1.175108653760404, 17.17695449966704;
  0.3852731914837576, 1.570779182349122, 8.035826361701195;
  0.5999250229578487, 1.529767556221936, 10.8693284662995;
  1.534833038509833, 1.394098850314169, 19.00428813158941;
  1.629184242018104, 1.136504360937939, 18.78563997618383;
  1.633818686241742, 1.383388570396719, 17.97226343457737;
  1.444325358711563, 0.6733529206488619, 15.6202593850616;
  1.478003557129798, 1.467399322340858, 15.84143688868678;
  1.542840491734275, 0.343700245679907, 16.09987263100083;
  1.775055078905787, 0.4948257107745592, 17.99584398983114;
  1.682643342375342, 1.121136755923417, 17.01304518699559;
  1.684496789676371, 1.390628730220766, 16.88743404574743;
  0.8993041955692998, 1.535807973588929, 9.347792161002108;
  1.715389832947121, 0.7257488982397292, 16.59680779369965;
  1.626965494320651, 1.267667958348611, 15.64840420681831;
  1.786746281104597, 0.5001325800454288, 17.03465386000939;
  1.765836911384462, 0.4017724061897817, 16.68407152463637;
  1.663853917270781, 1.201884526168089, 15.47897899454823;
  1.715643441747232, 0.4944125411224695, 15.10012415746216;
  1.636706558765405, 1.294194311248382, 14.32419493998413;
  1.810740640772245, 0.3789056883458404, 15.54009005160276;
  1.870168245313076, 0.4526093643303367, 15.58953844279;
  1.786275697523475, 1.431228014236678, 14.55783569819856;
  1.533924070629278, 1.531305573313188, 12.43798052999767;
  2.004948149449318, 0.4130016515406885, 15.94239774644393;
  1.582259979089833, 0.884877622120776, 12.25931228391826;
  2.217955049165133, 0.1828063015764675, 16.51497221860464;
  1.650395917273802, 1.225478899189374, 12.49950424894966;
  1.655959722395465, 1.587573190185872, 12.2725084101908;
  1.686993501312065, 1.472059832490424, 12.35399410382413;
  1.680014653743784, 0.9349622752427405, 12.18297439183882;
  1.847885057157707, 0.6862061836676854, 12.96081498506049;
  1.563415770577093, 0.3679288700515365, 11.04520159960587;
  1.64743827028267, 0.7347559889810801, 11.25705900608145;
  1.553724202285923, 1.484647017419082, 10.05093478364376;
  1.574303724504007, 1.184825815539008, 9.988705966981447;
  1.549640796744646, 1.263876097742592, 9.836441657780661;
  1.576592209818579, 1.129175169071367, 9.96202061618245;
  1.587896555233511, 1.321801729389258, 9.950437835393434;
  1.545199191148247, 1.370337270738923, 9.705521579743079;
  1.548801761372276, 1.596970040766567, 9.575070067823239;
  1.525906438258462, 1.595064582050771, 9.383350467355086;
  1.831576853608412, 0.2960532885863599, 10.98978117421598;
  4.158032063487596, -5.206198045071489, 23.26600009659645;
  1.96849255639762, 0.3183047487044438, 11.51319601340842;
  1.63185631948669, 1.632720085211099, 9.333216084130081;
  1.820453261528521, 0.6201218707716032, 10.2055354988527;
  1.989470633064178, 0.217575680239506, 11.02469221029331;
  1.791871264863522, 0.5493345583238154, 10.01848946198567;
  1.717658441340567, 0.7027596354949995, 9.541910736745477;
