m=[-7.359070108301538, 0.5323843787373983, 12.25635979231093;
  -7.284162511204723, 0.4361631162380492, 12.2714900601143;
  -7.217511153944936, 0.5849605165193239, 12.19549242608614;
  -7.230875225786449, 0.4893075807972233, 12.25432417063309;
  -7.190042204589073, 0.553451370626647, 12.28064117156256;
  -7.188955557720366, 0.4488921555745166, 12.29786168679543;
  -7.12542111850464, 0.4989344116357671, 12.26670343520236;
  -7.073446279621897, 0.6557262665431722, 12.27944792577829;
  -7.057396275224324, 0.5385791838619547, 12.28891692213654;
  -7.023585428065227, 0.609641836442522, 12.29911923956067;
  -6.680977060397218, 0.5596500374353043, 12.48801379441279;
  -6.63835678977892, 0.7319637147942923, 12.57440388161013;
  -6.760730465734853, 0.4324582634138461, 12.79698626170186;
  -6.505315138309284, 0.8861400142798842, 12.55427568275795;
  -6.741862012864894, 0.00478276936097272, 13.21994829035222;
  -7.907993068225562, -0.2838134396107891, 18.96488804681399;
  -8.11597405735262, -0.08702921805602891, 19.62525113595055;
  -8.05958206223294, -1.016555416943775, 19.61039122055384;
  -8.134335209479341, -1.111902132818961, 19.88685951890735;
  -8.125342464853723, -2.226842060898775, 19.89384889528354;
  -7.908464354530508, -4.359372283950808, 19.46499234494029;
  -8.094066893293592, -2.356313456432237, 19.92948903517563;
  -7.775255563063212, -3.888498486133631, 19.25808414524477;
  -7.953888897293289, -4.202932398849321, 19.67280971513552;
  -8.230818964497951, -4.372812047849358, 20.82227906704592;
  -8.121405704220299, -4.654942556060172, 21.1175701215251;
  -8.347177026396286, -4.552623190344725, 21.68595666405291;
  -8.300556837415561, -2.430748246983301, 21.9148185362535;
  -8.143118618090913, -4.937319609446093, 21.55327854277945;
  -8.269127224703563, -1.064160960946938, 21.86246687171383;
  -7.978366724909733, -4.004048418060362, 21.2562029274469;
  -7.995182992844492, -1.037391795312618, 21.45375451028049;
  -8.172099116103462, -4.105554352749223, 21.98576062171208;
  -8.097827560589641, -4.071378571606145, 21.81813265643125;
  -8.123012166966744, -4.232323663694482, 22.01713419659898;
  -8.502095416667931, -0.444338463715409, 25.49714404897495;
  -10.10509464246387, -2.77561458938511, 31.23026795021122;
  -10.02220292940366, -3.96912960210742, 31.65605338326525;
  -9.885603552399216, -3.180592913433431, 31.60250793120728;
  -10.2121177774987, -3.181831670832277, 32.9644488481358;
  -7.124519247345456, -0.07666929991822656, 23.61794643173124;
  -8.715080949436679, -3.452113925800014, 28.64804262326518;
  -6.17832986877334, 1.213934802105311, 20.81505716348958;
  -5.783240047331096, -0.5477576550383488, 19.67914613607623;
  -5.302155072142505, -0.8044386184328826, 18.35662879798161;
  -4.781883861856131, -3.361248223010047, 17.10543422892304;
  -5.748332528105492, 1.385649136822765, 20.85709479515596;
  -5.080869059701849, 1.221305316962705, 19.83497230038064;
  -7.068460240878249, -0.2859361140156972, 27.47887462739371;
  -6.947545839423808, -0.3866921489990345, 27.34833008094831;
  -7.632562842611789, -5.154337344659346, 30.27493425436493;
  -7.922600599536768, -0.3217893562771684, 31.89918721349203;
  -4.50234175335836, 1.482121558403573, 18.74721484492171;
  -8.6465674250205, -2.953413380785477, 36.13720017673778;
  -8.384172541341963, -3.877603857882957, 35.4493196831842;
  -3.820855287016899, 1.120386826967046, 16.78130347679946;
  -7.376305734160495, -5.755340412153896, 32.13346216201487;
  -8.677229592676662, -4.021531468586859, 38.07062865413497;
  -7.310196930495455, -2.134024533333644, 32.48184374759077;
  -8.243491239056112, -6.867150122771279, 36.53186946064494;
  -3.482365904099607, 1.18434413396256, 16.14172251891456;
  -3.480501155960946, 1.039033006246188, 16.18070285896919;
  -7.571324562192324, -2.4765491683706, 36.43069487213491;
  -8.040929742884879, -3.271007591161092, 39.04866086507342;
  -3.280977209305532, 1.377792506440011, 16.6156647920185;
  -8.590738603894472, -6.49229770830933, 41.97468765650775;
  -3.166110446000054, 1.257765978647591, 16.10613840491497;
  -8.490615616182019, -5.897104144704381, 41.63945716246293;
  -8.308358344860228, -6.45052931820466, 41.25764254489168;
  -8.592665597827764, -6.403731297412813, 43.51976937600696;
  -2.761773039026914, 1.616147866477354, 14.97971339535063;
  -11.10038922823161, -12.99170658247168, 58.22964675500376;
  -2.764506209389325, 0.7760572031921633, 15.81990900486938;
  -7.492315236285577, -6.812170068709114, 42.32460103538078;
  -8.591841918788509, -8.773622216013676, 48.84308999265436;
  -2.667272654045247, 0.8510334032196251, 16.82854149751633;
  -2.063124877619012, 1.024493973456438, 15.95525387802032;
  -7.04768176703509, -13.02388934735912, 55.16508325817967;
  -1.998844887237358, 0.1466814139653605, 16.64811714823303;
  -0.1569582489641423, 1.66574811551355, 10.85950171109783;
  1.802283995354252, -5.788823390143334, 33.61451530629987;
  1.812103336476793, -6.904619764705013, 32.46581751254018;
  2.007910165788943, -7.072368187988926, 34.09358160698663;
  2.033872739302906, -6.037879779709317, 33.97182661677374;
  1.852975707696893, -4.592266268319951, 29.26305616472763;
  2.381730063806543, -7.562139387778829, 36.68546006453536;
  2.267787991941023, -5.91617086675817, 32.15936096559619;
  2.711097125371637, -7.028762690475065, 35.80140055016666;
  2.595315966653977, -6.933578488425593, 32.64437139391745;
  2.389171453860184, -4.547554683848585, 29.10990663765189;
  2.311321359500825, -3.784634781566897, 27.05138674157039;
  2.972439271195716, -6.875493590440048, 34.49762910235084;
  2.472479977208935, -4.414808484646988, 28.58193532142449;
  2.467670790636301, -6.242580954527545, 28.42020106303153;
  2.858832129524972, -5.812757605713618, 32.18854782952796;
  2.528521267616826, -4.494643788640787, 27.92555483872862;
  2.889001705382783, -6.694216275382567, 30.98319737986071;
  2.49300013708799, -3.801060329955115, 26.35618760835435;
  3.538328872144914, -8.004285406640088, 36.64442586932351;
  3.223939196852918, -6.392962376915524, 30.86457229712423;
  2.932767995472693, -5.202687909901331, 27.81697745391706;
  2.88051224131065, -4.564165708306137, 26.32666973196595;
  2.806180341651787, -5.122365627781435, 25.8320696546092;
  3.449868046563554, -6.15000922410345, 30.0084183676384;
  3.535289616147167, -6.370689731959835, 30.36766389361423;
  3.636187435741342, -6.220788808546462, 30.08683995943975;
  1.41432703471033, 1.496953483586573, 12.28673712788342;
  3.836864451642137, -6.034645110724592, 29.42192791664274;
  1.585803369002203, 0.2228350578185464, 12.52385458720142;
  3.783982444699357, -4.617239235396548, 26.25018482861102;
  2.899489573295807, -3.954348242194437, 18.48894116872662;
  2.180167923149553, 1.061560970719605, 13.88051750870276;
  2.855647643647078, -3.399054485990907, 17.89477412317751;
  2.673010955234147, -3.239054042452599, 16.72077201079163;
  2.99540820981438, -3.865879004469852, 18.13835158155858;
  3.119598352055956, -2.939011663110172, 18.57585184144085;
  2.32255067129415, 1.090421779055073, 13.9137501103389;
  4.336899039959337, -2.347116468019072, 24.71418445390426;
  3.155350271724799, -3.885296339994856, 18.32222908563755;
  2.332507035556838, 0.7048013803453697, 13.74369547337756;
  3.149011848756686, -2.878817043226972, 18.08822115624796;
  4.014806823779307, -1.521050701626522, 22.6253759710411;
  4.236263250461796, -1.99330982387242, 23.2331978557076;
  3.733210058092531, -2.430499885601632, 20.26240305385544;
  3.15419847231538, -2.455139422418803, 17.29631530653327;
  4.296761142842902, -2.145104029142295, 23.08892572480562;
  3.01340165539279, -2.975386290025159, 16.47212384431958;
  4.226974768966013, -1.852088687768267, 22.55391196041097;
  3.017801291148173, -3.738876027721627, 16.37635762146559;
  3.435575780143398, -2.040189431126225, 18.32932650989358;
  3.41354463520822, -2.84254058477405, 18.18974573938722;
  4.164415487698759, -1.317519611506281, 21.8259042870238;
