m=[-3.350132763860052, -0.06112017394924189, 5.546889825553675;
  -2.426382979837763, 0.617586286865093, 5.226168937294125;
  -3.925245309763729, -0.2393518727866467, 8.377621055139333;
  -3.949862159763217, -0.5984034444670523, 8.561124084880786;
  -4.00048157782324, -0.7123889511439465, 8.712775366327044;
  -3.988924621261142, -1.191680450165496, 8.707326261849232;
  -3.840340954670691, -0.713794335006583, 8.646529151767824;
  -3.594896967630608, -0.1310758723170611, 8.256000509100433;
  -3.475680902589058, 0.06101239542270676, 8.240191353486679;
  -3.980045987077201, -0.6243495523344603, 9.485059055319235;
  -4.013432935193048, -0.6342073369973529, 9.694914966028584;
  -3.903327396330181, -2.067964754952446, 9.440415344367318;
  -3.907955521568913, -2.134842097529426, 9.508022428463224;
  -2.41355948630561, 0.4380966587932123, 7.599833456399042;
  -2.69464161050438, 0.5403281256837622, 8.761502073069346;
  -2.591707499925552, 0.4593717507127954, 8.708744326211528;
  -2.534832619793577, 0.5340746231648491, 8.758493863161656;
  -2.511793950392768, 0.499958017810623, 8.757600386712189;
  -4.122916178968013, -1.236131515420596, 13.90650884572707;
  -2.175864316070012, 0.5407107851399451, 7.992286035403311;
  -3.390678238059016, -0.2873120438221832, 12.10379674331107;
  -1.870090403907222, 0.4430235541925424, 7.170337148466855;
  -3.406404405853027, -0.3376875014693566, 12.30372529261124;
  -3.31410165347516, -0.5472040777123486, 12.04542380689347;
  -3.746670012426295, -2.689416523961955, 13.73288447382248;
  -3.563622312285761, -0.3191528256452109, 13.29887835037126;
  -3.578398708140853, -2.957756139450317, 13.8857067389118;
  -3.96558394433064, -2.017256314702018, 15.63959340856813;
  -3.955957914951064, -2.626270073554768, 15.63678744866838;
  -3.925480213078443, -2.007700027443422, 16.11804474326496;
  -3.941124926296184, -2.605442713788039, 16.20002717577225;
  -4.10460659008336, -1.392810856668298, 16.95383727263736;
  -3.736056247359559, -1.042091399704393, 15.88861500858313;
  -1.346991117921156, 0.2969262972619304, 6.664681187375721;
  -3.567614647032671, -1.352705486743872, 16.00790101782693;
  -1.343640804207756, 0.2810272869089349, 6.662061690052548;
  -3.996413110148576, -1.834772789524331, 18.22045913752256;
  -4.162165912304034, -2.742032214103653, 19.02295711762914;
  -3.891559225612622, -3.14238253732296, 17.85078006694919;
  -3.942679862627639, -2.947709807695798, 18.15430605065694;
  -3.846259058862856, -3.186546667594666, 17.92938337248195;
  -3.565633887850817, -1.302512738536589, 16.777094742681;
  -3.495942486737605, -1.553544592566785, 16.90975218764686;
  -3.685556332110731, -2.682137362593429, 18.05034058019923;
  -0.9828098809040374, -0.01554937399158154, 7.103542817869244;
  -0.9174298606822195, 0.2891416230003441, 7.222339085268316;
  -0.9308864706158638, 0.0724406815754666, 7.690962359936354;
  -0.9980328247916415, -0.001584641813911423, 9.18027276116748;
  -0.9254044648899718, 0.02521230919170941, 9.501218171634536;
  -0.8594694075656879, 0.09054111591732141, 9.100753803311097;
  -0.5246528213097601, 0.7347042161008974, 6.040178047051224;
  -0.8777202867232988, 0.1319133326716796, 9.473013584789381;
  -0.8441357096441622, 0.4233319795341287, 10.53309401747599;
  -0.8114701461250411, 0.3111150863920074, 10.19447759181084;
  -0.5276669242705686, 0.6929818645099082, 7.144672879676346;
  -0.4513354541729107, 0.646814411135296, 8.895946029029016;
  -0.4114808315526001, 0.6240338527298763, 8.995944131793046;
  -0.3890577779371126, 0.6326562040907342, 9.491970299862473;
  -0.3174652027167556, 0.6799861442057215, 9.2871643742803;
  0.2329038958266639, 0.5709329411059441, 10.16256976630798;
  0.4733238503979393, 0.5140678127575767, 9.597673402028947;
  0.9436804685714302, -3.849482415436287, 16.0713573245558;
  1.0434562070491, -3.38610046382803, 16.78176194107717;
  0.8700065779259979, -2.588717269501403, 14.39550865213695;
  1.116023595238376, -3.848995698262153, 16.5950796288546;
  1.174287112443269, -3.518212117174438, 16.95206601758921;
  0.8534457003047733, 0.3669591136509158, 12.46199594831351;
  1.03097535643811, -2.310682964275574, 14.04357982870131;
  1.055218762951059, -2.16306630876615, 14.21127753930191;
  1.282999700114664, -3.91465274843861, 17.01061223461575;
  0.7969820350988072, 0.5679951686737486, 10.57179599290291;
  0.8954769001587238, 0.1452996019926285, 11.74267068638204;
  1.3748076982711, -3.782359915468727, 17.14666096507728;
  1.081847518234131, -2.245122220272837, 13.72618498323165;
  0.7566293323086525, 0.6309502995570502, 9.761179837927005;
  0.8325218246024355, 0.5019817760852127, 10.64723867289629;
  1.137809321187802, -2.06323144385358, 14.06347586015303;
  0.8009248751397203, 0.06454113556029605, 10.12852749072139;
  0.7792814906816058, 0.3247118285114099, 9.599835626263927;
  1.177824627131172, -2.453129442230562, 13.59191143621641;
  1.55680897496504, -3.974249944649837, 16.91780539612832;
  1.205631884032923, -2.186282974118254, 13.34552813910765;
  0.8122466806007823, 0.569876408626202, 8.907396256415607;
  1.32109053023973, -2.089723168955374, 13.80632914368853;
  0.8931342286758693, 0.008620041557164596, 9.376548823768431;
  0.9081076650441529, 0.1096979121058359, 9.314884848319807;
  0.9199679149780841, -0.02939483359265082, 9.330969246565404;
  0.9539786760442595, 0.03252678268949923, 9.441225634864448;
  1.532721693108578, -2.3585008906689, 14.38539927278286;
  1.545017375450043, -2.542298224741084, 14.16844904457605;
  0.8061704863740229, 0.5110517787569414, 7.749745316356836;
  1.462016997003854, -2.786292160345769, 12.98124022236519;
  1.607454418526616, -2.115403723674579, 13.90150041185305;
  1.522182257057824, -2.612149695818276, 13.04115786243063;
  1.613978307085867, -3.113073835974809, 13.57236892241685;
  1.735579227690637, -2.325271339627994, 14.39591788778563;
  1.599957490094688, -2.383875771721281, 13.2721782736868;
  0.7566708546639012, 0.6480713685844439, 6.514429848830175;
  1.842181264799601, -3.496261909258532, 14.45648504036904;
  0.7829162519495216, 0.401829574483126, 6.63960825332608;
  0.7744553557944068, 0.5135701253383889, 6.556114156615035;
  0.7675722402006804, 0.6871635616129305, 6.404925395130871;
  0.7721049741746585, 0.523720534161212, 6.41530909678568;
  0.9052687201839114, 0.2139209050135374, 7.284614607229745;
  0.809839642734777, 0.7458231948167056, 6.260952029937954;
  0.8719266825744551, 0.2371866173452506, 6.443448363459803;
  2.008233598496242, -2.791519403007276, 13.45943901721113;
  0.8864133588353368, 0.3297403333531293, 6.351721431486963;
  2.011064914119312, -2.695379759559001, 13.15126341646263;
  0.8958512494032542, 0.2050252873352493, 6.368284066218987;
  0.8936758500591662, 0.7544320289936347, 6.17149895528948;
  2.808377492904379, -0.7618645993227238, 15.03629545512893;
  2.136706301033452, -1.038957022694958, 11.27132438775658;
  3.296087915621244, -0.0360023209684319, 16.7584253477765;
  3.518983700263198, -0.1378132191009, 17.79048070184963;
  2.170605640270681, -0.9715772260409868, 11.26874788941463;
  1.978814588162903, -0.679355937007683, 10.3065424910807;
  2.136598405445754, -1.146306690171913, 10.82074601126588;
  1.616616885849729, -1.593947667105396, 8.348166244932976;
  2.284350157338406, -1.154341069608996, 11.22417684734879;
  1.213611423376865, 0.4919939277430043, 6.30946016030047;
  2.280665424568805, -0.8439194283969135, 10.93559840506451;
  1.744586882442144, -1.567406644803838, 8.334672793515979;
  2.483014719870292, -0.686660150904123, 11.16639391336127;
  1.695462883978931, -1.048057320631336, 7.838193865390823;
  1.88121366689545, -1.518395911995717, 8.353068798160001;
  1.861048952658587, -1.012940054266383, 8.218564767258807;
  2.02732146792477, -1.078713667840338, 8.600376278560228;
  2.118014367473323, -1.260105416250862, 8.831733303566223;
  2.005599968036638, -1.226558441424383, 8.250131131688832;
  2.063288109761058, -0.9086370727395, 8.409258406620893;
