m=[-3.911309100344544, -0.05579404309141826, 5.972529567801789;
  -3.922923245019057, -0.08919491137154667, 6.005520704602327;
  -3.873096930122164, -0.1397661861395547, 6.050205710470134;
  -3.897547185388912, -1.141044936791748, 6.178726007040108;
  -3.820123688023856, -0.09138297998005272, 6.084356877963902;
  -3.967934674964067, -1.155363458449227, 7.119755092630816;
  -3.992775593391207, -0.602989647538455, 7.17219387735858;
  -3.921504939930629, -0.5421867579621592, 7.152194374171913;
  -3.907697359355547, -0.487359203616573, 7.133076601784883;
  -4.308733156598033, -0.208516717427687, 9.541710763291052;
  -4.74040882505425, -1.286312279463917, 11.40237463604441;
  -4.22713632759343, -0.6050570446259768, 10.36772702723345;
  -3.934742171427022, -0.01399880756466498, 9.76150582793249;
  -3.862548817474675, -0.3713356734671571, 9.654272163912168;
  -4.73147266097274, -1.627036345413883, 11.66808292394648;
  -3.892132780381187, -0.2497135149363287, 9.924212100021764;
  -4.543989361942371, -1.400322989964694, 11.4624430532957;
  -4.445299560964393, -0.7806153887368107, 11.42125611405863;
  -3.676730855707377, -0.4150021938656483, 9.702378643061977;
  -3.617347526076078, -0.38165730835254, 9.695855916317175;
  -4.264472342088844, -0.9019751868886252, 11.29041227560387;
  -4.255804164086758, -0.7638304194942939, 11.3422968581827;
  -4.204875785454729, -0.888861231041355, 11.37991216624805;
  -4.227000385852961, -0.9913828953109004, 11.62329563111084;
  -4.024839406046838, -1.022153571022619, 11.43193322788657;
  -3.235400151298598, -0.362845222952052, 9.563409504196251;
  -3.298105236397907, -0.2907944072474937, 9.73101841881785;
  -3.867695949042038, -1.777293226508319, 13.22721574899996;
  -3.709143083997407, -2.582222975647436, 15.23711241556486;
  -3.626950094891996, -2.657377487370985, 15.01542829656701;
  -3.246074118019681, -1.233969141848184, 13.8526417405143;
  -3.265981975558429, -2.136730765690351, 14.18298930146824;
  -3.636767654634606, -3.001592046772702, 15.91413448500584;
  -3.507829843564657, -2.471823269204574, 17.28985080768838;
  -5.001356448622478, -5.196601371639864, 24.5515572729711;
  -0.9230714201136483, 0.1869721597611267, 5.406701385339853;
  -3.677166879010482, -1.526595975655178, 18.58448756327434;
  -5.203441677359781, -6.185214631013044, 26.65086970433766;
  -3.547786628402963, -1.914461379865529, 18.57982299721571;
  -3.647159754880131, -2.306288596419572, 19.22937886902763;
  -3.608387714100888, -1.654182143879821, 19.2572366435292;
  -3.652968177333154, -3.747785707557581, 19.90299556060686;
  -4.761261911983479, -6.424005287052941, 27.07018536838035;
  -3.613427073392308, -3.742093311262674, 20.8976153887033;
  -4.50712357803997, -6.056832759695984, 26.71913955527612;
  -3.97174486970492, -4.553263905992899, 24.0760698297644;
  -4.426121217470621, -6.191894401952083, 26.82735296112006;
  -4.7570190572906, -6.938295255367308, 28.96135019147002;
  -0.7461989293308271, 0.7697353783738051, 5.493417887738114;
  -4.320420191150652, -5.512491687865855, 26.79514601582655;
  -4.187046687093009, -6.326296079289595, 26.76826034157219;
  -1.017353734697875, 0.1645966579463168, 7.326108220226893;
  -3.867786948443447, -5.0457459297311, 25.08445129810189;
  -3.665241367772024, -5.699360201221746, 24.89318124126644;
  -3.911772940038468, -5.899798364387819, 26.6437306976481;
  -3.75174139720417, -6.188632895331478, 25.74389275060664;
  -3.704568589218012, -6.238109884388298, 26.11872497298466;
  -0.872554575664147, 0.1817528485764555, 7.049755965098681;
  -3.614534767721664, -5.335062250900405, 26.15768259258995;
  -3.953176612537452, -6.885586609850972, 28.92639339967364;
  -0.8803619106970996, 0.3411926792551775, 7.379968361720255;
  -3.605932539423832, -5.853336422111924, 27.71419096426432;
  -3.424602097902961, -5.421900343106493, 26.46882095265642;
  -3.654332336902553, -6.159778534219162, 28.30317786095043;
  -3.25207294822209, -5.398742760472134, 26.50069215599168;
  -3.089254733733198, -5.2148907350204, 26.26588974427778;
  -0.7718014877350176, 0.4467636885690599, 7.358626837113204;
  -2.940756838269047, -4.725236427373784, 25.3967557860236;
  -0.7628298069118449, 0.3527903042662788, 7.406871194046817;
  -2.766400917761102, -4.432509073906259, 24.47309918221222;
  -2.889840413918801, -5.014568861599484, 25.66990649920337;
  -0.8465185083019061, 0.5256277936712778, 8.582836995643321;
  -0.8454784066986517, 0.5832134838185441, 8.585417560049208;
  -2.824848628228011, -6.502866894538266, 26.88730490979892;
  -2.705440790696465, -6.473074623441619, 27.04595040487054;
  -0.7813664058028629, 0.5524442844602442, 8.948527215568729;
  -2.197305327695456, -5.247310816966833, 24.63694182959663;
  -2.011370754410784, -5.773807030038245, 25.27135746061909;
  -2.126856615020718, -5.689698335783518, 27.20843861909493;
  -2.101351041913802, -6.517958665588925, 27.34886055402023;
  -1.865272138047286, -5.436953466298195, 24.71407208723071;
  -1.826912893254743, -5.962121386078951, 25.99130226328853;
  -1.946906087778067, -6.412401231085033, 28.4795612530789;
  -1.801915652133726, -5.555476110204206, 27.39683004340702;
  -1.742241802772288, -5.717017539140895, 26.99274096998898;
  -0.3821125707014105, 0.8102844832464056, 6.823110534828897;
  -1.616380891805662, -5.768781728307907, 26.11345463107822;
  -0.3804295461334776, 0.8009949867299521, 7.172814731422745;
  -1.609104577465761, -6.503374728019945, 28.83154758077143;
  -0.3677400768848757, 0.7814171714973454, 7.218600578518328;
  -1.436314580066513, -6.0520995524619, 28.31579476768397;
  -0.7179292548127497, -6.19820749113452, 26.3006558312847;
  -0.6729596888582192, -7.151812532474388, 30.4692757323248;
  -0.6081316858640441, -6.307870165568157, 28.64083885152689;
  -0.3594533491485302, -5.992073212628748, 27.14682276396631;
  0.9537169126263219, -3.281979440106805, 21.92343808977882;
  1.000542268943008, -3.221349130123369, 21.0129095031313;
  0.9083339369771708, -1.748120432234429, 14.98117671640503;
  0.7955281458079211, -1.286636691128171, 12.56569333772778;
  0.9143644217647812, -1.266465935217645, 12.51518755877804;
  0.9837611271067015, -2.775698815286221, 13.3713397397005;
  0.9585173364244694, -1.819641057877549, 12.5339909428256;
  0.9707044246424245, -1.853485599635642, 12.61557563658822;
  0.9836497171127407, -1.409306083132828, 12.53384160556162;
  1.111431091585358, -2.96288348370333, 13.69427994433976;
  0.9839781838730352, -1.505503121036738, 12.1115149048757;
  0.933635455794109, -1.94388080605856, 11.30587110885867;
  1.059902414617941, -1.745030723149261, 12.56290067531658;
  1.03499154581022, -2.190866862202797, 12.09166183798992;
  1.064304446006047, -1.85184033384768, 12.1674226746086;
  1.067017068679245, -1.573934651327063, 12.05603913465366;
  1.077962628351429, -1.493401024218382, 12.12870098737248;
  1.241314477417279, -2.903971809447623, 13.72441243554368;
  1.166936280001214, -1.389270040186739, 12.67366620616543;
  1.211948467367047, -0.9035400329991091, 13.10433083977472;
  1.151564065671836, -0.9492027939800434, 12.36122145058647;
  1.112469353397583, -1.867517639578945, 11.74673904534837;
  1.050477725625523, -1.873065648881577, 11.01151359570049;
  1.159123215083022, -2.266909044322757, 11.92787659057648;
  1.150372850264212, -1.077601872578592, 11.91581046833962;
  1.119827018294656, -1.865540656937935, 11.39733314463293;
  1.060124081204779, -1.425116148222466, 10.7385686359103;
  1.131612889410502, -1.925129439613533, 11.25429197276491;
  0.8141205469775937, 0.7728397997921712, 8.374241102916464;
  1.271255476397435, -1.590356077945786, 12.35235567891799;
  0.7993953738047294, 0.6619698072587085, 7.946486287400588;
  1.366097771572696, -0.9517355305963874, 12.87591732117993;
  1.197706489210326, -1.775963547887525, 11.30411706267915;
  1.23792344036786, -1.536322705396425, 11.5839275936136;
  1.590481553186118, -0.7937398235829425, 14.34597671131604;
  1.352008494733799, -0.8506714668693384, 12.31832297709603;
