m=[-3.946072114826681, -0.226239069853635, 7.44890279653004;
  -3.956675388445966, -0.5850419469914717, 7.61178164363882;
  -4.008664925264294, -0.6390393379271058, 7.773408148394248;
  -3.952866390219763, -1.252965451686699, 7.674942092160532;
  -3.835001725940116, -0.1989967188235973, 7.526045605130369;
  -3.693323910040872, -0.07543890964304108, 7.358571164017119;
  -3.626775920612376, -0.1093563112899096, 7.259225356383522;
  -4.066473541992734, -0.9102471078719223, 8.089060307677723;
  -3.614601625308819, -0.1113194688031488, 7.327971933998034;
  -3.660476181593479, -0.04846716235402075, 7.47465100602606;
  -3.975495668138488, -0.893449706860099, 8.033204956142454;
  -3.569447455761743, -0.08834128109346268, 7.427933627667338;
  -3.514969732139501, 0.0783789034216779, 7.352232633710302;
  -4.167151305403159, -0.7633183600625607, 8.644171291956303;
  -4.061542148449173, -0.6228598831469538, 8.703556808432664;
  -3.943869529353217, -0.6091678610824204, 8.5884339749938;
  -3.046770952812864, 0.5551074650933915, 8.357903899533291;
  -4.553088639358736, -2.058005287832877, 12.91915033966895;
  -3.881689300845283, -0.4859425666855736, 11.19010784307631;
  -4.529011524335064, -0.9592900962922741, 12.93945520066686;
  -4.325522355609441, -0.9178740548575334, 12.96321173284808;
  -4.319965686835202, -1.080272718083846, 12.9795679699919;
  -4.335933568349342, -1.188381607459009, 13.22950202927293;
  -4.179293364381254, -0.9869247104546278, 13.05796813795176;
  -3.515587383545556, -0.5566937147626151, 11.18645694584433;
  -4.117549556871897, -1.210655070276315, 12.97339567535884;
  -3.39621707426138, -0.2605006603358613, 11.18415851841414;
  -3.328414658050547, -0.2993339530961061, 11.1072303800326;
  -3.319580528472606, -0.5195114085501903, 11.13177925427903;
  -3.621609064394956, -2.584515518620506, 12.41723559660826;
  -3.948173105283634, -1.506797853675178, 14.48447234915578;
  -1.386119848959187, 0.346316154371777, 5.788903076020041;
  -3.984441847035073, -2.002515351044424, 14.82779912585754;
  -1.358334582452656, 0.3280247044059792, 5.759475807747625;
  -1.356997498680743, 0.3120963857496476, 5.765695048464417;
  -3.972610645689049, -2.007898470675144, 15.42796403543768;
  -4.006601555553626, -2.631191505830967, 15.59691470215864;
  -4.015468177582115, -1.331695004440835, 15.71907105983752;
  -1.266598476038458, 0.2508730926329897, 5.773711963685623;
  -3.854468242186441, -3.290712700963877, 15.58544873483184;
  -1.227285668753275, 0.3243065325204435, 5.766430470810374;
  -3.52151409771012, -1.30597058507263, 14.93318286349589;
  -1.41958292826632, 0.1494292213113889, 6.781185665457445;
  -3.851138915309647, -1.74944751386327, 16.75158962397028;
  -3.784781869309285, -2.594954088572313, 16.51641064303129;
  -3.874468332252001, -3.109130765908474, 16.94294551152922;
  -4.232147789835223, -2.746716503859995, 18.46635141026171;
  -3.89721010106412, -2.892561586501893, 17.12139981367144;
  -4.711039347673271, -5.062959496765518, 21.12151781281304;
  -3.463329241289388, -1.506922530868285, 15.89563598660779;
  -4.009747633836968, -0.677516501989231, 21.61196021252563;
  -3.953449909165019, -1.268013092513735, 21.36009181776871;
  -4.006915344417624, -0.6729283587884316, 21.88080786009937;
  -0.9928234414121513, 0.04158959758870102, 6.24982175285633;
  -0.921481346085863, -0.002896874014772819, 6.292336256743726;
  -0.9412097071286478, 0.320103708432181, 6.438840561494949;
  -0.930222191224963, 0.09846626698454607, 6.773135437711086;
  -4.138936229259904, -0.6976211658389681, 26.78181140660354;
  -4.03114170656698, -1.530544168411967, 26.06880882388904;
  -1.063447153538588, 0.03564659836764274, 8.84266058360574;
  -0.8765100203650151, 0.1296823408465534, 8.39271213897182;
  -0.7190211505518547, 0.7070786607170425, 7.152762816221384;
  -0.8870451443335428, 0.1729405191120678, 8.698781463615838;
  -0.7653927656279788, 0.2104663279920186, 8.505746893134109;
  -0.5357052126008715, 0.7467670352669236, 6.336547208329842;
  -1.492151434003457, -0.3037505747973761, 15.85851383466259;
  -1.381025840923156, -0.2223037916061788, 15.29718500824023;
  -0.841011940994138, 0.2238952080331534, 9.668994256214887;
  -0.8546574621610769, 0.4406969052149666, 10.75291291471598;
  -1.291250013092995, -0.1056116475268734, 16.30433944866283;
  -2.433121490998884, -0.9260229028795828, 31.43274191004394;
  -0.9724300753385272, 0.128162123320928, 14.80708131688396;
  -3.113783411404965, -1.226603874971958, 46.79343100474964;
  -1.001838739107571, 0.2274988651787327, 15.71356321454855;
  -0.3462458055017341, 0.7537867671767181, 6.001830921929787;
  -0.4367219128535555, 0.6733582642701599, 7.784056913624211;
  -1.158606254276527, -0.2971598436871029, 20.82311145035547;
  -0.4200247358260906, 0.6885233336407385, 8.331746019432826;
  -0.3840134784770695, 0.6878877484125469, 8.679817288125401;
  -0.5800708900279143, 0.4535158459188609, 13.0719470077007;
  -0.672801548975929, 0.4594815161983368, 15.16854777935592;
  -1.794210799985985, -1.49844006380296, 41.87389116617885;
  -0.9354770123045554, -0.48564614392168, 22.15689126371515;
  -1.306796602152318, -1.489880807611376, 31.25992759885291;
  -0.6353274612696666, 0.4139268971812686, 16.22737775382778;
  -1.448051057493129, -0.6493716954332157, 39.08747537426608;
  -1.320292241613919, -1.050042846624298, 36.15308110320952;
  -1.05895236314615, -2.305692430009527, 30.37839430009428;
  -1.231309271982002, -2.993509511040689, 36.95615009496519;
  -0.7374866312412549, -2.821676066814895, 26.26447214712427;
  -0.2980267782386831, 0.4438271711320739, 12.02568508182253;
  -1.357473616238124, -4.702878398726605, 53.79314171867735;
  -1.368597612649896, -2.341272559865373, 58.4277264330314;
  -1.455802569332946, -6.675406737297396, 78.42213972652344;
  -0.4269263928201141, -1.613069962197131, 27.69640410797126;
  -0.2237160089557925, -0.2277721416258438, 15.53184225798266;
  -0.4969021347781759, -4.409825236917263, 37.69068007622584;
  -1.214114016831179, -8.925511821074318, 102.3206507116254;
  -0.1989647942472794, -2.745224545556015, 31.50263515854535;
  -0.05698489105285864, 0.6386824835858812, 11.02600722513906;
  -0.1949668751838242, -4.056348731243553, 36.7885638698269;
  -0.1699399621579156, -4.40427691161163, 41.55006497863592;
  -0.08430905342231877, -0.824164314255896, 29.06990625701171;
  -0.024542334430764, -3.86942048221601, 39.29488312827037;
  -0.01088046533175465, 10.69543860779238, -230.8959623694919;
  0.03030125109232918, -3.455076139116066, 55.73639952154911;
  0.1060985141414185, -0.07675882667975301, 19.60095990162527;
  0.5246246851209874, -2.092351099510965, 61.21775400575453;
  -0.159960906483868, 0.2847391325536869, -17.25886301620196;
  0.5426516105527869, -3.551935093307164, 48.56319583998597;
  0.7200831015192408, -3.177432793783867, 59.20962179785777;
  0.765825503027219, -4.825864095163029, 58.26523450651994;
  0.5908440146593713, -4.033975467443293, 42.72141233658869;
  0.930863842946561, -4.432674844463026, 66.75964709592422;
  0.366749978031525, -3.482206831814822, 27.27343481699421;
  2.689808328556734, -4.83811434667593, 169.8606207562847;
  1.03154710510984, -3.844226086141864, 54.38089667516425;
  1.474573639675099, -5.141321650863722, 77.00350946951556;
  0.08595750727212924, 0.754554364023114, 5.207500238295208;
  0.9072727363123483, -3.441930762146537, 41.93349766527056;
  0.8586312277948254, -3.596858784368566, 38.6908088477179;
  1.119247069922779, -3.248775178375297, 48.00124399200048;
  0.4458464120262824, 0.5487643616619071, 18.66015807551113;
  0.6500740354297659, 0.09239356068904858, 25.13525915215783;
  1.16393063246581, -3.400381020719741, 42.47434949178776;
  1.053074445632846, -0.5277843066854383, 35.84582263864542;
  1.510636896033296, -2.380238513024493, 50.18725582910653;
  2.317868338511343, -3.152605068123594, 76.83261759266236;
  0.6453366011137046, -0.5669398953920365, 20.11646709999508;
  1.459050504138756, -2.657162325889744, 41.36114065387082;
