m=[-6.753934151009914, -0.1071977874806988, 9.205242584075799;
  -4.810219313831063, 0.5618610152776165, 7.194043025958808;
  -7.838470182418479, -0.449400860283999, 14.79648642075028;
  -7.8609478041158, -1.162335485480539, 15.12275138155137;
  -7.879274802219837, -1.256070698556657, 15.27910665842818;
  -7.959284559121686, -1.39227273309451, 15.42477157679701;
  -7.87454717597189, -2.496045801998711, 15.28933376728943;
  -7.580337891793048, -0.3933407272903419, 14.87612594540541;
  -7.301862625694045, -0.1491460181296516, 14.54821647648335;
  -8.11674674473718, -1.429853297207699, 16.09677513245993;
  -7.251013890436193, -0.2186360970534157, 14.51337084096883;
  -7.155930001557348, -0.2203823295458796, 14.50739518454861;
  -8.014828893105376, -1.801246215024023, 16.19540519254943;
  -7.110305949662918, -0.09414522476118228, 14.5191644155611;
  -8.166692449830059, -1.677697100907343, 16.63891529255587;
  -7.025004055746804, -0.1738638446602386, 14.61886314531707;
  -7.03167868951829, 0.1567965891309562, 14.70810319022965;
  -8.106865426955643, -1.243232513159986, 17.37235788843622;
  -7.774437394391344, -1.200835211056599, 16.93013467040402;
  -8.289984876967349, -4.380355468328771, 18.0659277971539;
  -4.97328753191517, -0.5316235600774266, 12.90676312454072;
  -4.681126315079618, -1.870295402120549, 12.69727251928162;
  -6.508347478923175, 1.090382450878415, 17.77063441922379;
  -6.107808753302583, 1.11281428332866, 16.75494462414441;
  -5.876891516022871, 1.119098922271037, 16.49962965799399;
  -8.810376266431765, -0.3919715242876758, 24.68208685067024;
  -5.469806724744255, 1.148717983921583, 15.81844476255597;
  -8.86674830765552, -1.878066282708128, 25.33243554052157;
  -7.764691363808534, -0.9720494759920041, 22.38400010796843;
  -5.189030227995013, 0.9722536635422077, 15.50233100759396;
  -4.99753603477466, 0.9453144001338834, 15.21172158607491;
  -5.083347879264356, 1.141472204748887, 15.63966701082711;
  -8.57201737570354, -1.81897854180381, 25.68958546123188;
  -8.50250718891076, -2.126180441544432, 25.54623762640593;
  -5.004743234686915, 1.050585921584715, 15.52615267864642;
  -4.857738531137972, 1.131130712601905, 15.45165274636759;
  -8.151320279525754, -1.924904213534414, 25.46834385914083;
  -8.020973259310813, -2.358352173012471, 25.27213294150747;
  -6.870325469229473, -1.087916922501949, 21.861097927813;
  -6.597514675956248, -0.5060503766638407, 21.72642335575852;
  -6.508983376038161, -0.5853716933597137, 21.72108505849523;
  -6.51729640353501, -1.019951106924172, 21.85490132762028;
  -6.9434265653381, -0.5855047963427338, 24.1059664468928;
  -7.565015115781755, -0.2194416708905853, 26.34939262020474;
  -7.675559920804544, -0.4241837091796508, 27.32749688637618;
  -3.147431604525943, 1.192594874885288, 11.90586965479998;
  -2.724694953098084, 0.657987559274715, 11.55298176795659;
  -2.688627906650092, 0.6183585843797861, 11.42360883023467;
  -2.507707590137636, 0.4966975489539025, 11.4312322243496;
  -2.412426241181841, 0.6696303523082399, 11.30218166181402;
  -2.808151391563268, 0.2955937743476931, 13.41421877069145;
  -1.919700856997813, 0.02471530514483125, 12.0814461637987;
  -2.158817294120373, -0.08569674679467196, 13.47346020128142;
  -1.95683341798115, 0.08197219264505, 12.31826279707854;
  -1.966356698033574, 0.05584144863389062, 12.81301971982919;
  -1.792880928980396, 0.6097555409779838, 12.26514597120685;
  -2.167766666541147, -0.006814838903758558, 14.8025967644128;
  -1.922947167878695, 0.5973795178667266, 13.71154731494112;
  -1.808340652300141, 0.1914172282150299, 13.16689310477394;
  -1.786046139743793, 0.1060821746797992, 16.65133512053589;
  -1.724224022557296, 0.255104222648788, 16.50969817595142;
  -1.416930488864359, 1.473122939411698, 13.85662040810846;
  -1.717242974218836, 0.3347979449524919, 16.84009145203375;
  -1.619073706362608, 0.4162231051970909, 16.61762542910351;
  -1.545990082743964, 0.6068749162146911, 16.92150276444959;
  -1.483035659414322, 0.4078024819872226, 16.48085338528232;
  -1.574209425367815, 0.8615355193436176, 17.96512963226332;
  -1.460551751757098, 0.62874976264866, 16.7613714737816;
  -1.051308896562787, 1.465512765919008, 12.43532505734744;
  -1.599137100338993, 0.5581051867929942, 18.35663170759866;
  -1.707371936327987, 0.9368252971046732, 20.7268448729133;
  -0.9068289469832149, 1.450357180753211, 11.45440108614963;
  -0.6393754934463134, 1.515103339076099, 10.14325947335399;
  -0.6814860066350842, 1.483614026957675, 11.812890502913;
  -0.8480699557427263, 1.307593909468159, 15.11585429524756;
  -0.7807737213754794, 1.339292960353887, 15.29962456471018;
  -0.8287412284339634, 1.358509689208235, 16.4391780821296;
  -0.7618705009081647, 1.364747366498884, 17.2204808313527;
  -0.815737563975142, 1.937240670796897, 22.29267840333354;
  -0.3284334905647014, 1.500738119951177, 10.12102009147954;
  -0.2283374329838715, 1.517732945604795, 7.857907827931665;
  -0.5792229076216982, 0.8625898184851941, 23.37223628159202;
  -0.2111903490903486, 1.511842507291999, 10.25776706308172;
  -0.1218338919009176, 1.365505333545923, 23.57364114498801;
  0.1697059628748052, 1.489717174819103, 10.28117112927506;
  0.1764732164976741, 1.511251954191451, 9.250529102760201;
  0.5117510137209256, 1.288704438033018, 19.17350773042006;
  0.6614916216505118, 1.268174754053058, 23.70402907297907;
  0.2857426580828906, 1.515200273142367, 8.519853766088247;
  1.121422271098957, 1.613604893284697, 28.07903519483447;
  0.3660017554735181, 1.491284040629668, 9.024581170888474;
  1.631921624049264, 0.9794813793261076, 32.44854447188516;
  0.5955513746498765, 1.471670051890875, 12.19763057232366;
  2.044604440119378, 0.9733748648590942, 34.35345971701914;
  1.640058812961826, 1.177184205776101, 23.08272870232761;
  1.435855086913803, 0.8125255895053155, 19.31523264546616;
  1.631771438526584, 0.7730077634978837, 21.44669325615277;
  1.691291830377227, 1.291651187764321, 20.0165103113592;
  1.877635319607558, 0.7071810122572811, 21.76096223247998;
  1.508181571782286, 1.345369962252821, 17.29834953065454;
  1.940927198650871, 0.2676203402704979, 21.72879001895041;
  1.673427504747796, 0.7838801185971561, 18.17097929979921;
  1.724449382460237, 1.296615721365974, 18.66609498097934;
  1.676431464065991, 0.8268841036037204, 17.54622046629285;
  1.631943405957058, 1.153236849771938, 17.03063134906962;
  0.7130070645778848, 1.530872385613218, 7.927979938144486;
  1.689815629413726, 1.093673833552005, 17.01659752057527;
  1.69341045142153, 1.237369658011952, 16.15021209928747;
  2.021214203395443, 0.1067129275758128, 18.642451503871;
  1.917527288870174, 0.320345412649085, 17.28791131549026;
  1.716076226696452, 1.279789097129659, 15.28324424688758;
  2.001309371923262, 0.1626153669785005, 17.44661142842675;
  1.700109699417355, 1.156610446421585, 14.08289820835211;
  2.159992834895979, 0.09437114629553194, 17.29692129799132;
  1.603237934148317, 1.454428726315306, 13.10563115672484;
  1.653114517936587, 0.812318505319932, 13.17078366246102;
  1.828567586981064, 0.3193855960833839, 14.15315448530304;
  5.630194891544606, -0.3126215765352164, 41.12651582697215;
  1.656395396453995, 0.6371457176137857, 12.5013228569965;
  1.753801585587055, 0.8467731164235294, 13.00217470207425;
  1.490567046779398, 1.3426293030975, 10.76877620904284;
  1.590198752780664, 0.8768196053531187, 11.29282921418978;
  1.552712047648253, 1.202155479791855, 11.05127819645669;
  1.571536875491266, 1.099223232342513, 11.11888928857333;
  1.621564296624994, 1.507217218214841, 11.27208962627106;
  1.555759302414929, 1.297964772605232, 10.87897959145117;
  1.601483191368568, 1.148048553599934, 11.09365149929579;
  1.570115526391962, 1.547736826775243, 10.85813786305208;
  1.764033669533754, 0.4878027802941271, 12.0870166775148;
  1.537882913675673, 1.531950454326816, 10.5849031925536;
  1.745436115448974, 0.4299762324332989, 11.79861848303447;
  1.847814487454752, 0.1901079858713132, 11.97030126579715;
