m=[-3.979890719534413, -1.324287602918126, 7.854518997623127;
  -3.951541855091384, -0.240923659009376, 7.931316338559163;
  -3.981478628360907, -0.6036818772015192, 8.123180183737706;
  -4.023076174059693, -0.7162939486179698, 8.259022214501918;
  -3.952849379088328, -1.261654357014277, 8.130752633860807;
  -3.817467250806778, -0.2137081651782247, 7.963717334452394;
  -3.671999044074026, -0.09045284650911324, 7.790502822438505;
  -4.022515378691548, -0.72846629813721, 8.44993050865666;
  -3.966639389435703, -0.9089616983743749, 8.485412813551056;
  -3.607430568797574, -0.05965946763940986, 7.836779864344341;
  -3.545873542634306, -0.1048481187992539, 7.850236282372779;
  -3.531655756713252, 0.06189931646408425, 7.86391284076052;
  -4.003389008340609, -1.284263027873934, 9.012064161459309;
  -4.030852946725897, -0.6347175926942005, 9.106702022121807;
  -3.950378046397772, -0.6272649269877967, 9.060507749923467;
  -2.723014632265052, 0.5453119773825967, 8.35937474302122;
  -4.419883681782386, -0.9656416935190028, 13.67934679529004;
  -4.405083639156405, -1.138776994089386, 13.66770463226316;
  -2.509473454804559, 0.4972202718334248, 8.260486756638887;
  -4.178963944548628, -1.020825856299391, 13.49282569310857;
  -3.538462854630296, -0.4905019886626883, 11.65644366784527;
  -4.146431685096739, -1.24856416868702, 13.48797720743679;
  -3.518545192011059, -0.5891592027132112, 11.6390924690365;
  -3.362023986947732, -0.2891313351864797, 11.52296539125487;
  -3.369151488671261, -0.3396431888767876, 11.68602366264997;
  -3.390422291730352, -0.5664041556340838, 11.80375875447608;
  -3.774871338670425, -2.714428768815479, 13.31353601316224;
  -3.751351598724994, -2.776803897202258, 13.33549417745538;
  -3.877234537282876, -0.2475351908468777, 14.26049242520374;
  -3.983086581308181, -1.557606564957782, 15.01913137613051;
  -4.086458880135066, -2.089809575796769, 15.59516284745849;
  -4.068505079550798, -2.709345403041191, 15.58144292076911;
  -4.055954597402839, -2.087724952353362, 16.1376462573274;
  -4.169665126419158, -1.426452455187319, 16.72480455899898;
  -1.342003788923639, 0.2979414221879363, 6.163396226666311;
  -3.846702835174413, -1.0810465229319, 15.84423124681136;
  -3.648356907040113, -1.389873378027173, 15.85102266125451;
  -4.029411195281124, -1.872104041227953, 17.87996931031741;
  -3.689473064753991, -1.405499609822362, 16.61437182303315;
  -1.225956655092997, 0.3120523911798162, 6.198153412863966;
  -3.60508327390038, -1.312243603895604, 16.50015725502493;
  -3.559488345786073, -1.59573562137964, 16.71864354518882;
  -1.169546047814322, 0.03558802657638398, 6.859164871180452;
  -4.192593708066097, -1.419520233444399, 23.02015927476435;
  -0.9708477002121464, 0.01171598502969314, 6.546764420200208;
  -0.9676005916350273, -0.00160018772431971, 6.741157173447859;
  -1.0142266373467, 0.00303063289607596, 7.143800098775063;
  -0.9196689973873554, 0.2854500683804792, 6.73858155608219;
  -0.9550692129854286, 0.2618942066152848, 7.255989384470676;
  -3.568759424439236, -0.8010239792463212, 24.79418599945239;
  -0.9288936856828474, 0.06794613311130615, 7.1812671484256;
  -1.02875639561147, -0.004683670040438722, 9.00657723679562;
  -0.7995061231586631, 0.6714370598402212, 7.783335632687008;
  -0.9073326329286779, 0.00933528866010231, 8.8409749448399;
  -0.8789380841303212, 0.09059547831796289, 8.81904563436972;
  -0.8892940235035262, 0.1298758039265882, 9.110169806205448;
  -0.8273615774745463, 0.168970550505081, 8.888112934603054;
  -0.8198940740653317, 0.2624364779005572, 9.06836777983856;
  -0.8123003690881778, 0.2741586597599856, 9.28856118219765;
  -0.8768960866247957, 0.4352560903125447, 10.41312456163126;
  -0.7854243119270121, 0.2926550766146654, 9.39489228908873;
  -0.5359619477096195, 0.7037530718861825, 6.770380971828033;
  -0.8411557767207495, 0.2461490838175218, 10.04593723970802;
  -0.9128636750714239, 0.4481013328532806, 11.49251728916749;
  -1.480638887541827, -0.200055554480104, 19.01335667614162;
  -0.9209363044176101, 0.05793051608412601, 14.33548798102955;
  -5.995409492455154, -2.704183984784188, 90.11137681587348;
  -0.4577909806290759, 0.6587082021285791, 8.564818657364391;
  -0.8501477168961823, 0.3527560009682824, 15.45626570006559;
  -0.466148593286987, 0.6567922475761513, 8.951728304417667;
  -0.7477025238584535, 0.4829629061740308, 14.19622306482442;
  -0.4228775032686385, 0.6717735473047014, 8.638762010071673;
  -0.4263451720223894, 0.6429500901110008, 8.818259149148195;
  -0.6798561980364039, 0.4935116441811755, 14.40197615781348;
  -0.3884837152422371, 0.6457626563850732, 9.212828259717213;
  -0.5957392358244813, 0.3990471479168956, 13.90099959409546;
  -0.8990658352661144, -0.9361736761770906, 20.31073477494803;
  0.05957367058093919, 0.0376599356379624, -1.399499004148651;
  -0.8570830128787667, -1.056310897174048, 20.41375203561957;
  -0.6607369181420308, 0.3440596381695598, 17.03881723868042;
  -0.3647106434021707, 0.8018407248480974, 10.38568173960408;
  -0.9210284093272194, -0.5200402765843525, 24.68208980005263;
  -1.716897649318059, -3.855679777639286, 48.44031901109438;
  -0.2851557849371488, -0.4384867165585875, 8.260809281400375;
  -1.805725119868081, -6.786892950134894, 52.20212751003846;
  -1.787662673540866, -4.401743884317186, 52.09180201463477;
  -0.5008736830952418, 0.3541824129313589, 15.84968728597748;
  -1.808312201856746, -6.822010365182345, 61.4389889726226;
  -2.576909320055949, -7.96933188909371, 93.59620388281157;
  -0.289611049805494, 0.3544850690964956, 11.69732298442056;
  -1.724201537940844, -5.963822116774812, 65.53582297027974;
  -1.321805386959396, -8.353334018697037, 50.43648319620738;
  0.07029772791130762, 0.0832224801409215, -3.596834548442747;
  -0.4553874527476324, -0.3672482769927211, 24.18695755814696;
  -1.586851146818701, -7.211278371179676, 80.73468945228989;
  0.0003607865140029335, 0.0006235644365917153, -0.01976100615291376;
  -0.9202925128745167, -5.58602067207578, 50.36997206943334;
  1.678026051554312, 6.495011561956245, -104.0209138938862;
  -0.7730156890117752, -6.215037867971703, 57.64597990359648;
  -0.2104406837111452, -4.132435226253251, 37.82606414214698;
  -0.0061017507721412, -0.06451658452800282, 1.966582268391333;
  -0.02627515525553279, -2.901749572122745, 44.15207137020878;
  0.1792539143309553, -0.3128468303998218, 36.66433015891343;
  0.1311382863515011, -3.523983851753417, 30.19102090149496;
  0.2076094626591793, -0.5613628508898112, 25.68293647365863;
  0.2733494113585581, -1.326560524022405, 34.43543272243562;
  0.4613520197376098, -3.710548154685895, 56.55491114395012;
  0.4722057118013092, -3.688824735298343, 47.76866579195082;
  0.4417154972703808, -2.328467106730812, 40.22242719381182;
  0.6698105842410079, -4.869813977784186, 56.12245509911421;
  0.48998592771528, -1.071599400456997, 32.48882715749557;
  0.5730055321621196, -3.971250690409476, 36.23039671743759;
  0.7224681231666597, -3.064484794326166, 40.99833071001405;
  0.5144407170284658, -1.5351415092974, 25.37013954850356;
  0.7748274829485788, -3.667477337164354, 37.89591094448065;
  0.8327315914978107, -2.731132209700081, 38.03436569762623;
  1.169272856340123, -3.074352304712914, 47.59109712240365;
  0.8997773536618099, -3.304623831228071, 37.06245201651019;
  1.730924809309721, -2.47131320384901, 64.38325160299866;
  0.7494824891236974, -0.5202159183538422, 26.55470146745126;
  1.140775847943423, -1.806744779987255, 39.61877860449999;
  0.9524831075492041, -2.495378914633907, 33.12054896637856;
  0.2929257466395403, 0.5941582301548712, 9.932694967003748;
  0.4028878241763891, 0.5346964551478411, 12.78880441157127;
  1.196469739541302, -2.41467447653753, 35.41385954481734;
  1.437185134212291, -1.733951505573899, 39.83561111151873;
  0.8878702892747973, -0.4873018481221662, 24.80719930063339;
  0.8697672810883101, -2.664019480403056, 23.60881926490884;
  1.655882568871757, -2.163247757742453, 40.5136656523426;
  0.6741195447358613, -0.02802514934967239, 16.92377462640865;
