m=[-9.056415199444095, -0.5982552905053824, 13.78213709373283;
  -8.855727669996043, -1.323650368740903, 13.99052557490174;
  -8.280526699373494, -1.142440891431243, 13.96729050527689;
  -8.463895274866458, -0.5621376862816535, 14.25744050781587;
  -8.053472851062299, -0.7773437397441519, 13.66588979609506;
  -8.431349546281563, -0.5568851609922784, 14.41610175989721;
  -7.98952481863215, -0.9086118939445522, 13.74936487732001;
  -7.846754589394489, -0.9199263362286145, 13.72319411469933;
  -7.804242463070478, -0.7893444403680305, 13.69096839694501;
  -10.02601155513791, -2.695294397359208, 17.55400930146938;
  -10.08366742408304, -4.013832650337148, 17.68949005740832;
  -9.94297491228366, -3.27936305634453, 17.62997181781349;
  -9.796595700937031, -3.818598925991747, 17.57758884291777;
  -9.965611534984962, -3.182481997343464, 17.89595831961571;
  -10.57121838054968, -3.748528043639046, 19.15177888506003;
  -7.351044223113252, -0.7911043642338052, 13.66709017753871;
  -9.653504420950561, -3.143719131743116, 17.74837359207324;
  -9.653824471254598, -3.827377228898351, 17.7520276001532;
  -9.635795215645125, -2.918883963777228, 17.74096843543785;
  -10.23152341057042, -4.28490292014735, 18.76494178948351;
  -9.582271113294445, -3.060611898082917, 17.84875372980526;
  -7.236300281341038, -0.5034762250002944, 13.7685076859549;
  -9.185545047612742, -1.594118234568063, 17.2216145080368;
  -7.152605175660216, -0.7752320686957223, 13.68577128359447;
  -7.135490179323045, -0.7216340101417876, 13.65912920913624;
  -7.125654446011443, -0.5168667023670316, 13.70434966076624;
  -6.971709740858384, -0.6429568383095075, 13.53554045577248;
  -9.032457321151977, -1.859394303231682, 17.4736832686819;
  -9.006205922415736, -1.173617593533737, 17.66903267521971;
  -8.966859519446253, -1.87484649110298, 17.66110765197163;
  -8.619740112376567, -1.164779758424187, 17.08129919221295;
  -8.851566470798113, -1.380979379731522, 17.66775538908182;
  -8.829690632435256, -2.047977459566732, 17.68038789016202;
  -8.856717213636779, -1.523069441452683, 17.75330413180902;
  -2.084347661304879, 0.5605608283311416, 4.979245163559608;
  -8.754527596618559, -1.690318068748996, 17.9100637538988;
  -8.554386957693351, -2.149598274895303, 17.66987472862057;
  -3.040597207101306, 0.4919923011053545, 7.357995739709745;
  -3.052345544760442, 0.4629236675663515, 7.421779479645681;
  -2.964633930156313, 0.4694455436586746, 7.395968671885872;
  -8.138238813261207, 0.1411610935197318, 18.92539652704447;
  -2.529864216927538, 0.7397446313721696, 7.0671364146905;
  -8.58624297105823, -0.8905290324172063, 21.79292399048225;
  -8.612558853393971, -0.5927884240018256, 21.87222179697792;
  -2.535914472164201, 0.6674015914352997, 7.117618167928771;
  -2.532804079974551, 0.700514796416212, 7.122350374515627;
  -8.59241130534472, -5.030669238078533, 22.10752199387403;
  -2.49720931193175, 0.6702375001059606, 7.11802194977632;
  -8.531707539495267, -5.119553684122858, 22.00044063870253;
  -2.472015199875387, 0.7486446481998726, 7.069401880415397;
  -8.37971031262965, -3.796712642770122, 21.79972224066115;
  -8.46959520155791, -4.961956017095081, 22.03195083801693;
  -2.443100793049214, 0.6715358075038344, 7.085379814643535;
  -2.532437361314988, 0.5953185676381489, 7.312887914015183;
  -2.436427404905095, 0.7062616223131634, 7.083303081404245;
  -2.418031172718717, 0.6882151319014381, 7.096787228116941;
  -2.666654367760929, 0.2867673935953414, 7.749176760624471;
  -8.292345155608055, -3.955536314085284, 22.59939257294053;
  -8.431635631424159, -4.982033298860689, 23.08146134078375;
  -8.445518120233599, -5.028029306949276, 23.26560733130514;
  -8.869087648402012, -2.397538788518713, 24.39670970307769;
  -2.314034824778609, 0.7056008028647018, 7.07905061854039;
  -8.659930130350878, -3.929876792936232, 23.90866282348465;
  -2.242957992416525, 0.7369151028487005, 7.073269982567777;
  -2.23652217029285, 0.6897407604337705, 7.060113341782863;
  -2.183827386649579, 0.7334937740420116, 7.06971371106649;
  -2.202770874824445, 0.6996402955842073, 7.129616809603188;
  -2.166970157778755, 0.7589390985294414, 7.051795988988975;
  -7.66597430466226, -2.543933454382788, 22.98032046955148;
  -7.7887306186896, -0.3432754643648066, 23.87428168608638;
  -8.155441816773523, -0.3760999342588331, 25.84152782757457;
  -9.232130680749823, -2.969383616032904, 29.4341064840193;
  -2.516641786492721, 0.3140330504844842, 8.739728972637186;
  -8.317450874496414, -6.192492750932504, 26.77230904897367;
  -8.377749057679038, -5.738690314329556, 27.13159181328776;
  -6.76486384565279, -0.2195192616882415, 22.26117017509526;
  -7.455702997539202, -2.802129562404322, 24.6244992462532;
  -9.541069285321083, -5.548943130350221, 31.48165375631058;
  -7.875917120975403, -5.817499747064066, 26.41560405864299;
  -1.902622436519207, 0.8770836285735072, 7.197243955426436;
  -8.758908748963124, -6.699872288893504, 30.3991500425183;
  -9.899339620755816, -6.356008520586248, 34.15918874933636;
  -9.059166611940233, -6.722810901694703, 31.66788928772743;
  -9.832149398657794, -6.947073589711315, 34.62843651810977;
  -7.247899247872651, -0.2347059565949787, 25.81086597019635;
  -10.90583385869804, -8.262215737765409, 38.65108607885836;
  -9.244884744060688, -7.874972353805037, 33.38274686732988;
  -9.90800865597217, -6.315937004224806, 35.92182060895235;
  -1.769362913478911, 0.8468288217993836, 7.215378238733265;
  -1.732263533043479, 0.7140139702759893, 7.209439523886674;
  -10.79386707025379, -9.408452533272206, 42.15099863010838;
  -1.613630375307236, 0.8506605231537252, 7.118495934453325;
  -7.58968285151707, -0.1514060573184869, 30.19810456774986;
  -1.644755560376889, 0.9169301533273583, 7.335147888887208;
  -8.831483029704202, -6.061682335231795, 36.36568096926517;
  -9.608817013943609, 0.08298441585995962, 39.73608542261044;
  -9.469006434897928, -2.34917707277191, 40.31572952917355;
  -9.052307087261363, -5.645541216143738, 38.91710020371905;
  -9.287431290931764, -9.135013016965504, 41.21952105666328;
  -1.564136888634325, 0.9010849142207086, 7.9374777563899;
  -1.623234915698711, 0.8503051198517772, 8.267953315994177;
  -1.52762600864841, 0.9516374912208468, 7.984239788527741;
  -1.53580741997495, 1.280459382182138, 8.049187720461237;
  -1.444313521794443, 0.7911024020693421, 7.733889824055441;
  -1.612992070590043, 0.7395713754051008, 9.283263812760694;
  -1.490877481741426, 0.7413084488138876, 8.744078295686345;
  -5.741676012457347, 0.4050286514563128, 31.32886484387273;
  -1.78005285243901, 1.097680936542564, 11.28842890879198;
  -3.410486992795395, -0.06604159767751973, 21.38999879015871;
  -3.232996691079086, 0.517797836692203, 22.61177713244785;
  -2.927460070134856, 0.9251360197514277, 21.06442076970159;
  -2.622157488760677, 1.585550089384216, 19.01629510197838;
  -2.690273120205551, 1.488850683896786, 19.56251621782751;
  -2.497907283874754, 1.601676105764289, 21.04798521035409;
  -1.866793651376244, 1.454379575220041, 18.5616467281874;
  -0.714644864502489, 1.612314584798108, 8.771769989193773;
  -0.5141925970076411, 1.585890945282909, 13.32508625163752;
  -0.2424697719818075, 0.9474263595570601, 10.30914008776435;
  -0.2027261430241014, 1.638516067423591, 8.678784778536331;
  -0.2917883796157723, 1.562004054322621, 12.51741709866731;
  -0.1047411655995018, 1.458027228323517, 14.13851718590264;
  0.9440066858876138, 1.530636983769549, 14.56022743777993;
  0.9222964241973064, 1.471837299390987, 12.84782321055439;
  0.9266166365399766, 1.632500882965977, 12.76413119042308;
  1.379809246163383, 1.69586402547693, 13.87064705792833;
  1.763857695859998, -3.925057899134471, 16.77606322664778;
  1.922979048496703, -4.041414497581649, 17.11103836455182;
  2.014086978399971, -3.993043072081638, 17.03019072893825;
  2.031075640210944, -3.86243952444236, 16.58843909603514;
  2.222917524239854, -3.844876805285275, 17.9955899140244;
  2.214808243289082, -3.321726574061496, 17.76179163033395;
