m=[-7.465880899559566, -0.174356082698418, 9.958959818389429;
  -7.147660254590254, 0.01508499161686486, 9.694940938877934;
  -7.107722104041875, -0.09551631903783725, 9.673861383023271;
  -7.004125481387159, -0.1049708240136883, 9.61092967527946;
  -7.137660680768684, 0.09634060465656309, 9.920736391714685;
  -7.899899954983637, -1.107324723033712, 10.90438952496931;
  -6.807144290812438, 0.3707370223906834, 9.535342582100398;
  -7.114402182938129, 0.03783837877463233, 9.963735166235441;
  -7.149192722243198, 0.2837833643317516, 10.36282097375148;
  -3.533369527081254, 1.091974430253953, 6.812360704413869;
  -9.118190083948148, -1.382005388331622, 17.28952625986686;
  -8.565356234797775, -0.752951473467362, 16.94910561198254;
  -8.568316018352263, -0.4096579906717381, 17.36050321568354;
  -8.492968981165554, -1.110096817193012, 17.35442417120557;
  -8.366326127161637, -0.3455356489598357, 18.04341010644488;
  -8.284682944888889, -0.6366199655011851, 17.887294681297;
  -2.639272699054347, 0.8601054047434038, 6.394426517081647;
  -2.634710857027377, 0.8154387155397966, 6.406835585901884;
  -7.833566230766288, -0.9009201517692106, 17.26162129955535;
  -2.565952682780181, 0.8181918104270499, 6.327876565364927;
  -2.604135603201849, 0.8186506283599356, 6.415002764912725;
  -2.603779512056691, 0.7940810757486509, 6.422873702310139;
  -7.868682456465717, -0.5407642324786394, 17.4848497328542;
  -9.543503947588143, -2.622764215239244, 21.02167526350855;
  -2.576210322422469, 0.7803585792404061, 6.407047311513178;
  -9.45937910411312, -3.858932909212681, 20.88975935103226;
  -7.524131460870888, -0.8838110398658707, 16.87506294774616;
  -2.573858921224458, 0.8024488889976962, 6.442019444974673;
  -7.552601295632755, -0.7596999810114723, 16.98875980374617;
  -9.682066399606368, -3.599198049012281, 21.56175246030555;
  -9.927390561412611, -3.517932200272685, 22.17780245635607;
  -2.54107954189042, 0.824907732675271, 6.425661999234551;
  -7.278696741134566, -0.6375214374716505, 16.59587713911116;
  -9.504860634537046, -3.797964256539771, 21.39719096016644;
  -9.373552885600704, -3.20009144378514, 21.18222385566444;
  -2.512684559943831, 0.8478302491133973, 6.40002774890518;
  -2.510288857578584, 0.8072050449131056, 6.425366058169131;
  -7.637583919710173, -0.1849754687011751, 17.61211673394724;
  -10.73910819332349, -4.108867421044328, 24.53828940927614;
  -2.450957439794765, 0.8450877413416642, 6.377065090009987;
  -2.480895105139766, 0.8002017967900811, 6.445712504246172;
  -2.459228554877837, 0.8809197275403413, 6.401652154997089;
  -9.348759272898155, -3.254983231209964, 21.59404757134995;
  -9.343286805453049, -2.909395794184165, 21.59149788715061;
  -8.89490824956971, -3.653168963757422, 20.66489215384659;
  -8.866459733329604, -3.749275719474101, 20.74988807780047;
  -9.076533506622987, -3.122258165320079, 21.28159026954763;
  -7.233361307897721, -0.8354395162859135, 17.18531031305598;
  -8.875525274771498, -1.597398217721859, 20.89781801414826;
  -2.420109968551218, 0.6725252703171071, 6.42246473660001;
  -2.437452264708208, 0.8053696337979045, 6.463949183922183;
  -7.138533024789225, -0.7191265430018979, 17.04686411147807;
  -2.40996256935959, 0.8862240719817793, 6.411441181259914;
  -7.182814821636682, -0.7821994677365333, 17.33443146609781;
  -2.353659620215131, 0.8473796486285788, 6.394296410717593;
  -8.857836667889933, -1.521547873898593, 21.37745680814425;
  -7.260307974544212, -0.8331145790674568, 17.80942372072932;
  -2.389335178055859, 0.8690275297498914, 6.523436762897999;
  -2.356349669520059, 0.8220592724616943, 6.456449405162413;
  -8.685315523681897, -1.589846555156852, 21.19631694755356;
  -8.478115006687943, -1.499570863446767, 20.97625590986339;
  -2.304007498706058, 0.9008468060603645, 6.423531673357521;
  -8.446753418986932, -1.833982592873941, 20.94788672608469;
  -2.279353075978559, 0.8179276504117199, 6.426935444732441;
  -8.274289324642247, -1.334790384223819, 20.80894592370789;
  -8.137104551104628, -1.948442236040974, 20.5417555760161;
  -8.266174229395336, -1.462587836694727, 20.85322055676999;
  -2.26328272600101, 0.8345850463424068, 6.501600794221747;
  -8.264848849619433, -1.6484694062984, 21.28593196471579;
  -2.200152065487207, 0.9206914224983718, 6.418931485854828;
  -6.759768404985764, -0.2484000027136535, 17.67322247919327;
  -8.068667417656089, -2.086144029783829, 21.00405994385603;
  -6.439766374981184, -0.7438753931885139, 17.1127021751736;
  -6.480613648169025, -0.5959905856737361, 17.22750559735537;
  -6.273599174806094, -0.3059925356811541, 16.72323805624413;
  -6.391683042396581, -0.5603913122504617, 17.30374498174839;
  -7.764019793147846, -0.5678381417994053, 24.10439332242016;
  -7.434194061222552, -2.546385344390584, 23.14724148898699;
  -7.652881634012644, -3.564522868617507, 24.31027519632628;
  -7.325922794837812, -1.969400550709066, 24.40264991529622;
  -7.738150113271579, -3.616046820332687, 25.87987556150542;
  -1.710955755307034, 1.281483888551475, 6.987322624222282;
  -7.10613367767372, -2.429439196005629, 25.99416303216896;
  -7.30289775206607, -2.966016045704982, 27.0651958387923;
  -7.6953224662438, -4.511182634372968, 28.92841749082543;
  -7.439290900844003, -0.5466343876202106, 28.52589428172865;
  -8.056835928551664, -5.198613541731854, 30.86985490931263;
  -7.541775770313941, -5.328810092893741, 29.12314913952906;
  -6.550866584478287, -0.1724244696574212, 25.58619695777789;
  -7.549720925582398, -5.595459211565124, 29.32002749533823;
  -8.41105239313522, -5.083543801137236, 32.60613581393412;
  -6.811633911606691, -2.650666533759462, 27.15123218619416;
  -6.646226205660188, -2.617545543956117, 27.16573825204819;
  -7.828011939903244, -5.740244897165317, 32.85591699911413;
  -2.553475899312453, 0.2433263050582332, 11.51127737489701;
  -1.882350832906581, 0.8738215079680425, 9.313846669362945;
  -1.861967130609728, 0.2981887613479628, 11.6497881005994;
  -1.375014947014286, 1.682260161638091, 8.991280758698618;
  -1.31236213342375, 1.775815278843931, 9.3142011773768;
  -1.624084367160325, 0.480463489978599, 11.60587582212717;
  -1.56924902707577, 0.7831501994325227, 11.26806215985956;
  -1.549150881136308, 0.8254283955842482, 11.22884825483149;
  -1.306596301914396, 1.639342550742367, 9.832732571433903;
  -1.00512077770766, 1.630219867069414, 7.849243273883818;
  -1.647440950126527, 0.5896938640510323, 12.3016878389324;
  -1.573673230118493, 0.4977744137390538, 11.85619876698364;
  -1.512679814872241, 0.7041090594035779, 11.67360779202222;
  -0.9483981805195608, 1.636162902863763, 7.691968486599917;
  -1.166237418796112, 1.681790286083181, 9.190016497865992;
  -1.513668152125816, 0.5928931732704363, 11.84129152054927;
  -1.147649392272778, 1.574747718790564, 9.460072710780038;
  -1.500695093632356, 0.6964179207934313, 12.15058803350113;
  -0.8634202112773562, 1.637713431324044, 7.672845078292399;
  -1.114306418844738, 1.616945326318346, 9.782355350749224;
  -1.430283872898769, 0.7088085981305888, 12.76939023380896;
  -1.542289922387099, 0.9108131355483213, 13.85274206199003;
  -1.64537908089271, 1.09742718690027, 14.82519460573646;
  -1.408272216870557, 0.6762316021971235, 12.94440361518933;
  -0.8283171827153271, 1.578781930527924, 10.01617249637016;
  -0.6674978020082126, 1.651969779284254, 8.620284827827927;
  -0.8053028867181293, 1.634628035650052, 10.49825181814922;
  -0.5909827014651996, 1.598133942426581, 8.014820529320907;
  -0.5582166909441175, 1.656643664319884, 7.720652521046993;
  -0.7425077147397216, 1.585358280869796, 10.36213372531289;
  -0.7600418071086057, 1.578832105356602, 10.62178437546559;
  -0.6199283367366281, 1.656502095013172, 9.117528020503688;
  -0.606038245116286, 1.634530987565278, 9.313068305430335;
  -0.7177713725368278, 1.60964497762574, 10.94299005839012;
  -0.7152013477440504, 1.541935133107572, 11.15616784576228;
  -0.7301891753252491, 1.590247443628271, 12.32014129125133;
  -0.7102151764305724, 1.553658834644113, 12.4452148136473;
