m=[-7.149632072547448, -0.3847190031897009, 9.583808503307946;
  -6.973971872614521, -0.327157125324638, 9.383067101300318;
  -7.053423459770532, -0.5311304717988904, 9.501659630169424;
  -7.24782216808621, -0.4370863751066664, 9.75519273895039;
  -7.083113223157663, -0.356226600448261, 9.774449617683757;
  -9.781438222520894, -2.708969231552438, 13.20969693952897;
  -6.838884060279346, -0.4265788841527954, 9.54957923726117;
  -6.985327486806116, -0.3718549246796921, 9.734417858319855;
  -7.136430214014855, -0.1791785711632653, 9.976943436405261;
  -6.650062907412545, -0.3776396424324378, 9.60142559560332;
  -8.779358106855908, -1.676655794629116, 12.79633266135068;
  -8.990071299626695, -1.456903611206773, 13.18238739162533;
  -8.865851553089954, -1.362699164890906, 13.1662311793454;
  -8.856794373974013, -1.700298513866565, 13.17837467553779;
  -8.727503829566677, -1.865955543664753, 13.19190365956437;
  -8.437969788464308, -1.483652874206266, 13.06174673159302;
  -8.142765153301625, -2.518685203248812, 16.2340263014806;
  -8.297933025840726, -0.7127346440775675, 16.70555026770927;
  -8.083031000316616, -1.806470627034933, 16.32280209645132;
  -8.283528912454347, -0.3990025556603583, 16.69688688737651;
  -8.33354382997052, -1.665651362795485, 16.8181185365222;
  -8.254063075995578, -3.522142734000565, 16.7966570355672;
  -8.386361025543829, -3.58516558229191, 17.38258884864177;
  -8.161075885993599, -3.5737261979061, 17.85443385465177;
  -8.1317382724003, -3.464219486124621, 17.80952711445643;
  -8.361872322841263, -3.567830915614344, 18.62911302083906;
  -7.080868710559024, -2.158955843628579, 16.90782607799494;
  -6.980411793443635, -0.06564851633763497, 18.33357344931936;
  -8.071517236890253, -0.403658626274939, 21.121943543197;
  -7.885257976583522, -0.241811603958539, 20.79157439207924;
  -8.138692875701599, -4.785523597352284, 21.55314073315621;
  -9.421320498719181, -5.160906713870364, 25.12617736569279;
  -10.94657865797218, -4.552112074181253, 29.18273853866416;
  -10.85884454592579, -4.759513494358365, 29.06147713674937;
  -9.29112779681266, -5.258900888372035, 25.78143117682803;
  -6.744535594474378, -0.06100597848997513, 19.48983806441121;
  -10.29847420350063, -6.158183903493823, 29.45842801320121;
  -7.228184024391148, 0.01624296939400083, 21.38566001023932;
  -9.428184689227704, -5.274702308583414, 28.67193571102325;
  -9.060311285426462, -5.361306066826043, 28.05452624427684;
  -9.770191233869316, -7.401876228472905, 32.07272375359607;
  -8.904332164568945, -5.964897546475771, 29.42853125160807;
  -8.384596808623407, -5.222156973062575, 27.99072226900817;
  -8.666054730972256, -5.285645590237336, 28.92397779604257;
  -8.612930682009692, -6.54509078385936, 29.15684895687393;
  -8.197803584015585, -5.29693421999199, 27.94414058558819;
  -7.308866792326983, 0.4758531469451682, 25.5875214996133;
  -8.278042261845505, -5.311313095530872, 29.05444878137717;
  -1.734731232797773, 0.9779205898174883, 6.937722672049654;
  -8.684597369889341, -3.283673089345487, 30.76523153304551;
  -8.032508153230737, -5.444272011190483, 28.74630160068942;
  -1.683848384408054, 0.9383927601368821, 6.859021157122912;
  -7.848225214390242, -0.5859246212074131, 28.47449929505794;
  -8.235198569745926, -1.80475947550553, 29.89152423662653;
  -8.26558774604732, -3.654033163396769, 30.19151192096427;
  -8.257339958135976, -1.717417849525929, 30.173803385828;
  -8.047591631344462, -3.329491185610414, 29.46212256072593;
  -8.053056731814364, -3.967606300286833, 29.49794237750562;
  -8.030248626865372, -0.7443379163099594, 29.44218344968114;
  -1.732439175901032, 1.34875556649845, 7.143997089162865;
  -7.694053544932038, -4.451691586006063, 28.36986012736188;
  -8.347029129928988, -4.112097831537192, 31.2447077066818;
  -1.696291343112813, 0.997101272755032, 7.183897675414205;
  -1.698479968065336, 1.068185536474424, 7.198621887668473;
  -8.210328721708923, -4.747214160982904, 31.11739941305465;
  -7.584299241547379, -3.138579412500966, 28.90897389325987;
  -3.998581677134016, 1.074977121672372, 16.36855343953803;
  -8.849996352353056, -6.784513933106406, 35.81927000192911;
  -3.885539269194472, 1.050142829830324, 16.4641668129418;
  -7.313467711071864, -7.023570169700396, 30.31576750300879;
  -3.866846152783792, 1.304404869754567, 16.63084843597459;
  -3.879390348814119, 1.418999561966812, 17.42980527126221;
  -3.667328762072932, 1.371218365766889, 16.84590524019171;
  -3.855106264949732, -0.03262833385079818, 18.40988477737373;
  -8.076001094248777, -5.228102106880642, 38.09651509280281;
  -6.028732324990199, -2.653930494782957, 29.76893071275524;
  -2.783381565797934, 1.575294814077854, 14.62916979349288;
  -2.863567860032213, 1.553690545669328, 15.11272099072401;
  -2.639113459561773, 1.646804671723059, 14.26637743575137;
  -2.662827482271048, 1.521311866592141, 14.47955626178951;
  -2.756254252274671, 0.957371600422509, 15.18958187495024;
  -9.017928420082285, -11.97792658787948, 49.25073646788207;
  -2.479866543800308, 1.639625449050937, 14.54787144152914;
  -8.267289253905197, -11.71079758126319, 48.08236301208041;
  -8.012281756817721, -11.26023387880195, 47.20757374943605;
  -2.383703153362798, 1.580608509402975, 15.12772050735931;
  -1.931381821925272, 1.617970505766784, 12.71739943132053;
  -2.250783939672301, 1.598993582097796, 14.7549046815552;
  -7.386150534779988, -11.00457038711404, 46.40412278736244;
  -7.101294678085146, -10.00374411711604, 45.73465464386519;
  -7.552920936503432, -11.51265305475435, 48.95648980857203;
  -6.762955174666151, -9.867752476785919, 43.97272687324158;
  -6.59915302391114, -10.39648502864872, 45.15730859795387;
  -2.004252289724094, 1.59370229117294, 14.73457562552163;
  -5.586276421328753, -8.557173860412295, 40.97292911951212;
  -5.014220076405193, -10.48953730611414, 46.97492041347951;
  -4.533574197149035, -10.20574771914326, 45.4448885386188;
  -4.723412387928657, -11.17142667247715, 48.5642779427294;
  -4.24055377313805, -11.60156434219734, 48.55152371953031;
  -0.8566308317641059, 1.641440525209808, 11.78186080220018;
  -3.443177992358717, -10.58702209708143, 46.65107311589928;
  -2.966628802851498, -11.33992165361545, 48.64767896674983;
  0.7633053801603865, -6.15215270989036, 35.10324018638691;
  0.8694300291092868, -6.403117777987043, 34.13237809494326;
  1.125411937856137, -8.363959152746192, 41.81379519214736;
  1.102072277970103, -4.153767057935231, 27.99604309632767;
  1.339268866621687, -5.332897471009194, 33.18373476534342;
  1.172333841245049, -4.981356350464135, 28.69668702420649;
  1.4593607871888, -6.8812523604414, 34.72674465373738;
  1.363552935177605, -4.138199344684185, 27.69841351791376;
  1.659870479172056, -6.646893236326553, 32.86854101734005;
  0.4819740951656905, 1.631715338418245, 9.10289309441065;
  1.988319139993335, -6.285594484867643, 33.92113989728262;
  0.6720105834935289, 1.6261815200071, 11.79064305031968;
  2.074644705809222, -6.810951630212006, 33.68680054299998;
  0.5729096471071733, 1.602487360167416, 9.959717527260462;
  0.5483965465352053, 1.632718690413098, 9.411133448443051;
  2.053537489694405, -5.811508475824508, 31.64902213867005;
  2.303012038009026, -7.284067694936113, 34.99413642662429;
  2.260396892824269, -5.673914914744813, 34.45840909882999;
  2.161257560410684, -5.691439858759368, 32.16071452494828;
  2.26810203154674, -5.279801388540026, 33.83436291740014;
  2.21933992570591, -5.538904193065282, 32.38956740295855;
  2.31940494853908, -5.38408623591853, 33.25134287928641;
  0.5773718024248978, 1.641134375770223, 9.003114275318335;
  1.811588379146424, -3.556382267876903, 25.5889647700898;
  0.6183803406308157, 1.617345249964578, 9.508760523593514;
  0.669438590866552, 1.636718492322648, 9.787043569694829;
  2.494925632805558, -6.328139353055797, 33.04697600671009;
  0.7482999086816558, 1.631207939376537, 10.45116523485212;
  2.923960750829322, -7.090088618976171, 36.35362201633947;
  0.9122914303577737, 1.639584555843049, 11.87506883636601;
