m=[-4.501687880552815, -0.2973757862724752, 6.850710590961289;
  -4.939464759649886, -1.32787715428226, 8.648245601785726;
  -4.953659926854851, -1.971818497860148, 8.690064273103429;
  -4.917619261450157, -1.621914876929325, 8.719471763224107;
  -4.876218368325854, -1.433441240854999, 8.701154188978491;
  -4.89439348185538, -1.5630068550473, 8.789210922339535;
  -4.770357935692619, -1.553494446550716, 8.770503551729558;
  -4.779677873062533, -1.447864424624867, 8.800115857576984;
  -4.721489477859965, -1.508060740690449, 8.794648150924196;
  -4.593223837432932, -0.7971374411372029, 8.611653404057245;
  -4.471798225882173, -0.7915042012594289, 8.676455762054708;
  -4.411776497847415, -0.9224415380414722, 8.689425712084013;
  -4.354654171843067, -0.6793924710407659, 8.691903852949412;
  -4.344540851213512, -1.007682160773301, 8.699417754450165;
  -4.295019425773251, -0.8292793484158555, 8.786775858647669;
  -3.971451809778234, 0.06888646219323222, 9.235573201123886;
  -1.225527354868697, 0.3519704193552519, 3.652236225318976;
  -4.064207142875196, -1.351531307828672, 10.29161988288218;
  -4.165331190886602, -0.4320106439592506, 10.57211475894082;
  -4.172277867293736, -0.2871711025203736, 10.5958041582623;
  -4.113422328266809, -1.91747615464735, 10.6294476946245;
  -4.103391366112632, -1.859180961718067, 10.67492654145358;
  -4.098319770590058, -1.954941862054454, 11.16928150565107;
  -4.137194546635117, -1.877459124029321, 11.42212326909971;
  -0.9778058249100391, 0.4507554754380985, 3.698845828702334;
  -3.971474520163642, -1.277368332345601, 12.66195290853182;
  -3.706241540807233, -2.759363923029276, 11.9296940177772;
  -3.44178274507372, -0.111685560024306, 11.32589112536664;
  -3.495228090453768, -1.333262108070681, 11.81786470659842;
  -4.134231501607236, -3.031781264443002, 14.49461952373677;
  -4.608992055406893, -2.900830952004671, 16.66778369560096;
  -4.533554817892235, -2.889949699200954, 16.43655638017783;
  -4.242700033937152, -2.764866016089396, 16.59807911389146;
  -4.762453462906681, -4.151182987157338, 18.59779892455304;
  -3.991843446434765, -2.739889418671609, 16.43734181043439;
  -3.957665746469985, 0.03417950197856793, 16.36644177401478;
  -4.078302503586648, -1.011790920528328, 17.36399080549606;
  -4.103512174226085, -0.4920557857512327, 17.48609749733006;
  -5.402365212919847, -5.486256515356782, 22.70303806895299;
  -4.097893059112037, -2.555682649909466, 17.61739999187717;
  -4.155221178809161, -2.22224185704418, 18.06723957707865;
  -4.264562482912987, -0.4481757897369076, 18.61396350126323;
  -4.116484175358683, -1.867375495473088, 18.19205667347319;
  -4.257306873042276, -4.18743918358035, 18.89479930466736;
  -5.699916480795326, -5.926018843604582, 25.07598281184787;
  -4.718114756624793, -5.017635047212719, 21.5587632422328;
  -3.800750985512575, -3.843548693659046, 18.22895221354598;
  -3.694367234502638, -4.019502793766218, 18.11665836822046;
  -3.423508770581303, -0.1209469285212902, 17.07714024637875;
  -4.402834130939871, -3.02306311672751, 22.36281564717338;
  -3.421902906357663, 0.04314565210395679, 18.02778334985019;
  -4.054521879341457, -5.014909138040321, 21.54716803068903;
  -4.557336297957333, -5.572612099459917, 24.42455471084439;
  -4.057685683958929, -2.856411554977026, 21.91473210910115;
  -0.9103929918759054, 0.5613996407886829, 5.773371590496473;
  -4.889815201159085, -0.6641194669485898, 26.56905806566898;
  -4.486893581901598, -5.674973473112301, 24.78697202589369;
  -4.209255295293426, -5.023812490424601, 23.70421353793259;
  -5.339706632298479, -1.325623207497349, 30.63174870645657;
  -4.726340108650162, -0.9998865562160801, 27.27635100649624;
  -4.253894979739755, -6.055060834901965, 26.25427508025833;
  -3.869649425539452, -6.050888461297125, 25.55120685372981;
  -3.981824039366887, -6.069889803172475, 26.25824057842572;
  -1.297220292514546, 0.7843952011134071, 9.40764389647337;
  -1.303903705741932, 0.7216062597693064, 9.481430416296551;
  -1.482735532401803, 0.4685741277171472, 10.6689636737762;
  -3.756238193977019, -5.971423299297166, 25.90094848672974;
  -1.80365926823942, 0.0952622586504176, 13.02636482115142;
  -1.638325439611007, -0.1252677470601333, 12.30942355854706;
  -3.634417296110647, -5.875159325617196, 26.10766335085361;
  -3.491879887372238, -5.352577849699597, 25.34861548967018;
  -1.647029416485193, -0.118113249249582, 12.81801189446937;
  -3.2742896535818, -5.205514750678526, 24.52457843018897;
  -1.486682609145564, -0.01705304936297514, 11.77414626032201;
  -3.185761864975205, -6.026326893920561, 26.40151353377422;
  -2.880953153399882, -3.52866074536855, 24.01831685450631;
  -2.936963443366143, -4.94822044423893, 24.94753708298623;
  -1.49462985075912, -0.1320473027343846, 14.20667028861493;
  -1.736351654529522, -0.164262830286309, 17.28788878303763;
  -0.9599516329010795, 0.2980322491137029, 10.16638569576303;
  -2.618633010630985, -6.226969571499541, 26.84212161954006;
  -1.075565956711012, 0.1515732813693314, 14.42376916506578;
  -1.0321505176235, -0.03466395813768566, 14.17493667310727;
  -1.22063700668901, 0.1642191643669173, 18.54004680973353;
  -0.766898404315395, 0.7264578241444175, 12.16917628194276;
  -1.061836495249449, 0.06324082258362443, 18.10408589944735;
  -0.2995299712459812, 0.7391613791960205, 7.637932230772959;
  -0.5614613607372144, 0.7127417757831429, 13.00208663233331;
  -0.565715896108808, 0.6818120887198292, 16.67576777320869;
  -0.443850845587803, 0.7486491612518061, 14.09455724728694;
  0.3750863449998286, 0.6853392390220141, 12.25451901617857;
  0.7029658115126961, 0.6756209451033731, 12.47257691726492;
  0.723414460040156, 0.7144915141661524, 11.02692511088158;
  0.7706200477200675, -2.782240368512341, 11.70597857076913;
  0.7321947917846929, 0.5422775819195822, 10.46818633659494;
  0.7661750851521104, 0.6624192798430354, 10.7530239337004;
  0.8378896883109784, 0.2844236898155754, 10.71052747508481;
  0.906911978992621, 0.7384077493336719, 9.838016632887021;
  0.9271501202105748, -1.442819505923627, 9.603688782982536;
  0.9210120134542243, -1.622076594991359, 9.464362634684679;
  0.9087893095983314, -1.424605724110918, 9.051654160724308;
  0.9755602010753999, -1.685793975417004, 9.589213473375439;
  1.058678649618672, -1.390474703719258, 10.12852212376295;
  1.15282132491487, 0.3587757534870276, 10.51818179714092;
  1.04886877147507, -1.63115450844328, 9.295954170733831;
  1.038867394274688, -1.329947097253817, 9.142956701201415;
  1.153067727202354, -1.357566325739215, 9.739642124519911;
  1.142208697790018, -1.223729957692217, 9.595542292852343;
  1.292736146067237, -0.00546794386671028, 10.5838374284692;
  1.126588944205792, -1.125970215340091, 9.30383128572185;
  1.095835933065669, -1.366232695855808, 9.127822665825345;
  1.195481392276901, -1.36515566683325, 9.737170525992305;
  1.152613472817358, -1.356216188985738, 9.385143492637511;
  1.096451380960643, -1.644436578353486, 8.793059634135082;
  1.223910137987986, -0.8650860167708642, 9.541641463828013;
  1.165063248203751, -1.393842150187067, 9.127621201567127;
  1.181283062888367, -1.882132474269945, 9.19517430401171;
  1.29038144988001, -0.9585030469841906, 9.835218701538569;
  1.262697937028009, 0.7989059495703655, 9.555636794740488;
  1.444952564634925, 0.3677920666307951, 10.70973437774065;
  1.361798238981011, -0.8453858666992429, 9.666863054312023;
  1.425794520637355, -0.9584366389682892, 9.875904735755313;
  1.509763461495588, 0.45960795670521, 10.34924516760702;
  1.554720529980737, 0.3040093567551456, 10.58729052063922;
  1.300753182875189, -1.415435265621071, 8.914782482846468;
  1.234566935840992, -1.788591542443574, 8.607889958963341;
  0.7945565365335409, 0.5828241321419734, 5.345573127107358;
  1.51952084310727, -1.331422203147748, 9.33432128943838;
  0.8064667908107048, 0.5256412657022022, 5.370194192401896;
  0.7951015967053057, 0.6916119117169032, 5.274103351093998;
  0.8045340339639021, 0.6176267761576736, 5.30865318730502;
