m=[-4.138393210165924, -1.313099310636971, 7.736078118955382;
  -4.228390538912661, -0.9771231473141021, 8.009859949021124;
  -4.310908136123545, -1.877260760374489, 8.4110922114417;
  -4.220723971915398, -1.832978323044977, 8.714118336531618;
  -4.292351966750185, -1.868505422685715, 9.039064845632357;
  -3.779541242199962, -1.180454213102871, 8.479874258794077;
  -4.34296642240961, -0.2649350892249625, 10.82621988900204;
  -6.249018876210776, -2.552722728882723, 15.82519292126506;
  -5.980965841088452, -2.449059776325714, 15.37418552199494;
  -5.918309632621082, -0.4478632706952991, 15.22212324783359;
  -5.928461791022109, -2.539466249597602, 15.25997204078644;
  -5.912549158728479, -2.657967463058518, 15.2666246742359;
  -5.664541296642793, -3.036289498996634, 14.8513710662453;
  -3.321892922101515, -0.04295872055610307, 9.371864625417864;
  -5.716611230604157, -3.487011330574399, 15.77940750190938;
  -3.579371192811045, 0.6152094763647897, 10.39160902837697;
  -3.273786325916016, 0.6367600823649839, 9.664386326074926;
  -5.094880408017488, -2.915607485295567, 14.93901313355019;
  -5.028605390925304, -3.037793867902277, 14.99579862840147;
  -5.459867806836313, -4.011233274224791, 16.7122220949673;
  -2.327101324556038, 0.6832900241367654, 7.810548341033596;
  -4.680854054994492, -2.98309950316383, 15.05582466138205;
  -4.653738126551851, -2.902539866823337, 14.97835283668578;
  -4.567509054834103, -3.014039522245348, 14.99234994472223;
  -5.101847298735572, -3.952905323109757, 16.66324851444572;
  -4.386251498052253, -2.881185645154644, 14.85325872024354;
  -4.688496708349047, 0.08305221154399527, 15.98018509397445;
  -4.50938005105199, -3.127039414004631, 15.47592423754667;
  -4.397881152383138, -3.048521009881647, 15.17763522078196;
  -4.56220556704569, -0.4112627084682501, 15.9718664585336;
  -4.747789330921444, -0.5953524027371316, 16.58715358409016;
  -4.69929233919709, -0.7903573084853807, 16.45454600397758;
  -4.561401574266481, -2.085650391664558, 16.09721918719454;
  -4.671456468730747, -2.004748724871178, 16.51150831819589;
  -4.636154904291561, -2.354541291980768, 16.39220834995902;
  -4.437587692884405, -2.636959910934235, 15.77259488952996;
  -4.718444147125616, -2.398109154103556, 17.08260815735148;
  -4.656967666512414, -0.4364376776715527, 16.99198022052581;
  -4.686565372738726, -2.785143846185513, 17.17675279453318;
  -4.97773465297028, -2.140988285446515, 18.30790991402918;
  -2.02118070420901, 0.5114437578677452, 8.043359847372903;
  -1.95891744070463, 0.6887947397506549, 7.865543869696873;
  -1.923000725381783, 0.6658523161634974, 8.142029077780197;
  -1.901116671472915, 0.6768344014702986, 8.216384756901469;
  -1.399928722538895, 0.7636000510281815, 6.854418702498458;
  -1.344705881963344, 0.8091412394911639, 6.755272961606307;
  -1.369932245876414, 0.7510951011500238, 6.928559030504141;
  -4.087499945641927, -0.155238582015095, 18.9024584002928;
  -1.356078764905832, 0.7658415273544512, 6.899440535791539;
  -1.301299017467553, 0.7542431641577035, 7.077488324259822;
  -1.152985602820559, 0.789279417233725, 7.044080716365177;
  -1.9362939283448, -0.09594104085722975, 11.54976474844273;
  -1.2760402733759, 0.02652028872554908, 8.450029035448628;
  -3.992920684946575, -5.937324968306133, 25.3280795035594;
  -1.079164785779001, 0.3347394418445249, 7.964447332415385;
  -1.127343223884274, 0.4561372167155724, 8.404931591082347;
  -1.01384491579596, 0.3911657161476757, 7.943358975915378;
  -2.04860603360803, -0.1831773259788714, 15.89721019408935;
  -1.316039559099367, 0.5561147228894202, 10.66984592618812;
  -1.186977450377478, 0.4662491470496717, 9.805596967312701;
  -1.210406697371306, 0.3811344980643992, 11.21073566867419;
  -0.701155922072066, 0.7827819011998486, 7.357737309024988;
  -0.8854234537809467, 0.7612309370741951, 9.35517155368369;
  -0.7973672114316994, 0.7471139281724823, 8.917095034083845;
  -0.8430830376264578, 0.7535801964815255, 9.469912331993548;
  -0.3933089516071879, 0.8058000262910483, 5.076442582659837;
  -1.27469488754829, 0.7516139875764524, 15.50225686519707;
  -0.7674643693695987, 0.7458112242958569, 10.57438339368576;
  -1.017770399964998, 0.7321244741069923, 14.54210988886611;
  -0.7290462140550066, 0.746053099157024, 11.23276244508634;
  0.5592999295292558, 0.4641270561447254, 10.167245940478;
  0.9020822940391955, -2.944594698367135, 15.03439045386988;
  0.5860936853400286, 0.3719510774518354, 9.843899427430046;
  0.59957188297649, 0.6886098143257474, 9.713101945607795;
  1.019400738030388, -3.020998342548364, 15.0937891010631;
  0.6116364488197092, 0.2507171341511922, 9.220987002273988;
  0.6150430951265375, 0.3716387229173405, 8.986974285318071;
  1.144697622544733, -2.993563028576576, 14.78617707821849;
  0.6229921042529053, 0.6233756187441386, 8.53862535620169;
  0.6444972245327284, 0.3889912136503894, 8.546403259458906;
  1.175966303769705, -2.937468053754794, 14.28830116023449;
  1.374770927639642, -3.398703328059888, 15.5047523673503;
  0.6880084210112618, 0.6006905202656125, 8.402243281577098;
  0.7040384648735732, 0.7182576957081791, 8.552806256771186;
  1.429864647561265, -3.347304394476488, 16.09277088699729;
  0.7594231571827066, 0.1868608634576192, 8.926032480584796;
  0.7264456698318743, -1.115655633532932, 8.532685671727231;
  0.7058420372863308, 0.4817778012581385, 8.182071455344877;
  0.7965261535238893, 0.07693804066129735, 9.000491745547137;
  0.7491082722392493, 0.2087363518659794, 8.432808137044395;
  0.7592752414545378, 0.2570956099776303, 8.271609077370311;
  0.7648768530662591, 0.3234605454092622, 8.27847299340559;
  0.8489303551316639, 0.2406090247237567, 8.610003465242022;
  0.6686651274012437, -1.259753392549778, 6.994042691986175;
  0.8182652229350984, 0.3993191081445334, 8.330002067502171;
  0.7250170720284491, -1.260251811475609, 7.455213937424436;
  0.7680283942221327, 0.06053174680499256, 7.806482277796802;
  0.8507516452937884, -0.9326094496710776, 8.152235640807302;
  0.7263991345601338, -1.186863024673269, 7.049663733922066;
  0.9569738396026201, -1.17712303359911, 8.98627874537957;
  0.8917037885053196, -0.9809178687669404, 8.202449821864828;
  0.7552236423470908, -1.241174272232623, 7.002178578932206;
  0.7910636770527447, -1.207755040068944, 7.099291619612187;
  0.9458069779333633, -1.298078147210631, 7.445206493322697;
  1.277591828675566, -0.9387554386244686, 9.537359995366613;
  1.006845770355242, -1.40535884912115, 7.409162563452948;
  1.04223099652523, -1.502874910045549, 7.144649668481133;
  1.006084689774409, -0.9063010378008115, 6.762248921489224;
  1.0708394235632, -1.112444673826863, 6.941961330612219;
  1.142909360785266, -0.9669814256877906, 7.030820685218066;
  1.247267893180514, -0.8880373315940739, 7.549838834468905;
  1.313324215561826, -0.9036401740321922, 7.572365253163113;
  1.292268593386912, -0.8615127652906677, 7.464380937614055;
  3.631431678069034, 0.0258196285270276, 18.69610330176481;
  1.471383379652854, 0.3774068787806417, 8.194690706157179;
  1.493999713633653, 0.3374688517953104, 8.206267261161113;
  1.429601572831495, -0.6903455491357513, 7.869142924253595;
  1.488969359701397, 0.5931562196152432, 8.117075283015613;
  1.485641081284061, -0.6540191659410605, 8.023522809681015;
  1.47497069940043, -0.6981754939643404, 7.934807542917167;
  1.667156557925814, 0.7239961961923813, 8.758711269875942;
  1.335397797372602, -0.8577307585070179, 7.203945711876231;
  3.945522823500803, 0.05015130215387172, 19.17304683072432;
  1.512497055660729, 0.6187691286173488, 8.049685281767767;
  1.265753314273402, -1.262509832704502, 6.846341302543403;
  1.371647021818263, -0.8098492667882906, 6.946977682153987;
  1.528900181294016, 0.7366663875149377, 7.389581626502736;
  1.916208297570688, 0.8013085999256265, 8.954126143192125;
  2.133962477711246, 0.3344881124655003, 9.700402759896637;
  1.606031477978046, 0.8399122652275746, 7.523373595527333;
  2.231891598328857, 0.5799672357606737, 9.932745022459017;
