m=[-3.812095779404176, -0.3778507772906944, 6.398943840163074;
  -4.968910397839993, -1.316579212788616, 8.145855740117302;
  -3.624926127285375, -0.2389776031794149, 6.351812960682237;
  -3.589017649947864, -0.2453153539192568, 6.354479974186118;
  -4.950075523771713, -1.782401631759942, 8.408105844706926;
  -3.559064596894596, -0.313146648556535, 6.355207485881554;
  -4.724428660845047, -1.734699258353044, 8.253599661255521;
  -4.652804872615006, -0.785274478061445, 8.155640488870711;
  -4.561015679181333, -0.9455045210268857, 8.207243976988512;
  -4.465819459964204, -0.7379473298024711, 8.175276071092474;
  -4.437718212469918, -0.7383112176907194, 8.167645076810093;
  -4.442823802476609, -0.5799025312592743, 8.22558226775894;
  -4.372367796659108, -0.9948785541697955, 8.19712049979322;
  -4.365875729703213, -0.7320747882127773, 8.194803790848113;
  -4.286771522978201, -0.8103117182235481, 8.216118894823888;
  -4.22467163045637, -1.04137512416934, 8.16907858294039;
  -4.17638585006722, -0.2713081738091136, 10.02496932747396;
  -1.004899858647176, 0.4408987677498614, 3.180484478620711;
  -4.034079282428139, -0.9666641087920356, 9.730863910478657;
  -4.166700348593367, -0.9153582630973711, 10.02393643161796;
  -4.115082266030485, -1.942251523154628, 9.987491856382192;
  -4.156250586935486, -1.854771550828984, 10.22307492136246;
  -4.075367730554858, -1.816377242316587, 10.54264553583164;
  -4.129927560862556, -1.845635926948039, 10.8204137373353;
  -0.8360411078301623, 0.3848757640489308, 3.28177668084994;
  -3.963149474984434, -1.247738141116754, 12.06492176685558;
  -3.600899307070028, -1.324584486574332, 11.28036070234684;
  -3.39774621629874, -0.09082564184382083, 11.48261617102528;
  -4.530966430474246, -2.838457624144128, 15.76837205055629;
  -4.781200990705151, -3.766324661759654, 17.46529002243798;
  -4.322290181161829, -3.020097872512975, 16.00558799992906;
  -6.371692397662533, -5.772331220630727, 23.32629054296352;
  -4.087274200092402, -2.700386880112467, 15.42887078412496;
  -4.443776297043119, -0.09393619507219585, 16.86036080146322;
  -4.09814991184835, -2.774642416333635, 15.70026744466802;
  -4.76794874596235, -4.282029264230865, 18.10257255030554;
  -4.665684534488131, -4.004362500513007, 18.17070043692008;
  -3.968661107902968, -2.674503857075272, 15.67491851259478;
  -3.878478214392884, 0.06828188531673797, 15.41170888388998;
  -4.010536493858948, -2.992709191195216, 15.96166772105809;
  -4.202774849991517, -0.404889426580839, 17.0205487355979;
  -4.107440030257304, -0.9824553005443322, 16.78203542103871;
  -3.968053204931778, -2.423111616951626, 16.37303049348668;
  -5.323095273296439, -5.32004692877377, 21.65987712281997;
  -4.107908273384267, -2.150265979684792, 17.16323791065101;
  -4.163988215866307, -0.4109983033830629, 17.47726463938218;
  -4.07957795741485, -2.491176685165556, 17.23417705183335;
  -4.08316799012415, -1.809756168925948, 17.34325498334153;
  -4.199741238029977, -4.072125991250033, 17.96271336074209;
  -5.621861699869207, -5.796039466328279, 24.05592267096699;
  -3.722325036464532, -3.707350123306545, 17.17442286142984;
  -3.710440227517182, -3.958108635796793, 17.46831528321774;
  -4.118546876214301, -4.290098578282994, 20.11381157892026;
  -3.580324486575613, 0.05906809521505444, 18.08980018289984;
  -3.258046396241203, 0.09876548849660528, 16.72809298819044;
  -3.905537557321918, -2.67483982028358, 20.30785316369207;
  -4.54965487750321, -5.466743821002851, 23.57995172997087;
  -3.300704085613336, -1.4416667240537, 17.36290540230171;
  -4.596269244298977, -5.681544028885118, 24.44599454147415;
  -4.863099774311649, -1.423706840488588, 25.83268073796652;
  -4.859560875577407, -5.688174880077034, 26.3551351186762;
  -4.331458089672046, -5.48830895144067, 23.71968761694767;
  -5.09291820706865, -1.345518393979657, 28.05742227026047;
  -4.871776332350753, -1.158711418621015, 27.06917367289023;
  -4.213483887360342, -5.878020624607133, 25.11714136501662;
  -1.367800679991902, 0.7495350829510953, 8.919914041860846;
  -1.489358320471333, 0.2520868926223397, 9.738452440639756;
  -1.303703981461365, 0.7906084542171383, 8.772943818863293;
  -1.314504541265674, 0.728699272198958, 8.871102940848907;
  -1.440673332126265, 0.4623785685350834, 9.651762924047134;
  -3.880200344277158, -5.928848237581634, 24.68251181788175;
  -1.781431899173316, 0.002941026560705057, 12.06395728062562;
  -1.798452878376466, 0.1124115248702598, 12.24508018258095;
  -3.617741770089728, -5.619934011859998, 24.03236766996918;
  -1.212450844468354, 0.7748144151666738, 8.840965311773259;
  -4.292793316150897, -4.744434932055706, 28.91600598171801;
  -3.487907942343675, -5.496729623995321, 24.11253769824035;
  -3.260614737394968, -5.05499392586867, 23.44250199330592;
  -2.986110088056597, -2.728066158630063, 22.15873897968986;
  -1.350404261001647, 0.1188861880678307, 11.21219909071069;
  -2.859318024298222, -3.402838794708131, 22.8415920669262;
  -1.070635340228673, 0.4529889110917339, 10.358474840075;
  -2.524156847188997, -5.51462767603728, 23.93689329591517;
  -1.626810231032582, -0.1678605700139672, 16.00843448539532;
  -1.076033509269839, 0.234119663004719, 11.24594883324686;
  -1.242131955312015, -0.0797884064707494, 12.84600297405218;
  -0.6755486941446669, 0.7821210032593413, 9.662129159345165;
  -0.7851916430387597, 0.7330000370401933, 11.44946746123379;
  -1.025814523549184, 0.08045661677510156, 16.27341474567441;
  -0.7193206462981164, 0.6511906309437033, 11.96178398223408;
  -1.462899000040033, -0.08968060154306752, 24.67736807434372;
  -0.6451115279589044, 0.6756738562832271, 11.69587149543986;
  -0.6384478130863884, 0.7003778366539983, 12.72730576925502;
  -0.6083318080520574, 0.6978124150203053, 15.99136694038834;
  -0.4810190877346426, 0.7726696345183214, 13.67056927519513;
  -0.4777488709374247, 0.5485024250173001, 14.56433708549682;
  -0.1455943887010217, 0.7704489700961449, 12.42129661354427;
  0.2757344874813092, 0.7974725403098226, 18.27739911855401;
  0.3481655824191596, 0.7196379991373675, 12.00270068547213;
  0.5580730781035848, 0.7467155952392773, 10.61235755902411;
  0.7424828911700679, 0.5379925957490616, 12.71091775287794;
  0.6949337759625366, 0.2525345701775165, 11.66972343356206;
  0.3416673610902653, 0.7608395448603091, 6.204208615139281;
  0.7100341129419124, 0.749166419117811, 10.77437402179221;
  0.7401866739276479, 0.318521180100845, 11.00996583294658;
  0.7264107923075215, 0.577816750112182, 10.31958823542988;
  0.7742522627078073, 0.7025861096331166, 10.66156074619433;
  0.7620112963311101, 0.4711928870492199, 10.28131860791011;
  0.7761394084050688, 0.3449434966123216, 10.3901797221044;
  0.7696951176068329, 0.3960962832127191, 10.17331344594987;
  0.8103831498358632, 0.2008977985628044, 10.57001408452087;
  0.8095946797051885, 0.2393760624789553, 10.26698267102708;
  0.8204005013892678, 0.3078765158723112, 10.36705846886752;
  0.8503180105909561, -1.341025837849993, 9.50050268191533;
  0.8393147060722576, 0.1529479811537532, 9.134989454437335;
  0.8966538235975093, -1.839335528674269, 9.241641315653672;
  1.043648500451859, -1.647553638859129, 8.970446827687354;
  1.037555187791281, -1.333510612435581, 8.792030601309966;
  1.117505349821276, -0.9949871899119869, 9.331595893125771;
  1.061784896201972, -1.827619047068603, 8.800159923182683;
  1.103735130214373, -1.190469189010079, 8.979051127518908;
  1.13578324621947, -1.14110200064158, 9.057676511160926;
  1.227557968639394, -1.41480384588877, 9.673148218424153;
  1.17480689670145, -1.390608141146204, 9.230968681729328;
  1.217949822170155, -0.8342131521579946, 9.504706195728163;
  1.137920128479718, -1.987625179670006, 8.883356157006553;
  1.169559008180622, -0.8252463004460948, 8.818413300725798;
  1.161062878935057, -1.858137503725936, 8.682190556967848;
  1.096589185781041, -1.341773826395588, 8.211267882593232;
  1.168451416282215, -1.0539624201912, 8.699351851447641;
  1.309525219305118, -0.8384980679840629, 9.566030261151674;
