m=[-9.895769954959578, -1.273549074055783, 14.74733736479863;
  -9.811131984456486, -1.463784641195987, 14.79128461321953;
  -9.55369737240612, -1.339718982698963, 14.44199981912872;
  -8.448083313021799, -1.260370415207227, 15.10850616596262;
  -7.712474537028674, -0.8568469434199922, 14.37704388184559;
  -7.650545877131878, -0.8798459350700131, 14.48658913823043;
  -9.93938497848953, -2.65250114360664, 18.54997801845084;
  -7.760234351978241, -0.7622187071571959, 14.72174792142814;
  -9.985780558650108, -3.324476772726336, 18.87179314877477;
  -9.83086799447509, -2.875642293114132, 18.69465186249333;
  -10.04916922604827, -3.912364520449281, 19.1940858224504;
  -7.304470457561604, -0.4660722817116708, 14.49563722064321;
  -7.575505630836087, -0.8397787664937642, 15.01680876462836;
  -9.703183318390311, -3.182330078744132, 19.00804574157462;
  -9.358089141903975, -3.711729371406686, 18.36767589916823;
  -9.691006712985681, -2.920010437233303, 18.99971981541968;
  -7.499678837482211, -0.7924240125314693, 15.05808205434896;
  -10.22948412469188, -1.752019652926687, 20.34555110223632;
  -7.224907551860042, -0.4837179560907343, 14.85965578233936;
  -6.926916399354513, -0.4242056543880585, 14.42119292704864;
  -9.401625656076467, -1.925277515522939, 19.35056852075388;
  -9.120140728146316, -1.585405229467959, 18.84906148293774;
  -8.667206592326378, -1.10762060551154, 18.15164377232869;
  -8.942440631723407, -1.852729119534873, 18.77032556388738;
  -9.217403236196274, -1.20549909797165, 19.42392142033982;
  -8.839394361845313, -1.352409288995082, 18.79893192651955;
  -8.832509190275671, -1.487420106868096, 18.86033694015976;
  -8.645242423209988, -1.651874392411466, 18.84711740163033;
  -8.502284081114699, -2.114729353122772, 18.72223223543888;
  -8.166653786442359, -0.04966201259486041, 21.41062368845131;
  -8.268560571423587, -2.725370875044835, 22.15867835997603;
  -8.613725407204946, -0.8461273395026806, 23.08796770655505;
  -8.551273250406057, -0.5481798792501238, 22.93977166708314;
  -8.608376629439407, -3.988714261700595, 23.47976714543043;
  -8.317731754223246, -4.906843347845369, 24.03002820585347;
  -8.247822383951496, -4.903613532892809, 23.98283411480935;
  -8.332505093109127, -3.762006523630831, 24.26591698260907;
  -2.570125964690875, 0.7241689257865932, 8.291992714780546;
  -2.513975792136763, 0.3779914787766893, 8.349730437121121;
  -2.750450596714972, 0.307130683167479, 9.068039445226313;
  -1.860528918980687, 0.8702889084798168, 6.604656478835594;
  -2.43691968745906, 0.7178977501693721, 8.334524890343181;
  -2.360220358376823, 0.7367995252323523, 8.292677617946005;
  -7.833224238491891, -0.2877567316040478, 25.29734387397367;
  -2.297252143248151, 0.7709811485309394, 8.317567496421082;
  -2.297739432351282, 0.722478699889428, 8.324424328489606;
  -8.707910792968066, -2.747978145595148, 29.10215405237032;
  -8.242071359026145, -6.131598235139933, 27.86530298235873;
  -8.877891536647484, -0.5868400664764756, 29.99990435316985;
  -2.227734524429887, 0.7648172794160214, 8.286556926752141;
  -8.155390702079739, -5.574560330333914, 27.74345972239237;
  -7.104751349550087, -0.1795249767015318, 24.67374369367577;
  -9.563789072239864, -5.539347525863908, 32.96965636191732;
  -7.424228804309805, -2.76042129571288, 25.83633672777156;
  -7.962872417371265, -5.87123244163539, 28.04702717683934;
  -7.538722159247418, -2.861588773571961, 26.83910094516327;
  -9.406267410402863, -0.3846589728130235, 33.8241915520527;
  -9.539168486736454, -6.073356130937146, 34.30254886074591;
  -8.733193395979159, -6.726802875444199, 31.79172280067003;
  -2.802226236820958, 0.3577139941374883, 10.85093851440085;
  -7.306340970114396, -0.1788248411160789, 27.37155172547205;
  -11.99772181216473, -9.711034865684852, 46.04263963403345;
  -10.17774683260324, -8.882431417771125, 41.35605863535398;
  -9.211582009337739, -5.982878347920823, 37.57980144200248;
  -7.335459469645397, -0.03076539280474061, 30.60619183680413;
  -1.212036815133831, 0.06497910282650209, 5.936487850293694;
  -1.852496837548346, 0.8995120268682344, 8.636703022410211;
  -1.787216905757441, 0.7591624803672862, 8.54135669121278;
  -9.388344548065025, -1.039595190890754, 41.6625749366928;
  -8.150561912602324, -5.053376008748882, 36.59568828087959;
  -9.561074240422558, -5.077464923031192, 43.27263589341668;
  -8.498927197033387, -5.272863098954022, 38.96594262704902;
  -9.486478313641177, -4.25240181739078, 43.63543317696616;
  -7.625862893787203, -7.572931519425739, 35.51325046132008;
  -1.659532658447589, 0.9443203965687278, 8.498980626209759;
  -1.639155541064572, 0.8474298710240831, 8.411200443335227;
  -8.688965782969945, -9.244200349571244, 41.31525331376329;
  -7.040691893528357, -5.818233586010095, 34.41094839712008;
  -1.735505332770137, 0.7169251538741915, 9.312382342593699;
  -8.373674977889284, -8.48343281972574, 41.85769344040104;
  -1.603270687928185, 0.9555753520641243, 9.282238967778534;
  -6.853421791023814, -4.708382119104853, 36.50334354994177;
  -1.628992772317304, 0.8774808135941639, 9.429140060771445;
  -10.9663203702636, -12.78023570770361, 58.87529198856358;
  -1.547311863891413, 0.9528154488578327, 9.221873098840449;
  -1.567082000062609, 1.004785549426144, 9.330336735696138;
  -1.575190503280945, 1.343017416322055, 9.384948095466642;
  -10.39090880703746, -12.91635606818752, 57.29244592391488;
  -1.695240279963984, 0.8464771030583047, 10.1468914780297;
  -1.476611303096744, -0.8153128649986485, 8.1915614448613;
  -9.526900979274409, -12.12616944001355, 54.71365160614306;
  -1.631363504846277, 0.7725778311149768, 10.55269990461467;
  -5.285095984892394, -8.834045296123776, 38.76668885668126;
  -2.570182144212242, 1.621438115490946, 20.05176690362918;
  -2.659691580557852, 1.553172682421034, 20.83386125739801;
  -0.8418698965656981, 1.701185939817354, 8.0006279501855;
  -0.8018272948067273, 1.691918806706331, 9.580822143348552;
  -0.2918045004577044, 1.652996127750922, 9.705778235988955;
  -0.2360975738203504, 1.683637274234683, 9.584769991293694;
  -0.1816833978107723, 1.676815203818902, 9.823435355792862;
  0.04003914809424483, 1.762985823098434, 10.05330880163043;
  1.550170479113822, -5.311718663037717, 23.55779121038159;
  1.598783246016116, -3.953169116283613, 20.58957161290844;
  1.504795556579621, -2.154087147055157, 17.19617820770124;
  1.696066121214707, -3.498121082888541, 19.34029850151711;
  1.647605445089871, -4.228626419513589, 18.6736539347213;
  1.735446653608717, -3.293376307362015, 18.57510261358696;
  1.782719731095798, -3.969928674069213, 19.03814095855961;
  1.57470737800404, -2.339263762859746, 16.77932445693564;
  1.72593006999861, -2.923097105851917, 18.23069263889483;
  1.750225565952838, -3.763888989769872, 17.90485325297314;
  1.886994108338014, -3.115962147235137, 18.94818897319885;
  1.955101850942597, -3.325091000010184, 19.39304024414935;
  1.847778556695537, -2.315870663229003, 18.13084265244561;
  1.76523407157918, -3.774151127313393, 17.27782830965997;
  1.799858687969389, -3.920850127227676, 17.20815560051121;
  2.07732737903281, -2.544069433205542, 18.7531593139496;
  1.976710965410562, -2.944586089926878, 17.59533677383939;
  1.948252180953639, -3.883002739250622, 17.26392587402917;
  1.938485367697328, -2.661867982818208, 16.85725022101583;
  2.020833362523502, -3.872998064746415, 17.65760438177019;
  2.248498908313193, -2.961055926676839, 19.52575057724404;
  2.261683217268346, -2.69143939980549, 19.27862688483595;
  2.108937534336144, -3.629822838584163, 18.13179600130492;
  2.009119946246476, -3.689039188669388, 16.9845215150593;
  2.063840746220082, -2.274773713273074, 17.4139175367024;
  2.143683362750682, -2.422199334209815, 18.00018169887964;
  2.242007511188368, -4.194475516464829, 18.41605948955512;
  2.150303304229073, -3.633834661669384, 17.55376138186079;
  2.189996230039115, -3.128025421521059, 17.69307834982417;
  2.378233924061897, -2.514498115807677, 18.51101081645359;
