m=[-4.247136230636729, -0.6639975505987253, 8.690003708175926;
  -3.918206899654443, -0.3946093721295381, 8.281379484698423;
  -3.788216600145205, -0.3293437411145337, 8.102906137289539;
  -3.976415581350882, -0.229502223710318, 8.471634326595579;
  -3.879341387322354, -0.4542819399287442, 8.323417116960723;
  -4.882724038838334, -1.338964563139038, 10.22618998745732;
  -4.69585899326712, -1.660183025368944, 10.00014143392618;
  -4.839191984191693, -1.452624563147127, 10.31770806990295;
  -4.80316448069217, -1.912778554925444, 10.28850865738639;
  -4.752298711707333, -1.634483234141607, 10.44073217552099;
  -4.674442017792133, -1.452972220676602, 10.28446559511904;
  -4.607702500888864, -1.880753475532379, 10.16418436380773;
  -4.499449920338827, -0.8042510862331653, 10.06705459583134;
  -4.425571885486369, -0.8065208778681792, 10.27080312378096;
  -4.305734504372011, -0.6232159913408188, 10.06888203642655;
  -4.258537899620983, -0.5780816704825353, 10.04103411530714;
  -4.363112833145915, -0.943065456546536, 10.28377676818693;
  -4.285464191006528, -0.6895369436792065, 10.23988315934692;
  -4.305771527549439, -0.7591263125884299, 10.32125538716591;
  -3.435180843935488, -0.3140619408457931, 8.585541609441485;
  -4.180021823159459, -0.8290661674187002, 10.23865759083626;
  -4.135974668525603, -1.067024881874268, 10.23521800698564;
  -4.006906467388262, -1.368040503401175, 11.91121729218295;
  -4.086461055978146, -0.3117240656010342, 12.13970218255735;
  -4.019268418237822, -2.432376131585791, 12.80207134604377;
  -4.006229146699171, -2.453619775792506, 12.85272492808655;
  -4.071139062148741, -1.895373779225851, 13.05790724717329;
  -3.764661264563885, -1.263281388987985, 13.12168297627958;
  -1.341731009076449, 0.1313200301149795, 5.510991150063229;
  -4.320416944630234, -2.534993635417619, 15.66003362353047;
  -3.938359775925096, -1.289066376514198, 14.41127950329119;
  -3.690072203555759, -1.527168599163323, 13.67375589607993;
  -3.943856432675508, -3.015387649640779, 14.58438441411072;
  -4.257315976844197, -2.735358105598654, 15.73687523487096;
  -3.981176239020158, -2.801761627807052, 14.80383083891413;
  -3.82243804945159, -2.825147006053411, 14.3044149382252;
  -4.43676427197592, -2.664400669478948, 16.61179244807929;
  -3.59179162611885, -1.39185279176622, 13.75059309402494;
  -3.771064763519386, -2.86563792515134, 14.54859376103328;
  -3.372056635312069, -1.320883391199207, 13.23504585498689;
  -4.136871963992811, -3.452172434062455, 16.3880080221577;
  -4.830765787455303, -3.231244082210481, 19.00525456892864;
  -3.908355344311553, -2.922230196849687, 15.76948948343281;
  -3.971719704420146, -2.821613971175811, 16.04790786763345;
  -3.296434704112111, -0.1162051361204634, 13.61776984160768;
  -3.318505644138534, -0.06160274110214245, 13.99955395323054;
  -4.185458874285901, -2.968406212817694, 18.91930170113839;
  -6.783316402489304, -7.656030359948371, 31.0237032739664;
  -5.778202778938889, -6.059988195723102, 26.74318799157213;
  -6.162461843932467, -6.814359227690694, 28.44373127414558;
  -4.0522899218486, -0.425620823984099, 19.27641165236054;
  -4.100269131971986, -0.4784760212060972, 19.60953876572933;
  -4.381515176084617, -0.5435600915341615, 20.935241257556;
  -4.185989244870029, -2.265153759906226, 20.23852849006958;
  -3.948700327625634, -2.545787447490339, 19.17525948834996;
  -0.9801979096859287, 0.1615592388361331, 5.590204593763652;
  -6.060385837585023, -7.27507990104594, 29.40678373064548;
  -4.23950647388093, -1.99122079611305, 21.00906465016911;
  -5.906888638898995, -7.275436925890424, 30.90983287544116;
  -3.945083931497388, -4.13899155737967, 21.24899663417052;
  -0.8089752296902522, 0.4502636598846255, 5.261540527389173;
  -0.8064175640068922, 0.405025226203556, 5.255122098764585;
  -4.799081896627406, -3.460246934089223, 27.35342512062875;
  -4.944146712734175, -5.357921618133144, 28.43156539358687;
  -0.9256088148944216, 0.3731174029187983, 6.12457446641504;
  -4.893491659720352, -5.91984814395873, 28.05209223062625;
  -0.8182582563378879, 0.2976441467294095, 5.594364867988873;
  -5.015617594141263, -6.479357254397074, 29.51015907969987;
  -4.598266711683629, -3.019827500837698, 27.45946449531455;
  -4.070271746632497, -2.985153511989499, 24.54245339618525;
  -3.437495640618421, -1.571561371074501, 21.04109590714909;
  -4.604663634718763, -6.087115410902062, 28.2623388661203;
  -0.7713477575811005, 0.4570468355175285, 5.627687570978458;
  -0.5734006775155366, 0.831360502300313, 4.490646733733368;
  -5.310405467253447, -1.389488923199045, 33.55446997655714;
  -3.976688156693641, -5.614960090072593, 25.56514839085297;
  -4.347354803043997, -6.485022870505805, 29.7939477101389;
  -4.484549174806202, -6.606800021902077, 32.2785780493851;
  -4.230781211853579, -6.770999744724949, 31.01888305426028;
  -3.382389624105223, -5.330105990714343, 25.72869446036907;
  -3.869117636110908, -6.499365930935899, 29.87547469940659;
  -3.657924916724765, -6.244124858922531, 29.44814569357439;
  -1.41985815125208, 0.2319793264467183, 12.08200549147295;
  -3.251977252401603, -5.273997454027441, 27.1814018511068;
  -3.310483037784141, -5.579712291638681, 27.93598193438422;
  -3.584460855123567, -6.092104630012448, 31.37526967766997;
  -0.4429223445483626, 0.8410012773466272, 4.775006417034555;
  -1.601553403877958, -0.1252260225635221, 14.83774386757843;
  -1.421674221061197, -0.02753547115601999, 13.58390472775867;
  -0.3869155333777405, 0.821053608522501, 4.820644926291403;
  -2.486035882361152, -5.298080981303444, 25.61765385313057;
  -0.3948729871233811, 0.8166011556772288, 4.946216977869396;
  -1.457726695911648, -0.1428574080235392, 15.68927050181656;
  -1.21019304884799, 0.0953401833212032, 13.19744728373036;
  -0.3671643867025252, 0.8231151789086081, 5.049363257601589;
  -2.448133818403995, -6.587947230428384, 29.59246376460251;
  -0.403041344772743, 0.8260818064495066, 5.792311302786617;
  -0.9582983325026097, 0.3237482510366769, 12.67889300535087;
  -2.11468743683741, -6.276194996004101, 26.585278929634;
  -0.3738870096284566, 0.8058935676655452, 5.704543986963198;
  -2.298712484757925, -7.355366725621053, 30.18592020044167;
  -1.989371484200972, -6.12486491275828, 26.97828998732126;
  -0.3440103556624509, 0.8108884226421899, 5.663921367098999;
  -2.020360936755989, -6.709907407786163, 28.67685470385953;
  -2.000566556496027, -6.976262523271838, 29.12121125465122;
  -0.8627495815463208, 0.2987677347964277, 13.3253220680487;
  -1.816344245368488, -6.483244906998842, 27.55630087118212;
  -0.9331936898643074, 0.1434972642394366, 15.54551155107229;
  -1.709755861583325, -6.924192446404896, 28.90771272948931;
  -0.5828129047462379, 0.6850440184078496, 11.57566205044502;
  -0.6485224945671115, 0.6970266510504883, 13.28339947026476;
  -0.535739024343258, 0.7158426206199783, 11.18160933500293;
  -0.6087062199181234, 0.6555367312275281, 14.44103932653126;
  -0.5218393718097246, 0.6591055082633583, 13.74591414274916;
  -0.1196014342373789, 0.7984633158626296, 5.822631228280961;
  -0.05157935844278413, 0.531998620911331, 6.997824220062408;
  0.2702470571823981, 0.7057756638460864, 9.606372956787325;
  0.5286297651807894, 0.745535972614475, 8.063176472066795;
  1.003224709506447, -2.968468720827476, 14.06766927858408;
  0.992744284360346, -2.449389206681815, 12.566494405776;
  0.349431285884286, 0.6436689266498209, 5.105888829124574;
  0.9232451596407952, -2.025651230774646, 11.21149621164431;
  0.9172342540045093, -2.31162794032139, 11.01966761402128;
  1.000170092678658, -1.443966846107184, 11.115164614532;
  1.0023833568352, -1.45604641467844, 10.85522624310012;
  0.9731928690034165, -2.03347719089362, 10.50772921708931;
  1.01387234563332, -1.673667946646998, 10.57258525753633;
  1.072115980109937, -1.49036766437345, 10.93238377863556;
  0.9947048398862775, -2.111341663261311, 10.11463056378335;
  1.136455037705929, -1.37006935330519, 10.83124100975956;
  1.19888355988262, 0.7633051813836717, 11.27332707019356;
