m=[-9.066720739581188, -0.2798213226799402, 11.98301606116645;
  -8.755287207365694, -0.5013935447542173, 12.30561119270264;
  -8.63831354581918, -1.222049931697643, 12.17184598355475;
  -8.301905533129764, -0.5930128990223819, 11.87719177717976;
  -8.092186846085152, -0.2428985585668094, 11.64553416354161;
  -8.124453148843484, -0.4554260039935925, 11.77679971940042;
  -8.09271041621902, -0.4202949451828854, 11.84787782101041;
  -7.562092141157863, 0.1409275277176287, 11.16319053788572;
  -7.878275727504499, -0.5589216185354149, 11.62256991371472;
  -7.697584368384084, -0.09747272198581421, 11.41257545839396;
  -7.730819787660984, -0.6938358233507851, 11.46611736282338;
  -7.770485408134233, -0.2184232032657134, 11.55225414545163;
  -7.645535034483517, -0.7932402531323153, 11.42958606293634;
  -7.81164809927887, -0.5948562739268076, 11.66582633889614;
  -7.704646438959954, -0.7651024103216134, 11.66000817366624;
  -7.612819150146732, -0.7013428009056721, 11.72213506602793;
  -7.337880184796095, -0.6256221506951673, 11.48014014748543;
  -10.08622112018426, -2.600469843760422, 15.44527680300162;
  -7.613671639385309, -0.7240326523142108, 11.95426333039769;
  -10.03438185989913, -2.659965523641582, 15.50012897440353;
  -7.374071070274358, -0.5714969504932468, 11.68486991195298;
  -10.06881960688284, -2.996939369669137, 15.82285260751732;
  -7.215010094467648, -0.6375164383174369, 11.63834856478262;
  -7.096981735830233, -0.3727395699197045, 11.50299429375912;
  -7.21911206952997, -0.4394065248747906, 11.70652447367326;
  -10.19990275744107, -3.532293510241516, 16.1888852541201;
  -7.214784459458033, -0.1810388362872351, 11.7719066882192;
  -7.089922721743294, -0.5690990579454704, 11.6052949591048;
  -7.248373787245214, -0.7551124999753845, 11.88650990891181;
  -7.312616755466912, -0.4727884857179401, 11.98620096598632;
  -7.177171434928308, 0.4442963516223511, 11.82305780638899;
  -7.232690865567947, -0.1131594107582061, 11.99133355663382;
  -7.166728621091854, 0.04040696370765852, 11.93965206145032;
  -7.294232923983917, -0.4182282144699389, 12.13890348517665;
  -7.116289879048502, -0.04369546426215709, 11.87317086286149;
  -9.377962951839065, -1.514681366287194, 15.35330609720307;
  -7.298327333101969, 0.3184788861660702, 12.20597617944021;
  -6.994312045474048, -0.1354724013589755, 11.78203343571221;
  -7.194605762894604, -0.06948799185063584, 12.11927028716873;
  -7.034669262085386, -0.2190050748467401, 11.88743950342062;
  -6.874460857348121, -0.5244799474803544, 11.69774428636815;
  -9.105408331616964, -1.512725941235535, 15.44214968052162;
  -8.972347660825605, -1.424772695148746, 15.41920027533328;
  -8.93739521905848, -1.117192578776488, 15.46378620203376;
  -8.885872948820193, -1.945125613038419, 15.55441215856209;
  -8.649956903741668, -1.564385797991644, 15.48656875720572;
  -8.683500280420574, -1.172069319746364, 15.63975501284532;
  -2.201350818369774, 0.7714305278497765, 5.232165945988688;
  -2.181715656660596, 0.8317581517235154, 5.230911508086691;
  -2.152845725155215, 0.7755395791356391, 5.242309917377569;
  -8.196097331607689, -2.588494669247834, 18.47796905826532;
  -8.433270735730034, -0.7516045405385239, 19.09240986383286;
  -8.257595362191829, -1.893547394555303, 18.77143064211074;
  -8.183650282617817, -3.547193776766603, 18.78029554741669;
  -8.383181995370345, -3.851211381327081, 19.21629759209898;
  -8.531160959496717, -3.70345197264164, 19.8363328198344;
  -8.48541831811486, -3.882177202077161, 20.75882734657145;
  -8.222323708099763, -3.560787783264601, 20.15265225982168;
  -8.54000535013915, -4.864899440332568, 20.97877446781971;
  -8.522160632622805, -3.697405113633977, 21.15722004097203;
  -2.057367212145693, 0.409203790337228, 6.119958199597606;
  -6.421123714837711, 0.1848560312697657, 17.31976762433611;
  -7.745034571908621, -0.2535255152396422, 21.29563519665937;
  -6.878475619608635, -0.05467262683989317, 19.67173501010142;
  -1.756304903921969, 0.6486999961811706, 5.76133226776071;
  -10.72630995965936, -4.003513702176679, 30.2759689621704;
  -8.851670300554565, -2.681229548797535, 25.57005233220373;
  -10.55336982948538, -0.7258859343119708, 30.28842320258577;
  -9.038219412883407, -1.838724847019103, 26.14075894392462;
  -6.69649877624907, -0.09440220317442249, 19.72229394605621;
  -7.50355674181729, -2.647973947698499, 22.28244787439141;
  -9.307543727132387, -5.493536742591928, 27.46167488014899;
  -7.156163921100817, -2.550421417152328, 21.74889497916202;
  -10.31594463478766, -6.115554442024736, 32.2455305716899;
  -7.009564503304321, -0.0993401520850342, 22.45125371399703;
  -10.28079232454222, -6.260463492799754, 32.62469956707502;
  -11.5845344883378, -8.756296783671614, 36.86870214467417;
  -1.672201700719588, 0.9834000156437135, 6.223127557404458;
  -6.577208190132097, -0.00437572682072398, 21.6084526953154;
  -9.201053138411162, -5.78875284058086, 29.76945778030635;
  -7.025705041729776, 0.16232848371377, 23.04989708527467;
  -9.692300352479471, -5.826593618718452, 32.36567985956019;
  -9.687935709456973, -5.905398617969386, 32.41158163215009;
  -10.3805055958236, -7.967604194228698, 36.54852801862259;
  -9.217465775674436, -6.250688167669997, 32.7976085108719;
  -8.881336535653059, -5.509061410689616, 32.02670776948227;
  -9.27123757539596, -7.167316895725015, 33.67960536864511;
  -10.0379423469741, -8.398625575558027, 36.40756998476514;
  -8.771274212744467, -5.756503610858641, 32.25869998211861;
  -10.35402390674474, -9.070600648623525, 37.92595111220407;
  -8.567378363929983, -5.581923765798131, 32.45314650145249;
  -8.910259732199537, 0.2521720144906754, 33.82445729321901;
  -8.849039466102338, -0.703376322398881, 34.45350381112221;
  -8.905781469496606, -1.957925823656072, 34.93457197875832;
  -8.3674869509757, -3.532341166811296, 32.97976260593296;
  -1.580597523606939, 0.834531793745508, 7.046280902091818;
  -8.222114394158249, -4.842700359481402, 32.62910057885905;
  -1.582708184837391, 0.800174166019453, 7.1220545525848;
  -8.968414823083377, -0.7307935561949946, 36.1912912108071;
  -8.1958182810047, 0.2721852787385209, 33.27824509507831;
  -1.825037859354811, 0.896649611008806, 9.367363478615772;
  -1.705457333621938, 0.8829668604517919, 8.993030366442929;
  -1.686199265603317, 0.9224518791608913, 9.061811101742952;
  -3.682086264499521, 1.363665139378902, 19.08782183904194;
  -3.35886415967478, 1.057622782068009, 19.51128288080556;
  -2.765432203951447, 1.562585781870176, 16.72505183267545;
  -3.109565736970923, 0.599562881067195, 18.94121667056954;
  -2.578421406910525, 1.602047500633318, 16.07000003744563;
  -2.642894567856963, 1.514602776191975, 16.53968612214969;
  -2.657891671091428, 0.9162680203317125, 16.69558642868342;
  -3.745955055099742, 0.3325992594534015, 24.05655148968778;
  -2.436819393765661, 1.607442457402354, 16.46390570571616;
  -2.195968365245493, 1.586447472852717, 15.76528294304845;
  -1.908288638988483, 1.606026813367387, 14.7644822619154;
  -2.098859547082299, 1.66946735432584, 17.65937003405056;
  -2.046582416492326, 0.7116233641083719, 18.48576719747645;
  -1.778142356687662, 1.339702441471201, 18.49030833432877;
  -0.3133510978720971, 1.516570630509764, 13.73689080066999;
  -0.03912659693044925, 1.580755628738111, 13.63986290814944;
  0.4022592455857871, 1.639438852485241, 12.45574254154013;
  0.5540532263554103, 1.642072427354943, 12.67484759092278;
  0.5811195663800884, 1.622140654276417, 11.79150580055292;
  0.7177567448171288, 1.66163868183904, 14.14110098767527;
  0.5982860932231813, 1.652455780807255, 11.08614927847171;
  0.7726879288109915, 1.610624617218271, 12.36516645643984;
  0.7221016830089785, 1.655899671987428, 10.42472954852545;
  0.8363899411194461, 1.636533597701446, 10.98528618690271;
  1.594986014070925, -3.795629159254758, 17.73967820055232;
  1.872788555275861, -4.156708320059552, 18.65590396208895;
  2.074185232963349, -3.747852606091076, 17.55270700767736;
  2.065060709697105, -3.261647706042131, 17.17712352366126;
