m=[-4.517130502734918, -0.7320324302656017, 6.623591982863537;
  -4.46031070940252, -0.8562759109397026, 6.636672730095904;
  -4.367290131246394, -0.6772772384020244, 6.620785893206532;
  -4.297621257567343, -0.7556531121688438, 6.652600308121187;
  -4.246079915134973, -0.9873680682055152, 6.624364317618571;
  -4.07795825001484, -1.261376560714662, 8.130122905514243;
  -4.10906485267807, -0.9183318684109711, 8.297809619822171;
  -4.114482398115853, -1.755716445254935, 8.372791567466221;
  -4.210604767339088, -1.800031652169354, 8.727410047320268;
  -4.211774314091486, -1.797073433704384, 9.383259715787782;
  -3.698952848105681, -1.127810187303115, 8.832426356558917;
  -5.670317077755961, -2.357989618545403, 15.11663012542846;
  -3.449381638846376, -0.03120050285383316, 9.967756656002715;
  -3.414505173044476, 0.00767297883317112, 10.10232258718446;
  -4.852975955376113, -2.71505112798326, 14.75832508443185;
  -4.728366158118067, -2.797941193308584, 14.64100606442132;
  -4.673077574677887, -3.130434539560606, 15.44437099896244;
  -4.396438998355834, -2.738222850297984, 14.67685397216121;
  -4.470536536356124, -2.726693110410877, 14.92094194279969;
  -4.642660707665442, -3.528025120856634, 15.71652693016094;
  -4.287291877716078, -2.770193604351284, 14.61424218505901;
  -3.777824184616682, 0.2459600890171741, 13.22573803740954;
  -4.209861316959296, -2.701108648139451, 14.77586078221181;
  -4.146618115004874, -2.810494121383059, 14.83969050300549;
  -4.184403227990959, -0.3123948165814918, 15.18162176936507;
  -4.363032546110649, -0.9561669051260227, 15.8366179021328;
  -4.234112445704941, -0.8806395677083257, 15.47220740552249;
  -4.26132446879766, -2.099483261203701, 15.6090175219873;
  -4.291535653829498, -1.775516301859246, 15.71125315484312;
  -4.102113321950768, -2.373435959800422, 15.1254966566988;
  -4.450615678233671, -0.412535421275746, 16.31778159697317;
  -4.335096591643334, -2.062244131250536, 15.98371986743214;
  -4.321258315058468, -2.128833704814824, 16.17539017504528;
  -4.008661529101336, 0.1483478628786518, 15.09670549274043;
  -4.425282953949375, -0.3418121081589933, 16.6459157663907;
  -4.328868931292868, -2.502953120176055, 16.40654693710798;
  -4.477032001818373, -1.852711769736064, 17.06504413101852;
  -2.075244070492845, 0.5579077977631834, 8.495198100415861;
  -3.856890743608995, 0.207035687213836, 15.06610774722392;
  -1.985457419915507, 0.7254753450238014, 8.230893687746212;
  -1.961589076733717, 0.5301577364916084, 8.311826889471593;
  -1.913469189186138, 0.6999068660677901, 8.597071282158931;
  -1.86514496928451, 0.6973798103813903, 8.567558964641926;
  -4.29672783068078, -2.781541453761335, 20.26873879050936;
  -1.580939815897571, 0.5011288138203404, 8.068256176170646;
  -5.679104921441281, -0.720555036424787, 26.7462589089609;
  -1.38162433755744, 0.7819501575717456, 7.261676686126783;
  -1.312210519281229, 0.8188183064305606, 7.093476968715803;
  -1.335982199096998, 0.7632659594262241, 7.264619861920592;
  -1.520734567368387, 0.2999060878096541, 8.150740350968187;
  -6.245345937023264, -0.994093405421101, 30.6388336124252;
  -1.904132722874814, 0.07839490814383028, 10.97182355116638;
  -1.880581604857741, 0.1761318768778946, 10.90665525677961;
  -4.135779708836446, -5.372714441364953, 23.49482338682105;
  -1.18463145202357, 0.7855166659209739, 7.518039100278969;
  -4.188079697517766, -5.885808603396202, 24.67575244977542;
  -1.09030142562278, 0.8005338833399516, 7.123547039674389;
  -1.12711429384209, 0.8007203580840312, 7.388742952057727;
  -3.562022699625508, -5.197307598350655, 23.16026755192135;
  -0.9455205372997332, 0.7576139659013915, 7.410815879361584;
  -3.26816674365637, -3.618899160022159, 23.54286569287913;
  -1.038710245350429, 0.3596794273660441, 8.187637009201691;
  -0.9552147109174292, 0.8142822290292625, 7.603808196451034;
  -3.017245252422873, -4.621878735879807, 22.13019309100019;
  -0.5755243594675918, 0.8164711121527712, 5.258924115934136;
  -1.066387847496249, 0.2741381742074123, 9.212334035872605;
  -1.151407091612841, 0.4960824793365325, 10.02832273874238;
  -1.372450032759997, -0.01679708633974176, 12.01017880498869;
  -2.421177013534458, -5.450428449822301, 24.27006038227686;
  -2.576174075409706, -5.386848576519975, 25.98138297900583;
  -2.481971251217005, -5.87015436277124, 25.51865723137174;
  -0.6786010890120646, 0.7890003406300639, 7.643468462455074;
  -2.34467844817459, -5.71940472790724, 25.23870620668994;
  -2.36156871023088, -5.415493614844778, 26.07655839678433;
  -0.7705936726876046, 0.7575184664874537, 9.103725217394343;
  -0.8199602599261349, 0.7733355287216209, 9.712950926572761;
  -2.262802608108657, -5.671302338286048, 25.51108818108073;
  -2.146805800616901, -5.163167185884408, 25.05801471473379;
  -2.228285622609871, -5.555276730807414, 26.10528192414384;
  -1.998827235561669, -6.055122446442436, 25.80595324440629;
  -1.964333223704141, -3.622484916236362, 25.94486583046751;
  -1.910970614698693, -4.880422724259394, 25.555733927993;
  -1.867186866022888, -4.593728027775565, 25.51379841620515;
  -1.617744809738773, -4.065268164237597, 23.26160695480514;
  -1.82794992623517, -5.454262953774228, 26.72501825440733;
  -1.985099457996302, -6.425377680059118, 29.17781552456215;
  -1.656716893144127, -3.629998873203552, 24.40383091105958;
  -1.648165474185148, -4.462162751158719, 25.29367931950438;
  -1.700885105754228, -6.003806712450854, 26.238337940877;
  -1.725782015877863, -4.118966481515228, 26.75194488770459;
  -1.919014955837689, -4.437068466873122, 30.1666296715453;
  -1.737402811630886, -6.003448502316601, 27.26426140752227;
  -1.577792158454866, -3.589661265577987, 25.8212726133799;
  -1.603416128749774, -6.172532351408361, 27.18188336232164;
  -1.583192626934325, -5.882742441266596, 27.26496297011331;
  -1.564600423871406, -3.909226590688837, 26.78474948137662;
  -1.61823220608174, -5.269118440583632, 28.21699572455691;
  -1.545915014890284, -4.934469053463173, 27.24346604360605;
  -1.425555878873408, -4.9002873797735, 27.15455166240475;
  -1.248953433057193, -5.228609520272881, 25.89825287911094;
  -1.346507763434129, -4.288155693938005, 28.58989418818346;
  -1.208309399956433, -4.197538844733313, 26.42960011015711;
  -1.360180901064915, -5.91762783352221, 32.63416988902968;
  -1.038363704375795, -5.250171523890082, 25.34553322905417;
  -1.035374578510891, -3.9638074153592, 27.23355625027825;
  -0.9236961972602195, -4.237146532018686, 24.62655345137065;
  -0.996181593593796, -3.795787542447033, 26.94641341993796;
  -0.8859078841327578, -4.339513889814604, 25.8656345825948;
  -0.8376869438283726, -5.042109804431752, 25.64490487251526;
  -0.7039608709839376, -4.088804516344497, 24.16234189176346;
  -0.7902176702162173, -5.029429063087421, 26.85561898382748;
  -0.7243634104629959, -3.994699927659288, 25.87401620387831;
  -0.781769485807445, -5.534136540546688, 28.3484876613791;
  -0.6648700122737761, -3.557844829621983, 24.44843984647583;
  -0.6289300301738772, -3.550173358615497, 24.77970517009043;
  -0.4757007227504387, -3.595821481657266, 26.32354974071748;
  -0.52920511797807, -5.53474042667903, 30.17330224720015;
  -0.4062797536926044, -4.511340970104837, 25.59140912838475;
  -0.367999023163289, -4.046176668598142, 25.44856329016218;
  -0.3282277852979778, -4.532539079179529, 24.44592332759166;
  -0.3401305018074709, -3.923579244214426, 25.39794834123548;
  -0.2694892713079481, -3.461054781592319, 24.86388019009695;
  -0.249946938218547, -4.489288028596504, 25.28806815759057;
  -0.1974464974258055, -4.636929754789968, 23.80169206620417;
  -0.1646998354973072, -4.665747111797549, 25.8050491071093;
  -0.1233156622914322, -4.182442218541532, 23.97377832440787;
  0.01824648016829092, -3.939205190980345, 21.93327664807789;
  0.08222529864576329, -4.090613878610728, 24.1557442367679;
  0.1433276560153776, -4.241916887190979, 21.83910470626692;
  0.1991304388771122, -4.853505116178109, 23.96225734650547;
  0.2319534712654255, -2.715694261971147, 17.8650451928567;
