m=[-9.233914347784722, -1.40735776951661, 16.20960049333745;
  -8.088745367318209, -0.8802182874043336, 14.44526893395551;
  -2.665693432259672, 0.878898215835258, 5.446558388566285;
  -2.666350378142422, 0.8363474674806283, 5.470498338544724;
  -8.688605042112648, -0.7569626703961706, 16.15143829487957;
  -2.54431775096385, 0.8693760399646154, 5.466732204141623;
  -2.535118650804439, 0.8253773175990813, 5.47730030138574;
  -8.713043780155408, -0.4119940850427183, 16.60806632875271;
  -2.49437657326978, 0.8709165750555965, 5.471111773066617;
  -2.504213800139484, 0.8174201252039647, 5.49483441095648;
  -2.484721520145539, 0.8897448301272253, 5.461920508429963;
  -8.586725069159842, -1.115726864705392, 16.50723558118908;
  -8.766666383750604, -0.3796902933262344, 16.9242578333789;
  -2.441584529941826, 0.6886099093401491, 5.46909349401698;
  -2.439144574377135, 0.9081276967020152, 5.476006410109866;
  -2.430574896512363, 0.8990155988320501, 5.470717868179514;
  -2.390610454653734, 0.8717646875699601, 5.478059817698565;
  -2.353706421822144, 0.8699730881804531, 5.442465186722294;
  -2.328749678041411, 0.8917312095437133, 5.398645200765056;
  -2.37304158781132, 0.8377762103435805, 5.49323645086545;
  -2.351751363008097, 0.8826044938339634, 5.477105594740411;
  -8.420808711002128, -0.3393707881877525, 17.12278970606334;
  -2.319024449328247, 0.9171535774943291, 5.457463826010438;
  -2.31593381542324, 0.906575663328639, 5.455422262084356;
  -8.557825676408797, -1.337931014926362, 17.51004272607626;
  -2.326754117636642, 0.8621292160975819, 5.498575752661776;
  -2.315326446589987, 0.8406282241070078, 5.510679047737984;
  -2.289308123230998, 0.8622928009925373, 5.470595984465706;
  -7.903796816575544, -0.5489073353634302, 16.53159337262274;
  -7.536350750242904, -0.8907904127637122, 15.87765085671092;
  -7.817040014012233, -0.3579060277700362, 16.51222385095161;
  -7.762046115160817, -0.7817290465733862, 16.4055781390832;
  -2.272896412013773, 0.8468264055430972, 5.522079678443994;
  -9.648832457613102, -2.645950218289093, 20.2081446921525;
  -2.250595328374697, 0.9079264599394741, 5.481733556383539;
  -9.653047049624353, -3.923379430757313, 20.25928570667957;
  -7.777600833082427, -0.4488908791865362, 16.56994568302024;
  -7.487689774223483, -0.6509722180229283, 16.01599217514383;
  -2.214892311895346, 0.9342739713411015, 5.451131935464566;
  -7.610503323544042, -0.8912116435414033, 16.32890413792532;
  -2.233155026648445, 0.9062160728704717, 5.520061717056728;
  -9.525848178403285, -2.859461061673553, 20.31019247511808;
  -9.567471109910839, -3.810082631454871, 20.49378274246122;
  -7.632611790943844, -0.1788984177609072, 16.57011479130526;
  -9.65283195066519, -3.253480163187564, 20.72855107927559;
  -7.715209608501294, -0.314861321855292, 16.85374067024032;
  -10.25438102036693, -4.025492447768479, 22.38146220673542;
  -9.085422200914614, -2.824051730837927, 19.98927608616926;
  -9.492308574542166, -3.264739899486199, 20.8544659261519;
  -9.114120897966048, -3.72016521291581, 20.10494494883061;
  -2.643737386914057, 0.04413961543920573, 6.5394058527069;
  -7.355423847348553, -0.8477339457512166, 16.43048615505521;
  -7.630207928058176, -0.8398578923847311, 17.09785335145684;
  -9.263239362121427, -3.908275881711375, 20.59981080179978;
  -9.290906383850397, -3.177820785817617, 20.71713224500892;
  -7.323283554393365, -0.7911869867706839, 16.62357779532362;
  -7.275469048678951, -0.8577727841757021, 16.58664417014495;
  -7.307856061207567, -0.8261769312476917, 16.88641833793054;
  -8.77565360367355, -1.599284348202153, 20.36640976083125;
  -8.660465580627291, -1.513546861522379, 20.36125532806164;
  -8.4365252694893, -1.145228887428372, 19.89214139743414;
  -8.703193166502958, -1.881152551139242, 20.51326635763243;
  -8.447699984636248, -1.359246272725671, 20.18531877816832;
  -8.434218680154785, -2.00615385826318, 20.21335148457305;
  -8.589574922193219, -1.514379547466994, 20.58985152182671;
  -6.745930311166655, -0.2360364955633978, 16.60527202359024;
  -8.222326378060188, -1.630817470797686, 20.13998681026687;
  -6.590464860725459, -0.7550394071398575, 16.45859223323349;
  -6.858631802686756, -0.6270514751213883, 17.14176673689895;
  -6.674839183556361, -0.5776041294577811, 16.99231616072621;
  -7.702700822721991, -2.318171741788884, 22.77923419454474;
  -7.997479938627908, -2.730504585077744, 23.77388194962338;
  -7.850377542545184, -1.978913635555894, 23.49321113403245;
  -8.030345915323874, -3.727614659413805, 24.40555273248701;
  -8.077227475368801, -5.042907465974493, 24.74224902213119;
  -1.983079195535519, 0.4805725616986268, 6.980920745893604;
  -7.804558518874114, -4.723153540264669, 24.85888091714111;
  -7.846419886468076, -4.805549133022497, 25.17276790173953;
  -8.008116887143512, -3.728286982379923, 25.68550126648107;
  -7.706022205540108, -4.810958610210477, 24.91886507978111;
  -6.989696672777048, -2.394487836751768, 24.54040379741537;
  -7.144412323189364, -2.893801803916037, 25.43673038733938;
  -2.312440881516657, 1.022121718849114, 9.020013042368504;
  -8.116153193631797, -2.656501890077211, 29.6986966198341;
  -6.63329947428307, -2.745248902232926, 24.58003876171889;
  -7.704782135947911, -5.890910405211952, 28.49229083661295;
  -8.208249489805619, -5.273863132742872, 30.34122879775421;
  -7.727854492407918, -5.438494776969157, 28.73569110859204;
  -8.586729867765239, -5.156570736204474, 32.14977529277525;
  -9.065201424756936, -7.608090013331624, 34.19514135173743;
  -7.105463334571392, -2.753433386029188, 27.20211672295151;
  -7.128530639187516, -5.416981418053034, 27.50154210712348;
  -2.633599388869104, 0.2577598257158391, 10.81717782974978;
  -2.884854976103919, 0.06252398662968672, 11.7577070391577;
  -9.053012514061344, -5.904850151674943, 34.76411789305895;
  -9.249654788251579, -8.609380158271653, 35.78975945622754;
  -6.866099338772589, -2.689550490918502, 26.94887702713227;
  -9.275007440640998, -6.203946583967294, 36.4898414234537;
  -9.531107119396975, -7.953600099317896, 37.75699641957626;
  -9.386926939338782, -7.229808968018097, 37.67237995486648;
  -6.595205467976618, -0.2324926224665126, 27.24519008642362;
  -6.163751876018174, -0.1144201793680425, 26.00260062689836;
  -6.520515293448294, -0.3188998671367687, 28.54827993631835;
  -2.604347685293217, 0.2869538806119599, 12.30174393283994;
  -1.766171215546325, 1.669228705486614, 8.769169349189031;
  -1.921133135170762, 0.839283104489126, 10.54424532685392;
  -1.430293121279088, 1.726260864355105, 8.209032585589471;
  -1.950356961829134, 0.3214638422487868, 11.1231561909672;
  -1.597035544352774, 0.4756195331379532, 10.38480904936199;
  -1.593720989120518, 0.887041554623507, 10.36549360951269;
  -1.564669430363237, 0.8403352273404605, 10.29349272866805;
  -1.326166800929952, 1.668111812319387, 8.931549567058674;
  -1.634910409181273, 0.5947040680012967, 11.17774893756306;
  -1.633236756881848, 0.5279730725796445, 11.23336083764326;
  -1.500400265082389, 0.7000833229292787, 10.53100094358984;
  -1.199174181008394, 1.634198564557886, 8.751466211465841;
  -1.497467355532041, 0.5992787366530948, 10.69949618823991;
  -1.528734948939106, 0.9058216140392504, 11.15352003931954;
  -1.520503052747662, 0.718114078459386, 11.26874041399215;
  -1.478436655747481, 0.6789090393366588, 11.8617771458344;
  -1.478689280554167, 0.738698916130745, 12.10532299262111;
  -1.609912969621778, 0.9390175578021334, 13.28760377629543;
  -1.531883028310574, 0.728284641381716, 12.88307511095033;
  -0.870975800137569, 1.653770168675055, 9.3897160211672;
  -0.679621637741352, 1.672217103460295, 7.670889955348277;
  -0.781948790074727, 1.617077659090203, 9.794765677611565;
  -0.6427412868648158, 1.652954631128222, 8.858963934408124;
  -0.7287304503745478, 1.633679944896658, 10.02173656836144;
  -0.7400000247963778, 1.579382592089199, 10.34564805319492;
  -0.7493888239558824, 1.615267760991844, 11.43372569654954;
  -0.55193542583464, 1.623936961428725, 8.983710851906233;
