m=[-9.484846199505737, -1.359566093395342, 15.38021770324193;
  -9.044908153874081, -1.358678984521869, 14.82888048021066;
  -9.148320000807948, -1.457808312998317, 15.05072022634165;
  -8.731150278246394, -1.311074271179223, 14.63143848018788;
  -8.024652783556036, -1.220910896853619, 15.39799053774233;
  -7.726523757119407, -0.5193366263195456, 15.1028624285476;
  -7.537031210423319, -0.73758295054298, 14.87947526893264;
  -7.638757015495143, -0.5215145519603874, 15.18041418046001;
  -7.319059218466231, -0.6152485647660051, 14.59901518369354;
  -7.733206359938299, -0.4227907036475079, 15.39620534468669;
  -7.526272634663792, -0.8571015742344956, 15.07791508725476;
  -9.227972420905021, -2.497123769928532, 18.27596108833563;
  -7.067832368534831, -0.7204045302591334, 14.45763039281444;
  -9.168140526338934, -2.716680114555079, 18.488928793663;
  -7.15342126552438, -0.6286152816536095, 14.65837254123029;
  -9.01912115108353, -3.550852915587909, 18.28223518435962;
  -8.92634815622859, -2.671720158957966, 18.27822945204355;
  -8.979403435319112, -3.019097482061755, 18.66385125930417;
  -8.982345652902081, -2.747642225283974, 18.66982503395845;
  -8.738705400384363, -3.518763558521181, 18.21712970973863;
  -7.010834760753004, -0.5226217020503183, 14.82539693268024;
  -7.049621547172368, -0.7367828595775209, 14.95541192874763;
  -9.227050192562887, -3.259036288684579, 19.33498816737022;
  -7.101720763138027, -0.8129964500126786, 15.12959291461645;
  -8.816853899186734, -3.450785773012015, 18.61120836624058;
  -6.845003617310734, -0.7494334260631047, 14.79588556080124;
  -7.005810048181019, -0.7747905337077862, 15.24706233368147;
  -8.547860093459047, -1.823036905411055, 18.56093016508415;
  -6.747219361268125, -0.4758474012462032, 14.93067832300774;
  -8.519914171645514, -1.782035550142217, 18.59671338478579;
  -8.327750227775598, -1.482859165286241, 18.27150349353806;
  -6.491092000325634, -0.423519475534933, 14.5677435195323;
  -8.035314683131601, -1.059767732384135, 17.8881098038722;
  -8.165173168690611, -1.726616408049546, 18.19933870389553;
  -8.517144518614476, -1.1582287220323, 19.01248204537683;
  -8.09176592003733, -1.273545993064429, 18.27074852774376;
  -8.028377954876468, -1.389249264202353, 18.20572914597226;
  -6.429619294940316, -0.7113039139532259, 14.99166837897551;
  -6.522573985253085, -0.5735462932301795, 15.25900457084951;
  -7.891755699044518, -1.535598367513084, 18.26410627428938;
  -7.931831962862236, -1.171977722582993, 18.48039247735875;
  -1.97348554315335, 0.4160760809082719, 5.944218641634041;
  -2.327750458091974, 0.2650161062930193, 6.867978085865353;
  -2.438375576400347, 1.070345392624607, 7.320764427967931;
  -2.225469122637877, 0.2674962540953881, 6.919485424103994;
  -7.284197765762697, -2.443444131073178, 20.60265357693515;
  -7.590959910978818, -3.6657633521483, 21.71817931498299;
  -7.4396920805492, -4.416273863834942, 21.34517846204079;
  -7.473400095063372, -4.53863010080747, 21.51424108252769;
  -7.384483996245532, -3.932035481170328, 22.41153481430784;
  -7.41215938326973, -4.434495162556082, 22.51841972551112;
  -7.117365708446491, -1.88385178221543, 21.63864656772428;
  -7.354427011469303, -4.442887255968314, 22.49959923080836;
  -7.375831648188631, -3.381039127299384, 22.5761929009172;
  -7.01741734169688, -1.481184908923387, 22.02109430177548;
  -7.931728574997556, -3.70940365834364, 26.18739228121186;
  -6.306558914983155, -2.106456440508085, 21.06383248404678;
  -2.683738622097179, 0.2818645153524502, 9.919549792938071;
  -6.629410447604605, -2.121314687808673, 23.24652180766772;
  -7.169168072572238, -2.876619621957222, 25.24228782832417;
  -7.082870359814761, -5.34228945854383, 25.0806948386388;
  -7.627200063983116, -4.805745504974221, 27.01179548998618;
  -7.134926409522554, -4.950274935629035, 25.40949375180432;
  -2.023589815933602, 0.9760844162352032, 7.934028093460849;
  -7.777902735986576, -4.585224270651562, 27.96465296480559;
  -1.868681570320698, 1.440572318896162, 7.520535654372061;
  -2.311126578749661, 0.5923012649192554, 9.088872299838137;
  -6.305374197384576, -2.392895518231083, 23.05610653167473;
  -2.309427501127041, 0.7047534415112005, 9.184866597872535;
  -6.978055010325867, -5.217316262057449, 25.71747958105453;
  -5.763250902535498, -2.195287317979339, 21.57435775114743;
  -8.829918062532595, -5.674934799735255, 32.66705533581416;
  -8.273339067790801, -5.341399024266774, 30.90177633920786;
  -2.250489208444988, 0.7418111987994374, 9.223410556807183;
  -8.041723570725731, -5.321712124038969, 30.57094278346565;
  -7.437359411378048, -5.53540792564065, 28.68414773648565;
  -6.564524751215396, -4.568997834026097, 25.47956600668117;
  -7.97011969914308, -6.601006786395021, 30.91842391256882;
  -5.689744942840378, -0.1738634893014536, 22.4271709556114;
  -1.787555435895215, 1.702232953094285, 7.802548004661584;
  -6.043431870630782, -0.07197099910541589, 24.2733435684811;
  -8.118510357441442, -7.19347870545869, 34.2083885289003;
  -7.02475739708119, -4.639965468363426, 29.83323328131666;
  -6.270692752573891, -0.03371231825023104, 27.28617792059358;
  -1.930177597851085, 0.3370024246184181, 9.904868430307971;
  -1.82045810955214, 0.779132660488942, 9.433472248652587;
  -1.622933250752345, 0.9169314902792362, 9.420873356128128;
  -1.662293896410625, 0.5141381471402774, 9.649210689126671;
  -1.577995563999161, 0.8574549494242915, 9.247149383604594;
  -1.607342820816024, 0.6028496434214695, 9.878198436523586;
  -1.23415806102769, 1.676689241078418, 7.854442867370977;
  -1.54505722823549, 0.8277744146559863, 10.07573026563021;
  -1.525266649931377, 0.9121134017592029, 9.977314377763124;
  -1.16160038290974, 1.679149678976647, 7.94948723485764;
  -1.483618825521116, 0.9526990421526886, 9.978988185200439;
  -1.521066649612346, 1.296297842908795, 10.19301189446178;
  -1.454836947339469, 0.8880317605441193, 9.793398633555659;
  -1.604490872029487, 0.7790586580953161, 10.70019776122031;
  -1.083136767048253, 1.678705380953546, 8.038733917726995;
  -1.506907467756389, 0.7053521607113857, 10.89324426969171;
  -1.475413013474488, 0.7507367173909731, 10.90328016441796;
  -1.011651434822322, 1.662823000060432, 7.877995852393062;
  -1.562759681291595, 0.5654087074153916, 11.62422734686408;
  -1.666331664797296, 0.953444586581056, 12.42952434115596;
  -1.742594806034257, 1.034167342232742, 13.30302251826068;
  -0.9701442576903446, 1.673501674848813, 8.130467642895335;
  -0.9326141078713165, 1.684843914037977, 8.300750027959643;
  -0.908034822816155, 1.717252229672357, 8.588822246791029;
  -0.8562864886570314, 1.671203626079874, 8.585453048763272;
  -0.8046414214816272, 1.651695292471636, 8.852703998786318;
  -0.6613258815362568, 1.684381580074262, 7.900364850609884;
  -0.7482076130456046, 1.664718106847037, 9.056910201493244;
  -0.7868429739111437, 1.638505210536623, 9.574998793234236;
  -0.7589863863838298, 1.615900787623062, 10.27419096819881;
  -0.5738872660575722, 1.664897845523687, 8.072872569184133;
  -0.6783374790543728, 1.605894229412018, 10.04338331032249;
  -0.5196551158759805, 1.666441680903967, 7.920583093260412;
  -0.2319062598866127, 1.673277064371678, 7.684927823884732;
  -0.2684168840107893, 1.632408835859389, 10.69850307024364;
  -0.1514737863187024, 1.645869937092966, 7.774889708644535;
  -0.1518346463253876, 1.609568157459715, 10.54036939925628;
  -0.03997214917429924, 1.645462779181844, 8.754978526391588;
  -0.03353765615447344, 1.661208543466542, 8.123178829922603;
  -0.03157525534037962, 1.489195106696548, 13.56650565835492;
  0.06385601105842949, 1.674202508377938, 10.6569078971162;
  0.1838539622672099, 1.681906697174653, 7.814420063410559;
  0.3756413086289433, 1.664538501731482, 8.204275037027925;
  1.635533483226104, -3.609625625972869, 18.18476316629107;
  2.021456233360398, -4.237042793868266, 20.30479119989887;
  1.984737202703983, -4.265233321540102, 19.61770582442475;
  2.163615715182566, -4.961634852704754, 20.97157417266869;
