m=[-7.631503495425238, -0.656408339899543, 10.54404538934375;
  -7.409104581050532, -0.6386897971562636, 10.61315513175733;
  -7.186325515333627, -0.4953539411105906, 10.43811306531531;
  -7.295482710276746, -0.3683653257984418, 10.66122919544178;
  -10.00223301326471, -2.492066488905722, 14.25992520163221;
  -7.122162323532473, -0.5671894420740564, 10.45520281236973;
  -7.059337911980761, -0.3075887704670335, 10.50944316137405;
  -7.122035723522566, -0.5109780871461306, 10.60636967974722;
  -7.155305144425147, -0.06730118182790713, 10.68737141414053;
  -7.126280585506149, -0.3986928520205048, 10.79089759625747;
  -7.261374612305013, 0.1000817353278104, 11.03579812981023;
  -7.189640408921485, 0.02308611164842551, 10.9378851047536;
  -7.036099612108403, -0.3423645259075018, 10.81729532501814;
  -6.79784764961001, -0.3908052166366011, 10.50367218768204;
  -7.082067956869446, -0.1557926063971815, 10.91256076071898;
  -6.912646743772418, -0.4645297691652103, 10.7089302096451;
  -9.354399391912981, -1.431247323800857, 14.25189196654817;
  -9.086557232468241, -1.429026293809385, 14.34510361326046;
  -8.857715676865665, -0.9723857753329525, 14.09696830588115;
  -8.928250424126171, -1.336244308272624, 14.28087751866843;
  -8.621405489209575, -1.812555168143801, 14.05509098582419;
  -8.825183888759121, -1.327911018596783, 14.40055424146304;
  -8.611044532138946, -1.476450658804115, 14.35192610862365;
  -8.485952152637813, -1.075071685206827, 14.23973068312588;
  -8.516908984161017, -1.942514562568378, 14.31035698078252;
  -8.172270175039081, -2.484473813217163, 17.32595289912465;
  -8.520112672947885, -0.692547552599096, 18.18378855433628;
  -8.565387453306121, -0.3637927888740321, 18.29575658008346;
  -8.459950360732853, -1.644771531288691, 18.10654382700687;
  -8.584117858461534, -1.868795132556749, 18.36832818215503;
  -8.508081438331317, -3.585942194466616, 18.67088088447174;
  -1.6870742166298, 0.8161503459001847, 4.505291398110221;
  -8.38839852038023, -3.718424200264902, 19.40271821386031;
  -8.351000159222934, -3.505668276322682, 19.32847131889045;
  -8.526285301277877, -3.58435498396415, 20.03653849646201;
  -7.827442695336949, -1.163745030156084, 20.28535650561447;
  -7.886195776417734, -0.1598411680398684, 20.53954322501724;
  -9.252774235828728, -0.4169452898555224, 25.26169784408368;
  -8.618060724659337, -2.481572318763915, 23.7500442038012;
  -8.359382583018636, -0.192167106061045, 23.09135752769963;
  -11.20118836894536, -4.586847268615268, 30.94856898338694;
  -11.15425615159776, -4.799264565382106, 30.92525618761628;
  -7.646811439363583, -2.585823750904604, 21.53246092705633;
  -11.67070377011641, -1.243040144075454, 32.38838966718909;
  -8.363135066522363, -4.796128603752451, 23.59202247256685;
  -11.00531623513045, -3.979673767638562, 30.74295765148242;
  -10.60209845543617, -6.245064083894386, 31.39558723854135;
  -8.026596699852949, -5.127419150923505, 24.22279063901101;
  -6.995803691592817, -0.006851934725695598, 21.26209594003739;
  -7.245457183589799, -4.759870904066488, 22.11170061125019;
  -10.44732954271533, -6.183164217374551, 31.87991396318916;
  -6.868652140825959, 0.08056710651080544, 21.3707385707827;
  -2.827885407356678, 1.175327223102231, 9.472234391228669;
  -9.9634332295948, -5.483185261707591, 31.37480490664647;
  -9.616370461396723, -5.606211777805108, 30.85612328842937;
  -1.472818040217569, 0.3527860301454292, 5.637336043664285;
  -1.487844753326897, 0.3563853983764095, 5.694852063373345;
  -10.12132453471451, -7.670554558704904, 33.49797574490134;
  -9.621220595891526, -7.198954462965018, 32.66620469596556;
  -9.256550727482507, -6.106140099568111, 31.6628579389684;
  -8.712467241602276, -5.234147766936469, 30.16142016594212;
  -8.402645272177667, -5.18737435218616, 29.16601715465297;
  -10.51597065091933, -7.912220481539102, 36.72857469836669;
  -8.824965700271019, -5.61454645621584, 31.16056616832432;
  -7.824506130664941, 0.5941746378563664, 28.47498071495357;
  -8.46091592082837, -5.341029223674306, 30.77280705570528;
  -8.982116608113742, -1.870708489511702, 33.70565505007967;
  -8.847003084501825, -3.828116193396814, 33.42497355693639;
  -8.76830923812277, -3.535750484950934, 33.1999516941837;
  -8.807814312179998, -4.252367186472116, 33.36655548794603;
  -8.88514480077043, -4.129958257810201, 33.85600553307044;
  -9.000474218310878, -5.118373798155813, 34.29314968806775;
  -8.824581111817247, -4.252561939634501, 34.13333394751869;
  -7.872677660345692, 0.3869833280463644, 30.74719817528543;
  -9.063273294765134, -5.145448395385314, 35.45879894833169;
  -9.072645118229657, -3.65503461865642, 35.69352043044005;
  -8.568176800088818, -7.877042128397901, 34.02269632822264;
  -1.705121768536441, 1.341117901951019, 8.024057915846905;
  -8.865910962725437, -8.483712360738144, 37.97561364091349;
  -8.071010540668301, -8.176177653528921, 35.21425469209888;
  -1.668197707318506, 0.9964164878870842, 8.063531939724316;
  -3.977637392950408, 1.126413632645684, 17.9029176184312;
  -4.179065775107313, 1.467235095791981, 19.03040232607142;
  -3.808731582179163, 1.47564481902819, 18.54515251299578;
  -10.32469947164726, -11.16633798869543, 48.62248235752784;
  -9.12567688094064, -10.66214300243492, 45.59104714329035;
  -2.998394534829645, 1.003900306247531, 16.36368374509908;
  -2.789925190885079, 1.620160805711564, 15.69755314168103;
  -2.887689866614128, 1.616495826978995, 16.29490257399327;
  -3.060639992966658, 0.6549014003918191, 17.4655257083097;
  -2.692348065101996, 1.72681343970261, 15.60356105459893;
  -2.791950953765725, 1.64372001936391, 16.2350800983558;
  -3.228098919416552, 1.168757354637644, 18.84033880313962;
  -2.737081614210303, 1.04767792854348, 16.46399587320497;
  -2.512441841666132, 1.703671955246677, 15.77768743988332;
  -2.374971159588386, 1.760186150924818, 15.79426067461356;
  -2.46604788978926, 1.680793347335998, 16.69729195065448;
  -2.342243859219674, 1.710938422878579, 16.40823218906792;
  -1.937141284858277, 1.663663907636954, 13.80146554443035;
  -1.174061406161988, 1.695522536193418, 11.74720393337433;
  -0.7637125168958102, 1.687610405194381, 10.5448198755777;
  -0.8454803380379087, 1.662427795970763, 12.70929250344486;
  0.4621433447377936, 1.673069246469092, 10.52939595890785;
  0.6021244302198681, 1.733857467659815, 10.37376766221406;
  0.6292359928208465, 1.661571107392859, 10.62280123268156;
  0.6707791313052091, 1.659855479257199, 10.77095726606827;
  0.7849928609456828, 1.707781343879528, 11.78531661809465;
  1.859936915384783, -4.60015517534243, 25.38781157073052;
  0.7136632910714108, 1.701488485786789, 9.500026615723334;
  1.30145961367653, -2.27847327930003, 16.20848313988133;
  1.43102620086994, -2.370071286605131, 16.63624882929624;
  1.446970264679358, -3.887387350097708, 16.82494298487998;
  1.388970812155975, -3.540169534395923, 16.10584566743147;
  0.8112626369820851, 1.650447986654881, 9.868161987568783;
  1.437784048462969, -1.559345593817794, 16.32522179196585;
  1.4510503878168, -2.26437949301528, 16.02509413540363;
  0.9578417625679757, 1.664566275692438, 10.56794598853769;
  1.673774315675462, -1.727587894165034, 17.30382050498453;
  1.005180705430226, 1.654604539167154, 10.75061930269056;
  1.708102383314942, -1.805649495068457, 17.04563359830387;
  1.925276189827895, -2.875592250229011, 18.33986974767452;
  1.697335752293766, -3.043461486257598, 15.77599591782369;
  1.84815374008441, -2.846445360362326, 17.21959697891091;
  1.760067953460803, -2.180046133754371, 16.37123463183358;
  1.704690800312169, -2.72206244389253, 15.69894769993632;
  1.936062186998068, -3.489685778830906, 16.82144775476656;
  1.720626268750939, -2.424093203593762, 15.02981005234631;
  1.809535858752315, -3.037342095081974, 15.74814876075149;
  2.110386486658468, -3.82832879129686, 17.16537075319213;
  1.975347413192296, -3.130356780715072, 15.78083865319183;
  2.046447299518333, -3.540558772794497, 16.33349241221643;
  1.915323270106558, -1.645185842747151, 14.82660391050146;
