m=[-42.01019688351346, -6.664211491456986, 57.48332203834504;
  -44.13800347373103, -6.427697770392748, 60.8082327677132;
  -43.48443492879914, -6.83416589627149, 60.59121693601146;
  -55.67511767584495, -4.073524592370061, 77.9057638431989;
  -43.82380875428687, -5.525186237267188, 61.61120914607889;
  -43.03822173268302, -6.41878796238186, 60.60962061136675;
  -23.14371841944525, 3.50182908667422, 33.61223332355304;
  -39.77774439180766, -6.142963309483558, 57.10777661825796;
  -37.96906047538553, -6.146124467487823, 54.70233115434044;
  -44.13555616655588, -6.705524198441917, 64.13803180015046;
  -42.64180336321197, -8.331395290439366, 62.04457872874886;
  -37.9841841950247, -7.899283112096521, 55.74337502615824;
  -41.95509040504674, -0.9452656411587704, 61.65039374532592;
  -36.50548885979695, -7.80115814915426, 54.02717748824937;
  -24.95705816522776, 3.456422280515266, 37.36994050642177;
  -36.94021488269336, -8.70928995279129, 54.78819546186207;
  -42.68324207001128, -8.132680783256118, 63.17890043599608;
  -37.67189372772797, -8.474121444390594, 55.97585256410638;
  -41.09370121607686, -5.267315886840085, 60.98882343198989;
  -24.50594583684631, 3.136953611320943, 36.85216788290114;
  -38.56840309123319, -8.156984084053896, 57.65484338604124;
  -41.30967909808794, -6.788692393700743, 61.73075529677413;
  -30.2137522652966, 1.314612554527044, 45.59526684679507;
  -41.56090143508023, -5.788101800048448, 62.28870893977373;
  -38.83033409206965, -6.164293112883691, 58.49944458803554;
  -40.38483413614294, -12.02022052000071, 61.08511162722254;
  -40.05694148291617, -6.900296422896854, 60.79617828891259;
  -37.83566092387123, -8.537229198811817, 57.48032900224002;
  -35.18868162024383, -8.522500058861587, 53.58452836305252;
  -49.37995327239836, -6.811650770102665, 74.89002033129017;
  -40.29230054174499, -6.70741886023769, 61.35192231251435;
  -41.46929327932159, -7.83014034999179, 63.23806415278627;
  -46.03716928045478, -0.8570667747821912, 70.21345147547324;
  -52.28830805589784, -6.221111096525714, 79.7241182682389;
  -40.57148055658297, -6.661040421733108, 62.16308581293495;
  -50.71146712122778, -6.337265480009028, 77.4346667490325;
  -43.13125116511732, -7.595844254834607, 66.17237944915595;
  -31.00219919158248, 1.59607007642558, 47.92445929726285;
  -32.98870322575503, 1.439044653259957, 50.9975821887387;
  -34.90413049674262, -9.130303493593905, 53.97237817368646;
  -37.59703492246636, -9.569604537618886, 58.06061308457461;
  -29.75835157050566, 2.184238090312101, 46.28931928824036;
  -39.80037012723356, -6.667892961707519, 61.58587380515183;
  -39.5757494432161, -7.565726842627287, 61.25288261857056;
  -25.83908509560943, 3.380643966733326, 40.5170062491398;
  -55.07802534595354, -6.407997727845348, 85.05045572313655;
  -55.0268966976623, -5.919906549420039, 85.07073496666683;
  -51.62241610781008, -7.3494677813891, 80.44047860373695;
  -50.94477800069534, -6.472217782436293, 79.50237419153969;
  -50.91272868185673, -5.723360888412234, 80.06354332277805;
  -50.47521526914922, -4.939201786052826, 79.58772708543832;
  -50.16464515789773, -8.890080975677654, 79.38463989830976;
  -51.52241016477345, -8.453903038025652, 81.5777250431332;
  -36.70950032821795, -8.044058519816097, 58.59977520181977;
  -53.1441461654933, -4.75030183474925, 84.50079245110862;
  -51.02286438047121, -6.538766406140529, 81.18149466981573;
  -43.78561999243146, -14.70263752192558, 69.93028697334012;
  -51.39728636333015, -9.251454767747923, 82.25242888887024;
  -68.26800575256549, -2.767632288723874, 109.5624509685582;
  -50.33005822691177, -5.518705898066911, 81.25350349764796;
  -52.93335669622336, -8.202879805250898, 85.55943488603938;
  -50.26137245103377, -5.931054817505546, 81.39428152159064;
  -49.78189255318799, -4.953581412111231, 80.87473031803278;
  -38.61678020888662, 2.536497192902112, 63.04385351113975;
  -26.86968158942877, 3.08349265081847, 44.36035014372094;
  -41.98101427802161, -8.599431938947253, 68.70429690888592;
  -73.73892902825089, -26.17182950171589, 120.3190139650742;
  -49.38932153614183, -4.783348009699738, 81.12643389132956;
  -49.07152634163379, -5.233518879428195, 80.74805676747782;
  -51.53084827085427, -8.633814352098149, 84.99098503894403;
  -47.4859192466419, -6.882055134619031, 78.47284712400365;
  -41.3793582885797, -10.5152055080419, 68.62114564081367;
  -75.07575648716501, -26.74951342120255, 123.6510640974144;
  -37.82342869006018, 2.474962884102014, 63.01618980375989;
  -37.56856615318265, -8.301738100497889, 62.62383403154305;
  -34.57557197134195, 3.916082824979538, 58.30780171636284;
  -36.79958132524332, -9.388917140110156, 62.00279625553768;
  -74.7064559116489, -26.85606504960362, 124.6785772105952;
  -20.27010930760046, 3.307814284933154, 34.72039556753761;
  -51.02815548641486, -6.143385536390033, 85.93728824873087;
  -35.71631738002078, -8.857299858767794, 60.5652405988624;
  -56.67665918727018, -11.39364277803913, 95.54807830513971;
  -46.48928706340313, -5.863808536195457, 78.719394929939;
  -95.86941528955819, -37.51974112536892, 161.1719286971089;
  -60.73012528700768, -2.777316129944327, 102.5922863894546;
  -50.17961850327391, -1.751879823703532, 85.57535087718458;
  -52.86669029806502, -5.976683049373989, 90.92321852451482;
  -68.1518253413257, -12.6394829079254, 116.8905781951338;
  -92.13481050917098, -35.51113216679674, 157.7385507584035;
  -55.28049987553812, -8.650985444778701, 95.35514207251684;
  -30.71698445582008, 3.201173401823607, 53.84098206385897;
  -86.68610954753849, -28.91888530120738, 150.5637108803944;
  -64.38044074487488, -3.494830449289644, 112.1767028645662;
  -58.01575163271715, -6.79538772743899, 101.4289518536806;
  -57.42493919528665, -8.013333551626712, 101.0115828717563;
  -59.25328096660798, -6.376750278902308, 104.3909278863516;
  -60.53873570461594, -5.752665692990212, 106.6555376543509;
  -66.30773275256877, -10.45686889196073, 117.0799300067638;
  -8.608862538096924, 3.417609841981039, 16.26686954765849;
  -60.99908158214403, -8.961606800132342, 108.6230415206259;
  -80.00600807364319, -6.52230479268943, 142.3294042549594;
  -79.89355853488449, -6.025981338451254, 142.2482622858294;
  -61.06896943276132, -9.66099394156735, 109.436290553966;
  -94.96274346826766, -32.75806088630377, 169.6325556934895;
  -80.99795484177608, -4.731669675460497, 144.9562582561536;
  -70.19848370100289, -0.9517959534364906, 125.7526780461697;
  -75.21498002260188, -6.156845564807896, 134.8717733948738;
  -80.13275826483626, -3.861679009584171, 143.8370158293471;
  -71.20807110189185, -2.751474377048597, 128.8582463096653;
  -38.29485435120571, 0.6781664133304169, 69.93536564191554;
  -75.88263391944955, -12.90455528466674, 137.3282781586026;
  -73.58249335342401, -1.475993687565039, 133.4438629150094;
  -58.33917686089443, -6.917366815965696, 106.2808323140818;
  -82.6454487564409, -22.6376063173067, 150.0370800817837;
  -63.57713326609829, -7.327568823491895, 116.1031993527537;
  -65.68617505325236, -10.77216433868682, 119.8399449518578;
  -69.38053745794512, -12.17215851586076, 126.5458309768945;
  -64.68915921204697, -0.8069488139312924, 118.4029962307098;
  -81.30199585910488, -21.66608977747759, 148.6568805664429;
  -63.75857221203876, -9.713760740639225, 116.9963153338904;
  -56.15256434752442, -6.947916224617517, 103.1152355611172;
  -59.37679125934043, -9.447523408548829, 109.2762366456265;
  -63.90507408370514, -8.62066372847319, 117.7642383650375;
  -53.07823474053549, -0.01764308528473543, 98.02836105777047;
  -101.204972954629, -33.61235076394395, 186.4856068379824;
  -99.38064061508196, -31.5749884945084, 183.6163152026094;
  -117.2305657045238, -41.96148842497887, 216.4305464290377;
  -84.64543666890991, -22.52113040309738, 156.6590354456046;
  -96.41573892976496, -29.53984360196794, 178.3251424554646;
  -69.06688480151446, -13.00139650107278, 128.1684096968573;
  -62.66238371272323, -7.235526485558387, 116.899780452727;
