m=[-3.702538640584482, -0.3520980414194309, 5.81337415072618;
  -4.940983262901837, -1.273904053916524, 7.566248376391216;
  -3.539171183488022, -0.3390449167953383, 5.70754605450062;
  -3.535026733005129, -0.3123540539340904, 5.7022613642752;
  -3.502088645017893, -0.2811081907294976, 5.732470337613346;
  -4.871195244097859, -1.373794624366125, 7.607456054437339;
  -3.553481876497162, 0.02003500073895191, 5.920042386868261;
  -3.52456528283935, -0.02164154622331634, 5.880559467324099;
  -4.602719316152061, -0.7434080533511264, 7.535427352752937;
  -4.466085830587415, -0.741972643692992, 7.574176068800249;
  -4.396599558244418, -0.6981623136873946, 7.555664546415326;
  -4.392415271228209, -0.8646188302885347, 7.562520365317907;
  -4.337869299902461, -0.6237516112708563, 7.566271522287212;
  -4.299593735783343, -0.9411849515856666, 7.526289590897807;
  -4.236821958228618, -0.7662493783298442, 7.585452193381936;
  -4.217089782725507, -0.5692084290125725, 7.595353134002043;
  -3.998748989167291, -1.262886471858109, 9.015115011952821;
  -4.13270133282249, -0.3683217560274502, 9.356183403048897;
  -4.106169613959856, -0.9415848601295532, 9.334276473039838;
  -4.159778004583526, -1.805796201708869, 9.672158496047562;
  -4.116507126821274, -1.883349708972755, 10.07067153474154;
  -4.040852825077034, -1.749945621738342, 9.904000950081235;
  -4.153580699240091, -1.802063018910175, 10.31173015858907;
  -3.714689862699532, -1.148106568340387, 9.915359253578416;
  -3.370956477144454, -0.04777348563576271, 10.79699018270465;
  -3.907321573159392, -2.701801896455344, 12.48025686096811;
  -4.990846982341555, -3.039164136844911, 15.83777575152861;
  -3.225602529167344, -0.002145949328629839, 10.59724394462302;
  -4.644268935627379, -2.79193450056635, 15.50869412685532;
  -4.802135068303342, -3.685900571823806, 16.90774755361707;
  -4.430969573650981, -3.004796519930601, 15.76628641070886;
  -4.226184161792348, -2.621486978534575, 15.23990950983431;
  -4.150499903236592, -2.648487568718368, 15.01793429658115;
  -4.752259701893142, -3.673830055293039, 17.26352388960763;
  -4.081147452389248, -2.658999403146264, 15.45934713517927;
  -4.236336333715771, -0.3367301821026026, 16.4940647601338;
  -4.280817897154704, -0.9411328961883946, 16.79229851623128;
  -4.062329587424639, -1.71491561551134, 16.01133843473755;
  -4.324034646838615, -0.4192873825371382, 16.98276369612408;
  -4.099911691692005, -2.414785646537033, 16.27031983983411;
  -4.201643085856951, -2.110574761090289, 16.88594148152929;
  -4.117447289415579, -0.3355112365378907, 16.61561567299976;
  -3.774438138364717, 0.125350082389353, 15.32570307907247;
  -4.255271984061896, -1.796051751052915, 17.37695460865267;
  -4.259225592588121, -4.020339283808098, 17.55421785325003;
  -4.138054719460216, -3.788541169771262, 17.4336846501484;
  -3.807077828345727, -3.689471008211171, 16.90816448613715;
  -3.9556938436099, -4.114391394203312, 17.9222016920649;
  -4.722839125858849, -4.75473115733617, 22.25996016878764;
  -1.85534678355942, 0.6688856255889792, 9.386389284909578;
  -1.786702326876796, 0.6617073861359479, 9.262209857394934;
  -5.141496868516361, -5.726845564783325, 24.98558878353084;
  -4.927943870462381, -5.778503518452139, 24.27915614371045;
  -4.093394671172077, -2.693124323583866, 20.5346076134892;
  -4.969263920833758, -5.80066892240152, 24.92653582574577;
  -4.781602662164476, -0.4964057456263426, 24.30433888795178;
  -4.626577434372094, -5.577829138079606, 23.90838318892709;
  -1.503366480992082, 0.4733727130687498, 8.732895196034903;
  -1.329617121518194, 0.7512897284000664, 8.041388699831225;
  -1.453686213760689, 0.2802887503317545, 8.854800919141511;
  -1.265771516069302, 0.7864603079453255, 7.888915386800135;
  -1.29548995453264, 0.7424256364698633, 8.107397655193742;
  -4.530325107267258, -6.131323440629437, 26.14815840717064;
  -1.379285096859333, 0.4754877103976835, 8.664000039909018;
  -3.885633925813472, -5.14651542940833, 23.44300770642876;
  -1.777064456654262, 0.1577836128811832, 11.41232128340606;
  -4.296830393207594, -6.206595975958404, 26.42404002369776;
  -1.184688507952699, 0.7814771219204048, 8.004122068085643;
  -3.881536351849675, -5.838763701580719, 24.91328405687809;
  -1.386223237591852, 0.0497950520685244, 9.651057134160615;
  -3.793262816122897, -5.775315097725316, 25.29111085520709;
  -3.445874752232348, -5.154277578129446, 23.88848121805226;
  -1.315791267818862, 0.1585673458857345, 10.21170161333962;
  -1.130633916079421, 0.04838685361946918, 9.048384841564181;
  -3.714749585799861, -6.565345599910232, 28.37635400824587;
  -3.090040889749648, -3.506180735593206, 23.71316746791804;
  -3.069050443902718, -4.785060885627519, 23.87893089100529;
  -0.9553338903482187, 0.3321820374385529, 8.629058742283437;
  -1.105752134388068, 0.2786702429688197, 10.68714427236974;
  -1.082599351021612, 0.4724462924370848, 10.5849526335871;
  -1.242952402446201, -0.0256816846559154, 12.05164266452746;
  -2.795154522612241, -6.135558301563049, 26.1154969840696;
  -2.878905797623976, -6.641581713508143, 27.69835390718669;
  -2.735066473211068, -5.907233034362832, 27.39545723511669;
  -2.476631357906801, -5.755481548665625, 26.57976521196038;
  -2.347771718745097, -5.771316970919322, 26.02529907717837;
  -2.322913757846132, -5.868308262750556, 26.84720128197057;
  -2.241804747420164, -5.839744258474041, 27.21502026997765;
  -2.077198019363459, -6.245797729308618, 25.96447811854525;
  -1.898713457746756, -5.210717366033209, 23.73318674457456;
  -0.7384095335581559, 0.7124626514678425, 9.968539706083998;
  -0.672239023727401, 0.7312444592145311, 10.44951922379201;
  -1.612940839736202, -6.299066135642902, 27.16936524075711;
  -0.2891246166054169, 0.7393078950482432, 6.546700813435544;
  -1.008154403261033, -6.303011723181545, 25.80330406919336;
  -0.157573307921127, 0.7626303292640618, 6.907801947119385;
  0.05767627592662844, -4.167955584228537, 21.1099166848965;
  0.7306262177160011, -3.344046960546804, 18.56020481191766;
  0.2295783174755894, 0.831950256129087, 6.02399660499892;
  0.9453970896151889, -3.240619834710187, 17.98918236155175;
  0.7585961751792916, 0.775826630997308, 10.43116858426342;
  0.7148926011223953, -1.359906935329629, 9.435268994231684;
  0.8953415619282035, -1.388412724168606, 11.62452784851721;
  0.6873030982013278, -1.213717154305666, 8.926307076206609;
  0.8005881471442272, -1.306968669709656, 9.796474645098568;
  0.7631264141134345, -2.041119602348312, 9.193458747312285;
  0.7954113283493851, -1.246088383536228, 9.099165015108097;
  1.09985924034698, -1.267760285009169, 11.63129339209193;
  0.8876057643144056, -0.9202559592479226, 9.48584313022231;
  0.8865227669850251, -0.811410038168191, 9.438214104724619;
  0.8523343023697243, -2.081801125638811, 9.405124695989512;
  0.9197098095568279, 0.8546635515265242, 9.495745059558615;
  0.8877358670792926, -1.583965523807545, 8.584473481351866;
  0.9775651438938035, -1.510542931062786, 9.454495648354165;
  0.9203412734877302, -1.445321632322101, 8.716292257031888;
  1.060945388606573, -1.400741411100709, 9.622246386996403;
  0.9690721699496653, -1.61850683536862, 8.753310942896459;
  1.314701760918579, -0.8420344181384798, 11.21596491077541;
  1.28947386590856, -0.8923657014196117, 10.98315910055628;
  1.042844762846242, -1.647114882639164, 8.674356750528924;
  1.128443310176198, 0.869706820105538, 9.228238110446243;
  1.066731855081775, -0.9284206438236482, 8.615273110870756;
  1.105412844045103, -1.296890606409419, 8.746059517948746;
  1.0903497721932, -1.159192472921915, 8.565895083526391;
  1.4633398946739, -0.8419994331416424, 10.94756071942524;
  1.252180384161679, -0.8242111906043912, 9.414325291082434;
  1.14693718318046, -1.303204474021712, 8.736511700371162;
  1.178441195682579, -0.8034812634876257, 8.553336274578841;
  1.151240404216138, -1.82756534949699, 8.247014164269549;
  1.456187248650034, 0.4521723999335703, 10.18522239683212;
  1.219322523267227, 0.8576582397690331, 8.602037049568837;
