m=[-4.001631996262317, -0.6051786214405812, 6.199577294101741;
  -3.944671779495481, -0.5522686263262566, 6.203663637201743;
  -3.975138331969266, -0.496563446454153, 6.253159101500978;
  -4.352550061501247, -0.3826179428280598, 8.612815235181801;
  -4.385760838198096, -0.2264137856139553, 8.726929464656998;
  -4.362122581240479, -0.2085565434173186, 8.83821779409511;
  -4.311532570746382, -0.3190955706052375, 9.020541532592912;
  -4.240366997802036, -0.1751303905852497, 9.145075099903334;
  -3.988163303165615, -0.2740809633083743, 8.8620218761827;
  -3.866297387633455, -0.3889025697236624, 8.696817834980541;
  -4.889186169364534, -1.343655600403733, 10.76951238451503;
  -3.946912746405052, -0.2811084870248364, 8.911557462980287;
  -3.721994228192994, -0.3259994467428404, 8.486376218216153;
  -4.858462244308353, -1.941350500036014, 10.93729286639752;
  -3.91579479375008, -0.2649664782242574, 9.014625217454759;
  -4.811725042614805, -1.642702647186435, 10.87346902807191;
  -4.789286670499023, -1.721817989736885, 10.92804331906563;
  -4.691794016701569, -1.460972574597969, 10.84231520533375;
  -4.767730688977759, -1.659993908339969, 11.01264887669468;
  -4.572946130079417, -1.878124473757093, 10.6239925080748;
  -3.682398726890918, -0.4253100709633614, 8.748790793697419;
  -4.657961907338772, -1.714246317099763, 10.86501553261444;
  -4.615611904003725, -1.951760021775704, 10.80176680424344;
  -4.655481064442955, -1.601449909962173, 10.91562549169442;
  -4.563451896714611, -0.9882585407416986, 11.0605904162761;
  -4.445593044306166, -0.8137655756832216, 10.84936971259356;
  -4.356170729136832, -0.7704998925421741, 10.77788540605412;
  -4.36424553068027, -0.9475771266512797, 10.82329700971387;
  -4.26001762914323, -0.6872167922711827, 10.71348523127895;
  -4.215212344925207, -1.009339097851292, 10.64111455698389;
  -4.297128476322438, -0.7603188207470774, 10.84044025576795;
  -4.201080873158693, -0.837928608108346, 10.81978911791501;
  -3.366531120322113, -0.3096035287733148, 8.949296604867996;
  -3.29307967660566, -0.2887210190301346, 8.915118373453794;
  -3.966317629579926, -1.358556556364553, 12.34959852242746;
  -4.043514938769874, -1.883369187991014, 12.84469898045592;
  -4.082238308484027, -1.907634853182368, 13.65285215322743;
  -3.784903395074303, -1.53115738496373, 13.73659408320616;
  -4.355479550275605, -2.620395176509834, 16.26487788887746;
  -4.274005999526525, -2.757770626536261, 16.37590069562622;
  -4.000583049644226, -2.826701294450758, 15.44856017311834;
  -4.495997246101404, -2.717329278438777, 17.42910280110764;
  -3.649885750783481, -1.420309743182499, 14.54847643877987;
  -3.529822111126356, -1.390182917648495, 14.42777007281017;
  -3.716958650709249, -2.51195847515091, 15.34700463941073;
  -4.156175053996337, -3.46519322262828, 17.12379481389752;
  -4.17638690824369, -3.389102910991114, 17.26353519786236;
  -4.045257781157601, -3.181924299797414, 16.79631211584037;
  -3.760167516588912, -2.846830065385419, 15.70895024086038;
  -3.698386270038831, -2.712009521359912, 15.52295439147747;
  -3.452294537945988, -0.1223340384212877, 14.84419234643384;
  -3.304443108781329, -0.0518868146611239, 14.50644203140441;
  -0.9043326173645658, 0.6872623534607494, 4.668717084923501;
  -4.119679503110226, -2.940237826270756, 19.24594963099998;
  -3.979391877674496, -2.838414309022791, 19.12992141831512;
  -4.421748065118381, -1.881173737918598, 21.32537035233055;
  -4.498659279795048, -0.4762147317866008, 22.06346693668644;
  -4.374925501303639, -1.139552311675159, 21.61964745898326;
  -4.266347648018565, -2.359342795057854, 21.33039713703712;
  -4.253462300097491, -0.4643818284112221, 21.48595116823837;
  -4.290151750965937, -2.770828956186012, 21.62739098264434;
  -6.117073639660381, -7.372180619176534, 30.36618176120744;
  -4.549606638054174, -2.146735149529283, 23.24092122843802;
  -6.20289603890178, -7.795573332084483, 33.03737601705361;
  -0.9380526556497932, 0.1502264754672558, 5.869123297545032;
  -4.143724523334636, -4.693121163514646, 23.44383411971623;
  -4.943109201148109, -6.414813738633477, 29.77508348976145;
  -4.404662120609068, -3.237092667072444, 27.26363164732403;
  -0.7687126245163555, 0.4095903349675477, 5.571928155852698;
  -0.654699001878274, 0.8214288760308535, 4.926908327248225;
  -0.8084093270160455, 0.2893663774391269, 6.036513288242003;
  -0.7894598891894719, 0.2497169844353253, 5.947863371919008;
  -0.7439474325595272, 0.3452389005342096, 6.023474595183941;
  -0.7603546426023106, 0.4350954632495569, 6.309678301810981;
  -0.5602217349435518, 0.8129253324754906, 4.918115873471125;
  -0.7349251145018092, 0.3391170926549178, 6.23427501688775;
  -3.324577017336933, -5.657088546100395, 28.82833074281689;
  -1.719176028230947, -0.1386538096054139, 16.63473833416746;
  -1.4202513397559, -0.03019144895042008, 14.24741347010858;
  -0.4227534465450977, 0.8057728565835928, 5.112016908969466;
  -1.461098344260771, -0.1496341137859001, 16.45642287377586;
  -2.54165177039939, -6.231733955623868, 27.80646057280316;
  -1.166012891693001, 0.09010865829408597, 13.44165866702064;
  -0.3856362148776931, 0.8010807186427537, 5.389367642004273;
  -0.3606757814400738, 0.8088368836644655, 5.498786440383295;
  -1.962436345344614, -5.857456030052889, 25.32788104014669;
  -0.3679495080182388, 0.8013413294570532, 6.208240384845325;
  -0.6009001576601992, 0.7119349771109749, 12.57441251282425;
  -0.5266426978852193, 0.7191750334396302, 11.82136651425402;
  -0.06189162849177745, 0.7979361855832555, 6.354330022645969;
  0.005281411408948011, 0.7336357385017284, 7.872810348487087;
  0.09416117080194096, 0.7627849332104646, 8.112161637619673;
  0.8415473772298856, -2.139473397429227, 12.52769469235193;
  0.9960493906340002, -2.991396610924973, 13.92987069221542;
  0.7992634812185636, -1.824717237677076, 10.83639932530522;
  0.8386221348139797, -1.299746252085184, 10.94836883690917;
  1.0040554856282, -1.921395862350908, 11.98805953036803;
  0.9746146486083602, -1.778956925950474, 11.28858746325077;
  0.9944678397462972, -1.440757869313947, 11.1813224957495;
  1.01842761786591, -1.560476348027166, 11.33198736004678;
  0.9749521911023606, -1.945104677026198, 10.81131537560609;
  0.9954516736172825, -1.540130111715354, 10.80765707297203;
  0.994928336972743, -1.894872725910816, 10.7097851159014;
  0.925604530630486, -1.918886692678986, 10.06135341117422;
  1.060590857066708, -1.471620765115655, 11.24284251756112;
  1.050624071121315, -2.504829718247856, 11.25306722256379;
  1.016554966160425, -2.154835742601806, 10.77943372421121;
  1.051410512556193, -1.554176467263142, 10.74845086205743;
  1.067420196740146, -1.483627448060625, 10.87340163111797;
  1.129697763181876, -1.350358939638638, 11.13845304305976;
  1.12218768864166, -1.804259576807814, 10.95937546556121;
  1.137530646015555, -2.104609626133489, 10.70356676315866;
  1.190178176673697, -1.117911090025598, 11.11449853155911;
  1.095098260321191, -1.952815442189964, 10.31733202188974;
  1.212248177693563, -1.328313773935391, 11.24545159338331;
  1.097163598311361, -1.819338299292432, 10.03026777453958;
  1.225542307912132, -1.713579829545785, 10.94252075109801;
  1.149809037315977, -1.960953967788211, 10.31831480171313;
  1.301406125827826, -1.111322868863912, 11.40267136249169;
  1.273241180463213, -1.594526833056814, 11.2124074245425;
  0.8439932649925234, 0.7794470673745374, 7.566292833842623;
  1.238148489029046, -2.217528962709766, 10.60854241407841;
  1.239332910619063, -1.449299162257116, 10.5263311408244;
  1.41066155055055, -1.152952445665051, 11.60216223389419;
  0.8686124358219379, 0.6145690620879072, 7.424028371643896;
  1.336106553742527, -1.539810462042338, 10.70057717370268;
  0.8596318707268021, 0.8279592393584031, 7.101785238973843;
  0.8702970901845852, 0.5664002517995322, 7.151729329015369;
  0.8914496502374562, 0.7666637140871548, 7.303090975969571;
  1.032103434577465, 0.5519313362854975, 7.827163240736093;
  1.486081663834866, -1.780328379527195, 10.24742814120169;
