m=[-4.786417525584565, -0.7141158096131877, 7.21601381071883;
  -4.780645198541373, -0.741276320592723, 7.2476013710779;
  -4.776391060193221, -0.7468267423006488, 7.314188624298248;
  -3.780728387929414, -0.4348001511456275, 7.158947829185546;
  -4.818577479805573, -1.285922851705844, 8.992961488466181;
  -4.829566829712188, -1.607864568363615, 9.127237042031807;
  -4.834662346901083, -1.819690195893761, 9.215537742364354;
  -4.905422290285888, -1.824066869460476, 9.451439122645329;
  -4.685602877066804, -1.536726091166274, 9.178859235333357;
  -4.663852152486309, -1.405271646827426, 9.143723328459195;
  -4.640461135547703, -1.776659199159475, 9.228414413677315;
  -4.657340990835997, -0.7976700336852513, 9.26304474151064;
  -4.436975097098212, -0.9086097132422263, 9.132249440902355;
  -4.311804537797269, -0.8933361879507412, 9.050546520285245;
  -4.183365891383938, -0.7993292324009644, 9.119974227352435;
  -4.106851991148848, -1.021476155319729, 9.043385989142658;
  -1.456087008161119, 0.182369525988513, 4.389229772757664;
  -4.040477590907935, -0.396896626337254, 10.8299732958648;
  -4.031162705174592, -0.2584179244716894, 10.81405649213411;
  -3.934976752494033, -1.865118812219018, 10.68593302845946;
  -1.175333516024729, 0.333880545366468, 4.109730122533795;
  -1.168839956158579, 0.3648814915580645, 4.106740673173079;
  -3.999837462681918, -1.805869238593851, 11.6483245709188;
  -1.135320906054745, 0.3810252255826155, 4.110610275829973;
  -4.075014525903701, -1.285962973944215, 13.61884650842578;
  -1.312654185592108, 0.1711890026090814, 5.081779916855573;
  -3.872076609686992, -2.646730911232791, 13.17224464003593;
  -4.144420689504491, -2.571051885071321, 14.0576733592365;
  -3.445485538138019, -1.281074695330747, 11.99029918128671;
  -0.9587304704534795, 0.4165383452520544, 4.084485052292768;
  -3.880928489118665, -2.875782887649988, 14.24957530048958;
  -3.286535686485361, -0.08043892618234408, 12.31226162427995;
  -0.9060968879001432, 0.4399710874825102, 4.224401128090681;
  -0.8260956763396163, 0.4700714943534057, 4.230691763049618;
  -0.8301780528885698, 0.4546519942509424, 4.280990125971299;
  -3.819299738309681, -0.354688852438687, 16.80333948770465;
  -3.919859141996156, -0.4340559394817107, 17.39512481765002;
  -3.884356150974789, -1.737370248985436, 17.30995639510586;
  -3.765587112465174, -2.334676771617811, 16.90733149934133;
  -4.035110645823045, -2.142869331366134, 18.26257901315418;
  -4.064457776630309, -0.3874065058091759, 18.44181297987567;
  -3.890392469360057, -2.413658384942708, 17.83669941433339;
  -3.978700203976995, -1.783489237930998, 18.30102817313905;
  -3.769841327140946, -3.819254475994399, 18.84439783095039;
  -3.980643897808424, -2.795557544361754, 22.34162692235395;
  -5.227728989268546, -1.139727274050815, 29.3995013767879;
  -5.579818672918562, -1.668494138408816, 31.46037336233285;
  -4.175824491373141, -5.315134002579474, 23.98204903004993;
  -5.123671851581149, -1.346162648088441, 30.05161192987129;
  -5.270663821081197, -1.589607146125932, 30.96438834276011;
  -4.666738069714324, -1.118984304097785, 27.68922681455934;
  -4.418319858269132, -0.8926371717349635, 26.33868924710698;
  -4.253589935731786, -6.09285866353952, 27.24718953011682;
  -3.691568030412361, -5.920564043430595, 26.51042554892044;
  -1.205674677437853, 0.704074482384343, 9.444275093742192;
  -1.638326949837673, 0.009225945232256096, 12.48113445002464;
  -1.641460355554145, 0.1176491552775003, 12.57144887333943;
  -3.59437442126121, -5.865435498576729, 26.91584006186475;
  -3.243179538232767, -5.015027910908926, 25.10030355436532;
  -3.202605080002748, -5.151100225802546, 25.05797256412652;
  -1.151894613167252, 0.7055293882883018, 9.616148132796413;
  -1.099281615841657, 0.7382438656856858, 9.334530463688022;
  -1.496395568408211, -0.07915532791290975, 12.35523764744794;
  -2.624736147280385, -2.468124635690486, 21.29059347156438;
  -2.822652199649448, -3.477851682370187, 24.59318692085789;
  -3.122956753632053, -5.312618428828132, 27.70511290782333;
  -1.118400591850362, 0.1119522172447745, 10.69176956718069;
  -4.136654385091253, -8.296995370993265, 38.90739801671556;
  -0.3669412891946618, 0.8348982163675016, 4.665803694624681;
  -3.149986575087559, -7.261627170946952, 32.74137768566268;
  -2.399791392607817, -5.730182593363741, 24.9957213453264;
  -2.712714982640223, -6.572985688116191, 29.17543868340698;
  -2.121616412087725, -6.096903895010189, 26.0569027213024;
  -2.857674358842299, -7.058243700337898, 35.71118737250411;
  -0.9338834823058533, 0.3324831539425587, 12.38657857524098;
  -2.181888621226608, -6.709968661861995, 27.89524169429255;
  -2.235093537574254, -6.098792758762583, 28.76229336626009;
  -1.901808942919015, -5.592187008285787, 25.22950355813538;
  -1.986091282072078, -6.111183533932892, 26.32458847904166;
  -2.035002431411844, -5.491870057669858, 27.00533784275838;
  -1.972340921646288, -6.515924540807976, 26.89249773325458;
  -1.941381524628038, -5.190022890124687, 26.97400408145145;
  -2.052410134536981, -5.949410011649046, 28.98748029532353;
  -0.8987353955699159, 0.002346700285622927, 13.22589725177199;
  -1.928759724113332, -6.6174608859147, 27.78767555571788;
  -1.810806956492886, -6.068870512693675, 26.51167149981928;
  -1.756036371722268, -6.281660312923349, 26.79192613624528;
  -1.815624286547467, -5.843102221574843, 29.538202421974;
  -0.6596098321549299, 0.6809344621814373, 11.41799304773557;
  -1.894561878566041, -4.39831716338306, 31.75927185669072;
  -1.389813305107082, -3.154338418448269, 24.39955399006354;
  -1.621959606412338, -5.045458667799935, 28.55389657190263;
  -1.589653420789387, -6.76394241337827, 28.30407044710134;
  -1.537709739655161, -4.05162643180394, 27.30095073969878;
  -1.77960107584899, -5.304267690449013, 31.81497457686858;
  -1.549680437447781, -5.947342836263847, 28.47476848119034;
  -1.725446030998753, -5.854888255735803, 31.63697010297755;
  -0.6310465488217973, 0.6413369871179303, 12.48274334954766;
  -1.430114555810303, -5.236978149597819, 27.68138390904119;
  -1.603459821521692, -6.343108048361357, 31.08939406622055;
  -1.388664395606273, -3.661455418011146, 26.84523308802637;
  -1.503127669602548, -6.377342452535191, 29.41010542386618;
  -1.502463191278326, -5.008499755389276, 30.49391059634119;
  -1.440558574926663, -6.347376552122103, 29.90680634602239;
  -1.409393187902276, -6.507527931155669, 29.31493078397832;
  -1.46226792245716, -6.261686933113572, 30.67888739020043;
  -1.383216822654294, -6.942716920534926, 29.22695639986561;
  -1.326324365522496, -6.467200839683227, 30.73900165061111;
  -1.238276553188375, -3.990774182783182, 29.14068234930057;
  -1.237790190681015, -5.198061514325873, 28.98024496222168;
  -1.120625257787563, -5.530324000169752, 28.9605005535605;
  -1.007671030766975, -5.059328375200297, 29.25789408484021;
  -0.9606972053351164, -5.385354105862884, 28.83863647526951;
  -0.8530078884956486, -3.877917394641031, 27.58694304299856;
  -0.8970628131649679, -4.288468146936807, 29.0334783882988;
  -0.8631419060909439, -4.748497585432225, 30.92709052405141;
  -0.7854984009817498, -6.686555101382892, 27.8702603765189;
  -0.7883578725927, -5.553709970242571, 29.00968445854104;
  -0.5952443592119975, -7.275134311992376, 30.11801897793722;
  -0.5731452520134606, -5.445619646706365, 29.90812723363551;
  -0.524892394356552, -5.544200259794823, 31.85799832018417;
  -0.3495706873948579, -4.506795097469121, 28.56098464163646;
  -0.09500691628339042, -3.974813545239991, 26.90081914527323;
  -0.03939524237013706, -4.739972877818565, 28.5214410921252;
  -0.04203866182184385, -4.740153793583487, 27.80637441141187;
  0.1976823185116652, -4.10362711881819, 25.55512042961165;
  0.4855555568201441, -5.115364365216102, 28.61719433493579;
  0.5405797063427359, -5.502222485465678, 29.47977334488737;
  0.5621533972298846, -5.265542824994775, 28.99450346498852;
  0.6404273677348114, -4.864482688792102, 25.95867110663188;
