m=[2.831064284295255, 0.4175752221280484, -4.304106574933254;
  -32.27864730187732, -10.75501007572344, 56.56834340926094;
  -30.91492782574136, -8.238489039033128, 56.52649341445125;
  -30.86582298321393, -8.212294150278771, 57.1254664997328;
  -35.10167517477067, -11.49054954935977, 65.51001579766984;
  -31.13832806779434, -8.768413374596484, 59.16047265463553;
  -35.9027703421384, -10.57345105800464, 68.2896883454783;
  -33.93282283100262, -10.45414855434977, 64.61558682225602;
  -41.57432538622693, -13.64634114100227, 80.92929832639808;
  -6.645885421373172, 1.567327763521596, 14.93700918862136;
  -7.184470303804978, 1.487324231309035, 16.42663053574546;
  -26.91316229159607, -7.383122902509456, 58.97360663834835;
  -7.649169926611621, 1.44847818644499, 17.90465304090051;
  -5.774912596355416, 1.553172557523299, 13.89905943227664;
  -7.904027261882186, 1.446793416669392, 18.65610253315712;
  -8.331934063161182, 1.390484115430181, 19.64710530404676;
  -8.492648788578858, 1.465538443508011, 20.47971214641632;
  -5.3537139055759, 1.611247072003715, 13.88612744658738;
  -42.2414699073219, -4.471269868509891, 105.3645528153066;
  -25.90177393686869, -6.256977171432192, 66.00793405312129;
  -41.45779845638998, -3.34878616007134, 105.2716330185866;
  -49.56011852683352, -3.948179643296159, 127.2342555664133;
  -39.84146763782911, -1.370827311076924, 103.3831524968541;
  -42.53941833398383, -2.091081002109312, 110.3509244795528;
  -40.72433135448606, -1.140781406157675, 107.7797479240757;
  -46.88215326270619, -4.475688973687435, 124.9524884271109;
  -64.1363294619336, -3.766884418112483, 172.3854344411532;
  -86.26682856257503, -12.2883661622994, 237.0734690799963;
  -45.70917142882627, -5.512354748167891, 126.5274407069429;
  -94.61442430019206, -12.49989474145053, 261.9999773851561;
  -10.76653989855061, 1.259954273127949, 31.17632828660914;
  -72.31536667478412, -5.809429405417506, 202.9681448297127;
  -18.36397082899574, 0.2522110041228155, 52.98624049703567;
  -39.09816675514301, -1.111936573648646, 112.7484295541871;
  -91.17881407179445, -10.61449683132973, 263.7869150051932;
  -139.1180146295507, -17.310505614814, 406.3194037265189;
  -127.3195706825796, -9.424463303595466, 373.2935939327343;
  -14.95202157939996, -5.826292910336699, 45.20715151615044;
  -15.04693618643768, -6.081497366928296, 45.79789154669047;
  -13.00118490012945, -6.606062247245331, 40.17125176284341;
  -32.16236610583273, -7.598492046547008, 98.2762066286937;
  -25.50794039161908, -6.537994763029619, 78.90071991880711;
  -7.12166035885359, 1.390357440398405, 23.12404599881817;
  -47.88745740963685, -5.253472213413586, 147.2136656106208;
  -23.27952406502408, -6.27423105572872, 73.97759085995459;
  -19.29841474336174, -6.454655321617286, 62.41584936501612;
  -6.077987655112545, 1.340480803171738, 20.92867742581064;
  -24.53641153882159, -5.550980246962537, 79.92941523794015;
  -13.66954198242937, -7.435107781256929, 45.34058265674418;
  -54.78874726825011, -4.396945164752133, 177.7978335919671;
  -2.125337196702291, 1.793791421304523, 8.437565584932322;
  -13.99599146057403, -4.725820030140892, 46.95508446941574;
  -13.92356722789143, -8.003814885647753, 47.26461105810488;
  -2.2690413261151, 1.772048380271781, 9.126447122378735;
  -4.244618718267773, 1.609125645934307, 15.79997662147043;
  -2.057561988661478, 1.807247005411359, 8.475745659208052;
  -2.549411146940984, 1.747069174657452, 10.13750078700729;
  -4.089965633233359, 1.656978605581751, 15.49545646499776;
  -40.23718598497107, -3.271142084339781, 138.6451723102488;
  -14.37145811737968, -9.031159443421441, 50.72985448580529;
  -4.432856256796139, 1.62091474068634, 16.76832398752208;
  -4.417980313780125, 1.658054399879277, 16.71380759003765;
  -2.242244479830259, 1.807963895858737, 9.301700821944676;
  -14.2023078928133, -8.829217471475181, 50.51197818355789;
  -12.31799366703778, -7.974338432923717, 44.04338998252769;
  -4.606936394005497, 1.596708814914319, 17.5066575134589;
  -33.0073126135193, -3.020276729530395, 116.1162989755259;
  -4.148306774602645, 1.611526433844478, 18.14466781308176;
  -6.135606884206397, 0.4364855016543573, 27.74044889155861;
  -6.118556020671443, -0.361745928145064, 28.73947680320183;
  -5.574214908686801, 0.05741044745733039, 26.75815315715597;
  -5.26427866655307, 0.3079842200175501, 26.08516318533301;
  -3.141032353664181, 0.7680468108780435, 17.93833392932493;
  -2.561818144993251, 1.697594936104546, 15.1120063716556;
  -1.297438725616986, 1.744517089482757, 12.54095645795455;
  -1.101334593747186, 1.791523479192275, 11.672416108888;
  -0.9856766225519288, 1.807638611262847, 11.52877668418955;
  -1.221535150120484, 1.67360229098758, 14.64245994534065;
  -0.7901809547542726, 1.818175923003229, 11.2241164117545;
  -0.7071207161064446, 1.848517497757808, 10.92667882654138;
  -0.6376494794209401, 1.8171041281566, 11.28417205097626;
  -0.4759613316157229, 1.834781886565044, 10.84808395924481;
  -0.6352737802373364, 0.6964036300154248, 15.04272813960729;
  -0.3598977386421841, 1.816873054080369, 10.9263263906006;
  -0.5825723956306277, 0.7215193876956723, 15.38078699486771;
  -0.5716723062794621, 0.5773698944277709, 16.42609258799878;
  -0.2382601084637149, 1.79978832093542, 10.40870071394113;
  -0.4270140532712568, 0.7444374116504767, 15.19753423645417;
  -0.233682988932947, 1.790730511721857, 10.6913237631586;
  -0.2051297642268602, 1.844569016075303, 10.36948003303159;
  -0.4280387014333567, 0.2611193314327654, 16.0893080588241;
  -0.3482728974181101, 0.513425920309855, 14.94043515166191;
  -0.1820970092575676, 1.830393491182166, 10.55203559930033;
  -0.1079151539272879, 1.805451640763506, 10.57330877537359;
  -0.2624996942649712, 1.604954011476031, 15.7871878673831;
  -0.2399266965866729, 0.9478800128553295, 15.29133877539469;
  -0.1677812979809605, 1.551029533746804, 15.63444178980144;
  -0.3579631749480398, -4.59471467854149, 25.15660916655513;
  -0.009947010301524902, 1.814688468919951, 10.29104631655342;
  -0.07234041841399165, 1.507580022476964, 15.26482885514545;
  -0.02337704859255759, 0.8638709179389904, 14.98061538491463;
  0.1201817543040343, 1.813041422465393, 10.43940949775824;
  0.1132250738836227, 1.590225869969579, 15.58541825329749;
  0.140603453237706, 1.522386481622502, 17.22101988878553;
  0.1569803557550581, 1.832908945159238, 10.25573614076959;
  0.2172882935840465, 1.804221584860738, 10.31239170472631;
  0.2534205152054208, 1.827512603675455, 10.11838151228543;
  0.340934468802515, 1.80038016372951, 10.20451671120098;
  0.8077378146380156, 1.261246632608402, 14.32218251280991;
  0.8223691254840551, 1.39159248562471, 14.41423807853442;
  0.8874766504527498, 1.230580168978735, 15.67008916001673;
  0.83623943778321, 1.525887126048625, 14.44773744312154;
  0.8590053351215667, 1.405219347634445, 14.77666455176755;
  0.8765594229621189, 1.486291364131847, 13.96215995060933;
  1.089396228454491, 1.219603220730192, 14.74001423098185;
  1.182175987206495, 1.43413713453348, 15.01546248229582;
  0.8364768134354209, 1.810123470386412, 9.879198933884119;
  0.9307406899222939, 1.845116392290082, 9.762822308485182;
  1.024218898091373, 1.843128602082867, 9.694958189492006;
  1.088780310384907, 1.811703000863134, 9.803685849544392;
  1.277107559499806, 1.667829227989856, 11.54797745941171;
  1.302921400451643, 1.646276671248214, 11.67386114741265;
  1.087923535248193, 1.827849002714846, 9.595832889683971;
  1.332370579787808, 1.61388959394967, 11.73833447553552;
  1.182843617579006, 1.849757930599197, 9.411232121559841;
  1.439745038555872, 1.716556124919574, 10.77671048323838;
  1.262133244009101, 1.852550479494934, 9.393393508193054;
  1.310945079395606, 1.820626376428825, 9.703573025872004;
  1.292177503214265, 1.840363371129454, 9.558294503011693;
  1.364471803153974, 1.812566349969349, 9.545197546619038;
  1.564376855253346, 1.665074539394472, 10.79803012112138;
  1.654489209257691, 1.693201224249527, 10.70432294017688;
