m=[-8.990861451727824, -0.5684764131761495, 12.60591247153144;
  -8.967744735398615, -1.085100203742856, 12.87887988057309;
  -8.076278025350762, -0.5107515205183937, 12.76285452930545;
  -7.994892041455116, -0.7732418503031892, 12.91371958087571;
  -7.626373548115159, -0.8452399984018266, 12.45314288544987;
  -9.888463252476432, -2.62008048490751, 16.21079647182602;
  -9.890553705540491, -3.902414415445103, 16.26059085919286;
  -7.60290832535232, -0.7535919836865364, 12.76216186872455;
  -9.773944439608076, -3.137559711095366, 16.22271173815043;
  -9.808701892061109, -3.545197930690004, 16.42772303697733;
  -9.556568016873259, -3.68169312936733, 16.0580354346661;
  -7.468019019700938, -0.7697763781048383, 12.78084095481965;
  -9.649670836735375, -2.995306000404691, 16.23511107002981;
  -7.388895706456466, -0.8163959296367682, 12.71030298845812;
  -9.622628530558574, -3.464874164509488, 16.34481712464565;
  -9.459013221277175, -2.996856302733577, 16.28404302341823;
  -7.08650297147819, -0.7346512990646046, 12.48189361624748;
  -9.610799717129883, -2.860846856949468, 16.57393327472775;
  -7.08192799635255, -0.682573435558237, 12.47754087486267;
  -7.064348894374043, -0.4214095621710128, 12.50624680391934;
  -7.089859096937469, -0.4846037170165889, 12.55284092903385;
  -9.361572182501366, -2.914700890143618, 16.33327905189194;
  -7.098326161899977, -0.6245509142766424, 12.6750538893553;
  -9.314113721889914, -1.571984209914072, 16.32618712108135;
  -7.094389183825666, -0.5156306783104915, 12.68508557111713;
  -7.023338808817056, -0.7837675693423296, 12.57168540695463;
  -7.019670908058787, -0.006099875625846566, 12.75673296114564;
  -3.069114106043074, 0.537093454519502, 6.284384773366246;
  -8.844401987058507, -1.471459179733948, 16.27817109791703;
  -8.80188990859714, -1.80476182746606, 16.23101245647878;
  -8.923780656743103, -1.164782404461587, 16.52176525446684;
  -8.658999447612183, -1.970248902111999, 16.23350669034622;
  -3.054862370530431, 0.4829827078557537, 6.399341338455972;
  -2.892557889413006, 0.7623952448990928, 6.138571551265126;
  -8.553514296494585, -1.61683747997536, 16.39385025581005;
  -2.313826713442037, 0.678364002595206, 5.608272597582882;
  -2.568256896042376, 0.7689711906910097, 6.133677948322138;
  -2.512488425344177, 0.6926861006562436, 6.129886183977376;
  -2.502695811286365, 0.7755816896029986, 6.118904337687148;
  -7.922184527519523, 0.1682876192424555, 17.298446229856;
  -2.476547161238143, 0.7496582491388115, 6.094701109655885;
  -2.456868533738418, 0.7307613933164597, 6.109259415193032;
  -2.421370053280445, 0.7077877889069061, 6.080247895494599;
  -2.380574537072417, 0.7737459277224423, 6.109786741222353;
  -2.355400149334377, 0.7577073042964606, 6.108089351580795;
  -2.270015412555039, 0.7634231496416997, 6.120191742694831;
  -8.381330461517496, -0.8338223095900331, 20.10482774330902;
  -8.361092830419754, -0.5431569084626472, 20.06991264175731;
  -8.012257998380722, -1.919933073986265, 19.32688644407568;
  -8.214607935800638, -3.877160587318544, 19.93722714596482;
  -8.04367867602533, -3.583271068124891, 19.56296978344427;
  -2.210398687339514, 0.7616036717505041, 6.118806046869928;
  -2.202613355794507, 0.7177402809572933, 6.103001783189122;
  -2.200190996465063, 0.789144822453003, 6.119258746001568;
  -8.256348491132933, -3.684484362713636, 20.30803182730234;
  -2.155123455521399, 0.7248384646365416, 6.133170876144085;
  -8.333856764634128, -3.929255444552261, 21.51755262917444;
  -8.265765325676513, -3.684022895731242, 21.38286399473233;
  -8.205012259582805, -3.6667629599228, 21.49713912900978;
  -1.950393635615974, 0.8557331789536833, 6.172950102339689;
  -1.897247699437059, 0.8922408072589513, 6.151480707617671;
  -1.852856187568234, 0.8184129622171069, 6.079581997991158;
  -1.830467511856071, 0.8705491851594034, 6.175527937395917;
  -9.4496946298288, -3.654195576734197, 27.87492853016754;
  -8.138742041702999, -0.3175989514880896, 24.50998129022153;
  -7.418559626014241, -2.335622175230514, 22.58414477565643;
  -7.960336370251474, -5.37221127990832, 24.56407478376035;
  -7.39377430694035, -0.1979365390268837, 22.97069842763163;
  -8.760439130613616, -5.328332587342409, 27.04866174747133;
  -7.130957087421692, -2.623110041949962, 22.3387996273979;
  -1.76780058345054, 0.7485166650808139, 6.309105094426476;
  -7.57100213561948, -5.502711022034655, 24.15772301097159;
  -9.694465815955317, -7.958448770125435, 31.5190084128297;
  -8.129052780837945, -6.541700439784618, 26.98422710502026;
  -6.875766445320739, -0.1837970998448329, 23.23651678118483;
  -8.241070485011884, -5.539254334134175, 27.68571886978594;
  -1.661384468961232, 0.9457371894526567, 6.370682079699025;
  -1.652572665609084, 0.9056405361425491, 6.402565764007608;
  -9.210485912292938, -5.76997741232075, 32.05372868239084;
  -1.646174877896408, 0.6170690213488657, 6.66317202305381;
  -9.715348871675378, -7.653131111644229, 35.48928104943581;
  -8.834207670411479, -6.172693334434082, 32.71337239102532;
  -8.252722015614728, -5.452421629964905, 31.15283569508117;
  -9.656444632458813, 0.1214567056111217, 36.41509659008668;
  -9.226120399418633, -7.940238710018891, 34.77525151707742;
  -9.698702988814093, -8.710271908512928, 36.82327219803942;
  -8.340531890786293, -5.646936802397623, 31.9530969175959;
  -1.578467977488982, 0.9145751406632702, 6.928632012955939;
  -8.017352832044484, -5.40294081299536, 31.66593188790129;
  -7.587261656628957, 0.1335762383255047, 30.14911040209886;
  -1.554311508795453, 0.9767813098231797, 7.038095216125646;
  -1.547727900626459, 1.300493784323708, 7.043111889194275;
  -1.602576843005953, 0.3753589970232678, 7.275500303056179;
  -9.243704254820575, -0.8905254858524526, 37.43548593066907;
  -8.570538363204427, -2.049980226472416, 35.01720714828253;
  -8.549227600127876, -0.970434387490881, 34.98941852258776;
  -8.316863958108387, -3.677575154312529, 34.13422304068419;
  -1.528092067822965, 0.7758185443560336, 7.063888317786683;
  -1.521323787602555, 0.8624099263528722, 7.076325481612572;
  -9.0884437221063, -0.8970570415990026, 38.14639423957565;
  -1.615136538487947, 0.7564753683900615, 8.2108209176671;
  -1.522548906185881, 0.7707136616270309, 7.828361278244747;
  -7.031400838431455, 0.5126198947288784, 35.02072124435562;
  -6.743861083655778, 0.1112600352566025, 34.07375502471541;
  -5.507317300086744, 0.3990462277875243, 28.51381912437887;
  -1.798293166230797, 1.104966720928265, 10.20652430780762;
  -1.849207239998794, 0.8614129076787013, 10.57017800170868;
  -1.620100137586215, 0.8126847860798384, 9.652696872999194;
  -3.356091192969394, -0.03142232217449307, 19.66648137423991;
  -2.763262326499089, 1.514227977369037, 18.02021507083197;
  -2.912378366455897, 0.4929454533869668, 19.04313946552713;
  -2.690827446250257, 1.631805193584132, 18.10723779929522;
  -2.665554197686828, 1.477657431286648, 17.98883529099395;
  -3.278065506416313, 1.052082524623401, 21.96133600302793;
  -3.792349637152022, 0.237039185557242, 25.82087412222296;
  -2.5137159360596, 1.466280432726307, 18.10381586674742;
  -2.451680279347249, 1.566741637803105, 17.87719510787421;
  -2.162143601490297, 1.519346674203785, 16.84203617366768;
  -1.839267850443271, 1.511797308843018, 15.53970649659267;
  -2.701210785399201, 0.2378077903913179, 22.4277381125902;
  -1.944206392650573, 1.505099254953579, 17.75856200073301;
  -1.423318651136082, 1.526686576040323, 15.58872222232345;
  -1.692189792969355, 1.218493431586639, 19.06058435617985;
  -1.705059082527617, 1.725474852627701, 23.45468538457047;
  -0.3258109238445783, 1.590963566186213, 11.53133028451366;
  0.2402267820518856, 1.538676865260073, 12.67733604876533;
  0.625227304958578, 1.65342153574033, 14.3471537848967;
  0.5550024886303535, 1.628250294072654, 12.57618494752216;
  0.6271432960701966, 1.633319615014855, 12.94003770493247;
  0.6480642790146421, 1.5441937708118, 12.44583293220196;
  0.9595017833823818, 1.653462032386641, 14.37124882298313;
