m=[-4.122597231969735, -1.293629168216831, 7.193524218441737;
  -4.191076140522679, -0.9550125069621823, 7.430851733971594;
  -4.156665235086382, -1.791320740838945, 8.065287219303922;
  -4.171092866879551, -1.602410035900959, 8.14154923145947;
  -4.223136865111687, -1.825441976592158, 8.383263676419361;
  -3.709474710381151, -1.154842105782572, 7.840069330319819;
  -3.482880617352868, -0.04296798006410496, 7.863686341975857;
  -4.214723957953666, -0.6815213422778336, 9.33778282832008;
  -4.154525152887979, -0.2555557549746331, 9.851076861158132;
  -4.119035785106586, -0.3432969266182623, 9.803953977051293;
  -4.230740278088496, -0.4681850720580375, 10.18049947617486;
  -5.61770650407728, -2.321347151746603, 13.54694522033058;
  -5.845955213189384, -3.212191071049889, 14.12928150760295;
  -5.388952282926601, -1.702908725860729, 13.31252427290864;
  -5.406135699660296, -2.832210034421746, 13.38857042581624;
  -5.666020281379538, -1.034442638257625, 14.01680551287386;
  -5.531751758193076, -1.977978492589724, 13.71985949365014;
  -5.503991250034967, -2.340230657221702, 13.66069519937123;
  -3.48582657704136, -0.06071180994709274, 9.05398767158179;
  -5.573116267666316, -3.163724354198314, 13.8790954707865;
  -5.319116393437837, -2.835877553943587, 13.43328968748211;
  -3.332996269253271, -0.02860257968876442, 8.876016180322093;
  -3.426150530092027, 0.04535888234646163, 9.114523128864439;
  -2.761125176462506, 0.6807575110983583, 7.806971280990458;
  -3.411551904403414, 0.5979109353730073, 9.423695336382805;
  -5.34130223657907, -3.243384378151511, 14.22808490377771;
  -3.176783577315787, 0.6272452620419206, 8.884167732202284;
  -2.579585145668222, 0.6467821771643699, 7.52518535810142;
  -4.983581623293678, -3.025049617287658, 13.85370795708548;
  -4.734013141808614, -2.694754171379014, 13.37187741320464;
  -2.302215814186162, 0.6871908004684706, 7.230813434866146;
  -4.582714877876955, -2.81762832011088, 13.48539623559335;
  -4.496860887561103, -2.824892989023535, 13.53814943470685;
  -4.417291392675574, -2.800085787536341, 13.69097630691393;
  -4.27039065453408, -2.802941771529595, 13.50368948326629;
  -4.716399037384663, -3.63216017325515, 14.88271939891213;
  -4.178339846708435, -2.810729932849394, 13.54294571296459;
  -4.155486208132814, -2.714594884175349, 13.54650355870617;
  -4.230404574030452, -2.923208005284048, 14.00516093390457;
  -4.089290285238696, -2.818439324938399, 13.59313727250571;
  -4.188078146925602, -0.5165501044960126, 14.15013703025685;
  -4.209551633885592, -0.3691375842742347, 14.23137039913082;
  -2.116677334264401, 0.6384988889789478, 7.65813865648943;
  -2.028334708091633, 0.7148845116512067, 7.392250666686579;
  -4.166630566940375, -1.774780074829955, 14.23101325883909;
  -4.242796300000955, -2.139604191521673, 14.48738462068781;
  -4.10375368765161, -2.424971418884711, 14.07744356721718;
  -4.152164353885559, -0.4398373386944455, 14.25151980809142;
  -4.241929340928636, -1.869050307143369, 14.59855498340165;
  -4.209127684469039, -2.042011300428734, 14.47931362055438;
  -3.832853362581334, 0.09062885910810155, 13.44958613949501;
  -4.280373487166879, -1.94797546367214, 14.92734456204136;
  -1.966698088035457, 0.7077075196080634, 7.397571228921227;
  -4.261973389562385, -2.151940955857743, 14.90739429566105;
  -4.309404255785299, -0.3912855306229113, 15.19391272473199;
  -4.129997492358482, -2.438054284586371, 14.63542394722612;
  -4.071040315461472, -1.735908487482907, 14.54971342995554;
  -1.916954089361478, 0.6772316764773914, 7.620304528776139;
  -1.852163651346724, 0.6687473528718482, 7.524406428503295;
  -1.399252250442238, 0.7707670355809798, 6.353740904773185;
  -1.589257662410366, 0.4811668064867242, 7.115365653829061;
  -1.321716770255152, 0.8019462339101028, 6.144988677046558;
  -1.372711471949869, 0.7589326334891747, 6.441121790983083;
  -1.528369243114188, 0.2785722925494841, 7.194050835210556;
  -1.501279858365263, 0.4780770459593098, 7.180316161861488;
  -1.299260550682512, 0.7665696290286224, 6.359144265551089;
  -1.521084268207563, 0.4995416106726233, 7.3005639226802;
  -1.33098845536785, 0.7780860012440716, 6.562054098474465;
  -6.638836417572979, -1.210134172762768, 29.56400046362786;
  -1.200549174894544, 0.776415508511538, 6.626874620512194;
  -1.903089370689625, 0.0504102598791104, 9.959928082733606;
  -1.899319997173581, 0.1406167107666435, 9.99194041092195;
  -1.137777279589378, 0.7892447277785952, 6.471357971450256;
  -1.079558497131589, 0.7766767295403654, 6.624152522191779;
  -1.275352204684002, 0.03209282327703037, 7.919768097102566;
  -1.25061085291177, 0.1347997409963643, 7.834064764891088;
  -1.144503387469951, 0.3845471812801556, 7.377383421939062;
  -1.064605105830801, 0.3412105050188977, 7.372189860570133;
  -1.087147895181964, 0.4441400613843016, 7.613756574511585;
  -1.072813931872941, 0.4150092879746988, 7.588635137063682;
  -1.098637559657206, 0.4309073014171191, 8.033613581444678;
  -1.145609567524907, 0.2587510387670182, 8.814349038122199;
  -1.138330766161384, 0.4513037270410344, 8.905320745836786;
  -1.421636941751603, -0.2366621121031892, 12.56897989060828;
  -0.6684758040357733, 0.7579669719957889, 6.579728634248172;
  -0.7780813323633288, 0.7415773471620794, 8.238499543023032;
  -0.8169051591488273, 0.7381484556681506, 8.691982154380298;
  -0.7047748301447273, 0.6932993551920322, 9.281835415429288;
  -0.920072142246623, 0.6654545271116192, 12.64025908666531;
  -0.701644955059803, 0.7223366132191488, 10.31887656750167;
  -0.533211002531823, 0.7934137167357386, 11.08731045845562;
  -0.3691943540261555, 0.4113493267688066, 13.41720306467174;
  0.6067963726069844, 0.5054292331844816, 10.51076284542618;
  0.6151900081380384, 0.3924731240265516, 9.832615388311778;
  0.5985958369345586, 0.5954520685099271, 9.59794639212425;
  0.6241563298686937, 0.3275036848002398, 9.818957510032778;
  0.5992663641525015, 0.4605066578241537, 9.028048123059763;
  0.6594409994023878, 0.2748711484273064, 9.397987785904673;
  0.6577646854180794, 0.7216604825156413, 8.963278429000376;
  0.7217659833146943, 0.1828852260784203, 9.556441331605306;
  0.6289091438796772, 0.636171266149242, 8.131710707843068;
  0.8636951924764632, 0.3520571754664281, 10.59497665915593;
  1.371485848257301, -3.223896313400316, 15.00916608204951;
  0.818542839950704, 0.08371394160558941, 8.751047104996683;
  0.7227959923436289, 0.4978452974609741, 7.85191873172218;
  0.7268974600849035, 0.3579173607830553, 7.81795420461523;
  0.7756077056806926, 0.2236035539509164, 8.197017252665168;
  0.730080762898398, 0.4236709003412931, 7.771282947475984;
  0.9045576507965102, -1.272414004100117, 9.313259219089369;
  0.7832532129931696, 0.2658085758786964, 7.97878397232151;
  0.7665773094526973, 0.3267325079379252, 7.801610121865992;
  0.8159874122500642, 0.113197625038456, 8.183092028139425;
  0.7468400569578401, -0.9172355329271932, 7.572609539117419;
  0.8158640907000027, 0.07570482937944842, 7.774732317587941;
  0.8568096253516716, -0.935750792446209, 7.727232191492028;
  0.9608104468656065, -1.180568577580718, 8.553618981272871;
  0.8912425301359448, 0.1087955614236408, 7.970698523042097;
  0.8961668592653012, -0.986900898251291, 7.769333001018563;
  0.8955207714069725, -0.978592391439601, 7.589573931345067;
  0.922284716417078, -1.303341096766054, 7.555656140784773;
  0.9336119628016513, -1.218624893475882, 7.275568690458608;
  1.348956148345577, -1.056541887642881, 9.581061031607225;
  1.282719342288665, -0.9427778722161939, 9.095941474390763;
  1.142009201806836, -0.8835039598035102, 7.728364931121812;
  1.089563380726459, 0.8279957704249553, 7.00999279095817;
  1.133918268191668, -0.7820546138865153, 7.130659690445839;
  1.073067602508112, -1.10581851836446, 6.441556458606994;
  1.1866448304994, 0.8262395023153507, 7.037195918278405;
  1.086794072253247, -1.315275624060635, 6.442524143737903;
  1.142201198703921, -1.421780466986857, 6.707023502258283;
  5.677942888565136, -1.253709934413638, 29.06576396856017;
