m=[-8.022310045590713, -2.082852006896367, 11.23680047338105;
  -13.19142536870961, -0.9520473590219718, 18.69562595638511;
  -13.34433134032375, -1.439314598986917, 18.96041156572623;
  -13.23953338126003, -3.83893866322583, 18.85231194759343;
  -11.70732894407068, -1.422703728167413, 18.45674229018112;
  -11.54829161666818, -0.6992438009704115, 18.45116085394318;
  -11.55558515871315, -3.384496988876179, 18.51488124686069;
  -11.57187279787522, -0.6211877618939732, 18.63230987831328;
  -11.609301354967, -1.999672947326595, 18.70762604730617;
  -11.60563112768198, -3.5306223476464, 18.77788713447951;
  -11.62235640546798, -1.016480308944816, 18.82821808824751;
  -2.807101457353643, 1.084561027621509, 5.309667650470758;
  -11.40953381922617, -1.950445248424159, 18.59083003226888;
  -11.51506102173726, -0.74441534358535, 18.86084139521998;
  -11.39760675580133, -1.622904569766505, 18.7076493627179;
  -11.40456588735886, -3.793712042661731, 18.85698233978931;
  -11.39714876856968, -0.5149670915111279, 18.86549127231046;
  -11.32199417788152, -3.85494171226429, 19.00676605856258;
  -11.26945732644239, -1.020345755915748, 18.91348560125951;
  -2.7255311280911, 1.071761790272274, 5.329640532213833;
  -2.735773074819502, 0.691974190718782, 5.366548455531723;
  -2.74618315277756, 0.7252158214264075, 5.384049321525158;
  -11.14844946538636, -4.229412007547994, 18.87702943025148;
  -11.24120626903929, -3.795343576916174, 19.04887826166156;
  -2.679328773326709, 1.125099500670655, 5.293252642149323;
  -10.97515931510498, -3.674289393558609, 18.86959947652074;
  -10.9661304109096, -1.271257993899612, 18.94171769335787;
  -2.650319917569999, 1.079283118194656, 5.327239537845332;
  -10.83265671145826, -0.8669787729282188, 18.72636721393876;
  -10.75023877453788, -3.763675916129378, 18.79113796475797;
  -10.75324989318035, -1.955185619111712, 18.83131140573691;
  -10.62646686898896, -0.9948449709298179, 18.64496451804012;
  -10.45576297608596, -1.573830030985017, 18.4031040457804;
  -10.62475276475392, -3.801940344204333, 18.85185333933396;
  -10.21770790340963, -3.230673750069319, 18.2729990262588;
  -10.42540335102488, -1.816895440442612, 18.70889961754734;
  -10.42485732815372, -3.710043436387197, 18.74008069059777;
  -4.197275165463885, 0.2810347715710971, 8.808427008238276;
  -2.138769842038665, 0.8252842997497483, 5.455435090122446;
  -2.134032513636243, 0.7867654915169055, 5.454409933068242;
  -2.124207699255156, 0.8327595518992965, 5.504580490835784;
  -7.744381631533049, -1.901384847740411, 19.73137288994591;
  -7.658386474494228, -3.310308432907216, 19.59120403814838;
  -7.899875835440411, -4.819281739018069, 20.29242810749673;
  -8.055013392606554, -4.13283433304102, 20.775182485484;
  -8.153030510462143, -3.8029732665603, 21.05910161207261;
  -7.876925165009624, -3.787455894898947, 20.51860820751489;
  -8.306041779912835, -3.742942680383538, 21.84572403623922;
  -8.117738186367486, -3.623326282305499, 21.71247820434245;
  -7.961836535058305, -3.705819840443683, 21.34095356963777;
  -8.028592639462142, -4.142526824231411, 21.55370132146425;
  -7.85638304522935, -4.916377315495132, 21.15677476846271;
  -8.118415835813796, -4.964186208777178, 22.19356949935364;
  -7.698676200557473, -0.5494549676645744, 21.08675752138988;
  -7.763664080683749, -1.923899172144416, 21.32893040057876;
  -7.725063464195299, -3.356950506297729, 21.32612283075831;
  -1.972231582147744, 0.9550772084773287, 6.343765810854753;
  -2.029620980469331, 0.4779672888666352, 6.691257128155422;
  -3.277838998598301, 0.07201679555134902, 11.23596906296674;
  -3.212630926629486, 0.1288085186035243, 11.20969777366226;
  -1.8684212887348, 0.3931379639518347, 7.044609340915888;
  -2.983403060361132, 0.1188094183894342, 10.72692630713942;
  -4.597364068408062, -0.2268509483696011, 16.4879304274438;
  -7.646384798769836, -3.566547185818567, 28.76043195068767;
  -7.266257045627685, -5.091009931400455, 27.60709579177589;
  -2.47783495801351, -0.05722096958042741, 10.75814971271426;
  -1.944736367978062, 1.060133996383433, 8.789631648754186;
  -1.867100640232454, 0.8491458506288669, 9.052975345684937;
  -1.808562500770269, 0.9697130180592344, 9.034127183225175;
  -2.082705221652212, 1.059060765469887, 11.13473769869272;
  -1.41956518882939, 1.516644467114322, 8.326773195471313;
  -1.855630966350009, 0.7461694165202943, 10.53293962921496;
  -2.056364299186845, 0.121340193364311, 11.63855637086519;
  -1.381007889970961, 1.648253085445356, 8.286989479976603;
  -1.697201466561444, 0.9987294066351573, 10.67818139281107;
  -1.771248354257281, 0.8699825468525243, 11.14274527571109;
  -1.776653148503262, 0.9860286382281828, 11.20699678238956;
  -1.905557568596351, 0.3315162742079331, 12.49001030463898;
  -2.015290817080034, 1.074247268579617, 13.75733543658792;
  -1.231899006439619, 1.574767321528253, 8.778513645862956;
  -1.224915107455015, 1.620013832185526, 8.815987005191731;
  -1.745790246056907, 0.536675576972792, 12.3910934938257;
  -1.818343516132796, 1.064610190606654, 13.74723925637154;
  -1.688232418948369, 0.7283121774613037, 13.04533586402192;
  -1.768626921592982, 0.8281940740705776, 13.99018674044785;
  -0.8466218432924495, 1.665973150357585, 7.936769880751863;
  -0.979562715551767, 1.618954338113626, 9.266007683588452;
  -3.374158448570343, -7.807881037554147, 35.55218753004984;
  -1.007481461088313, 1.586274611471667, 11.29724980132347;
  -1.003617858439941, 1.573876671696377, 11.52458035497867;
  -0.7904207233400509, 1.585731010785609, 9.778079646714112;
  -0.7854240934686683, 1.568033347847899, 11.84650151605896;
  -2.51518462496994, -10.28645166410631, 44.10042714064259;
  -0.4290474922693866, 1.619093132456701, 8.975774622783211;
  -0.2528382327506581, 1.146654269649582, 7.723613119031704;
  -1.785016788577551, -11.46621187604839, 48.95962374931519;
  -0.315496931058485, 1.565453094636973, 10.1224771126105;
  -0.1757558625064429, 1.672073776342213, 7.583774161057751;
  -0.9046043992478315, -9.456140430348603, 43.36719678673333;
  -0.1602647586541808, 1.583281033372142, 8.970549802522635;
  -0.1389089856799419, -11.90123419317849, 48.87913418407175;
  -0.01932035964529298, -10.28544437124543, 45.58295565857942;
  0.1934993101509785, -11.2535117748615, 46.88302786751069;
  0.410240464629679, -9.12962200637155, 43.08981725986764;
  0.5999895884414944, -9.939047582662846, 43.61833721422519;
  0.585097634897773, -8.940712807343811, 40.20470162454154;
  0.8166186673009491, -10.61526437060051, 45.71189523324812;
  0.7719174171551153, -7.776881010365774, 34.76012175574758;
  1.157725212629272, -11.55579735857794, 49.34902760578597;
  1.452632309109349, -6.7745281950787, 31.93337594121404;
  1.546540620986209, -5.397801427733286, 27.75995301971536;
  1.685746907857059, -5.281885127884457, 30.03910100235372;
  1.717990676904592, -4.691004711876465, 28.5577375739866;
  1.642983688973788, -4.114893547920527, 21.13815688264727;
  1.692904671220281, -4.638753477418959, 21.33993696427389;
  1.773921899290614, -4.512158111057516, 21.71649213506849;
  0.6160010878143786, 1.589489688419658, 8.295656135719506;
  1.866289358896948, -4.381658009372932, 21.9978675674246;
  1.958488231392111, -4.93439584508716, 21.47010659113445;
  2.134892148715193, -4.121539879968106, 22.45412653023117;
  2.022792806033374, -4.659003372520589, 21.14499839348706;
  2.14145355804571, -4.342523259076129, 20.87359124285492;
  2.02589531568086, -4.331145651398471, 19.76426003300151;
  1.106869464024517, 1.640370379710702, 10.70566557659918;
  2.226793102368665, -4.037793458312954, 19.97359114765417;
  0.7556343565838198, 1.639376903008668, 7.409710685631075;
  2.375506380251975, -4.603792397241327, 20.08585486543049;
  2.595683161975143, -4.568873463549939, 20.91317298316115;
  2.642317899318187, -4.416674781870957, 20.03496098885677;
  1.31912500638757, 1.615868304475932, 10.42756282378676;
  2.848387544044548, -3.784270781995115, 21.1320013857004;
  2.845377409760804, -3.660543614401846, 20.57697046822651;
