m=[-46.33171748050032, -6.203040641822291, 63.86493483034468;
  -45.67558676922181, -7.41542005568137, 63.82201332669602;
  -36.24249603077723, 2.303528870623792, 51.38057622020456;
  -38.02240483551999, -7.153900434875077, 54.58119441356516;
  -21.19196002372443, 3.23762856290971, 30.9822933106579;
  -45.52893177999363, -5.894867076179093, 65.54605680077154;
  -46.85775889885124, -3.297443723661564, 68.01058595285156;
  -48.83313869918683, -8.030290144327974, 70.88133911560394;
  -42.52763209800423, -8.130847196697213, 61.93395622356716;
  -48.531867986637, -2.889804985598264, 70.75760472765346;
  -48.86747637440503, -6.44708303270024, 71.51587177813426;
  -61.42026528458646, -20.09714471649795, 89.757587810099;
  -47.61388676025602, -5.049931046880742, 69.90022954250176;
  -54.91094169004214, -9.339427008757758, 80.57086218409175;
  -47.44767873974725, -5.327793095759911, 69.89722869612022;
  -59.1408751249498, -4.258405078200296, 86.89212768045115;
  -56.13496735704199, -2.655015870796607, 82.64445374272692;
  -55.5011340587145, -2.106084234020263, 81.89370189700641;
  -35.71416871496179, 0.612905035819494, 53.35053623262559;
  -41.31855661869642, -4.143257245089714, 61.88776613169544;
  -62.06176668482136, -4.464166980206566, 93.26758906420203;
  -56.79623447971216, -6.932985692904934, 85.76323029797221;
  -61.08535371115402, -4.121110815992313, 92.19182477398401;
  -80.34118492948272, -27.20702681951967, 120.8920008756481;
  -55.67689818948291, -13.8202011515556, 84.28073278676173;
  -30.60521258559087, 2.805040148602646, 47.02732520057862;
  -60.53373644584295, -18.30247149412779, 91.99998419070393;
  -54.18476829342132, -5.648820570242781, 82.52296399825664;
  -61.47380744947841, -2.829395948159174, 93.45834505526183;
  -9.482741166992378, 3.534505872717105, 15.4654547694419;
  -19.06066284839328, 3.230852835158026, 30.02849191106666;
  -51.25116144200478, -4.250885460784917, 78.69740105394268;
  -53.56005371186038, -5.074360237697664, 82.20927793774251;
  -56.39450176656184, -6.907567202447556, 86.48471273114453;
  -75.72577748508182, -25.91058174821062, 116.0250873887411;
  -51.49336437128978, -7.208568322782293, 79.32129113119106;
  -63.77990509165207, -16.16790443230836, 98.01340545821135;
  -51.0524200701759, -6.621355179838009, 79.22406011828538;
  -50.0191993010344, -13.44739663237626, 77.82693569341525;
  -9.820183336594317, 3.55439054877951, 16.26889966112283;
  -54.06766854360149, -0.04347128123832766, 83.9849608329814;
  -65.00766186827495, -4.607140363042439, 101.0053921874002;
  -49.37798078334255, -6.97012754441814, 77.04253743703359;
  -65.09940625781363, -4.265983295919125, 101.2097953403923;
  -59.98790237855082, -0.5061852264806849, 93.74947274460533;
  -50.34847412334177, -5.640534094214781, 78.90793326085247;
  -10.67840645603133, 3.442868310925483, 17.70566983084727;
  -66.94352808816596, -3.343078294794428, 104.6002052917823;
  -62.77742463483106, -4.438246868694726, 98.25681801049348;
  -61.22981576994928, -3.625603727843319, 95.97007983629031;
  -63.65511561439127, -2.545894244993148, 99.79713603251992;
  -62.83267694532612, -1.992101772597271, 99.11122131422481;
  -50.03105296640725, -5.248644693586501, 79.24735498186489;
  -58.52295496679665, -0.8798821821514562, 92.51437578692125;
  -61.94262506728352, -2.448482683590975, 97.95724744390928;
  -65.44570847277679, -16.06396075427783, 103.7111878468613;
  -59.10204727932364, -0.4289341388360894, 94.19689130415134;
  -56.36531008036373, -1.056453035589802, 89.90352949357444;
  -66.03353649216734, -15.7309955200534, 105.3600267292506;
  -69.54473312743754, -21.9351027003954, 111.0475137548806;
  -62.10977599025431, -17.05410415871052, 99.5232363694127;
  -10.59032389488524, 3.476825797325536, 18.01771089556085;
  -59.46349987842786, -10.95421320305291, 95.89715894766515;
  -55.8278367129903, -9.335911219750486, 90.17000438141211;
  -66.49020195981473, -15.82690382415375, 107.3098194731196;
  -70.90709179446027, -20.2208465145988, 114.3824493462668;
  -84.4253528654742, -27.17485211557049, 136.2279422319191;
  -66.61843835585145, -10.1997328085632, 107.8127076985122;
  -56.26495348917983, -0.7403043963979832, 91.27999205112189;
  -62.94855682680322, -5.243848108044212, 102.0837419578385;
  -67.10405657858276, -3.103915992472612, 109.070666527741;
  -70.24127970556954, -2.15161693429661, 114.2020519671414;
  -62.38389033756599, -13.52961368529516, 101.6334767849324;
  -69.77611179043488, -4.794382641470592, 113.7516594612491;
  -72.93604819947643, -21.39181110585517, 118.8371713345465;
  -59.44835089745936, -10.59586137448147, 97.39687124656236;
  -84.97976058779287, -26.12180695573481, 138.8164058215346;
  -67.15618546431637, -5.783723522634205, 110.0384210786209;
  -75.33169627586952, -20.1192609199576, 123.4023480800197;
  -65.63294743569996, -2.78831482406677, 107.8970729866975;
  -11.82041299525619, 3.478139351833511, 20.45435439234564;
  -50.1358287467368, -5.805300052735233, 82.69116993800482;
  -69.96394836391328, -5.589570917702394, 115.2889973697093;
  -68.53552789773752, -15.89517618701189, 112.9994799679723;
  -70.64416634502543, -1.373197602146002, 116.7743522589923;
  -66.49310128923848, -16.72962112710232, 110.034847953771;
  -83.20985227857057, -25.92091742892454, 137.6240363183633;
  -79.63542049899826, -20.98391308411387, 132.0201772683708;
  -74.95349102283136, -20.68683608814073, 124.3729941540884;
  -52.66778664785912, -6.943590684674292, 87.91981936476608;
  -52.45200328660654, -0.4929080670669608, 87.60399557996394;
  -12.92121698945576, 3.355209664222175, 22.51829233661272;
  -61.33223040344385, -7.526708940555417, 102.2519669502197;
  -68.00906770273694, -3.523871595229899, 113.5609470255867;
  -55.4538532646036, -8.896696883386493, 93.11413685516567;
  -11.4073213907929, 3.40817465259434, 20.16572159015627;
  -57.86880847682636, -9.864501031289919, 97.27898765409799;
  -52.24219817856677, -6.509421122025829, 88.05747504055513;
  -12.23427320999578, 3.488352424412424, 21.63454427828034;
  -63.33190918563547, -8.683977643474893, 106.8676924140651;
  -50.67045362936576, -0.02336804323062896, 85.85281677453456;
  -12.53200531601174, 3.379030763144403, 22.20146480523971;
  -50.2503561462424, -0.5733680841744824, 85.28103175602563;
  -13.15573885750294, 3.349911538969622, 23.26307744286038;
  -79.9218478446036, -24.49972529597583, 135.5749157875077;
  -74.19571748141294, -3.870631277480643, 125.9962693870507;
  -60.56902997610102, -8.738834741523009, 103.0919562311848;
  -65.29419003506645, -2.054477476529296, 111.1281336774083;
  -83.36920127308905, -24.48818971604865, 141.5815375257213;
  -77.48590441357951, -19.94215848690237, 132.2940299714734;
  -46.11671993082392, -0.5431281083622482, 79.48977014294236;
  -75.1358348907208, -20.49612942034186, 128.7842469171413;
  -61.09117895186706, -5.137135625471125, 105.0120688195602;
  -61.70291902308433, -2.713675668753054, 106.1318998978813;
  -64.89758555732753, -4.620651817214918, 111.6553015139598;
  -60.47771232397833, -6.403581398453999, 104.4860067490631;
  -13.00432458909178, 3.33126583508346, 23.50108813794555;
  -60.87565647329765, -5.109511726992277, 105.4304445848696;
  -12.634138207277, 3.420524970475559, 22.87907937684528;
  -76.33799673405629, -7.13650633376725, 132.1681850563607;
  -13.94154916397635, 3.23623023164278, 25.17903453461323;
  -58.06088042539253, -2.86927250918673, 100.9065017849575;
  -59.29408072821322, -3.878922863054807, 103.2373045145547;
  -85.462674347432, -24.11315277237246, 148.2749121880908;
  -56.39917423659288, -5.345970089168501, 98.6036808679864;
  -68.31899715735852, -2.136813767030073, 119.9012872600604;
  -61.65814355090569, -5.154751479539288, 108.619036863435;
  -14.1798961237714, 3.232050017776558, 26.03065115218915;
  -66.54922175816539, -4.184812667814036, 117.7783597712951;
  -61.63683744307532, -5.937793973535383, 109.3776979301935;
  -62.18539416745482, -5.431029996081139, 110.4692233169305;
  -62.11649956731679, -6.97185685145254, 110.4522243878817;
