m=[-7.947713329033187, -2.068177503043945, 12.12403786634509;
  -5.565601805030843, 1.498398725930109, 8.866178026021114;
  -12.42568228274979, -3.93955341474237, 19.22892273834532;
  -12.6061576682735, -3.757375217501978, 19.5019567660538;
  -10.85812029266635, -1.238129626262119, 18.07502473295295;
  -11.56307170170499, -0.6214536730769273, 19.42392329272559;
  -11.6163177514271, -3.304982685318785, 19.57375555280638;
  -3.278880939695904, 1.120158022803056, 6.252823735086201;
  -11.30117722870905, -0.5170470559222037, 19.14517382577976;
  -10.9698492717471, -3.247214438740323, 18.71430543561187;
  -11.20715135138697, -0.8613860906995526, 19.09905416019292;
  -11.02501969914533, -1.793973707617395, 18.92005533762688;
  -11.08576464999558, -0.6272052268678531, 19.10677922448324;
  -10.83787605154618, -1.456796187413606, 18.74402720637441;
  -11.05857261251455, -3.578603356618592, 19.24641493213112;
  -3.246424283803548, 0.7818941052825026, 6.404826729114027;
  -11.19453281814067, -0.921934792203254, 19.7358787630245;
  -11.02204973495682, -3.660080112156143, 19.46843918928462;
  -10.69466478818556, -3.516344489612054, 19.08630365264004;
  -10.84224293167561, -4.288972302942557, 19.34647652237623;
  -10.55564758614598, -3.435482701432364, 19.10907586647373;
  -10.65389901394088, -1.142240571623345, 19.3518981919508;
  -10.64290081549543, -0.7613210931608523, 19.34617903605254;
  -8.672804462456119, 0.5763013623597662, 16.05251696266258;
  -10.60122201156055, -4.300926383968808, 19.46808154788211;
  -10.49910097111457, -3.57336478614596, 19.31098387141643;
  -10.53793147985968, -0.8776546779181588, 19.43340948686575;
  -10.38752308876941, -3.629173685901661, 19.39751592642206;
  -10.17476410684778, -3.089851296792491, 19.14280257524879;
  -10.49953756655302, -1.701396655023655, 19.77782430539756;
  -10.23600007194066, -4.077605129157832, 19.36170067071445;
  -10.23935865508635, -3.548359000608098, 19.36838792133391;
  -10.15799009209374, -4.248817675468151, 19.22218982108389;
  -10.30097098467136, -4.530369483307333, 19.50387558412481;
  -3.302013391502123, 1.517620536762065, 6.926643989235547;
  -2.934410713663886, 1.176438951124698, 6.298790029659021;
  -2.926585536561677, 1.128249458641756, 6.346377171900648;
  -2.867458430288105, 1.136444213666771, 6.281244251852985;
  -2.89370288382975, 1.108338175249444, 6.355404833673503;
  -3.196455120650593, 0.4961195133876177, 7.019702363958627;
  -2.835349001004198, 1.110148320710923, 6.347062750960081;
  -2.805338547512237, 1.094684891436958, 6.349873794199249;
  -2.791394269173972, 1.170300047535228, 6.348047131750335;
  -2.697514830888082, 1.147580443584185, 6.313307252312211;
  -2.689247566830465, 1.137822807521508, 6.359255983179543;
  -2.665767834469087, 1.09980919522868, 6.341961753448486;
  -2.646488453491904, 1.166884763019147, 6.32420897615011;
  -2.645624889949986, 1.202413889546263, 6.334926068474645;
  -2.61677147011746, 1.161964616769609, 6.347558384078195;
  -2.616630319241681, 1.106624802150026, 6.371504018580405;
  -4.176154906993242, 0.2255179698541233, 9.582343039387972;
  -4.019380870006843, 0.2789401980474401, 9.404314135108869;
  -2.319716222927999, 0.8503456298891706, 6.525199630016515;
  -2.284933131324167, 0.8729127550739306, 6.665229701399097;
  -7.541516866908294, -1.758223107356666, 20.15271480115919;
  -2.174709590528582, 0.8139256431949689, 6.539054894642116;
  -7.435724599028973, -3.112798240638736, 19.96516281235601;
  -7.091977241211292, -3.567650150096091, 19.13458377958707;
  -7.721193877739593, -4.607842403654793, 20.78980680641435;
  -8.182068996290267, -3.730269854281607, 22.09363409557324;
  -2.138261976166034, 0.8548494015094215, 6.525673887518117;
  -7.488722828672785, -3.502472037425737, 20.4564391226398;
  -7.305584793950718, -3.180772364385769, 20.14766582748962;
  -7.805293245039138, -0.4511812370138371, 22.29384473241246;
  -7.693921936546936, -3.230453096153092, 22.17131717883503;
  -2.063585226190689, 0.8406983580702059, 6.695188393332966;
  -2.064905858064658, 0.8149506155266055, 6.7180813752569;
  -1.991855169599282, 0.7246207219451176, 6.750752375148443;
  -2.01254153667279, 0.8430572185655767, 6.821825042118526;
  -5.15318091681733, 0.03089651276925301, 18.07435561582512;
  -8.217361335801368, -3.696411847342588, 31.79208841659528;
  -7.76709359096327, -2.280417845933243, 30.18311892918816;
  -7.352326967107913, -5.010267868061825, 28.84307898912216;
  -2.002184714484393, 0.7063851018309968, 9.11169035924511;
  -1.979702751044072, 0.7299042984021023, 9.145061639603553;
  -2.033916549466782, 0.514180564819819, 9.741577741223557;
  -1.840650880306627, 0.6232944222823845, 9.118730829305235;
  -2.020342153617246, 1.134029063135727, 10.0851518428583;
  -1.772929596542019, 0.9355721225340138, 9.628840414095825;
  -1.785291156160416, 0.989889903257475, 9.872538146808596;
  -2.057727385597307, 0.7592246823976966, 11.62730720796232;
  -7.461901504565324, -7.023679742445201, 39.64750882841211;
  -2.063336173327332, 0.1727546593725369, 12.59714237537311;
  -1.881620065577091, 0.7973703373349196, 11.6121992955462;
  -5.446412076283404, -6.017790933409477, 32.025526511451;
  -1.585339491405821, 1.663593478029531, 9.986779072524278;
  -1.511839428817451, 1.645594607251162, 9.820728973937388;
  -1.810631044645871, 0.9174123979181251, 11.70360367042111;
  -1.738291372156367, 1.059175087405828, 11.84780914851316;
  -1.752256859036103, 1.014418802694167, 11.97705435660352;
  -5.043978805294291, -6.295030638939899, 33.40235477216713;
  -1.097147082663225, 1.683773745004065, 8.037583078987263;
  -1.923332002197757, 0.375673478192717, 13.48684923339951;
  -1.977722182979959, 1.325704781603354, 14.08361724382514;
  -1.921055205974493, 1.109322365518503, 14.08100517508674;
  -1.317862849650423, 1.700706217737958, 10.28037382460822;
  -1.016224957802665, 1.639158148846215, 9.174484228490655;
  -0.9775844029371694, 1.637911043761871, 10.15352514991305;
  -0.7126949300271431, 1.666905763095155, 7.8665003327808;
  -2.715774491772452, -8.588136765571791, 39.20702330234742;
  -2.710341762036701, -7.698914132694909, 39.70942557910843;
  -2.557878555691984, -7.389800003474717, 39.38963614607864;
  -2.467209979345927, -7.913335880478073, 40.63605240302414;
  -2.157241973935992, -7.934308875173851, 36.4340472907289;
  -2.350018278530434, -8.859030842051807, 41.64362987574297;
  -2.590829283284591, -11.09107780771432, 47.08501924258157;
  -2.238471810001558, -11.14540793160895, 46.35036200729655;
  -1.08886429034749, -5.246282056342047, 28.10183616718718;
  -1.53004573003598, -7.988092101390076, 41.28884750872778;
  -1.548808524600956, -9.586218953172036, 42.84557207675893;
  -1.566792078633308, -9.132645833258644, 43.88201520932753;
  -0.3621974450710293, 1.634421292431354, 11.01992030616635;
  -1.465470156707859, -9.730113461870428, 42.23716566062285;
  -0.9143466565330463, -5.584427636902488, 30.48634192095846;
  -1.236712251151337, -8.525987810103549, 43.21606334722392;
  -1.165155879046073, -9.467913298234373, 43.82072904396605;
  -0.1821343640310306, 1.676714783493718, 8.470942441456234;
  -1.024391972015931, -10.6508892317967, 45.58548532997923;
  -0.9072619054182644, -9.835369443168975, 45.02434241420122;
  -0.1800652010416808, 1.686079139967769, 10.33186813431013;
  -0.6981752959617175, -8.24937349806858, 40.79479389453797;
  -0.6970735868294636, -10.02711625442927, 42.27879134090033;
  -0.1481788303567976, 1.654170114254065, 10.97679298142643;
  -0.4927080085544568, -8.390242425609138, 40.3139069960617;
  -0.5439863921286277, -11.11944265810898, 49.64302384991332;
  -0.4593764202131219, -10.24631286324172, 43.05015763641377;
  -0.3882654580683513, -7.881682811189512, 40.61143729907845;
  -0.3216364404412658, -9.021452887141111, 42.81894680773322;
  -0.1741103045792281, -9.235602147516184, 44.52750909439194;
  -0.1004128358104895, -8.136464535289862, 41.98359798360217;
  -0.03146564031397989, -8.824764177717816, 41.02214258961644;
