m=[-8.330629710674286, -1.092547073512266, 13.13749411166249;
  -7.252638396076343, -2.380151919655499, 11.97536371051668;
  -5.356451955160523, 1.521195107652293, 9.932812418410828;
  -6.612713107034135, 0.1268263346906546, 12.12554105830095;
  -5.628025379847997, 1.582129143085245, 10.55302048674941;
  -5.726409903035471, 1.552612229564452, 10.76707621299017;
  -6.720188283960568, 0.1654229545949986, 12.55377393237519;
  -6.065475262462551, 1.586797045197587, 11.47116784339492;
  -12.85925430571828, -0.6059628315251913, 23.42428729808909;
  -12.74618943601953, -3.707828961749612, 23.31188694010638;
  -12.72300528244723, -0.4973085275773375, 23.35554995574108;
  -12.6467847061977, -1.974345596765632, 23.24154553261501;
  -12.58799810271914, -0.8849707877008494, 23.24148788161223;
  -12.66627602147632, -3.616284942884387, 23.36590552089428;
  -12.58592908871447, -0.6290832999737381, 23.5035898761017;
  -12.30910164659625, -4.955754914515866, 22.9750697114245;
  -4.167680182881596, 1.728489315539484, 8.453424207867377;
  -4.165999614332342, 1.709420542801977, 8.449055115188822;
  -12.73027410640757, -1.609253472408814, 23.81744643674168;
  -12.29658680230843, -4.613479887166051, 23.09268053492699;
  -12.3718378584482, -3.886572794717213, 23.30559369241581;
  -4.100098738641639, 1.602856571783457, 8.42472520880475;
  -11.99467050926221, -3.261603097124044, 22.86053192171276;
  -12.13312882480683, -0.9151297893529358, 23.19916481618683;
  -12.29509983063055, -3.937133114231625, 23.47437842427075;
  -12.2052172632962, -4.402812204831046, 23.5312553869181;
  -6.691089771926843, 1.488133370325959, 13.36628105407704;
  -11.9585502054918, -3.806165270591663, 23.08675926142655;
  -11.87730207469292, -4.555007234986368, 22.93091274429342;
  -6.391884279105089, 1.550815980390953, 12.8796143629223;
  -6.575605993406487, 1.05734161817833, 13.22360097369372;
  -3.886125759494005, 1.586569092682155, 8.252596578003056;
  -11.88434646711631, -3.738979790015906, 23.26155676256922;
  -11.91998355468019, -0.7705795324142161, 23.45378645573445;
  -11.50580781343817, -4.50807281738788, 22.84893699116511;
  -11.75056901826699, -3.875496747248632, 23.37061052008399;
  -12.07103905979715, -0.8990912806120115, 24.0692913088596;
  -11.71600780097667, -0.9533100251701195, 23.61620526275371;
  -13.06646461164528, -0.3760088874337101, 26.30332960642917;
  -11.47345332666004, -3.868201180199852, 23.16307361775122;
  -10.9416810510295, -3.20190720233555, 22.27756733267637;
  -11.4034006142737, -3.821509878979081, 23.31425085201184;
  -11.47801871895561, -0.4601566453669667, 23.51363119269636;
  -11.23602344191022, -4.580558926189686, 22.99862523024546;
  -11.37015265230857, -4.056095661766471, 23.48100006684826;
  -8.894549707062021, 0.6922914174735956, 19.39018530166857;
  -3.472299144212843, 1.235052209684183, 8.303890486671644;
  -3.622705366357885, 1.623632027916126, 8.676110282397657;
  -3.372536359622525, 0.8029445531866795, 8.521675534799698;
  -3.475543399232521, 1.579521485439375, 9.099374374270544;
  -3.033080307299739, 1.19344905236821, 8.355200381908094;
  -3.349781272209254, 0.5471588106138253, 9.164434065917847;
  -3.749229546848798, 0.2461392495919429, 10.20349470441524;
  -2.889943054403606, 1.133768811955102, 8.154507869950056;
  -2.964044583556536, 1.193863907563183, 8.335916204047715;
  -2.961527950467851, 1.155231466942626, 8.338028996026749;
  -3.856607411871189, 0.2202951944885991, 10.63183147369248;
  -2.884351993996165, 1.197234434223652, 8.332830902976159;
  -8.796819630900126, -0.8947352884773786, 24.00277637114415;
  -8.789770900129197, -1.028358143038561, 24.6711084279032;
  -8.831796296306621, -0.4167722837818002, 25.22497117603121;
  -8.58201227474534, -1.903139703486407, 24.58853263037267;
  -9.047432313138037, -1.763526088105182, 25.98537794312545;
  -8.392393938890816, -3.385391261154865, 24.12764475603093;
  -8.020132299229639, -4.620882738451686, 23.16865143237827;
  -8.660090597691772, -3.607171575730728, 25.04686192615853;
  -9.371718372834421, -4.126909115357234, 27.08135898273968;
  -9.013489324944796, -3.779521965768407, 26.43969784238156;
  -9.069497750675295, -4.31366576926262, 26.67560011571076;
  -8.955906776130435, -3.899741047206693, 26.68679418903168;
  -8.273872707206552, -3.343146762004192, 25.37470885502617;
  -2.360252806697155, 0.8486243794045054, 8.442426493092439;
  -2.230567345652157, 0.8851837436073865, 8.462163286861729;
  -2.205162468787123, 0.8124229448308458, 8.419293383229224;
  -2.041213703820271, 0.7561978979470494, 8.641720719562697;
  -2.046283838595798, 0.7230226668812038, 8.686211439290284;
  -2.044238571865492, 0.8312115880127117, 8.685154855631573;
  -2.048803120538102, 0.9139501794049605, 8.765302538922914;
  -2.031689285229188, 0.8709834637849611, 8.791030703099205;
  -2.017095069300578, 0.7803567805541938, 8.746730436358352;
  -1.989915193366427, 1.082485110388275, 8.900097443889553;
  -2.404491280968797, 0.3027305322289021, 10.60991525996228;
  -2.072456931982235, 0.5457467302049802, 9.346657709656284;
  -1.972550427500707, 0.9878673473850003, 9.048971512958966;
  -2.000355576112796, 0.9547633376940053, 9.170239763539868;
  -2.067719529165395, 0.5189099620990485, 9.484843605125553;
  -2.100019992061749, 0.5716792440522421, 9.831890854447238;
  -1.918124671162113, 1.058047212967195, 9.16377583624617;
  -2.078825422010806, 0.5826926789946844, 10.27002988844104;
  -2.115848988818235, 0.6573323058119561, 11.04022248962189;
  -2.07521933123098, 0.691742015975821, 11.30106924080655;
  -1.915031429180274, 0.6272388254174803, 11.08739952814435;
  -2.031872755431944, 1.01154797928009, 12.34351964392461;
  -1.912761348180766, 0.9681065369292281, 12.55920232933871;
  -2.002639095638598, 0.9795422197178687, 14.39465957326586;
  -1.987830701212946, 1.493286043567501, 14.545396890709;
  -1.448995376753351, 1.686392790279072, 11.25148108452767;
  -1.543460709247338, 1.686880199207634, 11.94675054849166;
  -1.28913225728412, 1.68644815793546, 10.56146058545768;
  -1.170081075250619, 1.679886198630271, 9.720197475580486;
  -1.874847073687242, 1.429845468777446, 15.065796448519;
  -1.018230714380693, 1.66530769084711, 10.6196512431021;
  -1.01722174989753, 1.634119840010764, 11.06883065954606;
  -1.126411564613245, 1.544568341053913, 12.47780706590894;
  -0.9670358181547956, 1.67098905916407, 10.92714420999374;
  -1.274370495952455, 1.700372037536216, 15.68693905690197;
  -0.993759338690496, 1.606872559046129, 14.07418878126836;
  -0.5361411405687399, 1.667073566291438, 8.488571297885212;
  -0.4881169156353531, 1.672827046360998, 7.850756420203302;
  -0.9354219904645549, 1.699058072560781, 15.42122462113482;
  -0.9083196582116463, 1.680155455197038, 15.85910568094059;
  -0.2525103147253612, 1.659123060809391, 10.35883244265902;
  -0.1259549698413611, 1.650337824892455, 7.68272218091201;
  -0.1455946042237487, 1.620220988742924, 13.86427364444909;
  0.0007432361967311369, 1.675344579416912, 7.986898224439665;
  0.2279931236134468, 1.653781557137665, 10.41163146442789;
  0.6139053850570575, 1.260391547583049, 15.73961292813043;
  1.408242031559556, -5.618524246005247, 23.74598306024318;
  1.03760517546691, 1.690230503274901, 14.26703270211616;
  1.642699460814817, -4.113288437111882, 22.00760559961091;
  1.681426505327743, -4.494368594484597, 21.8246450131854;
  1.816669503546225, -4.807394751710562, 22.08992340340164;
  1.827678371323111, -4.349923529158819, 22.15847310990029;
  2.106624928199898, -4.491282649946267, 23.81591213040419;
  1.84367399801189, -3.555757247181975, 20.85832357927624;
  1.924331108376685, -4.014832170938533, 20.6434758449199;
  2.350151719893734, -5.228591481359717, 24.09000930112054;
  2.362621166211074, -5.031066481338422, 23.9769304502082;
  2.107770072304864, -3.918736182676097, 21.12305227257098;
  2.303457603197842, -5.367035172639312, 22.27870792785821;
  2.36431043510088, -5.215563762355929, 22.61374508457855;
  2.593076223864693, -5.341242960660569, 24.55847025105743;
