m=[-4.09313470269454, -1.218578372904544, 6.189625880678534;
  -4.22078911425733, -0.2307100760802396, 6.537990040676652;
  -3.653402696897073, -1.068186551061929, 6.782564455112736;
  -3.512789144199816, 0.1172092379281128, 6.819500629421725;
  -3.484503195510535, 0.03090214125034015, 6.91313017077545;
  -4.228248707532055, -0.5979468418289596, 8.421580824209906;
  -5.972354920716593, -2.913579514123597, 13.04380750964313;
  -6.204879597351449, -3.178326763831001, 13.53112228526469;
  -6.029416569785203, -3.002848174019562, 13.21822705229443;
  -6.074156699671645, -1.94795505804315, 13.30525598092114;
  -6.072340070176789, -2.326505059816726, 13.30745176428168;
  -5.74793579556296, -2.786782015171668, 12.7505598983812;
  -6.126443247730513, -3.191565426651346, 13.6100058674434;
  -6.186972073613355, -3.289731391360737, 13.79150426753422;
  -5.980714229624425, -2.361750532150257, 13.46593565527657;
  -5.991000154592827, -3.176451148455254, 13.55878863784833;
  -5.968839070542325, -0.5096112660010667, 13.46280267009462;
  -5.714624829364676, -2.727200846634638, 12.99720336968245;
  -3.410201474270945, 0.05171611654727153, 8.119314827077469;
  -3.422239551749603, 0.1203470747119861, 8.166286336301623;
  -5.580955015662329, -0.792075318595173, 12.72681603517174;
  -5.810513656915333, -1.967682978967998, 13.29757794662953;
  -3.173869307788083, 0.1545509761602015, 7.712266680400397;
  -5.640363329705335, -2.840064805664722, 13.02252686280627;
  -5.739937673379864, -1.707930086367318, 13.23363133184168;
  -2.734418634350147, 0.7465380605146876, 6.791435780288084;
  -5.774116710857692, -2.059430445439088, 13.35464284117365;
  -5.747352523827621, -1.936790187464306, 13.31586884309277;
  -5.768360100088051, -2.336385418512581, 13.37093487199481;
  -5.649390543429395, -2.406704169836407, 13.13739745937764;
  -5.734376331991785, -3.141423456729279, 13.35450588127479;
  -5.506236415711971, -2.820613208643607, 12.96716655584159;
  -3.449237456205488, 0.691719647803805, 8.580844713634967;
  -5.325353144075917, -2.693837862054618, 12.94908629785443;
  -5.082387145316912, -2.821897956532841, 13.03972609803076;
  -2.542944489160456, 0.3111107468467096, 7.001907666384573;
  -5.08006599036302, -2.966110513664908, 13.20110415255842;
  -2.182737318783571, 0.822896139409245, 6.209335868024273;
  -4.835653120351014, -2.643488080358845, 12.73885059106635;
  -4.819052346503706, -2.729990713782316, 12.92578251842898;
  -4.743693760980221, -2.806037193702703, 13.02918006391598;
  -4.632299679689361, -2.800808027272479, 13.02303995793269;
  -4.409640140995841, -2.787047072116918, 13.02236025793486;
  -4.290448949031953, -2.780254881896079, 12.99234058264591;
  -4.185789330005592, -2.63059801893465, 12.74972666899909;
  -4.383716108946098, -0.4865694037356656, 13.38295831741833;
  -1.960483245314323, 0.7111275713911043, 6.498534331110238;
  -4.231027436749442, -2.893349399969728, 13.3094580003945;
  -4.229083626715084, -2.990488606630501, 13.4682003857362;
  -4.307956117628571, -0.2539686592431205, 13.666700514507;
  -4.450980381758781, -0.4423667492161942, 14.11699786639668;
  -4.230561842584732, -1.685453029340258, 13.55542771179545;
  -4.360345816448827, -1.86652393459416, 13.95784062819232;
  -4.318030356721636, -2.437787959123365, 13.8855444784599;
  -4.44899403999031, -0.8246889561981623, 14.22589204356168;
  -4.448187197135223, -2.120305282952666, 14.26436026379226;
  -4.419466608967019, -2.047218151198392, 14.31434649047368;
  -4.527479340448209, -0.3511254905088018, 14.58641457352277;
  -4.506727988345487, -0.4323100134213214, 14.68286927872365;
  -1.812734974689861, 0.7289744300266055, 6.456657371543034;
  -4.479442814029947, -1.910543594335856, 14.70500746576035;
  -4.463249507416719, -2.128958788945426, 14.69578339673366;
  -4.444369907094126, -0.2730386108199689, 14.78039048990073;
  -4.517878251688122, -1.800494560997326, 15.18169885055378;
  -1.611078666036284, 0.5565558083812948, 6.270809346792076;
  -1.372302802629159, 0.8203331342958383, 5.497793243617211;
  -1.546586456451826, 0.5671081939135577, 6.164572538373237;
  -1.30278250746148, 0.8298669497725633, 5.517429138987733;
  -1.481825461987932, 0.5410357770599298, 6.177247856444522;
  -1.490073709469051, 0.5609150251641323, 6.252841221131865;
  -1.232737767380256, 0.8406112150077403, 5.504339068924825;
  -4.845663528490219, -3.049850906456932, 19.57726928195113;
  -1.17463041546628, 0.8283718678487531, 5.586408033080583;
  -1.119085192978109, 0.8465026710772757, 5.467711793855395;
  -1.788617330368369, 0.1411914658712742, 8.542943311784869;
  -1.231591431769055, 0.3931739832132998, 6.196132511002877;
  -1.830920076545039, 0.2175522670670515, 8.784618564764619;
  -1.851273460440699, 0.26578436040662, 8.890392443081039;
  -1.231630066587078, 0.4199067756147289, 6.291582073991047;
  -1.053161266915147, 0.82640171923745, 5.574492590280793;
  -1.115214170872267, 0.4047779341248858, 6.375751881803237;
  -1.066929810956429, 0.5046490806213119, 6.59971135413078;
  -4.005030266313923, -5.55136986874118, 23.16581842909448;
  -3.835656829307791, -5.318618831738716, 22.64086206390864;
  -1.046763278077642, 0.4810910103871434, 6.820786057160109;
  -1.017958803710833, 0.3050299871580284, 7.087925663139809;
  -1.156558953388701, 0.4001276414499213, 7.972185690842065;
  -3.522421644214864, -5.134811114672291, 23.94892945966475;
  -0.7048123493485186, 0.8253100219444259, 5.603709629062385;
  -0.6700865084916361, 0.8337397350822522, 5.725902234511358;
  -2.95781081702391, -6.085615213948093, 25.54343679029563;
  -2.88507484202179, -6.440250420007248, 26.77620968133715;
  -2.299391068272456, -5.179947738112424, 23.41449230624287;
  -2.568982706719269, -6.308342381207027, 27.86986059662877;
  -1.926627965972873, -4.523575262191255, 23.77136966060293;
  -2.138816275882948, -6.180831764989704, 26.86579332628952;
  -2.282120056462853, -6.59592202886267, 29.58229811592302;
  -0.6795510463265392, 0.8131386070805313, 9.38794856024875;
  -2.089451135948541, -6.175826150191052, 28.4571858205022;
  -1.917546371103761, -6.558299184919148, 28.02964865962024;
  -1.783850681572271, -5.895625188285488, 26.68897871056487;
  -1.882479767388383, -7.151011112379283, 29.6603536124316;
  -1.526911150037428, -4.875834760133158, 24.52063722978213;
  -1.483765786606425, -5.852790973883997, 26.38250688306906;
  -1.342251181149216, -5.515459953855515, 25.68733805880278;
  -1.392530637084264, -6.418200003430306, 28.99461083496725;
  -1.22800052864925, -5.316972049529189, 27.8339310694196;
  -1.055320021748275, -5.593756006737834, 26.46036818225167;
  -0.9634280077191402, -4.510714017297669, 24.28282888034066;
  -1.06013041115971, -5.256663957684663, 27.17406017311069;
  -0.8597954653963152, -4.209228013785272, 23.67584932204473;
  -0.1912966858679401, 0.8237333139199234, 5.580635469996182;
  -0.9503561954723513, -5.677783811746563, 27.12124264992321;
  -0.7569167527776513, -4.342958060471823, 24.02008537285096;
  -0.8796408285503651, -5.622638379361297, 28.30116271284449;
  -0.720748830491443, -4.806997176566783, 25.90739204046215;
  -0.2312282839476568, 0.8007056105830458, 9.08166428887168;
  -0.5380796858403072, -4.556183058032213, 26.14509152476053;
  -0.4875063974010585, -5.097972402251011, 26.2350399320429;
  -0.4490832476879429, -4.547594500910816, 24.91713131974895;
  -0.4100672632454144, -4.40587466937868, 25.27230778270706;
  -0.3368885597216496, -4.660110500749339, 23.52199885413177;
  -0.3756666812330217, -4.220208660798638, 24.97715601734966;
  -0.3410521946119365, -4.591208736664508, 24.75882993757442;
  -0.2521002937059427, -4.648866340435122, 24.54489131009866;
  -0.2398367818625685, -5.056611865706354, 24.24394307676972;
  -0.2213477258729811, -4.639814493429996, 25.10932146284645;
  -0.1637172232183277, -4.82581983385839, 25.0222994736016;
  -0.1394436062261774, -3.87379074915514, 21.5693063022176;
  -0.1254784809444181, -3.633108379392975, 24.93718758285677;
  -0.0805799611930495, -4.020616361810074, 25.51002850312925;
