m=[-3.991966934728656, -0.5269863208381178, 5.868498833174303;
  -5.910293298959505, -0.2720585134169242, 10.38057257329855;
  -5.755548862861454, -1.591591891757549, 10.17026573354776;
  -5.869673895756201, -0.2282648313525525, 10.38770970990193;
  -5.842540387768989, -0.9130861019441638, 10.35654424866053;
  -5.790565954604074, -1.665495042974805, 10.31688886546363;
  -5.847317004533378, -0.4088773658026859, 10.40814314760457;
  -5.876626106996896, -0.9106581877316494, 10.51597239794337;
  -5.74224298840134, -0.2850788605914502, 10.34227642776302;
  -5.698270175734248, -0.7255334121671125, 10.29411740787321;
  -1.633672121406176, 0.4019114115165536, 3.696464095591862;
  -1.645625893251813, 0.3903411721171675, 3.723704354008548;
  -5.599133158709207, -0.1717653262745981, 10.3266663106101;
  -5.665469258951895, -0.4258415761248329, 10.44497012520086;
  -5.522961548344539, -0.5493737355360676, 10.47570066809253;
  -5.514259858055139, -0.3545337843940091, 10.46724958126382;
  -5.42081006117766, -1.289052651848312, 10.38309714472067;
  -5.431912864828705, -0.411748313136572, 10.46388931284815;
  -5.36638449427173, -0.4352592334720014, 10.44123845577092;
  -5.315247872336346, -1.575985817962399, 10.44399689277087;
  -5.288062106407818, -0.8242540289408695, 10.4248193363211;
  -5.273694676814063, -2.163425242686662, 10.43101600944418;
  -1.483313972684205, 0.5994106932303255, 3.651464604305939;
  -1.442608556430173, 0.5579987947774455, 3.672552573179446;
  -1.334861688500462, 0.5938860228707552, 3.656633470508838;
  -1.161930699429799, 0.4335928041708623, 3.735934314331013;
  -1.133101810377692, 0.4399017523787064, 3.77604912343438;
  -3.940613178023436, -1.598775747210804, 10.99869212694657;
  -3.95795052637849, -1.733864701309611, 11.13544086777915;
  -3.975289117047435, -1.676383184924268, 11.36302012269195;
  -4.063667855855202, -0.7979044097830632, 11.75645952868511;
  -4.097396358411301, -0.1892275290506671, 12.11620036978396;
  -4.032767732820541, -1.637374378269053, 12.03689658758073;
  -9.508929413480942, -0.896069039947779, 38.89791456616224;
  -7.705048873926096, -1.683083774081047, 33.85441251317747;
  -0.9884878231214754, 0.5642721221204274, 5.377779095585424;
  -0.9255696654147967, 0.4972914527864024, 5.429349650145853;
  -0.9138056364035327, 0.5176949192773384, 5.468906786323077;
  -0.9228412816530257, 0.5475647161760764, 5.525994515713196;
  -1.031594258684992, 0.3966162210667503, 6.24879728130246;
  -1.072182115261481, 0.110907187208271, 6.935942687106732;
  -0.9657377725031735, 0.4239470450783748, 6.357357343097538;
  -3.118176991336965, -3.333926343242802, 18.6001370625807;
  -0.9175527120992816, 0.5709682495888603, 6.620471248957494;
  -1.00451705776196, 0.6110755120348065, 7.758470173462608;
  -1.012777479034173, 0.562461770494555, 8.044453248295946;
  -4.287727014741583, -0.6554106367747128, 33.54939335547038;
  -1.413430953699424, 0.3164538053088098, 11.79529481142994;
  -1.366618835859858, -0.009802064157849396, 12.38758878784025;
  -1.201159167059871, 0.1914667625199782, 11.94382633442713;
  -0.5089496040377955, 0.8421217750020571, 5.601649376185101;
  -1.255757228274115, 0.09841736092205242, 13.34343042185826;
  -1.6687819314437, -3.855860300545221, 22.84150408019775;
  -1.32208489758196, -4.018476953284177, 19.19899020566439;
  -1.678183793473199, -3.777312478947055, 24.01806148655189;
  -1.638254719010984, -4.003451736675968, 24.14238641905705;
  -1.304975793430307, -3.931451372283456, 21.13502053234538;
  -1.378401799924438, -4.400702040305975, 22.63761705071726;
  -1.15751600932067, -4.015936036046104, 19.29720983744327;
  -1.365150927497906, -3.473874386180189, 23.00689072402612;
  -2.943081847978694, -1.229606117360027, 49.46372644917398;
  -1.239938237283708, -4.429440739348785, 21.74585250628176;
  -2.892771783160006, -1.169389379413001, 48.72114261721789;
  -1.202306036556024, -4.473743861654599, 20.9841561137691;
  -1.251704356108012, -4.07708287804582, 22.07269811571354;
  -1.217432807574675, -4.902668386568069, 21.74205620851678;
  -1.904256924265485, -1.8017772966774, 33.64305110910939;
  -2.180124057843242, -1.197932903878987, 38.52930074854596;
  -1.08297505896971, -3.398002218055648, 20.02847706908096;
  -1.187523257606636, -1.739472112077323, 23.59428225996638;
  -1.063722532113567, -3.903990160030146, 21.92909280685803;
  -0.9690625602228676, -3.353142288705161, 20.10435678124166;
  -1.046987004486216, -4.440496721679376, 22.2296811538474;
  -1.110233940038344, -4.509275659405822, 23.63081999946756;
  -1.03409643122453, -3.825924133286962, 22.15673917360745;
  -1.021757268494344, -3.64714508766345, 22.98901055112308;
  -1.089660238496308, -4.224428414121622, 24.85741013524613;
  -0.9490913478743033, -4.308936291164446, 21.97671475129375;
  -0.9132129043138174, -3.887528036361059, 21.69102480168416;
  -1.066580375606703, -2.222836839808716, 25.25269606724105;
  -0.9715978667542762, -4.829158097968469, 23.26785496741159;
  -1.223573705684963, -2.354043047845013, 30.78534811406054;
  -0.7911771514764523, -3.784884727939371, 20.50731183591735;
  -0.8061502938816606, -5.032299507787821, 22.69720366088608;
  -1.360255498537073, -0.4344298964225993, 37.63182049025655;
  -0.7992671732904092, -2.950074105580761, 24.06937992934778;
  -0.9166931568053121, -2.356679118209565, 27.40100378038914;
  -0.8149115928248882, -4.042592808252717, 24.63473112137315;
  -0.7409993065285331, -4.565222465997539, 23.15343827543732;
  -0.8070775181828144, -0.8462226065040133, 24.51658739388549;
  -0.5801260273974581, -3.19690406640288, 18.23833246814045;
  -0.7400209079401716, -4.631895757479374, 24.42124566248295;
  -1.323461265149723, -4.445692098847966, 43.09906075976784;
  -0.6071253699056494, -2.859528706302077, 21.44752797790156;
  -1.718064042144154, -2.714778561497677, 59.48381402963397;
  -0.6244246034344371, -4.60032351059626, 22.20544078570289;
  -0.9840953916423698, -1.815554005383003, 35.0112875041559;
  -0.6123655166114602, -3.091689944303742, 22.13428594999688;
  -0.6591893133247093, -2.532443612238239, 23.82946353048297;
  -0.9150359825368007, -3.093399495410409, 33.43183577270993;
  -1.01677649295384, -2.740021098927602, 38.16970833014904;
  -0.6239265346311426, -4.106189232302118, 23.7064889933639;
  -0.5584194163418784, -5.146300819302932, 22.92263650718371;
  -0.5114602329125587, -3.505979115312233, 21.10282677719137;
  -0.442874418319131, -3.848338212780216, 19.43418837460579;
  -0.5244722943211636, -3.161009658584614, 24.75681130812362;
  -0.4607647778856575, -3.602438161817142, 22.27352579933123;
  -1.475008406918952, -4.393928986403895, 75.06907914924288;
  -0.3911648447790809, -4.858564545820787, 21.34784931723488;
  -1.262751918398569, -5.481130449727355, 84.04077614425252;
  -0.2647171004687198, -3.749937849244436, 18.91631661837009;
  -0.2871371681192623, -4.89617164029401, 22.79887853028954;
  -0.1197785954554436, -0.08776394550447771, 9.377797247285153;
  -0.2290270517428402, -3.518254314108961, 20.96386400336171;
  -0.2498032911849319, -3.714098395329848, 20.93556958778458;
  -0.2672372983788841, -2.756435403491566, 26.22897371558945;
  -0.1438577997331353, -4.620791221737227, 21.47018096249788;
  -0.1926078578783991, -4.41072641360672, 26.96660438678518;
  -0.1310396657694189, -5.103562230972021, 22.80330846175603;
  -0.1102457927324976, -2.900796843543238, 18.67139213942458;
  -0.09628214978651889, -3.780062156360623, 20.43254541487587;
  -0.1428995867764088, -3.724571064496026, 34.11923756205813;
  -0.06134859028172782, -4.252074650828392, 20.65601948710505;
  -0.03406008083689609, -3.9027987037838, 20.54338476446429;
  -0.003747333866834882, -3.971617261097371, 20.42346725347871;
  0.004672107297569895, -3.337687414771075, 21.35306596297168;
  0.01461517490126958, -4.579307421717954, 20.85205162885211;
  0.02176719433617262, -4.095492292033003, 20.4685261572325;
  0.03773886768617853, -3.402535204797071, 21.17673344540602;
  0.09606189544673729, -3.860936341766989, 20.92921936241043;
