m=[-5.761298518765494, -0.3096391874532391, 9.677966493842083;
  -5.764946900451934, -1.640197013845899, 9.714064630376697;
  -5.741566988274506, -1.72366309405305, 9.692721655133848;
  -5.699660535558548, -0.2607686473741956, 9.655719001025743;
  -5.608136501325288, -1.660079493383029, 9.567349268937591;
  -5.523669848171419, -0.2118189692810319, 9.433045505534002;
  -5.692555527414389, -0.4375320719874786, 9.701165168483048;
  -5.582096886422296, -0.9083099460031648, 9.579446102875615;
  -5.628825168920396, -0.3184650476116328, 9.701515699760003;
  -5.531268395233233, -0.7434972195117112, 9.566288153961629;
  -5.572294165285419, -2.002260252644492, 9.675341593719292;
  -5.580268123322361, -1.805799621404517, 9.711936566973053;
  -5.433553609696998, -1.525704594794547, 9.567866273527779;
  -5.554898815404489, -1.844609230424721, 9.811714916087265;
  -5.597620438092676, -0.4609965524477154, 9.868563532066538;
  -5.448050849855116, -1.791287895827962, 9.722899678934212;
  -5.347536123826355, -1.740430200872004, 9.680739400870479;
  -5.341985299614814, -1.598250150800555, 9.70474693610039;
  -5.379578338041565, -0.5767628009141612, 9.771544875465809;
  -1.30915079289202, 0.5401130816218713, 3.11451888295122;
  -5.346520996503292, -0.3824539268221918, 9.718661689280413;
  -5.277341075595738, -1.79614090919763, 9.706607134760608;
  -5.132908300371565, -1.589558297789389, 9.502810157186838;
  -5.220701817474596, -1.823999185946684, 9.749065853923527;
  -5.204395491816613, -1.621128195448278, 9.785108096835423;
  -5.131525354151663, -1.778284635845598, 9.706601461606049;
  -5.059653861816509, -1.989058557764693, 9.673152157635279;
  -3.783577000540681, -0.8821000639810336, 10.11061164030529;
  -3.813467964966025, -1.601163814255444, 10.98914292345089;
  -3.603316778041871, -2.455492302265326, 14.13576285669089;
  -6.40132672464261, -1.815453523080204, 27.86219252305568;
  -5.585632305179916, -1.577668569029003, 25.27419291128662;
  -0.8701517476911241, 0.4824728035923196, 4.811879727824569;
  -1.005492663345918, 0.3136446171374278, 5.45370351858358;
  -0.7151372448425272, 0.7784067349518861, 4.645446419042153;
  -0.9018300988931138, 0.382166720757541, 5.565539521315187;
  -0.9950469801732312, 0.08331119491900056, 6.074990901368122;
  -0.8775497992865107, 0.687058140499767, 5.790730585081556;
  -0.624695424870924, 0.8061714415519455, 4.873119001646559;
  -0.8802239228295729, 0.5439220654002606, 7.091031744449701;
  -0.4800074324372557, 0.8042369255427777, 4.985520966530916;
  -1.0527222472143, 0.1297548850565699, 10.26073789289882;
  -0.9131162893380024, 0.7694846948762146, 9.191242874378903;
  -0.9826571089548069, 0.03788997574496598, 10.26163928579349;
  -0.5526681826403754, 0.7972548251122421, 6.441391301350882;
  -0.9103242720449248, 0.07803767293315492, 10.02954155280137;
  -1.64061263181575, -4.069092996723061, 22.96156033149824;
  -1.596510233723578, -3.7985718704717, 23.07799081042995;
  -1.4874293703342, -4.703721498327102, 21.47368206011386;
  -1.945999984333177, -4.970514303830426, 28.67515265924364;
  -1.33245106811731, -3.849497422734129, 20.51886421222057;
  -1.164648435339848, -3.45647387806156, 19.18241502170983;
  -1.391263591477296, -4.462342560951693, 22.9147339233278;
  -1.387788830533889, -4.671285227238093, 23.02925235303375;
  -1.222457478912124, -4.496183247704093, 20.64630400099525;
  -2.324197978167967, -1.189222921097419, 40.20242726570906;
  -2.070114737917584, -1.02167791493995, 36.00587013309844;
  -1.241167135189124, -4.288105728859032, 22.2116638095281;
  -1.712554205171612, -1.801943652492427, 30.88945812046919;
  -2.062703574568269, -1.335478010764518, 37.48619797343054;
  -1.077536709584989, -3.609266160036057, 20.25508330195125;
  -1.061987913853961, -1.709738213833093, 21.58413909198001;
  -0.9637177088697611, -4.650413968598563, 20.49947121836576;
  -1.058563917824055, -4.205510929236604, 23.24883018560164;
  -0.8100235707345148, -1.449739793285062, 19.26765516206833;
  -0.8640306396643066, -0.1563796130535788, 20.17679036301192;
  -0.8717161949874486, -3.995324106009351, 21.2636259168804;
  -0.8505967305276193, -4.098279651659941, 21.95253364218964;
  -0.8097441278580687, -4.227527677710606, 21.85124350200524;
  -0.8909642153459148, -3.836009991159158, 24.13029688126458;
  -0.7846841436592599, -4.856735930051793, 21.70716424956713;
  -1.04261208514488, -4.97013553795157, 28.953630121826;
  -0.7846844791096196, -5.209979185558633, 22.61584665082987;
  -0.8734024030813316, -2.535047449295103, 25.63690055143201;
  -0.9073357447182273, -3.550360397929168, 27.52656167119261;
  -0.9388201458548053, -2.672794726851556, 29.15906764252171;
  -0.7241784681288044, -3.917923759816717, 22.85712937002591;
  -1.431439094510007, -1.527763020107277, 45.16817910327863;
  -0.8218444614229682, -1.036094720705722, 26.57157816274434;
  -0.6361040137695284, -4.385349188793046, 22.22821948185211;
  -1.277704282187927, -4.797682138129227, 43.83652406268573;
  -0.5619079817038278, -3.431887063842009, 18.73525619188332;
  -0.5912944513810075, -4.80478595188985, 22.23818667110988;
  -1.811788398862118, -3.397642012103386, 67.95634257022635;
  -0.9335014201108759, -2.855290767302988, 37.24826867046468;
  -0.6208930873461271, -2.399475562327494, 24.44857504657446;
  -0.604147130835113, -4.468115714304751, 24.63350348716147;
  -0.4603107723215665, -4.990098754742563, 22.84366808104539;
  -0.4376552470074453, -4.838567921065535, 21.39099637267591;
  -0.4264583739926905, -3.803405212421355, 22.43565327657555;
  -0.3507995931622555, -4.144914441551122, 20.49742691286327;
  -1.701345276023194, -9.082091758938445, 130.5313443804905;
  -0.2526894783632287, -4.30300694337887, 20.67532890221457;
  -0.2005321438538247, -4.070747779539615, 20.97507882129372;
  -0.186993988730699, -3.685870984711293, 20.94160734689714;
  -0.1894916546400812, -3.758212664265952, 22.29241536693857;
  -0.08192468167375885, -0.9085846933693585, 21.72582533014101;
  -0.09989718039070496, -3.724775973301483, 21.89768691016685;
  -0.07763388827580517, -4.043067961161959, 35.31814741395108;
  -0.04939759797820255, -4.002693488676124, 20.65362339518558;
  -0.01586594037937943, -4.449716608612845, 20.68462176732146;
  0.001694680717823919, -3.456162147326233, 19.28454472802987;
  0.009355138713348072, -4.123492264025591, 20.72265626562668;
  0.07269429142686182, -3.81572144800729, 35.97370780785489;
  0.04045737847323908, -4.223993811797318, 20.74971099840136;
  0.05806521493024044, -3.597777115366588, 21.91140400169393;
  0.08529115777955133, -4.629866678346073, 22.08112950900282;
  0.08975166162177313, -3.653212847548734, 21.67818108146224;
  0.2508599276138069, -5.336466264506008, 45.72776343828523;
  0.1144961037053075, -4.02118887738066, 20.18659616427421;
  0.1470797007945354, -4.067424171606864, 21.06738867736991;
  0.3334237215212609, -3.492633693012161, 35.79383016870411;
  0.2101056542417647, -3.676693860236548, 21.87541780812091;
  0.2216913023983725, -3.99938040599593, 20.92198476606608;
  0.2224721343084005, -3.950617482644819, 19.92606894235628;
  0.2585480447453339, -4.393302434961282, 20.22469430192337;
  0.5244409267742941, -2.2047590745053, 37.02496797611831;
  0.2923044177216667, -4.237725605328834, 20.00839555429987;
  0.3345410923370031, -3.818738525213861, 20.89925741917978;
  0.3707751484561501, -3.302511068755199, 22.38123448164931;
  0.3717407560818912, -3.88105337609093, 20.37103401781866;
  0.352614663067992, -3.174492457200891, 19.04042713228541;
  2.42385791077337, -5.724912713885304, 114.0151167744676;
  0.9674537608148995, -2.505877923154117, 44.13651822507034;
  0.4152060571309807, -3.691380849414219, 20.31407824439799;
  1.367206889108479, -2.802104731660198, 63.47754663271713;
  0.583616743982172, -0.06784568641306153, 26.91214398469287;
  0.9039046111624489, -4.26861059157017, 36.18806863513525;
  0.9890102121552189, -3.096844645155835, 35.15980322454367;
  1.100010985621158, -1.701386978608771, 38.81060606786603;
