m=[-8.611552203908303, -2.028324135859316, 11.38872415619706;
  -8.270323910125537, -2.595143701590204, 14.43089683379542;
  -8.407273360828301, -1.915749306343952, 14.90624358437282;
  -8.450379391989605, -3.641702907670986, 16.39649407731692;
  -8.517190429511405, -3.862591150998537, 16.58894890210108;
  -8.399824983662635, -3.226963360252917, 16.39560441896711;
  -8.455495109531206, -3.654869874883814, 16.78483252661523;
  -7.243827670305817, -2.255164909816158, 15.3100143783569;
  -8.410692388765712, -1.360009913688535, 18.63401251080516;
  -8.497179658427532, -0.5226838405960891, 20.14824001247202;
  -8.051843565727491, -0.671072866062452, 19.16465596978692;
  -10.57455782516453, -3.945940665543988, 25.18552001729391;
  -11.29065222241695, -4.665520236567435, 27.22709829142439;
  -11.45052944821818, -6.291749955486477, 27.67516138679163;
  -11.15967566004749, -4.504518942939408, 27.26891594739706;
  -10.40148744487018, -1.711423350554903, 25.51793589655242;
  -10.49707908400553, -3.317076609647658, 25.93131517293276;
  -11.57033488172842, -1.127410198865288, 28.5299253861111;
  -10.61538989598787, -5.561276196712051, 26.28955378032084;
  -10.69348431106968, -0.7835802685272211, 26.53592215628174;
  -10.85923826150763, -3.8829182266461, 26.93309997783058;
  -10.74558873020318, -4.56889465007012, 26.67013912497983;
  -10.88043449403418, -6.176561539321605, 27.09625671771118;
  -10.39654016496024, -5.542897111418184, 26.25619096355013;
  -6.709499099730786, -0.05757851709649184, 17.86789355885161;
  -7.099831109271516, 0.09399482046591361, 18.88754574211552;
  -7.272298191471178, 0.1760613223270185, 19.5821606840886;
  -10.45259881581855, -6.347103048792064, 27.84348400996745;
  -6.847899530377357, 1.20016758597853, 18.91588364378705;
  -8.319955606108257, -1.852939902840801, 22.81762860041685;
  -6.400838686592641, 1.263824129515375, 17.90053465540364;
  -5.541057981649255, 1.366152057355109, 15.66712038186586;
  -9.926215264134148, -6.025243681278106, 27.59358585514533;
  -9.334893339576784, -5.31372474318739, 26.3677023411203;
  -9.172314610289345, -5.510847796953506, 26.353734326954;
  -8.983082000413605, -5.523142268447113, 26.43420405166577;
  -9.754248162639312, -7.126322052183723, 28.85158430791113;
  -8.772404950945536, -5.510756472664993, 26.41000735783806;
  -4.703287757171692, 1.403889269967034, 14.77211480046263;
  -8.44157822418557, -5.351049117817232, 26.16387219822548;
  -8.408096321067317, -5.220195247972606, 26.08325053355227;
  -8.363544461798297, -0.152897033575108, 26.23076042807208;
  -8.320941305082215, -5.461587908286015, 26.31220810513275;
  -9.102486305599319, -7.009942961724377, 28.72313144941096;
  -8.131838890158447, -5.470211571153719, 26.35713146280963;
  -8.03959311658013, -5.25190970491178, 26.20833551346046;
  -8.160216760473684, -5.638706781262576, 27.01518187824195;
  -8.053204050627715, -5.550466072309534, 26.76951268019159;
  -8.040804748115562, -0.7051019914917722, 27.18381448427494;
  -8.213244587262967, -1.013006969059635, 27.7498490466565;
  -8.154488904191386, -3.473411956032416, 27.85143483450677;
  -8.205725687757768, -4.138074004636901, 28.01914014358362;
  -7.880590864014665, -4.656762823427503, 27.03343855609883;
  -4.198570027802429, 1.26650493897021, 15.19042648182641;
  -7.538542747393652, 0.1782508914126094, 26.45295044083095;
  -4.095301275772862, 1.048264984978321, 15.26800911958772;
  -7.478709976071857, 0.3001982296968851, 27.2180799011209;
  -4.011295719748213, 1.443446841946728, 15.08815511014483;
  -3.895908783953608, 1.376367254595408, 15.48707478954244;
  -3.77068968449016, 1.361455691655797, 15.31840973190418;
  -3.712154316003144, 0.0890601130064317, 15.24358878929283;
  -3.700248262430216, -0.01291785020566222, 15.57645685463917;
  -3.88564414082659, -0.07850005719461148, 16.33334413544846;
  -3.239408893904606, 0.9807698708973073, 14.50336174402256;
  -2.87071298634353, 1.581309544285892, 13.03536694075692;
  -2.781558295045488, 1.687699096594285, 12.93215355382061;
  -2.809979520258991, 1.55355673857054, 13.18515994803121;
  -2.731201873161001, 1.561407874992954, 12.92103581410975;
  -3.138542267639108, 0.5720547692900418, 14.77315296913878;
  -3.089759538830913, 0.9839225543579443, 14.77769133404011;
  -2.733673566932814, 1.598085337121513, 13.47758784941907;
  -2.355026640823801, 1.661074171110134, 12.52482868030021;
  -3.831000213570514, 0.2836292198156442, 20.15412142513628;
  -3.841967499910558, 0.3922152632593343, 20.29351707346778;
  -2.277687816282812, 1.630199667067255, 12.82398861888479;
  -2.35198740072455, 1.631508810312565, 13.37744450295444;
  -2.67107913950547, 0.06721474308687235, 16.58704730834184;
  -2.599893477138437, 0.2802350279628696, 16.28622831338673;
  -2.198948295922524, 0.7047723653144079, 15.22730282085877;
  -1.928364407132466, 1.621641270567516, 13.45597131237765;
  -2.263519872974026, 0.9247314553821603, 15.85238714141009;
  -2.221970337137488, 0.8595510368759305, 15.71728486455916;
  -2.174675026575426, 0.8529504010887857, 15.90196755532007;
  -2.285851277207572, 0.9062508293121467, 17.88253415082356;
  -1.761038428474451, 1.677549574393903, 16.53135455212205;
  -1.386639403648539, 1.572273616618866, 13.64852839022854;
  -1.773614304425236, 1.531654917498897, 17.67323494665527;
  -1.599451703422642, 1.524412811107218, 16.93535313038682;
  -1.668051358636765, 1.507236820043843, 17.74829364153781;
  -0.7950289506831194, 1.646111731060575, 9.271446623309554;
  -0.9451051736037255, 1.639556317839038, 10.85390461689167;
  -0.7931360181597802, 1.65277116944918, 9.525775975780194;
  -0.8416153412406737, 1.658914665327606, 10.66779613068043;
  -0.3985450052778117, 1.576044038339249, 12.86093478189279;
  -0.06363662507099029, 1.594457174810991, 9.925382830158062;
  -0.008204861332326841, 1.606145308672581, 7.37951117935188;
  0.04004434198430619, 1.571476115600634, 9.362230590543682;
  0.09959942407930128, 1.604311142562872, 9.554050074176649;
  0.1708564314074383, 1.601354670498002, 8.117198106844334;
  0.4108743863981932, 1.072739511048338, 13.62463458613517;
  0.266232354508409, 1.578988943381237, 7.772927879115153;
  0.3213877802188359, 1.608177540699866, 7.694288772951954;
  1.273488309189176, 1.397196000425821, 17.35366848416967;
  1.199742526699561, 1.213596160417051, 15.51250963030048;
  1.382409437073982, 1.415061835962303, 15.77340414772734;
  1.376948254813394, 0.9484103685788591, 14.95814297409857;
  1.415580718555559, 0.6033523724990562, 14.40664721746875;
  0.8634723950302283, 1.585404977470508, 9.007503580881437;
  1.334610133601628, -2.5135558084318, 12.99814864367615;
  1.422143112621873, -2.479708143881075, 13.73125134800586;
  1.430696507501703, 0.1327557325157672, 13.63374427227215;
  1.410992495660915, -2.310923234271804, 12.80249059580657;
  1.780113467040281, -1.94524298080533, 15.08653198859795;
  1.770258883288759, -2.763195878954873, 14.23299472741384;
  1.660272905113217, -2.450243538022035, 13.07908859915632;
  1.806569390325178, -1.998756499991812, 13.74215790342216;
  1.848245176655823, -3.033884723368906, 13.2764895862901;
  1.388653649354074, 1.602371353391806, 9.882611023907417;
  1.999510964948738, -2.781546140346386, 13.73371792512931;
  2.277537857346921, -1.76199431001499, 15.412873800118;
  1.923365048365279, -2.755240103118887, 13.0544480860173;
  2.355200962563934, -1.837034177137428, 15.6622479739507;
  2.006044217129313, -3.134634792719665, 13.44691570769341;
  2.108576486995041, -2.791280970600996, 14.06049977733048;
  2.01455166148366, -2.871775253607104, 13.08450168740589;
  2.194295053049701, 1.667518434566121, 14.11757477830959;
  1.946252191484326, -2.082093279822432, 12.64453692228635;
  2.014257889915198, -1.389218006759573, 12.66668678394816;
  2.03563246300473, -1.663829532017348, 12.67302407882968;
  2.230725371201686, -2.932693428821468, 13.71088652804257;
  2.107374768891378, -2.34035262920912, 12.92383343032508;
  2.149751841062774, -2.625730502118086, 13.05711676236503;
