m=[-7.047919012757406, 0.3070501016287881, 10.98462453363487;
  -8.119557927554414, -1.057825381022475, 13.63655074429036;
  -6.974634905853893, -2.267925325478514, 12.34966933356991;
  -7.987746988443574, 0.02865603788810992, 14.78510454427028;
  -11.53016269816462, -0.5379952130090594, 21.70973515749331;
  -11.62193734013035, -3.349712125737811, 21.93208141645658;
  -6.771359390255908, 0.1282850300825676, 13.24427897396187;
  -11.5259253024285, -0.4495887925026858, 21.86303058780578;
  -11.60852482921169, -1.796534670716747, 22.02168291384626;
  -11.24863486884652, -3.184652258069408, 21.43577912167197;
  -11.50118812435612, -0.8045445025970562, 21.93426825241362;
  -5.501585737493282, 1.535295994603921, 11.08412371168806;
  -11.22594189180073, -1.415391931337609, 21.74166064879752;
  -11.26848620377839, -4.179644838718496, 21.82211182627686;
  -6.156063966667366, 0.2941482912124257, 12.40592548139231;
  -5.787673168171901, 1.546263791915225, 11.75591921148194;
  -11.33754550649105, -3.53314210068012, 22.02815066619596;
  -5.974311812419818, 1.536948453127674, 12.16480734513959;
  -11.64613174964707, -3.173228140158469, 22.87008660369034;
  -11.12719944298944, -3.536041011646962, 21.91559919289305;
  -11.2583489852142, -0.852597635766095, 22.21752341467862;
  -10.64781281466315, -2.990466221324119, 21.02540617361191;
  -5.288641454992491, 1.536693917821021, 11.08007537017183;
  -11.16139661053502, -3.52080038803544, 22.20929661770502;
  -11.15555056616726, -4.238830480790828, 22.19348228298506;
  -10.94790492931873, -3.41942013749031, 22.09376336867761;
  -10.79923139043846, -0.6962515168120967, 21.93807844978807;
  -6.289980662691443, 1.517487680187205, 13.30281454955201;
  -10.99667087893144, -4.280527884735238, 22.49205862736152;
  -10.75599929298947, -3.514051602473582, 22.04928259562929;
  -10.51753082511476, -0.7805539860703191, 21.66188920827059;
  -6.527262409173005, 1.432594739158341, 13.87665673887111;
  -10.82594691344021, -1.442742854868439, 22.41106121706661;
  -6.738451623160642, 1.068467762410595, 14.37585227053653;
  -6.293413982647509, 1.500521237857797, 13.52246373807343;
  -10.65801675068854, -0.8650903551364048, 22.16358858133303;
  -10.66375020318701, -3.562312260835372, 22.1804282935395;
  -4.208323699609458, 1.701550956208116, 9.441815982350066;
  -10.87307530115845, -3.179896755437934, 22.79738962297587;
  -10.54781845858797, -3.837857154875163, 22.21269963743847;
  -10.50869781066398, -3.492102481572266, 22.13754309935639;
  -10.47484702612649, -4.199716364914909, 22.05807035213348;
  -10.33813680386004, -0.4211386527374511, 21.8661389429703;
  -10.60879533460837, -4.489701693866111, 22.38251463697567;
  -10.00337715827053, -5.088079325083483, 21.54027390778643;
  -3.940627640288976, 1.5823213561408, 9.273906139160948;
  -9.428662695229571, -4.980043847004474, 21.31663555717409;
  -8.214686825509785, 0.6253273018047172, 18.88698108356904;
  -9.333840724847072, -5.076734299725904, 21.6070380728389;
  -9.128397025750187, -5.078937123499646, 21.23398492768017;
  -4.210624542047667, 1.156323104185099, 10.58207355782274;
  -8.969936763285793, -4.913717708986459, 21.40314206978433;
  -3.944617966796943, 1.508090154757863, 10.10367061841279;
  -8.890574717152051, -5.155473698256103, 21.62058967040715;
  -3.890225964488078, 1.62877582247027, 10.15051361301198;
  -3.834321400381895, 1.47834155071475, 10.02797219394774;
  -3.832837664600599, 1.198313795260682, 10.02802313918351;
  -3.665433146130874, 1.272739084281506, 9.652205540196199;
  -3.725459359449868, 1.632470292032237, 9.807655761867935;
  -3.681882989967769, 0.798204061914321, 9.76577708028592;
  -8.733998728651741, -5.18884142179598, 21.76419324143883;
  -8.497041731311837, -5.165011854260942, 21.68058991229066;
  -8.512201595574727, -5.344447709759336, 21.99229013954873;
  -8.284968091427306, -5.154994489480376, 21.67647866687891;
  -8.328654791153742, -4.99672614346929, 21.87930085283173;
  -3.424200123515525, 0.7100511238147912, 9.668670155756974;
  -3.448577449683312, 1.523182840547978, 9.899388393862713;
  -8.005001648525335, -5.414217804419036, 22.34356182461492;
  -7.818748669580938, -0.8082610611772795, 21.94987734587428;
  -7.656737262025646, -5.017605450851296, 21.51032777486622;
  -2.554527571101198, 1.725436216167593, 7.945253571265445;
  -3.115059543461016, 1.192498784422861, 9.459386120975724;
  -7.714938698308001, -5.167033607194017, 21.82868456880377;
  -3.638105353222981, 0.1859894568662353, 10.86767572991423;
  -2.711860355149254, 1.755917410898008, 8.391949151492714;
  -7.801513455644835, -5.396961990056362, 22.38580297868854;
  -3.072524610686488, 1.201389967212317, 9.514551107843706;
  -3.058963074886427, 1.158756801327162, 9.486910634172165;
  -7.639712302152277, -4.352013405510349, 22.61062305889564;
  -3.047746655321922, 1.226050038057766, 9.671534928870056;
  -2.937048996215771, 0.7478522204825827, 9.61973175812517;
  -2.83456539857827, 1.199618057853218, 9.408549587647034;
  -2.861901860855351, 1.15145849564935, 9.543462627661489;
  -2.744375852159761, 1.209181474943371, 9.522212755519597;
  -2.243376578710057, 1.759427206473155, 8.077816411954567;
  -2.227060042485666, 1.712523135342226, 8.263608857119678;
  -2.097600947322459, 1.746756496368327, 8.000886166353316;
  -2.092973250739897, 1.755648425543275, 8.268619999785173;
  -2.492696101154909, 0.8571998953488949, 9.751933964840839;
  -2.400327271645716, 0.8937355741019374, 9.766307648030857;
  -2.469089632418056, 0.8840486809172609, 10.05558467390786;
  -2.348673148883389, 0.8920605008979221, 9.739727972107716;
  -2.36317427210011, 0.8313530310823006, 9.847605941416637;
  -1.88414555437692, 1.723654530596225, 8.165101809718241;
  -2.326941827233594, 0.8656093742190297, 9.825256557867256;
  -2.223758688096068, 1.334992132511307, 9.629696961066625;
  -3.269770892333642, 0.1580412338528203, 14.60411978717207;
  -2.152962023296681, 0.8805311959334291, 10.11621670531887;
  -2.186055010143083, 0.8041483412213817, 10.2732860079294;
  -2.642697067342196, 0.2932014192238797, 12.37943364018203;
  -1.668503320078717, 1.730706126462275, 8.253067482059674;
  -2.115175489347867, 1.105827419946249, 10.26058437532609;
  -2.164267195106513, 0.5456779276039327, 10.54588331494009;
  -2.113494037281295, 0.9673367177496974, 10.47811949238278;
  -2.235512817202197, 0.5309247810271622, 11.01829619399616;
  -1.597282505020476, 1.725128997310921, 8.252926769157485;
  -1.994178034977686, 1.045585999591429, 10.29634697920599;
  -1.534337461248053, 1.754194912469852, 8.40633127342301;
  -2.14386074360873, 0.6664237544850035, 12.3474815258892;
  -2.102512815522985, 0.6810369603168316, 12.48441479110251;
  -1.31596073089288, 1.738756319759033, 8.501580097820366;
  -2.018215541891776, 1.040268545252016, 12.6054115008354;
  -2.134814907228653, 0.9956366558141873, 13.5596366778589;
  -1.969239388237973, 1.394939447005793, 14.89488544567275;
  -1.187095269028921, 1.70777626631145, 9.541325788718718;
  -1.607208020583127, 1.658421282530399, 12.97544056548403;
  -1.542671183684834, 1.700493317705207, 12.54720988278748;
  -1.320337971772094, 1.753860364370863, 10.99670421383647;
  -1.153747554136954, 1.733300336087379, 9.808086702307488;
  -1.321376750565938, 1.630143900226526, 11.40370336566498;
  -1.255175530962976, 1.697864222955714, 11.00742605253354;
  -1.233471393709345, 1.680377190487266, 11.18355240247705;
  -1.040248329971592, 1.68587975939043, 9.801973748184588;
  -0.6671185138409854, 1.701155037587529, 8.649120412677629;
  -0.6071730281441619, 1.693700695687846, 8.301206607157573;
  -0.3200494749231091, 1.688685404562278, 9.456151878664068;
  -0.3073481989198315, 1.664377821777409, 11.6049250759043;
  -0.1152315831739587, 1.528972046729644, 14.27560278025961;
  0.4405120914650514, 1.605804047404495, 16.30382424406653;
  1.415834881287603, -6.388352471270577, 27.68480108384737;
  1.659214749411865, -6.076269997737203, 26.87258140804599;
  0.4778356099019747, 1.635009977884177, 7.996007755662326;
