m=[-3.658621912161746, -1.047111910797558, 5.872428394668874;
  -3.521639570524443, 0.1392727192104716, 5.937752391648504;
  -3.308711355911014, 0.3334802469650912, 6.990395151573747;
  -3.267117936341744, 0.06463863999098123, 6.954658437469814;
  -5.78327118613305, -2.699798048342577, 11.54629473061654;
  -5.741928186715682, -2.581615187794367, 11.50640368371827;
  -3.298623667842769, 0.1329877234606994, 7.044314083838335;
  -5.670993276835405, -2.634107112019333, 11.4963567502129;
  -5.705481894621585, -2.711645588183723, 11.61821415673511;
  -3.659306357270461, -1.093540222523218, 7.835057514137189;
  -5.562430291040218, -0.451853278962482, 11.81549030872516;
  -5.578113274850424, -0.7638533494245184, 11.91952859090717;
  -3.331820000715676, 0.5106179332199523, 7.535064964696209;
  -2.121510862276954, 0.8340635480011607, 5.195483447156292;
  -5.62376558659436, -1.611748505144393, 12.13253255331245;
  -5.556243008358861, -1.618654746235313, 12.01954073734324;
  -5.542919397608072, -2.039862916917988, 12.046513995526;
  -5.466519184671713, -1.826450533800701, 11.88860233426643;
  -5.478651027840546, -2.212027555600442, 11.91863896578576;
  -5.437981265885312, -0.2452794499597765, 11.85805996737068;
  -5.490094052150972, -2.330529062801383, 11.96180301301571;
  -1.843899650065762, 0.3811004465132729, 5.322371392144502;
  -1.764125119084059, 0.3869006889091465, 5.324362707135276;
  -1.70950981357541, 0.3375607670655466, 5.258555463357344;
  -4.105953111974401, -2.769926503759247, 11.82674860820593;
  -4.13469214504428, -0.4422721839618921, 11.93426252371297;
  -1.796139855439068, 0.07783436269942827, 5.793691640036879;
  -1.747981372958194, 0.09463259538276918, 5.731103675381157;
  -4.030125588096745, -2.778335815481871, 11.9211998448809;
  -1.531872267766421, 0.5633410352378484, 5.184472058904079;
  -4.120014580631548, -0.2247117909263605, 12.39366723444747;
  -4.101614316612928, -0.916580378238622, 12.37419271871068;
  -4.094011273260956, -1.639514514220726, 12.390138562133;
  -4.122384976571775, -2.344252168536019, 12.523337557481;
  -1.513954149853465, 0.5868599722486262, 5.229112253044026;
  -4.130516796797551, -1.984586837788699, 12.55160720424361;
  -1.34719528895383, 0.8667080459180446, 4.769781476520326;
  -4.162927787133369, -0.3840965265008777, 12.93146309540937;
  -4.146312744948817, -1.778394674752738, 12.93520291796034;
  -1.484358608329083, 0.3594681177120164, 5.276741453844531;
  -4.167266112239506, -2.000952405860315, 13.03299204160528;
  -1.428171488348858, 0.5832394106507383, 5.157408747451527;
  -1.448561068899997, 0.5606465244384093, 5.242153271648036;
  -1.429013517457049, 0.5714959402478975, 5.221832378113575;
  -4.171914703715747, -1.672603735744844, 13.36286823788714;
  -1.208597223851776, 0.8662761519332807, 4.591574629192598;
  -1.404125788900401, 0.5964467847527849, 5.275413495928921;
  -1.134894726190965, 0.844535661895919, 4.620796173987419;
  -1.258367053278727, 0.4126594187781787, 5.32373868710154;
  -1.190033253193613, 0.3992709758918501, 5.356109194708655;
  -1.155623269923246, 0.3900638272756855, 5.470621360902495;
  -0.850579058673805, 0.8494918773079238, 4.595204090667295;
  -1.093359678250568, 0.2655146665626351, 5.709740221946049;
  -0.7784004926048863, 0.8539485888225818, 4.641976226847601;
  -1.033643405069899, 0.3308427088809151, 6.512322923102538;
  -0.6727860649574904, 0.8487456599790079, 4.698704329329973;
  -1.042378203968158, 0.4676709342163362, 6.958761805926278;
  -0.6195293965242246, 0.8442770565465863, 5.266315775972875;
  -0.8363456725702819, 0.8192007991040551, 6.982048012983354;
  -0.7069171289508665, 0.823590272445856, 6.316110345773844;
  -0.6551491356873008, 0.8400268886153307, 5.998031962276322;
  -0.701189888175941, 0.8041485202430609, 8.673309160372911;
  -0.6127385866029679, 0.8249281028325001, 8.502428105772623;
  -1.508003205089891, -5.44944816966544, 23.57828930944703;
  -1.499815336195318, -6.036258504553288, 24.91102195353698;
  -1.313239851504177, -5.760323458539078, 24.80032195204646;
  -1.040227514360511, -5.318738513595587, 23.03485648590501;
  -1.067320842348965, -4.581759526944899, 24.05644693358597;
  -0.5220047723109604, 0.7675258848569139, 12.82058564182509;
  -0.9456112917312414, -5.428415951794964, 23.43589909944661;
  -0.9841443946479125, -5.185197442839868, 24.83372866108036;
  -0.7805261574116302, -4.323853068060898, 22.12288207639493;
  -0.7626061929069031, -5.373932160091447, 24.51893201198062;
  -0.6280900131554464, -4.415545693414578, 23.18995278067488;
  -0.7012230627955947, -5.567448144875558, 26.79617017005011;
  -0.6151813357210252, -4.194958652848968, 24.42973460862867;
  -0.584128300010247, -4.958060239526178, 25.45231371219082;
  -0.5328736193461587, -4.068942837140855, 25.50294542627377;
  -0.1527155981711803, 0.7871395471054404, 7.983825675176622;
  -0.4273681611575279, -4.106176601558556, 23.06289085942121;
  -0.3634114503100711, -4.214009453872324, 23.01943391869591;
  -0.3176986444785306, -4.231660881275382, 22.64199663510758;
  -0.3409207044872478, -3.730122952300843, 24.53964207760167;
  -0.3215026896296922, -4.839097581831847, 23.7328368740277;
  -0.3014607116362527, -4.375816112386339, 22.79060124581708;
  -0.1017493151696422, 0.7954464127176137, 7.970473781513748;
  -0.2700290545700843, -3.601887997686005, 23.136916905542;
  -0.2579527710973625, -4.278537749384923, 23.33177099372507;
  -0.2162299398877956, -4.12886195877134, 23.22592420837616;
  -0.2205271105880191, -4.927151205033957, 23.60096964021757;
  -0.1964047884085528, -4.429199229190908, 22.69983458369214;
  -0.09293625103700935, -4.443465879020893, 20.24935200221734;
  -0.1385424082598976, -4.25516185123182, 23.31822407442092;
  -0.1716626841402967, -2.066930197776788, 27.33119672477446;
  -0.08411667509832284, 0.5138727484040258, 20.88110605169092;
  -0.06947609528324315, -5.106378977865624, 22.44113698908346;
  -0.04095702407098009, -3.56788173903349, 26.07606129037486;
  -0.01658106199569751, -4.555127075186024, 22.46748589116395;
  0.02782602695029695, -3.699984668662948, 24.09584789173891;
  0.08198837579161085, -4.545424334735813, 26.74822102243085;
  0.1096522352030905, -4.719754546594852, 23.04071627061374;
  0.1067519287041539, -4.343656003172386, 21.97186691575556;
  0.1139996229999524, -4.823172473339435, 23.53929027143911;
  -0.1698760022164084, 0.7369889481448508, -31.19939615637937;
  0.1469381123792307, -3.110224045732305, 19.57380553847838;
  0.1866133222505623, 0.2835725261703979, 19.62307602485059;
  0.1948658446007421, -3.970906471446413, 19.939866794009;
  0.2630018091073182, -3.209832707024436, 21.33794965929053;
  0.1536251436217184, 0.005979012627651793, 9.411820134745286;
  0.495282430471691, -3.277089648262411, 28.56103704865054;
  0.3935899506853492, -5.040265533333003, 22.65002259830861;
  0.2060254875296959, 0.7920118445902696, 12.05290036569055;
  0.4222652048764555, -2.760983991566723, 21.70460697000492;
  1.167253361170894, -3.49607108658946, 59.4925723025124;
  0.6900235392982085, -3.107325149036464, 29.96550914484212;
  0.7144531146860279, -3.46879141730301, 29.88270452184879;
  0.4854094783346033, -2.886496669778067, 20.2098576907491;
  0.9701612339876347, -2.588654307987567, 38.49482648647809;
  2.025816953896707, -3.866565722157382, 75.63555793598;
  1.379011707398997, -2.910259009847704, 50.49789263957462;
  -3.804624877003887, 3.020602890744231, -131.3490834997089;
  4.809707648633997, -7.107970392918014, 164.907780654129;
  1.457440273866651, -3.432959759126047, 48.27259398076849;
  0.9456218799168523, -2.996852482200347, 31.21340374345602;
  0.473956757357893, -3.447700999920706, 15.98454284689093;
  0.9122245879396269, -2.383427728677888, 28.74640810192493;
  1.97355131867931, -3.057592880165747, 61.38528638690983;
  -2.636681904087544, 2.549621178548801, -78.89953281198606;
  0.5096061210255711, -3.351535447338151, 16.16575908421795;
  0.5389012346321352, -3.306695875220526, 16.41601039339896;
