m=[-8.902605679263917, -0.03125925817215821, 14.14611765527515;
  -8.309003422626656, -2.541668635750889, 13.51620354853747;
  -8.45242253331228, -1.860074020785649, 14.00334694935434;
  -8.537268483112797, -0.7469632081266475, 14.15487796484652;
  -8.479658776822705, -0.3387922926444855, 14.07806756026763;
  -8.524433827205519, -0.5419632337892435, 14.15568778636896;
  -8.255373025908765, -3.488219350246662, 15.07202642692613;
  -8.517609663121123, -3.608344604507052, 15.93360914253581;
  -7.70790968947246, -2.317208195179987, 15.24671147532602;
  -7.069432386427106, 0.160145073464857, 14.6679385963093;
  -7.330449090205629, 0.01073052551448423, 15.48173918248121;
  -8.551118311851711, -1.301480465724989, 17.96251832280215;
  -8.701847992981591, -0.7753136284090203, 19.36223889705053;
  -8.169176372727781, -0.4028505202943947, 18.44851493954448;
  -8.544150833584926, -0.6155782006072927, 19.31218612298448;
  -8.929016734116305, -0.259936010149092, 20.34532680310376;
  -7.841201398170371, -0.7833487936602929, 18.06105799223259;
  -11.88058578754073, -4.668920227262741, 26.923995596303;
  -11.57631314738408, -5.723746356521441, 26.56618686119535;
  -12.11016837249698, -6.427506253347301, 27.78713241118679;
  -11.12729834211171, -4.478069814163364, 25.91976601078858;
  -11.93151177201715, -6.44373569834157, 27.88529349169926;
  -10.76819845439672, -1.649141702984048, 25.44962952499768;
  -11.66061795452979, -4.560866531457728, 27.51857051347564;
  -11.73382194614828, -4.101651576278601, 27.73994243703822;
  -11.03529504802519, -3.349257634026654, 26.27698765988829;
  -11.10823085377888, -3.421955996240319, 26.49746615605719;
  -11.18113849081983, -3.472144875328862, 26.67334304597529;
  -11.02145738282157, -5.662813710381252, 26.3355618634514;
  -11.32906121111633, -4.159417118656054, 27.08739987838436;
  -11.48651748250145, -2.026463749836659, 27.49451537230731;
  -11.29778442119904, -3.926130414841632, 27.06041673969987;
  -11.30163278703315, -4.690980128798154, 27.07872072434429;
  -11.29844995474383, -4.930068835212015, 27.15808693895768;
  -11.42400167831388, -6.374197850784871, 27.48770928748827;
  -10.89437803788745, -5.694220064270105, 26.54339832774831;
  -6.744792571371704, 0.01886075413838442, 16.98424970284865;
  -6.733031423399931, 0.1601911221505333, 16.99271954393868;
  -7.064207367696056, 0.2554537268885602, 18.0854952028955;
  -10.51542828035154, -5.429738663869224, 26.45297225015734;
  -5.623951360918146, 1.451189952236441, 14.89723008001186;
  -6.919348362449982, 1.294788247238206, 18.13241156891809;
  -10.92735481157696, -6.52646559058383, 28.15863613585861;
  -6.431958947007401, 1.344611054121518, 17.00542851914181;
  -9.976637295566848, -5.649622797799733, 26.47893273465276;
  -9.965074357378219, -5.926391108430329, 26.77275418249081;
  -9.622818624152611, -5.370373701336198, 26.23240653403327;
  -9.561854583271357, -5.521595875958216, 26.52102445512404;
  -4.688088881741568, 1.383188912760216, 13.68645940526668;
  -4.613797634890653, 1.443682374248223, 13.5225361392416;
  -9.368305245755382, -5.649328582197759, 26.60727003045469;
  -9.241715346909565, -5.693799041015203, 26.8526237560407;
  -4.385612979808442, 1.584920975974822, 13.41174057985404;
  -9.250919500812735, -5.733582252816957, 27.64755904562826;
  -8.796932988681578, -5.665848499717909, 26.8475375683923;
  -9.760236856351753, -7.398349339908185, 29.82949382793973;
  -8.615970339354165, -5.685908539501529, 26.9533944612533;
  -8.609810159531909, -5.506485657354462, 27.07525688856533;
  -8.74508063626558, 0.2992522169223764, 27.82553084089064;
  -8.772592887620876, -5.93914938864112, 28.04997726695298;
  -8.317627321667764, -5.623439688856848, 26.70213048248543;
  -8.938303394661778, -0.661624198244682, 29.20035449077134;
  -4.396064953222338, 1.399135795443019, 14.87528041902763;
  -4.062404886542787, 1.100974266937371, 14.14112663995312;
  -7.898351750422029, 0.3014360694960067, 26.75177500485222;
  -3.954189955704601, 1.497462124530875, 13.91234542030634;
  -3.940500575011042, 1.346097614019438, 13.96963067034819;
  -3.877261717348114, 1.444697942853535, 14.44328452379514;
  -3.745015648910248, 1.424026598916599, 14.24263255856019;
  -3.549845466152631, 1.318351869218838, 13.75435467483679;
  -3.574296980710016, 0.05111975192853636, 14.09689810217922;
  -3.492157545661791, -0.01485550070399067, 13.8000694321029;
  -2.816663368153681, 1.610036348794917, 11.81372290661877;
  -3.232650703235655, 1.043286685564723, 13.48727270831485;
  -2.59076331787254, 1.623995727248395, 11.11194711244718;
  -2.773930808597968, 1.590362715236452, 12.02958754803797;
  -3.097527611356922, 0.628231611936722, 13.60581826226635;
  -3.026373891642997, 1.029039220717308, 13.51067755899159;
  -2.673303234695179, 1.628976551975714, 12.22360914355594;
  -2.344386665204777, 1.681097909793937, 10.89488418149147;
  -2.90820146214746, 1.088986030431243, 13.47192478360189;
  -2.652813132317044, 1.619367830006335, 12.43846447597516;
  -3.486451977168696, 0.2192371485308908, 16.05859363734708;
  -2.294801066006203, 1.677364939244816, 11.24042769159969;
  -1.958312612082804, 1.648860239687269, 9.858328402162972;
  -1.844784096760726, 1.659698446927725, 9.674555108720668;
  -3.577380626489791, 0.4409330516510772, 18.01578279511343;
  -3.90857433350984, 0.371181075930268, 19.59688493672101;
  -2.018432698533179, 1.664250095454618, 10.64427363506493;
  -2.271647314244309, 1.642440979232364, 11.98447928122585;
  -2.541105092157108, 0.7382862879586678, 13.66151908752409;
  -2.071868875541577, 1.660537700953911, 12.17881618008373;
  -2.559938854979786, 0.1312716734846933, 14.96761221694693;
  -2.532605153432864, 0.3406167786025867, 14.91814693807398;
  -2.000763086466988, 1.622483225890143, 12.05578244748283;
  -2.320369295058582, 0.7681070303436807, 14.12536629240609;
  -2.180451188475031, 0.7574352706393605, 14.11484819260484;
  -2.505808243488243, 0.5661418829868183, 16.29299172079389;
  -2.196165411945002, 0.9631008996283312, 14.43496299877023;
  -2.185890714875474, 0.9100162919630448, 14.49795549196501;
  -2.355661744127489, 0.9982507676691328, 16.1728370459981;
  -2.400834362403804, 1.025699465072919, 17.76884902248171;
  -1.336406980445049, 1.579613563912921, 12.23022724091207;
  -2.07530493634734, 2.077390748523433, 18.41540272971844;
  -1.777067314754959, 1.617865812760839, 16.78712222814157;
  -1.574448578666673, 1.572118554734067, 15.72630892947787;
  -0.9326260063871648, 1.682337314146408, 9.794216699395129;
  -1.669568108400453, 1.588962999772791, 16.83461045835895;
  -1.472641389009948, 1.69683772645818, 15.47356684878798;
  -0.7971717642789938, 1.676513339212077, 9.149108692012403;
  -1.477763652848787, 1.534537234784202, 18.47853635614032;
  -0.3030049237056028, 1.643372248499007, 9.255439341017802;
  -0.3918908384652009, 1.614136933781726, 11.73529963324571;
  -0.2039997331255484, 1.642820716039245, 8.378656658807197;
  -0.06085149023206864, 1.648804264788, 8.98223897745785;
  0.1076852742597384, 1.662017407207713, 8.639452044277846;
  0.3391583653732301, 1.62522490684075, 12.02950680213162;
  0.5415296010137152, 1.560511467596122, 17.47524671264583;
  0.4022744951699203, 1.662077348215574, 9.326523384637225;
  1.167375357575083, 1.586078850810737, 17.36318739887643;
  1.231198313659731, 1.483763013830703, 17.77024104195506;
  1.147804305005758, 0.9406647015392137, 16.17967272332112;
  1.164235492055992, 1.110534623721952, 15.70146666029358;
  1.17420094411765, 0.7635068192168714, 15.09197964623443;
  1.306893663172086, 1.486236603199444, 16.61350889033602;
  1.242840817806193, 0.8357038175200366, 15.45329157480562;
  1.210933772642482, 1.455639185771796, 14.85470271824819;
  1.26114780779704, 1.333217004396797, 15.17470043180089;
  1.269712090825466, 0.953415695731074, 15.25817103120689;
  1.367736089878022, 0.8982392620592116, 15.90966288236736;
  1.331682176000145, 0.9720258396785546, 15.33174104170957;
  1.360590873103075, 1.255866833541449, 14.55199088633004;
