m=[-4.134525524049609, -0.5386507586801884, 6.943809948191094;
  -3.38908414140269, 0.06420701309368336, 6.628798332511914;
  -6.090669031356204, -0.2375771544141433, 11.55312739226978;
  -5.864629281057855, -0.7394256129864987, 11.35822551806458;
  -3.635754573456024, -1.187823542660613, 7.453122471915173;
  -5.879069516835473, -0.4452234317075647, 11.60191115219106;
  -3.36434567631928, 0.5334600732900336, 7.177514826039328;
  -5.665223745829857, -0.4204421218551045, 11.66808551957736;
  -5.62416038841732, -0.4565020886691438, 11.69556962426981;
  -5.510108252797705, -1.611464546126743, 11.552949025417;
  -5.539813471364956, -0.8555393668363351, 11.66226296525896;
  -5.476984799377354, -0.2231127371628563, 11.58434182908138;
  -2.045755003346271, 0.5618059155474272, 5.141358416195033;
  -1.798721906357708, 0.6245656599660853, 4.736584424720604;
  -1.497397181695823, 0.6023741731944706, 4.751749663927707;
  -4.097104955405505, -2.592322308271895, 11.3332774261723;
  -4.167018936769911, -0.4307644726940667, 11.69823438830875;
  -4.167760060107503, -0.4874475026357982, 12.01398203635303;
  -4.123383005779206, -0.2056304845463783, 12.10044525469998;
  -4.122148081950844, -0.9128578455468788, 12.11066424624338;
  -4.192540998302836, -0.3759738977650792, 12.33148357829321;
  -4.204661174843053, -0.8202425128487838, 12.38529010360446;
  -4.05146270473422, -1.955892398563031, 11.95835274868415;
  -4.347850938855501, -0.2919478835226161, 12.82530005804141;
  -3.955132227332, -2.253067627830127, 11.70567691601428;
  -4.282347434727487, -1.771029919667479, 12.65374711248962;
  -4.294874089168313, -1.852266215588496, 12.68691981542404;
  -4.281762098424954, -1.781420177005925, 12.83830235572916;
  -4.221947113309058, -0.3745284306739001, 12.81288218276015;
  -4.262006964616421, -1.837767355117666, 12.96767423263878;
  -4.248962079923166, -0.2221678548512706, 13.19741292711251;
  -4.116097447194734, -1.649752211015053, 12.87272439513442;
  -1.227953588261453, 0.422274374667385, 4.804004105862268;
  -1.062136671209879, 0.4343989644151325, 4.990707973646643;
  -1.07672819517403, 0.2714760966038539, 5.246602607055886;
  -1.075406710252505, 0.3342925045767988, 6.193762597335714;
  -1.084861436483499, 0.5954234499482852, 6.743681396755807;
  -1.065868456127038, 0.4971005690482988, 6.770043137011422;
  -0.9946489846577061, 0.476283191621513, 6.511739704496819;
  -1.147649699714582, 0.0745114956631177, 7.964051912878099;
  -1.017440970657378, 0.7207191535203683, 7.695695503651161;
  -0.8099275387027998, 0.8357356672503705, 6.538771898969255;
  -0.6226493519920987, 0.8422519656536603, 5.460404963003633;
  -0.9999600643573186, 0.7185573880731503, 8.238858274491507;
  -1.130332151239153, 0.8316060618118968, 11.65110863914939;
  -0.5773440445866078, 0.8272800941131955, 6.742862838982127;
  -0.673746450672855, 0.8288705059252342, 8.347315465226584;
  -1.679953513883129, -6.185258310481153, 24.81526017796974;
  -1.605386309533959, -6.280555909806545, 25.26448965732205;
  -1.361083429396605, -5.223852231484334, 22.13800367136103;
  -1.056984446115044, -5.173299222771143, 23.7757446952109;
  0.5157049045928903, 0.04236163866288264, -12.0446913606765;
  -0.3422298840503694, 0.8661375882348388, 8.506157077014413;
  -0.9817053967442637, -5.437211205565141, 23.10245000646296;
  -0.4792870243638073, 0.802582649323567, 12.79672408193087;
  -0.300277036788044, 0.7834409592757806, 10.94934586117092;
  -0.6800738282558227, -5.435223417944906, 24.30911148812648;
  -0.5110079772159687, -4.221191818132534, 21.70673384867059;
  -0.5802892086568352, -5.396942354256467, 25.4937563962859;
  -0.4668526148888209, -3.78094833813164, 22.80698385198207;
  -0.4308036394830628, -4.420871536291393, 22.2944920116629;
  -0.4458730914382132, -3.84125232740021, 28.48188487838014;
  -0.3224440279414338, -3.940694458693768, 21.66464695290089;
  -0.2906202889472874, -4.481797614248164, 22.18293679292508;
  -0.270706320438603, -4.199042959963876, 22.45619314379995;
  -0.2288741924368729, -4.11354527478605, 21.54445004043247;
  -0.2300661481596687, -4.875255353092266, 23.40977965794597;
  -0.2316644500589633, -3.628996734832168, 23.40337920868122;
  -0.05883970581134838, 0.7807257606409296, 7.289427470610058;
  -0.1806214589076384, -3.564385878998376, 22.4269889786564;
  -0.1129917575863328, 0.01000226959183587, 23.90020301394691;
  -0.08859985558489325, -3.483687441636295, 23.13503596756109;
  -0.04819968877686789, -4.754902765489782, 21.14749135359036;
  -0.0298971348505068, -4.297162788086117, 20.4756987452914;
  -0.001051734189630816, -4.54270889488718, 21.32022147909803;
  0.1247285376070976, -0.4524054392158146, 32.66158063746025;
  0.01163739057397178, -4.26627541523981, 21.49656925133684;
  0.08794018696956858, -4.025910675090904, 24.73636631220684;
  0.06593013749743859, -4.250434205545638, 20.5327574123088;
  0.05422028954043552, -0.1745998838308146, 8.972773784896839;
  0.2434328015475065, 0.2130114866719234, 34.93082900376152;
  0.2467285874923262, 0.5021436927392992, 33.70923280396864;
  0.1884897696000124, -3.635406279806817, 25.0715213961055;
  0.3136089626688585, 0.1017784258278134, 29.53111239781445;
  0.3275322073787505, -0.7454773134916282, 31.51263905710458;
  0.1823990726072155, -4.476589459322405, 21.37432895759167;
  0.1710406480353091, -4.681009843488281, 21.0401880939741;
  0.2095617744509, -5.011743231722821, 21.50136739584134;
  0.3826559746786358, 0.3954562223548479, 26.72894830287081;
  0.2443228087894768, -3.56411955589173, 18.7400345487116;
  0.2931903205295178, -4.904378280718245, 20.87624304688607;
  0.4532515576068503, 0.5067594787534969, 26.66365799735208;
  0.3868666757043102, -3.104246744065886, 23.2043896949973;
  0.3292758560897811, -4.717873801992744, 20.8408314218671;
  0.5184317042721537, -1.86013540933774, 29.924830870842;
  0.5818345820905324, -3.373234293342102, 33.07604346639264;
  0.9593828553576094, -0.7870330702587337, 47.96074191714214;
  0.3211211469771008, -2.8843161470043, 18.76953669825291;
  0.4300481854373531, -2.931873885065437, 22.33971589234754;
  0.6599645656996899, 0.03034279217499131, 31.41640193250283;
  0.5907414822199519, -3.185274362153745, 27.22437662659906;
  0.4284068958797687, -4.555503330955488, 20.02613075663932;
  0.5063771413741366, -2.768664508193826, 21.23378903527736;
  0.9088500021838973, -2.178651243186858, 34.63367823421758;
  1.119276067775755, -1.832581724514867, 41.89095563737008;
  0.765063137820447, -2.950006179444399, 27.93430354419537;
  0.7106598025844662, -2.934099136198273, 24.81092115402927;
  0.5255733271866759, -2.643274004758168, 18.08828517190893;
  1.069055999537113, -1.947051706333923, 33.23854607683623;
  0.7144799025387628, -2.122725989388628, 23.05322235554251;
  0.8245292192007024, -2.309177759253325, 23.66261115444337;
  0.9562788507611055, -2.190137150249357, 25.81707171264117;
  1.527252698853711, -1.302093237436894, 39.79544430131625;
  0.5483422873102302, -3.22153099072384, 15.05506451654025;
  0.9563342595215426, -2.559379653411621, 24.43366080757012;
  0.5864052632488649, -3.217093482139752, 15.47563203242981;
  1.05110365922631, -1.433316424032885, 24.45289899756872;
  1.050732412632246, -2.116482855008581, 23.8786890881093;
  1.400235670654274, -1.26275209688991, 30.70605397144684;
  1.142743039427617, 0.02485334979463456, 22.67053013342171;
  1.59855985559594, -1.085783095316024, 31.11980131829687;
  1.475444661907876, -1.409922034587661, 27.57455079285511;
  0.6975745642769146, -3.040390274779675, 14.12762512951382;
  0.6224078807580821, -2.329828707604674, 12.61933025585526;
  1.29874159431012, -1.468236043426613, 23.23144964786631;
  0.6529784011831724, -2.038025450883471, 12.58704320470561;
  0.7057344962558223, -2.974050932206696, 12.92540837439189;
  0.7099100465610351, -2.449294318047149, 12.86164047060705;
  1.182162771578738, -1.837119659738339, 19.73715673800196;
  1.312068571075113, -1.527570905891373, 21.53635832997255;
  1.137767000988678, 0.5886309317430298, 18.02492020790496;
