m=[-4.092273888280748, -1.251799242544718, 6.656876166369682;
  -4.135037123741792, -0.9099728626370787, 6.850622914792382;
  -4.198321167072382, -0.2669192772581214, 6.971738519256379;
  -3.688487846657194, -1.10886019821553, 7.296052009410317;
  -3.513366084475525, 0.00514296790650389, 7.420148029552649;
  -4.18660979588825, -0.6372021375741589, 8.794411727976778;
  -4.13192770976494, -1.230142852540869, 9.370211929509583;
  -4.245154421968638, -0.3058495304300589, 9.595244034739341;
  -4.081681849473556, -0.1188233963764798, 9.30036907832665;
  -4.19045561632434, -0.4186333426789183, 9.652100240400715;
  -5.754853379177846, -2.261584725489923, 13.04175145983496;
  -5.580542374958045, -2.759221237315745, 12.80664488187722;
  -5.570327645837586, -2.241722592394435, 12.9754397468718;
  -5.278709993792941, -0.8084305676190583, 12.47573717004453;
  -5.579879252637685, -1.950491548027825, 13.19139918640088;
  -5.452063836714628, -1.654723896991307, 12.98232748057888;
  -5.409586233593604, -1.679870715673819, 12.90492461603057;
  -5.377941160983483, -2.763180755705507, 12.85048766452914;
  -5.510382232105981, -2.023113633111117, 13.17513642324924;
  -5.46889763907876, -2.159075566753555, 13.08574401985081;
  -5.479801249755347, -1.904303848600814, 13.125202246811;
  -5.468763784025887, -2.269925304013614, 13.10316217183698;
  -5.510252074229582, -0.3467133944226833, 13.19367722377845;
  -5.415216349388137, -2.362924955811282, 13.01655687275933;
  -5.488658381059133, -3.062481557811116, 13.20646216669299;
  -3.297211259918002, 0.07844668151376684, 8.32145027902023;
  -5.2786054548755, -2.758995601950509, 12.86095697400224;
  -3.238081355461956, 0.1170945170726064, 8.290003644087854;
  -5.077829303410321, -2.621984132474481, 12.77396165642989;
  -3.398118253393941, 0.6358754244976634, 8.90489616981435;
  -5.488603907959623, -3.358016598731957, 13.91126972636855;
  -5.243097458433815, -3.131489343998668, 13.51090690314801;
  -4.85628781502524, -2.750044282419189, 12.88904413226551;
  -2.2711945326204, 0.7106691222079817, 6.656622716686438;
  -4.629540458743186, -2.583688137538363, 12.62041737695129;
  -4.602812122321761, -2.657943415797821, 12.76648706538612;
  -4.643696620617875, -2.736695914100954, 12.87583135479824;
  -2.171918369751925, 0.7849117097594921, 6.641991865183839;
  -4.545763407469695, -2.741212041245414, 12.91059068895162;
  -4.453918810905032, -2.744048880792562, 12.94125620404216;
  -4.292717508227258, -2.610116824088344, 12.84430487716912;
  -4.53073682548093, -2.808083267017886, 13.540687916664;
  -4.23046951978023, -2.724722288164377, 12.91105542242632;
  -4.124430540228644, -2.721821675981397, 12.90248212334904;
  -4.102698487822434, -2.623919687083125, 12.90174968273169;
  -4.30164123475572, 0.1471999778443512, 13.68717520428215;
  -4.039872872722579, -2.731305524019212, 12.96922889284512;
  -1.940990120322537, 0.7350580578655336, 6.829142078106684;
  -4.163757609753704, -0.3082064535741495, 13.60249175375587;
  -4.221142320530297, -0.4682121633039231, 13.79428619927097;
  -4.193215554524058, -0.6317475311904119, 13.72242526242401;
  -1.94113359674758, 0.6631023783234862, 6.881592557131474;
  -4.04773655185926, -1.668309425393493, 13.37340221090647;
  -4.206511559896108, -1.863165337642293, 13.87146338302672;
  -4.181423077839619, -0.8305565225525661, 13.77968770735042;
  -4.16097610160973, -2.043330568666532, 13.74895801406649;
  -4.08303455196211, -2.357814714588248, 13.53360001939679;
  -3.888505987184272, 0.1484026032299569, 13.17039814903358;
  -4.173267666912341, -2.048301696830992, 14.15070382965863;
  -4.205502290146148, -0.322667486664057, 14.36952079971668;
  -1.800472041117485, 0.3320538210856069, 6.734860504921901;
  -4.159742488930959, -1.716461724975619, 14.38177990926153;
  -1.840543801307417, 0.6998591128171925, 6.999754214000451;
  -1.747904769845174, 0.6491419253355262, 6.772492597641375;
  -1.317640930264647, 0.8259508794321534, 5.651444973491321;
  -1.617675830407105, 0.5220791883683325, 6.749270824871984;
  -1.378563891979452, 0.7903645640979377, 5.978359293508342;
  -1.499469655401221, 0.5098554048276011, 6.694100514004809;
  -1.321285159464469, 0.8051247293263129, 6.041541844883988;
  -1.440387135526227, 0.5393579122412947, 6.672435662262659;
  -3.145424155854869, -0.05902569562671745, 13.68671114786546;
  -1.125527745743935, 0.813776364526827, 5.937921729632691;
  -1.32703328593313, 0.3662372238100648, 6.838652231321821;
  -1.855838275624806, 0.1762412555373892, 9.304837530344102;
  -1.248132426692404, 0.3626292588321675, 6.710224234189922;
  -0.9948449915390392, 0.8067518448589415, 5.994530221037464;
  -1.236084223089384, 0.1662442428419974, 7.281074210438018;
  -1.34868034055865, 0.03746332390667857, 8.007897969022968;
  -1.133473886847446, 0.3752115075184702, 6.900080029801117;
  -1.073102941791125, 0.4467474761376744, 7.117372603538758;
  -1.231382151356831, 0.2782084429872643, 8.006558063382135;
  -1.15508706038095, 0.5321776699324986, 8.479854796889217;
  -1.134845500796439, 0.4848357893136226, 8.399121023619779;
  -0.7330717177508538, 0.7882427291043634, 5.970932012677645;
  -1.093195095953981, 0.3879686769578738, 9.190491789704469;
  -0.6697375498748756, 0.7916200180964711, 6.129152680730265;
  -0.8537077841453193, 0.7772269663555063, 8.064577408278725;
  -0.6828424112106534, 0.8075353557870766, 6.760875271793845;
  -0.7156141800944466, 0.8245599692054374, 7.519212712795223;
  -1.122748513938521, 0.7254053686254033, 12.77992229111778;
  -0.7031047937322619, 0.730117081887536, 8.79189812803414;
  -0.908616067967272, 0.7115988978927288, 12.08905961192865;
  -0.6978372299225051, 0.7715255108775077, 9.880615950272942;
  -0.3447413548554875, 0.7559759752200398, 9.55990433795426;
  0.002102337470199288, 0.7973242608181719, 8.476815408853556;
  0.4256790562709924, -3.142727667619602, 15.22769537892941;
  0.5085074387845091, -3.838135086464645, 17.33940995288841;
  0.5271073403113084, -2.838910843759531, 15.63056361226574;
  0.4973093995589848, -2.963194429703075, 14.31625143141915;
  0.5764775822891743, -2.997815937203767, 16.03760756480438;
  0.4902689396063198, -2.130685555974559, 14.00295525742588;
  0.5274618772204384, -2.237533262569366, 13.92232227602267;
  0.6526825690880146, -3.209418667634324, 14.702153061359;
  0.6507165427900434, -2.660135010891639, 14.99824517952448;
  0.6327961942270224, -1.944746712371965, 13.22007026113522;
  0.7752203334133652, -2.302881082712747, 15.1534645101779;
  0.7779048589891737, -3.099876954762687, 14.76753969974242;
  1.064678836825128, -4.1275903553655, 17.91921365227971;
  0.8276262078940421, -2.084434276105262, 14.43655777678224;
  0.7991931944221409, -2.157015386964499, 13.73246875492405;
  0.8513434902832631, -1.952816016733156, 14.54858557259543;
  0.836208944894042, -2.093590609358086, 14.08644259238903;
  0.9163867544741143, -2.051642473150157, 14.19319831948117;
  0.9965642876894781, -2.444367205501488, 14.58183888665145;
  1.096529185807926, -1.966753225144556, 15.97372931738335;
  1.043384822452375, -3.028265189776552, 14.78727322336872;
  0.637037266194511, 0.4431588576567974, 9.566517928398222;
  0.6461931005419763, 0.3766090114049196, 9.540077704319543;
  1.087947007207458, -2.553934435412625, 14.82391358565933;
  0.6007810496201992, 0.8162636898125427, 8.935835318571275;
  0.6408518311064875, 0.7723144466589004, 9.24959966610863;
  1.133085453172794, -2.815683511900073, 14.93814100874447;
  1.144918152022979, -2.692449655818378, 15.02796162369056;
  1.098702569671097, -1.925903981579607, 14.38009437664996;
  0.6562216433860246, 0.537795975870809, 9.250227915718231;
  1.097933621937683, -2.385938209815202, 14.38500873550169;
  1.070318007992148, -2.155505441747795, 13.88817779585317;
  1.194169547828621, -3.386429153904994, 15.02588055004287;
  0.6628133299917377, 0.3121213370714738, 8.875332926394275;
  1.202167768589658, -1.871417081960474, 14.90861477100397;
  0.684839458870328, 0.7788188892261528, 8.70582416841741;
