m=[-8.147379336967832, -2.386049618859143, 11.38755286492201;
  -8.273470471028805, 0.5540481028122282, 11.80517211391079;
  -8.425119269236204, -0.414707973984489, 12.12853425953121;
  -7.389526828404779, -2.115561987335695, 12.76495312167201;
  -7.170380312136276, -2.009052182373432, 12.97868159847776;
  -7.064628167517221, 0.2737330766015529, 12.79592693606592;
  -6.870200794167819, 0.1156655870435107, 12.72634490629159;
  -6.94548839559382, 0.1061360731220176, 12.8818594116169;
  -8.368673664607131, -1.141516322575302, 15.78705731528494;
  -8.481509609394324, -2.362538975712951, 17.39541527109785;
  -7.78448609380576, -2.046853091038728, 16.17781443751043;
  -11.00966247053083, -4.411128381523315, 22.70081961146772;
  -12.06109073612775, -4.498425499932483, 24.91101183911052;
  -11.51530438751943, -5.331282417386754, 24.1434438584781;
  -11.54235235545781, -5.468695827593466, 24.30389478347873;
  -11.48381803640066, -5.562717854037379, 24.24874059205306;
  -11.96218115666369, -6.092308685919721, 25.25312261665433;
  -11.62868572405294, -5.752220359185522, 24.65749097482081;
  -12.01177735013262, -6.239576128647169, 25.44900752433255;
  -11.76043564501582, -3.725686946550054, 24.93746214135014;
  -11.77929962643617, -4.499952267009031, 24.99965636823108;
  -11.95432372623599, -6.091583790071457, 25.54009253005265;
  -11.0702960025368, -5.330484612962125, 23.72633980594638;
  -11.96853079506799, -6.190781428703499, 25.722479122156;
  -11.55724792454353, -4.509724561555048, 25.19576654871707;
  -6.92515592347346, 0.6761632455888706, 15.46495894376465;
  -11.57153660876655, -6.095140537263131, 25.34856137124257;
  -11.52724537731183, -0.9279779271905079, 25.20700471703606;
  -11.02400291391817, -5.227125216304841, 24.24501152093742;
  -6.976718249182691, 0.2760878768114051, 15.73257115335096;
  -10.83425866429415, -1.485523878163638, 23.90143798329651;
  -11.33854771916396, -3.800286323640511, 25.11747538014327;
  -10.89368755586048, -5.330759304578903, 24.24339633064001;
  -6.544226188456526, 0.3482007912146574, 14.96454043663046;
  -10.90282293715685, -5.455715119163021, 24.34071868796156;
  -11.4220915930438, -3.363390592339056, 25.48442464005925;
  -5.791648954125811, 1.523413055002055, 13.39585776288771;
  -5.475816187893472, 1.541173352623082, 12.72818294680063;
  -11.15030667446961, -3.910124322436242, 24.96491794844528;
  -11.68086440814586, -3.496002731260807, 26.07653421180049;
  -11.16602312525311, -4.098794940340585, 25.0384368779252;
  -11.08632216357427, -3.689335551915825, 24.87311906204055;
  -11.20445118560196, -4.506840658339161, 25.14649392544323;
  -5.90038793250817, 1.498010119611987, 13.68630723974005;
  -6.214886584912257, 1.513108492675141, 14.3652122331212;
  -10.99281030899956, -4.643989912263893, 24.72533403731371;
  -10.94874473415855, -0.5044496583793738, 24.60152900931619;
  -11.10387172259912, -6.060211352255165, 25.02598084652242;
  -10.6537470992431, -5.42225135689774, 24.25449329552641;
  -10.7476695439162, -5.748102268535217, 24.53644736513801;
  -6.486739364306621, 1.491887135024242, 15.38067002126555;
  -6.849677549244505, 1.423949268614484, 16.19881455292536;
  -7.130778199121001, 1.060859200146243, 16.92721715540419;
  -10.37371300772594, -5.216096776082744, 24.38253344192457;
  -4.403016956504632, 1.600644301673902, 11.30996022469008;
  -9.779816128142169, -5.404136603987555, 24.27581431952619;
  -4.405219188875428, 1.705592860586332, 11.64974608482388;
  -9.436390817783503, -5.131168434772846, 24.01917250729754;
  -9.390772495647612, -5.295096785446375, 24.35323083453216;
  -9.425633182745818, -5.4254808398458, 24.45002052353502;
  -4.109207671898093, 1.572269558316636, 11.39975040104574;
  -9.120710425727079, -5.374227250445692, 24.24422052023129;
  -8.936573673851415, -5.380324664437879, 24.3097758582889;
  -8.586318425261297, -5.102384070281103, 24.05175606021054;
  -4.151849104557882, 1.652299286215939, 12.27990519421848;
  -8.52462901719589, -5.370024051671803, 24.36320148408068;
  -8.320265379271735, -5.371827765564651, 24.37709167097776;
  -3.686297472860219, 1.609338300771684, 11.3362670763026;
  -8.039519957560113, -5.033612204881, 23.69266673223952;
  -4.004169962155159, 1.497108311531563, 12.39257631963646;
  -8.127692506687618, -5.742480589535387, 25.10125960447927;
  -3.614053615637063, 0.7731475852353045, 11.75509922536119;
  -8.125069409921526, -3.217994551837704, 25.28067944349995;
  -8.164781230647318, -3.468849491646388, 25.40653256928259;
  -8.208794868191086, -5.979756142971267, 25.6577010419958;
  -8.386785196567107, -4.716750909815558, 26.1749567260713;
  -8.672588499963217, -4.116038870868218, 27.02384334369721;
  -3.523376901044286, 0.6815563160176587, 11.68810812552422;
  -3.628655679525989, 1.50618256470704, 12.09911649094071;
  -3.60233421268973, 0.2555951840201903, 12.10072176585241;
  -2.799337249112519, 1.706945401453824, 9.963192506616689;
  -3.508103427102116, 0.1861121649271707, 12.34052808600639;
  -3.291040543352904, 1.186303690281789, 11.6922085122392;
  -2.680355417035596, 1.790625609966142, 9.76282708112141;
  -3.220108112563469, 1.155990088435365, 11.72120995053956;
  -2.771354288173651, 1.699119945538147, 10.24668329747961;
  -3.170496777699553, 1.20119718141258, 11.77031127439767;
  -2.61788967455931, 1.715453199049886, 9.920893037564072;
  -2.090922889180654, 1.749812835824552, 8.276909963563373;
  -3.057785776487483, 0.7231617539732589, 11.69901287691648;
  -2.670347233906519, 1.693773934511463, 10.4082024278009;
  -2.625075896938604, 1.721640359589254, 10.28535512570474;
  -2.98026362146687, 1.187605391070795, 11.57696291207548;
  -2.973739048947703, 1.12455558186611, 11.5797083592496;
  -2.95773913966041, 1.158111211406731, 11.6258298168282;
  -1.921386886821975, 1.748550026570626, 8.026999808539626;
  -2.216936195055919, 1.741156654937976, 9.158426734368291;
  -2.845468365733967, 1.180311456721011, 11.50220002163433;
  -2.484085362221246, 1.741752393296239, 10.26151717882641;
  -1.998992825730116, 1.765488332406602, 8.789567244186348;
  -2.276817437074796, 1.743953238470263, 10.00101889692826;
  -1.892871383250709, 1.76222010905002, 8.54439034632626;
  -2.370714785831819, 1.721772356342208, 10.45692802488635;
  -2.270947514027581, 1.770193355098696, 10.27044342662211;
  -2.648078689297519, 0.8452188313727669, 11.99094436890315;
  -2.497976656429824, 0.83195702318973, 11.76425440000041;
  -2.541519600488635, 0.9019280842642851, 12.15166053159705;
  -2.484413292649573, 0.8115332957194524, 11.96025113422422;
  -1.982934984005369, 1.738179004549832, 10.29880496387046;
  -2.261179086753023, 0.8574186747952813, 12.16006624113238;
  -1.767723380166552, 1.716647118667942, 10.30514389505504;
  -2.161784671037083, 1.061793131956406, 12.62603258106699;
  -2.069050136214316, 0.9664468826439611, 12.20652511842569;
  -2.12719268765617, 1.015250928847687, 13.12388837069101;
  -2.156487086557727, 0.8795764928453662, 13.45769047934026;
  -1.391587993217328, 1.696444023913006, 10.40249320573311;
  -1.337488658190415, 1.73459853724591, 10.76949190482674;
  -1.319332611225385, 1.723528991379648, 11.75477340404099;
  -1.41289489569654, 1.71898747935265, 12.93264389883764;
  -1.484701812042164, 1.655091155411527, 13.68638811823888;
  -0.7466197282605094, 1.630194107763089, 10.36139831415889;
  -0.3505408504593645, 1.709956212931976, 10.19903099168903;
  -0.3438612859234365, 1.66714544361802, 10.21726123252754;
  -0.2788941264390004, 1.701189188884945, 9.78702728677883;
  -0.1782005440560428, 1.676154077095329, 8.323943607317299;
  0.9060796543962159, -6.259299121102061, 30.2433219987971;
  0.9900226880442573, -6.391119743126463, 29.59854102800468;
  1.198903736582497, -7.789218508165617, 33.87382787604707;
  1.124877440015047, -6.319906981686764, 31.09730830339952;
  1.242369015029032, -6.287928896400673, 31.58719767712068;
  1.140656289991966, -5.415609023538957, 28.62147895291902;
  1.207404255442883, -6.414317587535111, 29.47716069948248;
