m=[-7.849656928719309, 0.3683075707640863, 11.53162869666823;
  -8.191528124939284, -2.438722333647873, 12.38720398110829;
  -8.225950572887602, -1.739693624282711, 12.70299261110956;
  -8.400769777345175, -0.4591895453665443, 13.01276790938757;
  -8.028792911199338, -2.969170850705293, 13.85466287868716;
  -8.519725505147568, -3.531953807564709, 14.99668847939507;
  -7.194504919212488, -2.103538545799727, 13.35664239220851;
  -6.938884571609022, 0.2315258159039591, 13.47069970929082;
  -6.957927998016009, 0.06170603432977598, 13.80428120460373;
  -8.4137457669803, -1.189847867831343, 16.7580113924605;
  -8.691405365993433, -0.5268076982278005, 18.70746648888379;
  -8.452497838686957, -1.434217248098018, 18.28280785324494;
  -9.288429104256677, -0.808010123670393, 20.29713668701712;
  -12.14597370712543, -6.221534632617599, 26.48700154872885;
  -11.75162569212565, -5.732964019847237, 25.66591327681371;
  -12.4182734685327, -6.492695688387343, 27.15773672338256;
  -11.83152628383427, -5.892490042123906, 25.93813165582656;
  -11.81646452036215, -3.789487655442142, 25.88360705962524;
  -11.77372824206822, -4.51088674407547, 25.80196742217737;
  -11.34636014357352, -5.501076127221148, 25.16946079163186;
  -11.80149165134623, -6.147977091161969, 26.21722982236163;
  -11.71630482649105, -4.626703115446722, 26.37996079626136;
  -11.50378440418351, -3.809384896530634, 25.94055821087591;
  -11.49866105657659, -0.9817398574672477, 25.93539596987778;
  -11.7015844212459, -6.204224722831584, 26.48294204665983;
  -11.22884987331448, -5.35876453759101, 25.53862235385391;
  -6.922000705475699, 0.03826880498568373, 16.11224524511998;
  -10.8638136073643, -1.541843394197372, 24.77385265305036;
  -11.22951439849885, -3.80278330775537, 25.69916393520886;
  -11.38094988038021, -3.326926922442309, 26.17992052602474;
  -11.01241099888773, -3.306071010643932, 25.39909286396461;
  -11.08175225617588, -5.579940994599892, 25.58565964766557;
  -11.29359982551301, -4.028041773996674, 26.12035738336575;
  -11.23453034958667, -3.785904562429449, 26.02894672436279;
  -11.19918779283418, -4.536058533856522, 25.95947687020082;
  -10.97461011063383, -4.675307842951456, 25.52095024706499;
  -11.16519937203886, -6.116553427214469, 26.0020814901257;
  -6.615157998149715, 0.2326298033192639, 15.78535738246269;
  -10.80457823576746, -5.534730764314335, 25.44474210170683;
  -6.110471474654014, 0.2975482729832364, 14.84799183125589;
  -5.475100565307372, 1.494786096686628, 13.59842761923724;
  -10.36234511866702, -5.241807794736575, 25.19699587229045;
  -6.83014987073416, 1.369737202213072, 16.99171372100865;
  -6.540019992227963, 1.453460097454703, 16.35059765036191;
  -10.68412971740579, -6.276234576873118, 26.68477460328047;
  -9.933381037655234, -1.942299421173164, 25.07102276231871;
  -10.010091606055, -5.557911320049938, 25.68258753751725;
  -4.519300533435923, 1.48980103469975, 12.33517971776062;
  -9.421635907656103, -5.150489830329663, 24.81997967264135;
  -9.383055869234106, -5.315496398061395, 25.16746671406911;
  -4.350410769404809, 1.640113171741024, 12.37581883932725;
  -9.357503041158568, -5.535243819839528, 25.70161528443672;
  -4.770686856166516, 1.389265869803471, 13.65546477255983;
  -9.110378962531893, -5.508370419476998, 25.61251159573477;
  -9.521975746859095, -0.2612987322763336, 27.04170032497472;
  -9.47422572025674, -5.762928612734717, 27.43189838792967;
  -8.646368969097148, -5.46480813609491, 25.53408623797224;
  -8.391611524008459, -5.437850253844416, 25.41148403170575;
  -8.306089855700568, -5.220038993092352, 25.29997737563798;
  -4.188701981796039, 1.399112786187618, 13.29199270728329;
  -8.35719798849691, -5.543207991780827, 25.95584343816276;
  -3.846448403110732, 1.541976439274528, 12.65495053409324;
  -3.746793484298554, 1.588447955182242, 12.37339676518381;
  -8.313630409504404, -5.878771671079734, 26.47609982948651;
  -3.867656636621484, 1.402918019089907, 12.8203592119969;
  -8.227019313448796, -3.277639032413072, 26.36074586227173;
  -8.458739451168682, -4.032004308852804, 27.12532129644421;
  -8.316921930922652, -4.695402872425735, 26.74483036367172;
  -8.374537804130306, -6.109425347463914, 26.97988122814207;
  -3.945881863123312, 0.2263665491341692, 13.87977245036916;
  -3.508561012804434, 0.645819016484449, 12.49606580271796;
  -3.661623600131334, 1.472487712846376, 13.04208797187729;
  -3.479907040411685, 1.370318781895545, 12.59655500248477;
  -3.526218509688195, 0.1549360091887103, 13.25042528140673;
  -2.79814457691464, 1.66480468078306, 10.81974977293264;
  -2.688447091058128, 1.758864259648397, 10.58552614992881;
  -3.278198544775621, 1.132471355735084, 12.75974817902292;
  -2.75930603513665, 1.649453869764308, 11.05448013950164;
  -3.070822171804923, 1.126020733219995, 12.24005677249117;
  -2.403609124560295, 1.733428407869487, 9.951952794308953;
  -2.618063701996011, 1.667147405859154, 10.76458592256076;
  -3.040418047113561, 0.6857822258909564, 12.47008227222758;
  -2.561931222202388, 1.645105322872298, 10.70802096665339;
  -3.008887879190475, 1.098588216739173, 12.54307384965331;
  -2.626199504758382, 1.672877982338502, 11.12224764253483;
  -3.053881325662588, 1.149586030373407, 12.81509425755322;
  -2.087621800059485, 1.731457715379952, 9.299938296561445;
  -1.959030433196763, 1.709042478114472, 8.937210155739201;
  -2.483394044987937, 1.693441168705878, 11.08868668347192;
  -2.230800756913549, 1.704587980510858, 10.06129329091453;
  -4.239768280916426, 0.3681738172736076, 18.46098404612679;
  -2.396786091437063, 1.741548476036268, 10.91376543585278;
  -1.962324508750933, 1.690816436342786, 9.487128985765526;
  -2.362828147892216, 1.666311667485741, 11.23734067530871;
  -1.884547398510506, 1.705169790140841, 9.350587083535409;
  -2.237901678292479, 1.692802085283206, 10.93411071531167;
  -2.492173584924167, 0.7956029816122855, 12.53811724756042;
  -2.445874437422648, 0.8338861452307848, 12.49435214614687;
  -2.029219793359386, 1.711408627564703, 11.10002913984597;
  -2.386018048202659, 0.1898595826567245, 13.14792101344658;
  -1.982384723593159, 1.685745836946805, 11.08780721775698;
  -2.490446788310685, 0.3940752041778473, 13.81523371875948;
  -2.25640456113095, 0.8189841921486549, 12.90001149778056;
  -2.2597620861126, 0.8595848114400767, 13.74119637105138;
  -2.144708157809634, 1.014429430057287, 13.26652853359178;
  -2.152839341730343, 0.9675464940435473, 13.43636818265685;
  -2.089905643030377, 0.9605178539179711, 13.61797797964451;
  -1.619071197979559, 1.672599321802712, 11.14137304596667;
  -1.430929297372002, 1.675566966025226, 11.37680446377357;
  -1.338772362886191, 1.665736738500692, 11.43983585254914;
  -1.935379399091568, 2.070373842080234, 16.61854091042335;
  -0.8962530725272895, 1.699652085618109, 8.645143805732076;
  -1.552936725476241, 1.657065680629925, 14.82739442747;
  -0.7777062946207368, 1.7191315306914, 8.145410681146009;
  -1.405191629978191, 1.708714604304745, 14.03263499539123;
  -0.6601831349888115, 1.706557798332699, 8.363995907785004;
  -0.3872922778363114, 1.702218032151337, 7.592469478142696;
  -0.3843873137412808, 1.655191433872864, 11.21360502168872;
  -0.365580310452192, 1.67988237143787, 10.81521151846262;
  0.3707803670172521, 1.660729142378392, 10.53506655350499;
  0.4296456712785696, 1.71719467490527, 8.398468633470792;
  0.5195209313221558, 1.691985811591331, 7.907516474182912;
  1.18238792920361, 1.621124841266362, 16.05363494501724;
  1.263650048750905, 1.553507352561528, 16.75176481723623;
  1.206517919264829, 1.190388686496892, 14.88410730647682;
  1.265372011059625, 0.8642068929076076, 14.82340951658407;
  1.372571926429215, 1.582295720427479, 15.95447415291134;
  1.306817338452302, 0.4647245581617212, 15.05920509182591;
  1.491683031158284, 0.7480999263038969, 16.17942065336459;
  1.314408536967091, 1.025337539510257, 14.42932220828022;
  1.279946341692151, 1.386556938850088, 14.07816543041947;
  1.257957145527153, 0.8587864116713346, 13.3975319069016;
