m=[-3.646800422820809, -1.044049575713488, 6.299623443068357;
  -3.51137208905759, 0.13605509904258, 6.360031926876714;
  -3.406111228021668, 0.05734473657000886, 6.309472979857316;
  -4.164678968603989, -0.5680767600071911, 7.856445144369182;
  -5.859300913574249, -2.72872552773193, 12.10744685024472;
  -6.057979397053196, -2.259444820868567, 12.51216824271483;
  -3.402533887226672, 0.03680397168873411, 7.502617876182067;
  -5.736967573727221, -2.656064774812126, 12.02835373455809;
  -5.866273826370056, -2.241045990936931, 12.45021643664309;
  -3.252057290557341, 0.02144618975533223, 7.434513100526766;
  -2.44202007697901, 0.5616409310913206, 5.790259617334645;
  -5.735765894057315, -2.238138742081339, 12.50444910313451;
  -5.710478477096038, -1.875046096224516, 12.47109695666053;
  -5.482011673301013, -2.599342695874211, 12.05654944169974;
  -5.739998888287503, -0.462087176604462, 12.55184342111978;
  -5.488369997741844, -0.7525300010338634, 12.10788289213863;
  -5.635352642217777, -1.888773951086808, 12.48359443865065;
  -5.463318490567276, -2.733815770612106, 12.19694195238528;
  -5.617995197480869, -1.654295278679148, 12.53460227246025;
  -5.634477927806397, -1.63185546789846, 12.56170322314824;
  -5.588589733006395, -2.145341581546904, 12.53456789565369;
  -5.570767217603961, -2.240766618422427, 12.50264396506541;
  -5.628186730523496, -2.065980254168497, 12.62051821034487;
  -5.541464346444578, -1.844103131892087, 12.43275275907467;
  -5.521148790680516, -2.332448078999171, 12.41832109188012;
  -5.502185154820428, -0.2535062684427943, 12.36325907559363;
  -3.39653522680703, 0.5053088938347863, 8.062779090118074;
  -2.179933017311185, 0.7924787473359963, 5.599559566050513;
  -5.197184112447033, -2.613241302651586, 12.2155408898629;
  -2.160448442657307, 0.8364726660517968, 5.713376498919664;
  -4.926358469015631, -2.722210088404686, 12.22838567701856;
  -4.792891005291524, -2.606200984311839, 12.19971470954956;
  -4.690181441438944, -2.644613601834565, 12.16311771498457;
  -4.714399798847024, -2.713651728654078, 12.22911708986963;
  -4.580555090805231, -2.699016068061476, 12.17580457475135;
  -2.016703491956292, 0.6958217974720191, 5.98485539543067;
  -2.013437324374618, 0.6959239275936362, 5.983138400404179;
  -4.479765775349973, -2.697073304788477, 12.18611359016054;
  -4.318319501796999, -2.566143432501772, 12.09635633145187;
  -4.14884201037336, -2.678624261407324, 12.15546589021509;
  -4.116693837677315, -2.577497220540483, 12.13199987681273;
  -1.726261947185837, 0.3339253126330979, 5.726533623384402;
  -4.105427449435093, -2.717579312110775, 12.35303496880801;
  -1.774403659294814, 0.7365195517066357, 5.916438061867551;
  -1.713690574396971, 0.6985681695494336, 5.792107210168304;
  -4.095446436499469, -2.89356685771872, 12.64822261844014;
  -4.20062068112049, -0.2253707438611966, 12.9615203500777;
  -4.257980635047634, -0.3921685222457776, 13.15663677830332;
  -4.259750674128389, -0.8441146917762404, 13.19489662631029;
  -4.105573560604453, -2.990734829369037, 12.83252666382248;
  -4.130916501787136, -1.960546484332669, 12.87196324496;
  -4.097661337330457, -1.676769392025191, 12.7909065250707;
  -4.269070373170989, -2.400936842279335, 13.32366689491969;
  -4.286060710583509, -0.3912047339440443, 13.61613622780489;
  -4.228270911967132, -1.797164046371307, 13.51813091796809;
  -4.255066251020464, -2.019674949821745, 13.64464767619758;
  -1.375958634286136, 0.8436015451823423, 5.087408858595985;
  -1.587602507483214, 0.5841334588802359, 5.745477896159326;
  -4.275228145743218, -0.2388027677598335, 13.86699631353526;
  -4.241545273546486, -1.678698291385868, 13.89810622550947;
  -1.536103434119793, 0.5819791801717874, 5.702707442074727;
  -1.32313903325691, 0.8392535539232813, 5.157194062030661;
  -1.506205448044067, 0.3562153313770849, 5.762704852460556;
  -1.456650753706637, 0.5804608275417859, 5.658422842207619;
  -1.467927624516008, 0.5551146811315144, 5.716094621818432;
  -1.420750302694495, 0.5893328070711497, 5.743080597620477;
  -1.165169176271911, 0.8462241388784745, 5.139416300057547;
  -1.288774247292632, 0.4113534343229671, 5.83578590991966;
  -1.237714684830605, 0.412223798048456, 5.829033826030321;
  -4.266378036304935, -2.682864706749266, 17.89588740347277;
  -1.234230408274764, 0.4380005833761667, 5.901173823820145;
  -1.212054252086659, 0.3959173719995879, 5.834968475716282;
  -4.950640261247727, -5.265539086343534, 22.24161075312784;
  -1.107360692292716, 0.419901166992224, 5.955114059736748;
  -0.7955178636754535, 0.8525586100715576, 5.115616611678735;
  -3.615889443174287, -5.049548929542439, 21.12496249064125;
  -0.7424202600769212, 0.8691392351031326, 5.257936902366557;
  -1.140930945474995, 0.5871699483483618, 7.673128010361628;
  -1.108660644036908, 0.534896972350095, 7.514207484400338;
  -1.171007993324087, 0.4994389194170393, 7.959527876171467;
  -0.6866008616265665, 0.8370149312850553, 5.132525455043516;
  -3.290572966495786, -4.845778920470957, 22.2001128915635;
  -1.071641378779416, 0.4458354605983865, 8.398673885366723;
  -2.760836228621623, -4.924785355200271, 21.88230365712946;
  -0.8174040968777054, 0.8265532784664466, 7.122758668568695;
  -0.6736094831544554, 0.8293541139384547, 6.554675201755413;
  -2.542707012568811, -5.585362986995267, 23.48101511472312;
  -2.168349748975895, -4.501563752070758, 20.2776924308805;
  -2.309077697428044, -5.778607653633856, 25.11795277899463;
  -0.6892151060019973, 0.8055145588873889, 8.137183886129707;
  -0.7368803158069519, 0.8042819845104577, 9.087064361828151;
  -1.787100659354268, -4.302135990148567, 22.17831961771813;
  -1.950024251120626, -5.54857520823446, 25.40111215318465;
  -0.637896506434569, 0.8118937518072164, 8.782126262886139;
  -1.842763748478931, -4.591035965276316, 25.12806454728791;
  -1.857887061658851, -6.160824962711893, 25.85811428670102;
  -1.640312906147531, -5.343712997003077, 23.43880113208827;
  -1.861556169886627, -5.331700321551097, 26.67667504544724;
  -1.68084698730416, -4.633607533009414, 24.31142399180479;
  -1.793561621870882, -6.302254821395895, 26.49301191162768;
  -1.447451657015725, -3.429113206110104, 21.65758738398978;
  -1.584466448489633, -5.42186062004721, 24.11352013070819;
  -1.663424073947289, -6.325822189877603, 26.7645340269945;
  -1.37542803047198, -3.531281688805587, 22.58433819331057;
  -1.616147666701061, -5.038255018567797, 26.81668318050042;
  -1.424907254483533, -5.013771011424692, 25.77492553842944;
  -1.258491618773366, -5.414201023484991, 24.71509016280369;
  -1.388716180640271, -5.406113506160668, 26.87018268910825;
  -1.217781656026687, -4.811824513002437, 25.99438175899531;
  -0.4437839890018118, 0.8755587255342948, 9.57920945110801;
  -1.092013207144894, -4.993091643426074, 25.70679625410304;
  -0.9367633409987816, -5.229828043913932, 24.31215295926204;
  -0.9913233974102507, -5.205539176545838, 26.43057122823261;
  -0.846860417576466, -5.339234869112889, 25.07718505220998;
  -0.7230667330278648, -4.454681955289328, 24.13235195868237;
  -0.79561551004431, -5.519914747234436, 27.32034424068111;
  -0.7488462011897352, -5.65537903347262, 26.81383423241163;
  -0.7046756250082736, -4.073313224771932, 25.85871596223163;
  -0.6142612478718024, -4.11467524360069, 23.15896983160701;
  -0.7367930380250939, -5.37345201869967, 28.37787204184046;
  -0.6859848445747906, -4.445094436375245, 28.72310222190997;
  -0.5384217441532105, -4.179672913382824, 24.23745087724086;
  -0.4588501901757829, -4.347197665437941, 24.49447882105936;
  -0.4427853265457967, -3.821831985688171, 25.96922104183193;
  -0.1439711155245297, 0.7986449558719626, 8.422261631373978;
  -0.3642933215450301, -3.689759044133221, 24.49433923451474;
  -0.1048803004422214, 0.7998673144621792, 7.583913082733491;
  -0.1707304048347492, -4.666969927036304, 21.91364311687099;
  -0.1685185631216329, -4.673761928413892, 24.81052184537506;
  -0.1018434728118162, -4.841212573237361, 24.63869601183564;
  -0.1421427440477679, -4.793757742357297, 39.57730155680571;
