m=[-7.906315288691086, -1.043726081277446, 11.62289237487023;
  -5.553788884628887, 1.520736958855178, 9.553031343821324;
  -6.40707106721153, 0.6668053718431879, 11.04015095116994;
  -5.580887807366645, 1.524411547333826, 9.823665052249558;
  -11.38283706419159, -0.5239668445381913, 19.99230160974843;
  -10.83403326342967, -2.995953975540303, 19.14413375345671;
  -11.38669750105544, -3.330965990078057, 20.10826179666297;
  -11.50080182997038, -0.4472528860649936, 20.35325862433624;
  -11.48513820270187, -0.8031056039136846, 20.44338666623775;
  -11.59022177669076, -3.333604533199202, 20.64997289273961;
  -11.83249708313921, -1.833596378922609, 21.17375011775665;
  -6.398188569533098, 1.440414525618646, 11.9213523049004;
  -6.289856944100561, 1.486227646701986, 11.74779614372126;
  -11.22396365031201, -0.5572238540260055, 20.21532960572403;
  -6.130097614190514, 1.507431179264031, 11.48843382079661;
  -11.32986697209368, -1.4425776227087, 20.4677871054594;
  -11.29629662504699, -4.283441213963723, 20.50236383118538;
  -11.27497409870813, -3.970530934867345, 20.467871829018;
  -11.20215825249866, -3.539070242996493, 20.38131427554873;
  -11.26891444979747, -3.090011967542873, 20.7276024975474;
  -10.81381182524059, -0.8128136366288785, 19.93655534812262;
  -11.07775477381957, -3.574737120385458, 20.44048457212358;
  -11.27080502232555, -0.3457559317062978, 20.78711815175623;
  -10.8557012184902, -4.225217072074445, 20.26953479560207;
  -11.02967727059926, -3.533592762522662, 20.56313239374664;
  -10.86838560658015, -3.443922813773976, 20.55246853449533;
  -10.78730910384671, -1.073022914769132, 20.4608741518325;
  -10.76359681160869, -0.6920346174358256, 20.43161858878016;
  -10.78360779006805, -4.290063637770973, 20.69080312132864;
  -10.62444342516129, -3.526586321803008, 20.42137527753343;
  -10.53405397152654, -0.7984993613115403, 20.29251527345665;
  -10.63869057860148, -3.198869919271053, 20.56849362289334;
  -10.44530034971691, -3.548560191656, 20.37746991205817;
  -10.54556112204103, -3.126788283438425, 20.72110468532301;
  -10.00203888417356, -1.559024966426425, 19.71789405347933;
  -9.985795788375597, -0.3924212721179663, 19.73850260976878;
  -10.45180851604323, -4.08098532057683, 20.65594621547457;
  -10.34058143853123, -3.489314839914558, 20.43478874052333;
  -10.3710236549584, -4.254500069236482, 20.51319244074046;
  -3.489109874122528, 0.6428069029828415, 7.607788300149298;
  -3.269510426809592, 0.8043557415156643, 7.397829554967388;
  -2.894818095796527, 1.160173740699718, 7.283484519657054;
  -2.844814974993552, 1.214055679181542, 7.346983825166809;
  -2.839588370097919, 1.151138972699762, 7.349349697621388;
  -3.883231943673944, 0.2412548202111661, 9.836476175230651;
  -2.708575083734576, 1.157712186940432, 7.343016865216982;
  -2.64398791047991, 1.166860612844431, 7.23526517832225;
  -2.679057011053642, 1.191924621887977, 7.33883489234377;
  -2.638607658010245, 1.181868703330829, 7.33633718921387;
  -2.591621865377682, 1.21338997793793, 7.319914778617978;
  -7.661639417292763, -0.757459616332625, 20.23373536442709;
  -3.560862737797375, 0.431413098614185, 9.969748800194131;
  -7.645530789783963, -0.3390896032749487, 21.17776472778397;
  -7.682697727873076, -1.695133006407897, 21.3504766650535;
  -7.682535536420083, -0.6726967334188094, 21.37821111352989;
  -7.819305086276508, -3.172428951336825, 21.82455506423504;
  -7.471526137978284, -4.347403988186655, 20.95522389266782;
  -7.801772976833028, -0.4876259335680508, 21.83712074382163;
  -8.319061933327706, -4.080648905208181, 23.27565601045275;
  -7.41160462651196, -3.1056872151691, 20.84445519401847;
  -7.565303046963599, -1.216300902376558, 21.24449936016161;
  -7.937283228197066, -0.5121681488188152, 22.49016134140847;
  -8.084362281856013, -3.409183229471681, 23.10845037507382;
  -2.393417674406882, 0.8647590222230218, 7.54947366822617;
  -7.848214439958763, -0.6661787012712763, 22.61986061960294;
  -7.840338545175024, -3.428311389042883, 22.7717572426714;
  -7.861461189422188, -1.636496695545288, 22.88129170987553;
  -2.317682399207747, 0.8648798169659295, 7.452001405221835;
  -7.834556627934336, -0.3618184969750795, 23.16716509927222;
  -7.813723682720913, -3.172508759390697, 23.32219214297791;
  -2.23711911874509, 0.8685120892074496, 7.455174468867835;
  -2.182816233048134, 0.8248731475074711, 7.484459464281535;
  -2.003282105786121, 1.283932479339303, 7.110891436011554;
  -2.062794250172078, 0.8302186699916989, 7.634754377487946;
  -2.032501484491891, 0.8519474612727278, 7.630106209728694;
  -2.018069950984527, 0.8107610020511159, 7.666414852525007;
  -2.015403731897306, 0.746794142678772, 7.746826160904734;
  -2.003444541904601, 0.8532627614407291, 7.708788564458931;
  -1.996366539410057, 0.8937229412937248, 7.832703742603513;
  -1.971272182139947, 1.110402858310575, 7.996561712860816;
  -2.055811753658519, 0.5851463976868797, 8.842570357052232;
  -3.319628599662415, 0.1263338687648594, 13.88036997947723;
  -1.824689565809901, 1.019036649553971, 8.140742594690549;
  -3.187383232574585, 0.1786813235787401, 13.58554229168486;
  -1.993083120304471, 0.7077457850038965, 10.14731796254235;
  -1.85323040619323, 0.6514738760766373, 10.03539575493976;
  -1.886651345043588, 1.076983179021192, 10.26415695440154;
  -1.893482054044617, 1.13727139178369, 10.53826975317489;
  -1.90073162371844, 1.00314191366839, 10.90295729722837;
  -1.876008872251482, 1.007944849947116, 11.00458290156305;
  -1.817585648264532, 1.029710058652378, 10.87781262286696;
  -1.979074834348741, 0.7608933215742044, 11.98808285356004;
  -1.917945352256793, 1.026266676139897, 11.90819915055136;
  -6.083217945098215, -7.132538477749485, 36.02012954853876;
  -1.888426773315839, 0.8289962070335288, 12.43132883072769;
  -1.831780913527549, 0.9555322783951769, 12.60615333082888;
  -1.816654996471273, 1.441803734363383, 12.74877152533869;
  -1.090723792719568, 1.703296461596548, 8.061580787575137;
  -1.384641648741965, 1.687151242683058, 10.09896197217093;
  -1.127158221453188, 1.708436077473861, 8.735878603761815;
  -4.890230347292404, -8.376555994867031, 34.97311818446587;
  -1.091092193704243, 1.689347853242477, 9.092630782893368;
  -4.25406737020528, -8.03338519536115, 36.36137692921054;
  -3.741476161050218, -9.467763570061818, 38.821698910764;
  -1.016144893883985, 1.681340814312356, 11.18399025322003;
  -0.9121820860418127, 1.680920090651118, 10.92298175664583;
  -0.4916761334091347, 1.679070596424914, 7.434447212700802;
  -2.355600928742172, -7.159848857360083, 34.20745463630203;
  -2.137503076151519, -8.607841592931001, 38.17353347011164;
  -2.162856011347417, -9.847461211910789, 40.43863418456764;
  -2.085395106885633, -9.707406989205547, 42.0585658510281;
  -0.8429467163030924, -7.520731147022762, 36.91174620446967;
  -0.7740053493855207, -9.613734462574159, 42.24139717552522;
  -0.4842226547794761, -6.859416552251574, 34.60187889402574;
  -0.002812758490264, -8.31306418519479, 39.25110159100034;
  0.03989174890733546, -7.505622802944812, 37.51173869067035;
  0.3945037377656036, -8.103037164462396, 39.02603158897576;
  0.4452697472829852, -7.12278559352523, 35.27243240508414;
  0.1245274177422846, 1.657227555665703, 11.27248057749864;
  0.5201632377221133, -8.885344346942137, 40.98630395428976;
  0.5618234564715032, -8.580330145896982, 40.53273125893479;
  0.6904714828661137, -9.546099684819351, 39.2599657772254;
  0.6804069681146931, -7.467943886704703, 36.90428292088888;
  0.8027975005712146, -8.794249986941752, 41.13844953591091;
  0.7974940604763945, -9.220766606720972, 40.52130020946481;
  0.836300403906067, -9.423203032525002, 39.52031123691776;
  0.8661839101021098, -9.412444308032507, 40.66328507750377;
  0.970660263104467, -9.683470015110641, 40.71971197171622;
  0.7340554127104225, -5.181069083152715, 31.16622780940823;
  1.010015482964136, -9.449205504701505, 39.26257591072488;
  1.171652473373397, -8.188340448915104, 38.10698212152067;
  0.2696387163560533, 1.699021252225031, 9.469936950040701;
