m=[-11.63968941577443, -0.4410694589028637, 15.70733370430748;
  -11.45216096440814, -3.27043908324829, 15.51697599420686;
  -11.53519565460202, -0.3465318142560714, 15.68907760502599;
  -11.47618431162981, -1.013074946296371, 15.87458934450351;
  -11.52460624047349, -0.6118903353484695, 15.943213920066;
  -11.4796931450536, -0.4700375146231195, 15.91598714113349;
  -11.38423193195223, -0.6525608090051841, 15.84408752113361;
  -11.49048963295493, -0.596109261701808, 16.04048060450502;
  -11.2954310825014, -3.504197636349081, 15.79711318354612;
  -11.12847256893954, -3.117694335941327, 15.61616794258627;
  -11.17518655875339, -3.530747503195269, 15.86673352405399;
  -11.36592845339446, -0.7470153757094905, 16.13141548558674;
  -10.8286163596748, -0.991460426216938, 15.83607862177828;
  -10.77698861709803, -0.5983298098372514, 15.76746119123056;
  -10.23250298695828, -3.052811043238127, 15.42913123494992;
  -10.56407829468864, -3.065743389717063, 15.92735478315993;
  -10.39917489376985, -3.648208132523691, 15.78281436061686;
  -10.42020799596181, -0.3121969001491203, 15.83100688084078;
  -10.44208830984808, -3.461206047160724, 15.87922512372415;
  -1.847222698098714, 0.397275549574157, 3.995157779821694;
  -7.743206286610331, -0.6943297617941115, 15.81809980025068;
  -7.84765993398983, -0.2675372750725324, 17.05100806829606;
  -7.65883592197836, -1.631480606603861, 16.69404416930899;
  -7.478832252382341, -3.625810096215001, 16.37949420325146;
  -8.084228330767893, -3.520561730660263, 17.97516601523763;
  -7.982265391153899, -3.342611071438371, 18.12026943444599;
  -7.612104647728195, -3.668005953328478, 17.66744081061448;
  -7.705293997370481, -1.519972567465271, 17.9316911711593;
  -3.151646956354038, 0.2875891914994451, 8.050104422187786;
  -3.107577597728232, 0.4981368076040771, 7.959152767279849;
  -3.152271485200684, 0.4154396035303037, 8.067240030640708;
  -3.115152633125856, 0.2539571191041652, 7.992283469973987;
  -8.283986958122071, -4.785210605810628, 19.61298930730234;
  -7.884532098543957, -0.2835086540669306, 18.74908609704615;
  -7.676126097197195, -3.074731071991257, 18.37910083977388;
  -1.768321500609443, 0.7192434879723434, 5.033480421084328;
  -2.549217437071013, 0.100417092300021, 8.067917446739632;
  -2.502720030890445, 0.06171150910981627, 7.980170118837259;
  -2.490708034101175, 0.1003885602000783, 8.044538442428756;
  -1.799824783106089, 1.024040713139106, 6.069428069527024;
  -2.071860174980026, 0.7422644889675877, 7.445917536735522;
  -1.892931482752948, 0.9038682712550383, 7.449615418222707;
  -2.069202954788437, 0.2804482805932562, 8.360126047907627;
  -1.821258437127241, 0.8736996905456784, 7.540252474148872;
  -1.747969542225074, 1.342507988153371, 7.778677459972307;
  -1.763347682946225, 1.278189350436964, 7.984031068962566;
  -1.723026744629738, 1.171737619718557, 8.026298428551343;
  -1.715537942448356, 1.101123910638573, 8.030057620707916;
  -1.718852022937711, 1.0663496844979, 8.153129150461107;
  -3.325615340319223, 0.4552865586331261, 18.220384004431;
  -1.787502000143389, 1.51890726711134, 10.62833244379719;
  -1.781590731538364, 1.206022637394785, 10.76437114328932;
  -2.847306681365464, 0.7590391556539781, 18.58189484841714;
  -1.101411594793566, 1.776653851384234, 9.522699928888212;
  -1.522645922276153, 1.809658609745718, 13.45968675190127;
  -0.9452939492622503, 1.734608241000436, 8.847165543776125;
  -1.828366632950316, 1.714860119479673, 16.21278933066735;
  -1.304740592276795, 1.762488503607638, 14.2964319131326;
  -1.512871556789859, 1.797481767196615, 16.94210986730339;
  -0.7536633400464331, 1.723290978850365, 9.004108861040278;
  -0.6997731783024471, 1.747367865887425, 9.334856103409583;
  -0.9991246443268484, 1.748155171054871, 13.4155397670181;
  -0.8414666292321614, 1.726774293983219, 13.36771869439991;
  -0.8302666730431834, 1.732083988803435, 13.5666277948129;
  -0.6743910196596779, 1.686146710776199, 11.75422509354709;
  -0.9794588366362251, 1.664627496368754, 17.0442314901353;
  -0.3956094346440833, 1.743848121684588, 8.565406029954747;
  -0.7876554482685365, 1.775360018397732, 16.56257693423014;
  -0.5545208395186468, 1.706732933191973, 17.74926176250566;
  -0.3042428975527327, 1.729752305788481, 12.79697166002054;
  -0.2734286804419167, 1.738260637271069, 16.79892690440808;
  -0.1179761391252205, 1.687021766390103, 9.754996446845702;
  0.04647771417956251, 1.687233867771654, 15.75621132830797;
  0.2067101101446491, 1.942034589875367, 16.24134297881741;
  0.3907219400949422, 1.735337704633088, 14.70878614394845;
  0.4973809764000907, 1.64496520884838, 13.58067075192649;
  0.6447854394417117, 1.713387847648506, 15.83588258010914;
  0.7438183609630577, 1.782564443969549, 12.72819299145541;
  1.019912289102701, 1.685831950919977, 14.07292964637968;
  1.651839133774684, -4.109724957376002, 17.70614414512455;
  1.712563313020813, -3.74490021834119, 17.76954377969053;
  1.816770844379968, -4.126862108419191, 16.97170399911736;
  2.133894020742714, -3.965570241218183, 17.85145774785242;
  2.001211385847477, -3.839168350458317, 16.56838797300182;
  2.144235729629254, -3.781245851159524, 16.58727643917333;
  2.500523653877928, -3.811000898770495, 18.65193492750463;
  1.896098212140772, 1.760158041783819, 14.47207688768021;
  2.329481861946618, -3.817107975228446, 17.3977053237955;
  2.08309045634054, -3.512547535067346, 15.48110020652046;
  1.925069277855067, 1.825919244836836, 14.34157829204859;
  2.089677328731365, -3.153489926504031, 15.08791901547162;
  2.181622124634833, -3.529931370368608, 15.58771526652756;
  3.243452390240017, 1.917685791390407, 22.5069769037241;
  2.381632155773068, -3.613444179541592, 16.04790941929271;
  1.111271608504801, 1.716084346874045, 8.04395614788861;
  2.500567305232802, -3.854834279573791, 16.28754456622201;
  2.739667777931412, -2.865053783442446, 17.3487354527104;
  2.779081625516945, -3.481205385041022, 16.93008687479787;
  3.127315664520327, -3.388947602953763, 18.70410399424986;
  2.228504089448677, 1.771058930997397, 13.67180516267357;
  3.226382636355523, -3.033530160670731, 19.27011238804142;
  1.454216675508809, 1.77197526874047, 8.240637193019211;
  3.293389699888259, 2.219023171631506, 19.02882370182001;
  3.102916251745484, -3.102861273219099, 17.98673956750718;
  2.903926967953433, -3.340474836564618, 16.80409218199359;
  4.511007421864981, 1.470324172777133, 25.60325063865355;
  3.282661601281649, -3.548104004052556, 18.60834909199227;
  3.470177652275476, 1.770170030719031, 19.64913988427967;
  3.296810902819281, -2.641982717690525, 18.20032405784605;
  3.186695952134554, -1.88703102387263, 17.60143449803988;
  3.22563615284279, -2.214621130524343, 17.75289315274883;
  4.116521355050616, 1.242821695406777, 22.22482761790654;
  3.505940427071471, -2.601225419780074, 18.39725239465009;
  3.41160615766358, -2.296555103853672, 17.70937690924951;
  3.453962450452582, -2.797398445275355, 17.55374724990618;
  3.609706114202717, -2.569882022594361, 17.65631711488587;
  3.271186919399092, -2.552712107307053, 15.97846511501054;
  3.407711210604617, -2.097369983744517, 16.23740989164149;
  3.505498294510282, -1.941058286842538, 16.36837532189799;
  3.486941895543408, -2.083249249798228, 16.26224553491906;
  3.587754738653247, -2.031597169055702, 16.21814537211623;
  3.704513599597604, -2.102689344258932, 16.41474527279809;
  5.662229308014596, 1.415760238767889, 24.57420455955336;
  3.652887097964134, -3.430379842514832, 15.77660676088811;
  4.558852084052694, 1.53308212330157, 19.27785139311492;
  5.008539231150437, 1.572479688068735, 21.04007466615878;
  1.535357448143368, 1.13365026103538, 7.107924526053646;
  5.271203147037261, 1.543273232694564, 21.85255423091446;
  7.267958778347169, 1.426547128414613, 29.43944647657875;
  1.560445725923246, 1.359514465578844, 7.121420059958846;
  7.541270748068047, 0.5193411672435111, 30.35783558155348;
  1.559223485239238, 1.257614185156693, 7.068338925935031;
  1.575015792571761, 1.306395404238206, 7.079088652794067;
