m=[-3.868454247976287, -1.579376278957125, 8.308583251292514;
  -3.876052560219456, -0.2507513348940031, 8.446561673306983;
  -3.851744294384612, -0.7040931741926684, 8.469890568851939;
  -3.824179802289193, -1.486799532330325, 8.667447699570653;
  -5.226338302985941, -1.096188649074575, 19.54008341017161;
  -0.8561249277654957, 0.6480815984279911, 4.632722988240863;
  -1.577543480452716, 0.2546640565174059, 8.190307265627896;
  -1.509671742079951, 0.1243023340403603, 8.308481851097216;
  -1.38136414253444, 0.4114783652867414, 8.563409591458951;
  -1.057846789324966, 0.517477670163721, 8.071052278637174;
  -0.9230484616693663, 0.1894897630282375, 8.211236078636562;
  -0.8903483382767325, 0.4132356029882028, 7.960174841658965;
  -0.9126624262240998, 0.3929052921283669, 8.245595160119381;
  -0.6897090310794144, 0.8437827842615658, 7.256644820096681;
  -0.8188913644957463, 0.3653057376390569, 9.265995166156385;
  -0.8744020171433643, 0.4371671944853762, 10.48035303678438;
  -0.8699458684916911, 0.2869481801891929, 11.08482682877223;
  -0.8083450937882288, 0.4538718900897006, 11.30147543343275;
  -1.182521925307661, -3.033654972155284, 15.99657294714789;
  -1.751039098371984, 0.1486125211036227, 23.29674222483807;
  -1.745483163313083, -4.284185751260369, 23.91253054568344;
  -0.7790386501618074, 0.3925502368367456, 11.22203128906574;
  -2.197631570369317, -0.2622370866537249, 30.4487312114811;
  -1.74982646097907, -4.160799589422596, 24.84085990573302;
  -0.9500322565936354, 0.8654975763817367, 14.36821114335473;
  -1.043571732743345, -2.955806507744795, 15.8871224456923;
  -1.271819877743823, -4.211841299807794, 19.31346955564779;
  -2.437818093826495, -0.3285959620198845, 37.56082165390925;
  -1.595087713071678, -4.166650272375795, 26.01128921140286;
  -2.113074364742685, -0.7885057603626751, 36.97086587306605;
  -1.863813145457058, -2.319025793707452, 33.87572093922066;
  -1.075812438569558, -4.084419539516751, 19.72906358263199;
  -2.089314130469558, -1.062126995579358, 38.77072640037518;
  -1.823737111461921, -2.037263572987369, 34.27533578958496;
  -0.9442085146301109, -1.143609088712626, 17.74056798214893;
  -1.744903812803403, -0.5919184849095602, 33.13990830536174;
  -0.9777633672674921, -3.764506222197928, 18.86339701141537;
  -1.285365787989485, -1.981581823280329, 25.25558072759984;
  -1.002275627780204, -4.251087768133572, 19.85534508189726;
  -1.506587210076799, 0.417828276170564, 30.00461280162108;
  -0.9771072879352478, -4.39124530673247, 19.58011154171385;
  -1.313197176684088, -2.423985300866186, 27.05975662760635;
  -0.955578342015883, -3.737844362254279, 20.16619254091474;
  -0.8637897526381179, -4.19475698856821, 19.0589717489402;
  -1.557505471313233, -0.5629389212935291, 34.36987524767349;
  -0.977389129673209, -0.2143526114191572, 22.89274188701408;
  -0.9056144143408843, -2.022533229205386, 21.50356016555132;
  -0.9005229851615102, -3.488159667997377, 21.11688192460279;
  -1.952404257954696, -1.0761632202375, 46.1619919657734;
  -1.736814091410809, 0.04632237981486668, 41.88256840407779;
  -0.7322180801325784, -3.736009312449671, 18.02388864157641;
  -0.7942503425710811, -3.821676570457102, 20.25207002126444;
  -0.9981497040325142, -2.114806312028197, 26.61371826526178;
  -0.895694838936027, -2.464131978221736, 25.11130265471521;
  -1.040662781252775, 0.6163818456705937, 29.45425663750967;
  -0.6816067025058615, -4.073547611784053, 19.3651973830501;
  -0.6639869400077463, -2.642255292190112, 20.00046943470142;
  -0.6752813859122422, -3.696562608778037, 20.31532333807554;
  -1.232481823834193, -0.2643721822121072, 37.6435617533627;
  -0.8174755363961492, -2.30857645378854, 25.50162728047718;
  -0.6222872856056386, -3.118531309272165, 19.6829833260565;
  -1.186869656130928, -1.266285959744431, 40.20003814253856;
  -0.6102334895907914, -2.313724187731691, 21.02255344432549;
  -0.6221730203849011, -2.762519874866797, 24.08801252622044;
  -0.8789831262072846, -2.469747671945552, 35.01571815386104;
  -0.6436580718064825, -2.572868826835754, 26.01888216140174;
  -0.5093184668085328, -2.758808939448143, 23.32268906930426;
  -0.3707985060597785, -3.489877154203008, 19.28628586226301;
  -0.4402394600378532, -3.309176835152486, 23.78877219937437;
  -0.4826467055065817, -2.980627347659178, 26.13664915501309;
  -0.3184114488654992, -3.670237833768234, 18.2968857765185;
  -0.9118109282894762, -1.595760644894505, 52.58063703054881;
  -0.3982357425716085, -2.386328605444961, 23.60596219278127;
  -0.3131391545754299, -3.990034071954523, 18.11927940392119;
  -0.376300059321146, -1.360710773234108, 24.95348282896036;
  -0.8982900375166223, -6.768169780581103, 106.714919272458;
  -0.1514948356147163, -3.4616924259352, 17.19095423233565;
  -0.1462117573584365, -3.917442675397441, 17.95254086106917;
  -0.1394991441853752, -3.300095015182966, 17.36769801205523;
  -0.1312530972484263, -3.420296614988033, 18.99376394342367;
  -0.1108466480712858, -3.259902742512173, 18.57020665578729;
  -0.4891845189545147, -5.684313302169419, 90.27996190287477;
  -0.1174567199801085, 0.3847247367183735, 32.77051112920706;
  -0.08071555850524925, -2.36682740406121, 25.09626768434353;
  -0.08149202514177595, -3.572563690394862, 52.02686685370858;
  -0.04032599110476194, -2.971771013253101, 16.1486830606305;
  -0.01110551389902597, -0.7699748920352408, 22.75140406201924;
  -0.03335259061351445, -3.486994962801517, 19.86638550116903;
  -0.002946047202992474, -3.785419198949351, 17.99676822947023;
  0.04390941142289861, -3.903926278700185, 18.00046987691298;
  0.04691432848206788, -3.406974789189767, 17.51052519072814;
  0.3841997062473765, -3.268354410061814, 83.27971097191281;
  0.1143284161395486, -2.947230868319659, 28.22736550988805;
  0.06916463614238401, -3.782621536311347, 17.06224774701434;
  0.2354601510452608, -3.798612272248382, 42.68018549912863;
  0.319661678920201, -4.477466940640213, 39.09828526788661;
  0.1201339780854226, -3.348178532410413, 18.50518439254349;
  0.2026993687546972, -0.3150054163441308, 27.23967795416433;
  0.1371093545861449, -3.765736229326038, 17.33998280383323;
  0.6302721910046703, 0.7449819428185401, 66.03312788274619;
  0.208089907275043, -3.547981928232876, 17.75370673717346;
  0.1964134013454442, -3.610186727898241, 16.38968276598437;
  0.3411025579291791, -2.562120654037482, 26.77385016539263;
  0.4105221132419998, -2.941602450012586, 31.95757614229494;
  0.4079204600475976, -3.477993256856173, 32.06040476303348;
  0.7232561049778319, 0.8597474056262336, 50.05359016166818;
  0.233092797463502, -3.226691332955977, 17.872967396823;
  0.3556858483091923, 1.037197828498552, 24.13104979814393;
  0.929911118851573, -1.54660070361591, 56.41446896919004;
  0.2976842141047544, -3.459744652355204, 18.15118391564156;
  0.08940219765527981, 0.817991442604369, 6.212787028745876;
  0.5981253794710832, -4.244595671702421, 34.44993281937554;
  0.8259424459172621, -0.2112073842308644, 43.7543647848218;
  0.6133151670450033, -1.777975200973982, 32.60421907274725;
  0.3056762600896026, -3.749242984692402, 17.36722961971929;
  0.8828064879766957, 0.5363868506741051, 41.38590082984336;
  0.3981593571379458, -3.215818119890797, 18.9643764733993;
  0.8117814001308592, 0.9786629957913799, 35.60794854577945;
  0.3871051824527884, -3.568014486157237, 17.14670464004952;
  0.704866664697675, -3.991478024473449, 30.71724282227472;
  0.3768940354158682, -3.712710255319765, 17.00398701416871;
  0.7824584015195431, -0.07690637633003522, 31.53593726251216;
  1.012951777538888, -0.3201052615172013, 40.42271625319524;
  1.324485277910155, -0.7897500815472205, 50.98322481664263;
  1.238366533489931, -2.140969979073296, 48.30977327951847;
  0.4036577766014846, -3.318435120653601, 16.70658128895648;
  1.054691052880784, 0.2787936583318758, 40.60417825579722;
  1.59429697475248, -2.305378168710387, 60.76295196661225;
  0.9631164626970336, -1.855375908921852, 36.4394072401757;
  0.8567528916191155, 0.523889710198062, 32.70597271365202;
