m=[-5.881420897908978, 0.0807710596267809, 8.587893605984748;
  -7.646384032950709, -0.3044334726347336, 11.07412956701112;
  -5.438073652128538, 0.6861643266455726, 8.497223633160562;
  -5.327897798561434, 0.09074521220136901, 8.711594366966459;
  -5.339938333433808, 0.3040510622202563, 8.741770357719167;
  -5.288974895277812, 0.1405820387012351, 8.825955816587088;
  -4.985300851756232, 0.2790206260089417, 8.536331534168046;
  -4.939601589520327, 0.239148958090825, 9.213062309821796;
  -8.236059774419019, -0.07793545284928118, 20.16029489481683;
  -13.03759945997458, -3.722059203237191, 31.86596494986283;
  -14.8934446213813, -2.431546268291363, 36.28241903542091;
  -15.248917465014, -2.700256095780293, 37.46918338634751;
  -13.79335628843848, -2.630160979509619, 34.11547313872926;
  -13.01008126905218, -3.403518669106851, 32.40116375221717;
  -11.38191946341837, -5.77550900445426, 28.52628429435232;
  -19.19936045816364, -1.195080073710883, 47.50844474633345;
  -16.73594125070287, -2.922863831592168, 41.74473358223321;
  -13.07671194624025, -3.954520996041744, 32.88057098673814;
  -17.01401523241432, -2.313215987790144, 42.7068483267066;
  -12.64999938059969, -2.733780411779494, 32.43261559970978;
  -19.09691403577339, -0.7154842233625003, 49.36467796246321;
  -16.53049501654987, 0.1451303208749318, 43.22134002542661;
  -16.7378801997823, -2.601465078576516, 43.87074404268972;
  -16.39515545972494, -2.73874266327919, 43.75218742522947;
  -9.783246147214303, -4.188967161327488, 26.58317053138156;
  -16.30026704018339, -0.160787745786193, 44.70132560721433;
  -17.23238391284855, -2.138746596472883, 47.66903818344312;
  -14.29875351747749, -5.845651773613732, 40.69242362220209;
  -13.37421180752673, -2.306474845732263, 38.29996451307069;
  -12.99069057553284, -1.866973299712884, 37.46323931064742;
  -3.266525068660655, 0.3987625901721337, 10.52416898310779;
  -12.56892458819132, -1.135276383689685, 38.33540479116544;
  -3.16765815300416, 0.1266201116536722, 10.62479137766986;
  -8.930677979297547, -1.894279567293566, 28.74620704511087;
  -3.134895568086437, 0.718569557284495, 11.0025968921376;
  -8.619211992764235, -2.429568378379628, 28.4637141992806;
  -2.828250162562922, 1.117529303426004, 10.32133387667353;
  -9.079814801346826, -2.612112148727306, 31.19240609259225;
  -2.757719214266852, 1.150870206098892, 10.24145423266693;
  -8.134598641419208, -2.927958308873706, 30.03264266529264;
  -7.505230422107757, -1.340147242963636, 27.92132090905977;
  -2.558250781350112, 1.139612820084451, 10.24211409717678;
  -2.634293112937518, 1.208803239970428, 10.58492430621602;
  -2.484628321450781, 0.9009914627137945, 10.3398749683271;
  -10.43264844618993, -6.978625138801437, 41.04052402222875;
  -2.287770099939237, 1.114495048282441, 10.30032912175488;
  -2.254800180876495, 0.886668882445227, 10.38099910088969;
  -2.227517026172396, 0.9312985631484796, 10.36683862228139;
  -7.322532616280838, -1.79703143223292, 32.0139333674513;
  -1.573370367393596, 1.675241880958119, 8.014721927000679;
  -2.136766383159824, 0.1707273704636086, 10.99551091753265;
  -2.01593271284009, 0.7789490312716545, 10.58721915469333;
  -1.960476627613017, 1.170779569210042, 10.35891410961394;
  -1.933598772285284, 0.7401018929803817, 10.51248051005297;
  -1.918724116737625, 0.9144189693341849, 10.56026259847834;
  -1.533208237613031, 1.659713687684328, 8.729941935105428;
  -1.500476241070422, 1.688029329091671, 8.671257985476123;
  -1.839484457053827, 0.495821739120962, 10.58139095863104;
  -1.441010203888088, 1.56334007727374, 8.603095914991298;
  -1.83838227653988, 1.377730900535045, 10.78492249441525;
  -1.878274438238718, 0.2036695540212241, 11.42186789849437;
  -1.312471526029009, 1.652392855677864, 8.785326470598811;
  -1.265834238714914, 1.584767332541297, 8.660400382915503;
  -1.222759919947587, 1.675834231248636, 8.945729186681625;
  -1.676059103044808, 0.5635548209053932, 12.15976283885177;
  -1.133841592199271, 1.668632449126148, 8.964701350391884;
  -1.776966720570291, 0.6660855485493245, 14.04563798206859;
  -1.87892201348496, 0.58072434257485, 15.63030569085572;
  -1.800310174454914, 1.276254838024163, 15.70311006329364;
  -0.9613354184671343, 1.55791753394169, 8.997386157469853;
  -3.093206346017368, -6.590665037366056, 30.74081519644615;
  -3.027608897611272, -6.828613406164708, 31.05048879739243;
  -2.605970188639367, -6.642926266557972, 28.2335699083193;
  -2.394826317483405, -6.22754440537145, 27.62041321284427;
  -0.8117441016282557, 1.668076768471012, 10.08095816759742;
  -2.29651374536168, -6.431306946564587, 27.58107006153472;
  -0.8153695675758425, 1.680633384659798, 10.56946919887297;
  -2.120394270732783, -6.211409163202945, 27.60201339457639;
  -0.8465790696721643, 1.636580347285936, 13.9239474873981;
  -0.1951266122080224, 1.62264690365542, 8.061223136400713;
  -0.5836197620563393, -6.826518420417767, 28.47699486076653;
  -0.4779997707497865, -6.641892612870654, 28.22456087570753;
  -0.1169194719478257, 1.622918406974137, 7.677343912024988;
  -0.007751555262208795, 1.592879391911134, 9.600986351799079;
  0.1933796642577972, -6.43062083658039, 27.91898338739192;
  0.3295143592859154, -6.402940724904235, 27.30667207081877;
  0.3752982053007912, -6.732421381310629, 28.0771875487028;
  0.3545915386496524, 1.626186105316122, 10.51140390284905;
  0.5768437744728914, 1.610767081799069, 12.03367890152598;
  0.5383352740848496, 1.604197008775351, 11.04536570561518;
  0.7661150473851621, 1.593367095180927, 12.46773809041804;
  0.7587219969801243, 1.597021739492011, 12.08008864906035;
  0.6127638421550571, 1.612946507278626, 9.468282866251977;
  0.7236901335472366, 1.634932329788323, 10.65804703959926;
  0.9437444672335761, 1.640537289321311, 12.30356297441827;
  0.7672234668966964, 1.6296483293094, 8.865373655242902;
  0.6512312700553409, 1.63694674278188, 7.527504848093979;
  2.016471553384073, -3.870411828004232, 16.90025470050238;
  1.248878925863199, 1.372608581357846, 8.948121908413262;
  2.113401141933012, 1.643362489756242, 13.39716913025352;
  2.198923129797494, 1.659317446662979, 13.44086977139804;
  1.517585999069366, 1.629162083064834, 9.211282302680941;
  3.001950336616245, 1.434031841092046, 16.22289692196366;
  3.357847232755656, 1.032603223934315, 17.18200652194787;
  3.498505238427832, 1.208773572471946, 17.75350155878865;
  3.54390630254398, 1.025537044542797, 17.7320833619409;
  2.838893764401015, 1.711184354242236, 13.94854240373285;
  2.480174748334485, -2.623449470740519, 12.26388543567221;
  3.777850932088378, 1.442912154077176, 18.23635443832785;
  3.954853107592041, 1.430896176024849, 18.54884875141688;
  3.895089731370976, -1.928659626635671, 18.20435649220563;
  3.703907808771312, -3.366202070037588, 17.11026017575372;
  3.454086012228435, -1.30094706337617, 15.40579070365804;
  3.343360362442146, 1.755845340143005, 14.88367538787726;
  1.43862291153701, 1.437438621777089, 6.797394407485756;
  3.801896088293714, 1.388246046557247, 15.47406933316521;
  3.381695875655425, 1.691019655172196, 12.67988540220984;
  2.8925112129374, -1.911732490814719, 10.79612130016752;
  3.353051896436664, 1.605337094109733, 12.00314380436442;
  3.430683960165274, 1.543360123174807, 12.14421003064932;
  3.025012163338474, -1.905665706287238, 10.67482284379567;
  7.044927562251805, 0.3231132233562327, 22.63849641084927;
  7.553705970364301, 0.3056426813815038, 23.66166422226333;
  8.003843053517308, 0.2710601332755609, 24.65607659009386;
  3.264466546651091, -2.311563558633738, 10.60981220131772;
  7.974487667063518, 0.5149553568112638, 24.26435409208527;
  8.070102996041214, 0.0852226121678082, 24.45660189603001;
  8.558888555841513, 0.7366407543555208, 25.81426371900211;
  8.026158734147973, -0.05600694224323487, 24.03501711310946;
  9.031919904059153, 0.1880839726421144, 26.67803014634252;
  8.3915040768295, 0.05063275037977722, 24.53919377650198;
  8.316050119661439, 0.5127321530988961, 24.30130001304854;
