m=[-1.895524383104995, -0.3834288645254008, 3.888647140444578;
  -1.146205876133954, 0.8571906743069768, 4.545478265906832;
  -0.6989699600706611, 0.3139278978910737, 4.147279958232783;
  -0.6831007760480159, 0.3199073460733913, 4.112018066870372;
  -0.687958961667953, 0.001327981156878167, 4.246704536157463;
  -0.5438243601397064, 0.2660280918779833, 4.149216016323917;
  -0.4671561418810163, 0.2168202507722803, 4.176617631392632;
  -0.4711854373254198, 0.2028474566055142, 4.257000452624333;
  -1.181717217402361, -0.1713746737873977, 12.10164317420652;
  -0.4424895930404377, 0.2212276849616963, 5.303564103519781;
  -0.4269798015120666, 0.2397418268900599, 5.969606019065911;
  -0.4571554072831193, 0.2303563030703471, 6.585311631754347;
  -1.296475801306151, -0.154704747436097, 17.96299421996678;
  -1.534591784868866, -0.2068491759634492, 23.64431066000455;
  -0.5333578965543551, -2.024941649809072, 9.781121203070539;
  -1.164976898722236, -0.05891321212952604, 20.54007632357753;
  -1.590292318674986, -0.5934266558992773, 27.82414334000956;
  -0.4922046062665061, -1.895046761736404, 9.495805641399571;
  -1.643338237549183, -0.8354099938894868, 30.49489603412341;
  -1.145578483759687, -0.3886111517875541, 21.75728291142704;
  -0.6197914764766477, 0.3538984155310926, 12.2221308865606;
  -0.6661572194760252, -1.02698006271461, 13.08902694544709;
  -1.069791197758811, 0.1352522052322663, 20.53034545864876;
  -0.9110416857369903, 0.252663088153793, 18.14395664840479;
  -0.4721414269001474, -1.846830440926918, 9.963908245685564;
  -0.8679768655455721, -0.1677515824688592, 17.71553608503913;
  -0.6713717828736977, -1.23926197984331, 13.83429493587378;
  -0.4559443585631612, -1.88371201506355, 9.944817746228274;
  -0.9328530463717337, -0.3371668975307724, 20.58550895566042;
  -0.4371949658626237, -1.693466876583924, 10.25203645467857;
  -0.7385753508691758, -0.1619780191760073, 17.29916402611529;
  -0.7422910203927581, 0.01979756310698039, 17.90004732865729;
  -0.3777042523384914, -1.927167113700529, 9.297365864506125;
  -1.447794050912212, -0.7980225927711203, 34.2311573404973;
  -0.3597092203871605, -1.961309915149193, 9.64187011642225;
  -0.4840174272787655, -1.025500589947015, 12.90538222175768;
  -0.4829435802476736, -1.115391654078128, 13.20520240609253;
  -0.4645601423385765, -1.27804409803626, 13.02420180230018;
  -0.3406560494667421, -2.035893472941757, 9.678413685488675;
  -0.6295696213722481, 0.3728924414231599, 17.81893763583518;
  -0.3312169322561548, -1.81311695052614, 9.96440774794835;
  -0.3637003606957382, -1.447301362295704, 10.95530274646687;
  -0.4282693670839368, -1.451923150004353, 12.99110660565498;
  -0.4550212913658104, 0.3764759423862276, 13.88549608397667;
  -0.3013862273421925, -1.510367330155732, 9.532864039968256;
  -0.8544675315078899, -0.1832866347930203, 26.09791127669227;
  -0.3650983166577471, -1.384284573954823, 12.57764282900573;
  -0.837080775474769, -0.8930918636938756, 28.35246391939043;
  -0.3060140715999035, 0.1078326452634171, 10.83278205995294;
  -0.3185727903840634, -1.27341835263066, 12.87781239124112;
  -0.2225765333665888, -1.815383274342679, 9.247708301983971;
  -0.2365950391661076, -1.778429454854318, 12.7846456329486;
  -1.059250064935234, -1.853793932802006, 61.08288622228793;
  -0.2058957013245235, -1.23377876289071, 12.20474613789576;
  -1.878527016811597, -6.792802409327787, 124.5702478556908;
  -0.1625619709806252, -1.707599559124192, 12.10668778912664;
  -0.0980289912497259, -1.756919418153428, 9.070950709961132;
  -1.563147319323022, -11.77753955558331, 185.6985305700094;
  -0.06639215569015582, -1.730099099596837, 9.607673718259415;
  -0.05291287262162015, 0.1733139746437081, 14.76273031818675;
  -0.05950812818762672, -1.744960589595654, 18.50240451837777;
  -0.2304939999147021, -10.10472489199445, 147.1540389783911;
  0.09344321238247821, -0.7949135054360829, 20.25489242433013;
  0.05957494976589223, -1.535761071983341, 14.70888812298821;
  0.04599169759476164, -1.647355233951182, 9.355246342112238;
  0.08567152821402883, -0.1331380338266235, 11.51293589480984;
  0.05953454529080342, -1.659249861331871, 9.170575684667448;
  0.1137267988050654, -1.696598436106633, 15.51198422886185;
  0.1559424838758707, 0.1843240686545445, 16.33797290614104;
  0.1450031334962635, -2.115754930693084, 17.74383644849652;
  0.2019437810644084, -0.1309675298145451, 17.7869900997786;
  0.1846433090441472, -1.386909669056359, 14.49303787225393;
  0.2031658865357476, -1.455788251874836, 15.81568709468183;
  0.2009864968853344, -1.713642117398995, 15.79648258215857;
  0.2537161800496532, 0.3015969392609186, 17.55865675544985;
  0.115349412424173, -1.596775847992139, 8.84470180947031;
  0.1638597129441799, 0.4778231668535778, 11.11685188421759;
  0.4261786051836279, -0.7088076669704304, 25.85477171964218;
  0.3178527202973871, -2.25564125368861, 18.30720654318956;
  0.3362571326195424, -0.08598660809915414, 17.81324753905128;
  0.2964231488998989, -0.8593183995072573, 15.75804057077349;
  0.3694997726844853, 0.2245053951169656, 17.32212116385517;
  0.3893589664414012, 0.2987841788581004, 17.37276627913251;
  0.3318130530575258, 0.4000253719728184, 14.55463517418083;
  0.2268724828540252, -1.589163728492397, 10.14381979679187;
  0.3528286258074592, -0.03467886730292831, 14.22028492028979;
  0.5956977593693825, -0.3551963633614499, 22.93010975299015;
  0.5839588632001365, -1.009586710650097, 22.78075151648413;
  0.6733319132525508, -0.9736483965601352, 25.66249284196493;
  0.4324340095688068, 0.1143082224747349, 16.64812416910271;
  0.5707253876290095, -1.099462189496443, 21.59333333778001;
  0.3470764059506078, 0.2122312740449838, 13.24941132223162;
  0.4205035274661107, -1.451694872152241, 14.28697520285053;
  0.6627288203625437, -0.8741333403152974, 21.00214112350408;
  0.4150774565567865, 0.3604347686036115, 13.07757755170195;
  0.6978062588322771, -0.7791314089059055, 20.71109972652716;
  0.5138321575000799, -1.337120307071815, 15.52952953766028;
  0.4117017687643031, -1.545814964583162, 12.10379933386949;
  0.3936871261141845, 0.3676773359357971, 11.1629501278591;
  0.4468886052431686, 0.09850386097704292, 12.42396082760729;
  0.5118214019502176, -1.513981965476605, 14.33486603048837;
  0.4360611262209634, -0.6792807986721101, 11.87347735045909;
  0.4377595412603679, 0.1261606268602391, 10.90993428880881;
  1.017519547179257, -0.861157984213645, 23.03615834379938;
  0.4250902150062486, 0.3439316836198699, 9.924634072768729;
  0.5661547650406609, -1.049817123672289, 12.7457133866742;
  0.646556069152367, -0.9929253046188303, 14.39371727750679;
  0.470205797335657, -1.232760754565162, 10.12783366842111;
  0.5104693966224833, 0.129539099319579, 10.49078470952834;
  1.040655060730888, -0.7515748166539454, 20.1161048054336;
  0.7040424327006002, -0.752864345697291, 13.56535481205023;
  0.5067554377327299, -1.293753190276797, 9.951732704841072;
  0.5899963562045392, -1.091402727815072, 11.22370770502551;
  0.9065730208375221, -0.6612063175361094, 16.22931297390036;
  0.5915158298577646, -0.9296666264741179, 10.69216890136701;
  0.9378801596133157, -0.4220819065292346, 16.20160116141702;
  1.020506535011522, -0.07184395333796562, 17.06568219542834;
  0.7497883991380715, -0.603079042634009, 12.88101336512097;
  0.5942800039863815, -0.8976777141289816, 9.946911506375297;
  0.6234272121469893, -0.9786242728762615, 10.19519874161057;
  0.8685485870415862, -0.6497467614250772, 13.66996671205366;
  0.8409952203704518, -0.7349710020207373, 13.17109694702483;
  0.5508675695727525, -0.744944187705432, 8.911622870132742;
  0.6716816900027502, -0.9714653397930824, 10.29218219479559;
  0.9242823598093154, -0.5585181820507813, 13.35847461385122;
  0.8827329264033295, -0.5967829525364274, 12.77405164423773;
  1.098002983976016, 0.02344995847279751, 15.20855966704467;
  0.6590024655476522, -0.9008423848154794, 9.516354449316967;
  1.050440888898303, -0.4203043246160301, 14.29289610288732;
