m=[-10.16933588669005, 1.533187103122821, 17.70906630194795;
  -10.15669826740952, 1.502891940832887, 17.97887563484176;
  -19.24477876230622, 0.8365682937972595, 36.83061971126453;
  -13.19553766214859, 1.271705790815159, 26.55333996483201;
  -21.66852402507656, 0.4559456385048607, 44.20423492917522;
  -3.829938129674624, 1.846697944973874, 8.997345758819296;
  -9.615247088780443, 1.453156470754058, 20.90841895206151;
  -8.572187791257395, 1.462074997917536, 19.34497009185333;
  -6.170403097515056, 1.691843522807647, 14.69983401845104;
  -6.523731679630909, 1.651515924960027, 15.64222321935482;
  -16.5490192662893, -7.525388107365726, 38.17520827117547;
  -15.38790281078208, -7.18197205591487, 37.15920025550307;
  -15.04621206796038, -6.95728599037584, 36.74395931085526;
  -6.165532101654835, 1.674528251067422, 16.37132056156302;
  -6.156346128526506, 1.642665549870029, 16.8321144327356;
  -4.349079616600909, 1.777156071633707, 13.82568465459858;
  -5.245929601536026, 0.8539671492973568, 16.57697948037111;
  -4.017744948452202, 1.806869695814815, 13.47047787970911;
  -3.406685587535407, 1.864196490669924, 12.44193192270851;
  -3.35570173854349, 1.823259528987972, 12.39292825237784;
  -3.188043282923022, 1.882144831472585, 11.95132799315154;
  -2.558513091668794, 1.909140445573569, 10.82232181907842;
  -3.252584130657044, 1.72642441580432, 13.4276742640005;
  -2.408233053960374, 1.917352071232707, 10.6308529331189;
  -1.552981456730517, 1.910461292439051, 9.93344010290947;
  -1.475890874530679, 1.947821676988736, 9.765917579884338;
  -1.409095542706085, 1.91591423257498, 9.797341445775496;
  -1.367865503421461, 1.952869275296494, 9.707296398029158;
  -2.333128155508914, 0.3390591209277911, 15.11485758903982;
  -1.303940823220162, 1.975519601068519, 9.756127856456212;
  -2.056522134715233, 1.670923599592261, 14.95451925430744;
  -1.926794248853336, 1.058851696241085, 14.17926964878235;
  -3.013695249699025, -0.05724396440416421, 21.4800273226478;
  -1.82130311000155, 0.9599564551898848, 14.23267232603989;
  -1.094661337584517, 1.949856727008987, 9.509440627287365;
  -1.788167346998011, 0.6086429157611694, 14.33905908400673;
  -1.021871351416696, 1.96461171707968, 9.310249830254437;
  -0.9930590143882725, 1.962840258200964, 9.482221138779199;
  -1.732945097463938, 1.496702746160275, 15.00726945238973;
  -0.9427133487970828, 1.974249633641553, 9.543965809710269;
  -0.8071238113083625, 1.977727651143844, 9.248007821746048;
  -0.811271612065544, 1.938240790538742, 9.502556090745717;
  -0.6367176191645818, 1.963137116962046, 9.324527421514164;
  -0.9092206706546007, 1.184843367517441, 13.60332155397661;
  -0.9769878394317952, 1.430845825356552, 14.59352910032708;
  -0.9121476432924763, 1.49605371767652, 13.86425265542687;
  -0.8762643305062723, 1.610803876013535, 13.61831805580378;
  -0.7957157107726317, 1.612448859907336, 13.46851631983346;
  -0.7959687991559019, 1.699594613298985, 13.50196476082282;
  -0.2280688748349724, 1.955862283265417, 9.276385864729795;
  -0.09546508801352516, 1.767615078504539, 10.87749065751931;
  0.1447047374838748, 1.962434262509217, 8.978807251026694;
  0.2294890261939473, 1.95429027965517, 9.06483346714435;
  0.2892885996300915, 1.789568509841979, 10.31002733535327;
  0.2784741575898477, 1.927228440052645, 9.083318025666921;
  0.2939127790263604, 1.83063382010516, 10.18017919370771;
  0.3295578801731068, 1.948747256299268, 9.228464529907337;
  0.383872985331889, 1.800247183567612, 10.12538170471417;
  0.3999755341879078, 1.982670631144127, 8.978180939592907;
  0.5601308735133785, 1.78848146728192, 10.13923675139377;
  0.5994810812446786, 1.917954424129151, 10.42734196804314;
  0.5679259692112108, 1.960191085404286, 9.123546775657948;
  0.6313312374273186, 1.718354436926803, 9.797819335787979;
  0.9128560040542897, 1.729486168252575, 11.90677573125629;
  1.226361315476058, 1.472460973793767, 14.75373705620186;
  1.832789760462337, -1.141026367110663, 14.53773978287014;
  1.872298971604755, -1.47040694799904, 14.82628489272408;
  1.903088277069631, -2.759424069566637, 14.91077659327671;
  1.924867419673769, -3.356662218236555, 14.8879017914843;
  1.939146077624796, -3.556526644468966, 14.94122459761258;
  1.942601711260136, -2.121160687065085, 14.87664833763248;
  1.948224110235617, -2.537667393616341, 14.93713903235566;
  1.958952788872045, -3.195647734859243, 15.00050110575982;
  1.975239540055609, -2.377274544823578, 15.04840230331543;
  1.967504087866129, -3.016388323543596, 14.91816626364633;
  1.97615258686399, -1.399936581379726, 14.84245712351413;
  2.23860073855989, -2.747054614779066, 16.63200352929416;
  2.036985797982072, -3.067853924329961, 14.84124665877808;
  1.996388667993718, -1.443849076339354, 14.61880266488416;
  1.767451876568729, -1.696413345785795, 12.69988418292724;
  2.135889189237017, -1.345730898193039, 14.52174204276803;
  2.19330576763866, -2.228700644995393, 14.52242155536537;
  1.373436589026162, 1.967048424445106, 9.035156471506332;
  2.204260464107144, -2.106646923316878, 14.44168716598989;
  2.299284623482048, -1.267965905985007, 15.03612929535241;
  2.270396578738088, -2.856453387566823, 14.64266052091087;
  2.348577827895753, -1.687202247620846, 14.96171368106198;
  2.378140025598514, -1.314848060618091, 14.92496132530662;
  2.547918106477281, -2.313526309324584, 15.8206862685865;
  2.253531899180322, -1.264585448152601, 13.65344543698133;
  1.487666824279238, 1.946275717226694, 8.935328702475994;
  2.63210835075697, -1.55706129186815, 14.63184943052853;
  2.611454051842177, -1.754585069723323, 14.39344380148298;
  2.832847705360866, -1.983782466329493, 15.20842659982149;
  2.449958445869964, -1.086897079725844, 13.03717881372837;
  2.874089196537113, -2.440281343484173, 15.2289277485773;
  2.75117585195339, -1.762672967159916, 14.59164958068527;
  2.503346617715805, -1.1510549293467, 13.17652146779551;
  2.640639101720593, -1.102027032509641, 13.75054065816249;
  2.961230913455445, -1.923926772677254, 15.41686343868834;
  2.760363850304143, -1.611364480371031, 14.38718606704477;
  2.556555473184127, -1.139019819312632, 13.1852649424946;
  3.13978860581457, -2.522776231879247, 15.8042628522686;
  3.18117513022926, -2.269333034949416, 15.73165483646144;
  3.069721271313842, -2.141336670738363, 14.98342896157706;
  3.174078504141913, -1.917387472890113, 15.38486876503903;
  2.909923388808795, -1.52987818587472, 14.03488227937759;
  3.142709826926708, -1.797402942069333, 15.05949496098963;
  2.825839215923363, -1.041727404503338, 13.38396163658669;
  3.005242025273386, -1.399448698408064, 13.77440156280712;
  3.234028471737475, -0.164479855099443, 14.67954226967057;
  2.785405055899196, -1.00642762743244, 12.57517643812914;
  2.709730070543042, -0.05387432429399847, 12.20243796953658;
  3.451666396891736, -1.845090348506168, 15.51468508492547;
  3.452232776034202, -0.5622546494499383, 15.20250874413616;
  3.501253480637774, -2.017645094704818, 15.46460276114783;
  3.209700687597401, -1.442836501242774, 14.11701571652951;
  3.134995496599819, 0.2432199206769898, 13.62784702650304;
  2.400653490912512, -0.517121992816564, 10.40243492987398;
  4.573208295505277, -0.1124977630675572, 19.6316434884097;
  2.794472352138188, 1.574115116070578, 12.02391605659933;
  3.518931952646098, -0.2490438603499505, 15.05604279229454;
  3.682472891415368, -2.137571761500916, 15.67956482535492;
  3.848008823333585, -2.027918482786657, 16.36775924918531;
  3.347672488716748, -0.6802267109687623, 14.06238627339022;
  3.884220432239905, -2.557495050805471, 16.23987671205741;
  3.149573291107767, 0.329833535241211, 13.13231347926921;
  3.61280479344953, -0.9868588783477943, 14.96055106340885;
  3.650892872149134, -1.493351042291991, 15.00632931273562;
  2.944132393028135, 1.708312933149809, 12.08702780478849;
  4.793129397892075, 0.1155652275395888, 19.4820220113496;
  4.097114219397307, -0.2232485005258988, 16.62640556353569;
  3.605626667719143, -0.4767773539682151, 14.59411213253037;
