m=[-5.080423068311632, -1.531216916032441, 7.735576953184188;
  -5.143274735549709, -1.704825039652688, 7.821349042023648;
  -3.77437670268617, -0.8040154476712279, 8.227048082520833;
  -3.787938248157879, -1.516483597680611, 8.270957959398075;
  -3.779256367837693, -0.5759856437750147, 8.307304829012482;
  -3.976086066243544, -0.2073575347317107, 9.144257264957235;
  -3.91246564592838, -0.3077655213622126, 9.019825199607139;
  -3.91484734569316, -1.702401752029258, 9.072190417585826;
  -3.799440851413711, -0.8143904289791863, 14.83580230662446;
  -0.9761225689077874, 0.583527534438126, 5.320514671189841;
  -4.222364525020574, -4.238660205464193, 22.37945878043277;
  -1.394138369569448, 0.3716514339071234, 9.098328872343231;
  -0.8608924878612757, 0.8561572285352972, 7.454472895564526;
  -0.8937043304363946, 0.8382224260998659, 7.924800076825795;
  -0.9633626450562139, 0.1001611597952151, 8.587394112235108;
  -0.9378084301419141, 0.1501163691201274, 8.782236723268943;
  -0.9330990445992485, 0.3941995783709832, 8.785882799607958;
  -0.9195482696578026, 0.01326720961835881, 8.793714175269145;
  -0.7365515440037104, 0.875115911198985, 8.248378473002207;
  -1.190281709322836, -3.139928265780287, 16.66251645093691;
  -1.136394170354621, -3.362424865536088, 17.31081599029693;
  -1.243798505199987, -4.594961643150824, 19.7130361022105;
  -1.239524500231921, -4.589590224597262, 20.2581793174483;
  -1.054883391274596, -4.085703564175392, 19.83086990223584;
  -1.127959293008575, -4.440235954422896, 23.21914029345665;
  -0.9855695514846299, -4.519813619625686, 20.26862192851351;
  -0.9921843095244914, -4.191317772126549, 22.13499919137847;
  -0.8500640995109792, -4.612279427789184, 20.0043386032735;
  -0.8396584713206455, -3.326389366803246, 20.18804764857692;
  -0.8149765278073582, -4.809736452334153, 20.91444335527835;
  -0.6319394799063965, -3.516410454304367, 19.39167826753594;
  -0.4427950207134398, -3.551750823815929, 18.4505554454295;
  -0.5069774805074215, -4.411001845872175, 20.83626140328378;
  -0.4078724218279431, -4.302493880734343, 19.20887910750651;
  -0.3687805006388188, -3.538504947665519, 19.61726479854888;
  -0.3275173464430976, -3.722974485565489, 17.83379027704686;
  -0.3091762424082861, -4.007960151905813, 18.35871714587584;
  -0.2374018969282384, -4.43920765817822, 19.82049284620922;
  -0.1503439021656447, -3.534715975792339, 17.69224790436718;
  -0.1344667219885158, -3.491077401385515, 19.45713725453442;
  -0.05137317221166376, -4.103321442708685, 18.4261568098385;
  -0.005355667651034904, -3.869348202862934, 18.5358933450727;
  0.05061937786446655, -3.945788451062468, 18.35139346788972;
  0.04007243999844028, -3.497301586520991, 18.08493923630739;
  0.07400812676086684, -3.95190178573939, 17.99661916942996;
  0.09536838855343764, -3.249502048867804, 18.54177751817834;
  0.09684905197856433, -3.576111431322174, 17.57028131396913;
  0.1252541886338646, -3.411240598432462, 18.93869735638257;
  0.140656322626072, -3.833932295597149, 17.80825772939577;
  0.139676326677971, -3.892250182515498, 17.63564971150874;
  0.1686600150715295, -3.726377942431601, 18.45475854185802;
  0.2038493650247563, -3.157945291665442, 18.56444678124896;
  0.1927848338289195, -3.645597653771163, 16.72438253458746;
  0.1005393705837012, 0.9345686503936589, 7.741613698582413;
  0.2908610815397699, -4.219639357894853, 17.94313463778344;
  0.3330944246729322, -4.138062622023115, 18.06081748105173;
  0.3181202063945675, -2.331703828664236, 16.37437832547822;
  0.3643196742821397, -3.969471899344124, 17.74080188709652;
  0.3847755030624057, -3.40966435190964, 18.46136323648017;
  0.3591749010165761, -3.681693306813366, 17.04158819642225;
  0.3888599475647324, -3.608913241791375, 17.51552797293529;
  0.3987360571896474, -3.189053160434081, 16.24254976652938;
  0.4760301655281987, -2.926450282062781, 16.77078743559805;
  0.6273721654912445, -3.238868982710311, 20.35218716093947;
  0.6569674428062562, -3.153737374435676, 17.42327600836451;
  0.3260178584973224, 0.8663270022805764, 8.00697442959077;
  0.4438287602624245, 0.8815537192251666, 10.00055177129353;
  1.256662456224439, -2.489356273218295, 19.02554828769172;
  0.8250045148264572, -2.408219012032335, 12.86041453171679;
  0.6329801066161002, 1.030047250757299, 8.439746936822397;
  1.344561905580656, 0.5488757746546549, 12.42200622214154;
  2.106872645557812, -1.697397100732386, 17.84961232521099;
  1.469919471856874, 0.5535802985317453, 12.38848458639337;
  2.079399446105928, 0.6296929088657054, 13.85869793453547;
  2.376420392533947, 0.7149198599893134, 14.82622276832198;
  2.852345130573337, 0.8319218534821147, 17.42330511121651;
  1.918547268302614, -0.6966592560047896, 11.94733243420663;
  2.877642135314442, 0.8767882753375444, 16.77427911960169;
  2.985810935543825, 0.7801136564082821, 16.77046045940956;
  2.387753131427244, 0.7782676505352141, 13.55223704373488;
  1.552598404842281, -1.50852933391474, 9.118496288170059;
  1.668410051862618, -1.33702255087568, 9.210599121502579;
  2.679095134718792, 0.581085253047136, 13.70863738763269;
  1.711409982260793, -1.152051892249727, 8.883793445508573;
  1.726021015302116, -1.397921539096655, 8.771993640715387;
  1.678739324663317, -0.936676874559864, 8.365606083564101;
  1.722280958030348, -1.060025384107209, 8.206499945500362;
  1.773844157043739, -0.982209834758448, 8.282687505658551;
  1.771641668461349, -1.058455026580881, 8.262504129832143;
  1.808339800864424, -1.023988061543464, 8.174448898815168;
  1.839110095807145, -1.043882576593257, 8.149119429493998;
  1.868291257864875, -1.669769952931022, 7.999634659707244;
  1.928746112402471, -1.43490601725525, 7.523424135433556;
  3.38565312363122, -0.7448191603020874, 8.891084632689667;
  3.418199775204711, -0.9436026189577383, 8.956359753729766;
  4.950784510658304, -0.4612595738838423, 12.48166312829059;
  4.953016133961653, -0.578316614362253, 12.32999900290143;
  3.516523278812746, -0.9283656629154241, 8.922235341435121;
  3.457377815593473, -0.9194857969430498, 8.675469655030321;
  3.585405970418659, -0.9854348732171185, 8.948139099680402;
  3.511296513442896, -0.8783269550584557, 8.737972117248708;
  3.591668265575459, -0.9312496523221996, 8.82396085892103;
  5.138682169985488, -0.667337560532166, 12.06654220219674;
  5.212783589536414, -0.8188678881656791, 12.21890292322751;
  5.69129114910788, -0.8552682462991158, 12.856986736793;
  7.650972007300728, -1.558008422153797, 16.90002182971986;
  5.466367854834934, -0.7288248054712204, 12.35100290456926;
  5.923174594916007, -0.8544076913305964, 12.77033932777529;
  5.568544830697597, -1.792529488153203, 12.05408100754691;
  5.796518741250503, -0.5374056468780576, 12.38230454395681;
  5.950887734416915, -2.058507243231391, 12.66624872073153;
  6.058907546553474, -0.9420739890670897, 12.73346222425958;
  5.957602940587742, -0.5514017529470682, 12.53041758807892;
  5.997325751353713, -0.6817065033765453, 12.60553484175855;
  5.723290593091161, -0.304546720671229, 12.02707674964944;
  5.913854350155215, -0.3884361898028719, 12.3649602684953;
  6.008277206260369, -0.5224981952641863, 12.50866308911371;
  5.882882206835981, -0.2407637643918194, 12.20388625296392;
  5.911145664082823, -0.5498841193119535, 12.24191741501078;
  6.021393710746793, -0.3142313579256977, 12.34513037770477;
  5.983894508288044, -0.4160651677274382, 12.25124769376458;
  5.868868939111064, -0.1865592679535425, 11.82122197882077;
  5.944249117320468, -0.2983687704162898, 11.91806131295198;
  5.850548899889166, -0.2110274530383787, 11.63776846759367;
  5.980290304827514, -0.2691249671214958, 11.78110628174388;
  6.031094610000451, -0.3786457227732349, 11.87054785621228;
  6.036741391114298, -0.4630904401150798, 11.87788262466552;
  6.046584123744631, -1.508955590372698, 11.84184663729331;
  6.017216449841941, -1.424396009067708, 11.77465783293853;
  5.996846882238982, -0.6359970573688712, 11.72464507951371;
  4.072413936546234, -1.763174229692317, 8.222802418466202;
