m=[-13.12389446225285, -1.344425759350679, 16.74292307338887;
  -13.16982258979164, -3.754148790636958, 16.82429319890318;
  -12.92447119951085, -1.552873489897899, 16.66265434228319;
  -12.97263516577723, -1.347893863778927, 16.84167025625586;
  -12.68943195298863, -1.848517125304368, 16.63182866444997;
  -11.6518730498249, -1.919287465606748, 17.02147142857571;
  -11.50263646111773, -1.216643509511816, 16.87850104808093;
  -11.06016394030478, -1.499410918847462, 16.27788838086344;
  -11.27822930268097, -3.693888638739076, 16.73902768591215;
  -11.11680659088978, -3.167563884518313, 16.67006309465415;
  -11.04893550277075, -3.664008245863426, 16.81206011598766;
  -11.17350298417619, -3.909160848292764, 17.01224513724961;
  -10.93089747819017, -3.593716972821708, 16.8716175694295;
  -10.89744268465051, -1.202729188617158, 16.90677750416991;
  -10.72621967160289, -3.690830453744674, 16.82924370021883;
  -10.90430063261807, -1.05511712525034, 17.31299001766501;
  -10.55384122276856, -3.709036778638922, 16.81849149962071;
  -10.22034077065804, -3.150714994650035, 16.3783437168334;
  -10.812118602133, -3.426378573524981, 17.2724211308865;
  -10.47494339408813, -3.876980760520723, 16.87250850590289;
  -10.52789417297257, -3.690325220860075, 16.98255406997106;
  -10.48114925950208, -4.160262545602905, 17.08200440536536;
  -7.885767932833757, -0.8917864716351261, 17.0804514896717;
  -7.927021097544201, -1.879355419578114, 18.24963535967239;
  -7.715842542666088, -3.274136989902747, 17.82462565429889;
  -7.975452845614221, -4.071268655141457, 18.4563364426768;
  -7.914636234913085, -3.729240988226678, 18.69479187034379;
  -7.960026652106938, -3.531950097561562, 19.04657720701142;
  -7.82412227941253, -0.8032051591524276, 18.99527047158258;
  -7.903823537489762, -3.635200028047821, 19.2907882011097;
  -7.889238530745676, -4.004237095412695, 19.29102376221896;
  -7.95652737292462, -1.767006455515982, 19.48012407168285;
  -7.830578702067951, -4.729290152032145, 19.52273358939667;
  -7.934111847995559, -0.4826051879717272, 19.81947316146417;
  -7.757781218446191, -3.305096294584846, 19.546504029492;
  -3.131683750642545, 0.1944287528838314, 8.998903463027272;
  -3.110901885919486, 0.441998265367088, 9.079612926712416;
  -1.959877837594206, 0.7494826716001716, 6.161503206435252;
  -1.835720003901316, 0.6428389989565162, 6.176818265706803;
  -1.803679132821971, 0.6717553719180273, 6.141093530571317;
  -7.770686342068235, -5.341426830605768, 26.44708415772285;
  -1.85750278178435, 0.9145707843830034, 7.117565504970481;
  -7.806542109583769, -5.441525686598333, 27.809245384106;
  -7.945296656896335, -4.732151627782687, 28.37533981591165;
  -2.126714919388197, 0.6815106614248873, 8.640988748529443;
  -2.743730258396147, 0.5613372487623595, 10.96497524938265;
  -1.951059982775425, 0.5748739474555981, 8.539412149701233;
  -2.000732978977744, 0.8656550032584477, 8.856456018080555;
  -1.952909458709714, 1.060187954451822, 8.695641354214713;
  -2.128045580698074, 0.2004178253385715, 9.597526431463997;
  -9.674463822699179, -2.816639291676709, 40.08404619761017;
  -1.893511491330489, 0.8218567748308028, 8.825311737769642;
  -2.087122083518887, 0.1856452140413998, 9.896274917882879;
  -1.89447860879827, 0.4747914322658476, 9.456731438110175;
  -1.801392275711688, 1.215281515448498, 9.129025091381898;
  -1.767697085419505, 1.114349790608265, 9.213195014365541;
  -1.788806837151856, 1.055365347936528, 9.360565608643416;
  -1.784975683730221, 1.017027532172733, 9.443534308429596;
  -2.178680273035289, 1.192875753881826, 12.83801106438628;
  -3.265116114212739, 0.2860272314941655, 18.80338590299502;
  -1.826004792221689, 0.6269869541346108, 11.08147958634552;
  -3.192907257087688, 0.001649533967544618, 19.02818534996256;
  -2.99335674241904, 0.4792251597744548, 17.99682864476341;
  -1.874119175352355, 1.474892310885196, 12.07427678207404;
  -1.881106401498676, 1.165533764930982, 12.32335632369637;
  -1.181586827431018, 1.697118959708063, 10.44030009793819;
  -1.86657527685443, 1.62568542268026, 16.51418712707631;
  -1.669836136110578, 1.500738204809281, 15.11494852204893;
  -1.134638642858684, 1.703338974413807, 10.65171843864301;
  -0.9955184791313105, 1.693891859933312, 9.551991405087918;
  -1.543548346523611, 1.669984676450542, 14.40593058034175;
  -1.812624798186207, 1.55036945863066, 16.94164013049099;
  -2.037122691818695, 0.0515003154666195, 19.03223002770242;
  -0.9830626163773276, 1.689802821582166, 10.07345943317717;
  -1.997753262695305, 0.1539858681211008, 19.56186607824843;
  -1.957240506685803, 0.659586174737873, 19.26189372429903;
  -2.064659045619476, 0.4885939147980919, 20.44142017575493;
  -0.8769971539408809, 1.730411301718456, 9.871677154613796;
  -1.962535104798947, 0.5996088625498016, 21.75398889967081;
  -1.502278884171799, 1.598357097596913, 17.50668429041872;
  -0.8552169188065601, 1.672934110943453, 10.84245340650321;
  -1.999424950908493, 0.5812419662500067, 24.44911316258997;
  -0.7854437438333789, 1.674126228267593, 10.21059701561808;
  -1.85899120349045, 0.6515178263019726, 23.53399331862619;
  -0.7185630366077925, 1.669519201868043, 10.39525388341355;
  -0.9212354242670593, 1.624280100108301, 14.40236986127465;
  -0.9089646717250375, 1.691153048873072, 15.07352186480962;
  -0.9883682381272897, 1.509909868433163, 17.90376442332723;
  -0.7486229488074374, 1.706533527734786, 13.69427166991552;
  -0.4162517649415156, 1.68507048949793, 9.677955427679397;
  0.01930990886375703, 1.64297061962956, 17.62726926765643;
  0.1760493759155885, 1.724195452541941, 16.48143370386103;
  0.3700637657743705, 1.623454559365732, 15.7782248024159;
  0.5326305614426733, 1.710065361201585, 16.12419528094855;
  0.6997420384602122, 1.625522535289952, 16.11904525648912;
  0.8203069283102785, 1.624937518661748, 16.93908443790022;
  0.6870663749968553, 1.59863946917152, 13.10421245414118;
  2.294059815149637, 1.208108817834642, 27.89991239865044;
  2.716962625379216, 0.934141214282501, 26.3852360229339;
  1.879192401517548, 1.658322754015331, 15.51462314219748;
  1.818484977823853, 1.649329037668156, 14.72905575601;
  1.036690506153635, 1.654351605376119, 8.524973787254847;
  2.332520285423052, -3.742889165324476, 16.95866141512317;
  2.370150509559887, -4.038083023730983, 16.89238820226826;
  4.61984953376418, 1.353207048986852, 31.68486483944963;
  5.073839462223986, 1.315974208444283, 32.93381792997047;
  2.143796380567811, 1.629473705083592, 14.2959130594605;
  6.035836857665582, 1.520538960220599, 38.21060463927693;
  2.839063503774685, 1.805711483952133, 17.53114204106714;
  5.160676393156102, 1.482210724863336, 30.50417269363439;
  3.586866962861699, 1.710961370838852, 21.5113627299045;
  5.895090262036828, 1.335303692235231, 34.40611755500475;
  3.349892006879395, -2.610810757131409, 18.55719980613537;
  3.477477298700884, -2.462241498038383, 19.0216611380211;
  5.378291022900765, 0.9970891684171973, 28.72735143023668;
  3.105359322213812, -3.869544800057443, 16.66857566785657;
  3.293773746150761, -2.78078400827653, 17.69691769658354;
  3.720158385609644, -4.294221846414462, 19.47145037554327;
  3.438373223911025, -2.557090060581767, 17.77404316949103;
  3.469124442341302, -2.818544504310057, 17.89841724892085;
  3.412590388890212, -2.209657752508027, 17.23216392655202;
  1.511926507307944, 1.08530431353497, 8.065776446779566;
  1.563920334247234, 1.220274485305178, 8.137740681724747;
  1.53474990893133, 1.393239930454019, 7.979161515153341;
  3.602019775970026, -2.148533742816504, 17.25784208036937;
  6.676301231031803, 0.8501873191387228, 31.26478664501102;
  1.547339572297768, 1.351269026754977, 8.010126204196492;
  3.602399989299534, -2.150436128327139, 16.93478388045769;
  1.54450313054424, 1.271716614500042, 7.84921147259048;
  1.537149755235787, 1.420146567417351, 7.780330990936265;
  9.150115284298551, 1.468045924791633, 41.00961554622469;
  1.526584275599491, 1.455035942568378, 7.683054788738769;
  6.112897023514815, 1.370240247976791, 27.71292221716959;
