m=[-8.48359118313706, -1.153424308761678, 21.29464661779356;
  -9.582560362853215, -0.09452349926568793, 26.2789038900229;
  -7.063459593857759, -4.039534327370714, 19.96910941146451;
  -7.354897483053797, -2.058271514407764, 20.78704846881928;
  -1.572405376083792, 0.06285341873009323, 5.274078917313926;
  -1.513905038845512, 0.5468007330300257, 5.131487022258248;
  -7.752694992038648, -1.337005592786287, 22.20152838529417;
  -1.569751138456342, 0.03925443465120274, 5.337833102294124;
  -11.7001714373265, -1.25533237176239, 34.1734354467168;
  -14.56330399766703, -1.191101082304066, 42.69450568142921;
  -8.290307818202788, -0.7488143168880247, 25.28556073546312;
  -1.363724602793729, 0.5691188597301033, 5.064519633913093;
  -4.829570277041348, -1.024396615331476, 15.54549693142827;
  -4.598864265866723, -1.01100095902991, 15.28617475656878;
  -1.243341549581758, -0.02294625107569732, 5.403450153813659;
  -1.254515922820195, -0.04790317392210007, 5.470359369373968;
  -1.140074347047457, 0.5553911271468993, 5.133007463542991;
  -1.119499791602141, 0.4402277583336353, 5.154126928245346;
  -1.048742990772154, 0.5422721102323331, 5.153350780902554;
  -0.9659905584383374, 0.3697413605907629, 5.251842866282052;
  -0.9791871751059676, 0.1300389137666025, 5.329779574588032;
  -0.9467748336859462, 0.3549531911417637, 5.243507954170976;
  -0.9437293171597589, 0.2763911859208126, 5.250269160453637;
  -0.7357163655866967, 0.798172613021404, 4.392361998751476;
  -0.922127682073554, 0.2485538539149028, 5.304417485225311;
  -0.7083879285647811, 0.8262279425699345, 4.456016403272992;
  -0.661661858475483, 0.8330278456610573, 4.428984038562512;
  -5.263925495505245, -0.6183355147837378, 28.82357416016907;
  -0.4502470975227307, 0.7315003296172307, 3.942090234772925;
  -0.9052396889024424, 0.3393237857362291, 7.155265661499564;
  -0.9520373481611227, 0.2942491807268387, 7.919772440831592;
  -0.9653675376220513, 0.3939452471948961, 8.144897310893693;
  -3.734316322455752, -0.06621915824565269, 28.44862091314601;
  -2.646594070450212, -0.5954166858285392, 21.85244023000286;
  -2.473523588309377, -0.543230739117279, 22.1151683366652;
  -0.9894435028366534, 0.401300937298671, 9.470017140816484;
  -2.439660115109743, -0.7041715280767394, 23.08546894558155;
  -1.549193536154767, -3.300851780546353, 15.39615107145368;
  -2.669607985722135, -0.3364535610498788, 25.80613822251909;
  -2.515207582881746, -0.5366336790197461, 24.39742696580384;
  -1.06339536761562, 0.7543550543579594, 11.72438900727282;
  -1.676666700110013, -4.168151025729212, 19.68291724241914;
  -1.560125199201891, 0.2455990237717636, 18.4516507636554;
  -1.467780694658686, -3.532092086692713, 18.67956587433808;
  -3.173808269195316, -0.8130530232103654, 40.29936347642225;
  -2.265759692387319, -0.4404954465120693, 32.19125679415696;
  -3.214223018416606, -1.564806399857632, 46.21527667834599;
  -1.40566196941455, 0.4635836742789618, 21.12497605783201;
  -1.217730008795159, -1.92741242981233, 18.87156165002869;
  -3.470101270650698, -3.391787140584686, 51.57044685925764;
  -1.866502664692196, -0.116781005311786, 28.32084436807635;
  -2.417594311779448, -1.080594769115522, 36.66156362816744;
  -3.498318510650814, -2.121531494956417, 52.98421666863024;
  -3.589946034107498, -4.22547583844466, 55.19712618394464;
  -3.345576789066553, -2.83167847725952, 51.37537962411816;
  -1.159121904201834, -3.524703031791498, 19.25089922573604;
  -2.146905308190537, -0.72067973095262, 34.1232724035736;
  -1.236563448827864, -1.87272835324498, 20.32897143558109;
  -1.84883364271068, -0.9034967717151901, 31.63216518774162;
  -1.193759748580858, -2.623079728772833, 21.86425662736658;
  -1.874668755680789, -0.7022996708606029, 33.33004587019251;
  -1.997412074367017, 0.2786980840311312, 35.47617115506694;
  -0.7922121310393869, -3.163054614758564, 15.37415347942954;
  -1.120959709514367, -2.216678845059693, 21.970260011743;
  -1.109743835868358, -2.378497494242016, 22.24371085516302;
  -0.7635139807839341, -3.267862723247154, 16.29867301306113;
  -0.9869689019717935, -2.938088052319669, 21.23074984402863;
  -4.494237797835726, -5.108806948848691, 99.6178616700259;
  -1.5908112636263, -0.6642854046405065, 36.0144484845998;
  -0.9402848172789248, -2.629248795380142, 22.43726314649348;
  -0.9156901650769599, -2.934986246841596, 23.05538962615226;
  -1.763192102562097, -1.686411259572641, 43.64562304948626;
  -1.875243935848231, -2.072606835613208, 46.46630105775181;
  -0.5220143397942411, 0.1944908580200309, 14.03196509969166;
  -0.7028698360979894, -2.684214101523474, 19.76080472164251;
  -0.6584907568147255, -3.085345251585292, 18.8510539355894;
  -0.5920590523727809, -3.613251153665242, 21.52315809926425;
  -1.722442010545272, -1.764891292477636, 58.61498076537334;
  -2.397744167637104, -5.202655641888572, 85.07125983098315;
  -0.5304525144456522, -3.36236419662223, 21.3952850332343;
  -0.2639637353223167, -3.479970274073402, 15.46806501962232;
  -0.2253589670322747, -0.6154263398052939, 16.63555003915851;
  -0.1441254925994595, -3.295898276096357, 14.89546369160721;
  -0.6414287698424309, -3.01152616792513, 64.38086410183624;
  -0.1681926193774154, -3.566447844853975, 15.77410943031423;
  -0.04415250716194478, -3.519677297057079, 15.89341413991852;
  -0.01697157518711667, -3.708362523530613, 16.25095520565654;
  0.04301071361859875, -3.294579070420883, 15.15448210076248;
  0.0692599931548306, -3.143026625519686, 14.88551065692365;
  0.1468135331186106, -3.756404947779315, 28.6635918957612;
  0.3160244294111584, -1.439033336024719, 35.89561885968598;
  0.6175990883688607, -8.223352549679671, 57.33138627978885;
  0.5004598013985729, -0.5429207283182564, 27.85183537279521;
  0.8412985008626476, -2.689683448807939, 45.99726336201223;
  0.5884302662224008, -0.8796484387843108, 31.55076035658812;
  0.8488103381913186, -2.335468477152165, 45.21656011768097;
  0.7254340186723181, -2.518635617805095, 38.20959483907404;
  0.3011140200313533, -3.234890461012773, 14.78657505750463;
  0.3036279852588281, -3.384448547293927, 14.80324936755235;
  0.5948875097892754, -1.343210651146843, 24.04649975935424;
  0.8052886508025561, -2.987051760287789, 27.84205023363177;
  1.098014457122164, -2.926136447652497, 36.790729856425;
  0.7605356730500059, -3.120557510550291, 24.2196331827303;
  0.5738166844572625, -3.191453367693033, 18.07278035590506;
  0.5181588901490835, -2.91282145460608, 16.13350199565864;
  0.6623192957971357, -3.394219536683123, 21.71453916217483;
  0.756120029353787, -2.244618827438482, 22.2590609508652;
  0.7676314827531295, -1.606297334336955, 22.27315143093819;
  1.114742838783972, -3.359328491602552, 29.78454818429742;
  0.9631988279912334, -3.09787936388653, 25.27781114517866;
  1.739784569402202, -2.325408768029968, 45.37954492521697;
  0.8581019624595906, -3.570025188358218, 22.02576279567558;
  0.9847852546597059, -2.48992983006554, 23.85201200741986;
  1.09690514251281, -2.315114672446652, 26.39467876128736;
  1.145971439883575, -2.17341307882039, 27.83605238580019;
  0.9643587667843065, -1.08983160860049, 23.22787011499432;
  1.00280209137163, -3.39825978708312, 23.53881028871613;
  0.7824926737905055, -2.510110606992739, 19.15417484086266;
  1.048076147904831, -2.940166101089807, 24.34591898213149;
  1.31250495252325, -2.121682652502617, 29.23457718212746;
  1.739983206484518, -2.985971937858688, 36.63505675956296;
  2.143398563006696, -2.609098693227038, 44.92794723711012;
  0.6865753352384632, -2.757523074289954, 14.52829502708539;
  1.223596302178447, -2.733813243238771, 25.63580860165737;
  1.216851891172512, -1.867897387768044, 25.09558358390664;
  0.9976408820952889, -2.443870772910116, 19.93219959044053;
  1.340408118618051, -1.823106771883298, 26.66034108429632;
  0.9143338589047592, -2.928160487886769, 18.1887617583702;
  0.8585090886623331, -2.904726477835643, 16.61462336524598;
  1.72358582291598, -1.849152643954192, 33.05915410534506;
  1.205119270493791, -2.309731577707772, 23.1542112774636;
