m=[-2.518143822230792, -0.5093730447761398, 5.1659439787874;
  -2.556821517051209, -0.9940644091912843, 5.794998645961254;
  -3.357559185205197, 2.510952423049063, 13.31498347776964;
  -0.9187498226318983, 0.4126374765483072, 5.451325441290781;
  -0.8989002595304236, 0.4209697990313031, 5.411052420241654;
  -0.9291634475479533, 0.2767776031740251, 5.760108383996823;
  -0.7102847591875469, 0.3474572178563939, 5.419258707378686;
  -0.6123668905336525, 0.2842166266626228, 5.474876861482762;
  -0.6067351029954841, 0.2612021992329068, 5.481645661071251;
  -0.4672518856775156, 0.5716310491562133, 4.916103491606652;
  -0.5555141061163582, 0.2478136894613592, 6.285804497615505;
  -0.7184934148875611, 0.2643286899529699, 8.349022086309308;
  -0.5829601529859272, 0.2914575327836176, 6.987207359871212;
  -1.941132303821574, -0.05508918629516474, 22.49606725418719;
  -0.5561446288713966, 0.3122656595664632, 7.775459898161117;
  -0.8086126817583702, -2.074424017064951, 10.93851325113596;
  -1.26617935003978, 0.1074619667566007, 16.84591392374687;
  -1.697940601149795, -0.2026103931887769, 23.52538872964153;
  -0.7092036012948533, -2.008744156487159, 10.7967704559015;
  -0.9296739021677692, -2.455146291409105, 14.33170949224702;
  -1.848007964136612, -0.2490948591831633, 28.47328836048892;
  -1.67152319423768, -0.623738420770973, 29.24537860521793;
  -0.7063529396445698, -2.681733028031764, 12.95363537212505;
  -1.537999078614825, -1.913635786237269, 27.95388996956439;
  -1.799894751692912, -0.9149973080137087, 33.40006461913597;
  -0.6491780704568394, -2.499413423903254, 12.5241997032006;
  -1.510378523918378, -0.5123611748439874, 28.6857105943422;
  -0.8954975510095224, -1.380542166637342, 17.59523312524478;
  -1.385540884093453, 0.3842579807478228, 27.59390061855141;
  -0.8258370416708584, -1.524384064680751, 17.01720789417427;
  -1.193215893883422, -0.4312714661648461, 26.33100311470218;
  -0.5708605824861491, -2.211218250604166, 13.38643845232661;
  -1.021682587942675, -0.224066673260647, 23.93019838889389;
  -0.8560965956991222, 0.02283285923364216, 20.64442268587381;
  -1.807296846644098, -0.9961801642694034, 42.73112096259746;
  -0.4885731282182564, -2.492855347829671, 12.02645481613625;
  -0.521651623745737, -2.510019425306791, 13.30125357781573;
  -0.4713465969480328, -2.570011280419779, 12.63426793091117;
  -0.6564847791105959, -1.390911753021269, 17.50388833067558;
  -0.8177070545158123, 0.3894413349219376, 22.64745260656625;
  -0.6101680165872557, -1.409225303166473, 16.68392021408912;
  -0.6053290302633577, -1.665311170699319, 16.97073581744073;
  -0.8375398272888803, 0.4960726508787822, 23.70519390287498;
  -0.448447746933234, -2.680098716479546, 12.74089457075357;
  -0.4660335003009554, -1.854523648452658, 14.03775920382927;
  -0.4392990669849309, -2.40477012837225, 13.21597599770591;
  -0.5933674860712364, -2.011640466729582, 17.99918663426173;
  -0.599329016850368, 0.4958734035079646, 18.28921167954533;
  -1.120777700313606, -0.2404112098666023, 34.231794544682;
  -0.5956056286071845, -1.682008902686162, 18.58026579468695;
  -0.4080465089375054, -2.04488480352343, 12.90653499991694;
  -0.4296350403681154, -1.628978090768801, 14.800933989628;
  -0.8708237767933225, -0.9290926903967941, 29.49536106318592;
  -0.3896475026272623, 0.1373032315439288, 13.79337379519186;
  -0.6369972315296894, -1.789820967774994, 25.37581764541559;
  -0.4277280248719925, -1.709740232835987, 17.29024394122638;
  -0.2944525198519881, -2.401619665568913, 12.2340435947507;
  -0.5897109727505513, -1.031958521925527, 24.36140435519387;
  -0.2086493352314544, -2.303747273780076, 10.92141645703456;
  -0.2443138448631566, -2.299430261204913, 12.70745856613506;
  -0.3133619649833595, -1.935194484680642, 16.96941394989772;
  -0.9203977106271246, -1.610788375858862, 53.07580381496453;
  -2.316444553979091, -8.37632358040317, 153.6097536264931;
  -0.2209713531247416, -2.005137200572479, 15.72685263612993;
  0.01386351215535416, -0.008319538289232386, -1.337610696098631;
  -0.1337094997428891, -1.482410748032002, 15.10696471104344;
  -0.7535270174525294, -5.677452243011486, 89.5173846738501;
  -0.1016397740127143, -2.322492608054289, 11.53362552688744;
  -0.09241748518472202, -2.186296438984325, 11.50601305187156;
  -0.08645902494143072, -2.253017388097385, 12.51156997391012;
  -0.0731618840784885, -2.151626871039365, 12.25685512646756;
  -0.5245643111696847, -6.095425706025725, 96.80937190984633;
  -0.1057772383267687, 0.3464690668439791, 29.51192717105669;
  -0.08676875447618201, -3.80389248105068, 55.39568354499323;
  -0.009370858718931065, -0.6497066228532904, 19.19768819894014;
  -0.0204402130096923, -2.1370130023575, 12.17516072685571;
  -0.001943922512586268, -2.497774507122424, 11.87500420208096;
  -0.0009549129752254116, -2.177718880739981, 14.89630977494592;
  0.03123421873488189, -2.268266417379418, 11.65800708793934;
  0.07421914171606625, -1.913268397060517, 18.32449807134934;
  0.06014069888388243, -2.154151733053879, 12.23331780885594;
  0.135765480980671, -2.190266250622373, 24.60924231514496;
  0.1325342447633675, -0.2059651453678839, 17.81056432208974;
  0.1417020389648073, -2.1139384931857, 19.3277206139188;
  0.09819175044490931, -2.235559017186328, 11.99428133780467;
  0.2383686740853135, 0.2817518533446456, 24.97370082920178;
  0.2647332049938563, -1.896949809255587, 20.60846732267915;
  0.2575561897782583, -2.1959641132142, 20.24256320105182;
  0.3694887311909478, 0.4392178315028296, 25.5708004303031;
  0.1519402283672631, -2.10330058815638, 11.65039322289291;
  0.2185063494439607, 0.6371755082013052, 14.82428278973669;
  0.4335363736867838, -0.7210448901989014, 26.30114190974852;
  0.1913997629293746, -2.271563776208403, 12.8948001627085;
  0.3931899881686221, -2.790272038636918, 22.64637004642428;
  0.4859087660019617, -0.1242550494279866, 25.74105436145876;
  0.3449190922727051, -0.9999061255211506, 18.33611534672387;
  0.4708998968840618, 0.2861153787522577, 22.07575125313499;
  0.556334673964187, 0.4269170946540805, 24.82303759970507;
  0.4477291979017041, 0.5397709260782759, 19.63917655511326;
  0.3077497212158614, -2.155680972225128, 13.75996628262424;
  0.5824839830073727, -0.184072126476917, 23.24452682668213;
  0.4922810110901496, -0.04838538205418411, 19.84072642215378;
  0.2594380921532523, -2.391285141672565, 11.4917302587968;
  0.7050046707834237, -0.4203727331125145, 27.1376452625037;
  0.6808375899768515, -1.17707706187532, 26.56007629604026;
  0.6649160263961154, 0.1757617749540355, 25.59836720637848;
  0.7366594157638016, -1.065220948023488, 28.07607453608692;
  0.6812939577095958, -1.31246473815705, 25.7766832328153;
  0.2675373958620105, -2.199401428584879, 11.07283325354364;
  0.4675292246838449, 0.2858861083805174, 17.84761769107935;
  0.3539533774361864, -1.981166679048056, 12.63841876041809;
  0.7743549312831032, -1.0213671744377, 24.53961718096454;
  0.6209742912015904, 0.5392264056321163, 19.56463624444258;
  0.3548747724046067, -2.086429561341224, 11.87234016286556;
  0.5227471567615657, -1.962756633377362, 15.36847098515894;
  0.52003758863409, 0.4856801822877007, 14.74560198051976;
  0.5812360534403175, 0.1281169283154492, 16.15895745564202;
  0.6490765965358089, -1.919986654766207, 18.17904843254516;
  0.6929329015262451, -1.481016548062085, 18.46345957138178;
  0.6373503350068562, 0.5773929884651712, 16.15533613094784;
  0.6375500063898382, -1.878035408876623, 15.67050027674257;
  0.7587567664069991, -1.426889430798637, 17.86526468067021;
  1.13401234385048, -0.959749409051528, 25.67349982531644;
  0.5941811181003396, 0.4807396291640883, 13.87242039906227;
  0.833974520366777, -1.280746472251243, 18.56605178656959;
  0.7461151184959707, 0.1893376587865602, 15.33359909223734;
  1.252513643289936, -0.9045818805234568, 24.21138057115681;
  0.901886372334699, -0.9644277987571469, 17.37737396586126;
  0.6879515754687837, -1.756349274712878, 13.51008727912354;
  0.7737872243417481, -1.431387632336939, 14.7200258790818;
