m=[-2.562571448887315, -0.5514295615234325, 4.915274198619668;
  -3.372807878949558, 2.516440388502624, 11.31339957390981;
  -3.487182427776094, 2.54582402115643, 11.81817979240289;
  -0.8425085359477809, 0.00393776218989486, 5.669500008083581;
  -0.7613452915109994, 0.3400711551546898, 5.446490294302381;
  -0.680839953407143, 0.1053390870730451, 5.690502062823525;
  -0.6571967108440536, 0.2739164571374514, 5.518400050181555;
  -0.6196917990038143, 0.2658326341455814, 7.067214689643606;
  -0.7516507592974264, 0.2242784163277191, 8.372300494952532;
  -2.022859863155694, -0.1793874123401618, 20.94518796048431;
  -1.943650233403667, 0.0667889559878086, 20.24404246671092;
  -0.6120655163852664, 0.2946989305993892, 8.16583107582839;
  -0.6146237020523808, 0.2582695689277293, 8.452395139281007;
  -0.6707447998147679, 0.2818520823883108, 9.224180692545415;
  -1.292822056161337, 0.01564228341101044, 16.74025579558304;
  -1.959214766290718, -0.4386562807643576, 29.60200259122186;
  -0.7099311462462762, -2.771249953755252, 12.67825058240132;
  -1.937954417807493, -0.9350501561875317, 33.39187766487267;
  -0.6527199254928308, -2.635065242609393, 12.45706075286877;
  -0.2278971574414659, 0.5702736666376151, 4.941743241553777;
  -0.720595302323148, -0.4706281038809118, 13.03751955432006;
  -0.632856679009742, -2.448539312498455, 12.17989303905013;
  -1.4148031373797, -0.6278069316135028, 26.36141030182162;
  -1.119155510637914, -1.362697839776101, 20.53920858521182;
  -1.222693358464346, 0.1960064090351953, 23.81627912855624;
  -0.6223987521779373, -2.516183458577814, 12.8294881860073;
  -0.8717497117491259, -1.712248876775388, 17.61856922563327;
  -0.5907778138259063, -2.520000137945641, 12.60005163987757;
  -0.95348750460805, -0.6685490478497491, 20.16430528218524;
  -1.133837673810624, -0.5496782060312956, 24.48149213590594;
  -0.5624760592162879, -2.268516192048165, 12.96146422225845;
  -1.612464984116733, -1.09307562371734, 37.25844541486132;
  -0.4756288186980462, -2.656503799692728, 12.37197236705861;
  -0.6222042244622437, -1.405574442293836, 16.19772316371605;
  -0.6520084745085036, -1.600759416151731, 17.37729789285203;
  -0.6029043183814546, -1.747282397144955, 16.50151284073534;
  -0.8194062252998158, 0.345139516780876, 22.60023188081114;
  -0.4421805565192144, -2.504627313033963, 12.98799258111295;
  -0.477128798548217, -1.990208289370013, 14.09582381260125;
  -0.5568853022302719, -1.981841639018664, 16.53765025512704;
  -0.6453159434190718, 0.412792554145193, 19.10848442606044;
  -0.4051335411835867, -2.08079353514981, 12.34092332226962;
  -1.003537641721239, 0.1083113313751994, 29.51692292695054;
  -0.9278908813079035, -0.3617568410621214, 27.67243851885353;
  -0.3760573666199495, -2.444419220483481, 12.06078108923605;
  -0.5111916449703819, -2.027356325053181, 17.08653764589606;
  -0.8361875158509212, -1.04527505578226, 27.76198228687581;
  -0.4769836488574326, -1.899649361351674, 17.17300505165604;
  -0.4012827000310184, -1.683527367179636, 15.8196585952209;
  -0.295033941238019, -2.503721144666442, 12.04134857827198;
  -0.3202272533863531, -1.825989760684962, 14.4180758476855;
  -0.3126564937834639, -2.428464995436446, 16.41972459099359;
  -0.6647024582169017, -1.354932082371995, 36.95218888007224;
  -0.8378587873159661, -3.230129274164278, 53.53224461533545;
  -0.5553873379166013, -4.388501917185408, 63.1238214630815;
  -0.08681211432121826, -2.362599970336414, 12.38207993810762;
  -0.1131622116649458, 0.1666192358910909, 27.38713176467796;
  -0.0821330738962736, -2.395323900895127, 23.54718101681696;
  0.06819342009117491, 2.383186167564078, -31.4793512175417;
  -0.03925038069958664, -2.281015442063703, 31.58086220997388;
  0.003552970975035627, -2.403908966492919, 15.46985497693487;
  0.1036689048590751, -0.3287893941874828, 23.0914800005337;
  0.1224318460522054, -1.289463771889431, 28.17613543637528;
  0.07757306678284053, -2.116930181096424, 18.90058087365809;
  0.06137597694261541, -2.261248087509052, 12.09864957066683;
  0.163032728785386, -0.3696938326531642, 21.24725138346631;
  0.0806930524136967, -2.257071482476256, 11.76506002792447;
  0.1414742544696936, -2.332975069532111, 19.92665018016399;
  0.3557518951255084, 0.2172066226822937, 38.91186925871453;
  0.1096936439887918, -2.426485918220355, 11.27704068879959;
  0.2438904626769852, -2.068200284230709, 19.94319167286578;
  0.2640684887163253, -2.010026638892654, 20.23598478843119;
  0.2548179424033376, -2.311020179237734, 19.92999819709454;
  0.5687050316789111, 0.4654676898358131, 39.87153058015562;
  0.1533527399169694, -2.177083186969393, 11.35978011240271;
  0.4141135334007197, -0.842970143726686, 25.40919445345124;
  0.4386998388792563, -3.7091251192262, 27.9633028687059;
  0.4228691231523755, -3.191034041450289, 24.33721807200495;
  0.3940990817806638, -0.2222683072045444, 21.09442115785919;
  0.3919807436467162, 0.1276160064885054, 18.28056143775127;
  0.2964723138816807, -2.129865595169134, 12.81478618863729;
  0.3931245799244674, -0.1182379490730933, 15.96075034501188;
  0.4745163888073765, -0.4004355633070609, 18.56461633115326;
  0.6447042619542219, -1.279007321589307, 25.38651443345735;
  0.6918711383241121, -1.174210804290543, 26.70620145014314;
  0.5047016311195141, 0.02842649443481132, 19.66085445409511;
  0.6899490286395076, -1.508131646379753, 26.29973073397332;
  0.2928513569185184, -2.210460904401572, 11.6743034662153;
  0.3848447255339967, 0.1531666263479218, 14.67012753157806;
  0.5278213359225829, -1.947795348471163, 17.84977424838444;
  0.7977647038735152, -1.199370392117932, 25.05349642191906;
  0.8227159938051959, -1.071524743813688, 24.52662211945034;
  0.3942593040590065, -2.032187407574592, 12.02152515639567;
  0.5259527951541034, -2.117995591359808, 15.52857195506759;
  0.7914731894307194, -1.593707948248617, 22.82597522837873;
  0.5785155263479355, 0.03637007009261926, 15.88522923421135;
  0.666422741666623, -2.082520329099623, 18.38726115545621;
  0.6995014022405566, -1.936766261125347, 18.97844631817668;
  0.4644433340763687, 0.07113641642756781, 11.50776906619197;
  1.267514113492242, -1.246544063366103, 28.64031254856182;
  0.5059766953036028, -2.538365841538626, 12.27536577387656;
  0.8487328085794349, -1.263315095017277, 18.80386192411217;
  0.7242726595174813, -1.435073474101822, 16.01815622909768;
  0.8618473503228789, -1.444555956131516, 18.98105267672773;
  0.6353408234209487, -1.749272733982888, 13.36259078088489;
  0.6416718849753098, -2.447718769262838, 12.64164808786152;
  0.8126891479836794, -1.19729737012021, 16.08551769474658;
  1.326281451065658, -1.112489779808498, 25.55140203263277;
  0.9152141997742956, -1.08681787881955, 17.41541974561005;
  0.6405397320036205, -1.710495668975377, 12.32602806906844;
  0.7551251135447489, -1.486387264142403, 14.12879225480633;
  0.7668664108439718, -1.286681035240596, 13.57753216045726;
  1.201433382784503, -0.6570654741914054, 20.56477086239673;
  0.9101593177464353, -1.413559186243372, 15.77964393333004;
  1.327375017009873, -0.2407593843121618, 22.17183802513502;
  0.9776469266508074, -0.8695436399319707, 16.4670013814207;
  0.7483830991087235, -1.205913959223437, 12.28757619083449;
  0.8065687210822498, -1.338790990421342, 12.87547915203959;
  1.089667683154993, -0.9131684284714937, 16.92506444196066;
  1.121226525804344, -1.074075313438673, 17.2052724377739;
  0.6906079061309826, -0.9987840851762913, 10.91793798142188;
  0.7321789151968969, -1.673120235301514, 11.58125049541214;
  0.8022272899055051, -0.9410106737792819, 12.05323448633778;
  0.893793749488329, -1.596873867673033, 13.40158895385252;
  1.126296572720076, -0.8541814898507505, 16.04931565316939;
  0.7380786009094548, 0.08188680856660699, 10.56097343243597;
  1.002340773618944, -0.9522892081671072, 13.91925041510299;
  1.285441527212307, -0.07079932218760476, 17.703005074123;
  0.8402371615085096, -1.215701757802075, 11.84160954627981;
  1.324751095658513, -0.6341403691326185, 17.82183385605281;
