m=[37.52361361960747, 8.6414709435735, -50.28592084384862;
  -14.46177330671448, 3.449155882066282, 20.94658987774899;
  -70.06962019740161, -18.07873438482301, 97.07076194759853;
  -72.61714419401714, -19.29268295214285, 100.6438989585148;
  -13.26744059134763, 3.461170098456498, 19.436512273535;
  -67.30101149259957, -14.50568850616191, 93.55688681230015;
  -59.64559693794008, -8.387638993355415, 83.3252586498911;
  -53.73107923742684, -6.982669692859728, 75.34293804113985;
  -61.85069724045983, -10.25589024414152, 86.75704135184566;
  -60.8858292990959, -9.104201008331849, 85.46003305068709;
  -57.42150715275376, -6.72891223474323, 80.78207799734012;
  -69.43140482952785, -14.92530910816785, 97.59301324156516;
  -66.06027572017024, -9.063399598547198, 93.09445403796944;
  -71.65400957734656, -4.409429292677068, 100.998054312137;
  -66.27808827228314, -4.902722265502848, 93.52122469752604;
  -68.76321265473132, -14.10707827775191, 97.07771620569206;
  -62.64539079124724, -10.38184808778237, 88.62884961087094;
  -59.70186723715757, -11.69357586703201, 84.61984303431544;
  -56.22362587920535, -6.16260806793003, 79.76323982290268;
  -70.59085197051101, -4.234162501700576, 100.2227829902557;
  -76.74653696252592, -20.35786219024415, 108.9758203942823;
  -62.9613114029238, -10.12084302984029, 89.67105297014399;
  -68.58373649953472, -5.265682910050616, 97.81459595648313;
  -66.18675005583796, -9.614652285103242, 94.4764096682832;
  64.20857417292855, 16.5913771347331, -90.27958290703741;
  -84.22761901464494, -23.37195656909889, 120.0652987045146;
  -13.81230780789014, 3.414371729971431, 20.75226991956489;
  -15.46304449853481, 3.39187820049172, 23.08614015085656;
  -59.28163820913495, -8.793733817082218, 85.00814038378356;
  -68.90673770221962, -4.859512815882863, 98.84605279606748;
  -68.9855700889489, -14.44565348119956, 99.01212138979719;
  -64.10435430318427, -11.0726092481977, 92.14783695608259;
  -61.73274530369245, -10.19510386312974, 88.80682429006771;
  -15.00624750802795, 3.512878321471751, 22.53472602576021;
  -69.9511540179778, -15.86593357167261, 100.7154857091435;
  -69.94856046220716, -16.60972373167322, 101.0482719020689;
  -83.3188982700386, -23.46355257620304, 120.1680797489545;
  -74.02452837915119, -17.52099756866484, 106.9648584654648;
  -74.28474416504422, -18.51642302930618, 107.3693317253625;
  -68.00850011709285, -6.207498485901017, 98.4355653743245;
  -14.84264162982062, 3.437405101180231, 22.53319643840022;
  -59.08953510965601, -8.478294555355749, 86.08230911296297;
  -60.69347173806848, -9.246712790905793, 88.56221260133994;
  -60.50187689672132, -13.36990853582304, 88.35387356161594;
  -73.78746129012836, -3.131746117165625, 107.9154553324051;
  -69.00936689794929, -18.07962045444322, 101.0378163242206;
  -65.67935285732513, -10.4327119437507, 96.29374024129682;
  -58.98053479755303, -6.895987024548753, 86.77003958009532;
  -61.02439673692916, -8.603868646559688, 89.79681632239053;
  -15.98964661718205, 3.331638019808233, 24.48909364783449;
  -14.58529889200569, 3.375528413315868, 22.47589702586882;
  -72.15686275369492, -3.174012143802847, 106.6057162133334;
  -72.97974950103917, -20.17114177713187, 107.7925446637163;
  -93.45531421749413, -24.72692036338313, 138.2295991453874;
  -73.87423298155012, -4.328573122093923, 109.7790689107884;
  -75.642666632169, -17.49411888281875, 112.377418528904;
  -63.8918507308762, -4.673994931488227, 95.29672621712237;
  -67.40843336884319, -2.39176906562314, 100.6617139863213;
  -75.28711551503049, -18.48741663798583, 112.2404696232748;
  -16.69843970307471, 3.2821203755484, 25.92001074562725;
  -64.46285298732322, -6.025463978690268, 96.59965125135496;
  -80.89539577230735, -18.07858924327614, 121.5815225883593;
  -59.92944234070996, -3.451921658371871, 90.45406984858676;
  -77.3985215758994, -17.42900661736942, 116.5164677406787;
  -16.99221123258657, 3.333728036876928, 26.6186673083613;
  -64.07528676152801, -5.24757374547747, 97.05586420454762;
  -85.14519271818142, -21.56020727110903, 128.551388902121;
  -61.68209315315738, -4.104374441884364, 94.85918902283325;
  -41.41364176316191, 2.221615135992041, 64.12736161571645;
  -60.94793298715263, -4.640278637937137, 93.81267567454592;
  -50.94075663233888, 1.325467242816077, 79.05837251013375;
  -48.43226437694039, -0.2978086965683784, 75.27698945686245;
  -58.19266214068929, -12.81556250063722, 90.54685480687117;
  -51.21594446197129, 0.2648979330413432, 80.11962319961313;
  -39.77718070983543, 1.817786382240487, 62.50817667209945;
  -70.94195151501171, -6.960645759172301, 110.7792049469137;
  -66.34856419853121, -3.283704774178163, 103.6784747809186;
  -50.0082192905408, 0.8113203400042832, 78.51827957173504;
  -62.60494559457004, -5.461988562641909, 98.23194314324469;
  -76.64805973390227, -17.95282166389075, 120.2291855087798;
  -19.02981693703561, 3.118591645546728, 30.82632554139935;
  -65.72500357007858, -7.269293490913177, 103.4091560115085;
  -64.44169865190411, -5.317930114580334, 101.9623163526712;
  -14.60883552860092, 3.375199397638341, 24.11150896773471;
  -66.06320293832219, -3.54104560264417, 104.6039839903023;
  -50.35101683679017, 0.4252218200594906, 80.14259388742312;
  -66.50236452779829, -5.038088232561885, 105.5491031933158;
  -62.86969515714399, -2.156981355559041, 99.9744562644613;
  -71.97328590714885, -4.876320651868525, 114.3305778544831;
  -64.24899178431812, -5.60534890146617, 102.7013459548962;
  -52.68269781557044, -0.03243224692807243, 84.55527938857196;
  -17.18042108254208, 3.245825991802726, 28.47134180646888;
  -53.68465061219013, 0.3022872696943027, 86.36376773014639;
  -19.99417095310776, 3.044826170266827, 33.18198991028144;
  -82.95892450884648, -3.140519508081371, 133.8142999356104;
  -15.2431489294364, 3.347606214804221, 25.62912160455547;
  -91.45264431422149, -4.62820180446584, 147.5097129579654;
  -62.3322194537859, -5.802048721838618, 101.3179846373587;
  -60.95182306755497, -13.05168256247735, 99.34397875607429;
  -67.90306767121236, -4.549665833814773, 110.4964166168197;
  -54.63485493701224, -0.7279668498837177, 90.09880309635247;
  -72.8866710888496, -4.925741366312838, 119.9764786198058;
  -19.69241711433893, 2.829129381484925, 33.46798419054844;
  -74.85888487879068, -6.555389922078258, 123.8741461388444;
  -74.20633929973258, -3.420428092161289, 122.9835840769299;
  -55.9658568330774, 0.6705136697235278, 93.51142860248656;
  -53.85185706413954, 0.2642102713386756, 90.04178557344758;
  -70.27343649376657, -4.486584553205825, 116.9732395172269;
  -71.58019340888616, -6.174308216555205, 119.2975106874082;
  -69.37322995580378, -2.930537152014347, 115.821789117527;
  -75.29515661065813, -7.070536889836548, 125.8381773769011;
  -64.72306774981691, -1.348542609275438, 108.487268367391;
  -74.44893601819138, -4.152030349940629, 124.9294010603819;
  -59.73255544732884, -6.115779192879294, 100.5132254203637;
  -13.81674682193024, 3.360701590463536, 24.24030421621287;
  -61.17966606324837, -0.5263384344782389, 102.9810935776971;
  -71.91708655793998, -6.910164267215671, 121.1218444115585;
  -13.36884524141023, 3.453028388378722, 23.6059490817298;
  -70.543943728374, -4.820133443583092, 119.3194054516882;
  -20.78205130031915, 3.133220633590164, 36.1902417688382;
  -67.82418708325288, -6.153061217564868, 115.2460505698423;
  -59.70139667193017, -13.58972862000788, 101.9185551549446;
  -79.76103758283321, -3.672164841903505, 136.0510916889245;
  -75.35161955424478, -6.20674519881606, 129.1337344368695;
  -73.48851863884653, -6.726691384704808, 126.1048804879264;
  -58.70506909556752, -0.4982240690899064, 101.3458845654507;
  -20.3315997043612, 3.008477414158542, 35.9899736034323;
  -74.91240282608632, -4.811440589666576, 129.5997554189859;
  -80.93466082661074, -3.020280572818962, 139.9321042402864;
  -52.31190034533157, 0.3738906225021305, 91.09562773457661;
  -65.27266141793571, -8.217821975385824, 113.5252872388339;
  -62.97879430923093, -0.7097933657904976, 109.9349982296176;
