m=[-14.09192248704804, -1.060456416256566, 18.06777238486541;
  -13.99368394774157, -1.543239063706519, 18.01655915236651;
  -13.83729368857774, -1.538608034961414, 17.99494230207487;
  -13.79425984404077, -1.052646065276722, 18.05863915667727;
  -13.83975126302589, -2.18123291930233, 18.31128570504459;
  -13.36858510834019, -2.009817835059296, 17.75147992711342;
  -2.695445716772549, 0.7167992525036908, 4.407712818649558;
  -13.38830865618585, -1.039115778613378, 17.96822542595926;
  -13.29312361756856, -4.202915293532525, 17.87147220760395;
  -13.64238295801712, -3.676414706257562, 18.33492917332228;
  -13.38477448675944, -1.52261913260477, 18.02125779440631;
  -12.85777905208793, -2.068212048642593, 17.48389030436112;
  -13.66802229415287, -1.800627853492518, 18.56431104734359;
  -13.0691485198668, -1.510821874754826, 17.91281345239023;
  -13.14218175481632, -1.513472222252925, 18.32820370002931;
  -12.00105028042079, -1.537605648055194, 17.9024883197678;
  -11.91209955171488, -0.8065436617812395, 18.01228273236617;
  -11.6549323499761, -3.667154182705421, 17.68815899966207;
  -11.75170393551061, -0.7067145270794514, 17.91766254257404;
  -11.72191754848217, -2.090833821461612, 17.88366701977007;
  -11.54739196251582, -3.591210620095112, 17.68724292231108;
  -11.70710887072706, -1.092709790293471, 17.96765667491775;
  -11.56908803341562, -2.052508110601743, 17.84194909889207;
  -11.44542013156323, -1.703498021826168, 17.78860294893822;
  -11.42507238492789, -3.887759536547731, 17.89012337920586;
  -11.33158164848151, -3.35936342571619, 17.92115760321687;
  -11.16808583754386, -1.082467075989634, 17.76204268467936;
  -11.11377708200664, -3.855587680169444, 17.67056147335853;
  -11.13649919596237, -3.836520048422929, 17.87768053160805;
  -11.03494329306211, -3.970885456687399, 17.71663303831427;
  -11.0302844770093, -3.771044570218865, 17.95760890569545;
  -11.01049281715306, -1.353985465236626, 18.02359994414376;
  -10.85792889163101, -3.882261367653762, 17.96853070061851;
  -10.80013050056354, -1.698101270635211, 17.98389248118822;
  -10.78322606011751, -3.930799574567553, 18.11322570861053;
  -10.56893331218089, -1.92142200822281, 17.96056579255557;
  -10.48464129248023, -3.809128973545943, 17.84054428094089;
  -10.38872452981295, -4.278055109264646, 17.86711632145529;
  -7.82827612121024, -2.001016080691304, 18.94657703607864;
  -7.78351126745046, -3.444937620903429, 18.90055035342978;
  -7.960020155243178, -3.901877995948044, 19.72016059989721;
  -2.226329893216304, 0.4864831981733379, 6.247433458294031;
  -7.745215488720213, -3.57777795383378, 19.4450430632483;
  -7.940628993713321, -4.18125827078971, 20.32750438946724;
  -7.73244559051305, -4.815004487240565, 20.18307359459185;
  -8.061714270628043, -0.6562858506152643, 21.05631356170932;
  -7.917607307715144, -3.527035462792144, 20.85739086605141;
  -1.80982349259603, 0.5678737426416572, 7.04598335762663;
  -1.804981788684844, 0.6042138660511911, 7.099228533203069;
  -1.850847078515117, 0.8241022656138486, 8.015955622225063;
  -1.806506139309774, 0.9461693856210919, 8.048391299019821;
  -2.102690823516683, 0.5967173464433602, 9.487094038992337;
  -2.098148508497182, 1.043829775028954, 10.26261216213569;
  -2.124786084352216, 0.1130265913635304, 10.5070412155588;
  -2.027861124734078, 0.09208079415604813, 10.53475878023583;
  -1.348118007344741, 1.550181045308594, 7.523311352748575;
  -1.782018151961059, 1.44463559906017, 9.803353250689542;
  -1.81072738358583, 1.355078400322801, 10.06477691510059;
  -1.790343720225388, 1.114198692750086, 9.986191317368897;
  -1.728976488526021, 0.9959864655827885, 9.917896650153253;
  -1.717067297157002, 0.920743419558923, 9.893566415680464;
  -1.735682352714514, 0.8296061733157881, 9.992772843888309;
  -1.949801865686488, 0.3193886366685963, 11.85229469285599;
  -2.085837334778443, 1.211397104139933, 13.0949970103165;
  -2.130196247015998, 1.063529856253487, 13.46501860350017;
  -3.369070247103291, -0.1562103042661636, 20.90656530829793;
  -1.817715155369786, 0.5241645104608462, 11.91975152304865;
  -1.838447713535794, 1.031342744108843, 12.93105854771681;
  -1.49106748006775, 1.605048344638546, 10.7252071916005;
  -0.9900328912586751, 1.623952197455447, 8.415049510624062;
  -0.9171092967574025, 1.562283307616965, 8.752899689609073;
  -1.167214832289532, 1.561407064563648, 11.150842827471;
  -0.8813138057574482, 1.530860312046251, 8.993724439450059;
  -1.585548174296029, 1.588260895267321, 15.6616245854318;
  -1.932162980587417, 1.4791737978435, 18.76095031583144;
  -1.122205985877615, 1.563314180601497, 11.34434515242091;
  -0.964381400995828, 1.573511014662012, 9.884681498859418;
  -1.019207923515102, 1.571939770634028, 10.75354111108053;
  -0.8709383243380308, 1.566658313799595, 10.44301470932032;
  -0.8871888706152806, 1.585716294373349, 11.90220556233353;
  -0.7982393606965199, 1.561906639263358, 11.07161788252915;
  -0.7746821112616285, 1.561203133381795, 11.705963015432;
  -0.8320091209802908, 1.530209171759948, 13.27622897779032;
  -0.9610049089078993, 1.534953190847413, 15.66272287860459;
  -0.844008054959263, 1.417625734828189, 14.62878029128299;
  -0.4195074205554147, 1.587771439548426, 7.929360670782688;
  -0.4517083259127677, 1.561976378405693, 9.737623412515632;
  -0.446850647221978, 1.541981808081413, 9.914528303550002;
  -0.3080366786403616, 1.54812240650907, 9.181422895963451;
  -0.2113631072624786, 1.546507167726693, 8.042266639659419;
  -0.04507251060134537, 1.587998407707846, 7.679930786035543;
  -0.03645845889084493, 1.46884018056013, 9.388419446873909;
  0.1381436908817105, 1.594405529468954, 17.45785872307157;
  0.4120495479710462, 1.338012000502474, 14.58687997478751;
  0.2380502286014454, 1.576241512417382, 7.279974723096212;
  0.6286740165014871, 1.422590531141167, 16.25944738352393;
  0.6986603300770375, 1.574937160703176, 14.81398906136232;
  0.39480582392644, 1.592381399991036, 8.114390747468656;
  0.6059943425536193, 1.562759577267074, 9.930048180852984;
  0.5416856524406407, 1.591279396841508, 8.48354726859686;
  0.7159066809061336, 1.580078279378026, 9.745919940930287;
  0.6838116889865066, 1.579494907935004, 9.373626449946492;
  2.375644759230224, 0.6627969677028294, 24.42553513640806;
  1.779990579394116, 1.59284816611344, 16.52151095910223;
  1.775152604955493, 1.4810157994258, 15.90444265290388;
  1.770515201286715, 1.520047597810082, 15.57147281743977;
  2.254704403160281, -4.421947598269207, 18.38000121343512;
  2.309620587821073, -4.527198547904442, 18.44448020636015;
  2.32910070800489, -3.915645606289944, 18.10357701205105;
  2.361760109017805, -4.198449334777886, 17.98073007181839;
  2.527995817452932, -4.255319667885662, 18.55120377868246;
  4.923127131826098, 1.212816727301063, 35.10226879024661;
  2.64774283171411, -4.487893756136248, 18.9899593494419;
  2.31621517410587, 1.661876967923766, 16.63681802110976;
  4.854430740374111, 1.042718524839428, 32.8081142288145;
  2.680395195953726, -4.181941504822728, 18.42255926774634;
  2.872044376639553, -4.297391157037356, 19.46101536655308;
  5.320633568720418, 1.117506997827562, 35.0028782313404;
  1.316331834745637, 1.576109948693185, 9.365519967645669;
  2.963921763164102, -4.259418977558926, 19.52133808246622;
  4.12918137591184, 1.029585458736816, 25.64589447197695;
  5.332069329534624, 0.9963488748315432, 32.39040219937271;
  3.26252654002654, -3.681645914841525, 20.17508242943745;
  3.26579786678002, -2.695012742371514, 19.19009653498794;
  3.463359582208242, -3.087568152634049, 19.72370652618256;
  3.221064018321412, -4.13056611124356, 18.26613520084202;
  1.555647556684159, 1.16076487333629, 9.198187566898501;
  3.481662043161864, -2.734224382129874, 19.08116004908392;
  1.517460172946609, 1.516003229249117, 8.874838217161235;
  1.561766158936073, 1.233369797782606, 9.035263659532538;
  1.558749123560282, 1.094009702074408, 8.991741351382986;
  1.540827742875909, 1.372581030124971, 8.895597616674143;
  3.437617342449927, -2.36489784378524, 18.44355759627432;
