m=[-6.632907720337013, -0.7545433215761382, 8.93054567881936;
  -6.649225742028932, -0.8759702623823391, 9.031174535897229;
  -6.519428700220312, -0.7536600778715198, 8.935647945670109;
  -5.844140053865851, -1.838823426795299, 8.869384684955701;
  -5.810817052983875, -1.030915236881564, 8.961493056570967;
  -5.685113414792418, -1.934548259306645, 8.902121316061722;
  -5.574175903127269, -2.151545291104479, 8.935152748053962;
  -5.553132230606252, -1.913052096478274, 8.914572005226589;
  -5.562322548812255, -2.001582167474274, 8.930324771130021;
  -5.496123730562572, -1.879020218797533, 8.947841794694572;
  -5.403779127448515, -1.932125652618435, 8.942586760331478;
  -5.407421416382841, -1.762571181629937, 8.984605166238525;
  -5.340892589679886, -1.946910711347538, 8.97141471605789;
  -5.182930051375693, -1.699197080247796, 8.774700489066177;
  -5.208928537607, -0.9469782461284815, 8.851915415209076;
  -5.259091546265014, -1.910657448793819, 8.948809309857447;
  -5.218347614164823, -2.148904671466801, 8.974809521660339;
  -3.939723577410164, -1.00704805372369, 9.535212491804277;
  -3.878495385452969, -1.716599900320286, 9.41807557147799;
  -3.975907626123203, -1.900342280309549, 9.786723044907284;
  -3.989215306526453, -1.955451257919481, 9.882885341747794;
  -3.931444865970267, -1.81606784067742, 9.870237287898892;
  -3.921066813308982, -1.794241572628208, 10.00786080200665;
  -3.934231711208853, -1.882098549278978, 10.06036071249163;
  -3.963283697226868, -2.086926961533615, 10.14575379555778;
  -3.899135156025829, -2.427996815865875, 10.17744397786421;
  -3.924063439339185, -1.748042100459948, 10.33717911947042;
  -1.575162005250847, 0.04320704341471537, 5.015955189730154;
  -0.9006278714040022, 0.5604948288065617, 5.023528235384228;
  -3.879642704042758, -3.89154381693547, 20.49991629363003;
  -3.377201807769502, -3.578092970811746, 18.87644548462555;
  -0.911019344181598, 0.2627056319317333, 5.974051645691572;
  -1.630684204547038, -0.07560830053138105, 10.11911397480793;
  -0.9311122020575275, 0.5223405628960474, 6.549148126787337;
  -3.16388965187248, -1.168227851351425, 24.78197097252264;
  -4.466489394159393, -0.75186454392222, 35.24282844830037;
  -1.043924237497929, 0.747487816991311, 9.03675475073987;
  -0.5921259982406554, 0.7920990131278788, 5.65680263631459;
  -0.5693632131053646, 0.7931641749926649, 5.755674883080731;
  -0.7827673250569824, 0.7841065649317134, 7.73196814926686;
  -1.098577397304923, -0.04887828654870299, 10.58275847201179;
  -0.9947852453897929, 0.002266653489247937, 10.10544096394228;
  -0.9853636463316955, 0.2554654954405476, 10.06174181677674;
  -1.634904488276714, -0.3832817913501064, 18.0199717593092;
  -0.9370392515366821, 0.1785547119450816, 11.7753273880995;
  -0.9569896402333721, 0.2386883581440484, 12.38244742060268;
  -0.9687846026148531, 0.03867111243820664, 13.30076780056145;
  -2.151184723376141, -0.4107471837398009, 28.14883177680766;
  -0.4742324082896391, 0.7574618418283202, 7.729170498759385;
  -0.9429133329960456, 0.1932232575601904, 14.51022376696232;
  -2.744116994056598, -1.136384848674461, 41.84212923522868;
  -0.4420429450972945, 0.742470941108986, 7.661714938789424;
  -2.481674533527799, -1.63301485635897, 42.7954323473943;
  -2.94612329279407, -2.44934904511969, 53.34120207116713;
  -2.12117398883869, -0.4850270745503405, 39.79963577413614;
  -1.222679258772257, -2.235171345250754, 24.28364329852981;
  -2.010457111058902, -0.196477458207479, 39.18266845353827;
  -1.188538893982949, -2.372088628473144, 27.11629365789419;
  -1.884362249692431, -0.7695858743330279, 43.5313075356752;
  -1.126134094177499, -3.026608874054116, 28.76643449886194;
  -0.9030884816820174, -2.848447607047209, 25.58940519032684;
  -1.270874109449733, -0.3352270261956462, 36.32864911207098;
  -0.8895591088383182, 0.2026791816268337, 26.19051878572126;
  -0.9245307408273544, -2.98951097411904, 28.71623362987777;
  -0.3255940952810862, 0.748357231193503, 10.4034726236654;
  -1.152978022653749, -1.601026033118876, 36.69482906407214;
  -0.9557376800979635, -3.278185498061684, 37.6266526625594;
  -0.6663885162606351, -2.937797403638527, 26.35209104513909;
  -1.285392622533714, -2.931517364042509, 48.96331474700845;
  -0.9405625408463834, -2.304512582359803, 48.31831390809958;
  -2.62454520272419, -11.02178475043485, 152.1894694613613;
  0.2059318879423331, 1.324890118399022, -16.66983935131486;
  -1.037095399260792, -7.924568737807046, 97.89565652873675;
  -0.3390185747802391, -4.348308880264406, 34.34019309455657;
  -0.6484166668859526, -6.081095339869473, 90.70360787922607;
  -0.2002360329249265, -0.2118149522453338, 31.25143890003163;
  0.3636567286497874, 5.307888439533472, -102.194013703262;
  0.09049739003237488, -4.31822121970187, 36.49311668393773;
  0.1514207010857502, -0.9162378455314822, 31.62998055696951;
  0.2659610721286796, -5.485124594686385, 42.62027266476614;
  0.1234723335516142, -0.1422690971039392, 19.47639717337475;
  0.3422069989133512, -3.494417335317635, 33.02218753286119;
  0.06494478757602337, 0.7495697252657345, 8.207373923959771;
  0.5017587330571981, -3.666148428453889, 40.45719446430437;
  0.3634696989159796, -0.0461290110823999, 33.25500684623099;
  0.3096359674390414, 0.5499165201478834, 25.77524819053334;
  0.6059464292710215, -2.041056711050504, 45.45133475170513;
  0.861604919775275, -1.242479996874662, 55.50347666981701;
  0.7242741435641883, -3.235024631313296, 45.92163125571587;
  0.712185620689472, -0.2221697410403593, 39.78586678016766;
  0.7668897515945804, -0.05104633916865493, 41.50572023066682;
  0.04094360017311235, -0.05845651589017072, 1.799050729442934;
  -0.01238326029123466, 0.006705469637539438, -0.5351016950924603;
  1.051060720611561, -2.51014206580035, 46.23887083341788;
  0.9902034669499866, -2.941649964066159, 43.71247056835414;
  0.7697063708182477, -3.769688660166823, 28.83598471496671;
  1.093981592419149, 0.3479869326283692, 40.32318150291982;
  0.8471249049422841, 0.378837875711661, 28.02108160275973;
  0.9640068036157544, -3.527708512099686, 29.89373153451242;
  1.173969331193499, -2.64543703112161, 36.24508367156944;
  1.294942785455434, -0.9888477960462943, 39.97645043181223;
  0.2267974116935533, 0.7364591467776529, 8.028807795704209;
  0.9990436461684702, -0.1788175500585754, 28.61259846241634;
  0.9912104119728856, -3.585701529152642, 27.34687192576687;
  1.145949069136197, -2.804087689074062, 29.90822955587779;
  0.9751599410402492, -1.79105737317574, 25.31866038800239;
  1.153663484269793, -2.741275525946135, 28.67459972656769;
  1.899013167241207, -2.526319369587626, 47.07944211139807;
  1.328353184413033, -2.499367469739207, 33.03496164211845;
  1.317361039757831, -2.704888225971223, 32.38190736840913;
  0.411120220247601, 0.7181354213186769, 10.92792638410242;
  1.064132568497485, -3.080277502516103, 24.94198584426306;
  0.3252974530560998, 0.736097030217967, 8.413194570047081;
  1.393753402644105, -2.51399265659383, 30.73811694192413;
  1.638593200552108, -2.457219480668631, 34.77909491095875;
  2.453533551646752, -2.751238176660127, 51.32303019835326;
  1.246074763458551, -2.833420307114326, 26.0343273575336;
  0.9447307628838788, -0.1808882518416126, 19.50867178466544;
  1.701650092211337, -2.832737913308186, 33.32671605207954;
  1.213983425993878, -2.672417902309317, 23.17052926011528;
  1.169738312242015, -2.61439581052199, 22.18369015710903;
  1.49669884501369, -1.752831852099116, 28.3556664196553;
  0.3426729869057171, 0.7724618069949072, 7.265839580566858;
  1.202983259324961, -2.327269507481958, 21.7992803185053;
  1.522288301169084, -2.139225230610469, 25.58100327211416;
  2.362005530880536, -1.060426136458137, 37.72825526850927;
  1.684206855489215, -3.179616950107188, 25.98959873059771;
  1.02091077430694, -0.02586962389585596, 15.90175760206193;
  2.293144791499505, -1.539408679162958, 33.99052608838051;
  1.247528684061214, -1.615771105748642, 18.77417644150756;
  1.220044029890516, -1.737310109168352, 18.39320165132848;
