m=[-2.60929888206295, -0.01108033611733134, 4.795769645889411;
  -2.242764309212451, 0.7392644827235315, 4.279611241275823;
  -2.224889443907548, 0.6957587589114521, 4.275091684627047;
  -2.208764199730548, 0.7150630184676388, 4.282584345936503;
  -20.96565701176455, -2.571315246031964, 33.25803345909103;
  -2.146600861239839, 0.7897145151114583, 4.309176729303418;
  -2.061445248518388, 0.6532408188996852, 4.347562389266809;
  -16.10154353206291, -5.402099637351103, 27.38138645306654;
  -2.070265793774854, 0.5751361919499578, 4.401647259477721;
  -2.010723134825262, 0.5594489270123385, 4.451088717743759;
  -18.69633905880625, -5.092401447691622, 33.43268183509236;
  -2.021871319079997, 0.6280204948415796, 4.534930729140847;
  -2.037475299731898, 0.2935012684159012, 4.577423210171466;
  -2.052377430042615, 0.2666053743025411, 4.605761707181212;
  -2.056895923022114, 0.2010907845653432, 4.686096894314299;
  -1.915920150140763, 0.6125793248219809, 4.443115859498073;
  -1.907901683946788, 0.6725451978770389, 4.432142304874746;
  -1.922312518061902, 0.5643237802687541, 4.5098379201694;
  -2.005543972850745, 0.2098924291992431, 4.676863319690857;
  -1.946448634205808, 0.2749478139388965, 4.609732095389015;
  -1.882463338051589, 0.7816482833824722, 4.53606259801817;
  -1.912043961579764, 0.5097937045139948, 4.594903984980273;
  -1.891483811104828, 0.5460811312193377, 4.6942969679056;
  -1.931322747467245, 0.4642478613684726, 4.77809507972712;
  -16.7107658465243, -2.79798564005122, 33.79969611940988;
  -1.889763870046344, 0.6059338324618061, 4.737174247599372;
  -16.77858919787277, -2.431861867086324, 34.46413082401996;
  -17.38211172736713, -2.383348238730687, 35.82314056871771;
  -11.77774788721587, -2.843901156325168, 24.92566552814228;
  -12.5086543019379, -3.095436616029866, 26.53282925904118;
  -1.974921752599872, 0.2284046067495632, 5.057509659493854;
  -3.856457100950405, -0.2934136839788272, 10.06428006737308;
  -1.840267921308615, 0.8278779986017814, 5.587479759733162;
  -8.976931278110202, -1.829758054956139, 23.53411113994662;
  -8.728412442844345, -2.805528700441846, 23.53923205779154;
  -11.01615669735293, -3.326941285953854, 30.60806435687966;
  -2.162530461291686, 0.1985878253802297, 6.846480414756238;
  -8.208281329245319, -0.8502132173186825, 23.96793532532603;
  -9.382177091394457, -1.812724162280401, 27.6327058471047;
  -2.122326116357914, 0.5640266787311528, 7.179998430700512;
  -7.272427665843344, -3.467324246325946, 22.42636334306991;
  -7.105857127545611, -3.731677622073347, 22.06288087026492;
  -6.894631638680099, -3.376985955161161, 21.62252877415368;
  -8.106814152296149, -1.582864667707567, 25.47775497617715;
  -6.874180899326267, -3.28483463222382, 21.82390038132471;
  -6.787912335809255, -2.603937757269753, 21.55965360820699;
  -6.755266687360081, -3.125747097829674, 21.52415419151428;
  -6.711063844881967, -3.652305914964891, 21.39191150503033;
  -6.861343355098161, -2.592804952174232, 21.91557816923574;
  -6.765901230645766, -2.423652577999516, 21.95782948040245;
  -6.737830397616226, -3.069095093994773, 21.91202550860363;
  -1.915531303416595, 1.191496415073955, 7.65829857981115;
  -2.419067081697435, 0.7925901553288184, 9.879310387682422;
  -2.243839330322233, 0.7700862374740609, 10.3818183686227;
  -2.203166427290827, 0.9032497227026534, 10.50887085191006;
  -2.095176678344155, 1.019097965346991, 10.05520152058824;
  -2.02539511304674, 0.953394155276574, 10.0996994221834;
  -2.036947329867813, 0.7676292987444885, 10.18103645408579;
  -1.99120067071974, 0.8045741563842622, 10.20988832431234;
  -2.280059228860201, 0.2140856228288429, 12.84851593505692;
  -2.370408633749396, 0.8800520467273351, 13.45773747230882;
  -2.227860713253469, 0.6609659606441701, 12.7711343401138;
  -2.566794361131931, 0.565384400707689, 14.57144230365307;
  -2.20711247605296, 0.828198153103189, 13.05399399063015;
  -2.061297620781725, 0.6642471096729748, 12.94432668824259;
  -1.182799327507361, 1.592099676554623, 8.192794116045164;
  -1.133708551189184, 1.601325348282409, 7.962116515682703;
  -2.294803247409976, 1.423157986063406, 15.41583935681219;
  -0.511079870811455, 1.564953094695338, 9.950530234806541;
  -0.4208626234786468, 1.588557731941521, 9.415161124661225;
  -0.1579507828670403, 1.577085516284221, 8.897351696927551;
  0.4962677991121574, -5.753078676405932, 24.21245818994888;
  1.197881207634932, -5.827903918571255, 25.20875142187513;
  1.372187547949628, -5.559718254419846, 24.5623114342989;
  1.507849651091148, -6.151849180826874, 25.83552635566371;
  1.926889369664282, -5.522448557852474, 25.80254499108252;
  1.992761363467189, -4.638917062020201, 23.56251360848241;
  2.216403647208881, -4.187536225850546, 23.47045829467208;
  2.429980524020884, -5.124418942990309, 24.61581134803662;
  2.593041174179857, -5.27933364856901, 22.71173863612886;
  2.742123845896435, -3.691163442348308, 23.36447544864373;
  2.827889672709654, -3.527245887702869, 23.62590058393479;
  3.104579922457951, -5.024900353263056, 24.54137162295556;
  2.54065800837555, -2.577707750584143, 19.57944158078636;
  1.693140911078289, 1.403420504103128, 13.04095543923585;
  2.932530463675784, -4.076981426223511, 21.53139327441034;
  3.374269370487557, -3.319786047047004, 23.08207189179185;
  3.3660299270195, -4.021523755349737, 23.06956399119498;
  3.226875278945391, -3.333496839312097, 21.81366169837078;
  3.499211658790568, -3.88702329390661, 22.82560538282722;
  3.619983172212212, -3.37992886880627, 23.16200707799484;
  1.552609161192312, 0.9442865283034602, 10.52758917012544;
  3.750226358472289, -3.59840244951993, 23.68106039750521;
  1.490053562035232, 0.8565626976571091, 9.790301985492143;
  1.49027742444762, 0.8016496172316642, 9.783198741981494;
  1.57922890863566, 0.8135035362257621, 10.15810975099607;
  4.202317928258671, -5.063222368762174, 25.02918938721142;
  1.681140805862978, 0.6775728765262382, 10.07623537812138;
  4.327043837943658, -0.1267724339817122, 23.9567487310203;
  3.927298306991047, -3.299242343686654, 21.53857206066038;
  1.822706473890814, 0.2500596643794909, 10.53691760789075;
  4.717365996380734, -4.246935134130381, 25.00285582024697;
  4.649618931216419, -4.051358070781683, 23.39296225569343;
  4.794180696425419, -1.053585409819968, 23.97057173731115;
  5.753140246552612, -1.892903962559769, 27.07491135309955;
  5.639158007703889, -1.998036362923225, 26.12735487629193;
  7.417040312769425, 0.2955970959244175, 31.72271482992955;
  2.179705288573635, 0.842433642318715, 9.914156959115832;
  2.326651566981656, 0.8388728190720982, 10.00721260994906;
  2.442898564838817, 0.8468155419326656, 10.03993976219339;
  9.774074766147512, -1.598841659272362, 36.3386727689709;
  2.56599350482548, 0.8757723881530969, 10.09316030596582;
  2.8028743414493, 0.812222098954165, 10.81811002690085;
  3.428766053254139, -2.026567102795964, 12.95270183548423;
  3.27383579021797, -1.892508467786123, 12.27410116703553;
  2.597699353636718, 0.8755233032897845, 9.920853654031172;
  3.374745877833575, -2.019346941909143, 12.4829721646921;
  3.048720896161801, 0.5478164270963721, 11.33329258610054;
  9.594635493267688, -1.889917826971142, 33.23931280942514;
  7.688727180052158, -0.5210755238765308, 25.81592376634767;
  3.551303559279026, -1.916114196021889, 12.4416071486349;
  7.338791544350061, 0.2405255507354218, 24.61825028323342;
  2.829951194429966, 1.393146965787512, 9.976402018731342;
  7.989335302592227, -0.7666428070148347, 26.27677488286593;
  8.003378451031693, -0.2431053559380644, 26.23604067980877;
  8.606603691017376, -1.038022485971571, 28.10861927395544;
  8.337754335235015, -0.4770409498942664, 27.20209177448936;
  7.936128260888907, -0.09176626125552943, 25.7744232595073;
  9.572025381921995, -1.563628697864196, 30.8762620710475;
  7.661066205377375, 0.1004940509455675, 24.70282233205828;
  8.868814771271008, -1.031432842823061, 28.39306567488145;
  10.52603678623479, -1.890881898016243, 33.48980442556443;
