m=[-19.04073252222453, -2.538958066616674, 26.05429356222631;
  -20.43493106640834, -2.309390026589191, 28.08677963357081;
  -20.61949366855489, -2.060625487373499, 28.54361110010626;
  -19.9558307730608, -2.515835422551286, 27.7586680455915;
  -16.74852504444969, 0.2094919231448548, 23.55287950193838;
  -19.97176364804356, -2.430745614603372, 27.91660329376166;
  -20.32508706797126, -2.130666493047103, 28.40704627337506;
  -19.65533911409607, -2.784438605216967, 27.53196097842696;
  -19.33330740369425, -2.872185697122383, 27.15851440047335;
  -19.10103737365956, -2.640365047032085, 26.88998525186261;
  -22.12899180815888, -2.008686652741624, 31.33199011400454;
  -20.12590655427138, -0.4216864758702862, 28.6235757580968;
  -19.53003992603051, -2.640279566547202, 27.94216567831928;
  -20.03390443541058, -2.202991664609986, 28.70152379400242;
  -20.33765730780532, -2.470845153386665, 29.19555433090063;
  -19.59646506937613, -2.28542536306814, 28.28004619566531;
  -18.30042775228649, -0.2265293713817861, 26.60467584476973;
  -19.02360408207666, -2.851797615960838, 27.63578583118524;
  -19.30031430463262, -3.016904265423854, 28.5770365209939;
  -18.38481059205603, -3.082542906210558, 27.34267087056077;
  -17.30716186809645, -3.109515379908327, 26.02610341316483;
  -20.10569653163253, -2.621672772872061, 30.39049391358185;
  -18.54386582667336, -2.326833983323108, 28.34416430325171;
  -20.15496590876937, -2.608001414462648, 31.62250555754697;
  -3.087611077342676, 0.5614648833007618, 5.771927066289686;
  -22.75171298459451, -2.949785548943752, 36.79759737246572;
  -23.90583250120568, -1.811681047013467, 39.56281661185522;
  -17.454172297113, -3.060604414304252, 29.2918709926482;
  -23.43505008805041, -2.745746024289947, 38.9997428768224;
  -18.94461501310786, -2.742055566938081, 31.79533497357863;
  -27.2473324586059, -1.640325719670455, 46.12066734214244;
  -15.06604831529607, 0.1437713677301247, 26.6531513317229;
  -14.53045684303294, -0.1405378873571382, 26.11372210819604;
  -15.15473542867805, 0.2628938893389978, 27.20044879574662;
  -2.718849497007213, 0.8153014760308844, 5.71890772436982;
  -3.157571111040937, 0.354017125527727, 6.624879996379817;
  -2.663769851831812, 0.7465694076374955, 5.753221141320792;
  -2.666013312849126, 0.7088627470968065, 5.774726303895079;
  -2.704709244454601, 0.5782360481538371, 5.892956962034553;
  -2.62937760574804, 0.7092448382513754, 5.767620231402363;
  -12.65146780213086, -5.157268514275518, 23.98951302654976;
  -2.612398082353407, 0.732123526604932, 5.773095101646541;
  -2.60441739656707, 0.7548492737671725, 5.765109827703757;
  -2.614198490349825, 0.6786169808632769, 5.783130288995951;
  -14.45180281248405, -2.47091711077816, 27.43621742182788;
  -2.602426076680057, 0.695900425854602, 5.79353969521744;
  -14.5250081724796, -0.1420437003261082, 27.71912838800772;
  -15.13647854747001, -5.432588639546951, 28.89924902856694;
  -21.17802735835329, -2.564268449537872, 40.0639528857988;
  -2.597194308400164, 0.5201051850943212, 5.813602437536376;
  -2.572838475630821, 0.686084804700311, 5.788564525543512;
  -11.94826829382126, -4.919315862990249, 23.25377394474385;
  -2.54571537895158, 0.7418880905331496, 5.764688256838166;
  -15.08003023087216, -2.91107048353136, 29.32268346661338;
  -2.545817502803952, 0.7019185694413881, 5.792173120557109;
  -2.528563704377977, 0.7664390505757568, 5.769403007512347;
  -2.526745788701202, 0.7222282156812455, 5.784983685187411;
  -2.512883619026246, 0.5428260936433044, 5.804673434876783;
  -2.495642920813976, 0.7255388530597517, 5.777388807969428;
  -2.499091595542293, 0.7489563451999467, 5.810753113285295;
  -17.44751936148595, -1.61028645391169, 34.60410128570666;
  -2.456630264239483, 0.5901377191313117, 5.771897189123897;
  -2.456835606817826, 0.5404429325691799, 5.801319519027937;
  -2.415835511336832, 0.6341968286355421, 5.748859048117239;
  -18.596838156524, -0.6328702097976003, 38.09328064031198;
  -2.401072246904008, 0.7192660014233748, 5.818036454084805;
  -2.3554519532477, 0.5987899061965166, 5.793221708624327;
  -2.348489159829541, 0.7953410666416678, 5.792725486697367;
  -2.352012676367408, 0.8357027320940331, 5.809801593236607;
  -2.333208690818323, 0.7542764750495795, 5.81339318943997;
  -2.326554080132002, 0.781405840394004, 5.800350281660301;
  -2.280854961386138, 0.8370239027876009, 5.778785793586184;
  -2.291353742809361, 0.8055904936095204, 5.808559982560368;
  -2.286872084019269, 0.7809391920864458, 5.801628847742358;
  -2.279402223357224, 0.730333954082691, 5.830407108829721;
  -2.205598003563745, 0.06378900670447649, 5.725500412149678;
  -2.242491719881535, 0.748207849604819, 5.83028457005655;
  -2.224960609343047, 0.8363353580672673, 5.841011026972999;
  -11.56838322322127, -6.224506776597174, 26.78683511321198;
  -6.006778511725396, -0.7727724201578302, 14.5046011804506;
  -7.762934555556326, -0.5673686309644611, 19.90787910919163;
  -6.541474942406265, -3.718377270830697, 17.35508938621792;
  -6.224966335542741, -2.540552639231921, 16.86255610724178;
  -6.315783131713165, -2.047916839089579, 17.15907997903005;
  -6.382139001763124, -0.9743837804849602, 17.37559914457328;
  -6.135506899540923, -1.912559838697203, 16.79305661054953;
  -6.216104699723, -2.099906278839471, 17.00526134294677;
  -6.160877830750271, -2.161753279494102, 16.87314937727392;
  -2.017511093297183, 0.1639655462578791, 6.257795192731757;
  -1.887981229905493, 0.6748906282241131, 6.007898726332619;
  -1.843957961903411, 0.744633978174132, 6.00642217747616;
  -1.845956646457738, 0.7865313249720216, 6.019681922765185;
  -1.817886286624989, 0.7140916279849394, 5.955193909062073;
  -1.884120910810343, 0.2291448143376631, 6.213571621319955;
  -5.308522976536436, -3.1821112967441, 21.62680399420032;
  -2.658229350630002, 1.316263917000379, 14.06526977024647;
  -2.150608566008818, 1.422880790086174, 12.36048122802007;
  -2.309249890610876, 1.282864567353652, 14.15283201371152;
  -2.151021747355383, 1.37321234082089, 13.39231843079914;
  -2.150643779331045, 1.346221172272068, 13.83836565252315;
  -2.039398221335467, 1.373540150118324, 13.37203020803736;
  -1.899592254298319, 1.391070334262355, 12.81844171450532;
  -2.12170269685519, 1.309987661563669, 14.23212430057136;
  -1.931727320307136, 1.290214538244955, 13.32386742077666;
  -2.211301771532853, 1.320968067021091, 15.36978456959509;
  -1.735657198709241, 1.362998150808301, 13.89571677459261;
  -1.693837611988093, 1.270142892880962, 14.06848353649301;
  -1.649545142403435, 1.326081512893826, 14.07998032855992;
  -1.065085888292089, 1.41238493524941, 11.37512103432366;
  2.071231009449781, -0.0001401418238470281, 17.84382209698586;
  2.879172501034164, -4.353625407034598, 22.39913263642386;
  2.66909871350826, -4.157600081425662, 20.7938141496479;
  2.788516053405104, -3.929582528449002, 20.55094821984102;
  2.828033049346368, -4.073826407728515, 20.74766829380859;
  2.811783597922939, -4.039981214558063, 20.07825278470138;
  2.906934909314865, -3.294470203173725, 20.28826389648638;
  3.007101946555655, -3.264298485317271, 20.70243474455218;
  3.233484203901206, -2.99489958584781, 22.14685072817658;
  3.114370205295836, -4.169536643494744, 20.89859584811716;
  3.173589291159328, -3.803154299536011, 21.13050046825256;
  3.223444669471877, -3.891702456335815, 21.01003634284882;
  3.233776218191118, -4.820540309601104, 21.21300175985743;
  3.245106956285229, -3.927984680316147, 20.80699547439764;
  3.206314498004828, -3.994067812991124, 20.55880299362103;
  3.497197028106435, -3.148919096027781, 21.99086540699198;
  3.486695145002404, -2.898969810865185, 21.89672371565032;
  3.367174801670972, -3.726677515511336, 20.7629867802927;
  3.682524176595983, -3.494186426689787, 22.57349026111143;
  3.637358447559523, -3.04247964506709, 21.86577976738913;
  3.194614878175163, -3.244982722226948, 18.75254626239982;
  3.165842330990541, 0.4658559412262356, 18.52953197076418;
  3.436769025421551, -3.290968141197719, 19.80253981737294;
