m=[-10.84136221284613, -1.396948062872795, 17.37953547706733;
  -10.67705952202219, -1.151038496910991, 17.14726624524786;
  -10.96592924223049, -1.352373506176388, 17.70384276460163;
  -10.91169046984867, -1.181897626278007, 19.87474045297111;
  -14.29888248852357, -1.453351596725526, 27.44657362606457;
  -8.742402066837492, -1.344398806174118, 17.26560029074026;
  -14.78618066763779, -1.46232669148481, 29.04069976033355;
  -8.341078051143507, -1.186925325561085, 17.10094848763999;
  -4.527428772156203, -1.086868057530728, 13.44131822821302;
  -3.427698417963361, -1.753097645989192, 10.6738194194567;
  -3.404271489362884, -1.667409893610334, 10.67627135013577;
  -3.349969990322029, -1.600786712231969, 10.63536331381396;
  -3.303272894341394, -1.797712465505305, 10.52937702069489;
  -0.9335828473933527, 0.580706049470284, 3.732466382343236;
  -1.402867097928079, 0.04492821630821928, 5.67133656535501;
  -0.9983791189996155, 0.428052295716931, 4.831469424647592;
  -0.9772244801265284, 0.3682697787007359, 4.884347233778925;
  -2.062163469889448, -1.471340331436564, 9.436324981502498;
  -0.9586798809549172, 0.3873688211359746, 4.915634404530798;
  -0.9631828596340653, 0.3522301525422053, 4.944775859797985;
  -1.153689724634726, 0.7346656923872535, 8.865745385919979;
  -1.19659071504866, 0.7027720498864326, 9.262266154092142;
  -0.9594258786205527, 0.7163175871904711, 9.278445069627587;
  -0.4245097117367996, 0.7871717976437636, 5.140505642775381;
  -1.192482999377118, -3.269708761093577, 14.77646701368555;
  -1.192619377033003, -2.755736477337822, 15.46592854737661;
  -1.082306776835864, -3.534851850125496, 16.40166057102296;
  -0.2500774208820789, 0.7657500443159038, 4.868912042218889;
  -0.9315005156057145, -2.674772158313078, 16.18039040141892;
  -0.9306560054519263, -3.505474695229977, 17.95508317323784;
  -0.8034323063200669, -2.821404799075375, 17.05777744334032;
  -0.7224462134428938, -3.349043254121035, 17.01293547870231;
  0.4349378777403942, -3.374037692521458, 18.07602900361877;
  0.5303913835204849, -3.42526448186082, 20.75228133257956;
  0.5517810513445854, -3.022236041545875, 19.80590118986605;
  0.5720299366196089, -3.125212872001572, 19.25084478564572;
  0.630709777200559, -3.685561383749096, 20.27820921868198;
  0.6149384499493547, -2.992849984566632, 19.07504124346814;
  0.6606545472557993, -2.515304972848822, 20.23339610267474;
  0.6365487259912677, -3.46351939179152, 17.8657300193745;
  0.7221812435833038, -2.999193089736014, 19.87647573004939;
  0.6485776920891303, -3.469656209040479, 17.43054045945672;
  0.7571275171822043, -2.809587336171651, 20.26541515519645;
  0.6649817618622228, -2.829466072552914, 17.41457852258076;
  0.5898926782450253, -2.587448808226833, 15.2384396208936;
  0.7929871074201486, -2.752586831396543, 19.10914290656833;
  0.6124318819132183, -3.139085018389928, 14.86208775333421;
  0.894817759497717, -2.489402931593488, 19.43899378090612;
  1.021235952969109, -2.950422073749784, 20.73463107822914;
  1.006041155253139, -2.103667914278351, 19.20484191837525;
  0.6833507279946905, 0.5633224431926022, 13.39855623916658;
  1.044300782008407, -2.456702393417496, 19.6032334846234;
  1.030635997387031, -2.197217914549884, 19.09776686939943;
  0.9241774728083158, -2.910760261463977, 16.4457513659482;
  0.6584202573172118, -2.667733816092531, 11.78579665661727;
  0.6469027419884772, 0.6019762823496149, 11.15876769546996;
  0.8127293602334902, -1.935469105789236, 13.39963919531483;
  0.821930015948287, -2.961267778551004, 13.49821667790729;
  1.18412636131814, -1.598482886062896, 18.89213996376639;
  0.7067557148478421, 0.190506242553032, 11.71252053666769;
  0.8566753254394113, -2.403754897275062, 13.81972277188254;
  1.212065524528337, -1.723582041433165, 19.11244232907291;
  1.203110194207025, -1.848179709934659, 18.50928859560985;
  0.7989251005322664, -1.761090768275476, 12.70231193195163;
  1.228191495657057, -2.018955557657884, 18.78219803584637;
  0.760582230815387, 0.01889389340037046, 11.93223895736298;
  0.8832324737174785, -1.803611122900158, 13.53178663547798;
  0.9081867007696505, -2.257488567132874, 13.91618597341844;
  0.9455409847843547, -2.910423001912283, 14.22644491506819;
  0.9141417715220401, -2.37102642877245, 13.5468326604292;
  0.8879315550735765, -2.082594987786286, 13.30664367377639;
  1.314089869103585, -1.526318771757235, 18.89340479466106;
  1.356214884382326, -1.954551803259624, 19.27445089932616;
  1.350670168361448, -1.506024903088667, 19.16115263999344;
  0.8381747062820611, -0.07817223622684831, 12.3020151318859;
  0.9743465453209478, -2.970857497844241, 14.13101242682268;
  0.8947240496832163, -2.201919038161106, 12.96843312278112;
  0.682493674608439, 0.2549605783703213, 10.01023784989282;
  1.068083010259723, -2.711374497574774, 14.59279337782535;
  0.9812356305764206, -2.81221297823358, 13.13950707466536;
  1.026741157162227, -2.293135702259149, 13.19838174698614;
  1.018805587569911, -2.112444392241878, 12.8817946622217;
  1.31206036070103, -1.59771770403747, 16.09369530435647;
  1.537165713023386, -1.314527502153799, 18.4346642419586;
  1.092133394481822, -2.2702241458595, 13.46648145380973;
  1.235432685572822, -2.773999211357872, 14.79048817966641;
  0.9630352563557315, -1.863298814777167, 11.97069374433822;
  1.041569050342216, -2.846699213598254, 12.78220639819613;
  0.8149864224783068, 0.03660884894862248, 9.984008585875067;
  1.059666096344584, -1.879303805776343, 12.70807012652932;
  1.090852663311468, -2.079997134668916, 12.70632892068695;
  1.756611096320531, -1.159865593402674, 19.58030575264183;
  1.198842858084154, -2.004480104611565, 13.35352414601422;
  1.296048135228503, -1.612103401283006, 13.99271610892184;
  1.125746811485104, -1.623999076276677, 12.19943622825231;
  1.167557882730147, -1.94966314786882, 12.26651235248902;
  1.192385903844284, -1.821247741647968, 12.51778921499153;
  1.315813858932161, -1.421587519954536, 13.59911754613368;
  1.131517605319933, -1.491979329619849, 11.81049697515461;
  1.180901416360373, -1.720444697131974, 12.23162316916736;
  1.209241381279299, -1.707087432226793, 12.5539806290547;
  1.2211200145045, -1.492822125818359, 12.37603585296987;
  1.177725320445778, -2.483623997012665, 11.93041014992517;
  0.9389053590314518, 0.4874969018568566, 9.667914889607664;
  1.169529102031513, -1.81138980271723, 11.73061612241358;
  1.209338791856276, -1.967696312617547, 12.05584894580514;
  1.515943852694011, -1.418975373947055, 14.81355111269042;
  1.192725361486041, -1.887224658134439, 11.86263816064204;
  1.565241306514171, -1.257140792952575, 15.14014215362076;
  1.965932116674936, -0.7959381702218676, 18.68274145555992;
  1.195075825787942, -1.529731277430673, 11.76413110296242;
  2.01750668884884, -0.4815016103810685, 18.88653782726424;
  2.0366244227495, -0.6779073802774097, 18.95857632916921;
  1.184676611422949, -1.639815576266546, 11.41247296474844;
  1.262521174654025, -1.393987319904546, 12.05826899426281;
  1.248013163089079, -1.409356901017519, 11.91370418100723;
  1.278872450014269, -1.517456594925761, 12.10954170849071;
  1.641421979611643, -1.282717264006255, 15.19930276990407;
  2.222985229777192, -0.6858880975338872, 20.07854145828982;
  1.145811492752828, -1.407808642619706, 10.86169251075719;
  1.061087466577809, 0.255575101993163, 10.07151495337438;
  1.477876028186053, -1.39523396645012, 13.55902728125923;
  2.185167831345976, -0.764637150799953, 19.43215295635318;
  2.334366853159321, -0.6495910814142339, 20.61222828257522;
  1.293018805299869, -1.519414388398515, 11.88332339069399;
  1.243973116252008, -1.632705715250231, 11.45920400444142;
  1.386643457129715, -1.387013277186413, 12.64796621444752;
  1.806276028011482, -1.418576493163174, 15.90363258506112;
  1.834376787844347, -0.9616449609347271, 15.3454350855925;
  3.218098976170809, -0.252578669678071, 26.08254146762872;
  1.780818381921232, -1.461311147284895, 14.7715118199036;
  1.393158228207651, -1.875325481400973, 11.87051097919777;
