m=[-11.01724854140662, -0.9565369452306737, 16.40925035670565;
  -10.62658276946812, -1.193780592931351, 15.9427353963019;
  -10.53728651437589, -1.305224181668743, 15.93172496566399;
  -10.69495878965536, -1.434575146599736, 16.1794798453858;
  -9.377839830059221, -1.772702342347155, 14.41595732847477;
  -10.42953601638661, -1.201030959532681, 15.96728613454169;
  -9.990461722424746, -1.21950102083932, 15.44207370798302;
  -9.957324316682595, -1.423766752556068, 15.53407490302588;
  -10.30363619976156, -1.313829319861231, 16.10596653081677;
  -10.3154717601872, -1.397500077249283, 16.14230308993819;
  -14.49226745678974, -3.641708749292161, 28.54523196722807;
  -4.605985398218818, -1.526275875676801, 13.12052532473213;
  -1.211808675095915, 0.3152116975455573, 4.227230307567631;
  -1.21229612897487, 0.3604165101304979, 4.287937471046678;
  -3.238563060009137, -1.22147328417585, 9.932900539523416;
  -1.323065418003257, 0.4455226865664518, 4.645499994943137;
  -1.122862170555515, 0.4137763599319618, 4.289881314095522;
  -1.000750332736221, 0.4638890138285226, 4.285190987878075;
  -0.9839081307312514, 0.4755094565191481, 4.279777881033093;
  -0.9402079209992073, 0.3264272344884293, 4.276203397919553;
  -4.033221926115584, -0.1421266920908214, 15.37889127873946;
  -1.047025226091417, 0.4185053905562378, 6.178848234242019;
  -1.078170435225485, 0.7069633349531203, 7.975339812337012;
  -1.148457873022019, 0.6919038532141427, 8.551344656977117;
  -1.766378112766815, -3.9210074186123, 17.40386548247174;
  -1.355605907807131, -2.345814789803024, 17.10185817598968;
  -1.402521322146995, -2.855053754815026, 18.12146111178226;
  -1.242290313211543, -2.981353750241392, 16.1112869618179;
  -1.008451707181274, -2.353047768375395, 15.01521964711465;
  -1.326159385745808, -2.583132800812289, 19.29436673554995;
  -1.033289929877179, -3.355882692851247, 15.79652554135629;
  -0.2362417742075696, 0.7668517941070432, 4.347856670766184;
  -1.014953037851587, -2.836581100247908, 16.74220400306307;
  -0.9706643055220736, -3.01003114295156, 16.38209541853126;
  -0.8603623212016295, -3.364845318747529, 16.80462414978259;
  -0.9150316068144422, -3.727423547284542, 18.19271685699703;
  -0.8766052159904676, -3.158679158575116, 18.52842173350233;
  -0.6833426724264331, -3.319311629466119, 16.38199879238256;
  -0.3121249164589886, -3.716297400861809, 27.36270861643586;
  -0.09102378893935155, -3.543723207562975, 22.80675332662159;
  -0.1069337676116778, -2.573972329082385, 21.12229214351865;
  -0.04251754431299217, -3.329637234815372, 23.65983722202932;
  0.03566949872147078, -4.485183279746567, 28.19881694612335;
  0.134105255241643, -2.669828378097637, 24.25939494300118;
  0.1536485996599573, -2.947565705598455, 23.78842145879279;
  0.1908434912884927, -3.871957584041553, 26.4333194002057;
  0.1715026386245184, -3.146531338874259, 23.30525397505114;
  0.2020977215660952, -2.837511265582465, 24.22378983426509;
  0.2239565560762499, -2.970132829627811, 24.58776267878327;
  0.2894523276721708, -3.194191914087218, 23.23156919097658;
  0.4889474678969612, -2.507591717875211, 35.66594420796462;
  0.4939523246412261, -2.20160191405437, 35.06102351103788;
  0.4527296176357848, -2.491189806773154, 31.68304872739026;
  0.3537080927449692, -3.619604017859289, 24.00447657175548;
  0.3924589184621295, -3.480441868979778, 21.18629676885508;
  0.751392713139481, -2.330957369678762, 34.50648532576871;
  0.6717029656979474, -3.311930679994442, 25.55170768704958;
  0.7733719112248508, -2.711826472847814, 28.62422213365202;
  0.5924821329930946, -3.568080595065871, 21.0799587336245;
  0.6308169638987304, -3.027407235826971, 21.52289661187952;
  0.7702887837532627, -3.493060030748647, 26.02976670596216;
  0.6733529537264089, -3.111637754003483, 22.20684189246513;
  0.5123375091010562, 0.5435387128917367, 17.02890776445638;
  0.6294268392471092, -3.199843798434116, 20.44643700876452;
  0.6048465703820948, -3.790383065004292, 18.9410365097376;
  0.6589617112151719, -3.366003718042762, 20.20987679874766;
  0.7372793534107657, -4.041891046619187, 21.72364080305727;
  0.6524952757290208, -3.884237265944969, 18.62482096297271;
  0.677864128234179, -3.103141138778578, 19.2731397838848;
  0.7172421792959899, -2.652959408712135, 19.43090720549985;
  0.7809939028226571, -0.04038530473741833, 20.74300594675938;
  0.6602308067356715, 0.5578088315181246, 17.61657076290787;
  1.338891107184795, -2.240576796660474, 34.06803911254182;
  0.8122649467920757, -1.852231323188118, 21.68470865570208;
  0.7044952789379098, -3.672419435337376, 18.41488421136438;
  0.9188169181920574, -2.439090467209431, 22.68671137715976;
  0.6581196867127868, -3.755027616548358, 17.36690114363665;
  0.8545317135351213, -3.008114591372402, 21.18546086459092;
  0.8259093204995764, -2.539561257847582, 19.64941119028116;
  0.6923818515685207, -2.871398145088672, 16.33650129484363;
  1.543612964257196, -2.135774383580138, 34.19992084624127;
  1.042735170498516, -2.052845118901046, 23.08248757878792;
  0.8728321253722318, -3.595302463761064, 19.18527289178257;
  0.7267694451421698, 0.4714157661363015, 15.76729053638379;
  0.7881792221963995, 0.07095209683565171, 16.94173138765323;
  1.029573598865696, -2.299429366477301, 21.32524668248911;
  1.095501222003863, -2.904393896644551, 22.03879653450551;
  1.530301449604216, -2.34510317337987, 30.6530767116689;
  1.524491257291014, -2.179815108161315, 29.90794792181304;
  0.8240989572509796, -0.09255950289977998, 16.54719295096594;
  0.8530301089170205, -3.435400985900345, 17.00219030970207;
  1.025903733100685, -2.722584484616089, 20.06377119990517;
  0.8881917982868043, -0.02285034242355091, 17.02247459990667;
  1.102237364427365, -3.039550342520507, 20.90288442555692;
  0.7995978296952429, -2.255815024654643, 14.86401421763103;
  1.153356044491916, -2.318887442440935, 20.65659909244596;
  1.130808118698252, -2.786724387292196, 20.16366160770915;
  1.194962548529229, -2.705659381133574, 21.06170020790456;
  1.150370530486713, -2.385681305184697, 20.16739959754248;
  0.7872462093985937, -2.334977389863394, 13.40115657296084;
  1.41661691043413, -1.924339557200725, 22.77177968819581;
  0.893141855782825, -0.03762758515402106, 14.77644672287681;
  1.444768410119092, -1.593537007379793, 23.15226216253947;
  0.9298980118381707, -3.228850448709857, 15.20602546106109;
  1.266281773596909, -2.220998699448646, 19.74780024008629;
  0.7082753448729029, 0.6334977035290355, 11.20166608768277;
  1.340638975143983, -1.756191056677428, 20.21585325130163;
  0.9266459302343008, -2.425069769682052, 14.35307617036213;
  1.010788819657502, -3.188198604018769, 15.44501960397115;
  1.926781129246247, -0.9187731032530407, 27.94096561828624;
  1.579668155476705, -1.656932748379002, 23.01603036630323;
  2.076570428354352, -1.109448927380043, 29.72892200357483;
  1.408679088199256, -2.095160880005495, 20.43691051222153;
  1.678863457472416, -1.517359776018842, 24.00247179350887;
  0.7965612472676138, 0.2074846772126563, 11.97158584073759;
  1.386488135769023, -2.212750599272668, 20.03930946738105;
  1.447805733209789, -2.034284177197581, 20.72153460156697;
  1.050792206579401, -2.091914649511657, 15.10725537989451;
  1.875548713083969, -1.41536931261676, 26.00023243183706;
  1.599727707934879, -1.62713791477042, 21.91799899684843;
  0.9875863787832571, -2.956066590886807, 13.95514860825824;
  1.010777008542209, -2.291119496513203, 14.11281293537787;
  0.9588630215397771, -2.408027901270296, 13.24965387921848;
  1.951065476552276, -1.213301740527156, 25.84521536533597;
  0.9092523195770602, 0.02532183203236327, 12.4817995703999;
  0.9539533537555492, -2.297627559565378, 13.00843544509661;
  2.197949862498883, -0.9462146026705633, 28.29407907963523;
  1.021013177247633, -3.033734488477903, 13.92088762685657;
  1.960721942604256, -1.590986181126323, 24.81703056889609;
  0.9816139139550476, -2.005465704518223, 12.9476943652007;
  1.141455135531487, -2.836191301927946, 14.74248265017362;
