m=[-11.22533629245023, -1.391819438910888, 20.9105333808033;
  -9.501612116910511, -1.595359475296158, 18.02645492594249;
  -12.71940924985697, -0.976749323633257, 28.71939087751806;
  -11.40343376901842, -1.301257234340092, 26.94831793598087;
  -7.971037800118177, -1.62568657023198, 20.09079448429076;
  -3.493776467338054, -1.730683832084326, 11.45127120366493;
  -3.44956611184486, -1.409800653914094, 11.38511918213305;
  -5.159079845630544, -1.787800670155211, 18.61228961723476;
  -1.24401540559795, 0.3746265896712079, 5.77940680174892;
  -1.15709750838049, 0.1116204468973875, 6.031728177707152;
  -1.113227419516933, 0.5260363246863217, 5.84730188631898;
  -1.230976209260397, 0.08957220500238861, 6.370249283111334;
  -1.109302029696291, 0.2989115296024293, 5.974888475878128;
  -1.073752788758969, 0.3874402954641735, 5.875499420653715;
  -1.078927700455285, 0.3268850290146487, 5.961688304646369;
  -1.062136179296807, 0.4125388705309293, 5.949520788951593;
  -1.210435994636471, 0.705993202105544, 8.409765599402407;
  -1.267772009389509, 0.7803070288046398, 10.19071413389332;
  -1.066859428196142, 0.7685916247222976, 10.73137944719031;
  -1.159706496381766, -3.212336055105999, 14.97270799226947;
  -1.253707060733016, -2.915717009407722, 16.68140818213567;
  -1.34395182228719, -3.536954513733013, 18.21529761198978;
  -0.9507805665677234, -3.582869691472315, 18.80617598224121;
  0.5784335734009407, -3.879188228839323, 20.32112996455315;
  0.5454239984672582, -3.498181084592738, 17.69795027560194;
  0.6616873038727448, -3.619552477984894, 19.08310876669652;
  0.6401943542386674, -2.688964671895732, 16.19299352521683;
  0.6283250103815394, -3.142584360343067, 15.30830038599637;
  0.5211564192994882, -2.643864966505761, 12.15278433488052;
  0.5124934338191078, -2.579907096124936, 11.61598229076143;
  0.6445940583169384, -2.752655523048568, 12.9697775529505;
  0.6496403010486358, -2.883355591610654, 12.91651702979018;
  0.6984607257882686, -2.732146602866455, 13.59433693670964;
  0.6411137657209611, -1.911748072187658, 12.5797293416163;
  0.8347525648845739, -2.571573011457278, 15.66807254550055;
  0.6780127524971437, -2.780317583007412, 12.69858738317086;
  0.8075139189139138, -2.215898220666074, 13.99235340104018;
  0.7705591471187788, -1.855417755578275, 13.24128303259356;
  0.849899908848527, -2.762081587270118, 14.3009160719681;
  0.792941431196317, -2.266285707506152, 13.44700944126466;
  0.4909118645796535, 0.1262758236301031, 8.671038052301865;
  1.050210760457828, -2.825139866145464, 16.05080847840097;
  0.9335883807855278, -2.207350529914996, 14.47462023677907;
  0.816283989454786, -2.058476455728892, 12.52247269916202;
  0.8520681074783012, -1.820799156487565, 12.60549225988069;
  1.043960307432057, -2.708871660425698, 14.97003669536844;
  0.9836529224496817, -2.589755727567731, 13.76803023790135;
  0.9287906528903164, -1.50622529283227, 12.13017452531362;
  0.9462220440010214, -1.859267838869374, 12.3417920698384;
  0.6669242688050457, 0.007125019888303031, 8.855933341867885;
  1.025573305811347, -2.779052292411179, 13.26460242217518;
  1.049755699914823, -2.200734393690627, 13.47485624401687;
  0.800010270172411, 0.02727227100983789, 10.31811936449577;
  1.1537228196555, -2.626383932498857, 14.42112138528679;
  1.018108268684524, -1.826616013244167, 12.74508725884871;
  1.04077301957007, -1.668425753674423, 12.81109557482642;
  1.116403058356689, -2.617603366513096, 13.64581878568318;
  1.15080036873059, -2.389725817907424, 14.0196841676177;
  1.381008045661144, -1.452931290422244, 15.09068668411625;
  1.058672981625084, -1.745680288584832, 11.74635911467449;
  1.091275135373563, -1.846021312910738, 12.01232147910512;
  1.053424388732655, -1.404061091160399, 11.498909513423;
  1.104069584921525, -1.641501065812093, 12.02754986033688;
  1.095959392979098, -1.563764959509636, 11.89608784540841;
  1.160890154152108, -2.4628398609274, 12.26224342096965;
  1.017410722064176, -1.568478619572392, 10.63662468528261;
  1.153369616688674, -1.898085409856672, 12.03332530982258;
  1.133049367457995, -1.807851010036826, 11.76996030857052;
  1.08641808024627, -1.457465701562569, 11.3377599254863;
  1.375354673117684, -1.304770265894395, 13.97880179125821;
  1.09565067199285, -1.410303210030062, 11.24874078485346;
  1.426330706952251, -1.16218739547036, 14.34427033599091;
  1.220521876082585, -1.92059679526019, 12.1317007431337;
  1.125446163847556, -1.256153185729933, 11.25605480050256;
  1.194987139047299, -1.423722288994686, 11.81374349334704;
  1.025245119457151, -1.271989880981659, 10.20094040529814;
  1.326814667985286, -1.26536089768079, 12.68740537936113;
  1.151916066744653, -1.443434230604085, 10.83241803820937;
  1.569992381890113, -1.248851560321113, 14.36732078950542;
  1.688242494262491, -1.184911151449232, 15.24617178649157;
  1.247595212328079, -2.53418714567518, 11.35586984377154;
  1.286834101386909, -1.628701233210701, 11.68512567434009;
  1.260402060367373, -1.410160014316658, 11.25633365655891;
  1.304982911349976, -1.772270653918855, 11.62244758988969;
  1.734045949583738, -0.919592919769834, 15.03122595344754;
  1.5411641222395, -1.278811065805521, 13.30109984169835;
  1.338914064367071, -1.680303948610243, 11.67128581325238;
  1.751657354163757, -1.257061017486479, 14.73113700261026;
  1.429398274942106, -1.924410443268151, 11.90999589715204;
  1.860934869418644, -0.9356834791735175, 15.02769077289464;
  1.237653329255467, 0.2434550049533473, 10.14671137119357;
  1.971938150376505, -1.183693051361239, 15.46334427835584;
  1.32544948220184, -1.356900783672302, 10.65703332331591;
  1.437350935000697, -2.039553986973925, 11.12876357615672;
  1.567440864619154, -1.5536287807721, 11.22255139812205;
  1.578375375778217, -1.644268362693517, 11.1547621927016;
  1.655672092711053, -1.846173635893292, 11.28240597085356;
  0.77615212363478, 0.7087994579249768, 5.811847586308092;
  1.761224750650437, -1.700287301957935, 11.61842947811016;
  0.7518428348585982, 0.4300865252466786, 5.453373035847513;
  1.945349497840281, 0.0823941113342925, 12.46328341994833;
  0.7595626257278816, 0.4063228162825812, 5.489559469996444;
  0.7793510623311305, 0.397932153410383, 5.528936949827919;
  1.919368516973045, -1.777264281458455, 11.80106109078922;
  2.186318839608908, -1.984756907426525, 12.11328501063099;
  3.284201941600421, -1.104274647099385, 15.64534308838871;
  5.291655270110735, -1.127212773686275, 24.16718882281111;
  5.056610764509891, -0.7510712379460095, 22.67944610677082;
  3.740362485792933, 0.1520097709109775, 16.51913169005827;
  4.341948366794891, -0.9946379850736125, 18.67514121180208;
  4.040484035650723, -1.067341300600161, 17.3334759917291;
  5.05690241998129, -0.7699167744763549, 21.3316896363491;
  1.142395885028294, 0.4100803762808597, 5.421355070486719;
  1.149514192941022, 0.4662174949554064, 5.420611244595026;
  5.630628521266694, -0.9893797519312987, 22.43165224685959;
  5.215004862846577, -0.9163488939176063, 20.7758645606298;
  1.201150736164539, 0.4156977285225042, 5.443985021231415;
  4.4575173276857, -1.507950634965103, 17.08705037685466;
  1.252747907622868, 0.4266800497555045, 5.437850244990127;
  1.294332024436081, 0.4378351564888642, 5.445311557693206;
  1.606126303074719, -0.9649193690855474, 6.421572421555161;
  4.047638297894181, -0.5901909126083739, 14.74539804817348;
  4.71683832105592, -0.9239662773191133, 16.85950309700179;
  1.642662123333787, -0.9050782504031006, 6.382541401243299;
  4.033928093240999, -0.5585473905083158, 14.2930766643163;
  3.74088233891296, -0.2547037638909407, 13.07642808064503;
  1.657316973917027, -0.8991126614933406, 6.29962050947394;
  3.844852385492048, -0.03720920564964666, 13.20686917511219;
  3.860114038200718, -0.3713516806143623, 13.21402113908648;
  3.82575688763038, -0.04468341721809167, 12.94755447934201;
  3.763790199604117, 0.04714019884953331, 12.64941279802022;
  4.064082583381431, -0.3960933121551599, 13.55031713575601;
