m=[-12.34608350393047, -1.150527733666142, 24.84395413211595;
  -5.83753518045967, -2.259891344806883, 12.26889807967455;
  -7.290600298224971, 0.2450555942593055, 15.62031278812056;
  -15.25765295893413, -1.106164781204128, 32.59414952239362;
  -12.39644738977775, -1.180012808185793, 26.93171094077457;
  -11.54357941849615, -1.139424540044899, 25.43627671467258;
  -1.257553699283432, 0.3052586129585773, 3.768137823765267;
  -1.222214356315037, 0.2975632244190316, 3.771256796075459;
  -1.219668362966002, 0.2729722517902879, 3.77931517286576;
  -0.9500318399872424, 0.4303875359660835, 3.765196058820481;
  -0.9444839982275148, 0.2869743364876006, 3.82844180273584;
  -0.9145754256669181, 0.3047486342301675, 3.806802306696347;
  -0.9054537835305627, 0.3644920139200636, 3.814689262040033;
  -0.8965019169556928, 0.3510699249979655, 3.801518696552883;
  -0.8935424089382744, 0.3669102694912454, 3.831256318660172;
  -3.877046870995807, -0.1398667165242739, 14.4592497215474;
  -1.668881112848498, 0.2648807129532212, 6.836538453061396;
  -1.482315716637163, 0.1926575445093954, 6.224978129018107;
  -3.052890198333809, -1.070888212227343, 13.67906659097992;
  -2.242871262370818, -1.826301952695048, 11.00839252108834;
  -2.427433406611513, -1.857469661141134, 12.00866290598879;
  -1.078762788873812, 0.7095664245435945, 6.849972834246066;
  -1.20059470569462, 0.6758735173845916, 7.951956702234339;
  -0.5083677414062116, 0.7707188385116727, 3.962980516485797;
  -1.039494879076055, 0.6989522816391202, 7.403190841689676;
  -1.09888856092293, 0.6803651010101652, 7.920438628758937;
  -0.8625964251145324, 0.6752898557101947, 7.429495447819621;
  -0.8288004511216025, 0.6578236419727299, 7.537773244873604;
  -0.3788969766813983, 0.7709840141527143, 4.012062524958703;
  -1.829111049120112, -2.123282753590114, 18.76426965166104;
  -0.5362982343632118, 0.682223904941385, 6.202696535786374;
  -1.4689926466989, -2.610328296076206, 16.5439129074597;
  -4.82752279827222, -4.839600319495497, 55.1795058254263;
  -1.635399158654291, -3.070804510626325, 19.23368161385401;
  -2.153844572791362, -3.265027775374989, 25.01300564029665;
  -3.155609272703658, -3.800230022422452, 38.6325433311452;
  -5.062137640561263, -6.577733252243047, 62.85478142113705;
  -3.501995268556479, -3.439900647476229, 44.51618323022733;
  -1.277946486054742, -3.648787145471982, 17.3378906447252;
  -1.101009318186032, -3.091313933771802, 15.72160291186182;
  -1.322820668724947, -2.521996343490582, 19.23452910630899;
  -1.398299378694144, -2.866306809108165, 20.80253125914742;
  -1.048359830182984, -3.037835469186055, 16.16209386172417;
  -0.9989614081232592, -2.780780130744375, 16.30506237375086;
  -0.9253541026473106, -2.922402618278911, 15.15337109590001;
  -0.8631580432647158, -2.850801526973354, 15.11095847405676;
  -0.9543095932046116, -3.37642499261321, 17.11911666741434;
  -0.8941882099817105, -2.700623556299686, 15.96729005298217;
  -0.7469800199461495, -3.132811790296504, 15.18078276948168;
  -2.402825115262006, -2.871890873081393, 47.83756480851436;
  -0.8337763017688302, -3.65283393863705, 17.32878643601476;
  -1.705638358424148, -1.721315764329227, 35.55981966149599;
  -0.8520805560401846, -3.103185158322385, 18.25430991761033;
  -0.689905058310889, -3.253899663572109, 15.23021994169834;
  -0.5953863447243045, -3.313886344234813, 15.39669986859838;
  -0.6312933047439625, -3.360239720490032, 16.09703964099345;
  -1.30558757471216, -2.153136389858043, 35.28787296858938;
  -1.357869397642414, -3.068912977958866, 47.00064845467264;
  -0.8890116137327835, -3.152135326154201, 50.23651182195163;
  -0.5353934041833264, -2.049995569042378, 36.45706137154118;
  -0.349345297050834, -0.5340990193517191, 25.47218784770269;
  -0.1525957168547117, -3.455927072552885, 23.0523738240094;
  -0.1159234601848715, -0.9118144434317403, 28.38730926038305;
  -0.04648520205276449, -0.3213208850790338, 25.52879250999185;
  -0.04032627771358391, -2.680956088781882, 21.51344354303321;
  0.01439837191295395, -0.7441786575327528, 27.59196837276178;
  0.0336613820528986, -3.336772977397137, 23.22252254425808;
  0.05977736260592017, -3.125259905325628, 22.67446232934539;
  0.1034032738424911, -0.2793823220574723, 29.10329695205932;
  0.07356185418552495, -3.330247285116718, 23.32396952106515;
  0.1264873359301929, -4.430831878511479, 27.3888545450891;
  0.2821086850336558, -2.060533149268613, 41.07606593903091;
  0.320488574915445, -0.8322410626972433, 34.64425488608912;
  0.2234088772743709, -2.786886305578698, 24.79832431721902;
  0.2334995264111207, -2.917088954076669, 23.10015045396304;
  0.2647729543652215, -3.298218768492036, 23.92642151109143;
  0.2808247199998045, -3.981024490723031, 24.7780984631593;
  0.3466332673472107, -0.07299856561140804, 28.60995997299278;
  0.3221496777751004, -3.089466589724437, 25.00655237971822;
  0.4299443763953418, -2.133060134090395, 31.86064611201667;
  0.3894732798198911, 0.07455337820987321, 27.91267910188816;
  0.6013704892023246, -2.468530620370858, 34.68416252735614;
  0.5465485157179321, -1.995149290108267, 31.32380549029293;
  0.558409370016922, -2.535883197782369, 31.69113901928903;
  0.6742391507015064, -0.3567081972356951, 37.15579768140735;
  0.4455797210705797, -2.743404999279713, 23.13551216882237;
  0.4940007124455993, 0.007610467338379726, 23.23631438976695;
  0.4958539490248154, -3.704827281848329, 22.07344438784644;
  0.584776047828411, 0.08947420857904875, 24.68748228453722;
  0.9377714479101901, -0.4667868000289807, 37.58354083585289;
  0.8052248664541652, -2.150545516283515, 31.40182079837001;
  0.7638886835965882, -0.1354873594579126, 27.75504163983325;
  0.5877997096037845, -3.358000058597179, 21.45566857182189;
  0.6462157129147153, 0.4115688361594317, 22.69956161059207;
  0.6410105542876801, 0.004189599013454008, 22.43928845653578;
  0.7660885864872874, -2.438163373066508, 25.28610392219509;
  1.042567986239968, -0.8825090136570447, 32.81416016139454;
  0.8828078331660291, -0.7550487387123481, 27.48874005094424;
  0.607222281409447, -3.813403704712094, 19.35042528587289;
  1.264814079135052, -1.875600165910791, 37.88105108722703;
  0.7065944137334718, -3.041823510083315, 21.15113473514845;
  0.6660342581004377, -0.1862248545194765, 19.97061152582279;
  1.195492938784922, -0.5802949827549594, 33.85029971599313;
  0.6007189082531003, -3.739335173368177, 17.21659803413132;
  0.6922963752014989, -3.128130539970677, 19.54171921335571;
  0.6639617986965583, -3.747121110086789, 18.24392708720034;
  0.6817860572679779, -3.165567877123269, 18.53054549911775;
  0.7984018352474454, -3.153186825478574, 21.14199373130901;
  1.274535442885596, -2.045971401739918, 32.34051961393639;
  0.7478149953618516, -3.496336235700392, 19.12331612996182;
  0.8548752802938318, -2.886185171748303, 20.6295856851952;
  0.6831183776960832, 0.5408534069922367, 16.36656093910364;
  0.7882934767608546, -4.163882462530852, 19.04595625179238;
  0.8788334535374544, -1.810383271606562, 20.89465592171949;
  1.021200977414637, -2.698120926539028, 23.11692688099561;
  0.7857089222662641, -3.758260456441211, 18.33259646339972;
  1.020778190697292, -2.506356288156646, 22.79674665773295;
  0.6871967952393432, -3.56209800514794, 16.00346248002312;
  1.004620996920898, -2.69162068294741, 22.31350858981413;
  0.9598889777747297, -3.103263424815868, 21.3522251192322;
  0.8413953617913771, -3.155269119190087, 18.34813002193817;
  1.570374394550782, -2.029642378890705, 32.05262880619405;
  1.361717437800303, -1.02651383819239, 27.80870893308728;
  1.684401654099994, -2.398780557952902, 33.83078448633317;
  0.9958592033036853, -2.861508164602056, 20.38919813776237;
  1.116420094252104, -2.046096383649648, 22.52064236566387;
  0.9047401771828425, -3.455638928661159, 17.96965850943515;
  0.8831621812442364, -3.366273556296929, 16.99077726838383;
  0.7256090890503223, 0.4409219248591001, 14.2019659586943;
  0.7853102556263127, 0.06883999367886609, 15.24508471939049;
