m=[-10.50657010992697, -1.057687137832969, 16.68560647307906;
  -9.089490457474248, -1.570877176529629, 15.67085212653486;
  -14.17542766550093, -1.146288212704441, 25.05936188242548;
  -14.6571500335861, -1.577285961040382, 26.13438867186001;
  -14.18947729309716, -1.108745968580538, 26.13742402624415;
  -14.52859469532497, -0.753748000472888, 26.8304734805723;
  -13.62754738771874, -1.548559751153347, 25.25091762140377;
  -14.33813063124216, -1.415835480067886, 26.68236574503025;
  -8.243769818408984, -1.299004004812125, 15.79410552590767;
  -15.78018467632567, -0.6322550498761521, 29.60507016830346;
  -14.40688088886617, -0.9372992513259812, 28.38579502859161;
  -1.227707447102636, 0.2670801624838288, 3.361556378046654;
  -1.2114126981735, 0.3147050474962995, 3.343681235947828;
  -1.197653151105073, 0.3557775724339956, 3.366285588775807;
  -0.9558340085042555, 0.3360609598964889, 3.484851409107054;
  -0.9183630243612014, 0.3871528387057295, 3.449118230609046;
  -0.9088217717498899, 0.3512378349361611, 3.426638324685549;
  -5.828163076048341, -1.530697893310571, 18.25826845346859;
  -1.056906325532016, 0.7064081231617364, 7.264394379154527;
  -0.8891248098115661, 0.6898918782589715, 7.423689138712763;
  -0.8930617519420088, 0.6613534614355453, 7.690761168000377;
  -0.8541579958763585, 0.6782097347139335, 7.576878003719756;
  -0.4554288659608997, 0.7322199560710366, 5.399281298721051;
  -1.092428900231155, -2.354112852991337, 14.42964838404972;
  -1.109364241788746, -2.54003853831059, 14.91572279687463;
  -0.9000043826842679, -3.105084252721419, 13.79017999815609;
  -0.7578170461356601, -3.325205047417408, 14.59552825201493;
  -0.6724835654151011, -3.162029659079961, 14.58748728305039;
  -0.8031068892923218, -3.231659001488357, 17.41660079355736;
  -0.7312664202414378, -3.002458304848821, 16.77198051573007;
  -0.6772635294722255, -3.036939834403839, 16.49379821472417;
  -0.566818410472429, -3.604209061117296, 15.86893351645244;
  -0.5741479421342157, -3.490686775914865, 15.89313514372807;
  0.7860750233508592, -3.229229461955586, 19.20016443062276;
  0.7444410162489057, -3.149831887809321, 17.58687397981392;
  0.7353654469597269, -3.769840918864924, 17.52113197922602;
  0.9072436601825978, -3.323134448669181, 21.20326072199949;
  0.8112412455299336, -3.494041942921875, 18.208263600388;
  0.854020252777245, -3.832778050160004, 19.28778568009469;
  0.8336856932407291, -3.651337295318935, 17.00901616838334;
  0.8086583600309383, -2.717019830341605, 16.33967102880445;
  0.9402141741807298, -3.268080952335365, 18.09059229851198;
  0.9812890252980338, -2.600201020721325, 18.60681728469545;
  1.033618423964116, -2.646177199960155, 18.97661136350775;
  0.9972784452834745, -3.003259396719125, 18.16580610706403;
  1.040770922259583, -3.300375209141785, 18.72359572128714;
  1.005616259694137, -2.437866271731383, 18.08552354409078;
  0.7457360831731533, 0.1285264245745943, 13.20510256525591;
  0.802359649828937, 0.3955333381454564, 13.99617723653785;
  1.080907020460298, -3.094706186014391, 17.89705227762661;
  0.9693153862964437, -3.449926372304656, 15.77960860368319;
  1.153970355684486, -2.825665152982832, 18.07717237427639;
  0.8654864352141255, -0.06265718842779579, 13.65467136271082;
  1.236665952695105, -2.265964264086546, 18.59551917332356;
  1.318346437552263, -2.926946688478185, 19.62253787339613;
  1.193148206308448, -2.442651714011922, 17.62442154364366;
  1.056725681636657, -3.107398207991735, 15.44602713138018;
  0.8200986068677362, 0.09685321202578145, 12.20417099621148;
  0.9522391962403843, -2.600509696585129, 13.5082967049693;
  0.9760586130114172, -0.0893087480524717, 13.36486469843941;
  1.421710613526649, -2.304069357322951, 18.83706826107536;
  1.067540425240079, -3.302053807276721, 14.31673043065142;
  1.523084038090786, -1.864753060638192, 19.59631159407876;
  1.397926914715898, -1.943752377891974, 17.40426316174255;
  1.454878340591338, -2.151262282993554, 17.95296806371978;
  1.035509769414374, -2.96807329952957, 13.21423766534714;
  0.8867873639445963, 0.1775191628269983, 11.10403932368274;
  0.7106097753003505, 0.1427568178732511, 8.789523033648047;
  1.114250998286386, -2.960441218979685, 13.02143642689123;
  1.762667075007138, -1.228035908481701, 19.70659634766889;
  0.9645599680461966, -2.015191066505955, 11.286979544318;
  1.712980270844462, -1.973801266804109, 18.63577223675555;
  0.9218080283404336, -0.002913421890850678, 10.53774028421639;
  1.1988104364696, -2.752737777734159, 13.09446214290406;
  1.839311917574331, -1.312823483180727, 18.84439474808051;
  1.591099346749305, -2.034804917330422, 16.30466055376721;
  1.158232144046771, -2.186179837013017, 12.23865666037061;
  1.823887569886812, -1.477287798738287, 18.22802190601923;
  1.706041334901061, -1.93351243464291, 17.12263220228959;
  1.152830208488532, -1.913760909648788, 11.54478646333204;
  2.22514531156857, -0.9534751596678819, 21.21937192185774;
  1.144730864182452, -1.676810396711695, 11.2869202050411;
  1.936840414363747, -1.230115631823548, 18.16487632770873;
  1.237069939916933, -2.459505695517442, 11.91518188006825;
  1.179554583534772, -1.897462176163657, 11.18035350803737;
  1.299664771563736, -2.259356522291421, 12.00884465626549;
  1.369730446102374, -2.449314008209424, 12.6041075461288;
  2.193410629027476, -0.4653658573106545, 19.42294741812704;
  1.220641257823834, -1.701051461895825, 11.21994162761074;
  0.9654585552345781, 0.01739692600695445, 9.068620833777562;
  1.261610230337599, -1.662016216258504, 11.09727969013896;
  1.294586571747695, -1.71776801416, 11.14804236112453;
  2.220241903023485, -0.8924408301942211, 17.9221655182225;
  2.537385427776415, -0.6224067530774711, 20.26611626379219;
  1.320968963773729, -2.028644568638384, 11.06816753790192;
  1.901809366855849, -1.811238317374914, 15.35390290624158;
  1.290303560725116, -1.571483499978243, 10.67922390138223;
  2.121382483179048, -0.7079651078359496, 16.81089038091307;
  1.771251150449347, -1.355121263318206, 14.20587688862095;
  1.358323181035808, -1.548330967048225, 11.03943453492778;
  2.269781245094495, -0.7035571651673527, 17.58708982016495;
  1.366684553189151, -1.492570566916414, 11.03243994008567;
  2.458128820385257, -0.8575428345008423, 18.73535111874733;
  1.362852038491129, -2.051787057144128, 10.85116387247539;
  1.294531490367266, -1.854859900117531, 10.31204084043242;
  1.378474937666015, -1.644941923137173, 10.84943025854471;
  1.895009213708197, -1.651778666890043, 14.53493772313508;
  1.31325602841929, -1.925416775630326, 10.41219755971404;
  1.954787595100523, -1.472604806204849, 14.695840622403;
  1.044858226351697, 0.4746632973240885, 8.33426368685709;
  1.441408152215203, -1.584016597581976, 11.00327646265389;
  3.497682631895379, -0.3481745594982417, 25.01362331026259;
  1.906752705858325, -1.595607535754302, 14.0681971279034;
  1.922381567851665, -1.276953674924915, 14.04504734025118;
  1.365058475750467, -1.564400067275624, 10.26289666374936;
  1.424637258928573, -1.864245568161189, 10.616477496578;
  1.448327771869499, -1.589501973271942, 10.70625779016;
  2.472352389361982, -1.034638919635532, 17.52746836292551;
  1.442256970318834, -1.341736807297879, 10.61943766279044;
  2.052305607572507, -1.047987339709978, 14.41689819911261;
  1.427211483743129, -1.938073395440177, 10.33065673849438;
  2.54065143241567, -1.060772733637426, 17.42226555448201;
  1.365457887796761, -1.594423584635027, 9.824652949530774;
  2.120781618745487, -0.5651362021708515, 13.31274337934997;
  2.109384488624259, -1.433280741205223, 13.65611377644977;
  1.561139338682493, -1.752784680083066, 10.37031252544052;
  1.875756132168273, -1.098913612041429, 11.89664363363818;
  2.24493665587553, -0.9934627237269311, 14.00576196307556;
  2.514705017006047, -0.9241746460732401, 14.89828349783562;
  2.534771742345814, -0.8856535252320802, 14.22015319398953;
  1.581031497562977, 0.209490858078163, 9.101702626946905;
  4.488723973791533, -0.2943764347600322, 23.63696822930969;
