m=[-1.946749462027581, 0.4282676298982729, 3.66895175725909;
  -16.70044048256968, -3.541465593355643, 24.63955789459981;
  -16.99818092298544, -2.036916978554001, 25.24461755456321;
  -18.00842870305886, -2.025445410345093, 26.71715884017927;
  -16.74501965702928, -2.993721230284822, 24.92180323669411;
  -1.948018586556073, 0.4884737180086652, 3.823826343475647;
  -17.92549745733019, -2.686043597711165, 26.66867446106164;
  -17.30831081415583, -3.299010607296347, 25.79456959253377;
  -18.55353103968334, -1.610850280561551, 27.63389921601995;
  -18.28506830607907, -2.05412785631687, 27.43252577344915;
  -18.02925053766319, -2.233232791669607, 27.2591108262289;
  -18.45643316404511, -2.475665482472742, 27.92114436983264;
  -19.8568723768865, -1.619679148759271, 29.99627728793553;
  -17.70098147614073, -2.038386629429847, 27.09963661352623;
  -17.52046274199708, -3.111612870267988, 26.83452366993273;
  -16.80835156076622, -3.177299327213671, 25.83841089771289;
  -16.82259019832985, -2.053475253698848, 26.00236956202992;
  -18.25438881137749, -1.981062052356909, 28.12466722456911;
  -18.76590841811347, -1.89848148006851, 29.05382385014764;
  -17.27384040028718, -2.469932571110876, 26.94831684767038;
  -18.27296703814217, -2.33000849313028, 28.56310042680336;
  -15.45607222833155, -3.104244357651427, 24.71191998387445;
  -16.99854896736994, -1.388953326597068, 27.25291706527776;
  -18.15505231685888, -1.456086998788051, 29.49129584888411;
  -17.82056071242429, -2.08209175179636, 29.22776548319778;
  -18.18054437970094, -1.805490923472708, 30.15836776184391;
  -16.87251082905915, -3.654078725333206, 28.89104165776757;
  -16.42121403543219, -2.80322430146256, 29.41053883949741;
  -15.67866840501569, -2.512590151487413, 28.265429802968;
  -13.78502540777367, -2.677555351715126, 25.07208965170451;
  -15.65829615125069, -2.441280998081921, 28.99201489341053;
  -14.39362839363549, -2.204439747340417, 27.75203425434271;
  -14.19379825674484, -1.92664973436809, 28.58272321619267;
  -8.549380732902462, -4.340294559856617, 20.9583518002483;
  -2.092240243205022, 0.6122170227132431, 6.142082115071317;
  -7.351894632744834, -2.677315651928135, 19.04230659222195;
  -2.047505223207423, 0.6293993121377263, 6.08898896306641;
  -9.967309039029464, -4.897511243648836, 25.82456332620327;
  -7.979668727123444, -1.762793920041938, 20.88949639131752;
  -10.11008181032774, -5.593842481675141, 26.52133779057625;
  -8.692662802192558, -4.249049083288184, 22.92585697209023;
  -7.050386906073902, 0.002952451947181742, 18.93965279904106;
  -9.709488786836619, -4.749128015116162, 25.81594455730234;
  -8.453240253079134, -2.568000802916931, 22.8673396248916;
  -10.7450882139364, -6.604256608895801, 28.90558056563741;
  -8.825273162817405, -3.11806774060497, 24.51767955049512;
  -8.419196219072092, -1.486400358941423, 23.46957667970226;
  -7.901740507916819, -1.118653198173605, 22.81062995720602;
  -8.103756594707276, -2.94712975881819, 23.64389207602346;
  -7.389897292292985, -1.971692507297239, 21.78166516902258;
  -6.22305741911496, -3.043096650492234, 18.71851487486661;
  -6.202227341020448, -2.497515645221255, 18.78285938639559;
  -6.054492327124876, -2.893687073409774, 18.45110794734375;
  -6.052062963495546, -3.296271180431674, 18.49838284662338;
  -6.119138546543151, -2.826054915620158, 18.69892553047757;
  -6.049546558363398, -2.281678437472823, 18.55438450942816;
  -1.936220729267042, 1.234979749270653, 6.788854481616961;
  -6.329195207787251, -1.08659812199842, 19.76131073121502;
  -2.536915524357766, 0.8110898172527932, 8.922516019372955;
  -2.551783334555662, 0.7586470187176365, 9.025754612848791;
  -2.478783280156265, 0.866196288743551, 8.948847947735487;
  -2.415614548195428, 0.8688473069669367, 8.926880600334375;
  -2.433770708532139, 0.8231644660411346, 9.00540331632225;
  -2.34362162215627, 0.7574141757119526, 9.011876974885615;
  -2.376383791021369, 0.8894239531960956, 9.284104562259211;
  -2.093665223615053, 0.9705000978759178, 8.965028593434147;
  -2.07986784820564, 1.04304458902003, 9.084203642458308;
  -2.031255002960488, 0.6029110195380898, 9.129887408503619;
  -2.0155807507015, 0.7813557359582189, 9.166381405433777;
  -2.010832341312155, 0.7795149776994634, 9.144786769983558;
  -2.026884623531846, 0.6633293403510343, 9.328892709376243;
  -1.977854791238739, 0.8217890462708416, 9.233374201540963;
  -3.744613043200705, -2.891338664809446, 17.07793525070002;
  -1.889875794551876, 1.038485314979918, 9.903701451218678;
  -1.885261421739778, 0.7903960709794808, 10.22745101359547;
  -1.95858610568087, 0.6499060167794128, 11.47911784881965;
  -2.008376666651528, 1.195527657097236, 12.32288346607858;
  -0.9531448253519278, 1.627462543746904, 9.473763825245838;
  -0.4962917459602076, 1.610986105512865, 9.133885764095929;
  -0.2703719304949301, 1.627940847762778, 8.809986137921037;
  0.02424216438523433, 1.58892750620213, 9.145350302372499;
  0.195781394888261, 1.574880182490879, 8.830896119638201;
  1.248099644554285, -5.851644866391887, 24.30950806996921;
  1.393347863867372, -5.9005966935626, 24.55982886471651;
  1.335286771656753, -5.285532251078433, 22.39377627684809;
  1.711180580007215, -5.97908557100034, 26.2832110679288;
  1.833336451225643, -6.006767947353374, 26.92096788698393;
  1.997782017774314, -5.979807746936497, 28.22977872507208;
  2.216244954533283, -6.585124367941505, 30.21713887064059;
  2.01415777594393, -4.851164259869621, 27.46574693768517;
  2.153310736319026, -5.990009152415913, 26.92112602119185;
  2.078802461452562, -4.204912118074446, 24.69390666904116;
  2.153105577682595, -4.049053671126126, 25.03871643118811;
  2.21582795388172, -5.704621790509036, 25.43815813371553;
  2.488089790128388, -4.303101971195689, 28.00066425988404;
  2.479849304729776, -4.601448543210057, 27.05645744702116;
  2.308314483449333, -5.827775195551189, 25.19155012913001;
  2.324557141433144, -5.504855596979946, 24.22469420819115;
  2.709576280482618, -5.112263757877725, 28.00925150475664;
  2.587594082955234, -4.784094670097187, 25.69080714261277;
  2.599197543333201, -4.243144194475232, 25.64115317050221;
  2.744792997981393, -4.102397870093165, 27.10256362827943;
  2.671934758140138, -3.447747139712931, 26.16912815367276;
  2.583209212379646, -3.674825368901489, 25.13001699823126;
  2.877152214959019, -5.027334629298704, 27.54404930401281;
  2.800323705564908, -3.34889173670066, 26.71715760879095;
  2.458519574163232, -5.08298036444073, 23.43016695919238;
  2.338571522934351, 1.184259954004741, 22.20066735835983;
  2.659935807899888, -4.042402556964131, 25.07726524688811;
  2.682499839214442, -4.273395662827359, 25.141190501769;
  2.693496333240422, -4.1767451734312, 25.16760778097415;
  2.773143822615641, -4.548260733155646, 25.7197721429614;
  2.803897460412606, -3.509880090819322, 25.85830744548582;
  2.790187537303435, -3.796245897880082, 25.2417593099266;
  3.068562130485916, -3.326024979075917, 27.57362120595409;
  2.610339319508932, -3.01272730411679, 23.2269867258287;
  2.749740000651313, -3.3135359695263, 24.36767672556441;
  2.674885299575757, 0.639799109889718, 23.65913019584171;
  2.948385790183862, -3.388535472439473, 25.48658005930502;
  3.607121071907447, -3.54424482983457, 31.06584483362366;
  3.446135684457746, -5.090724058157067, 29.05688915144478;
  2.959535273892147, -4.220388327647122, 25.08113163696097;
  3.26011791142138, -4.300168790923608, 26.10591269818877;
  2.936363091163865, -3.203623878134339, 23.60642002783255;
  3.165292446058306, -5.613966978454752, 25.09790879232511;
  3.358164136860774, -4.109946561656198, 26.40568738297554;
  3.195390198749288, -4.286613088431515, 24.77730092668282;
  1.614230697423684, 0.9112288353161606, 12.85886391965892;
  3.961657126363992, -5.150990416240103, 29.64137991136107;
  3.443184727843704, 0.2314997884504788, 24.6192930716772;
  4.059269245488689, 0.09099061104881132, 28.05493599665413;
  5.387239651073848, 0.4534596101936589, 36.46574908623376;
