m=[-4.987979740369341, 0.2218733252399889, 7.186593224850208;
  -4.83727206170281, 0.257968950439841, 7.060980430651858;
  -7.956772439205883, 0.07072607499766781, 16.60581029478656;
  -17.74198937431616, -2.720790447797415, 38.42593860828588;
  -16.50014526156415, -2.166904323221105, 36.37038895069095;
  -15.56727187882332, -4.195172372884495, 34.45836385729699;
  -15.3834884801553, -2.484218135757038, 34.29343916516619;
  -19.22164884427845, -2.57551063580398, 42.75547896976762;
  -15.10837479927724, -4.830523457702335, 33.9349675665262;
  -14.3806324552547, -6.398033271083996, 32.89941551914159;
  -14.99058018158109, -3.852457381703106, 34.69194442298665;
  -17.27592142411441, -2.741371140382484, 39.85563346714148;
  -15.27156190023221, -4.159927249850754, 35.37805197553008;
  -16.61991186365427, -2.357659403792522, 38.52813623296117;
  -13.19268150883502, -3.308799532960934, 31.14308128147721;
  -23.739687924191, -1.715657976254152, 55.66812314434679;
  -19.8803486839093, -2.601688671761182, 47.40511850795427;
  -20.49018436506815, -2.00929326970365, 48.86295501804807;
  -12.90796782588387, -6.725297959127786, 31.38650029873307;
  -3.033217547296622, 1.046888741535328, 8.143567605631466;
  -21.3765890942999, -2.445707522154109, 51.50142226101553;
  -21.64307341453233, -1.81703570271695, 52.23453813620509;
  -3.175473539277057, 0.04450128915456408, 8.612465058348892;
  -17.32326711860778, -2.175990448972107, 42.75472980137271;
  -3.16511343900087, 0.5888293334907188, 8.69753183184663;
  -15.81701608952828, -2.606401003853345, 40.58931421282983;
  -3.068525191502393, 0.6611946560859564, 8.688010707129743;
  -15.45505216166518, -2.881282037717266, 41.51695340281748;
  -16.61099368887523, -2.540102093144245, 44.68119924816433;
  -13.01627675827049, -3.727192931595635, 35.2895575262141;
  -18.65369014635748, -2.631867401179314, 53.084515501681;
  -11.28996274627994, -3.059022770907822, 32.94962669138099;
  -2.496473188229142, 0.8537002411035223, 8.208191423150483;
  -16.48374481253142, -1.981214045249237, 49.5883992316603;
  -11.78617543555954, -2.722997461730086, 35.86662997245706;
  -2.600447908130998, -0.02170007694969728, 8.864917896768038;
  -2.380512256679968, 0.8208163622773719, 8.205378274252141;
  -2.553415549322131, -0.05447423439900129, 8.746098928217551;
  -2.512443885756685, -0.08755258581413009, 8.692936408278888;
  -12.18021183567332, -2.664047323911591, 38.60376919836381;
  -2.33141334780857, 0.8166752661162599, 8.210659547487184;
  -2.294884382583674, 0.5857327151794128, 8.157046448016441;
  -2.318630147789536, 0.6381833784141374, 8.3022672905589;
  -2.299256230671867, 0.8498944372063529, 8.348328041533366;
  -2.192147109616598, 0.6189363280141421, 8.280536976968552;
  -2.088702673418705, 1.006298616181997, 8.459442791388971;
  -6.825674115345233, -3.43031778163615, 25.62052911625846;
  -2.032908391757482, 0.5202132476697118, 8.335543287050728;
  -2.141271605340192, 0.1211787110817786, 8.765212037458044;
  -6.725235742493926, -4.133699959499481, 25.40530337504731;
  -6.795481586545715, -2.698543944723145, 25.78248079319455;
  -2.007137461562514, 0.8709745629596045, 8.318423503008413;
  -1.95413760723585, 0.6236052817124348, 8.125809299388811;
  -1.976477990274731, 0.9341431054130737, 8.319080278166233;
  -6.561176551140591, -3.031645699611059, 25.4049333971672;
  -1.98380626459386, 0.5034800764213787, 8.389517834816424;
  -2.001731441272079, 0.4028742215949982, 8.46157874153886;
  -1.967622086067644, 0.5559395095781015, 8.395352132533796;
  -1.922644961491429, 0.6754702515566217, 8.238571824918274;
  -1.98348622630998, 0.2158622277459605, 8.531688586916648;
  -1.906780431320486, 0.9581268250535064, 8.259472140592246;
  -1.939984584160937, 0.6666777267192564, 8.462298185700957;
  -1.922355483418178, 0.511103165548904, 8.428060073417363;
  -1.882209539216612, 0.5501641425180964, 8.31880072229232;
  -1.906934043754566, 0.9724597829111973, 8.449408174407225;
  -9.326800932375427, -1.044305095917556, 37.95003916240509;
  -1.877472423112769, 0.4538152262120754, 8.521876023372677;
  -2.275601848990349, 0.7044237624065252, 11.93011026707635;
  -1.966844791851178, 0.6623486645067246, 11.36966443301594;
  -1.908329111859341, 0.5441345730684192, 11.17485624296675;
  -1.8715749081117, 1.114158972660974, 11.52492787732217;
  -4.350866538059814, -1.341305256923122, 26.16014163907702;
  -2.083069441995342, 0.6694730303686782, 13.61462715504307;
  -2.021602855157339, 0.4181461790411274, 13.57252851695303;
  -2.171188592252564, 0.1805157550959359, 14.58045374144748;
  -2.000212708354077, 0.9284111644209497, 13.6670835347711;
  -2.014890042285062, 0.5142351038122289, 14.05147345855397;
  -1.928373956935601, 0.6737342798690997, 13.69278568884008;
  -2.103639620924469, 0.1645547945914756, 14.89140682637556;
  -1.927332112808477, 1.215903943926426, 14.09245412893486;
  -2.572248975119871, 0.1299710172202139, 18.9533146590992;
  -2.006839930670225, 0.6838643019528824, 16.41995519498992;
  -1.894368218984594, 0.5526702875766837, 15.98933249846025;
  -2.101384120774824, 0.3709438578596521, 17.66867070671123;
  -2.007165484673005, 0.5205696931239693, 17.55426123468351;
  -3.579721214639646, -8.155999391689827, 33.79532119158206;
  -3.029999352733129, -6.886440463432698, 31.65956540536072;
  -2.782742444387897, -7.60638691620478, 32.57870834769317;
  -3.0241098990441, -7.934082333570898, 35.51099318042844;
  -0.8266108211321936, 1.568365223638204, 10.80082546312417;
  -1.063003438031609, 1.499288027181364, 14.12840709867276;
  -0.6370522952281443, 1.562738142612005, 9.945539557222627;
  -1.399315065891214, -4.946410367149914, 25.37114324363693;
  -1.32563370945619, -5.892455764159935, 28.93910446368912;
  -0.2637614831016617, 1.586961747359093, 8.131680510492235;
  -0.05424359160282578, 1.538144555091884, 7.571664404966851;
  -0.1474631317101459, -6.291421308541662, 26.62795876484772;
  -0.02996784312159015, 1.561929810832012, 8.288987453167936;
  -0.04686546185362003, -6.443555381675421, 27.55987038623179;
  0.06213975473000703, -7.338063785867164, 30.9784418393454;
  0.2345320489526811, -6.726912083282445, 29.39696895232033;
  0.112189322878804, 1.552178730257853, 11.17390267458179;
  0.361564965645304, -6.475957521242148, 28.35712004171542;
  0.6544021201054979, -5.688794489428068, 26.51151997071043;
  0.8030432621894866, -6.113950432110708, 28.13082167918789;
  0.2944294775940168, 1.532891704686459, 10.91344041690319;
  0.2241643457972089, 1.574430380265142, 8.623765987615764;
  0.8248751942999669, -5.26743830000794, 24.7764371400309;
  0.4993039222432633, 1.567910251327911, 9.192181095416807;
  0.5078860627259419, 1.582372243770545, 9.006026059783224;
  0.573240221312746, 1.582983149208096, 9.703193831039314;
  0.5295310801108704, 1.596151656768884, 8.806988615241345;
  0.6572034824790197, 1.581460493317532, 9.935562830604198;
  0.6005174599413615, 1.574542021553685, 8.918455708184784;
  2.143674500414313, -5.261631009261936, 25.75863426605622;
  0.6689896320554702, 1.554587300742707, 8.524413877274794;
  0.7863549637236638, 1.573026947926777, 9.648020234038368;
  0.7669275804203651, 1.589380235957425, 9.343549933629122;
  2.28464377133956, -5.97607327675751, 25.04060544805328;
  0.9996362643810396, 1.550386436652655, 10.0720173437198;
  0.856797978480646, 1.587446168950006, 8.677535938200155;
  0.7375742423303017, 1.356263406485273, 7.724203051587631;
  0.9297896370523404, 1.612345780323553, 8.943896806187508;
  2.713102704290924, -4.706119482140529, 24.45407265853624;
  0.9307815404875455, 1.578626836277983, 8.538703743645858;
  0.9949220593020572, 1.622851484487041, 8.932942575091934;
  1.011780694369967, 1.567377099191105, 8.587153175240994;
  1.131592592690418, 1.627145397239205, 9.076798880251086;
  2.299130739331869, 0.8195315169647376, 14.33807420955901;
  2.285825582620541, 0.8884468619747027, 13.9818116729585;
  2.418808686143992, 0.8052071087842682, 14.30227082388377;
  2.599176644857079, 0.8542440099790697, 14.66129572416773;
