m=[-3.143423905292949, 0.9979741157193234, 5.918427993717839;
  -3.094824403074623, 0.3479202121652594, 5.967644240363247;
  -2.916762473969168, 1.008999595483536, 5.858671336706669;
  -3.044263590464801, 0.1002697420525622, 6.16303045349441;
  -3.012863823620388, 0.04257667167472411, 6.221220857712231;
  -2.730140875118351, 1.051193959334041, 5.839641843679861;
  -17.76066911649271, -1.331389849731107, 32.53564923082229;
  -13.78055537073945, -2.165906103487246, 25.5156663815817;
  -13.7591365932548, -2.361339434114923, 25.46988973862184;
  -2.728040622689344, 1.016952410140169, 5.857479752654554;
  -2.703514046324777, 1.025843600994468, 5.84355185855557;
  -2.699809854878874, 1.052486068208498, 5.838126428970326;
  -2.668271429478937, 1.092077184826341, 5.824799882158549;
  -2.679075896215979, 1.061996710685878, 5.851149738033661;
  -3.026038584581717, 0.6003665050781901, 6.484056084908605;
  -2.672153299323523, 1.037453752987672, 5.853600062255058;
  -14.77050193142622, -1.296555100866506, 28.01002603091402;
  -2.626436063261882, 1.092722540308804, 5.801615323774865;
  -14.28279289699929, -2.093921725210068, 27.07243241196338;
  -2.647048396107982, 1.063866379252355, 5.862813887486523;
  -2.634103253945797, 1.025758087846645, 5.83810788455461;
  -2.623740980900251, 1.087707844507626, 5.851443067591114;
  -2.609563261271276, 1.040855039018038, 5.840819742704499;
  -2.598387547308767, 1.063076812400769, 5.842954399400893;
  -13.30219264691319, -2.721935838951164, 25.8496393004098;
  -13.71798218480129, -4.091226065848931, 26.59478448130044;
  -2.548726700017242, 1.054539490711209, 5.833232173525938;
  -2.51142650376879, 1.108551696932955, 5.822817646973845;
  -2.515002367999069, 1.071592425862046, 5.832534429045525;
  -11.18089921341159, -3.182612826423655, 22.57832359574931;
  -2.506748135632187, 1.035036530339328, 5.844394960042977;
  -2.481142793980944, 1.073331415174071, 5.836035062038102;
  -2.47210192278804, 1.048066012017579, 5.857756783404976;
  -2.443619399107499, 1.068915850934545, 5.832717225015271;
  -12.08905964704854, -1.407639285451947, 25.27005552408235;
  -2.419025499807835, 1.064655166667853, 5.854779712596272;
  -2.370497123813797, 1.124043385836117, 5.829134549662331;
  -2.378774983407039, 0.8167886728343676, 5.849082819440167;
  -2.349574728254562, 1.152594370717331, 5.827358227716867;
  -2.350073895778635, 1.048696814652765, 5.832198427130196;
  -2.339395379908602, 1.077269231825214, 5.823279632178917;
  -11.98148069531682, -2.214355549098801, 25.73807367251977;
  -2.351954121766413, 0.7812168245232514, 5.859687513527613;
  -9.897413903444187, -2.68138624293987, 21.46255949403239;
  -2.315437730561436, 0.8598307007246131, 5.838979203882599;
  -2.300754640795431, 0.7989628772832309, 5.843552368651008;
  -9.250869679397727, -3.639555217314323, 20.64259888000488;
  -2.275571351002417, 1.073334433020378, 5.850741146983061;
  -2.267465223363047, 0.7849638111638453, 5.847729954993153;
  -2.253847954259667, 0.8458959336823375, 5.832968777187428;
  -2.18858654068446, 1.012179945959643, 5.809065136020355;
  -2.201755015098134, 0.5691537791000513, 5.852037401006617;
  -2.181944442680235, 0.6334493580468502, 5.836479791949071;
  -2.131463516833663, 1.08421760788151, 5.828871706967485;
  -2.125418634009215, 1.042235359071894, 5.816764768982623;
  -2.191984629900061, 0.6373648747752992, 5.983525645675635;
  -2.126469531894715, 0.8398180512818697, 5.848121598242798;
  -2.094190485114812, 0.6481611991997741, 5.830561189670973;
  -2.087858792280321, 1.03781914112713, 5.839654038739675;
  -2.07281505694494, 0.6074732481068245, 5.809881694258158;
  -2.010998031338442, 0.9812750464811311, 5.825969210214722;
  -9.429876191874394, -1.660029134215311, 24.03553386925983;
  -9.183391802534446, -2.225546351373575, 23.64210344252475;
  -1.973870996863051, 0.7902609154458639, 5.873755377816146;
  -1.967996614086743, 0.9133111946952806, 5.873733802215118;
  -1.992252660000331, 0.9787548673883246, 5.984585421395199;
  -1.921360520730008, 0.9004237831664909, 5.866376862910375;
  -1.912759983262327, 0.5645360066850262, 5.851204812439661;
  -1.892238387097516, 0.4932593057017896, 5.83949483870292;
  -1.890518433419258, 0.8205149405341503, 5.869056346653976;
  -1.892571560649898, 0.6035432759124488, 5.898152669163865;
  -1.858194875037594, 0.6258039066319596, 5.853108983040184;
  -1.86829253597444, 0.4788726132228508, 5.944114291780349;
  -1.885472360806563, 0.3845655765448082, 6.008993924154608;
  -1.885355094832929, 0.2809326939143728, 6.039305680686702;
  -1.829483448547923, 0.4189489489187004, 5.928160778176683;
  -7.825353215022113, -0.7996363285931054, 22.18734421543748;
  -6.18925417051178, -1.068919245591461, 17.83324373658148;
  -1.854566169273803, 0.2086425151519172, 6.030688416572909;
  -1.862588482669016, 0.2558498587533195, 6.052894915885481;
  -7.731540367991004, -2.14591385887732, 22.17263160922456;
  -1.84471134916556, 0.6295427884101781, 6.055894874086542;
  -1.860260195885308, 0.1775438635550967, 6.077418357144965;
  -1.789200495764993, 0.5554724866793599, 5.903534932204915;
  -6.905794720279663, -0.7350272685526703, 20.03925429824473;
  -6.943166357744242, -2.136155026151833, 20.21016583469922;
  -1.749852277087122, 0.8598597295724803, 5.842204632190324;
  -1.779535255645827, 0.9045124507670546, 5.924305450527204;
  -1.771676207636372, 0.6417275213601604, 5.906051375449689;
  -1.779276515853727, 0.5257871020853238, 5.929303349715669;
  -1.77934260923272, 0.8504313475076478, 5.952555468557724;
  -1.763867777728618, 0.5945616811306382, 5.917464265939358;
  -1.781217634193499, 0.4340095666296951, 5.974274538259128;
  -1.765235388348191, 0.4707283104181387, 5.940592341743317;
  -1.808605513603247, 0.2218361123421743, 6.079057841461695;
  -1.74543356960228, 0.6154800460650021, 5.939917215444586;
  -1.757605990429765, 0.4254117256864702, 6.014358226191274;
  -5.990616579984994, -1.344056583613074, 18.28620781938905;
  -1.718194845295557, 0.637584979399493, 6.114536555242636;
  -1.728614590349, 0.4437210269115716, 6.161911450831783;
  -1.771881711916916, 1.110289291340751, 6.385886197177801;
  -1.705418941894441, 0.5152216848390651, 6.317584259443052;
  -5.377983364037314, -2.132952911833777, 18.05348301556089;
  -5.266337143377479, -2.62737733637449, 17.93286352999597;
  -5.362776588994032, -3.899757187583504, 18.29263356791247;
  -5.566667258310517, -2.074972970487141, 18.94244088821547;
  -5.242750576257627, -2.32524930084336, 17.9634981270762;
  -5.106162314387563, -2.01567842665396, 17.62575899632035;
  -5.327598497296529, -2.443347475290461, 18.72088547613362;
  -1.689744434499514, 0.403846886210386, 7.229585920911212;
  -1.634381386104829, 0.4473298750987249, 7.586411965612081;
  -1.640024019840495, 0.3828426513321144, 7.993724289134939;
  -1.682915124777429, 0.9897549680420744, 8.393702788361477;
  -1.945228181135094, 0.5563068149967566, 9.800645532278164;
  -1.823452228542304, 0.1015087134926955, 10.13754024641536;
  -1.707267255615629, 0.7803939213579307, 9.741751515011126;
  -1.598072826800626, 0.4075102665829085, 9.354605519372448;
  -1.641659892098021, 0.1794179203427531, 9.605747068329768;
  -1.657643470924649, 0.7214427927976149, 9.773536370537677;
  -1.601034970490433, 0.5283503031642031, 9.699920992596196;
  -1.735824406099418, 0.1456145277964613, 10.433502682222;
  -1.620829059778885, 0.07726528575335956, 10.26833005915974;
  -1.628722080563761, 0.5382319887680086, 10.67898475253175;
  -1.625429867390489, 0.3133606517246385, 10.78012832172436;
  -1.096737100061024, 1.444403613016933, 7.685618768250881;
  -1.664114703403703, 0.4092434510590968, 11.17921145471553;
  -1.626679257952657, 0.1804890799396712, 11.01611885370034;
  -0.9766960742229922, 1.46387856622826, 7.237371146845024;
  -1.578369916215519, 0.3111152493496417, 10.95008848126367;
  -1.477747405173486, 0.4210504309326471, 10.61308832647976;
  -0.9791989099279663, 1.415955511564624, 7.638400432243904;
  -1.611483827721064, 0.8492251516010274, 11.88053304604921;
