m=[-6.178085917807173, -1.834970006167003, 11.85025727921453;
  -8.520491305456538, 0.2077380690098532, 17.01786753067127;
  -17.86791410581833, -2.107109420440397, 35.08069836918435;
  -20.99159201302346, -1.588701931834715, 41.07303402070675;
  -3.267149623141813, 0.3565114544608273, 7.313787011272025;
  -14.72236129973384, -2.260332582763627, 29.42559728301668;
  -14.5905874339332, -2.469966184571099, 29.21013268117004;
  -3.195734205229978, 1.08990658221581, 7.208863994385656;
  -22.18601395796605, -1.906929367441626, 43.98347057497777;
  -14.86839870835736, -3.031924746603203, 29.82947270318261;
  -14.75945947889447, -4.703337915967617, 29.80171388231977;
  -3.260269294237062, 0.4020624673046037, 7.39336852115755;
  -3.121120933588712, 1.006248918028101, 7.188768292107429;
  -13.24940296290655, -4.911884020287417, 27.18821974430966;
  -20.28865291783604, -1.764979840963194, 41.06361264961957;
  -22.27539876206609, -1.337347612251106, 45.2880971341412;
  -14.2104078365385, -2.645115770608949, 29.46243014344855;
  -3.069859408094751, 1.052672535040488, 7.182686762440927;
  -3.22906049228891, 0.03078049932155876, 7.531336035524709;
  -13.65136590857514, -3.896544913517987, 28.89313600837635;
  -3.208906586359371, 0.04262404031143457, 7.63967854432595;
  -14.21879153393284, -2.020016475651858, 30.35088332081364;
  -15.56429948559222, -2.507145697721097, 33.53140651220269;
  -3.162259825088686, 0.5848478772207958, 7.639231730924832;
  -19.39421760529848, -1.917851079147604, 42.21320000180652;
  -16.49877873858283, -1.820526828248781, 36.11384936295535;
  -2.88538351994664, 1.102588028581209, 7.190153160423662;
  -2.856799738167069, 1.073092368791991, 7.191689546534263;
  -2.851428488585984, 1.101091274689794, 7.183110993231212;
  -13.96367579912451, -2.579954261080849, 31.2845260797472;
  -2.822614956660345, 1.108635167293467, 7.182134247298261;
  -11.68357179274028, -2.953302371099893, 26.49588528776784;
  -2.799914613925016, 1.155291295646963, 7.202998906065357;
  -2.773654287978097, 1.103074200948179, 7.159896341414553;
  -2.792739539016376, 1.077524320090645, 7.207674783999988;
  -13.72756637898946, -2.458817715945686, 31.66643208527943;
  -10.90512409365433, -5.67487673619949, 25.46050537902008;
  -7.961652662347437, -3.808151183428497, 19.0623804193017;
  -12.60013667316109, -2.10907976374758, 29.67680041270171;
  -2.708498556708168, 1.155028828094743, 7.195152058742331;
  -2.737908085979991, 0.7828774896656618, 7.274395292347671;
  -2.684478718393909, 1.103233535900251, 7.164640197959118;
  -17.05455254161499, -2.034242114556608, 39.98993293425623;
  -12.02799124874828, -4.812916044218461, 28.56768411592773;
  -2.665989062930845, 1.166463151544785, 7.199715863709156;
  -2.661897375458576, 1.124479796693677, 7.192326260898245;
  -2.609295015470592, 1.11746329622912, 7.155513045067052;
  -2.62989926501136, 1.107427553066724, 7.25305666072954;
  -2.585697088475675, 1.121192435220355, 7.191420702741038;
  -2.553554430309687, 1.111858790051299, 7.198286512791506;
  -13.33595818928684, -1.831364277428107, 33.36746008115999;
  -10.20351088559182, -3.251890159114316, 25.79710263276679;
  -13.05554062099047, -1.981906853828991, 32.74921230018077;
  -2.510919688862502, 0.8504044162363087, 7.19296947647958;
  -2.5245556192116, 0.8218467694040146, 7.226278376540942;
  -2.49008918241975, 1.208880053665705, 7.193261844635436;
  -2.472175118078139, 0.8158045265787505, 7.18330220710271;
  -2.502191121035688, 1.009846225315256, 7.33570394953437;
  -2.410328645200219, 1.127674012065245, 7.218958972105831;
  -2.410142700601161, 0.8236722764665535, 7.236532718575396;
  -2.483855901359872, -0.01931529014214145, 7.451616737293479;
  -2.579078003570273, -0.05644287751536009, 7.759855568742298;
  -2.370605682945224, 0.8224189534552945, 7.271434401484956;
  -2.588684462378846, -0.0951847934017495, 7.860671542809844;
  -2.336884593794112, 1.069563152932661, 7.223185647551485;
  -2.340994747692434, 0.5961051136392019, 7.244837589774171;
  -2.337697370835587, 0.6244285179469256, 7.244763324863459;
  -10.04182693989943, -2.731705023211887, 28.16940914445933;
  -2.30543194715448, 0.8422131649949508, 7.303965014749238;
  -2.411174084904957, 0.6574701553299218, 7.597982614812161;
  -2.342635606124361, 0.6801681253220053, 7.423420466728075;
  -2.269589715225964, 1.144998183354823, 7.229374628911352;
  -2.279518560045017, 1.11101949581575, 7.264271347074442;
  -2.274771481233189, 0.8880149922771936, 7.278443732359205;
  -2.290435114486461, 0.7639462324299462, 7.355296603301937;
  -2.212397261353448, 0.6197633474737829, 7.285528954744801;
  -9.596362201387674, -1.027366632412655, 28.16646773500575;
  -2.223352115532653, 0.5972263992519522, 7.348561882620043;
  -2.164842395782996, 1.046315915973592, 7.295316284562889;
  -2.112259910993347, 0.835360012816026, 7.310065856280134;
  -2.088945009590634, 0.5280641504927918, 7.46689703859482;
  -2.025131884096359, 0.8663453485314304, 7.309749292959873;
  -2.106583037488124, 0.1179001792035093, 7.568153864539268;
  -2.06987928270715, 0.6590909393271321, 7.484261912998969;
  -2.021859395698399, 1.13066852311936, 7.330908637206563;
  -8.540848435438161, -5.542330666806128, 27.61259813543678;
  -1.999100957416279, 0.9352047616006535, 7.332819866167094;
  -2.020113759390765, 0.5073427196424171, 7.453371278834129;
  -2.033111720393252, 0.4028884177770948, 7.504641972202248;
  -2.007652888350421, 0.659364073125629, 7.440381781769604;
  -2.021190675001061, 0.5627774294497564, 7.52124369819262;
  -2.055565845459245, 0.182060728162351, 7.64395581140094;
  -1.907687324783677, 0.8407174798722097, 7.223291487642278;
  -2.01219317260981, 0.2643335722202108, 7.564293231512709;
  -2.018305111996486, 0.2150831408167792, 7.588243058952656;
  -1.962993201824019, 0.723114735277699, 7.459482407210655;
  -1.968857030995187, 0.6661255467829936, 7.495037867339057;
  -1.949963164941571, 0.5120412727476802, 7.459987473557414;
  -1.946207452383598, 0.5921425239592814, 7.447322249583329;
  -2.09604048260194, 0.07214740124587092, 7.976467822278631;
  -1.915248465894631, 0.9639936339854559, 7.403980485071584;
  -1.981585786136264, 0.5714642669729365, 7.627253952194817;
  -1.889718384971984, 0.6704393645749711, 7.323211702297564;
  -1.924605400505743, 0.9115154894286082, 7.468158388549984;
  -1.935585118845308, 0.4598775853686937, 7.518611154915853;
  -1.9646845675409, 0.2251369689963259, 7.627754876662266;
  -6.031680996834087, -3.172468005194213, 21.37811544544256;
  -1.910640339944807, 0.9855289252393444, 7.570056747778369;
  -1.899689961469554, 0.4498185923949329, 7.52913140507424;
  -1.941873003016542, 0.4217744563763631, 7.703668136077591;
  -5.727607022060819, -2.728450976947533, 20.75336713206634;
  -5.862406692174486, -2.717052844822957, 21.57340055412139;
  -5.756399030988443, -1.19752982616351, 21.31373960039477;
  -1.919541611743941, 1.341132922098783, 7.853694231199888;
  -1.891609886654158, 0.4754420332900914, 7.772186684723304;
  -1.897116605188831, 1.179795991032403, 7.866947761770988;
  -2.333847569826016, 0.06189281695945224, 9.449092404151436;
  -1.883453144323249, 1.07252177475956, 7.947877351536699;
  -1.886889515911687, 0.5587534904907587, 8.018700966545335;
  -5.284334346427399, -1.650886879901376, 22.3052651006201;
  -2.197234804936345, 0.5348787583089231, 9.906564815807105;
  -4.802548234642977, -0.9524113199851692, 21.20497218312235;
  -1.865131931648269, 1.087262441103617, 10.34025947871619;
  -2.07950860409381, 0.64436135226447, 12.39439417597557;
  -1.951104403225322, 0.3747406425923308, 11.92435349364544;
  -1.966932826740638, 0.886390107520576, 12.25588439397819;
  -1.892681870701297, 0.4665095471705231, 12.0663018681408;
  -1.927328099176754, 0.1942862624867564, 12.29952324332946;
  -1.890900742643242, 0.8123665831116748, 12.18634409099911;
  -2.077430110745517, 0.1527853197259779, 13.49994702092164;
  -1.966653287590495, 0.07789801246076678, 13.47579293553948;
  -1.188541544470352, 1.561364088950874, 9.389483144098543;
