m=[-24.39684507370059, -2.588216322149148, 29.99887185999491;
  -23.91542808030398, -2.411838256231138, 29.49300563044754;
  -25.24905472674744, -2.675078091031303, 31.34203989545687;
  -25.32393372382834, -2.924915950801241, 31.45445787993046;
  -24.48054724012892, -3.739467610335944, 30.72054961493276;
  -23.79954653698576, -3.765389830170687, 29.99268143295463;
  -21.93462629616473, -3.752309611898228, 27.80975282707734;
  -19.99183090854262, -6.067806299274439, 27.42336295235047;
  -20.30100355405048, -3.919866151740885, 28.5509580832735;
  -22.08637313743409, -2.870093049326017, 31.06454677383979;
  -23.69358056660422, -2.598659322064927, 33.39693193413;
  -23.09784518438623, -2.639869068030942, 32.58848493127904;
  -21.16119355468398, -4.062360884664868, 30.09744191980947;
  -22.39838028245779, -2.161472954692696, 31.84293961352632;
  -21.75074606454086, -2.678986426392077, 31.09690180038193;
  -19.78652041888463, -4.073858923307947, 28.61371436407299;
  -21.88494440680578, -2.729935327964764, 31.92802228711049;
  -21.44936861664881, -2.829490631054974, 31.52595972342249;
  -22.77134228528981, -2.696639901896873, 33.51715493074128;
  -22.30047620631637, -2.531475962412075, 33.01171446568107;
  -22.4359192359616, -3.094169473451592, 33.44681733152955;
  -20.5774718657001, -2.766208740499573, 31.17335544836322;
  -25.17677227750682, -1.89999939689686, 38.22704765004097;
  -20.27500141865107, -2.947846222427176, 32.46993935125347;
  -26.16414215391814, -2.564195870802639, 44.48708487051524;
  -19.74021301217136, -3.623127479461862, 33.82499739306738;
  -18.04462269229775, -3.118534100347777, 31.11006224310286;
  -22.84548931815808, -3.203897604308446, 39.12796621648188;
  -17.87512554931369, -3.508386434009639, 31.89142683917169;
  -19.42043170007258, -2.885623480033262, 35.62425108467127;
  -17.18031661784341, -0.09845080751141305, 31.68519734957544;
  -18.54311781539591, -2.565833586972218, 34.20610070025874;
  -16.98873771043249, -2.815734612388645, 32.42382788123729;
  -16.12773749385608, -0.07866302203474351, 31.58060743437555;
  -19.36059919763798, -2.497949005538972, 37.93255529537381;
  -2.951185887749812, 0.407156734170745, 6.632795236447361;
  -11.99960729829438, -4.610609856673611, 24.07781371149222;
  -12.42435527527911, -5.019548817666748, 25.01281809453026;
  -19.8820227546957, -1.753302090999656, 40.18618215269051;
  -12.92279839587657, -4.25728693062081, 27.11401689171778;
  -7.467229090519364, -3.634246021471373, 16.3644495610406;
  -3.138961977866605, 0.377617402366832, 7.512029780887048;
  -2.709151938825702, 0.8046719182077874, 6.62164595846409;
  -2.570419932608819, 0.7381064861899949, 6.610306559866211;
  -2.553757165374164, 0.5075884231750359, 6.636931895279154;
  -2.501936163605842, 0.8831535588042015, 6.561165610493222;
  -2.517420107137634, 0.5330182449383395, 6.615393423895925;
  -2.518734557370506, 0.7271933101810648, 6.62251873198131;
  -2.506342090730704, 0.6839703340680546, 6.620609016445609;
  -2.491218532494335, 0.7480184470349039, 6.602726045217635;
  -2.478764768155239, 0.5317371598058787, 6.644454074678686;
  -7.779328149083328, -0.3980263599536559, 19.02198691020361;
  -11.51120485011058, -6.588317808905187, 27.72830869900517;
  -2.430198206127081, 0.5286745904263206, 6.654067545980338;
  -8.181959893774245, -0.9455646213098731, 20.26481733604393;
  -2.405235662802096, 0.6248405722040046, 6.638812161924416;
  -2.360459682213283, 0.7012035285769352, 6.634626564284618;
  -2.275214147074119, 0.5771487794443561, 6.513295623008832;
  -2.324523268225193, 0.6743113069884978, 6.649848805683026;
  -2.291847842613725, 0.8063474799528021, 6.574596354147377;
  -3.364428556277856, 0.3561840933228023, 9.263452736973431;
  -2.289791146188551, 0.7328761172250532, 6.617532984470002;
  -2.250575529652096, 0.8169649374311716, 6.612632226922735;
  -2.245611367927277, 0.7612132581998218, 6.609925801565597;
  -2.238185898816908, 0.7099078783320646, 6.63524202346712;
  -10.60886479190176, -3.928393416576627, 28.05749296394251;
  -2.197260892631329, 0.7245139207268251, 6.620791589298116;
  -2.167419259212778, 0.8041853227056459, 6.596491473846239;
  -7.415510123353679, -1.38129148743948, 20.53560738807921;
  -6.436634085188973, -3.669222855181237, 18.17424286651793;
  -6.584289853640199, -1.122965161254419, 18.58426361324454;
  -6.728460101468792, -0.9852419153748516, 19.14611621587915;
  -6.773471438350449, -1.23178605281371, 19.27573703468067;
  -6.615188967094486, -2.005427243517985, 18.93258382329947;
  -7.408123483718796, -1.50288453183252, 21.14098306213729;
  -6.107808652692549, -2.906515066543671, 17.61645170406436;
  -6.444060589027477, -1.341268636256483, 18.67355024524161;
  -1.876711644407417, 0.8448472952514958, 6.606304391084207;
  -1.907065768796236, 0.6705038188066786, 6.952923596063701;
  -1.799272787983604, 0.7585165658845681, 6.757572343670675;
  -1.78801608713282, 0.6910253680062481, 6.741568742930326;
  -1.763748700234995, 0.71835384855982, 6.755705983558566;
  -1.767963086141378, 0.7869909878286741, 6.784948829826283;
  -1.696311542021121, 0.9743202425199945, 7.592461169538361;
  -3.862671416456086, -1.956074499642044, 16.87799740614582;
  -1.765204884556846, 0.5870125048897535, 8.926874281399703;
  -2.163165795679638, 1.399996996687773, 12.62959602853199;
  -1.134296667269163, 1.537181978594345, 8.744066962340517;
  -3.878134419387974, -6.667735785240927, 28.64536303975785;
  -1.421704276571276, 1.45326933440781, 11.25895151617942;
  -0.8363774740232268, 1.527910982210769, 7.033358767299266;
  -0.7319061353407076, 1.538310134765472, 7.148838357637103;
  -1.296531354151794, 1.389399870859343, 12.26060648755904;
  -2.885759183285775, -6.65087971783258, 29.15548296024382;
  -1.05127050035816, 1.363721949311747, 11.818890110897;
  -2.629252189917335, -7.247659824959297, 31.01837945645376;
  -1.785980138405597, -4.897772220839438, 24.336683952639;
  -1.574551735483321, -5.519130519096243, 27.16385658245558;
  -1.437028116975613, -5.627804792798024, 26.40869925703361;
  -1.363208915549351, -6.721902873163304, 30.453277550075;
  1.113350151272395, -6.283461433552251, 27.703821884599;
  1.382698584786306, -7.088385407465995, 32.94476847082087;
  1.636235106037468, -7.166305377462679, 33.38278394305073;
  1.357183583564645, -6.36914512458117, 27.34215395500253;
  1.737315498910989, -6.247482049551919, 30.98540355349089;
  1.831020707218645, -6.581581290827096, 31.5895193170003;
  1.522088985949074, -5.41732340975575, 24.77828042121686;
  1.6664204224522, -4.300026265788449, 25.76377239889435;
  2.071316859180234, -6.090896065316612, 30.27617948589208;
  1.772651950847915, -4.841009071093568, 25.14652684035436;
  1.909217223674777, -4.519519699697847, 25.77357469426667;
  2.066682299156134, -4.909920022859759, 26.4953641049375;
  2.058043140216145, -5.898952452384986, 26.26288228621322;
  1.911917996973926, -4.245436135957314, 23.61783166542629;
  1.982102918445588, -3.845044590344858, 24.17682916335822;
  2.165921698419787, -5.754613532270208, 25.31154268200949;
  2.005285124305356, -4.453974184273341, 22.81951692167745;
  2.341507339886021, -4.410945275234594, 25.73212396952863;
  2.620424010780438, -5.334229998094305, 28.51378477873899;
  2.358425641593494, -5.415474508805684, 25.76079949023982;
  1.950163212041972, -3.673728909392009, 21.4314261067065;
  1.993379505647159, -3.521408440675607, 21.734139062113;
  2.479118316032732, -5.758173445094989, 26.38456844695411;
  2.258517247579246, -4.262983801289234, 23.86500607561401;
  2.253702475068311, -3.537974248628543, 23.59429849822146;
  2.29473865111673, -3.156560044887879, 23.413473741075;
  2.368834238812514, -3.42655068834906, 24.0098817998685;
  2.643577412745012, -5.932534909150324, 26.9206375681449;
  2.232151808208459, -3.705493526711054, 22.35343573560035;
  2.249975262157816, -2.915558948933223, 22.23323664744861;
  2.465140204436574, -4.65637887882319, 24.18116862068667;
  2.202327524581643, -3.225985955065717, 21.71470676041528;
