m=[3.320778393324736, 0.04046662349457988, -3.966438349004303;
  -15.78499289753962, 1.388747103789011, 26.81551577520477;
  -7.754705407913596, 1.722996780453344, 15.17571984788105;
  -7.36932773474663, 1.734634206245527, 15.81750656533862;
  -18.59964808063774, -7.43136418683947, 37.93636123352898;
  -7.311773519785051, 1.743505411851944, 16.10693024951104;
  -5.4089010277976, 1.845306771605697, 13.43077008280299;
  -3.305725966810983, 1.948050443980511, 10.25655933489334;
  -3.144627812882372, 1.957760683773168, 10.08333930285541;
  -4.234388903231457, 1.791796627055221, 13.04758215886525;
  -4.094234415523768, 1.778594053320374, 13.06579422735443;
  -3.408881116456425, 0.371059169809667, 14.88669038117089;
  -2.800905168330126, 1.000874678903723, 13.88836180558419;
  -2.772304877887192, 1.554165214180526, 14.75042650546247;
  -2.367786069364946, 1.686549174121822, 13.73828953805489;
  -1.782215448731703, 1.652528065218765, 13.21055249441929;
  -1.726660354130294, 1.689263932911933, 13.29906891468704;
  -0.6789798833865498, 1.65332169985647, 14.00469078551317;
  -0.402231284637207, 1.846564041060143, 10.02578580677;
  -0.3827163772170481, 1.872810578409838, 9.794874838285635;
  -0.2929216746694843, 1.850348977068628, 9.807359442641094;
  -0.1189540650323841, 1.847826494229606, 9.884503048105039;
  -0.0897228094911946, 1.915164895301109, 9.829604698278054;
  -0.02094973503669868, 1.81963228669139, 9.798676362412591;
  0.03243639323886049, 1.865447226162032, 9.850380548072295;
  0.2836713814548089, 1.599145226031549, 15.26117487142194;
  0.2951313451177927, 1.792719676109495, 11.47816745561466;
  0.9431808483083118, -2.774646672461147, 14.73339254189452;
  1.009449779891836, -2.601173041980306, 15.0262621029047;
  1.031141838935195, -1.411202404336543, 14.76847700327862;
  1.065465598313984, -2.540871485449579, 15.07870966440255;
  1.078328585887495, -3.085341716851406, 14.64605785434613;
  1.094782297554951, -1.493316744797534, 14.92806678451533;
  1.127026438569061, -1.355698378060535, 14.87541196561493;
  1.275911483482298, -1.316468966918072, 14.93966897054623;
  1.364994341917755, -1.288348809445813, 15.14971509548389;
  1.453943634648173, -1.762124467504114, 15.41892513529722;
  1.45346883585857, -1.333743586594886, 15.00655161249576;
  1.722123732295319, -1.482125928610551, 14.74060623181849;
  1.752479192766467, -1.606184848678249, 14.92288056727674;
  1.726754488624707, -1.791561420049994, 14.51014543535323;
  1.823898948050077, -1.721086928198848, 15.29755078890508;
  2.106047881843697, -2.011542400409571, 17.24960121793729;
  1.907975425632328, -2.026702334811636, 15.34485361005369;
  1.97790481402719, -2.549243743865444, 15.68536324798182;
  1.882914189557699, -1.823524599016132, 14.89203110376977;
  1.656029672961967, -1.327371920712448, 12.91080917269949;
  1.726621336648691, -1.077138983630769, 13.29822920935727;
  2.122447910346121, -2.404031563385167, 16.50821677489788;
  1.958863217636867, -1.715114383414795, 15.06827514166374;
  1.985152313052434, -1.923918935957071, 15.26478752790143;
  1.775121240968984, -1.179580970271126, 13.49665414232671;
  1.748654821914699, -1.125487067269922, 12.77108237613233;
  2.110116847409138, -2.49532279222531, 15.44581978803917;
  1.877962431909772, -1.493585575855045, 13.43749741428851;
  2.126966953287402, -2.21037539631206, 15.16243366799118;
  2.173231894479809, -2.006262079834554, 15.40891800204381;
  2.232143593402868, -1.591484946849929, 14.72062867354084;
  2.103731085109401, -1.597263687688422, 13.88506560800738;
  2.039318402988998, -1.620344185021405, 13.24295884327457;
  2.144171435054397, -1.408721022527809, 13.70074502500152;
  2.02900220331972, -1.026890773838996, 12.7219450914497;
  2.371590171141947, -1.76941441847833, 14.7640769810749;
  2.234690207134277, -0.5695509247203746, 13.79628130805814;
  2.150199645858499, 0.0317558479016307, 13.11046348896812;
  2.179531998892253, -0.4760161786387566, 13.18420043411753;
  2.087481127678068, -0.8188711259098911, 12.51373168008634;
  2.2987417548283, -0.6837067987111165, 13.61988534177582;
  2.284736350964259, 0.268855500394959, 13.56456805087918;
  2.530887233247773, 0.1839952107778604, 14.91842855162018;
  2.754764095743265, -2.32109622629176, 16.14851560391876;
  2.276724318963128, -0.05712955156052126, 13.29237764326695;
  2.239178879943777, -0.2008044834883889, 13.02748357091283;
  2.344058260095146, -1.623879904890304, 13.61217777479226;
  2.453477127995973, -1.765130028080175, 14.1756002930897;
  2.883695838082896, -2.587394797496853, 16.28574252071594;
  2.767190513971682, -2.90452855910158, 15.55136387871893;
  2.438262511956901, -1.459482357135899, 13.37999450341416;
  2.486244418848459, 0.1019917744083442, 13.46691848422546;
  2.435672861724409, -0.4194431752114638, 13.13061370950394;
  2.485502516654789, 1.674368004147306, 13.37448667558414;
  2.952606590530197, -2.495770064846584, 15.76734617166894;
  2.420192873535351, -0.4974192714724002, 12.86909773262213;
  2.717955869730837, 0.2724262663753566, 14.35219038022759;
  2.522054811529363, 0.1871270915740898, 13.32144805678433;
  2.679025642364347, -1.452677644122483, 14.13148906063151;
  2.732859946733544, -0.009003936283508979, 14.23531693562387;
  2.55743266630064, 0.3504738805175134, 13.20961230817506;
  2.241727288263421, 0.236613878588528, 11.51632915944336;
  3.130187523346737, -2.499295365561586, 15.89647192292535;
  3.182327381368802, -0.5506372910353006, 15.87574382258617;
  2.36398039711762, 0.02250833857459321, 11.68782011941518;
  2.896366487003363, -1.066334761988066, 14.29503519195162;
  2.701950441209073, 0.213966646408368, 13.28910503445353;
  3.379609078704145, -2.574064096605279, 16.41458886018733;
  3.327364753315603, -1.519141993593518, 15.99850214903222;
  2.793940247796939, 0.1361886238037895, 13.41979086758757;
  3.190873324338393, -2.144272762188981, 15.22170028290562;
  3.238143664575416, -0.4501360002831057, 15.44119405041019;
  3.094997687503554, -1.504045557242753, 14.81529436015383;
  3.048102389799648, -0.9279087332256103, 14.45230737178791;
  3.378830690065259, -2.977326254212129, 15.95035816082682;
  3.159446049500038, -1.326344422533792, 14.89476895060916;
  3.247412837888577, -0.5121644008186452, 15.27652323584073;
  2.689344979878277, 0.3476955531950751, 12.57611738009845;
  3.183251681400301, -1.231360340590803, 14.78330106228909;
  3.528662803411153, -2.551067122520636, 16.37264314764622;
  3.656048367038679, -2.339768844990079, 16.70426724292194;
  3.773770400169678, -2.743396219038653, 16.56154200801547;
  3.913617046847309, -1.885967650979114, 16.80749708160773;
  3.767901847289307, -2.926432846236467, 15.98234886063614;
  3.990224074805665, -2.776139830960885, 16.85220436594542;
  3.990930946517958, -3.286207819462904, 16.83647989247437;
  4.143764533625276, -3.515685545532921, 17.01664694936975;
  4.023464328726305, -2.53774292791833, 16.51684985040926;
  4.249620971306376, -3.149660401668145, 17.25916344756623;
  4.140256577324261, -2.32225114576745, 16.77339868484618;
  4.11930006476535, -2.942740045929612, 16.24618559700382;
  4.546670672033341, -2.45440288281521, 17.77362309564755;
  2.997793419150116, 1.785874106747438, 11.43313807210044;
  4.658132920226573, -3.507093008808895, 17.23196911737407;
  4.79621327593047, -3.325587871486343, 17.34303017495684;
  4.731760386943569, -3.655310417985638, 17.04078896157745;
  3.835829541193508, 1.64148015359515, 13.94709169152605;
  3.132055001286495, 1.797669802142479, 11.41076282407047;
  4.820430437394617, -3.485200259468996, 17.20671478643774;
  3.677222600941276, 1.607296755400116, 13.18674567392917;
  4.844872920367244, -3.275533065177181, 17.17242170672217;
  3.842924714956366, 1.573508534033754, 13.74224293305248;
  3.205073281439865, 1.863505064306232, 11.27357956236648;
  4.06828625298072, 1.365684647454969, 14.22619946946952;
  3.797715146978902, 1.730386247587037, 13.22542803785854;
  4.291812206077338, 1.677290757335296, 14.70986150503567;
