m=[-1.542833803329508, 0.2805557369888698, 2.884146987802738;
  -10.26347495451086, -1.368567753202655, 14.04397594059275;
  -10.74823695689332, -1.214678491011396, 14.77290830473663;
  -10.6821034084005, -1.06752449385689, 14.78725958656736;
  -10.3455088863121, -1.30426029447187, 14.39065856007996;
  -10.60023759516454, -1.290145502534229, 14.81705036063829;
  -11.06681979298378, -1.160127975769336, 15.46737098380226;
  -10.74874313992438, -1.376438277742951, 15.27073835600507;
  -10.96004367420826, -0.2296394539991753, 15.58765263938726;
  -10.51009404805362, -1.155723271855301, 15.05726032436433;
  -11.17025539408979, -1.357087052105334, 16.03536697036503;
  -10.638026090521, -1.240653074632879, 15.35194578234228;
  -10.08736637819204, -0.1248651012686906, 14.66474534103157;
  -9.824002521777601, -1.765043117210151, 14.77310419302718;
  -10.43148107808854, -1.308913950076972, 15.94444310410784;
  -12.01023198451598, -1.557140280882402, 19.42480907768913;
  -23.11396845795327, -0.8406851559781821, 38.87356321936579;
  -14.13693472877223, -1.171550535443826, 25.73305879070965;
  -14.44795800186369, -0.8173818733436523, 26.37308734146608;
  -14.6788726882437, -1.530393830390052, 26.98306993832917;
  -8.490920748081622, -1.349027298855579, 16.88442273863853;
  -0.8941424347523863, 0.3698048446593255, 2.97699598214908;
  -3.370102095721307, -0.5894069671310653, 9.0843787340962;
  -3.234248462678062, -1.0081797346767, 8.852229883467222;
  -5.318404419459808, 0.1445279958918599, 16.4589035674364;
  -5.495152700250167, 0.06574497808252175, 17.27463911313468;
  -6.223862281912059, -0.3652341834932975, 28.57643475896985;
  -1.375476354761405, 0.6810886705583031, 7.277944616678499;
  -1.362644376708171, 0.649144421541887, 7.273275146075238;
  -5.162970828730064, -0.4827097662502389, 25.40288278382408;
  -2.947191819096019, 0.1912279949962744, 15.09833031958916;
  -1.097954058593516, 0.7264258884959063, 6.310418708905095;
  -5.404180018741841, -0.2540932610745839, 27.31467507965859;
  -6.435256027758858, -0.6247250121938219, 32.49347518474757;
  -2.39808477403944, 0.2747065709963773, 12.96975352810347;
  -1.104949252657736, 0.7053996323356254, 6.879443343452672;
  -5.303457244235243, -0.8393826394567606, 29.60225405850832;
  -1.120033237296588, 0.7010981884531781, 7.206878995790972;
  -3.174047020225506, -0.4974516278883028, 18.88455988032164;
  -2.759895979419275, 0.1618050422377708, 16.96395905882561;
  -4.441468506402337, -0.9703325388887955, 27.11639862588764;
  -2.412030700379174, 0.180038853845201, 15.36928477600735;
  -1.0518018082608, 0.7025059748881388, 7.254682220869491;
  -0.6931946776752385, 0.724921269356506, 5.167790846368422;
  -2.893653763794176, -1.07087090269033, 18.84868979881198;
  -3.815039197321414, -1.128746297730804, 24.68659502705055;
  -2.667593068378666, 0.1559531593391992, 17.73150231822802;
  -2.961602995022219, -0.616467325086605, 20.78385410108129;
  -1.795418887796704, 0.3229732964818623, 13.18225490379926;
  -2.796667391335474, -0.8621549572669155, 20.17611337612457;
  -2.160272923271459, 0.2729259001212884, 16.6241268103713;
  -0.8884842864194512, 0.6662397822820411, 7.379471601916853;
  -2.716919998559288, -0.7835456939119059, 20.71135593846991;
  -6.28936778282669, -0.4123621579315019, 46.71693963899276;
  -2.409347247545311, 0.2236500146598922, 18.4900721271121;
  -2.723488418438123, -0.8472719418087126, 21.49985074145654;
  -1.703894250393754, 0.325909316416168, 14.26187904202856;
  -2.056285100610851, 0.1867355154989286, 18.9309070494684;
  -3.444437561648281, -0.08028547056299888, 31.10438753668966;
  -4.980742578391043, -0.4275772832461249, 46.23202608407839;
  -1.691538938074628, 0.3268092187343071, 16.32448606275473;
  -1.398298894452917, 0.4162361637413896, 14.40344363334148;
  -3.7552498943508, -3.151627131888881, 37.62487845675357;
  -1.193441962946991, 0.4933174770954119, 13.26582679389467;
  -1.530914223970958, 0.3601200352847146, 16.80910350244857;
  -2.730920426190787, -0.1387809245434441, 29.34950382937369;
  -3.174523860148872, -2.362927526247069, 37.4647230481228;
  -1.738639769118891, 0.2731044359824368, 21.0979216968218;
  -2.392428280189488, -0.2117989513351319, 29.42986737100949;
  -1.237912891027026, 0.4572610066042657, 16.04893166394334;
  -0.5634833329563036, 0.4866447275571234, 8.009885388913549;
  -1.376093843690165, 0.4981651497679085, 18.48425423641459;
  -2.216929584505498, -0.1223452799771559, 30.7795116070576;
  -1.253123939404424, 0.4018346841308472, 18.29300886171229;
  -5.330021239395352, -0.4864962024797094, 82.47585311225988;
  -0.7615889185202355, 0.5203962579648952, 12.70680046811647;
  -1.169625373337293, 0.2860495919165128, 22.09966685066575;
  -0.699041378874611, 0.5163393598985784, 14.23504938448141;
  -0.506318898618905, 0.4763391031588464, 12.82952351727182;
  -0.02957929836808149, 0.5971436978302466, 11.27945337122893;
  -0.00232653534373524, -0.1422189777965121, 7.855883428816054;
  0.02492774854973415, 0.5317868950676876, 13.79080588195337;
  0.02418484139446155, 0.4021731244561679, 13.99856012043931;
  0.07477532234400958, -0.1617518596697371, 14.15162746911511;
  0.06314652949017781, -0.2356354519492471, 12.01549698366743;
  0.1734924093568441, -0.2664173701454708, 16.11956239962503;
  0.181834254338826, -0.06621947422961569, 16.24451795952369;
  0.2990131621321739, 0.1747868144123631, 13.24086138063825;
  0.4137837350984631, -0.4673883747947956, 17.02302253651913;
  0.3610588930480822, 0.4677986968220537, 14.3525400586982;
  0.5931336295247619, -0.06432180236872352, 22.19516206682311;
  0.4025378250154307, -0.08314497338507131, 13.54350342683393;
  0.6684475689668287, -0.05473493856390994, 20.7885750118315;
  0.6002864264816312, 0.03509847527393871, 17.1053456040823;
  0.6253160928068474, -0.1947973809511571, 17.4093719531546;
  0.6068491857370787, -0.09273063512312167, 16.24333285973313;
  0.6298000815415887, 0.2173249502306863, 16.92191457616713;
  0.493256962715501, 0.4835936081924127, 13.003050254002;
  0.7349203552206071, -0.2759409284133912, 17.17526615988653;
  0.6069612408344651, 0.3997667880629022, 13.58969848610638;
  0.6656269165249937, 0.3228240824689417, 14.5128739495694;
  0.5677893109881795, 0.4672157096408474, 12.51239246224169;
  0.6887181538948747, 0.3589629904125147, 14.09295986910348;
  0.726500519402814, 0.294518590880148, 14.84939293758777;
  0.667496816079425, 0.3730681818969529, 12.78993469371557;
  0.6642793704245396, 0.1306186696968016, 12.24746904265456;
  0.7575989731524588, 0.10060581436514, 12.30581868305604;
  0.7949964792381871, -0.01202378905573765, 12.60771664109645;
  0.772890647440448, 0.3391195624214797, 12.30143607294902;
  0.8705182583352136, -0.1569778423043002, 13.07668430638752;
  0.8300077415489752, -0.08295892866983579, 11.99136539408065;
  0.8029717020114556, 0.07065829619982114, 10.93892107956591;
  0.9479688522544902, 0.09863149592605443, 12.03320801692232;
  0.9561499342321915, -0.1104950496803712, 12.04188565356046;
  1.627930871310562, -0.7970543030386803, 19.37828641358675;
  0.7768515031710948, 0.3046113934760749, 9.807246239732786;
  1.021632179624569, -2.587235845197867, 12.54581458008452;
  1.576333855578118, -1.168566616304932, 18.04039934817302;
  1.740139110125037, -1.077367113703277, 19.09821045543952;
  0.7628517583923465, 0.5452705810774653, 8.938108771740616;
  1.610190540288791, -0.7208796945476824, 17.27573241163663;
  1.74416755549793, -1.202177896330499, 18.28556108859431;
  0.7576395980095558, 0.1314937753595064, 8.477289714274312;
  2.030966009575681, -0.6516491634257414, 20.116749855115;
  1.209221974933958, -2.705770978107382, 12.26374419327355;
  1.925591549966538, -0.8087753066582583, 18.77145670305359;
  1.981305166051944, -1.185225635589936, 19.03110277279026;
  1.028768658064072, -0.1206533650169067, 10.32159928624622;
  1.697040199591611, -1.205862820411112, 16.36458348109099;
  1.220724985151731, -2.758194935593662, 12.06281343398642;
  1.117607683519186, -1.979374107784053, 11.16754974930979;
