m=[-1.337288448170743, 0.5649180378566551, 3.613292876295549;
  -1.266978166115243, 0.429103261453769, 3.629480989239264;
  -1.212639879108887, 0.414422701822016, 3.640991115933489;
  -1.171705857346269, 0.5362752676880178, 3.621680315070466;
  -1.181291472160779, 0.4627934645975769, 3.648808665138863;
  -1.136953946901783, 0.5576202175694188, 3.605597700333106;
  -1.139428695977092, 0.5748368430662513, 3.629447582921484;
  -1.140821789026585, 0.5560276064762146, 3.63552163136604;
  -1.142196432238282, 0.4458854721544402, 3.654614334641182;
  -8.266705330641962, -1.367812264356858, 20.53570015974967;
  -1.112217103634667, 0.3331118413746715, 3.656333711128283;
  -7.787786486827926, -1.381637613100652, 20.33809972648158;
  -1.06318580981003, 0.4204704672404876, 3.679451684295267;
  -1.038682518715128, 0.2625684253816255, 3.712752316325489;
  -9.221097834934545, -1.33641821961494, 25.52992257504268;
  -8.785518472628292, -0.7893974451183714, 24.46415721858553;
  -1.004157025799291, 0.3667181004864833, 3.702833758349166;
  -1.026790513941555, 0.2034723431088318, 3.790099240633194;
  -0.9826355015475988, 0.3825661548481021, 3.683335512088752;
  -1.016611207791742, 0.1083364107149761, 3.822163901447122;
  -1.017254173563569, 0.1336325126305944, 3.824090531941724;
  -0.9956432872416619, 0.3368570793479267, 3.790211286426533;
  -0.9629680611844326, 0.4846865026880439, 3.722648449910838;
  -0.9668175553522486, 0.4578960325703637, 3.751598449377696;
  -0.9745490559824384, 0.231544075393546, 3.785550597585408;
  -3.390699070451466, -1.783397418048984, 12.01767073008555;
  -3.354163787956537, -1.688669459158168, 11.97204220880033;
  -3.317859916942355, -1.537730355365113, 12.20957956844031;
  -0.9643499710935596, 0.6322315298558887, 5.254692563624545;
  -0.9618831418253396, 0.5607214133711259, 5.332663660895619;
  -1.065131683890584, 0.08049164615493012, 6.555481182463089;
  -1.034335611845504, 0.4661190467370193, 6.444906257606911;
  -1.017920802844038, 0.2508978292343835, 6.489489794935977;
  -1.007379177214714, 0.4327890732899077, 6.492286457344864;
  -1.008493574086162, 0.3398050376690134, 6.526180266127349;
  -1.140379263211212, 0.08386958937264748, 7.410626984502627;
  -1.042204964211097, 0.3395538757577826, 7.853660576382688;
  -0.9944823441683935, 0.2754289915153815, 7.710906625647271;
  -1.154144225267677, 0.6070518095347699, 10.46829536059077;
  -1.056036436199595, 0.6673330094532386, 10.60827017495435;
  -0.7886903845927427, -2.864588840779522, 12.89027216030941;
  -0.8192766999573583, -3.381153301694005, 15.94718249722459;
  0.07385835758840496, -3.140491087420881, 13.76878519307678;
  0.1599942636033711, -3.412497781715889, 14.31163737481066;
  0.06318302746790919, 0.7320702190696078, 6.108377429762498;
  0.2076531767480132, -3.125510950135826, 13.96831594942334;
  0.2097508519967047, -3.401376773650137, 14.58989599900268;
  0.2431807253431623, -3.113544770540983, 13.60697531253898;
  -0.02778751796252066, 0.04940931343423739, 0.2741252955228886;
  0.3960956892759392, -2.60489449670921, 12.19994051885975;
  0.5570821812885023, -2.894077687036452, 13.11019479682277;
  0.6993105012867958, -3.04995205990076, 15.1177940953401;
  0.7569369304402439, -3.028793178641428, 15.79363948410271;
  0.7086517015977982, -2.973118267850987, 14.34200138847453;
  0.7974692021247787, -2.937510907561202, 15.49435321830527;
  0.8295129317593107, -2.934540800112601, 14.82809226153889;
  0.9421267514887085, -2.985019662957439, 15.75345753058216;
  1.03142655054736, -2.782457713176087, 15.49655144119466;
  0.9263354443204466, -2.869911296102192, 14.03629996524339;
  1.233014760064271, -2.024996181748856, 13.84661638100764;
  1.260851908828182, -2.033686896301087, 13.53702602405338;
  1.274876541955644, -2.416198181065308, 13.25265082716579;
  1.442334042938669, -1.880897974942498, 14.11936451079964;
  1.35977358713636, -1.575145772864947, 13.17080679142386;
  1.425985589965346, -1.981812859895158, 13.6828547581973;
  1.436108736822609, -1.859466340672356, 13.55360345729122;
  1.496094053679548, -2.392171490553593, 13.79061698105508;
  1.513146752001271, -1.606532994681437, 13.20330966325043;
  1.833499472808656, -1.968052621241947, 13.98383067230158;
  1.778242662055651, -2.057332946894714, 13.20031614433806;
  0.8670363010978468, 0.31578237176765, 6.730874149824147;
  1.896772451270148, -1.892293396072711, 13.54989639091279;
  2.04460555053947, -1.948820424566328, 13.5887186148301;
  2.377599447951723, -0.251402824839536, 14.87213393665122;
  2.449778975618927, -3.118175912440152, 14.86440596318997;
  2.655984148639212, 0.04816252903666455, 14.75041378836215;
  1.132771595642434, 0.3877106372882813, 6.668702344356098;
  1.191412438034152, 0.3963781304803195, 6.651849175256364;
  1.223779398169648, 0.4598017310752931, 6.759282424775519;
  4.404716702416727, -0.08595010534724552, 21.73653779750708;
  4.481943217031104, -1.285846974539099, 22.03606380957136;
  1.253099824710654, 0.4105321167717094, 6.680971457654059;
  1.245979724553785, 0.3964847771038021, 6.639833195917019;
  4.245562975429637, -0.4905825217366696, 19.60651559936029;
  1.29667607575914, 0.4086196479916126, 6.624246914485997;
  4.253108462926379, -1.204076234153712, 19.25121661727081;
  4.990574725626638, -1.503073718659221, 21.99214365174477;
  5.053345738252808, -1.053420923382054, 21.82817182900999;
  5.563728440619503, -1.596142675527539, 23.49091912341444;
  5.143780146450621, -1.334903119867855, 21.14545559440552;
  5.601910883206554, -1.011037914945117, 22.88485331598282;
  5.184080932081903, -1.096341860281135, 21.22368468694283;
  4.46909883830241, -1.584060647753015, 18.13536672027701;
  1.609025711286309, 0.4307182052049071, 6.981834492546869;
  4.008452968759262, -0.3411966032657337, 15.00825424267647;
  3.480702637929429, 0.5936314396734633, 12.98370029968884;
  4.14634418024552, -0.4571073221579446, 15.18976612690292;
  4.046175301804126, -0.4460643585742514, 14.8228062773159;
  1.32170307966128, 0.7943960702032373, 5.474456310806227;
  4.11734535261802, -0.1166592358317581, 14.92821593230519;
  5.057389936434403, -0.9308969609785703, 17.88301121617919;
  4.040782140997496, 0.5246945151781342, 14.35858866922618;
  4.442502491252682, -0.6701649444842684, 15.62108644213843;
  5.282188152268764, -1.029384091232806, 18.34419354981445;
  4.291192145451642, -0.5186901437829498, 14.95611238260587;
  5.711145506211226, -1.278104456179059, 19.51270426042856;
  4.071957029059349, 0.1592001467148654, 14.1622178836488;
  4.101652239493088, 0.4579926012706998, 14.2167517787679;
  4.049715267235579, 0.3336805735886291, 13.94553627828613;
  4.391958680184162, -0.6793414212952019, 14.93366094485497;
  4.093425269077428, 0.5212655751803496, 13.97825245144874;
  4.448651602048283, -0.4314578098714184, 15.00301622728206;
  4.255630333317177, 0.4154606471325574, 13.84314873894949;
  2.122318998086515, 0.5587052157402944, 7.001412821682005;
  1.881422570236868, 0.6233587960677833, 6.312494293436694;
  1.601340405121845, 0.7831091562665583, 5.512877582457437;
  5.602951692890754, -0.8544810397967011, 13.98962989383501;
  5.56821883454811, -0.6745673675363771, 13.89433330411448;
  5.585516531999637, -0.2176039779635765, 13.89610206815693;
  5.633788379067896, -0.5865749095716291, 13.88835981493665;
  5.697770529856133, -0.6752165992288975, 13.86051685719241;
  5.521538884856775, -0.468103163290705, 13.34278632662522;
  5.369819718636904, -0.8142971423836913, 12.93863333338505;
  5.706263086387178, -0.6740680921465475, 13.57907038215854;
  5.598119130482983, -0.3573652915036291, 13.31032515227451;
  5.619044138632196, -0.5642939430591489, 13.32350822490757;
  5.62724755046032, -0.9415622152502742, 13.30972771412263;
  5.610201253945916, -0.7266570451504948, 13.11627434305361;
  5.633343417678474, -1.031200917735762, 13.13556946290626;
  5.636405069007014, -0.5965783259702643, 13.05156495637717;
  5.601472969423038, -0.7844615680859449, 12.95654410456444;
  5.637216336707375, -1.212517481663888, 12.94869144780855;
