m=[-1.0041835042649, 0.1129727132280942, 3.26540941359631;
  -0.9614625232470949, 0.2984942044791519, 3.172382080951892;
  -0.9578494452982141, 0.2830503744583709, 3.191960256837839;
  -0.9472888629975925, 0.3193105889294354, 3.177986506181886;
  -7.100805956130625, -1.235540589978881, 17.87446751576386;
  -7.365057200052239, -1.166070068515761, 18.66975334168098;
  -3.293227409260375, -1.642992239776888, 11.21405563215295;
  -3.294649622721558, -1.559885642881489, 11.38402091288749;
  -3.263135893626277, -1.496541988152317, 11.46647844965002;
  -1.081356255337094, 0.3407826643674755, 5.909261332989894;
  -1.006055902541304, 0.4598693662676683, 5.740604806031703;
  -0.9855215120367615, 0.4289205757914448, 5.810676729215926;
  -0.9629141954450396, 0.3177669547896622, 5.833846099941908;
  -0.942813924313803, 0.2686333318751608, 6.771229926810582;
  -1.081830972293221, 0.6402678138389347, 9.084170170349811;
  -1.114999044227832, 0.590546835891952, 9.513711103391678;
  -1.148741360292776, -3.138126123131978, 14.92967891080593;
  -0.8210916908286281, -2.893606322258493, 12.59553776793468;
  0.1230248585419078, -3.20096259929551, 14.04311369919081;
  0.1265671493462861, -3.189930174817271, 13.59385177406377;
  0.5640040564444422, -3.024272191773377, 13.24855191315304;
  0.6809529600460593, -3.053929456926509, 14.72377584260415;
  0.7485294619738643, -3.04802625269429, 15.50414624130957;
  0.7341052242212208, -3.143870844239792, 14.71926840518145;
  0.8698500961412951, -3.274194532937551, 16.79252179905569;
  0.8790578623193183, -2.603780122024434, 15.74938096619935;
  0.8670941783649626, -3.119824472066919, 15.31715565073362;
  0.9964448097246071, -3.21453419459688, 16.51854543912231;
  0.9040619416598407, -2.957502546521415, 14.22358446888861;
  1.10885794205081, -3.016612986168601, 16.36382423559653;
  1.105434396126822, -3.086835501049178, 15.95167221688162;
  1.163222541699012, -2.359252776035522, 15.92279165584141;
  1.186499667859969, -2.225736626764604, 15.78005596267482;
  1.224911553688639, -2.977888868722443, 15.9323928459009;
  1.170336481675354, -2.887216694723128, 14.13315979435599;
  1.317983501770255, -2.242496254914457, 15.37136290143259;
  1.379014440149742, -2.16628070437827, 15.69683234460469;
  1.287207184061807, -1.990347482035535, 14.8470118003212;
  1.368252310831857, -1.766907106120353, 15.33010639959882;
  1.272594150087624, -2.785375413162014, 14.21683129112051;
  1.216522858276182, -1.942886266684265, 13.41274790261747;
  1.280369421771859, -1.779197249967981, 14.11360845071799;
  1.403559782969897, -1.850731923556658, 15.03900864234505;
  1.401419875375367, -2.023336091802178, 14.85308913960612;
  1.393306409004087, -1.620187700678724, 14.70992615065495;
  1.41976016526026, -1.777068132117718, 14.87402894606346;
  1.252548951845416, -3.045315228129296, 13.03071712570167;
  1.620498376936974, -1.615706591835359, 16.31934784568931;
  1.410775413550279, -3.082446692170385, 13.6847434374322;
  1.589506127556623, -2.06665544971956, 15.1069832411919;
  1.537566868741579, -1.783693259982414, 14.48334185099845;
  1.521062895300686, -2.128162678967228, 14.26702775515067;
  1.572292637413489, -2.043919885041129, 14.46382465568053;
  1.972636988474158, -1.707071980351015, 17.82138090676373;
  1.56269466861268, -2.497801325974483, 13.9947874612091;
  1.39470373597708, 0.2128610258433584, 12.38261400815597;
  1.154084016745089, 0.1900347048156625, 10.14812344623922;
  1.871844851831778, -1.983660051642516, 15.78300529391919;
  2.211121400409073, -1.673797079192491, 18.33756857862386;
  0.7928153025891166, 0.588829207830891, 6.595679993409694;
  1.975061427656343, -2.121829366825245, 14.64733443260717;
  1.891793078553225, -2.180897439609394, 13.60356102213664;
  0.834132220547571, 0.4130455939094099, 6.503135939547486;
  2.01738087322796, -2.014833594016658, 14.01597038836759;
  4.160340439976709, -0.3644767358080804, 22.07023896621274;
  2.447119093776521, -2.257506439436977, 13.08000897407155;
  4.465220577775714, 0.1513958883659362, 22.58047344197043;
  4.603765735988522, 0.2375170582729388, 22.72260061287819;
  4.275826564623308, -1.212393350518539, 20.67544795240946;
  3.994502394970414, -1.322785262840391, 18.77215728621321;
  6.698590394702313, -1.375425860526967, 30.65495499901891;
  1.214009769805433, 0.417234481351919, 6.313295177124122;
  6.430406863252779, -1.205405257896284, 29.0697344684973;
  4.319654211188852, -0.463818078564905, 19.57368705505858;
  4.708444015093615, -1.313281541316307, 20.88025125251677;
  1.275662766893752, 0.4215270734669595, 6.331326152848082;
  1.279557768567555, 0.4328846422225405, 6.346250405632229;
  6.299375712129001, -1.021271325985397, 27.24768348960484;
  5.440188028393428, -1.623407379347684, 23.56454442639879;
  1.327901609040598, 0.431303498732057, 6.306353990225346;
  6.107845443326117, -1.727070364241185, 25.34281611960495;
  5.814938787673967, -1.212437498683439, 23.36704398193835;
  4.698789997630382, -1.297448315103734, 18.73576828319668;
  1.740556339837987, -1.075392506315414, 7.521137266505815;
  1.751794800788778, -0.9452267689133469, 7.306268329398809;
  4.204973181757095, -0.3388545285248691, 15.29583485239988;
  4.21061042683108, -0.1781962802582722, 14.9725352252318;
  1.448051793016317, -0.9904903109369827, 5.800787387184029;
  1.671219362565895, 0.5594644590939375, 6.564653761028125;
  4.315719569886966, -0.3009098745216726, 15.25202746893577;
  4.273750978811494, -0.1003806096333655, 15.04822687296986;
  5.332077932695773, -0.9475590949637818, 18.40503794139459;
  4.113064592566672, 0.01106241985488493, 14.42500723899548;
  4.381414339734975, 0.2170956582505513, 15.24259377136593;
  5.707431022293896, -1.092498394770641, 19.37361199130146;
  4.230978826770947, 0.576033422635724, 14.58718080594594;
  4.218835808375109, 0.3714542042530039, 14.55019210972672;
  5.850424934337286, -1.115505097052526, 19.52289963143283;
  4.459607780591721, -0.5161003385392021, 15.07448043812554;
  4.26195437670061, 0.1989190357477992, 14.37894903499843;
  5.971002164506567, -1.382129796084181, 19.73196283174064;
  4.16748314542568, 0.4891298414854989, 14.01123685648888;
  1.677752389916822, -1.084473296312626, 6.210874303697175;
  4.251359952901056, 0.1369213448358173, 14.06246385275494;
  4.159115275967891, 0.5530733608987178, 13.77387044849178;
  4.179487760601246, 0.2937674650567489, 13.8045174689045;
  4.573820980715994, -0.4274620820052444, 14.99359989555691;
  6.229732451724949, -1.419065730643929, 19.93741796042732;
  1.320835217446001, 0.8084598454531022, 5.001211949135715;
  4.202194396983066, 0.4115679838150035, 13.62819033144763;
  4.155451929722732, 0.5307541356660915, 13.45628298836513;
  4.074843692901824, 0.6346828127446222, 13.052265790116;
  4.718746451451887, -0.8564669610198805, 14.91343535750676;
  4.22832385396977, 0.5765479134170778, 13.44826620361568;
  4.245246906266163, 0.4409846967203172, 13.38915828372141;
  4.245262441472356, 0.4842912834950405, 13.3649705838935;
  4.41450514054221, -0.7359829168789264, 13.62031437120392;
  1.622191844315766, 0.7297950675104432, 5.39748081459244;
  2.072301916510775, 0.568127681622053, 6.404633456637729;
  2.123341421643286, 0.5566487432565356, 6.339365551645489;
  5.19463014130907, -0.4015830348498057, 12.51199185253248;
  4.568551965664996, -0.01725380336409689, 10.92824728540199;
  5.866321405653969, -0.6691375236154684, 13.49189429276758;
  5.786476822874194, -0.5555361951029334, 13.2524016961135;
  5.609821926985527, -0.2701446070130678, 12.84692583076825;
  5.827726223685546, -0.6003318562987157, 13.23266569948106;
  5.753160785508696, -0.4604476507282198, 13.01799075097826;
  5.785046837343709, -0.7308518278018382, 13.05373636530972;
  5.781694436237315, -1.040401403254348, 13.01496069044213;
  5.806796711763023, -0.2611967290532257, 13.03602508654853;
  5.732895833888917, -0.3736981620075809, 12.87746714525872;
  5.821580049801769, -1.174080159447225, 13.01805947407414;
