m=[-3.820795472286798, 0.05759298642395787, 8.545001633200982;
  -7.756206682150301, -1.172922631666731, 17.91196454413818;
  -1.615052790412691, 0.1949948729499584, 4.671312686302746;
  -7.698753714397556, -1.343300303014547, 21.35169883788065;
  -7.230163810851551, -1.038779368707468, 20.1716606078925;
  -11.35313599330913, -1.244740827780576, 32.40259504633081;
  -9.471324637213256, -1.224901750924099, 27.66457440403916;
  -8.824847050200784, -1.260100110512477, 26.06900065788818;
  -3.922490547420539, -0.8514633016601617, 12.12285534937662;
  -8.607732698885329, -0.6746198579218066, 25.83514421120874;
  -8.983863108942851, -1.246105169410542, 27.10226938962562;
  -1.237818620230248, 0.4434197378628072, 4.60758399444978;
  -8.684888814464014, -1.066499622327203, 26.39925865396922;
  -1.154162620316212, 0.4252664824844174, 4.606129827044321;
  -1.12649119547523, 0.437922419059615, 4.637842238802635;
  -1.033386026076833, 0.4347959470125092, 4.649377133115797;
  -0.9992461843441282, 0.2779518528087416, 4.653139001774712;
  -1.060571776936326, 0.08081871172434099, 4.900030405035122;
  -0.9987353432759126, 0.1191016301490696, 4.734985282507235;
  -0.9772053954385205, 0.2699019779312392, 4.688719365542888;
  -0.957123343563639, 0.3004787130778162, 4.769229767571801;
  -0.9374265348845738, 0.2466288408001054, 4.729054684777964;
  -4.970023490313755, -0.4835858903155313, 20.93031713290365;
  -5.534257522935867, -1.351783726759296, 23.22850839032333;
  -0.9285499057415705, 0.2459026339642378, 4.772341469280845;
  -4.633112607557945, -1.173319518554846, 19.98852057264198;
  -0.9147325127472914, 0.5825829008169801, 6.228092495454288;
  -3.561392240179671, -0.4955587957893502, 23.55437108225752;
  -0.9584102945639491, 0.2878237171532359, 7.336773214224619;
  -0.9386119230481214, 0.6427066661889448, 7.510457068888678;
  -3.483755356937639, -0.06272793956007428, 25.69670700302407;
  -0.9859374313179745, 0.3858440803815258, 8.735213029363077;
  -2.466175301192327, -0.5764997073588956, 20.88887808861351;
  -0.9023902883741545, 0.3104677000751235, 8.302936298096975;
  -2.410505892861923, -0.5444440783455034, 20.55899328134228;
  -1.048590381887627, 0.3282709841018444, 9.849421149024289;
  -2.33514024312215, -0.5114177729554862, 21.64931948352782;
  -1.055772530342435, 0.7626355485715595, 10.86434408606273;
  -0.9571072461796611, 0.7084041152464063, 11.11819244242763;
  -3.08511683418158, -0.8759932699236194, 33.78311042943592;
  -1.605125886425313, 0.4269136381937889, 18.68529179013406;
  -2.81049810757805, -0.7420305176707402, 34.1567511609245;
  -2.211225010878112, -2.6356524910765, 30.35443695176706;
  -1.736808881195819, -0.8102685381218747, 23.90807614097359;
  -1.053446816204692, -3.179422279798405, 15.36433084519809;
  -1.4168095381988, -2.163697768033458, 20.41726992532251;
  -2.177525901967514, -2.081507132534566, 30.95767351340982;
  -1.699141674697881, -0.1293895518435769, 24.39544100567119;
  -1.545759134977895, -2.658621954043489, 22.86962075265512;
  -2.549604270597401, -2.92253431716444, 37.35830543851508;
  -3.051234228724053, -2.528614290659114, 44.67502436136911;
  -1.552589941215768, -2.59203320593392, 23.48655295840562;
  -1.594914902236739, 0.07984992973805631, 23.82639081663265;
  -1.205833335717336, -1.768449868269746, 18.53527590713754;
  -1.373998633930743, -2.751269839372044, 21.35521106175067;
  -4.118447298946843, -4.005016733670341, 64.13150112031998;
  -1.654027902667616, -0.8039398398772245, 26.65628408477809;
  -1.126968590191645, 0.4802105681322547, 18.90488642309007;
  -1.210507538843148, -2.77224815590772, 20.56631044990122;
  -1.262904940175321, -2.660570666942148, 21.47115232079876;
  -1.229155035559385, -2.5038878172026, 21.44808640035688;
  -1.912239477640297, -1.230815314853002, 33.30905903539574;
  -1.172618712162715, -2.383399175015064, 21.63565336873452;
  -0.9129522706794774, -2.239070272854449, 17.29873280202272;
  -0.6745236053816216, -2.638470248847551, 13.31150867701376;
  -0.9138709221826572, 0.3481110628743439, 18.6522082394625;
  -0.8569514185847347, -3.036120975335495, 18.65464867767735;
  -1.520304952745288, -0.08069924977725076, 31.90408311146881;
  -1.313858957189991, -0.5544146226606874, 27.78442465697076;
  -0.9139217088613461, -0.9815784381820242, 21.22142172146109;
  -1.352964861646673, -1.251434994315209, 31.06659500730295;
  -0.7584897764889078, -3.042175709557229, 20.21262518989048;
  -0.7322585376225796, -2.625757828084512, 19.37259165808968;
  -1.93104622456344, -3.163119802495203, 55.10841858714304;
  -0.9336560962174793, -0.9131243815225504, 29.14161675534695;
  -0.5871901710038384, -3.274636129678861, 19.65780028614535;
  -0.572220684903245, -3.3003932733992, 20.35710752895308;
  -1.551102479874344, -5.622335136558105, 88.28805990753722;
  -1.158097215054924, -3.602130997550413, 65.5524689261959;
  -0.4856830807556223, 0.01969893890622542, 31.41836571421214;
  -0.2890420745760902, -1.123264654231573, 23.49986909211851;
  -0.03329091910168485, -0.2983873219196074, 11.99901122097846;
  0.08644369980312033, -3.740195306403697, 27.79370373694725;
  0.009043578765071109, -0.008963031586354364, 2.323731750197291;
  0.1540030051741325, -0.9674685196746847, 23.23040628274688;
  0.3537817446410778, -4.801083817128363, 49.02402927011128;
  1.802308516005219, -8.493054704193545, 146.6376231831518;
  0.2183575458934494, -2.998435158693068, 15.10577237884572;
  0.5865879305584677, -1.911455149718822, 35.71465394353807;
  0.2997303807020691, -3.020402129255282, 15.01761453040563;
  0.3014846175009787, -2.972778376203995, 15.1620758122556;
  0.8649182636089725, -6.620051397928992, 37.20668045569094;
  0.6234924953665871, -3.040090754907, 23.78029278560294;
  0.9397099434470259, -2.865516618581822, 34.91242151780993;
  0.6648741872075753, -3.424467510340902, 23.95175007729201;
  3.882524711039956, -2.709893213800798, 133.6295239341012;
  0.7399565953496752, -3.370148408687347, 25.30396405316853;
  0.4143587515202514, -3.260191017150696, 14.63067633725235;
  0.6947958296920377, -3.78053772707468, 23.51593631512441;
  0.4567440438420304, -3.004078012326784, 14.73177626250606;
  0.123293440634374, 0.8027179934796669, 4.765744940471665;
  0.7652564692093355, -3.130532793806424, 22.05260881199147;
  0.8644582259456219, -3.051713103866986, 24.0760721823155;
  0.9952262924572189, -3.238440364027855, 27.85464586879169;
  0.8840685738873593, -2.635393657431777, 24.70584349631848;
  0.5517677380218042, -2.939037077136984, 15.3223836092495;
  0.8447774243176129, -3.784981879167157, 22.59154818374261;
  1.029446054274988, -2.346003805795859, 25.89342588316141;
  0.7150134105163598, -2.331324613140125, 17.34085600258375;
  1.185043761268702, -2.803215109428509, 28.15340250833296;
  1.218142280484887, -2.08007626003797, 29.07208854404342;
  0.653945275247243, -2.91494969421167, 15.76400937460657;
  1.358362379486417, -2.405881049455782, 31.87021746835125;
  1.937692964956731, -2.293265304860652, 43.22181717084204;
  1.287882297015933, -2.371017724502219, 28.29623635860047;
  1.094786830392302, -3.684168805730645, 24.18100785102228;
  1.115337551772359, -2.208703492539097, 24.44308220230573;
  1.071965192029033, -2.559338252046327, 23.31645500154665;
  0.6686583729721405, -2.893398302139573, 14.22514565071844;
  0.8278313886076686, -2.985872751202407, 16.92340602954561;
  1.435885636287187, -2.080241570691271, 29.42959857836384;
  0.8295674668736582, -3.021772984576148, 16.63631981984213;
  1.679440003148669, -1.949026038855757, 33.41758573073378;
  0.8942713638579247, -3.037491602840763, 18.22549083862397;
  0.8067850345100915, -2.725833060521413, 15.86536780643157;
  1.337121034204763, -2.39508535848532, 25.50077705491245;
  0.963933774089545, -2.767262580601327, 18.32730408074841;
  0.8147941172226169, -2.928296358129126, 15.71868618549899;
  1.693557512181364, -1.317923691087552, 32.01983348639332;
  0.9133926953001784, -2.001846483316312, 17.12575787812742;
  0.9518905149138921, -2.279982737950489, 16.87866955946754;
