m=[-19.80652382143181, -1.902920947128886, 25.18515130976339;
  -19.87130149136991, -1.608165026707856, 25.81614599082709;
  -20.2082283379943, -1.847240937838757, 26.4099810953357;
  -19.36126813641394, -1.90895964477966, 25.68049800208369;
  -18.49256465615911, -5.177840483855555, 24.6843905223958;
  -16.78358281656281, -4.367966095684465, 22.66506720299802;
  -22.99097872954873, -2.588808486695468, 30.87797070234246;
  -16.78131805209304, -3.30367365213266, 23.30185544968768;
  -24.06574440023083, -2.669401410293101, 33.05421439459059;
  -20.75340430064734, -1.370619736832552, 28.71464439756486;
  -25.26015371556774, -2.358550746675995, 34.86445050229241;
  -20.57816262199993, -1.568404489344762, 28.73736421736129;
  -18.4616305252573, -3.359480519947003, 25.96625533421533;
  -21.51638224343992, -1.687384762331402, 30.6616904228327;
  -16.68663314627777, -4.161598042212257, 23.99598244548651;
  -17.01257033871248, -3.880687663028888, 24.54291350587369;
  -18.19383839070995, -3.765664989228113, 26.2888032544242;
  -15.28489405098118, 0.1288418467763642, 23.11729359139442;
  -30.39199407867038, -2.138114447998391, 46.2563216219286;
  -7.048172524457499, 0.5648078459263078, 12.61391890621907;
  -6.759478322778291, -1.617067256229466, 12.12568550503187;
  -4.790427043323019, 1.258337980494044, 9.636685188339763;
  -6.424315195423159, 0.2249666193538999, 12.60109539897127;
  -6.150457456789251, -2.363295204541166, 12.19501790099473;
  -6.350836131023533, -0.4616545414233493, 12.60343008678476;
  -6.094958629853738, -2.050544168880411, 12.15083213872239;
  -6.025758472462982, -2.227217493177501, 12.02489577547298;
  -6.264327994778634, -0.9308587987031096, 12.4919038562296;
  -6.373935182464688, 0.3522227452863682, 12.72228372340763;
  -6.10997261069174, -1.910133266051702, 12.27414002158512;
  -6.157756417155793, -1.63482252839641, 12.36604275987042;
  -6.222856363138515, -0.8641585072029174, 12.48892230848697;
  -6.103252021056897, -1.742822964406087, 12.26811525103499;
  -6.078574121735253, -1.980096030993407, 12.23180149434685;
  -6.155492380707806, -0.9894174328366997, 12.38583830858239;
  -6.159849559313115, -1.275066909680353, 12.40841420254597;
  -6.21796355266154, -0.7656935427158612, 12.51715866861219;
  -6.231456094018498, -0.1426192934405208, 12.58745197848013;
  -6.309684055457956, 0.2193611409270092, 12.76195400380722;
  -5.985569237271377, -2.033500404049072, 12.1610609448744;
  -6.248177020589358, -2.27269445712128, 12.64822581163586;
  -6.101620893739442, -1.254245684119426, 12.44328970058263;
  -6.09895951175248, -1.007911337903814, 12.46928771888099;
  -6.125709118956397, -2.15795060661311, 12.53801101602228;
  -6.135359034465759, -1.586667446196851, 12.66046441002152;
  -6.088396405018782, -1.318483552281837, 12.60894742261706;
  -6.513807976809989, -2.185209257389229, 13.75754734922777;
  -5.466791932567004, 0.9550123758429563, 11.87238072483537;
  -7.070159233638305, -0.8880726464147231, 15.71823316930556;
  -6.681226450048907, -0.9330741653851726, 15.22616819568115;
  -10.00764270418059, -0.6951245322038572, 22.59879090042616;
  -12.37953643727966, 0.5112640894483426, 27.97987069839883;
  -6.313290800013585, -0.9536434283171683, 15.00003704748338;
  -13.29350083850502, -0.400821496384131, 30.81025362660569;
  -6.462228988268808, -2.114738696100073, 15.52162771974518;
  -13.20969186153169, -0.5462334231458752, 30.90878717419939;
  -12.43110113742129, 0.4295487409245094, 29.23113025759406;
  -6.307329004611236, -0.8868942548459485, 15.47048730740168;
  -5.223381033429585, 0.8217818244612106, 13.39111110633917;
  -7.517744085370436, 0.6944784738002742, 18.86566787949057;
  -8.414552168599435, 0.5791350757623633, 21.15965866657211;
  -15.68153050042159, -0.3716423687216431, 38.66368468140363;
  -8.524601595734987, -2.463959695320278, 21.55198517650631;
  -10.2664295664892, 0.578005783888368, 25.79061363185238;
  -3.739536313343624, 0.7878766931112221, 10.52816306073079;
  -9.28799097103667, 0.5722496598403369, 25.51504680362386;
  -3.010034704508161, 1.447497097626582, 9.097736923980005;
  -2.858102211382122, 1.468314826022198, 8.880567121189156;
  -2.161308426417185, 1.544984255039771, 7.092260693833432;
  -2.130056674515778, 1.552250842877878, 7.010177135384737;
  -4.478503832127724, 0.88740842105213, 13.72268888391205;
  -4.777580379870198, 0.8241356627733505, 14.7315172571839;
  -4.39153905098698, 0.943040476953959, 13.64146316329219;
  -6.398449391807268, 0.7044332647722326, 19.59651330072311;
  -9.221016451790973, -2.022321928994773, 27.9756398120185;
  -6.277211461854249, 0.7094708396114466, 19.64574936649521;
  -4.596605553425444, 0.8837051670161968, 14.69401599584628;
  -3.61936715165486, 1.109896948935438, 11.78263041911748;
  -9.1026781227604, 0.5320645094735417, 28.486849826124;
  -7.915603182332299, 0.5740745954420374, 24.90015008478685;
  -2.568745947941598, 1.513663639405056, 8.802326471971023;
  -4.486127021673269, 0.4022699793774001, 14.75437818747093;
  -4.434658392912919, 0.9056284726276954, 14.67271614565027;
  -2.464095834234147, 1.467490772367323, 8.724828944280233;
  -2.474937981151987, 1.464501735154285, 8.861172663982821;
  -2.602107251892347, 1.432820922143652, 9.315431182271011;
  -1.977930650431932, 1.536965319996104, 7.350225362186506;
  -2.455763949224869, 1.464624969413497, 9.160969255403099;
  -1.925749458776446, 1.558828869628435, 7.422206190195815;
  -5.288652490767075, 0.7404347685281102, 19.22177623912579;
  -2.017909652029887, 1.55357325044159, 7.933834829913212;
  -2.191356249695764, 1.478388265414384, 8.548961873231061;
  -5.617571511103132, 0.880163778930101, 20.51180390587131;
  -3.64010419941423, 1.006814418895555, 13.66755985733044;
  -10.17787054948885, -1.776297298192698, 36.96603721016278;
  -11.36598835625446, -1.707827520906071, 41.39810030253339;
  -1.96331574849406, 1.524596922433187, 7.960429749335558;
  -2.177950607854715, 1.503976410222522, 8.901500530697293;
  -2.027588227229027, 1.531559285924229, 8.39404267940505;
  -2.821264785826467, 1.268643969300291, 11.3305371909672;
  -1.994484435480709, 1.548681886653816, 8.321973313826753;
  -8.750184203388306, -1.472412246713857, 33.62474377413682;
  -2.075760376569209, 1.513393852641187, 8.732897549886324;
  -2.337933762699311, 1.450262523933972, 9.797424677469248;
  -2.230704256250449, 1.477465025013876, 9.430197479335927;
  -2.159776709574693, 1.479695040366334, 9.412181627928639;
  -2.058062104310658, 1.524910506850781, 9.016122799138048;
  -1.932319573034909, 1.523795071680712, 8.555052510120836;
  -2.086552869071903, 1.505919485372938, 9.473102291933945;
  -1.813672731575693, 1.522504671426631, 8.412499733801292;
  -4.612731972342247, -3.855277317491818, 19.83079874378758;
  -6.317117926847686, -1.431397891587457, 27.08620155713602;
  -2.008909496181431, 1.485284863164276, 9.324254507102783;
  -3.872082296099872, 0.8065552302550768, 17.17654019483729;
  -1.896567924555966, 1.512673404186871, 8.939432852359124;
  -1.834825919469372, 1.525988548434139, 8.696361375972051;
  -4.985826472572954, 0.6284754531607011, 21.97217299935603;
  -1.755482364139033, 1.508796857062213, 8.389863150035041;
  -2.040820662063094, 1.504771921959022, 9.6180121067994;
  -1.891429322487726, 1.530342147829405, 9.167717985931439;
  -7.016349431684371, -1.411182784918575, 31.90006448843237;
  -2.489114247506555, 1.307241903267738, 12.11236275530837;
  -1.713681849337388, 1.490602095183064, 9.305184499193477;
  -3.018937316799849, 0.9370770720611136, 15.69788786250198;
  -5.285347117960566, -1.678112174261671, 27.26254523666297;
  -6.016761739247516, -1.468942647927428, 30.89810124162123;
  -1.402696084691134, 1.493262454379351, 7.983167120578953;
  -5.129115498117589, -1.168066824602041, 26.81957968583471;
  -1.602618554907875, 1.467946477331093, 9.328927915299266;
  -1.514759643945363, 1.48358733803313, 8.990467369089441;
  -4.208482270134142, -1.003403277624541, 23.7747338982715;
  -4.130769163628605, -1.612955148329204, 25.05743393895276;
