m=[-25.07134483588558, -1.361790007880081, 31.6704537704067;
  -20.74142460430586, -2.017349983092379, 26.39572059183802;
  -19.9249540298114, -2.156986140578704, 25.60701497801014;
  -19.94599236448053, -2.558229302709606, 25.75036557707728;
  -21.13474438279373, -1.97338937646586, 27.23740741931913;
  -20.51264268240327, -2.287364296009021, 26.93548024331879;
  -25.83618946153093, -0.5859112017603141, 34.39172410543679;
  -19.69881404782855, -1.676678507228401, 26.64871662176454;
  -21.53820677103272, -2.413912288849464, 29.41481285235057;
  -20.29747916332511, -1.860123305104886, 27.82169800550528;
  -19.40222915203327, -5.409160552998413, 27.55823791650627;
  -17.84542930201277, -2.866352629268665, 25.87353199916487;
  -27.44936032841147, -0.6357239821661304, 39.41239721198455;
  -17.13789223820425, -2.898259521020263, 25.13628850364173;
  -22.02799841218333, -2.418032181113159, 32.04222696837559;
  -33.81264006361478, -1.420507841639914, 49.07385119414341;
  -17.42567044331357, -2.089046469788316, 25.90717998998926;
  -31.60185181046837, -1.531442831601325, 46.22661276352422;
  -26.69182812226321, -1.638201043727487, 39.2499839467911;
  -17.07682790838501, -2.168426212178754, 25.49648844459658;
  -24.36068636611089, -1.993626864857039, 36.47988206457393;
  -36.31583058098894, -1.522667191803049, 54.41127003178126;
  -33.07907565093297, -1.656212417828743, 49.78661800244397;
  -30.52221000479547, -1.697485570217442, 46.2051177568197;
  -15.81426665496009, -1.991872905373031, 24.92471797845195;
  -29.30296910947105, -2.270528537744775, 47.30798129126808;
  -4.765411231188499, -1.173956003085533, 8.324665442387767;
  -32.94259724117248, -1.298522008070613, 53.34257868381857;
  -33.08419706834228, -1.950881507265786, 54.04597174029581;
  -6.125877396952853, -2.277192648932623, 13.08790953369469;
  -6.499205196333882, -0.4148659376713354, 13.83676958898701;
  -6.739017981802821, -1.508874155012685, 14.31035644695307;
  -6.518845616104118, -0.9004933200291337, 13.93809727446287;
  -6.227965160802858, -2.241852716746061, 13.37970007382847;
  -6.363558605884747, -0.833736101156962, 13.71367754445146;
  -6.273502568001926, -1.60382296327655, 13.5438516575523;
  -6.226643352874292, -1.884838122398362, 13.45593629344654;
  -5.998927073129188, -1.665246758609557, 13.01126760515181;
  -6.175784823151297, -1.949384838762183, 13.37509009888931;
  -6.415583020577292, -0.732737534240604, 13.8550523330889;
  -6.032651065014554, -2.129351978769916, 13.15954410938131;
  -6.222036604114482, -2.052858224927653, 13.58984201163226;
  -6.248703958954419, -1.222414532300791, 13.68517722286092;
  -10.44780765596555, 0.6875042849570883, 24.10075356733696;
  -12.60315366365607, 0.6480022548619979, 29.33063598007188;
  -11.46401060618532, 0.721894870736282, 26.80868692231886;
  -12.5538241167528, 0.5755848853566807, 30.35773616742946;
  -14.98134732337682, 0.006489160775094079, 36.42880312668299;
  -10.90764687282715, 0.750928827174502, 26.93863125767198;
  -1.977578391062905, 0.9914072215564741, 5.792405388036662;
  -10.66185736621089, 0.7112202514906195, 27.62382252538566;
  -8.85147089780701, 0.7062378060595285, 23.12716963237662;
  -10.17698604726725, 0.7222627932692958, 27.67438362304668;
  -10.89269341333564, 0.6268796264280124, 29.70022454801299;
  -7.88154197283798, 0.8402195849469618, 21.90095279711115;
  -7.52124599256527, 1.014951168248709, 20.9607981972052;
  -10.19715443914106, 0.6965582527791885, 28.25063996664146;
  -10.36315368242565, 0.6013442593310621, 29.27507314293704;
  -9.868840433022147, 0.7265557799111394, 27.94033913832584;
  -3.866018196130805, 0.9424996669785791, 11.96648590231087;
  -7.329122992761484, -4.199355778839901, 22.94890840411271;
  -4.948212888747788, 0.9073264169160051, 16.14480718444971;
  -3.487871752631596, -1.697647893135827, 11.72012968051753;
  -5.668797708938174, 0.9448922274884856, 18.56558906370564;
  -5.667410250326816, 0.8738896666023932, 18.60187015625419;
  -6.566667687287271, 0.8253313534006963, 21.40511936926082;
  -3.080082297050095, 1.50012464802453, 10.74217790344817;
  -5.580870757873186, 0.1959583863579188, 18.93684021027895;
  -2.803989054020902, 1.582559257987304, 10.05175090417633;
  -2.781118876558111, 1.521003904551627, 9.99489707644935;
  -4.724795404109245, 0.3782227763178002, 16.36687203372451;
  -2.197056368358429, 1.587634716609325, 8.151977071915802;
  -4.730406522119404, 0.5149463193286926, 16.45072823968639;
  -4.523668046985329, 0.9798216767081531, 15.8531274710391;
  -2.109001833405992, 1.653440638108883, 7.916834118598746;
  -2.197384623729337, 1.601410063799426, 8.299534401369247;
  -2.099999385963331, 1.602897529269872, 7.997911201198915;
  -2.852631624760979, 1.463274929029423, 10.60620970587005;
  -2.574529239019144, 1.550972489910894, 9.728377944048305;
  -2.436549869636151, 1.55438246225395, 9.589354102814774;
  -2.546614060958147, 1.437240695383251, 10.05397353256693;
  -2.571373389692643, 1.54310359192085, 10.12161647715087;
  -2.067531546601751, 1.618844816624679, 8.353088004052795;
  -4.710001677377708, 0.8103666675316251, 18.06234100118454;
  -6.977666727865201, -1.363804964907017, 26.69432543648813;
  -2.307085671418878, 1.574820195777972, 9.909089086331388;
  -2.115007187745409, 1.637686371859469, 9.21862043405792;
  -2.103791403394891, 1.608257230589, 9.622648713500954;
  -2.384043693842697, 1.512195386113457, 10.90617694054789;
  -2.101464732717386, 1.569044962072119, 9.785652639155369;
  -2.337222639536537, 1.572403082503994, 10.78068394763928;
  -4.550559092101149, -2.186759744802906, 20.57239988727411;
  -2.123371372560137, 1.595314590243074, 10.20716747459884;
  -2.066446415763269, 1.642692268175238, 10.03684210590554;
  -3.990709406014235, 0.9093872820807749, 18.54346440143713;
  -2.148612635434764, 1.574686408952333, 10.65281522903887;
  -2.029780700641841, 1.527813142854035, 10.33132145115781;
  -2.107109477558832, 1.574156542640524, 10.81428638027051;
  -1.995688032960939, 1.6115037792849, 10.3007859624619;
  -1.900805900440982, 1.59796210475911, 9.904943086306398;
  -2.021385205468985, 1.495448268231134, 10.64468010673798;
  -1.89123557496534, 1.592131498003016, 10.1048823981665;
  -1.724206511462528, 1.604035371581039, 9.94574443552739;
  -5.023957355892537, -3.821719960612981, 27.23113593761996;
  -2.09406096637962, 1.510660954110676, 12.04235320046932;
  -1.609213292636628, 1.568546378852047, 9.713919223567876;
  -1.193373104429033, 1.581607420319589, 7.487296082773157;
  -3.832712837294513, -1.852162148308084, 22.42313402223331;
  -1.966569862094118, 1.520020412893317, 12.24804692609356;
  -1.672612160528623, 1.551876016130863, 10.60959382159022;
  -1.559688747768688, 1.544266647251371, 10.13262545356002;
  -1.378645834134009, 1.605910361081583, 9.214791067091753;
  -1.616274464234053, 1.568035687913355, 10.80521525483771;
  -0.7835042867807446, 1.581009650998727, 7.126231969422214;
  -0.8482798221907106, 1.556820037244058, 8.89765121935856;
  -2.774398831038274, -4.015142790156482, 27.48363005513036;
  -0.7845955755837843, 1.559827187823016, 8.696285881545842;
  -2.392015433192765, -4.059321161961234, 28.59690676853042;
  -2.826747875048122, -6.604797725054463, 34.89068647833327;
  -2.430212923710237, -6.527224084228154, 31.55806622166433;
  -2.173284223300152, -4.141666950388613, 29.03830992159504;
  -2.146249044092446, -4.508930189915819, 29.04570791745919;
  -1.779926743965565, -4.422553683102255, 25.83813083256434;
  -1.567727397647397, -3.906979326597281, 25.23101106598228;
  2.082967167748859, -6.065845149308768, 38.66153674717161;
  1.68564011898106, -6.960921850780363, 31.22084951486521;
  1.994252424960379, -8.068280799395302, 34.4037951349632;
  1.846476048154907, -6.849231539767803, 30.54217205160347;
  2.220531116419448, -6.411052842725797, 36.38406771504231;
  1.997756831932332, -6.626280717910046, 31.98577310864759;
  2.074963874421913, -6.80414831787416, 31.91734738988158;
  2.216284729085755, -6.369000207031139, 32.41032083533647;
