m=[-5.806495896530338, -1.148672517939404, 8.396271240136908;
  -15.40597752685113, -1.712790570125274, 31.33963307421087;
  -6.442662525307849, 0.1618591020149495, 13.7087891282906;
  -6.933921712876668, -0.1777023692608001, 15.28490717333628;
  -5.121659821996611, 0.215325977332412, 12.6550011054887;
  -5.313737009630118, 0.2147725649293452, 13.44478140001996;
  -5.135552456639484, 0.2278407654114675, 13.13965150193211;
  -5.146050582056562, 0.1445956104482341, 13.31435406543976;
  -4.912932838903084, 0.2238664747273469, 12.86035907319547;
  -5.024877335737267, 0.1326068002281626, 13.26457907173769;
  -4.865247430920715, 0.1943203640792748, 12.91977488234086;
  -4.719613256165472, -0.2940818602949837, 13.0066986125352;
  -6.142170865898874, -0.688331839334603, 18.93086472697495;
  -2.716614970615436, 0.3339805123983426, 9.042727893881162;
  -6.321823981703656, -0.3950674928285859, 19.89505617919003;
  -6.46614537503934, -0.2971464423200765, 20.35027234174709;
  -6.579231094327017, -0.5548986806239554, 20.96120030929973;
  -4.014815536282227, 0.178905103187741, 13.73802625754238;
  -5.708646638630505, -0.6582875528622856, 19.195769399807;
  -3.735521353111145, 0.2366838976670034, 13.02527371995097;
  -2.362534926306663, 0.3559335971094675, 8.609229861005211;
  -5.392217891032221, -0.7047251930163111, 18.37267669028979;
  -5.292186474597156, -0.8478054102868068, 18.06439378847886;
  -5.284484683555503, -0.7544865400254701, 18.37239479428298;
  -4.885501570202942, -0.681640004043572, 17.37345217548387;
  -3.782130162474406, 0.2146950241968998, 14.06755288750514;
  -5.624994664099542, -0.2141010053336575, 20.59957873447686;
  -5.143791382384226, -0.3811994054957022, 19.07152712047277;
  -5.705467616114477, -0.2576044111233594, 21.26598633375717;
  -3.665858369753186, 0.1891458669121581, 14.14686440853683;
  -4.943375143820899, -0.02826085911447015, 18.92423834006774;
  -5.3710249802095, -0.4356571864620581, 20.49616380898583;
  -2.189052125115051, 0.3642643920866224, 9.059806487498497;
  -4.988487963656049, -0.3083418275662582, 19.52501038961773;
  -5.560608194362205, -0.7336467623691282, 22.90946156667922;
  -6.293546313188008, -0.4633931061537309, 26.03797421065318;
  -5.293661988071544, -0.7644968921897619, 22.07777039505967;
  -4.917321711175319, -0.5391912204412076, 20.61492166341013;
  -5.242262435435593, -0.2038350761066727, 21.96979064237324;
  -3.947079698216612, 0.1212572556681596, 17.1141863638976;
  -3.311910555987776, 0.1908237631924974, 14.90754122828071;
  -4.887246110229246, -0.1048030363752181, 21.64317261914478;
  -4.825535227731554, -0.3667402092681802, 21.70254003037588;
  -4.691296667925574, -0.8721322559247673, 21.36158393993694;
  -4.896437515519629, -0.6559985178035305, 22.34269925190062;
  -1.668956430243825, -1.44430232344275, 8.293499044083813;
  -4.570012994438983, -0.7557573637090636, 21.1263732577753;
  -2.230270029642433, 0.3085578235582222, 10.89702910805054;
  -4.94448337746379, -0.3430056099677679, 23.1557641149351;
  -5.414604634418299, -0.1023963806508732, 25.52159904045956;
  -2.078215187882607, 0.3174629528925544, 10.70031541906827;
  -2.868260397713277, -0.5423700750688467, 14.84675855209384;
  -4.625694727107159, -0.0356017400997112, 23.84260265753588;
  -3.858281023409747, -0.3719706163342693, 20.18874170210439;
  -3.366815970211765, 0.02542006639542364, 18.00793098119369;
  -3.763476695797, -0.4649626808570544, 20.21697785003168;
  -2.999069239349388, -0.6876709945408083, 16.47481419012793;
  -2.151337994345265, 0.2719023228493097, 12.1269042452509;
  -3.469511198533978, -0.3583439237724241, 19.04147247699171;
  -3.256122493026746, -0.1237537031345818, 18.03320828942913;
  -2.569749392878975, -0.7782220975047678, 14.57678283393869;
  -2.906437475711434, -1.00023714655, 16.33979424255715;
  -2.620646460924812, -1.002548187272922, 14.89679715144071;
  -4.183824368513859, -0.02693568429385028, 23.46156418570109;
  -2.071891034115043, 0.3160896512206156, 12.18494574688145;
  -2.408347805509052, 0.2370464169139551, 14.00736200931149;
  -1.88032585070487, 0.3429132195472339, 11.32112815893923;
  -1.684349181499472, 0.3801729925949682, 10.4193194953355;
  -4.947505354197727, -0.2120498424668342, 28.75452724768423;
  -2.036910262965083, 0.3338111685858631, 12.58067687051686;
  -2.486140659590533, -0.8670707636472252, 15.15760794981397;
  -1.51416302417531, 0.4427522479930428, 9.736647021765913;
  -4.998565858452895, -0.2829864999797276, 30.01783784234941;
  -2.317540306230729, -0.7250126567778956, 14.50430724030105;
  -2.019854241927527, -0.7413524719768508, 12.77546354806567;
  -5.220628277735643, -0.03143824680781148, 31.52990187282205;
  -2.336742617995478, -0.5185976989485093, 14.66066351315374;
  -2.474597793947738, 0.2195686672842715, 15.58731938793258;
  -1.912406120749954, 0.3187921661362441, 12.30546715285597;
  -3.737681944903282, 0.009561022390277925, 23.2912161257152;
  -2.35649724280213, -0.6603342187140436, 15.04993640234051;
  -2.301023787209692, -0.5202939573647406, 14.8919695776527;
  -4.92524653651339, -0.1769702679998592, 31.19009477331959;
  -1.907542505797418, -1.30123676127799, 12.77151992005225;
  -1.896610973298734, 0.3300475124279101, 12.77644030744657;
  -0.9862599443288348, 0.6229306564068025, 7.150956615864676;
  -1.915384138625673, -1.568329553479408, 13.18209638287033;
  -1.9615266589501, 0.2855288373679658, 13.48745129253471;
  -2.293859077728928, -0.5917335240543344, 15.64307185813195;
  -1.765829864910335, -0.9330200992920124, 12.30203362213655;
  -4.429610683185194, -0.3942487179120944, 29.57623326771076;
  -4.12453617728283, -0.2661774282975501, 27.72890620788846;
  -1.30809911357537, 0.4830117924206926, 9.667263608586856;
  -1.309415183227062, 0.4529644304030073, 9.780473013143716;
  -2.095485136044472, -0.6085931546686698, 15.30243949787375;
  -3.551465309517981, -0.09275332066820267, 25.6963902995396;
  -4.581418531260192, -0.3247593151331329, 33.18285652760545;
  -4.499476914836123, -0.4846262337056581, 33.1011224438494;
  -1.249143620476499, 0.4822286082256793, 9.897983167874541;
  -1.98531270257933, -0.7580706156191766, 15.3769556172444;
  -4.219944916289474, -0.2615856230766715, 32.0969995502313;
  -1.861491071849104, -0.7211863372247021, 14.75476681323535;
  -1.224177540359072, 0.4687698259910275, 10.14996899801973;
  -1.877102929503008, 0.249569052157166, 15.09587153202027;
  -2.353610639258669, -1.147030970563039, 18.80594479803805;
  -2.549143536032926, -0.8490733796199951, 20.30772393493402;
  -1.076874765835009, 0.6676375463935481, 9.168092096175521;
  -1.747122147186743, 0.3031061842105485, 14.29102391990967;
  -1.532594836108313, 0.3941635045438194, 12.64726928637167;
  -1.15319090804321, 0.4952032836055912, 9.816349157943657;
  -4.014650241491272, -1.027189240690518, 32.01144330694842;
  -3.857598238086955, -0.1760030424651497, 31.28483531198331;
  -1.652791313588933, 0.3276055472836952, 13.98998544475337;
  -1.970826876727085, -1.155338271325926, 16.77996790783767;
  -1.794614749588239, -1.343011025795934, 15.42326170396965;
  -0.9957371649479073, 0.5723422623723968, 9.00413866827547;
  -2.423971181909925, 0.09467385231630775, 20.74451725975337;
  -1.626975762660255, 0.3122482052976861, 14.32256839138116;
  -4.022112112188419, -0.9424853602059953, 34.4663500068899;
  -3.650886012615525, -0.3927263845601837, 32.1176269201401;
  -1.163071443197877, 0.4197050922155899, 11.11521748706992;
  -0.8974610833504257, 0.6274702750394471, 8.804003847616137;
  -3.514128951675708, -1.044429014097466, 32.32265939302572;
  -3.486397340384866, -0.1159210489556933, 32.56849578044821;
  -1.009987631450663, 0.4977527985141216, 10.21075714042324;
  -0.9745611695277645, 0.5620724845309916, 9.979034644652181;
  -3.299528936049564, -0.343662119797675, 31.70679062354694;
  -0.8025428521424148, 0.6100825976514365, 8.457850638412715;
  -2.559433300449742, 0.05160596028712147, 25.08181811367488;
  -4.010670345112271, -1.131877857554267, 40.0912731743811;
