m=[-22.40515589603688, -2.695752406153046, 28.60249442466307;
  -20.87462728037672, -3.261982216367751, 26.858169720345;
  -21.11019241987949, -3.762399229877456, 27.25137540100556;
  -22.99464439694076, -1.99968654668904, 29.80527080480383;
  -22.13588378488988, -2.940500672997141, 28.73656295367735;
  -21.24551412539766, -3.0623312345537, 27.92374510707204;
  -21.32767074899888, -2.655602723620967, 28.02712921132976;
  -22.80642564593667, -2.09252078376938, 29.94195945532547;
  -23.5070043466635, -2.0357965939969, 30.82244035325599;
  -25.35930890909285, -0.6398608499101159, 33.10616154536079;
  -22.29145260046301, -3.179764614412225, 29.35730206009542;
  -22.23133610272422, -0.1516811813820069, 29.40289446931385;
  -22.51251479161234, -2.127947399930348, 29.87863099165059;
  -22.64166030391536, -0.2624831223832513, 30.09830577117328;
  -21.19528763035354, -2.468832223689713, 28.28226685347493;
  -22.24087568697899, -3.026820176396575, 29.65249097365788;
  -22.00625268859362, -0.156377678151097, 29.39409438434466;
  -23.60451238997257, -2.288190180235211, 31.71172505311969;
  -22.6983682218839, -2.006213272228022, 30.65472230136432;
  -22.76593576496009, -2.343684250083749, 30.84723858945342;
  -21.15101543043538, -3.070953312440462, 28.83045844753505;
  -21.93711961044284, -2.508981808792095, 30.03317394314565;
  -21.01049046621308, -1.874253077602692, 28.8914946586337;
  -25.51557174999763, -0.2011540864424286, 35.98725446824243;
  -25.24463831291579, -0.5714855844034923, 35.56183828116707;
  -31.58669398118226, -1.201241084069789, 44.62141960296456;
  -18.9620220581187, -3.345872389859881, 27.15999612887408;
  -20.95183830959664, -2.970051512018954, 30.2653158368651;
  -18.16655939636179, -4.223672147863915, 26.43959054718783;
  -20.77579670015028, -3.805589088993254, 30.44062647445778;
  -21.36631290572449, -2.878271886696324, 31.50436651332371;
  -25.19760057294329, -2.521313294315727, 37.09544182639775;
  -26.09112642589502, -2.864493803222946, 38.50721016299795;
  -24.13142092694115, -1.577329944224921, 36.22927759446105;
  -21.83739791524226, -3.267553005199139, 33.51638085951293;
  -23.80649558544313, -2.781971141017489, 36.71785461878795;
  -20.63343562595556, -2.885461554627033, 32.24041973196551;
  -30.03510782119, -2.215867379020883, 46.48070199867453;
  -30.25613724551499, -1.716375211186363, 46.93716561660258;
  -24.67444148270776, -1.916568615479717, 39.24916272715918;
  -29.69240938138498, -2.60118266275615, 48.74667992241791;
  -28.02644881756791, -2.382015610785756, 46.63538784132857;
  -26.16744920551962, -0.6769021382028885, 43.67306105691434;
  -27.27509639667879, -1.192577758143708, 46.32885747611942;
  -16.8273906499957, -2.368218959657831, 29.16989413594438;
  -17.6006046990764, -2.196369797532082, 30.51354942559271;
  -18.10206798070676, -2.760250920837131, 31.62263289591603;
  -25.66960420118968, -2.635557704784188, 44.31528246638162;
  -28.08559253682366, -5.300534119043767, 48.97004341856326;
  -18.50957298476363, -2.68022642518179, 32.59743539172985;
  -26.16507061828734, -1.753302229603922, 45.99273366286796;
  -26.0076803468008, -1.021890790674409, 45.85936472512428;
  -25.62805534228259, -2.609899191599853, 45.24052151708667;
  -24.45922587970338, -2.09590939560629, 43.46622992889297;
  -8.335694528386457, -1.766886112345674, 17.91004423213546;
  -7.206322996539146, -2.748342854082834, 17.12729227753727;
  -7.211959405152647, -2.517909867646299, 17.2093208357354;
  -7.189573585697393, -2.522077606056772, 17.38441203762398;
  -7.61931145429189, -1.132426335686375, 18.39686579460676;
  -7.11876546386364, -2.126966623633492, 17.31270887559395;
  -7.169460195373334, -1.835993770546585, 17.44154745845901;
  -7.167771561245917, -2.64344458323621, 17.44288163827167;
  -7.466332502698603, -1.047405461238735, 18.15547760134917;
  -7.344339757468337, -1.193883198004865, 17.91978395546221;
  -7.118423543948793, -2.225885016571549, 17.41072379728889;
  -6.960047577931029, -2.518181822634296, 17.14313645569052;
  -7.231559770077443, -1.765113693979887, 17.83010352295257;
  -1.758268230680028, 0.8509659884319185, 5.083440894332758;
  -7.188153843477534, -1.488232850205929, 17.79694925389881;
  -7.352985615752862, -1.389252742139767, 18.27591538551006;
  -16.90116513500308, -0.175664972331418, 43.00047998735755;
  -12.71380557940587, 0.7038209578975254, 36.56074686722153;
  -12.86125795430572, 0.5476615774745561, 37.00134964111572;
  -13.00142900465022, 0.5509458258807026, 38.71626875378739;
  -12.46454693322161, 0.7171385575646788, 37.3124879693865;
  -10.53063155695539, 0.7434302036762184, 36.73827705728313;
  -1.992016242024676, 1.348427992505157, 8.25258656532543;
  -5.819020252947943, 0.8599854817465686, 23.0571622863464;
  -3.090251569765249, 1.640468386860171, 13.12106110534662;
  -3.050697234921097, 1.509532548535845, 13.17286614588938;
  -2.96794630004688, 1.684862512418825, 13.22564765878891;
  -2.834723156858665, 1.593483559773674, 13.10661470440441;
  -2.674737933045086, 1.604573684825617, 12.47675039430652;
  -2.224801210054702, 1.638413457054988, 10.91588274877738;
  -3.551400409521158, 1.526866616554856, 17.57201951441587;
  -2.413102158368135, 1.43824743007309, 12.48919866190972;
  -2.295644051270075, 1.330119374387685, 11.91442143661127;
  -5.374565823073949, 1.046049096142552, 26.94450313994022;
  -2.554971891857575, 1.606339994986063, 13.72903531523736;
  -2.341760999860272, 1.64171794601327, 13.13612703986174;
  -2.181118782544714, 1.618005681469975, 12.46548319355072;
  -1.360897371826159, 1.59853969364424, 8.298437692363692;
  -1.38426473067124, 1.592274633276378, 8.482147455250914;
  -2.335878293584915, 1.627817317288009, 13.7318896041867;
  -2.40217303538292, 1.661013731424677, 14.78807585678653;
  -1.999270306028031, 1.599388847026236, 13.17077705649091;
  -1.88258505601187, 1.573003566708492, 12.91230192377105;
  -1.723526683898734, 1.534440583863726, 12.08428237402569;
  -2.400378775313692, 1.703388321601954, 16.72066820857121;
  -1.832213564870267, 1.571203833610557, 13.42230572575811;
  -1.620279266935637, 1.569414484997499, 12.04116466131472;
  -1.263547519257777, 1.545790609134904, 9.642823132322333;
  -1.708595832190052, 1.560503359272285, 12.835433314728;
  -2.288608750865134, 1.619332000485155, 17.16174534792121;
  -0.846635210169041, 1.562743787695909, 7.814246070177491;
  -1.026547647249807, 1.532342064391102, 9.344983024454578;
  0.2127211095852265, 1.251985278312399, 9.105779520474878;
  0.5613756233168853, 0.7656226232803359, 11.87311570402458;
  1.035994178691211, 0.6574637796949846, 12.03697705015586;
  1.058938015348172, 0.5409457598720666, 11.73887136081784;
  1.088940325229391, 0.8341908465669398, 12.04684581679408;
  1.17614262469218, 0.9556343800881735, 11.9374791090984;
  1.187174117199222, 0.3292740770160111, 11.96816232818159;
  1.1555707916563, 0.3212124778777249, 11.14252920430416;
  1.242631244499787, 0.2837969853184377, 11.66045269071825;
  1.540973376834146, 0.3434906292378148, 13.62978709261201;
  1.362803898350607, -0.007093411575559242, 12.15367122049612;
  1.321668600571698, 0.2001915396089387, 11.46558664832974;
  1.290023925837726, 0.4185002502608341, 10.83680033595779;
  1.483753939917488, 0.1326365047168986, 12.2205410223295;
  2.038799025906911, -2.430655767493219, 15.10552583593316;
  2.470097050720383, -3.807994005503462, 18.04094068130074;
  1.49992108208627, 0.1295192133235393, 11.09893540093017;
  2.205593352216944, -2.512798156998882, 15.69176345699747;
  2.83215159744555, -4.441456661506134, 19.70523767849853;
  2.487003691053578, -3.476335239479854, 17.16137516522498;
  2.379760242273393, -3.439145261028932, 16.41059119798746;
  2.684666571367566, -3.426191557136847, 18.09836802565362;
  2.428696578866386, -2.499054776589699, 16.29929728077973;
  2.612726371703786, -3.07773678060016, 17.40389684968212;
  3.103448707924869, -4.509450610684861, 19.91668742248442;
  2.443923504735539, -3.26990240479207, 15.85261171298722;
