m=[-6.286481661289527, 1.869196185546078, 12.5175524136212;
  -4.34114477395464, 1.921708681409591, 10.45950455796658;
  -5.070894783155466, 1.837774293839356, 12.50423370902225;
  -4.372576219427356, 0.3939844252293728, 14.0187186614272;
  -3.382832102074726, 1.761267903189246, 12.90317473319976;
  -2.798480253721436, 1.412496237543652, 13.02170481173382;
  -2.815340273502017, 1.589321613763368, 13.12079065307096;
  -2.713562560224532, 1.693409724521356, 12.72456924375567;
  -2.626476541175031, 1.704151239368748, 12.65018642171153;
  -2.520016412581988, 1.322977155592877, 12.9276766832222;
  -1.089806445584653, 1.942437479255341, 9.497900839797017;
  -1.023444096788486, 1.945558803048422, 9.67594383018918;
  -0.9911005621780882, 1.882981678249501, 11.05892996995382;
  -0.7793005434361346, 1.955828383374266, 9.433924113074596;
  -0.7900691506939187, 1.881284874351842, 11.22468075118044;
  -0.689599935474528, 1.851677538587835, 11.47172886141279;
  -0.5845360463812007, 1.861166859812162, 11.30257559602958;
  -0.05452084014641651, -2.728516054575228, 14.11031282990963;
  -0.05231149745659125, -3.041834062857703, 14.56733955454394;
  -0.011998359816291, -2.589253677585461, 14.61057964719133;
  -0.01022437683827555, -3.270476796493811, 14.67284286463892;
  0.01003785190030191, -3.09492817392199, 14.63520422464848;
  0.05816426310943643, -3.205443251571531, 14.70807698603916;
  0.07938955986212228, -3.102158873706989, 14.37290533551356;
  0.2468449591795114, -2.635087142220765, 15.52583661225948;
  0.3397683667929373, -1.275237993608694, 14.80023546405538;
  0.3494384362413562, -2.946066254165586, 14.49239567066326;
  0.4146988589314974, -1.769030435373518, 15.21045531173309;
  0.4393613647763621, -1.335512405807061, 14.81396979281231;
  0.6707729068747059, -1.516508178803772, 14.45938178251734;
  0.732712752267901, -1.488996458257211, 14.58115820815714;
  0.7481481099461073, -1.609418712658433, 14.71800282616713;
  0.747411330036987, -1.611899450336759, 14.13123734975648;
  0.7564920228697625, -1.813501421559786, 14.40478699098192;
  0.8343669352588506, -2.26040843062738, 15.22595679783141;
  0.781811287655966, -1.135637948983102, 13.23217713711378;
  0.8797916721949554, -2.042854547476645, 15.20828919931196;
  0.7691944616158403, -1.130674539962918, 12.57304610960402;
  0.8751434405155376, -1.818710476069918, 14.61076681177507;
  0.9020499427891211, -1.63541032979217, 14.17817963166375;
  1.004540238811912, -2.384032766433632, 16.11615896922156;
  0.8311525815202475, -1.130686312447447, 12.72261300583755;
  0.9565184584131689, -1.926396841677021, 15.03885702840572;
  0.8687026302465897, -1.181132550890109, 12.25205863716254;
  1.036236627612762, -2.013755418229411, 15.16698311221778;
  0.8898755290106989, -1.129609256520855, 12.63614260429394;
  1.134595276958258, -1.553523721395541, 13.2681110475774;
  1.196592307862234, -1.525879153909431, 14.20249450340616;
  1.137159574234669, -1.675098865374085, 13.20015374431849;
  1.150387386148947, -0.7851684936765025, 12.95523463413211;
  1.237805672303694, -1.429643828456902, 13.70371801137307;
  1.28328957677929, -1.128293997485087, 13.73723993618459;
  1.324611913248265, -1.699512358919617, 13.99388677764673;
  1.506748540392793, -1.568238485635339, 14.98749052740588;
  1.356321967470066, -0.8859001584218176, 13.4269035775188;
  1.425974167300293, 0.3019458819658804, 13.86408838747125;
  1.464647905410686, 0.2013008403031182, 14.1311531742867;
  1.446957235355625, -0.1971638058598303, 13.6366254745211;
  1.72583885803809, -2.399434822535614, 16.45967140893704;
  1.471869958473848, -1.72805795101578, 13.71260523095548;
  1.477675631622894, -0.6402701938566171, 13.3215926202964;
  1.753118183926976, -2.529419298317583, 15.71404264500119;
  1.558841986654126, -0.8310626013629063, 13.78967686995819;
  1.527560084720523, -0.8856791628909299, 13.37702393318928;
  1.671005425183149, 0.004449053909518393, 14.35217388253369;
  1.60911880764332, -0.4915961199360174, 13.74584263043663;
  1.688501952960275, -0.05666487427282021, 14.42891010519998;
  1.749940971256889, 0.1364352515518734, 14.70364169442777;
  1.623731344721102, -0.4252999652994557, 13.5052889007086;
  1.728115317846662, -0.160174439830075, 14.44655405564567;
  1.714987516711544, -0.540416682425291, 13.9901507919581;
  1.977889283035143, -2.61015901150152, 16.27396625524143;
  1.753427993376689, -0.3050870896590056, 14.23095973115898;
  1.657235717745235, -0.8237528166526716, 13.24300866942197;
  1.845131482870287, -1.836220181525247, 14.80428289295877;
  1.846671294267043, -1.543435599710961, 14.8355872435712;
  1.895211783455056, -1.610618642062652, 14.82028530356875;
  1.820194439738396, -0.7486527833997307, 13.78871574739919;
  2.136715032267614, -2.582748629630837, 16.24051437406755;
  2.146722085192921, -2.283140934585552, 15.94390655166154;
  2.107519833324969, -0.52974300259931, 15.5374645357225;
  1.974538422607887, -1.078911414919056, 14.36239762714338;
  2.050720482521163, 0.05369977746012168, 14.97376428533183;
  2.036945537238207, -1.362317617859608, 14.28611085890475;
  2.168444042564204, -1.486310942958318, 15.01488805724496;
  2.13999700619415, -0.9439530006307645, 14.67413400761182;
  2.239856963322111, -0.4995047125671815, 15.17768827329185;
  2.091460023431155, -1.168976708200002, 13.92579260559164;
  2.454556185572606, -2.575154463196358, 16.35997179807713;
  2.580260426039135, -2.383378926872161, 16.83751608941384;
  2.604635177675422, -2.257610008384918, 16.02186273807367;
  2.658442329878977, -2.727228311324916, 16.32694878591546;
  2.855904343988023, -1.924091151254827, 17.06547748842897;
  2.743718543170447, -2.521021091663823, 16.18979347849281;
  2.805440229246024, -3.047626854809125, 16.44896195744274;
  2.870038894312522, -2.781133981148232, 16.74443650177967;
  2.876030698711965, -3.282618904833661, 16.64363854822906;
  2.904030375611476, -3.389457180982918, 16.26937222871614;
  2.912195393950788, -2.524664861858391, 16.31485159864368;
  2.197110314711519, 1.888884961638353, 11.74397311399902;
  3.179063657257832, -2.614838995256643, 16.97439692549194;
  3.191341882329972, -3.522210860611672, 16.98873077911105;
  3.177463501613361, -3.111699702829716, 16.94264120023146;
  -0.06268054259905088, 0.09545287803853514, -0.654983294146436;
  3.20325718770018, -3.342146981721719, 16.27249152458631;
  2.298125699321158, 1.875568985230825, 11.56941188017206;
  3.569985907258571, -3.57440152989839, 17.4115227932234;
  2.437740347239612, 1.892289959844596, 11.57409268447591;
  3.018165353805659, 1.736984042077477, 14.29738433864183;
  3.637383708407972, -3.455222476824054, 16.94614068638507;
  2.984248913897498, 1.750476016265582, 13.88409550766594;
  -0.03989249886910975, 0.05675553788329368, -0.2320311519017698;
  3.04325452694211, 1.669459407418998, 14.11380279876151;
  3.669501897166502, -3.246158544418107, 16.93012534539304;
  -0.02276265805934473, 0.03231280434424436, -0.1295811913310606;
  3.263404579570553, 1.461731218095689, 14.72101906401768;
  2.612585755902864, 1.926861809485896, 11.72295281077956;
  3.293672578598905, 1.685590916389868, 14.6281384932213;
  3.267558334971738, 1.687661084048182, 14.36640124797624;
  3.914908972138866, -3.423657753595491, 16.94967794486628;
  3.106952389446194, 1.768633298119821, 13.44548469374839;
  3.289078551025921, 1.773188406529477, 13.40098376515542;
  4.354039958874379, -3.610078977026899, 17.14883271337359;
  4.40125852235006, 1.613762259845198, 17.42909515040653;
  3.510632267668755, 1.741907729529121, 13.49576203879794;
  3.925377981719655, 1.628922903637961, 14.95499130633585;
  4.606133977312397, -2.58546097717475, 17.50559360166164;
  4.75383660241978, 0.393909608890814, 17.99704511337023;
  6.277611161139668, 0.3736359303839624, 23.78682127022347;
  3.419998725209021, 1.824425401768936, 13.02546557029224;
  4.839186809629527, -1.213246474146913, 17.83995796189957;
  4.905913532838937, -2.658159051872735, 18.09586812960058;
