m=[-28.2528640358044, -1.297521566114673, 34.78090256000247;
  -28.04358310553651, -0.9706208893005085, 34.92803114295732;
  -10.58829185876353, 0.6118418826351898, 13.9358494488882;
  -26.83096715302863, -1.083812868167873, 33.92289446185031;
  -5.321417240643651, 1.291012672812133, 7.524756493718413;
  -30.36100592344075, -2.091041615456569, 38.51330645583676;
  -15.8618651647798, 0.4909387611418963, 20.59569115741862;
  -24.79869323087434, -0.8025699376087297, 31.72734882622391;
  -8.666230711720145, 0.797522633244771, 11.73009553204105;
  -8.237159731511859, 0.8540718078709001, 11.2149620772619;
  -6.84087598173166, 0.9385117594049088, 9.523179285653125;
  -6.383674754350296, 1.018167182585996, 9.015380953584041;
  -5.951029887882931, 1.038869563711529, 8.559225372188825;
  -9.578306795038788, 0.6678920403043578, 13.62468019176835;
  -6.106140879741659, 0.9808117236651173, 9.100819129670992;
  -8.148961745882437, 0.7776982296119619, 12.1815075047632;
  -7.231631963423992, 0.4953175921003403, 11.0557639388968;
  -4.90887342930574, 1.273499697643302, 7.85445637363154;
  -4.65314752516633, 1.302089942660627, 7.844598792082981;
  -5.208115527987434, 1.070560294154029, 8.736629244623206;
  -6.327688693034199, -1.272857312599662, 10.7661108156253;
  -6.150355463072078, -1.776996693633126, 10.52336029642828;
  -6.517397931711256, 0.284103845572077, 11.14166277115255;
  -4.696554198810588, 1.160552615761094, 8.30446952482329;
  -6.337324743892968, -0.9707045265086048, 10.86951758587171;
  -6.2964194351485, -1.391278348208898, 10.82203806675349;
  -6.401574120970848, -0.2309369305773945, 11.06631323301247;
  -6.301817690771907, -0.3061243143649129, 10.9243862472852;
  -6.287663949009757, -0.9401857273101145, 10.90215901824023;
  -6.203223031067133, -1.370476920048612, 10.8047305439796;
  -6.33400978882027, -0.5382935176635633, 11.02034322737287;
  -6.304749472712675, -0.6139166972085673, 10.98014976155469;
  -6.1732015684476, -1.103791865615682, 10.79821906139857;
  -6.280576133430802, -0.710191660070906, 10.98340148926918;
  -6.180928279702222, -1.250220066667736, 10.8814871609947;
  -6.085271342404338, -1.67617276991027, 10.7383009787757;
  -4.262849973746623, 1.327843486035002, 7.900441627648193;
  -8.429190614599655, 0.4074533333768906, 15.05047620108166;
  -9.229777090820651, 0.5938601521611835, 17.01800733203301;
  -3.658054670853677, 1.365079159461433, 7.887048509972568;
  -17.53622955883327, -0.8990114623223787, 35.67772934779555;
  -16.76031163321953, -0.6357407700021257, 34.67065618461717;
  -3.419622919730884, 1.345240172221807, 8.064190768187006;
  -3.602345532788187, -1.088009735359558, 8.53993603791533;
  -3.051137934096794, 1.390584136539767, 7.438674511962751;
  -3.009038492857451, 1.399921096907956, 7.464689879478329;
  -2.685432232144539, 1.43854647227276, 6.935258241188227;
  -3.966638249461426, 1.109710439649797, 9.810161985041193;
  -7.818141982602586, 0.6385477001153567, 19.1305551235361;
  -6.938125988219281, 0.6832519009142125, 17.31266667968476;
  -2.72177413961419, 1.410163154459685, 7.401970702947056;
  -7.1814361479146, 0.64909368653887, 18.04509643432093;
  -10.90341085858431, 0.4584036583800767, 26.9410076546613;
  -9.765425320273964, 0.5168369850168618, 24.53099467805347;
  -2.457283619051824, 1.459515698305504, 6.895505569025918;
  -11.21185358259693, 0.453164796673712, 28.36815601409284;
  -16.48545913612796, -1.563603497866204, 41.71584658527286;
  -11.19028569757203, 0.4964613408264502, 28.63108799191722;
  -4.868530582376748, 0.8937396098361208, 13.05289533778706;
  -4.503177278471749, 0.9112169073618579, 12.17307964778766;
  -3.682445801841958, 1.093361983613219, 10.19180465097094;
  -2.895798315801162, 1.403176728803463, 8.222624755606208;
  -12.94900197949784, -1.936699670438312, 33.51669758470353;
  -4.95517505543074, 0.7945718898360756, 13.46853123392726;
  -10.89174207531635, 0.2874336961911593, 28.75182105630609;
  -5.071101085618422, 0.766067029285142, 13.89637251107752;
  -2.51786003021217, 1.424211571194646, 7.38740002148633;
  -2.438638617318425, 1.448562499858851, 7.292834672706452;
  -10.84518752427628, 0.5451252855132004, 29.50646968314126;
  -6.523695216086315, 0.6106079604311155, 18.24837578336677;
  -5.837383846596202, 0.7251360362613402, 16.50786888803772;
  -2.595943687563024, 1.420032789431201, 7.886268664562877;
  -2.370747752244764, 1.451022252557124, 7.347418939396645;
  -2.611803207555444, 1.421057782982749, 8.038293711310288;
  -4.482563326759025, 0.4631141601627237, 13.38516198975442;
  -2.138402958412725, 1.500514045320806, 7.277627624218185;
  -2.205729142565854, 1.454571825041855, 7.532616108632556;
  -2.302129106624482, 1.432185463642952, 7.885965946817933;
  -2.064458185361737, 1.477470208342988, 7.242348340643384;
  -2.026942807425485, 1.514001096325955, 7.313754142960848;
  -5.530380658466973, 0.6799047292499625, 18.40883893560032;
  -5.205123980786805, 0.7368837555268973, 17.41932798473011;
  -8.600216390751157, 0.5356546045222776, 28.51344389059962;
  -1.929125667616355, 1.5168127598626, 7.192051885283783;
  -2.835305027187024, 1.321862702910373, 10.13037731195162;
  -11.18602511629265, 0.2392957183406276, 37.27388135972653;
  -8.821652525206064, 0.3931036534669429, 30.18621725729931;
  -4.294545563125553, 0.7669746396044939, 15.2517872298496;
  -1.906157063318127, 1.519784882882905, 7.301458057009119;
  -2.33471344062477, 1.373543153190246, 8.810412453687269;
  -8.241317516128975, 0.5221726680813104, 28.73639481974939;
  -4.96256011063713, 0.7476468819076222, 18.08388956108276;
  -6.573153822979317, 0.5861581681617631, 23.6692726197793;
  -2.665082319255518, 1.31639649367292, 10.20529617029295;
  -1.750867663450564, 1.49989593068944, 7.167939528086824;
  -7.781272422016796, 0.4417088781086789, 28.94227766534391;
  -1.674129328194915, 1.493734184669118, 7.043194583708077;
  -4.510949491623263, 0.7506346036475697, 18.6694181468331;
  -1.620291757063666, 1.464137002931162, 7.366159777280083;
  -7.102417700807424, 0.4733886022640187, 29.2243659607335;
  -3.685748137711066, 0.875427171668096, 15.70718704883011;
  -1.981796521902645, 1.404843155076032, 8.938789249241147;
  -1.561285727483279, 1.442513466589635, 7.381988953420097;
  -1.48343680976322, 1.458983453855975, 7.305326568661858;
  -3.349926093428327, 0.9687565387634903, 15.51315635216516;
  -1.946817843258139, 1.481973363625684, 9.61545836017627;
  -4.816061482722171, 0.6663020304629146, 23.53112469156864;
  -4.488079744484714, 0.685587833641538, 23.10822727691012;
  -3.263087462250842, 0.8435258905979757, 18.63105935817593;
  -3.7849580470639, 0.8542995973778376, 23.41360544592767;
  -1.945735435532948, 1.406396827695569, 12.68509520939129;
  -3.720635594069032, 0.8739834318837583, 23.75985426559816;
  -3.303710206513586, 0.9660288207395132, 21.24411944384124;
  -3.660088509364559, 0.7412167125035613, 23.49496955728623;
  -3.274184210033069, 0.9229131797159536, 22.46186244119707;
  -2.840580942403098, 1.048876249717852, 20.9927860104437;
  -2.807022280962553, 0.9710298650204892, 20.96661625580574;
  -2.743712512574887, 1.059202996854485, 21.74067082582032;
  -2.607783151772787, 0.9985888598481373, 21.62179689744038;
  -2.296700123522057, 1.42390116652149, 19.55320982326187;
  -2.548917631252315, 1.094556306187107, 21.69724480890016;
  -2.118683366599745, 1.217803325995071, 19.15858873062235;
  -1.867036462763219, 1.305360092523679, 18.3154417575885;
  -2.177929793671714, 1.256108337310739, 22.30094687150475;
  -1.653818633416032, 1.257211331738029, 17.42928860074682;
  -0.9409196755243467, 1.431201023870359, 11.07985470333097;
  -1.332450674951739, 1.349201447130646, 19.43658424867483;
  -1.014800741980671, 1.375107651227043, 17.41221274275032;
  -0.8268057246032003, 1.290758136853696, 16.47266854627114;
  -0.7298001991713004, 1.314048014868022, 17.27075320410937;
  -0.1096010391331186, 1.47576113161673, 7.326187244031253;
  0.3231789412443141, 1.296356651872685, 19.80208187533945;
