m=[-6.519138982730603, 0.3935539376930328, 9.027821632674861;
  -6.595491845882846, 0.6758975994762199, 9.858814540710659;
  -5.797393754021378, 1.114665845018763, 9.141643547567815;
  -9.733279678998738, 0.9462499117075511, 15.66195988254918;
  -3.970949042648233, 1.315097890727247, 7.766867314206728;
  -5.267473269838752, 1.120830477532157, 10.33179090575675;
  -4.034002401706639, 1.276944006273777, 8.465902479435544;
  -5.644341994581227, -0.8921489426680701, 11.78132815575759;
  -12.59548446803509, 0.9084042739667709, 25.10652934574996;
  -5.679451788534099, -1.100852259186124, 11.90579702122028;
  -7.38066234997652, 0.9724485709216091, 15.5559979767182;
  -7.517501251673802, -3.037398623130863, 15.93219389154215;
  -3.262366991087375, 1.420954192003109, 7.562796210681255;
  -8.041836178278157, 1.008149450941801, 17.2972377008099;
  -7.654423540991258, -3.151348549846871, 16.5947276663883;
  -7.037985612326098, 1.025141529794725, 15.8556236542526;
  -6.593061105706362, 1.045842543049343, 14.96458709927203;
  -4.350085040957392, 1.199715256623047, 10.26504786194188;
  -9.098436425586863, 1.024383755612106, 20.66963443408765;
  -4.645643059157271, 1.144448791200324, 11.08929580527927;
  -3.800645734466318, 1.256135268486668, 9.258254104990803;
  -4.85163859804326, 1.084168956855429, 11.54425209500942;
  -9.408498498488941, 1.01850232001453, 21.84588599238754;
  -4.548480334770389, 1.14754929264003, 11.08733981887727;
  -11.99521357285405, -4.182033374942517, 28.22840658670722;
  -10.81975377739416, -2.853062173408496, 25.91846744544209;
  -9.740841545345196, -3.866009422173268, 23.43346343105307;
  -3.684584786396283, 1.288420056843083, 9.664645533928503;
  -3.189250485231485, 1.427686801015119, 8.560223437778436;
  -2.871413363163192, 1.503596457244574, 7.917711619511946;
  -4.10872420084899, 1.187065644863269, 10.99515708477807;
  -5.638569552508497, 1.064504564065625, 15.09595498091803;
  -3.758071047089937, 1.262910961052591, 10.47094078153828;
  -3.617499448621302, 1.251845688719092, 10.31956935712785;
  -7.746882259424382, 0.9986177545953928, 20.94891134312475;
  -6.070560285779943, 1.036042340602727, 16.64824331248022;
  -2.757602211843336, 1.558950842290031, 8.122495391584774;
  -7.185974699622883, 1.015448018527939, 19.56030607038822;
  -5.6722674652299, 1.053893482370269, 15.81109990194385;
  -9.683443336190916, 0.8702001183448271, 26.29865813881868;
  -5.841619679421016, 1.033594776500117, 16.36290952740579;
  -5.450093096367042, 1.103174236294809, 15.37464809962317;
  -13.8927329394605, -0.5508300723155903, 38.05801934085299;
  -9.27744540171545, 0.9713163987418634, 25.78925924761671;
  -14.617396274369, -1.096974609071736, 40.05213783807785;
  -5.800929728512115, 1.036687370197487, 16.60376418032759;
  -6.183501998515524, 1.014631842489223, 17.74818656531221;
  -17.31553006982408, -2.197730134700787, 48.00117854802951;
  -14.43636149039974, -0.3092602941675862, 40.56369321252156;
  -5.232387257468748, 1.103232360606266, 15.39343204186922;
  -14.03156113626642, -0.9614214543805425, 39.63519529787655;
  -14.38187481039297, -0.520216093894998, 41.40514905837835;
  -13.24542491293443, -1.034519574940034, 38.28464700530082;
  -5.393129352076096, 1.05884149634408, 16.20079013828885;
  -17.46098726563101, -1.70903761315978, 51.05634924397121;
  -15.61053919604213, -1.829734965767224, 46.32104623963169;
  -11.99311403463444, 0.1068933720157812, 36.36043907190084;
  -12.84417312380369, 0.2870165781014256, 38.99103511676947;
  -7.539017303991079, 1.012146150318809, 23.35337992079068;
  -12.02420479386438, -0.3934929057158205, 36.90984859918629;
  -16.13738801507967, -1.173446660203504, 49.41057744061981;
  -4.729764967956763, 1.093144051526574, 15.47541424328573;
  -12.21478125908753, -0.4006607406417865, 38.48060694368563;
  -6.602610902723561, 1.072360508059494, 21.27520913388639;
  -10.82239121612097, -1.213125726891262, 34.23440820180723;
  -7.965284318881258, 0.9467704803737693, 25.65702788406153;
  -11.55262926383992, -0.780571493517909, 36.85328726161323;
  -11.22374363911896, 0.3676190636621617, 36.07642068819757;
  -7.360120439330724, 1.033088460855298, 24.06365489324776;
  -10.96927916249958, -0.4915065703591079, 35.4998972470488;
  -9.53897357109023, -1.025000794009877, 31.09307564495034;
  -11.13282081735058, -0.6774304244806003, 36.43008007730593;
  -11.82751009898883, -0.03156364169680159, 38.64327137912311;
  -11.35754940448842, -1.012262695386166, 37.19373593081532;
  -10.82952583449599, -1.242628654889444, 35.64499438230834;
  -6.981775137848214, 1.065838562828385, 23.60095729435933;
  -11.24351191299475, -0.01386156422494407, 37.48960510936517;
  -9.706245948219882, 0.9695614662898628, 32.96366525882348;
  -10.0970781875654, -1.033294581586981, 34.37804760705367;
  -12.87274639743037, -0.3911969261861594, 44.02983966274852;
  -7.141194219496653, 1.00344669661161, 25.0919185739543;
  -3.845358811612401, 1.205929113830368, 14.1416281441663;
  -4.131983216037726, -3.228975569617135, 15.24070865075742;
  -10.42820696033149, -0.262202538543587, 36.90993237734884;
  -10.5132619511207, -1.077681369152382, 37.29476251784588;
  -12.63216867566514, 0.4927583637297534, 44.73237561707556;
  -4.571232947683019, 1.073371572311141, 16.86347306576852;
  -10.28749197192897, 0.03747462238297814, 36.74071810547098;
  -11.16501696054432, -1.298144494858946, 39.94814687638102;
  -4.339796469906016, 1.18821438539551, 16.19285495317112;
  -3.657239494928115, 1.214782295422173, 13.81672011466656;
  -4.307496105253051, 1.107078517229292, 16.14122759294809;
  -11.26517827299987, 0.3976002975191104, 40.68047983756623;
  -10.2628507540395, 0.2198483233421101, 37.34002072578954;
  -8.435251541492946, -0.3930806210429, 30.88958803835804;
  -8.554697804497307, 0.005207851699280996, 31.58023305399817;
  -7.562496009223111, -0.2389709451740871, 28.08071358598647;
  -10.0177860213445, 0.7655934102539801, 36.93881157781115;
  -7.01747565542099, -0.7942134879738724, 26.29215140892909;
  -6.406914230005743, -1.096103560368825, 24.31810652019045;
  -9.304615435569058, 0.2293349707761935, 35.16427354627278;
  -7.074482532510914, -0.3491245303637227, 27.01684915240026;
  -4.324362009015339, 1.104333118415643, 16.9731708022923;
  -5.85214003001222, -1.409390380908274, 22.73810316148235;
  -6.889880400666486, 1.075452440333184, 26.66091900731368;
  -10.10522809047718, 0.1593241937755281, 39.1857549745015;
  -5.700510434565238, -1.360299806861574, 22.5572902483838;
  -5.640354487825277, -1.456829334400555, 22.40696095004093;
  -9.64858111566911, 0.9539979865321433, 38.11143615350872;
  -2.289495999436311, 1.515990486065552, 9.911876551255626;
  -6.628270646879805, 1.032105574552358, 26.83792258471597;
  -9.736210340110366, -0.2304347349107741, 39.5570557164808;
  -12.50441856294695, 0.1608585287395438, 50.65233926961204;
  -1.882536347394354, 1.715716017407126, 8.498049207371789;
  -11.47099679455554, 0.5714421709866432, 46.72891546179898;
  -3.575061684375407, -2.455634588070072, 15.22415706341349;
  -8.918031655919783, -1.038659962981023, 36.74094771634028;
  -8.505664448549018, 1.046107561662265, 35.37884405785577;
  -5.035011827410261, 1.042985228888518, 21.48160904020284;
  -10.01065134290004, -1.417671594239275, 41.86268469927883;
  -3.728383119468405, -3.09146016980447, 16.25518972371028;
  -7.137051760439611, -1.138693834371143, 30.6948597825006;
  -9.955079313756142, 0.1122628093781603, 42.47696871695793;
  -10.58219332195257, 0.7862609614876509, 45.57052413955869;
  -10.67648006262904, 0.2240853854788188, 46.71224941305923;
  -4.436524716513392, 1.086059921382624, 20.10169730173376;
  -10.0495696966376, -0.9230494866107919, 44.48309176562478;
  -4.478073210663768, 1.019387396304657, 20.44082444607399;
  -9.781210898240177, -0.379741519897632, 43.4822352110149;
  -9.386801868123262, -0.6614420951187487, 42.17339730586265;
  -4.280747641743055, 1.161443530358102, 19.81766999551502;
  -9.567758099653638, 0.270425557885326, 43.74475731078532;
