m=[-10.82022504179289, -1.113909451147756, 14.66111768484773;
  -10.63257637194781, -1.216063966990021, 14.5566063965151;
  -11.60400357931193, -0.7333086398426753, 17.16115573837121;
  -9.818780566478537, -0.8798497009578824, 15.58532882147248;
  -17.254194238086, -0.978798814896152, 26.76689909099756;
  -15.99542376734523, -1.359478304331823, 26.61602959162496;
  -14.35804257363245, -1.320556578376577, 24.08477052893893;
  -7.146857165164597, -2.272861625197684, 13.09884662653015;
  -3.656772209401284, -0.9477316737632157, 7.933780808597233;
  -3.266047332369519, -0.774814975034822, 7.91973145717949;
  -3.216269645046042, -1.005706722557639, 7.866570751483768;
  -3.213715877913239, -0.6653666080169807, 7.956749346366371;
  -3.474672154380165, -0.6059494015784468, 9.589307548203202;
  -5.374160974402715, 0.2975070761681707, 15.45432937303263;
  -5.548471267561105, 0.2362665096805299, 15.96274066456943;
  -5.413106748228296, 0.2293846750935112, 16.11940468869907;
  -5.147795301222407, 0.2961746236533853, 15.40987019221571;
  -3.13271114699282, 0.3605759630323317, 11.56004872828876;
  -1.360028976534013, 0.7720698445013324, 6.060508591108278;
  -1.327637001478383, 0.7463048834537384, 6.138457155361476;
  -1.061944335232274, 0.7820491474135305, 5.210380054062819;
  -2.398237213515813, 0.4343813744541591, 10.7080927911146;
  -1.496174023605399, 0.6600583679783976, 7.498486351783161;
  -3.815519679665397, 0.3074377458105581, 17.72088104227878;
  -1.097901409311007, 0.7837067284677639, 5.918289619002902;
  -3.297822466999781, 0.3117337423086807, 15.99880616739691;
  -2.217085325902788, 0.4315102238165701, 11.11499319048923;
  -2.332111031061516, 0.3978945556390355, 11.74803598904595;
  -2.487829704704443, 0.3106462619846749, 12.74895127709074;
  -3.651312911679582, 0.274981305853336, 18.33294888142271;
  -1.040431332334256, 0.7718166568315683, 5.946250791589047;
  -2.055460884914664, -0.8787421748086431, 11.10274624129598;
  -1.013753171061358, 0.765175034886271, 6.124639473451541;
  -2.674572755539679, 0.3300085383009688, 15.62565902934764;
  -2.285916100156031, 0.3647836676406074, 13.64349422669785;
  -0.9646451177134851, 0.7717028747725656, 6.354881451362191;
  -0.9068590729110369, 0.7577307339371668, 6.219978276330572;
  -2.467446970981654, 0.3168014573505065, 15.64229790381619;
  -2.204309281136864, 0.3548789569241387, 14.68057926639389;
  -1.746791830423651, 0.4501429891816411, 12.00114029107253;
  -0.8325557514093107, 0.7603940161731451, 6.254383644556853;
  -2.231636584514448, -3.725769112080036, 15.53261370291444;
  -1.975837910210525, 0.4070758715029121, 14.46605070387278;
  -1.682720396339953, 0.4672689265596846, 13.27424811329815;
  -1.233086686015865, 0.7285400209211947, 10.98533975433002;
  -1.325278455117906, 0.5419523532213444, 12.92365843120946;
  -1.135024250906225, 0.6119008200805958, 11.9045757181835;
  -1.276540066430827, -3.233675854695806, 14.19268686782961;
  -0.997886272484442, -3.042588118789924, 13.21290805166525;
  -0.7698175154972513, 0.6756843635220249, 12.18378287996436;
  -0.7796986638578686, 0.6379938503438036, 12.89605286190464;
  -0.6348352964294817, -2.579033937383747, 11.74139943414488;
  -0.6582014161592298, 0.647478743708833, 12.9477191908655;
  -0.4867811578032997, 0.6515874684208468, 12.66312778724218;
  -0.1181494399622555, 0.6148227461097527, 14.27286558872484;
  0.04831992078257735, 0.6234409468506917, 11.91032855129627;
  0.06349705090123969, 0.6023032962639011, 14.52844226887667;
  0.3707445036535237, 0.5749278268288296, 12.65811664060586;
  0.6573284332235748, 0.3776545889814841, 15.86231630854361;
  0.7633787496987035, -3.548566372511292, 16.44920843884961;
  0.6514963763031026, 0.2686519036009208, 13.72195572249581;
  0.4808862042511048, 0.6558484941378111, 10.17076144098903;
  0.792652921085526, -3.589772881768559, 15.87416109536255;
  0.68453781730601, 0.576688887602252, 13.62545842430018;
  0.7412531394675412, 0.4949796597776753, 14.45595635051661;
  0.7972769960119314, -2.992641090547127, 15.38332294441692;
  0.6406485607977259, 0.638696076419791, 12.45374898452999;
  0.8370081200837033, -3.001953840078222, 15.90997878555278;
  0.879842837963388, -3.250858168360507, 16.19600067966781;
  0.751219781674705, 0.5247129518027652, 13.7873646694323;
  0.908974631910844, -3.301952615620124, 16.0145283439084;
  0.9031393717572599, -3.738953941469786, 15.48431978924528;
  0.7891034240834091, 0.5677971100765529, 13.44246665314859;
  0.9392088572386647, -2.978882849600195, 15.66097653013985;
  0.7116864976521321, 0.5736209752286449, 11.86446741298873;
  0.7702979828510543, 0.2827300328658644, 12.62574374847819;
  1.022310491954799, -3.201762540419164, 16.1581501391425;
  0.7770566395258653, 0.03142356769300441, 12.46091482167632;
  0.7981450691470683, 0.3439682966944197, 12.61504801227774;
  1.080425543658518, -2.355777015082792, 16.77392501778509;
  1.104314438008293, -3.045463830683677, 16.61201207254704;
  1.097006501286329, -3.117457868150432, 15.98337126147458;
  0.9696228571248172, -3.040206925383129, 14.45984089109968;
  0.785650398081419, 0.2236895944849775, 11.39396089281697;
  0.8045503869769878, 0.1133749331430083, 11.44245477562348;
  0.8191802901481151, 0.4682700409819224, 11.60038909629893;
  0.8163977299178287, 0.1606637291993444, 11.40017470248984;
  0.8625037620883145, -0.01951113347839063, 11.69004190158364;
  1.211302441636982, -2.613848859519743, 16.07487302498851;
  1.245591987414481, -2.458059662010357, 15.8054326186088;
  0.9056445720197003, 0.04115233493876157, 11.70600726598901;
  0.9275453909746854, 0.1506113203122305, 11.35426967461254;
  1.378296899399468, -2.563935769418795, 15.9839644474489;
  1.356808692614884, -1.653943694612482, 15.75965832102088;
  0.8460682132913008, 0.1840845751138579, 10.21571801319909;
  0.9787993702956076, -0.05973012909711177, 11.60173578481243;
  0.8372030021748155, 0.2239834306076156, 9.980592978841512;
  1.422274169902411, -2.151559526055577, 15.67020877339743;
  0.7966042301625875, 0.5055418638986524, 9.255560536679582;
  0.9547032345938503, 0.01646394470713656, 10.80809379316625;
  1.519172813164364, -1.844244472868964, 16.23062870083621;
  1.03443239877276, -2.414805936422867, 11.38153467168207;
  1.126926564796013, -2.934718534234747, 12.29780962714663;
  1.500489370915082, -1.955946259773944, 15.96963842422694;
  1.41815927940285, -1.232562096712178, 15.14869344822372;
  1.037906978922596, -2.559300092444062, 11.13969082768555;
  1.14117023906589, -2.364314329333598, 12.0619511128209;
  1.575305863530912, -1.473031854110945, 16.11586806724202;
  1.677945242263028, -2.280270597136905, 17.07443738413967;
  1.898949087374115, -0.6529415202333553, 18.93185977123157;
  1.555638299480412, -1.900204304853166, 15.67704087023163;
  1.736829674583299, -1.392569727319589, 17.2690714133472;
  1.153944354799549, -2.275943948519803, 11.31305916505357;
  1.690855591340602, -1.721001285009359, 16.0250069885831;
  2.274682697726327, -0.4966295737479101, 21.1106970800858;
  2.139826590429783, -0.6859944357780972, 19.47881549357933;
  2.069424604174255, -1.020947997248277, 18.56957186481195;
  1.923954865611496, -1.143207702243944, 17.13580062966024;
  1.910943609151306, -1.343485798556628, 16.69784508820178;
  1.037054227028807, -1.643422030540261, 9.514380011702826;
  1.108816678323596, -1.981438540566358, 9.995974788768233;
  2.317896303342732, -0.7775388291374012, 19.63647712785269;
  1.887159526953758, -0.962159098619249, 16.11952286863278;
  1.070446432892467, -1.68547591272621, 9.549641387059261;
  1.37291316346538, -1.688755273530141, 11.7366191630199;
  1.127993165477884, -1.673165626651201, 9.708810976592529;
  1.970747124456468, -1.061741491496209, 16.17634872964331;
  1.231529296252542, -2.105989104543669, 10.22338954337001;
  1.186064605951938, -1.778549854192843, 9.803068534328643;
  1.248956983170253, -1.987601967424308, 10.2642824451458;
  1.219424618288038, -1.58625536901934, 9.827336356964304;
