m=[-10.44756132069986, -0.7694944284644423, 13.65633377295784;
  -12.69476705601263, -0.6723457597278281, 16.43432599975313;
  -10.35202983701926, -0.9944897599339214, 13.59883786758379;
  -10.01346114747386, -1.22583639488952, 13.27525538202876;
  -10.13036311931228, -1.086093113851877, 13.43429304374731;
  -10.02120944040586, -0.9222275897375857, 13.3634401070049;
  -9.719110327159257, -1.061573033401072, 14.61264719883015;
  -15.89543006048837, -0.7785726290134971, 24.29073056351747;
  -8.32010456905839, -1.125439676031644, 13.4205185970316;
  -3.642612536593498, -0.2532494545751814, 7.511801710608249;
  -3.415606701197645, -0.9314623921811335, 9.245660259553306;
  -5.370222914615879, 0.3111399123445598, 15.02867325634404;
  -5.11429352872053, 0.3484468779816335, 14.55009342117261;
  -5.094649062624718, 0.2972006819429988, 14.77880032740322;
  -4.838999581938956, 0.3564806424409382, 14.09551279743442;
  -8.423475585975508, -1.134427307829906, 24.09325434582207;
  -1.072684413119965, 0.8080570874861025, 4.542320652174184;
  -1.309295612780307, 0.7750277306776076, 5.600063545998279;
  -3.703512849424983, 0.3455083316247871, 15.2158011856346;
  -1.141170465130212, 0.7145410924547277, 5.502026604799925;
  -3.582661758038694, -0.7242219380050876, 16.03192123112677;
  -3.447565703102624, 0.3646872801394909, 15.64872228205522;
  -1.041970454524758, 0.8127897620978738, 5.498661958635681;
  -2.074578241521289, 0.4647440119731695, 10.00654517547107;
  -3.191625509650461, 0.3842961603121, 15.07466862815324;
  -2.96700864407755, 0.3027878130102853, 14.63354727408833;
  -2.068975504117879, 0.4392792274798856, 11.98271099051861;
  -2.139350739782902, 0.4100187789620124, 12.3992999208548;
  -0.8489528886088962, 0.7713012595401676, 5.801300146168122;
  -1.62422016711474, 0.4835328959584905, 10.79462039565795;
  -1.893833168639416, -1.026440256320446, 12.49330330885932;
  -1.587841353139065, -0.8325072754467948, 11.97743507213775;
  -1.740200721251773, -0.8879013909675405, 13.95240765933726;
  -1.810407584434779, -1.885747792077382, 15.68453973804166;
  -1.002156586164222, -1.620212342533476, 9.739445580589024;
  -0.4392792267693433, 0.7771477458588533, 4.967842827824793;
  -1.420698588730425, -2.681972453710125, 17.38063388822675;
  -1.223562852782734, -2.463886401876632, 16.30908061177124;
  -1.001080454659621, -2.262776788449259, 15.18565612061167;
  0.07333459334903915, -3.107616735019879, 21.16379293491821;
  0.1944140834717332, -3.137199467797533, 21.34454998532885;
  0.1984747715079061, -3.025694190287282, 19.95206264898629;
  0.3301069911227692, -3.129837810803068, 20.72923603653995;
  0.4564055274063064, -2.923475350886641, 21.29403761374188;
  0.5029916887575741, -2.887640383037854, 21.7335298147421;
  0.6520012007868447, -3.089996354784262, 27.34264089184385;
  0.5422627227151748, -3.238617102651455, 22.36997454656133;
  0.5897862410948283, -2.994176036915935, 20.76965029984873;
  0.6372820814660466, -2.655501670736374, 21.88734814601312;
  0.6509633763869891, -3.222226026052434, 21.78795247244273;
  0.682400242740029, -2.753607432703564, 21.90162709721155;
  1.029224764048671, -3.123672942150508, 22.60050411358913;
  0.6397274130089602, -2.887541005493676, 14.32405946340901;
  0.9115757682027235, -2.935397958487945, 19.84994564983769;
  1.040510677644173, -2.369909456088302, 21.77120892778002;
  0.8038062301406018, -3.516013329969116, 16.23979054460316;
  1.120976191913897, -3.098590120528107, 21.86126219584124;
  0.7123945393311856, -0.01511342501130976, 14.26297635836779;
  1.08920926041845, -2.314997729988663, 20.84332469575728;
  0.9057984379343103, -3.866569519071083, 16.98350369017971;
  0.4750513996642011, 0.6824959292473274, 9.289148186802773;
  0.904175126441958, -3.513329410496388, 16.13478690684722;
  1.161690331005125, -2.661860487338805, 20.16254786626563;
  0.9976717694132252, -3.063337459283743, 17.84750546039044;
  1.296723879382875, -2.604855847089076, 21.23117072684655;
  0.992138634252823, -3.396696939093628, 16.41402992241742;
  1.415556713564627, -2.332835281301898, 23.01406304958601;
  0.7850350170603671, 0.1752967810103664, 12.91997686898349;
  1.203558076639204, -1.652481317660738, 19.39821920703392;
  1.326939630407036, -2.63579631096703, 20.67479456208757;
  1.047077126603761, -3.139542318629585, 16.46031411284292;
  0.6878515411555182, 0.7287763688600154, 10.80951901131127;
  1.050253558154957, -3.402942882100695, 15.91284348609455;
  0.8033849228375646, 0.5343788250849737, 12.24227756623902;
  1.123373306287362, -3.333960500409263, 16.78031957329188;
  0.9569282883392062, 0.1123529793037285, 14.37837959183277;
  1.311954230103447, -3.087268713757491, 19.25279677612976;
  1.523630951547658, -2.060384683610785, 22.25845797963561;
  1.247509950878971, -2.046062148647057, 18.2203153852317;
  1.274912726580225, -3.253945892307522, 18.77553860071724;
  0.8703513744408427, 0.4324570757773027, 12.87458407006361;
  1.108280863567431, -2.860920920174579, 15.68371752482087;
  1.2062626485476, -2.7937430521489, 16.94128251980023;
  1.356824441191363, -2.045726237558661, 18.97348327805313;
  1.572171386260028, -1.799304900727405, 21.0807340283686;
  1.259893924287725, -1.9947955252027, 17.20566548298791;
  1.220113388645186, -2.897987245028472, 16.4546307733832;
  0.5454677326314571, 0.7290749083176549, 7.830316688690736;
  1.55865112313061, -2.053830430391922, 20.1280473262798;
  1.383972127138258, -1.930174471967073, 17.79484445808892;
  0.9014621107734776, 0.5623748284825004, 11.91379803802754;
  1.389632782513397, -2.744030378252304, 17.72593652588971;
  0.8320998042123237, 0.2224448711647633, 10.96977306784658;
  1.474760559445263, -2.70338384317992, 18.37669743014759;
  1.524156991304555, -0.2242864998339865, 18.69065326815753;
  1.394576794919163, -2.355320634924358, 16.49797877090085;
  1.426137637458222, -3.14020202288941, 16.75112770355832;
  1.499137492709529, -1.904720461661158, 17.57780402078327;
  1.489524259898801, -2.260708688471342, 17.49834174164045;
  1.692439603402974, -1.71165708799534, 19.34640932798411;
  1.56186108814613, -1.706769454761273, 17.98845223327243;
  1.884767887733953, -1.504306076689497, 21.55176897043205;
  0.9573963646814352, 0.2151071072756248, 10.9970230971157;
  1.495757907544452, -2.642499891899129, 16.53612334311945;
  1.511543268895669, -1.715488920998401, 16.72408945272506;
  2.386729098807119, -0.7174753610636746, 25.4839895852951;
  1.096239185005516, 0.00399995610867484, 12.20082384189498;
  0.7677903901427619, 0.6859834781517732, 8.825970368309125;
  1.54899818296348, -2.060089249265483, 16.76079834008139;
  0.8543300167628075, 0.2370540768446333, 9.648935765947378;
  1.787115732349764, -1.755605416873721, 18.99308888106853;
  2.040689861230381, -1.606477836041102, 21.60240706325754;
  0.8829931183354659, 0.6540911816071401, 9.834520027201846;
  0.9371559948508086, 0.483842855727738, 10.34736612530391;
  0.974747802996173, 0.4569512798090897, 10.63044078512739;
  2.101710322676972, -1.371511745471878, 21.77268859001313;
  1.991825575730612, -1.813300561999957, 20.44577655717322;
  3.093278927075304, -0.6306200770206163, 31.19184521018565;
  1.71961421077488, -1.955942816877457, 17.52469203842985;
  1.678400856220197, -2.057602028669069, 17.04783321860719;
  2.686344365641245, -1.169373019904336, 26.4214322529405;
  2.637203319796726, -0.9234326935502452, 25.80889884940635;
  2.180699435374275, -1.516475700822861, 21.10293297160612;
  1.6044916473793, -2.065259042379326, 15.6847986135051;
  2.39309469682894, -0.6884589569528729, 22.8798212453352;
  1.846556143732463, -2.003030173088807, 17.68262752972558;
  1.767589237952037, -2.032756755137549, 17.00634743541361;
  0.8416463944453969, 0.6775067151304184, 8.620997242878437;
  1.935584815485975, -1.425514531857427, 18.42791807966126;
  1.859826863383569, -1.613937189944461, 17.04281577701941;
  2.905442722671206, -0.4916725624297884, 25.99873898813663;
  0.9635657229163622, 0.1085621342542637, 9.257184908978024;
