m=[-5.841179029373942, 0.4904919527358728, 11.12048305847184;
  -3.788564580863249, -1.590457523072349, 8.874153566314751;
  -5.120584091679461, 0.4980783437107026, 12.1359681440954;
  -4.941411836100859, 0.4181044088647872, 11.96757924269437;
  -4.826801150734451, 0.4995849441746038, 11.79439730485517;
  -4.868104119910156, 0.4772994757959125, 12.07336726248531;
  -2.731747939763435, 0.5157262179130782, 7.313618025610447;
  -2.894030054317073, 0.4942739501818977, 7.780622372144584;
  -2.759926829965791, 0.5127876842461089, 7.693127853743703;
  -3.50585560021412, 0.495411446782485, 9.542979407145923;
  -2.631524611989509, 0.5326569845307123, 7.423499775041525;
  -4.574172581230053, -0.2282379515451138, 12.43358977199032;
  -4.731910482151272, 0.425231905491266, 12.85109973726969;
  -4.56050009627363, 0.477468563615082, 12.67718797459423;
  -3.722925701621879, -1.473416878199429, 10.6381188523176;
  -2.613388222719486, 0.5130905853773133, 7.850535631943555;
  -4.430215655952718, 0.487337462813543, 12.90026822630506;
  -4.537924681697323, 0.4593615285854555, 13.65752129878919;
  -5.95441298745448, 0.03419130004925378, 18.05407485622947;
  -6.24640087061707, 0.1395824072171451, 18.96218879581119;
  -3.830557860030957, 0.4553081798529446, 12.33863423975418;
  -5.597587617289893, -0.1836081672671885, 17.63425511803762;
  -5.284585991806155, -0.3570613308919484, 16.85801224698836;
  -5.215269184363567, -0.2336834565273264, 16.87818473920744;
  -5.091650784478103, -0.008552241928703833, 16.50840878417609;
  -4.838143806201118, -0.5198778679835809, 15.77033107663449;
  -5.342491853558637, -0.3250898028018093, 17.48230832334673;
  -5.350567449646727, -0.4768792664273552, 17.52205389690227;
  -5.098177887949984, -0.5849879328151797, 16.78046896542107;
  -4.733207250226337, 0.472802295167979, 16.07458333834122;
  -1.761106104999203, 0.5849659339181408, 6.6532996208614;
  -5.195374693203165, 0.1112940685593788, 18.90268146461072;
  -4.913315467491436, 0.3754923429583844, 18.11698052736537;
  -3.19862692614521, 0.4992787876412969, 12.37733145619202;
  -4.596148384662072, 0.1617779919721649, 17.6166630855049;
  -1.48710594944056, 0.637312501499024, 6.369645914364448;
  -5.311939923493179, 0.08375076130069099, 20.59848371729795;
  -4.749870580596065, 0.469640760216863, 18.7617627089061;
  -4.867296294195423, -0.1151982231386757, 19.77524149256685;
  -6.228633169264696, 0.080125978079073, 25.23066857426122;
  -5.428291951404535, 0.2704172089850295, 22.11300379924608;
  -5.175432945396086, -0.3343899086922452, 21.4158663180946;
  -3.214177001564289, 0.4945162468413034, 13.75985630701126;
  -2.127572917451832, 0.5208292127535951, 9.639938804982922;
  -4.742607007022661, 0.3523774922505069, 20.42327904269363;
  -2.160032111717659, 0.4917091362094844, 9.859784580645242;
  -2.061409901304629, 0.5592974390593855, 9.543272476792831;
  -5.094776092712321, 0.1069327023482101, 22.29090956480143;
  -4.6620756745019, -0.4282100316523457, 20.63606167302286;
  -2.889322083049914, 0.4813262146552086, 13.15400815589293;
  -4.796507987892015, -0.1862175606346405, 21.32280866764225;
  -4.993755216294838, 0.2561700662400281, 22.21194241030411;
  -4.622628555461859, -0.3257340635966534, 20.76872969152127;
  -4.238980173046949, 0.1198116179591283, 19.3810459026846;
  -1.873534795091536, 0.6101668871589741, 9.136781997292006;
  -2.123892459081045, 0.4820379783903072, 10.24533943079498;
  -2.589621145866881, 0.4619093659087817, 12.39032307213766;
  -5.693559902206907, 0.4606933036400397, 26.31274371115486;
  -2.000414330660683, 0.527848983426139, 10.08278539077377;
  -2.896683045158069, -0.2423360701777617, 14.29678329153113;
  -1.682741849811957, 0.5979141629265706, 8.834711637053447;
  -2.527471098495986, -0.5752955911371995, 13.11053815953965;
  -3.308185086516283, 0.02914139677373499, 16.8286201036381;
  -3.090304480353835, -0.7319748024371092, 15.80550628086649;
  -2.710732662565139, -0.5015197732769202, 14.05719002215682;
  -3.974875863800452, 0.2854481780784512, 20.16542070977544;
  -2.114443143587213, 0.5355891547492478, 11.2154188289273;
  -3.398663282720677, 0.4053630045364839, 17.56225261000144;
  -3.287956423562636, 0.491991878840724, 17.10360274984053;
  -3.358751768743163, -0.04647203594920008, 17.54828567466511;
  -2.524650404757314, -0.3972823981580351, 13.4899129550317;
  -2.516198925100313, -0.4757212850991349, 13.61522453399665;
  -3.209270207135352, 0.04280487704199725, 17.08486894742916;
  -2.986385843633173, 0.2346146619365041, 15.99470814621557;
  -2.551578619507755, -0.4541125155784299, 13.83284533831933;
  -2.615417126568433, -0.6242401865068303, 14.16221471480753;
  -2.610093550005481, -0.7076510786265191, 14.17822586389062;
  -2.053962295788809, 0.5756694953824535, 11.36699198081592;
  -2.644903695719252, -0.4012175640535344, 14.49929105515416;
  -2.329888891800457, 0.5234350128336976, 12.90042294488372;
  -2.325795359764603, 0.4915754707933328, 13.31276881829331;
  -2.47499910849473, -0.3987682275893919, 14.22196576376048;
  -2.410543233449306, -0.5480128621695711, 14.08038814565332;
  -2.339818709303261, -0.4808063750826029, 13.70890075457452;
  -1.733780502548038, 0.5383920388681871, 10.53390995097433;
  -4.94357492218677, 0.3886346936298506, 28.42457173244873;
  -2.359460482565022, -0.4450034667580948, 14.11513681332214;
  -2.278769145988163, -0.2196975188411664, 13.6805157883362;
  -1.822162574519674, -0.8089037197780344, 11.4354452573304;
  -2.147645255795029, -0.2147127868765576, 13.33402266972041;
  -4.742594741698473, 0.3028004503443518, 28.25729750343056;
  -3.818969711187127, 0.4949931859497155, 23.38458400257451;
  -2.250084222509765, -0.3185898518260721, 14.43482378297161;
  -1.904452776742753, 0.5589709577866076, 12.47737006395841;
  -1.264598836494442, 0.6780811151054417, 8.64176015016934;
  -4.993307168583436, 0.4869562664457049, 31.44028701655782;
  -1.283949009188361, 0.6594578345233171, 8.881731443650715;
  -1.668977735465291, 0.5844050791585859, 11.374115672271;
  -2.075546277428475, -0.3344118499499909, 14.08426287614704;
  -1.027386001754121, 0.7636865812416491, 7.511751349533236;
  -4.829962812569223, 0.241651343719007, 32.04947971666745;
  -4.405052986724349, 0.2982219501080762, 29.41069577832203;
  -2.027661170678595, -0.2988236673912618, 14.27448298426428;
  -1.191780118034278, 0.6745928676190895, 8.776333454446743;
  -1.51983616468878, 0.6371532533806399, 10.97728169260948;
  -0.971980566200526, 0.7444017776003582, 7.455974316289015;
  -1.5140928992844, 0.6072805668720367, 11.26276063780994;
  -0.946441622878498, 0.7814372163462839, 7.451019011072732;
  -4.140834930373848, 0.5111140210207213, 29.6838889207221;
  -1.224306392220896, 0.6991725330812069, 9.474422019570044;
  -1.478486590600375, 0.603929933453311, 11.36210082411704;
  -1.116187877591047, 0.6991850545457319, 8.850980937478056;
  -1.997312051021716, -0.4615798424947917, 15.24715639597049;
  -4.593956896761976, 0.2089850547412154, 33.80690680016124;
  -0.8927303977449503, 0.8026437182332523, 7.365745455437026;
  -1.736082950131351, 0.536570170151795, 13.49369330158922;
  -1.619361695202246, 0.5711496570265594, 12.75360452917358;
  -0.9369465569815223, 0.739607992292369, 7.827268506452826;
  -4.311944716629184, 0.4008640230490324, 32.81514675947965;
  -1.385836503395692, 0.638107553242678, 11.20866054661153;
  -1.142232351368373, 0.6646380027528149, 9.528314021585487;
  -1.528820668459811, 0.5920673936455023, 12.46628155560437;
  -0.8448541955478568, 0.8147576798095302, 7.508978667592266;
  -4.610838886677886, -0.3997688554114957, 36.88703994600269;
  -1.50260661023805, 0.5808512298035992, 12.7758915211078;
  -1.002685781771757, 0.6906035950943819, 8.957743462126775;
  -1.190652715240387, 0.6827544101109495, 10.76294716185193;
  -1.234595046486275, 0.6609557785102431, 11.27967903336189;
  -4.282719230213803, -0.2561323813166471, 36.93006215075691;
  -0.9728213966069875, 0.7017106029813586, 9.230291400047193;
  -0.7956801484345046, 0.8076270843465347, 7.716150866593123;
