m=[-11.09862277865306, -1.212069544036475, 14.79109263111018;
  -10.92017747350016, -1.098963547157697, 14.80416919341068;
  -10.65893966459172, -1.547801252972996, 14.67561371832898;
  -10.69909210029722, -0.1772750925932678, 14.76178448887444;
  -10.7200681315372, -1.136849872415984, 14.90412850937108;
  -10.72935749096138, -1.204491024687682, 15.01708707546891;
  -10.4899288454535, -1.623929735628074, 14.7535237138307;
  -10.70152295887565, -1.166686212341888, 15.19256119859364;
  -10.08293813442481, -1.533713517735325, 14.48685827258624;
  -9.540432089967295, -1.704919888666623, 13.95043420673169;
  -11.29436709103833, -1.434584805787812, 17.88258138311633;
  -9.702924046635452, -1.45774576293382, 15.62445514610786;
  -14.84392352467283, -1.589400346699888, 25.70993585218634;
  -13.85563732005053, -1.574511343657114, 24.91225817079267;
  -6.034870441203646, -2.647837975888553, 13.76430515772233;
  -3.399862264280939, -0.700563766157013, 8.705341879155036;
  -3.389850932449313, -0.6111183120954182, 8.755641911526562;
  -5.708013007980225, 0.1248999629135834, 16.87285663332836;
  -5.590049892024703, 0.1789109877291664, 16.80396309229369;
  -1.581415824652509, 0.718938948154792, 5.467856813337916;
  -5.528914993313317, 0.1169452913279128, 16.93455526947349;
  -1.437365152689151, 0.5965048539512163, 5.183172903741435;
  -1.396624768420626, 0.7286182845255439, 6.941996984659872;
  -7.000652535132165, -0.5542820419037489, 31.37424465662138;
  -5.570514560895018, -0.2591107695077738, 25.29472074274533;
  -1.122354586039731, 0.7735047984396116, 5.987900864098212;
  -3.530236370069897, 0.1658698297260503, 16.87458953742945;
  -2.8030026258403, -1.056743596189925, 13.70929074836746;
  -3.435699295985937, 0.2028120135940137, 17.0700122311721;
  -4.290527779279657, -1.091697403630804, 21.77936345669923;
  -4.76265529253218, -0.7739391519621119, 24.11994222437884;
  -4.841332824510258, -1.09211823127453, 24.72324303034279;
  -4.905273626847479, -0.9170489238344242, 25.58055124821898;
  -3.535692140614863, 0.06651488700119818, 20.084472392894;
  -3.986468603229384, -0.1977676700684752, 22.77109790956371;
  -3.203963341235419, -0.9036740107625578, 19.01186197992228;
  -2.722369219207272, 0.2145394394010461, 16.34623724331024;
  -1.080087089227432, 0.6771879255525863, 7.105256743617336;
  -4.55546831504526, -0.06512160176283896, 27.53392800766296;
  -2.708258473339441, -0.9520359913665202, 17.28468409397065;
  -2.564385301838366, 0.2057025084771708, 16.68145348505009;
  -2.888707698202492, -0.5491685993814287, 19.91452326621842;
  -3.054583271574329, 0.07530874585031407, 21.00833383487214;
  -1.770434495072589, 0.3635965657636095, 12.62546050156366;
  -2.584661657569276, -0.604461374442502, 18.07691716510988;
  -5.346548365462203, -0.3173089313930156, 36.38735161892972;
  -2.712674232569931, -0.784389505200355, 19.22935148616713;
  -2.873877253237972, -0.9198109579915479, 20.27101494639309;
  -2.044369288164685, -1.245396318066131, 15.02009837895821;
  -2.460148592427221, -0.5366565070276359, 18.18439210437814;
  -4.78448537624646, -0.4118228538561159, 35.04328634713362;
  -4.679362613851174, -0.5530210180752879, 34.78115307143164;
  -4.613382057145013, -0.6623161789756269, 35.33390074782145;
  -4.558439956465286, -0.3539875536972159, 34.93195344597721;
  -2.385219685585493, 0.1156865428128365, 18.90722694404361;
  -1.784778585498537, 0.39250318463294, 14.51674469225303;
  -3.959405273931724, -0.2560525200257487, 32.35923857557279;
  -2.43205527980251, -0.691856181491608, 20.83903459771324;
  -2.085248056517501, 0.2489057024147044, 18.81028887660189;
  -2.793332659751274, 0.01359420319753123, 25.06205681851393;
  -1.635904557851323, 0.3699913097251202, 15.46633897179873;
  -5.310976827273366, -1.559118922207115, 47.95190058462558;
  -2.264764213465857, -1.017957566518362, 21.3921416710544;
  -3.612057338847147, -0.2128906372016511, 33.47478159790754;
  -2.043883510774319, 0.262970329633816, 19.62927525346523;
  -1.433792022554234, 0.4783972476732755, 14.36961387429783;
  -3.584569464826783, -0.7783840883302899, 34.5769834248798;
  -5.259568749008629, -4.262516674798167, 50.33802086242906;
  -3.139423481693174, -0.4150013253250248, 31.41804829800677;
  -1.199976172554204, 0.5462864559139929, 12.98194649838429;
  -1.436585246840185, 0.39114985425771, 15.44934705842522;
  -3.402463195991137, -1.340247149060843, 35.2727950822536;
  -0.9197524957397443, 0.555766195674553, 10.3906173113437;
  -2.569969762534348, -0.04807793468120847, 27.40136802218474;
  -2.867956564400383, -3.485008219648827, 30.72683290830377;
  -1.18313753617997, 0.5260355630269148, 13.91335356494062;
  -3.334359928674478, -0.6184752444779634, 38.0126901575312;
  -2.638361879144143, -1.020801879459631, 30.69424451868931;
  -1.67860875327519, 0.3323662414387843, 20.11979383994206;
  -2.123426112844119, -0.1123290926535881, 26.02580012634576;
  -3.833563261637876, -4.402738399205038, 46.997465266063;
  -4.178719311757689, -5.841669842024637, 51.21354375183072;
  -3.657222447103831, -3.458127532329742, 45.3170907592497;
  -1.286743292397648, 0.5282380457918483, 17.02609154518997;
  -5.823674919373145, -9.013048723756823, 74.04009945516562;
  -3.00282171036865, -4.487084856834341, 40.35390447886894;
  -4.209700570576498, -5.869031381383364, 55.91880748452598;
  -1.909038160528342, -0.03150709833742529, 26.36323590937149;
  -2.430713784203222, -2.78790549794665, 33.40003741844364;
  -4.693365228495725, -4.71569639836202, 63.62904211626413;
  -1.162887362306109, 0.430313389468198, 16.79647483979429;
  -4.440406734111286, -4.375759903771813, 62.14441443208298;
  -1.830674179046373, -0.8276731007594529, 26.87534076996697;
  -1.638681375150211, -1.070595745013141, 24.22429773021292;
  -1.836785146273139, -0.1855283256356276, 28.1444097088678;
  -1.947387237275893, -1.488265465062082, 29.85901566750729;
  -1.489324611771927, 0.189735437338538, 23.16681998412062;
  -1.837732189665934, -0.9739293466136255, 28.3664336553662;
  -2.2328921252986, -0.1059470070661092, 34.80269942438156;
  -0.950792147946154, 0.4673698040438059, 15.61468389791201;
  -2.37293313564528, -2.538861039333624, 38.6382528182108;
  -1.777464847349407, -0.0101568196812672, 32.52650423829568;
  -0.9835806378556777, 0.3042315447330132, 18.61362022716215;
  -0.6869734950843124, 0.565181154358573, 13.80329251041314;
  -0.8243870953627427, -0.1728641636701994, 17.73671428170432;
  -0.5250917164732619, 0.5568614759970856, 13.26829507104789;
  -0.4766994581602151, 0.4613072756783985, 15.5296249733868;
  2.081535145075874, 3.806363410088731, -76.82931517032732;
  -0.1366516241990063, -0.6991992245112962, 12.18207401403863;
  -1.541276206649346, -10.95312251719478, 160.8430427633666;
  -0.2316460941299422, -0.1977382613786773, 24.55884611480387;
  -0.1188965457091831, -0.7469832364274139, 19.96965682545256;
  -0.07603853612119536, -0.3707050005142163, 14.54660733047072;
  -0.02822541873583504, 0.6433501180069211, 11.12741618696317;
  0.01105893960115039, -0.1205861856483822, 7.483010578032894;
  0.0849206001325654, -0.2126795574193612, 12.74007711822696;
  0.1901768948822241, -0.2476059904496838, 28.692894859274;
  0.1437995655436194, -0.1656660593960272, 11.89441223470222;
  0.3993084564766131, -0.04290142811777437, 31.50823043030346;
  0.6366838712031784, -3.987477592538517, 32.60798463754451;
  -0.09415008783117777, 0.02817155429451511, -4.484760501356978;
  0.5544089869540373, -0.02043344934517951, 23.81826923894967;
  0.287071024484887, 0.1985551736509527, 12.04994913040413;
  0.6764810334186371, -2.018992945203781, 25.91004216899653;
  0.5153882280270108, -0.8288967225122356, 19.48663729040415;
  0.8063014563474354, -2.604109920812707, 29.8664824588382;
  0.5456262682549333, -0.2689279145087021, 19.83059365419685;
  0.6640762259592101, -0.001034237940563478, 23.42496626803046;
  0.3609239705020919, 0.4784714808666047, 13.03791142031905;
  0.3883858891994483, -0.04013873911017917, 12.2669446455784;
