m=[-19.69900184586619, -1.864122602340399, 24.73324574084711;
  -19.89173466620461, -2.650302346902707, 25.45165413585197;
  -19.67365901591627, -2.425295901081084, 25.31094881297604;
  -26.69326814489126, -1.039785571450332, 34.56483487704407;
  -21.52892025247164, -2.705830371837139, 28.1259476238512;
  -25.98590946634028, -2.877686047565463, 34.26485714618886;
  -28.00552250474153, -0.9010166958964994, 36.96280335487809;
  -26.89377539264118, -1.324056220860807, 35.60173105540061;
  -14.9948320632108, 0.449402219965325, 20.3642605906692;
  -24.26147108436259, -3.035214086832605, 32.48625230623303;
  -23.97459281821221, -1.712011425552971, 32.36936236285701;
  -21.94984646894322, -1.97265637910394, 29.74742176299937;
  -15.24711016322306, 0.3002555358341812, 21.40665192987834;
  -9.423961452982756, 0.6428609154032969, 13.88874032688119;
  -33.39451292676034, -1.894058961977339, 46.81732210945393;
  -32.89206981977774, -2.323946247804105, 46.19447625414728;
  -14.68745826749023, 0.4081549730981317, 21.30990625776321;
  -15.16691915953005, 0.3751955971484983, 22.36030394319021;
  -6.513633441602099, 0.8477793718912501, 10.23027516545341;
  -7.857699193822186, -1.158918940578938, 12.20750838173129;
  -8.023336363053833, 0.7436468324326122, 12.92021788702857;
  -7.089646054675565, 0.1375023175013524, 11.60918024298733;
  -7.070057552936, 0.3044676098573253, 11.67771259484455;
  -7.084417738224925, 0.4629593483408194, 11.76054168855338;
  -7.037239502135305, -1.027280007914178, 11.84804332771145;
  -7.290453781287764, -0.595398388918682, 12.43355202944705;
  -6.451388228772361, 0.1257529767121375, 11.74385821503406;
  -6.182084344498875, -2.359939974598119, 11.31825470676593;
  -6.383560112156896, -0.0762966545247346, 11.67432434924398;
  -6.320908836198649, -0.8061826322688932, 11.6284353511898;
  -6.337413291877013, -0.5645327440247911, 11.67570704311111;
  -6.155634908201664, -2.185982137695877, 11.36340350734794;
  -6.264799063088169, -1.272673646395221, 11.57647053368481;
  -6.245535282539643, -1.034010773330765, 11.55562624540936;
  -6.330523941069969, -0.8483830515880535, 11.70561785459581;
  -6.391334924019898, 0.2516717800316212, 11.84903125244812;
  -6.250327249420196, -0.9750588252633834, 11.63903581914584;
  -6.212488260413418, -1.101660911555485, 11.59024016069992;
  -6.10162097326462, -1.191851093778881, 11.40443983080983;
  -6.149775024459617, -1.376446714480845, 11.48832344873728;
  -6.237332510517444, -0.8725944832790331, 11.65197913261562;
  -6.203556597312751, -0.4236165057914651, 11.64058231348093;
  -6.290768799381743, -0.247543021549775, 11.79557126051972;
  -6.184111998461836, -0.3162545445856664, 11.64145732566903;
  -6.228059868562903, -0.9478979041030514, 11.71648493911979;
  -6.222915813571819, -0.6268347485909585, 11.75656208079755;
  -6.09994992789631, -1.361431210592187, 11.54122912241088;
  -6.220036794187343, -0.7204292723163365, 11.79532566874935;
  -6.198481777177842, -1.139520113821789, 11.76087124663743;
  -6.117110301386217, -0.9580504476438183, 11.6380116554578;
  -5.971680803620295, -1.65841640308169, 11.45324643026719;
  -5.459393913640993, 0.8711098576284537, 10.9509953326225;
  -11.3689207844221, 0.3970348942088716, 24.16567326546206;
  -12.28797577254295, 0.2493170432719239, 26.05163557646301;
  -6.39181507135963, -0.9800501152117467, 14.23614860841914;
  -13.98362590127157, -0.3363324240697876, 30.30934847767053;
  -12.24847179459754, 0.2731361144210409, 26.88393817347044;
  -12.64105276729382, -0.4094282115929873, 27.82642047464303;
  -13.44838995818506, -0.5720662647004795, 29.70317750857848;
  -3.645670598569708, 1.328777662042031, 8.795427182548702;
  -13.42488056658732, -0.7166891386712772, 29.9280822928033;
  -13.44077526509508, -0.6621048986827419, 30.36160485864093;
  -13.27456459149718, -0.3829947344596192, 30.0538924274163;
  -13.27931554592785, -0.8070989452984657, 30.28896883000639;
  -13.10996201097078, 0.2040378675479284, 29.99119325596026;
  -3.08790335435605, 1.372191677834664, 8.457919743229518;
  -2.920282131340093, 1.40208000434995, 8.308537046008778;
  -7.008540600607281, 0.4910211557381618, 18.59182732978236;
  -9.965094026168972, 0.2410650417536564, 26.57861421531068;
  -9.521020137221303, 0.3888265050937961, 25.7221967690597;
  -9.664631256633266, 0.2056924629763215, 26.30364199973243;
  -2.609982368549619, 1.406407431611963, 7.870806310488425;
  -4.698776785566204, 0.8313185895081781, 13.48609278707661;
  -2.649257464204313, 1.40103995437699, 8.043394494459044;
  -2.56571494409366, 1.456631585061266, 7.86864408272193;
  -4.720013498280594, 0.7213551720402222, 13.71110978397807;
  -2.724863084429301, 1.377743738885384, 8.33773045366557;
  -8.341615594278197, 0.3705169772038445, 23.50174767366724;
  -3.674702431758854, 1.057247659648789, 11.07367008009696;
  -6.169352744559103, 0.5463977054549543, 18.10613698415805;
  -2.516382796886149, 1.457248878062073, 7.987015542024518;
  -2.484520457670056, 1.427992830509566, 7.989378227711678;
  -6.104256780286368, 0.5630103171263169, 18.31680998904844;
  -4.615370520632901, 0.3487659992326992, 14.32720523572155;
  -4.246216174903378, 0.2462784112430281, 13.52596378778079;
  -2.454542238683598, 1.423374817179978, 8.264761235981526;
  -2.441866249111277, 1.412681178436877, 8.35232550735218;
  -2.227269059918099, 1.468797794580977, 7.780993895544826;
  -1.990468914605934, 1.515466584630019, 7.155248292668113;
  -2.186220701187761, 1.470910998194429, 8.038346342581541;
  -3.636401199011485, 0.9195720954643638, 12.80727474638538;
  -6.286070375244711, 0.4841874027812245, 21.44773826530392;
  -7.137546223003404, 0.399999751135133, 24.43315951744052;
  -1.889443679598138, 1.505109487398942, 7.201404832921693;
  -5.275691169528823, 0.6083449136488385, 18.38191651918539;
  -2.084199655638122, 1.485570118593639, 7.876321770942332;
  -4.973254578715386, 0.6606498656953309, 17.46894423535919;
  -2.146912545302015, 1.464854164681816, 8.216017421444212;
  -2.203946702570039, 1.418335480109227, 8.443844297876831;
  -2.151773692335022, 1.492345544822392, 8.444706562923399;
  -4.409467294992026, 0.7469609125036327, 16.48853076379498;
  -4.465218850632192, 0.6333080719990031, 17.09044313634051;
  -2.066432081377835, 1.453935451542713, 8.517223439800512;
  -1.75610837725868, 1.480307423490707, 7.507699040891643;
  -1.882630206300449, 1.463764043182893, 7.991724463851344;
  -1.821594213060389, 1.48430314014723, 7.759467904564546;
  -1.900311172646855, 1.464811835179937, 8.373392049352951;
  -1.754467122478493, 1.457896808895207, 8.077906489035659;
  -4.125719421951761, 0.6420003649004558, 17.86229742701522;
  -3.876105340129591, 0.7115489889837298, 17.13154903622944;
  -1.390427798079846, 1.462455672726517, 7.054651450575836;
  -1.944060481568373, 1.419114741675906, 9.68280270143641;
  -3.109530695634537, 0.8538100104725648, 15.19683904064655;
  -1.583344316697354, 1.412904935278823, 8.358014072168684;
  -1.534988288917036, 1.47574245129512, 8.246307133342775;
  -1.1936898403399, 1.479856750899817, 7.317194590860291;
  -1.02500372467128, 0.7413764533074287, 6.437216730373105;
  -1.868973016264812, 1.300064513121137, 12.96894000063846;
  -1.895301929521296, 1.143791758839758, 14.47119465549267;
  -0.9055079155641191, 1.307215904693189, 11.33645077037234;
  -0.1288602043050867, 1.433426431827034, 8.250376977116801;
  0.8307099867597044, 1.338704026082024, 13.94496313082579;
  1.920400539537578, 1.255733767178052, 17.62019733689278;
  1.80260687828623, 1.36848358825622, 16.25276528185137;
  1.99796989109461, 0.3546539692943436, 17.84882068416511;
  1.939466712546453, 0.9183065843945309, 17.29075982404341;
  2.240833546125915, 0.8785605769420743, 19.66580888170865;
  1.993160416084226, 0.3925353608037857, 16.99761936891775;
  2.081411764320251, 0.7862012321087997, 17.67929337757781;
  3.052022108654777, -4.777141987506307, 24.73431752972852;
  2.648358045797417, -4.230140389203898, 20.81259161004126;
  1.86100332953333, 1.254104006226974, 14.70349231389401;
