m=[-7.518179490324766, 1.092646562834863, 11.36049433484841;
  -4.246086094337509, 1.317143971569351, 6.871512429816066;
  -9.558791018759145, 1.029546043838912, 14.54569313742124;
  -4.890596733100297, 1.225183834520982, 8.002400726731878;
  -7.805339967971442, -2.232561304122519, 13.16627574335448;
  -4.277348803304701, 1.276628448720057, 7.722812226794104;
  -8.819124253628162, 1.091672341341718, 14.95117335402844;
  -6.459498568284187, 1.14883366987845, 11.72441502798446;
  -8.206385405581631, 1.109729692716128, 14.94732820004943;
  -3.493131633542986, 1.378805993257084, 6.977032620969493;
  -24.90931986973271, -0.7074882823839184, 45.91374953439159;
  -7.184517571189119, 1.149621317524955, 14.01182786628309;
  -4.63855038436011, 1.200475872534967, 9.568720077423633;
  -4.620057934124225, 1.213531452834441, 9.721743339708054;
  -7.445872377056035, 1.143199251197268, 15.16607816731352;
  -3.657739555863606, 1.318280955427027, 7.979423576635041;
  -4.417697152296634, 1.211812854181383, 9.635068887039097;
  -6.781724002770717, 1.169827102125541, 14.38488246363941;
  -10.47569362704166, 1.211382771517293, 21.91518183307152;
  -4.335152235115601, 1.22220507730872, 9.657679523575093;
  -4.441585787398317, 1.218421334922617, 9.974754945261426;
  -6.257473747953224, -3.080457081095206, 13.72706968759869;
  -7.145189605847711, -2.374960040290555, 15.66648258007927;
  -3.502545361551767, 1.336837774763323, 8.272362333236568;
  -14.94857327101954, -1.053511577917289, 33.66172815339014;
  -3.932670953838708, 1.260012391781631, 9.6112859139504;
  -10.64979373775715, -2.551923250739963, 24.70363717942569;
  -3.549572524602509, 1.31289506918874, 8.988903967768037;
  -2.652710907165367, 1.567888073964723, 7.056888658465446;
  -5.332630756564068, 1.178744159379066, 13.40523963379262;
  -5.923283828586174, 1.199368459399388, 15.35588741346652;
  -5.414232173211739, 1.183754687232576, 14.21857373067277;
  -6.91219920890845, 1.193326460263279, 17.95909018543044;
  -5.11924845873471, 1.210423292055216, 13.58111015633851;
  -5.705508084420453, 1.182217954829765, 15.09006111427246;
  -6.960481041126885, 1.161988581261251, 18.22560263670192;
  -9.414476440194912, 1.140502783491623, 24.75087619437881;
  -9.131242777454103, 1.249097723778429, 24.55433303089161;
  -5.109588967789076, 1.182554990449399, 14.49005009945966;
  -7.461511286777861, 1.266853519648127, 22.27473971211333;
  -2.596096492287685, 1.494929390684144, 8.551745487402449;
  -7.512264295523627, 1.165317880381336, 23.42161289124682;
  -6.637426047231518, 1.281538539749665, 21.03922458828722;
  -7.318526514465749, 1.307142175639212, 23.53736238756844;
  -6.391194056114332, 1.225148367338104, 20.84200916256647;
  -3.678436783329246, 1.31386191071933, 12.66087175979511;
  -3.40816245453037, 1.285388399905343, 12.03117552127272;
  -6.92191530140743, 1.243607964728993, 23.53160317556717;
  -6.292103153884462, -1.233312672805972, 22.11101499080707;
  -6.521733168504979, -0.03794485157548044, 23.29386684527582;
  -4.193308611893457, 1.259417749973459, 15.609815962335;
  -5.952272889224373, -1.174058399892999, 22.27282781508868;
  -6.073324569589545, 1.209365665260032, 22.81057580544585;
  -3.307064724404931, 1.269775779393489, 12.96793969718368;
  -3.488732354067074, 1.293076281203072, 14.01287271335611;
  -4.352283299554212, 1.199495913595127, 17.89538091244075;
  -4.156944740782511, 1.234211175974188, 18.06585330483311;
  -4.2417679512574, 1.182255696373133, 18.58590077582152;
  -4.01056460334682, 1.28250356386176, 17.78857917878242;
  -3.513639180862254, 1.351249944834141, 16.44676878192256;
  -4.036862266183611, 1.135448366956729, 18.77578068747942;
  -3.779426842520542, 1.290360895350363, 17.88070545020206;
  -3.74824907705431, 1.259391304538911, 18.00609769718243;
  -3.225239429371716, -1.164988964956087, 15.87891374228785;
  -1.740006327720788, 1.67736801940031, 9.042840333692771;
  -3.362672004172843, 1.395874068653147, 16.84268952115226;
  -2.741187367520294, 1.399415172041498, 15.55032394270695;
  -1.795960076315708, 1.592464632198415, 10.78069599965665;
  -2.534849348582801, 1.468336667387899, 15.29571138739541;
  -1.708894141630797, 1.674437829774143, 11.12331270403447;
  -2.427874220379656, 1.500543042839209, 15.90357368359642;
  -1.995456616116285, 1.672033153918457, 13.8719017523633;
  -1.745167432144125, 1.689866776030879, 12.31117548846027;
  -2.083817817679477, 1.51505987239756, 14.81185025630828;
  -1.886207887394529, 1.581328250861045, 13.85245634255065;
  -1.703379241277471, 1.715247861190641, 13.37788150926331;
  -1.58318025142182, 1.709857967170541, 13.43633016646362;
  -1.509381109990676, 1.71470409814208, 13.03890067048967;
  -2.55901538180074, -4.959369986716482, 22.3505878792805;
  -1.511387548627129, 1.734997397677405, 14.07144131760639;
  -1.960022216706559, -4.313575063422187, 19.33214152054075;
  -1.587198796920052, -4.331372443287637, 19.31094219699429;
  -1.77095857377854, -5.08109436179945, 22.22160180077021;
  -1.470039629444356, -4.44929602316889, 19.92372866679446;
  -1.295541038742397, -5.09893373151516, 22.31736932196793;
  -0.6829890887586655, 1.656901009635152, 12.56476935819172;
  -0.6441581141217646, 1.679048932317378, 11.95070349703799;
  -0.9084777958467063, -4.779415673854843, 21.53976279639775;
  -0.1314083389432967, 1.707946486175978, 13.42551054546321;
  -0.05113495255005038, 1.656653846662665, 8.607686804378654;
  0.1956876912050279, 1.706583013221016, 10.29810977976285;
  0.2350948940558752, 1.662034083046306, 8.069118778108948;
  0.5853690731323513, 1.662845243192072, 12.05446634521754;
  0.7003620303349754, 1.678763331182971, 9.66766030734177;
  0.9804846992959714, 1.711063432294937, 12.8281392144324;
  0.623040457251259, 1.672810050387908, 8.396244058232531;
  1.407467265104302, 1.7607471487698, 16.16191898605472;
  0.8572295701718105, 1.695546307930817, 9.99351111882733;
  2.403667110574608, -4.779440366597246, 23.58187592370575;
  2.548405254933791, -5.631389135264674, 24.57652259094312;
  2.466501592630368, -4.548181342608306, 23.57489201985143;
  2.603712871900016, -4.541529137035837, 24.32141083988293;
  2.589472954980036, -5.088776661866968, 24.11653462308111;
  0.9781489355318808, 1.689167745198947, 9.869465986613658;
  1.342614263053175, 1.683669077449734, 13.14348881698237;
  2.618860196112594, -5.759018729971656, 24.32216168508129;
  1.902505858440672, 1.662625412897669, 18.0901598135969;
  1.712211246292773, 1.767885832863326, 16.34500251041808;
  0.776816771397892, 1.693396644013606, 7.882775712500321;
  1.354319889785995, 1.840974625831598, 12.97338070943116;
  2.659141240116012, -4.517052688770399, 24.23060766479584;
  2.74163831690387, -5.337923599952467, 24.65587466898624;
  2.653239405500052, -4.807050667291884, 23.69864812890592;
  2.809344091127184, -4.823985451900997, 25.05157228418881;
  1.003725277717201, 1.708466409916188, 9.55002443019106;
  2.913954212228979, -4.697918794215891, 25.44620958233339;
  1.927074280038259, 1.785720297908474, 17.29882247338474;
  1.949827794086766, 1.1815066356471, 17.40103154450788;
  1.828265143041792, 1.409168432786409, 16.28045741174973;
  1.889759926132365, 1.357943439748923, 16.4167533242558;
  1.923760858438847, 1.054352912436199, 16.58677368580769;
  2.983586012382223, -4.51834381935744, 24.86494864297856;
  1.680047046517236, 1.5217287145656, 14.28437008809851;
  3.020939301867946, -4.272554485185721, 24.45342321420718;
  3.193953805969946, -4.328910972298584, 25.5406337211728;
  2.890899660657055, -4.362004539679334, 22.88742968500987;
  1.574590391126185, 1.765609006344622, 13.0490114329701;
  1.538738707141366, 1.783633943038643, 12.66768565641113;
  2.995233231295027, -5.087022208290168, 23.50085920620253;
  2.754127654760343, -5.044904038253782, 21.30482949326956;
  2.084738941365854, 1.033498479571843, 16.49774202363473;
  1.609610052001377, 1.707905409542903, 12.95057100846305;
  1.997314936181631, 0.7603068858897243, 15.76442609290446;
