m=[-3.077911671002493, 0.5904065412873494, 4.773273937654692;
  -3.019832432746665, 0.6373173898054054, 4.769723374940695;
  -18.59310344095562, -2.402708715960769, 24.59659200953811;
  -18.91687942717667, -2.308231263467735, 25.11845719155692;
  -18.9572206670645, -2.070299195529222, 25.26421633630627;
  -18.42356719681953, -1.76766967291169, 24.74263812284582;
  -17.97822407349781, -2.190408606020954, 24.23653301677981;
  -18.71029516881057, -2.199363620648254, 25.35248371959655;
  -19.77332189823838, -3.187908339056177, 26.72261239313997;
  -20.34785052656471, -1.946965577876211, 27.52375053851656;
  -16.28181048017006, -3.236118259622081, 22.20984577621929;
  -19.75459057141139, -1.988024002328587, 26.78072786595408;
  -17.75108006152072, -2.370171299608058, 24.18844128554734;
  -18.67207900519497, -2.696897674733956, 25.40130306205196;
  -19.40693483022382, -3.404068182105775, 26.37968191274012;
  -19.34550120838623, -2.80919040279395, 26.63558588898511;
  -19.50610505848073, -0.3232000012674084, 26.91302368381678;
  -18.25105034733343, -1.935501155798014, 25.37446557894717;
  -20.07631496268343, -2.636683197271833, 27.84859010723904;
  -22.27728452395584, -1.347794398133735, 30.91305165988062;
  -20.02831662052729, -2.34715563580549, 27.91741651133542;
  -18.9838857614395, -2.131154641143502, 26.57033897420702;
  -18.42481307591431, -0.1491309178826975, 25.91380475499236;
  -19.41409060915933, -3.00546547978311, 27.30487979514101;
  -19.2281605423915, -1.873325150364329, 27.26705254182125;
  -18.59145150521636, -1.706394957298234, 26.6853058327475;
  -17.88307333691931, -3.308401538333159, 25.99983616194956;
  -18.54524692279049, -3.240917571404137, 26.96250360091866;
  -25.1752787127128, -1.046545763350029, 36.83258219785095;
  -2.647867227401838, 0.7038964563216573, 4.792256911975151;
  -2.625784281064972, 0.7418580110607547, 4.77846741016478;
  -16.69056041014294, -2.555008985806463, 24.97901873285071;
  -2.603041453615859, 0.7635230920312139, 4.773571946104567;
  -2.613302990245738, 0.71256829786473, 4.79938215600456;
  -2.592147903706602, 0.7260179015551679, 4.791852697816594;
  -2.559718699771578, 0.7475117262028537, 4.782198587682803;
  -2.566573937741559, 0.7185193222237051, 4.794854159959735;
  -2.543611726466021, 0.576883843095969, 4.777001237093963;
  -18.17295827899814, -2.585427079816413, 28.03020188561646;
  -2.506020637064661, 0.5742096008577722, 4.809646518836418;
  -19.67616009211082, -2.499221078690446, 31.15363006339559;
  -18.42034787710338, -2.87968988712874, 29.27672232775122;
  -2.450838084511105, 0.5726244511362221, 4.808120057384563;
  -17.36190461451684, -2.60841399629931, 27.9575825386973;
  -24.29791129492002, -1.81147290445691, 39.4698116356014;
  -22.63301734854587, -2.158126856693901, 38.39531261257856;
  -2.287951105231603, 0.8070074365823917, 4.800848037522766;
  -23.34370658953387, -1.836555417330546, 40.01272072073954;
  -26.26733740038451, -1.475261407492793, 45.34733847749876;
  -15.00250802664328, -2.646879516534564, 26.64407526666883;
  -22.71507058527237, -2.583131753468308, 39.94020993633012;
  -2.194108855986733, 0.8559289714817939, 4.790392285877582;
  -23.78980254853072, -1.633507157099369, 41.97739712434486;
  -14.88694349787104, -2.054269815071017, 27.00978496120401;
  -22.37849708364504, -1.744016540403858, 40.05352308478967;
  -15.65335814688367, -2.462318763372788, 28.39955497278033;
  -22.69720582179133, -1.17192875241718, 40.7704377801175;
  -22.44570560418345, -2.550659870335435, 40.35709075813098;
  -23.0876948994699, -2.784719684465945, 41.49435208579165;
  -18.63711259281284, -3.694257356734056, 33.80753366412733;
  -23.04187764864069, -2.27655216741897, 41.70061894631998;
  -23.99576106379239, -2.049128914340516, 43.61293624331653;
  -11.8155811520512, -4.566910665086068, 22.04580201254954;
  -16.05148558596675, -2.545006417919972, 30.03532037446283;
  -2.889878732865922, 0.3568760176383368, 6.510726993889508;
  -17.32461205916028, -0.4944148575811497, 34.77425538645384;
  -7.346235679207127, -2.511962156732289, 16.15654973698474;
  -11.63400040203559, -6.122685867797298, 25.21830489643018;
  -1.894618876401035, 0.6093462489845329, 4.960609661419366;
  -7.296984363789772, -1.661295671598609, 16.58134614724575;
  -1.820313777087735, 0.7723960357503453, 4.967641184442337;
  -1.832616037309717, 0.8120290208858492, 5.002212032342783;
  -11.03530390859234, -4.01812061424144, 25.89486684727516;
  -1.771335661197886, 0.7679509067036217, 5.032418952666718;
  -6.215622375028008, -1.96564708024271, 16.01540627072281;
  -6.271308479619044, -0.9007012843641559, 16.20250080041428;
  -6.297956308121979, -1.135388105662002, 16.26698380170746;
  -6.291210229574098, -0.2907341673302878, 16.26740220495653;
  -6.142244351807555, -1.8639945720934, 15.9220289568229;
  -6.096222427919647, -2.011681166032497, 15.80910459539074;
  -6.125801836020781, -2.099895036534861, 15.89462934265532;
  -6.072736602964398, -2.165054688515195, 15.89915644530697;
  -6.161776590475522, -1.386125915288143, 16.15504727308246;
  -6.168754612554966, -1.275717280485682, 16.23075622684896;
  -6.33639206742847, -1.163081735752896, 16.66756396824914;
  -6.059902673930685, -2.243217320794112, 16.00714906880988;
  -6.911310206800536, -3.508713066987547, 18.20593360752985;
  -8.645162870137924, -3.140627849852997, 23.91001837664089;
  -9.985056619130331, 0.2184881498475607, 29.51577520491106;
  -9.301976575831152, 0.196751507646909, 28.49109393602022;
  -8.993496069753572, 0.3272259183912259, 27.7181552044283;
  -8.850907974117158, -0.463828946473347, 28.20786667931827;
  -1.818469451879677, 0.4769723144489313, 6.59054785493194;
  -10.8784013229718, 3.450108903993006, 35.32580974942162;
  -1.680645087568895, 0.717492072737536, 6.557552716559898;
  -1.901176829483591, 0.6566744884112863, 7.737005979833208;
  -3.586684299523606, -1.827397063459442, 14.11623283360354;
  -3.468554572688007, -1.826577385119118, 14.25939397070079;
  -5.187516244705373, 0.1626156735072037, 20.83916865760361;
  -4.484902779967213, 0.306687609601263, 18.53028866723019;
  -2.434009503463279, 1.294655808994577, 11.77410660077013;
  -2.592936261537719, 1.352733256264789, 12.88832628205898;
  -2.110766094556563, 1.454698651238321, 11.26119880358117;
  -4.164477324267269, 0.5511461916303478, 21.75313422029368;
  -2.276193130496464, 1.350895667189921, 12.38336966059834;
  -4.411814985816662, 0.3805092526340663, 23.35837539659431;
  -2.295654195542582, 1.338884501502874, 13.22420348586714;
  -2.076003185906706, 1.391546916136872, 12.10799539995548;
  -2.107513345019518, 1.381376343781069, 12.72537989629703;
  -1.912554623239324, 1.465365537177454, 12.04304557671607;
  -2.050215304549781, 1.330994767064101, 12.94788364730162;
  -2.081476515303568, 1.458026325967142, 13.44045987923742;
  -1.359601772924432, 1.480958428662373, 9.257348099257255;
  -2.197279389590983, 1.394538656786699, 14.36171174503245;
  -2.804729517645213, 0.5760111562160974, 20.00130580439661;
  -1.942680734604987, 1.261367840557226, 14.36694675913622;
  -1.640577300812201, 1.354076785511036, 12.36508912729637;
  -1.668814892901882, 1.322059619075484, 13.07783606399402;
  -1.595248025932898, 1.350766940286381, 12.84360694502542;
  -1.035816886762269, 1.446790994060678, 10.29100844604186;
  -0.8550593733532085, 1.491847005555792, 8.792621686167673;
  -1.855408798944227, 0.8446706861598914, 20.07274670234119;
  -0.03722819303105033, 0.8485529516450623, 14.67661477840759;
  1.62960096594334, 0.7649832912775287, 24.39844402246319;
  1.923934864595489, 0.8325138700423894, 22.69200302064978;
  1.662065212040055, 1.235830332186022, 18.12044053298275;
  2.068811395094555, 0.4249115885775877, 22.25598259598009;
  1.954911321587961, 0.405236701103793, 20.1796992068025;
  2.503208104948938, -0.1928947763067637, 23.66506453350518;
  2.080336335809477, 0.05986641518871368, 16.60766546876392;
  2.874740512309048, -4.025558616799495, 19.83131095364265;
  2.353667371989599, 1.056974751101942, 15.86971858631989;
