m=[-81.50983840047391, -9.325128639675638, 112.6036062210622;
  -98.28181141994182, -2.822427953716377, 135.5718631970198;
  -80.50144105332898, -10.72298027575104, 111.4846712480516;
  -90.5950297418333, -1.597913851737797, 125.3252385710299;
  -86.16551561638401, 0.5598604126899935, 119.3237248554425;
  -83.27657029879633, -9.388589951297178, 115.9445619735249;
  -97.25771849906896, -0.3717030684875131, 136.4349074083597;
  -92.84196522275069, 0.3656301137322504, 130.3881041524992;
  -124.2418874042337, -5.070155073196676, 174.1996785298726;
  -108.9830977778753, -1.360396676513993, 153.1909463687685;
  -35.12160108856152, 2.885869334761949, 50.58215828136373;
  -131.5228518770305, -3.607784124163396, 186.9008417367728;
  -102.5915771083995, -0.7725947343813706, 146.4317856025599;
  -143.8334996474559, -4.155778947139202, 207.6131033461429;
  -170.9043765606401, -17.51585828375414, 246.5541667034104;
  -82.58592629177878, 0.4779568603940287, 120.0906709134214;
  -127.4205501935421, -3.267762974996722, 185.4689770559101;
  -121.4639712377238, -1.54391299739162, 178.2922257029347;
  -162.5055917415115, -12.51833651933688, 238.3816425168789;
  -24.83930224243407, 3.027373201552573, 37.7866996559293;
  -133.331455334957, -8.344016411868095, 197.3531532466148;
  -148.4843629872421, -4.470576620629366, 220.0338520813488;
  -44.88254248087421, -10.77634267992462, 67.60176604113515;
  -43.37389548663447, -10.90308604118733, 65.51622677524698;
  -154.3998707014042, -10.94243897298121, 230.3188682930157;
  -170.1079188907443, -9.844632310886984, 254.7847115301732;
  -16.13420339932278, 3.537194423740889, 25.33361730116235;
  -130.9410067314335, -5.326238904910107, 196.6436375842331;
  -47.97386067574242, -10.24589440856584, 72.92574044228222;
  -46.2322526120178, -11.74268304069773, 70.55817414295012;
  -42.25959496984812, -11.2701461731508, 64.60624322142246;
  -46.49223714026569, -10.57041661683017, 71.0142039965048;
  -21.84903053616097, 3.03840960857699, 34.06851077371444;
  -156.4760369544085, -3.52231471032596, 236.4583106993611;
  -46.30521659647484, -10.97003781573393, 70.99578477946523;
  -45.17669569173087, -12.99005097692202, 69.47959313302241;
  -135.3234136524867, -2.625886593896276, 205.8061301617805;
  -111.179675849315, -2.98067499101413, 169.6281514892244;
  -15.11217858999016, 3.665931629223605, 24.26246489724093;
  -44.4229957325883, -9.34799288573697, 68.89235147786197;
  -96.97471165055295, -1.509290935180748, 149.1747126070943;
  -44.34164969063283, -12.18306507772523, 69.00530890204711;
  -43.36669288000434, -12.48063211554332, 67.60850998243326;
  -47.49935140297362, -13.48167870869033, 73.98862419689908;
  -46.03325979651368, -10.34072200137731, 71.90072666388346;
  -45.74512308765886, -10.57621739108762, 71.55678116147367;
  -24.87009188489117, 2.95181876665898, 39.56270307143365;
  -17.58370711355943, 3.504344250834183, 28.36975730456052;
  -45.15318806669018, -9.088810296937396, 71.01173968652095;
  -173.4588288044367, -11.22269959195307, 269.1121622475432;
  -95.08514040934215, -0.5220297542871732, 148.360750985877;
  -45.09912265453261, -13.03981041824027, 71.15736952214063;
  -43.56465098315315, -8.45860994412498, 68.91449979661742;
  -91.37075594149808, -11.12843116039775, 143.1711370103506;
  -47.41624709897065, -11.30272461759283, 75.20830707854556;
  -88.71908741582546, -11.3751286128256, 139.5682866169345;
  -121.9475366976837, -10.0127284067264, 191.6454158374828;
  -79.18012979828789, -10.83599098251562, 124.9430334127575;
  -45.9384513522966, -13.06693163838355, 73.06724685703128;
  -41.2067651261108, -10.16847858957146, 65.90401994928284;
  -71.64739812147826, -10.34706484595739, 113.703989881854;
  -43.06824120995101, -13.38080762322592, 69.13706156668;
  -67.45779894594519, -9.419015608847282, 107.6521067740893;
  -82.1464325659139, -8.934581195496767, 130.889024569357;
  -45.89496733053894, -9.504263970885766, 73.71305622366789;
  -65.63628731746923, -9.820296482701789, 104.8241724893779;
  -43.59480936107164, -9.318779735547802, 70.21279312753757;
  -54.15802049119503, -9.718766332435608, 87.92662978411836;
  -41.21287459271085, -13.13822862539661, 67.37024292769009;
  -95.444220451959, -5.447970330533263, 155.076684845796;
  -57.85462856594566, -6.934405826248801, 94.48811815100572;
  -43.15713202068758, -13.4690777438127, 70.86130521511271;
  -42.00633505053098, -13.43383631334957, 69.45893494274176;
  -40.33093572315489, -10.29384945112031, 67.23043665846736;
  -43.3121292824735, -13.96983889806772, 72.65768965980111;
  -39.41538589613611, -13.25036371698536, 66.37105514619968;
  -39.28640686557522, -13.30642656826254, 66.77018089556933;
  -39.66711317586945, -12.86363079951617, 67.67508036385281;
  -16.79816855141016, 3.514939721049791, 29.54285655540195;
  -14.58589678537945, 3.641965091272118, 25.85543021039447;
  -44.3088579076437, 0.6260671408500694, 76.43072432520432;
  -43.72195916998946, -9.209215986932133, 75.60126294263915;
  -38.37729957061197, -13.68739592113988, 66.61356091796462;
  -16.9663367387457, 3.581579143038046, 30.54892104203012;
  -39.60494307217594, 0.2623788433216055, 70.386447877598;
  -23.47548883167299, 1.061712165943657, 44.15524491097054;
  -25.55456330082249, 0.4164395539645403, 48.06447719369165;
  -22.79850616567667, 1.211321752494508, 43.73804629375616;
  -22.64179241847386, 0.5176690804145456, 43.54512218086899;
  -12.41844977123668, 3.692449957458342, 24.72743965270561;
  -22.59422496229304, 0.96581291970723, 44.21262531318372;
  -14.92235314608155, 1.820046408704144, 30.06010741680145;
  -11.65976319694856, 3.753541694396057, 24.09239233270478;
  -13.19285019824813, 1.294807033751487, 27.45904718130996;
  -21.85523602221039, 0.7401254078812947, 44.70016948340531;
  -11.4058786584279, 3.747961855927524, 24.26041755067592;
  -10.98090961835803, 3.796070314049258, 23.65917927454136;
  -12.86185573463231, 1.601392327640328, 27.81785611308041;
  -11.02589231324308, 3.687787712355703, 24.06136401999479;
  -10.07041360009117, 3.77533067235394, 22.1156992130624;
  -12.10690219451855, 1.708849676224802, 26.51738292274074;
  -13.57697415887493, 0.8945298735819368, 29.84011524661816;
  -13.32581551229447, 1.168025277180488, 29.51429598727728;
  -8.773953815910017, 3.902713205353019, 19.9600364933812;
  -12.72917537309495, 1.289398157456695, 28.43812316908874;
  -11.17959101820028, 1.825883885755347, 25.16482096309465;
  -9.868529946864225, 3.726994876848348, 22.64265758798695;
  -11.7915863152733, 0.8980157502163789, 26.88621492234985;
  -8.414244452268768, 3.91395748343353, 19.60421707271528;
  -9.400830965560486, 3.762562969849379, 21.91094853540029;
  -11.99241942033082, 1.23732896040864, 27.69706441392473;
  -8.018277094825036, 3.933449273332208, 19.04315910105949;
  -10.94724165976563, 0.9363153108999204, 25.55013702985395;
  -8.167223902800904, 3.879383071039542, 19.71953229936688;
  -8.579044107273328, 3.797713367694107, 20.67025073233813;
  -7.715797670038957, 3.971259431468015, 18.81003090506813;
  -10.24722110251195, 3.638221890680334, 24.5321197865768;
  -10.00287882639488, 3.625205088577936, 24.66592977313549;
  -7.154944079310672, 3.979068309163131, 18.23888745120918;
  -9.625229799077417, 1.491255509413227, 24.10649858224359;
  -7.195373994359112, 3.887661436043662, 18.49473656438797;
  -9.681856464239168, 1.620070015356534, 24.4880586155816;
  -7.273863349798901, 3.860502442026858, 18.93067636352095;
  -8.493527020864859, 3.699171833825208, 22.00552664018552;
  -6.80461047097474, 3.985724757499438, 18.14801884675651;
  -6.74915856276802, 3.92013401542749, 18.11266553675781;
  -6.961559545091958, 3.921277117241033, 18.79642326959556;
  -6.418896372425426, 3.915155000281132, 18.29916966501193;
  -6.162064628212923, 4.07495648498558, 17.71377238927994;
  -6.13267802077643, 3.969850145497746, 17.81487797881655;
  -8.572295340643859, 1.307194546891953, 24.44611030927633;
  -8.658253893836299, 1.730969763069367, 24.69465450325907;
