m=[-15.73232267380175, 0.2164551638186182, 27.18852024057395;
  -2.197389285859413, 0.602790560663639, 4.934818484870353;
  -4.478804613736975, 0.608217110932833, 9.977277951716513;
  -6.253285169805325, -1.274943485400443, 13.90907528179127;
  -6.13547288588494, -1.339734218827669, 13.75659286403189;
  -5.895957493449676, 0.5645139009350956, 13.56352238890798;
  -4.521443052850196, 0.5477435118067752, 11.88697830749603;
  -2.110804263927093, 0.62547387805397, 6.269461004597189;
  -2.206373349725895, 0.5937977548838378, 6.796399650551386;
  -6.559007741658072, -0.03085792530642193, 18.56043555057394;
  -6.574689006063436, -0.3036199329911566, 18.63695133395771;
  -6.566844337243735, -0.41606948202669, 18.95174302935696;
  -5.618440478478038, -0.007881305897117228, 16.46982755017662;
  -5.566374751561849, 0.2218906578742108, 16.54555119467826;
  -5.63627106313487, 0.2439861809431877, 17.08160990312714;
  -3.768553647041499, 0.5845857886936401, 11.74953398983815;
  -6.087872003338842, -0.2051582730311168, 18.39487491657056;
  -3.696583796653479, -0.6468887308016531, 11.59102984654574;
  -3.522772022515511, 0.6252169823856328, 11.11819422679053;
  -4.852050360253361, 0.4564843401414033, 15.01373935948369;
  -5.365592652344205, 0.01212004867087252, 16.5859229271756;
  -5.363030760000315, -0.2444077407379813, 16.70239500290046;
  -5.026734080347926, -0.1699832438331498, 15.72321993480427;
  -5.325874349181667, 0.2896284417864066, 16.6466427873832;
  -5.269127306927455, 0.2166031945044493, 16.5116508167864;
  -3.212203051287779, 0.6157574452114706, 10.47515766837267;
  -5.03462416574745, -0.04955946403949298, 15.95643428082001;
  -5.040420398851622, 0.4150146207944287, 16.07314913696567;
  -5.122127877951163, -0.1335486032905097, 16.43050361455293;
  -5.148747287164973, -0.2741387370220532, 16.53217586358376;
  -4.883672098808797, 0.17657672141089, 15.97111068523141;
  -4.901677214254671, -0.1693557776980329, 16.05392395827534;
  -4.440267261912507, 0.6135215894867724, 14.73604274614614;
  -3.436069327648633, 0.6173324863359687, 11.68119174840597;
  -5.514219249336359, 0.3991650305800434, 18.46007949357836;
  -3.613300827431799, 0.6100070119974298, 12.48794513520693;
  -3.159064344574289, -0.6192069638857837, 11.1012355283279;
  -4.270097775883078, 0.6105790498759006, 14.77567440591221;
  -1.686637451722177, 0.6475988718969337, 6.613784303505097;
  -3.055709417143214, 0.6084756396206401, 11.47682632477367;
  -1.70802136923864, 0.6330671705944277, 6.860453485613853;
  -2.168802904417227, 0.5977253873864701, 8.917515572235248;
  -4.777127277630037, 0.6829676790602604, 18.53970768508076;
  -5.050957203218911, 0.04935926537687617, 19.56914013943008;
  -2.122111857036329, 0.6369861014649285, 8.999078202427693;
  -4.905540568111837, 0.09561334057506139, 19.6093105448111;
  -3.899609187856807, 0.6620649076308781, 15.90903456117897;
  -4.904063537703497, 0.3928632123674327, 19.94319059113046;
  -2.129103036390804, 0.5934186456833873, 9.328963354567653;
  -1.99262859977644, 0.6372053646844488, 8.838164978429671;
  -4.740499919967984, 0.2589933896023396, 19.96319365620778;
  -4.480965338359626, 0.5603628133605668, 19.06053584884216;
  -1.927563996791952, 0.616368323603497, 8.827209186537775;
  -4.738731699061572, 0.3231268025956983, 20.49395862181657;
  -4.388295052037408, -0.1945221175120942, 19.17348671423464;
  -1.936072338400376, 0.5445591229014238, 9.004832769602224;
  -4.607244999297373, 0.2261217988422804, 20.28488899940043;
  -4.408930346593865, -0.1035020574185387, 19.53839514087695;
  -1.836295876104591, 0.6269427851230118, 8.687630968443191;
  -4.74396945058668, 0.636611242156933, 20.94943593141879;
  -1.835200060681424, 0.6166172394092417, 8.816060754552153;
  -1.71626435398617, 0.6298381527081497, 8.373387945911468;
  -1.924205881524925, 0.6170980694775944, 9.325986548716813;
  -5.269138144456929, 0.6913506375596636, 24.16157073494687;
  -2.448523742443941, -0.2947503643561444, 12.24543580758536;
  -2.003772485426139, 0.6306141736305273, 10.29449139607621;
  -3.424785103304756, 0.5971209186532004, 17.36069020087446;
  -2.446146884407595, -0.1970720498460488, 12.73076086665371;
  -2.467074766097503, -0.2547065254172537, 12.85214118083544;
  -3.014423398012605, 0.1152552810347799, 15.52738146407802;
  -2.33519718253598, -0.284614129931229, 12.35987879758358;
  -2.355875088507282, -0.3170381721816726, 12.46559880123173;
  -1.950631135739665, 0.6707144465374811, 10.44912718244411;
  -2.438837447407237, -0.4449828743554701, 12.88569215603241;
  -2.870152902493862, 0.2029636213646242, 15.03544866192601;
  -2.411928497096193, -0.5239680893795533, 12.81946354924439;
  -3.229967895370108, 0.4469093768195367, 16.94412116466109;
  -2.158142880237473, 0.6220690133479102, 11.65457220562574;
  -1.4740125594614, 0.6614455106293371, 8.422687705937488;
  -2.363702033144189, -0.4244953446103788, 13.04635426345833;
  -3.18743460037971, 0.3141000859398015, 17.25650061399633;
  -1.805477652670728, 0.654482514713849, 10.23664330968943;
  -1.389312903533347, 0.6773414459299215, 8.258345545425106;
  -1.602091274110097, 0.6095765418346723, 9.434759576740383;
  -2.166383551380444, -0.07191718569419846, 12.70926535555666;
  -2.223674754879728, -0.2848441673370835, 13.02874220784062;
  -1.920059193171745, -0.5002203402592104, 11.37380573988061;
  -1.355096124722009, 0.6921147534186682, 8.305705666025613;
  -2.220870428011286, 0.6423208103801316, 13.11466940968023;
  -4.364717396138713, 0.6137048738395061, 25.02892987139314;
  -1.745180842697778, 0.6519665004030221, 10.63726785387634;
  -5.280522957429423, 0.5144740488676032, 30.34669638673601;
  -2.132445074108499, -1.762363122310422, 13.1371416696632;
  -1.191836566261544, 0.7366123222913386, 7.807019198622666;
  -1.938363136184364, -1.238298123233954, 12.37678193184477;
  -1.222104568710178, 0.728700592749046, 8.116216020084627;
  -1.808108039416613, -1.378399921131148, 11.68092317556554;
  -0.9537272915645728, 0.7991472419964111, 6.630067113601595;
  -1.342903565465436, -0.5736851847359787, 9.048465618176943;
  -4.41266503046132, 0.4031623753864238, 27.47043611164166;
  -3.372153065054295, 0.758469616141276, 21.2052110927343;
  -1.887281747166863, -0.3100348444410901, 12.45235144315317;
  -4.525589588271635, 0.7412076551570336, 28.46292157579648;
  -1.124298771774401, 0.745607562367131, 7.781240704183768;
  -1.958858381269534, -0.1807600753548071, 13.0345610219086;
  -1.110552969788007, 0.7305655379467243, 7.878164144611136;
  -0.9239388298539041, 0.7745967893993192, 6.785478095639769;
  -1.374488618898034, 0.693987035091731, 9.653443053917307;
  -1.094954444309255, 0.7697005641537005, 7.913813564561826;
  -1.896665232744705, -0.136997451195854, 13.10837694834994;
  -2.141784216756392, -1.854970126325194, 14.8182615957184;
  -1.410234273742726, 0.689446097413149, 10.2230433972864;
  -0.9821811052632584, 0.7563062702308322, 7.547651768126323;
  -0.8406205495548236, 0.8464777336463615, 6.602007253394938;
  -2.13675295397209, -1.614081561414944, 15.54395525086726;
  -1.402996701204927, 0.6991678824638979, 10.51029707941988;
  -2.125853751680678, -0.492086285385848, 15.52647094633388;
  -0.8275315335918508, 0.8201199891472497, 6.644937482002008;
  -4.061774967135494, 0.8190812890818832, 29.13483917704043;
  -1.267110143541582, 0.7480680255768533, 9.742679305950244;
  -1.623417735393278, 0.641002098280645, 12.37853014718628;
  -1.005913632357169, 0.7345152322460835, 8.049972621756318;
  -3.902234968484847, 0.4831063622145123, 28.79281673448408;
  -1.298773065976667, 0.7232462298104377, 10.24026279379961;
  -0.778877267917631, 0.8411989101057519, 6.610272027771834;
  -1.947930693186045, -0.4401976846184091, 15.27062160109914;
  -0.7389735294012436, 0.839497016953297, 6.38367764390765;
  -3.913024431953877, 0.6831049084154056, 29.8689935196685;
  -1.522428712857998, -0.7845884813821019, 12.42204682855745;
  -3.919139764084405, -0.006561260068743048, 31.5318965534017;
  -4.030289123681436, 0.8787246711311554, 32.94401834786082;
