m=[-4.836016871855301, 1.315994201951358, 6.781912461610448;
  -4.679199864336964, 1.372543922044857, 6.785187405722199;
  -4.76414247749903, 1.372282973905145, 6.931161757061222;
  -7.121469289982257, 0.5692165895962393, 9.938851454712291;
  -4.637549345726146, 1.362075889983588, 6.85358013972645;
  -4.736866084837853, 1.245634803153494, 7.153806991101419;
  -6.650826579694545, 0.2476147534258338, 9.948655607085447;
  -4.665931261542819, 1.219525143368787, 7.291874521539478;
  -6.467552066353203, 0.2278214768049255, 9.905398649278022;
  -6.367943962717575, 0.3524043139010409, 9.949683332774548;
  -6.380614873561167, 0.5111598375544775, 10.04503120630496;
  -6.097625068129688, -1.277264572093569, 9.686267120011742;
  -6.228415728483023, -0.452079849724441, 9.897925317806145;
  -6.161612618626722, -1.034278758107697, 9.82940561544595;
  -6.100235098986532, -1.042470449204643, 9.916879941025176;
  -5.503138231198307, 0.9947750637691852, 9.146709902715738;
  -9.789351112100531, 0.589077822211856, 16.51629379263111;
  -9.689264334533249, 0.5824722424650276, 16.58671924988036;
  -7.327549984069684, 0.7034616177826508, 16.34164599944593;
  -10.37081317937345, 0.6015779462423977, 22.93965166143032;
  -10.62527104956081, 0.6147550191004745, 24.04421663900538;
  -7.587204975611601, 0.7428734210283996, 17.66228834439462;
  -6.848266528724608, 0.7363954082587267, 16.32065110163754;
  -6.413419710372721, 0.7656808290364756, 15.45261449559999;
  -11.71380084659428, -4.700062472914759, 27.37949104033954;
  -9.90602441896676, 0.5708756541665025, 23.64502799555845;
  -8.898744218661415, 0.621108467315446, 21.51601711961321;
  -6.489668568972592, 0.8560073079697923, 15.98647888077878;
  -12.10191053648211, -5.541636590318113, 29.11879710645109;
  -17.23005574966407, -2.070258299009575, 41.12180395863549;
  -10.40341959888694, 0.598666947118436, 25.47583994910516;
  -11.5410661719081, 0.2511907552944152, 28.2364378039407;
  -9.770131554433439, 0.6109196250015382, 24.20216995051844;
  -5.589221841728488, 0.7910817909899875, 14.41215705816941;
  -14.33373470557813, -1.352710691988253, 35.49425350754366;
  -14.56832866106627, -1.144971638966387, 36.08696306440858;
  -13.00132308340136, -1.513462396700488, 32.52913716035171;
  -9.694855767992902, -3.110821781837422, 24.53836668108739;
  -11.57244124794224, -1.532258420559961, 29.15359858515814;
  -9.377744827277233, -2.309105505538649, 23.83507436847733;
  -9.610287923194482, 0.4245481871682004, 24.56789112127331;
  -3.652754223395181, 1.105155664743857, 10.50520510320866;
  -5.378864891640137, 0.8046958530548747, 15.6777926887462;
  -3.66530223397, 1.051501234082348, 11.12745604774097;
  -5.490181388007095, 0.7634705709878228, 16.17623329066976;
  -6.182171312565696, 0.6948444443492355, 18.1279495071201;
  -5.926868171917331, 0.7672907713707093, 17.46062817217151;
  -3.606564674257661, 1.06354247198236, 11.19801137878568;
  -12.62739797319184, -0.5479623015171214, 36.75720120506756;
  -3.940715178339427, 0.9676972168671897, 12.25747622493068;
  -13.25797104690143, -1.338684945796172, 38.91791629885126;
  -13.90210689379861, -1.732515685711741, 40.82956098650219;
  -15.73226527159566, -2.028046094609078, 47.35725839863599;
  -5.332676480408161, 0.7775309117423708, 16.87560333561262;
  -11.5718954710752, -0.4967549244518622, 35.77306405816545;
  -11.86620065654561, -0.3195817645982966, 36.69568667311396;
  -13.12550440851649, -0.8475751343365571, 41.0340481101788;
  -10.80719580549101, -0.881086687936114, 34.73896844602588;
  -10.01097197214262, -0.5025753165630774, 32.3006103630854;
  -10.23430468346953, -1.829137736901643, 33.50519489314213;
  -10.73442833862373, -0.1846283571300885, 35.19184711151105;
  -7.64105536069097, 0.5095254982948374, 25.38397522838083;
  -4.099538311811181, 0.8711698837091054, 14.08042093102232;
  -6.396336897811311, 0.6948226159972221, 21.41266305019859;
  -11.23100195289488, -1.064922332517523, 37.01172231361475;
  -11.25601487507383, -0.6078489549498769, 37.14446621808041;
  -10.05722791791086, -1.614039337496233, 33.4610465476589;
  -7.076270348398307, 0.6165877862613544, 23.91729665711044;
  -4.492201453943852, 0.7916862418938107, 15.55643814610126;
  -10.2771570291931, -1.127536342126711, 34.31570602454051;
  -10.33929440055405, -0.5418288325641235, 35.15237098942941;
  -10.17083425068114, -1.243732377326333, 34.64066985452075;
  -11.43091717332449, -1.737553468925909, 39.5409107415875;
  -9.22684335315148, -1.061223884744348, 32.11236748414237;
  -8.955705579288511, -0.7624877313537848, 31.32670651156834;
  -7.509564335014437, 0.6036037925100294, 27.08909769669535;
  -9.740905684267021, -0.3601878362379389, 34.99693816472222;
  -9.838515418807255, -0.9737440098936364, 35.40969495315829;
  -9.785106615679778, -0.7925343356796147, 35.28364177598016;
  -9.666960969921737, -0.1524155107022496, 34.89664905297413;
  -8.514041307538774, -1.66730362122621, 30.95369618195096;
  -4.016738516318176, -3.292632627814148, 15.17223713036726;
  -9.829860155244015, -0.5049700744762546, 35.75810796176563;
  -9.85076244679049, -0.7452034524169207, 36.17501913607352;
  -10.89421962941275, -0.2297585582619293, 39.94561611839139;
  -10.15793224894811, -0.3522834749804897, 37.58746859536291;
  -3.608515240108543, 0.905198702217572, 14.12634609779795;
  -9.198477965613305, 0.1725471033950304, 34.57234680806837;
  -4.488294053964591, 0.7819456017936026, 17.38306021228149;
  -9.558291497280463, -0.5535783564707506, 35.91326313838109;
  -7.063464387072936, -1.064280967625238, 26.82971201429703;
  -7.135859664603965, -0.8064143321924356, 27.28066407656819;
  -4.240213318279803, 0.8252667752094226, 16.71657827328489;
  -3.514132207249983, 0.9399048401759037, 14.12763037341241;
  -8.11538142428128, -0.3113624842725071, 31.30820282871004;
  -6.979731571532031, -1.427671111800106, 27.10085921841316;
  -10.73785802081643, -0.7428029725349611, 41.93975272185337;
  -5.956107103727692, 0.5508749578217838, 23.78685291136403;
  -4.136110379340366, 0.7835124219533494, 17.04593282855539;
  -10.1138808347214, -1.084211769792153, 41.1375920212767;
  -7.680507444125063, -1.724187093683318, 31.48036316737419;
  -12.44169282767947, -0.5912520293279194, 50.8575824292025;
  -9.232223473806705, -0.7837351678551858, 38.0963308858518;
  -9.480793342021329, -0.1225662420637114, 39.19503024992488;
  -6.355742231873962, -1.792357363480227, 26.7177993822778;
  -3.101321978911995, 1.001734784502817, 13.55007885604178;
  -8.00964461281596, 0.4669326559224818, 33.94152801504997;
  -4.368753987496001, 0.6071748647035314, 19.41814863226163;
  -6.408663906458711, -1.440370418667428, 28.23492282078678;
  -9.268319673659317, 0.05853707021102826, 40.43128182594604;
  -9.309783573458571, -0.4382473128585758, 41.24176536304366;
  -8.701345051832478, -1.377723329370167, 39.05621971586293;
  -9.084778746759415, -0.9694898026622184, 40.90023943590398;
  -8.390552491618459, -1.161596760036155, 38.24074748523746;
  -4.23252926996858, 0.7239632358849822, 19.93207711093892;
  -5.073891005210855, 0.4825650404920692, 23.81241806907996;
  -4.31614142081632, 0.6608817088085756, 20.44500905394211;
  -8.949492398849431, -0.7650969968922402, 41.75120881201701;
  -9.297028666098026, -0.767464867934067, 43.38617306839804;
  -10.39077128603117, 0.1084663639348105, 48.43557565006591;
  -14.35269772126127, -0.5348428389594186, 68.33146169555621;
  -3.937788866053006, 0.7378819467427201, 19.53429767089548;
  -4.793492255612587, 0.4927268528507917, 23.63396272464777;
  -5.281101762389627, -1.686935348453793, 25.97013224750243;
  -6.739824939976284, -1.009978054441313, 32.93157646939697;
  -2.950644319912112, 1.003187435123361, 14.99890385863597;
  -7.956204874511387, -0.6947737813737338, 38.86533395164591;
  -4.284359697610314, 0.6381920663851942, 21.38673330418216;
  -10.06581178627364, -0.1898462769755231, 49.67170806562022;
  -5.107731076291162, -0.8045985706274398, 25.86890865256772;
  -3.938083762066996, 0.7176315238344417, 20.56966500518686;
