m=[-9.835606890667105, -1.097650286628628, 12.60567781314522;
  -3.623183098192358, -1.256590790200717, 5.553858784196156;
  -3.082672791752358, -1.020382315535787, 5.739082045440855;
  -3.068123409504246, -1.056277172055327, 5.720190103499165;
  -3.202911247856109, -0.1260352038574337, 6.005651943355461;
  -2.422372102736382, 0.4285717435858383, 6.952519013603705;
  -5.043528648046927, 0.1073414807208899, 13.72666669331727;
  -4.655621175291263, 0.206792876677074, 13.11679169211886;
  -2.280936636114541, 0.4172412855813493, 7.110362436847142;
  -2.715172379664169, 0.3130890823156411, 9.460385457445607;
  -2.564928207628852, 0.3407264697730131, 9.009510194497615;
  -3.840303149550215, 0.2152168625056091, 13.14607801009892;
  -5.331481532645397, -0.4206604699249836, 18.31062122326795;
  -4.003550705526408, 0.1554460092029233, 14.09000347548594;
  -5.325215005150451, -0.7211662882009667, 18.49215759958806;
  -5.468714857229568, -0.4408805740940314, 19.2919231458419;
  -5.261948603663638, -0.9533639888183482, 18.90306118207946;
  -3.21134079741107, 0.2556054149901626, 11.94406320088392;
  -4.960555351068972, -0.7217807659478595, 17.9793536040211;
  -5.104152128010378, -0.3368499164769911, 19.02670555173445;
  -5.227022682620898, -0.5619916977599068, 19.51964733174726;
  -3.579978345406494, 0.176549712694341, 13.6954717413093;
  -4.76303122607905, -0.2241230294760165, 17.90171849207389;
  -4.493836296962404, 0.07553869294290358, 16.97447858440783;
  -5.182860741977696, -0.4096666266620924, 19.52672271743529;
  -5.472980748196851, -0.2843969526731273, 20.72370992944051;
  -4.847579042407333, -0.1312469515805628, 19.56915579595977;
  -2.172547311929339, 0.3380685946797397, 9.406041053946881;
  -3.797056764276881, 0.1435398701541507, 16.2987817640058;
  -5.507919950342441, 0.1010448802179135, 23.8798068555135;
  -3.516376669669465, -1.032872553449386, 15.72065886319306;
  -4.957547081882454, -0.1481666582405892, 22.19743413917104;
  -4.673558322417068, -0.3868584988065744, 21.28466443211327;
  -2.208171832779299, 0.2787468971042008, 11.174189634574;
  -2.154963557637146, 0.2987287957242925, 11.44580597532609;
  -2.984843607763769, -0.5830251892719865, 15.76197755569267;
  -3.301782243161105, -0.004949775321611576, 17.95968944763927;
  -3.268973253084274, -0.1434358875845619, 18.28944336842003;
  -2.29726516475226, 0.2579748748524977, 13.25407233527619;
  -2.196502285282763, 0.1589296525396314, 13.53991015340938;
  -1.699551360600774, 0.3556347995023736, 10.87820990302807;
  -1.980731179208875, 0.2927234254280245, 12.56272314113813;
  -0.9776486539664351, 0.6800560041591961, 6.78397527661211;
  -2.464821573639967, 0.1719552057536647, 15.77928167425381;
  -1.866037301069998, 0.2774228366347893, 12.32158477580537;
  -1.545272662469404, 0.4028443278134744, 10.92076485245381;
  -1.994703042883944, 0.2561047093027553, 13.99252628818958;
  -1.355878650597555, 0.4352612841743155, 10.43275081411824;
  -1.251707154799438, 0.4517313169592591, 10.24823284937221;
  -1.085760801597303, 0.5642524401295892, 9.021773909068479;
  -1.762148938807667, 0.2683014622970817, 14.65975764723826;
  -1.001061908605174, 0.5871763593460606, 8.797868766174625;
  -1.146472511035005, 0.460330119760798, 10.08726383060253;
  -1.692745432932656, 0.3006166647545591, 14.55745449097964;
  -0.9650312196125217, 0.6209529138019374, 9.007581869409746;
  -1.008100068767233, 0.546846671181437, 9.434498796265004;
  -1.274448381543223, 0.3882371176025959, 11.95681390284684;
  -1.08907100571205, 0.4682719185450097, 10.59437662112782;
  -0.9987355117584781, 0.5374346747832267, 10.48471543915678;
  -0.8322334600529481, 0.5938187845775128, 9.03129480493608;
  -1.360280538169578, 0.3484069431299295, 14.60109877145343;
  -1.264458022563095, 0.3166730795402809, 14.44289019421293;
  -0.9605962331173216, 0.4913522861371406, 11.22499478801078;
  -1.048546187847521, 0.5316365141421163, 12.98561454702107;
  -0.9038801828649313, 0.5574624190861902, 11.46594849454317;
  -0.8337425059290869, 0.2788717129085578, 11.64050011208731;
  -0.9429304352635661, 0.4415183284431598, 13.0467775701614;
  -1.005645400497323, 0.3940114376085427, 14.04665887377121;
  -0.6315638943651699, 0.5961299562338825, 9.417654885550451;
  -0.6828131328494681, 0.5529364661111283, 11.04014307285662;
  -0.904738011826483, 0.4049831551027839, 14.79973716167594;
  -0.9147294044909814, 0.3843073334878416, 15.40280014391568;
  -0.5136788828555787, 0.5460449761822801, 9.821307919135091;
  -0.4237182276024398, 0.6080708403959191, 8.529080644474217;
  -0.5687795436269511, 0.5463964868579236, 11.39259308685979;
  -0.5677448462665371, 0.5420741313598152, 12.27726222113982;
  -0.3714603459650829, 0.5868816896771656, 10.08950857490113;
  -0.2031514381721782, 0.6042073929830482, 8.457213888190994;
  -0.2415305909235435, 0.5255546304143052, 12.3151815115463;
  -0.1009677782925999, -0.02468003878208873, 5.948744832266392;
  0.1385071087716489, 0.6120450934635356, 10.25613808811285;
  0.7380230949044999, -0.1447210614879602, 23.39126783954681;
  0.3082647170991157, 0.5282406764394444, 10.46818816350698;
  1.1752787255108, 0.05490155003274269, 34.27142001738413;
  0.3430473380208015, 0.6180688059929858, 10.04965059288003;
  1.210188795472582, 0.07674053597814622, 30.45274471616651;
  0.9167143869705907, -0.02192451062712836, 20.10206843019149;
  0.4877456512162645, 0.5625341827912249, 11.19603498611133;
  1.438744161870132, -0.4100867249147161, 28.92675824954442;
  1.03079657972916, 0.188145414074973, 19.97928257711581;
  0.4103132255952046, 0.6037121515850512, 8.301472788318133;
  0.9148152753490851, 0.2825535473908534, 17.09970181788827;
  0.9841267785630329, 0.3990711384349404, 17.83848322014742;
  0.8625271430477183, -3.399358701289679, 14.43834562679958;
  1.050614273228482, -0.190498345922109, 16.68933739381057;
  0.5995207623351211, 0.5702398397026273, 9.870855266772587;
  0.8164035013106767, 0.2186780408590796, 12.74344196210163;
  1.063870222112833, 0.07727100864968593, 16.23681638531005;
  2.040672810946639, -0.6543104854688495, 29.1514288196677;
  1.139527505071698, -0.0925648830347254, 16.47594205515771;
  0.8917744411683592, 0.4603549120504674, 13.03972948820179;
  1.060978799126339, -3.263281150836175, 14.97716647412046;
  1.05685406492044, -3.377736218328537, 14.52431120152003;
  0.543332007728033, 0.6104880232935066, 7.884504436439155;
  0.8898338021233528, 0.3143208770248129, 11.9935095644081;
  1.235465451195045, -1.62383045187964, 16.30907256065509;
  0.8893469501092205, 0.5268221317972016, 11.43366460374686;
  1.131849511862834, -3.153885765510656, 14.27593549496922;
  0.8913190104039502, 0.1429130788385598, 11.02393752127871;
  0.9060770540253393, 0.3653029238240071, 11.1689579555538;
  0.8931357673814659, 0.2488418778759858, 10.97542131466947;
  0.8241303163680769, 0.5545795151777967, 10.21831761405663;
  1.27287081399729, -2.850741027474144, 14.78783525164461;
  1.589574173815091, -1.858100849676786, 18.07556583813161;
  0.8740787454413947, 0.2924900937095937, 10.36243993829516;
  1.30366702372732, -2.186909920118529, 14.48800926696152;
  1.342744558491868, -2.034296221861476, 14.92604905046738;
  1.423386151757138, -2.727282306400913, 15.00556993208724;
  0.9276733679974535, 0.2053909178331532, 10.07661563152228;
  1.003520017154375, -0.03341726064599709, 10.76972792855386;
  0.9768472098310581, 0.09425191550663303, 10.4391118187604;
  1.686132156546374, -2.068194933498852, 16.88380944397111;
  1.627988079631282, -1.915067180863676, 16.2344858005789;
  1.863254478869884, -1.549502236509002, 18.20004380317308;
  1.674153095538182, -1.744089416670195, 16.34430333686279;
  1.553598331353122, -2.555869639087681, 15.30773594876411;
  1.545287783923569, -2.286933679123494, 15.05844092816678;
  1.49831739094688, -1.656154167130164, 14.57369202958754;
  2.235768322481862, -0.8340038857489459, 20.73500193325263;
  2.030513606223065, -1.145087090194619, 18.66044665882492;
  1.006623267129292, 0.0130936143303539, 9.864275175893869;
