m=[-18.77079991402942, 0.8628976135758253, 23.5137169015969;
  -17.60813150938403, 0.8040790650193203, 22.36925673645599;
  -7.141113495819687, 1.156137655202382, 9.884504074735704;
  -13.49637504418857, 1.131919570576292, 18.17658891655598;
  -13.86052255606136, 1.030690919851899, 18.66072361501172;
  -13.28676492506481, 0.7083962583645892, 18.14730431741764;
  -9.204492779238542, 1.111824538744719, 12.98950035448361;
  -4.201563334316998, 1.276334979854605, 6.649408487814559;
  -5.378829729078571, 1.151335990132965, 8.568893445284365;
  -8.729091709840773, -2.411135946415687, 13.7676777863534;
  -8.704935352807215, 1.101905395210395, 13.83935491142064;
  -6.30846458224525, 1.14408827787537, 10.53278083165362;
  -11.70206880161677, 1.014180557365475, 18.96303896777323;
  -8.36531678395883, -1.662631859602386, 14.33017888461307;
  -4.18109884145139, 1.236698141650516, 7.716284456265059;
  -4.592241629315636, 1.208761277720352, 8.540136996848705;
  -10.98051750604426, 1.206440857233289, 19.22639617633905;
  -6.89561369239238, 1.125343245951394, 12.5584709868757;
  -4.649377045943124, 1.143894962963809, 8.837232844158622;
  -4.419840700267192, 1.229115820782583, 8.697764652768059;
  -12.45076142178325, 1.088515265895121, 22.78698184887884;
  -20.70805222031853, -1.068062894693389, 37.8698312950901;
  -11.81389468172994, 1.174178355767424, 22.01486190979117;
  -4.389582221180089, 1.256424818926222, 8.827880771374442;
  -4.357753589746961, 1.212897046548107, 8.866186789159597;
  -3.46439984911104, 1.341635409495041, 7.251252450137189;
  -7.006500358323331, 1.148211667282234, 13.7643102583522;
  -3.891797694652913, 1.268828496177995, 8.589261776935002;
  -5.547371441341903, 1.215571726666769, 12.221492529519;
  -5.581795942948017, 1.148651482333299, 12.77701270175574;
  -9.459778458874766, 1.090466179052327, 21.25516111227814;
  -10.57459895135237, 1.05948391425043, 23.6585597675009;
  -5.197793342562925, 1.169837564975405, 12.17547567043749;
  -8.952936484742795, 1.214257300485754, 20.27341020106367;
  -5.533894555254669, 1.178497159772878, 13.04680210971599;
  -5.410599137500484, 1.104287866784443, 12.84250134021459;
  -9.199308096509153, 1.19180799597496, 21.18891167514727;
  -7.575076953996018, 1.194926110847286, 17.67202184150733;
  -6.65697585575512, 1.130199308422094, 15.89006895288593;
  -2.7695852802118, 1.484641485876966, 7.2035469412024;
  -5.204220481074985, 1.072618288551612, 12.69897776922882;
  -5.296787905000059, 1.178533196947937, 13.02281384381345;
  -4.999860818825024, 1.207465121408918, 12.37981985201826;
  -5.883474890581281, 1.148561206822465, 14.71407582424146;
  -5.210314645224763, 1.167706278094332, 13.19776677823409;
  -6.67683947678752, 1.140904986907043, 16.63418141029801;
  -4.726637036528703, 1.182125302306432, 12.18747474225311;
  -8.242048065336768, 1.10270226900868, 20.5686152079594;
  -5.575419102817568, 1.175451569381536, 14.29155293206298;
  -6.276587269874697, 1.159245797029805, 16.00638707860075;
  -8.656244289857414, 1.068977976087718, 21.97118292925182;
  -4.964174514078849, 1.286774182348848, 13.24429505342604;
  -18.04755007704193, 0.3620332560444201, 45.64224195315116;
  -5.101040113142038, 1.191104018132041, 13.62221041190435;
  -5.35153174752748, 1.115418469190057, 14.24221587355578;
  -16.70713747240613, -0.05664289774415376, 42.40089950256911;
  -18.70986307117929, 0.2196649275362488, 48.00385463604518;
  -13.06958302616247, -0.5626573157034223, 34.39609931619132;
  -8.287675282107557, 1.142833733710887, 22.16870481086573;
  -2.587633049835658, 1.51068451133281, 7.607776937814372;
  -13.13166795288716, -0.8044016914272416, 34.72618150356905;
  -12.86738625171805, -0.7110674394527913, 34.07672988964283;
  -8.290415861523373, 1.21130890391568, 22.58745231311712;
  -7.329975834167136, 1.22804114576853, 20.08896931771946;
  -11.22496023426839, -0.9030939670807471, 30.72684085556881;
  -12.33017254977278, 0.4381778199839468, 33.95627852643255;
  -12.12970444930453, -0.5307823255749016, 33.70838938598327;
  -12.24837974831213, -0.4390128083190692, 34.36079051570923;
  -7.136684382676101, 1.232966532327142, 20.49066578365553;
  -12.36406002687219, -0.2595055896779117, 34.95292459380811;
  -11.10208534569955, -0.6402540035605372, 31.49706265431859;
  -9.804778083387379, 0.1799394483606071, 28.05710633837933;
  -10.21780719510684, -0.0009133565323853376, 29.29141736058247;
  -11.07827055052988, -0.5916003022782013, 31.94502354531096;
  -10.40512401670478, 0.4223868247971641, 30.23251859450671;
  -10.73994625973436, 0.7136627413281171, 31.61545418972505;
  -7.529023987617179, 1.1821876668685, 22.62852489552301;
  -10.70096219461961, -0.3099233141296052, 31.76596510270629;
  -9.24940905060641, 0.8868151894300572, 27.88844561140511;
  -10.71196288964489, 0.03851198166600895, 32.30195067733123;
  -10.9198892806208, -0.4921648348620104, 33.16035740249156;
  -10.12222071973054, -0.3323029107975946, 30.82727028537751;
  -6.546039927601866, 1.195072392913392, 20.31136570736362;
  -9.970487944845287, 0.5632292427209292, 30.47456370366106;
  -10.3472465197304, 0.4486405316575304, 31.65257561649228;
  -4.003616199322472, -2.062443396211774, 12.92640251758356;
  -6.455082643338742, 1.25566314984218, 20.19138959105939;
  -3.388319162686095, 1.295008640269609, 11.0708097347815;
  -7.324850492104603, -0.8074990275904093, 22.87288476200753;
  -9.846966346083041, -0.09207891312046167, 30.43324906106083;
  -10.31185065427776, 0.4000185818324659, 31.89105676132554;
  -9.478962876414681, 0.8055548652607842, 29.53450699632424;
  -9.910967355340677, -0.247227858376545, 31.04132249897067;
  -10.00040338454851, -0.5140273956342808, 31.34112783909028;
  -9.817879407134429, 0.7049085276736933, 31.27277991469337;
  -9.448429746854913, -0.3054929942098483, 30.2018017010146;
  -9.203590721843167, 0.7706381525238779, 29.44408087573438;
  -8.263185435273037, 1.163824264983117, 26.74505692954624;
  -6.798488900973422, 1.243423585768583, 22.30129793601149;
  -8.307963033674756, -0.6013886515809805, 27.10850149447169;
  -10.85514608843561, 0.8155521462202956, 35.60193917862178;
  -6.838199785838796, 1.172433706304861, 22.91192434290674;
  -6.252754216368279, -1.251856675984484, 21.14927699963274;
  -3.87327773881385, 1.182686103336445, 13.62174265875319;
  -2.83968313259316, 1.381240341235375, 10.45829316269196;
  -6.456411287317435, -0.08664089431749886, 22.56149078503383;
  -8.298670857366387, 1.248353575180207, 28.70270274938875;
  -3.453423751060232, 1.338758339485978, 12.6178353952391;
  -2.771705869625626, 1.394755139575621, 10.48242409622837;
  -4.094289203465563, 1.239324397765792, 15.06633703372963;
  -3.445508516195661, 1.378336539170896, 12.87357832451897;
  -6.104223480153539, 1.235786067590597, 22.10720275519962;
  -3.359620199152661, 1.262007548708425, 12.65814534927952;
  -8.933334866469812, 1.016717445444858, 32.80531990148893;
  -9.141852098672002, 0.5868441329311365, 34.35151143190261;
  -6.297056820766705, -0.3326733104916076, 23.99272992074348;
  -4.335770469671153, 1.213092405915326, 16.99435223468464;
  -9.191570168509799, 1.334695561101229, 35.00932217938998;
  -9.446084658660917, 0.09883822886166988, 35.97341342496635;
  -2.866079816769127, 1.349158402301046, 11.81845641433824;
  -9.369471803617644, 0.2046515327629624, 36.8082330591533;
  -9.268613867089792, 0.3761648154858494, 37.07073823967074;
  -8.61071222007563, 0.6920451121701008, 34.51576498877783;
  -6.776806165564776, -0.9976244816543508, 27.73671713205019;
  -4.281477246937769, 1.211836203163955, 17.93136306143115;
  -3.975957145936055, 1.284514808419628, 16.81085120976399;
  -8.665520967510364, 1.101235697755262, 36.21873388137649;
  -6.089987380399856, -1.362829311466044, 26.02128127633474;
  -5.192379239000832, 1.141116993467734, 22.30071343610308;
  -1.740147805926274, 1.705777839859511, 8.130808280103899;
  -8.603391188323739, 0.5885762407354179, 36.67125756985104;
  -8.274298859559616, -0.3551939005997803, 35.53058826754958;
