m=[-12.78033427583647, -0.4114437482839824, 17.38426267044284;
  -8.298465873259405, -0.9215059331387877, 12.12475990896111;
  -8.217834444634441, -0.8450692693666789, 12.105338912737;
  -11.42933235367101, -0.6787891532316733, 17.02884531457621;
  -2.742889111396842, -0.4843087582421249, 5.893201266055919;
  -2.732994722770441, 0.2038480803826125, 6.586037247570104;
  -4.554254093199689, -0.4208957898298967, 10.94254494308218;
  -4.415009408759217, -0.4506457676188198, 10.8926429563831;
  -2.369337833476914, 0.2481442175430744, 6.323536526340416;
  -3.741194436175721, -0.3395216253977921, 9.609961824346032;
  -3.50627013032825, -0.04375668503696685, 9.370767480493742;
  -3.443962114832817, -0.1001953265067031, 9.22412194011012;
  -2.371687161436761, 0.1313135521229914, 7.132281866570366;
  -2.230637184822394, -0.700545734418521, 7.600705657021378;
  -2.196228839269409, -0.7598519567378869, 7.585920847884195;
  -4.332099138280045, 0.04680696692611924, 14.51071355176593;
  -3.185045581322012, -0.04157421775623077, 11.36916876617031;
  -2.100707190215829, -0.7063540775519859, 7.92662501888092;
  -1.363789906704883, 0.246625689832384, 5.619219401590168;
  -2.979621903500035, 0.0443480854748023, 11.20588027945495;
  -2.97188932474025, -0.1108677663884585, 11.5476813865012;
  -2.929084936752832, -0.2270831691999954, 11.46114024907885;
  -1.605394147951252, -0.4224361688443921, 6.949034738506382;
  -2.983242025758528, -0.131828207206671, 12.09436233641287;
  -1.62337350712195, -0.4493726976177231, 7.051636517068782;
  -1.502133826714181, -0.3777495693466847, 6.951174717591832;
  -1.20025766851338, 0.269217175394494, 5.778393299562938;
  -1.454184135741617, -0.4564581060396846, 7.07883404864423;
  -1.441037760051101, -0.4900632915396503, 7.036390226075216;
  -0.853634785315022, 0.3381764986763506, 4.573794324996834;
  -1.433865686672511, -0.5015980340691977, 7.02822200019695;
  -1.270173382387081, 0.2327216240581684, 6.675456470264408;
  -2.659265060899812, 0.04972029004441825, 12.98870459982319;
  -1.339885998996387, -0.5718691976392695, 7.160629715042576;
  -1.188281399357916, 0.2447551745756885, 6.462349989808886;
  -1.28570786780037, -0.3815724518014802, 7.230428182788722;
  -1.103357836063846, 0.2564485273448852, 6.55521675123964;
  -3.198749581424147, -0.1290980141290496, 17.6535482547601;
  -0.996084151704988, 0.2549914119709988, 6.240943922315185;
  -2.93442711937836, -0.2334664183470395, 16.971739487574;
  -0.9095480638941332, 0.2940312536549846, 5.986624443053445;
  -2.109083382645914, 0.08389904971045545, 12.65209078039551;
  -0.8371540693452306, 0.3153905744466469, 5.715092502644818;
  -0.8737111024705875, 0.3769196447802559, 6.126369057724462;
  -2.875813006983599, -0.1152434302440189, 17.90429648711765;
  -0.9379818315360869, 0.2660400631114445, 6.655751776019547;
  -2.9225100682556, -0.1410972739020937, 19.21813542077323;
  -1.734620532486822, 0.1319881524321836, 11.95284858626319;
  -2.556038142790929, 0.0001937505412176114, 17.18977716057302;
  -2.747377563183443, -0.1417197561950302, 18.69774129091327;
  -3.003308201138592, -0.7153306450713719, 20.52405604164986;
  -2.747716445470269, -0.2421875014638913, 19.01052987321293;
  -2.643890662554954, -0.1230736165160287, 18.96630994438632;
  -2.508092342766077, -0.7072885451003219, 18.24859148422764;
  -0.7903163800843805, 0.3198237118620883, 6.395842675759973;
  -5.05005685786178, -5.312669587152622, 36.77318810767814;
  -4.331273294425374, -4.434913404823102, 31.8344951012668;
  -2.614719117595703, -0.6151004923443848, 19.86411342780123;
  -0.7703159198584355, 0.30197503579517, 6.610560857078124;
  -2.912133916425556, -0.4208120974703558, 22.54887350553274;
  -4.307851056825372, -4.856922159752138, 33.918604008229;
  -0.7295196912671574, 0.2947620945421635, 6.690961426195219;
  -0.7073756918704511, 0.3256640788765916, 6.577255725035115;
  -0.7089308384195244, 0.3027344469054461, 6.63740316964634;
  -1.601193473086171, 0.09020053239538986, 13.82365361187606;
  -4.341941000753136, -5.536463269378833, 37.17833286178126;
  -3.032616483625519, -0.2587541319438512, 26.41906408502519;
  -2.48042744838133, -0.730621822890442, 21.93229889986213;
  -2.9380162251033, -1.375771208059369, 26.63932850507789;
  -3.443467675929136, -5.089711968776054, 31.61778294532065;
  -2.468102625519228, -0.4869858651352974, 23.34352423306931;
  -2.011518208282257, -0.6548913862693718, 19.53049292794148;
  -3.332226716234305, -4.315764311711433, 31.88437119232722;
  -2.280148847919961, -0.6358121483427179, 22.17203742675035;
  -3.360138499459483, -4.617442309104447, 32.39101799516806;
  -3.230561227611479, -5.833979315194335, 31.14102866398798;
  -3.18206196904648, -3.985335984798792, 30.88654696020044;
  -0.5662841357506943, 0.3056920542130105, 6.413925049231886;
  -0.9622008812342594, 0.185748819137115, 10.204327823226;
  -1.750034883732027, -0.7227923256149406, 17.82599610244546;
  -3.156829844096928, -5.651833816802729, 31.60889603372432;
  -2.863386274601938, -4.252040442030288, 28.9399703356612;
  -1.637009569535932, -0.08709724047962628, 16.44292616604346;
  -3.550157286219298, -3.322443081944984, 36.10429632516077;
  -0.5410135178213726, 0.3889147389573854, 6.393422399296166;
  -2.908068723879949, -3.827792758954694, 30.55744820497176;
  -2.918763014856709, -5.627339310127767, 31.91133625154967;
  -0.5010254088427674, 0.3993610844712908, 6.260591431013588;
  -2.775539251882226, -3.781093066370371, 31.06390405113741;
  -2.624586666316825, -2.43087998246212, 29.49608584178166;
  -0.856893115668526, 0.1981064775817109, 10.23506132911833;
  -3.14864957576654, -3.809722806720825, 35.61803513642983;
  -1.529759479504413, -0.1063556183810634, 17.82574544550237;
  -3.24060551186184, -5.887537704949772, 37.55249048515993;
  -2.108981834812536, -3.368811082508161, 24.86661045919872;
  -0.3145702739591536, 0.4538403800143017, 4.539210069417432;
  -2.755464842955234, -5.372997655935367, 32.63806752366207;
  -3.922845212528018, -3.790624465906272, 46.98878446807519;
  -0.474032369702323, 0.3492200405250336, 6.529163071346468;
  -2.824119999490217, -4.784667064830558, 34.60291707327911;
  -0.4477282141760321, 0.397515928214751, 6.274198183909535;
  -2.510702520070046, -2.540407645204905, 30.99596016660466;
  -1.32643834269832, -0.2197067765436321, 16.69695798092086;
  -2.480138912037579, -3.840410736681329, 31.49762378024739;
  -0.8979599064099928, -0.4286475143062313, 11.97754831846872;
  -1.756984374854536, -1.307929127609795, 22.91345309043793;
  -1.95220756509798, -3.573634960345678, 25.28769881564205;
  -2.516712778244237, -5.183132464988187, 32.75026181122494;
  -3.183577943195518, -3.848882015088585, 41.14796641684854;
  -0.8977242625144314, -0.3163648083241543, 12.48702099650648;
  -0.761764314760637, -0.3365671245551577, 10.79942481840505;
  -2.424307445097307, -4.210990256146478, 33.33771817149871;
  -0.2509448807342909, 0.4445943307176034, 4.398996842828457;
  -1.927132561673812, -4.516217354890013, 28.39510804020135;
  -2.979320207433527, -5.881903438892542, 44.39800168020405;
  -2.289329801235156, -4.384844719647324, 35.52060681717691;
  -2.321766148235004, -3.309387401478365, 36.46900261185017;
  -0.8992420578742103, 0.07097188270050027, 14.66920842085458;
  -2.158563826177977, -3.701033829915146, 34.97353500922097;
  -1.870912957946206, -4.343837381020549, 29.98367238249138;
  -1.845177495660113, -2.325719488235335, 30.70374028457794;
  -1.299276859979631, -2.333000782780882, 22.48901990172004;
  -1.902883913959554, -2.762645760918064, 34.07804718895447;
  -2.000113358416808, -2.720255481860764, 35.85500364629004;
  -1.242364486423229, -1.169433778481525, 23.27580574637052;
  -0.4658094870853607, 0.3103210178222524, 9.332843907137821;
  -0.4499844519904114, 0.2974107093937492, 9.687357937048404;
  -0.6568516548518766, -0.4136290584392204, 14.80084876419615;
  -0.4258910705144554, 0.3125042162290524, 10.66880144625054;
  -0.3920671727328118, 0.3585673314378996, 10.41529803899508;
