m=[-9.818567674861868, 0.1691290552782032, 15.23043040741612;
  -12.21415254773977, -1.14584556834965, 18.77275734932526;
  -11.26096006652965, -0.965528475386617, 19.24692153360193;
  -11.61035811905976, -0.8937461150124885, 20.05665981818602;
  -2.659765515059735, 0.5328479144897474, 6.071468055143436;
  -4.871542285469771, 0.4535862241389794, 10.48437050922168;
  -5.092503882557388, -0.6932318564556048, 10.96612162275753;
  -4.67199278384125, 0.50077724139608, 10.30747121853056;
  -2.0320506240605, 0.5669167245305885, 5.155262978729777;
  -4.403299757269921, 0.4715611913324059, 10.51086692834383;
  -4.268143372605722, -0.5402990360846989, 10.32304629774627;
  -2.168828818701345, 0.536734484996192, 5.785434869071299;
  -4.185374325091679, 0.4938968491220782, 10.96128059788485;
  -7.591995171238287, -0.7922240212051563, 19.11725443829913;
  -6.757030702990615, -0.4729351008762454, 17.35055554584731;
  -9.54922899050986, 0.3882647769883738, 24.71159378401905;
  -3.991853639291326, 0.4899186098828343, 11.08382219538318;
  -6.314811118027953, -0.196623544760724, 17.08955820630837;
  -6.315109397200994, -0.459154951850751, 17.11676411030962;
  -5.604235204649587, -0.06843961308494732, 15.55184448027988;
  -5.696580049105728, -0.1790110480071546, 15.86214712233514;
  -5.482412493640225, 0.06121400271500258, 15.49041037104987;
  -3.288567261493084, 0.4999674521297442, 9.763291456570718;
  -5.324482972083685, 0.1930755958915374, 15.26818323569437;
  -5.367314922357614, 0.1006437701187333, 15.50518456941098;
  -5.005336119718444, 0.1225744960783493, 14.88606081375884;
  -4.972257333999359, 0.06067904005965445, 14.81770828961223;
  -1.714025797640683, 0.5770374187345048, 5.770813696215512;
  -5.059135375154108, -0.207184391183293, 15.20822354506734;
  -1.673294317195538, 0.5935829218217555, 5.671438826254198;
  -4.892156621428407, 0.02976641974160916, 14.7442356491761;
  -5.076382855403424, 0.2706093152429452, 15.37646921455504;
  -4.907635823432532, -0.2752075810220473, 14.95966811248802;
  -4.76232448453846, 0.2443686942792845, 14.81130315566874;
  -1.471176181983719, 0.6005777891443198, 5.470185198553894;
  -3.138674990745817, 0.5148010433660601, 10.92828715109021;
  -2.018390985685393, 0.5375884748816288, 7.751897758431063;
  -4.468635014475869, 0.02761186152292445, 16.25640125957191;
  -5.012919306821094, -0.09354238030809459, 18.24874099644647;
  -3.405140381719156, -0.4772179895466554, 12.72829544101793;
  -1.92777561547737, 0.5495463489348985, 7.733916646506192;
  -4.745871479797121, -0.1403678110684801, 17.69507173470742;
  -4.915037146485145, 0.5209953144399742, 18.32419646292974;
  -4.902385775708723, -0.4405726090258083, 18.71354651568901;
  -1.924317983140786, 0.5434552037202326, 7.969902410951392;
  -4.909363989666766, -0.09362851405517511, 18.89922558172777;
  -4.799278262967873, 0.4503228177810132, 18.55361830573684;
  -4.78560814390511, 0.1866943131211556, 18.7691308011756;
  -3.140450513956554, -0.7798789627523294, 12.66406196236058;
  -1.783756415421641, 0.543705517227596, 7.626108688438325;
  -3.147968188391976, -0.8438378056257105, 13.01278692150624;
  -1.701529843506167, 0.5569779523591351, 7.464324907843669;
  -4.608839999532879, 0.0536950272704504, 18.72436037244658;
  -1.638286924270393, 0.5784070892155285, 7.305921969926216;
  -4.443312388172102, -0.1410444551406266, 18.44382389774971;
  -1.109323093035347, 0.6529975342680103, 5.318549887646301;
  -1.603105608160471, 0.5578757285697205, 7.269648420236426;
  -4.386651247419298, 0.0995801638321349, 18.33497840724743;
  -1.699223555019185, 0.5427776713018834, 7.795362995750972;
  -4.648018929131134, 0.01714752252550616, 19.77034438775245;
  -1.373088961243258, 0.6177687793219563, 6.658532424713206;
  -1.512806208688375, 0.5809772998802768, 7.432276517964461;
  -5.203751454344342, 0.4525936020869761, 23.27871273733825;
  -2.532441818977606, -0.4313669052786984, 11.83101783580322;
  -1.273678402500013, 0.6015894174100335, 6.443598827787451;
  -2.678664246564927, -0.6528434074080506, 12.72621157279134;
  -1.783857348894125, 0.5398553134198681, 8.850249797926065;
  -2.377172460918337, -0.3193234208611657, 11.60907316919345;
  -1.941817277777054, 0.522388819768263, 9.656634556881595;
  -1.438061600965632, 0.5802276852681905, 7.419592258464947;
  -2.570962206726168, -0.4082329588780994, 12.5772855048425;
  -2.362423493475595, -0.422240023519727, 11.70563781343753;
  -2.369501644511794, -0.4545566656370237, 11.74513933891371;
  -1.65216114423547, 0.5527625700389186, 8.481335448616081;
  -3.373050817033962, 0.4217569782021723, 16.42848962973103;
  -2.120076385600412, 0.5114628766513268, 10.70092177713371;
  -1.45168404448686, 0.6423770791159843, 7.782462638519799;
  -1.765314016902849, 0.5560711476792164, 9.247261573749736;
  -2.98863751644503, 0.2382379547469266, 15.04215794499292;
  -2.029058428297824, 0.4536932968669988, 10.64266058364545;
  -1.800657416949513, 0.5373521383653961, 9.573909463989812;
  -1.304090234359705, 0.6074739298516451, 7.223993231192261;
  -1.443830361517912, 0.5908359280069501, 7.925667344687543;
  -2.333949778517459, 0.06951503267986015, 12.25180261128535;
  -2.264818248802941, -0.3655900789902414, 11.96691260657523;
  -1.926450902014723, 0.5364703966953307, 10.31281619514298;
  -2.825943312565527, 0.1253216401760614, 14.70329845199816;
  -1.616412291446403, 0.5768979454047352, 8.907891675544331;
  -1.894961171704805, 0.5078670654051455, 10.35494242795884;
  -1.74548285107682, -0.5825296375080257, 9.642230449619998;
  -2.199058482302039, -0.3523002828946256, 11.92867483691182;
  -1.879839708478541, 0.5422331398824896, 10.36210923502498;
  -1.150775528031138, 0.6567196597208587, 6.760466273408249;
  -2.141158342487756, -0.4075703807993278, 11.81664927056238;
  -2.408097379363722, -0.09460635380802727, 13.17121719299258;
  -1.397171812748318, 0.5903114146319526, 8.05182862179524;
  -1.725833335707271, 0.5442139204064429, 9.752547725411763;
  -2.117806497992547, -0.4655035460551742, 11.76703290001487;
  -2.223317037939074, -1.002196050387634, 12.34413739319787;
  -2.082465277554605, 0.493252151890244, 11.63399969389446;
  -2.219190829356383, -0.5425524635492196, 12.35233752865844;
  -1.555995604910596, 0.550794553091142, 8.991197993252916;
  -1.194129760002619, 0.6558126704738012, 7.160319826932208;
  -4.18888302967182, 0.4702137280587568, 22.88991052795724;
  -1.980955960286491, 0.5061004881692498, 11.46733611401128;
  -1.074238907906197, 0.6624464753766916, 6.683201980057476;
  -0.8718436159212216, 0.6922101436000451, 5.639907106933649;
  -1.98797572047001, -1.384832044568974, 11.67609977660546;
  -4.489017416728259, 0.3741247958584565, 25.24503102845487;
  -1.719344901984213, 0.5400165649276431, 10.29705728693071;
  -4.196154430165468, 0.1614714221264978, 23.81079182198408;
  -2.026867647540714, -1.438796954764988, 12.08364333207625;
  -1.066380873579963, 0.6478501715783666, 6.809093537476987;
  -1.467490201541183, 0.5487627811698388, 9.023522497093458;
  -0.8542799922133709, 0.7584334172834161, 5.642853938759467;
  -1.027524359173472, 0.674554207892575, 6.706042277654277;
  -0.7978645169088019, 0.772540439411057, 5.516035703393765;
  -1.763214040918054, 0.5434555809877978, 11.06985185963612;
  -1.304433142819628, 0.6137981642816967, 8.472690071835986;
  -1.907603803516572, -0.3096368427940749, 11.99243423466453;
  -1.9739114155955, -0.3730626281508616, 12.39648974447746;
  -3.718889438456645, 0.1031205639476656, 22.81733631046093;
  -0.8025013793170487, 0.7657878305729253, 5.693514795875503;
  -1.568513630142729, 0.5609529228548327, 10.29401184823524;
  -4.426966773584638, 0.4456804027082029, 27.49943849241434;
  -1.369692199317393, 0.5923559354119111, 9.241375524320857;
  -1.502668914288188, -1.584035117622944, 10.07376536202368;
  -0.7498269157674701, 0.7811302731269973, 5.622606013245556;
  -1.18059429477441, 0.6234865001152971, 8.400798775684923;
  -2.975702035054562, 0.5373077910931322, 19.77865556366875;
