m=[-16.92300695523521, 3.597548510517474, 25.31325258906199;
  -40.46211427589635, 0.4372640645984341, 60.99524652700508;
  -15.14728425423967, 3.787668702121132, 23.67455531655991;
  -27.05091023182297, 0.5280840394960786, 42.62125795654323;
  -14.34182629648998, 3.839015974502329, 23.22589021554021;
  -25.27057901700056, 1.325250519178905, 40.44405308258455;
  -25.25144369403227, 0.6590072603427728, 40.49816044793182;
  -13.48136821838816, 3.872482389793798, 22.54621071622756;
  -14.02830869089167, 3.761719728754853, 23.69939922195098;
  -13.26219858897709, 3.878123500931829, 22.77852377267633;
  -12.63566295233824, 3.882442141927456, 21.9281108036683;
  -23.87690070075569, 0.8401019876679207, 40.54558079583173;
  -11.90103802079482, 3.931636202106734, 20.9241950298774;
  -11.09844317469831, 3.959144881434757, 19.75060120759022;
  -14.63389516060863, 1.24510636534785, 25.7908043733953;
  -11.60123640675962, 3.678799287407475, 20.92767218294193;
  -13.32682817748521, 1.872679698999434, 23.94609611751875;
  -9.99371501434781, 4.062780307294057, 18.3883042605934;
  -12.93360404564623, 1.916388621547984, 23.41515356497517;
  -11.60599067825856, 3.849960749879895, 21.25283427558072;
  -11.11024107548322, 3.8922957125349, 20.59102407883808;
  -10.21812464649962, 3.936550103550072, 19.43332666476883;
  -12.05383107021715, 3.742092560648902, 23.02391022721206;
  -11.9412222654335, 3.773272746809358, 23.42105164085453;
  -11.54469864064148, 1.602680661204163, 22.91851354995497;
  -8.788921415276965, 4.00010791855396, 17.77819921714927;
  -9.904729220553566, 3.706446477893779, 21.87243461786943;
  -10.02916440719399, 3.777359711925243, 22.68183925442575;
  -10.53488586557115, 1.742533663846008, 24.00245041345886;
  -9.04756167145098, 3.788827884156133, 20.88441258857151;
  -10.25270807874306, 1.751150337931626, 24.19784095526163;
  -10.02931860379502, 1.79778169549351, 24.33561722925641;
  -11.85770766458552, 3.157358510081561, 28.71001967692043;
  -18.79061880551025, -4.18899412836202, 44.86329411795013;
  -10.95560207958039, 2.501191330121383, 26.79273134083589;
  -10.72871937202558, 1.358626083898875, 26.28670812858858;
  -19.21410217992629, -1.965037520922617, 46.23900111844672;
  -10.58244923329621, 0.8655975409322467, 26.1785383611079;
  -10.74486964408094, 3.617214641740192, 26.75971446928408;
  -9.61594610155276, 1.650876141569506, 24.29554506355682;
  -10.34330337316444, 3.635086261760436, 26.42014374416802;
  -9.557232339587909, 1.366245761459299, 24.79761391057136;
  -9.466647816914064, 1.541566654341272, 24.86855695660391;
  -9.455620493128686, 2.217153860439626, 25.01181606042229;
  -9.448539014626107, 1.430642387889985, 25.07807037989828;
  -9.436268886143745, 2.049779937380635, 25.11848235797363;
  -9.469523774895224, 2.157044671080673, 25.25950902322979;
  -8.902949469940108, 3.607662752389655, 23.95841377661355;
  -9.810986369000645, 3.637835095861177, 26.49979512805069;
  -9.853739766301628, 3.493139923094048, 26.71897940994847;
  -15.32411893378092, -8.568672545234774, 41.91429645712559;
  -9.890774406577902, 3.359499097978117, 27.71222757076905;
  -14.80494864099322, -8.89136574694416, 40.88800810030553;
  -8.468350155059749, 3.324337781929847, 24.40443887572485;
  -13.91663897295466, -8.434143196112304, 39.66470829385616;
  -5.675064920511021, 4.00854462753562, 17.79447314744587;
  -12.80165543785749, -3.504485182063854, 38.18984774081565;
  -7.368716222412268, -3.612740069187938, 22.83204377873732;
  -7.530757966640467, -3.491656392470727, 23.51013169335385;
  -7.321959673483273, -3.464929746477521, 23.54098561540909;
  -7.984593799808718, 4.037681909698296, 26.00974194248144;
  -7.740245788119501, 2.639006953941039, 25.44731595994511;
  -7.38857488352031, -5.43447272000654, 24.56050793247236;
  -7.407924182885393, 3.239356420485679, 24.69357401689013;
  -7.234704104373974, 3.461680143264374, 24.15589732156555;
  -7.224516052695981, 3.022204084179002, 24.169631357673;
  -7.092115959032562, -2.228590273105701, 23.91130206937912;
  -7.065189846494003, -2.425126602710119, 23.82825498329948;
  -7.039556918020695, 3.496355821317259, 24.00031899388567;
  -7.017367484877553, -2.894958564558893, 24.04453025497616;
  -6.856908195219297, -3.906970110109707, 23.85210815661083;
  -6.94985297629776, -3.513997834964483, 24.25229010336103;
  -6.97054939287183, -2.321907354279026, 24.44194682637343;
  -6.910680044665757, 2.729524655946955, 24.70989555185828;
  -6.656609256403518, -3.688010231914757, 24.09271945711528;
  -6.70030798426013, -3.261170886878543, 24.25185382273637;
  -6.552248061159575, -3.712210559600242, 24.2540167677522;
  -6.576181168947727, -3.251382541103872, 24.34470863203677;
  -4.767783732469639, 3.811242378113914, 20.26514841714213;
  -4.584139616789917, 3.815044177759626, 19.57041086307996;
  -4.262689511097666, 3.923715641453291, 19.34735032320523;
  -3.973581928163199, 3.934234848757359, 18.95221466383532;
  -4.342405053017327, 3.882531774509666, 20.55532521277646;
  -3.607789745444449, 4.0083023635391, 18.15053044120774;
  -3.732701696433826, 3.972695296636643, 18.72224451726574;
  -3.469239105312893, 4.039411942658578, 17.66315409237046;
  -3.489694781662452, 4.019589713394203, 18.51074701454837;
  -3.742676820765375, 3.850687280288489, 20.92162991764327;
  -4.90482228726794, 3.317946346213746, 27.50636889432352;
  -3.56110229783073, 3.846632575448309, 21.07225758239509;
  -2.987476193166588, 4.078026800183022, 18.20530832857436;
  -3.425333904266114, 3.906070628626206, 21.58017572799738;
  -2.996281703214965, 4.081095279364743, 19.13865305826398;
  -3.213476859822975, 3.877428232607088, 21.62923558893198;
  -2.625010464072636, 4.075415848056332, 19.43352175024518;
  -2.454814621771296, 4.101016130372353, 19.75017385068644;
  -3.522559694534043, 1.234220476712194, 27.47309601663325;
  -2.673072789022045, 3.861128221190727, 21.94286730251619;
  -3.695528538982567, 3.486736898732167, 29.70887882120728;
  -2.157787110348521, 4.049704636223191, 19.34640896245939;
  -2.426517123154065, 3.956994623076061, 21.97472769070642;
  -2.206097918793268, 3.839005463449053, 21.12596142599645;
  -2.170347585548415, 3.977080714154571, 21.66254637603441;
  -1.96893893783362, 3.928690233595949, 21.17812544588784;
  -1.767254482986434, 3.964765668162531, 19.7653884112536;
  -1.799911489227911, 3.871109166295704, 20.62356906088228;
  -2.480825346584801, -2.824428131298054, 29.2175150794969;
  -1.68701475593576, 3.948112913398795, 20.83720863779954;
  -2.431837624280034, -2.975993659063769, 28.75642588689318;
  -1.566741107803808, 3.960023815536561, 19.91996968154445;
  -1.66670296257641, 4.080465851630263, 20.95935734960161;
  -2.162532918588817, -1.657436333753559, 26.82397939259609;
  -2.346176027963009, -2.681881847512408, 29.2961685519376;
  -2.258660542798883, -2.354312924136367, 28.90073185888162;
  -2.271591387276032, -2.505496680186259, 29.075696789572;
  -2.100530585067026, -5.410456152047148, 27.25325530053058;
  -2.166405958083081, -1.9884394668463, 28.20218143483196;
  -2.183763909296717, -6.135817870477095, 28.5636829603721;
  -1.974153353913832, 0.5381559829302646, 26.30400730376974;
  -2.204825435149828, -4.213830836964994, 29.19868904942398;
  -2.202359624153562, -4.054461881311786, 29.19541499873316;
  -2.204256043098062, -3.909233998897246, 29.25964641604298;
  -2.203536071749709, -3.759311589628488, 29.28365476945154;
  -2.133951642285521, -2.76593794033721, 28.59789975883908;
  -2.091455731558897, -5.17545784782635, 28.46141600261047;
  -1.872810682100026, -1.70770935615634, 26.11031471455846;
  -2.102763551507334, -4.886247806959484, 28.96343822073174;
  -2.087039131149524, -6.291061427861201, 28.93489453427204;
  -2.042796867969816, -2.330405266048348, 28.46438835299876;
  -1.97461694355151, -1.65676368039219, 27.78145058186542;
  -1.373437315481827, 3.979384071133445, 20.37803650530799;
  -2.076506314463078, -2.908286596372759, 29.38835144899922;
  -1.924898252595043, -4.898678268107696, 27.68405756727966;
