m=[-4.656709797871935, 1.137953619944109, 6.641915373565868;
  -9.51819909477087, 0.9169661503824427, 12.73493610839398;
  -4.601536974169751, 1.141467617210913, 7.048787341835984;
  -6.524710602409939, 1.029875388818519, 9.632825963167134;
  -6.379002941206438, 1.067315120464487, 9.687413112842611;
  -9.114178525512735, 0.915950479735691, 13.44382656252241;
  -8.719375723724953, 0.978339918645166, 12.91999561403951;
  -4.174931969698218, 1.174359233343127, 6.744505275551376;
  -8.715334658259913, 0.9896328012918833, 13.47588302135741;
  -4.517267425853912, 1.123696471053004, 7.458796589021115;
  -4.020739655218072, 1.172533307404522, 6.751827161510286;
  -23.94385421468628, -2.262886555942699, 36.30103263001934;
  -24.30761196196914, -2.090271642007539, 37.19111769823027;
  -25.67010271407366, -2.408187823022127, 39.45411746742395;
  -6.99369490099437, 1.025959098418337, 11.77988523173599;
  -7.020318176682566, 1.004475043437247, 12.06786608196403;
  -11.45655891497325, 1.061866869568541, 19.10531768331404;
  -4.018720450996434, 1.17557168703503, 7.470386986982479;
  -6.048840465957491, 1.030465387643453, 11.78181461255197;
  -5.416174084605428, 1.078274462465156, 11.01476262195438;
  -5.590457481308612, 1.040160576425358, 11.46310758475758;
  -9.822207123363402, 1.047752189267426, 19.71548649667879;
  -3.158918531439443, 1.270500834591237, 6.995572813400242;
  -5.303530703553506, 1.05402753092063, 11.10084317803499;
  -9.771572757020074, 0.9743542982111565, 19.7412098513487;
  -5.259087227160354, 1.058355021197265, 11.14320107962394;
  -6.689157884855513, 1.019294601929195, 13.97432613891262;
  -9.851190760598326, 1.026309311447206, 20.12909347960428;
  -5.617471247374839, 1.039948187890917, 11.91644952557753;
  -12.82328245523061, -2.71175429322387, 26.44666281211226;
  -5.866997847888625, 1.030870182543864, 12.73615023579369;
  -9.918067614297636, 1.069770022637706, 20.88851195770221;
  -15.24948961879395, 0.318033972726389, 31.82477639078388;
  -9.667242029435071, 0.9001107971592309, 20.80551523512918;
  -10.0024009815491, -1.361605835039735, 21.53902053152154;
  -7.454789394167959, 1.015108189737988, 16.49682971148758;
  -5.611323735810383, 1.026965988389212, 12.68126691643355;
  -4.904155601629605, 1.078724562646218, 11.22778442037394;
  -9.257711128508715, 0.9923069780010846, 20.42460153975615;
  -5.161146491512038, 1.034203147882597, 12.15014567801916;
  -4.700254864188223, 1.068762883848329, 11.19103672235658;
  -5.880109079720933, 1.013967869889136, 13.7841068194304;
  -6.733706588713405, 0.9953024720111318, 15.85595521045327;
  -5.391049837376714, 1.020721950395646, 12.9318510702139;
  -4.857518899744304, 1.05705380181765, 11.83823887728816;
  -8.23777086266054, 0.8822049953574075, 19.66391526733058;
  -4.67480926850988, 1.105880031541712, 11.60490931305265;
  -7.552087422232478, -3.526456771030001, 18.35570935795456;
  -4.033344539003533, 1.125252711660367, 10.23249693496207;
  -9.17730199962252, 0.8952392848326741, 22.35479986712355;
  -3.840259358472295, 1.102326224536419, 9.943441812910551;
  -21.36097913090917, 0.530018784148296, 53.16805826422015;
  -16.02591899340904, -1.672303222289301, 40.35455293296778;
  -8.275591653668672, 0.9765646570401788, 21.67334990458451;
  -14.62986357507649, -0.06504395560707292, 38.57937264338954;
  -13.47103030940731, 0.07914147871739748, 36.21065496526398;
  -12.28196293970627, -0.3824220621469742, 33.23825790238045;
  -12.55609691177334, -0.9129206970688298, 34.03262484736509;
  -11.98925211683333, 0.5109076233247623, 32.72848009689153;
  -12.12333196376098, 0.3826719469090031, 33.13849684458658;
  -7.876031432507728, 0.9666222059916789, 21.86867052036067;
  -12.7460642167897, -0.8258754895663653, 34.89743393095776;
  -3.437287711864181, 1.151127861926534, 10.12243537809621;
  -11.51942422814401, -1.02695676057482, 31.81771679980059;
  -6.636101620300803, 1.000827602173963, 18.78039106402;
  -11.30766483683449, -0.3553354671586086, 31.48623238956887;
  -7.770687765507651, -1.244826477092099, 22.04197070714359;
  -10.71875553643197, 0.11968051132047, 30.28555806753017;
  -7.876498293969187, 0.9971285163167657, 22.76643482059787;
  -11.59355122788637, 0.4204036004170443, 33.24500527616608;
  -10.53781793293454, 0.1975970743169046, 30.4418157631095;
  -10.94467106600848, -0.6285505589253907, 31.63718336163363;
  -9.536112572815968, 0.6234828465859029, 27.89093871752237;
  -6.789829758280833, 1.032271385898647, 20.15804500848045;
  -6.235101916416551, 1.028245283265629, 18.66031197246977;
  -7.855254152248861, -1.627116220877693, 23.29384455666797;
  -9.769617448008876, -0.6161235775978453, 28.94552359704469;
  -11.39592436119756, -0.8677259934369074, 33.74543951449306;
  -10.33541154429168, 0.2531014564263007, 30.73790872454049;
  -6.426361998248861, 0.980894068713161, 19.4729585224987;
  -2.473900090095275, 1.349909194777388, 8.087594060523824;
  -10.17220396438854, 0.1241366909209506, 30.31394814908144;
  -2.930798126161017, 1.224295170945089, 9.427065012241162;
  -9.738591068424608, -0.3988199389570882, 29.27509524848129;
  -6.155376596260397, -1.226287760153581, 18.98411283215763;
  -10.05829292307543, 0.5361825216806062, 30.46677839084207;
  -9.87191338153818, -0.5535914846860176, 30.09199401428868;
  -9.815782317596987, -0.8424420270545596, 29.95675931073151;
  -3.77586653510679, 1.078624369737481, 12.2053282117093;
  -8.102098161118924, -0.211139127034289, 25.15601345050535;
  -9.597183331789365, 0.02160073837150457, 29.79275879560716;
  -9.159828492217347, 0.4700173908209181, 28.48797831660385;
  -2.782871977562345, 1.266305457834714, 9.342312602227835;
  -8.710724524572271, 0.9368256749747342, 27.31688615957064;
  -8.755239858182897, -0.9598395451854567, 27.68729826535586;
  -9.6795539907343, 0.05043005608562889, 30.59045580231963;
  -3.394089713226984, 1.142641359173058, 11.4272839009979;
  -9.07587898413909, -0.6443966942228938, 29.03429159341338;
  -2.726347953329498, 1.280067973594691, 9.396907195333561;
  -3.334759556770045, 1.182969607282346, 11.3027843530755;
  -3.161989357745805, 1.169030879249832, 10.99413084299543;
  -6.420985372373864, 1.007826922932819, 21.37376508476099;
  -3.332374486438233, 1.13803900068445, 11.65074516549858;
  -6.883729316678592, -0.3396919499825018, 23.12692806170798;
  -3.638495378563992, -1.83124733100524, 12.71298132888876;
  -8.35619961141788, 0.9553622553139898, 28.08795174929299;
  -6.576683240577108, -0.9061442617678003, 22.47377369965166;
  -6.276474928875786, 1.029458561836753, 21.85352753044187;
  -8.702754192462967, 0.1405742425204181, 29.98123884413052;
  -2.88095849732611, 1.176092779457332, 10.71209330514825;
  -6.973476374097378, -1.016763020839426, 24.63535798330738;
  -9.26062995909467, 0.3329377143095638, 32.83340767209894;
  -2.786609752536578, 1.21152965301626, 10.60756398750261;
  -8.975414172635578, 0.1020794508030271, 32.1143500991666;
  -9.940174103405971, -0.177679159786912, 35.48743262309406;
  -4.233173323646079, 1.027485014370843, 15.73650141507664;
  -10.42311982117946, 0.7850709666248646, 37.37715001715355;
  -7.109435790634178, -1.132426148178687, 25.95749919995251;
  -2.361883910822466, 1.319472837839478, 9.290943695425808;
  -9.199896945060811, 0.05684650450289456, 33.46821027028094;
  -10.39049185033446, -0.1938892850179348, 37.82494450777092;
  -1.682435895577638, 1.594384339887762, 6.975714374594084;
  -7.343861846292682, -0.8586179576843566, 27.33010596591359;
  -4.038686179847546, 1.075684126290569, 15.51110888158049;
  -9.983569784353474, 1.058261193967231, 37.22065341066392;
  -1.710278059320398, 1.58525526097536, 7.17225582632445;
  -9.725477951887452, -0.7795488771866849, 36.53599363358468;
  -6.16658230452172, -1.268971076743848, 23.79446620450844;
  -8.25540553540602, -0.8191608423031652, 31.54630270187827;
  -10.45462454067076, -0.9395468698304716, 39.90773300936779;
  -12.70556162562904, 0.3376152728705242, 48.34666388298903;
  -9.704562932195177, -0.1850797392103824, 37.35895818962884;
