m=[-19.03085182745161, -3.393311681464485, 24.59891957206297;
  -18.59448876692077, -3.181468033135689, 24.06809038850998;
  -6.640101175140002, 0.8585172882414482, 9.247864543237741;
  -28.29783521111376, -2.811088896052717, 37.16983180789369;
  -8.899993714967106, 0.7552877657108854, 12.41447641942202;
  -6.600788070843171, 0.8240788296218305, 9.475896113857518;
  -6.212464628579979, 0.8974074078262107, 9.057151342924994;
  -8.540385830668907, 0.7666753407135797, 12.17428071250883;
  -37.11369376744388, -2.069274374229313, 49.5903619832231;
  -27.95691374379621, -3.202564356207471, 37.90754125383845;
  -30.59559212253488, -2.763717189654949, 41.43299961607738;
  -43.69460615064025, -2.595328019176584, 59.25158118809615;
  -40.51227063227952, -1.304231964570367, 55.10622326828928;
  -5.760309796616614, 0.7978873251037976, 8.702289979225222;
  -26.82383897603455, -2.729460485844692, 37.11526567902848;
  -17.83354013356226, -2.75480880454667, 25.02083439716287;
  -12.02859585021452, 0.6308652661211162, 17.27647071827601;
  -40.55187632619983, -2.172507992560016, 56.13477703922197;
  -22.94681767190123, -3.091896431827812, 32.17743317140493;
  -40.01816482975919, -2.735522885182877, 55.40776051136288;
  -9.237922592182407, 0.8357758690550884, 13.63053298698403;
  -5.372145108133395, 0.9099115366892141, 8.396409720891185;
  -22.17057907916046, -0.3677950899835347, 32.1867831725954;
  -15.61708624045722, -2.786570201948201, 22.93950997530857;
  -15.58244471025398, -2.411320356338801, 23.05026709671372;
  -15.11902353085606, -2.630391995018828, 22.43061615135788;
  -37.7329324310176, -2.224238482589665, 55.06154975533249;
  -15.1020901609359, -2.63758845772426, 22.81080894062645;
  -23.61888757789985, -2.930035362472879, 35.09411709661304;
  -25.61132491759782, -2.660063826646127, 38.16655528410227;
  -12.42473666033344, 0.6194889771109254, 19.15023749365711;
  -36.8082274689642, -2.186044187226041, 54.84148964059155;
  -46.94473610060419, -0.9514603016722569, 69.81668496207482;
  -25.25481225238009, -2.229844917692111, 38.43782261958609;
  -5.321027123191225, 0.8893004034076175, 8.885009007064038;
  -31.44403578741397, -1.98307738263164, 47.87529034190811;
  -6.44650275434314, 0.8429948978405929, 10.63207251528138;
  -25.213870309841, -2.145152497085318, 38.76042321980091;
  -25.38022989054652, -1.983634750189012, 39.08541179692328;
  -7.241288136807105, 0.7859201543356986, 11.88205426080422;
  -28.16305072963402, -2.064479305382652, 43.69280723371945;
  -10.31553602430074, 0.7619533622972801, 16.64813629932795;
  -16.96141062049471, -2.822461259914682, 26.75548060544645;
  -5.228066623038373, 0.8816070892187281, 8.927026040961465;
  -6.745144719108501, 0.8039604075978801, 11.31913673377673;
  -10.58482973929656, 0.681894153877514, 17.29425288074117;
  -4.946520704907717, 0.8999904512549629, 8.608687292661537;
  -5.881939173522831, 0.8637047576075985, 10.08732023599851;
  -4.173246325498367, 0.9869948276199555, 7.439238667099815;
  -5.28069487974864, 0.8815476753024973, 9.184402752032979;
  -13.63287368087737, -0.3632695393153596, 22.32969875169274;
  -10.76961389869005, 0.6990367522706116, 17.85401496982685;
  -13.56225606467259, -1.979971417155818, 22.25638668088751;
  -13.48365068102549, -0.1931994513428249, 22.30884824871223;
  -8.384485978358333, 0.7797763428302948, 14.24798880930564;
  -5.042731921120843, 0.8912613301652772, 8.989051713138291;
  -13.66880851555974, -0.06424660896769766, 22.78743791975517;
  -4.118009177911175, 0.9998476864725006, 7.55257637116806;
  -7.581819729368755, 0.8198782848816048, 13.12606010164569;
  -10.04780695615423, 0.7158673049850103, 17.14434383663575;
  -24.94633810065205, -2.611435442617506, 41.12865486630304;
  -13.64923672047902, -0.6277898735227732, 22.99111947019429;
  -18.42744703329896, -1.678188132246558, 30.73070322189475;
  -13.43925988882882, -0.06974375796283562, 22.83809962334987;
  -5.353716291510861, 0.8620027817618343, 9.828744638133163;
  -9.981550895510944, 0.7093826200833026, 17.49592712100743;
  -15.66280275544777, -2.750041364972949, 26.99236353412356;
  -31.03196825787341, -2.329352953977502, 53.30343767625108;
  -24.33438848489194, -2.503788928161534, 41.97310012144505;
  -9.358330506016122, 0.6921156252911943, 16.87359958159439;
  -6.731395368241066, 0.775584049610241, 12.74492426009694;
  -9.462804684682837, 0.6637959852407595, 17.86858349986697;
  -3.41522463460323, 1.047979543841773, 7.203023554880632;
  -3.507804401803285, 1.024025413817584, 7.433715735637486;
  -3.006234640748578, 1.085401033346833, 6.679332561586182;
  -9.750706679725004, 0.6333577129322461, 20.0050567501292;
  -2.930755245567283, 1.110599862283243, 6.718084868594239;
  -2.74060884569587, 1.164609653081717, 6.496084509528288;
  -8.94610184087604, 0.6387910127328311, 19.26472934663893;
  -17.59684625692544, -2.433897753597133, 37.40508490840037;
  -8.583619468206276, 0.6870775340360903, 18.88373467455635;
  -15.39288760066251, -1.34354100947999, 33.59740258897804;
  -15.54945039110315, -1.490526208427634, 33.96589325180215;
  -15.24206194237156, -1.532438686556388, 33.6217658305525;
  -15.68422135757647, -1.43193795139559, 34.63459825554875;
  -8.640676074143016, 0.6117843677345757, 19.57179708461437;
  -7.915849826892956, 0.674829015378259, 18.42863888234429;
  -16.09151712120177, -2.112579084742673, 36.94605052073094;
  -14.38674401919967, -1.516976948138201, 33.40106537641981;
  -14.65304313772964, -1.369622395686527, 34.20516323408726;
  -14.71452350194077, -1.718262898374251, 34.49185098297185;
  -3.270806724015581, 1.042077193168398, 8.413800061174234;
  -8.241267225261042, 0.614698041599809, 19.86000648319107;
  -3.828549653855079, 0.9173665411976242, 9.802851400180538;
  -12.06044919399702, -1.470794689463038, 28.96401748360229;
  -7.281054243454208, 0.6531333903854127, 17.91436613713596;
  -14.58575537398214, -1.34798869425503, 35.04531816679291;
  -3.393937135482469, 0.9894058771906308, 8.917350825625205;
  -18.71684732990796, -1.208170227378584, 45.09017136531633;
  -13.4705407109059, -0.591370925032076, 33.15846997342091;
  -13.62126573015165, -1.390340355498636, 33.60617622200194;
  -2.977117677521648, 1.060012411227816, 8.133658341505551;
  -14.92001986970086, -1.347068082568458, 37.00040660342808;
  -11.05280504275206, -0.8974158814815093, 27.83384855475411;
  -2.849555466854715, 1.08674865751635, 7.920783667947853;
  -6.196595383823225, 0.7417281450114919, 16.21650337466695;
  -6.972000837635968, 0.6971084279859034, 18.1428175495926;
  -5.804179240207489, 0.8813041183821436, 15.32100189977547;
  -12.9299505463891, -0.3007352820691679, 32.94766492019051;
  -14.16673464918422, -2.081741668514089, 36.11648104235802;
  -11.30671211851148, -1.026108998575882, 29.04341746237495;
  -4.031881438012321, 0.8700049664792127, 11.03636654177468;
  -11.88752357210591, -0.1962462012687402, 30.68719013787699;
  -11.94157355022771, -0.7572492881109074, 30.85958703224126;
  -9.932289178657966, 0.1397879013443572, 25.86906867708592;
  -11.71771029164103, -0.06821115701870778, 30.35061033187132;
  -13.49675742716859, -1.877738481925934, 34.91943766223254;
  -14.89490784954458, -2.221354207846004, 38.45965381399374;
  -11.29466351102357, -0.304052756416371, 29.4869778702508;
  -7.514322905366573, 0.606317639791589, 20.06250969243713;
  -11.39523800513897, -1.067078569909331, 29.89024210093664;
  -6.256285763178688, -1.729053999599648, 17.01253917711062;
  -10.36970320784273, -1.219898490751542, 27.69108409152969;
  -11.1158729243056, -0.9104453402691882, 29.71730903372477;
  -10.97278607445784, -0.07560154051440127, 29.38057532599603;
  -11.20238609081474, -0.3259114631921027, 30.0038652797099;
  -7.533131509029578, 0.6296172876879249, 20.54826133593176;
  -4.809516316688367, 0.7626710159733358, 13.56383623300215;
  -10.51204571615006, -0.5084402142986964, 28.53105014851466;
  -10.87899705056156, -1.071503639809089, 29.4988839977985;
  -10.40955232505436, -0.02221122403780761, 28.47944642810605;
