m=[-4.697945282703252, 1.051432620561314, 7.031441415016941;
  -4.601789179306262, 1.060319427798649, 7.053484946221544;
  -3.510312342304308, 1.21035222960395, 6.164401909461359;
  -3.236604722009124, 1.237602581139826, 6.187782789433009;
  -9.02764258144153, 0.8363974163153655, 15.90419062170114;
  -22.38786021946484, -2.168287122160106, 38.46448725011443;
  -5.525558377212413, 0.972289788870516, 10.25692616288729;
  -20.73286642060286, -1.341521602372491, 35.84072654770508;
  -14.6826236481439, -2.168047024179388, 25.82557074227676;
  -21.2654542968315, -1.564011460727553, 37.02547369608696;
  -21.04138424319826, -1.943155811244829, 36.65499703475307;
  -5.583160204544546, 0.9228946259027001, 10.49471787081416;
  -21.06835176875744, -1.656822500741771, 37.08969235505582;
  -10.25936546175355, 0.7860803797865813, 18.73940112434706;
  -9.086688766908006, 0.8439087616502632, 16.73613516210424;
  -5.972197244307291, 0.8103375805654589, 11.37671116446746;
  -5.337899602383138, 0.901969842960764, 10.28316861752964;
  -11.17327765778627, 0.7210230898630273, 20.52812989675914;
  -5.325647678864017, 0.9518017295014033, 10.31533148717911;
  -13.5436280367791, -2.438642661597883, 24.70677595698321;
  -9.710173901285721, 0.8092124611810135, 18.54970794584713;
  -6.284571603033293, 0.8828934092431843, 12.55995017938231;
  -5.376217846834596, 0.9430547655034832, 10.9685050749685;
  -25.01906322448695, -1.266901784783397, 47.59868580454717;
  -19.32603610331616, -1.451722542686686, 37.04146377363308;
  -6.400882363708046, 0.9219664825355591, 12.99530508918324;
  -6.146158644300924, 0.8855136809540412, 12.65775055895854;
  -9.712931581058378, 0.8177660720842068, 19.52933546683893;
  -23.64928930531256, -1.329372372275407, 46.2484890688221;
  -5.710037213577836, 0.9034445491488025, 11.933015053977;
  -4.907515912810595, 1.025612456355401, 10.51081264917783;
  -10.48885545514103, -2.827919468237332, 21.40410332701724;
  -9.644537254785147, 0.6593391093596441, 19.80975401806643;
  -5.589228869701397, 0.9155349922564293, 12.00872384138343;
  -4.419601671389285, 1.021503580351363, 9.706498064054912;
  -8.747930647743145, 0.8130501228337567, 18.39690982664554;
  -9.279187555257105, 0.7643838509812503, 19.52325975766867;
  -5.844077374963068, 0.8925306078866979, 12.91567942884394;
  -4.962816345285271, 0.9527268537741438, 11.12311074976824;
  -4.144984823263711, 1.047012547388049, 9.536938890539057;
  -3.521909008567294, 1.107601080375006, 8.265929837408214;
  -4.786272779625168, 1.009879672582494, 10.9098087820975;
  -5.001000148075637, 0.9243547511957743, 11.44345394541455;
  -5.159219073147654, 0.8975326813743408, 11.83505987292873;
  -8.940888890934435, -0.06489700373509413, 20.09279168465068;
  -9.229836667919228, 0.7168113716208113, 20.96783528954575;
  -9.139540976158974, 0.632736560905268, 21.32280995731474;
  -14.6508655218505, -2.567477967906462, 34.68170227570813;
  -15.81531971929828, -2.249731724624224, 37.52260723939639;
  -8.111409171507855, 0.7734349594743128, 19.82021975620842;
  -15.01784603878721, -1.569029204939485, 36.07592564083958;
  -19.45444365878718, -0.1423996694006958, 46.95881605444009;
  -8.290697958132309, 0.7210705983850072, 20.76849397422515;
  -13.66478061672563, -1.834603232126701, 33.60445970914706;
  -3.540983275156018, 1.081492606638437, 9.454172340773779;
  -17.46221011116145, -0.125794578077099, 42.72594229820203;
  -12.88602331065097, -1.136534271255215, 31.85197804958017;
  -18.77416414952916, -0.9018095954440434, 45.94583731511442;
  -13.42551552749899, -1.482967806842545, 33.56226640057626;
  -12.40280466518085, 0.1377254707419637, 31.79797838961126;
  -7.919037917918401, 0.7224065655376016, 21.04600188604371;
  -12.28295255515302, -0.7679066199791821, 32.30458719408843;
  -12.04422869082964, -1.266589912351754, 31.74554063918983;
  -12.15377034938396, -1.065767612343609, 32.0263987357687;
  -3.032471961723723, 1.168912278642723, 8.776208282154528;
  -10.84240941291698, -1.192435896596364, 29.11415730623423;
  -3.40447153951033, 1.096958380601244, 9.850708823435005;
  -4.056603682219085, 0.9983499600304898, 11.57866604878574;
  -10.93468933926783, -0.7063337884674681, 29.5429483408832;
  -10.67558228830386, -0.23062249341819, 29.23423318584975;
  -11.31687799376878, -0.5542487663740473, 30.97647367262983;
  -2.862518940074684, 1.212260023436872, 8.646093974729874;
  -6.309880178682338, 0.7491796259799607, 17.86421529959129;
  -9.458673295540548, 0.0133683402833164, 26.36670785956846;
  -6.234809349948304, 0.8237785668686196, 17.72503836593911;
  -10.20635722041172, -0.08256754678191049, 28.64026891280301;
  -10.43624899376986, -0.9061665408940375, 29.29216006556808;
  -3.947169880061094, 0.9960641489217228, 11.77812306250242;
  -2.797078383821113, 1.225516625933321, 8.684910094230171;
  -9.991460787966787, -0.9880152698551555, 28.64791860110353;
  -9.312885915004943, -0.09426247645065707, 26.86002399077095;
  -9.331493203174137, -0.2118977537240699, 26.95536573494625;
  -3.513092899227505, 1.060269941851688, 10.85536983029394;
  -6.870104137654288, 0.7509275261144033, 20.25082051301467;
  -9.988144157811318, -0.7875561303258852, 29.07757142947248;
  -3.40822913780034, 1.09271431115093, 10.5949588173149;
  -9.230029099478829, -0.2584244906606532, 26.95755021110691;
  -9.739615592648324, 0.1781360285053687, 28.60507592829422;
  -9.35761811540675, -0.8865586165704203, 27.65242965451924;
  -3.321160948329495, 1.10537613449368, 10.55694891189036;
  -9.426229638225049, 0.1402616528071213, 28.36173758735683;
  -3.442493731585258, 1.052527485249442, 11.06893098726261;
  -6.968499779183416, 0.7338969521408256, 21.5932556714069;
  -9.662290105724699, -0.2970654244880425, 29.61241320093461;
  -6.380306859091477, 0.7612934154724649, 20.31544626205561;
  -6.274713514203905, -0.7845421089708659, 20.08348575023843;
  -3.06045415615966, 1.13310807651349, 10.38389466420514;
  -6.593606068053797, -0.5764722050730194, 21.25761273652493;
  -6.255629187030722, -0.4465879408072613, 20.39803036632369;
  -6.544062280178413, -1.172817971962365, 21.43740181081739;
  -7.859708060882526, 0.5971324322546163, 25.55480911663914;
  -8.70680517371988, -0.2251258773757173, 28.2420154192988;
  -6.136039045877071, 0.7638851550839559, 20.45912412087643;
  -6.131243313128627, -1.136718097312029, 20.83765104751788;
  -4.270833965680536, 0.9191576937804683, 14.93758136841099;
  -8.878623196927599, 0.424692021606554, 29.95416330448034;
  -5.627080662754912, -3.582662273181209, 19.46255626802121;
  -11.60210936353047, -0.0005408673965024487, 38.9019477732668;
  -4.257467304342114, 0.8294000044581058, 15.1273544821587;
  -2.334922597965601, 1.307453956661276, 8.831428034634346;
  -4.050684560742199, 0.9209341287344736, 14.63854304833621;
  -6.665343949753845, -1.345602684200937, 23.4663450406214;
  -5.902042486114786, 0.723860140699373, 20.95537988002633;
  -8.081727528126233, -0.2964552756912753, 28.59951893643226;
  -6.638769006500866, -1.557574139976509, 23.73481594204251;
  -3.954141804992785, 0.8716865986988466, 14.59894374771974;
  -9.024567613296682, -0.5441023872711216, 32.06524245272519;
  -6.802999901258627, -1.083630701480119, 24.46040434857538;
  -7.017099143434442, 0.6259494406512688, 25.35557960617308;
  -8.909349450937652, -0.4147685839375814, 32.2074666553217;
  -3.905013016606103, 0.9454387038088387, 14.72195642176815;
  -8.934048379165796, 0.5719055254636178, 32.50916582530648;
  -3.584791753410162, 0.9682310730392868, 13.82408114071692;
  -8.6275236556503, -1.15885750822229, 32.18693984266412;
  -10.36239804632813, -0.1904706138945597, 38.70767181020995;
  -8.583276453020586, -1.023509355867981, 32.2514703516068;
  -3.899531502394626, 0.9338850133011412, 15.21388355383011;
  -6.450272824869296, -1.871560180139997, 24.55777260802391;
  -9.121405771105952, -0.572609645983935, 34.26700191969055;
  -8.962552742878238, 0.4350767336901902, 33.78838224090404;
  -8.599154900649142, -1.188174542326198, 32.84600426151295;
