m=[-13.91468075098177, -1.15877037860796, 18.82006221686786;
  -18.10307838678808, -1.009337319943757, 24.18886720995093;
  -14.09479945593935, -1.273191229151849, 19.08738416003692;
  -12.67531110720769, -1.289776636514326, 17.53841199720405;
  -19.92011869266712, -1.183195060968519, 27.01245380095464;
  -18.94697064338497, -0.6099693835770714, 25.77233954643302;
  -11.85235610249612, -1.361082836206615, 16.64225107024183;
  -17.97728869941368, -1.22887405906768, 24.89072927602156;
  -18.0611763766215, -0.9676013439579212, 25.00155851759378;
  -12.17254331237247, -1.351704164969272, 17.78511442934663;
  -12.25759624077176, -1.260492404558477, 18.05613848146021;
  -17.23624431552942, -1.016022753386729, 25.15188358894786;
  -11.77554872780912, -1.223041420564346, 17.54817968092534;
  -17.35145959548388, -0.7447855325886124, 25.54532591086427;
  -8.639911847296462, -1.404591638567239, 13.28300829796559;
  -16.58728064454664, -0.9851202007885925, 24.71380020677448;
  -18.06567783802316, -0.3661491513945925, 26.86745827137298;
  -7.182543473695975, -0.7221337591055762, 15.84364344229892;
  -4.084069156482928, 0.3046217582355753, 9.8418893246096;
  -7.656793261837396, -1.00522413016258, 17.57996269387866;
  -6.80630437003562, -0.7176750220603922, 15.80189492021131;
  -6.883283109193072, -0.6433816247989516, 16.06791300096212;
  -6.847830554415151, -0.7996435069374285, 16.05178387246968;
  -7.200701057879787, -1.116574477266029, 16.86383301507757;
  -6.699504160766476, -0.6191558568119723, 16.09695547839932;
  -6.716055505198009, -0.6855165432956879, 16.56974831089487;
  -3.58406476567491, 0.3257097861494381, 9.538415556846847;
  -5.980259075193736, -0.1390937183690423, 15.23869495389811;
  -5.357704161297877, -0.4862234391388181, 13.76227120364352;
  -3.613738900600986, 0.3784721618101571, 9.644724197508683;
  -3.733907657396138, 0.3012825116172893, 9.969169479484966;
  -5.674156770323574, -0.09367230313571855, 14.6476199712128;
  -5.529595004433825, -0.1488569005462948, 14.43611360073296;
  -5.547153187153356, -0.5194492899004091, 14.55044218121831;
  -3.70771470924192, 0.3098898878846527, 10.11360158962573;
  -5.270234902483168, -0.4316584798840334, 14.0895096897843;
  -5.43368035562881, -0.2628129366106243, 14.7477104745909;
  -2.174421861522424, 0.4019558687693922, 6.591765961126384;
  -4.89251193707926, -0.01966965743552238, 13.6705201537612;
  -2.048727923730394, 0.4132663896108269, 6.53663635759725;
  -2.065703730046821, 0.3901554922979323, 6.618591052574788;
  -1.86573711275258, 0.4532257350015778, 6.313521486370096;
  -1.945712981654906, 0.4304897873673027, 6.588663318703921;
  -1.370305045799186, 0.55070540854815, 4.981824098134418;
  -4.5001582342903, 0.1206709577041263, 14.13748539233426;
  -4.314689865393142, 0.2254660673783418, 13.72674522497137;
  -1.943858618198725, 0.4268845139183793, 6.757356688267493;
  -1.762904295954913, 0.4604520784067568, 6.232530227625969;
  -1.683872674797986, 0.4835595435777871, 6.028538439964121;
  -1.323841039532239, 0.5635068600031509, 5.096867921124405;
  -4.876483436354566, -0.608531633701493, 16.05151430835527;
  -3.335792170231629, -1.047626656483149, 11.36642686289026;
  -3.286555189030125, -1.137083416199169, 11.3519807591996;
  -5.523106802666352, -0.4512993039144317, 18.4938802443123;
  -1.788606252355911, 0.4432975408408725, 6.689385344803664;
  -4.679068675365494, -0.5189642017078093, 15.86345234197187;
  -6.044902117530169, 0.06531326372166051, 20.24788451881299;
  -3.241774065899154, -1.01220519018835, 11.33820934750499;
  -5.242344636738405, -0.3631854444522867, 17.84136377167716;
  -4.569922846816656, -0.5331287664709569, 15.96707030802123;
  -4.939200385904432, -0.9403893933732408, 17.24232462950991;
  -3.13622851492647, -1.10320383314401, 11.37480593501218;
  -4.934914443816613, -0.425967747350274, 17.49330689873044;
  -3.151632597164587, -1.074035787722109, 11.57671721312201;
  -4.612758729567892, -0.06021007580067707, 16.46545744325429;
  -1.402445564001736, 0.5225698536197305, 5.739133957997947;
  -5.540213386824713, -0.2427731334140663, 19.701126821914;
  -3.0340891418567, -1.119127244881342, 11.30820548584434;
  -2.942025435245651, -0.9063274885132286, 11.00405408902535;
  -1.689430613074734, 0.4653603619069099, 6.753095864820097;
  -3.033354969219241, -1.019953023986391, 11.44579668320632;
  -2.023550890077932, 0.4083545858232205, 8.146536090240993;
  -4.162737125229592, -0.4574238116224121, 15.86538686613329;
  -2.234355395482492, 0.335567434831665, 9.060019194621127;
  -2.041051093291525, 0.3691005714233459, 8.409736607284055;
  -4.159848926066073, -0.3225006095492385, 16.27696464462289;
  -4.413525966587976, -0.1242141354108252, 17.25668573898528;
  -2.012382450256801, 0.3793745983655191, 8.501355386329422;
  -2.053328078651054, -1.712827104146661, 8.735384456614742;
  -1.873315582297586, -1.370020051147841, 8.076718492656143;
  -1.506756484064506, 0.4773523233317306, 6.746852331465457;
  -5.334240623983604, 0.0906597374780679, 21.31217373829439;
  -1.262833274683558, 0.5512257783531178, 5.835184070979437;
  -2.13354332503791, 0.3436076188285634, 9.296815750818988;
  -2.453788784090385, -0.8414542848205474, 10.54456277037611;
  -2.527673906406876, -0.6087734275699693, 10.88024188902286;
  -2.436937115457658, -0.6745785863164855, 10.58560748821593;
  -2.351096511533004, -0.8456086060031757, 10.29610666613118;
  -2.373645301528028, -0.7910988075421593, 10.40254163872628;
  -1.884142267942863, 0.4019986634900655, 8.495761046911962;
  -1.462238299561384, 0.4859852863573288, 6.915635389198917;
  -2.352415295389926, -0.708582500343159, 10.52162566977639;
  -2.787236411967069, 0.1176131242450015, 12.35259080839713;
  -1.769910860896815, 0.4304987002054444, 8.225012077011352;
  -1.796594846322523, 0.3916385928516687, 8.354539313173726;
  -1.467355474891603, 0.4693243327541781, 7.063415934251039;
  -2.336638203907586, 0.230112527436608, 10.74312136848956;
  -2.272413897175256, -0.5714559886538708, 10.51567160597239;
  -1.909485003575384, 0.3894310939795473, 9.080027526467589;
  -2.229564633222585, -0.7199204154765911, 10.45163909680889;
  -2.291509666302101, -0.6225283685224204, 10.75934635063473;
  -1.807350594107685, 0.4053878051834396, 8.701117132530547;
  -1.391456042442109, 0.4881869363692339, 7.044571931909046;
  -2.110808785301336, -0.3920769864431413, 10.15199508442328;
  -2.404376245237952, -2.076403051255223, 11.46997449480246;
  -2.247707310961501, -0.6379400257680048, 10.86222776846413;
  -2.122088511228243, -0.6661085614098111, 10.3301308536544;
  -2.349194660347367, -2.011722107060093, 11.3684517729184;
  -2.098232522904128, -0.5055797979415283, 10.31825655719421;
  -2.264270985474432, -1.872697910504834, 11.18578855739994;
  -1.874373508906865, 0.2949587578001973, 9.469742631716819;
  -0.9931399466914858, 0.5890977188202213, 5.515568744352473;
  -2.192854086051288, -0.8823256547355697, 10.95961728116553;
  -1.855616558096053, 0.3410351877433012, 9.511909946850089;
  -2.092076775010074, -1.718054397459103, 10.65085375215722;
  -3.809253773098711, 0.07122163384013193, 18.60561879747313;
  -2.19047697260091, -1.872757757311465, 11.22351337912687;
  -1.49607621798122, 0.4509434189015022, 8.050712064302591;
  -1.41906265787269, 0.4635164382407526, 7.769670866661083;
  -0.9568877874802525, 0.6141032710255987, 5.609459103710937;
  -2.029041428265368, -0.8660037454142259, 10.84361979688736;
  -4.039132021260896, 0.08369371393133938, 20.64816085876422;
  -1.782028397435045, 0.3670516695361276, 9.691383877780293;
  -1.579997046490704, 0.4213886108591605, 8.711350079942381;
  -0.9496294847417695, 0.6125998347087154, 5.692864540113543;
  -2.013558750124061, -1.763678641634915, 10.98117002613417;
  -2.000181542448304, -0.5846942257267414, 11.00656356664246;
  -2.01339005424593, -0.5381246944648959, 11.13779234832629;
  -3.441097801697603, 0.1763673707166054, 18.45948126405583;
  -4.405622769770476, -0.2749358270146743, 23.45156588321246;
