m=[-7.987907749577977, -0.8537049642279209, 10.99836692746379;
  -5.607811532034607, -0.6870582277465064, 8.225105184248179;
  -11.51084292156468, -0.5623111022139563, 16.43193634912558;
  -3.061298404043669, 0.2024664388681469, 6.036846102260494;
  -2.350463736852899, 0.2759461173809644, 5.757114723831426;
  -4.733430196216681, -0.3686411261235785, 10.67603900061433;
  -3.64008841650847, -0.07600681657959002, 9.324829515280131;
  -3.162589221675416, 0.09231063395791399, 8.272792337997107;
  -2.371246880469508, -0.6701506024577246, 7.474759667189279;
  -2.290574920723886, -0.6652918831907274, 7.432498742000703;
  -2.19220630659394, -0.6303325575373237, 7.305589842494983;
  -2.116741707085142, -0.7199748046822144, 7.123435077839219;
  -2.268411895009159, -0.6214567549828217, 7.628850979668011;
  -2.168152945105778, -0.7087710969035485, 7.50127310265096;
  -3.042835376173964, 0.1298195292988033, 11.03777562161454;
  -1.778852565189823, -0.4938338717448662, 7.053127799322686;
  -1.611612429348902, -0.3946440404073494, 6.644395404023412;
  -1.216681153008967, 0.3030485828025893, 5.290809682607319;
  -2.941945410867227, -0.05450349611163683, 11.54904791114832;
  -1.598859338949345, -0.4315078740701265, 6.773392225247779;
  -2.17362623992733, -0.003642501389266369, 9.211040984415771;
  -1.647466758123908, -1.361725051164957, 7.477626078206769;
  -1.522399032128035, -0.3809570214001871, 6.98237542442203;
  -1.655976426386071, -1.289735660026694, 7.526211807793031;
  -1.437305804417246, -0.2949986891899753, 7.10097954089169;
  -1.341821477122874, -0.3439028700929086, 7.013177518997686;
  -2.878884508643149, 0.1511719284812849, 14.27928971344901;
  -0.8722909403387105, 0.3670450072515595, 5.568431044869195;
  -2.177133772967334, 0.1650854954200074, 12.59993356082476;
  -0.9787662678202419, 0.3141075152130929, 6.269713338423209;
  -1.020743495552062, 0.293381256487459, 6.601973464299324;
  -0.9561194827810298, 0.3366285704200084, 6.32806280158514;
  -2.958206198426228, -0.08278413971899713, 17.86542114569521;
  -2.881003339635242, 0.006567464009737094, 17.91335429913251;
  -1.737740057619715, 0.2072316564626487, 11.5436902563406;
  -2.740801107088994, -0.02359224989455973, 18.14736077434611;
  -2.872661636604985, -0.5560615349117366, 19.13030902836548;
  -2.649465680850476, -0.1173107828107439, 17.84024413409427;
  -2.573095835593142, -0.004649861961115176, 17.94980375755924;
  -0.8089636556043944, 0.3604492876757662, 6.531285682544088;
  -5.142457994346053, -5.102091712960375, 36.57068265332042;
  -4.694888779232684, -4.539829170705986, 33.74167500023867;
  -2.516310643843862, -0.4691132210861685, 18.5985264193157;
  -0.7622014585742095, 0.3846684740071643, 6.368831646546438;
  -2.405544672332378, 0.06960930743346362, 18.14608489826208;
  -2.515296386550473, -0.2393529253059895, 19.03255751003156;
  -4.296869984797382, -4.577586833953486, 33.0813621017172;
  -0.742335896961182, 0.3614569145181844, 6.541638298289286;
  -3.765850627853779, -4.493823258617522, 31.48714251263239;
  -2.302544414425297, -0.07582505832596027, 19.67628605047295;
  -2.387021846729643, -0.5637489204107797, 20.51600345028757;
  -2.794116105495053, -1.142192240256418, 24.7231483109404;
  -3.589289036492994, -5.024688991884053, 32.09107562779575;
  -3.482811033124342, -5.12036799053967, 31.29826581395813;
  -1.41589825437762, 0.1733119765850001, 13.32208299885976;
  -2.460221126540332, -0.3406963256299727, 22.6021101377271;
  -0.6018518820748888, 0.4079629374188427, 6.34935635368262;
  -3.333563285293606, -5.851612835427555, 30.97685495211596;
  -3.286912269593583, -5.410354434359139, 30.82248051388304;
  -3.310388230858937, -4.044216530076342, 30.93057117365155;
  -2.187761654430822, -0.4717913743543952, 20.67461928225523;
  -3.316814440760178, -4.305541209202257, 31.2245765760536;
  -1.026345258986851, 0.2676050282526195, 10.40722626764116;
  -1.723104852894007, -0.5937378761522729, 16.98712111869504;
  -3.191006130149997, -5.427602804777457, 31.11416495747119;
  -2.856200984519121, -4.001226419853928, 28.12227490181933;
  -1.626563747539808, 0.02928654229520154, 15.936849067492;
  -3.332135752234953, -2.864621963711716, 33.07509170600679;
  -2.853841831983201, -4.863232163193366, 28.9631792964386;
  -2.728670902462343, -3.647276055255009, 27.73530905440304;
  -0.5299509082281755, 0.4607757456930747, 6.188218097838234;
  -2.801243491335394, -3.45352368459988, 28.67878971105036;
  -3.078857864813418, -2.532898902581453, 31.31937384720501;
  -3.084610655659437, -6.166891942070216, 32.37848891231754;
  -3.09071078449316, -5.661313410484803, 32.77596686063443;
  -1.512085493941943, -0.05971479506420643, 16.29143104974192;
  -3.277503740340674, -2.953697471559124, 35.18539216003844;
  -2.792447366581524, -3.540946194871212, 30.34125859804766;
  -1.453466832262865, 0.007610964598655259, 16.406303245805;
  -2.970202580495342, -3.345252067479036, 32.83554271797939;
  -2.872607693680771, -4.939914021644952, 32.50823728397577;
  -1.643999418638048, -0.525384558591259, 18.87803146912239;
  -2.497254749477626, -3.750358868854251, 28.56225404136372;
  -2.679472875542528, -2.550306511847058, 31.40390226276121;
  -3.413556272530001, -3.014798673560603, 40.07476696386713;
  -2.827013086312884, -4.504869406933462, 33.67813076661403;
  -1.216798732406658, -0.2101716169630067, 14.90595374654707;
  -0.9643690854583611, -0.3697218097981068, 12.24963866044349;
  -1.818536375438467, -0.1440787709318959, 22.15230405429469;
  -2.302570039647319, -3.327317464725879, 28.43578329659449;
  -1.634077534289673, -1.050055120394619, 20.67426513446863;
  -2.481014477650969, -4.84084064546709, 31.47195653378353;
  -0.7887046374560991, -0.2703857811035723, 10.63746513381438;
  -0.9369675103605483, -0.2442514475562135, 12.46590700471091;
  -2.519117609081261, -3.17031153799299, 31.74607920477031;
  -2.451019282365013, -4.620161844478341, 32.48802326651397;
  -2.331360118877193, -3.768282210367954, 31.05685998294844;
  -2.186245403067436, -4.888926141076575, 29.89216746144602;
  -2.182165484478665, -5.178160421799909, 30.68692066198534;
  -2.279788777188211, -4.779051130324904, 32.04927289372869;
  -2.114867008844858, -5.12621324742201, 30.32337431113698;
  -1.869144682586218, -4.109118251745643, 26.68464021727672;
  -2.100270625525281, -3.075653246439968, 30.83274757161759;
  -0.6066277693228594, 0.3154383874561135, 9.550987721531726;
  -2.356992354723822, -4.192756582161698, 35.40084914099217;
  -0.8685908213444127, 0.1540859424246596, 13.61686069772997;
  -1.568966834042247, -0.9833510734007718, 24.06853009344342;
  -2.235592985755796, -2.905211628759036, 34.01895151375475;
  -2.135163710749982, -4.657334029268959, 33.17095247707452;
  -1.359660210972445, -1.310690757391732, 22.2872457418397;
  -0.5830390430991701, 0.3642569893642526, 10.3138990135819;
  -1.850057504743921, -3.053843888506822, 30.99712459136632;
  -1.26466452956366, -1.0626766193448, 21.99172623809342;
  -1.821560852484089, -2.379341756732045, 31.43206936672986;
  -0.4984524348628467, 0.3854685255519468, 9.404236545681217;
  -1.143698556784933, -0.9172591498585748, 20.54865986870466;
  -0.3033934858904694, 0.4592439995619511, 6.162627596150531;
  -0.5108602969362659, 0.3968818855305571, 10.25980100514158;
  -0.7122008717069454, -0.943662271522389, 18.29548629849747;
  -0.5618065839579002, -1.024340118151712, 18.38513528959309;
  -0.465976396672206, -0.9675983450252325, 15.91025629729147;
  -0.415318257694265, -0.9760861578748296, 15.1849861248363;
  -0.4463793442812237, -1.272412123956687, 22.60549995561188;
  -0.1530449671040776, -1.300512003704246, 23.63314197696972;
  0.1441171968853497, -1.554518157163729, 26.488778571652;
  0.2985562882106729, -1.946370637216055, 38.96412479629377;
  0.296444181273369, -1.449889032736546, 31.66639399056842;
  0.5264887182738148, -2.925406000833005, 43.77057223839082;
  0.3124905879382858, -0.7214532424180663, 21.29103370711216;
  0.2039620493938009, -0.2272974782254675, 12.36799728021299;
