m=[-3.906273302344381, 1.130245050947927, 5.822464557722409;
  -4.338353049517802, 1.051095962802015, 6.452384403425791;
  -6.650953268332776, 0.8521124070619621, 10.27117339903058;
  -8.300620007915429, 0.7423608158044182, 12.83200033997701;
  -14.27334306062823, 0.197360823262156, 21.59068433162731;
  -10.54194135352517, 0.6913946144776765, 16.27788311727004;
  -21.4504626766782, -2.53341178217229, 32.16116409690488;
  -6.118521084528203, 0.8748982274717748, 9.931114892814227;
  -21.17317503786512, -2.334739938660771, 31.86150563882607;
  -27.23843264455662, -1.981281629620433, 40.89582385556322;
  -21.89045455302219, -2.238481957705429, 33.08728127478398;
  -13.99297870211664, -2.445935402228109, 21.7285253799445;
  -27.97381523541403, -1.631180775929819, 42.56243296229819;
  -21.04959707042855, -2.164179979058307, 32.2905903954929;
  -14.16716445481445, -2.795695256006875, 22.22305808158389;
  -13.84456820425755, -2.582935136289144, 21.86912867810736;
  -14.82773851403692, -2.36609134069294, 23.36931526242812;
  -13.26996758967283, -2.696312475116165, 21.05572080405038;
  -5.557009734617866, 0.8630411990154406, 9.455715787432116;
  -12.23988122116518, 0.4658683818161878, 19.589546569151;
  -20.76404563214668, -1.817793054191464, 32.52677390836728;
  -8.39396290996091, 0.7783765115302396, 13.96118945923126;
  -13.76840919576669, -2.997819490330564, 22.28228923506632;
  -5.477509086694187, 0.8705805864978562, 9.531049027467093;
  -5.43077431684071, 0.9117662678393842, 9.503348024443753;
  -4.851083162199589, 0.9720188957961439, 8.631148625369344;
  -12.92143619764381, -2.431022824717784, 21.25737781613352;
  -3.794896264245313, 1.079855500006233, 7.072848144833614;
  -12.75763764613583, -0.08506668057605564, 21.4089991781183;
  -9.532855887516528, 0.7021345605844942, 16.37445901373684;
  -10.16911609688116, 0.6551845734401091, 17.5999379452115;
  -12.41525977625287, -0.3389831866468728, 21.305875897532;
  -9.966888325648068, 0.6472494699067067, 17.32992264404686;
  -19.36892700372505, -1.660429546735011, 32.83612207779257;
  -19.64307678906114, -2.03971340548823, 33.30513179239994;
  -6.364253024605586, 0.8238354001584443, 11.50544275003659;
  -9.927149193313177, 0.6411693522212589, 17.44324208568067;
  -5.465367434584577, 0.8986339725587397, 10.13964896228752;
  -19.81837157432355, -2.013713102569442, 34.02158582059995;
  -3.60542640141601, 1.103113901936216, 7.07219552449883;
  -12.14525607147541, -3.344282035281185, 21.40375721978636;
  -8.097336276521146, 0.7415342477564084, 14.75667066814086;
  -12.05449065076608, -0.058998247311197, 21.4539258320323;
  -4.845891586756493, 0.9567602734518663, 9.396073103167092;
  -6.165389360391817, 0.8183032277742536, 11.70297906753454;
  -5.046615318534088, 0.9083671580561686, 9.800638675706177;
  -21.84950749623989, -1.664475896010829, 39.51922659185302;
  -3.58102967002457, 1.083768208096159, 7.387145250405016;
  -6.013770326506934, 0.8183832355244872, 11.69979020473926;
  -9.229436683201067, 0.6679747213939152, 17.62759429988171;
  -23.33310927658101, -1.497187428134479, 43.50218397638146;
  -4.108133457391668, 1.045727359618872, 8.554766644378807;
  -5.052251833046848, 0.9082161306954294, 10.31071557896424;
  -5.818039370985321, 0.8129116966685908, 11.86978817775243;
  -8.535779812776598, 0.6785847686700968, 16.9913258263241;
  -9.46088537198268, 0.5453127304434637, 18.81595856834301;
  -8.966831180131258, 0.6219363527587428, 17.91866590637336;
  -7.216112591554895, 0.7255019089510933, 14.70407690141581;
  -5.213297494451833, 0.8388041759942375, 10.95376873887693;
  -5.588177639723974, 0.853400739841686, 11.72438026053288;
  -8.596025884591795, 0.5561753641655763, 18.62120161785282;
  -8.963063031627398, -1.161523895834536, 19.7472974404233;
  -3.588734685177574, 1.046303472800293, 8.568624388337145;
  -3.576655799405313, 1.074740436214912, 8.567172487475993;
  -6.733515704213147, 0.7816533172964045, 15.79046099220881;
  -8.04743007088897, 0.6387455819421285, 18.69034865076878;
  -12.81176082527458, -1.172588853151069, 29.22956455810997;
  -12.99439099859724, -1.423105476337575, 29.76490805739837;
  -7.259863049617984, 0.6993749485859779, 17.12236990339587;
  -7.48834323913844, 0.6429449843732497, 17.64358480883955;
  -8.085458465388591, 0.5653476326046993, 19.29782215060952;
  -14.12064290997338, -1.854412295942992, 33.34009623278421;
  -3.467981664321721, 1.06350422191096, 9.015426544637041;
  -12.50513299436344, -1.316170008431228, 29.9645422545372;
  -7.471230552770159, 0.6305202141691716, 18.38206437884501;
  -12.03576098522004, -1.409865091377747, 29.15033205835339;
  -3.928450730663668, 0.9783589835926447, 10.33640131212996;
  -6.619000804656948, 0.6808191065242604, 16.81920216890128;
  -4.100553796694799, 0.9058916663404888, 10.90252055244489;
  -7.899310169046832, 0.5818642030346974, 20.01702459483825;
  -11.41308352097707, -0.808589954452044, 28.80938462653477;
  -11.76852255055846, -0.3943187148846544, 29.73118542748552;
  -6.909997905826491, 0.6119879831894673, 17.99260611911507;
  -11.34144601072741, -0.909629690883297, 28.9336916269049;
  -3.959670433834953, 0.9303191380288681, 10.81409984440259;
  -11.3655148113971, -1.201532246323211, 29.03962930082432;
  -11.74311335455463, -1.06381278931852, 30.05397601504926;
  -2.57466374427809, 1.282909115622058, 7.444628136645867;
  -10.05965624012758, -0.8270368481170829, 26.2834736664167;
  -9.833669208726921, -0.9371042818814526, 25.8992252116884;
  -10.98349146587908, -0.2565252785582649, 28.9241568391419;
  -9.292720854236929, -0.849014299390605, 24.82597214988687;
  -5.99856416716004, 0.7103635593352039, 16.42660243044134;
  -3.390683707764564, 1.067634708759309, 9.755619821261755;
  -9.267803822984915, -0.1614658579912783, 24.88121560095662;
  -8.593240110369745, 0.1173233309869244, 23.34551183412442;
  -9.445105002807784, -0.2503476448272969, 25.60870539284735;
  -6.017297472399443, 0.7181930807783025, 16.74733438160954;
  -3.4655268645063, 0.9998415699372372, 10.13946310230662;
  -6.858333452831166, 0.6199049171695495, 19.23901697706017;
  -6.198878446627595, 0.6412673957058194, 17.53934498871511;
  -9.570999022851563, -1.133273073476645, 26.50604810167125;
  -9.222746513810254, -0.758849667176616, 25.60723103382997;
  -9.368568750845018, -0.2779716384218165, 26.04231319796962;
  -8.953327973208424, -1.284304184688547, 25.08384291420699;
  -9.547773713321083, -1.235803774004259, 26.70411641188008;
  -8.996750158560626, -1.397250610170887, 25.30004190886212;
  -9.281549798463047, -0.9171217050408399, 26.11527741865605;
  -9.307804725673641, -0.436199350107768, 26.20421529344064;
  -3.103832015224768, 1.093960326998859, 9.518512144226326;
  -9.309782959623016, -0.02427198477461997, 26.41859881648526;
  -4.112508843374324, 0.8789635117954309, 12.2822016825091;
  -8.468323127254159, -0.9947804528533198, 24.1463764943864;
  -8.507133634375101, -0.03997201037747605, 24.72680518335476;
  -2.401445150725066, 1.304972939929012, 7.785164813749581;
  -2.070628032381076, 1.412007996631094, 6.84530965744468;
  -6.53922239453103, 0.5647865196802958, 19.35200171045878;
  -8.858612495778129, -0.2331019992242342, 25.89433066682924;
  -8.014124002977288, -0.6743576729789227, 23.5995745528033;
  -9.253023470358082, -0.4754308109201383, 27.43248886478919;
  -6.295665090522171, 0.6227638639079576, 19.08113206159167;
  -6.401354898327797, 0.5386272611105323, 19.53651803621993;
  -2.401396902499887, 1.296405637869753, 8.046815957924968;
  -6.374856165618975, -0.5897971854499104, 19.77873912366851;
  -6.499149802837138, -1.282041306333557, 20.30107034785866;
  -6.545478005938326, 0.470084086736567, 20.62524281144369;
  -7.865045871417446, 0.4347985445891374, 24.60932870785713;
  -9.20030357705007, -0.4380276613871966, 28.82012108277634;
  -6.518215801037705, -1.234814977799922, 20.75491370048093;
  -7.72972332983422, -0.5842071330370777, 24.6697649201389;
  -4.406282471978841, 0.7472761937867157, 14.62089987741078;
