m=[-17.78713979616574, -1.037185677038107, 27.06330683870787;
  -7.971554408575448, -1.338525535049091, 13.1176582789087;
  -11.83786567389554, -1.229229695872292, 20.07127908950472;
  -6.555438610922341, -0.03208425802511921, 11.66701255405021;
  -11.52010041807099, -1.17053901566971, 19.77620025769999;
  -5.128554860396684, 0.2797103701607303, 10.01137379720561;
  -4.870807662369818, 0.009873777591864641, 9.659302338058881;
  -4.693590906239502, 0.3255458646345862, 9.379332080707988;
  -4.687581331356435, 0.3032933228709941, 10.15450607561965;
  -7.473871455993022, -0.6840416769170795, 17.05136485150405;
  -4.267063034041162, 0.2983595790884143, 10.18433572924291;
  -8.380381654694716, -1.09160244833453, 19.32886123189395;
  -8.086338460594952, -1.285155656543892, 18.68647300459814;
  -8.080351171408585, -1.061162913284497, 19.07842917401277;
  -7.063126297432408, -0.8713970289476527, 16.89925944631523;
  -7.347423153827078, -1.10360744450804, 17.54209923225679;
  -7.117069426527647, -0.7490742666504011, 17.05377525019423;
  -7.017959578296083, -0.8220814815357398, 16.99733422179558;
  -4.136341995640979, 0.3046834834013111, 10.48158100992742;
  -5.424243388992577, -0.1438669421174932, 14.42068606319637;
  -5.327884609681943, -0.4867734961672369, 14.23371228002266;
  -2.02393557634771, 0.4325742726852465, 6.04457908489541;
  -5.464732625780969, -0.09520785711133749, 14.67113388032916;
  -5.433436946082051, -0.1440162012349144, 14.73178815708918;
  -5.126067031461387, -0.2522405800810597, 14.11012447628736;
  -5.255445080899904, -0.622281371578771, 14.55449737038228;
  -5.289409809831633, -0.4352138343758064, 14.68620424839228;
  -5.231901146843076, -0.2451869100547624, 14.72934468293249;
  -5.193594413822257, -0.01354047082349487, 14.73798990045039;
  -5.048968644364827, -0.1328565489892256, 14.75848093208094;
  -2.120434104080083, 0.4125084421551682, 6.925457132244219;
  -3.472420699408717, 0.2493828123424724, 10.94183190346247;
  -5.445542941054542, -0.2592630144731035, 17.05826395926063;
  -2.015904332862574, 0.4009423153631771, 6.938266925778579;
  -5.096198353555571, -0.02802334339785214, 16.08007446350077;
  -1.963159944076431, 0.4340650519025511, 6.906416691675399;
  -4.524094929372676, 0.1174106250235352, 14.77861662057258;
  -4.476594667010207, 0.2331473471431949, 14.77587245426308;
  -4.891991301709229, -0.2980141542334447, 16.35699161088691;
  -1.92832495705207, 0.420089217312874, 7.038238339522217;
  -3.250093896129262, -0.6645116439478224, 11.21981056833822;
  -3.201432611479572, 0.320085160953816, 11.21784928265712;
  -3.921150757159961, -0.7096606187542316, 13.53048415825925;
  -1.90502449981328, 0.4133923736438977, 7.129314995572111;
  -1.720234100713343, 0.4433405694373983, 6.586697717053942;
  -3.311139726368102, -1.046693641848065, 11.81066609591044;
  -1.819495075389293, 0.4076732857108693, 6.948403970997082;
  -1.338393380353751, 0.531282113295502, 5.365441260546763;
  -1.666079584290975, 0.4706760414411587, 6.464917453234815;
  -5.060827060932271, -0.5729277143892066, 17.7199836925094;
  -5.0938101962143, 0.2085928923349572, 18.00431814493905;
  -3.356969162557821, -1.05578116106988, 12.26208718129739;
  -5.340288292736076, -0.7984387650292033, 19.04029501562344;
  -3.340833322550272, -1.003517303923348, 12.31011167692965;
  -3.201658343269554, -1.022292292817372, 11.91756122672206;
  -3.426755639245823, -1.185390738079435, 12.81081846526823;
  -4.985319327054112, 0.1163344456793386, 18.27356544226026;
  -5.281531418333832, -0.4602811705362935, 19.29390279191565;
  -3.12251476491658, -1.067270836169547, 11.94299229187472;
  -4.624487817926256, -0.4512469967132162, 17.29140337302023;
  -3.076662138487185, -0.9530466809376006, 12.01682519365184;
  -2.354871592838109, 0.3417614826447357, 9.582739112926761;
  -1.625948024882506, 0.4635881379518627, 6.932708416344191;
  -1.668938236019343, 0.4508815383328824, 7.174320903389203;
  -2.434418516881329, -1.26406260560096, 10.06853869804325;
  -1.361629012584231, 0.5017870076361742, 6.07912167876253;
  -2.181486735713115, 0.3571928807875521, 9.20730559022511;
  -2.018049203478678, 0.3980181130192026, 8.634270462120744;
  -4.198475730281019, -0.3090322018815952, 16.98863323951785;
  -4.587560770426559, -0.1345701507392629, 18.50939632782774;
  -1.659031941782778, 0.4366436149920758, 7.345459409734853;
  -2.228968305231663, 0.3307676938869597, 9.557507240015926;
  -4.428899343245443, -0.3941529431052562, 18.47451403993461;
  -5.179969564363534, -0.239793303653023, 21.55060131122058;
  -1.987844589769764, 0.3695176999575539, 8.917881606591941;
  -1.42823069727992, 0.5020552008134588, 6.716719531531557;
  -2.365218718347127, -0.6281607042544471, 10.76018270079489;
  -2.124927531302126, 0.3354702701076654, 9.785473444404097;
  -2.522078705356784, -0.7088021671298572, 11.48552647864217;
  -1.470662319313559, 0.4728094593378388, 7.116615697280369;
  -2.460120249658103, -0.8166749822716873, 11.27627112603247;
  -3.231163103610307, 0.1290944179687444, 14.83247667735479;
  -2.042413463537503, 0.3431760623032859, 9.784890563758289;
  -1.90492944523812, 0.3624129099201418, 9.272819368634902;
  -0.8274455973562922, 0.6844861159209471, 4.566598656121383;
  -1.771204816869891, 0.4245659562605719, 8.743681452849598;
  -1.186973523524219, 0.5436761539266107, 6.19420485475889;
  -1.429292497836094, 0.4698228950323016, 7.274359240703193;
  -2.386029783185957, -0.39581077945343, 11.59864939591551;
  -2.08898132095699, -0.6777540730150617, 10.32249579339798;
  -0.7741363337140558, 0.6739371463169634, 4.445405881943744;
  -1.437816863467153, 0.4542840848404242, 7.433714725101809;
  -2.768735242575142, -0.1261605248909253, 13.47900869896017;
  -1.791739562827237, 0.393558415118634, 9.145955692938067;
  -1.621026677371708, 0.4164193537315561, 8.383905170514808;
  -2.441841330851468, -0.6210791013834947, 12.18690488601372;
  -1.090494616029673, 0.5529512655060489, 6.001103536148603;
  -2.229177826982023, -0.638632890793186, 11.31016970526235;
  -2.176027427886026, -0.6886763852505876, 11.11032639531221;
  -1.037806048330102, 0.575237399642731, 5.823088676517059;
  -2.118610923853838, -0.517473387231877, 10.95178472104651;
  -4.101961680887101, 0.07473093954386378, 20.62886226220859;
  -2.125148232727647, -0.6397521017469892, 11.1642191755826;
  -1.539118613723536, 0.4148341211470182, 8.473462892876912;
  -1.720196088058379, 0.3706909572536784, 9.373184809152413;
  -2.054213232492306, -1.649409284033817, 11.07399782594222;
  -1.951718815199182, -1.59957516447974, 10.71971218495082;
  -2.130918231763976, -0.5208319589959497, 11.62769378843932;
  -4.50707830013752, 0.08638306661396004, 23.66135923747362;
  -2.053709691666619, -1.696579000701857, 11.3157912547016;
  -1.01246720702415, 0.5844077322279255, 6.077512847560821;
  -2.097665740698863, -0.9188920825867474, 11.75823999110075;
  -1.987876593218944, -0.5672953222400508, 11.20204192670643;
  -1.717872282898622, 0.352212551164738, 9.888727493965543;
  -5.118703211053619, -0.3227261870066143, 27.89528877781814;
  -0.7118862422020267, 0.6923372036364085, 4.719844098821287;
  -2.054446521241747, -0.5595775496949184, 11.89994278292688;
  -1.618729162557982, 0.400051287438465, 9.661490644624077;
  -1.405968052250735, 0.4528228749309153, 8.534879769490052;
  -3.692004027470204, 0.08490512197972593, 20.91614002719404;
  -5.211279875935603, -0.2208906637081127, 29.43651846615989;
  -4.229429182851349, -0.5121584476118108, 24.10886235900174;
  -0.9110598569716101, 0.5824276943675912, 5.967139367712853;
  -1.260406465635793, 0.486177292397742, 8.049310626422056;
  -1.647883820923632, 0.3821445888474662, 10.33364511699879;
  -0.9941832837744121, 0.5420775630964368, 6.599024140205741;
  -3.193143845910632, 0.1271862194065303, 19.76084403938293;
  -1.477571415115065, 0.4368730386647387, 9.68400501157079;
  -1.223440765090429, 0.4989347508463833, 8.213870805846444;
  -1.359295300510062, 0.4505922143649563, 9.055169837076555;
