m=[-6.877768014956313, 0.5768274957181853, 9.262810307359404;
  -6.718109668830088, 0.3581822798493584, 9.175715931276683;
  -4.380282213871079, 0.5544735725638842, 6.963897801997579;
  -10.87799026536715, -0.5610560398275752, 19.89311461050342;
  -6.379115284226377, 0.3196937676379302, 12.80402189545031;
  -4.84991148050327, 0.559068530397222, 10.89725836038726;
  -4.678641844377171, 0.6061371900945114, 10.77638967628171;
  -4.529850949243771, 0.5594009061615102, 11.49761727088681;
  -4.219139163138619, 0.6164565108112762, 11.49515371021292;
  -6.707441968972607, 0.2383626253216878, 18.47174212517523;
  -6.452512398387119, -0.1756888963768616, 17.91786372379541;
  -6.405994642331929, -0.2803191741470878, 17.80222780453882;
  -5.553506221242405, -0.0004964207180620348, 15.92025230412479;
  -5.443238322014455, 0.22096345490537, 15.81555429040905;
  -3.922175467688856, 0.6158497399957703, 11.78812092525898;
  -5.780009832390824, 0.3840780542219896, 17.01476261172952;
  -5.390339988156633, 0.3113537627287589, 16.03329364645941;
  -5.562018718478263, -0.1610882501153402, 16.51093511951803;
  -4.825510148316198, 0.4626604438037186, 14.54968383193915;
  -5.518033226373224, 0.1527864699813187, 16.51409368128541;
  -3.21567648726555, 0.6255235897002917, 10.05858179371117;
  -5.250121413540843, 0.2965774518056877, 16.04687356867249;
  -5.307502188739822, 0.2301250481651599, 16.23582796094074;
  -5.033541318451753, 0.427767652583494, 15.68348386045486;
  -4.737054534432958, 0.3966446428518707, 15.1547609014795;
  -4.357056675588567, 0.6136674921163853, 14.10227686969792;
  -1.680166080588979, 0.6311374950424239, 6.330413915355253;
  -4.302511783767378, 0.6472188209215831, 14.88114409256238;
  -3.163425299959927, 0.6404282091349237, 11.45673724668141;
  -5.037064708109016, 0.6123791284209549, 17.85699509490276;
  -4.751153185453098, 0.3953683216036182, 17.49081279947576;
  -2.109787766971904, 0.6221023767727065, 8.297883111190339;
  -2.165056991848034, 0.605754897210675, 8.486090623340321;
  -5.033927524586964, 0.572919521080836, 18.48577326087004;
  -4.600351869683933, 0.2204728602479914, 17.1629120736479;
  -5.118118950364258, 0.09875408033426791, 19.05713103898162;
  -5.011726763581145, 0.7277461132506885, 19.08892101399582;
  -4.871575523357251, -0.02355726074922091, 18.64090443057965;
  -3.69671243821144, -0.3911611161336553, 14.47608629875285;
  -1.997121718655929, 0.6019648970738339, 8.28273883223577;
  -5.021938197872506, 0.109691065961547, 19.72882521772291;
  -4.821506970334347, -0.3329401222260512, 18.98948508493461;
  -1.970537228337535, 0.6366226187646242, 8.331681387145363;
  -5.08251198396137, 0.4835687673523441, 20.14044682304216;
  -4.964144075731245, 0.2014687813161572, 19.85458540557653;
  -4.824620209113414, 0.3877559426512459, 19.33933605510789;
  -1.930890728427491, 0.5458913191029006, 8.587278868366628;
  -4.619151498752903, 0.587013122792993, 19.30637748363311;
  -1.802174045727179, 0.625492564334144, 8.140543854781971;
  -2.986952332551624, -0.6477300237502416, 13.06291931641552;
  -4.645715602604496, 0.3178232588816627, 19.80198618547049;
  -1.824510719747699, 0.6214572036780504, 8.369848756834916;
  -4.572941113584181, 0.6339754453294348, 19.58186722425409;
  -4.561683705521332, -0.195821090846218, 19.58828274137232;
  -4.535561280181198, 0.4286067140084303, 19.67180830194061;
  -4.91564025361448, 0.6731745917555392, 21.40951501831598;
  -4.85678868286891, 0.3795069442617098, 21.49708475473743;
  -1.742032660707213, 0.635914070021445, 8.418370684984364;
  -2.781813631471529, -0.08624899466630258, 13.04538418469869;
  -5.359792647707168, 0.7169836717907975, 24.34013610516765;
  -1.88812188730994, -0.8664789758069728, 9.217453718103375;
  -2.746216238981195, -0.3358734387999894, 13.24699984000399;
  -1.994020376891741, 0.6418624625170606, 9.883029344004179;
  -2.412577287305731, -0.1729824523287921, 12.02947422920394;
  -1.295659776154019, 0.673059588562464, 6.976060309339158;
  -1.82753743379363, 0.6421745767981145, 9.471611137361503;
  -2.519166192028, -0.2658572601770084, 12.75439212668611;
  -1.964413585126958, 0.6283721687861178, 10.18748395673749;
  -3.401239879385031, 0.599851360337017, 16.96426598682485;
  -2.413509767893319, -0.3301927541781454, 12.38482047155233;
  -2.334910908972284, -0.2882110341202958, 12.01586822041782;
  -2.417368512784937, -0.4505296179158234, 12.44688559360242;
  -2.909191562777948, 0.2103659856090296, 14.92902098835834;
  -1.446204788120042, 0.6578944580532511, 7.889039302320612;
  -2.147663293261378, 0.6287465736573251, 11.2567943135237;
  -3.190881002177171, 0.4385359629410973, 16.40821413296947;
  -1.530684165346357, 0.6422392084407352, 8.465449345352152;
  -1.775751595079168, 0.6533131235031972, 9.72092878800494;
  -2.124612104277181, 0.5917126089311532, 11.54283466754059;
  -3.034710216601768, 0.3037703660400635, 16.16876578185235;
  -2.254038899240336, -0.2321273820157285, 12.33806027867247;
  -1.632491478160194, 0.6329943765882076, 9.236036957737818;
  -2.002800314991175, 0.6631313778806418, 11.10720538185377;
  -2.163884667468595, -0.3676256629870884, 12.03200543858789;
  -3.832003831840635, 0.6589300507302695, 20.62596466502534;
  -1.499945426021085, 0.6935958667424321, 8.658887934917187;
  -1.325102303074041, 0.6876164705082812, 7.760434130889285;
  -2.384461505517665, 0.04537590314661627, 13.43452622921864;
  -2.141892665906154, -0.07248642898283206, 12.22862396918905;
  -2.195663245031363, -0.2861696040231078, 12.51841665434473;
  -1.630466861829022, -0.6292818549224944, 9.571731568692888;
  -2.109731523861965, -0.334364345671697, 12.13035271785031;
  -2.140704575701876, 0.6315736293553276, 12.35374008543482;
  -1.74172158851289, 0.6581187315698883, 10.26840863955645;
  -1.602553491201472, 0.6599549367589245, 9.658678540815552;
  -1.585569565002535, 0.6948294536097442, 9.550846385566066;
  -2.083606314783695, -0.3695774375870233, 12.35863631236798;
  -4.503543777571434, 0.6478888156998485, 25.64707114108369;
  -2.112260587249391, -1.377886702585604, 12.63021682672826;
  -2.065617687462069, 0.6492768302382497, 12.3360288223196;
  -1.74872031817608, 0.6558558601429574, 10.86572061561303;
  -2.03780900645009, -1.312780508736195, 12.58495409220616;
  -2.007243031546269, -0.3458196602933835, 12.45840380687301;
  -1.092950961775102, 0.7366658638094408, 7.205322613276727;
  -1.378030430327917, -0.5995256155837893, 8.877176681417597;
  -3.553891821713826, 0.6949720738364167, 21.40941221795195;
  -1.508303278825028, 0.658101989243694, 9.677177368660543;
  -0.8910723036308559, 0.7589203008189577, 6.178552562568653;
  -1.099602775119374, 0.7335588595031823, 7.426225500665234;
  -3.425465548245787, 0.7821255255105462, 21.34961127558201;
  -1.9615854256209, -0.1833802690379788, 12.72488679699204;
  -0.8664028971853056, 0.8198235691277945, 6.13412209560215;
  -1.051816520570238, 0.7563739693519305, 7.272607823989619;
  -2.456338122718655, -0.06261480207921681, 15.83357586718564;
  -4.712500118768939, 0.7909798261539836, 29.5606569783223;
  -1.985018205785001, -1.358386443334631, 13.07637153434963;
  -1.922320601725283, -0.4566382506989181, 12.94450130330835;
  -0.8199829417257922, 0.8432078487983393, 6.084545941585283;
  -1.454885883186548, -1.43040451932855, 10.26276914854995;
  -1.399354284314909, 0.6962996986189882, 9.823706051342455;
  -0.8561194853536501, 0.7763108943953578, 6.467616625478836;
  -1.324006445591635, 0.6713129773791751, 9.616755411873697;
  -1.203823839256075, 0.7217237745300414, 8.950437283863357;
  -4.61079468754193, 0.7080626838013117, 32.30569544500554;
  -1.470905187541492, 0.6601914693324043, 11.06282053871067;
  -1.723955544709025, 0.6900540922346166, 12.84106285399898;
  -1.267365905617165, 0.7146920132349148, 9.686009429317899;
  -4.276677504949118, 0.868476012264718, 30.59967096856136;
  -1.330201305638833, 0.6997652268355842, 10.16343426094922;
  -0.8757341457495056, 0.8219471261190029, 7.099948682501901;
  -1.001279548535038, 0.7368636136570511, 7.987661145129775;
