m=[-17.36152002913032, -0.7171877135030971, 25.02426932389509;
  -17.50255750908588, -1.005167589467514, 25.23445509493583;
  -9.3700245309414, 0.08913555679106545, 14.0189843157863;
  -11.74786143096778, -1.228708525086741, 17.50326443856904;
  -11.50650642857168, -1.007460247599576, 17.26097788944178;
  -16.83152076050525, -0.6535965799469646, 24.96329833799305;
  -15.98888341388824, -0.7558931493985835, 24.33082778532049;
  -14.96469456462711, -0.4554865991850558, 23.02623908174063;
  -11.58184717854093, -1.061881523159483, 18.26162599431748;
  -10.72656160159671, -0.7889069777172357, 18.67611285824026;
  -10.76780908182125, -0.9943989687123099, 18.75798689872468;
  -11.0262258152786, -0.9887360063934774, 19.42701530375929;
  -3.888686822981464, 0.327402300969225, 7.818800004684669;
  -4.385556048045119, 0.4076023264401745, 9.222830221727994;
  -4.64240837939975, 0.3824237815801843, 9.767551755201881;
  -4.549637368794546, 0.3533358086430936, 10.33561593864612;
  -4.721364385478799, -0.5064367765584082, 10.74258712420008;
  -4.117826945832075, 0.3926409394016328, 10.06190579944032;
  -4.180195810991327, 0.3635660483616322, 10.4715395434828;
  -6.575841331876936, -0.4977308721764569, 16.80533878764837;
  -6.371807684115462, -0.1665172580221173, 16.68755426269106;
  -6.223375939288268, -0.3890735196558029, 16.36769252096369;
  -3.556107180175044, 0.4235960896558744, 10.2587950256399;
  -5.134421235752819, -0.04153652046718721, 14.40780503052342;
  -3.508107850186341, 0.3834490273363466, 10.34075481113126;
  -5.108059284367384, -0.5051153859662377, 14.64603321712545;
  -4.877133590856627, -0.04936500827462217, 14.0665231435442;
  -3.597715291332414, 0.3676191559180467, 10.81780013408125;
  -1.523067005114123, 0.5639030799048483, 5.167653733940258;
  -4.986752220975097, 0.09120690928041908, 14.6460016372982;
  -4.677408043033137, 0.06959951201578048, 14.07343387514562;
  -4.849640743597368, -0.1497111416024721, 14.59080328070084;
  -3.458061394974326, 0.364190399441313, 10.71547767744246;
  -2.154815454338569, 0.4372751275034332, 7.53840691055969;
  -2.172749152014063, 0.4232746906896743, 7.720070237487208;
  -2.03372473823526, 0.4623728389132482, 7.349564421197069;
  -4.322896880909144, 0.2067775346278097, 14.58432870132276;
  -2.007140287550034, 0.442472065153745, 7.410489961368098;
  -4.536341246001834, -0.1470182997192377, 15.77104873539042;
  -1.968593698005399, 0.4766142049344697, 7.421627152318978;
  -4.823754312039134, -0.2831881082723367, 16.77901116696989;
  -3.583299462471458, -0.5707736831530584, 12.8838681502654;
  -4.920914652654233, -0.2966880547408879, 17.48452980661807;
  -1.948976493907087, 0.4667534902124348, 7.603862517650156;
  -4.609654250378458, 0.2950831050362469, 16.77358438894806;
  -1.819835500516941, 0.471790463063588, 7.307842479588609;
  -1.918522941918205, 0.4609120315521609, 7.67672308225244;
  -3.269281966577855, -0.9485890151353218, 12.44695926925526;
  -4.447432158585685, -0.5973834851105732, 16.59215750153019;
  -1.741897934905387, 0.4896435451233911, 7.16521507159718;
  -4.598056846659891, -0.548293443317098, 17.27709632524619;
  -1.830189975509881, 0.4562246222360311, 7.487893441128663;
  -4.750574595303968, -0.2982242984797571, 17.84680485244727;
  -4.556908847790336, 0.221209857737903, 17.17932182975933;
  -5.041132334710706, -0.7992413029871087, 18.93883395643458;
  -4.452797265527774, 0.03642653203288649, 16.89628868343379;
  -1.703472530585107, 0.5202981220951964, 7.102261776582468;
  -4.549729894519397, -0.03035237328101824, 17.42880746085783;
  -1.661498617597686, 0.4978158464245483, 7.049499015878681;
  -1.746114334852492, 0.4729393050296327, 7.540618200613171;
  -4.185773798341204, 0.1700091120157618, 16.74648352426729;
  -1.389381541770708, 0.5565571157957584, 6.276615440533337;
  -2.727796161934025, -1.078278131823308, 11.44836688666234;
  -4.295506042493392, -0.1149152377027487, 17.5210714654445;
  -4.242911455644234, -0.04444377838349709, 17.49182155828645;
  -4.180783122976861, -0.004242325199107012, 17.35196751642868;
  -1.68819286617368, 0.5001160856628562, 7.751363229815882;
  -2.621235327938267, -0.6966307153390806, 11.66377434715827;
  -2.553106835459631, -0.5772216666649811, 11.48878493471882;
  -1.4789571997332, 0.5176050589026408, 7.157663795610874;
  -4.739680108457789, 0.1611971785771505, 20.8133656125756;
  -1.958642385034817, 0.4223858923611347, 9.284865986034212;
  -1.452192204452404, 0.4537350912788102, 7.19537734050786;
  -2.38435202955255, -0.7584747455076939, 11.26304610656641;
  -2.484979665965872, -0.5330830041502878, 11.70876388155866;
  -2.303958649703817, -0.5418687141845122, 10.98163807616759;
  -3.287367868436806, -0.0464993320430918, 15.266867940517;
  -2.398959230537361, -0.597916112947593, 11.43107844002387;
  -2.082235764797189, 0.3906302329855009, 10.08029006484737;
  -1.785952764356048, 0.4628328299515622, 8.900065669169832;
  -3.170099478320086, -0.006112636143682816, 15.04870837729637;
  -3.227143324641318, 0.2269008598165556, 15.30582923413402;
  -1.4437679662421, 0.5032744789557452, 7.486733969437371;
  -3.366911548047654, 0.07124279799032326, 16.41840366833956;
  -2.229252422343464, 0.2945419834144404, 11.26247966993291;
  -2.16622292164798, -0.2840826555019879, 11.03902367512287;
  -1.759058893842831, 0.4737719053556728, 9.178756128804523;
  -0.9286110119853852, 0.6804993821182135, 5.359035296716089;
  -1.428358500782568, 0.5170103236669797, 7.770960052776069;
  -1.222178472521243, 0.561401023679187, 6.814270948777532;
  -1.921277461710512, 0.4415313054912612, 10.13568443092748;
  -2.044907791216429, -0.3189416152092456, 10.84603535631857;
  -1.748329466756341, 0.4463096976827777, 9.429988190996314;
  -2.14172113668032, -0.5413627094176401, 11.35990965762455;
  -1.56411710764968, 0.5038967646125712, 8.58290526468004;
  -1.602749623038279, 0.4662840855014279, 8.793112404370847;
  -2.161901474938273, -0.6105966059329295, 11.53358398641057;
  -1.111583354852119, 0.6148620196306787, 6.439524473841485;
  -3.483849825233675, 0.1883304650869286, 18.02302079804931;
  -2.091162354427623, 0.3669299024960689, 11.23966620966381;
  -2.109588664555894, -2.054986818127179, 11.39063718490215;
  -2.044222961646661, -0.4321744253861796, 11.06575428186066;
  -0.8857392854295212, 0.7309110519635268, 5.371519760154343;
  -1.942098373488919, -0.3093137240084082, 10.66039967361004;
  -2.020648678765252, -0.614802663293574, 11.13944851866049;
  -1.101687446474835, 0.5982927254465094, 6.572425857654434;
  -1.97645312304623, 0.3776686524087713, 10.99837070159044;
  -3.921861335611585, 0.2062448659385236, 21.04308320843587;
  -0.816034643641786, 0.737884453691376, 5.186864146786746;
  -1.989075222542911, -1.5281982780108, 11.20694382049934;
  -1.065869458777315, 0.6292482645409104, 6.482485125750178;
  -1.498024971201083, 0.45997744750108, 8.755198222614263;
  -0.7896165499599719, 0.7494947247540974, 5.124125648423147;
  -1.629948569547504, 0.4558492360823154, 9.52539537003762;
  -2.084119976268575, -1.629190579868252, 11.95286434862432;
  -3.963872076535835, 0.0721926171362571, 21.91208674404448;
  -2.03490337915435, -0.6295717262945288, 11.76111968012776;
  -1.461323103248735, 0.4917495118574271, 8.882213892122927;
  -1.331597679741068, 0.5351791341923619, 8.189820464881192;
  -1.349057357601921, 0.513169374231503, 8.28678362839459;
  -1.357460300836984, 0.5174655024162241, 8.387879722211862;
  -1.697392834607037, 0.4127621221697014, 10.24929852840984;
  -1.975943973046763, -1.55926604473354, 11.81944703161187;
  -3.254041574064183, 0.2049178357197167, 18.89267493735458;
  -1.871077911664824, -0.4872263688689764, 11.31302973690237;
  -1.942017585624277, -0.4542773345713559, 11.75794535810417;
  -3.651388237033026, -0.3104616711083707, 21.2527824707382;
  -1.977181277753254, -1.648065453750574, 12.14952177188957;
  -2.960041840488289, 0.2803318938242199, 17.80325158691309;
  -1.394629400785026, 0.5027967553494847, 8.961353400373515;
