m=[-6.067673584366703, -0.6239605479085996, 8.938029312403359;
  -2.827205271102612, -0.0761084697029403, 7.380984761723477;
  -2.290494782878699, -0.05827563658239655, 8.728144781401186;
  -2.216103199735792, -0.08267280002511449, 8.610971295975654;
  -2.190639230524942, -0.09680342389359986, 8.881071121138016;
  -1.143167142120902, -0.3105611930851625, 5.367523165892909;
  1.795765695567913, 0.6717976824682929, -6.023714310946141;
  -1.117903040655847, -0.3172811206709365, 5.402357055762769;
  -1.093971111621462, -0.3720340289983052, 5.341711265878925;
  -0.98227281851545, 0.1545742985554605, 4.962655917441583;
  -1.104495133953241, -0.9071790625098851, 5.806528637928613;
  -2.165390084569359, -0.1722809416632224, 12.52388793764703;
  -0.6992986128868042, 0.1955661508357421, 4.772856165100618;
  -2.10250141281847, -0.08113371842004412, 13.42915401099452;
  -1.269075015869086, 0.09656455893685624, 8.744887556211362;
  -1.986397015862897, -0.1024656037695933, 13.51875985352752;
  -2.075827286880898, -0.4944224078029432, 14.18582200540646;
  -1.932591966003025, -0.1703413102785997, 13.37095658578549;
  -0.5906281180948805, 0.2390142502665279, 4.779813019707012;
  -1.881640002620943, -0.08759070236285747, 13.49820096530671;
  -1.780257505016195, -0.5020372333014501, 12.9529488973847;
  -1.802172688440707, 0.1048719957536847, 13.23083613924397;
  -0.5780889853613891, 0.2266192837860345, 4.960941764309246;
  -3.036672320762407, -3.109334799708403, 22.3192866273031;
  -1.817458374737738, -0.427548616443575, 13.80729542349258;
  -1.810456395010077, -0.03647460335145009, 14.01981905104844;
  -1.924602594181518, -0.2781108553718244, 14.90234367308451;
  -0.5229092663305281, 0.2407387849379947, 4.862066940061397;
  -2.856097468219493, -3.220130617521849, 22.48797318095611;
  -0.5300196322566143, 0.2263340674782177, 4.962337362778141;
  -2.762163647933662, -3.522069410465404, 23.65132080416962;
  -1.906066352414918, -0.1626326794401899, 16.60496452045869;
  -1.690757076517194, -0.498020620645864, 14.94991905263391;
  -1.95103850670999, -0.9136037372470175, 17.6902888630156;
  -1.655989035410019, -0.3267462400977183, 15.66248492996049;
  -2.536137780135194, -2.165504088748583, 24.10691617545863;
  -2.158877169008888, -2.796089772038799, 20.65719018455882;
  -1.54244325775724, -0.4301053250563036, 14.99863031785402;
  -2.046560589366427, -2.563190673598699, 19.86485189956976;
  -2.206497833289232, -3.032129911316426, 21.270168189754;
  -0.7284868123703076, 0.1406313045371255, 7.725744585463249;
  -1.2171272578344, -0.5026929745442547, 12.39775615676151;
  -0.4064404078776504, 0.2921750749741158, 4.803105878330394;
  -2.103367418031501, -3.76576619250514, 21.06072399233169;
  -1.949211511101969, -2.89451906953376, 19.70049371598051;
  -2.242183415887272, -2.098365277359227, 22.80249801235278;
  -2.00490428755152, -2.845690904569282, 20.82973684466476;
  -0.3752380037157677, 0.2990975177185059, 4.688807771405489;
  -1.910587617379253, -2.514842028009348, 20.07610125569271;
  -1.833275390576502, -3.534532478029036, 20.0435140272085;
  -2.155562063637764, -2.120126048242909, 23.71610806049134;
  -1.814396748948748, -2.471736965147471, 20.30677335289624;
  -1.079536435017911, -0.07505412886764029, 12.57945575601768;
  -1.955990311520219, -2.366659331313302, 22.12647992918763;
  -1.989564327938492, -3.614643915862205, 23.05528865548297;
  -1.138732934897225, -0.4535875372382757, 13.50995492260977;
  -0.3340473113884921, 0.2965842286678633, 4.681141299774128;
  -1.561238747444716, -2.493866143375497, 18.4082741376319;
  -2.221364765315138, -4.331533282861616, 26.31173226194456;
  -1.816749732178023, -1.889466620778116, 21.84567030612767;
  -2.331783607454899, -2.253190098704308, 27.93066547896747;
  -1.75877588798474, -2.979744864657921, 21.54964244203661;
  -0.8649043020275337, -0.2275864561729708, 11.00348080388701;
  -1.554894486745702, -2.407701218799442, 19.74707195786093;
  -1.221036097645254, -0.9089600914097183, 15.92396252666861;
  -1.650068043819086, -3.398290548405309, 21.47251800386674;
  -0.6522101574648844, -0.2298437839649318, 9.072008266310935;
  -1.807512261182375, -2.185246147023481, 23.362221735498;
  -1.503533961310061, -2.611618783610118, 20.67575693206682;
  -1.441854235651774, -3.197030728022945, 20.83896893483609;
  -1.349301790083215, -3.16207627983062, 19.88112850678665;
  -1.460053082859797, -2.796497930236382, 22.65377904943575;
  -1.383318450863904, -1.971747523755439, 21.72839165388244;
  -1.380786208103384, -3.205873752962459, 22.12879071588793;
  -1.207046024023895, -2.167389727039738, 20.89260795192719;
  -0.796363142181254, -0.7773459558729088, 14.43864101980201;
  -1.113820374109367, -1.617067185435684, 19.94699886339189;
  -1.122241278320559, -1.526304984902639, 20.11784229972408;
  -0.3502808368580093, 0.2333561441557508, 7.018140387205843;
  -0.7490165972265909, -0.7050469640852803, 14.03289051512251;
  -0.3346528846907189, 0.2211839795714811, 7.204476208733232;
  -0.5062765451933712, -0.3188097177671246, 11.40793742836286;
  -0.3011359997636799, 0.2209632370803764, 7.543619512651427;
  -0.4245417868973974, -0.04065076016433399, 12.07927041239294;
  -0.3694311070152468, -0.7882166328336978, 12.87399412984003;
  -0.3069657951944948, -0.5347362705477767, 11.33374422412109;
  -0.2347358980392601, -0.6505294836116792, 9.475501755036389;
  -0.1935188136483798, -0.5167648487477775, 10.82263133711602;
  -0.2688252003171694, -0.8859956549861765, 14.38807069313863;
  -0.02503471765843718, -0.01350320104254366, 10.60848817911511;
  0.09633706956687083, -0.9226962905921813, 14.44049061012461;
  0.1453623095238786, -0.9101846567180044, 16.42023182771478;
  0.2825878807333652, -1.559005145144162, 21.53089493249417;
  0.1826246105148794, -0.4689914182456349, 11.85920842681646;
  0.1308772655712245, -0.1909558918772148, 7.844029154485229;
  0.1301291154715324, -0.3845802772951968, 7.685381670267132;
  0.5406347213528978, -1.680956252441802, 23.92727094158866;
  0.4803385395468405, -0.2287929673520663, 18.53594770023885;
  0.3814042896746523, -1.027476298487083, 12.31124934076202;
  0.4908344041589062, -0.2087878412139345, 15.20994151874056;
  0.5130648654063373, -0.04757646576953994, 15.85992658585342;
  0.5975656562111166, -0.151731278792737, 15.27622589955364;
  0.6232590022744866, -0.02168679172970895, 14.1114807456411;
  0.5945807502898698, 0.1377926727673021, 13.07100244549113;
  0.5645311206750439, -0.00284395397796019, 10.915868337141;
  0.7182707003802699, 0.09652869532754259, 13.09931543404686;
  0.7124394114870232, -1.146369626386939, 12.53744610452441;
  0.6795615896965376, -0.567849891039972, 11.98265963821263;
  0.7971716360776463, -0.1309235867441932, 13.58623715170398;
  0.7783334813724919, 0.1128165874655472, 12.63451056215001;
  0.8885826068786955, -0.2109712008732771, 14.03575259959911;
  0.884142694501269, -0.1856844927718184, 13.15098542256159;
  0.9857127687717194, -0.1458485500402594, 13.38501472089074;
  1.052360287797115, -0.2838008990893065, 13.14720538484415;
  0.4891422668006129, 0.03151635538330733, 6.49876079298509;
  1.384975096991148, -0.534659950685596, 16.0678025235781;
  0.5641677458673245, 0.2380225900991411, 6.684707525740056;
  0.587989666161722, 0.05821050688280487, 6.654240290617217;
  1.318623200985214, -1.065818456992393, 13.10775621994978;
  1.352259593557883, -1.213302593904349, 13.28884225968461;
  0.5623723673643643, 0.2542658945173415, 6.114683273097013;
  0.6174423792309421, -1.190663862458141, 6.46735402821373;
  0.7499860110304063, -1.176714482033904, 7.034125280484832;
  0.7707273081564633, -1.263547279419327, 6.986637368480232;
  0.8162685097982732, -1.072379262662585, 7.220773669518275;
  0.7296341584429098, 0.05969333529730305, 6.584521475688726;
  0.689767009335603, -0.02219926806581383, 6.065622486423312;
  0.7838921216849089, -1.051112140155375, 5.280679066306436;
  1.096022767260476, -0.7431677411184918, 6.695898532822416;
  0.8478933429828313, -0.9950729607610099, 5.352080373243621;
