m=[-4.193765787266382, 0.585330594762376, 6.410081706528052;
  -5.701136331769805, -0.08859967586317259, 9.379154985622986;
  -5.388078850850964, 0.03462266974716387, 9.600732186421073;
  -2.531706180699875, 0.5641199609103086, 5.71371760943658;
  -1.8380489579264, 0.6259856674355734, 4.511763048779391;
  -2.458232652304273, 0.5606927443282606, 5.718881986483266;
  -2.562403245886039, -0.6395365258326167, 6.026745043696316;
  -2.350050635277527, 0.5681260369336535, 5.855454843338145;
  -2.275431008758541, 0.579275988475595, 5.720497767101779;
  -2.989571054110973, -0.9971851082941072, 7.257832075071638;
  -2.771336277477239, -0.8437264677000135, 6.969731871889159;
  -1.686242367284438, 0.6429744081025695, 4.647500356021553;
  -2.124345001622568, -1.075131882388577, 6.066401879949911;
  -1.786602095827908, 0.637300413641406, 5.286862298037272;
  -2.060005481688317, -0.4334132935706155, 6.002635571388213;
  -2.141590988741144, -0.5709483505211501, 6.206483312517548;
  -2.098362861023825, -0.4598210946609614, 6.10965702604263;
  -2.145817170337848, -0.8824137368489642, 6.242478360937382;
  -1.530195897789396, 0.6747082354571669, 4.73579359206125;
  -1.972635069859998, -0.5608870707183233, 6.064094442282096;
  -4.804746439695998, -0.1370543583921283, 13.38646532261794;
  -1.950967556312706, -0.5217742570891806, 6.051662180094298;
  -5.154933029066348, 0.01573780714302199, 14.30269327421845;
  -5.037720738893456, -0.1893561300200623, 14.08146168940726;
  -1.967147289594271, -0.9803169286276525, 6.140886794263293;
  -5.445524628572731, 0.2569326111334521, 15.20811807648864;
  -2.148401085706696, -0.7373131033273125, 6.635630034544809;
  -1.899979785354129, -0.5054013443932323, 6.026028019419417;
  -1.850786413769032, -0.5326811270322934, 5.956244143011347;
  -1.649473414055923, 0.6350834531541848, 5.417840261178463;
  -5.987156199978738, 0.5037369696139855, 17.0543297326042;
  -1.28147751257561, 0.6996413453003275, 4.499278171650262;
  -1.658777110814545, 0.6345533832532164, 5.543987514176224;
  -5.494929432684217, 0.1982962098101789, 16.05110973669642;
  -5.902785885388131, 0.4709842721097871, 17.2797256492067;
  -5.419283134815959, 0.3097219220367971, 17.4473765651153;
  -3.6793187043728, -0.1822917537593636, 12.38747242394975;
  -3.669470977288127, -0.1685849552425669, 12.68974964651871;
  -3.653001138416688, -0.1288572026169322, 12.96108839573787;
  -3.511234909339374, 0.04550768460652376, 12.49991349451558;
  -3.455399575697369, -0.6779935955365013, 12.57170606343103;
  -3.441489500021555, 0.04541430298464288, 12.53440935002879;
  -3.395840201043857, -0.1583022003081697, 12.41746279390625;
  -3.519289535696639, -0.8595124319893156, 13.2748928512355;
  -3.382034642689427, -0.9282600886494618, 13.41550300968913;
  -3.130751203958914, -0.9132267709620334, 12.96872466428198;
  -3.154472842439648, -2.838620080942485, 13.39627461735227;
  -3.29777818881657, -1.066608643470625, 13.96086329093638;
  -4.950993294633626, 0.216378488560354, 20.45620154575536;
  -4.150406013079113, -1.777881505655654, 17.46052837135111;
  -2.783013902757793, 0.5345957705179981, 12.08569219941184;
  -3.129763291333692, -0.9484722648568464, 13.58434295010968;
  -3.144978033956495, -0.891776815918935, 13.64472115609369;
  -3.10424460127936, -2.925034657572637, 13.53371400114832;
  -3.290933447780351, -0.7780203582163497, 14.27850396426674;
  -3.105482827091086, -3.108777653878045, 13.6113745046746;
  -2.98105061009368, -1.09554571147207, 13.10119500982324;
  -4.366977969875166, -2.131491518519847, 18.76112855918986;
  -3.015024782057892, -1.233378328498995, 13.38098952589664;
  -2.990969741743763, -1.290654800398599, 13.28838405282329;
  -4.952256162446977, -2.981811980355554, 21.32520294130241;
  -4.884221756944406, 0.03265675858727577, 21.0844597036191;
  -0.9129225013114239, 0.8105496874934994, 4.797931066842319;
  -0.8989852436551645, 0.8261365752512702, 4.745887869178699;
  -4.83486681672413, -0.5400254297501882, 21.22067786401074;
  -2.882731532518114, -1.209648464344011, 13.14120867871312;
  -4.822893649445899, -2.987151477823376, 21.30460039964579;
  -4.396730040375699, -1.285908097132815, 19.64770853087781;
  -4.822317723040294, 0.01806393798602504, 21.69115905321618;
  -4.861395263307178, -0.6453669146030827, 21.94650001572605;
  -4.983913500002577, -1.480010685744124, 22.71127567241156;
  -4.820125908023161, -1.457374106320971, 22.39174196193691;
  -4.963469053446293, -3.293280022901058, 23.53675285128241;
  -4.842806119646957, -2.752914340722741, 22.96627104713175;
  -4.888394382856455, -1.457656129304872, 23.18035237572552;
  -4.616995240196406, 0.2682749320991247, 22.10944328062916;
  -0.8298445835504069, 0.8231258901394404, 4.843371525155811;
  -4.777129518979133, -1.21860766271618, 23.19436409388624;
  -4.255547960113685, 0.06186022587829294, 21.93309263517154;
  -7.55769641990194, -7.919328005115061, 38.49458157513455;
  -7.14503170674306, -7.287267044123397, 36.46627202646857;
  -4.862436605384341, -1.628188995361703, 25.10313046359799;
  -7.386957177187364, -8.644009086765735, 38.17547437099419;
  -4.061570175138727, 0.220963532236979, 21.66267077546486;
  -6.753812392760785, -6.97448754515102, 35.59427486779435;
  -6.624535127857347, -7.440397007987612, 35.03470823685539;
  -6.738457123224687, -5.846668997850241, 36.38812572155739;
  -4.03177978856059, -0.4367875020579379, 22.73796667617117;
  -6.366716789261627, -6.627144694576639, 35.92620477120666;
  -3.695471398000102, -0.1279838629536098, 21.34723491374155;
  -6.374954283521735, -6.216500743382597, 36.59899879592111;
  -6.492666238652823, -8.919620055637493, 37.79017747236224;
  -6.336527753217964, -7.463155576777981, 36.83260053242807;
  -6.329124122150869, -7.010681670850899, 37.32504375718628;
  -6.021189837337139, -7.976346105575846, 37.19754778727359;
  -5.917472674457243, -6.777482827672242, 36.91306748212605;
  -5.425043967829919, -7.7290264137018, 34.22176622764073;
  -0.5448887552095209, 0.8300530585427042, 4.374454401521359;
  -5.67606976299717, -6.936377155289133, 37.4792112650989;
  -5.431243959575527, -7.350677096992866, 35.97436487375446;
  -5.113596283285408, -5.764065642651068, 34.07233051901325;
  -5.80617942500758, -8.566319639687483, 39.29417585620324;
  -5.351593168370124, -7.17462954910938, 36.7591668740308;
  -0.562921839289526, 0.8111673116711133, 4.811043703727465;
  -5.078148547981276, -6.945578753619266, 36.70774160518258;
  -5.274730266112522, -8.039822636343091, 38.19176471071461;
  -5.157896593248929, -8.292359576085563, 37.96769473799193;
  -5.023375530130965, -8.471362201802215, 38.46231087625739;
  -1.414152580213479, 0.5679409337969323, 11.57991364011383;
  -4.758880197814899, -7.97053733753391, 37.22041074411936;
  -1.269376518339255, 0.576705046451208, 10.82357929641689;
  -4.284987071706608, -8.047691821456478, 37.73645417855735;
  -4.255118962804977, -8.365666553694204, 37.68259972813083;
  -4.355250384753302, -8.830941108016557, 38.69696459506289;
  -3.867735374220417, -6.741882042456744, 34.7967340119291;
  -3.976027520821246, -8.128034357505138, 36.75209955068544;
  -1.008671167478819, 0.6792494839480229, 10.41539649103063;
  -1.023219664472253, 0.8160189717076941, 10.73140012554246;
  -0.9229962671174284, 0.7191025388295502, 10.66618715177123;
  -0.9111509519946751, 0.6947265392201095, 11.37369388416438;
  -0.8092742244191629, 0.7190509855065748, 10.46159035974376;
  -0.1045626603159635, 0.8257508734624927, 4.38024945037275;
  -0.05660441937635082, 0.6728647047935847, 8.221383209426096;
  0.07167781640487227, 0.7974070274782311, 4.810873558798692;
  1.380611446097521, -7.565563635687562, 31.72021199114807;
  1.666853893417044, -8.135871420083818, 33.44611668814774;
  2.060509932275669, -8.359856300752808, 34.95078010609991;
  0.4540502760226458, 0.7428348961707066, 7.761381130912288;
  0.4329146801549811, 0.7613701179729908, 6.457267461110153;
  0.4776685304905024, 0.7531087772634488, 6.347043488745864;
  0.5133427793234328, 0.7515923825156363, 6.311582386202281;
