m=[-4.912394271631035, 0.9644791856548929, 6.839056502419539;
  -2.926801024955953, -0.9230978030766311, 5.0925046562752;
  -6.906024896449124, 0.470276299550256, 12.56403886727955;
  -9.939935894848768, 0.6367720379540218, 18.77426855536632;
  -5.940151514260639, -0.8255229208004002, 11.90162902509818;
  -5.442321148859857, -0.1942507476861998, 11.94867764200944;
  -5.132422190053403, -0.7697134862830162, 11.8224908221403;
  -5.399023205393666, -0.0003504034179737865, 13.3020444828381;
  -6.656966236411702, 0.4583745430813196, 17.13820129984374;
  -6.548209519266576, 0.08387929219476088, 17.08046099425211;
  -6.3716210256287, 0.3726795404233162, 17.14876848665757;
  -4.194324673307725, -1.014897804280778, 12.32360540706459;
  -3.716982329410973, -0.7577542150547736, 11.22194418728732;
  -3.554490880195733, -0.5007281705480019, 10.83714082618563;
  -3.86447210986293, -0.4062793369919914, 11.72822471779901;
  -5.619042554282825, 0.1767741482067608, 16.80665022040165;
  -3.494289462337928, -0.4160823475984012, 10.99974121945641;
  -3.566172352755455, -0.5063359443687383, 11.28636353539261;
  -4.228359887323285, -2.519837577561654, 13.22738712891306;
  -3.388213973396886, -0.5961055699645377, 10.90212444097244;
  -3.402936648644199, -0.666259244907076, 10.95062489013356;
  -3.648858481558149, -0.2435267020760822, 11.73072061369228;
  -3.695943950798719, -1.161132784854903, 12.09418655261148;
  -3.638301425325104, -1.027485361436089, 12.08927392602297;
  -3.671946066840339, -1.187371923230143, 12.53234242344453;
  -3.519217935416208, -1.203657034676778, 12.08651453477325;
  -3.796889104057118, -2.625104506479546, 13.2415072005652;
  -3.676521896957439, -2.465854452549293, 12.87532866991916;
  -3.489243322108947, -1.188956721453335, 12.31781863733322;
  -3.662560001321523, -2.252926754834213, 12.91330472238204;
  -3.74248682462415, -2.240024744423913, 13.2351240574884;
  -3.502742531789107, -1.149991104302458, 12.49416594037879;
  -3.773704839871615, -2.315777458438983, 13.4164387094387;
  -3.906788907289639, -2.86289959100155, 13.83938719376117;
  -3.44306644536201, -2.565685997281096, 12.33739510894714;
  -4.331606107084632, -1.744917049284229, 15.51086587728846;
  -3.447747130867441, -2.615730595731928, 12.56000096190777;
  -3.362534464546392, -2.601203130618108, 12.43252782721347;
  -3.209610439351898, -2.542430208646288, 11.91865577956954;
  -4.724180759664868, 0.4671404772426375, 17.34057824860441;
  -5.800869701529741, 0.1364642870422499, 21.45698042094684;
  -5.509337704525546, -2.796719681824134, 20.95633189455666;
  -4.823488162627965, -2.6848748655964, 18.34859859303558;
  -5.489476633103304, -1.061759050270411, 21.125224429438;
  -5.227629753022127, -1.00443105882861, 20.221212315557;
  -5.492573524186789, -0.345637949183259, 21.23862009925738;
  -5.72180319392135, -3.707742838121233, 22.25804884021663;
  -6.059256254139881, -3.783814478262687, 23.85399757592586;
  -5.906680059053652, -0.7772792822004944, 23.26168843776669;
  -6.149379466775174, -3.979656822325934, 24.25973806558524;
  -5.724922249704165, -1.822170070366788, 22.68270781844515;
  -5.752413196071098, -3.106189984783471, 22.87829100998511;
  -5.86709468756202, -1.80763982156033, 23.41051901048007;
  -5.894198587414762, -0.09884658202620088, 23.86941707705607;
  -5.912775279815254, -0.9043289920925002, 23.98397839684328;
  -5.955941562647578, -3.404290969180332, 24.30664300443952;
  -5.869104469597938, -1.831902626371382, 24.03670103336392;
  -5.934498438499858, -0.2251000791434303, 24.28811809656456;
  -5.869674775858231, -2.524819029945601, 24.46577538281752;
  -6.049125313638442, -2.185665159440007, 25.37874673070374;
  -6.024810136863997, -4.042106196775163, 25.60221637607198;
  -5.880214892853763, -3.410172163742974, 25.02243689402831;
  -5.977339326073035, -2.038529511614676, 25.50137543246507;
  -5.519260177070295, 0.1628182070792106, 23.82141697436324;
  -5.989676635597083, -1.967171039901039, 26.07798540084382;
  -2.557789473333868, 0.4784886473490919, 12.79440558762257;
  -1.536131834507546, 0.5254933164680866, 10.47680379422246;
  -1.190698954540162, 0.6001186292412314, 9.597576698717793;
  -1.059168672428384, 0.654953297458892, 8.651172478564289;
  -1.053278814721732, 0.6329534282420306, 9.386205434332853;
  -1.008066311281651, 0.6887993042667924, 10.05334570687874;
  -0.8690712723572758, 0.7041387892287729, 8.81340345699622;
  -0.9734944765331276, 0.6462500370996558, 10.19970689227968;
  -0.6145783514014066, 0.9256248537666233, 9.235689299329549;
  -0.3748612519654098, 0.7066541776200076, 9.042367344256485;
  -0.2938489073942979, 0.739822106993427, 7.744841022569365;
  -0.3250987952995398, 0.7207143396846529, 8.602515670970186;
  -0.09537172885774049, 0.7479665138482718, 7.499670437134187;
  0.0114635506660918, 0.7503530086939358, 7.292178494809958;
  0.1743769170977939, 0.7614807140349975, 6.544948177621713;
  0.3555422810392762, 0.7256251068616538, 6.106099238481755;
  0.4557067737738105, 0.8049978711084588, 4.917057577625168;
  1.569028124039812, 0.4015903596701225, 12.71586688961955;
  1.59694015410426, 0.4346011752726165, 12.41927166847554;
  2.029208391949879, 0.03924270718123157, 14.80145661783645;
  1.871649784307947, 0.084262600870027, 12.43602469834058;
  1.045973404593519, 0.4213363501989914, 7.382035361945212;
  1.042757850321543, 0.5804436539706094, 7.250420464621715;
  1.081783950248892, 0.3997068581933904, 7.372792442623627;
  1.047844259226928, 0.7056858459363034, 7.159726044371118;
  1.031485817475747, 0.749079379140231, 6.954378298328953;
  1.035513997520222, 0.6204395647135292, 6.976815965550623;
  2.105865223351704, 0.03825824829450214, 12.91077087149555;
  3.797805316996821, -2.812252953399116, 21.61993684614031;
  2.171548579199759, 0.09948150086896726, 12.79852921013218;
  3.364544485957327, -1.011986314555395, 19.14575706425092;
  1.078534056573505, 0.2384029293311587, 6.835732040020851;
  1.011888934247708, 0.3522521549683524, 6.404241425479911;
  0.7357198022157556, 0.7884208762545683, 4.936411055016012;
  3.527662989283317, -2.595226804262584, 19.55184557275832;
  3.530501125187352, -1.960449783752363, 19.55890545588765;
  3.522406287174865, -1.087840344661934, 19.50314335119549;
  1.072934407407589, 0.24879053265879, 6.660278353779154;
  1.558536694018444, -1.924674772203312, 9.040702927091232;
  1.072260215436323, 0.2788807291940689, 6.563234601552132;
  3.405332029618466, -0.3483694442103242, 18.55102178712405;
  1.717752642976014, -1.824321225510675, 9.789245969393614;
  3.62889053579442, -0.5996441811318246, 19.53069716827417;
  3.493731118867262, -0.4728583496867573, 18.69959189377196;
  1.134835192554579, 0.2816100669806826, 6.624670984840337;
  3.772981569515831, -0.7632679368305982, 19.55485878447001;
  3.724216287129682, -2.749762628414312, 19.11792983613077;
  3.190530952164818, -0.3367352316183352, 16.4684223663406;
  1.788635991102668, -1.981195228078037, 9.606123294022339;
  0.9917501473024184, 0.4456319336117419, 5.798505074008801;
  4.012908821475596, -1.096798630403152, 19.74521866858934;
  3.440810634580194, -2.940852147841441, 16.83328108713755;
  1.076072552147532, 0.2603721090563604, 5.923917184774331;
  4.520334214197813, -3.930823727762127, 20.53274271757837;
  2.483518846486243, -1.188819522176388, 11.52528639950477;
  4.536044849385722, -3.905628837185669, 20.08234643489129;
  2.303524231311253, -1.333722866106345, 10.62946352936219;
  2.512314608095922, -1.922553927886842, 11.49674545362462;
  2.504427280727454, -1.486486904893827, 11.245547318526;
  1.044304475853603, 0.3533967171651902, 5.233015453934818;
  1.061473595671295, 0.3117225967489987, 5.231637687715475;
  2.413869856981471, -1.043040409308925, 10.52478748711437;
  1.065353111930665, 0.3285465608873855, 5.199183195330535;
  2.340369053167019, -0.675938855235191, 10.17393460200258;
  2.342164846531179, -0.8523564799371548, 10.04122779408142;
  1.097451882443192, 0.2542375030816423, 5.250818828595055;
