m=[-9.040062022185641, 1.116934911992199, 11.93635076499892;
  -6.242549671822677, 1.110823915454847, 8.638423630020254;
  -4.408093513356277, 1.229038513736048, 6.421651720892065;
  -4.774818377134278, 1.189307738070227, 7.017742185302903;
  -7.620786005104892, -1.768116917760249, 10.67143860798049;
  -3.964366755730581, 1.241700707785299, 6.080162929423099;
  -12.16229690361075, 0.426312818583178, 16.66045980345366;
  -7.900694633986214, -1.762862396937472, 11.22580608583486;
  -4.552832142564466, 1.20040459207418, 6.871835744863202;
  -7.583045092951399, 1.133744118930293, 10.80708744979167;
  -4.999840201953763, 1.147488616733532, 7.520832337942447;
  -4.408605227689233, 1.215411426468495, 6.831656158655492;
  -4.250870526517188, 1.234179509421147, 6.694961048614437;
  -3.908618258970832, 1.262325611563939, 6.316003722888195;
  -11.62231857592445, 0.4321271268525679, 16.83223802568148;
  -11.46740967230877, -0.3585184770621426, 16.6827124829014;
  -11.33484392735002, -0.2215241016716679, 16.60220175913718;
  -11.62194104457067, 0.1274334930310878, 17.05504608885576;
  -5.409196492568916, 1.123771311478413, 8.64565848624377;
  -4.092235500610411, 1.243484416861599, 6.859716235522433;
  -5.558894394717588, 1.096539510687467, 9.056839300618931;
  -4.118221354443452, 1.22526121533902, 6.970498923479413;
  -4.119834149952999, 1.199178346725723, 6.987662743293162;
  -6.992481025220961, 1.124420720226373, 11.2997207906883;
  -6.778407910648654, 1.136791909912668, 10.99499937685133;
  -4.267549556049082, 1.210802307609894, 7.366095860166155;
  -5.060332803386724, 1.161739372946271, 8.704517037531941;
  -3.603182589521712, 1.314694761088245, 6.488658511788541;
  -4.736601041487946, -0.6240789775196971, 8.32629413970322;
  -3.890788319774082, 1.251909106751547, 7.073112458981899;
  -3.36439230620844, 1.333436813548654, 6.280835530548728;
  -8.995426230138824, 1.116008953854635, 15.2966593967658;
  -3.473378840362657, 1.272940711355888, 6.544554748951766;
  -5.026785803846607, 1.129747334099349, 9.053100563135747;
  -3.447428280279173, 1.297173644259787, 6.549018618526927;
  -4.601020840511924, 1.17505859062549, 8.462042594729743;
  -5.134094108937823, 1.103242658220365, 9.33383847340782;
  -4.818978435291908, 1.144102467580009, 8.888660335322296;
  -3.240070754909253, 1.325962810954428, 6.408751010988789;
  -3.876294038510651, 1.242976990669668, 7.480235193238311;
  -4.88313633802756, -0.9072374631288814, 9.399508866161746;
  -4.364091422778698, 1.220752171762723, 8.506230137582898;
  -4.417953546632354, 1.195321824387406, 8.605532259619242;
  -5.901308998611174, -1.844872148306767, 11.26163759850888;
  -4.294761798219904, 1.192689059023518, 8.469236964375318;
  -3.23138279259904, 1.332837823715618, 6.637781957972299;
  -13.21461959007435, 0.8611871576032186, 24.10560209433912;
  -6.079571539919358, -2.01292237671307, 11.75015656910605;
  -3.086418182735689, 1.377272149314318, 6.459301083866715;
  -5.630223276141528, -1.707094638222205, 11.01170712146407;
  -5.204422215937572, -1.365043701053814, 10.28680274025847;
  -3.302873945121896, 1.321400326348318, 6.877614171883355;
  -3.687502260760289, 1.266860852333678, 7.596891202883975;
  -4.455405346964135, 1.143935729471695, 8.99992863544626;
  -5.110417259025122, -1.266130092064731, 10.25232469072512;
  -3.760163982702094, 1.262246317282581, 7.777769429465878;
  -5.104995344912193, -1.312233618732713, 10.27788005564645;
  -5.084057877955913, -1.39717239308058, 10.26061801594909;
  -3.541735049108111, 1.305211130784293, 7.447058164501134;
  -5.017782398315974, -1.344555689896182, 10.23040193178888;
  -4.425810220684459, -1.371219768996116, 9.191810886986252;
  -4.585980861305106, -0.9141880158926631, 9.553274702419676;
  -3.629983827101863, 1.294587458775682, 7.764208838021657;
  -4.797603648013003, 1.151208416461196, 10.01413269938535;
  -4.320710674218844, -0.8939403117042827, 9.226561177959871;
  -4.369894360546054, -0.8026709698512936, 9.326681138435655;
  -4.2720859674711, -0.9385889996952787, 9.14707536335743;
  -4.451002809777142, -1.029207956563284, 9.553786670980323;
  -4.251269735600385, -0.7617128296138973, 9.177028745142021;
  -3.32542393369763, 1.311192455230603, 7.364915438061749;
  -4.296080910858367, -0.8325834447554777, 9.287559088575653;
  -3.701843977751832, 1.251845049034057, 8.166550073363306;
  -3.521443998856548, 1.29368278857521, 7.865320516481657;
  -13.60079676621416, -0.2145228173074824, 27.53570106636635;
  -3.52050514773794, 1.336884909673086, 7.927510603458474;
  -4.502934249920438, -1.388574763324728, 9.918981775838505;
  -3.565308665076119, 1.272004809597573, 8.048130889263366;
  -4.173824743184867, -1.844926956067739, 9.360868945219385;
  -3.540663637107982, 1.28536566766977, 8.047471822865955;
  -3.441096993381095, 1.327236043360742, 7.921215242023934;
  -4.101630214364912, -1.990295255512205, 9.346232230883254;
  -4.307180134398647, -1.465751074680211, 9.781981907173918;
  -4.13167974641951, -1.975463411229624, 9.4455495927087;
  -4.230170061434231, -1.748279882068557, 9.733924194984754;
  -4.113097757686827, -1.106945815570623, 9.492787110773683;
  -4.460104334557802, -1.49609141824035, 10.24005898128771;
  -4.134826445149743, -0.9050034952481849, 9.562006678951329;
  -3.236954416984614, 1.319134016818835, 7.673778990006135;
  -9.934991301053442, 0.09198822482567352, 21.5873099694875;
  -3.971249858990229, -1.133919957628108, 9.279900495642165;
  -3.601170176600725, 1.250054753409148, 8.473653458326202;
  -3.562439115914048, 1.284566309799109, 8.408065653746602;
  -4.464998839216697, -1.495952432210391, 10.38660878292432;
  -4.379951099321795, -1.498991041251995, 10.33017571915415;
  -3.385942219380068, 1.258885843380883, 8.222264022425705;
  -3.822380332664264, -1.156553005339237, 9.327374951601959;
  -11.01522858464731, -0.5453169523729363, 25.21672757597281;
  -10.63184936715989, -0.3628808936463906, 24.38224937070511;
  -3.78827520318666, -1.158700463405685, 9.395076810596828;
  -9.903507929591649, 0.4902169447424312, 22.90327394521518;
  -10.87340086768591, -0.4038473016117185, 25.20391542119947;
  -3.722251889260615, -1.890161760563683, 9.38814811091466;
  -3.704163104284364, -1.766865348774835, 9.421990954015588;
  -9.853027557104586, -1.493776055606481, 23.76110125992659;
  -10.12023924651026, -1.286531862594796, 24.49512608277399;
  -10.55297979297644, -1.430720295945112, 25.68282226790985;
  -2.967140129612993, 1.360923180730092, 7.969461459748698;
  -10.17558782787463, -0.4678688831212792, 25.07125703912431;
  -2.85966389645967, 1.399995199294145, 7.80718895158048;
  -9.281128399556446, -0.9868343103051206, 23.26822260151749;
  -2.740857357239173, 1.423910006848878, 7.571987345283677;
  -12.80609738442561, 0.7428253795188433, 32.61645700198103;
  -8.593178880214191, -0.5146797740493098, 22.8418231139204;
  -12.43073896737207, 0.317186670159308, 32.71169665191569;
  -2.501625644157856, 1.481077400085439, 7.398635233810825;
  -12.29291805531534, 0.8683706572460003, 32.66739029749945;
  -12.64613969037381, 0.1865535927571236, 34.02127746523454;
  -8.325039778072158, -1.051079949698578, 23.18272479545138;
  -12.01472731304508, 0.7317829217895163, 33.36154559159448;
  -2.340119070348938, 1.483239150318669, 7.419190770289836;
  -2.169494393054645, 1.507791205535828, 7.069162253062213;
  -2.168974348043098, 1.500820119223234, 7.157554607027707;
  -7.107861084077332, -1.710702760384929, 21.97057882849615;
  -7.400743987213372, -2.800802865367602, 22.93478773753993;
  -8.631129859870692, 0.933839663080965, 27.07112592769244;
  -7.171925458104042, -1.452973942272793, 22.73593965505258;
  -7.104642135204691, 0.03749947922179785, 22.54598843300758;
  -8.276426316133794, -3.133161253269859, 26.19222813367469;
  -6.98646787353984, -0.3773172146084613, 22.23544617432341;
  -6.871244293543756, -0.7993850770803177, 22.69836547846557;
  -7.01961850303814, -1.755389589431831, 23.21859588155497;
  -6.578245832921415, 0.0355816676406883, 21.79995960639015;
