m=[-6.634041879879768, -0.4964579187363796, 9.749163182467715;
  -5.823132856220924, -0.2562152022730038, 10.90482606912913;
  -5.538280038537672, -0.09798385827023175, 10.4497220156612;
  -5.692029143660121, 0.1197122938658554, 10.95952314574073;
  -5.376814096279452, 0.04169595375596485, 10.47232510479953;
  -5.16132417367407, 0.1559116557863341, 10.17799837369194;
  -4.870795108262867, 0.2823008860658296, 9.807204947014052;
  -5.134533336343249, 0.07592678757423306, 10.49217832158592;
  -1.815723566322109, -0.7856328391551863, 4.364045038671405;
  -4.3103915115134, 0.4646607553303114, 9.144221832071402;
  -7.039280910068693, 0.4204382264236954, 17.80981881293216;
  -2.476756842706837, 0.5175808194418919, 6.957337906516091;
  -2.581917029073655, -0.6619068470561879, 7.230390689735029;
  -2.494068533395431, 0.4769034232504851, 7.130126984347938;
  -6.79401802252212, 0.4158710787863036, 17.7665177672656;
  -2.481452853016218, -0.5906338226829585, 7.211899720225067;
  -2.391223728902716, -0.438675494703882, 7.061497413024267;
  -2.535271242854019, -1.443240136767878, 7.520834321174407;
  -1.544376781125587, 0.6240394865839012, 5.000204402833139;
  -1.486078263198351, 0.6613394654327743, 4.848452322139377;
  -2.408364653088419, -1.374496730259683, 7.32306278508202;
  -2.37356123382781, -0.5539600088431996, 7.302269557260001;
  -2.33821740852213, -0.5973957235286258, 7.26406123956728;
  -2.330130800727305, -0.4423197273540083, 7.246822940144226;
  -2.399290893339872, -0.5197369559386302, 7.435285028888423;
  -2.451399216275501, -1.412892552925216, 7.620216965340223;
  -2.272493666844568, 0.5176991799531019, 7.205355321203888;
  -2.104990706187988, 0.544916955815907, 6.855775546302122;
  -2.184908496044396, 0.5190223335456429, 7.093483298938989;
  -1.977991865716945, 0.5583212364618458, 6.555978020884415;
  -1.462046753697658, 0.6300534449028014, 5.162701452472005;
  -2.26000459994356, -0.3475229554942777, 7.471439680032834;
  -2.337526391210282, -0.7672170511138357, 7.802236020872965;
  -2.232778316946191, -1.215602198145737, 7.521067994953426;
  -1.423523380284971, 0.6136590583580373, 5.182251388330417;
  -2.043256874357492, 0.5414537038514034, 7.039854062618306;
  -2.086732589682788, 0.5195001420247365, 7.196127326928185;
  -2.182811257375251, -0.6813636766933644, 7.490363936462408;
  -2.347775424835484, -1.454208793028589, 8.088343227136178;
  -3.327757619659897, 0.06343400289622911, 11.08700624712886;
  -2.127700758732475, -0.4034845747949331, 7.580057623214783;
  -1.368553200341485, 0.6456376157888152, 5.256040308463283;
  -1.904451394483753, 0.5456515851691376, 6.936837149168794;
  -2.009669647712659, -0.4612243034773069, 7.269822455095607;
  -1.800292992187539, 0.5586008712572044, 6.625410490487529;
  -1.320089435194255, 0.6604688867093199, 5.191740448876295;
  -2.015441556237577, -0.5704368863660252, 7.390834988046737;
  -5.206202178512672, 0.3460877187380664, 17.52842528823326;
  -1.99511926395172, -0.9468199337066565, 7.412342724457268;
  -2.049910066156498, -0.8307951206086116, 7.62444770825533;
  -1.981841822006908, -0.441054622839921, 7.427012685727539;
  -1.62969269630409, 0.5978408121166434, 6.312887687573231;
  -5.165290663633165, 0.1753087861291135, 17.81292592962747;
  -1.678980818019054, 0.5793718294623027, 6.520958428300808;
  -1.884063859619962, -1.014902227617462, 7.238797404214853;
  -1.717791479558641, 0.5642520278190064, 6.739009604226315;
  -1.911569514891731, -0.5460841127081081, 7.376883031982018;
  -4.95910083791594, 0.2618269982595154, 17.58649032059395;
  -5.103293571274431, 0.4303047550844285, 18.14283944635093;
  -5.002391646472518, 0.1954596629623595, 17.90774924868246;
  -1.861499162793225, -0.5199497585529355, 7.316442776979423;
  -1.69268692923902, 0.5651493538818559, 6.793376082412799;
  -1.427360287091633, 0.6344001024308127, 5.889735178762622;
  -1.599231479594368, 0.5683450257580188, 6.61364760239988;
  -3.330240841396236, -0.003371689253229918, 12.85973745798778;
  -3.296061749648056, -0.08616868032911079, 12.85107718333889;
  -3.397077075878588, -0.1855223112315462, 13.34118725198465;
  -3.472152635916771, -0.2644389829210517, 13.74780388153616;
  -3.276863110007957, -0.04204080401783066, 13.04353238825508;
  -3.317931217022293, -0.1470811310422291, 13.37597874306337;
  -1.35042455483208, 0.6396190581283517, 6.207723615485258;
  -1.179120236088608, 0.6873018460706242, 5.841903867547283;
  -0.9821301744277504, 0.7033281937057123, 5.088202787063752;
  -1.280383479991231, 0.6354318169575711, 6.343549836755386;
  -3.239961274881815, -1.358791433689329, 14.59558189429274;
  -3.21363853272668, -3.079782148408758, 14.55035299169145;
  -4.249594363424317, -0.3167681622560791, 19.38104346551872;
  -3.16647869153451, -1.642979667718633, 14.73570148175009;
  -2.850786360471174, -1.100179484541874, 13.42802860583507;
  -2.918371628896432, -1.228519832165512, 13.76728921814325;
  -2.858275877657062, -1.272741630808076, 13.62359050440278;
  -2.932618344777003, -1.016916043610144, 13.97622298850119;
  -2.602507997875031, 0.325546331108458, 12.65156488700004;
  -2.985386062310234, -3.086385243988894, 14.52765690564135;
  -2.952662633458136, -1.24174273618337, 14.43148693331739;
  -4.290332689226265, -0.01850693429869594, 20.98133123295137;
  -2.699405291275303, -1.145271031732344, 13.58490933336107;
  -4.265245436771008, -0.6069007213540185, 20.92166163830076;
  -1.182091978915929, 0.6795546993100192, 6.583651317585079;
  -3.223009530943727, -1.193473611165626, 16.24483753623329;
  -3.762341893025783, -1.953470702026001, 18.97808075949363;
  -3.873453140704573, 0.176730657076348, 19.62126159296982;
  -4.16117391504319, 0.07966819159567498, 21.06055726616551;
  -4.203429153087471, -2.453766346835173, 21.57259008874991;
  -2.274469435504146, 0.457836361239867, 12.34001087412356;
  -4.001432313709584, 0.1102121968237326, 20.91310471665955;
  -2.670732399444184, 0.4065284930103685, 14.42343566386623;
  -1.015415431065055, 0.6849252199745388, 6.167779086040091;
  -1.057449206125074, 0.6534126421623745, 6.44862844543025;
  -1.01774132240203, 0.6680814673901953, 6.321360195168973;
  -2.543897712248113, 0.4090252377326723, 14.38057415043864;
  -3.742109021464469, 0.1496091526272351, 20.71521910671672;
  -3.658938211181138, 0.02443066010975881, 20.55858027358728;
  -0.9874649995865475, 0.7068291409258843, 6.451582391516307;
  -3.581949834259097, 0.1614187460206291, 20.81755434619792;
  -1.990684507578495, 0.4806851143106382, 12.43351365467133;
  -3.329442009504232, -0.3983444825207688, 20.47766359328662;
  -0.8597000760925806, 0.7799047398025134, 6.126522064217464;
  -2.032001077796317, 0.4031849985108261, 14.36242918698685;
  -2.334643874923694, -0.1729421761888498, 17.60914548469309;
  -0.4435182163687859, 0.7839597953513681, 4.654908804300074;
  -1.306807565477081, -0.2690122122904531, 12.67082282590118;
  -1.324045601358383, 0.04855049632160272, 12.89934302364828;
  -1.238622581150186, 0.09699669897055525, 12.44764847584481;
  -0.5013587073173932, 0.75291356416133, 5.717463963643906;
  -1.221310407005636, -0.3239292975052576, 12.41279775313579;
  -0.9106413652958422, 0.605930000444133, 11.23102767812114;
  -0.4291648832213543, 0.754657822899394, 5.988185112341541;
  -0.8327876401563342, 0.6613624245457935, 10.64077064977303;
  -0.8106575046519501, 0.6301816221412047, 11.24424214111897;
  -0.8341286258536425, 0.5975079497257836, 11.56275865984602;
  -0.7297608242322941, 0.6468857482389105, 11.37613422848965;
  -0.2012341657131494, 0.7720865743387061, 4.736803028217735;
  -0.1660446544881314, 0.7789373724948173, 4.90448803067911;
  -0.2276576866818594, 0.7022184299922332, 10.81903539011396;
  -0.05169113449187782, 0.7790982136677654, 5.418290930811935;
  -0.01356625310004703, 0.7728989531638772, 5.369304425290091;
  0.0569964478403176, 0.7772504701508681, 5.418429030571362;
  0.2397061249872549, 0.7704772312801849, 4.710421267986574;
  0.2551172729600524, 0.7584614773354643, 4.755640689945557;
