m=[-4.799469501313449, 0.578277310282721, 7.301207397343929;
  -6.184839779219784, 0.07539027672746559, 9.270531289611173;
  -5.990194237837084, 0.04897986214267183, 9.208035828530447;
  -5.986284437868166, 0.1531390711741739, 9.380138050954848;
  -5.410067631073608, 0.3210300391154319, 8.605422178779561;
  -5.473391422863292, 0.2197062574506719, 8.96547578504938;
  -2.584167162003675, 0.5566601403041686, 5.217251691326855;
  -2.496970320687327, -0.6525111250034649, 5.447765153731972;
  -2.372385167196415, 0.5641322970489634, 5.398015881455704;
  -2.200600812784157, 0.5782410526053157, 5.256404429486261;
  -2.823515743894671, -0.8767863948245775, 6.493290795395733;
  -2.82077381671593, -0.8494561387562134, 6.560074353433539;
  -2.532415988988914, -0.6483395186649384, 6.140078763554638;
  -2.27909035457913, -0.3839379852831917, 5.768055692914271;
  -2.265855462798629, -0.4485277449240137, 5.758857587703703;
  -1.744981694963824, 0.6346744513320068, 4.987813279948485;
  -1.987598361574524, -0.5597244849545762, 5.581324946970272;
  -1.976831938063494, -0.5261708135416396, 5.602285770178032;
  -1.925953916591588, -0.504850097653321, 5.570341100338422;
  -1.60122948854646, 0.6551440680160312, 4.818496939902025;
  -1.587662426880252, 0.6587222042230805, 4.970585829558202;
  -6.469272810424778, 0.4325132111054502, 17.579051738443;
  -6.182532157975786, 0.4929873350573453, 17.53365783850774;
  -5.959235644120677, 0.1368885657997593, 17.13715170093865;
  -5.862244273067179, 0.2222177445038141, 17.79969158547393;
  -5.77067145234845, -0.05671828334338705, 17.91700202661739;
  -5.73716612802848, 0.3287785946811112, 17.88559837499757;
  -5.751020854071864, 0.2513456737107311, 18.14315937211559;
  -3.719640796210749, -0.1681404579548173, 12.317607608657;
  -3.680630365118447, -0.02256711956685437, 12.26136453872594;
  -3.596348532885102, 0.04698349438667415, 12.2293388781335;
  -3.691450197722677, -0.1252075477086387, 12.53633453194567;
  -3.565578991884279, -0.6943187207356039, 12.40423342095862;
  -3.56347942552096, 0.04722026025119315, 12.39830808763684;
  -3.478830804460892, -0.1565817682505869, 12.16500910605331;
  -3.398446841069188, -0.4435947133565896, 12.39404385742231;
  -3.344865361051902, -0.6185397876053389, 12.41187134322798;
  -0.9308413965927344, 0.8278412128384912, 4.256127325736886;
  -3.922509618079555, 0.5153400612136281, 15.02495199210329;
  -3.514380169296115, -1.101963738550679, 13.68576909980446;
  -3.241722610137154, -0.9747933349674859, 13.48079632734507;
  -3.197667486278527, -0.8976152562169855, 13.32436345854113;
  -4.776264025194619, -0.3901255285938254, 19.3795766155263;
  -3.250595487662952, -1.102214962385537, 13.61738514604486;
  -4.230126658698674, -1.005340944237252, 17.5783513491404;
  -3.237442705411033, -1.317846933699947, 13.71521153484574;
  -3.403867588931213, -1.200605995545058, 14.46110016764545;
  -4.955216152920581, -2.432331166303191, 20.63338582688523;
  -3.180100841992092, -1.114776881983147, 13.66803179532594;
  -5.331958676232239, 0.02920897483451546, 22.38628405476204;
  -0.8310257928805412, 0.8260893452099228, 4.324941038369715;
  -3.035093771178118, -1.26700121443508, 13.22856388721142;
  -4.977017089608579, -3.195641568570738, 21.2436699261394;
  -5.371232242969095, -0.6063666743479926, 22.92456668248221;
  -5.519748936549465, -3.404588877782077, 23.68446122282697;
  -5.592621707233515, -2.952981940569843, 24.1777115630683;
  -5.087948159827643, -4.578750024432456, 22.42242136647997;
  -5.421873853540483, 0.02434119884171528, 23.72919242001572;
  -5.423416594505638, -3.578848397500191, 24.05739611545677;
  -5.375996576263509, -2.997170624503756, 23.8486204725055;
  -5.319491027957088, -3.878957712590075, 23.79459240146881;
  -5.408124940805554, -1.636552571667491, 24.45679055952565;
  -5.198299001414151, -2.768576370279129, 23.91618833117644;
  -5.407674139702984, -3.565029890131532, 24.9516516662493;
  -5.414598261585685, -3.068865120375176, 24.98827000775583;
  -5.367784154612711, -1.647348971522831, 25.29177697584746;
  -5.601075976738217, -1.436510289954049, 26.4543198086348;
  -6.110371893432915, -4.177727573037982, 30.16224106834518;
  -4.770275109984753, 0.06107622569714317, 23.92018366326672;
  -5.637158117553156, -1.877629852434918, 28.37532381788384;
  -8.297009427554603, -8.419520472701368, 41.51043927887658;
  -7.853499479650028, -9.158906187247698, 39.8481968434084;
  -7.721684393837426, -7.917955476283463, 39.82614940224917;
  -8.106714763759101, -7.265727478544826, 42.41846818887561;
  -4.55395923155787, -0.4930949998895327, 25.00048203202552;
  -4.292212900084957, -0.1670750674533378, 24.12616496413968;
  -8.473785950081409, -7.727129437123359, 47.0846210092011;
  -7.549249779147174, -7.330696797663976, 42.46869633645709;
  -7.696479414272557, -8.604120662152564, 43.49943884041444;
  -7.291770983380711, -9.937089528866295, 41.52907071887879;
  -7.276342036611051, -8.512081996784236, 41.42258926060131;
  -7.702484230507146, -6.694659754922773, 44.34209704394137;
  -7.433140914866125, -8.175206934888314, 42.91185948081752;
  -7.350988163041316, -6.042679674734306, 42.47686619401048;
  -7.363275382123002, -5.96746303844396, 43.63405145920388;
  -6.91808743864467, -8.341795675812694, 41.49823264304618;
  -7.202915267643572, -5.78834524414543, 43.37341548253913;
  -7.211114658442359, -6.409825831844014, 43.92017266144292;
  -6.888328842423858, -7.834687274792331, 42.05010340356511;
  -6.6237363975661, -7.121047432800714, 40.59536754215885;
  -6.747704029452876, -7.574563610941913, 42.29038492302432;
  -6.621558327046962, -8.026808831588467, 42.73854765287491;
  -6.305341295069487, -8.462987280721327, 40.80169303320184;
  -3.039511914865072, -0.342907581610833, 20.31876875929794;
  -6.418506591115695, -7.587332874798998, 41.84986491425228;
  -6.416748157268547, -6.390622606226397, 41.81983203485903;
  -6.384994442871651, -7.271372087442663, 41.9956816909138;
  -3.532383945942121, -0.5585088889773829, 23.60841302537635;
  -6.693331089408784, -9.808343624050075, 44.31931422310643;
  -6.371090514280838, -8.452941205290442, 42.71609068556771;
  -6.32174615664541, -7.865037570853409, 42.95179544771654;
  -5.434686261622193, -5.407269709993094, 37.5258135108813;
  -6.185796209651736, -9.854093706212604, 44.42475070558253;
  -1.408633468069575, 0.4165876938835814, 10.9100820869908;
  -5.063357473301785, -5.981551607424454, 36.76460570839296;
  -1.484073813036876, 0.5917741807837801, 11.53370566471974;
  -5.753226087878912, -9.149475615374513, 42.93297946431761;
  -5.764628224239996, -9.570457979310818, 42.89482686963653;
  -5.488517931505629, -9.104095253083425, 41.92484198784149;
  -5.79029024721338, -9.459873444891663, 45.12327201813503;
  -5.273844048039115, -10.25805891614549, 42.53133203199337;
  -4.789036003577865, -8.889011295513605, 41.05175759179485;
  -1.051852493725529, 0.7082920286850365, 10.2319551636108;
  -4.55285541765017, -9.061016290136852, 41.44856003681573;
  -4.619643599292472, -8.597927370842603, 42.81812399805153;
  -4.361883402787874, -7.651419482973192, 43.35745027969269;
  -4.287368514627473, -7.87186346587634, 43.26241273910013;
  -0.9442486113568336, 0.7277974196355996, 10.29003697119725;
  -4.130703412325532, -7.602061565704577, 43.31748012028432;
  -0.8162003179873616, 0.7175447570426934, 9.946385582925588;
  -0.2594080811283488, 0.7279099589852107, 8.667913524015328;
  -0.07454357338281244, 0.7009162009898304, 8.025766073780137;
  -0.06296005775932353, 0.6643519007489674, 7.736246901901066;
  -0.02187716093081264, -4.43233399521637, 29.19037586380118;
  0.1114599623072992, -4.521619395534027, 27.03627066389257;
  1.154462903789933, -2.483684998185229, 21.71746995146684;
  0.3450038264606595, 0.709051594738069, 7.146324417286988;
  0.988492890844091, 0.7018669734437508, 8.093984540038449;
  0.9567935884582645, 0.6083666037309909, 7.783670359147068;
  1.085912727199012, 0.2617486171882593, 7.833626928626421;
  0.9245355432372644, 0.4461011352549264, 6.769583804256388;
