m=[-7.228893087813902, 0.5445675223059293, 11.81648619626741;
  -7.227554969157271, 0.4941839760029892, 11.94837254589417;
  -6.957963808277891, 0.5105388064392937, 11.6166870383076;
  -7.045917317101622, 0.4869547782182201, 11.81918147655144;
  -5.747587531126937, -0.8640440875228675, 12.01384551001439;
  -5.41980893419345, -0.1677017690058573, 11.42074998249859;
  -5.712193263229114, -0.283061278362718, 12.0457948706512;
  -5.87273868958038, -0.05189515382351472, 12.57098288392549;
  -7.540323428988316, 0.1348731175973775, 16.3457468126;
  -5.135917805769035, -0.241752806687875, 11.64707003530826;
  -5.566021902740171, -0.03546153796996844, 12.95491265540616;
  -4.693684039266673, -0.2544476130615802, 11.3206837661498;
  -4.81114118413561, -0.3064934582706684, 11.61755940043112;
  -6.837389438589308, 0.3863130088191044, 16.37992608177589;
  -6.54131476434099, 0.4436329626148411, 16.35167051948609;
  -6.210615219590194, 0.3577336305383058, 16.22648730012328;
  -5.986793888461143, 0.2632133029527346, 16.46811649160475;
  -5.920109829546491, 0.3287972575640544, 16.29517665820813;
  -4.569529174193477, -1.732191748870282, 12.92276430529907;
  -5.901012744108794, 0.1800505637218967, 16.43430473861199;
  -4.563412245714858, -1.794727671859669, 12.97637109955521;
  -2.570059415579386, 0.2765760224614541, 7.911961621252541;
  -3.848424158013855, -0.4047268863110803, 11.46094342532544;
  -3.644485995241922, -0.4411836666328053, 10.95412181966333;
  -3.781063368315953, -0.9568386997845713, 11.41450863254375;
  -3.747102720161865, -0.1750881012018918, 11.36994646394006;
  -3.425885821793599, -0.6758864082631438, 10.51841103371457;
  -3.677194909425384, -0.2430610321306054, 11.30749058735538;
  -3.561263266306768, -0.2003085504898598, 11.14468159448236;
  -3.679484246280249, -1.045360427096271, 11.7203668289834;
  -3.935886949095187, -2.733626962870106, 12.6599406786991;
  -5.77242421018134, 0.2436596850231618, 18.66346491661312;
  -3.875671552188346, -2.67600837663678, 12.9550208416803;
  -3.770470906948985, -2.731745709565349, 12.65386007150673;
  -3.700922015390725, -2.281012640586648, 12.52342618673048;
  -4.295051968262762, -1.451644374868345, 14.35386323975848;
  -3.907532325869312, -2.46212442314728, 13.27587269793697;
  -3.365161224595591, -2.604504693734545, 11.90406696900442;
  -5.382185210694691, 0.4523826976746805, 18.36504685258329;
  -5.399496059347874, 0.1145390667478204, 18.4443563926643;
  -5.44847288863431, 0.2785529661631022, 18.62018838021029;
  -4.573358193584918, -1.651988218182943, 15.90483816018259;
  -4.834463674307549, 0.4561563026134829, 17.2301328721753;
  -5.610021754120204, 0.1191237261773919, 20.26853003246616;
  -5.549433066081803, -0.5398945562995358, 20.26725937392519;
  -5.618051239475004, -1.454767877497719, 20.71214506250481;
  -5.208050899929453, 0.3961266818241712, 19.58187980389802;
  -5.827658035897344, -1.147485483764934, 21.84673294197901;
  -5.400297349715488, -0.3726763210545874, 20.36544869532444;
  -5.497721158857966, -3.580661709416427, 20.85334284526131;
  -5.525757274705998, -0.09816975368005072, 20.927961268807;
  -5.689804173565181, -3.567851183206661, 21.85867949242036;
  -5.6048722862448, -2.242131942461353, 21.57813029993871;
  -5.769131211467088, -3.750860008828076, 22.22168409657535;
  -5.739343008045601, -3.116938133935721, 22.28027894702059;
  -5.25541934981568, -3.181622262895769, 20.44751779231237;
  -5.591476947896044, -1.737326941617893, 21.79285467569961;
  -5.864545317460206, -5.233353850786818, 22.87353366719535;
  -5.208562465453873, -2.148812054273356, 20.40810803032395;
  -5.589841139172856, -2.232725925323568, 22.15938938156244;
  -5.591980724127357, -1.876450596701438, 22.17614522987462;
  -5.615108261069695, -0.1235066994158128, 22.25097112308059;
  -5.688999351371154, -3.83255980573113, 22.65260053457991;
  -5.681256528767124, -3.269726530940236, 22.65557094722162;
  -5.529082105147078, -4.864634836397692, 22.1878990860036;
  -5.649594363218912, -1.79080515752822, 22.62532366631779;
  -5.541409414390129, -0.7407054067175094, 22.19499985955329;
  -5.571668805749551, -2.425027920889265, 22.7081190195344;
  -6.48548189032356, -3.585498073592332, 26.76687619877569;
  -5.651746561966491, -3.80835616845977, 23.47844513656906;
  -5.585469617091139, -3.269065237137949, 23.24420929818308;
  -5.626599601296305, -1.944623887227958, 23.49933220652354;
  -5.356049204375302, 0.1606402924679085, 22.61834253407258;
  -5.579010341190542, -1.864890917808177, 23.79845471085912;
  -6.056248816057583, -1.709325439238165, 26.09222617222033;
  -4.970196375828947, -0.08577739680235912, 22.57559723315131;
  -4.745714876494526, 0.08127913215519669, 22.30807797614087;
  -4.789206067563153, -0.4282328449603056, 24.41824935586976;
  -4.011825051621853, 0.3246379626099993, 21.32885136794652;
  -1.554177486833923, 0.540898261609764, 9.784258274131071;
  -1.529082107245162, 0.4514594669090882, 9.721502382606522;
  -1.516367496783128, 0.5151593110595597, 9.870451377467852;
  -1.50008192320375, 0.5595375038664689, 9.802801961688882;
  -1.335170317981325, 0.5691579695177504, 9.032116334647153;
  -1.365795490692273, 0.5613142925951915, 9.427807721457654;
  -1.244886905968915, 0.5906789348016577, 8.90371666947261;
  -2.897929825963447, 0.02998096963679832, 19.77392797811509;
  -1.211809072668083, 0.6094513447782358, 9.284520096705979;
  -2.51461795200748, 0.2920851980510207, 18.96052384731632;
  -2.504580082248481, -0.0231540736594986, 18.93340669919612;
  -2.426918783522477, -0.29633722119977, 18.71238105109161;
  -1.067973986006621, 0.6328442052996901, 9.016378407419692;
  -1.002352971524855, 0.7066968463914785, 8.678907844454768;
  -1.063741472958747, 0.6381127020923065, 9.302665658198242;
  -0.9187147888711369, 0.7301319564868982, 8.248121873778274;
  -0.8708524259638349, 0.701733308261029, 8.378565181900029;
  -0.9843922689585745, 0.6675103482037791, 9.358601840437105;
  -0.9570050951777692, 0.7060683129994915, 9.650884031772792;
  -0.3177264742735996, 0.7296445914487837, 7.496401846068824;
  -0.2915169898577055, 0.7405820609047361, 7.2998788904484;
  -0.3257150548606894, 0.7230607465173999, 8.209416087812022;
  -0.2759369460437244, 0.7277769760324776, 7.79669694046083;
  0.01660003965962794, 0.7554424976882445, 6.890009208509748;
  0.02252982277759386, 0.7557866687762873, 6.623657106190898;
  1.710322169341607, 0.4667720852026287, 13.47829164853384;
  1.628863306091722, 0.3760537066115745, 12.62199629195559;
  1.595681665496005, 0.259968123259456, 12.31676200720643;
  1.666937630425242, 0.4278054099760471, 12.41822421305983;
  1.826814164376504, 0.4023540224719025, 13.20687948108608;
  1.81994949544817, 0.2317222402965995, 13.00333927682685;
  2.044759417689485, 0.007060922679414989, 14.42777416646193;
  2.500165424708795, -0.16959893509164, 16.90332823895276;
  1.722197848218662, 0.4542554946212734, 11.52530590532362;
  1.085885546950148, 0.3961249292762722, 7.336803865653716;
  2.21634452071996, 0.01513762065926293, 13.06945093505596;
  1.170384135789059, 0.612732792489833, 7.176865582275373;
  3.86296430036101, -0.6846984717918362, 20.26261991704733;
  1.066909762955371, 0.7432101011402852, 6.294255573848933;
  1.723776776586342, -1.906590484522272, 9.331920146381215;
  3.903694993802082, -0.8395310594894192, 19.71795589482668;
  3.924697366612082, -2.949064845858768, 19.65671105490967;
  3.65950774510909, -0.4285020062060315, 18.2867741614139;
  4.033509355648998, -0.7335433497567477, 19.96313449649611;
  1.81846470251389, -2.040985260948931, 9.273865571503972;
  4.266524963068686, -1.217096810137428, 20.46916912661542;
  0.9914376416843486, 0.3761613702820179, 5.410800569424501;
  0.9851334489314217, 0.4080218077300221, 5.323580554919825;
  4.592481905732724, -4.220867090131606, 20.92836447608667;
  1.007145235307274, 0.4458575885392794, 5.358594384877348;
  4.746723760543396, -0.7601132583526904, 20.39663386145088;
  2.467978517988536, -1.105900659092248, 10.49756907737412;
