m=[-5.377148750468374, 0.6375652636668404, 8.368131655270457;
  -6.711630014601311, -0.4745020736003839, 10.41057015591928;
  -16.36246476038017, 0.1197631542771978, 25.64884389490285;
  -8.938807767946923, -0.3884022972976627, 15.05136154118991;
  -8.83455733537537, -0.7166273066686312, 15.20722239857425;
  -8.957119206296017, -0.8116248995036448, 15.47400392391024;
  -5.646265574939033, -0.07178917389117111, 11.2029044858903;
  -3.839647003982146, -0.9491031864904602, 8.903684566415318;
  -2.64637116383957, 0.594004906502498, 6.488344907757401;
  -3.645747095765485, -0.5828340249359664, 8.583844186224834;
  -3.63606253915781, -0.6115215342044214, 8.593916111485562;
  -1.956251976390754, 0.578061178169947, 5.572641804391632;
  -2.449693862164165, 0.5560692839518194, 6.815970564238478;
  -1.863163161365777, 0.5944931377421268, 5.508823732757581;
  -7.561704286081151, 0.5215908906898338, 19.73939198328033;
  -5.985798050718002, -0.04577677262107757, 16.53418758095705;
  -2.364505113586032, 0.5422513083883611, 7.182315390294851;
  -1.475451801815392, 0.6517815554485634, 4.922423292824006;
  -2.521061529292324, 0.5039402874798185, 7.750721961685914;
  -2.413492679294696, -0.3809490408921556, 7.660573757989607;
  -1.905699089487078, 0.5940051008511745, 6.29114031907735;
  -2.435064269478606, 0.5506286200014559, 7.790301368014345;
  -2.480003256285272, -0.4963305836182797, 8.009598223852047;
  -2.498547779406988, -0.5585729454148538, 8.067492187132803;
  -2.440419564272241, -0.6192852098951222, 7.90765770546771;
  -2.40840396995898, 0.5103026683874569, 7.848033726644912;
  -1.579637633354214, 0.6292423942712969, 5.554871631321015;
  -1.865364046912187, 0.6018754764714092, 6.381261360671697;
  -2.316411501666994, -0.4865872620385706, 7.722610062603815;
  -2.377066262481817, -0.3929687617624783, 7.938558360198015;
  -2.444574452988884, -1.350862918776647, 8.139763121152638;
  -2.372913391707085, -0.4365852140815409, 7.932216278506228;
  -2.26246648046097, -0.5322179641863981, 7.6374764228685;
  -1.850330869156009, 0.5860700501284698, 6.451590179852609;
  -1.518761296489879, 0.6840778476467672, 5.475684267510737;
  -2.260197619504807, -0.4510276417463388, 7.693294101180839;
  -2.261326732172406, 0.5360140291291567, 7.721149964065032;
  -1.455737430290514, 0.6635914627140962, 5.396245100545645;
  -2.2750463026371, -0.4596016103833561, 7.926590823721399;
  -1.769288592975461, 0.6047762073731426, 6.436956895158055;
  -2.276997858298762, -0.4025619845361505, 8.123462735777311;
  -2.38231994624791, -0.7668666830559797, 8.514816317236672;
  -2.277079660712521, -1.230305882889504, 8.23271067742019;
  -2.344749141609532, -0.8198628807610809, 8.545127196258523;
  -1.465468916292359, 0.6442767510754438, 5.710848992983133;
  -2.082276627609321, 0.5738096969208625, 7.727824629909165;
  -2.169749399795702, -1.114673594890757, 8.02706954353183;
  -2.119152017647981, -1.20428565899463, 8.031796329873194;
  -2.170759386045894, -0.4983652233089115, 8.259091531840053;
  -6.07198685086938, 0.5989219045769577, 21.39963208861623;
  -5.632687575801975, 0.2497720830864695, 20.05347756341518;
  -2.123842525365031, -0.8590413089697696, 8.201555253452074;
  -2.079798129396689, -0.4645288614403276, 8.086624436882115;
  -1.932829969852065, 0.573041464799356, 7.593333840560061;
  -1.811950405991695, 0.5810224946614292, 7.215574645805075;
  -1.604546859313258, 0.6095026465339934, 6.514703784032728;
  -2.036070988389157, -0.5602121194297375, 8.01800336717621;
  -2.014674820118098, -0.4533606458006335, 7.989200905801274;
  -2.067536284163878, -0.8842503588237349, 8.179980678772058;
  -2.115076959898141, -0.6809755444087748, 8.387216084218158;
  -5.732028365242136, 0.5462596086082496, 21.01253495907985;
  -2.070976935025732, -0.8286309075716428, 8.262430413252977;
  -1.376442850730812, 0.6648264691845508, 5.829306106131705;
  -2.02923637140226, -0.5082406247491388, 8.13972935807517;
  -2.030903649377943, -1.149719398810872, 8.200192515168263;
  -1.95728262343878, -0.7049530133096084, 7.959845043563859;
  -1.948840299470809, -0.8133397617752132, 7.95317563297414;
  -1.320156351929618, 0.6736290699947649, 5.723877129422726;
  -1.909855533135628, -1.017629348844903, 7.898084475045051;
  -1.946038502546827, -0.5422972165599641, 8.076314241778301;
  -3.59820061882313, 0.03615617172399838, 14.50228622242209;
  -1.617380450508364, 0.5960095178076937, 7.243832729377335;
  -1.642418043167222, 0.5848731928792842, 7.562161590448373;
  -1.144734394591768, 0.7140052974117355, 5.597249626198832;
  -1.609144555514539, 0.6054891325994789, 7.489194760839226;
  -3.952525494071704, 0.5568147736485938, 16.97572064881262;
  -5.114318977022458, -0.7356612946511666, 22.84670727703621;
  -5.197655831164573, 0.08587463786882313, 23.22875204063348;
  -1.156622010550547, 0.7049814982810539, 6.005612564727254;
  -1.337583213602255, 0.6503511402148412, 6.865618183301677;
  -3.21078391774317, -1.541719643899053, 15.28078083223655;
  -5.256502311237609, 0.2684133495777997, 24.36484305110569;
  -1.242990338718629, 0.6699899977836084, 6.543463918355133;
  -3.056267173910461, -1.551228674448369, 14.87641808560106;
  -3.141079653915829, -0.923788497887619, 15.3053673565067;
  -3.044385664343122, -3.159480653255074, 14.98593653967949;
  -1.171689687092398, 0.7029800088860033, 6.370035118740822;
  -3.026281345779306, -1.130739770769457, 14.90562724734251;
  -3.116522285082541, -1.354574094856013, 15.50555192993282;
  -2.976711365586947, 0.4429326107694314, 14.99354055737992;
  -2.970236231976682, -1.294602770818588, 15.07136323556103;
  -3.328095686322007, -1.509508115397341, 16.76788043733454;
  -3.264512303208924, -1.331125521316093, 16.61368411065902;
  -5.152940194700594, 0.3646866644276194, 25.91972543184074;
  -5.057472448566633, 0.0602517078495781, 25.46301513700426;
  -3.242642594973, -1.347833257943479, 16.94243433639176;
  -3.815328463294994, -0.4974840111983975, 19.74167661241135;
  -1.219241312476249, 0.6993492806435075, 7.028991858052605;
  -1.149346525112575, 0.6983592832511457, 6.687123727186695;
  -5.007985647331581, -2.801054978954333, 25.88334685104782;
  -5.010295493584871, 0.1767785556020608, 26.11009151625966;
  -1.133084257648905, 0.7042526169277282, 6.882835901713123;
  -2.999416417479642, 0.509312429594841, 16.87688733596175;
  -4.608083639546927, 0.2691743636118059, 26.26908533435163;
  -2.740858544608463, 0.4897942145098298, 16.17188047878802;
  -8.558674646904622, -7.989500494510266, 48.23272783203566;
  -4.567631027385246, 0.1105827223580696, 26.41104004861492;
  -1.029955150900207, 0.7156040117024203, 6.825442115656511;
  -7.84259049221005, -7.461073556429031, 45.59432411280535;
  -1.072823315488803, 0.6850446839631039, 7.113468970088221;
  -7.935046894167865, -7.009627986385228, 46.42084000479618;
  -4.426553430264485, 0.3067786612421641, 26.51557723211154;
  -8.667125932898502, -8.673185015744171, 52.14159044115041;
  -2.482636165068296, 0.4980907433968824, 15.81400153752708;
  -2.127162000358012, 0.5596933229726187, 13.95228451536566;
  -0.9887332446128015, 0.7326346995921707, 7.050733084932578;
  -5.942787917422495, -6.311083469965496, 37.71156711277698;
  -7.973160382166659, -6.688627718879943, 50.767334795338;
  -4.230630199003063, -0.09226121121219301, 27.42712177841687;
  -7.213637962353203, -8.170238167305534, 46.14547757820389;
  -0.913815388357431, 0.7773580549992516, 6.812144443962011;
  -7.502282729547527, -6.597496331036647, 48.863336196925;
  -0.7007704971430746, 0.8127658319081819, 5.58856231740604;
  -3.683427232457061, 0.5078208618070815, 25.32910497034863;
  -7.039642706782187, -6.447472480060031, 47.61869940438545;
  -8.043060499046529, -7.552743764619507, 54.1995029895612;
  -6.841017635115424, -7.987376050802157, 46.29846073592214;
  -0.8624863534458728, 0.8048329680194132, 6.726396967914319;
  -6.623047290466096, -6.9803398702876, 45.49196814327522;
  -6.379785626800595, -7.387221266286682, 44.58636386925046;
  -2.220190633204208, 0.4978745704459304, 16.41114010018001;
