m=[-18.03065833001136, -1.409748267603029, 23.34089426194345;
  -8.090521321385658, 1.077659044685481, 11.36058104761918;
  -13.86407193156523, -1.053957879585855, 19.29036462227887;
  -17.99538445195068, -1.816040063689492, 25.57368870401168;
  -19.25300269381604, -1.448631152836207, 27.7737864705184;
  -5.460635263868443, 1.095931247965285, 8.672430335400113;
  -18.66060795847216, -1.579273330444996, 27.45567530894795;
  -5.38010391105486, 1.087951126863153, 8.758763386800442;
  -18.0201013746814, -1.685624679598885, 27.53735705880039;
  -6.108733208695249, 1.079405849649815, 10.08190791074081;
  -6.265586445463546, 1.068387691459551, 10.54438937988873;
  -3.407110367741437, 1.251465057372556, 6.279441913295115;
  -3.299192104435361, 1.244160981035138, 6.174174899395403;
  -5.979902476208195, 1.087553450725875, 10.56458364816704;
  -6.071019359453875, 1.056367824225303, 10.75026216244591;
  -8.118390136513778, 1.092517682245061, 14.06543387406464;
  -8.588148446408665, -2.728649604121253, 14.83124826314936;
  -16.66031764316664, 0.2908381248149519, 27.94084553556253;
  -11.95604290729667, 0.3702241460557399, 20.88738081960596;
  -11.73178620015118, -0.2236455754230151, 21.02198351982102;
  -5.75513443505162, 1.070618285732216, 10.82677289270939;
  -3.391643448207828, 1.239418275542531, 6.810561264819119;
  -5.88757534961271, 1.024945452581037, 11.13735861401877;
  -5.136300615736007, 1.080497743705577, 9.844165283511286;
  -13.02414827904052, 0.2390344113207866, 23.4728312168458;
  9.672964438747735, -3.124547418847682, -15.93996269851453;
  -11.71728245179805, -0.2204959963164669, 21.44338357129082;
  -12.06413108315561, 0.2342682261827751, 22.11574714099716;
  -11.12618708632807, 0.05640493933773108, 20.6031414156466;
  -3.886427739038936, 1.170921047790317, 7.878692400695832;
  -3.632660199677372, 1.20777246003491, 7.486801957136645;
  -4.599322530021897, 1.144756010811578, 9.23470063603413;
  -11.30539231025963, -0.2229579061124247, 21.3408608891918;
  -10.11935223599558, 0.5735684057356324, 19.2973400975776;
  -11.50991868692574, -0.7536816622369791, 21.82950943730996;
  -11.10406161026357, -1.003622827762564, 21.13313275886757;
  -6.544924374851265, 1.04681270577231, 12.8734447863582;
  -2.833500817443062, 1.310068674579343, 6.138056669983373;
  -5.946362774842358, 1.03971699252825, 11.81719036476502;
  -5.170310525377663, 1.064938582014261, 10.51370969583699;
  -10.80647921598457, 0.1546903334621587, 20.98143657967623;
  -5.015599575435648, 1.081475758248642, 10.30069273502;
  -4.396514548368582, 1.120173780479025, 9.153921454275146;
  -7.833535438016047, -1.488679451086208, 15.57230353187699;
  -3.343136614785244, 1.235757404378491, 7.224291306321797;
  -4.097890800443251, 1.146661673429393, 8.675122661934154;
  -10.81480167221209, 0.4677214973325641, 21.28904779505579;
  -4.419633678122677, 1.086302898348552, 9.330825390267235;
  -5.644893752462215, 1.021810072652099, 11.64840171653474;
  -8.908064880121229, 0.9536350194253999, 17.82764654387662;
  -4.326615342294333, 1.11685344652332, 9.169912857074305;
  -7.629186946529773, 1.015733802731453, 15.49889840160486;
  -4.404462533619072, 1.064491330359748, 9.419592712260526;
  -3.294625943493667, 1.266363464291658, 7.309926291920769;
  -4.294865663384664, 1.108070612918184, 9.259712171190966;
  -3.972394655138561, 1.126256617233054, 8.655193118964995;
  -5.160888578895367, 1.036589667652043, 10.97697596359958;
  -3.832723067034952, 1.168829626274836, 8.442352751901932;
  -6.104227266852166, 1.017125808336045, 12.91749590135483;
  -2.84444356337195, 1.298732570613915, 6.56849957702961;
  -5.814622486188121, 1.027118956973124, 12.42721942489322;
  -2.89113272307707, 1.28569439040079, 6.678495561479837;
  -4.141506350225111, 1.135511092865364, 9.263852233022595;
  -3.712503935543004, 1.221960046324265, 8.473790578225039;
  -3.966510039027678, 1.14446727024243, 9.030729010836664;
  -5.87603884708937, 1.026239164949485, 12.94211274407414;
  -3.215902326524359, 1.250155535701943, 7.536196979375572;
  -3.819481318170943, 1.183682877646973, 8.765372372611472;
  -3.37907088999027, 1.211638317808175, 7.872987912351674;
  -2.753586186670305, 1.33273019073264, 6.641046757084689;
  -2.816852386729286, 1.297805835350527, 6.775570349274416;
  -5.016013189302411, 1.070378371338338, 11.33248664413013;
  -2.68651953715862, 1.352291777036261, 6.525972834437756;
  -3.827532990388673, 1.152780750418387, 8.900716498917427;
  -6.138260237876756, 1.036031695749852, 13.74472386604452;
  -3.311964668581471, 1.200452518685198, 7.886394689192795;
  -5.11183687896073, 1.016709332728599, 11.71653124993377;
  -5.346990468565344, 0.9338399578225193, 12.34384291731485;
  -5.198090073980761, 1.004447026419908, 12.04361304699304;
  -3.709290496777363, 1.163881400950933, 8.886434198392244;
  -3.232859968194302, 1.206258979570869, 7.879612822062064;
  -4.986820305175289, 1.091401503476972, 11.71846299860552;
  -2.742744059763968, 1.369549561384817, 7.01513347509374;
  -3.166414245434563, 1.245106857595763, 7.940275298018364;
  -3.561195426907999, 1.169272606399668, 8.87497071101846;
  -3.155109684695609, 1.180887964684026, 8.131419856938372;
  -5.18726049363807, 1.015632124157618, 12.77168460316042;
  -4.473790680675877, 1.074221764462589, 11.23133170172053;
  -2.95794735942533, 1.284090494986392, 7.771958860857482;
  -5.034085192632438, 1.055316549352241, 12.55631697597356;
  -3.049077579826464, 1.272982310322264, 8.026658459489418;
  -5.948677725068063, -1.413162026675437, 14.90613118083634;
  -5.328324132114846, -0.6975459897160118, 13.4929611254215;
  -5.04976809933086, -0.9814543652890782, 12.85814473713671;
  -4.096365554218629, 1.147387339678684, 10.65210795537973;
  -4.40016429193566, 1.089711105315347, 11.37269246639107;
  -4.260646591356178, 1.132066264143355, 11.08390060755967;
  -3.162026218329106, 1.23504916798335, 8.501786166983631;
  -3.591451523030802, 1.206140779069296, 9.526034788388106;
  -4.452907242082552, 1.060328037160477, 11.58238070046257;
  -13.07282662603979, -0.1786875251073303, 32.19419727543276;
  -5.149565836223025, -0.9562234311077303, 13.27528537282995;
  -15.92037559022514, 0.9170499328777614, 39.06706186188943;
  -5.194246987568747, -1.141662936338212, 13.42519705160308;
  -5.088117639729743, 1.059918422018525, 13.21593003414943;
  -11.55238155993183, -0.4103115251136795, 28.83515460677011;
  -5.278957331952157, -1.375162354263288, 13.70339444051423;
  -14.31111490776768, -0.8248603693066182, 35.55696117155558;
  -5.143850584275254, -1.387275125958562, 13.46937517803381;
  -5.395659609145181, -0.917026612240492, 14.13528381780263;
  -3.941359493537094, 1.133801661549509, 10.61205240686722;
  -4.781651786666787, -1.460539554788597, 12.69079151910851;
  -5.138990747729602, 0.9737767922583952, 13.60619178100687;
  -3.161913943059355, 1.247879370531334, 8.77048629624098;
  -15.53373366738659, 0.9106343692769884, 39.3832542942238;
  -4.23353656574901, 1.110434821132117, 11.44231549499053;
  -4.91668547191955, -1.04059497539934, 13.1191883730395;
  -5.146942911082522, -1.149533278256225, 13.69585339193958;
  -3.935043854996486, 1.134390771684078, 10.76284200034085;
  -12.45466170319516, -0.2571632209228688, 31.98775727312516;
  -4.533969921062592, -1.331197632280488, 12.29397744746093;
  -5.012100832027577, -1.189925269361991, 13.52052927040952;
  -3.875525370524864, 1.128316175932948, 10.72417466371198;
  -4.292725965777025, 1.109571625208384, 11.7738572918126;
  -10.09021545400009, 0.9390589046098176, 26.36332634959336;
  -5.011341836156694, -2.593397855837778, 13.55413325216566;
  -3.667444187282223, 1.182392124886971, 10.20733918916099;
  -5.019064805637933, -2.816357691894346, 13.62205284882851;
  -3.392118649205009, 1.208886340149463, 9.602562701119204;
  -4.947060007056215, 1.005672692638249, 13.5641892691379;
  -12.48499908526547, 0.6909274389172688, 32.87638033957322;
  -4.971132271495484, -2.664357263574364, 13.69600011366096;
  -4.043780313615002, 1.105476370090932, 11.35245122440554;
