m=[-5.628991421547701, -0.2672149375867261, 9.651883553650329;
  -5.708076642432173, -0.1153710946985203, 9.778463586593693;
  -5.639710878007642, -0.08948987675940537, 9.796544984300631;
  -5.35845186682834, -0.1373032731760369, 9.678047184894039;
  -5.385758738744463, 0.09990217845332665, 9.913380278079693;
  -2.18849581225039, 0.5491691540597148, 4.880773913415514;
  -2.589573588689714, -0.3230045174389295, 6.048001119546503;
  -2.606990238997589, -0.4896334378982985, 6.099832327863763;
  -2.500253887954584, 0.5341565325151459, 5.973953177930189;
  -2.609188186990147, 0.5069062464147863, 6.368320847555025;
  -2.443861763849783, 0.5366394892426326, 6.02711340281946;
  -2.481410158321405, -0.2317157687236141, 6.125880416226785;
  -2.383727303796716, -1.063115684916032, 6.151793034381961;
  -2.471331235269511, -0.4454438483731727, 6.364113366013765;
  -2.440995780283935, -0.6132747396999742, 6.303113060735194;
  -2.510346419070462, -0.5560892161807947, 6.457574789878779;
  -2.404955356913184, -0.5421033654070947, 6.346461078279132;
  -2.690639940964827, -1.356511513937539, 6.987647688208386;
  -2.325884334465966, -0.4842208743597719, 6.199333934044668;
  -1.442994397720881, 0.6455672739375153, 4.217001717257645;
  -1.41616883629557, 0.6566042715569844, 4.170140253776051;
  -2.403605385063674, -0.4370011952745395, 6.403139495175976;
  -2.33394155288488, 0.5424682664048155, 6.326081916208868;
  -4.917927170274155, 0.4797645885908973, 12.28848678263159;
  -2.591046726100811, -0.852919335118538, 7.116568314152542;
  -2.138241148893639, 0.5251439432805857, 6.160733959302008;
  -2.381674301864194, -0.8079551778957731, 6.883892639363912;
  -2.333326448007071, -0.6015951087977907, 6.883863427372791;
  -2.113731490539602, -0.7452377597151932, 6.365958104354879;
  -2.189841632600715, -0.3852896782442551, 6.561536447124793;
  -1.692354433638011, 0.5895759658979259, 5.320462030560848;
  -2.117409880231098, -0.3819811326988954, 6.501997256033202;
  -2.095023488293145, -0.8151307167257892, 6.506614075204448;
  -1.667007803171759, 0.6245961401019869, 5.387730475632234;
  -2.013595627784618, -0.3709496764715947, 6.352793237251503;
  -2.064039055715999, -0.5611945157661309, 6.496920448507049;
  -2.001933186952313, -0.4306713484802993, 6.334603366642946;
  -2.098500991738233, -0.8763229434815877, 6.610865357952339;
  -2.15284940659578, -0.6520828515246899, 6.761683414806297;
  -2.118830820578883, -0.6247997631139034, 6.686263825422765;
  -2.028417202745826, -0.5051068698284711, 6.513748055524892;
  -1.747782246527562, 0.581967520239153, 5.783292872002822;
  -1.998630708660041, -0.8921096577127564, 6.501226083157126;
  -1.686036322412664, 0.5959758301323603, 5.66176257460041;
  -1.934626987082222, -0.5332626314592507, 6.406520763972713;
  -1.647819228872846, 0.5967235600925486, 5.635982406111427;
  -1.87490035458677, -0.5442550399862162, 6.283418994944065;
  -1.895625711222507, -0.513358480087996, 6.386627574816603;
  -6.019659872432313, 0.4707699500758281, 18.18900580563024;
  -1.750688367741808, -0.5137845888601245, 6.139841466494879;
  -5.944574751540713, 0.5249203104562495, 18.56723304272969;
  -1.53582175119141, 0.6193481855882216, 5.636207028364669;
  -5.882615171108053, 0.5359994284889542, 18.89146087638871;
  -5.650694425780126, 0.2085215231014213, 18.28182384075753;
  -5.456045203023257, 0.301301320792319, 18.1340731824884;
  -5.540474356879068, 0.2302581500965149, 18.60920835753299;
  -3.512655314688992, -0.1848372446831226, 12.36771080378632;
  -3.617466613979212, -0.1454271029420742, 12.85431535077591;
  -3.674659162883221, -0.08110760609134593, 13.12085781530757;
  -3.655879837677242, -0.178710092113835, 13.19012159977516;
  -3.385578213038625, -0.02767940804999121, 12.35483252149698;
  -1.286763985275131, 0.6585061330135883, 5.329069585570479;
  -3.469835819275103, -2.492948322305117, 12.80683447297089;
  -3.522961991603718, -0.1361127586589808, 13.04802785111648;
  -3.346530034442623, 0.03269425229965611, 12.45860406040577;
  -1.128103156462935, 0.6895679841033157, 4.903807037243423;
  -1.302437259910964, 0.6415704035132429, 5.534765649658358;
  -3.365322654098836, 0.02999922653100582, 12.79170929214325;
  -1.283430280097935, 0.6612011074406851, 5.538108460499718;
  -1.301182518148572, 0.6603166685082184, 5.669759412457577;
  -3.45784348892718, -0.8603734711770942, 13.59176555801358;
  -1.30809690626927, 0.6304658906288374, 5.744346770889237;
  -3.367525449290937, -0.9351437417616672, 13.89154102747322;
  -1.164832322249818, 0.6818240155369439, 5.441593088780255;
  -3.195118988971179, -3.110281223015672, 13.61739071157725;
  -3.241347234720958, -3.212175373709225, 13.79383260669896;
  -3.171975254045577, -1.076915050813559, 13.5703568528371;
  -4.333395944505674, 0.4696313425304112, 18.22139131057007;
  -3.213824616714632, -0.9507339490912656, 13.82605146648308;
  -3.242865798309252, -3.13633961538523, 14.01202245188301;
  -3.309990517679338, -3.072493009053524, 14.309690610936;
  -5.17583116849285, 0.2109381819420982, 21.9854198650648;
  -3.194340580398555, -3.216295541527257, 14.05986215765767;
  -4.043197902183452, -0.2576414084690929, 17.36491887755616;
  -3.175670751884725, -3.218235266642472, 14.2544822887267;
  -1.076819416073537, 0.6764386907714594, 5.479389314791049;
  -3.007311717561959, -1.232453968042729, 13.57485426452384;
  -2.929296622148417, -0.7020170114645921, 13.26056596093355;
  -3.018765723692357, -0.9363864616995984, 13.66670309083039;
  -1.051950954322954, 0.6955741789304812, 5.416085537959289;
  -3.865793816140947, 0.3445964786208364, 17.60693896053021;
  -5.024955195980414, -0.5779173472247651, 22.65622441119691;
  -5.021674336478768, 0.003138231873731272, 23.20230361194428;
  -5.080715071623393, -0.6927153897651857, 23.55195130764846;
  -5.06469147090055, -2.862939133446935, 23.69416922010024;
  -4.152562846508189, 0.2334100023352438, 19.81309107774945;
  -5.131477442386561, -3.434614395347619, 24.93720197198789;
  -5.020991659587214, -2.882515674906146, 24.40646260611723;
  -5.127620442763007, -1.555097369814854, 24.9316361039858;
  -6.413381328473649, -6.250022506527116, 31.09801471486219;
  -4.646092538687391, -1.20274172221761, 23.16258308833239;
  -2.761682845946868, 0.4611889257750255, 14.37944082672377;
  -4.632330778094136, 0.205070908808071, 24.18421223936615;
  -4.464982406017784, 0.0476127737428284, 23.65198085066114;
  -0.5966192236967909, 0.7723079941783539, 5.13673644662651;
  -0.5165122558697892, 0.7741477639212959, 4.738734368565104;
  -1.376294411203652, 0.536992091617128, 11.32667944683639;
  -0.5337317018297073, 0.7656662738011693, 5.090780380732523;
  -1.37355215914812, 0.541837804090358, 11.82507993932157;
  -0.9284907545724597, 0.621702906671835, 10.17487665982726;
  -0.88318577307014, 0.6823827799465863, 10.818473440231;
  -0.9016981292508881, 0.6436177854359999, 11.07680404910624;
  -0.7687130116908146, 0.6806199889761093, 10.58975410249304;
  -0.2389307756829482, 0.7054473215604152, 9.545541570669821;
  -0.06316603660283693, 0.8055516213527355, 4.325836098829401;
  0.4485147541543297, 0.7634594385716405, 7.095160391996672;
  0.4951053507806018, 0.7607482694403156, 7.025956388892249;
  0.3400479706146829, 0.8300913080550978, 4.879594579298638;
  0.5413991659274267, 0.7693015555174692, 7.081002583350841;
  0.8075897963422395, 0.7496014979741738, 7.649549769065782;
  1.034891555925364, 0.709710195635393, 9.356396444959575;
  0.5643154491331945, 0.781818161281105, 5.447071717757307;
  1.056050592956328, 0.3939893539381547, 9.099904626839537;
  0.94937965981168, 0.6462347880204724, 8.117785984604071;
  0.6042407380210451, 0.7863646273003196, 5.446150623889126;
  0.9916760224731034, 0.6642571336718035, 8.026821394431046;
  1.328872764379771, -2.024398517338774, 10.27094593951003;
  1.007260432216242, 0.4190348147031338, 7.798791361324534;
  0.97504833889795, 0.5979856259296422, 7.564982551602725;
  1.031069035425383, 0.5200770666900718, 7.701302312537958;
