m=[-4.093906775326413, 0.5613974859993258, 7.075336256847476;
  -5.84631324984426, -0.03251360217115544, 10.47104687578942;
  -4.134992473806635, -0.6356619092295109, 7.843273820673765;
  -3.795445905222882, -0.7998017876888152, 7.650857344771517;
  -5.277511368632012, -0.06500619503317801, 10.3721909560894;
  2.125192166601737, -0.2830760181027306, -2.984160957171721;
  -2.270790672627343, 0.5452496411178568, 5.700759174901259;
  -2.570250796750578, 0.4870315396588557, 6.805095977517442;
  -7.480678897409068, 0.4309041606380882, 18.35686247461691;
  -2.416635511108069, 0.5271435972664743, 6.666298360164564;
  -2.477333145660554, -0.5677743132411701, 6.92342057460364;
  -2.411228218925301, -0.2181896658301843, 6.772096842051189;
  -2.54493677469341, -1.385481448981846, 7.118486134977861;
  -2.430674428866489, -0.5674143404687955, 6.940212982354995;
  -2.466781749106354, -0.5334305411045037, 7.071869450788612;
  -2.408123289555005, -0.455685856886566, 6.948148828052841;
  -1.79358285962185, 0.5938260586658701, 5.442065129385154;
  -2.392033785400949, -0.4925010075420119, 6.996121546219896;
  -2.652199439594213, -0.8099864590244494, 7.975122372697983;
  -2.147742808002695, 0.5399686867917583, 6.688517004989038;
  -2.412665517924461, -0.6357260750249606, 7.456683658160062;
  -2.236135368625962, -1.284661820651754, 7.023931581225083;
  -2.319653540937779, -1.259844857481967, 7.269013047319795;
  -1.639376481650501, 0.6051099306543009, 5.560000732822901;
  -1.658375809284821, 0.5812833396055496, 5.626748122813215;
  -2.22087320053654, -0.4103461118222216, 7.185165046862356;
  -2.153248961843096, -1.229885883193008, 7.046938782244;
  -2.178586013244816, -1.494685284517135, 7.160529729538234;
  -1.846733271814005, 0.5726740766137092, 6.253234750703906;
  -2.173280371342037, -0.4100382869136125, 7.188289785540238;
  -1.721343430438981, 0.5859773759518701, 5.939057254725697;
  -2.06419332344521, -0.4692178934936643, 6.933588627202433;
  -2.088591956481548, -0.5867182435013615, 7.097554901063286;
  -2.125615616250705, -0.6429835629872045, 7.21132536210277;
  -2.02189511682589, -0.7662122291166896, 6.918843709599816;
  -2.051402619567199, -0.4781145279745487, 7.0179769659491;
  -1.767921823407803, 0.5719491483285321, 6.238964986294865;
  -2.062662625606666, -0.5342644816070182, 7.156634952263007;
  -2.068392358848925, -0.7605564391265972, 7.253367153822286;
  -1.935262135772846, -1.038408763610357, 6.88858912154303;
  -1.708891949739042, 0.5909665806422676, 6.276144504495528;
  -1.906040112177732, -0.5349574100269197, 6.954488697110567;
  -5.687536426964497, 0.4821273144591877, 18.87769675875771;
  -5.634745456927258, 0.170113430960038, 18.82236407932704;
  -1.896782308898599, -0.4606348828305476, 7.020408444444309;
  -1.869709788830274, -0.5272235841483137, 6.977427683340006;
  -1.856425024897422, -0.5595284272577128, 7.017254926984744;
  -5.441746032440011, 0.2703074790487229, 18.68795772018265;
  -3.666070819733656, -0.02297894458129141, 13.5626838630412;
  -4.701291995810034, 0.377106352729436, 17.11779238961989;
  -3.5750198444843, -0.1043190889232844, 13.34977053143576;
  -1.373167646845793, 0.6484901373639516, 5.775285889147196;
  -3.627854571434368, -0.2053646233093115, 13.66865788912483;
  -1.27390999229229, 0.6645740419388608, 5.585334092334575;
  -1.317911227114206, 0.6537305652675424, 5.983979440562105;
  -1.330606064803476, 0.6431455291602314, 6.345158030188708;
  -4.355129096912124, 0.4329527811899641, 18.9501430876421;
  -3.216524458688395, -3.175366203755875, 14.26914953152899;
  -5.151906993010219, 0.1653524901023405, 22.54227827982793;
  -3.421924231750424, -1.048855919820283, 15.31898986728752;
  -3.093155212647592, -0.7597290538340153, 13.9580838709296;
  -2.896050563939241, -1.356580260915016, 13.49518647794888;
  -3.118830230184481, -0.998591571415938, 14.68642842914102;
  -4.271677588751115, -2.514743345762677, 20.08186918429852;
  -4.925955823407337, -0.03382598333756794, 23.43077901054307;
  -4.129752412513216, -3.598759191356759, 19.71407509789166;
  -1.09470003886588, 0.6715408912678804, 6.10872737068182;
  -4.980284735348637, -2.588973978567482, 24.32031257499005;
  -4.406459369045691, 0.1903948883292166, 21.68418227816093;
  -0.7294074514645701, 0.7918666209554414, 4.584563959315755;
  -2.745510225279303, 0.4283889354502189, 14.91208632405731;
  -4.516154674708626, 0.1478998028456342, 24.29056476276947;
  -4.365880528554417, 0.004408970911386789, 23.82551036245263;
  -4.308844088832515, 0.1657174617307473, 24.33431950019551;
  -2.558138395481795, 0.4609229482609264, 14.9863605195529;
  -4.074874863487495, -0.5092249865420947, 24.32416425736016;
  -4.108935668718725, -0.2088569937653558, 25.11069732703149;
  -1.474158908594628, 0.5569064138700314, 12.83450074781898;
  -0.5212769670087176, 0.7749569396866428, 5.355344230103112;
  -1.193092074816546, 0.6163568011689409, 11.4362859656304;
  -1.251783277982088, 0.5426435705285616, 11.9524067719;
  -0.9030711748577394, 0.6825243251833759, 11.78890065101423;
  -0.8073983589197104, 0.6975415790238156, 11.81956609493854;
  -0.2423481565205401, 0.7098831583043128, 10.48035002858006;
  -0.254046626813721, 0.7000276534510977, 11.30073028042887;
  0.3417846700159737, 0.7943829255926281, 5.283886870621498;
  0.4019382344190897, 0.7827746476926625, 5.370523146983188;
  0.4525169404875272, 0.7859465071997854, 5.365758531054875;
  0.7876705840656191, 0.69737188721516, 7.877125187555567;
  1.258305331674946, -1.937260533864094, 10.17110338169892;
  0.9469864801405107, 0.5527232188134968, 7.774758605879616;
  0.9919063343753996, 0.4308187146921488, 7.810409323293897;
  1.013185885626394, 0.4052796726914821, 7.929012463268547;
  1.067975340138485, 0.1760321879480163, 8.202860998923066;
  1.1866724624733, -0.02129209682842151, 8.982554705292564;
  1.091846062993962, 0.08610281010902028, 8.11492859040489;
  1.029494095134676, 0.2200091463364262, 7.68523022872887;
  1.064393692032365, 0.2729636009830706, 7.886299836385253;
  1.102384752114054, 0.198861111101541, 7.847264724780892;
  1.044551398691369, 0.7320104264729006, 7.482564935884212;
  1.665196000445279, -1.823031091683917, 11.42664075138993;
  1.140608066048824, 0.05878029907219529, 7.724093377147425;
  1.785446724253247, -1.794809164412065, 11.5511118772048;
  1.566476680956151, -1.775096392161975, 10.2304998122613;
  1.685268656168368, -1.718810393270931, 10.22745710446652;
  2.966533388914046, -0.01841477653995011, 16.33073395714088;
  1.29161137121516, 0.369856310979122, 7.641655574958744;
  2.266731936809962, -0.6013505961037473, 12.48785458243895;
  2.4661129556168, -0.9905047103602889, 13.33223313415731;
  2.256991562830843, 0.1650485059237513, 12.16123805286655;
  2.25602305822807, -0.09042104926174646, 12.14568980966839;
  2.558019845235947, -1.466929437105646, 13.60770878709536;
  2.418346664116538, -0.592804988932138, 12.8825804124267;
  2.519382657696321, -0.1744157471693006, 13.07204466424441;
  2.554481641184187, -0.8637723554262888, 13.20763982185354;
  2.54378019736166, -1.082133222578021, 13.15292134727726;
  2.736173059123118, -0.1081544309280622, 13.72508066658641;
  1.402357749634367, 0.375289708676584, 7.518207983642906;
  2.67829337873187, -0.1883717132558878, 13.43046834856173;
  2.598518793834808, -1.169076489197141, 13.05652224916046;
  2.734030597150979, -0.4689789882744004, 13.2835225671452;
  2.69160925173977, -0.7197571924775383, 13.08603048148278;
  2.669789953497463, -0.5993406578276129, 12.93233652015433;
  2.670260575174909, -0.08964482734749438, 12.83881998041244;
  2.582354546579857, -0.9406079820877041, 12.33269685853454;
  3.184105664900636, -0.2628766602897938, 14.89497655088382;
  2.831979135731436, -0.4743938271325729, 13.329315253415;
  1.669623051094886, 0.3977070531591972, 7.655013027335912;
  1.75685365603233, 0.4384645456736586, 7.740214383916857;
  1.766154310379386, 0.5045088841772816, 7.720108983701861;
  2.314903720638266, -1.143318429282671, 9.697489617400846;
