m=[-6.217605854990287, 0.1499378412760295, 12.12057551659061;
  -4.492633203938239, 1.419225868740367, 11.37368188403424;
  -4.447873376772564, 1.596206756879062, 11.29503418012051;
  -4.327426764638509, 1.636554777235881, 11.92445998026365;
  -2.0659709660796, -3.024508548318717, 13.5662818005933;
  -1.889214911822777, -2.588186910327195, 14.19490470591562;
  -1.747376062140537, -2.414289486361829, 13.45644286704487;
  -1.196085278639155, 0.2767291078987835, 11.68910044051071;
  -1.313037289418063, -1.201700764071072, 12.57805698940359;
  -1.202878726404024, 0.3485340305477289, 11.76717899003249;
  -1.293696803793798, -1.304274367902531, 12.47388101562504;
  -1.154234993553547, 0.3499565110052454, 11.92874853374349;
  -1.283037711432482, -1.437020709867717, 13.10667961293354;
  -1.443678459387758, -2.275440590840584, 14.4414648708622;
  -1.204802978761116, -1.487549848400486, 12.9930736040679;
  -1.216511185439132, -1.772417508897672, 13.3585586523174;
  -1.164668612753428, -1.726971580825439, 13.32733603416537;
  -1.282048437157421, -2.278326911728403, 14.58278620540901;
  -1.182911302662816, -1.969134630090127, 13.96666952417953;
  -1.124968643738026, -1.772567189836751, 13.55382758703944;
  -0.9489216956125124, -1.120764187474746, 11.99501376952219;
  0.5097723539399117, 0.2178332555865748, -3.034013193070136;
  -0.7055040868757109, -0.7113886349150155, 12.18953685455904;
  -0.6478803237055169, -0.7591256367500169, 12.12592238406684;
  -0.6245487031153044, -0.7179932998035969, 12.21497156058462;
  -0.5740495594452389, -0.4070836792663261, 12.30309285109444;
  -0.538924976365182, -0.6890801362987429, 12.3722616199512;
  -0.6111759616781763, -2.177086751953459, 14.38845316405707;
  -0.4982272313047403, -0.8512210506435715, 12.49880570274044;
  -0.4599166602807485, -0.9194563158725457, 12.22370839425503;
  -0.5066993928567085, -1.737106012539227, 13.8380556120141;
  -0.5405434205855068, -2.044494405661764, 14.49321878938153;
  -0.4336061480462063, -0.1556988199870016, 12.65386926456766;
  -0.5779841320278991, -2.578821662605833, 15.2726253072495;
  -0.5102285087438325, -2.263479275281635, 14.95518471039999;
  -0.3236829392465462, 0.418998386782158, 11.98015338681764;
  -0.3467093679505062, -0.3264801970564951, 12.57541721301096;
  -0.3442842448184869, -0.7911912689483334, 12.84709257673059;
  -0.32206844379804, -0.2299885051474203, 12.53966931147733;
  -0.3281376302615449, -0.8622452175771558, 12.66904891304992;
  -0.2823519080575312, -0.4416425042132826, 12.52492020786484;
  -0.2972156419742135, -1.501514851128551, 12.96376493740718;
  -0.2827093902393943, -0.5052084487146107, 12.72807384402178;
  -0.2892466432840239, -1.833558719451002, 13.14474465297158;
  -0.2446965954475524, -0.388633763275639, 12.64999361777802;
  -0.2565152609992026, -0.1165936084524876, 13.3087053726755;
  -0.2426437418072747, -1.470035953359436, 13.08447915032655;
  -0.2081009828944542, -0.2673426318469153, 13.31290273960572;
  -0.1960063244538248, -0.6806565712744565, 13.14492050879059;
  -0.2117446794444148, -0.1012244141682772, 13.77678237568015;
  -0.1872508977417043, -0.8282619328839145, 13.0230702212387;
  -0.2028439374861403, -1.168846621034213, 13.50115313141034;
  -0.1985297939241797, -1.791240118758235, 13.92136044000461;
  -0.1874914724894029, -1.511889376865689, 13.94856519229693;
  -0.08535615570203108, -0.715397940608458, 12.95309109777698;
  -0.04513436711756008, -1.338645012116136, 13.22669085772743;
  -0.04686164703493551, -1.656530459225689, 13.5915128586555;
  -0.02377553338804516, -0.4386417831848335, 13.15336461454754;
  -0.04633124708357823, -2.328317425198825, 15.68173242039196;
  -0.008269287098817925, -1.060554494708529, 13.77754825680686;
  0.05673129067736182, -1.336590940665059, 13.69305314510464;
  0.0526421635042627, -2.57057316653883, 15.64327488681995;
  0.1022675431900133, -0.3580220946460984, 13.06505219954362;
  0.1131872284676708, -0.538123333272643, 13.63732477418742;
  0.1155633826276192, -0.8966508857582881, 13.69221998308415;
  0.1504985563115394, -0.4595759034318428, 14.22258573608673;
  0.3983336152922077, -3.028655179352949, 15.70586847078352;
  0.5378990959282933, -2.594453476102059, 16.12971037452444;
  0.5796583428296904, -2.797649454033365, 16.32171557327235;
  0.1357589631667764, 0.3249702045896049, -2.119044314351228;
  0.6915767654178339, -3.525719703524247, 16.34491245492864;
  0.6888089904329708, -2.58340502267375, 16.19694240367331;
  0.7349402839334642, -3.118979298992407, 16.4105656624351;
  0.7370670980329347, -2.301296008076137, 16.08235611715287;
  0.6019627265243348, 1.905475337371235, 11.81173662896982;
  0.8789182427282406, -1.702753724203632, 17.27835180626558;
  0.8414568377253644, -2.571963954194442, 16.2469177061608;
  0.8652547677132167, -3.144820174131544, 16.61361743230301;
  0.6716278917232301, 1.757334009962665, 11.72355345615844;
  0.9923560209849367, 1.675211494499637, 12.79710177555141;
  1.04261917977972, 1.750389182477635, 12.880924523668;
  1.085819549251505, 1.695530829701329, 13.30285184721537;
  1.251711610429968, 1.811584267062161, 12.78251495464453;
  1.588153158135021, -3.435013525474487, 16.57075268605476;
  1.722452991683664, -3.635157842184796, 16.72982154139192;
  1.740733376306476, 0.4130796542807886, 16.55104870906496;
  2.084052955642011, -3.777429330883568, 17.52964354676415;
  1.888540558620104, 1.536547885871799, 15.70066106429539;
  2.119856009835431, 0.4356028123168126, 17.62729487570937;
  2.245711651069266, -2.459851728097769, 18.15200898502209;
  1.608562310954088, 1.74214666283308, 12.59246418320738;
  2.173764365056509, -3.655626676754078, 17.10035914032578;
  2.435245209114821, 0.09730296374167077, 19.01749839273372;
  1.604212510829194, 1.844883366541677, 12.27501198308753;
  2.298712885752355, 0.4363778911631621, 17.6228295370917;
  2.266693984888524, 0.3059727781545757, 17.37282550369791;
  2.31665986204643, -2.373305718339759, 17.6196700752051;
  2.398596807098972, -1.196733991227316, 17.64707793753221;
  2.417091798387748, -3.526681059330382, 17.59320958018977;
  1.942837534713525, 0.2241084447001045, 14.05724545231863;
  2.410766849834313, -0.4535100345094674, 17.44687626583384;
  2.53511778372585, -3.221754980587404, 18.27382539816598;
  1.863537627104431, 1.766320587699942, 13.21518564243554;
  2.588873149137851, -2.502071309172015, 18.61297422166269;
  2.417400030603447, 0.02771337785689322, 17.32557696193404;
  2.439090114724065, -3.276568195744155, 17.43633933534596;
  2.564338433742733, -0.2371470703588714, 18.32497359240566;
  2.601945143968025, 0.414407040195617, 18.38290861466502;
  2.514209860726473, -3.739477252996111, 17.6780267790547;
  2.629530570496262, -1.643562911300756, 18.44610352166333;
  1.284737452247715, 2.048887415235054, 8.707178418308969;
  2.68006285306734, 0.2948855175615175, 18.71384656929252;
  2.726238927008742, -1.8511352865941, 19.02081583221739;
  1.497715485087058, 1.952155071514897, 10.19443092790137;
  2.573154732434706, -2.641368260787793, 17.82819791593408;
  1.846940107730017, 1.736711450212633, 12.49657456205572;
  2.082472783834413, 1.66072655477623, 14.25212909447987;
  2.617975750330806, -3.324336248938418, 17.81191376001552;
  2.645682878032469, -2.400144844964712, 17.9880487007623;
  2.645854861556338, -1.660532807252019, 17.91524126079854;
  2.009651525759329, 1.792654811503798, 13.47248408205483;
  3.221993680136312, -0.3540415080595988, 21.86531117691052;
  2.742210369696514, -0.6995936161302745, 18.37460938019441;
  2.163115148664799, 1.497204464137431, 14.35993186672449;
  3.588677015015254, -1.210700536550205, 24.05915277707589;
  1.363898732619742, 2.076062256027675, 8.833641048000262;
  2.747579265593056, -3.798418736527511, 18.17094131935233;
  2.714332995435064, -3.534680971996801, 17.87609697584555;
  2.7280906046564, -0.1686731517703353, 17.91478136649587;
  2.822222520584552, -3.810270482011553, 18.55441225312496;
  2.64449072011615, -2.401138513336226, 17.30002438439428;
