m=[-5.201693607594891, 1.135305206711664, 7.34812400412741;
  -4.388896627489043, 1.178736463731757, 6.3582035083134;
  -8.787817037420048, 1.096989137611527, 11.8131513651547;
  -5.956382861032339, 1.115514292743559, 8.337334264275491;
  -4.219977432940177, 1.206409009013729, 6.211013559452915;
  -4.294524541973834, 1.17271516422516, 6.306585890407106;
  -5.887972723291723, 1.106071929980804, 8.351622924573213;
  -5.65341655738595, 1.085088572992198, 8.124632081839165;
  -9.059858933136651, 1.078054526352146, 12.42959204363425;
  -4.316466925009478, 1.179574312152051, 6.485834569547917;
  -5.488931171322895, 1.103217962886285, 8.09140389203983;
  -5.685800842670312, 1.110314704012919, 8.34312050898161;
  -7.972237793998629, 1.084613804379529, 11.75996396286275;
  -8.931972978131002, 1.126157844048396, 13.08988809269891;
  -5.560578813437669, 1.111183177484595, 8.545000194727539;
  -5.127529104764624, 1.167270306865219, 7.983954438404746;
  -4.519066277661446, 1.178348357376239, 7.193634940712194;
  -5.343460234346775, 1.091625589881313, 8.380449453715603;
  -5.627280968416061, 1.107855043671228, 8.789520321673212;
  -3.750604114344684, 1.280848191634788, 6.192972689000653;
  -18.25353547222198, -4.370354596904207, 26.6548600454064;
  -11.89383171374107, 0.1449801929003182, 17.82780847873731;
  -9.625908915499975, 1.159804164847479, 14.6434428556685;
  -12.02781521775702, 0.1040121520109179, 18.11708951766916;
  -12.35605983402737, -0.5130690395444707, 18.68035785598929;
  -8.897452507779311, 1.097763653724805, 13.80757869099913;
  -12.66789500314635, 0.3220078414030829, 19.39091517893072;
  -8.680045565216059, 1.153839023095333, 13.6105626128556;
  -10.22881467201508, 0.6332705499392839, 15.9155367046805;
  -11.34101118735105, 0.02295830255704871, 17.59451137789612;
  -6.19777238649445, 1.087242750852826, 10.08472745971299;
  -11.70550477617112, -0.1654550281766481, 18.18363682096306;
  -8.620248668277711, 1.101919118501749, 13.73890546299901;
  -11.78601221806811, 0.3015057140460863, 18.4679533395326;
  -10.80581470529844, 0.6412103053188001, 17.1880656335352;
  -6.524154459902464, 1.090637587756787, 10.93632841817777;
  -5.311778968157396, 1.083934524860485, 9.12277389859975;
  -5.158378497089369, 1.074201908565878, 8.982662950999433;
  -3.534042737620912, 1.27374099664451, 6.501152501734268;
  -6.942099156967673, -1.739749501317213, 11.83998756063006;
  -5.727898534930302, 1.095934911825491, 9.96224931924276;
  -4.342490076359563, 1.172294251238142, 7.864163012215908;
  -4.526978647226527, 1.144213065570695, 8.296645052179647;
  -3.595138045713463, 1.280436559193954, 6.819937623471575;
  -5.534019571937722, 1.077706020900935, 9.981718634549367;
  -3.9145333577277, 1.22182577709345, 7.439084017995684;
  -3.650589522379859, 1.26341933349369, 7.043684696877048;
  -3.39885347284508, 1.29266629511533, 6.627488718401073;
  -5.595838067566065, 1.090452099485752, 10.30284519356436;
  -3.955329997207317, 1.198423092486348, 7.584126686263229;
  -4.075646745829048, 1.181708026392863, 7.794656499363197;
  -6.813402661001344, 1.105229701804812, 12.41119931050608;
  -3.794488466435, 1.216462673031877, 7.356133676594665;
  -4.851552028348911, 1.103529442921477, 9.146698901118974;
  -3.737003635364097, 1.250590733337835, 7.286219302890747;
  -4.181177078225456, 1.189869280594155, 8.038152030187113;
  -4.610509587640517, 1.149816330983527, 8.777886968433293;
  -3.1133431776461, 1.336449336902956, 6.291820815739041;
  -4.329305452777756, 1.167109674675839, 8.380408639624296;
  -3.876689060728365, 1.219197481065862, 7.60934584286306;
  -3.53484719482748, 1.274062232842649, 7.112510812953751;
  -3.425040772904393, 1.28027036888294, 6.929029712912509;
  -4.310344629054922, 1.187390549366614, 8.524824102463825;
  -3.871017001468652, 1.191358369371785, 7.774878283132981;
  -4.688609440847486, 1.138314634115041, 9.224593408680967;
  -6.61359118356383, 1.083672372131068, 12.71979870011204;
  -5.172281690893504, 1.128665873867458, 10.26148254957958;
  -5.293770504498375, -0.8584192793904758, 10.51247262013668;
  -3.035585889653041, 1.34437955355531, 6.510381377707966;
  -5.439779534288124, 1.080908813239491, 10.89530710748595;
  -4.197406561708606, 1.1559868870702, 8.634658621991612;
  -5.280168858981095, 1.092634284719177, 10.77660526195713;
  -5.054999504076852, 1.003555607414695, 10.36878963368382;
  -4.047767712616252, 1.196347008163476, 8.498416858572895;
  -5.052679887451403, 1.136195961024505, 10.36623329565346;
  -4.15650316861082, 1.184693140524398, 8.725011965262798;
  -4.209699468750958, 1.162411553796382, 8.862092858629454;
  -2.931547185974084, 1.338071526371966, 6.533706875077119;
  -2.870071596889538, 1.356495985238267, 6.422844414338984;
  -3.633595343037553, 1.24490925774685, 7.896389711797078;
  -4.05250002241349, 1.16635720117756, 8.703012632866118;
  -4.926658521460015, 1.135148951419792, 10.41469190617855;
  -4.587754315279439, 1.140648167761933, 9.801138650900262;
  -5.125679253044976, -1.227559477868826, 10.86643966585769;
  -13.27712115229737, 0.9030379669556398, 26.84776896584177;
  -4.477751880829866, 1.154600160376284, 9.732351667426274;
  -3.415833978647018, 1.260030098478449, 7.709738989604935;
  -5.211648599327271, -1.2705509655307, 11.28468118791857;
  -4.878319839181072, 1.110697610498338, 10.6463186472086;
  -5.003791535906031, -0.894705315903009, 10.95494769884827;
  -5.143192082795165, 1.080116215292645, 11.24766667328503;
  -3.393219333702272, 1.282778300513269, 7.824287323736581;
  -5.07651944336093, -0.8948015183332945, 11.2454967406615;
  -4.879430934102425, -0.9791323939523978, 10.87283746676493;
  -5.236784484882512, 1.085687360784361, 11.59535775413575;
  -4.842178971634726, -0.9355477404269331, 10.80607832625545;
  -4.945058572032061, -0.8652493673197789, 11.08016764590271;
  -4.960548126085927, 1.108271590584923, 11.11804182296718;
  -4.665768296507913, 1.109478605330245, 10.61627416660418;
  -5.874134024985312, -1.919161411839604, 13.2300751743405;
  -3.542984267914227, 1.291109584796639, 8.395374715139658;
  -5.958514923532638, -1.746304816493526, 13.49094046576188;
  -4.766095770014385, -1.035150139823177, 11.10045684099741;
  -5.592486307983188, -1.736634873981177, 12.86114304321675;
  -4.83210513226476, -0.8273480313805393, 11.2919543098037;
  -5.829901968499827, -1.922575526894593, 13.47788248848699;
  -5.505895644536062, -1.658061637869089, 12.8046724612801;
  -4.356667490097125, 1.144780089460147, 10.40643362472095;
  -3.259485762070928, 1.289760571789822, 8.080490095587939;
  -4.492021707585711, 1.108572045912544, 10.79866378153829;
  -10.34889579749466, 1.030141388639513, 23.63007948904111;
  -12.64723019108661, -0.2604003762957588, 29.16861894400318;
  -5.028504537769193, -1.54518069459639, 12.20180430893407;
  -3.381811945836429, 1.263149302638904, 8.53054507048814;
  -11.72413748274338, -0.4845348814500087, 27.26807649021539;
  -4.94610091552605, -1.769191796615376, 12.15723079807589;
  -10.99928322587322, 0.2267626575287326, 25.97545612568282;
  -3.558716026390077, 1.264627108454169, 9.066496806181684;
  -4.489656381148653, -0.7563322893840937, 11.36268599289281;
  -3.078651434302067, 1.345167217943128, 8.092276066533918;
  -4.48208073210347, -0.8872311567723347, 11.39157596614474;
  -11.43115568986746, -0.4789582892351784, 27.54671949341911;
  -2.81823355984461, 1.352658937589294, 7.526372683095879;
  -3.700925407535594, 1.218258141641003, 9.611666100856233;
  -4.324567906982314, -2.271144665720973, 11.16458735384855;
  -4.315598568054801, -0.9451447244881688, 11.13780849334319;
  -4.250178931409166, -1.403392743635763, 11.03556041722908;
  -3.128291705570571, 1.320873838107668, 8.36712339601374;
  -4.274904981878239, -2.138444939511958, 11.12556647416143;
  -4.290533431537887, -0.8867507843142917, 11.2148426266149;
  -3.120868722097205, 1.292887174872883, 8.422361965246905;
  -4.479484199925249, -1.770243410706708, 11.70137724407015;
  -4.377331361296251, -1.663250504433111, 11.45977613844079;
