m=[-11.6054537904392, -0.7583286327702805, 14.97539246013374;
  -5.131162193318133, 1.166566779797622, 7.477666475306399;
  -11.01381253072668, -0.3182077422515035, 14.91826725420746;
  -7.538245481811578, 1.105513544219038, 10.53202939139963;
  -7.617057831743623, 1.084465199104598, 10.66226506742859;
  -5.263522460142069, 1.153318554268539, 7.685051716187132;
  -4.747325360375007, 1.198886192282717, 7.030288769015548;
  -4.209319737327902, 1.243248536605617, 6.366495992215429;
  -11.58025341184008, -0.1638150410789351, 15.92090151996762;
  -6.761017834745814, 1.131299406792283, 9.839069686086276;
  -10.93497375679362, -0.1393227132555205, 15.3599763629124;
  -5.056038163393473, 1.181840577958768, 7.693916933183817;
  -5.903789476278362, -0.5033399285320952, 9.226692513143556;
  -4.654456428514219, 1.205487347536982, 7.54337236510623;
  -5.172566891401712, 1.134491508876757, 8.392234690822352;
  -4.849746142094637, 1.171636993564643, 7.961145355047928;
  -5.156012897143086, 1.100928226605344, 8.41126959308267;
  -5.464124193177026, 1.115385684766274, 8.886486190369208;
  -4.548229500493561, 1.213379715915004, 7.581241240288819;
  -3.563511380397724, 1.303785094205468, 6.208862613979138;
  -3.791659520924344, 1.261340655258207, 6.577683878209234;
  -3.761373157332924, 1.288344982988004, 6.549601111428587;
  -8.822925749838564, 1.117357388649455, 14.01654882330769;
  -4.908379707328459, 1.095551786203279, 8.252277498401075;
  -4.593225883962796, 1.212248255798203, 7.816951709965218;
  -4.339738103084511, 1.232905877009679, 7.461703772707852;
  -3.561254105358908, 1.326616362672223, 6.479737260958051;
  -5.179121017009632, -1.367262827156034, 9.071112332119787;
  -4.021255459170885, 1.220981309034885, 7.320009589929716;
  -3.725432649664439, 1.283463279462076, 6.907682799587101;
  -3.352015386890499, 1.336742564150728, 6.414418590180326;
  -3.325168298976144, 1.35391229995431, 6.372066441035383;
  -12.96466162391791, 0.9521861062905032, 22.11053799628473;
  -4.260690474928526, -0.9201925447169496, 8.080560998732475;
  -3.488152164003128, 1.294945358312954, 6.797722192891023;
  -12.99274889612138, 0.8775591587343118, 22.71034781527457;
  -3.483544821004731, 1.334009563787683, 6.851255293926626;
  -4.285424526451722, -0.884519897374249, 8.216192912494719;
  -4.276166474789725, -0.8138919031281019, 8.205797811669006;
  -4.241824167684825, -0.9218481309184492, 8.161340929361989;
  -4.2670004852681, -0.9002276368668816, 8.227150329988145;
  -3.577249749977729, 1.294950074325494, 7.072546088411628;
  -11.6042310406994, 0.975798476869274, 20.78954187017979;
  -3.546222335162184, 1.30387857046751, 7.05807250395885;
  -4.326679986105671, -0.9658063283671331, 8.409083077169223;
  -12.89985677723194, 0.7901569507620707, 23.03025390427499;
  -4.385753144286086, -1.072668008707622, 8.575172108615767;
  -4.256648894028182, -1.718991323291787, 8.383559696224905;
  -4.292586939548677, -1.820959043916193, 8.459495350325772;
  -12.67206817425016, 0.8629238118876561, 23.05412439969013;
  -4.522025507283146, -1.413336047736112, 8.934986066700734;
  -3.375441225195879, 1.316033616938297, 6.930478712987317;
  -4.284156854551029, -0.9735176026952845, 8.556272691229033;
  -3.521127853889537, 1.285878136862308, 7.22117790467462;
  -4.120376006296847, -1.111836206627181, 8.303408615093264;
  -16.66068720917243, 0.6121361007756658, 30.44456738795361;
  -4.088526234859158, -1.147411165709339, 8.296762606040668;
  -4.056332577459756, -1.088307171935046, 8.329853719162058;
  -4.476072109410706, -1.424567750558116, 9.117074604680749;
  -15.71021461358445, 1.097938432572736, 29.59745138465108;
  -4.361476351575879, -1.447387543096449, 8.978830696854883;
  -3.616609222575943, 1.267329380886734, 7.60691435851875;
  -17.78301487054994, 0.2182343429608216, 33.57069504937521;
  -17.39834551437439, 1.114572573446657, 32.86150077438578;
  -4.432547732423394, -1.465929365466564, 9.257998508663425;
  -4.386066256689014, -1.408514624343652, 9.193941515554897;
  -4.371493076627013, -1.475762522514121, 9.250001707453947;
  -11.30946070406487, -0.9684001248438283, 22.48525638420743;
  -3.891299171144347, -1.168437067381133, 8.424260512851186;
  -4.289563474330701, -1.494777997672838, 9.195423823714904;
  -11.04406884342975, -1.1840070731381, 22.16410573593387;
  -9.675315895776611, -0.612665900077173, 19.58300349951142;
  -3.745571249754948, -1.883401073537901, 8.370937117405674;
  -9.970806507206993, -1.183272488366459, 20.56504389659202;
  -10.37075586869316, -0.3701595378998767, 22.76911181637125;
  -9.112784740570726, 0.4643365954449476, 20.1383445684421;
  -9.826893197701615, -1.371761484227076, 21.65799362034092;
  -10.53802243628777, -0.3845627834477911, 23.41923124837661;
  -10.527219768474, -0.09967191791248053, 23.44782777221072;
  -10.83352663238435, -0.06064885543478693, 24.12667044945989;
  -10.71175762325441, -0.7236240119799493, 23.92577262568789;
  -9.529079912984399, -0.7982662072380568, 21.59387824226144;
  -9.401398518229106, -1.090967131760775, 21.38228677685439;
  -9.620659478569218, -0.4513401007602673, 21.91388034973861;
  -9.765605337677915, -1.390754083794253, 22.27401267380603;
  -9.200690381541484, -1.168710690440046, 21.30534746350057;
  -9.793214728356682, -1.330835011140742, 22.84686740342563;
  -10.24739712459768, 0.0313394145233921, 23.89585873760971;
  -9.802370557869411, -0.4573856462612563, 23.14524014560968;
  -10.1667580526157, -0.02869151526185112, 24.08904483073639;
  -9.018815402529299, -0.8158775865022762, 21.65800605172113;
  -9.737122193737578, -0.0006319515156937139, 23.99019741692021;
  -9.684519381768617, -0.08835544122307813, 23.95812500778446;
  -12.01828209636877, 0.6857516979779081, 29.65390081072993;
  -11.46212402106956, 0.2720607714276669, 29.21163004243428;
  -7.924175388228591, -0.4619513622431122, 20.66385609924556;
  -11.48285486832769, 0.7906677255998766, 29.56233684255084;
  -10.89187268150577, 0.6370714907502387, 29.31470692465775;
  -9.761161166232215, -0.2488492346451582, 27.73465850303368;
  -7.712673369561453, -1.866230174720779, 22.66108387958769;
  -7.195221994940273, -1.493527982838202, 21.32721754202621;
  -6.857488656308325, -1.397986450700018, 20.70344923545624;
  -6.889873164608913, 0.01884794103026348, 20.85159613431873;
  -6.851139185547681, -0.3836150960307667, 20.77049595406573;
  -7.009621900845695, -0.7369349441471691, 21.27338961254392;
  -5.741693483959295, -0.007666733323450583, 18.11369483103998;
  -7.669194966356252, -4.570359709401347, 23.99119599332948;
  -6.72862319650732, -0.388871551151642, 21.11900979282783;
  -6.482940739756489, -0.7719558529459716, 20.40777424051206;
  -6.992626705572397, -1.762660598770097, 22.03994945242433;
  -6.683749094878744, -0.2872329422027916, 21.32727728989655;
  -7.513740775648067, -4.623176589389801, 23.94118047470107;
  -6.299369687629557, -1.233350404317039, 20.27132492195909;
  -6.543123599977587, -0.4366914528563174, 21.0354978906765;
  -7.384130923633567, 0.813897327504145, 23.61204060200122;
  -6.016881754132313, -0.5717691408069985, 19.63193564556234;
  -6.127633340428762, -1.25976485863967, 20.01923262365588;
  -6.268518846775957, -0.7803096508135627, 20.47337227946739;
  -6.475643388819123, -2.034414466745866, 21.19015878897154;
  -6.288969688052225, -1.198515729694089, 20.60727499030108;
  -6.372409864478148, -0.3514792642828443, 20.85519126863701;
  -6.737589966189338, -1.902749182195543, 22.38752681004392;
  -6.624936366815809, -2.144510331269291, 22.18987540821188;
  -6.204783580396384, -4.440401314310916, 20.87140090719779;
  -6.720829654669495, -2.173268421568591, 22.93817421845617;
  -6.464889394310981, -2.211147402824716, 22.20322272277803;
  -6.801619094403566, -4.044417182287312, 23.5869137474712;
  -6.843286220028693, -4.731331625179974, 23.8657019667002;
  -6.982043054644711, -5.05075035451064, 24.40707013956724;
  -6.726515621153337, -5.010671524274825, 23.62292242712372;
  -6.782869496237839, -4.17230247616675, 23.91476471797465;
