m=[-4.779298901070863, 1.179947564570712, 6.777006295783858;
  -9.302234541550901, 1.072441190299412, 12.65655347983335;
  -5.876629015899021, 1.102665499823136, 8.400187613910925;
  -19.13986958244666, -1.914539617039769, 25.30373658370668;
  -5.661250353609471, 1.06189765788941, 8.310362933952963;
  -12.20118603080668, 2.03853016150736, 16.69707288781967;
  -9.629326557309332, 1.130018028154243, 13.61241112590279;
  -4.352588572113413, 1.276903697822421, 6.777816428506217;
  -13.08677583090305, 0.133612626829643, 18.46199593698407;
  -12.13102973925363, 0.07921114855733799, 17.21348909407736;
  -4.008311790975997, 1.257081022048531, 6.428280072655135;
  -5.416308681095654, 1.123153832498987, 8.369194319512461;
  -12.43525049438026, 0.2658184882640715, 17.99984617226793;
  -4.499428116322478, 1.190517435867788, 7.234263406270585;
  -4.621787421934859, 1.167624348470756, 7.441501274524642;
  -12.36254641282706, 0.2960123766050999, 18.26945704430166;
  -10.96263697513537, 0.6426583487212051, 16.37995168092275;
  -7.583875809747677, 1.134932649991253, 11.8309863738218;
  -5.566681580315219, 1.08105030898078, 9.020352107028828;
  -3.929431886740465, 1.236166953999664, 6.694587943096352;
  -10.72730293844546, 0.4340085922287211, 16.57756747885335;
  -3.596975696350632, 1.300449728580666, 6.219167750790968;
  -11.28968908125428, 0.2085931127466856, 17.55661947351191;
  -4.704958048256474, 1.168597955951653, 7.926175633754859;
  -4.983243290953436, 1.129932481902352, 8.355943589170813;
  -5.261411667078259, 1.149228948492759, 8.82331668000352;
  -4.448970015541854, 1.175136704880252, 7.727907809246509;
  -3.859942145706353, 1.288515462889043, 6.8990880008494;
  -3.94737336283802, 1.231040684074403, 7.061816597838675;
  -4.9714537976868, 1.131455783797172, 8.658310678522062;
  -6.055429733200432, 1.072039067700826, 10.3526913985311;
  -4.641785012800028, 1.130833870792032, 8.259357386606489;
  -5.131764350225457, 1.105297920837846, 9.036285766239793;
  -3.780764449332817, 1.245749641911955, 6.948876582498778;
  -4.157994900047848, 1.202796265314759, 7.558069460747278;
  -6.690320365818871, 1.112041409706163, 11.613011312472;
  -5.192638747026845, 1.128409182526663, 9.282641655317137;
  -5.388007740497425, 1.118067729933111, 9.628098996698617;
  -5.209485479083273, -0.9480185768403522, 9.455663557420737;
  -5.461838347077475, 1.078125321081625, 9.916768377196942;
  -5.004164023410243, -0.9724975541732499, 9.23101321403572;
  -4.113435958213294, 1.178386197037861, 7.80811793432763;
  -5.471948896037572, 1.078402074416938, 10.09378112817489;
  -4.149393704727817, 1.209078104909627, 7.99459470516368;
  -5.019570773640723, -0.3477564056222195, 9.583756091473603;
  -5.081928464876992, -0.447621028381573, 9.747325333051752;
  -3.265297170969488, 1.3207303360395, 6.691839572637982;
  -5.091676942869589, -1.26354500107604, 9.909607282022005;
  -5.32802675520683, 1.040327977817202, 10.56545615451373;
  -5.248426625059809, 1.09282510031971, 10.43612336735619;
  -3.615209708327792, 1.273879446216084, 7.510351080124797;
  -6.309025634620901, -2.045610242005883, 12.39933570511657;
  -3.543693675748637, 1.288193324807869, 7.389411345580661;
  -3.506177295852745, 1.374795556767534, 7.332500922168429;
  -5.049646665131826, -1.011904353184219, 10.18678461069273;
  -5.004735069624307, -0.9721796300775228, 10.1071581153412;
  -13.81194542109169, 0.9355100153658571, 26.27119308406976;
  -5.074281703120517, 1.119458190198713, 10.32681542805728;
  -4.582008804792777, 1.168623456649024, 9.442550198416749;
  -4.767394358430853, 1.130355905467078, 9.810206973966956;
  -3.389194306521336, 1.298243609095349, 7.274122019528726;
  -3.564054440942164, 1.244773837357215, 7.652500767109445;
  -3.317954178509835, 1.30996775543078, 7.201142824177935;
  -4.387602932211856, 1.142227342306454, 9.454229435979373;
  -4.91649069843431, -0.9087873605692847, 10.49174173091786;
  -3.875741756448594, 1.243766080176842, 8.493518302104434;
  -5.655455024401915, -1.761227269195528, 11.95277242941436;
  -3.459827879291192, 1.287404496958234, 7.695104828470134;
  -5.72974265039713, -1.739903437917815, 12.24679459107701;
  -4.609270381719065, 1.127486584712588, 10.03411678912043;
  -2.830672218651963, 1.357531927116957, 6.552383320336754;
  -5.710802787436887, -1.648551195266492, 12.25614734296088;
  -5.126351363257414, -1.344635860446276, 11.16633981658853;
  -3.551774740910451, 1.259481600645779, 8.042211511611841;
  -3.148196754739041, 1.374895960217635, 7.248765856344796;
  -5.300623388812252, -1.863779950835119, 11.64453889755477;
  -3.309707343038586, 1.264149812974362, 7.666291745167176;
  -5.394268117019101, -1.790308996836116, 11.92642770168819;
  -15.00348025963949, -0.1931460778441033, 31.47804263950867;
  -4.039021098329846, 1.19931123951041, 9.235214184133616;
  -4.173216780753866, 1.191481496229131, 9.571671434751357;
  -3.148724227732499, 1.299406494070033, 7.479899054679121;
  -3.776302983050507, 1.240766028698183, 8.776931833740738;
  -3.51321004450454, 1.262287333004382, 8.269882802056186;
  -4.557583956399567, -0.7725036546965114, 10.48808722898343;
  -3.273288329687738, 1.304187912169467, 7.823677356778866;
  -4.712611121871683, 1.132731450025611, 10.85850393552646;
  -4.507681763795511, -2.229720418908029, 10.45137843039022;
  -3.044993977773402, 1.354048905123805, 7.379476590021061;
  -15.93363220100869, 0.9124784747610699, 34.45655789359671;
  -3.578160812395087, 1.28631392408239, 8.525367042656672;
  -4.327110126895851, -2.169030066012073, 10.21434187784954;
  -3.068735915302156, 1.334572321271345, 7.526406688052964;
  -4.331634814715445, -0.8974524833537967, 10.28036903353985;
  -4.232708966346592, -0.9290726644925017, 10.09185352627612;
  -11.21132110083315, 0.3004176870841444, 25.08523123122574;
  -4.527979321458207, -1.963900473351269, 10.76506351920602;
  -3.376342454892357, 1.260915065831907, 8.331702246086753;
  -3.818880216572535, 1.20548638354436, 9.313815763513903;
  -4.516127893831825, -1.441889644294082, 10.87287260386207;
  -4.285049433711903, -1.758171082286356, 10.3753282520269;
  -4.331408200561017, -1.111134700973862, 10.49279630761443;
  -4.44210339815559, -1.506044993347304, 10.77244844283001;
  -3.238820597836089, 1.303163364342455, 8.153458759826723;
  -2.827998830571792, 1.39595021383449, 7.26162917084736;
  -4.225184333785408, -1.814288307176024, 10.40827872026848;
  -4.316865786946905, -1.762887959102732, 10.61817682365911;
  -4.085036251618575, -2.20930473761796, 10.11520087540631;
  -4.186838560198263, -1.839307682366403, 10.41401231174906;
  -4.180730370176003, -1.187035443968695, 10.42112459620849;
  -4.148207813136084, -1.695894805138918, 10.35414422610992;
  -3.338004162656144, 1.264418548882268, 8.527765005648814;
  -4.190349817222778, -1.677630075111361, 10.47670358922644;
  -3.481536409764919, 1.248904835263674, 8.879368143926447;
  -4.361532922290253, -0.7763530366529072, 10.8827055900173;
  -3.478488290327817, 1.260420778946674, 8.919029735358802;
  -4.132153471002694, -1.757417159185776, 10.44075022608671;
  -3.999463772128499, -1.130756132162983, 10.16673038036287;
  -3.261858879499532, 1.323627788122715, 8.467672097866894;
  -4.082400354388193, -1.886991214534057, 10.38484387350674;
  -4.139849690154853, -1.053049321517069, 10.51444912698144;
  -3.433115919438885, 1.095982257789854, 8.896865492668436;
  -3.360143957977994, 1.290910148287355, 8.74452221726863;
  -4.004118222132402, -1.070649310781128, 10.26948485656536;
  -2.616082805282531, 1.428068504554612, 7.073693782367648;
  -4.070751178274565, -1.610058657769875, 10.52105374823481;
  -4.431300558318604, -1.425483997836869, 11.37636930004207;
  -3.893193657389167, -1.115779361508499, 10.13117876794567;
  -3.86780474149064, -1.018545992470455, 10.12587258824542;
  -2.82838021561328, 1.382291943163487, 7.657260949182829;
  -3.33097543482447, 1.282610841363382, 8.846650667060969;
  -3.568246295120342, 1.239979350120633, 9.413684878249407;
