m=[-11.57184474057948, 1.051496669517089, 15.03799034881284;
  -5.577286870473592, 1.138106462964448, 7.809478992304904;
  -13.39247617498561, -0.9921438519448171, 17.60185182078065;
  -13.76188973651673, -0.6810042192400625, 18.47603870443824;
  -11.06121661083152, 0.5280850666438123, 15.7016096415331;
  -6.294718369975708, 1.097915907512711, 9.554027063143513;
  -3.82685490659782, 1.299448487750259, 6.447032683143939;
  -8.789956286581674, 1.082108957587383, 13.90322534694081;
  -5.203220435376504, 1.120491031492832, 8.928251593113652;
  -5.974899216930823, 1.065303548703886, 10.24852974188577;
  -11.78344345705603, -0.4916559051746388, 19.50333550512359;
  -8.323315401786429, 1.034969095939397, 14.23738959462323;
  -11.70875775985657, 0.1225505966104452, 19.64281388079077;
  -11.07489098060904, -0.5021035124337879, 18.76783985826913;
  -3.301805803625054, 1.326113781041885, 6.386192887510233;
  -11.39747224141155, -0.2303646099480825, 19.52492481677107;
  -11.34852440516803, -0.5387279911317794, 19.45901634263353;
  -12.06624241518938, 0.2314160404089755, 20.72568612912535;
  -11.18302203300829, -0.177450100755018, 19.42563737336366;
  -11.33318808242743, 0.5384831182991396, 19.6807216331021;
  -5.512724693172904, 1.072433668198896, 10.10878965434073;
  -4.441143957175068, 1.165626809059531, 8.35461028132139;
  -11.61318825562086, -0.6186427157104637, 20.28568183808568;
  -11.08078834706961, 0.1028106015990739, 19.43769752020692;
  -4.117419891756607, 1.194256636337626, 7.910233246092767;
  -9.430606609215825, 1.019325059591131, 16.79845952428158;
  -7.127686660504198, 1.072161441448376, 12.96130482980598;
  -4.007343311547561, 1.246375808326368, 7.756338094981147;
  -4.382687198531743, 1.153192849631878, 8.398254863217542;
  -4.38524355842461, 1.171386822922683, 8.405796031852489;
  -7.860618836567195, 1.076820299217506, 14.25684713952098;
  -10.93837153930551, -0.49330373629277, 19.46547573449433;
  -11.07800534106952, -1.155303821588366, 19.78988158715164;
  -7.461873451869789, 1.071747795734932, 13.68294566447024;
  -11.56504684315046, -1.316041488540081, 20.79193236730861;
  -11.19872088750081, -0.6964691551085853, 20.17875538191692;
  -4.289762424822416, 1.198843456107441, 8.377138605027463;
  -3.51311912197419, 1.282766528303802, 7.123554534634238;
  -6.966828679797064, 1.051392509830848, 13.12817647948934;
  -10.88438291777911, 0.4488228390186937, 19.94471504160911;
  -4.356170484477821, 1.165610736820608, 8.60632905844918;
  -7.850327871947588, -1.612216403228155, 14.70994072048682;
  -4.300965287553372, 1.202053680773282, 8.550602582084537;
  -5.366713202065263, 1.070136437535867, 10.50515057478785;
  -3.326964312938252, 1.354687901301208, 7.025754306058992;
  -5.333549470787457, 1.073640499691046, 10.66195342480318;
  -3.322660273023254, 1.266938504268859, 7.052208152259619;
  -3.219852961496549, 1.340652897277097, 6.967909258563033;
  -3.857626949754961, 1.230345896878753, 8.17018110126261;
  -5.156543117246282, 1.122944352589166, 10.5767023738708;
  -5.758698962509665, 1.006012092030826, 11.90660542345498;
  -5.063664573826597, 1.141849922352731, 10.70166944235386;
  -5.130087773616085, 0.9631617172255896, 10.87933414496268;
  -5.128359091034366, 1.09957076286752, 10.88945219819873;
  -3.055568987739371, 1.347834289521171, 6.971988864433477;
  -4.478949823041561, 1.123923140097937, 9.9889345610944;
  -3.28045479625531, 1.30293900975883, 7.753545081125676;
  -4.389603957355245, 1.305859149328424, 10.0387945011621;
  -4.665719901567227, 1.147955084110947, 10.62534279569842;
  -8.421918358755629, 1.052126256538527, 18.37239550389831;
  -5.309687837554955, 1.065043723019708, 11.99360139751626;
  -5.007007489444267, 1.076153287230258, 11.44177612740347;
  -3.714710088924049, 1.274813575861148, 8.786461140289866;
  -3.468022922659606, 1.287329683261149, 8.2776739387352;
  -13.76661660277455, 1.023817261306385, 30.19478698688022;
  -4.554669237143692, 1.156014424330241, 10.69089884295915;
  -3.304096835230821, 1.326643362368368, 8.088593097206545;
  -12.56226823586479, 1.191051270952225, 27.86149901296469;
  -3.725705576998406, 1.260958979778208, 9.000551643154701;
  -5.21693761676079, -0.6507227385893484, 12.18426256916622;
  -3.92603456846491, 1.233631393849611, 9.477604779383047;
  -3.95093827140645, 1.207232654280914, 9.592464381902516;
  -3.525096371728773, 1.291865702745342, 8.675835102163768;
  -4.053474864337748, 1.193165516156085, 9.844394622844069;
  -3.880818200105324, 1.211977621940071, 9.592831348101194;
  -4.020653717416796, 1.185741321376837, 9.93263857565961;
  -4.344933413961923, 1.168903401109518, 10.67083942369204;
  -3.778071518976744, 1.242839129103616, 9.444551913138186;
  -3.051690037383787, 1.385760619088932, 7.842488375386476;
  -4.127207900759694, 1.174798494215132, 10.24838888703773;
  -3.291042470886811, 1.312347156368196, 8.399644406743247;
  -5.212926574792083, 1.012753720118587, 12.72334021307885;
  -3.13695434134796, 1.358463922078764, 8.075109741119722;
  -3.203915749822897, 1.319875422693815, 8.232534811195821;
  -4.952304359021118, -1.01645768065435, 12.16273908596051;
  -3.428367716643083, 1.282402527472732, 8.757321001590771;
  -4.233961924228129, 1.171272654966296, 10.59202027463723;
  -4.97836958471974, 1.093183645132423, 12.2777803933502;
  -4.345062629924445, 1.15086648329192, 10.85567990729525;
  -3.589482156112136, 1.267520815539159, 9.157616605474335;
  -3.92330678406224, 1.183434738853282, 9.952450582660294;
  -5.166423527317456, -0.5811435382929207, 12.76546619965114;
  -4.193402793285773, 1.171616297017535, 10.6852567194759;
  -3.611561361013028, 1.273774804227152, 9.347938902926064;
  -14.26546452598625, 0.8749867086795182, 33.9029853917104;
  -4.596235869337508, -1.32705354142393, 11.62628526219659;
  -3.085344263418902, 1.349078047467716, 8.188551826514484;
  -5.066328077573787, 1.057206893020443, 12.80207023074553;
  -4.974698215387132, -2.880360166318678, 12.63525750482124;
  -4.393422221281271, 1.120948516322585, 11.33949268300417;
  -3.960397646072523, 1.185378863784036, 10.33925881768854;
  -3.149050676855374, 1.328533932626183, 8.438666582559439;
  -4.069448871458827, 1.179491159159571, 10.62126370081184;
  -3.151153920485091, 1.28991893454136, 8.461916462841279;
  -5.059642541525967, -2.357548509335587, 12.95001510728801;
  -5.081744982455958, -2.834143691671432, 12.98920325154839;
  -3.837183347671178, 1.217517028846552, 10.10567946669267;
  -2.896326248183887, 1.38104440579986, 7.884114085031514;
  -3.248495481548304, 1.297003556468034, 8.716050065071904;
  -5.04099318040288, -0.9086112658049648, 12.98144563526611;
  -4.937767984207099, -2.202189228661221, 12.74312151488867;
  -5.268238237333491, -1.167014420717781, 13.55193138685504;
  -14.1720662715775, 0.8942933921756338, 34.80299522908043;
  -3.783469519708198, 1.216326962783157, 10.06754227224824;
  -5.164017032825566, -2.249473626037077, 13.35778241227042;
  -9.639465904562892, 0.9403706549157357, 24.08625529792983;
  -4.920516527734574, -0.9124276355868988, 12.83084456183454;
  -3.356936165027797, 1.2827686574287, 9.132658854096958;
  -5.159610717135941, -2.710095071501501, 13.46577054807769;
  -5.603705024860116, -2.825160762389708, 14.55293808220376;
  -2.901113562265222, 1.360812836709506, 8.053338728417257;
  -3.927801069114222, 1.184957274138933, 10.53614949117994;
  -3.127596575892102, 1.329625572653573, 8.610196664720212;
  -4.909736292886497, -1.106708513313665, 12.95635288939937;
  -4.04937997131214, 1.160757726231022, 10.8790030798289;
  -5.212252795396728, -2.583717352678815, 13.67984624942868;
  -4.702072191895769, -0.9789143313462798, 12.53274518753752;
  -5.107429161145278, -2.502607979715112, 13.55525168488123;
  -4.934278322216658, -0.8971046320770357, 13.14478349961725;
  -3.51178572958395, 1.26136556944019, 9.714761545636289;
  -5.063340883746814, -2.867411533537735, 13.59625811342156;
  -4.826839433377966, -0.9482039432955957, 13.05122689188877;
  -4.651417001748093, 1.111018975410425, 12.6377700593783;
