m=[-6.11708606336747, -0.3837631309261761, 8.622110529207953;
  -5.187291293654104, 0.3126881489042402, 7.543896772762314;
  -5.851712577436365, -0.03244334397921147, 8.491692359386795;
  -5.747956112297161, 0.1062016897689618, 8.938658760905094;
  -2.529924632437312, 0.5657474997051029, 4.681639438780328;
  -2.123595913312772, -0.6039089517534345, 4.167577048819699;
  -5.471660856181378, 0.03745670293257524, 9.547780457244887;
  -2.84302664036277, -0.8367171462244537, 5.939130538476829;
  -2.78578706188877, -0.8459368565098284, 5.954362002465688;
  -2.527180037710703, -0.6628763156707462, 5.504763345141723;
  -1.789630224966743, 0.64335461652785, 4.263993525841864;
  -1.721423147723152, 0.6175129137516111, 4.390346117662069;
  -5.97759525114709, -0.5875942130173433, 13.2238060025944;
  -5.153157074769007, 0.09078996860478343, 11.65669155743614;
  -1.906514182234776, -0.5464020966240302, 4.961283127332879;
  -1.866988163050001, -0.531001008083056, 4.946193234355618;
  -1.823463255879442, -0.5575589837542501, 5.025425900275888;
  -6.850908202043374, 0.436777698968582, 18.0327049863276;
  -6.349076987400878, 0.1894623580417049, 17.30752702104875;
  -6.571466099922199, 0.4913431365582033, 18.04175275879919;
  -6.31866387097339, 0.4129461115182622, 18.1391406705054;
  -3.632024866668934, -0.722377534411221, 12.06974972354795;
  -3.574112677822178, 0.0346871603590754, 11.89723714421809;
  -3.542931512786471, -0.1754009533074268, 11.82666861850293;
  -3.483783016929739, -0.3904580885785442, 12.06434899024822;
  -3.335969714725965, -0.6162440238420428, 12.03811489286767;
  -3.624270216030874, -1.158317665646821, 13.28451420863979;
  -3.615698806857591, -1.152379823678503, 13.49010145698783;
  -3.555896067558456, -1.153921802190226, 13.84548637020966;
  -3.309072895267001, -1.139151332550346, 13.28090392058706;
  -3.17626781633094, -1.192256028657552, 12.79541578407023;
  -6.043224686894523, 0.2178415748742535, 23.60592500123991;
  -3.168906908304809, -1.300657345469648, 12.883860096611;
  -5.470640962655047, -0.5296693343075932, 21.56592873684899;
  -3.203234324361501, -1.133311163640447, 13.19648538495903;
  -3.112592810473999, -1.314481903470066, 12.98104186708682;
  -5.522539729134195, -2.749452684459424, 22.33574955102001;
  -5.728838989664524, -3.119917805053938, 23.11506888266301;
  -6.205519912206417, -0.31731941210128, 25.29671180190367;
  -6.1659061542143, -0.7400165003240836, 25.61433613278232;
  -6.084100787053266, -3.907247096424529, 25.4466001454582;
  -6.165698011466334, -3.280744901980422, 25.95334186334389;
  -6.59743499607448, -1.940531056523295, 27.73932923209549;
  -5.695505282136846, -5.125659936935413, 24.36471849706177;
  -4.920485259314312, -2.012461674257932, 21.2045995954193;
  -6.040535542365976, -0.02985553193083625, 25.74963682525587;
  -6.11493941949267, -0.8578147886985751, 26.16267770339872;
  -6.139163483249807, -4.084218084425779, 26.51232726787792;
  -6.296576811536902, -1.898762198777088, 27.20836747671629;
  -6.320405795727271, -2.661390296965555, 27.811795041537;
  -6.278301278845913, -1.94371163830563, 27.65142450408562;
  -6.396536888648479, -4.530192861900328, 28.58610788605207;
  -6.190070162448101, -4.115438031099119, 27.82219611346515;
  -6.310808172590032, -3.616920174354421, 28.37467087113709;
  -6.205042665929433, -2.018748099787856, 27.91117879305331;
  -6.055456085382278, 0.2883733707048807, 27.50159997219051;
  -6.156521475313139, -1.958360501673636, 28.26678677610208;
  -6.01439488666214, -2.045418775105716, 27.66990823146686;
  -6.928038239778151, -1.828757813716859, 31.94772427188171;
  -9.696859464623705, -7.878783323313873, 45.1883998420873;
  -5.578130135110896, 0.02227180895487319, 27.23757939719993;
  -7.211668722750908, -2.459158680403406, 35.43602403409638;
  -10.89246457386984, -11.10255923100451, 53.45971299324403;
  -5.496392836440311, 0.2197027202196377, 27.75591681520885;
  -10.71321592164648, -11.00973170305435, 54.14017455792023;
  -10.45679595035035, -9.415866385740447, 53.69415290553013;
  -5.382624845790185, -0.6330203846864109, 28.77639854980451;
  -11.85046586867223, -10.84007399962085, 64.63650347825067;
  -8.962227755900033, -8.759319741839446, 49.48921809300963;
  -9.827415766414525, -11.01783909865541, 54.49609448169903;
  -10.42808812503206, -11.51773874886704, 59.03803743253239;
  -4.48744541913384, 0.4931836613670281, 25.73020548761594;
  -11.32368138258337, -9.377681499931855, 64.22094197048304;
  -11.74452702615637, -10.29547986759871, 66.45330530100912;
  -11.72860725867658, -9.583489197723296, 68.18016217709462;
  -9.23311845207958, -12.17867147234014, 54.70187097059216;
  -10.55152320188743, -8.544167954766101, 62.31009738688518;
  -10.92471665311157, -9.787751769268427, 65.31691272183412;
  -9.578145643598722, -10.9393976115515, 57.31244117452879;
  -9.993090391038665, -10.7922620484144, 60.02380146840483;
  -9.005234438259734, -11.72268853923583, 57.25824681383566;
  -5.010413052230208, -0.6209398455317607, 32.28718876366246;
  -4.778120108326781, -0.810790976770736, 31.00844397807762;
  -8.72734344408167, -12.75250312520227, 56.50664484193008;
  -8.376674835207238, -9.581488326098169, 53.97973352365865;
  -8.632482625617222, -11.50288041018371, 56.72757920702722;
  -3.93716583209966, -0.9353873702769228, 26.54191600386011;
  -8.336943004656163, -10.40375740978927, 55.49076278374641;
  -8.919919852298376, -9.396988269441966, 60.73542870556467;
  -6.557512192545989, -8.914197143828869, 45.32235922741619;
  -1.312903611130159, 0.5664875424857331, 9.990904915866901;
  -8.635444743602447, -11.07573230430423, 61.50007623152055;
  -8.649026297187549, -9.552726534177124, 61.56296299268115;
  -8.641802951288049, -9.344161557243567, 61.98646843476655;
  -7.107612260555825, -11.33141871055605, 51.96317760988936;
  -7.021308117796385, -11.73564808539077, 51.36784773557899;
  -7.049788244410478, -11.68398657754577, 52.57092919013151;
  -8.934913129124441, -9.770293141088192, 68.45650893829769;
  -7.164662225364626, -10.65953052922947, 55.90640563796392;
  -1.203988020649335, 0.6090231484334892, 10.1402259830826;
  -6.055976809699031, -10.2370073637055, 48.25992110873528;
  -7.380708024498351, -9.184218375741398, 60.52620481500278;
  -5.989465727425814, -11.13484541675121, 50.26883173268111;
  -6.266380465907204, -12.1736261672415, 52.82293419185942;
  -1.055422130621319, 0.6872786913216519, 9.692544110615101;
  -6.114600058800409, -12.35542205234898, 53.75739752572553;
  -6.012356721688936, -11.55334979429636, 54.08700902614335;
  -5.766942459242777, -10.74658750907799, 52.25734127467078;
  -5.602579706164134, -10.42372040215762, 52.51590565841225;
  -1.022966232346927, 0.6519647863788224, 10.20134511991772;
  -6.195156046214993, -11.95406780702199, 58.8667451823286;
  -6.852335555324504, -8.623198352078244, 65.1730864013613;
  -0.9482354390085339, 0.7086149569021011, 9.734650119304572;
  -4.927027762028509, -8.650624070194725, 47.92861670302477;
  -5.857746529299764, -10.07963739906151, 58.93659221299504;
  -0.9402527174701222, 0.6841564087260035, 10.48384045386705;
  -0.8221035857327633, 0.7002507214258895, 9.404659164502213;
  -0.05493699593056532, -4.356904187735075, 27.75300204341719;
  0.3483541174972093, -1.792053039477759, 18.93031139120138;
  1.022410675295377, -2.309919442097665, 19.31220947869359;
  0.9721285782310061, -1.674976216125408, 18.36947723137415;
  0.3657187848105125, 0.7573878419226408, 7.189815976353787;
  0.4548153178389957, 0.7561027805661018, 6.963602087612355;
  1.984428657099856, -2.08153593064964, 20.8945307316148;
  2.045459103651035, -1.720560508282199, 18.88596427167644;
  2.032303811974151, -1.92984634685901, 18.52490707070998;
  2.093164886024024, -1.681457425381959, 18.41634496451304;
  1.048373334012698, 0.7371318733035169, 8.125716760190631;
  1.02941477047412, 0.6464951401627078, 7.900267050787706;
  1.213694055168368, 0.2834568751913035, 8.234678043040834;
  0.995844917208946, 0.4737950910447542, 6.81420050886532;
