m=[-15.80694470813257, 1.824143290038887, 22.98811652738092;
  -17.74821999367769, 1.23114731112868, 26.07537106717138;
  -13.26055157719325, 1.658740445656813, 21.33477855570655;
  -11.40480103622372, 3.743856941486665, 20.1503167799892;
  -12.26262495900824, 1.954006680506235, 21.70074089998078;
  -12.23864938422085, 1.780410796260644, 22.04464720173131;
  -12.15894735396894, 1.886360848508863, 22.06436004107992;
  -11.84729295290701, 1.829963804795694, 21.98980838722179;
  -11.68858752128888, 1.506081885824319, 21.99133258435051;
  -11.79066633193449, 1.765967317074527, 22.23063478010559;
  -11.76562065222501, 1.844163960382024, 22.74146555262285;
  -12.33547408539897, 0.2974705053065824, 24.04672291425882;
  -12.63340768778968, 1.419480653038731, 24.73593441351446;
  -12.43651136833974, 0.9122174298828836, 24.54920898004047;
  -11.53312022286746, 2.050194993416056, 22.90782515463362;
  -22.35007905115786, -4.271365158160093, 43.71591741474482;
  -22.22030081763246, -1.900608933703688, 43.80399758721952;
  -11.23628847412537, 1.404027417518512, 23.05758470148009;
  -11.15596968782209, 1.573954422767544, 23.14389225765296;
  -10.98357862685167, 1.441200272872196, 23.00199884776012;
  -11.1045766547541, 2.081654705349614, 23.31978640198416;
  -10.99161410866233, 2.153289743024752, 23.13048297858759;
  -10.63617055245309, 3.686681688590503, 22.49652472187329;
  -11.49986901705756, 3.578548488585629, 24.63401042313345;
  -11.5919105143628, 3.509480047787031, 24.82557927451535;
  -10.92220824705166, 1.663666575442987, 23.51203127452433;
  -10.88451442942507, 3.58024963979703, 23.87019619159912;
  -11.21907959859543, 3.243144566240748, 24.76432517038207;
  -17.3994192845234, -8.179246026470917, 38.24895298235604;
  -11.36274879604168, 3.747796671424191, 25.50346220708994;
  -15.97849656638594, -8.066217537718471, 36.31541860340247;
  -9.1331899376097, -3.505572005056618, 21.62014535112606;
  -9.084546809781013, -3.626097864321915, 21.58817576713747;
  -9.047101672575062, -3.411987147702722, 21.67657803508413;
  -8.866797154382216, -3.390985297350647, 21.77458813112945;
  -8.736811041175356, -3.3607897439921, 21.78751043836138;
  -6.727125824018557, 3.950646067220967, 17.32160274162481;
  -8.995686798361044, 2.841743545885015, 22.77374433400808;
  -8.660859154673412, -3.854441397987673, 22.02302242610139;
  -8.816373450548891, 3.468179585473545, 22.39646887013273;
  -8.993033747548809, 3.227326863134497, 22.83712123910469;
  -8.606967622462461, -2.14967588208047, 22.00844032357407;
  -8.618553889139182, -2.358431765218698, 22.04039495955129;
  -8.662621529430098, -3.335655689102814, 22.27133768703069;
  -8.613537876061775, 3.504374761867134, 22.25568633530611;
  -8.637583222823894, -2.832911903100159, 22.38881041577762;
  -8.484858782011965, -3.847665733647719, 22.25550474405674;
  -8.35989350076637, -3.369036413500623, 22.01507215670884;
  -8.466834221316143, -2.178174592382655, 22.38672806647971;
  -8.530552762925597, -1.922357215227636, 22.62311150824471;
  -6.688329358580782, 1.062483330221112, 17.92263251268475;
  -8.718685248840322, 2.793356784749289, 23.45730503477678;
  -6.688888967375229, 3.870766828738023, 18.48201453551713;
  -8.163731477173041, -3.642590148131617, 22.55735152291953;
  -8.072742392396568, -3.452198318657365, 23.15029053115621;
  -8.866170731453353, 3.354362642739423, 25.51424209028994;
  -7.704319394234474, -3.076430879787091, 22.59372727414705;
  -7.704331833989796, -3.640908231601351, 22.62717095546473;
  -5.947942100140329, 3.83315584600266, 18.14281902481706;
  -5.576353012656789, 3.919724891334584, 17.82578635249712;
  -5.371850258282448, 3.865633968650686, 19.37699098086771;
  -5.16515085813095, 3.847385779573694, 19.41679461623358;
  -5.02018421574031, 3.86127724712687, 19.67191828140258;
  -4.841970329454206, 3.863032965367242, 19.87805043565653;
  -4.819001807222501, 3.742520607182176, 20.26185682954125;
  -4.63158192899804, 3.830320071032424, 19.91195371398081;
  -4.594097992640854, 3.797373392140566, 20.35983281449294;
  -3.748474993515556, 3.850267617343605, 17.03314961159207;
  -3.656880339930592, 3.931337139244264, 17.58125090179312;
  -4.303869189263438, 3.839893905852712, 20.387024654763;
  -4.171614401269125, 3.861200248613743, 20.49021160682149;
  -3.422440869444274, 3.971511277676282, 17.5963224373804;
  -5.544966868401281, 3.466843475076153, 27.57631275023662;
  -3.849058820029633, 3.873241155188715, 20.11179490516751;
  -3.420718046987734, 3.921757997207348, 19.74320873548516;
  -3.440165699624866, 3.886711644639503, 19.96485073264365;
  -3.250852884985577, 3.884894021712928, 19.35548773314374;
  -3.103262813482411, 3.912620686148456, 19.30007625583909;
  -2.914975620758917, 3.911709898247595, 18.34020875251791;
  -4.404500783887386, -2.39532326847668, 26.99769152347206;
  -3.258819403166633, 4.275081110758856, 20.50886907303821;
  -4.358367029992095, -2.696106688574144, 27.08978418538761;
  -4.390218175104526, -2.927597676497133, 27.33605690593624;
  -4.12980810088919, -1.674099058711209, 26.25673117573182;
  -4.273207363033658, -2.586776748637009, 27.43651088290473;
  -4.233720306313971, -4.267980629174534, 27.4018299519928;
  -4.23743201769307, -2.705838965442696, 27.48706665912213;
  -4.183533002692582, -2.279786646533578, 27.19116431510511;
  -4.14597991134929, -5.573684266460124, 27.0162331689049;
  -4.304913906914148, -3.012219215274837, 28.0131704972886;
  -3.716620538143628, 0.5636688071154167, 24.51027564627303;
  -2.788955350232969, 3.971913382187168, 19.01257707666151;
  -4.142234243902332, -6.064084677624855, 27.20014848199054;
  -4.17019898546288, -2.581190869995354, 27.49680437327002;
  -4.148194002594218, -4.105335991386556, 27.47834806390349;
  -4.146047029628694, -3.949890462600644, 27.47945781974243;
  -4.115957216322809, -3.773440239987327, 27.3018587139095;
  -4.14819574397643, -3.495594060470389, 27.5197787084194;
  -4.126513491496784, -3.633988860626979, 27.38600841837803;
  -4.107572696418247, -4.526225431447437, 27.28160502999947;
  -4.20759129286101, -2.788487559253508, 27.99294901840447;
  -3.844017765790755, -1.72047696819865, 25.90491763786312;
  -4.079725684479146, -5.159391334092915, 27.35417650950016;
  -4.095694757097783, -4.325186389833479, 27.5495383414236;
  -4.116082227543091, -4.868274793805901, 27.82435312711831;
  -4.063696997343024, -3.093385961828402, 27.50480617503969;
  -4.002979417975208, -6.122475962995527, 27.13505893886101;
  -4.148825383130205, -2.368529448065725, 28.15589081442188;
  -3.969752422365131, -2.778538348594327, 27.22850953934542;
  -3.661437567776014, -2.183278954029472, 25.43403748990228;
  -3.78911381467355, -6.13303865246617, 26.36607133307522;
  -3.816912019675273, -4.861993304394927, 26.89149084488941;
  -3.87449725374817, -2.926415099373798, 27.33285095700609;
  -2.539563670610421, 4.006811949736146, 18.81161226421526;
  -3.781543018047938, -2.636927229657895, 27.17141147592035;
  -3.609609997133853, -4.274487558186118, 26.47715082291486;
  -3.004568610854223, 3.581948333975662, 22.59812085623144;
  -3.71514298461451, -5.089672108027055, 27.91429408344674;
  -3.735668481758997, -5.006102537820802, 28.31680740892729;
  -3.532856469524751, -4.881226437742618, 27.20632511206176;
  -3.284868205955144, -4.358988880023415, 25.78952709544973;
  -3.4776287982381, -2.529490353816912, 27.1076828486242;
  -3.524387245605829, -2.801749168065272, 27.93228717165882;
  -3.427639574173675, -2.423568276532372, 27.23916885141572;
  -3.305995225246448, -2.415260674555043, 26.91923725041941;
  -3.561179339119645, -4.609856672649725, 28.88831974481863;
  -3.488155719894449, -2.699799379711606, 28.37020423742082;
  -3.382060133224822, -5.983805630219803, 27.67799975215152;
  -3.238575469505983, -2.710135549052148, 27.08706937569362;
  -3.33556815986833, -3.470339536550763, 28.37323876837858;
  -2.656585736905014, 0.5544401547977652, 23.26123294430389;
  -3.115275444285884, -2.534890953649453, 26.9686643856618;
