m=[-6.677956672319647, -0.3570421302023477, 9.974160145309279;
  -7.335815702917504, 0.6289572970103425, 11.11848949856466;
  -7.303327978992661, 0.6487311018763101, 11.22511398036033;
  -4.314329472908725, -0.4356004684817338, 7.511683415778173;
  -7.553605749719461, -1.703124707148466, 12.74064132019018;
  -5.618568688808566, -0.6573612922551347, 10.85982294629037;
  -5.668394655369806, -0.6044142587476131, 10.97566030985885;
  -6.03689961715757, 0.02005725096537336, 11.86409827676144;
  -4.663614736775087, -0.5356061822699869, 9.592491654165762;
  -7.907185366929936, 0.6020734941736734, 15.66283625800169;
  -7.775557660647728, 0.2943577049793666, 15.83124099005236;
  -7.040635178499268, 0.560077429592875, 15.8524368003136;
  -6.721630977014404, 0.6037473333239436, 15.78623053111915;
  -6.436861894333942, 0.5226999362810438, 15.7946927783708;
  -3.825963624385034, -0.4454604708641048, 9.929230947789781;
  -6.159723307310855, 0.3001830202406653, 15.48042128330159;
  -3.815465712015041, -0.4464195672150746, 10.02760121280133;
  -4.447225662084016, -1.559690376771453, 11.57965132938328;
  -4.413924463663975, -1.610685997958666, 11.55916182711375;
  -6.227528643836597, 0.4240491832477709, 16.10224181335229;
  -3.750309548817634, -0.4547445391314858, 10.12686147401422;
  -6.308510712810205, 0.3482439437289724, 16.51242583427746;
  -3.780150612996563, -0.4371207170338994, 10.36946748718707;
  -3.572382590262115, -0.6090152452317897, 9.921652387477666;
  -3.663627910961585, -0.5513728580129896, 10.17737265205265;
  -4.422904565991891, -2.539145490494584, 12.03787576283587;
  -3.53163584502561, -0.5799021996138173, 9.998042960185003;
  -3.62055953290073, -0.1028646612467446, 10.3169165118571;
  -3.505179783907892, -0.5885346427639189, 10.09473267770989;
  -3.899892867965404, -1.119342993507659, 11.14169411394042;
  -3.453741062639385, -0.3973588147378578, 10.07926157285185;
  -3.364250237245974, -0.469362010936761, 9.862930833719014;
  -3.931452093401762, -1.009835051366306, 11.44486705195179;
  -3.308764025605159, -0.5229622250257069, 9.952794159008153;
  -3.682540326256152, -1.15045411210349, 11.04777669042432;
  -3.723750684043606, -1.224481888970408, 11.16179539883763;
  -3.53695517951403, -0.7572092390610901, 10.67656714433334;
  -3.891385711411536, -1.142316581775769, 11.67255556597115;
  -3.744458024479691, -1.024379982047357, 11.36689121955869;
  -3.648908546989963, -1.138754804622653, 11.28460842716409;
  -3.607165019053324, -1.110065692384037, 11.19621688660285;
  -3.986737792056897, -2.5489136964851, 12.27937103101811;
  -3.605547862025627, -0.9791161789818734, 11.27936601563701;
  -3.646197884762136, -1.091775306506583, 11.39967623463243;
  -3.974677251597313, -2.321509014894255, 12.33394454872212;
  -3.609188976215716, -0.9322792732784303, 11.34473432683678;
  -3.924667133334126, -2.239736210437439, 12.22368433920186;
  -3.742109404909682, -2.299011071658264, 11.74356931174012;
  -3.991970737440936, -2.328058433474117, 12.52072528787978;
  -3.963709157367087, -2.736175522990872, 12.59069585987008;
  -5.557098753288041, 0.614970926100576, 17.94461208252882;
  -5.594550138045966, 0.2823830378008967, 18.09307658923511;
  -5.63440178803651, 0.4346118626266328, 18.23245751577607;
  -5.838299177465609, 0.2858246841622461, 20.06423882638222;
  -5.776333558652465, -0.3667804727244007, 20.07297134611637;
  -5.724116094004667, -1.333839270627243, 20.0738356450056;
  -2.510386888844055, 0.6175016788070804, 9.484142442700536;
  -5.60328075504432, -0.9344097604229353, 20.03070960269657;
  -5.646542740482152, -3.486624736224256, 20.3081098561095;
  -5.763793884565796, 0.07865579112534522, 20.80471664077463;
  -5.998107504328557, -3.556099446793591, 21.90034274130372;
  -5.829134969450883, -0.6170597684846512, 21.40660061337952;
  -6.01631090914155, -2.219592512338144, 22.04365942246032;
  -5.917030775346309, -3.650388653127366, 21.68241470927537;
  -5.829444501643461, -3.175751746612989, 21.42116920833131;
  -5.811747820298494, -1.823405994204019, 21.40860070412997;
  -5.911756878966325, -1.749560171534984, 21.80379552322779;
  -5.776530675926261, -2.949451047435719, 21.3516598073084;
  -5.366336518806473, -2.068248938833487, 19.9796421150123;
  -5.794815328916949, -1.633994233938636, 21.52542716896555;
  -4.991168183063062, -3.548126478757436, 18.78953181497475;
  -5.750499203887754, 0.05083599669403231, 21.77587034833948;
  -5.777114459673507, -1.757219031549634, 21.84196114265874;
  -5.917200294656093, -2.183790220143196, 22.35891859263595;
  -5.827381036548697, -3.012221264979947, 22.08514035259451;
  -5.820480137995688, -3.722722033056369, 22.06463123945767;
  -5.76916224359123, -3.12777906428539, 21.91674564878768;
  -2.334263226204307, 0.6271579602185591, 9.551987147088031;
  -5.863374174828306, -0.611782985123679, 22.42064851139008;
  -5.754391553900338, -0.06604845533641073, 22.04029908933361;
  -5.775793472851307, -1.649600468347795, 22.07575849430258;
  -5.838377192443306, -2.352981498876498, 22.69615539001963;
  -2.220338268005246, 0.6117201047995253, 9.418271296803816;
  -5.630937622661745, -2.90932937803498, 22.2874337000869;
  -5.803909181316371, -3.711830439407705, 22.99617242774794;
  -5.768012022423573, -3.188355289216412, 22.90548852449907;
  -3.657085062392719, 0.7234985801905139, 15.02625660644318;
  -5.44859222177529, 0.3257567904100591, 22.00336818829054;
  -2.148155778147481, 0.6373782059981303, 9.361384141279615;
  -5.643336669594839, -1.703458828908206, 23.02557332816367;
  -5.045342989492563, 0.081021004108892, 21.91372421651963;
  -4.982423873678941, 0.2520015549259986, 22.38515130495703;
  -4.415598788853088, -0.2347171816797478, 21.5941713958048;
  -4.130080579902962, 0.4949520150886906, 20.96033374983014;
  -1.507750353508348, 0.6724753112455979, 8.59567939493852;
  -1.321101879365241, 0.7102618783022751, 7.762084107272993;
  -1.411158450443053, 0.6744489079011661, 8.508959662230062;
  -1.451497391636208, 0.6767849912816849, 8.990246893973428;
  -1.244586105331495, 0.6980852295348362, 8.532181822993668;
  -1.119993250891328, 0.808829624394652, 8.313388124133796;
  -2.600649415330202, 0.3001278740312696, 18.1543175322758;
  -1.173319747871066, 0.7150464562553699, 8.763340220615255;
  -1.118066613432305, 0.7367673214051846, 8.428288359990431;
  -1.0395277536546, 0.8064398213600261, 8.007631689382443;
  -2.576840453844671, 0.4317819905759611, 18.43797487542294;
  -0.9651263004344849, 0.8382516195152695, 7.656012152021222;
  -1.102708558236325, 0.7417706354332183, 8.666559488575489;
  -1.123096927916899, 0.7047756917983111, 8.964548034659321;
  -0.9999072757476408, 0.7528728228835779, 8.536095514186922;
  -1.054782640749418, 0.7740559942633786, 9.159199884772002;
  -0.8451712232666573, 0.8244922670851264, 7.646222661976124;
  -0.9944022431482089, 0.7297587962071179, 8.997994849431436;
  -0.9747815439510079, 0.7988860947644144, 8.876868747426338;
  -0.3805120041887401, 0.776143110244742, 7.703270698599755;
  -0.3421237618108105, 0.8284560247041418, 7.636193520010083;
  -0.2778446391548798, 0.7880140273041071, 7.102261274668527;
  0.1822710537351186, 0.805266313166785, 5.063031472902548;
  1.191040960457012, 0.5948917969541114, 15.61300213417979;
  0.4716553152865752, 0.8035117622749497, 4.645009806806647;
  0.4859446845260838, 0.8053363813714061, 4.527946331447669;
  0.8375674372464025, 0.761907312828633, 6.997758364553364;
  2.260751148652888, -0.004172712925559746, 16.92324910941586;
  2.314367643645843, -0.06300638229115259, 16.08881806338753;
  0.53129515197986, 0.8084025713509638, 4.423973955378746;
  1.708938206290213, 0.3479240759632658, 12.08765768690696;
  1.754752228348431, 0.6222230068211769, 11.98612855584928;
  1.683420161852546, 0.4989745107346618, 11.49728929006359;
  1.607321318657611, 0.4135551735710388, 10.7091745011272;
  1.787645390390112, 0.2947105112617619, 11.76639867108223;
  2.833809774926751, -0.08805495180339235, 18.02690881084711;
  2.042564073268391, 0.7075016735710429, 12.49877643192938;
