m=[-6.482992866416314, -0.3704592658518759, 10.22723060504585;
  -6.551115765957283, -0.4849222104845699, 10.82704703926747;
  -5.290408078489896, 0.1310286699790865, 10.56497909880898;
  -5.734503809949204, -0.1594082685651662, 11.54204024127045;
  -5.88149565127111, -0.08286877425181205, 12.06353867969688;
  -4.628372606770576, -0.2744443565494282, 10.71328093550369;
  -5.409172856490897, -0.6243002494506929, 12.42207596001918;
  -6.526534786574145, 0.4684411848619114, 15.82088328357233;
  -6.175041795619176, 0.3869014078476083, 15.6521529469452;
  -6.111742741209898, 0.1817492194989809, 15.85693099679628;
  -3.708378120209191, -0.5078821476423043, 10.26876131311106;
  -6.069374287615665, 0.2974920538322963, 16.18614838972331;
  -6.06982124972321, 0.2161347739694878, 16.39930825700846;
  -3.852995256118538, -0.3790755971869811, 10.98208830085687;
  -3.860812291538069, -0.4496222630952868, 11.05622871058842;
  -4.355167226382279, -2.606337664768482, 12.41614684021203;
  -3.685694355208036, -0.5044747509259979, 10.63517816739696;
  -3.49454539868177, -0.6680921013218245, 10.22341589338723;
  -4.286295880956306, -2.532743178124789, 12.38200222880231;
  -3.709864656024807, -0.9656454772659412, 10.99632658689609;
  -3.582056649207773, -0.1771086957489562, 10.71411784557934;
  -3.825342084550369, -1.062659937931789, 11.66008457088457;
  -4.071755796180892, -2.598989731596909, 12.50700744422089;
  -3.615329009209015, -1.270319924696485, 11.37654650706368;
  -3.618928823170085, -1.21399649799934, 11.39583007342684;
  -3.970451794145721, -2.545228406063202, 12.45889356271242;
  -3.885114283585827, -2.287779611733886, 12.4347215792123;
  -3.896768862083458, -2.593397733449209, 12.57591565825774;
  -3.556583689403914, -1.193162135093684, 11.53446710867333;
  -3.916696385146216, -2.387742888355879, 12.72828534678445;
  -3.493414778401826, -2.584219263163142, 11.49399208552948;
  -3.84054727588343, -2.336805544937555, 12.624323036355;
  -3.205525289761237, -2.51590582192036, 10.88937669903006;
  -3.384555495443463, -2.599323909557919, 11.49750248330433;
  -3.650992033667031, -2.242223158629398, 12.43110351744014;
  -5.384455802585812, 0.1463778396681934, 17.91070822879947;
  -5.394555429885508, 0.3138686296124673, 17.95359018230143;
  -4.428137897964374, -1.161638630576722, 14.91303360599857;
  -5.240366537829766, 0.5349149362579333, 18.12570559549367;
  -5.539561996328021, 0.1556153641903241, 19.53342480415497;
  -5.561893990406811, -0.4858375933345901, 19.83554027641083;
  -5.401960186014085, -1.377587451202485, 19.47111059145959;
  -5.634359204724531, -3.221613555993343, 20.47471372172182;
  -6.951415312321791, -6.254231915225882, 25.32510258443207;
  -5.567552821918295, -1.059961875841568, 20.39152599106869;
  -5.430175727291775, -3.499780734465144, 20.13316136163634;
  -5.860211754764311, -0.3679583265521889, 21.57943195718587;
  -5.582891876524009, -3.453715553010642, 20.99297605459971;
  -5.494502687064992, -3.534995036157461, 20.73259606560545;
  -5.593193004469003, -2.196384007139377, 21.06615979987459;
  -5.571686708034563, -0.7203708236688713, 20.97874170556837;
  -6.113479861853134, -2.078363496080221, 23.04526799831986;
  -5.595699963400997, -1.787597243309186, 21.18757824214317;
  -5.713863523737151, -3.066226147664456, 21.6894270722999;
  -5.48447156675008, -1.672694446276292, 20.91790685035802;
  -5.332109067100629, -2.169925298136474, 20.3989603860546;
  -5.524908193069431, -2.161374256259995, 21.43954825926529;
  -5.518784169179335, -1.812096491116398, 21.4105671367552;
  -5.494750166710133, -0.0818340954096255, 21.30284190341166;
  -5.503961896828612, -0.8250976381063968, 21.37146836666878;
  -5.56386509983671, -3.164586546110822, 21.72982417751991;
  -5.483311505588566, -2.224596247786461, 21.52511323237201;
  -5.586936947660552, -1.733351784348075, 21.9001531828576;
  -5.514714976406122, -0.6981949730269897, 21.61804063008429;
  -5.481373662661204, -0.1948411155788739, 21.49250891927693;
  -5.510161739918914, -2.360478048073114, 21.99604691500008;
  -5.310950035711639, -3.752686496420657, 21.46443238980597;
  -5.668163303663893, -3.096874622933714, 22.99632126564746;
  -5.506887259956849, -3.672796859782942, 22.42736410183061;
  -5.489547340953747, -3.176218943108666, 22.39349958828669;
  -5.531798597410811, -1.870968705222779, 22.63609507527641;
  -5.147339465419218, 0.1720156433251912, 21.27679357029481;
  -5.390093537337304, -1.75966139466626, 22.53186190864374;
  -5.605364588983573, -1.54210838122985, 23.72765483144219;
  -7.351750053047245, -5.61580180758237, 31.46182830686889;
  -2.845559504903711, 0.5310616823161021, 12.84031088177191;
  -4.871078249699228, -0.04430031393938496, 21.64452243118374;
  -4.689561504616193, 0.1067645702160781, 21.56094390348155;
  -2.035299762631805, 0.5600195106126756, 10.05140560293812;
  -1.772624889890224, 0.5800771207568586, 9.320429198379182;
  -3.916469639743358, 0.359741065397987, 20.35657289636241;
  -1.585988213041962, 0.5803846136597547, 9.494628364055481;
  -1.567648732348445, 0.5558535974032237, 9.699475676250485;
  -1.507090429625655, 0.5905118338529473, 9.372770200881179;
  -1.370053569709325, 0.6078425286957037, 8.764729863145949;
  -1.409503651653089, 0.6073953455485611, 9.229578722301248;
  -1.280199300219946, 0.6292382317446786, 8.637604925955236;
  -3.041049172228001, 0.1517608020607023, 19.34969242888941;
  -2.661720447067726, -0.1374594279810019, 17.28034530495564;
  -3.309783853844152, -0.6884000656240242, 21.45509590919856;
  -2.839113043817592, 0.06867767595024797, 18.89226505148912;
  -1.134849646199459, 0.6719095243756174, 8.186708880963932;
  -1.139620212784087, 0.7295795078994988, 8.237928269099644;
  -2.725504148931142, 0.1399566124088798, 18.36334812982594;
  -1.2279913108149, 0.6408704990051363, 8.90860153839856;
  -1.166054984449946, 0.6710095713018471, 8.546507002957874;
  -2.478374890479696, 0.1971592779164136, 17.78442485211371;
  -2.44580123561639, 0.3211273042234262, 18.00275091408344;
  -2.438298930139787, -0.1295626230472422, 18.19119202091638;
  -1.101804855471127, 0.6775490826587326, 8.788347063000607;
  -1.06955666385745, 0.6739341793439648, 8.899065932936015;
  -0.9384267295665345, 0.7730439650976546, 7.941682814348048;
  -2.282918926894191, -0.006535319171546381, 18.39547599056814;
  -1.010270086618061, 0.7110588730877475, 9.120269207097069;
  -1.873838357481427, 0.2098097541956497, 16.58164710309836;
  -0.8299462866028202, 0.7640055562625133, 7.9822250267721;
  -1.003879592946401, 0.6864732671337285, 9.531342187485448;
  -1.918916344807301, 0.1886110445199371, 17.38411129445866;
  -0.5173874190081776, 0.7456970281874285, 7.769216580441107;
  -0.3673348675449953, 0.7166875765348342, 7.973838374839018;
  -0.3209984413755954, 0.7622924791227282, 7.07958934032624;
  -0.2891982088550653, 0.7641681379039569, 6.802079395391706;
  -0.3333354098335115, 0.766763947398982, 7.906364241968253;
  -0.3138293838811603, 0.7239629222405533, 8.016743908004042;
  -0.08471360763392102, 0.7669598979455545, 6.511990281849099;
  0.01632005679556401, 0.7657094741513426, 6.27328122595368;
  0.1963551749321015, 0.6876337485300489, 5.140571199484502;
  0.4786013607263369, 0.77843350670803, 4.977822107802808;
  1.733798255352658, 0.5096833070850061, 13.15923199283047;
  1.645929698222693, 0.4047444395945013, 12.22682609700958;
  1.607900492853349, 0.2937227712799827, 11.87118028777863;
  1.679871881108438, 0.4659154755059206, 11.98982230744739;
  1.877663084008887, 0.4511694291289131, 12.99867629190511;
  1.901961304106582, 0.2797489284282689, 13.03255580465848;
  1.862921476010061, 0.04382097633285183, 12.66765501212629;
  1.880281522400449, 0.2715538977654249, 12.02232607582084;
  1.989730613132404, 0.09705249971272144, 12.14101995049317;
  1.955520906399812, 0.3168779911860296, 11.93279087761203;
  1.434588888409838, 0.3586333577270793, 8.826538751090331;
  1.050622109539621, 0.3872899815084077, 6.499333409953808;
  1.061782392449744, 0.7252741959409038, 6.201171351988271;
