m=[-13.05923556338272, -0.579085447046416, 16.79740143889456;
  -4.649909000863137, -1.38283650301319, 6.688770687010541;
  -5.204518596187523, -1.045491522938423, 7.672333820416096;
  -10.77297249073419, 0.9517322467991783, 15.17664792663789;
  -10.26034400699735, 1.368443989720389, 14.7707595904496;
  -14.08406490861563, -1.184885848213004, 20.82131639502832;
  -13.33511225684448, -0.4662462339328839, 19.76306430083705;
  -12.70246661081934, -0.679147224232551, 18.97233576580648;
  -12.80837364434597, -0.5369300435069045, 19.19861088414439;
  -13.83450528275104, 1.283282857540002, 20.71266734326008;
  -14.02954645024358, -1.217821567607503, 21.05267488533335;
  -12.6244713224482, -0.6235230057819908, 19.11268272830429;
  -14.27483119238768, 1.223893784364343, 21.63557089407571;
  -12.77418806356514, -0.4296688197933457, 19.4759601077856;
  -14.07763370726224, 1.250470861091325, 21.637128086308;
  -13.8753629508097, -1.26598219714487, 21.362798242244;
  -13.15789972343389, -0.5003272752421341, 20.54000858073989;
  -10.77266197775295, -2.575158748391392, 17.13884843583568;
  -12.97067791316653, -0.9466933838049446, 20.41749215974432;
  -12.50841331768863, -1.114072219961676, 19.91211823168514;
  -10.23810915429276, 0.4579101003066026, 19.48158178777382;
  -11.65124350994429, -0.1363345412382029, 22.33754897778648;
  -11.32286466031419, -0.1173908466552745, 21.77654865295309;
  -11.70955258215347, 0.0163157576616587, 22.50017009481256;
  -10.70403108623888, -1.141358251841482, 20.72611670350656;
  -11.27910558344245, 0.2753968361478332, 21.90545386678155;
  -11.49122996464114, 0.03817894911596143, 22.5832944503324;
  -11.55841570898311, -0.1851823975316075, 22.71332059512799;
  -11.55914646808433, 0.1372545392549866, 22.78328146210938;
  -10.07869905705839, -0.6280269208646968, 20.01529113212528;
  -10.1392739079115, -0.9268659955695645, 20.40584811872492;
  -15.07561196913801, 1.147895990022742, 29.86231266935104;
  -14.63147541994111, 0.5539007892479703, 29.79007082481327;
  -11.10941615772348, -0.09673704917546808, 23.11041629502509;
  -8.805877302971538, -0.3596428908080542, 19.43657778125132;
  -8.379014232673457, -0.4233394636618109, 18.70201608105689;
  -13.39345952690973, 1.065440005767597, 30.1562238782483;
  -11.49918161302339, 0.2715657969729719, 26.68900632667147;
  -12.6255452622101, 1.13404608344118, 29.65199499524693;
  -8.567364157954426, -1.698324637504546, 20.68808348611888;
  -11.79930541131005, 0.5750178958371723, 29.65364018877703;
  -7.29601531184123, -0.8494817868967365, 18.93479085063866;
  -7.271615161616039, -0.8507981825602132, 19.11086680297707;
  -8.157300718895449, -2.976682124314508, 21.36229558488477;
  -11.65985653920496, 0.7939510076970073, 30.14836867737121;
  -12.04465480022599, 0.6648919657007785, 31.52669118629571;
  -7.372368383198849, -0.5692595826947657, 20.04068058702522;
  -7.400984555834345, -0.7027674108999433, 20.21328010635457;
  -8.456506964237992, -4.854796481181934, 23.01618285092339;
  -7.225230864813375, -0.8354953068547366, 19.81979138146338;
  -7.232960564281592, -1.630787240067842, 19.90491419927254;
  -6.734409588302269, -1.148073590463415, 18.70361566316143;
  -7.415468388190824, -1.766097160205487, 20.5643994715179;
  -6.729394384516819, -1.226455175496736, 18.95153112506409;
  -7.496176826409239, -0.2751601633574507, 21.0209221527166;
  -7.090029317686032, -1.699399209182903, 20.02449346181464;
  -7.553093320447812, -4.722725851737124, 21.43939346421127;
  -6.888703324554156, -0.1957167469476369, 19.62961150853869;
  -7.42432537580323, -2.130921764336062, 21.21072684304803;
  -6.617996908525981, -1.111189920771952, 19.05948161637456;
  -6.695998801528249, -0.9841078523671956, 19.27277248769327;
  -6.638089893198129, -0.7382739247445092, 19.1185568279932;
  -7.334538124692912, -1.883953691392595, 21.35160539421684;
  -6.408320290774311, -0.8940542130620248, 18.7871933807057;
  -6.540444831865078, -1.093622567162789, 19.23039588426761;
  -6.59983087846125, -0.6491750841826347, 19.40469434121074;
  -7.947270972091521, -4.877278480028764, 23.30465320072584;
  -6.596717668427729, 1.22754907819796, 19.54313212234202;
  -7.716731506302703, -4.841447610444601, 22.76719051944756;
  -6.347277264966971, -0.8305710101933658, 19.06526974742719;
  -6.296653993601709, -0.9952091346582787, 18.94039605237563;
  -7.045774478740104, -2.31686382226285, 21.11943033539782;
  -7.015455580054951, -2.191682644398606, 21.0466633800135;
  -7.259449827264415, -2.131012067998107, 21.77536172747749;
  -7.08192858348622, -2.437259029597497, 21.42218899324715;
  -7.039237143932961, -1.925740273221814, 21.36871140246826;
  -6.784212666158309, -1.542652216346809, 20.64529305235005;
  -7.591181794911502, -4.282134758639106, 23.19328668740124;
  -7.381845644973299, -5.101692787342288, 22.72007265418692;
  -7.58932694337014, -4.852222644689915, 23.37554318195164;
  -6.870080772557093, -2.144021256534008, 21.24640022706193;
  -7.731386734119631, -4.515708538015151, 23.99150653679752;
  -6.829880224708795, -4.862435561201638, 21.34494641127758;
  -10.6530012950727, 0.7429691917807899, 32.6304051157725;
  -6.860301055700179, -2.286613202495108, 21.41799296028523;
  -7.46299107738084, -4.258993383722038, 23.24407244154863;
  -6.914680196727193, -2.070451832229427, 21.61844145599813;
  -7.020171433837124, -4.312928913878229, 22.03085503203081;
  -6.948747882853429, -2.434065115620591, 21.78671044307333;
  -6.769704031343743, -1.748662870312943, 21.27915557013506;
  -7.656232993357805, -4.46500211578596, 24.01360038808473;
  -7.478551251684037, 1.118109935012871, 23.49503874565549;
  -6.719581378181445, -1.906184487979971, 21.28293387710895;
  -6.74270695566593, -1.792990563326253, 21.5527750721523;
  -6.574788286545969, -4.95420525008164, 21.08474147494082;
  -6.596262723005041, -4.880455992080441, 21.28821081600617;
  -7.043999725229889, -4.139508132977205, 22.8954098562054;
  -6.414532225630697, -1.953692465642331, 21.21150970805178;
  -6.613151136102131, -1.931754714636128, 21.87034853564979;
  -4.690026446998734, 1.153646562424837, 17.71873454288577;
  -4.789774926558875, 1.201646984593622, 18.66521173929672;
  -4.235981365284099, 1.167045130933312, 17.96826289099333;
  -4.001119234328529, 1.187170048608014, 17.43635844692469;
  -2.735216642726955, 1.279795991362167, 15.0786646271653;
  -3.15234754495888, 1.254760483003442, 17.25941844339276;
  -3.052332449156064, 1.223245370561809, 17.3265463333918;
  -2.689012469118461, 1.200191690525963, 15.68613625730511;
  -3.069185548723814, 1.204445604915202, 18.0207697136462;
  -2.906815509966163, 1.235339389080294, 17.11572766278907;
  -2.671534224864933, 1.276832760924217, 16.10873459922644;
  -2.920809904291634, 1.125515552638727, 17.55718546315142;
  -2.439249846424002, 1.310156263254992, 15.03306998768331;
  -2.735025335333923, 1.275251411676724, 16.94012897825938;
  -2.464235115301039, 1.303520437882475, 15.6832692781284;
  -2.376476199589829, 1.376460065720343, 15.27222807663338;
  -2.582229687119297, 1.300397806715379, 16.78935789755764;
  -2.352486194389931, 1.333394733441532, 15.40451210612958;
  -2.50695678681866, 1.109095490485783, 17.05962939335939;
  -2.359261985927757, 1.323304139363281, 16.17377226515896;
  -2.246599965464986, 1.383643883751667, 15.52826663066606;
  -2.458734280815434, 1.342073501380686, 17.25173180365984;
  -2.204182331817437, 1.343276432674471, 16.46269034253727;
  -2.123305401262977, 1.399184998656971, 16.00605007176801;
  -1.994386493386138, 1.547195523923998, 15.36304579571769;
  -2.063118162816052, 1.38781952781208, 16.21474337571427;
  -1.854065004458104, 1.610331199112413, 14.70765453016696;
  -2.154472357547269, 1.351993499854954, 17.19697602093993;
  -2.017103643012365, 1.518763339958676, 17.21978605055527;
  -1.955419268873493, 1.43499138864689, 16.97987362535852;
  -1.628620592990656, 1.588772840308515, 14.73405073797361;
  -1.832730135742127, 1.344979807565, 16.58372799883918;
  -1.890804459880972, 1.549616322027293, 17.21865080598542;
