m=[-13.1167629381067, -1.484415853010717, 16.77156768526283;
  -10.64430336608855, 0.4363032108698707, 13.87685270005551;
  -10.396152084417, 1.460686715020173, 13.97457074220911;
  -12.47817781584135, -1.944095133505473, 16.85970512166454;
  -14.07317630753633, -0.9939573947975311, 19.33380999687528;
  -13.57571634907921, -0.8453945763644553, 18.70066094164463;
  -13.00988808947647, -1.373831275149596, 18.02680235017506;
  -13.5707217673744, -1.538421309296807, 18.80984738691194;
  -12.94449467859558, -1.385975751811584, 18.15529575485846;
  -13.82209004868417, -1.355695862849258, 19.45069203153088;
  -13.11986977010733, -0.5976972456127412, 18.58694235068546;
  -14.47488725633337, -1.126850251986061, 20.39511043725092;
  -13.89067584149762, -1.197128522947789, 19.62574633522607;
  -12.88821065890811, -0.4494610876765768, 18.3350604568449;
  -12.69145206771703, -0.5373292634509151, 18.23096140307058;
  -12.6715175522649, -0.7189144677253444, 18.2114782846572;
  -14.01605095128319, -1.136058990559002, 20.05666747704972;
  -13.83052555051709, -1.335643164399626, 19.87633109686823;
  -13.4928442892203, -1.193196556660956, 19.46480377498938;
  -13.91606260458521, 1.354351209977843, 20.44630152355323;
  -13.8051255584194, -1.194143911277593, 20.28421341964532;
  -12.67809080654149, -1.342904760371579, 20.6192524966212;
  -12.96467985238634, -0.001346916340351539, 21.10226327590044;
  -10.32534812795268, 1.34936636750991, 17.04832906951426;
  -12.65996212915528, -1.06122074318103, 20.67372974335724;
  -13.16358226492271, -0.02107261793824108, 21.69331136316056;
  -12.55469369849998, -1.204783859649733, 20.90099413541514;
  -11.00676255792695, 1.142368072969322, 18.54590377438302;
  -11.29256164784144, 1.012454837483166, 19.02539322073823;
  -10.97739021068781, -0.2630690204262102, 19.99204885438095;
  -11.60982155648745, -0.05109751564426323, 21.29369661606434;
  -11.26325941439978, -0.975435705829481, 20.68674498996851;
  -11.76252574914613, 0.1111803687190535, 21.63357317532654;
  -11.6604949736061, -1.406947985608526, 21.45579350846059;
  -11.05861881900305, -1.081890308138536, 20.40276351984782;
  -10.36473828290348, -0.9171580635051567, 19.30853929864836;
  -10.1693660825823, -0.8496693187413983, 19.06063603142436;
  -10.9496267123811, -0.3603996651713518, 20.58723945507153;
  -10.04769555925156, -0.5342572068286043, 18.98207893300041;
  -11.60144164727029, 0.1226184127702772, 21.8243662103943;
  -11.55607285920469, 0.2253198569161389, 21.81357731835326;
  -10.10661087560207, -0.8499664900428695, 19.36454716409086;
  -14.53974198722219, 1.215693535460705, 27.89802775411117;
  -9.428029217924443, -0.9686608379915928, 18.76862810887864;
  -11.45842906303642, 0.1605754367300236, 22.70788997312064;
  -12.15831253758654, 0.3116261054855561, 24.05392635703314;
  -14.33896787832383, 0.5290369442287437, 28.25494418335435;
  -14.38299062419729, 0.658988665240105, 28.36305931666448;
  -9.759831207170635, -0.8457926724093035, 19.89071494718122;
  -9.605843124526906, -0.8631510173759361, 19.79122518033313;
  -12.80992128695594, 1.124597757697175, 27.95357950008769;
  -12.40334424987874, 1.214426956557272, 28.21528235606421;
  -8.02369744935376, -0.1157594406129804, 18.63635178750985;
  -11.86139686394709, 1.062308239934447, 28.18966253949842;
  -8.102911708969248, -1.862933763558158, 19.5418319829478;
  -7.420870187618974, -0.7959195966726881, 18.25895976181683;
  -11.15447652404999, 0.6331382715740159, 27.14898134827994;
  -7.393784242614751, -0.7969410653868253, 18.43295540332112;
  -8.787179403680986, -2.984755754644583, 21.80336120488396;
  -8.716192244732142, -3.094430603659886, 21.75763145217644;
  -11.39812571266349, 0.8705224273137088, 28.56280809404077;
  -7.38608490055672, -0.790648213360183, 18.84506119802974;
  -11.2494109471244, 0.7135720594613293, 28.58041533440028;
  -7.257222792814208, -0.771633671128905, 18.92329815042951;
  -7.001604029056558, -1.129077953225488, 18.41927971852747;
  -8.455682783226679, -4.765566117903949, 21.99663497071078;
  -8.080385696153307, -4.489913782926458, 21.2926733640282;
  -7.966335908249495, -1.91530593219635, 21.27986620018289;
  -7.23057840529792, -1.666393982175553, 19.41309718783796;
  -7.624831191223383, -4.238235541412912, 20.45017828120109;
  -6.761763416016715, -0.6910445517156496, 18.47504519572663;
  -6.828968943707364, -1.08284065725843, 18.64989328402831;
  -7.455204291960691, -2.070275274596502, 20.3051141165768;
  -6.710120893796689, -0.9868626720207643, 18.41731192097789;
  -6.804569913278067, -0.4929277690352997, 18.75901769230174;
  -6.51290884820031, -0.8503209597187779, 18.09362320128086;
  -6.626282149187547, -0.589823048430503, 18.49923203515345;
  -7.624859590589792, -1.884303221992343, 21.17041072959659;
  -6.498304396663563, 1.274739287847949, 18.3100932677697;
  -8.051562624442935, -4.847790031526596, 22.57237200095419;
  -6.382563342713583, -0.9417780220042101, 18.20021832284148;
  -7.155202223122359, -1.320927134649499, 20.29021485876486;
  -7.916054863619037, -5.241462016371896, 22.2311324470776;
  -7.813697371359308, -5.093719025311879, 22.02326288705433;
  -8.033542326694782, -4.951182263582121, 22.63788120164543;
  -7.018106552354923, -2.12051687270574, 20.06081125819346;
  -7.153888856763552, -2.284840869803294, 20.43600370661584;
  -7.514433914426401, -2.129352927496581, 21.51560365139998;
  -7.096062961493524, -1.641626083316066, 20.52658301584665;
  -7.578977392236824, -4.210618427115124, 21.79036943548005;
  -6.300852555560994, -0.7361963422366581, 18.38311460439409;
  -7.188815502162089, -1.893301264497396, 20.81312207505612;
  -6.331350516789377, -0.8510659678994139, 18.49044110026183;
  -7.424028919716153, -4.009874003382948, 21.54971248326215;
  -7.590373298252745, -4.199146999202761, 22.17657464453345;
  -7.036046991916005, -2.138091346465381, 20.75072388661015;
  -10.28260787386703, 1.225723151704654, 30.09032032034209;
  -6.223015919876457, -0.8928118397113131, 18.58055545443478;
  -7.593944634690349, -4.762485153780216, 22.36064211713904;
  -6.923680045757018, -2.240686060668745, 20.61515402624839;
  -6.91052029255843, -1.99094511027257, 20.61418882264028;
  -7.407701169873578, -4.250642616105762, 22.01890158656083;
  -7.721593444819904, -5.091974923133398, 22.89966289013367;
  -7.4218010102693, -5.190211415056989, 22.06967968908908;
  -6.9322085485014, -1.720800124889133, 20.77992264664323;
  -8.960434612093044, 0.6994092757431183, 26.67499493638182;
  -7.48194898916383, -4.191783060291556, 22.28949810849723;
  -7.249749995655826, -4.360230431944188, 21.68752992749343;
  -6.724540262200197, -1.839623275364348, 20.30943389001575;
  -7.503735489350839, -4.291558841040911, 22.53890326132453;
  -6.74417399769084, -1.72407834119571, 20.57099916143627;
  -6.671340263793685, -2.064510040013992, 20.39878408516834;
  -7.003499952867873, -4.313833445885471, 21.58739735320133;
  -6.61638681094706, -1.947270584453138, 20.85828531030727;
  -6.661556411480169, -1.877372823003626, 21.03634850393227;
  -9.758221936377332, 1.187664712933089, 30.65851831386162;
  -6.040429472860064, -1.913734583978714, 19.95433157130559;
  -6.221723919322698, -1.83402964690036, 20.8258714579315;
  -4.95647882976446, 1.277877689945152, 17.71410150937481;
  -4.94264581032626, 1.223101665308103, 18.05377611042394;
  -4.807060741014546, 1.256101361099222, 17.76949311754147;
  -6.108338836009512, 1.196290143681296, 23.20843383072674;
  -4.281992222699562, 1.228996690260064, 17.1942817878897;
  -6.07688722073074, 1.248839444436685, 24.2214147204149;
  -4.251543043087415, 1.313257703726535, 17.50950359192544;
  -5.175312969408566, 1.148360739696132, 21.56796158339908;
  -3.518893578599943, 1.299966066437239, 16.52571582703395;
  -3.440821297335242, 1.302239650789145, 16.62168123028198;
  -3.713984231667077, 1.134644873361466, 18.01987580489719;
  -3.267376119472638, 1.231841766228652, 16.51236448921967;
  -2.827127694975173, 1.281302966416444, 14.44606720371873;
