m=[-7.443533241586552, 0.7244260491420471, 10.93647890085837;
  -6.232685441093027, -0.02743149326477479, 11.43143434550338;
  -8.105953925388043, 0.6777531399454525, 15.5532421264943;
  -6.081353810137315, 0.0852225063837696, 12.05180155573803;
  -6.27875748096912, 0.160928972259427, 12.421852917007;
  -7.984491270727702, 0.3658272039937293, 15.74530676144958;
  -4.668800750881021, -0.4195238320891235, 9.619279201724989;
  -4.58694562756682, 0.1423184290998125, 10.26666132683309;
  -7.206794361447714, 0.6326927853430003, 15.72653684676816;
  -3.888965724850788, -0.4191732388067901, 9.69532372314236;
  -4.672491627402602, -1.587112955446933, 11.59371147428477;
  -3.812056459585991, -0.3789562598170578, 9.992146788057495;
  -3.789604834268054, -0.611111289934706, 9.969400036818819;
  -3.8167684820324, -0.5634365397981197, 10.04086455126689;
  -4.50366059433376, -2.502485467463292, 11.86762335159879;
  -4.211371280385443, -1.012518739970632, 11.24951525996943;
  -3.620845358566293, -0.3700462887706495, 9.893170986697514;
  -3.608336069713408, -0.5721585547607672, 9.854354762452841;
  -3.657044169467927, -0.505058469553526, 9.988834475392812;
  -3.575859104261365, -0.5259043653987658, 9.814683453696594;
  -4.032497372718097, -1.119805612116638, 10.98297459348399;
  -3.475091907297573, -0.4537056413035414, 9.654212123333696;
  -3.424247853890794, -0.5052642954763621, 9.76442460277053;
  -3.79267046938204, -1.145953208738158, 10.84110733902539;
  -3.853238735250271, -1.230664540599525, 11.00727207994041;
  -3.681342748807982, -1.234545047743918, 10.62111483104659;
  -3.828328996210415, -0.8856579725684222, 11.0741002974622;
  -3.904901720007159, -1.028424691384007, 11.30550591612236;
  -4.017106214714345, -2.169723468672452, 11.66044541016274;
  -3.798186661994746, -1.154180755700124, 11.20161971394055;
  -4.092851507768651, -2.264247679489682, 11.95796615061296;
  -3.770864233869206, -1.086399198625917, 11.24854628170725;
  -3.780947938624592, -0.9385545226262736, 11.33373370779345;
  -3.885279571882686, -2.229427800205329, 11.54873645247492;
  -4.090362489991782, -2.291637141716966, 12.18561194627031;
  -3.914440672132598, -2.354269230373457, 11.70999679673692;
  -6.163154339581292, 0.4810667673554636, 18.34755990279676;
  -3.872526803381, -2.385298173332917, 11.93657106134135;
  -5.775510510657719, 0.7029323658966532, 18.14557979080309;
  -5.843974761186698, 0.5014822919126024, 18.40530422480233;
  -5.539883152847993, 0.7357286837929289, 18.15108472471225;
  -6.050282943888854, 0.3486198072321885, 20.28469751105166;
  -6.550923315392164, -4.976299639290816, 21.91142341539008;
  -5.960992543971662, -1.336413581537185, 20.36273742501138;
  -2.608660369258225, 0.681651848605368, 9.643017838745665;
  -5.984159388179673, -3.184891066903706, 20.54448100303827;
  -5.968254812558397, -0.9392777137593328, 20.77413765799392;
  -5.9883270319883, -0.1756052656720962, 21.05366028223874;
  -5.92897699496789, -3.587660504112197, 20.74179286012379;
  -5.983466763470258, -3.877342972831356, 21.01351708463153;
  -6.110822387454895, -0.5848234794517987, 21.91716705696287;
  -6.228438336502795, -3.616169807606901, 22.16671171047514;
  -6.009196358836689, -2.11149679006367, 21.45983661528399;
  -6.22809590262071, -1.892445434377185, 22.39891889431067;
  -6.31613844717753, -3.828821524861483, 22.54901406140001;
  -6.299263655438865, -1.802710043039845, 22.68439461453446;
  -6.140883571734288, -3.075320775567531, 22.13431846189257;
  -6.12779636298428, -2.264036943222818, 22.22262133235377;
  -5.944075055884276, -2.21153160905315, 21.55539854180492;
  -6.12501499482611, -1.980269770510109, 22.29224730033279;
  -6.045542455129888, 0.1112813994418164, 22.37938445255306;
  -6.102582222451637, -0.7128334222965747, 22.59258994749559;
  -6.056532015916004, -1.781111874439745, 22.35376923710907;
  -6.178443764408407, -2.206766154540383, 22.79931212584103;
  -5.995390544625592, -3.036781018277988, 22.18233290616757;
  -6.05843811990138, -0.01242056956757161, 22.68706602932112;
  -6.017801444503096, -0.5570520241033912, 22.50914015336709;
  -6.055311992062213, -3.216703447902456, 22.44193333503934;
  -6.093513890589811, -1.677769734806546, 22.75178680356417;
  -6.244782804017598, -2.315360817964566, 23.3075721024476;
  -5.175423571536998, -4.22155042952622, 19.19593679195171;
  -2.217047110505344, 0.6848229379047907, 9.13066008069181;
  -6.297292639093847, -2.471768050377718, 23.91695238053698;
  -5.981184624698646, -1.713316560165216, 22.82454489974665;
  -6.273916643484524, -3.176175497397604, 24.20947675119384;
  -5.75721017832405, 0.4031146599087015, 22.73804859478545;
  -5.999502192825069, -2.179568595874416, 23.87865943914891;
  -6.027230173007357, -1.735573970252633, 24.01657776366994;
  -6.667595164495311, -1.607151090354609, 27.02145403634721;
  -5.281328878184347, 0.1415498058946686, 22.43201832935447;
  -5.087209682272129, 0.3132536470118276, 22.36347008897479;
  -1.825957474375834, 0.6910658875625244, 8.820708911163433;
  -1.326060850121608, 0.7336018764614334, 7.649713717901777;
  -1.520732032272801, 0.7313336063711897, 8.887285471403546;
  -1.294392115320796, 0.7732727342691851, 7.802173403701435;
  -3.987556628937766, -0.8307094551276563, 22.8081419043821;
  -1.293190192161918, 0.7472480667848453, 8.343154463645512;
  -1.237495971273931, 0.7838463356436056, 8.02757322667866;
  -3.544008319861351, -0.8906578514215904, 21.03051986916202;
  -3.961853769469057, 0.3347623351925197, 24.02704966241308;
  -3.926137415251406, -0.01695149304034728, 24.03542127087665;
  -1.228851911821116, 0.7711063510145231, 8.649651729860038;
  -1.081761017031329, 0.8607865274594784, 7.819040688975393;
  -1.001833915895823, 0.8899767575348111, 7.435177284823708;
  -2.865859030230038, 0.3714681706896071, 19.46467003124674;
  -1.163669492477307, 0.8060081475955107, 8.615165674419064;
  -2.683597308828329, 0.489086726933444, 18.72372359413788;
  -1.154254491699821, 0.7448977695645084, 8.705481376706608;
  -0.9504639415103671, 0.856009444654565, 7.435958052577989;
  -2.941956939539516, -0.005744896984364837, 20.77270267064018;
  -2.704557708183141, -0.1456957835336491, 19.44845798233336;
  -0.8766333604335148, 0.8744899148285196, 7.416256935790682;
  -1.003647988711829, 0.8484208174063206, 8.663453648238418;
  -2.452753954863731, 0.4279625482237409, 20.46623851822888;
  -2.268583425453901, 0.3579757506738081, 19.43234800878797;
  -2.224256151956152, 0.5491717041237308, 19.68143910335377;
  -2.333934418026706, 0.1512476766852174, 20.64130981697112;
  -2.346129964522748, 0.03188845882588549, 21.32095095934531;
  -0.6398279601908053, 0.5959411873859414, 7.599768691133961;
  -0.5259875984475518, 0.8474798152890971, 7.719998404614928;
  -1.772635289099814, 0.2302747248460306, 23.4914825075912;
  -0.3957227328487252, 0.818361177143229, 7.469865935630479;
  -0.878019050620424, 0.5813260102126868, 20.02683676574534;
  -0.6462815951576376, 0.7251553274766771, 18.04810622412752;
  -0.7737167665267425, 0.8639390159363704, 24.49039906646879;
  -0.3338543755726664, 0.02473439554351554, 11.62540477544529;
  -0.2268389887450378, -0.04709898000279835, 17.65469675661478;
  -0.04425458767740791, -0.05952270775358553, 12.08595498557596;
  0.02502897613064405, 0.8481165236638685, 5.313159191197221;
  0.141238773235193, -0.06010175051216428, 13.36649062977999;
  0.3422996369343418, -0.04989667167396866, 15.05639394463042;
  0.3974683145660921, 0.2211709820328103, 16.90150438233452;
  0.4034303620054331, -0.2293731165510326, 15.6521143513165;
  0.5840492250683456, 0.473549510844137, 15.79643361542812;
  0.7199820544752003, 0.2098087633000794, 16.93286623320615;
  0.7783144505787583, 0.3276670988037198, 15.84298516461425;
  0.8128565434373636, 0.6986032333148327, 15.30555698303973;
  0.8047563648782128, 0.3980362627199192, 14.43047295314483;
  0.8435780538547701, 0.3019921946149347, 14.84718679170528;
  0.8527768520432356, 0.1571049862119522, 14.18244620473374;
