m=[-4.314922052275776, -0.9219989786442607, 6.394522544327614;
  -14.89744940159081, 0.553136142156503, 19.70287627963653;
  -4.493939969575313, -0.9649847549320318, 6.896685389828404;
  -4.539058425083311, -0.9506722609196709, 6.984592414699677;
  -4.381195715893726, -1.308736320477141, 6.973319864883019;
  -10.93090556389115, 0.8172809066182067, 16.18124934831558;
  -11.27308223053397, 0.7769081141184584, 16.76505338122073;
  -10.68601557183094, 0.7844472117298363, 16.07717336948879;
  -10.6340283326547, 1.25555761270517, 16.32729538767052;
  -13.39598115029405, -0.7654898662640016, 21.1327994998455;
  -13.3906359400108, -0.8651621656003102, 21.32790618078456;
  -14.86855270244168, 1.057512621015273, 23.58040585122047;
  -15.02741188931333, 1.157614980066307, 23.99048196212771;
  -15.01275445152853, 1.091281324237373, 24.1127825568369;
  -13.54091613922431, -0.9070441017657505, 22.29820875882943;
  -13.25193734234802, -1.171726475972774, 21.92148343404693;
  -15.37308364273385, 0.9554450599223426, 25.3040303336652;
  -13.13424581845978, -1.474589210365807, 21.87604173176892;
  -13.59330306699322, -1.4220373956018, 22.7059227165725;
  -13.88592661782782, -1.164664129745063, 23.2598120483442;
  -12.73584292228909, 1.244497157207219, 21.77794120506642;
  -13.87257168254807, -1.558302052101014, 23.86825218484784;
  -13.48019272170029, -1.035974903461715, 23.22703450820173;
  -19.82688926239787, 1.470682938260802, 35.97393927205656;
  -11.89705877119678, -0.07056824909348539, 22.8713735294531;
  -10.80954501069333, 0.1346715921997773, 21.3123173521658;
  -12.20390105600623, -0.1894730916880434, 24.51318848993835;
  -11.86015339122421, -0.3296896435454774, 23.87135352001145;
  -11.96576190030503, -0.54441379014464, 24.21079387664492;
  -12.26630201552383, -0.4180901922159035, 25.17037680860775;
  -12.41477830984201, -0.17492106126479, 25.46395801691589;
  -10.94434390802788, -1.336588483476192, 22.74898084805329;
  -10.21470830855741, -1.272057257153922, 21.54169178510333;
  -11.94581997416535, -0.3773105435740127, 25.52646699547506;
  -9.161109125862325, -0.9548848635321002, 20.014348742449;
  -11.76250745456341, -0.01953787472725845, 26.34593125644389;
  -11.70507432684643, 0.04854299495351871, 26.67506311551668;
  -10.77884529801414, -0.06025761261619095, 24.6701421271011;
  -10.84135874753327, -1.251256550684583, 24.89700097309201;
  -9.939395193620985, -0.5893671815474485, 23.00668984223271;
  -9.837117921154189, -0.8037252520284873, 23.04583362523932;
  -9.569909611192477, -1.079232471675363, 22.94978487391822;
  -14.4360021366553, 1.036142174477486, 34.99411438903999;
  -14.3902952166951, 0.2393414039002335, 35.33496842237668;
  -13.58498236438801, 0.403986235380411, 35.24626887390071;
  -8.981785277057997, -2.10281115039186, 24.23645389165242;
  -13.63434980510353, 0.6682914142343409, 36.36085017744016;
  -13.1104768283477, 0.466839109315839, 35.42159514404889;
  -8.444162832893092, -3.264046814047927, 23.24310696014845;
  -7.647757498711255, -1.04740114874637, 21.17718144944481;
  -8.639052614889476, -3.25372626606008, 24.17772582416212;
  -7.491625091839049, -1.062130861183062, 21.309864755455;
  -8.221263841858928, -0.8088461815610729, 23.43284625449819;
  -8.213619312632034, -2.45935633661766, 23.46867050379333;
  -9.254290529999182, -5.538204324953743, 26.38305813526706;
  -8.211022114051604, -0.9562387566308144, 23.51394773572058;
  -7.613811307502821, -1.042130788062385, 21.96987378343357;
  -8.128191295648335, -2.631380266940207, 23.54483532086501;
  -7.899017581158948, -0.3182797325662359, 22.94162096595711;
  -7.445794304874024, -1.936854574847253, 21.75199049870784;
  -7.35120567482858, -1.405413833913219, 21.50621164056161;
  -7.452429642536864, -1.277645812274951, 21.79142001656791;
  -7.764024322615074, -0.4516079283497591, 22.84744474248793;
  -7.957849422309135, -2.071358935139766, 23.58768291855133;
  -7.109151853209856, -0.8455537287726063, 21.17943804871496;
  -7.154262091273467, -1.326188142275888, 21.34264198507195;
  -7.599636424162335, -0.3757510913590193, 22.73090802459544;
  -7.100924015697683, -0.716811144656596, 21.35661265696663;
  -7.771438840872841, -2.40090642110325, 23.32420150746956;
  -7.690438912366425, -1.733303375814756, 23.19085232082529;
  -7.143191207133354, -0.9459576646516398, 21.65712097800212;
  -8.221076898733475, -2.283771980086176, 25.05879207251211;
  -7.224017116827524, -1.167909309116789, 22.27181437299863;
  -8.587529327210001, -5.481394675520606, 26.37788182769229;
  -6.940817503095144, -0.8313068548786378, 21.48907951382533;
  -8.301261345361514, -5.71905726269999, 25.70440869425515;
  -6.9087380780326, 1.13937763601628, 21.50456618120955;
  -6.735715797279647, -0.9098611329119378, 21.17448501555093;
  -7.598496083266218, -2.669887290399918, 23.91058845677015;
  -6.68191183468637, -1.022518664222545, 21.15637762208936;
  -6.660026135461647, -1.209204203192206, 21.12420245308691;
  -7.223065303797413, -1.706342476504695, 22.9137097264273;
  -7.299382066228705, -2.699426936499576, 23.22411753924838;
  -8.047733458597403, -2.020551351147565, 25.62574644378633;
  -8.201657489202761, -4.829609482917054, 26.250277320586;
  -8.371785192182049, -5.734487627755356, 26.94968676372713;
  -8.233305326207045, -5.47947187207927, 26.57107902358476;
  -7.58759956903759, -2.545486706527109, 24.6075799997599;
  -8.212700804338587, -5.006724037666761, 26.68922710012032;
  -7.60083271822234, -4.506494603050853, 24.82282695643566;
  -7.282642867811591, -5.387263517086902, 23.96126563667266;
  -7.370393596659513, -2.375551819105454, 24.17784339565522;
  -7.567386598660008, -2.233343574718204, 24.81179973557097;
  -7.927833848640704, -4.823741192610575, 26.05970667572835;
  -8.039106415195809, 1.029627630897675, 26.3209855914419;
  -7.681182995126807, -2.156723176477049, 25.28020720169973;
  -14.0514222340667, -1.155710651385485, 45.44046129348319;
  -6.987363461657304, -2.144930293382445, 23.2582632424705;
  -7.50370110698352, -2.172427444103153, 25.12590960941071;
  -6.329119455954316, -4.967506741477289, 21.50042807311005;
  -7.090359088376605, -5.445364961685694, 24.08630064889749;
  -12.22690278493184, 0.3323915509960799, 40.67123890545106;
  -12.72894132053177, 0.740601412038435, 42.36311942543899;
  -7.835039740222825, -4.811817553232016, 26.67718504335963;
  -9.217043404743587, -4.191901946369104, 32.17253173768278;
  -11.64599291651319, 1.188774776272981, 40.28188437737484;
  -6.861369103576664, -2.476418760773303, 24.38097157493842;
  -4.916492582150138, 1.185039436168137, 21.14269044527332;
  -6.801409194856602, 1.18225035573308, 29.04379389761143;
  -4.831769332653852, 1.124549518876565, 21.36674745238486;
  -2.965000529721146, 1.204441864913121, 17.17662021958902;
  -3.271901065993325, 1.197336159565287, 19.58746251082111;
  -2.870039535283232, 1.188435891145412, 17.39367424031605;
  -3.14649085480493, 1.115676123578757, 19.46820794860403;
  -2.646985519016899, 1.331557952305183, 16.56099369990553;
  -3.136588288083773, 1.228985643879438, 19.50680640065293;
  -3.156705928551624, 1.102567148997116, 19.9419756482733;
  -2.789435519144627, 1.23757025059262, 17.84503127213781;
  -2.898858758343142, 1.24920096173945, 18.98203320266783;
  -2.63218424174236, 1.293760243124343, 17.75955319502941;
  -2.379330837657399, 1.285267174266935, 16.28280621089892;
  -2.541067383534064, 1.041066818996077, 18.3685430613922;
  -2.540338709151007, 1.325765192178195, 18.42917383297943;
  -2.38984505174368, 1.375242955978465, 17.51617869061846;
  -2.599540998364833, 1.314299813593674, 19.25103430375914;
  -2.31009480556829, 1.568937040626863, 18.13504998730201;
  -2.256943615494714, 1.387895568527923, 18.00210236513221;
  -2.211867097300933, 1.393710952780427, 18.40346734205025;
  -1.873041140284375, 1.542947471823698, 15.85110287857443;
  -2.410274836230379, 1.427438358228975, 20.34558409400293;
  -1.861814751184919, 1.553420164022695, 16.83071509330777;
  -1.995688916963393, 1.404626674714342, 18.01619232066525;
