m=[-2.466430037592093, -0.5996768112274359, 8.382909253621703;
  -2.525132896755832, -0.6536641310245948, 8.553361791870271;
  -2.528494178347632, -0.2098636286891948, 8.611449879513049;
  -2.487591615892014, -1.419680089982064, 8.503880914952239;
  -2.492123111424995, -1.490213586133125, 8.563655799133143;
  -2.543890015525996, -0.6966062508256478, 8.752015035475006;
  -2.480304901455883, -1.389759897056393, 8.612570353724426;
  -2.50943393281416, -0.2580518847913697, 8.836042392490613;
  -2.498897582323549, -1.54579734768004, 8.896672627094453;
  -3.984744349093353, -3.492469586801187, 16.63408379830158;
  -3.826128348754804, -3.370498254447019, 16.29866121193002;
  -2.18301880859775, -0.07162903295707428, 9.831547802603529;
  -3.914325823451777, -3.681295612779945, 16.71863375622243;
  -3.836578737164137, -3.113633553711579, 16.49507601224196;
  -1.520210381866808, 0.04838053769884032, 8.81170406067419;
  -1.502204476259068, -0.1928447754927733, 8.813033047114256;
  -1.577446410423756, -0.3868927222342832, 9.340997499463308;
  -1.22611397460173, 0.07924371937604621, 7.924497758131997;
  -1.417957422371762, -0.204551067213194, 9.026485508799988;
  -1.156497055848792, 0.1178405237699791, 7.59981161608216;
  -1.168959640032565, 0.05063027551985044, 7.75047693040981;
  -1.080702553953797, 0.256251916021947, 7.388265510517769;
  -2.562542000433168, -2.427498160277656, 15.98931204276172;
  -2.427123277289444, -2.372465370310422, 15.42406414935051;
  -1.163590086058293, 0.1145985717974859, 8.164262771218205;
  -1.030687804123541, 0.1994520093209224, 7.392205796320801;
  -2.655068397761191, -2.703574292346515, 17.2524701217233;
  -2.643500477988984, -1.637551983454569, 17.74028270941838;
  -2.672626490029332, -1.744006330045722, 18.07510719243231;
  -2.467461253110519, -2.425495745508599, 16.87235309643238;
  -2.243549896955102, -2.082267254226232, 15.98596725647074;
  -0.9883759166411099, 0.2245739265018938, 7.691434048241741;
  -0.94632720860523, 0.2025871793719772, 7.541670148414154;
  -2.516147740116404, -2.4406260496174, 18.06952462777181;
  -2.235881034235959, -1.278490295453567, 16.54450698554022;
  -0.9509306329747289, 0.04086472870733599, 7.798529186780631;
  -2.285741854553455, -1.495509273485742, 17.53283811356305;
  -2.210312284302064, -3.051703936765331, 17.10902516908847;
  -0.9424686194794228, 0.07312535378137391, 8.020349401503266;
  -2.071571844913253, -2.314066315942692, 16.40880211794322;
  -1.276667200239619, -0.5367530268245235, 10.96679203407304;
  -2.079021343767218, -2.309947553016833, 17.08608198156791;
  -1.276056700698295, -0.454260446296768, 11.03665103563176;
  -1.928172637290488, -2.282417952411691, 16.29099034471054;
  -2.055827567191837, -1.867278471800571, 17.60791523920479;
  -1.856372049638709, -2.948606836673589, 16.39681824029744;
  -1.219471954151059, -0.5784412028211713, 11.37237820264258;
  -1.937045497148913, -2.52894792254928, 17.37340807112489;
  -1.116204808999742, -0.5811262180363525, 10.90047617030851;
  -1.782090037620847, -2.561866512906157, 16.5269962672057;
  -1.774234279059364, -1.335043829952657, 16.98467358724633;
  -1.704819369909198, -2.651469694000991, 16.39354654638876;
  -1.699327091249909, -2.348823503158859, 16.57071664406351;
  -0.9984641631900881, -0.5677473419637128, 10.60049481090074;
  -0.8166372466109583, -0.1751457276442107, 8.983440665116214;
  -1.373893182356552, -1.045452585178921, 14.31208037435477;
  -1.760586928311016, -1.94325043406391, 18.0824392489664;
  -0.9767742999100667, -0.5171275302361102, 10.69465862786374;
  -0.9690650273508619, -0.4296894069298327, 10.94519060934049;
  -0.6869988251060586, -0.187632410989832, 9.487723018429682;
  -0.7466622020829329, -0.7492853468184449, 10.51466308442423;
  -0.7018108760864544, -0.8234160017248695, 11.53106469968338;
  -0.582911556078188, -0.7993564842977351, 10.6181034496486;
  -0.3919898014030014, 0.3150905970331141, 8.015599374980289;
  -0.2876933428461224, 0.1903724440151012, 7.170271920950508;
  -0.4724826274252404, -0.5987101218002922, 11.31281992861042;
  -0.2524540093456664, 0.327971273079916, 7.158819486416636;
  -0.254929717321257, 0.01583878641852155, 7.143967327079082;
  -0.3943202250687896, -0.6672457301191733, 10.89341357921661;
  -0.2275067194597256, 0.0926864694529586, 7.335628343461131;
  -0.1753801019166317, 0.01136606477470373, 6.465810379348017;
  -0.1150811835377909, -0.06090472727693792, 8.488891964882052;
  -0.06184474220746918, 0.005916973656407231, 6.100990112593025;
  -0.1351365720561776, -0.7370898216850885, 15.45035630845517;
  -0.1466358120358315, -1.318255005394239, 19.18568746947188;
  -0.04619007926721514, 0.04586040370585829, 8.710784199612554;
  -0.04438518050877958, -0.2734999929916232, 7.994815219079035;
  -0.04929906018885667, -2.215590345351687, 12.09321153128351;
  -0.0257328807523936, -0.5545436321912874, 12.24347991250091;
  0.01378776281759617, -0.01680183116371565, 3.722034524835123;
  0.0350354532345065, -0.2540782847579331, 6.978376044237781;
  0.03353279282490389, -0.725003376986276, 7.35237945430063;
  0.03749000300867398, 0.001882931524487037, 5.324531160724168;
  0.07417613042514419, 0.04650082490404679, 7.759572204828735;
  0.06843032219312731, -0.01533999173499599, 5.976229702031175;
  0.1068663457559189, 0.01279768719980615, 7.476484371353698;
  0.1252089438469158, -0.7228341858444437, 6.917233115577022;
  0.1323953556280346, -0.7443374737203432, 6.901895658793003;
  0.1275469652669175, -0.02699666013021052, 5.997822454930518;
  0.1592801127903838, -0.2975732549520531, 7.201766228417199;
  0.1485180367055364, -0.2021974204197384, 6.747674375650143;
  0.1659859524980497, 0.1761888306442046, 7.238637739165862;
  0.177668562862831, -0.03269019318665742, 6.879102678833727;
  0.2809296263661621, -0.2389357343949317, 6.73584669458872;
  0.3291171266477377, 0.2148538464038923, 6.530420153095514;
  0.4320517332171884, -0.3564470270947439, 7.393511501220064;
  0.4557233990253978, -0.8957179028417108, 7.632047916827388;
  0.4386230611814126, -0.07686391516345159, 7.223641273480517;
  0.467145915022092, -0.779731503060705, 7.662598172697196;
  0.4064457284104084, 0.1630740385342309, 6.626317638936718;
  0.4122938643780289, 0.2801499677626478, 6.508178568031329;
  0.396962913206603, 0.1083635867716287, 6.175714669442181;
  0.4337587288365152, 0.3482275826506251, 6.346135545926566;
  0.869223663476336, -0.8667544618194768, 7.694819305959008;
  0.9826215504178351, -0.7754429700556271, 7.615657781680866;
  0.9997468169107541, -0.901723819655035, 7.665911068479022;
  0.9727999249999125, -0.3534377986691195, 7.413477799951275;
  1.001213555539684, -1.050270577367799, 7.567973241314725;
  0.7054945952150148, 0.3015717746496924, 4.254237427367752;
  0.7630184012433351, 0.3466316584759638, 4.365073532685473;
  0.7539329576202156, 0.3585423487423997, 4.313814161220592;
  1.576360104148521, -0.35532645172103, 7.529215920625461;
  1.603872056459645, -0.7629803957960415, 7.65397955126767;
  1.583538814398079, -0.7170228331908312, 7.563617300738497;
  1.604319565507067, -1.052612241626701, 7.649612345161301;
  1.637110126005214, -0.1891502804975779, 7.649730813288538;
  1.698218412451103, -0.216105932886937, 7.572704054607596;
  1.846876412270004, -0.7937855001325971, 7.802459628350415;
  1.909558520477243, -0.8703485523519413, 7.55333128027553;
  2.083387575111016, -1.645477256474573, 7.938645434709492;
  0.9501797473753842, 0.181026790335918, 4.090063965160242;
  2.049991516316223, -0.3519000691088426, 7.695992743775904;
  2.038386308387157, -0.7786385174109596, 7.632388194446471;
  2.057408669804486, -1.016536144559784, 7.655495449178891;
  2.14781879865059, -1.596853257674923, 7.866942577293503;
  2.074705363312817, -0.1046688798142237, 7.147112419334761;
  -0.9864036876994691, -0.06363873462267712, -1.269514281054194;
  5.716207789639888, -1.464970083703751, 9.247334919205299;
  6.061141472110617, -0.7479138954016161, 8.586461860353177;
  6.084149955167343, -0.8724339620824312, 8.575967626159446;
