m=[-6.206342253926755, 0.09456710898462807, 11.20306723602656;
  -8.263482103911819, 0.6532697762709872, 15.31134641736643;
  -8.051089885042432, 0.3296215663266712, 15.35018506763245;
  -5.226427065057086, -2.138498036951098, 10.62823291314965;
  -7.19946967208356, 0.6012339065811713, 15.17452865178704;
  -4.355888936533048, -0.9981944311788213, 9.881577942412664;
  -3.873552123121307, -0.420274511012913, 9.396596374372491;
  -4.619474375744203, -1.588950053262452, 11.01760369312978;
  -3.94293398373998, -0.4487236524783179, 9.601103755264925;
  -4.526786510628369, -1.622707638935388, 10.85922448431779;
  -4.447873309655517, -1.49099737362523, 10.74263442661418;
  -3.787042910218979, -0.4073489737538955, 9.391084335763228;
  -3.807228571246814, -0.6190015324553883, 9.517237701739992;
  -3.713816401126983, -0.5307742915411817, 9.310942160923693;
  -3.685173364354071, -0.5763323573438702, 9.398097338447526;
  -4.598139921363293, -2.617002491918854, 11.53121628003192;
  -3.559021616455492, -0.5700692826189151, 9.243877140887319;
  -3.549609269165059, -0.5261009286854449, 9.257008830459396;
  -3.552587430169385, -0.4243016824293943, 9.319829643219375;
  -3.925554906376709, -2.090365346435041, 10.22050550733951;
  -3.575123069456885, -0.317492301712736, 9.477969225634455;
  -3.43907501134192, -0.3604190775762736, 9.22823982016217;
  -3.985125398167985, -0.9907699118301165, 10.60614580489319;
  -3.4404230968184, -0.5077701701835076, 9.314607999094443;
  -3.90187703150815, -1.042685947569055, 10.48362546287043;
  -3.827154934994224, -0.7700068492588029, 10.31964274012202;
  -3.731232806696633, -0.6899279524781716, 10.11153019023247;
  -3.308644886029577, -0.3872981269592823, 9.168028901818255;
  -3.774373073960996, -1.145170433184428, 10.31969886196316;
  -3.326511667660174, -0.4463214959001681, 9.231266824468504;
  -3.639658621233752, -0.7190714914391797, 10.00004712527096;
  -3.792925793142954, -1.215165414809655, 10.3748635885517;
  -4.330946312099231, -2.630015592865195, 11.72415419561377;
  -4.255572856905299, -2.645052923674216, 11.58252453765746;
  -3.79331715252886, -0.8790903657153113, 10.49894275010508;
  -3.833695898650197, -1.015988063119903, 10.63450098126459;
  -3.74402766245227, -0.7288879495255526, 10.41827157902551;
  -3.753420382430602, -0.6900291894201419, 10.49526174165756;
  -4.27793919619787, -2.79606812870811, 11.78144166942429;
  -4.189033244371622, -2.342087844111183, 11.60117904744459;
  -3.821677175543041, -1.142989056409093, 10.82685818890003;
  -4.078009304986079, -2.273838104387856, 11.49103191350091;
  -3.723877691191662, -1.074894316265746, 10.639027128658;
  -3.587893199630044, -0.9838408789648746, 10.36961190068113;
  -4.088942070330086, -2.586798690568401, 11.62741890400722;
  -3.858703381688187, -2.232506490755094, 11.06261237511306;
  -4.090366463683654, -2.309162197191809, 11.75665585236359;
  -6.030482281052469, 0.4469801316182838, 17.32551629586167;
  -3.781010799256394, -2.216484798138571, 11.23781460172096;
  -3.915856698187315, -2.43726386443566, 11.64540161127923;
  -6.480879352603004, -0.3925048380866771, 19.33099406817743;
  -5.751732090300713, 0.6872575733776374, 17.51876376144186;
  -5.786158908621956, 0.4903656688302241, 17.68174705458147;
  -5.990574265220691, 0.3522505471252714, 19.551838099008;
  -5.938593744693741, -0.3188844550367883, 19.61855663353992;
  -6.051622410506663, -3.243018113776539, 20.38764362086181;
  -5.759123662075711, -0.9028679655673407, 19.58812442312445;
  -5.976238488377352, 0.1454910673286553, 20.53115100536114;
  -5.870960181654257, -3.565966430063295, 20.16301932172143;
  -6.077354643531126, -1.644450852608613, 21.1322865173572;
  -6.654570734786271, -5.666431615795863, 22.88083850382838;
  -6.052384671597803, -3.517552303520684, 21.1677757002391;
  -6.070841130837878, -2.065451270643523, 21.29418091632821;
  -5.929555408282527, -3.607995452011515, 20.8339126893898;
  -6.212639643908848, -1.887139590093654, 21.87691953102904;
  -6.118855105459857, -1.749424936889384, 21.58928890904436;
  -6.157616607894251, -3.301421229923109, 21.67406559727375;
  -6.147744852199081, -3.086923799309365, 21.76158008871693;
  -6.094026148349274, -1.654169735271406, 21.63732371328739;
  -6.026203614099438, -1.947785187848314, 21.49192195668056;
  -5.974449522040131, -1.754795743438359, 21.61199672846593;
  -5.95652808367453, -2.121473431418268, 21.55314202967498;
  -5.560853399541012, -3.965888967753534, 20.06073231613456;
  -5.862319057235196, -2.975137176990365, 21.30732814303176;
  -5.986530788352363, -0.5467438089272709, 21.88699213974862;
  -6.178703908372154, -5.38210039499964, 22.32130877844505;
  -6.075828267454613, -3.830144152009643, 22.10321351037218;
  -6.062443570605428, -3.233813269498948, 22.08937298507232;
  -6.049082744526256, -1.662519369487389, 22.12854700404306;
  -6.074538657818096, -2.383696869497642, 22.6530305094897;
  -5.977511963031643, -1.709162712996549, 22.35976824327281;
  -5.820875464993457, -2.033056269580547, 21.87546008901069;
  -2.872041858956997, 0.6441968984834214, 11.42220365804882;
  -5.961003817797021, -3.020032362965942, 22.63816307139929;
  -6.133078621588123, -3.860778264009928, 23.36366288787531;
  -5.599164193928649, 0.3974142392325913, 21.57173470735949;
  -5.995202917621405, -3.254829625843601, 22.87902172727812;
  -6.309163177386091, -1.513963743284367, 25.17666813995554;
  -5.22963861913581, 0.1555234392459625, 21.67362805675332;
  -1.868285401234843, 0.7231653637359533, 8.473047572406154;
  -7.743211727300461, -4.651290771139813, 32.07914452557644;
  -1.495321920821474, 0.7446175777941291, 7.061497251532625;
  -1.824774949703379, 0.7591781156493481, 8.416960420851408;
  -5.033363629981411, 0.3346007999009724, 21.59503541309252;
  -1.693901815316353, 0.7128142074088004, 8.215780331631414;
  -8.951160310034707, -6.036440616898397, 38.98961576991366;
  -8.703395425358739, -5.724464070860745, 38.09343217700366;
  -1.420596175520687, 0.7255238397452914, 7.209765906360427;
  -1.739471425190326, 0.505235620703902, 9.075457222856995;
  -1.727563716973952, 0.533701729079305, 9.185080854668485;
  -7.92543389986173, -6.273399223037886, 40.53993914186997;
  -5.279544597221754, -0.6865977978884239, 28.05785454835619;
  -4.158819312951864, -0.4235857006539822, 22.73553408252858;
  -3.573264615305452, -0.7173136346938531, 20.01159797153238;
  -3.186793774277892, -0.361852262736894, 18.52658825914977;
  -3.480108123142069, -0.8436423430831557, 20.16298420617373;
  -1.132801768811064, 0.8155520814863638, 7.316703915756275;
  -1.111192584157324, 0.8402739743467773, 7.21877794815615;
  -3.523972719594044, -0.5181036741458208, 20.725936637105;
  -3.628925541624868, -0.8045940206994255, 21.34164083514997;
  -3.862743663702453, 0.02183264025611368, 23.0913135578766;
  -1.147940529934484, 0.798928452698217, 7.597770624589192;
  -1.064186228208132, 0.8664403552726457, 7.145932919845455;
  -2.914356485345008, 0.1639290218873426, 18.50582676561262;
  -1.136309406891167, 0.808402495914466, 7.871065707613018;
  -0.9512379337397531, 0.8731917441483688, 6.852240414317553;
  -1.159091649266184, 0.7706778405459979, 8.18261415771997;
  -2.822103442301404, 0.4003515995892879, 18.58759422923266;
  -3.29428801459492, -0.5739889389623265, 21.62945242887292;
  -2.684726558395052, 0.5236792225010517, 18.13391240363037;
  -2.547998539125703, 0.1852789815790439, 17.39173530774581;
  -1.00831390402141, 0.7951594351391708, 7.543365428717331;
  -2.931903208424842, -0.08155634469836125, 20.25663085553549;
  -3.411460462608346, -0.5565785224689283, 23.4506885418171;
  -0.8629408282383989, 0.8817601414514033, 6.75861934878462;
  -6.683914321163664, -4.36364562842182, 45.53847635936883;
  -2.495685861938474, 0.514992406491694, 17.79235548264645;
  -6.584882809224134, -4.5108726356796, 45.19370435198752;
  -2.813374688708172, 0.1838492226356571, 20.38070659855813;
  -2.480155377556756, 0.1658031932047525, 18.3973470566279;
  -5.895411640882741, -3.324625625207391, 42.26299118066203;
