m=[-4.533787703271588, -1.011342014257099, 7.667841748055063;
  -3.966220940972857, -0.4797313308201007, 7.08989649973431;
  -4.553820147075962, -1.060589744368139, 8.29493796006718;
  -4.552951304659281, -1.125562458157456, 8.3163406494157;
  -4.622050387049971, -1.132071864144268, 8.428229836189468;
  -4.494753907945403, -1.200228210134494, 8.272027226436839;
  -4.438656407380659, -1.14504613934616, 8.220349297711401;
  -4.364860764053557, -0.7658448861333719, 8.112907723441197;
  -4.345950641992618, -1.387059096843557, 8.129644890348896;
  -4.387131013670057, -1.315197768804707, 8.203099584752557;
  -4.349841928388296, -1.195307168107977, 8.1973418553022;
  -4.343912179169578, -1.361827355194947, 8.223144527556322;
  -4.423832464075783, -1.266140131224578, 8.36381878240854;
  -4.28245818834204, -1.140249184733221, 8.174067770320432;
  -4.322615873043833, -1.337735867962165, 8.25925110074091;
  -4.316375099010983, -1.367539978404082, 8.279804237621207;
  -4.411576526383455, -1.087586247572929, 8.467405520658584;
  -4.235295553839134, -1.299435091017881, 8.243096374232099;
  -4.1297798763698, -1.402768565020835, 8.068188434723588;
  -4.1585127897768, -1.14842125128325, 8.210915703460302;
  -4.204781242961629, -1.220692262817396, 8.299764675481622;
  -4.243142494885142, -1.110485500478973, 8.375296324286095;
  -4.260144424328429, -1.060585189799209, 8.430301353112345;
  -9.390791245683676, -0.683813764438227, 17.83129035654348;
  -4.07713861448358, -1.086043134546716, 8.38842477343743;
  -8.945268662735428, -0.4547208836071271, 17.34377076826436;
  -4.048900489982646, -1.138995949686772, 8.450655661522617;
  -3.889116640235554, -1.205904461681677, 8.214374853521285;
  -3.890594141882303, -1.252787112265994, 8.242005623198583;
  -3.984732290295838, -1.163541632281968, 8.445772924041796;
  -8.742779800835594, -0.7212709022410648, 17.55033023026936;
  -1.657943489696817, 0.8494744016005056, 4.605267505697102;
  -6.747770220270041, 0.4408928317629379, 16.09884853597868;
  -6.949893468413135, 0.2620301679068628, 18.05061343139824;
  -1.844029860825473, 0.8128041719683509, 5.567079348783309;
  -6.88901969686533, -0.4586760462593769, 18.15294221376357;
  -1.426291891077438, 0.8753660651099046, 4.622011577897785;
  -2.038851641791176, 0.4722631728882532, 6.346981416506176;
  -1.727422762982533, 0.8212656808579407, 5.572932074824345;
  -7.135205083986048, -4.257253115848259, 20.3614841424593;
  -1.907047962379008, 0.7550801550596319, 6.192641975077705;
  -1.868701833136994, 0.8101711636301038, 6.114027842660784;
  -7.143485373618331, 0.005246364509161307, 20.77683301783292;
  -7.1065783049901, -0.8962685380900037, 20.75370711578943;
  -1.788660987335627, 0.7848811607995299, 6.034929452954148;
  -1.742334101256008, 0.8026999753267534, 6.03570814266415;
  -1.816177338796184, 0.7926042543531061, 6.296290181722031;
  -7.045509098002614, -4.600437742813527, 21.6943533706074;
  -1.280104297664334, 0.9252529273479254, 4.750193491189753;
  -7.117920927208407, -4.346858477671448, 22.17333800274565;
  -1.533153918694966, 0.8248499295865641, 5.985729266393945;
  -6.136321766280713, 0.2434586140482286, 21.02289530601325;
  -1.522371271682831, 0.8480647152194742, 5.98813448630323;
  -11.33505213418298, -7.268060428673468, 40.83235522702601;
  -11.12240894095997, -7.553165405947041, 40.21004499431829;
  -12.10301867406713, -10.38863590896651, 44.17797269856605;
  -11.34521543712691, -8.019236104905685, 41.40708183257113;
  -11.75709626579754, -9.698483223790628, 43.1902389970868;
  -1.517676967649118, 0.8574423766099194, 6.506582979581958;
  -11.22372257637636, -8.918222224899404, 42.03590991157742;
  -1.41197982301591, 0.9152660374742786, 6.219599193052243;
  -1.337785419136163, 0.938230033450517, 5.971094324864853;
  -11.60502451227969, -6.586464072964035, 44.85922644096191;
  -1.379678009161546, 0.9208199651356919, 6.252740609851353;
  -1.271439385991063, 0.9151041676994085, 5.931368024484983;
  -11.77172286758363, -10.68233438733262, 47.21303221236557;
  -4.373037995634578, 0.3622187710026124, 18.13256864113396;
  -10.95693125090338, -10.17508602565946, 44.88105873072691;
  -1.430139839940639, 0.9500089521588855, 6.761390720181273;
  -1.329743423779963, 0.9498192034505728, 6.470372465376594;
  -10.36168711920311, -10.61826495548612, 44.50886259154107;
  -3.987581833686363, 0.2360553536117587, 18.38274969357408;
  -9.236244815689414, -9.478386773230538, 41.46785427623073;
  -4.388198865461717, -0.05671829003816614, 20.33540904144609;
  -8.582177307073838, -6.671524722851009, 39.03554751210999;
  -3.533237730809032, 0.3618883035679131, 16.64699270628824;
  -9.21586273896788, -7.441583220875518, 42.30891036210531;
  -4.469816229612653, -0.7316141571735249, 20.98585145505022;
  -10.66489913353661, -7.825455567425042, 48.84275553005127;
  -9.646089793905025, -9.434315479677014, 44.78746235740075;
  -3.736962024807428, 0.1688157637059207, 17.9467191972224;
  -9.062544859987044, -10.11166365106744, 44.00479473260987;
  -3.407463498952833, 0.172171789740842, 17.48147304460633;
  -3.505969565201977, -0.02466578862724194, 18.03804171616352;
  -8.513345851069774, -10.21282536665989, 43.01442083950875;
  -3.215035787119994, 0.5415656171409353, 16.86955686438955;
  -4.085342202721102, -0.142970452038528, 21.47024510227076;
  -8.205761094421579, -7.50007694718355, 42.55975877149317;
  -9.046132366609514, -7.220036460576546, 46.90168413960959;
  -8.494461223500306, -9.450900476607846, 44.21872573091661;
  -3.168235214784424, 0.4019210168486254, 17.35506583680428;
  -3.521879568301871, 0.15633219164263, 19.2002777765664;
  -8.282219660384492, -9.338272509128736, 44.23371594667413;
  -7.627047566303022, -7.113880307688092, 40.77182449536146;
  -3.388699161506784, 0.1597230307584617, 18.71183728008509;
  -3.356301113664835, 0.004489968640217643, 18.60229347734905;
  -7.246001625287238, -6.363750945090256, 39.28026484218352;
  -3.103862210897348, 0.7395023922089291, 17.43575385274451;
  -8.254697640681208, -7.98522133406937, 45.31529662390658;
  -8.254824760706951, -5.007385124951684, 46.58624069225154;
  -7.662668751418392, -4.886413708218578, 43.63283824435954;
  -9.208847859551058, -8.808266775399984, 52.62208925467238;
  -2.755422724296107, 0.3835859703143775, 16.61560493951826;
  -2.830085655564817, 0.2761610077359915, 17.1794089044675;
  -7.366590307908242, -9.958673928126412, 43.22707966719027;
  -6.521732816028814, -5.703302245163217, 38.56430943798832;
  -7.046893146229139, -3.64934492175346, 41.47874243243702;
  -7.536839396817912, -8.433833148499565, 44.44019513261557;
  -3.101108111004447, 0.06311342478711787, 18.92649395125266;
  -7.80485109539663, -4.753277068208104, 46.42753764114087;
  -5.069022428676323, -1.920635196494556, 30.55761952443545;
  -2.974163097761864, -0.04078192227969579, 18.4946046981582;
  -7.625399481243819, -7.040123487177485, 46.00153642965496;
  -7.074868586878775, -3.846654057726004, 43.25384726532871;
  -7.496485005092314, -4.18295042632333, 45.86839033930547;
  -2.833213599772154, 0.0406010405736277, 18.25913084892559;
  -7.668044412805743, -4.841912982208743, 48.64177477990039;
  -7.182299715092152, -9.225476078955342, 46.27900272069412;
  -6.990003015418268, -6.866601518089055, 45.25845369921541;
  -6.658854267042465, -6.914431243848887, 43.40395329689353;
  -5.443436004862499, -2.746345638831859, 35.55828550774099;
  -8.123404316426166, -4.736448488967357, 52.83719437977165;
  -3.918306328630776, -1.6578332661094, 26.47745909744124;
  -4.046068007275855, -1.600386137657167, 27.43644521008002;
  -3.963877408835837, -1.461651755763406, 26.95779282914306;
  -6.851327442897878, -7.122972617674259, 46.45429589030655;
  -6.364995616743005, -6.97748487200886, 43.99129999114008;
  -7.020240682504383, -6.402143238258359, 48.92976737490959;
  -7.122066820168827, -10.50577816057992, 49.79672119631501;
  -3.398531099220143, -1.740804585899837, 24.39805232102738;
  -3.700951307428305, -1.479920812955818, 26.81031769675831;
