m=[-14.26759417004296, -1.594741935076039, 18.74211338067311;
  -13.79060086403062, -1.567949479165091, 18.34663896314972;
  -14.25110491017395, -1.487944682193013, 19.09339145994102;
  -13.90054455401452, -0.5684519910494182, 18.74786459608946;
  -15.0737177330528, -1.269848913329354, 20.26693136128303;
  -15.43077772861255, -1.421988313452947, 20.76254958225837;
  -33.88808906372552, 0.8857235238416338, 44.65752289645369;
  -15.27055621238332, -1.356937554584246, 20.84134458838547;
  -15.4250828393512, 1.404598632150839, 21.57564099625472;
  -12.6379188025106, -1.573721486647761, 18.64192202750855;
  -13.638684870432, -1.544667803541963, 20.23050483709976;
  -13.56097002503941, -1.285894342979879, 20.13162436078761;
  -13.7068874109609, -0.8192873674624026, 20.40994198405281;
  -13.97164325866312, -1.242922117456625, 20.85115644786092;
  -13.94378643134734, -1.150499855725071, 20.91751028084498;
  -14.20472538785324, -1.752272771946476, 21.29581115733881;
  -13.74921233928156, -0.9678770551325268, 20.74624221451449;
  -14.60093094023342, -1.443796554424737, 21.9753905534547;
  -13.1142459232996, -2.112333150252757, 19.830473770018;
  -14.14674371406993, -1.303864964612529, 21.35234333585907;
  -13.61676809438077, -2.113121715784901, 20.63183818404094;
  -13.77397826129409, -2.032046004786622, 20.89819775240873;
  -12.65133456558558, -1.945647103080519, 19.41484308204467;
  -10.97601842821502, 1.380223079162084, 17.06596162886743;
  -13.63033292838595, -1.90128084921506, 20.95060630046102;
  -12.49865560368915, -1.930505843372836, 19.41477712229061;
  -13.4162896604125, -1.494545722130936, 20.84085258379485;
  -13.63957608009459, -1.59551235457758, 21.20489658228896;
  -13.29792491481603, 1.133596596127557, 20.81246667212612;
  -12.21260015731421, -1.869502342617043, 19.2436874543559;
  -13.56238790439493, 0.002275581330009001, 21.4152604290553;
  -11.95590134091302, 1.165361204402248, 19.07503545713764;
  -12.90960655089472, -1.722249223253692, 20.46437958806685;
  -10.33807564096302, -0.5373047044638261, 17.04306122277747;
  -12.32822884006714, -0.8223616088553658, 21.17151103733954;
  -12.51514391643093, -0.9328845201287719, 21.63637139222105;
  -10.95584820469125, 1.171938767672646, 19.21097335537861;
  -12.64301929333096, -1.010895709792072, 22.02660680767495;
  -18.8327067642292, 1.232275729920229, 32.4992906220625;
  -11.86776246012673, -1.077811220093033, 20.81694306603656;
  -12.850727085333, -0.1128681950155948, 22.51893119479585;
  -12.98954021183569, 0.06158704851089052, 22.83956578793275;
  -12.12192935144814, -1.492352786391981, 21.34626825731561;
  -11.50135883393088, -1.073756668010885, 20.39053456500418;
  -12.31549223477766, -0.1012488066068826, 21.80029919021809;
  -12.88187081886051, -0.0413121703573627, 22.77281088496753;
  -11.62179530566148, -0.6500718184027347, 20.84545728438095;
  -12.62176015403241, 0.08052841498675892, 22.70875465972897;
  -12.79066513642752, 0.1948935740978714, 23.08842723364728;
  -16.28917658197041, 1.264748592447599, 29.33931106992669;
  -12.13948423845609, 0.1193831121336272, 22.46842651269785;
  -17.34700187168444, 1.371367649761491, 32.14213471029727;
  -16.95282349760637, 0.6940695377556521, 32.32220504588172;
  -8.607929581406321, -0.8066283016943865, 16.90162583764316;
  -10.3762192070131, -3.587766676066857, 21.59992139626826;
  -15.46126138293264, 1.291183240618185, 32.58814392368716;
  -14.85948234843066, 1.408556782971611, 32.65764739230887;
  -9.244290856552016, -0.07081187704997849, 21.36170443038229;
  -14.36736497613712, 1.242646882612015, 32.99373722083175;
  -7.740696261705614, -0.8459486707618058, 18.32374259363086;
  -8.164857184286902, -0.9900149052570938, 19.32785139308593;
  -9.451604453280028, -3.251046802708044, 22.54239847659807;
  -8.70341174489071, -0.6637849925315111, 20.95720187642656;
  -7.803505140198623, -0.8466684331953737, 18.93001198308417;
  -9.103325272467247, -3.051578389843136, 21.98661892108784;
  -13.28994884080241, 1.140539578298983, 32.22525137576825;
  -13.70654341163405, 1.012739465417916, 33.21434852241112;
  -8.0789133687573, -0.7014628992196238, 20.01309444072903;
  -13.07089665339695, 0.7909752696011516, 32.12043812280426;
  -7.771547035125959, -1.263543660242257, 19.427165734713;
  -7.691396735199313, -1.099245415537705, 19.28316922625101;
  -7.564666295161395, -0.8534734902743202, 19.17981252322684;
  -9.53683093609064, -5.427827502334531, 23.91646666497163;
  -7.434041995218568, -1.162626157331032, 18.95863325317849;
  -9.620871767282491, -5.375526976557501, 24.377632110192;
  -8.361028151004787, -2.019983668930204, 21.40775459149263;
  -7.314005526442739, -0.7539948190596992, 18.97954314815526;
  -7.151088420545385, -1.145431605977356, 18.57358282891738;
  -7.016629296049351, -1.191610796907312, 18.30868145178788;
  -7.189685578240799, -1.065610317317702, 18.74994621637799;
  -7.200077682448802, -0.859938040747867, 18.88862659607202;
  -8.24175962029201, -2.305486193776182, 21.4796429190269;
  -6.990844798944511, -0.9189743068909013, 18.43022123513643;
  -6.732165655248342, 1.322817152265038, 17.93734741721676;
  -7.255486629454348, -0.6443305881443088, 19.23494035169462;
  -6.98439058208892, -1.228489168688594, 18.69954237469643;
  -6.974991819026644, -0.7309872885077638, 18.71634001508191;
  -6.849565495781758, -0.921888091156033, 18.42156087318228;
  -7.859676410734407, -2.100315842794555, 21.11750398183332;
  -6.914673725118044, -1.020532927305814, 18.72080072089819;
  -7.77081080630155, -1.563453177825304, 20.95342171513958;
  -7.842870524570945, -1.798876724692915, 21.18778812994325;
  -6.882631658180182, -0.773970399239946, 18.79487924989116;
  -8.896044561495543, -5.402222568816925, 24.08217296036418;
  -7.709931477098755, -2.339245590310896, 21.0801024516985;
  -7.820339694992033, -2.505455378694048, 21.39112705509775;
  -7.46984796983362, -1.475785308313184, 20.5235818769247;
  -8.734247713133954, -5.740741827836984, 23.75269330426672;
  -6.67623454053384, -0.7814961175215426, 18.49938972942544;
  -7.751576431902945, -1.796405596049065, 21.45440360222916;
  -7.397021940477075, -1.297559733432813, 20.55264830029184;
  -7.996743557510342, -2.119259381298886, 22.18260901685164;
  -7.594107363254092, -1.478422128124365, 21.13164753137481;
  -8.868822008453789, -5.796676722068045, 24.42472984701856;
  -7.43015917480094, -1.565794157239417, 20.73842741622795;
  -8.618717802248368, -4.818723800674573, 23.86882188572368;
  -7.731911314621516, -1.421435371873205, 21.61986261653088;
  -7.672509394275282, -2.120475065433165, 21.44701970863734;
  -8.264356226166267, -4.503617319475681, 23.10650802791922;
  -6.687634079526618, -0.9549299330878924, 18.98135579317943;
  -7.717223375152297, -2.353672461620007, 21.81093089453314;
  -8.365532423612583, -4.664498034628029, 23.5724327395783;
  -7.149582811870427, -2.32350973136188, 20.39996536075193;
  -7.608855782964516, -1.981809935903653, 21.72360936156082;
  -7.735698992704886, -2.232903325280877, 22.10070208191587;
  -8.075762797443346, -5.108992074343828, 22.9644429782031;
  -11.60336528840542, 1.387283852712276, 32.89248907448226;
  -7.690672095275215, -4.449545267576212, 22.04857846754371;
  -7.314502134963715, -2.005719180937488, 21.14013549625675;
  -7.404392653927725, -2.328433937779272, 21.42123128867678;
  -8.46724648954855, -4.780071830131922, 24.33681771024193;
  -8.005486117345621, -4.842163145141376, 23.0728586424312;
  -8.37034481100423, -5.669449423341088, 24.2212853978954;
  -7.664239887735096, -1.963653295122919, 22.38216122454885;
  -7.595336725131475, -2.346916277557005, 22.2323153801575;
  -16.73291966729569, 1.240246183749781, 48.07351366970269;
  -5.857588751339743, 1.401500791753858, 17.58078137658493;
  -7.821536605014384, -4.585101155095419, 23.24695245118374;
  -8.142709773054765, -5.068094626047048, 24.21567815676363;
  -7.363618213029193, -2.170936183466968, 22.25369874285325;
  -7.313738247286626, -2.060772894168217, 22.14411107093471;
