m=[-30.46975981020309, 3.122672344999402, 38.53448277689181;
  -23.00854006140022, 1.48204233777534, 29.64622588604083;
  -24.06821676516837, 1.596440994704889, 31.25987339190067;
  -8.928478444590844, 1.124595157954993, 13.26494413615817;
  -9.503560010766543, -0.7307843131160555, 14.39796625431274;
  -11.45568531868078, -3.60560517662799, 17.9554373145482;
  -9.08407176405443, -2.026363834567159, 15.36358322743728;
  -9.099016438623812, -1.782709863462008, 15.50095517099852;
  -8.783265612920925, -1.641010781076601, 15.01326287128132;
  -8.990233137122662, 1.402221019006541, 15.72572040217594;
  -7.396757946478175, -0.894669406023494, 13.2222206111529;
  -7.489454013453644, -1.016649862892849, 13.44727252804468;
  -9.014142865074039, -2.017942306060853, 16.32590669653964;
  -17.11211454729981, 0.1858487348034424, 30.23562063565606;
  -7.31758474647815, -1.054906458357638, 13.49640679951098;
  -9.294143821721441, -2.27640069683372, 16.94771231389905;
  -9.308701093183766, -2.017382243027176, 17.0117690512915;
  -8.604264216578002, -2.664750973564078, 15.88714144382814;
  -8.719426175863486, -1.469294970524403, 16.1798077079637;
  -15.80945261056221, 0.5818676781104537, 28.58003230627998;
  -8.677639953870845, -1.522551701330071, 16.1290121285841;
  -8.549332079575375, -2.798034596002727, 15.96778031471968;
  -15.51039018272701, 0.4824571727325253, 28.18176323667754;
  -8.45741099716038, -2.699277977528392, 15.82064633553246;
  -8.706336158403403, -2.610032354702107, 16.27919072924371;
  -8.768642283613566, -2.142340437818718, 16.50599228247871;
  -8.503678944654366, -1.525175879199672, 16.0867570230945;
  -8.694561125211688, -2.725766703688603, 16.4590419390008;
  -8.934824874252501, -2.55722621293212, 16.89242454538033;
  -8.429716202652186, -2.244499912170273, 16.0900745540551;
  -8.520081388406272, -2.636740993411972, 16.27937657482504;
  -8.503612345017624, -2.81292969160469, 16.27434928410395;
  -15.54051674782704, 0.7113476190709499, 28.97838889986856;
  -8.590152184765186, -2.721583797463118, 16.4778956484868;
  -8.83532767700344, -2.178173906049609, 16.95817853360838;
  -15.25048723665297, 0.5628724686723177, 28.76500962966721;
  -15.27644820584751, 0.6486776490679571, 28.86280170495808;
  -8.636851032325573, -2.649880548979542, 16.80978210949427;
  -8.18600090388234, -2.780551284804129, 15.99266784102714;
  -20.0371375234311, -1.459053883746124, 38.04663608708308;
  -8.233132484518238, -2.390165038769815, 16.25127639587606;
  -8.297739294182289, -2.291516372505488, 16.38375095089651;
  -8.554163912324015, -2.238735796595829, 16.88457497210859;
  -8.494608480219071, -2.114777117839928, 16.80978441857388;
  -7.516347888508289, 1.429181396525668, 14.99560254029312;
  -17.68005689068778, -0.8987422731135027, 34.27944597789114;
  -7.944327617805168, -2.461847480382025, 15.99643392141534;
  -8.216765372333704, -2.101934020741071, 16.53792150901419;
  -8.099431133410366, -2.21435352587112, 16.37076890860949;
  -8.257766108287253, -2.513717619449247, 16.91614118026078;
  -8.147904984282446, -2.289028290570139, 16.74786305944828;
  -7.24569677382248, 1.413532789543958, 15.02830176100464;
  -8.433218209492173, -2.246388853696946, 17.35075091560704;
  -18.11270177646926, -0.2650951908158901, 36.36325076744495;
  -19.100025896564, -1.575733716858081, 38.34155377667833;
  -8.027595773920282, -2.349398946515218, 16.67976041534128;
  -6.130589080015836, 1.479417026583379, 12.95755386554453;
  -6.137575515062697, 1.478505418938041, 13.00004850896875;
  -8.126862496779664, -2.286167192894641, 16.9619670176486;
  -7.67386865165774, -2.379448420151455, 16.20831656969401;
  -7.759443696142628, -2.498572379019217, 16.43794655629619;
  -7.960891511342923, -2.324579928766033, 16.87337494201962;
  -8.102674579743027, -2.262229612114424, 17.16504496425772;
  -7.624317237511622, -2.446839468874035, 16.3298698676109;
  -7.849423886207814, -2.312447149302256, 16.88006909409724;
  -11.03234299924914, 1.406921423270404, 23.71747531304865;
  -7.556050369964138, -2.218612449382763, 16.63715196777273;
  -5.522197164940696, 1.389235577479677, 12.73160287405483;
  -5.280575039189421, 1.345799116527466, 12.60137390614189;
  -4.797501495886242, 1.466523279449186, 11.96459282202381;
  -14.32156802732466, 1.404654071200734, 34.08409896957785;
  -14.29460191971423, 1.189162131911667, 34.03807652935587;
  -3.497151576256785, 1.609325404766356, 9.042875827993903;
  -14.11289448206584, 0.9221229842530913, 33.6705820225655;
  -4.708094973909137, 1.447538212632313, 11.98703220065576;
  -3.454355947830708, 1.550978157608708, 9.086544880948996;
  -4.15882713523221, 1.490313082242053, 10.98768618426449;
  -3.19495293754452, 1.636986273433671, 8.874616678398319;
  -3.298576982020347, 1.600896869048931, 9.15568686813209;
  -3.714607009228279, 1.53289469991746, 10.2512067316494;
  -3.041459177633783, 1.663086531777477, 8.57674747841944;
  -15.2515297060823, 0.5750247694996307, 39.61204127994171;
  -3.198771523570646, 1.637214203239983, 9.114468200419109;
  -2.964155213833351, 1.609157029565759, 8.596286380945221;
  -4.431322944500427, 1.487608237827409, 12.43925871632291;
  -3.584832227953028, 1.565109162516613, 10.27803731875919;
  -3.688773711800978, 1.574128101684518, 10.68396577378429;
  -3.061872148177883, 1.599513697689798, 9.042621520381767;
  -15.2445958620917, -2.5275847676649, 41.39861788553311;
  -16.44471755250562, -0.7312883598183807, 45.31715573790872;
  -3.730055459185509, 1.524190403324584, 10.99582451671049;
  -2.868203211466184, 1.693411921669813, 8.694939209761765;
  -15.75015020314307, -1.664460188608471, 43.69297540244475;
  -3.008710773431063, 1.642856089090578, 9.124495540541066;
  -2.73229814834417, 1.735370964800497, 8.382896698993051;
  -3.625958947339597, 1.598235810815067, 10.94667803602386;
  -16.38290833825499, -9.361825486211084, 46.48376783098152;
  -2.876877150337366, 1.648015987535781, 8.952135285867568;
  -15.59043785916347, -9.302106859174359, 44.48988494469669;
  -3.95065305840688, -1.869352742306425, 12.04350248556431;
  -2.768262678565604, 1.732238190921068, 8.729464705035666;
  -3.90650913743179, 0.9190256003251258, 11.99489002027836;
  -2.798467706937522, 1.746843791692017, 8.921538716789335;
  -15.46451805471357, -9.747907525646637, 45.16553087169682;
  -2.603208665746934, 1.762379013625375, 8.402155633904497;
  -4.02268033664173, 0.9317812735156275, 12.5226754207479;
  -2.732559478856392, 1.677068946159649, 8.855074916697303;
  -15.86345895042948, -9.743350973118218, 47.01670672770656;
  -3.673046299825377, 1.523329722233709, 11.60173212903038;
  -2.675706291264988, 1.697675445912862, 8.723735202672346;
  -2.814894587879666, 1.835443858106552, 9.135208647404173;
  -3.737854355741077, -1.840081277523525, 11.89850245166961;
  -2.677354934456268, 1.72090144807232, 8.83333263964583;
  -3.359821643115859, 1.597354317903412, 10.83930245788867;
  -3.398196582507676, 1.573316837021021, 10.94931844840022;
  -14.94702717839137, -8.552362635936934, 45.35524816556721;
  -2.530361391552887, 1.80069697957837, 8.475473692018092;
  -16.04952589930909, -10.47970326549955, 49.41929411304518;
  -3.295904099859522, 1.506491804513353, 10.88742953230716;
  -2.58890662275027, 1.783878775440052, 8.758181878329118;
  -3.373456467260529, 1.595797089358707, 11.15534274267841;
  -3.515856672168691, 1.564371349146484, 11.63875863835287;
  -3.249506681394831, 1.612387647559316, 10.8480042905842;
  -16.01048871677327, -9.777479873952981, 49.87495387159206;
  -3.767317131062476, 1.376686678725893, 12.56321403226998;
  -3.192846254728454, 1.641720506417711, 10.82211720291176;
  -3.503802412319705, 1.537501250413115, 11.82180442529676;
  -2.555593334629112, 1.798118081616488, 8.878766190723528;
  -2.932361249931664, 1.653860583067522, 10.09043125254883;
  -3.283296356090583, 1.589445534231446, 11.29053690037494;
  -20.95310320426871, -14.55592105296381, 67.62303941078113;
  -3.359160091209837, 1.547577884395984, 11.63663725597287;
