m=[-1.932875894315383, -0.5498783143697804, 5.311388043595416;
  -1.914754279181711, -0.5074391769418423, 5.311442743282762;
  -1.888078087988354, -0.5218139596097813, 5.277758016789944;
  -3.067744715789222, -0.4691381066737239, 9.914721818728573;
  -3.015183164406269, -0.1619061820951985, 9.960866867556893;
  -2.961586351063799, -0.4642931113365323, 10.07304675822087;
  -3.012019041444841, 0.07332737239424118, 10.34768239105494;
  -3.121602531737894, -0.08910449365809259, 10.70795602152083;
  -3.001465446752548, -1.823062104485046, 10.30812744829391;
  -3.116764277914975, -0.843354711848667, 10.83766862249362;
  -3.107496800422676, -0.2931775826038481, 10.88745026924503;
  -3.098086129371344, -1.800559711945525, 10.83533117025786;
  -3.177758722469044, -0.9652699394558271, 11.19002160839009;
  -3.091880920816245, -1.881337053513989, 10.86354249431554;
  -3.147130017858145, -0.8997872376421304, 11.10408696052285;
  -3.151441194773006, -1.689652917321826, 11.09269178823059;
  -3.15093654234594, -1.582157561272561, 11.15357900648696;
  -3.089857256073822, 0.0603596032765327, 11.16230866049605;
  -3.179789792576557, -2.06698515689351, 11.41267693449913;
  -3.025385771731572, -1.077519562462972, 10.94707660514597;
  -3.097327089883938, -0.9097367670969409, 11.2042829530347;
  -3.029005725337967, -1.53722570450128, 11.00929824985277;
  -3.135646095235808, -1.976681371784513, 11.40714518005913;
  -3.107751682033223, -1.657729018113248, 11.32353402549892;
  -3.133520902063366, -1.229618311036773, 11.68545441804163;
  -3.087969268311769, -1.56446253201567, 11.72721138792127;
  -2.952659231768786, 0.2095721399952631, 11.37562311496732;
  -3.1245278461084, -1.696323867603431, 11.92389006024865;
  -5.657481716879783, -4.963670218777736, 23.91506867354741;
  -5.59235565378997, -3.779758140912871, 23.97594666192039;
  -5.286753150545416, -4.735873239116392, 22.74968841515953;
  -5.488726977088402, -4.522896569276609, 23.80828193672976;
  -5.25741942490906, -5.135147560415801, 23.18601978444522;
  -5.115220845699718, -5.135463181620593, 22.5893023413247;
  -4.995398194070255, -5.37528291330961, 24.91899134701143;
  -4.961298690185824, -3.734930920868242, 25.9260273349984;
  -1.836582655489689, -0.3686840807652813, 10.28553933165884;
  -4.668075173348377, -4.000935595189856, 25.25340357085186;
  -4.295495064076419, -4.450306661033673, 23.43043732658126;
  -1.89776987846137, -0.1891752368434728, 11.05312702567819;
  -4.439803054264639, -5.108429585194233, 24.21740235326307;
  -1.793371073372252, -0.3976206251629355, 10.54678055337582;
  -1.894307626933636, 0.01070682927834071, 11.32408857456382;
  -4.593539561138797, -3.910562129908303, 25.89565529875178;
  -3.678249685613871, -4.044057678983314, 21.33710877988195;
  -4.231738493459352, -5.497872736473745, 25.30050668156757;
  -1.394345821997028, 0.1978058535522423, 9.183764835129876;
  -4.064896917556425, -5.16505038485587, 24.69127036770831;
  -1.737675350434359, -0.302768436225954, 11.4091318556634;
  -1.336809847322743, 0.2607563661515771, 9.029445697498851;
  -1.443908358720815, 0.1008188413266455, 9.79515609643193;
  -3.691086868008977, -3.599604327016539, 23.32448969083036;
  -1.439041728827029, 0.1046406353350208, 9.822389008569951;
  -3.572810833400938, -3.657833220360927, 22.80073688352505;
  -4.497510847030572, -2.136333073074678, 28.77170107531563;
  -3.842724977172951, -4.680991402481377, 24.47787088118402;
  -4.180825850925443, -4.418384463193989, 26.80282030814174;
  -1.761716482188487, -0.2874233975192919, 12.11019883583827;
  -4.118207161602139, -4.301736989348187, 26.96648526773276;
  -3.88559705085366, -5.903826238931729, 25.2622788185223;
  -4.152795348636104, -2.850288105022913, 27.59815771521749;
  -4.255471163147194, -6.708593882666412, 28.19779608038637;
  -1.445303023464145, 0.09444807988190812, 10.47009379357048;
  -3.683858895359133, -3.460305629957999, 25.00413996009734;
  -4.486986436441165, -2.9293641132066, 30.57048848063492;
  -4.311721234303918, -2.953678279779723, 29.59242561437137;
  -1.329648607173713, 0.08888958607376936, 9.863094510487743;
  -3.494083347607288, -3.631591822158086, 24.11862668630714;
  -3.59909196905209, -3.650466284543707, 24.9350192209388;
  -3.483591255340133, -4.898245267770826, 24.05107299173688;
  -3.361939718931484, -5.501750422565245, 23.47174858262047;
  -3.190136165099129, -3.075062260750812, 23.08001108570628;
  -3.75120719489107, -2.493065277357079, 27.24030991901706;
  -2.088442949065649, -0.869841927957917, 16.05086485331623;
  -3.029366205153049, -1.854534210032397, 22.93234234152503;
  -1.094195605433794, 0.1416905524898761, 9.136542536759851;
  -3.772623411648135, -2.616874094634308, 29.46045570315447;
  -3.480615759271402, -4.916590867742338, 27.08423485381799;
  -3.530357275166896, -2.352598852735559, 28.04925022747376;
  -1.079832610803289, 0.09448081770198152, 9.310813378702306;
  -3.811398131905286, -2.426217054552118, 30.55240796932874;
  -1.112127362577419, 0.03916041390200507, 9.835186176542504;
  -3.234908148414555, -3.813938777617404, 26.5853362922801;
  -1.067156051475283, 0.1166747106300734, 9.619410523401529;
  -3.081779090103629, -3.631780522666288, 25.95392584399052;
  -1.711289681408463, -0.8015945264054881, 15.13556201258799;
  -2.828815736484192, -5.190774257399127, 23.86513981596147;
  -1.715348842396791, -0.6897725969388764, 15.24810239881583;
  -2.89059616704922, -3.543697112969117, 24.76709937320629;
  -2.792635203015097, -4.643371042636663, 24.09485514047251;
  -3.398071617530248, -3.233030875029586, 29.53294047558967;
  -2.725836910040815, -3.239335422620948, 23.8277075106512;
  -3.179957802159145, -2.376312911004553, 28.17815028133111;
  -2.545823204323801, -4.146886449860679, 22.73472732161592;
  -2.837477161484752, -3.83393645305103, 25.80140217154318;
  -1.260743954745073, -0.6155380568538028, 12.40463741757915;
  -1.751028951670767, -0.942969387479746, 16.8608461280067;
  -2.805266143821857, -4.216147527295327, 26.49478588011638;
  -1.420718568937172, -0.8222453071129543, 14.31185608125353;
  -2.83879812057305, -3.051887225162104, 27.54216438515124;
  -3.218184311248033, -2.58458057517136, 31.38496224606678;
  -2.38917520843873, -3.782262879474639, 23.03660701723589;
  -2.685814262703619, -3.663068165805835, 26.47108483045713;
  -2.599712145965232, -3.775821228261516, 25.89376175469596;
  -2.369760701918251, -3.338619715965357, 24.98025891021879;
  -2.193145391119716, -1.790359656790677, 23.33648303301324;
  -1.035513360215569, -0.2802008022412554, 11.78476292942017;
  -1.301219089994773, -0.6564480471643329, 15.17390478208861;
  -0.8301913929767263, 0.1320118849487266, 10.69838238910871;
  -0.9679106563206167, -0.3129375117642407, 12.37432471852427;
  -0.7882313855572791, -0.2766274582246807, 11.41713650418597;
  -1.20754274217437, -1.321285960004656, 17.49753734107668;
  -1.024751838879089, -0.9926749923525302, 15.07311930175351;
  -1.078939114708101, -0.761116416284762, 16.4171448512018;
  -0.4646352373444803, 0.3306573431035678, 10.05466436331139;
  -0.3520686470825461, 0.1969707776128072, 9.423834356306431;
  -0.297836138320539, -0.03103158280669659, 8.873879534820274;
  -0.328179583822772, 0.3921503112694313, 9.944306784998844;
  -0.576048905429663, -1.08989611760382, 16.59614168019418;
  -0.8231062301748645, -2.072541294702077, 26.07011505007587;
  -0.2735217837470408, 0.0657954586411024, 9.62925611341657;
  -0.2298426863657713, 0.3467763703493586, 8.53391689802757;
  -0.1946851216839055, -0.03102830853103591, 7.689818770561517;
  -0.1366424226572312, 0.01105943692555449, 10.08869487082861;
  -0.1238319647357947, -0.4587251975731198, 8.069115293569185;
  -0.08811890559095408, -0.09440766261240348, 7.396931691063728;
  -0.05991000511318894, 0.216609039853789, 9.263545804014541;
  -0.3537777169586961, -3.577986272218069, 43.47740835176683;
  -0.08130297844923839, -0.874041156041772, 11.82544115457593;
  -0.02855887353175898, -0.07399918055325021, 4.339051090356087;
