m=[-2.418016015734153, -0.378158836141366, 6.166534823464888;
  -2.588634893877586, -0.691752509224978, 6.955185534650356;
  -2.505684924404399, -0.5806852915247367, 6.935102316342114;
  -2.454154086018851, -0.4777751397291769, 6.82902106235319;
  -2.553241914890108, -0.6766481683377897, 7.082578891785553;
  -2.511956242956121, -0.6942370878844328, 7.021689030463971;
  -2.477250115847901, -0.7555353907455233, 7.001369334364577;
  -2.431876095938514, -0.633408799862912, 6.943110479523757;
  -4.111421845516417, 0.3047391223453669, 11.81207453464643;
  -3.901431379458365, -0.2094950206711211, 12.88864936049283;
  -3.878135750300414, -0.6079821758516837, 13.19044529411477;
  -4.03174264302721, -0.115083961879886, 13.82998715329413;
  -4.010914176715804, 0.09764539779811585, 13.77935047134556;
  -4.07377963900075, -1.102310263862107, 14.16541959281151;
  -4.085687452948116, -0.3854652305892239, 14.31464674512314;
  -4.064792740642049, -2.362394633519708, 14.21631731466866;
  -4.023603168495513, -2.448268197705529, 14.13721456959418;
  -4.162350496692128, -1.264347662246117, 14.65712033778608;
  -4.116024026609427, -2.206816365751125, 14.4879066745267;
  -4.105839885364732, -2.06163644767273, 14.53371368606037;
  -4.073776034260139, 0.07958021516431954, 14.71677871809647;
  -4.05198700604853, -1.190136350545894, 14.65767341333294;
  -4.076145519541016, -2.569563232726271, 14.82858151214772;
  -4.084629926283673, -1.122612577217488, 14.94225308782216;
  -4.150533985951217, -1.628702264709787, 15.47807632986543;
  -4.062637806597931, -1.161638671472536, 15.19689803612143;
  -3.88950890521831, 0.2760673145166604, 14.9849962135886;
  -4.065372396580662, -1.175369616410274, 15.90520001846495;
  -1.220168640256218, 0.4722959875225057, 5.533708569587816;
  -3.374518922731141, 0.2243264770502935, 14.47796364332989;
  -6.787559596528178, -5.955159753666396, 28.69208633806999;
  -6.755111639793824, -5.789900261439735, 28.72662625911735;
  -6.599221971756293, -5.91158275127812, 28.39743777793785;
  -6.698645588181415, -6.393652790317026, 28.89240470292306;
  -6.224293530796309, -4.197509259070693, 27.11188324186838;
  -6.846462977171434, -5.641716930062062, 29.6976915613222;
  -6.444494315782706, -6.603527780576999, 28.34097757908189;
  -6.420462463428732, -6.271141693510133, 28.31521658649509;
  -6.266674805409287, -7.023012607825414, 28.01355666927104;
  -6.601435409031746, -6.898274666447473, 29.53754073572755;
  -6.334816283652502, -6.93445114093159, 28.42222879943153;
  -5.998803612538772, -6.644913766623738, 28.53350163295155;
  -0.7917384372752125, 0.524656567195209, 4.663597783960754;
  -6.2746762897303, -6.4292872099469, 30.53808220594536;
  -6.033038144050162, -6.491832200594711, 30.09514346348453;
  -5.537640039959297, -4.383334359113162, 28.3259684007268;
  -6.37448786183255, -7.456996357726858, 32.44386825246113;
  -4.811783171916322, -5.45900736859561, 24.9108585383426;
  -6.019761534956571, -4.531755674706305, 31.45718729134013;
  -5.314544067042672, -5.719695483481916, 28.19270482842225;
  -2.417695166403516, -0.4853392888862273, 13.53998343155127;
  -5.423028815877689, -4.647994776746945, 29.33755995310696;
  -5.97858739055928, -6.943237228567879, 32.18681673061899;
  -5.466767210788513, -6.290052737392705, 29.81909321138095;
  -5.577907138401702, -5.518308247642818, 30.70469624469012;
  -2.385806884307153, -0.5783635561884645, 13.82284251669553;
  -2.426068384214491, -0.2418375728222309, 14.1300809587333;
  -2.272212123272377, -0.5037877650493516, 13.36283549494921;
  -2.512422556955221, -0.3693829269811405, 14.77659302853113;
  -5.620460727978211, -4.784798428952581, 31.68482859344585;
  -5.318799188358822, -6.846182364576027, 30.23056691588971;
  -5.156259072562372, -7.034961659510864, 29.41242211399949;
  -2.593220568409068, 0.01465715996296849, 15.50215972976907;
  -4.893724750231043, -5.380413742005028, 28.387941618774;
  -5.028817850985706, -4.74587692855463, 30.24718102818946;
  -5.197750382336658, -6.752914945527267, 31.07605029958408;
  -5.030639278422903, -6.392168329992735, 30.55744759712686;
  -1.86832737883509, 0.265046221715782, 12.30561243241754;
  -2.256009807433667, -0.3930818039954174, 14.81238331098304;
  -4.465479070691388, -4.354803438623223, 28.21798138962323;
  -1.784493041263654, 0.3480808596634658, 12.05330963556601;
  -4.563742612335266, -5.559294526249358, 29.07069932490573;
  -4.413455896940233, -6.830527568764489, 28.11770305627442;
  -4.329386150833291, -4.432412804574423, 27.6290011129312;
  -1.914919819019994, 0.1337065446162116, 12.99039404139827;
  -1.89540907535879, 0.1378256140125788, 12.93739083141328;
  -4.625853862920332, -7.028581980051877, 30.07507174043123;
  -4.451538658286703, -7.174106263818478, 29.06535780342949;
  -4.957672615223799, -5.178613613427333, 32.46339979863078;
  -2.227877944415537, -0.3634774690004285, 15.31463499469274;
  -1.655242061064452, 0.3415642590897798, 11.80062587581111;
  -5.05003572082299, -7.961195704332901, 33.46277579968837;
  -4.331043453919904, -4.068216094289559, 29.39689596458316;
  -4.903433701891602, -3.201244960571299, 33.40780401781806;
  -4.781442718758431, -2.884000438938865, 32.6409361652895;
  -4.7692909377601, -3.26712936372995, 32.73284139663217;
  -4.222916333597997, -4.389107785094526, 29.14954580213589;
  -4.289939465722008, -4.351175106668962, 29.72130858401357;
  -4.14315940635627, -6.780201586101175, 28.92591897948166;
  -1.808031129144793, 0.1208703847099761, 13.41165012203047;
  -4.572252279421169, -2.578450499989245, 32.77753438299428;
  -3.835416011051377, -3.697065711142466, 27.74848453862484;
  -4.131060942415005, -2.745517391896539, 29.99871095336796;
  -1.541247589412975, 0.432004652451162, 11.89839708235613;
  -3.574451005207638, -2.188227246995168, 27.05864150560448;
  -3.683651504878045, -3.719232153236259, 27.78563796958528;
  -3.948952017322788, -7.28796029034858, 29.50868677024307;
  -4.206719052456708, -2.917983829976104, 32.85031310516494;
  -1.445348571321066, 0.2572370843214896, 12.02797990666516;
  -5.167865267428248, -7.299937981341341, 40.21348125632087;
  -1.493895776305388, 0.1934488832306046, 12.47404233568356;
  -3.993305467086258, -4.303026909045546, 31.53086578427367;
  -3.886379216334278, -2.589848724364904, 30.87790119277945;
  -4.026721579960819, -2.56328523893939, 32.27845431837982;
  -3.699885690409457, -6.769157658472701, 29.61944840569872;
  -1.448626115116388, 0.3869651006813302, 12.4218063837472;
  -1.462339501067805, 0.1279485639130811, 12.60896369912216;
  -3.530940923181452, -6.556627556494067, 29.0784545066443;
  -3.382045788460291, -5.958501572058885, 28.03931405268518;
  -3.831320602325938, -4.432039311022847, 31.96103731541207;
  -1.470274944212794, 0.05177156619155866, 13.00249260437725;
  -3.534713885880814, -4.165550050347163, 29.76842252206641;
  -3.234488116801077, -3.965287967963226, 27.71362168242406;
  -2.071052881178271, -0.9701131675628693, 18.31750033613433;
  -2.118052537266086, -0.851706989839828, 18.82782159294118;
  -3.38110219285894, -5.621827010404427, 29.17214803570236;
  -2.998196382657206, -3.563002507794956, 26.20851827278936;
  -3.864961180111211, -3.677244105635482, 33.5907188900421;
  -3.77035792365936, -2.817506008103835, 33.40978679501482;
  -3.401504344039906, -5.944218733924019, 29.82975972728629;
  -3.702506891570012, -2.520866860760344, 33.36282889481499;
  -3.436245899743553, -4.642979543764952, 31.2460532275111;
  -1.932369942581791, -0.8297332367471315, 18.43566979053436;
  -3.180143883643377, -3.828196979653865, 29.90461180084478;
  -2.058124775223165, -1.108347555759879, 19.81790484627057;
  -1.65466709030614, -0.8078647227881604, 16.2805026546399;
  -3.219753922548504, -3.461438766349393, 31.23821703695694;
  -3.44952202520484, -2.770371973043609, 33.64105596737701;
  -3.043237271605117, -4.817697473659724, 29.34312261342473;
  -1.823517695141709, -1.055366558902214, 18.36952327160116;
  -2.928888770221231, -4.142753706273383, 28.81666600220126;
