m=[-2.734156876649539, 1.880914798143065, 9.356056535204486;
  -2.632423910700267, 2.144748608797904, 10.11786824831179;
  -2.227083550230978, 0.3519814600487271, 11.11011521464872;
  -2.510831734470086, -1.290562946678901, 12.99262202194302;
  -2.044960041487386, 0.2850838998729818, 11.2605801613919;
  -2.029443396299135, 0.3422511767084471, 11.23460995273822;
  -2.194707990250495, -1.338136600664409, 12.07225669248698;
  -1.981530751016827, 0.3426393509300781, 11.35428987748971;
  -2.133533565604224, -1.783180057291173, 12.74741924433214;
  -2.308284022880141, -1.650390956227502, 13.63620671262214;
  -1.81291849368922, -1.133151696356632, 11.27146502179526;
  -1.728454606105075, -1.144905176909099, 11.5004715862849;
  -1.65825686973017, -0.7730613432097505, 11.87011607557728;
  -1.501192257059767, -0.7751439289415594, 11.69238230182457;
  -1.536008682992528, -1.77576809735141, 12.0408122325632;
  -1.564820128945127, -1.191556380244017, 12.21970486527641;
  -1.425224700680626, -0.4176284148898826, 11.75071626817472;
  -1.422025632658732, -0.5151301730013979, 11.86169016616829;
  -1.52294725025696, -1.667346081833708, 12.54791788453039;
  -1.403111226709126, -0.7039809831135003, 11.88737709051948;
  -1.546389820319813, -1.546698668534225, 12.94495744583445;
  -1.560454480308731, -1.740777415264599, 13.17291170373198;
  -1.419470432499019, -1.810438121306969, 12.38653943367518;
  -1.497083170623562, -1.64248107054046, 13.05726159154609;
  -1.348466991104075, -0.957092815746769, 12.02206223054264;
  -1.471922627339659, -1.555367938963574, 12.91009256583017;
  -1.478363147013317, -1.710952292441735, 12.94106234936655;
  -1.650378068016301, -2.264113444584752, 14.30683130948196;
  -1.437672137720469, -1.638743240916239, 12.99437198906229;
  -1.403352689432909, -1.680702543397179, 12.80221996991867;
  -1.267787847825121, -0.6116472408865635, 12.04613957071195;
  -1.26735570025605, -0.6349482284255038, 12.29684115735947;
  -1.210712600431988, -0.3332617519090733, 11.99565800339024;
  -1.228260604104899, -0.8050130868894611, 12.28657751711503;
  -1.219286343311724, -0.2341414420852753, 12.22926442619333;
  -1.229806678363782, -0.6460412120303765, 12.32397197869154;
  -1.224191447230682, -0.8856846287258262, 12.30791449896824;
  -1.200993824972237, -0.4689757255219572, 12.46604940872989;
  -1.221218717313897, -0.1227677014051081, 12.68898497597781;
  -1.183651535095754, -0.5255580577244333, 12.409558308939;
  -1.155622207593654, -0.2679196438546536, 12.19912667911691;
  -1.202379273222136, -1.016456401099867, 12.73227455502869;
  -1.213786867707171, -0.02203420785269604, 12.84035006580103;
  -1.161189425135732, -0.7910772151575524, 12.4592966153092;
  -1.145142817427167, -0.4067253736767926, 12.36273808827695;
  -1.332285009880313, -2.038339927279565, 13.97393392401867;
  -1.169831821051137, -0.1279987561835942, 12.69867319196652;
  -1.179121565091557, -0.6018798358838143, 12.78584479781094;
  -1.100242139641904, -0.5035810759225481, 12.33380341946475;
  -1.109541087692052, -0.6916957391614619, 12.64188937525302;
  -1.100090628553454, -0.9452105644145561, 12.61808534188583;
  -1.203524029491781, -2.273853387690926, 14.74037778827037;
  -0.963234639487943, -1.352864917074248, 12.7509356943599;
  -0.9901566075480182, -1.686629420662207, 13.16321339563195;
  -0.9492915515199594, -1.16203431067633, 12.90092152039826;
  -0.9525316486428423, -1.643118599193215, 13.13247611922216;
  -0.9659543720959931, -1.769434175516566, 13.429051315899;
  -1.10560162211171, -2.322309085012997, 15.02216743538446;
  -0.8733302550162123, -1.331790368439138, 12.99897389012245;
  -0.8438415139975467, -0.9246171040819042, 13.43852719948849;
  -0.8100736207131123, -1.268806819965097, 13.08718686484584;
  -0.8199493828053688, -0.652038868219832, 13.22154431619769;
  -0.9832430075529125, -2.380938326227641, 15.50884571350713;
  -0.7685188436898518, -1.171616617968565, 12.97598716154542;
  -0.7409673964821819, -1.337602138978118, 13.12184486600144;
  -0.7270050605113282, -0.6686050911628796, 13.41157792736894;
  -0.5693301840049153, -2.638470734461434, 15.79760818118987;
  -0.4107544714226589, -3.451800923535805, 15.45940548293108;
  -0.2361013603167777, 2.044919221563549, 12.18206789106188;
  -0.3766914864018873, -2.407983124823458, 16.20157049102566;
  -0.1464727207167443, 1.828801830386781, 11.68446094117021;
  -0.2712255224996776, -2.63384707664276, 16.03658141573513;
  -0.2612816786356326, -3.076485507575806, 15.68765908559293;
  -0.297471397496948, -1.93127509257798, 17.86408401271406;
  -0.118675806813106, -3.539757910250083, 16.1209236232604;
  0.02272483264917838, -3.575512733237481, 16.36484881143628;
  0.1547499296357848, 1.740138435472326, 12.42808807257176;
  0.1684692334483175, 1.664603249969262, 12.70049942165601;
  0.1460977831189411, -3.752119916942564, 16.31924569288642;
  0.199562650339516, 1.757550029679231, 12.92655332113376;
  0.1894143542050163, -3.507706960260126, 16.20307990769695;
  0.3755966864781753, 1.839059669415059, 12.60074057912754;
  0.4295758092713875, 1.832148258116029, 12.11448011579628;
  0.5944971136519459, -3.742906815845139, 16.70399586768105;
  0.6015483709866748, 1.866639997384321, 12.71135753931796;
  0.6460177184005195, 1.788053136675674, 13.42008893897148;
  0.6980677235030223, 1.72623126458257, 13.47148055731078;
  0.8630854290750678, -3.682982156867039, 16.6096299581676;
  0.9155245488143349, 1.757023215856443, 17.4869852420683;
  0.8634879386594764, 1.841711002643542, 15.32161106086418;
  0.7812235852231663, 1.828488901814627, 12.91650418749762;
  0.9910857574862975, -2.406958025152388, 17.25308530820533;
  0.7934043980114419, 1.939190781113677, 12.52304500147027;
  1.027709800119867, -3.449234834723596, 16.59980407632008;
  1.138257809637981, 0.07930924302394686, 18.54922664187952;
  1.062703663534181, -2.6569154068264, 17.1785086968855;
  0.7089694426325311, 1.975902337026475, 10.33833445757851;
  0.881768054648546, 1.823560088177163, 13.37735965377078;
  1.15408313301146, 0.3033649537434439, 18.07456369917543;
  1.178797575875851, 0.01001205710122155, 18.22485612876901;
  1.186189479189448, -3.849968949712482, 17.59571439302588;
  1.086111500684292, 1.649711908248156, 15.7036421139317;
  1.288291236009786, -1.31254762308413, 18.65334775435345;
  1.234510580150975, -3.605343136605605, 17.49952271035081;
  0.9898051481437662, 1.829700621604279, 13.38151112355276;
  1.271586315434469, 0.2822549319809635, 17.73665901918842;
  1.276045058541689, -3.21966333719659, 17.76888519703669;
  1.281566774301942, -2.431227455424867, 17.57999645425176;
  1.246422282122233, -3.29960356714438, 17.09053401948583;
  1.33728464160137, 0.009859048025434129, 18.27683071088512;
  0.8166716827560885, 2.031962975051638, 10.21423869557456;
  1.458266277736593, -2.011647638705456, 19.70323865322292;
  1.336790927789208, -3.847705181865165, 17.7017421047163;
  1.132215983039899, 1.692625573877099, 14.27355690388283;
  1.366142647906755, -1.647750498604724, 17.86509062028947;
  1.4059323367525, 0.2757442545122422, 18.32205225521256;
  1.034924018715696, 1.832895390877343, 12.87455575398155;
  1.390087233972707, -2.733198868175334, 17.91056342595032;
  1.43153593044385, -2.293307947872289, 18.10028620224777;
  1.463389578013909, -2.329593023885609, 18.25681325261988;
  1.40955479794156, -2.402631831134987, 17.48887356399596;
  1.430992424919186, -3.410043306600948, 17.76346624573582;
  1.471149765426901, -1.735119560052756, 18.12079581420494;
  1.260978182870327, 1.584107178801093, 14.93482063454604;
  1.533119801241207, -0.7422860616062881, 18.50725954950343;
  1.473465861336051, -0.900879662167998, 17.64816476273595;
  1.485068234476987, -3.76473402202433, 17.56253875113897;
  1.490727581983363, -3.5429943976859, 17.46071740696366;
  1.53091311510026, -0.1853568475947315, 17.80380040711335;
  1.497493973451006, -3.681238451799986, 17.50282600014383;
  1.345618518007649, 1.478309605972372, 15.41926900871825;
