m=[-7.463549866127218, 0.2364360059343127, 9.814329664344166;
  -4.897604539048039, -1.059925420352411, 6.890609648533262;
  -7.290331626318312, 0.08939734305291959, 9.806148247096539;
  -4.953511344698014, -1.154713230166049, 6.987649175431281;
  -7.286187338941993, 0.1954612149018181, 9.8179916892148;
  -7.271993022809696, 0.02812452686736114, 9.807496208477273;
  -7.262692688478036, -0.01263916184693298, 9.845937173993871;
  -4.864295236586822, -1.126910315339968, 6.967882629239133;
  -7.17749878344882, 0.09136341544485421, 9.88184879083158;
  -7.216488385238047, -0.1590925035471471, 9.957907951180946;
  -7.151071779755653, -0.3371352457534934, 9.906695544733021;
  -7.165286405732143, 0.01803709977590451, 9.949125614554113;
  -7.164860920570001, -0.04001315491081392, 9.968681108839263;
  -7.178039446201722, -0.1926510043564578, 10.00880178339948;
  -7.110603428494895, 1.002686087773501, 9.963332009055399;
  -7.228358878347295, -0.2582234973769322, 10.21650808727617;
  -7.189992061659772, -0.3108039657545044, 10.23196509152433;
  -7.176570327166409, -0.6608272055698976, 10.29890730068861;
  -7.202859613988133, 0.07869492313064209, 10.34293056287732;
  -7.179927290997672, -0.4538314538445062, 10.31945754088746;
  -7.207407250382431, -0.1493080535803379, 10.36230106495698;
  -7.155392436587017, 1.000133389833865, 10.304096320427;
  -7.194330479604113, -0.72542081661103, 10.36299224805001;
  -7.190326578668762, -0.4901705599230616, 10.36073959633039;
  -7.147766893670418, -0.5731057207806607, 10.31212799250496;
  -7.199625285800327, -0.04391584745118698, 10.38493148707122;
  -7.103309314818515, 0.9109322781693385, 10.39464722977168;
  -7.151052955737606, 0.8575249814496992, 10.48149205037951;
  -7.245605350971655, -0.2651590497742402, 10.67839334265404;
  -7.095808475084709, 0.6801487948585234, 10.48449941228561;
  -7.214235772680931, -0.3796482191108809, 10.65642081668062;
  -7.160235308809573, -0.0225098421100998, 10.59697019283228;
  -7.181454234663736, 0.4210955667212021, 10.66247761931903;
  -7.153556630134056, 0.07660435119298445, 10.65277234994929;
  -7.20050431925088, 0.4990425102454183, 10.72226915895637;
  -7.22567152798842, -0.1601339554949431, 10.76119788708622;
  -7.146590598179091, 0.5797263846474894, 10.68912798885505;
  -7.154478257079565, 0.0009943622251233132, 10.70750790421741;
  -7.2133222071387, 0.2157640243520037, 10.80141853123795;
  -7.181774462596544, 0.3566238071222259, 10.76567854026198;
  -7.075535268062921, 0.7729178113352864, 10.70976511802321;
  -7.151201198254572, 0.631277727491397, 10.84207448030218;
  -7.194339516486091, 0.122305468565664, 10.91441408570752;
  -7.187292727437681, 0.1812128111968935, 10.92105308129306;
  -7.17445913576531, 0.252275034475434, 10.91414636802042;
  -7.166329298064948, 0.525949598448374, 10.91555098418537;
  -7.122869674891515, -0.54431044018471, 10.85603741569937;
  -7.06102517434568, -0.2001466534474984, 10.85195231007454;
  -7.202852764051991, 0.8170872319306475, 11.05845560270568;
  -7.033040590883422, -0.7752380322708915, 10.83351609369546;
  -7.138058134792977, 0.9429596566647754, 11.00644359416041;
  -7.192705441686742, 0.4415637838570187, 11.11400777672239;
  -3.470128202483958, 1.020832981832594, 5.884151945661531;
  -7.209711337329276, 0.8079349533104021, 11.3167887037176;
  -7.461821728132734, -0.3161121192372621, 11.68183467081189;
  -7.425625001920906, -0.2786537673563203, 11.68673841748261;
  -7.357739154164608, -0.4277486415743256, 11.6722266012836;
  -7.339164666222377, -0.7192784949694606, 11.64676958839008;
  -7.125832566817357, 0.7102405647361985, 11.39854773315004;
  -7.199791342347382, 0.8284786725904215, 11.56129618538055;
  -7.170987064993124, 0.6841542071704739, 11.60116363029981;
  -3.287537239808486, 0.9482620161908052, 5.969058814328697;
  -3.292525752443015, 0.966122073060361, 5.97869900273838;
  -3.274566495568609, 0.9223666590376946, 6.067595099246056;
  -3.205614580962517, 0.9447960340885213, 6.003553398504415;
  -3.224179461217423, 0.9696917039983308, 6.082682047090825;
  -5.482423853827624, 0.730430129630509, 9.960522876426923;
  -7.583430522982003, -2.433203966742644, 13.51674244527077;
  -5.380835087734239, 0.9637063277820027, 9.949176889247109;
  -3.10609041427047, 0.9308450637478, 6.192470215231801;
  -5.357741461128095, 0.9537440749764853, 9.986443940900141;
  -5.321430876479048, 0.9083526317861824, 9.92987758637307;
  -5.322630261397608, 0.8126152797153966, 9.935519349134982;
  -5.30502136864358, 0.8837699622187897, 9.957003674050068;
  -7.412305234371545, -1.946090636064442, 13.54269577877167;
  -3.008824908643253, 1.009530203716954, 6.092202600096076;
  -7.131449117999618, -1.769396805790148, 13.09365529008878;
  -5.25243988801659, 0.8237243716265764, 9.942075504209521;
  -5.254119014141058, 0.9540643649264684, 9.947280548673001;
  -7.291816602188129, -2.387405499341983, 13.45225954975926;
  -7.245104547140449, -0.7667815575221141, 13.40134432772678;
  -5.223120538770659, 0.8884979381906518, 9.951105090548966;
  -2.859081149059717, 1.056897773385884, 5.897904681477233;
  -3.015690223945894, 0.9475122764520857, 6.200428822667791;
  -5.140040874858461, 0.7100814976512475, 9.959421878116928;
  -4.937471156831498, 0.9110767272459357, 9.616820690607876;
  -7.408912999837952, -0.6973356829425049, 13.9849147732139;
  -4.97628891527356, 0.6654995146479197, 9.960413226136286;
  -4.836762372059055, 1.022469252462701, 9.814941644471091;
  -7.895663677894112, -3.554283725962185, 15.52551518843846;
  -7.318232435633106, -1.770736771162569, 14.68134194161607;
  -7.310698834793555, -1.960422248133177, 14.67650932982161;
  -2.996322286817886, 0.9756060219720525, 6.619676490518091;
  -7.291877958598281, -1.449048035534097, 14.79532448586647;
  -7.374776140769473, -0.7494791087768292, 14.95451484545427;
  -7.329958077031107, -1.335884290389894, 14.8817261725594;
  -7.320421887241757, -1.638765583979643, 14.86713397835698;
  -7.330151692403523, -1.912116437938468, 14.89349073355067;
  -6.896624117066493, 0.4565084520983808, 14.07721255774306;
  -7.262721258661391, -1.186537047182163, 14.79374752679401;
  -7.290555460767258, 0.10295645149522, 14.87234091709486;
  -7.262592257677692, -1.678046526795301, 14.84543806656662;
  -7.358659856947083, -1.55078967818385, 15.03682621151783;
  -7.10203918773803, -0.9935515407989467, 14.55598438577509;
  -7.561104739369561, -2.377034720884705, 15.45157024089242;
  -7.198140865353274, -0.4159016495478404, 14.79168235150961;
  -7.327549309626596, 0.02669957367934749, 15.08186025623093;
  -7.598105777869141, -0.5753339874644514, 15.60157000743709;
  -7.305093929010483, -1.125764098150264, 15.06935144911149;
  -7.290733730042106, -0.8155462714366993, 15.05992154544484;
  -2.933287600460702, 1.014036839790475, 6.668024797896345;
  -7.408544295126767, -2.129360712779177, 15.3350654949159;
  -7.456914774032157, -0.6549787767738096, 15.44446729293475;
  -7.23679530601303, -0.795233680214392, 15.06836817240717;
  -7.283895141767208, -0.3761547000289317, 15.17617280075175;
  -7.280004155203802, -0.2222813060618593, 15.17244219535221;
  -7.222087397690486, -0.6944303360463281, 15.07399463814469;
  -7.201939896001561, 0.151716802156855, 15.04535669253237;
  -7.285579122082778, -0.04320458781215934, 15.22233673701732;
  -7.212731482119253, -0.8092726329457038, 15.13748427851744;
  -7.283837034455759, -0.3311195317196008, 15.30455863225202;
  -7.359706920804504, -0.4191264247402701, 15.45375108112375;
  -7.549886021218105, -1.86257972850443, 15.83562046719112;
  -6.920206293251672, 0.3170252281479822, 14.63180755836195;
  -7.319353142949168, -1.636652422916207, 15.44817571603999;
  -7.282517602563956, 0.1025598804081821, 15.38422632294942;
  -7.196655141408762, -1.244582849823439, 15.23624205029347;
  -7.270339362548809, 0.2275906883386715, 15.4197025701017;
  -7.185759220706296, 0.0008155338905967426, 15.27049869321545;
  -7.378632557133422, -0.2709151373448858, 15.68414727248435;
  -7.305694646092705, -1.292204701916357, 15.59687476184945;
