m=[-8.830939160611555, 1.993772168435057, 11.70187837912142;
  -15.60132325078837, -0.332810099733755, 19.98806669713308;
  -10.92433780614047, -2.910758773727755, 14.28711727176235;
  -15.88509474308427, -0.6577169851991255, 20.39730650029213;
  -15.49780041837393, -0.6983316199735439, 20.07606214561807;
  -15.6330655889685, -0.3177446655552622, 20.27878616022442;
  -8.575756414166234, 2.095508528187625, 11.5877633097767;
  -15.46782243561365, 0.5981630711620722, 20.20094061233352;
  -15.3712325214397, -0.8944491906806058, 20.08099874753141;
  -14.96269416859817, 0.07784724390734064, 19.58703827547707;
  -15.12041108639461, -0.6114271117709318, 19.80198018244315;
  -15.31428155838098, 0.4851374520655454, 20.13779106222098;
  -15.43862225789843, 0.6875313447678404, 20.32827071831086;
  -15.36187824195557, 0.8437508740997083, 20.24001073088047;
  -15.17336409161016, -0.1223757247049686, 20.0650701223279;
  -10.67904100546264, -3.278584663754901, 14.4126071242982;
  -15.01948389475062, 0.6051845126400598, 19.90916214601581;
  -15.02711002089082, -0.9037297172823559, 19.92923575116836;
  -15.17491805475974, 0.3838846441806822, 20.12170766441807;
  -15.12625232689564, 0.0186661699205623, 20.10703007858142;
  -15.2190625171656, -0.8034996641388398, 20.22761276961989;
  -15.19751278908726, 0.7564639803291166, 20.21577068796871;
  -15.14117018267741, 0.5192253515361925, 20.16310920063973;
  -8.434582514646378, 2.127135395761388, 11.69214242012432;
  -15.07013331055491, -0.7067507646561484, 20.12500787133082;
  -15.55440610295349, -0.3068886379095332, 20.78317352454087;
  -14.97195451679361, -0.5278565636238843, 20.04078065177606;
  -14.96689593887869, 0.7455804803303591, 20.08545580894693;
  -14.97597769128558, 0.5441721475323225, 20.13449382761552;
  -14.94181927181869, 0.1832233445259708, 20.09808364983433;
  -14.94381276340066, 0.4008867274642061, 20.13648876856277;
  -15.09901913036022, 0.0583956513531612, 20.36354716076423;
  -14.85608186678176, -0.8124044694494748, 20.11817852415129;
  -14.73503861487513, -0.02564318027247301, 19.97609849148623;
  -14.50673316922687, 1.052117797656945, 19.69970368940836;
  -9.852330394157075, -1.774143019727452, 13.69882849125216;
  -10.38166197389096, -3.186780133641382, 14.39759838659844;
  -9.988468736118946, -2.245258932616475, 13.95511327464278;
  -14.75837808594319, -1.106751904657712, 20.18983642526583;
  -14.62007988422766, -0.9781538263673973, 20.01828599515961;
  -14.75944233126203, -1.277666047541006, 20.199395927194;
  -8.533068463743701, 1.896154706548924, 12.10815674983709;
  -10.30898030994459, -3.235494293553259, 14.44430283594962;
  -9.999841600494372, -2.164136819817979, 14.0691238883824;
  -14.70744288655288, 0.1872131581093674, 20.2489378388821;
  -14.76051490964644, -0.3254058130855265, 20.36778013569057;
  -10.02643742270762, -2.337263233650329, 14.14375022362394;
  -8.355247389277517, 2.088881992626003, 11.97323149569625;
  -8.315753879078274, 2.02184376002556, 11.92393300266576;
  -14.60287286107517, -1.286333043795829, 20.21699075493554;
  -14.67758044377157, -0.6919703566654281, 20.33350038541226;
  -10.49488984199898, -3.291611649085922, 14.8128577282291;
  -14.67032309280234, 0.03692944934593919, 20.37000044263698;
  -8.45784426339492, 1.680169127203288, 12.16916161215052;
  -14.55157365100663, -0.08126527188018677, 20.24603114656589;
  -15.02927718244364, -1.506787922521129, 20.8819629402342;
  -10.52973317601713, -3.361614737578595, 14.93480465354489;
  -8.289641069073129, 2.079688290984639, 11.98144806104915;
  -14.61961663703453, -0.3923750836896602, 20.38507118358008;
  -14.86826724519011, 0.4638087578123336, 20.77730185322071;
  -14.61588337495164, 2.06102661580806, 20.47968222875571;
  -9.941059407227435, -2.30304326660746, 14.24011738408756;
  -14.99168467496745, -0.9782633534933406, 21.02359415621289;
  -14.5480457300921, -1.402031113040219, 20.55717806749929;
  -14.85259573803386, -0.5305892085808733, 20.99254713669681;
  -7.945283832940539, 2.0171138347033, 11.72419546819943;
  -8.442470751691047, 1.684799792330934, 12.40624344021925;
  -7.922178862356774, 2.114693424432581, 11.70199735836535;
  -14.66818363144745, -1.145908061924115, 20.86353539995353;
  -14.60104985599425, -1.685168304949987, 20.79316294011617;
  -14.77231145693349, -1.410692950616209, 21.07028181826005;
  -14.65290976305282, 1.673928740376649, 20.99137878682586;
  -14.69262735358514, -1.352914753694487, 21.08500303345894;
  -15.01146535997916, 0.1640079323894765, 21.55568096367988;
  -14.67544321934987, -0.9276107489835878, 21.09249955576394;
  -14.77518920071924, -0.3060815996936433, 21.24272341921986;
  -14.62124127387389, 2.043660320298698, 21.05526422839508;
  -14.61885560316903, -1.599537393700247, 21.04718568091981;
  -14.78418408551774, -1.490723135759289, 21.29571132523165;
  -14.91512006120365, -1.016776174452072, 21.49160727421992;
  -14.72257395137741, -0.08980388368443222, 21.23623323840777;
  -14.64396838262954, -1.174148818765757, 21.12694475439543;
  -9.892927561306992, -2.574231034432424, 14.58751704215115;
  -14.51707369435096, -0.1633708647176137, 21.00898143401739;
  -14.83732977035675, -1.645848178359177, 21.56312089412671;
  -14.720197313793, 0.5134856482651869, 21.4804752313737;
  -7.871080445340995, 2.020043369169251, 11.94531295079811;
  -14.65205898798068, 1.878988071932749, 21.44113083350304;
  -14.64056234978043, 1.755636272744348, 21.45906887169468;
  -14.49626881788517, -0.8549071009964053, 21.33268147650171;
  -14.8223359409202, -0.5424359074431105, 21.84479084454667;
  -14.71440382928154, -0.04625810363157496, 21.77695174240266;
  -14.74333526440258, 0.8644980411568393, 21.8897840401221;
  -14.79569362934033, 0.1584406987359726, 22.03311781009887;
  -14.79843479755207, -0.3279600920256249, 22.03931975855181;
  -14.62320369244019, 1.186223961218958, 21.87186935199808;
  -14.69065464396732, -0.4418180330609985, 21.96668490428336;
  -14.67574346374507, 0.002039702183944478, 21.96395509103996;
  -14.78700025917542, 0.7342748447210222, 22.16612234123234;
  -7.427135837190127, 1.993812489663321, 11.64431984743554;
  -14.81033668494098, -0.003183839007271772, 22.27739104588745;
  -14.37199663522438, 1.56996916317497, 21.75393131527872;
  -14.66669241792607, 1.294713433830319, 22.23645610945052;
  -14.78839336063822, 0.2514061749742986, 22.43522819995694;
  -14.75925387970266, 0.3721242459625095, 22.42660778865722;
  -14.8927580227232, 0.8470218606910032, 22.64434625343295;
  -14.75686017206037, 0.5188945031545678, 22.4488743754058;
  -14.60512212809722, 2.021294137527076, 22.25976261395023;
  -14.72379355929352, 1.080605284526655, 22.42686772996681;
  -14.58345419461834, -1.114428135624588, 22.22678942800198;
  -14.67807464163219, 1.665071850261704, 22.53507631972997;
  -14.44732690156664, -1.59250001958797, 22.25429335668624;
  -15.06646172255224, 1.046931227887612, 23.19948646871174;
  -14.9534329848429, 1.975394955753767, 23.05726761799545;
  -15.31953610437768, -0.9009736149050248, 23.67565881367841;
  -15.27872629540371, -0.2008802767398433, 23.66607300564506;
  -14.75240399801485, 0.6728932564477963, 23.03899195473024;
  -15.32691048056203, -0.5751571546148446, 24.12208985616224;
  -14.96241549449002, -1.466398995994189, 23.74436515263258;
  -15.14431458059981, -0.8804280572734335, 24.02475377315199;
  -7.144901463697104, 1.980079590633454, 11.86765539342656;
  -14.6937893251341, 1.464548195672677, 23.50432141548301;
  -14.89608759496001, 1.714090074371446, 23.91987107678549;
  -14.76735890938969, 1.408892616188958, 23.8905112423822;
  -13.33429390896025, 2.106256511232422, 21.68237966099988;
  -6.957727949554083, 2.04680569566251, 11.79792966220865;
  -9.092645597467074, -2.829512981949282, 15.1487262862062;
  -14.74515638525582, 1.879508746538635, 24.12715784980304;
  -12.07854739847788, 2.02268827470296, 20.03718533096751;
  -6.992693481499049, 1.947354624494467, 12.06406622831275;
  -8.985332681688321, -2.9950679009351, 15.26712927431319;
