m=[-5.440970374506638, -1.400024947778245, 7.622602076498775;
  -4.03596903431506, -0.4614020068669922, 6.044042886928024;
  -5.854971049959731, -1.590063352217699, 8.438880540123574;
  -4.659323474790567, -0.7826215040185688, 7.474049090379761;
  -2.949497628323223, 0.8138091817600366, 5.149990697052906;
  -8.936187097691267, 0.130551630094819, 13.68780766401959;
  -4.680517622492707, -1.417945260523911, 7.654579872574256;
  -4.671034677367485, -1.338147551687187, 7.691356020848964;
  -4.639266967304526, -1.394167296139363, 7.664736931257155;
  -4.604427523955725, -1.351059751324193, 7.62881041539718;
  -4.604806138190125, -1.449105241988338, 7.636137627189945;
  -4.62769970150949, -1.422808747000324, 7.677430559964728;
  -4.638120081027566, -1.163074999622992, 7.72815393516612;
  -4.762156883426858, -1.135065522025915, 7.931046275191656;
  -4.476914334978178, -1.24253840953972, 7.535382213888877;
  -4.468753598918155, -1.437358290174294, 7.543635667053214;
  -4.596952311513866, -1.37035937132161, 7.733808935769632;
  -4.379126257650553, -1.171304959532909, 7.469494067379274;
  -8.416387786689773, 0.1227795048150261, 13.61050123370573;
  -4.405799968296019, -1.301463082826162, 7.809985696520057;
  -8.548398875008017, 0.1598927684774177, 14.2344764729966;
  -4.397517371903548, -1.191786413922922, 7.83411202207336;
  -4.218777112444636, -1.304766838662073, 7.591816461246514;
  -4.322000201536426, -1.22452805965291, 7.769812937412058;
  -4.180973753117501, -1.303258917957193, 7.649120932855197;
  -3.128090742092314, 0.7992565619333384, 5.999717384436872;
  -9.996416104587445, -0.1778965476515383, 17.61931742951148;
  -10.1130782768832, -0.6964353356208379, 17.83293477407309;
  -10.07411926094982, -0.4682753333074226, 18.10773986416352;
  -9.676379520491709, -0.1216193170632357, 17.98198952377866;
  -9.61635117688243, -0.749403314223185, 17.9009982382467;
  -2.109339529743005, 0.8699037600673339, 4.75712237161288;
  -2.553064075587012, 0.7961767745660489, 5.793731765594963;
  -7.267648723719391, 0.7182766818873575, 15.92045085689008;
  -7.194204760425817, 0.4773198421943474, 15.8056886059303;
  -7.282250152571411, 0.6165470006632027, 16.21468643567469;
  -1.867891525642772, 0.8871675513484815, 5.640442192719347;
  -7.642655134037582, -4.445009694281334, 20.2712372101076;
  -7.782174547528246, -4.741686563433133, 20.89422280550062;
  -7.891410942878808, -2.088707871444305, 21.37141342517228;
  -7.835376731855979, 0.03190480494013369, 21.23543898058469;
  -3.745024304261836, 0.9490608156772371, 10.69154011261526;
  -1.958031609527957, 0.8572496760123816, 6.065459774255197;
  -1.72853289219499, 0.8993647138372399, 5.606324965593364;
  -7.855981502763626, -2.191268901148092, 22.23600755439845;
  -1.720772768800036, 0.904301665546096, 5.692616889114022;
  -1.685895101151769, 0.9109929469500548, 5.612101928056024;
  -7.520836320338711, 0.3740888587141319, 21.65909506782209;
  -7.785848365332477, -3.763879769886152, 22.52707634452444;
  -8.243841486871634, -2.560306479557829, 23.92203748511412;
  -8.095492258899247, -4.176180367771322, 23.54619064303564;
  -2.615180503076582, 0.9981467029176525, 8.482747803987014;
  -1.693920561323383, 0.9104335385161033, 5.933058765743489;
  -8.961580682476591, -6.316329674687983, 27.30893265170575;
  -8.547843174851233, -2.075126183140826, 26.07442691016003;
  -1.438060028554939, 1.002410080303051, 5.212223872523116;
  -1.585702868542624, 0.9630581528340351, 5.697844863269841;
  -3.581600247894272, 0.9253088431601181, 11.84686880636772;
  -1.945431047964769, 0.9472789613486631, 6.919904254912598;
  -1.362715447318327, 0.9698701823543302, 5.142231505079643;
  -1.376153712916884, 1.018061883581208, 5.201551257821692;
  -8.377056347098932, -4.175372638879522, 26.84263977426042;
  -1.592198391174067, 0.969373809792727, 5.933055841320019;
  -1.580877784762568, 1.016935772893452, 5.940200287572264;
  -8.031893409884187, -3.268847858978565, 26.1782174917815;
  -1.592989635440268, 0.9988479857483803, 6.013620357644851;
  -3.56867341846795, 0.9079867676488531, 12.3208497017707;
  -12.17689813451436, -8.358268682422136, 39.96402635099438;
  -13.74542445147638, -7.766698628498156, 45.1863372361943;
  -14.10105266764827, -7.750345956046825, 47.35629125202603;
  -15.45351506796849, -9.232242419396615, 51.99662041377333;
  -5.544055742781878, 0.6109123659034588, 19.42838173168849;
  -12.80435041006075, -8.525564403172769, 43.57992193089681;
  -1.447263826452465, 1.051950072095268, 5.807180840015608;
  -14.5323186809627, -9.084050482183613, 49.70629249532198;
  -13.63645925933624, -10.94359236809352, 47.56729139380831;
  -1.437005994203748, 1.022637570663741, 5.983456239742733;
  -13.59689293287145, -10.51272223189369, 48.31761844634711;
  -1.462794925665784, 1.027005791280454, 6.181420741607767;
  -12.45408069081792, -6.849548114976868, 45.70553107531418;
  -4.975965360513238, 0.4045123132667499, 18.94678301245214;
  -13.53908504102849, -11.92218478699711, 51.53885776402234;
  -3.231362275544126, 0.9069556608486553, 13.14017152910107;
  -12.94366281981146, -11.66479992082704, 50.25114736294811;
  -4.065162671365452, 0.3534828232632886, 17.19141478229044;
  -12.5282697021334, -12.43853186441369, 50.91741291708404;
  -4.39273431863567, 0.2704068179862274, 18.56749551958266;
  -13.94615565556507, -10.3812377776854, 57.33951832961307;
  -4.029553054520347, 0.4159416681965703, 17.29538016958909;
  -4.798713522355228, -0.05403026026127957, 20.48674641315776;
  -11.89890523309069, -11.93633331991991, 49.34992030089317;
  -12.48740023351702, -9.619103805196938, 52.47346710754587;
  -4.755390123151157, -0.7453009845202286, 20.58894794633273;
  -11.9820470972688, -11.91390206372854, 50.78676031699133;
  -4.281645882178394, 0.2190472669500487, 18.82077384453153;
  -11.69031034445061, -11.42568284657495, 49.75523598762549;
  -3.794012416812267, 0.3418216164651869, 16.85936247781008;
  -11.72830774877725, -8.784053281039256, 50.2107089873051;
  -3.86569138058554, 0.435808348489061, 17.28245103791791;
  -10.57526655234044, -11.17658558089975, 45.84518693363741;
  -5.014606132068428, -0.8388387233107354, 22.29494856466738;
  -3.80571780504969, 0.6051969947900128, 17.34978458440675;
  -11.41178051414474, -10.81588799894879, 50.08976866471948;
  -11.19256442586294, -11.76162650355158, 49.19062570057584;
  -10.95469055289904, -10.57601296392402, 49.10216565358455;
  -4.002176365369616, -0.01382482647311294, 18.79330220117239;
  -4.82810859208981, -0.7887955689695769, 22.50300933001659;
  -10.8915671514484, -9.031673336515201, 49.58081509200244;
  -12.34651986323855, -11.65740992911025, 56.23303120263998;
  -3.541981628048724, 0.591516132892889, 16.89357783031058;
  -9.617424597136399, -10.36318616581146, 44.02104507012336;
  -3.637761742456684, 0.2379358658998323, 17.3708107945792;
  -4.653980535299944, -0.7161820946526721, 22.6034841904407;
  -9.675227427626032, -11.23576607159159, 46.09484347090083;
  -3.455003541194143, 0.4384530326329493, 17.20890775329037;
  -3.832489094962932, 0.1804364369583819, 19.10540941197595;
  -3.517376220668536, 0.1782548744163922, 17.73163624254321;
  -3.779658953986922, 0.01959376870910237, 19.10863888832978;
  -9.025038479552505, -8.109559629173104, 45.28439879717477;
  -9.764339754507381, -10.58909853237027, 48.99067002718832;
  -11.45943283816287, -9.047425367388378, 58.71285965722493;
  -11.30162928952265, -10.87608254818552, 58.74122570321915;
  -3.112458574764313, 0.3041522854338801, 17.10348040487703;
  -11.35375136118657, -6.619237087040391, 60.23082556585573;
  -12.04999140526825, -7.326480628379427, 64.31941693681833;
  -3.134386002310999, 0.6672498362287395, 17.58590629896125;
  -11.5158034668967, -10.5794644185893, 61.92968822711163;
  -3.302253474706816, -0.02912453752137405, 18.64878794010852;
  -7.734725935176171, -6.455002696435964, 42.64398244181185;
  -8.155772763610708, -10.59153036533626, 44.82988516377548;
  -9.720155424883211, -4.881518177410871, 53.61362156385044;
