m=[-10.42625772048243, -2.886693805537311, 13.5892782120064;
  -10.02062513953951, -3.078442084674744, 13.11209057881487;
  -9.674214188033782, -3.016085813736188, 12.90138605693335;
  -10.11302982533982, -2.941647845466522, 13.44573299488225;
  -10.03851489850834, -2.420205907192985, 13.36639518669233;
  -9.913807551600426, -2.464742725742019, 13.23022501267695;
  -9.761247755946673, -2.992591875967839, 13.06238367985351;
  -10.01733178247181, -2.372697234281394, 13.48869863387723;
  -9.843802988814515, -2.98120157792374, 13.3197206976483;
  -9.759874619922506, -2.676540398316542, 13.29268732426123;
  -9.711908596949495, -2.835899180899669, 13.33917101920645;
  -5.764956923374628, 1.800421736182184, 8.355737381398924;
  -19.39286799300061, 0.290821974585097, 25.89614422626804;
  -9.564235266200024, -2.767417243141927, 13.3028612856436;
  -18.82951628616869, 0.1178742944270203, 25.30482775329364;
  -9.478474785222135, -2.381584234362703, 13.30923933816735;
  -9.268476255837289, -2.873250222202305, 13.15000909509216;
  -9.72461772151377, -2.554305252001095, 13.75571234376534;
  -9.379311001017811, -2.828669363310884, 13.31847406951806;
  -9.468073323984809, -2.60292961264869, 13.4941903883903;
  -9.500077433382112, -2.504374121376308, 13.65753332779488;
  -9.19110674774026, -2.787017803719374, 13.26622281849232;
  -9.365945748768958, -2.755069780778988, 13.61012556436291;
  -18.75423495509513, 0.3010466329576151, 26.43919494660237;
  -9.568827133098631, -2.507239813066784, 14.05438160152501;
  -24.42122152694315, -1.624618070392889, 34.64709211913323;
  -17.83964536046074, 0.7102634780308652, 25.57615843800731;
  -6.224725805018631, 1.807654793422875, 9.573214682764931;
  -9.32203774703054, -2.57792963171401, 13.8653754008772;
  -18.11155795452671, 0.6401682785739927, 26.10584535648279;
  -8.971063974765892, -2.449140473053819, 13.53516340453697;
  -7.418033517823168, 1.761358437252913, 11.36822493375782;
  -10.84276316894751, 1.600250734320166, 16.29616377055799;
  -8.913812026626317, -2.732517183905691, 13.64515596657897;
  -5.427516889862509, 1.824074839251957, 8.703994631389652;
  -8.920057825527795, -2.442755485010311, 13.74887036558358;
  -5.36668065095873, 1.840893200993154, 8.679526081599505;
  -6.71566469177912, 0.9752621046948704, 10.66734700573576;
  -6.885409753240032, 1.792474275478341, 10.91384026384416;
  -17.45770579179718, 0.7195156337637431, 26.21282607051224;
  -5.406757240898021, 1.838627393493772, 9.242775026629492;
  -21.74194837812411, -4.435008959025641, 34.2348885891433;
  -21.76312135433257, -0.3724597025537891, 34.32591987868802;
  -22.25225972978984, -1.490567306948729, 35.11939541988846;
  -5.463251800841467, 1.839299989015669, 9.369616180586867;
  -6.969345596986369, 1.801200678254742, 12.07047319455196;
  -4.932090205531035, 1.545902815110842, 8.955384391821932;
  -4.940873854572769, 1.529901199526614, 9.033368316542834;
  -4.800677761696303, 1.195093784235888, 8.810411552755614;
  -4.639143602693364, 1.255790561965643, 8.841394481837069;
  -4.694564619821334, 1.9202927536062, 9.895088032955021;
  -15.84061483851973, 1.335321983153478, 31.22592756419727;
  -4.136402385536641, 1.91190804517179, 9.193176394500519;
  -17.28848202842138, -6.501953468627984, 35.61605497018811;
  -9.924938854848973, 2.033042657725319, 21.24573258499958;
  -10.6971654444883, 1.922191902053757, 22.85777963592031;
  -4.195285251369835, 1.958349571077993, 9.796139082353626;
  -4.060492205101396, 1.98443922789068, 9.632576105871484;
  -4.010073106958156, 1.995818608267403, 9.556072034460843;
  -4.872825319944638, 1.961818536786473, 11.62972022322262;
  -4.506184792461899, 1.964395004338483, 10.84247207805286;
  -16.89685362364929, -2.618597133398705, 38.1045406172284;
  -8.744201502155262, 2.107464672767858, 20.41830441642411;
  -16.97820950908038, -0.6595678899887597, 39.13612315812103;
  -4.347220018214372, 2.021698229772639, 10.75873111367602;
  -8.349861243253645, 2.094997242113617, 19.93967148006868;
  -16.98058533216324, -8.293273148575997, 39.79892629578509;
  -4.198398664872458, 1.989781587968095, 10.58212162874429;
  -17.54658820965287, -4.294388317561798, 41.18772498027498;
  -17.17001292701643, -8.655150566218971, 40.36399883732679;
  -3.718278887634714, 1.992110747997154, 9.495621892342374;
  -17.33880845590301, -4.807970710297106, 40.76403263028168;
  -17.50823996149005, -4.580911289306563, 41.19607045219043;
  -16.56423460992625, -9.096386176938125, 39.04635922918278;
  -17.61019475835179, -1.655799237254085, 41.60183618125682;
  -6.081850935782156, 2.070087949023117, 15.00827111246079;
  -17.85942080298667, -9.700870637631258, 42.51770773520649;
  -17.44474179155761, -9.91570459617104, 41.64188470627917;
  -5.278167464695816, 2.015781209888366, 13.27418673758151;
  -17.69987852383085, -5.104447018120909, 42.30537037566521;
  -17.24627020764883, -8.609420928705086, 41.32118963974381;
  -17.63037907113926, -4.781522375437354, 42.26208576860128;
  -4.140664046259305, 2.047370306331647, 10.6845664539286;
  -17.91637889145257, -8.352760539525885, 43.1279086641592;
  -17.30710313927415, -6.014709363036482, 41.85441828857734;
  -17.70269495328171, -10.51152838051343, 42.8291692581298;
  -9.496065957791522, 2.018230889335104, 23.45634091434578;
  -5.998496833356444, 2.121805474953297, 15.20024357376905;
  -17.25924513771004, -9.252590823605804, 41.98178327976071;
  -17.2933546767628, -4.453519708396817, 42.23505384357407;
  -17.41557793284213, -5.903336182249314, 42.59615474668819;
  -16.82222238824524, -8.422975570103217, 41.17815635872742;
  -4.138446465399284, 2.011877505687995, 10.87364538152932;
  -17.05576198155037, -3.980593252563789, 41.85698386118962;
  -17.56088883125588, -2.054619230797321, 43.06410505592729;
  -17.17911391967563, -8.118205361794368, 42.60215722433657;
  -17.51838342532511, -4.834629479291927, 43.51767000310748;
  -16.87745601074289, -9.812937417156913, 41.99640796827507;
  -17.30259015639893, -8.602397562822455, 43.11572108997001;
  -17.5492060390531, -4.564894917688255, 43.73717634458513;
  -17.43270420403025, -6.041272075378238, 43.68076392240573;
  -9.098544091348339, 2.184761809598761, 23.3805800688684;
  -5.541258718146748, 2.164974200034648, 14.63146152805847;
  -4.939524333708091, 2.135037590260531, 13.15138302777448;
  -3.66441367133724, 2.144747049729341, 10.05990946704273;
  -17.2471973776724, -4.677957563292938, 44.11667427734618;
  -4.427501890019241, 2.147203916167444, 12.03823557888658;
  -8.534709207566451, 1.895746218653813, 22.40904043725821;
  -3.74015016087899, 2.11193086979808, 10.37902808533759;
  -4.858304368891579, 2.101937262608289, 13.19800786595194;
  -3.905040082775743, 2.140689970233826, 10.88196687734362;
  -4.702062235119082, 2.173224557952821, 12.94318561723635;
  -16.85091813493195, -7.933659452552232, 44.16140011211568;
  -17.18691966411081, -9.914702048411746, 45.14608128939528;
  -17.81068781632757, -5.363167599019137, 46.85335084963275;
  -4.013691311749271, 2.086947846718824, 11.29695145129146;
  -17.60075483769589, -6.119190166213409, 46.70244342624162;
  -3.80954156027033, 2.238124885592365, 10.879209119065;
  -3.822207325967588, 2.153934818588281, 11.02381291179116;
  -7.879892823947087, 2.000859699829971, 22.01299524744966;
  -8.15960573882869, 1.968814934593706, 22.81636895286104;
  -4.217119158763437, 2.258204762583311, 12.33060793900177;
  -3.875443954853668, 2.24244613744341, 11.41178588669219;
  -3.68665211707415, 2.271460586536412, 10.96301647324844;
  -3.749234679698097, 2.230836781274648, 11.14241448009554;
  -3.934239956070175, 2.230443152742285, 11.71425181923883;
  -4.097581826122023, 2.219970071155383, 12.17587749807527;
  -4.212615753931045, 2.148583874295819, 12.60912868224757;
  -4.050555706863121, 2.221801247933328, 12.30993875767344;
  -7.89177964168846, 1.989864082448126, 23.15270669882672;
  -3.383263635258849, 2.22910775002854, 10.59478261156353;
  -9.00606228291295, 0.7840900819703985, 33.33308705588251;
