m=[-12.7519810693905, 2.4031683612754, 16.33012377505409;
  -7.982917479854048, 2.222545008171937, 10.70834331059123;
  -29.44938115084394, -1.559547811158323, 37.00577100543946;
  -7.728738380264976, 2.289643275715062, 10.47585755238081;
  -7.531559988182457, 2.296106708217254, 10.26214419944288;
  -28.18690349775658, -8.281632939270192, 35.94037536516591;
  -7.528137015780441, 2.303204741417286, 10.38746976616244;
  -8.453980357336175, 2.254601614205013, 11.58832114975125;
  -7.318837783415455, 2.331927696045022, 10.32499056197738;
  -7.498131878641253, 2.3117366775463, 10.57198699980959;
  -16.38151113627365, 2.489138582752209, 22.13975241849564;
  -15.88418978495229, 2.65687203075566, 21.50958507145605;
  -7.616516396592202, 2.317104721752934, 10.95885268178788;
  -7.257013101442045, 2.347704634296416, 10.66419103936763;
  -8.93831556495015, 2.402738008569377, 12.9193916514567;
  -8.84158344621153, 2.3651999497267, 12.94608056347411;
  -27.0714085082376, -5.096679092282779, 37.68249971150257;
  -25.3900707007111, -1.316704575995383, 35.51328720325858;
  -25.90292522810444, -0.07444155899624078, 36.22385389568638;
  -6.89512429616783, 2.35979458578844, 10.44990001695345;
  -8.213464907092218, 2.405098565951883, 12.32863292253663;
  -13.00685972422079, 2.577274861745479, 19.40488848040178;
  -10.1519398905629, 2.489351867760037, 15.41010754825111;
  -24.99289188983104, -4.95266258776134, 36.61355927570394;
  -10.31515903613178, 2.545138179434308, 15.75225180614877;
  -9.506688248989667, 2.545772618222294, 14.59292828370673;
  -10.14004008382478, 2.58113240344186, 15.51448215900873;
  -24.76246902010796, -1.487729048976565, 36.48842971289308;
  -11.57160547717027, 2.615792594821488, 17.7945212099599;
  -12.35847629669564, 2.610101612508944, 19.00649180082364;
  -12.78731733275821, 2.569936968949765, 19.88812892104191;
  -7.371109122999051, 2.422954060070015, 11.94416511457502;
  -9.590853573195915, 2.675947760314792, 15.33330735994101;
  -8.688889246160901, 2.516747175349034, 14.00495879731709;
  -7.562481167844972, 2.485030119599239, 12.33712640934632;
  -13.00520591283723, 2.616995409053887, 20.6044874331927;
  -11.64811598786295, 2.603903461653213, 18.64602129787985;
  -8.530706783950613, 2.552051150588196, 13.92341790893181;
  -9.481208146775748, 2.57986316077224, 15.36372668123446;
  -11.36232511999025, 2.592320135986363, 18.47948394721052;
  -10.56016648126428, 2.599850039755277, 17.29111421247679;
  -8.530925761399736, 2.522168810840217, 14.19412376474793;
  -8.629583627913657, 2.626249754565781, 14.3586553304317;
  -8.245081367213791, 2.592061434625514, 13.83254381932421;
  -8.625857804380354, 2.464712070207678, 14.43919482356431;
  -6.952557804085372, 2.532693413027406, 11.85400832748767;
  -13.50336167308253, 2.608402058605378, 22.36025126491694;
  -7.933341164851245, 2.625143472987534, 13.64640455675971;
  -8.122488436579639, 2.633335092328526, 13.97947712299978;
  -10.39971684490774, 2.617702337791211, 17.79198999951238;
  -12.36251128849335, 2.548770951122419, 21.20768279531949;
  -18.85718063980216, 2.136537777021534, 31.85041551325449;
  -11.4462249027153, 2.53576099621568, 19.74188011458634;
  -19.0443215154386, 1.520619557851001, 32.22491772262316;
  -9.801705625418148, 2.609438831424112, 17.15229463416053;
  -7.254611198604987, 2.616702308179592, 12.96421563859688;
  -19.80840761750661, 1.944248394896809, 34.04570942272408;
  -6.569625256302412, 2.596451996529133, 11.98823329064647;
  -9.991170289900959, 2.610005053091892, 17.96506629901966;
  -9.052295181810441, 2.605058665279382, 16.39506274544497;
  -6.450658696932574, 2.63492842279202, 11.96475286004405;
  -7.115516497194951, 2.534751244183523, 13.22589111140729;
  -9.120727189853417, 2.62230324132732, 16.68457832503279;
  -5.964254293091267, 2.603796830212596, 11.29066477021755;
  -7.107391370754882, 2.651342661540543, 13.51313881654489;
  -8.838212633005677, 2.597877902806166, 16.58045430238905;
  -8.693972537309184, 2.62431620529929, 16.39910815039682;
  -7.918688696634868, 2.597967191132396, 15.027439882006;
  -6.585147657422716, 2.679045619336572, 12.67195612340763;
  -9.507726802373863, 2.647357513887297, 17.87982768295264;
  -8.833930557385205, 2.584332384584914, 16.74890208473997;
  -8.525011665365808, 2.610899122558748, 16.27898577372815;
  -6.271619436821554, 2.664465965009787, 12.33260710439202;
  -9.345449154752174, 2.535537050003426, 17.91051876026109;
  -8.57757736407966, 2.614594357317983, 16.56062649117692;
  -7.540448578127098, 2.590035677349935, 14.84863401877616;
  -20.30448063735285, 1.029973612235034, 38.95899066823245;
  -9.463826445731597, 2.567704157368037, 18.69783881110328;
  -7.001118617694321, 2.640360494787155, 14.1180127997651;
  -7.727674520564542, 2.625538738529472, 15.51431740942857;
  -7.942870419187764, 2.614320185273702, 15.97437087308189;
  -9.265361875120522, 2.574861960824512, 18.62874273436263;
  -7.862049244502077, 2.622604533152322, 16.06413644090164;
  -19.68344999404115, -4.302074156084263, 38.84611199890014;
  -20.41594494893958, -8.103266151928757, 40.41408308520752;
  -5.510968370901735, 2.682080782574648, 11.64505502754453;
  -7.903111025023556, 2.585413171982567, 16.31122914732607;
  -6.134930316829268, 2.663508892281004, 12.92097584973949;
  -19.55096154119905, -2.688891642435841, 39.36468773919764;
  -11.20003765549773, 2.584455563544038, 22.96465219078953;
  -6.18170285497093, 2.64063200339831, 13.13364814692157;
  -7.012701783117052, 2.589667344547997, 15.02761391960322;
  -6.227775177690443, 2.651070098481547, 13.45861926225792;
  -5.632370444522302, 2.630667947355779, 12.42924162391094;
  -6.251740606754951, 2.699614826964579, 14.0905184133217;
  -5.639931849908254, 2.627567370900166, 12.87639150954121;
  -5.131824239747546, 2.651544684481052, 11.81655599162331;
  -6.415649364413412, 2.616164230227426, 14.6037595842394;
  -6.903736754565073, 2.529410233475313, 15.67360579608335;
  -6.00601037640773, 2.655700031907272, 13.76152493058682;
  -6.834095545992042, 2.591330848779586, 15.54949941379265;
  -9.597656953394576, 2.436663611043085, 21.54119265992103;
  -5.970571054503336, 2.655642756876934, 13.86939493023233;
  -9.001906964980684, 2.4883274729653, 20.718213862582;
  -7.631082337408015, 2.573088496529281, 17.78421188707204;
  -8.675915139858455, 2.474432868750986, 20.65812283654499;
  -4.961954885236111, 2.620558495820295, 12.24376525946367;
  -6.091621735975581, 2.601781667805376, 14.94123224650592;
  -9.054168150131138, 2.47753834991178, 22.04308258786317;
  -6.800586929278647, 2.774195328229397, 17.15538491759954;
  -4.477335311140138, 2.609239460455153, 11.65370039611617;
  -5.808011182914347, 2.565226294333997, 14.93785230091927;
  -4.958609525675556, 2.702040059234221, 13.16994344123815;
  -4.452193637209729, 2.641056649452183, 11.92286759744506;
  -4.794636532691706, 2.594971978220984, 12.98111693359382;
  -4.474637652507441, 2.62204224792049, 12.38800035577262;
  -4.052322598779643, 2.626714401432948, 11.90240594820743;
  -4.177907162556803, 2.625368701679157, 12.31050883335197;
  -8.524092113835307, 2.471546360800425, 24.18894892082874;
  -3.896544932621016, 2.656666737000172, 11.77989080000052;
  -7.442217527191565, 2.451382978000636, 23.89010718138444;
  -4.734701067895029, 2.55851514487038, 15.81816560982209;
  -3.370766218001739, 2.618229313781343, 11.55048982781743;
  -4.227905130631016, 2.586342642275356, 14.24757737273794;
  -1.884326425262662, 2.57722824660087, 11.00739339479738;
  -1.532563303040448, 2.470893560296356, 15.44115849707834;
  0.2854098794920567, 2.538246770238581, 11.26721178331964;
  0.3634871968012141, 2.526259469079311, 11.95685591855689;
  1.236157596193091, 2.366578218410044, 20.01498333614849;
  0.8374292820972545, 2.547776336384578, 11.41865352184193;
  0.9159565429783866, 2.506159457595755, 12.36077977091848;
  1.717702435383888, 2.377292762832114, 20.95254656765284;
  1.136137087670399, 2.539126274075935, 11.08375051109186;
