m=[-9.484246446384326, -2.930636148710165, 13.91662769163578;
  -8.470928156533425, 0.1166879976043651, 13.58061159607445;
  -4.764808980641871, -1.087669610085109, 8.086058487674183;
  -4.627477601919105, -0.8242243223582977, 7.985460656316824;
  -4.458522835764241, -1.39603599018542, 7.745610944259936;
  -4.508775259263445, -1.389502361383771, 7.946991967426709;
  -4.487530823181569, -1.363858365788895, 7.97760385735575;
  -4.44185251234131, -1.445587354021363, 7.909226353657547;
  -4.461128116671534, -1.322091590224701, 7.957601207689432;
  -4.475419406144628, -1.392282338884016, 7.993024339079884;
  -8.12971886044109, 0.1106851009364344, 13.76001106872014;
  -4.580490901001698, -1.105333515701993, 8.200778871854915;
  -4.30170701277673, -1.433002324240962, 7.808680094819642;
  -4.464959099813703, -1.118036202572979, 8.072242475191063;
  -6.867542458967296, 0.8800805743864166, 11.91731353345316;
  -4.293304024078389, -1.163278345820828, 7.890061139351723;
  -4.41948594829438, -1.07791768054263, 8.152946491935664;
  -4.262313669204668, -1.170033340066174, 8.163206105149868;
  -4.068292334293642, -1.236751052178283, 7.989725579555289;
  -4.030904437785101, -1.272290329338686, 7.946253347147997;
  -4.081565602029496, -1.337945589140406, 8.042733681678429;
  -9.468703817332703, -0.1766761447275462, 17.32417107143506;
  -9.567021282657795, -0.6671114741510184, 17.50890338979166;
  -3.936288772116967, -1.217371959627009, 7.84780124657573;
  -2.631105423319298, 0.7884402839205267, 5.608507488628747;
  -3.929657030620716, -1.128107115034635, 8.056449761078724;
  -2.466536456337691, 0.7995217572587018, 5.641109238369994;
  -6.878009585622015, 0.6866468422613331, 15.71067759944802;
  -6.876312946028715, 0.5852348933525183, 15.71435121080372;
  -6.828941537028625, 0.4655966614935894, 15.63540050524248;
  -6.962258774422489, 0.5890066514122694, 16.1469212162957;
  -1.658753300701778, 0.9098461620335434, 4.907322522539195;
  -1.564228952064251, 0.9197588593907099, 4.965645790053589;
  -7.225329745163042, -1.831985081767005, 19.56975519344836;
  -1.526265582920761, 0.9232231219887436, 5.015252708662468;
  -7.293888907608247, -4.411527478789542, 20.85547493625764;
  -1.40304563436915, 0.9745153889795827, 4.900241585695724;
  -7.214132227040277, -4.638681070577587, 21.44371201062635;
  -1.37244868096424, 0.9766967266446733, 4.914669195012928;
  -7.287647927131697, -4.381628486186401, 21.91637567677388;
  -1.388476167003405, 0.9656560246195874, 5.002083691054817;
  -1.381187572369117, 1.032150558606968, 5.445097433271502;
  -1.405912162737653, 0.9847322956951983, 5.671171898457178;
  -12.4904112858315, -8.438600910738117, 42.86709840467425;
  -11.9450130915539, -6.634219752659028, 41.15944396260466;
  -12.15019777203742, -7.685117937116611, 42.64258266425198;
  -1.549874259263639, 0.9480934801092986, 6.357928957895188;
  -1.337199482560689, 0.9962958178551368, 5.633313394115181;
  -9.917732822796461, -6.932543905954426, 35.28631012041618;
  -1.504650529722656, 0.9742213093215835, 6.245363509855372;
  -11.91438257707226, -9.91255052852158, 42.47597657966946;
  -1.54543595290456, 0.9776715893993212, 6.424725277857581;
  -11.27544401413057, -9.563942564077577, 40.79097302608892;
  -10.55997605810764, -8.256505453637548, 38.51921731128971;
  -1.289827277190632, 1.012912427915581, 5.588186111490562;
  -1.507658580121851, 0.9996006307082896, 6.50456408467366;
  -10.94106773934539, -6.092182861595819, 41.20531742431214;
  -11.92041089898122, -11.38640781634842, 48.65553196445407;
  -4.720356431438778, -1.077265915420425, 20.21224966129491;
  -10.72365939208293, -10.79443825180226, 44.80324597057135;
  -10.63038223648743, -7.835066125429518, 45.17609620447756;
  -3.943132102415293, 0.2460276830067919, 17.42994153329484;
  -10.59303889841931, -10.78834990694642, 45.16408137379416;
  -4.406233614258869, -0.04407270276169689, 19.61370496906996;
  -11.44289978340754, -8.908817276135801, 49.31364839876218;
  -3.757664810133179, 0.3944286145198521, 16.90588984127269;
  -9.333157692974991, -9.417240686668457, 40.75386205424043;
  -8.850595397898337, -6.730293934859545, 39.04835902089034;
  -9.345349267006883, -7.373404227915041, 41.60065924835232;
  -3.950453232925529, 0.2013960283971097, 18.16026547873363;
  -10.16701354007652, -7.3216846216656, 45.33446339112317;
  -9.52082274422178, -10.15150303017548, 43.05512884528618;
  -3.53557412330244, 0.5703944500536057, 16.91342091543046;
  -3.477182119473042, 0.3218984434048663, 16.68670123428993;
  -10.66927560466355, -8.329268130090325, 49.52546489851659;
  -3.646876645766866, 0.1832481657711043, 17.73245970240725;
  -8.617333015921526, -9.437984856147272, 40.63596951119231;
  -3.343064295242423, 0.5677826483212263, 16.7299800671879;
  -8.508900954092805, -10.0584400451961, 41.82848756843981;
  -7.50390260849846, -8.807266478935967, 37.31273132965119;
  -8.857041057408917, -7.927945554215945, 44.50518362517078;
  -3.54532377011311, 0.1705975243017428, 18.45035398438974;
  -3.291261919397467, 0.4250978650429436, 17.20200497585844;
  -8.679743370403855, -9.461327533163159, 43.82402553111933;
  -8.07325792352542, -7.201114876785138, 41.33099762882251;
  -3.273788121621716, 0.01688762591263007, 17.38581032349295;
  -2.988502633061309, 0.7199231559328582, 16.0741494089771;
  -7.724994991535795, -7.060702186665114, 40.01174161586054;
  -8.423876204463873, -7.21656787708586, 44.11708138647156;
  -8.194081089974356, -7.75254768008306, 43.60660148087509;
  -8.208899368446085, -4.86198398272626, 44.93222230196233;
  -7.285566304879041, -8.968563712167885, 40.16395755298658;
  -7.949313839223598, -8.699557569299833, 44.40689780350428;
  -2.884549746757535, 0.6272663700236564, 17.01098755587121;
  -2.716665469419353, 0.1635805399131858, 16.12956992957475;
  -7.665342039886443, -3.880705136285175, 43.67331385142817;
  -7.719835130608601, -6.56633734203148, 44.02345303757603;
  -7.706968458517983, -8.427730909722751, 43.98558161841276;
  -2.991038575001199, -0.02767376019961518, 17.72489705153435;
  -2.796855710855812, 0.2659362444376406, 16.71898956575758;
  -8.468956481235312, -5.017055142293755, 48.75866711041328;
  -8.039195647127254, -7.238863689849763, 46.9044755858182;
  -2.964955006860131, 0.05464983246849727, 18.18545234421389;
  -7.402027499626415, -4.549088673492679, 45.43549724292049;
  -5.09322400296679, -2.517241280854435, 32.121143354306;
  -7.901095942507538, -9.925457706294434, 49.18429478464978;
  -7.294812816697713, -4.151485572837502, 45.9726794682285;
  -6.311254179064655, -3.915365754773066, 40.06347645241086;
  -4.17796599490455, -1.717410847900959, 27.08399342091585;
  -4.197436255346717, -1.609440330697856, 27.26760284154675;
  -2.926053894651562, 0.5437485350855041, 19.38496118430057;
  -6.643297457885272, -6.73698631908593, 43.50021503075936;
  -7.039857148860859, -11.17347886491616, 46.73429874492074;
  -6.493115918433343, -6.926415443602715, 43.30756651316347;
  -6.444726498802546, -5.363518491343711, 43.67000218327716;
  -6.315433536901978, -8.9217558632647, 43.86615565539952;
  -6.600099922071967, -8.962691014397841, 45.96460750145703;
  -6.562219202216847, -7.66972708844068, 46.33235602763213;
  -3.413396755180687, -1.686280107236664, 24.67674181991426;
  -6.593068988637798, -5.902281191503677, 47.72523101353365;
  -6.024571866915171, -7.809470910867933, 44.058133948788;
  -2.491999758919275, 0.9218387012404655, 18.84677330704939;
  -2.129420255248084, 0.8739290191068266, 16.26632922700756;
  -1.579541201451673, 0.859848212683348, 12.40315705733993;
  -3.553482121746551, -2.146884352721667, 26.92198644902776;
  -3.443503075643009, -1.95994781459904, 26.15769792321702;
  -6.03095936168999, -8.23566083865399, 44.98591683629658;
  -2.738069995848323, -0.6388729300338063, 21.24000072364296;
  -5.847000104186384, -6.87583536496413, 44.3113391806982;
  -3.318855728441051, -1.749460034513506, 25.58079762737492;
  -5.624372718301173, -4.578437723895221, 43.1398358128032;
