m=[-9.882401681754025, 0.6056238900617667, 12.93585489410329;
  -13.77964038328954, -0.7674339067583497, 17.78603205547239;
  -9.730759558292515, 0.5141850848135887, 12.90211504063834;
  -13.34902538318497, -3.958572503473621, 17.49399523583871;
  -9.871833918023915, 0.4666460927748175, 13.39414997350773;
  -13.6162252645354, -1.688897433134127, 18.44240463478266;
  -12.45891731330803, -2.385427856582958, 17.82384738473296;
  -12.23891303891544, -0.6772037714149234, 17.57498476031245;
  -12.26469468962338, -0.08050136262327985, 17.61370786277995;
  -6.339940543380267, 1.228897207856593, 9.931657621541755;
  -11.78534334570372, -2.370743910719015, 17.733523670202;
  -11.32879506501846, -0.7283908237015587, 17.1735023594767;
  -6.002192863482212, 1.17757498472128, 10.00573432051887;
  -8.955864661392379, 0.9778658323804248, 15.5878007647868;
  -8.973767594052571, 0.695108963996557, 15.65117090518973;
  -4.743230010165505, 1.235160736265001, 8.777322525011876;
  -4.98484652483235, 1.24919224661495, 9.196687129758018;
  -9.000027944323714, 0.8564774849953724, 15.95003216090328;
  -3.463966188492963, 1.26796612045523, 7.06595464671793;
  -5.078923656509168, 1.208629740759141, 10.01255407110067;
  -4.284190184222842, 1.227689070692397, 8.598388890128097;
  -9.15302928541154, -2.009958865150603, 18.51715380694898;
  -9.243896773866711, -1.303179720882909, 19.06048506669777;
  -5.275822268335805, 1.191434803978186, 11.2940230605673;
  -3.018629424070876, 1.267772692619509, 6.892869916649589;
  -9.382889172095425, 0.1969500788961631, 19.59090000796648;
  -3.415153532081937, 1.238156588806813, 7.794006008930343;
  -9.577791545480217, -0.2519889870652451, 20.27988668250269;
  -9.652924537933098, -4.945169072606769, 20.73171339271179;
  -9.642773543084482, -4.546817532077213, 20.718711237448;
  -9.498078077407227, -3.172278575215933, 20.4704901865685;
  -9.500045725740458, -4.63632454256933, 20.48633164096947;
  -9.634320818022815, -2.215914936118551, 20.77358362489622;
  -9.591770005629753, -2.516760509124221, 20.69623902083444;
  -9.58157084838704, -0.7755273855063654, 20.83093223710424;
  -9.800704608114641, -4.437641736806181, 21.40897768187593;
  -9.810938090148763, -4.73030909093733, 21.60970318833521;
  -9.918286713133853, -2.707190440224558, 21.82061112816592;
  -9.741919024736905, -2.337675781990212, 21.52402814248415;
  -3.377021716884368, 1.215498589605915, 8.138278957944829;
  -9.65561593297217, -2.347426638780695, 21.71904809162305;
  -9.601148723500211, -3.109303883204254, 21.61707066455807;
  -9.936354511808215, -4.831770059225179, 22.38877455594235;
  -9.572917824549455, -2.087659910479553, 21.64731628024672;
  -9.546764714855092, -2.525380500016372, 21.60232562935969;
  -9.601543220610164, -0.9886858472032269, 21.71116964735127;
  -9.601420920676612, -2.281189357336182, 21.79527966475847;
  -9.499309826878447, -2.380453706883317, 21.62414675890913;
  -9.551459848754162, -2.491170503393645, 21.89628680742335;
  -9.717061885965464, -4.664381902606686, 22.31570928947835;
  -4.535665901946412, 1.163186593376782, 10.97342873643676;
  -9.808790722570581, -3.246739223091822, 22.68105149411787;
  -9.884887546107992, -4.768573136640549, 23.72007071764557;
  -9.864756351583463, -2.734450334774081, 23.79062073605128;
  -9.732020805097898, -4.4026150675535, 23.57663722105673;
  -9.892228662201774, -5.506841138822317, 24.00662815788145;
  -9.810617783245524, -2.805446105886218, 23.89998677420858;
  -9.539204302234392, -3.177175388059101, 23.27473942311608;
  -9.800011317804236, -4.716069492138717, 23.90801760449569;
  -9.724143239954156, -2.492477907704081, 23.71530666651232;
  -9.730606675429234, -3.226675031066145, 23.9292478659284;
  -9.709669434215899, -2.492534190770692, 24.23012614960819;
  -4.090078540600501, 1.157901874257346, 12.05513398410759;
  -5.204625116277124, 0.5389690794263521, 17.39944746451102;
  -5.211990502474382, 0.4031872013562659, 17.57215332635847;
  -5.803624745514307, 0.0006399124173624085, 20.07115886744651;
  -4.87769962088595, 0.5197489203033807, 17.11998906307899;
  -4.867959099414114, 0.4543348443244207, 17.2463863937505;
  -4.929975451048641, 0.2807241691868405, 17.73887360291283;
  -4.862080282790733, 0.5185036869142599, 17.55226059365918;
  -5.023709147675106, 0.1937050165127197, 18.43493965930512;
  -4.903913243135874, 0.3420827323899327, 18.14458822697852;
  -5.061981889853362, 0.05640545511675783, 18.75270433880667;
  -4.473818583763392, 0.375794137308284, 16.92980131738986;
  -4.293017884146892, 0.443031977655921, 16.89641905434943;
  -4.112415031467512, 0.5890153911265866, 16.82734954789879;
  -3.739784801453164, 0.4242564121860374, 16.00917738557315;
  -3.864542649014512, 0.8643556936340946, 16.92734865957122;
  -3.959911520079637, 0.542272555093943, 17.53617076203027;
  -3.81499963068267, 0.6378178602305556, 17.37625633897869;
  -2.698880265597092, 1.167823106458576, 14.6005154864397;
  -2.905373808518283, 1.164586064908594, 15.97514125402827;
  -2.843096273996534, 1.164245970768743, 16.27375292640467;
  -2.392486161177338, 1.223207015423911, 15.55325479220456;
  -2.161536831581262, 1.207618539807149, 15.28302507348846;
  -1.13035724787804, 1.145296093294683, 11.88481634671729;
  -0.8034693427767602, 1.186983403493646, 13.47043879657442;
  -0.3687525889822465, 1.150559671356737, 10.1785160446741;
  -0.2876968992597488, 1.158492890953644, 11.07326279476081;
  -0.1043872666000975, 1.17161341061879, 14.56896445187495;
  -0.02803627004847563, 1.172200429781286, 14.55411737887499;
  0.298889619892091, 1.174487781173524, 14.47111458981759;
  0.4384234580620782, 1.184211343537372, 14.67730168666045;
  0.453237626280969, 0.7769476337558183, 13.7168387723499;
  0.4719323494728637, 1.00291604260288, 14.19261168972862;
  0.6669231653276712, -3.814924191288208, 18.5553817344292;
  0.6013319203580045, 0.7906123544951186, 14.00810384677157;
  0.6121080012557302, 0.6768076106783614, 13.80605740240083;
  0.6505359777477355, 0.975945832401278, 14.68886015185839;
  0.7291286667122615, 1.12584870137746, 14.48736274003965;
  0.6710120576756079, 1.144987632921335, 13.38246875218169;
  0.807171461197952, 1.102802225195219, 14.41476552808335;
  0.7739592359179222, 1.157220026415144, 13.62662263133291;
  0.8463382427528591, 0.5109095143485302, 13.70375815408743;
  0.966735249023137, 0.9897913683186363, 13.82104131838662;
  1.705146165808924, -2.022102693393583, 18.7423128709272;
  1.264350639614, 1.111354024893012, 14.20933992358245;
  1.219697323739923, 0.4799514118974538, 13.56958119641717;
  1.27102218154406, 1.031184838799608, 13.76517455047974;
  1.755689627698789, 0.1379916132670443, 16.96503273022831;
  1.060213057582507, 1.200193571144882, 9.10541454555921;
  1.690789567722431, 0.2083195701826648, 13.69201124791477;
  2.617590304229088, -3.232106740944806, 18.69407122766435;
  2.802759308392243, -1.454090991222978, 19.72689765641647;
  2.647333816779779, -3.770377468537081, 18.49994360069897;
  2.641202674711629, -0.2970547219951948, 18.54493811662181;
  2.303052397290468, 0.1344443898288084, 14.84943242199755;
  2.336048472337844, 0.1736395828187367, 14.4756593098238;
  1.964514714694138, 1.17635998899183, 12.15733584263014;
  2.360031005007654, 0.1191115999933622, 14.04962004162237;
  2.608112955716586, 0.1291269682802263, 14.20683073844248;
  2.693951421072407, 0.1980472064242635, 13.83704015536132;
  2.974178479858801, 0.9660888622513124, 13.66714277007227;
  3.158877091332286, 1.173154717049977, 13.77662510485344;
  4.684691744545244, -0.6878882396762012, 18.61053660118051;
  4.699498754014836, -2.733145512089589, 18.62698133838082;
  4.672294028188609, -3.714618296135138, 18.48072277586928;
  4.6663942572041, -1.341235576056473, 18.49998916101422;
  4.733053617374607, -1.048605306513304, 18.69996800148701;
  5.123152227311763, -0.8498832798045322, 18.73984676346125;
  4.805771041423254, -0.3629837360673542, 17.46714325156521;
  5.124446927076153, -0.6227267962060278, 18.24557948782505;
