m=[-25.59372726017149, -4.567855072221123, 32.36365862935777;
  -18.66113715305289, 0.8233263861453002, 24.0937810016872;
  -24.73405530513135, -1.377521630812155, 31.92541229540225;
  -9.364126124657556, 2.100392860959668, 12.75305950893953;
  -18.55818907784705, 1.137302755318955, 24.29227719528931;
  -24.256972486415, -7.193258050373733, 31.78893956166619;
  -18.25413184077405, 0.9645703680704063, 24.20334276741424;
  -14.99171723098094, 2.219342628690229, 21.16811569741864;
  -7.392360249598303, 2.148645878347979, 10.98729782075566;
  -8.100682893003242, 2.103029920647557, 12.06096738700466;
  -6.56269822637262, 2.242077988320705, 10.06456475830041;
  -22.15984791811667, -4.24280193793838, 31.70209235914195;
  -22.4002397347195, -0.1470276975796802, 32.16967798451577;
  -22.64230089228281, -1.252844227997243, 32.5141695063096;
  -15.2575423720338, 2.137693063139185, 22.37459522885109;
  -7.256272601098488, 2.192774573779906, 11.19631665402572;
  -7.402173625597727, 2.180819028747061, 11.41979809706956;
  -21.66819052564127, -0.7495480380368815, 31.75141070161099;
  -7.433819890905804, 2.262537733045339, 11.64456010686187;
  -7.502863764800321, 2.238420476287312, 11.75784212041287;
  -7.625036090862158, 2.205084768618359, 11.95770723358101;
  -21.39601963558668, -4.304031013503132, 32.19480413305913;
  -8.736141552347799, 2.241218569435844, 13.75643635306409;
  -20.23602538990932, -1.301085871675417, 30.67611584334649;
  -6.156780202015356, 2.25531080565431, 10.09343256949454;
  -12.29504809362137, 2.383200626146247, 19.26046581520962;
  -7.919999275808206, 2.277371336713099, 12.84555380493005;
  -9.224271876244025, 2.362099514515731, 15.24121963441258;
  -11.70006951452226, 2.298211927910149, 19.11503855613858;
  -9.503193580257239, 2.394155902819383, 15.78289643877075;
  -11.13368397502264, 2.184326301233273, 18.5599973870325;
  -10.92635892244059, 2.387285733889639, 18.41173239963614;
  -8.821665432731136, 2.350865293088571, 15.23593753304406;
  -10.66614608303093, 2.382664089599043, 18.26984528376848;
  -10.13797231841547, 2.446228278674438, 17.52700638285629;
  -8.741544152386059, 2.463040179562486, 15.39073355658138;
  -10.27071333106059, 2.403305648912782, 17.95219926461604;
  -8.210510796875706, 2.378084216357783, 14.60516572988703;
  -8.154014985129759, 2.430359163040087, 14.51123953718071;
  -6.137630357255707, 2.336048852271065, 11.28324952293014;
  -16.56830841523849, 1.809047290480594, 28.83735969119989;
  -16.36573431803301, 1.267691469343415, 28.54351888611689;
  -6.626740970898154, 2.374874781588447, 12.25976894378703;
  -9.703093533539303, 2.391453127337146, 17.52631802141261;
  -15.97284375532892, 1.520037619040541, 28.3073978408323;
  -7.697246271990704, 2.359706118922178, 14.18543872471719;
  -7.666689661000806, 2.488864725213135, 14.13436412882789;
  -9.222704077457104, 2.401638110370419, 17.0665660461527;
  -7.37383358930228, 2.331765272758339, 14.22715815167149;
  -6.267842420289265, 2.450063870761767, 12.24328642767655;
  -8.723823952208864, 2.471173635957408, 16.73346955467908;
  -17.17352135503669, -6.291692311553489, 32.10617875351616;
  -6.304944574474577, 2.444366752369231, 12.4603201786607;
  -5.211868127970504, 2.459701741146747, 10.56384577499282;
  -6.795023827460772, 2.428257152508683, 13.48840024572826;
  -6.866951417298433, 2.312793745535255, 13.6326040051094;
  -6.087659373213136, 2.497234895337621, 12.24085001744207;
  -5.118505370084832, 2.456199056898675, 10.53514739947811;
  -8.234693237669111, 2.434792955144779, 16.46291186924213;
  -5.521959870984952, 2.495981423113624, 11.40326719670792;
  -5.742321973146725, 2.462254265388989, 11.82999966136565;
  -8.362104718579889, 2.396267235939277, 16.78278162699445;
  -6.828064858397339, 2.499376274941476, 13.9281950195;
  -5.366680223041972, 2.524220541333538, 11.21773492168104;
  -16.71362204497549, 0.7955659372058233, 32.88474810637817;
  -8.07646790267142, 2.412789215015985, 16.52307182163016;
  -7.095128519065225, 2.530457379935087, 14.71112466870521;
  -16.21483961524799, -3.56069664101348, 32.8036401663339;
  -8.966238489065074, 2.37808129026332, 18.62854991805371;
  -8.66670838203139, 2.357532702588673, 18.341518930141;
  -7.534399317131826, 2.432638344330862, 16.08520468955872;
  -16.76055553460475, -2.362858069248239, 34.55948571170175;
  -16.52186374512269, 0.3467996166672062, 34.49664326618707;
  -9.92799791131675, 2.242031979802968, 21.25299747655155;
  -17.02655423820926, -0.4479638270810465, 36.05179637756013;
  -17.47377480476659, -8.573905199230312, 37.15051924104962;
  -17.04379736623985, -8.731494717905791, 36.60518848270205;
  -17.27389589732723, -8.145089414608476, 37.11513699283448;
  -4.866275117871515, 2.577560135646668, 11.20578629829525;
  -16.87654230795525, -8.236289545857309, 36.39334511168111;
  -17.16543772368037, -3.948088355720987, 37.01222564062408;
  -17.0324811280282, -4.469110065218927, 36.75112104821359;
  -17.65069356464885, -9.387360500712594, 38.08955431450312;
  -5.33428161424985, 2.550721804609467, 12.22649397597237;
  -6.659893588438061, 2.457693752516279, 15.02539514168994;
  -5.971265516648237, 2.507829315523632, 13.63504778553609;
  -16.82457088608712, -1.361772059927954, 36.5776657702673;
  -9.655574885077934, 2.479697823770008, 21.51475729719563;
  -17.72973648294119, -8.027812463007226, 38.72941261330885;
  -6.722926920636649, 2.437382736868783, 15.34295085852218;
  -17.80646327574687, -9.332359410499175, 38.99719948906881;
  -7.727859807468812, 2.37553868535075, 17.54653637288422;
  -17.49394751687654, -8.434644905012021, 38.53240230020487;
  -5.970954820994759, 2.49323111719213, 13.84659219408259;
  -9.259019873395754, 2.196974891172021, 21.0467005690272;
  -5.486180324733149, 2.516516978016052, 13.05552226740735;
  -16.69808448610658, -7.605218277977088, 38.12971009013202;
  -5.784442091519164, 2.449192818141578, 13.97821896083893;
  -4.911820815079788, 2.508028784692146, 12.03890226507424;
  -6.67023786358647, 2.400832862574967, 16.07459501320447;
  -8.45664749908817, 2.278995924259441, 20.35642696796202;
  -5.670464527635279, 2.471968697210055, 14.11012510594283;
  -4.437410423637706, 2.511850001358428, 11.27158480459232;
  -4.734466437230579, 2.559152832816177, 11.98094363910285;
  -4.399461302042431, 2.541910868738937, 11.2120547508607;
  -4.379556579046047, 2.568641392479691, 11.30823401739909;
  -8.120445999421712, 2.271671919490845, 20.23366279594886;
  -4.879193266343179, 2.487309180940313, 12.80780939641289;
  -8.259439921547591, 2.21468091758541, 20.99884828543798;
  -5.898355045069893, 2.464781999434469, 15.39155304728711;
  -6.19687378301037, 2.37819419882885, 16.60938667680983;
  -5.625992098168295, 2.437253439638311, 15.39769501993438;
  -7.034971083131486, 2.328342287513672, 19.13720682503569;
  -3.484327777348711, 2.566869382374156, 10.99657774501675;
  -4.071889359505704, 2.438759499151308, 14.19480185108507;
  -3.092621274210223, 2.539145813744676, 11.16462296284635;
  -4.061447334140605, 2.434113918557068, 14.60344979110039;
  -4.977848639615767, 2.195200725971736, 22.82497749367881;
  -2.070598534864431, 2.527974965901975, 11.97377861769782;
  0.7886976136478942, 2.436734034072339, 12.02241785510119;
  2.054878075810032, 2.326184759219343, 17.64788368433703;
  1.687696168394882, 2.412562072884767, 11.14191410077244;
  4.008947490629502, 2.400575262008149, 24.80924202527055;
  6.118358026262741, 1.987398397395093, 28.1154857482932;
  5.265105257075317, 2.327001720471072, 24.3177057089196;
  9.71397871708953, -0.7337045931683991, 35.30660456595706;
  11.70982800492077, -8.273012733147144, 40.76497076484869;
  11.42652943402922, -5.851992269651784, 39.43752424847441;
  11.70729389119708, -7.82569777675632, 39.98568263620955;
  3.531154368121237, 1.499662568505619, 12.46469250501136;
  3.955459458463246, 1.41386040764279, 13.7395293794794;
  4.019517982566936, 1.502265316449456, 13.82386232252721;
  4.007869697701091, 1.752040203700098, 13.58062609051451;
