m=[-3.748198798882135, -2.512237146924054, 12.27082685324841;
  -2.983642116094399, 0.3244854348639718, 10.41931051147316;
  -2.928181130962851, 0.4176130829052123, 10.45720743153869;
  -3.491274509207841, -1.267446803650295, 12.30350763970348;
  -3.035036281771114, -1.265113710658769, 11.45918961550785;
  -3.019316576977291, -1.370760912867247, 11.41642582647151;
  -2.989404331156152, -1.104002578834429, 11.57372905114104;
  -2.959659560434059, -1.435372616443071, 11.53559058931792;
  -2.581224478268783, -1.101047134825834, 11.00327953833033;
  -2.478637658568881, -0.806776921613853, 11.2784663580235;
  -2.34912328878041, -1.164830420803974, 11.10216301227242;
  -2.330372470337614, -0.8180480843893375, 11.19134868911121;
  -2.357598646854518, -1.204918003113269, 11.41866889862933;
  -2.855574655420073, -2.584997214845368, 13.58085805175459;
  -2.267263418062536, -0.4515765022439569, 11.31795263423622;
  -2.563243078494694, -1.68939895501129, 12.5711059078391;
  -2.253357713990841, -0.5260476567850647, 11.30312723681852;
  -2.252730018197902, -0.4869637497188148, 11.57675129430506;
  -2.209929476229729, -1.00116437512033, 11.60906646523453;
  -2.403644513466132, -1.682971699769332, 12.53292904406572;
  -2.370479940918963, -1.763409419068371, 12.4050817128043;
  -2.165839939279835, -0.8229712230352125, 11.52629219989443;
  -2.163395761055991, -0.5653002014671054, 11.51778122808672;
  -2.086470089476952, -0.1923520574949656, 11.23360127825429;
  -2.087313653147442, -0.5317866264868965, 11.43953046755856;
  -2.065814404150816, -0.371517919069714, 11.58055503522389;
  -2.093785559000952, -0.8423764759971483, 11.8307863848927;
  -2.059886558323552, -0.2678563349381365, 11.67872351525174;
  -2.071315088103157, -0.9181491952541494, 11.74603483490742;
  -2.084159104052039, -0.1995624826907069, 11.96817730398752;
  -2.018336687084578, -0.4938509064467442, 11.67631054745342;
  -2.042154420819121, -0.560147121713886, 11.86594286941763;
  -2.039846345731738, -0.890424363471514, 11.93168099993617;
  -1.975307937399401, -0.4290834401913337, 11.67974260545816;
  -2.043045029257128, -0.1570682552767863, 12.16614915251252;
  -2.462952209490442, -2.131578012156186, 14.28158035108585;
  -2.054640658864882, -0.2601155466554212, 12.25432675545538;
  -2.473193036035293, -2.237642997503354, 14.41210948214144;
  -1.902973787244896, -0.8546964410227377, 11.68300870180039;
  -1.959085438976501, -1.022467771666435, 11.96432369101009;
  -2.370978195388713, -2.338320699583559, 14.1396905282355;
  -1.949032357984143, -0.3390600311127981, 12.07561281284064;
  -2.040342127525759, -1.418826145311093, 12.6939001729289;
  -2.129305370142983, -1.882024426145566, 13.16744442974798;
  -2.067091887248862, -1.567113995646613, 12.88704182462761;
  -1.815714988944214, -0.7450179460736655, 11.75311042654001;
  -1.926423089950143, -1.631377970678879, 12.62653832729529;
  -1.766959237077761, -0.5774501296187757, 11.83341787798135;
  -1.85532787877089, -1.405651546204125, 12.33465550526919;
  -1.873376303929758, -1.707863584503756, 12.50871061094781;
  -1.854089472763679, -0.4933746823939664, 12.45595573455632;
  -1.804069512586985, -1.071717905448438, 12.30598026672656;
  -1.856986686943825, -1.774829925610798, 12.68571989363887;
  -2.135086638296972, -2.380948439423392, 14.54390756422096;
  -1.761709292142625, -1.358415086142107, 12.43992110790574;
  -1.697581079151344, -1.294685692091214, 12.49774640250603;
  -1.741755614483606, -0.6903765204471886, 12.78215872670362;
  -1.834138084069945, -0.9967747998865643, 13.40439653110118;
  -1.630960000565026, -1.36185789077409, 12.52502553982276;
  -1.646467728200252, -0.7046315308301628, 12.89547704963638;
  -1.135439700854531, 1.819655036123674, 10.97879687736663;
  -1.566548686028708, -3.330847909819045, 15.00244621738498;
  -1.378794107982519, -1.707342325604226, 15.75157876962652;
  -1.353182771587882, -1.639037764333122, 15.84826843845838;
  -1.465490124932954, -1.93866665495682, 17.03823426623968;
  -1.297873912851731, -2.422120457660273, 15.61178880165269;
  -1.238894043967546, -2.235734408609844, 15.54775742308223;
  -1.118397421955543, -3.009709509699867, 14.80783447804646;
  -1.153115281052887, -3.554749516622854, 15.41972057223468;
  -1.070564161284924, -3.613771859154132, 15.82484259431083;
  -1.023815442904643, -3.150643362399126, 15.55988859118375;
  -0.7041697258762661, 1.480150252293091, 11.84425617093713;
  -0.6956794137897996, 1.703778763715088, 11.84386873557979;
  -0.8983015334374958, -3.568160825463929, 15.77264524906643;
  -0.4915712850169438, 1.821587031821256, 12.14867595754928;
  -0.6615449748971529, -3.683691096146104, 16.50147770508559;
  -0.4744086605423996, -3.458683665059083, 16.68142634113836;
  -0.2735954507313755, 1.755016654572078, 12.88161208519124;
  -0.2327978828822825, 1.750582525353548, 13.38576120305575;
  -0.1832361739183867, 1.93070998282169, 12.72634106604044;
  -0.2589167585636916, -3.86319020097255, 16.76481883744359;
  -0.2321307961614735, 1.558199753601473, 15.51447027760839;
  -0.110107850646518, 1.851465491691983, 12.69352518059157;
  -0.2110807768859232, 0.04182763211123333, 17.52556432305319;
  -0.06559774768142919, 1.871502373045983, 11.76316661313689;
  -0.1984501855114793, 0.1439455578566274, 17.69176223624947;
  -0.1698987647674507, -2.477725570673667, 16.97494055917303;
  -0.1607363859767325, -0.2902275830025473, 17.1640680027601;
  -0.01069854408651334, 1.957537401710389, 10.76594655962449;
  -0.1196836923055545, -3.898340231764298, 17.04766285905393;
  -0.1329641968359386, 0.4693578332031556, 17.3268423756089;
  -0.03195676089941218, 1.800738740988355, 12.91931230031759;
  -0.07853624817573335, -3.569252084187483, 16.53283899300261;
  -0.09855874406816793, 0.02823067328681927, 17.22406989769373;
  -0.05789368329866446, -2.58377137921621, 16.94221974489267;
  -0.06769931576446467, -0.5188529955431661, 17.18489452463058;
  -0.06270239807725701, 0.3934773997901014, 17.35138633545345;
  -0.06147113722377725, 0.2690759861221763, 17.37272369613081;
  -0.04166489536702946, -3.447024125851256, 17.0329114809222;
  -0.03909197709696333, -2.52947532986976, 17.43732105203945;
  -0.04498318613123654, -0.02932426471663157, 17.5878941564833;
  -0.02700704667989921, -0.3081478666062609, 17.3653924192039;
  0.009116672419210738, 1.675837670452282, 15.57044229533646;
  0.02029506054152882, 1.623843302139626, 15.34702314332008;
  0.07440373601092258, 1.822244980913999, 13.02807835740425;
  0.06392706825337161, -3.562044545964059, 16.64638949965208;
  0.04096591446422176, -1.441000503932364, 19.33655685011687;
  0.07659462746499009, 0.2695246572234908, 17.46348757952735;
  0.0910449048593576, -3.207483863293165, 17.04774156794193;
  0.1053997980340219, -3.425772556181884, 17.06633535563046;
  0.1023950313701091, -2.51637782981979, 17.45548132964583;
  0.1069812493163294, -0.01661168754937, 17.81493656424253;
  0.1350453780473723, -3.985641905215601, 17.13451991583765;
  0.1570766424680102, -3.979245059455784, 17.65291065593452;
  0.1654886756782357, 1.690942002560596, 13.99750151615194;
  0.168493711654377, -1.694469186657079, 17.47912186674575;
  0.171427246395509, -0.9464448420363432, 17.99439429142289;
  0.190870992824517, -1.959467077670132, 18.64562442492955;
  0.1921208510576501, 1.828036591102245, 13.16056658934935;
  0.2290959428860142, -2.279631034547758, 17.14643605321739;
  0.222495471392528, -2.611141709216064, 17.40636305864064;
  0.2283384411837005, -2.656786322091537, 17.97571057197218;
  0.2367322060617354, -3.413179627605681, 17.14857501076298;
  0.2445511646735201, -2.515188926198517, 17.56898438799823;
  0.2590588798749813, -1.798205080547621, 17.8986393535531;
  0.2484268947511326, 1.591451482169745, 14.77059230706011;
  0.2702442139356286, -2.58568359882838, 17.69388930430872;
  0.2723253955762241, -0.3767722650522538, 18.24820149471878;
  0.2901284136763475, -0.7762942018404653, 17.94106979159531;
  0.3137530273108782, -3.818811686509193, 17.18944360330904;
