m=[-12.03089511219772, -3.442511903079167, 18.18393975163849;
  -11.98285670940557, -3.386724515936173, 18.22992746822779;
  -12.01494632922611, -3.587902315808129, 18.28824352761065;
  -11.76307469843826, -3.645921644103753, 17.93999433665402;
  -11.92489077661116, -3.245771823301418, 18.16995132353524;
  -11.73537328680687, -3.476473674177445, 18.66355141961957;
  -12.7795356358546, 2.967222987293382, 20.32473468241315;
  -11.78234768230096, -4.010757768679603, 19.05762302178362;
  -11.94308724366023, 3.429795627603991, 19.32326660390795;
  -11.5768658335328, -3.481382699809399, 18.80585385410974;
  -12.44540947683413, 2.78332536795894, 20.13958572261387;
  -12.25469005164149, 3.199251412971645, 19.8737381377036;
  -11.45602457716409, -3.46159030944418, 18.82506740596833;
  -11.47312761571541, -3.929281596248859, 19.03959689708286;
  -11.49431067476185, -3.51462115085906, 19.14040481047935;
  -11.67468487513345, 3.608277550824048, 19.81689629664799;
  -11.27811766873094, -3.272022176923529, 19.24198925991325;
  -11.29210713331781, -3.688159549789913, 19.37628215509495;
  -11.22091211848042, -3.474398982784866, 19.30617375841377;
  -11.09994192300764, -3.700968747256003, 19.21660421416271;
  -11.14246147391489, -3.256791702825511, 19.30123494614928;
  -11.18613091155501, -3.498115781375124, 19.54232829444165;
  -10.89561587686225, -3.280283851358977, 19.58089532242429;
  -10.85922018693193, -3.200213200169037, 19.71480759089688;
  -8.696070037804304, 3.665187382307735, 18.24731661248134;
  -9.69875431222216, 3.615488163110206, 21.51773221437913;
  -7.31375501125507, 3.778406259318289, 17.12275262622227;
  -7.187634180573649, 3.788142869294772, 17.39533990249151;
  -7.407359938982007, 3.777672216787484, 17.97642701218927;
  -7.492895314054845, 3.703697411671925, 18.32195796994333;
  -6.995986340216896, 3.758589032134022, 17.50901427870859;
  -7.104240926022619, 3.738447233252745, 17.80385563036793;
  -6.700678834898281, 3.716526047721225, 17.50344896209764;
  -8.854652262231296, 1.171832091016364, 23.14008919875979;
  -6.366556276803661, 3.761357822034914, 17.31517708205173;
  -7.044392215530197, 4.475455997222247, 19.76081306870351;
  -8.206166544062031, -2.705442931153115, 24.21885391510364;
  -8.147637433632031, -2.026971981460534, 24.26701475372506;
  -8.098595722261075, -2.16871557225593, 24.15399667687467;
  -8.122007127003464, -2.923569382265121, 24.28384867625874;
  -8.082867301808612, -2.646035041000807, 24.2265952814353;
  -7.72676860100964, -1.881262124097383, 23.43663001758947;
  -7.981396165295758, -2.342991124035652, 24.19259850089136;
  -8.130666040792342, -2.520153306034129, 24.62410293259351;
  -7.492642623228562, -1.274640918438637, 22.88241436928836;
  -7.619289874472559, -2.072226531527102, 23.27972070670367;
  -8.021581439763384, -2.8154724506704, 24.51289406907964;
  -7.935667835002432, -2.688685829595155, 24.7190395289836;
  -7.780258984857788, -4.298744679678102, 24.33120707265267;
  -7.820446475073371, -2.371558760473214, 24.4569666017075;
  -7.526112895796703, -1.813506900619047, 23.62853391261657;
  -8.048396174883727, -3.303398003023084, 25.17423452218815;
  -7.417061288193404, -2.012463992635249, 23.49342389880152;
  -7.832834898561459, -2.674679723473558, 24.74837491740516;
  -7.680959195257538, -2.932989168473761, 24.36427384058077;
  -7.789546951616308, -4.194543852074694, 24.69341513183786;
  -7.462475343243955, -1.828577095937948, 23.73100721404425;
  -7.597406599367055, -5.181052390423392, 24.26016781150477;
  -7.647280613564051, -4.362035017701394, 24.45154570572139;
  -7.594336055163822, -4.820658358435431, 24.34123432423359;
  -7.762283705817939, -4.303556165739477, 24.90919092972134;
  -7.630176246447973, -4.499050959079906, 24.57866450589697;
  -7.250382131362188, -1.816149574156676, 23.52926582827463;
  -7.673370687971406, -5.164430435440171, 24.90232066809525;
  -7.398809228803374, -2.786745440734921, 24.25189138846491;
  -7.280996770586801, -4.010154626136479, 23.89214891899143;
  -6.313352036973838, 3.687836509975889, 20.96453137472993;
  -7.538261643804745, -3.192648187061347, 24.90086917441934;
  -7.127752115295108, -4.374037068643722, 23.80833990663974;
  -7.34806999102717, -2.794833615018906, 24.63238641675466;
  -7.741154665798881, -5.391607478983889, 26.53041510153973;
  -7.143155493382031, -2.644248979303196, 24.64249554702407;
  -6.052539324909956, 0.8588049881337152, 21.14124295983235;
  -6.069255201809234, 0.6600607032714185, 21.19471842145807;
  -5.981657451863136, 1.088352516435931, 20.93412274166682;
  -6.010322338949432, 1.210125986060731, 21.04286123041686;
  -6.043738981552449, 0.9819932908796674, 21.15709591858728;
  -5.951261699141193, 1.668407176107472, 20.88845935238694;
  -6.02247606743616, 1.816895919498455, 21.15458681847262;
  -7.00889690724182, -2.493908693335819, 24.4019507720508;
  -7.025160376439801, -2.798977971741635, 24.47114913205542;
  -7.016180966559489, -2.547103104165697, 24.72553673334423;
  -5.883665765781722, 0.8391201532071938, 21.01192194705217;
  -5.956343595178788, 1.277304089028932, 21.26513924677751;
  -6.811148902383741, -2.7864376544754, 24.30594753676744;
  -5.833820227042834, 1.012389270841498, 21.24614376592382;
  -5.818027428424085, 0.7341974220301195, 21.21483864479828;
  -5.82982684668393, 0.6672294609969232, 21.47753566532595;
  -6.529807892836852, -2.715409564240761, 23.91677030956956;
  -6.366212934188885, -2.706722949537809, 23.42406641777546;
  -5.841799541771457, 0.9642013089758801, 21.66107202232018;
  -6.22357589816099, -2.74159631025463, 23.02568401321075;
  -5.667077767834931, 0.5235888840772802, 21.3419306561516;
  -5.686843170688799, 0.6409284404380378, 21.47924290933435;
  -5.729963510114637, 0.7304088936648215, 21.6461626678373;
  -5.706694271585004, 0.8167914668359645, 21.61351745403755;
  -6.082276915171891, -2.761335965935417, 22.99787434931242;
  -5.622244661637962, 0.6462741086543112, 21.78928786237046;
  -6.093034279439887, -2.724125132671584, 23.50551312367373;
  -6.084092082872599, -2.246886872863979, 23.55507167614444;
  -6.121952932033275, -2.9690183679454, 23.86096819211641;
  -6.676007268124425, -4.617294665323814, 26.08128193321477;
  -6.266247541967605, -3.781937607955821, 24.71185950363163;
  -5.909724942980556, -3.088746082999931, 23.58680856987627;
  -6.022500024462914, -3.648856068864259, 24.2791603784289;
  -5.372277671006949, 1.523534563529966, 21.87762080479075;
  -5.281059143397126, 0.4548752668325838, 21.8228750739435;
  -6.107529439659191, -4.409783493672785, 25.12471933951954;
  -6.584113528335883, -4.759318861688128, 27.18406994080262;
  -5.213045572339791, -2.912226547459957, 21.94444101844756;
  -6.009482647897712, -3.965336018694634, 25.05084492517562;
  -5.317213018897077, -2.406209495706451, 22.37288495306704;
  -5.967586969029087, -3.692975371395279, 25.00781703729422;
  -5.327633386558031, 2.626411977843072, 22.52667404517142;
  -5.237579796059261, 1.877070482204501, 22.2016888237251;
  -5.88470205463241, -4.058882490395832, 24.85135761207296;
  -5.232939944793395, 1.380683210904145, 22.3904834950332;
  -5.329745212667326, 0.7578908691394641, 22.89152036658795;
  -5.83370771060669, -3.516278589887675, 24.95775925729488;
  -5.843418932233397, -3.772636179098496, 25.0081264175998;
  -6.059878164345573, -4.626905524091433, 25.87314919790559;
  -5.982687686541173, -4.444546256711474, 25.62300552450202;
  -5.122961329134923, 1.830989819513311, 22.35707812531079;
  -5.399385760635033, -2.996841376049773, 23.51598338759876;
  -5.078041991380288, 1.278336061535715, 22.33998721761254;
  -5.087365878891816, 0.4528582190258605, 22.38673412504281;
  -5.758755665391868, -4.371006783074392, 25.14102197273409;
  -5.740998905046564, -3.936315463422071, 25.18341662354394;
  -5.000449617288069, 1.639561408734473, 22.26808733467404;
  -4.996857479986136, 1.82532482863549, 22.2698113290743;
  -5.43594879207236, 0.3739165836488169, 24.0829097191448;
  -5.994093168720299, -5.163254916042989, 26.84631922635205;
