m=[-10.3597007537068, -2.665671471887354, 14.51356486833873;
  -11.32521570868628, -3.075644661721445, 16.32324765421202;
  -7.708115975888748, -0.9736105972778656, 11.62357907743077;
  -10.76103572826638, -3.556764013171396, 15.96324626268738;
  -9.818402008049771, -3.30506460382552, 14.64942969628826;
  -9.591922703611276, 1.530739794231364, 14.44017368903656;
  -17.15761738974324, 0.2506611482376979, 26.2808023417861;
  -9.72386300354494, -2.194187876013201, 15.33403255207481;
  -9.747613980429753, -1.708692502788594, 15.58313421240971;
  -20.11923433062186, -0.8918028781187023, 31.29102650850021;
  -9.14868827035002, -2.771560801440763, 14.96188471936184;
  -9.053557828348033, -2.593642967534142, 14.90764708953382;
  -8.976055162649404, -2.697435315601068, 14.82973538428066;
  -8.991738600567159, -2.638411844784035, 14.89789311084728;
  -9.024109890748916, -2.774506410228305, 14.97114798289891;
  -9.216789390566008, -2.900469079339176, 15.28417704352015;
  -16.51416950183276, 0.2409111373258031, 26.70577094056671;
  -9.299561004366296, -2.216560966894697, 15.48778221088812;
  -8.694348988475788, -2.856543221847897, 14.63087382101917;
  -8.740797331303437, -2.81144556950374, 14.75520837015203;
  -13.35862071283145, 1.747917481442239, 22.07390154661873;
  -8.634693003036313, -2.309560890333117, 14.72823215524831;
  -8.942448446865384, -2.51421398860483, 15.26936471945455;
  -8.936429874501185, -2.265825110453923, 15.28044703603014;
  -8.879121856892073, -2.149424277846605, 15.23792872757384;
  -8.671083368505265, -2.561417897640535, 15.37088328309893;
  -15.27798514054399, 0.6995708537588851, 26.3714210494418;
  -5.781612702999666, 1.592397238296908, 10.61340162198152;
  -8.56188235979011, -2.320385392721534, 15.25286652759145;
  -8.262823747466197, -2.555493720585802, 14.86920016640621;
  -5.583533983748748, 1.597919868196938, 10.36925697061393;
  -8.468827452550972, -2.399425350401649, 15.22471125340284;
  -5.599748664165586, 1.560837162174438, 10.45444027420142;
  -8.464369704437299, -2.302717482956742, 15.31312331743288;
  -8.518553726313179, -2.237509398090688, 15.4170985121098;
  -8.216534700037423, -2.467194370440562, 14.98263106036835;
  -8.137925404081306, -2.536687499803421, 14.88839185176846;
  -18.88786305893958, -0.3361290281982562, 33.29105664657949;
  -19.06464133182166, -1.312883132207902, 33.61770729478156;
  -8.352839153825968, -2.367621478546462, 15.3452393075307;
  -7.914571903207492, -2.414020998327643, 14.63212237947144;
  -5.289824138004772, 1.591822252437313, 10.17298786818042;
  -6.208086681684578, 1.488050570986956, 11.80366826215453;
  -8.305175463714241, -2.368272794814291, 15.48340213517369;
  -19.71820744731426, -0.9165615301387072, 35.44251976722326;
  -7.885369006970093, -2.235825530757883, 15.01986326028616;
  -8.061152084397005, -2.285667242926189, 15.35469068359263;
  -18.56035305541274, -0.2332791369201207, 34.49142042158194;
  -18.20274301157126, -1.418541782627246, 33.88470996823895;
  -4.994846437618041, 1.548966246209494, 10.2479606501175;
  -5.506139435979366, 1.584835706124333, 11.21769451277882;
  -4.937108119375378, 1.706865848399884, 10.22790667786431;
  -6.010484364554252, 1.552438068143084, 12.60276664631755;
  -5.596853875274262, 1.541443878567852, 11.83475841664864;
  -6.360968769158692, 1.575943437424678, 13.50713620688025;
  -4.029744366311076, 1.771436627895539, 9.220658448074813;
  -5.138404612364935, 1.581593907815515, 11.49744149670779;
  -4.607297846569717, 1.641925679114803, 10.48329294506811;
  -4.04252441178808, 1.691247074534015, 9.335036360496048;
  -5.000806206436889, 1.559508746272006, 11.34845382411962;
  -4.707324167690399, 1.644170216547986, 10.87305075947845;
  -4.515326121102424, 1.645358893319788, 10.4879858808616;
  -13.77475551373497, 1.361387439093452, 30.17486487842537;
  -13.16324621061358, 0.8733527628484582, 28.91968988603486;
  -13.91216608473748, 1.177864546337295, 30.97688296595963;
  -4.905712865641042, 1.584610443810927, 11.95288371372602;
  -4.063590340964135, 1.68174095525263, 10.19022792360803;
  -4.119284543290168, 1.657779457859471, 10.3414692641713;
  -4.375199053760495, 1.345000313441327, 11.14848054521819;
  -4.147067095822339, 1.59582586659259, 10.63209903861062;
  -3.706970868278945, 1.769296289078826, 9.627520669364062;
  -3.330331930209077, 1.830554359884729, 8.752968899423371;
  -3.91441578713304, 1.682050741216836, 10.14172082283912;
  -4.009149345118919, 1.688420369482701, 10.5370709600418;
  -3.361821912082286, 1.801374552187197, 9.045713825188605;
  -3.781035666615987, 1.724951391794367, 10.10643121684603;
  -3.245785336669368, 1.830053679848922, 8.867394239267734;
  -4.066798152864206, 1.635407863487766, 10.87574642718288;
  -3.416769023843076, 1.76214249025034, 9.307089387658595;
  -3.928000441736748, 1.719153135915714, 10.55121468369287;
  -3.41179610587046, 1.721510187803458, 9.388354572848259;
  -3.169628769191741, 1.86883048014948, 8.840858159783171;
  -3.323919429534992, 1.75066537059875, 9.26716060204752;
  -4.030325124079822, 1.65494090920686, 11.03701612856753;
  -3.80984493059703, 1.673986700303414, 10.50582652009254;
  -2.982967414518773, 1.826869280680048, 8.465355622844713;
  -3.152267649931535, 1.849747947393079, 8.886883896634483;
  -3.417092603163694, 1.750573683024632, 9.590317320296869;
  -2.951180840731968, 1.883625112737837, 8.442423925137442;
  -3.311919157146271, 1.827684829846713, 9.403891194594937;
  -2.880944833052643, 1.880108375482148, 8.322657989710658;
  -15.38288385059339, -1.456688179489583, 40.33964243920683;
  -3.218140106887601, 1.852009571892715, 9.262518863381285;
  -15.20895429054218, -8.845610337729164, 40.33994923677637;
  -3.070352626521005, 1.852137305265694, 8.968157990524537;
  -3.826154610637359, 1.679707768685437, 10.93510120757978;
  -3.090332494739153, 1.792792817507904, 9.055473854691602;
  -14.86562423687339, -9.057639387363359, 39.91245159705861;
  -2.893562110802844, 1.918084482458445, 8.620809964180923;
  -14.66370615751476, -1.770824136320325, 39.88247489374184;
  -7.59900158164297, 1.849931074305895, 21.16200315545985;
  -3.898512873780849, 1.631937249529361, 11.37188548639963;
  -3.070980293999127, 1.840888101017528, 9.221683198433221;
  -7.198811234992107, 1.824316508390381, 20.55163673957358;
  -3.495842431669046, 1.725741120877492, 10.51592395946031;
  -3.70567273966889, 1.760034009158839, 11.18996075858619;
  -2.983924064996281, 1.798776454541994, 9.230194397226807;
  -3.548144833187141, 1.722959548101193, 10.89867788684461;
  -15.50939164351232, -7.94005153801671, 44.37496702096472;
  -14.93985599731568, -9.498593607101189, 42.82897267396316;
  -13.56016884205509, 0.6744872338701377, 39.05163914969538;
  -3.328875215320088, 1.733292100939281, 10.41264891242923;
  -14.85965811050225, -8.826306511690165, 43.13105078827471;
  -15.20266033757212, -4.721520886929783, 44.1151872034437;
  -14.7716301027645, -4.13744435916847, 42.95709766428401;
  -15.26807927012428, -7.876266305038646, 44.40805991162904;
  -3.217081426101458, 1.730546101350249, 10.23033241592508;
  -3.677118971479141, 1.787385948665954, 11.56480451711445;
  -3.210272820652162, 1.783277030072641, 10.27953086853758;
  -7.77702205380354, 1.934605922239521, 23.55386595061401;
  -2.947024111043976, 1.829303169021938, 9.578226344352498;
  -4.004520295825656, 1.74094745847425, 12.77746198775568;
  -3.356780766254517, 1.794941011580447, 10.92842163632544;
  -18.12235493168483, -12.77305558985331, 55.22487470178299;
  -2.887505346531227, 1.918460482563529, 9.670309511786346;
  -3.360330271849201, 1.765923029882233, 11.11655949313363;
  -3.301414675165862, 1.783957662596445, 10.98993386430325;
  -3.129153692283559, 1.856585972500304, 10.49051957390878;
  -5.202236057416924, 1.985558840929449, 16.87426792910103;
  -2.685927778931634, 2.057046086250261, 9.35397886871062;
  -2.770006571483441, 2.076526368363744, 9.655650015250629;
  -6.829714490194842, 1.764461351528988, 22.59066505198526;
