m=[-11.26673463118743, -2.882481546532174, 14.60254949669744;
  -8.279693795443713, -0.9386520235071231, 11.26984926004736;
  -11.87659599243835, -3.204689674068765, 15.96341159746604;
  -10.46392277014151, -1.94532129978543, 14.21392725798359;
  -9.270363227781939, -2.943038491239754, 13.73787873254499;
  -9.377495267488859, -1.563346133605673, 13.92392476660127;
  -9.319168449600953, -2.860039642247137, 13.87796798529214;
  -9.578038643010409, -2.753302692926946, 14.29299950873838;
  -17.68166409993175, 0.2483536189285398, 25.86845847722009;
  -9.447263936388961, -2.837088373531605, 14.32040018424725;
  -9.432653892411548, -2.731788800528219, 14.32322786667923;
  -9.504006146934026, -2.69163100288816, 14.50025292477967;
  -9.467309666700457, -2.825011150676346, 14.48927026413253;
  -9.312471837408507, -2.715859389758665, 14.29795999197553;
  -9.088586898159754, -2.840234206807765, 13.99073161952367;
  -9.367204986183003, -2.858059600145316, 14.40483816217836;
  -8.94243503928737, -2.316648592190568, 13.87519267565589;
  -9.613160880742305, -2.276921139566375, 14.87545030157969;
  -8.913697161346375, -2.905779412442377, 13.88075930450541;
  -8.895791269058611, -2.409781801803375, 13.90948662462473;
  -9.026706483755799, -2.879360790940857, 14.10902846702495;
  -8.778330971699656, -2.327524488347943, 13.86214715838916;
  -9.114973536917018, -2.609089708672221, 14.47707883413883;
  -21.57814596934335, -1.463615576966585, 32.94431395877621;
  -9.392329521198453, -2.36257962821459, 14.90683689643643;
  -16.23298099948993, 0.2420901838406878, 25.09173764504694;
  -6.506032694913651, 1.63360997266938, 10.7238206549686;
  -5.837826639321676, 1.628154008499592, 9.789019500018997;
  -8.786619726388832, -2.586568118588827, 14.32941925378496;
  -8.882034643986611, -2.535054100762693, 14.57501093008254;
  -6.532384171610017, 1.621640460569578, 11.00827315712149;
  -8.836893525990732, -2.588069287182028, 14.54427570129455;
  -8.914112738472886, -2.394736701946526, 14.73655837042924;
  -8.52065788175582, -2.621240401395991, 14.20546305643554;
  -8.708763749989085, -2.444452994290264, 14.52592355954388;
  -8.826737110381107, -2.378595725690764, 14.82167456529822;
  -8.491601310677636, -2.626142819946565, 14.39176499247547;
  -8.499834555284805, -2.700191956821999, 14.41221598189208;
  -5.131832247581759, 1.738935375497738, 9.104907012579535;
  -15.61962433206271, 0.7076229049360516, 25.74758284434825;
  -8.843952173595886, -2.48869987073856, 15.08307593323297;
  -19.54500600655557, -0.3564202596217698, 33.16255570383065;
  -19.76094212925166, -1.354365224737337, 33.55812012448529;
  -5.291312365870463, 1.640044886517044, 9.725941943788172;
  -4.513816528110417, 1.739389709378812, 8.470629951738378;
  -8.34007835290441, -2.407507565246805, 14.89427402386287;
  -5.78650295461583, 1.67622588792324, 10.66830852512705;
  -8.241247764313847, -2.307640558257279, 14.83450663714228;
  -19.03815217164376, -0.9063548898336881, 32.99511175612901;
  -4.365590890279408, 1.709404487301876, 8.415103561443651;
  -5.655437606996802, 1.629884104653114, 10.77742862529341;
  -18.56720772453682, -0.2399153194823988, 33.24540008864942;
  -18.68577847306635, -1.451335654221413, 33.49835728350175;
  -4.734092933931106, 1.69737801888438, 9.488301225617478;
  -5.431381584693338, 1.680543186285903, 10.73651468953162;
  -3.995391322819073, 1.853240302691179, 8.204095994413487;
  -4.196954930593813, 1.755424479703832, 8.587829018453855;
  -4.984625065242622, 1.645074989018696, 10.13118628239621;
  -4.720396794954882, 1.688617973640942, 9.648215606579047;
  -4.149584468670893, 1.764793275551349, 8.649188359601936;
  -4.523746822714414, 1.765891512603829, 9.378970986707806;
  -5.214920566688506, 1.630723002941808, 10.71290910868144;
  -4.249692635445663, 1.794578215593853, 8.970495312721138;
  -5.740337997451355, 1.609584511332504, 12.11459470079165;
  -5.848789103101861, 1.625906742346101, 12.71865243726545;
  -4.75156296802334, 1.708435830914994, 10.56889311899134;
  -4.342653875431419, 1.746099370399858, 9.768111963651833;
  -4.068220271477324, 1.758175239472504, 9.235885165154214;
  -14.2241693309192, 1.39738977773724, 29.8768241908339;
  -14.39545111631704, 0.9721306192082656, 30.29843615564047;
  -4.821770708633125, 1.71746114655059, 10.86832198212379;
  -3.838911516439706, 1.833971772956849, 8.86493058270996;
  -3.646169515668759, 1.821783718816488, 8.499955833842074;
  -4.779664417481039, 1.046553172734516, 10.8667462539699;
  -4.307065173733356, 1.721526504632931, 9.883722807933202;
  -4.521733246609508, 1.747092702813452, 10.42459917859615;
  -3.825158972109871, 1.816712306283333, 9.012275503207967;
  -4.223261841531, 1.777070407475938, 9.962796545479375;
  -3.618842040582024, 1.864064052936214, 8.723492092492686;
  -3.531495107495405, 1.909207503393299, 8.581426613316918;
  -4.084483068676458, 1.791186502022519, 9.853901233515302;
  -4.261724005595223, 1.706245360806248, 10.25539556236758;
  -4.066253926298855, 1.058277759787914, 9.882250670741335;
  -4.188291347971289, 1.723842706183721, 10.17570118020897;
  -3.994006591618556, 1.753803691838322, 9.880410809462806;
  -3.244832425447776, 1.878861646596429, 8.38161051355525;
  -3.427103252128261, 1.717848076178607, 8.896744667386178;
  -4.007494190770668, 1.759514963418873, 10.31677229321734;
  -15.2026460596622, -0.6210010155311028, 37.57873431086643;
  -3.979996151647355, 1.768406454142335, 10.68944966221354;
  -3.790927445349156, 1.791532419946089, 10.32065014062297;
  -14.85173465472436, -8.213477585309612, 37.87512882247342;
  -3.669927769525843, 1.773727852692465, 10.13592692923051;
  -14.04472585845288, -8.102403050189638, 35.9706514514883;
  -4.083614141723731, 1.776117348518812, 11.19600161849018;
  -15.05999838367465, -7.66640097454015, 38.65430501400945;
  -14.84122610496551, -8.970133404825194, 38.46321422674119;
  -7.525447748290723, 1.899591216573187, 20.24370361892912;
  -4.040980897282428, 1.768451711961773, 11.35092610836139;
  -3.664282174803342, 1.77250709553354, 10.42071331841712;
  -14.8190081880486, -4.017164670113999, 39.17183950063901;
  -14.84915813516136, -7.156757394504188, 39.38273680038034;
  -15.20900350723235, -4.282851686105812, 40.40375945998147;
  -14.9189692041603, -8.844221051482702, 39.72561434053466;
  -15.00256326461687, -7.607642748791601, 39.98510188531812;
  -14.84457141107575, -3.944970683630739, 39.5800874563743;
  -4.190144994439926, 1.77596872455709, 11.89842658502188;
  -3.548642395089869, 1.89181957006768, 10.39136568563001;
  -14.97257006677027, -5.572604685133231, 40.87231557427889;
  -4.217120489033031, 1.833836741580859, 12.28858450262578;
  -3.547123870727244, 1.860384241997541, 10.57420220174048;
  -3.470322217326723, 1.867766900468316, 10.39219446024743;
  -14.22526816259763, 0.711935932379179, 39.529950015495;
  -15.34772446182378, -4.720427237415092, 43.07246038355218;
  -15.08784016191867, -7.711647660743186, 42.44049772599378;
  -15.00200066467103, -5.342994519819536, 42.2232626573448;
  -3.30431906153789, 1.964545731352156, 10.12657525882259;
  -15.15534445214874, -5.38466876637452, 42.89803612386441;
  -3.872297615916256, 1.838792014837888, 11.92376297421188;
  -5.186231141061331, 1.972546662094527, 15.6653861563065;
  -3.26785369506875, 2.024025551026008, 10.30332644221512;
  -3.471251131924385, 1.860149027021688, 10.99834511409817;
  -15.14748270115673, -3.624141983220938, 44.77601459067446;
  -18.63694171253428, -12.24553574482575, 54.98289913728799;
  -4.454436364550701, 1.929316082942955, 14.0189313537307;
  -3.315834734673171, 2.001603126509052, 10.70720597748738;
  -17.91764617979767, -12.21114242506162, 53.53884429368841;
  -3.326979418666523, 1.94733643971797, 10.86780328751601;
  -3.673008153125907, 1.922383891845175, 11.9124339717943;
  -7.178369524601342, 1.83696818660501, 22.43736293603062;
  -3.289653742521058, 1.991906126681621, 11.06985857647737;
  -3.38145729135515, 1.983465772064569, 11.42738117103888;
