m=[-4.83909751830342, -1.318119012574109, 6.957122801130485;
  -4.894222841490952, -1.547459109004565, 7.058217995383197;
  -4.876943538784828, -1.431156247036206, 7.036119649810961;
  -4.795787525018494, -1.483290098364487, 6.960387239502802;
  -4.847286779584953, -1.48314398896803, 7.102085258916557;
  -2.830174926474424, 0.878038409916436, 4.632064111452016;
  -9.398712839202307, 0.1349907953358312, 13.13003243421606;
  -4.549603124542951, -1.425827620251241, 6.999917740200515;
  -4.595199941604285, -1.402013849525443, 7.071586080213914;
  -4.478891209949799, -1.374285639978578, 7.013645080741569;
  -11.78581466250229, -0.4787650836242525, 16.98129087398037;
  -9.073155024391374, 0.1330268302033808, 13.3728951261028;
  -11.74290127777647, -0.7926530314482797, 17.26589156574135;
  -4.334393196702789, -1.343542332785886, 7.186419185825906;
  -8.50470131448319, 0.416488127382855, 13.20155241136308;
  -4.37915388983902, -1.213651166022485, 7.297073637579795;
  -8.435138870798534, 0.3383581575328017, 13.24851399447767;
  -10.65284761676448, -0.1933624892620003, 17.40491754990133;
  -10.63837594479621, -0.7211951432359598, 17.40298941455871;
  -7.657752788770604, 0.5028149715280815, 15.45871848525034;
  -4.951880821642065, 0.8927984685456102, 11.18709268511826;
  -8.007858326697358, -1.257179033596634, 18.7059043003604;
  -8.121393912685019, -0.3274629830703246, 19.3666812297976;
  -8.166190018944331, -0.8097260981529461, 19.57462173039385;
  -8.075603397758526, -4.128843294242152, 19.40964434961406;
  -4.034808006561241, 1.014338175394502, 10.21920057932913;
  -8.206672841039911, -4.045395242254883, 19.89304412940453;
  -8.204958526635339, -2.026259755473308, 19.92542769863237;
  -8.242954063420084, -4.189822341884739, 20.03788347592937;
  -8.266631433635022, -2.316751501851449, 20.09540786214695;
  -8.3292208723168, -2.200050092183695, 20.25909772486562;
  -8.032779800623537, -4.447811155212682, 19.58853216413651;
  -8.505680743818452, -4.661756354733489, 20.92505839364549;
  -8.260439013085234, -4.735331282646224, 20.39179794692066;
  -8.190414707346783, -2.379219657382925, 20.24933049669864;
  -8.269703894938331, -4.168930077450788, 20.4843142657739;
  -8.332476114343779, -2.283785710204881, 20.64363452416469;
  -8.359296615048297, -2.145102751937059, 20.73297213660457;
  -8.304890885631448, -3.910093879478459, 20.67862247363065;
  -8.361819007425787, -5.009867318838697, 20.91290763030328;
  -8.22284042724475, -4.446143654923624, 20.6746351668588;
  -8.196766205478998, -2.129062462059008, 20.68594631252327;
  -8.256592386312162, 0.02624358440467135, 20.84186275049416;
  -8.451679053400262, -2.925577184183517, 21.35121818846421;
  -8.194200462730352, -4.138461021901412, 20.72045121548643;
  -8.099033940547018, -1.908513372273752, 20.54231735139479;
  -8.157070185850722, -2.300512510473415, 20.70975695966006;
  -8.356363952259169, -3.98734207036985, 21.39470531532419;
  -8.237078331527814, -2.297006115596249, 21.14061904375163;
  -8.184032278418989, -4.804947316254826, 21.04067645254611;
  -8.303693487494577, -4.169716969863806, 21.3723426731456;
  -8.26769037884706, -2.176421035374525, 21.28559810746995;
  -8.287689848153503, -2.901356061851817, 21.44564562678752;
  -8.294016358738082, -3.059531576710477, 21.8771740414929;
  -8.220336546618121, -2.259883663531274, 21.70989315526188;
  -7.894275670948458, 0.3800831028678209, 21.1726562134669;
  -8.395967666777588, -3.993352184782615, 22.68093803670793;
  -8.346666861275404, -2.541671873246986, 22.65700486830019;
  -8.052201215517258, -2.839533915672027, 21.90948283080218;
  -8.470341791746122, -4.281407950812786, 23.03111658381102;
  -8.346408097940618, -2.93622646462568, 22.84724432465893;
  -3.762289653126822, 0.9568236915650566, 11.11476973310358;
  -3.938343546274586, 0.9479209299548129, 11.61212400854157;
  -12.27933518027279, -7.880555226736973, 35.21813547838723;
  -3.80008933675268, 0.9541063668800111, 11.75157439460285;
  -15.01343344860857, -10.32832854041506, 44.1293708097114;
  -15.07028903459606, -10.227011784308, 44.70558178152355;
  -8.436643777272398, -3.375868603490115, 25.7704243965913;
  -16.99883142222451, -9.681325004305348, 51.67020045770904;
  -15.0582751418677, -8.155872983516559, 46.95628366891474;
  -14.1234222412859, -7.600149970271579, 45.16054970603928;
  -14.57147113242546, -9.607178104600351, 46.54038639733514;
  -14.39258462193147, -9.404897328886815, 46.58633128748802;
  -13.42039289974169, -10.81459242260187, 44.39577557219698;
  -13.4543011156412, -10.56480335688279, 44.67702169546066;
  -13.37460113013743, -10.12299048925104, 45.248043615362;
  -14.54778172046303, -6.378273543636206, 50.14309165208896;
  -13.98461275553654, -7.53386023263405, 48.74575818633176;
  -12.07802273953855, -10.63250285766762, 44.59493423741718;
  -4.282224396139344, 0.3678651365854314, 16.52524948884614;
  -4.614075771224178, 0.2783326560558717, 17.87093863191571;
  -4.20387496428009, 0.4260142300142407, 16.46280250598053;
  -5.124308003173743, -0.05985649397598483, 20.13808791930835;
  -5.184504045082578, -0.7688328692888726, 20.67135142620805;
  -4.25292207155793, 0.3757710164897189, 17.19898146193803;
  -11.15525048664371, -8.111657173525321, 43.65053961184766;
  -4.05464124368544, 0.4466963735768019, 16.51760652419628;
  -9.190976364711116, -6.589530995895064, 36.4987244356409;
  -10.88507879726967, -10.41335970760405, 43.07143749084064;
  -3.916532113110638, 0.6084099809844892, 16.2656751826257;
  -11.10243076836166, -10.55655455265527, 44.79697183725125;
  -11.0300892304029, -8.041380008221367, 44.75083033327208;
  -12.1712676096489, -8.611362640572629, 49.4639668217228;
  -10.91401420906392, -10.05569044765463, 45.37811740394186;
  -3.844493713763169, 0.6266372804427007, 16.65533216687757;
  -9.95349667058222, -8.733271894524453, 41.68711355530003;
  -4.859132737326689, -0.7757721980550026, 20.8870842684135;
  -1.789686450607006, 1.037497677324583, 8.317464868749749;
  -4.107763104861968, 0.2646530594324196, 17.84434290660765;
  -10.70770414635459, -10.06625027336935, 45.46659044332871;
  -10.31163426063142, -9.244259100467927, 43.89541900019073;
  -8.470809820614679, -4.997800263880273, 36.42703709584664;
  -9.925237156593473, -9.151361925100369, 42.97860180937306;
  -3.69418760276, 0.4601197469090528, 16.71118330722882;
  -4.817982818563544, -0.7160468320218144, 21.55609158588177;
  -3.942654346028148, 0.2086706272922532, 18.08611396140305;
  -3.941512007504257, 0.02207614488802604, 18.18707902177636;
  -3.497512974497339, 0.4343406806529908, 16.59877089875812;
  -9.281378308726588, -9.920202298837978, 43.86603495590128;
  -9.753064477862049, -8.50216073977805, 46.09842695936085;
  -9.612267997508056, -10.11291456720848, 45.53458205607965;
  -3.41258090919046, 0.3249967324983921, 16.96258499060705;
  -9.359072024990732, -10.16373346880886, 45.22609887306702;
  -3.297132483478937, 0.6797136374874833, 16.74797139658874;
  -9.492452133609636, -8.849582365823562, 46.64268664274439;
  -3.60910893601084, -0.02778798143045461, 18.50552922160983;
  -9.41961522774197, -8.470091465131882, 47.03096826076128;
  -9.177566636033124, -10.72894413947558, 46.03504072127854;
  -8.499569598813949, -8.825313606924313, 43.23243403240916;
  -9.980415921228616, -8.868240984293072, 50.69837349672999;
  -6.122172785258446, -2.115732662971465, 31.78441314090336;
  -8.182814704423336, -3.948347011972708, 42.41010744480505;
  -9.153838990506914, -7.396303059142712, 47.72310634987567;
  -3.809609005143623, 0.2832964819045807, 20.72047045572549;
  -8.903299301646939, -7.594501189220276, 47.39675258399183;
  -3.175229878141072, 0.742948002505168, 17.74133092365097;
  -3.398924275273287, 0.5866505631159851, 19.47341532479306;
  -5.552465618026476, -2.592537639840221, 31.32740103553237;
  -4.699333095285169, -1.825494754309146, 26.97201692840186;
  -4.746031391414104, -1.717332528948247, 27.3266031552239;
  -4.767358090441938, -1.617870982407575, 27.56480261940335;
