m=[-16.72118372850218, 2.27041184036839, 22.32200706845102;
  -25.25590825313268, -1.511382159534797, 33.56533392069142;
  -18.48118478214069, 0.7244752915521884, 24.84467331186431;
  -18.18854381476691, 1.030845310047193, 24.79051577259235;
  -18.27405010840221, 0.8755854466763533, 25.21234189312717;
  -6.282192903797292, 2.053216105669038, 9.740610494730925;
  -7.344293925128498, 1.995892977738001, 11.36705163794212;
  -22.88547597121388, -4.488486222751415, 33.71736577729661;
  -6.532271157614162, 2.058547430483396, 10.42449292214972;
  -7.638417339723894, 2.03628470758576, 12.19118370328741;
  -15.15735663860172, 2.044249235323052, 23.21300732819599;
  -7.154254707465516, 2.084262771327744, 11.63066321282492;
  -22.19115545320802, -4.57032530803829, 34.36910813214153;
  -11.53394967265101, 2.294888446296686, 18.40368648836313;
  -21.79138077057034, -1.513536937284974, 34.00897057013054;
  -7.23411101239185, 2.080211588706073, 12.16624879449886;
  -7.008258338852075, 2.067335020693284, 11.81984886893474;
  -7.42019601243927, 2.092493967677342, 12.64118509638176;
  -5.854752912096458, 2.137666991844601, 10.27413031379845;
  -6.651159607113083, 2.126550889064757, 11.59732902975387;
  -7.634786892496819, 2.127788159818274, 13.33570455070167;
  -7.037860512698912, 2.187189750625398, 12.42253831721926;
  -11.77086183519901, 2.251468399578928, 20.22362170977912;
  -10.39677264752296, 2.284246338113515, 18.02800342793142;
  -8.996314250998999, 2.215750195499668, 15.9432485613539;
  -10.66565224725223, 2.262202845037471, 18.96649541687902;
  -9.436792762252809, 2.225132716104894, 17.31507759988788;
  -16.50732578401963, 1.717414490696088, 29.70557850599806;
  -16.47654241312542, 1.189223993226518, 29.71286014057701;
  -16.03164724596406, 1.438494609574613, 29.38801239631948;
  -8.05051849705071, 2.276029680142673, 15.32263731275863;
  -7.977532013120427, 2.32526684247911, 15.20040169304529;
  -5.497278781857089, 2.234615982174196, 10.80908826285942;
  -10.54838980309006, 2.22155526454216, 20.1095084096692;
  -7.446765345594273, 2.304577205418894, 14.56280615752109;
  -7.018932381412053, 2.25951622945387, 13.81349484264087;
  -5.338127793926203, 2.273650794808544, 10.76833384682069;
  -10.55816166588311, 2.243735437295294, 20.35520603369922;
  -5.992187654783486, 2.235589927236005, 12.02550420790719;
  -10.90221807714904, 2.032443110779754, 21.08297696907808;
  -7.588441340128597, 2.282394808689619, 14.99196806509535;
  -9.611064526865659, 2.343024669876372, 18.72688041140377;
  -6.046595541017465, 2.260523197705516, 12.22615845510444;
  -16.25961462862274, -6.002584926011898, 31.34370752751782;
  -4.992494764364615, 2.329422979769292, 10.49117742876488;
  -8.342037814862927, 2.303954859821163, 17.00066560671868;
  -6.08909178603458, 2.327435894547508, 12.89913284035553;
  -17.54209293532161, 0.76683759465587, 35.46895797234438;
  -8.372278540661821, 2.336901780785671, 17.8006417453623;
  -5.082006908508863, 2.354963297236154, 11.31188562209667;
  -17.24454972483434, -2.534349332218452, 36.53663946126307;
  -5.363056689063396, 2.448627489584516, 12.06674218327492;
  -5.41572169896966, 2.398704978655091, 12.1909301458551;
  -8.829019804424142, 2.281261501323816, 19.34016224774728;
  -6.037688111207994, 2.386274371422982, 13.66159102812007;
  -17.63239833578216, -0.5692933343103608, 38.3013540731926;
  -18.15860202668133, -9.043990012981201, 39.6268390129237;
  -10.12695481536589, 2.218672370089887, 22.66860494985876;
  -17.72939188867697, -8.479029140141199, 39.10048172158918;
  -5.942858739668375, 2.422324415642648, 13.77780112296978;
  -17.56318122085045, -4.144053146771576, 38.84982786579109;
  -18.16795692239944, -8.987054171535402, 40.18353012371074;
  -17.44975022127425, -4.684514498119873, 38.63547849370588;
  -17.17665068660452, -9.241608632278636, 38.06487432326596;
  -17.78417106292988, -4.50065580556367, 39.45275676403317;
  -17.83707148065331, -1.569147886242731, 39.75456153423734;
  -18.42006552040202, -8.455799067087865, 41.23258463966564;
  -18.70488983796686, -9.93897734347237, 41.98356687798647;
  -18.91185239731928, -10.5278763235009, 42.52481668897783;
  -17.5421345416522, -4.896418526535779, 39.5777058733926;
  -17.95826126120617, -8.773754091701091, 40.55446158366893;
  -4.454691625961396, 2.485274068464842, 10.82636786443413;
  -4.749413624770526, 2.395143923620674, 11.48405497061848;
  -17.78230905598418, -8.090461023680547, 40.37065323764622;
  -17.36197949768054, -5.860750538359098, 39.62286471373913;
  -9.276729922368773, 2.295254212046929, 21.6525025722151;
  -4.680282524395187, 2.32266146553672, 11.44133090018714;
  -17.41950652773585, -5.149189324144518, 39.80256991990902;
  -18.50240508890937, -9.676755011652535, 42.43331127538418;
  -17.43701226926136, -4.344903490699618, 40.2011273647244;
  -17.6208632133747, -5.811019434703234, 40.65453745926191;
  -4.484575690928783, 2.476640733448956, 11.11068402500443;
  -4.636221071793433, 2.463865759451788, 11.46575178478571;
  -6.518197477739758, 2.349666036388771, 15.7080083328122;
  -17.33074876287507, -1.89856191273004, 40.16168818162549;
  -17.72463875492097, -3.983850744659816, 41.06501392637797;
  -17.39517083986927, -4.709185034558145, 40.34341195658177;
  -4.316038856092203, 2.46179383652448, 10.80022727904679;
  -4.352322620281127, 2.539858319222491, 10.88798794831592;
  -4.566647755993028, 2.47756355527663, 11.3958559341968;
  -6.663895243867202, 2.357812899193405, 16.20866161348691;
  -18.18970994475836, -8.400359514919643, 42.52973707776796;
  -18.17148463163095, -10.3524575152739, 42.64646205038197;
  -18.0308905034219, -4.818498717020065, 42.31716513888246;
  -17.90257492191025, -8.713689432971689, 42.11633276730372;
  -4.751722710057879, 2.471123602867426, 11.95159279554012;
  -4.4488259414479, 2.491435051928959, 11.28787856008484;
  -18.05920054098594, -6.084383140128618, 42.73564324616387;
  -5.445331005314371, 2.451827924417037, 13.968011202199;
  -17.52378999923878, -8.558223217473007, 43.03264048546213;
  -4.230107084816566, 2.477340220038054, 11.1929708975201;
  -8.542977619089236, 2.243755438570949, 21.5591205048354;
  -5.840690673068836, 2.424334707736749, 15.1214541818987;
  -7.204619526944811, 2.368169535834498, 18.45556767768341;
  -5.607200313293541, 2.389722773328731, 14.9554407546479;
  -4.629146570730248, 2.453278087638023, 12.72135482703486;
  -4.479624512604486, 2.485983799465343, 12.38443006876685;
  -8.369427521352383, 2.173173609149486, 22.26710866455634;
  -5.753213303331303, 2.345760807515864, 16.01226945330402;
  -7.386531594059931, 2.293220403132923, 20.41552758632609;
  -6.118121232468327, 2.293628031466867, 17.40082646030201;
  -4.967412364090881, 2.363953824382661, 14.50447757920133;
  -7.021874286897957, 2.263693489901634, 20.09766197755178;
  -5.422806138526676, 2.357487884974894, 16.37479998921978;
  -3.411706166178958, 2.469703037219508, 11.77865764482532;
  -3.104176325068031, 2.456202010930896, 11.60234862617154;
  -4.041482428895995, 2.369501916814324, 15.09284401297371;
  -4.036717683234905, 2.367128962319454, 15.51682584355367;
  1.687262496343056, 2.355618455769574, 10.71989496596218;
  3.877804201534844, 1.41592483541286, 14.31144543267891;
  3.886873662396542, 1.201775430945636, 14.05048133079608;
  3.737712405200143, 1.449723258406771, 13.52080072622499;
  3.721230011153799, 1.930427976939298, 13.33428715358111;
  3.816080981811668, 1.836718935576174, 13.63768714907478;
  3.9921833922108, 1.049612826458346, 14.19173299871199;
  8.235194526258248, 1.188099005339112, 28.02677596111909;
  3.811164697686277, 1.296480583964912, 13.50204754801123;
  3.966264282419403, 2.212337741147111, 13.93906661463554;
  3.874591013273886, 1.425950948384108, 13.59465946314887;
  4.070088919521437, 1.046381499118201, 14.22266831652913;
  3.889098427924291, 1.200565106724148, 13.51410201410093;
  4.191256653959902, 2.31195756524543, 14.3905929574029;
  4.221070831055105, 2.25272545385397, 14.48494464756708;
