m=[-4.766588765368204, -1.462859363576227, 7.098333573706964;
  -4.913600038569705, -1.343922414773832, 7.446057577125072;
  -4.862597556618177, -1.377136981564766, 7.418860357652992;
  -4.789764671899862, -1.429248549334566, 7.330508589663413;
  -4.659858802187282, -1.456231922208545, 7.173264074691069;
  -4.761093130128088, -1.452673230469503, 7.321583771863284;
  -4.855582210100983, -1.150066863151015, 7.513550719439774;
  -4.714691803845845, -1.503903859707155, 7.369212790226116;
  -9.073424314031993, 0.1274437604813875, 13.27451414002609;
  -9.058513760428896, 0.04372659579798694, 13.33299708004966;
  -3.398967245056498, 0.8167347448222114, 5.705814414583124;
  -4.494265935912262, -1.323003082900917, 7.329351085978834;
  -4.492396212857928, -1.315692288263365, 7.3938481760684;
  -8.528382588416749, 0.1271878349859713, 13.18254105341856;
  -11.25067647575364, -0.7631177101461437, 17.17690753378126;
  -4.29259955863296, -1.327544605236553, 7.275198374771502;
  -4.200920700306631, -1.266552746922586, 7.184658472196678;
  -10.27065807603021, -0.1872944227654518, 17.42651142942137;
  -10.22331404388994, -0.700680207049304, 17.36127753986739;
  -9.818723620626507, -0.4674428529222122, 17.016876440753;
  -7.441600473146782, 0.622851946647874, 15.89738006876575;
  -1.961874466013761, 0.9482016002468521, 5.418476188267817;
  -6.8693861256661, -1.090609878645249, 16.75591427006048;
  -7.89806383914903, -0.3226218413289832, 19.52286736248848;
  -7.814514635477933, -0.7748391295239145, 19.78892657495205;
  -7.927138769213957, -4.383957706641781, 20.2159147774765;
  -7.545852224049281, -4.353202525460478, 19.32606040098345;
  -3.838270505412903, 0.9688652665976365, 10.32507474900806;
  -7.912351738785513, -4.027839813507923, 20.30853189338236;
  -7.824592512233956, -4.72923451045947, 20.2785791353395;
  -7.816328039966944, -0.9421134384835527, 20.51869091703821;
  -3.658778719740003, 0.9525446326660844, 10.22095124909174;
  -7.967864508097691, -3.840222638730486, 21.13226271329579;
  -7.912875880502753, -2.228263922132811, 21.02109671817028;
  -7.87658863926587, -4.669376959223074, 20.97345455443777;
  -7.934092778715415, -4.023295375037074, 21.1460870071928;
  -7.836212204887434, -2.082487029293767, 20.89369614031019;
  -1.651482012253718, 1.022885998508893, 5.207013493711007;
  -7.945860491452077, -2.808574279840795, 21.28307963098876;
  -4.00499637035948, 0.984808605639045, 11.48962225504699;
  -1.664910760721736, 1.005023124093566, 5.376185448199041;
  -7.650288212705029, -4.821630986886247, 21.1948805043503;
  -7.945022065806574, -4.681880432894627, 22.28986770825687;
  -8.026493145481719, -2.468670646199179, 22.52586752437256;
  -8.015187046337227, -2.847782673718284, 22.6874278271224;
  -8.08468786516565, -1.934318545955244, 23.89836707217774;
  -3.604833464806488, 0.9224886473403425, 11.26759447206138;
  -11.98100489574796, -7.872204891382019, 35.34648516409862;
  -13.74722541414464, -9.421218786020578, 41.79345406155387;
  -8.135787795974677, -1.886941127631976, 25.46076837567737;
  -15.19957496060744, -8.313960593475283, 48.49035521386051;
  -12.68802491668542, -8.45152731925953, 41.55056728723954;
  -13.05537174296157, -8.491969543440362, 43.66414949872965;
  -13.65723691792559, -9.400975505157179, 46.09682503886908;
  -12.53572274886629, -10.2273923873654, 42.54208233504566;
  -12.93645335919419, -10.27340249402032, 44.01700835818976;
  -12.91069330333115, -10.71549056893889, 44.37198367808874;
  -12.6022433473129, -9.626992842772205, 43.58034222350756;
  -11.52164115186636, -9.501169000537381, 40.84672920003071;
  -12.42566793177001, -6.771218792939602, 44.43414960459003;
  -4.104756020347836, 0.3538786204616656, 16.57289882020457;
  -4.390713545928034, 0.2665967395097874, 17.74727902072673;
  -3.893032377384233, 0.3979211429366371, 15.97862487256309;
  -4.262503967263887, 0.1667418138489471, 17.51271852909676;
  -12.04679375038439, -11.83090588683992, 47.77042571668228;
  -4.780774146876393, -0.05451199140282276, 19.58476902229007;
  -11.89220579316746, -11.79222008650874, 48.07236158858961;
  -11.22969187702069, -11.03410543524921, 46.36925036297919;
  -4.929563592653168, -0.8194582076723754, 21.05084096581711;
  -11.19516793223254, -8.272674391766762, 46.61365678674996;
  -4.956266704018815, -0.0655680501668145, 21.18332065937148;
  -3.841007458838902, 0.3448809945625108, 16.7705598877633;
  -10.51846577900244, -7.386266164523753, 44.45206389759498;
  -10.45734427810165, -9.365257615632514, 44.29919314611771;
  -3.944510786009822, 0.1951265241478788, 17.51103995076092;
  -12.19014897598551, -12.65038297839113, 52.15850759812585;
  -4.634273280512185, -0.7539822970653304, 20.73728982376358;
  -10.3081316328762, -9.834361780034341, 44.99621252625507;
  -3.569884817982449, 0.5886200483004135, 16.23827808362039;
  -7.595844318593756, -4.798925094251816, 33.91058596979247;
  -9.488704646676725, -8.866614539858322, 42.22408910914984;
  -4.659277601759636, -0.7094128763504941, 21.66947508597708;
  -3.5870390422207, 0.4477412815573095, 17.04532073873353;
  -9.364351089252452, -10.73213604156288, 43.3899288884723;
  -3.046174737143561, 0.7163227293194218, 14.82957599548669;
  -3.295276911736534, 0.4137376425326821, 16.4163474451434;
  -9.275980630073642, -8.487041736834925, 46.45070478673785;
  -3.200454632382025, 0.07990935478890072, 17.0057887093826;
  -3.103324965755885, 0.6486730019310648, 16.55795852381825;
  -9.404649890354159, -5.401917060952922, 48.46623862736122;
  -3.275526633339759, 0.1801557543002395, 17.52670804902294;
  -8.644438571131396, -10.27771698304108, 44.70461591506123;
  -10.2983583840874, -6.201412300426071, 53.5560844928528;
  -3.02860323080558, 0.2766150204525097, 16.46029089913859;
  -9.735976600440996, -8.812575406022726, 50.92563337989791;
  -7.621184183736117, -3.739460982905761, 40.79959061667294;
  -3.12817991879134, 0.0561173383990848, 17.40539996324826;
  -10.07683786456708, -8.269047441446837, 53.95381700957863;
  -9.970527005800049, -5.719074201376091, 54.04155471918535;
  -9.602355645641175, -8.333671166351618, 52.62595503003558;
  -9.158782479945753, -5.440009704755501, 52.7269569690399;
  -3.143393095662115, 0.5535087150678586, 18.89474784712856;
  -8.296720412242109, -8.054267217788288, 48.75697848766218;
  -4.334933631558533, -1.716465075074696, 25.90761440127311;
  -4.444196146984742, -1.64052172893297, 26.6199526904205;
  -7.941079061742073, -4.380037884813275, 46.93294066232196;
  -7.123383114673321, -4.254033010019999, 42.21031764392689;
  -4.440432555262477, -1.555383541669541, 26.77350153702938;
  -2.650660429723797, 0.9222263967213967, 16.61727407920439;
  -2.681134011749623, 0.8240977881515248, 17.14575650981892;
  -7.540938427230453, -11.49304234897261, 46.83189462153533;
  -4.530520555955365, -2.151878071220183, 28.53297034645145;
  -7.461276708310147, -6.35335494334079, 47.01683406233136;
  -8.005428539681338, -6.400501629527096, 50.61185231392698;
  -4.671986270598247, -2.158133296794801, 30.37738359187739;
  -7.366440705390841, -9.568386290614711, 47.81091283198249;
  -4.063044705110443, -1.908196141611057, 26.8348561767469;
  -2.367845067963093, 0.9287629993577358, 16.15372090794273;
  -7.142664313438038, -8.009500343340561, 47.06208700487756;
  -2.676272698433278, 0.9435270344456955, 18.24391228250786;
  -7.061170636678389, -7.021148876699997, 47.50234438199716;
  -7.028821295607445, -8.563790648444389, 47.43419774044959;
  -6.963660623373388, -5.967097549233073, 46.96903997557391;
  -7.028136249829552, -8.62135164423476, 47.58475685262515;
  -3.837254071825746, -2.222905489301156, 26.62957446114865;
  -2.90114629423793, -0.6530796720944381, 20.3794367371245;
  -3.896459822186948, -2.119439123854945, 27.06081707399655;
  -3.742548661303988, -1.888612428091895, 26.34204743647247;
  -6.2988256643542, -8.281791353528723, 43.91270962895831;
  -6.607473887768665, -7.412279756459379, 46.47007608726891;
  -2.87674317133549, 0.470691225100005, 20.84494805826191;
