m=[-9.529957173781703, 0.3735809464243476, 12.81133625629163;
  -13.05693830790484, -0.7813626585480675, 17.352790875471;
  -9.432657708605818, 0.5346008487112866, 12.85646899961322;
  -9.377901428867169, 0.4493341083543419, 12.93850326895694;
  -9.431987267399812, 0.3751629780086113, 13.03420930838002;
  -11.68939161187554, -2.292618832496423, 17.22207976742224;
  -11.31932055269822, -2.331243062168534, 17.53108137511681;
  -10.88634081016195, -0.7561190867861513, 16.98989376245565;
  -6.131060701666309, 1.183937064039568, 10.3320314884719;
  -5.958592546654941, 1.139728170510236, 10.23751049612261;
  -8.569347390495723, 0.8915509136248695, 15.42087585743123;
  -8.525828135113901, 0.61536693355799, 15.37499389188794;
  -8.294413707945909, 0.7442447569737846, 15.20469663095174;
  -8.699227390180726, -3.211506077661062, 16.76952653928261;
  -3.350938267023658, 1.073448554762658, 7.194946645115825;
  -4.214239704532651, 1.176294388958724, 8.960066348143407;
  -9.018590397803525, 0.3942399685908054, 18.23499652914233;
  -3.069329782803575, 1.21545223987801, 6.959366069356103;
  -4.497735915581251, 1.162134870531776, 9.85238953833507;
  -8.883263536041385, -1.305530928306294, 18.82128569517329;
  -8.348618969142253, 0.1571585331958976, 18.07417625066997;
  -9.123790141688332, -0.2945777887043943, 19.81883065771877;
  -8.905048940019483, 0.5904271748110218, 19.42903917180103;
  -9.227146137675399, -4.595630070797128, 20.13605639955802;
  -9.074037302670449, -4.339631454432951, 20.01192324710697;
  -9.087561090248155, -4.495299287313109, 20.09968905038664;
  -9.096513123201513, -2.146332908533687, 20.12152380434051;
  -9.015607428789535, -2.420306490005319, 19.96144944802867;
  -9.021175130228855, -4.853691879630402, 19.99166798263714;
  -3.299886016663174, 1.189535929800692, 7.952296202147239;
  -9.059381898131681, -0.796964343139938, 20.19119312954846;
  -4.803099296281308, 1.188385776337692, 11.21075214408956;
  -9.413899207518263, -4.321485178672415, 21.07263926034105;
  -9.461192939275195, -5.027272712122964, 21.23587093816154;
  -9.216056879302062, -4.502630604266837, 20.81227237026287;
  -9.358006110811118, -2.612037570662424, 21.11307563715733;
  -9.140254939421523, -2.39491389053557, 20.67940417828672;
  -9.069905661556229, -3.061658637250049, 20.69900180692124;
  -9.130321445737767, -3.011003191148924, 21.06531279064162;
  -9.121368624485351, -2.050150171714158, 21.13268060191776;
  -8.950918987939362, -2.423174462129235, 20.75924493324157;
  -9.042818369637779, -0.9906294745387394, 20.95551996128636;
  -9.078248950378898, -4.192510775637755, 21.22604165534794;
  -9.27990559715257, -2.479922619765282, 21.77925142152122;
  -9.105545184088433, -4.431926312171609, 21.42106220326146;
  -2.904102696465562, 1.205425412158335, 7.518675157138373;
  -9.115136050595877, -2.2937403068011, 21.46812090045296;
  -4.314619653295085, 1.133205744424979, 10.88840556366068;
  -9.100920748104375, -3.231884916180744, 21.98453981673848;
  -9.129327832929613, -2.414232368831329, 22.08910851935261;
  -2.213710524009507, 1.228506649141881, 6.120053834857994;
  -9.174743923123774, -4.48073769776162, 22.53014084322593;
  -9.035923426407596, -2.563895286541894, 22.30319531254428;
  -9.036695242538443, -3.075565874730287, 22.31811246806235;
  -9.171888262999994, -4.207236539645683, 22.71755043223136;
  -9.236445146150103, -5.211243435548197, 22.94068808855245;
  -8.84536266207054, -2.583262586497952, 22.05449971473218;
  -9.120832875130656, -4.449745247927967, 22.76018998065639;
  -9.150743764380449, -3.108789745107082, 22.82906906613699;
  -9.232416677201572, -3.127684226359054, 23.21306327208563;
  -4.228380461950235, 1.097925133578162, 11.24973087838138;
  -2.913568989478506, 1.187951077974956, 8.109007831033658;
  -3.090297422423529, 1.158524410406427, 8.789255249297453;
  -3.551586781724457, 1.144951269152105, 10.16517637694308;
  -9.328487117732347, -3.048127585826313, 26.02325874638708;
  -3.465447760093275, 1.078976435097937, 12.06114871929357;
  -2.019607312859399, 1.184086157301397, 7.542187471238003;
  -4.909480740590001, 0.4667954147309494, 16.92077859895757;
  -5.064827715317169, 0.3503092320064083, 17.55479159093832;
  -2.016174720465283, 1.182283713753577, 7.750017331547626;
  -5.574184139609899, -0.04341506061066701, 19.77706865127279;
  -4.659508364012181, 0.4540294027763241, 16.85493525445529;
  -4.759340783170888, 0.3993514530124549, 17.3505655877512;
  -4.412524824981266, 0.7190251846053484, 16.32951299321249;
  -4.582733050307786, 0.4472949517158088, 17.04637425997866;
  -4.84487258044255, 0.09899528811510058, 18.01501020015115;
  -4.795368147409729, 0.121982704937306, 18.08976658503508;
  -4.684657692939494, 0.2789998604575378, 17.82034504416779;
  -4.697591664696733, 0.1031971627173598, 17.9502450359804;
  -5.224322538421789, 0.01123350788861387, 19.85597141027568;
  -4.272648295971618, 0.729173950537267, 16.49674338271608;
  -4.639078053956482, 0.3441853535627418, 18.01921649983378;
  -4.15131163054128, 0.5524153425974695, 16.72431728912527;
  -4.027553500282348, 0.9753976010240394, 16.48922401634582;
  -5.24038194263364, -0.09819026823529438, 21.201927862036;
  -5.260580585955571, -0.7143460450627802, 21.3271781757748;
  -4.147487529787417, 0.2655640554095854, 17.04443661021973;
  -3.925226666756744, 0.5232651904867817, 16.56603505414568;
  -3.719731273581398, 0.7934311471420417, 16.79318408228954;
  -4.032887314746819, 0.254543270398155, 18.3251752408012;
  -3.663542431177739, 0.5745627825549214, 17.18582971224689;
  -3.360188957535938, 0.8084394638389862, 16.72945735932396;
  -3.823024629154358, 0.6839047850591516, 19.64631272111529;
  -2.091918466352862, 1.115153902043193, 12.63332137183177;
  -2.031110317027901, 1.197601316707354, 13.42219590034761;
  -2.282797073175667, 1.128680134815022, 15.29954203104942;
  -1.67375312441776, 1.088253971275118, 15.87736924106432;
  -1.468460154333653, 1.076913057374556, 14.3772943574628;
  -1.252472907024182, 1.083727807359349, 12.83951795421026;
  -0.3339828642696273, 1.165933884692649, 6.182212198692631;
  -0.6336226962444542, 1.105242062695509, 13.38563987723662;
  -0.3565915179549994, 1.082592113067992, 10.28490538730195;
  0.1083500523888607, 1.219597483787489, 13.7759183558115;
  0.1767423419926233, 1.216631843035199, 14.55071173460916;
  0.4063429067008698, 1.145302512833411, 13.75514441763353;
  0.4942310127561384, 1.000179807303493, 13.99082060575326;
  0.5326522176084316, 0.7871950652968516, 12.69166194235616;
  0.7013270293030536, 1.064191187655694, 14.53713778723918;
  0.627916246595419, 1.056613528712442, 13.11860943851022;
  0.664430296322876, 1.118685430332932, 12.99897224774905;
  1.19191743261321, 0.9167420946177677, 14.9849916707055;
  1.157106847063423, 1.183825579761126, 14.65087791269765;
  1.446757839899058, 1.199511770241725, 15.30269298941376;
  1.297451870224487, 0.381327296382941, 13.45420767159732;
  1.879613315689511, -2.823055303683471, 17.27930682762137;
  1.769769033394062, 0.181785687230234, 14.7558371539125;
  2.51161478983952, -2.734344489117905, 18.54379655519931;
  2.493939781362156, -3.090594196697354, 18.20837453435779;
  2.535444489449402, -3.633416035615781, 18.1981050824468;
  2.164120998532902, 0.1022302888778033, 14.45579764785365;
  2.614408216262573, 0.8109671580181225, 16.44831898447343;
  2.298510207402968, 0.09187066168552351, 14.18016979517363;
  3.212958189639614, -0.06399222409437057, 18.7888935807635;
  2.529226918421522, 0.1056261838567893, 14.21732671758669;
  4.519609365929487, -2.650619352372778, 18.39868769263965;
  4.591932301423245, -1.344535759621755, 18.70293010214804;
  4.556369242215014, -3.641694142707469, 18.49885557369461;
  4.644416523499965, -1.056207240767246, 18.85568397744136;
  4.741897469798039, -0.7976493201989132, 17.85672601456856;
  5.002369446932385, -0.3797410649569188, 18.63124282284246;
  5.17945775829162, -3.678881436829168, 18.51887116837492;
  5.221622366449071, -1.313074813716616, 18.55697605333244;
