m=[-11.68392549402748, -0.7394543348426609, 16.02303928219437;
  -8.800546804736008, 0.314411676322079, 12.32957381047306;
  -8.650688781705867, 0.4596692218866299, 12.29019858542317;
  -8.63582670070552, 0.3838095648849226, 12.41710882819049;
  -10.58430099898564, -2.114365580270982, 16.09629665622305;
  -10.52129672735831, -0.6681098837809033, 16.05475039905095;
  -11.71088253454356, -2.431317624944999, 18.54591685745831;
  -7.744870047825107, 0.5384543990621897, 14.46228696448785;
  -7.563233323097037, 0.6578410000430974, 14.35907762849953;
  -5.03535479180024, 1.049732504003849, 10.224083814355;
  -5.185965114072721, 0.9479857018905342, 10.54517790394847;
  -4.092625180397393, 1.115637166225029, 8.852863476452715;
  -3.283662531032994, 1.133663566180855, 7.53182572372882;
  -3.22793321615994, 1.148651134976157, 7.601538327657686;
  -7.871093707503138, -1.188136083941748, 17.18115196438896;
  -4.243661591582894, 1.07636106439877, 9.81302034928477;
  -6.889073716181581, 0.1018683088070632, 15.32768211873327;
  -8.086371533215901, -0.294215873012663, 18.0571185999549;
  -7.996586377745511, -4.020982918119787, 17.98716766303548;
  -8.059089071088494, -3.891288001323491, 18.29215222125118;
  -7.952997136359639, -1.90945754907101, 18.0993640826729;
  -8.018215888263059, -3.996648006545205, 18.26006530118037;
  -7.898606507506007, -2.154445264770835, 17.99886681775941;
  -7.940807327107514, -4.314273493654471, 18.11725860685406;
  -8.054950337918978, -2.071181557581548, 18.37517079864794;
  -7.94298742479317, -0.715822540998131, 18.20232231480387;
  -8.335807962726546, -4.474545602704426, 19.24312543445606;
  -8.300516335475736, -4.660773892610767, 19.20025751167437;
  -8.050135352106425, -2.282232445712279, 18.66373433467441;
  -8.146163568240182, -4.021284982595286, 18.91771783240118;
  -7.958947698982714, -1.998000204817421, 18.53898886917222;
  -8.037919139036921, -3.694253861420868, 18.76640825957946;
  -8.031888428329342, -2.751731734421769, 18.83455945856288;
  -4.506092410329691, 1.096205950534567, 11.02481097050658;
  -8.332222291959003, -4.412527770564154, 19.64485083758452;
  -7.915801322863165, -2.006409401949779, 18.75345752832613;
  -7.864656752808829, -2.624039252182177, 18.6578352945911;
  -7.993940913068949, -3.968268022489062, 18.97356968866311;
  -7.860274940452208, -0.8912281096029858, 18.70990619230144;
  -7.99453190105476, -1.834768759822604, 19.02827209834277;
  -7.893786069770004, -2.168260249600839, 18.80959473167004;
  -4.4502373225314, 1.004609722009435, 11.1035605709801;
  -7.979438487103799, -3.72513351216042, 19.19023780277194;
  -8.142250927396777, -4.685965118504408, 19.6425708961967;
  -7.995457913456336, -2.172518389888825, 19.27808033555473;
  -8.038502994117264, -3.951482809010298, 19.43202157462599;
  -7.971096995619325, -2.724451139881372, 19.38485925930784;
  -2.878015329836762, 1.161290851600207, 7.690003233261632;
  -7.839766857217146, -2.093703431309379, 19.46843781521427;
  -7.966716671989649, -3.930798691424187, 20.07812432406838;
  -2.815095017538545, 1.149971037175279, 7.817905684765314;
  -4.141350639363024, 1.012182496176201, 11.00929713562843;
  -8.039410264584799, -3.731387303376185, 20.43965318092364;
  -8.044247337033273, -4.58848403737063, 20.51191537655519;
  -7.799318166685118, -2.311353915470237, 19.94011087663084;
  -7.887025946698436, -2.113429134329042, 20.17929695457261;
  -8.033520869658194, -3.965778640204296, 20.56961384252597;
  -7.986227401241635, -2.752373196962173, 20.43598713176344;
  -7.937396272431415, -2.722035142023597, 20.46710934622898;
  -3.986380515759518, 1.018282179921944, 11.1242708406582;
  -12.74272492893428, -7.508127402343102, 35.38398874174249;
  -12.5573340948755, -8.167217906828897, 35.07177194454106;
  -12.23956008242242, -8.259589640785181, 34.57717558549638;
  -7.419915315396427, -2.123890532296145, 21.87110638831175;
  -10.73595146419529, -5.509341051798948, 31.33577167415488;
  -2.873543790175408, 0.7976736914580669, 9.49075913348023;
  -9.505061105676342, -6.321186408506572, 30.08666688568047;
  -5.491303374357186, -0.7407395662453294, 18.44691063138695;
  -4.34449740530536, 0.3939381744089949, 15.47359759359763;
  -4.329422201577478, 0.2793295691516195, 15.54663561213671;
  -4.208657571339751, 0.442535223329714, 15.20313297872517;
  -4.451314776686886, 0.1969789628325251, 16.21747401338841;
  -4.143216536679409, 0.3849539021497951, 15.49111669930459;
  -4.184402551098944, 0.3326225057565436, 15.77082675953234;
  -3.964454425731732, 0.627756939033182, 15.16365616562039;
  -4.380101378550943, 0.203361325907488, 16.68991423829811;
  -5.01425866734562, -0.06486695122950233, 19.26095781098955;
  -4.020651999379682, 0.2260386400569572, 15.82227088416901;
  -3.99164316367107, 0.2783386164880051, 16.04710563592017;
  -4.365865722780272, -0.6122241206194569, 18.23505454297957;
  -4.002515106127602, 0.1679827501084085, 16.89310109667581;
  -3.750207023296226, 0.2208174304862029, 15.91777483758342;
  -3.461432189867155, 0.4455256633095348, 15.11437520250496;
  -3.259191462569365, 0.3227988617817857, 14.90656089947047;
  -3.251565875363964, 0.6789151829780592, 15.18766323179358;
  -3.29302873746501, 0.4042565556723549, 15.52593979293167;
  -3.346326135105533, -0.004350394141138759, 15.8557320255848;
  -3.307606221764493, 0.3146805323254162, 15.73760032589528;
  -3.04547949862671, 1.015457728962703, 14.68521144439708;
  -3.191588484338432, 0.4835708466020967, 15.47903129074183;
  -3.276602763568059, 0.07743304437049578, 16.01338036232646;
  -3.196585366980482, 0.5527470537800988, 16.93112173154053;
  -2.74630661806333, 0.9344548720455581, 15.0055900244923;
  -2.710672196764044, 0.8310467045955773, 15.15867373727669;
  -2.456420143424002, 1.019022062848607, 14.24258884095322;
  -2.440746121964721, 0.9343625968514835, 14.37241372655278;
  -2.714428911554285, 0.9352926032781916, 16.15504775945811;
  -1.424376354760465, 1.004203590782591, 11.16084301132951;
  -1.422685946079191, 0.9182253769741032, 14.03805661337491;
  -1.328178974677846, 0.9653670187778607, 13.50859772131524;
  -1.174294740998665, 1.007792257275431, 12.59087485442341;
  -1.020899913883177, 0.9868633627369791, 12.97335893613897;
  -0.968035665929728, 0.9016494218595902, 13.47191652115883;
  -0.8887731008278912, 1.110345030028434, 13.35410556519142;
  -0.6250925852796241, 1.023353071707464, 11.17073899313033;
  1.186460474503152, 1.007619965480252, 14.29764683270734;
  2.643583925373677, -3.758727278465827, 19.35267571652616;
  2.469150742705229, 0.1109989578290146, 16.96992730898662;
  2.451644192797063, 0.09569949530103349, 15.63207603940613;
  2.76777860628163, 0.2549048403598916, 16.67894727366348;
  2.896155645342341, 0.1795068563527891, 15.89442141590039;
  2.948424617063899, 0.9278723527678157, 14.55755028756208;
  3.015220187344932, 1.087304244326421, 14.14504145974932;
  5.012740687574788, -2.926378719545721, 20.88784483632377;
  4.999966643697111, -3.979113679469205, 20.76111932727555;
  5.347651972522893, -0.8997554123795367, 20.63202506767168;
  5.440861190103017, -0.4289287668487943, 20.85441591996185;
  1.736378554919092, 0.5517637125783139, 7.036454266915243;
  5.413294359346375, -3.693771169517739, 19.85461248064644;
  5.4978173822884, -3.887349217823007, 20.12882303138616;
  5.755756236547061, -1.441112085050244, 20.95666546827619;
  5.944080106718729, -3.05268571210362, 21.54215782296634;
  5.694622924249481, -3.804248380600893, 20.4380688491263;
  1.865773622123131, 0.79399199275113, 7.2847803843663;
  1.919447348383615, 0.585390264281454, 7.410935031595126;
  1.855545813732732, 0.7125308735379653, 7.184781854242283;
  1.928914752473214, 0.6659963488070111, 7.397573217045826;
  1.825130812038992, 0.8659715200504389, 7.006818669061288;
  1.970642548926479, 0.510360329408259, 7.477395869199576;
  1.889251115656678, 0.6347252451408609, 7.164022474005848;
  1.990460756905315, 1.099393754530974, 7.46422514492701;
  1.898109541788855, 0.693749025194906, 7.142494051087455;
