m=[-14.09749798829581, -4.142005300811355, 17.97534693547835;
  -13.15697964010002, -2.477037832327163, 18.31407779692919;
  -12.7896519741934, -0.03675575725884832, 17.88564343254917;
  -12.86016995637765, -0.666916009381831, 17.98761864537721;
  -12.35983803490571, -2.449260681640989, 18.10665466501082;
  -12.47264118404505, -0.7493562371303626, 18.37890602946746;
  -6.184013441568871, 1.274954048850234, 10.6085723531637;
  -9.327216192770452, 1.056783096633162, 15.7539834292435;
  -9.355056872239064, 0.7469671436287719, 15.82970218991398;
  -3.933318058541823, 1.348820255153826, 7.26360726416711;
  -4.953265996757728, 1.293947446167897, 8.906439330573594;
  -3.58273571975139, 1.336504430850432, 6.811782635638413;
  -4.694612755752726, 1.307180844808252, 8.828489591233581;
  -4.295077244368555, 1.315424992812924, 8.201689816120497;
  -4.299989375648923, 1.310711344345333, 8.301938291382749;
  -3.995611901720701, 1.315117620697186, 8.035808594937834;
  -6.267294799180146, 1.345954831111021, 12.25436997311776;
  -5.495028768458288, 1.268000886185007, 11.26705358745682;
  -9.795337321661762, -1.347176741335908, 19.72232384349909;
  -3.750896272284384, 1.315679438359759, 8.164185642248906;
  -9.685886679704334, 0.2372057440555903, 19.75384554950969;
  -3.736831191297303, 1.299642518739312, 8.209962907960119;
  -9.191583449588617, 0.2542604426825559, 18.87377748699678;
  -9.845858704752887, 0.7556140344041035, 20.46178426989345;
  -3.506709344015638, 1.284797902340564, 7.961308759810283;
  -10.29090244981251, -5.254393756494094, 21.6159506333489;
  -10.08649509007186, -4.725357738578587, 21.19258538750888;
  -10.07702707293718, -4.900890050570125, 21.25110134349375;
  -10.08133922293448, -2.28401215339311, 21.26769703533967;
  -10.11627789458108, -2.621375692262589, 21.35116002865946;
  -10.19123981642395, -0.7595251389345844, 21.67223846948305;
  -4.835672241838193, 1.22768574078393, 10.85328928794714;
  -10.23433307039614, -4.901881576075239, 22.06617443627665;
  -10.13777979176176, -2.728483064279764, 21.86337984142925;
  -10.1508343983401, -3.332287886632964, 22.12349412875715;
  -10.07448967325136, -3.220126449962999, 22.21310951880152;
  -10.0434683748184, -4.84421522075067, 22.17314535253627;
  -10.06116850024484, -2.618369643788228, 22.28586859867768;
  -10.07733002881793, -1.000483483158636, 22.32671417288284;
  -9.963348584602217, -2.333586960459511, 22.16048352392497;
  -10.07494295303098, -2.492273222024184, 22.45956359461996;
  -10.22765269669762, -4.623010828262284, 22.85701450819522;
  -10.13713118745893, -2.612039631160224, 22.78320849046547;
  -10.21064565683249, -4.874229495605357, 22.97330440705796;
  -10.20585906384042, -2.469734052152456, 23.00325540859283;
  -3.397781570183764, 1.293391483892933, 8.36563584749797;
  -10.30790127209337, -3.551055459319598, 23.84532487066789;
  -10.14435075606606, -2.581532400117808, 23.52181039851921;
  -10.2048083699468, -4.890842685255237, 24.03189704268633;
  -10.31746098650229, -4.639354186181424, 24.51965435100451;
  -10.38521960722099, -5.729978268759659, 24.71980730540864;
  -10.31379582217829, -4.935254070214738, 24.6925102898656;
  -4.226517197068708, 1.22547164645497, 11.99365366159797;
  -5.607821474793515, 0.6141780720168446, 18.28528767096786;
  -5.76537842555414, 0.4792744345645669, 18.94824764689751;
  -5.13342622098065, 0.5796074695022592, 17.56788877095069;
  -5.031517161728274, 0.5004191571311125, 17.38607408043292;
  -5.13257541352874, 0.5782121272144926, 18.07619537477834;
  -5.214076221583412, 0.3290066740736283, 18.34345546740346;
  -5.085322679898614, 0.4464110097770429, 17.95908760593878;
  -4.636927819661786, 0.8682559566041875, 16.92197699695069;
  -4.397182837031003, 0.6530002876259343, 16.7578069976835;
  -3.366742832573646, 1.368198905721338, 14.55093119044004;
  -2.926397325431323, 1.2989694404995, 15.38757209094924;
  -1.28253989117157, 1.32660728064771, 14.79568466740001;
  -0.8304267129957674, 1.270133309059717, 14.92716534563857;
  -0.7682710757917081, 1.290611577096606, 14.0625330064198;
  -0.6578492788400274, 1.226533570946444, 13.21116062116776;
  -0.7389500854710138, 1.26418891388287, 14.87506026964524;
  -0.384073397513001, 1.251395081019697, 10.3693988923557;
  -0.3501903394937512, -2.23176458750481, 13.60710540232291;
  -0.2807001792722003, 1.226120591936143, 11.00885062626603;
  -0.3382045327885919, -2.677187789604015, 16.12215227079031;
  -0.3169909304944241, 1.244020423235777, 14.81898502297648;
  -0.152676204390476, 1.19870224444881, 10.7774199204616;
  -0.03213603279181992, 1.297392268434676, 14.66162085785052;
  0.0358347610199422, 1.291314400815385, 14.58723225212568;
  0.2197158240784492, 1.359381980672668, 14.58621613504382;
  0.1844712202161455, 0.8608223652390511, 12.07855098636766;
  0.3595955961771271, 1.258556036887853, 14.15794678139213;
  0.3899891490230109, 1.176115767551191, 14.41204132362791;
  0.4323478467710997, 1.050511718333211, 15.5775384439417;
  0.4447336501961532, 0.8470856801238864, 15.33139557575263;
  0.5212433900728152, 1.21905300483633, 15.11713263054925;
  0.65750087228563, -2.79662564456094, 17.63080421618755;
  0.4996067907189934, 0.8371519684944951, 13.91704363328593;
  0.6437664119294185, -0.752000826291794, 16.87257076859722;
  0.6715408777521585, -0.3728259690649463, 17.54811077220095;
  0.6697550794157841, -0.7297729342959329, 16.91653927350194;
  0.6936559137299722, -3.024857551987892, 17.10605292060847;
  0.7697378402422429, -2.789465646742523, 18.14438590786509;
  0.8323129633310498, -0.341236741485047, 19.41729510882258;
  0.6339069508493461, 0.8271872113934257, 13.82449815217994;
  0.7106021245497241, 1.033209312243347, 14.74449489111203;
  0.8112074855638485, 0.5700333174350188, 15.34466748373024;
  0.7646793567792156, 1.163197246603695, 14.22624129988166;
  0.7463647473303872, 1.23840123535677, 13.73923733509339;
  0.8269744387738791, 0.7480940328622926, 14.61225680303135;
  0.7927932665835561, 1.335797923457559, 13.8370706000439;
  0.6383512918983658, 1.222100052414844, 10.33572944849575;
  1.318365271359624, -2.701440536459804, 18.12999235912983;
  1.001569624383238, 1.025134196658091, 13.54038809438902;
  0.8956569804861607, 1.239585398395242, 10.92523024110725;
  1.236005194915087, 0.5031702102471022, 14.24750365437202;
  1.786202230018459, -3.046528395050779, 19.21111540773464;
  1.70264669354448, -1.97188195294298, 17.94916258035416;
  1.324082991868461, 1.160287540322909, 14.10468257696889;
  1.238191930906851, 0.4912939940769245, 13.09295089727188;
  1.329624526293701, 1.076806695723727, 13.63442427475495;
  1.538676630481282, 1.298147094616522, 14.94558013449008;
  1.738964036154634, 0.1575139751196089, 16.12960114404593;
  2.018948782233023, -2.689667740831624, 18.09649356587471;
  1.867763334245901, 0.241801984169109, 14.38232523513377;
  1.123863148473986, 1.268356516188464, 8.981827833059242;
  0.9787727317092759, 1.269796130757992, 7.886758455370774;
  2.479052309113178, -0.6875549479992759, 17.45041086865151;
  2.718159756352031, -3.312413632926008, 18.69852931240524;
  2.708555680811836, -2.72811639091059, 18.34717574821162;
  2.716343339604315, -0.286158024540126, 18.38177555995112;
  2.383569904522949, 0.1557226332251198, 14.693052025419;
  2.066341862199712, 1.238444711087418, 12.13642388916738;
  2.454483144914149, 0.136872960699231, 13.96137568252678;
  2.850037493748816, 0.1612655453551111, 14.7851955267418;
  2.72719210846822, 1.146440166420686, 13.21677691651175;
  3.087444136711004, 1.009079592468198, 13.56252833933796;
  4.821195506051505, -2.78065298074407, 18.50066945038184;
  4.82592773415607, -1.368045114461211, 18.51700068639024;
  4.812281075789612, -0.8960324500904594, 18.46609455177637;
  5.252493373314186, -0.8605793258194433, 18.59236996462222;
  5.150331598576747, -0.3642951259039099, 18.05783073263617;
  5.541412043490527, -1.351545663346906, 18.55272975529041;
  2.143981686508395, 0.8096901482878052, 6.810937860493106;
