m=[-4.789452750965321, -1.373738779576571, 6.730307922557142;
  -4.672027555584251, -1.448339925752452, 6.628619759344034;
  -4.770541171035355, -1.311500498310632, 6.799122547406751;
  -4.599300879860614, -1.39464525749146, 6.638520469422251;
  -4.793153318413368, -1.263552767290438, 6.890749222888799;
  -4.636473990881293, -1.463783170200979, 6.707154517405722;
  -9.812430847841391, 0.1471505151109631, 13.10296777855111;
  -9.718159744187668, 0.06083646576819613, 13.06015272342923;
  -4.549271693214656, -1.434978046161492, 6.794979481217201;
  -9.322963355847998, 0.1496540239676779, 13.14325250992598;
  -4.478164167543048, -1.372775250769273, 6.855119709451307;
  -4.45043283810218, -1.218749859987691, 6.859644338480797;
  -12.4253037931392, -0.8265914565405447, 17.62813725980708;
  -9.462127928696003, 0.2541742736156783, 13.70309069017424;
  -8.806656725439582, 0.3629644851800472, 13.22323584552115;
  -11.15502304984791, -0.1909099572382746, 17.59427892808992;
  -5.151985834073878, 1.751989568491662, 8.807246910315852;
  -10.8194125068321, -2.309194038758043, 17.88907472423163;
  -10.64922070414069, -0.8086658069454353, 17.7399624127237;
  -2.478829080937315, 0.9435150123373965, 5.337180597857779;
  -7.957800433853829, 0.6708215536579704, 15.68687216064387;
  -3.807097689155834, 1.040350062895983, 8.2748903614625;
  -8.594010142606992, -3.232085614242318, 17.70454671209751;
  -4.938395132996537, 1.011589906287421, 10.57133186704196;
  -5.211670022799265, 0.936493874567747, 11.13633378248417;
  -4.678656393208166, 1.002267545017218, 10.41428951002976;
  -8.486341172781531, -1.31517436104117, 19.13777198479822;
  -8.725611984146955, -0.3389717556593025, 20.11322955220433;
  -8.642901558322153, -4.221170355279345, 20.25714634523546;
  -8.541492708637696, -4.3056406403281, 20.07970542747847;
  -8.756647766952076, -2.143120099593797, 20.55478795450095;
  -8.651250811453084, -2.398951497427695, 20.33933711579593;
  -8.505582999543197, -4.670911119399385, 20.04994840237127;
  -8.830746053783962, -2.310504332803055, 20.77833279514442;
  -8.763144041262541, -0.823954954421427, 20.70180868751972;
  -9.001065793619123, -4.889194102537998, 21.42872878914762;
  -8.803437092107458, -5.003930850874368, 21.01445334008512;
  -2.490689788638536, 1.104092972598289, 6.615684486843819;
  -2.473774497868, 1.069253066886131, 6.586374263567942;
  -8.968593980566441, -2.586442202933901, 21.43628780197446;
  -8.802207490116668, -4.39410425974918, 21.08964318477239;
  -8.908670249257327, -2.416114024567277, 21.35512711548127;
  -8.922859636674275, -4.159909227444262, 21.4789092017467;
  -8.885649767332026, -3.088015390106257, 21.48850094293204;
  -8.921497048841564, -4.78276779014972, 21.7008538118015;
  -8.754723949302033, -2.254584860980181, 21.38140599644573;
  -8.672624103491286, -2.939748302503359, 21.21206886137974;
  -8.725648813845943, -2.036453066723621, 21.41383902839612;
  -8.810907957117465, -1.030873841491315, 21.6067574682253;
  -3.438369764193563, 1.03820553268755, 9.013126183748035;
  -2.363722117610766, 1.092477874027515, 6.506526835672201;
  -4.521241749809964, 1.085650210382666, 11.61826042505634;
  -8.590033619855726, -4.059327932556337, 21.30226067226292;
  -8.694625247222449, -5.055253194694646, 21.63495664164057;
  -8.801920733605906, -2.429106865623488, 21.86497878136624;
  -8.779357312846491, -4.364867991931697, 21.87697436212396;
  -8.806868517715538, -2.29084035185432, 21.94900216828745;
  -1.914082532464208, 1.078646096541245, 5.520497957360618;
  -8.73358186596, -3.026606981185165, 21.88355422194374;
  -2.219801985793034, 1.092886213909369, 6.382685851999212;
  -8.703682832725455, -2.360700005008333, 22.26318468656027;
  -8.729001323346363, -3.056647874813039, 22.79157469372022;
  -8.712849688602645, -4.102137446585389, 22.83386805004248;
  -2.060857533095491, 1.116522436531048, 6.123794454570841;
  -8.838720973648115, -5.098836013399302, 23.21728520113178;
  -9.037876949874095, -2.721492247876654, 23.77532097778203;
  -8.914261062461048, -3.099188593641681, 23.65340445880761;
  -3.924656587582082, 0.9965474629173625, 10.96378450069342;
  -2.025441070543391, 1.110990151431287, 6.15546540772664;
  -16.40138858017143, -10.20470526191457, 46.81958521465139;
  -17.43550693212777, -10.46981295495784, 50.05618412224087;
  -18.32639851732149, -12.51869577355442, 52.7301858912158;
  -16.9863201543532, -11.43946006991883, 49.36849283793635;
  -10.61064430566731, -3.292966784205451, 31.23114033657853;
  -21.13663009852008, -11.92206624773844, 62.96920561585566;
  -16.37388314293005, -12.45951775749998, 52.28202361688613;
  -15.96525943171919, -10.20713666769969, 51.04796749048471;
  -16.74458393905069, -13.35860105327968, 54.18694520922676;
  -15.64189792822819, -12.1537296352236, 50.80008001655497;
  -17.61037036768305, -10.72625730846644, 57.36401943674161;
  -16.89015689616089, -12.62129966332957, 55.72425751978801;
  -4.575111558572576, 0.3983205405753202, 16.9333263619123;
  -4.613655944277746, 0.2832670974012496, 17.1628154718671;
  -4.857830033615571, 0.1965261540982749, 18.34829919671626;
  -4.952009559672639, -0.04687169487581549, 18.76435030860571;
  -4.492765923881085, 0.402055357812093, 17.43063533555688;
  -11.53148442460265, -8.161110500588896, 44.7080372124468;
  -4.227626186626492, 0.3816392092819738, 16.90339907511757;
  -4.435791618373066, 0.2294061970592878, 18.07405427552368;
  -12.13095211758527, -8.739103534759108, 48.08115234464541;
  -12.16780183195782, -8.310940688748811, 48.85534606920052;
  -4.023178044099023, 0.6584523954440039, 16.70957130973147;
  -4.089027133955406, 0.2716059479937168, 17.07110644338011;
  -12.32118441401031, -11.43893872889502, 51.08598612297913;
  -3.677841994861204, 0.4547241703807353, 15.98516488115489;
  -5.03442489807122, -0.733195180911813, 21.69712550348245;
  -3.644849223170525, 0.8538529699573049, 16.08857227482925;
  -3.721133192384177, 0.4636428153343911, 16.89674016355675;
  -3.517552436447872, 0.7255798183887241, 17.08650689251595;
  -3.575717878842927, 0.2045924268950003, 17.47619901335964;
  -3.466850693378977, 0.5165739020718601, 17.48674550938423;
  -3.637348733643022, 0.07091446123626004, 18.45272548177267;
  -3.589037108127336, 0.8240287534856612, 19.09298607743266;
  -3.669727379546233, 0.6312473230331226, 20.15133822743758;
  -5.436505208837717, -2.076020556803205, 30.11839904193671;
  -4.809274575399705, -2.202363741581342, 28.12803037036887;
  -2.654903419548349, 1.015361642237531, 16.33805297504238;
  -4.582885561409648, -2.068425479557245, 27.99523705818809;
  -2.970984108039132, 1.018196506764467, 18.39299080161186;
  -3.494120159822552, -0.7411957627383318, 22.38227787457919;
  -1.906657567198029, 1.00436120319619, 12.68398357095532;
  -3.618176500982768, -0.7187099790234409, 23.81474122686032;
  -3.297765096063348, 0.3522753608833761, 22.95658397310113;
  -1.679408668680474, 0.9880610946683112, 12.30144803738437;
  -1.588470140848914, 1.03275068274149, 12.84654905766859;
  -1.595427749839184, 0.992302606869352, 15.16139161370901;
  -1.30880127607684, 1.031336963711555, 12.85128437241596;
  -1.564712441813762, 0.4903405749608145, 16.22783855994115;
  -1.51227616153031, 0.9837104583785487, 15.71698167816625;
  -1.442666294889886, 1.054990118491432, 15.46071768813451;
  -1.467043642279278, 0.8667384128126351, 16.24612656590979;
  -1.303049021264904, 0.9360325969500364, 15.85746814247617;
  -0.269636370020059, -1.956490679835426, 13.41783457579892;
  -0.2393895840490024, -2.30019581652894, 15.35808282657629;
  0.6532308326747877, -3.341341784927235, 17.4891475622853;
  0.6807885837668035, 1.054010698846241, 11.8827352194114;
  2.354551781053092, -2.851831743684688, 17.73797985149206;
  2.396375158644373, -3.348490201528524, 17.72543688698585;
  2.357520610336812, 0.08382925117642313, 14.14258879433409;
  2.395473283940999, 0.09104379600691832, 14.2653866524468;
  2.451674048562317, 0.1412242239507243, 13.85060438817734;
  4.231549232023382, -2.442100999339071, 17.95924562391273;
