m=[-14.6411169901334, -4.239906377047107, 18.22473018057461;
  -13.41756507927226, -2.472081206159567, 18.26537694995957;
  -6.648446251578194, 1.399099094879248, 9.553815982468381;
  -13.15604366537154, 0.02879667145642658, 17.97991453695382;
  -13.42204103560687, -0.6385307735115448, 18.3353214111885;
  -5.652626179665505, 1.367280841438869, 8.546949466637178;
  -12.53707415956876, -2.427437715111194, 17.94691937968943;
  -5.358781034463403, 1.405642521807082, 8.26605495987654;
  -12.73763950501485, -0.7027285683711732, 18.34574017697758;
  -12.7079056326585, 0.1183895454113546, 18.30620732786731;
  -6.568210844906854, 1.368628384651106, 9.962038373424479;
  -5.399594351263498, 1.40294509440305, 8.776631482977013;
  -6.060703349758505, 1.257574982405108, 10.24079686855049;
  -9.494731792236795, 0.7969389505074823, 15.65619813012944;
  -4.609580569378412, 1.397822116358505, 8.185274255253585;
  -9.418448046338039, 0.9888033414583155, 15.80532020924341;
  -4.642261062197555, 1.400082125638814, 8.33595103626886;
  -4.987037399124938, 1.387695128682404, 8.888594870159116;
  -4.834826562224319, 1.39177907594815, 8.64639465699293;
  -4.474824198754423, 1.403134709651504, 8.176163491019381;
  -5.453191890107196, 1.371334332194299, 9.79194150719386;
  -4.101356695986249, 1.389744274506927, 7.727293786479014;
  -4.007390151174408, 1.403439277507599, 7.586189052344511;
  -4.952300307054315, 1.384286852261824, 9.326291881249166;
  -4.063355713227518, 1.396971878651599, 7.846673273368841;
  -4.463474959341812, 1.386540470396769, 8.882387288249463;
  -3.895425174332583, 1.381903678284383, 7.898907101269631;
  -10.11348276928516, -1.340346045843156, 19.95751945348471;
  -3.69678549610354, 1.385825131192796, 7.916694134964176;
  -10.13558268925095, 0.3151054216394982, 20.29962823691896;
  -3.682582973015503, 1.392887591516689, 8.000089594533819;
  -5.011898642395969, 1.317569720225695, 10.80823597044471;
  -10.41559624725798, -4.841629296481811, 21.48430966222508;
  -10.12978974645609, -3.307316606858995, 20.95925667404681;
  -10.48620995643441, -5.065622050781443, 21.70962543242846;
  -9.961278679627792, -4.432069030905337, 20.91971542809212;
  -4.726284599842681, 1.354725440881766, 10.43656286634244;
  -3.329210136805057, 1.379482459015324, 7.684643937488538;
  -10.53929771360724, -5.010456403267988, 22.33295906992284;
  -4.551141813715945, 1.34276680431223, 10.39556975116301;
  -10.29782324320762, -4.934403518254367, 22.35949873725834;
  -4.312492338411256, 1.296874879192762, 11.83803170503458;
  -3.352473818572561, 1.421763693080433, 14.19912148019673;
  -2.890010009694612, 1.315577215536379, 13.16182574698936;
  -1.592538255357169, 1.294190440291595, 14.59504168770392;
  -1.468616528815064, 1.191093032569324, 15.58494216367293;
  -1.263278236705526, 1.374077030856716, 14.5672422946622;
  -0.7688996139747208, 1.268766680728076, 12.90107605081819;
  -0.9457980133722548, 0.757929248545821, 15.27877863786238;
  -0.8770205907190981, 1.307261474315775, 14.53981591218972;
  -1.281797665704349, -1.984357530589013, 26.27450862616671;
  -0.004597322445047985, -0.007031007105412588, 0.09494294181839424;
  -0.5793038729867919, -0.005811493630768316, 15.7049833213712;
  -0.5180713471455194, 0.1294322895605255, 15.62097251456854;
  -0.5524945299054929, -1.09192456108512, 17.5051456234428;
  -0.4273747773449606, -0.06733294246509819, 14.59821326381292;
  -0.4385311358036766, 0.02824423657823691, 15.50198358172073;
  -0.4599326360331433, -1.122891520829349, 18.00882868702963;
  -0.3990830366876815, 0.02570642173974906, 15.55225244442519;
  -0.3482888063298229, -2.421096876639924, 14.34635736367847;
  -0.259660607937154, 1.337673424683236, 11.27701740308973;
  -0.313368063116138, -1.042858955864354, 17.78425592242698;
  -0.2543936896620085, -2.719594000082075, 16.33526682931199;
  -0.1592224366327728, 1.335956525591703, 9.775076407061771;
  -0.2314664783716628, -1.10658823550785, 16.61365526797703;
  -0.2177106072764879, -1.01528012749925, 16.31868257681747;
  -0.2230350895295581, -0.1417112983449843, 16.38963423023285;
  -0.1952360121513043, -0.2345847106477857, 16.47386395030025;
  -0.1728520549555871, 0.1436555288377287, 15.29037233032486;
  -0.1737401271641512, 0.59800366337046, 16.54243014507842;
  -0.03989813294887173, 1.289218312933405, 14.45031263762201;
  -0.01982491024621053, 1.027327991168431, 16.20800908846699;
  0.005676791595100909, 1.383711143240898, 6.681966661094855;
  0.109246912022728, 0.3578646687522809, 20.86059335061379;
  0.08494348137680505, 1.340239355719793, 14.38491377926649;
  0.1181589146341614, 1.391108240685392, 14.31129483208338;
  0.1963423968939588, 1.332895731726812, 14.28976074800045;
  0.311682313484965, -0.9373105898050557, 16.11646770824365;
  0.1219819321773304, 1.328437324887452, 7.164334272189533;
  0.2431031082154088, 0.9686607548055712, 12.75125242133415;
  0.454243958593447, -0.6156125860789857, 20.63608088682682;
  0.1402133903503721, 1.378960278218435, 7.164720532018864;
  0.3866654142517372, 1.309080084374248, 14.53730553603973;
  0.5186791504725417, 0.9014970212191036, 15.47822036270102;
  0.5131296569004487, 1.337220710277163, 14.31245608903088;
  0.5269007771960749, 1.278961286606178, 14.31662543783867;
  0.5531114102129511, 1.410877009742254, 14.40232209602858;
  0.5919283982749786, 1.285760044903051, 15.13904794912076;
  0.8140218800465178, -4.218620544074346, 19.6215721583454;
  0.5401467977578884, 1.051139562334901, 13.33431202173287;
  0.8074091007669435, -0.8544699068015178, 19.15552125809188;
  0.7912145032006932, -0.3861920382724329, 18.69902725434267;
  0.9041926843185093, -1.592821460220132, 20.99211836978257;
  0.7924065088897024, -1.395899474157906, 18.39684341633009;
  0.8405856579246044, -3.443383816096232, 19.05595372191557;
  0.881819710076218, -3.539726776778732, 19.56410635286376;
  0.6454620887412946, 1.23007816072328, 14.56376746630302;
  0.8894290257075359, -3.048017630458898, 19.42209283064236;
  0.9036433339451445, -4.089019860235656, 19.41588120289244;
  0.7716436996404286, -0.2832264715040957, 16.56305868386595;
  0.4899050168796815, 1.327566270606061, 10.84232783032044;
  0.6742432637887015, 1.35790762329156, 13.74618280143217;
  0.7259461849615927, 1.03477614877226, 13.96247157312252;
  0.7096237299514551, 0.7638788424324148, 13.65265858775943;
  0.7213380872681462, 0.7073499347337837, 12.56952633444832;
  0.8345735192543814, 1.32452768800173, 13.95575539267037;
  0.7957700142330469, 1.294211573573326, 12.75686946383395;
  0.9038077905490439, 1.1747168175216, 13.86061075748088;
  0.9522731042602238, 1.340057672474506, 14.25065553718181;
  0.7133768384728001, 1.311982543826664, 10.41850884674749;
  1.414340145133859, -3.088490020252998, 19.05031210629426;
  1.08960858136559, 1.087095783257137, 13.5928695627371;
  2.201190963125665, -0.8408613256815228, 25.10550417227117;
  0.9689762819012439, 1.308889289339308, 10.8514267094334;
  1.325381171672324, 0.5386694588114237, 14.23364052669835;
  0.9051383819903385, 1.261634553812675, 10.10238562047049;
  1.862340739312849, -3.09180202944228, 19.06870511446209;
  1.563373216434755, 0.4913866173807114, 15.42137516500332;
  1.452918716728257, 0.5814652559037571, 14.26789044335351;
  1.609507108666205, 1.328583649830412, 14.60021629231084;
  1.535938348531689, 1.205030214027945, 13.93220225567696;
  1.895699592749288, 0.1943400714046074, 16.62655404672003;
  1.541664405145556, 0.4987811189397239, 13.70430844235062;
  2.266751649147887, -2.941130263359259, 19.35002110458884;
  1.969602757066404, 0.2614313172102121, 14.26531922585146;
  1.220493688503595, 1.356439993195851, 8.942542190129728;
  2.967391176644568, -3.548093447328976, 19.59394577511227;
  3.029088602696284, -4.192608220387728, 19.59831313425507;
  1.401588191055825, 1.314061201068353, 9.686487180689188;
  2.503262581805227, 0.1751475510954284, 14.646002076697;
  2.489048480734053, 0.2123684628076093, 13.9825326062737;
  2.154337077650296, 1.277418382543156, 11.86491493598049;
