m=[-10.53177542188124, -3.264130298295143, 15.57457872500348;
  -9.93704195768691, -2.588918564404425, 15.03367303761204;
  -7.992230482647991, -0.7809507285363769, 12.6766594100861;
  -9.498245291767974, -1.963500351367501, 14.98431351749087;
  -7.682344178770085, 1.455690574378663, 12.35567494996639;
  -8.000517813500974, -0.8227506543979665, 12.85970428959413;
  -9.253436733450577, 1.462869715980671, 14.7441341147146;
  -8.229867190810024, 1.425033080252415, 13.24641502304226;
  -9.564717611949639, -3.256039292282729, 15.38962879783403;
  -7.592218162405153, -0.8857913268898289, 12.45201318411309;
  -7.497982574606748, 1.458308558772235, 12.37309424349322;
  -7.656000963608046, -0.9994101767462573, 12.62849553361702;
  -9.569396787161054, -2.006799195714088, 15.73819680437986;
  -17.45919735216982, 0.2405024267893035, 27.99062554156537;
  -8.149521582757936, 1.456138717414875, 13.57701651068662;
  -7.420215715629615, 1.454945805409675, 12.4764330306941;
  -7.493708157783066, -1.042500165052437, 12.69991239559852;
  -7.875491523041562, 1.47151435778012, 13.30423612445318;
  -8.033462407035023, 1.437181779470161, 13.6119964743478;
  -9.34652028909332, -2.13354325845844, 15.86139339916645;
  -9.38204758707499, -2.271513885823627, 15.96435591511601;
  -8.651654870464958, -2.620563247738404, 14.83918412877268;
  -8.772223727031641, -1.562466807832738, 15.13789011351863;
  -8.96032755185923, -1.528828587250402, 15.49135900097329;
  -8.594375122282447, -2.765875693131836, 14.9175011171235;
  -9.367145463364491, -2.122991671193361, 16.23315852114543;
  -9.125131201575234, -2.857226943053066, 15.85272044269201;
  -9.040570328636967, -2.657186704754083, 15.72804249046375;
  -16.6166599604088, 0.2262337377856713, 28.12464107374783;
  -7.467128724645463, 1.440041803308653, 13.20442759637296;
  -8.68923520545253, -1.516408601289554, 15.28645403240692;
  -8.588148345524857, -2.761408272226876, 15.13723943212794;
  -8.842128384999461, -2.72494359646178, 15.5847917028416;
  -8.955228377886146, -2.513052357747508, 15.7888181135053;
  -8.98854907587449, -2.0670619436265, 15.89341458145258;
  -20.83093792515243, 0.5191512655197034, 35.55571296034565;
  -8.864158930209236, -2.299965695634084, 15.72986636641314;
  -8.966829958151729, -2.725214942225459, 15.94057402188233;
  -8.851413969441055, -2.62318849953286, 15.78883651194843;
  -8.863593506888778, -2.757423065589102, 15.83023001933664;
  -19.16677835877789, 0.3156895834902606, 33.20481257412665;
  -9.027371839919672, -2.178425166434771, 16.16234631903787;
  -9.16629144318571, -2.335188959369583, 16.40490001870453;
  -8.488915048237169, -2.555034075672617, 15.40070597001077;
  -8.47471226985734, -2.823130990536682, 15.38373413493875;
  -15.81604948257682, 0.7678842953012731, 28.20794383477696;
  -8.506297280808688, -2.304796346679284, 15.63253038654512;
  -8.776694697010392, -2.500037581260739, 16.11584838442099;
  -8.609968287227202, -2.215019412793262, 15.84827216723205;
  -8.764081525075127, -2.137569513766952, 16.16773728005073;
  -15.75263354659614, 0.6250506322409435, 28.40831856438624;
  -15.67478287806097, 0.7070531836962951, 28.31837847081409;
  -8.398792419048439, -2.103474944962426, 15.74188465729525;
  -5.501519106481301, 1.513978806066521, 10.66899070577688;
  -20.85497082188397, -4.355062821454642, 38.034915869888;
  -20.38687106666954, -0.3803977664317063, 37.30031573315848;
  -20.64922332920326, -1.439876990781763, 37.79078625032722;
  -6.320678126719369, 1.536816258556088, 12.26741262748728;
  -8.189986425595061, -2.44411050438744, 15.64196962598518;
  -8.4642613181828, -2.323495807654694, 16.21079888310207;
  -8.053849532172569, -2.09191450974862, 15.47180081362418;
  -9.598809680624331, 1.50067672269735, 18.3448840671001;
  -21.05510899657602, -0.9749238487137922, 39.25270211154204;
  -8.182122814929787, -2.350393330819685, 15.83773995635445;
  -8.247514809649973, -2.274026982305977, 16.05161597299176;
  -8.032431143979906, -2.441839684215213, 15.77490389176164;
  -7.947911947946058, -2.508630920400468, 15.66797796722438;
  -16.31326245075983, 0.498863389039662, 31.21085142881028;
  -8.162404547451896, -2.336667227837499, 16.12618680443281;
  -7.76816417950618, -2.402452105876335, 15.48743297579439;
  -5.269844270393015, 1.505365764939589, 10.85309264149184;
  -18.64225231322193, -0.228145494229374, 36.01842622684565;
  -18.7385800901066, -1.485430146468507, 36.25066429549523;
  -8.094598857737857, -2.337492533074542, 16.22505329406533;
  -5.94065112325359, 1.421237260928304, 12.37990682232541;
  -7.783929570271212, -2.234573211536581, 15.95834879176708;
  -5.104366190585138, 1.529580644268578, 10.88055071867259;
  -3.718657342430891, 1.602444146612999, 8.249617570004466;
  -5.488421285388107, 1.421554987199085, 11.97563685073617;
  -3.597032480845305, 1.519301344947514, 8.306518703798457;
  -3.591462273943989, 1.63199159609327, 8.372097435796626;
  -4.902284779114273, 1.515344924334625, 11.12717611377109;
  -4.655246333971522, 1.571755375767899, 10.62013371985103;
  -5.576256084702269, 1.458976759616689, 12.55424315856205;
  -6.606389713363502, 1.445075509531036, 14.69714428256766;
  -3.510381494901751, 1.722744285462454, 8.33351642362859;
  -4.864940864615646, 1.512399388076584, 11.27417027150956;
  -4.187603260787059, 1.608240235301714, 9.955061350764957;
  -3.434368792361128, 1.670341445119114, 8.349030839976132;
  -3.322664291536031, 1.709660011209456, 8.142988908267709;
  -3.271326552038494, 1.721498785609739, 8.073117431305416;
  -3.402531413822964, 1.659557281147519, 8.364117082311717;
  -6.813647758428475, 1.542698665766028, 15.84887170119315;
  -5.223244163158366, 1.480286045046598, 12.39989055822274;
  -6.937743738843005, 1.509101548683862, 16.17295367325175;
  -5.183340202125779, 1.587243231912229, 12.37822466409705;
  -14.70373975979138, 1.467906717751412, 33.58612866070562;
  -14.42153292769457, 0.5697025369900021, 33.0048655241752;
  -15.14249237849729, 1.032413860902395, 34.66993116013763;
  -16.36650794038355, -1.043204703231438, 37.49306729515116;
  -15.06040301961249, 0.8340732240466428, 34.71607555150365;
  -3.323440063647796, 1.645358634381714, 8.407422956839859;
  -14.90929298977767, 1.261325242763875, 34.57774080173841;
  -4.753346134104678, 1.531875916166463, 11.86268298363025;
  -4.888472905934656, 1.518933475038849, 12.17698130665792;
  -4.49934292801494, 1.602255857641291, 11.31404711851547;
  -3.15571781859299, 1.657502605781032, 8.242601813264784;
  -5.033750235428077, 1.510475620344055, 12.58169238501011;
  -3.727398090864058, 1.637823380580798, 9.584643896677617;
  -2.986681602774179, 1.767966427629885, 7.964723892861028;
  -3.73189912496893, 1.606157378620939, 9.735054119463261;
  -4.058698711140018, 1.593287435951789, 10.50694831752811;
  -3.007767374505394, 1.723866598622018, 8.128526854741113;
  -5.572629726701438, 1.541502977050162, 14.32208824618899;
  -3.821090988337605, 1.572901784405861, 10.16866805974161;
  -2.979362240021467, 1.71088495715958, 8.183082215664419;
  -15.47293537392731, 0.607739354181566, 38.68325232981872;
  -4.730678056292462, 1.521147667343897, 12.48621509429117;
  -3.64318273716024, 1.615323197480926, 9.922852436740033;
  -15.37049304738691, -0.9799271126302742, 39.00327911596654;
  -2.864336129178223, 1.763866869338884, 8.184304832724493;
  -3.63190031631903, 1.627654300012165, 10.14849145612074;
  -12.87969426281265, -2.076053678050584, 33.68677090856074;
  -3.648384133288091, 1.613623788036594, 10.2899325598566;
  -4.38174016415103, 1.006250671445371, 12.20581884657083;
  -3.195600755303399, 1.699198868096738, 9.227346852092744;
  -4.092504285173312, 1.585916087240495, 11.58944666478102;
  -4.114861686602569, 0.9128991930653625, 11.65874772151983;
  -4.152560929414715, 1.504554514507594, 11.79088333511866;
  -3.871431462574651, 1.613722841662065, 11.08504867131573;
  -3.145393269879067, 1.711760100771979, 9.221898214338467;
  -3.440822691395306, 1.645801078395857, 10.00484001503156;
