m=[-13.13490582247041, 3.40258345680487, 16.24368283721315;
  -12.69198979405539, 3.476914516603175, 15.77790996538482;
  -14.99088502526526, 3.417774609113832, 18.46789147985761;
  -14.03981902978211, 3.422685908030141, 17.51973644373626;
  -14.6197015471803, 3.337310184584455, 18.34393470991095;
  -14.605445261572, 3.441996044940114, 18.33551452399662;
  -14.05075859092843, 3.427339581374507, 17.70550561330348;
  -12.93761461188379, 3.429115037508405, 16.49668411941463;
  -11.67617700390565, 3.440569088774339, 15.18157949406764;
  -11.15696109850003, 3.4107285288588, 14.55576432128243;
  -16.33984865658526, 3.675972749606858, 21.11016151713399;
  -13.30227717808199, 3.404481625591346, 17.52960979471265;
  -12.33572682908671, 3.380751654221679, 16.33498156695946;
  -11.7579502231676, 3.386459266875096, 15.78679583508107;
  -12.10654010383955, 3.437967364111771, 16.32437410727359;
  -13.15522698310639, 3.421945246018337, 17.74474948316105;
  -11.41419481380765, 3.398770590406387, 15.62722566434196;
  -11.19460966237273, 3.359750875345465, 15.49403792640427;
  -15.11138458205506, 3.412622536785493, 20.60350147442418;
  -13.74706392001738, 3.401092101228827, 18.98228981695936;
  -10.41712478004165, 3.395828624893657, 14.69611257149387;
  -9.993914899228084, 3.416773215068842, 14.31864973808479;
  -10.19517150788599, 3.355731617248861, 14.59205520297009;
  -11.04310754036517, 3.44131517035664, 15.80111584285578;
  -11.23983980456287, 3.316233953665166, 16.18329006699655;
  -10.56928917163625, 3.333555402370725, 15.28495536241339;
  -9.877622856762223, 3.356367974913417, 14.53274816343666;
  -13.93477001802326, 3.240076911213139, 20.14086375955205;
  -10.12040966816592, 3.349063740876037, 14.88342655617561;
  -10.44107750821928, 3.370164634183276, 15.33469414402229;
  -11.97699933613091, 3.354765701643046, 17.45394747259969;
  -13.42197483098351, 3.378913556808411, 19.46210907949492;
  -11.5996810161872, 3.426474135614096, 17.01583675474075;
  -14.62172369653874, 3.290935856434861, 21.2507398879996;
  -10.09787120460573, 3.331203963066008, 15.09936407570346;
  -9.835805608793041, 3.342625400845337, 14.77027957467244;
  -10.40379877085332, 3.363797234749883, 15.64334735946857;
  -13.80744718662552, 3.249188036120835, 20.48593343101855;
  -9.598594413466405, 3.390333936696509, 14.61011831336352;
  -10.39761731755025, 3.37823090523667, 15.76343979019122;
  -11.27498773703723, 3.303659294026347, 17.24365673702154;
  -9.18699571905529, 3.331383534578076, 14.25910764877259;
  -9.123063344528024, 3.386251204778292, 14.18756353636747;
  -11.05438655044799, 3.260360731958254, 17.02813911937241;
  -9.616820330255969, 3.381259889547256, 15.15916245668081;
  -11.1125347426702, 3.344856787592492, 17.59554977408834;
  -10.29753031877572, 3.424137443308212, 16.4724621939638;
  -8.823027341270368, 3.34174366926874, 14.41246195838839;
  -9.254201014441296, 3.353643748200583, 15.10383523888706;
  -9.672210547723516, 3.384111825464198, 16.05132399929654;
  -9.755506638264919, 3.327012588654566, 16.50106341448798;
  -9.531769585774303, 3.380505391992069, 16.17486758019477;
  -8.692838073875123, 3.306732864806526, 15.09321787017041;
  -8.023574591914951, 3.284401172026913, 14.10080915429721;
  -7.989539445708561, 3.301004269834162, 14.17454756602901;
  -8.08842600178728, 3.309592790855778, 14.52918713356782;
  -8.718348642062763, 3.315577606638196, 15.68155365604034;
  -9.612672870576905, 3.296586923893062, 17.46697473494028;
  -10.49766292159653, 3.27693550071186, 19.30096467272657;
  -8.042106077746082, 3.247630929486847, 15.16992430674929;
  -7.299284104990594, 3.319895589337901, 13.89410159232572;
  -7.872047458542316, 3.327372841644113, 14.95777803131946;
  -8.530262307876312, 3.310126522523504, 16.2617474978055;
  -8.793243870242563, 3.300707368331663, 16.75369134061568;
  -10.7746585126756, 3.217375168679476, 20.61384951663934;
  -8.215297225825763, 3.293915927670947, 15.9768007198003;
  -10.85927830173931, 3.157455035862377, 21.00112862101529;
  -6.832518364624251, 3.27315390177805, 13.58551505138775;
  -6.999365915921485, 3.280719857109844, 13.93991668679781;
  -10.25927645449495, 3.233149645910727, 20.15644669989606;
  -10.54570292933668, 3.151731881606023, 21.05478441042402;
  -7.459431091366937, 3.245273594053583, 15.35963942634109;
  -7.383388332869778, 3.269494611803462, 15.39953272644131;
  -7.582920302111948, 3.24114044416636, 15.87194923554692;
  -6.88187460929597, 3.275630692715283, 14.87009483867823;
  -6.720362553120778, 3.277247826293604, 14.56488264056352;
  -6.291184428094898, 3.261731892273185, 14.10069490429641;
  -6.372321854734775, 3.291105682556633, 14.53545749093264;
  -7.722560763734429, 3.291201763265514, 17.46495501700295;
  -7.987912174360575, 3.268521888313577, 18.1277928644035;
  -6.881819296969472, 3.259651950738328, 15.80210770678448;
  -6.383734826172179, 3.227265811876513, 14.76582366476822;
  -7.103252382132592, 3.243532703618476, 16.44116887639811;
  -6.642455693431894, 3.212593290561157, 15.68880643879261;
  -6.358590432576492, 3.226499510450929, 15.20927290908555;
  -6.013390979979832, 3.228662352505303, 14.50018486356244;
  -6.819630966014964, 3.258048488438248, 16.53004004093832;
  -6.676756446034918, 3.227728279801039, 16.37157386951824;
  -6.473671094278757, 3.22495504613349, 15.93728936195037;
  -5.629694933619694, 3.206562324782011, 14.0851105455227;
  -5.368334269492537, 3.223452346470009, 13.53352217018336;
  -5.777183985884935, 3.228022334239612, 14.53644150380848;
  -27.52811501211994, -11.72394040885973, 66.79687356904753;
  -5.403364815870702, 3.228434825085114, 14.29052193592527;
  -32.56457034230378, -19.99937642799404, 82.56600877325272;
  -6.435644926439244, 3.150867781130364, 17.11994521627752;
  -24.42136697774548, -5.721388441372802, 62.5338075180492;
  -53.19809449221628, -33.31755804972263, 138.4833034760386;
  -5.811534710657784, 3.167844413238127, 15.97386913858419;
  -5.130330386737554, 3.193219785700143, 14.24714028678184;
  -45.32806005456202, -29.5793168814626, 119.4669924683523;
  -34.89501661790124, -20.42299301209163, 93.89495662876156;
  -4.757570525697976, 3.170185045206416, 13.70507737176517;
  -58.67756575420056, -40.7062660372874, 160.51776628745;
  -4.876357421061346, 3.17903129036329, 14.13156538184138;
  -5.233288797774226, 3.170333201140319, 15.11270703499793;
  -5.747915948526455, 3.156163787131245, 16.85567791139308;
  -61.9677439521742, -37.16982434104259, 175.9056376640359;
  -45.22546522209547, -30.55749727059389, 128.5754975102742;
  -48.64215115738261, -31.46206738083551, 139.1415506201557;
  -48.24526639611413, -29.90848733092087, 138.5290183567313;
  -51.88140414885548, -30.4591027239191, 149.2671147902987;
  -40.22369400168125, -17.64684255921295, 116.0006893086381;
  -5.222245220384798, 3.157089846104204, 15.89451831766181;
  -54.92755204727435, -30.70966130940593, 160.038359908569;
  -52.94415384374631, -37.28585448538721, 154.5007108327334;
  -41.48943670482793, -28.29742804066962, 121.9773147153987;
  -4.238408839614404, 3.121780976884519, 13.31819295636555;
  -40.36211955703521, -16.64242162714072, 119.7757771842378;
  -44.02501531563701, -18.81356416794489, 130.6754570285023;
  -5.927736554575963, 3.149874439774044, 18.33923505006112;
  -55.2946654026607, -31.966115444462, 165.8978283785822;
  -46.37205605274645, -15.83586022682253, 139.4639239723844;
  -40.17391126693463, -20.57533141165627, 120.9363901797359;
  -5.20476044927389, 3.108346449890844, 16.47096401408857;
  -44.20686902010286, -29.46526219876663, 135.0730963479429;
  -40.97764209442786, -22.3830986808094, 127.3006364501235;
  -34.37391247667169, -21.51057402711493, 110.1929611815568;
  -37.76345803764878, -30.37931831510628, 122.2195702409608;
  -39.40375488794664, -26.43214056100148, 127.6910516460732;
  -39.56928123843019, -28.11696847876791, 129.2103642157713;
  -40.01705747116411, -32.95991319986534, 131.7772179204838;
  -3.80543102780015, 3.211485215469661, 13.36666571740818;
