m=[-11.99706863593366, 1.418358251654065, 14.66097032841957;
  -6.697655876509724, 1.944539563946646, 9.097874693501915;
  -6.465164854324082, 1.878793542550779, 9.407760158166035;
  -5.591939174493982, 1.892429017079808, 8.660743343711948;
  -10.39968776889546, 1.083844106818805, 17.21075627753079;
  -10.55619330175395, 1.540020038945954, 17.87377657564714;
  -5.494350730756247, 1.890706458301429, 10.00255514700613;
  -5.202048261927707, 1.8875854050796, 9.608371330355496;
  -11.78210102662645, -0.1537586257456777, 21.04256791624497;
  -4.99393562128562, 1.881145775353075, 9.581465816289661;
  -5.373102345057735, 1.880383947535979, 10.26048056995727;
  -5.094419960056709, 1.873207492191242, 9.962364883079127;
  -5.244782914671321, 1.850981382447261, 10.24409519720381;
  -4.778956718464778, 1.898466062208577, 9.418330234185079;
  -10.17327027613327, -4.605531117982327, 19.6923772088785;
  -4.342179044693578, 1.873923290532386, 8.893827584357199;
  -4.944326193747651, 1.868232266683203, 10.01610890120457;
  -4.540174632879203, 1.875477317887107, 9.379841107675658;
  -4.166784283764623, 1.865278184588312, 8.797218003530535;
  -4.471835615112107, 1.877195705738114, 9.386276986767156;
  -4.382920709567362, 1.880487575628251, 9.213223087550666;
  -4.328030069662987, 1.897937337372119, 9.226176638897737;
  -4.650891746790936, 1.866178427404319, 9.885781134672362;
  -5.066139549483982, 1.865865282649219, 10.81107422466334;
  -5.513177417968289, 1.931849527683575, 11.75858841048022;
  -4.015902381009927, 1.857950270497621, 8.855806397239567;
  -4.70738202264917, 1.87501804942344, 10.26476633609471;
  -4.595959379153788, 1.864457712152404, 10.17977482638512;
  -4.513411610017096, 1.882194545043254, 10.04439386849266;
  -4.513682421304274, 1.856907203587409, 10.13648917543177;
  -10.63938204351233, -1.475028926418625, 22.99934402763617;
  -3.472539376642823, 1.874041597140792, 8.055868893464053;
  -4.870387010339159, 1.866953898815983, 11.08502683293798;
  -4.44128024111653, 1.835347416542567, 10.24366302421081;
  -4.409338532238507, 1.879532756120167, 10.24891770915765;
  -5.188901359607575, 1.916980141576639, 11.98346873175986;
  -4.681733848001694, 1.89371001090605, 10.90876734920273;
  -10.33260081643546, 1.392909490990282, 23.42093344928752;
  -10.59306516806197, 0.06472578757201157, 24.01245166916608;
  -10.52991689764605, -0.7048997211907333, 23.94583720147008;
  -10.62517424086899, -5.96858095230674, 24.48772361431181;
  -10.39096031028055, -3.072175337705883, 24.09189055986012;
  -10.43798701252606, -2.65569587071866, 24.247953991431;
  -10.71392517310456, -3.325825448154879, 25.81414341176915;
  -10.66593704987144, -3.088194379387323, 25.77140520815852;
  -10.54744707063721, -4.089225092115536, 25.72276219980203;
  -10.45315438397412, -3.952275175115612, 25.86380459326642;
  -10.49790724766494, -2.881761453769536, 25.9926882552867;
  -10.60238215543009, -6.306085845437635, 26.3235149184102;
  -11.07409989013505, -3.297081509386069, 27.50495490018075;
  -10.22688496861771, -0.9457169578665421, 25.55870188686983;
  -10.15350579612781, -2.717378364000628, 25.46488074643596;
  -10.03996440497468, -2.861177849423246, 25.24914271640034;
  -10.904898909819, -6.011001057639358, 27.52607864041005;
  -10.16520482592858, -3.046350495743886, 25.97372842319625;
  -10.65848065938739, -6.250557747961802, 27.22125010833641;
  -10.48381629989816, -4.105968098810068, 27.11689846560835;
  -10.17332358595741, -3.954017782144083, 26.69543655395361;
  -9.569243843517622, 1.201295707899675, 25.87466487604934;
  -2.938370037100228, 1.853302147358135, 8.491378972240369;
  -10.13704089276778, -5.880734115375653, 27.66983330465664;
  -10.54383241670713, -6.306300862168655, 28.86821455968741;
  -10.21957244779915, -4.091123143785153, 28.08179289583695;
  -9.584368175601055, -3.088039734523743, 26.42874564515853;
  -10.56835008122341, -5.91317768135757, 29.30432134480178;
  -3.051526412164204, 1.84674145810173, 9.014532462036604;
  -9.825721514104348, -3.32634132139779, 27.5655817024578;
  -10.50413617266202, -6.300680995021359, 29.45516629950565;
  -10.46379819418482, -3.145420826214089, 29.34736292009533;
  -2.898674534866657, 1.82436444772349, 8.69617386023741;
  -10.37077629336196, -4.153421207657869, 29.48221604876875;
  -3.990048259801665, 1.875626898968022, 11.79583928443725;
  -10.04391144227217, -3.000624462587777, 29.10091790650506;
  -2.861905703417882, 1.832296781906172, 8.853329593178216;
  -3.71259282868713, 1.738927023554635, 11.57205667853084;
  -3.614363798941694, 1.894142029334065, 11.59888946914348;
  -7.865925614550858, -1.81744119488644, 25.45567288629535;
  -24.81690610000664, -18.84761594427853, 79.58457161407411;
  -22.41077555955653, -16.71160696813733, 72.05702152743204;
  -30.85249490781546, -23.57214628600448, 100.9081084613808;
  -9.965639814760577, -4.233068035103158, 33.34225832883423;
  -23.52303210556605, -18.69176704958391, 77.89876452968575;
  -20.66446302855934, -16.8374520807341, 68.76765989693787;
  -9.588201876543574, -3.712374878398391, 32.35406090054798;
  -17.8007592211579, -12.32762728453665, 59.78620124242579;
  -21.39442589304806, -17.82783119922744, 71.67107983060539;
  -2.125895967273891, 1.83382763041984, 7.902647822678051;
  -13.96520683970812, -6.57566230046293, 48.41251946575135;
  -18.4515687458945, -9.089135223799826, 64.78452820231789;
  -20.84421598031017, -16.6550352584057, 73.42873189700509;
  -18.95624149252309, -13.77625509968933, 68.37021155763098;
  -13.18832328602507, -11.16175745047847, 48.0369860389894;
  -2.555985150292606, 1.80903308109055, 9.841136251197062;
  -28.17452252584218, -22.70156823462829, 103.4880861936599;
  -18.39793149985025, -14.2733471728897, 67.84123766106734;
  -15.55386773316524, -13.9095149751629, 57.7068339928128;
  -4.914293847359829, 1.166319823747104, 18.67359347374805;
  -21.56801975953809, -11.64796437837059, 79.90920862390829;
  -26.75278687307166, -19.70420898760007, 99.65032041609096;
  -17.35451739018376, -14.37269593503353, 64.93615625051963;
  -17.2531569968353, -15.30067256060239, 64.95305936430285;
  -17.84957657861332, -9.240730321635157, 67.40816115304352;
  -16.21184274938307, -8.157751889788449, 62.31983720746086;
  -17.58549927521756, -11.19341007561364, 68.11165212540928;
  -15.79576982221761, -11.51816019336773, 61.65359317450617;
  -16.38150918207402, -6.866119919197362, 64.03618088834621;
  -19.46051095618367, -13.40910673222967, 77.018875584545;
  -19.44207632639614, -16.29611126904115, 77.49903980848582;
  -4.84644305987723, 0.8774564789528916, 19.73998875525592;
  -21.3840333111052, -15.28865151878063, 85.37061435240128;
  -4.667214595668749, 0.7185401698912169, 19.37637509353378;
  -4.195796007643848, 1.120726915008334, 17.51241904926039;
  -23.24759531941866, -15.61401179112106, 95.28193134601789;
  -19.95042584152635, -13.99501852764869, 81.86000225038433;
  -4.622266735849791, 0.8184235956355013, 19.40378177336156;
  -17.04725651307798, -14.97827546509237, 71.55340523639502;
  -4.031777379884112, 0.9712857620249641, 17.62679603300472;
  -2.320330111963326, 1.804048888713194, 10.39924282385412;
  -13.21229371237457, -12.87941160580992, 56.7317445832829;
  -18.18785524762862, -15.73045741668009, 78.23240126145178;
  -12.29427170935402, -10.8505566391506, 53.55797510541993;
  -16.56823589947708, -17.88769138907926, 72.8465821407904;
  -17.24909037489198, -17.92294965767158, 76.74698287119198;
  -3.966667220475621, 0.7548422755024288, 18.41500942433849;
  -2.458931554692701, 1.857177030834671, 11.67997000709483;
  -4.336674838322677, 0.463701333621429, 20.39246656544818;
  -10.13765639610767, -2.912851309624215, 47.55493606287038;
  -4.736176761327446, -0.7844347722102538, 22.913912089929;
  -3.431304003683958, 1.069108007987677, 16.78724651099011;
  -2.103027280131708, 1.819944050013093, 10.50012938547848;
  -3.859616572985163, 0.8024968751650229, 19.84865519527508;
  -3.546396886233357, 0.4337082068058524, 18.69914374590805;
