m=[-11.45954744138301, 1.279625506826564, 14.48824854907632;
  -11.68815817659645, 1.435115937842235, 14.76387454372436;
  -6.314678627237135, 1.925428136461349, 8.716432938998493;
  -6.725936880700734, 1.919897018252992, 9.346078348719807;
  -5.176737096520252, 1.912100945462724, 8.123907139863229;
  -5.326673098080764, 1.906146513397079, 8.40409268955794;
  -10.9323307800992, 1.664651318361271, 17.50674483519179;
  -9.934770657669352, 1.07410164398716, 17.2154990334834;
  -5.030093809222358, 1.846621957701166, 9.324054201211993;
  -4.817700551139107, 1.861783567687524, 8.985199313044701;
  -5.031983877808563, 1.845715502426594, 9.451549749683766;
  -4.765939477218113, 1.851821021551072, 9.070297693464561;
  -4.590634288675221, 1.852884727712769, 9.078658483183167;
  -10.92038565482728, -0.1540003800604254, 20.60389096141668;
  -11.1468920230875, -0.2799546965354276, 21.09108625631876;
  -5.550263277520209, 1.903464404495599, 10.87993234045823;
  -4.947164978186066, 1.872148751894102, 10.01396326919019;
  -5.379152749489041, 1.860399517016393, 10.84166427580933;
  -3.9834039326012, 1.848015062998644, 8.344223435944256;
  -3.952121304610473, 1.836272220309159, 8.35218666551093;
  -4.567734099572323, 1.85657297344583, 9.595423331236328;
  -9.657714606316112, -4.668470571410128, 19.78613745249308;
  -3.850248186339037, 1.823345440666114, 8.367809634631424;
  -3.806781952450673, 1.838466526448164, 8.293143692890983;
  -4.052321221365792, 1.834650264470459, 8.809235457743311;
  -9.647200526498624, 1.568168975941177, 20.5223304890102;
  -4.619080718971093, 1.837447824125825, 10.29860671652806;
  -4.913470687577917, 1.86706408079721, 11.00068396282358;
  -3.684691732797782, 1.840882910611286, 8.485746618586912;
  -4.139012239872276, 1.818394575158796, 9.566853307534892;
  -4.010888767776242, 1.815363551307529, 9.328513856480743;
  -4.103237295531891, 1.831571283093463, 9.631890455040502;
  -4.370666878520145, 1.824686111193021, 10.45952227187149;
  -9.912234673666912, -1.487136027890982, 22.93242339935407;
  -4.018522556516265, 1.804600446578941, 9.70615644070277;
  -10.16649417969371, 0.722481412577081, 24.03776931793479;
  -9.424649508450029, 0.05225945802481663, 22.90715789904203;
  -9.593772892724017, 1.392995919994877, 23.31792375536827;
  -9.956934515572701, -0.7230781940111886, 24.30018554082609;
  -9.735950379064658, 0.7975214586263195, 23.78136731259395;
  -10.1278043066911, -6.166764348340076, 25.09756506811892;
  -10.14262822929512, -4.255491187055846, 25.17368324996637;
  -9.816343877741971, -3.146771179899554, 24.45926106712846;
  -9.9860153727721, -2.757100983211291, 24.93663421333639;
  -10.29512626477549, -3.095478766124951, 26.06716666148592;
  -10.04916951756706, -2.947696913949034, 26.19399417883813;
  -9.861689982848338, -4.164925611765994, 25.98123084369869;
  -9.740081885051724, -3.146929153720308, 26.13798410149943;
  -9.788618922246627, -6.342600228456828, 26.30693897031855;
  -9.712226262548738, -6.013680221301287, 26.23719864891647;
  -9.845679799413116, -1.00027079673048, 26.61691571409185;
  -9.694222817830042, -2.833926144968939, 26.30122702297986;
  -9.583135871573676, -2.983341835769116, 26.07955386576376;
  -9.914167086334718, -5.970680821204914, 27.13339266988231;
  -2.803129062657352, 1.796096689035075, 8.164871958029941;
  -9.7078649257104, -3.178685708726099, 26.90337490839001;
  -10.05383490364612, -3.069242533007712, 27.95399634805042;
  -9.655247873958498, -4.141640760146514, 27.12404048518605;
  -9.457432599668337, -4.026108413084248, 26.94369964279031;
  -2.554374788664267, 1.794130430227216, 7.800505205215327;
  -3.005176246977686, 1.795857710375769, 9.110024342580472;
  -9.875422469219064, -3.241844394233793, 28.71759302007284;
  -8.955496957646066, 1.224957361711541, 26.36002817841002;
  -2.818331582989682, 1.790886134528825, 8.762836621352742;
  -2.604252846124008, 1.796975524760117, 8.167621822665382;
  -9.427347931825521, -6.020390600628765, 28.0912027661237;
  -9.559834924394355, -6.289994035035719, 28.59059835851432;
  -10.11635269723017, -4.45835609912498, 30.35306943551457;
  -9.752273880303793, -3.465768553837415, 29.33320723739488;
  -9.357248390560971, -5.754181632562986, 28.35158308604294;
  -10.98591771677826, -4.895868081436078, 33.56437335292753;
  -9.443774882791463, -3.129036720049218, 28.96718428233089;
  -11.01135059506359, -4.114359782181661, 33.74552435006018;
  -3.47618694511372, 1.818250625076702, 11.05319378593741;
  -9.5605745360394, -4.230075929150046, 29.79138516037969;
  -2.505190090122513, 1.800555067448926, 8.267342057956563;
  -7.971740783792212, -2.676783468331213, 25.461338159622;
  -2.33391592281254, 1.748604464699312, 7.92743323948961;
  -3.372666205123388, 1.753803612605724, 11.37143257389416;
  -3.065507284800227, 1.804243948978453, 10.65326908336112;
  -2.480787791815543, 1.754460281624526, 9.131090817181777;
  -21.07178899376378, -18.07351211905565, 73.98099839923485;
  -16.7461961440562, -13.34083342816048, 59.86724031110329;
  -26.92622598212243, -22.82019845759931, 96.58843257228928;
  -19.84800464317702, -16.53959163681343, 71.44327617426478;
  -20.90118276813732, -18.43702460679991, 75.86229505041875;
  -9.21632998572516, -4.396905197716789, 34.40799167376757;
  -11.88482998706241, -5.229489554254506, 44.50087884257049;
  -20.89063201218809, -18.59473074682682, 77.65877949462471;
  -20.42187423936173, -18.68849663372406, 76.29914016823746;
  -22.81191641538419, -17.66628487927438, 85.91788749319541;
  -21.54585624828592, -20.20861253860655, 81.24071583121139;
  -17.31247906117697, -13.58035903015796, 65.31396072630436;
  -20.19688677477668, -13.63089147764552, 76.31651627387095;
  -18.41898840601531, -16.33031217121154, 70.17348678035454;
  -18.66631266024013, -18.52608729295119, 73.5330302127081;
  -17.23984957588773, -14.17869747403406, 70.47352388224074;
  -12.81761769802659, -12.31385561132346, 52.8835354635867;
  -2.563542162758884, 1.805455196675155, 10.97567062923933;
  -3.976903892643849, 1.081445163044835, 16.9766202312503;
  -14.99811063938562, -13.23336524436665, 62.87256464198596;
  -14.11737235593484, -14.34625771513263, 59.51522827083912;
  -17.34759586567812, -10.63660670527443, 73.09341269430645;
  -14.96620495971358, -14.08241369162344, 63.61065738675241;
  -15.06428032248772, -15.21390592495739, 64.51439402739158;
  -14.48475774581179, -8.549808889542733, 62.31553873045296;
  -1.699896562029609, 1.76445207476782, 7.791618810233673;
  -3.745592559973123, 1.055777675322629, 16.66212320772268;
  -23.55033568117214, -13.52083117575055, 103.4108471033729;
  -4.570236104433726, 0.9374669567228231, 20.44763869239026;
  -16.66099791412366, -12.12026239585701, 73.77250528168325;
  -14.09771516210001, -11.77812421783978, 62.98034660607548;
  -3.924928301744314, 0.8203692164066794, 18.15255623416789;
  -20.5002299867611, -16.21064333609435, 92.98855494412824;
  -11.8242616372144, -11.31519508533819, 54.06898198023437;
  -3.436287610340985, 0.942432374793981, 16.26118858451792;
  -3.835318318886823, 0.6879346235833628, 18.1225643036158;
  -3.719656148010476, 0.7646988367757833, 17.80014958016878;
  -16.04754482972538, -12.96503599056439, 75.89208059828077;
  -14.31445194202763, -14.56388953506295, 69.47980775184068;
  -1.917695240547406, 1.76186954537661, 9.716048173622895;
  -3.406219841326013, 0.963137485290493, 17.04003971238279;
  -3.637010478729786, 0.6792290019320696, 18.28553659528461;
  -12.28804845045691, -13.95328665923158, 61.42688794265978;
  -13.33329046125613, -13.38817056008363, 66.59849521779007;
  -3.659050628179237, 0.7851961408992881, 18.60632842013226;
  -12.96699632328191, -13.94260473940077, 65.54429265888085;
  -3.55805964176436, 0.8533591069947278, 18.39334574498153;
  -11.67670800021258, -13.74826929582245, 59.7723052637365;
  -12.84133061972349, -16.17049743881053, 65.79713233798465;
  -3.117435774219058, 1.332636583162314, 16.42889907038751;
  -3.009492705386433, 0.7491326809092254, 16.48982631721299;
