m=[-3.638009678672256, 0.3186590959640275, 9.560442157285474;
  -4.428757688228904, -1.460591310548971, 11.46651046011532;
  -4.526342923670694, -2.453310806890438, 11.72745584128745;
  -4.213064186674139, -1.215258678127098, 11.14342745360884;
  -4.191258202284494, -1.439094087889557, 11.22010509812219;
  -4.230565889916007, -1.243515357661231, 11.31172521687763;
  -4.160698412258153, -1.372764379056152, 11.22821852029038;
  -3.884956289824525, -1.327816299653053, 10.72865794051733;
  -3.77658429954222, -1.405889345284114, 10.55726651746111;
  -3.156875109786561, -0.7869010855130246, 10.30421971071304;
  -3.776872130895371, -2.50450308589854, 12.30260953410342;
  -3.032568494082556, -1.137860354872984, 10.1858424779458;
  -3.046192573454493, -1.009734148043293, 10.28336447714283;
  -2.97995606603383, -0.7332514865309472, 10.59129400624245;
  4.064005957270762, 2.27055340869852, -10.98088994140593;
  -2.904140959607501, -0.659112941543217, 10.57936662852009;
  -2.957931397848621, -0.9878206449176961, 10.78475253605292;
  -3.196668537551626, -1.657585095176229, 11.64848998888744;
  -2.823466288775904, -0.6332624715374114, 10.60577725395393;
  -2.839563368507811, -0.4627954178541795, 10.8214758868486;
  -2.892770792022585, -0.6745049086518393, 11.00301929345972;
  -2.815959670932531, -0.9040393618581609, 10.87717679817635;
  -2.756075490164175, -0.4853501192851873, 10.8090764928468;
  -2.764251263523899, -0.5453569716346154, 10.881839376523;
  -2.768133327039102, -1.241476617351547, 10.97234068846871;
  -2.76590060954842, -0.5991466545305458, 10.96932541661501;
  -2.7272900464672, -0.7966343654647178, 10.84813278021197;
  -2.732593737721887, -0.4296174309441971, 10.88519088055558;
  -2.753043071136865, -0.6123056974204206, 11.03529369935056;
  -2.717220545567363, -0.5306548304487401, 10.99191165335575;
  -2.653193637538183, -0.839285053017371, 10.84635959165139;
  -2.698419634188314, -0.7066405310670445, 11.02701206420675;
  -3.375604695414783, -2.106993091276692, 13.41714430685218;
  -2.664450476411955, -0.5355625243856315, 10.99838113394126;
  -3.233479024686812, -2.079750590313319, 13.06711197448061;
  -2.746513819962464, -1.469117542977241, 11.44877882756701;
  -3.019353249245923, -1.881716454165545, 12.50556014544591;
  -2.693896304909558, -1.586040073994094, 11.60132379128536;
  -2.648835932358268, -1.668477424922495, 11.55117530169066;
  -2.627461781758333, -1.182233797528904, 11.52032805193456;
  -2.643435614329873, -1.647168668213616, 11.67767635478026;
  -2.620335505759047, -1.711528722459416, 11.62259743434747;
  -2.58518039590289, -1.304071866380262, 11.60494490089754;
  -2.567964147056423, -1.335174003454055, 11.61895661503373;
  -2.498286896596846, -1.273503590240172, 11.63705978381699;
  -2.58587897716825, -0.8376252520376816, 11.96973139141627;
  -2.458058736019756, -1.184924706987741, 11.60011384530779;
  -2.54530944659651, -0.9773479118342502, 12.03168553274359;
  -2.4615472148574, -0.6909105588086304, 11.98174011248092;
  -2.393217679738614, -0.5625373298481274, 12.03088378512921;
  -2.291011627837225, -0.5488737471092008, 11.82218803543585;
  -2.045789804546951, 0.4885938270977254, 10.90212688494897;
  1.726168976869181, 1.567285432061008, -6.163541388931835;
  -2.6026802390883, -3.143061975625207, 14.4105267183624;
  -2.597336937634415, -1.946398989740323, 16.38526623761615;
  -2.333239762127107, -2.270121490236114, 15.19483904794128;
  -2.255131275512897, -1.679151515516361, 14.88664107318373;
  -1.556131915458103, 0.6346301052004009, 10.95539791801839;
  -1.417521594161745, 0.5530227038449965, 10.67807472508535;
  -1.463140860384859, 1.654597943160731, 10.97712097459101;
  -1.319453912071247, 0.5551693826213151, 10.18414552803672;
  -2.033461843845017, -3.100512035165719, 14.69895386800516;
  1.014841748652375, 1.03999354741222, -4.247164141028404;
  -1.437354094491935, 1.633161526928429, 12.05470975875251;
  -1.70310071701899, -3.568748815167213, 15.41140836985609;
  -1.322917953831328, 1.641526870404887, 12.45363529192949;
  -1.099252124088505, 1.689350930999839, 11.88677093656336;
  -1.035506446957901, 1.703355886842796, 11.94435068005137;
  -1.429182897003612, -3.447142311514241, 16.1516357763817;
  -1.442865309921249, 0.2640740927170047, 16.05765530371198;
  -0.6809405494965867, 1.932093011340983, 9.215248600588621;
  -1.0484018567957, 1.60588138967926, 12.74685436231813;
  -1.382225747315039, 0.721887064597977, 16.09066734520894;
  -0.9301036020616182, 1.775028413919795, 11.71218881442859;
  -0.842155581564653, 1.82430187486848, 10.97061537897934;
  -1.365852148230389, 0.2772402000686105, 16.1648042111032;
  -1.357613061966389, 0.368039057884177, 16.26254386529608;
  -1.328419443580261, 0.6512845156263104, 15.98211851635125;
  -0.9399076752992033, 1.737582928376696, 12.1428285960759;
  -1.148080706949098, 1.658102642497755, 14.19880588460435;
  -1.310742320207832, -0.1066249098286242, 16.0569260747322;
  -1.373222131901204, -0.5477329150461926, 16.73478397084576;
  -1.340041141004658, 0.03362619282325524, 16.47097413712314;
  -1.265438097090109, -2.417491577757586, 15.98501575797213;
  -1.253207824310848, 0.4495178307544807, 16.33675988878058;
  -1.253955802178215, -3.759362494219719, 16.77542069590216;
  -1.265008170266036, -0.09749293003456662, 16.58051253280959;
  -1.218356212502316, 0.02734797687634513, 16.3091358835251;
  -1.186928510287137, 0.3781060285377379, 16.35635129688626;
  -1.16069641247393, -2.451906850318621, 16.31785040389023;
  -1.183160209870799, 0.2558254182044762, 16.38717595165685;
  -1.159667598320984, -0.03905244478247538, 16.25205554061768;
  -1.164383602362174, -0.3236762911307981, 16.57032985956493;
  -1.115896948385959, -3.851673680858687, 16.3914836651801;
  -0.7859888886723605, 1.771798535128727, 12.18387001615624;
  -1.130530732383087, 0.1791674680232789, 16.65952700091257;
  -1.067535364137382, -0.153045487627842, 15.98986514015832;
  -1.072795102185758, -3.627170382913527, 16.41094526623185;
  -1.039270977623851, -3.450394928465334, 16.60099230346971;
  -1.052019177305952, 0.2372106510778214, 16.40237752466679;
  -1.040633014684929, -2.47861344678628, 16.59987507124284;
  -0.6945293278290567, 1.808896450535706, 11.92332291419038;
  -1.05199714898536, -1.783353703576998, 17.04994756480264;
  -1.05239692784034, -0.0355190305062344, 16.87986925704755;
  -0.9967852150314833, -3.898168876759909, 16.72949668203675;
  -0.9837707821069087, -1.679942290018135, 16.72516692544571;
  -0.9576378524504455, -2.741425572800297, 16.68581018682708;
  -0.8095508087300976, 1.582964600369148, 14.26362422543781;
  -1.003592246566401, 0.2251701389988047, 17.13047594901777;
  -0.9659658664014621, -0.5582432847130127, 16.92040614930843;
  -0.9488939667229362, -2.316163523654967, 16.95317866643226;
  -0.8876048667765172, -3.369015601825309, 16.35910727462962;
  -0.9693067802744655, -2.679292323493939, 17.53355868825054;
  -0.9119433820190762, -2.484322670800405, 16.74615057916021;
  -0.7401015451147824, 1.551548001300277, 14.04812543579353;
  -0.906671020847888, -1.758860653329205, 16.89793672699583;
  -0.8870977352367427, -0.496074169309949, 16.56735531146865;
  -0.9095333712121546, -2.592729483295125, 17.16788441569326;
  -0.8737769537048168, -0.3588602833625713, 16.5142171478857;
  -0.8894011386553391, -0.776473244900625, 17.13504485085438;
  -0.8303565567279506, -3.820606104769184, 16.63067978799084;
  -0.8485527545708621, -2.255751161802009, 16.8452165969889;
  -0.8503236829394492, -3.913800827026211, 17.36127932733563;
  -0.8309087975392288, -2.772194158701321, 17.0311626701437;
  -0.4635460780678146, 1.817504789185449, 10.98626153781671;
  -0.8109518822545395, -3.558089219727843, 16.86381892584352;
  -0.6436042586314837, 1.507118715112076, 13.76416634631316;
  -0.8235731852962528, -0.2294913491741203, 16.79548345299003;
  -0.4874985548367689, 1.831203346733789, 11.43120184031427;
  -0.8059820512257978, -2.491791049934374, 16.93222331118776;
  -0.8139581237317625, -3.304258024569745, 17.1156004026476;
