m=[-14.15961302743071, 3.567323092611899, 17.36107959727148;
  -15.03043086534565, 3.543502386707028, 18.38502516361953;
  -13.27245257570202, 3.505907122308656, 17.01370953167536;
  -12.18247501872283, 3.526904887040903, 15.73704093157074;
  -12.10366925805652, 3.596483770011002, 15.71047159222855;
  -11.71594741115191, 3.608924515962948, 15.26194109286575;
  -11.46912093326121, 3.532341935735057, 15.17708276356187;
  -12.11392444450243, 3.543483925491938, 16.06863486755561;
  -17.60189592538225, 4.115199436748253, 23.15301055432437;
  -16.99948102405029, 3.418062832849897, 22.56254762234105;
  -14.92694921394792, 3.490317390056544, 19.9762422836749;
  -30.69249845938183, 0.2930575608838839, 40.32496483905752;
  -30.58256346660217, -1.282232370168143, 40.20939850491284;
  -11.26833074787102, 3.632550020091562, 15.6026228435348;
  -31.38114210564272, -0.7056718321497579, 41.93116046721922;
  -12.47295528834559, 3.618783501408099, 17.34565690514186;
  -10.68775173526826, 3.570900510963647, 15.16578006829231;
  -13.34416313745047, 3.535581410658682, 18.7079632207391;
  -15.6898113906304, 3.432663306443274, 21.9937116091841;
  -12.33075599444185, 3.581715562561088, 17.50057049363372;
  -11.69585956935281, 3.577715965387185, 16.68423266440423;
  -13.98837438155188, 3.366388783908101, 19.8338998114177;
  -13.69649018955687, 3.573393714772125, 19.45288031785352;
  -11.95407134214806, 3.556599900886875, 17.12554170432918;
  -29.01041119062068, 0.5677948652545352, 40.27031347119426;
  -14.90748858570013, 3.479278380230864, 21.31277838149013;
  -10.44518634699886, 3.51958532849667, 15.33644913838271;
  -13.63631766013734, 3.342179961513763, 19.87948903178947;
  -10.22798151975078, 3.520090500278872, 15.25846262248897;
  -9.400276818050919, 3.53829969877125, 14.83559998871733;
  -9.81738565061436, 3.478304596193703, 16.15577604321792;
  -9.60763028500037, 3.54677998047921, 15.84862377300644;
  -9.011532412464035, 3.523776768492286, 15.01858990448013;
  -8.934427689310743, 3.521193915431563, 15.00765763166381;
  -24.27001777688756, -0.8097921750172987, 40.15527064286919;
  -8.896050056367765, 3.519744449252527, 15.53774442249934;
  -8.70912363696063, 3.515586047940607, 15.29046268334793;
  -12.55384428942782, 3.386506374820158, 21.86612229750539;
  -8.465851416370558, 3.458148332976735, 15.31739267743171;
  -8.449068436147353, 3.55439812325073, 15.45880986438087;
  -7.831429027993465, 3.448264710101152, 14.4228729124086;
  -11.00346566264653, 3.602036459169772, 19.90567388499382;
  -8.902799075644634, 3.526018029852325, 16.42161404300293;
  -8.699416577623925, 3.513406963465601, 16.15786418941275;
  -8.874174277517742, 3.469841996459665, 16.50454796764219;
  -8.332793799457775, 3.483038305028467, 15.78186896036579;
  -21.49519061529725, 2.56464671218806, 39.45921674486122;
  -22.48552664919485, 1.525564682327311, 41.46383445328775;
  -10.92456569570338, 3.404014410379987, 20.63064626822924;
  -11.12936997946234, 3.375364610743167, 21.2667032029337;
  -22.56247822410802, -0.4998221950343348, 42.34982831279139;
  -10.40007084300778, 3.419774139526986, 20.15842601936512;
  -22.49115005398949, -5.23370292016181, 42.72098624393367;
  -7.665335600353928, 3.47690969446987, 15.35005338923678;
  -7.280701560548397, 3.481917537509198, 14.65143720555222;
  -10.66443963349582, 3.32277281221066, 21.0528904099208;
  -22.33076653715908, -3.036453102642858, 43.62779824404707;
  -7.764853844662052, 3.468883891117463, 15.85218944711696;
  -7.329299476418789, 3.339809682225554, 15.05871348071574;
  -7.808708740873198, 3.44863319741855, 16.17467622296477;
  -6.994459403577221, 3.481119379539704, 14.69111830226145;
  -7.072296660378316, 3.481658983215237, 14.92450548157769;
  -23.03382822263183, -0.2335993388449791, 46.77084507798718;
  -7.332203328477139, 3.453685064083369, 15.51846992380971;
  -22.72525288438749, 2.295609429634233, 46.20412689211609;
  -22.90194472913938, -1.671839441055451, 46.65206859267304;
  -7.352442890223091, 3.465800826157843, 15.71743950870396;
  -22.83643822200943, -11.44645480352283, 47.04607901837267;
  -21.77287645146802, -7.621944615298799, 44.95989100632571;
  -7.87350413908117, 3.478187087852059, 16.87434515439454;
  -22.44334660865768, -6.077990674355386, 46.49472498931429;
  -23.16266304901724, -12.06973260104407, 48.06537816535903;
  -7.519221920301507, 3.442750862264208, 16.25547292236283;
  -23.35113805401275, -5.938688465005462, 48.81828818709362;
  -10.07011079490754, 3.403579214768122, 21.57720228419101;
  -23.23835261625809, -11.9809579627764, 49.50419521084186;
  -7.826922552905686, 3.419572124279194, 17.38952631293845;
  -6.862216322597543, 3.404201211959762, 15.40308023656933;
  -6.480537533279125, 3.439677283156643, 14.60033733540351;
  -8.092555694778035, 3.475068702250125, 18.09717141123428;
  -10.02549137578496, 3.263071585548741, 22.21613261535148;
  -7.156040338402054, 3.424148605830195, 16.23498673176891;
  -23.56365459389777, -8.024820666565086, 51.52483172545175;
  -22.48774772418981, -5.623781388952759, 49.19001441553551;
  -23.18945090152835, -12.1405213443229, 50.84116158980213;
  -22.41674896851118, -6.069947399390391, 49.20400394501614;
  -22.85210004216194, -2.169439580054206, 50.3749398040565;
  -23.29125694577492, -5.704057186940711, 51.50571866042624;
  -6.731453028690203, 3.415678669871925, 15.55094497721566;
  -22.92416995845768, -11.16139043813499, 51.01649370435293;
  -6.452105299021973, 3.438061840606956, 15.07379064606353;
  -23.15949329379287, -11.97114368032057, 51.99393972393427;
  -22.48580349219026, -6.103324439885295, 50.48658592289606;
  -6.858109877651835, 3.438656283351532, 16.1131534153714;
  -23.94582983439162, -8.358529141282713, 54.2847566210013;
  -6.945599834775146, 3.47826717442693, 16.52663856809888;
  -22.52007404034219, -7.778568900213938, 51.72460709922261;
  -8.471781045992991, 3.40959166208012, 20.11338280548274;
  -6.517033026983256, 3.406620583687284, 15.72460819790847;
  -8.313161817725861, 3.411451873442163, 19.93933364327722;
  -7.861148255925423, 3.331145802426093, 19.06196681938668;
  -20.06155354341088, 1.719739091116969, 47.35934942861966;
  -23.54213464922777, -11.93571702197252, 55.86055269990861;
  -22.08252682836642, -11.50654100997564, 52.51020259301137;
  -22.79399620001877, -8.083904479037573, 54.43783193014832;
  -7.419005324642051, 3.422270833743766, 18.38584832911424;
  -22.44564388981256, -10.95943798623608, 53.93456958659155;
  -5.805472913362983, 3.382212996373285, 14.60980174231598;
  -6.977301166452213, 3.41584968669517, 17.46035081796611;
  -5.956274401156073, 3.415138697340705, 15.06423716801751;
  -21.99412494298445, -7.7794133153756, 53.31959026649827;
  -23.08732310332763, -12.04707155858864, 56.00369481477399;
  -22.89186667913875, -6.907763767054583, 55.52863751835648;
  -22.41038640213442, -6.031415766446861, 54.38824211247735;
  -6.181002181575062, 3.414718630011461, 15.77440191581709;
  -22.83410696381459, -8.066027881517066, 56.00273178076341;
  -21.1020247474693, -9.247158722599888, 52.48371172238359;
  -7.313696393146188, 3.432248766534439, 18.7600697656841;
  -7.750788665628519, 3.325531079467807, 19.93587718554831;
  -6.6131099587513, 3.402837690900752, 17.35572125040874;
  -5.853979201945204, 3.436608825233795, 15.52570828254985;
  -7.423885172878087, 3.260338539516638, 19.7971431094526;
  -5.900769166833292, 3.391893586022253, 15.9645000620044;
  -25.40302664499119, -15.96682193697747, 66.20323619415767;
  -5.324424992596634, 3.430032648903294, 14.5741269310568;
  -22.16754384108567, -5.316846292736968, 58.21775760421951;
  -40.10637063904927, -26.73611154798659, 107.5895244469099;
  -5.260898860403748, 3.368624758874642, 14.93300208732513;
  -51.54637978712143, -33.36631552661483, 138.856419152825;
  -46.04248658001858, -31.66739264379697, 125.9352337075029;
  -8.799258228874093, 3.17901214451976, 24.74236470525323;
  -8.393742273347849, 3.322814844777553, 23.78014082757291;
  -54.69449875905882, -36.2732367579806, 151.2685675303909;
