m=[-6.313411786993473, 1.598095904870826, 8.474618189112329;
  -14.86671304846758, -2.686847404871374, 19.59861954523377;
  -13.41855779624224, -2.547245179740701, 18.58886837891718;
  -5.514243112348344, 1.589294192858065, 8.211789214596722;
  -7.445127898103519, 1.570472973028746, 11.06250750485608;
  -6.510185503369008, 1.574633547918277, 9.915004757524013;
  -5.153249335974047, 1.572321457354744, 8.225289772006351;
  -4.942886138141712, 1.579412989098319, 7.933179974268374;
  -4.836851785858212, 1.586360374936755, 7.786279876730697;
  -5.162556720375805, 1.566648691525595, 8.406648503258079;
  -4.771475953787872, 1.578413315867661, 7.882898439243074;
  -4.625164478198061, 1.576852155671698, 7.709245605950758;
  -5.508920751606211, 1.562813657398605, 9.03863764286087;
  -10.19552295500601, 1.155631592798783, 16.47380667350334;
  -4.554232067270904, 1.554541021151343, 8.350585167888518;
  -3.823393689128346, 1.574505704106532, 7.539943519065873;
  -4.295851141457994, 1.539686499133341, 8.757351379830791;
  -5.398432948391281, 1.508553680436463, 10.91189220522375;
  -4.082296079372562, 1.562383752408282, 8.518616644872266;
  -5.574033524580332, 1.498177173174243, 11.36187682008334;
  -3.640442375862906, 1.560900895176734, 7.928477724280968;
  -11.34096408704906, -5.304897873059152, 22.93479588433466;
  -4.990685118251116, 1.459661704658857, 10.77936392073738;
  -3.614403844780362, 1.525972486960297, 8.122177516340074;
  -11.24186762005626, -5.390424126430758, 23.41238979210575;
  -4.983451026592831, 1.475871193853466, 10.90999987891597;
  -11.40710509366679, -5.534731096699426, 24.36734999435802;
  -3.392543955906603, 1.53664926369982, 7.9150908089043;
  -11.48201183023916, -5.342405430824001, 24.63845739532882;
  -3.324688125488652, 1.53895412161671, 7.792342133063475;
  -11.53431917607776, -5.512177461430994, 25.15711420786769;
  -3.95432916233534, 1.53491638924509, 9.457517596728554;
  -3.511665944160741, 1.519472451229994, 8.649440188906052;
  -11.4669324373515, -5.369742134817566, 26.28916028238636;
  -11.55733504715821, -5.559240554887104, 26.51939462628859;
  -11.4626230681543, -5.158377348048913, 26.56167159687163;
  -11.51430667543276, -5.522582149817929, 26.89563317584337;
  -11.83534420365649, -4.721793161286452, 28.15531205263317;
  -3.5858365252697, 1.519911855044684, 9.509599494003309;
  -15.30724390992017, -8.995891606337478, 37.75494852564491;
  -3.739800079396329, 1.469981724230325, 10.38390769178574;
  -28.19867808740906, -17.2977376277285, 73.23129187034783;
  -11.92103783475495, -3.978937321909559, 31.63687026325065;
  -27.62785796107707, -16.73965266815682, 72.42909421328803;
  -30.91410172575288, -17.18159204959332, 82.85588208443866;
  -27.38996133305973, -15.55085352653263, 74.28850954029457;
  -22.64353041366391, -14.44601048597363, 61.71044978283289;
  -22.86812812826037, -13.86790138981344, 62.60805904921799;
  -21.36642308207168, -12.44248498497181, 58.79604737395808;
  -21.91364641411599, -11.80489915421167, 60.56553757244296;
  -24.85813446603887, -16.65605197593382, 68.67755063517819;
  -21.87844719182541, -11.4512722001915, 60.9997804331411;
  -24.07286041593797, -15.92658057142715, 67.14642180292725;
  -2.942129181648152, 1.512868975140076, 9.032117440039167;
  -22.59003807710288, -14.49572244252174, 63.52972335822339;
  -21.83231890848268, -8.359325004692357, 61.91139079472885;
  -23.98568492974529, -12.97513180038983, 68.66613715027087;
  -23.76760953269123, -7.541578767043666, 68.20158221578612;
  -23.14059117931729, -14.39574866462658, 67.37638992387169;
  -28.01016386260458, -14.19877101054581, 82.61152041581698;
  -24.34380155080659, -15.46780898266619, 74.3663990909438;
  -22.41398998761065, -16.84600479227925, 68.95916049150398;
  -22.29823417132938, -13.98453883947885, 68.7102051681064;
  -19.0427424641192, -12.57986403502406, 59.1545156999662;
  -22.04248150565571, -16.9642786667293, 68.95807938860811;
  -21.1299096544668, -15.62657689208053, 66.75545094990518;
  -23.0670840263149, -11.88547663888198, 76.13280489633117;
  -1.841026541665724, 1.495559357199324, 7.246220483848884;
  -6.774189371508421, -0.818253561091274, 25.06652181178592;
  -19.80058555707224, -14.1261366457575, 72.63959836745686;
  -21.14526890797339, -14.60958707368522, 77.64123283769692;
  -19.63723222212574, -14.43923140366477, 72.16698366947733;
  -6.058762781236696, 0.1028130152421609, 23.31958929831912;
  -20.38754921512784, -14.18576952934236, 76.52048981638052;
  -22.49686942749304, -16.41284279255265, 84.7581812715776;
  -23.04259264697468, -15.52643397299166, 88.0003048008379;
  -18.38373933718271, -15.897893548831, 70.7264169538815;
  -14.89290153462079, -12.54799487097295, 58.63831602256281;
  -20.64326123123339, -18.76200540108061, 81.55309605900156;
  -16.13335164589488, -13.61183369828495, 64.68073455208729;
  -17.94227445516474, -16.68874197754742, 72.35188815443215;
  -13.06674141135683, -11.8995660507629, 53.6078892016655;
  -27.38588696979131, -15.90076274011035, 112.5665598593716;
  -16.77338012450146, -12.8101871790982, 70.29622424746717;
  -16.19753124356398, -16.65743263806083, 70.7092872801219;
  -15.23853723967953, -16.0514650351621, 67.21499015649054;
  -16.0377689606841, -14.87154237511841, 71.15805305481973;
  -28.89532443307542, -23.384982383536, 128.2742277846472;
  -16.27445385269792, -17.05820185773032, 73.37982087886495;
  -18.17529191050216, -18.1815109630003, 81.85666238708993;
  -18.64453655778052, -14.15195813064856, 84.52310997928944;
  -4.647047308605652, 0.5838658566811553, 21.74478110774364;
  -17.4560515509687, -13.62193584962693, 79.88364562967551;
  -16.78159495042793, -14.78973188062252, 77.83282150780404;
  -14.785626149669, -16.28722926337722, 69.43698228006588;
  -15.14745531137768, -17.50278853000269, 71.81203443972457;
  -18.34213952013758, -16.09504901207862, 87.17020036799728;
  -4.403135884411337, 1.02516093549752, 21.67873760114939;
  -3.547299613852025, 1.492568713996482, 17.62227837775225;
  -12.95967222663885, -13.04027625525868, 63.05032960133963;
  -16.45166703333149, -9.565229662616007, 80.35255953615146;
  -15.25106572068852, -12.25143963283714, 74.65874441762003;
  -1.40495008375008, 1.493192965339989, 7.706664082369133;
  -7.351138628382571, -2.465116133154505, 36.83179292789072;
  -14.18393798780132, -15.12947146169445, 70.3894088275797;
  -14.42148821744844, -17.55724140004329, 71.80014083937358;
  -11.46265169148782, -12.002565316981, 57.60590179940387;
  -15.56347950105632, -12.88972880016236, 79.17575794428078;
  -3.214968225176953, 1.522046625103569, 17.01143253884946;
  -8.840467509304384, -3.303754861454104, 45.49442466855732;
  -13.65787477972118, -7.475641697423524, 70.11595067896226;
  -6.903384482727583, -2.458671724175395, 36.05965522763692;
  -3.699514209161364, 1.482735338664068, 19.80922931658899;
  -13.99706318970415, -18.1731785131278, 74.16366068259457;
  -2.656445600947482, 1.537717694654393, 14.89383356096773;
  -3.764696345919902, 1.61994543445878, 20.8499184838511;
  -6.67735092022378, -2.336280962653877, 36.46295393248983;
  -8.460737028792547, -3.68738185970357, 46.51427043436839;
  -6.221033291149594, -2.175939849630385, 34.72932695658025;
  -6.340983163629711, -2.521547643248231, 35.43159477911419;
  -10.36118089043987, -5.418471063752034, 57.49912879898908;
  -6.556365234348641, -2.261137172470312, 36.82345120247477;
  -6.231524764085689, -2.474592190381577, 35.96439481182538;
  -6.348827020192879, -2.739628458462185, 36.76795925757077;
  -4.553368684023233, -0.7778015393300821, 26.76374644112595;
  -13.28543630535687, -7.438265701337099, 76.64558079061987;
  -5.967190554584739, -2.307942137459627, 34.94763994323405;
  -5.843372612455963, -2.964274153539648, 35.65203390667305;
  -5.568307506427138, -3.033843648986491, 34.02289773106084;
  -12.91867131783494, -17.2295022019723, 78.13477825108743;
  -5.660986334375931, -2.626705247069248, 34.80082250498796;
  -13.92111728859143, -19.66521719691676, 85.52721232564694;
