m=[-8.98105599245206, 2.553119923490154, 11.51872857506167;
  -28.2980469431384, -8.11339704798635, 34.56246114991633;
  -8.897633666762934, 2.585786552663897, 11.57016406590213;
  -15.44640710883381, 2.839267914294198, 19.69265740265714;
  -11.23224388656399, 2.772052368018542, 14.61488079742695;
  -9.596058769772341, 2.724998372330015, 12.8462195822802;
  -11.00903319349781, 2.807662427323107, 14.73688065259637;
  -17.42636143664626, 2.721058673776936, 22.87054636426593;
  -10.06607331970832, 2.767023465124848, 13.70456383700548;
  -10.4402401501355, 2.803322345342323, 14.19634449888317;
  -13.45396733130846, 2.950129867914322, 18.1952569385954;
  -9.281989477476957, 2.810159570140691, 12.97434237402652;
  -26.32503875299571, -4.75555730307688, 35.16975222277107;
  -13.1398239803233, 2.858503997493715, 18.0730477487164;
  -26.01671928778206, 0.208640955152612, 34.90521340226719;
  -9.890967199961304, 2.731580111977926, 13.87873863527033;
  -26.1074331678945, -1.126519612428479, 35.03410032815015;
  -11.53328950552695, 2.860866760259953, 16.21817331344982;
  -12.55807586269663, 2.839088996434076, 17.58112080923866;
  -9.302127698224291, 2.790263086288828, 13.30457204589949;
  -24.58841781432133, -0.5532651953913075, 33.65990173845689;
  -13.00425411904715, 2.819818346692996, 18.4392387551919;
  -8.694588031769623, 2.797837549154789, 12.69864926303401;
  -8.88583977371681, 2.798578903812678, 12.97636714168075;
  -10.67082735965929, 2.86460741520857, 15.41709117738041;
  -11.28999403160144, 2.863430516561916, 16.3198017227946;
  -23.97520678299799, -4.552649199179618, 33.69233924180205;
  -8.329084814348715, 2.888067958869479, 12.40674122441421;
  -12.00016142298902, 2.86282964652665, 17.47514058442855;
  -11.59641691299936, 2.825545990380473, 17.15837835686135;
  -10.66985620002294, 2.861557050976952, 16.52462482111285;
  -10.01015581828299, 2.877591298929275, 15.63932207663635;
  -9.986318320972243, 2.815779227582917, 15.60437732369224;
  -9.792806933048013, 2.839855450411813, 15.41932273185495;
  -7.430571112936181, 2.846973664888484, 11.97125586465267;
  -7.475410404526497, 2.807476420353687, 12.05474697981732;
  -10.25948550237324, 2.810760405480803, 16.28968204193631;
  -8.005090821343917, 2.861069580761337, 13.22551983524573;
  -10.8969027647501, 2.851624392789102, 17.80031202041482;
  -11.99414132989111, 2.61281221119466, 19.49342647738452;
  -7.565577547110211, 2.869907533180898, 12.7270049664414;
  -18.71308297047377, 1.691664487282145, 30.19209051491546;
  -8.398357776390107, 2.849815220286464, 14.09461527077306;
  -8.178613947137469, 2.849586917761856, 13.75910004427198;
  -9.509000731526959, 2.838569510058071, 15.89761684797505;
  -9.033356965508812, 2.82487001414352, 15.22843566384264;
  -8.88124268976334, 2.908602999191639, 15.00655499841546;
  -8.922289899086078, 2.863265767802482, 15.09419041467574;
  -17.9617736897403, 1.993947368649327, 29.53500125582342;
  -9.084200511569149, 2.824997364513028, 15.50632109267657;
  -9.80257983512691, 2.81336846570607, 16.66945732924348;
  -9.583910078799969, 2.844164361781683, 16.31628365773395;
  -8.726491526534048, 2.84369390598174, 14.94650547487545;
  -9.393005138840039, 2.875974846207336, 16.04556064157915;
  -6.85236493365578, 2.86443851612384, 12.01526865432782;
  -10.00734258765176, 2.78416078419056, 17.12107961053094;
  -7.670593295930975, 2.811545130298134, 13.41735340823784;
  -8.816159633956922, 2.854204369161631, 15.2904424941331;
  -10.69650698888628, 2.781880754866984, 18.43082694836485;
  -7.148008726164863, 2.851514091828039, 12.66430546984531;
  -7.66619193145507, 2.824634315461617, 13.67237760314069;
  -7.168052759859207, 2.85851317338506, 12.86353973255851;
  -7.971504279109269, 2.785606296690733, 14.21437338306874;
  -7.827333101308195, 2.825943982445679, 14.00115557317685;
  -6.885557017205618, 2.827532548611962, 12.46019319903475;
  -9.336885388987701, 2.750092143000147, 16.58185192584882;
  -8.034697383298578, 2.804576040542275, 14.45895991975864;
  -7.852888557761431, 2.780426498825968, 14.25878501943308;
  -7.972765872636592, 2.826798176642621, 14.57824490548561;
  -6.657792643362691, 2.857537289745597, 12.4014800811096;
  -6.988550732447036, 2.848247445191664, 13.02251065817286;
  -6.402295590662394, 2.879457016340109, 12.07756462177303;
  -6.623165679479195, 2.834623054961308, 12.52276407703313;
  -6.587143345918745, 2.877338945601331, 12.53510650810491;
  -7.694666825698943, 2.804479513005507, 14.55439879427267;
  -7.33805077730641, 2.779843388508377, 14.05352759626116;
  -8.805574838652237, 2.819111281145923, 16.72154921535835;
  -8.274238568556227, 2.783040445365002, 15.93239260427163;
  -6.206130043472707, 2.837663120530275, 12.220653128968;
  -10.92480342011513, 2.701377516788317, 20.84191710785102;
  -6.836984607783529, 2.82083993454393, 13.47828538678311;
  -6.006821010322572, 2.808185466368779, 12.06197343450742;
  -6.254930235202326, 2.829080717609141, 12.56656384806895;
  -6.122155019604472, 2.81655251998831, 12.32347322441816;
  -6.681042275765218, 2.807352268000891, 13.36871854883897;
  -5.940310144806047, 2.843034424267129, 12.00721832459288;
  -6.520697231932597, 2.825527074633072, 13.12718562492796;
  -6.066610659620275, 2.858799474527674, 12.36493517414195;
  -6.194715804514583, 2.7534569498839, 12.64535929743059;
  -6.962519509465141, 2.806489650235839, 14.14105634232247;
  -7.215071214815575, 2.791184538992911, 14.65385258114164;
  -6.797102718831514, 2.807981155703138, 14.02522826016724;
  -7.156949992990936, 2.79711094917216, 14.76363300296745;
  -9.762807570759971, 2.729954115721334, 20.24840905619327;
  -9.680812691417321, 2.639846698464119, 20.17275507074656;
  -7.71725722933611, 2.771718709907994, 16.3460909966517;
  -10.0664562582485, 2.639427435862285, 21.1050495048309;
  -7.814238485987482, 2.732201749313533, 16.5937958993758;
  -9.16661795443617, 2.714176362849456, 19.51941928946322;
  -6.12336534305999, 2.771448457345771, 13.34924938810336;
  -5.383144728904129, 2.819812322079083, 11.90144352811249;
  -6.229255414748256, 2.763102197350183, 14.10733560955981;
  -5.467054308923096, 2.743506571462172, 12.53538982500319;
  -6.33683420854714, 2.758918167641137, 14.44258350258415;
  -5.663206613030981, 2.783780571197345, 13.01913538084665;
  -5.854108441493692, 2.733217834698297, 13.44088204054881;
  -6.573889246364945, 2.74596746727474, 14.99366486691935;
  -9.111496507857236, 2.629440086517064, 20.52315354945752;
  -6.539953359562729, 2.779393929077212, 15.32438152527615;
  -6.618915958115543, 2.7202620296836, 15.53221774351207;
  -5.28931210924875, 2.790855919243035, 12.60858160094152;
  -5.448967936713937, 2.751641272686955, 12.95837572529847;
  -5.090536527991659, 2.806503695940263, 12.23430368040805;
  -6.834732921879706, 2.759391342908608, 16.71541342851925;
  -8.328188522885567, 2.600555688701874, 20.46654876362378;
  -8.214637633176801, 2.660667012055134, 20.44230060750366;
  -5.857562203446044, 2.707192059989384, 15.03173562811302;
  -4.951988326226371, 2.738149221285349, 12.84959284511122;
  -6.577718075442147, 2.694576120317113, 16.82175148518083;
  -6.034232895366132, 2.710586064110628, 15.67038864263651;
  -6.124368598469049, 2.72562269442984, 16.0722780651214;
  -4.763051265644177, 2.74667002994215, 12.95725558704312;
  -4.854993498628973, 2.712696012353443, 13.34775231237716;
  -8.199543902950476, 2.559162007705381, 21.89650988839736;
  -4.732792505205615, 2.738493556438109, 13.15812299824891;
  -6.475627691371352, 2.668575516451387, 17.74520830716623;
  -4.378201894189257, 2.703910175269188, 12.48761095330231;
  -5.340184709030805, 2.730786274580007, 15.05799763061459;
  -6.832397211384, 2.607917979970444, 19.48836729284583;
  -4.211537830148506, 2.653898581198238, 12.50834152259287;
  -4.197273978662678, 2.723329113037865, 12.71158036779893;
  -4.789104863636269, 2.761577927736285, 14.42913165517649;
  -4.208826540445406, 2.684413429727154, 13.26469544582119;
  -5.194729040471054, 2.585079281482304, 16.49056170244382;
