m=[-13.93335531394302, 3.943003175660054, 16.68032617143937;
  -23.43923659370372, 2.877957459014677, 29.60722666835815;
  -22.82373691944113, 2.548602907104966, 28.85593650177206;
  -34.38559575778202, -6.164679359208733, 43.81867812583073;
  -33.65972935825081, -0.3783781177495418, 43.00906428681924;
  -32.53109372810862, -1.267268491271156, 42.57383111319216;
  -13.82729246453999, 3.93392956674149, 18.59551796462779;
  -13.97709807186811, 3.861144582168811, 18.96401442947531;
  -12.68906707019845, 3.869062576996887, 17.51528600343534;
  -13.72567973211871, 3.917951068914102, 19.07262593169802;
  -13.43280605549519, 3.844704075406344, 18.94528564227854;
  -12.13193134421935, 3.871966805795108, 17.19830438591388;
  -28.54732034222345, -5.81753406176503, 41.74963107749189;
  -28.54052193886636, -1.043924104788901, 41.97420640880555;
  -27.25991201641402, 0.5379814780848726, 40.21652727748982;
  -28.97435522338214, -0.3199404321571956, 43.44868686353491;
  -10.48995930451615, 3.874614594106682, 16.46200177871058;
  -10.24962995760016, 3.667823432665546, 16.17122707011587;
  -27.30200010212072, -5.91729999958487, 42.09303916647344;
  -9.827877967614404, 3.888749854561036, 15.79978620437039;
  -25.87912877667945, 0.9440536339038128, 40.34260549205315;
  -19.97110350569984, 2.15918372420106, 34.60699043259336;
  -9.793274146295925, 3.784576622372634, 18.26483800678541;
  -10.18201686462822, 3.73473103836687, 19.12483054100395;
  -9.748157697945873, 3.787677840379955, 18.55220627661378;
  -22.13173440563805, -0.3121039510503036, 41.75675263622477;
  -22.29210026450066, -0.5598671048180671, 42.17898662149792;
  -9.553397945629866, 3.855969358066297, 18.89325784811027;
  -9.896943335398547, 3.713127704457154, 19.57835127237543;
  -9.457347479949377, 3.729516462072612, 19.14394878450786;
  -10.76273582339324, 3.722331277823963, 21.69225785557767;
  -9.761721417893838, 3.694114639279476, 19.75950269576384;
  -8.142624644220113, 3.777596560496555, 17.05673854221225;
  -19.41097204883586, -9.38312587050252, 39.76801724846872;
  -8.422008505758456, 3.751572985636663, 17.73196760096684;
  -8.239620686466603, 3.723988124861835, 17.36765091291549;
  -8.024968106634276, 3.728637070397797, 16.95950767836755;
  -9.257607160007535, 3.762789794103351, 19.44742355796805;
  -7.879382506732285, 3.731405216912831, 17.12439553603751;
  -7.405951170797411, 3.738792900950491, 16.15188753192061;
  -7.845676135219009, 3.789030507163057, 17.09194809946234;
  -8.347122274204601, 3.779080988741384, 18.14559149959466;
  -19.04286078125484, 3.095449649699481, 40.50956350867541;
  -19.66837114148241, 1.968069908973325, 42.35569785530311;
  -9.797626016376244, 3.784250357017262, 21.64031479616835;
  -9.264636533091004, 3.685427312219964, 20.65624175693894;
  -8.001164762849699, 3.661241573336725, 17.97860691754728;
  -9.939118939432166, 3.776754385347249, 22.25252032092716;
  -7.385006624706787, 3.702179973985519, 16.87682152245978;
  -10.43969404193827, 3.884802148100869, 23.57555003169764;
  -19.69842519943546, -5.124735475552591, 43.95353587385859;
  -7.549621902696297, 3.771813478599351, 17.3865775424776;
  -8.525527225435997, 3.745524670779865, 19.70578089850202;
  -8.094022089815738, 3.663425623612109, 18.82505389481785;
  -8.210936847300097, 3.665134393564089, 19.27425555733021;
  -18.70946688860462, -2.806987847714501, 43.28523591209061;
  -6.410169074722438, 3.767006894119619, 15.37173510425093;
  -6.894581937230742, 3.672416207339039, 16.56741618553738;
  -8.122313522420257, 3.647492431278191, 19.61826631561611;
  -9.736451476475795, 3.90219181025493, 23.68248532680924;
  -8.714061229829014, 3.834817590868665, 21.32537129706606;
  -19.43561148261824, 2.822010464561412, 47.23877787792544;
  -20.6805633488805, 0.1146732333432017, 50.26531009447128;
  -19.71595421350905, -1.431783702465319, 48.11735426735856;
  -6.429906625812401, 3.648806075901889, 16.30731612048588;
  -19.61409274792321, -11.94291321397444, 48.60539896766156;
  -19.43510571607523, -8.154288930296776, 48.23731918054241;
  -19.6084721821513, -6.285779707103056, 48.85818449354159;
  -19.7359687005347, -5.449026130806591, 49.28378476894635;
  -20.5021234348388, -6.164459387949064, 51.91119125161637;
  -6.258599425100907, 3.651195590535683, 16.47260456195667;
  -5.781923262664748, 3.685189141818651, 15.43969153748138;
  -20.01660236384994, -6.75666208088952, 52.03857500228801;
  -20.51311480885295, -6.017058933261707, 53.46913582795445;
  -6.032547492488837, 3.71134563007838, 16.29642338884029;
  -19.46656741802492, -8.221390588581867, 51.28587318215914;
  -18.37752966398944, -7.542915080507232, 49.16982362169357;
  -19.86528129488453, -5.941784846411204, 53.17463126589931;
  -18.78431769139666, -12.17142261101665, 50.48290295412078;
  -19.56868105881615, -6.32245741366433, 52.51350865824197;
  -19.15736701917622, -11.86198468003942, 51.75287627004097;
  -19.09186161132357, -1.93963565889732, 51.61314217876517;
  -19.28792979312226, -5.638468348645794, 52.32974626487479;
  -5.734557865327219, 3.750651656621248, 16.08962011601835;
  -18.72095704976409, -5.828052019784887, 50.94722795762656;
  -18.94909676628562, -1.395286151376644, 51.84288536185317;
  -20.39229670774418, -12.28100089427296, 55.81025508180449;
  -17.96250868083251, -5.881537297188194, 49.779442651267;
  -19.25271313327348, -12.3266627089801, 53.34379220348698;
  -20.65490209133908, -6.305544562986317, 57.42953441788035;
  -19.34612890851905, -8.298566446406667, 54.34818355742138;
  -20.11973467799534, -8.565139873049759, 57.32000543948362;
  -17.70066461991497, 2.421145307278521, 52.10096328145993;
  -5.295443762984554, 3.719390294208008, 16.17113386038639;
  -18.52966716141702, -11.83321489968311, 55.21389909275951;
  -19.20304865364261, -12.63484803254225, 57.43055770914239;
  -18.98927853920347, -8.368724215835298, 56.97536526070128;
  -18.44082321228833, -6.553510081900308, 55.46690910790593;
  -19.50267108101708, -11.99304614308503, 59.09126021608947;
  -5.297562091876592, 3.655401369405258, 16.61454793567144;
  -19.68689548429359, -7.355952416309703, 60.33270898123488;
  -20.63941625166977, -6.838525074283199, 63.30792309876954;
  -5.158732602499375, 3.624042551196169, 16.43273241250228;
  -19.08757022077618, -8.44529489650472, 59.47813639016989;
  -7.13913258238401, 3.73418705189934, 22.70022215218025;
  -13.69007115285098, -4.596907643652341, 43.7253970626738;
  -14.20271425897693, 2.185369874242848, 45.50920905058923;
  -5.109711796973462, 3.672502739620129, 16.86248696644399;
  -6.083771290105495, 3.163592071651114, 20.51231601732042;
  -4.667909497695428, 3.497267107482751, 15.85513023381185;
  -6.551911038887686, 3.856211957078615, 22.76924007116274;
  -37.72922723061178, -32.36078558858364, 132.4636413252966;
  -28.90751316884307, -23.02912940290451, 103.3436502706774;
  -44.75092123492561, -37.92677460329703, 160.5283020768412;
  -34.74410516866498, -28.95269935730094, 125.0620778066942;
  -24.26996582507726, -10.77944784241343, 87.32647627237569;
  -37.00910163555741, -32.64589019194245, 134.3271057419589;
  -55.27227492633205, -47.27921735083027, 202.934625834664;
  -18.16576792597728, -8.6664821613331, 67.81957596057583;
  -38.84454117501181, -34.57548741043178, 144.4005933338994;
  -15.98962398922577, -7.035655682002845, 59.87063514222555;
  -38.65477311580018, -35.37381480195509, 144.4199448868036;
  -33.53909643355433, -25.9737595649369, 126.3203082779234;
  -35.70081712593166, -33.48504567633501, 134.6133523609951;
  -30.95699353791464, -24.28347120326161, 116.7899671095606;
  -43.12656720340947, -29.10614709625517, 162.9592424078725;
  -3.6919123659075, 3.672475781973187, 14.89000739929506;
  -5.169185113165165, 3.702031596173999, 20.63751288280514;
  -6.931971033813951, -2.895314490739488, 27.07054343155187;
  -35.76928320175455, -35.50057663040733, 140.9075177425906;
  -35.14220548199501, -31.78586952889765, 140.0784649915721;
  -28.26694298445843, -23.24779177035062, 115.5503748872235;
