m=[-5.772555859393632, 1.761932652219437, 7.931408812769167;
  -15.33228815017939, -2.862824406841085, 19.97288507489978;
  -15.59520518979912, 0.118596704828435, 20.39616547834065;
  -15.3481883050783, -0.6653233691106208, 20.09911985938527;
  -15.18298473466689, -2.996418231372276, 20.74077858296691;
  -5.914475279809248, 1.747099471417764, 8.676078739643128;
  -6.875213392075905, 1.730799828562468, 9.969185210547794;
  -14.49333078645452, 0.2369208753259755, 20.03289355267682;
  -7.481536111009593, 1.683881870559629, 10.87342239242127;
  -5.299033271541335, 1.721678863443304, 8.033666692191972;
  -6.966224356415823, 1.639301786192937, 10.33569830122611;
  -4.750317651613305, 1.721474719366859, 7.753021036649253;
  -10.89247445620724, 0.9770977621421493, 16.96905958088841;
  -10.80303310900134, 1.232572502133639, 17.13807138433143;
  -12.27535200349151, -0.3374812589580885, 20.10033318172789;
  -12.23688905805204, -0.4385922814054439, 20.11259957744627;
  -4.493166505797075, 1.70874587162562, 8.081786418386376;
  -4.208704809591857, 1.699594581391211, 7.938932012801035;
  -4.661688112733435, 1.69077039480029, 8.702011882391542;
  -6.743587040710177, 1.659531039704132, 12.18314316041574;
  -4.392841629822955, 1.694735587910807, 8.300636324223856;
  -4.399390717511414, 1.707162027541885, 8.38682075770434;
  -4.511480666727627, 1.693468041884632, 8.595685016231069;
  -4.228819320979808, 1.695541248687799, 8.224048590590645;
  -5.850863429657805, 1.623336637603767, 11.03483875482626;
  -11.44456478824229, 0.7326762008243977, 20.90479058179587;
  -5.532126118930054, 1.651924762544408, 10.5839470632444;
  -5.604666839746655, 1.62961875050707, 10.83905632666273;
  -5.270794966198967, 1.661059525417883, 10.35555463131343;
  -11.12570730294826, -2.522061327208808, 20.9181661042082;
  -3.869685998325026, 1.683531844965647, 7.968031462375418;
  -3.862906232054509, 1.710563029087662, 8.056863361076402;
  -11.30382406815696, -1.529773174539574, 21.83441935581985;
  -3.928570667870468, 1.67917487882001, 8.222963149346599;
  -3.556321031273697, 1.692735625762982, 7.68436421965495;
  -11.88898820947531, -0.1635231043731324, 23.79162590154789;
  -11.35502685085097, 1.076655516473632, 22.78446954150656;
  -11.53636110482598, -0.8555382808632486, 23.1843987831538;
  -11.60821139967685, -5.687411697635227, 23.58354070533914;
  -11.37910813404077, -3.903210769841724, 23.16422869220645;
  -11.48140179933881, -3.055904270233595, 23.44997282965522;
  -11.66316981768838, -2.702190131687267, 23.83410151817564;
  -12.00960307574787, -3.002116646275533, 24.71890660844689;
  -11.9353274128955, -6.018323576454779, 25.0292181336289;
  -11.95872524769331, -3.316707307463506, 25.13111544917837;
  -11.88288085423708, -3.087950296231365, 25.03806076245854;
  -11.73738840156274, -2.857486944579823, 24.74589052268695;
  -3.527872658208284, 1.671016993623925, 8.100739254426062;
  -11.71652378506304, -3.994676246722654, 24.89505489136761;
  -11.52141886490626, -3.823551093319048, 24.79218000785159;
  -11.53987778475949, -2.836818792141297, 24.82610149715037;
  -11.71491466302631, -5.979969943691534, 25.25829122163515;
  -11.43080077989321, -3.054490404757755, 24.68678327989387;
  -11.43919804497689, -5.599305868861628, 24.78768387220406;
  -11.48896637426197, 0.4405626955904354, 24.85426712223222;
  -11.48847697713713, -1.093968826641731, 24.90540900629456;
  -11.64011358778812, -2.795774177024031, 25.3090958458917;
  -3.434873861893204, 1.661261020311108, 8.112823577309882;
  -3.395453865789752, 1.689454237672207, 8.044720192688395;
  -11.76114080781224, -5.590292036277827, 25.72065389804052;
  -3.292169460931364, 1.670524822545057, 7.874623208586381;
  -11.61993348606858, -5.837485522602536, 25.62246337180962;
  -11.96718569064829, -3.187931979799704, 26.36391970321615;
  -3.573704523685751, 1.656917742044465, 8.537241017812535;
  -11.86847641622575, -4.056764153844508, 26.42845661775595;
  -3.535738785194297, 1.689183544098168, 8.570244340906481;
  -3.228765329897955, 1.65179953812362, 7.932428973329082;
  -3.340154684880511, 1.663947480339505, 8.223002211783767;
  -10.87832699483827, 0.895125081526045, 25.18757170049637;
  -11.77806591490631, -5.812954732678393, 27.39501564075743;
  -11.69998451914314, -5.941086223142028, 27.25460023867457;
  -11.67788921506698, -5.546555759384606, 27.47808479467426;
  -11.65691120005226, -4.029991124229518, 27.657368446444;
  -11.79483272809103, -5.988409369028696, 28.01256763089183;
  -11.04122367183393, -3.245589829074582, 26.26368714716104;
  -11.53108517103351, -3.033604125872032, 27.39726430375068;
  -11.72293839646488, -4.035157542206552, 28.12830245007608;
  -12.05269699413263, -5.13311940403622, 29.2458265641748;
  -4.000050604475682, 1.628253742237718, 10.34227029128323;
  -3.020497514182363, 1.646461159038527, 8.302287507030444;
  -14.73673233474422, -9.050494269788381, 37.36432443141789;
  -11.67038466738241, -2.734114106027827, 29.8834045250917;
  -2.711414975505831, 1.642578739887469, 7.830032271972757;
  -4.579801587581417, 1.569451781377957, 12.79522977949013;
  -4.386057067354876, 1.641147845327975, 12.35120614179093;
  -11.58272464375262, -4.125705811790452, 31.57884755376296;
  -24.41832421310359, -16.10753373396055, 65.72097792010057;
  -23.16612623407064, -16.0709887231468, 63.37302491727706;
  -2.713639217619178, 1.640520974866132, 8.259280526239888;
  -27.52119154731421, -16.18709459992745, 77.23990914595035;
  -22.58305057250213, -15.2586933675979, 64.20336304778442;
  -3.090697283728013, 1.642331484448087, 9.562001184266213;
  -21.77473066060914, -14.08404083583899, 62.28692021967787;
  -24.73098770979188, -15.33137834759777, 71.01130756126983;
  -22.66211072659373, -15.9597632890173, 66.13217819218039;
  -21.00762226779762, -14.32802483335227, 61.76158454528226;
  -21.26781119214502, -8.769308570278138, 63.11285538280874;
  -21.33997271823498, -9.119382314765652, 63.34150409575565;
  -23.08156495757593, -13.34356514683273, 69.25046881388261;
  -20.89563167450526, -7.135769485231455, 62.84359666721206;
  -22.00843250394021, -11.27176265240429, 66.25245828955559;
  -22.9730896558879, -15.3122834806213, 70.19375995817711;
  -5.756601562659127, 0.8979578090088493, 18.53873194005793;
  -6.05428340874585, 0.5269344856371344, 20.11138146325199;
  -19.75980892151216, -15.89604226588117, 63.95164743713404;
  -20.36953024218322, -13.66393350212555, 66.00910866381668;
  -5.424203645102921, 0.7913083020674572, 18.21060039014238;
  -19.69343538932255, -13.99367602215768, 64.30735862957204;
  -19.33155686406633, -15.92237102183296, 63.65932286385542;
  -5.249986699619533, 1.151432768295486, 17.99052643310076;
  -19.62164365908772, -15.54402477978399, 65.25989215938952;
  -6.371651311792823, 0.4964165477955762, 21.81369074369946;
  -5.632483661477433, 0.3638949258134823, 20.15985292072656;
  -16.13040940996384, -8.956673070753038, 56.30012108274296;
  -5.041410522002866, 1.162953391509491, 18.14402892622361;
  -17.2120294608327, -7.128611418340959, 60.33878154498807;
  -5.486849361266444, 0.5764019730735455, 19.78424331704384;
  -5.485874047122771, 0.6576069766246385, 20.10023232349352;
  -6.578751644724205, 0.1073458460966946, 24.11319804639106;
  -4.90816152263687, 0.9270569369535326, 18.53705759934448;
  -16.17231139305824, -15.1273054977342, 59.63569842811817;
  -6.483718215758165, -0.8749843320479908, 24.93204175281164;
  -4.949557452994646, 0.5504641012694956, 19.29146936640858;
  -4.56399078683538, 0.8786313777324826, 18.21090800234377;
  -5.319485406785763, 0.5392262231238543, 21.14165942579437;
  -17.15858314526147, -13.29476061584623, 67.00654022421766;
  -15.86573149882914, -12.67142158182102, 62.07453462333884;
  -19.48831543063017, -14.62563759949035, 76.23241472071111;
  -6.193406309212096, 0.1050281561508304, 24.80051727953679;
  -6.32525334813843, -0.7837104956832001, 25.38029140159512;
  -17.81329272267466, -13.65901261506244, 71.07993307100512;
  -15.97260940243999, -12.09845396505482, 63.96104179325923;
