m=[-17.12569016826957, -5.122289180046047, 20.37394940379449;
  -7.024544542405945, 1.412415742817521, 9.323321137807763;
  -15.30061441724632, -2.873297977079899, 20.0161135236018;
  -15.70986847557695, 0.1500006831751398, 20.64021913179295;
  -15.5217029688091, -0.6507770353677688, 20.40765290422124;
  -15.91231957583352, -0.3578224040103309, 21.26187833743546;
  -7.059941723778388, 1.699018626876051, 10.01018224165756;
  -7.410033625261036, 1.729437499880777, 10.59389739235284;
  -15.17798967305859, -3.01646268385783, 20.83830828519556;
  -14.85915093732105, 0.2908248886517247, 20.62647999815911;
  -6.985947110396553, 1.71221388548433, 10.18435199436318;
  -11.00903576038619, 0.8566150416033496, 17.13657415879389;
  -10.86046196098406, 1.29412572680522, 17.2578821612001;
  -4.923029312967049, 1.754949564114809, 8.742872146883654;
  -11.02812713042261, -4.543775177313635, 19.64445939909287;
  -5.500976803376717, 1.714063957455541, 10.38839526635228;
  -6.561846451766276, 1.753249763570218, 12.23886832682728;
  -5.613301777993199, 1.702427020201845, 10.72625163161738;
  -10.93805654530494, 1.305047778300685, 20.07924245536015;
  -5.948784028165133, 1.688528189072258, 11.37250077442261;
  -11.49391885729363, 0.7798223694640889, 21.19505387415111;
  -5.214046051474377, 1.714494075886319, 10.10636977159392;
  -5.400179811885473, 1.682561041803187, 10.66060643415392;
  -12.11891805436338, -2.820078860265869, 23.01937118595596;
  -3.893426682756909, 1.743681552904331, 8.157625661842111;
  -11.38225284163736, -1.547715654925842, 22.23759895171344;
  -3.80927185783699, 1.744113169177645, 8.235096156931222;
  -5.203243690758508, 1.687426095184119, 10.93567032417639;
  -10.87936411515865, 0.5375838640783837, 22.07487569848695;
  -11.4727242358915, -0.1163515144053116, 23.29569373675044;
  -11.3089691761207, 1.142384483561943, 22.99296951680957;
  -11.51903395204914, -0.8408882089122167, 23.46467814886392;
  -5.094782178486851, 1.721976558116719, 10.91657757278047;
  -11.54018829613987, -5.784362800876607, 23.77431214049117;
  -11.48403708761097, -4.020171374090832, 23.71395699242939;
  -11.41413156604962, -3.091115884988077, 23.64606836088377;
  -3.901287051071349, 1.742387351318782, 8.673687136780687;
  -11.92505386837377, -3.032793506203877, 24.93072136554158;
  -3.604793947438609, 1.724885493334616, 8.178235328463096;
  -11.68777563475936, -6.025846619628514, 24.89823337127826;
  -11.61685485543676, -4.050549885434588, 25.08719143899983;
  -11.65370952513025, -3.968778640289102, 25.48227058187864;
  -11.51142294249726, -2.878799909105271, 25.18024781448704;
  -11.40586360448934, -5.971384623497582, 25.00651511972052;
  -11.26330208555141, -3.049846848835094, 24.72256619502965;
  -3.450138800327745, 1.727785190893481, 8.209398514050273;
  -11.4857403718582, -1.090386429385609, 25.31905071174544;
  -11.47908280043571, -2.811241355490286, 25.38456428416292;
  -11.64076858983862, -3.023144428779207, 25.79750014775121;
  -3.297293057801967, 1.723579787711612, 7.955865994992555;
  -11.57692339009637, -5.636608098064215, 25.76381349104095;
  -11.62067486924077, -6.006727641111916, 26.08885527148727;
  -11.7550099986502, -3.190663826657384, 26.39311165942897;
  -11.48054938891868, -2.914843621056368, 25.85127333959371;
  -11.33764296564887, -3.91609001002137, 26.04055061181948;
  -3.164228554194796, 1.740605338385661, 7.928861256012938;
  -11.49762416431947, -4.220241198227954, 26.72619025698707;
  -3.481618140314345, 1.704481998135121, 8.712577068676771;
  -3.114381102687479, 1.720551920205373, 7.948144619534674;
  -10.64691586700808, 0.9126869151338043, 25.13419550443356;
  -11.6758129784496, -5.919565145160689, 27.70425774530835;
  -11.61796029125355, -6.053769914222574, 27.62643303245633;
  -11.58043346098706, -5.65432842971478, 27.82658842003555;
  -11.2715067145554, -3.986778725994607, 27.32512074311366;
  -11.60411537736525, -6.055080864056037, 28.14849228214428;
  -11.60079667789858, -3.500612863239421, 28.13996965298681;
  -11.37550402612694, -3.061544459935199, 27.60745201008792;
  -2.926414717434704, 1.717966924256986, 7.761329456304591;
  -11.6258047800192, -4.106754236078241, 28.51334750523414;
  -11.99958214970025, -5.258359900106835, 29.84465319658276;
  -2.951868941455349, 1.696800035083217, 7.986265953898172;
  -11.39334202718489, -2.732672990448702, 29.92189072436866;
  -2.963810328446786, 1.71963761143476, 8.602698037234562;
  -4.443142195987078, 1.605226558134373, 12.49353545389457;
  -4.254216944860653, 1.684108798786008, 12.05253565874417;
  -19.80584356275288, -13.20317032826099, 53.13124215013703;
  -25.56198205988961, -16.54644152350421, 68.85925471281752;
  -24.81233521313937, -16.67014478956332, 67.54369323300183;
  -2.637208178934468, 1.689296536399404, 7.932732488480068;
  -23.3558942351713, -16.06386466566604, 63.88295284274434;
  -11.53792464974065, -4.197142392568082, 32.31155574340303;
  -24.05145429372476, -15.95085640720917, 66.51910375962318;
  -2.58989185764274, 1.682944291008718, 7.99036672301037;
  -2.993830350047189, 1.686890177460981, 9.23425280783944;
  -2.661435738584234, 1.691011099960478, 8.362246899593052;
  -22.24338879404539, -15.60503902944858, 65.63899542516134;
  -20.50895800644615, -9.320774864904848, 61.33838369628846;
  -21.68425899056319, -16.04910526149248, 64.96641791655854;
  -28.16881297027575, -17.16956889212507, 84.23407384466982;
  -20.20816985357803, -14.76742909203321, 61.29011119776284;
  -23.0544211892714, -16.26689563188247, 70.28348002970118;
  -20.44817735964938, -9.044010621474888, 63.04367961723131;
  -5.603876112594657, 0.9208076933928221, 17.95132191430118;
  -19.16051872294779, -10.06501309783293, 59.43239049151885;
  -20.89231204635526, -11.18006695746019, 65.60523825326645;
  -24.02834888175046, -13.63948748161884, 75.70969213222651;
  -21.38691848234351, -14.83253444280582, 68.01122491876411;
  -19.89522001185411, -10.83481647273095, 64.91770996083243;
  -20.8858242642297, -14.85561520508939, 69.10009780182365;
  -5.911023605379465, 0.5684278932418097, 20.17655930136665;
  -5.312402433340268, 0.8395013206742528, 18.28022386819653;
  -5.288983363521914, 0.9635662296855683, 18.24125019138461;
  -19.99514963923257, -16.78516396780779, 67.4574827294995;
  -19.77245440669769, -13.77885322196226, 66.72540547714088;
  -23.77965895892115, -18.57353481916605, 80.01005849200386;
  -5.311891071836473, 1.251231982657898, 18.66887925106656;
  -7.263282515218367, -1.514518276984389, 25.32527512186454;
  -17.67875412927128, -12.48857344604969, 60.12153237185252;
  -18.40771149516132, -15.81844906030499, 63.23483951166718;
  -6.141025172563817, 0.5610540211959347, 21.71170547163095;
  -5.11613968127948, 0.8132150242765075, 18.28458760715001;
  -18.78792099394797, -15.52641494371933, 65.19995469561832;
  -4.89473330411821, 1.214337606627678, 18.12397401573603;
  -5.412108125094329, 0.4010638986813125, 19.98155712788066;
  -5.486023999584137, 0.2966902526588517, 20.59734610244331;
  -6.659440624826928, 0.1555664853039424, 25.30569861849491;
  -4.71219912621741, 0.9667607946677672, 18.35745020214827;
  -16.02916273099759, -15.72486673570308, 61.94053732969429;
  -2.019879760699439, 1.668575504080538, 8.584293011387969;
  -6.297466025849326, -0.8673541471696565, 25.16965398851959;
  -4.747494838713954, 0.5869331101796079, 19.16242386975126;
  -5.174538762419726, 0.3256937557692897, 21.13110844056529;
  -1.932816320782075, 1.664913652398592, 8.375026827690213;
  -4.384502025747262, 0.9165872691068009, 18.1005532166093;
  -2.117970088685209, 1.65654628884364, 9.152049470953193;
  -4.986115261609334, 0.5417608659338167, 20.57446278910886;
  -15.40094956907255, -12.54496347775863, 63.28074317958735;
  -13.76275849580217, -11.55573323536735, 56.6510011470664;
  -5.843193926791151, -0.7367661738319752, 24.46792141981017;
  -5.807412986230028, -0.7255956430511953, 24.39232270552348;
  -18.40602490588326, -14.5273656742549, 75.76889354494857;
  -14.31926155083474, -11.43414154898553, 60.42451117332929;
