m=[-16.41454063015832, -5.133868121688423, 26.0069860301398;
  -10.86476069671523, 3.524544365913623, 19.34205600492713;
  -11.09015384187087, 0.5467529709608801, 22.15336585817122;
  -9.981561457611052, -2.756055328682227, 22.97173670345596;
  -9.768255075225289, -2.938091390284975, 22.73536748361684;
  -9.860386100706174, -2.466706285699377, 22.97057225010049;
  -9.957629389249071, -2.729565009991643, 23.22453972115824;
  -9.695566684115876, -2.374236179374477, 22.82494582615;
  -9.771862436319518, -2.527519638559004, 23.01185124452796;
  -9.73172972718816, -2.838933834347341, 23.08442834596665;
  -8.998698340262076, -1.976050928265167, 21.79537902306524;
  -9.438842321187064, -2.367291401013166, 22.82771815708951;
  -9.523599632022014, -4.230256469023774, 23.31163063317324;
  -9.370832323658322, -5.262148271877123, 23.05552917545753;
  -9.355154685343694, -4.392506428142822, 23.05130480236512;
  -9.432328002045521, -4.936494400201581, 23.29152735702813;
  -9.476093306944298, -4.325439466739805, 23.4470665480626;
  -9.439868675166711, -4.579036213087844, 23.41498628298846;
  -9.004200450774022, -4.975423089408803, 22.48862778440887;
  -9.268588753776925, -3.570487881179196, 23.1508586489;
  -9.052629331546093, -2.994384941932222, 22.75902711317914;
  -9.132042804403454, -4.122744984615493, 22.96735650858079;
  -9.114615869761257, -3.158561254305192, 23.10349798762507;
  -8.988660599169434, -2.794840387872704, 23.05406593534496;
  -9.187477060969529, -4.596299852501802, 23.7310208674787;
  -9.177377742826442, -4.974205528628639, 23.77798015589364;
  -7.378313739537139, 0.6462783207432149, 19.38970699794677;
  -7.454880095018043, 1.097590704168104, 19.61128975820541;
  -7.581240700972181, 1.227819360292813, 19.95539788548122;
  -8.986302969046644, -5.086905185384252, 23.56777931525881;
  -8.846458127076737, -2.665496285999259, 23.23842262600205;
  -8.572541787338443, -2.472750316413824, 22.67411396256157;
  -8.675011160852558, -2.799493608982009, 22.95771195041261;
  -7.357611079731452, 0.8425524979517527, 19.68296122177243;
  -7.336061477196771, 1.267424026231742, 19.6393280916731;
  -8.489944348336085, -2.915074216029533, 22.72779754146807;
  -8.676966157269257, -2.550472195738642, 23.20055033798921;
  -7.257585717698547, 1.250571465221078, 19.69898537589483;
  -7.304509933712883, 0.7418355923071536, 19.89123293879257;
  -7.181334485407164, 0.654753902811388, 19.73560337726116;
  -8.737037285617932, -4.981201400811388, 23.77020557816934;
  -7.113616224710087, 0.9428878265811036, 19.66736608866159;
  -8.710453570494396, -5.081115474867729, 23.861802971448;
  -7.671755849731329, -2.855924548027629, 21.44603820238372;
  -7.609554361643641, -2.749794583334126, 21.45402468453119;
  -7.506512853171264, -2.199500782205941, 21.60638867025383;
  -7.320942047699422, -2.812049865654837, 21.20338313997306;
  -7.475211104247703, -3.439476578449675, 21.96296212627752;
  -7.906451213280401, -3.767746951820262, 23.16351039560815;
  -7.679927824806242, -3.173519093787306, 22.66366465284771;
  -7.188860143441877, -2.965879181791796, 21.4339844902094;
  -6.811139970488875, -2.399839632728738, 20.45840115329484;
  -7.744104623236274, -3.693315543208148, 23.07300510140754;
  -7.248298093607918, -3.14543925926544, 21.71067312346555;
  -6.836832279859922, 0.4589702322690874, 20.62863510654364;
  -7.72925763762979, -3.777120063640917, 23.45189537856697;
  -6.796870826047178, -2.394300137975266, 20.83877739641173;
  -8.043517988621495, -4.556992821270027, 24.58392863670376;
  -7.85154071086355, -4.039350606720609, 24.06168369354126;
  -7.654226799305246, -3.699763551891795, 23.56247665447168;
  -6.880606908689753, -2.804462526287417, 21.37796294137161;
  -8.086215520354868, -4.979364756414617, 24.90475629747527;
  -7.245161545630059, -3.057185350917172, 22.51997768021266;
  -6.533179443792591, 1.10121519135156, 20.44211670077281;
  -6.75406557868191, -2.4425447540861, 21.11890501927396;
  -7.582503735137351, -3.8015483282386, 23.72996224371647;
  -6.853312375599575, -2.939863546742343, 21.66215975826459;
  -7.75636990236742, -4.47563673214249, 24.3240500491458;
  -6.579514404545252, 0.4487523334086058, 20.89682219894145;
  -6.583272934699068, 1.271154723181837, 20.90252810361749;
  -7.416081142208376, -3.997655891552637, 23.42841397191177;
  -7.533479775551824, -4.424296291828724, 23.96091267298786;
  -7.438625123805995, -3.93740977721242, 23.74466240074289;
  -6.643241742980535, -1.269532008675936, 21.64210149332544;
  -6.506622004736686, -1.621878516092581, 21.23798388587503;
  -6.8895554884869, -3.70439416057145, 22.52975929790959;
  -6.178941048306824, -2.318421518816403, 20.75393196274934;
  -6.444047210259969, -2.959140504762756, 21.62296489772553;
  -6.359288984490339, -1.176317736495218, 21.41577216288946;
  -6.237416801731371, -2.067542543163919, 21.05632812810625;
  -6.646716254178312, -3.46130221528684, 22.38009751440288;
  -6.253994873129, 0.4615791930882219, 21.19365651606545;
  -6.126335951158858, -1.623211138383611, 20.85238564905116;
  -6.284042134934993, -2.419946449167505, 21.53663417787119;
  -5.920181227936022, 0.58441694835075, 20.34743249216686;
  -6.16964184771885, -0.9907657156405291, 21.34872459458742;
  -6.354877913945075, -3.54772619241822, 22.19086469373186;
  -6.173285796409752, -0.9153892391958657, 21.61605686082971;
  -6.740259404862639, -3.343303035963079, 23.4882020740535;
  -7.611866428834351, -4.788988023684691, 26.42534154590087;
  -6.102824558290624, -1.117583700366709, 21.52391673791793;
  -6.532783797707258, -3.498318448236214, 23.07858601925149;
  -6.471684796767424, -3.688417915487759, 23.05462352185235;
  -6.144790188081649, -0.3269388271108096, 22.0162581664718;
  -7.260806675402196, -5.180854668141562, 26.01701057683653;
  -6.645716746322211, -3.853911764113103, 23.99160019386591;
  -5.947847274406287, -1.349901112724766, 21.66714971538172;
  -6.055646179420836, -2.022322870198969, 22.07916165278501;
  -6.034095339574469, -0.2553929191191715, 22.00608054553642;
  -6.291795316379077, -0.1216916797544507, 22.88179316997712;
  -6.435737066764392, -3.187260133360494, 23.46589111212455;
  -6.561366155471763, -3.402299179768526, 23.90926900227714;
  -6.450526544695428, -3.546716903151469, 23.5586899358326;
  -5.626789435702037, 0.7872763075568549, 20.74571426722405;
  -5.801100284180263, -1.626488374501938, 21.39537271413208;
  -5.983744995568855, -1.151545578011298, 22.01854083112988;
  -6.523477878790753, -3.692667834481367, 23.92358296091681;
  -6.233957594112739, -0.3893049848815058, 22.96234096330564;
  -6.130245465022209, 0.2983297442238794, 22.73117902587838;
  -6.217034821585775, -3.422702935698089, 23.07941344959388;
  -6.150289844345945, 0.4032751371952344, 22.8257266513734;
  -6.002828434685293, 0.001704769216086088, 22.32785484876929;
  -6.501662879707667, -3.445161102251281, 24.0925026054584;
  -6.387673619688268, -3.821841664723062, 23.77529362570687;
  -6.181327603979618, -2.975963854872646, 23.1171047881898;
  -5.854774289885212, -1.09554290487057, 21.99366203180169;
  -6.148552766858697, 0.5503751981352317, 23.08296069631481;
  -5.509885507816112, 0.7878107752815245, 20.97969804898829;
  -5.843165002980214, -0.9523259875570926, 22.26809582201936;
  -5.812777796047921, -1.098171126795606, 22.20441310257726;
  -5.500295042809397, 0.888879367343093, 21.09958711408703;
  -5.782449888198637, -0.7597136026184265, 22.11885443661532;
  -6.101242028692916, 0.526471968345576, 23.28877647571186;
  -5.876015363100685, -1.71349321914364, 22.63658130226577;
  -5.87781533373271, -0.5420021238740588, 22.65281806825622;
  -5.780681945919861, -1.855837663954809, 22.32897728928552;
  -5.191608880913756, 1.796062817915882, 20.20660334885317;
  -5.778779474354431, -0.6640648504663098, 22.34340703992859;
  -7.040414395777705, -4.761983300651226, 26.90283141879208;
  -5.023976624870793, 3.227938401378903, 19.67439104905486;
  -6.026081235592759, -0.1028915645480406, 23.44361544294907;
