m=[-23.70820049469203, 2.802911513133847, 28.97251274797359;
  -34.27330207135583, -1.246509465445222, 42.91562748835118;
  -14.63344631861569, 3.867854252569662, 19.48891965684848;
  -13.84670490307809, 3.845432780981188, 18.49118103850996;
  -13.45072284092525, 3.90516670460682, 18.27101798002989;
  -13.90072404843851, 3.783748861913747, 18.97163023867346;
  -30.69675105712875, -5.941999777907627, 42.84707790584218;
  -29.46563499586684, -0.9960890211327746, 41.390656394532;
  -31.3492900558257, 0.6318618702330547, 44.11460894860711;
  -28.67118314215565, -0.3030508338379697, 41.05480028841352;
  -10.61926691716552, 3.796059501148558, 15.90548507608779;
  -29.0876379145908, -5.969850276109415, 42.74152207578732;
  -27.2987685197133, -1.212777456447026, 40.55047753190632;
  -28.18448921422872, 0.9911636691196071, 41.8929338862724;
  -11.48802895777048, 3.887788953052275, 17.79255231927377;
  -22.18534451114088, 3.233293100235448, 34.02124025339143;
  -10.13782984771126, 3.786758232944671, 16.07796633181555;
  -9.724615371149497, 3.80292059203658, 15.77650539319784;
  -20.46013187795914, 2.132332609733421, 33.86008801253588;
  -8.997338438901998, 3.817529995966138, 15.67352190353592;
  -8.935012245041749, 3.874028677896798, 15.65848236127537;
  -8.934948156810147, 3.798996770469755, 15.84238788980903;
  -11.05954746097541, 3.805792319246295, 20.13408659190417;
  -23.8677612283383, -0.3114787555972988, 42.62728570405342;
  -10.34450456105362, 3.753547612222351, 19.10667414960261;
  -8.203074995294314, 3.76498611292106, 15.6316980554195;
  -9.713454116592194, 3.65892245339145, 18.63642938838423;
  -10.84584605993662, 3.795638630875927, 20.71123638005663;
  -7.804457623944773, 3.779101061375376, 15.40912528900815;
  -10.46474114875374, 3.693201673664849, 20.43970289829381;
  -10.1795529999037, 3.743000203376475, 19.90656878051226;
  -20.10242730500256, -9.100549969400431, 38.91222493448121;
  -9.77410818152417, 3.693183573904733, 19.80017663116529;
  -8.653326462905266, 3.734454482993971, 17.72409493023704;
  -8.442628645260953, 3.699816186672474, 17.74764039119388;
  -8.820583669523497, 3.70272147987223, 18.51419610043672;
  -8.137807918099135, 3.642923306383913, 17.18113188756068;
  -7.208035194075401, 3.725057891768221, 15.37913828561253;
  -10.21010596131064, 3.76039429220219, 21.78822993548411;
  -7.136320714093875, 3.74604600008237, 15.49233417444739;
  -11.27977974785701, 3.95250062282644, 24.05768531657361;
  -9.621588347751333, 3.706591622331134, 20.91286031136978;
  -9.974181730922773, 3.676874488313628, 21.67693019142833;
  -7.981529166755104, 3.692640624055209, 17.60074582214535;
  -9.091948093087883, 3.688360001077332, 20.13812061538658;
  -22.64629967794731, -3.139651059122, 48.95491440347889;
  -7.681596497463823, 3.732951932359432, 17.21480189814722;
  -9.207154221164467, 3.839591189065534, 20.49010624248834;
  -9.079630472029242, 3.735316235330303, 20.39035257825034;
  -9.923709444535495, 3.804031999687509, 22.58641566705715;
  -6.814858095884023, 3.677806401909084, 15.80964170407177;
  -8.867570385830527, 3.664500215044279, 20.4527518968456;
  -6.400515373588344, 3.708410916905747, 15.01800146658215;
  -20.72155374929032, 2.79341565576991, 46.96960038909043;
  -20.47985088607572, 0.1251360637292415, 46.4239029772336;
  -10.17299807816103, 3.758297555613364, 23.49395294481285;
  -21.13725509424708, -1.4149822232693, 48.06773636418096;
  -26.2221720432208, 2.006024511716575, 59.49285968856901;
  -9.207911960436736, 3.724499432291156, 21.45507895354184;
  -21.25867420860213, -11.94183879495419, 48.9946354408558;
  -20.54676528720511, -6.074825011363995, 47.63856331630173;
  -20.62882210117169, -5.24850985215141, 47.92176198402579;
  -7.153157568018409, 3.77573405733745, 17.35584033314121;
  -6.552845251797815, 3.639900749092851, 16.26333826025396;
  -20.87633607906809, -12.14019128375246, 50.1427179583977;
  -21.30887317369175, -6.61471790473902, 51.34162308970897;
  -6.882273341823624, 3.657792876059889, 17.31902232921019;
  -21.12948152035398, -8.19185964506605, 51.52987494634964;
  -6.260043818282941, 3.631187299505577, 16.0341027530157;
  -21.59845223029487, -8.166245655147513, 53.44015093259993;
  -20.71364257621038, -5.686064406461567, 51.28672233550428;
  -5.925323465282302, 3.689105484089257, 15.27067180132313;
  -20.07106679480015, -5.975740137736943, 49.85089465205837;
  -21.78433663611955, -12.95688977244844, 54.08598766031754;
  -20.44551805908385, -1.890670834782616, 51.09678094534863;
  -19.90352528342665, -5.326771861710006, 49.91782227271924;
  -5.886559037894059, 3.766935957065219, 15.37561948120776;
  -19.96117368428324, -5.688512995689794, 50.19963246997123;
  -21.37814424393658, -11.78406592517441, 53.96257998455806;
  -6.107434668473593, 3.65417238626334, 16.02494761776237;
  -21.40208663540543, -12.55103637343111, 54.65990620619472;
  -21.05439168571127, -6.309666912539898, 53.79734704069873;
  -6.264376720397968, 3.711340582002312, 16.75080222971968;
  -20.9013316113869, -8.185969532854053, 54.0623062145313;
  -19.07390953838861, -7.413366620314635, 50.05113005751153;
  -19.78683532985734, -5.909708505746575, 52.86344048530968;
  -6.332127859107785, 3.663263222125132, 17.48504814602854;
  -19.29299703889581, 2.421988081226179, 52.16711382835209;
  -20.0987943883017, -11.65977991876629, 54.86120616773327;
  -20.91478958091094, -12.50920446698126, 57.2631097717135;
  -20.15276342975564, -8.067601389376709, 55.37665414124739;
  -18.3691122287737, -5.918444221997122, 50.65254025377487;
  -20.5748368125969, -11.51198293988935, 57.05068671451505;
  -5.760902865596906, 3.633542922343716, 16.6480085341206;
  -15.0806758313208, -6.036807174333359, 42.22424748839271;
  -18.11263627649699, -6.131744157360482, 50.81411623665282;
  -19.80710030708453, -5.954020199609627, 55.55211886920628;
  -7.941377831341841, 3.733053062389147, 23.477213932284;
  -5.717793313084212, 3.59865818474919, 17.15367632667685;
  -20.14151457712373, -6.017289349975938, 58.35740046000992;
  -5.60812702816979, 3.590528190346918, 17.34878857870897;
  -7.953767290769044, 3.725434357926677, 24.79168875870839;
  -6.906944432089074, 3.557346674666035, 21.63023434691299;
  -5.44895438654025, 3.628759687777873, 17.30860716308191;
  -7.010150706611629, 3.673736741510891, 22.49634174397009;
  -47.12625549994478, -35.7908258578077, 151.1277368993835;
  -46.99104780348381, -35.04099712327467, 151.0895923335562;
  -55.13462307108776, -42.12435345467564, 180.3267625992003;
  -6.013903350616291, 3.75112652505468, 20.3805722392067;
  -46.04294545373811, -36.58644033794987, 152.4756056131567;
  -19.63151718178835, -8.338807081881596, 65.68159490298223;
  -36.00132278228125, -29.33396073984321, 119.806003064789;
  -11.27115476235901, -4.363983187784712, 38.03295261158216;
  -35.3555997253091, -24.48494754745218, 118.7464519890566;
  -39.2754952634638, -32.72800603874175, 131.5724558577177;
  -41.77311733500252, -25.08241953489505, 140.37464877771;
  -44.08957476228591, -34.69538120561999, 148.9839650294412;
  -60.57076414544792, -52.206960602, 207.0201378315016;
  -19.77294591426024, -9.310296403759608, 68.54593275679545;
  -37.4431246027284, -29.91796674110454, 131.9023541320544;
  -4.146835109751699, 3.577118034053834, 15.41513693781898;
  -42.00396602755286, -30.52595375631253, 151.4973337249405;
  -3.926489906920569, 3.664037941087942, 14.89527701327169;
  -44.65193548468928, -33.65316794914698, 162.0491244133294;
  -28.07841012633665, -23.76377926353423, 102.27245465427;
  -41.92268731858589, -31.15075536007715, 153.743184550135;
  -36.02126270667825, -27.94574967422115, 132.8261845172862;
  -42.62843925626903, -23.02179557967866, 157.9377654424847;
  -33.76195605608934, -30.19264670430621, 125.2611650571691;
  -3.796351101730143, 3.585331472444608, 14.77549140825429;
  -53.44364751624168, -39.36280749799694, 199.0699744466148;
  -29.98644929601717, -24.83423239108533, 112.2016079793641;
  -43.82753508584719, -35.34752485892619, 163.8641713414479;
