m=[-12.24049427016968, 3.760984100154874, 15.83936376078112;
  -12.10532953083573, 3.68711404960647, 16.50673458219591;
  -31.36443387315108, -5.852374357054567, 41.47868975727218;
  -31.82442952604279, 0.5170221690472497, 42.32941655442871;
  -31.19396127727173, -1.179289069337252, 41.50995808653516;
  -31.95514404281352, 0.4628341320349017, 42.54348035783959;
  -12.8720296507585, 3.594855365055389, 17.77548591871094;
  -11.24835349304363, 3.617103024409688, 15.70451633981625;
  -31.75731281055622, -0.5216787070689706, 43.00330955668849;
  -11.57463841965402, 3.62423636689239, 16.25664281287782;
  -13.71360081750602, 3.485065735840764, 19.21301591596041;
  -14.15587967375364, 3.494120045608455, 20.07195995619316;
  -30.33317008217228, -5.991889254635377, 42.18056199743465;
  -29.92049902674927, 0.7865223992052014, 42.07209068218062;
  -13.7274855865184, 3.5755438518823, 19.7946284739576;
  -11.22475927789401, 3.689608610307574, 16.53578770880359;
  -24.11184621014677, 3.150813559433984, 35.3764074581804;
  -9.773069405575207, 3.632667448279138, 15.22425221370829;
  -10.49487142305563, 3.555575858586646, 16.32428422361337;
  -11.72833014618913, 3.560555721178305, 18.14715467162506;
  -10.79114808557523, 3.608998500170686, 17.20988179989226;
  -9.549639786094851, 3.571428600066534, 15.39178199339985;
  -10.33512781841647, 3.604853343674114, 16.68175029457946;
  -21.60872399185685, 2.251578528612222, 34.04948914189563;
  -21.35775114786421, 2.749586772403378, 34.30861456392859;
  -9.175420907628038, 3.557190209136858, 15.8948398787879;
  -24.47706038362695, -0.9220620220987388, 41.01633976935307;
  -11.28095895838405, 3.427961787237388, 20.1384788043159;
  -12.97142741407395, 3.547368525172376, 23.28171761652465;
  -24.71593343678091, -10.36141996135151, 44.60464842355399;
  -11.50553130262166, 3.541197297993096, 21.40339681857086;
  -10.49049518058769, 3.473004775926845, 19.73019961209736;
  -12.48862039801991, 3.550287569933933, 23.365495462364;
  -10.72451579440113, 3.461125027956103, 20.44676281571561;
  -21.6640606169886, 2.821934777583512, 40.48237013729255;
  -23.08555248147762, 1.793273234980583, 43.3900217163564;
  -9.873351291642274, 3.448337072608487, 19.05041444388152;
  -10.34115735545383, 3.421305800102344, 20.37006617018495;
  -6.956179890366922, 3.482224519529793, 14.48098409279829;
  -22.6877312470512, -3.037890353034137, 45.26593478013118;
  -7.244231713851864, 3.506762101344026, 15.06724774126466;
  -10.22955771286829, 3.474638757756667, 20.97910898385569;
  -11.35543980111773, 3.464248728413264, 23.21704636741081;
  -7.23957359889568, 3.521352109944882, 15.44507053692279;
  -22.41348062985801, -0.08394652085358778, 46.61425700680372;
  -21.79417112645821, 2.43576247405282, 45.38983239955245;
  -9.64563960633075, 3.395057494075139, 20.60472412407638;
  -22.74708127030966, -1.564391658152783, 47.45315789536451;
  -9.680825246236209, 3.490305967282679, 20.78000293299889;
  -23.12429132012831, -11.84915690196466, 48.74798462481736;
  -24.2172436304985, -8.617758642588965, 51.1483963054598;
  -22.9550357307553, -6.284993524480132, 48.69131815975727;
  -22.81298857647845, -5.402598041804297, 48.45651726707099;
  -24.18540806835552, -6.209580054239499, 51.83885487050073;
  -6.79677471479122, 3.463800168884093, 15.24404323696037;
  -9.560987509762503, 3.40721379204249, 21.15246283120793;
  -9.965160290837883, 3.470170979051105, 22.17680292981009;
  -6.389574310616117, 3.452605325178662, 14.56084318964272;
  -23.59293164292416, -12.46779537712889, 51.54431277645922;
  -23.21935487569813, -6.643441500913663, 50.89683726157232;
  -23.60834645372007, -6.309518470906612, 51.88873989433647;
  -23.8413407752211, -5.955853281622574, 52.41333791231821;
  -23.20815610573259, -8.231805205553389, 51.43999063341686;
  -6.946810405226493, 3.466455438677222, 16.0008780863221;
  -6.745023833859872, 3.499331921341049, 15.66305750531327;
  -6.643025321670459, 3.558082049474074, 15.44978051008001;
  -22.71400084661851, -7.849738102094301, 51.02152477982245;
  -23.00335662995557, -5.844391779475718, 51.68672295442224;
  -22.42376792974416, -12.03222918493854, 50.47651271158535;
  -22.17143157521715, -6.079230508920688, 49.97537204489226;
  -23.46775347956626, -12.04748075406283, 53.05117669469119;
  -23.01323979048082, 1.203356904875831, 52.06939664706597;
  -22.64470038496386, -2.072676074750945, 51.32093979416904;
  -22.37062858095081, -5.531304186144368, 50.8617342617201;
  -6.230646865772951, 3.483631378548623, 14.87524741681542;
  -23.2837515336183, -11.61597400758709, 53.23835767214221;
  -7.696858388719029, 3.318390444947496, 18.31789736185969;
  -23.2494720668814, -12.30947763710075, 53.64388845617151;
  -24.5706188481044, -6.766057285664115, 56.72648125471759;
  -6.360639858004804, 3.35703670024466, 15.47199458215379;
  -22.98048335162457, -8.113217680400322, 54.33713170921312;
  -6.862627821909425, 3.388161432392153, 16.99396607509822;
  -6.465421563622564, 3.396027712491345, 16.13721730833282;
  -8.581080398122552, 3.534014204086528, 21.13083254770272;
  -5.837505618400373, 3.453392594679043, 14.77365753844136;
  -21.75798860293676, 2.172332331878675, 52.94755540774381;
  -23.14956724329462, -12.05445464892846, 56.64535192124258;
  -24.65110242104618, -13.23030544281322, 60.41773664011141;
  -23.97753452509535, -11.99570186303201, 59.39110172589848;
  -6.83737439755244, 3.439485367836148, 17.56897007490564;
  -23.27907804955827, -8.423428857123538, 58.23287765507073;
  -23.38088476294086, -12.53184804414198, 58.52409907390224;
  -23.58949073130802, -7.248165125621808, 59.09155384344589;
  -23.18626842160983, -6.337118827972176, 58.09809158775082;
  -5.422481441505023, 3.427501984371116, 14.29027168606498;
  -6.175625048512694, 3.407144282854824, 16.18188336678353;
  -23.78951895165761, -8.597775930606048, 60.28159155887249;
  -5.370780960277311, 3.380372775428333, 14.39075070920813;
  -28.84212243625863, -12.97383885562897, 74.04034803102013;
  -5.470271511860407, 3.377573338565347, 14.72727374631644;
  -5.915068630230065, 3.462571617817759, 16.47711279557923;
  -6.582343630275357, 3.328938608911186, 18.35222083353604;
  -24.1682372583894, -5.88508458559121, 65.82312679592658;
  -36.92868898172063, -23.99398135666874, 101.3240415106114;
  -5.496469624478698, 3.438359244702103, 15.99705582133554;
  -44.51707595048482, -29.88412664064284, 123.8507859287314;
  -8.298033173430762, 3.23614593421767, 23.76123832375141;
  -7.990545493478571, 3.415501817124632, 23.03108843931586;
  -45.69661232071513, -31.61297391543499, 128.0933410012061;
  -61.21573664268238, -41.03306064809853, 172.580381389881;
  -4.863358450564956, 3.363619834453497, 14.62690174010031;
  -6.04363507482593, 3.327168204726115, 18.00068998988323;
  -56.16193138783516, -40.01307352736244, 160.7052252602335;
  -54.22924391718444, -39.51732108976658, 156.1311444011433;
  -28.19251865075828, -14.90290094912927, 81.97475414818076;
  -35.20190224613933, -21.60564914951707, 102.2211587231731;
  -23.57360160972116, -8.826170242160496, 68.73223214077306;
  -50.7440597071484, -36.18748532200058, 147.0636649127445;
  -50.99329877573204, -35.07777945847615, 147.8492083608419;
  -55.79689142274932, -39.50279708441724, 162.9625408471223;
  -4.781435679756413, 3.359592444893075, 14.77392449465777;
  -5.461830906940506, 3.330853894543445, 17.02305565780528;
  -59.548458872357, -41.43663221556311, 179.3596484326529;
  -254.9477305686912, -160.72359259847, 780.4495155204911;
  -47.65703713248408, -34.84437828635283, 147.8326329542995;
  -37.81351553821686, -25.35589146306348, 118.742563834073;
  -48.80291690324024, -23.01645219352961, 153.5531539017273;
  -80.4525553011112, -51.07593276793813, 253.4409108193457;
  -48.80406439392493, -37.18805700083282, 155.6007424212401;
  -61.51679305942366, -45.22104460015377, 197.2901947206785;
  -42.48586277209738, -19.42651157682876, 137.9882240853888;
  -44.89890039716752, -19.76091524619333, 145.7824421929017;
