m=[-10.99528734101595, 2.997300262119117, 14.00797517762037;
  -22.2743466326227, 2.04839489162075, 27.39920200910736;
  -9.741706595833421, 2.95925998752805, 12.53199829197678;
  -10.9582063859282, 3.006281885177946, 14.09475057023971;
  -11.07691905641215, 2.945202930123575, 14.35937425906318;
  -10.36130037126827, 2.997553094706248, 13.65660464889051;
  -14.08296270418752, 3.047048617155841, 18.47223785147928;
  -13.68621122540478, 3.043428246424459, 18.08585389451257;
  -14.16289849977793, 3.018284049781912, 18.80172143476781;
  -12.2146666748378, 3.09186371030555, 16.39598997641489;
  -9.298147940911077, 2.991880079174213, 12.76208917454971;
  -13.26440520043491, 3.148398605565058, 17.80304964817946;
  -13.83227770180141, 3.184857178147802, 18.5720107988734;
  -12.92287109701525, 3.073194737689526, 17.52272350754398;
  -11.36095999709328, 3.104255873942488, 15.61571025364926;
  -11.96130213988305, 3.091456068315864, 16.51177592804287;
  -12.54180227447246, 3.057493308168968, 17.51917229306212;
  -13.64454731353876, 3.009303661072408, 19.13033299666161;
  -12.41465475389477, 3.088182418804577, 17.60121849217441;
  -10.3538322665545, 3.063647592434256, 14.85668648817832;
  -11.07245234936671, 3.110763619401618, 15.83799119194684;
  -11.16474317392206, 3.102931692571329, 15.98810452913516;
  -11.9723818466771, 3.096059740109852, 17.14945494308948;
  -11.41592611944167, 3.105228434943016, 16.51573709425614;
  -10.90306756299811, 3.053130844424036, 15.91197193829121;
  -11.18760638154128, 3.064218976233077, 16.57056185739569;
  -12.38729985998882, 2.984444672848736, 18.29150803075859;
  -10.72077423268552, 3.089900804843789, 15.96533493761781;
  -10.35596023160165, 3.063235702413498, 15.52535230792713;
  -10.61375924547898, 2.975960704648573, 16.109147838052;
  -12.60180575014797, 3.04802775408836, 19.19253512844615;
  -9.593447670776415, 3.09904926209858, 14.86052689589515;
  -9.661665031928321, 3.078298459128237, 15.13744411840842;
  -11.66257580089269, 3.121609169133759, 18.31062493147413;
  -12.30315756030813, 2.760423585766795, 19.32253854473794;
  -9.945678681362697, 3.034552178466716, 15.87466155817425;
  -9.131885478334569, 3.058309399372968, 14.67812764052438;
  -9.583600976256028, 3.062272413567003, 15.38138432110358;
  -9.449146859560804, 3.099072044918093, 15.21107226398442;
  -9.714641292939346, 3.035809861610039, 15.8531805515162;
  -10.0792460151465, 3.058685538285837, 16.41292929388546;
  -10.61652228934882, 3.011777946348835, 17.41881982470003;
  -9.033072685986381, 3.079635373915626, 15.0563674526457;
  -11.33270835010069, 3.018306206578215, 18.81503998212427;
  -8.427130303131925, 3.014741374074982, 14.24890742013519;
  -8.709678381291953, 3.040675157011918, 14.81019762841793;
  -8.587579106090747, 3.067562809720601, 14.67230942453076;
  -9.682664227448019, 3.026548448916115, 16.4811990490625;
  -10.18080448608491, 3.065669737069017, 17.31664969310959;
  -7.694208560942292, 3.084934629032236, 13.37867648837388;
  -8.362729609303624, 3.042672528021309, 14.53535725100266;
  -7.326765207965158, 3.053216017504088, 12.86386694629638;
  -7.542566702839592, 3.085643988710263, 13.24399632680945;
  -7.553230549653816, 3.022999981626663, 13.60587764893947;
  -8.067286776644217, 3.029425690864444, 14.74863773622085;
  -9.233618998936315, 3.020955194643816, 16.81273409113399;
  -7.150178042812845, 3.017684709410415, 13.32550115922377;
  -8.446986863439619, 3.04315278577737, 15.75939629612183;
  -7.02276272568561, 3.022214933896521, 13.28150285105014;
  -6.768951996813188, 3.001220977866062, 12.8597136494841;
  -11.6726566382545, 2.948575958381302, 21.607909912581;
  -6.645518148697489, 3.026482173334438, 12.76852911184094;
  -7.254839683227377, 3.000371342843048, 13.99192442828441;
  -7.155845318695358, 3.022801241027512, 13.85060103002753;
  -7.178146206698647, 3.032990615416904, 14.0504970006891;
  -7.525651946931653, 3.012737189411686, 14.78432340350597;
  -6.684533595335048, 3.008883930100775, 13.28391929162613;
  -7.965080225634125, 3.017288280579637, 15.7147200115015;
  -8.207020928641617, 3.015911297122709, 16.66748082197617;
  -6.547477490057347, 3.038924361590269, 13.50607731983835;
  -8.30481912101888, 2.97655050357201, 16.92987414922766;
  -6.023906551082359, 2.947716461375687, 12.5852309182619;
  -6.799301630497983, 2.982120916611661, 14.12570607466398;
  -7.646086569768233, 2.926324106297833, 15.95525632020617;
  -9.789428824744855, 2.968596464339291, 20.19163375798582;
  -6.029584707907056, 3.111001914921405, 13.03295710392528;
  -6.552039477812275, 2.981443549235223, 14.10586957044829;
  -5.99879346610187, 3.026415947261264, 13.03480446949107;
  -6.295486085202387, 3.016640377204592, 13.69507852059608;
  -10.93636578981987, 2.869342846130457, 23.11113790694849;
  -6.767713052466941, 3.02199987985997, 14.68821752786559;
  -6.901574289064581, 2.959166050080976, 15.03085953952192;
  -9.877524257807071, 2.996098208245239, 21.15090278812248;
  -5.636550800198543, 3.013516045433119, 12.55392470325852;
  -9.598789291065682, 2.807427198325825, 20.73239255037039;
  -6.926391875963036, 3.022134055866697, 15.52669154943297;
  -5.830929451385162, 2.992273351583593, 13.27052517036065;
  -5.568449720370728, 2.978215898703999, 12.92014274077785;
  -5.255707522147254, 2.992144909933038, 12.90898950692041;
  -9.031879172497137, 2.900762702714129, 21.60266496108811;
  -6.331591636219975, 2.9245809478305, 15.78070771112181;
  -6.399539785382594, 2.93468037007937, 16.15436787281433;
  -6.566662827378693, 2.958047963260415, 16.71928494182982;
  -5.016391723589716, 2.986473168489308, 13.23657025876897;
  -5.695546320812529, 2.934228084240704, 14.98298050731409;
  -6.116621240636964, 2.937687758905359, 16.02450306845527;
  -5.19037166595802, 2.931246244071078, 13.77790744178427;
  -4.527332827331387, 2.939909852436168, 12.72834797573469;
  -4.788139543147993, 2.958481517014127, 13.4185035199104;
  -7.16941532212534, 2.818040877372859, 19.90655792516077;
  -4.44236092785685, 2.970435951111237, 12.75683477016758;
  -4.969119793100564, 2.965682316703706, 14.35127642885544;
  -4.475808712925321, 2.945951704900705, 13.43483268628437;
  -5.704126197742446, 2.891791380568691, 16.94816778661099;
  -6.331926851015035, 2.857370377689883, 19.32185438000954;
  -5.643492249848792, 2.901933874792294, 17.32510084551446;
  -4.049804400756882, 2.934065394896745, 12.87224329031492;
  -4.039215763126965, 2.957064020926262, 13.12384273353784;
  -4.85588415114275, 2.913783890844112, 15.90026863147084;
  -3.554216961750616, 2.887270940620599, 13.98928215829967;
  -3.094847107839595, 2.907476499313392, 12.66980760343767;
  -2.817484471187084, 2.849876662310578, 13.26103472161856;
  -2.974930540462548, 2.882969819813078, 14.45660947864276;
  -2.764245514768342, 2.937863775279105, 15.16289572840416;
  -2.10789226812273, 2.884288670964722, 12.30697426332527;
  -2.088324733380462, 2.841803323890064, 17.64149674605056;
  -1.455958222644523, 2.870159229908003, 14.08075300580513;
  -1.583543874965982, 2.77449939755819, 17.38905677454413;
  -0.9142849798883727, 2.947639741113818, 13.26941271681976;
  2.48070395771362, 2.545664364457315, -35.29851952342246;
  -0.9269850142402977, 2.84990930108337, 19.99495574516179;
  -0.5920617496034235, 2.838457462883129, 14.38210159160681;
  -0.3915622609784996, 2.860151468800733, 23.43959729874166;
  -0.2013326059224074, 2.914820581403662, 12.57279909480194;
  -0.4250898357571483, -5.444565969062814, 30.05899583283325;
  -0.4771449427171519, -6.065512913084919, 33.84436536000887;
  -0.247988185244561, 2.696691494386507, 20.26504142123057;
  -0.1475359431334275, -5.711969592669879, 32.53762894675413;
  -0.08190125254942098, 2.817661289919681, 18.09064744655286;
  -0.07992179555267188, -1.609292305369875, 23.47200679717535;
  -0.06161670065526907, -1.033755831397077, 19.8198906220256;
  0.3795996629213762, 2.339014129924668, 33.75022643337739;
  0.6032768891111626, 1.592744462724317, 29.65866141050083;
