m=[-6.056934012147307, 1.502440494200399, 8.517292963994304;
  -14.19941425684071, -2.565091311056418, 18.97014799511896;
  -13.88021144360158, 0.1113122888892934, 18.62232271288066;
  -5.613418762274946, 1.506934792317467, 8.110204200471101;
  -14.2185607648781, -0.6135221129987873, 19.08017847465822;
  -13.07557367379025, -0.2942141246383678, 17.89958704774358;
  -12.64326753864065, -2.400828587456644, 17.76757393136766;
  -12.88544336231107, -0.6646601833334384, 18.25944268709728;
  -13.26838262939857, 0.1908792518410685, 18.78184350820615;
  -5.583084705454856, 1.497331838929711, 8.646637627781384;
  -5.280306984462201, 1.498155009526808, 8.333933891265716;
  -5.335618363486912, 1.461783325428563, 8.471723715405892;
  -6.548494504414058, 1.449922370432303, 10.37073154325884;
  -5.024697703738762, 1.480483883751615, 8.205510017889413;
  -4.905575780721016, 1.491832939316512, 8.058907063419776;
  -5.026724379678158, 1.501315212648468, 8.285634833156665;
  -4.973461739521107, 1.48464778285678, 8.314878857967399;
  -4.755730918178207, 1.487190389729068, 8.017212493489106;
  -4.693228010013122, 1.506111015619298, 7.939719292228339;
  -10.00414171242831, 1.246393459527109, 16.10873663651293;
  -5.274558315860634, 1.467444357812406, 9.023987341821224;
  -9.59595397510904, 1.065252658721443, 15.77887115165891;
  -5.643820787775677, 1.4678096737322, 9.724696517765581;
  -4.191593914319886, 1.464733630200687, 7.474233078502345;
  -4.98931280965061, 1.469555358682384, 8.860775598567873;
  -11.20069453142596, -0.3795702556562778, 18.78749040140787;
  -4.62292976737477, 1.480034375716719, 8.778818991462243;
  -6.708173508854237, 1.558619186060274, 12.29786236647306;
  -3.578614254658617, 1.476483944161134, 7.054803686202207;
  -3.507104881584635, 1.473674082133531, 7.017692172557637;
  -3.298869565161386, 1.466297343993469, 6.734028201329756;
  -3.763281774025409, 1.470782479304077, 7.763043063438906;
  -5.625918496822153, 1.469026208036144, 11.37740664552553;
  -4.086387989826434, 1.467661075788659, 8.655467602584212;
  -3.143840687591197, 1.474303027995044, 6.932077641565938;
  -10.73735584189171, -4.974579059564979, 21.86269406793586;
  -2.94482925910584, 1.477790043351955, 6.752188773891747;
  -3.280240748331787, 1.455011845893216, 7.42873008663432;
  -2.990561856927756, 1.470027241302382, 6.874997212807076;
  -3.46266510358211, 1.446383619827742, 7.897614055210163;
  -2.80689383535997, 1.481031202791658, 6.691030749808132;
  -4.652654933385294, 1.367894594561857, 10.5449614192802;
  -3.461542676874208, 1.471109986935614, 8.11106711776195;
  -2.623560049407822, 1.450669596338824, 6.807705555574305;
  -4.457564516952339, 1.391251744450708, 11.90372375328028;
  -21.76508360147372, -12.62855142505534, 56.19961194004787;
  -3.63068732372802, 1.385829081398371, 10.35597988541981;
  -20.00587999265511, -11.10001209356944, 53.84523903950282;
  -20.83014877163044, -13.03850373027331, 56.10111836651942;
  -20.83401265073515, -12.436240394784, 56.38925887408588;
  -19.92166428200896, -11.46792208804281, 54.24795029103309;
  -4.370333328763263, 1.38011417141819, 12.65896343685137;
  -20.91536530222382, -13.80664275975554, 57.13538540703071;
  -21.01458320468885, -13.69378678711118, 57.974925781522;
  -22.68863986817802, -12.63159787654386, 62.50289205493121;
  -20.93225119710835, -13.19167413505298, 58.03826820597831;
  -21.55523448288858, -11.71506817719948, 60.02112266181731;
  -19.71824051602802, -7.449065097460785, 55.28845459930692;
  -20.50849421003293, -10.93810880934118, 58.06038392294209;
  -20.87034520638285, -6.520165667030232, 59.12326252649134;
  -20.79452688109477, -12.7515428043855, 59.81110242806656;
  -19.52636777658831, -13.39676983343692, 59.08272229659376;
  -19.74608193728674, -12.28010455680934, 60.33089300701386;
  -18.4523721193981, -13.93607066567635, 56.96706437663165;
  -20.6545968518824, -14.97999135961466, 64.26630314105542;
  -20.07678863192551, -10.16352261717066, 65.24746689468368;
  -17.79873150678578, -6.697578826991667, 58.17382806874742;
  -15.40002297546347, -12.24541173370351, 53.79009210815829;
  -13.69472071999912, -9.309894669468291, 50.56832135438849;
  -18.75741686611878, -12.4323654212047, 69.46376627833912;
  -16.62000639495508, -10.95399874920724, 62.31236335828819;
  -15.57733640313266, -11.94279821520292, 59.04236696145805;
  -14.98035339663896, -10.49377454836144, 56.91780395690399;
  -15.90133260164104, -13.46464911684222, 61.03646097738722;
  -14.30770005416454, -13.02300988699886, 55.83319927592313;
  -15.38425542920191, -12.64718198346136, 60.38392347352815;
  -14.43093383161924, -13.09070840718433, 57.10930442937271;
  -16.23398159958209, -14.31905458850832, 64.82750935253111;
  -13.16047799569724, -9.760124696892907, 54.0428309007278;
  -13.36970636396044, -13.37860988668623, 57.15402590977824;
  -12.52222651870944, -11.30913195983901, 54.4531472704512;
  -12.33087859341013, -12.55655152486354, 54.41775972006636;
  -13.18941700232508, -9.736188972479763, 58.48790762083043;
  -11.94437346182661, -8.397825342439452, 53.6874221993479;
  -13.5377361120521, -14.21643223216801, 60.8705278790255;
  -12.46138823128012, -13.33894808159889, 57.22954927934671;
  -12.43883066816117, -11.20282497326445, 57.40434176685363;
  -10.56502674493342, -7.641554177394538, 48.84175269165467;
  -12.12208849949144, -9.26664161870427, 55.99487245428937;
  -10.94363407181023, -12.29969358094422, 50.80069498890207;
  -14.20538951278928, -12.10930608851706, 65.8750490848732;
  -11.33285062323122, -9.687320307051197, 53.9895253507251;
  -12.33654798241419, -6.966857970208638, 58.7974042849676;
  -12.01297944179292, -9.366945976407195, 57.35532126757268;
  -5.988359818978569, -1.945482232802073, 29.46774018726886;
  -11.44843070351461, -8.851564995274895, 56.08666526712136;
  -12.32897300108674, -9.886630697061111, 61.08687081496343;
  -7.946147888081245, -2.876961490984694, 39.96401055467906;
  -14.01719009002572, -7.428773296488436, 70.08926515487117;
  -11.79829727791757, -14.49985775411334, 59.49963920439878;
  -6.333247288358177, -2.185163292869721, 32.4056129569091;
  -6.346489300728714, -2.021707865824542, 32.52149840901946;
  -11.30033573536921, -14.18575459509773, 58.283729392503;
  -5.58556889596161, -1.900688125892834, 29.90378949048659;
  -11.19389151194502, -9.848175605491907, 59.27900940237089;
  -5.617151395153641, -2.380559006578044, 30.33882015535637;
  -5.67574189965747, -1.887581110253783, 31.16094562077075;
  -13.0027214608986, -17.56900094908428, 71.26023785299739;
  -5.420076938512578, -2.090547510171349, 30.61010466336074;
  -5.610136072952212, -2.351089261867876, 31.75961658604067;
  -9.721724676167099, -9.366153273782841, 54.86735695233712;
  -5.395058363610017, -2.020343659542528, 30.88282315952454;
  -9.811033874188789, -13.65020113037053, 56.96626947085613;
  -9.556307722349619, -12.26401512907739, 56.04637166526089;
  -5.427888097754646, -2.647137547491315, 32.24479405020223;
  -5.199916521944794, -2.325825960914123, 31.15548157435726;
  -10.25030561257368, -10.84258555072374, 61.02128935797664;
  -10.32174620870543, -14.0714021552211, 61.51732315804606;
  -9.501670815059395, -5.466533013046722, 56.64365566330371;
  -3.81501656983898, -1.549854467896958, 23.47538464161513;
  -10.70175512584556, -13.14365480545311, 64.64514707233603;
  -9.921982039336385, -9.316154595197919, 60.61181845993769;
  -10.87491044925317, -12.63236611721412, 66.62765292518186;
  -10.14320947609468, -10.90354092814516, 62.81336794384471;
  -10.41361881582075, -12.89654627547196, 65.27337297012736;
  -9.281046895282277, -10.35177111801535, 59.16688714734146;
  -9.901258039796664, -7.152611130928738, 63.97069185783397;
  -9.055812728699895, -9.082427789537681, 58.88467124456306;
  -4.728105570659486, -2.426427419260699, 31.65630465214876;
  -7.914951243300501, -6.932785116560816, 52.78521140446519;
  -4.678252510144256, -2.663453129072919, 31.69420113621498;
  -3.360024005021434, -0.6790303807699125, 23.06107152868242;
