m=[-6.202177590946022, 1.889096540121425, 8.457241834235409;
  -15.78756971113863, -2.945845237040029, 20.87867132300437;
  -15.76632802269829, -0.5960467199239878, 20.98033044227753;
  -16.35026232748658, 0.2368150637264008, 21.76792141018011;
  -15.88249794143489, -0.2609024586097598, 21.50685669103468;
  -14.82439238147697, -2.928349301323971, 20.61443628302785;
  -14.76118165462914, 0.3880282878879542, 20.75613019002414;
  -6.033454546209699, 1.831671758486136, 9.335517630347678;
  -10.98679166723036, 1.144798009618421, 17.31220426151055;
  -10.92295283057407, 1.406215776680022, 17.54638753722973;
  -6.587899929087258, 1.811494634693406, 11.20830005572812;
  -12.58857519759458, -0.2445009009504179, 21.07107045104669;
  -4.57602123702841, 1.799195166745216, 8.231875052796632;
  -5.262168339385994, 1.742104205742058, 9.896923828788054;
  -11.51102922964464, -4.825656629186763, 20.77386286440919;
  -5.428758129831873, 1.752024146739624, 10.35016703714581;
  -5.110880244586726, 1.785010712217782, 9.861331168763533;
  -11.67754544389421, 0.9071054163250674, 21.94831381275557;
  -5.263387496639729, 1.74135810446232, 10.36784838491321;
  -5.727108183946777, 1.747191442269803, 11.70950122467138;
  -3.799294619948492, 1.783931238093446, 8.052594655045516;
  -11.24690101833139, -1.505961602465629, 22.43950628781136;
  -5.213980631681964, 1.743792729028901, 10.9069721342429;
  -4.902496347647077, 1.725573175451323, 10.47256469091598;
  -4.818940600784428, 1.737411502334258, 10.34391152316071;
  -11.01802524179294, 1.231397710259575, 22.94679234173255;
  -11.46569748369168, -0.04294314786760317, 23.84569260318638;
  -11.4052049492788, -0.7843734881917754, 23.79263452993114;
  -11.63142524480968, -5.960078119205163, 24.52003960463635;
  -11.48473873139298, -3.144473805389979, 24.36097569661865;
  -11.62220169084413, -2.752383094652904, 24.68643751018373;
  -3.593428239475534, 1.793119163703468, 8.276893108891521;
  -3.400836597888827, 1.764360862079721, 7.897303332199505;
  -11.95392458733122, -6.317107511866774, 26.11616212690551;
  -11.88841354514191, -3.401471761322794, 26.05940831451146;
  -11.82059271755067, -3.15914747501081, 25.9804583146155;
  -11.69218300312996, -4.147152943601329, 25.91527657023297;
  -3.365360266142382, 1.745259267059337, 8.052250237486184;
  -11.4617573804785, -3.961072038081614, 25.74607362909635;
  -11.67352772730106, -2.96585713921751, 26.22949351470109;
  -3.286018456673634, 1.734304221430167, 7.993104607947355;
  -11.38735699031592, -6.1102705641387, 25.6332509181297;
  -11.4856796658796, -3.14928217438848, 25.88922201723753;
  -11.43226519822237, 0.5977904627901639, 25.86646454824307;
  -11.57328513363255, -1.059306186213833, 26.22917766482322;
  -11.47246143228949, -2.836651358104375, 26.08372324387052;
  -11.30577326032583, -5.640309644173979, 25.8506795919168;
  -11.71658736297147, -6.203369681373606, 27.03387430812051;
  -11.86685199045309, -3.267797236376782, 27.39714295152478;
  -3.332526599120026, 1.750443118342472, 8.317741602245599;
  -11.64775653642549, -4.149663797889251, 27.19077966463495;
  -11.57082587287262, -4.08505894380969, 27.35910641297297;
  -11.50931139660326, -3.137816083620415, 27.65159652933258;
  -10.72025539822783, 1.070317566230545, 26.0874903025834;
  -3.153163872529364, 1.739627029944144, 8.262180689534258;
  -11.56369772872255, -6.02145467255675, 28.29554956557967;
  -12.03212449916958, -6.457669905831889, 29.48970463045962;
  -11.29846781034722, -4.093488591283587, 27.83559420586116;
  -11.95666069964419, -5.981788364447916, 29.61602458215195;
  -11.77430729783757, -4.260479717199418, 29.45356319045427;
  -11.78020496771135, -6.314035592793212, 29.48673198774612;
  -11.66641105611365, -3.188586960791663, 29.23265640307723;
  -11.9313395431684, -3.666052826819565, 29.88794463900142;
  -11.92632871776575, -4.310297412842694, 30.22079084584062;
  -4.295645075724291, 1.675256540448357, 12.30048666536411;
  -4.073353596633076, 1.741126012291158, 11.74059605883318;
  -22.80705433146365, -15.31028005297501, 63.4514182111345;
  -29.35464199154943, -19.67648959569373, 82.75707503179417;
  -29.27367204973539, -20.85629114236036, 83.76549639042364;
  -11.67555691987593, -4.371434401621711, 34.04176849492512;
  -18.24050930770632, -11.19536216126004, 52.96776248332017;
  -17.2405005884623, -9.113533833783526, 50.12981687227688;
  -31.11739014192457, -21.40534099435932, 90.22129591915126;
  -26.45560327146285, -18.72990234994255, 77.26724946191628;
  -26.17148365014642, -18.21135530763764, 78.82837264542944;
  -22.36959514876935, -16.35549925836638, 69.39072061427429;
  -30.26031720478262, -21.12961060116983, 94.3644740639934;
  -19.99367769145166, -13.40678099552942, 62.7844440212298;
  -26.05601683294228, -12.28854961637346, 81.98246778460781;
  -23.52605874875672, -17.9265482213119, 75.00752761091619;
  -27.76017960459607, -18.02297397836093, 88.72480235301617;
  -5.406067783796619, 0.9962563631996934, 17.96347861217826;
  -24.83086357921939, -10.92856587440387, 80.62344294217377;
  -24.6076371989882, -13.4909410394476, 80.39702734761791;
  -22.08833156700089, -13.78283810261847, 72.62914712233535;
  -22.70119204793019, -8.27671520582035, 74.84656811843188;
  -20.99296103251149, -11.72822274600778, 69.58067584190475;
  -5.312932528012093, 1.001441173384603, 18.22232673857195;
  -24.07206308673985, -14.22136103808525, 80.10608729594262;
  -24.42816554890532, -17.55320497443252, 81.84374514875165;
  -6.18701042401488, 0.8394507415683279, 21.64663523062313;
  -20.34815146951286, -11.59096405429124, 70.14483987597112;
  -5.677510668124199, 0.6398457135924076, 20.23532777707839;
  -5.011184839950343, 0.8967606967684136, 17.98016076115747;
  -2.155192113252744, 1.704456557618914, 8.152246096064584;
  -22.7223007845907, -16.92503885183495, 79.50627376461004;
  -21.45698166899826, -17.59298962233396, 76.45866205156365;
  -20.98908537761785, -18.5229282755864, 74.97039366962984;
  -21.51724849855513, -15.74084771673441, 76.91308304387557;
  -4.88954143981961, 0.8833084114093285, 18.25894129761745;
  -20.04443878893429, -18.12192917588303, 72.91213794384984;
  -18.52347886249902, -16.1099950672725, 68.14027876061198;
  -5.744096086189959, 0.8516482792513221, 21.72428815986527;
  -4.667252582964878, 1.293565375109501, 18.0990168737149;
  -5.183431124492754, 0.4631446502035251, 20.07528378075027;
  -1.911476017739471, 1.68434008160101, 7.898955975231384;
  -5.300978608194519, 0.7230719807554624, 20.69174111828874;
  -5.272523997798235, 0.3652585242098826, 20.80213941686724;
  -4.380117301375192, 1.016693437148984, 17.9507559026975;
  -1.748438258796617, 1.669480625119248, 7.801725241360003;
  -18.10416471780906, -18.82677731732465, 74.52712458925858;
  -4.419435801169779, 0.6436601156943927, 18.80610771983349;
  -6.161774807688639, -0.8478107303998494, 26.08770754516839;
  -5.199839433906691, 0.4167429593824475, 22.46251135682718;
  -4.137914545060428, 0.984984489198506, 18.02473824429861;
  -2.49204823907179, 1.647633252998469, 11.18471504552783;
  -4.694199402788332, 0.6193524667950375, 20.50329621970369;
  -4.71858337298708, 0.5921229441783957, 20.58146027598044;
  -5.23299875212038, 0.1957100859759796, 23.21615668865701;
  -16.87325909049052, -14.59400332124307, 74.24079816552681;
  -18.17587146582132, -15.23672932137998, 80.29695338733758;
  -4.041295475972318, 0.8109275291201415, 18.69719375246417;
  -17.07355937972833, -14.64126175809904, 77.02262327361773;
  -14.22875260292715, -12.07988176848576, 64.40040404148625;
  -15.59145067278329, -16.49686349876421, 70.58378315510049;
  -4.280767849882199, 0.4838166239477643, 20.23481288847462;
  -19.10342454502714, -16.13929958970869, 88.65665117269657;
  -14.4635196730968, -12.50040416062728, 67.10036576002457;
  -17.95712771487586, -17.36947786477718, 84.32525922288656;
  -3.595713899869451, 0.8595410566558925, 17.50215634715978;
  -4.313141675656241, 0.4748463943834179, 21.12330180841243;
  -2.709292382723062, 1.770376158838686, 13.57450591544134;
