m=[-12.18947077848402, 1.374786154201093, 14.59505736770085;
  -6.577616739650564, 1.76108733101997, 9.174003342359987;
  -15.63076987248816, -2.940464288194689, 21.12445014007889;
  -15.3283429449101, -0.5261376419244507, 20.84529049164268;
  -16.13881419759561, 0.3064089998031798, 21.96646487010478;
  -15.05192112921982, -0.1804822217435893, 20.85275148065775;
  -14.51542313763634, -2.891656863653205, 20.65088835633154;
  -14.25691207001866, 0.4602922922863436, 20.51251595961095;
  -5.987371989305162, 1.921995748765416, 9.21608895453145;
  -10.6825703415384, 1.489329877520654, 15.97501291860666;
  -10.59876956920191, 0.996028714479438, 16.99684033061704;
  -6.212414982558784, 1.844742313089657, 10.72890973455437;
  -12.20584559383266, -0.4110857659909587, 20.99257831323524;
  -5.412348859297188, 1.846063336816781, 9.847705431127366;
  -5.0777395406547, 1.79370549544556, 9.595695285209718;
  -6.05900293225758, 1.838290024239942, 11.47153055418797;
  -5.535406325691592, 1.829736836469816, 10.58783117823193;
  -5.303311199338179, 1.827367666310489, 10.18061159863016;
  -10.40971653527106, -4.488823900330313, 19.36058348779106;
  -5.133176651487218, 1.816715349197009, 10.19175058418695;
  -10.48340622897406, 1.487265579708516, 20.1617890902304;
  -4.559007652811932, 1.857948669260835, 9.393572636512166;
  -4.327740403170797, 1.807696390142029, 8.987137071868656;
  -4.247213820088867, 1.84960315669153, 8.839656274083843;
  -3.834583401017085, 1.847463022830419, 8.089407802951428;
  -5.712223510786218, 1.869347641335239, 11.85489772330518;
  -5.300764318176054, 1.817229984711505, 11.20115975586098;
  -4.234516079496369, 1.816980663583695, 9.152571535642231;
  -4.77760913246288, 1.804060028379277, 10.32332668268709;
  -11.17093080326586, -1.48991218016546, 23.04728513317116;
  -4.073676079488347, 1.843998366985017, 8.960841745929988;
  -4.705696379001595, 1.826129368466934, 10.2297332346459;
  -5.114759461848223, 1.824533441326406, 11.30889856384065;
  -3.476182098746981, 1.864447605715988, 8.020070672105891;
  -10.69549892166557, 1.327209892745046, 23.07301468314146;
  -11.00033065767969, 0.02613938822426208, 23.70409346085787;
  -10.96177099622369, -0.7192331544211912, 23.70551038702071;
  -11.20639346756692, -5.947115003104807, 24.51402141908778;
  -10.89736806129356, -3.996627474290817, 23.90494352295647;
  -10.88420079918739, -3.055094906849188, 23.96085002298005;
  -11.08662272996923, -2.683112398560277, 24.43899736104401;
  -11.53896054288683, -3.032821824927638, 25.70740076327976;
  -5.062295813601689, 1.830070789885553, 11.75733777935657;
  -11.38097959291687, -6.249963892075649, 25.87062667266431;
  -11.42963425032259, -3.360850931714019, 26.05682012994448;
  -10.92755564694901, -2.78802240503896, 25.00037421588554;
  -11.21494507305417, -4.108848930919399, 25.87058574876124;
  -11.18776530691522, -3.993589208837414, 26.1654747702338;
  -11.00020974272551, -2.852043356555384, 25.73967225899623;
  -10.90867447060856, -3.063830172504873, 25.59337528463565;
  -11.29799301797691, -6.315337019248457, 26.49062173846328;
  -11.10137187449099, -5.92342438902065, 26.15638337016962;
  -10.97220744646905, -0.977315419012678, 25.9027142423093;
  -10.87431513121905, -2.757088831819752, 25.75223444460724;
  -10.76613371307869, -2.901249878680077, 25.56821238831093;
  -10.85908951565533, -5.625822533203034, 25.88878168144259;
  -11.32173577871463, -6.240236641686097, 27.25791519545438;
  -10.94809191295767, -3.094914135168697, 26.39189124880477;
  -11.10176843404536, -2.920757114257745, 26.8232654098803;
  -10.61101286652976, -3.882800373253313, 26.21141198493127;
  -10.85847359666112, -3.057538159117533, 27.27270805410403;
  -10.06814355529437, 1.137941485592806, 25.61701803615635;
  -10.86646799414574, -5.898065723177845, 27.83794438844537;
  -11.11202025094092, -6.212452984915686, 28.53890800124342;
  -11.17086267292862, -5.847636608083987, 29.02765161758183;
  -9.671699909143447, -3.631777080509219, 25.36732959706724;
  -10.50721588370687, -3.337684697292062, 27.60406972094894;
  -10.80321035913085, -3.046223886298369, 28.38337360354579;
  -3.816618014165221, 1.783723538231198, 11.35653179434915;
  -2.939326941243417, 1.766941195415584, 8.951804472325916;
  -23.72683723252738, -16.71694328506678, 70.14081672689312;
  -26.3594877263435, -18.2134107616472, 78.01180445168851;
  -23.33182004991226, -17.00505309701834, 69.56611693432626;
  -28.35120252558689, -20.00309699018075, 85.17685932070545;
  -26.98639359749757, -19.84362287559105, 82.0674152629957;
  -10.45793430048323, -4.083717765002844, 32.3069297755383;
  -24.08616992344724, -18.10200952490657, 73.49422373973431;
  -11.20336850392622, -4.076433755081531, 34.69630559634017;
  -18.27796984372676, -11.76381039386367, 56.46039396686014;
  -26.82261906858243, -20.62206433355403, 82.35750344310965;
  -22.15627568125025, -12.29130537424424, 68.37868914904918;
  -32.6885509407446, -23.73311442949382, 101.0955837948602;
  -28.084135254143, -22.27825754570507, 87.93229158148482;
  -22.28016894661427, -16.3772085324727, 71.7999599338584;
  -23.16706197960827, -15.45641089831902, 76.25309224187079;
  -16.87725394609374, -13.05459929768632, 56.05233867431237;
  -20.71541199995109, -14.73298888687632, 69.63779324958475;
  -24.7207857266352, -12.29508631450253, 83.37927140709509;
  -21.03994662145176, -17.22162602800475, 71.05929790394701;
  -23.68277946758417, -17.43179358696776, 80.47899926878516;
  -5.287002693603036, 1.109023945168397, 18.56095905908538;
  -3.317851066227625, 1.807749679540933, 11.94157778524398;
  -18.9985597686142, -15.38429031007184, 65.01736948868681;
  -21.09632437147184, -10.01040986227358, 72.42440811811721;
  -23.22198929403531, -10.74118580305589, 81.01093697612571;
  -20.52247244420657, -11.92815148175423, 72.12510458083519;
  -4.924291720906096, 1.058681130847729, 17.88992097803356;
  -5.675367803267119, 0.880092002978922, 20.60264014698231;
  -19.36228492196321, -12.15107736785871, 69.37793948546938;
  -21.72671844019083, -16.59536779246921, 78.38117652261528;
  -5.676180295249977, 0.8986399266681604, 21.1462568072799;
  -5.2140838657179, 0.6963306417279106, 19.79437177038399;
  -4.755589722108181, 0.9803816481578631, 18.13275775222559;
  -5.104500602572579, 0.7815562650177027, 19.57861496463031;
  -18.95731187932028, -15.06474124105383, 71.63232544835843;
  -4.620654397616726, 1.373981501301718, 18.07675033582742;
  -20.41782469414648, -15.93243769586805, 78.87797949679718;
  -18.04337641945694, -17.04730365479607, 69.70120015158565;
  -17.85228537841167, -15.72300313852371, 69.0575498524906;
  -4.490341759882385, 0.9390470674219358, 17.88367351295162;
  -5.244504879940189, 0.7057549836954931, 20.83767786319783;
  -20.91903953923612, -16.80522826863912, 82.20601405920515;
  -18.10470269551642, -17.56702709727889, 71.33708313871679;
  -18.33036157249146, -17.12614210863784, 73.13141090111071;
  -4.267317272265264, 1.346940794827316, 17.70307839942405;
  -4.855342987221234, 0.4298059831862522, 20.59325726406226;
  -4.514607167692909, 0.8100198858072542, 19.2267951781018;
  -5.928258851758528, 0.3004367568809033, 25.72021571958775;
  -4.149736310202234, 1.11375569146694, 18.27539567556265;
  -4.162963696447759, 0.7261733941960342, 19.15667435285445;
  -5.415416901055393, -0.752417631130396, 24.90776201447315;
  -4.277339768899209, 0.4363256380664292, 20.04602423384462;
  -17.51905074997975, -20.36221367904636, 80.10701869363093;
  -3.836470000997607, 1.065496912949354, 18.07975216084643;
  -15.58367982026053, -18.03383079243602, 73.94445213212623;
  -4.841556938844882, -0.6053207139888481, 23.50358825502013;
  -5.722554201814069, 0.3159316583468844, 27.69838863753473;
  -15.25396771555681, -13.95112511611559, 74.33893965042816;
  -16.61423145761646, -15.40951739532122, 83.03079360796255;
  -13.77521273479586, -15.96463350391559, 68.91630378301852;
  -3.936303429075722, 0.5587289704419851, 20.38330931936715;
  -3.340235095601587, 1.383008038405462, 17.50968128580666;
