m=[-5.580276595070983, 1.64388003633385, 8.045508661269745;
  -6.951591337092035, 1.589192165083538, 10.31414112062755;
  -5.09368072443182, 1.652050518412231, 7.809670995631628;
  -6.848869831114107, 1.572310012027286, 10.42153443095657;
  -5.127665486483094, 1.630044293203764, 8.09235106910211;
  -4.635476892926238, 1.64462595653788, 7.514957475434872;
  -4.427847511788377, 1.641766643981349, 7.552079689385622;
  -4.450864824198655, 1.633810553691897, 7.960678142403127;
  -4.402932247079384, 1.645705688461322, 8.609622774091111;
  -4.437235155418106, 1.621685871982118, 8.721283520780311;
  -4.258323304080157, 1.660474558758078, 8.536839969000036;
  -5.870805098385298, 1.559315428254355, 11.51856576438741;
  -5.170842227011907, 1.590944780411998, 10.38086387964233;
  -3.811007277833256, 1.61198776054815, 8.11484129129831;
  -11.75520318530326, -0.148467429761677, 23.40514841687595;
  -3.845772692805109, 1.598711683338921, 8.313867588542495;
  -11.46975282965039, -5.485721323632709, 23.17567634838746;
  -11.15893691703663, -3.733863656809716, 22.61913778628152;
  -12.05209920710095, -6.003869951572204, 24.48028936254735;
  -11.839288516383, -2.883175620089977, 24.21453553682194;
  -11.62702065007276, -5.708075528456956, 24.21594229449268;
  -11.58762936238998, -3.85324722735246, 24.44147930812688;
  -11.25479212114918, -3.642286852189615, 24.03189318764502;
  -11.44268684712693, -2.737205660463089, 24.43422000465412;
  -11.40852001205061, -5.668211446691896, 24.40669354211741;
  -10.96746300058602, -2.87044756773214, 23.54463709867923;
  -11.34848546227033, -1.038841932670123, 24.40825850483827;
  -11.42306392752709, -5.283281366908125, 24.78334583160541;
  -11.46554268158342, -5.615151942293796, 25.06293590525773;
  -11.66145901430358, -3.022922876405445, 25.4910662514741;
  -11.43359862329168, -2.770669094501312, 25.07542772467318;
  -3.257414656026516, 1.596485008727956, 7.794971903058594;
  -3.287815228881536, 1.630864661804116, 7.900963899547969;
  -11.50660918667308, -3.823074123670656, 25.3890653995571;
  -11.70743768429774, -3.866138947695793, 26.14051430901179;
  -3.373948009231504, 1.583505775417851, 8.217286889213158;
  -3.107071897193601, 1.59423609723521, 7.670457390124684;
  -11.44635007553742, -3.989286855154824, 25.84808839091875;
  -3.239337606257177, 1.599298832563774, 8.00474307912183;
  -3.445008533531663, 1.591624059792537, 8.485972470262917;
  -10.9025603269258, 0.8863165875795255, 25.0090079096437;
  -11.4269490169454, -5.485357997853763, 26.29951770538479;
  -11.63815165111616, -5.73936384332783, 26.82048474563289;
  -3.457584824172409, 1.597981648228097, 8.608765326392742;
  -11.87569917322595, -3.259138395316732, 27.54924939716398;
  -3.301394520045505, 1.593564080304523, 8.361259901837322;
  -11.88025477726146, -3.992729276274119, 27.8577615798322;
  -11.08700395049741, -3.164013456091475, 26.05804411473008;
  -11.61588024592919, -2.959479205689146, 27.27104211751017;
  -2.734268031260954, 1.585432645056557, 7.157630565304697;
  -11.58344746712755, -3.873647603983452, 27.46781175704386;
  -3.373339816464064, 1.578982807254199, 8.9246767345601;
  -3.630193552412472, 1.56538366267188, 9.586386273110003;
  -3.970804795013574, 1.565958567592311, 10.42565824366096;
  -3.31914681067311, 1.569433212433059, 9.018354751788825;
  -11.59005404713424, -2.615434389349099, 29.25314179557067;
  -3.83198693547036, 1.545998519131867, 10.41330641646823;
  -22.67746606777183, -14.21449728088197, 57.52431742527073;
  -22.59069180635974, -13.74623974166889, 57.52905034203513;
  -21.31204384324929, -13.53131710695636, 54.94107034382527;
  -21.87997904059484, -14.12877275718875, 56.54217981078602;
  -30.61191951944952, -19.06083747562769, 79.57320224975544;
  -11.61779114876384, -3.976742585096426, 31.11615238313153;
  -4.477823313600626, 1.480669642507395, 12.58240126620732;
  -11.52884303650581, -4.425546142769806, 31.28174048706473;
  -11.06648370570914, -3.150722500235283, 30.61481114288616;
  -2.98376007748213, 1.577710722430729, 8.916055425086791;
  -22.67297519828592, -13.1320071151519, 62.745748970783;
  -20.09177758990348, -13.09874428414207, 55.65340734396101;
  -21.28541379552028, -13.31653516038201, 59.3596734358067;
  -21.61890723044863, -12.98204938553378, 60.55029550523238;
  -20.4707560294404, -14.12578082450953, 57.60193575317551;
  -2.696578925479417, 1.565589551028596, 8.383462034667524;
  -23.00393380258021, -12.42242202312535, 65.27179583913024;
  -22.16558374980772, -15.09913134485128, 63.01979530951771;
  -2.53218998477754, 1.567379964666895, 8.043574727972652;
  -18.26207325993002, -7.222192097304745, 52.7657780402664;
  -3.054995340098163, 1.561387104690024, 9.58304108040576;
  -22.04900971944307, -12.30404447219179, 64.39097991373974;
  -21.70123963396291, -7.14435341567112, 63.48262545725376;
  -20.52608976145173, -10.18701049350072, 60.26408581493852;
  -2.713711787415347, 1.557399982772954, 8.740408453101605;
  -17.64580510254361, -11.27257725300137, 52.3728185581289;
  -21.22112718866748, -11.14874664064686, 63.95361190504914;
  -23.90379827000722, -12.02527791209228, 72.50985834921796;
  -21.85720491014842, -14.37821332158189, 67.29194855657492;
  -19.04987203782205, -11.48153453635324, 59.24641144374584;
  -6.42273891431195, 0.6826877888034199, 20.62837381041904;
  -19.27707652876076, -13.90981254745185, 60.3891475470648;
  -20.61616321857813, -13.37070982998538, 64.95412792200497;
  -6.080956990703888, 0.5154013060044648, 19.9153422136316;
  -19.22407339261819, -15.26977783059911, 61.44578682864552;
  -18.1408406916969, -13.85898778746181, 58.5947339197808;
  -2.293860515749114, 1.537960697481513, 8.167044701848198;
  -5.131965793641597, 1.085604473331293, 17.38165068767825;
  -23.75727687407571, -7.432520348141376, 78.11652804930483;
  -6.107465833790182, 0.6959564920985863, 21.05391018118515;
  -17.38565021303151, -9.29433432840276, 58.76264734398416;
  -1.840585639778411, 1.557722799946884, 7.015127678687805;
  -18.4434020054536, -7.32718978261108, 62.58517653579731;
  -5.056406362030681, 1.120987395848313, 17.93593996030625;
  -5.669328508433499, 0.2547139253699595, 20.25394534891341;
  -6.761379934466464, 0.1135511859584238, 24.24264843552735;
  -18.50660584938311, -16.61495859581838, 65.87865988414301;
  -4.798135590591557, 0.870352618964215, 17.83536045276033;
  -6.536622572338408, -0.8407220096764184, 24.54186686250397;
  -5.092862267733977, 0.5433369642753678, 19.46898414502885;
  -4.889084392528829, 0.261935977693894, 18.92213623645241;
  -16.47847270631717, -12.59327071155427, 62.19626352731836;
  -18.12086857474171, -13.00267730449778, 68.2695251984443;
  -5.352727858147358, 0.5117409302404894, 20.82260576142641;
  -4.650730781879311, 0.8571527948100194, 18.20766210047419;
  -6.232661256966143, -0.7220416514386111, 24.48234698905619;
  -17.97462364192955, -13.00423023571756, 69.21552501975707;
  -19.10712294406173, -13.4214872786978, 75.04509647451191;
  -15.16103285152872, -11.2968812017031, 60.24904578372286;
  -4.359520462302456, 0.6616128028134071, 17.93033989097518;
  -17.55501451656103, -14.33812479217045, 69.67696434595446;
  -15.50229535209116, -14.65527520901804, 63.04816100391569;
  -4.418241603236349, 1.2251423465064, 18.70507004769505;
  -13.70601336455816, -12.02250417562047, 56.45888087516542;
  -3.769511189274982, 1.606958899180251, 16.21446929479932;
  -14.85009603133614, -14.37982097678809, 61.65751958847897;
  -4.801440543395855, 0.3656102385186844, 20.60047785052112;
  -4.608986400558992, 0.5107262916123416, 19.89487303704396;
  -4.221854285654078, 0.848139620907618, 18.38106241725577;
  -4.642046838639377, 0.1911718241674054, 20.25778225805653;
  -4.594982134347163, 0.6896902992564792, 20.10516912590583;
  -3.066813036735912, 1.57033545063452, 13.76542502892442;
  -4.286986243261941, 0.9178478565711944, 19.0088403088479;
  -4.336620909621425, 0.6989297791891215, 20.1336554191032;
  -4.203522488664723, 1.32282446364743, 19.78899235711597;
