m=[-21.54056801139549, 3.839603320423837, 27.87330924295403;
  -18.26080296687365, 3.865546849439216, 24.24396703306655;
  -20.83809123111093, 3.331404995231857, 27.84681423207876;
  -43.60860322716795, -2.854477905318379, 57.783992174677;
  -42.74183403424486, -7.900509162621061, 56.67468435290625;
  -21.04573387007035, 3.245577582930907, 28.54753192355715;
  -47.70660396097008, -14.54582842124028, 63.99819701790359;
  -20.89117294699745, 2.130822728286237, 28.799520878456;
  -20.91834582369059, 2.412008861967489, 28.84867676771847;
  -49.02178311375148, -16.28440241885961, 66.62201112411493;
  -43.88932810977074, -13.75996043141521, 60.15497585739222;
  -18.8389389399286, 3.50524967712637, 26.60107374689704;
  -13.16023057036665, 3.898064235752019, 18.99170050767253;
  -19.00716408713045, 1.885484733540683, 27.95817280729669;
  -13.32343331989277, 3.931805501059411, 20.32798110588968;
  -18.22758669144443, 1.489095985548691, 27.523122465173;
  -19.42904366006835, 1.227026822054989, 30.20402536880252;
  -13.05518160270985, 3.751393081496202, 20.89306070313498;
  -12.94596939618175, 3.702536614106292, 20.99146043601024;
  -14.87237885357828, 2.43790461149598, 25.42675635971058;
  -36.59727025790258, -4.625878789448697, 61.54179717342031;
  -15.50358890237673, 1.227007458316885, 26.72321058821959;
  -14.63017877955275, 3.128520730320893, 25.48369104161862;
  -39.12886405217768, -4.497618253957341, 66.93938778028357;
  -33.13915491837032, -3.437848488736478, 59.44012082688365;
  -35.41298232989145, -10.94341747024145, 63.53596674973669;
  -35.95807058792293, -16.06431196300506, 64.67638660961539;
  -11.84922365792911, 3.774526263759491, 22.0779944949019;
  -35.93835860702234, -16.14423620315772, 65.89057732175571;
  -23.62320451564878, 0.7473211217383278, 43.69144898365121;
  -25.52045972300547, -3.181542503618627, 47.25711414495024;
  -34.7246136504722, -8.974351382892662, 64.30765588875252;
  -27.0603650374815, -11.68066562149232, 50.67843315552605;
  -15.08874869078656, 1.268839415284946, 28.63183483965999;
  -13.28539698494734, 1.979856331041604, 25.34928129246913;
  -24.49800985774435, -9.150484345879512, 46.12905158992697;
  -26.68522788438554, -2.996302675021805, 50.4999996476891;
  -25.56325678301123, -3.704810382105852, 48.48518912319617;
  -14.71167157642021, 0.83595390534131, 28.35076114064479;
  -25.62783915291347, -9.464339979149351, 48.88572013477151;
  -13.94874895740864, 1.466776421529908, 27.57747105208042;
  -24.26061094131574, -12.14226448570729, 48.37885883872649;
  -12.51108200718166, 2.146211242638987, 25.45745119163041;
  -12.59516988373828, 1.966465698742265, 25.79873294874579;
  -12.38272177312656, 1.870343338792498, 25.74171178831605;
  -12.27169479723393, 1.93892923447957, 25.75746179691215;
  -23.88172830571105, -1.558593149787772, 49.78395333732994;
  -15.84592359064812, 1.648625289322973, 33.48747319338721;
  -12.07994432216315, 2.052981325087909, 25.84368464653146;
  -13.28383890423543, 0.9509695870429502, 28.51446932207331;
  -8.283136248295547, 3.953587141849784, 18.09510654015324;
  -11.99731390126034, 2.115553593475436, 26.79793709527036;
  -12.05168979841188, 1.817229123922222, 26.97812596957404;
  -7.630825275561188, 3.698231863547159, 17.46567248332232;
  -21.26252860964284, -1.356972876513276, 48.47075952671865;
  -7.392978092009046, 3.617653628095918, 17.55378026009443;
  -13.17523026749963, 2.062309987419725, 30.85232925404679;
  -11.46861188207343, 2.418087002562273, 27.07831693616707;
  -16.74392662685233, -1.423344379322747, 39.35971693704696;
  -6.38157706215453, 3.721913901383666, 15.4483999239278;
  -11.10248537111, 2.46752509090365, 26.58083925184604;
  -12.09979527957016, 1.959927067081752, 29.18425520368696;
  -11.58063277576734, 2.178260562770933, 28.75129302559326;
  -7.439376388587049, 3.80097343435777, 18.89459729630596;
  -6.302812039347351, 3.758671324066578, 16.1222819261739;
  -16.30601297302408, -1.29132298452292, 44.21646901385982;
  -6.773265057071348, 3.74944020148175, 19.19671037966565;
  -9.829218315245877, 0.6415626433634774, 38.06244248720449;
  -10.35301581487988, -1.553750226642069, 40.43424873617032;
  -6.9939394861112, 2.030138389928688, 32.40557326417316;
  -7.204378676910904, 2.880230927236064, 35.0426803117263;
  -3.216266361359271, 3.632394019313546, 17.5558879019495;
  -2.819289188135994, 3.711992991264942, 15.5567746821443;
  -2.863044545772385, 3.651327117182365, 17.54485538680111;
  -3.924936491824832, 3.169222939790489, 36.9814957939324;
  -3.995774770074788, 3.041207567142404, 38.19597495749226;
  -1.021180697646697, -0.09472987647299869, 12.13285054893948;
  -0.01487347261589107, 0.07598952199267765, 0.3632025293881448;
  -1.529392520384787, 1.594741808216597, 18.54529240085736;
  -2.381450957112448, -4.130966175043521, 32.22949301620506;
  -2.164132598555713, -2.662652509933196, 35.97440379793901;
  -1.193063636724602, 0.619584993322258, 22.45078918394765;
  -1.742071458332109, 2.61704450398868, 41.87149265112699;
  -2.246694584486392, 0.0006061358539094764, 57.68815089800292;
  -1.467799384086483, -1.378138410807167, 39.09494608534482;
  -1.445495553017011, -1.1717672248371, 42.28953300040212;
  -1.12232392281731, -5.993048819731126, 41.9700840191604;
  -1.073170136625455, -5.058438955454543, 41.01168951088646;
  -0.9108335991831793, -1.360300867654671, 42.60991961432964;
  -0.3289176679747097, -5.581178312528382, 38.81669126312029;
  -0.348583303382159, -5.438020298140819, 43.89947145375073;
  0.1071422920283312, -7.176339193983061, 40.8935685101727;
  0.176540795184792, -1.782871822964782, 41.37072077553078;
  0.2980743296895954, -5.24901705985266, 43.73213739517875;
  0.3672187076820825, -5.651863307256938, 44.43513875622323;
  0.3825058332990172, -1.461221916379361, 45.77654709250422;
  0.5786962337433349, -10.31888949615555, 42.61057581504416;
  0.7085630701173276, -5.717628986778157, 43.68496274337138;
  0.7396282099213313, -5.401393655409008, 44.263731049305;
  0.2098717171819442, 3.656632327146046, 16.15047395740797;
  0.9941517318648168, -7.707827497599626, 45.57554030772657;
  1.309462982562955, -6.898544703464841, 50.39706757683183;
  0.3395115587472992, 3.630633524234139, 15.64532010104647;
  1.490267834250703, 2.195371528940198, 44.24620448604419;
  1.819931852278564, -5.806841324283103, 44.81776494117218;
  0.5541485883765421, 3.538956710632738, 15.35240951453751;
  2.286161404693484, -5.772776673420311, 51.59050679619713;
  2.115042129963843, -11.35830721766812, 48.00276324608575;
  2.08841464596475, -6.074036750696455, 46.33910785064239;
  2.176856879344961, -11.55556668067316, 47.66892967396809;
  2.343547847742406, -10.5014408303721, 46.88073692961212;
  2.385738954003145, -7.333759137078206, 45.88224163163413;
  2.420938022162649, -6.131773251149035, 45.66652143145956;
  2.274265962159141, -9.822160761595651, 41.48674019060369;
  2.705188536214051, -7.281181481738605, 46.42971512772011;
  2.605384116871906, -4.704750921755761, 40.82351920008652;
  3.833894539611028, -2.626869340472034, 34.05963983679801;
  12.99891009827608, -23.49081187500697, 110.7694243118519;
  4.494315236839738, 2.953228945351783, 39.40565142705894;
  9.161599640231557, -8.240076943367267, 73.47916936181211;
  15.69257201852625, -24.0848269694434, 113.1392897644702;
  16.73988129353616, -24.41732033820613, 118.2637191719826;
  17.09429959307329, -18.31424814750546, 119.2849761121114;
  12.16212878958245, -18.75987412218683, 85.15356950348537;
  14.48712754735654, -22.84395054268449, 100.5056207195621;
  15.01420634745177, -20.9758405683134, 102.8469344974815;
  15.60924592061331, -24.75524234425835, 106.4472850337054;
  20.08970141646386, -27.73707182339377, 133.9987380543122;
  20.44931461305415, -27.17285965787197, 133.9310029382422;
  17.41614599919168, -16.31251822702368, 112.644915853591;
  17.92201491836679, -15.30538941471584, 115.0902312257167;
  18.3273007292369, -13.24305816431769, 117.1144590369619;
  18.56143006893502, -22.91289775715217, 117.0522823689395;
