m=[-8.094976018893879, 1.865080641044996, 9.987482597049084;
  -5.625088152246491, 1.942120937841117, 8.319936633495866;
  -5.246729887168, 1.939209476498473, 8.089244027670036;
  -5.987852971508734, 1.947143318076072, 9.137596786276527;
  -5.222143501861504, 1.84857575218973, 8.411569261304983;
  -4.411166205044298, 1.904537536026452, 8.819593916696073;
  -4.202373700226937, 1.894192594814724, 8.595645716192793;
  -8.298455917777522, 1.220476497164978, 16.61452054533581;
  -4.352653930928485, 1.893749604185188, 9.136001041209843;
  -4.326288207062805, 1.898922939485413, 9.199462209023697;
  -7.685701906175471, 1.357464095704387, 15.83430196286422;
  -3.858853737535278, 1.869716200192978, 8.563219601359178;
  -3.69783188965646, 1.898319580385494, 8.460047419947717;
  -3.36612354966345, 1.896163639531243, 7.91207240000949;
  -3.32215444892267, 1.879076917631849, 7.893119735136907;
  -3.794359429081649, 1.869899212852352, 9.082950850262057;
  -3.415945947698559, 1.853825437848513, 8.283911571306183;
  -3.208808370468517, 1.862784033445446, 7.884639660612979;
  -3.243160757299521, 1.891896386472927, 8.162147288431966;
  -7.593096589450133, 1.46400877649983, 19.37131247852516;
  -3.205200292622857, 1.866456570926873, 9.169827381084371;
  -8.386517718620702, -1.606925388677301, 23.7332436382269;
  -6.306535139661888, 0.5543595663483066, 18.3937773029106;
  -7.457385510325752, 1.314018101022575, 22.41943674872747;
  -8.670180522169385, 0.007666153757239084, 26.04454972360993;
  -7.008890959649386, -0.6810686471732109, 21.20187215582909;
  -7.05878952836656, -0.5349016660290888, 21.55866079335865;
  -6.780918480987556, -3.627495040993522, 20.96112419441272;
  -7.215171113971149, -2.959870835731437, 22.38577625109351;
  -6.88887197858612, -2.443531325980435, 21.44767812735615;
  -7.369427121392685, -2.855374866043632, 23.37320629318985;
  -7.224720559155798, -2.719807089562951, 23.73144018580839;
  -6.740637928269024, -2.752092054175701, 22.16479105902645;
  -7.028237487339364, -3.850581309876853, 23.41530173126015;
  -7.45571123603242, -5.918743439659091, 25.22681609438049;
  -6.484182464097244, 0.592048720613105, 22.25596495015344;
  -6.058911018200969, -0.8230523278672097, 20.85814786074642;
  -7.080301594015236, -5.695940882118964, 24.33444054449552;
  -6.437229490347858, -2.473185622282728, 22.25095660275545;
  -6.519897698901534, -2.666501421342929, 22.6168919033467;
  -7.350597688177753, -5.776381073935874, 25.71082308643229;
  -7.322472689972317, -3.167326399305712, 26.0180491272003;
  -6.188663743428204, -2.494308956539664, 22.09742778894094;
  -6.841273664849172, -3.878071242848374, 24.74006627861899;
  -6.993287656665402, -3.956682344454409, 25.74864173405276;
  -6.5318334614756, -2.876031630321063, 24.72418506900585;
  -6.10528761857413, 1.058443663009708, 23.41722345605885;
  -2.820308464031692, 2.050046552022347, 11.30235451117591;
  -6.884032746773282, -5.890626856795931, 26.87576602846454;
  -6.901911831324383, -6.09688924866586, 27.10242141234459;
  -6.144046406541721, -2.526413425246836, 24.24635739599001;
  -2.760658725943449, 1.958104662633452, 11.23323893651713;
  -6.191081183782597, -2.979265705257619, 24.49194814361717;
  -6.924422309398111, -5.740287175533402, 27.63513220649577;
  -2.664535953908544, 1.933661618156469, 11.12885342459639;
  -6.019243266268316, -2.723462153880512, 24.42108415045039;
  -6.208621966791352, -3.156786649270062, 25.25414095404784;
  -6.51989283695142, -5.827542181994235, 26.49577212677176;
  -6.345835153430777, -3.831715289120224, 26.29658574602377;
  -2.374147943475462, 1.96633100715662, 10.8816260500295;
  -2.236956380983403, 1.999675585079848, 10.89100081567712;
  -4.597516121502, -3.214741656577936, 24.46413791977079;
  -9.362785958980838, -4.608952164152673, 49.92401124144659;
  -12.20201078217362, -12.12636934998011, 67.31407050971258;
  -5.463397176371637, -4.324489038446552, 31.12356958875821;
  -1.924415910670981, 2.010277536954944, 11.32475869876384;
  -13.79488864796079, -11.43623362210785, 80.74232386813952;
  -3.161685170089198, 1.294195243950203, 20.06553876285849;
  -9.698050879159352, -9.207311377901529, 62.3590248387441;
  -1.279241679654573, 1.941310067443708, 8.434561052466172;
  -3.045143624186794, 1.324073456151681, 20.58819350538652;
  -3.303806837272204, 1.039844226416798, 22.73295820004873;
  -11.11750838879442, -10.67669817546364, 76.72905407872159;
  -8.783024581052949, -10.10741204697916, 60.75302986826318;
  -8.107156986536445, -10.31481044133133, 58.63726990916989;
  -3.334071533469834, 0.9325616828373564, 24.88598370399964;
  -2.777023130776237, 1.380878727802591, 20.77115379992043;
  -12.25964088191787, -15.41845886311256, 91.72412028926479;
  -3.195382042527777, 1.040595788498326, 24.33455928163188;
  -2.677123127491852, 1.255263847090403, 21.93302219371351;
  -2.803829689101653, 0.8660094222305556, 23.29814587919917;
  -2.96337455577703, 1.05556844917556, 25.05396090097152;
  -2.795459922963354, 1.131979880277135, 24.3125790255402;
  -2.217018192588908, 1.649837634452361, 19.82667788156251;
  -4.256585915410601, -1.125965352921932, 39.87657476923795;
  -2.410748970157378, 1.056874342794588, 23.12729126753753;
  -2.974154991149651, 0.3899148289790295, 30.84429337762855;
  -2.731692572358528, -1.064744150452599, 28.26183215866199;
  -1.91021914058591, 1.313628537506531, 19.71471541340669;
  -2.021187427742043, 1.112595679196995, 21.69769082349298;
  -2.410602489767136, -0.9425005771641928, 29.04658792670941;
  -1.659312151656683, 1.449684456959519, 20.6225751788813;
  -1.603947937072453, 1.280756431931425, 19.84437955790989;
  -2.196913434833329, -0.8670740716491193, 30.2764035820031;
  -2.009759892676017, 0.3508399555019938, 27.71877881358997;
  -2.142837727131843, -0.8396045907611616, 30.11714881476276;
  -0.8163497716365294, 2.008040571093923, 11.23238480854815;
  -4.534528809277759, -13.32093632023659, 67.43609531148357;
  -1.30340648719659, 1.024600253578882, 19.79045491383793;
  -0.707731337856173, 2.03529740933658, 11.34111982117579;
  -3.944724200904469, -13.73576612677359, 69.64388647666407;
  -5.31465454521171, -18.03634242854592, 95.85315665740414;
  -1.119193542380467, 1.685494932106036, 19.4196701615788;
  -1.095705824799676, 1.185152120391486, 20.0820638238724;
  -1.202548753012136, 0.7216813804283092, 22.35472100625639;
  -1.156711322404537, 0.6293357696875777, 22.59996838164527;
  -1.00086054221825, 1.273944497486684, 20.13289810628458;
  -1.029169451365285, 1.050099454019349, 21.75615080260291;
  -1.081032450919139, 0.4121329238750174, 23.03975805106809;
  -2.856957028734297, -15.84265092642674, 67.01230872201677;
  -0.5877617689548222, 2.078261438691726, 12.18958789336323;
  -0.9222880974825111, 1.359909890982156, 20.78857433553744;
  -0.6103643047699103, 2.172943450419558, 13.67176598213384;
  -2.36579983896761, -10.59176472252695, 63.46781778134761;
  -0.8432741002462219, 0.9765524907067383, 21.38514596796836;
  -0.6830541430926534, 1.052170370388458, 21.95599989657845;
  -0.5096994371474644, 2.136475969818388, 18.01090271875177;
  -1.562747659715287, -15.64125773532426, 64.27467246879657;
  -0.5524276082409735, 1.014153720881466, 25.96483832263638;
  -1.468304140651813, -18.89562035133836, 82.43147912011044;
  -1.030976334984158, -14.69384776156986, 61.02651693035838;
  -1.126637579439824, -15.41006470038089, 74.73986619818066;
  -0.7655369993696294, -14.91337541801512, 61.07524042068865;
  -0.6532307843266882, -12.76877769000453, 65.32272901648373;
  -0.2275210459587629, 2.091290684987714, 18.33917136333103;
  -0.425582101384563, -10.74579910622462, 62.65492577518334;
  -0.2353012488979079, 1.521078770835879, 24.47510576076207;
  -0.4338771707938526, -12.82784582559145, 63.39119743852023;
  -0.1116416788645545, -14.23578170620837, 81.39191160044292;
  -0.1026864201386655, 1.93514421678047, 18.63359756358814;
  -0.03119254478951277, -10.70581850650075, 64.70193534545997;
  0.1127101054758163, -10.87453873846206, 64.21895310030811;
