m=[-22.81020382978005, 1.868681495851705, 28.80681556632785;
  -23.13639757563251, 1.748617855142585, 29.76025873644014;
  -23.25558395531452, 1.521104786541942, 30.13555338804241;
  -21.89759250279012, 1.098832060791805, 29.11946930365503;
  -22.4081891144766, 1.421111849935771, 29.85470684362846;
  -17.37547949452592, 4.144720951584703, 24.36766839007809;
  -45.25734004071945, -5.046013593214909, 62.59009053173921;
  -45.16181045047243, -4.57569501862273, 63.37841590989248;
  -44.7109900109624, -11.81414919892796, 65.48272624657305;
  -39.66285533377448, -3.657133911720369, 58.25516396286046;
  -43.32714815724788, -9.588758378828238, 65.31398599431485;
  -35.58670622749994, 0.8142336578929436, 53.98371947789138;
  -32.48779100256704, -3.545822982025581, 49.38429877753976;
  -33.6155883461598, -10.34074671283643, 51.12019997701491;
  -35.7510059120888, -12.98695041709261, 54.55294596525464;
  -32.08674355308629, -10.63232211231565, 49.20303212365216;
  -30.73793387998947, -9.758559712926896, 47.4476962840269;
  -31.68625670385474, -3.974266330972605, 49.21599615396426;
  -17.71496067069153, 1.156473400022695, 28.20141021748558;
  -16.71336239426421, 1.990056594837739, 26.84344783628528;
  -18.22305266519416, 0.7846855127883911, 29.37473252430503;
  -16.71870755486839, 1.900150039021182, 27.6410096126816;
  -16.96308596055669, 2.116485337689713, 28.10790099269165;
  -16.25702404884855, 2.203399608257975, 27.57999049030378;
  -15.9920004587392, 1.894613281182897, 27.63751103320756;
  -19.62911539040529, 1.55829418546753, 34.10929360936159;
  -16.81448447249026, 1.825414935565437, 29.72580731959238;
  -28.21387145182479, -7.362830823810099, 49.33428010166598;
  -10.99331222176891, 2.827125667412943, 19.79998666611511;
  -17.41603408253518, 1.634204325742931, 31.69867390356216;
  -15.56824339654987, 2.131617258031724, 28.55867871181316;
  -15.84280039327779, 1.841089637695333, 29.09074383308935;
  -8.850484115935474, 3.948037068856201, 17.00841579581508;
  -10.45918727299657, 3.959299958057971, 20.0573887575007;
  -24.40372782852561, -1.793457805704928, 45.72592608364247;
  -16.11065156603764, 1.92882511039317, 30.62465753705522;
  -15.1307455245773, 2.458046288356398, 29.02891284357855;
  -8.695094508577419, 3.940460388976487, 17.09429921964003;
  -15.50439803781683, 2.652381042416687, 30.05528873909172;
  -10.23511790097597, 3.879666618033459, 20.21248736816224;
  -7.895244475917983, 3.705374072843942, 15.96752459805781;
  -24.50854427869782, -0.5570230089246513, 48.04639148455772;
  -8.776682867433184, 3.931570684825567, 17.81703899077401;
  -16.81399208851166, 2.439058649780668, 33.44942422109726;
  -8.828720245104183, 3.903322583879457, 18.19366827965977;
  -8.598516502863792, 3.89472861691495, 18.20348502401003;
  -21.20506659468148, -1.347454594138872, 44.72677596391237;
  -21.35131820268504, 0.5820974488133068, 46.36708391436488;
  -9.925308305739614, 4.092510008873813, 22.4791995224309;
  -12.47499786132373, 0.4943382851717898, 34.84362202752831;
  -14.81753018341485, -1.669159053840464, 41.49976588556925;
  -5.329959542861976, 3.897844165215134, 16.44254812162787;
  -5.035248116794413, 3.761441937757887, 15.9259739895279;
  -10.34017928849963, 1.653763603240158, 32.14663976853361;
  -10.16120854761062, 1.85940978008652, 32.40544370861533;
  -5.491950145133671, 3.716099355145024, 18.56488304203648;
  -12.34893576796005, 3.289731105087692, 41.01187310533838;
  -5.839973142405457, 4.164910123904534, 20.5636226610874;
  -4.614692281735852, 3.921255298085891, 16.39372968402842;
  -5.620710851520322, 3.832104550735248, 20.34536622525199;
  -4.74549783499247, 3.71495640666848, 17.38627557517033;
  -5.196459410415175, 3.813286354486893, 20.18020050344384;
  -9.58439238915895, -0.5980777453947227, 37.29012672663054;
  -4.680094749162039, 3.873459437752737, 20.01634656266649;
  -8.047248552409526, -8.105788006464675, 36.36872060873566;
  -3.673530210666014, 3.705067837477011, 17.0093588636094;
  -3.790977601747472, 3.650112376516399, 17.96506307761056;
  -3.514242430850568, 3.530520181972977, 16.68611094226886;
  -3.256116161260958, 3.68121150514575, 15.47230868896653;
  -3.477534383766252, 3.65916319249827, 16.81848182958866;
  -7.30672717962401, 2.648436648199298, 35.63170376126896;
  -9.212608994484674, -3.904424217975357, 45.45563254532629;
  -3.286182568900187, 3.631790423582257, 16.56544787616712;
  -3.137540971201225, 3.551648897028862, 18.19833637747518;
  -2.910059754304092, 3.604927038517206, 16.92568018589857;
  -5.999190994262309, -2.738908398761177, 37.03858306943098;
  -6.432425499512309, 1.062011106577916, 41.69814231326279;
  -2.759411350522256, 3.630945946744192, 18.45745091184615;
  -5.986547221462369, 2.40481400266636, 41.65523219866561;
  -4.438796266006507, -0.08031281522291928, 31.37740381560232;
  -5.620970561661118, -1.47299598292685, 40.21245829545036;
  -5.378160690618132, -1.141991940709954, 39.34408605275564;
  -4.256944064350496, 0.09882573817814548, 31.35666032928929;
  -6.142496718401299, -6.661332421491308, 47.42646614721669;
  -6.299180014955252, -5.938392191697902, 48.84008103257185;
  -5.672599907585496, -6.032914976712851, 46.52372119199628;
  -2.22200410074542, 3.665571889174972, 18.34114999095987;
  -5.708027734145274, -7.218073755451697, 51.06481762581612;
  -5.346264462151568, -5.867974638064954, 48.13721638020229;
  -5.359639998473392, -6.389273102686677, 48.30606256443414;
  -1.95176651498771, 3.743804312510873, 17.53810923913189;
  -1.973621205049761, 3.539074614766379, 17.73104069113855;
  -1.77837975884186, 3.553558903725127, 16.24827131155977;
  -4.856803796874345, -7.955256406630933, 45.80518618480208;
  -4.646899125035182, -11.46811020187933, 46.48843883507375;
  -6.242280030507192, -2.782428766762768, 63.11433515671345;
  -4.308365616062231, -5.663071696368879, 45.30028498667035;
  -4.540717624072626, -11.68974589711309, 47.50019581854163;
  -4.518479599682253, -11.78189276240503, 49.88382791314326;
  -4.821786094052758, -7.091236380716142, 54.9998145222001;
  -4.647044732338577, -6.401852335915393, 53.27357299192995;
  -3.960893807770872, -7.966969018801051, 48.21698356589332;
  -3.220091936830653, -6.702786204744849, 41.34378257900966;
  -4.013784732948168, -9.563358568483121, 56.41104390646789;
  -5.302856183272525, 3.430210077024046, 74.83535968698706;
  -3.138122017707861, -5.443940967329827, 44.40826287218378;
  -3.310619437286222, -6.029781045528935, 54.65625036192338;
  -3.199489033084972, -12.20167758056277, 52.9902441565335;
  -3.252300058946377, -8.658679546437735, 54.46870390370732;
  -3.099367301182323, -6.731441268960228, 52.25644830794992;
  -3.08360867998037, -12.38680581243877, 52.4714143725624;
  -2.992634528877807, -11.91185422259247, 54.57823808138111;
  -2.829072862879083, -6.309226860958519, 53.59872491438519;
  -0.9591794285763726, 3.605039161010249, 17.61003862090793;
  -2.884689676899106, -7.370358125592324, 55.86018861875382;
  -2.714983998993632, -12.49334284574108, 54.0855784149928;
  -2.414949494943003, -7.967183485431976, 51.92318859789641;
  -0.8288642181708338, 3.653556174150403, 16.64619561176963;
  -0.5279652724163493, 3.516200833638286, 17.04733244230666;
  -1.099819121739925, -5.755953345894888, 58.77961067387771;
  -0.7078700571199689, -19.23871632290667, 77.75846744887905;
  0.1089294697262215, -24.71653673936159, 102.7587221453722;
  -0.07115700498433802, 3.535223430636909, 14.67592138014557;
  0.6792351613145821, -34.5078957614483, 139.855126503311;
  0.04379865082954809, 3.568810312839675, 15.91586160332165;
  1.053839586999868, -18.67080685436536, 89.04784979533586;
  1.842822938311949, -28.99305200843503, 135.5365683232097;
  1.634520009159072, -30.36464231577165, 119.6416940997058;
  0.637016800399604, -7.637639388452442, 49.88740243557184;
  1.050544541666306, -6.23680270978925, 56.07413074043792;
  2.929997154034809, -29.11444323550715, 124.5829725227643;
  0.372785217515031, 3.387008978402115, 16.04797781124983;
