m=[-50.08775824917132, -11.71642634745367, 59.961588675105;
  -52.61072201460875, -13.82569646421037, 63.21687936917403;
  -49.34280733022863, -12.18787300813493, 59.37680928530696;
  -44.73931860876569, -7.237534987709926, 54.97167306761716;
  -47.462568738793, -12.23833990970259, 58.76289319010979;
  -36.7711493220749, -7.323675177531466, 46.43854634548025;
  -49.52137248519551, -14.71372220299362, 62.66182181144787;
  -14.9202875960435, 3.188793385762257, 19.51966874250631;
  -35.37678293933754, -6.784144069435982, 45.15158499480959;
  -49.96374536821706, -15.86882897634344, 64.03004280022547;
  -46.55103545092499, -13.70016638207897, 60.36469600509801;
  -17.44328728000133, 3.184726507553963, 23.18478771490636;
  -34.65303032524658, -6.096569053635428, 45.51123161194086;
  -35.34204322945267, -0.4351571610488592, 46.52475123910774;
  -47.17343532896764, -15.16038166683359, 62.09864953861695;
  -35.09102340361532, -4.451813547829236, 46.40887540008341;
  -41.68558071388249, -12.17610427961927, 55.72450141451707;
  -14.43108736942776, 3.056252156789756, 19.90408638310812;
  -40.3839452218497, -11.11935066607777, 54.39115283375071;
  -33.08326670107599, -0.8329330827085878, 45.07370620386866;
  -17.92926940721355, 3.105359881423747, 25.31876771881542;
  -35.91003346077059, -11.59331485225363, 50.00855674917023;
  -39.64255251572804, -11.80677636713911, 55.30824805037523;
  -35.94708061633551, -10.14920086279629, 50.26216654699144;
  -18.02047681185336, 3.148102047028797, 25.65230290082542;
  -34.1719642394259, -9.952628279124072, 48.75541741604967;
  -15.52637159573762, 3.187897114485816, 22.9000091471877;
  -30.59447771890541, -9.127314344262622, 44.39206118332001;
  -33.32045251707965, -12.20892206539533, 48.54972854025657;
  -36.98662383438117, -12.98850202448838, 54.03651733917541;
  -30.57409697323242, -0.7916437647030541, 45.58906040361998;
  -28.17069250436653, -6.259811144814051, 42.43018861479164;
  -23.96030523640419, -5.359825746284355, 36.73046068086978;
  -15.06186914492762, 2.676155957731574, 23.62679130156284;
  -13.72022861004962, 3.226518125338965, 21.64870838138661;
  -12.79455235421416, 3.230605396237355, 20.3362366062238;
  -15.21225166665992, 2.666399952637234, 24.40746472575844;
  -15.01232632746122, 1.698697688939309, 24.51273293448568;
  -15.18457770907291, 1.959351796219029, 24.78875963322403;
  -25.30885440861703, -2.155684530759868, 40.85419636829981;
  -26.65675562303249, -5.992443687762493, 43.06876821715113;
  -26.98684629415501, -9.867018008903767, 44.23576475576984;
  -13.27440740457844, 2.900968835519272, 22.30423841816716;
  -11.48971483144327, 3.274540048013719, 19.61373898073647;
  -13.38961875986484, 1.480878259128805, 23.42487487199701;
  -13.12789849490098, 1.335471916904798, 23.51863089645141;
  -13.1111744612816, 1.177389023596885, 23.61443087439843;
  -13.64047939470743, 0.9465908968011046, 24.88873799171889;
  -13.44987365702986, 1.122186718807965, 24.56476503643675;
  -9.790671897302948, 3.355411101203601, 18.41838479446486;
  -13.44781384690378, 1.167016494959845, 25.26383253095551;
  -9.936883247797365, 3.288058701651275, 19.16263825660876;
  -10.07107395867109, 3.445892320819408, 19.69173498152268;
  -9.544109580825092, 3.348576197984093, 19.36837953909957;
  -10.7685710496324, 2.782082942961572, 21.90401369484615;
  -10.26317748364877, 1.987956859112258, 21.20929771881001;
  -10.65853808644742, 2.302798611268578, 22.08234455629456;
  -10.41350689402101, 0.9174817569256203, 21.76398942273191;
  -10.44714102291617, 2.679573172816141, 22.03932324782949;
  -9.895850473455786, 1.246881882765003, 21.36234346616719;
  -20.46228931811823, -3.386661455218021, 43.26831288422923;
  -20.07107557333813, -3.043844662960118, 43.32037362176595;
  -18.22153817399874, 0.4881731887519442, 40.18188311500212;
  -18.12124404282812, -2.429462274573546, 40.15509599337477;
  -16.30600455512034, -7.404025607598042, 36.42576484224589;
  -15.40308501496192, -7.178462765042625, 34.42641753993567;
  -16.20732760283758, -7.509512075808439, 36.67233769426829;
  -17.26761282449277, -2.429827116130047, 39.33747387597964;
  -19.24512486017374, -7.667484357667791, 43.98740078782122;
  -20.30049059562365, -11.53016017309815, 46.48879772053751;
  -9.027092309357855, 1.617647082126066, 21.20044142082943;
  -9.344618647329785, 0.9231698372006019, 21.99129083819859;
  -15.69000901587268, -7.255385764001039, 36.61241155946761;
  -15.25429507437825, -2.527533440992095, 35.81639205266459;
  -19.99459902637636, -11.47204909708588, 46.8600874720989;
  -9.321957815501756, 1.740627518843475, 22.33092961994623;
  -9.990922029030623, 0.6076779980143386, 23.88162295075204;
  -16.89221425165581, -0.9093054124614292, 39.77522915576203;
  -8.892981453308027, 1.915080463587363, 21.52023896050731;
  -15.16243772400269, -7.331963646242372, 36.27384125851621;
  -16.59311313225897, -9.287535203838372, 39.75780722065402;
  -8.679144841326471, 1.659084449155721, 21.29319025053595;
  -15.10183249844032, -2.910445344552744, 36.49594427093238;
  -9.17002082739646, 0.9226363017203914, 22.49283077609339;
  -15.81135617692405, -2.407420533945832, 38.20873388403295;
  -15.33824014160168, -7.272053252496286, 37.21479649733976;
  -9.270562676889792, 0.7205607116159124, 22.7777974559762;
  -8.496313305937173, 1.667837838963845, 21.26495151760463;
  -8.937531444905984, 1.148054247003587, 22.45835773464716;
  -8.55356808494833, 1.80393247993729, 21.74379469660423;
  -8.556065741221651, 1.638436643834036, 21.94784933332114;
  -9.623592315364503, 1.325555135107025, 24.74600774743667;
  -8.340575080812627, 1.545737798987155, 21.77807981849251;
  -5.645632641773632, 3.513657111753601, 15.16201724471772;
  -8.233401074749045, 1.605756384223483, 21.77320239000475;
  -8.085600188504163, 1.711767373827876, 21.90974024619334;
  -9.161515229362509, 1.169813932485127, 24.83882487809885;
  -13.48930844786196, 0.2184948794913363, 36.73980328576474;
  -7.865510130734972, 1.425320475669591, 21.80317546283241;
  -8.181034287828236, 1.77870322941585, 22.65581214129135;
  -9.383498341602492, 0.7684829027328235, 25.8869294376108;
  -5.60080616603981, 3.608325795404681, 15.94763822772588;
  -7.616888785351048, 1.684207487246707, 21.82926275988223;
  -11.06441435035552, -0.4016957492132079, 31.87744362991509;
  -5.282600528224065, 3.471301161137562, 15.82781613520472;
  -5.258648324609615, 3.478004861013269, 16.05805661604434;
  -7.491108322881907, 2.061895205068238, 22.63687417458724;
  -7.473650489311229, 1.595698806884074, 22.59272755420766;
  -7.696071548471267, 1.535250135042964, 23.6178801957434;
  -7.457670298060386, 2.154696689084949, 23.37496446318147;
  -10.31514944554652, -1.292369707264308, 32.34779558924065;
  -10.83966562235379, -6.299663632881034, 34.161581129551;
  -7.309124724030981, 1.48554668595325, 23.27121824226558;
  -4.960978180045288, 3.485460190919159, 16.33813621773484;
  -4.787420346610219, 3.30377295147116, 16.90631995603905;
  -4.655129439847573, 3.702977349943894, 17.88519624708677;
  -4.8815547994666, 2.746189982258497, 30.39457752790085;
  -3.465880138213451, 0.2431167305783828, 23.54106861065015;
  -1.18350996171817, 3.39222896939999, 14.97711814769527;
  -0.923929928849101, 3.334472601229754, 14.76381634090815;
  -0.848771927075522, 3.382565496605016, 14.7949356499378;
  -0.5015057737125888, -0.2906485867148133, 9.826601495581103;
  -0.3423858286040987, -6.964795311309565, 30.11530915532987;
  0.06647401408768458, 2.677660158395694, 30.95743199917231;
  0.1368675565625907, 2.595250882704748, 32.53062549243904;
  1.343834734817668, -5.087521448359946, 36.13298650354374;
  2.235075714557474, -3.699860807672446, 44.8435983399998;
  2.927785519173711, 2.596051619344855, 42.13422006722436;
  3.043157808829165, -0.1898931789860319, 42.61828908806918;
  4.127925804197267, -2.304509022542894, 55.84201803450949;
  4.571850977339043, -1.966929878081643, 59.10349127354817;
  4.55938269263315, -0.7297758304376278, 58.83503840898203;
