m=[-11.40284190507869, 0.771856677264594, 14.04812597879545;
  -5.37935233011359, 1.985871576067662, 8.341694607588826;
  -5.677404652715842, 1.972509133114345, 9.133400154670202;
  -6.627859869779636, 2.006581973735009, 11.21328169246992;
  -6.60865135347653, 2.053189566646833, 11.59542421323445;
  -3.960759380420214, 1.921770582285333, 8.505784139420502;
  -8.054920439851738, 1.507002627885422, 18.19367489452209;
  -4.404465895878153, 1.910196309173913, 10.91360174432063;
  -8.691459885346788, -0.2477485953294503, 21.4877861022075;
  -3.349733998314143, 1.869991111850058, 9.860596503303274;
  -2.994190289512242, 1.861997846417459, 8.909082533956287;
  -7.080549040007723, 1.509110280927883, 20.37690600194463;
  -3.622735631869046, 1.881694172870698, 10.70388478113263;
  -3.211063446027839, 1.856419917644068, 9.582987964114237;
  -2.7937815843784, 1.860008355804673, 8.424517255265055;
  -2.98217694652203, 1.895364341996209, 9.060627442096111;
  -3.065092161459825, 1.838160629171457, 9.449521052151061;
  -2.836915266564992, 1.838221374350155, 8.982324555947072;
  -9.896549023908015, -2.255233934546969, 31.96386964601953;
  -3.020726741355893, 1.872002376579036, 10.62304613177889;
  -6.817483998398001, 1.351538907318303, 23.70472982439298;
  -6.351509592601516, -0.03171703590521813, 22.16679962682303;
  -7.219277945166971, -0.8654499312940887, 25.28635050576176;
  -6.923090237437129, -0.6590627340824541, 24.53275374311211;
  -6.874437406803762, -3.354528088229382, 24.82939827324858;
  -6.677820502555191, -2.823687569628649, 24.22381797037376;
  -7.14589184226761, -3.307389600917712, 26.49629523772256;
  -5.734870990476304, -5.097117931680169, 21.41012043695849;
  -7.107531091477813, -3.736791506961064, 27.29144240419414;
  -6.990123104574582, -3.666650352623602, 26.93335904385952;
  -6.944262657705568, -3.418571219444472, 26.8438427329229;
  -6.642297597833589, -4.369887792780204, 26.09511848625208;
  -6.769553391918333, 0.6640169109184554, 27.46598512967609;
  -6.183577090001935, -5.902626098369864, 24.75853139685139;
  -6.222712247066748, -2.898839666905897, 25.498547634298;
  -6.383133800725812, -6.184059813727631, 26.02235094625238;
  -6.40889185791517, -3.181424411549642, 26.40162391184548;
  -6.482906242128526, -0.8462009788588363, 26.90133490826208;
  -6.404022136136183, -6.083670371818966, 26.65772070817224;
  -6.481523299660923, -3.421301642194164, 27.51531447684386;
  -6.4506227667057, -3.182478781583932, 27.46635552645881;
  -1.773179218241665, 1.818801966112659, 7.966976434752542;
  -6.184449363804428, -4.276120346491033, 26.78289128529109;
  -6.297117853156523, -4.355412738495964, 27.8205586455426;
  -6.406536433416055, -4.765178188643171, 29.13792836617309;
  -6.588162364134909, 1.347106124346017, 30.52039916482078;
  -5.924165159826826, -6.268435623644162, 28.16330855869217;
  -5.219308951932161, -3.129209194189307, 25.16103249464216;
  -5.776656565001894, -4.265649164869644, 27.79525302048968;
  -6.004077082033708, -6.566405973637882, 28.74104598478557;
  -5.887477809936065, -6.067934613038133, 28.74429273864914;
  -2.022961094105197, 1.825252037764883, 10.21558185987422;
  -5.799417191940946, -3.695753814981985, 28.93885804563554;
  -5.827076498423265, -4.427566895061623, 29.77987401432116;
  -1.811607691264312, 1.843222367405294, 10.28901989357735;
  -1.682727034372515, 1.783621384789562, 9.567998357417542;
  -8.710899849626626, -5.822129130108829, 61.49204905128432;
  -4.944521575669374, -4.70940488995835, 34.83345976783352;
  -7.594939457899526, -8.716009146198301, 60.98711172188827;
  -8.225070806070338, -16.73656672772416, 71.96728894443099;
  -6.010611400817011, -12.42043961365587, 52.19696298286159;
  -1.836157408750159, 1.053099660435797, 16.29896696599977;
  -5.524337740176805, -7.537029448536539, 50.48835917440385;
  -1.685615899970652, 1.056933427475934, 16.39146898714098;
  -5.875725621332911, -10.05346444666509, 59.71422104274883;
  -1.785090478287846, 0.858305379194046, 19.14353162310341;
  -1.364417996275152, 0.8053966597593073, 14.62391872199;
  -1.657315848951745, 0.6887929187334665, 18.72227324467365;
  -1.489538575563355, 1.120475443132167, 16.80949120819022;
  -1.64718483667028, 0.8151683602466245, 19.1768718316977;
  -1.304880955133986, 0.9764171212895201, 17.01511433520942;
  -1.355645506993519, 0.6682771090064926, 18.13543417378612;
  -1.413115994558531, 0.8149376543916227, 19.47444491243951;
  -1.201405919487816, 0.2828432267269761, 23.74090906035404;
  -1.219482588853256, -0.5809294173897882, 26.08742558983865;
  -0.8017690670726924, 0.8657983271257911, 16.83942087868183;
  -0.8930793690689335, -0.8347954373134228, 24.20283189219372;
  -0.7403133438861612, 0.4733896784391183, 22.00755154541672;
  -0.5564496395539723, 1.055846669177247, 16.2124819931067;
  -0.5532831845815119, 1.146126988742645, 16.14590787451684;
  -0.6446656858223073, 0.7179935187175648, 20.05855038224419;
  -0.6009147076521221, -0.6943311302377347, 22.62087373440989;
  -0.5833166294288167, -0.6965513680911942, 23.34094309330071;
  -0.3309424438038059, 0.9154562136216181, 17.60423226258291;
  -0.6367339559976434, -12.38857626356299, 65.10530765372612;
  -0.2119243691812825, 1.917619219477445, 15.35077205672943;
  -0.2500381655485013, 0.5564327386512422, 19.21771201524879;
  -0.1761661243108465, 1.468063180465169, 16.66429691620179;
  -0.1414525122823394, 1.841440127777569, 9.841916926011855;
  -0.1228394301216916, 1.007395248651222, 17.00882319777986;
  -0.114101869545899, 2.005300025472435, 14.57108265082067;
  -0.07960911444427939, 0.5461320325025562, 19.93568661183043;
  0.1176893974106991, -14.25940661290558, 64.79897014593844;
  -0.001949334232851979, 0.9554142981397179, 19.74096811659581;
  -0.01745363822578542, 0.9234071810730909, 17.05928304700709;
  0.6173140312016907, -15.72919874714823, 67.89397691506322;
  0.7301595108184426, -15.35620974946774, 62.87012140651193;
  0.2830309238418157, 1.520315063921914, 17.01033226959613;
  0.3082400934508319, 0.8936528075292252, 18.61375407496701;
  1.37698415372723, -15.25686006554071, 61.86087851454978;
  1.574483058521385, -13.94361098114602, 64.00190300311833;
  2.068866099108777, -16.99119081081306, 73.15615896527883;
  0.5354562604696695, 0.7955942326232676, 20.68248844218864;
  1.626260870302572, -13.48141077097377, 55.20649560396955;
  1.944255852563636, -10.36510158683118, 58.2178263965437;
  1.936440873334594, -14.091478102512, 56.88638960936149;
  2.161489935739011, -11.77745996205725, 59.36007832600245;
  2.308192564942455, -11.9729802894891, 58.28798912350806;
  0.5744098752540346, 1.886491295713674, 16.1386283288601;
  0.7767166216258729, 1.278216639194076, 20.43895233879925;
  3.008166151387508, -11.91209554233991, 67.10048159268257;
  3.015788249358649, -7.402547626979507, 60.22605796324743;
  2.560428064018223, -8.709034792440678, 51.78666515332104;
  3.346195655797704, -10.26625048204212, 60.25064917808744;
  2.73683330883486, -5.274477122524191, 47.33623357343371;
  3.565766935310413, -5.794226936343611, 59.38593624750359;
  3.685291017799875, -11.56528430550504, 61.71848463181576;
  1.661625300550771, -1.964925184697723, 28.14861780010353;
  0.6401952273653232, 1.919480091164152, 12.43682829468813;
  1.031831915548896, 1.816798988148171, 18.10776308212153;
  4.061374015784407, -10.35601002807575, 58.83948540328564;
  3.033902165879871, -4.269906516249629, 42.82819078660702;
  3.950197822246552, -4.84290343863467, 54.38326183255313;
  4.323967540945994, -9.58323909426322, 57.6713298640603;
  0.5504866800804195, 1.831652643904749, 9.567082355114266;
  2.242727600765407, -2.093593768977049, 30.41540197415624;
  3.895021660922519, -7.077352448683066, 48.52518017344278;
  2.482109013632807, -2.60374831326043, 31.51914328583941;
  5.076669357934577, -11.29800821996484, 61.9986422001097;
  2.556439263357515, -2.29698480696799, 31.59521335067424;
  2.601818877691398, -2.778923334140371, 32.10431699046777;
  1.973853851965697, -0.782138002301219, 24.79051818739028;
