m=[-24.74947923762773, 1.563382265895233, 29.89258125531422;
  -17.46998662025009, 4.072321250787296, 21.98070778860759;
  -61.9204010681034, -5.716909825460637, 79.43851066581206;
  -56.33710135424398, -13.81562711930785, 75.29965737802959;
  -52.8884185358823, -4.424756335275394, 70.99304546108209;
  -53.25336894718311, -0.4021092993584125, 72.04371317671429;
  -41.58659158063164, -1.16320756930272, 57.31418458852546;
  -58.59462605676253, -11.93019588389678, 80.49216173023694;
  -39.94556905413467, -3.980713034259396, 55.5816528869526;
  -42.92947864436208, -12.12808443738217, 59.6201973109368;
  -19.58262958464353, 1.299193586510254, 27.71814673994837;
  -41.02295285882097, -13.72554755031568, 57.18593294009222;
  -36.73629144652259, -11.23327400287089, 51.55071063936239;
  -39.00696902887498, -11.40476331143844, 55.0322950000711;
  -40.98468179316514, -4.697022300059992, 58.18102525449243;
  -39.92457452890913, 0.9999004465718644, 57.02267160348476;
  -43.4934096299042, -0.359078172925563, 62.12454327077189;
  -19.89147297602467, 1.455578186960163, 28.83178780561532;
  -19.97079436274597, 1.249400749212789, 29.42203282751993;
  -18.66161536643853, 2.072554705588486, 27.76844492814573;
  -14.08405828366483, 3.915115378794307, 21.20004940393123;
  -21.24968401984232, 0.877395101421087, 31.61735313103353;
  -18.60048821477507, 1.957376138381839, 28.42510215370974;
  -18.36856388460688, 2.308684887488329, 28.76406805537114;
  -17.30781338424538, 1.91091072655882, 27.61313614141476;
  -31.48288878500948, -7.483206839061299, 50.09873181353972;
  -18.6385978196957, 1.875529803509138, 30.30224643172947;
  -9.763184028825089, 3.882144390980697, 16.65422800578921;
  -17.99586527277384, 2.27224422087612, 30.29563872546448;
  -17.81915672104438, 1.910449456265925, 30.02818381782335;
  -32.39106902336386, -2.103950408883634, 54.9965950336689;
  -17.8703797210234, 1.967267806296912, 31.08162808046757;
  -11.41722351380041, 3.929814631539176, 20.29056602630527;
  -17.30270867110061, 2.574796834513612, 30.37611437273661;
  -9.55972041715793, 3.859851033109666, 17.13428264519102;
  -17.51580413851845, 2.74185898402904, 31.03457392909561;
  -27.28712134711741, -0.4756144496976581, 48.42303908731275;
  -28.86092945062446, -8.721893532631226, 51.19742357094467;
  -9.354164187271499, 3.82410497840984, 17.11899719136222;
  -11.67735660181112, 4.015180217987912, 21.29008390026439;
  -18.6070822402887, 2.48547965998508, 33.71779471761238;
  -9.632297847347633, 3.883609447596823, 18.11550948319287;
  -27.67774748805099, -1.560258852044169, 52.51580801397503;
  -9.268353603367558, 3.76310533049442, 18.11731010852652;
  -10.77135389855105, 3.842909936357402, 21.26002331943935;
  -25.47499272590688, 0.6521239964886493, 49.71089741565183;
  -11.04641002395879, 4.070229444351007, 22.79000505128302;
  -22.46742650711639, 0.7842301560139151, 55.03599134817424;
  -19.41543081295275, -1.909379720068532, 47.72309479629728;
  -6.067972848320086, 3.751236380284114, 15.52740055986489;
  -13.35735899390679, 1.837476709735222, 36.1730105109073;
  -5.817901563157538, 3.68600514410663, 16.32863352816037;
  -12.94870842428929, 2.051968647353113, 35.88103725692392;
  -5.50171380330132, 3.745927219395773, 15.76666905313411;
  -12.79312613708332, 2.93322375460055, 36.73423402962656;
  -6.56184031105637, 3.738519846147427, 19.38283308375348;
  -6.373597348792432, 3.806153418506141, 19.50102499204077;
  -5.245038270738077, 3.711926791635334, 16.26917861824853;
  -6.604494321805118, 3.760219523584318, 20.65899644543238;
  -5.870907509145402, 3.817493334558351, 18.60226492475188;
  -6.126328783984479, 3.705440177049055, 20.33836609428041;
  -4.524008989739398, 3.647931317904763, 17.50518487615842;
  -4.809761774169471, 3.824774608152564, 18.87986165042875;
  -3.920246432175107, 3.625357360413891, 15.51250572319563;
  -4.460604973513618, 3.688584040229539, 17.77793758174315;
  -3.936322058492254, 3.786849076782935, 15.73737394059923;
  -10.76664435716933, 3.107075805970248, 42.58556815522707;
  -7.010817384375399, -2.330440121922845, 27.82096378194915;
  -4.326316035406503, 3.714604363359363, 17.78800836295445;
  -8.797295844453196, 1.510925837838032, 35.96598726418554;
  -3.861925560700394, 3.687049544434756, 16.64479620485045;
  -3.842529390139527, 3.771236322409187, 16.72834676411019;
  -6.635397273713696, -3.752726778524864, 29.42707325134927;
  -4.330151733965115, 3.710616400287266, 19.86733072109929;
  -3.998892586482633, 3.731511043507528, 18.38828140976934;
  -3.496975009638631, 3.641345876676775, 16.27475607361544;
  -9.1111199012499, -3.178169958567901, 43.23136441413271;
  -3.936123664803832, 3.779840568969468, 20.10574883704827;
  -9.786576375769812, 2.870261654028891, 50.95432281444357;
  3.284316784521157, 0.05572713933191489, -17.2259696946635;
  -7.207936399279448, -1.402403398695307, 38.21339562457039;
  -9.575646179112784, -1.520822489398779, 51.6299437312525;
  -8.44237951455562, -6.576880699908537, 47.19153958056466;
  -8.069035542299597, -5.46940316705694, 45.33577315118733;
  -3.139514062258124, 3.690859135818659, 18.25415803347079;
  -8.013787114617529, -6.018195629747776, 46.75557005844878;
  -3.30048662417719, 3.721731373032764, 19.5625990278537;
  -2.487819592065089, 3.702301076257756, 15.36615167600839;
  -7.390892176900383, -6.428619579915037, 45.88044625756848;
  -2.928170486080461, 3.728946198534808, 18.42210524961069;
  -8.519998595845671, -6.441433815891482, 53.06409659990687;
  -7.434059915039872, -6.083084966951502, 46.36119188613079;
  -7.596550722545373, -8.400559905402258, 48.78249902936776;
  -3.062252928821465, 3.830101726672929, 20.04377593148032;
  -2.320046179391983, 3.747672727388074, 15.3891303762811;
  -1.810526353744595, 0.2840531920539435, 12.06941770680181;
  -8.879261328996803, -14.52747243389427, 59.2803405252279;
  -5.184202249833668, -1.543350142604966, 34.96270608535897;
  -7.442508193982311, -12.46580690941367, 51.13288558121669;
  -6.970155102308171, -8.138208284779427, 48.0225929046521;
  -4.350426588340165, -1.006634760677675, 30.19075542927177;
  -7.062042971758315, -6.062958604730472, 48.80158559406167;
  -7.87534680845675, -13.74851954528414, 54.78007709874803;
  -7.243444449058894, -12.06317265998454, 51.54945485726876;
  -6.595917731977471, -6.152487506372959, 48.06615993834158;
  -2.31758803327184, 3.776430186548197, 17.05067134050877;
  -6.803058027000665, -5.949202723468341, 49.82298579750893;
  -7.105280094026078, -8.838312449204118, 53.83782812809167;
  -6.419932973155153, -8.099597525530605, 50.38064665679391;
  -2.035073526260724, 3.787627002642122, 16.85687936160942;
  -5.409858010510134, -7.500125841729703, 44.74895203654003;
  -5.203607706137238, 1.903841844656711, 43.46785732507499;
  -6.492191159382066, -6.585138987933514, 53.92917573541222;
  -6.034962148172189, -6.031881001729375, 54.92082097902403;
  -5.761787848416009, -11.8786680794031, 52.08948131328961;
  -5.615533907612927, -8.101518192448889, 51.40115821029114;
  -5.547660101266034, -6.500919058084439, 50.6490394332115;
  -5.867480941407864, -12.59259617886565, 53.83825022099472;
  -5.517979105676464, -11.35286290439467, 52.5055375618981;
  -2.07115650925879, 3.838328087661678, 19.78872105184484;
  -5.03956904297246, -6.493981944606601, 49.51574265329164;
  -5.006720655150238, -11.39070168867682, 49.86275115894949;
  -5.019696898234168, -7.911611534371859, 51.91948872100334;
  -1.675830341835884, 3.375226474842668, 18.69790424466405;
  -1.623441435494635, 3.854951131832141, 19.76600419310075;
  -3.742074061624879, -5.320164682867455, 54.29086844659386;
  -1.30333702640195, 4.005425116374506, 20.32210200968845;
  -4.746369013817324, -23.1863714712476, 96.58753716912679;
  -4.579718319487871, -22.33025774559519, 94.73936027633846;
  -5.039463402981543, -27.38095669678028, 110.9800725889501;
  -3.315284319528046, -7.252618103428967, 76.08891165817408;
  -3.079939454636394, -9.901480588286436, 71.77824824610552;
