m=[-19.82781126639634, 4.13698978869057, 24.25579686245362;
  -16.62083367803353, 3.829436314397489, 20.50658170207773;
  -12.96785666862173, 4.086195217700713, 16.41253810125359;
  -21.78788566352619, 2.32206486154156, 27.22144301687779;
  -21.29266653018022, 2.22498723331167, 27.6603819391141;
  -22.01338493471013, 2.039671061760827, 28.8309992282154;
  -20.96600314099623, 2.364707927670185, 28.3504645012753;
  -21.07575478918192, 2.055350594907589, 28.49965475259377;
  -21.37978059654291, 2.628210417677226, 30.05293334439732;
  -21.26804207685196, 2.879976705585468, 29.90370508233275;
  -11.89941977223775, 3.906900069684354, 17.34052394003946;
  -12.22866680164031, 3.925588623922846, 17.8292663428517;
  -11.47483172183448, 3.961806524983617, 16.97215585280443;
  -11.39182456133772, 4.003397080691427, 16.94525425647026;
  -12.44935326637765, 4.019665129095299, 18.68163802299268;
  -14.49982713901039, 4.034325229688207, 21.6612215010759;
  -11.67958329124911, 4.006090865728726, 17.71671451922124;
  -12.07774013204191, 3.927466340182886, 18.43090001393636;
  -10.77753981471581, 3.983415916483847, 16.61647377586342;
  -13.8211900720018, 3.908207262318275, 21.95586644273861;
  -10.88354916304964, 3.852645005524395, 17.53068018164888;
  -9.88753114176949, 3.935129202145538, 16.52329781469394;
  -9.506435559945764, 3.930810084088128, 16.19908569429956;
  -28.42328616773673, -6.698114274928992, 47.6206701242764;
  -23.41854991202759, -0.3671521875501858, 40.41206135272307;
  -25.65063858089721, 0.975782811511892, 46.01597723771378;
  -17.01363875573225, 2.089372073186149, 34.02327655287409;
  -8.674328480290647, 3.909897106835051, 17.74269966481872;
  -17.81252881874737, 2.619737092509291, 35.66285450639884;
  -7.557747241934222, 3.866080626403331, 15.69519142710382;
  -15.15255397102979, 2.676274493207786, 31.21772324959662;
  -8.414013481322465, 3.896319008625785, 17.86022482475689;
  -8.858148810055454, 3.888077070161203, 18.83605560234706;
  -7.891675661141115, 3.823724565349447, 17.51249368477391;
  -9.645738613254839, 3.942999242545644, 21.53889269487346;
  -9.439943038411577, 3.44596822446624, 21.21511176388169;
  -19.8493515363263, -0.4147897778328843, 44.06894483001868;
  -19.27203017446734, -0.6571326736521126, 42.96716509003475;
  -6.936983683008493, 3.934310670262811, 15.94255538011988;
  -8.49508031513758, 3.869711658707158, 19.5545254395281;
  -8.882646625274388, 3.790806912216764, 20.57498779010003;
  -6.893230067889919, 3.883010240358876, 16.20253521963575;
  -8.864666283110665, 4.093601505708937, 20.85689964059672;
  -7.613035713928976, 3.751782021435458, 18.22411147476419;
  -6.994482909845468, 3.795888618086662, 16.96211790213177;
  -6.675466263651567, 3.875255402028961, 16.40286361126204;
  -6.675576865774045, 3.947776067207597, 16.42347807216637;
  -6.733130490659081, 3.826669540872706, 16.62890928486219;
  -7.004579700957817, 3.878959785808315, 17.30809262485581;
  -13.98630495592346, -8.20040866222803, 34.0411831519575;
  -7.234593075869168, 3.802581798396874, 18.01127080322761;
  -16.01767402012711, 3.088333602546412, 40.86387746655891;
  -6.273124936676138, 3.887775285373419, 16.54130235197616;
  -5.955063771915712, 3.872955048358124, 15.85408565978195;
  -16.82608217487574, 3.321437021016779, 43.58029367376183;
  -7.125956737307735, 3.875366874365892, 19.10786864796107;
  -5.931325374189855, 3.886562463170872, 16.06900348123178;
  -5.813355859410425, 3.929674603563481, 15.81983722244248;
  -6.875778666297501, 3.808333219106233, 18.79040305808859;
  -5.770372447544091, 3.854829243743354, 15.94871986273146;
  -6.277367180691364, 3.874468111268759, 17.53644733370874;
  -7.297728527629361, 3.798353581246779, 20.58103574672151;
  -6.717794385836394, 3.775468135916559, 19.03147922825678;
  -6.566790684061378, 3.823982435786558, 18.7870746047137;
  -12.55972070549455, -2.406545213819034, 35.54310877681061;
  -6.950505563029819, 3.835584135501144, 20.0728768735043;
  -5.386081263145111, 3.894513546920495, 15.90022521645257;
  -7.3000014196657, 3.92477789411346, 21.32101833528271;
  -6.52485886471058, 3.755098446607439, 19.37739184620742;
  -12.49401122041702, 1.098253555830117, 36.44030436984734;
  -16.27379962364742, 2.867501921186449, 48.92457561951775;
  -21.41947928116306, 0.01893905451559235, 64.3424542044599;
  -15.8773453754305, -1.542834978857657, 48.02891766497982;
  -16.45368537436568, -1.246829032612235, 50.25216014177997;
  -15.01253260415895, -8.031048850834887, 46.40662784411128;
  -16.67279005487254, -6.839658305280176, 51.72896688854971;
  -5.037899600703501, 3.917365643996874, 16.14660414923678;
  -17.31978044709954, -6.143447898748328, 53.92306279178499;
  -6.137550791255185, 3.771816982043838, 19.66432424507575;
  -17.60218035613723, -6.820180530801264, 55.82786638592589;
  -5.980101538306814, 3.833414114043221, 19.55999307143661;
  -4.771753121119774, 3.91897065991981, 15.73705918443988;
  -6.411516513675198, 3.900669516277675, 21.37783317188758;
  -15.57515002889693, -6.359078635177351, 51.21472919583765;
  -16.89922392413063, -9.258627915021553, 56.3015162649899;
  -6.268453936411516, 3.892600459873153, 21.43153291870436;
  -15.95276958686312, -12.66416406798572, 53.97708841228952;
  -4.577412073131872, 3.891086886168065, 16.12506405661285;
  -18.58571460465967, -15.63953085662546, 63.50869984804186;
  -15.73113153067572, 1.436356294429126, 53.99470386768589;
  -16.14798372111423, -12.99068400117761, 55.49935190713997;
  -15.57254542168269, -5.982976915301668, 53.8281310137935;
  -17.0056951577849, -6.954972670322389, 58.99110490486487;
  -15.98782025829865, -12.56384123729935, 55.92198561756663;
  -19.30722548966609, -8.35131622607646, 68.6020095353835;
  -14.37993172362708, -5.795757206999719, 51.34541413890553;
  -16.7627633563555, -9.502205832952591, 60.61910351282282;
  -4.313067305875475, 3.453484409121896, 16.19252856606651;
  -14.97093725080155, -8.470299808663434, 55.12161355560231;
  -4.11675080293899, 3.874790841508395, 16.0058681741242;
  -15.17087655439015, -6.679888746009982, 57.42454424198502;
  -4.331498116395001, 3.898035320459413, 16.9055112333858;
  -4.237709547749166, 3.912835144377119, 16.55103698378264;
  -12.02018130440495, 2.083879667055969, 46.10417873373348;
  -4.854525689772838, 3.784172889470559, 19.24206610781858;
  -16.10430375245841, -13.78035922892673, 62.87237664656188;
  -15.64443895680618, -13.81970880072201, 61.432569370522;
  -15.5491748015415, -6.393773967640929, 61.36197946836541;
  -15.66655902551169, -9.305302176141884, 61.83055994258249;
  -14.95681884264789, -7.197504945400596, 59.16925018641008;
  -15.65933574267287, -12.98145608754044, 62.49587246106095;
  -4.172052766690594, 3.958468458358027, 17.15440982309096;
  -18.46882138934337, -11.09579061305327, 74.71466757700819;
  -15.55312105396287, -7.037153125637086, 63.10163275664453;
  -15.50802729095829, -7.885088473813676, 63.0803275219354;
  -16.40300113761867, -14.66115830907858, 66.65909873155795;
  -5.460625096563439, 3.962791774259205, 22.80715942946247;
  -15.76820816284797, -9.52109262828079, 65.3420752335978;
  -3.700769484152364, 3.911318863778605, 16.00415121784252;
  -17.01678559991591, -7.789061780138415, 72.42125229093233;
  -4.431396308134647, 4.012449801946754, 19.6862160029439;
  -4.934972003324268, 4.08727202373967, 22.61885998095327;
  -13.89133843609092, -6.0097754182672, 65.26721689258483;
  -99.43026665671408, -120.7763772037383, 492.1520631747119;
  -3.293138713057026, 4.079588897093144, 16.77655317212143;
  -77.8925489951866, -88.49269445849939, 393.8128896632136;
  -40.84577486383429, -49.25882571407373, 208.2361933564903;
  -64.62881916466006, -77.21464728511741, 330.5361986626788;
  -81.43466791357663, -97.14816271792041, 417.1062900270583;
  -32.1103190937239, -39.54468409336811, 166.0348941192144;
  -54.83303978803851, -69.41469094161309, 284.2411550705733;
  -10.3986247069109, -6.772210877602055, 55.28218669103788;
  -8.17276305569497, -5.714677480217373, 43.48861369839182;
