m=[-8.78868041344966, 1.805449194854456, 11.85650697235839;
  -9.936790604608374, 1.532406759094288, 13.47878143637346;
  -16.7878863399373, -1.098880658587407, 22.24494758162659;
  -17.17789853608823, -3.175206395453351, 22.7774965528863;
  -9.681917488754605, 1.116382288568266, 13.35241851716953;
  -9.765110468514603, 0.9960053168545204, 13.46169042455967;
  -18.21412969530847, -5.553520548369531, 24.43417397104317;
  -7.364274605483591, 1.80850868058027, 10.76446647741785;
  -8.869739359699427, 0.8798660376968946, 13.04674935394826;
  -6.437945571221426, 1.899866889013949, 9.822575967497583;
  -8.718979949733456, 0.7984617286374626, 13.09713762676425;
  -8.623443945349711, 0.7044890789986874, 13.02114798833013;
  -8.885302373268695, 0.6973988373577614, 13.86679332455815;
  -7.270065053006154, 1.191720927303782, 12.42936147888393;
  -7.044219930478334, 1.506337578884649, 12.27002943999635;
  -14.14166602436917, -1.787500336735381, 23.78055893330046;
  -14.14771236683336, -1.626191072348966, 24.20308453280195;
  -12.86821824086739, -1.334946070322806, 23.0811090067918;
  -13.65351042925165, -4.219245449866473, 24.49635494037124;
  -11.06048421739072, -1.37887017045034, 20.48107952728129;
  -6.411150193663102, 0.9554216794999905, 12.23283352778773;
  -7.146620889003191, 0.6009719199315053, 13.56115560997767;
  -6.752893738669345, 0.3837162802249793, 13.01345509235164;
  -11.2771272793164, -1.266231893539444, 21.34120518287402;
  -10.82928748693503, -1.569457954945281, 20.53963844788547;
  -6.185557746509473, 0.9729313622862266, 12.2371840144157;
  -6.092880529912913, 1.045202060529137, 12.3977453443001;
  -6.116866782212708, 0.955017583885668, 12.52920080110281;
  -5.996153312821734, 0.905686618216168, 12.46505035364619;
  -5.992041575925915, 0.9467432801864129, 12.57689215121367;
  -4.123542744937833, 1.968189956866744, 9.008175533497957;
  -5.919586906648003, 1.006031240498885, 12.66429158721096;
  -7.301759117825617, 0.7596821144143576, 15.43093788910255;
  -5.926070199943948, 0.7281950125247981, 13.17772642985774;
  -5.78388671652034, 1.019905157779028, 12.91924456350177;
  -5.844359493225515, 0.8812490579669798, 13.0828016035138;
  -8.523230135848889, -0.5439518660721407, 19.42983574015059;
  -3.803346681159375, 1.943230042630665, 9.659775250650673;
  -3.533906617656334, 1.956245832530909, 10.01575772929594;
  -4.000707939716926, 1.386175469491486, 15.19497588431707;
  -1.708165196020471, 1.929171388467354, 9.323965533337601;
  -1.490329872481107, 1.90066266519411, 9.132803095893404;
  -2.112540182955832, -3.777182306126353, 17.46022488085017;
  -0.6568322829410421, -0.06093107828014368, 7.803954719284706;
  -1.939904286405662, 2.022794297889824, 23.52312551654049;
  -1.103950111166627, -1.914958842442177, 14.94036746455811;
  -0.784972995670648, 1.179233638364199, 18.86718874955055;
  0.3931555456222439, -0.0001060694559957125, -10.09501540567765;
  -1.246927179111202, -1.170758251872468, 33.21199842991027;
  -1.383916181369236, -1.121848918777754, 40.48796200005745;
  -0.5935763544395326, -3.169612620805911, 22.19720079126329;
  -0.6030539173988659, -2.842523588666112, 23.04598234205042;
  -0.6788915458946951, -1.013902824568781, 31.75938417660774;
  -0.1891301301689336, -3.209219459824469, 22.31988909724887;
  -0.1813051734384164, -2.828423518137191, 22.83299632699633;
  0.05970545395614534, -3.99904259287956, 22.78809819693773;
  0.1323483072609316, -1.336575308758589, 31.01461539852531;
  0.1781313833785704, -3.136850701712434, 26.13464279335029;
  0.2650686163510333, -1.01259650922421, 31.72219857272745;
  0.2119971811589519, -3.262848717586302, 25.6526259791798;
  0.7392964555593447, 1.089086372717315, 21.94978741182678;
  5.781130900079357, -6.129105852138282, 48.97318202845235;
  2.185066700576053, 1.435814331573916, 19.15841951672249;
  1.906897732212331, 1.002037586176537, 12.39708990019665;
  2.588974568960436, 0.6920164580032638, 14.39994671749221;
  2.24163429803479, 0.9205082193460238, 12.29573575070086;
  2.204897526218891, 1.226844590256345, 11.64248008227556;
  2.481398516672051, 0.9231903158311714, 12.58785431278401;
  2.952278791477427, 0.5204179923834762, 14.10893059210445;
  2.503709338459323, 1.270769537631673, 11.90924545218088;
  2.701085435427317, 0.8369695672735734, 12.49301921312511;
  2.779489089025527, 0.7658015733356279, 12.75102596273649;
  2.669181415669232, 0.8923923192883553, 11.93188167568285;
  4.526703850705011, -0.6512822604963835, 19.25973183442487;
  4.10285040510041, 0.3351839947927161, 17.26004532747743;
  2.720353434206324, 1.021900626453135, 11.79918284690406;
  4.847503871922077, 0.3884403577863579, 19.62899019695128;
  4.82830222564402, -0.5448908419748318, 19.39505430240832;
  21.49628095254427, -13.35508370197309, 71.70053917164256;
  21.56976363572492, -13.69771134134804, 71.31686284010685;
  20.11759864006045, -13.79187667144599, 66.13868420192601;
  19.64522267520377, -12.93233272565132, 64.36324230823098;
  3.836323511646109, 0.6919654669778989, 13.5505534600294;
  3.435790672805251, 0.9601614161975496, 12.15448047885026;
  4.035404825007555, 0.3874832373657461, 13.99510921914325;
  16.83872161539814, -7.034319082344267, 53.93692680769242;
  3.886170157062015, 0.3044314116884627, 13.41251169510425;
  3.521207703686582, 1.031780377928744, 12.19987669951332;
  19.95161847505222, -8.45133033473369, 62.92186533896743;
  4.12181712010715, 0.4125553749623169, 14.04245044865196;
  22.32432617435456, -12.69474061830936, 69.70342774530646;
  25.24117794140405, -14.00076741588824, 78.75987574821505;
  19.09130886875103, -13.92251657865729, 59.53341628699146;
  3.648839671134267, 1.085771666636376, 12.38165392156654;
  21.029622077752, -15.0824646517879, 65.26110438983301;
  4.030376820101207, 0.8422205567029869, 13.50806114620099;
  22.64855864435059, -12.52230396124551, 69.92851847385983;
  19.39878447961212, -10.48586566959319, 59.95942806065111;
  4.046180498891982, 0.6789466157016051, 13.46407358814767;
  22.46116994664612, -8.019291616022141, 68.34127224490631;
  9.649668009202836, -2.217976197703313, 28.40417811727849;
  20.34872067104778, -8.24498340790068, 57.40049605319343;
  11.07711522375778, -2.366885179955876, 31.99534375573787;
  20.10885171977451, -8.689138176889422, 56.85368664066606;
  19.74335442282754, -6.32452583713579, 55.72758355585739;
  22.35803537943386, -12.10993014046353, 62.92076729537975;
  19.02858124691926, -11.55793199256132, 52.30587564172846;
  9.414353786993585, -2.173933671732677, 26.32564106033197;
  3.915921786620543, 1.796003446038186, 11.61285192814918;
  9.422889861801744, -1.891879005761802, 26.10334868269194;
  23.57355121234802, -13.57931676029507, 63.25118175128151;
  20.77481015048051, -9.73176272381969, 55.66250787170291;
  9.761400672276526, -2.297953388747639, 26.74910140886895;
  4.156210995004069, 1.619855855151608, 12.01711289249657;
  22.3717632052282, -11.67029496536739, 58.71610214886825;
  21.396958888359, -10.58533065490281, 56.09817465871983;
  24.66616429487445, -9.869234543818942, 63.97979769620738;
  20.64141022047869, -9.381353083614572, 53.62090817005818;
  18.24722358990696, -5.933253362145739, 47.43245534197405;
  4.816297059769435, 1.762184565905824, 13.42093703059915;
  22.32275853026837, -8.454735350110523, 57.44085896716478;
  23.77102336401315, -8.427806051022042, 61.14138802067728;
  22.01365075707426, -10.37117262876739, 56.67547876829107;
  11.24670655906321, -3.369159102399613, 28.21218526240559;
  10.46314610054801, -1.982426929192481, 25.35553976011325;
  11.03264928347042, -3.115953396047063, 26.65717264843311;
  7.308523927138039, -0.5014624599215791, 17.61304098510221;
  7.261524727784084, -0.5098511258579032, 17.23777931374407;
  12.3872288356252, -2.84834449623422, 28.3616674338608;
  11.92321862243624, -2.838144060286759, 27.0531266556427;
  11.83170963966062, -3.428180059547599, 26.71953489210574;
  11.80406002419576, -3.308771440374076, 26.5185851203805;
  12.08311171972292, -2.704685397226033, 26.98754843828614;
