m=[-11.46998746419341, 0.9396563701024989, 14.48535120048939;
  -11.50497515394992, 0.8695305702369554, 14.79880505245444;
  -10.86229644488797, 0.7104827445702875, 14.07581572927384;
  -7.760803703104713, 1.925347408208584, 10.37791416777546;
  -10.79914790071345, 0.5419066018798397, 14.36073192796824;
  -11.11455927398108, 0.70487765925109, 14.80806445918767;
  -8.207149936928913, 1.957721299553377, 11.50984685940551;
  -24.6730755462386, -2.750949889691289, 34.12242148447232;
  -25.47530059933947, -2.581101264267293, 35.7510954656066;
  -21.66530536745449, -1.997660589494303, 31.82110581463259;
  -24.16019307653273, -6.383936602859402, 35.38448396931143;
  -16.88719550061533, -1.843123341421073, 25.67002194920598;
  -23.43509936214616, -5.186436562865738, 35.32749826873943;
  -16.29272097859559, -5.172549696295211, 25.14977355508131;
  -16.37508785608516, -2.053854481499563, 25.43425272597352;
  -8.933766525816093, 0.5832168380826646, 14.22214924804265;
  -8.273019977743598, 0.9850667733730915, 13.28735505055044;
  -9.003924571812298, 0.3877094194670842, 14.51391711506015;
  -8.068686802673335, 1.006730576734527, 13.36984616584098;
  -7.992886164508273, 1.08331772105458, 13.55990639767999;
  -4.96624882582949, 1.882478538384135, 9.807433840078907;
  -4.182268105823618, 1.87347348984776, 8.490181887262688;
  -4.143523569243108, 1.876823730537457, 8.772044481653106;
  -4.688953798139064, 1.93339992662334, 10.61971323539392;
  -2.331323775058552, 1.823429961885986, 8.213614279979725;
  -2.34760089651113, 1.837791374908198, 8.601001948897572;
  -2.54530557797539, 1.867806185311369, 9.884571945876809;
  -2.31744787199142, 1.918025341874199, 9.911517230500449;
  -2.004968299944161, 1.807047416764551, 8.633332131749018;
  -0.4591471456480596, 0.6025730531613788, 2.493621205819713;
  -4.09894205929457, 1.485725154615648, 19.98874264782737;
  -3.490780249508739, 1.319101194998685, 17.55416327465504;
  -3.363299738704357, -1.535502021972441, 20.76477593037773;
  9.076584431206067, -1.498569004252575, -58.83887957341614;
  -3.33243785285794, 1.338650296257179, 23.18756829491964;
  -2.518822853977218, -0.04557401203564092, 17.80530510816088;
  -3.136291397289355, -0.8218766810495484, 22.43704812761149;
  -2.579840673839863, -0.5478001546105249, 18.87289713210275;
  -2.961831270958285, -3.212007035041001, 22.86841930009702;
  -2.899354069132243, -2.733292511759526, 22.47986044887488;
  -2.467074915107805, -0.666283013950784, 19.79031733603935;
  -2.619132991047031, -3.312018789191316, 23.43113151422032;
  -2.533141317410692, -2.780335524071382, 22.80814437465293;
  -2.44128956651483, -1.088178403511442, 24.68334761699012;
  -2.221108944692046, -2.456468919299708, 22.49958457667378;
  -2.247670781564183, -2.954419824161827, 23.63312124241937;
  -2.273401284014792, -0.8007512677795878, 23.86825020265421;
  -2.201972900829562, -5.741623484395106, 24.30968975982786;
  -2.171630214100728, -3.193742501080134, 24.77075022752739;
  -2.087575229912826, -2.875881152814096, 23.93189603125239;
  -1.94265531867225, -3.907470255250583, 23.64844505319636;
  -1.707174497327912, 1.104304352519475, 24.09211435131615;
  -0.6911128291551866, 1.878812253930544, 9.232357749316293;
  -1.545416138239531, -3.356452127082295, 26.05627235964537;
  -1.521413622336898, -6.111493725723386, 25.88873391360693;
  -1.373492417521192, -3.509261700134973, 26.59681078473434;
  -1.223391172594341, -4.036101776425324, 26.30380913416031;
  -0.2790616667772581, 1.858525392906692, 9.010549091010264;
  -0.5021254922640506, -2.627896578742909, 26.83599544806738;
  0.6966344329950271, -4.135732800576437, 37.18373541029921;
  2.097725014289488, -14.29012076141156, 59.35541366553164;
  0.7507794640394208, 1.108058631933518, 15.26853695011536;
  0.8991249994551686, 0.8967060604834598, 17.49171268018058;
  1.103452200534528, 0.7308746111980312, 17.27224132175168;
  0.9557722994195746, 0.9960325431313227, 14.94122012833554;
  1.082184499288869, 1.442725507982352, 15.27224891782068;
  1.370923905540661, 0.7446738244571263, 17.58545145542233;
  1.185910061089337, 0.9972949377567677, 15.25151431007223;
  1.31517356793026, 1.407466592766821, 14.75653111772559;
  2.29604350762245, -0.8818076754256399, 22.1849921967796;
  1.599200832816327, 1.151944973484499, 14.94908636125953;
  2.643772630600775, -0.7642419248888436, 22.34565072500662;
  2.645503002801267, 0.3421121518397913, 21.95693928038127;
  1.833995234003244, 0.7715178342658374, 15.42817824811555;
  2.249843488209917, 0.7534166744078772, 18.03427367634011;
  2.826547970736654, 0.3552137362578385, 21.91618780528303;
  2.923229279390714, -0.6572571858901666, 22.46669910500224;
  3.057551902979951, -0.6611850015264669, 23.2159004505388;
  8.145746999221366, -10.74672617606099, 56.74394657997129;
  9.074080947831162, -14.10024520988012, 57.74993160077975;
  2.472725736503497, 0.5893736223183401, 16.85707768051815;
  8.402089783347572, -12.14948982368714, 51.30449807559648;
  1.966554566132802, 1.910772640352073, 13.29350285197642;
  2.323979202233933, 1.046238179761491, 15.03635363876839;
  6.953564719686805, -5.97299524303423, 41.03042238750444;
  2.647806565743654, 0.7564524209674446, 16.82961162216498;
  2.636913322630154, 0.9447074375422542, 16.38936072718576;
  2.698544771052278, 0.3808986967331433, 16.66990136666621;
  2.428792434453281, 1.128281961096914, 15.16902067910871;
  2.029347557867366, 1.940496665431985, 12.92399631123964;
  10.06131884480854, -12.53252737902364, 56.36282343451039;
  2.811922347050263, 0.4188253881288092, 16.86171718838039;
  2.749123359449607, 0.5976090058499817, 16.47836356028757;
  1.849616535904926, 1.867606310659811, 11.68567607491266;
  2.512094799173548, 1.171083305336252, 15.17539865449727;
  10.32436732348643, -11.85964053379469, 55.66446279447206;
  11.02478724100294, -10.66657055417658, 58.78025128981712;
  10.6234329900119, -11.25029168143629, 55.53555717915756;
  11.46010272719397, -11.59151093495991, 59.38896636481304;
  2.913012479466972, 0.8200260972212031, 16.44114691827223;
  10.92376920043995, -10.07819398419722, 56.4894075474544;
  12.11374240363305, -13.02477440855168, 62.14030919167516;
  2.337009717086423, 1.928390649955229, 13.47552313497771;
  10.86252249400497, -6.624145262172792, 55.94566577457498;
  10.88766457601065, -8.953418522484482, 53.27979398108337;
  12.09326214798996, -12.99167733551243, 58.00473345510608;
  10.88727558675413, -8.861170993788388, 52.1428344609459;
  12.15223221925049, -10.04469113419286, 57.81054847971063;
  11.86227142293933, -5.404715304531765, 55.2892621772466;
  3.672163990848249, 1.333661893286874, 18.23961009846111;
  2.856682514868932, 1.944645331869491, 14.18365271187311;
  6.104955643733063, -2.114127592081079, 28.06126659460515;
  2.583164349044253, 1.98555942555856, 12.82692215427193;
  2.131979727282897, 1.902268921474297, 10.76327702083168;
  3.206853642514578, 1.801724008438154, 15.18584677201967;
  11.97321428818097, -8.698883009433519, 51.48714492606942;
  3.434201524997246, 1.913400125930613, 15.74922274934273;
  13.9021640659654, -8.686958213062679, 58.48204174912874;
  12.69972131485158, -5.854008698303348, 53.31605403239522;
  13.22531365930256, -10.29578319354474, 55.34170542781283;
  6.63212986260635, -2.261606735218842, 28.35653602733726;
  13.19871639827262, -7.660060568811328, 54.47840047144526;
  3.610466689163405, 1.881376842369788, 16.12467687121887;
  6.230754507418276, -1.835979033227502, 26.39876622126971;
  3.928079236923891, 1.945779334698284, 17.08762273270062;
  7.199766247750779, -2.493491568909141, 29.85993263226368;
  6.584214662710963, -2.109036459752601, 27.36113533267616;
  13.14068473716453, -12.08996091522864, 52.60655192120074;
  6.710422559091744, -2.424309094101243, 27.54552474744679;
  13.69186783628804, -12.0238674169551, 54.02308015949031;
  14.99858515335845, -12.17094146288639, 58.72756112669557;
  3.715678421685982, 1.910516490253394, 15.77630938237407;
  6.767824454276228, -2.535339590125704, 26.82315870037989;
