m=[-5.315884734526297, -1.545269427823894, 10.72636862666707;
  -5.394598079628805, -1.318523836527867, 10.94270356884744;
  -5.237087850326096, -1.357346787810505, 10.67531396553576;
  -4.761506886259452, -0.8373824630375126, 9.946769287781997;
  -5.218873236179528, -1.470662854976102, 10.82003441273322;
  -5.181372731940146, -1.379512452938527, 10.75608182147283;
  -5.135210729819041, -1.28668630353996, 10.69559681900291;
  -3.969339208213367, -1.196209664536834, 9.694866370177298;
  -3.91606005142872, -0.8546700452945725, 9.63579499854623;
  -4.560182161912473, -1.929790930856731, 11.02201394750291;
  -4.506314227720835, -1.836567330331318, 10.91964893502809;
  -4.511905701080417, -1.838846158833213, 10.93319812912126;
  -3.906800397919922, -0.7741267716723898, 9.744469405300519;
  -3.795082152275084, -1.068538256333455, 9.65145475984766;
  -3.822849200560238, -1.187660681251128, 9.72786265575335;
  -3.797866427609678, -1.136019990073967, 9.683468948091429;
  -3.886344057240534, -0.5607874799263248, 9.956273202471028;
  -3.866047943701541, -0.5967077851931965, 9.917202020390004;
  -3.745468418515368, -0.9383556857552193, 9.696624958706538;
  -3.762515048119334, -0.6536102395850628, 10.00634914542956;
  -3.759872638267435, -0.6515089182757178, 10.13163571721248;
  -3.704432919870291, -0.6475242945862352, 10.13289085615802;
  -3.690488653993031, -0.54705547223387, 10.19208280180336;
  -3.551249079622057, -0.8556204609928683, 10.41765532485637;
  -3.531445751749584, -0.7868791478852635, 10.40246585604569;
  -3.457146368136586, -1.123319006611825, 10.36808995522815;
  -3.47940855328786, -0.8391017283167771, 10.46632710489283;
  -3.442981908383231, -0.5169754972756445, 10.45129013421439;
  -4.349084577299205, -2.120135873075016, 12.94500972212765;
  -3.38107982874505, -0.3544077936256165, 10.67585823588198;
  -3.421219736276882, -1.360924605698196, 10.83066470783952;
  -3.361825629593809, -0.6303985206738839, 10.73835918009658;
  -3.437534194494797, -1.138808347750998, 11.09029308944005;
  -3.372958135863474, -1.362834305823882, 11.03471073503564;
  -3.347362327860397, -0.9828809988042006, 11.13347344407615;
  -3.327875248502449, -1.266118995470602, 11.14517044067223;
  -3.435969614532522, -0.4092146374466247, 11.45207365637689;
  -3.274014314903025, -1.111110719427186, 11.03168882875533;
  -3.292315953506514, -1.184231558619572, 11.14812464099938;
  -3.342922842003931, -0.8098076752683315, 11.54854623969348;
  -3.395160300813751, -0.3452213690241476, 11.72633112529494;
  -3.341259086548782, -0.5793921831595412, 11.61163532909079;
  -3.394610764616443, -0.2878691165620748, 11.8663366648279;
  -3.327676137933958, -0.1323481824087404, 11.68386596986144;
  -3.278928665289465, -0.7505409420001827, 11.65910477142122;
  -3.292939613754411, -0.3135107330220102, 11.69808205791133;
  -3.253792309060513, -0.5485866138310913, 11.59468433581695;
  -3.271328277004443, -0.6134018219432957, 11.74654329750011;
  -3.258743234878911, -0.4539129696561162, 11.7155531589764;
  -2.843726351446692, 0.5227768398078646, 10.52923053985879;
  -3.724980028031975, -0.9357661723531077, 14.45415210865075;
  2.420013300370652, 1.778160000771863, -7.105045347319816;
  -3.398860682597172, -3.201708490042733, 14.32802915196088;
  -3.42959199998473, -0.8613765060138754, 14.81493815889315;
  -3.412208329929627, -0.5055286795483541, 14.7460974279774;
  -3.380973882994128, -0.24912015175211, 14.70900605709722;
  -3.374680841487267, -2.279505236403832, 14.73786951089419;
  -3.362811945627214, -1.721275693115454, 14.7837713046672;
  -3.337692971965603, -2.105722079303992, 14.73164352193343;
  1.78799569990648, 1.049772483439206, -5.078321064849881;
  -3.371272977213952, -0.5106782708976575, 14.98348817938272;
  -3.32308696245692, -0.7013720936859632, 14.8458765956477;
  -2.259570761406944, 1.72563125829772, 10.6850290319163;
  -3.29916417144005, 0.3307289906340918, 14.90581241244585;
  -3.324432507091039, -2.580422796141606, 15.11177502510398;
  -3.203418032546409, -2.191892914050079, 14.85259802789079;
  -3.238501621393182, 0.2583029119167481, 14.98374055157794;
  -3.202299924268234, -2.027891092586474, 14.85849245456518;
  -3.212208080601731, -2.303873533040576, 14.98805531167731;
  1.693261532254106, 0.932086402279911, -5.119595141096712;
  -2.325881378865334, 1.72739764614798, 11.93870408454277;
  -2.922424322417934, 1.19803431272806, 16.1333891143377;
  -2.767370821572663, 0.6987117048495917, 15.70288607355011;
  -1.985817112932859, 1.799822086586617, 11.8921880709758;
  -2.684448232783427, 0.5048102762768711, 15.52208875501033;
  -1.818006384985406, 1.911567779517308, 11.37857985461057;
  -1.985209347225846, 1.780040389845323, 12.275499915377;
  -1.901575913567946, 1.80555482114125, 11.8766368210364;
  -2.618203220769279, 0.7918063247692789, 16.07493150009723;
  -2.629980808159012, 0.6908088796613143, 16.16370244157264;
  -1.792982227886726, 1.89130696205858, 11.69309153363675;
  -1.687475302209075, 1.978558582580535, 11.1395318472587;
  -2.569193913286641, -3.523805184748788, 15.98308173440621;
  -2.587510966456425, 0.3069783591347594, 16.07225661561499;
  -1.982405243405979, 1.707167684523063, 12.82262728401676;
  -2.53957391801964, -0.2948887633739742, 16.04952997639282;
  -2.523381407276714, 0.4137619153074614, 16.34969899141716;
  -2.484727867289533, 0.1011962017677343, 16.21233885010089;
  -2.421528195476608, 0.06312392439961649, 15.96086260168672;
  -2.435627194747303, 0.1620403613047051, 16.16760672579884;
  -2.365114631762659, 0.4877967679528592, 16.08274371934363;
  -2.339463526756094, -3.704127594716428, 16.06499449559902;
  -1.642022156122413, 1.855396383344435, 12.00221378857081;
  -2.332155619725084, -2.643079183843367, 16.26420835950173;
  -1.942583579769507, 1.727506938894223, 13.93042865078197;
  -2.334099207979294, 0.4195649372697292, 16.36163779624582;
  -2.299725059172103, -2.505123731625519, 16.2376620401053;
  -2.291781744694575, -0.01911082200327943, 16.20462457944124;
  -2.261902539745905, -3.753830730888099, 16.08054564574832;
  -2.340171693792155, -0.3059029211787424, 16.64754089601632;
  -2.205576060936773, -2.759675728411482, 16.227350987795;
  -2.244577635293473, -3.761894020386799, 16.48274294457281;
  -1.67532187852524, 1.724758244715354, 12.99763417282325;
  -1.53625888663826, 1.856482180771653, 12.1164505570756;
  -2.216271190136785, -1.794032056332108, 16.80129453215931;
  -2.250024634462268, -0.002285008858113407, 17.04384634168972;
  -1.822444308402431, 1.510909749932499, 14.54889092638256;
  -1.737537572472245, 1.662817788702968, 14.1496428451293;
  -2.113239490341766, -2.365502115950309, 16.84555918763644;
  -2.055161686691514, -3.493903192745518, 16.48855810899411;
  -2.038301265873512, -2.495869270009985, 16.42734447136936;
  -2.176178166396937, -2.734910640515595, 17.42451715225029;
  -1.302313767102169, 1.941908078945529, 11.40878219052579;
  -2.081812275212979, -1.79266592245056, 16.89827176053553;
  -2.057355277152528, -0.4953213175497044, 16.73264110804134;
  -1.114394750159533, 1.993482902528781, 10.21456204520827;
  -1.649545430982496, 1.483553381946231, 13.9778907273842;
  -1.604410784861394, 1.58687778345052, 13.71130304026397;
  -2.075338702423756, -0.7706944213502045, 17.12826894129981;
  -2.030005438830676, -2.157399558085077, 16.93706578006792;
  -1.954067596858547, -3.671294290438735, 16.41977196314727;
  -2.04918970014521, -0.9503586083430827, 17.10650651194675;
  -1.936956494638411, -3.566100571907116, 16.43849420641292;
  -1.983327105473338, -0.2098441888040928, 16.75958334283;
  -1.984170965354268, -2.66483863003885, 16.85549181388141;
  -1.960144482573435, -2.526409131779091, 16.75460245690234;
  -1.947798529156672, -3.316599629772806, 16.70535255393337;
  -1.988763366345266, -2.428600795371262, 17.04156136000627;
  -2.021078338516759, -0.701651058641131, 17.38639379231141;
  -1.541356179597218, 1.725679219267017, 13.82378724268099;
  -1.50678988985044, 1.494343535520991, 13.66805481594814;
