m=[-28.87742467581033, -6.429197388678885, 35.26174844426316;
  -28.89614337878579, -5.357611427762144, 36.26167624310232;
  -10.98348735492469, 0.2885298545487302, 14.38018707593922;
  -20.06346068186392, -5.204906389736641, 25.59130315420174;
  -10.81740652438436, 0.7134862017257524, 14.23862033234285;
  -19.49770128626654, -5.454193638085862, 25.07388856681054;
  -21.39487478386643, -2.175149397294185, 27.82305747896578;
  -9.72810975470731, 1.431184763309247, 15.83189319995874;
  -5.250180444235968, 1.967167201334375, 8.98953497454699;
  -6.1216807435889, 1.994637323717262, 11.14458607876382;
  -6.14916203418066, 2.061045958215915, 11.65470629760953;
  -7.170847395383306, 1.455953491620226, 18.11941386979345;
  -2.777089481264943, 1.881916738304188, 9.441578997661217;
  -2.437693356984825, 1.912682045742951, 8.341578277886809;
  -6.152740215315433, 1.485901241769283, 20.46978904916398;
  -2.735546896200269, 1.874407236302654, 10.4138434367658;
  -6.095371471641745, 0.5918677721091654, 24.2633164880593;
  -5.846106165749712, 1.356270939306141, 24.31952916889971;
  -6.290566639749265, -0.08030010365830081, 26.32211249541355;
  -6.035306281767195, -0.9229921749642058, 25.39024935311096;
  -5.986162835169065, -0.7401768460534093, 25.52759017652119;
  -5.648296414664137, -4.415055892010809, 24.55588428519856;
  -5.569764981003721, -3.363500092363982, 24.38350618434773;
  -5.514240833460026, -2.891808488517007, 24.21198276113953;
  -5.656535203100544, -3.260942008991641, 25.56679367456061;
  -5.476365372617318, -3.603840774553627, 25.91744009413724;
  -2.128696189701966, 1.89569862095703, 10.3882620752314;
  -5.218118812739761, -2.970358486297451, 24.79533518715173;
  -5.312899893986475, -3.286811424162232, 25.27406627095898;
  -1.892987738399657, 1.840381618219005, 9.316868138495714;
  -5.333224257111374, -4.419053941005279, 25.89565342562468;
  -5.929162269189353, 0.6674824971712329, 29.81505823509223;
  -4.969914118259794, -5.979345491576488, 24.7550440624234;
  -4.611670664937466, -1.022719802237736, 23.33908451145815;
  -1.957710873052345, 1.880574869740652, 10.28818128551641;
  -5.11301238819494, -6.288868839532764, 26.05060086496964;
  -5.212924525116158, -3.300142582375561, 26.77634293739403;
  -4.863125700289736, -5.892108690879616, 25.45694109132342;
  -4.7544543116743, -3.223553002942515, 25.41884544067672;
  -4.868942912457532, -3.092183661768278, 26.11514139279931;
  -5.002467483821667, -4.467324283751229, 27.46086205586035;
  -4.37122577683114, -3.909767086051094, 24.60215569523857;
  -4.494463880281187, -4.371580106626691, 26.25045829561019;
  -3.76433682067378, 0.9596873813455543, 22.3469348780465;
  -4.388193462944491, -6.147857755896393, 27.21025153900636;
  -4.174138241456465, -3.330770317978965, 26.26346072320379;
  -4.45257413081344, -6.46184925200753, 27.87807252789962;
  -4.247992382793997, -5.84895738279773, 27.30806668687147;
  -1.52766547753203, 1.84826735287757, 9.993250177719441;
  -4.188252940563845, -3.592245527707775, 27.58690320644124;
  -4.197579783912453, -4.323824577243666, 28.57553532547764;
  -1.306545500113792, 1.855555227395009, 9.998310205073633;
  -1.076962611827391, 1.854518886438536, 8.265001701283582;
  -1.063728401353797, 1.827901758378914, 8.388188637512814;
  -3.327805232512262, -2.721023297926148, 27.87324187979199;
  -6.333400075374059, -16.20043680486667, 65.54807586662446;
  -4.567346167159234, -4.684504324055872, 48.9919389076286;
  -3.497133777237132, -5.148844934153897, 37.5007938238306;
  -2.531588031113115, -4.305792770339409, 28.5797603712926;
  -3.270111324504966, -4.46730594037183, 39.93222492215227;
  -2.674886065127674, -4.75699933300081, 33.01209717918368;
  -4.26058645225966, -15.6650912036931, 65.24619640467323;
  -0.8732425146536617, 1.051683107368753, 16.06468577615491;
  -0.9280122602579649, 0.8234822006305654, 17.95425203912498;
  -0.730477526878325, 0.6824733868673365, 18.35143340183982;
  -0.5488351556857283, 1.398620529548123, 16.34834145186968;
  -0.4479465016779048, 0.9463120858743734, 16.22133971686089;
  -0.5263553763122276, 0.7647282841473921, 20.49523327869979;
  -0.3935188031865955, 0.9109539745112339, 19.41635233798537;
  -0.2689877536088463, 1.376503983146773, 15.9944415353217;
  -0.02854319262686509, 0.2376063703318275, 20.78742368906402;
  -0.02627757678612595, -0.9846628275394743, 24.01570484862965;
  -0.01120308800097102, 1.08301918004361, 15.73795611441703;
  0.3010071418847629, -0.835772776927905, 23.45038929103731;
  0.1886938069707196, 0.7087138120221914, 16.76450067536615;
  0.2577035776390888, 1.07004474878475, 16.01475789952815;
  0.2525126763505442, 1.141881927822072, 15.69300201686869;
  0.5759937030425839, 0.2782978949629578, 24.28138155351425;
  0.5515754426125951, -0.682016825645504, 22.13702935929642;
  2.383034677622189, -11.63321495974111, 60.56597144398457;
  0.5238227559453583, 0.8713374868116319, 16.32219423338238;
  2.309150766205508, -10.69501561580572, 56.87160539870975;
  0.2668984449649331, 1.879220293731431, 9.581702905504519;
  0.6523681712540385, 1.470389655250342, 16.19649052716562;
  0.725113007872133, 1.005886248913676, 16.51459072573034;
  0.8617241560738673, 0.5128357887316655, 18.39909297982093;
  3.398568705503807, -15.38900496452016, 63.61813397668781;
  0.6351657357442253, 2.00135665592133, 13.95869755470822;
  0.3668532156517665, 1.866656102998113, 9.470734677325657;
  0.8087033936627892, 1.076089569967882, 16.48672777175031;
  0.9125557939200369, 0.8945997888398717, 17.96246701531948;
  0.9135534028662483, 0.313109970523395, 17.84242963815264;
  0.9025347381606624, 1.128846932033604, 16.64855098635385;
  1.017270404124662, 0.3566452501039665, 18.17759435010527;
  0.5534876680757429, 1.911508557844269, 10.27437201992105;
  4.467593442167076, -15.40667016472395, 61.79522600889797;
  1.191511754916683, 1.664604399930402, 17.77036693771856;
  1.229169462550585, 0.8966600045822347, 18.12386345334107;
  6.050663264363272, -18.21478773726818, 77.65218726720309;
  4.555168922886139, -14.05772334305284, 56.92202901223996;
  5.075612057840965, -13.25502830414306, 62.72938700198298;
  1.565708213974034, 0.8036168013734781, 20.30874129184536;
  4.915015738428599, -14.60287345152962, 58.26180349652057;
  5.096045076442701, -11.82503138535334, 58.92962171906267;
  5.726193756786954, -12.49703478391455, 64.55768325223492;
  1.644589758976989, 0.7755747038466119, 20.09138908102754;
  5.381519626461267, -10.67241891681652, 60.34645476052562;
  5.465157949510929, -12.61558063556096, 60.75196505623274;
  6.378995550252982, -12.09651215575721, 67.4565451634379;
  1.771649208134478, 1.222713749457365, 19.86940863152608;
  1.770379201540332, 1.264309043693182, 19.76016139583232;
  6.602482207924632, -11.73882824860472, 67.29135967805266;
  6.095701844497378, -7.612184445435328, 61.07118335151319;
  6.004742658531531, -10.11054237733722, 60.44944128367607;
  6.70797315790109, -14.38195335620728, 64.94200669998396;
  6.033083561552354, -9.837772998274446, 58.28572698934789;
  5.547212251110594, -5.095426616347342, 52.93663995005498;
  7.160523863842953, -11.70256512523526, 67.76854316761356;
  6.445875684672643, -13.97034499700579, 61.55271700650766;
  1.258071143896835, 1.913414935483687, 13.08963487061286;
  3.326881857002948, -2.140393658417605, 29.96970345668191;
  1.97787829826399, 1.876684978159492, 18.076217861142;
  6.904859562360471, -6.291611334288445, 57.38545115462038;
  7.488094962513292, -11.1713811320355, 62.64103414392596;
  1.290141373056829, 1.955459551941593, 12.0964613920352;
  7.303900513128443, -8.979072701296628, 57.88297453492043;
  6.983101931493263, -9.340879550432303, 55.58865477865601;
  3.834712633224896, -2.492550171787699, 31.02614845725362;
  2.133118378922354, 1.912258840810769, 17.79747500167456;
  3.78234974718372, -2.118385425384047, 30.1423029759967;
  8.776843654274725, -9.84977302763112, 66.50656676990698;
  8.289812996966766, -11.55000114290171, 62.61715620449722;
