m=[-12.19783118903339, 0.7705161300657105, 14.73261948083465;
  -10.01155657809219, 0.6081641791718594, 13.65093881223577;
  -24.68045633913234, -6.0524232471915, 32.98767351526304;
  -21.97417445486651, -1.838405653321834, 29.4963171376677;
  -21.81706649953647, -0.6102394047619177, 30.0680418617653;
  -23.92820681599115, -4.871917677034513, 32.87047332773327;
  -17.7919517641631, -1.7730290485169, 24.75633995342365;
  -18.46167432073497, -5.21564090894752, 25.63946035335855;
  -17.11702759647979, -5.234068370397827, 24.01970645068031;
  -17.12669007798111, -5.007460243915529, 24.16288894552521;
  -17.70930585191268, -2.029563262801482, 25.13977237177157;
  -9.116213033993047, 1.012444520463566, 13.56490607147217;
  -10.07531427441288, 0.4160076630501073, 14.99103558541378;
  -8.78270903222114, 1.009981204239221, 14.09910675080822;
  -14.82320929602835, -3.523346981859339, 23.5881780801288;
  -4.906631535753713, 1.981110950522744, 8.794358820213905;
  -5.78320407747646, 1.990582033659337, 10.27784767774718;
  -4.820366225764671, 1.970628921265728, 8.821721986929628;
  -4.917951482789094, 1.982850109503391, 9.249215310434007;
  -4.785942134840663, 1.943171908386512, 9.35531827215431;
  -5.587184926869718, 2.058689162456902, 11.5270003946658;
  -5.470626688608768, 1.174129135690759, 13.45721875542828;
  -6.663476135521668, 1.52781003481782, 19.13353227273744;
  -3.199198555962341, 1.93499880297156, 10.6207932570568;
  -5.245430776723116, -4.586311657347102, 19.37545722891792;
  -2.359355084059974, 1.897263402890867, 9.11553597327104;
  -4.714394809380975, 1.360496508112623, 18.64695951732222;
  -2.067213201686485, 1.903673406272115, 8.419756251772597;
  -2.212549361936098, 1.899709925658163, 9.097080803037279;
  -2.204178553478487, 1.91698001017182, 9.178751490352692;
  -2.157555848362861, 1.848864106233057, 9.899162482561687;
  -3.873315396045469, -1.351102253640796, 18.37849915182668;
  -2.010282470059301, 1.930464559171057, 10.26853774843166;
  -4.176392602897595, 1.224875695033234, 21.74460697152216;
  -3.954696727204245, -0.06710191190175038, 20.74205700724981;
  -1.642329274792975, 1.893877694555951, 8.819927958327522;
  -3.360483141385733, -0.6538283244575729, 17.81584418312977;
  -3.402056327807417, -0.5403211101112683, 18.34319830638551;
  -4.124443898581959, -3.213072265665261, 23.0549760469983;
  -4.027058571372714, -2.729645542980547, 22.62597715690161;
  -3.92357980203549, -2.946530832408267, 22.89169997782507;
  -1.698624212807935, 1.915421494967095, 10.068062124763;
  -3.809987515494202, -3.315260953283034, 23.5350923918258;
  -3.828948182192284, -3.330430300614189, 23.76896416445386;
  -4.0264169958481, -3.044120054970716, 25.07725535581304;
  -3.721548889235951, -3.045240199919058, 23.20877745663951;
  -3.643285365301069, -4.028886014392589, 23.39595578148891;
  -1.282808684156768, 1.882112056610021, 8.450642892636273;
  -3.883514459253408, -6.353867417911427, 25.92738866997607;
  -3.591431787268477, -1.069178341029162, 24.22092502427195;
  -3.418400309964486, -2.934790917670132, 23.62253472382411;
  -3.574613836733101, -5.98728878800064, 24.55896796438812;
  -3.560509974416764, -5.929643953377319, 25.33909792307428;
  -3.5474518010009, -3.308963782144522, 25.85119957057851;
  -3.493741517193646, -3.055240226775861, 25.58682188222489;
  -3.379782645299689, -4.204137575754608, 25.6091462630641;
  -2.868080670730019, -3.618464429582699, 22.50736253157724;
  -3.035835299741216, -4.208825211047871, 25.11164765415802;
  -3.472101230552184, 1.270336271470455, 29.00387758474873;
  -2.92160976610736, -4.214999866578426, 26.74262648700712;
  -3.030205807269176, -3.550888540900115, 27.66517966522461;
  -1.094721517277733, 1.905092804488486, 9.820012185188416;
  -2.930491910747773, -6.28932613603421, 26.88931729594728;
  -1.029720239889905, 1.908307798823759, 9.83839053085968;
  -2.804258115076948, -3.613563265438481, 27.55293597042474;
  -2.601792362740478, -4.100719801297038, 26.91073424756318;
  -2.235086833602024, -3.177657587596817, 32.42715222934719;
  -3.402341936412825, -18.48597157654571, 74.9270556964708;
  -1.078657330336158, 1.561863870867396, 23.83261517965507;
  -0.9855486009427357, -15.5623512180077, 66.49937395157537;
  -1.048023406741059, -17.43290171777505, 72.55967535955614;
  -0.2279505097962788, 1.142849372824033, 16.62234328539005;
  -0.0552800934715534, 1.136631911995631, 16.53270364499041;
  -0.01309604997930725, 0.9487155875323824, 19.64363632133609;
  0.11804196817366, 0.881747160293346, 18.57776783739892;
  0.2121460052434089, 0.7462388299391849, 18.82524791945447;
  0.1729525066972372, 1.074056631261583, 15.07317698217267;
  0.2541506641676864, 0.8285432925280364, 18.24171611621748;
  0.2965887153094208, 1.486817104637583, 16.57152020039777;
  0.3719119124460469, 1.424733278157807, 16.17862081278168;
  0.5391657568565641, 0.8327930123029026, 20.79514971710291;
  0.3904869719110273, 1.004967166659744, 16.26060819100421;
  0.5348777373956614, 0.87677896542609, 17.69559444552454;
  0.7011948959306786, 1.026134358663035, 13.97101257623532;
  1.622318771503618, -0.8700329757411245, 24.99923960593727;
  1.076411997600709, 0.7671344409091696, 16.68175149595354;
  1.098480584398225, 1.12280937786488, 15.8190372361819;
  1.760811906260722, 0.329670267818426, 23.47460270421325;
  1.854059015753078, -0.737540210397551, 24.32941091206924;
  5.885473990404462, -16.53101925397994, 68.38088343799075;
  6.685904588870212, -13.91750916385286, 75.59167050311029;
  5.723748060396352, -16.2291171468124, 65.14239153735689;
  6.561194617591149, -13.96632603198902, 72.54690923922668;
  1.75406570309145, 0.6178106284206349, 19.25665492042579;
  0.6882212838008704, 1.880549013103912, 8.951241448077294;
  6.973487151119308, -15.08535404454637, 67.72619692238632;
  1.282219581226438, 1.920338486985612, 14.10444652982965;
  1.502189413279551, 1.53156330374033, 15.95268745596776;
  1.59231561462993, 1.061651089803367, 16.26111122392228;
  1.773135789317319, 0.5409210149651388, 17.67458276821753;
  6.752097714528229, -14.2241542754281, 60.40099337085495;
  1.675552815001823, 1.133196685544633, 16.22010269551288;
  1.752451819950219, 0.9059050869757543, 16.85610806944111;
  1.911060958895612, 0.3665030008294289, 18.1375786810193;
  9.317872667122582, -13.53130295071015, 78.61239497571174;
  2.013920762057918, 0.404471218461691, 18.2526366340141;
  0.8649807929476767, 1.891412459681391, 8.967410426728513;
  9.186783853067913, -16.0762517250168, 72.77391164675616;
  1.11986347535653, 1.952807885739553, 10.4113295464651;
  8.310749927195337, -12.13497075011495, 63.71025711781942;
  8.89980384654177, -14.17621351186799, 66.99751110791645;
  1.075666850827751, 1.831971750077105, 9.785769390463431;
  2.213349266351882, 0.9624915675273525, 18.05188903070373;
  9.70144121677205, -12.94012003771701, 71.72730507880848;
  9.297324268317764, -13.49773271503895, 67.08570072449406;
  10.16867572700964, -12.79710215628413, 72.09950818587726;
  9.534525962486622, -12.4080897288253, 67.50534367648893;
  2.627977668679239, 0.8581487659378203, 19.97523705942383;
  9.646031260073785, -13.06995628405966, 66.59738898664442;
  10.67587095519148, -11.7711566067922, 70.44707368240286;
  9.938965910339707, -8.139544280546222, 65.59355831542838;
  10.39212672475173, -15.09286076442012, 67.31079888427215;
  2.886827919493664, 1.37342203105515, 20.00270622464228;
  10.95086935478956, -15.65559841691865, 70.41410459880996;
  12.56199613415556, -13.77802035161938, 79.67690560445486;
  2.269406966801939, 2.020559345693616, 15.75994834886186;
  8.902712883628015, -6.277374637676408, 55.50789916187041;
  11.13766975850632, -6.752225744392708, 68.89104718858569;
  2.435158731989154, 1.789789900604276, 16.0300489993029;
  11.85551194386312, -12.30113026697354, 68.895248113292;
  11.62970740991753, -7.232575532518817, 66.51100609306768;
  3.019409471168272, 2.006280347474223, 18.2194007509377;
  10.32308449950392, -9.727061309129571, 57.84990853262555;
