m=[-10.0452797405553, 1.755372009826418, 12.38534034098233;
  -35.3008443813283, -9.458181092202128, 42.66524344550562;
  -33.06163413792858, -8.307676159478039, 40.25831063473393;
  -27.90812103625918, -7.164373751362516, 35.28827947283595;
  -9.052537769907891, 1.727772637344829, 12.65922309229459;
  -22.60717942096169, -0.3966319257699928, 30.48870815012244;
  -16.12751584547817, -3.24127883430473, 22.44875805970789;
  -9.369886477013763, 1.548012070880213, 13.77001563670375;
  -5.548314546714692, 1.782566840273655, 8.562213611450098;
  -9.181784927838711, 0.998371640786626, 13.72593055467069;
  -9.063546662666781, 1.113483749843192, 13.55557649665179;
  -18.6095607216286, -1.35408122642358, 27.12248187427694;
  -19.33406984127205, -3.896402425819145, 28.19219009979972;
  -18.70281561607379, -3.530965640752436, 27.61641864442883;
  -19.42754679970316, -6.42783082385476, 28.72021253701897;
  -8.10153568780091, 0.8594570262675849, 12.94990559314961;
  -7.999568961017607, 0.7466302837668684, 12.80048781752108;
  -7.945386757160311, 0.6974516448928337, 13.04908464097542;
  -7.732803240741279, 0.6348809766118517, 12.83302634682052;
  -5.753681651367294, 1.797454778299282, 10.28123376468266;
  -6.425164017172939, 1.522798916233113, 11.84751990846964;
  -6.306998591018219, 1.130323041022862, 11.78946354856263;
  -6.339872375682304, 1.264408193157653, 11.89255806850104;
  -6.202524396622666, 1.454905934999837, 11.829513248646;
  -6.019922435032922, 0.713771347369928, 11.72110538950205;
  -15.76478400313474, -2.233991056628156, 29.5514461746624;
  -15.2839628357008, -1.977791146483621, 29.21574571913381;
  -4.974117406118001, 1.75640575708338, 10.14791048120941;
  -5.742602360033216, 0.6664452440520282, 11.73223005887342;
  -13.48896236408017, -1.593416698178695, 27.0875387943181;
  -14.37064604443909, -4.974473427430993, 28.91614192100288;
  -5.425226653907909, 0.8905314614695512, 11.41612229514834;
  -5.909376836015355, 0.5496307807176948, 12.41145774636371;
  -11.24659713069599, -1.577515759302941, 23.27375387796445;
  -5.40963412920375, 0.9231716293372179, 11.59900827071914;
  -5.893265286538542, 0.3613990668221244, 12.58182591342485;
  -5.287993121331862, 0.7628998854439264, 11.57798501677533;
  -10.99917090696553, -1.796886250638602, 23.3719561190931;
  -5.71101665127598, 0.5567711697124915, 12.46198817001522;
  -11.94691447002322, -1.523772890166529, 25.34682315205684;
  -10.42920944132142, -4.309119394912019, 22.29306592561231;
  -5.158053696432557, 0.8008094444863565, 11.53700067616296;
  -11.0885377909077, -0.7967684645601563, 24.08269567846385;
  -5.169674867186952, 0.9866986289694816, 11.67309224932613;
  -5.184357444870893, 0.90048619898372, 11.79715510026643;
  -5.045302042932891, 0.8490805314327576, 11.6685152339322;
  -3.175823774533268, 1.71758344024116, 7.647687446575471;
  -5.03984474563524, 0.8878463835460007, 11.78020003904186;
  -4.972713488924383, 0.9488453120727239, 11.87414805086427;
  -6.097681056893301, 0.7100103308786395, 14.47465355371919;
  -9.741075009011208, 0.1940566205654252, 23.08523419460553;
  -8.280576041736781, -1.672234965215041, 20.31145931022179;
  -2.712187977020174, 1.775883848005063, 8.814669489018211;
  -1.072546430088869, 1.670546086041642, 7.728038002125658;
  -1.029479157659502, 1.679464432369187, 7.749272932711433;
  -0.8583701772865304, 1.666364717980167, 7.640148331749422;
  0.2397445007169877, 1.207837916107864, 19.24685036597446;
  0.2744871954483329, -0.02611850727737933, 19.00629654282116;
  0.3187910647396132, -0.7179421620446735, 19.27115319071384;
  0.3859897595941672, -0.5730882021252296, 19.45149145191702;
  0.518079339146016, -3.72060457082068, 19.29179614150177;
  0.5235690724153757, -2.818524215769489, 19.123945442948;
  0.5541263153039489, -2.514452844724608, 19.72405353683626;
  0.6443505677491153, -0.6490126413295358, 19.53524024009083;
  0.7148645093296129, -2.769040625817024, 20.35354028534953;
  0.9127141739031421, -3.005977871353689, 20.13796755807569;
  0.9390969976135916, -2.578064209469546, 20.14725027393081;
  0.9545626830999969, -2.841707576447436, 20.4418128505875;
  1.04741564190701, -3.678274394527845, 20.08548897409726;
  1.151722081696913, -3.634524842095273, 20.04006597247771;
  1.294761087384946, -2.596253077682657, 20.93202304548953;
  1.289187334428994, -3.698191819558131, 20.51129178578334;
  1.329180675518914, -0.7134820587207142, 21.02696065286623;
  1.30362908359923, -2.712107505855276, 20.63011828435208;
  1.888839026352761, 1.051399136399133, 21.11647560965133;
  3.065489798581017, 1.353992311142296, 17.70261314833576;
  2.618781938507981, 1.002998073926223, 11.97988843750667;
  2.833674993110603, 0.7270871991737858, 12.25340883884868;
  2.752142298853698, 1.000670091682635, 11.90880190167297;
  3.335811878190909, 0.6730418472279616, 13.6451067683565;
  3.320224013022891, 0.757284804082523, 13.37766193788732;
  2.873227414831217, 1.008071376454597, 11.47569183976408;
  3.312328527511226, 0.9472622336150071, 12.50606979193097;
  3.694691396197355, 0.5052277223320784, 13.38965402391001;
  3.766348962738607, 0.3629664419077734, 13.53171754641197;
  3.784603564832272, 0.4769452795095693, 13.50055864131315;
  3.389426080581148, 0.8318744259750668, 11.90993180033612;
  3.479818829377013, 0.7510336955324701, 12.16001042600288;
  3.338594509040488, 1.008546835151251, 11.11723040391382;
  18.47006740690772, -9.836761619289332, 51.09832769992999;
  19.06824528618206, -10.39474397390765, 52.36383201572593;
  16.96665084240843, -9.983225513465191, 46.29232836894797;
  18.56120143128431, -10.47912482622335, 50.45071433803;
  20.65193217551118, -7.143644987595335, 54.11689212421535;
  4.530963681472784, 0.5147926958515074, 12.79344065322995;
  19.27441260888159, -9.242375499247407, 49.83627400457976;
  3.98747161499377, 1.35250493866887, 11.30944361275994;
  4.657746461084789, 0.3622680785574116, 12.91700954084013;
  4.423427469254964, 0.6455433672401159, 12.13784031464108;
  4.597577018956003, 0.5589933789722988, 12.53175587816927;
  17.6801156005778, -7.916409140357978, 44.3046468686162;
  20.0423866527457, -5.435737686738055, 49.70122052788091;
  4.28793484845654, 1.06532690867997, 11.61254241402569;
  21.25794240195695, -7.565520116093172, 50.80320844118566;
  20.44401511443552, -7.752560926014461, 48.85718508221176;
  19.15056699355616, -5.39934211954467, 45.75348119484769;
  9.802024174249976, -1.977601417688016, 24.02094838391068;
  20.05264776511566, -9.528240840994789, 47.76920352461258;
  21.17429785260916, -5.528365323551878, 50.18884539892631;
  20.59222196291689, -7.356788025688548, 48.64910977539689;
  3.959348525304558, 1.753277678078505, 10.27325764177119;
  19.55812043077789, -9.480986537149514, 44.57894090374017;
  10.12194839917222, -2.06274166769811, 23.65399401634786;
  21.74634626146569, -10.03103147994179, 48.65079580551443;
  20.57015203777029, -9.002163771691004, 45.95056309266111;
  9.895211655701084, -1.913868541912388, 22.68547022106377;
  18.99546656668841, -5.475467950777775, 42.07471911266675;
  22.36042747708385, -7.521177825037718, 49.13659272771744;
  4.509705533498885, 1.771463614574492, 10.82903597892397;
  4.960294900683988, 1.714145694853575, 11.47039922098051;
  12.31795215410131, -2.112687188663862, 26.05191665575861;
  11.17281416154839, -2.825891738253776, 22.91693190140764;
  11.37658180967232, -2.831218425476947, 23.20945498269207;
  11.56651007448631, -3.08647391488846, 23.55503834363994;
  11.89873227598601, -3.069128343915729, 23.68254994259761;
  7.935608760323011, -0.4932909578738556, 16.0825995968627;
  11.29011910001673, -2.803719050051087, 22.19472763743782;
  8.079602521102268, -0.518471605315239, 16.13905749074483;
  12.00567041843027, -3.035488341597918, 23.02364206918146;
  12.1561816878808, -2.472070780979854, 23.21722812209697;
  12.23949045758132, -3.136240188553042, 23.08283785407076;
  12.46470032925034, -2.692485200802499, 23.30734314409703;
  12.86849839387555, -2.613686744614097, 23.90675743871185;
