m=[-57.37236562359998, -12.77323955963981, 70.05645229736555;
  -22.53170274546385, 2.756462788281646, 28.48504828011507;
  -21.42375584275092, 1.314865207207248, 27.24414371033688;
  -58.7632970063001, -10.89525710912234, 73.74187008582237;
  -36.75212062282034, -9.534314667808252, 46.8779875681451;
  -40.65189336625164, -3.605598789291939, 51.9259810516803;
  -39.75628651696648, -11.12123330905117, 51.12626782618472;
  -21.8843786646149, 1.443433060904847, 28.80573622820465;
  -43.74254534247577, -4.44716653399385, 56.8851823455275;
  -41.90250325891344, 1.100754503541275, 54.86106701285133;
  -42.96006213196151, -0.04910169668157059, 56.24869250036007;
  -20.79967585761952, 1.510410622662539, 28.03617451862523;
  -19.98371899400677, 1.277365122591248, 27.3796929378152;
  -19.72153904485984, 2.11780361718877, 27.28938445377106;
  -21.11591803840346, 1.59969254530273, 29.75642734991476;
  -19.82914946200869, 2.039206108939155, 28.12662448929419;
  -34.5897867281233, -1.408224897607446, 48.75699183681263;
  -19.600180496527, 2.354029971362186, 28.44542676669422;
  -37.65862400928044, -8.108908748912462, 54.64338089607116;
  -19.99471897684727, 2.110879505420708, 29.50397412616421;
  -19.17514348685961, 2.110008664878543, 28.49186785837217;
  -19.33339484455392, 1.870752828084454, 29.05704070017441;
  -18.89538212556058, 1.939014735884601, 29.37507694166398;
  -33.25432096398301, -1.840588819166162, 51.43459368332047;
  -10.66060695912599, 3.906347978044408, 17.1136485380915;
  -10.81567227138659, 3.967648165366544, 17.52517550529625;
  -10.08333334266094, 4.001450821284887, 16.50668110341498;
  -10.72809019443677, 3.962651038422749, 17.73945553741784;
  -19.43020555566385, 2.858542393169109, 31.62145030915827;
  -29.42014849760328, -0.3177234238264586, 47.51961706293286;
  -10.80673973519317, 4.004481474351814, 18.12536783066493;
  -19.75184746597602, 2.508191113845153, 32.80703442100933;
  -10.35347942431157, 3.879300027784081, 17.7275745818001;
  -10.20536252341066, 3.968046294184583, 17.49225059127587;
  -21.99729287354105, 3.166970858399208, 37.47269571579244;
  -28.50362709559447, -1.35047866653815, 48.99395894298604;
  -12.17391471635344, 3.966646691665518, 22.16274355927791;
  -11.98726006252175, 4.017831009267832, 22.71984289325543;
  -21.13519102584197, 0.7310171139264948, 46.05406742414171;
  -20.32420022440566, -1.703357363016456, 44.40510823355498;
  -14.26396544788621, 2.769128359180287, 31.45128025148914;
  -7.186420484211557, 3.897704913447085, 16.75402717993097;
  -6.681407936240152, 3.879299664698145, 15.69307346668093;
  -7.938228741771432, 3.788712128506704, 18.7199658588181;
  -12.93732642391361, 1.589295310978397, 31.07539361466717;
  -7.108618717221491, 3.894974454987319, 17.91727163714524;
  -14.00896259847129, 2.844349751795433, 35.39807462247496;
  -7.113341220658179, 3.815430778638776, 19.14011796690079;
  -5.923748860890981, 3.884836981760243, 16.18383998141112;
  -6.439217672605793, 3.889168971420253, 17.7361765927201;
  -7.726043944107708, 3.796755369446642, 21.35394344319641;
  -6.883992088089507, 3.821487276607289, 19.26880188709961;
  -7.192962890667705, 3.833947137892651, 20.64301431883638;
  -6.597558514463357, 4.203721855634656, 19.22942989522029;
  -7.618746815069305, 3.915572791068831, 22.10381198557425;
  -12.01808267906571, 2.902395250177832, 39.98342341897082;
  -5.663954718471666, 3.838223889290625, 19.25637480333116;
  -4.946789983974029, 3.881389084191972, 16.92749244171759;
  -5.350532219946689, 3.854739654775033, 18.51927340068151;
  -12.41449550267744, 1.789229971627615, 42.41067545953612;
  -5.392022887567129, 3.784336733436992, 18.86383520275981;
  -5.316224911029196, 3.76463533671564, 18.78461059261906;
  -4.904300825582415, 3.775981591862207, 17.84210176876125;
  -5.389257134811641, 3.798496145017807, 19.55644640552329;
  -4.23671057360231, 3.854397098948531, 15.67574620325942;
  -4.516263546601151, 3.669783901755527, 16.73155578074127;
  -8.651013246662519, -2.411135824420104, 33.37617180621364;
  -11.55458364114198, 2.680612627268857, 48.0665294006353;
  -8.875332121204048, -0.1132950543487032, 37.13774988922176;
  -11.0630057804644, 1.296759798481755, 46.25816325608776;
  -11.73248841157482, -1.794274307081389, 49.35802631960947;
  -11.12028572048365, -1.375000687158535, 47.42171309650147;
  -4.129357948629211, 3.854284867385739, 18.36758203950624;
  -10.36899029029, -6.261682479971832, 45.39371763997933;
  -3.637502145389037, 3.791730173150539, 16.32616381378548;
  -11.11744320113987, -5.830270673812604, 48.81457869968415;
  -4.338874421675548, 3.861529398412265, 19.96411367685095;
  -11.25601633453768, -6.488992855391516, 50.87571046404281;
  -4.627498605093949, 3.935786449847091, 21.5529327964609;
  -3.506028004313415, 3.859358080431123, 16.92545882629856;
  -11.9574957851179, -7.868888932691071, 56.59002999257109;
  -8.784768450271223, -5.000635756455819, 41.74325769167833;
  -10.73773712110334, -6.642872582493114, 51.08063110808406;
  -4.139795055355984, 3.909561414432496, 20.20439066648733;
  -4.363048140548294, 3.885488395769874, 21.2921354160983;
  -10.64406953919511, -8.819564896937372, 51.6826449699186;
  -6.477045225793495, 0.7291610729005643, 32.57011224028483;
  -8.133049037773068, -9.784939727249594, 40.51055662153358;
  -9.572015652573375, -2.122764322623003, 48.44276586334241;
  -9.396308091896966, -5.581279248422869, 47.97086282832457;
  -9.964512350671935, -12.25608437170305, 50.76880600969084;
  -10.44278991381617, -6.611009905734028, 53.63970312792332;
  -9.115812958663652, -11.0446169949864, 47.71842798025918;
  -9.164902955078631, -6.213867776576986, 48.99852568188985;
  -9.572981123655946, -6.079639124387297, 51.34579724794717;
  -3.31259673685752, 3.811661924659931, 18.14834429513669;
  -2.868060030239454, 3.82913979744741, 15.98082293888612;
  -9.389852880130322, -8.385365407755041, 51.54525351738879;
  -8.010569412618224, -7.164914884055015, 45.08512851047878;
  -10.48232377008423, -10.19572507091845, 61.22327607858408;
  -2.939532608768717, 3.723031850822076, 17.53237122691347;
  -9.601040039765548, -6.836070570617289, 56.3611469427881;
  -10.3134807502865, 2.629338926166719, 61.22583968226994;
  -3.482145049392592, 4.098103884298617, 21.29459830206114;
  -3.463588157396305, 4.035988901934593, 21.77289630198482;
  -8.68960511190356, -12.17413421582526, 53.88238756248344;
  -8.143715657453772, -5.557536050840144, 50.99431343630563;
  -6.434861449803125, -5.134723451284832, 40.48781357255515;
  -8.759050721565407, -12.71167277412701, 54.84141175808827;
  -8.272178490326565, -11.3897613490995, 53.17740275959818;
  -3.22808053771681, 3.905538194107915, 21.11654474207676;
  -8.397464468848545, -7.202467140927992, 55.31185503100657;
  -9.863289949318823, -14.80797753639873, 65.23947448755177;
  -8.505628015975466, -8.761440009149341, 57.9030980584093;
  -2.528825947079517, 3.906154447469398, 17.89704813370364;
  -2.672937026741572, 3.286436627115746, 19.21318491376;
  -2.180537000007385, 3.828376695372123, 15.79310465360195;
  -2.773443204895337, 3.938842570946438, 21.22371206841406;
  -2.551141370389599, 3.795838270689736, 19.57700649746369;
  -5.903575168459323, -4.827135139248842, 49.44753888188801;
  -1.667988960998644, 3.796535626586461, 15.96017117890403;
  -11.10133272499495, -24.81723545095246, 109.0926953276812;
  -14.23774363808989, -33.86602380523724, 143.4889830512521;
  -12.83011280243368, -32.81861704320984, 132.7863702502013;
  -9.84155745188119, -10.09400574238857, 105.5661129662893;
  -6.170701003698555, -9.085149332826708, 66.17024135434238;
  -8.2588126657175, -20.99954484037994, 88.63204445637155;
  -11.44956783538217, -30.97998285128184, 126.9788347220405;
  -9.183804477561283, -21.64823523348096, 103.885095074726;
  -5.517619502657688, -9.38451512333196, 62.28985177204825;
  -9.986813652305051, -28.99215920152853, 114.5624454346354;
  -8.898876952062759, -21.78679562551329, 102.10966955118;
  -13.46681946716527, -28.83084694809287, 157.3926423559108;
