m=[-22.04365108160337, 1.492131472159443, 27.15743934755868;
  -21.99338863874008, 1.612789669302801, 27.70793068626185;
  -15.40112387533572, 3.728271203586348, 19.97627886729238;
  -11.94705691167418, 3.981566932118084, 15.73056883173754;
  -21.17406626470393, 2.23742573023365, 27.37615924632421;
  -22.17058165866723, 1.210357773582808, 29.038293003371;
  -31.95663336758225, -0.02246603299101278, 42.78076443031053;
  -23.48077553213549, 1.859198817419776, 31.96043207986351;
  -20.51809714359549, 2.205936643958361, 28.38097138077674;
  -21.14847181539393, 2.010701116389049, 29.5402854415609;
  -33.88331433447478, -1.545929974990755, 48.12790541731698;
  -20.28263035112908, 2.039757018885278, 29.27374013385585;
  -32.22591684215383, -7.944670817136967, 47.4932520425176;
  -11.35749040716954, 3.890991324937893, 17.39539510506421;
  -19.82897804627399, 2.538585886552168, 29.83974407020833;
  -21.009184642765, 2.968637106275757, 31.61809511533727;
  -10.59623912508429, 3.911766473061011, 16.43145593487663;
  -10.60546809227001, 3.896196468161869, 16.92537974730144;
  -9.790977318276283, 3.888342650546154, 15.84252808073343;
  -11.41994995152887, 3.967650177678264, 18.37159389435548;
  -10.83991498128306, 3.909646448584431, 17.50020290417655;
  -29.12805185738711, -0.9931075069612071, 45.7874739495965;
  -11.75285390396444, 3.943736281992718, 19.25178416179558;
  -29.91287068572743, -1.654630241614018, 48.29489684870917;
  -9.549660869796613, 3.649884048243871, 16.23482849690886;
  -13.16857683609765, 3.986781467655936, 22.27913149241141;
  -13.27118882241662, 4.123120583877029, 23.28539606328357;
  -8.822521111160542, 4.007529163382461, 16.1659490707412;
  -26.54344864278556, -0.5187810762232626, 49.95782719633809;
  -7.701224323876128, 3.892385212205492, 15.57861071799066;
  -22.24839938956811, 0.8266596134339496, 43.71817436677161;
  -23.14355732630835, -1.60208670176007, 45.53855171072259;
  -7.990363657715696, 3.876944884627328, 17.15941362254365;
  -7.685111495369811, 3.823838259584095, 16.87814352776116;
  -15.05114408968572, 2.340781730905654, 33.076378183058;
  -7.974395765570906, 3.879163977481555, 18.32649673951828;
  -16.49101499530717, 3.085319478944877, 37.24830899891915;
  -7.070392376840222, 3.981416563530263, 16.46105089893866;
  -7.840507832856415, 3.824941616354611, 18.31022383917084;
  -7.114170721934888, 3.841467706038694, 17.06701554885035;
  -6.421816349759428, 3.834970481533062, 15.65594961449092;
  -8.126221915446582, 3.861194763186071, 19.76878658398377;
  -7.864419550935463, 3.872292047740117, 19.34962233607612;
  -9.06794514320057, 3.932725500393437, 22.46899948183304;
  -7.971400648559609, 3.891047761156556, 20.06196058562136;
  -6.124740570917347, 3.886730332736549, 15.6011264550432;
  -17.37247566934694, -0.9651714521253906, 43.0535465256775;
  -8.025687784604788, 3.827751286438669, 20.33973420391882;
  -6.301287497155349, 4.032963259378173, 16.22657076755699;
  -7.115672424848387, 3.949067306737088, 18.60684190032938;
  -6.216492107969541, 3.811905776068117, 16.43307297098518;
  -5.735027846829854, 3.774914315452381, 15.36198154069977;
  -5.851098599365375, 3.923528696978055, 15.69406281965635;
  -5.523551222394402, 3.915459476949825, 16.012615557369;
  -14.27522152471142, 3.04254422132235, 41.08224454380222;
  -7.48615267058075, 3.888401277071552, 22.11889681790648;
  -6.650749499749246, 3.845013979362143, 19.84826942216801;
  -5.781458582593175, 3.84910593315209, 17.43371703142401;
  -5.23244318854013, 3.907134946613252, 16.07946428748833;
  -6.470153148903476, 3.880203320659593, 19.94714846097337;
  -6.456107125317234, 3.860849679216185, 20.39635946658015;
  -6.011023936344159, 3.894932221538418, 19.03228078263536;
  -5.760492530709748, 3.880021877162527, 18.44314363395099;
  -5.207409626432625, 3.957267900266552, 16.80229243941144;
  -6.158020910028689, 3.830749787705491, 20.28984452939526;
  -28.48656783936811, -6.49154309395299, 92.00590416723807;
  -17.08482322611009, 1.504790264227724, 57.11972944382113;
  -13.22658979686717, 2.622118471536699, 45.98950840317107;
  -12.89047916920557, -0.06437017604781721, 44.98783551714347;
  -13.98325224651998, -1.676317879424537, 48.97794768418587;
  -13.69291069425668, -1.303534527240898, 48.52237867305077;
  -13.03158459426987, -8.256622902432701, 46.80484131191702;
  -14.45750111003043, -7.054845464329205, 52.21824446922717;
  -12.06013848279651, -5.099577490716051, 43.74819586614781;
  -5.257900870104999, 3.983853976737871, 19.67741835262785;
  -4.619986242986768, 3.881012212696449, 17.46975721338976;
  -14.71613665443138, -6.811185840885216, 54.5660513986663;
  -4.619680072789844, 4.025233257812222, 17.62745732969624;
  -5.556476672360888, 4.002944808618815, 21.34437239870625;
  -4.579691562082546, 3.842279483441252, 17.78933223858773;
  -5.808107752612621, 4.003625608542281, 22.52485219126249;
  -12.72163601883525, -6.673100100895898, 49.01721835146967;
  -14.64007210324973, -7.207119259411433, 56.59287566005403;
  -5.324987782723505, 3.937688079747795, 21.07803622366706;
  -13.21523290970156, -8.694142970903192, 51.9177383311695;
  -15.30266592141116, -14.6073888831114, 61.27060909184321;
  -14.36259460036881, -9.296251742018615, 57.66743666443107;
  -15.61894455988047, 1.532042472822491, 63.37045801796189;
  -13.04270937364835, -12.63593987181283, 53.17168199928074;
  -12.43803987786865, -5.794239223181017, 50.9668356354788;
  -11.62533189382015, -5.770906343768049, 47.89090646489178;
  -14.90297894658768, -14.15747939995398, 62.03592711464311;
  -15.3774793824838, -8.117072643532895, 65.28036103678892;
  -12.21396682420686, -12.42183789094738, 51.852211003526;
  -14.18503444369103, -6.998327567082108, 60.39900537920532;
  -13.14615811617349, -9.089661971810006, 56.93184678742824;
  -3.885955420299675, 3.985938525534835, 17.45977786200685;
  -17.06161216465436, -11.80069433256107, 75.37790984431672;
  -12.64457646218247, -9.405028846467458, 57.50950876575527;
  -16.69915937139949, -9.080901577670794, 76.29992132421478;
  -12.16304533890536, 2.487023233661483, 56.3466682035772;
  -4.35537028389195, 4.186524323352009, 20.50433638793193;
  -12.84758896039727, -13.59419971330541, 61.07706358029564;
  -13.22600388478187, -14.46472284246099, 63.31184304494479;
  -14.83179598714738, -7.612348434115045, 71.30421693295202;
  -14.06700868463224, -8.433800971754428, 67.81366381567017;
  -13.67546620096712, -14.09463226684885, 66.76740303881834;
  -4.463748093656175, 4.027494808356096, 22.5411077778399;
  -13.44409365764524, -7.633410494648957, 66.87107078056457;
  -13.39529149433377, -8.536323220853031, 66.84196466726299;
  -10.92346434227553, -12.17320302085693, 54.53763885808674;
  -13.20492125264297, -10.03344854077645, 67.48510876408533;
  -8.276399890690646, -5.716841134198728, 43.38270972394735;
  -3.493928556810701, 4.024597184031423, 18.99352412393574;
  -3.138722836858367, 3.952106089581612, 17.19311406143865;
  -4.050669292041152, 4.121358215719065, 23.00576285311961;
  -3.790481030618397, 4.017753852377627, 21.55270316216389;
  -3.33445077685655, 4.028379190003939, 19.36145632340681;
  -3.902494109479415, 4.10593014348455, 22.8967227597777;
  -3.653234953261678, 4.10705182346214, 22.80306466371665;
  -29.43587781896068, -44.05290993808077, 194.8683973563153;
  -22.89335323516164, -36.09929855041501, 154.085889551791;
  -22.4331083036619, -34.87499168495045, 152.0100923574719;
  -27.43209776333626, -44.95060871801015, 187.255725574633;
  -24.60531899080585, -41.35577670457612, 168.2767194731515;
  -12.31720088724966, -11.73150631487741, 86.77294961550466;
  -0.09944236894233301, -0.06646458149912063, 0.7019843109595567;
  -19.03225476071773, -32.98778357939037, 136.0799147234859;
  -16.82273865798977, -30.00012780251933, 121.0097438881944;
  -1.897786716245141, -2.851784985961926, 13.72387723462825;
  -26.96053621869426, -49.66677452189593, 197.3319882823834;
  -20.66700055462632, -32.09289583237658, 151.6343894401499;
