m=[-8.687136375677016, 2.404016614494904, 10.38009195229601;
  -9.95351666624302, 2.341600098222965, 12.09576000540529;
  -8.791544405656939, 2.364189539392028, 10.80069106802717;
  -9.690400714018933, 2.354123945323748, 11.85655042929699;
  -10.85438353606638, 2.278860356574084, 13.2302174199155;
  -8.017635723960431, 2.429239982153254, 10.05630416188732;
  -12.07153707358086, 2.20430112437994, 14.71042086690748;
  -10.60394961515743, 2.292097345926314, 13.03498430784155;
  -13.01331229627069, 2.093403298743304, 15.79778867161621;
  -9.524866845755398, 2.377678463161155, 11.84060809181537;
  -16.92000502327427, 2.030591411165238, 20.60600427888251;
  -10.32200848151409, 2.327343245978732, 12.97590638501327;
  -22.5148754472942, 1.842874664014168, 27.38491465020943;
  -8.991528729015704, 2.434383102482665, 11.48646183429682;
  -11.32324667437744, 2.165583983420301, 14.30222028037139;
  -7.577903485942291, 2.489217615073917, 9.964053910032241;
  -17.65976545795052, -4.979731549384939, 22.01814487827755;
  -17.44739298788831, -4.907955612669929, 21.94941558335958;
  -11.69430338803697, 2.20147635781094, 15.05527305339442;
  -9.091593991015834, 2.396460900840392, 11.89866897553679;
  -12.89593683181443, 2.209217212530734, 16.5198119079549;
  -12.59990856030098, 2.229268333059649, 16.20583401642509;
  -17.33040871371583, -4.919033592803981, 21.93680075935654;
  -8.767095469023532, 2.451312182622244, 11.56838432263706;
  -22.08629156761733, 1.911814683129473, 27.83621993892022;
  -17.25933472431514, -2.580321135120455, 21.91788617395867;
  -12.11264578562577, 2.202575171473841, 15.77023052417103;
  -10.50285248103581, 2.255397376859407, 13.81263406414233;
  -16.37116140149299, 2.029025404422101, 21.07514444888034;
  -16.6997933718906, -4.684077674039355, 21.44982360085248;
  -10.81554229495872, 2.240886112943525, 14.23503169950292;
  -9.109330826437933, 2.346037300607141, 12.15394001932809;
  -17.19561015172967, -2.421670027620498, 22.19178557647707;
  -18.5030063436103, -3.980775326608637, 23.80522969049492;
  -19.05802481933139, -4.218001024775031, 24.4993320263371;
  -78.26219156073998, -1.257832958178101, 98.20226720042214;
  -7.35230628276414, 2.447400124671218, 10.04046863294182;
  -11.6922083161724, 2.216990007520683, 15.45422894959962;
  -10.27059360027478, 2.300787198904579, 13.68115560075783;
  -17.31276144324073, -2.2108978688293, 22.59822104844685;
  -12.43851373090432, 2.162692559334085, 16.50306597675708;
  -9.762570026443385, 2.30028344131213, 13.13952646490871;
  -17.82413932353657, -4.123408195350377, 23.24093972766648;
  -11.50255666423886, 2.14325959580297, 15.37855695026802;
  -18.4595384225778, -4.379237013320202, 24.12619236743044;
  -11.08862270682668, 2.270094598560957, 14.86809667444823;
  -102.2500903795751, -1.258621809138649, 129.9878476094785;
  -105.7723972446313, -0.3047745665661805, 135.0764250846389;
  -8.432085257935327, 2.476868498648003, 11.59553649132172;
  -20.67885225070672, 1.935775997384096, 27.18725317008691;
  -13.85330547315215, 2.19246471686428, 18.50342058650892;
  -13.14334351935729, 2.179589405649189, 17.60221533400015;
  -120.1393444239418, -3.051581493720118, 154.6050392617595;
  -9.02943535878569, 2.376600730389034, 12.49398125233164;
  -7.182535202862481, 2.459602035593455, 10.17077218534569;
  -10.42501113575472, 2.29116819323919, 14.38794037085649;
  -16.55431990282427, -4.918188041526872, 22.3696829834271;
  -12.6890504144988, 2.163435844554405, 17.4424518147682;
  -8.299661525943563, 2.378424604618288, 11.87693567515392;
  -16.2619450143245, -5.399865868799425, 22.51542458617404;
  -20.02355133361963, 2.055674809180213, 27.65300028788049;
  -12.31101368745074, 2.247365793937354, 17.45445264845753;
  -7.511888215057229, 2.500720158173593, 10.98789389494192;
  -17.11444256341808, -2.223406514844807, 23.9256732065622;
  -9.729297955364167, 2.313970163311245, 14.01949938724371;
  -9.349820074789244, 2.329018096004243, 13.50554026123243;
  -12.85894912048699, 2.237069247350279, 18.25593483951824;
  -10.24926027943545, 2.326368228286339, 14.72726010751286;
  -10.61692105681947, 2.219947517061062, 15.29439864110238;
  -8.763530230270272, 2.388778142811595, 12.78691090438969;
  -10.13272502720176, 2.294610521627531, 14.76209370782372;
  -7.345490671950115, 2.493351366126576, 10.94715621218636;
  -15.71322619628102, -5.161722070933271, 22.5190065312842;
  -9.697893572401096, 2.348222164539588, 14.34805076027062;
  -7.799150491428219, 2.420364978779498, 11.72005339196515;
  -9.878758851724468, 2.339468957350294, 14.62513401023039;
  -7.506891345582134, 2.412216901521545, 11.3208305128643;
  -15.14495298137323, 2.197659774886147, 21.98095932544817;
  -6.569223757291557, 2.469247347169694, 10.0214545450171;
  -18.74106923903345, 2.124251439859163, 27.0881376127722;
  -10.59581346136675, 2.35976297271263, 15.69227997272185;
  -6.603754529721293, 2.519933813336376, 10.13149408166709;
  -7.827175213871946, 2.392006683073159, 11.92258041144301;
  -10.95315256564365, 2.317593270172442, 16.37028161549813;
  -16.35129977235777, -1.303331998677, 23.99137812772001;
  -7.536823415182422, 2.437409414002057, 11.54543150912408;
  -8.031781211022636, 2.4014298806121, 12.25410934685227;
  -9.837211241575043, 2.286925641989153, 14.84104308996976;
  -16.39703692444089, -2.202115804071276, 24.17525401227433;
  -17.04924556187109, -2.490594054172213, 25.10854929286272;
  -15.06768611192845, -4.314097471254281, 22.3017964047394;
  -15.17274363689782, -4.979427866509419, 22.5834992058828;
  -9.987198412496159, 2.219317731579419, 15.22859346239655;
  -9.8613566718633, 2.316500431440056, 15.08613555995318;
  -15.76879557112299, -2.407269890316935, 23.59909498529631;
  -15.98890115666321, -2.342748031988808, 23.99193538886183;
  -15.61738108926761, -5.285614800335933, 23.45618616192616;
  -16.07752690117283, -1.634117787054034, 24.18662369976092;
  -16.62029549669432, -1.56470537937247, 24.9979496163012;
  -15.75006505891247, -1.812500308469712, 23.74546795444171;
  -14.9985484705677, -4.903703191671472, 22.61153348836782;
  -15.06176441226059, -4.670711330075197, 22.72494573449402;
  -16.09254812336513, -1.750258381272399, 24.28734318243391;
  -21.36644102920742, 2.278950805199271, 32.06797041405955;
  -16.22323993033243, -5.948840976161962, 24.54214805258382;
  -15.83719549725137, -2.501338388902339, 24.08864991410004;
  -8.266829562822617, 2.437153356084669, 13.02472286496681;
  -15.62072637084353, -2.258848611736015, 23.82213433541683;
  -16.00611325577614, -1.655944277563192, 24.42065613890926;
  -15.86312338342567, -4.966887703473855, 24.18781411666345;
  -16.06509042120325, -1.952504107324693, 24.52296226298084;
  -15.35471436080044, -5.341615160528028, 23.47160118733011;
  -22.81208401421811, 2.087009457054574, 34.6659274282233;
  -15.58955900511467, -2.487507999514217, 24.04588275957623;
  -21.60451446966519, -5.326546085158078, 33.00514804159742;
  -15.97468406591126, -2.053721321210693, 24.6504219802752;
  -15.37748925822987, -2.092102981073527, 23.75785702927217;
  -15.48033402746116, -5.023835998945037, 23.93606157931142;
  -18.16269949779878, -5.265697815305908, 28.00009514566422;
  -15.34254383401059, -5.390057250405718, 23.80940534911141;
  -7.379348386917243, 2.486850710866425, 11.9381664541471;
  -14.98469028034845, -5.020943100864723, 23.35759326524347;
  -9.50976691428861, 2.397904023723527, 15.20417836297742;
  -15.94886476138542, -2.326121701487503, 24.91520650254057;
  -10.82812316207426, 2.344354077243265, 17.23813150465623;
  -7.404772454796408, 2.472877818956982, 12.05874109841889;
  -10.11166951197707, 2.319871578978858, 16.16480551947576;
  -15.17130628552451, -4.992513587222084, 23.7643256169155;
  -11.74450315847744, 2.301982449518441, 18.65087569568524;
  -15.75171792984556, -5.873373812960539, 24.66134326930818;
  -7.730085695462949, 2.45606755583965, 12.5906171526209;
  -21.60608262039616, -5.599333197352112, 33.61533171372876;
  -18.39552864628899, -4.110730826217371, 28.77177451392189;
