m=[-5.292561716903646, 1.144013985800701, 6.505921041864331;
  -4.547839081701158, 1.176773326103904, 5.773439174918043;
  -5.159705781121225, 1.163378854264267, 6.486320885120986;
  -5.717912648352424, 1.09355738737796, 7.22220831112949;
  -5.835375080892172, 1.098521207572301, 7.512475287897624;
  -11.41461178991116, 0.9343022534780542, 13.88362864203887;
  -5.269892741938379, 1.131664211028323, 6.930602913171236;
  -4.376116485041226, 1.202381204343864, 5.955832813475781;
  -4.172945224498707, 1.225774675774008, 5.738502060498568;
  -8.894470699546941, -2.524591363310161, 11.2586053115686;
  -8.654862664035408, -1.293927339048212, 10.99093897601549;
  -5.886987567006769, 1.116247013183995, 7.781152304490601;
  -11.10680593279571, 0.9614178369410665, 13.99834335328204;
  -8.561858066895782, -2.401491283535565, 10.99716272774811;
  -5.81539413393736, 1.083576429550439, 7.774999288206344;
  -5.677783155522408, 1.124440777454538, 7.627013927529586;
  -8.740689858605494, -1.230957579553071, 11.28029266894897;
  -4.541570056881203, 1.195368069587508, 6.284146116801637;
  -9.492024513669763, -2.100814197976966, 12.20211760489695;
  -8.72964050616697, -1.114804455314998, 11.39473598585607;
  -9.354508250871982, -2.219210894435091, 12.22612724092893;
  -5.276425459837054, 1.159632160594419, 7.282188373596262;
  -8.523482901588514, -2.502265640502558, 11.2487488287262;
  -10.70157095737159, 1.001788877952579, 14.06975181254401;
  -45.15793507022183, -0.7257800723674835, 56.66352446242829;
  -3.740110948476632, 1.245089193941102, 5.470787248244313;
  -6.375570855376483, 1.087011089675986, 8.763901458652786;
  -8.208722655455338, -2.365612776105182, 11.0209748434448;
  -8.408284145176312, -2.498050223465295, 11.36202827215397;
  -4.420699534585304, 1.205001882423938, 6.450264858854251;
  -5.154143309394723, 1.169882987855095, 7.406037809494901;
  -6.213619225999596, 1.134291266307136, 8.809617575708611;
  -5.176672342394513, 1.172285519639431, 7.54175426728527;
  -10.35773736173467, 1.063354817527952, 14.304281467041;
  -4.882101020530474, 1.182138960418863, 7.223077128696198;
  -5.223916420536143, 1.173448344916392, 7.692447177544401;
  -5.001310370812264, 1.184400847738774, 7.404253459139352;
  -7.927515612525883, -2.604152183243421, 11.36111538301279;
  -7.62079436512636, 1.105841216510574, 11.06060686840498;
  -12.11755751840495, -2.755363753332205, 17.36780253758299;
  -8.374904516548146, -1.223425829458561, 12.3337834576705;
  -7.713598055829661, -2.531467348914105, 11.4811163845608;
  -5.226074656553733, 1.078778600385068, 8.137403306028476;
  -7.804333524698341, -2.6413327912739, 11.72154914954888;
  -8.044734793411344, -0.7573655841064445, 12.09977735246645;
  -8.200909889022396, -2.465858340474116, 12.30150433568692;
  -8.188985853189534, -0.8323274793995023, 12.31930262230271;
  -7.833337970282125, -2.429148365932625, 11.81881321617986;
  -8.246795250199673, -0.8969382843940239, 12.44630401981249;
  -7.871676105079581, -0.8143799055235023, 12.00987974576815;
  -10.83227829536315, 1.155373948783278, 16.25769960555056;
  -7.982579143763342, -1.154327743082346, 12.17370231007754;
  -7.99750438891116, -0.9719932946712135, 12.20799218586675;
  -5.120843527400875, 1.17485043845073, 8.186327650251339;
  -7.961134570564417, -1.270298019526467, 12.27953327314747;
  -8.086869048879464, -1.039655953069092, 12.47879042437477;
  -7.926650101303054, -1.078418461452519, 12.24648683965341;
  -7.647081360932881, -2.686530133455981, 11.86716243602813;
  -7.535148611143293, -2.52481377494514, 11.74551713511669;
  -4.107746561437943, 1.220894601930783, 6.815533705420341;
  -7.863876454270043, -2.527380861642941, 12.25683854163957;
  -7.71952368300305, -2.540310382570526, 12.09185754725754;
  -7.729001708321265, -2.767540014758386, 12.18255051483117;
  -7.507739200572393, -2.544809124739658, 11.85949970269589;
  -9.248024343870668, -2.0665966976506, 14.46449711978162;
  -7.906267230292426, -2.40933859276362, 12.57662597249716;
  -7.928434032136434, -2.500172793426951, 12.62629704393086;
  -8.159676359448095, -2.645275521105944, 13.03184485930735;
  -8.88266790826072, -1.795950575319825, 14.14948644367508;
  -9.396392851794611, -2.480935814128136, 14.98986505515952;
  -8.829210967744556, -1.47400802392425, 14.14451045418903;
  -10.27877298741572, -2.612548196807131, 16.3245716590314;
  -8.055906858938666, -1.171575994681741, 13.24205943002144;
  -5.331617942922474, 1.243104704720068, 9.200874324649291;
  -8.307014232669427, -1.304465046000405, 13.87247797356901;
  -8.324448262772979, -1.421744143399649, 13.90795304685875;
  -11.45561916435582, 1.126618618457338, 18.9500749775783;
  -8.065041909461959, 1.215440280826457, 13.67954007632867;
  -8.415549581628525, -1.368406483975017, 14.25227726950974;
  -7.541937376532175, 1.217899330977651, 12.9121328010002;
  -9.068366641906803, 1.169576779824759, 15.42502074581457;
  -5.206987011076071, 1.252734702554257, 9.205518712668907;
  -9.850171034907772, -2.551730997280072, 16.6866259285555;
  -9.776979406120191, -2.506475401276515, 16.5974019996614;
  -8.231920564259283, -1.520774086114878, 14.11320129265372;
  -5.499305344454847, 1.192752062585395, 9.729429926366278;
  -10.07602479887166, -2.754914693606688, 17.11866996601312;
  -8.664669706834436, -1.332524513016496, 14.89158237985085;
  -4.691318644767099, 1.27118721218828, 8.478176093715204;
  -9.908936436491308, -3.191225256441938, 16.96028969045586;
  -8.413045654560699, -1.940670662194367, 14.59227863323319;
  -3.309647830973269, 1.312193875315697, 6.239682900538278;
  -7.98760190015829, -1.668533266532907, 13.9624225376806;
  -14.91521791198537, 1.014579944438097, 25.48309349216711;
  -8.392554837909534, -1.980920294230547, 14.67883817809011;
  -7.872589216045069, -1.745697844365959, 13.86640361377143;
  -58.83198588807627, -1.318455491268349, 99.24835236019631;
  -7.985357057909367, -1.643934143688146, 14.14433182112152;
  -8.574858666147758, -2.195617147894885, 15.16364149594666;
  -11.85512900874626, 1.060580075657233, 20.78522314624762;
  -3.829466488714492, 1.305786500313595, 7.273703703770029;
  -7.727649013990608, -1.579590824965506, 13.88313147885309;
  -8.352847543305847, -1.114105596959996, 15.08182354719601;
  -5.768360144654651, 1.25372167032148, 10.71808780558144;
  -4.781323326644409, 1.276432117036802, 9.045179487066781;
  -12.67347007006221, 1.1433684758663, 22.69975225316455;
  -9.313961367326469, -2.704388157243014, 16.87008390568069;
  -10.44667565348032, 1.191843547774509, 18.98919315906682;
  -7.923679443802135, -2.037393565731444, 14.59305826490085;
  -2.996281168157334, 1.372637346096136, 6.030127830351485;
  -11.99322362984955, 1.103736744107441, 21.86367093514575;
  -8.071401207242559, -2.002131711823191, 14.91047736615454;
  -8.59734291547359, -1.402584873385117, 15.94535845825968;
  -10.32909739014402, 1.218090024930729, 19.07811781440382;
  -8.455693894428748, -2.327442485873559, 15.7240307426451;
  -7.769740726518762, -1.961465669773844, 14.51259105126199;
  -25.95170028020101, 0.4166654022407761, 46.88190880452704;
  -8.276180879139961, -3.311012287078161, 15.43827244714946;
  -7.539103814549097, -2.840527687105404, 14.14975602550774;
  -13.74352497136686, 1.064481643398553, 25.29884633810995;
  -8.62557455480917, -2.291427393457818, 16.08684806741742;
  -3.213437220439165, 1.34947243243026, 6.538737200120818;
  -3.49373889070643, 1.327756655590454, 7.051287732634882;
  -9.143735498821034, -1.236045736343807, 17.18100448104062;
  -12.12073371898542, 1.127421531520346, 22.64881608623206;
  -8.023803456869109, -3.336141026717704, 15.16296500233339;
  -9.211701330319501, 1.3044103339117, 17.47951803377256;
  -7.913939097573115, -3.528260648942855, 15.03081014909229;
  -7.281461684865551, -1.844639421025932, 13.92315218062408;
  -12.49136650021151, -0.5117794731439762, 23.42347586991624;
  -4.433209755805363, 1.31085361711139, 8.820279388647043;
  -7.208866848718269, -1.586996603138587, 13.82741729416536;
