m=[-12.21303283922922, 2.493559168529614, 14.67424521089031;
  -10.29244096959264, 2.638048888954689, 12.51930403666815;
  -9.406177578513464, 2.702076821856139, 11.53237507695683;
  -12.86074440424304, 2.556551081662907, 15.48529328305927;
  -9.252700638007381, 2.647840808254046, 11.43765288249731;
  -20.94859772445309, 2.510407208876835, 24.91349797650912;
  -15.66467227851522, 2.496344478043876, 18.87828644284018;
  -21.04567480411398, -2.07331270856196, 25.1257667291027;
  -22.88442506656894, -6.548213783459198, 27.35353423599812;
  -21.01768489114539, 2.563680379822261, 25.39844171238262;
  -24.82547252201841, -4.580476786088433, 29.96758536562973;
  -9.942436262062371, 2.615412988948992, 12.58356410555754;
  -19.63985079822551, -5.235389353983853, 24.06360039947469;
  -15.2057154544501, 2.561491377109251, 18.83926156050461;
  -15.56468361806486, 2.519483308034657, 19.28075315744132;
  -18.06107274234625, 2.457118559113888, 22.42886850586492;
  -20.07902299618338, -2.354563688853113, 24.92012134300818;
  -26.08230723408423, -8.112218797302049, 32.21337085274295;
  -8.798546686257017, 2.709426046955441, 11.48263661402862;
  -21.00262538956966, -2.33868131952437, 26.26282010957885;
  -12.40014507306924, 2.55703097609293, 15.85632153251385;
  -13.15606308147008, 2.560096253464387, 16.79067516442216;
  -21.62069126135435, -5.03923194768451, 27.12785738392238;
  -11.72427258804507, 2.62520170308304, 15.14734520693428;
  -18.55230406446182, -5.28862578062682, 23.63111418937451;
  -19.11159373535574, -2.228479651676548, 24.35214841447028;
  -20.20653616698607, -2.24506937175556, 25.74959417362626;
  -19.72834403608653, -1.443257599108186, 25.19674266421688;
  -19.1150473055238, -5.212312462200645, 24.4484233446968;
  -18.94388567820103, -5.12636445497479, 24.27485467462173;
  -19.74679609735485, -1.57989775942523, 25.28904212794839;
  -19.18365382402202, -5.045726521050185, 24.616712684178;
  -8.894117668336868, 2.70523283791194, 11.85983170291031;
  -8.574964172524044, 2.696806844822016, 11.48270921065607;
  -19.77109861260914, -2.260246170443161, 25.39131823494321;
  -9.731449088583712, 2.678679598695269, 12.94334302748399;
  -19.59252381858982, 2.608845636670121, 25.21374177648089;
  -63.18706848024935, 0.9939157509091867, 79.51094449598529;
  -13.53817908342525, 2.596974614743335, 17.7212735685549;
  -19.61768989945642, -2.365270920484929, 25.32150180426588;
  -12.16393295433922, 2.561181351750968, 16.02313008288992;
  -19.19935189667191, -2.097720575230754, 24.85187166534965;
  -19.85163539444536, -1.474517239632484, 25.67627541634629;
  -27.58972438590237, -5.685538161107131, 35.42481167758033;
  -19.37845085177001, -1.73120156605303, 25.1300887197424;
  -19.52066721463091, -5.363737768252642, 25.37897377529476;
  -19.71801448477676, -4.895561569400852, 25.70714462980381;
  -19.47132797973298, -5.828759938336268, 25.39688382629981;
  -19.57929977262534, -2.384882195283244, 25.5811995767164;
  -148.1165959272479, 0.9331752522782352, 188.1227033230366;
  -19.48041315409361, -1.855944157712818, 25.48048446562918;
  -19.23225403967226, -1.956211700729322, 25.18312004961552;
  -12.19759701367006, 2.551381258970926, 16.28978491697273;
  -25.92525466035778, -5.126275934863923, 33.76750862068781;
  -17.88175084908581, -4.612406681335052, 23.57221792833623;
  -175.1869188690957, 3.468520694370203, 223.8373547904276;
  -23.13008220304047, -4.055251051913064, 30.30817084291581;
  -18.471655928222, -4.527313871064084, 24.40953342861404;
  -7.755014345125376, 2.689860627007977, 10.74990720591231;
  -9.603956007251803, 2.703914952790872, 13.12929827116265;
  -139.2048956006686, 1.630569172564678, 178.9495177839061;
  -19.93050431730384, -5.243242851988287, 26.37378437375918;
  -19.39979334040078, 2.622931125560787, 25.69869275061221;
  -20.23771167783242, -1.965829972709065, 26.78641858084628;
  -18.82558385869431, -5.634562267980623, 24.97569329362359;
  -10.47575223375248, 2.63791677684425, 14.28103758413643;
  -19.11228812965397, -5.484312467053488, 25.45919645059862;
  -135.4696173503804, 3.76678864305211, 175.3338661051513;
  -18.87005436872908, -5.11489682307575, 25.20077842767196;
  -27.2373661254945, 2.835496969062235, 35.99996611465473;
  -18.62529345060105, -4.511630562107601, 25.01172778474708;
  -21.11802101230364, -6.629407270430674, 28.34813950671957;
  -20.32263511219315, -5.255532241145644, 27.35940783188567;
  -8.32794338519057, 2.721076021014875, 11.72541158704066;
  -22.08501009925822, -4.240146987958867, 29.79837782880619;
  -38.57341017557839, -1.435114976769781, 51.53337762689228;
  -42.27230066506953, 2.081592924130153, 56.52628697226692;
  -8.935801178063748, 2.662046482039287, 12.61361857762202;
  -13.33115643467554, 2.587492871990259, 18.44003338630458;
  -20.34212648793523, -4.620987940287185, 27.75813078563116;
  -10.55456205032544, 2.657272131583427, 14.83903838587997;
  -19.42456730966458, -2.099999272258549, 26.79214878240875;
  -24.51733310798511, -4.947962063574901, 33.8125482415938;
  -8.685536918092813, 2.75286058920693, 12.57504865763982;
  -11.61019784574241, 2.619697393878494, 16.53256987748039;
  -20.51784075870274, -2.413616996118526, 28.62766549718937;
  -8.835612589270887, 2.704246750013685, 12.82371448118298;
  -22.66239289990592, -2.884684599813829, 31.68371041002363;
  -26.3343008960448, -5.319802733329628, 36.74370788234728;
  -9.199831650093342, 2.698615635838738, 13.38753954543792;
  -18.48990504220324, -6.389692323859308, 26.06759649244266;
  -49.50365215503518, 2.321040644168877, 68.56495171974578;
  -9.595994034586372, 2.654611163947553, 13.97082315600634;
  -22.90490777357898, -5.020769218598663, 32.22860123008806;
  -19.40995712109113, 2.714266718612916, 27.50795804412827;
  -7.96421702648491, 2.753880876937248, 11.78979649251936;
  -21.65050523080565, -2.855839140363813, 30.67232229887566;
  -30.33280859002536, 2.683653777333953, 42.72998295051487;
  -23.35336184949497, -3.451491420793639, 33.15655594380441;
  -10.42323389780631, 2.707011798935841, 15.25733778851477;
  -20.11416242369635, -2.810958474040369, 28.70178738524061;
  -18.74550289900092, 2.791997685456852, 26.8580082900948;
  -19.57330784398178, -6.928668257285513, 28.02529566658174;
  -9.452008878814038, 2.641771719859086, 13.96772830058674;
  -20.44492303706371, -3.616679271732217, 29.4090230036445;
  -7.429164385343789, 2.689958280005189, 11.21544578243944;
  -12.28847752446748, 2.624186850121697, 18.04823662701045;
  -19.34848082769562, -2.935991410892681, 27.9969732825386;
  -19.13111836411297, -6.317213651512071, 27.73970836703097;
  -19.97241498473137, -3.611490019605628, 28.94243908613788;
  -20.1132652378625, -3.198891046363423, 29.17292979218066;
  -7.246564583402113, 2.722392930589051, 11.04239577968439;
  -23.09352127700722, -6.011800348806053, 33.46520243383862;
  -9.50006042906875, 2.662426093644029, 14.24954083291265;
  -22.89137650723853, -5.523789569338, 33.29813216941396;
  -21.45259260561843, -3.61405744269744, 31.28325347269589;
  -23.17371294701406, -8.486864494861198, 33.81565566165742;
  -19.91258636876123, -3.102440674431247, 29.22269599878745;
  -7.164688278076197, 2.703211067191919, 11.04686999767033;
  -9.907350997938647, 2.684600903744171, 15.02551219894344;
  -23.0222394131152, -4.873572294795201, 33.87498637347375;
  -19.26436784915995, -2.824225542266156, 28.56607333160845;
  -20.45476987242844, -3.906432282591267, 30.31832644532739;
  -21.91163794334804, -8.038772660454443, 32.45651003137205;
  -19.65174697500646, -3.036187705393208, 29.20570706960853;
  -21.33618297556519, -7.313117907937129, 31.6528095383543;
  -19.34833331830038, -3.535578253026499, 28.78328596065323;
  -13.06951341424594, 2.778812275315618, 19.73145481929968;
  -32.11454969030568, 2.851261735060062, 47.31552171864662;
  -58.32363017618615, 2.826345587467097, 85.30872494907619;
  -7.325687395637419, 2.813014842254722, 11.46260996781622;
  -25.98140612488231, 2.838546156386552, 38.57406474167202;
