m=[-12.76872507707734, -2.578506401989284, 19.41786952497726;
  -12.30796788474278, -1.990827953784729, 18.79778154173592;
  -12.70667693860204, -2.406265275391974, 19.42232812322005;
  -11.8993752328402, -1.886732208296119, 18.87382142160585;
  -12.12529296702309, -2.450482325832274, 19.38278818206936;
  -12.38309000413195, -2.76498931806834, 19.7944650625353;
  -12.45372579144356, -4.060218693661517, 19.92412309042326;
  -12.48633666693285, -3.189841504280137, 20.02767093424841;
  -12.44346911402136, -2.973634549459767, 19.97561881357125;
  -11.64302140056544, -1.659301976278477, 18.78539063349786;
  -12.36319829739473, -4.139027448617187, 19.96185080388302;
  -12.44174955068831, -4.004379681921211, 20.08608721729501;
  -12.42147160701592, -3.848654738769286, 20.06077335964751;
  -12.41989710529907, -3.693132114109385, 20.06709023338332;
  -12.42352876449826, -3.535194110143042, 20.08247995706501;
  -12.35473857124689, -3.369115849208941, 19.99480882760589;
  -12.11220346673129, -2.561548077333643, 19.64520341604728;
  -11.91155600916967, -2.969920140430306, 19.59909354242164;
  -11.88796650155891, -2.697065680116677, 19.57331826893028;
  -11.50010589262736, -1.9676181896258, 18.98320140110852;
  -10.97753033558281, -1.635996781949681, 18.20232520556696;
  -9.726246232887469, 0.6145149633985383, 16.31203208378832;
  -11.87554281137074, -2.467284498096018, 19.68069304821239;
  -11.81168042275251, -2.769097139286012, 19.7871171465571;
  -10.76103337297074, -1.580023032683575, 18.18755148490424;
  -11.73886459106785, -2.825670919398543, 19.80891452235402;
  -11.04819406706932, -2.234047428548631, 18.76817587871888;
  -11.39294107664618, -2.693153625148944, 19.46587269014206;
  -11.39718989718132, -2.769825223538892, 19.55907639495476;
  -11.60630625629725, -2.379268922404303, 20.08350288051263;
  -11.11442153582803, -2.378336203886765, 19.28551229072054;
  -10.19226102531675, -2.653572782381573, 17.95646165114979;
  -9.537765134603356, 0.6123970446278811, 17.0133275098954;
  -10.3047160664093, -2.607599487143721, 18.28098791941886;
  -9.553762189576128, -2.765884960418706, 17.24037747144336;
  -9.639784636951841, -2.534280952385902, 17.38776665805855;
  -9.501164391084197, -2.403881363021457, 17.34239563667685;
  -9.201316014762158, -2.593240717407393, 16.94647395508616;
  -9.986409090619429, -3.175333141441799, 18.30970899491717;
  -9.311611708800154, -2.243086705134965, 17.21824102929284;
  -10.67863756914826, -3.549125324890305, 19.66634420723225;
  -9.775272640259338, -2.940698572177909, 18.18467694292873;
  -10.45619616915213, -3.53324193121922, 19.82053945613588;
  -10.40913095002731, -3.695264881971192, 19.92312069416328;
  -11.33392207018466, -4.900550992687795, 21.5958497477758;
  -10.36023129203577, -3.261040381668996, 19.88671804854861;
  -10.39242307272848, -3.472168117444832, 19.93992339100219;
  -9.200314068929277, -2.316246023277207, 17.84681888960195;
  -8.983077721302207, -1.621156973112327, 17.551373895001;
  -10.42548615718502, -3.72371097047306, 20.21281871525783;
  -10.29912465453373, -3.542344048638107, 20.00824104548489;
  -11.25499859521242, -4.833223856530356, 21.75295510068577;
  -10.14611573404102, -4.041846648932274, 19.7725720596879;
  -8.917694340808209, -1.83499444230412, 17.54204292185237;
  -10.2630803069944, -3.930962714551747, 20.08447476845641;
  -9.225785204809334, -2.072488991467054, 18.19844292678677;
  -9.004293124919702, -1.463051978611332, 17.81619338559503;
  -10.28013349754719, -4.161048601470443, 20.25511781160504;
  -8.757754220042052, -2.177255509933349, 17.65919690822595;
  -8.969589630677188, -1.493042245867342, 18.09810671370951;
  -8.806090873885225, -1.92182703009084, 17.85156831849299;
  -8.905310789867819, -1.032717960434555, 18.08294346263044;
  -8.929519597941509, -1.115512337197611, 18.13805078140401;
  -8.594084064301523, -1.771942126341594, 17.5741004408349;
  -8.855812626781814, -1.422434766322672, 18.2186034784156;
  -8.695739998768175, -0.8564721537217725, 17.99492702544289;
  -8.742709111657954, -0.502824729727212, 18.29468973217587;
  -8.741715132837939, -0.9520784966306232, 18.30806064302597;
  -8.708442654888721, -1.219378366505265, 18.2708258140868;
  -8.903798023647919, -3.408168978868635, 18.71025494708832;
  -9.812936508750351, -3.27894460274051, 20.48927935514555;
  -8.854896040027942, 0.05846655831545031, 18.65793512391476;
  -8.97129009884209, -2.557861404318973, 18.92550731899805;
  -9.105556989678846, 0.2000466169020872, 19.24840695816574;
  -8.598839427217747, -1.801774355313445, 18.26870852177073;
  -8.726842603389528, -1.218453079693274, 18.535709787843;
  -8.760589650592477, -0.2017663026421145, 18.64389179335658;
  -8.891076527542614, 0.1526975770678552, 18.95755237760987;
  -9.598445556607951, -3.327974822265991, 20.35200462290407;
  -9.211533530477839, -3.435432088707557, 19.61946467858612;
  -8.636119631600366, -1.222774216115521, 18.58284335733443;
  -8.721031206017166, -0.129732586933188, 18.79780754737229;
  -8.862848816586283, 0.001574583711242929, 19.13338440598394;
  -8.956993861640431, -2.635378866390834, 19.32520376377223;
  -8.879246368122422, 0.108706766170374, 19.18692770470248;
  -9.554572087371955, -3.372405865106173, 20.54748825879214;
  -8.594863167166027, -1.010656545124194, 18.65848684238176;
  -9.528974803662722, -3.631200169348021, 20.60167541877198;
  -8.679815168661005, -0.2466020860034398, 18.9287893729749;
  -10.72697775882081, -4.92383850446345, 23.07485005322467;
  -8.669440437615704, -0.5332951122368749, 19.02745230742389;
  -8.717482089847968, 0.2226012458500443, 19.15758116563911;
  -8.777328644866634, 0.4195422499752021, 19.28290270602599;
  -7.981682333811039, 0.8832822804351436, 17.66279172491752;
  -8.871920741523448, 0.5315041612168134, 19.49933760616645;
  -10.57404228301027, -5.038257282250715, 22.95349586898202;
  -7.088807084206075, 3.738210052369452, 15.9155353903883;
  -9.119452330103918, 0.1539525624195889, 20.20163377448239;
  -8.401288717867773, -0.9223485986282836, 18.74170450766958;
  -8.545809898318233, -1.241635945849151, 19.06239823652774;
  -8.336374810833281, -0.4005546089772819, 18.73990892936036;
  -8.831971989881478, 0.7291733147175906, 19.83027571541932;
  -8.450014026972692, -0.5293847847732054, 19.02738320271304;
  -8.91709125803937, 0.6477778072786378, 20.03066985284744;
  -8.251113365070518, -0.8388673294888882, 18.68797530569054;
  -10.47883348621451, -4.920935869628264, 23.38281793375569;
  -8.36567916610904, -0.4809719227018389, 19.11000883842872;
  -8.764783099132281, 0.02458327916829224, 19.96245150591044;
  -8.147795137405367, -2.299870126960383, 18.66948275745634;
  -8.598202664061125, 0.5500486808324553, 19.6694906854494;
  -8.024352837019855, -0.7170103279718865, 18.4631711409595;
  -8.317945279498892, -1.070148616093662, 19.0919371953903;
  -8.487166216796561, -0.3232679147557383, 19.46274014224539;
  -8.416376925396929, -1.511622718026995, 19.32394639758879;
  -10.27487751532913, -4.544451784175307, 23.41218859340238;
  -8.372701397064546, -1.117545657343615, 19.37709591846351;
  -8.726549469366681, 0.7694230027424526, 20.19073624955707;
  -8.625366750119678, 0.5828831526369592, 19.97541126745263;
  -8.532608718366525, -0.2020821287607857, 19.82202482630978;
  -8.27591988422585, -0.9438852112365357, 19.26601352581158;
  -8.715378173714008, 0.3896126205005797, 20.24514735158524;
  -8.536254121250066, 0.5063485368382743, 19.87093407931364;
  -8.089515137073862, -1.921478110520533, 18.92636295774311;
  -8.260521161270106, -1.591544171231819, 19.32278386021809;
  -10.21915098325878, -4.347561816903839, 23.59922390667665;
  -8.189277103684459, -1.285100037146228, 19.19760004946478;
  -8.661162008527789, -0.4044126405008752, 20.26088547863652;
  -7.862310542414662, 0.8892122583432272, 18.5361697702606;
  -10.32173872119628, -4.963099909915995, 23.87908689759954;
  -7.246116410223088, 1.510967388871574, 17.20391039247384;
  -8.773739490034162, 0.2726138505425627, 20.55964611516458;
