m=[-5.239048491079704, -1.770321205620093, 9.931027081952173;
  -5.194759372583157, -1.844151252583375, 9.942791425526124;
  -4.529708275002071, -0.8174668397636556, 8.850263354764396;
  -4.520793929569535, -0.734555884819642, 8.94499299259021;
  -4.489671818968514, -0.7473329295772896, 9.058893777182965;
  -4.47661405183548, -0.5592370506522938, 9.093104294172418;
  -4.358725611545026, -0.8986890831499412, 8.913187387765849;
  -4.367602690249, -0.6115628758248832, 9.163487794672291;
  -4.384303318476436, -0.9186734270374043, 9.314694160092483;
  -4.314000477369599, -0.5072765829220399, 9.365212636837132;
  -4.250724726986482, -0.583823866473657, 9.3509705110437;
  -4.229726477999279, -0.4643671251609736, 9.43572902456417;
  -4.234528041154433, -1.108355402961853, 9.450240506912021;
  -4.177082663516939, -0.49196928499847, 9.53079484762009;
  -4.182616905875353, -0.5381162706737735, 9.600238592115469;
  -4.038822125991585, -0.4737167285924584, 9.534399065346648;
  -4.060054439289845, -0.4435749263383877, 9.818652875898179;
  -4.025239228507863, -0.3871522870608303, 9.764788440049278;
  -4.193748395791461, -1.532079488212523, 10.23678484741231;
  -4.145188379971145, -1.582934747322643, 10.29434764405483;
  -4.041610498702521, -1.433983930894775, 10.11918280646664;
  -4.124809560884369, -1.248034060852245, 10.35000089653883;
  -3.982037178190716, -1.288202614987336, 10.04135134140557;
  -4.217481547829805, -0.3285818424340039, 10.59547762576989;
  -4.043294477893089, -1.263376980427822, 10.20626790588008;
  -4.119646979154265, -0.7569895786979497, 10.40966024692491;
  3.03729995731662, 1.224030531181749, -5.280805360914758;
  -3.843786921356066, -1.334189354140569, 9.922507153207119;
  -4.175160440354963, -0.1919254205581308, 10.74037953054848;
  -4.141835047249329, -0.6306127071716927, 10.70330312278719;
  -4.10950180174619, -0.0812205165907237, 10.70785081459195;
  -4.103569158652214, 0.06486832902306305, 10.69888626671665;
  -4.127395214474059, 0.1894806664027502, 10.82905060274494;
  -4.108308981960782, -0.0398410029578903, 10.81932556658661;
  -4.042770515983516, -0.7151594552217833, 10.66781494510025;
  -3.980264908565227, -0.7523770480957406, 10.54232237622898;
  -4.006530671777043, -0.6358610803528347, 10.65908604752472;
  -3.600152746985133, 0.4534252158931019, 9.789565379585635;
  -4.01265755031585, -0.09589186260618954, 10.77936532670157;
  -4.000338380553012, -0.05761340985413937, 10.79913564553189;
  -3.901158604416147, -0.2744589484439673, 10.67039448893469;
  -3.949147517715551, -0.5666928064766271, 10.81398894999627;
  -3.999487342571721, -0.6115209905036663, 10.93385211234944;
  -3.923532084069424, -0.4963016953441798, 10.8146411546312;
  -3.75251083490838, -0.5565106557416919, 10.57954613155306;
  -11.66358644271706, -6.30118660757814, 31.38815520327821;
  -4.611295588025667, -1.035295741252888, 13.51146400410057;
  -4.409428842094923, 0.3033906155308115, 13.36068424404231;
  -4.353413319253554, -0.3917157389710398, 13.44385672793584;
  -4.383935713175503, -1.590885092710189, 13.93810393228028;
  -4.231047059172536, 0.3622201151404982, 13.60786351807628;
  -4.199668168985105, -0.204645008943604, 13.62197423515434;
  -4.197594944611698, -2.179282100794579, 13.62418892637227;
  -4.214656191942503, 0.2924785024819729, 13.81174240976931;
  -4.160966994125253, -1.859745606541243, 13.64435040432165;
  -4.175665698622211, -1.711629580659947, 13.69832163113823;
  7.009024107583701, 3.666480087502243, -18.95390450423878;
  -4.214565114948722, -0.4557626149925496, 13.91595164751465;
  -4.17477362300481, -0.6519578950370231, 13.82665004550248;
  -4.175830420661334, -0.6521229309498281, 13.83015010866402;
  -4.162926018082154, 0.3655211215611641, 13.92738896194296;
  -4.113337447140621, -2.499691126674544, 13.73195056485823;
  -4.112953167931909, -0.6646998965086884, 13.94436096782328;
  2.324953028281, 0.9332068189826305, -5.459179055165631;
  -4.050441392400097, -1.712935330819627, 13.82234952645401;
  -4.062905690368166, -1.794426296862376, 13.85943327864392;
  -3.985532001243225, -2.58270760716109, 13.61186617137713;
  -2.864421669280895, 1.773631090806027, 10.32430148700514;
  -4.069490735825703, -1.649039407947377, 13.94745952093276;
  -4.001434577343153, -2.363137345965503, 13.87845827353676;
  -3.200476335131017, 1.728058300296955, 11.56498854677156;
  -3.971621503036254, -1.547378634771977, 13.90811776950974;
  -3.052800246847749, 1.747195109773063, 11.1308898844278;
  -2.750037831898405, 1.856146406768088, 10.22682283890018;
  -3.766767510539243, 0.5426456255313636, 14.37760700824966;
  -3.729332213065387, 0.7126355157210641, 14.34175710428978;
  -2.63443621598911, 1.838436456011103, 10.80245870623206;
  -2.665425913889474, 1.781767241799452, 10.93782536960341;
  -2.605767588094632, 1.85106385122591, 10.93968525752259;
  -2.637030547687116, 1.815533133385593, 11.12808525310467;
  -3.57966482052076, 0.5287946769592883, 14.50886916221466;
  -2.798841873340709, 1.755710127098072, 11.83410066294617;
  -2.366222788700456, 1.982503292452734, 10.37859154247259;
  -2.447637173814836, 1.855225168418616, 10.68816695253512;
  -2.567436894737262, 1.786010501569682, 11.18443918948708;
  -3.138659756959931, 1.736908604866742, 13.37975725095738;
  -2.541580652911886, 1.800182596289983, 11.17510366058453;
  -3.486102322512385, 0.6968837407630157, 14.82835537496151;
  -3.536922142084271, 0.4579252073068089, 15.03277203935121;
  -3.51849804779671, 0.6645601405233921, 15.05087290529199;
  -3.518942373209899, 0.3345315854550418, 15.04391930432817;
  -3.416682141713709, 0.5184026317567398, 14.79063197761335;
  -2.930948087303263, 1.720388490963388, 12.98481005087515;
  -3.470901705025919, -0.2504550679573074, 15.02526545370327;
  -3.450716172575171, 0.8023598951578348, 15.05811538124034;
  1.816586687691025, 1.055057080956279, -5.305911815716782;
  -3.421190139951172, 0.4337828641829647, 15.10331796671633;
  -3.446271437640211, 0.7453960895521137, 15.23273629996237;
  -2.319446670904985, 1.85152007193705, 10.8774861279924;
  -3.426337596441537, 0.09599906512572777, 15.28982178418203;
  -3.387143008065256, 0.1936785534825492, 15.19203244378;
  -2.328573842299975, 1.829325181496525, 11.03714969281018;
  -3.337490191691553, 0.648272230666242, 15.15187955222207;
  -3.329475454735837, 0.5886565519173539, 15.1326077055335;
  -3.304768527442905, 0.513486566066643, 15.09852328747189;
  -2.766820744704904, 1.727497691283407, 13.03149434302677;
  -3.29138848911156, 0.09109034519953224, 15.17118777353345;
  -3.308806370635361, 0.4484756512719694, 15.4374403317336;
  -3.29794385638257, 0.3200322761008976, 15.41299641353321;
  -3.265537098157655, -2.421612546408327, 15.23837483239215;
  -3.26889081890406, -0.4962781840683173, 15.3684937998393;
  -2.268939483803496, 1.855386065066857, 11.3140552223474;
  -3.28916845063426, -0.13003319620903, 15.77602210830883;
  -2.310074485583761, 1.795402597744464, 11.6786184807813;
  -3.135028204746517, 0.5758834434312534, 15.26872371492593;
  -3.222346922405601, 0.02961311589816302, 15.89805434795784;
  -2.69514421894915, 1.52092984905126, 13.72234788158349;
  -2.519802942636098, 1.63372558426896, 12.97837112085085;
  -3.12514087861668, 0.4029782732732845, 15.62595249279187;
  -3.17012325426896, -1.65748880629128, 15.85705455697568;
  -3.144901208789147, -0.8742112701232374, 15.77461077133524;
  -3.117986698851582, 0.2809820954561873, 15.73508952973921;
  -3.067732929286965, -2.678273409197497, 15.42499441904907;
  -2.195986759967322, 1.786474073120531, 11.78574319575904;
  -3.074568580083877, -2.252748581350276, 15.64149469154057;
  -2.435953857129539, 1.594436776179577, 12.90720714336493;
  -3.060524432338648, -2.445809750712681, 15.65363668648471;
  -3.096714375677211, -1.730626640587398, 15.95719674131575;
  -1.65844609117969, 1.93114787162809, 9.509697088602021;
  -3.070460267765251, -0.3046588832257986, 15.91258393281935;
  -3.014769567924682, 0.3396456713891624, 15.79839929389641;
