m=[-14.41173314202038, 2.60072818565458, 17.14766903850767;
  -14.81239920697299, 2.5770907256297, 17.60946882118648;
  -10.1661793038294, 2.814241951507516, 12.4277437569472;
  -10.59632659384635, 2.824264683318416, 12.98495160952706;
  -15.34716154345369, 2.577751213679566, 18.43083104030049;
  -10.83278995792698, 2.828004426193505, 13.26714227762839;
  -10.68435296540979, 2.751477743405422, 13.17035334649408;
  -22.90935007395631, -6.858623125204527, 27.27426786843301;
  -25.95165010832724, -3.002358328964183, 30.96517109031807;
  -12.56990207836504, 2.739284592343552, 15.46464458206588;
  -23.77155409139324, -1.612153167629143, 28.50423061280924;
  -9.984300941249433, 2.905085592779559, 12.50560227392018;
  -29.27601231186407, -6.51350698219973, 35.1402026643031;
  -11.26172339513558, 2.837673358892999, 14.06681653803761;
  -23.047338371213, 2.785711090846146, 27.89129970838881;
  -25.13099629306964, -3.964142260437945, 30.33598546508323;
  -21.14010271451512, 2.683280757265241, 25.66927766567276;
  -27.9640722533846, -6.109504325551962, 33.70005151018254;
  -30.2462103338681, -5.634411812155968, 36.41881463287068;
  -23.34355047131217, 2.714419127139562, 28.34536308209086;
  -26.89196724417109, -5.15604290573704, 32.70407312630426;
  -23.48916835282845, -6.780663871217961, 28.67722985947708;
  -9.917747419342877, 2.840123302536029, 12.62503476761724;
  -24.2679068396425, -3.387332598837167, 29.86560420971753;
  -26.6866259897816, -5.205601267496324, 32.81252922588743;
  -24.81913046113858, -2.170459773176106, 30.62624243315814;
  -30.31690949144939, 2.631580477571202, 37.29020647893229;
  -9.544120797197129, 2.818134200898512, 12.34488335057406;
  -27.3451546928379, -5.803356891070028, 33.74600595873141;
  -22.90843448161861, -6.201333382496464, 28.50940988342531;
  -23.01698905253476, -6.496823097380845, 28.67916369363307;
  -24.13554609806301, -3.318022288336871, 30.04792409064199;
  -24.17369336483336, -4.56306672216428, 30.11320257992382;
  -32.15322250977175, 2.837544857550719, 39.96094411773443;
  -25.31436746354611, -7.737443797112479, 31.6869089393761;
  -12.8035586931586, 2.814857229561307, 16.46810801635836;
  -15.80342805033067, 2.756647069972007, 20.13300905444179;
  -16.46106380721336, 2.763762268504487, 20.94481116806155;
  -11.63804706822351, 2.746238191521804, 15.06425229139171;
  -11.12420755168758, 2.796914337361544, 14.47960309587936;
  -9.011617733881645, 2.815467807667745, 11.90821414731325;
  -29.68622213694762, -2.940282776147487, 37.24140267459924;
  -23.95334148169701, -6.708843831558037, 30.22341879565411;
  -23.91701908238221, -6.317582668651744, 30.21059231623625;
  -25.85134328312597, -4.838204118784135, 32.60180862888682;
  -36.30219615392162, -2.039964609507035, 45.53284181745686;
  -10.11868118329152, 2.793695855721875, 13.34923514455628;
  -20.89200540236145, 2.820026986171452, 26.64753119461457;
  -17.56025747754076, 2.729670957404861, 22.53982874489699;
  -27.76184769476917, -2.090364927690976, 35.17680131331056;
  -23.8142255488274, -6.278605728111871, 30.29024062032973;
  -31.26152134393139, 2.769861039666036, 39.53889824026821;
  -26.58003927724238, -2.248681567014883, 33.75193005158064;
  -24.76010894733642, -4.50790012677841, 31.5396528882453;
  -33.33948278160365, -2.053601775290116, 42.23409798531927;
  -10.20371697759232, 2.868292623861007, 13.52858632539168;
  -15.90977942591136, 2.748286494496496, 20.64335543560625;
  -35.17516222303492, -1.52574492876556, 44.59444586469785;
  -27.40433398439518, -5.547397882232368, 34.98946749555012;
  -44.87332292047364, 0.0629544654441981, 56.84743824099797;
  -25.59645619687478, -3.548157352005441, 32.88476457128429;
  -23.60093297108322, -6.023574486210413, 30.40522164827747;
  -10.23872353208887, 2.893871303324331, 13.68953317543188;
  -30.65533608284813, 2.800993621759665, 39.2811099844734;
  -30.43309407627754, -2.654394469453984, 39.0644843911846;
  -23.39382551808314, 2.793761466255968, 30.3199641830394;
  -12.51699291457759, 2.761281668762653, 16.65471275923799;
  -13.32701719458585, 2.72221567166432, 17.69219066814373;
  -30.91485508198187, 2.71188478202863, 39.93209482104;
  -25.85499840113241, -5.558901615383837, 33.53444149331677;
  -31.71460784584257, -1.755253074759425, 40.94754189962894;
  -8.660430929347225, 2.891815208691756, 11.84018942771671;
  -9.8801779846434, 2.856233258408213, 13.39190538401149;
  -29.50443901072099, -3.019398052881411, 38.2847044851866;
  -24.35140372279584, -5.956204687429561, 31.7408486742062;
  -23.1750465304389, -5.971534232274181, 30.25519725127579;
  -27.69700284670674, -2.078400939102871, 36.0257794139528;
  -24.06898669163341, -6.065467129007179, 31.41468065514022;
  -42.99804915858115, -0.6157972415198045, 55.46360230907158;
  -26.76096141484089, -5.201314117858563, 34.85489808131449;
  -9.421497907274123, 2.89645078637612, 12.83897649727163;
  -26.89022517658162, -2.913993890766552, 35.02997407607678;
  -23.98477433696172, -4.102147750512374, 31.34677058318497;
  -23.30122787038024, -3.060460630273961, 30.49845491200911;
  -14.39095956174143, 2.735531067303279, 19.25475504583087;
  -22.71028610173895, -3.631109549825335, 29.89193248740294;
  -28.23342082548377, -8.104760991802429, 36.97275046984016;
  -18.39541878063458, 2.740027099344464, 24.41498986516848;
  -34.82106788320594, -1.051676707630585, 45.48984000073055;
  -21.40712448132123, -3.236661065661705, 28.32249575401037;
  -26.21155527049561, -5.429228101744151, 34.4963264695329;
  -23.35376334413486, -5.123135533738683, 30.84883215989773;
  -28.4776747455807, -9.059648199539669, 37.45238580740364;
  -33.01006085433293, -1.634513226429479, 43.292528279785;
  -31.6462820702379, -1.200799120796463, 41.55049040818212;
  -26.73319621233462, -8.856138741674794, 35.23772054922144;
  -29.7832945836957, -2.593742598499004, 39.21939498969442;
  -24.59046350132089, -2.954934676944926, 32.5319036602013;
  -31.86230375038795, -2.479795443885362, 41.9501384294685;
  -31.73345615440294, -1.41348452762717, 41.83927558814046;
  -22.45599465775276, -4.138322326298266, 29.85572504373823;
  -28.72133810262979, -2.679055085453137, 37.96609774040996;
  -9.095874247985037, 2.774664343463033, 12.63142578313708;
  -22.89666750196388, -3.826219083513057, 30.4936990014247;
  -23.94486045911898, -5.109118470664628, 31.90379828745059;
  -8.599793552699103, 2.897963886699512, 12.01642391382647;
  -28.48647991675691, -2.810040572838922, 37.83699883156848;
  -24.23834382832373, -2.657297318636594, 32.32119968750408;
  -23.44391783927848, -3.579070399103908, 31.32665737045937;
  -30.65078792019268, -2.672269244311074, 40.7938406726517;
  -23.3880952679792, -3.720818530917672, 31.35190168705023;
  -26.2769368347777, -5.592736825523359, 35.12664274420614;
  -25.17809935670141, -6.983214658320855, 33.69598317309982;
  -22.89849450153438, -5.936880397744884, 30.76316805172259;
  -21.94844918553315, -5.511488425583941, 29.53288534972155;
  -24.9148455331685, -2.964252173473063, 33.40960633684832;
  -30.2782903150857, -2.772421432814963, 40.45240859914364;
  -26.2993612022416, -7.849283909361317, 35.2472509550533;
  -28.55602530261951, -2.771888151097821, 38.27110115364197;
  -22.4595380515719, -3.693272645905025, 30.28856328137766;
  -26.41860916776911, -5.387139407377477, 35.50221223134282;
  -23.75144912722841, -5.798922570670973, 32.0308756398285;
  -25.66004801178002, -2.870170802253814, 34.55104567838036;
  -30.9248806802048, -1.704567470228722, 41.47644499720415;
  -35.89061349264971, -0.5431361949711655, 48.08210415209625;
  -25.21289043448439, -3.257167452939044, 34.03327192400496;
  -23.11805614942376, -3.643995218976042, 31.2975442787238;
  -31.78978759878173, -2.005253095105435, 42.7174261259244;
  -10.00257409288232, 2.876590211618196, 14.04440687460827;
  -22.87796337255993, -3.263838076925194, 31.04539900136696;
  -25.4107553309464, 2.906958937213171, 34.41974503656368;
  -12.88519771164344, 2.862533289249951, 17.88158518866871;
