m=[-9.674532716689335, 2.825939677871836, 11.63323513036132;
  -10.16515767120835, 2.812363398037771, 12.21649172066582;
  -14.47177681583952, 2.698297142267478, 17.44499437177955;
  -12.58058337681011, 2.711086901283403, 15.31799533772776;
  -14.22926735370618, 2.834053059922041, 17.2428126605731;
  -13.01999252224337, 2.692483910497356, 15.88985880110117;
  -14.30704617829711, 2.733388217088637, 17.42365849903669;
  -22.01306942527765, -1.823103601112656, 26.36651725131194;
  -22.4493514304031, -6.238074155667814, 27.01817164422302;
  -21.85939724089471, -2.481422485679082, 26.37675614302661;
  -22.4320322345829, -1.979054369722152, 27.06960233162435;
  -29.98916274267656, -6.276934574127465, 35.94522979279645;
  -22.13834841602381, -5.283858324555846, 26.84364342170311;
  -22.84278388538833, -5.462234594901726, 27.75080198166385;
  -23.93670069053258, -5.425921147798166, 29.09864140803249;
  -31.44424467372747, 3.046227527871449, 37.96905941139909;
  -21.81952496525137, -5.318739715302876, 26.64217805170073;
  -22.62198164073412, 2.833294248719704, 27.61626357600396;
  -21.56656305347714, -5.728152371944408, 26.50554269733805;
  -20.45017952057869, -6.355476977379949, 25.20681012308311;
  -53.76202152809349, 2.443644706033949, 65.02864356468369;
  -9.743131573866878, 2.817546047428656, 12.50268118316353;
  -21.48499499919615, -6.760599440287553, 26.58068095383841;
  -10.66148756741126, 2.803578467771446, 13.62648317397165;
  -24.02928858359518, -6.991788296904186, 29.65129107334354;
  -22.65767673795896, -5.082034245995131, 28.01754618326274;
  -21.41045624292706, -5.121983549916116, 26.58372705688283;
  -30.89482268360714, 3.01587252835973, 38.03339039339382;
  -27.72002942572231, -4.940031766874084, 34.24117505242788;
  -9.867882891857619, 2.815009977538377, 12.74009001705672;
  -22.9653171611889, -4.673190310550419, 28.70622803052884;
  -9.008530203455111, 2.899163766158541, 11.77676317137121;
  -12.63479191060298, 2.769539553147963, 16.2085157024998;
  -11.97724517604641, 2.773460746313488, 15.42195621994532;
  -11.02072213629263, 2.847982878279027, 14.29320199264622;
  -22.3836944851482, -4.884174609833648, 28.18038634598076;
  -11.39115551621512, 2.761178794262156, 14.83897178479436;
  -28.21019865592155, -5.251797651920643, 35.54741681830101;
  -22.51180577919385, -2.251247290041111, 28.55208991655741;
  -26.78456345449196, -3.552780491388517, 33.87876905756397;
  -15.38757034371309, 2.739882662964182, 19.83245001896107;
  -54.63441227600308, 2.447322351235052, 68.3011833954202;
  -9.013979735554088, 2.868180251041949, 11.99545568964633;
  -22.37179723964073, -2.437688789375568, 28.68891207614465;
  -33.63992922043412, 3.089485644754319, 42.7188898431279;
  -11.86615503223589, 2.822600216981677, 15.73009585625808;
  -26.52732225806732, -5.398837445401295, 34.13505180674572;
  -23.8677715682264, -3.135051119938714, 30.81893484876992;
  -35.63398855863026, 2.914079652249501, 45.59274865697115;
  -21.61936307859596, -6.873165323048126, 28.00512121690862;
  -8.517925206554184, 2.843620004392936, 11.56740702890879;
  -8.633978703032172, 2.840247356527848, 11.73939244253918;
  -25.15522964652277, -3.635498425700753, 32.61036892865378;
  -22.18561243472756, -1.467270310658117, 28.95110392249314;
  -24.42073363394105, -3.633788118324457, 31.79175093251954;
  -30.11712696858691, -6.736790453913848, 39.02420543164205;
  -13.46986698215845, 2.793436402042306, 17.94028636500262;
  -25.60918937858001, -3.305979959734159, 33.41223663571526;
  -27.67662115413685, -5.167400056864503, 36.0864275725697;
  -19.45557917380033, 2.802897080808214, 25.62180324421311;
  -21.34879706917934, 2.931413141038537, 28.09825932327814;
  -22.48279139752829, -7.422862059616623, 29.59438589848045;
  -27.24543567522592, -5.931009469376207, 35.70236567448467;
  -24.05284630253505, -3.923473857541679, 31.67001740493789;
  -21.88960727819939, 2.900268461821749, 28.92636867959692;
  -27.91935548260775, -6.515251483515697, 36.71062497941942;
  -23.6929478664867, -3.3025403137003, 31.3778576520583;
  -22.86680895366594, -7.307053742827948, 30.33741860527358;
  -22.08450368334927, -5.307289984178338, 29.35482256251163;
  -10.22169565046132, 2.862971008706968, 14.05622335138282;
  -10.8633204333276, 2.860405934136284, 14.89155325373862;
  -9.344565378217546, 2.879807290772936, 12.9606673690348;
  -23.95045811978647, -7.929250081915094, 31.92198782812353;
  -23.94834527757988, -3.727990844698068, 31.94620811025045;
  -65.76474748892112, 2.944429625790482, 86.46808628070936;
  -23.51821848950225, -3.378698056295586, 31.57251448303256;
  -13.49112803527634, 2.647874219606422, 18.48391333995459;
  -27.16622009767554, -1.445996840828555, 36.41138677006666;
  -26.27180031045338, -5.128736250646028, 35.25623911563348;
  -15.24618657461227, 2.882174318139021, 20.89908226201555;
  -9.188856516937509, 2.89813448673366, 12.94579504460367;
  -22.84062043505397, -3.082409835527132, 30.98466355697678;
  -29.41510848253491, 2.961463934910171, 39.69958792731597;
  -23.02989390166306, -3.264065450857787, 31.29531072140781;
  -21.00503544308555, -5.298855645020233, 28.62309427624995;
  -23.41526558232512, -4.637666046246396, 31.85256878843734;
  -23.55242660950118, -2.078944790096939, 32.09768941122903;
  -8.368635525790813, 2.865402264626554, 11.96791562727771;
  -22.59223215236921, -3.503373457694214, 30.9259839733109;
  -29.74051775806575, 3.027755358161238, 40.63578554689227;
  -15.13083925684464, 2.945587611384897, 21.15253434986411;
  -22.61807332112484, -6.300994901394377, 31.20967389879872;
  -19.10229796099885, 2.933693612593964, 26.50429549058611;
  -26.32589409005493, -2.601999542771065, 36.2644749754563;
  -24.51612072968066, -4.793723159104331, 33.84637533432792;
  -11.79308567782696, 2.909550022515894, 16.73610266030178;
  -23.93823066941049, -2.619576347129323, 33.12667868991868;
  -23.4739710974856, -4.07622127321403, 32.54963851230581;
  -24.42743540162439, -7.238237755153317, 33.895425950423;
  -8.140748961453848, 2.779488207330327, 11.86355105490542;
  -24.50114124092895, -4.814501131684295, 34.06207495160531;
  -27.12592303572861, -2.30410064949797, 37.74816738156795;
  -14.44955870314885, 2.886999139131621, 20.51696612150686;
  -30.72707257457827, 3.139777448071809, 42.74020022407249;
  -25.15848375934589, -5.33836830588417, 35.2486275973781;
  -36.69729805931116, -0.3977824967273247, 51.05018556485405;
  -32.73095326124806, -1.928550769554775, 45.67693532283995;
  -22.3098622012266, -5.995414762778801, 31.42051461374937;
  -33.65869434654704, -1.341992359452237, 47.06442197464012;
  -21.68674351077544, -6.431106404493354, 30.62883495072412;
  -26.34883219166978, -3.730362424533688, 37.08021317601659;
  -13.38129161521338, 2.870442995860052, 19.2520505278115;
  -21.38481538667339, -5.378261001685842, 30.28268576355667;
  -21.60283380440789, 2.954814980770769, 30.6035906066284;
  -21.53720557603215, -3.699929253361786, 30.55573468946466;
  -28.51648225592591, 3.036080959541359, 40.20191149018723;
  -24.62001862068364, -7.904370535674664, 34.88371668533527;
  -29.12838207978097, -2.535649845333086, 41.1385150107154;
  -21.283202301756, -5.335155654060421, 30.39244830297745;
  -21.58549056759745, -5.888914990303733, 30.82933833664007;
  -22.26920283900952, -5.748689216514284, 31.79314184463623;
  -21.8981125460736, -5.818494936655382, 31.29286249337096;
  -17.20118086245148, 2.900427411297045, 24.79107942604466;
  -22.3634028385234, -3.972853889156718, 31.99547346427723;
  -30.27019259823823, 3.07696291781454, 43.04329907269835;
  -30.52618066208499, -1.624304848764874, 43.42278512070524;
  -26.41934032944612, -2.740385466499165, 37.71797975597895;
  -24.95142000614492, -2.750454160072561, 35.68860313867732;
  -24.40878590732688, -3.278980172393787, 34.94491061407116;
  -27.09549245489963, -1.998682171086529, 38.71889060065168;
  -26.23801950580672, -5.33314356887216, 37.51920100273488;
  -9.451887061595549, 2.875955661687113, 14.08780918005486;
