m=[-7.597338659996022, 1.431304594874644, 9.283695411235529;
  -12.71598038752948, 1.426321083621786, 15.31688395625396;
  -17.34895123889007, 1.525957542502493, 20.64365712850326;
  -10.30228000079975, 1.574864582795367, 12.66609319307554;
  -15.00550389530966, 1.420605104400057, 18.24686030852335;
  -47.21984883250052, 0.08291390311678018, 56.13094666204339;
  -11.9880542614729, 1.482550888790881, 14.93014392431699;
  -16.3602100303827, 1.412652034470176, 20.06996342185909;
  -22.41300905722778, 1.399437122084901, 27.22528701570753;
  -9.911254783538414, 1.493037061248233, 12.51607987458336;
  -9.864575015097167, 1.492539010720966, 12.46266915359875;
  -34.87526406130981, 1.342068168827613, 42.24564769788982;
  -10.57504388974982, 1.490608654340672, 13.40103828353426;
  -9.966538177995515, 1.499501042476836, 12.70754420619478;
  -28.90337394926055, -3.900430877876278, 35.28870805973723;
  -14.06871101695115, 1.459368561414643, 17.61863655655656;
  -28.62691108075503, 1.399880807218859, 35.02549352707235;
  -9.560831086193495, 1.537131507168505, 12.28035777996563;
  -22.25599418989447, 1.401581157809814, 27.5132262371644;
  -29.77948691492925, -3.891406379946939, 36.52325585606654;
  -10.45245339748838, 1.505627667429923, 13.38728142529301;
  -11.67534371491638, 1.449167813200833, 14.87609574048508;
  -9.896766099704269, 1.524672988348218, 12.73497783992796;
  -19.76493779537842, 1.416008869500678, 24.62962813778411;
  -30.64690136910291, -7.075582107757726, 37.72173171973471;
  -17.32974207693641, 1.398579948653531, 21.76101196070413;
  -9.544257206979324, 1.52149347118302, 12.44275865836491;
  -30.69117082016521, -4.156175573604941, 38.16569904763263;
  -30.04940692160692, -8.259838473831628, 37.55859700885751;
  -53.876078769839, -0.5304162288904146, 66.96648883985023;
  -30.94302390516718, -8.855735885623513, 38.80707748484841;
  -29.79881492588056, -6.367007157866649, 37.94884122625022;
  -5.225268400754754, 1.583854824420756, 7.346960098387124;
  -29.72828694284079, -4.793538214479099, 37.91914783524884;
  -31.47273444902239, -8.831368505795426, 40.099417465054;
  -41.87071374186215, 1.250692119571854, 53.14899198557419;
  -29.90424193192284, -7.673259899605154, 38.5784854968889;
  -32.35228791502849, -5.766289327687431, 41.69163511317026;
  -5.910105759677159, 1.568918792819378, 8.311576238319381;
  -30.58114430566233, -8.259547204768943, 39.527537667595;
  -31.30088288489537, -8.383979143748464, 40.49475611079025;
  -30.43813959820243, -5.04111741564883, 39.56094672531546;
  -49.28049146942234, 0.4311978186356618, 63.63739403433419;
  -34.85055351643342, -6.36731331279938, 45.71773719486462;
  -38.71473160858523, -7.411517704087633, 50.73313532829653;
  -4.705041905006797, 1.564437557327573, 6.903221735967225;
  -43.07590121015781, -9.177669265373922, 56.95358204191384;
  -10.8825981873648, 1.469145595827496, 15.02967196432162;
  -37.23296307196554, -6.110274384536337, 49.74949797334771;
  -9.924318364159811, 1.453600465119496, 13.95875834910757;
  -36.79609706675034, -4.513278487330684, 49.58814187132902;
  -49.3987946476281, -7.420003556091303, 66.38691131060695;
  -39.02132053394415, -8.012533820998547, 52.70797022089188;
  -51.59834983158018, -7.875345639541393, 70.91500433098486;
  -49.19093463950577, -11.9458739988727, 68.45158918928462;
  -49.96075106870602, -8.924735293443433, 69.58359349266127;
  -50.85513223736159, -9.148619609835539, 71.66430699029255;
  -98.07332590713808, -23.28028594657595, 138.1168402719643;
  -11.60920812444231, 1.3735515970653, 17.15126853790727;
  -90.97421558389948, -22.62103196732819, 129.9435327206276;
  -87.42822349276244, -20.88874716327343, 125.9454810660301;
  -57.17202249799734, -12.64301051610677, 82.80499139595177;
  -74.45310304422952, -19.71435470671583, 108.3955349715266;
  -79.22354677159304, -18.72129498786534, 115.7113664812245;
  -79.99493561040758, -20.46676957555309, 117.3096204954952;
  -67.02587560843139, -13.62451620262614, 98.50786098254153;
  -89.69569055770853, -20.68581524844464, 131.7053031305734;
  -4.414671655705621, 1.49341864160642, 8.15481502785955;
  -8.332227554073294, 1.481920919233472, 14.91119017207485;
  -23.48318750435014, 0.2379870163142255, 40.82508811948678;
  -4.33248540739697, 1.495172354072286, 8.288991419021494;
  -26.66451797507789, -0.1210624927127671, 47.22387287673175;
  -5.31137110365806, 1.46596754798454, 10.35650514229687;
  -5.098348706165576, 1.460902221462156, 10.08819464876671;
  -4.174590066038951, 1.489554693859155, 8.472355377670169;
  -4.099604670651964, 1.483961151346892, 8.628531983712685;
  -14.62878611952544, 0.6842072403921164, 29.07581471462519;
  -13.61113645710549, 0.1338032108005609, 27.21701218133582;
  -5.921905933594522, 1.432297729238054, 12.68234600385375;
  -20.02554429199536, -7.347660794932338, 41.15735793182115;
  -18.89566713495581, -5.331601274434134, 39.37851302222901;
  -20.45733906672621, -7.304901560324915, 42.73642704998957;
  -5.759480259342456, 1.409028943412554, 12.5628874589702;
  -4.837307169240866, 1.449757039978683, 10.72859023936261;
  -18.87421121029007, -0.333207422128429, 39.79515832183624;
  -20.1012561987938, -7.532060138301203, 42.50798506161986;
  -3.658211577957064, 1.48157044243514, 8.373105184514067;
  -5.773408927997788, 1.445531483573926, 13.03206494087072;
  -3.823708248350647, 1.438608689491687, 8.897900053406529;
  -19.61036776337148, -7.817380198571398, 42.72618968047772;
  -4.429545653442056, 1.410421270064286, 10.2747927239717;
  -3.967190882297563, 1.395872053598912, 9.320390744324934;
  -23.64344143972881, -9.914493292924984, 52.95967512327498;
  -20.72120215969866, -8.48516122537535, 46.50711366058946;
  -3.387257093805133, 1.416696804259477, 8.26065096568283;
  -16.78841585612071, -4.537282032869022, 38.32938819968926;
  -23.6803688522157, -10.18507933872068, 53.79939148576335;
  -13.09413966558732, -4.301777474947509, 30.13347008720523;
  -3.572803752881201, 1.474018478624857, 8.727319420570167;
  -13.48058035022364, -4.296662907471402, 31.10670655752533;
  -4.395432939815531, 1.448910404681652, 10.66272792891388;
  -12.7782836036221, -4.258612169003191, 29.72413078856793;
  -3.34028477806985, 1.470642860514613, 8.362810883710353;
  -12.53159918682244, -3.779828607203815, 29.86032122253722;
  -11.75863209730232, -3.843623611169631, 28.05876114464146;
  -12.20882188260354, -3.891416429582016, 29.280608013084;
  -4.176912686121259, 1.535111198621228, 10.53433126908348;
  -12.32609620785008, -3.602009738374272, 29.72673635146598;
  -18.88881288952679, -9.480691416749963, 45.33397233796549;
  -11.71673166155689, -3.686352955506391, 28.88799585287691;
  -11.05556366347958, -2.498710910544923, 27.44692900707329;
  -17.90857927770267, -9.144751882040678, 44.61766005831026;
  -3.496055286436531, 1.48014316165436, 9.273632616098924;
  -15.68504944485166, -7.68415431253149, 39.75452485474845;
  -15.29787535177455, -7.815399498393587, 39.39108553673142;
  -10.18011760283899, -0.8719957725508697, 26.45186989102841;
  -3.207782595977771, 1.482736291111434, 8.807364760745848;
  -13.71894816590972, -6.681238678224432, 35.6026431516557;
  -15.11455911539366, -7.774140025374838, 39.52687777209677;
  -9.752407088806381, -0.817912000279202, 25.79159003033435;
  -10.07995195932479, -2.03338702902894, 26.74616608274867;
  -9.896660734242158, -2.325292283757818, 26.29257147597081;
  -12.47800909198007, -6.052143768387267, 33.08555108601051;
  -12.52128312731939, -6.396352490896357, 33.41051957336296;
  -9.433789173707664, -0.760112524168906, 25.42455522552201;
  -9.294495074154758, -0.6423549213452303, 25.11231710269266;
  -12.77277742954063, -7.283398836946333, 34.44793628146904;
  -10.64798863333254, -7.047545513902243, 28.91941672906448;
  -10.48160817073104, -6.752120948223266, 28.61258760025215;
  -9.031155702018214, -4.24978301082997, 24.58215160130495;
  -12.46071464315826, -6.9246963814352, 34.19605470500448;
  -11.225045445576, -5.942426368855186, 31.23145016446411;
