m=[-4.754327815522583, 1.374869819138583, 6.100897280003963;
  -10.63495902024077, -0.8807782191983854, 12.73819770686691;
  -10.77455857377595, -2.993961566603438, 12.9673622794628;
  -10.76795790645758, -0.9499974823906243, 12.99411196467982;
  -6.780698156945594, 1.305944042788874, 8.4970211235146;
  -5.347149993673024, 1.38181431681513, 6.934926223469402;
  -5.816022817134923, 1.346763028216798, 7.488737847617911;
  -10.47576430083981, -2.782398566660408, 12.8748293028727;
  -10.59752386854648, -2.376985948099263, 13.10445981947472;
  -12.71199036124032, -2.265424586687212, 15.70249008538575;
  -24.01920136943285, 1.091744555009097, 29.05277815390586;
  -10.77830626422516, -1.077862567160036, 13.67030137976657;
  -13.5734856894401, -2.526930105726732, 17.10382685938619;
  -12.93057169725518, -0.09352259171882914, 16.32427429053977;
  -13.20728399230982, -1.751851621245554, 16.70538797518038;
  -6.494577908717103, 1.346872272023209, 8.65001767697739;
  -11.02295757156587, -1.201089917369561, 14.13550539557834;
  -16.78377081527607, 1.372544780956596, 21.4743921533802;
  -10.31703865715623, 1.416637321446651, 13.57878978837492;
  -11.43544342585909, -1.865336965381361, 15.05687467399524;
  -14.86395528224947, 1.42878095363153, 19.38537170073096;
  -11.06301483807498, -1.542064444647974, 14.65135139569275;
  -11.55273578078822, -2.776323153028965, 15.35594885079103;
  -11.66639531514124, -1.816084344090019, 15.56254047259235;
  -11.16132085128683, -1.603468948243976, 14.98374395936165;
  -5.633218592579175, 1.3898085480454, 7.994355951350793;
  -7.738194315410762, 1.363575910780992, 10.73919897656544;
  -12.18315897268459, -2.699401969601409, 16.46040931842773;
  -7.302532017525159, 1.421616308086362, 10.20875687855901;
  -30.98737791311212, 1.387371761266224, 40.7424854395633;
  -9.095947322180372, 1.39693782465617, 12.62055885035876;
  -10.78537515380802, -3.004614623399327, 14.88225971538295;
  -14.05516047152122, 1.430895984180475, 19.20418774797548;
  -6.514912367222365, 1.397524626985514, 9.373192490284797;
  -4.595546329718052, 1.398301460794962, 6.849550713975693;
  -11.3195644769071, -2.22430683731597, 15.73673037678142;
  -10.66424347586, -2.865843015629354, 15.01918814897109;
  -12.15983553721267, -2.58019049389278, 17.03669897584152;
  -14.45942591977307, 1.477504220578734, 20.11251665567189;
  -11.24389730537423, -3.334327255548022, 15.88009166051528;
  -10.68323906483872, -1.835299783767787, 15.15675825895497;
  -17.27296253946442, -0.1872312820884198, 24.02868847371983;
  -10.22510613544795, -2.563173155921283, 14.60146857639084;
  -15.78289046181634, -0.3242444538643887, 22.11005858487416;
  -10.38833318260403, -2.834126507883934, 14.83707018088361;
  -10.2882750891696, -2.733672885610613, 14.70216106442857;
  -11.53330984094082, -2.603134939217983, 16.40466575930061;
  -10.63074628991127, -1.888549879795529, 15.20948145862663;
  -11.96559595449793, -1.318995999533938, 17.11467344274077;
  -11.94936827206286, -1.605231074805904, 17.10734846654176;
  -12.556713755079, -2.552279420108204, 17.95554223162125;
  -12.7969333701315, -0.9439578414762875, 18.28654946968322;
  -11.02765759028628, -1.83094398557518, 15.87216281404045;
  -14.40796763055761, 1.464568881629059, 20.48769454436648;
  -14.52482035050077, -0.7728689148479178, 20.66122060857787;
  -11.52761830612069, -3.492300263643657, 16.60003020543154;
  -11.70977166933547, -2.511680041536371, 16.85236655372062;
  -11.83259479296082, -1.37786628531342, 17.02073870322759;
  -11.74529296659101, -2.549572871605642, 16.97272775690353;
  -10.39125596718178, -2.001714092633792, 15.11333053334901;
  -11.68321358263431, -3.943682466960271, 16.90939606740009;
  -10.34045826215679, -1.781186200325555, 15.07237547367224;
  -11.37256700461294, -1.396001477963872, 16.49550329010597;
  -13.78437135746203, -1.435267820600242, 19.8316744069272;
  -10.64282306578876, -2.765829436282549, 15.49375981874398;
  -14.31760057543913, -0.2180713970885671, 20.62879050746322;
  -4.680025841757577, 1.414155119075497, 7.278491625169725;
  -15.24203145352478, -0.3884384185562894, 21.99454350700603;
  -10.41093326568887, -2.683875531835522, 15.28802549522589;
  -14.81116319354795, -0.6861938649340967, 21.43813082342523;
  -15.03679958145369, -0.5205937240192863, 21.77279833155097;
  -13.37191408592114, -1.257016075537832, 19.4581030727342;
  -10.36902827090505, -1.774025815515571, 15.31244099454817;
  -11.02557924393337, -1.350133853053596, 16.23367045031048;
  -14.86419649256899, -0.6073786716330283, 21.61770217687559;
  -8.759042914965088, 1.4585021994432, 13.06828485035673;
  -10.29018373425817, -2.655477486660997, 15.22399800293364;
  -13.24217713035647, -1.325601767311234, 19.36535216475421;
  -10.74930349242332, -2.070641703530113, 15.88365331289953;
  -10.38550591137745, -1.696209211988556, 15.41283351543151;
  -7.618638591584761, 1.485810555056701, 11.53782338124979;
  -11.79127474714931, -2.519806626007583, 17.42600019316619;
  -11.27075888905757, -1.493406289137751, 16.71473057950006;
  -15.91717962834531, -0.2221598111317956, 23.30598675930098;
  -12.2908632873523, -1.299672006834078, 18.17907002867377;
  -13.45977941920058, -1.321978784423286, 19.87302442022943;
  -5.171438220990305, 1.453969286697098, 8.129575872091341;
  -10.50980261532502, -1.851785796222415, 15.72271459034106;
  -14.30019803844477, -0.7483278020409118, 21.16728589589628;
  -11.77678363947966, -4.395394003370146, 17.62312554892744;
  -12.06720163243271, -1.495204444899819, 18.09140353728719;
  -17.13067505507859, -0.1467832466555477, 25.40270113570571;
  -12.11712502251971, -2.785221727561976, 18.21081444814221;
  -13.31510589497289, -1.34027465486891, 19.93989433175335;
  -12.34414595787021, -1.424365338691779, 18.55979575908454;
  -10.29790338732539, -1.726038274407927, 15.63135914021048;
  -12.04014897056056, -2.578640606620631, 18.14678817223616;
  -11.06544109089263, -3.455666601762371, 16.76430461522832;
  -10.54031181419909, -3.319450272150968, 16.03967589960694;
  -11.02404961155137, -3.828270617520766, 16.7491220918355;
  -5.052596224674464, 1.453235702792383, 8.109339743341671;
  -15.14223142490256, -1.265421255453099, 22.7635179166402;
  -12.59095274796456, -1.701832730576771, 19.13668344431866;
  -12.61281347822464, 1.529892597204761, 19.17768056765072;
  -11.4942917280906, 1.498711294592855, 17.63354264601546;
  -15.50663024005889, -1.419565134361832, 23.56301206443093;
  -15.06118950204864, -0.4204013525780218, 22.92680771658405;
  -14.36031544635501, 1.544756151191653, 21.91850155649983;
  -11.68858723241762, -2.340034111917428, 17.991544095157;
  -17.70230699071541, 0.1249445738267071, 26.84748467685974;
  -5.487846800609489, 1.445105709882671, 8.865497395808804;
  -17.64064259033449, 0.008576048348754799, 26.78860680305271;
  -11.4028605624833, -2.624470053787538, 17.62361360775019;
  -12.44096817882367, -1.515113401054922, 19.22131977574856;
  -11.15885610073437, -2.488280161112979, 17.322411620544;
  -11.22195049679805, -2.666051051111433, 17.42919399874028;
  -12.24025895268467, -1.730665331148184, 18.94398990433238;
  -12.43430120970211, -1.931092128770531, 19.25435606240462;
  -12.31788424041939, -1.649244493007104, 19.08488359238423;
  -10.87925132641541, -3.729863049093944, 16.94527968612638;
  -6.842050651468306, 1.480916374279421, 10.94606187401786;
  -11.76083564733318, -2.300299200048814, 18.31339640537266;
  -11.16888802392397, -2.463123632805954, 17.48363330875056;
  -10.77953344937486, -3.586988104634279, 17.00665494982083;
  -14.34567089134578, 1.580311391737306, 22.37382906986553;
  -10.78829229296846, -3.739115053936676, 17.05293545002622;
  -4.442206395504798, 1.523560294915852, 7.489960860798996;
  -12.72483350332705, -1.983984114795923, 20.01140137379162;
  -6.582863194983204, 1.527001713572955, 10.74127679687161;
  -4.694691569749693, 1.476159513478278, 7.878124120400305;
  -5.233602335883642, 1.535242597922406, 8.736005417716278;
  -5.244832718439845, 1.509834790797246, 8.759646459989336;
