m=[-10.92117338821349, 2.973859538174281, 13.03681353015035;
  -16.39937615025673, 2.833330660731494, 19.56156670636113;
  -13.46266656867126, 2.976336423917493, 16.52429519128042;
  -30.25692673102644, -5.213848596282089, 36.04670515092512;
  -15.23280845302748, 2.869792924523253, 18.61398580008477;
  -14.88242713706934, 2.882506466415881, 18.22058407377324;
  -47.91259981698575, 2.642570730981527, 57.24417968529027;
  -82.06777062646886, 0.1441037900580852, 97.55519701148512;
  -16.45033282546669, 2.907715266947547, 20.31565069149952;
  -29.7508354002708, 2.816579098220176, 36.1773480849448;
  -12.32273797414997, 2.980894535891609, 15.51720311255875;
  -19.77850196754251, 2.937054806589403, 24.41872514604977;
  -49.06291603263369, -12.77774917396876, 59.27318103371304;
  -16.70900862587482, 2.943127725972437, 20.80815167332077;
  -54.30887292046123, -6.274343577170211, 65.58734814774543;
  -44.53055752308158, 2.780426095658098, 54.09167534978565;
  -23.05062238278477, 3.057029446471139, 28.4629139629919;
  -25.39932526924678, 2.975364960373226, 31.33240105745763;
  -32.79501788589725, 2.831745353572021, 40.2314400711747;
  -77.6405666364244, -3.191837982069229, 94.04034596478326;
  -22.74712827163807, 3.01677972916183, 28.25347712102769;
  -17.79180106026077, 3.024493247944857, 22.30683600308869;
  -9.595772827705138, 3.095880973118399, 12.4406530950228;
  -55.68860366488485, -7.515024012824217, 67.99133140768885;
  -26.80504960208673, 2.962875823524632, 33.23662538178935;
  -56.91225690781449, 2.783058776967323, 69.63307638440325;
  -9.669822528756459, 3.057903886172002, 12.56236248012209;
  -15.26992450577374, 2.934449432724364, 19.33438691260117;
  -24.35765354634748, 3.012287075647671, 30.33547105924901;
  -36.01632767700286, 2.764471439538654, 44.43164078133562;
  -22.76739039029053, 2.966208742358647, 28.47200918873507;
  -57.46190234903968, -7.50877992101471, 70.47454401970086;
  -18.78796338357898, 3.058505798497049, 23.66150611381585;
  -34.56040435589084, 2.872732854408021, 42.8492491478912;
  -43.79973487417852, 2.758307833517866, 54.14595297065035;
  -14.80853631924664, 2.963106923767043, 18.89919908316895;
  -57.87443273390059, -13.36171953623518, 71.23473263176213;
  -19.91383927817221, 2.999832082153095, 25.14749226598296;
  -19.99925617815738, 3.025945870513325, 25.266583982076;
  -24.08580633663828, 3.030214830990599, 30.26720327503776;
  -27.9516617673314, 2.899467930885052, 35.00464038510994;
  -54.99890058374962, -6.74108432007271, 67.97829106416879;
  -50.45722543723448, -15.09948452034718, 62.46669500267653;
  -38.05905818098772, 2.726644753808552, 47.42643058007511;
  -16.75054876063181, 3.12651258116474, 21.3814516321515;
  -21.30879142014447, 3.003587430516003, 27.00319096301719;
  -15.87212876767869, 2.960031127661153, 20.35942893299062;
  -57.76271714704508, -7.82218428479972, 71.83025019557675;
  -33.857409021964, 2.732429205308235, 42.5148556403477;
  -57.57355970719077, -10.88891618882701, 71.66936937943702;
  -20.1155280828193, 3.026452594819246, 25.64771817236837;
  -22.39004676525533, 2.994238948836187, 28.48860374912275;
  -26.57985627668208, 2.945386973887505, 33.72955256477897;
  -56.05911302384201, -15.40926314356837, 70.06799302992313;
  -23.42103274441164, 2.907067032361643, 29.84182170172615;
  -78.71246002420884, -16.41281187040321, 98.22172504561905;
  -19.55243254686634, 3.14351962069241, 25.11401623765742;
  -21.28105721868473, 3.065438067230248, 27.25632836428177;
  -58.87603367481741, -16.85002105208573, 73.83915702038554;
  -20.10387970624915, 3.097157398721984, 25.86930518276174;
  -21.79952015931781, 2.98272640131848, 28.02789172504361;
  -57.50148224199266, -16.16838218486252, 72.50438924931274;
  -18.32468325966142, 3.054797317648412, 23.7649564846367;
  -62.29120004078884, -15.4877635579412, 78.61299843922286;
  -16.21728061581888, 3.044980348855909, 21.15752476274576;
  -58.90510807260885, -16.27036677260499, 74.52397033129859;
  -16.89426701680673, 3.07656331999657, 22.0729359002379;
  -26.45753796652807, 2.934949533592066, 34.07099849458845;
  -55.07210292671954, -11.94200079354878, 69.99003777221344;
  -56.22784244386328, -9.98095764140723, 71.44316041431972;
  -19.33520934246504, 3.082313703470295, 25.20713118264733;
  -77.84172593170882, 2.325158195221404, 98.80914123399074;
  -9.422496062000219, 3.092210005625875, 12.740912619376;
  -54.88290777352029, -11.72663636146976, 69.89347590878094;
  -59.18340631568537, -16.60708800020626, 75.40559021652784;
  -9.470763224802152, 3.049310860600557, 12.83309282643068;
  -10.16613741480945, 3.176685976233572, 13.7585183936385;
  -12.17435449013236, 3.105278110453431, 16.33335070440273;
  -57.88178834835908, -15.54303909490931, 74.2880526985243;
  -57.88646727846985, -8.307463955792715, 74.35460737585787;
  -56.14164478807761, -14.73094058901988, 72.26966715135229;
  -59.868167486079, -10.67056450999308, 77.15070415666989;
  -58.10104283925929, -14.90840005771258, 74.95425711279216;
  -57.7068268375502, -15.58582162714955, 74.58873182441056;
  -58.4107549746318, -15.64539100314748, 75.56749391520397;
  -10.02597811632455, 3.155047516957767, 13.71244479808983;
  -61.99175654669543, -13.30894518855591, 80.272403159484;
  -99.38466319974177, 0.8696027312178695, 128.3384313838641;
  -57.21188560860183, -9.475343655387663, 74.3592213089924;
  -67.94512047231005, -10.96763024346945, 88.30843896214142;
  -12.92459995376517, 3.088055180739393, 17.53149775217698;
  -123.9968042039793, -2.59837690444825, 160.8973607399796;
  -58.92066916847582, -7.732572902647941, 76.97998457455077;
  -65.54320725407168, -11.97496435503183, 85.98104827050251;
  -68.78975145815736, -13.16905579887481, 90.14449086746785;
  -62.13450412150072, -13.23825881234667, 82.15225865740071;
  -66.60898357238941, 2.204212700760265, 88.16638953445174;
  -78.66421694289608, -14.29009160655446, 104.1810491215203;
  -68.79366491157089, -11.28967811976393, 91.91990136488175;
  -83.52559439242951, -7.400797632977022, 111.7742323371102;
  -53.66991931996556, 2.412061461022018, 72.25830992519619;
  -9.267951510806549, 3.210891126413156, 13.21709319691884;
  -12.0409367805504, 3.196432139513442, 16.93356567578503;
  -59.43569699607523, -7.290171350110039, 80.09832590440537;
  -90.67800270987259, -13.62039514052835, 121.8619313824155;
  -75.83368509846854, -15.57148651834762, 102.4321976093453;
  -21.85338191216751, 2.950196197400129, 30.18113466986788;
  -82.88509544327722, 1.989311846448045, 112.051706993547;
  -78.28441851894419, 0.803207300071432, 106.6849099684392;
  -75.3409448541271, -0.2009755666353313, 103.1321424419713;
  -71.02933732290046, 1.679983264919795, 97.60759227544578;
  -92.60720956583423, -14.13444008238458, 127.2761762513217;
  -91.46634666813638, -16.19919131502983, 125.7867256742767;
  -9.544587848537955, 3.173598025466168, 14.00378734709286;
  -9.945413278604294, 3.149490447044967, 14.62864516333277;
  -89.26948525816363, -15.94664829228509, 124.3314289843413;
  -81.92747272091305, -6.263544265704283, 114.9292827851524;
  -58.96098686419341, 1.912291696513827, 83.14632506879933;
  -91.52320126136827, -9.143820105507153, 128.5534606367546;
  -90.1397178174804, -16.21574762997464, 127.0235692149957;
  -175.3024359712387, -41.61264848309508, 246.8787340938295;
  -91.5107130427497, -14.49070407791304, 129.9063892429692;
  -95.41771815072505, -21.38248758008254, 135.5886265503299;
  -57.26135393387145, 2.122163118777736, 82.08584888498264;
  -138.7646811049947, -34.50428527539538, 198.2053130538401;
  -53.52046571113776, 0.8511901161826554, 77.14161857690424;
  -77.65152588241217, -7.825769975168239, 111.8046594726336;
  -148.1432051532521, -35.39504559027673, 213.4089713173057;
  -111.8790606006604, -17.03734828711345, 161.7871666717409;
  -23.09351068940021, 2.732324905303911, 34.11800349095407;
  -114.4720626218112, -25.31433082638782, 165.7953968797931;
  -101.1247453615112, -19.87377082313095, 146.8891050500007;
  -135.3255953699481, -35.83271454026295, 197.0191933672906;
