m=[-5.635890248010218, 1.419287941938302, 7.112415222517452;
  -12.72711750514593, -2.897318727105293, 15.15444639588377;
  -12.77872425019903, -3.077677635579574, 15.22326120604202;
  -5.179707729199988, 1.419356575592618, 6.68701761139509;
  -9.993300986809691, 1.300906636179119, 12.19303414376708;
  -13.95381924204115, -2.781526525904724, 16.7135204572378;
  -12.3487903994902, -1.985918397570893, 15.05213080283245;
  -12.47956369996834, -2.146180878353466, 15.26191397809618;
  -12.34683725446294, -3.031634129761725, 15.11492521862209;
  -12.95884860823839, -3.021904768558601, 15.90481368193705;
  -7.165443413788645, 1.342535876025816, 9.235745188668346;
  -14.08228049896983, -2.759359727312264, 17.49945667608084;
  -12.73133695696042, -1.901262785278416, 15.95328486834649;
  -12.8717007700098, -1.953095748088506, 16.13331368846329;
  -13.59152588567571, -2.944126785395966, 17.03102658789491;
  -16.42905728617432, 1.259191813954035, 20.51917687322484;
  -14.86007430510425, 1.34157182334332, 18.77695964428472;
  -13.81749588731445, -2.537518379402296, 17.50776169140632;
  -14.14719840200453, -2.476927640087963, 17.91041619307554;
  -14.65125572871393, -2.138846900685024, 18.61527482883256;
  -13.40603047522019, -2.711511447737752, 17.13449608276185;
  -5.972246006708235, 1.417735032676969, 8.117985749063809;
  -14.71785901166108, -2.668814886884388, 18.7928996094408;
  -13.06054934215979, -3.96828550255228, 16.76092228773311;
  -15.16273416395309, 1.231707190112673, 19.36282884772963;
  -7.822528376643844, 1.505623605670345, 10.46968092575246;
  -14.69043104049734, -1.704202580188587, 18.9416099108122;
  -12.895915260973, -3.807220676236165, 16.74967396627887;
  -12.68493912243944, -3.884034406307104, 16.51196607032457;
  -7.207459356799775, 1.430506981594419, 9.782863175075098;
  -14.59034670702273, 1.373012521668141, 18.97990696408756;
  -6.757808025566225, 1.411875948138987, 9.258300322928095;
  -12.66386777823912, -4.044962079118216, 16.63987064167043;
  -16.69948495873155, -3.941923596395114, 21.75917548352381;
  -15.41470342474952, 1.247693981003421, 20.17955819194499;
  -14.31179932567972, -1.859316087157303, 18.82197167267846;
  -15.5700802754496, -2.580602042867288, 20.55088007751034;
  -8.818154869390471, 1.432623837964883, 12.00408846229111;
  -8.230521028427456, 1.462316330065869, 11.31635725033272;
  -14.45252183129, -2.478112192873477, 19.26205295539025;
  -8.983754202139409, 1.452192923792861, 12.31375887365669;
  -14.34451203739371, -2.570637946509979, 19.16711011457886;
  -9.947202966846012, 1.438608065063974, 13.56998748314808;
  -13.62255018408737, 1.394409903905769, 18.31525165877547;
  -9.406890895500569, 1.437887395215961, 12.93299082968923;
  -33.81764593993121, -1.534557990687228, 44.52233781808525;
  -6.073106612553066, 1.516291880645009, 8.707814650931283;
  -6.740590509110621, 1.503288610290644, 9.601072548722247;
  -14.60288899508404, 1.37678184818377, 19.86344520134916;
  -9.533911456095655, 1.464531403409178, 13.25855709555798;
  -5.910980187943113, 1.514755007558875, 8.537804017352539;
  -8.977440868568557, 1.468611914007758, 12.54069190397922;
  -34.11778078619499, 0.9375136996174494, 45.35207275688444;
  -10.4908111656898, 1.444624587295655, 14.51815041198915;
  -5.236702025097884, 1.518118038378288, 7.674458228798661;
  -8.422316664673659, 1.474239326849995, 11.84595934685699;
  -11.51546155913811, 1.461161049523417, 15.91496187732615;
  -7.422653102350303, 1.479372078490484, 10.57208993468722;
  -20.03038504962551, 1.357613421812707, 27.13181660685469;
  -43.01512129342433, 0.6299201839234266, 57.45121340631904;
  -8.752789290807833, 1.479250028185195, 12.34928124509693;
  -44.6635190559355, 0.06533491947590087, 59.64750099826163;
  -9.257810235985241, 1.458754021697637, 13.02207751725802;
  -4.765624385412276, 1.526722269742991, 7.104101490674486;
  -16.04430428537024, 1.340560997708643, 21.99974203470907;
  -12.84239742902976, 1.445555046463712, 17.7840897784922;
  -26.30097750002332, -3.297038103274362, 35.54945125492388;
  -5.982895788081112, 1.509535348842637, 8.726627209981668;
  -24.64415835607672, 1.279402883486726, 33.37952893702613;
  -18.68422661962416, 1.382736398434191, 25.51460329405489;
  -5.169236098922223, 1.524955626957031, 7.660249040778123;
  -7.39630385739307, 1.480610874910344, 10.6216647017253;
  -9.715038574124563, 1.445896133294426, 13.73272663125062;
  -8.542929766474309, 1.49193537281993, 12.20572382537361;
  -11.89449637105676, 1.43370588273556, 16.6815329402097;
  -25.34494657726798, -3.708328586471266, 34.66216850341285;
  -25.03316612164886, 1.336578787632632, 34.2924157548057;
  -20.21825967438046, 1.37746144464031, 27.88998064717002;
  -18.02101751511625, 1.4013351612659, 25.00312563100102;
  -41.32026543412856, -1.884523392695189, 56.28455656499967;
  -15.89830265033213, 1.384714227682228, 22.18488948745107;
  -27.07242927591247, -3.825539377470462, 37.20823561506195;
  -28.12318326703008, -3.211905744344028, 38.75845738175951;
  -27.29131892672866, -6.824025834396605, 37.66679998839076;
  -11.72821835631774, 1.420085594838833, 16.70584463881177;
  -4.904127587927822, 1.513508796701614, 7.468966704706847;
  -26.48306493398781, -8.211288493283684, 36.93392271233945;
  -35.74133556140237, -2.120835140625688, 49.64278993903096;
  -29.71248668943117, -6.108072476046331, 41.50275725836868;
  -26.16007130209984, -7.813836289390346, 36.69417189661874;
  -26.81680388930016, -8.325531821978276, 37.76083286175872;
  -25.90513298453348, -6.749038279120077, 36.51471749778366;
  -26.0882301557314, -7.043593920140998, 37.00227266648647;
  -28.05878782829342, -7.638634303350833, 39.9868519353254;
  -27.64877930355729, -5.339170775319082, 39.44255496102676;
  -27.23469984620681, -6.323373975885525, 38.93162250726276;
  -34.44009255178932, 1.125013016632563, 49.21021013137138;
  -26.33660866493691, -7.086174734180563, 37.98681802283556;
  -27.31906088019279, -7.974596732066543, 39.40458002813944;
  -25.43030429406982, -5.481396745917143, 36.8553718828706;
  -28.78019677338763, -5.593480625346909, 41.71132847704394;
  -24.75411664258089, -4.284971121662995, 36.13807392204527;
  -39.94762898034041, 0.3959037835652825, 58.23431401248691;
  -30.60014053192985, -6.087395113725682, 45.21999259662855;
  -32.92619946756673, -6.891123115739989, 48.66170489094601;
  -36.12868718800079, -6.755817255145412, 53.56190972000851;
  -27.61738583598605, 1.008211027939701, 41.1709544049728;
  -30.85509474142453, -7.646205713221196, 45.93490380064934;
  -34.11844138519433, -6.750976602165079, 51.01722609323313;
  -36.87570307634091, -6.94919621993252, 55.38587045860591;
  -32.26273299168091, -5.756441883800619, 48.61929642012147;
  -43.80545809755162, -8.309092434778274, 66.48102015698225;
  -37.22556439063803, -4.96976975640753, 56.51759802503609;
  -41.75498960841971, -6.832426379365284, 63.46991407365567;
  -37.39497574916791, -0.1104400314842074, 57.85280962006445;
  -34.73571441141588, 0.9178129432618744, 53.90971025222069;
  -43.31684903532237, -7.210567337455887, 67.42662724615947;
  -42.60819307164915, -8.227410336554819, 66.35960323371971;
  -41.86573608816157, -8.165910564449934, 66.07472312472336;
  -10.47529580050315, 1.372088739669004, 17.23723349077996;
  -50.47201398879869, -4.245887631570795, 80.2446606302081;
  -42.37047911966645, -4.604467288845313, 67.46208273699109;
  -43.4427882633048, -8.54367167191009, 69.42749839121225;
  -30.80415728263946, 1.293688853608895, 49.88602842915146;
  -24.75086433116509, 0.4510788945457216, 40.29144248641704;
  -45.24605989399736, -7.879754855148603, 72.94922856464541;
  -56.46355880715869, -13.95127372230503, 91.37515323878233;
  -64.72433649728532, -18.12371935921757, 104.9520118670017;
  -68.02489613450237, -18.48826002127406, 110.4852756679395;
  -63.70684097275925, -16.67249123661365, 104.5217859287669;
  -27.023867296337, 0.09776902788150316, 44.81626454425743;
  -13.89975312783398, 1.273618497726496, 23.45919613363423;
