m=[-6.153246736516414, 1.139737683181194, 7.374757921589049;
  -4.123440449023756, 1.280466662418344, 5.26986695070032;
  -6.274339196988913, 1.145838983418009, 7.650018616327467;
  -4.727484555743291, 1.258452034168227, 6.001671966671659;
  -6.558321861916769, 1.159360473515761, 8.056223792037256;
  -9.378019094675045, -1.148343134321524, 11.23021382992584;
  -9.973492733566488, -1.914497648356977, 11.8857050480581;
  -6.390875709252126, 1.173809316818875, 7.967315089799821;
  -9.982127048779189, -2.118799094494282, 12.07086840253586;
  -5.300658933557267, 1.222331594413429, 6.983145942473209;
  -9.158626218685551, -0.8447924911982542, 11.49333618372467;
  -6.892947946046716, 1.142220517346802, 8.877198451472236;
  -7.325946427828107, 1.133788389014021, 9.438742858781287;
  -6.782061698707356, 1.195904682904193, 8.987573349477502;
  -9.332229515214733, -1.042034541615089, 12.04578487987332;
  -4.364233231676867, 1.28014172709583, 6.086406273750908;
  -6.962579455341266, 1.174972394119703, 9.23442222464821;
  -5.55791080407693, 1.208419983460816, 7.539807082407247;
  -8.609907629039443, -2.530505421899396, 11.39682066158647;
  -3.738054497788641, 1.294457262956191, 5.452788023018163;
  -5.393872853065233, 1.216420164648289, 7.527055101694897;
  -4.241388796429171, 1.276713661002611, 6.094088498036795;
  -6.030314306431449, 1.219424487542587, 8.433950768672112;
  -9.190969317385697, -1.159571350829204, 12.4631802218097;
  -8.272750695724756, -2.419917314126912, 11.35939565970344;
  -5.617740681885198, 1.193979909859805, 8.023601919639772;
  -8.373873216026917, -2.525347722133257, 11.59487740160134;
  -8.842425833690054, -0.7523041545025399, 12.23858315156619;
  -8.594821816191859, -0.8321440690150235, 11.93292156759274;
  -8.210091339046603, -2.388345647384347, 11.40884740297713;
  -8.846293310867187, -0.8114451342076552, 12.28025327734908;
  -8.628813454115338, -1.177279211894905, 12.07633314206417;
  -8.600221969180282, -1.068499703577197, 12.06379296563787;
  -8.71633104472947, -0.7521059118129654, 12.23127384751106;
  -8.651815119460114, -2.404049604122013, 12.1273010905044;
  -8.526806923638228, -0.8767903007262323, 11.98879157386267;
  -8.405481360825586, -2.602590856739391, 11.81867781162222;
  -8.542876519294538, -2.60245244698062, 12.04908765865447;
  -8.5565071540136, -1.179573886911065, 12.13175493712576;
  -8.575059870629525, -0.9363385405783261, 12.17077579275302;
  -8.477620306832018, -0.9859398883889914, 12.04101923136506;
  -11.76347426174075, -2.713663097275828, 16.40970980750277;
  -13.63323934338806, -0.1839355796656394, 18.97045102155243;
  -8.395074640817025, -2.623599837625115, 11.97053434582734;
  -8.745009374191858, -1.094950603321424, 12.53748081994155;
  -5.840235239662037, 1.198408736100972, 8.669411349895109;
  -8.347604323577057, -2.43916716654206, 12.00742469013062;
  -8.313596181706307, -2.763600170094765, 11.97094772087504;
  -9.931260146451431, -1.947637818910156, 14.20056529980572;
  -8.295786866682423, -2.640699260609469, 12.00091382570287;
  -8.285935375170929, -2.494020206704149, 12.0138062928587;
  -5.094673665216446, 1.224745169696757, 7.752455506220099;
  -8.333749893777908, -2.324089647766738, 12.16365663395499;
  -8.64745412642624, -2.332338390995585, 12.60675450559917;
  -8.526370843356256, -2.446117257084721, 12.49920615894604;
  -11.25024974079311, -2.513928346963792, 16.24766104818313;
  -59.89619991411005, 1.356626017265182, 83.37042918597523;
  -4.567075581837806, 1.270508119548152, 7.120813954858618;
  -8.608062694367163, -2.324128208232169, 12.69720305551665;
  -10.74969305869142, -2.31879976053037, 15.8414439529573;
  -10.14763056422732, -2.262485851981749, 15.00927249587273;
  -8.658035799973927, -1.074358310831634, 13.01065537134655;
  -67.71048197311983, 1.022026750178679, 96.76331026679851;
  -16.95222666471738, -0.792795991287261, 25.03483535054897;
  -12.27683209897604, 1.209370475133259, 18.40124253020063;
  -8.757850636151042, -1.175810049849412, 13.3484198024861;
  -11.32882695668179, 1.275737755838787, 17.15236905585617;
  -8.625235628543742, 1.261561587535343, 13.34850758049809;
  -10.5276088168762, -1.806297808069204, 16.07188309306406;
  -9.89303156578098, -1.626654433569936, 15.15178129404015;
  -10.62180121845906, -2.38316467592062, 16.34399054161671;
  -8.758159380253003, -1.401318291584589, 13.67023776335497;
  -11.08118625996448, -3.136192522799548, 17.16513553994412;
  -9.059292655187067, -1.813943083709654, 14.26987104696642;
  -13.21131818062998, 1.188669280790052, 20.5515049481995;
  -4.688841038849011, 1.296093762730596, 7.80411879438216;
  -4.624891039556946, 1.299124005713661, 7.722210155921539;
  -5.863863570626311, 1.265170249719801, 9.595246732922165;
  -8.63304032149342, -1.559624750053504, 13.71388457204955;
  -9.262990600451154, -1.901251289770676, 14.69925170923287;
  -5.394376084632849, 1.23361628002148, 8.924780580026473;
  -8.690084342635714, -1.666371698104049, 13.9129613351966;
  -10.71023797043, 1.238736660069535, 17.03416911681479;
  -5.116912256769766, 1.28981215040389, 8.554895044823573;
  -8.651167099034783, -1.53517356989442, 13.91462220787033;
  -10.34264842401678, -3.005701098525945, 16.47544204002296;
  -8.489583144518758, -1.426539921144785, 13.79631717427874;
  -8.421529024885906, -1.482697485411778, 13.72613207754111;
  -9.020480334535769, -2.056359688959331, 14.7110636584693;
  -9.579624546440998, -2.588922955535499, 15.60325449327088;
  -9.372801245859032, -2.367518655332344, 15.34914567781382;
  -9.291624487232062, -2.497287517683302, 15.23139337729508;
  -10.86634435683721, 1.219236203942028, 17.82122958630354;
  -8.598812436823328, -1.802179213111597, 14.2771417145967;
  -13.31266472758703, 1.218941350014333, 21.76205099897114;
  -9.205773153600548, -1.985811925058925, 15.3763313306328;
  -5.261748687932601, 1.311677317803223, 9.154611784128056;
  -10.92772694824597, 1.258148757072175, 18.17559016601158;
  -9.397778390006307, -2.258305625875471, 15.75291967068358;
  -10.48722465623061, -1.309976837695471, 17.5175626752241;
  -22.54645833053629, 1.03775966796396, 36.85938183544133;
  -8.26592303247274, -1.803627223628349, 13.97136988090456;
  -8.921502212130458, -3.134993328703426, 15.0079225109776;
  -8.899153701290835, -2.053238830748904, 14.9966163883517;
  -6.738105587255367, 1.285909562498825, 11.61844257398792;
  -8.262201825144718, -2.725858909422095, 14.01598040579055;
  -9.815480703171879, -1.000851920927405, 16.59748547797764;
  -7.834312524949894, -1.672564986635954, 13.40500295112175;
  -12.95485003904392, -0.3577586564339208, 21.76366684461562;
  -8.485758660005295, -3.089785897462624, 14.49276534646519;
  -11.00397298202194, 1.264603486600204, 18.70398707847069;
  -9.531045325129037, 1.302458476751299, 16.30747471437086;
  -7.016572847809026, 1.295187772581126, 12.20766513313842;
  -10.59816379988395, -1.337351108665968, 18.00805411747525;
  -8.094615493266469, -2.369627781408637, 13.92980068757793;
  -8.100638072902726, -2.653987611746276, 13.94921519347488;
  -9.281316133236009, -1.473740912920666, 15.90089260772639;
  -8.265550003121533, -2.771964960757055, 14.22971690305671;
  -8.002234621490292, -1.75631648320093, 13.82135719267992;
  -9.87712240511781, -1.023744899908472, 16.94137691206049;
  -7.874378253200886, -2.428659189613404, 13.65886871529805;
  -9.236808632543623, -2.575792782347262, 15.92665872765626;
  -10.51409837946277, 1.267946493697761, 18.09710415952262;
  -7.83880011852678, -1.877759764986067, 13.67110843589352;
  -8.786057656535229, -3.494166955850975, 15.29001133830879;
  -12.79031787320909, -0.4964268424699649, 21.99705713294723;
  -9.306655819768857, -1.561681572897878, 16.19861594415145;
  -12.9281906405781, -0.4125721154276976, 22.23833828690123;
  -4.339986995313216, 1.297568794071995, 7.985486275025603;
  -9.094935881684686, -2.292937060861755, 15.85287110213651;
  -8.386163928419906, -2.476056757097679, 14.68359854157388;
  -8.817013560788691, -1.301777979980394, 15.425413053878;
