m=[-8.606627657685692, 2.599979698818064, 10.55645776297426;
  -12.51868302482323, 2.318778264248417, 15.003828183468;
  -11.23438401242848, 2.462504617872525, 13.60920428170375;
  -11.88300710417484, 2.394658796213008, 14.448193688513;
  -20.08613473900539, -3.855706195381753, 23.93723838188426;
  -12.60096034855205, 2.301225857028054, 15.36378226033574;
  -11.50304370610329, 2.464707626728759, 14.10073288265548;
  -19.12331176793262, -2.34165910225803, 22.90023917867294;
  -13.27985454950219, 2.347572867402932, 16.3129352948874;
  -20.15262008723119, -4.277580618224532, 24.36951802461971;
  -22.94271106396734, 2.177831855403458, 27.80428314285068;
  -8.337538190055689, 2.589085456911028, 10.65559634027908;
  -9.496640389716326, 2.527996924217052, 12.0562467698133;
  -13.04518811617587, 2.396003935462863, 16.26304889278594;
  -8.608651191619886, 2.557977778802889, 11.05051876098102;
  -8.299159034915261, 2.587945489757849, 10.72966915729159;
  -11.23794915704296, 2.412477124041457, 14.22809557204861;
  -10.33822592631645, 2.540991250872658, 13.17879822836659;
  -14.67047586231338, 2.370905528136979, 18.40295708580824;
  -12.37464765256572, 2.435267855776643, 15.67319790518589;
  -11.49662015604356, 2.400717004601144, 14.6360963448703;
  -18.49715292101245, -4.789011972987225, 23.0056626067339;
  -104.9078517717827, 2.05149094610212, 128.6964439305326;
  -117.2586262050481, 0.4673881887178966, 144.3903857420337;
  -17.29560800518183, 2.342182006271314, 22.04176831759578;
  -13.96204033021177, 2.31362967688416, 17.98124746754163;
  -9.088501576973625, 2.535300391149976, 12.01144632366376;
  -110.5924003656724, 1.473493970520946, 138.1116903894115;
  -7.811489675406446, 2.573052274994446, 10.58412004154623;
  -18.94177406830387, -2.115034014804492, 24.44952037430695;
  -19.16757047463497, 2.399546858666946, 25.06295446678734;
  -13.89532372297356, 2.45021107872567, 18.41405264696464;
  -14.03361601559847, 2.368247502777852, 18.61269037686977;
  -17.50974850047236, -5.146224027665133, 23.17742211499536;
  -34.07346007668, -1.42822014460056, 44.44491744776343;
  -11.19349640326545, 2.433728286639756, 15.18498702719964;
  -7.886972668379816, 2.655099192695737, 10.97506862711975;
  -10.94044308579159, 2.485925366533259, 14.89869623380353;
  -10.55244092634874, 2.503709964666955, 14.43159633089399;
  -9.983380675427815, 2.509163797349268, 13.73681827916274;
  -18.3517737207656, 2.610096016795965, 24.57476200933191;
  -17.8683210759858, -2.373206446826395, 23.99882146175557;
  -11.19288546125859, 2.404568891232529, 15.36655274806019;
  -8.323956341772496, 2.603829156150839, 11.69206881831575;
  -18.97593129691299, -1.255547527216584, 25.62234729424663;
  -17.6996763109066, 2.396301360130093, 23.97330700601267;
  -18.38527241945179, -2.319563305957228, 24.93088113755903;
  -17.7746750504776, -2.055976131536013, 24.15802914258905;
  -9.655670094849732, 2.592981737853284, 13.5604175094296;
  -18.5215428989801, -4.754990872754118, 25.22632463725891;
  -10.90982978485584, 2.46037259399571, 15.22447639715043;
  -11.54478615735176, 2.456167303788351, 16.06648538537576;
  -16.69975557564832, -4.884956545358388, 22.9305992627291;
  -8.173935945597796, 2.601569776845452, 11.6873105808446;
  -12.29760533422019, 2.486769398850223, 17.19933533991022;
  -17.36623801579145, -2.290424301133704, 23.94759605335526;
  -17.83207004459779, -5.603920219406779, 24.55038367613436;
  -19.07267824404927, -5.115928605468528, 26.26614475075181;
  -17.53575715401006, -2.213265592531373, 24.23260640033826;
  -16.64119761326254, -5.018563023594608, 23.04222205947711;
  -18.01510170054873, -1.532705629429386, 24.93425721548612;
  -16.5956775227075, -4.827743387974957, 23.06156467530533;
  -17.38162064315983, -1.682875205257388, 24.13238113461864;
  -8.823975865304144, 2.656132477427141, 12.67841558712484;
  -18.01861091177688, -1.652795542239264, 25.01308716847587;
  -17.55704854562424, -2.282156094206666, 24.4467287041628;
  -17.86195970043283, 2.46004513112481, 24.91871685068905;
  -17.41649753320998, -2.376234067279318, 24.37501140770068;
  -17.43602754583214, -4.844887984804044, 24.44018427936885;
  -11.66224359420275, 2.478662747867622, 16.65673184087781;
  -17.51753559978597, -2.176395174781556, 24.57238005034321;
  -7.502311710889994, 2.633593286106338, 11.02088330053581;
  -10.88102476489245, 2.509643241989168, 15.60276966978275;
  -17.58148945353809, -1.517053687913675, 24.6713910990546;
  -16.81167208702376, -1.728702333346954, 23.63741016589763;
  -16.99866053062165, -5.263298623205484, 23.90127149372727;
  -10.90208926610318, 2.434869794810974, 15.66996383352383;
  -17.72371885981314, -1.662543496410569, 24.93700010574649;
  -17.46200438365119, -5.781260523669785, 24.71029270230789;
  -17.36268934876755, -2.393567210745364, 24.61750904162882;
  -9.973262646439643, 2.565084695046893, 14.5154026024072;
  -17.06088329935661, -1.8629330652503, 24.21489629174446;
  -17.27455477395213, -2.009015736653628, 24.53556997342747;
  -16.95407420170847, -5.298428927173605, 24.17480918472274;
  -16.42571584278785, -4.891293908962479, 23.54695208473771;
  -113.0314684723712, 2.56011952543227, 157.3302154656839;
  -17.70350750334206, -2.216631840200983, 25.38103463032067;
  -134.3114915577629, 1.652340799764932, 187.1945149744479;
  -16.23235091139775, -5.395947404624791, 23.37335370881083;
  -16.94273809510122, -4.950662354248176, 24.37090257703527;
  -23.52413959363787, -5.157388864043961, 33.52520464703275;
  -17.39048511580334, -1.881761616405175, 25.14763474846717;
  -16.89024187915404, -5.376470003216707, 24.43388921924734;
  -9.287814475245003, 2.501241441645048, 13.85823220091673;
  -16.81894094286627, -5.06240715955462, 24.38584051042726;
  -22.82944417291436, -5.101361140776847, 32.97038549241865;
  -7.612797194927738, 2.597567438534162, 11.58114766838706;
  -17.35970370049084, -4.682153013478407, 25.30797153039933;
  -11.63750016437695, 2.388000019015139, 17.27503634173715;
  -17.19335867222067, -4.794829147714452, 25.09483893072757;
  -161.2830063132858, 0.07944107841106976, 228.8598125168514;
  -16.34456680658992, -4.689067325323606, 23.96026560977224;
  -11.38457627040051, 2.465194306997959, 16.97972841925034;
  -130.4293535279006, 1.968709783618813, 186.3932383220737;
  -17.16334462352027, -4.634005908581034, 25.31655257799771;
  -17.21334681722827, -4.219050180594672, 25.44395136666838;
  -7.10216209000599, 2.657066178384233, 11.00750306432772;
  -193.3059654537688, 1.293219545430708, 277.7755937709219;
  -8.251844631370242, 2.597403113523698, 12.67591909449956;
  -20.79306926049328, -4.48524099792227, 30.6420136371932;
  -18.16483840894329, -5.328604977679412, 26.94317517074044;
  -20.46956635883234, -4.563834285248846, 30.27635834863072;
  -10.45679860118, 2.5137848700154, 15.91188586751384;
  -17.80417356301379, -4.525733973128697, 26.49043344534409;
  -8.537928158937653, 2.538340048652714, 13.16469708991636;
  -6.607688674454539, 2.588307373278501, 10.40827048363128;
  -17.5174203603794, -2.173701585821759, 26.32388275694032;
  -17.10280593347527, -4.566533733627582, 25.70388088234897;
  -24.73692743424314, 2.43679390931662, 37.0771708450299;
  -9.288614723583491, 2.583986232371148, 14.48246173284975;
  -7.065564606531494, 2.657570707252006, 11.24761374857699;
  -17.65341712060269, -2.370109531088187, 26.90674144424128;
  -21.04382150865228, -3.610640300724726, 32.12636839015097;
  -19.57758122284898, -3.219029382750061, 29.98425982799315;
  -10.39107034130739, 2.484276735428179, 16.33746948157846;
  -39.71860637145668, -0.4480353448388114, 60.09677564642225;
  -8.356371939641358, 2.521888429260255, 13.3138877891171;
  -21.84937512759666, -4.958571479557716, 33.53346253135581;
  -17.64350971961762, 2.580610558384723, 27.30528571990689;
  -21.27772343991618, -4.773984924317088, 32.74048379334833;
  -21.67416459492176, -3.813389131187806, 33.40007876535196;
  -22.27979715180143, -5.455586958986955, 34.3750234184376;
