m=[-10.82497659281218, 2.828969239472961, 12.92464239602959;
  -10.01163575589098, 2.860319843649668, 12.03278820340988;
  -11.00147885647478, 2.824314401184151, 13.314925347772;
  -13.28805101740704, 2.792807974599533, 16.14826089999729;
  -12.22986695936815, 2.740975939087192, 15.00630501254472;
  -10.12281995218799, 2.884274092563261, 12.57410993895054;
  -26.7316079359531, -6.438144395070026, 31.84529551611395;
  -38.39039005787527, -3.216267578234191, 45.67813693071739;
  -29.59855894882074, -5.900117768234508, 35.45238130972886;
  -26.85465929400988, -4.175701130988037, 32.25154321326577;
  -46.71105726285253, -0.3020386823620347, 55.56161131880668;
  -26.86609030001407, -4.369527132871033, 32.3312547521564;
  -11.94638930129218, 2.951906724536069, 14.86213359551473;
  -27.82582982481817, -5.853714807194359, 33.49363682644695;
  -36.42802793163749, -3.439598445989421, 43.63196386553926;
  -27.7235291261085, -4.07396958196864, 33.42776751769785;
  -26.48741588449026, -6.768516944361023, 32.02810549435351;
  -20.9101999211861, 2.722045285857768, 25.51296933100902;
  -34.76155374905248, -3.43888923744375, 41.86420165572997;
  -14.12968168620208, 2.759336864265388, 17.55455295291008;
  -36.22383796070771, -3.185108148725789, 43.67232061553614;
  -26.62765202472072, -4.298836292088725, 32.33790935268532;
  -30.63804749043982, -6.451276359588845, 37.16926915957323;
  -36.52397989832436, -3.36839909071022, 44.18867635296827;
  -26.17636024344261, -3.905146789755818, 31.91263627269651;
  -11.69954440130553, 2.764375013635462, 14.74110512732718;
  -11.45784252010039, 2.885431939549893, 14.45963813541992;
  -16.71177796698353, 2.789546423834093, 20.71120975770195;
  -35.21477246606968, -3.437992989527463, 42.76308504690844;
  -25.82308837552729, -4.010862278237853, 31.58876991045318;
  -29.34119255372258, -3.455768262908496, 35.78866564717212;
  -13.9830354737104, 2.81503611538867, 17.5169378827249;
  -25.67056574068485, -5.80726562461063, 31.44333633003575;
  -26.11453613825884, -6.412145670019617, 31.96926084905748;
  -40.65292632736513, -2.688563907666648, 49.36297163099064;
  -29.28966592478871, -5.729121047043966, 35.78674909548337;
  -28.4042609808436, -3.155825933891469, 34.8085018960407;
  -9.96702933803647, 2.885914846357966, 12.78056413268559;
  -45.82922659935402, -0.2213187286488028, 55.72796526293774;
  -38.24429305431065, -1.967092000951522, 46.64170744314109;
  -27.94627656738818, -6.516858787034477, 34.29936835789722;
  -26.62481978399424, -4.095407220669157, 32.85278066288396;
  -28.19163995482161, 2.766176324453617, 34.76269891021855;
  -27.90562903804296, -3.912774179823048, 34.46491932902018;
  -32.73841345855342, 2.854133916439503, 40.3394763712783;
  -36.33709814295676, -2.750028608896477, 44.67015716431015;
  -32.31873833847645, -3.251521632185448, 39.8550861926373;
  -29.82709435882502, -5.387217947022339, 36.86558628961872;
  -29.84480229526463, 2.888707425266357, 36.94921104338948;
  -10.46710337266888, 2.868222065050735, 13.51306063057353;
  -30.86285276244878, -5.803497111795502, 38.18822731197815;
  -11.33885930451274, 2.850308441445622, 14.57796255400274;
  -46.27995756991444, -0.3732575673864758, 57.00911278533946;
  -30.92821340416971, -4.15285609686191, 38.37432422843996;
  -30.37992557626084, -5.9528102113866, 37.75185357820615;
  -27.56234638827151, -7.379549323899651, 34.34087864697824;
  -41.00877418510553, -1.091805069515309, 50.82445204901831;
  -37.92224350664263, -3.47573103489573, 47.10361676156496;
  -40.22198501996633, -1.536739599857206, 49.95463849027341;
  -37.28148309238588, -2.323005036804557, 46.44202902850946;
  -28.04403902226071, -4.255280195855878, 35.15023280309622;
  -29.36269095095416, -6.360395856002899, 36.79327652275448;
  -35.83708296851286, 2.74670425234429, 44.75895550441423;
  -42.55258360447177, -1.286482035778665, 53.01704411818983;
  -38.27499027403305, -4.031300758235203, 47.77021017197603;
  -34.76597578062985, -3.833766723362429, 43.58449037839598;
  -31.55345649678707, -5.976425578839715, 39.63078298073121;
  -14.67619991968654, 2.749770499616363, 18.91657430932268;
  -14.52063468989085, 2.845104439188912, 18.7270399357411;
  -39.2170784364228, -3.226634945067984, 49.24210326375657;
  -31.96727482416379, -7.926882423056393, 40.38644164770535;
  -34.99104981967675, 3.159002138445319, 44.21414838750477;
  -39.02033413943088, -3.420718296867912, 49.19579767045706;
  -30.00693661601069, -5.510633315446994, 38.02094819833208;
  -28.74671083966237, -4.825652892145485, 36.47019805416451;
  -31.24708048654009, -3.691941823715412, 39.63357173652342;
  -29.79836251826029, -6.001812618920398, 37.86291950791954;
  -30.73858818874638, -4.121211770150792, 39.05589436580591;
  -29.54161219660058, -7.432172916898161, 37.57216766396552;
  -28.50653638193461, -8.331492877270836, 36.2867664963552;
  -31.65447229832497, -4.621042129201529, 40.21885306664501;
  -10.01729761446086, 2.922594284362648, 13.30906728932406;
  -11.92485053262595, 2.864247476546264, 15.68584807228023;
  -34.23758738021522, -4.211985367730587, 43.45690658577496;
  -34.8107356356085, -5.338567386014006, 44.26413613108855;
  -27.47500438207197, -5.557110215908966, 35.11631245570063;
  -30.87858031310065, -5.599266493867396, 39.42815727792884;
  -12.93473117244128, 2.719318412349791, 17.06295666864235;
  -28.27284227548833, -8.590351537174641, 36.28322973392106;
  -43.50548619164299, -3.653189589030158, 55.42548630698448;
  -26.08137420451534, -8.116943156799733, 33.5714792492186;
  -39.31289455093843, 3.193485710357404, 50.20261124859083;
  -34.72536322481539, -8.282158807014836, 44.46479985844142;
  -14.2553576879736, 2.921245941099526, 18.79034488617478;
  -42.20950222675131, -3.395912380456301, 54.17508207236622;
  -33.06161794562881, -3.835401047990109, 42.62912833667325;
  -35.4059032150805, -5.557518892578638, 45.64240416302435;
  -29.36763366681787, -6.299503552993625, 38.02320763556753;
  -27.56200019640388, -8.137043001805266, 35.79850734173072;
  -32.45226805954913, -4.186582734591687, 42.07515663894033;
  -26.87065434203255, -8.227595337829973, 34.97749011646305;
  -32.46371066318782, -5.236495685465219, 42.12127369691234;
  -38.12262157300038, -8.676843566190534, 49.39208320127645;
  -33.35632953488467, 3.138969830390759, 43.39170575918043;
  -28.36391933571809, -5.66142243268485, 37.03612622378457;
  -88.67981673772501, -3.85100456039695, 114.2210411553427;
  -38.30873247053683, -9.042799634047348, 49.9156970671683;
  -27.85179205431036, -7.981212170819958, 36.52033403079343;
  -31.55610978224648, -3.936877223430521, 41.29196808303269;
  -51.26245926488212, -1.107103348291462, 66.67555765319986;
  -31.63474368958866, -4.109824803762517, 41.60401051246591;
  -12.41246095926731, 2.946559924678626, 16.87207477136091;
  -70.60282339029206, -2.418371238662633, 92.07551940225852;
  -13.29042582388945, 2.908437514608504, 18.02022249243986;
  -12.74577709936304, 2.900435971477756, 17.31956886221034;
  -32.90519835911992, -5.453743372177073, 43.43142575001508;
  -32.93792639840002, -4.940849044727383, 43.4996658909598;
  -30.76316554374951, -4.304950489611095, 40.72429718686159;
  -37.14051827260786, -8.548543878700894, 48.99594163836768;
  -17.01315745990483, 2.878383179628715, 22.95320544735181;
  -14.76506020769349, 2.930508611309849, 20.04098207606779;
  -18.10763269138488, 2.916146725535126, 24.41904686480066;
  -37.95380933922046, 3.169404842655103, 50.28813397353825;
  -30.62147494019765, -5.68668444252504, 40.79355663853876;
  -38.87331788265456, -9.20321364615104, 51.61054595490466;
  -92.10725579842588, -4.179590904606721, 121.2630342584588;
  -33.35552821075149, -5.719329963566682, 44.4556291455995;
  -32.79564358929529, -5.877211136292991, 43.8214775320246;
  -15.63215622442218, 2.905398411214147, 21.3425673047675;
  -29.80030015624764, 3.050371121097119, 40.06591933911726;
  -13.30435454024173, 2.907393387170437, 18.35826967230835;
  -55.25771236818478, 3.284107241529118, 73.65780324586402;
