m=[-7.176873302412782, 1.692010743699219, 9.427683161341598;
  -6.352976798416058, 1.736191084687102, 8.499524270922588;
  -6.258348255664544, 1.758454762083976, 8.484835381987546;
  -8.416124564929543, 1.564546891207919, 11.09258324713848;
  -6.605352854365588, 1.712415263120597, 8.91847850264522;
  -9.238415930147623, 1.461031032464922, 12.09528345696347;
  -6.773153691267543, 1.690845164516958, 9.15851485665624;
  -6.103206268909037, 1.760562208884038, 8.378098883869829;
  -9.12485220096506, 1.48665256327458, 12.07522959106186;
  -6.623677549385675, 1.731837567257821, 9.034670066904699;
  -7.932877632680676, 1.60648218514421, 10.63147513755282;
  -8.617186377425131, 1.540169260037616, 11.68044924747635;
  -6.945624076549451, 1.687996131407092, 9.650053329383908;
  -7.587804651179195, 1.620728776690952, 10.45909473870383;
  -6.177393464919512, 1.784108236294294, 8.70219961021583;
  -9.277353477695579, 1.504833957609268, 12.61803540488446;
  -6.563344487994407, 1.699276171174904, 9.227351826400936;
  -16.76513291803272, 0.3370828105273521, 22.18456825883378;
  -6.921449986602037, 1.681427725420765, 9.797362408268331;
  -6.680339448433316, 1.689179522754604, 9.519636437355144;
  -6.991454854123378, 1.655792306678111, 9.925903087651074;
  -7.975064283666307, 1.61307896579989, 11.18617780932463;
  -6.601576469335407, 1.746137532439873, 9.450371421123231;
  -8.550872487501392, 1.512586267029215, 12.02809612628557;
  -6.48262574882767, 1.66746283956132, 9.414818152897155;
  -6.071660659887801, 1.744653042674545, 8.898116579714094;
  -5.370647218526216, 1.850353024815071, 8.073320234070799;
  -9.475695690287612, -3.056440252297215, 13.57691688851396;
  -5.893280295146824, 1.817552182539375, 8.81781831741357;
  -5.455535624659508, 1.828899495981972, 8.292918974066975;
  -12.17323008469604, 1.30933632706062, 17.30499172222494;
  -5.737029030593071, 1.797308500470115, 8.72331838036046;
  -6.229429621481761, 1.756926565168387, 9.397045783282064;
  -8.267752221190692, 1.597818267331346, 12.16154880368018;
  -9.006303547604992, -2.145382090409145, 13.20253335447693;
  -5.770487703609565, 1.784511325045576, 8.867509528813677;
  -5.39941096038557, 1.871614028740256, 8.388689105132976;
  -8.986915503274233, -2.199802525144716, 13.39237643781441;
  -5.529838364252218, 1.819331454152929, 8.609136661034045;
  -8.714584259940216, 1.536053590645238, 13.02166617615641;
  -5.857628395694032, 1.779559988571887, 9.083700269259216;
  -9.622732961017315, 1.502812028257788, 14.29629229931313;
  -8.932927819988088, 1.556588954834753, 13.35142498730889;
  -6.623383739554854, 1.685532344288459, 10.20249080946025;
  -9.392346084101748, -1.894859502393947, 14.22634475003028;
  -12.15142905025359, 0.1654686762013328, 18.24433845058316;
  -8.707852783367416, 1.601393315390983, 13.3511028903171;
  -6.553633809564577, 1.670455541006119, 10.31588685149137;
  -6.471483203846061, 1.6928084030839, 10.21639185275046;
  -11.89292467713414, 1.156337750224735, 18.13357731321716;
  -6.100371030357675, 1.729532472760492, 9.786951532982101;
  -8.203246101917983, 1.597920297767986, 12.83992669467295;
  -8.665113167343415, -1.605953375488955, 13.56289632786094;
  -5.703531753501032, 1.765250958948225, 9.366261912035169;
  -6.906418430026556, 1.70529856582523, 11.25624852660493;
  -6.837529075228167, 1.742562246789031, 11.17748269880633;
  -5.40131550833041, 1.81593377869249, 9.061421009043524;
  -6.232670544507181, 1.706002202243049, 10.36397749103955;
  -11.88067909615871, 0.02484739113563779, 18.88465382064806;
  -8.464907262439427, -1.109255201578296, 13.76023705566483;
  -8.644238734306436, -1.727387723442361, 14.07845086022921;
  -8.588964315196678, -1.576232505867374, 14.01119128733792;
  -6.00046238404964, 1.728237240091101, 10.06991335076839;
  -10.92297032600831, 1.38787567655252, 17.55451847968125;
  -11.80946655287309, -0.1202818484679421, 18.94934074992587;
  -11.51399537351573, -0.07040455652730378, 18.62600253556566;
  -8.348165032558363, -1.49835407430333, 13.79895275256571;
  -11.58041965082001, 1.21984575117788, 18.81790971548616;
  -8.756728192306539, -2.150871792376383, 14.53944716101034;
  -8.548079684614601, 1.602403481552647, 14.19501167413843;
  -8.129696658344628, 1.614360199814795, 13.57103105928083;
  -6.719910694229133, 1.746773296204024, 11.43521408336641;
  -10.08964710170495, 1.435737945982506, 16.69293195523459;
  -9.481594177578003, 1.516072971963459, 15.7739416672963;
  -6.233850608671803, 1.709573659172319, 10.69960591149083;
  -8.582212501463076, 1.574632236688608, 14.57674340889768;
  -9.801774926206289, 1.41602932734443, 16.51696052670634;
  -6.836349984447306, 1.697749517034668, 11.8621327854473;
  -10.09414687039502, 1.383669478531592, 17.06768579495284;
  -6.636510679266504, 1.749056886248339, 11.55921212165373;
  -8.390753813962796, -1.984080099455529, 14.42424990147424;
  -9.255915745490059, 1.559566023764011, 15.80975307546731;
  -5.795245258308907, 1.692756007210143, 10.28726620132247;
  -10.77799819988559, 1.39778950947163, 18.31064834531827;
  -10.86457597827744, 1.294816194626268, 18.46375502860095;
  -5.82769905327912, 1.778515480472112, 10.444452600409;
  -5.66706557255742, 1.787899741956855, 10.22048475761138;
  -6.058421994378002, 1.736707568651821, 10.92137505976238;
  -7.859038667929802, 1.683494131545318, 13.88892372615905;
  -7.951047448414029, 1.63626059979889, 14.06337237838036;
  -9.714175213740779, 1.433964165105677, 16.99853157942258;
  -5.816817637662815, 1.758280768103809, 10.59096854678371;
  -7.832666188452013, -2.160653018672936, 14.00718341832839;
  -7.808826831577374, 1.660753343834656, 14.01242003308632;
  -10.5094958136746, 1.357714742397159, 18.53939455176434;
  -5.799789653105936, 1.737294184786336, 10.66861705874006;
  -7.475378548493383, 1.6748069624857, 13.49323467238359;
  -8.192408518984058, 1.702629645428869, 14.77160917116153;
  -8.876078948703714, 1.603399642746475, 15.93758393496315;
  -7.367122773322584, -1.861087304597962, 13.46991672639673;
  -8.538622552923489, 1.62530674405605, 15.47619453366794;
  -4.920821134994052, 1.922162845400091, 9.395733443465732;
  -7.373934571487527, -2.072993003001045, 13.68679464822032;
  -6.497848180924231, 1.730199829270844, 12.15061838575025;
  -9.706428874248433, 1.494168181722048, 17.71388827616245;
  -7.282417066137906, -1.574222847331862, 13.62730592149311;
  -7.804580070770324, -1.125570232014814, 14.5701150434652;
  -7.419257676189852, -2.183285528272101, 13.91431729106768;
  -8.115673871613922, -1.447593579291491, 15.17731701269996;
  -8.040237172629565, -1.238320660605902, 15.06692231242563;
  -6.265286312313046, 1.754998070437375, 11.98003996211745;
  -7.264401255260458, -1.609817887218799, 13.79622955577218;
  -7.356756344176352, -1.437772895413223, 13.96308840512073;
  -7.149020067526812, 1.709976860163883, 13.57494385081058;
  -7.997370917082979, -1.240723759423843, 15.11175332754937;
  -7.485211994039053, 1.675334458617464, 14.21527581536229;
  -7.627374142151226, -2.094750904438379, 14.49812627272906;
  -5.212258189915685, 1.816556094119322, 10.21010120053708;
  -8.519887818798773, 1.621667659855344, 16.08287766904381;
  -7.507051911601059, -1.825692251810119, 14.33801329611823;
  -6.190651671886897, 1.760113904936008, 12.02903115244508;
  -6.090294547909296, 1.78627932406925, 11.86117270733917;
  -7.307421609473127, -2.171247499782865, 14.09166097522494;
  -7.327326968369124, -1.551667094096046, 14.12418585469134;
  -7.16873361522461, -1.926802430729026, 13.84249700085912;
  -6.878309309357475, 1.71017717933815, 13.39635131748405;
  -7.230889182523568, -1.747032493257223, 14.06287188182813;
  -7.289676886805795, 1.695277344805956, 14.16564819397956;
  -9.776980666528223, 1.505917191889861, 18.67115186832859;
  -5.990548037219234, 1.758061763988993, 11.84607366814181;
  -6.780487583635933, 1.734163912374755, 13.33444307731539;
  -4.71161614141053, 1.864523529804433, 9.572185991112228;
  -4.769966738234723, 1.930231457192514, 9.691776760182117;
