m=[-4.233235156086626, 1.103275579736496, 5.4348814663869;
  -4.11253977337862, 1.105701448350478, 5.366930456275568;
  -6.189600670201433, 0.9691837379376267, 7.921368600276743;
  -4.652118622317394, 1.047973635583827, 6.174197452557172;
  -3.640909513912921, 1.131160864743815, 5.182019131594246;
  -5.480818023570606, 0.9990594679302024, 7.450367486307954;
  -5.639747759341699, 0.9954413361927884, 7.643554040807346;
  -9.897355643701287, 0.7815257438963582, 13.00513399231762;
  -5.10978617115544, 1.002243094392253, 7.124723003678279;
  -3.501167650862951, 1.135420236705239, 5.177318958368124;
  -7.563022229574851, -1.290347298089318, 10.31879551055197;
  -4.531533279530981, 1.011193064357754, 6.623661888518595;
  -8.269199745708072, -2.001289098913489, 11.47919541116244;
  -8.316064242000785, -2.112359940717684, 11.59569686539345;
  -7.143556515730185, 0.9596908705240186, 10.18888553295353;
  -8.165157068572444, -2.171000798303503, 11.52752767443341;
  -4.282778813535019, 1.124277563238497, 6.493715394861544;
  -7.788990959124758, -1.152048247175146, 11.20182952873907;
  -4.520797656459814, 1.073467339632573, 6.855929413940039;
  -9.326282569737256, 0.8580895429575793, 13.27707867097822;
  -7.328533903056386, -2.435503489150524, 10.68557128831275;
  -40.39562799654584, -0.130039218979268, 55.30273326857532;
  -7.658611150009637, -0.9862559360807495, 11.19807543326753;
  -4.525220014746378, 1.081957524922718, 6.967586057901897;
  -40.24649345091572, -0.5296047869486223, 55.51504809078059;
  -9.069564873033484, 0.8996521083697862, 13.2475440115084;
  -4.556477118266696, 1.058852068673762, 7.16029468630882;
  -7.647644406145498, 0.9652146063878102, 11.51094351310167;
  -7.573698008241528, -1.139765273958276, 11.45838827202358;
  -9.019253145218988, 0.9196118849780954, 13.52161683842957;
  -4.5719005910899, 1.08122524337259, 7.277285092849639;
  -3.846990518042023, 1.110936233678744, 6.263401573298939;
  -6.76597145978101, -2.45299711012888, 10.75376110546743;
  -6.788411335539589, -2.337946629467695, 10.85709952892426;
  -3.794511382826981, 1.106440532187346, 6.438628510422812;
  -4.10688166306665, 1.100340549972192, 6.987402589536321;
  -6.803860145131888, -1.200409673090387, 11.0539215957262;
  -6.6307569243164, -2.451051853110043, 10.85798167831895;
  -7.049353014247528, -0.851559975968978, 11.52330804503063;
  -4.445911365549516, 1.077245178366991, 7.590752658226759;
  -7.024857507881666, -0.9008446842713499, 11.52395750675965;
  -4.367567220398277, 1.111435169688776, 7.517397652265866;
  -7.044279607167282, -1.285177308089099, 11.65155095999766;
  -6.757489942061109, -0.9624805718604588, 11.22432099564956;
  -3.436534571325115, 1.164834819080998, 6.110667719137343;
  -6.84936872261954, -1.266912371512728, 11.49883020569967;
  -6.643095870545926, -2.274611788449915, 11.17045285461193;
  -3.774874775057525, 1.109670054507889, 6.706396516398498;
  -6.50253899825372, -2.459204931563695, 11.03848822945725;
  -7.109023478756771, 1.001002348864846, 12.05982724963114;
  -6.779523962889562, -1.154654215084092, 11.55098689881121;
  -6.63599555349909, -2.467553029733999, 11.33124419236577;
  -6.464681697008055, 0.9909246296008099, 11.13260227024714;
  -7.814225709075532, -1.993672436221015, 13.40093146002416;
  -4.254389522051614, 1.100532855750526, 7.671847923552894;
  -6.742573235704946, -2.330632655852978, 11.72879750093639;
  -6.699383503724855, -2.456675584015815, 11.72013293786385;
  -3.340206118445656, 1.160700943360021, 6.28048798201743;
  -4.110243026311913, 1.090388420455771, 7.554776577915072;
  -6.752937116819652, -2.262824747480184, 11.9279606093383;
  -6.890633453568214, -2.388420646238807, 12.15072912840169;
  -8.497593887009691, -2.53256955001876, 14.81437294376205;
  -7.501204280545104, -1.454359070650023, 13.17844055411378;
  -4.291763219964236, 1.107135269485619, 7.897536826373689;
  -2.995744263840877, 1.169277995944198, 5.759867531176793;
  -6.779917717593492, 1.040737472563003, 12.0814034970106;
  -6.82318079469712, -1.164944456560282, 12.28933344691515;
  -2.88264448734747, 1.165849766139292, 5.66789079991104;
  -3.456531583725627, 1.130953264883241, 6.647618966218921;
  -8.809896245232924, -2.465335573807783, 15.7346521042129;
  -3.334765572429081, 1.163709102119854, 6.488449343336637;
  -4.282078135444726, 1.134798865366127, 8.161876542023457;
  -7.044977866112438, -1.294951996479449, 12.91943865407998;
  -3.306509355215876, 1.16017427010939, 6.545689087106349;
  -9.236422612295346, -2.881997366881293, 16.88383160929959;
  -6.845618261785845, 1.070912172427233, 12.73029202686126;
  -9.446402582044716, 0.9326127972284153, 17.27805237509313;
  -6.954465065431121, -1.31632856194878, 12.95692319790557;
  -6.485858583661591, 1.094785932384712, 12.14888227004144;
  -4.717499134415351, 1.152103169733318, 9.088646954403528;
  -3.252052191459129, 1.154764152815468, 6.528865622673705;
  -6.866435452323582, -1.366830186119189, 12.91198553674689;
  -15.45133041774108, 0.5212154298796645, 28.34319048075421;
  -6.829614716787662, -1.405080274491226, 13.06446466258634;
  -6.367567952186421, 1.081657831227447, 12.24384157053098;
  -4.635959155030047, 1.10896554772963, 9.142401555631137;
  -7.152362363002419, -1.905878976633388, 13.6913784274329;
  -6.520655087801426, -1.577185746056731, 12.56398489820582;
  -9.807812507845522, 0.9340215200062483, 18.55174351050254;
  -7.033511468922146, -1.919546551055069, 13.60479608041241;
  -6.792135805688957, -1.692459342557807, 13.1899506972331;
  -6.082300862486492, 1.09865941156457, 11.95101143796644;
  -6.62580829277298, -1.582116416132293, 12.96317078954459;
  -10.1619622601132, 0.9058307056926123, 19.48977718741715;
  -3.0062036632734, 1.218129427741105, 6.324860703910931;
  -7.419589493743665, -2.381189752201642, 14.51667735260785;
  -9.589398637470692, 0.9194978974517504, 18.57643144221274;
  -6.516865677679596, -1.545255905648629, 12.93259288260858;
  -2.686407720410523, 1.228254721873028, 5.798815341914071;
  -6.461086081070087, -1.950960325254049, 12.89836255420861;
  -3.702472928363097, 1.186947976589444, 7.737587424726422;
  -6.790161200637415, -2.117620796641042, 13.59833210750098;
  -2.914404689389256, 1.193881701549289, 6.300684362292756;
  -2.708051853558724, 1.259009909264029, 5.914726594475375;
  -6.915941878947003, -2.444242963171174, 13.9276887184919;
  -2.678554002496605, 1.288080901276146, 5.879362611774948;
  -2.921750553743701, 1.226414736128463, 6.360753491591376;
  -6.75595353520517, -1.90076309363272, 13.74468678965656;
  -4.002690668125559, 1.172524585348294, 8.491981746600063;
  -10.37429328690099, -1.05374023882512, 20.78975042215797;
  -8.529794785157813, 0.9986144856160767, 17.26065474853106;
  -3.362524317810219, 1.198282335050367, 7.280087669173363;
  -3.370141592967493, 1.160938081937977, 7.300533209648603;
  -7.02813617461783, -1.124994219200423, 14.42933246095518;
  -3.236483097561313, 1.194818881044791, 7.07618246453921;
  -9.911651708223419, 0.9095184391653157, 20.17194433004717;
  -6.480425370817113, -1.901855871826157, 13.44384104731639;
  -2.533100510680923, 1.31428713777738, 5.728283387377447;
  -6.801731609042928, -2.165868883164642, 14.07528747622878;
  -2.91048007391796, 1.253496564059786, 6.475254164822625;
  -2.975233637314937, 1.242170415572381, 6.628697572041863;
  -7.633150121327345, -1.337571678065914, 15.80623381397717;
  -17.26157821728542, 0.5950164436470929, 34.95566753932181;
  -7.04414187364107, -1.483836452867321, 14.73101197669605;
  -7.441743439126414, -2.690957901149699, 15.57104352203117;
  -9.470495099618303, 0.8841213938442044, 19.62967587269672;
  -11.24201151440678, 0.8624028732376075, 23.19865526364033;
  -7.854631646678969, 1.039374633144466, 16.45128184012607;
  -2.592272972583928, 1.293142823892348, 5.942789214473116;
  -6.160895757899024, -2.394550707528994, 13.06398978683576;
  -6.088118724665882, -1.795156113584978, 12.93855600652378;
  -21.61015695548888, 0.1904839154379541, 44.05914156184709;
