m=[-13.82193892233542, 1.476317414484957, 16.66202616912568;
  -6.71478170532602, 1.949994089902968, 8.66178757542037;
  -7.069753082707659, 1.845134896009125, 9.07074291628401;
  -12.37158750709492, 1.553944833027905, 15.15196590750306;
  -10.98408362902528, 1.642950891863434, 13.66693188535105;
  -7.587176941768509, 1.829316100711279, 9.798215929371178;
  -7.377033664774771, 1.867329990442831, 9.591542037732701;
  -6.906399517332772, 1.916691828049472, 9.041461763156702;
  -7.776602082079754, 1.828515433027931, 10.06009863570816;
  -11.43344335008414, 1.532950020465935, 14.45388658698334;
  -49.0257202571884, -3.02292485404601, 59.15388324595459;
  -7.784400347619161, 1.792020692368346, 10.21345595056352;
  -7.649144950069111, 1.833897793207626, 10.06364846191685;
  -48.04837178012486, -2.70645159174306, 58.11513417988785;
  -51.0170633832052, -4.171259590782969, 61.67754364349786;
  -49.63453368293562, -3.457101710904023, 60.51877440442096;
  -6.910285199494177, 1.884942396602588, 9.264552702393313;
  -8.957384128859472, 1.764322170815398, 11.76004796394112;
  -6.856305726226942, 1.823803484151994, 9.243882473397651;
  -6.715019347913396, 1.939500662164757, 9.098993925408713;
  -51.13568026109487, -3.863932260456705, 62.90201041973428;
  -7.180805116263, 1.867281084221713, 9.706210149052415;
  -49.89863124264038, -4.261155809405698, 61.73917542231892;
  -48.02359533750104, -4.941926406734937, 59.61801413496254;
  -7.507263613831007, 1.781119583796369, 10.17005705130639;
  -45.97273786976395, -3.132786106783191, 57.57649017935744;
  -8.281975077923804, 1.759709366802008, 11.18402682530536;
  -48.88933131888606, -3.76262695695695, 61.28156944186117;
  -12.07202432941658, 1.530404226570029, 15.89734726757752;
  -6.579339503952935, 1.936310674679445, 9.170191284923311;
  -6.973514406245319, 1.921914197095783, 9.679948610616306;
  -6.558182799928447, 1.909413061588008, 9.159703393928778;
  -8.904113520178635, 1.757689504669853, 12.10280077069677;
  -8.144028827411423, 1.828945756571643, 11.1678832261306;
  -47.25011130834525, -5.056817506420249, 60.53670737034997;
  -6.631922175077699, 1.924462932750416, 9.341759760038203;
  -20.88493854423185, 0.3131573493259768, 27.92573826547836;
  -6.882683019925357, 1.824799965046759, 9.860497390438381;
  -6.946717952305957, 1.896489226814368, 9.973960912901788;
  -7.95681130906727, 1.860565057783675, 11.4023730812552;
  -8.237998316432666, 1.769676530939243, 11.79591423324479;
  -64.60985991859542, -2.348136501967702, 85.96953815416936;
  -6.046936509801442, 2.032269364713445, 8.947791294668859;
  -8.675491049969331, 1.79370324744003, 12.42540036536389;
  -7.478368768685679, 1.826189677863466, 10.89856138704921;
  -6.538793346214414, 1.962800199951682, 9.678228721968409;
  -7.426032289145644, 1.876654107785667, 10.90214882424004;
  -6.339998211885154, 1.964873339870857, 9.511168272315411;
  -6.489662980449482, 1.947360651268013, 9.7217242595198;
  -6.681474202280297, 1.900919442005828, 10.05866859951869;
  -8.179379182434174, 1.787931424575758, 12.21499968977172;
  -5.762139372935627, 1.989682236364087, 8.901105610897421;
  -64.76750506020962, -2.280427919467099, 90.8176658870613;
  -7.911219172608922, 1.814903184715714, 12.17376211978108;
  -8.419020144434226, 1.75121080890062, 12.97681248120829;
  -6.097515954326372, 2.01087769830466, 9.709829023355869;
  -6.330354499638055, 1.890428937175673, 10.09016801825278;
  -42.73745883490237, 0.6523757097194555, 62.81931984395609;
  -5.678374327381684, 2.036752680473354, 9.239789702085758;
  -6.288054279325245, 1.944566127761465, 10.20621962322046;
  -6.621416065366804, 1.924632116643324, 10.70478521849807;
  -7.720367116149067, 1.848818457577789, 12.34336748721689;
  -8.1613470060142, 1.789149144840341, 13.14317351054416;
  -7.57941962790868, 1.811464507436508, 12.27078996422669;
  -6.656875141151442, 1.90757434776565, 10.9856780132161;
  -7.629338277917073, 1.818618945011382, 12.56860874287395;
  -6.509499820171015, 1.925709503037579, 10.86411654486429;
  -7.766264783676738, 1.820621020182426, 12.86136491577193;
  -7.525239089991744, 1.856598704779226, 12.5676328723208;
  -6.10559883014924, 1.95370592593762, 10.39065932646309;
  -7.652751345956044, 1.850090604480888, 12.84978819891565;
  -9.673059399492713, 1.643514006009114, 15.99327423728792;
  -6.329169909106865, 1.932484540338535, 10.86249772297274;
  -5.99657376141849, 1.950494740530988, 10.37638050703741;
  -7.541758314713212, 1.90341257372782, 12.81629932351327;
  -14.74216174526387, -0.2151070308575127, 24.18527471871308;
  -9.271074483772184, 1.664961668711631, 15.61858784566636;
  -6.114444463104023, 1.914232204750991, 10.64282971267714;
  -5.997180410425507, 2.032264556106668, 10.466499869033;
  -8.276020667945844, 1.732390361327657, 14.08370306152177;
  -5.174766128763617, 2.037371046393238, 9.165684653913866;
  -8.052908410283788, 1.811827647693436, 13.8168026051259;
  -14.29931308982268, 1.251173549671662, 23.86860438715275;
  -7.611724465872224, 1.836603371609801, 13.17434218775831;
  -5.94291023631274, 2.001854978740909, 10.4987828852851;
  -8.149545197822, 1.787288294531493, 14.10404153861183;
  -9.758662900981461, 1.689294132471725, 16.72115733974674;
  -6.545745112577922, 1.89357409157809, 11.52203565133686;
  -8.262990106102995, 1.749488392964009, 14.34290281002558;
  -6.890233060423937, 1.880894046332534, 12.16182964436319;
  -5.974474193409632, 1.981438425550353, 10.69101987350746;
  -5.806976067265176, 1.975469655184699, 10.46199526746042;
  -8.88730085382956, 1.760264500937747, 15.57108355213014;
  -5.633228698872636, 1.975662244560605, 10.21989484322389;
  -61.50386302641041, -2.603107385899405, 102.3324983524001;
  -7.33222655532437, 1.902320498680875, 13.0596839410244;
  -13.1581362611076, 1.412156630025504, 22.97017572029034;
  -5.440462980274885, 1.985570864529719, 10.07069845921758;
  -8.121732891343473, 1.868230056208477, 14.59610244128407;
  -5.263405883021745, 2.049510917653318, 9.897363461255944;
  -55.07144642521499, -3.073770970216701, 95.15891179494984;
  -6.167132242334322, 1.95438081003847, 11.50768765134657;
  -12.83787531881814, 1.531403722349082, 23.13479493211452;
  -7.245831355107494, 1.847887640445692, 13.478352999472;
  -65.15859649585696, -2.435335623622348, 114.209034638721;
  -9.272587518026356, 1.75807081408195, 17.10821285079222;
  -8.079601812012742, 1.724483295304728, 15.06685942735685;
  -5.783260332040084, 1.957376834473009, 11.07153950783278;
  -5.659452903833826, 1.984316501574139, 10.90523734467729;
  -6.875641530350185, 1.89769512212927, 13.07091603482183;
  -53.08352220718858, -2.861844168252425, 94.60198291340298;
  -5.171470468286909, 2.016560231076845, 10.08685808472025;
  -5.800791117344375, 2.002854474789078, 11.27519965534462;
  -6.153050997905473, 1.995908449790092, 11.90839195227249;
  -11.81456270842942, 1.502799936033344, 22.11099030868364;
  -7.099157100874285, 1.875627113663118, 13.69651043951456;
  -12.65528895686496, 1.42847807825676, 23.74408451437945;
  -4.939020812268756, 2.097188467243043, 9.939119884297071;
  -6.342136114944601, 1.991725304254905, 12.51801581200644;
  -4.740047723245042, 2.099422668789911, 9.607033391605082;
  -4.788475957730405, 2.080468660094615, 9.777010723909386;
  -5.040735233725347, 1.971916549978596, 10.26691409751733;
  -56.07929875932557, -2.681147800500788, 104.7440839947649;
  -12.23733929275294, 1.528058946590799, 23.64961140128443;
  -12.55585743227474, 1.495083795420445, 24.59267219252105;
  -10.95884268836188, -5.172701828840122, 21.49820993939172;
  -60.95608852533481, -2.779591994655076, 117.1152135511134;
  -6.3428019537039, 1.970691306344156, 13.04284497681448;
  -7.395521258771462, 1.862000756548433, 15.10493149065159;
  -14.04442465894979, 1.552597537240428, 28.1059655124315;
  -12.22961444458416, 1.545186193552558, 24.72465221518408;
  -5.907226894905556, 2.003874333119858, 12.43778690301014;
  -60.15774377788134, -1.869295379665794, 118.6680574312504;
