m=[-43.20880130068173, -3.008750598714934, 51.53817902348155;
  -42.01691480751296, -2.401755641838004, 50.166877925727;
  -6.457840105629336, 1.781565127467597, 8.52217348089513;
  -6.467879476888607, 1.818787761330035, 8.548432072123612;
  -7.636478817578267, 1.71312890033062, 10.02880218223036;
  -44.66863378191449, -2.801885623291869, 54.12581261851891;
  -7.815681651308413, 1.726171073491156, 10.35772646933691;
  -7.345801280638136, 1.777656384085323, 9.797427459364313;
  -6.593949180969379, 1.810939654007593, 8.917480111795781;
  -99.2234220754775, -2.088298083502913, 121.0278236409891;
  -7.481593361260814, 1.749426973631531, 10.05630150915024;
  -41.29339593311016, -2.555647635125685, 51.27888788812639;
  -52.33984295933544, 0.6224635989710161, 64.94077292208695;
  -65.35235050267686, -2.496459666189236, 81.16610675691103;
  -47.44345186687935, -2.98068993947161, 59.32831832874229;
  -52.64713122791594, -1.650998679044998, 66.50806074863577;
  -43.60813098548822, -2.406980116760723, 55.71061613866958;
  -7.984311610192408, 1.738615139845661, 10.98999072920717;
  -42.07591334370166, -2.0685714363438, 53.87724985107576;
  -42.68675101477971, -3.255333583987175, 54.68151369191799;
  -7.046865282311607, 1.80802283694051, 9.849128892977216;
  -44.56445430585011, -2.836467128974771, 57.56059814727345;
  -42.77945116051981, -3.634463678422715, 55.41370520315883;
  -54.86468030439996, -2.525936257205819, 70.86735136345354;
  -7.006488636922703, 1.803455491314205, 9.900605074146077;
  -7.076308455722745, 1.777849315050457, 9.998861900894724;
  -10.12918240057241, 1.610574788885773, 13.93645753131263;
  -43.66753985552704, -3.040098909584603, 56.9490867451016;
  -42.99614572142609, -2.706216062337027, 56.11137922484419;
  -10.39208011295437, 1.580463310385857, 14.33582018488569;
  -43.7523896405664, -4.334457930586497, 57.5861314653266;
  -42.71012325802412, -2.645005955391932, 56.67207182574951;
  -48.53656833060561, -2.464898289657747, 64.41410938587498;
  -9.949819193756655, 1.570489159555012, 14.00021820084316;
  -7.541593773499889, 1.785769197580707, 10.86105550885074;
  -7.50074976070194, 1.773918568336566, 10.82379064043115;
  -44.45560757749477, -4.191275069117233, 60.02346824972615;
  -8.195345563253024, 1.713042103483276, 11.90965493686221;
  -42.15690529753449, -4.326444017144713, 57.36284883957843;
  -5.784857872017152, 1.936940663565833, 8.744159536023338;
  -6.23828690092149, 1.850414088065236, 9.395411500350138;
  -9.739695458958014, 1.595935862714226, 14.1551997890757;
  -5.556525017868668, 1.885049789301493, 8.485810295708291;
  -67.83285209194776, -1.433122494356226, 93.48610609684342;
  -5.472866180752463, 1.923825779797868, 8.45270555882443;
  -7.107274232060359, 1.767392920925023, 10.70711191312293;
  -7.642123022457793, 1.780187126811991, 11.44573390648355;
  -5.957736669001473, 1.876110925882342, 9.137480052025564;
  -5.811269674757182, 1.89215604427655, 8.95481359201651;
  -9.412990922957759, 1.633048049128563, 14.03060580413675;
  -5.298944327883555, 1.900021030058912, 8.323181809949594;
  -5.642833822397654, 1.91807103374467, 8.825455534575061;
  -6.742021643270598, 1.830252342738755, 10.36234692262882;
  -7.896452042735745, 1.691665955501038, 12.07343363367141;
  -56.56708112817886, -1.455706582123594, 80.7011985126846;
  -6.013624403856341, 1.860930132632779, 9.431217416281683;
  -6.778191931056663, 1.817573764164757, 10.51455367221803;
  -8.082454902403358, 1.703016147841375, 12.4770972993714;
  -6.686921367094679, 1.857290825570496, 10.52799711809392;
  -5.355025596466011, 1.923848716212087, 8.637886478016654;
  -9.661066428529717, 1.719997275395627, 14.85159751828621;
  -54.67859236607212, -0.153646955467954, 79.73621645086006;
  -6.490247732236218, 1.87219604966175, 10.30966912172366;
  -7.331886946099345, 1.759377371363022, 11.5692644544257;
  -6.794138127717806, 1.800845833993374, 10.80171647373268;
  -7.170320075203688, 1.777854114462943, 11.38220873527693;
  -5.298469951004779, 1.877726100629293, 8.662938382412328;
  -5.144352716522008, 1.922940559110008, 8.459806725568583;
  -5.076814144043405, 1.941478184837734, 8.41288891522796;
  -9.606654782405846, -2.291568065423614, 15.10809067498912;
  -5.140616254550253, 1.901740696595927, 8.537515489003015;
  -9.914914669164791, -3.379378119979943, 15.62035737745444;
  -5.981009396718851, 1.871001612061814, 9.826562607720845;
  -6.599097577881185, 1.833045549012301, 10.77017513105946;
  -7.275858967641505, 1.743396766371596, 11.7899318072645;
  -9.590523242695925, -2.116430156714967, 15.26724110910609;
  -6.997709101739745, 1.817572555615613, 11.40043714507715;
  -5.3005664703367, 1.909477305662584, 8.900852636996737;
  -9.817084723520425, 1.690918833286182, 15.68343117376227;
  -9.735259843536488, -3.205463071670199, 15.56469716605864;
  -9.49302448204984, -2.098152673012704, 15.28769949919139;
  -11.04443550376292, 1.58810493281672, 17.651535805887;
  -6.977357365574923, 1.769930284687017, 11.50114808668648;
  -9.481474312717205, -2.150391588275816, 15.33156943581663;
  -9.663042173535613, -3.115229362827633, 15.7985632036033;
  -9.657566304389418, -2.018377983775554, 15.84201588454907;
  -6.370401130296962, 1.87916177237807, 10.78370591791815;
  -6.078990852373911, 1.839863540427716, 10.33699338455369;
  -9.903223841569707, -3.256352297699274, 16.2678116286649;
  -9.244349591476958, 1.699623578765728, 15.30793484875309;
  -9.990058729359088, -3.021823810995686, 16.55459130321091;
  -10.08301494168341, -3.241608477230265, 16.70936667890339;
  -7.605106869449697, 1.762515194821347, 12.87974153151358;
  -10.25396062189231, -3.49126262764241, 17.04291252997943;
  -6.244234506289923, 1.884810076656839, 10.74845882127762;
  -4.926096182513604, 1.983310300327788, 8.697255845194894;
  -5.358774234209635, 1.960003256992817, 9.410175595934017;
  -6.622690987532995, 1.792213104145419, 11.4135350716493;
  -9.497820644799162, 1.636071908470329, 15.97746038624524;
  -9.732001757328527, 1.670544555703801, 16.38402056481205;
  -9.285243196600922, -1.567552533844939, 15.68614448808226;
  -10.27811905770793, -3.436084100290314, 17.2986044766373;
  -10.14404127760729, -3.473445356484452, 17.08656867433734;
  -5.99719359106269, 1.882837831446282, 10.54399624202339;
  -10.13617648364936, -3.342465993517336, 17.18906770491245;
  -9.851609405006114, -2.967551215142523, 16.81608351498589;
  -5.770087803040873, 1.964598577558888, 10.26547543939953;
  -8.149023734645672, 1.733835884853792, 14.14525503611893;
  -5.344575156835101, 1.990580244900278, 9.655633791824599;
  -4.681035122446818, 1.957948121086681, 8.588619294395894;
  -5.437275410533738, 1.943153454064728, 9.82494648561466;
  -5.716447043525775, 1.932068220968597, 10.29640576445189;
  -4.795523749592743, 1.97372400560384, 8.801404926336064;
  -9.069827839734334, -1.054952758922658, 15.85085743811666;
  -9.450496870314058, -1.722202999653676, 16.51292204842782;
  -10.11093236022413, 1.691314273038004, 17.62637276085059;
  -5.723405903320352, 1.93814912270876, 10.44944955090528;
  -5.390678710579684, 1.969572610060288, 9.923376509121393;
  -5.070995020801009, 1.956464552163628, 9.406541486231696;
  -6.927574706750176, 1.790610421151989, 12.53379140049594;
  -10.14699304241379, 1.727034688972484, 18.04552586562329;
  -6.089178944534107, 1.872711952873371, 11.20470415098044;
  -7.92152149159569, 1.784086672063092, 14.38269819629486;
  -4.558750018351897, 2.028498070158789, 8.682919009066037;
  -5.397011255420073, 1.9803873363281, 10.14456101579343;
  -5.644163176147153, 1.961756833279733, 10.57208356264467;
  -4.888628461494364, 1.98069351260701, 9.301635243963281;
  -9.329038466021084, 1.651065108867055, 16.97301243976342;
  -8.962829883975191, -1.931663538624138, 16.46684289111414;
  -4.520494714782056, 2.054361311940542, 8.78003692440166;
  -6.086880860174965, 1.880061359076792, 11.49758043684576;
  -5.350900078086292, 2.051311431196672, 10.22974191785824;
  -4.662264114910679, 2.02422571942839, 9.046558486779762;
