m=[-3.760505612275047, 0.8688520333911373, 5.253831418268089;
  -22.73399705724071, -2.035004343138276, 28.34042564575614;
  -22.84044563945425, -1.345916446543072, 28.49562019745765;
  -22.33369067437829, -1.77282276409895, 27.94284021226346;
  -22.81979676146731, -1.535492557281909, 28.78577554690521;
  -22.4871826008126, -1.974251366632953, 28.43480488468767;
  -22.4579217822798, -1.643882064004277, 28.6019500979763;
  -22.74924077155415, -1.515258315904049, 28.97345245226234;
  -3.622665819018093, 0.8914267614221169, 5.410567572014593;
  -22.44337735939516, -2.282938615371954, 28.8346122354161;
  -22.29977082154694, -1.461498123293067, 28.87878245064041;
  -25.25072896177598, -1.376259534287312, 32.65152861416915;
  -3.112056139673076, 0.9300424449157447, 4.906362518638111;
  -22.13700955240195, -2.328778212710291, 29.37013092966529;
  -5.134336298213103, 0.7848507814843657, 7.624369143426418;
  -30.42162338349917, -0.9521293938043083, 42.11207458922379;
  -6.774438715357044, 0.6874596030352023, 10.18460269318716;
  -4.181316078993172, 0.8284383526697873, 6.661017953146842;
  -3.382462075429325, 0.9215146228141066, 5.617933974317547;
  -5.233070995565885, -1.760330399995983, 8.342223469606298;
  -3.160240203368714, 0.9314134393509919, 5.433903438951451;
  -5.079326660261324, -1.114410550861477, 8.19066873467526;
  -3.665654308844443, 0.8941116518273864, 6.185702977134804;
  -5.002842183205772, -1.100538512136903, 8.163705599924766;
  -5.002197487803305, -1.127018432185909, 8.192399879578975;
  -6.64821824826516, 0.6608725012715231, 10.67933123070412;
  -5.298024038261447, -1.581408831177756, 8.842989498782401;
  -5.400554365358418, -1.810753203368211, 9.032242114685936;
  -5.224298452794675, 0.8310228013241157, 8.873166050572104;
  -5.378371067490853, -1.770441773682891, 9.105388414583405;
  -5.309089493975625, -1.788530777275494, 8.999997483979694;
  -3.068312933388826, 0.9423570020912172, 5.632941725271734;
  -6.437488552541136, 0.6953105467204335, 10.81096551282046;
  -5.29749822844035, -1.952459752350992, 9.051934558953617;
  -5.037495857767304, -0.9356185237670208, 8.675580747908281;
  -4.785747590021535, -0.5713364546961561, 8.447399361552309;
  -5.005673251208221, -0.9163790918188911, 8.808685742850333;
  -5.650207871259158, 0.7554665181530001, 10.00261761611241;
  -6.016283607043156, 0.7271595084752432, 10.64733219479411;
  -2.567231583044793, 0.9741857317428264, 5.12381419982524;
  -4.76372012455332, 0.8284351082200617, 8.760018904462346;
  -4.758365455907096, -1.02205045112693, 8.791177240474802;
  -5.681746267694508, 0.7679197146226139, 10.39517872582498;
  -2.515220976059917, 1.002043890833207, 5.123040209565428;
  -5.852897825375147, 0.7026297817958319, 10.71314652126647;
  -5.877649733653469, 0.6870676711144566, 11.03220024524735;
  -5.475346744803372, 0.7801213541629882, 10.39337617771274;
  -2.638906925053894, 1.00930770148158, 5.518162410707221;
  -5.606050111405667, 0.7200107559871778, 10.70447692086751;
  -4.235411511709246, -0.8525575868154303, 8.351140173859545;
  -3.328715905875534, 0.9218457988927981, 6.772192797964751;
  -4.23025833815119, -0.9768732380831203, 8.354945349496774;
  -4.236306841470277, -1.036279939022117, 8.385634104037944;
  -25.77309521302798, -1.295168683282874, 46.65664292875557;
  -4.387582462212634, -0.7400525077920698, 8.705538280954677;
  -3.260693738640741, 0.90261295770031, 6.73614064223747;
  -28.66617791155223, -0.8730545792010452, 52.74051486144032;
  -4.256790113173697, -0.8591722742568357, 8.622015954814668;
  -4.230162631526151, -0.7506016790648823, 8.610863375438511;
  -4.233382954167091, -0.7869667730589653, 8.663264130342336;
  -5.555543630507217, 0.7519776004702254, 11.10663479479078;
  -27.34621168833226, -1.321699963304746, 51.10588233983224;
  -4.194894521020121, -1.127959660893303, 8.650508013788596;
  -4.188612068544889, -1.031240925701329, 8.658478044774741;
  -4.092024814393861, -0.9611108695931137, 8.634063891346068;
  -4.118706658651016, -1.122182222170585, 8.687649094036466;
  -6.140105405289063, 0.7804625997923168, 12.61613770665503;
  -22.52245484806055, -0.9225388457110152, 44.21892874299543;
  -3.447768726319472, 0.9176729205701854, 7.662318593727593;
  -21.54138851412101, -0.7720067599110356, 43.6162942091345;
  -4.009418553032187, 0.8968029476829802, 8.900973675509007;
  -4.081841615795947, -2.106107800530107, 9.135562656654169;
  -25.9212831778027, -0.5791732105274854, 53.90219517930277;
  -22.42461855941539, -1.069462192589232, 46.96419638912354;
  -4.870202456140194, 0.8501466260039045, 10.93903319084672;
  -4.021143664524182, -2.095432936213246, 9.219621202996191;
  -4.535721000844933, 0.8806864973832279, 10.35594256043363;
  -20.74454972793539, -0.8160913986349782, 44.55181987341345;
  -6.11990331841147, 0.7453260494612689, 13.89520518467649;
  -4.021976317988362, 0.9717855498168488, 9.475325043167796;
  -5.194941393857916, -2.347694288265679, 12.0225564887043;
  -3.199015363911332, 0.9438154874917877, 7.78740229026545;
  -5.011798822912853, -2.24324610838735, 11.88762443220177;
  -4.900782458138104, -2.199450461819725, 11.86437171869786;
  -4.841966175878027, -2.125026345100917, 11.90456297272058;
  -3.246257383803651, 0.9538265545442169, 8.340814904461517;
  -2.736356445731282, 1.002831476172699, 7.312287961083023;
  -5.575155622513517, 0.8118022595937469, 14.14646123247624;
  -7.658718334286013, -1.15398448355949, 19.10692720140623;
  -7.555267953099464, -1.213253951598137, 18.91728127013833;
  -2.747115022115449, 0.9948661241918582, 7.476294761540975;
  -3.742724853232177, -1.364442703254235, 9.84801412759801;
  -5.483961927069947, 0.8066583533325793, 14.13495701486521;
  -5.736807727365173, 0.7870830735075559, 14.78054916801915;
  -3.368740404553043, 0.971018238730717, 9.067740420746928;
  -7.548628704624229, -1.285680158735982, 19.30448927165884;
  -7.634108378516867, -1.138405524440463, 19.53043781766739;
  -2.60869823812195, 1.008359344923065, 7.276656569822487;
  -23.29517767141186, -0.5326936557755634, 58.52051394279504;
  -23.62518063413594, 0.005038887021126887, 59.62992826680286;
  -2.434518733420708, 1.035246278389598, 6.989852984997392;
  -7.334126987524549, -1.288432583920725, 19.29259246651724;
  -1.89451160239232, 1.083820066329351, 5.647113754107183;
  -24.41175693531978, -1.495207832102471, 62.51012401396813;
  -3.997209943674279, -1.909088617517346, 10.99198202975625;
  -3.673477620031481, -1.630134873506883, 10.20738416323337;
  -4.743977656505624, 0.8861312016773254, 12.9761299784432;
  -3.717216610886959, -1.364896830024757, 10.33162968762632;
  -3.828393097833889, -1.555827820566414, 10.64494175744817;
  -5.377033274909368, 0.7783406619115929, 14.64898846749358;
  -6.006006017005348, 0.7421903018578251, 16.32508940646466;
  -4.684776614942456, 0.8816223386608992, 13.03135349736403;
  -22.19327565454458, -1.033266389732272, 58.5200634233666;
  -2.049605772233215, 1.100195195393928, 6.2165538254644;
  -2.118725440329191, 1.073440825202718, 6.405324059235858;
  -2.144141946945047, 1.067040714375438, 6.528202384213259;
  -1.870422245661467, 1.089856874972744, 5.805278161869632;
  -5.552931683147484, 0.7644299105971442, 15.55609021853447;
  -3.581775079407421, -1.569445848262459, 10.38291054776872;
  -4.02692853493019, -1.080341066648888, 11.61447682557351;
  -2.057378267828578, 1.07224221796017, 6.407334323426251;
  -5.739218527301953, 0.80448731743965, 16.46028860477662;
  -3.478044292086567, -1.672348261798007, 10.29943403110832;
  -5.397864339411944, 0.8066699212604184, 15.7815837210233;
  -3.334017606729857, -2.237483031931745, 10.03901936399992;
  -3.515221995014475, -1.41281187909241, 10.57093969346707;
  -10.59414728840486, -0.6222349570708547, 30.2421809990264;
  -3.158200470699614, -1.502872682150783, 9.589614215116129;
  -3.323792802856829, -1.720794697227517, 10.05068183402282;
  -4.704907026056207, 0.8655741667402557, 13.97199898697866;
  -4.153013178694341, -1.06864716287926, 12.40886668535429;
