m=[-4.303727932322447, 0.8140864323897992, 6.027277050784605;
  -4.737993262659353, 0.7682538881526363, 6.547491109570815;
  -42.94111820835467, -1.520261213313862, 51.58193328636111;
  -43.38114970427182, -1.37654388563961, 52.51953978678505;
  -44.10565665728212, -1.123783016305995, 53.49000695567315;
  -19.82143585128447, -1.387623794421939, 25.22257460505477;
  -19.95535965118696, -1.76784265244835, 25.85318514075222;
  -19.30871837148033, -1.504086589567338, 25.09341828319801;
  -3.318878029529781, 0.8862049092983025, 5.130726560762255;
  -19.82832854446909, -1.398479534007189, 26.25708363682326;
  -19.73403737262986, -1.260252555096659, 26.14339071036742;
  -19.96920565147779, -2.009529698362349, 26.69423828179533;
  -21.59396072727973, -2.204671033794981, 28.9659039311354;
  -19.98772898376042, -1.869975314020081, 26.89612981149747;
  -19.92307482248892, -1.780894398806368, 26.93380911761943;
  -6.131598184024374, 0.6963553597073505, 9.016389295613823;
  -19.94482901679233, -1.908752370690379, 27.37646122872894;
  -2.877095946036873, 0.9094144445084779, 4.758794201225125;
  -19.84222925633498, -2.075279324286688, 27.42907202571011;
  -29.62381115958829, -0.8107800312334978, 40.66536982775271;
  -5.949431998589674, 0.6668495674000823, 9.414960433326629;
  -2.844309722035306, 0.8877881766899181, 5.046387775681605;
  -4.813587665503358, -1.634221558982539, 7.989598115065133;
  -4.336119589820095, -0.814207276374359, 7.402633964237667;
  -5.985296916943072, -0.005723609786865311, 9.878903939963635;
  -6.013786945817648, 0.03166162708481005, 9.984198258250672;
  -4.468002826756347, -1.036220301856246, 7.743436257893093;
  -5.138990794510335, 0.7414640064646411, 8.968367065928796;
  -5.52955029759457, 0.6960467531537014, 9.660347714241947;
  -2.929816063072806, 0.904031800882093, 5.602951695154633;
  -3.987264625717586, -0.9220830193422855, 7.396962606932969;
  -3.931082654131908, -1.026417704775054, 7.365622580979013;
  -5.289942803102666, 0.7227888093804296, 9.597483273717465;
  -3.771210462270088, -0.8989829911690108, 7.22109905885305;
  -4.910059816578583, 0.7894698487954517, 9.226483088188912;
  -3.805438006486281, -1.055770001405427, 7.453841556800999;
  -4.073458081442057, -0.5719849671565681, 7.940130406051725;
  -3.716642449388938, -0.6745263841133934, 7.37593817262267;
  -4.070921846090972, -0.5734713938328524, 7.994055233711069;
  -3.718845210499379, -1.044992895177934, 7.490472465297779;
  -3.675607289276641, -0.7253989654404357, 7.40875385109234;
  -3.658892415892741, -0.9249069175804444, 7.382965814933577;
  -5.050970174979377, 0.7543662632288218, 9.870693777724638;
  -3.635528706570131, -0.8850714919438749, 7.499040202445897;
  -3.624743642490206, -1.035594460946337, 7.48400402284677;
  -3.644340982677389, -0.9337395665536488, 7.531634726883327;
  -3.522297999522208, 0.8977712420879382, 7.686077366945678;
  -3.754303068356112, -0.9384254145147016, 8.392479041175543;
  -3.801709140223218, -0.996467567022151, 8.489757028789972;
  -4.316454885938334, 0.8650034562177558, 9.748484803598004;
  -3.839010344385718, 0.8997840979182941, 8.784985674968356;
  -5.118674119696458, 0.8351486796454775, 11.59147270596718;
  -3.442675644796157, -0.9979862641458011, 8.342963616514465;
  -3.437249200501708, -1.027578171821331, 8.383198135409494;
  -3.609569702414351, 0.9495148629393677, 8.776005324780767;
  -3.252140387547075, -0.6166598797741297, 8.07379152127618;
  -4.447599063858845, -2.127346622291678, 10.69404515067075;
  -4.691786140595565, -2.184338040701873, 11.38953835236713;
  -4.343630762095049, -2.237092306294192, 10.84756596053112;
  -3.552349217448707, -1.108212357687357, 9.201216389314469;
  -4.492600152502231, 0.8466107446887875, 11.42353558277742;
  -3.20803623508127, 0.9366894551367686, 8.437748588989143;
  -6.845108198641638, -0.743854257686975, 17.16314701722192;
  -4.556096758460765, 0.8735969251720722, 11.7255105809827;
  -3.304426445171449, -1.308961808298652, 8.808794975074292;
  -4.278993949635134, -2.156716513032307, 11.12811930779098;
  -2.901743378545862, 0.96833627386507, 7.816977525141901;
  -3.864436202174586, -2.109198051591312, 10.19853284614416;
  -3.906737281762805, 0.9161521437539485, 10.27176015465444;
  -2.494167587155992, 0.9985292742100527, 6.890973921248725;
  -3.374884233482594, -1.448018787654875, 9.067367014890564;
  -1.70773083602397, 1.088274820014973, 5.024619373524161;
  -3.398282460285592, -1.327431698561075, 9.193752392574274;
  -4.795043583349393, 0.8331216715643801, 12.62108520742843;
  -3.129790289718985, 0.9563744494535078, 8.562546172358251;
  -3.197402681683138, 0.93818993008881, 8.764404978954563;
  -4.530209835266506, 0.8417142827439645, 12.08229086779918;
  -3.595461501213067, -1.959127872088323, 9.872572362936513;
  -1.756247285126366, 1.060339108634327, 5.286404216929391;
  -2.520312701223648, 0.9572380885269436, 7.182551059473132;
  -6.646563533095393, -1.004900039704964, 17.51839973436188;
  -6.582211242789916, -1.067462789199923, 17.4090050410195;
  -5.076167217153028, 0.8364090783054867, 13.6262603763499;
  -3.176310024173098, -1.394881283476893, 9.049428358183803;
  -3.39377734910525, -1.778349580002741, 9.614182604044375;
  -16.76247227048726, -0.6943595752602738, 43.60550994281211;
  -4.943851542637745, 0.8383220623616196, 13.58749046143111;
  -6.555338542764539, -1.138645589788538, 17.76263336491986;
  -1.675700355029587, 1.105119724174214, 5.210164719365691;
  -6.45484788116453, -0.9752558870265359, 17.50884083645731;
  -3.421546454825318, -1.85769368116493, 9.909913664841517;
  -1.627933866717372, 1.082320489094399, 5.164221169009373;
  -3.137678197337422, -1.540882237137158, 9.250676025848062;
  -4.590025115640342, 0.8676403646403608, 13.04817330415881;
  -6.35402626399919, -1.146171196976999, 17.75696615771078;
  -3.006210417613989, -1.435249881868362, 8.950824469516849;
  -4.006834158515369, 0.8959719912892276, 11.58602803507676;
  -1.641057599601682, 1.085093337148893, 5.300492784327059;
  -18.35232287196341, -0.1917099605300361, 50.40285944791599;
  -20.8447272057339, 0.2933196569548127, 57.55889612989187;
  -19.48770146514216, 0.4303178671294768, 55.18568645450349;
  -2.834434993392499, -1.524434579069647, 8.902841578694343;
  -3.580372150000431, -1.097017874737128, 11.06949628275103;
  -1.972938224669171, 1.065046468441212, 6.518713845888098;
  -2.734721536038606, -1.509813375210068, 8.768394906169521;
  -3.593979756512772, -0.9795361016351855, 11.22696521345462;
  -3.347969646503072, -1.271828625742365, 10.54009607092258;
  -7.294659196130707, 0.4430553075051522, 21.86317944503892;
  -2.655955372361369, -1.431261395432649, 8.671620100293618;
  -2.752914825420023, -1.670920610724781, 8.940307464495998;
  -3.359937954021701, -1.248660718492566, 10.71218911582322;
  -2.689628370245925, -1.605741940914099, 8.80776895539848;
  -2.720188917640682, -1.562776494788835, 8.925143870547755;
  -3.531079214120032, -0.8501290498878189, 11.31167109268969;
  -2.667518412532201, -1.460819833906489, 8.796000504920388;
  -3.487581252872186, -0.9684597417973073, 11.18984278343257;
  -3.470971775278637, -1.021033969444536, 11.14382836504068;
  -3.473463598166377, -0.8860055434359577, 11.15291392933817;
  -1.795924151803718, 1.074956016705985, 6.19604960311311;
  -3.445767991953294, -0.7535874009981655, 11.13056842046709;
  -3.279539645379467, -2.219738889008522, 10.68576310933464;
  -3.411962696287653, -0.8929211329434915, 11.07905009593989;
  -2.620849103856618, -1.541900779308364, 8.765095043119294;
  -3.484732812874954, -0.894699425254867, 11.37836436043731;
  -2.890221783124581, -1.218372519851743, 9.655486275877603;
  -2.639021658759283, -1.501046776056999, 8.909225196181565;
  -2.595374436753034, -1.438002744888103, 8.803117625192156;
  -3.045066797702333, -2.032095947612608, 10.26300407262807;
  -2.628114850726856, -1.387463718812529, 8.997901780730656;
  -2.563669652592334, -1.591230769980372, 8.838156442188394;
  -3.040866110545997, -1.070984661456319, 10.32265577315496;
