m=[-5.005925456694771, 0.7901401533218539, 7.04375097940059;
  -20.74259433402546, -1.762252755894317, 26.86860107815449;
  -46.51141067758064, -0.882311853289854, 59.17367476706092;
  -9.013675656520858, 0.2424900927984074, 12.27833862381795;
  -4.832330227569138, 0.7918203544611292, 7.023073781543961;
  -21.0501706687005, -1.46549590630044, 27.45261123885564;
  -21.03869965100677, -1.302910917265038, 27.91625513556024;
  -21.62241758399178, -1.550444964608313, 28.76721901574064;
  -21.37943094902838, -2.015652935850072, 28.86627052682236;
  -4.019480883043524, 0.8469259565837312, 6.204977902912211;
  -20.32093183348288, -2.085479788738651, 27.65066678439579;
  -2.982933661552505, 0.9331324061286264, 4.900842388912492;
  -4.961647630812023, -1.691117271514442, 7.81678025079893;
  -4.777021403839436, -1.054189839543795, 7.604583786533398;
  -27.89872182771012, -0.7179503023217116, 39.80159915563748;
  -4.88505606859198, -0.9544641716990011, 7.860281656496834;
  -4.717447306207557, -1.069913672792092, 7.628124967645471;
  -4.750518984474484, -0.992832213371721, 7.792625475187428;
  -6.278031279013645, 0.6353392191639314, 10.01225059346173;
  -5.104814987559593, -1.738084477235555, 8.484615703414967;
  -4.873943510893729, 0.8366356685868948, 8.205381863405618;
  -5.08252265564697, -1.699141174409436, 8.554147764775152;
  -4.95496768389727, -1.492560227151246, 8.457821149926213;
  -5.893871758437987, 0.7646466011628065, 9.902941247102911;
  -6.040021400832582, 0.6675182450390228, 10.226882203661;
  -4.553619595584519, -0.5296521213336369, 7.958119637157177;
  -4.641307040783317, -0.8458045135234378, 8.109789614133502;
  -5.428819746639532, 0.7958333707503654, 9.583902082958364;
  -5.69760267204498, 0.7593752789025735, 10.08501014053788;
  -5.82921213415348, 0.7183369651720923, 10.29948264877657;
  -4.488937104380838, -0.9674529410864676, 8.247241440796794;
  -5.532647619720436, 0.7367256062803306, 10.1499904891632;
  -27.22995219985606, -0.7648475187618609, 46.58227198539556;
  -5.214286482353482, 0.8147957207568159, 9.907411144540117;
  -4.036388882641066, -0.9364151876928473, 7.91794546581023;
  -4.029240205715129, -1.083009738131324, 8.076295218436679;
  -20.51243024868072, -0.9704449125421757, 37.37932676828757;
  -20.94974650473126, -0.6596105321676458, 38.37679115805408;
  -4.072208301859758, -1.020099488455951, 8.246003714895315;
  -5.207674751853353, 0.816873520937231, 10.29653369877465;
  -3.9595426879713, -1.074442739672579, 8.143923676070612;
  -3.923312833103192, -0.9700643827489206, 8.089817409469729;
  -3.862515637102029, -0.9098801423614954, 8.131526219786336;
  -3.934548829826196, -1.086272289360203, 8.282413972938803;
  -26.33467449174826, -0.5902783154123606, 50.30020877724839;
  -3.849659674598512, 0.9153299591824103, 8.463892998482118;
  -3.794329179056827, 0.9307573667729993, 8.409644493267834;
  -20.25558256767547, -0.6698720617012963, 41.32053131083526;
  -4.058660599946212, -1.023442250662846, 9.164598806525344;
  -3.353686969776598, 0.9482359055291221, 7.731611484413197;
  -23.17060816605019, -0.329920609178929, 48.2211204937777;
  -22.89817130746058, 0.3036152496279434, 48.44130168360225;
  -5.552925400669038, -2.352916424205909, 12.53456444128797;
  -3.648738009867484, -0.7230776324925859, 8.837394510086076;
  -3.51541453319837, -1.317436318451438, 9.409164818440203;
  -3.800718120874768, -1.123555388093591, 10.18310108957234;
  -1.747699062064956, 1.10730884696511, 5.175248419223431;
  -7.097045044116266, -1.105399507120804, 18.38106292035943;
  -3.678174261168251, -1.626979671527203, 10.02969837287159;
  -3.454444533412021, -1.344665773319259, 9.473960389104729;
  -3.836637498642086, -1.752015948830731, 10.44660559719865;
  -3.57727501047798, -0.8946936856688923, 9.903813509190728;
  -7.031136562458195, -1.164819684320926, 18.62418778535579;
  -7.051460432866487, -1.018316895860649, 18.69692319891984;
  -1.967060304990256, 1.093059804416109, 5.899325626291814;
  -6.855222901453527, -1.29141396061118, 18.47685431247744;
  -3.318282306986961, -1.383464416477616, 9.443995766701779;
  -3.696342871100815, -1.819392064687525, 10.41819151831836;
  -20.16014738225564, -0.2045353160460385, 53.20177694448685;
  -20.04597703960275, 0.2732224248595588, 53.17659662803656;
  -1.90708177834813, 1.093258305540878, 5.903886942953696;
  -2.445468448766664, 1.061891356651836, 7.373537426793941;
  -21.25332580567166, 0.4405983186271161, 57.79013939492414;
  -3.333125104250107, -1.508311265164739, 9.878997402065213;
  -3.251637751477094, -1.591729518285172, 9.715676816049394;
  -3.219672066523289, -1.602941916110894, 9.76220001788114;
  -10.05257595306148, -0.2463029951278999, 28.53937492336028;
  -1.771796225592401, 1.116073377066102, 5.779934143364737;
  -3.105214841169642, -1.598433382248272, 9.559908147212598;
  -3.989593869422646, -2.525102686644283, 12.08513932873666;
  -1.789832716929066, 1.120506302697614, 5.924521454633599;
  -3.282705638065499, -1.361041775832047, 10.14110300477001;
  -4.036191177769045, -1.192721982953912, 12.29215000758519;
  -3.095583423793169, -1.57807361948147, 9.675306114150741;
  -5.946306306200009, 0.7310026277852881, 17.71568401568775;
  -5.727136676812669, 0.770215068225422, 17.15027731546867;
  -1.689823208392139, 1.124171837529095, 5.727548962005344;
  -2.993822975848435, -1.681257388460501, 9.51390915767931;
  -7.973713113369807, -0.4672574742403756, 23.9290102057551;
  -3.656574048619524, -1.289611288159402, 11.50827769608895;
  -5.360553149280702, 0.8124814548147874, 16.45575254821014;
  -3.765690893822466, -0.852985859079771, 11.88855619601514;
  -3.793801714464962, -1.055077364452055, 11.99270889506793;
  -2.83219996188472, -2.01090719379511, 9.224296684458798;
  -3.737372907705165, -0.7728857380771648, 11.86550154414964;
  -1.928577976659203, 1.041855248072452, 6.539008058385761;
  -5.228586764460336, 0.8573317555897876, 16.28585231837725;
  -3.739290889877512, -0.9261474177999577, 11.94720182306449;
  -2.91921384240196, -1.509856989604899, 9.563668592628762;
  -3.804980876363576, -1.074887507594992, 12.23521704328835;
  -1.658492203452839, 1.142852606022718, 5.839288721700214;
  -2.870680306012377, -1.592688715250993, 9.533089632383319;
  -3.34324667820211, -2.14466370479892, 10.97095752293104;
  -5.571197454045882, 0.8061091127446945, 17.63477778208977;
  -3.128497177119281, -1.242836715324749, 10.33167351251342;
  -19.02263766747475, -0.1040375854115284, 58.66459132915308;
  -2.825553826553052, -1.475486231436352, 9.511453255409027;
  -3.892827843403416, -0.9940829861033627, 12.82363355587678;
  -3.405563848260152, -1.133768298185365, 11.37659663120203;
  -2.86793573878797, -1.426773571665078, 9.729029084106848;
  -2.796199855623256, -2.01409135519135, 9.521856340494628;
  -1.818812054778727, 1.126995719469303, 6.492938597081301;
  -2.986237382759445, -1.349761316890405, 10.16781522331379;
  -2.418950536871071, 1.123947524027895, 8.362305162181718;
  -2.109588935032182, 1.086675349792892, 7.470844544053368;
  -3.31320814612265, -2.11646815764327, 11.32278855023133;
  -2.805487304992183, -1.376532411032208, 9.742376141984904;
  -1.758445562317477, 1.144229655685214, 6.41126738190598;
  -2.999918834929848, -1.122750114635089, 10.37896827629798;
  -3.16312863029101, -2.048054829531723, 11.00914227849553;
  -3.044351668948532, -1.184174640803259, 10.64201860398326;
  -1.812006737945589, 1.110668272691749, 6.693572723348239;
  -4.72505866222268, 0.8668384292634512, 16.02976129212561;
  -3.942543435836851, -1.054182991115414, 13.58361201817949;
  -2.905166246679567, -1.616300044469717, 10.26944894151033;
  -2.738075747859796, -1.425379670800837, 9.738230716589873;
  -2.987642307293997, -1.22574278065226, 10.60688436549784;
  -2.992376836603162, -1.294339961596132, 10.64207292082422;
  -3.157072694416223, -1.153659354093167, 11.1709148026677;
  -1.88045605763706, 1.09740330597031, 6.987659761855351;
  -2.880261653861505, -1.582658659525588, 10.27784079687687;
