m=[-7.764813505405726, 2.068087959442155, 9.392954407361675;
  -8.340134984017817, 2.007462682293773, 10.12937860116695;
  -8.078431154635826, 2.074224882948295, 9.858273887401847;
  -11.39563100062864, -1.946114610063578, 13.59194821677271;
  -8.085947976759778, 2.03111018941821, 9.934160891673571;
  -10.60196115527294, 1.797197983273896, 12.79069919086039;
  -11.16083122502676, -1.826531186780451, 13.47474531142415;
  -11.23291942797757, -1.939124632502499, 13.58079976442311;
  -7.982550236551417, 2.064344024486593, 9.903568791710585;
  -10.96609815459645, -2.02958257119628, 13.42982397550302;
  -7.314587398811343, 2.143131348966866, 9.3590504457704;
  -8.087387452127514, 2.054029069773008, 10.34369542565931;
  -25.4357532377708, 0.2225656523790139, 30.67745749833614;
  -7.432997497287389, 2.116477467465155, 9.608143625894464;
  -7.996215784111302, 2.091036780961988, 10.2830404103486;
  -14.63178014167433, 1.593537900736195, 18.13179882610951;
  -7.147436669373318, 2.141342935177043, 9.349321694085136;
  -7.565802624032219, 2.004377200338314, 9.885230424540978;
  -7.438238924901224, 2.094343853922631, 9.890895023329046;
  -7.66654938957777, 2.070955748045604, 10.19971800080891;
  -7.175155659095356, 2.122153835617509, 9.6880363213404;
  -9.287861742464598, 1.888043081503799, 12.31925700596732;
  -9.719310577553989, 1.926927762868249, 12.85822005751853;
  -11.75390262210311, 1.813031960629169, 15.46631533555793;
  -6.869530505109451, 2.162426015281767, 9.462623253150129;
  -10.64674803192695, 1.82806246877721, 14.21391739052103;
  -10.94629499923358, 1.822928620096554, 14.60029938964971;
  -14.42064881813058, 1.670278274517175, 19.05279660677226;
  -11.21872507736625, 1.776282127555541, 15.02703370978854;
  -8.814461714528465, 1.948615756843729, 12.04300896138933;
  -7.571500787194286, 2.10704425697856, 10.52737518513907;
  -7.265178882864807, 2.115907471284511, 10.2708380620666;
  -6.839252965123944, 2.082895631953579, 9.861652299348586;
  -6.645490908402452, 2.171740334929822, 9.621918500219257;
  -8.314445746647737, 2.013434999389708, 12.00127124219655;
  -8.290704462293085, 1.994766611323716, 12.01535019719393;
  -9.959592708770977, 1.917774293454346, 14.29651414547587;
  -17.70470383937608, 1.31837437770936, 24.92953477992566;
  -9.14349730402132, 1.843927769352119, 13.30563817847271;
  -7.249891945152382, 2.103709955934603, 10.73813532772337;
  -7.336908821404848, 2.071740086265549, 10.85608822487607;
  -8.870781352149585, 1.851270143156895, 12.96245305984571;
  -6.638795204080494, 2.16060937898818, 9.958082838208471;
  -6.294812576441698, 2.15792450091502, 9.497289029770967;
  -8.871256062230389, 1.959518300391751, 13.04969069614042;
  -6.631003026933978, 2.135789987802082, 10.00296761902809;
  -8.934748241504151, 1.916016740827822, 13.20634455658654;
  -9.873058761266004, 1.867445858512376, 14.5612249590594;
  -13.67073803762299, -2.662742689103838, 19.83851437111892;
  -14.66976951824136, 1.488172041187772, 21.22441730494064;
  -6.751376478952704, 2.105919515008533, 10.28768953099265;
  -7.822891155996421, 2.028424942391307, 11.81382593298678;
  -6.144916842707718, 2.195946510750179, 9.498791305294992;
  -6.622685489443436, 2.123365829617081, 10.18119638576262;
  -6.182618769011767, 2.180820790810098, 9.563703659766025;
  -6.938871468396478, 2.120024210764147, 10.65046683892562;
  -7.956316107073085, 2.022431953132557, 12.16393122248509;
  -10.93903821027342, 1.805067264234648, 16.45086374855651;
  -11.7783542741305, 1.749273732408508, 17.67305361350246;
  -13.9157580841966, -2.359910640478252, 20.85926263394949;
  -8.228682756211853, 1.892353206047045, 12.72610333670443;
  -7.923611937705077, 1.907571828879171, 12.29094991228989;
  -14.70920365210842, -4.520030136394026, 22.21424917238518;
  -12.84753159965644, 1.727888736013441, 19.50491990457614;
  -14.59298546531257, -4.357792237511717, 22.05854693249255;
  -13.37053795508109, -4.885861668995707, 20.29788024264481;
  -13.4038981629831, 1.61351382219315, 20.33795537148988;
  -7.846543053027786, 2.155086465014061, 12.35916185386896;
  -13.75460038184248, -1.943576393483498, 21.05527241850378;
  -60.7589216956239, 0.3106860118351607, 90.32888919817306;
  -5.93921149895021, 2.220368573576924, 9.631190669030918;
  -6.891382717561651, 2.202569978097374, 11.03960545634376;
  -8.207191658905595, 2.023711015825883, 12.98582554800823;
  -13.46028623031808, -4.86186216730704, 20.78705024744855;
  -17.31374064501427, 1.429281913732843, 26.46413897106897;
  -16.45255859599077, 1.458866301655716, 25.20162986249913;
  -64.64638385383762, -2.456577849736739, 96.84418913073252;
  -5.971350655308873, 2.200449587132325, 9.764042239630207;
  -8.499757496726259, 2.005203559025541, 13.52486072388364;
  -13.00004577224702, -4.830788272015012, 20.27008892885224;
  -6.203410020968564, 2.152335652402911, 10.12340069971251;
  -5.67256250666993, 2.187602719810732, 9.346679325187592;
  -66.12401214531633, -1.007969561879975, 99.7403940670243;
  -13.69882001148807, -2.066816612823138, 21.44445857023941;
  -8.034091849778399, 2.009097398974078, 12.9546431161175;
  -10.66090531495788, 1.800849552731265, 16.91417913427713;
  -68.58506106938633, -1.745582427184916, 104.2221150057441;
  -7.665480396371925, 2.047087095533601, 12.48648793952878;
  -15.99424288915763, 1.542266136400031, 25.16280332166215;
  -71.71820103149517, -2.762157579279747, 109.9555304283917;
  -8.133578655399111, 1.996419254641493, 13.29425765466103;
  -6.377185603255706, 2.125825000964747, 10.63486062574095;
  -10.26249308124606, 1.828694348139362, 16.58039324630607;
  -63.42870078411252, -2.282296455160602, 98.92869759043794;
  -11.90669482518494, 1.816696154783082, 19.3039664688187;
  -13.59289440638232, 1.706606992184155, 21.94889373994838;
  -7.016383079131047, 2.096675607391005, 11.77790331709145;
  -5.668711386944073, 2.193243478224924, 9.686202176254417;
  -68.26420241878137, -1.680556807317132, 107.0953916292831;
  -86.82019110086458, -1.386172075936429, 136.3895886176666;
  -15.92906914640004, 1.587855688464448, 25.76694606545119;
  -8.189795518572051, 2.019877570064657, 13.7013349630971;
  -63.91092744811569, -2.096876188433177, 101.109213697263;
  -6.945856413270086, 2.114453040773793, 11.7703141659539;
  -64.8610160659608, -3.014899272208826, 102.7229847452247;
  -9.358984892991581, 1.95869789814872, 15.69010547013868;
  -6.424576169829924, 2.148980809253257, 11.06091152165718;
  -7.737606522625603, 2.016255946554603, 13.17167278736186;
  -13.88856888266259, 1.680530303196705, 22.95119852523622;
  -5.805338659197493, 2.205841262232543, 10.12048772300792;
  -5.792730068473864, 2.245608181365325, 10.12659402017766;
  -5.629982789099766, 2.251887875341739, 9.876434690096525;
  -7.835140878020846, 1.973093851351232, 13.48523552586167;
  -12.26276175893517, -5.008990345756264, 20.7371462974153;
  -15.71824173505104, 1.51671678137078, 26.49068685033247;
  -12.03082543885265, 1.794420654953321, 20.50715694977619;
  -14.94624320433255, 1.678062106017876, 25.37614674568407;
  -11.60085484016788, -4.467811877848171, 19.95547391431927;
  -13.34168257650783, -1.533157149609289, 22.83792064362088;
  -6.871644347290872, 2.124298600101668, 12.19032850392985;
  -7.809164566278311, 2.038371206072047, 13.76405362513079;
  -12.39222679538874, -2.265096256050979, 21.34370313338808;
  -15.05560800719036, -4.434852914070603, 25.77101854051526;
  -12.69744699214745, -2.494053470604279, 21.87177760378641;
  -6.437768788814114, 2.111410725775262, 11.61441988695074;
  -15.29429094213682, 1.555042375514057, 26.47985840109882;
  -12.06711602807074, -2.46826621086768, 21.09948648803734;
  -7.94696027493623, 2.025846008977639, 14.20275847764142;
  -7.458099063561367, 2.059639843828112, 13.41118487828465;
  -12.37630265964319, -2.449274025237162, 21.72541685939504;
  -12.35302390117261, -4.738921098383847, 21.75920580574722;
  -12.46003133601705, -1.796695123443596, 21.96525495184944;
  -7.025990610061918, 2.023400749242313, 12.78984172561046;
