m=[-7.770499836175483, 2.27725534098068, 9.318533221128785;
  -7.696532307731883, 2.306524332594759, 9.251707804577318;
  -8.783406245526935, 2.182935290994416, 10.59177391780561;
  -9.321494403524753, 2.160511427521613, 11.21063853742523;
  -8.84228549930616, 2.210425535748505, 10.81507949690862;
  -10.82002006272765, 2.04975214718085, 13.06576722007838;
  -8.862953122503781, 2.172113433390911, 11.13625617624206;
  -12.28769189786135, 1.964918988448201, 15.17083128568148;
  -8.851100418633605, 2.234740579491594, 11.17844325928287;
  -8.986312379521005, 2.138282491865871, 11.37410274076395;
  -9.562126631547542, 2.186170703585621, 12.11875522417732;
  -9.838174667356924, 2.140823805201527, 12.48503855874392;
  -8.85352047574249, 2.26379194113551, 11.34168788490753;
  -9.5254814101948, 2.12851650169449, 12.17806527379896;
  -7.753208534129026, 2.289096573308936, 10.08599439667776;
  -16.29126782380214, 1.929088491419575, 20.34150532931658;
  -10.74952883906335, 2.085506110870711, 13.7363335870758;
  -8.466316999812674, 2.276262233251673, 11.04867966333343;
  -8.536762230761696, 2.214824050780953, 11.14286069440478;
  -12.00029555895474, 1.972075687000913, 15.3456068553278;
  -12.7045456872639, 2.152278308381837, 16.20942785547007;
  -7.988521735166001, 2.265107042214519, 10.52083960591388;
  -8.047828358067395, 2.276716829450636, 10.60492419651772;
  -12.67534876463976, 1.984739008207593, 16.22174273457716;
  -9.284779605823488, 2.176837184572754, 12.14531327245807;
  -7.98940753472983, 2.26456157077888, 10.6246483190144;
  -6.937799771868984, 2.3444429582955, 9.403015557754953;
  -6.986763217808258, 2.316763431183469, 9.475087956588622;
  -9.947651681185681, 2.127486836218997, 13.1506576923952;
  -9.582502197754661, 2.158631471260414, 12.71770250540783;
  -10.36183381807363, 2.045016045021685, 13.71546202301957;
  -8.041225260812531, 2.228090319548907, 10.89419321161942;
  -7.719706048024522, 2.272136663296878, 10.52211550438939;
  -10.41010570939225, 2.02230771392899, 14.10067311075656;
  -20.26293844519627, 1.600024149075236, 26.62551888044643;
  -8.107364817687339, 2.263803230988012, 11.21770123060417;
  -9.462114906902677, 2.112316869012664, 13.02777048407347;
  -7.839540752223218, 2.269437480420876, 10.97493425524862;
  -11.36420357749733, 2.04754735329886, 15.54448072025968;
  -9.835781747080034, 2.120863394252471, 13.58318316922794;
  -10.93330456955546, 2.05122691695611, 15.02660801806635;
  -15.12420256813143, -4.72830004631964, 20.45118025649919;
  -9.409230423552918, 2.197934250189549, 13.11965091998788;
  -11.34850840703374, 2.07779857042907, 15.63718038681151;
  -15.13434616535711, -4.626493900054212, 20.55423865436634;
  -7.392738188758106, 2.296782188754017, 10.52190684295269;
  -11.18305329690705, 1.983105955624004, 15.47747503649494;
  -17.64700741717443, -5.087450798984786, 23.91802385110224;
  -16.20863842248966, -5.116542531091124, 22.05828556622295;
  -15.33254883693206, -2.615926856223185, 20.91934035115843;
  -10.56864423913934, 2.072953808822629, 14.73616707355509;
  -14.26585543436711, 1.782275486592812, 19.67423750665425;
  -19.47436101545529, 1.641321189593823, 26.55881046009052;
  -6.745314277602262, 2.351545049076867, 9.785666999209585;
  -20.15105536790595, 1.568900358982442, 27.57737468172057;
  -10.05735693481393, 2.140601572574157, 14.19930570075131;
  -15.53769108892776, -4.862127327430365, 21.45049353460702;
  -10.48313950248853, 2.028962131915228, 14.7905780895805;
  -11.33133545257726, 2.031761818638274, 15.925083734061;
  -15.651253747854, -2.527567393900856, 21.72395408275382;
  -8.155843002575271, 2.262554130822221, 11.75406646525951;
  -9.038320500196052, 2.046056916251795, 12.94807788895053;
  -16.63735406193559, -4.120745215792202, 23.09582598326166;
  -115.4055538780821, -2.848842008278456, 156.5946623731972;
  -15.4955051658083, -2.272525081433174, 21.77413541516043;
  -7.422681104268927, 2.291404731776658, 10.89316800300831;
  -12.46348854301912, 2.023465323016215, 17.74741593480434;
  -8.835495951223162, 2.23829682406193, 12.84220374666539;
  -81.23864977476357, -0.2615186615874339, 111.2179610124423;
  -7.405985420105738, 2.263297193660981, 10.92515439524473;
  -7.191671866850837, 2.332241865468389, 10.63461759377114;
  -16.64947997203267, -4.426863317761099, 23.50565206899162;
  -9.507211296973207, 2.185197203048992, 13.80394259663827;
  -19.4882761727765, 1.754442998852329, 27.42181805414334;
  -14.57044674788212, 1.957445803446485, 20.78189117021232;
  -77.45692931423017, -1.019258003114903, 106.8422311396632;
  -7.482947783791, 2.272657788536876, 11.12624586794745;
  -12.32705130298184, 2.062548526575465, 17.83150545100448;
  -19.24495475410133, 1.770683474975533, 27.39749480878298;
  -17.16788925330719, -4.55510128396638, 24.53238746876168;
  -81.9745755806595, -2.0342676014881, 113.9718118010013;
  -6.626856339553473, 2.348842648908558, 10.0136684923051;
  -11.3410255964931, 1.999819443690618, 16.58989030765076;
  -6.88383171992178, 2.318635094567797, 10.43374586083065;
  -7.022852683158372, 2.333950213097351, 10.63224617156721;
  -9.195279533664278, 2.131370940896582, 13.69537558015438;
  -15.03631302298084, -4.997042152749869, 21.9241115407051;
  -88.91734016193539, -2.027312057129842, 125.6049113062091;
  -15.58653067345409, -2.007192700935004, 22.78992141075832;
  -6.461017982118976, 2.344411718862326, 9.956563196370448;
  -103.6830411163893, -1.248831059138518, 147.1410548784143;
  -18.69757255026301, 1.854698742632728, 27.31078268202892;
  -8.609755841034229, 2.260157654288637, 13.05444583648142;
  -7.913208087805559, 2.282060986671306, 12.07713279917714;
  -8.91356037596481, 2.22503215890451, 13.51405307163148;
  -92.45401079195412, -1.891012950653038, 132.3478086517213;
  -9.16258996522579, 2.17566496480121, 13.89535095885169;
  -80.92941927014351, -2.855918890332802, 115.8725349457789;
  -11.05975536043372, 2.099351727607822, 16.71048062021588;
  -6.824051902397883, 2.338573407543781, 10.67793262582015;
  -6.966829964324712, 2.303620816304721, 10.89308744105822;
  -9.365512994112333, 2.239247423488924, 14.4202972563166;
  -15.67516831442442, 1.978374073265193, 23.59366720564385;
  -12.15628473130593, 2.108240990597558, 18.49500214323171;
  -18.48655890942829, 1.884907653852661, 27.71495180472358;
  -13.12734151427712, 1.896605314808454, 19.9413158288453;
  -12.65924316446189, 1.909672010438403, 19.28922689132109;
  -6.636713890362838, 2.33353940593984, 10.52144093202732;
  -8.675229729103247, 2.212680934799714, 13.54484019162357;
  -6.769800791384743, 2.343536947450792, 10.7909607426178;
  -7.07741745153043, 2.309682728496294, 11.24370324416123;
  -8.935707261649842, 2.22848282760131, 13.97931085949368;
  -7.14851906669765, 2.28079414257756, 11.40095246160784;
  -14.0347720231305, -5.163255628317978, 21.76826143552472;
  -9.349994705364669, 2.211213935959694, 14.88277702716905;
  -13.29890057043444, 1.96594684648104, 20.8186932608217;
  -9.567482292659415, 2.125210093510328, 15.22421232928607;
  -10.62422697235864, 2.149346629920336, 16.82520595235204;
  -103.6153064977746, 0.417948610473174, 157.6015948667229;
  -13.92193197999284, -5.071057924396255, 21.93058925877045;
  -7.807970317963437, 2.254790360681355, 12.71239254280621;
  -89.69895085380982, -1.269695364656594, 137.134481383478;
  -17.15641345447668, 1.952171836161735, 26.95741325269931;
  -8.708961171181333, 2.161222227715168, 14.1339594885335;
  -14.2659680036596, -4.91323671499332, 22.81638911320768;
  -6.187342673465763, 2.375139982277123, 10.38705749314493;
  -7.330161760390969, 2.307943005029032, 12.15065228094355;
  -14.2746501335217, -2.233327728417715, 22.8488690260832;
  -14.21286074265639, -2.40768133557467, 22.7571420834488;
  -18.33848300922891, 1.907907674200241, 29.27776038927697;
  -13.68981641579976, -5.057922432809057, 22.10476199188357;
  -82.3644644961966, -1.652994706634507, 128.9569691651339;
  -6.555402656554424, 2.37675943597199, 11.10269945806824;
