m=[-10.80584526830137, -1.645348680164241, 15.82514058887035;
  -11.21323019901734, -2.554436372007275, 16.38147163013576;
  -10.72269133678068, -2.265861857185391, 16.06411326816071;
  -10.22163808565618, -2.576079209952677, 15.37926026058895;
  -10.69983328613532, -1.526177010452883, 16.12826176146189;
  -10.27691662834979, -2.450306403961228, 15.54970788542635;
  -10.9558136693216, -3.004500557708648, 16.58309293745029;
  -10.43088818053375, -2.040005011002238, 15.91882747929611;
  -10.64239903939695, -2.661544395448294, 16.27452133338543;
  -10.98268937684962, -2.955379243587702, 16.76500351134759;
  -11.90550719576565, -3.549990304209632, 18.10099384835523;
  -10.4035624371654, -2.215779611762916, 16.02519113280343;
  -11.78781761139229, -3.44500279135404, 18.32875058480569;
  -11.72747232781886, -3.544063566590054, 18.32413644634093;
  -11.59977533865788, -3.674457685421261, 18.2927361377401;
  -10.1822027815831, -1.647701766506572, 16.2245581508321;
  -11.59230371857826, -3.467627758861514, 18.3275484728273;
  -10.89840973848083, -2.786025234851385, 17.33574175515233;
  -11.62244049475136, -3.701342476031144, 18.56563195265205;
  -10.1388466435028, -1.465691411129351, 16.3584147392185;
  -10.0707747984061, -2.111551392906746, 16.28338005097904;
  -11.66151075440856, -4.143463249664392, 18.69356945745647;
  -9.984090519804283, -2.766388826525856, 16.20756830037718;
  -10.48916946655814, -1.34859686497966, 17.12948656547378;
  -11.60543555793845, -4.186623393042593, 18.82267831455692;
  -9.943897956826456, -2.187983829232672, 16.31668930076073;
  -10.06228389095346, -1.480495881437006, 16.5469231338554;
  -9.953859838239971, -1.919018333886761, 16.42453757240918;
  -9.963392444713266, -2.233853972944106, 16.44507941913853;
  -10.05241577314077, -1.101702507301063, 16.63260693531382;
  -9.893036812453111, -1.823342202948664, 16.44334875318125;
  -10.67978270689786, -3.586812844774693, 17.77322112976072;
  -9.841604631805598, -0.8443221586147521, 16.55358196894659;
  -10.46589130719867, -2.894773565247229, 17.57096072283938;
  -10.50275663888625, -2.799082426990502, 17.6394070284869;
  -10.13437666659959, -0.5036283554990265, 17.23929648029726;
  -10.02712636506741, -1.631016176785816, 17.06835994220016;
  -9.842332056497584, -1.209958052126473, 16.78470581879352;
  -9.697299260694051, -0.7903709881892411, 16.6044482580626;
  -10.1619720315501, 0.07255212285982382, 17.41682312258916;
  -9.530245947568577, -0.06663251109052472, 16.47564315043302;
  -10.15327654144501, 0.2115456442091349, 17.48978343169057;
  -10.90710295488634, -3.231674755083323, 18.67167113323884;
  -9.927935169271057, -1.212406269953301, 17.13833324491076;
  -10.06789143915941, -1.855515565374246, 17.37017930391327;
  -10.43053813649709, -3.408116196742954, 18.12288534584004;
  -9.923479717872434, 0.2395840658937656, 17.32798333059521;
  -9.583358051693681, -0.111453432897852, 16.77811291867084;
  -10.82441792102942, -3.306566579168982, 18.77922474741091;
  -9.757506104737306, -1.008209257765587, 17.1911465696797;
  -9.746407568351682, -1.146372999982631, 17.1897598668996;
  -10.7966595548107, -3.278201409627937, 18.91344717477295;
  -10.57308634256748, -3.40642831656624, 18.56436135610008;
  -9.720945025535844, -0.2265916182559342, 17.20943863073623;
  -10.80622958817895, -3.356824007199911, 19.00318730197495;
  -10.70300162765587, -3.588569877216349, 18.91711300100494;
  -9.763920979232251, -0.5247069842566633, 17.39469425290321;
  -9.776297901895134, -1.616531740932816, 17.44155682243257;
  -10.33740853148463, 0.2489064109068792, 18.44176856071721;
  -9.808618277092293, -1.262879511886751, 17.56072372678328;
  -10.00643751740256, -2.723937178812709, 17.88812383845985;
  -9.578519403033164, -1.407694787929398, 17.23609607722109;
  -9.794010082187937, -2.260867070747539, 17.59411555001886;
  -10.22756323686844, -3.329382377075458, 18.32833468601839;
  -9.734769070209325, -0.08606849427271927, 17.52678166615678;
  -9.357307108708202, -1.19520354907467, 16.92422138205853;
  -9.617953129457478, -0.9267142864537906, 17.37471656993946;
  -9.678375813869032, -3.492340780011944, 17.46437642228794;
  -9.527943454141646, -0.3918993451589064, 17.32748735452174;
  -9.610778017182462, -1.2342476768458, 17.47589840811293;
  -9.620463307275935, -0.5169542291589693, 17.54115070850292;
  -10.03750906130307, 0.7425306311829488, 18.29778544176241;
  -10.30340178893098, 0.673063427903395, 18.80311759097518;
  -9.7489800545832, -2.472937988856403, 17.96026594512192;
  -9.902851164820524, 0.04114966670149908, 18.29834448568721;
  -9.781006686172949, -2.400753287432343, 18.10051619835779;
  -9.539397124392044, -1.066835594876886, 17.70421773978065;
  -9.762721249179542, -1.645752830169859, 18.08294676650234;
  -9.61728143428947, -0.7459898341795874, 17.84540185925137;
  -9.650169719949416, -0.2945885067335935, 17.91378134591919;
  -10.03658582398024, 0.5705550389984806, 18.59829385377132;
  -10.51416984955644, -3.58712379948286, 19.40793991815351;
  -9.60476996297113, -0.3519306799023059, 17.89364687599929;
  -9.442296318729806, -0.5342234014808525, 17.68972336891335;
  -9.603054728624944, -0.3103777498757812, 17.99248911907219;
  -9.754666941708177, 0.5948548724101882, 18.29616233606451;
  -9.695450527694897, -0.191454808416711, 18.23069379355922;
  -9.574562340326748, -2.199653610159402, 18.03010496437649;
  -9.83116557290011, 0.3997326531213062, 18.50676836900346;
  -9.775260703028334, 0.5203416303359341, 18.41354556516298;
  -9.402511867678761, -1.579461294698683, 17.76905974266293;
  -11.68497713221635, -4.561710244441691, 21.84582261885224;
  -9.797709730219717, -0.3848832304718688, 18.56549538820209;
  -9.209898293833724, -0.9386655785606806, 17.52584612825325;
  -9.85880490626341, -0.04961729328675412, 18.70463090288098;
  -9.352467703972282, -0.5305011891672543, 17.84301939610653;
  -9.149500328938576, -1.368663439250127, 17.50277953523394;
  -9.874443927348908, 0.02588537630615263, 18.84742001328533;
  -9.724947276273261, -0.2872975649168387, 18.58670977013738;
  -11.59240308868847, -4.307816109668164, 21.92337252646568;
  -9.704178951260303, 0.7533635163921515, 18.62415939192687;
  -9.302811663689875, -0.4304104270949665, 18.03646356336921;
  -9.653569128623705, -2.694535179550807, 18.65930773382525;
  -9.637553422155001, 0.6727712617004793, 18.70878647524297;
  -9.307431278010975, -0.867509196870654, 18.13026131402674;
  -9.198038175512968, -0.5516565451163739, 17.95071478113163;
  -9.10660182201797, -0.7461415586329023, 17.79788913476609;
  -9.519183367506475, 0.760472063107503, 18.7745236328656;
  -9.830359429650622, 0.5021038858936719, 19.35548517930396;
  -9.592227600836377, -3.035004866267845, 18.9125044009517;
  -11.71436591559353, -4.625782362892732, 22.82361540298559;
  -7.714404256731092, 1.231584162390049, 15.49375666609642;
  -9.691792120162498, 0.3725373530529708, 19.22936951445675;
  -10.05469006820262, 0.3087334320423624, 19.90516594723324;
  -9.584899893487878, -0.8260549083798189, 19.0445995273753;
  -9.570386645235208, 0.4165955243999858, 19.09768174475439;
  -9.767504351136934, -2.845635775843906, 19.44953239037355;
  -9.573858862957655, -2.291489724784654, 19.10475297029848;
  -7.620821122857027, 3.238036446997169, 15.53959335641806;
  -9.576010561719006, -1.583529767787802, 19.17595985953092;
  -9.600540563903289, -3.168756695879837, 19.21782244732403;
  -9.266331136851909, -2.831796217157653, 18.6734639383394;
  -9.58469800141483, -2.493908232622508, 19.36157933942949;
  -9.124501878485248, -2.68179834783957, 18.49204104533153;
  -9.112393158143807, -2.537131878170633, 18.47327768296347;
  -9.678179359924506, -0.01782013069552121, 19.58163064282702;
  -9.583441824545348, -3.217094645190494, 19.47533012672847;
  -9.476653277073167, -0.098823339912675, 19.31168586283546;
  -7.472896334136357, 3.68872017833375, 15.52270781697439;
  -11.38340965998865, -4.584735077386981, 22.92978151695846;
  -9.297355814817323, -0.1250640449134715, 19.13446907179861;
