m=[-3.436117414360453, 0.9470006738113407, 4.769681118212759;
  -4.081987926042136, 0.8673187640682655, 5.51233999569974;
  -5.979405647189169, 0.7580259470266703, 7.874129924958021;
  -24.24472748029403, -1.494929373709853, 29.25341578207644;
  -24.4509054290796, -1.999156106032381, 29.56014491460425;
  -24.09393131906427, -1.678169713805089, 29.37743312606906;
  -24.27740439291729, -1.83445777107059, 29.86363995335827;
  -24.77352456639789, -2.115566008459017, 30.65208285166246;
  -23.51476728259255, -2.419815687796396, 29.19197778470426;
  -23.15977130012649, -1.578209459067939, 29.00541509177564;
  -24.27518404666562, -1.868269812964104, 30.42834370481619;
  -24.4894851127439, -2.425852217320556, 31.11083704238857;
  -23.47229079843015, -2.512059500785234, 30.07263178923687;
  -9.628632962723611, 0.07538829698660839, 13.13583357674004;
  -32.32679153555104, -1.174862773139691, 43.01385797491218;
  -4.182079472152076, 0.8698996616792493, 6.446125577630993;
  -3.776185896831277, 0.9042940679210832, 6.037387798196276;
  -5.489118222792238, 0.767187822652221, 8.360860302475158;
  -3.28028596795881, 0.9399889938046062, 5.413375596080837;
  -31.37061652813326, -1.104542003202795, 43.98820315642259;
  -2.980760790928132, 0.9538016143940546, 5.072732548243073;
  -3.779254439643309, 0.9008676075941593, 6.225962024666482;
  -4.599308736997582, 0.830680187234072, 7.39701804912754;
  -5.537733089737382, -1.62354744565215, 8.695962423310462;
  -3.833384511352097, 0.8986482709781204, 6.348297210596308;
  -3.782823350247134, 0.9145163121497998, 6.351765090378172;
  -7.117694354373318, 0.5727420946870884, 11.25243775650981;
  -4.742110637244054, 0.8057146067731308, 7.840526223686966;
  -7.098792223157926, 0.6270349221676416, 11.27761817646859;
  -3.957203027022713, 0.8903329687370977, 6.789583378715308;
  -3.984995737507802, 0.8739550566955644, 6.896648101052564;
  -3.608439271411402, 0.9361969304216782, 6.427116790436993;
  -3.386368745269444, 0.9346466684253596, 6.43764532181879;
  -26.29037630023982, -1.467377392701827, 45.42759926975704;
  -5.858208992502976, 0.7451580152790744, 10.96365607904044;
  -30.53048133201435, -1.141092239439491, 53.513381004248;
  -6.141408989829968, 0.6932175267971414, 11.52262382857645;
  -28.0810974926432, -1.513910941775561, 50.04429613430754;
  -3.331707630915204, 0.9191789135575553, 6.784636461151595;
  -6.003134154209299, 0.7496027226569362, 11.60152436248173;
  -2.921109901169063, 0.990911176989513, 6.150456570806;
  -3.645930437065041, 0.9179508779163194, 7.446605525774299;
  -2.876995053089754, 1.008582156779327, 6.123629429571721;
  -6.128717091663364, 0.7297745820933687, 12.00408106009148;
  -25.91385229255534, -1.238939673173664, 48.40150966951911;
  -4.696546416741846, -2.245039387432882, 9.473836611524115;
  -5.939807325129536, 0.7504822259721364, 12.00852823320746;
  -2.969982602169164, 0.9906133203679479, 6.582062598844579;
  -2.610696078023728, 1.040209632625388, 5.927765224702743;
  -27.3189592463079, -1.178087445642743, 53.43908312507937;
  -28.52859054156039, -0.8864754417090319, 56.27592074128392;
  -2.777474529947245, 1.022224056085987, 6.365245380455433;
  -6.102582121530443, 0.7821790795789794, 12.89406861499053;
  -23.64397566295471, -1.115440418350541, 47.58673058659571;
  -4.409287136898895, 0.8788011895396649, 9.640722471090585;
  -2.509006418979624, 1.061376342272093, 5.879848776417546;
  -4.318557307521732, -2.21823865839676, 9.462465199083773;
  -4.419407668617407, -2.070828932792523, 9.68141119936354;
  -4.448886337851126, -2.211705906766017, 9.747794721498384;
  -4.708105448107038, -1.119705089466703, 10.35581309354369;
  -4.411960533109749, -2.326069922774567, 9.753181161450666;
  -3.009827128053352, 0.9638124433679909, 7.007065055885753;
  -2.909669451230344, 0.9936522037417398, 6.809474706985169;
  -4.291961892310499, -1.968816571949932, 9.620016488640465;
  -4.979197224242051, 0.8507973686439621, 11.11171593501018;
  -4.397535887516309, -2.206385383114544, 9.848370960015393;
  -2.407639993655718, 1.060624999543911, 5.893637585937332;
  -2.609360225262991, 1.045006089729089, 6.472803929932748;
  -5.430664554644145, -2.422834815073109, 12.46069102436654;
  -8.51426256958408, -0.9579055895173896, 19.20570641341403;
  -8.638713267745045, -1.10583638198167, 19.58376291833913;
  -4.34598929385763, -1.206881320797478, 10.31576099623469;
  -4.502578936027295, -1.293669616797171, 10.68543301040779;
  -5.393138382080299, -2.291178803270461, 12.79529351722045;
  -6.598759503670753, 0.6506982491420896, 15.58944737909933;
  -4.526191178775068, -1.286611452761924, 11.00736280445729;
  -5.605916687803493, -2.527576631807848, 13.50824087298525;
  -8.568584126317985, -1.405743930606929, 20.44095962550855;
  -6.11235489899545, 0.7560194431189837, 14.91676002910219;
  -22.97651298189733, -0.7879756844451695, 54.36899736250528;
  -5.58384880319372, -2.572581247445883, 13.79419687166611;
  -6.097635053659029, 0.7621001624651392, 15.10728400531641;
  -25.69495886676846, -0.3215177552938999, 61.00161595911319;
  -3.109571859444007, 1.009644911352601, 8.176164735249316;
  -4.362358029890724, -1.758128277275166, 11.08851603427104;
  -19.52763317790298, -1.388789344929304, 47.20378412152918;
  -6.344413825983057, 0.7489985461314951, 16.00588576566838;
  -4.352395663644328, -1.42910037902307, 11.19065551699038;
  -3.776132870931075, 0.961703956135506, 9.9039948368991;
  -24.46637153498218, -0.1663279072154646, 59.43240462494985;
  -4.352431944182041, -1.793934158019392, 11.22546131479017;
  -4.325479507943851, -1.64277511731067, 11.18665446724156;
  -4.161458568725588, -1.52426679867553, 10.8326059980779;
  -4.932550705846326, -2.279844384822907, 12.74376576115732;
  -2.296105701661936, 1.091607967940194, 6.485832683491167;
  -2.851920077608899, 1.023906804299645, 7.841265087129663;
  -2.931407972114065, 1.009868659543111, 8.042322364966717;
  -33.28771997596506, -1.883032506379951, 82.17545715466493;
  -3.835465689145321, 0.9483976304406699, 10.25310191392693;
  -5.988694935237109, 0.7338630174999126, 15.59510114134451;
  -6.744318486629313, 0.6846857346576757, 17.48999956177641;
  -2.422214749686744, 1.08033748946158, 6.885394848815013;
  -4.376301129444821, -1.716626380305706, 11.70787349249612;
  -5.174122398575794, 0.8337867123718474, 13.81806269117574;
  -4.19484034549316, -2.001077694333112, 11.34147728718229;
  -3.976051505187721, -1.731679518442369, 10.80093470239642;
  -4.12565059496984, -1.579560369568608, 11.2737032095513;
  -2.357064554087262, 1.093731693330188, 6.886651203633842;
  -5.021252770391187, 0.8563427267465428, 13.74266470248769;
  -4.728096667649628, -2.580692169500077, 12.94396845778401;
  -6.481944518220875, 0.7477267508314993, 17.70706484558105;
  -7.031592653346229, 0.6249814403925715, 19.22966828765052;
  -4.606454088490271, -1.259142877583125, 12.88231634464119;
  -5.29933162814804, 0.8263364140533376, 15.01552556683028;
  -3.744702494018267, -1.778595432211938, 10.80043749140086;
  -4.909871015100791, -1.24649012969066, 13.97033653049294;
  -3.772369670910439, -1.479422364210663, 10.92960288001445;
  -3.771076208839947, 0.9394080061876967, 11.09537274064256;
  -3.634682941652675, -1.703814130007787, 10.63133605766315;
  -4.043764073612328, -2.135165276861873, 11.78323579590735;
  -4.321834174073594, -1.455828045184916, 12.59041563776114;
  -4.546574449032923, -1.232344669436744, 13.25394372275455;
  -4.771921340099081, -0.9948708663594578, 13.92672173803274;
  -3.569842091493639, -1.832306918579702, 10.59503962812157;
  -3.610380616595269, -1.795957115467241, 10.7162786653848;
  -5.907518926920675, 0.7157489675537097, 17.18336027809463;
  -1.84548566400022, 1.133956236284245, 5.967666772699992;
  -4.484218944709644, -1.091038660479723, 13.19774682543287;
  -3.486981617625192, -2.170635232175914, 10.502860477452;
  -3.546466826997286, -2.39894849461913, 10.68949419576012;
  -3.484148324722117, -1.626473822017666, 10.55228898770656;
