m=[-97.7193014172489, -3.4595946713811, 117.3828418262674;
  -86.59359739567148, -2.206347698896073, 105.0180969530237;
  -9.823545794532237, 1.599845079446601, 13.00615367646069;
  -7.199673715385113, 1.744470812026107, 9.79018791518342;
  -6.389524126178914, 1.823574504545273, 8.895872568607835;
  -9.768804387627171, 1.57808582941194, 13.23479651058422;
  -7.940366879702695, 1.698491202414145, 10.97092091334162;
  -6.555438285332044, 1.831861832742249, 9.231203330467883;
  -6.449985986278319, 1.829122966257098, 9.166975731555608;
  -9.782155560692006, 1.586152328084449, 13.51808097129295;
  -7.184706352041395, 1.820189619995182, 10.19154426885973;
  -7.324584611461027, 1.748513210152767, 10.39774991168225;
  -8.873864046141293, 1.67856621897028, 12.42765294604194;
  -17.3742823468638, 0.482215981099755, 23.5020566532173;
  -9.2964642183964, 1.559685886272298, 13.02510328051463;
  -6.214450208450694, 1.845720951919378, 9.095423106943477;
  -6.526839410093414, 1.797203007427612, 9.524449580761678;
  -5.628824870417284, 1.84810797530955, 8.399982279192612;
  -6.590541946970252, 1.780545175619551, 9.705961579390388;
  -6.349016647322499, 1.81121970307238, 9.406928971789485;
  -7.682213045987263, 1.679496748311771, 11.18760231400817;
  -9.091385624520418, 1.615949569094211, 13.06023889275797;
  -7.746089948869206, 1.673240846806226, 11.42526635130263;
  -6.6130677881117, 1.798980447358299, 9.920522012649041;
  -6.508488142263071, 1.841203904425656, 9.803420584356053;
  -7.052340691527277, 1.740569525508816, 10.56841673114663;
  -5.999368477954662, 1.867352042098908, 9.153870681572901;
  -5.769802058526252, 1.853006745129162, 8.862509323571558;
  -6.191350431828522, 1.852862674886272, 9.442508422709249;
  -8.782984231987115, 1.590824097217613, 13.06891432370315;
  -7.191647825925159, 1.726122387379574, 10.96787995558251;
  -12.37470565381574, 1.405374642664482, 18.19675070753014;
  -5.179345174113105, 1.921777738027708, 8.294335655700145;
  -6.753442413525194, 1.75776356517024, 10.57263204761377;
  -6.359198443222351, 1.84475853551061, 10.01318335032721;
  -9.526312500131709, -3.337473162452215, 14.58305809343477;
  -6.264288830067167, 1.820253522710195, 9.958943024085828;
  -9.136969439974017, -2.071162979986947, 14.1141053103602;
  -5.077155925206811, 1.936492342595647, 8.262220993055287;
  -5.961514318274664, 1.854632777409388, 9.535095023618982;
  -8.371006026711786, 1.65468898658193, 13.02396300664882;
  -6.113383085911382, 1.858465210763, 9.776708092535381;
  -9.609323785166563, -3.263716022715174, 14.93383021543485;
  -9.005707384885328, -2.101487009770573, 14.13935133793095;
  -9.211588586383108, 1.652430496266577, 14.44599629889411;
  -6.00354461312722, 1.865522281289197, 9.761952137401915;
  -9.016959133303288, 1.669177524713752, 14.20496653259958;
  -5.048668606786648, 1.96530255113645, 8.441406058559016;
  -9.373628027826154, -1.780641022876996, 14.89371871923003;
  -8.967986212398957, -1.923024560305388, 14.3162019577776;
  -5.690214308678252, 1.915917136083046, 9.43319055491509;
  -5.851318474186653, 1.849529400357527, 9.678238385771241;
  -7.224264669914245, 1.721006308080553, 11.74032165352366;
  -7.956554771613881, 1.664802907031628, 12.83184491264576;
  -9.323659719392008, -3.152169649419992, 14.93053626840891;
  -5.041317692400012, 1.974397301694294, 8.532800005307804;
  -8.955938991429555, 1.694353901138766, 14.4071562213961;
  -5.186580337519877, 1.98956336345539, 8.7610614720243;
  -9.602589104351761, -2.992284000058365, 15.45812634640513;
  -5.634442963175374, 1.901946115011643, 9.482111637669306;
  -5.993082356368629, 1.835551747208458, 10.06283883787491;
  -5.517658601462723, 1.923091728030613, 9.357294665156845;
  -9.731121399730537, -3.407311965802703, 15.81526122246445;
  -6.104663840132957, 1.795908394117111, 10.25907331652423;
  -5.620884912875182, 1.859306912031006, 9.530882739391215;
  -5.562540929920765, 1.907709790924481, 9.461265367351038;
  -8.843560550703845, -1.541582074423019, 14.54126010341808;
  -9.415209437895129, 1.657484231038778, 15.46890148229364;
  -6.787617565844952, 1.754906919101641, 11.42200197100593;
  -9.6207061233553, -3.311430587984168, 15.85229536563595;
  -5.455202243084329, 1.907064671731864, 9.39530167935256;
  -5.503637527505482, 1.87305498245621, 9.527254803352911;
  -9.135555564224175, -1.740253370988318, 15.21998409544443;
  -9.529524345308841, -2.959387769094406, 15.90391179354469;
  -6.304208139355279, 1.808730390837967, 10.86249618380274;
  -12.13944451552706, -0.01160868782290353, 20.03650076472068;
  -9.557807689890399, 1.623694540793593, 16.07981894108651;
  -12.57291814686109, 0.06619440451088897, 20.87378694889088;
  -8.75511752254382, -1.048852110923135, 14.91177923359137;
  -5.39435071150174, 1.935451428426571, 9.547679638705029;
  -8.728513032667646, -1.638981277133383, 14.9013387879363;
  -5.181212466067822, 1.921386637359419, 9.223656559914149;
  -6.865585156758523, 1.780263229899775, 11.94603190238858;
  -5.756878614240907, 1.796881938970033, 10.21388129426348;
  -5.045940249256987, 2.008068610546911, 9.096071301286207;
  -6.389473899459857, 1.809805151000427, 11.30727348474214;
  -9.133774173970904, -2.118307127059266, 15.82962250753087;
  -9.707062950988526, 1.610434008225196, 16.75828715244767;
  -8.358288321300719, 1.707672796269189, 14.61141739972844;
  -5.892953151974919, 1.880249568268461, 10.60549501391806;
  -5.53294475364353, 1.871129516489002, 10.04254009153377;
  -10.49853288134436, 1.584941607025089, 18.26352032167199;
  -10.52477463972751, 1.51853581443385, 18.36742777513551;
  -5.164047752435031, 1.928711412436991, 9.54097952098712;
  -10.84654770282297, 1.486492037565571, 18.98362174724169;
  -11.2873871494628, 1.420829679475038, 19.71952125953368;
  -8.57533215044467, 1.679205149344472, 15.29381617251246;
  -8.576196574442996, -1.909971548322567, 15.40987873394622;
  -5.469317536158564, 1.891051862515596, 10.20950998982769;
  -6.848092046913389, 1.838034577525367, 12.62574506512655;
  -5.587614250476842, 1.884631909374595, 10.52044313313246;
  -9.853084170676949, 1.51636214773813, 17.81563508948421;
  -10.69936551028803, 1.461902698413171, 19.41173758327799;
  -6.00077426160231, 1.782648207544983, 11.37948006028401;
  -7.912873886846419, -2.0660755745175, 14.82625721953071;
  -5.986984644494937, 1.847359831981949, 11.44945110566283;
  -5.414355664642564, 1.9247970749462, 10.4493060156924;
  -6.401475869234909, 1.858485804193932, 12.23858432524033;
  -5.855279202959153, 1.867808785973783, 11.28342228456986;
  -7.893805624760912, 1.811127697536474, 14.88474498927841;
  -8.019110889013991, 1.762191428067903, 15.15104389935101;
  -5.964878344234688, 1.827677859303756, 11.57676653060313;
  -9.998298686939982, 1.60758843017324, 18.78778206209186;
  -7.755207759850351, -1.848690212025638, 14.84964151858956;
  -7.490283400043284, -1.988857199616454, 14.57613499567196;
  -8.30025024237454, -1.165500728706451, 16.17914509236463;
  -7.826262406706312, -2.171296197190421, 15.3295678085164;
  -8.333707090898665, -1.173970614493979, 16.36487196387331;
  -7.555207791699237, -1.371180322658721, 14.99384089584748;
  -7.568135238178776, 1.738535328271181, 14.99715405918412;
  -8.316342379300487, -1.236485877470322, 16.41630816278965;
  -6.405050936188387, 1.82481537104135, 12.92161279023759;
  -7.41698317425455, -1.463777682939628, 14.95007445873244;
  -7.591234132315502, -2.133131465516599, 15.29021161870363;
  -7.702361503417427, 1.771170785639928, 15.47876527978723;
  -7.498082101053152, -1.89538997477139, 15.12973805657355;
  -5.061803144682475, 1.971627999743855, 10.54804050945656;
  -6.309225438404069, 1.824542488105459, 12.93078606852783;
  -7.602811788536478, -1.910632568782185, 15.42169182988043;
  -7.550330948556407, -2.180400931831182, 15.40008171018365;
  -7.393188897534333, -1.799875961902923, 15.25000219822006;
  -7.537345713126804, -2.153430487952867, 15.5623490106667;
  -9.640414282061965, 1.696770697505496, 19.68994145422937;
