m=[-4.870218858201248, -0.5728354128322546, 8.589615413126403;
  -4.77682871342626, -0.7020204897838697, 8.595679059017339;
  -4.715978061722893, -0.4149627621356886, 8.634288207964856;
  -4.73562806654557, -0.6788677794952587, 8.913796511438925;
  -4.680904102580394, -0.6367231568111237, 8.857795316158313;
  -4.557119353194987, -0.6816943464431499, 8.717662439165451;
  -3.877899659988336, 0.6190963871788541, 7.78844765037722;
  -4.735014902003257, -1.305847216162636, 9.340775972434665;
  -4.74639115129177, 0.2066087174925471, 9.471411240069166;
  -4.684250181891338, -1.304534886140661, 9.364652803345948;
  -4.62909316946239, -1.414653581072798, 9.328525291244473;
  -4.580692847719371, -1.192266819719182, 9.463224130383251;
  -4.552459466018457, -1.055075512494276, 9.437595595701644;
  -4.656676107598013, -0.07198027046030633, 9.757880923922143;
  -4.716835628989196, 0.01017788903112296, 9.871533586457595;
  -4.557530568406468, -0.09026066417257357, 9.8107996416457;
  -4.640736848296815, -0.7724361608758651, 9.982462839832554;
  -4.46243578838295, -0.6612238165226282, 9.689066232633371;
  -4.585045913032024, -0.4950866291226131, 9.966426952292295;
  -4.63297668855207, -0.4494630317306207, 10.08390120022365;
  3.64483954658193, 1.505428007384267, -6.289228373610975;
  -5.346564123030473, -1.013636629459409, 12.57839241655881;
  -5.263759891993411, -0.8549827186061894, 12.45765792872456;
  -5.137793883233918, 0.3087530352930693, 12.42381045119523;
  2.976476694613052, 1.146521573906354, -5.37043429693327;
  -5.12049260387919, -1.554596425624451, 12.94456627240601;
  -4.963827897298043, 0.3632319208899564, 12.65175917946911;
  -4.98285091915196, 0.09565049135678597, 12.79624626077026;
  -4.991593600161941, -0.1967160876533077, 12.81617873982644;
  -4.926254050030309, 0.4772420331495779, 12.83721958113004;
  -4.921003284602525, -0.6336233281187519, 12.87448283677615;
  -3.689453200409392, 1.730399229572898, 10.04509755480133;
  -4.873336775148587, 0.3674789576070773, 12.85655877511283;
  2.94938169945798, 1.096010370005432, -5.577824824177439;
  -4.838090347811659, -0.1995427757017499, 12.86921039138974;
  -4.808733362504138, -0.636693846197342, 12.84379755317873;
  -4.864678253201924, 0.4738016981153428, 13.12369162119311;
  -4.768282689136878, 0.5545207259432547, 13.00867597957717;
  -4.741521433415539, -0.207511675212676, 13.04850674755712;
  -5.00722419327218, -1.059243556687238, 13.73483189901128;
  -4.642309086032465, -1.580218113274682, 12.92975397759323;
  -4.751582055818611, 0.4745373250076331, 13.28712294296766;
  -4.702445488142208, -0.4036758666883046, 13.26105021536824;
  -3.556245837122158, 1.730153348653492, 10.87814886206544;
  -4.582432066314593, 0.7321980749915732, 13.59816448442513;
  -4.620533809472785, 1.136626487360797, 13.70698359655371;
  -3.250740770684792, 1.807027463898197, 10.08557877120314;
  -4.574810420541262, 0.4703039375492866, 13.72527498050508;
  -3.207055221198029, 1.773393781045878, 10.12865141215548;
  -4.457141430519401, -0.4527926455228164, 13.5690205085946;
  -4.447463491596624, 0.7214155543615325, 13.65338698338864;
  -3.043301629430878, 1.836463679560877, 9.843689439360395;
  -4.389659684132492, 0.5348572981312214, 13.61284479504557;
  -3.164936052588266, 1.753097224422983, 10.24703689534725;
  -6.854193106488844, -0.6885278036807899, 20.55297445467811;
  -3.828162491394529, 1.708340321297087, 12.32419929341332;
  -3.137733564696501, 1.750687968796365, 10.37281689055986;
  -4.275604988831868, 0.7992401499052159, 13.79605831690217;
  -4.308040413030613, 0.7029971299152, 13.91295668963766;
  -4.194855557901611, 0.643995944551829, 13.63382072480854;
  -4.281370413980134, 0.3376025570363511, 13.90126988788504;
  -4.254503196239783, 0.7399235255316027, 13.87811130728441;
  -4.240048128373615, 0.5245457697391412, 13.89252034632608;
  -4.235040883361929, 0.7958785450047212, 13.97432406622515;
  -9.120914778548032, -5.246213657054992, 27.19544176022261;
  -4.27218271330448, 0.265074720700554, 14.20985773330214;
  -4.225045250539134, 0.4384587245142109, 14.0838313493952;
  -4.215888791883952, 0.7274703605016273, 14.06767243277919;
  -4.174743330368884, 0.06003570074794698, 14.18865833950428;
  -4.132345781880162, 0.5170055698965924, 14.13931391546044;
  -2.89467787802403, 1.832860917071905, 10.4368951772476;
  -4.183807570894073, 0.4571428062572658, 14.58394401529883;
  -4.055885565575371, -2.344300835474386, 14.16974375162938;
  -4.121959476906896, 0.04317519345142674, 14.42539728644145;
  -4.099765799696339, -0.2358384112595554, 14.42543514828031;
  -2.563105577250851, 1.898060726679909, 9.68611254889767;
  2.500883586857092, 1.60216823240842, -6.476131093492556;
  -4.009254063603869, 0.03624719129030229, 14.6300969322016;
  -3.98621480192305, 0.4114714521662777, 14.68706448770927;
  -3.963105220534861, -2.224873453315346, 14.83570638896205;
  -2.980232342460595, 1.649712291235655, 11.64356066994998;
  -3.911682573654373, -1.661833553877767, 14.78419070420907;
  -3.078765481558142, 1.50513093668079, 12.07485229863452;
  -3.841145100980697, 0.3412154131077812, 14.68587412224435;
  -2.914632195355974, 1.718367370796264, 11.58320284326038;
  -3.978082002435305, -0.9040173701094628, 15.20771525106773;
  -3.849835259631804, -2.648248411150542, 14.83001223928464;
  -3.823240293515656, -2.490212653969611, 14.77577613385881;
  -3.837835816680769, -2.396355840652741, 14.88085001250072;
  -3.838330154483902, -2.25461008255104, 14.90992341967382;
  -3.807958772093254, -0.6025202769470881, 14.86625562680615;
  -3.687183360848648, 0.1589104062834454, 14.50426498940869;
  -3.045407225350868, 1.35218654899961, 12.28503389637981;
  -3.728169896540616, -0.2105548417948385, 14.68010969703519;
  -3.785943277059903, -2.713777070890326, 14.84894969343078;
  -3.806903332540938, -0.5191635951644126, 15.0022045676405;
  -3.734266808728564, -0.6727295172376336, 14.76369337984574;
  -2.87310649492561, 1.459495609568853, 11.99277027401408;
  -3.63471971941901, -0.240102400547125, 14.78159334123166;
  -2.778940359767272, 1.731755394173444, 11.80900182171138;
  -2.148591279389589, 1.928256643860421, 9.517279861124823;
  -2.760983143756171, 1.481664249219365, 11.86314981008326;
  -2.562834511341792, 1.795479494743868, 11.14381397821223;
  -3.628082312580109, -0.1825263126314699, 15.13447974031265;
  -3.511881919030973, -0.2271974353558854, 14.91463326521908;
  -2.696755415774008, 1.530419070570249, 12.05477575649572;
  -2.638227323139371, 1.718358447772079, 11.8362754082719;
  -2.664703939601976, 1.642847313478437, 12.0185309566119;
  -3.215765111017638, -0.455427920809835, 14.1570745614574;
  -2.746995119524882, 1.431168098529267, 12.38789783410516;
  -2.378189076011905, 1.812340257293621, 11.00229238872868;
  -2.651745683769372, 1.322248133482125, 12.09458524457812;
  -3.103553142260835, -0.1384748268061105, 13.99102755657954;
  -2.473356579069935, 1.733068753639309, 11.54832397638105;
  -2.532765330163459, 1.460208837537061, 11.99164087012989;
  -2.267081234306013, 1.812702244387417, 10.98840442732025;
  -2.744637134912881, 1.467762307261923, 12.96264976606016;
  -3.03839321903762, -0.5031683659712127, 14.329806643418;
  -2.545788231865873, 1.393288893783395, 12.46020913525101;
  -2.49326074241612, 1.488017397761457, 12.30623651995352;
  -2.752503074165305, -0.2963855838806416, 13.45868209469802;
  -1.880486754639986, 1.960764582128711, 9.892040668057318;
  -2.270362812098855, 1.765357558010515, 11.95382937393357;
  -2.055979568884507, 1.815419456406474, 10.99707626411068;
  -2.211028088181052, 1.788158663869112, 11.97454042161386;
  -2.189102265026484, 1.717036907445484, 12.02666618010806;
  -2.592489336938237, -0.1099488141481394, 14.10019944139925;
  -2.487195723354561, 0.02076820979137699, 13.60130745165295;
  -2.098939622743855, 1.752769391653376, 11.93358087458893;
  -2.262802541836677, 0.1839346018332081, 12.8013459175619;
  -2.296451583726376, 1.624452933082834, 13.07946025718022;
