m=[-7.852218355125643, 1.770475154823891, 10.18514041002487;
  -7.07469879165232, 1.861704642149703, 9.309020762066711;
  -97.10121239253756, -1.890377661958486, 116.5326103373441;
  -7.66176191184818, 1.827557131740855, 10.09273687789544;
  -7.91614351018922, 1.767714744955256, 10.39891821469756;
  -100.6794821746086, -4.20257539584438, 121.142132042192;
  -6.767984232145921, 1.880988413801518, 9.136883971634495;
  -12.28442871998053, 1.471597249527925, 15.89476180201185;
  -6.526923363929162, 1.892517862120995, 8.906514844617869;
  -11.59408030219495, 1.58415755584672, 15.07680185219791;
  -47.40154440486112, -2.793225631983279, 59.13791821121931;
  -8.854756835332337, 1.766827539532927, 11.85912822492938;
  -47.98138504653569, -2.562447317943015, 59.98723045390337;
  -46.30019379965486, -3.675256308819013, 57.92857687533105;
  -46.22547604600631, -3.110407825599406, 58.31060600224302;
  -45.33516268541089, -4.473389229673496, 57.24995303990905;
  -46.76262866011889, -4.105502462378409, 59.13085002465068;
  -7.014555301788949, 1.862194061127802, 9.720073379934807;
  -7.336789801753531, 1.846406662202105, 10.13530699785225;
  -45.59367284800751, -3.337380090354459, 58.06716971519285;
  -47.60707388934615, -3.170963608459891, 60.6324099153696;
  -7.576890770806801, 1.785187118472416, 10.50673284412399;
  -7.764716820900402, 1.78477889778479, 10.74571582214256;
  -48.59394594322976, -4.042970149890458, 62.24213608145623;
  -45.43593825681794, -4.621740137908591, 58.3747998444277;
  -6.981484911311402, 1.872720709688435, 9.83323008537878;
  -7.665786592830248, 1.771153923286827, 10.70992962108206;
  -6.782702040759393, 1.855506756460331, 9.60413043572261;
  -46.11273831758704, -3.022169198525541, 59.71719390004598;
  -51.76152080866743, -2.821197226819755, 66.93243511328102;
  -47.56383863106532, -3.54795958572331, 61.71716707508454;
  -45.95253111835489, -4.834133220839904, 60.96721656557995;
  -7.57018510808555, 1.772396889966169, 10.96843529929078;
  -7.715218491416808, 1.793732258758647, 11.19768796001551;
  -7.92448110860558, 1.782424559353656, 11.51485487898377;
  -10.96376575339043, 1.652196043897469, 15.73477907655106;
  -7.433149106175796, 1.851099818158882, 10.99863099280235;
  -7.591284492308563, 1.807959091876618, 11.26244119687215;
  -6.161923712467781, 1.96628242461622, 9.36916196888221;
  -64.08810081878434, -2.005815528429563, 88.71593892080811;
  -5.795901259603705, 2.003739360782898, 8.925745615884026;
  -6.206230167647187, 1.980082284728014, 9.532686585578832;
  -8.088233461142258, 1.805280484670896, 12.16489094294334;
  -10.66628916118565, 1.630482480590194, 15.83918957231346;
  -5.82426560860587, 1.903876037181338, 9.166800719549276;
  -5.764611530452584, 1.997718046771328, 9.13283112902238;
  -7.177166243243889, 1.85121267121938, 11.16255074793283;
  -10.33420447502212, 1.578052428531819, 15.67110088803649;
  -6.268310878921159, 1.928639617733687, 9.96396707635137;
  -8.188479607162211, 1.792649707696594, 12.72470773707819;
  -5.639178626302644, 1.972930365071407, 9.076426567964552;
  -7.430603779733128, 1.750208022412547, 11.70020077872632;
  -60.30802696470504, -1.849835727494908, 88.09693543978942;
  -6.145007926963855, 1.952042251128547, 9.870779783488601;
  -8.385566561268144, 1.756023613913168, 13.13577216732074;
  -5.633592666209601, 1.935051746216309, 9.191075366405014;
  -5.636051637880725, 1.971920410395946, 9.22533403346319;
  -7.272015347678404, 1.865705715889936, 11.67890272395077;
  -10.21861100486766, 1.697214169018011, 16.02357853424535;
  -6.223269081769393, 1.918266618995753, 10.15510991307266;
  -8.510585662103733, 1.686190527807702, 13.55773225848005;
  -7.353325631321475, 1.710734031075305, 11.8476429432183;
  -10.64519154339656, -3.179816879090534, 16.73444739862372;
  -5.585722239069754, 1.949865177185403, 9.268141380365133;
  -7.349050815251741, 1.857358687961608, 11.88947254107451;
  -6.642671364470294, 1.920143777104717, 10.89324757227949;
  -6.065848867110479, 1.95239007165167, 10.05431525495798;
  -6.512838717160047, 1.90155887277726, 10.74898846636404;
  -7.258036063189026, 1.89752451553368, 11.91141947529744;
  -6.929051030601849, 1.88774381043557, 11.50846641485471;
  -5.482180607658514, 1.993938549569924, 9.309732362401974;
  -9.044691022007921, 1.682304758169817, 14.84643140073163;
  -5.494169177339532, 1.960510006766374, 9.466271669250167;
  -7.813161646630152, 1.763278687065155, 13.08899990007686;
  -5.296200563096763, 2.004598407362964, 9.217090583640973;
  -7.548403912798787, 1.841176314648289, 12.7377490134182;
  -7.194863719972695, 1.880466738619954, 12.20604491405041;
  -6.560923240082142, 1.933692278785868, 11.28123847009338;
  -7.562884531628458, 1.801974185160661, 12.89686124132332;
  -5.187832968112906, 1.988059432275745, 9.182474290157581;
  -10.02129881481193, 1.711123371976894, 16.84894762822173;
  -5.649142188261293, 1.974701449800197, 9.940922693698985;
  -7.842876944205265, 1.805022829483019, 13.43156032341181;
  -8.850928145579804, 1.675015876286161, 15.11109444309177;
  -6.881651245990844, 1.931909140928812, 12.01471311835804;
  -11.04899589483974, 1.757550339689455, 18.76607474723375;
  -6.982260922618726, 1.925629257542412, 12.26533830383472;
  -8.09439208605118, 1.750089746375406, 14.07648865182758;
  -7.365795755756665, 1.854446372536575, 13.09582347757434;
  -5.02473134574305, 2.030889631926759, 9.241512230537879;
  -8.624683840776735, 1.699328966684347, 15.27473586544755;
  -4.931117785515324, 2.07916432694501, 9.235590892108663;
  -5.616980396870717, 2.055308734825212, 10.41402952938926;
  -5.433108627575031, 2.060532763515896, 10.12718775584805;
  -6.803555078384751, 1.890949283424473, 12.45796809839232;
  -6.104128901447117, 1.960662027275449, 11.34169778660502;
  -5.341166358384601, 1.994753568859706, 10.07663860769505;
  -5.019881912381944, 2.011531240669711, 9.5808924425831;
  -6.447567875899975, 1.935289376917765, 12.04383405092509;
  -5.089576845815369, 1.984334546006678, 9.723600513029084;
  -7.829170819113942, 1.831557584202995, 14.49068136211565;
  -8.644486594632269, 1.802488280524715, 15.9524077423464;
  -52.15835185085172, -2.0231906925407, 92.23453588799693;
  -6.172173940176782, 2.005811373211424, 11.79000936271547;
  -6.544668125521913, 1.882718167599492, 12.45791084747835;
  -5.054086638516373, 2.076929355005541, 9.920610753025029;
  -6.410189761793168, 1.998091016766889, 12.33970541454045;
  -6.023048069995861, 1.964579740079993, 11.72743399182441;
  -8.949314930014692, 1.724720478997536, 16.96191054748751;
  -49.41654532271759, -2.483316862371269, 89.45802166319717;
  -5.908062153878459, 2.030171247211296, 11.55478682713461;
  -6.575820379438617, 1.899944827394221, 12.81230560950614;
  -5.27939962570002, 2.003370409390776, 10.53690011737513;
  -56.84194031036089, -1.731173106918943, 104.5787550381306;
  -5.837938930217238, 2.093505759751549, 11.60174540578692;
  -5.159683636950575, 2.055576633722866, 10.50932184182965;
  -59.15883517252591, -2.859271008643594, 110.5588044203801;
  -6.213329902316864, 1.941871383753902, 12.58366585677137;
  -5.664028178716879, 1.982184332974297, 11.56264245964786;
  -6.43057979148155, 1.954453739703525, 13.06594268846907;
  -4.501503561907122, 2.133310382958353, 9.48962769581107;
  -5.558853693843522, 2.056722388112789, 11.4989866842011;
  -6.941180262540004, 1.922272144969097, 14.12166502415426;
  -6.096723923096439, 1.976652047425787, 12.575611687021;
  -5.480009867109224, 2.095949694381673, 11.4591326324892;
  -6.7596578041197, 1.871183009711881, 13.96451470506083;
  -8.61468093143538, 1.762155433293015, 17.53436736686817;
  -47.38536005927918, -1.940944522592866, 93.03292532087728;
  -5.210147959137289, 2.015687791991141, 11.09710437608162;
  -4.923593152253908, 2.100150016752175, 10.61984458921822;
  -4.946277641994726, 2.160976862063111, 10.74505850642065;
  -51.33507801017538, -1.220698374213725, 102.6843323196137;
  -5.533012195643281, 2.07600527485699, 12.00313798329931;
