m=[-4.51244420468718, 0.8732666816523422, 5.66892354244512;
  -6.83911133598041, 0.748375282646616, 8.244894400016188;
  -8.623091888439262, 0.6377709509471593, 11.56000194910389;
  -6.358911729157101, 0.7637243373643124, 9.154022997628941;
  -34.48985780294894, -1.609043736721108, 45.95336972070021;
  -4.520224550198869, 0.8863718242323111, 6.860229146273046;
  -8.17818460045314, 0.533368731826901, 12.10762282044685;
  -8.160115909560922, 0.59262401414954, 12.13537435480895;
  -3.683444842241573, 0.9540772449363175, 5.966945317707263;
  -6.316463529553333, -1.358276190419465, 9.588127829832654;
  -5.222920403778471, 0.8003047342726498, 8.167524558599666;
  -6.258147533394564, -1.25286254683783, 9.603030336518595;
  -6.357293994130496, -1.143169096850445, 9.839523338941646;
  -3.840482650344873, 0.9126728097943502, 6.320966267001035;
  -8.229392291973232, -0.1651379142002, 12.57069772156671;
  -4.375419878485867, 0.8711651011506292, 7.152671472545952;
  -5.647894374310112, 0.7775094736204269, 8.986546479025247;
  -6.762701003880497, -2.024652847083581, 10.56421502591693;
  -6.258158699497526, -1.184030311252427, 9.850991371999003;
  -6.940737807330269, -2.172955740263329, 10.90257923795184;
  -6.619414445443922, -2.167708058563949, 10.53336406610477;
  -6.171649701242041, -0.9821935589391674, 9.934757025567178;
  -4.787847012745175, 0.8397140082769, 7.917027327305051;
  -6.274339146251196, -1.087397277328133, 10.13390559323667;
  -6.309128526502899, -1.208090743982237, 10.21878601323;
  -3.393796432135439, 0.9367211079931547, 5.945158738835491;
  -7.464494811560702, 0.6551825996274959, 12.12175266343792;
  -7.38433138353583, 0.7122388080198061, 12.33077933461283;
  -28.41369169639588, -1.373082135861213, 45.02500607455762;
  -6.024341239616268, -1.182599789945364, 10.33528395837217;
  -32.16146824374671, -1.571797386511456, 52.4713758712133;
  -7.180741546542122, 0.6538034467370527, 12.43660834955814;
  -33.51327355862755, -0.8182104192526259, 55.08382398299569;
  -3.533621014448571, 0.9523411201932394, 6.633747531391781;
  -5.53726106805964, -1.266182571841599, 9.920831229545131;
  -34.02148307127876, -1.620171055059812, 56.9077850474466;
  -3.503886683011327, 0.953876873785438, 6.67243818584163;
  -27.13168793169038, -1.754614124791277, 45.99393109112393;
  -5.592779095205539, -1.154314955291857, 10.19618182443987;
  -32.5632647961295, -1.508621268023449, 55.40421165055746;
  -5.992388949588272, -0.7890586610658467, 10.88546635275932;
  -7.073146032249309, 0.6820755429249368, 12.72097675054562;
  -33.74509797816723, -1.166560519440962, 57.81736081898221;
  -37.34612742263219, -0.9417657008887745, 64.19852895357039;
  -29.25474646643198, -1.6703412683624, 50.58959786566574;
  -5.470755512018639, -1.220738194599272, 10.18392443679853;
  -5.436750119727271, -0.8970616796267239, 10.17230625110866;
  -30.11594419488485, -1.497394616504566, 52.63632755311042;
  -5.669104272631638, -2.409329420172142, 10.58886802275622;
  -5.434565619059523, -0.943949133080201, 10.208311210678;
  -5.531221693391657, -2.412099291140691, 10.40418385430013;
  -34.13058795122475, -1.56231715600205, 60.141984932212;
  -5.403023303833551, -1.029863542089307, 10.26798204641688;
  -5.357901521932504, -2.409199372698979, 10.27072152948001;
  -5.303239821347591, -1.283229219186831, 10.22211669495235;
  -5.235575726400247, -1.105678984296728, 10.10583470298251;
  -5.232801070882212, -2.402745365382969, 10.11661369409454;
  -5.425287594403264, -2.346467269916217, 10.45927132839053;
  -5.291974044033588, -2.348664113988169, 10.25900652924271;
  -5.329986267312075, -2.432192745629891, 10.41591515338225;
  -3.809173638459103, 0.9271140640046246, 7.722830098495429;
  -5.54723168105029, 0.8163758749010146, 10.86290076915866;
  -3.269871306133345, 0.9810515325246485, 6.772907666669162;
  -5.486145400228201, -1.099315186292543, 10.7908167816223;
  -5.349419063922731, -2.407897350397956, 10.53358204993535;
  -7.570415074446757, 0.7107488852636213, 14.62621986151871;
  -4.961599474240838, 0.8528315897902676, 9.939880986594901;
  -3.160158009910417, 0.9858502149971046, 6.670001099286619;
  -3.114222283068339, 1.012578923682602, 6.614821562810198;
  -5.68122325040337, -2.25500824379706, 11.34707490776188;
  -5.297169486505548, -2.322484572710236, 10.65334706165445;
  -8.000227139267267, 0.6736712493578129, 15.72475621703154;
  -4.855747197966103, 0.8518708066344013, 9.908131623254999;
  -7.203795002659472, -2.533468075629761, 14.28860721530273;
  -5.359420663273181, -2.486867470873162, 10.84676938623243;
  -5.392808423796294, -2.292671579342289, 10.91748517883963;
  -5.247899158581499, -2.315781710587496, 10.7527517298701;
  -3.154489423812885, 1.002705356260022, 6.905704108636574;
  -3.571178175498863, 0.9297814361197326, 7.841025425518036;
  -3.530068186350857, 0.978513503504259, 7.7906165848635;
  -3.009222410145108, 1.036917494254075, 6.771816772047982;
  -6.02703891097251, -2.181212993996741, 12.76182215474806;
  -7.895760950265392, 0.5941042652592755, 16.5309202408147;
  -29.14285104530581, -1.126269958362818, 58.85262724763172;
  -5.378547069657846, -1.3785335165122, 11.54552672985085;
  -5.152093617343508, -1.268700981615585, 11.09064124381323;
  -6.918894373614152, -2.723177160765472, 14.78022145836004;
  -3.528035771288618, 0.9524472481328511, 8.002631853145116;
  -30.96431492386349, -0.483375584490256, 63.94876194289847;
  -5.28673224754477, -1.340344721160545, 11.5925639798486;
  -7.232765377958049, 0.685501730069181, 15.62953512520428;
  -36.84898746089577, -2.137459908625961, 77.00236411484877;
  -6.848950966326918, -2.762482362025872, 14.96009163302641;
  -7.344607319265529, 0.7014803471583615, 16.05943193157393;
  -31.08995700979852, -1.1569712069418, 65.39279986818789;
  -31.70490457707813, -0.7094861341096093, 66.74167464533858;
  -4.787412991560714, 0.880175990077431, 10.84066842265621;
  -31.71581373623968, -1.63026323224047, 67.48036198906888;
  -7.563186276008658, 0.675026902484333, 16.76372614631802;
  -26.98425941395429, -1.569134076318843, 57.89952627836787;
  -5.214699928718401, -1.832693481723609, 11.8544633852979;
  -2.424110853960238, 1.025546620902303, 5.970370811940241;
  -5.261375797623271, -1.894408813755628, 12.10084701155378;
  -5.22028054406667, -1.727540491097188, 12.03346915599658;
  -2.371764423296231, 1.075964794279833, 5.933255191205194;
  -7.904341640200777, 0.595332330827289, 17.88900641422411;
  -5.047246525516812, -1.610998983596491, 11.72301760572374;
  -12.45149724564149, 0.1823507186067063, 27.91332066792472;
  -2.449780693197482, 1.046260686712992, 6.153727131695872;
  -2.987970214606408, 1.022501181906353, 7.332581774890722;
  -9.280341393435579, 0.4805811841095162, 21.1029477813276;
  -4.928619178245988, -1.567910318547414, 11.63794612767449;
  -5.10728613785991, -1.892852988897521, 12.13284242704958;
  -2.152190701325262, 1.134429242255775, 5.608946290586877;
  -2.346499698684973, 1.087662273108262, 6.038237897901772;
  -5.21975870910146, -2.083375889009396, 12.41180057462072;
  -5.710926306244661, -2.731567992829861, 13.53143532027792;
  -7.278895729672672, 0.6694748305151343, 17.08076257201866;
  -2.175630631603515, 1.092773652614169, 5.672598842516917;
  -5.735074792413301, -2.789719304064196, 13.69517025602151;
  -7.386390651335611, 0.6241317143978342, 17.5042128681094;
  -5.123003193183313, -1.707815362855619, 12.36824029853013;
  -2.315353863300608, 1.082525022350828, 6.104608687217827;
  -3.881682583146419, 0.9499891338092144, 9.712013019283878;
  -3.922473675093965, 0.9232964385090771, 9.896591545066528;
  -2.595634957216778, 1.043163059089488, 6.819746217181808;
  -7.34114593608337, 0.628022109504333, 17.93100671666711;
  -6.327608658329566, 0.7474186561846671, 15.56962122826199;
  -5.386571234123347, -1.422796309702278, 13.36115417865964;
  -4.842381030377402, -1.910143871810918, 12.09753839500643;
  -5.767980038432346, -1.289271093265441, 14.28481500870038;
  -4.603058023376929, -2.674556190171502, 11.58362136515109;
