m=[-5.865315058905405, 0.6059414505980536, 7.973579800015662;
  -19.12034519197167, -1.604706335352294, 24.15564981752155;
  -4.59103130129806, 0.7184603047356043, 6.60679408462341;
  -4.523472990764751, 0.7337755361581313, 6.526059056950159;
  -19.30128498324681, -1.992834657952201, 24.84888481436954;
  -19.46036579948049, -1.81550684650717, 25.10949553031238;
  -19.38796530743251, -2.192848992534504, 25.31835239715268;
  -4.006134434678944, 0.7808785641058809, 6.295213251512085;
  -4.314423956501784, -1.098308521842956, 6.764824808035312;
  -5.739673081610643, -0.02418582212142294, 8.769670725096407;
  -5.729563273727504, -0.09520198491650388, 8.838871951066952;
  -4.06985985733789, -0.9990101441154637, 6.604759151653403;
  -5.817869908626971, 0.04757673925966213, 9.057236620633335;
  -4.825012546748471, 0.7227422261443547, 7.684801132752733;
  -3.532899277368035, -1.027516763260227, 6.167459117187379;
  -3.479996962422565, -0.8810419178417398, 6.165189176016615;
  -3.56823375097773, -1.08654709483348, 6.302680224014524;
  -4.971218944862923, 0.6168584531924762, 8.431946087987901;
  -3.061171119638337, 0.8320574135578152, 5.579692474789223;
  -3.519861010525885, -1.081881075812542, 6.400092206433415;
  -3.322721615588619, 0.8131207627049045, 6.093281698137302;
  -3.444668859589852, -0.9102426513631793, 6.328221289992682;
  -3.496281229566201, -0.8771003117544192, 6.412109333343611;
  -3.430206162614529, -1.019341729226591, 6.369460008871216;
  -3.473581358450902, -0.8826746867653654, 6.510987310576792;
  -2.863728242758608, 0.8536732494637433, 5.543027174813299;
  -4.734761529818574, 0.701419393415412, 8.703022586930723;
  -3.679436636719503, -1.041465161412103, 7.389957529351908;
  -3.044516540485286, 0.8459699620153152, 6.337008370606286;
  -3.591888970420545, -1.053771285332607, 7.397116473235921;
  -2.741852095704132, 0.846782793622046, 6.176289470439753;
  -4.188759228700413, 0.7325429938256319, 8.929155956725939;
  -3.112784852036719, -0.7845497357122307, 6.985471718832521;
  -3.208686938227035, -1.045892686365146, 7.174196646347616;
  -3.087299295607154, 0.8697617388555496, 6.955942351679241;
  -3.207158970213833, -1.07557633928378, 7.221825318967976;
  -3.106754986003282, -0.7637903905986354, 7.107227937417568;
  -4.282776700117259, 0.7577850154799836, 9.496779461044472;
  -4.864699102194559, 0.6973804013975767, 10.65895336020503;
  -3.037521810767172, -0.6899570145547069, 7.031817903222795;
  -4.965605765264375, 0.6523228477458275, 11.03533670781659;
  -2.338589237756363, 0.9246972020836379, 5.865405235521439;
  -3.32785517452218, -1.217915945804135, 8.009079095665037;
  -2.300950518945073, 0.927290892088058, 5.894100603884231;
  -3.337487136383532, -1.242612946729284, 8.172106706535134;
  -5.886504411802322, 0.4426212283845364, 13.69798505811641;
  -3.247018602347171, -1.560610972720801, 8.0250563138581;
  -3.618893171902213, 0.792508396876029, 9.069495774048079;
  -2.288228643365468, 0.9269926361112538, 6.101312942332799;
  -6.394560731960794, -0.9435712112660613, 15.47439968957319;
  -2.985775913654298, -1.356282280000924, 7.784551413999263;
  -2.948538683632244, -1.569975321555874, 7.817462089618743;
  -6.760289228016723, -0.9500473740546899, 16.75293077133699;
  -4.571554018126451, 0.7041520780849583, 11.68525553374631;
  -4.477346426638515, 0.7424630062330362, 11.55898123484397;
  -2.922549890193229, -1.463509360403773, 7.912165161206654;
  -3.373061261837434, 0.7983515441529385, 9.140048399361742;
  -3.143309867734609, -1.881903185405935, 8.616814946290317;
  -3.653190782541661, -1.310329726853574, 9.87640361370017;
  -2.306886312681731, 0.9441451979492509, 6.58049830071757;
  -2.771114270928872, 0.909800019444961, 7.732912952915823;
  -3.651385655292881, -1.403451426534335, 9.922117069192787;
  -6.271523881083469, -1.169372331730567, 16.3818531583319;
  -6.155444267917824, -1.217645116408143, 16.12859136808849;
  -6.761813723211249, -1.179757845688353, 17.65590832341919;
  -2.895129358075192, -1.693715205463541, 8.128652655761522;
  -2.724297978883175, 0.8814782045673409, 7.802587378276036;
  -3.371017324963332, -1.346159933999684, 9.460993577216968;
  -2.619143794775537, -1.551038276105426, 7.599169662344634;
  -6.186643538689093, -1.165375033417072, 16.65230168297916;
  -3.757702889017812, 0.7711666476478014, 10.52059800735417;
  -2.397819861039591, 0.9301159274059276, 7.09180450257631;
  -4.400048769074777, 0.7401501549526059, 12.2203569473563;
  -5.916500971915528, -1.300693010507002, 16.43606741221728;
  -2.597132749071859, -1.658751977214205, 7.766266777345636;
  -4.805496889712912, 0.6110592386220558, 13.57156361216069;
  -3.417734833987424, -1.18573302636673, 10.01530092864794;
  -1.903468367812564, 0.9906045402951544, 6.046401942071249;
  -2.507544997163612, -1.662751897143367, 7.708566253262672;
  -3.413269463474268, -1.229347127884322, 10.17476678446301;
  -2.453362913087041, -1.502678930491435, 7.602394494055904;
  -3.092279448409738, -1.343878559717917, 9.332019560282388;
  -2.705375342773905, 0.8907278989248189, 8.306630200452515;
  -3.442332665673643, -1.10776819627739, 10.3781373269198;
  -2.477375714845612, -1.623614753274218, 7.78240531664892;
  -3.26611163169299, -1.03148385342279, 9.930813625448788;
  -1.590502338956372, 1.019848000110371, 5.31923794515135;
  -4.000856311187742, 0.7529886899110195, 11.9428528289733;
  -2.398860194495726, -1.488887841404369, 7.656563558607588;
  -4.551254863773546, 0.6713095913497378, 13.68421083943622;
  -3.247162832555677, -1.066789889373698, 10.06497158500001;
  -3.235106984262739, -1.119654951339182, 10.02982558671615;
  -3.227458906123554, -0.9841526694109722, 10.01091688162558;
  -1.526796729733869, 1.048297712711992, 5.231844439336419;
  -3.097913689253504, -0.8377212979714498, 9.680252990316271;
  -2.682029215896046, -1.295182008069881, 8.536226804233937;
  -1.598464957027832, 1.035223400491779, 5.472588980141208;
  -2.419925634760465, -1.4376715506292, 7.824260978952508;
  -3.161322912650647, -0.9925458997290273, 9.919706062557541;
  -4.314400356512974, 0.6933337873954699, 13.18198408676671;
  -3.136005841524827, -0.9591284361670184, 9.91459183250392;
  -2.99743111113462, -1.142655985193394, 9.544248977137169;
  -3.334620270387461, -1.163026900207963, 10.52305583872633;
  -3.087976764743549, -0.9546844623973714, 9.951336448004509;
  -4.709639276783237, 0.6221800875983093, 14.7273364592682;
  -2.897704039475422, -1.186862775003823, 9.448493002728268;
  -2.002568321842407, 0.9952598830798159, 6.814970347535848;
  -4.466062241622701, 0.657638712044789, 14.17938435110312;
  -4.967139636728171, 0.5907754572057515, 15.67359351481586;
  -2.574792156838844, -1.268714888627031, 8.609580725161408;
  -1.737426902054269, 1.004957476141194, 6.104438565025824;
  -2.633319743887173, -1.194922531707141, 8.806822762174116;
  -2.451296831148842, 0.9105420029637888, 8.299840443035404;
  -4.06151271524702, 0.651740762840905, 13.18556824640826;
  -2.552406557727088, -1.223185363224432, 8.673948772707679;
  -2.728679671995042, -2.089875677829107, 9.267268035212362;
  -4.34483100818519, 0.6594259029720917, 14.21292241396454;
  -2.55039366794335, -1.106008956580856, 8.774349232373076;
  -2.511706581687756, -1.256233651215115, 8.673348340096817;
  -4.893574647204325, 0.6086506695149238, 15.94882758806349;
  -3.720253835588802, 0.7615209046647831, 12.37832368071365;
  -3.491825915362919, 0.8107471648107085, 11.73838326915155;
  -3.337660151333709, -1.094432407603406, 11.31532972279476;
  -2.551028977219711, 0.8884777909178739, 8.8546467784203;
  -2.528490208446747, -1.11853082675588, 8.809314680521702;
  -3.421998161118514, -1.228942627585051, 11.76392644929291;
  -2.605357967243266, -1.815975822965921, 9.208641965130093;
  -3.341207304094853, -1.134175685416105, 11.57456354491033;
  -3.593789266366485, 0.7610279998691569, 12.38524680620903;
  -2.512265692349113, -1.221136411842268, 8.986170668704331;
  -2.470204627049674, -1.386219463235543, 8.893226256348866;
