m=[-8.633601064453972, 1.528380615544788, 11.42096275725887;
  -8.005130680242257, 1.563269829251289, 10.9149312956161;
  -6.069009182583018, 1.714547702711788, 8.508030742635969;
  -6.163274913305817, 1.689074110166725, 8.628562735298853;
  -8.098906616707595, 1.545893923100598, 11.10518040140912;
  -5.567335429302297, 1.753690296711432, 7.947351557512222;
  -8.93521303323798, -2.193477230962889, 12.26652102841563;
  -9.269411141156756, 1.560998281866577, 12.75008770832088;
  -9.214681939724182, 1.56364224969002, 12.70065166726428;
  -8.721374792954665, 1.574006579977361, 12.09783705145093;
  -12.57349761482146, 1.298958931839191, 17.0929925486041;
  -9.008972796998021, -2.219098475705935, 12.53599910352565;
  -8.847086462872552, -2.232493395419632, 12.36200230132234;
  -6.913318867861836, 1.628380760393125, 9.869696023084913;
  -8.910190090842054, 1.53860949735545, 12.48185065284123;
  -7.804028216634738, 1.579519325041989, 11.05234814844467;
  -8.440870590562444, 1.561236645666744, 11.90534852491296;
  -8.956389865488418, 1.530671494417584, 12.5762320544207;
  -6.517165591262098, 1.647199105885464, 9.414189968234428;
  -6.418451383651095, 1.669015967722688, 9.290779312030209;
  -7.627945517404663, 1.585615179000686, 10.88842996740344;
  -8.883536191594589, -2.083860161920537, 12.60706588412276;
  -6.010563470445349, 1.728273656058397, 8.87361421279655;
  -5.750175841135759, 1.722445078131532, 8.548228013301815;
  -5.591036831370363, 1.742247920470366, 8.348469995612883;
  -6.053961076227528, 1.712838651197093, 8.975582946225153;
  -5.571083144227233, 1.74770836276484, 8.336644026618906;
  -8.760075677208436, 1.585492590342156, 12.62143546672181;
  -5.990778676726968, 1.740272000587166, 8.947839043568422;
  -8.741753957074625, 1.565725929228155, 12.68788264883768;
  -9.519861347055546, 1.544265076490658, 13.73439777173472;
  -5.624686354972918, 1.729224637236869, 8.52480914268312;
  -7.377638203424922, 1.632737739015898, 10.89124989988233;
  -8.222362953779303, 1.575218420991235, 12.05580810267564;
  -7.280039808685175, 1.665820435618699, 10.7894914013306;
  -6.22774064444512, 1.73066127186759, 9.466994984014578;
  -13.18211770163772, 0.09952509189668531, 18.98213989498249;
  -6.618798435849071, 1.673528388616928, 10.01463919315561;
  -5.958132247248686, 1.705753376429565, 9.156871296846569;
  -8.53212459709145, 1.599806267573095, 12.70017310513821;
  -12.37232223919713, 1.140701089438196, 18.09508583225567;
  -12.13772380883126, 1.216234203593222, 17.86611852031485;
  -5.492700956016342, 1.764746988561502, 8.62604269327794;
  -5.391144481630382, 1.792494737416524, 8.490978473522873;
  -7.767746405614049, 1.592429381133961, 11.88851887867514;
  -8.571014612428872, -1.624839872645362, 13.16532701984244;
  -8.874729440339211, -1.848278557494904, 13.61769690828088;
  -7.368573879507601, 1.650721159938627, 11.48951214893651;
  -8.534050122639172, -1.593859808090487, 13.26993397982829;
  -5.219617454364431, 1.839938800175805, 8.497762961964998;
  -12.28891735579985, -0.05178301359784736, 18.77628869204607;
  -7.967315526925107, 1.636793516711202, 12.53850765887566;
  -8.893280921270899, -2.263932872951811, 13.94426880797792;
  -12.23186003955121, -0.2032436504062812, 18.86982295993191;
  -10.2294228187482, 1.452584313647306, 15.93750633257036;
  -6.647026211984016, 1.73037748824384, 10.75212133121871;
  -5.113152448069298, 1.822043504480796, 8.501166240443917;
  -6.923181080678495, 1.699497668441107, 11.1840232679315;
  -4.971122655137818, 1.840047280839515, 8.303934994698034;
  -8.383493220203189, 1.587899791772054, 13.35844718178891;
  -11.81237141048184, 1.187289263311243, 18.45946582401938;
  -5.728992504683485, 1.739540430192747, 9.445464324036498;
  -5.557783043737803, 1.74272046697445, 9.19871247918209;
  -10.26758286559691, 1.410711947825424, 16.22299404342575;
  -5.073612195609288, 1.845245125022059, 8.535883496157359;
  -8.280043286680959, 1.627450331728138, 13.34006703387498;
  -8.58100312215276, 1.542280518013209, 13.79644156740313;
  -10.25332346713553, 1.535852965399968, 16.33047604152291;
  -5.960497562869814, 1.689670790857232, 9.926091470532834;
  -7.603060836686876, 1.629260067048747, 12.4192104453044;
  -8.448852772218098, -2.073901785675956, 13.71119390454403;
  -5.744031073948823, 1.725085889877338, 9.635207510175185;
  -9.304543240310382, 1.523952940394332, 15.12839143135864;
  -10.10774317761613, 1.421161247338171, 16.37241418660787;
  -10.69106646399944, 1.405895692870772, 17.28874062228192;
  -5.701535307484194, 1.704018887421757, 9.67447769334016;
  -4.827152406511883, 1.829736484834405, 8.360059182463521;
  -7.385336291942801, 1.643912294889276, 12.30244711219124;
  -10.94132420363899, 1.371171397487165, 17.8566360352408;
  -7.937535354023076, 1.670612008991721, 13.23478927748631;
  -11.40599140600507, 1.290008126578838, 18.62506861666446;
  -7.980074794496439, 1.609585942476601, 13.32200981050062;
  -7.69789509327353, -2.193120269413568, 12.96636271194561;
  -7.794691590576896, -2.268228581192215, 13.12067261223113;
  -4.708882541491305, 1.875951635557491, 8.315413389293642;
  -7.900882278577921, 1.653158117684173, 13.38806807571488;
  -8.725743544502116, 1.636970810292912, 14.68701921466859;
  -7.391012087067635, -1.933091810200952, 12.69309295933147;
  -6.403209189593515, 1.691683814270394, 11.18168423442319;
  -7.79858182364501, -1.803462385563174, 13.43455126021386;
  -5.19770027861203, 1.822013867637857, 9.275332312572843;
  -7.30805320353961, 1.674638431846347, 12.66406047146667;
  -7.63534999037276, -1.714657196813817, 13.20766449110439;
  -8.997544186404209, 1.584506515528064, 15.39400092278374;
  -10.74566670246857, 1.333386321167038, 18.22629083925816;
  -6.049311920994309, 1.760090553218404, 10.68707979034588;
  -6.111140234749869, 1.740463407135751, 10.80194155540744;
  -7.253126111166294, -2.109516315114424, 12.66194002444026;
  -8.762515724427468, 1.620645266031052, 15.10186468722186;
  -5.143146541612334, 1.790180665503245, 9.255923790551346;
  -6.105697862103523, 1.690927205188759, 10.887476558711;
  -7.309073185007778, -2.22565358363067, 12.91023913621148;
  -7.189185599387439, -1.820109022105351, 12.73641607171495;
  -7.287863736244031, -1.546049217889089, 12.90350568062365;
  -8.222130667340485, -1.261911632712474, 14.51793281936691;
  -4.655534623895155, 1.882343752024569, 8.642601079982034;
  -7.933464765105185, -1.477057482238508, 14.06880835317547;
  -7.0793936694338, 1.666426169774431, 12.66807793781254;
  -7.448014878176176, -1.810057777631225, 13.28692599206935;
  -6.054065257168229, 1.700491774715507, 10.97517257298718;
  -4.686444898431918, 1.812959141215057, 8.713607579962488;
  -5.483566983117971, 1.786528154142872, 10.0412141137382;
  -8.093757828143511, -1.317665273638282, 14.37897219179809;
  -7.388025377443793, -1.512731588856974, 13.21784141970121;
  -8.094644187512138, -1.270915231675936, 14.40970075511507;
  -7.258719988361289, -1.575772548817828, 13.03347271491476;
  -7.391547386546149, -2.10626388444324, 13.27701853864797;
  -7.260247383692392, -2.030968824748251, 13.07833365555059;
  -8.158783146589506, -1.337585280338052, 14.61949089289486;
  -5.190616783468205, 1.811380495053149, 9.652603876370893;
  -5.133639989984233, 1.837257386390399, 9.593104574154072;
  -7.185548862173017, -2.010593616372077, 13.06996871008678;
  -7.242253713571995, -2.226013247544687, 13.16844370008818;
  -7.320839573758021, -1.620134357417616, 13.31427619630172;
  -6.188620282740113, 1.800079176467987, 11.4060625713477;
  -8.647448452514302, 1.604612338065083, 15.56996759303541;
  -6.727459121741393, 1.646312067334409, 12.33696598269244;
  -4.954421812826867, 1.832186137255824, 9.352440028572197;
  -7.556915971718, 1.662972132227028, 13.81740583305232;
  -7.158280638439534, -1.891552602914269, 13.15051918845666;
  -20.72913380522287, 1.304042388794892, 36.36834020625427;
  -4.459482227720291, 1.955484728731936, 8.576470341209436;
  -6.241015961635284, 1.712068411838021, 11.70578153604866;
