m=[-19.31281142470516, -1.505576412145603, 24.58111679365786;
  -19.10367297859708, -1.810902056637038, 25.12656677788388;
  -19.31131975635663, -1.52382742725104, 25.59857634548615;
  -19.3445294912963, -1.380979796679759, 26.11465909085391;
  -18.61763684269896, -1.829131860461936, 25.21606237210211;
  -18.86708140619774, -1.550145730458194, 25.56599668194699;
  -4.309741630890104, 0.792570982820489, 6.607806238364721;
  -19.15868577094783, -2.010480629494249, 26.35007155105083;
  -19.48995924992704, -2.218943026535984, 26.97500923167539;
  -4.314711587568531, -0.862213556988067, 7.027160740085564;
  -5.86669183822261, 0.01226966788655225, 9.325261926574255;
  -5.834766774132776, -0.05942830100156211, 9.362402891304917;
  -4.239430752783058, 0.8183098307944894, 7.374356633655958;
  -3.833563225248354, -1.057494313637206, 6.85557407271873;
  -3.87278824419579, 0.8236507436050414, 6.949460750931827;
  -3.645403006561092, -0.9209040577172721, 6.665190257225556;
  -4.379877352925749, 0.7911932536359574, 7.864358050498503;
  -5.126400362697318, 0.6622762377247371, 9.043284343925432;
  -3.614067833858023, -1.016002686127373, 6.708088308515427;
  -3.07353525310583, 0.8609420495311062, 5.876998004835126;
  -3.637392231312932, -1.070385497562772, 6.821683762376669;
  -3.936856940913935, -0.5677703271940756, 7.349589346082388;
  -3.043698777146171, 0.8653784486728874, 5.914199239349351;
  -3.967632659748929, -0.6110766872633162, 7.435105677253139;
  -3.636892600066017, -0.7107786855063059, 6.902804784998851;
  -3.561850430907687, -1.079411745767581, 6.815241789709499;
  -3.970147718188846, -0.6159344931541515, 7.501952030641362;
  -3.544925022958787, -0.9528001063511591, 6.845088216747745;
  -3.591312144675248, -1.067083293094428, 6.925500662691397;
  -3.613157527521723, -0.7651381827838281, 6.964737435806343;
  -3.023158181162415, 0.8872141199387303, 5.978176671314947;
  -3.085210765029399, 0.8817777640537788, 6.085369640892237;
  -3.589585292093344, -1.067410169858796, 6.995765817621123;
  -8.985806272056323, 0.6292637303257229, 16.00797173375773;
  -3.5431508995335, -0.918586813589264, 7.000041507787549;
  -3.564739182242465, -0.8705791418444, 7.070851364769321;
  -4.819298178659471, 0.7423011487516723, 9.203439309291651;
  -2.980776266527116, 0.876619697775468, 6.074260219963857;
  -3.508177286978754, 0.8740784664269854, 7.376230996321699;
  -2.875261566151362, 0.8925866994460768, 6.332094777835631;
  -3.681269211483679, -1.032890384688514, 7.949748963202865;
  -3.137249389283888, 0.8842871777868633, 6.904334333656458;
  -3.442285968576966, -1.049885147001133, 7.779920924695952;
  -4.343090032403605, 0.7890425021214875, 9.586921487327221;
  -4.990615736891049, 0.7727959087480132, 11.134263209904;
  -3.298932640848295, -1.03050095007483, 7.742354536711991;
  -3.156558860592885, -0.6673268325033152, 7.571145892514934;
  -5.075289182927976, 0.7049214974748456, 11.56321945142666;
  -4.943326143827032, 0.7810996404654171, 11.42547770884802;
  -4.66332772511416, 0.8290290492576407, 11.25312491592246;
  -3.400385117162075, -1.189331942853639, 8.529822198359373;
  -4.045208890366056, -2.025139423932493, 9.988520819418032;
  -4.087108952096042, -2.095694371176867, 10.12854643311983;
  -3.230884904923645, 0.8831778485450355, 8.310266899730573;
  -2.987343001122644, -1.247525755901688, 7.91379526105663;
  -6.449497172400302, -0.840161838100807, 15.93845927918888;
  -4.417178997204244, 0.8019440481330905, 11.23494480579083;
  -3.784043687644765, 0.852633181154197, 9.776134513728753;
  -3.889444293148549, 0.8395681492867103, 10.08051120780347;
  -3.124107058199015, -1.36386847883268, 8.31722280520669;
  -4.539056991519919, 0.7717959657959174, 11.62467049441283;
  -3.097722756612841, -1.351550835763011, 8.414474409944333;
  -4.661431436661542, 0.7582014734406894, 12.16859287917515;
  -2.711520173256893, 0.9570374268662095, 7.50537104936632;
  -3.056428494645301, -1.593867766059387, 8.375558440985369;
  -1.725863733817455, 1.03656845843484, 5.225242099097181;
  -6.206422061050215, -1.134873624731664, 16.43476589439415;
  -6.195982128680552, -1.387594168084388, 16.61494465831784;
  -4.720261077972014, 0.7437210231444599, 12.91238293060792;
  -6.196712992472803, -1.06666052838665, 16.84228139958876;
  -2.069758840345339, 1.0270895131516, 6.264871448717787;
  -2.908425254947388, -1.485412976292864, 8.456578114353222;
  -5.029920806646322, 0.6937826538561226, 14.3795618783792;
  -3.478247617993023, -1.178254820890212, 10.63374495076066;
  -3.492654749650625, -1.053038540811031, 10.80631548571684;
  -2.87190591712961, 0.9279556772872832, 9.109867963933427;
  -4.707078009244369, 0.7458046747750639, 14.3217681877558;
  -3.18763482175939, -1.288331203434712, 10.03883899358559;
  -2.004095930725112, 1.042996781532174, 6.696371405958686;
  -2.506257773326752, -1.573275088113299, 8.194585693073588;
  -4.361641637352394, 0.7441713779013794, 13.51582045048094;
  -3.335457718140953, -1.024647838101355, 10.59723577789055;
  -3.384782670134797, -0.9094871298460334, 10.73818730146391;
  -3.336939556524279, -1.080966864844656, 10.60446545388698;
  -3.327335655220165, -0.9446892794493641, 10.57884908465547;
  -3.379925382976647, -0.8402859272039805, 10.78999164356354;
  -3.444539692136609, -1.241179889831164, 10.99640041066085;
  -1.888079902669192, 1.0335364554109, 6.45275923771715;
  -3.269142113993897, -1.02993258967311, 10.51461517329331;
  -3.273159648201925, -0.9579314409277289, 10.52412257141682;
  -2.472006393697242, -1.466074989521693, 8.201291199505967;
  -2.555482732476084, -1.560531789761008, 8.449222511254193;
  -2.803025968866338, -1.285326980798912, 9.209118169529267;
  -2.940374247505083, -2.12005106288363, 9.628878434433611;
  -3.292524874019795, -1.081952618810792, 10.67388820777492;
  -2.499171252254858, -1.416872524153616, 8.384912619342734;
  -2.437184487136938, -1.616114868821108, 8.223756960616477;
  -2.470881373264945, -1.507548509648941, 8.36884149496408;
  -2.950659911663916, -2.097558045159663, 9.811570324322949;
  -2.865469215041321, -2.004194138921978, 9.611630875802597;
  -2.9679620642851, -1.143363622314822, 9.957638473472052;
  -2.814251979128004, -1.967686760414786, 9.577610634376107;
  -2.880885193333915, -2.117943901191406, 9.778103654242996;
  -2.69354647755553, -1.154280391127584, 9.288966283868351;
  -2.821552308369938, -2.021384769143186, 9.712042335847894;
  -2.45186860271659, -1.459602718665029, 8.585411029610965;
  -2.578699163689391, 0.9694571054547033, 8.992482110015457;
  -2.610472569220085, -1.182918260723151, 9.151538784215907;
  -2.430825838834223, -1.450968231111369, 8.590297465077304;
  -1.755754907133126, 1.065833766708313, 6.465802467423966;
  -2.802685115858232, -2.055362893741857, 9.789447657842016;
  -2.541571039679975, -1.613322663029119, 8.968648863319972;
  -3.493959634083693, 0.8436593110254274, 11.96040619080176;
  -3.35754964077147, -1.022539922640475, 11.58401728373478;
  -2.602847594980542, -1.23379270278296, 9.263669415015267;
  -2.598040071421068, -1.29033758622936, 9.25950030605993;
  -2.412896529141736, 1.010426934220739, 8.673106352919694;
  -2.89867444093014, -1.147874199303026, 10.27403440100695;
  -3.484984460455559, -1.170281414956607, 12.18656742421664;
  -18.79888024455712, -0.69462031767374, 61.56237967663426;
  -2.015958740415892, 1.05924031352941, 7.474131359323949;
  -2.677235348740377, -1.224826039117079, 9.654685688328401;
  -3.690246676322161, 0.8316348441203955, 12.89873011321184;
  -3.406503803611285, -1.07583252392108, 12.00687293814097;
  -2.461475993668373, 0.9794429420388829, 8.943246877176497;
  -2.708742749875453, -1.804149951075124, 9.823662499279031;
  -2.603910044911621, -1.1934814045041, 9.563277216470169;
  -4.185408269288588, -0.453711206131884, 14.77979763665601;
  -2.642688889266214, -1.930705543054963, 9.734964030742134;
  -2.590869261794838, -1.80210531149562, 9.569630894327963;
  -3.353144448201162, -1.132605444821647, 12.12956961251624;
