m=[-6.384273407304591, 0.7526391729135498, 7.927807006442682;
  -25.48097881109711, -1.768880192614659, 30.45728262986971;
  -25.49075034725519, -1.994472612114682, 30.52039614712408;
  -25.39148747372409, -2.726552553657058, 31.03644190911826;
  -3.495911169585788, 0.9430455036531834, 5.087557529532784;
  -35.23274946599077, -1.397186885869157, 44.51203757087934;
  -4.204741458709209, 0.8665357302174358, 6.142271812758043;
  -35.40986337181131, -1.357305539432566, 47.0859546785699;
  -4.276663159534482, 0.8725183742577273, 6.581116676486455;
  -7.879180718145866, 0.6383199369677739, 11.481506774645;
  -4.312273263024712, 0.8672012720927574, 6.961036971076367;
  -5.937333635404608, -1.349950154225625, 9.288887452085319;
  -7.706325690766814, 0.5396603377484375, 11.86813094450988;
  -3.451911469222513, 0.935725808815999, 5.843945981743984;
  -7.661475531365822, 0.5956599991139304, 11.85679589037657;
  -6.526540902919088, 0.7073547553702677, 10.24815562271357;
  -5.855361585657768, -1.239990900830359, 9.262797357055019;
  -4.092796214801644, 0.8781255295563153, 6.800132382077346;
  -5.769424675548889, -1.099820619701097, 9.232214367823119;
  -3.974989119333775, 0.914985034286266, 6.772134174342838;
  -5.753033511298392, -1.157571774722795, 9.362897418132544;
  -7.73465982439554, -0.1606197410022108, 12.32879889293997;
  -4.423911274009091, 0.8398770218796673, 7.488504892767084;
  -7.67748771805821, -0.115883831121356, 12.31994119624716;
  -7.400787067899741, 0.6245740401244493, 11.93821073213883;
  -4.274033697166117, 0.8775606068000074, 7.308815952928867;
  -6.234499738341736, -1.940237154991653, 10.20928735002828;
  -6.255138733531046, -2.125369016424607, 10.28819016247645;
  -4.318641808254198, 0.8615104240152077, 7.438326282406536;
  -5.743790865096956, -0.9650102162949126, 9.569953233701732;
  -6.205342249621029, -2.157385325758409, 10.24468145170865;
  -5.909625742389539, -1.083514083167986, 9.887328599716961;
  -5.682229247906205, -1.017780086529641, 9.714879568799267;
  -7.004540745576885, 0.6612990545262284, 11.87443223129645;
  -28.36236052044405, -1.661009253986755, 46.26192398791411;
  -35.23662941412969, -1.468347924342445, 58.13897385803037;
  -4.930127563684195, 0.840123880941423, 8.932270266816815;
  -5.621412226164032, -1.172669427601054, 10.02332463696834;
  -3.77450543488275, 0.9045491295942859, 7.230416667418031;
  -6.752558438746177, 0.6665429518409974, 12.25481577813567;
  -3.595897032254265, 0.9327868704304558, 6.992332408425834;
  -6.673102342553572, 0.6732424510047079, 12.38340303892671;
  -30.93947328258999, -1.60799097879632, 54.2979726141452;
  -6.590434470880585, 0.7261457823794227, 12.30137708520937;
  -5.141761914051735, -1.133244465516616, 9.767661520542246;
  -5.210987630843587, -1.226929095147368, 9.910701485500299;
  -5.308340098846518, -0.8944969333107375, 10.1090312167348;
  -5.578200103932991, -0.7839311954590557, 10.59128950822067;
  -6.590394130962237, 0.6867792789228362, 12.46475826858966;
  -31.85736267405526, -1.175234153543173, 56.85672353263385;
  -4.994526751933619, -1.226824641842399, 9.629937448164368;
  -32.3313267460309, -1.616526930064522, 58.28924000675789;
  -3.956269620802511, 0.8952112646774264, 7.950505474349145;
  -5.105503714849453, -0.8985240280785105, 9.96568392458938;
  -5.067724488671998, -0.9714975020178513, 9.966439670781385;
  -5.098077709156343, -0.9176404729036434, 10.06151114554949;
  -6.465520391278109, 0.7143245220031673, 12.59695674613803;
  -4.946672115354683, -1.16770404900146, 9.798466781171163;
  -4.99258818445015, -1.015603722223346, 9.915504879415238;
  -32.81020931059103, -1.19723274895013, 60.64292295252736;
  -3.038094585868243, 0.9971541118515318, 6.450739125830146;
  -3.1650732538592, 1.002845750066588, 6.683947352298604;
  -28.67734027143224, -1.70179876972136, 53.44191915376855;
  -4.927983602133833, -2.379106175802908, 9.880690875755146;
  -4.894458673500167, -1.053081493283924, 9.872024669056282;
  -4.899516984217591, -1.273675732179427, 9.876731314688415;
  -4.86499685153193, -1.101154901006606, 9.818907740483617;
  -25.40263486343472, -1.354509486028466, 47.92006389253678;
  -4.889715543248835, -2.413632186347266, 9.882030975744302;
  -4.867503055058061, -2.323602983400585, 9.872672104531109;
  -2.860472287698436, 1.018202599850881, 6.229410252895745;
  -4.877973255386798, -2.393311364325562, 9.980363096017822;
  -5.22381386187554, 0.8373806251982697, 10.73156027901744;
  -6.584442155065021, 0.7589784506660566, 13.34192827146145;
  -3.206821400125761, 0.9885514754398841, 6.957913485604121;
  -2.846062315183469, 1.029169240488235, 6.283668570036392;
  -3.112171972148458, 1.013345695476309, 6.847576891696566;
  -4.212573166453983, 0.8950197293363887, 9.035589277898355;
  -4.740583043344135, -2.313616393496105, 10.01881898436765;
  -4.884564907386387, -2.309296492087794, 10.31931916899354;
  -5.161382088482414, -1.185610677002841, 10.92490715483456;
  -4.867527273296788, -2.438183466232825, 10.36183461018565;
  -7.471921520515528, 0.6839138666620355, 15.60942258339437;
  -3.055982768337564, 1.008578834995721, 6.910829630701438;
  -5.528064525143464, 0.8244154451774134, 11.84738355408452;
  -2.944416508573672, 1.016013264892945, 6.734378310138728;
  -4.839980012589866, -2.493820102700038, 10.54056666231947;
  -3.304531749624614, 0.946175263649364, 7.543795035296411;
  -3.21157627538022, 0.9804225266869688, 7.368239519813702;
  -9.615780698196037, -1.231317837443608, 20.57104995165745;
  -4.80745816333384, -0.9455879643648357, 10.8202427702265;
  -4.808477726812183, -1.287713320731381, 10.93594026830392;
  -4.962478019950391, -1.375459541973316, 11.27258880760963;
  -2.212815930690437, 1.052631374336424, 5.550442513501231;
  -6.174193447218284, -2.669960249344701, 13.85854554094825;
  -3.220748198857945, 0.9694349856157697, 7.69075089126646;
  -7.412566517151136, 0.6087394241986198, 16.60211334047192;
  -5.936897806074434, -2.401208477401325, 13.39239113860279;
  -4.955199507931513, -1.354712575994435, 11.51972191043314;
  -6.413211868925571, -2.740216773178549, 14.63988878514857;
  -26.91775060284023, -1.103256879956414, 59.13898244594635;
  -7.26213713064473, 0.6939366312392816, 16.69767602966527;
  -32.82005052226678, -2.344043395327664, 73.06415024022221;
  -4.400765955497709, 0.8974609156779203, 10.56373887585125;
  -3.063600004546353, 0.9990885470726081, 7.649185513115682;
  -6.788407425842084, 0.7135395093589039, 15.90513688962193;
  -6.332983731519803, -2.769931259473836, 14.80287225358008;
  -2.144675963140177, 1.072182224809444, 5.657554858431206;
  -2.662560270025317, 1.04647974634404, 6.845504550473923;
  -4.789599364098579, -1.618680978206789, 11.60311814995627;
  -29.92140203310961, -1.158369522484762, 68.72029569806486;
  -30.37729883123208, -0.7108991405373641, 69.85935245782383;
  -5.823163218806873, -2.87287935025099, 14.03888445361641;
  -3.485577503630605, 0.9657077802436407, 8.836918703847415;
  -3.420742565103584, 0.9835375378968221, 8.684015024037143;
  -4.962256705275554, -1.94797443671791, 12.15190220227632;
  -4.595641571549426, -1.694033922935657, 11.32128931815437;
  -2.061181059938081, 1.102725397683939, 5.599462851522832;
  -32.78516798056169, -1.837868737730253, 76.27461422465912;
  -4.630389640981396, -1.611658851555845, 11.45504159389907;
  -7.388192724792901, 0.6153275888340998, 18.02574837069251;
  -4.441710423710448, -1.398892855297438, 11.15177085303969;
  -4.282183297873648, 0.9231487825236135, 10.91583300007185;
  -2.09017618313099, 1.076023676981222, 5.774346974242048;
  -10.39487226064271, -0.3537006362532785, 25.38194733882278;
  -8.876408276700602, 0.5116980050846871, 21.849146175538;
  -13.01229658557477, 0.2335976881634147, 31.66453327574985;
  -4.545111611267384, -1.842324939740012, 11.55031101747689;
  -4.609202876551415, -1.574758320945321, 11.71733747431255;
  -4.699633602589589, -1.755004934814593, 11.92529639620766;
  -4.773379334945656, -2.096510998140519, 12.13960042431134;
