m=[-9.656862297617538, 1.699229246362656, 11.86257365038322;
  -7.844615713308388, 1.89187726640525, 9.840433416529217;
  -8.472773614056731, 1.791639857529829, 10.5784152330167;
  -9.62991187252103, -2.029493920313592, 11.93799779363243;
  -10.31619387847129, 1.637599916747633, 12.86318121203132;
  -7.633296898997286, 1.899971671286245, 9.838709127228357;
  -7.250201646063553, 1.954330881714339, 9.402330091727063;
  -52.87558066541828, -3.670603394219845, 63.20190901943532;
  -49.98739612933005, -3.911163507260651, 59.85053838929651;
  -7.566595623971671, 1.861298266138092, 9.911196365512023;
  -7.343786969653232, 1.972899139558653, 9.713113143974603;
  -7.849061873877043, 1.823493202675812, 10.34460132699687;
  -50.84195753251814, -5.867684290007393, 62.02784319170055;
  -51.39296352253108, -5.518606031937574, 62.81848310600481;
  -8.315128112354312, 1.778505192718554, 10.97258076855199;
  -6.627594254828248, 1.984014925683399, 8.964799076931016;
  -8.063931835298387, 1.812748622430726, 10.7361025282055;
  -7.418680766053736, 1.920995952443076, 10.07354700662475;
  -8.205528421421464, 1.758016651800719, 11.06374901128683;
  -8.62784500814708, 1.755752321576397, 11.68318250937942;
  -72.47040017941048, -2.873879963359106, 91.55700944305704;
  -21.59958504469832, 0.2232442255575472, 28.0766144983246;
  -7.930360110310699, 1.854666674759093, 11.00254506623286;
  -7.602405624982356, 1.839609498252576, 10.5969540378104;
  -9.603243708530886, 1.757150637912402, 13.20592634172293;
  -20.24778739756745, 0.07540119495196754, 26.88144580548499;
  -9.099469078903502, 1.727064786187826, 12.64687722522425;
  -9.662386366911242, 1.672815607866027, 13.40873384193456;
  -7.289586153461638, 1.866848261976175, 10.44261912604546;
  -6.242861062556003, 2.041505018915419, 9.089903866908124;
  -7.013596960330852, 1.898568638930103, 10.13805419971746;
  -70.41370751983402, -2.699047840572519, 93.63200886192475;
  -7.415035593153418, 1.841631209442896, 10.73720703430513;
  -7.074890227883715, 1.908499127864312, 10.29600275963318;
  -7.587802102088117, 1.838752534682965, 11.04004131363973;
  -7.037769217317059, 1.859968278692926, 10.35071510219753;
  -8.779197488327066, 1.7416068878912, 12.7370559010621;
  -8.250805590936873, 1.783688568989831, 12.03512769846411;
  -7.426162373182558, 1.878184473161194, 10.94410572986114;
  -5.902941611640586, 2.044570983327378, 8.920190254365927;
  -7.93609292329119, 1.831862999552974, 11.71801351714795;
  -9.216594184542581, 1.764413879268498, 13.50877768756868;
  -8.390342791462503, 1.896507331784916, 12.41071595804849;
  -6.561252069993536, 1.949683992278816, 9.915328776350195;
  -6.760889370693673, 1.975979782281364, 10.26578485345398;
  -6.950581276811495, 1.926855803673583, 10.58185557012279;
  -7.706825874855698, 1.842468959695632, 11.64617228727936;
  -15.94792064848559, 1.291996727485129, 23.23923838241101;
  -6.806453473139512, 1.94877969024248, 10.50663395014404;
  -64.95018946959148, -3.169520691733172, 92.35775572378704;
  -7.071472944610301, 1.859742198308925, 10.91529560301301;
  -6.951881214481132, 1.87078152158988, 10.74919589037765;
  -12.33010550720902, 1.557729739146117, 18.53755138296735;
  -8.529546698094787, 1.800046606664869, 13.2332098184727;
  -8.472204088781938, 1.713943459898341, 13.28200429360981;
  -15.61233164213995, 1.093303930449312, 24.04377957968123;
  -8.970578998177862, 1.712557648023896, 14.25143835334077;
  -15.51170883650226, 1.205995429206743, 24.00571075798636;
  -6.952807896953666, 1.938111750121145, 11.28490533050216;
  -12.03605458188661, -2.736594359831459, 18.8302634218873;
  -13.05609580253405, 1.415036171513403, 20.50104390667068;
  -5.680278211509921, 2.046787908994078, 9.481945989146384;
  -11.97306366979454, -2.535537692834042, 18.94060014808903;
  -8.714687346799604, 1.752529928433704, 14.06758271387771;
  -8.098741100567501, 1.770696395795672, 13.19849898061364;
  -5.411344403214723, 2.012964040452056, 9.130663755193606;
  -6.402377996172938, 1.948970751178048, 10.64723028868674;
  -5.385106703729226, 2.072438752576246, 9.129653007623965;
  -11.84135033016049, -2.25730674904355, 18.94848980624469;
  -5.375818004883454, 2.105889082064963, 9.159792870010744;
  -5.819252750405685, 1.992425194170818, 9.885373288816576;
  -7.064591424323592, 1.815626707606396, 11.84873443645941;
  -10.6333090904986, 1.638878673745823, 17.37294676432209;
  -8.241425984840678, 1.768230368046345, 13.69303155415591;
  -10.54615967013405, 1.561061357701733, 17.28049252921294;
  -11.84303852484243, -2.382945813958641, 19.27420631382103;
  -5.338474495507442, 2.064981913177611, 9.210636218237335;
  -5.808491600685931, 2.009440330594216, 9.958575706243135;
  -6.983893181709376, 1.893156633478625, 11.82344763475996;
  -15.16349662558961, 1.157679719718175, 24.5946234289625;
  -6.158568742662387, 1.971541135493207, 10.55610610003869;
  -12.83803443451563, -4.258989826717035, 20.96152553724457;
  -11.28619269365491, 1.493572998241622, 18.62497312789532;
  -7.949503218612207, 1.749939847111689, 13.40233459915516;
  -12.82563639718551, -4.357890588162525, 21.09506948290117;
  -12.5169772015763, -4.351724989734846, 20.66484635497426;
  -7.996489611041606, 1.840676314141705, 13.62350913272151;
  -11.65110359477194, -1.95749362470486, 19.41235660241948;
  -9.019521729045993, 1.712351034948566, 15.26765082184176;
  -11.92089542823096, -2.185664311668977, 19.94471654208756;
  -10.25065764350448, 1.599929730675823, 17.33502718448889;
  -8.654799414516333, 1.77703583174162, 14.80014911257211;
  -14.53251611836542, 1.33023885298961, 24.31502400927037;
  -51.68779646572265, -3.027036772410544, 84.30810649474812;
  -6.396777652984173, 1.907293452046545, 11.26153077124926;
  -8.730300981367259, 1.741576549799239, 15.03686346918293;
  -6.605554286316593, 1.891625434313477, 11.6585182008996;
  -6.270856989489738, 1.947249664636119, 11.14104614062132;
  -14.1895762156136, 1.339638625335788, 24.05484774565941;
  -5.506181419585496, 2.0634476647079, 9.916374782035286;
  -9.351002677964473, 1.678919977115905, 16.22076748026708;
  -67.14263214205508, -2.797905082860774, 110.7825521274452;
  -11.8076751802479, -1.436820953364002, 20.22712628948068;
  -7.017542843675504, 1.865050474957848, 12.45818233189925;
  -5.484270759377546, 1.96504182890087, 9.975167772403623;
  -4.961644618693477, 2.109411786358489, 9.231281542926821;
  -14.01023295983261, 1.466005317677612, 24.47134008774953;
  -50.58153178827246, -2.5464303764663, 86.02972271739057;
  -10.94004293059814, 1.622459163827678, 19.38005334112465;
  -5.052896023280927, 2.130633193213872, 9.49245024997108;
  -5.227367215083445, 2.104101218940212, 9.80726284790047;
  -5.196898059698497, 2.05764034185105, 9.758928356184013;
  -11.48976289443053, -2.396852095986196, 20.48695574337155;
  -13.8890978288936, 1.324547684008008, 24.74212258269255;
  -9.972349382842115, 1.69934930838917, 18.06762983960297;
  -6.116949106089635, 1.95098566577936, 11.47902805379941;
  -59.78788181187577, -3.107304824382225, 104.9261808573111;
  -4.917786650216413, 2.126627730264493, 9.475764579642199;
  -13.66485930489878, 1.348854029210057, 24.79953856523335;
  -5.692786553383174, 2.031816984588057, 10.89036305673484;
  -6.7320708932287, 1.928912354493344, 12.74614333479304;
  -4.783822937496226, 2.118833854189905, 9.359005634644259;
  -7.5626527889105, 1.890401409387319, 14.2992154570061;
  -6.52339938904434, 1.920421132205273, 12.48385375537605;
  -5.5108920715208, 2.008380045585922, 10.70712111758057;
  -10.64740584681429, -2.581254091942247, 19.81615734778195;
  -59.7757346302014, -2.988713873487222, 107.7679913914396;
  -7.61330882514205, 1.824507075144445, 14.58400205621054;
  -13.42072575687916, 1.478719414916896, 25.05045896776716;
  -5.00503924057827, 2.057738620787502, 9.914524257097241;
  -6.65935314780346, 1.965123432226804, 12.90573173821671;
  -61.77197801637276, -2.076657307884739, 113.1044281217158;
  -7.138579721137386, 1.851769774737871, 13.88118788900597;
