m=[-8.503494166713947, 1.866137421213593, 10.52725455605423;
  -9.962728357737184, 1.744700237824093, 12.17969218276788;
  -7.660755863107911, 1.962767171806825, 9.63238588860237;
  -8.355000329450146, 1.837496939091441, 10.43632955353371;
  -14.45756431225519, 1.582030653842919, 17.42932453941383;
  -7.851872252140434, 1.937987247254288, 9.932947625216029;
  -7.347610379290382, 1.949336557403947, 9.359740121894745;
  -7.311711732608807, 1.997868373174778, 9.360682272812234;
  -13.6207903816964, 1.52219142617025, 16.65606331794026;
  -8.032110854791485, 1.886197795241338, 10.20672755853202;
  -7.177755282292038, 1.959921359207089, 9.294198417050311;
  -24.80035694592458, 0.3639918895669819, 30.09794464459549;
  -12.80299470206909, 1.48416513926717, 15.99333798722335;
  -6.770059223114027, 2.006910548698625, 8.921896299808724;
  -7.978479567591392, 1.86585902808021, 10.47639081897614;
  -6.583269051614673, 2.047988363024599, 8.80907438029651;
  -6.542840052030987, 1.984917694355699, 8.761523450773264;
  -7.80180074157857, 1.938658904727427, 10.29924987904048;
  -13.73579451464545, 1.510917298222732, 17.65283849083742;
  -13.45965917598696, 1.555918811270158, 17.32627767120625;
  -9.381171225167581, 1.754080355103326, 12.42511576839173;
  -7.658185716152881, 1.936634742270104, 10.32878030601198;
  -78.65851778334923, -2.882240999197735, 98.13260617383418;
  -6.677379230463021, 2.035809722533498, 9.169965505032598;
  -8.61997725014016, 1.820382476134236, 11.5779072666902;
  -7.775539441403255, 1.891119710217045, 10.72006211783952;
  -7.79570271632468, 1.858012390429999, 10.92668663803864;
  -6.234719516252473, 2.066206291095494, 8.94888457530833;
  -6.277254701054609, 2.023560890176153, 9.009861968555457;
  -8.163383713364096, 1.852135083397688, 11.47429490776917;
  -13.18770684254926, 1.541486724344608, 18.14701370462095;
  -7.583182231821497, 1.93444671502176, 10.84633762299815;
  -72.73317186947446, -3.393196206173729, 96.90774479190276;
  -7.447615715200615, 1.88538283545613, 10.89308247577032;
  -7.960326826913366, 1.852566334973236, 11.60020748824174;
  -8.202813930911963, 1.860280467647698, 11.97619949470776;
  -7.590355817906882, 1.915691767352465, 11.15177917239022;
  -6.60020903064548, 2.018350458118764, 9.819984934155308;
  -8.996223952430587, 1.807936449549683, 13.07169963311771;
  -6.734670229537406, 2.006677752885867, 10.02139736463328;
  -6.759736428982049, 1.968906477706191, 10.09707374625969;
  -6.007615590054789, 2.082323708809779, 9.0945405233459;
  -7.973607476701456, 1.887267725013269, 11.80153823892583;
  -8.852447899755838, 1.780777938031587, 13.05046587323726;
  -6.992710339042215, 1.982169926368033, 10.52311887346644;
  -9.51958871491242, 1.841526605381672, 14.0301386981188;
  -6.320199954628202, 2.038385744499002, 9.750849408161221;
  -8.191988257910797, 1.829847784733276, 12.37428663709354;
  -7.24810622075817, 1.974482543919902, 11.09781114741544;
  -16.69148792458019, 1.088593395916263, 24.71138155669199;
  -7.19941747896668, 1.923500154563782, 11.1933723335329;
  -16.72747723197251, 1.214824006628601, 24.87638661893131;
  -12.80598458195725, -2.753766228708251, 19.43894975157957;
  -13.698576780378, 1.388172779960072, 20.81243220306969;
  -7.356201723542541, 1.854959761992223, 11.61940128947946;
  -12.6390766049433, -2.530305592900973, 19.39446703919701;
  -5.941650312328765, 2.060038473182931, 9.635060945191498;
  -10.19942887341312, 1.73984787315755, 15.92090517334709;
  -13.05565622422204, 1.571304497996286, 20.19141499256972;
  -13.19529425404592, -2.372778831528097, 20.42306143097373;
  -10.8251515622044, 1.658731011520621, 16.92820958383843;
  -6.222251918612948, 2.001189157927317, 10.15131897458622;
  -7.088329771362253, 1.98835794578696, 11.49759117762549;
  -13.73576270119241, -4.112284580358644, 21.45704070564442;
  -7.514937459861068, 1.946501477461992, 12.17371857309872;
  -12.77187707203269, -2.416411968921593, 20.10426019572304;
  -14.45221719822416, -4.524595106769066, 22.70168497091473;
  -11.27494954848043, 1.619107965859062, 17.92743663713032;
  -11.72242776208126, 1.613751609857715, 18.65193202091831;
  -13.10696493976332, 1.613214044163613, 20.88600095895867;
  -13.46586308622755, -4.409764665457003, 21.42800386961473;
  -8.967749604136781, 1.785517894955682, 14.6599340286952;
  -12.6237206924255, -2.009015053374162, 20.32091967446444;
  -12.75122300451738, -2.20989730623671, 20.59494826690924;
  -9.816080865026487, 1.721588134875578, 16.23155047531321;
  -7.613295128066616, 1.915346706118211, 12.79346227780484;
  -15.26625555250851, 1.33996810929244, 24.79119867800568;
  -5.834368351344453, 2.080514272151588, 10.02504647520033;
  -15.6714275695326, 1.281702402536312, 25.4391827561544;
  -6.269203757938536, 1.989608512227733, 10.72434278686335;
  -62.72926842254145, -3.031370889322346, 99.40227837890355;
  -5.73384195271849, 2.08251899570383, 9.912177480166477;
  -12.4938174043818, -2.1185512201083, 20.60348869665875;
  -5.133737480718506, 2.090082989516382, 9.013784716939394;
  -9.488123634982342, 1.754821628460337, 15.97087973244424;
  -7.095023985093075, 1.922808081260995, 12.17429639438141;
  -7.360284515907833, 1.873745104175617, 12.6079394605852;
  -8.717273577338952, 1.87007932761299, 14.78662239564338;
  -58.62183496964448, -0.138205326324404, 94.81555179542829;
  -15.10816823116546, 1.457223839699281, 25.22848433157742;
  -69.42902623712293, -3.393139926339134, 113.2733277116084;
  -6.913488846934912, 1.908190742225621, 12.11085857861392;
  -5.181346146395143, 2.049082435630062, 9.350000985293953;
  -6.787053774517363, 1.949119064740069, 12.00139362843258;
  -12.16542493601079, -2.388116542820348, 20.87084980530451;
  -75.93604396020464, -2.66021459193431, 125.8097245587342;
  -76.14492354660054, -3.626173522814256, 127.3677262265606;
  -14.64356998341118, 1.33329078419482, 25.36177406506552;
  -6.116564820138588, 2.022740836056028, 11.12955586124372;
  -67.98061015551485, -3.14946903929641, 115.6644500104873;
  -5.932269213417273, 2.078121203887829, 10.93892221969597;
  -73.19273672415972, -2.530256602825211, 125.4052031867697;
  -14.4028243994897, 1.34635891598484, 25.47866504662575;
  -88.9779216405295, -2.243776276697384, 152.954324126425;
  -11.057994659256, -2.528585873949736, 19.81205101281828;
  -66.11233388434233, -2.857978684959785, 114.2010168111817;
  -58.78208503992097, -3.356246569944832, 101.650583343362;
  -10.8350205815365, 1.663515103955576, 19.51414775060408;
  -6.612369713982622, 1.9439048935152, 12.29332883844886;
  -5.700783890462681, 2.079529775481909, 10.72725614635218;
  -5.479564949592215, 2.126489745987033, 10.34793735742833;
  -5.394937639455197, 2.137175640992384, 10.21346829880898;
  -67.69049886158595, -3.365638743648058, 118.3087353082907;
  -7.738779176928011, 1.861348805889023, 14.32738138913821;
  -8.028794327289477, 1.854813683021077, 14.83930700968497;
  -14.82766728521518, 1.42985726121892, 26.66739947684424;
  -5.489312518139606, 2.139397323491057, 10.43823785639134;
  -13.09860778989295, 1.486406413178607, 23.70467876288721;
  -12.24989796760069, -1.613027487004555, 22.25253622100315;
  -11.32126293551034, -2.336638529215984, 20.63976663618124;
  -59.08680197020388, -2.704680169684352, 104.1176776345887;
  -11.32868893508583, -2.503066339346289, 20.67641045290901;
  -4.757149033922585, 2.108204822349792, 9.222675535694048;
  -6.122744421499468, 2.013455375410356, 11.64402795320157;
  -7.329207760587907, 1.975284248171277, 13.75928932108323;
  -8.397184150699086, 1.854836434449498, 15.65950422025601;
  -5.6198394414215, 2.087459395989589, 10.77271191301058;
  -7.003200809346181, 1.9933574047773, 13.25123109577911;
  -7.848191393358028, 1.876744761491109, 14.74751643345696;
  -10.86448374397705, -2.497918915479492, 20.11177035525057;
  -7.072077307013744, 1.925259462724868, 13.46733012381211;
  -11.12526174589906, -2.482478317354369, 20.70990463948472;
  -6.037726210588632, 2.022401845314565, 11.64933662042645;
