m=[-5.434872946589079, -1.048264894537416, 6.553945530352372;
  -5.341453922245577, -0.9885851496681749, 6.54150500366902;
  -3.464106871585715, 1.024558634516294, 4.677305244296061;
  -4.511387947206202, 0.9125337278116888, 6.189078425947954;
  -4.96407730588225, 0.9124387984813718, 7.31962956421587;
  -8.818858317864883, 0.6566930998904444, 12.41760591699324;
  -6.800208291240516, -1.324522850342935, 9.868233122535491;
  -6.779731341064228, -1.222884779584751, 9.932934121400464;
  -8.497290271199155, 0.6800004272627769, 12.43348744220636;
  -8.482536152460664, 0.620894100188699, 12.47312377751053;
  -3.962254067275056, 0.9770037714112158, 6.269274830287203;
  -6.864948498377675, -1.16419564853279, 10.29033149540156;
  -7.259762911940535, -2.1679277718072, 10.97375319755238;
  -6.774131224292236, -0.9572100365252645, 10.36970717916704;
  -8.23516851813182, 0.7105929976285224, 12.46182901659561;
  -8.121789339758591, 0.7201679123518061, 12.44075974977321;
  -8.445830662343555, 0.6972192352675716, 12.90949431189144;
  -6.729115796304273, -1.015258854831942, 10.53391786936219;
  -8.016144483557183, 0.7295432041096255, 12.40053512272351;
  -4.050402490882328, 0.9655825295789828, 6.68111515768923;
  -34.15214654193303, 0.1746343402517521, 50.77320951020476;
  -39.63408672393484, -1.50610465328887, 59.37425671627485;
  -40.86228149847436, -1.573771496277595, 62.64844589040765;
  -2.311104798359867, -0.100099277493688, 4.369384528927454;
  -41.91806878281315, -1.031956623625076, 65.76260812509673;
  -54.74688872705409, -0.8740893959756043, 86.0042524313877;
  -7.832217585780785, 0.7557623841101003, 13.20000206803742;
  -6.581870815168094, -0.7563545482522639, 11.26666314397642;
  -3.855921300810819, 0.9818472421848155, 6.966139941981496;
  -3.723179624347276, 0.9978363699861044, 6.782544752446244;
  -5.909958080635649, -1.208851377921951, 10.33362738678956;
  -6.065003185766297, -1.20026595780636, 10.64653362865728;
  -6.038434534159648, -0.8707221986992277, 10.64489731012723;
  -5.988748870763822, -0.9127664407499864, 10.60438552794386;
  -6.390353149904058, -2.524625618240265, 11.29387704847601;
  -5.828980847844241, -2.349799327376175, 10.38147339287629;
  -5.850467596764076, -1.1471176853295, 10.46780900089962;
  -5.929443097533055, -0.9944504081182761, 10.61920879262593;
  -5.894627000844936, -2.39230026069945, 10.65718674996709;
  -5.70772777940152, -2.222666489666862, 10.37425177237645;
  -5.903118212742692, -1.266872990356554, 10.70683417895593;
  -5.829942044147382, -1.033068005001762, 10.58836777626818;
  -5.869394972750711, -1.094916330123928, 10.66045718307278;
  -7.71927267150696, 0.8102147311137958, 13.79734559720482;
  -5.749869526892887, -2.460088059749799, 10.5388001265455;
  -3.318975478672932, 0.984398976782926, 6.417124585849666;
  -5.876202045584916, -2.416333587830963, 10.80426424189591;
  -6.084161323341574, 0.8704128092035083, 11.16906841826274;
  -5.851465433450485, -2.471446666370108, 10.81407155425471;
  -5.983290450867489, -2.421736332021732, 11.06509730883339;
  -6.679652189601189, 0.8467961842937849, 12.33489168532295;
  -8.327478739274342, -2.663484878620265, 15.29010589968172;
  -7.907128435746648, -2.483951128780495, 14.59226892156246;
  -5.941761539122132, -2.335308162174957, 11.20118918132602;
  -5.83494431781413, -2.368419885729308, 11.01835955322703;
  -6.26144326190792, -1.183605312654805, 11.77261025469832;
  -3.619687930265985, 1.017957498578606, 7.144538456893873;
  -5.869340376157863, -2.447250088102597, 11.14701362374783;
  -2.802588286632448, 1.056168100020939, 5.768815132172891;
  -3.428745771029265, 1.034786646578901, 6.939294619733905;
  -5.901126725036924, -2.519128078949398, 11.41084581974279;
  -2.747344988101041, 1.043046064899406, 5.771671203816551;
  -3.53501135444579, 0.9954785500080835, 7.232927182434508;
  -3.490518238414932, 1.014837523111896, 7.16183020946437;
  -38.08416887832305, -0.2231727479006168, 70.74813082136453;
  -3.245944754333088, 1.029940266976961, 6.827250766516996;
  -7.225886628941796, -2.459515194291784, 14.29138653855822;
  -6.04692761604544, -1.311792608586189, 12.08361604199018;
  -3.923376993601981, 0.960073338131696, 8.12424830597864;
  -3.36476681402779, 1.013262085981049, 7.107244623758056;
  -8.455651374996434, 0.7469331375445049, 16.72158911795112;
  -5.834291747088279, -1.291718830157164, 11.89729845665286;
  -7.936322654990438, -2.843139216294641, 15.9786667690553;
  -8.164765773604355, 0.7846210592193541, 16.42663187395781;
  -48.1544015909894, -2.495725788126065, 93.73356364393911;
  -6.247178803889775, 0.8899803519951984, 12.84727617255268;
  -3.878542143449477, 0.9812733677879932, 8.269895993496428;
  -8.218113756663906, 0.8556539923528218, 16.77847443696738;
  -7.437472178919274, -2.544179095219116, 15.34103542851021;
  -5.592767665390548, -1.579099101294705, 11.82447482495102;
  -5.62803694831296, -1.236941009807976, 11.92195066302443;
  -13.20249072948713, 0.3133088459427627, 26.94056349466856;
  -8.958563802379368, 0.7003605802721171, 18.5644385419993;
  -5.965887491708788, -1.887150186603966, 12.66900879035672;
  -10.81438024383204, 0.610477005128381, 22.4157876495571;
  -6.083257863671512, -1.811152941780038, 12.96918621279167;
  -2.38404535631672, 1.100125860689575, 5.545822313632731;
  -5.627185651667588, -1.571724348928655, 12.09184525249173;
  -6.567622716292829, -2.430123489077519, 14.13671958836157;
  -8.627925450193473, 0.7407625794397204, 18.31728985381585;
  -5.543720100257308, -1.486638048266785, 12.0586467443571;
  -2.344439697590243, 1.086455896269116, 5.536074739807102;
  -5.488530406215548, -1.526278788180775, 11.97507516618347;
  -6.602071207222481, -2.55221576463283, 14.3651779243337;
  -5.859490630262463, -2.416681159067434, 12.97946927308422;
  -2.435928366706929, 1.121312836578718, 5.828218591366283;
  -6.81025804651309, 0.8674212761865559, 14.95509582982075;
  -8.437985736667669, 0.7188176405937811, 18.41590581502963;
  -2.265417176319343, 1.143510072248934, 5.518040265585728;
  -2.180926453364428, 1.160080059083017, 5.360298913560869;
  -6.791057374384489, 0.8756700000060456, 15.23740507397516;
  -6.159718982934794, -1.182056499248143, 13.98405901740375;
  -2.729289980075617, 1.063281696422231, 6.604433214509693;
  -5.496121928021528, -1.88895025756173, 12.60800952286516;
  -2.382339674686008, 1.07970098871463, 5.873842470237267;
  -6.017561781015677, -2.232739595790809, 13.80099154171798;
  -8.307625375990057, 0.7416815958681922, 18.83253641888327;
  -5.305240910284849, -2.798251403720625, 12.37115202302693;
  -5.82998469995159, -1.464798259601338, 13.52791555144325;
  -5.828940506959612, -1.538684282116192, 13.54064127170678;
  -5.225416722232231, -2.362711356791225, 12.27137130966395;
  -6.218436741364021, -1.212963279190868, 14.48142369916919;
  -5.689429176116786, -2.285558386054919, 13.33910368277834;
  -5.295265856441868, -2.696485103049178, 12.48349242598594;
  -2.728821733149515, 1.042079742676448, 6.772755958428078;
  -2.363963477660349, 1.149685571384725, 5.970167137354209;
  -5.129829015347931, -2.433177197281439, 12.14890191315787;
  -5.030284129208756, -2.635737233939572, 11.9262162389389;
  -6.016289663382643, 0.9170584188444464, 14.1433772058425;
  -9.41323828360118, 0.6748347730026957, 21.71514802720246;
  -5.067117980290248, -1.913385380097771, 12.07555681408329;
  -5.253505188051052, -1.74217655398332, 12.49304596183014;
  -5.097675873120542, -1.798170460469352, 12.16323778506561;
  -6.525623253681725, -1.394418269680239, 15.38940818463901;
  -8.08244466632507, 0.7345766651084971, 18.89248030149037;
  -8.874346805853936, -1.158979211101741, 20.73486005541962;
  -4.9667640593162, -2.275664147802825, 11.97462504998436;
  -19.16098884260171, -0.05320376068025307, 44.0475116478959;
  -5.099528191692333, -1.928151874033966, 12.31072531052813;
  -5.445289542346161, -1.481428560288578, 13.11677813265949;
  -5.065893883614376, -2.385730697151768, 12.27708981542187;
  -3.405332854076493, 1.0655615182702, 8.477244380916332;
