m=[-40.81445172155928, -1.877738340983137, 49.08669731120442;
  -37.05513240335762, -1.151163094762941, 45.15955844745215;
  -28.29735559015835, -0.4162020592337484, 40.08831018264539;
  -3.438932830815094, -0.7878633546823345, 5.756392647216331;
  -4.378600679760684, 0.8004393080285484, 7.084629122979164;
  -24.29367955205334, -0.3925931558296116, 35.28478173255686;
  -3.496737567351833, -0.5559539210162111, 5.944959144309292;
  -4.516341018509998, 0.8031003327449002, 7.487802554341046;
  -22.3194507573265, -0.4464837002052995, 34.32894320508065;
  -15.82313371521617, 0.5526324635495166, 24.88241131409054;
  -4.925820182198581, 0.8080850161508566, 8.49174387832943;
  -2.935233706012606, -0.5412043108275694, 5.593272042341033;
  -4.160424637905372, 0.8466599676223039, 7.628461845470644;
  -2.95206201901689, 0.9251495442419547, 5.782276459106313;
  -3.871445330304308, 0.8566510896978775, 7.292761266473829;
  -3.531229535878454, 0.9207476539908513, 6.824574349750409;
  -2.892623000730483, 0.9226586741861379, 5.780853573727921;
  -2.871166686984745, 0.9315962033546722, 5.763912804138638;
  -22.67329964467849, -0.5401658754281892, 39.51099259653405;
  -4.829333706596956, 0.7970224519453173, 9.274539505682483;
  -3.068460526834571, -0.961980156529355, 6.325440356851106;
  -21.0654011084459, -0.6670451551560982, 38.00193439413118;
  -3.072285961760095, -1.43823347076476, 6.485429084923186;
  -2.880791379973238, -1.202191235142196, 6.158405649746903;
  -2.864177401161569, -1.232952099382525, 6.13173158261734;
  -4.559995623575397, 0.8428758966527676, 9.260279995210407;
  -2.988679533793722, -0.9381550535090192, 6.512618940351715;
  -2.815260704506033, -1.307260936307994, 6.229924048360244;
  -3.003057357918597, -0.9942592063787438, 6.712836339827347;
  -4.253876273686458, 0.8618331366893989, 9.143918093727626;
  -3.292426566957962, 0.9210872863536315, 7.533723003466228;
  -3.486638947938666, -1.225521860706189, 8.153549591908362;
  -3.463119527956642, -1.2350706934684, 8.198168222594562;
  -4.384167340839531, 0.8597816044089696, 10.17465190934391;
  -4.160473139769414, 0.8704967924392185, 9.723156093738597;
  -5.91583550182497, -0.6652057710232626, 13.58485812277809;
  -3.138348251179756, -1.217424401341789, 7.74442221786527;
  -4.139131096854163, 0.8877660769773272, 9.996465316494263;
  -6.290377027662443, -0.6867241238552367, 14.74237231034666;
  -19.05306655856676, 0.1100345088891398, 43.17519698897913;
  -3.338213401311766, -1.042302671409791, 8.414135277167853;
  -21.98079811223598, -0.2994390732645052, 49.88439734550335;
  -3.577614196477043, 0.9074279391371269, 8.978969670138628;
  -3.348715848659765, -1.078927450670024, 8.521887962911592;
  -19.34106663352157, -0.1382402988832503, 44.55701494344208;
  -3.133410830721837, 0.9385787433393428, 8.108383527173363;
  -2.918375644593291, -1.084586910240457, 7.622526997958142;
  -2.581836831449377, -1.244748476269119, 6.894052054140019;
  -3.206633206169515, -1.025862969665785, 8.355752705441118;
  -4.100208276322702, 0.8777733944758385, 10.43134917303535;
  -5.798466062800472, -0.9648333392297019, 14.34303118669041;
  -6.035073809642707, -0.9340703792434024, 14.90961082996422;
  -2.285597048821673, -1.289022176792199, 6.304981835487969;
  -3.201246721640287, -1.015041916220639, 8.467774180271102;
  -5.932599027509495, -1.038698929522184, 14.87808357128532;
  -3.099445789549887, -1.068293185245341, 8.258173118149941;
  -4.046938273428135, 0.8809008296888601, 10.51522035698192;
  -3.224965050058589, -1.06554141322533, 8.572333954270002;
  -2.918259381943676, -1.171466569949051, 7.883134827731807;
  -3.157933859332135, -0.9868568957923317, 8.479147569069914;
  -3.094460284876712, -0.8884720671827976, 8.369522693639427;
  -3.114674069834086, -0.9575095283054926, 8.449530996162633;
  -3.521374662637853, 0.9629409832020515, 9.441062913978691;
  -2.608445448131251, -1.194274445324254, 7.25771239040156;
  -4.528466006625608, 0.7781140852708122, 11.88833864415788;
  -4.096392488522034, 0.8652406742029389, 10.85970892775761;
  -3.019385545266971, -0.8656506442108621, 8.288902171793859;
  -3.102465535101889, -1.05576308008727, 8.516084441094279;
  -17.55868224867579, -0.06503081642776602, 43.70605605269882;
  -3.030308262171927, -0.8341687051196889, 8.370324854686919;
  -3.037283780148341, -0.9042902906536684, 8.400447107858986;
  -2.948772419046168, -0.9119926298212326, 8.244142944537583;
  -3.02940651480542, -0.7228112600767007, 8.442264045162144;
  -3.58208080643538, 0.915876631522504, 9.827741910680746;
  -2.956774785778531, -0.8445227249468477, 8.274932873948455;
  -3.982437382610105, 0.8627989436835917, 10.81795506197989;
  -4.345623215392472, 0.7935238796499622, 11.71737814429319;
  -3.007705324951143, -0.7940514782433096, 8.415606112623019;
  -2.953871412809677, -0.8180795380516507, 8.309973622973034;
  -4.122333471288627, 0.8504171492940014, 11.22598828496341;
  -2.469726719390593, -1.143241474781924, 7.166756086564234;
  -17.50224121373561, -1.202225348357446, 44.83299892405626;
  -3.604422998391797, 0.923191220717969, 10.03295387388033;
  -2.977899928428743, -0.9488498290654492, 8.469920984021041;
  -2.938879258374374, -0.7573317597621118, 8.379871171609489;
  -2.45187170459651, -1.051432776815507, 7.156208069516235;
  -2.132261289557173, 1.032112660300428, 6.361822770710891;
  -15.57243182691596, 0.1772844873494747, 40.23160162008389;
  -2.900816115376641, -0.8102102674271599, 8.332187938737651;
  -2.96783283162593, 0.9368423114289454, 8.537193052165883;
  -13.61678158529024, 0.3043409745417183, 35.93656701774355;
  -2.923767274910472, -0.7542569228602937, 8.492845223216861;
  -2.65855058674345, 0.9867187865971677, 7.824768152823308;
  -2.25333170701634, -1.181971326816348, 6.781871434691536;
  -2.899489981285464, 0.9470258778158345, 8.485646081209886;
  -2.386617458445859, -1.130843185039516, 7.16462159656548;
  -2.463234287599846, -1.650419802186726, 7.406292561415577;
  -2.393921106455523, -0.9923563625834863, 7.29077516065376;
  -1.939787066725541, 1.052495824445267, 6.133257639428995;
  -2.371371098504636, -1.054676525114236, 7.285285766627229;
  -2.348881907711701, -1.061460504396928, 7.24981180113669;
  -2.000121734838741, 1.041633757651794, 6.332696152762321;
  -2.863009989780384, 0.9676117155139417, 8.685150211458792;
  -4.36109723727668, 0.7920910335811183, 12.83969936263061;
  -2.361377469369135, -1.677135698216229, 7.459061867700776;
  -2.788962745172511, 0.9695639572054815, 8.74179010908448;
  -3.267019498835046, 0.9391063810417164, 10.07406068904721;
  -3.117864456447913, -1.06600125262327, 9.805289467987409;
  -2.945022976542215, 0.9776344812445263, 9.380650608417227;
  -3.151082084771743, -0.9633978431716551, 10.00143800889025;
  -3.253606825477501, 0.941645264739351, 10.32277156130975;
  -4.192173955389304, 0.8027219451085403, 13.09982877919327;
  -3.355190810900287, 0.9120280972355533, 10.71089750092063;
  -2.253805095517518, -1.528806020416735, 7.52936608552286;
  -4.080755850668653, 0.8420535188725892, 12.85632926150487;
  -3.19347915084257, -0.9368113050153772, 10.2846865688484;
  -2.741718671600002, 0.9514688854342207, 9.026793490362245;
  -3.106871085433109, -0.9627576087561913, 10.1029696837377;
  -3.211174411572371, -1.447916720282748, 10.50462765196333;
  -3.008071423355977, -1.108751041772254, 9.934834100519268;
  -3.164059190821285, 0.8325729363729403, 10.4145033285831;
  -3.844462076507068, -0.5462259432288447, 12.4544074795034;
  -3.192485462657355, 0.9327405458727625, 10.5548454288429;
  -16.03760587177008, 0.3508642501819446, 49.25958828638856;
  -3.281518858423336, -0.6392032496870185, 10.90289972749011;
  -3.780902418696395, 0.833989094417359, 12.41751297127453;
  -5.701272001840255, 0.6937417227846311, 18.28396785228256;
  -3.10270900808823, 0.9687938508809884, 10.42139150355723;
  -2.910390675002543, -1.137313163617132, 9.826717369824584;
  -3.721606704767786, -0.5756824377152584, 12.32974246089662;
  -2.910951709844757, -1.092624155187157, 9.892000864501215;
