m=[-6.024771070381481, 1.806923206878306, 8.161382641539909;
  -6.453295102524297, 1.794595766248499, 8.741094560517537;
  -5.713252862031448, -1.189957873707196, 7.919504152744073;
  -6.709900671956645, 1.752137219186162, 9.098684110549897;
  -6.72107891040257, 1.796083481459947, 9.114292467853494;
  -5.811521601084701, 1.837372488226811, 8.04455188793249;
  -5.777852698198875, 1.856901614126604, 8.009231209221312;
  -6.848684616898869, 1.76297567333607, 9.337346604026116;
  -6.693463880278919, 1.76108469934772, 9.154004712424136;
  -50.64197734969196, 0.06764812043210498, 62.9375177039455;
  -53.63066585102369, 0.9461753535527978, 66.6174746609848;
  -8.130312657331187, 1.652238343658678, 10.9477855897318;
  -6.665552393624238, 1.796157387259181, 9.15972322427548;
  -8.43871568484588, 1.621397583718505, 11.34280130013762;
  -5.633155398058731, -1.126314591836907, 7.944817553735576;
  -54.82407719097858, -0.2900507411553608, 68.52257021182552;
  -5.631106523349403, -1.019127231890932, 7.957201337103705;
  -7.678383190770671, 1.669455211257688, 10.45678735163853;
  -5.671876973986439, -1.096134118896323, 8.073889887436833;
  -6.668298754833645, 1.778193862514319, 9.340253633622709;
  -5.606508214495021, -1.063453540228844, 8.043387217407418;
  -5.674843366555791, -1.113773913412519, 8.160209209647142;
  -5.788908127831162, 1.863920122906869, 8.288136014275992;
  -6.275962840760163, 1.806690557086725, 8.908135930781539;
  -6.860223495827604, 1.783611828028406, 9.740167299851068;
  -7.811295198182608, 1.663492862770615, 10.95914965521644;
  -5.865732018103144, 1.842977238037733, 8.498469024581398;
  -6.459279079093996, 1.790157201479648, 9.333463794507674;
  -6.723752939008437, 1.772264132486833, 9.703070980083954;
  -5.541215007138126, 1.831448613402265, 8.170537108315417;
  -6.330181552000086, 1.78284288959912, 9.201167119038667;
  -6.177280121970093, 1.775525896100415, 9.02473058676976;
  -9.378584683083863, 1.643490191010497, 13.20095180314123;
  -7.736531140036493, 1.689732950936532, 11.09503159873947;
  -6.18149456377157, 1.843627536880874, 9.071958654466171;
  -6.689272275395308, 1.749292685697798, 9.750237069110305;
  -5.54780903079573, 1.840733658197503, 8.260518425097295;
  -8.089122276483058, 1.68160048284668, 11.60896647135628;
  -7.59823676106001, 1.753992040385233, 11.02537459738422;
  -6.144557888589677, -1.692591137075127, 9.15379891364433;
  -6.067584675832298, -1.925294630439471, 9.05613086277187;
  -5.83322311013537, 1.838895046844753, 8.745670066862505;
  -56.99083108303385, -0.7750736915445237, 77.01343379471516;
  -9.269319521914015, 1.657499745454423, 13.36428780538556;
  -9.022434167169596, 1.668555466310229, 13.05473012881757;
  -5.647735918917586, 1.82890407930066, 8.539412171449222;
  -8.048386102664304, 1.714666804977368, 11.88396008431137;
  -5.232117255487138, 1.893263463096985, 8.076087097796838;
  -5.42373834020551, 1.853105310534541, 8.34046810530821;
  -8.411081097019435, 1.681965731669967, 12.41004796229042;
  -9.087575431317996, 1.640458068977991, 13.33080599800229;
  -7.88712121395123, 1.673866212370023, 11.77296633351952;
  -7.874551311078013, 1.719003408322168, 11.784080842268;
  -5.934391950502479, 1.84214720733809, 9.122941449940836;
  -9.23366725293811, 1.714625946826767, 13.65881425272323;
  -9.31317145693871, 1.662781354419562, 13.79353680663242;
  -5.460858988698649, 1.853925615615114, 8.495954194818163;
  -6.564847944243597, 1.822368701274151, 10.02573502764865;
  -7.288419936947108, 1.790360209809696, 11.06981459817331;
  -43.07622350580014, -0.2829904567421084, 60.80983712859752;
  -8.144717696435015, 1.707453001776454, 12.3434323909595;
  -6.406601097958039, 1.8064772124766, 9.941823675069976;
  -9.034945012027414, 1.697697918702698, 13.63124975163003;
  -6.778906081987461, 1.765949460013838, 10.47572576374767;
  -7.764984811898143, 1.733460605423832, 11.86934292117624;
  -9.074556380670368, 1.678234624293071, 13.73095513201228;
  -5.626597897022963, -1.456075661390046, 8.979196936343062;
  -6.096154407660423, 1.830814610390205, 9.606522383079478;
  -6.832529324622978, 1.758218752859007, 10.65925882859521;
  -46.34699933949619, 0.7494682859778434, 66.68396923114209;
  -5.454927099868796, 1.874922514864579, 8.795759792689701;
  -15.54249099242994, 1.625215189016875, 23.5575785223357;
  -8.134415554699359, 1.71756978825523, 12.82546826184906;
  -5.491354303691641, 1.882827570541162, 9.017162533026445;
  -39.07337087072638, -0.4169455705987106, 58.37685068490124;
  -6.019557136164967, 1.808850809563438, 9.881230036064189;
  -7.745439923891018, 1.729646185378099, 12.48389003638386;
  -9.132775739267562, 1.619299967725053, 14.54602175911508;
  -7.983697184246744, 1.714603841067935, 12.8411214812058;
  -5.297300986933839, 1.889476604162194, 8.867056662866267;
  -6.614475901551649, 1.818406845335314, 10.90256065331671;
  -6.820090296432419, 1.832795124522617, 11.23292007786361;
  -5.209052477857195, 1.905730534477759, 8.828723462115478;
  -9.046429610097958, 1.70783935973169, 14.62023503979927;
  -5.211118048999587, 1.905756427850613, 8.920824025511118;
  -8.898048748698765, 1.61397525630718, 14.56224245585304;
  -6.55241794186801, 1.808322098237118, 10.98535355331864;
  -7.691143057699747, 1.779085625095393, 12.73537171188616;
  -6.171418464943137, 1.836445189010844, 10.42183477653027;
  -8.722288181913864, 1.703374982704474, 14.46054527424162;
  -7.398169494352353, 1.767542128308449, 12.41764036585309;
  -6.994782078246101, 1.791011791824853, 11.80136125765836;
  -5.015988510298866, 1.920556260871441, 8.770176389547746;
  -5.055577303582136, 1.900356941461485, 8.842588359654826;
  -8.762256151055134, 1.645058394396688, 14.75763671340839;
  -7.075304236190413, 1.758048212754895, 12.1226593509044;
  -6.83218628057926, 1.833097756812717, 11.76856120135061;
  -8.810674977727361, 1.591242578786265, 14.97561157724289;
  -7.602780088151198, 1.773750622789931, 13.08373586030291;
  -6.56191858476723, 1.814247893050238, 11.51303923234846;
  -4.81415289974319, 1.913432274767303, 8.754898904883508;
  -4.8568937108673, 1.890084295450608, 8.828214120852548;
  -7.573501037473893, 1.769713016384792, 13.21888948800988;
  -5.570597900023212, 1.958773498267163, 9.980708699929442;
  -6.595769230813962, 1.780805741712362, 11.75468211959946;
  -4.513286927769487, 1.923752284614456, 8.352534515257243;
  -5.379196061436639, -1.591417363725224, 9.821813203608819;
  -5.54279468120355, 1.875596365189469, 10.09118528914717;
  -5.402431870903024, 1.870157332074282, 9.868159826111635;
  -5.658550863252795, 1.872349475866727, 10.31027055708003;
  -38.2788701859219, -0.4821986404783499, 64.1948808675607;
  -5.438349498739102, -1.530711509608753, 10.01812451351118;
  -7.527906929939605, 1.776603809001869, 13.46186713856279;
  -5.414472638623757, 1.870821967016586, 9.972193013752593;
  -7.357560110042681, 1.804987175697904, 13.22632829594413;
  -6.76019840529471, 1.818046177916487, 12.27231758845859;
  -6.9675864945971, 1.817672864034958, 12.64181495443458;
  -38.66724454360374, -0.541851260124213, 65.87373563787372;
  -7.696210613907931, 1.768008189334876, 13.93061062870804;
  -8.173150829252812, 1.747804909339552, 14.75267301500774;
  -6.6877564618283, -2.247060098707607, 12.36409469107484;
  -6.23977450558218, 1.86340237371214, 11.64993964878574;
  -4.687576002813528, 1.919443821866012, 9.015568387715881;
  -6.35364439495244, 1.836302833869827, 11.87829668081656;
  -7.089733096578415, 1.817972446726369, 13.17192403105148;
  -6.906097301117928, -2.568807432180118, 12.92236952940963;
  -4.840226186106831, 1.928610201123433, 9.316120869936743;
  -6.42318198363647, 1.827310626275179, 12.09205465160048;
  -4.739762023249262, 1.94202231415969, 9.186262939637565;
  -6.817224598112097, -2.67652720707365, 12.85516054169118;
  -6.603898752189084, -2.276362642496172, 12.52304854369535;
  -6.845270887715902, -2.511176762365478, 12.94858284430977;
  -6.86071238150079, -2.613982275803723, 12.99371940756473;
