m=[-5.570262460645716, 1.751407863786484, 8.269671780613553;
  -6.525034382140633, 1.648836913020783, 9.621670902022332;
  -6.921957996677882, 1.661947041652527, 10.23140396038084;
  -5.368061691030035, 1.729878767943367, 8.181716469310922;
  -6.358860774817151, 1.682877944848832, 9.512904777346247;
  -8.422119582356402, 1.48933362492887, 12.41779052815412;
  -7.075540045428599, 1.632268049366624, 10.64909276368615;
  -6.733965634262367, 1.648707839336906, 10.20648519768819;
  -8.416605854266971, 1.432723421213125, 12.54044402885466;
  -6.088476193193154, 1.721822272073466, 9.365578419135437;
  -7.323294130557188, 1.624460948627819, 11.06138495707921;
  -23.93161484081206, 0.6938835747857133, 33.88019871336638;
  -6.452898016557509, 1.668609510507265, 9.924536929181352;
  -7.25964375306864, 1.583420466009333, 11.05772962357476;
  -7.526126575558027, 1.572761296307848, 11.42909520952362;
  -8.166446291171285, 1.5314440035005, 12.33184904699542;
  -6.4500548186541, -2.265533166232965, 10.04868507705568;
  -7.871068138666427, 1.580920724621322, 12.06445365255203;
  -6.435796592029932, -2.345093856728939, 10.07974020117691;
  -7.639000882065212, 1.595315313090714, 11.78440227823976;
  -5.331209051511221, 1.782818177125735, 8.567446010771478;
  -6.999019232189876, 1.70952673190542, 11.01322216534559;
  -6.828244925526925, 1.6304956296668, 10.78841050398408;
  -8.280592623164898, 1.438339560282449, 12.88258864008305;
  -7.429408951253159, 1.611980587182756, 11.69520635334706;
  -5.801022752545624, 1.725551791579307, 9.386751076563762;
  -6.802566259567211, 1.662483669700686, 10.85741836807343;
  -7.710280476138054, 1.552940597323916, 12.17389847072127;
  -5.287135477630359, 1.776618297276988, 8.680068925490273;
  -5.18524080185078, 1.790205349171181, 8.565751679326514;
  -5.800612412830552, 1.774987250186788, 9.508154920217001;
  -7.935683798917135, 1.551579252833704, 12.65517547906416;
  -5.058077657778281, 1.79244958066609, 8.52434461224972;
  -6.605122115659412, 1.650268219607834, 10.83759825540526;
  -6.89084742210445, 1.642321697424924, 11.31632331959914;
  -7.176003743522455, -2.026560928410538, 11.81171829424951;
  -7.283898890596228, 1.611156788207037, 11.9637420018928;
  -7.338732306603991, 1.61069485037546, 12.10073495175996;
  -6.208750063699456, 1.681574327607529, 10.39919126658592;
  -4.964417621722344, 1.808454083537633, 8.551734225283811;
  -6.460026005304273, 1.667831279227061, 10.86675464490611;
  -6.135958527871856, 1.627704332491906, 10.38502525571629;
  -4.930932597892357, 1.834758421786182, 8.554880140846427;
  -7.451353045949523, 1.609081036235639, 12.54698299819411;
  -5.491979661408613, 1.766184798789218, 9.56087160316234;
  -6.005029046560638, 1.677795869979106, 10.46450549993678;
  -5.959876067724413, -2.029235473213868, 10.4450510214748;
  -7.311587735555415, 1.579302495402926, 12.59269676919858;
  -4.681659252493049, 1.829293848437738, 8.459355364605301;
  -5.18204603495169, 1.782356122088479, 9.259774447060304;
  -5.108777607760418, -1.948855840795416, 9.251876682270201;
  -4.527778301046394, 1.847249821398931, 8.370365944296207;
  -4.689367930691891, 1.822234491772917, 8.64889946191915;
  -5.923119911277557, -1.912349149799838, 10.6871053553704;
  -4.916531080912233, 1.827443964495411, 9.039397891325272;
  -5.409042761244108, 1.73849764667437, 9.875339324921557;
  -6.955706832352972, 1.59414685009578, 12.45029438354526;
  -4.785466734339874, 1.825204045915575, 8.907186536664197;
  -5.860702411442565, -1.991861030451594, 10.69688625666752;
  -4.88759506860278, 1.802509979340931, 9.161269842385213;
  -5.713233703256105, -1.83085687514399, 10.5666629412657;
  -5.088470265224195, -2.015103755232486, 9.54677982007567;
  -5.414917912083952, 1.771861717885451, 10.08738816193413;
  -5.728091296181439, -1.890491161343485, 10.62648237196315;
  -4.411925451946609, 1.853429651034955, 8.422254224308048;
  -5.843888993364138, 1.681135387996759, 10.82378144741987;
  -5.591862612180005, -1.941855209429559, 10.42402079445144;
  -5.184917779132183, 1.776306142792975, 9.760557402390356;
  -5.639497795376123, -1.799342785922663, 10.54765000355433;
  -5.606828126632673, -1.468912735312012, 10.52661568187875;
  -4.32998409468929, 1.848754586886439, 8.35762653353771;
  -5.333831218102083, 1.730823348186111, 10.06343446047339;
  -6.310654322787549, 1.631099593526697, 11.7316626010504;
  -4.913068822185667, 1.79527999660025, 9.364973562359923;
  -5.641810809861937, -1.845262911659319, 10.64367042664549;
  -7.926720651868385, 1.453979211743414, 14.56737030632733;
  -5.778702389941601, -1.818455425121119, 10.97665429307403;
  -5.671663468398899, -1.708424578380275, 10.80943204520943;
  -6.108343348926906, 1.679512388474787, 11.57690816841851;
  -4.311231045449536, 1.849776705982727, 8.473559943257609;
  -4.962920719987713, -1.974508811313707, 9.612571765207081;
  -4.301697117704368, 1.897341185818438, 8.466167449173543;
  -4.637930015463245, 1.823165080076696, 9.053684283620616;
  -5.696862127224993, -1.953726846557663, 10.91187650944405;
  -5.514474712841087, -1.6410207890654, 10.60104140815357;
  -5.073292566668741, 1.77525486645076, 9.897528740310776;
  -6.643858439151483, 1.625488774159228, 12.66383591918502;
  -5.573342689843676, -1.754698470506531, 10.8080418972266;
  -4.277654994264767, 1.893641829511823, 8.528447458370881;
  -7.004636041467363, 1.570816180814973, 13.34563000523216;
  -4.348381372846943, 1.852898961550461, 8.676007413249968;
  -5.22251710111392, -1.381115131526248, 10.31420126853137;
  -5.494601176985253, -1.915425188380482, 10.80383646779493;
  -4.59629380127734, 1.84840537571733, 9.201833002654622;
  -7.074992340368379, 1.539347951264657, 13.6097889109217;
  -6.579549050576614, 1.648196337697921, 12.72965033161467;
  -5.020017232979187, 1.779949209566514, 9.966743248584017;
  -7.177675555140035, 1.533223827574201, 13.85829061525532;
  -5.218637195372327, 1.724701327565337, 10.37546420847252;
  -5.292476110015528, -1.701770377809794, 10.51915601108171;
  -4.991379160222819, -1.956198797697079, 9.990266455797404;
  -5.235539863402554, -1.507705451973527, 10.4476212861122;
  -5.31997817330423, -1.579290703360892, 10.62375381314481;
  -5.498411682678886, -1.364425875606559, 10.94297969265823;
  -7.462414629588616, 1.441723802942138, 14.48996258323167;
  -5.39392690147179, -1.830441669911192, 10.78431846728426;
  -4.329467674859242, 1.859033837172422, 8.872768728247131;
  -5.334711944203775, -1.751139492569113, 10.70910702600316;
  -7.117112681538133, 1.559500377476284, 13.94205768166548;
  -5.321176071222391, -1.591832160423305, 10.71328581140872;
  -4.337797748407146, -1.907437538907268, 8.945288525030541;
  -10.85402504131161, -1.35000789053925, 20.83136315752413;
  -10.76760794190918, -1.15877201743681, 20.70029078444526;
  -5.192738903071308, -1.365198784327401, 10.54411713423492;
  -7.830729360711946, 1.437917115979683, 15.37044473358967;
  -5.370713965264251, 1.7356010489525, 10.89071206102557;
  -5.421336137057296, 1.699420397831051, 10.98906958061557;
  -7.289874191537106, 1.522161808374029, 14.42095092000958;
  -4.783386941215757, 1.819484030929647, 9.819662090669777;
  -7.032131687105633, 1.522105433335636, 13.990166576087;
  -5.292534704959427, -1.635606433460963, 10.80948410175366;
  -5.938581357245002, 1.654972914120549, 11.99688056604397;
  -5.343678057922117, -1.698068764448417, 10.91658116965677;
  -4.151252167416254, -1.778838915581858, 8.727554940159349;
  -6.583459732629843, 1.644582121046355, 13.23358945859717;
  -4.423400047125032, 1.815031262908774, 9.26423814700917;
  -5.424156273818388, -1.787546406741835, 11.15689696654805;
  -6.235976044700792, 1.636771168872483, 12.66491298207179;
  -10.56225209122512, -1.130797623050731, 20.81221677029873;
  -5.175242487817206, 1.724376270653298, 10.72106733448134;
  -5.063553535312448, 1.754526169507583, 10.54796952659879;
  -7.29410043027758, 1.512111398209994, 14.7407556944418;
  -4.281751967147379, 1.865790702982539, 9.082652588156172;
