m=[-6.329248001491083, -1.372358346814385, 8.561482159685959;
  -7.291290397471158, -1.014488631760128, 9.798845522595302;
  -8.53442487244485, -1.300335307563753, 11.73055338700419;
  -6.723797768101974, 1.845952633594153, 9.614336650309429;
  -6.984843984287154, 1.84629388340901, 9.975296490919423;
  -7.294135042482412, 1.815275156615529, 10.41012632589622;
  -7.828235353092286, 1.753668492445098, 11.15967688933517;
  -5.869235745123347, 1.899567315541053, 8.652260514584649;
  -6.766611980235562, 1.846729699610147, 9.822657926244956;
  -6.820710142729676, 1.821188384672333, 9.899608977675758;
  -6.074406663224102, 1.907866461919249, 8.928302285921927;
  -6.321892810028085, 1.865598653255133, 9.278989135539421;
  -8.143078566972797, 1.768501169507128, 11.68440499131051;
  -5.868590294200556, 1.882752061751984, 8.786304353149752;
  -7.695371072874845, 1.809852627506251, 11.23379770518805;
  -7.731053651045866, 1.798462104685028, 11.48031869706111;
  -5.535540934586777, 1.94776141605164, 8.527218513253972;
  -6.807531627805035, -1.532356440568647, 10.32354505396667;
  -5.876112133062087, 1.93278745554721, 9.090890415983127;
  -6.837420427838231, -1.707993640982791, 10.44922458929233;
  -8.443745422535855, 1.732887052700995, 12.68302241174092;
  -5.695179482012021, 1.975698373609654, 8.895834110785634;
  -8.628977880266303, 1.699095370517228, 13.05875996218363;
  -8.248413636631176, 1.717447122566952, 12.55440625161973;
  -5.99573283182858, 1.92334636120332, 9.403762723540224;
  -6.157338830341178, 1.862096236953288, 9.661484401787469;
  -5.726615815157477, 1.954702280686604, 9.0862236788863;
  -6.693734964040108, -1.723211975424539, 10.51488134510276;
  -5.492609352301299, 1.963491256580477, 8.817585089081247;
  -6.818800454848906, -0.9946088956302953, 10.71582696098516;
  -5.871028443984221, 1.865287875817592, 9.396537615102066;
  -5.844429315457059, 1.967331078705279, 9.387603409138345;
  -7.18876827662184, 1.900348800331794, 11.33795749803622;
  -8.770365686121835, 1.68788557237962, 13.67107494264194;
  -7.278293976104639, 1.819924666240961, 11.51892494382104;
  -6.693033505954404, 1.889960921452411, 10.68365149392066;
  -6.4890693685735, 1.905051259784767, 10.40523958662456;
  -5.856628956371341, 1.950079424608882, 9.496912278328308;
  -6.15427521510665, -1.663959124945195, 9.929013915939091;
  -6.766531135948931, -1.067531296346723, 10.84138416228467;
  -5.781970248085178, 1.98393200696187, 9.463155434377724;
  -6.03621137053362, -1.195979216023247, 9.877628157264818;
  -7.961357613432303, 1.730630283170548, 12.72781096303763;
  -5.940700515629825, 1.917101607849032, 9.794722936693619;
  -6.922511136497221, 1.849963108019826, 11.28104177788783;
  -28.9717106137168, 1.30770931876172, 44.15654023265311;
  -8.489159051385482, 1.715584601247531, 13.66742621317824;
  -5.878087923819716, -1.052093338850165, 9.828042778054295;
  -6.395433564062593, 1.914171744550561, 10.62037152869219;
  -5.751863423255769, 1.970563412801657, 9.652197983952782;
  -5.939645975079737, -1.094581989289358, 9.947929793219421;
  -6.084497333102685, 1.943246429330709, 10.17517446890588;
  -5.204213464359266, 1.995985801174854, 8.864201890799704;
  -5.931546336335929, -1.244326214886378, 9.97860023988399;
  -8.114237499922931, 1.739749150637655, 13.28139339244967;
  -29.59431795870746, 1.418339742133659, 45.89737748876061;
  -6.053498984371111, -1.722223940193879, 10.22652301755108;
  -5.289473217949345, 1.993088596771843, 9.088582744785935;
  -5.126080868508021, 1.979448109881404, 8.842996392893973;
  -6.978562628109617, 1.86247056182887, 11.67785177257821;
  -9.561950998200766, 1.714312738047439, 15.62720550428834;
  -6.813829864750621, 1.877008597564633, 11.444714394245;
  -5.284728863632327, 2.027315120720063, 9.123925121481028;
  -6.109090243786396, -1.694593026304244, 10.50289265342178;
  -9.506428974535377, 1.721797744290576, 15.80473451136099;
  -5.70194410834252, -1.04977376940737, 9.910880233246852;
  -5.587960828005607, 1.961924775514902, 9.766381507427401;
  -7.270184760389858, 1.83266401661097, 12.40684851059695;
  -6.935061153314937, 1.87788355078379, 11.8811438477441;
  -5.15158366921163, 1.952949658385147, 9.094160225783149;
  -8.543191009253214, 1.725908135851311, 14.45105314453015;
  -5.781026732208066, -0.9875822695030249, 10.12187931923144;
  -7.717465020006592, 1.841338742749061, 13.19661561885009;
  -6.466775942382625, 1.820729095116587, 11.29386817201825;
  -5.65042317831763, 2.011610523461857, 10.00775525907735;
  -6.118464594723635, 1.922124402087619, 10.77777300113153;
  -7.875838977677095, 1.798530677364527, 13.59694620366466;
  -6.48563022576187, 1.865210366511112, 11.38656185413556;
  -8.164592708353782, 1.789379403305821, 14.08598162181702;
  -9.077209539734623, 1.77075141272156, 15.5900290462574;
  -8.250832222361536, 1.741427483885946, 14.35077325600812;
  -6.846282512277665, 1.873420572595047, 12.09005950024993;
  -5.051029699075183, 2.023545428534654, 9.225836780940037;
  -5.819685060867943, 1.928800479310824, 10.49090442153359;
  -6.170662242673262, -1.623881451392954, 11.08518700688265;
  -7.989887457668837, 1.787253003611402, 14.06966109099092;
  -5.746770574517595, 2.014292969008253, 10.4267777578464;
  -4.989776210595657, 2.023884070651626, 9.223585276648953;
  -6.862793812959948, -2.438112700573035, 12.31096847971873;
  -5.112635665183794, 2.001913116717471, 9.432936247901836;
  -6.400299348392614, -1.879205672890344, 11.58126255780885;
  -5.668943401559096, 1.923524200095257, 10.4390011915273;
  -7.188986538677806, 1.84622507919959, 12.98231196245134;
  -7.183321167320517, 1.884443760579241, 12.98989901553251;
  -5.082263487208825, 1.981205971037451, 9.500825676486951;
  -6.399601973609495, -2.058791135006417, 11.73074415056399;
  -8.443478845866741, 1.801163618341888, 15.19210961282446;
  -9.469385350458291, 1.688072835263776, 16.9146316150843;
  -6.542952890477839, 1.936215148227781, 12.00634153662272;
  -8.172349559021226, 1.834942497690341, 14.75608717032865;
  -8.713331917263574, 1.804009090616288, 15.80099274424111;
  -4.646876339848317, 2.054578861198322, 8.987272444078908;
  -9.448755817178574, 1.71917076129373, 17.28954442721159;
  -5.032190691288827, 2.028309647087094, 9.709738019241781;
  -6.167247230384198, -1.869667461417209, 11.66752611159693;
  -6.189445216361218, -2.0235713227587, 11.71473242976106;
  -5.629273774020197, -2.329973752022149, 10.77969700342906;
  -5.692133018001632, -2.228093682497784, 10.91261919961817;
  -4.60963629416472, 2.070581089167681, 9.03308998856564;
  -5.755084044771737, -2.160714371940808, 11.06166205663368;
  -9.061895848018498, 1.783837599200453, 16.84975349941842;
  -6.009479466986412, -1.797702327466213, 11.52058892179469;
  -5.882715168192123, -1.497847969690452, 11.32913537895989;
  -5.731244938061191, -2.323804209201385, 11.15801875369119;
  -5.67943517184738, -2.224881044149609, 11.11058224595671;
  -6.302068034033359, 1.903239897771924, 12.25096433439868;
  -9.273476718886899, 1.708215264086793, 17.60231582715006;
  -5.585575782365521, 1.996520791427318, 11.01207504502815;
  -8.792880559565116, 1.773769097773878, 16.75262649164355;
  -4.403115831642031, 2.047840980598038, 8.905377464153824;
  -4.603153278547313, 2.052433696552022, 9.279785377750773;
  -5.774750346707644, 1.974606146534439, 11.38594849603148;
  -6.015357058109942, -2.732128204595318, 11.83894614673954;
  -5.665599055516304, -2.28624727855951, 11.23992630627033;
  -5.623711727496133, -2.34340135686803, 11.17107374939675;
  -8.348687623505384, 1.826360719442539, 16.12700756982619;
  -8.932857316834395, 1.805374891338788, 17.28381397003739;
  -7.338029571939903, 1.82905181917446, 14.38361687848282;
  -5.862075029905232, -2.651594008081376, 11.69092923189857;
  -5.91946751340926, -2.618671639375503, 11.80674843821665;
  -5.651803481638332, -2.438344888839369, 11.32074561688405;
  -5.364187568006095, 1.975549989662469, 10.80051590338435;
  -5.022655297756711, 2.048740602598568, 10.18112375080588;
