m=[-34.9227428911751, -0.5779975698108528, 42.54948888367488;
  -36.3968541426224, -0.007618848217999574, 44.52687783377238;
  -36.75626864078115, -0.259717345511416, 45.08667010253715;
  -34.65007177209103, 0.2991726851781422, 43.03080177824953;
  -36.77535070247549, -0.9560787073784633, 45.80651401875716;
  -3.746750169292393, 0.8133853757832645, 5.774810573760254;
  -3.484760182879948, 0.8378988430868654, 5.74894635625649;
  -3.179181781125673, 0.8593594524698457, 5.454047041887721;
  -3.225078547560542, 0.8473349705034953, 5.782246115543617;
  -3.57163152382889, 0.8004500999658213, 6.476897845615168;
  -3.516623943475482, 0.8161529535847972, 6.518973368563687;
  -3.449904699874456, 0.8314918878000444, 6.483510352393909;
  -3.450830731392718, 0.8168048164238911, 6.549620666449394;
  -3.879842462420796, 0.7516900538613458, 7.269971534122419;
  -2.874041789171388, 0.869008945014926, 5.653706620350421;
  -3.275779911031207, 0.8389546534200861, 6.373321454151132;
  -3.049449041303252, -0.7828534054774387, 6.072594263042238;
  -19.17724886362562, -0.2434302521911565, 33.6307783856038;
  -3.627630119366252, 0.7872575507027504, 7.195691316531814;
  -2.768262100038022, -0.8458930725062367, 5.731770836375575;
  -2.886984618838183, -0.9529239113178222, 5.943273039496301;
  -2.774142897817062, -0.8978100423218863, 5.766852831692882;
  -2.717800538898454, -0.8288409111679392, 5.729057669334345;
  -3.320942449894255, 0.8283132460273553, 6.783985144610857;
  -3.5852769897152, 0.767098221567855, 7.399132470679996;
  -3.101594674121403, 0.8406171392365525, 6.551306916506724;
  -2.982698008045046, 0.8459076667293628, 6.43420537593197;
  -17.03621869552619, -0.6252010528202123, 32.27171598536871;
  -2.910116152870626, 0.8602523397596796, 6.342630516217213;
  -2.448952340267366, 0.8997514873898566, 5.555028580404162;
  -20.25097691812053, -0.2972000557089637, 38.94593825478723;
  -18.51776364877829, -0.1609923169762307, 36.80867292463415;
  -2.683284535895303, -0.5100617619322362, 6.226800279182641;
  -18.29507281665831, -0.1866109458324253, 36.91019785267782;
  -4.555982881647923, 0.6425632553756426, 9.986719496329387;
  -2.754849724898854, -0.6810417353539339, 6.433228673777498;
  -2.728572683756254, -0.6373810775629955, 6.401847749823019;
  -3.971719188725089, 0.7426860429453662, 8.903404507227439;
  -2.698786555195869, -0.8555341853238383, 6.402528304742309;
  -2.709873575544086, -0.5476222253393082, 6.454262881938443;
  -2.693166757371799, -0.5736422451217377, 6.490165081907705;
  -2.627112503027779, -0.5426708834905053, 6.37770852014633;
  -3.925499984668001, 0.7322104916897013, 9.058112290507609;
  -2.671835018361279, -0.6510337727266696, 6.489870182396025;
  -2.284677607271709, 0.8812337086414316, 5.707408157101423;
  -2.551936439336303, -0.9634602273157875, 6.263039033760156;
  -2.659444862710072, -0.6891139184286509, 6.528809731023816;
  -2.645976136469227, -0.6134800754236431, 6.507964868498513;
  -2.683530588920922, -0.5055320430100297, 6.593529914004074;
  -2.454736646738625, -0.9791240271985606, 6.129787233766578;
  -2.529376239079845, -0.9456462589549536, 6.285980722557303;
  -2.661312449321002, -0.7057299212689829, 6.648703334079339;
  -2.554218168482644, -1.142702962314382, 6.444352269536866;
  -2.546356761054856, -0.9295804352121229, 6.43785172531638;
  -1.981635117430631, -0.9947608265785645, 5.293754712704923;
  -2.493654635280273, -0.9821308776357645, 6.470374391860299;
  -2.553709368867324, -0.7083528770780772, 6.604817162197014;
  -2.445598497042797, -0.5561882175037648, 6.4047339063217;
  -2.572444394285547, -0.8250464058438886, 6.695184290429745;
  -2.444102312355118, -0.7129365805566694, 6.452928423391282;
  -2.472033307103831, -0.9152294504053355, 6.544624874063085;
  -2.470462181407396, -0.6108436363928315, 6.544629430098573;
  -2.402485830626455, -1.039374228035859, 6.396737379304881;
  -2.386030893001921, -0.6682458386821522, 6.372677292764275;
  -3.235322536317229, -0.3230877201666903, 8.315092891054359;
  -2.40637725041365, -0.9512139435236292, 6.447499922517449;
  -2.411848394643514, -1.07519740779661, 6.468348084781218;
  -1.941292316491957, 0.9195362780165532, 5.485917244856966;
  -2.373139992562608, -0.5341100776233225, 6.516496678730682;
  -2.334121337188395, -0.9972025406658417, 6.436237604834959;
  -2.355139247726983, -1.047612377759411, 6.534999526006747;
  -2.240860767315036, -0.5170458313479845, 6.268926604770122;
  -5.395442234720791, 0.4828549255852035, 13.82202719033224;
  -2.313404585137691, 0.9039478312061631, 6.518076422563585;
  -2.414431709262233, -1.090500461623535, 6.810360641231534;
  -3.390684323158399, 0.7697646931655253, 9.174153043768323;
  -5.270046028104779, 0.6255735946619996, 13.73199074277196;
  -2.581387495629007, 0.8243738839225789, 7.245799331640526;
  -2.293396217784412, -0.9399296557766745, 6.56317062576892;
  -2.321618468439756, -0.9917156269379316, 6.6663208939621;
  -2.91249734691289, -0.284778437932884, 8.156809853322493;
  -2.177888491420988, 0.9427215763448521, 6.387878869534451;
  -2.848407824624901, -0.2315802671034647, 8.121262455559908;
  -2.358136239405647, -0.9263708685078216, 6.992068123869785;
  -2.650002185511438, -1.312954337025557, 7.735866130150583;
  -2.091664379199129, 0.9266600366055265, 6.313310179167191;
  -2.433050427068954, -0.7834971550184974, 7.227182206174115;
  -2.428312138640598, -0.8620220252481761, 7.229514730015493;
  -2.552818114548769, -1.317793232055772, 7.568537557012455;
  -4.632201413915581, 0.7049408066715007, 13.09797628282551;
  -2.345074846785911, -0.8501454175456973, 7.122254287265855;
  -2.020463729242586, 0.9190243658936612, 6.272594832242884;
  -2.374236637169155, -0.7980616507756259, 7.211633642198576;
  -2.457804549844455, -1.31856853511206, 7.512962159909375;
  -4.465727101811753, 0.6912360573982042, 12.84339433672663;
  -2.109593744471796, 0.9167199009527833, 6.586597651803362;
  -2.416912899999136, -0.4580258215288677, 7.412115022857973;
  -4.352606701137862, 0.7249480001181647, 12.60105793001023;
  -2.544283601265314, -0.5387827583102287, 7.772780475466543;
  -2.466141419738194, -1.211538654251124, 7.608784588478867;
  -1.649422231870832, 0.9549170640267601, 5.411963997873733;
  -2.115569509070693, 0.9032945875409203, 6.789567032305836;
  -2.465863956794398, -1.120355958044222, 7.797471113085205;
  -1.550059242103137, 0.9869989672631017, 5.277679512637873;
  -2.34452331514584, -0.5505037194148139, 7.490602965122335;
  -3.138828912377387, 0.7892647726579553, 9.785577328069712;
  -2.407801728231567, -0.4963615743346011, 7.802795210115151;
  -2.359087323766322, -0.4299483425269843, 7.676537705663409;
  -2.471052848949397, -0.6964447030932938, 8.02960689693489;
  -2.099556133050608, -1.397271373325619, 6.982161577503913;
  -2.002320714335703, 0.910861267749475, 6.700292019858698;
  -2.322956156543196, -0.2498463222013601, 7.667082308690615;
  -2.413348148611698, -1.140653536810596, 7.999347018067336;
  -2.26456681753651, 0.843481459272959, 7.598497932499892;
  -2.412809615446471, -0.6750110805546933, 8.051692185626564;
  -1.892109479535812, 0.9472685235851424, 6.524704050330093;
  -1.932234248624886, 0.9267254130831747, 6.655480335514072;
  -2.413221147770423, -1.378906460622975, 8.103995388130276;
  -2.307975264574761, -0.2526698077325751, 7.797310246086016;
  -1.664152446109441, 0.9452079334978244, 5.887695477452373;
  -1.871509329087733, 0.9227767870018263, 6.543097472586156;
  -2.59754860912589, -0.5617540399065065, 8.737974773665908;
  -2.353505120582634, -0.2919116225432352, 8.009925610201869;
  -2.537952596952609, -0.5219528829274963, 8.672316777331139;
  -2.579600085282709, -0.5793742474637352, 8.830530664136441;
  -1.788695054488263, 0.9144096932613635, 6.430888344595497;
  -2.435482198542148, -1.379535703320914, 8.508495246192148;
  -2.576641313175466, -0.6257074834009578, 8.97809534640683;
  -2.150525665902091, 0.8919511466634663, 7.685088290978766;
  -2.477788168151027, -0.4976575183945317, 8.75868204290288;
