m=[-8.284161690600319, 1.563056125002917, 10.80287714039371;
  -40.57375952654211, -3.501415731388568, 49.20960190443239;
  -14.7909791228636, 1.204786586769134, 18.66784135255576;
  -8.521585918246997, -1.992768357120648, 11.22980535394022;
  -7.225431914683249, 1.566348657606151, 9.683122306133717;
  -11.52949769893659, 1.220628923753597, 14.87519775940786;
  -9.210123094708314, 1.4417437864768, 12.09640458304585;
  -5.917292665213548, 1.677893594322737, 8.133424428733365;
  -5.816649275695456, 1.694688851593523, 8.050545042473141;
  -7.114076468031608, 1.60419690585353, 9.632702602653957;
  -8.372767636488192, -2.209427656264998, 11.15955934098538;
  -6.479133396805297, 1.674246364942846, 8.919382852332669;
  -35.24920116044103, -2.957008846849758, 44.09850627728237;
  -7.330135794737934, 1.569461414613471, 10.00565044020177;
  -7.795679157026694, 1.522595068989922, 10.58143890431192;
  -8.946811876139101, 1.482387699159866, 12.07528561046023;
  -7.82493198969344, 1.594572231631274, 10.70375028128369;
  -6.539933509280567, 1.679675815603183, 9.139113049186641;
  -35.71651055659988, -3.687391471412771, 45.55372419155934;
  -36.99775532781916, -3.443165042059319, 47.27549180642887;
  -6.194512189317793, 1.706128668606855, 8.752898199056816;
  -9.23180389634009, 1.409734371946287, 12.68866568259197;
  -5.681053692848237, 1.719723100953992, 8.239503507370626;
  -35.81676137916798, -3.060480938229052, 46.75801011158453;
  -7.660554328032151, 1.596581174796177, 10.84168301984396;
  -7.480970950626046, 1.597143754439708, 10.68249978333917;
  -5.793290025920286, 1.693845951369177, 8.52155332048784;
  -6.388533485169904, 1.707820611872313, 9.309901979687414;
  -8.556392822866398, -1.988084443520836, 12.19602712595295;
  -5.573130135486298, 1.724087206365112, 8.309690210067426;
  -10.35255597395896, 1.277285208073427, 14.59226350576336;
  -11.42162889668694, 1.171167753400511, 16.00093008107018;
  -8.343899267326593, -1.730647164703386, 11.96701069259212;
  -8.092324731973012, -1.498230142367393, 11.73821293479392;
  -8.857690165227867, 1.440029219736894, 12.77386750376495;
  -6.633896255227903, 1.660451197582474, 9.860750210304241;
  -5.707141884572281, 1.645693844667516, 8.641171409069251;
  -7.52416113843662, 1.582010602402413, 11.1737819074477;
  -8.638984230505979, -2.197676694786446, 12.68494116433571;
  -6.909065595967932, 1.654267226615038, 10.36860112681801;
  -7.726104971321373, 1.569712828899764, 11.49246903545083;
  -7.966099445923884, 1.549299629293045, 11.86016897802286;
  -5.18752952029001, 1.788723187262588, 8.089000911867338;
  -9.412971070354489, 1.362214101997035, 13.86566319776945;
  -11.35424669393678, -0.03076485912312314, 16.55751046297795;
  -7.709077261100648, 1.550118068555873, 11.6023126800415;
  -7.267042702293209, 1.590602861791611, 11.02531801293288;
  -10.89231314061192, 1.247812284702838, 16.09177943022167;
  -9.703265592248815, 1.360201361620175, 14.51285746406;
  -6.130493505451665, 1.686193396591837, 9.544491092297671;
  -8.091813016995719, -1.985242897200066, 12.28461749090168;
  -10.85473459853687, 1.113713717865035, 16.17747862403114;
  -5.165189694038848, 1.759096658747387, 8.248756030066605;
  -9.561107107073918, 1.462329894056486, 14.42264966343273;
  -9.832392143449098, 1.312148846838981, 14.88153600105809;
  -7.289992200092074, 1.614533216993323, 11.29755171756833;
  -10.86151972647899, 1.202541408272694, 16.35980679741768;
  -5.80284338763739, 1.787489714486454, 9.244341992276345;
  -5.171990842010871, 1.767518933880902, 8.348187046153276;
  -5.042912998887438, 1.793468972636962, 8.197652466427527;
  -8.340183497824857, 1.605567710590447, 12.91799867610782;
  -5.372836515568078, 1.718537379285202, 8.684769780933761;
  -7.761758379005131, 1.595528707426431, 12.10291853465565;
  -8.753311850516688, 1.513607350204621, 13.52235281104743;
  -9.905898962668003, 1.331486590120172, 15.22495238163226;
  -9.330735679094806, 1.447588181001824, 14.41038881315555;
  -7.513750447917922, 1.629343002138346, 11.81098057246461;
  -6.002329165011288, 1.713192177666499, 9.648080152481926;
  -5.919017451305973, 1.758239349649986, 9.587742406694808;
  -7.211265554580701, -1.882100336585211, 11.51795105022209;
  -10.36778824925778, 1.198730914896132, 16.15814581687475;
  -7.207169963047808, -1.99602465841257, 11.58632395261821;
  -6.246226000180219, 1.661207537936763, 10.17705996671849;
  -6.12814832623244, 1.72273022770126, 10.03206849334057;
  -5.294893714802692, 1.809406943851688, 8.835128675371985;
  -7.073659442618927, -2.051660557482498, 11.48194609607603;
  -7.347996600890605, 1.585213136577313, 11.94913034575753;
  -7.277765668569672, -2.035017322106005, 11.85840447690739;
  -6.604467047369927, 1.620287503316618, 10.85428500648684;
  -4.989198114067498, 1.82584534727902, 8.459557505816139;
  -8.451297314815177, 1.519109086310307, 13.64880101069;
  -4.810554237483546, 1.811817859928582, 8.212013530043087;
  -8.264085838350278, 1.555126222182582, 13.42600317082764;
  -6.93530845509341, -1.75574513427731, 11.43396735864907;
  -7.160971310788967, -2.17769930100728, 11.78075962302392;
  -6.572211236029633, 1.61716992010587, 10.9100033384941;
  -7.18436776739057, -1.518648901308197, 11.84959834332299;
  -7.177240532820539, -1.568400990346107, 11.84910043897097;
  -9.771385283127504, 1.236758759433666, 15.80224321110284;
  -7.037489178635838, -1.365897710079449, 11.66455488931135;
  -6.767073616656041, 1.623505199368155, 11.27110272425057;
  -8.147938607931396, 1.606998674912235, 13.37851629811684;
  -5.549096417502568, 1.723579481400993, 9.46675065418351;
  -7.118685013640003, -1.73160104742649, 11.85927837524313;
  -5.106173969950695, 1.767914362835572, 8.800179707335891;
  -7.160302763906801, -1.465619980998455, 11.95865327486899;
  -5.909273641715689, 1.703401794148904, 10.0575303005064;
  -7.932773586359271, -1.211499878975847, 13.16593202618137;
  -7.116147584419831, -2.02691786922062, 11.93438655244329;
  -7.041468590692687, -2.208148006411966, 11.82072481193084;
  -6.956574281759736, -2.125335561144895, 11.70956091867216;
  -7.236725777412479, 1.620795191413997, 12.14899291102762;
  -7.874133965672965, -1.27126987893612, 13.13939217295913;
  -7.8182343787385, -1.217401669556211, 13.0749497517029;
  -6.799931688668591, -1.89238695481069, 11.53191180000081;
  -7.044151409215552, -2.165742134210992, 11.95161519659214;
  -6.807681797314664, 1.695473749727884, 11.59530894966308;
  -7.840815917595982, -1.277551919435873, 13.21320894153565;
  -7.214007291222318, -1.588467461118698, 12.25344287736104;
  -5.993149826044284, 1.675655546003038, 10.39690734885707;
  -6.834128766647568, -1.802374770938423, 11.71494650975912;
  -6.945523838568667, -2.13966578313553, 11.93229641041883;
  -7.154933469857956, 1.602834941854697, 12.2600983388947;
  -8.219788628288281, 1.545843697188278, 13.98074767718162;
  -5.832542018830597, 1.733018040880641, 10.25899807257558;
  -8.245957813955684, 1.506085585747969, 14.14720334623415;
  -7.206784469544398, 1.568691100137228, 12.50811135099028;
  -7.819773833689641, -1.15626978468176, 13.49889767072155;
  -6.935156591699919, -1.755153855868315, 12.15355253291041;
  -7.035339090841934, 1.647414860838911, 12.3286120513433;
  -8.766416615770726, 1.445983138990626, 15.11708501799364;
  -5.712501654920155, 1.737466964198603, 10.21312148759162;
  -6.34951151955139, 1.671589111505423, 11.26874331346197;
  -7.014313030005716, 1.698212086527451, 12.46475492227502;
  -9.481177981559977, 1.433943653784994, 16.64002588047038;
  -4.509781512777225, 1.862253912237095, 8.570145697253212;
  -8.883090346662929, 1.443958287121143, 15.98361742151506;
  -8.151676583445942, 1.530099283158466, 14.81282039155305;
  -9.097881037492774, 1.39512561781902, 16.43000552065877;
  -8.782211118972489, 1.446564527035061, 16.03938241535918;
  -5.296200147684769, 1.756368523325095, 10.08892856112447;
  -5.602022331943068, 1.736149262512448, 10.62400975878205;
  -6.724646004445587, 1.600216760859283, 12.54995889961397;
