m=[-7.746120497048223, 1.624929141860405, 10.22048342332873;
  -8.112534954931936, 1.655899807439242, 10.65951346482039;
  -6.779662397458283, 1.737226849744112, 9.160297564656736;
  -6.530689908427378, 1.73545131324875, 8.889238853326585;
  -14.84487199369154, 1.543082376905603, 19.04520812090569;
  -7.757929616046065, 1.691419633419722, 10.42771189955498;
  -7.900145153942729, 1.631467260014256, 10.62823151055275;
  -7.855808963668268, 1.616536085514397, 10.57832670742882;
  -7.501830277483523, 1.662658088409851, 10.21690030780796;
  -6.254483035335129, 1.756825618033313, 8.693858095730796;
  -7.791511875739707, 1.636730330100851, 10.63482671859;
  -7.086782729567797, 1.722866876242917, 9.808948676625546;
  -7.51399454633967, 1.680795116597859, 10.35104132014923;
  -5.860565342899812, 1.720004633804943, 8.302096168948665;
  -7.534655327821669, 1.658434092872194, 10.42651225829234;
  -5.932915449309161, 1.774381328841877, 8.429538857904692;
  -5.828840708898987, 1.774292343031828, 8.303930590864608;
  -5.774258165407106, 1.773423532764382, 8.238717457047432;
  -7.426855290299784, 1.691124501063119, 10.31716625664721;
  -5.632946293214935, 1.784478150346532, 8.084387023365014;
  -5.640168836013205, 1.817660724684059, 8.109350053073177;
  -6.167775175520505, -1.87525365712969, 8.784735629528443;
  -5.597396540792177, 1.78233023002599, 8.163327353528052;
  -7.360533246179189, 1.698559735261592, 10.58784605174508;
  -6.484435368478749, 1.739088133498335, 9.456285603823178;
  -8.112232543678159, 1.644661387406275, 11.59048490869384;
  -6.251326465198211, 1.760132541124618, 9.17227305376807;
  -5.88867514921992, 1.736422355219159, 8.719098814861228;
  -39.94540626649402, -0.3502099975844261, 53.57929206633958;
  -5.697783483875306, -1.747615836625005, 8.5441231035268;
  -29.24942525091362, 1.177248579759174, 39.83146829616243;
  -8.160881904266303, 1.641995961380454, 11.87866219189343;
  -6.446325687137279, 1.735741506018074, 9.617540667976313;
  -7.068907806446096, 1.688387181438015, 10.47139335701831;
  -5.321641028468596, 1.784166028450161, 8.132434531231031;
  -5.666503279927444, -1.744879944478912, 8.610580141183196;
  -5.217060567399186, 1.789360309024032, 8.015041976738948;
  -5.578885368677238, -1.773051939384736, 8.522996061389788;
  -42.12285133543146, 0.6047834588905655, 58.111082953234;
  -6.660478069208318, 1.712329338894788, 10.01944762670852;
  -5.557614936468183, -1.709490180255872, 8.551907252043247;
  -5.493504587433203, -1.364925548877681, 8.471718046833537;
  -5.784089615144366, -1.943445744279626, 8.874841343180128;
  -6.962219454683316, 1.714943632536485, 10.5051761306003;
  -5.648090416438661, -1.873904528750352, 8.711635409305137;
  -6.469635294232162, 1.730787427309215, 9.854700845384542;
  -5.669234952853625, -1.786556421968525, 8.824008492719981;
  -5.683916211020593, 1.78559112457897, 8.868970531259773;
  -6.99102932136385, 1.711080774590925, 10.69075970708967;
  -5.317340517678844, -1.366305508289123, 8.461020818248001;
  -5.299898037160057, -1.496735811661561, 8.466718687776906;
  -5.358738540863916, -1.560741530738611, 8.552596791284081;
  -6.837891100539882, 1.724408067802921, 10.65458986193158;
  -5.393785366492951, -1.612036754200351, 8.625607759173962;
  -5.389395238352505, -1.640057840430271, 8.64449495882579;
  -6.979651305773007, 1.696934791709064, 10.94293557088162;
  -5.985578287056378, 1.750236872621791, 9.52878690173511;
  -5.432782181555371, -1.899117669409406, 8.743790371467336;
  -5.222250661800219, -1.383443484207257, 8.454820717587396;
  -5.334877113480332, -1.562512706178465, 8.677694742463961;
  -5.348254276435808, -1.796363561679251, 8.691029398571072;
  -5.171143893455288, 1.797449793896686, 8.443086421923333;
  -5.353711986758521, -1.840986413749322, 8.728871524774819;
  -5.231918671470361, -1.621690407716841, 8.552330910764608;
  -5.167337721496057, -1.422301865216967, 8.462516953521133;
  -5.157069314280637, 1.835021525672548, 8.449247077723859;
  -6.198028437632567, 1.782252853448637, 9.963491892097801;
  -5.197523649721918, -1.487067771080605, 8.544928189348209;
  -5.229586782235429, -1.250002648706395, 8.658419234322269;
  -5.338343595016942, -1.747911417109479, 8.823041492613012;
  -5.249208102077352, -1.4894455131269, 8.722593087393195;
  -5.100082830491154, -1.274880091736117, 8.512107581047173;
  -5.238514722513848, -1.435608965652497, 8.722628166121682;
  -5.02786519109175, 1.79422160676482, 8.418198112982088;
  -5.14558200293642, -1.22581351220119, 8.632911009881207;
  -5.320242640682166, -1.680631067699835, 8.894560326109941;
  -4.931673329777603, 1.80708850476362, 8.325357049818436;
  -5.311191321697375, -1.47701465441118, 8.913051544237574;
  -7.210770481987707, 1.738219405397054, 11.75115425097237;
  -5.270391580228153, -1.554567713977046, 8.896934026705383;
  -7.052544213264363, 1.695760490533806, 11.63486042924083;
  -7.486966696747811, 1.692737073526064, 12.32566685191672;
  -4.72634099578964, 1.812464662409279, 8.149004205549071;
  -4.858652878678527, 1.81622972123157, 8.349784908512683;
  -5.229811751665891, -1.477631425303023, 8.932167192003595;
  -5.276738171700361, -1.581163190903771, 9.024081432771453;
  -5.120836114676082, 1.803529713691846, 8.783204191801831;
  -6.108793275354946, 1.73346780843093, 10.30682866695453;
  -5.15264606741297, -1.303587255125561, 8.8954584982549;
  -7.180909230854203, 1.682694368394071, 12.01081896337452;
  -5.564856482593447, 1.76373027109547, 9.521194236842899;
  -6.250761253935868, 1.74336251154174, 10.58771138646565;
  -8.222995022833315, 1.570324396686335, 13.72612911029284;
  -6.498308320814405, 1.712092561606339, 11.09022285973488;
  -4.77137521172592, 1.831633380955289, 8.414473185553822;
  -4.998776320728086, 1.79078835748217, 8.773380278369277;
  -6.654240622410174, 1.715063372819089, 11.37134014036937;
  -6.396373218046338, 1.728993233128936, 10.97330156954508;
  -5.200672336451948, 1.78968104774646, 9.129370486341609;
  -6.751372618812199, 1.70154747307244, 11.56466474841229;
  -4.733461937766629, 1.808924424333268, 8.426665048710285;
  -5.888893383627627, 1.737516010366335, 10.27918734138578;
  -7.636336201393615, 1.592907718597092, 13.04736701634712;
  -5.509626248899088, 1.768343634468666, 9.71431634966547;
  -6.270530268930622, 1.754480682449162, 10.92866871191465;
  -5.593598768325244, 1.746335276256834, 9.870086089072842;
  -4.981605715267222, 1.807660823142476, 8.919486301701683;
  -6.617581699918671, 1.72512430108668, 11.54348340849779;
  -5.405969214025969, 1.763213011483666, 9.612605288955763;
  -7.162331073426242, 1.665821043519683, 12.42553844435715;
  -8.457325326988508, 1.621774601977747, 14.51423490556934;
  -7.651952520618008, 1.652840309602495, 13.30020938857695;
  -6.759331584883857, 1.697312558648992, 11.92396347777624;
  -6.582822036560263, 1.726926498475129, 11.65412178318389;
  -4.593281722436167, 1.812775861580353, 8.438033416615424;
  -4.595119640670269, 1.870087911788865, 8.474291372513193;
  -5.631671176966926, 1.748009084450261, 10.18728250292366;
  -12.27139742613076, -1.982461975458272, 21.06451398036916;
  -5.187521903135162, 1.770481927694665, 9.482800485703347;
  -7.043778619793043, 1.669354561506617, 12.54038633295867;
  -12.27397789169074, -2.195514236861663, 21.12765889719736;
  -6.538871429677394, 1.717978135503949, 11.72354823819418;
  -11.95229714931758, -1.766205894237746, 20.66173927096775;
  -12.14341278089129, -1.92508978692622, 21.00104060589966;
  -5.663129317145887, 1.743532418722306, 10.35660088380191;
  -7.831401650940799, 1.594585902997978, 14.00090681568997;
  -6.802832643933521, 1.69503204552112, 12.30830606006898;
  -5.529386664182688, 1.733263152521497, 10.20083318076949;
  -4.525056994070429, 1.817988871228587, 8.54444877631569;
  -4.536863394115077, 1.866285645521885, 8.564369567358437;
  -11.7297034923587, -1.230104048917559, 20.6282911966599;
  -8.76636339750533, 1.534333618210606, 15.67742670357466;
  -7.20400000951976, 1.614512160423559, 13.06393781950099;
