m=[-6.912954840240912, 1.716485522238965, 9.290897647411052;
  -6.464664482318276, 1.746964525568647, 8.948250149324867;
  -9.180029447679367, 1.558599015106438, 12.31723074440278;
  -7.242301110012593, 1.693789556663154, 9.929604775469132;
  -8.91768466372444, 1.613422695713175, 12.00288422159929;
  -7.89455462022085, 1.615104305139341, 10.7417765539897;
  -8.416981740690471, 1.603449417497513, 11.48569262756134;
  -7.035204448844815, 1.671217761832603, 9.782806532648365;
  -6.398947141662748, 1.749188187832202, 8.989013002937044;
  -7.875007917566784, 1.647278967389579, 10.85029570430552;
  -6.944624075276277, 1.693055502053792, 9.714701564380786;
  -9.145739376732777, 1.570523358356419, 12.4836960734062;
  -6.766534073021866, 1.705308346033948, 9.51926489485524;
  -9.191027604815467, 1.612630509513532, 12.67351930272221;
  -9.242324660245721, 1.563555497097054, 12.77105894212454;
  -6.755014889804277, 1.719279642175273, 9.607670989886401;
  -6.788390067409726, 1.687480726542936, 9.658140093852577;
  -8.074118100870052, 1.62117363029038, 11.31422873882448;
  -8.775944419604178, 1.567559564681917, 12.34275021428853;
  -8.963438182157303, 1.574149795358866, 12.65029351215347;
  -5.676790451751399, -1.679309672629064, 8.407828118342854;
  -8.488205480922856, 1.604175327008361, 12.09332259502;
  -5.914421892700625, 1.820353274816939, 9.004129250840009;
  -6.550815711762247, 1.705611280093584, 9.895497588432718;
  -7.669714788660098, 1.638893297020734, 11.44238349718546;
  -7.953091845165578, 1.632444209878244, 11.86909551338017;
  -5.762536231830095, 1.842837159754405, 8.891404308543979;
  -6.172276065352063, 1.776141514822492, 9.484527859332037;
  -6.471429712035761, 1.726172151126118, 9.926997536946045;
  -8.968124574933238, 1.498350222971872, 13.3807140986336;
  -7.744534784630687, 1.659863762564403, 11.70425688037816;
  -14.98391157824899, 1.403073381775476, 21.86834654386733;
  -5.966125769968992, 1.747272603756729, 9.351409371692171;
  -27.42963562359075, 1.095167262269143, 39.52277016230923;
  -5.512142555011865, 1.823578515600266, 8.752230590341748;
  -27.97737024659837, 0.8730852421329722, 40.38431930700191;
  -5.704126985809937, 1.818544399686406, 9.034513364832588;
  -5.375509825771346, -1.612819376890075, 8.637914993767895;
  -7.452682276597896, 1.704463478930312, 11.5741610309167;
  -9.001581678698718, 1.530706614285659, 13.80032374353028;
  -5.26418944680855, 1.863646426570388, 8.520283738467132;
  -6.377099022169142, 1.749929617916446, 10.12316430293954;
  -7.483769938207899, 1.710853303191047, 11.71930535018244;
  -5.434303135913276, 1.863691778948487, 8.824958276182668;
  -7.317432316690389, 1.744370908435114, 11.5770134874324;
  -8.807814631648792, 1.562807910595701, 13.91421857189184;
  -6.829983867143859, 1.72792866331838, 11.01670299980697;
  -7.578915012737823, 1.691419313702846, 12.12313425088377;
  -5.394936714574505, 1.815439748530988, 8.917688340335564;
  -5.695611489981396, 1.829159724861268, 9.436358506567245;
  -8.737761506637547, 1.486233026419905, 13.94457822100402;
  -5.437648518409814, 1.826934712159388, 9.074282546053842;
  -6.555842346905641, 1.726780059426978, 10.75021693133589;
  -7.313714646221171, 1.689028300612839, 11.94633595195684;
  -7.653442553789143, 1.701248451279227, 12.49558428254432;
  -7.980636058311576, 1.673861317691669, 13.05197165224439;
  -7.501250071651469, 1.722788917820804, 12.40154277367561;
  -6.701852527023277, 1.732062709889846, 11.24931879651383;
  -6.271685711288127, 1.773302978911785, 10.59395020781076;
  -7.422802032149535, 1.671636594481248, 12.36708878554989;
  -8.04676086699644, 1.685941157579664, 13.34347474848908;
  -7.318206743778312, 1.717669986889496, 12.24052550577904;
  -8.774385060185592, 1.509050828808002, 14.56489884164177;
  -7.608368289877345, 1.694339571105277, 12.77824968634387;
  -6.64471681749645, -2.325142145719371, 11.32132391901307;
  -7.975646751374297, 1.739393492476746, 13.48465630249174;
  -8.112557872397389, 1.642780278294069, 13.73723354898453;
  -7.192952398279017, 1.720157236937532, 12.30014682499166;
  -6.753268861853133, -2.542630502789443, 11.64963384198906;
  -6.685991719768604, -2.45210567444979, 11.58829427321028;
  -6.829822720963924, -2.636065846113872, 11.81955729024371;
  -6.496765853584347, -2.248404541603533, 11.30615293610526;
  -4.739287602271726, 1.916729237024196, 8.500995222772636;
  -6.820003437666754, -2.750522634143302, 11.84861179444295;
  -7.094092381966305, 1.73776382065435, 12.25882234602272;
  -6.061299632845712, 1.778977630629985, 10.62834732235672;
  -6.569484168598029, -2.357559857835507, 11.49371142149171;
  -6.614404919004096, -2.517712880403833, 11.57337406516593;
  -5.537682124801759, 1.838444053418491, 9.84311652262676;
  -6.72660387859221, -2.661286683344274, 11.78965245128583;
  -6.527009324046818, -2.266263073794206, 11.47243535589;
  -6.735205752179557, -2.481502641415389, 11.81790612930811;
  -4.969510137079661, 1.869491533484122, 8.979133439702716;
  -6.031103695385978, 1.788314521906254, 10.70124535100045;
  -6.004681234030805, 1.772239910498126, 10.73760236654012;
  -6.77461133896679, 1.743122156219986, 12.00721619903048;
  -5.997506947115074, 1.837550125171786, 10.77610351116197;
  -6.507752880889072, 1.736152007455806, 11.60735255664846;
  -7.053102122260808, 1.763433863685248, 12.50498471945943;
  -6.641697626447572, -2.656035656397816, 11.8709197883507;
  -7.579848975443379, 1.682709933246915, 13.37835537253089;
  -7.495566540839138, -2.095464381056736, 13.29061067318261;
  -5.380522169751567, 1.854595085590017, 9.837570446201239;
  -6.508679902171449, -2.614309018403211, 11.74018046784296;
  -6.395661299408093, -2.638955298675149, 11.58759739290604;
  -6.1633622728047, 1.793504126318092, 11.19445408218179;
  -5.915258681793, 1.781073052130024, 10.78502302338067;
  -4.972291267512362, 1.888535416457269, 9.228758337753193;
  -7.610299561944498, 1.687976528086423, 13.6566910357575;
  -6.496472477434699, 1.760787340100179, 11.81800320302479;
  -5.870970361221367, -2.34945379671612, 10.8441089250293;
  -7.794690726817039, 1.688840950438999, 14.047836153463;
  -6.608672156254628, 1.756586380043574, 12.12055896686264;
  -4.796124060963575, 1.900495837951971, 9.087919079558457;
  -6.349777262538058, 1.760178648735504, 11.71612143975983;
  -5.060579613311768, 1.883910053945072, 9.608659819534303;
  -6.333642943410836, -2.17101431973207, 11.82480822122059;
  -5.256402806508548, 1.838113830804122, 9.995390454493426;
  -7.719006775763708, 1.677037454196378, 14.21692803737289;
  -5.166545026800035, 1.875506309319542, 9.84608104248505;
  -6.276439401616769, 1.775918359817673, 11.77475909427746;
  -4.973555928432903, 1.88784889711538, 9.576497674405536;
  -5.069020315633423, 1.880632883782897, 9.741913570179674;
  -6.947261449904198, 1.742378830058808, 12.99471892269628;
  -5.118296578140419, 1.873350714125327, 9.873617282421119;
  -5.223232572191421, -2.038575366173347, 10.21630473598815;
  -6.890476433922218, 1.725621917682051, 13.19668724976168;
  -4.33051294408693, 1.91982015755465, 8.667059777081565;
  -5.295357989690917, 1.818992997941119, 10.40616586654674;
  -8.222969069599973, 1.649412679107924, 15.64369537538318;
  -5.306318607369426, -2.044238187058477, 10.5033448757641;
  -6.238533582436807, -1.995020693037795, 12.21405315462726;
  -4.392007295233311, 1.935963521235289, 8.891562394412491;
  -5.279424160355201, -2.001050489513651, 10.53013344146496;
  -6.244420088459196, -2.141999252014808, 12.26716081924851;
  -5.929603670537336, -1.993716637293546, 11.78130624031734;
  -5.628096453438388, 1.809321760442598, 11.21396962603461;
  -5.750722200999703, 1.784095547542545, 11.46360383398064;
  -7.097809241270253, 1.720486578347541, 13.94904192800544;
  -4.644768325055144, 1.890259409356285, 9.534915214495616;
  -6.650710250003455, 1.724393095798309, 13.28869734312289;
  -4.511189831696457, -2.015659863057373, 9.352964881109795;
  -5.901536683644601, -2.023889430035851, 11.95696460300487;
