m=[-10.92629118670192, -0.1207223740836908, 15.73511034352115;
  -12.23089471501258, -3.45464030869119, 17.51309677364196;
  -10.79815797794653, -0.8084918631869594, 15.65444006618058;
  -10.95730694846817, -1.040155217505545, 15.90673400920215;
  -11.34345471035577, -2.516928205237462, 16.42133866378361;
  -10.97493502317414, -1.188833377902109, 15.94950893017378;
  -11.24805543028711, 0.1125799734715281, 16.32872432294019;
  -10.9848311882627, -2.476481216476716, 16.08265287198761;
  -11.96616008268559, -3.500006730407084, 17.41768047855319;
  -10.83167960132299, -1.201343635647271, 15.90274034644573;
  -10.90722145534197, -0.5467328546761202, 16.01019340359192;
  -11.03763555835565, -1.671147260881362, 16.23421758113348;
  -11.51768988463869, -3.521341783945169, 16.89552053224709;
  -11.28502338497198, -2.467917815589186, 16.58255146977854;
  -11.48661685739692, -3.418604953647057, 16.8702493011522;
  -10.91690912049747, -0.7760342805948979, 16.1426635249408;
  -10.76548433049756, -1.444050515371076, 15.94660400727212;
  -10.66942766331638, -0.0842140464349516, 15.82328367526513;
  -10.8947217242922, -2.949227148532701, 16.13848797593185;
  -10.89937767413822, -2.299588189578442, 16.15018853487891;
  -10.66161760729733, -1.271963874679682, 15.85183297056694;
  -10.81423481814047, -0.9499725545881402, 16.08303172024096;
  -11.10673932599897, -2.651235713317581, 16.48324091764848;
  -10.80707979922743, -0.9252297375445217, 16.08188959643449;
  -11.21797609202448, -3.32586647826933, 16.63581938286236;
  -10.6965771071888, -2.228853278875332, 15.93311206051736;
  -10.83573615428436, -0.4166761738158243, 16.20973852001465;
  -10.61995097314441, -0.5264572266256754, 15.93988234168919;
  -10.87630877473549, -2.688295487544296, 16.29230153024884;
  -10.81201439674325, -3.082737157214949, 16.25989490021226;
  -11.0450702081707, -3.501177029586947, 16.6050169561965;
  -10.85889022084358, -3.200656026868888, 16.3542770460507;
  -11.01489260021983, -3.424493963877201, 16.60257979872542;
  -10.66872400278776, -0.988232848139306, 16.19477816486865;
  -10.86030019059319, -3.258794693966924, 16.48390253690411;
  -10.77470011317799, -3.489251833870886, 16.37517181852376;
  -10.69733788696879, -1.608799174612272, 16.28290151713293;
  -10.63316899594767, -1.646621584775549, 16.24066883317462;
  -11.23597223965353, 0.04820562467750611, 17.12304758001269;
  -11.09869873690304, 0.5193895686606466, 16.9776491426255;
  -10.60004485030987, -2.464747935491054, 16.38131657486843;
  -11.16330288343701, 0.6110450448042193, 17.2468628978493;
  -10.98411986891685, -0.2123492934299973, 17.0094867057684;
  -11.06359927007934, 0.3989446738973507, 17.16430981872361;
  -10.8109645072751, -1.644887286584905, 16.80011989429006;
  -11.42645501426525, 0.5458212497427951, 17.73205446462324;
  -10.94821045261698, -0.3951477047328705, 17.09786840842634;
  -10.33026362366347, -1.401689860663961, 16.21826540113249;
  -11.42315807550768, -2.578609072028318, 17.81009648295254;
  -11.2423124298468, -0.0671709546253367, 17.58370896033481;
  -11.17839517568045, 0.1024715426675778, 17.49384509882752;
  -13.05456954914346, -4.262611981276464, 20.22079741795081;
  -10.91682412203183, -0.3010411045180346, 17.18630970844025;
  -13.34922037731955, -4.197243855627765, 20.73625765747065;
  -13.46508887381366, -4.076753955364318, 20.9135830560292;
  -11.10516441977292, 0.01566558796491572, 17.47497691389589;
  -10.42146701081564, -0.4401723230990863, 16.59398225170586;
  -10.9086293589487, 0.3402165208253612, 17.34043790696025;
  -10.62501861814056, -0.6919389760515772, 16.98475240000058;
  -10.53097814735737, -0.8986410973394319, 16.85103556396856;
  -13.09352279243697, -4.405417691249705, 20.6438134001302;
  -10.99693158065213, 0.6759253241151569, 17.565135472989;
  -10.60617242227957, 0.7734521292567939, 17.08577479334729;
  -13.29955360207215, -4.295326796102945, 21.12366127336275;
  -10.94090982549022, 0.3778740228253351, 17.67239410153454;
  -10.82846711751077, 0.4809152072696503, 17.56404524752116;
  -10.76338323838062, -0.2138691854545609, 17.47642782391049;
  -12.98266366231967, -4.303319174634469, 20.84071641827514;
  -10.63513497566024, -0.8319172270387876, 17.38793665631256;
  -10.97428743614859, 0.2957877287740527, 17.92377684650138;
  -12.20690729473483, -3.918377155493201, 19.79139549764819;
  -10.79572624151317, 0.4128161015421482, 17.71538104276038;
  -13.03855936659773, -4.653272968950135, 21.18444938437341;
  -10.9897233158953, -2.393487294907108, 18.06195901585065;
  -11.39223263837157, -0.04399617332403128, 18.76766962755717;
  -10.56791441956376, -2.893844156227296, 17.49510931950477;
  -10.45240351373698, -2.938572613498985, 17.32237574856046;
  -10.79888850015975, -0.8780396394430099, 17.8696604877062;
  -10.88388245386157, -2.544092705727725, 18.09913263672124;
  -10.71789396624107, -2.567569822213561, 17.87607853028452;
  -10.63906127468586, -3.194947625473263, 17.79860686317648;
  -11.06358551501786, -1.565218739601499, 18.50484721549154;
  -10.93705784172058, -0.1195953840994095, 18.31472986281563;
  -10.76451248624741, -1.361930791404102, 18.09063345938634;
  -10.88471882265409, 0.2258232052380894, 18.41078417587308;
  -10.45990567128611, -2.442667022915451, 17.73768179720472;
  -12.40379646979203, -4.808444490837357, 20.81680347514282;
  -10.80024310396437, -0.7435610490826776, 18.46850820919078;
  -10.72089881092129, -0.1537089129275348, 18.43381149671389;
  -10.86112867058385, 0.001092338403547583, 18.66561397458825;
  -11.0281970130684, 0.5940171524422391, 18.96981756643871;
  -11.04231337610053, 0.7428749610420415, 18.99805047873216;
  -11.07215773666492, -1.197645627887209, 19.06768725283752;
  -10.86477788090445, -1.653765730475612, 18.82081377909522;
  -12.4913060404106, -4.634080670370022, 21.45755279871697;
  -10.5339771810137, -1.51416513243115, 18.33760832317968;
  -11.25583458995082, 1.029618553192374, 19.53449751290969;
  -10.73436572268483, 0.1900836922192584, 18.72041521333379;
  -10.6259929377444, -1.087791202631247, 18.59336845016116;
  -10.21910482703417, 0.9878949781864133, 17.9599811321808;
  -10.6162461596383, -0.2495327526812255, 18.64585143219556;
  -11.03991358760905, 0.00920791242529761, 19.35282103309239;
  -10.85662173416818, 0.2517950800888901, 19.06807220785549;
  -10.44876723072763, -0.1838434165757794, 18.43056306166876;
  -10.6604259848323, -1.590103259827095, 18.81762038597315;
  -11.04363219824447, -0.3535497143098151, 19.4576529016567;
  -10.55421399665565, -0.1244443852532022, 18.69326191883188;
  -11.0725782268986, -0.5035922704102276, 19.56276923523945;
  -10.56599031395021, -1.512117482402673, 18.72986688335751;
  -9.294780384476541, 1.109090373239285, 16.6431801896568;
  -11.05500286351187, -0.6952806897655154, 19.61951666635559;
  -10.66820072844595, -0.04274811652918929, 19.00304114914941;
  -10.65770786131185, -0.9181104612123543, 19.02305131789924;
  -10.62619638422875, -0.5472336437682089, 18.99865195409982;
  -10.55769416080279, -1.217455792925994, 18.93443093633599;
  -11.08559490511706, -0.7422360612662611, 19.8586477107159;
  -10.77809613991737, -0.3316827296695972, 19.39201011425118;
  -10.81642189974801, -0.6845206108707351, 19.51200934181664;
  -10.53470051635194, -0.8958715114853745, 19.17545825222381;
  -12.76502858861793, 0.6652471617082344, 23.0413632026798;
  -12.34630864744081, 0.2280863466716773, 22.83522012567849;
  -12.35545376327517, 1.025921797033018, 23.15960413935639;
  -12.31513852197509, 1.036605767081682, 23.09958545059012;
  -12.26703737399024, -0.5616134884988623, 23.01200417895349;
  -12.40622204950951, -2.087709375241978, 24.0659686347897;
  -12.17414241699544, -1.754432579342633, 23.73504036101134;
  -8.215438285663293, 1.346458345145295, 16.72027091816909;
  -26.23254609982721, -11.22243397225133, 50.47784380161398;
  -8.167112334820011, 1.313480924106752, 16.64798138747011;
  -8.125498073736081, 1.27962412016985, 16.58855141075653;
  -11.6002573312372, -4.623230633235417, 23.29272351273309;
