m=[-7.693672627196441, -0.1193226941258992, 10.0518474829012;
  -80.11899373696465, -3.359437781718172, 95.82703300031555;
  -61.76856010938534, -0.4298278991625117, 74.1482841432844;
  -8.331222911189713, -1.869789215504771, 11.00235375660095;
  -8.215356989075563, 1.600823190099513, 10.92660445343611;
  -76.38480984524487, -3.411446072657706, 93.23874188379908;
  -7.471285440658334, 1.636536046669335, 10.04419576812943;
  -81.14019766637068, -1.435392421345984, 99.22364152028962;
  -7.198971761992993, 1.647639253453132, 9.725664014770496;
  -9.151551558840257, 1.532961329013521, 12.10952769964021;
  -5.811356314205976, 1.717725890453723, 8.084487135384904;
  -10.72402248058896, 1.359108063958986, 14.20886520303358;
  -8.94153350500644, 1.523262835431211, 12.02583731170569;
  -11.21890364003943, 1.238737644518941, 14.87509074369568;
  -5.969912893999211, 1.712060849045886, 8.400993163766328;
  -8.04158525482292, 1.577861490986414, 10.97600762574879;
  -7.892421754722604, 1.602408175276997, 10.80637950708561;
  -7.90116881189041, 1.61479438266256, 10.87459548841845;
  -8.461673334265619, -2.097072797408381, 11.55514317287737;
  -7.234664763351573, 1.657316552430505, 10.07574758198237;
  -7.051424706709378, 1.629318982940734, 9.960828485513591;
  -6.949744570730029, 1.650384364373922, 9.856273232569667;
  -9.544114276680102, 1.460981939021534, 13.16906893822465;
  -7.59292868141799, 1.619710111657407, 10.7082574499771;
  -8.984684307809502, 1.510700557411651, 12.537435935504;
  -7.925827280736671, -1.890752282757296, 11.15996042355796;
  -7.174562096691945, 1.66103771082153, 10.2313196121628;
  -5.781302758387602, 1.783287512803312, 8.468163814363056;
  -6.990876338493968, 1.678089555326899, 10.05517367529803;
  -11.30457589693145, 0.05681590240966451, 15.63966825787955;
  -8.119223584616146, 1.638006720809874, 11.55637630197461;
  -7.319825607170493, 1.650117079662675, 10.53914099333017;
  -10.79332311269689, 1.336344938348256, 15.10102901919801;
  -9.167211729145242, 1.486420618955542, 12.99461086613606;
  -11.28077686185437, -0.08313324293948095, 15.77409070665789;
  -7.356724271758598, 1.670222469174449, 10.68743127549374;
  -8.076048386950427, 1.632707187547872, 11.65228078826853;
  -5.968303086583731, 1.747678320296193, 8.882411222387566;
  -10.65878278264447, 1.27691455749178, 15.22124030615175;
  -7.070588185608892, -1.788778089558744, 10.41098378833622;
  -8.752566817974637, 1.543821709845299, 12.69096485272748;
  -8.094606392432576, 1.648484167417814, 11.81486022372054;
  -5.70800461213712, 1.756882755672913, 8.633312410554613;
  -5.652097693432954, 1.771418623386579, 8.579464959358518;
  -9.04518269949889, 1.481137957434641, 13.12581183819223;
  -8.406338184555956, 1.579022795888852, 12.30144288775303;
  -8.084687436901048, 1.677063047200498, 11.92526876814596;
  -7.116247942335099, -1.853330279805246, 10.70136807563288;
  -5.565065687337228, 1.76448054243238, 8.627834043706278;
  -10.04134751126949, 1.364382384236483, 14.76694410335839;
  -7.349235316360026, 1.706150595317988, 11.08341270900678;
  -5.727405763060779, 1.761319975611227, 8.868699858979474;
  -6.787690020463276, -1.6619787841537, 10.30985856423113;
  -7.057543731153263, 1.674880228188946, 10.71679869641751;
  -6.82130850322131, -2.028419090601124, 10.3710791432202;
  -6.823217882564132, -1.528883938997819, 10.4027045708216;
  -6.73703936001855, 1.69006613998285, 10.32626945690272;
  -8.121671232747749, 1.538649468241979, 12.27536114351587;
  -7.19642566956174, -1.340422089344619, 11.01239255572536;
  -6.761005341390388, -1.610452963514191, 10.421754432553;
  -6.866359078868719, -1.585667972120585, 10.61727310989643;
  -7.807361332686656, 1.626977473325735, 11.98153620357551;
  -7.063041817720825, -1.387522206917866, 10.91541406719054;
  -6.733810981352133, -2.0095274072293, 10.46924031576499;
  -5.797033280609818, 1.688833690434479, 9.1796368334255;
  -6.957846681734639, -1.919356960757821, 10.79244897140329;
  -6.509112108491167, 1.694152814686298, 10.23184059683853;
  -7.747874321547028, -1.123130090573676, 12.00051105276656;
  -6.715661964235133, -1.759000021889985, 10.54073419851758;
  -6.688128693185443, -1.996931744163094, 10.49676083386294;
  -5.217589666834714, 1.823923441024026, 8.448225106446332;
  -9.786929220394693, 1.32137706011795, 14.97292086904341;
  -5.732096524426456, 1.773751528961989, 9.191044064754715;
  -7.694982966050123, -1.183773779138835, 11.98159105189901;
  -7.693372838457605, -1.138176881377925, 12.00053889331222;
  -48.2873951101297, -1.524470002769781, 70.4886134715447;
  -9.769832971120444, 1.406535451248425, 15.07321356721713;
  -7.752469330455415, -1.205059768366021, 12.19689220278651;
  -6.301494902603793, 1.713990067531834, 10.16239874992118;
  -6.679015517631318, -1.881324628773962, 10.69782065046738;
  -9.245621655620171, 1.525548087587376, 14.47761673259751;
  -5.757103361488189, 1.743029130460797, 9.4001598896951;
  -5.105391840423481, 1.807674865144628, 8.499059845292241;
  -8.063472821385053, 1.61180522815883, 12.86698225481371;
  -7.335447113032662, 1.659337401847744, 11.82719514283391;
  -8.183087985933879, 1.614198144565578, 13.08485527178993;
  -6.472758909033675, -1.856143799963985, 10.53674876940305;
  -6.505763854974501, 1.687181625439645, 10.61386159250304;
  -6.79462468424107, -1.659958256423218, 11.03466807195147;
  -7.569952680829095, -1.352578410549034, 12.19770638336937;
  -7.71871296406314, -1.081382827640407, 12.46247011245222;
  -6.584125195561839, 1.675798254587695, 10.8747409612347;
  -7.76777621668702, 1.648167838591391, 12.76972117904596;
  -6.499963062665438, 1.708430180147684, 10.95218767866017;
  -8.348448198031344, 1.544817434673197, 13.7922134067795;
  -6.709309249450173, 1.712397787694906, 11.28326832856951;
  -5.566469607853298, 1.759213704856404, 9.672507801938256;
  -9.261940542045299, 1.491771504834992, 15.4371097640249;
  -8.004684346403925, 1.589343102015791, 13.706370120283;
  -6.501586669692869, 1.718861160789933, 11.3325961009353;
  -6.587177959717882, 1.799231294774782, 11.47252540378992;
  -9.021995189340531, 1.47476624910863, 15.46237962143738;
  -6.228387553977029, 1.729018445512121, 11.01347999967041;
  -8.640461572251342, 1.51550625732064, 14.95380385010101;
  -10.17856307372906, 1.446513599521355, 18.02411700422057;
  -9.283944274786366, 1.510995121753337, 16.60845340954405;
  -8.181500366034999, 1.538917495125453, 14.76609886444318;
  -8.490911140238827, 1.544928430991057, 15.38551230179484;
  -8.659291126961028, 1.5147085346975, 15.77663370404265;
  -6.217636243000541, 1.758473582377589, 11.61319879616274;
  -10.18494830084079, 1.463743889895365, 18.38850922398656;
  -8.945883617190406, 1.503774754478847, 16.38531161722975;
  -45.56350214654107, -1.900671077831016, 79.61356925082311;
  -6.183606663158324, 1.767871345145009, 11.69556008643192;
  -5.785497188272966, 1.807406812687983, 11.05190184864837;
  -6.853224867839038, 1.695069095088837, 13.00430011701109;
  -8.386201744507034, 1.537579060831393, 15.7748786355994;
  -6.128414612850499, 1.800160212320258, 11.80179223751867;
  -6.13835248827996, -1.409876320633721, 11.84514215472188;
  -9.345134394279345, 1.53791295938291, 17.58377482344382;
  -6.065634074346646, 1.832743579053562, 11.77580351297067;
  -38.95541445897876, -1.947543643285193, 70.56687487139558;
  -7.422822040085747, 1.675055178081783, 14.30745702995526;
  -6.165951264801644, -1.399225133402798, 12.04648258172727;
  -6.151353407838743, -1.329440650529087, 12.08721138792146;
  -7.983771811837618, 1.607256833017049, 15.44637423097184;
  -5.433218497391069, 1.809691133289338, 10.8573042290397;
  -6.182412365359332, -1.500986843047286, 12.20217873712305;
  -6.26295791557277, -1.997767366282079, 12.36531485736981;
  -6.071304057334253, 1.828645279633035, 12.05006110817898;
  -7.407425844351693, 1.666537120962435, 14.48585986309215;
  -9.157076280454639, 1.53837263121409, 17.77081342405892;
  -6.437245476276077, 1.75927487202264, 12.79927748882476;
