m=[-26.86647114688369, -0.2332550603819495, 33.02270663975362;
  -26.91910919137656, 0.2161424022043356, 33.10189805095813;
  -34.02301186528832, -0.8327213734775133, 42.28031035260385;
  -36.4419597723538, -0.302557115170581, 45.4218901998395;
  -35.35863597725203, -0.5292966942580114, 44.22260752936612;
  -34.0266525059108, 0.309976725534625, 43.11929358751819;
  -35.9925993611652, -1.251050696156026, 45.68461936731777;
  -4.353713706001619, 0.77249789019851, 6.877815512496508;
  -14.32178944434647, 0.4469377534264501, 20.67298366037312;
  -22.9790612132204, 0.1058825679049268, 32.73674085260932;
  -19.962340209275, -0.4507973374328634, 29.46058823037752;
  -3.989711441934406, 0.8079103256932649, 6.755896072851342;
  -21.63424825486363, -0.4027334797121894, 33.9043688092022;
  -2.914142528255213, -0.9736870760878097, 5.874180296905182;
  -2.880838242816279, -0.9879626920624667, 5.836798573463107;
  -2.895227970731322, -0.9169777173654351, 5.884831195055251;
  -2.869302283956996, -0.9281661832496804, 5.886372920216043;
  -4.586179676998738, 0.7681227660419289, 8.811590795692036;
  -2.9170144467807, -0.9114237120472865, 6.019052716183517;
  -2.901374353256524, -0.8568760916136525, 5.994849283494376;
  -2.944645028788415, -1.000382526728173, 6.106509969234793;
  -2.84195018861964, -0.8820088321167567, 5.98117411086263;
  -2.813506047406059, -0.9733753873285956, 6.003373611459944;
  -2.735329702155612, -0.8252450698990353, 5.871472366435118;
  -2.760334471658746, -0.8891889974613537, 5.950108872753456;
  -2.549738840598565, -0.9906429626569377, 5.574357988388172;
  -2.665206853403328, -0.7568788404762395, 5.787976808339222;
  -2.737434057392573, -0.8040607445998406, 5.932103049552219;
  -2.64428384165937, -0.6874709156051616, 5.838929026287769;
  -5.815515824061193, -0.5999813501058569, 11.89164966402412;
  -5.743737985104231, -0.7568352061127442, 11.76767641741664;
  -3.805389224674073, 0.7973755394049571, 8.135825866231306;
  -5.415033965533434, 0.6297918496817728, 11.4837132963272;
  -3.764116469629372, 0.8057363402719587, 8.332053529420332;
  -3.618928765404886, 0.8001908978539052, 8.220339112235177;
  -6.327905456433231, -1.054761184635286, 13.86611373930657;
  -3.121405073245184, 0.8403712732196379, 7.459601720585799;
  -2.563379855522704, 0.8866285276289126, 6.41051222825743;
  -3.657311862074047, 0.7739496393727871, 8.869499474106101;
  -3.681431364178273, 0.746355916263705, 9.026552143800293;
  -2.908511777295345, -1.148521348048539, 7.42132840618434;
  -2.941922242690032, -0.8780441763525311, 7.559875829419312;
  -2.849827159290855, -0.8938395479505797, 7.395258258332519;
  -3.475398559232381, 0.7781187298888447, 8.784464037268622;
  -2.555485224217744, 0.9023658874340951, 6.720833085632171;
  -3.775469304187803, 0.7565975483138226, 9.511041929920289;
  -3.14177882438063, 0.8381342714409089, 8.118259865994846;
  -2.948956191974525, -1.375222826652465, 7.796695802544668;
  -2.434382462279862, -1.398388637281687, 6.635058981824471;
  -3.008898370453212, 0.8348015317008486, 8.043414554340918;
  -2.887315569375569, 0.8750767647043194, 7.795212025808272;
  -2.474855254955008, -1.454667424493902, 6.867000183860425;
  -2.30124600964893, -1.24946104490232, 6.483718506755075;
  -2.264093153978378, -1.175132245839511, 6.411979554744326;
  -3.276578950634293, -0.4615108012221805, 8.939223311409581;
  -2.410304945053758, -1.429892968289452, 6.86065460635376;
  -2.895112947544542, -0.5850854486850899, 8.060090621731522;
  -2.856450062487355, -0.6224209014055142, 7.966991461371658;
  -3.287152147175223, -0.4897172551212347, 9.057175451461987;
  -2.189749175396227, -1.183865735500841, 6.392631796053697;
  -3.601705899749675, 0.7502931571814884, 9.861388230155157;
  -2.818922928446728, -0.6814326664731825, 7.963967194862407;
  -3.625301061924359, 0.7921945158716057, 10.14628918817049;
  -2.499024049353804, -0.9606136660312007, 7.327354680094482;
  -5.641392103673574, 0.569162078299136, 15.37690202906608;
  -2.754583709026608, -0.6938689583609212, 8.038350486936603;
  -2.650582975374432, -0.8204863084758511, 7.791444868991473;
  -3.885202973595204, 0.7320351275165038, 10.9891687835308;
  -2.766667260928432, -0.6679074369859356, 8.156664490741751;
  -2.340076881520548, 0.909298226748731, 7.031293328422075;
  -5.600462262055864, 0.4453778921013621, 15.51197115807034;
  -2.658799357840402, -0.9437713639042986, 7.920384880354562;
  -3.41003788725692, -0.3509244588191034, 9.941719694367723;
  -2.095839800305875, -1.191329531544844, 6.573229078637519;
  -2.640016878753563, -1.052945175351894, 8.02230115960192;
  -2.664168889096057, 0.8704841043261637, 8.096102036187357;
  -2.643907507770507, -0.7193108628425622, 8.10239217042456;
  -2.58222778624404, -1.100269818334645, 7.953677751007035;
  -2.000115791912664, -1.089256440467932, 6.390946688848274;
  -2.552570161783812, -0.9728029476199278, 7.907096394993485;
  -2.570249766244535, -1.034308640917324, 7.988751932554077;
  -3.244278934797088, 0.7647828828004579, 9.837712097310607;
  -2.063482828424323, -1.215134958656385, 6.662901033190586;
  -2.554853900168269, -0.603340931356038, 8.032962558214148;
  -5.282276088080727, 0.629224531758952, 15.6069537809769;
  -2.506452880104867, -0.6956310705755834, 7.948741665736852;
  -2.513317177024095, 0.8795701736491981, 7.955900469922789;
  -2.567418805002663, -1.082647879723111, 8.16979477134244;
  -2.538387296506082, -1.113617629173665, 8.122171382197282;
  -2.616142851646127, -1.048564844973254, 8.358033751173347;
  -2.12938891497268, 0.9278238624504376, 6.999321013219521;
  -3.504114515160445, 0.7565165758468621, 10.97637508484298;
  -2.538825945480873, -0.6951777315296606, 8.274395105988843;
  -1.882107953365366, -1.151777759378714, 6.461278330350658;
  -2.123767455182386, -1.545354252852453, 7.169327580722784;
  -2.511100851407138, -0.6364757696783586, 8.276706618631405;
  -2.551637773347547, -1.019195381251864, 8.414086944742143;
  -2.471676303050405, -0.7202997922347315, 8.241699327731414;
  -2.456031287680797, 0.9025556971177443, 8.213211237046266;
  -3.410858509116892, 0.7440652785463987, 11.055127581667;
  -2.120749198132743, 0.9402175641142523, 7.310256608704404;
  -2.3545490117253, -0.7017520503402985, 8.053129953469513;
  -1.887376994179668, 0.9607091097514511, 6.631522693684761;
  -2.497381148512245, -1.07893415254459, 8.507766891754409;
  -1.884098663207025, -1.224437929676877, 6.68772961506917;
  -2.341283092779619, 0.910409760977874, 8.060719620658215;
  -1.49218114353592, 1.005628447439252, 5.500243978100234;
  -1.898365763103965, 0.9611327433677426, 6.748613265517391;
  -2.287007386275039, 0.9319962820841817, 8.008071022168895;
  -2.533024038724603, -0.8334960036672829, 8.828112540773711;
  -2.501776422195364, -0.985889578577116, 8.74330730050489;
  -2.533044679201744, -0.9127496222194066, 8.856534762349106;
  -2.595790497615001, -0.8782003127070991, 9.096025553636613;
  -2.551560713076937, -0.9404142338085518, 9.057000141243238;
  -2.234674539183762, 0.9087750291634003, 8.091599766439749;
  -2.665445889458736, -0.3348220065726172, 9.580201215487801;
  -1.912862618082834, -1.478348309011996, 7.24112735918743;
  -2.72161434330626, -1.216420376398187, 9.874064793778212;
  -2.19618464222201, 0.8906385946525649, 8.12058368411326;
  -2.590951532991757, -1.262444958133329, 9.496656852330398;
  -2.565760285639232, -1.049793607063583, 9.406544847784124;
  -2.525415043516619, -0.6060254024915491, 9.33563071073926;
  -1.697915869874203, 0.9755756543736334, 6.591154819050183;
  -2.49400143059565, -1.020009653120982, 9.303985886826288;
  -2.467343415477219, -0.3949109483013376, 9.233304854544633;
  -2.543142470195753, -0.5357001063443357, 9.498981256196714;
  -2.274968780773853, 0.912586369635614, 8.613180090331749;
  -2.499944898521457, -0.4667466773747894, 9.400568187084044;
  -2.504751170696355, -0.3296672566753516, 9.462934396839916;
  -1.499291813988571, 0.9804684437008521, 6.070089845611827;
  -2.534830317784274, -0.2908371865714719, 9.646647356662028;
