m=[-6.019021614721226, 1.852314870343947, 8.314983929833659;
  -6.582529839925388, -1.545125535831386, 9.174897428145714;
  -5.937683903586187, 1.818337534265932, 8.39456242448304;
  -6.222657544870089, 1.811260219385212, 8.776198279108343;
  -8.144507292995414, 1.70668732535933, 11.33140771640277;
  -6.269843730163887, 1.835634927591875, 9.019801521373649;
  -7.905558555366113, 1.671829673602399, 11.13350094779137;
  -5.675422324437392, 1.8331784541352, 8.272448576399469;
  -5.713288280761426, 1.886406529552274, 8.34424674152365;
  -7.7606092954602, 1.744875062085614, 11.01911046231443;
  -6.383898544659305, 1.832575835508683, 9.286418583844812;
  -6.159643336109214, -1.455260306196446, 9.048258135742804;
  -5.880214175568899, -1.149284011643862, 8.692837398979119;
  -7.023818948183293, 1.808993509092324, 10.18462805591618;
  -5.716601434210636, 1.870670145812774, 8.507321411357831;
  -6.292623274813805, 1.850479159975722, 9.273964666643826;
  -6.201312340438681, 1.834141444330519, 9.224155338980316;
  -6.749840358986937, 1.778838764757875, 9.980501812853044;
  -8.472403384168217, 1.666247076873394, 12.30964828438355;
  -5.493451263394464, 1.921145259805556, 8.363042896160637;
  -5.59777910314836, 1.904914622650748, 8.511870281876432;
  -5.773627221286995, 1.880380965760167, 8.757083085931221;
  -5.752827959092778, -1.194693860053242, 8.754527653707187;
  -6.487924749950063, 1.832531576011703, 9.721081177236879;
  -7.736362753423203, 1.718242753373373, 11.46101123327279;
  -6.859310133106101, 1.795255465979325, 10.28184902001559;
  -5.911175986108015, -1.666080111339632, 9.056426552759229;
  -6.541646630962974, 1.827508362422944, 9.895808474558494;
  -6.621601198586976, 1.815438145845671, 10.03104914461023;
  -5.799502528460744, -1.713133596988835, 8.979595566107388;
  -5.864504304242972, -1.691230289491321, 9.102275998399993;
  -8.180996337689177, 1.690299688462877, 12.27751912629735;
  -6.738609833099615, 1.829272414212674, 10.36801542445686;
  -7.758786047353341, 1.694347288213183, 11.8093228208867;
  -5.528373959362193, 1.898257580266614, 8.724185741155385;
  -6.218330740137784, 1.88113196118434, 9.730497810904057;
  -6.900970094639387, 1.825043914752554, 10.72411331219233;
  -5.368170095866809, 1.94091661200599, 8.60563863341063;
  -5.571811921553582, -1.016060080648147, 8.954848871820449;
  -9.362941944032459, 1.720955287842684, 14.40726297624452;
  -6.487878096743279, 1.828502504783463, 10.30286565694044;
  -9.160724777566596, 1.74042644046944, 14.16386956382012;
  -5.898611531764658, 1.880663047012172, 9.478122289563002;
  -6.427820466542345, -1.794827717616313, 10.28611080605704;
  -6.311870093885049, 1.809838020816944, 10.10450230692245;
  -6.219457727164174, 1.81873549571248, 10.01629278805401;
  -9.114037217086011, 1.691022610715729, 14.27770436760747;
  -8.453871342821103, 1.736769394855813, 13.38620999950979;
  -9.140611279645816, 1.742985614015615, 14.42746823616436;
  -7.603938011755316, 1.772532030728091, 12.23321523753322;
  -6.191753727628252, -1.6643117884659, 10.18713559011982;
  -8.07553367960325, 1.754902019563054, 12.96784946312775;
  -7.911808948880578, 1.768365364786952, 12.75466560744102;
  -5.464140119478739, 1.884321625432973, 9.149840983133688;
  -6.159694799721829, -1.801046010152281, 10.24391864093043;
  -8.899967001132723, 1.722084980323978, 14.3347938560256;
  -8.143941163512061, 1.75382337588035, 13.25496303213362;
  -15.53839407402325, 1.712775972502509, 24.40581325274185;
  -7.136481718865349, 1.792028996188205, 11.75887845386558;
  -7.438378418420359, 1.804179001985362, 12.2371157636259;
  -5.133071321853019, 1.917291386706401, 8.764973146746582;
  -6.487027728139293, 1.836592038372878, 10.83136298218641;
  -7.810067578562557, 1.784866977875974, 12.85146888670316;
  -5.334066236839565, 1.916346840368306, 9.117409424340163;
  -5.419136637801823, 1.87799686491819, 9.264633659388917;
  -6.259567130762339, 1.887453405984132, 10.59225310534838;
  -6.904667044681167, 1.835247675575817, 11.5891913099786;
  -6.471212023967317, 1.858334659032526, 10.9640734840011;
  -5.494800920358079, 1.890466617337857, 9.477289782867059;
  -7.250681309600237, 1.81851350547248, 12.20080702609832;
  -6.862836396830906, 1.800528054758425, 11.62456726251784;
  -6.12620571300118, 1.872560623585477, 10.57751271853704;
  -7.976445413656468, 1.737218979289988, 13.48773855893483;
  -8.019544413539229, 1.826985014058929, 13.57706611216598;
  -5.955493983749556, -1.805690614263131, 10.36796019056461;
  -4.973731375362064, 1.925967654421938, 8.823662436451629;
  -5.227389787037961, 1.958334117180539, 9.246889965711988;
  -5.893121218960117, -1.842562585880823, 10.34704123200803;
  -9.141283353985799, 1.673043855187561, 15.45815345199178;
  -5.970114182901179, -1.905933012810761, 10.47541385870182;
  -5.805183361853083, -1.723618356547581, 10.22120014514106;
  -5.658970130682696, -1.420578564987358, 9.990044692245494;
  -8.170624902667303, 1.799283097752735, 14.04563824565554;
  -5.878953568570149, -1.843280517428034, 10.43450221856252;
  -7.79794070795514, 1.78558861766195, 13.47606842615384;
  -5.510983244173405, 1.920665240005907, 9.811319063004088;
  -4.806247439058148, 1.959481629071737, 8.684032510961583;
  -9.02625330748851, 1.758976955801486, 15.48520694662527;
  -5.33422826882153, 1.930146273450481, 9.614366080766049;
  -9.099659244394637, 1.702049723651076, 15.7866960929052;
  -4.68942935353264, 1.936375447872602, 8.619392948772489;
  -5.986251419495951, 1.832668311210812, 10.74807673480525;
  -5.520614553750625, 1.921780010411176, 9.989497991982129;
  -6.759471826234088, 1.846766093517894, 12.04346096482965;
  -6.565794631611387, 1.843541784330227, 11.73833811070869;
  -8.778751930472595, 1.768215097798142, 15.45018325030708;
  -5.304075878487961, -2.111106563284762, 9.829429952539243;
  -5.207634436980699, -2.133556595860837, 9.745206044558739;
  -4.611019475276896, 1.989637384486144, 8.715370334154043;
  -5.286470773060718, 1.960977249935812, 9.882448166810976;
  -4.525298696474575, 1.997559209084588, 8.615234170335594;
  -8.79380731382849, 1.643066408880544, 15.84035233663035;
  -5.233126312536537, 1.944405364067862, 9.882658854876494;
  -7.407309699833592, 1.884861608560642, 13.59426717249977;
  -7.369596612468187, 1.914027881027935, 13.5817477419888;
  -7.610685454428991, 1.824608096024122, 13.99919696394586;
  -4.549787889881103, 1.949698956768783, 8.763138307586283;
  -6.745194938942089, 1.849026268909569, 12.52714839825552;
  -4.979188423841877, 1.97366513595565, 9.54729066004597;
  -7.511184729193602, 1.802894609245552, 14.01083212182821;
  -6.639393082290805, 1.874265099158111, 12.55569905716126;
  -4.374692362105491, 1.96844084053734, 8.632030680008912;
  -5.618607456065334, -1.559041945400267, 10.87069190813377;
  -4.946838848963556, 1.974426007238656, 9.677128421965579;
  -6.571932834421232, 1.88890077216098, 12.56800441188939;
  -5.392228470203823, -1.538593971133119, 10.57579097323989;
  -7.55766756470015, 1.831165625582444, 14.41115148727255;
  -4.858325300849851, 1.987264628759319, 9.624399190312843;
  -7.386037095127375, 1.859537018050802, 14.17475984438773;
  -5.428418069450404, -1.524933735090322, 10.76288587208611;
  -5.655909190971334, 1.901789337821256, 11.1347224246503;
  -6.94720954530735, 1.857291797235623, 13.50544041939902;
  -4.853022765134222, 1.954585280441765, 9.745390797113691;
  -5.409409393990076, 1.926457776501209, 10.78950928988044;
  -5.39012399266923, -1.546439787729226, 10.79554843671378;
  -8.051718464636981, 1.823820150012771, 15.61968084500824;
  -6.19741355242044, 1.827385871923619, 12.29574745481365;
  -5.314419950883119, -1.4551343400851, 10.74575067785457;
  -6.859190254626706, -2.250978439975592, 13.63130797762643;
  -4.644713036786405, 1.978753768186006, 9.496838414610327;
  -6.844712676679324, -2.319281274378034, 13.62612458678174;
  -6.999096379736739, -2.444545752611315, 13.95544628955807;
  -6.258317562819236, 1.914273002067964, 12.59038857068972;
