m=[-30.94098699000833, -0.6709780828796518, 37.90521968993066;
  -31.59431698934711, -0.1713660849976532, 38.89077215474975;
  -31.65589787674696, -0.3853453077448937, 39.07494017403083;
  -31.53855488235363, -0.1806415232594782, 39.13740277459077;
  -30.17732393445888, 0.09985474567273511, 37.71820087187771;
  -30.91465479216999, -0.9365207574322531, 38.75188791237117;
  -30.6512369302876, -0.1765852086516466, 38.55485432541092;
  -3.972160287921372, 0.8067188781834996, 5.885662929283259;
  -30.61742344140189, -0.9554739428604814, 38.838236640962;
  -13.87273474742111, 0.4760162662590765, 19.25929215820084;
  -19.30218051903833, 0.1507186647817015, 26.93337371472422;
  -2.593450351708858, 0.9031709010474803, 4.812698122070874;
  -3.388531897171156, 0.8565353893792084, 6.003139938481746;
  -3.578295412843695, 0.8313232939065195, 6.365734193751097;
  -3.350184592215018, 0.8709192621818434, 6.029824470525043;
  -3.262509434302606, 0.8531118947180322, 6.059712540357118;
  -3.890426144366304, 0.7802834064334762, 7.100032136770349;
  -2.819597216760949, 0.8795459800619819, 5.439453544026557;
  -3.863519860337362, 0.8029934629740567, 7.172099383630213;
  -2.377400302737732, 0.9130305511575554, 4.834973756498427;
  -5.774428399015619, -0.4624613397736102, 10.35638297481938;
  -2.660247573957838, 0.8828950271447676, 5.331193078870155;
  -5.888149655534193, -0.9262291810747036, 10.68313437771241;
  -5.760148169277046, -0.7201303057000363, 10.48275823889356;
  -3.256985453995978, 0.8408991127635633, 6.422199241286563;
  -5.940193135787768, -0.897338031250739, 10.93721177479732;
  -5.799038722660725, -0.5884425100594961, 10.71844713767158;
  -3.620448022255289, 0.8064758543805684, 7.162230461186394;
  -5.635218170424895, -0.7006957613221772, 10.63976717737602;
  -5.521585709825975, -0.7176125716261238, 10.47280178866756;
  -3.540389745181872, 0.8064793790727907, 7.171996128506674;
  -3.423642390399662, 0.8276630231516174, 7.010214298672505;
  -3.341172187567984, 0.848834227070468, 6.956981763370086;
  -3.436494388986847, 0.8219218129812749, 7.133643316215942;
  -2.503426635873633, 0.8989097213969968, 5.47317005964849;
  -3.494512265063842, 0.7952420773523238, 7.298467111759431;
  -3.148580564118906, -0.8284615720637154, 6.725252600804532;
  -2.884964960398154, 0.8794064229728774, 6.309460285346011;
  -2.844711959792215, 0.882338503463584, 6.304664933422242;
  -17.33757269910855, -0.3680373948365894, 33.57790760135105;
  -2.844114309963553, -0.9316721937409062, 6.440121688121838;
  -3.646019472747292, 0.7979756016322456, 7.971003147778169;
  -3.68264636953193, 0.7532149294052861, 8.042976065329951;
  -2.808496997656147, -0.8755491137906528, 6.382669713567519;
  -15.02253326635816, -0.6947166609398155, 29.73676603671877;
  -3.544318503123449, 0.7435887124195174, 7.851714278006596;
  -3.204088904785885, 0.8362177372720961, 7.218802182572225;
  -16.08791053228555, -0.2469272637721826, 32.20977088836222;
  -14.69422884462103, -0.4676845625667863, 29.80788305176032;
  -2.561551858356335, 0.8992323060259623, 6.035179127663304;
  -12.98190525552324, -0.228230369063563, 26.59573180281618;
  -4.494059960777426, 0.708858529484341, 9.881813946065989;
  -3.843927997140384, 0.7515329915025861, 8.608040885072997;
  -3.040486597441179, 0.8458970156533118, 7.144767118373932;
  -3.166293104156347, 0.8123816901879275, 7.485294561318509;
  -4.109642138675003, 0.7125736089013268, 9.512652709623316;
  -2.775427310826923, -0.9268496965392152, 6.779765503716781;
  -13.07328037510409, -0.4503009095649472, 28.80167309956165;
  -2.826054342989477, -0.7199099774264647, 7.056392756867781;
  -2.469645083326689, 0.9134106127983764, 6.290103161097458;
  -2.809479602716079, -0.6746374891939925, 7.039882940131235;
  -2.799684439742832, -0.6409212610447803, 7.06732184942414;
  -8.471142815495176, 0.5576993127351168, 19.38284956042525;
  -2.797024196978831, -0.5848310608748306, 7.114174488089049;
  -2.733718734097109, -0.5871675252267025, 7.08801092494966;
  -2.694227850701596, -0.9904770967306185, 7.048207361577552;
  -2.736185960124747, -0.6566165413371382, 7.18258331912097;
  -2.695756187616408, -0.9607819784664359, 7.118699992414628;
  -2.743493405891922, 0.8512778302975455, 7.21775288483317;
  -2.579728672073966, -0.9812946533273602, 6.86858844465327;
  -2.617826197577857, -0.9751830828015339, 7.076673462873605;
  -2.755727949674827, -0.4688634622754008, 7.437873391355011;
  -2.871248610783995, 0.8276815484052477, 7.708295998084654;
  -2.626712548972419, -0.7243161459597776, 7.170716458208721;
  -2.554162771283898, -0.9780812477103964, 7.014139115842451;
  -3.306328684577296, -0.3370509479215332, 8.805816763428267;
  -2.510851350836583, -1.054520104029464, 6.940356311375244;
  -2.587990010469883, -0.4803472367962445, 7.151619995882633;
  -2.629301446254706, -0.7503555722277081, 7.252814155360122;
  -2.616569439923587, -0.5514549931743595, 7.224393023472052;
  -5.411444740526364, 0.5565054496227726, 14.00865140719429;
  -2.478544696578556, -0.6900056708598419, 6.980665098368742;
  -2.481883301061703, -0.7444407512202497, 7.01380670790828;
  -3.66066944529682, 0.7363320853317963, 9.853577435449905;
  -2.551756363753168, -0.9636736950695817, 7.204157525496792;
  -2.469410390563081, -1.085782112689026, 7.027552254100685;
  -5.404602525184455, 0.4391230416760154, 14.22665318467283;
  -2.530990645927443, -1.016821213211723, 7.222552737414809;
  -3.194823995187111, 0.7679258022828978, 8.860048314367896;
  -2.008251004428657, -1.083762561393207, 6.024541755745994;
  -2.499111889091538, -0.6631078648824005, 7.322335828800175;
  -3.134651631429286, 0.7751838696621677, 8.922791447058444;
  -3.455344132929992, 0.7464416146853029, 9.75409541757066;
  -2.9206823458706, 0.8062225868635546, 8.411468512760719;
  -2.424227322052303, -1.094846032757288, 7.170521368065544;
  -2.025426091598063, 0.9296699391901913, 6.168331337064052;
  -2.331256336442935, -0.5564895997359904, 6.972131712941584;
  -2.30400627740102, 0.9194405856960889, 6.928029596713945;
  -2.407492716003359, 0.9086593501224288, 7.218890381120232;
  -3.8830806610154, -0.2482233652208433, 11.06392537343622;
  -2.456240374535063, -0.5094109356312543, 7.386242361532106;
  -2.306698684083313, -0.6913804007178183, 7.026601436238217;
  -2.811652256863982, -0.4614836872798198, 8.368789066030086;
  -5.088235628993535, 0.621718533117268, 14.30953787678835;
  -2.410230959957456, -1.046728841911134, 7.357576107369105;
  -3.316610915493282, 0.7707646937116308, 9.74912524658702;
  -2.854807046090365, 0.8064849469024843, 8.557753817627871;
  -2.238677904637985, 0.9357959709293034, 7.009158842638009;
  -2.55191134035188, -0.9127849013564832, 7.888190344384819;
  -2.486135836792778, 0.8704281926749092, 7.730167220101794;
  -3.34578694530306, 0.7522989880448681, 10.05507884734536;
  -2.579267913748435, -1.289400287464773, 8.003189674675866;
  -2.211088352833983, 0.9136616129350305, 7.033482619934323;
  -2.438004008153266, -1.105744380010104, 7.663913471201916;
  -4.465011638839143, 0.6443598176359697, 13.20116191906488;
  -2.511507643889834, -0.8338892965035822, 7.893543066348499;
  -2.437700706100176, 0.8631278938188943, 7.710424352177288;
  -2.51766213409784, -0.8581817931430557, 7.984184354066484;
  -2.450527553081053, -0.8431823647332695, 7.87985016357857;
  -2.519810053139024, -0.9356212377789664, 8.089637441136279;
  -2.477973558268437, -0.9593526694503088, 7.985962853539841;
  -2.522375817190968, -0.4794821176353442, 8.133589575677569;
  -2.499791852560742, -0.3150076399843235, 8.197448650682812;
  -2.481527196354239, -1.179437030761868, 8.246863998214323;
  -2.406284865898607, -1.001415342983393, 8.026477846613366;
  -1.731774918471747, 0.9737151426045841, 6.126622312769772;
  -2.273920037544134, -1.612569587211484, 7.786139063721488;
  -3.165171657213527, 0.775764092660553, 10.48097805770105;
  -2.449726059298968, -0.466134830703802, 8.392084315888448;
  -2.510018597889501, -1.240684406254524, 8.625171256659298;
