m=[-41.56553716367123, -1.96794448679251, 49.79778875527113;
  -44.1049812449422, -1.16335088657505, 52.87728259059077;
  -4.100718719317932, -0.8505492453179558, 5.881344343831414;
  -45.66502802656056, -1.101750885724562, 55.83701820442502;
  -3.990140313070644, -0.9789397875009415, 6.057647078367417;
  -5.660600651364185, -0.01533766054990455, 8.254660748365819;
  -5.65833052423571, -0.08598841480685142, 8.333633144006823;
  -3.68646027903644, -1.051753802837563, 5.785125717720972;
  -3.553339899998912, -0.9274020171870469, 5.67545248794658;
  -4.577506089007105, 0.710163050460926, 7.069500713107614;
  -5.032696797374726, 0.6452303812412641, 7.821347027346521;
  -4.876372622250067, 0.6171997500952078, 7.886049309489023;
  -2.842562950265452, 0.8645702912816347, 5.082088811682575;
  -4.629769071848656, 0.7002113020111356, 8.125517454265458;
  -4.513306929955975, 0.69209853295652, 8.15065150555537;
  -24.5723352694577, -1.246451107661708, 40.51387096852951;
  -4.637913852758712, 0.7068971575493003, 8.705766514546225;
  -3.602993074264744, -0.6682951481811579, 6.982609682258579;
  -5.0586037836647, 0.6741467494342673, 9.536339768713537;
  -24.06517057984362, -1.201520026828693, 42.13957862830438;
  -5.038913096973515, 0.6810106690104589, 9.651667059815361;
  -3.08791460854488, -0.7372483469049947, 6.385357434943049;
  -4.688081926142526, 0.7166994167119445, 9.218356820983111;
  -22.38226010998912, -1.293076717040842, 40.59651171919666;
  -3.731052028244551, 0.7959426320463258, 7.602105197397195;
  -4.021928813198787, 0.7622512577350796, 8.185356678355792;
  -3.079503608451242, -0.776464195684576, 6.507684447225286;
  -3.018101841513924, 0.8677357159276878, 6.416128930569963;
  -21.75064742874457, -0.9711970656757204, 40.74723829993523;
  -4.285494130786305, 0.7406522375340332, 8.83498528724528;
  -21.94639076348301, -1.272653736410296, 41.29386410945353;
  -2.978464889483869, -0.6761202629159802, 6.497063623667131;
  -23.33658291045322, -1.238151292169584, 44.4456576817541;
  -4.752222507359127, 0.73088111697276, 9.984055753516888;
  -26.13755125269998, -1.691200327837098, 51.41478705107367;
  -4.854650094146645, 0.6494547922162081, 10.45007898054371;
  -24.04603871060052, -1.118505553799433, 48.33052853599789;
  -3.02936086060312, -1.313181501320477, 7.106427968206064;
  -3.177171403196132, -1.542481554549661, 7.478188972069721;
  -3.167574465754525, -1.60407429867131, 7.469593578766608;
  -3.184099290407848, -1.573811929055547, 7.546439509241306;
  -4.797420828294398, 0.6573601241810098, 10.99402446449285;
  -2.921025810939549, -1.301231531963839, 7.079573422087146;
  -5.760414531616958, 0.4106780066709691, 13.09529239006256;
  -3.522660170084956, 0.7875403746742604, 8.480048756619059;
  -2.881916967976308, -1.279516849433714, 7.113812350783695;
  -3.029070766665697, -1.038849734223021, 7.424039634482621;
  -2.895365064927212, -1.323990565909061, 7.173222008896177;
  -4.227709542252771, 0.7488182555876273, 10.1598759707173;
  -4.391691568697818, 0.7228807863297985, 10.66205621908387;
  -6.428009912965734, -0.9292492622100124, 15.40372898322721;
  -4.468719111285941, 0.7003547706597694, 11.11038131673193;
  -4.271483517085558, 0.7225070660002531, 10.72909604114949;
  -6.49529655615995, -0.9876092980256883, 15.82417692973675;
  -2.752950779791477, 0.8658278879836676, 7.347214686468507;
  -3.066849119103097, -1.896952409870907, 8.133908045090706;
  -4.283624793742631, 0.7462962134148129, 11.07980050049434;
  -3.459106314045319, -1.286583707327254, 9.164865658654584;
  -4.525435929613395, 0.6822658090199536, 11.86592822263786;
  -6.117795818869395, -1.152710778391673, 15.73051179422721;
  -6.021053321705041, -1.204009050724707, 15.51487846066263;
  -18.61951477330848, -0.07770163072205387, 46.51271882773838;
  -17.23244172921755, -1.778661815453443, 43.17176044648782;
  -5.984087505539267, -1.207852745476111, 15.70921688524455;
  -2.621536742269893, 0.8819203193305906, 7.463479786631165;
  -4.251464870366526, 0.7290000600717359, 11.52749719549533;
  -2.188665282760552, 0.9392797493019339, 6.406503369983994;
  -6.015811187140085, -1.14874583497003, 15.95186521318219;
  -22.18132848439817, -0.9869828717374407, 56.46597634785889;
  -2.433419165308413, -1.473446853678849, 7.065072837425041;
  -3.367562931569277, -1.137378824208975, 9.441325151710014;
  -18.86322072994002, -0.4608570718567716, 48.56585389066719;
  -3.585907412021849, 0.8064229341905003, 10.04384579679213;
  -4.153963724626443, 0.7235717927939562, 11.50039273643978;
  -16.02111902801896, -0.9469178850245881, 41.63333268781893;
  -3.341736687611428, -1.175055512088902, 9.456614978320587;
  -2.405265747288379, -1.489662077222552, 7.08212205924054;
  -4.708044005920715, 0.6067254180849044, 13.02604242468592;
  -2.643744096453793, 0.8521374360529164, 7.794092767024548;
  -2.386774936744834, -1.583153607654007, 7.134762550240708;
  -4.35904276127841, 0.7246620318885745, 12.23767058758392;
  -3.339351087781812, -1.213134073568035, 9.619756397959547;
  -2.347625081268828, -1.474147153196633, 7.126607184465295;
  -3.291121055719378, -1.076303669586207, 9.621509348768964;
  -3.01269040102172, -1.301726700196534, 8.893147342967353;
  -2.371032837241779, -1.454377134844916, 7.249794789074883;
  -2.687847604684319, 0.8786758546722121, 8.096722035490817;
  -3.875412585144486, 0.7468087038666695, 11.29496461985173;
  -2.361598973308186, -1.419857306524192, 7.27516235994173;
  -2.321272065544051, -1.62745468130914, 7.171255388160133;
  -3.187786136580431, -1.19143783694053, 9.490387241088762;
  -3.075664424074472, -0.9025547309563856, 9.222211365070413;
  -3.107370880737067, -0.9611395649073052, 9.323591799988137;
  -3.179125401350721, -1.057965242721154, 9.531126775446023;
  -2.923224964064933, 0.8508629069212915, 8.844231521438388;
  -3.134506299036068, -0.8668886851815625, 9.475107109999769;
  -1.963883339290169, 0.9689293409730423, 6.296199205327158;
  -2.744651282350791, -1.276690843379121, 8.412015362256438;
  -3.079475097122235, -1.054938953165118, 9.34614964971315;
  -3.109640886389827, -0.9959918072556957, 9.438757857617196;
  -3.028195048017305, -0.9432256873596396, 9.257430929708377;
  -2.969693534837744, -1.149793926127084, 9.138105909591106;
  -4.206056375763223, 0.686994852127474, 12.58987921443035;
  -2.501146041325769, 0.9019091247157733, 7.906575398877466;
  -1.938734940513797, 0.9765778231503066, 6.344063951572808;
  -3.047588726720257, -0.8926004269195073, 9.421003551731912;
  -2.697289099996118, -1.12139955465289, 8.498797633967241;
  -3.158681327745062, -1.003362489776319, 9.800003831528594;
  -4.677352521371775, 0.6188557128836312, 14.05370717610357;
  -3.124327771874432, 0.824043972874522, 9.713007612935023;
  -2.548955241951206, 0.8949341894660351, 8.136585391260313;
  -2.329857387671774, -1.478027057546947, 7.531810003723351;
  -2.28728899022531, -1.455547816549473, 7.465475005502792;
  -2.553885984885585, -1.177418618691665, 8.212102486514869;
  -2.620504208621587, 0.8784373585994645, 8.438522566317275;
  -4.551612423004931, 0.6120520858239311, 14.00926910572013;
  -2.351447720702621, -1.459197618327924, 7.74465215317387;
  -1.8176525139969, 0.9856926201887183, 6.198855214498711;
  -4.377169615707211, 0.6546258629016455, 13.66519911620079;
  -2.208404065050711, 0.9340737065146316, 7.368389489436139;
  -2.656130503054655, -2.065781684457833, 8.693368013200841;
  -4.914337774393854, 0.5980977484531921, 15.29177005717689;
  -2.411406277493441, -1.22336241641941, 8.001974772459368;
  -2.304948808582819, -1.294574294413233, 7.719733822810009;
  -2.724273590643836, -2.158253267654526, 9.008784753706541;
  -2.468165754557791, 0.8796783881747561, 8.254024452680776;
  -3.377608689647908, 0.7947895480552751, 11.09053873228138;
  -2.557213555618274, -1.247463380539578, 8.636705945464149;
  -3.601996035714882, -1.185376339200559, 11.85612853006067;
  -2.727019372766698, 0.8586190274522203, 9.251285186389941;
  -2.920514823034686, 0.850279452002462, 9.856028205067656;
