m=[-27.51283059128738, 0.6140811460589838, 34.50988232234793;
  -4.698880388210615, 0.8636775811886105, 7.230420294340934;
  -4.585455241116702, 0.8711808003196682, 7.089809103856155;
  -4.636094524223564, 0.8840378191042986, 7.317574770632055;
  -21.99700118991359, -0.02186077859699998, 31.40267117095912;
  -4.524786163481369, 0.875516312624227, 7.28787835818349;
  -14.21537812346865, 0.6943309745889958, 21.31017797596151;
  -7.859224781132425, 0.866311621618856, 12.34431122070099;
  -20.22165534179704, -0.0923097830266154, 30.55671686885231;
  -4.613078490533771, 0.8442887418778314, 7.800838507173184;
  -4.544558989529869, 0.8500390140444111, 7.884204201182829;
  -4.419685965380336, 0.8902125852747904, 7.778435774783363;
  -4.446554824001646, 0.8308102060724021, 8.009613195136602;
  -19.86355208097716, -0.1167132391447208, 34.15942186350159;
  -3.196961525120054, 0.9479621160255856, 6.436911352474732;
  -2.917012336021994, 0.9767847335158363, 6.310214901258638;
  -3.943549637276343, 0.9268087655914777, 8.384864357181268;
  -4.088825844317502, 0.9052940419774224, 8.676520001364702;
  -4.012436350319423, 0.9021603057887602, 8.663419521275399;
  -3.172461023855735, -0.9298169429890729, 7.161494793526352;
  -3.11203747187191, -0.9395085981125024, 7.103175573863299;
  -2.675326252714986, -0.9433165266721769, 6.297454618465297;
  -3.418689937073107, 0.9606503976811536, 7.736249247238495;
  -3.022017000779623, -0.9275679180203632, 7.04299214436719;
  -2.566600011391004, -0.9848132237674269, 6.162247114037054;
  -3.025131203797673, -0.9517452319402714, 7.078796384631134;
  -2.992239829259314, -0.8636014266315348, 7.032646192277718;
  -3.613893422472283, 0.964061347312193, 8.255100156827934;
  -2.96188062711809, -0.6908013871730349, 6.994361994443875;
  -2.971214656534902, -0.8781495020760043, 7.044692269966347;
  -2.673227466303609, -0.9757390548510208, 6.463705401142763;
  -3.012042303246853, -0.8523638951349042, 7.159930368728545;
  -3.337789400237991, 1.009087079089275, 7.793659780180744;
  -2.954265845647258, -0.7832981461755734, 7.047552412581966;
  -5.885681861601094, -0.5688615465541562, 13.03765638796764;
  -5.855457941538419, -0.5070261697900265, 12.98146704000017;
  -3.014657926901306, -0.9344078644369089, 7.19742439677199;
  -2.835409244995351, 0.9776003188090532, 6.842241926139153;
  -2.910562654136388, -0.8323598648425372, 7.078611871688278;
  -2.284504513815298, -1.024519024095123, 5.775385406402296;
  -3.905853385666473, 0.9465979909988039, 9.119893218281112;
  -2.824152559208179, -0.7463334658831216, 6.931944078715438;
  -2.273012170426486, -1.043185820757377, 5.799562403188094;
  -2.886283891929114, -0.916267874374552, 7.107892963600218;
  -2.828972137436539, -0.7134040145758246, 6.995652413051486;
  -3.970016718477548, 0.9302687186558607, 9.371917426625206;
  -2.335667732102834, -0.9530337001861606, 5.969672410515261;
  -2.867347053121575, -0.7875005982464721, 7.102990526759669;
  -21.77602825333292, 0.7606264671492553, 47.28479202630174;
  -3.794290607523748, 0.9347421474152111, 9.05773513169625;
  -2.843697250840979, -0.8379257379429191, 7.079084819072697;
  -4.106617680350248, 0.8885859324005135, 9.730594227594182;
  -2.817610794769673, -0.8086886865241856, 7.040176412199743;
  -2.806367209897376, -0.7444391758164578, 7.027504447350326;
  -2.734985102526826, -0.6951832763827278, 6.884140998330464;
  -2.186406745059017, -0.9994117130217141, 5.761240951027326;
  -2.780558268815696, -0.7257244177026526, 7.067508860538324;
  -5.743360081973815, 0.8595283552311884, 13.52147559374997;
  -3.826340412545268, 0.9201957154967476, 9.353275858089486;
  -17.86530006814755, 0.5146490321426416, 40.11848066769637;
  -16.88705367970814, 0.6510065634482594, 38.18560996833752;
  -18.25276887956176, 0.3901489011747716, 41.22304641109774;
  -2.670563884084037, 0.993474289860247, 6.877679317453802;
  -3.409519751307165, 0.9747759003390478, 8.535554870997434;
  -3.766175159671421, 0.9283790939872934, 9.432073932894237;
  -2.189568363609082, -0.9499471553751551, 5.943552808767153;
  -3.854702003946246, 0.9134992804566837, 9.715820107027145;
  -3.504779438021612, 0.971098580002044, 9.130405264883192;
  -3.24035533767303, 0.9910690692322676, 8.537693392817719;
  -3.304021531755833, 0.9724884351350277, 8.774209753269473;
  -2.727738045305241, 1.017995941620796, 7.449114341580954;
  -18.5704450768181, -0.2781826592127017, 45.22894550856671;
  -5.179503219221905, 0.8605667528998512, 13.44487360402096;
  -17.13748420460084, 0.3663268686205819, 42.32642214223686;
  -3.075541630476304, 0.9979268396643993, 8.542529133831227;
  -14.67661930343296, -0.5888286678122066, 37.33032533876212;
  -3.684622399613579, 0.9257032338712524, 10.16889419668189;
  -2.794579917951645, 0.9911617742688976, 7.962185419964556;
  -3.038020011284857, -0.9193199858343421, 8.64790075389074;
  -3.981364102394521, 0.8495883839352815, 10.99276005437455;
  -3.362222604733441, 0.9668633976899201, 9.438333653472395;
  -3.160011753691718, 0.9837230997375014, 8.945406187981227;
  -12.10191250469518, 0.5864114792357402, 31.55164637551697;
  -3.639515111391045, 0.9305486181485744, 10.19890102567518;
  -2.612002432395273, -1.27992185806897, 7.695922758309127;
  -2.931963446203508, -0.818009781461346, 8.528920757508042;
  -2.602247228628782, -1.242907985758789, 7.828119616072029;
  -2.874745709907007, -0.8732635672723123, 8.554420589621129;
  -3.162234426779669, 0.9730895456748185, 9.318748045643666;
  -4.296143213228522, 0.8927450475900737, 12.39397244329364;
  -3.059337620384274, 1.013418265172199, 9.120708242373063;
  -2.510092950746699, -1.355122595077481, 7.724265002694072;
  -3.363182443409429, -0.3107524017991265, 10.06596596651088;
  -3.809742970823721, 0.9184249773135795, 11.26901596052479;
  -2.64509807007168, 1.014700981529686, 8.157517413034817;
  -2.672103436833724, -1.125361466173214, 8.283695081273562;
  -3.143504456723319, 0.9773193303795824, 9.526178461323845;
  -2.99374809730934, 0.9889400346293189, 9.129532354264226;
  -2.649921663699918, -0.9252783637744604, 8.254153328148844;
  -3.069323357267849, -0.5090901592103628, 9.440071737302507;
  -2.977889617992783, -0.5381799026795079, 9.203745584844361;
  -2.91884133305786, 1.023107170110803, 9.031047362013336;
  -2.684331929614291, -0.7893326998623252, 8.432220799732974;
  -2.942788666187251, -0.5969410226316032, 9.210808022615039;
  -2.626008487916289, -1.434418532911351, 8.387362599949565;
  -2.694145536886178, -0.9177121695583728, 8.590245763153426;
  -2.580160158613216, 1.040152063837422, 8.314640470159542;
  -2.503950224599609, -1.427434500327525, 8.164911185717092;
  -3.047281339252439, 0.9769707000305248, 9.727606781859912;
  -2.891451209699097, -0.6117813043502581, 9.330515087959086;
  -2.94135979769284, -0.51862866152847, 9.479830612443566;
  -2.809336706479775, -0.7468515214930777, 9.150563799297903;
  -2.676769404665895, -0.9067651532876137, 8.800754184180052;
  -5.564924437993575, 0.8654715612133734, 17.18178599741263;
  -4.752788475529933, 0.9029753642099653, 14.86100408086167;
  -2.301866715099472, -1.334678672440733, 7.843133963435878;
  -2.242146818982987, -1.265496493914867, 7.685531059123329;
  -5.28516773947925, 0.8401303911530805, 16.67187127433792;
  -2.459544666677716, -1.460400394545914, 8.376059889872245;
  -1.456858097058201, 1.114750651001765, 5.338623737829359;
  -2.318348391393604, -1.058067025209315, 8.001395341973952;
  -2.776757856825892, -0.6373454057156608, 9.397615777703516;
  -2.592684231441085, 1.040401408002927, 8.803449484295761;
  -2.173850315379509, -1.137642180419064, 7.608788621546724;
  -2.777809660904195, -0.8353308544183542, 9.586514900825751;
  -3.748463361686615, 0.9472812029591405, 12.53976423206549;
  -2.253138667645951, -1.166557322080722, 7.975394977934168;
  -2.760546218876209, 0.9706555463676529, 9.530702867190652;
  -2.768909502128705, -0.7001336900977303, 9.622661319868172;
  -2.658464713868152, 1.02188522936405, 9.261022722339625;
