m=[-4.636880798796279, 0.812560569341767, 6.526703336402909;
  -4.567910516185973, 0.81681406061547, 6.585906404804907;
  -3.892718549504921, 0.8497749509643893, 5.82536175985402;
  -4.406292818836455, 0.8279579054189156, 6.647885273503796;
  -4.463063384643759, 0.8253921391108778, 6.753181149042924;
  -22.16403012917435, -0.1456072166738655, 31.28851492951656;
  -4.476616428018564, 0.7937329289976918, 7.130029448680229;
  -7.628431212132231, 0.7976740845702373, 11.56232725948299;
  -4.427018812193527, 0.8029961426241503, 7.245107677030009;
  -20.28674499782488, -0.2164765486114147, 30.30903802845292;
  -4.01934817169392, 0.8595261012054288, 7.254990217266115;
  -3.961221805490517, 0.8717950400407455, 7.24783273110169;
  -3.452215247522681, 0.9027000789153459, 6.575751698847263;
  -3.761371738467294, 0.8807940880964672, 7.086345301468652;
  -3.795177936605793, 0.880911108360312, 7.16447610749833;
  -5.838900560866943, 0.2102202406249955, 10.81090429091681;
  -3.474693055060822, 0.8881997656692213, 7.277180422686333;
  -2.92456525533942, -0.8804418815550994, 6.349268689247178;
  -3.297816456455744, 0.900764537677853, 7.032582935011116;
  -2.857974290887585, -0.6946653060351231, 6.302331615008077;
  -2.872518933926898, -0.8819889642191701, 6.35836493360553;
  -5.969454908270764, -0.7236614105314456, 12.1647565919908;
  -5.875057143851983, -0.6403787869466282, 11.9950331166746;
  -2.931501102930401, -0.8662826674388551, 6.506612722409715;
  -2.893801272508584, -0.8039234895592252, 6.447042789454547;
  -2.945449712312724, -0.9481467836797041, 6.578700055885516;
  -2.772923171763129, -0.7790209215122689, 6.271322747894573;
  -2.894507628759024, -0.8787331393185104, 6.515590026075628;
  -2.780537068042954, -0.7008326299022801, 6.320312604321219;
  -2.823939738604832, -0.8366073724679228, 6.41498762412766;
  -4.011350132212523, 0.8417678382642405, 8.672350233205243;
  -6.111794719456444, -0.7513429019993179, 12.74136358625861;
  -2.8980636298137, -0.9060413275348562, 6.570848614873731;
  -2.738107672486984, -0.7551759257995364, 6.269952767236805;
  -2.696705989177897, -0.7103488341211219, 6.225423098946931;
  -2.812955198113946, -0.923555720890057, 6.469201570398994;
  -5.858615138940151, -0.5059899027215152, 12.41330353065947;
  -2.16132273050318, -0.9571783259375432, 5.235348749564158;
  -2.693326061134491, -0.8049712287224983, 6.287005216355372;
  -5.703134284614471, -0.6078365975328233, 12.21650057992851;
  -5.576639903964267, -0.6624552503317387, 11.99465577105405;
  -2.745226213316166, -0.9607520141675631, 6.417909565422664;
  -5.84417906786673, -0.5635590050168516, 12.53268268955797;
  -2.73222742255777, -0.7571454438538454, 6.391110606726505;
  -2.528183891798928, -0.9334349424747999, 6.00001228468275;
  -3.835078781856904, 0.8618498092937783, 8.631144636411335;
  -2.310825734333273, -0.9135815212923401, 5.616202068766389;
  -19.11056041989074, -0.02969298883997751, 39.64025201067562;
  -3.70515300791064, 0.8534027441799849, 8.639523974748103;
  -3.269788910874722, 0.905864027420084, 7.770180017831923;
  -5.48410020194625, 0.7700845497656105, 12.53066251582715;
  -18.31445745869517, 0.07631149667402019, 39.70782703157744;
  -19.70268712992736, 0.5424569010611259, 42.63163060011687;
  -3.645464209984187, 0.8652510949839151, 8.7136566163087;
  -18.58145178069133, 0.3488727420157903, 41.47377592210612;
  -3.093807276708341, 0.9202950075548074, 7.747054156436807;
  -3.141775089199487, 0.8954707867028904, 7.939262425894465;
  -9.488814129875564, 0.755527232539349, 22.06686106647049;
  -5.241256849925293, 0.7774421370718111, 12.69324765795809;
  -17.80075054234121, -0.2087108739235711, 41.32355133603672;
  -2.854875513798267, 0.9395221626704514, 7.643219954324735;
  -5.886094149154026, 0.7136636523146569, 14.76004975439079;
  -2.329295472681069, 0.9422299447917909, 6.424337574770164;
  -2.90663428216144, -0.9184688696740792, 7.848641832763713;
  -16.09122683887701, -0.4591422246475272, 38.98358243892477;
  -2.811752278769414, -0.9363428670373202, 7.653745093291488;
  -17.30430444544002, 0.175540823609224, 42.49033865761357;
  -14.08718028127562, -0.0005433259309214088, 34.82530568533808;
  -2.851152236954456, -0.8348643981182018, 7.851814303581017;
  -3.508516133284518, 0.8578422771520701, 9.428327681244594;
  -3.193656805859098, 0.9091619163308986, 8.673187788347775;
  -13.37826999502674, -0.6800047084359816, 33.87053494865623;
  -2.730665789904795, -0.8175827390830363, 7.732895833666469;
  -2.761485113752174, -0.9217712455780369, 7.822789530885397;
  -2.601954476018606, 0.9503061513105231, 7.395242789976622;
  -2.462819425510686, -1.316121301413728, 7.127088058145097;
  -2.450608861865252, -1.364813639411971, 7.094594505586243;
  -3.035129122083671, 0.8999243013715941, 8.537868150449908;
  -2.435543067646664, -1.337978280149539, 7.095058251056734;
  -2.9509067205161, 0.9434742137870334, 8.379742571769667;
  -2.648853683183897, -0.8070792432460916, 7.725934704190952;
  -2.53526061421175, 0.9441072321900409, 7.408450238009798;
  -3.726167492774093, 0.8405043900831442, 10.45211195467097;
  -4.117665474314333, 0.808175400179741, 11.50654683177747;
  -5.196413323391512, 3.183115436803873, 14.33358087611192;
  -2.871950308461929, 0.916413692108465, 8.356531559240938;
  -2.310472951719228, -1.195760204297998, 6.967184296563806;
  -2.840232902162773, -0.5077752916008289, 8.32678657867968;
  -2.852019031356519, -0.5590899014800267, 8.395848774805959;
  -2.790244604410486, 0.9465449132383974, 8.230340756858549;
  -5.753732818454181, 0.6990065183326238, 16.05781821094795;
  -2.768541457605497, -0.6055545153214719, 8.255565913580956;
  -2.458946393305704, -0.9151535159587728, 7.471693039140298;
  -2.592647641195585, -0.9260248791925174, 7.837253317890593;
  -2.326837083139407, -1.489386839973433, 7.171502589606721;
  -2.230032355174406, -1.184414994812836, 6.91967069799666;
  -2.395414460003924, -1.407981267371376, 7.370835360631488;
  -2.310057039973663, -1.422222826017754, 7.142671869227373;
  -5.689852524229814, 0.5718604251653066, 16.1363934091056;
  -2.171589023886078, -1.114327344747249, 6.784684351879889;
  -3.94321760427068, 0.8249318153932232, 11.55128255796422;
  -2.498943614389431, 0.9523651465807039, 7.679827121922918;
  -2.760347365630427, -0.6286222199097373, 8.488002495187704;
  -2.201292589468374, -1.281500946602084, 7.094407229191017;
  -2.718282293806008, -0.8881693676566164, 8.523136293051206;
  -3.880548795748241, 0.827116030862998, 11.80628193904589;
  -2.125212183096121, -1.271498611820731, 6.987776275521754;
  -2.07986546916052, -1.129751644378322, 6.851541818359206;
  -2.705581358645794, -0.8354070086967982, 8.642725627051901;
  -4.5934169946366, 0.8161507683514866, 14.00562795089603;
  -2.673778631480356, -0.6603924099312596, 8.630002819330324;
  -14.73396873468882, 0.6779631012973375, 43.5036747320988;
  -2.873719484219562, -0.4028583415263321, 9.289174909642915;
  -5.262158022394543, 0.7645928277192031, 16.24466509117147;
  -2.675176992143459, -0.7246480172110653, 8.872941418203915;
  -2.543879264071375, 0.9430344754060464, 8.461114577226883;
  -2.428255184909409, -1.681462163075666, 8.191732989487388;
  -2.824148879647031, 0.8831930876341338, 9.318959449887291;
  -2.03949350547827, -1.142396355879099, 7.039484460629829;
  -2.610841967441201, -0.5980944321790873, 8.72757054896049;
  -2.094142257613533, -1.309158140712845, 7.228653690676229;
  -3.533396507196244, 0.8448683780863188, 11.45805332284391;
  -2.580575598961437, -0.9616997333086148, 8.679307071968299;
  -2.340226732143556, -1.599341993386192, 8.025769447986164;
  -1.885149328419641, 1.019543954005684, 6.606150533105267;
  -2.044760608759169, -0.9923554172861665, 7.138265746004551;
  -2.568307379704943, -0.9069196172644946, 8.732400866034229;
  -2.585000851021064, -0.5711657504153069, 8.782988224310371;
  -1.957521589302162, -1.136002575560279, 6.89999717197215;
  -2.027858401745673, -1.269657801389249, 7.14601502741913;
