m=[-5.874888552940506, 1.751544537097975, 7.965292310378701;
  -6.995463466506497, -1.843958983108449, 9.287575106680686;
  -6.858160935585998, -1.629645089922071, 9.229175091049994;
  -7.128346983861859, 1.72695962551979, 9.590129213719749;
  -7.031490089771092, 1.744454003706899, 9.486982333109483;
  -8.951024409719135, 1.593962332934203, 11.81010688909176;
  -8.498054539022064, 1.64625426301187, 11.29491461589497;
  -10.90954432415744, 0.2149981541635617, 14.2582175774627;
  -7.040849039371861, 1.745082765491524, 9.578884849576985;
  -10.30485241727762, 1.442644154176563, 13.5793471479627;
  -7.190203631392327, 1.739156978954302, 9.786681481188335;
  -8.399545520868726, 1.62226853440685, 11.31480333997338;
  -10.9503639233417, 0.08338686418404784, 14.47507571108223;
  -6.766977465302756, -1.942380390362809, 9.319943359339089;
  -7.729228098235707, 1.73574729044642, 10.53262653693243;
  -6.748888968438667, -1.65898579739986, 9.304442511900316;
  -6.899744598261385, -1.217412694545503, 9.499197485949251;
  -7.844181730027925, 1.712724674849538, 10.69342924849653;
  -6.574046078153256, -1.512300177748443, 9.118567668124101;
  -6.754612312434681, -1.746764658229104, 9.358937580261269;
  -6.740220205018696, -1.984827081891161, 9.341084891686963;
  -6.494692492548949, 1.747849009793536, 9.066633819017824;
  -6.915231341792384, 1.766065832729283, 9.601518360861876;
  -6.671207685650525, -1.385090820398222, 9.293739224029547;
  -7.706056678898891, 1.708781478119563, 10.60916122285897;
  -10.38290578335906, 1.406036263392538, 13.97237433366201;
  -6.754710739768434, -1.21890561601528, 9.438329820848592;
  -6.635518918670199, -1.340936003246914, 9.305349519782533;
  -6.873253305729335, 1.767643338224128, 9.628368340975099;
  -6.638281220995811, -1.485486768070873, 9.356132186889102;
  -6.785477795975821, -1.150463114453974, 9.541830947886373;
  -9.759247366454387, 1.490085802910492, 13.35604162413517;
  -6.643046397387783, -1.30510069559288, 9.38757761469582;
  -6.687281396551529, -1.992494201939169, 9.444145355846771;
  -6.569411989466792, -1.865079699984616, 9.302032672771004;
  -6.583068921761102, -1.826243224262949, 9.354344416551877;
  -6.534317652204199, -1.622641056198462, 9.291592410593214;
  -6.852800686583548, -1.240411744284009, 9.725799173905557;
  -8.077111020555813, 1.673357430876129, 11.31093726893354;
  -6.684735367056553, -1.744798811063483, 9.515874016531182;
  -9.702655932307351, 1.49527427840122, 13.41131469802127;
  -9.738692163082938, 1.485592430412049, 13.46862599239613;
  -7.991968704595222, 1.698330700276384, 11.27238830279333;
  -6.488089073821392, -1.850747270536182, 9.323800104227537;
  -7.662559943694933, 1.724899282835534, 10.86787736677184;
  -6.600997502294336, -1.629666887358302, 9.485250231915153;
  -6.592711144532173, -1.973438955080403, 9.487512459192862;
  -5.586005300795383, 1.799797782002045, 8.219269334620945;
  -6.720813251751663, -1.327635212514555, 9.688224970816147;
  -6.678416095698365, 1.739046166471824, 9.666559555100713;
  -6.759637117369614, -1.767330725426897, 9.750275596551576;
  -6.54297575555307, -1.523207728079136, 9.495627156543639;
  -6.054532941219592, 1.762156991062835, 8.87852080710489;
  -7.579943499749553, -0.9858355991747975, 10.87716853515041;
  -6.53846135446546, -1.918505637680303, 9.568333242585744;
  -7.508861911418517, -1.007405761788461, 10.85387051982269;
  -6.669416317758671, -1.421730500454125, 9.759384657301519;
  -6.489123060500435, -1.724658034347243, 9.52991073745955;
  -6.568124586528629, -1.621478808789641, 9.639061563218487;
  -5.589260868684307, 1.776400336522193, 8.383610935519764;
  -7.53952978219615, -1.060394048528155, 11.00724788549103;
  -9.616191405298176, 1.457176819081149, 13.84972379842278;
  -6.515410467414319, -1.483343664990585, 9.730220872158922;
  -9.428437625012352, 1.520743310617923, 13.70200746493082;
  -5.998712551719819, 1.845307610799309, 9.128981032667689;
  -7.780008625744462, 1.694062918258554, 11.54949245080465;
  -7.513473728509158, -1.227151688742665, 11.236359861571;
  -7.542944507446986, -0.9312449119327307, 11.3208687575452;
  -6.204844428806345, 1.809014309711049, 9.547717658858277;
  -6.515856151812148, 1.77949040204536, 10.0169359362415;
  -6.532034349094513, 1.743645815278276, 10.05052464656897;
  -6.37578256159413, 1.802596606747916, 9.848723315664836;
  -5.243010549650617, 1.826215496163514, 8.313599080360955;
  -7.518770153443018, 1.735719081570994, 11.49332119428726;
  -6.178467945159222, 1.806480556895322, 9.718973926237284;
  -7.387672409731795, 1.73581809253167, 11.46894873458443;
  -6.95336214943474, 1.745855820836407, 10.8611610873137;
  -5.591177578625423, 1.811386598299673, 8.934413563374992;
  -8.25151526996722, 1.6735676475587, 12.75553807159173;
  -5.941966824525442, 1.822820187309387, 9.542923878858717;
  -7.588982691298377, 1.679937453038258, 11.99994753751569;
  -7.58912373451246, 1.727666027222222, 12.06208173055349;
  -8.915972711711495, 1.595946163057457, 14.02332554425644;
  -6.641715115735155, 1.768173331354592, 10.74622114637006;
  -5.498737038976619, 1.837741139750657, 9.096529261717519;
  -7.828765613915638, 1.709259610768939, 12.54225914709599;
  -6.850985875746526, 1.727627110884153, 11.12000331512568;
  -8.097591681102864, 1.682711056074623, 13.103319455768;
  -8.665928844034387, 1.584193351863876, 14.02157820645722;
  -8.436832797079116, 1.639803705711526, 13.75073105224259;
  -30.40626988459827, 0.9912568521435966, 47.06071158450758;
  -5.506310033750842, 1.897507657955004, 9.429934578787236;
  -32.12756349967004, 1.122074481845054, 50.52167692608233;
  -4.878164833872074, 1.880694022827653, 8.541655618269505;
  -9.064663033703207, 1.611887558701039, 15.0286275415926;
  -5.993468402873515, 1.830041794294705, 10.32887844892091;
  -8.579509173634424, 1.621734851145202, 14.3736440292557;
  -7.000803966240367, -1.113073068919146, 11.90237836124972;
  -5.850597703688588, 1.851574414441404, 10.12840693228349;
  -7.43557951739646, 1.74349647612321, 12.67947592313439;
  -5.96656947857901, 1.83940372479188, 10.41879966374535;
  -8.746173506422482, 1.595967731895847, 14.84424444048727;
  -6.591477913531408, 1.760588065317446, 11.4422313282129;
  -8.092774918522409, 1.639526354357765, 13.84328142940937;
  -6.000659003790543, 1.809194726296064, 10.52875968561394;
  -6.488255593791872, 1.799301579393491, 11.32288127679212;
  -5.833857100720051, 1.869367488239971, 10.29770887541231;
  -5.85536890528346, 1.85474617762578, 10.42079066044053;
  -44.56496051159808, -1.13446490893519, 73.018262630877;
  -7.14975720231284, 1.800730363222297, 12.56442819055339;
  -6.655190136190511, 1.788034098201063, 11.7683652567673;
  -9.859962148108872, 1.61753522804097, 16.9978338864965;
  -5.967491187407972, -1.262175272900037, 10.66997059113961;
  -5.86038380660562, 1.90482158284862, 10.51129228816862;
  -8.227061721878618, 1.640224022964364, 14.36688807619074;
  -5.262340384572689, 1.88233183831104, 9.642725437302891;
  -6.415180386644476, 1.812463832158881, 11.56861272508644;
  -9.63825632320947, 1.600602474899393, 16.90798648445811;
  -8.203484245283233, 1.675127504256527, 14.59409606124865;
  -5.921118171353645, 1.800774031474363, 10.82682598072308;
  -6.168230449832518, -1.837416664783764, 11.22499567844164;
  -5.751331697717009, 1.872309497188897, 10.57361691010695;
  -4.634482266285939, 1.87938295865604, 8.728512090774149;
  -5.954859906093893, -1.332053960893395, 10.91978252160733;
  -8.808055813322726, 1.641371328952293, 15.78810923149594;
  -6.191761813814854, 1.840032109351273, 11.46447026732349;
  -4.753149960896113, 1.888873564780719, 9.034351155774722;
  -7.672480753914317, 1.71072463902434, 14.02066370309321;
  -7.12299756620695, 1.761037791255924, 13.09698891861689;
  -5.464296537139946, 1.907022104209735, 10.33576351157856;
  -5.741761405049525, 1.871812802951907, 10.81895992497417;
  -5.158751768705159, 1.899765212497748, 9.82507151884524;
  -8.245248366177968, 1.677934903842109, 15.11830354881396;
