m=[-5.249397330968527, -0.07526226779100961, 9.025959723810816;
  -5.380455983407126, -0.8189779687378602, 9.320444579755575;
  -5.258235301757819, -0.7843154772763564, 9.281756277787073;
  -5.218966817284461, -0.7468955327430048, 9.251433216566415;
  -5.137417754975938, -0.5555892117731619, 9.212879586522639;
  -6.114128445000049, -1.028880768466088, 11.86037319010135;
  -6.02985536928359, -0.8689708355823642, 11.75597061861286;
  -3.832524619818369, 1.63277099826496, 8.000570555100659;
  -5.902689698096644, 0.3049178776312037, 11.72149242067393;
  -5.881694218976505, -0.1114167103323226, 11.8567749579782;
  4.492847216414631, 1.689970368438999, -6.877215785936107;
  -5.727668651551197, -0.2009177233956798, 12.01821305396495;
  -4.288689457514066, 1.731149962210364, 9.349761217770899;
  -5.69671984379836, 0.2959598659353115, 12.05563949173441;
  -4.248669320210472, 1.732823721321699, 9.380879870033141;
  -5.689969542385374, -0.6411953388580546, 12.15508066554435;
  -5.659259954762706, -0.4468256963616474, 12.23840215668554;
  -4.32771324815033, 1.724312993119874, 9.762366665456263;
  -5.506089483543035, 0.5494565966381059, 12.2073173636183;
  -4.218083395901894, 1.732904217586234, 9.650790750761795;
  -5.549398609583221, -0.2136483576273736, 12.40659980878099;
  -5.35175462375368, -1.600350582258322, 12.17894401854925;
  -5.557649833538727, 0.46814749032239, 12.59264516335626;
  -5.64512936330368, 1.23530585266389, 12.91892914352771;
  -5.491039315367449, 0.08113664144392449, 12.65938086519146;
  -3.81484342436141, 1.778012629675943, 9.459372595600261;
  -5.382326660573245, 0.730062782303323, 12.86476039239453;
  -5.478018546935476, 1.151754286578848, 13.09255846052674;
  -5.533211497189438, 1.060692892631035, 13.23039457164931;
  -3.967356279632936, 1.764958893434364, 9.859581394480534;
  -3.609723269505103, 1.832049040610246, 9.119433703216489;
  3.85777880947289, 1.473992652720652, -7.053508099150744;
  -4.072524228507182, 1.728665727788883, 10.18650383227054;
  -5.506672992681574, 1.492089172731169, 13.34765858315766;
  -4.766174895493668, 1.683853423641565, 11.81607186778043;
  -5.240667485441294, 0.5407223415923014, 13.02112454906863;
  -5.258852488168258, 0.3416180459112644, 13.15805824980046;
  -4.568102538704367, 1.711847057441383, 11.64959065265973;
  -5.254720708516703, 0.0640446935368366, 13.30285053454608;
  -3.527138595371707, 1.837111664173647, 9.369744985811167;
  -5.180733315699504, 0.7528134991262138, 13.19993524336569;
  -5.1871796710545, 0.4674197207776606, 13.37119074493577;
  -5.344888007733699, -1.019163176320827, 13.772732747251;
  -5.11196792974533, 0.7493865896208962, 13.27585152699798;
  -5.061794919096081, 0.5946203614138886, 13.1931475476772;
  -5.071851753352351, 0.5282542016946679, 13.22032239251305;
  -5.309034588995454, -1.179652030866446, 13.81576228090514;
  -5.351876315833038, -1.110948704976684, 13.93647689284832;
  -3.634831704500062, 1.821350206946754, 9.89436713451525;
  -5.043199013856071, 0.7976591070456642, 13.23592664708368;
  3.166316453354524, 1.382959057847353, -6.117160993314526;
  -5.115053754999821, -0.03841768901204589, 13.52200816841983;
  -5.123302480318404, 0.2670803804684792, 13.54943294538269;
  -5.090353650485815, 0.4435074914114589, 13.47656852558321;
  -3.503600558814612, 1.832977787307728, 9.743565231761496;
  -4.182929940119577, 1.708568333157675, 11.38533890092191;
  -5.083499912032709, 0.1057390611435059, 13.57891965201469;
  -3.241815155246043, 1.862378893680732, 9.154030549225597;
  -5.0737246627064, 0.207936513224231, 13.59140438901386;
  -5.026260200057027, 0.7188386821828304, 13.47537688355044;
  -5.008396456896164, 0.06093534781242253, 13.49943336461853;
  -3.608784361562754, 1.785325368759179, 10.16425181279028;
  -5.00876433757766, 0.1104470642302317, 13.67003360114105;
  -4.914990901019274, -2.372801083683896, 13.5833532449414;
  -4.151970809986399, 1.696553863681695, 11.69177512519656;
  -4.980649770120825, 0.1475287133020842, 13.81728267462689;
  -22.09765381282557, -11.31595611407959, 56.62634732153494;
  -4.897228373438242, -0.1016288539985108, 13.77943963951;
  -5.159076863045629, -1.263898759516328, 14.58256621237906;
  -7.152859920650942, -0.6236710463158515, 19.71339716131201;
  -3.897030536548508, 1.461009031157777, 11.39600464757646;
  -3.787360216092729, 1.556811951484257, 11.12552153830044;
  -4.883668291236775, -0.2204072794512741, 13.98697678945769;
  -4.855166236530416, 0.02800743145499205, 13.92331265316367;
  -4.863255727114231, -0.251100040940216, 13.977496897226;
  -4.866124598045142, -1.609835549558187, 14.11632203413157;
  -3.704003620917832, 1.669426086630976, 11.0830839135863;
  -3.694377364537964, 1.591736194520974, 11.1186335940241;
  -4.867015878953599, -2.24432332295108, 14.27075847209766;
  -4.771826460075718, -2.400041403877518, 14.04809386116754;
  -3.798613586796906, 1.514167994861772, 11.43861658642014;
  -3.780993512866056, 1.386829504877688, 11.3971948706068;
  -4.786590856271427, -1.672087102352502, 14.16591898073346;
  -4.82482702813495, -2.161900658011388, 14.28223712807382;
  -4.818333165227535, -1.924874079342136, 14.27202856123561;
  -4.825314124182826, -0.284936659851269, 14.29909846933164;
  -3.564148661818662, 1.698059795686906, 10.92131419881806;
  -5.019326285248229, -2.596114668377591, 14.87729987933852;
  -4.480282942554462, 0.2611274633160397, 13.44609015712348;
  -4.664858574418823, -0.1320945734221575, 14.00927163224275;
  -3.782630929700374, 1.363025440013131, 11.66662317617856;
  -4.679316509449754, -2.392620459851576, 14.15139511407473;
  -3.61175991799791, 1.665114908075124, 11.2320000309779;
  -4.750455379565473, -0.6145989438838362, 14.40906499737308;
  -4.640891684794544, -2.722141327384788, 14.17642770305242;
  -4.561604698945533, -0.2133965229472118, 13.93151072573378;
  -2.713303771859384, 1.929793169255346, 8.876012417767708;
  -4.688674699734837, -0.5170291439459824, 14.35156421563034;
  -4.633746987992852, -0.6809312218258259, 14.21906307450937;
  -4.583578469816118, 0.009116778346522192, 14.08335477622536;
  -3.598730456038742, 1.404141466663957, 11.3469827209061;
  -4.293619034083345, 0.3529224667078311, 13.46152013263906;
  -3.199895240750521, 1.791297791976616, 10.43803999372716;
  -3.087905023270268, 1.82131669514255, 10.27234048633489;
  -3.420475443766581, 1.498803438090492, 11.40480969505076;
  -3.359014014230094, 1.518923756233001, 11.259607855999;
  -3.3307611017, 1.724524885582924, 11.17318158818087;
  -4.347745483558818, -0.09049321115619091, 14.19096380753592;
  -3.355923338223901, 1.642775661442009, 11.32163712258538;
  -3.450619629263554, 1.429922007835655, 11.66221772027448;
  -4.041985599053724, -0.4711008202582843, 13.515862740372;
  -3.42216440994931, 1.356995290276727, 11.65867369424811;
  -4.07189236204401, -0.3557905582869054, 13.64194872912327;
  -3.120008841925706, 1.722308802096547, 10.80065549885893;
  -3.130845139886608, 1.823546429308521, 10.98321304289798;
  -3.238386980766693, 1.459968739992231, 11.35130925129769;
  -3.457835676521043, 1.461794056599272, 12.12657920961001;
  -3.279249900274323, 1.538002473437306, 11.64444296859754;
  -3.232070668365149, 1.37276895983849, 11.66645748587075;
  -3.235242295279535, 1.723037688051017, 11.69352030396372;
  -3.237997521412321, 1.502085091756054, 11.75550760640555;
  -3.599019587591203, -0.2833726319797548, 13.05694248354807;
  -3.200988859901399, 1.557175370515288, 11.7587519674952;
  -3.011409559980657, 1.796300218547422, 11.47259661450908;
  -2.903786180530777, 1.792837698029763, 11.30972070918038;
  -2.921957439586636, 1.740865459000846, 11.49806642322703;
  -2.887060002444971, 1.755887082802524, 11.89374287952476;
  -2.942743984102604, 1.701445575864787, 12.21506001403144;
  -2.846157709321192, 1.732848948110909, 12.06171276203882;
  -2.715104421173263, 1.763007030689374, 11.63918001799354;
  -2.824759981292898, 1.77267765685511, 12.1753709086484;
  -2.766878099340119, 1.510813326350782, 11.96762534127187;
