m=[-5.841624432379123, 1.731910484205749, 8.089992678832454;
  -5.683520005754292, 1.735141503805538, 7.905264011006895;
  -6.288933698042592, 1.70287869257686, 8.655797053763504;
  -6.97918789368568, 1.634104766944971, 9.527708131757908;
  -7.205386413143277, 1.61696414022594, 9.805068366600393;
  -6.848704243379721, 1.676263594139116, 9.415377410708253;
  -7.015991849913634, 1.612323303626552, 9.627367271337741;
  -5.721351830546004, 1.729750188714159, 8.176598421144499;
  -5.929013311115155, 1.688918068508304, 8.549548961464982;
  -6.333828257819023, 1.687848165550082, 9.066225338497864;
  -6.75441505517031, 1.705167838538043, 9.613142725174622;
  -5.809547384554385, 1.729162924824524, 8.414103346608881;
  -5.477274957300801, 1.763769291131184, 8.023464461341444;
  -5.602832156243363, 1.700349064914885, 8.215483596740782;
  -6.618022226994942, 1.604231071391738, 9.573730374404526;
  -6.654445767792978, 1.621068641643029, 9.709683747259547;
  -8.291715061509638, 1.525231907648095, 11.90543287937686;
  -6.224063869731996, 1.729551381965836, 9.294630865936732;
  -6.62249768034969, 1.636529404456081, 9.833685151704717;
  -8.22470351292211, 1.51756315485898, 12.00633567221413;
  -5.874758751322292, -1.467776772171752, 8.959600464794862;
  -5.603660326959106, 1.733191090661203, 8.622513938853478;
  -6.537991566598784, 1.627664827464084, 9.918645874828441;
  -5.652166506444806, 1.713552895954984, 8.724294544897598;
  -6.063615243041979, 1.698326823585339, 9.294368054812184;
  -8.092996291744273, 1.521267072566596, 12.18704961960236;
  -5.253524710027717, -1.558947953949383, 8.301521137201476;
  -6.550624653520086, 1.613604542903504, 10.10759850035511;
  -5.506075127107757, 1.736067389158243, 8.660436908622947;
  -5.284519686374904, -1.664164373945861, 8.37690349663761;
  -6.170862375216351, 1.650320084289491, 9.64276679404739;
  -5.293274107621976, 1.743805146999087, 8.428009956406038;
  -30.87935969455052, -4.873180707260673, 44.52573865232271;
  -6.490377188009516, 1.610268385635019, 10.21272568072416;
  -5.982887766057127, 1.692272342497468, 9.50090610123493;
  -5.216841589549557, -1.56542016086922, 8.479717052756776;
  -5.662111046537694, 1.702269753855251, 9.207079633938259;
  -5.174715647350808, 1.750549462531482, 8.604407463779355;
  -5.042087598238575, 1.744348677613498, 8.421057793294818;
  -6.328361981339531, 1.612519738908824, 10.33703615990151;
  -6.55248636020966, 1.593722430292159, 10.71710321604381;
  -6.199892895647076, 1.637318738035838, 10.19463657343461;
  -4.948949276984811, 1.793925674625209, 8.341214848214518;
  -7.365188666311703, 1.522685587646594, 11.9396700640545;
  -5.554743288933206, 1.704866769566577, 9.28911102166934;
  -5.020828026067728, 1.75952520446141, 8.536240051398012;
  -5.677673403988728, 1.687904102008924, 9.545529038298087;
  -5.680573486092285, 1.673368879646141, 9.685044296583907;
  -5.009567185548062, 1.758781067771096, 8.679613107871417;
  -6.150714736444981, 1.637658148579294, 10.43833702866057;
  -6.310378353085775, 1.619879491700527, 10.70496662429935;
  -8.862008665217914, 1.378145031097032, 14.7863723415503;
  -5.339905229978161, 1.73873274176253, 9.313550563664741;
  -30.31593542656711, -0.6693023295228018, 48.42799453605832;
  -6.908096093880998, 1.557435084258205, 11.82002206828499;
  -5.150406242067644, -1.760617808747999, 9.079158864318959;
  -6.02507938134034, 1.629490090508381, 10.45814809149707;
  -5.715481803976831, 1.66230872494548, 9.989591099182777;
  -6.188075303827672, 1.607855411051368, 10.73361794666372;
  -5.113083999922848, -1.794144554990306, 9.123038087421637;
  -5.169675615998274, 1.730400441467315, 9.240312074758707;
  -9.559685992007781, 1.406348308370478, 16.27264959970212;
  -30.51768304946404, -0.7114803337560047, 49.91186562302034;
  -5.229532108131322, -1.043156977819315, 9.404143014034403;
  -5.242101568394715, -0.9581418890836234, 9.438650504315469;
  -5.016598978682059, 1.763313073318392, 9.077278598625478;
  -5.24704509354065, 1.746405519986712, 9.450599319096694;
  -7.300471407242273, 1.521758031472146, 12.77012629667247;
  -5.2062107740024, -0.8452736442836187, 9.400165240065777;
  -6.566799515160103, 1.579359389051635, 11.61571217541444;
  -6.365749023454753, 1.579446987096079, 11.35474324802362;
  -5.238873505479545, -1.262099754934229, 9.55709493811329;
  -5.177929050839369, -1.161566637566508, 9.469336589468046;
  -5.205381655061081, -0.9560600057204077, 9.531335541193341;
  -5.778790535304745, 1.645523249956766, 10.4792983204262;
  -5.696185860760924, 1.664786333150171, 10.34652531395875;
  -5.155682341511579, -0.976134967431722, 9.483305399291464;
  -5.066640651941714, -1.802652593586352, 9.345710281645554;
  -8.756135789589077, 1.341254619129619, 15.4499914217806;
  -4.997205675198586, 1.814362541966501, 9.255283670972014;
  -5.016385908693763, 1.785801925638203, 9.313316668165692;
  -7.340958152643333, 1.511057965576344, 13.17172898158424;
  -5.136281891381562, -0.9313376338450535, 9.521235211379722;
  -5.186249294520796, -1.229075148747129, 9.617690253725444;
  -5.15640800998632, -1.004477534329554, 9.601461686476062;
  -5.442828195929404, 1.686729159301247, 10.09307043963873;
  -4.975016070965359, -1.890251381285173, 9.311706273655714;
  -4.891758122561101, -1.779340662171275, 9.197818523003756;
  -9.242344637686673, 1.429424209519116, 16.53060353119355;
  -8.729575532402297, 1.426338598429098, 15.6743440054775;
  -5.480539248991256, 1.670848467778512, 10.21172910632296;
  -5.072808659180472, -2.025402895764557, 9.561107496060229;
  -5.660906271024218, 1.653210738945823, 10.56400705143825;
  -24.48894104116369, -0.7924344023488626, 42.45340529658481;
  -5.090240850469958, -2.1754202982906, 9.617657347746912;
  -5.087887374251754, -1.008317427909584, 9.64373073803139;
  -4.952579351166645, 1.754378277714059, 9.441619199541757;
  -4.907743479657396, -2.064016537600951, 9.379069005945418;
  -5.016330660533481, -2.044026707119285, 9.585701914949237;
  -5.004222748781888, -1.778156912393051, 9.583645287738436;
  -4.751778759647578, -1.868910342197384, 9.166845117163971;
  -6.144134814685053, 1.609304162740875, 11.58804411570657;
  -4.88154708585529, 1.752542943537943, 9.426700016370681;
  -8.231164924198046, 1.442905719861323, 15.22273614200196;
  -9.705225027408842, -0.6452658216746802, 17.76977082214738;
  -4.874012042088673, -1.800184110315605, 9.419261871228004;
  -4.935252446653516, -1.697223736529454, 9.531127121508268;
  -5.778640696387539, -0.774452088440503, 11.00890456319339;
  -5.090491711803929, -1.285242168346975, 9.820309937851489;
  -4.9912283174328, 1.742864963712611, 9.651373849528353;
  -4.856154516978579, -1.848998634095402, 9.42147819428207;
  -5.067612432867663, 1.656198711547627, 9.811317535156887;
  -8.475940936929813, 1.445366130901328, 15.84381197505331;
  -5.486718360667767, 1.668028422095673, 10.60607454634318;
  -9.055531784785305, 1.402627119132433, 16.9519505843957;
  -6.326170542382249, 1.543971411633693, 12.14223420830234;
  -9.482967387077272, 1.391504005263366, 17.71955555975384;
  -8.819519921305295, 1.44410679903967, 16.57648033394166;
  -5.806703936019284, 1.621507664996752, 11.27921186091455;
  -5.070934808784208, -0.9794991088682089, 9.991578599729349;
  -4.676630265007018, -1.827682515841133, 9.290286629926085;
  -5.182253717589341, -0.7998865547773925, 10.18467617745377;
  -4.932208894789543, -1.292556201993307, 9.762106096830182;
  -5.005925335448121, -1.003586828380228, 9.912764577516681;
  -4.742350165060282, -2.008660470139173, 9.447146322918707;
  -5.993638244511933, 1.560557661215399, 11.71403587606853;
  -4.686746303897833, 1.762358735738837, 9.381046677536718;
  -5.969988256681877, 1.599162666056138, 11.6912616526275;
  -4.608749892864996, -1.882088229804908, 9.254755369001643;
  -4.97387717456076, -1.33209852336238, 9.940806264173904;
  -4.659000344320448, 1.746938980484457, 9.420855321307021;
  -5.018713278687187, -0.6319349632109877, 10.11705916017274;
  -7.339825938907598, 1.453941902138703, 14.3683346681541;
