m=[-2.746821129506542, -0.1387249432477311, 4.508198743758509;
  -5.014798521158798, 0.6754103978260292, 8.056146311144811;
  -4.957625818943583, 0.6508268227198654, 8.164378031654845;
  -4.744918100105949, 0.6717829461835588, 8.176838676532901;
  -4.776258804868893, 0.6151164574568966, 8.236386039588716;
  -4.672223596801657, 0.6583591651256556, 8.189079157654462;
  -4.643617698006048, 0.6260588189068838, 8.323352609420216;
  -2.221025645206173, -0.2849813610601356, 4.520511239667212;
  -4.502073636707707, 0.6789164608427418, 8.331552832470365;
  -4.218868667855026, 0.6810691040264083, 8.002035846068196;
  -3.984841281962678, 0.7036052325457674, 7.641841041220064;
  -4.507418723989768, 0.6806373420944778, 8.60459030790139;
  -4.369415142993855, 0.6647991098762645, 8.538843396545502;
  -1.902582699956496, -0.7768136039273491, 4.336472039132063;
  -4.228556399060005, 0.6694030611660979, 8.884666561197703;
  -3.952861984432001, 0.6903304871795936, 9.020620336379626;
  -2.794680848021351, -1.429445730254901, 6.876223960883244;
  -3.085938621936286, -0.3851765069755688, 7.537495463407179;
  -3.010849035363395, -1.378072922203995, 7.43707563819777;
  -2.936448780537899, -0.4576770084888935, 7.545101120908921;
  -3.215367271685826, -0.5781709327130361, 8.196329263528487;
  -2.81149714867561, -0.9727207125500404, 7.324529597134349;
  -3.806588577532745, -0.9917468681762062, 9.593710972441437;
  -2.767660064837672, -0.9610730278988462, 7.313616104171697;
  -3.771781410177775, -0.9712863526828722, 9.649039619504439;
  -2.931911572146886, -0.4474159327714952, 7.719175392014145;
  -2.808768082961478, -0.9016039317972729, 7.479699738560309;
  -2.718621207492484, -1.500916144689035, 7.280927075674269;
  -2.803322608931757, -1.007064474617655, 7.483593805003112;
  -3.756702698786429, -0.9769380706103384, 9.760769605635836;
  -3.822041667938019, -0.8812277484801449, 10.00487999156655;
  -2.740177828408482, -1.330366615694043, 7.479892917351681;
  -3.69899480670288, -0.9593471400405508, 9.771475858165182;
  -3.010039143500097, -1.243588750578142, 8.144714375016804;
  -6.469162832843006, 0.5225247964854693, 16.39397703193701;
  -2.67741616119352, -0.9340069752201516, 7.377005677482724;
  -3.974627111672262, 0.7198475086057569, 10.61199806547666;
  -2.786248084528906, -1.287903609760976, 7.770937372367218;
  -2.759839127568136, -1.205619450845323, 7.711336401722241;
  -3.179571773356285, -0.6593500962704422, 8.784473008166893;
  -2.656902535975497, -1.193425778835509, 7.523984226365704;
  -2.884623797499053, -1.093588379971561, 8.125601986269343;
  -3.12019430062188, -0.6789524901937259, 8.714111325937232;
  -3.48496280489887, -0.9551017296099557, 9.63312891722491;
  -2.657132573705165, -1.145671444855076, 7.607083403760526;
  -2.676154416541189, -1.26775835601132, 7.675117154872975;
  -3.001342725017294, -0.5979062078757959, 8.513114172707073;
  -3.378383042179109, -0.8672050430776418, 9.483083975971431;
  -2.635412795553254, -0.4014117846433225, 7.709054844600662;
  -2.626541334685152, -1.424286924983207, 7.925289982107581;
  -3.2297239328157, -0.8613617132161386, 9.516529548815164;
  -2.612111697425101, -0.4237830314285202, 7.964325705720357;
  -3.305024521490811, -0.8171045573255645, 9.83976816555424;
  -3.227113042373785, -0.969848334026541, 9.641409228986685;
  -1.907455980729385, 0.817484120151351, 6.077565674919708;
  -2.465144736668702, -1.195753680980706, 7.68629905833887;
  -2.555020282304799, -0.5751688695088566, 8.009096203336775;
  -2.40755594610984, -1.155260791573574, 7.632464788147871;
  -2.626191577105412, -0.6309360914768826, 8.26464132245691;
  -2.868870682582261, -1.800805910796532, 8.979596907460996;
  -2.509675534426232, -1.325620818195004, 7.983444041520784;
  -3.114199638974356, -0.8433809195581418, 9.744165886604593;
  -3.152513819107973, -1.030843796968725, 9.858666647810923;
  -2.600094389612349, -0.6228140625021241, 8.42460597619867;
  -2.236013011813602, 0.7122256185923961, 7.421301031808665;
  -3.1287675375941, -0.9438857674507116, 10.03944862340188;
  -3.13621990590892, -1.011799315986223, 10.09607155998244;
  -3.06734908284926, -1.116844372143146, 9.923927567397568;
  -2.752771399700384, -1.672623259165413, 9.031539941657742;
  -2.798006640736805, -1.797671097915387, 9.209723432862539;
  -3.040955374683426, -0.8753779545753371, 9.946041920933588;
  -2.407821707051725, -1.262020142062807, 8.202104679868517;
  -2.681754136324127, -1.624517474193262, 9.112923060715767;
  -2.318490595529408, -1.226144161638348, 8.059204804349015;
  -3.037240099950496, -0.8930245463031151, 10.29850921113324;
  -2.272382076146961, -1.252303656301462, 8.015654964941474;
  -4.822460469723575, 0.6396545379240755, 15.9532413527501;
  -2.245156201200514, -1.299843691242163, 8.047571483835379;
  -2.95596355490287, -1.149798249483035, 10.30478188491267;
  -2.971906555976177, -0.9724480573244392, 10.39907775387862;
  -2.873365061952275, -1.074461768008698, 10.2259127774022;
  -2.841242191539001, -1.0394221712557, 10.54100249835096;
  -2.765250383804611, -0.9240468256308748, 10.29067676456135;
  -2.753287035581136, -1.010572449725877, 10.35209275483682;
  -2.812934664472145, -1.172226292475281, 10.55853618372429;
  -2.880184856149841, -2.231298551858866, 10.9213367803155;
  -2.716883541128563, -0.9644626099376673, 10.47376498631103;
  -2.785967204735944, -1.965885209205615, 10.76152640137443;
  -2.760846989359398, -2.065591866042423, 10.72738747797402;
  -2.805214107160646, -2.067780427100162, 10.89731874670986;
  -2.732794202735118, -1.98031717467575, 10.67927963928924;
  -1.975235112025782, 0.7941628034796352, 7.95933521413656;
  -2.70006233829015, -1.917650585860907, 10.58825742145246;
  -3.780877094863506, -0.9270116886378748, 14.75871634231417;
  -3.527385409317601, 0.7042357680204219, 13.81644188297106;
  -2.256514474723203, 0.7261000316914389, 9.19613554909942;
  -1.481183428951187, 0.8928922775761392, 6.44414218972618;
  -1.842744136506418, 0.8023647998869992, 7.796288892999256;
  -1.780809453933259, 0.8164736431791988, 7.613234541437773;
  -2.635727219957129, -2.118817035054706, 10.88623596775472;
  -1.419649412334461, 0.9074301931721146, 6.388856588303693;
  -1.818637327348159, 0.8301884601197135, 8.020350264904934;
  -2.585026165350262, -2.142697790822169, 11.0699812324456;
  -2.568123913491473, -2.069818894758366, 11.02634949463289;
  -3.207516564388335, -2.271464508389438, 13.51862837205285;
  -2.917789375408157, -1.956203544793062, 12.61762592076441;
  -1.444649591872162, 0.902928944980872, 6.71552248199137;
  -2.577384102695119, -2.027056130777913, 11.37250933400223;
  -1.353101159722882, 0.9051227223933999, 6.474522085839366;
  -2.3832415696374, -1.687856359875761, 11.33923462393984;
  -2.31134481835787, -1.573468737845932, 11.18500938312526;
  -2.493159554298856, -1.437788418358773, 12.50763897765298;
  -1.531750651028163, 0.8949253308624092, 8.2201999339709;
  -1.51700459445263, 0.892409722091738, 8.482286819826157;
  -1.866440592639127, 0.7660356781688671, 10.44387288980055;
  -2.261956697254195, -1.106570572019165, 12.58755878020666;
  -2.169373830760275, -1.084661391134025, 12.5913238879248;
  -1.369866001801359, 0.8816902082243918, 8.27080931675674;
  -1.959527352656001, -1.044889564990312, 12.00516634179866;
  -1.666711610899094, 0.7992365555472711, 10.38694553149952;
  -0.8136806537155853, 0.8982459834107426, 5.628149059945901;
  -1.707414670978486, -1.711050781520369, 11.1632854128988;
  -1.682414513456597, -1.753089740049873, 11.60143459661287;
  -1.418429105278904, 0.8278178907716388, 10.18736623432582;
  -1.756802655158448, -1.981390245285363, 13.20005973400907;
  -1.641608739512031, -2.031126039733251, 12.47045862497441;
  -1.495241633444746, -1.618859381009967, 11.39357005894099;
  -1.504289330418345, -2.090899730944523, 11.64500889329703;
  -1.461568852724215, -2.087675113332415, 11.74435657677305;
  -1.489534423194744, -2.15287244796336, 11.94425851382546;
  -1.564335070762541, -2.422522342279519, 12.7512994296605;
