m=[-12.17143377312011, 0.8058953581522842, 17.17194211537592;
  -11.62502401756666, -0.6971569059849155, 16.60023085336756;
  -11.49620864299334, -0.1240751775759958, 16.49737167246704;
  -11.87501632986126, 0.03058592572818847, 17.04659887745661;
  -11.98244505822014, -0.3789846694099218, 17.2324426625615;
  -11.91969107786899, 0.1722845271861835, 17.15429783084477;
  -12.35426508618306, 1.057941915056369, 17.73818527167508;
  -12.19693339526553, 0.6444762237394335, 17.54188811086572;
  -12.17941236298567, 0.7772164092843338, 17.51921367155483;
  -11.717734946473, -0.591795886347587, 17.0117093910976;
  -10.12972473207955, 1.125548317621474, 14.98752348453407;
  -11.83664474408548, -0.540726975021576, 17.33571724764303;
  -11.75047776958451, -0.41146459630824, 17.21753935048456;
  -11.87355761867548, -0.5013522371344243, 17.40377058448603;
  -11.76495954598893, 0.2805957785451133, 17.26177080827257;
  -11.76590243202413, -1.814969223356492, 17.30915616912888;
  -11.5944673255567, -1.542516409405208, 17.0842134551052;
  -11.58290638357414, -1.619719266928746, 17.07518148583435;
  -11.5334003632081, -1.472215947758169, 17.05660360124906;
  -11.65556609447332, -1.373617175463668, 17.24450871704688;
  -11.81518014845966, -0.4612435457972884, 17.46383460535037;
  -11.74534953811799, 0.2913841188602875, 17.40079411385159;
  -11.76148903660879, 0.2126959503052955, 17.44786323288067;
  -11.62923228195032, 0.1064418151245926, 17.28287667065421;
  -11.58214003532727, -0.8716141141154828, 17.25490498888569;
  -11.43234930380838, -1.173524062054621, 17.10481723450466;
  -11.16118173878887, -1.007815228448353, 16.77284036755324;
  -11.73568087224474, -0.7011142215832775, 17.59242002760567;
  -11.8276123242699, -0.6531737776578053, 17.82538187515159;
  -13.60412014790598, -0.7152466186325401, 20.96039145134484;
  -13.61101529222662, -0.1418971493943651, 21.0027717954744;
  -8.721819265499352, -0.1126525125964956, 14.31919624804822;
  -8.965347148301593, 1.316373962986831, 14.96360063787427;
  -8.875117966038928, 1.278069281190189, 14.83038593218052;
  -13.4588858540428, -2.007708120030314, 21.97645935789446;
  -13.35684372854228, -1.700092452372549, 21.89558228607099;
  -13.02865764265832, -0.7114689329617639, 21.38900078514699;
  -8.736085770929908, 3.36717401806926, 14.87124152777458;
  -8.54149494697535, 2.786088619622137, 14.58602319339059;
  24.92156572188181, 9.488255379160005, -38.08478243049753;
  -9.924215303701736, 3.584231641005237, 17.25911820104027;
  24.16714038250801, 9.341395597755376, -37.9623097284339;
  -12.84450293161801, 1.008553347074284, 22.18780816349104;
  -12.69795082658048, -3.016799176619337, 22.10063028696157;
  -12.56438261224209, -0.3534587129726904, 22.09243477390286;
  -9.81420534987504, 3.566582212198659, 17.5748807425844;
  -9.62863119456024, 3.532870681979173, 17.46274376998829;
  -12.67631965776874, -1.245625530143133, 22.65810046346875;
  -9.989784878802093, 3.601775650244763, 18.19536950434247;
  -9.674335448139553, 3.514522328869954, 17.75061078042461;
  -9.832875718430708, 3.522680648481061, 18.23427256772801;
  -12.58334412368607, 0.9851825617471084, 23.07878193620729;
  -12.31402746976333, -0.7574062095474333, 22.71979812729857;
  -9.133132977109336, 3.548085888643731, 17.17672905157659;
  -12.34672595055933, 1.143146972095384, 22.83072603747431;
  -9.423763258377516, 3.542308997091792, 17.74391275641659;
  -12.56649035211897, -0.3935833624456068, 23.42722372104793;
  -12.65584660447151, 0.2117851713057832, 23.58868439326726;
  -12.72924737863469, 2.336035767574788, 23.81501667599822;
  -9.480728494916098, 3.574900592606617, 18.13963744232947;
  -12.41026139605214, -0.8683184850443386, 23.47197321365871;
  -12.35597398557135, 0.9722880249724843, 23.35680836090338;
  -12.43098701511067, 1.01616094864734, 23.53448967047181;
  -10.19691189936579, 3.472164765421225, 19.61816121624674;
  -12.39244471728981, -0.2232485263710363, 23.61863656194211;
  -12.82233739219083, 2.308840649329122, 24.36982592115394;
  -13.01470863656544, 2.567526834375243, 24.79939919467805;
  -12.07575867143897, -4.973540815530414, 23.25695848481627;
  -12.2185385293858, -0.3929759345526736, 23.47045168409494;
  -13.080983436408, 2.464268714844193, 25.06083885874105;
  -12.00925809281961, -5.119879691317098, 23.28516729280131;
  -12.20616641909469, 0.6109969618942228, 23.62377302183385;
  -8.864233964648166, 3.604319864890006, 17.49724157650111;
  -12.18274280814905, 2.428346212500948, 23.63254337832315;
  -8.402481749181577, 3.827085492059049, 16.72350311155385;
  -12.18738621249664, -0.5671687836742931, 23.76122957444132;
  11.925810959056, 4.41428108653358, -20.71851051230299;
  -11.62193720521053, -4.481753675743717, 22.86808520901791;
  -9.702923060640922, 3.56904966895449, 19.2580335705577;
  -12.52091401225341, 2.453033960325891, 24.54474417620412;
  -8.288965258131899, 3.749197316169081, 16.69134434216861;
  -12.5677650179853, 2.333242184179471, 24.70743449081855;
  -12.0754245362524, -0.3912082337105565, 23.88936442441211;
  -8.58956270200065, 3.640017132588582, 17.34976469514796;
  -8.76017319248661, 3.630173265305494, 17.67028914284128;
  -12.08338860495355, 1.484697333936754, 23.99601317887291;
  -12.39851638523616, 2.365223453048947, 24.63174251666026;
  -12.17438320385875, 0.6039841756008829, 24.26054138471198;
  -9.08995719177671, 3.595356752774922, 18.4224959590339;
  -8.255347619385143, 3.711795559215581, 16.90146826431738;
  -12.13628588007989, 1.577937539512377, 24.31058860677126;
  -12.26089469027853, 1.427195522941094, 24.56756412582086;
  -9.333004716243108, 3.520728804185489, 19.06161061351907;
  -12.65932674089459, -1.728162721299968, 25.49033291119465;
  -12.31627841664133, 2.984431004779361, 24.80945930590875;
  -10.47845437275538, 3.540249269168999, 21.28863604854091;
  -9.633156538676042, 3.541558488840428, 19.74427329667216;
  -10.93761969738716, 3.446250047209036, 22.33502442646646;
  -8.516780472084514, 3.711962376908049, 17.6895737137926;
  -11.95753378959982, 1.501463699909611, 24.40312227554121;
  -9.386530651302552, 3.453277702591494, 19.4209946476856;
  -11.90677072718842, 1.554994366697596, 24.36489061157745;
  -11.96698483645116, 1.133683978511395, 24.61378121088016;
  -11.88419487821603, -0.5839902274913739, 24.54179444074635;
  -9.623887645313126, 3.535800303145647, 20.11909790779123;
  -11.95775678096624, 0.7352352114082527, 24.76993122900109;
  -10.47678931866704, 3.498904512958207, 21.94130206031122;
  -8.83298041994362, 3.599596085133663, 18.7526314763208;
  -9.666374097897675, 3.466503971245545, 20.44026640652244;
  -11.86565776676238, -0.4179894630375272, 24.90842676712007;
  -8.145031536455791, 3.735634142366571, 17.46857606818482;
  -11.83511686922719, 1.559679233468427, 24.9175836141028;
  -8.275573197202238, 3.719137338460429, 17.91343762321721;
  -11.83450156163174, 1.674779074205545, 25.12669321665319;
  -11.86198008547533, -2.842486349042349, 25.26570225785587;
  -11.77727655821719, 0.9798104368873176, 25.08253938022366;
  -8.774845479753369, 3.519116026247809, 19.00088227288324;
  -21.95296999663711, -8.721346374552153, 45.67744051266359;
  -12.05729137253499, -1.974002829613984, 25.71891971075484;
  -11.68924076909137, 1.547463450364898, 25.04461505499367;
  -11.48840510489835, 1.094429800931946, 24.70665447682238;
  -12.09378600113028, -2.316187498928426, 26.0234885871304;
  -12.12178274038437, -2.16907866943183, 26.1169615782711;
  -11.66152413021674, -0.4268138940554486, 25.15327959555285;
  -8.635519640593282, 3.502079750778149, 18.98686610026202;
  -11.54151613084844, 1.643561149816797, 24.96197463813045;
  -9.767857902175789, 3.663870742472747, 21.36796640457997;
  -22.14298303689381, -9.873748004587853, 46.90545824957594;
  -7.830394272615171, 3.749223923274953, 17.40432797696965;
  -11.68309062091771, 0.5816640705441122, 25.47561723919578;
  -11.58174208516119, 0.9371038355807181, 25.27325356670418;
  -11.49908917125472, -0.8046515659898997, 25.27868989207698;
