m=[-4.579566971900911, -0.4394752054190591, 6.505126424218984;
  -4.395509138757238, -1.044248472469154, 6.317544287092405;
  -4.580255696803047, -1.277315691635923, 6.547789940259952;
  -4.506013597976705, -1.391107200575179, 6.518465562390734;
  -4.379804427238586, -1.096179045928067, 6.397763352648632;
  -4.242528585927788, -0.8424352753743433, 6.25913519611506;
  -4.354943510634444, -1.085471367105688, 6.430228522328082;
  -4.368403418012686, -1.054058920940156, 6.491081119090845;
  -4.380923579094142, -1.121487148255216, 6.539823822812107;
  -4.412519781701305, -1.24513325632991, 6.642189783355145;
  -4.389321503487204, -1.142067735085409, 6.641099708752257;
  -6.617070578956431, 1.462819872463388, 9.521319012287917;
  -4.427220751574842, -1.187021788812362, 6.737376026156184;
  -5.410470531010399, 1.523949155089286, 8.008016796223425;
  -4.78789637843464, 1.559159756133731, 7.210147615464739;
  -4.169605319191728, -0.6528315822204747, 6.414072208198802;
  -5.380680064723974, 1.546838067594127, 7.995449767107705;
  -4.40504006170155, -1.144561199183701, 6.791540757542581;
  -4.859934114349889, 1.556673188632556, 7.406360985325563;
  -4.308670490007246, -0.8282936571553193, 6.701053044883608;
  -5.568334366051801, 1.520287217401437, 8.407066703985594;
  -4.316305780502603, -0.8916919269389056, 6.7710065489117;
  -7.560708228052307, 1.417465813746014, 11.33303026962531;
  -5.295747890745476, 1.544759871906211, 8.234981632181842;
  -6.392141093950926, 1.442935203576589, 9.748390973497051;
  -5.55780154305548, 1.506222513717213, 8.60592931260341;
  -6.786226993444119, 1.41199031482314, 10.34287526986498;
  -4.00542603104541, -0.6803495400896563, 6.516634787887084;
  -7.717232856760394, 1.415911687633372, 11.63481693678629;
  -7.820798743239314, 1.389258678608119, 11.79122502988928;
  -6.255784040087089, 1.442532514704981, 9.628533361222209;
  -4.095682141082688, -0.4830635368704525, 6.710925689004581;
  -5.118941723284427, 1.535506015967227, 8.13533928746441;
  -5.568931063148905, 1.51107461284977, 8.850809400686304;
  -4.092755824742221, -0.4412729372184861, 6.787561222742422;
  -5.184582699412335, -1.343553555392142, 8.34998189515485;
  -7.073180324497323, 1.370080013118719, 11.02368843730983;
  -4.130291143140435, -0.4928251290154633, 6.851888290234544;
  -5.012906729111635, 1.566888946540912, 8.112030024737289;
  -6.035567876884224, 1.472411068072216, 9.614420860753548;
  -6.923159810998747, 1.424031891964286, 10.96581434678818;
  -5.048679090330232, 1.548749668470441, 8.291724749068603;
  -8.72587094772172, 1.28431882388236, 13.68255840393567;
  -7.07674061223238, 1.401063330008755, 11.32397278296529;
  -7.899741270622529, 1.415140692761041, 12.54000670168789;
  -8.648578606019203, 1.35911377657517, 13.70716127021184;
  -5.920938849885132, 1.470167205658893, 9.745063205135548;
  -4.874081432527552, 1.552199390581039, 8.199389709620588;
  -5.768977962740355, 1.481636610462109, 9.534905476481827;
  -4.851109980487767, 1.565208978184246, 8.205925434750659;
  -6.848835483639345, 1.416152683217567, 11.18865151136071;
  -4.680200564352339, 1.554591751483046, 7.978594031443921;
  -9.026304278492876, 1.287195272269922, 14.49412632671535;
  -7.073724330497413, 1.416251241745298, 11.58187562726434;
  -8.145296143535846, 1.359833638198658, 13.22453342035618;
  -6.799090278508011, 1.422713229667551, 11.2030213612202;
  -4.100911946308161, -1.533669510996864, 7.183619197279718;
  -5.925567088528186, 1.427010883210839, 9.981484813249788;
  -4.460546049405381, 1.590293067774819, 7.763849293535255;
  -4.562220875436339, 1.559007822041439, 7.921208936624956;
  -4.350261919008436, 1.595081918890846, 7.62456341103957;
  -4.870567268646362, -1.374531453463429, 8.442025897615176;
  -4.219374457039702, 1.581347662018824, 7.449112978714829;
  -6.166898194747605, 1.44127444198772, 10.44161632535439;
  -4.045064365608474, -1.591767589286694, 7.212985490246459;
  -4.749031190532745, -1.309417350162365, 8.350764206824856;
  -6.888468321678106, 1.431111378854611, 11.67078255236071;
  -8.280601660796938, 1.362921748099793, 13.88691103432238;
  -4.263660478713132, 1.588070866532132, 7.627996197958671;
  -5.230899602148069, 1.533774554340394, 9.165336926012403;
  -5.645144559670228, 1.483488900284567, 9.825823682095605;
  -4.620595691296281, -1.353067227846164, 8.245250608465469;
  -6.269197690792746, 1.449851306995708, 10.82405014145057;
  -4.580777450992722, -0.9698113155099775, 8.197850261683072;
  -5.866633659520061, 1.488785401109896, 10.23581717213007;
  -6.951974638228909, 1.413108804234536, 12.04773122596221;
  -4.612896996571854, -1.112699862254057, 8.335555473616168;
  -4.523602793015733, -0.9082098238441444, 8.193851634051738;
  -4.615509215353664, -1.079237319718405, 8.350471086188959;
  -10.07026229161495, 1.245053424376503, 17.05845386271298;
  -4.540294175520006, -1.025461902294356, 8.27598486919252;
  -6.148370658131945, 1.454324744215475, 10.86535721317668;
  -5.784510938442399, 1.4805697339614, 10.3209499196575;
  -4.250367301223274, 1.592346669244132, 7.844856823234841;
  -4.493401750946897, -0.7873129612327813, 8.250691963104419;
  -5.370704390517458, 1.513521277958319, 9.657928294040396;
  -5.12837963088506, -1.64062069677418, 9.300980445644383;
  -4.451855283309138, -0.8294912920025765, 8.23827230906943;
  -4.790591114792853, -1.999464351400728, 8.796071274486037;
  -4.242944819087469, 1.594278610771108, 7.902056960473069;
  -5.511176301978067, 1.485699082830358, 9.975607411861823;
  -10.06955241739791, 1.210056422163691, 17.45983046463854;
  -4.969062920654949, -1.963684061980522, 9.156542162328943;
  -5.856400305230765, 1.482445341628774, 10.59915245552392;
  -4.430293142194075, -0.8601157558152094, 8.3010658807573;
  -6.006888931183079, 1.475932498808503, 10.91152143664514;
  -5.5584937938986, 1.526606003243002, 10.18370870049966;
  -4.688779271857626, 1.525689788500644, 8.754515675687129;
  -4.564464813694422, -1.109847041178159, 8.56994437871537;
  -4.47708648214112, -0.9245560627071097, 8.434688938807462;
  -4.40312072151176, 1.570411335291965, 8.321676658895456;
  -4.497972177778511, 1.560747032868578, 8.507363190752205;
  -4.878615632188415, 1.526592642921616, 9.159845949127007;
  -4.700304258358127, 1.533563596001659, 8.901324366491675;
  -5.618704862228244, 1.478218181213888, 10.48296101717189;
  -4.48964043538191, -1.027340774857454, 8.586257272761813;
  -4.481563881539152, -1.130721784482607, 8.576415834214714;
  -4.469835932640024, -0.7163521990699867, 8.56472063171781;
  -4.445856144274284, 1.567283029436193, 8.57057699315676;
  -9.516038027114565, 1.239762493945286, 17.27380193392389;
  -5.14935472694347, -1.748204175489305, 9.814988788389593;
  -4.888010871531802, -1.90850735900489, 9.367298029304944;
  -9.600838611520112, 1.141926065646899, 17.43320097842761;
  -5.244196033373936, -1.720677810903456, 9.981003725785216;
  -4.472867803986158, -1.085008214352534, 8.655562386118163;
  -4.967483003858058, 1.540069219765684, 9.528288008852169;
  -5.50354617164484, 1.481860245807856, 10.47392958745135;
  -4.414475979800335, 1.578386691637295, 8.597523546710647;
  -4.798244165689405, -1.356046727782123, 9.27876392820661;
  -9.816046837893412, 0.4027336613798612, 17.94604087563987;
  -5.867717311266195, 1.496066488231691, 11.12073228609902;
  -4.457720567824612, -1.007489866948752, 8.699648400399132;
  -4.908964027546741, -2.015163693470409, 9.488368269343955;
  -7.758238949433046, 1.389082451697682, 14.42868989295767;
  -4.338125342594737, -0.9096004407391947, 8.541310485443381;
  -4.390271031633896, -0.7606513758597524, 8.63651588880172;
  -4.280000276002386, 1.592466307557509, 8.453861947770626;
  -4.410375051606588, -0.6555102826646635, 8.693671155355366;
  -4.44689666952477, 1.550728491219393, 8.774969492875085;
  -4.992776258659996, 1.54608738607296, 9.736023121362461;
  -4.902430796024369, -2.061048793541036, 9.632141208960224;
  -5.166470255565515, 1.475374872691141, 10.11799111151241;
