m=[-28.0341628709829, -0.134546393310336, 36.48140788626552;
  -6.132127514813102, -1.761476140021052, 8.776540100505811;
  -6.052241941926134, -1.510953929759188, 8.727242412567255;
  -5.768487768132242, -1.970489635049092, 8.809169899823955;
  -5.263477652111504, 1.768211637394341, 8.169053561565404;
  -7.25164104372717, 1.65821059050901, 10.91164831562249;
  -9.888684478912333, -0.3026935275890901, 14.5302232370467;
  -5.301887118852092, 1.769462812466867, 8.312298967902168;
  -5.886046038195897, 1.749792970059524, 9.125904584566012;
  -5.8257373866322, 1.787275475425319, 9.051790280344262;
  -9.828325240014577, 1.1163472661846, 14.61847689149527;
  -7.031339179244263, 1.636070260481157, 10.8986775639849;
  -6.866929093798071, 1.727260699116889, 10.73601978652471;
  -7.934250227650018, 1.621980346728633, 12.2798689446794;
  -5.556685155927094, 1.800714268874383, 8.909977423327558;
  -6.639557477133952, 1.750695179820591, 10.46300926056413;
  -11.73916198680198, -1.017078620740429, 17.76506334161634;
  -7.764607434968073, 1.60875541433075, 12.13992561780109;
  -6.85930131068765, 1.655096003900959, 10.88382867737509;
  -5.555202589271557, 1.799011439697843, 9.033558443097421;
  -5.063832953130608, 1.818983713759631, 8.342227507254629;
  -5.587904088431285, 1.791206199071542, 9.155283739331498;
  -5.087234631344951, 1.768209263604832, 8.442981120289153;
  -5.87658935071236, 1.754677580562549, 9.617293643748228;
  -5.44116281996975, 1.805113943952857, 8.993096722835524;
  -6.796733030772783, 1.673957643280716, 11.05341706332047;
  -6.095701064478886, 1.743309999177928, 10.05687497081369;
  -6.405549894578642, 1.768577292656959, 10.52747625276839;
  -5.645550228952341, 1.794112686557813, 9.414462703587157;
  -5.986523482452427, 1.759325651926855, 9.93140565431063;
  -5.198870538388732, -1.92722141603033, 8.738225083111722;
  -6.298548598826696, 1.729595919551618, 10.43925875025572;
  -8.370215193057344, 1.562830696353576, 13.55139484501502;
  -4.792983625665984, 1.816254172266382, 8.183142258665733;
  -6.421670076716831, 1.712391547736984, 10.65661807783877;
  -7.855372105829279, 1.591223421706915, 12.83146632271255;
  -5.491048604699617, 1.808575170908526, 9.276193314327689;
  -30.81791418899909, -0.342320231785918, 47.46762494264674;
  -5.129106152584804, -1.944240183611842, 8.738520814123808;
  -6.027315604743655, -1.504482049608012, 10.1368298019856;
  -4.782633606631917, 1.830892408205279, 8.277604934808336;
  -5.683142865944032, 1.779318092868082, 9.665934539745225;
  -6.218833739955143, 1.731366387692898, 10.49430742796246;
  -7.625292923770127, 1.603515942493217, 12.67909798280336;
  -6.780439863058186, 1.658809997724734, 11.4189955811423;
  -5.775616509417995, 1.742566613181686, 9.880684681903839;
  -5.799090005417557, -1.90344626527504, 9.910342357741433;
  -4.940189809711601, 1.826572187778643, 8.656383211514331;
  -7.690493549435868, 1.554314220452268, 12.91723861308647;
  -5.486088610002738, -1.643223381069646, 9.486736426218201;
  -4.914012669086433, 1.865815711112419, 8.654598876560719;
  -5.432356787111224, -1.722513113106869, 9.441490178155675;
  -5.830540728233813, 1.783222455139074, 10.10471175729741;
  -6.697359105278204, 1.651952012714355, 11.4953381111997;
  -4.975264103483885, 1.811170248497456, 8.806336177143095;
  -10.51944814641031, 1.458135965393445, 17.52245785263571;
  -4.886257119093604, 1.818552211149218, 8.690689269938298;
  -7.632346773788441, 1.598610996360562, 13.02079215298423;
  -6.435019131351075, 1.718235474780858, 11.15145861694793;
  -5.4157298980025, -1.698600235331889, 9.527899489310343;
  -6.750101774146373, 1.617951341137353, 11.65943015587551;
  -4.811575127140512, 1.814244965993706, 8.641732925957136;
  -4.70763250522654, 1.840919595926538, 8.523041221146423;
  -6.494735257703804, 1.678726543043258, 11.4408783701468;
  -7.256161742035452, 1.59701155625961, 12.6780511859558;
  -6.667705309729835, 1.608576845989273, 11.78083748619219;
  -5.293474660992427, -1.634945496859292, 9.546196176391128;
  -4.824360663010921, 1.852541043012217, 8.823191039902001;
  -5.220539432951656, -1.487750985868288, 9.454995829550544;
  -6.55019178987384, 1.65777172176904, 11.65460664330325;
  -4.914676800061746, 1.840802415622009, 9.006452978755434;
  -10.54067282873364, 1.505210019173823, 18.16282202040682;
  -4.90633603307356, -1.822393604721575, 8.973344310236733;
  -5.028274207058559, 1.818053801428754, 9.207916883683248;
  -4.871645395265585, -1.718667429796881, 8.936292827018175;
  -6.369955693648286, 1.669743037005116, 11.43005273213289;
  -5.656694507894727, 1.766797497171351, 10.28617793920418;
  -5.345691596899255, 1.794075857373795, 9.851783078740525;
  -9.214004276647415, 1.425041290874954, 16.3057384337085;
  -4.81143973311861, -1.86703724509394, 8.9721061465227;
  -4.703214680450406, 1.843666108001057, 8.819620572351752;
  -7.046917669666517, 1.575575524389839, 12.72170634727469;
  -5.866530640087026, 1.730858597956905, 10.82160422113815;
  -4.869278457361303, 1.849334218192565, 9.177224412506948;
  -4.665851675257002, 1.846572497457401, 8.833592156381778;
  -5.680029909765153, 1.745180634213492, 10.55941079309826;
  -6.506135238921773, 1.658605005447793, 11.99016310936993;
  -6.752676730529048, 1.656464797398082, 12.41208400743277;
  -6.373153419189674, 1.686077689031509, 11.77054088873413;
  -5.450751746854385, 1.797299149492156, 10.22122775884462;
  -5.26301894850416, 1.828338158592884, 9.909897031093149;
  -5.868532732831544, 1.71370877456719, 10.96220467165145;
  -7.088715025107659, 1.58806240917157, 13.07684230475687;
  -6.538808703325868, 1.644259094633126, 12.18186135378425;
  -5.474272058081663, 1.823399205900747, 10.39256896827275;
  -5.818149119402647, 1.744804813337329, 10.9786434240905;
  -6.386295396323399, 1.647889459327429, 12.03004140634139;
  -4.370654943049416, 1.864611714670554, 8.566006481776563;
  -5.666663757503176, 1.747883123004565, 10.83667284904746;
  -5.966605866665179, 1.721881486140277, 11.38378585147224;
  -5.266885099688329, -1.705663526890365, 10.1898791874933;
  -5.340983460739281, -1.819485571192125, 10.34972779237086;
  -4.701249920323195, 1.86416847823548, 9.260812070587374;
  -6.140172570833814, 1.69586228247381, 11.80212109384403;
  -4.198624908733343, 1.869868183482016, 8.388158169969485;
  -6.772773709463914, 1.617042979606215, 12.9275683047932;
  -5.993587587707447, 1.713141979174247, 11.62497575805648;
  -6.450801692588772, 1.633838683491125, 12.43766587095665;
  -9.742548208052446, 1.494832715033361, 18.34487058496229;
  -7.499026781356272, 1.5320617975892, 14.39481215514905;
  -5.275563238845745, 1.793023910523663, 10.45565853751797;
  -5.455235445243514, -1.008501395912062, 10.76391596082575;
  -5.381879493951353, 1.775244184945556, 10.65092341790969;
  -4.498409957756074, 1.870744283257382, 9.071880270873814;
  -5.438799484810144, -1.762735334956338, 10.76351124489102;
  -10.26705956872914, -0.6113537499360792, 19.49292180270886;
  -5.402295541769458, -1.177494178648624, 10.79258500387177;
  -5.42332260390415, -1.305404846112522, 10.82920206127646;
  -5.360163770921625, -1.206059943774999, 10.74079277473628;
  -10.42988641924431, -0.687849149927553, 19.99044162750312;
  -5.33787030720804, -0.9810133755557886, 10.71240627623273;
  -5.235814795831508, -1.852312918786958, 10.5864344779722;
  -4.194379870016828, 1.879637912896748, 8.703889246886927;
  -6.141428553777089, 1.678310761915513, 12.31846567336632;
  -5.349712815161957, -0.9739192324411395, 10.85513410759526;
  -5.087532142014236, 1.832907777807636, 10.39013509086295;
  -5.333441047846921, -1.262868147142755, 10.82580287892682;
  -7.172070865840578, 1.578219064493416, 14.25138165460091;
  -5.818351210147096, 1.710937015228133, 11.77933780435016;
  -5.316773461526596, -1.035221565800288, 10.8365228029879;
  -5.858316982368543, 1.696849597011573, 11.88391096106523;
  -8.841725805680088, 1.496614512976949, 17.45053408160364;
  -4.494548600892658, 1.78614410619947, 9.386088687279598;
