m=[-3.321765289545784, 0.7994440026413517, 5.050972297900246;
  -3.325206055382797, 0.7672058865548531, 5.065205445347855;
  -3.309516637708299, 0.7924665732324041, 5.091213949017561;
  -5.409681191757058, -0.2644891242242383, 7.78369489350406;
  -5.213483423947034, 0.7029714933497071, 7.702757947562734;
  -4.417536013268157, 0.6832200223973592, 7.32303049479569;
  -4.407866264159747, 0.7289194379677401, 7.443555864524899;
  -2.22682195445502, -0.5883527574651023, 4.321732357052761;
  -17.70307314640462, -0.3737967511680749, 28.49598336973929;
  -4.591617379257201, 0.7224642704896271, 8.126713563687817;
  -3.708181111581824, 0.7445574026610313, 6.78684522257364;
  -3.074704922664401, 0.8027982980468528, 6.122305122676295;
  -2.374080056642854, -0.8075787163840624, 5.022930979218786;
  -3.469209951520494, 0.7749961081326556, 6.930715503398827;
  -2.311415403684452, -0.7902130291834028, 4.991335000582462;
  -4.477753332744297, 0.7283631667165162, 9.009362868318044;
  -4.536455861299616, 0.6991660627533234, 9.202033717795572;
  -2.217138874448124, -0.7283935973476844, 5.052555207394302;
  -2.194454501199088, -0.7182355090760744, 5.050488942837054;
  -2.229941198115277, -0.8102363753617992, 5.11942742076405;
  -3.38596832271624, 0.7552247382819839, 7.255001285352695;
  -2.234687562871816, -0.8401016906805112, 5.18228373626329;
  -3.20951894173353, 0.7814198907421152, 7.05605288861359;
  -5.243165271304952, 0.6689656619110235, 10.97324394466368;
  -5.017293257040687, 0.6314864021000942, 10.97811495206321;
  -2.260532298393304, -1.049848057184177, 5.576407986333307;
  -4.014775078106839, 0.7374391975696747, 9.163461662089965;
  -14.74537008382961, 0.6770152170196999, 31.16808250446712;
  -2.163824433309376, -0.341604404733905, 5.454716800427189;
  -3.001823822201931, 0.7986490242888634, 7.193527518199978;
  -2.140982316719382, -0.364186315633275, 5.483853542228598;
  14.88483309040444, 0.6932663516660791, -30.93872588662556;
  -4.50486747570837, 0.7065119561992775, 10.74320175957179;
  -4.704815487394265, 0.69468379595553, 11.26720251697062;
  -2.223841133058943, -1.052232371570445, 5.905615017339126;
  -4.679726244595502, 0.664395424553809, 11.33231173248484;
  -2.268630283605607, -1.109828727876946, 6.034534307376939;
  -4.133397481347561, 0.715598119000679, 10.2555625745538;
  -2.361710102982237, -0.4576113864385193, 6.36955185523481;
  -2.386582046787174, -0.5956439088599866, 6.484774158104774;
  -2.36838443174301, -0.4810604457656577, 6.464778980787187;
  -2.745815915821646, -0.8448387493293158, 7.401251368036714;
  -2.552671491909944, -0.9955501008914744, 7.040128669319676;
  -2.477901221182215, -0.6447159580353667, 6.899717298809361;
  -2.589342686527269, -0.7498602595412293, 7.175420891814133;
  -4.46000246903744, 0.6956023611203974, 11.6478646064862;
  -2.453075742246015, -0.8281467187106019, 6.912022639026886;
  -2.614550482991628, -0.2169726433863289, 7.294253047776769;
  -2.454123026245233, -0.7636525077159985, 6.982240775032282;
  -2.43770945198381, -0.6913500380115982, 7.004073975433264;
  -2.472580328432252, -0.7484402627491946, 7.092767775552142;
  -2.409225544504171, -0.2935494453103225, 6.96393833468629;
  -2.408703070063117, -0.6564384292039981, 6.969399910673777;
  -2.316834354453189, -1.406478502999802, 6.859662631033754;
  -2.407507636049118, -0.7231976265020844, 7.10059795112524;
  -3.979839043140574, 0.731357244264211, 11.14198289973281;
  -2.321559433242407, -0.2511196147647652, 6.940177359146194;
  -2.47761027795892, -1.305413254439973, 7.384257161419662;
  -2.224422118508476, -0.6897973070388019, 7.015287734246131;
  -2.212691338131985, -0.2616426852047223, 7.000980855448372;
  -2.293253191049859, -0.6477153049685811, 7.305331294839333;
  -2.961052247355429, -1.521873186550135, 9.42259134138744;
  -2.970362663240689, -1.464382975738626, 9.624768056237523;
  -2.988365194105025, -1.624722250682748, 9.727614988986268;
  -3.021318952590474, -1.542786651216743, 9.805271230331844;
  -3.228196736036898, -1.438912146951081, 10.48913739021958;
  -3.850616343602581, -0.9538789576168145, 12.41213013294288;
  -3.144149201040965, -1.527276925792814, 10.43808586846482;
  -3.056902664380959, -1.42480763950032, 10.20684940184381;
  -3.095483500450816, -1.386294983556625, 10.33417332336204;
  -2.989856757700505, -1.612716637494982, 10.04324082371745;
  -5.154791678926024, 0.5835635108166858, 16.6611498913885;
  -3.234990367531517, -0.5655734206168629, 10.92182110100048;
  -3.166014233747509, -1.983625277174214, 10.73276107361758;
  -3.128581209037701, -1.873764187016325, 10.67750694682519;
  -3.319955058550423, -2.052996545652417, 11.28816913664;
  -2.853802816587916, -1.682102508287617, 10.04217306346879;
  -2.940835491147411, -1.372474035993273, 10.37947376062629;
  -3.511478023413926, -0.9964615318259036, 12.2154686064581;
  -3.786500725716833, -1.001491202484667, 13.15739643072523;
  -3.044025596608136, -2.21733144082149, 10.80572054566062;
  -3.092253879009674, -2.356018532170807, 10.97518359877137;
  -3.30475796844283, -0.5960396531890793, 11.65401717445991;
  -2.966020046968213, -1.930643934374051, 10.73417008921508;
  -3.25477388404001, -0.7301335971139064, 11.70839504610245;
  -2.83657901733444, -1.227380968594855, 10.35483957975091;
  -2.696024090458077, -1.64949110627829, 9.909638334049134;
  -3.087812869504052, -2.263792674284467, 11.26864430190437;
  -2.991350504827093, -1.561179947271171, 10.90701880705673;
  -2.773693908784301, -1.594318769825028, 10.22488645341766;
  -3.12999324821448, -2.158811851472144, 11.42583777058925;
  -3.218493077183643, -2.215576183500541, 11.81361683993097;
  -2.616229014470771, -1.529780728098444, 9.860453732673921;
  -3.176697987243188, -0.6305467677782097, 11.7348399480476;
  -3.366986972585902, -2.251092357546421, 12.58469080156021;
  -2.779820357018903, -1.444511543865254, 10.7051847641106;
  -5.127998392688512, 0.7083941670819939, 18.92484966665048;
  -3.3488841825103, -0.8601522172798757, 12.72733868934899;
  -2.67018155591611, -1.240148803934276, 10.38548801774778;
  -2.907214007269176, -2.279497681283401, 11.29097716104587;
  -2.864475698411145, -1.284589932887287, 11.13970658754088;
  -3.349149712155217, -0.9535630382479714, 12.94069452659338;
  -2.791086053432647, -0.4667529658277039, 10.96535918606691;
  -1.50055872106954, 1.000177839306145, 6.40941835849948;
  -3.117692624364119, -2.238914329487892, 12.33335492265418;
  -3.018086170660448, -2.219521996883328, 11.98592866464459;
  -3.096472538272518, -0.712383049880992, 12.25543418861566;
  -3.192151013061741, -0.9361233793904477, 12.66236062540165;
  -5.256987127506995, 0.6463283576627836, 20.31818822631349;
  -3.311772148735572, -1.046211251427129, 13.27076083472628;
  -2.917072829151379, -1.697849677547702, 11.86128368659244;
  -2.816812529701886, -2.294785104012368, 11.52751367746189;
  -2.951545250211807, -2.322293222191322, 12.06441628674919;
  -3.372873206016219, -1.135420606502965, 13.7075539776699;
  -2.589510452431511, -1.416021162152336, 10.77038826329052;
  -2.485326913124964, -1.30693987517396, 10.61510422687493;
  -3.222357425014859, -1.007027063165537, 13.46384146239545;
  -1.503137853665754, 0.9996167178960149, 6.81229302789351;
  -1.583096146550527, 0.9792454580143787, 7.169533689472527;
  -2.866092724441387, -2.577215341531559, 12.39858139012223;
  -2.895833783673952, -2.676123696608344, 12.52944188630486;
  -2.946987999400751, -2.49891189603486, 12.73622502771283;
  -2.37976131939263, -1.180973979136036, 10.54064923452395;
  -2.40248326510017, -1.146476681448281, 10.7595793117266;
  -2.401934500303502, -1.211052471509732, 10.87004744882375;
  -2.837337379270755, -2.61938277680899, 12.77570082869571;
  -2.830447971751324, -1.14316163624559, 12.77234176213298;
  -2.994986448894134, -2.225104388694339, 13.52215969968748;
  -3.059816389447988, -0.7863977258619301, 13.76109719380588;
  -2.849495866065842, -0.9400492259154534, 13.11013420770812;
  -3.982184790624368, 0.7031493449374269, 18.26511475956203;
