m=[-4.822830191946162, -1.066922222963237, 7.537261001482672;
  -5.094239795214177, 1.603147390738686, 7.942854677882206;
  -4.62281480301569, -0.9722195182192335, 7.322606625765628;
  -4.618605273866591, -1.092799721456805, 7.37828429382015;
  -6.580229400767195, -0.3115716795083555, 10.09163686286549;
  -6.560363504889957, -0.2540781525522234, 10.06500083482771;
  -4.663083085342091, -1.172992590419894, 7.446334431648344;
  -5.203489206389039, 1.590838159667314, 8.193286648518646;
  -4.57390168001558, -0.937567950539696, 7.33834376887477;
  -4.654709141211709, -1.073793685728707, 7.458213825992556;
  -4.651172108285138, -1.039012319382183, 7.463848526499438;
  -4.526485567059821, -0.975765595571646, 7.310181377727901;
  -5.665358703482829, 1.557234748917299, 8.932517904537235;
  -5.08798322412559, 1.620243454680844, 8.142769972440002;
  -6.831067067831532, -0.3490557056193538, 10.61900389618126;
  -5.099372850054204, -1.589994332610586, 8.189703278946011;
  -4.511854497793731, -0.9151458789441322, 7.402896125813465;
  -6.131739760163132, 1.492975187752222, 9.688890895780714;
  -5.068070105272271, 1.591642330637125, 8.185971697620817;
  -8.06202885792394, 1.399386015751028, 12.44798144388112;
  -5.264604837609024, 1.586622726496697, 8.474958203466674;
  -5.096245347773776, 1.571948378908767, 8.247517629380935;
  -6.733456641170545, -0.368472459400599, 10.62366967600004;
  -4.861600088561989, -1.451664121668262, 7.96601622787349;
  -4.443316760803735, -0.8123043832285876, 7.380272641285432;
  -6.89269321568484, -0.293417080877065, 10.96306784724939;
  -4.371674632047427, -0.9099543400917523, 7.318128138980493;
  -8.21437039571914, 1.440819411797483, 12.88111860944751;
  -4.448139708384863, -0.8685999026244623, 7.44449495117503;
  -4.578141530542551, -1.064853199205413, 7.651318352901784;
  -5.755478110068201, 1.545527944836393, 9.354095346331052;
  -6.960091456339987, 1.499399227911017, 11.15123444442769;
  -4.409982599700062, -0.8226263460348824, 7.438634070176543;
  -6.3016603858932, 1.49697205136709, 10.20960897919915;
  -5.233546980076961, 1.568364795555944, 8.649792735119387;
  -4.456313210778347, -0.9054997869751733, 7.535173551386246;
  -5.044287103497456, -1.628209948688446, 8.467333986680483;
  -5.782694767636038, 1.538012104273772, 9.56076429258864;
  -5.454252650419068, 1.574617569054247, 9.093969288598089;
  -4.401434510262529, -0.8396219231463181, 7.541105059222254;
  -4.389691081832842, -0.8683064210610277, 7.524230358150867;
  -4.416005062548003, 1.619392047600707, 7.591798800229435;
  -6.385735616728389, -0.2262531253401262, 10.5673695612704;
  -4.467935387218937, -0.9681664358449356, 7.705583839566718;
  -4.35304651251875, -0.8449883887315205, 7.536876754603282;
  -4.921670804655921, -1.379022999675542, 8.412443572914892;
  -10.17599315349486, 1.370537929904457, 16.347474252429;
  -4.537515103539469, 1.596812419316569, 7.836157475776336;
  -4.364743296041959, -0.6727267746271137, 7.583991722636008;
  -4.408764509621443, -0.9422534520419846, 7.673819065843588;
  -4.457873471446565, 1.658967509645557, 7.746978503740722;
  -4.369028104268169, -0.8656412729276131, 7.655885783714648;
  -4.368255394272963, -0.7073045664738461, 7.660378531886777;
  -9.939322861756118, 1.304813665723986, 16.36839733082927;
  -4.650497623583843, -1.130464428450592, 8.209128541933655;
  -5.391166282470363, -1.586276857038482, 9.361551128568877;
  -4.28793999665462, -0.6585155872899433, 7.663786116113297;
  -5.45535870512269, 1.545247306723202, 9.477475882460663;
  -5.379316953255748, 1.558872765579722, 9.428225400121043;
  -5.787534220211609, 1.548804877754244, 10.06958821094405;
  -6.871863337308245, 1.49079074489786, 11.8034671417064;
  -4.710371253105453, -1.256770343266292, 8.436570704449709;
  -4.390228379043621, 1.636397004830891, 7.936262003593183;
  -4.714549608296084, -1.161175689455353, 8.461872256591089;
  -4.274359014199134, 1.626121906592914, 7.820652963585728;
  -4.698753879550456, -1.600837655960706, 8.545400298710833;
  -5.241785785846129, 1.569901520671836, 9.416809809010729;
  -4.637560566463621, -1.088289188537056, 8.487223248537768;
  -7.533274909496631, 1.444903320556302, 13.14773960694268;
  -9.582700679661754, 1.356713595295696, 16.51370917052219;
  -7.913733937843792, 1.458411958810327, 13.81716865565366;
  -9.675703137095169, 1.246097516957717, 16.68519849894586;
  -4.778876422006892, -1.827840974927329, 8.770152071051781;
  -4.600610790870587, -1.568954941605934, 8.498217235081533;
  -5.155022608218047, -0.4191692577736855, 9.444609976500079;
  -4.701761086267845, -1.511254979298889, 8.724073655532395;
  -9.436044899750838, 1.329625287313039, 16.53870304326568;
  -4.910810086451118, -0.4011046535093373, 9.121003362395625;
  -4.778817341892831, -1.863779896064288, 8.917633316455865;
  -4.096885422939045, 1.644621907933505, 7.776904469199717;
  -5.274559130965382, 1.58828825566156, 9.792410278684297;
  -4.878429927560843, -1.67091323720136, 9.220199832137094;
  -9.52313667699001, 1.283922167590427, 17.06954139319566;
  -7.264547035929945, 1.474462938485759, 13.27517208023921;
  -7.870736228008719, 1.416067708066249, 14.3390696580984;
  -4.060224123706396, 1.641678823594197, 7.896858829582432;
  -4.49212204984213, -0.5818157170204179, 8.654321760238528;
  -4.177023951072708, 1.64493292515719, 8.11895285117223;
  -4.460946574335511, -0.5091960116523999, 8.668883148706504;
  -4.749447198570208, -0.2631572548467073, 9.21834610687479;
  -4.513786238547271, 1.596335627867989, 8.805578059778986;
  -4.179574914399028, 1.629876493231434, 8.237163580244161;
  -4.829054171519923, -0.2324021387097974, 9.383651520330735;
  -4.511512148953171, -0.676242130852096, 8.837649007402051;
  -9.068600730852792, 1.36755255684553, 16.78238345317957;
  -4.311205186833617, -0.3776526745274461, 8.530687142206013;
  -5.126662386418984, 1.601425071709598, 9.946029674781613;
  -8.580808999658654, 1.377235526358575, 15.99700766284678;
  -4.482019585750744, -0.3439286346708415, 8.847362999462703;
  -4.390641439487934, -0.4537450165749694, 8.687736410753058;
  -4.900997267788848, 1.614633288389086, 9.598158684619866;
  -4.602154559097567, -0.6661596233693349, 9.095075043964117;
  -7.525445484010781, 1.407909265697033, 14.23515589728287;
  -4.550334965253437, -0.7914049442369331, 9.012729575206196;
  -4.471940223175474, -0.5817336691321973, 8.88579293661353;
  -4.359039587674799, -1.172844306265152, 8.693992263360512;
  -4.445490967243384, -0.3210020960926319, 8.847292849552204;
  -4.594114689776305, -0.1540212450887138, 9.12415781519482;
  -4.564010694327794, -0.2111700903557548, 9.074503122675953;
  -4.260888990495122, -0.4094432035312276, 8.568071918834752;
  -4.847127490802513, 1.573195165550494, 9.60855637846471;
  -4.293819582254427, -0.4519675929831414, 8.639193075666579;
  -8.505693824316269, 1.373108700014433, 16.13296649797455;
  -7.905758199584147, 1.395923311085872, 15.16109254966056;
  -9.090163384812069, 1.372649186664974, 17.35297662537987;
  -9.060237978600799, 1.344453343370793, 17.30510631749095;
  -6.429235866440598, 1.504652707760893, 12.58448592743805;
  -5.205618615050353, 1.577147055468119, 10.38466879573276;
  -4.264244665842727, -0.4875064783020892, 8.698081334070398;
  -4.457003588682375, -0.5718812620169926, 9.071455280745074;
  -4.230258182492225, -1.37786465682292, 8.712769928700249;
  -9.154249355188867, 1.307938516736071, 17.70028250291572;
  -8.792968432355202, 1.337835246983317, 17.18348519825113;
  -4.287472799682939, -1.386618632500885, 8.953078312921385;
  -4.062550691645869, -0.4143320583769289, 8.539453199292707;
  -4.124654239740748, -0.263024897126186, 8.656794004212019;
  -4.198033517192246, -0.5214161802613208, 8.815212897846838;
  -4.369648893844992, -0.5939548492169803, 9.141112111926436;
  -4.451914899455425, -0.6801049481866948, 9.33285432114535;
  -4.129500183549398, -1.324035259409174, 8.743180577768897;
  -7.3269001902481, -3.182384697068803, 14.82735849983826;
