m=[-6.713516563985454, -1.001478269869035, 10.96222417791437;
  -6.703195423501627, -0.8531994667213986, 10.98840189776723;
  4.972891876777543, 1.430486474732712, -6.533428864442721;
  -6.333897512296706, -0.622393932910302, 11.32143161686368;
  -6.328889162666727, -0.1031238293154686, 11.36794393654584;
  4.906385173022371, 1.447373785032798, -6.591586747881713;
  -6.239351472283696, -0.1866917563173757, 11.29928213679625;
  -6.282792871646957, 0.3155513653097992, 11.46326121073428;
  12.99743348480673, 5.023936055958469, -20.41667271408244;
  13.06441098235004, 4.98028583890961, -20.77953882134353;
  -6.143438243889539, 0.4834253814120169, 11.61309581155918;
  -6.162287585282707, -0.111012931981815, 11.74464233549475;
  5.442368005741773, 1.974379931056391, -7.989230291094408;
  13.24232648081183, 5.193856340177798, -21.50771085719417;
  -26.99294233546612, -1.81828282444968, 48.04120725889224;
  -6.021357793625853, 0.7008994940559316, 12.06519568565464;
  -6.314889402858267, -0.8620645219542437, 12.71541816329304;
  -8.244337582251827, -0.1510389856571006, 16.17377996223265;
  -5.911790626017296, 0.7423218853164494, 12.06487491923923;
  -5.925947194760813, 0.77391382737882, 12.12629842956802;
  -5.913204789761823, 0.5601833396989426, 12.16232250140364;
  -5.910852756336813, 0.3634349782750126, 12.24405371016283;
  -5.164858288047781, 1.7248935168183, 10.81664547695386;
  -5.847362213576506, 0.6851371682973624, 12.20099411468335;
  6.363649339739971, 2.52686896789196, -10.65113321573851;
  -5.862955422822001, 0.7726438125425699, 12.34383095563501;
  -5.800305582540599, 0.7260928364903853, 12.33567815121673;
  -6.05681211363695, -0.9916127827842202, 12.91954052040173;
  -6.033718993668941, -1.155570679345317, 12.98339637852206;
  -6.071142050865181, -1.086373597321603, 13.08056637167911;
  -5.783484529738944, 0.8235928777363002, 12.50851209794658;
  -4.866638163837899, 1.743383673474386, 10.7622531242229;
  -5.784772400132937, 0.08594847593260234, 12.82477268371964;
  -5.705947611724268, -0.001836166888991502, 12.75111480344832;
  -5.721778636856832, 0.1380766113589109, 12.83393815908335;
  -5.725422343021246, -0.09084011064408362, 12.91577251698434;
  -5.660446396251383, 0.0651289441041706, 12.84968485606806;
  -5.642402273731924, -0.2166908670147834, 12.86576963010043;
  -5.666468870586388, -0.4576661656853897, 13.12988733770474;
  -4.530352131323244, 1.486869620249353, 10.71032803549654;
  -5.569606691069268, 0.055296581329403, 13.06246925060809;
  -3.97317339309473, 1.742265130483169, 9.664779308976378;
  -4.299635799743172, 1.611917574120749, 10.40983920248754;
  -4.401509588403579, 1.526769861504691, 10.66687263881115;
  -4.40885651994342, 1.407270266629281, 10.69792375296029;
  -5.550369806278151, -2.187291787735183, 13.30943808897873;
  -5.474802001376353, -1.637143356163531, 13.20553489129001;
  -5.522149953798091, -1.878500788456068, 13.35792954290113;
  -5.557599721091691, -1.809544562220677, 13.45002411153224;
  -5.19771326921951, 0.2864981595267763, 12.67214206968838;
  -4.405999778120831, 1.37946915029966, 10.91922417766907;
  -5.416716324609246, -2.216110079220792, 13.35836803180512;
  -5.507100071249099, -0.4693459037349202, 13.50079404124414;
  -4.179790464237852, 1.412837209199625, 10.54866949956792;
  -5.385237078179483, -0.5738718058151328, 13.30216765912173;
  -4.171025446602509, 1.478408008097418, 10.56548243808026;
  -4.163151439626104, 1.386246868762106, 10.59655992387802;
  -5.361867759237968, -0.6594093650269657, 13.36322126976643;
  -5.424059927912465, -0.4874832919967017, 13.49755919272857;
  -3.764694568944236, 1.80712976059068, 9.729946995725186;
  -4.107834806427131, 1.515227945326796, 10.60196649263584;
  -3.655260108165756, 1.838586794770408, 9.595896058516821;
  -4.05711178369678, 1.743675868334045, 10.62734671555773;
  -4.007734163869345, 1.580983862621436, 10.58391396366445;
  -3.955777215558268, 1.5349915644808, 10.52156224988341;
  -4.074328275147496, 1.448094874375938, 10.93416534291898;
  -3.742527956770518, 1.759232234591342, 10.204581217771;
  -3.462215102790885, 1.826817096530043, 9.622517587929266;
  -3.91691143812226, 1.530282683282186, 10.74075229405012;
  -3.898611311139422, 1.495767707250233, 10.77149837837492;
  -3.682294952884536, 1.769454359620703, 10.30215526919159;
  -3.902791161420629, 1.556356935990897, 10.92974493606054;
  -3.909142063327641, 1.536643261170595, 11.14227168383401;
  -3.844406904018507, 1.579762218425379, 11.08165664249384;
  -4.336251078207543, -0.251186824725941, 12.42653169148118;
  -3.787652814663459, 1.609311748242646, 10.94795404910457;
  -3.634396037184586, 1.814831501330242, 10.77395358268007;
  -3.514166555225461, 1.810152338340487, 10.61591861148746;
  -3.531091879893781, 1.754830919230892, 10.77033398985064;
  -3.758393256761986, 0.04514052157684887, 11.6006762276471;
  -3.400371208638857, 1.775884134208974, 10.5921211846695;
  -3.626155528190036, 0.2147810916398766, 11.36790803657295;
  -3.479100447885261, 1.746929790821561, 11.03642397053505;
  -3.726085348947484, 1.659662513832271, 11.74021030240852;
  -2.787398823704524, 1.895079003175686, 9.31902177266184;
  -3.490421040648065, 0.4664045138417875, 11.41605695079697;
  -2.954724238147859, 1.864712272641443, 9.867682183876459;
  -3.423942733706789, 0.5455493230636436, 11.35472731317769;
  -2.636123370502744, 1.940245651446083, 9.041123958666997;
  -3.537914359960054, 0.7900392118833298, 11.74437810877503;
  -3.503563524440633, 1.808608171881565, 11.57584654550012;
  -3.500499622499117, 0.7325421861901842, 11.64871304674913;
  -3.45920302915985, 0.7988413555339984, 11.62785282149215;
  -3.559684753610208, 1.745849361426424, 11.88516791126962;
  -3.326304317580446, 1.742360268002507, 11.31776540609514;
  -3.378597917261242, 0.6712346857316431, 11.56170153986599;
  -3.361839698902274, 0.4234014297344094, 11.54286421726901;
  -3.30724293983983, 0.7008251885993645, 11.47620575955797;
  -3.539044153850834, 1.663616660452963, 12.13122162710407;
  -3.359608431246776, 1.700207424452053, 11.64402798498349;
  -3.323786859902687, 0.5803317828715793, 11.61028995408126;
  -3.213653305007309, 1.791170676836722, 11.2288704369377;
  -3.293915105132248, 1.718458839253104, 11.49813421301007;
  -3.181267845738231, 1.806717929820802, 11.17124777109146;
  -3.219208414632143, 0.4340771458940245, 11.39940814333292;
  -3.351196291239165, 0.1769947873605658, 11.88836501126285;
  -3.231313087289103, 0.5159212265135791, 11.56111179919711;
  -3.216070543520436, 0.3882413425138122, 11.69394511619092;
  -3.142782219353257, 0.5220682664798064, 11.47475658183322;
  -3.159282015680927, 1.714096657079829, 11.47102261237625;
  -3.231494877511296, 1.030509940042092, 11.78761642622554;
  -4.571836054654851, -1.00956755005497, 16.31651139306617;
  -3.176034561462028, 0.4264396892859682, 11.75726404075041;
  -4.561845971073727, -1.105779396029786, 16.35288274577303;
  -2.556539300979669, 1.873698256899069, 9.756316852854623;
  -3.136301108822145, 0.4930545452342172, 11.77081483714365;
  -4.546078592201327, -1.047801894642569, 16.53421788791552;
  -4.602749953863104, -1.497396142919058, 16.79954929507928;
  -3.064890521368901, 1.001886174952464, 11.57916896311417;
  -3.15953252257298, 0.09624624672780137, 11.97630209240471;
  -3.153712097042435, 1.782672620040077, 11.83297734913872;
  -3.189156285350395, 0.09714865110595257, 12.08859184717107;
  -3.049859970429496, 0.6124540833449567, 11.60723213901179;
  -3.041381863490272, 1.103738078201907, 11.54761990804879;
  -3.010589933527661, 0.5321974155624242, 11.55169781786489;
  -3.0372474069551, 0.7699196698203948, 11.62250258236824;
  -4.403543533199843, -1.130675109491901, 16.31318326006781;
  -4.529470126764981, -1.755203710220492, 17.0536867116571;
  -2.90135365436951, 0.5792645361546485, 11.44497249906404;
  -2.965963646673733, 0.7256865699979659, 11.67237597371908;
  -4.438952957133418, -1.796343293979128, 17.0110373102971;
  -3.008699931614735, 0.2974860328624451, 12.10894890332173;
