m=[-4.434072711858754, -0.792792432576678, 6.258028470517503;
  -4.403461529428578, -0.8191602299996392, 6.243603230922911;
  -5.748828763893418, 1.56146048103103, 7.879583374580601;
  -4.610259263870983, -1.156746375369175, 6.584929742312236;
  -4.359147618486627, -0.7682124095397289, 6.314757109212209;
  -5.626215666730295, 1.559415916142833, 7.870044838052546;
  -7.585776485337262, 1.502213949445326, 10.2780883992536;
  -4.767925249415597, -1.319147645336798, 6.839191411244711;
  -6.503904535867807, 1.509352193459221, 8.987424748767898;
  -4.32730398562899, -0.8182650349942054, 6.324972230500666;
  -4.401841174549979, -0.8645703762565308, 6.423048322544765;
  -4.323282763181363, -0.7479034629349738, 6.326029001689657;
  -5.232405089546337, 1.585620463067315, 7.458504321264902;
  -4.50807737477586, -1.060893479654675, 6.60386886967196;
  -4.359915694771696, -0.860078742079614, 6.450666798593735;
  -8.314476280204692, 1.459856313807673, 11.43684865247071;
  -5.226884529864472, 1.584939052766827, 7.586618142095728;
  -4.881758374113125, 1.605333775360037, 7.155763865459883;
  -6.208218526273554, 1.531085876598216, 8.844373491485326;
  -5.835048891389577, 1.560044292708729, 8.372157129810431;
  -6.115117907814384, 1.54665404912635, 8.753877917510959;
  -6.622459613812807, -0.2843254911047112, 9.40830147550056;
  -4.330775876707572, -0.8323391231139102, 6.494757771724809;
  -4.355441971260587, -0.8045976301557565, 6.530952964864662;
  -6.862885505315364, 1.516568183882182, 9.733184286816488;
  -7.957074727969146, 1.478088511084, 11.13476904368153;
  -4.319882012393374, -0.9434594055318818, 6.550082325984175;
  -4.312021999214569, -0.6816784793979513, 6.545243646216074;
  -5.657537004969552, 1.568271169646336, 8.294803245216601;
  -5.401988695806006, 1.564979855012483, 7.9707897081733;
  -6.720912414842728, 1.5304583357543, 9.714923255137611;
  -4.372124844477042, -0.7299550241567825, 6.719168004416728;
  -8.150933935568634, 1.466045762945553, 11.67994452213649;
  -6.182410511013718, 1.517950403650213, 9.124048297095193;
  -5.684918117850227, 1.559976608349476, 8.500681271217133;
  -5.753023534806012, 1.545807980322502, 8.593645787385185;
  -6.754927938590474, 1.508707306538665, 9.947713452185747;
  -4.386780776794981, -0.627647300316183, 6.816148614640246;
  -7.13710255101117, 1.502843267926355, 10.49048868047066;
  -8.068388531417181, 1.474732155619669, 11.77979508925487;
  -4.663406307704774, -1.564148857103927, 7.340831025811872;
  -5.234357756827048, -1.545840398711412, 8.12872265683866;
  -5.425027546005219, -1.672885711590219, 8.416871122044226;
  -4.516725318559757, -0.9662243427392507, 7.17749212369465;
  -4.722785433144615, -1.170579931073825, 7.507434688748234;
  -6.610594752321544, 1.529552103641649, 10.30071469057999;
  -9.895843030386621, 1.399928544455909, 15.0625736803061;
  -7.163056017371295, 1.517228082271243, 11.32560989912205;
  -4.498829999318382, 0.1589950430803436, 7.518873662502062;
  -9.902958585675791, 1.369773389074517, 15.45540857664744;
  -4.528015231060389, -0.7751151576148092, 7.605854268461413;
  -4.709711946424508, -0.2338164461335858, 7.877827737847222;
  -4.803767586717277, -0.4301948193636279, 8.016872340036157;
  -4.650500421397436, -0.2747734071250612, 7.853155767972903;
  -7.622819716046553, 1.501421277122117, 12.26483773536572;
  -4.408152994543319, 0.191888956839972, 7.592219268517365;
  -4.396580788219377, -1.223016169277122, 7.609843567868781;
  -7.747845818626574, 1.489281480436803, 12.67268565426636;
  -4.333904370225349, -0.4699323173437646, 7.523762468284724;
  -4.424903847635785, -0.3000587686966266, 7.69525942497575;
  -4.468667895569894, -0.6102650130504366, 7.792126039304733;
  -9.406558725044205, 1.400622457515464, 15.3746334018075;
  -4.355269549549504, -0.8720458242951897, 7.654135331487967;
  -9.437157385762626, 1.287578520743957, 15.44610031686788;
  -4.334048653264111, -0.350004351354312, 7.646242014880077;
  -4.319131083962438, -0.423512220951659, 7.638208463875054;
  -4.387602901034375, -0.3085734637986127, 7.758848696777064;
  -9.262511583203102, 1.372247873692407, 15.39998704611346;
  -4.149477324012364, -0.372456580482743, 7.444455492185844;
  -4.22008224212405, -1.065000448780576, 7.577330578031723;
  -8.397432719301442, 1.45063790816542, 14.10888489676331;
  -4.437762905956779, -0.1712565879937839, 7.930669296735922;
  -4.431745167124253, 1.610711774088481, 7.931114422832406;
  -4.490204364591035, -0.2206550765575902, 8.030286284550305;
  -4.117610838552337, -0.3424383800700123, 7.448160612766569;
  -7.225708440251085, 1.524673260495469, 12.33330998593957;
  -4.888962002734719, 1.659174771373218, 8.672629143859531;
  -9.449959718584031, 1.066387245308197, 15.87149836923041;
  -7.691269457952687, 1.443486612252054, 13.16536790157663;
  -4.158144757422507, -1.032200279266679, 7.605838128768257;
  -9.0660706213613, 1.27857718927915, 15.44391716358896;
  -4.086471413096516, -0.3677608871704476, 7.501812730506346;
  -4.22144134864081, -1.111553593728972, 7.721757205572519;
  -4.14868450885396, -1.33192780979224, 7.636084146326124;
  -4.408074959699387, -0.5402707459178825, 8.06288550630679;
  -4.501789843697515, 1.635874675186505, 8.277390750217634;
  -4.272479470842555, -1.218829928420225, 7.91848289802181;
  -5.221216218815555, 1.588291775835112, 9.457510460349809;
  -4.083343513094833, -1.287687762917248, 7.622127323580648;
  -4.087644424975058, -1.321004458186428, 7.633327658959836;
  -3.965158018947306, -0.3754128214053258, 7.434510596965753;
  -4.08427292720442, -1.295008865520306, 7.645760955525772;
  -5.142667351084956, 1.609491193201069, 9.375251882212119;
  -8.10742779461957, 1.48721399849975, 14.24529549206933;
  -4.077281385053079, -1.342453528483308, 7.68308769996594;
  -7.423477391628917, 1.444384066413037, 13.18787112061969;
  -8.948487005383175, 1.418569583522113, 15.72885844100667;
  -4.281917509385524, -0.5529839710978278, 8.058116053016139;
  -4.300412027668425, -0.5197101637715701, 8.097352787756337;
  -4.249788821930206, -0.6229897465300415, 8.034549139419344;
  -3.94224641410768, -0.4004953870588361, 7.541361539906386;
  -5.199860090921439, 1.580850410982257, 9.659579962070524;
  -4.411218728908247, -0.5399790682694954, 8.371782678014899;
  -8.374735853447021, 1.417685131915929, 15.05118522144029;
  -4.296314185915698, -0.6700017467395895, 8.217872660471919;
  -8.037692456299583, 1.476645272678439, 14.54246073937554;
  -4.0889334594893, -1.245421002085565, 7.929542414369077;
  -8.950727212533197, 1.420640074321637, 16.26500169705297;
  -4.276639436306593, -0.6210500241697532, 8.293374908709325;
  -8.216576153722686, 1.423226199790606, 15.03575990215876;
  -3.904393685384371, -1.542241326574517, 7.667430529942377;
  -7.27093634049413, 1.442093707599073, 13.5234870456571;
  -3.855928390263678, -1.557764521038199, 7.65437102749222;
  -5.009680158017345, 1.555718497349599, 9.687772886491821;
  -4.860798422490674, 1.587841481692236, 9.453636687837333;
  -8.695655638066876, 1.389819069184684, 16.16799171540094;
  -3.805963977442838, -1.548567540221903, 7.652002134130405;
  -3.998222177038316, -1.284923265810056, 7.995506161152584;
  -5.003942298070047, 1.587748993024035, 9.756567031128471;
  -4.939548986441719, 1.554865356824264, 9.721942458223447;
  -3.74246139526582, -1.510252562923072, 7.630600676124425;
  -3.739173715783388, -1.45192998319913, 7.636656959097268;
  -6.22576211593389, 1.523434227263759, 12.1059526219415;
  -3.750817649577574, -1.544579325792699, 7.714891505182696;
  -14.22018808374281, 1.497033968360462, 26.72507179414377;
  -3.681013159047269, -1.448916725482682, 7.656066665871623;
  -3.65098779125244, -1.47735266156962, 7.636153925691658;
  -3.661103504463565, -1.384623502936277, 7.65671094309389;
  -6.015325643278048, 1.505361421732052, 11.97694754125025;
  -3.568617549236056, -1.293321711999437, 7.607281002274265;
  -8.357870729150875, 1.391385927385879, 16.76297287932945;
  -14.44159663214178, 1.52277137410151, 28.30504888975617;
