m=[-35.83741857853389, 0.1302332456247319, 43.52621444886768;
  -35.4132977313966, 0.1183499397606805, 43.36844860394145;
  -34.4587250837882, -0.7763470661433135, 42.62065500231338;
  -34.99038371815245, 0.1166720625831314, 43.41857807958265;
  -35.91216090995234, -0.03977257247154084, 44.68694475394693;
  -4.953395568489454, -0.1611934424119986, 7.749065684012484;
  -3.526839567628445, 0.8122823536804484, 5.939323160555676;
  -3.172786269781744, 0.857587861777103, 5.726170845776665;
  -5.642083733478147, -0.2874402105070425, 9.527541731112889;
  -2.64195246857788, 0.9219851271262054, 5.047660534657268;
  -2.729493391309696, -0.8212732610634189, 5.195960237422105;
  -2.717926318898961, -0.8664235047597907, 5.197447611731729;
  -2.831423070389919, 0.8754540343975705, 5.407738485055123;
  -5.367059557389723, 0.7304372729362649, 9.394584422190773;
  -2.710007922713394, -0.8536646801783762, 5.240557451139547;
  -3.387905512212037, 0.8022171448505269, 6.320651437698394;
  -2.41290253169212, 0.898285318418293, 4.805167635574967;
  -3.264693450925241, 0.8364917626223098, 6.219817838786941;
  -2.433088440208741, -0.9024862181503909, 4.925044985377413;
  -3.483101326900443, 0.8210010139368722, 6.747583902351276;
  -3.245034438330663, 0.8195625986008159, 6.521070398750573;
  -3.143935142917309, 0.829955607244498, 6.400115538500868;
  -2.656728668398753, -0.8710909405811657, 5.609177813318548;
  -2.666702217995586, -0.9119404672197844, 5.638475361225919;
  -2.342965780281537, 0.9177442705881831, 5.087386176801459;
  -2.641906336461928, 0.8864447363075416, 5.703513575492986;
  -2.703414327571698, -0.5026915662270357, 5.806532392043126;
  -2.709685367076646, -0.6559927781607992, 5.878992093760622;
  -17.76273945892338, -0.5969079572365033, 33.30510590987436;
  -2.659490821998721, -0.5222760152282934, 5.887544815077081;
  -4.395792021247149, 0.8345426638139891, 9.234586735571776;
  -2.601150074315148, -0.5218522511511698, 5.865722836902588;
  -2.449346415039677, -0.9646717254189436, 5.659135063593251;
  -2.538012623914479, -0.8721567082969417, 5.83273985909202;
  -19.03027490811675, -0.06183934450424261, 37.47649308943567;
  -2.503552140427066, -0.9501641493840454, 5.787084939124607;
  -2.627865896606045, -0.5130669436757132, 6.036884581981221;
  -15.89051824158719, -0.3227890749734887, 31.62464298260627;
  -18.02870832861973, -0.09017084304718616, 36.08346270990884;
  -2.482545791102556, -1.045248214054067, 5.808029106929901;
  -2.614568234800847, -0.6869735142529583, 6.086460858969208;
  -2.541473977495405, -0.6074427698968901, 6.006132802982195;
  -2.396619790898803, -0.9760224570090749, 5.741374279655166;
  -2.537922263159234, -0.668033678229911, 6.041233438702994;
  -4.638818326713968, 0.7154656797154385, 10.27997395192998;
  -2.502351864227935, -0.6809061588632062, 6.029536983968685;
  -16.63862522090896, 0.4106841940388585, 34.76092395855243;
  -2.442026281113007, -1.044502624770924, 5.931451542999388;
  -2.492539809497075, -0.8370010794129298, 6.038219218852909;
  -2.395753134963652, -0.6312273983456331, 5.855284846711586;
  -2.456571950594406, -0.9752331954468753, 6.007286589165425;
  -2.476696951735836, -0.7072892686095114, 6.078974319878754;
  -2.378138504170739, -1.018841281852622, 5.882339691415235;
  -2.435315151115652, -0.5894233095705547, 6.004646781383953;
  -2.371751429213117, -0.6485370111992164, 5.879301683292646;
  -2.365688221619829, -1.09676454203528, 5.975888298528756;
  -2.250135578142265, -0.5169362737604466, 5.795989065164987;
  -2.326073933936649, -0.989049866193255, 5.965683684293313;
  -3.57034639712293, 0.7830415908758158, 8.770419531708301;
  -1.742874660343564, 0.9516418533546938, 4.803874008855023;
  -2.316197660682244, -1.033115647574217, 6.098912582735022;
  -2.83705324884791, 0.835093629387738, 7.308543890256625;
  -5.279728290481574, 0.6326052131678384, 12.9016836951311;
  -2.338736851113061, -0.9895280256603223, 6.258218813106597;
  -3.897716753219507, 0.7606037576434553, 9.900273852817364;
  -4.415162768096145, 0.7714398955628913, 11.08697668923587;
  -2.739280192134389, 0.814933261693358, 7.278267445782341;
  -2.728403418620624, 0.8296354441653072, 7.341339973461177;
  -2.579379033646872, 0.8353948129135208, 6.997777351749523;
  -5.134239014656838, 0.6455148678335955, 12.98398515729814;
  -2.42317214824578, -0.8282567061674191, 6.63170688621649;
  -5.111972592376779, 0.6907235050723856, 12.96965826372724;
  -2.421449866246494, -0.7652062999582324, 6.741208039313876;
  -2.442037397231973, -0.8907195345027602, 6.822757222370202;
  -3.072617365350334, 0.7960933883899772, 8.361427368970393;
  -2.051196070402523, 0.928185515158435, 5.917099889227123;
  -2.357294296782033, -0.7795067662285561, 6.718733890428561;
  -2.345874136372093, -0.8361695079772629, 6.697559022408385;
  -3.260367560651023, 0.7998421817470849, 8.975023831922728;
  -2.388037281786512, -0.8906031122864282, 6.83220863936677;
  -2.502104305847983, -0.6933763133889899, 7.120001300059713;
  -5.018947742555446, 0.7005935544315227, 13.35816713154282;
  -2.870044625218181, 0.8071831178181687, 8.109080905796199;
  -2.45197929051656, -0.454437771117859, 7.061922280362368;
  -4.382989918366791, 0.7352466192577483, 11.89118074866486;
  -2.42049675086095, -0.5159672983068375, 7.006795462487456;
  -2.458777199237094, -0.6422212798144859, 7.118453835531785;
  -2.426674344861785, -1.236153947154622, 7.059556807642848;
  -4.868660001323939, 0.6913424521322901, 13.24481643904452;
  -4.564997138188017, 0.7292139656837242, 12.4973439269729;
  -2.481347824883949, -1.208942355647317, 7.228479248151603;
  -2.376556837278501, -0.4958748489374633, 6.975896766160151;
  -2.453385586137543, -0.2730822400100871, 7.178783884707197;
  -2.337768890288823, -0.953448723791518, 6.944408206942738;
  -4.565218322954385, 0.745358738443951, 12.69934195789637;
  -4.235574978827965, 0.7423253254537926, 11.87537516079956;
  -1.916854393418626, 0.9266238375762056, 5.918688492149304;
  -2.322267639294878, -0.8546432471394564, 6.95299461633434;
  -2.397647977607361, -1.021153902085242, 7.189657298480102;
  -2.353277837369257, -0.4686920161709319, 7.091421992791181;
  -2.507316808111143, -1.31977783098192, 7.517788994565548;
  -2.318812256978919, -0.4082738706248091, 7.1157097644497;
  -2.305449608751758, -0.4615604803982096, 7.083028944401741;
  -2.463535626882983, -1.211667407875705, 7.513829611701245;
  -3.094676935717319, 0.8094395956438931, 9.235939409103892;
  -2.338378190886943, -0.2808921258153563, 7.237388440331051;
  -4.674106253483666, 0.6895794976711566, 13.53180182052091;
  -1.835588759464367, 0.9396563648163374, 5.906831929047129;
  -2.487864938500029, -1.194686072956294, 7.67465515153292;
  -2.405336799892039, -1.208759089692086, 7.458654499189763;
  -1.995356414019392, 0.90253188508775, 6.425792178918584;
  -2.394644693470287, -1.117218638904743, 7.503843356233709;
  -2.44282128390141, -1.391155148965646, 7.629085554115648;
  -1.8439514183309, 0.9344206455992086, 6.016529530864216;
  -2.233922850172195, 0.8440669243957534, 7.156672826085784;
  -1.806802941579826, 0.8959821898423305, 5.970472283943983;
  -2.397183514775867, -1.357959519107324, 7.613773035672091;
  -2.907313718864974, 0.8085516192642125, 9.062294546553103;
  -2.254749245686921, -0.2580632310758622, 7.250090023750473;
  -2.446566512884309, -1.427916641771335, 7.805695307648508;
  -2.418717999863373, -1.383269995744189, 7.83640274557388;
  -2.560499016057532, -0.6491548323047053, 8.326624038897412;
  -2.559012622666986, -0.5602194100789915, 8.340776070569845;
  -4.444678751844172, 0.7248623200208204, 13.85600874868901;
  -2.130163464108631, 0.9100011954548357, 7.187328305230817;
  -1.728380021177628, 0.9345563438020882, 6.017776661295593;
  -2.390286480323275, -1.342510597626569, 7.933692821716638;
  -2.606777442106395, -0.6901230680484981, 8.61592603306338;
  -2.423946060986542, -1.399614460024252, 8.092562827372758;
  -2.600272502103903, -0.7391243386329232, 8.62189652908285;
