m=[-7.005007972913201, 1.541918727467034, 9.429292686729044;
  -6.504583921574149, 1.600421596321294, 8.970525991202567;
  -6.547685653526543, 1.580769116091206, 9.130804032255066;
  -6.414794482999163, 1.597038780575834, 9.008563743342958;
  -6.198070719715203, 1.621244568752728, 8.748034121245004;
  -5.162381733530758, -1.237866710465795, 7.517308172077795;
  -5.105400058886614, -0.9299267571845484, 7.451534301170701;
  -6.226783299393885, 1.586067819642154, 8.84406569974092;
  -6.114117778814486, 1.619662204111707, 8.708809778244863;
  -7.102209977224813, 1.523470352974436, 9.998901167556138;
  -6.310719301724958, 1.608244024089768, 9.035314475078359;
  -5.071611016686261, -1.141915200565654, 7.495302280391354;
  -5.160571844130006, -0.8719195232913226, 7.607816392440976;
  -5.112655296184474, -1.206926679438806, 7.575546345817283;
  -6.144179853009733, 1.60380009351876, 8.947854549280045;
  -6.043336284964149, 1.650990629226184, 8.838365053903306;
  -6.284048304694026, 1.588121801992071, 9.153609417947244;
  -5.030528782954264, -1.102582821912492, 7.604689591803198;
  -5.023828563610392, -0.9890230587281965, 7.620812272272657;
  -5.061111957720816, -1.136114512192602, 7.699825010821939;
  -6.262973525713563, 1.581983683373422, 9.285667070956958;
  -4.635304446176349, -1.537619086516704, 7.203372731751121;
  -6.006748146434631, 1.63938277672928, 9.055062855082735;
  -6.102661921297421, 1.625728903330182, 9.190924692240564;
  -5.97252009003395, 1.614773832655288, 9.094949896045247;
  -6.134863753697563, 1.611372274270875, 9.33172620780676;
  -7.029234995589158, 1.539309884228696, 10.56949292559271;
  -5.66772531702726, 1.65253474285223, 8.742257519135759;
  -4.842870178487382, -1.128282959444173, 7.792722523095892;
  -7.243527193004976, 1.514143145598616, 11.11770335938111;
  -5.675144233092601, -0.797953409912727, 8.977573608012582;
  -4.655588699516772, -1.016047102333745, 7.64425271875318;
  -4.653571832206535, -1.084891597793331, 7.68218205416316;
  -4.495839407208829, -1.215729004674511, 7.468819534173783;
  -8.628906072376168, 1.443300681168527, 13.34893631778003;
  -5.544647149020075, 1.653673660187265, 8.994053749272904;
  -4.797511178731981, -1.510849010949195, 7.963414592034972;
  -5.014197207775913, -0.6580091108046573, 8.339949276750257;
  -4.43566204255144, -0.8879372064183375, 7.539530782023527;
  -8.634858474668256, 1.435990130427918, 13.66645314336622;
  -8.235372007003702, 1.439991790737775, 13.13904357071388;
  -5.066016894985681, -0.7784105169669245, 8.502846165488677;
  -4.767545142578754, -1.460114847259334, 8.079443309296002;
  -4.586238206743096, -1.232310207105098, 7.818396263672783;
  -4.485711203959292, -1.229087522528306, 7.734159431024436;
  -8.500643821894945, 1.450577744678689, 13.71757245174327;
  -5.038351230703817, -0.7597793361902069, 8.57464182187239;
  -5.02879117510748, -0.7049912639586438, 8.571933967053091;
  -4.35877335430159, -0.9530382841404457, 7.574345218888801;
  -29.46843058517091, -0.584908607415546, 45.4871233857105;
  -5.240829948897082, 1.687167259886476, 8.932383798710001;
  -4.331432621904117, -0.9629489509383419, 7.628317769850634;
  -5.454998790266284, 1.666349193728665, 9.315907606160472;
  -4.833521599980309, -0.7915621445026561, 8.402842366316817;
  -5.723995342867791, 1.649307789093526, 9.780063574822721;
  -4.261329054216307, -1.180450874712742, 7.6100754491883;
  -4.289981560664693, -1.251825264905747, 7.660755950295008;
  -4.29532929518899, -1.219175440274449, 7.67211353516332;
  -5.545128231754865, 1.602648278324351, 9.601820056188412;
  -8.800086534869632, 1.468816206194175, 14.69573219253748;
  -8.794781123772882, 1.383939743390458, 14.70068151765463;
  -5.231129754489767, 1.666720320184031, 9.157998921710291;
  -7.236837878453078, 1.462452790910807, 12.33821627518212;
  -6.23073481847922, 1.548680701280587, 10.78406626344069;
  -5.887233463814679, 1.595080741003241, 10.32663209766881;
  -6.404942125466189, 1.559120524035264, 11.19321167627094;
  -4.226255369458335, -0.8167222667307512, 7.76175421611974;
  -6.285995787268633, 1.58322381373134, 11.01824864235955;
  -5.735497024070092, 1.603952143419324, 10.14489001377687;
  -5.559928059285573, 1.646026863891587, 9.927146623016435;
  -4.196933686788091, -0.8053811465823728, 7.796742273862286;
  -5.723099799884488, -0.5042901633563844, 10.25803904875271;
  -4.349807529392341, -1.046459311336145, 8.061029110549441;
  -7.390441774007388, 1.494673649711906, 12.96302569033134;
  -4.627177613525093, -1.648566749037973, 8.555762827676885;
  -7.265162084814143, 1.515181307228519, 12.79617646765728;
  -5.558680056896028, 1.601261436700685, 10.03127644105193;
  -4.359933604119121, -1.011522360160817, 8.131355658356139;
  -7.5879690734741, 1.472406715872613, 13.36298940583506;
  -5.766412760266062, 1.592508921505201, 10.4160593768585;
  -6.119851564822042, -0.7580013491645055, 11.03611433635082;
  -6.014149529231771, -0.8285588541236386, 10.86488411104381;
  -4.273377031008575, -1.130120330599715, 8.038917646510294;
  -5.606989599188191, 1.632125891990993, 10.208966836098;
  -4.265039805945919, -1.007127875634545, 8.045394561376325;
  -7.318614400154703, 1.497071079720683, 13.03751845572043;
  -4.580467689773527, -1.632094526982024, 8.579305500579178;
  -4.687119728795501, -1.617929833821901, 8.760246489877963;
  -5.348714110467301, 1.648971779981055, 9.818803276938604;
  -4.803279996689351, -1.554740711760209, 8.966488900531633;
  -5.056021367522398, 1.659068094379259, 9.354524568080068;
  -4.526837554188744, -1.670825146806612, 8.516786668280851;
  -6.066365619618466, -0.7931172302309381, 11.08417008569729;
  -4.747922735106737, -1.61208246835689, 8.929090663616705;
  -4.49447375469825, -1.63713980580042, 8.535715052599244;
  -4.193696782373615, -1.016164007304228, 8.037198169516623;
  -5.012585400382274, 1.643970356247591, 9.37645832945579;
  -6.082634607997889, 1.595192327363626, 11.18019321973679;
  -5.974022795190924, -0.7212806414155796, 11.02552818407519;
  -4.525226204149918, -1.735102950934658, 8.619080762089745;
  -6.042520640777823, -0.7942633860051408, 11.15923212233779;
  -5.921266080958065, -0.6581355573036688, 10.9559294903849;
  -5.68960049769571, -0.4900895180484005, 10.59847260621078;
  -6.038114651356107, -0.148062113675032, 11.1803212689868;
  -5.818932038039754, -0.5471612370546123, 10.87263779356495;
  -5.930510537601546, -0.7255423669368945, 11.06308680988741;
  -6.801523526979196, 1.507964124995859, 12.51793235370272;
  -4.739577765666113, -1.617660598059435, 9.078976337161398;
  -5.766986935891884, -0.5841936659367516, 10.81492033506457;
  -5.805359540824645, -0.1915040752306989, 10.88765859437168;
  -4.698473219532681, -1.519938910941538, 9.052449539379085;
  -4.519735414268207, -1.7473006655935, 8.764967830092127;
  -4.39722507125274, -1.73864425238595, 8.558269192043477;
  -5.25744937805592, 1.650165409488129, 10.01618971513234;
  -6.813724220484596, 1.532737893008749, 12.69944424231913;
  -5.684795734604541, -0.5364544112916682, 10.78949259496081;
  -4.40092722956762, -1.813028316278255, 8.597690875861211;
  -6.964188727082836, 1.506605557991524, 12.96202574139683;
  -5.660943737639276, 1.605304569502395, 10.73542209661581;
  -5.981347192486279, 1.60484980737131, 11.29950701931881;
  -8.393660457242179, 1.450461491734267, 15.49944403585614;
  -4.518926503185365, -1.712556414377553, 8.869343021815746;
  -4.439324529704521, -1.778127302851074, 8.732884559543802;
  -4.518082745986945, -1.758849110122167, 8.886383429754897;
  -8.790569680592995, 1.412862890971821, 16.31754208810984;
  -19.23261529491387, 1.189795588014008, 34.51974227853643;
  -4.378335167546082, -1.796002231515216, 8.695910933646275;
  -4.634732789833922, -1.386130863635072, 9.163443693595468;
  -5.525667898679592, 1.616278009686745, 10.69220214481801;
  -5.103938894098586, 1.643107731638495, 9.989194111866773;
  -4.527683273206565, -1.521603068808912, 9.031907448899805;
  -4.984351017225369, -0.8362202120077678, 9.83729668722939;
