m=[-8.267824603017317, -2.786325465618844, 12.34971467998094;
  -2.328750195124964, -0.5617294345105357, 4.208077147632934;
  -2.229233373693295, -0.503829255532722, 4.350552318947031;
  -4.967676545980144, 0.5969648558866703, 8.613569570988709;
  -2.367804457598846, -0.6073484050337298, 4.719336896893501;
  -4.743136279539257, 0.6179423039597695, 8.609885375081152;
  -4.788225716933501, 0.5695127244203775, 8.694459372873554;
  -2.38833294805076, -0.7580028515243276, 4.943597248827071;
  -4.478106198621555, 0.6229191731739734, 8.721020590317014;
  -4.23957486316527, 0.6330311794069499, 8.471659714233622;
  -4.504025974809166, 0.6245678024287934, 9.025401214889333;
  -4.513918356621208, 0.5920942062153718, 9.156811234760431;
  -4.237894116525933, 0.6430335159872854, 8.81071042947724;
  -2.241927981398536, -0.3719629600046147, 5.161660490819713;
  -2.214831683406286, -0.386690122795128, 5.15908071887508;
  -4.252208845989115, 0.6173843610230156, 9.352983660866931;
  -3.119524647822226, -1.497349270950215, 7.604630771838418;
  -3.090843511229072, -1.686397200402178, 7.610785011562597;
  -3.95742035751486, 0.6357354401653715, 9.440205327217212;
  -3.12487478606612, -1.501017249108725, 7.729746959515183;
  -2.998508593324802, -1.663522969115033, 7.469831570575446;
  -2.96348684965137, -1.525826415066937, 7.470667709643943;
  -3.308596876354421, -0.4899800130652153, 8.217610103938306;
  -2.83628443444607, -1.480622660320183, 7.424512400764733;
  -3.038493619246003, -1.388836700188471, 7.896632428176872;
  -2.786206440436438, -1.550934618878326, 7.354892610764575;
  -3.022739445392797, -1.414431038032511, 7.910594692269489;
  -3.060547781923995, -1.465061761953675, 8.014382190791562;
  -2.763566599848159, -1.558072289325738, 7.472243999183148;
  -2.772110667551975, -1.521485632779085, 7.504461214551108;
  -3.844031215457588, -1.0435749929676, 10.10883369373531;
  -2.75060474907757, -1.515048613665161, 7.534574895150703;
  -3.316137022783871, -0.728597304397649, 8.958172783816686;
  -3.718602306091812, -0.9376894645681524, 10.17885683080168;
  -2.810006530124301, -1.040367791423394, 7.942085924630578;
  -3.248087869560064, -0.6657298518911438, 9.01379967601056;
  -3.67846585399916, -0.9954142295048748, 10.12687895427957;
  -2.936039130509682, -1.406746274521358, 8.311388294620056;
  -2.794542667427236, -1.429236452349859, 7.980482339632752;
  -2.958415889276144, -1.241277234317485, 8.422476526665426;
  -2.723203590361926, -0.9764030228153265, 7.931204340522969;
  -2.699073268662893, -1.333041129020037, 7.909244797536309;
  -2.804257019863054, -1.324401560997542, 8.24917041623889;
  -2.866859957772761, -1.200387216699925, 8.41181825617741;
  -2.752437915114138, -1.232566384794307, 8.125185129971083;
  -2.671528342623937, -0.9891812443642096, 7.939651795384646;
  -2.711886840217531, -0.9578361061577233, 8.070456790398879;
  -2.69371751411953, -1.239388474656008, 8.057339828189505;
  -2.553667233240583, -1.514029535511061, 7.724162467769419;
  -3.412648679594664, -0.9176377596705722, 9.985900289183194;
  -2.682292636104753, -1.182176520741622, 8.090954259378888;
  -3.038141342709706, -0.6407803048967996, 9.030712863844315;
  -2.532170983737267, -1.565882903908481, 7.723307734765814;
  -4.711820543859915, 0.438444782187003, 13.64650147790767;
  -3.401387007461277, -2.367252129936589, 10.43252395564346;
  -2.717229038038794, -1.254510861818539, 8.549502276648537;
  -2.655454907131265, -1.474150172764253, 8.445145541316402;
  -3.258150284524673, -1.01833764116677, 10.13499424367525;
  -2.453917719332452, -1.259914465238481, 8.091822130844653;
  -2.533782975470559, -1.257571532795166, 8.320404630352288;
  -3.222992629144552, -1.024099082673391, 10.36768553183159;
  -2.729787451182551, -0.544455620811336, 8.928462306257304;
  -2.554786905434443, -0.5997953774340581, 8.425686178236731;
  -2.551558613088417, -0.6052800007244475, 8.417926824497066;
  -2.602607035650977, -1.154622387745296, 8.584287545274261;
  -2.788341276145768, -1.987588788184005, 9.14129403788537;
  -2.897981360475112, -1.849787627968088, 9.491196612416278;
  -3.166025133374224, -0.8991538861685429, 10.30520213934775;
  -2.534412316319022, -1.415644364735923, 8.54322931967495;
  -2.94444104211127, -2.226123917369801, 9.904663658989669;
  -3.165033704244242, -0.9948368503158985, 10.5465830108032;
  -3.124065336693176, -1.047889488800646, 10.44471866485711;
  -3.06333513550765, -1.15268731791574, 10.3143050921265;
  -2.504231417222394, -1.360970276584042, 8.641812894249224;
  -3.187613205622564, -0.9580400242810512, 10.80418084469327;
  15.64367242987587, -11.61668340661645, -48.10305407528238;
  -2.409322317801653, -1.219046992987607, 8.567693786568942;
  -3.082878522557111, -1.064512349955251, 10.69033651820327;
  -4.688515289861726, 0.5453281404739478, 15.81156157627702;
  -3.07304481519348, -0.9383739555277314, 10.80248287411939;
  -2.977872346735853, -1.194559618523185, 10.76924459034539;
  -1.850567160173317, 0.8137525152231289, 7.107068875169402;
  -2.267255788789285, -1.339729979991457, 8.544107408897256;
  -2.273893205644471, -1.248668146756901, 8.61471707438497;
  -2.901796747465364, -2.194345679470146, 11.21549760567383;
  -2.799806664959675, -1.064909340540843, 10.89799646137103;
  -2.881627224273902, -1.240485238376745, 11.20425059717394;
  -2.720524671707354, -1.001569043549363, 10.86348977187846;
  -2.801222893375238, -2.126853947716353, 11.25872108617248;
  -2.60224424688616, -1.144327196752675, 10.54649187781465;
  -1.586789962298821, 0.8208927919010178, 6.794188558414133;
  -3.627519211813691, -0.9380094405881445, 14.48055076540803;
  -4.287901376565964, 0.5850827829853912, 17.05181872194589;
  -3.803354125602009, 0.6054468228231683, 15.24025511591751;
  -4.267209315458377, 0.4972536735987334, 17.17221255731909;
  -2.277222526194724, 0.6814713078868763, 9.641060188039052;
  -2.695980588941463, -2.118070128751219, 11.34804290883184;
  -1.81137870623058, 0.7845134078768792, 8.107782036119147;
  -1.507000521325372, 0.8634670740045826, 6.944940439187405;
  -2.61474406919183, -2.134192865099316, 11.59450404065681;
  -3.911046028972964, 0.5981360664224371, 16.97940997391635;
  -1.465162392872799, 0.8914085765504108, 6.975488116305646;
  -1.515598541489635, 0.8790096081439891, 7.202051647766904;
  -1.713885920903682, 0.7916371819473023, 8.689781486306526;
  -2.728838805842635, 0.6316753260965643, 13.2699522872034;
  -3.250200895341375, 0.5454602421146561, 15.83883589659049;
  -1.630790419407421, 0.8254914817171748, 8.452754452918446;
  -2.436750663330556, -1.761724898562717, 12.32021916159088;
  -1.561447021901415, 0.8585546854517332, 8.702556664269727;
  -1.551886185910789, 0.8595426588062435, 8.985197808079224;
  -1.926106456196545, 0.7371298130021132, 11.04051635007531;
  -1.497782139226495, 0.9417980239070416, 9.065094802722451;
  -1.730864785445592, 0.7679746707556494, 11.01930502851877;
  -1.613697504136965, 0.8363878722921737, 10.56263012868457;
  -1.739814191140546, 0.7666702563288398, 11.3587136402304;
  -1.535152383917179, 0.8714834152770553, 10.64794214543927;
  -1.680665119071721, -1.863392207394926, 11.8996110242438;
  -1.425392635537196, 0.7698632001060142, 10.46873210417532;
  -1.425833786645492, 0.8261386087141609, 10.57119596469073;
  -1.871346205749751, 0.7434097289394847, 13.82995815116446;
  -1.52689220973862, -2.127695439922925, 12.09541829651033;
  -0.613574887215652, 0.8654894646224868, 5.470420275447125;
  -1.515803014223544, -2.355303739529902, 12.63562946626494;
  -1.384318037831255, 0.8716141265226618, 11.38827219726231;
  -1.429136952493086, -2.127450591165274, 12.01314306107136;
  -1.538659901416932, -2.546960875303922, 13.45276086356816;
  -1.203511404298339, 0.8283000255872928, 11.06501695221236;
  -0.5283421071292886, 0.8635392954897552, 5.434270429834233;
  -1.390514491239849, -2.472483717805979, 13.13818379732484;
  -1.278923983306426, -2.920346216866638, 13.00421160453169;
  -1.072077504017482, -2.746434701848351, 12.81800691111031;
