m=[-5.83462786846079, 1.569390301303246, 7.929814464465681;
  -6.778732304883409, 1.541245005746889, 9.130297591225173;
  -5.834434928130274, 1.577749566952261, 8.032652005417091;
  -4.512947307658594, -1.058004489602712, 6.465796211534582;
  -5.874419851760876, 1.565226593661239, 8.112342214035797;
  -39.28083900817326, 0.6526478540565562, 49.01819536387183;
  -4.447867048837006, -1.207106081299258, 6.507912571226322;
  -4.63872332341372, -1.144959389930603, 6.762946781394402;
  -8.035857618114163, 1.397543997973193, 11.03058535755572;
  -9.964671319171019, 1.378293846963143, 13.44464256788723;
  -36.26783301267017, -0.2559760148708695, 46.81594604516778;
  -4.859857995515847, -0.683730435735439, 7.207116861166902;
  -4.19588315972418, -1.203883676226727, 6.411560103706218;
  -4.8906759989558, -0.7025675470845554, 7.358483239509816;
  -4.148549435167732, -1.164563384004286, 6.42080362458809;
  -8.579415360662546, 1.411931748215133, 12.31886172633523;
  -5.340183308022856, 1.621895389562217, 8.055702326695336;
  -8.416585651883088, 1.290318622119206, 12.12909422077297;
  -5.617905142439621, 1.55137337328002, 8.501878468803422;
  -5.301999088237285, 1.598168181607568, 8.10130568887408;
  -4.137520959993967, -0.8564656834191989, 6.593247380558929;
  -4.108189963906392, -0.8221286363654007, 6.566112086503942;
  -8.383362197841645, 1.44106805248556, 12.39732947074999;
  -4.169146817413604, -1.193137557257321, 6.677922272471722;
  -4.825050930605835, 1.654323002613509, 7.560459536098578;
  -5.664619733467284, 1.619557093890885, 8.713091577812895;
  -5.026471607691947, 1.657905885913786, 7.848668069631187;
  -5.516520643432518, 1.582190150521894, 8.580298558511386;
  -8.101575090000528, 1.432705118196877, 12.17969102626182;
  -8.353170111504817, 1.404268990152381, 12.53911926016003;
  -6.510928680255771, 1.494474246288604, 10.02258566351195;
  -5.225230273635533, 1.584355168126978, 8.249394720991338;
  -5.184077447175984, 1.603215976777691, 8.207048538016307;
  -6.047612611328303, -0.7196200372635214, 9.510838258512985;
  -4.772300152404078, 1.593074053614763, 7.730475528217609;
  -6.447453505987181, 1.534589366770398, 10.10929836979128;
  -8.326467250334661, 1.41581999954023, 12.78949085180278;
  -5.857646778656978, 1.564907098343597, 9.303794893063783;
  -4.718058581664848, 1.667077560181358, 7.690015389280065;
  -5.682428525098517, 1.529921299549891, 9.073304287495946;
  -7.43884374060139, 1.446097733534083, 11.57408161491748;
  -5.426822017327099, 1.587492088869971, 8.735733551133858;
  -4.080903012327434, -1.002733536944479, 6.832827632734469;
  -7.190687511650685, 1.423705010933941, 11.299671471915;
  -6.153957070952743, 1.532529872910639, 9.836391308744318;
  -5.516170284058445, 1.536632463097518, 8.914611988450531;
  -6.310474135690182, 1.51898014746275, 10.07248507932649;
  -4.06122651014813, -0.9990890239835151, 6.868257467008241;
  -8.650713761819258, 1.421838244882075, 13.51087754332889;
  -9.032604102799549, 1.405482936018407, 14.11794919813991;
  -4.961252492889738, 1.615979704735344, 8.219598883491468;
  -5.274842674719385, 1.611572941779252, 8.720359545506575;
  -5.451747952992831, 1.570066539125721, 8.978268705904123;
  -4.614605488847177, -1.515557091500051, 7.776635650363883;
  -6.02500521748104, 1.538852079636277, 9.930434600244107;
  -4.620106808562428, -1.595903728495781, 7.861802246111513;
  -4.561526496969159, -1.493336965628024, 7.803890988726122;
  -8.596449358132128, 1.401641348899225, 13.82057307397577;
  -7.266832207118998, 1.488967295001981, 11.83618626986625;
  -4.413998896654372, 1.70361858646138, 7.597860404398553;
  -4.517089065164998, 1.65912225833983, 7.79005313492374;
  -4.490290068529188, -1.27461977467949, 7.77839873085288;
  -5.927736694602257, 1.536580513167508, 9.950174008841483;
  -7.238172171732439, 1.457596772307227, 11.94376913396527;
  -8.059562031859894, 1.420588615655177, 13.23801273010371;
  -4.539185163265216, -1.46296222052176, 7.908843896933398;
  -4.251405443843709, 1.69799237753337, 7.455519901234108;
  -4.467777628754203, -1.315301876779567, 7.845335370039775;
  -8.402378791499357, 1.429477801935506, 13.8520813472072;
  -4.268512450726984, 1.725760439504355, 7.564444460711347;
  -5.578705128246606, 1.567574063577142, 9.622252174922673;
  -6.807839636206448, 1.486409301905155, 11.56468791607338;
  -21.94781058361324, 1.159648448300177, 35.17593896775593;
  -4.773734981987517, -0.8210190661590258, 8.458930092880399;
  -4.756318745633758, -0.7682324573797115, 8.447437584893038;
  -5.002673107897948, 1.596831159589791, 8.835322499116719;
  -4.654291255113048, 1.626458883380986, 8.300017643284749;
  -6.746518121632154, 1.495262547144364, 11.62114755455134;
  -5.125150533971958, 1.577825324372113, 9.085678938065957;
  -7.382564465547588, 1.455539034794106, 12.65870940720996;
  -6.951265505414542, 1.480382123581537, 11.97835603965191;
  -4.53117507959456, 1.688468961510639, 8.152427745134004;
  -7.057654833151857, 1.450448167116752, 12.17207571899776;
  -4.585529138588334, 1.652195500310614, 8.257406783956752;
  -4.862180842294543, 1.601072360040584, 8.735012306474921;
  -4.730579793807522, -0.8400751168412586, 8.554619177394587;
  -4.612592469182861, -0.7597772524874114, 8.370102457555573;
  -4.320597510690785, -1.44214327414143, 7.931921733145408;
  -7.929381103812204, 1.444460727714588, 13.73033195190567;
  -4.607485378246246, -0.6801894447823522, 8.415855043083425;
  -5.050178842399275, 1.595853528498942, 9.117132558734582;
  -8.011707858104476, 1.356600791414461, 13.88980938542944;
  -4.118891955357212, 1.717806439103673, 7.634837394210242;
  -4.308072035014287, -1.428819775799801, 7.984810942772413;
  -4.326615723458813, -1.606275947562298, 8.032918468564475;
  -4.369088567343451, -1.739548248005358, 8.122072972479232;
  -4.814695451249916, 1.608012367173469, 8.885044014521276;
  -4.510055052810968, -1.08662517941101, 8.401966455403736;
  -4.308326221943696, -1.550267754429769, 8.08678006161009;
  -4.337081116378345, -1.376379585694261, 8.167126176249067;
  -6.569112124272646, 1.476700638523686, 11.87609160458899;
  -6.716336616894848, 1.462145098271912, 12.12306153856522;
  -6.745702411885356, 1.420608146174392, 12.17972429324251;
  -4.671818058112649, -1.247360749202661, 8.763570134979357;
  -4.490995586205798, -1.165843004228703, 8.470319381893688;
  -4.40789411356597, -0.7714530009412359, 8.339263516048217;
  -5.37094406769759, 1.581773890836515, 9.93332461363242;
  -4.263130345457258, -1.391691302371721, 8.112230490218089;
  -4.898882566653239, 1.589114072985393, 9.171880867871293;
  -6.039669463269562, 1.514584488297683, 11.11112840683738;
  -5.650363975852142, 1.545847694939923, 10.45701744717019;
  -5.524483590339124, 1.584802548931055, 10.25924466718036;
  -4.557114604653238, -1.372656724508419, 8.659508820803024;
  -4.776393324513316, 1.624306339744166, 9.015122258151886;
  -4.163498931320167, -1.416294983726741, 8.002921238520091;
  -6.997481343281937, 1.463035287077919, 12.76659441646189;
  -4.370956100421478, 1.667289320905036, 8.348310145620321;
  -4.417742744443075, -1.789516303199875, 8.443228273231336;
  -8.68001490231406, 1.386667267584727, 15.64033533863292;
  -4.389428398742469, -0.9383538005723081, 8.413826588410537;
  -4.678975586062861, 1.626678005153274, 8.894389309779678;
  -6.670020101662356, 1.4720846018574, 12.28946183439764;
  -4.867460336571268, 1.608381235697485, 9.245272180898596;
  -7.774979685556142, 1.402971161266015, 14.22095500692871;
  -4.19322392128375, -1.492018891229448, 8.141765996729262;
  -6.315900187393017, 1.407212178254131, 11.765026318818;
  -4.497355038171668, -1.261342035287506, 8.712839933547642;
  -4.154055331047029, -1.524609038566297, 8.131378001339874;
  -4.498245928570716, -0.4933219403346713, 8.722469987924782;
  -4.328922369814681, 1.652030584345154, 8.437029327204922;
  -4.087823996401294, 1.724488900672705, 8.041977348298499;
  -4.358779545393375, -1.781808721686846, 8.577590058054284;
