m=[-2.976228607920077, 0.7435138550428735, 4.909179334342288;
  -2.465176168150216, 0.7744026727022875, 4.618787789922622;
  -2.390913040597042, -0.5656823385985027, 4.549612211515193;
  -2.336888168992475, -0.520901668912269, 4.65071179883199;
  -2.345494732637797, -0.5006740853236171, 4.662448845632388;
  -2.278548786419474, -0.4573742830018672, 4.59917916658723;
  -5.036040553036006, 0.6118280965460495, 8.979668388421285;
  -2.287573783912635, -0.4972775121037699, 4.701821327269426;
  -5.023111119920043, 0.5925629362792866, 9.158065599889245;
  -2.240061597053493, -0.441559413162744, 4.668443896156598;
  -2.233661134810804, -0.5218291507339413, 4.672440978867062;
  -3.943409765471577, 0.6859761583806808, 7.620139115097705;
  -2.502428613442223, -1.032544056904402, 5.231535974245943;
  -4.720081623256069, 0.6040346385174173, 9.018932624937042;
  -2.487441537877761, -0.9761699200792073, 5.232379844168576;
  -4.797406891323043, 0.5584880339424378, 9.157532613477441;
  -2.246774132955507, -0.5528783481176828, 4.821629005293567;
  -2.212638682784383, -0.4595568467370289, 4.77587969231916;
  -4.829648458335359, 0.613464171534521, 9.344208071736087;
  -2.498793765197588, -1.086399132496054, 5.399004552118947;
  -2.166149184724711, -0.3839223137070179, 4.830502998566897;
  -2.408260729619272, -1.057424640453853, 5.312410262434779;
  -2.421385162949657, -1.08950613388297, 5.360623186834475;
  -4.514657514098776, 0.6173634990952004, 9.232138942436466;
  -2.31924604893217, -0.6939687125899386, 5.271808536498993;
  -4.27543639366854, 0.6292009497202293, 8.988193499464915;
  -4.522525672544305, 0.5836275759273585, 9.614146770410105;
  -2.344860650149574, -0.4187375107948966, 5.505025456214376;
  -7.346376336974117, 0.6033205067043234, 15.25694448802094;
  -2.217618099735402, -0.7722185368772648, 5.396533387644014;
  -2.402997237778553, -0.6108450159280056, 5.77602729008584;
  -2.26814262166669, -0.3282502098113592, 5.544914423212942;
  -4.293845958530657, 0.6132691568738544, 9.878821873107823;
  -4.008340352392494, 0.6340777691349991, 9.9937621997765;
  -3.036563457952911, -1.488427803873157, 8.198584725148262;
  -2.800496003331672, -1.556909169298788, 7.839945529529079;
  -3.49399165418568, -2.130631670461036, 9.610892678180345;
  -3.97135990101794, 0.623368781375982, 10.78185360328103;
  -2.775242188834145, -1.561475427103867, 7.937202027494064;
  -2.793063903954279, -1.530494990283438, 8.006137025863781;
  -3.356148566899695, -2.165242945264328, 9.495771688743966;
  -2.99324949865318, -0.5066855940534125, 8.560192313468491;
  -3.312081533678186, -0.7279400552861144, 9.380715886380097;
  -2.973957141691509, -1.541987557014613, 8.557062022599538;
  -3.508683772543535, -0.8446077460030479, 10.02966952158168;
  -2.941512312892912, -0.4901585345341268, 8.610495406183796;
  -3.338471996006208, -0.6888388100385556, 9.693519828647535;
  -3.55277648340695, -0.8677371243998968, 10.29667830593438;
  -3.172081618462854, -2.102662629321169, 9.340456286682899;
  -3.881667943270668, 0.635975865199984, 11.17257446773997;
  -2.81196082767213, -1.426480432851606, 8.523602720422129;
  -2.786425682057292, -1.087378632109221, 8.468947256817202;
  -2.776353793519734, -0.9989715083164479, 8.518117103924524;
  -3.476493215675629, -0.991847704527778, 10.44617989438607;
  -2.774704675037413, -1.307461952812951, 8.606891207498986;
  -3.175939727554394, -0.7340917350954299, 9.715403747836698;
  -2.772719881353443, -1.239776536599561, 8.616991859454059;
  -2.583315216154112, -1.656061727741321, 8.135292414532346;
  -3.453983806442043, -0.9287312943507967, 10.52885420205283;
  -2.648748337313272, -1.041839941292549, 8.338202000329291;
  -4.776060515669612, 0.4332530193092216, 14.24039705432289;
  -2.705475778880239, -1.243339359801199, 8.531750611417373;
  -2.584550364078789, -1.530223276287708, 8.252470767824043;
  -2.703633153583061, -1.310451581963554, 8.624707878154268;
  -2.531777799896703, -1.543313953928893, 8.152413219613996;
  -3.142249229578221, -2.265018063647771, 10.09492896985096;
  -3.28667600801975, -1.026543781151658, 10.64403988920476;
  -2.72432952068691, -1.255890006485861, 9.002402945054406;
  -3.217592694646943, -0.9019076117270278, 10.56490211597206;
  -3.417113474058848, 0.6304597704199265, 11.23145817913392;
  -2.575283904383847, -1.226087785670833, 8.727466031114572;
  -3.337590326025067, -1.300365143954628, 11.10931807645719;
  -2.557967180934113, -1.266823941815278, 8.831118438851267;
  -2.594872202494647, -0.5151776871031915, 8.934408836846364;
  -2.540065981733083, -0.6015763410357431, 8.803143605550341;
  -2.471249937622226, -0.6380368815366628, 8.629293714762238;
  -2.681743307711082, -1.531151290846946, 9.406145387941079;
  -2.828322612890615, -1.840270403808284, 9.885491595946972;
  -3.203084747280529, -1.006171251189831, 11.0846848048157;
  -3.119883732788257, -1.039791071452621, 10.85089430514758;
  -2.954454313661662, -2.33375056435635, 10.36694043324483;
  -3.227529585022594, -0.9717709300018947, 11.35532823816149;
  -2.647486635521417, -1.627971779503809, 9.524908150986562;
  -3.027257113515122, -0.9777851723260271, 10.74786224788414;
  -2.505025663184779, -1.3530948584018, 9.066394145851564;
  -2.367596920749977, -1.326804907285683, 8.800108263396393;
  -2.461237420894941, -1.242319860798078, 9.175227997564349;
  -2.379439045311075, -1.390502602911655, 8.919021144400626;
  -3.006809700604536, -0.8612702205509946, 10.98484103535064;
  -3.032214521509736, -0.9195453582352761, 11.06883938900608;
  -2.434159268843428, -1.300878268005721, 9.133037451541632;
  -2.752963904980188, -1.809305965506456, 10.21743934544906;
  -2.3431782969638, -1.332820488948407, 8.935953220871134;
  -2.937377690888968, -2.556143318841364, 11.05799508207757;
  -3.081865063362534, -0.9658308367866686, 11.50701373816377;
  -2.982541233833603, -1.193288087197935, 11.19131899338356;
  -3.05306061354205, -1.045366193782069, 11.47458952575586;
  -2.363386872570558, -1.320615558168491, 9.165569571806335;
  -2.827347566158058, -2.509667437927476, 10.88696243735037;
  -2.271427105896311, -1.231414384466703, 8.986487843882147;
  -2.790043779104956, -1.053382409809668, 11.13194011278633;
  -2.842694164044239, -1.080989464753727, 11.46439294181648;
  -2.930748771776122, -2.286115498319458, 11.90006632959598;
  -2.702796004987167, -0.9908647425182225, 11.18915072323718;
  -3.805940310034865, -0.9834258121084077, 15.52914154746564;
  -2.784253360074278, -2.035199690430454, 11.6632467622158;
  -3.208750003069726, -2.612737421557783, 13.44697909730389;
  -4.211599497862933, 0.4858653382978975, 17.30133272427684;
  -1.588068045537082, 0.874638335329173, 7.206861130369677;
  -2.051497877625623, 0.7576603178433005, 9.035892053499104;
  -2.274881227396695, 0.6693846553500208, 10.02407075806788;
  -2.703837574747402, -2.185981428247329, 11.93586391919269;
  -3.994841962654159, 0.578025620407602, 17.15407226763466;
  -1.905847861464206, 0.7663067914889631, 8.83312888412997;
  -3.403308692713218, -0.5583755422994567, 15.08662705468026;
  -1.864436425075779, 0.7933994097933218, 8.744880875682224;
  -3.72789386055222, 0.5611053149999538, 16.53113044038886;
  -2.635628981212832, -2.137401316276706, 12.07567606575376;
  -3.130756129556069, -0.8102895302605445, 14.33777471481979;
  -3.177764158613071, -0.4820313546735748, 14.63841519087305;
  -2.705659709617591, -2.138772776087914, 12.67258866011428;
  -1.474428722009925, 0.8802633927302394, 7.43089524029306;
  -2.388249081539307, -1.627841955878985, 11.80980053567901;
  -1.494132189997548, 0.8699265888559171, 7.725549427075645;
  -1.544368781178962, 0.863234021648329, 8.062846680888343;
  -2.867503089003418, 0.6425863785631575, 14.25519885046083;
  -3.113215410041925, 0.5115378396521697, 15.48852682378987;
  -2.350555504507327, -1.615718003649654, 12.09161254304178;
  -1.745977466460533, 0.7909867678249144, 9.232871341530901;
  -2.455305695913157, -1.763310382795368, 12.77413431245895;
  -2.614873296300323, -2.183311060013238, 14.09904764553719;
