m=[-2.935282326192422, 0.8725953460407723, 4.550950886854665;
  -3.370791431249185, 0.8349918211657268, 5.371070204724393;
  -3.356703116152732, 0.8396482376322514, 5.394564289217048;
  -3.165513086828244, 0.8740006177629089, 5.202498520480887;
  -2.982014973998178, -0.7443426384561073, 5.015197517548553;
  -3.054985344326564, 0.869608108331569, 5.153311328561453;
  -3.078031161826425, 0.8569451953053873, 5.194190202822172;
  -4.148712110079835, 0.7746198259447976, 6.71677305842979;
  -5.374974890393301, 0.73146610676724, 8.816893639355385;
  -3.680387724048874, 0.833912436880482, 6.358931215032742;
  -4.575714293887766, 0.7076816559075185, 8.097500086104004;
  -16.84769805791091, -0.3614369886385951, 27.31677604041043;
  -2.608361139938561, 0.8700512487781835, 5.061818910689627;
  -17.37604802919858, -0.1363430228825059, 29.0856644939552;
  -2.643599821828847, -0.4532854840880134, 5.342335381658898;
  -2.592550232140512, -0.5159679423659332, 5.37514563333132;
  -2.496591840327137, -0.9324777865913658, 5.217229672873042;
  -2.449722291156607, -0.8286113861720038, 5.26079340400799;
  -2.581514807653594, -0.6692815098795693, 5.551067209974703;
  -2.522680512440447, -0.5997162303787244, 5.503893031268722;
  -2.541507558337794, -0.6801695648638999, 5.535794258003746;
  -20.71603226716581, -0.6544667618960921, 38.34679599700906;
  -3.81993099746858, 0.7506862089709532, 7.934002612504575;
  -18.71402014503243, -0.1634563203317197, 35.35945544778659;
  -2.424767883348876, -0.961798044225701, 5.468414587134173;
  -2.335670051708918, -0.6329552574777388, 5.329110348600624;
  -2.357226506053353, -0.4395807231384723, 5.38081707658487;
  -2.423903197366062, -0.8841901872579351, 5.510079074823293;
  -2.433750062541009, -0.587951500384156, 5.538540463641348;
  -2.580006107683323, -0.3941797098372152, 5.819942626262429;
  -2.368860650300058, -0.9645340298395094, 5.507649756765211;
  -2.275895228658248, -0.9806892982747635, 5.350213923103663;
  -2.207059641796392, -0.5116252527090571, 5.301177065061078;
  -3.139601851790812, 0.7999207513225977, 7.193599794391236;
  -2.210061363729177, -0.9826376575974178, 5.38803998646312;
  -4.746354498733896, 0.7144036660746311, 10.55226698888794;
  -2.206391616569893, -0.4414406192742358, 5.445809504482334;
  -2.28783648756703, -0.9665034719546602, 5.664112408388196;
  -2.230801483505626, -0.5419455574758543, 5.562064947566868;
  -5.362989268660236, 0.2409673885592788, 12.24314825368056;
  -2.320171012055881, -0.897613908124405, 5.980082553849895;
  -5.292934315162849, 0.6473394150492217, 12.48964827097717;
  -2.328550087143109, -0.9195268232696435, 6.025513750767988;
  -2.355165927607878, -0.8188513898056102, 6.126729297080917;
  -2.504676432966605, -1.234121951373328, 6.457511486131084;
  -2.315291275426827, -0.842571059484392, 6.040203590018468;
  -2.469214079838104, -1.268721724454167, 6.446234273905916;
  -1.940319230878868, 0.9322248847110443, 5.323641496516687;
  -2.334601936892339, -0.7715050016011565, 6.199060054687198;
  -2.361063896598831, -0.8458537273661843, 6.258254271907437;
  -2.38370859314733, -1.215936677095248, 6.358427612100476;
  -2.396626876968317, -0.5548564996123302, 6.426362062340457;
  -3.572774494878207, 0.7658992207967519, 9.145206468918824;
  -2.300273612721445, -0.8171392948759246, 6.259642519625321;
  -2.388254952527033, -0.5093321711763663, 6.466422320326775;
  -3.182075727668107, 0.7930265161088287, 8.325893181194516;
  -2.831163540191917, 0.8070331054135524, 7.552690845695929;
  -2.404733133008792, -1.226642140302887, 6.543847332817685;
  -2.363253631078073, -0.4937475474063173, 6.493729311749433;
  -2.386853706312582, -0.236216616650881, 6.560989033234534;
  -2.378962610506934, -0.5957656875188802, 6.551399471185372;
  -1.878463217059263, 0.9241156202954268, 5.419918682940413;
  -4.996116239119071, 0.7112361187062666, 12.86360702416922;
  -2.418899959073071, -0.1732891768415107, 6.722023930366715;
  -3.088178935419694, 0.8011610959304113, 8.328421926323967;
  -2.094261146837801, 0.8957548657279105, 5.958409164466555;
  -2.378836764126827, -1.039934040150159, 6.660351271844171;
  -2.383293393451774, -1.083035450378048, 6.67961497398692;
  -2.37913336840657, -0.4724284822482679, 6.705087907467831;
  -4.444215687658669, 0.7279398961049338, 11.75728758146701;
  -4.845471097839668, 0.701473479562918, 12.74166701138434;
  -1.790014776997087, 0.9294454861243582, 5.318370363893693;
  -2.311408745492822, -1.02228149823772, 6.631123147813229;
  -4.123684651973599, 0.7350189565716747, 11.13644873849808;
  -4.379579076539541, 0.7303221163450755, 11.76834446555393;
  -2.312066603932134, -0.8896160445435556, 6.670604646312615;
  -3.020595126581844, 0.798014568859387, 8.477808401262591;
  -2.347125900450123, -1.205945895119192, 6.809633942105868;
  -2.351070753045857, -1.053552876598012, 6.845850095953637;
  -3.041736892853957, 0.8052318947594563, 8.63963899402169;
  -2.386573325940219, -1.258667601438431, 6.963291416029735;
  -4.071052039960311, 0.7458013158369615, 11.25888371511194;
  -2.321495514995029, -1.205967745703622, 6.814998205967408;
  -1.749524153932032, 0.9313908026642053, 5.412776314726917;
  -2.462369365600935, -1.40490888075965, 7.233292787307181;
  -2.474326678253177, -1.450281685906036, 7.356483199573668;
  -4.630816493278217, 0.6965322011141621, 12.98554574778603;
  -2.562782026723125, -0.4920567168468457, 7.629133149917979;
  -1.677789866560933, 0.9200631471065544, 5.405127499524673;
  -2.432417207915564, -0.4764265560779021, 7.467412637797585;
  -2.436725161115385, -0.452939373940355, 7.501095295595367;
  -2.231874065781684, 0.8469462282452089, 6.983106968408731;
  -1.945408937370408, 0.8904339775107446, 6.213304699532678;
  -2.520124952918521, -0.6365720242181556, 7.752405871605059;
  -2.532161759375252, -0.5528181167376229, 7.809872700510953;
  -2.375544141461059, -1.336859910839048, 7.436772922673086;
  -1.632953505650807, 0.9317432657206336, 5.458864556780493;
  -2.709755015462679, -0.7975908365067278, 8.409627938693053;
  -1.57882052696481, 0.92883471360568, 5.343965819415243;
  -2.47031167252075, -0.3534856585904792, 7.913651228412185;
  -2.404564695849765, -0.3898505691423558, 7.759479383151474;
  -2.512094064620114, -0.7205216557178885, 8.114783103386749;
  -2.508762186751525, -0.3196443313478302, 8.152444703920049;
  -2.490990601273874, -0.2619927393143269, 8.120572629329587;
  -1.60129936149454, 0.9437294758912603, 5.601796388488624;
  -2.375057034097967, -1.403029148111178, 7.848031379898026;
  -2.877672731491288, 0.805756116222118, 9.373101052876171;
  -2.466376334588943, -0.7497157744117262, 8.168937080614905;
  -1.537793802507991, 0.9377278079820601, 5.507405541109127;
  -4.327399406268681, 0.7592940573073568, 13.84027506797702;
  -2.359331711209035, -0.2143974469970723, 8.028554081982712;
  -2.309685427783628, -0.2248183686817475, 8.074995598156976;
  -2.537922093997126, -0.3075197354396289, 8.834505327377283;
  -2.317054240091883, -0.7281275743965187, 8.196321176265645;
  -1.52469638893299, 0.9609711800277128, 5.764652881569137;
  -5.276575265925987, 0.5523404643184887, 17.88126579157063;
  -3.114253029214525, -1.473037874347213, 11.00065551007223;
  -2.261688363307504, -1.733706771853158, 8.246862088991954;
  -3.640457448154496, -0.8150549301565613, 12.83918536221901;
  -3.21391076488162, -1.357388257158863, 11.49361707116097;
  -3.438055380269951, -0.789625144638186, 12.23811064852204;
  -2.235626237353631, -1.729911134009637, 8.284322689560595;
  -3.288106389668466, -1.471561196229986, 11.80961578807428;
  -2.986730682004797, -1.61358662428295, 10.88107045380875;
  -3.320574403865075, -0.5985300523717922, 12.06047499425781;
  -3.471117415542857, -2.136906084997631, 12.61300866113006;
  -3.683561303944628, -2.401115097038643, 13.49910668059502;
  -3.831748584953656, -1.025215730577042, 14.13157973993695;
  -3.075850563034231, -1.503244939891848, 11.61045886107312;
  -2.968187046638139, -1.745510282909612, 11.27380188299478;
