m=[-4.920038159956522, 1.095369192172839, 7.321026570952384;
  -4.315417008361569, 0.7218115779048402, 6.675959425922941;
  1.145816446877088, 0.2747507079301685, -1.668504148746705;
  -3.388248539256223, 0.762181849308865, 6.315030079151545;
  -2.178404997154114, -0.71550720146765, 4.497452262679737;
  -2.161347072707817, -0.7073759651600303, 4.507651686669525;
  -3.031777314746771, 0.7472528428922294, 5.994513877567742;
  -8.170620654991231, 0.6967121403783526, 14.50757712360203;
  -3.374460840469386, 0.7474957676922116, 6.568795573123437;
  -5.318755899505811, 0.6782459356162659, 9.812199346718286;
  -2.317982260570163, -0.6197594661487935, 4.868845467346681;
  -2.255581635417017, -0.5411901932660257, 4.810960879134187;
  -2.298795725432751, -0.5985289383896688, 4.893562621803541;
  -2.11863102869712, -0.7426661228349863, 4.611725028024843;
  -3.213317579743023, 0.7255681287893766, 6.4561304896434;
  -5.187200721497581, 0.6812025201727783, 10.1892060226144;
  -5.081429882730713, 0.6526262310681821, 10.20444523795807;
  -3.42328017614527, 0.7529585503390667, 7.262874559679013;
  -4.960126225826078, 0.6308753069731993, 10.40551379511178;
  -4.972819067036123, 0.2530115503055618, 10.49240551454038;
  -3.966901781164953, 0.7298932015926934, 8.609216741094247;
  -4.455027238504036, 0.7278613111248138, 9.553386143482269;
  -2.527157102279499, -0.6808395459336351, 6.219422700773816;
  -4.406441995786357, 0.6960039714889325, 10.06985049690147;
  -2.296842379235707, -0.4203933834161894, 5.767690669089681;
  -2.353721495400078, -0.5897277923399861, 5.939135695968159;
  -2.312292310926489, -0.4458651839616207, 5.850499843920711;
  -2.30997958986744, -0.4713445444666259, 5.856738780675403;
  -4.242844731048924, 0.6889181669476885, 10.00786860445503;
  -2.315944871880419, -0.5365692409625875, 5.952302437357171;
  -2.532173843930953, -0.9916387624859425, 6.528230469826135;
  -2.250828764050997, -0.4449022418395102, 5.982190904909102;
  -2.456686288792862, -0.9481958294699039, 6.462726510360887;
  -2.396873626097197, -0.7067424566003571, 6.363668826661085;
  -2.534526967510173, -0.2010040068546337, 6.706123732686922;
  -2.386562375762536, -0.6793985141393382, 6.408238057000356;
  -2.378042584904575, -0.7279675763029898, 6.403450693852467;
  -2.351744663131793, -0.6442185949836733, 6.360845856756735;
  -4.355916875519027, 0.6825772294147079, 10.94696412032092;
  -2.337076292530889, -0.2792114518634114, 6.362623575785152;
  -2.349628585986157, -0.2987016944834097, 6.46605464960587;
  -2.286815696060061, -0.2470149048728667, 6.388584175259036;
  -4.364248564568965, 0.6900062662776993, 11.3429843525211;
  -3.889987328175859, 0.7174154133700144, 10.47164373166725;
  -4.069405885490677, 0.7072759479558586, 11.06621521371899;
  -2.174708287652253, -0.6769616113087358, 6.41478888609213;
  -2.17149005870517, -0.6112395688254599, 6.681617014476064;
  -4.193522685680616, 0.7053151559772709, 11.99095578744608;
  -3.297339144111029, -1.768919917224459, 9.748883280615267;
  -2.126215635055206, -0.6798351049529982, 6.640406431069994;
  -2.158498875737108, -0.6473206444170446, 6.742871954828139;
  -3.691553681422074, -2.246913595117113, 10.92663696843052;
  -3.239895561447545, -1.534022986375745, 9.735153508950745;
  -4.183387436661633, 0.729752221620353, 12.26414559364597;
  -3.369339779480087, -2.078481211651861, 10.25824572189093;
  -2.923231649243583, -1.451034876423009, 9.046386287074233;
  -3.830978803913342, -0.8578489729140805, 11.55424453553355;
  -3.121584814248326, -1.396888219287843, 9.721972690151398;
  -3.359447182014216, -2.130896895350181, 10.39404680816781;
  -2.861792257620909, -1.535026110726678, 8.997830473484589;
  -3.787179983110062, -0.8906223995749587, 11.76132094862149;
  -3.168262004873795, -1.365344214451522, 10.01932757533368;
  -2.862573142548676, -1.550701208318022, 9.169606135421665;
  -3.335449001856569, -0.6131461023453499, 10.51159866113433;
  -1.424746310099884, 0.943559241341717, 5.041850649623481;
  -3.649272360745509, -0.815782435845441, 11.52262065560442;
  -3.050359583872231, -0.4404308131701547, 9.874647596530291;
  -2.840554998652651, -1.596904610333191, 9.346511464188852;
  -3.287329154908066, -2.046639830012507, 10.7587409668869;
  -3.408929089592451, -0.663397264973058, 11.15828105978925;
  -2.844746139165494, -1.528853475134001, 9.522666002784941;
  -3.759650731353193, -1.079735578686366, 12.3065683754521;
  -2.727236751814101, -1.354304529148675, 9.503663641190634;
  -2.802085473804582, -1.355306672992696, 9.866018272424467;
  -3.231956226397204, -0.7317722982047289, 11.22139289539797;
  -2.829899411369606, -1.297602864222199, 9.987527058265856;
  -2.62767338073852, -1.490737594978935, 9.365752078863443;
  -3.245408611234811, -0.4231588613824989, 11.38035695633318;
  -2.571745040739581, -1.504123596706471, 9.258801776874519;
  -2.909593797015525, -1.355891136516259, 10.41854729797186;
  -3.369852420547614, -0.8611862171642782, 12.00176281381387;
  -3.403781863264847, -2.226495893480737, 12.25912904500301;
  -2.666440563121938, -0.4466065823281757, 9.955079004741142;
  -2.671035781572982, -1.19566779919132, 10.00566520915832;
  -2.752512516380224, -0.4684775500426728, 10.40867119566219;
  -1.905924039368033, 0.884022073876877, 7.499056107492896;
  -3.313506804772981, -0.9519616850246853, 12.39922682598638;
  -2.688258065738501, -0.5635182778215777, 10.25444260761821;
  -2.978453007120405, -2.103198747166692, 11.30852912604691;
  -2.839706299662012, -1.777415540252582, 10.90689035544563;
  -3.251279366666547, -0.8910943985500153, 12.36966403644194;
  -3.173140242415226, -0.9368245796833855, 12.19774385322748;
  -2.917366419960107, -1.707430942388932, 11.45288005546508;
  -3.21118736474775, -1.01810268442431, 12.49043340405932;
  -2.988332168732699, -2.362829417299242, 11.78664174385915;
  -2.907243104065453, -2.392990726966007, 11.49235012601253;
  -5.100096783526933, 0.6148471844976469, 19.36708611263671;
  -3.153157309929606, -0.9721317477077468, 12.52418068826007;
  -2.821335820158498, -1.756516839957764, 11.40965785346285;
  -2.463471581558532, -1.304914849224978, 10.11268250200907;
  -3.038481334086584, -2.405802388094263, 12.25901191639916;
  -3.117761655919729, -0.8762687356688873, 12.55485304519779;
  -2.466552170068903, -1.243450172561058, 10.21026986224966;
  -3.117991044974783, -0.980023103492191, 12.64962895300255;
  -2.866982802975566, -1.233186991865863, 11.73504444338336;
  -2.811071370731205, -2.339457999701938, 11.6653580543613;
  -2.514174404527029, 0.7529212901111222, 10.52929171224988;
  -2.349817633526421, -1.172869633386432, 9.999777456631996;
  -2.871033448277827, -2.455736746328814, 12.02638815353893;
  -3.045381478261136, -2.763973025802991, 12.7073678459369;
  -2.9131305657757, -2.715576206294262, 12.1951307215822;
  -2.362233793681786, -1.24585031195235, 10.11713175890041;
  -3.038725143617257, -0.9836655013973452, 12.74871176623534;
  -2.365226547168296, -1.137868860150738, 10.17275123990171;
  -2.805744112001873, -2.710987855179569, 12.01530987093314;
  -2.393770117978345, -1.215921298920937, 10.41385676013497;
  -3.207063456646182, -2.295107197180804, 13.79789193366893;
  -2.806829436564583, -2.613981799684041, 12.25592363212758;
  -2.910845944252926, -1.008142089826893, 12.6554665509991;
  -4.448376195070926, 0.7258626168556398, 18.88890447681396;
  -6.217065012192514, 0.593343278813202, 26.03790265215492;
  -3.2103606960218, -0.8437262308145259, 14.03346693597858;
  -4.396074919941751, 0.6385541160471389, 18.87032897978455;
  -3.64449352343979, 0.7419709321823307, 15.82319374239658;
  -2.82282669716832, -0.9414538208203674, 12.60534307888422;
  -2.869253546927181, -1.995700546621837, 12.96555301812831;
  -2.727857265618985, -1.959760052072679, 12.63636585064615;
  -4.01358103810821, 0.7062547176923086, 18.04468786283148;
  -4.125347753377032, 0.6526046888960467, 18.92106867142993;
  -2.135226972201398, 0.8442760966472943, 10.27299875219568;
  -2.79059505771927, -2.147621680332702, 13.25789080924638;
