m=[-5.299960611291118, 1.563814235129871, 7.322735838276414;
  -5.111332504140579, 1.569627257016128, 7.136877370470092;
  -6.041918282891994, 1.523384237038734, 8.350832763969542;
  -39.43708728073214, -0.4463392958645384, 49.94351251785739;
  -5.602265484850701, 1.537142555978032, 7.993696885107786;
  -6.186326452370138, 1.513346973945989, 8.729870431145821;
  -6.378412000710847, 1.501053812424382, 9.048135906453917;
  -5.720808088825921, -0.4805840962640018, 8.245418238111977;
  -8.463878732592445, 1.393748997818326, 11.73388694103847;
  -5.189137324391205, 1.570447417353292, 7.623192826637489;
  -5.649732812159562, -0.5255564959019476, 8.243792715905261;
  -6.245457133228386, 1.484607987267046, 9.014851118305876;
  -5.397377108997799, 1.546339697982172, 7.935040636381719;
  -5.687337462695565, -0.290912217603743, 8.313049042565993;
  -5.667709623720031, -0.4676784807628393, 8.304953767982548;
  -5.61674050524194, -0.4316764533192461, 8.240292251910155;
  -5.093515066289088, 1.564959180025905, 7.574171278250369;
  -4.549438234467206, -1.439674676048848, 6.885374199607111;
  -7.299119099631303, 1.414737388437256, 10.49254962387551;
  -5.028937063032555, 1.57014691064404, 7.530989343531155;
  -8.420478231805264, 1.400469181879184, 11.965135234708;
  -5.971159363286822, 1.506441777856769, 8.88651122387075;
  -6.051624122681471, 1.492724596514884, 9.000487481084695;
  -5.766526455852647, 1.537329975278974, 8.670378058537477;
  -4.619833168429786, -1.122098570922649, 7.148955129046317;
  -8.559246608880706, 1.379062704792812, 12.42407202793377;
  -5.593638846879765, -0.5291268451716421, 8.468610140890121;
  -5.674507890345544, -0.6853440827106079, 8.580106077423785;
  -5.747095980071442, 1.510763890131686, 8.683708897265172;
  -5.90892345394029, 1.514728048324271, 8.958960975280874;
  -7.236947493725604, 1.423000117182567, 10.77475446596925;
  -4.717735139068458, -0.8351687483530216, 7.391680764388112;
  -4.696598047492448, -0.7783239430381987, 7.373494850605492;
  -4.617532209921415, 1.600607366632379, 7.274633526024856;
  -7.449993708778393, 1.498525210722266, 11.15114904124805;
  -5.546176153966748, -0.2905525607094933, 8.553589465678542;
  -7.367085973455768, 1.418847464603388, 11.06604124248552;
  -5.188542136014205, 1.556996639556448, 8.081140131353262;
  -4.661177812347187, -0.7336637183628525, 7.366348724392076;
  -4.645280769703454, -0.7681720140388121, 7.35134432895926;
  -4.268378781671372, -1.441391952962601, 6.861953691482588;
  -4.680555331897967, 1.579019853984241, 7.424341211140934;
  -5.178730425023282, 1.535246747308415, 8.1126347653681;
  -8.847951220513279, 1.407813979866157, 13.24294003511584;
  -7.857376206991511, 1.384745414977658, 11.87715821354539;
  -9.02899659218938, 1.383371975797586, 13.50602337971098;
  -4.609889380832652, -0.7767528553383066, 7.385191212557858;
  -4.659803043560167, -1.273851483912269, 7.465418019609387;
  -5.072472445195897, 1.547100921571928, 8.037633708071001;
  -4.22318674946481, -1.417920526656317, 6.861411477163154;
  -4.600695361019208, -0.6952225245297425, 7.424769451169214;
  -8.198547586341167, 1.410097463996874, 12.49386004860711;
  -4.191349255900164, -1.412941280381646, 6.871560580947311;
  -4.225044605384006, -1.462242116407853, 6.918297865944001;
  -4.650293540177095, -1.324229854366704, 7.538788336048226;
  -6.752154184014413, 1.453140053289079, 10.52055778174011;
  -4.568210944937799, -0.8739906301438524, 7.448742767887683;
  -6.958995768618037, 1.426343639616568, 10.8443279571592;
  -4.672230399931038, -1.256583729150152, 7.678060795681593;
  -6.724805976364203, 1.465587768340297, 10.62862855259569;
  -4.441887498214205, 1.618998995925618, 7.350148338375631;
  -4.637077458703685, -1.291300905177737, 7.641940887934225;
  -4.372712575082063, -0.9806059295145403, 7.313806527142224;
  -4.394031864870059, 1.617417807567875, 7.340368147647621;
  -7.165303383265975, 1.387484863093746, 11.35980906139922;
  -8.948800763034233, 1.343250978971261, 13.95954474431347;
  -4.186562383402186, -1.537431732368932, 7.05686611818172;
  -4.193226111906568, -1.453525116661923, 7.072627148123951;
  -4.573172981978568, -1.209781010695486, 7.626181795859022;
  -4.360416865209343, -0.8591958730266109, 7.338087384576707;
  -4.578371609973334, -1.267745270989357, 7.657420812913503;
  -4.205066226104119, -1.474325937642952, 7.151990940201786;
  -4.383764262143065, -0.948282702925807, 7.411623315883481;
  -4.335533312905181, -0.9963031607271552, 7.352019727012542;
  -4.408354569413773, -1.108264075347171, 7.469284603949639;
  -4.882041694030745, 1.569175947430228, 8.180569245531853;
  -4.441158482330097, 1.599524503303584, 7.530803311755589;
  -4.697672825407383, 1.582697319234586, 7.918488371491883;
  -4.512848763750045, -1.227298378000201, 7.663863953302505;
  -4.13827264462819, -1.467945388079702, 7.119692188060496;
  -4.616836624878821, 1.590067092345123, 7.824537173919054;
  -6.53526688695627, 1.457672731660627, 10.67501076671565;
  -4.163281370883047, -1.549625097547897, 7.16367176766776;
  -7.831287589436605, 1.393736236411171, 12.61988664039725;
  -4.355404037039925, -0.8531292535908029, 7.45337836011309;
  -5.371286404929982, 1.562331981907131, 8.971882896052433;
  -8.190925155105331, 1.34974171962669, 13.22603706648493;
  -4.497173000984414, -1.278908112051205, 7.729540941945928;
  -5.398169305981596, 1.532562983355232, 9.087909313806277;
  -7.941976654133222, 1.389870708301676, 12.92102609173232;
  -4.44103859034446, -0.6342835264363655, 7.655612876326797;
  -5.580373701120888, 1.50769274148588, 9.379955900953902;
  -4.43455264546824, -1.160161274269721, 7.667785552292561;
  -4.378018339832539, -1.072563840689187, 7.580699782994294;
  -6.017612767817044, 1.484030813680113, 10.11484303362131;
  -6.819258939204852, 1.401498706159054, 11.34351982221832;
  -4.076172276303923, -1.481080103239257, 7.183387717682489;
  -4.26025285786454, -0.9788158594531202, 7.478163414163146;
  -4.288258888880525, -1.080708866962564, 7.520963561176687;
  -8.527425173647011, 1.303762813678264, 14.0277153926843;
  -4.349398934317356, -1.05198214896595, 7.641517615486409;
  -4.536693141883637, -0.5538893166921267, 7.930667291262253;
  -4.172743530821625, -0.6596937806632613, 7.375819997586464;
  -4.435801043764241, -1.159061739073772, 7.796421268812175;
  -5.668453600621764, 1.513519746370674, 9.727417295359626;
  -6.945450141233649, 1.423805779113714, 11.72531816508754;
  -5.354138496899807, 1.538879596934183, 9.276419645831904;
  -5.193354586676096, 1.534688054049787, 9.031506966138846;
  -7.365525283115373, 1.40310086838429, 12.4247037775569;
  -4.269295414028537, -0.8008506019043609, 7.624324969606343;
  -6.319848820424102, 1.398030162980378, 10.82264496720304;
  -5.947281485363065, 1.505777985495308, 10.27228725053516;
  -4.29891744573792, -0.7994565232277842, 7.718229663890631;
  -10.81029593546632, 1.281935711493976, 18.02455155707135;
  -4.149589659283948, -1.61783484088851, 7.531844495117824;
  -8.734700929907621, 1.352968314484617, 14.78625336731032;
  -4.100786047860471, -0.608201452506751, 7.463918855767378;
  -5.142185639680078, 1.523845099019321, 9.124440917570693;
  -5.627661526924558, 1.503024886645416, 9.892316884930267;
  -6.726930873984956, 1.420159341022357, 11.6432183230261;
  -5.7937139203435, 1.485419731729167, 10.19712015249835;
  -7.160976967432763, 1.391443296771449, 12.40185981871539;
  -4.220396767362493, -0.5238514911962102, 7.737448190200853;
  -4.143957064247872, -0.700310034860987, 7.622181502687252;
  -17.3946962703309, 1.316937203709952, 28.92482563573656;
  -8.468056996082666, 1.382230624538991, 14.68558293968413;
  -4.091774314254088, 1.628628960284717, 7.604481665720218;
  -6.313868663429993, 1.48115227274533, 11.23781057668499;
  -6.815610824242461, 1.393509388569587, 12.08125659595392;
  -7.251172383350167, 1.426465375884142, 12.81420717608607;
  -6.745688756815239, 1.426691196732123, 11.99690402717797;
  -6.123571814812704, 1.499405381714773, 11.02478306079543;
