m=[-3.447574698830106, -0.05454560106261014, 5.085342925961628;
  -3.465700743497879, -0.14200217444935, 5.108976301457624;
  -3.445058458351832, -0.09384389325768819, 5.122445077890321;
  -3.214788777335135, -0.4746470843714284, 5.051092214638063;
  -3.091702538042982, -0.6864688479918495, 5.133515947392407;
  -4.045654801467346, 0.6657007439067109, 6.525737345298382;
  -3.096503480747506, 0.7017660006661025, 5.348066862608849;
  -2.808028942655465, -0.3144154339548799, 4.974620183344476;
  -3.140983299226858, -0.7291705177058158, 5.580051257715171;
  -3.141932450148659, -0.7591327837434994, 5.621487957692537;
  -4.009776524585963, 0.6712550454598866, 6.933564677113314;
  -2.769733527721722, -0.4069700253587247, 5.100846002630021;
  -2.738617415636037, -0.412913310699952, 5.101959928339559;
  -2.725568679757944, -0.3873642376645432, 5.086050893593415;
  -2.692867366669016, -0.4723594928135899, 5.178788527986128;
  -3.019115145272318, -0.6965685928246725, 5.739175673111956;
  -3.016692444629093, -0.9358343358577564, 5.751137998181091;
  -3.036177770102725, -0.663345265009876, 5.818274352033828;
  -4.556841054576121, 0.2409273702978685, 8.400778337313756;
  -3.46413502695346, 0.007848403486094125, 6.875920119693503;
  -3.739675483551121, 0.6783361255912322, 7.41767512913073;
  -3.250934102465076, -0.309244412598722, 6.673172795039249;
  -3.285346961909811, -0.336703295573459, 6.778286904934605;
  -3.404008133330838, -0.06459282547684482, 7.011475027390598;
  -3.965582268331959, 0.6698340123894705, 8.014546465581187;
  -3.199438019718625, -0.2925429981208697, 6.661068871867928;
  -2.532322862541932, -0.5033628092033401, 5.48778188774633;
  -2.70705432848587, -1.042105656306309, 5.806721404472302;
  -3.320284810400382, -0.1239178698013314, 6.957138914819653;
  -3.828019771027663, 0.6498694725311538, 7.950208552248898;
  -2.53070673108332, 0.6951300499442799, 5.619026247699055;
  -2.493362896436596, -0.4726880516392945, 5.56220278297696;
  -2.377365401521348, -0.4872558475406744, 5.379871899802487;
  -3.181701055696462, -0.9263982547695014, 6.956546273300009;
  -3.685592185894817, 0.7026802425128403, 7.968065180574336;
  -3.504643637094155, 0.6842196344781275, 7.691147042537232;
  -3.160628470537656, -0.9940189103764933, 7.118441016832247;
  -3.08241070765621, -0.9183990821391146, 6.989318277416246;
  -3.082250436873, -0.9714085214906166, 7.041891202494072;
  -3.013887359243852, -0.8510561885596444, 6.944150002738513;
  -3.028483524718335, -0.9757337945663197, 7.015195818215647;
  -2.979092520006645, -0.8497036356017018, 6.947670982483485;
  -3.13089753293386, -1.205922125512101, 7.395587566799925;
  -2.990415766915943, -0.9634178254564235, 7.110402585600212;
  -2.955352224335524, -0.8393420696708465, 7.078963936256998;
  -2.57751780715153, -1.161257277813961, 6.32894653381952;
  -3.038542049856536, -1.201215405864019, 7.302470024462094;
  -2.578546531341432, -1.187490543845122, 6.424556957831147;
  -3.002870221987219, -1.172294481569409, 7.330933713646208;
  -2.547798130153445, -1.230525559406174, 6.383915828121044;
  -2.93508923196868, -0.9851701212316311, 7.260164172715004;
  -2.500362814998804, -1.269917681074739, 6.335627778813925;
  -3.064343534149579, -0.8524974618001446, 7.588225786859427;
  -2.891462155591583, -1.084920224145742, 7.214291871296148;
  -2.893447408542832, -1.028863450630555, 7.27290593466707;
  -2.988615340892245, -0.87256668646673, 7.515715704839879;
  -2.943916143613321, -0.9995850068134273, 7.466623530592908;
  -4.5423854959293, 0.4748604747378006, 11.04211544457347;
  -2.852727492538685, -1.032921269111842, 7.313967636764912;
  -4.479654346335678, 0.5631648557364862, 10.92942801908014;
  -4.454140275713602, 0.5289165088854954, 10.87407980793483;
  -4.502711312123584, 0.2119818431784885, 11.04006437315487;
  -2.838066106160956, -0.9261091116103051, 7.357076121398551;
  -2.830977102707478, -0.9833100638036056, 7.365562894999053;
  -2.886635259132238, -1.190461365420862, 7.496282983650729;
  -3.026631689836828, -0.4876290271572556, 7.830643797737202;
  -3.047878596113089, -0.5767834718269174, 7.939930481964718;
  -2.779253295036119, -0.9784778356335582, 7.344881865020399;
  -2.689311230845425, -0.8130448228501959, 7.266874884335737;
  -2.94257315879952, 0.6745725411488931, 7.948703675439583;
  -4.898546354151289, 0.568495307186094, 12.66738126323472;
  -1.46649329580239, 0.8501247826545705, 4.487215520153922;
  -2.685919389360013, -0.8224392153433879, 7.436291782900042;
  -4.883175206918552, 0.6039830777362701, 12.85355146717178;
  -2.795152266270132, -1.102611265271573, 7.864461327043684;
  -2.764833258443102, -0.627403021693857, 7.843655024153128;
  -2.663480520745499, -1.123555407870658, 7.610633827720043;
  -1.794666589979668, 0.8024600425113695, 5.493070768027248;
  -2.654202675550542, -1.119323905142629, 7.716110209101903;
  -1.661622140022305, 0.7980201661317942, 5.306566754261829;
  -2.627694480285947, -1.065689304411, 7.906356628053137;
  -2.521067617951734, -0.9739214085098521, 7.631177115429486;
  -1.439520506988663, 0.8323248993749663, 4.766825990368426;
  -2.573739581838226, -1.139460278667444, 7.785986737157972;
  -2.658955008277819, -0.9349975997808102, 8.023317583107877;
  -1.63278641607951, 0.8043936157618227, 5.329362883119044;
  -2.50500637116727, -0.9178028323858593, 7.701938170791697;
  -2.460250846174111, -0.9314106301423955, 7.750853875111945;
  -3.124839836729227, 0.6400334041223706, 9.590994340325514;
  -2.499315018994084, -1.072142471196826, 7.872466741736193;
  -1.615706886330209, 0.8086587342138507, 5.426694996762866;
  -2.428547527370033, -0.9450251993418718, 7.766678655698766;
  -2.451684853513336, -1.018597363162944, 7.986744330179399;
  -3.383920365557622, 0.6548733359196008, 10.73056828354642;
  -1.220038890871367, 0.9130814111887502, 4.481486512375186;
  -1.850820941702207, 0.7519376393095931, 6.361438096041035;
  -2.309732755528716, -0.9952772299907587, 7.90449921056562;
  -3.085552762361778, -1.777513835443855, 10.28610919662211;
  -1.666845918428248, 0.7473035612917807, 6.043574630407904;
  -2.471624245915005, 0.6379345206152755, 8.771913958880456;
  -2.847585511800104, -1.912979929331224, 10.06588007212546;
  -1.614453955875463, 0.8760487064356461, 6.148300102277843;
  -1.321201359347823, 0.8797849657675495, 5.334587426020044;
  -1.71870012707009, 0.7372959845435675, 6.663989560931031;
  -3.6867204497125, 0.6029464612597126, 13.5344208928026;
  -3.378806759267437, 0.6641259526258531, 12.71425329415698;
  -1.898839656337383, 0.6996767677093317, 7.651587812395447;
  -2.934998798117498, -0.5297520044333266, 11.34314480166486;
  -2.938799410127059, -0.3862818085840882, 11.497469154223;
  -2.078316048321053, -1.650931052127804, 8.555458520749554;
  -2.96165943856479, -0.5688141038504165, 11.83557870754445;
  -2.94122515330938, -0.3498799753506031, 11.9890296249303;
  -2.063750036398058, -1.579337742683597, 8.710047035468376;
  -2.861888987294156, -0.2034252587934556, 11.74307261326698;
  -3.095384336311526, -0.841391310091468, 12.67890400683065;
  -2.946281296814666, -0.9934302659951034, 12.29092070418542;
  -3.116211742280926, -0.7333123788348481, 13.22061542051657;
  -2.482647672721381, -0.3755198494740717, 10.80729994388422;
  -2.454312153581487, -1.523861149805874, 10.78294627961876;
  -1.195621223688288, 0.8774040574656153, 5.857226389094584;
  -2.823794426959136, -0.5755839084174075, 12.7874701451044;
  -2.713861679578031, -0.3293674154099485, 12.49506672003324;
  -2.614947937526739, -1.132525510087594, 12.11803076466265;
  -2.499995648623636, -0.4495881602116261, 11.91327286689671;
  -2.598348092508272, -1.257655627970343, 12.38878308115206;
  -2.453893182378151, -1.136771954608169, 11.74657267726326;
  -2.801905738848241, -1.079268498326145, 13.40677331961185;
  -2.569599061842337, -0.4944242367399561, 12.46214429474318;
  -2.450576849496923, -0.6155281209172879, 12.19766264835723;
  -2.649208596417878, -0.7390163744664654, 13.19508091351932;
