m=[-14.43585693695192, -1.879709176284363, 20.10336287885525;
  -14.50169940731964, -1.593317338048256, 20.26847346285767;
  -13.57519234627987, -0.594880878761038, 19.57090722196656;
  32.16970950718482, 11.14724660806377, -44.21004023964505;
  -13.74262226582405, -1.142048295816369, 20.8938004681403;
  -13.55332486526908, -0.09444108409078232, 20.73160151747102;
  -13.52152101957643, -4.158697962063124, 21.03797114561946;
  -13.6652928701098, 0.7325895035826242, 21.21313515342809;
  -13.37015843203262, -0.1007526477742528, 21.04640111274496;
  -13.37338701806233, -0.2768101265689019, 21.19918960044373;
  31.83783880982153, 11.51725525903406, -46.55444686758187;
  -13.3253167154616, 1.058626418220604, 21.4106760994464;
  -13.38934095626345, -0.1144906120236586, 21.67980188082724;
  32.71943191369638, 11.9773366835452, -49.34251070932422;
  -13.35652435291425, -0.2861622754662108, 21.77636290941657;
  -13.09971935440928, -0.7473251224347481, 21.65887536026177;
  -13.32128069437423, 1.057915452750773, 21.99960444505865;
  -10.35414021070911, 3.500130511731066, 17.36370210883665;
  -13.8481713685667, -1.545487508810185, 22.96653489807585;
  -13.89086476639154, -1.866638610965867, 23.07116216994551;
  -13.37090655398637, 1.680996995337774, 22.20599186820035;
  -13.75738260462643, 2.563269462081161, 22.94784930531917;
  -13.62373536016705, 2.395510316943358, 22.79029531320886;
  -13.3454112346685, 0.701886648539535, 22.56897182797762;
  -13.47642359612614, 2.442225862641629, 22.7639892564648;
  -13.10909454473002, -0.7670483023176491, 22.28384393821997;
  -11.55495933264771, 3.572228987231036, 19.68731359368452;
  -13.72043327389184, 2.265848581512186, 23.20123808724151;
  -12.99325897362191, 1.63797548900155, 22.09367483254405;
  -12.9729376716956, 1.466569948216907, 22.07509733529725;
  -11.17650305534585, 3.521913681274779, 19.13703014865792;
  -13.55634862350637, 1.091365562457035, 23.02502231819288;
  -9.492602717271648, 3.656382032278062, 16.43490851333728;
  -13.41225078396511, 3.313669580702575, 22.83044604754111;
  -13.78287028474609, -1.603145941789045, 23.57076407554642;
  -9.86683212615325, 3.589756655376839, 17.12049228451002;
  -10.33307929545694, 3.511607318977857, 17.88419662650589;
  -13.33819877110369, 3.244215877103669, 22.75620413407648;
  -13.34609374266799, 3.036401290218575, 22.85109180431109;
  -11.85318381453565, 3.481249568713368, 20.44478111740782;
  -13.21702514945319, 2.584114483981957, 22.69276122678036;
  29.47987958872593, 11.049058871851, -47.02898130153366;
  -12.83301027109985, 1.562371480066076, 22.20629312870964;
  -12.95526710137737, 1.627958353112418, 22.47186684467014;
  -10.1165623124489, 3.505388768555737, 17.79394126107671;
  -13.37106708678662, 0.699891852968476, 23.24893437698944;
  -23.80173478842068, -8.270167511872767, 40.61688957192785;
  -12.60609711855151, 1.502759559446207, 21.98788166244638;
  -9.66012708525845, 3.630006541106566, 17.08839636515889;
  -12.84448754455071, 1.201063299770792, 22.39354695043276;
  -12.85290196094721, 0.8072871945821222, 22.55920359896994;
  -11.27409880935165, 3.495653731752465, 19.88748395469263;
  -10.53012354048738, 3.495542223811696, 18.66181024794095;
  -9.924976143708731, 3.559138397491061, 17.69019057989061;
  -12.90841931997198, -0.1411937441034028, 22.75292164263384;
  4.998272439111694, 1.724902343885408, -7.049289825486509;
  -12.89086171856682, -0.3016949596062799, 22.89925993203201;
  -9.538616217280239, 3.523543368435672, 17.19883738293918;
  -10.96458557819257, 3.540894208039564, 19.62387204076567;
  -12.7837062291814, 1.61690225716352, 22.79448762938172;
  -12.72356152724723, 1.264081216298042, 22.72735803862021;
  -11.23430203448496, 3.323467951166859, 20.22281217430206;
  -13.010425938491, -2.70922220624547, 23.41462361191612;
  -9.193022526088218, 3.709624272010852, 16.78574870178851;
  -12.92551703007309, -0.4959575944428195, 23.23792101405388;
  -9.440160979062373, 3.518587683015094, 17.2605640169624;
  -13.364705008348, -1.889938835850739, 24.12390829414901;
  -9.412457417105685, 3.585442738765355, 17.29430055082899;
  -10.2480365047025, 3.542876500993512, 18.79281888771924;
  -12.57738785989269, 1.176612186034596, 22.85585218904314;
  -12.58655122139134, 1.317271453755439, 22.86957085853956;
  -13.2730383233268, -2.184126712157488, 24.15586801917712;
  -12.6893056828516, -0.3234502901637119, 23.12628781721147;
  -10.299066323921, 3.504015363401578, 18.92750517239827;
  -13.39960167813163, -2.04492945461315, 24.41931410461946;
  -9.707853167814607, 3.502371750174975, 17.96549769738601;
  -12.7839955918431, 1.752362697494452, 23.37461430726135;
  -12.58984384820552, 0.07129149614117508, 23.18649357654088;
  -13.17439897721231, -1.551048647949562, 24.25533252086149;
  -13.36505147661324, -2.168736513438988, 24.62486710645408;
  -12.70933936620433, -0.5026458767323047, 23.44494749284923;
  -10.5461598952842, 3.495835049468475, 19.57926728801267;
  -12.63863100169696, 1.003038290421928, 23.30423214733332;
  -11.00264514922638, 3.456325908074852, 20.3901534339851;
  -9.84608726319019, 3.515815451135147, 18.39729646441323;
  -12.58822399816872, -0.6914123545981686, 23.34801183276461;
  -9.128393828523045, 3.617292053787462, 17.19941682706972;
  -12.91406896035774, 0.3709511142457855, 24.00210226628492;
  -10.02749593393005, 3.471491646722997, 18.86472721554806;
  -12.69652387128449, 0.5539032687279394, 23.65518343603013;
  -12.56328005806838, 1.562303215976216, 23.41532728198709;
  -12.40412508828183, 1.041207551938572, 23.19548219141764;
  -12.81966421710447, -0.3353213868299849, 23.99446577887505;
  -12.84639058026757, 0.2702056544167307, 24.03842579705289;
  -12.62068179912789, 1.441079281760002, 23.65140844868251;
  -9.810629337058121, 3.548208250482385, 18.65738850864148;
  -12.50135959171948, 0.08499011112784885, 23.57283980959234;
  -12.56436195927637, 0.3725509670093384, 23.78324913902087;
  -12.57697315874961, -0.5168725588277284, 23.84127352791842;
  -12.53754962954975, -0.5935672138852819, 23.86883873218653;
  -8.667516116354475, 3.609847436242282, 16.81289441032579;
  -9.02275398586484, 3.623516922324921, 17.48182022953859;
  -12.59717386054802, 0.7859865191975718, 24.06749951877301;
  -12.41392221108801, 1.182891463325089, 23.75249853839924;
  -12.60964022502928, 0.5835397784315257, 24.12834474983468;
  -8.991396490244728, 3.689801043993333, 17.49682988791035;
  -12.41005307727581, -0.3316819304738121, 23.8429368918915;
  -12.59292285098693, 0.4363942954177331, 24.18085399348106;
  -12.57638904876401, 1.056003769558864, 24.15344739842875;
  -8.800096874178257, 3.684558237190073, 17.28245391776902;
  -12.4437504616017, 0.8543382788925787, 24.08174432389287;
  -12.40063262595177, -0.08561904834444081, 24.07670541192029;
  -12.5392796388908, -0.8073084237285763, 24.46037177684454;
  -9.131505792334666, 3.512472228765495, 18.09096615685516;
  -10.21455868145158, 3.077631480547962, 20.10371681215696;
  -9.364384625050578, 3.485972938367626, 18.55892170020588;
  -9.600744851590779, 3.487004449575563, 19.04241376804922;
  -12.35197974001543, 0.7707543331270412, 24.2301686649224;
  13.59930594039792, 5.184333200114114, -24.09976473340191;
  -11.59249975258516, 1.219607044610319, 22.85537831351396;
  -9.802680312536863, 3.233556498480438, 19.48013124888895;
  -9.741607848353796, 3.286760927373255, 19.39637471569964;
  -12.22994935763273, 0.2048377009062883, 24.14093729883348;
  -9.455239462081716, 3.372841752775832, 18.89340101291584;
  -12.17761762556878, 1.150816063099776, 24.04330226497119;
  -12.28100600690132, -0.346877110394737, 24.28737175438838;
  -12.1681032433012, -5.041950248942449, 24.25134957670488;
  -12.29798630007387, -2.996864908923398, 24.50026383717532;
  -9.769582066467089, 2.946975600247691, 19.59976450329989;
  -9.692629659444023, 3.311966051315233, 19.46722663591067;
  -12.50804343185291, 0.9680742090091622, 24.84103255577317;
  -12.57186026184213, -4.235816141285136, 25.17543205895719;
