m=[-3.935363875665426, 0.6833390555062803, 5.774633588800408;
  -3.52479153579927, 0.6961017649526264, 5.286686475701535;
  -3.511601112884678, -0.1722394345448086, 5.464909392158655;
  -3.466628856840011, -0.1200710955865263, 5.468296723253945;
  -3.057109595975992, 0.7193793848812395, 4.966290940481265;
  -3.478730556659305, -0.1596030939853328, 5.655919613680724;
  -3.23814627828981, -0.4842197651273802, 5.521190576117014;
  -3.170754971931717, -0.4340188101781912, 5.487506826112788;
  -3.956285840648016, 0.6574527624769401, 6.697868864639598;
  -3.121961095645008, -0.6964793922036969, 5.614135624510433;
  -3.166039237653138, -0.7411637502668302, 6.043920755062511;
  -2.625883041485414, -0.9522173739288242, 5.309519782931279;
  -2.745297266286803, -0.3950868725177511, 5.549187163043735;
  -13.13051998739638, -0.2391701683060996, 23.06519721728183;
  -3.129067245599812, -0.2372879770762022, 6.338462765712203;
  -2.716385614773758, -0.4788205476649673, 5.649150317440583;
  -2.59597817848548, -1.031798121270606, 5.461190042662121;
  -2.603621528697586, -1.058165906772927, 5.480374493439205;
  -2.565544260864, -0.9978255662121636, 5.420424523211265;
  -2.501037901384686, -0.9483381323343154, 5.334169460663795;
  -3.572135116968757, -0.9804972990176696, 7.486360965152834;
  -1.880463855485395, 0.7825684460102945, 4.48075242847355;
  -3.793805799483684, 0.6551225862232682, 8.244221300088178;
  -2.728717674035194, -1.048118824532563, 6.273758637081496;
  -3.125029783542181, -0.9262143991954817, 7.47576144726028;
  -2.391608227860295, -0.5772107980474245, 5.963646292539576;
  -2.687805923862175, -0.4394368200175876, 6.803181426779865;
  -2.655936904648061, -0.4763348231481302, 6.763627067402354;
  -3.023277445660853, -0.9698837154949628, 7.575389128081905;
  -3.070085866653875, -1.137584870750918, 7.729230912009503;
  -3.246102267809, 0.6555532722346261, 8.137453664408405;
  -2.938192962980149, -0.8990572310388406, 7.534990236101295;
  -2.996050376570462, -1.160282668172373, 7.685094881701904;
  -2.664036255425117, -1.262360006820154, 6.971527561342552;
  -2.978778023183197, -1.0352823670467, 7.693338916061947;
  -3.062540471324565, -1.226451065239073, 7.927571483025081;
  -2.576194790256592, -1.180072193079115, 6.821131770755776;
  -2.960266017213347, -0.989765088696929, 7.693134290853742;
  -2.957010525441436, -1.117740629095704, 7.696128129732774;
  -2.589064397959703, -1.241611720874871, 6.879275996158655;
  -4.51811542505053, 0.4563255626979252, 11.30759994136981;
  -2.884372190549976, -1.065262945592843, 7.580627555548997;
  -4.538078045204363, 0.5514536859213399, 11.38765757909425;
  -2.931673539056348, -1.031243283226913, 7.746206656683774;
  -2.146933835838796, -1.209763394534247, 5.97274358228495;
  -2.925790340271486, -1.064631164771422, 7.790041272785715;
  -4.55352768039756, 0.5028853674632269, 11.6102246224676;
  -2.892000049990426, -1.17603374760386, 7.750848470923033;
  -2.915566691928656, -1.154832589193934, 7.869681706222331;
  -2.840878125090747, -0.922400424937357, 7.749363175046648;
  -2.874096248402337, -0.9965698837170307, 7.845738776767951;
  -2.997976122168763, -0.9182542563353762, 8.157575052391239;
  -2.8874028452481, -1.126541062549931, 7.923731610136498;
  -2.81404086666905, -0.9846376943552487, 7.803180372554844;
  -3.123882796252623, 0.6963844588174978, 8.618374109717143;
  -1.835657128238308, 0.7472351802662314, 5.486615298592217;
  -4.874857144095395, 0.5898815545842794, 13.38815123915811;
  -2.895370852063752, 0.6463375338367975, 8.366205318352611;
  -2.776415856201741, -1.073421263293543, 8.172145355432333;
  -2.805421193993662, -0.9009203123724868, 8.31140299115893;
  -2.887141553999769, 0.6414538912064437, 8.568850922222763;
  -2.861907552199039, -1.015075624712365, 8.595407119110638;
  -3.662001279547295, 0.6230741833128048, 10.90291194473666;
  -2.684755699266089, -1.056314203480912, 8.280444351534552;
  -1.793486821540783, 0.7702857614192649, 5.846244780889364;
  -2.662400028502022, -1.070689254509259, 8.361137932300485;
  -2.550975629947612, -0.9756449763478959, 8.075120163834759;
  -2.542326613417917, -0.958165992929458, 8.159814162805448;
  -1.687872619169642, 0.7874178222520348, 5.770558404252824;
  -2.591912147747634, -1.098433067117128, 8.475506681784248;
  -2.489087519408113, -0.9308475888481973, 8.184217554125203;
  -2.466299999489099, -0.9515425023719718, 8.229984144074775;
  -1.608911227391001, 0.8273024283455962, 5.739168276686227;
  -2.479274917426342, -1.136730552464283, 8.355451607793901;
  -1.980896366473526, 0.7409814079898988, 6.933116090795162;
  -1.843868050845913, 0.7268332967862007, 6.694489624784898;
  -1.5401335045083, 0.8196764761842144, 5.753068644032517;
  -2.601400068437704, 0.6218550937871008, 9.087832780373445;
  -2.377274566965936, -1.011182879071998, 8.475558606828622;
  -1.422888711036063, 0.8594850821005902, 5.455645483129028;
  -1.698655647718418, 0.7399809323510765, 6.50709039783401;
  -3.617164898229418, -0.9325223729044595, 13.04634075336229;
  -1.581021173594477, 0.8310551080532037, 6.387003342399613;
  -1.77006845525247, 0.7271174756021067, 7.166154599572504;
  -1.511902210272734, 0.8101448025810585, 6.279925968251541;
  -2.986050390404063, -0.4761102865353233, 11.67663333624723;
  -1.823151395920561, 0.6920674936973625, 7.624528572042185;
  -3.024354147345417, -0.2013184406746892, 12.1961383428831;
  -2.444347497996877, -2.093376663120901, 10.13879737994541;
  -2.936281155036589, -0.5631333657295845, 11.97282585304443;
  -2.976805344629616, -0.311527054676878, 12.18074403548533;
  -2.180794511062178, -1.65675826483099, 9.211656223849229;
  -2.125766815319625, -1.658393980442054, 9.04542469715614;
  -2.967682242376122, -0.35278224039652, 12.32585060171848;
  -2.891472617733105, -0.2079383247875165, 12.07458552119338;
  -3.049652675523718, -0.821867900081014, 12.7123475893297;
  -2.100467872969274, -1.672782662325259, 9.118771766136183;
  -2.184137944756706, -1.640083037210391, 9.451450658063653;
  -2.006019594253333, -1.559123914722687, 8.945608253927114;
  -3.024256128228186, -0.7033999871385842, 13.0310489566367;
  -2.619232189896487, -1.116965020625469, 12.32034721941552;
  -1.626251056060336, 0.771018904448608, 7.99878609507512;
  -1.216402822358512, 0.8602966907216969, 6.26139638510744;
  -2.604993992300222, -1.236110708122926, 12.59018259431199;
  -2.927978928892269, -0.9986095587305569, 14.24557973124215;
  -2.396603690368306, -1.009611256216667, 11.94278695035285;
  -2.238560603111915, -0.9928320948917597, 11.37180038646759;
  -1.761816709917556, -0.9158955367964838, 9.231316775538403;
  -1.718804143465044, -1.189567805726174, 9.207386857871416;
  -1.724716879195257, -0.9317701096160199, 9.499689381802112;
  -1.750378576238401, -1.032773716303726, 9.654623626945902;
  -1.719950446218173, -0.9795161513176613, 9.531620444883217;
  -1.38856915594873, 0.8533311642050688, 7.87736923258067;
  -1.641463155809045, -1.003615335615844, 9.330279345007629;
  -1.376953943496978, 0.8425890965557963, 7.966048686948598;
  -2.311829070693243, -0.9585978968242616, 13.01365921045611;
  -2.007982492953781, -1.75259376854483, 11.47564984519135;
  -1.871514121989241, -1.615921673806051, 10.87189735890828;
  -1.581344411159056, -1.554700078680348, 9.432396625267801;
  -1.266746884981387, 0.8532713200033298, 7.839669111342154;
  -1.500306570773571, -1.798968088673075, 9.272980565520522;
  -1.562237867714381, -1.994304722648116, 9.758196912412444;
  -1.495837633362531, -1.778546403861871, 9.382130787089494;
  -2.261531387920245, -1.293055209238028, 13.70416068557;
  -1.954279429328242, -1.437117143574232, 12.15323909722575;
  -1.450814055656843, -1.829882597243968, 9.373462382808949;
  -1.168629471800433, 0.8224409955230317, 7.795428119723211;
  -1.174749366243856, 0.8118469610593382, 7.828757888536516;
  -1.289558912954155, -2.082279719049156, 9.469876182616391;
  -1.299798583065819, -2.087280745391151, 9.776975681802604;
  -1.243813014701478, -2.08046130194775, 9.566272981750819;
