m=[-6.86207534705102, -0.1497588459497475, 9.249200908861395;
  -6.900659099864805, -0.3287446879369279, 9.299049468128199;
  -6.842981078716091, -0.2324124805944403, 9.294823782146546;
  -6.862631517965989, -0.2340296956027846, 9.330613498437002;
  -6.766952705982731, -0.1387824583822744, 9.29855004509705;
  -6.825939447330619, -0.2253428075610577, 9.399515233482841;
  -4.763575987862756, 1.490264807416038, 6.928291634157997;
  -6.407186042192382, -0.995604431866195, 9.19154733858414;
  -6.424835860897685, -1.041661870306155, 9.249831765499003;
  -5.474649482708656, 1.426197554221121, 8.061598155746346;
  -5.974511431361462, 1.421810755625656, 8.727748651298551;
  -6.264190179269157, -0.8971371686644459, 9.112414557321229;
  -5.186122118845757, 1.448434101282624, 7.800498094712908;
  -6.399723122515933, -1.028532643561928, 9.429169288371558;
  -6.163674841737817, -0.8583623316128104, 9.161067770067682;
  -15.50841460381037, 1.268327368116646, 21.5815425568767;
  -4.665758252415706, 1.495766202515758, 7.193789225744376;
  -16.81401323626374, 1.176761846674215, 23.37805382384255;
  -6.322144345893828, -1.063398301429302, 9.421795339048639;
  -6.260068004527345, -0.9650772220521533, 9.3591548882911;
  -8.074635205825697, 1.309118909645248, 11.77528060315665;
  -6.262563901277324, -1.00589789280263, 9.385274416021613;
  -7.838398490776741, 1.327503688028815, 11.49386054238667;
  -6.88794357651968, -2.115261192544488, 10.24338745792868;
  -7.999159582986081, 1.269187275644888, 11.7564855928238;
  -6.36864995176377, 1.34908413253141, 9.583972688047536;
  -7.825562527044164, 1.295542378871461, 11.58859441644462;
  -6.158865129688816, -1.422682486340775, 9.355560162037834;
  -8.301198534441907, 1.257079313491693, 12.50442308434848;
  -6.446991243490107, 1.388653071357783, 9.932770508423298;
  -5.732436064259217, -0.7246824284784438, 9.082912936428794;
  -5.727306308621011, -0.9704871075865756, 9.083326999423473;
  -4.677778706561554, 1.461507109140049, 7.59743164101239;
  -5.827296293974796, -0.8007847747606639, 9.240872964016983;
  -5.380133795133641, 1.415396429049223, 8.67289938162946;
  -5.594778989506252, -0.6732387243317762, 9.044315908189738;
  -5.560170930175748, -0.6540455211445534, 9.092812479718983;
  -6.341170084876218, -1.72573859624904, 10.26622358846926;
  -7.539240183640156, 1.351864271521022, 12.03521834824354;
  -7.275452468519971, 1.380307329944219, 11.64847889636122;
  -5.563896693462807, -0.7165065234975743, 9.176439032521628;
  -5.479524561407223, -0.7840838759730353, 9.103041119160277;
  -6.325435466015896, -1.536671245530221, 10.36369680903123;
  -5.490225511577825, -0.6612197110707484, 9.138668660259391;
  -7.349133771503963, 1.367358870311414, 11.89183974109809;
  -4.073590780618232, 1.524536124373963, 7.050026471534929;
  -6.250379483159803, -1.573090082771042, 10.33176201416077;
  -5.501811858122616, -0.6463699411037152, 9.238392791371318;
  -7.95712309202039, 1.284152221645484, 12.94817499299591;
  -5.438298988917609, -0.8219618945895379, 9.284522602178123;
  -5.372774007846407, -0.6462814935267027, 9.193306186917628;
  -4.462583522240839, 1.465928430997781, 7.811327922034984;
  -5.196008859980933, -1.908013997444206, 8.991579276471272;
  -5.437134501935412, -0.7951156558731202, 9.386670127570202;
  -4.258872546511697, 1.465229012505653, 7.59886110273508;
  -7.397604244426352, 1.352198341745535, 12.58858395228764;
  -6.115423258031757, -1.997954634104993, 10.59555658647046;
  -6.197601073387074, -0.4288507609068972, 10.72441002101257;
  -5.350545805326776, -0.9883119409845854, 9.437888420320489;
  -5.409197476631203, -1.06402361680596, 9.556341096646523;
  -4.919963983422455, -1.930252365810758, 8.784067061530307;
  -4.229992300105402, 1.483437179743894, 7.708871554220695;
  -6.090677013017698, -0.3800969515729569, 10.69330970970635;
  -5.980220211434136, -1.442292261500492, 10.53348569008579;
  -3.9697364351696, 1.527300059431196, 7.329780291675171;
  -6.232388747782166, -0.5065679813484619, 10.95314467794788;
  -6.021514512143209, -1.937548092630211, 10.62973661853898;
  -5.905748485457666, -2.001466221037491, 10.47713689687921;
  -6.16082127534428, -1.392113876615457, 10.92445902475446;
  -4.890133619412136, -1.944713073620826, 8.885481257323846;
  -4.962210670066447, -1.891618036319565, 9.019783064881688;
  -3.903891179289279, 1.582902379071298, 7.302914492468047;
  -4.239636766187274, 1.432373625511722, 7.885953121690357;
  -5.879777830378371, -1.246569376039426, 10.58783352472239;
  -6.10455541386243, -0.5746043391073655, 11.00942247441004;
  -4.281150615974219, 1.479600131406767, 8.020204856337475;
  -3.80223097635473, 1.571724178611445, 7.253480617549563;
  -9.063122230004757, 0.4080746647809206, 15.93233534822913;
  -5.938011798008454, -1.288944076111578, 10.82821083212019;
  -6.770590517966705, -0.8310565446023114, 12.24176242286545;
  -4.023576580442209, 1.537204828446426, 7.684444874600412;
  -6.723425846494455, -0.8723238470141295, 12.24574669097062;
  -6.730196918887891, -0.7775955763281213, 12.27011980016665;
  -5.547284037329897, -2.26189660226225, 10.40023821273424;
  -5.184223481774192, 1.408757814271623, 9.783395879957501;
  -7.39184030045288, -2.013377636550861, 13.56839082781784;
  -5.23396439945994, -0.9284375153415079, 9.914630321998109;
  -6.870933671884518, -0.1767004712649479, 12.9222505294752;
  -5.28891095947511, -2.061747099629968, 10.20028265021834;
  -5.09024871819419, 1.357694638321732, 9.846571004061012;
  -5.267726161460307, -1.011502381699286, 10.1723705626579;
  -7.582793229984274, 1.321141102608819, 14.21558505835285;
  -7.301654533961861, 1.38578343950015, 13.80181614487641;
  -5.838415253537954, -1.276795645415665, 11.29482705186776;
  -5.912553415325885, -1.345528190221613, 11.44905839735212;
  -7.935540571016328, 1.249428731768074, 15.03940686631522;
  -7.052356640900375, -1.83325051040556, 13.54700542009184;
  -6.881524329636627, -1.985964027331537, 13.35561175857924;
  -7.90522528864817, 1.284838328500276, 15.20331637073803;
  -5.049971156011463, -1.059687375861263, 10.10505286487273;
  -5.319849603308962, -2.120727265637944, 10.60187887314849;
  -6.906195322838507, -1.945032232591048, 13.46913335860906;
  -6.719174047318871, -1.824617781363789, 13.20983791919879;
  -6.751264459348174, -1.933487491138416, 13.33176073513911;
  -7.142192198370365, 1.354563127692503, 14.05684062312452;
  -7.433942055605558, 1.267008942838674, 14.64334470364402;
  -6.908285080334126, -1.851303220124069, 13.71150737662433;
  -5.044837461409833, 1.359869263986163, 10.37575908353642;
  -6.770723442703029, 1.347224742845115, 13.6099761129149;
  -7.1742606063417, 1.321276365543649, 14.40394302129536;
  -4.916819733418484, -1.027767416146971, 10.31535763144455;
  -5.868983679618804, -2.569867590958362, 12.22005180114924;
  -7.18344713735221, 1.447513791423391, 14.8193604136046;
  -4.66447506483666, -1.187147063703452, 10.01398016518953;
  -7.072531062789554, 1.332869571892747, 14.72845476498752;
  -6.38654726176197, -1.892718383866674, 13.53024695650735;
  -6.098513139862737, -1.894138635466324, 13.04424084204481;
  -6.135164346622789, -2.019676812330369, 13.22803002686674;
  -5.948090842669347, -1.755495787727708, 12.92711764269696;
  -5.994104467135261, -2.014333917021383, 13.10582298650539;
  -4.415813929060949, -1.078286556195207, 9.955280184460392;
  -5.885604456814614, -1.759479038652108, 12.95155544991878;
  -5.25045126912359, -2.615060785721535, 11.74780229966657;
  -6.046331226565747, -1.901257905892916, 13.39036540769016;
  -4.36133785733786, 1.397068954456611, 9.955201661904614;
  -5.129901651282063, -2.461197769684822, 11.5946646993798;
  -5.924627129474256, -1.995823661431613, 13.31489544454609;
  -5.082217827624374, -2.478206319492838, 11.57516285763538;
  -6.557432448404328, 1.279567719379995, 14.65406089441526;
  -5.884185279804372, -1.752945299043077, 13.31367920647966;
  -3.831827383559704, 1.480409551258074, 9.024111748978008;
  -5.064482130707569, -2.36807752931106, 11.65874265902359;
