m=[-9.960606326449971, 1.382671677167331, 13.15701766148463;
  -8.059435868838685, 1.450202488238875, 10.97746291881326;
  -4.439214970084962, -0.800276727385156, 6.506437362680329;
  -6.149404414159116, 1.529088567236983, 8.728518458470575;
  -6.518215790367812, 1.506002635889822, 9.264718185853795;
  -4.32417868725384, -0.4822584822832162, 6.581517265999463;
  -6.144888219595844, 1.528209646550442, 8.947541095042158;
  -4.432400934533358, -0.3107504433616849, 6.781095600359294;
  -7.149796574343819, 1.51285066540845, 10.41109993578836;
  -4.279915193727185, -0.4374252414568718, 6.652331002583499;
  -4.319720398466153, -0.3103181660048174, 6.728599541730963;
  -9.765127645932889, 1.367432186920008, 14.00339289966578;
  -4.232881816548378, -0.479975064407608, 6.626963339530866;
  -4.1106094802839, -0.3518517420417564, 6.51118442218138;
  -4.135943474561298, -1.044818155309591, 6.554045637664913;
  -4.080793634400409, -0.4165253601166265, 6.508156239338557;
  -9.545777759037049, 1.352262210493182, 13.9674817456228;
  -7.504803050212086, 1.471262518941901, 11.20018912835366;
  -4.129428693012085, -1.046322113877005, 6.634563801019675;
  -4.123475733097593, -1.103476339375743, 6.638078932147471;
  -9.651804799009501, 1.321019849145403, 14.21825521741345;
  -4.102671902794087, -1.337411920203478, 6.634661371645374;
  -4.289193235011255, -0.7951934527774504, 6.901509322308352;
  -4.073253692180451, -1.25811234491124, 6.636371268959513;
  -3.946504889794406, -0.3800511871688564, 6.479240680707562;
  -7.706612381419925, 1.47267615026441, 11.72515051838475;
  -4.022189197679352, -1.284057843685102, 6.593787723342422;
  -4.256198871568161, -1.232281196005348, 6.967139484514723;
  -4.061621224219935, -1.35694270949455, 6.731083741801746;
  -3.826952394880554, -0.3350519442197888, 6.442844521586147;
  -4.238704858290387, -0.5588465679207404, 7.066093674065655;
  -3.805554660643663, -0.3608057876228739, 6.444563169175209;
  -9.260738756893497, 1.364784884778581, 14.28507848756765;
  -9.370228987737306, 1.258194635902947, 14.47678016102272;
  -3.780371933166437, -0.3217144798066027, 6.426795865577367;
  -4.376341066144059, 0.1098466381551242, 7.315657773007112;
  -3.918916677813153, -1.248285579321233, 6.682540527652193;
  -7.168412780777992, 1.448866226741336, 11.42613388709022;
  -8.236705166917599, 1.411816581872451, 12.98349765209631;
  -9.170072134020996, 1.345062691520745, 14.39191693719782;
  -4.752661069728217, 1.583323159014175, 7.943089642497712;
  -4.241186197398578, -0.6740460642010092, 7.205826365328928;
  -7.624033534747249, 1.423503026960564, 12.18064312649831;
  -5.185207004029692, 1.570004109984882, 8.639090102296843;
  -9.228253894524844, 1.029240553050847, 14.66068434598282;
  -4.249568874227978, 1.628120016653491, 7.312921333067051;
  -4.188424262728961, -0.622638157739279, 7.224835428592146;
  -7.264404974557495, 1.462678169507536, 11.81545436009049;
  -8.871527256100594, 1.24230050911579, 14.27163649297964;
  -4.899130564237869, 1.572700698399964, 8.320688482708416;
  -4.190339629400969, 0.1078410882372507, 7.295328430348651;
  -3.971321937513642, -1.133612250383139, 6.97382902182138;
  -4.791248505335846, 1.60051866449539, 8.210949243498408;
  -4.854446761638267, 1.580523199434195, 8.328856775924507;
  -3.696715864523434, -0.2579756770240035, 6.616842424056107;
  -3.812741930053235, -1.369222862933403, 6.797914520894459;
  -7.455587192633407, 1.437296770620212, 12.36430308084164;
  -3.858800883040024, -0.4695507812841042, 6.874513822359762;
  -6.222560812761468, 1.516323013321544, 10.48475043573724;
  -4.429038726839957, 1.607707652802755, 7.789843382708981;
  -4.065210792928178, -1.219767161654221, 7.236398309864534;
  -4.131339961984193, 1.651103334286139, 7.352556055037648;
  -4.235902646118594, 1.628897787904533, 7.544482892175637;
  -4.337707203573662, 1.629011290198335, 7.73682254485441;
  -5.010143551681458, 1.555613129514141, 8.790570880452929;
  -4.213742672011516, 1.652660427058078, 7.580666181607414;
  -3.918732550924038, -1.210697042391302, 7.147671484784755;
  -8.179446250569336, 1.372533949840509, 13.86086430686238;
  -4.326561554212737, 1.618833225109942, 7.798398727550512;
  -4.272031838182189, 1.630935317117457, 7.734239880005043;
  -4.040803043119064, 1.648960370074038, 7.374874971554755;
  -4.885037482948867, 1.536016326531089, 8.727090621028557;
  -3.527034864257532, -1.29894966647031, 6.609719215313668;
  -8.082629073166284, 1.388765625529283, 13.94699209654839;
  -8.675343004947337, 1.36264155650074, 14.94189705377575;
  -3.46739278126997, -1.271872795490872, 6.589370733866882;
  -4.866109797153072, 1.558927654692123, 8.91013568750906;
  -8.549089736706424, 1.349103009230055, 15.06105979267264;
  -4.341874348504097, 1.603399705087866, 8.15240920367811;
  -4.434588862526438, 1.595874190043774, 8.331923605474586;
  -4.164985497917556, 1.621163261299533, 7.890169631417881;
  -4.07656182908751, 1.641767477488405, 7.850518344861073;
  -3.957514718681391, 1.651474840068415, 7.679284230599525;
  -3.921206154317225, 1.672681947187479, 7.645870804389888;
  -4.045938612740729, 1.647929201768358, 7.912355192380075;
  -4.48873435528319, 1.568521470791203, 8.842524109606574;
  -8.154290238818943, 1.340437281559459, 15.53910389119623;
  -13.8010989701165, 1.412491052727761, 26.3379449956691;
  -6.674771534124771, -1.043573981484254, 13.47154574874739;
  -7.562829456935373, 1.435895750557586, 15.37942708603829;
  -6.19073287211542, -2.513436245167706, 12.82694803906765;
  -6.520811519351363, -1.010218114747808, 13.57523577152906;
  -6.252587151444943, -2.356455000236458, 13.11255476704138;
  -6.454538539780433, -0.8776367163105568, 13.50965894940577;
  -7.464386141939546, 1.340046951418116, 15.49219542072942;
  -6.09730387412851, -2.580197884702139, 12.8471191906942;
  -6.299808825827513, -0.915366464378944, 13.27514226099691;
  -6.215204094431178, -2.414369242349907, 13.16245506609923;
  -6.182339138894104, -2.588730179921222, 13.11396350761526;
  -6.387753273214357, -2.387442663081646, 13.52838158350293;
  -5.782639666321063, -2.748694387396959, 12.44974353486747;
  -6.007608735584194, -2.309834724035687, 12.95630895288136;
  -5.683892684474036, 1.444388016848882, 12.33087683193929;
  -6.025668493620969, -0.9139458663414767, 13.11106122820219;
  -5.819362600399185, -2.698079098778506, 12.71280411607854;
  -5.844039318433102, -2.377690373410479, 12.99935769770026;
  -6.341464694414356, -0.4897248839536318, 14.05943331940612;
  -5.47605051123046, -2.38151571665446, 12.3111774938944;
  -6.533611073491495, -1.388628400223923, 14.59322592106302;
  -7.780239620659873, 1.394625675266814, 17.19864354155923;
  -5.749615020164605, -0.7346919159763843, 12.98439437587926;
  -5.678006139113045, -0.6222598463490204, 12.90248737219174;
  -6.287592030279302, -1.091074887561747, 14.18971798440043;
  -5.447939526931206, -2.248243003074163, 12.53376156819506;
  -6.032083361570092, -1.085040770891522, 13.81474703119952;
  -6.457132414350728, -0.4441523727653257, 14.72574152335729;
  -5.774220247903321, -1.901843039126366, 13.26957477298862;
  -7.517815038038891, 1.404401811306352, 17.07906274042184;
  -5.646794181459408, -0.771511486580777, 13.08334249157592;
  -5.372143806992134, -1.880660422970863, 12.5387807199929;
  -5.868446218186466, -1.0318911810244, 13.60831697730418;
  -5.790320369582359, -0.8476028652481035, 13.44513359125723;
  -7.175407805169471, 0.0114582981433829, 16.44412489723077;
  -6.19640100030028, -1.249871807982746, 14.34194621367374;
  -5.220616091709726, 1.448769077649781, 12.26952861136141;
  -5.715803407191744, -0.9649443950609847, 13.37420524407325;
  -5.675161868979068, -0.755105701780036, 13.30600302413672;
  -6.212402001172276, -0.4987804227304652, 14.49481230637644;
  -5.303878406728573, -2.54072664876665, 12.53135662518043;
  -6.03044452056606, -1.154706893907258, 14.14715021403842;
  -6.911346129049075, 0.05131247848377948, 16.08669283433003;
  -5.392234779698434, -2.733885224509791, 12.77289393583077;
