m=[-4.793081880603856, 0.6789916612927749, 7.013287482963902;
  -4.850594023699478, 0.6638894091715012, 7.145501304802314;
  -4.644909974070996, 0.6845353367786692, 7.164968723245572;
  -4.67419997436593, 0.6276317625301754, 7.221527408359921;
  -4.598621990930234, 0.6543911315435325, 7.203251352624536;
  -4.590993159121481, 0.6734051297646126, 7.20530779252957;
  -4.505656050211978, 0.6309374523118201, 7.248254269500342;
  -3.601076635026018, 0.7087368269045939, 6.267071303911295;
  -7.620420754967807, 0.6824733368974392, 13.04835912649996;
  -3.36584117297274, -0.5262358802792148, 6.793203799246657;
  -3.059221680616472, -1.294571743857813, 6.445830218237745;
  -3.211603143663711, -0.3629416751926157, 6.783853508122761;
  -2.85755073563145, -1.168782349978956, 6.45587019319546;
  -2.904624721362694, -0.4508491644638214, 6.628275660668185;
  -2.704268617143269, -0.9467004503349358, 6.311862157186575;
  -2.654302577004563, -1.271495455614167, 6.271262203406279;
  -2.687799552251989, -0.9227667673163651, 6.37612782452578;
  -2.68119648077528, -1.313106669515304, 6.366426454665691;
  -2.774265330373844, -0.4671384051641529, 6.602212478551111;
  -2.689694732214857, -1.35920531512453, 6.464225817386258;
  -2.677565158634212, -0.9454551373853763, 6.531883301130006;
  -3.617931330720461, -0.9426476748242224, 8.484628622362951;
  -2.594739635336298, -0.9211245559548398, 6.441059558930289;
  -3.863007966141644, 0.6732893105487874, 9.156838493470348;
  -2.650056831457422, -1.166808902493085, 6.592661942134872;
  -2.874767995064875, -1.163602104203952, 7.102096491296368;
  -3.553385616758722, -0.8185584980205748, 8.562213563658116;
  -2.597990438804792, -1.178609810964725, 6.52918718523506;
  -3.577328772913968, -0.866850738265451, 8.625834620722932;
  -3.562312756910258, -0.8761884194318785, 8.605502831746916;
  -2.753193963263662, -1.145916900865326, 6.990837364824648;
  -3.054649691338781, -0.6671506680184761, 7.737526707166985;
  -3.355342637665954, -0.9307544206337636, 8.511301505427614;
  -2.5022855634182, -1.375364134652321, 6.757082341242904;
  -3.225002032496018, -0.8460091378454677, 8.510110165694117;
  -2.756538113954632, -0.4141677535440227, 7.430085512387492;
  -2.595685789166606, -0.4235768307664073, 7.108896475082308;
  -2.460752715756764, -1.216560307195987, 6.850435149174425;
  -3.126289300279067, -0.8466183781490921, 8.45375695499939;
  -2.391528748488843, -1.169051978497551, 6.763958344848795;
  -2.453592613857085, -0.557936202246062, 6.915506567343222;
  -3.079787795253422, -0.882604367328538, 8.450395716180653;
  -2.411175241211454, -0.5006258238610801, 7.080581625092207;
  -3.037390491871384, -1.013308649688739, 8.761987314287035;
  -5.210514029718113, 0.649919411157687, 14.58087428293612;
  -3.067295181504425, -1.162003320217818, 9.010822089166728;
  -2.659297999756111, -1.621501318169415, 7.994129680363461;
  -3.024809436951189, -0.9293162882703919, 8.975589078081987;
  -2.936576087147368, -0.9632846681610104, 8.745715221119147;
  -2.704675079964823, -1.775893353390954, 8.146115204292412;
  -3.080592362510412, -1.207749596806788, 9.130658569203003;
  -2.311095626298853, -1.23755983536074, 7.106827559877393;
  -2.982892494418134, -1.1069861008236, 8.912090408894896;
  -2.190026509061381, -1.133020336954671, 6.830665551618187;
  -2.269401102834492, -1.2964249514095, 7.054038878616757;
  -2.237666607518294, -1.207611883875934, 7.005726216673395;
  -2.134962553726583, -1.111854839178182, 6.746020962044064;
  -2.625540843205134, -1.624285924995788, 8.157868163196858;
  -2.627708032483336, -1.690833630278985, 8.234507641479613;
  -2.646067140003845, -1.678523361732575, 8.302461181784715;
  -2.167786266369848, -1.181416076912632, 7.015698181273011;
  -2.090913114721535, -1.179953548339104, 6.905179497709574;
  -3.933668043458672, 0.6808967185926115, 12.31207756821534;
  -2.819612249104353, -1.120224545955113, 9.128873678288164;
  -2.781679323504465, -0.9287950905790336, 9.051819229496813;
  -2.829981406263179, -1.007743566464728, 9.23491923869185;
  -2.752733483274521, -1.054627316019881, 9.09923396879219;
  -2.684127361602899, -0.9693402020023156, 9.179802871713347;
  -2.796894917117061, -0.9111110811769121, 9.617388019958641;
  -2.631707285728602, -0.9413873580618241, 9.132890758442194;
  -2.690521865223694, -1.009422197094856, 9.31076538795149;
  -2.678214433554874, -0.9177907387729493, 9.275935374623174;
  -2.641197589889088, -0.9994121633451132, 9.254323577999216;
  -2.799430389345381, -2.14979658804607, 9.763627520999556;
  -1.874686391099465, 0.7870394380001018, 6.860324471133601;
  -2.585454123852587, -1.035202491960726, 9.130456619190397;
  -2.774997905948148, -2.208754806396186, 9.841799955405474;
  -2.568608576480419, -0.9353494340505859, 9.239929052046385;
  -2.6458562448995, -1.918964667118104, 9.551595278863728;
  -2.613458592818201, -2.000004365266498, 9.471163531349699;
  -2.557781898792579, -1.113165220705711, 9.2883686685344;
  -2.80274218299565, -2.190725241275949, 10.11689155455485;
  -2.633646974634315, -1.922214162185003, 9.638286607789496;
  -1.770356066566198, 0.8071170551865137, 6.796540821340257;
  -2.660573551233573, -2.03479309644258, 9.804925081478691;
  -2.207082174166945, 0.7402260694142004, 8.318792347032721;
  -2.341767296466787, 0.688562849000201, 8.819436447908512;
  -3.572921300383212, 0.6737049455414185, 13.06100356690116;
  -1.614855601757935, 0.8066700389223251, 6.50252898647711;
  -1.384018368995118, 0.9060537564967925, 5.72450568379967;
  -3.734892451202853, -0.8903277976695179, 13.94710424601486;
  -2.57727751858144, -2.137565489750893, 9.982442642710863;
  -2.645707609459966, -2.171365020759397, 10.37897827594468;
  -1.476077955841417, 0.8858029060808861, 6.231407718369544;
  -1.60797250240395, 0.8328335359339333, 6.733236213936431;
  -2.466100108161747, -2.05026915867127, 9.947605590782608;
  -1.770468489838248, 0.7571276610599553, 7.477784440397265;
  -1.436131707511325, 0.8866676406299749, 6.264953534653539;
  -3.264313819359945, -0.4463066252715908, 13.21662248657992;
  -1.519457302761722, 0.8700077815941206, 6.68659987253483;
  -1.617696496277516, 0.8256952909855592, 7.22006567548859;
  -1.436674658456673, 0.8885601183932891, 6.522634191401044;
  -3.09860845002942, -0.2666119110260137, 13.1210413359357;
  -2.511611716846569, -1.883850889883695, 10.8195097412695;
  -2.360078670741371, -1.777120400241093, 10.27668426745682;
  -3.03553989271069, -0.9051448369454026, 13.01682035188246;
  -2.98688282437976, -0.2986685326560237, 12.85125622324518;
  -1.55651783162988, 0.8557188419920769, 7.267620930924673;
  -2.248889568399236, -1.651193421376629, 10.12092296694686;
  -2.213496618801952, -1.561328915805349, 10.12172520083841;
  -1.446060493085269, 0.8891833868042425, 7.162762817859179;
  -2.557857861392654, -2.116856773509585, 12.2783017437042;
  -2.614233338786812, -1.565699747315418, 12.54050146966692;
  -1.400875407107465, 0.8664480004372834, 7.267848281143642;
  -1.174603608645688, 0.8913444974472524, 6.318911201256382;
  -2.565851279366709, -2.201001851017459, 12.71624523460192;
  -1.74258485820728, 0.7984936865368235, 9.092522821410544;
  -2.669621114227834, -1.026456314147526, 13.60765031925314;
  -2.530141900544498, -1.091690842749343, 12.99256568138706;
  -1.284391125425653, 0.8986916132724485, 7.089543313162466;
  -1.315947259378786, 0.8958889031329391, 7.382845185720123;
  -1.819236211150014, -1.162530512507811, 10.18014912863078;
  -1.561813101532902, 0.794831732234503, 9.304972838488929;
  -1.813816312201143, -1.01783792163511, 10.68883465205054;
  -1.873933672538279, -1.15373816294711, 11.21606786883662;
  -0.6318214602446586, 0.8774360771437066, 4.548049108116187;
  -1.378843922366493, 0.8869429443954006, 8.958500744680414;
  -2.132541472333724, -1.576208213212945, 13.62814026710923;
  -1.353535893145248, 0.8385551474165036, 9.335246127869473;
  -0.9821569322926858, 0.8635780988213935, 7.075266106482685;
  -1.616294105823275, -2.067177818775854, 11.60234523590096;
