m=[-3.14298814028917, -0.484535672963852, 4.698944611425081;
  -3.09203453543713, -0.7142522669512497, 4.696922973671675;
  -2.810336268656374, -0.3381772913643753, 4.543087237162619;
  -3.164891566580211, -0.7688637235671835, 5.185410048955315;
  -3.140890495345617, -0.7904965934644666, 5.19183406349678;
  -2.759593491293411, -0.3669710343319547, 4.691288003572919;
  -2.726649805295758, -0.4121145682520051, 4.655066188358219;
  -2.69079800028367, -0.4970236479071464, 4.746329105904699;
  -2.804799475430064, -0.5754092304371553, 4.940640095066207;
  -3.062064744881454, -0.9728177059846552, 5.311330141263094;
  -2.998459928179659, -0.7231599168479003, 5.281450118740994;
  -3.017081788289409, -0.9708090966850201, 5.326032960882494;
  -3.716363795033436, 0.6542788726429797, 6.528458279765317;
  -3.390409706595071, -0.4161560454840805, 6.130128536672777;
  -3.372016962051249, -0.3895971402613456, 6.147673328316182;
  -3.758356726500284, 0.65481405058122, 7.045852116068863;
  -3.963450027619138, 0.624034153328019, 7.511515696534125;
  -2.452556130656853, -0.517336373682603, 5.049847342262696;
  -2.521744426603819, 0.679752868868169, 5.186492694926154;
  -3.928537248402506, 0.63850618387015, 7.555356423233007;
  -3.749708348097665, 0.6390840787485221, 7.386158174036637;
  -3.204442002867033, -0.9753322198295699, 6.59508940932402;
  -3.011212960621921, -1.011925706535778, 6.583873246280408;
  -2.983380826602091, -0.8918703367239071, 6.565072880360328;
  -2.656415683645266, -1.249726449804653, 6.014145516903092;
  -3.078148567876949, -0.9679182434590309, 6.816949412551721;
  -2.577021200854953, -1.264915504121095, 6.035323304995634;
  -2.995656481221975, -1.129629368392071, 6.873996953285622;
  -2.92708588020893, -0.9552414456977897, 6.740536638119235;
  -2.980118737584216, -1.121307092625765, 6.902437751026674;
  -2.888330385321829, -0.8863392843312743, 6.727039367152208;
  -2.913944530819006, -1.156649920140868, 6.824400710001887;
  -2.963918795132724, -1.044971232354798, 6.932715254518947;
  -2.902689261207443, -1.136093381701326, 6.859037713696054;
  -3.052642374434331, -0.8934390863684268, 7.180067568699919;
  -2.899368419736411, -1.081156248376384, 6.903225402964992;
  -2.915182338735375, -1.152331389129825, 6.961817020695035;
  -2.885497703037425, -1.103029932328187, 6.928634409309217;
  -2.874329643274671, -1.134616241543311, 6.954487321916533;
  -2.831325869660417, -1.175624600282619, 6.902714098856221;
  -2.830119788620978, -0.9689690363116905, 6.962741068312648;
  -2.782438607772616, -1.078280833359922, 6.906617632608024;
  -2.799288990802324, -1.146608899538201, 6.94894408248728;
  -2.767333978601623, -0.9717186595355254, 6.90113416811411;
  -2.997075275836, -0.5021590952042866, 7.394226262026796;
  -4.483238902034694, 0.4280490158088512, 10.57327540250371;
  -4.400696601226937, 0.5118859759267886, 10.41402895139381;
  -4.38699259863138, 0.4828614707914781, 10.38683013125089;
  -2.759132284598359, -0.9868909100657876, 7.070470384269807;
  -2.729785390588152, -0.9563939884945788, 7.21640438393035;
  -2.8634251243006, 0.6364126480792814, 7.569165806471363;
  -2.76486660270949, -1.143944909554977, 7.425346445354686;
  -2.771620534784183, -0.9388236520012796, 7.493101105756541;
  -2.668558948271826, -1.175375080420303, 7.257580891861118;
  -2.71194781157296, -0.6799298797996957, 7.460216672059738;
  -2.638635563798589, -1.165807150094476, 7.311877090229247;
  -4.681059171765519, 0.534590239445313, 12.32157505054633;
  -2.603963188841058, -1.087017477992701, 7.33919157930475;
  -2.662363224114433, 0.6251891491562639, 7.55913658686734;
  -2.860048493897258, 0.6160366608887399, 8.108180071790287;
  -2.515319228304452, -1.021797142408675, 7.256796417652974;
  -2.567860024005241, -1.190119741618241, 7.416285774603581;
  -2.618336086528465, -0.971799491180976, 7.560185879598602;
  -2.53496304501645, -1.144270452833625, 7.355506116670576;
  -2.479621989623514, -0.9954084589629747, 7.268858338464328;
  -3.757917994850139, 0.5713161951717243, 10.51893353974704;
  -2.501129904620584, -1.00873133478512, 7.338398848246901;
  -3.722664527179393, 0.615181474527048, 10.45751236819116;
  -1.951961229105753, 0.7176897908302093, 5.966702281523785;
  -2.562070741365494, -1.183907254992465, 7.557081291140237;
  -3.722851516201662, 0.5825155917355224, 10.61090301642292;
  -3.289417426538921, 0.6601792349562774, 9.485611498964866;
  -2.43960119221752, -0.9762400089605627, 7.33842829801358;
  -1.906221784584797, 0.7597506575849546, 5.983839232446931;
  -2.413064908216409, -1.1104278062972, 7.468895663470273;
  -2.432023569432304, -1.085062090040555, 7.581196155896322;
  -1.37764831366478, 0.8702198451137039, 4.749716312822934;
  -2.151158162769541, 0.6707131362619431, 6.944009748039741;
  -1.65961823992296, 0.7343267078486594, 5.650166369765813;
  -3.484312738695008, 0.5958255880337171, 10.79804561080358;
  -2.275836577243889, -1.032315692133768, 7.472911366427386;
  -2.657514882185358, 0.5846307310464628, 8.589645077724502;
  -2.537414761655294, 0.6057691558286317, 8.317241198487935;
  -1.565123139101076, 0.7919749834008979, 5.542396430754094;
  -1.548207847870866, 0.8358436086114469, 5.559067073712963;
  -2.903461348866431, 0.5900522289674391, 9.569244994159611;
  -1.496153914853489, 0.8235668768450016, 5.512143120112257;
  -3.244468541656912, 0.5982819438723697, 11.16348327242178;
  -2.851453347257542, -2.044293164544673, 9.924753169196491;
  -1.271207649882211, 0.9198302494959441, 5.014592799989266;
  -2.166204699042458, -1.79350440436744, 8.098455405700225;
  -1.795653727394031, 0.6968672134015346, 6.88551675936078;
  -3.644744362793766, 0.5514164346826237, 13.1759208629091;
  -2.944167703552648, -0.4201220095181887, 11.09592557252556;
  -3.027690693559986, -0.3981174441093273, 11.56257661031848;
  -2.055121598146033, -1.708538354479041, 8.171825547033741;
  -1.949147418200114, -1.562760341373646, 7.929990606172491;
  -2.061100664766616, -1.753508935543077, 8.382344339445149;
  -2.708623400784299, -0.3726206036696945, 10.86156142519766;
  -2.803574157974872, 0.6522875269535455, 11.56231152414911;
  -2.898343292417256, 0.5688311642251939, 11.95488925744045;
  -2.97513190453744, -0.8770716833823692, 12.42018002430528;
  -3.026891434773462, -0.7854030934422874, 12.6693957437552;
  -3.033592746849455, -0.8493185230423002, 12.7260209993186;
  -1.550123764777486, 0.7575577178935514, 7.099887930196012;
  -2.183901234436935, -1.496497151030172, 9.679926799832437;
  -2.399476210867837, -0.3422780807890768, 10.53703429907451;
  -1.491845907845955, 0.7938613194047227, 7.006790922705434;
  -2.720369628203048, -1.257935954486736, 12.40448717876019;
  -2.586889900723786, -0.8423859802742482, 12.12954101688823;
  -2.588553829338527, -1.341982500017324, 12.18199008424339;
  -1.853373482954014, -1.395957950569696, 9.014835594250171;
  -2.31090525048515, -0.5074526545738891, 11.11606472238287;
  -1.698348647963228, -0.8624712608552652, 8.635131562197779;
  -1.748289318621088, -1.316980112082212, 8.886400466538852;
  -2.396470426421831, -1.024887579713797, 11.93536609255298;
  -1.335862501760325, 0.8543104273553012, 7.101907126579132;
  -1.665187634995238, -0.8797076827372689, 8.751626870952769;
  -1.671532938420979, -0.9904048757083207, 8.78237720143408;
  -1.668615869642199, -1.080625583083664, 8.802190576221948;
  -1.331595929149397, 0.8439011387662317, 7.228460818361088;
  -1.536395320312233, 0.7456181665283926, 8.19188890639435;
  -1.669243011639751, -1.116507747641264, 9.043417204692441;
  -2.11620135129478, -1.022116386043513, 11.26403388899889;
  -1.402580061696329, 0.7616845339564849, 7.862782760892102;
  -1.229539886654917, 0.8651756624028896, 7.164352090888429;
  -1.501760606262793, -1.605994611618797, 8.565844002910461;
  -1.42850058648253, -1.863042967009734, 8.443624392398448;
  -1.400646627461488, -1.818724405741701, 8.435411921179091;
  -1.148048550613384, 0.8486480428579919, 7.24760465039358;
  -1.357276870340239, -1.77841943209586, 8.416007092139253;
