m=[-4.242686351279608, 0.3481488887134469, 6.022270719218131;
  -3.445807041625748, -0.1821108735718487, 5.446359479804211;
  -3.39185233029359, -0.2185729855502072, 5.528699420809799;
  -3.337511194993494, -0.04896957404132333, 5.469826033309551;
  -3.332583974082841, -0.1252536972958374, 5.476328307671118;
  -3.263336841591598, -0.3667512382844653, 5.388068012204094;
  -3.337578548480856, -0.20270044886916, 5.522476018396853;
  -3.332275533222823, -0.1566688009831362, 5.540890886045838;
  -3.230292602366907, -0.3672343572717343, 5.420852355379913;
  -3.197465120469709, -0.3647551460997617, 5.447096482563095;
  -3.427551281170552, -0.983067881013689, 5.772339765955151;
  -3.255676570089914, -0.1111950759326887, 5.601774943427265;
  -3.197345032418432, -0.4195913651485769, 5.513739753029302;
  -2.847647004255939, -0.432191379986045, 5.036386107781772;
  -3.892780865718005, 0.6280447627817122, 6.566453796373994;
  -3.843583706862354, 0.6427508720325179, 6.587439757948737;
  -3.747494532053712, 0.6483924756107705, 6.554053244970864;
  -3.755674369424372, 0.6274861027731041, 6.610457860747717;
  -2.986269261875344, -0.9597088213833922, 5.803875696816388;
  -2.926771025276248, -1.007034875736924, 5.756303412790827;
  -2.933083690077368, -1.125701660686838, 5.977062689221606;
  -2.857903761632374, -1.188859316347013, 5.995866775579708;
  -2.826044363184103, -1.140187912811443, 5.949580453696406;
  -2.744582958916374, -1.126796912846572, 5.824569297298551;
  -2.810888285990903, -1.100008371970939, 5.948100126366799;
  -2.794295811421655, -1.184537858511797, 5.920572865449859;
  -14.61010802306663, -0.03323231541787689, 27.18584944297026;
  -2.814664049733481, -1.136691640635843, 6.005508324531093;
  -2.778004822917607, -1.179861701313117, 5.965467771076598;
  -2.719662995748176, -0.9574412165992126, 5.90676473065142;
  -2.799134244483969, -1.134160954516439, 6.059190351165216;
  -2.756520923089298, -1.09743319657174, 6.032735899117688;
  -2.705387676154222, -0.9734481625158105, 5.946449969269747;
  -2.779786979059264, -1.167048897608804, 6.088498911046299;
  -2.96085081010487, -0.5949827628478186, 6.479364079482688;
  -2.74158302570025, -1.111528445884465, 6.065065371637605;
  -2.652120439087677, -0.8305717968734361, 6.018003357703703;
  -2.697429440106696, -0.989350276873547, 6.120692095808376;
  -4.311237346652201, 0.5375152103761848, 9.395533440823709;
  -2.730092397474258, -1.138077598613418, 6.278479582085295;
  -2.640350476151067, -0.9161841812236701, 6.12705932688861;
  -4.320365883914977, 0.414502899056689, 9.506624787953559;
  -4.29318132410963, 0.509446707463015, 9.466617813684925;
  -4.331549081032714, 0.4827388998720871, 9.55198280708956;
  -4.232754309791405, 0.5846724981367379, 9.404677420337833;
  -2.926312882097531, 0.6392803867568682, 6.852221920918557;
  -2.604370803292678, -1.179324805106339, 6.307333564183045;
  -2.588991600014901, -1.161071452294566, 6.326494878927056;
  -2.546427070758616, -1.156327539030509, 6.293105060315785;
  -2.483624251892152, -1.024150781142764, 6.303791285325183;
  -1.802922891938514, 0.752961050548259, 4.893456994171396;
  -2.546121332094819, -0.9602926754416459, 6.449397482486631;
  -2.492369221183047, -1.162286820466912, 6.342606142854096;
  -2.524430691245895, -1.242173488874892, 6.439735990649793;
  -2.453414026659301, -1.027380097282531, 6.313229052879966;
  -3.516052461043225, 0.7248411169792768, 8.743140363411957;
  -12.3848999889255, -0.2453620951793285, 28.28876232737929;
  -2.510580585079596, -1.19993257455228, 6.489895006472807;
  -2.472383702678067, -1.147183124317617, 6.410215151417685;
  -2.426659905858862, -1.001847194108733, 6.346893350005725;
  -2.357530726445298, -0.9731731142862312, 6.342988909741142;
  -2.37378055761296, 0.6370043826849851, 6.527401896291642;
  -11.2811061430903, 0.178026770357958, 27.71813895387592;
  -2.313721778989787, -1.102097184931806, 6.430777455025071;
  -1.546784390927912, 0.8182466209359206, 4.670591745933308;
  -2.366894457508611, -1.094423121335227, 6.59934131897862;
  -3.755359613052388, 0.5410348764112454, 9.996805847004627;
  -3.617796443635266, 0.5809362194813718, 9.669865531928604;
  -2.313254971037392, -1.05495368872682, 6.479317640265037;
  -2.314898794735864, -1.049131339793758, 6.504173478701507;
  -13.522404417782, -0.6662866295102907, 34.45563628455326;
  -2.281209483090095, -1.071450430566685, 6.610278119897626;
  -10.87801836056489, 0.2454581328550818, 28.42064921785794;
  -10.7784760196027, -0.04321565406699, 28.39908538897999;
  -10.69952900387788, 0.1460817938116134, 28.22676310125239;
  -3.088205405296271, 0.5851783270490855, 8.915814832124148;
  -10.54543152970274, 0.1256741003633736, 28.09912440220066;
  -2.57518725895601, 0.5858807650855089, 7.637891057684636;
  -2.502627275713134, 0.6209646711758911, 7.49975500080614;
  -11.19172875702331, -0.4451943311966209, 30.97300763768825;
  -2.296063165445458, 0.6159804858717285, 7.504114709964284;
  -2.322529805787189, -0.8035446440196823, 7.663391162079439;
  -2.294577123617526, -0.8281467917288796, 7.612185582969306;
  -2.978463470711574, 0.5696494169690874, 9.71954532076097;
  -3.033915798376748, 0.5935784983356802, 10.3046946898372;
  -6.749999319094633, -0.4826669081878179, 22.37067431375268;
  -2.874864096285279, -0.5451427300304513, 10.53729931174601;
  -1.772969361391967, 0.683877948720666, 6.912906184710559;
  -2.63039242993371, -0.6575888169022057, 9.947456563957907;
  -2.759760557047881, 0.5807594286489594, 10.52225979999755;
  -2.692209902404666, 0.6001341077535418, 10.44604018133815;
  -2.95372570761983, 0.5093007037220457, 11.46401231628837;
  -2.308343774906328, 0.6381803834879598, 9.19919640845251;
  -3.195643813941084, -0.9970592703889456, 12.39436860636243;
  -4.629129756620947, 0.3603454695413808, 17.61425794307147;
  -2.80540296404488, 0.5672466994957276, 11.11783084620598;
  -5.385185052396569, 0.2150365783221714, 20.6099989612862;
  -2.852564982670371, -0.8391214839578461, 11.56005620287831;
  -2.591755844337291, -0.5276889077585624, 10.85285763399584;
  -2.839609476192883, -0.7042953976258892, 11.80478355037419;
  -2.388299489457314, 0.6038386599682788, 10.16811685789658;
  -3.806167256343988, 0.1001701899148707, 15.6321015490271;
  -1.754870919640468, -1.23890567143399, 7.821627485686134;
  -2.446710306065068, -0.3909355956985389, 10.70899861106192;
  -1.757806198827395, -1.415196323454647, 8.059776681616798;
  -2.344550353424421, -0.3228544279962723, 10.72571684271545;
  -2.406370556792975, -0.5707909863574965, 11.12031194067379;
  -2.563316586307909, -0.4489656430013501, 11.89477017467911;
  -1.61717825953721, -0.9966453789944744, 7.818505451508449;
  -1.573547865388689, -0.8783072663554743, 7.75450509110648;
  -1.573700821250001, -0.9883336194020287, 7.761565689378198;
  -1.824526255305161, 0.6781944244736303, 8.952304893999008;
  -4.001085847449622, 0.2822350707199606, 18.55890679129808;
  -1.588863221868398, -1.092767973244774, 7.875941407391774;
  -2.67863846295455, 0.4742502658094426, 12.77842130185024;
  -1.575804293613978, -1.123707695855521, 8.067129933029476;
  -1.950003782808783, 0.6351752909943322, 9.864635251518285;
  -2.339758256978218, -0.5650807087542465, 11.60684211082932;
  -2.266628803205541, -0.4591557252290671, 11.2904152914192;
  -2.406911546740829, -0.404667530379958, 12.04476349031525;
  -1.416644867378078, -1.611494223351498, 7.595160759585182;
  -2.059666356375918, 0.5495305766278773, 10.91103461119882;
  -2.519642515489714, 0.4665915863617924, 13.19468022435829;
  -2.104638495045256, -0.2918692018233122, 11.46742580276829;
  -3.313300602449103, 0.4617523365142756, 17.7639638984792;
  -2.243850031434066, -0.3636815750640981, 12.30878368363178;
  -2.083662034339864, -0.4215820555500282, 11.66981034214835;
  -1.3592882690861, -1.819380326996099, 7.890323304905957;
  -2.306888299228914, 0.4545482556318933, 13.14167347937808;
  -2.25157989363485, 0.4761725541801385, 13.30071957896715;
  -1.267068713132634, -1.801600333496181, 7.785208806564779;
