m=[-3.434485354957544, -0.9824887425391194, 5.179532138184435;
  -3.438523145462858, -1.016304195379909, 5.187054155001269;
  -3.259940816063006, -0.2949224633017719, 4.980902046855382;
  -3.194142016638343, -0.3396498204332764, 4.941484953447494;
  -3.164536428626326, -0.3376985902589468, 4.97210396603274;
  -3.192697734365461, -0.3078447789021794, 5.018234874538438;
  -2.588096645585146, -0.4686071775203046, 4.416521984671746;
  -2.91542477284693, -1.008947942824838, 5.310690555117693;
  -2.801470541566253, -0.8881094140494054, 5.342426649260914;
  -2.848638059866766, -0.929852625476272, 5.470387230647305;
  -2.766777476565949, -1.095554717328055, 5.368911495133321;
  -2.786106279386291, -1.037276784036922, 5.455549752532859;
  -2.762560012761127, -1.063097954315905, 5.463861982542787;
  -2.719033135830677, -1.08052939548072, 5.431595988641734;
  -3.082922580398611, 0.69508270957549, 6.151952292320451;
  -2.669511604253639, -0.9402321130124949, 5.482282097223871;
  -2.945331840353314, 0.635725225181949, 5.964909162104815;
  -2.99340891476126, 0.6935187886899508, 6.085701053922;
  -2.709728823441747, -1.08117551181034, 5.612849358823399;
  -2.905384089147278, -0.4886039241360755, 6.043076235114859;
  -2.927135674879335, 0.7030236348247972, 6.102767519049344;
  -2.660345224192222, -0.9547757191697578, 5.657607080257779;
  -2.880195170834686, -0.5129562477086769, 6.068933287311342;
  -2.65313886621806, -0.9871635733567563, 5.698641180834088;
  -2.61440023689774, -0.9121582896937255, 5.727762566318408;
  -2.587484178074214, -0.9161343910061419, 5.708638623420827;
  -4.349576412636725, 0.6033132271500415, 9.103777545232859;
  -2.554084983682746, -1.138307686816063, 5.821131121027623;
  -4.148441808641759, 0.636810660213891, 8.873405681079564;
  -4.300719034985904, 0.6021236059283184, 9.215328147550402;
  -4.243667001531032, 0.6267940161880256, 9.417955629397666;
  -1.95059722768931, 0.740405688393609, 4.884367722512527;
  -2.787181474998557, 0.6745772357160396, 6.586959772213305;
  -2.4115054561757, -0.9902072180414796, 5.843000399290995;
  -1.779782664737622, 0.7869673279804251, 4.593769196517953;
  -2.469087646220571, -1.161874893096708, 6.024752209385772;
  -2.440253911551645, -1.115310007955378, 5.966512282804551;
  -2.391173902562219, -0.9656563640567104, 5.889126860337665;
  -2.406308518972826, -1.016964151363639, 5.968294853645206;
  -2.341099363533791, -0.9217036428153606, 5.886592573705213;
  -4.798054675158141, 0.6343017514761936, 11.14206741123607;
  -2.339896719778942, -0.9509411322213887, 5.936073708332357;
  -4.764056685936605, 0.6271695057838295, 11.29402171616843;
  -2.303792999517061, -1.04304610648985, 6.077946147667838;
  -3.871608700120273, 0.6320895524332956, 9.711222741844551;
  -2.254858648670167, -0.9597263972723227, 6.054509035657779;
  -2.255603683279807, -1.038894086940321, 6.187938010904015;
  -2.912734175326443, 0.6768716567727494, 7.763810371583764;
  -3.323650092629986, 0.6794977737019796, 8.923162855785288;
  -3.239457206465978, 0.6922001180726507, 9.185494211742345;
  -2.985406938913533, 0.6876633832900578, 8.55752587987201;
  -2.274241318704074, 0.6720312313895049, 7.069875901317247;
  -3.256875668012444, 0.6853994244499985, 9.871416094471982;
  -6.710009504507494, 0.556226935938253, 19.52559120629839;
  -3.873426599471769, 0.6723887208210099, 11.70482815052282;
  -3.672419508246078, 0.6664361398408281, 12.54280150457265;
  -2.070827735630052, 0.7060630488147016, 7.618927326040306;
  -2.854446814810436, -0.5491558719343332, 10.23445284194769;
  -1.735025005599824, 0.7455665072232337, 6.879257130634368;
  -1.729966972946897, 0.7792748715630129, 6.893408621762792;
  -2.325969262490114, 0.7257611008258319, 8.975126919198438;
  -3.027024486848968, -0.8797822033788558, 11.52712958363336;
  -2.888104928227544, -0.6830002052568809, 11.09246035681653;
  -1.633415036954155, 0.7257788372930468, 6.737298955323236;
  -2.369069140501598, -0.2493413713823827, 9.527728903099062;
  -2.825710090826936, -0.7697707305092243, 11.25866027151518;
  -2.724095720970419, -0.626053983434178, 10.98891557519324;
  -2.855133562448573, -0.8633207314102317, 11.59512761321465;
  -1.202607531807952, 0.8847855142893349, 5.486941092783801;
  -2.793648206507533, -1.247375208192936, 11.52968833356925;
  -2.804228287041897, -0.8698618513827746, 11.64989063596427;
  -2.799370995537446, -0.6337722913579251, 11.77425438365924;
  -2.635345796677401, -0.4129623351068844, 11.37455980775199;
  -2.584155571009756, -1.056277514552381, 11.20641580413039;
  -2.629315542024578, -0.7848690092236662, 11.60772582163935;
  -3.191528067439489, 0.5566801875445009, 14.04870619874267;
  -2.595867738737987, -0.4886622583945996, 11.590716611313;
  -1.636183622002748, -1.380013561173263, 7.658025454632648;
  -2.606441471098661, -0.848891032681, 11.69562335959743;
  -2.601926353009489, -0.5475786897358718, 11.80257142454419;
  -2.251542220094835, -1.056606176430781, 10.37746553171768;
  -1.12219242962362, 0.9198485381943442, 5.675174046881023;
  -1.516960833560648, -1.08205125717742, 7.43778310517053;
  -2.236650605769804, -0.974109951046321, 10.64056315550946;
  -1.640948875953689, 0.8099391569350872, 8.376262823161296;
  -2.068054655342379, -0.9596713185117074, 10.34831453069684;
  -2.18195254051492, -0.9044450180614508, 10.88401862365538;
  -1.047104614091382, 0.899283230893109, 5.761185242262377;
  -2.182912085290166, 0.6857440645404136, 11.37555902012184;
  -2.584384276877587, 0.5953276154225594, 13.44710964792216;
  -1.927945314934012, 0.6819471653654922, 10.89789792398722;
  -0.8303156708302584, 0.8754585574256547, 5.818193261744962;
  -1.17363020291814, -1.232653670766831, 8.013705195293756;
  -1.746957372721003, 0.7207987074538296, 11.66260269074341;
  -1.413515748574599, 0.8220352330735468, 9.837846319893808;
  -1.460409160392147, 0.7931565468480935, 10.36358652064893;
  -0.7719018521259656, 0.8725715240254229, 5.900601274556483;
  -1.702950959111668, 0.7304215559983117, 12.28750987965449;
  -1.643788614542158, 0.7349820423070069, 13.1995680068233;
  -1.29359984467835, 0.8400737711412388, 10.91676596805041;
  -0.67467735404698, 0.8804825380994953, 6.132545650294435;
  -1.313366664515479, 0.8947215878039174, 12.54398296967946;
  -0.7797492500143823, -1.33749934711465, 7.891387908689619;
  -1.198166791365873, 0.8599261843995136, 12.03163945805385;
  -1.232710045976451, 0.8294252140979083, 12.51870857934406;
  -0.742790528278517, -1.285181330703828, 7.878310839086693;
  -0.7807396944106797, -1.671813950280273, 8.250988184554366;
  -0.7577058396442145, -1.510456199744305, 8.20963319331212;
  -0.7006763836675749, -1.685580058536814, 7.74319726030724;
  -0.6955595729422288, -1.598992695773948, 7.628351992306467;
  -0.6899613163271882, -1.388176453139613, 7.988399017619516;
  -0.7004980074321658, -1.584939280470922, 8.066407540670504;
  -0.6572290143799654, -1.658847193430117, 7.819064420011476;
  -0.4634190191563225, 0.8346649997415363, 6.044066013119174;
  -0.6159475329388759, -1.51237873285844, 7.862865098624048;
  -0.62960502886543, -1.2718312035723, 8.351745167240997;
  -0.5594131637809432, -1.603998449195216, 7.817361874079566;
  -0.5774037843879394, -1.476871716643166, 8.085132336946224;
  -1.145743130765202, 0.8362075120423432, 15.59015492079623;
  -0.5485400179554834, -1.408480847481112, 8.178493522276806;
  -0.5894179975827871, -1.446067149974859, 8.646881121871639;
  -0.5363876364954908, -1.447859747763667, 8.181464705289914;
  -0.3784669465642743, 0.8247810214793389, 6.040066017278202;
  -0.5833498420313789, -1.994520047574899, 8.893063850842722;
  -1.3300902905357, 0.9811487287568068, 20.65954819105017;
  -0.5008170783602844, -1.419013856328195, 8.161065684370771;
  -0.5508025786825276, -1.905829652803234, 8.892421068954299;
  -0.5030058589873203, -1.550110048919105, 8.257951213701293;
  -0.5264778628058162, -1.94171575550619, 8.798052456499354;
  -0.4463849934710499, -1.244839131574772, 8.412776856722951;
