m=[-6.724351250679256, -1.945252418642805, 8.99035419785738;
  -6.208661197828471, -0.9771335597902735, 8.383120396918775;
  -6.229052786077407, -1.021636400114123, 8.433658988103687;
  -6.782394180648553, -2.006787915623586, 9.114493060285927;
  -6.107406923466855, -1.433857187115621, 8.377332499196648;
  -5.707989007866731, -1.01302145110743, 8.042809840984903;
  -14.73321936879065, 1.169002781793551, 19.77711906849107;
  -5.552149730427575, -0.6856201233373384, 8.075541055365953;
  -7.163197554466489, 1.358249609281212, 10.15319929858336;
  -17.49696021002816, 0.9612093329564693, 23.36383584351091;
  -7.903956357447273, 1.325104882085287, 11.14242026603648;
  -17.41483959588453, 0.9574776088684879, 23.43237732826377;
  -5.520788095956619, -0.8102511516585681, 8.106725345827;
  -5.477959830584077, -0.6591041139039998, 8.065692227114489;
  -5.554507617236385, -0.8096905616017587, 8.309173838426027;
  -7.911607560179913, 1.235676959717253, 11.48745837660576;
  -5.401979026945816, -0.6574262168027322, 8.185025373715043;
  -6.21895135209333, -1.537674018195056, 9.310685450099012;
  -7.366684955708655, 1.308006354441337, 10.91286227898163;
  -6.196106963387683, -1.589372384229117, 9.35694905674792;
  -5.372453090006702, -0.8300780696314041, 8.280587262108856;
  -5.415340307169823, -0.8872324418825477, 8.339103055092654;
  -5.347595972614488, -0.6587685037620739, 8.251438867318599;
  -7.186056623465808, 1.334370891727871, 10.92219844305696;
  -7.845440801421145, 1.253820524470633, 11.92447973412047;
  -7.516857832564296, 1.331053648246928, 11.50854768667517;
  -14.3362268515141, 1.12735298584043, 21.08237141089079;
  -5.315489724671246, -1.00141876358054, 8.482129617310385;
  -5.471771231095912, -1.143703652518292, 8.771413338902896;
  -6.101543776415765, -0.4472396808046616, 9.689433055138098;
  -5.274019593443586, -0.9202926673694563, 8.54745527701964;
  -13.22232087728684, 1.134131545701591, 19.99317929821723;
  -6.003393125222402, -1.568672361499345, 9.648635832230903;
  -5.898537198930597, -1.446123293575211, 9.512812088859823;
  -7.27503839969753, 1.321577907968059, 11.53942595330317;
  -5.927072910207373, -1.942728232086069, 9.59045117929046;
  -6.080837386956227, -0.5221169477234197, 9.82949018930813;
  -6.191345086876754, -0.7121471951985252, 9.997603991344997;
  -6.193782790336439, -0.6390883573134231, 10.01634735007049;
  -5.797331858110359, -1.389581186338734, 9.557985446078451;
  -6.044862787598968, -0.5004286958935876, 9.948392317970958;
  -5.979549575246962, -0.5846078972426253, 9.924439895538148;
  -6.785641395667956, -0.8301109381350883, 11.14265292018633;
  -6.762897912393546, -0.846557836441128, 11.21719181705667;
  -6.717936788722653, -0.9000286018854783, 11.18979389377557;
  -5.317995286580881, -1.871017014984688, 9.103870692866792;
  -6.640471825433155, -0.8455758325988141, 11.16079172481192;
  -5.363502984033458, -1.114198461046887, 9.245789623599734;
  -6.607813254762882, -0.7914071382058044, 11.20110453054291;
  -5.786723853830409, -0.8236949697451189, 9.993901651566731;
  -8.8580112381552, 0.373198162455508, 14.77570871096395;
  -7.363943547012565, 1.283771232678472, 12.45683026090923;
  -6.583857979666997, -0.7096985906387321, 11.27208963280016;
  -6.841975365755115, -0.4568405580575087, 11.67480715743506;
  -5.072245012247191, 1.357582461855824, 8.935212027924786;
  -6.843046934785602, -0.1345097428586169, 11.70914058309482;
  -3.931008627894326, 1.50261999835751, 7.194079014341109;
  -6.69209426895563, -0.2738636447192469, 11.69792065079341;
  -6.887875820294537, -2.014529112471107, 12.04048327964693;
  -6.781840091687522, -0.3913309628611168, 11.89392267270439;
  -6.621300920902631, -0.1270308191282581, 11.69842975782061;
  -6.903661744449684, -0.2925648640467709, 12.18428384488008;
  -4.984473064828364, -1.070873448023596, 9.101479210761662;
  -7.285884479334723, 1.258515180573753, 12.86462280761549;
  -6.685755864064515, -0.4327109094842854, 11.90524424708368;
  -6.350680360533934, -0.6938361480749828, 11.40345268096973;
  -6.516166713304841, -0.3327471528956991, 11.68069784285884;
  -4.911565677838786, -0.9951617204009204, 9.104006604912723;
  -7.622589062202465, 1.263033178975085, 13.6035128893675;
  -6.41861676023392, -0.7500569957508616, 11.61616067399146;
  -6.825535663895501, -1.967610987642489, 12.32762119131347;
  -7.732533451191515, 1.202416288010799, 13.85982386655438;
  -6.341710264249106, -0.6834536520635277, 11.55092635602035;
  -6.50667828338127, -0.2563724321732017, 11.83470953565883;
  -5.884263418950506, 1.310016720418376, 10.80470128427857;
  -6.826282973501899, -2.020886542127314, 12.41183669301039;
  -4.696573578185208, -1.139467949217477, 8.884427993262245;
  -6.801570487360098, -1.956730440588091, 12.43225945376461;
  -6.289775320140064, -0.3169925542084059, 11.61685821233218;
  -7.625926296032044, 1.227860741066946, 13.88408254736514;
  -6.626554702056381, -1.852116654250623, 12.19757369320371;
  -6.651085335896584, -1.967835331453909, 12.31159753375029;
  -4.682080424242286, -1.006447153875021, 8.988064745772741;
  -6.93179575722961, 1.305624369892769, 12.84319650398914;
  -6.676938416168166, -1.885856598888186, 12.42821921543883;
  -4.751736857084302, -1.232296093006925, 9.13901346653226;
  -7.381566445477486, 1.234576067467979, 13.7256285263377;
  -7.435943708719948, 1.193707193776928, 13.89918970975343;
  -6.564360957587767, 1.29656152403539, 12.39176723030069;
  -4.762490656830854, -0.8701249324331124, 9.26194615629465;
  -6.448892874683721, -1.835920893215966, 12.26548920266084;
  -7.486890916737305, 1.251693809591626, 14.10839265827742;
  -7.014999297379879, 1.278019682611914, 13.28349848387213;
  -6.219843985254126, -1.937264113612762, 11.98706980119699;
  -6.602328746248933, 1.319526201641126, 12.87687744665184;
  -7.012236709629645, 1.272125094755316, 13.65865102056689;
  -3.379156963084817, 1.553781286302815, 7.145728060000699;
  -6.753240664961108, 1.262018543650256, 13.29100159969431;
  -5.177670357970326, -0.9874227767138808, 10.51649046753246;
  -4.342464889233605, 1.382944008591989, 9.040627061585955;
  -5.135060400607812, -1.08221626264678, 10.61108776455806;
  -5.888749822947459, -2.027683979361707, 12.0535204780195;
  -3.502387965541117, 1.524562984554018, 7.594714239495473;
  -3.964247266825712, 1.382987372560123, 8.465168594809953;
  -3.975961649754567, 1.433495353012047, 8.496660262799997;
  -5.886772850487789, -1.804852516203363, 12.11570737777944;
  -6.091028422834149, -1.972644430966637, 12.65672247753366;
  -5.838826504848457, -2.016008965124278, 12.30296534302062;
  -5.950196297996178, -2.39144168638261, 12.52190459802599;
  -5.802376485030048, -1.727493190282435, 12.25615323560799;
  -5.732047602906452, -1.849085505989959, 12.1384485941985;
  -6.274582360743534, 1.259664871396196, 13.28662497366987;
  -5.827265029104519, -1.935696290429186, 12.40828319534476;
  -5.802886057423428, -2.351888569051113, 12.43104043443703;
  -5.92764587453765, -2.495470393105089, 12.67889121206963;
  -5.908763827234681, -2.224032002424305, 12.68098090693159;
  -6.012963869473277, -1.776456407106834, 12.89331187791918;
  -5.035277718547647, -2.528512683449793, 10.96751480598329;
  -5.99599623242608, 1.21316092268846, 12.88110376601187;
  -10.56485393557368, 0.6374351147790193, 21.96366511397811;
  -5.648932636117308, -1.889726287813221, 12.21732733767568;
  -5.767546772532886, -2.075829209003195, 12.49941214463415;
  -3.541554451499259, 1.483511149575425, 8.074465328024274;
  -5.852318009225065, -2.438700564023855, 12.7300893375309;
  -5.801222706992371, -2.231757439428949, 12.63267146439098;
  -5.782779820592317, -2.020597597443573, 12.64084074023566;
  -5.788543681173469, -2.16735240440938, 12.66625590663366;
  -3.794591996481793, 1.475155312121474, 8.666075743315457;
  -5.713695314926985, -2.326645511202967, 12.56849995589307;
  -3.442536524604314, 1.526358100367406, 7.983954974258578;
  -5.709141159633314, -2.057780462191456, 12.56850318639645;
