m=[-3.122967753997834, -0.801076988239789, 4.716098407062934;
  -3.228554357931265, -0.7609523367083418, 5.042898096982996;
  -3.022634244295342, -0.7898071472325757, 4.857968896740507;
  -2.9781455560049, -0.7301413070645717, 4.802977092809364;
  -3.072894545588081, -0.8344912097671551, 4.938845503485297;
  -2.991794151576572, -0.9806261962541708, 4.840948674643173;
  -3.106099018379755, -0.1845141718786889, 5.058782534070938;
  -3.365287953476864, -0.4285246949316498, 5.65611584991912;
  -3.375778543682837, -0.2184848255835807, 6.011207843024048;
  -3.23253407569022, -0.3531667261253029, 5.804425239354426;
  -3.674393454754364, 0.6346902638005384, 6.487844540530277;
  -3.546256182470969, 0.6652626908160474, 6.298425860249012;
  -2.560194041506951, 0.6910207573353228, 4.824288028602097;
  -3.345862407825438, -0.1708560015678314, 5.997699188664194;
  -3.294867633818625, -0.410631140956829, 5.917651323204004;
  -3.253319898094039, -0.3801715291834909, 5.887730654723902;
  -3.884004417250364, 0.6253688216936689, 7.071382000045532;
  -3.76738357759307, 0.6300995373032143, 7.005248531488729;
  -3.790282508753428, 0.6084617735661546, 7.084757188377495;
  -3.790200196072137, 0.6336635828272377, 7.142301552721025;
  -2.66886156115029, -0.5683509737702047, 5.421388737945502;
  -2.543108933854465, -0.5359613385606626, 5.255079782268441;
  -14.58920391250398, 0.3554926075359112, 25.82612089596168;
  -2.981062949776802, -1.026474848901915, 6.101855978221016;
  0.2186268842173615, -0.0664781693705105, -0.3715548943377764;
  -3.252769701713405, 0.6276993067187219, 6.870464411895904;
  -2.931493652772203, -1.02431170051117, 6.408084960065021;
  -2.823936994983013, -1.196970822382372, 6.387655660271648;
  -2.848034803585693, -1.150290810285187, 6.486950520939555;
  -2.777432190140051, -0.9760874158144303, 6.427817889301156;
  -3.103723845839365, 0.5995555365630158, 7.105906388816452;
  -2.829563760556384, -1.14759445559116, 6.529953206288906;
  -2.756508172184901, -0.8603276265016224, 6.398805024950768;
  -2.840001928151059, -1.0595834424136, 6.597938940584569;
  -2.730668370874066, -1.083527075455977, 6.390945416679185;
  -2.735617379699936, -0.9871350012273896, 6.418039305315587;
  -2.762568761586215, -1.120078183722551, 6.514071156967304;
  -4.386136264222617, 0.5204234275683471, 9.917878791275376;
  -4.412403202430397, 0.4003547492847399, 10.06378435887448;
  -4.352778888073119, 0.4892077864110453, 9.955255034876313;
  -4.387151655797843, 0.4618642177010948, 10.03522249666757;
  -2.726373826187091, -1.002282841148844, 6.588061988447844;
  -2.999590161152886, 0.611241384837126, 7.195242984642312;
  -4.404843397605964, 0.5263850514186168, 10.16527724002565;
  -2.737321713698018, -1.039901355919776, 6.664002652484177;
  -4.456021693893379, 0.4549983281074419, 10.3047686004222;
  -2.718436483595515, -0.685497191294714, 6.970626047281381;
  -2.643147915960024, -1.196660899000221, 6.793813784145024;
  -2.578788216806351, -1.170403783947659, 6.762324202006631;
  -4.750830530923144, 0.5164481256584818, 11.91633747889409;
  -2.528110582526223, -1.176520353283065, 6.816569133205812;
  -1.928113110237787, 0.711725636468196, 5.493245836400252;
  -2.481417059385618, -1.039217934596175, 6.773934722067436;
  -2.840552505729482, 0.6043262269794696, 7.684935744936428;
  -2.542068927650194, -1.212365573396828, 6.95404317472708;
  -2.498103298673684, -1.1597263293497, 6.863435484860085;
  -2.427476763916785, -0.964987079247507, 6.74129744482481;
  -1.858318009312638, 0.7458643066132958, 5.447826902395827;
  -2.009353249634954, 0.6885671467849998, 5.861478416280587;
  -3.204044625944127, 0.6325631729446993, 8.848019214423719;
  -2.376550449349002, -0.9810850611313328, 6.777949462394067;
  -3.043574648697846, 0.610992714578538, 8.557304872715138;
  -3.703731254119796, 0.5632369861582538, 10.23454676216919;
  -2.369444850969713, -1.002254367686245, 6.862451638576624;
  -2.292086184593472, -1.051000011595951, 6.800254286302568;
  -1.540157190435101, 0.7832753515767704, 5.060161663366659;
  -3.236060156982783, 0.5805708406754973, 9.671161054246429;
  -3.420158605887809, 0.5690463325651879, 10.29739575220827;
  -3.272399233968494, 0.5963068457659696, 9.951145322585361;
  -2.584668585237328, 0.6121476411966144, 8.095237821850082;
  -1.45338907835464, 0.8114684423139028, 4.98120276690899;
  -2.865216427080334, 0.5697538104136536, 9.123519986458144;
  -3.045017658215685, 0.5386111165577844, 9.884546253758435;
  -2.391643290025415, -0.8659043483713749, 8.269483016934784;
  -2.341732759901922, -0.8770211343406315, 8.240176791440286;
  -1.189948849601707, 0.8544140344234312, 4.749511818387956;
  -3.676812847558595, 0.5313934341255638, 13.04875208890489;
  -2.90492090305285, -0.4483369778444785, 10.67512596146445;
  -2.872880719994416, -0.6054237276471608, 10.5851527557987;
  -2.003583779681128, -1.720285436120722, 7.641382803370915;
  -2.719888575891145, -0.4068788270111896, 10.36909686431132;
  -2.538126142715353, -0.3845473637590168, 9.938808662085121;
  -3.188938381208847, 0.5130489993151157, 12.57548065682548;
  -3.027846887934254, -0.9499658246890506, 11.97505614921315;
  -4.466365276140218, 0.2217666838464091, 17.47672512653938;
  -2.557629137287372, -0.4821502383840824, 10.62456987946741;
  -2.87077345433635, -0.7921874656990547, 11.81542279478876;
  -2.769717166089808, -0.7152856916167241, 11.61212641401552;
  -2.414646382359984, -0.3825583962586917, 10.34081068186762;
  -2.465185741641478, 0.5825312250587875, 10.74605103161519;
  -1.376562109499686, 0.8204224732943998, 6.452205765653858;
  -2.709466885165406, 0.5168460637146034, 11.99984822551639;
  -2.510648010002197, -0.3588543239526094, 11.69223577287898;
  -2.285452451596194, -0.5568620027798624, 10.78885432585144;
  -1.742157115062413, -1.194069559095476, 8.503385128008217;
  -1.719249565691853, -0.9152876097803517, 8.501784098081581;
  -1.370538266248876, 0.7521964688315389, 7.03803210804513;
  -1.28643685767014, 0.8251591292155205, 6.698912229425713;
  -1.622357927710222, -0.8363042364417925, 8.155404508178155;
  -3.532317101537641, 0.4101797948132613, 16.79092970203791;
  -1.399283609009498, 0.7407669651114393, 7.299132755037666;
  -1.602627482133977, -0.8907375866980083, 8.173110644712518;
  -1.615871740779609, -1.00345146717744, 8.232526397479628;
  -1.180077542834875, 0.8445982350497253, 6.606916376610747;
  -2.650302153572158, 0.4538321624823219, 13.99265133884925;
  -2.163165290810587, 0.5395736304984824, 11.61620615781297;
  -1.322770710532486, -1.804093677008453, 7.952568918985148;
  -2.345327277432287, 0.4485207034544146, 13.90084886818507;
  -1.306762319477325, -1.810021346963495, 8.233100538370918;
  -3.967545313807519, 0.1917894431294586, 24.63319624266527;
  -2.481785311986891, 0.3639728836202249, 16.09995070015375;
  -3.244447861693816, 0.2968590281434042, 21.76701982598355;
  -1.485676923126027, 0.7010416616117143, 10.55640845479029;
  -2.758728286092224, 0.2587808266637283, 19.35384074274577;
  -2.553728504340716, 0.379603788431803, 18.38120214797436;
  -1.755799700150998, 0.5268574997623314, 13.22139151423106;
  -1.475280746635765, 0.240951197817251, 11.49764338417944;
  -1.722322502349313, 0.1139590137389029, 13.39888083972588;
  -1.762613717864582, 0.1844767206364862, 13.71756523177993;
  -1.331481908265873, 0.6521972055929669, 10.99172825012604;
  -0.9833011265750355, -1.920924284638305, 8.248396454087763;
  -1.416626243101379, 0.6545556799831466, 11.94605676557323;
  -1.058453194987278, -1.885557737065242, 9.292844300087417;
  -1.318738256956191, 0.692355865616343, 12.33842095743322;
  -1.600793266222453, 0.4738908589721342, 14.77877143356277;
  -1.172859545595385, 0.645005344638187, 11.54739688942738;
  -1.18419055646498, 0.6022291249766385, 11.75783486857404;
  -0.8786214719140386, -1.527772869272476, 8.907170564785439;
  -0.8766491688349788, -1.838418110954044, 8.971065961205662;
  -0.8781845405778759, -2.077156400686222, 9.012878856162942;
