m=[-1.747191421174733, -0.6270524330863323, 3.715654068169008;
  -1.707034533408418, -0.5396446529175615, 3.855476661743124;
  -2.818639702583785, 0.3716299593359327, 5.970762397602003;
  -2.849399511092785, 0.3121755350983651, 6.027612146506195;
  -2.827899639693559, 0.3546079402986178, 5.99768515182961;
  -2.795213849490785, 0.3441022454641106, 6.012879984756533;
  -1.574933337470081, -0.5838754149443198, 3.8717566716511;
  -3.149451861513811, 0.4108881241595631, 7.185004523205356;
  -3.087908118095156, 0.408220760352373, 7.170756221194033;
  -3.033759613757599, 0.4315561624838563, 7.0978805283297;
  -3.080577281040365, 0.4055459996062459, 7.303042134891161;
  -8.125134847915344, -0.07153597872445514, 18.00118458161861;
  -1.401696966417784, -0.6676347347910089, 4.026860232620023;
  -2.205195963679792, 0.4191182147422984, 5.932195134435345;
  -2.030040722719366, 0.4380122307287558, 5.894414285538201;
  -2.240704380129693, 0.4694563453364872, 6.615744611800212;
  -2.426419199491849, 0.4212024830790276, 7.332220973299028;
  -2.29306495290235, 0.416123853003488, 7.83174647579483;
  -1.884554217335514, -0.3709474664627572, 6.872183126458418;
  -1.925667672235867, -0.5596810184441805, 7.333082665605796;
  -1.907187732080982, -0.4510257226956568, 7.325012365149205;
  -1.808914130127565, -0.4157261758971173, 7.297102119328128;
  -1.835651691588252, -0.5550550005223942, 7.454858118485126;
  -1.785124288394842, -0.4010906664923158, 7.313045542010422;
  -1.761784608217922, -0.3988646984659597, 7.410128982346871;
  -1.035004933724203, -0.8136172783585689, 4.742478096454289;
  -1.68526959324029, -0.3804737880816583, 7.246922786876493;
  -0.7281833068299415, 0.5968836829078419, 3.682583214074378;
  -1.702036570116799, -0.2667114870917209, 7.346252922930741;
  -1.452946927849194, -0.6818405110462125, 6.69670172231326;
  -1.458392306685927, -0.6351615468269394, 6.938104415937483;
  -1.539541205597917, -0.3178593567129662, 7.411702506187121;
  -1.345536446397475, -0.6243900432148127, 6.732914105469797;
  -1.393514524606036, -0.3093565847530758, 7.05522396737195;
  -1.461884713992508, -0.2488260782752662, 7.374853215932662;
  -1.378822274835592, 0.4331457951953819, 7.185298148901864;
  -1.324010972044356, -0.5495045061284114, 6.937236420724521;
  -1.359288783951553, -0.1881019035331007, 7.121802616771619;
  -1.396560348234371, -0.7379593997305769, 7.352704802625799;
  -1.333059178700232, -0.2413169912191234, 7.09978912027934;
  -1.296104395466235, -0.6029887989506763, 6.94643353541175;
  -1.36767129265693, -0.3757704490545961, 7.267508472381111;
  -1.274128208557489, -0.5092991995108431, 6.864346497700389;
  -1.39206591489361, -0.2362821042809284, 7.445199370558902;
  -1.362936741186462, -0.1416611415653468, 7.352864472239356;
  -1.368585687560562, -0.2892894914253141, 7.392287524711693;
  -1.382899810850591, -0.4592992834031247, 7.465692170396819;
  -1.32904481279406, -0.8000295361027916, 7.254920487100382;
  -1.285177904261545, -0.5857787747509633, 7.199373002461224;
  -1.310824486295261, -0.7581539580854994, 7.324676236965953;
  -1.367682093313586, -0.2294106387046837, 7.593628085447937;
  -1.310225640595975, -0.2837768789538562, 7.352321262778801;
  -1.265627347849749, -0.5507121137480048, 7.173398885402697;
  -1.289817190710695, -0.5095798941461613, 7.342483117056018;
  -1.286235931509106, -0.2386291260450847, 7.302058200847657;
  -1.273720476479699, -0.6901257713386985, 7.342549625503717;
  -1.30047871994418, -0.7484202290991888, 7.465490291720998;
  -1.193095540431874, -0.6726246859385736, 7.173678015358956;
  -1.116802015082119, -0.4694652237553095, 6.885548021064447;
  -1.148118747423414, -0.5782290288443296, 7.071526761017761;
  -1.06084363425054, 0.4377065704742479, 7.082140650059391;
  -0.5101775587808315, 0.5767137476907023, 3.899918552211264;
  -0.6970831559473036, 0.4690302863619908, 7.079183716687624;
  -0.4757945106850572, -0.887248011718904, 5.13294759582267;
  -0.457254548569132, -0.9199791095442316, 5.294110988766708;
  -0.4656997761921051, -1.053687320109701, 5.362647925487972;
  -0.4610821669878659, -0.8659287190238321, 5.376859570240869;
  -0.4399904845844473, -0.9112391886877075, 5.421630697411195;
  -0.9753538020984173, -0.4942227264052376, 10.76633166794616;
  -0.4093100264056342, -1.00500731958129, 5.225038414856553;
  -0.8334861745858485, -0.735002759281254, 10.11953973808704;
  -0.3875308109784518, -0.9912184671053899, 5.42642423919368;
  -0.3711266755390249, -0.9529383406416759, 5.533337609812028;
  -1.212899416755018, -0.4627141438414595, 16.81521002281702;
  -0.7083986430651201, -0.6589074787060064, 10.66740939095761;
  -0.4693502280230488, 0.4186639117384047, 8.137126342360448;
  -0.8346222166964826, -0.8719688779810541, 14.18728877757643;
  -0.2893209199163819, -0.9178943294968962, 5.359613363343416;
  -0.2993330796356478, -0.8347537133983162, 5.641368866880836;
  -0.7893542785208939, -0.07156664188765328, 13.92400437969546;
  -0.7918751022546701, -0.9582310310919133, 14.6649255411843;
  -0.6171649870009363, -0.6740374567747466, 11.44180470577054;
  -0.920832332333017, -0.1499661423811265, 17.23720365254968;
  -0.9062435819827347, 0.2202343276767575, 17.20846463833051;
  -0.2685064544363076, -0.877640442717733, 5.706518367284783;
  -0.5415910098529034, -1.170950274716945, 11.07037432616258;
  -0.6989650337419595, -0.1684750158623552, 14.14783034689573;
  -0.7562457159231639, -0.9443684542022959, 15.23866603509673;
  -0.2767924979920764, -0.9834617471794707, 6.039097253727585;
  -0.6578119935528093, 0.03921816786023766, 14.43069417040091;
  -0.2407892238738978, -1.195715047136115, 5.725645208367502;
  -0.2406559117729385, -0.8558347498515576, 5.758738604673148;
  -0.375887649629475, -1.026452515630004, 9.353857404908798;
  -0.4088623834208054, -0.7696805091743995, 10.48045065014495;
  -0.4336776632510077, -0.9346334765656129, 11.07314206672604;
  -0.6965378566508975, 0.1316147580383686, 17.82489312237872;
  -0.5274501079280556, -0.8944249345367864, 13.85806499148562;
  -0.5255883536619963, 0.01770348792688411, 14.49399751737097;
  -0.3322010481820753, -0.9436065111255719, 9.810898664772996;
  -0.3496613662963991, -0.734545227466186, 10.37745307665663;
  -0.1981914011717411, -1.140851731316547, 6.362181443856411;
  -0.3080902986887872, -0.7200514056340561, 9.66793093489351;
  -0.3178383170522818, -1.020658734879405, 10.42481656747358;
  -0.3781032650399792, -1.067891998474269, 12.67894591115217;
  -0.2769167201871835, -1.222240956607072, 10.12741288796876;
  -0.4062933175132505, -0.9351542484480517, 16.49534062472139;
  -0.3284076366059998, -0.955109118073884, 13.14757682164659;
  -0.2753312884039377, -0.08484611782815354, 13.12504858052324;
  -0.3706022360333581, -0.8080163113437513, 17.86554217517731;
  -0.331934930556966, -0.6045435716364572, 16.90825557690115;
  -0.1989136298216662, -0.8780686198509003, 10.59833981495021;
  -0.3515995535029051, -0.8093533450470308, 19.76010932343329;
  -0.3075967997825331, -1.052427084048664, 18.39616827067372;
  -0.208118822592105, -0.9814733640271282, 13.22247264921837;
  -0.21187990591168, -0.7844968895194506, 15.84724587167399;
  -0.191626789643525, -0.9916758243450669, 17.36567483996275;
  -0.1017820078401223, -1.223831040664139, 11.53587243228071;
  -0.0569514798314421, -1.412122804888758, 10.17782761616178;
  -0.04369371517423809, -1.223379639288784, 9.794132156044975;
  -0.0115859750271728, -0.195905804023489, 16.83194359918511;
  -0.01718862403472752, -1.557250319287322, 9.700196131906578;
  -0.02243538990865642, -1.487236110867797, 10.66551450399989;
  0.007295286507561789, -0.8958513574553084, 13.0027187992924;
  0.01996272195928113, -0.8539951810520639, 17.4573573686189;
  0.0217110849387445, -1.275762261132581, 13.40466808519623;
  0.03641803768810667, -0.4838295303658117, 14.19190914027816;
  0.0285174693291161, -1.087920171091657, 13.38719174394771;
  0.01995663083848617, -1.986111982675395, 10.37446810654069;
  0.04316207432690369, -1.967546317550377, 9.639920351134702;
