m=[-6.546182712490756, 0.7105522166234447, 9.031569149916049;
  -2.560728852533354, -0.8239647282281972, 4.841253133224894;
  -2.524206015818231, -0.8429750860003212, 4.789228780658971;
  -11.41044472327637, -0.3394777400043135, 18.4301348934634;
  -2.493822115996477, -0.7809035880617131, 4.807896214123036;
  -2.423023611365419, -0.8232134969173576, 4.893618343686018;
  -2.315181065534593, -0.8741242721740644, 4.811622761468681;
  -4.101603508828564, 0.6525777047612579, 7.827264632534583;
  -4.142789609832019, 0.6263340835124535, 7.901683221071852;
  -2.256620241790398, -0.8712833243072549, 4.759670255809475;
  -2.611031903074729, 0.6800891676458913, 5.54529615780261;
  -3.312479987529411, 0.7081117558741057, 6.932290126497056;
  -8.611018275615935, 0.4309537415509159, 17.12470504515159;
  -2.922676771629265, 0.6871332882330711, 6.548441577746694;
  -9.713324293089087, 0.04051901587724231, 20.28596743859033;
  -10.08774955713996, 0.4766494228349781, 21.37459954729946;
  -3.602923795587333, 0.6443313860609425, 8.32319382499667;
  -3.275816651338654, 0.6833285620372236, 7.742118780416871;
  -4.09305672957515, 0.6544025312048588, 9.444425640667134;
  -12.09492261190317, 0.2617598123428225, 26.15396815262677;
  -12.3471441231256, 0.4360974234115897, 26.79399176717736;
  -11.98993543536938, 0.1846590428595838, 26.08651833182182;
  -12.09274774302137, 0.5144674574015884, 26.31824370938957;
  -12.15262579620937, -0.03400508363351815, 26.61325880115552;
  -11.91614553347124, 0.1736586936949979, 26.14269500523411;
  -3.107988781983895, 0.6909646839835199, 7.618744774162934;
  -11.54043176675914, -0.3380545011687361, 25.96024970003257;
  -3.42107677769514, 0.6733105273522126, 8.390745095399566;
  -11.8329820592856, 0.0356657844498854, 26.73129351699551;
  -2.585914509346384, 0.6790673728324872, 6.708688398942413;
  -1.91439496678279, 0.7296764502022151, 5.224411398695459;
  -12.19747148334185, -0.4550059542549171, 28.48875023503053;
  -2.476378502094984, 0.7167685809112009, 6.563416180937708;
  -3.849024776163061, 0.6341493756086368, 9.690475772343342;
  -3.02149724222671, 0.7013231551730977, 7.858353340634122;
  -11.65868635094177, -0.0319098194097444, 28.16332277158854;
  -11.15806311984609, 0.4347158949600297, 27.17609487570364;
  -3.110333855991414, 0.7005900817925012, 8.360073858561911;
  -10.4382232751935, -0.007877316200382789, 26.45102166042932;
  -11.07112921588874, 0.557209356067142, 28.72450121711414;
  -10.41973635890359, 0.2412225379564236, 27.28000451799568;
  -3.495797412854148, 0.6750225181449305, 9.955517931654246;
  -11.19521869133727, -0.1479247932769403, 29.84018688010908;
  -10.85318659740425, -0.06296796213660603, 29.64464553986925;
  -1.648650134682557, 0.7554414276173412, 5.371132112993218;
  -1.456212242552005, 0.8009963348497466, 4.916229142636019;
  -1.625420092727763, 0.7668269043836741, 5.515857377378665;
  -1.660623523871787, 0.7463281307294618, 5.67356091724769;
  -1.333094025315595, 0.8440474939129646, 4.778381804896642;
  -3.399540083366371, 0.6381178653643129, 11.00420681360343;
  -3.331464919744213, 0.6792940225920869, 10.82338902321074;
  -2.635885734291537, -0.4923846289109123, 8.861578780160878;
  -1.174386127643277, 0.8903102362862008, 4.53854655712126;
  -1.152177871473704, 0.9162220280090007, 4.515301543361574;
  -1.91207186245017, 0.7354719507857032, 6.911220273012547;
  -1.122468459763614, 0.8854552080299464, 4.54967023319601;
  -1.348652955085778, 0.8204441517115555, 5.297415258297922;
  -1.505334258805116, 0.76595654037927, 5.869781358458192;
  -1.388757626197858, 0.7783038690574364, 5.504561549766241;
  -2.67650793647208, 0.7017083161766435, 9.801612640984784;
  -1.625941246093584, 0.7587509911554577, 6.346560437421788;
  -1.60771794084072, -1.135237964825516, 6.290994169214302;
  -1.567437673275824, -1.148197298121859, 6.193816633988353;
  -1.628229365961515, 0.753949134928674, 6.446003519654867;
  -2.366777949828655, -0.3334696082931712, 9.014849115779734;
  -2.319404282240271, 0.6720711858004969, 8.975156442488066;
  -1.249182811610941, 0.8304037605569566, 5.278248133048458;
  -1.526673773115249, -1.184844492255535, 6.227235340573107;
  -2.74884256981194, -0.6046294545822593, 10.50532235105602;
  -1.202162070009657, 0.851503445938795, 5.169962453097185;
  -1.490229265355298, -1.190145827474065, 6.164789387881958;
  -2.558450560420428, -1.075631887849997, 9.946214431429935;
  -2.307174740695634, -0.4083986676348558, 9.171269399743348;
  -4.905170844569663, 0.5091073320413119, 18.63627283247925;
  -1.462197824281534, -0.885717166183367, 6.224601692276373;
  -1.428476162702595, -0.886643142796596, 6.215271015088892;
  -2.435674428177175, -0.3496270246269228, 10.0152927206456;
  -2.372381075812306, 0.6830487792846626, 9.825449905053509;
  -2.377179778904956, -0.3954948434042782, 9.833974782884138;
  -1.475027528349889, -1.129833105377255, 6.458114525226453;
  -2.361138312153592, -0.8543337371661907, 9.78418365361413;
  -1.412421451026293, -0.9281184996519055, 6.227289010181663;
  -2.350083180591892, -0.4176335722726919, 9.843881447026229;
  -0.9695114687811468, 0.9106948237667215, 4.676495743266937;
  -1.443970312528052, -1.052983711297126, 6.468454683517016;
  -2.210988020210797, -0.956574489032244, 9.717925657691213;
  -2.246484857518077, -0.6360536783530973, 9.900039073433684;
  -2.178819790892955, -1.084729214962836, 9.744848084028506;
  -2.007233047411631, -0.9416965253127143, 9.072251290523298;
  -1.312077387375267, 0.8131740453642189, 6.294481893445184;
  -2.09176397451366, -0.9063157776096883, 9.471322761010107;
  -2.049063900626961, -1.042092717885605, 9.416595428091906;
  -2.005185591824864, -0.874337790580183, 9.294957314168672;
  -2.127512046219724, -0.687993852319402, 9.897196744830264;
  -2.083711319987482, -0.4751490939034985, 9.815760598229344;
  -2.134814952937945, -0.3483871402493922, 10.07694753293186;
  -1.979312047987637, -0.9140746271770375, 9.417367221685067;
  -3.868399819756982, 0.5008274334713795, 17.82521680500344;
  -2.063559068525726, -0.5469317238990682, 10.04030779068542;
  -1.893893869888604, -1.169602653877254, 9.319546170329744;
  -2.509794705225538, 0.5671484282398116, 12.37830247714645;
  -1.613935177876361, 0.6974003217181611, 8.381819527153207;
  -1.999040427356652, -1.058609720713157, 10.12139324006203;
  -1.795977439161086, 0.6870834082203214, 9.273834470555403;
  -2.04590292046891, -0.1565785262418083, 10.40636580564104;
  -1.812305640181564, -0.7134574897264964, 9.339106390460827;
  -2.102895340175293, -0.3751725008479596, 10.74383226510051;
  -2.117979543749194, -0.5755103360672506, 10.84276260991166;
  -1.514439258819707, 0.8046789866464978, 8.109122304390967;
  -1.950834033158554, -0.1734043947768418, 10.13784199800112;
  -1.81118279225423, -0.5918871949252715, 9.478978137852772;
  -1.92488603101095, -0.3928020016287903, 10.0434157163581;
  -1.798040813209118, -0.819306842144615, 9.452244812596613;
  -1.982030809152569, -1.208741886116068, 10.39058093165406;
  -1.944420889212107, -1.070164349136211, 10.22711947271455;
  -1.935731483544212, -0.533600237570237, 10.18981369581165;
  -2.69158808348713, 0.5915998271817815, 13.96885578834223;
  -1.698121621902145, 0.6803023165679056, 9.189057620716191;
  -1.794835537212488, 0.6722728185696056, 9.683826527319782;
  -1.810869451644288, -0.8164334890147075, 9.787058931437697;
  -1.838333027440763, -0.9434680226302677, 9.923653737622802;
  -1.873652830888616, -1.091453734221548, 10.1013367070287;
  -1.851414465742458, -0.3838231652639727, 10.05461682988339;
  -1.634018896777072, -1.598787690665636, 9.015656061027343;
  -2.539252385656911, 0.5720063159279439, 13.58050725539219;
  -1.751616931108833, -0.6690969931991023, 9.645420507701902;
  -1.797632105143212, -0.572924354953166, 9.932052982018522;
  -1.740869240787048, -0.3034685285152914, 9.66494757513898;
  -1.738339402920261, -0.760110401720419, 9.683857869492998;
  -2.091059801442695, 0.5970476368873091, 11.5493107670821;
