m=[-4.815512898557127, 0.646559673764656, 6.667924472088374;
  -4.595893861945437, 0.6720175712699265, 6.533120604901918;
  -3.743923078500676, 0.6929785508282521, 5.555787910467381;
  -4.025452752653515, 0.68252611237104, 5.925041227888141;
  -4.599491790920689, 0.6666166081733411, 6.672977452622014;
  -4.628080938300002, 0.6111431453653915, 6.731992339607634;
  -4.572522730687713, 0.6599570284360784, 6.753998477397489;
  -4.631424356925425, 0.5028469679597457, 6.933773394787859;
  -4.614318133793846, 0.5108623296069781, 6.926403434327;
  -4.458147843124663, 0.6605647042613825, 6.727420470427695;
  -4.047399157739954, 0.6943520040386519, 6.365693693959543;
  -3.612936978475411, 0.710945278474358, 5.802540122631483;
  -4.079199557011946, 0.6756359302965257, 6.490578559237923;
  -4.345515917629096, 0.6574888024267137, 7.06403412951086;
  -7.850742260150741, 0.6698923281167948, 12.04196724993323;
  -2.676394888266809, 0.7557637892448731, 4.769685534160082;
  -4.254568453374368, 0.6602454764405099, 7.081735989332151;
  -4.199172314570268, 0.7043000738679768, 7.040658582429723;
  -3.294294709194871, -0.4891616006019345, 6.044721685332843;
  -4.016314254969625, 0.6595778949792605, 7.209758906776815;
  -3.255790606631416, -0.4446820776336317, 6.055772600444176;
  -2.975113431928307, -1.198978700496127, 5.95281592655888;
  -3.854612219141674, 0.7211922640368906, 7.424323680673325;
  -2.960935348494997, -1.165796777349772, 5.971296727621685;
  -2.948117551351332, -0.3561068154695224, 5.989125833726421;
  -3.046395314613682, -0.5502223827743716, 6.478306316538326;
  -2.690116750857862, -0.9646813597243488, 5.859072924279896;
  -2.80752235300796, -0.4019731403203673, 6.093160514313712;
  -2.73241713405279, -0.9388415660556022, 5.987106886135413;
  -3.182961024040545, -0.2393972439820971, 6.859778915391242;
  -2.692439101112587, -0.9493966430936791, 5.968749805219957;
  -2.763798122080694, -0.4849955879126244, 6.165173602047307;
  -2.658925764238011, -1.047630327836873, 6.014108660401828;
  -2.615617994793197, -1.006046299594199, 5.937971744119459;
  -2.733866988464906, 0.6974207271285035, 6.175095477081644;
  -3.768795277355841, 0.6893138669153196, 8.170731641880865;
  -3.43918548914709, -0.3700224913825902, 7.670878766099812;
  -2.578840470280488, -1.196638645210911, 6.068485777668889;
  -3.476728993615839, -0.4108750591418117, 7.843756932621714;
  -3.5687563429877, -0.9670827472860231, 8.134519883890551;
  -3.609808682534914, -0.9625717641849101, 8.24776586431274;
  -3.278801319929972, -0.3811040210682266, 7.64077212133711;
  -2.747881791604532, -1.176581806531506, 6.573526800578707;
  -3.815570203232791, 0.6927256544874598, 8.78421393692442;
  -3.356652502990831, -0.8429216753590407, 7.974457217903544;
  -2.518049094780403, -1.242836446951048, 6.254286559038953;
  -3.581684535182464, 0.6650892813227742, 8.524734759307236;
  -3.346858418459564, -0.9602812635246854, 8.103594120866131;
  -2.777175122445032, -0.6353277658487343, 6.989964886541612;
  -3.329021198181465, -0.900052458039299, 8.181144642996852;
  -2.391146582209107, -1.169847502419823, 6.238839363359673;
  -3.493585460034925, 0.6786595523112906, 8.662118422366898;
  -3.212525151630457, -0.9400309677539346, 8.064528619167083;
  -2.355637683485823, -1.182966870063598, 6.269518713113019;
  -3.143009999548799, -0.9972607817718757, 8.059957072342339;
  -3.100176966591912, -0.9808473566045733, 8.142882749885834;
  -3.033049420509432, -0.8550098005891309, 8.057681627711665;
  -4.593422337796192, 0.4577295843182338, 11.81877429413318;
  -2.372025747021669, -0.510249331917321, 6.580478421701007;
  -4.650519271361951, 0.5580481905028656, 11.99177471320724;
  -4.625432070123258, 0.5287310095156111, 11.94121063776892;
  -3.030164172954089, -1.130454406664783, 8.258103640934584;
  -4.703079178490095, 0.5154964810940064, 12.29231222806803;
  -2.984260299729939, -1.086237562509764, 8.199176684200236;
  -2.723183886740305, -1.355214503339574, 7.679506320504865;
  -3.267429351488246, 0.6233823903557377, 9.050448552981111;
  -2.966455826570174, -1.050378411468268, 8.356726530424776;
  -3.000324473064614, -1.172456911906154, 8.459704713418065;
  -1.504912349866578, 0.8698617193555537, 4.731035310017819;
  -2.939415390711456, -0.9395266889671424, 8.368811827541268;
  -2.968097104175313, -1.205273159010061, 8.461791452666011;
  -2.977564624973367, -1.016594647380596, 8.494789867925997;
  -2.904167810000477, -1.115097951589915, 8.333242906882015;
  -3.128424346451079, 0.6650765732538071, 8.910095895974612;
  -5.148574743776646, 0.6115346846179308, 14.1122103907443;
  -3.142061036662975, 0.6959022184433281, 9.041332552923036;
  -5.040198826843635, 0.6052107319846941, 14.11157254938465;
  -2.839601519667982, -0.8059755419801227, 8.424050825148923;
  -2.883263935698873, -1.011481620678117, 8.588682672665444;
  -1.438308205244175, 0.8829914462811248, 4.789853371332022;
  -2.853913800562996, -0.8931050632061667, 8.635579528351403;
  -2.76847922031201, -1.139753978253293, 8.633313726013487;
  -2.844620592615261, -1.05275832808598, 8.946390116384563;
  -2.76034022751111, -1.134227417481826, 8.738735727599686;
  -2.765211464670915, -1.10218473029468, 8.78709684720404;
  -1.718508595786008, 0.8006779490612277, 5.824568419034151;
  -2.771690992681124, -0.879484479769398, 9.013176620108476;
  -2.64198745953319, -0.991731875944661, 8.700201984425473;
  -2.6087125375807, -0.967805338221332, 8.711075588765604;
  -2.628508526322968, -1.02188414766186, 8.768300122197989;
  -2.725930068574458, -0.9261641587191023, 9.06615037505709;
  -2.645506987542247, -0.9446905235484537, 8.831153761062609;
  -2.554014883944705, -0.9330595766081423, 8.732347989478472;
  -1.749135787388855, 0.7986122831101731, 6.349597058210994;
  -2.549686772497661, -0.9667350487922896, 8.842366934063668;
  -2.637308795928322, -1.156833858424733, 9.120623820607525;
  -2.508062013775411, -1.131716402472976, 8.807892936502691;
  -2.149580791585862, 0.7166894945488551, 7.780438642682547;
  -2.491044594325734, -0.969265569162349, 8.952162389837524;
  -2.843419778998583, 0.6239420922011022, 10.13326125905436;
  -2.550161923985185, -0.9545174762389416, 9.216580824569997;
  -2.690591522818037, 0.6317990560589492, 9.70802602898196;
  -3.115806594963405, 0.6398878230855866, 11.15053282669253;
  -2.449236611853388, -1.02207616520202, 9.041492109016547;
  -2.517761738674044, -2.077061040244477, 9.303786561997358;
  -3.52392672721385, 0.6410423295029196, 12.64848803005593;
  -1.600405467222107, 0.831271445090256, 6.344171308487331;
  -1.601866232348673, 0.8067757444702302, 6.395254596449544;
  -3.580696946470752, -0.9582341260205336, 13.20181562296316;
  -1.328014942427963, 0.8850163260669894, 5.4922085113501;
  -1.465961525905475, 0.8651317784007334, 5.992259250695858;
  -1.323376496705284, 0.8962840883089721, 5.497022165189209;
  -1.775194142078342, 0.7558260264692868, 7.144355196505877;
  -2.425889183708161, -2.140398163685787, 9.469404441824487;
  -2.42990298857901, -2.086668433944732, 9.507919984158619;
  -1.415303448417977, 0.8917837328988022, 6.008154456972441;
  -1.270275497940912, 0.8954198123126447, 5.506777749236693;
  -1.834679955079471, 0.7344999265432893, 7.758473964918299;
  -2.32594529686263, -1.823688372651929, 9.893492007047122;
  -2.414781802367235, -1.895095935562895, 10.21302308852956;
  -1.522568497775943, 0.8429761611462798, 6.794251590037073;
  -1.999614418478148, 0.6958848097907592, 8.667260919945861;
  -2.962768824925806, -1.31847848362316, 12.49084951785717;
  -1.818332940778071, 0.7795687309501956, 8.040964740523727;
  -2.208306143480263, -1.682259972548392, 9.667157407836355;
  -2.206885874087724, -1.619534658792112, 9.874294952162707;
  -1.419024077480872, 0.8808805563690291, 6.715041573513696;
  -2.946884945815389, -1.23813891619194, 13.14581595250704;
  -2.49500751846516, -1.55566378058422, 11.78441568984892;
  -1.709326742932519, 0.7826395115388087, 8.659742640359301;
  -1.267493880258536, 0.8989550763710523, 6.700405919504029;
