m=[-6.199689667677619, -1.720770086820129, 8.318954789264945;
  -5.44164272516841, -0.8221651398250774, 7.474787154720429;
  -5.520651197033891, -0.8853170841504436, 7.583612282534912;
  -6.241408648727259, -1.523428318394196, 8.45270110626819;
  -7.96951067068197, 1.319976505558154, 10.67214023314888;
  -6.258719423749223, -1.590780125211482, 8.556491198528356;
  -8.042416363706977, 1.295603430324144, 10.79994242965326;
  -7.711810669026622, 1.344540686361281, 10.49166123538335;
  -18.04273035887503, 1.034608881900015, 23.36073622804949;
  -7.723906393672076, 1.345245625920016, 10.64496091604894;
  -5.076561946309262, 1.443049531085787, 7.412645371823524;
  -5.32099481475806, 1.432699424063768, 7.721560486172418;
  -5.350298413683061, -0.9475231565581715, 7.741918581670165;
  -13.57685218188044, 1.269449264353333, 18.28755197426138;
  -6.223993016239463, -1.441324432465332, 8.904991730227959;
  -5.49428114866506, -1.055434157292145, 7.990084518627125;
  -6.184223597749277, -0.3878722471703968, 8.895422010785538;
  -6.074796499566587, -1.996088984973921, 8.729946465839062;
  -5.999853339142692, -1.59427687669911, 8.645994536475534;
  -4.77985069577012, 1.457162341552677, 7.150186732345832;
  -7.832877320944374, 1.411861553942689, 11.09225229110444;
  -6.140587754814754, -1.986844770249934, 8.864664053401048;
  -6.052029898769719, -1.566366767787778, 8.839795435961634;
  -5.983376577363653, -1.4498012622339, 8.754837966396858;
  -5.404619878931685, -1.080322286219906, 8.020759422850075;
  -6.234189064607726, -0.6966002370016164, 9.185431260381163;
  -6.188697559763856, -0.5745713146864647, 9.138634666787423;
  -6.310797322422515, -0.632302632789289, 9.314342728835072;
  -7.377439403851618, 1.382523773519451, 10.83147613573812;
  -6.013307227453539, -1.379955071886221, 9.038144200754127;
  -6.047105289967185, -0.568474603799639, 9.151283471173707;
  -14.63556026119374, 1.200973538639383, 20.77441006068158;
  -7.47369579651251, 1.38249111770754, 11.19067885796132;
  -6.753680614968239, -0.8397947928061951, 10.48005935024485;
  -6.728923883486653, -0.7301374835971729, 10.46388508305932;
  -6.62786175605102, -0.6582505972050078, 10.3650950602116;
  -6.726491962572757, -0.7843304549648611, 10.53140514456907;
  -7.190655504159928, -0.06736977946494405, 11.23882060312972;
  -7.275294397568977, -1.993397135241315, 11.38970641859083;
  -6.983773550163114, -0.3690923742056446, 11.03838398965926;
  -6.976396066087149, -0.4476520805167081, 11.03952576513074;
  -7.519336490738342, 1.35656134537561, 11.86088486609465;
  -6.83457651029742, -0.05134763075820804, 10.85816173698021;
  -7.232344697012614, -1.894711074069544, 11.43929842034134;
  -5.494981572313014, -0.7879664165513614, 8.985252978673314;
  -6.684975067801364, -1.716860978045917, 10.70232694482533;
  -9.004836655903013, 0.4098028226315223, 14.19931605342148;
  -6.59310505976369, -0.6007232867339315, 10.67465834277673;
  -6.853171490295793, -0.4647297230422894, 11.06355537715816;
  -6.635320597675051, -0.7040992125232688, 10.75622258533831;
  -5.063588568757699, -1.012280089850954, 8.478728748168072;
  -6.884091220825898, -0.3715786706201552, 11.21660069899117;
  -6.86716686619201, -0.4425243253691788, 11.19344174763461;
  -6.726752079433972, -0.09869815103709628, 11.02443152817015;
  -6.769562556307485, -0.1996096232907788, 11.11719120956008;
  -4.797317691947124, -1.117360304989166, 8.178669965528608;
  -6.639115694543021, -0.07315253876412335, 11.00153373380988;
  -6.606499818617863, -0.9146910197837378, 10.93966425697791;
  -6.738854385220279, -0.4092694116127386, 11.15034783249864;
  -6.555380944351825, -0.9318326698719289, 10.86657836052919;
  -6.461360955225973, -0.7955579487504131, 10.7320144404737;
  -6.516234874030868, -0.6910672661308973, 10.82995386815806;
  -4.814685808511706, -1.054006725118177, 8.258004305464377;
  -7.290643453690768, 1.304683124495741, 12.04045453816311;
  -6.796638673313579, -0.3195477748005448, 11.30141637606042;
  -6.526069934139363, -0.741913316464898, 10.95159662871778;
  -6.553210681652021, -0.08073060778725716, 11.00697603853116;
  -6.527592303453639, -0.6740305275939117, 11.01799603054003;
  -6.603403457502463, -0.234528822964643, 11.15584861556313;
  -6.584100691029492, -0.03954561965575815, 11.14026831404019;
  -7.577583349814812, 1.30286594024509, 12.70799809561085;
  -5.056607857998125, -0.9727451249789294, 8.782872085247231;
  -6.926451313051642, -1.986599544891636, 11.66483797658192;
  -6.451308254713622, -0.735941690158918, 10.99023669631731;
  -6.525427133958379, -0.6776285264932886, 11.109970409908;
  -7.02672934251642, -2.070736171727513, 11.92111070329361;
  -6.834085313685273, -1.951323828782189, 11.65544135016331;
  -6.585281742350518, -0.2249151252019458, 11.33075275308732;
  -6.412466966142184, -0.8415156140526391, 11.05813531780836;
  -7.753199705181993, 1.296544124341729, 13.2880509140584;
  -7.004755067113218, 1.370903680244341, 12.14281481149319;
  -5.730048836072848, -0.829552820766512, 10.13038638778705;
  -7.539796932891868, 1.304537620296702, 13.1864716897559;
  -7.57402876662938, 1.265444584800912, 13.33124043061496;
  -7.120163708132296, 1.343104571193432, 12.65004734392815;
  -7.514582593685012, 1.301247267451698, 13.34907395092594;
  -6.361087974819985, -1.904948074622074, 11.42678972525277;
  -6.79138548824778, 1.402785943524932, 12.27533991405405;
  -5.332753675901064, -0.9528749632245198, 9.861053325455826;
  -6.217038267129418, -1.921995107237707, 11.418902034546;
  -5.339320607874094, -1.008891926150896, 9.96850046398125;
  -6.858205885127905, 1.332987373569684, 12.67025589786084;
  -5.440546317505756, 1.377241086994751, 10.32496829026801;
  -4.666308911101154, 1.375275314512966, 9.055388202807748;
  -5.968520398417931, -2.04906814090503, 11.38006923923658;
  -6.857472977177034, 1.325241106723669, 13.09925711226804;
  -6.173624330919507, -1.75286600801026, 11.93914148714906;
  -5.987358285586178, -1.924180326542791, 11.63655390539811;
  -5.971356337799929, -2.165120324321747, 11.71418303706781;
  -5.92520982236699, -2.038728990293782, 11.65356128902279;
  -5.812243543293956, -1.719852622731179, 11.45534626013009;
  -3.790137382109012, 1.50885125215324, 7.876353489897653;
  -6.334293375058576, 1.407429349231161, 12.4928649215939;
  -4.085749501311634, 1.499543460278561, 8.423500166922908;
  -5.813768884913152, -1.76723870991036, 11.50313645290582;
  -6.177894604402262, -2.004314861488089, 12.18254302074036;
  -6.375436889047395, 1.330440604047828, 12.67987437006276;
  -5.966531308222367, -2.418273387321406, 11.94549724596954;
  -6.003115762053879, -2.527225282846292, 12.019896322516;
  -5.924896798914422, -1.748483848257127, 11.9129321319582;
  -6.226670666260882, 1.310068400175034, 12.53304200110331;
  -6.018746090351319, -2.265373349481622, 12.09405094739586;
  -6.033940877615859, 1.354739965187633, 12.19864832309687;
  -6.110445698781115, 1.325684769536755, 12.34427241998376;
  -5.93479613182372, -2.289140972542951, 11.97523863657071;
  -4.12081748800196, 1.469090490391909, 8.690380908822485;
  -5.88995137500866, -2.393941135376363, 11.93219871362444;
  -5.96884451536679, 1.450431895471207, 12.16254941649738;
  -5.742344029232829, -1.803634813859252, 11.72115708433951;
  -5.875655080780683, -2.255044649572683, 11.97345949482376;
  -5.868159726218328, -2.044702068776784, 12.00638296100549;
  -4.610905017037687, 1.381617627448439, 9.737277184344015;
  -5.808413941615618, -1.934352050457823, 11.95239025915297;
  -5.789416109123158, -2.359177090018641, 11.91746767245996;
  -5.841870038589795, -2.110846209724434, 12.03945682862796;
  -6.082675989641333, -1.774967275727739, 12.50919033417665;
  -5.792403032034722, -2.006134027029056, 12.02372151385234;
  -5.710577529093777, -2.293223573884626, 11.87164977597822;
  -10.71845828386414, 0.6988636523646515, 21.60419876365017;
  -6.396136276954883, 1.319775877703298, 13.33840748590546;
  -6.03670026241571, -1.815405069189346, 12.58652834536863;
