m=[-7.42109207354968, 1.423069848664202, 9.829855407387269;
  -7.249091817204302, 1.416307391575566, 9.953487826358577;
  -7.390593998885004, 1.390970821728955, 10.13192916704909;
  -6.676688091168205, 1.47267800252051, 9.250508369744781;
  -6.475974436818543, 1.472093112824064, 9.017331586698395;
  -6.834538571344248, 1.443095887553559, 9.595280736524398;
  -7.271029273148148, 1.413259564535343, 10.15808622981614;
  -6.693556353264575, 1.456412383611078, 9.537155639043457;
  -13.14868294291509, 1.427217390822314, 18.14083786611493;
  -6.953274791949592, 1.409682354925849, 10.10381890624808;
  -5.915543083913291, 1.442890753664624, 8.80249779802398;
  -4.397092439337862, 1.462673722652695, 6.797350038437346;
  -5.541609415002674, -1.731251096637728, 8.335986121759374;
  -5.601788262877454, -1.672701306183147, 8.426827066546586;
  -6.726196678463861, 1.429172934382447, 9.930214122929163;
  -5.47086507040977, -1.615140743429462, 8.341428327078479;
  -6.075408477100366, -1.525044100942732, 9.176737333621629;
  -6.08750617498472, -1.440233326266243, 9.193939945691456;
  -6.036294832122313, -1.336554229716685, 9.126935021032203;
  -6.437995975686532, 1.40800964176734, 9.731448790080247;
  -5.981822737091744, -1.265787814437377, 9.16235714446386;
  -5.452280961890307, -1.645101571332193, 8.463242165173872;
  -5.455261081784235, -1.80499524352045, 8.505942572157927;
  -6.169976615766679, 1.401277996185266, 9.560081225903154;
  -6.113878439953122, -0.346638509966176, 9.490529977017651;
  -5.426755919734488, -1.653787298726165, 8.603224290570404;
  -6.45597068868102, 1.404608555251304, 10.04827314970225;
  -5.514511398568772, -1.878488981897602, 8.829874003195846;
  -5.587605612459682, -1.854886941898234, 8.958575315603554;
  -6.052310887828162, 1.384702236106706, 9.624736462176834;
  -5.423943827987461, -1.760326707591823, 8.736208193400348;
  -5.303658514549944, -1.689972185307289, 8.864410644198923;
  -5.553893046665301, 1.42911675328107, 9.288933563447223;
  -5.145394354240564, -1.762954121869893, 8.754658894933678;
  -6.014102668595116, 1.41341422326723, 10.07375273787642;
  -5.199510079970209, -1.621546532166569, 8.955227418181504;
  -5.972269474367056, 1.377136832105034, 10.18127524378686;
  -5.860111893598449, 1.401359156305779, 10.02806097187854;
  -5.20917791713826, 1.441255565376687, 9.113892182031051;
  -5.199135530657011, -1.840253259690534, 9.139106060000866;
  -5.74126992482686, 1.412651641852025, 9.992342319612302;
  -5.240198914118983, -1.943109745667309, 9.205123657574893;
  -5.0562659392169, -1.503939715157082, 8.933936996663972;
  -5.08642335797909, -1.732698292106104, 9.000914203621154;
  -5.114713046335147, -1.796360786473481, 9.078192607722489;
  -5.044956772519204, -1.703747635070969, 8.995639591250527;
  -5.012916174882713, -1.508222713171814, 8.965410610573777;
  -24.30877738999217, -0.2478064892524672, 39.80645947795637;
  -4.949135428888135, -1.601882332951873, 8.876846226976873;
  -5.077134361892973, -1.81571287354513, 9.136967831267354;
  -5.183739492660441, -1.944050827065967, 9.335279065551626;
  -5.603893905308676, -1.06843101360548, 10.02575373685255;
  -5.039995501728157, -1.769721442238229, 9.130435514985845;
  -5.150019629752756, -1.750997637276339, 9.330135446277353;
  -5.472569899592639, -0.9445299543733852, 9.888065003480872;
  -5.101204243074367, -1.891222604350003, 9.28710225074011;
  -7.627124065345302, 1.314406032251293, 13.43486118099651;
  -5.141324613478322, -1.832326829626061, 9.464277874969651;
  -5.024711436492598, -1.685028297883936, 9.306282476982966;
  -5.380308614774036, 1.420242383352216, 9.912453954672872;
  -5.08381629870505, -1.758125789477216, 9.449426453214171;
  -5.225449112731246, -1.686900883915653, 9.726879866372592;
  -5.524808208124473, 1.407579239844178, 10.30085814721395;
  -5.108539303673705, -1.643772707458, 9.658083043679342;
  -5.027644824494969, -1.67901482753336, 9.539055505577373;
  -5.225967771413865, 1.381452543282461, 9.96966568571353;
  -5.557871132148393, 1.393528439042427, 10.59005239148842;
  -4.883464862998261, -1.640625086117423, 9.473687689427223;
  -5.404403659560129, 1.360626693576909, 10.4444914556975;
  -4.921307057385901, -2.120077722094135, 9.687431210959824;
  -4.962909530492651, -2.02035407975885, 9.782022281879859;
  -4.972796822428619, -1.122397439442404, 9.814746601228643;
  -5.439979327555385, 1.374494451246457, 10.64576468002575;
  -8.277108512866414, 1.251387510057389, 15.78720997558925;
  -4.821188595839835, -2.073629376671295, 9.628713318895334;
  -8.487767681490562, 0.9617332301834606, 16.28272505626771;
  -8.304619920228126, 1.0790807578893, 15.96912178034715;
  -8.249650309867533, 1.233653245348569, 15.88048518412952;
  -4.834597671309973, -2.040866886518296, 9.715309447707359;
  -5.529506885538697, 1.369011259703193, 10.97135138670579;
  -4.720759678258813, -2.065344466809363, 9.526499440914257;
  -4.801639125721962, -1.631339503701046, 9.69754863104791;
  -8.326998263052145, 0.8512538010678704, 16.12147962509288;
  -8.012382733984666, 1.325507779932388, 15.57018599768518;
  -4.722354751523844, 1.387126430793078, 9.589283928327276;
  -4.689259772629285, -1.896650080381461, 9.565117818143349;
  -7.983628178212875, 1.05643575481251, 15.70812125038084;
  -4.437603550701516, 1.410128897274239, 9.192833700929102;
  -4.390024820595992, 1.471915231811433, 9.102438342437482;
  -4.613914848214366, -1.888981330425457, 9.544113343659403;
  -4.763735821996623, -2.052410330967125, 9.842729319981705;
  -5.423321076914601, 1.322801684459637, 11.08453294936532;
  -4.658144587662646, -1.758738142768959, 9.680985585908957;
  -4.026063981226356, 1.452077381151607, 8.559823769671255;
  -4.613304952944637, -2.111682037021793, 9.676441380513992;
  -4.669170493624017, -2.020282064859604, 9.791460108040612;
  -4.486417272813212, -1.732210180205083, 9.462764914142927;
  -4.568051614624691, -2.036818199261243, 9.630274575973939;
  -4.503260239768449, -1.889980552413623, 9.574585398112301;
  -8.076924442989846, 1.294378287362, 16.41303231209951;
  -4.521749559409408, 1.409998383332538, 9.612506423969526;
  -4.815818823172882, 1.364405820203108, 10.18897801937949;
  -24.14978168927836, -0.007539424362225435, 47.22635674494307;
  -19.15569875167526, 0.9586810508152329, 38.09487804539042;
  -5.598156838072477, 1.342547420972704, 11.82408861707796;
  -20.67170650919583, -0.01400159204337921, 41.08041817729637;
  -19.83894613685129, -0.479957884475511, 39.4647183915424;
  -21.13315004230878, -0.3392338335082993, 41.98686268239339;
  -6.574430905891906, 1.405421868258991, 13.75883405419272;
  -3.339614858616064, 1.582051383332103, 7.461491223589309;
  -19.62019114404063, -0.6289924340590818, 39.27228297759799;
  -4.563306272535622, -1.851693392142954, 9.92619657397454;
  -23.47949205563375, -0.2350221261251451, 47.50940851028793;
  -12.57231100224427, 1.173092531734264, 25.88841510921673;
  -4.376336036936487, -1.804928518540465, 9.685063187784348;
  -4.157285761652921, 1.421550109534128, 9.253381771844618;
  -6.580154496506802, 1.30949850303693, 14.09151345878002;
  -3.875427616068569, 1.447076486263753, 8.711815536346082;
  -4.311122428315598, -1.783913810125939, 9.654315729455542;
  -4.437798719567986, 1.368307941607543, 9.921029233380635;
  -4.300087840784937, -2.02685258346696, 9.70453395439095;
  -4.468236285248861, -1.986633424725639, 10.0749946268733;
  -20.37125797816517, 0.08497845851228833, 42.54472141141267;
  -3.641837262327184, 1.482690581019655, 8.416895696574022;
  -19.05905343201572, 0.1980045471266582, 40.21808193260138;
  -9.056631762926809, 1.318812347028806, 19.62144461767294;
  -18.61365218008445, 0.4666264312184867, 39.31653867688186;
  -5.803043405478242, 1.364319289656744, 13.00208462419833;
  -4.212150276114738, -1.790373781104318, 9.728712269985573;
  -4.986384788834822, 1.348525362431502, 11.35434503569133;
  -4.187196312832712, 1.366493692351302, 9.693793659645502;
  -3.492041255360152, 1.454410996765738, 8.255839665815062;
