m=[-9.504755755563721, 1.290348560536392, 12.32094944730729;
  -7.122523113976702, 1.437217368329402, 9.600308631523447;
  -5.430253871073571, 1.556194617992862, 7.608528636735903;
  -9.129654523226742, 1.34925597193282, 12.12398194210687;
  -5.452397467799095, 1.530284177525789, 7.657081585381317;
  -5.67521772837775, 1.520613813423829, 7.952509587662279;
  -7.405890759983864, 1.389043334354003, 10.12440122213789;
  -6.085932468662974, 1.504448369952953, 8.515759964716512;
  -8.022473293148412, 1.377697530705809, 10.93661944240534;
  -8.189050046894616, 1.38991638444282, 11.16515016651038;
  -7.128491088435976, 1.444971434266419, 9.872486607762578;
  -9.071942060117578, 1.327992044247363, 12.32444295230321;
  -9.178285510631882, 1.226905574378097, 12.50533790200489;
  -9.113754078249494, 1.284094389588817, 12.58430195861735;
  -9.087997754674024, 1.32683701484305, 12.57551309339174;
  -5.366064696887757, 1.574482785318147, 7.894783650075843;
  -9.156043066030225, 1.024722352184757, 12.90259198957163;
  -6.059104719508325, 1.540807251844507, 8.888177248032973;
  -7.996575224406334, 1.388530345292856, 11.73393194254951;
  -7.233389668566295, 1.441766982821956, 10.73788537464929;
  -6.104909319874894, 1.497137852967393, 9.258414563932098;
  -7.107269152767713, 1.403595801620396, 10.65989387669919;
  -5.724455942505952, 1.483879257476413, 8.849963431039933;
  -4.959913067579937, 1.523041077349623, 7.83735490868409;
  -8.53878811492949, 1.304615174386655, 12.92159783684507;
  -8.577850680278067, 1.334268172183518, 13.11950918652539;
  -8.564601510735463, 1.309427674985251, 13.10124243265841;
  -15.54577706375573, 1.329780142824041, 23.1238326963135;
  -5.271389694733508, 1.511598103568418, 8.526970028559054;
  -4.40623039444232, 1.57608840677513, 7.293238683454012;
  -6.961919444604082, -0.2411349266447683, 10.98180476152524;
  -6.360695259983012, -1.875100180231659, 10.19248698965882;
  -8.327802150114374, 1.408909576139552, 13.13122622844107;
  -6.135744591640935, 1.443823988493251, 9.967550008243995;
  -7.024953901900186, 1.405847894340315, 11.27917631640566;
  -6.992870989995439, -0.2180250594314399, 11.26834536180229;
  -6.87541719387692, -2.529859199660325, 11.23178675736597;
  -4.387299842286002, 1.553580605888659, 7.518124397068988;
  -6.130073402602321, 1.453985803271109, 10.15107010254465;
  -5.726047250385332, 1.444580293332404, 9.618467971629402;
  -4.992163441863317, 1.499144460024947, 8.541172298416813;
  -4.20941857945021, 1.597349716489717, 7.378575436316938;
  -6.527183688596486, -0.9882951550340252, 10.91509491728083;
  -8.49283152203445, 1.351251992510674, 13.94090272802595;
  -6.914637621889582, -2.595248295012048, 11.56183064687889;
  -6.690506551020513, -2.542419249623787, 11.37251442251761;
  -15.04984011777874, 1.290962036695235, 24.34565687146842;
  -6.514296980528211, -0.974122563588235, 11.10718046928852;
  -4.536960315359302, 1.535070206971524, 8.043992394653571;
  -8.125934158210667, 1.380266453337069, 13.64091336850609;
  -6.412800831408513, -2.094773349198221, 11.02515013597982;
  -7.89914705390613, 1.312674629938148, 13.37301025269235;
  -6.368908418849431, -2.141966014667764, 11.01456192753541;
  -6.356272345444855, -0.8700583252126259, 11.00056238751574;
  -7.067593156712495, -2.099462967054244, 12.25071570000593;
  -8.245893675081369, 1.328536130123924, 14.13162747715766;
  -6.25711527605325, 1.425040934767237, 10.95853101322347;
  -4.324536338448887, 1.5771573495384, 7.876711073169939;
  -4.318505488681645, 1.561408096560938, 7.922491615820005;
  -8.380428390800139, 1.292238012738341, 14.49305203141775;
  -6.48293842789663, -1.058029776268326, 11.45547846270673;
  -8.01487217302712, -0.776353835500982, 14.07377250476561;
  -6.290554189708773, -1.403361933236265, 11.31212827207284;
  -13.37021838178389, 1.318887191721407, 22.97663949205919;
  -6.394959612935719, -0.924097891323544, 11.77627966548083;
  -5.026478275077294, 1.421506983050904, 9.462816490577673;
  -7.556919692101496, 1.370330426707926, 13.74016017073152;
  -5.802984561472411, -2.357214418648677, 10.79037730982184;
  -7.674248043703542, 1.452820997511851, 13.96370014935866;
  -6.326563594831423, -0.7707687990053401, 11.71028087917062;
  -6.193680075552708, 1.366813509734029, 11.54862155609991;
  -4.025726125213925, 1.585658911046123, 7.856313097796157;
  -5.81102297961406, -0.7692008667150849, 10.94306420727665;
  -7.2629719138301, 1.401942607838842, 13.43889462851535;
  -5.896570981955868, -0.7113348633720644, 11.11744521716707;
  -4.362092428599723, 1.510454908321032, 8.503604601269645;
  -5.710820513682631, 1.429555451393425, 10.94522012157525;
  -5.714548359615164, -0.8974771507167729, 11.01210648794018;
  -6.440998981203402, -1.507825583334275, 12.29576909940263;
  -5.81204484517609, -2.367523159371266, 11.23147193857339;
  -6.598115787462747, -1.754104429343664, 12.75364487648611;
  -5.594069575318758, -2.373327464984709, 10.99109295355816;
  -7.70986231265357, 1.380722369020802, 14.81472010890626;
  -5.560222607723531, -0.6421064085077416, 10.99881999844926;
  -8.182736473966864, 1.314756591519435, 15.83239019296046;
  -5.59928629347861, -0.834779020501413, 11.17113781102234;
  -5.49651220384918, -0.6327179788083439, 10.99243081437921;
  -3.774123514589925, 1.62822876939565, 7.892021317626654;
  -5.803797550160815, -2.326403193728827, 11.63830666673279;
  -5.277790975815776, -1.913872089403362, 10.67166174332662;
  -5.400097738544747, -1.886527500862124, 10.89749045928819;
  -5.125873599293961, 1.440115490475621, 10.39655364537837;
  -5.522920470328826, -0.794825901946068, 11.16371613115445;
  -6.167240704552091, -1.92915955514581, 12.3948844039927;
  -5.376492496808218, -1.864838661915131, 10.9542233506722;
  -6.307049133123207, -1.251432375233815, 12.67749252630987;
  -5.290125674572329, 1.4316992850717, 10.85313386742126;
  -5.335040811201223, -1.888663742196657, 10.98250918837414;
  -3.715660114750119, 1.642470091860233, 7.942996737447849;
  -5.611552779166015, -0.9029702256788033, 11.54122641144773;
  -6.1274497459848, -1.898949296149542, 12.52433611317065;
  -5.479238251794439, -2.448235001731861, 11.32596605405384;
  -6.40963123549612, -1.394399715149615, 13.11241066195577;
  -3.542953485847761, 1.629882180110928, 7.696736864058873;
  -5.448575367964629, -0.9604269097485866, 11.33116782173061;
  -5.245828879537945, -2.085008428526979, 11.03571234915227;
  -5.077584746057232, -1.974841733004653, 10.72780746606306;
  -7.027305350049735, -1.660607744025473, 14.47516682520654;
  -6.244873543852278, -1.343974832754357, 13.02819131668282;
  -7.483848380713468, 1.389424069837906, 15.44644359745944;
  -5.171821314977957, -1.8895512757609, 11.0047695295827;
  -5.051852321733165, -1.915550417276271, 10.77450140177933;
  -5.46473582459366, -0.8147294391051465, 11.62339326112828;
  -3.728693862623631, 1.6202612592401, 8.254359827948289;
  -3.674014038052881, 1.648616966560938, 8.155270385267373;
  -7.20434428085883, -1.97748401929704, 15.09862310289965;
  -5.061924362989087, -1.864311021162764, 10.93972744476336;
  -6.857281336839268, -0.7428556023328236, 14.49471395366891;
  -6.088265669268476, -1.301088378460626, 13.02759117507558;
  -5.356907316161266, -0.905109306406177, 11.57673298995017;
  -7.28659173012118, 1.39400939040156, 15.38844290534683;
  -5.243074880131188, -2.385353450263303, 11.39758709650175;
  -3.72519952882708, 1.620151119797328, 8.380162489066109;
  -8.045996205272237, 1.323793358236365, 17.0293505524029;
  -5.04746130545925, -2.367189935723279, 11.06861914701745;
  -4.992433501742174, -1.830524437509417, 10.99850897535574;
  -5.158233876128564, -1.955288398009572, 11.38669286240636;
  -5.712034903749331, -1.105933201204205, 12.50496200103273;
  -3.52669763418153, 1.548287599652329, 8.111275806972603;
  -6.632793580295744, -0.6420029681675427, 14.42111156792537;
  -6.705885389289774, -0.6987225826250346, 14.63839174231691;
  -7.08172910376743, -1.910682932082367, 15.42740451100764;
