m=[-4.22924091413257, -0.5182304609922143, 6.235632505618415;
  -9.647069965997387, 1.356607910311854, 12.96620216607381;
  -9.712202172809249, 1.335683665686203, 13.07504961295395;
  -4.065387325099376, -1.278010511325972, 6.062140494635433;
  -9.510840340527999, 1.324012983233762, 13.06335467247543;
  -7.659554966662565, 1.446401777094515, 10.78264881195545;
  -9.632279319185752, 1.293287652928691, 13.3375846659312;
  -4.071486192051765, -1.189968862129856, 6.208540321598154;
  -4.184823333746402, 0.0990223701262001, 6.371801121990899;
  -5.063512768809631, 1.565854931737418, 7.547145574038119;
  -4.041575443817886, -1.216827658381513, 6.223571426715164;
  -3.812795011173286, -0.3943598375145692, 5.937963892297582;
  -5.140984943109968, 1.557241247702065, 7.672667057389982;
  -3.969974932758287, -1.212742936158722, 6.171003359848517;
  -3.851521921398981, -0.5055091251816206, 6.03445072846833;
  -8.11421030580323, -1.499326783408427, 11.6254300206047;
  -9.131667635729775, 1.335244305143653, 12.98077975257002;
  -7.121636059673447, 1.424718808402679, 10.48090037521464;
  -3.601088629465088, -0.3001520846060715, 5.791624957902793;
  -3.909900666768125, -1.229871846615755, 6.216622266901664;
  -9.201296132092628, 1.333568380420192, 13.34930997062649;
  -9.207024224489238, 1.215797610073034, 13.39250920114865;
  -7.969751552331562, 1.351292358354038, 11.73063240959979;
  -7.467068662684222, 1.382111307392085, 11.08074309565795;
  -9.075703457607855, 1.309905852332216, 13.40557301609639;
  -7.175713800251758, 1.435667122704731, 10.81293081660992;
  -8.016442805192646, 1.362711423711894, 11.97254889855733;
  -6.145937123074099, 1.498421473802837, 9.48867697828365;
  -4.989309591296623, 1.585066372160939, 7.930447241432836;
  -9.170386153638543, 1.015275648103517, 13.7653695100652;
  -4.934582153527813, 1.553702419530225, 7.911129204395455;
  -9.033448512013013, 1.245497403866956, 13.67084770923264;
  -5.294425564927174, 1.543945799436428, 8.544777299817605;
  -7.02381073277888, 1.437283269490935, 11.02365707676396;
  -5.878239350459714, 1.471541370473402, 9.508481215742894;
  -8.074684734830946, 1.385253420554871, 12.6997530250826;
  -7.113710613471436, 1.399819316863533, 11.42494084490667;
  -15.63331285819449, 1.333967668243518, 23.97936847346246;
  -8.638042519131265, 1.330445964414655, 14.04550161631123;
  -8.68541015842068, 1.314127029308063, 14.11892970843348;
  -4.244408509096729, 1.608921248253041, 7.430501746173782;
  -5.792524270944832, 1.479843088562439, 9.835049532069551;
  -4.491475318922496, 1.570342792109863, 7.957594285580876;
  -8.338313240606082, 1.398531470336717, 13.98066387434461;
  -4.051104816839928, 1.613062024716083, 7.349411079769675;
  -4.023443057738761, 1.588037335735756, 7.374870332533396;
  -7.051941372435288, -0.2231753783415765, 12.21479116586544;
  -5.350231606128039, 1.510805199080142, 9.534812074267792;
  -14.83881943004443, 1.267815662174992, 24.71043910772658;
  -6.228555352813499, 1.442714771507661, 10.98096329148284;
  -6.790792207978537, -2.480466727657338, 11.949547055461;
  -8.265777946311118, 1.298994449273378, 14.39154052696594;
  -8.031892239950622, 1.319034876260437, 14.41819612188029;
  -6.819916217773484, -2.565385526910766, 12.43658690283853;
  -6.541366272017229, -0.9713111540422829, 12.00279332805388;
  -7.466487920977261, 1.350992422910249, 13.62138778877603;
  -4.870831091402117, 1.498027507560102, 9.226649250325613;
  -4.448480441454695, 1.550854859999128, 8.512478176517488;
  -7.660031124982548, 1.392062160619664, 13.96574270555826;
  -6.547444950141369, -0.8942624927077519, 12.17825177430749;
  -8.207613742041408, 1.325534237796895, 15.03454238249153;
  -6.507724970988096, -2.450403698514617, 12.13227660682115;
  -6.295015647158357, 1.41086638712125, 11.87111529488931;
  -6.688593831963988, -1.077910856968111, 12.65616708950592;
  -5.524618088057973, 1.456024465063828, 10.76500419653425;
  -6.332162637220892, -1.402630425256124, 12.22989522063647;
  -6.215969787993734, -2.59184882990562, 12.03612187824611;
  -6.276307358068607, -2.41018855873849, 12.17292227072868;
  -7.607300949938957, 1.423314793652092, 14.65233371807682;
  -6.62516438166431, -1.62162305604849, 12.91017937492891;
  -6.055549055405984, -2.619141386993827, 11.9192045501073;
  -6.473771529986813, -1.507972317598782, 12.69565194949077;
  -4.360029146348937, 1.548183826573832, 8.877139612633956;
  -6.176936194902238, -2.647772392057674, 12.26342423245671;
  -7.402603253649512, 1.412173420066861, 14.50777870063404;
  -5.980373212034055, -2.410106460243101, 11.96595078403057;
  -6.086639356938483, -2.700390877838959, 12.34070234241315;
  -5.491455866522347, 1.425319726045614, 11.3945326971977;
  -7.632161737647088, 1.3545372750095, 15.46083257750442;
  -6.602358218174699, -1.661059005763146, 13.50369325299745;
  -5.696334826728489, -2.754024554563502, 11.87201524042469;
  -5.994424720468633, -1.034540081613915, 12.72918628179467;
  -5.634363896881922, -2.07184128489829, 12.02679532567838;
  -6.841172896058441, -1.511211522492194, 14.4276656554979;
  -6.009771335228409, -1.134232280153944, 12.80991743343419;
  -7.530065002911718, 1.396997309143807, 15.91154358946177;
  -6.751600936609103, -1.406257935606885, 14.39154462840044;
  -5.957863222865038, -1.111713423645274, 12.83278788231767;
  -5.584201647187546, -0.7995302583778865, 12.11938239571063;
  -5.362641971099457, -1.923054360650099, 11.67983150376507;
  -5.161971093728265, 1.426599640846095, 11.30988714704285;
  -5.431658974307662, -1.866284307094544, 11.90152207835934;
  -5.578125381085541, -1.78729166031804, 12.21711594188768;
  -5.23377978838584, -2.566084806489125, 11.54177622639618;
  -6.141167292039404, -1.101236045922887, 13.37748656590769;
  -5.44013807920289, -0.7600265774819573, 11.96527154946551;
  -5.313312715848368, -1.873558162949314, 11.77884923179421;
  -5.287462466189223, -2.648916846600103, 11.73246095355216;
  -7.440189213600026, 1.360812997252133, 16.13029760316233;
  -5.48167003906021, -0.9619319740095702, 12.22790013132548;
  -5.281755005299908, -2.660556160235611, 11.85587109585659;
  -5.250526123401052, -2.710569637310311, 11.81509962997104;
  -5.268857121132823, -2.075956609010435, 11.91739899955638;
  -7.296914473400295, 1.375722452495303, 16.18040242601191;
  -5.265761445175048, -2.025372140354544, 11.95432312171231;
  -7.396802028673807, -1.80841576004779, 16.44027740429417;
  -5.864502232430612, -1.202956944877945, 13.24063081197847;
  -6.590705507091392, -0.9518003959161548, 14.80073533232023;
  -5.431268831964014, -1.974838600450381, 12.38660468706352;
  -5.156479278504721, -2.588507903938836, 11.81219277334052;
  -5.125376289079327, -1.925977491837805, 11.76421268129163;
  -5.616701261484793, -0.9577388722703933, 12.81659039082351;
  -3.714438693963356, 1.612819121013678, 8.809350133561635;
  -6.203523490125287, -1.320969705589401, 14.07621799262502;
  -5.15085872606408, -2.638699088333369, 11.87036741208926;
  -5.415251114155721, -0.9038675420462778, 12.52011317901133;
  -5.131836159881758, -1.869691292553573, 11.91793315430114;
  -3.649246698870091, 1.64843368943232, 8.795042320369738;
  -5.203432910864176, -2.344398791372433, 12.13826794302276;
  -5.280513205383325, -2.525471829300614, 12.32540981889505;
  -7.19622305565444, -1.918905330263974, 16.44207992450385;
  -5.712547517881416, -2.366812694589747, 13.295341378927;
  -7.068624349111827, -1.690865251357032, 16.25095168504538;
  -5.146776258001466, -2.388217278096574, 12.1113108323171;
  -5.015930456376043, -1.81955244689301, 11.87591819729006;
  -5.136533550666433, -2.553884898359013, 12.14976613481472;
  -6.300561943966494, -1.449040143908794, 14.71960301108023;
  -6.712688456091395, -0.7802340895877565, 15.6429493006365;
  -5.447347726809153, -2.332433021244317, 13.03123241460195;
  -4.868921512619203, 1.439932406831317, 11.75102588331063;
  -3.746624172152, 1.592903954230034, 9.279393402555519;
  -6.155068457123981, -1.333722172418537, 14.65770742242232;
