m=[-2.164710513962411, -0.2460941382498506, 3.632666613461149;
  -2.143265037730459, -0.244495849841528, 3.651195871843332;
  -1.960393320658894, -0.7523883563673188, 3.994906048112267;
  -1.934736093699337, -0.6443171522484674, 3.981245323216659;
  -1.909458031844953, -0.7943154002624231, 4.006032717478082;
  -1.81330123836626, -0.6650739609937096, 4.114531558070673;
  -2.918448906074174, 0.3638655336242981, 6.360212182158793;
  -1.746036831792263, -0.7906495280006006, 4.228597824679864;
  -2.848312316398842, 0.393438823900133, 6.328611718884874;
  -2.909744452348877, 0.3646077081903588, 6.477949376834089;
  -1.737535133404053, -0.7792232468976202, 4.245864344779377;
  -1.631035151323894, -0.6733733004370961, 4.265948487700976;
  -1.637514228613768, -0.6499002810964714, 4.283439946574375;
  -3.208635868540266, 0.3727356153635302, 7.67649147632268;
  -1.628101974069896, -0.614109168724295, 4.484424570114467;
  -1.585486065032654, -0.7230566425546577, 4.440871394714241;
  -7.895461238737681, -0.1949971830046887, 20.14287845575403;
  -7.583266496129988, -0.03040465284689001, 19.98036015103783;
  -8.015883768173948, -0.3188628040044823, 22.18388548942171;
  -2.444610420865149, 0.3775386516031038, 8.520422856308468;
  -2.051886823852547, -0.6402005037564019, 7.958284187499126;
  -1.665396937584668, -0.1700719028285889, 6.815437329114254;
  -1.629793565413175, -0.216447622585725, 6.720852854063742;
  -1.940977508871359, -0.5709654074377122, 7.865836265742472;
  -3.7941695347283, 0.1515055149235968, 14.52091792739669;
  -1.189392741345763, -0.8396887750112022, 5.301237175262761;
  -2.140295479949122, 0.3786785238408212, 8.912581417858277;
  -1.727117914774892, -0.4222189835862432, 7.45615554261493;
  -2.923636482734637, 0.0769438655722347, 12.00750763497657;
  -1.135731552227354, -0.8952811935755883, 5.246757105005776;
  -1.709081606183398, -0.273077214803277, 7.480473884235453;
  -1.824409817982318, -0.5881878996627592, 8.157087018334241;
  -1.818271246198563, -0.6311339389162213, 8.246923607649249;
  -1.698363872833528, -0.4028518332025068, 7.848473711318136;
  -1.581963800985968, -0.7757345015482241, 7.396814181788143;
  -1.62725905139774, -0.4931452566936866, 7.764411650137351;
  -1.500795850720916, -0.7334371003658097, 7.253948338530391;
  -1.544433541954784, -0.7039160641766546, 7.451492739938002;
  -2.857574142068992, 0.2015721908562541, 13.25476487481183;
  -1.935066854885168, 0.3158888890093267, 9.471370770718567;
  -1.594980912119054, -0.3230986107627492, 7.944837220034972;
  -1.511627793434677, -0.6651482659898338, 7.636549892086189;
  -1.641020788445718, -0.4966398595817571, 8.351376483568632;
  -1.522654993325334, -0.4642850377488645, 7.96000520791149;
  -1.452289511580504, 0.3874790158410454, 7.693469904619735;
  -1.365623544354705, -0.5834851472935598, 7.443263673132976;
  -1.98257843385891, 0.2802881022042402, 10.4881122532487;
  -1.46413482407777, -0.2030447810734857, 7.977549351058505;
  -1.50859345536784, -0.2445117259592078, 8.275486440062023;
  -1.592550328397056, 0.3137954161113236, 9.072297268257836;
  -1.168335747134469, 0.4539547058445382, 7.359057015164712;
  -1.767230205348289, 0.2734025698942628, 10.95486078616158;
  -2.056110691719673, -0.2798000663622787, 13.53290649784801;
  -2.07039668642283, 0.2204280445818861, 14.09302749377958;
  -1.116863721382223, 0.1347826338577411, 8.763359714171669;
  -1.093065619983916, 0.09454684030148686, 8.593284015726624;
  -1.03625595668798, -0.08831376736134826, 8.286024149488513;
  -1.065940605588939, 0.3895492703536912, 8.53452841569783;
  -1.082984422283117, 0.3389935650264421, 8.97777759842919;
  -0.8179831448556277, 0.1194895641215119, 7.364101726630939;
  -1.941639949487454, -0.1842574861674787, 17.55454073782442;
  -1.667788758145466, -0.6586680145544692, 15.16234878582806;
  -0.555327007830404, -0.9436154448955769, 5.618673412478553;
  -0.7872184666961216, 0.4395779603602126, 7.925715057021792;
  -0.5364757316440463, -0.9069601860009672, 5.616642509421403;
  -0.5699778610065488, -1.168287183963936, 5.871329652452449;
  -0.5537502084901862, -1.070759115918794, 5.888110446499978;
  -2.022286800898932, -0.609736415601845, 19.76971710746363;
  -0.516674198103247, -1.156208704709977, 5.598090215152702;
  -0.5064402195743045, -0.9857032407344771, 5.732909516085486;
  -1.686583520296634, -0.4067744424552428, 17.5740612138156;
  -0.4585275700596842, -1.073223225994991, 5.6631950404856;
  -0.9399063800564713, -0.8560330760755571, 10.94399383588231;
  -1.304283906806513, -0.9172120743535887, 15.51950135145744;
  -0.731724141603005, 0.4196148078474692, 9.56304601435107;
  -0.8103076768619969, -0.6486555690319678, 11.12243089516051;
  -0.8751066622896112, -0.7370431640924253, 12.2171759128941;
  -0.4402127576603658, -1.397545690246306, 6.330320921590613;
  -0.7529048308355333, 0.4827396354829608, 10.87258235942347;
  -0.7807705129858821, -0.7471326212283109, 11.063572746012;
  -0.3774049579517875, -1.003475496884488, 5.827100470827251;
  -0.3810293522979419, -1.09628647155205, 5.909337928923955;
  -0.9970012388910837, -1.075073847006392, 15.73346300762574;
  -1.046793636587764, -0.2200502319350742, 17.22124309620518;
  -0.3537384226211356, -0.9192061000191159, 6.183086837911137;
  -0.7072287036700384, 0.3685834450769639, 12.12885770132965;
  -0.3363402636461346, -0.8777287371242508, 6.173541783267249;
  -1.263472482500589, -0.3587689334599939, 21.75422429789462;
  -0.809802678215201, -0.7059591321248899, 14.15578321444522;
  -1.08441831090699, 0.08787497565019672, 19.05545310262489;
  -0.3084274611983396, -0.7982096285864416, 5.939786681707385;
  -0.3171878204399755, -0.9510133124088835, 6.17610788521414;
  -0.8481138529519705, -1.06887227404987, 15.56804416611074;
  -0.7077548734372472, -0.2639608315192539, 12.92288324069616;
  -0.3305711184234579, -1.07863310866282, 6.584930542078793;
  -0.3027539495280223, -1.071694898278375, 6.323283354676578;
  -0.284886905779803, -1.246937723734515, 6.053556732906523;
  -0.2762412157262781, -0.8889730926837507, 5.983507656883312;
  -0.2950925204264613, -1.06971148502443, 6.468795488809239;
  -0.8375975398889799, -0.5376720477527129, 17.94710569897157;
  -0.4387917481105625, -1.115127782096685, 9.758977354858914;
  -0.5037650461618551, -0.903167341196258, 11.36419520412335;
  -0.2640528468961031, -1.322156631898657, 6.083843070934882;
  -0.7248540846291429, -0.0114953411040182, 16.59892162672927;
  -0.892407111203976, 0.1376895902772205, 20.29633111396293;
  -0.2890477321619304, -1.130556007866242, 6.664424856945289;
  -0.2598110240948133, -1.260644833788034, 6.11791620313449;
  -0.5822897271840892, -0.9623068920876555, 13.55896215774364;
  -0.2368222211730583, -1.332281617831886, 6.112616805642045;
  -0.4012271758634298, -0.7981797881644314, 10.42171203810093;
  -0.2488852653754837, -1.21645545795412, 6.767632334342205;
  -0.2285810713593771, -1.370630765700332, 6.135393549233861;
  -0.3881479348050637, -0.8474202481897922, 10.52372074868134;
  -0.4304645460275033, -1.093605374966676, 12.16649039124649;
  -0.4873401527790382, -1.030233946693987, 16.17263204615117;
  -0.6784737348115268, -0.3759463045850249, 26.0623051985698;
  -0.257480319043964, -1.306703723226546, 10.02620331340535;
  -0.4123397366076777, -0.7115302852591339, 16.48711793703295;
  -0.2526950938120787, -0.9370618604236825, 10.61956780673595;
  -0.3829269844069542, -1.102900557809339, 17.17864716666742;
  -0.2774470425768669, -1.051534903059668, 13.04610995555658;
  -0.2818388785653693, -0.8425991847490042, 14.78368074233119;
  -0.2759131600735247, -1.070084688971558, 16.66281738146195;
  -0.1650474908955265, -1.256495634064736, 10.17522908840192;
  -0.1671076179894155, -1.325359263414101, 11.85782282924823;
  -0.1227718597886708, -1.02141898292115, 9.444765284927525;
  -0.1281094582847808, -1.537213125853947, 9.419708619048784;
  -0.1461192379971545, -1.409471621989687, 10.30579233225471;
  -0.1723384093748353, -0.8667444121924121, 14.07246776543399;
