m=[-3.298216664099357, -0.6332723047142402, 4.517909547526618;
  -3.066268295510427, 0.6771965284211216, 4.765762915978464;
  -14.29535699352331, -0.5270384206230777, 19.04551775164012;
  -14.91022631121639, -0.4104906108518929, 20.0535302285083;
  -15.49476855500196, -0.2886850370724521, 20.8796733151433;
  -14.02858713821602, -0.4396374083730921, 19.14100506784691;
  -15.70007286354924, -0.1589432232552258, 21.35118098039474;
  -15.44903323743041, -0.2311962144388112, 21.42327760349105;
  -4.189565985877505, 0.5819944767143681, 7.563104652224114;
  -4.069746736046157, 0.6219799156343346, 7.47885100842359;
  -2.946974171373426, 0.6590035996653132, 6.170496273735979;
  -4.607908299177187, 0.5988835716896525, 9.407555128288012;
  -8.716762675805308, 0.3100780207286909, 17.0392859473127;
  -6.447430390120254, 0.5120099013301248, 12.89245037018337;
  -4.577246189470809, 0.6038877331963727, 9.513907694619723;
  -10.85523959858714, 0.03273294707439078, 21.68736611361179;
  -4.524043276788452, 0.5939776748115877, 9.632558223607354;
  -9.595896344614864, 0.2033584805455343, 19.74320671639975;
  -10.16139056885547, -0.1249579577051132, 20.92557663780965;
  -9.892871501362844, -0.06892688595701656, 20.56094712325608;
  -10.16481256147125, 0.1159601102327128, 21.13220015568773;
  -3.342748672646453, 0.645377449685442, 7.814096176369664;
  -12.61452810791813, -0.3710166520523624, 27.16864257709323;
  -13.1348111432924, 0.256641459013454, 28.25770077412992;
  -13.00484180312268, -0.009772170978462107, 28.0409452316622;
  -13.06056269032356, -0.2482982224673015, 28.35161540213018;
  -12.97208525039362, -0.006763338297936876, 28.20708913425408;
  -12.73526517720528, 0.1466617871768349, 28.10300143283326;
  -13.23340379061373, 0.3068679518971247, 29.25372555523802;
  -3.183710170842422, 0.6378100391757311, 7.804363015377866;
  -14.52448706781546, -0.6438902225015771, 32.35069778278096;
  -12.99622760934796, -0.1790589134738241, 29.11419831230389;
  -3.306035337347963, 0.6712915755538613, 8.213793355594046;
  -2.117458114266038, 0.6731172235303594, 5.712451725315992;
  -19.23001942289522, -0.6890972010934346, 45.61917961367384;
  -12.56134384754915, 0.2515677873827885, 30.3718109407474;
  -3.653817831595392, 0.5802204870022093, 9.704043251194875;
  -11.83433759922469, -0.008099406469295394, 29.33805297599917;
  -10.97705485868574, 0.02696946091500966, 27.28976482570189;
  -11.89127526123326, -0.2271936650123257, 29.88206914953188;
  -3.599990505955183, 0.6355813960209722, 9.855169127387338;
  -6.384147354466913, 0.4597598300710818, 17.01271528074685;
  -11.41571860535761, 0.0532031789152592, 29.6906169856491;
  -2.147069012830906, -1.267954409065889, 6.373159675180648;
  -2.995460466499428, 0.6584297699971963, 8.636704390093854;
  -2.28539696932007, 0.6829525911157827, 7.440699388598468;
  -3.515006812055721, 0.5968502867160248, 11.0218887302386;
  -3.466441379877593, 0.6017321046972506, 10.90386359956226;
  -2.650600796348971, -0.6547185544937977, 8.815610823985228;
  -2.895374946519629, 0.7265341757385075, 9.65744500304293;
  -6.105841150238414, -0.2199617002166783, 19.28051914245489;
  -2.721169120146445, 0.6461036634404186, 9.32771276972084;
  -1.561894747725859, -1.20155858019161, 5.786634153202519;
  -1.654683993019188, 0.7414461793684003, 6.152563610007806;
  -2.734242650589681, -1.40378835283912, 9.583086526199526;
  -2.762264858319489, 0.6725437935155451, 9.752283907969281;
  -2.754877217455859, -0.7146129363925264, 9.715231015734792;
  -1.497783960297604, -1.184518719849107, 5.870669778699273;
  -2.918235264497294, 0.6104616740323755, 10.65758068157702;
  -2.327101995449394, -0.4218985581591884, 8.687916248377245;
  -2.709865496480685, -0.9218574054988165, 9.980818691102636;
  -2.676689239657126, -0.8541227542081544, 10.0169521836438;
  -1.404487116478068, -0.9251736327143814, 5.744166392283958;
  -2.396211064736221, -0.491201566879942, 9.176672669772014;
  -2.453090287007267, -0.9336233143142658, 9.523439042319929;
  -2.404331518185925, -0.4918195053690405, 9.420195795780723;
  -2.43579481206556, -1.097769060553287, 9.561434068420015;
  -2.443115701511497, -0.3643187659682253, 9.612185139546879;
  -5.050855284440625, 0.4013297105553415, 18.98686288325182;
  -5.40528916430743, 0.3304586286543862, 20.24552196466203;
  -2.22226801316444, -0.2612834112907906, 8.904052332568051;
  -2.393562277662146, -0.4082211562481444, 9.53993358075107;
  -2.42508628946852, 0.6498086291457301, 9.708067769351228;
  -2.233894154752491, -0.3194572656080263, 9.125884777037552;
  -2.513863891266805, 0.6323558011861108, 10.18782499181038;
  -2.262683500353366, -0.2696470312741105, 9.334394825771023;
  -2.232544814486205, -0.3226433855010606, 9.46773736364274;
  -2.292504076207316, -0.6618603371106482, 9.690415061706219;
  -2.142389246788092, -1.000514061949033, 9.115524716793081;
  -2.439007620652571, 0.6379269311831797, 10.33952620400639;
  -1.823672720029776, 0.7242000869365037, 8.141387085282378;
  -2.113374386289173, -0.9914202087466489, 9.261539713905863;
  -2.340524531336368, -0.9484346940602402, 10.17901752506824;
  -1.996356752958068, -1.095687140120025, 8.914273753422709;
  -2.161447996959153, -0.8215921924049525, 9.615553386038219;
  -2.175915835063722, -0.5586465947632949, 9.744559972286512;
  -1.950934366145195, -1.173415829047687, 8.957528316326592;
  -2.658812027692849, 0.4960211399984082, 11.94979441925881;
  -2.124890194057699, -0.5604180418267247, 9.720025633602699;
  -2.11592294618091, -0.7799309249910732, 9.768280690627039;
  -1.651240578766294, 0.7550581954814366, 7.89825019856914;
  -2.132049860869996, -0.6679955753057044, 9.909767877850683;
  -2.232008429100292, -0.1232189757552785, 10.44416833736083;
  -1.59027152550543, 0.7813422429060251, 7.824701332173499;
  -1.976477405663621, 0.6590402006395205, 9.583044060828618;
  -2.051940017658858, -0.4016590221531943, 9.913518406123124;
  -1.975857841263002, -1.354718613883348, 9.590844509069491;
  -2.013032373414891, 0.6324421919325336, 9.874588450586742;
  -2.7031480758829, 0.5378442402606675, 13.03716297977709;
  -1.895516816150601, 0.6825689274728419, 9.453706076992315;
  -1.818002340165183, -0.8582891769358343, 9.099926190585498;
  -2.076032074696108, -1.220318665360402, 10.30521620689158;
  -2.057160561307218, -0.4351777912811402, 10.23812898702091;
  -2.003227457272461, -1.251232060162099, 10.01132361751862;
  -2.0499107395375, -0.6785145189094152, 10.32966962584176;
  -1.872295169791645, -0.6873847346048678, 9.517881948713889;
  -1.984020344511146, -0.2502743160591998, 10.0498032254742;
  -1.981574159528232, -0.4744330722449822, 10.06418358598353;
  -1.895334779840739, -1.239468857766699, 9.694828461979364;
  -1.836668150692893, 0.6456261311329647, 9.615226995938537;
  -2.041855233944809, -1.470190560778675, 10.57484230145339;
  -1.858015708387903, -0.9139460816517648, 9.748574728116452;
  -1.879615321494812, -0.37264607925276, 9.882590266580269;
  -2.858205612175652, 0.547818954116777, 14.60844383936872;
  -1.474103583920284, 0.7699497176389959, 8.017487369777754;
  -1.87306376996402, -0.4629830368231137, 9.909525759348876;
  -1.837969114666767, -0.7802764570788308, 9.840155430008661;
  -1.661905504479976, 0.7195569970156041, 9.032539477727688;
  -2.369881609349991, 0.5319031108615735, 12.57509125623039;
  -1.819609098183941, -0.6942635419765731, 9.981854728374776;
  -1.220257339123791, 0.841048058294395, 7.033029903135835;
  -1.767421755881244, -0.9139219350887645, 9.782977171665717;
  -1.782497826165823, -1.017052957598533, 9.870132044846585;
  -1.79377595745168, -1.040116870630823, 10.08398609962456;
  -1.718076615111899, -0.9214027310972957, 9.701872366969115;
  -1.751818801967059, -0.721451242513967, 9.915583954252028;
  -1.906513656359335, -1.173618496296887, 10.80327163200691;
  -2.112576304529892, 0.5833114551170954, 11.91488323514629;
  -1.814641662194312, -1.225672410080999, 10.34270989889633;
  -1.673456247425423, -0.8493247409766387, 9.646035628143286;
