m=[-4.19515498758147, 0.575412586135588, 6.195593876219279;
  -4.051252481608954, 0.5930954245701798, 6.111454250406644;
  -11.49507610380142, -0.6213276561121831, 16.25006239809502;
  -3.814086093656306, 0.6127736980736827, 6.26636137497883;
  -10.5264021367624, -0.71414868957221, 16.17458561609051;
  -3.308979942911119, 0.6422094049097259, 6.121734605430701;
  -3.460750120968177, 0.6401955063774961, 6.364821784328616;
  -3.499861810523014, 0.6384879093662164, 6.477524390343707;
  -3.501630847422447, 0.6051457751644985, 6.511860673272647;
  -10.25303522594137, 0.2299472549679595, 17.69265082156865;
  -10.45393936286694, 0.1875817054460331, 18.04188939660521;
  -13.76776871342675, -0.2999200783478935, 24.46305695637279;
  -13.44328909579582, -0.4159393145870503, 24.08506456060159;
  -13.42463396353099, -0.004289786465689733, 24.32838655545976;
  -13.64425913323986, -0.1267795311342301, 24.83380483199697;
  -3.276252355007112, -1.430306770008403, 6.702037516491815;
  -3.720925986042278, 0.5856258487666904, 7.549623361143622;
  -13.27619629425196, -0.06084888598309515, 24.47763018117147;
  -13.30287080137633, -0.1757222098470127, 24.73531479393115;
  -13.45635021302958, -0.3694283540579501, 25.03876489957325;
  -13.26053483060391, 0.009338026674854194, 24.77603565564686;
  -13.26788432766851, -0.262856037035593, 24.83753147417824;
  -13.10177240717689, -0.4143517864310703, 24.56707375501682;
  -13.35430273008049, -0.5134354520644733, 25.20770441144259;
  -13.24540974065357, -0.2659545372788708, 25.01811133940272;
  -2.823211838389398, 0.6724652438631885, 6.157533932099044;
  -2.704173462422242, 0.6593027464931586, 6.051721798422125;
  -2.675700725177438, -1.244999597927868, 6.268218924288095;
  -3.235392213061071, 0.5911576277047858, 7.741888531413177;
  -3.055665484648242, 0.609740335636784, 7.518368416507512;
  -11.01645318793758, 0.1676885575050311, 24.69990092738984;
  -4.530764739931107, 0.4975427167585642, 10.78874783013746;
  -11.5210649456362, -0.01065014949396642, 25.9457358052802;
  -11.84097344274417, -0.3697234662863458, 26.63452880371978;
  -11.68911484252963, 0.0113469654094557, 26.62182755790251;
  -12.09310927624597, -0.5224544585853262, 27.74520338937401;
  -2.974389483413116, 0.5888520916323251, 7.755177880387143;
  -2.065780652720918, -1.136349811453199, 5.662231577914452;
  -13.98398895382928, -0.7290911175345175, 32.9521872641712;
  -2.122100102328294, -1.056494170689523, 5.817014767609683;
  -11.90342182397174, -0.363114442794268, 28.37641599960477;
  -2.981222330610875, 0.5916797708480647, 7.969785259292718;
  -4.038671864646963, 0.4979953082680602, 10.77783569441197;
  -2.156060922468442, -1.288635943196198, 6.491441253262705;
  -1.894161797284614, -0.8700039043050106, 5.879704510078333;
  -2.145453459899442, -1.341359572552628, 6.599264376287147;
  -1.792562830372015, -0.8584068382840342, 5.697731272255656;
  -2.113626562076215, -1.395640305175596, 6.534381135390953;
  -2.158620361387096, -0.7761026060158924, 6.726744322451488;
  -1.973256379248117, -1.117544401260985, 6.235797105421923;
  -1.804966009632401, -0.8052394142878939, 5.802479873130177;
  -1.962201686430867, -1.033701590562189, 6.243352954772665;
  -1.982028750389715, -1.072700480871125, 6.337365712288438;
  -6.284984993380101, 0.3617378404632499, 18.20580044302101;
  -2.111016696619749, -0.7524644394529665, 6.737913754917818;
  -1.966097970222763, -1.068796452512795, 6.355769513661677;
  -2.01523879575966, -0.7975947689879042, 6.496715923008765;
  -5.785120828937697, 0.4086540815634797, 17.00789008924852;
  -2.100864264289499, -1.453682596996651, 6.752140117657678;
  -2.093129628946339, -1.281784713784895, 6.740572710407683;
  -2.07920086304923, -0.7613354315093281, 6.735073006046545;
  -2.002046682450393, -1.333520209656527, 6.523809642911398;
  -2.041228799157237, -1.38740161177268, 6.656950074873485;
  -1.988654355031219, -0.8080812083499647, 6.540916523869969;
  -1.95588359564159, -0.8223036909288799, 6.459633350868032;
  -1.860926922664295, -0.9836327944631162, 6.196982945151143;
  -2.048178505715633, -1.26072317664291, 6.726206617257421;
  -1.858213094475553, -1.054567225607809, 6.200455175080717;
  -1.829212951864123, -0.3253136087981802, 6.184626603136982;
  -1.851626737416769, -1.011319535946334, 6.238894853538342;
  -1.854304211752757, -0.6737127143881229, 6.2670348892946;
  -1.896209063540439, -0.7800742981130197, 6.383227310133317;
  -2.012823397235235, -1.366952644819742, 6.736510493096083;
  -1.942517906589822, -0.5921738834443476, 6.599955436235837;
  -1.889252755516355, -0.8138322790144167, 6.439461717376272;
  -1.845552216366286, -0.8863839018937557, 6.366612096596617;
  -1.817763128294508, -0.3774593518534625, 6.306409940360626;
  -1.85642421328978, -1.040584332372341, 6.408045680820663;
  -1.733120282721449, -0.8751481524098786, 6.104060558826375;
  -1.79646808582531, -1.144992006623153, 6.301894930458911;
  -1.848903378515209, -1.09691882992235, 6.482018678030369;
  -1.819309255056795, -0.6482398634241813, 6.426744907223514;
  -1.853403565239175, -1.293270901783604, 6.524129736079029;
  -1.771722542829965, -0.9432161013393834, 6.293408696553279;
  -2.506385684754194, 0.559121590692875, 8.55718914548118;
  -2.430911523080036, 0.5811863251443776, 8.360258262610545;
  -1.803290779248464, -1.137037164870368, 6.40022074671259;
  -1.733836694148533, -0.6706889128279201, 6.22649061441756;
  -1.725588869208343, -0.8915125795036607, 6.245261170387565;
  -1.796064451758786, -1.079620262915986, 6.461961895183663;
  -2.721027432732369, 0.5397890427765011, 9.449327519760198;
  -1.759827818223952, -0.7805172171320824, 6.423841881546061;
  -1.819606378942056, -1.279730842006376, 6.599977202706121;
  -1.724725477172293, -0.8406148221701203, 6.319988646231097;
  -1.741438315976488, -1.01491666728228, 6.367177133924368;
  -1.690967491022276, -0.699265223252956, 6.272405031716774;
  -1.696539491823613, -0.9198402322600207, 6.286427093807252;
  -1.67650623840441, -0.8525487113721864, 6.246876689647215;
  -1.696872550337981, -0.9591981906371543, 6.319583239979855;
  -1.717165259147098, -1.0734696070049, 6.419432953086369;
  -1.710012225386404, -1.014383677159458, 6.396474601860874;
  -1.675558374545293, -0.8537557363301345, 6.365104054281595;
  -1.709339167467204, -1.188223819369922, 6.491264459934802;
  -1.715669589122618, -1.254887328118943, 6.582783101212784;
  -1.788798477282868, -1.122544163925017, 6.843395280479378;
  -1.725502026122495, -1.134242325061773, 6.656429648518029;
  -4.130523691349969, 0.4061977979209202, 14.74369928815155;
  -3.249781498427975, 0.5465717604865272, 11.8569448872115;
  -1.204486137896044, 0.8337147859659233, 5.029377415921583;
  -1.684666770490793, -1.126533996968071, 6.67639293720156;
  -4.062684011377848, 0.3677217527585246, 14.8794315187896;
  -1.651777229944717, -1.083870511238897, 6.628026104657763;
  -1.661832868051899, -1.160103634811887, 6.67852413119914;
  -2.73508207814281, 0.5305039529968741, 10.56677834577634;
  -1.523150560983099, 0.6611653296063914, 6.363643422985998;
  -2.413972439610113, 0.5788911563849272, 9.751926604146476;
  -6.508333102828468, -0.09163222470046765, 24.71959053213028;
  -1.14072289449993, 0.8570090033535975, 5.188172876340611;
  -2.550818685344504, 0.5373626215354241, 10.52916125781776;
  -1.093357222320098, 0.8603097711172616, 5.129134297866496;
  -1.02406148369643, 0.8965622242603988, 4.899500296362148;
  -1.51500121931355, 0.6822803760066691, 6.827129212246664;
  -2.001425593180266, 0.6197214116753367, 8.757380974140403;
  -1.79177179589661, 0.6007869619288238, 8.065154447062865;
  -2.283677695345265, 0.569237495118211, 10.13134591207828;
  -2.060492918008452, 0.6038842550260628, 9.268793212646539;
  -2.896157982471959, 0.5563651799132389, 12.82386550316585;
  -1.0044159137309, 0.862344227111825, 5.110657600003294;
  -2.342432662113652, -0.8974662798725861, 10.68736892744739;
  -2.465895799807205, -0.8323433029709147, 11.22790519460643;
