m=[-14.01679789753237, -0.5408676368200214, 18.43088242943853;
  -14.128912904826, -0.4212859887452965, 18.64579635797142;
  -12.84102103080656, -0.7804384330342382, 17.54294792485371;
  -14.29012131595204, -0.5841564398586091, 19.4859642146106;
  -2.887132409683191, 0.6184092793633229, 5.590746071796766;
  -4.546943927123096, 0.5376636465646858, 8.830640347314843;
  -8.644020621758886, -0.5228709864989481, 16.0382448822184;
  -8.565570815039326, 0.1886379806638874, 16.29881778395085;
  -4.377537094110531, 0.5216508697806016, 8.887821727748387;
  -3.276785194786506, 0.5597529062175983, 7.220378463921412;
  -4.329388876019521, 0.4985337330612811, 9.235842601854023;
  -9.521989765073029, 0.06646289955776556, 19.15298632857293;
  -9.268524393433259, -0.2495353009721628, 18.71145301902671;
  -8.979740119776071, 0.04354314775451772, 18.50271466626435;
  -11.69005968245571, 0.006524900656787071, 24.51505347691932;
  -11.01174447707852, -0.3850105387163648, 23.16182629843986;
  -11.57786999534816, -0.1012856988278247, 24.47936801976821;
  -11.48170580389624, 0.06080717402672096, 24.38381394414353;
  -11.47764654170899, -0.1749814676616707, 24.41684756387452;
  -3.904506924074298, 0.5321719680661958, 8.990748914981246;
  -11.41662711428083, -0.1945433927658551, 24.49572275528603;
  -11.42191025837911, 0.2229491876052536, 24.62967042852133;
  -11.3890551117946, -0.03568869486924904, 24.80347340414055;
  -10.95399392249858, -0.3200394100296343, 24.23116854516303;
  -13.55011588079778, -0.77490016343709, 29.8222501916679;
  -3.8443605563617, 0.5151436790424472, 9.21782005104685;
  -3.19227047265051, 0.6495640390116821, 8.07275063861117;
  -10.77376055287867, 0.05306059712755872, 25.72988000499623;
  -10.16290213818844, -0.3548079292443217, 25.24434019382083;
  -3.045476301809796, 0.6011886700716614, 8.825115951239173;
  -3.453145717411827, 0.5208279194054226, 10.18768246692068;
  -2.147985650986215, 0.666163158224205, 6.844657916612063;
  -3.026396060577484, 0.6028948998686593, 9.253110555424648;
  -2.797798781361252, 0.6003278851966387, 8.670868871484323;
  -2.844373727363324, -1.371014839339462, 8.830244010666561;
  -3.004121809533591, -1.497748425203969, 9.285632689748828;
  -9.699432272259967, -0.2068693843942298, 28.18859711163605;
  -2.604343976234252, 0.6012232227899336, 8.323497462546573;
  -4.090637065070616, 0.4250295130204269, 12.69505575539692;
  -2.291055054426217, 0.6490601749366939, 7.644049169935487;
  -2.126219816101339, 0.6369281015290632, 7.251622735279007;
  -2.713484573513293, -1.375273769507277, 8.973401789754107;
  -3.865034879476325, 0.4154130392902287, 12.55215365733175;
  -2.62976521259038, 0.6005587946845638, 8.879706609644579;
  -6.172192439084133, -0.4418486923887837, 19.66440267892357;
  -2.341260233428431, 0.596036680658549, 8.276284656341549;
  -2.307379663099208, -0.4796981351018822, 8.262767947602216;
  -2.267794154897955, -0.411088350918824, 8.141071288338148;
  -2.76792992341759, -0.8759202687340513, 9.77718354978656;
  -2.293511212951756, -0.4810495747642407, 8.281852553872312;
  -2.342285681177112, -0.528301051987858, 8.562487899094988;
  -2.29625530395854, -0.4131036186530114, 8.541656504904593;
  -1.242375067889183, 0.7772289644165267, 5.095339095145879;
  -2.349382837020566, -0.6755783517041127, 8.776689298496102;
  -2.383493363493408, -0.7728538606838998, 8.899562815707537;
  -2.80092828688248, 0.5700830522189812, 10.35165159445041;
  -2.257667416787553, -0.4294798927942403, 8.625227328676974;
  -2.167187981427484, -1.209473212271068, 8.347623487162363;
  -2.330964564067307, 0.5812469616230774, 8.925092902446785;
  -2.402196677148975, -0.6557558112897691, 9.160732272682157;
  -4.502892077175316, 0.2672791713770371, 16.61383509659694;
  -2.36264828301969, -0.9262572868332339, 9.397841006033673;
  -2.204066211392391, -0.6924961796137912, 8.943364757589167;
  -1.960984129961165, -1.041733271640752, 8.178285026268547;
  -2.242998162661946, -0.9151414905355755, 9.244790710960903;
  -2.106770606379731, -1.039782554308566, 8.842992406410371;
  -2.095666654674521, -0.9074107296877064, 8.84581128443306;
  -2.067243279847296, -0.837478485223858, 8.823487529241998;
  -2.169494647171299, -0.6858048927877126, 9.230365359364209;
  -1.999367589530636, -1.003778884481509, 8.593094235216457;
  -2.005075386226095, -0.583880923490363, 8.812306784487879;
  -1.92809410660091, -1.119901191797514, 8.525389409986579;
  -2.048817103172733, -0.697313597315013, 9.158685158912624;
  -2.005668627234036, -1.18248372305031, 9.023045203471408;
  -2.104541333389705, -1.29491579329124, 9.499562836176395;
  -2.001006042732105, -0.4355866766529684, 9.087109435650111;
  -1.959145013334601, -0.6438754861355094, 8.92056155130752;
  -1.870973288583609, -0.9025244544584616, 8.693422669611643;
  -1.579440651875681, 0.684970968291355, 7.533752663792978;
  -1.902157956249852, -0.3596529751590296, 8.946804524603689;
  -3.704037205376466, 0.293061911459451, 16.61502896835807;
  -1.757088888376142, -0.8815503126673525, 8.439423917415564;
  -1.949626052235515, -1.201748190993403, 9.330317883933164;
  -1.967479962864733, -1.288512884503694, 9.467737038715166;
  -1.858320623105608, -0.2848588192834862, 9.059448224732696;
  -1.794708857275597, -0.9905878463880278, 8.822504402386148;
  -1.885154992385121, -0.9906927969470943, 9.233810818406997;
  -2.012384184130018, -0.4204127980547828, 9.803827606127884;
  -1.869718750306146, -0.6312019182942492, 9.238329807277395;
  -1.816326125054774, -0.8258159092952563, 9.0455218437444;
  -1.847238999152095, -0.579868284506728, 9.19823288943312;
  -1.656610804206015, 0.5928679854281601, 8.398944645194963;
  -1.769631826109636, -0.9191904512849553, 8.946759129995771;
  -1.849408003339556, -1.088081320446343, 9.364665078804395;
  -1.80567876474777, -1.193157077308065, 9.150009787153604;
  -1.675123803967139, -0.6418992542960146, 8.678215355311382;
  -2.578499872677604, 0.4374631374373063, 12.86553662508634;
  -1.726943721630126, -0.8434906449182974, 9.074192293908086;
  -1.752384860747257, -1.088097165412859, 9.192577042378417;
  -1.77325976808249, -1.181882303203358, 9.31044372133406;
  -1.561324353984521, -0.6310395601284715, 8.314456657230943;
  -1.676444392585175, -0.9211287390013413, 8.944310136156535;
  -1.191878772187958, 0.7859242172120945, 6.650294606864259;
  -1.070850107649356, 0.8295233752778315, 6.093519976033968;
  -1.684079730265582, -1.018094989464387, 9.004497630051791;
  -1.09430145439486, -1.265400241945482, 6.208616083465056;
  -1.676296876493341, -1.030613559514346, 9.114143042380388;
  -1.63711909871053, -0.7210670249744114, 8.930682652110237;
  -1.675619874444488, -1.190592363905892, 9.247792055375292;
  -1.64122481327069, -0.7876727724657553, 9.109047854558201;
  -1.652614143855583, -0.9374521629186552, 9.182829868462473;
  -1.597557525522936, -0.9704749164944453, 8.978542091590994;
  -1.643909254730001, -1.115792103768848, 9.317806577955242;
  -1.296969775975365, 0.6654000570272968, 7.749507921118132;
  -1.997320602367535, 0.4387858799361897, 11.65630562549372;
  -1.68106742851532, 0.5070157313327492, 10.1751327074438;
  -2.150511557299697, 0.4095262128362104, 12.88503885751624;
  -1.360612828892361, 0.6492941353154949, 8.532836531816404;
  -0.9994416767838771, 0.8096807936003452, 6.774568245027273;
  -1.806455187752008, 0.4917268850638664, 11.52960461251767;
  -1.432446661733993, 0.5764441727270495, 9.390075733174223;
  -1.563815960877825, 0.5512981676081266, 10.16797451003705;
  -2.065814531768132, 0.4188163726413935, 13.14610840586195;
  -1.965931254189725, -0.8159414732910777, 12.58853660988453;
  -1.371101020648646, 0.6121833501861669, 9.131971619566849;
  -1.870399861905252, -0.8162205132723128, 12.41422395924739;
  -1.515072969369247, 0.4874706226318523, 10.46552043884017;
  -1.043960033316151, 0.7798109545914839, 7.543937608312945;
  -1.533750445366877, 0.3653826668330662, 10.90997834757102;
  -1.873232277898643, -1.377384889591218, 13.11866748386726;
