m=[-4.453352027939303, 1.361127376677672, 6.413655900229086;
  -4.934199872878248, 1.325973961710272, 7.180466535675905;
  -4.898724107070126, 1.336121845259273, 7.154399535641608;
  -4.686914122672076, 1.345343632722452, 6.937019750054239;
  -5.371753197499227, 1.295130759470257, 7.876844103344337;
  -4.837297378807547, 1.330046068037126, 7.27771357891771;
  -5.417058272173233, 1.297123614694217, 8.060105713631858;
  -5.533289337239302, -0.5131730358713903, 8.467449901683574;
  -5.171631979245231, 1.290826218485134, 8.104657156432584;
  -5.499875648458573, -0.6357918379965055, 8.562943339880347;
  -5.497465193504906, -0.6833229778191797, 8.5693877180898;
  -4.442344846657541, 1.305756268189212, 7.151042820098815;
  -5.147214245574865, 1.261417428005152, 8.173233989555655;
  -4.36001924887945, 1.344558625247083, 7.105817488985325;
  -4.951861781021585, 1.271545942036153, 8.153267344739787;
  -3.801073372382029, 1.375389554457145, 6.507069934309965;
  -8.249743575865061, 1.085176365581444, 13.0206217126986;
  -5.269269146157332, 1.253798274861962, 8.720020911399372;
  -8.194437772243415, 1.068462319178502, 13.06501422717154;
  -3.91685429355673, 1.36952818695425, 6.759553004652493;
  -8.28224189968484, 0.768384450999101, 13.20961791922977;
  -8.313258326643613, 0.9112637010268823, 13.27522877576316;
  -8.113747105251512, 1.179940746929881, 13.01419744171795;
  -8.319934528711656, 1.004911788923464, 13.35125455315005;
  -5.570591444442798, 1.256585499275612, 9.278437137288453;
  -8.237215087039107, 0.9653773153400074, 13.2576004834793;
  -8.312764849986808, 0.8359838964685896, 13.37361328212478;
  -8.166811390284943, 1.027463030855572, 13.21997249165688;
  -7.95194027909093, 0.8631169130042646, 12.96813320476409;
  -3.860406504323893, 1.35109696458724, 6.858434683729141;
  -8.451231259369374, 1.091051315024027, 13.86296441657903;
  -3.752637569744889, 1.382827777211056, 6.756986952953538;
  -3.788516423089364, 1.370878379500647, 6.82222887083964;
  -5.944162833693953, 1.26586896671164, 10.29477393167218;
  -6.137067882123293, 1.251785984072337, 10.62422950601243;
  -3.696425873301148, 1.406644495164579, 6.827513953240489;
  -5.666463753070395, 1.246105657920567, 10.03497036148692;
  -4.466629631295716, 1.276646245092419, 8.367327429054166;
  -5.417505197710447, 1.266178207188376, 10.10446078485122;
  -4.743369364841781, 1.329435450385231, 8.984306234099499;
  -5.38086418730065, 1.252094213819663, 10.1669820368384;
  -4.351270553598365, 1.294727386076932, 8.450241105949743;
  -4.045191307873679, 1.30973839095202, 7.930954612703543;
  -9.131384244349311, 1.111810363468552, 16.78762262788542;
  -3.872652614072566, 1.343243953660839, 7.698579987696942;
  -16.88214431765308, -0.7174120794216276, 30.51652160050217;
  -18.06917693318812, -1.058767778182256, 32.61084139863043;
  -5.368404721925718, 1.229139100949459, 10.42223721356112;
  -5.235086065867368, 1.259331479697894, 10.21973487784036;
  -3.995610521447343, 1.283209983814324, 8.032773397379136;
  -12.70603491335176, 0.8864103325428639, 23.59806483031652;
  -20.29837936764809, -1.934945607118894, 37.11551770770919;
  -6.896323422447016, 1.177235392724744, 13.30201155587148;
  -4.054113427524821, 1.299341442183844, 8.223282063137427;
  -18.55049972376289, -1.409130245694461, 34.17041477254146;
  -7.461097364647264, 1.086572980115165, 14.34942625946586;
  -17.80018202510972, 0.4293207037998962, 32.96048196735898;
  -5.29851562674623, 1.291190795103846, 10.49777347130859;
  -17.71270047052418, -0.8758893919967733, 32.84938077016774;
  -7.068224153415541, 1.218725682040167, 13.70249937838729;
  -5.190044297035501, 1.240478362592548, 10.34685107454121;
  -20.50905050017604, -1.427282766322939, 38.12041842798215;
  -8.782604582446645, 1.079378364565697, 16.88862592317851;
  -19.23254871638794, -5.464329867343204, 35.8951664721644;
  -3.285520759312495, 1.464460998897578, 6.954315025519379;
  -17.87463985587878, -2.970269717674121, 33.59644219382993;
  -5.466286884949609, 1.296511376864577, 10.99260464355231;
  -20.2320706177732, -0.8859719534157812, 38.33498527440338;
  -3.566016698972644, 1.44163877309335, 7.567559446097745;
  -9.266087058914895, 1.124660635658519, 18.18665849418466;
  -3.630688919823196, 1.400886794038631, 7.733861115304583;
  -8.192686691275259, 1.115880318797635, 16.2633067929465;
  -20.07241873659756, -0.9992565264435647, 38.60922753199675;
  -3.203463197083563, 1.462664643138973, 6.98691692421398;
  -6.940494833082496, 1.217637309645494, 14.02278933041965;
  -5.533165416428776, 1.263350421982548, 11.44887850314547;
  -3.21492015734233, 1.462781120849186, 7.097418069614048;
  -3.753714956088487, 1.336341632479368, 8.133956778202958;
  -6.562177520088647, 1.219471450900586, 13.49412854126741;
  -6.590643540035772, 1.160667996259963, 13.5562445097299;
  -3.58351536907025, 1.393299502481232, 7.835110933500189;
  -20.50428489829882, 0.2011582037453503, 40.309801344208;
  -19.14502796496718, -0.456292030044088, 37.78873757193646;
  -19.39269125398596, -0.01073253631515364, 38.65596026385959;
  -20.34777844612235, -0.2918914398031214, 40.54057642500827;
  -21.03074367582635, 0.4183546500355762, 42.02865195712967;
  -5.725539219360385, 1.252129181495381, 12.1632156055363;
  -5.267151322205558, 1.275483280407972, 11.29945743443342;
  -3.494827884589713, 1.414199152693347, 7.826230590049731;
  -19.50280756406158, 0.1728448979696809, 39.23413123025711;
  -22.84413255185488, -0.5399331079345248, 45.85406055053834;
  -4.010742656125635, 1.281334004758417, 8.857999859833809;
  -5.155082171737783, 1.288988653667844, 11.174990124411;
  -20.33676958798028, 0.8747202679848692, 41.23983093278081;
  -4.181658380476908, -1.566801321560237, 9.267593817793884;
  -6.322056319236974, 1.215224978467968, 13.63151192264536;
  -4.055350838764666, 1.273736225682911, 9.122806650407226;
  -24.99663966358414, -0.5921084952953442, 51.41271759051834;
  -3.628809382457883, 1.367108806647797, 8.310607058519535;
  -4.082846193748598, -1.830155366116056, 9.224570292540498;
  -20.47555575420812, -2.81228778145359, 42.42669878960538;
  -24.96900769592767, -0.8181594612362085, 51.56692835346193;
  -3.230808152535623, 1.453367779147252, 7.532670456931762;
  -5.557333925393583, 1.260959363029779, 12.26387641813601;
  -3.143374247085965, 1.482491606217988, 7.379148058545417;
  -25.28768681034652, -0.1586562567030478, 52.60064645112474;
  -3.92311801477017, 1.277513072097171, 8.976773822760755;
  -5.054939756794756, 1.278128243912208, 11.31211700960546;
  -6.552227606396652, 1.1974801632914, 14.39357947812956;
  -25.46653808714546, 0.1917533016563983, 53.18215163492259;
  -25.18279171044873, -0.3208813831388862, 52.69955745703963;
  -3.291447873053349, 1.46526253618808, 7.769345803850347;
  -3.307575818346694, 1.423764336918881, 7.855709050616486;
  -3.77431819806702, 1.400888831922241, 8.890463618877874;
  -4.50364094881393, 1.282198692455016, 10.4158066822446;
  -6.034129317742702, 1.236326371936911, 13.6375733412041;
  -3.892612803043331, 1.290859980358085, 9.194566837967399;
  -4.454388147029142, 1.28877498499394, 10.4325633470011;
  -3.036118057968269, 1.499675346379899, 7.469363649992517;
  -19.78926052065859, 0.528390982749741, 43.36978717041799;
  -18.28869720232111, -1.745136769394063, 40.16006748578128;
  -4.382545506526703, 1.285783474499886, 10.37041372210981;
  -4.336506298588325, 1.245063371205422, 10.32907224799222;
  -5.813360045341077, 1.219851589617854, 13.66609565783043;
  -3.63477983374714, 1.333669344731887, 8.965838596147016;
  -4.244348753418647, 1.308942003939427, 10.34143110943736;
  -18.2290311485339, 0.6054335864799486, 41.35003357593677;
  -5.050651770087729, 1.245439162500206, 12.18489338169124;
  -6.917202612213071, 1.25555494095789, 16.36150745477179;
  -3.86853661412444, 1.35277190076734, 9.670443070493121;
  -7.236219371843125, 1.087097417442467, 17.39617156027134;
  -2.725536687248316, 1.543303585873138, 7.153136343745967;
  -3.5889499552556, 1.336027501331025, 9.158698056024713;
