m=[-7.473454298497458, 1.978345140353395, 10.09348594792134;
  -4.106180468630113, -0.1126837964290234, 6.113839212080525;
  -3.267832016716192, 0.6158179025786451, 6.227675899319916;
  -6.286978525571999, 0.4478525716626868, 11.17841116045466;
  -4.547749507362264, 0.5620635993789503, 8.437132261364623;
  -8.802029887164206, 0.2225338524822885, 15.79341699098194;
  -4.012717221691266, 0.5668516304260847, 7.875870148374863;
  -9.98115646671668, -1.384329297238232, 18.07791804005343;
  -9.766339507109612, 0.1155693792250771, 18.7095857977179;
  -12.74909518208781, 0.1055548871635854, 25.33725390448328;
  -12.1197875007396, -0.2764267326976193, 24.41666403538261;
  -12.49752046548032, 0.04926577103981751, 25.26541891334628;
  -12.36145354921151, -0.3907697190725035, 25.00816000630223;
  -12.44400827652149, -0.06368981292258943, 25.36423433358533;
  -12.50746562444537, 0.1146175847185677, 25.60078452862462;
  -12.07789640644353, -0.4912983355210129, 24.77291250553028;
  -12.44513718876366, -0.1438799389707447, 25.52126479449521;
  -12.49049569114671, -0.381586850441857, 25.80150998960889;
  -12.44139902495838, -0.1519946948153597, 25.73714480115548;
  -3.575439813538812, 0.5475310168519449, 8.105886258393625;
  -12.18344352874584, 0.148650588674987, 25.64325421550197;
  -12.56460762283049, -0.335076494948946, 26.79260015472599;
  -14.79673687595891, -0.7619307428642042, 33.81768983185678;
  -3.011016853032136, 0.6279225658661535, 7.78101938796848;
  -3.486237697741365, 0.5551130256847958, 9.103345884650047;
  -2.671160499016009, -1.422728875550972, 8.040949209143895;
  -10.98938721456754, -0.06295458550487065, 30.42334493241584;
  -2.721810312400075, -0.7456517456836087, 8.270770448217501;
  -3.095622986988394, 0.5646984793265072, 9.454618330472499;
  -4.031592226046389, 0.4689533945994958, 12.12519174023281;
  -2.429207642857959, -0.6466569879860973, 7.776733822036739;
  -2.453623639317049, 0.6152224455688474, 7.874376220807152;
  -2.54271145335794, -1.022561125004515, 8.089812798238288;
  -2.306353683158393, -1.260645285165366, 7.610674397330589;
  -2.14422423647674, -1.179803830009411, 7.340556464982117;
  -2.834663698639005, 0.622815411419435, 9.537237124698233;
  -2.144808276211448, -1.269670485559499, 7.505790030805455;
  -2.070413600210138, -1.180235747123218, 7.494685324041752;
  -2.096897386306832, -1.012386973472934, 7.620358615597055;
  -5.492668433319942, 0.3563536105519764, 18.56821711862006;
  -1.98174364291171, -1.030074365637242, 7.321509282948707;
  -2.157187218882914, -0.6786342319654819, 8.015696387105367;
  -1.971382685106235, -0.9442839589196447, 7.400201046531691;
  -4.935173379508315, 0.3346812387715483, 17.23703893120006;
  -1.932996557047199, -1.013899162683032, 7.379479457151968;
  -2.166182160195368, -0.764108589260217, 8.169569402024116;
  -1.966825837616222, -0.9684755969760466, 7.546381474717667;
  -2.226156797718789, -0.9411425094105185, 8.416620251436514;
  -2.204218179565532, -0.8336920323154665, 8.430285602150512;
  -2.922425878302526, -0.4330248506772107, 11.03042647997422;
  -2.05361474896174, -0.4326048883909789, 8.139729797590649;
  -2.140367854757201, -0.4109844115837587, 8.478432325521629;
  -1.854785330133404, -0.7740315691783148, 7.648175458066537;
  -2.109034277280847, -0.8010720927548553, 8.606507824634354;
  -1.871209849457195, -0.7630477740569251, 7.749072348568542;
  -1.834880240020264, -0.8611283667402161, 7.620790575739929;
  -2.038351761119766, -1.310514279553262, 8.370603396353433;
  -1.988168192191324, -0.3355854395751038, 8.203485054413092;
  -1.872017466661154, -1.318313994395851, 7.818973589040073;
  -1.906330600918094, -0.400199337033658, 7.961939890982147;
  -1.995804650983552, -0.5543915519885898, 8.305282186694189;
  -1.835310049183357, -0.9643071111258137, 7.70643097686717;
  -1.810899456167345, -0.799674406697897, 7.657311899591098;
  -1.899322012034449, -0.3331558038984296, 8.014136563791324;
  -1.943354322631427, -1.301917799816593, 8.182436393237747;
  -1.843573241385943, -1.032841704400436, 7.810045266314893;
  -1.789748646189845, -0.8700884770427687, 7.650577581286446;
  -2.030161564280012, -0.7802206595667586, 8.576008394124074;
  -1.901568253023892, -1.038567691151955, 8.082559697712858;
  -1.88260124612191, -0.232670572299775, 8.085336583360638;
  3.436248724666317, -3.077078503995263, -12.23341926361876;
  -1.800859137401597, -0.2526574746260404, 7.891124770977568;
  -1.940581334242221, -1.24050990729616, 8.427574016831791;
  -1.818921387682686, -0.9780242234230623, 8.009037497138301;
  -1.891345598659144, -0.3625487749637822, 8.356581283224445;
  -1.878802636354523, -0.9626044675233355, 8.293009860818474;
  -1.844669119352249, -0.8187109263611948, 8.267181030238907;
  -1.859404384699291, -0.5516530329845303, 8.335254152962891;
  -3.769028742049013, 0.3446775370868692, 16.02560206863947;
  -1.821032933449756, -1.233113627008982, 8.223254986641869;
  -1.78857910566847, -0.3837119804196482, 8.160600207897881;
  -1.78742390823769, -1.160533741831537, 8.159748607820607;
  -1.820168032216782, -1.036091490111417, 8.30500665632038;
  -1.698501174516666, -0.6994617432403288, 7.829431974370796;
  -1.853115402644815, -1.254975607036969, 8.529629798416098;
  -1.82101444982049, -0.6658376047258819, 8.433324812433517;
  -1.665940431520962, -0.3192207170957164, 7.809129629316398;
  -1.733840627333987, -0.9380290731582882, 8.117967529930851;
  -1.700538445927445, -1.030878067898583, 8.03555270122876;
  -1.661783257316357, -0.6543778261012752, 7.885836212420435;
  -3.369305086809489, 0.7740611459972452, 15.01238081977966;
  -1.768720582286542, -1.154282613916733, 8.379662140783598;
  -1.653591362723488, -0.9232724063530137, 7.969235417746201;
  -1.738980450557688, -1.02543031666911, 8.356607137570155;
  -1.667459385002442, -0.8256559967031313, 8.043381856299007;
  -1.632310817184306, -0.6915600165308631, 7.995498177373812;
  -1.630805854690328, -0.8990928195645519, 7.97907874728201;
  -1.670127767394143, -1.00203077858736, 8.175254948094178;
  -1.551826422253479, -0.8052731308161121, 7.695306617912929;
  -1.622306820612084, -1.195749648836367, 7.970081619784189;
  -1.610342049665319, -0.8789828282336137, 8.049398164605343;
  -1.663319592385112, -0.7650365370864002, 8.303234447307602;
  -1.4967798205708, 0.6701605946127356, 7.894104087997003;
  -1.343490424318006, 0.680561059549977, 7.523966087176186;
  -0.9963663863050374, 0.8461906066061362, 5.833006308993874;
  -2.224221715871127, 0.5315103388364232, 11.98710901652641;
  -0.980725282624953, 0.8252003574804043, 5.836300496563424;
  -4.122352926323936, -0.2743195080018759, 22.12393296263723;
  -2.121293652374398, -0.8970994804252752, 12.0849908349026;
  -1.453543944324741, 0.6252520999834984, 8.611607624330592;
  -1.85930636461705, 0.5546040108676926, 10.96800710461839;
  -0.9945675138587753, 0.8234911897905565, 6.346046427211807;
  -2.087015051412012, -0.8230710130810246, 12.45802598087182;
  -1.013990094979418, 0.8134269175613955, 6.666846417447053;
  -1.450609273788664, 0.5090834053552688, 9.179265700654089;
  -0.8185587277232457, 0.8471790827692132, 5.65789122702413;
  -1.015995551612825, 0.780524430408385, 6.803331697844443;
  -2.127754490369057, -0.889757483173204, 13.1644825551231;
  -1.003655263090219, 0.8109971575127685, 6.772250819744318;
  -1.37087672890563, 0.6183271391002877, 8.924045894427941;
  -1.25965859904568, 0.2000632314963822, 8.589856491115953;
  -1.245165586422691, 0.6362076279959679, 8.619063313016151;
  -1.272103264728327, 0.2694429295315756, 9.317244811966127;
  -1.222987514010787, 0.6445081892502109, 9.018405111445009;
  -0.907046957315674, 0.805863549076937, 7.082791669759046;
  -1.009305969770021, 0.7408351863966329, 7.78071682685259;
  -0.7725552260516253, 0.8235788593102504, 6.604748323152808;
  -1.000119676692215, 0.6800601059206992, 8.470665513627706;
  -0.8994261114132071, 0.7698938867462051, 7.833182379677927;
  -0.7912077808105464, 0.7896972588107359, 7.033220338595127;
