m=[-13.77242921164003, -0.2852769093610353, 17.94386214192619;
  -9.053439378612751, -0.6877159885683497, 16.67662776162158;
  -8.478662282624176, 0.2044959570257771, 15.69988412924886;
  -8.508028366513994, -1.564146747595048, 15.90374846515414;
  -8.329119881593519, -1.49600314028713, 15.63861027680249;
  -2.911799733112267, 0.6367870827208535, 6.185766370131348;
  -9.783465468217983, 0.09598112539660784, 19.23351881998603;
  -9.407286160874932, -0.005206293393026634, 18.75179031434298;
  -12.00869526277954, -0.0282191889033155, 24.46868771674664;
  -11.84092417150782, -0.2804821723422195, 24.35423715481863;
  -11.87095669819403, -0.3889756315040435, 24.51634366081192;
  -11.82677291403757, -0.0742017857738758, 24.60074364945458;
  -11.98173335448706, 0.09021787423274445, 25.02163261951895;
  -12.21767628439608, -0.5307394430000556, 25.5077999670738;
  -11.86811659453815, -0.1512246025737038, 24.83618574032848;
  -11.88756333359901, -0.3793072293906592, 25.05495996265829;
  -11.79652620538059, -0.1533771594924328, 24.89961365714675;
  -11.83153493550413, -0.009907820212551205, 25.34159307383002;
  -11.34125765186061, 0.1256299326798906, 24.36888919610585;
  -3.315087486393155, 0.6960395926952649, 7.834149227937245;
  -11.44956324696652, -0.3126960882478251, 24.92839340323226;
  -3.657803065837879, 0.5495118461800691, 8.793510312111321;
  -3.498097069782702, 0.5902038584658519, 8.68616155492219;
  -10.96971001752401, -0.3653962612701131, 25.61589656135197;
  -11.56940320838233, -0.6037074947482186, 27.01623410803138;
  -10.79784198873211, 0.06081856061158079, 25.41327816228714;
  -10.92305118297817, -0.1491690500077663, 26.3407274510677;
  -3.027102512689316, 0.6178078243860717, 8.314812987462256;
  -2.869100076963322, 0.6220138878849159, 8.012172585069228;
  -3.472702474295804, 0.5403084057747196, 9.554970423579473;
  -3.464239402376423, 0.5413365131893739, 9.758848296245947;
  -2.640267366674294, -0.6628061036491344, 7.66120862742128;
  -2.605435603066249, -0.6751284539935371, 7.670982473972351;
  -2.803172734902984, -1.45359515769163, 8.189888960257944;
  -10.4302598035266, -0.08370230380275216, 29.37496187374622;
  -2.660247771996213, -1.422697602194298, 8.490245855141266;
  -2.691261578286817, -1.166674261157348, 8.629996314140387;
  -2.774805274676444, -0.7740897094999112, 8.913313462049578;
  -3.927514804564034, 0.4447202919686489, 12.30800000791888;
  -2.597262575577124, -1.069902922671048, 8.533119191364412;
  -2.35109550849482, -0.5126653485132722, 7.88012013754582;
  -2.299472523650652, -0.5384268573561578, 7.758769573707629;
  -2.446546106538755, -0.4817749501769622, 8.208263505443501;
  -2.456437433315648, 0.6032805964988848, 8.379858825016742;
  -5.895892764577204, -0.430709018013189, 19.006587919394;
  -2.294140138392127, -0.4033741923514604, 8.08619414450197;
  -2.357853360938022, -0.7541287119531368, 8.385072181422606;
  -2.266645629314364, -0.4186583447181803, 8.15861032448654;
  -2.146929102261507, -1.189119030558916, 7.826772706819906;
  -2.314771717748227, -0.6225284687850416, 8.397071644031431;
  -2.144986570944025, -0.3423946159489509, 7.928839890155539;
  -2.137222829064049, -1.224981832904868, 7.927319208211976;
  -2.143497291913682, -1.276816217153092, 7.973220213979461;
  -5.278367523851132, 0.324755216697216, 18.33631292852127;
  -2.075086750045797, -1.157996008436368, 7.870471848201904;
  -2.236773681997551, -0.8570280396590602, 8.48765364305793;
  -2.254473616406013, -0.6496698601374009, 8.557788615409153;
  -1.984302413601436, -1.050925402294675, 7.684239342329593;
  -2.09306339993985, -1.202350376329364, 8.047359978643149;
  -2.124109781710856, -1.035522822763637, 8.196829212055819;
  -1.753805351153748, 0.6901357942845758, 6.972925269611605;
  -2.167179619007004, -0.6701680394575581, 8.361325353823952;
  -4.38337466741848, 0.3570618026441227, 15.97494384313067;
  -2.257656716355029, -0.8080443086221367, 8.744570274844042;
  -2.217323542362758, -0.6380816342844221, 8.670959757186036;
  -1.964617072001709, -1.121848346729376, 7.943680973420245;
  -2.104794842841305, -0.6508509077455749, 8.536770980002833;
  -4.251064461982798, 0.1476757767979894, 16.4218411375131;
  -2.094204393032674, -0.6908234780847217, 8.743797250650898;
  -2.022129476140262, -0.5388915938896941, 8.477821872554808;
  -1.851441050132289, -1.014436165676039, 7.895423447915223;
  -2.004996812285616, -0.5076555424486118, 8.505967004959773;
  -2.059384847024208, -0.6896874057916185, 8.770706438239056;
  -2.014348423263991, -0.7764023101130138, 8.696873309480564;
  -2.014415671360449, -0.6495783512569954, 8.71671284703182;
  -1.889429026355033, -0.9048210938240118, 8.313557314795199;
  -1.98716292688556, -0.6995610332551311, 8.74139879704817;
  -1.989736730446505, -0.5664556329532776, 8.756349363416744;
  -1.841746889808902, -1.31078287101805, 8.176190991568374;
  -2.08348744927968, -0.3360419803693053, 9.156302548694516;
  -1.791778327127428, -0.9501011940054696, 8.009458846509764;
  -1.915915775087367, -1.299227405387907, 8.54946088866061;
  -1.775111130511107, -0.9268623133577021, 8.011396260710562;
  -1.758925145906208, -0.8685319233286073, 8.002381757045564;
  -1.82666677704, -0.4142998778032028, 8.354607882788029;
  -1.882303800964459, -1.146525609753796, 8.599153214531501;
  -1.931020877353138, -1.248734864631592, 8.857413264306661;
  -1.872190270455253, -0.6105387812069454, 8.653951517582046;
  -1.823091764539207, -0.2661359375989216, 8.471719630800049;
  -1.844856230036363, -0.4825624408085008, 8.607493478562022;
  -1.946851422253164, -0.7578035925320098, 9.043315986871216;
  -1.936426035414233, -0.3885492591855263, 9.020372152843761;
  -1.79803065273828, -0.9322104050347112, 8.438678200996971;
  -1.833534860884174, -1.12774412066732, 8.644311846799919;
  -1.80811172932512, -1.079276208873029, 8.534502026817448;
  -1.802565420534322, -0.8493393250250096, 8.53148226518292;
  -1.919458569905822, -1.306246142657208, 8.997835890301545;
  -1.757647699741022, 0.608726519300637, 8.389462649831383;
  -1.814290656446629, -0.8134787736481435, 8.608531203134676;
  -1.849856430189864, -0.5648616824774874, 8.778951154554353;
  -1.853077273590821, -1.231225305056163, 8.786461665473896;
  -1.52562436476063, 0.6951077710535991, 7.534539006842181;
  -1.883859744337457, -1.093514187583964, 9.07495957492938;
  -1.781242964892742, -0.484391965999591, 8.654213104410887;
  -1.752118440871624, -1.20026667167962, 8.5720060437058;
  -1.670816688347661, -0.3341998138927751, 8.309620195570133;
  -1.730814881907889, -0.7859605196550137, 8.628929580979929;
  -1.611120772748089, -0.6453780508274971, 8.119418346786462;
  -1.727394297471498, -0.828197927169423, 8.643842387296065;
  -1.694032237903399, -1.200945961643293, 8.538677303942341;
  -1.644473070358515, -0.8897871483336897, 8.354604859873568;
  -1.702302825549774, -1.015088638615918, 8.662942103607833;
  -1.62810217042787, -0.9163455044658631, 8.440299008741709;
  -1.589993495441876, -0.68593856410694, 8.266889168487161;
  -1.653822361069794, -1.006128515585163, 8.57302271144356;
  -1.436227293540994, 0.7101053662887832, 7.60548492810194;
  -1.638009945925619, 0.6085314860532608, 8.555864699764378;
  -1.646570453602437, -1.227547873827668, 8.573508713266897;
  -1.669706614038459, -1.068033705600727, 8.767378275943914;
  -1.564787306193911, -0.8684997614749294, 8.301389508157229;
  -1.603777131766705, -1.127255123507891, 8.443416997571459;
  -1.578905903957045, -0.7424207253159934, 8.373041241530949;
  -1.666520788017858, -0.8825422357149917, 8.804293785453547;
  -1.236007392627115, 0.7697032500427534, 7.039428891059614;
  -2.087835639633756, 0.4840658723130376, 11.76017499329045;
  -1.704830605381562, 0.5348673571088182, 9.896611235323718;
  -1.610224678013002, 0.5654664274063301, 9.616632748332826;
  -0.9856093381829706, 0.8175296041373616, 6.363377139015327;
  -1.251725177763208, 0.727650534603653, 7.805109545573852;
  -2.217053707780541, -0.9685214089484986, 13.10032163224708;
