m=[-6.968629714849369, 0.808529152188193, 10.80725327552776;
  -7.208719122231321, -1.01065796752905, 11.24931703449764;
  -6.947478996642952, 0.846827383320483, 10.89047888559542;
  -7.267023429235121, -0.941719537265033, 11.36401014305698;
  -80.84937232044696, -3.401915016256762, 114.66955254141;
  -7.1843146887797, -0.7040998784137652, 11.34579781673384;
  -7.247054269116284, -0.9938799259844146, 11.45228180066041;
  -6.828826433603306, 0.8075125933912938, 10.89690428203301;
  -6.903151473441128, 0.3531344848524978, 11.03466459428651;
  -6.849005721099088, 0.854977072969908, 10.95861106169726;
  -7.144448497347138, -0.7718385147511894, 11.41130519754492;
  -6.767151493014234, 0.8318672349284405, 10.93537785113775;
  -6.764645371345628, 0.4552293243382732, 11.08536226828512;
  -6.852909050808784, 0.3660364160750566, 11.24503836884677;
  -5.343077301618921, 1.52854701707563, 9.082979809055912;
  -5.362606387351797, 1.609760171355563, 9.158871897987416;
  -6.831470398154076, 0.04622952879863428, 11.35449441010669;
  -5.384051745190961, 1.493487583422968, 9.203562551771647;
  4.481713534472, 1.402912934960824, -5.563332341009681;
  -6.66930925345893, 0.1741285590119339, 11.26261409216751;
  -5.196138682671687, 1.658847825018302, 9.055634886541991;
  -5.135946861037513, 1.485859556516836, 9.059642557280382;
  -6.917675729984552, -2.054002660569846, 11.81006678924334;
  -6.853446094833561, -2.059537063398491, 11.72830581914039;
  -5.081363063408518, 1.448650071585866, 9.032636607060537;
  4.619869688079406, 0.9139316599526962, -5.950483461910515;
  -6.785584889524834, -1.896390950749401, 11.71498932834914;
  -6.792982581802096, -1.746879793313981, 11.72845609007048;
  -6.800067440299799, -1.822862306282659, 11.74467036449541;
  -6.363781321967783, 0.4001049141317895, 11.08276436090259;
  -5.051978181816407, 1.588278346685344, 9.094138524503237;
  -6.609197135577177, -2.059186564063308, 11.58611709658344;
  -5.08888827800851, 1.375284533310273, 9.246488431996935;
  -4.988722001805455, 1.80233042626998, 9.101359476448753;
  -4.951164555111205, 1.650753232128065, 9.086499394956286;
  -6.580250483546689, -0.3572321480560844, 11.70317033823181;
  -6.630791711282862, -0.5488986688011018, 11.79031176209855;
  -4.918745087500995, 1.610133960773388, 9.071738404959621;
  -6.118854770348928, 0.4761495446482316, 11.00731213581914;
  -4.924055083744855, 1.735295460805465, 9.135685686292382;
  -5.10066781904712, 1.526083786037452, 9.568155434319596;
  -4.92779556278928, 1.651804678326229, 9.298850855855148;
  -4.643484551870195, 1.797906797864624, 8.869649839023362;
  -4.862365422371058, 1.671433253026355, 9.240948390871326;
  -4.608511192564874, 1.833382917057358, 8.851904727748488;
  -4.848476876635891, 1.616398085276507, 9.341186812430932;
  -4.837728189857447, 1.652583818434768, 9.338938631165185;
  -4.638352762366206, 1.824019311130255, 9.041973252409587;
  -4.717160828153288, 1.788219289609698, 9.195847730922457;
  -4.823556834954657, 1.799753066888855, 9.449840828814276;
  -4.818071690895741, 1.567038593012964, 9.470247918194517;
  -4.860194548518387, 1.781440631011675, 9.606853504455161;
  -4.798394202921744, 1.631002638579974, 9.517970448218417;
  -4.892157359743936, -0.1258689697970396, 9.706593481673744;
  -4.722105611569477, 1.782770406668264, 9.499538519399408;
  -4.811746194867555, 1.674342346337617, 9.714148250946353;
  -4.376112449508684, 1.879433997532458, 8.972670462574394;
  -4.626631071129314, 1.778559146355122, 9.492830489911261;
  -4.461826958202024, 1.798322626795258, 9.244322432006968;
  -4.68536749169799, 0.50131379781513, 10.09475175151966;
  -4.600798554246548, 0.8712105677978626, 10.04287322572328;
  -4.536873649096262, 0.4253272089456661, 9.99850205040296;
  -4.479847204016551, 0.85339019025055, 9.931531379537947;
  -4.440077678818909, 0.8393920720884643, 9.976549046539983;
  -4.373294217714452, 0.5164690940202212, 9.949103580249515;
  -4.37949197977336, 0.7275255352285992, 9.969199713099357;
  -4.507474349085862, 0.4957379969279303, 10.27107875034452;
  -4.417442334454407, 0.3554863539712949, 10.10784799488386;
  -4.324310161821201, 0.6393230520386634, 10.00315681929948;
  -4.384869188890779, 0.94668787293723, 10.13753677845767;
  -4.331090732334071, 0.5000311493653036, 10.09287052461851;
  -4.380535710101809, 1.503954626005097, 10.23228902729058;
  -4.315187686823001, 0.5922685282441065, 10.16222576981337;
  -4.089024703840813, 0.9934877877035853, 9.767021177768779;
  -4.257587794085686, 0.448943258369362, 10.15484351563095;
  -4.240253490869061, 0.5876187676587125, 10.1295303816982;
  -4.249107542249207, 0.4064497620411922, 10.27412367008113;
  -4.225641566718624, 0.580063608183544, 10.22849467521182;
  -4.223671173735932, 0.9091767992266466, 10.25515452966553;
  -4.197955548200954, 0.8157924467018665, 10.20447189215112;
  -4.23235563425761, 0.3598880409645686, 10.28524245483544;
  -4.15585661268597, 1.829084617372108, 10.15599855086435;
  -4.199100719929963, 0.1595190629557476, 10.34987264915813;
  -4.102847361224821, 0.5212800448514404, 10.14522449231894;
  -4.122929995596308, 1.036446009199742, 10.227947207969;
  -4.091498968303833, 0.9831357768609792, 10.18591339258355;
  -4.057406914922601, 0.5127372565976158, 10.14068953189007;
  -6.057225707589556, -0.8831418851637198, 14.63988708711097;
  -5.993244310335842, -0.7740697393248863, 14.61187337755634;
  -5.962371491591703, -0.932291715444391, 14.64032849450602;
  -4.125547360600383, 0.4228161324036822, 10.541164083174;
  -6.100609709237578, -1.286062353979946, 14.97917115695393;
  -4.178087976186117, 0.2589905010437186, 10.66779281063569;
  -3.975507741338474, 0.5857477924691165, 10.21447282994025;
  -5.916766445625116, -0.7146990442110794, 14.60569125236104;
  -4.035400290805717, 1.068110632533643, 10.37737925657346;
  -3.939920980631575, 0.8041071852737616, 10.18454267369718;
  -4.0878457745542, 0.3588004650712935, 10.56365344020843;
  -4.05381016485511, 0.273150957674006, 10.55116439078951;
  -4.124825476117456, 1.832156420402635, 10.73765060324109;
  -6.026890829486118, -1.403639370948432, 15.24575938159662;
  -3.984093216201295, 0.9047571052273011, 10.52888131457824;
  -5.886973552305578, -1.640177093306664, 15.03104973660485;
  -6.02184038602701, -1.441415908320886, 15.38170223052575;
  -3.965492124695392, 1.722292473135886, 10.68190210933035;
  -3.947824733308536, 1.100921897353521, 10.66436423334338;
  -3.791949464899996, 0.008334304981945609, 10.36583263690197;
  -3.858382084618277, 0.4847109049555911, 10.53106869436856;
  -5.895535047218413, -1.857019831437987, 15.42156720137448;
  -3.892515905959093, 0.7988504813014677, 10.67311933298992;
  -5.808651163777663, -1.423101024985113, 15.32027868113369;
  -5.828204079898102, -1.745375559563687, 15.3957885813968;
  -3.824928433248898, 1.09814668794816, 10.56592294225321;
  -3.820367180071239, 1.219102977345832, 10.56862833711511;
  -5.97173457040387, -1.970719208371318, 15.8277018640501;
  -3.715618567192013, 1.002047779165722, 10.34933621588475;
  -5.812315194300326, -2.231337859851838, 15.47421595109556;
  -5.789570829947597, -2.152253979992337, 15.43459165301537;
  -3.80811969651067, 0.740583568689153, 10.5976693343405;
  -5.791418824436243, -1.594323251538717, 15.45984972581621;
  -3.909645908463521, 1.761800324661903, 10.88365534691551;
  -3.804615618384891, 0.9939310357321592, 10.64518126348581;
  -5.746295285510395, -1.699890119951219, 15.42583733234139;
  -5.790925393011328, -2.135491632531115, 15.57922393868109;
  -3.856808227260839, 0.2436912851762178, 10.85216538392967;
  -3.868682162917297, 0.2949759972212017, 10.92286090720933;
  -5.640495873567907, -2.064862811276495, 15.35421168335446;
  -5.726821820224012, -2.183616714661766, 15.61044122413123;
  -5.908187409142414, -1.879864689269414, 16.11485068081683;
  -3.808885181174592, 0.3378490557326552, 10.88361145477573;
  -5.679232885259535, -2.039620641293205, 15.61198311943607;
  -3.787721139097764, 0.5892345390432343, 10.90555284953813;
