m=[-5.805155140204146, -1.183577292540736, 7.891468628429423;
  -5.704487986941738, -1.095287127139585, 7.814029023770222;
  -5.987917741624766, -1.551567865270891, 8.155649118087865;
  -5.726930707368774, -1.13443813080123, 7.84523968253413;
  -13.55144092931018, 1.270165341036676, 17.27656425988086;
  -13.08920231070546, 1.286923995131659, 17.21231459651923;
  -12.90378368313687, 1.27660333516954, 17.29215976914231;
  -6.073949709767878, -1.457882051428915, 8.706864328832156;
  -30.34483422740189, -1.118747402567476, 40.42802703076247;
  -5.71410863815665, -1.605288289345352, 8.432208338656601;
  -28.13248561889766, -0.7745101224785693, 37.83682681846665;
  -30.06216288558316, -0.5600920450212926, 40.50968157216999;
  -29.77482145680462, -0.301432110240763, 40.49201599943788;
  -29.50370429119, -0.9246071585248984, 40.25569701310206;
  -32.65579873983909, -0.6996387864733112, 45.016520969048;
  -4.397771610775245, 1.432860248712736, 6.902842198389416;
  -29.69616052434872, -0.4444057949181178, 41.17986419561682;
  -4.894894547568513, 1.383617983745362, 7.601167666467644;
  -30.54624764037052, -0.8923332997428074, 42.47801782117622;
  -5.915048730518121, 1.339348146470063, 9.024276930720992;
  -28.46566817922961, -1.117084862743654, 39.82001398306885;
  -5.564805662578847, -0.9216619460894771, 8.81547352533933;
  -4.848472541614494, -1.637820334145796, 7.805912047578397;
  -5.52479123189758, -1.018946657777193, 8.796645098942607;
  -5.501941239356654, -0.9195944458519221, 8.83443253915932;
  -5.509115276135641, -0.9694784491651481, 8.851709994882542;
  -5.475088789598189, -0.9571795554113319, 8.864463427531657;
  -5.477219340900844, -1.118898344108582, 8.922069310520566;
  -5.566546562632271, 1.34594886612192, 9.068927740622955;
  -5.293872911634248, 1.392780643720579, 8.700464794325052;
  -5.468526589770823, -1.015650312883863, 8.983112740210682;
  -4.955829402285201, -1.682701853574159, 8.377464843729097;
  -5.697915145498184, 1.334646575624701, 9.537416201266773;
  -5.014826299352427, -1.697142041926613, 8.603632574136976;
  -4.952451094777959, -1.732280862187833, 8.51269276538576;
  -5.002961216055509, -1.603294239191608, 8.686540707483784;
  -4.911632741112647, -1.612768865289586, 8.578353161694924;
  -4.92445321317848, -1.6636313763139, 8.630083279424719;
  -4.954523232364115, -1.174293964661717, 8.711748288839857;
  -4.958929754299454, -1.212185046815209, 8.723775515075474;
  -5.008365600997375, -1.24373927671848, 8.894133303618581;
  -4.990273324539131, -1.868267937302796, 8.882088396195165;
  -4.931928948999095, -1.184339439463414, 8.848694351574585;
  -5.459293667154694, 1.324163341723583, 9.794987450665323;
  -5.148847834549583, -1.461730627743922, 9.281313225789342;
  -5.346463189461313, 1.326652717218958, 9.682726161846109;
  -4.771664348408192, -1.69809367942158, 8.750531284736811;
  -4.710916358578855, 1.333311145323661, 8.67340119152944;
  -4.386309316748121, 1.353445234545634, 8.203025971649433;
  -4.648207303179231, -1.59925696454179, 8.682381517811095;
  -5.38533629670269, 1.305980912469668, 9.925603763158543;
  -5.313781889996924, 1.329777688445397, 9.829593761096865;
  -5.079557789908036, 1.339662357078329, 9.46119619929833;
  -5.077389963057282, 1.296289788329008, 9.478902506398578;
  -4.485530081652089, -1.770687948735341, 8.466033593662473;
  -8.22292221373344, 1.142289040673119, 14.8442157157094;
  -4.423332843791271, -1.781717879070561, 8.450208741310039;
  -8.208401868499792, 0.8269270608894721, 14.93447804329409;
  -8.2789283021964, 0.9732696968314575, 15.07992501335358;
  -8.252557372734254, 1.069292187606816, 15.10712368682224;
  -4.45817436031649, 1.348255488799082, 8.602167230125646;
  -8.337050683483771, 0.9050820467992408, 15.27429294920051;
  -8.255818658085907, 0.7369973943909494, 15.15018384235353;
  -4.431688247335814, -1.809017225293063, 8.568183680971991;
  -4.943350258172768, 1.340766086075606, 9.546803068843861;
  -4.296241539463891, -1.862017928373445, 8.74437979263479;
  -6.574042197240556, 1.322023396108414, 12.90269545718053;
  -4.431648077818593, 1.315943971391525, 9.023511497997305;
  -4.343131924903793, 1.308717774683776, 9.037967423381771;
  -5.727157801017548, 1.317901860905216, 11.76126162688045;
  -16.13054299776732, 0.5738055551185054, 31.53153812335349;
  -16.33084077839869, -0.2533745863405531, 31.96173433835558;
  -4.21969520778871, -1.821702236460762, 8.980454686645293;
  -4.091959836306951, -1.907447534673795, 8.798922667800015;
  -12.58243752175252, 0.9992093290184108, 25.16017102467729;
  -5.775872442360757, 1.291603016985216, 12.09376034895871;
  -5.27953326796447, 1.261615690778111, 11.15463086108483;
  -8.924545788890303, 1.15991107260378, 18.22044864020149;
  -5.901400738598662, 1.256704702499362, 12.43743419712299;
  -3.71906274568131, 1.429004239441283, 8.23328509299113;
  -3.776189427732366, 1.367183235601512, 8.369744042212583;
  -8.531145229361851, 1.201183108345024, 17.83453013815678;
  -4.106922236889404, -1.907353413639976, 9.060982133741634;
  -3.88197183479944, 1.356491570952747, 8.654548814091294;
  -5.430071622036973, 1.238097545511447, 11.7953910180222;
  -4.186302628272236, 1.288614579024627, 9.32727181476792;
  -17.63226846887854, 0.3736671589219825, 36.27774923345091;
  -19.48210671159514, -0.2395778658420579, 40.11993381191216;
  -3.756286619117766, 1.435301007191496, 8.538460494114387;
  -8.918840579839397, 1.17098618768937, 18.98992691187561;
  -5.306482167997406, 1.308116064834305, 11.68615058700863;
  -7.903332533060192, 1.179556663877043, 16.94478499314519;
  -19.99450774916931, 0.2280972038216233, 41.56770596749092;
  -19.90113044843211, -0.4022329154989224, 41.40155377507222;
  -20.39416207523998, 0.6520129668704037, 42.66023687332368;
  -3.737971929869091, 1.382145720983826, 8.607130013048199;
  -21.57094616184047, 0.3874423046879814, 45.22289459131073;
  -6.814477372406827, 1.274474459550265, 14.95754260591693;
  -5.384439678039841, 1.290688595999611, 12.02937179788443;
  -7.073910482743253, 1.166459585771593, 15.54622148242188;
  -4.240192177642302, 1.26003733577823, 9.761239586432019;
  -4.801116005809486, 1.26941460257449, 10.95524524321994;
  -22.74116805558328, -0.961074157417493, 48.42394470060837;
  -7.236687605913186, 1.184601448573172, 16.06714832033803;
  -3.532399756129715, 1.392664794505971, 8.378860051374373;
  -4.142771881066054, 1.271645924737086, 9.732655333328264;
  -3.762449234474772, 1.371429869985706, 8.976419790296671;
  -24.54688785172664, -0.01279816648581666, 53.37586365161931;
  -4.262037883075122, 1.279933736603441, 10.13736835613085;
  -3.469105418404282, 1.406802602998168, 8.44601615092046;
  -6.113668831621347, 1.276540894706707, 14.17858884046859;
  -3.768592181211409, 1.373977504689587, 9.105946336246133;
  -5.767269964832981, 1.315756998607759, 13.45910325610394;
  -6.54935658550988, 1.264470489458174, 15.30994617432521;
  -8.066134242778674, -2.532735642560736, 18.81334502750514;
  -5.624382379451733, 1.314654428270009, 13.4780671651268;
  -4.114812734497371, 1.277524737552105, 10.1489494435325;
  -3.73011148284847, 1.377946145808051, 9.337112481131056;
  -6.0465848617688, 1.268090970389416, 14.64917289306554;
  -5.762332642953395, 1.298412011488647, 14.07746308590879;
  -5.519642051034438, 1.310294525316302, 13.58296645073906;
  -4.599253619846575, 1.304128243470397, 11.4857703335402;
  -7.609207786326576, 1.137517032807028, 18.39450616754917;
  -3.796172873614198, 1.329441391811399, 9.649132331557885;
  -3.038347729783894, 1.435058479277874, 7.921645352397104;
  -6.530197243663427, 1.237237397907278, 15.96067916700282;
  -6.234058747216404, 1.248903022078106, 15.28181112968422;
  -5.999701058750851, 1.30661689516253, 14.79118588447735;
  -3.912501725282486, 1.301190046693683, 9.981862835848766;
  -3.480752226659762, 1.400528227088854, 9.014988289149175;
  -5.029050550945415, 1.321205317706277, 12.6329926864343;
  -6.3641441973519, 1.292241597368827, 15.81161723582314;
