m=[-5.502845406295537, -0.5329207446226286, 7.565516636137477;
  -31.03197440235175, -1.14303199796495, 38.19973144112548;
  -29.99319139959455, -1.359362517137462, 37.11562420412395;
  -5.098344597238672, -0.9299554859097323, 7.125033193198377;
  -5.076114251281355, -0.9720380511659895, 7.133679289452553;
  -30.82572862686617, -1.147030166299062, 38.49961777937039;
  -30.64908443749847, -0.8683507417866981, 38.44149756252167;
  -10.05120939121127, 1.135818629385635, 13.28116763852293;
  -6.254904710806571, 1.264695120612182, 8.652136999343073;
  -27.32084568080053, -0.5499074002884251, 34.68037854787229;
  -5.405604794062825, 1.258269605372315, 7.64825097272582;
  -5.454119395236633, 1.236468495930044, 8.005528444037566;
  -4.830086040698785, 1.24745428996699, 7.296414809045388;
  -8.196150211262397, -2.611663186228381, 11.75201840457046;
  -8.322019196663053, -2.564216302597587, 11.94655738171914;
  -5.284238072809471, 1.295431194062706, 8.019279125597155;
  -8.269147669459205, -2.694908514865752, 11.9992122812552;
  -8.261024558344287, -2.629766552605162, 12.00575251148209;
  -4.796835963369512, 1.307816723577603, 7.394839407034237;
  -8.340922669681438, 1.111090368503001, 12.16090987853747;
  -8.139559918801917, 1.07511155295182, 11.99172018172479;
  -8.39273836341631, 0.7886701888745296, 12.38027082228526;
  -8.291513249482655, 0.9239353360268787, 12.25123717694732;
  -8.318105184126649, 0.8646399821388604, 12.30014139007352;
  -8.124288751498892, 1.204558738598071, 12.040043608217;
  -8.199032593080181, 1.109428161607301, 12.22990528711289;
  -8.391179377678252, 1.000523939428782, 12.49543539870455;
  -5.205660502346271, 1.291092331692398, 8.12436903995939;
  -5.239401572618834, 1.253840730978068, 8.176865246204491;
  -6.280390915832629, 1.290957877762911, 9.61433874770327;
  -5.213794143093669, 1.361562561405229, 8.151024426845378;
  -8.230334266805603, 1.053318426372724, 12.32388298201274;
  -4.475004663012005, 1.299140504652215, 7.256509860468247;
  -8.324319014525431, 1.094026529655332, 12.67808244717292;
  -3.941534539849634, 1.331945064551464, 6.56723635163629;
  -4.569938341375336, 1.313960684655808, 7.47253759074373;
  -8.597806039844254, 1.14025923266803, 13.31754957492716;
  -3.757164741626795, 1.387219422147551, 6.411432807708421;
  -3.961737720994038, 1.345467534681702, 6.732366196751562;
  -4.503636463300628, 1.284606959409973, 7.599854086693612;
  -5.66648480397235, 1.272002770168525, 9.346488864158911;
  -3.726325347288726, 1.398980150143669, 6.482729723096112;
  -3.937525964381479, 1.375671940169289, 6.825470683963951;
  -4.369229717864897, 1.275189641879308, 7.536489531619769;
  -4.296574078814881, 1.300687095316788, 7.440846014730034;
  -5.506417377607199, 1.301896438178923, 9.268146995520246;
  -5.490072107473622, 1.285758067176612, 9.364729648599385;
  -4.513203035138343, 1.300279790472705, 7.876406632406045;
  -24.17775974100761, -0.9451323900480239, 38.00262779810162;
  -9.472906272224162, 1.176490392396627, 15.67156078881971;
  -5.740495211076129, 1.278432363783421, 10.18336029225731;
  -5.241188673966756, 1.301774933474715, 9.414550587770812;
  -5.131733260800055, 1.333872277157153, 9.280485676059625;
  -5.850347008789591, 1.285429072807198, 10.44831074971586;
  -5.330415907400701, 1.283003968451417, 9.612285774411435;
  -9.214037710772551, 1.140990078114449, 15.93571424420804;
  -4.3554343661348, 1.283088395651695, 8.114032106708335;
  -6.902320693121058, 1.212041917217656, 12.41669759636811;
  -7.900332283368907, 1.165842940150736, 14.14455352448951;
  -4.787790674927447, 1.340677413654604, 9.033173855447174;
  -5.339596614775428, 1.274725452702242, 10.03663524822072;
  -3.814923820820845, 1.385234295711478, 7.514902729937393;
  -5.646861060886946, 1.303725949742942, 10.67747191278554;
  -20.51934873727294, -1.000141672523383, 36.2744605725388;
  -4.599478773159767, 1.318950394956118, 8.904647388387339;
  -19.82531057358599, -1.937471196809176, 35.27550300243934;
  -18.89777568625872, -3.125281076244493, 33.76059953678208;
  -6.898372634187736, 1.228164759943332, 12.95458443375034;
  -19.41447565657778, -1.437007678873852, 34.69857524959677;
  -17.60528767743309, 0.4450987489410077, 31.58903719940409;
  -9.271768990077069, 1.14591268554619, 17.20128629324437;
  -20.61370504630726, -1.053430221630292, 37.05560973327835;
  -8.630495417874574, 1.187855993265989, 16.08404418669635;
  -6.516813650560639, 1.22808347958379, 12.41942765244664;
  -5.291890689724629, 1.321305025054831, 10.28465097898207;
  -6.652309929297285, 1.183507192067889, 12.68359805573033;
  -16.82494921701079, -2.996912360532007, 30.64249232053319;
  -6.445204968403598, 1.267987821451891, 12.37078240895438;
  -5.254741470806731, 1.290456088126421, 10.29158748337325;
  -3.402957032089936, 1.417483268607793, 7.012126876098273;
  -5.860696876073945, 1.298817630337746, 11.44132991206938;
  -5.279388312875372, 1.261188553650527, 10.42048796476798;
  -3.355729345749103, 1.461972457740223, 6.976988865777837;
  -20.67746896341247, -0.8941126047309023, 38.12918477676654;
  -4.011579000459274, 1.323754821223193, 8.17756594708931;
  -3.277056816659281, 1.46488760788749, 6.865501813069433;
  -5.49241336821205, 1.316142601785064, 10.92754491465195;
  -3.179630704017578, 1.449112610407276, 6.758545547005294;
  -19.58949399281551, -0.9551200899015047, 36.67812432627821;
  -6.27952466284827, 1.232529493401355, 12.43975314693457;
  -20.25322872920629, -0.7969473475157662, 38.13256791918786;
  -3.712750086271909, 1.393969648564636, 7.780927644903797;
  -8.088720650120823, 1.142643310073471, 15.87595387047469;
  -6.434006734897209, 1.240886434886625, 12.85563944950348;
  -19.33916077037009, -0.7274501994225413, 36.80543821480963;
  -21.07164380996703, 0.2493500039187708, 40.36739942068704;
  -20.71171697026358, -0.4334656197914514, 39.78014102336987;
  -8.059621905274643, 1.128571551988493, 16.20004433311848;
  -19.56982586906228, -0.2765752491727841, 37.99583635449744;
  -20.86392790154288, -0.03139789117563505, 40.48123750643039;
  -4.261499799415618, 1.337917043182169, 9.040465345419252;
  -3.88898644452773, 1.35623985449352, 8.411427979091776;
  -4.393732257921677, 1.309926957550193, 9.416120949399153;
  -4.34873682343521, 1.34562783771326, 9.348270856477015;
  -6.107057129048922, 1.27108852929168, 12.80478370089579;
  -4.335508737881423, 1.313277269557087, 9.372543943084905;
  -4.891663574594981, 1.335047449193968, 10.49533831637485;
  -28.0197222315086, 0.2319865509089054, 55.68574133090494;
  -26.5102032170443, -0.02919431698739407, 52.94779602281329;
  -7.846438344677821, 1.107230220355962, 16.37958288057371;
  -27.81143328419531, -1.619735657973523, 55.59056781222557;
  -27.18227003088639, -0.6199701184103937, 54.76171550224792;
  -4.264282808864054, 1.333598854933175, 9.405920045191268;
  -27.02092726758904, 0.1065176744239435, 54.62643959882966;
  -27.32519503282834, -0.863802848432885, 55.28094627900573;
  -3.927548443924739, 1.343389685852005, 8.800339290285526;
  -3.885341544713009, 1.377047674482341, 8.729813659711301;
  -26.79215264291267, -0.1371252052957939, 54.60960992915575;
  -27.44845929860546, 0.251535858943572, 56.18261230899699;
  -25.14204835730529, -1.022715056815938, 51.56872879229618;
  -27.2377558041826, -0.3148994328760119, 55.85651389315064;
  -27.37639934979885, -0.8363538375608852, 56.5511937051483;
  -4.779088049005599, 1.38883360385777, 10.66810295951391;
  -26.78556955888803, -0.3272352620787673, 55.41049530969688;
  -5.082155014466501, 1.327246629115051, 11.30592483541646;
  -23.81027093033494, -1.166362426164216, 49.91432986921641;
  -4.147080204970273, 1.343212589607839, 9.489125666391983;
  -26.44981175178491, 0.01662105345892995, 55.56582353171004;
  -25.93511660424168, 0.3164351967880641, 54.58725906367103;
  -6.113050355998262, 1.271823671594822, 13.59858770026703;
  -22.64994075989753, -1.69406820412254, 47.70920991309334;
  -5.707116592639387, 1.309032416035644, 12.78204936459878;
