m=[-9.740166811376984, -1.307686968144413, 13.54889970706374;
  -3.305201919418761, 0.6260219712616658, 5.410991207553876;
  -4.616565562154241, 0.5519902979390142, 7.452870338108713;
  -4.539734874277745, 0.5425374432746358, 7.409155685507753;
  -10.76051195582743, -0.4490915788637533, 16.20824911006341;
  -4.356480647076936, 0.5520092441928697, 7.229500931064687;
  -3.188619531949865, 0.6419151789832481, 5.592036963908515;
  -9.764597167480277, -0.4257754944313889, 15.2420940161606;
  -3.919855161097416, 0.5797601681377251, 7.029009538571112;
  -3.70253722238136, 0.5946826779279679, 7.11261694913339;
  -9.391329373307196, 0.07502230255755775, 17.02122273413461;
  -9.661035380911322, 0.2473753204553192, 17.7449248403576;
  -3.541060234483628, 0.6007835314105243, 7.270161867718232;
  -12.11816785140866, -0.3392197871445403, 22.79722077979116;
  -12.20860956727122, 0.03172245785981209, 23.22127882572158;
  -11.915779434437, -0.07972453671048634, 22.78000268862136;
  -12.19875886779484, -0.8376978653430519, 23.34795249202504;
  -12.03252002181236, -0.3481711168085587, 23.16915300743119;
  -12.06857884283659, -0.01950581314497363, 23.34817187790447;
  -12.2132527031843, -0.4552841246844347, 23.64050722669956;
  -11.9616214168657, -0.1302997159874658, 23.33603172134669;
  -11.89206449513882, -0.2986910193560401, 23.21865113151004;
  -12.06077327826995, 0.03853875072783939, 23.63443219896098;
  -11.97951763386921, -0.2062193337761787, 23.5201553053668;
  -11.96041069850608, -0.4316444904737619, 23.66719018218499;
  -11.84406024766563, -0.2093945971018633, 23.46572113947925;
  -11.92017421724417, 0.07870798378510671, 24.02041686663113;
  -9.322726636688323, 0.2353777361613151, 19.43485642091087;
  -3.492985245751716, 0.550421546545363, 8.318602514993563;
  -2.615133741559824, -1.134291763513767, 7.14617835352977;
  -2.53394219553192, 0.6329587476532628, 7.086837618375354;
  -3.150137147777372, 0.5678858921063487, 8.582714467413483;
  -2.585157609911769, -0.6955723750887187, 7.226819600747431;
  -2.256885462531283, -1.280472450895445, 6.543944861791908;
  -2.381266871105266, -0.7502046960869448, 6.904966001886085;
  -10.0279330028139, -0.114009369083259, 25.99752884024296;
  -4.049414475685478, 0.4577935610847619, 11.13922536088527;
  -2.183285802978344, -1.209703354861989, 6.486630079014521;
  -3.896576768974926, 0.4654025733946185, 11.00705961797314;
  -10.33155837959164, -0.1075051210872094, 27.53884057024213;
  -2.542095456078218, -0.9721897519683908, 7.502871003456792;
  -2.158503403839042, -1.236939673411293, 6.554305260084433;
  -2.233266726602533, -1.410463514962113, 6.778177120693995;
  -2.185497714049138, -1.298522329028375, 6.656163762529515;
  -2.746688982404185, 0.6065312207356342, 8.257573843390439;
  -3.833905751659724, 0.4624490598954306, 11.2935636376458;
  -2.15400746983552, -1.038771991931832, 6.819182613546119;
  -1.986422093968613, -1.041194558304056, 6.369348629139343;
  -2.065924299782868, -0.6919798110094271, 6.980964113479167;
  -1.912131649771481, -0.9848071785647009, 6.544539107369102;
  -2.094423146849794, -0.6476290964507927, 7.158910412007161;
  -2.05917946674019, -0.5094358337548958, 7.246426477882263;
  -1.87283024540565, -0.9726181825727034, 6.743411404563589;
  -2.133040718622227, -1.333832387970134, 7.531333251558877;
  -2.126422016891773, -1.416935862200961, 7.559754721582551;
  -1.515355819659691, 0.7651322096316962, 5.725684454648462;
  -2.546567163449208, 0.5435179217630584, 8.947632090613775;
  -1.941175539554053, -0.9103979319960767, 7.027379460918962;
  -2.114922313493877, -1.379251290856286, 7.575757205854286;
  -2.065378644456152, -0.7702110831559159, 7.450250923665956;
  -2.073215805613337, -1.524870196815184, 7.450585971357196;
  -2.075454818955519, -1.421834887120663, 7.473990648107188;
  -1.929883759333176, -0.3979731221694214, 7.055861288962421;
  -2.071364241898659, -1.50774906415109, 7.46136107304905;
  -1.832131974566168, -0.8096621885489347, 6.758446675560951;
  -2.095136878487314, -1.347089736094297, 7.598245569888957;
  -1.805818296074297, -0.8781933152887753, 6.734468933601822;
  -2.08699677973202, -0.769541545318849, 7.67508576406315;
  -2.059113916835151, -1.374886839797568, 7.628263284482097;
  -1.945077178716752, -1.067868630728916, 7.275716211915621;
  -2.050412133878274, -0.7760798799264719, 7.655160682585827;
  -1.832310599033106, -1.483363509861388, 6.954306673611488;
  -1.920863471278635, -0.8674755219524265, 7.372595458988426;
  -1.858709468016955, -0.998860581344894, 7.185579099438485;
  -1.921945389836681, -0.4635228589701324, 7.437769543176235;
  -1.983235874031125, -0.6684067268047724, 7.640283235476051;
  -1.985796077282702, -1.362227132747455, 7.631199422694364;
  -1.873616681661344, -0.9282352845448877, 7.285276637727351;
  -1.844165543961347, -0.4229933527510535, 7.217972925490439;
  -1.875876498285703, -0.9686510189827768, 7.314485844605093;
  -1.857739321837788, -0.863602959237593, 7.302014764298169;
  -1.92162090038679, -0.6119509615928007, 7.545974017752642;
  -1.88676363454357, -0.4889122288220221, 7.453116468897852;
  -1.864754038161483, -0.8257255630599186, 7.363867088157321;
  -2.493877169724172, 0.5385480775283041, 9.577628142105841;
  -1.837655903442473, -1.213265853661714, 7.278868485807308;
  -1.937525702990144, -0.6500880108922619, 7.660779047618386;
  -1.805796832152671, -0.3758109124957661, 7.235761418944123;
  -1.800434798054871, -0.335217808629696, 7.226802853954799;
  -1.728220931980896, -0.9808934244521101, 6.953834806073354;
  -1.74829416159539, 0.6184158263845651, 7.099201103930413;
  -1.799574000644393, -0.4094197503048407, 7.265177470287453;
  -1.856091135004659, -0.5411617510246872, 7.484997679783526;
  -1.824350904578396, -1.284126306247167, 7.401724513237959;
  -1.761038491525017, -0.9015183330611777, 7.193924458612877;
  -1.80276819029777, -0.6580161306848804, 7.373898819550307;
  -1.751453409172185, -0.9477549163459274, 7.215579215101312;
  -1.82983948189066, -1.251971436412717, 7.483472530949211;
  -1.790667429639514, -1.073262686041099, 7.369018738493845;
  -3.749755374338368, 0.3496818806805404, 14.48467848554212;
  -1.765416789323939, -0.6981262415509326, 7.342726287959978;
  -1.765378246829704, -1.073489608686053, 7.337615468683859;
  -1.819496585057777, -1.289619439023642, 7.576550123199692;
  -1.813867515567916, -1.187478965275047, 7.601392789705069;
  -3.064438855650077, 0.4933283234950077, 12.26653841023312;
  -1.674251755268938, -0.9797520599975542, 7.094751477440854;
  -3.633015222610776, 0.3159519882712816, 14.4094724231234;
  -1.729584524567651, -0.857811887968122, 7.333817673925267;
  -1.679854281673016, -0.9293905788780237, 7.222734217444367;
  -1.699957364493117, -0.718509226074173, 7.307293150383726;
  -1.643417177410182, -0.8538485896552505, 7.12264403139933;
  -1.652129088745368, -0.9000629395453355, 7.25738262805005;
  -1.216199716710216, 0.7969631497873052, 5.688415043433262;
  -1.689998182073956, -1.246906001230902, 7.460308920013625;
  -1.639867072822492, -0.9788795265074165, 7.37131982555281;
  -0.9936562757697424, 0.8429963754724665, 4.893852685577775;
  -1.531737772656289, 0.6465907038405759, 7.189245321241891;
  -1.59386642898879, -1.127212738732168, 7.388952359977361;
  -2.456773881699603, 0.4934964480132975, 11.22640394747437;
  -1.157734799663906, 0.7852738849772312, 5.878060645148836;
  -1.280863697521971, 0.7650299917617563, 6.455495242793984;
  -4.570592404727616, -0.3304555847881452, 21.30275666188731;
  -2.274237646679667, 0.5382588807276819, 11.17515794181031;
  -1.465792238957291, 0.6382468677917406, 7.662421575096598;
  -4.227135837560286, -0.32611305230475, 20.3644554731609;
  -1.050377258390697, 0.8108490305965694, 5.978358036081458;
  -1.036522813102128, 0.8431607204809739, 5.944624658145544;
  -2.565496989047235, -1.264376327554988, 13.24960126607632;
  -1.853404891688881, 0.5589841845666677, 9.903390806776342;
  -2.273760819079143, -0.4266613857189965, 12.00012319641674;
