m=[-4.86527601895909, 1.37186415398515, 6.917438417337334;
  -20.85172218282767, -2.865307588587758, 26.81014086472853;
  -9.042974532499402, 1.084690123964947, 12.31083937833527;
  -8.611337414113734, 1.11090736899033, 12.03092315796715;
  -6.621373087225097, 1.224638202248133, 9.498336818335494;
  -19.67367086210909, -2.937867218534374, 26.39646053387071;
  -8.527861769119385, 1.141483285919293, 12.08459422875788;
  -21.39937172990201, -0.9243079361938006, 28.90297719292037;
  -8.767298445210187, 1.107921995140852, 12.4825821064184;
  -8.445633469858878, 1.10121907317781, 12.06985850183062;
  -6.000337637548443, 1.298188962909577, 8.972908366403845;
  -6.0405172779879, 1.276543660537646, 9.080016356227548;
  -5.321054334199692, 1.325680119273388, 8.127038415917392;
  -4.909588845164702, 1.374311584899988, 7.578398335180875;
  -7.931533625302364, 1.145359141681211, 11.68548774755656;
  -4.753263533263194, 1.375756952124816, 7.403726540191262;
  -8.056337849270589, 1.105017147245691, 11.89796267156986;
  -5.176298808488024, 1.33283735419463, 8.018720361189187;
  -21.41513262185591, -0.9635867153556827, 30.16836395479638;
  -5.106729933769329, 1.34541713237561, 7.965376302891047;
  -6.288523004463917, 1.252839623850831, 9.585041588376834;
  -21.68388595877264, -1.172049485928382, 30.65351605168624;
  -12.53799697501305, 0.8010818548726986, 18.16751572996312;
  -21.00770432079916, -1.127769736050741, 30.15450129349772;
  -6.474544880706889, 1.253468443533561, 9.991794778147781;
  -4.890449562638451, 1.346403110808444, 7.796842945170009;
  -4.440347195991106, 1.395756999789847, 7.246376883790451;
  -6.185021219715845, 1.266076623086044, 9.798379908830825;
  -4.762853716557278, 1.349597421240002, 7.814620347173624;
  -6.102552159321195, 1.278988125780962, 9.744995975531451;
  -4.732407026959251, 1.415742264093619, 7.787048740404008;
  -7.389609564989894, 1.179134874880456, 11.63717301848737;
  -5.050696796408161, 1.31988292978232, 8.296136400286496;
  -7.553264921669383, 1.162886354471333, 11.92748728276781;
  -5.750141744615626, 1.286855065454411, 9.326974638637676;
  -7.74503950300881, 1.137686193124648, 12.27540506384617;
  -7.249452681113876, 1.190907350744236, 11.60098454692798;
  -4.096941551803108, 1.418009536946651, 7.046725331061111;
  -4.464483292943925, 1.376379183941575, 7.602483931873188;
  -6.274935395907704, 1.228302674292026, 10.31541798360924;
  -19.97065417118975, -1.354880454020115, 30.68636857156912;
  -5.516879461706718, 1.314472584259984, 9.242034607754512;
  -7.868171111178972, 1.095525214501268, 12.76834125937671;
  -4.33574606464262, 1.413848294946151, 7.487610736110443;
  -4.063184901868019, 1.41964642112893, 7.085090587335521;
  -5.687240517167765, 1.303364410341827, 9.545293192342543;
  -20.12526880619262, 0.3186830502076344, 31.29095044792064;
  -6.926711400274037, 1.217015848990428, 11.4357299583146;
  -4.277498077874919, 1.437764218869649, 7.472521867960554;
  -26.25434533662964, -0.4416530215877111, 40.94878626700952;
  -6.410285717840395, 1.268192637115318, 10.77393884604862;
  -4.413676827069764, 1.417242822666689, 7.725076746947303;
  -3.857040373582208, 1.46162634605892, 6.881888052677175;
  -4.225098043968028, 1.424743654812248, 7.451769539024248;
  -4.315154184868701, 1.425033484049197, 7.591696550208516;
  -5.436320884213235, 1.312652400732422, 9.353574759412867;
  -3.87728088664843, 1.46973517225945, 6.974074208371676;
  -6.981736025293944, 1.206840287108202, 11.8340053572177;
  -3.923786012824271, 1.439749183634137, 7.09069261981472;
  -5.585842953775477, 1.302548119261018, 9.684281706158656;
  -6.748082767563653, 1.232741509498179, 11.5213633751352;
  -4.137292558858463, 1.434863685637659, 7.448307876530794;
  -4.2881655117913, 1.413017687868205, 7.698768496889343;
  -20.02067763177254, -0.9311054157818168, 32.28907612154691;
  -3.89490641266359, 1.448833491536866, 7.113551331359123;
  -18.86271739235286, -1.366393957861017, 30.65538784973333;
  -18.75266535823654, -1.50676363205843, 30.69761079874946;
  -18.69076760974348, -0.947153732931568, 30.70673674470321;
  -4.002330916785852, 1.449573835395479, 7.366614232045851;
  -6.113461540826092, 1.25177912635598, 10.73538575468036;
  -5.894224195897214, 1.275487309197109, 10.43057866028425;
  -7.599657526530778, 1.131285885468728, 13.32062750257528;
  -3.667055824958376, 1.485526953053182, 6.940097634758479;
  -5.854464281050219, 1.292469981317987, 10.55171355129983;
  -5.643724671521059, 1.294237090687234, 10.26826231799999;
  -18.38281491148787, -0.8294481032873561, 31.33670399380039;
  -5.178889345867029, -1.270471621448884, 9.528479113350677;
  -19.33586184597801, -0.6876105286309644, 33.04183511977937;
  -4.75213351355894, 1.347421364172819, 8.887017860981748;
  -4.920095482845266, 1.342393579837336, 9.196244651677679;
  -7.123525186849888, 1.174742808962123, 12.90957862668443;
  -19.21822459554945, 0.4310116851957446, 33.16299317096322;
  -7.602283014413359, 1.108389074296194, 13.71003154442502;
  -4.359021346041311, 1.375851005484915, 8.282137146945113;
  -19.42969100765788, 0.3486393453220099, 33.53265443795748;
  -3.808149958603564, 1.463679567030746, 7.370956973513638;
  -4.672638131481718, 1.347611719813798, 8.835375988833519;
  -4.006667106940433, 1.454310187394702, 7.72751571008445;
  -19.62535140971469, 0.1523353733005886, 34.03956615010257;
  -4.053093643289629, 1.436429758684347, 7.813745461277515;
  -32.94368153028665, -2.401806037022372, 56.59316694671004;
  -17.81144516070989, 0.06366541588688816, 31.02335640510491;
  -3.73332778492274, 1.481636555801416, 7.289324465091533;
  -6.594826858170631, 1.219960520800999, 12.12884380078184;
  -6.401086059087972, 1.242327768589091, 11.84224465434042;
  -21.41041845827192, -0.364765394775584, 37.38219072054574;
  -5.62444995507686, 1.294058791525863, 10.55193941037232;
  -6.725064954442918, 1.226869201007853, 12.44671207819485;
  -3.700512111222815, 1.472192691409686, 7.298936603606065;
  -3.672615461074962, 1.503378844817011, 7.266564196839802;
  -3.539269343706501, 1.520255488200377, 7.043083284736577;
  -6.751995400695802, 1.166868144787122, 12.55645018899514;
  -23.67520367006148, -0.7649853142031137, 41.69242619577668;
  -24.641764326812, -0.5368015719439185, 43.78435582262762;
  -4.898307913798965, 1.323499330407621, 9.513883284704688;
  -6.777038558082354, 1.209584220065668, 12.80363093981802;
  -7.445850039718581, 1.070105201176487, 13.97138761920751;
  -3.669284125281217, 1.4885059625192, 7.396838337268332;
  -4.229090214872023, 1.359674492954388, 8.385714434235329;
  -24.07864051553659, -0.745000212437028, 43.13941381574409;
  -6.491111193752916, 1.2499024499113, 12.36201591894622;
  -5.779996386140089, 1.274232369851946, 11.19815258737273;
  -22.96377505200457, -0.007337979693661788, 41.61540625654769;
  -4.792311812366969, 1.271018035523202, 9.516563485740415;
  -4.559125375070193, 1.341784716749699, 9.103370681017969;
  -7.368143400258272, 1.078987571011806, 14.13295525175473;
  -24.58743390030506, -0.7748681989705927, 45.11937200635947;
  -4.45334463764866, 1.342042800182738, 8.977533567033536;
  -23.65555837090196, -0.1084206908571149, 43.61430011265728;
  -3.633960086590069, 1.518796020715492, 7.547256938916267;
  -6.366196608775763, -2.042863432396296, 12.47761139969267;
  -23.46916362705342, -0.3100122791074749, 43.63848667953568;
  -3.603809528145318, 1.529942256677032, 7.535418353944478;
  -24.12070496576362, -0.6622057387887553, 44.88235303692721;
  -4.829830092255136, 1.304664400436069, 9.801672766890098;
  -23.17587247994369, 0.01632037607798941, 43.30189168453466;
  -23.42954588903383, -0.4641732946896453, 43.86020175281711;
  -5.494650101187435, 1.290163777761376, 11.04097213084911;
  -4.297013727370723, 1.356593000412913, 8.86172168170882;
  -23.62748923521832, -0.7472341962016353, 44.3037974289273;
  -6.675410963993783, 1.183439650005374, 13.26299848977361;
  -6.259901742646376, 1.231514773198176, 12.50512518986238;
  -4.272894145455092, 1.402136094667425, 8.849156283941611;
