m=[-5.484144351052263, 1.326511298976757, 7.58405316787051;
  -10.29658509594499, 0.9974680307594575, 13.51149371583141;
  -5.223336484768973, 1.33213314267659, 7.493280818291791;
  -5.845397418140077, 1.274697600955401, 8.433993879763152;
  -5.295490936493867, 1.290521928217365, 7.905632253737178;
  -5.1564404110757, 1.353374321825755, 7.914605402751398;
  -18.79990419432634, -2.524021425235582, 26.15129918861469;
  -21.16025162045734, -0.7324767957957729, 29.39810857836924;
  -6.087255540868325, 1.290286615206423, 9.210203640904519;
  -6.101918768383878, 1.294822977313499, 9.235719378827339;
  -6.048220718350452, 1.31872012769101, 9.170640467420814;
  -6.911300952412276, 1.197584383714285, 10.3650776226648;
  -7.011077834809258, 1.149593618331519, 10.512100165634;
  -4.924106672115568, 1.366567379041021, 7.757821680364439;
  -5.886550934676077, 1.334482916846225, 9.384830652092326;
  -6.831740382882908, 1.189396329308616, 10.82567141167318;
  -5.904309880724218, 1.293410467559547, 9.502085132611333;
  -6.608332494605727, 1.22992789730821, 10.56027150048451;
  -5.395139129605812, 1.36374053206345, 8.831807773211175;
  -5.363144302456003, 1.353198479733655, 8.872436749019622;
  -4.491388932779004, 1.385993626568531, 7.607744273243618;
  -5.214286977279018, 1.365458394792138, 8.720268027052212;
  -6.100761316531897, 1.271540532223081, 10.05498192784163;
  -6.530616721134081, 1.23693185862536, 10.69136183491478;
  -6.64625575774159, 1.225930807852776, 10.87735695060414;
  -18.83028573750159, -0.9481784297132153, 28.91227770086093;
  -6.457628473471607, 1.24974778324036, 10.74654247165498;
  -17.96299164811428, -0.783258286979222, 28.03941655923088;
  -8.725216030109321, 1.042738514051991, 14.24014523911;
  -5.337456575203883, 1.342318257858678, 9.128800603154824;
  -6.72244072068608, 1.204932131786784, 11.24348402635751;
  -5.470320354022797, 1.330271953063107, 9.348777715614244;
  -6.48961454873988, 1.233573748737886, 10.94339410438193;
  -11.81531995539542, 0.7890674497918361, 19.08174279726496;
  -5.540010579447174, 1.321214866816595, 9.517513985272508;
  -5.096756577796387, 1.375112280936515, 8.876815969313375;
  -16.51891789170978, -0.2184892111944169, 26.43113083315664;
  -6.49968305941657, 1.243802157180155, 11.16048090082766;
  -5.110312861610841, 1.357935973202687, 9.010548517827701;
  -8.016728807315699, 1.111923057640744, 13.7149011104175;
  -6.240319681037225, 1.256266508069762, 10.94395175508027;
  -8.019708345139138, 1.088123681868198, 13.92192273635645;
  -6.359736115047837, 1.23948255748112, 11.27946394524342;
  -17.29439522753332, 0.3419568817447425, 28.98133540476709;
  -5.641740823304143, 1.277409935312956, 10.19659419434731;
  -5.17790072971801, 1.347741113085631, 9.468876425854566;
  -19.57197763817288, -0.0754291927152568, 32.96848176656029;
  -4.657649831588407, 1.3652399903428, 8.717344081562084;
  -7.660819486947116, 1.133061761542685, 13.73723544212467;
  -5.922573383087086, 1.272550897110864, 10.87767349007969;
  -6.256470873314527, 1.250014674966899, 11.57864841424562;
  -17.53520530638302, -0.7457950060699884, 30.65971164133697;
  -4.655139267875662, 1.382750964981446, 8.942177623218978;
  -5.380147438246914, 1.270109739243009, 10.18512021745756;
  -5.711585695921246, 1.296385282387366, 10.76766917946318;
  -4.544457399066413, 1.413859240974858, 8.822866618339329;
  -17.84480746691785, -0.7829546868879421, 31.65467575338435;
  -5.365002248225418, 1.294009927752004, 10.29362434891257;
  -4.539031961551223, 1.380512462957723, 8.919911452113414;
  -6.381618403469934, 1.216816449070198, 12.12403092092767;
  -4.488014551656301, 1.399504328778082, 8.839367464385388;
  -5.172881263461218, 1.32188405857988, 10.04138943428281;
  -4.845440492530492, 1.350769638425032, 9.506361202641585;
  -16.73711220422658, 0.1069656099230458, 30.25396263844701;
  -6.106122627993978, 1.248056406447393, 11.81001346672808;
  -7.194377182764342, 1.155524234356907, 13.82048201413534;
  -5.258384848302042, 1.305700626701519, 10.39731705763761;
  -4.426935360314251, 1.381238895242255, 8.923092523988455;
  -4.126706312588928, 1.415729900182665, 8.435623804568074;
  -20.4208551882898, -1.605588984836604, 37.57631385222099;
  -16.47317018936557, 0.07267412435324396, 30.5601643564951;
  -17.35952416209813, -1.877005256322064, 32.20385292744165;
  -22.05318539282953, -1.365495102499551, 40.69714193320725;
  -6.044193746690698, 1.231906289411385, 11.95158456007616;
  -4.596505410072567, 1.396772811934932, 9.345640648674374;
  -4.148435026535073, 1.423673465895659, 8.538494247012718;
  -20.80561203205659, -1.609190281137545, 38.8103157979543;
  -20.06327592445088, -0.5616245188189293, 37.74390125834137;
  -7.349098316689121, 1.106776863001497, 14.58122051892258;
  -5.073643507963943, 1.31401603297775, 10.4341046139936;
  -20.13157065200996, 0.05230922474351484, 38.29107751657953;
  -5.275808192099116, 1.298342993576786, 10.81645556249627;
  -6.575993195133203, 1.197200620701743, 13.22925988805283;
  -5.461686531074521, 1.294684272129093, 11.17402237902096;
  -3.383272566668909, 1.518497811281168, 7.338325481075803;
  -19.9350278729163, -0.1333786740702603, 38.11080853262129;
  -4.788709410091308, 1.334441910019613, 10.02909228729971;
  -20.92143644406766, -0.6053794116914468, 40.28515732607439;
  -20.29867574733377, -0.03280768857494065, 39.27032142014874;
  -3.338828234895914, 1.521727668322993, 7.345948095405857;
  -20.19189211602542, -0.7527108585389633, 39.08431136982701;
  -5.907133403394869, 1.257202421903439, 12.20343857335209;
  -4.173167133531551, 1.424460911229486, 8.978392776175625;
  -20.27585090209256, -0.2208678507599122, 39.55633465889354;
  -19.93426352594473, -0.5006856038419809, 38.92063573668779;
  -19.95053342347827, 0.06374953054462418, 39.09529834043435;
  -3.305979170618595, 1.556291205065246, 7.371897241839667;
  -19.88566672503472, -0.3423183694924186, 39.04280489568565;
  -6.405904884862318, 1.246139326239987, 13.3512341180797;
  -5.864594208217227, 1.273065785642207, 12.3433216835742;
  -19.7720464114739, -0.7135620267596857, 39.12480888050028;
  -19.49559203318316, -0.3446682601817453, 38.62510967806792;
  -5.217529933784443, 1.304670844327488, 11.13520859656293;
  -4.528929685843477, 1.351630769357033, 9.85710261443535;
  -6.818512961303867, 1.135022202212035, 14.36705268842504;
  -6.679533868535879, 1.207457584646548, 14.09464311429692;
  -4.456661945320536, 1.382210642114658, 9.75992651054576;
  -19.54042701575149, 0.1290239206810349, 39.3760354602305;
  -3.192808545371962, 1.519355753300993, 7.345244367820195;
  -5.963318426460623, 1.217877567320246, 12.81228371259103;
  -4.430114407699577, 1.394615140934251, 9.877510115485228;
  -5.637533485550182, 1.283887429663886, 12.28258128632607;
  -19.57692836801375, -0.6276045455802018, 40.04415876704285;
  -4.509997502380019, 1.359176850157091, 10.0515495657953;
  -6.568575260019038, 1.198377876166274, 14.16712909710538;
  -6.285763619128148, 1.211382690326719, 13.63855806177976;
  -7.320781872433721, 1.05072641105728, 15.74434772225405;
  -5.281804599677505, -1.308517955188259, 11.67035033736491;
  -4.364769648536711, 1.427663067800532, 9.895400254212676;
  -3.185749791697876, 1.565205368982181, 7.551836728642204;
  -4.109374943678673, 1.43742624316228, 9.449900055965731;
  -4.860878833002513, 1.282353047866735, 11.00718079337058;
  -4.928950662840352, 1.332435732808568, 11.2540075165624;
  -4.791481621515421, 1.346021983215161, 11.00617642931861;
  -4.896076023127205, 1.273444801482633, 11.34766803992537;
  -5.231327831748081, -1.207886379159473, 12.11074621258791;
  -4.429388227846745, 1.373717157993633, 10.45987985422523;
  -5.070662691996335, -1.259028536658379, 11.84753766242024;
  -4.917919532818235, 1.312536794717144, 11.5847887687151;
  -6.073899757712949, 1.193875467404681, 14.14445147670358;
  -3.42131983626963, 1.570610414268991, 8.4354091078824;
  -4.218743940586689, 1.384972985030127, 10.17493324495874;
  -6.944103222590209, 1.085631386173979, 16.10522066136584;
