m=[-8.398700566905607, 1.11005625114339, 11.33317982642399;
  -8.148505637743298, 1.21911507692974, 11.0671681988959;
  -8.479283232121343, 0.7986285377654074, 11.48992772831489;
  -8.430147286839281, 0.9395516121139571, 11.43092998181326;
  -8.402734312597822, 0.8742876581375536, 11.40707879103333;
  -6.213747865951041, 1.289148997852893, 8.751644025460168;
  -8.380555548658629, 1.073472957926683, 11.52154607615447;
  -4.448871159869028, 1.32356816821328, 6.614682818308092;
  -8.327528176597783, 1.131629182508539, 11.5621871838211;
  -8.235769457971369, 1.069988246830023, 11.49330934501488;
  -4.46641737324165, 1.30961828154275, 6.68915403857995;
  -10.66952643036466, 1.084784449131348, 15.0308067024768;
  -8.7610983619417, 1.163571261420052, 12.53939829746896;
  -8.711421988716548, 1.132299707268261, 12.5573534099364;
  -5.667839579187318, 1.297420789627421, 8.515777220120578;
  -7.589146347119588, 1.207162186087142, 11.16280358845551;
  -4.682811898285682, 1.208051181259574, 7.269123116591997;
  -6.518241833711281, 1.296611616803431, 9.820770370039323;
  -5.637852005986522, 1.281159974879266, 8.703629763823606;
  -7.491209952672406, 1.237832057407803, 11.32191818406313;
  -5.411231842370976, 1.323475110637016, 8.489153534475769;
  -25.82297132395228, 0.02901152328514785, 37.2932512452571;
  -5.289978935267431, 1.322405775193903, 8.496553593939689;
  -5.135901581103778, 1.346831665788342, 8.292871321786398;
  -9.709712483479072, 1.205389425862135, 15.01790886109201;
  -4.387895713630895, 1.360320921471723, 7.351074763878777;
  -23.70689636540942, -0.664679551527239, 35.39837282577487;
  -4.091261423670275, 1.37317357834524, 6.938273973209444;
  -6.428544451824871, 1.297915620961694, 10.43306695196043;
  -5.122478781891298, 1.342202124672894, 8.528157287169602;
  -4.30502302529295, 1.341759405990618, 7.355973518232599;
  -22.98861342188783, -0.9096966306933777, 35.09984960140715;
  -21.32618330206583, -2.760283167064932, 32.64748200010728;
  -6.182172487981577, 1.307622641058998, 10.19029715453924;
  -5.280001275162443, 1.30301580804859, 8.8896636461361;
  -4.294084938859675, 1.309399538265523, 7.437492486610435;
  -22.85214002352671, -0.8453563461093019, 35.51573940229609;
  -5.554091494768355, 1.330902016412064, 9.400451954180394;
  -5.965486865659533, 1.32185261153547, 10.05686051689066;
  -19.34300838827459, -2.48882658409421, 30.63159996961161;
  -5.138414668895366, 1.304584743145423, 8.879777268939154;
  -5.584581260638655, 1.297772835460202, 9.57113632106941;
  -5.04941121385689, 1.35009303074057, 8.76080981036036;
  -21.99105965541148, -3.70045948551509, 35.02178401133752;
  -3.951623578176085, 1.413819641188105, 7.140371349206964;
  -3.678745380083182, 1.441503219888038, 6.768747178946547;
  -3.744072460802526, 1.411267422691996, 6.918465200520862;
  -6.930272331018674, 1.238586990625986, 12.00129313683033;
  -4.835189331964347, 1.339716351359136, 8.680793631469884;
  -8.873918739629291, 1.208485344054361, 15.20138752078493;
  -4.702299077928347, 1.352804605483678, 8.518506837604946;
  -6.620116036687205, 1.254983104407453, 11.5948964585495;
  -6.299425750783702, 1.285989424621171, 11.16738510108162;
  -9.208542960008256, 1.14040104766865, 15.89813382979847;
  -5.555438515674898, 1.335568222494491, 10.03931248141406;
  -9.161283238807609, 1.133508803386569, 15.98410059855416;
  -5.314495303236899, 1.356740321174673, 9.8013581890716;
  -19.05086844687754, 0.4765276454273892, 33.02014350264636;
  -6.558729132286802, 1.270374922502395, 12.07765866498706;
  -4.432133426605309, 1.331184768731488, 8.496299196979859;
  -4.425335170309563, 1.378091618943742, 8.501219678815149;
  -4.430058339645091, 1.354796109974336, 8.56400476702057;
  -5.246926046427724, 1.335152878035014, 9.98364813820313;
  -8.138719034721454, 1.15694488136425, 14.95045117467823;
  -26.51370824458133, -0.7017739603849468, 46.52141798542682;
  -8.200729789712788, 1.146079354117402, 15.26566027894559;
  -4.322603410386752, 1.361733118262404, 8.52772926047081;
  -5.075510378226575, 1.390531869524162, 9.852275086732199;
  -5.149802221069153, 1.367331881214227, 9.996340954487447;
  -26.97668423088093, -0.2247532642168791, 48.35211405103433;
  -8.083918246524236, 1.180816845963351, 15.44150637991273;
  -5.064562048040879, 1.329460901491423, 10.08546397138674;
  -20.22928486281974, -0.7393389230983216, 37.36730044549977;
  -20.07572116669387, 0.2341643356021809, 37.40283321865208;
  -4.229734343028216, 1.380853048005333, 8.665894942467066;
  -7.290770223893042, 1.232608789921744, 14.23480616021702;
  -5.070615537043926, 1.329765451643747, 10.28031475836306;
  -8.187639761655584, 1.154255918418994, 16.02509720642202;
  -20.82389335561223, 0.6446807416495488, 39.37450041674117;
  -4.291675668380193, 1.384348276032009, 8.927245959211207;
  -21.82958177793575, -0.5386457382969662, 41.42484004970756;
  -32.17129949919372, -2.500008696290066, 60.75124978295595;
  -5.712578671867645, 1.315141895321266, 11.78548317290328;
  -5.520821076800779, 1.32097560582626, 11.46618777127721;
  -27.24946684460995, 0.2107537300471394, 53.01188514878668;
  -3.702896761499955, 1.450140582743593, 8.053402614896406;
  -5.302114741258186, 1.335144608541113, 11.14305326836591;
  -28.64978758622863, -0.04706579806687311, 55.96452209255171;
  -25.62290103150756, -1.598322950266821, 50.1886673993336;
  -5.36639224391384, 1.310359767715536, 11.30984733246249;
  -7.408177327942539, 1.222296338906919, 15.2624484845395;
  -25.16379392605187, -0.5876425276135027, 49.61539223805212;
  -6.18348800108491, 1.288834276137397, 12.98188096676962;
  -27.15838006393375, 0.09524958503043676, 53.72722997354572;
  -26.13656086929549, -0.8347917827522062, 51.76083710042592;
  -4.391701319063786, 1.378803061302265, 9.534279097129181;
  -27.11875257417633, -0.1459126005758346, 54.09212186143398;
  -27.05916532292178, -0.5326461232058867, 54.0141545610887;
  -3.869349085137477, 1.39060856607151, 8.566416660788974;
  -26.92159067843731, 0.2266835866946901, 53.94501411973254;
  -4.80375078668295, 1.355601406119925, 10.43676434963583;
  -27.07231127263367, -1.141535629318376, 54.2893628411232;
  -26.77843601763851, -0.3205860060018073, 53.75996902596595;
  -4.37145494358871, 1.376007970161447, 9.618269541931987;
  -26.83091544489345, -0.8232716633797067, 54.27527081353883;
  -27.04392732721489, -0.3200783948980059, 54.7673231515532;
  -7.007850174229962, 1.083878254890627, 14.93247298104556;
  -4.291355040013575, 1.401069240225676, 9.55747501163035;
  -4.133267899936694, 1.423209740946356, 9.240852365359775;
  -5.434060676506847, 1.336684934028853, 11.94052130804997;
  -6.751633549205608, 1.259106605957842, 14.6121006864249;
  -27.1023144218629, 0.3217496566087175, 55.81489953608079;
  -4.414399821509132, 1.384460586113274, 9.903299702525899;
  -29.19537679312741, -2.055594124452633, 60.1335840568106;
  -4.779622949532757, 1.356629921491456, 10.66907657819435;
  -4.504052388541701, 1.384463683470856, 10.16948835261059;
  -27.42113553488346, -0.7372068137860338, 57.28961572071108;
  -5.332770909172359, 1.332026290837962, 11.95126732989358;
  -3.111245926977486, 1.488194963483182, 7.385562734111525;
  -7.155794242409865, 1.241258798328992, 15.72369104379896;
  -5.150334085473947, 1.350165412921234, 11.60722126998737;
  -6.484875077945219, 1.288162929559041, 14.54467419913107;
  -3.982103380947923, 1.409318385017232, 9.355450882783485;
  -3.414234545160109, 1.452905569669345, 8.17459826614054;
  -3.665527998421997, 1.443403597086814, 8.707130488603648;
  -3.267607992885738, 1.47453157872893, 7.869797943426264;
  -6.902147220960883, 1.185684213500987, 15.57865683732725;
  -6.718387158566396, 1.239246283006093, 15.20653831893565;
  -7.227653576220976, 1.182381630639222, 16.42183277354812;
  -4.579900861555077, 1.363006642031301, 10.76216356977838;
  -3.811002029917349, 1.422801106322811, 9.125546125571651;
  -5.201329806370405, 1.323544371565728, 12.12143828447746;
  -6.189763251232896, 1.287766593138871, 14.32613931937331;
