m=[-14.85441624701991, 2.610171178873531, 20.2889508774244;
  -14.35211725967066, 1.216757781031546, 19.83458754649948;
  -14.24752004230667, 0.04841168066043192, 19.82355798894569;
  -14.613655308848, 2.585099517194715, 20.28675949350524;
  -11.11864990674956, 3.653893877330753, 15.7311367585669;
  -14.76336870713903, 2.528653038217555, 20.63654139867979;
  -14.80338221997853, 2.755665452981476, 20.74105743257213;
  -14.78622690554541, 2.845580298155513, 20.76759547354251;
  -14.62111899209581, 2.612539844047976, 20.60158559233651;
  -14.27877008778087, 0.8650606270848081, 20.18640392269942;
  -14.24463629353219, 3.075607481523624, 20.2036196778446;
  -14.21667878722791, 1.20364837453836, 20.20075565630303;
  -14.48018414536975, 2.807454857489091, 20.5768499851916;
  -14.25602470054666, -0.5167661582202738, 20.31587303453283;
  -10.87045719807196, 3.638633587081328, 15.76641044519522;
  -12.67195368416041, 3.654054824033457, 18.28012524478729;
  -14.46848857445114, 1.782768878101599, 20.76823129447272;
  -14.13344766153032, 0.444806457661537, 20.38944674965397;
  -14.53941315001444, 2.536930193209318, 20.98748630511701;
  -12.37045394061924, 3.678730396550353, 18.04403825377059;
  -12.64423528874106, 3.687162498767342, 18.44980053703172;
  -14.11720240629394, -0.5974775693868678, 20.59017334630859;
  -14.39552488802909, 2.584886125581681, 20.97348112593241;
  -13.95213984886177, 1.792377924997106, 20.40358476568225;
  -14.03024621736045, 1.628989584496, 20.52629606091315;
  -12.77487776619226, 3.677316449206531, 18.80097680877294;
  -14.32222507830858, 1.24645105539305, 20.95815857526939;
  -12.46810144368017, 3.531495956596829, 18.44117602296882;
  -13.87543293957506, 3.329224872811841, 20.38597182662439;
  -10.89274702981863, 3.605351491082661, 16.26870181027001;
  -14.96762614464999, -1.445695927132284, 22.00821078285;
  -14.45046131176582, 3.207996451938753, 21.34471319233874;
  -13.90822344953532, 1.71100984170945, 20.68298892951155;
  -10.69377188316733, 3.657629358333133, 16.16946383829199;
  -11.41837802205884, 3.629515199617547, 17.23217421148491;
  -13.98852805102227, 1.788188279442556, 20.86696756654748;
  -13.85256673630636, 0.8257591996478573, 20.72746365988711;
  -13.66772179593484, 1.32865304418149, 20.47196727135823;
  -12.28015241600669, 3.662772421967425, 18.52632183029553;
  16.54147777371271, 5.2718654408014, -22.29256863908192;
  -13.81004142344606, 0.9568078515213884, 20.8165734761752;
  -11.87768501881541, 3.67167166441624, 18.15112450375339;
  -13.90500051170498, 1.611819917153811, 21.10912126897571;
  -14.08528793485584, 0.4209757457444653, 21.45302035991492;
  -13.86293712950494, 1.76808095919307, 21.2430705164649;
  -13.79249173547773, 1.405321399348111, 21.15803272740455;
  -14.06371377887879, 0.8288188325927109, 21.5889481733399;
  -10.18638509597392, 3.61055685415073, 15.98475247377817;
  -14.17922833251697, -2.554230251279267, 21.84249956309349;
  -10.49619413336408, 3.600160230882411, 16.46073745626527;
  -11.14806270286388, 3.616139798973046, 17.42837731833733;
  -14.0000931092612, -1.484091569340251, 21.65033399706227;
  -13.70059539862875, 1.201462456296873, 21.22441548807436;
  -13.67389075545523, 1.586501184883399, 21.20606298555447;
  -14.34016178152981, -1.702974708706584, 22.21045891269518;
  -13.8387659073249, 0.9694748592219882, 21.4712545342599;
  -11.98472552964931, 3.664048907802096, 18.80203878385985;
  -13.53071238250014, 1.452975920005002, 21.10311384361306;
  16.23802374238517, 5.501096177207189, -22.74132543547452;
  -14.00019056054116, 1.357378362556248, 21.83342800724257;
  -14.35057926897212, -2.011942347998514, 22.39429960969098;
  -14.46245773473397, -1.874161978187303, 22.6160708014049;
  -11.50786798039598, 3.633342517261482, 18.20142557244458;
  -13.65678817000044, 1.869466315173642, 21.46267680576391;
  -12.04931923857642, 3.613975106951749, 19.07176810070444;
  -13.93697951062305, 0.2189491893050845, 21.99991867951056;
  -14.26514986282461, -1.398058230892305, 22.52817605857236;
  -14.40472239065487, -1.975501202531478, 22.7633096085782;
  -25.67092735200896, -8.782729955977146, 39.8970816427986;
  -13.91118987008167, -0.01670856513895087, 22.16155700936811;
  -13.58663840667514, 1.606627686604539, 21.68048927171386;
  -11.63870588944894, 3.623483111033547, 18.74592170977055;
  -14.03543775227432, 0.5223633531005334, 22.39725867622983;
  -14.08718068385256, -1.521884946065991, 22.50042368086097;
  -13.63607555318155, 1.702222547039249, 21.81812287510468;
  -14.13593602343656, -0.1005766101045155, 22.60619965959015;
  -9.857292844805869, 3.735142774919019, 16.1141132822148;
  -13.93538361416445, 1.226101402789387, 22.3417037545231;
  -13.77737133330749, 0.4184446855480905, 22.12511862801669;
  -13.56734224770599, 1.568414283645544, 21.82924494016265;
  -9.804846930277122, 3.791472035066841, 16.09599880325108;
  -13.73498599208508, 1.329406202663201, 22.10854207429957;
  -13.7467645210906, 0.2193806981069242, 22.20834907842048;
  -13.5655426533854, 1.667574675847706, 21.92123743995265;
  -13.73002701483003, 0.5265064510234824, 22.27916438224168;
  -13.44987203976281, -0.5449885775361949, 21.96097610237278;
  -13.61267417736739, -0.03372645881578479, 22.27888397732063;
  -13.42221178472024, 0.903252730404101, 21.99525206532329;
  -13.48039924073423, 1.320879257350468, 22.11591223962502;
  -10.02749857031924, 3.634391852520401, 16.77388300184671;
  -13.58219696723961, -0.182653832705152, 22.33311847478887;
  -10.67333612496018, 3.293564978273988, 17.80768668000959;
  -13.6230381484486, 0.5868482014191304, 22.42663708104664;
  -9.732805990760776, 3.697214572544552, 16.35464423591616;
  -10.30190088806006, 3.619873079480851, 17.26824754857563;
  -13.33300366455996, 1.255131446210204, 22.0677030146933;
  -11.03884620176052, 3.166427961543807, 18.46621220492882;
  -10.62079171851703, 3.643468994086956, 17.84556467734863;
  -13.5664049419156, 1.005995795581315, 22.50412424660062;
  -13.61561632669968, 0.09213880620142907, 22.63033146033141;
  -10.31406023358156, 3.458864432556601, 17.43427762678938;
  -13.16526951585008, -0.6311525572963822, 21.97672060675933;
  -13.66067722706853, 0.2930105757503396, 22.75564398349593;
  -9.535889516306204, 3.730046099106203, 16.32738311180764;
  -10.6700883469991, 3.052497801182319, 18.13864773906052;
  -10.15126099405279, 3.618743947819996, 17.32271028134596;
  -13.53713952332745, -4.788676974994312, 22.78392214874383;
  -13.41288999526647, 0.9214832465865259, 22.53940288726548;
  -13.17583717253354, 1.411610085348252, 22.18660639917002;
  -10.67151327988577, 3.203400698318887, 18.22602966323834;
  -13.30417471860023, 0.3473578274078943, 22.46706217628965;
  -10.81201483528444, 2.999155779419337, 18.48218768255801;
  -13.374164141044, -4.89586524630028, 22.655678439374;
  -13.50409561593816, -0.2146715018722457, 22.83842068227096;
  -10.17806400117377, 3.610177682021487, 17.48806253549713;
  -13.75198885151279, -2.893029003188786, 23.35094144301972;
  -13.44164465696122, -0.2939168213208306, 22.89543319152577;
  -13.67670903191542, -4.110003750927697, 23.4049591849309;
  -13.52389513374432, -0.3866202104622071, 23.16038486635711;
  -13.24249711679505, -2.990443694652332, 22.80572829343305;
  -10.43962021081847, 3.011267115268742, 18.23399431446337;
  -10.74837875444094, 2.917255714178543, 18.75000440027791;
  -13.55506170124583, -3.48581246865921, 23.40355566156661;
  -13.29241807428647, -0.6641253888440948, 23.03890973063517;
  -13.2762935514416, -4.905167428726862, 23.10933676283102;
  -13.08330314714925, -0.2900841186929196, 22.75774195280301;
  -9.563312091163468, 3.668128892549857, 16.93074467617763;
  -12.72566290821165, 0.8000903877045413, 22.16222026063864;
  -10.26504683569783, 2.969738268638043, 18.1072074305648;
  -12.87545047708972, 0.5849172022195732, 22.42829100945348;
  -13.37692917481945, -1.067451965512442, 23.29811300218832;
  -13.66683869419701, -1.526483632273007, 23.80832426968942;
