m=[-16.48759026452227, -0.1964810412311062, 21.11801960317508;
  -17.50854667743693, 0.07498501478365865, 22.39801630897916;
  -3.304661940290222, 0.6940206286099617, 5.398116360978601;
  -16.61439814120239, -0.7525376877974824, 24.8994190198944;
  -17.43424265983121, -0.9800702170902248, 26.32443767773987;
  -15.22710737769897, -0.4517575128762355, 23.19888282218573;
  -15.21484029845366, -0.1946075615569635, 24.12054478966397;
  -15.29219988225431, -0.03910138152837328, 24.37869765108617;
  -15.19591620590132, -0.2909670162713443, 24.25044178714189;
  -15.20680452427642, -0.2870593900338742, 24.50192229762832;
  -7.232929189759092, 0.5111420377294641, 12.32479719691457;
  -15.08638873845108, 0.02783802872607035, 24.70520719104154;
  -15.01890313619499, -0.1100414338352516, 24.6686030456906;
  -4.600661697840196, 0.5915075150574921, 8.401025791266692;
  -2.839246726568813, 0.7067279528995367, 5.89827183540217;
  -19.86640380366447, -1.278939974257973, 35.63537286173755;
  -8.277021601659373, -0.5923773304085088, 15.73851584809008;
  -7.983433991328054, -0.6556090443520056, 15.24459051772412;
  -13.98809736556549, -0.4822742752253097, 26.35783180689196;
  -13.86092435228476, 0.2192009543825222, 26.76492557243919;
  -13.51899741031464, -0.1461862549087877, 26.36131662917794;
  -13.51117446354655, 0.08647549348099712, 26.37333935378329;
  -13.65355859767421, -0.440267491529364, 26.68063496535912;
  -13.5610553312439, 0.233706466927233, 26.74069420691505;
  -13.58420870970503, 0.06403506019480101, 26.80866613063408;
  -13.58550040189256, -0.5497467837330357, 26.81862224244085;
  -13.70768022839553, -0.4320365024295632, 27.297836682333;
  -13.9395190476788, -0.4216494457858265, 28.36440954506108;
  -2.614318333754812, 0.7298794280196651, 6.161442812743327;
  -4.119939282961988, 0.5911763987366466, 9.431318158492411;
  -7.558439945111005, 0.3658209721413034, 16.58045518911708;
  -1.841417895265974, 0.7577377241256428, 4.824548655733778;
  -1.805286605023252, 0.7731008939514964, 4.818469025453272;
  -1.876509251596625, 0.779145332029912, 6.295253370935568;
  -18.52607946640884, -1.815626373038511, 54.6320206375443;
  -2.788366420295229, 0.6680353937672862, 9.391777511301914;
  -2.517201943152911, 0.7064788685447772, 8.860577351506192;
  -2.580823063558937, -0.9322166761518623, 9.081806015953216;
  -2.633644381784856, -0.915947816792684, 9.461832565326791;
  -2.669002917111757, -0.813507220839343, 9.616838365025361;
  -2.613623038652382, -0.8224628547204339, 9.560945879053424;
  -2.61644023401816, -0.9181186424056812, 9.689617425005725;
  -2.435877929055415, -0.7299599126356964, 9.129555186404769;
  -2.448422815960038, -0.8231710073096319, 9.327546650033346;
  -2.746129494248027, 0.7177687956280402, 10.51487263961189;
  -2.935832139042191, 0.6961383819114263, 11.40118188291806;
  -2.462731726604454, -1.115295106814145, 9.764823252612876;
  -2.930513304128957, 0.7262694339084307, 11.66358839698447;
  -5.27848180047962, -0.1979286513083865, 20.61187559296078;
  -2.315016796773799, -0.9815999231863174, 9.639827411126049;
  -5.677356872624641, -1.373875632499433, 22.98042026520335;
  -5.719944141166613, -0.2922135416363469, 23.56394450165908;
  -2.708770386540348, 0.6528316115319177, 11.83005475992042;
  -5.855234782491302, -1.029885687964439, 24.55725133273048;
  -5.849521829800307, -0.9563029836051067, 25.1312223084855;
  -0.9924821232571313, 0.906072108761629, 5.121658035379591;
  -4.790361974678022, -0.2333539018883886, 21.60337120236788;
  -1.15807216984335, 0.8215370613996429, 5.982672140513301;
  -5.08939937758122, 0.603618234915852, 23.16305454962333;
  -0.9373710450103455, 0.9405957227477111, 5.104072880049473;
  -5.302260185010801, -1.463294730969629, 24.74964007787234;
  -1.090457969855374, 0.8856715422296583, 5.918903655743103;
  -2.786726303200244, 0.6554054841219064, 13.68489960021645;
  -2.229757634519674, 0.7049365522572354, 11.35796680346404;
  -5.278181182149393, -0.8180308067872542, 25.56694505965945;
  -1.75498359740441, 0.7022140487994979, 9.28954110991125;
  -1.170025858997484, 0.8298090731136704, 6.529488454189687;
  -1.950168919013323, -0.9592227131392093, 10.45216569766759;
  -1.100793525976085, 0.8757562887467383, 6.460317882172757;
  -1.237893063574319, 0.7500664735568134, 7.161081559315337;
  -0.9303627929321783, 0.9325278055878737, 5.677156776234713;
  -1.141544359829896, 0.9303603662340875, 6.798632590214572;
  -1.300239800009573, 0.7727770157484434, 7.704020469813705;
  -1.190094503641546, 0.7894779566711241, 7.208065347476102;
  -4.892277091933737, -0.876168752057059, 26.81664183879861;
  -1.09750898499304, 0.8760331654428095, 6.739772276517279;
  -1.583543657925793, 0.726453801597606, 9.404340303379412;
  -2.504757232688527, 0.6462005077648134, 14.53386751706944;
  -1.49997407740276, 0.7125640754721633, 9.301484490049933;
  -2.025265926153755, 0.6896052337957217, 12.28898843040496;
  -0.6799513979488959, 0.9431200530269928, 4.92868420189917;
  -0.9603792957388411, 0.9149879638044846, 6.589390922176271;
  -1.33843912417019, 0.7019283944481405, 9.021181522569474;
  -1.905879959145471, 0.6629831446095921, 12.58949311151099;
  -3.823238093438177, -1.70782692924025, 24.6445839263484;
  -0.9742210269169288, 0.8663660734989077, 7.027674340984748;
  -3.952174683700273, -1.007757620774201, 26.15182581883322;
  -3.877968248294985, -1.2709146322299, 25.68828300765918;
  -1.377583184770793, -1.401619340281991, 9.683142689606957;
  -0.9599718779617278, 0.8949055515716575, 7.085222100494165;
  -1.089561262008663, 0.8427873816081107, 7.921251461373798;
  -1.252525122904257, 0.7929276042321281, 9.076976622251035;
  -3.09466627804997, 0.5371079921129943, 21.7110706870255;
  -3.525477202393923, -1.324689218411592, 24.80518497744313;
  -1.251193583175201, 0.7615101021972532, 9.522400464949785;
  -0.8861933726795592, 0.8744009171931412, 7.042667172213831;
  -1.358316265543369, 0.767031076303531, 10.33285994313075;
  -1.208645827123541, 0.755092856752241, 9.355517824311226;
  -1.138098849956361, 0.8224667998110362, 8.853303409882635;
  -1.102894998343459, 0.8631385028988485, 8.728976393489623;
  -0.8506078362640639, 0.8642481304772631, 7.151999904092923;
  -1.054233846751544, 0.8866912869064888, 8.738252617845285;
  -3.572559848872793, -0.8092847164387816, 27.52597303103621;
  -1.629141469653294, 0.7396897834735663, 13.50217248587863;
  -0.961045328064129, 0.8083065912886478, 8.558964176786413;
  -2.504360293073642, 0.814431812507759, 21.09510049174078;
  -0.9101526244332725, 0.9141241672050722, 8.241703153997975;
  -1.055955661025506, 0.8253538165603604, 9.458869887893565;
  -0.9033507515273992, 0.8933871103903424, 8.453026823311946;
  -2.162029670336584, 0.7875846487009363, 19.9785156002236;
  -2.769312722569959, 0.3494172170429468, 26.95117978079843;
  -1.195189844889508, 0.8249169513712366, 12.42647088365529;
  -0.9521850637877013, -1.333671035063052, 9.968653143481705;
  -0.8694288347398573, -2.084047085159716, 9.324304113370122;
  -0.8125082596757536, 0.901868142195427, 8.983842890888788;
  -2.106981394943227, -1.638266857584978, 22.83014085467136;
  -0.7169616394729359, 0.8519529017716575, 8.503617410885729;
  -3.366152510461049, -0.3754003580944796, 36.5939774117979;
  -1.010470338442207, -0.919460002383653, 12.86669970536061;
  -0.8530348378990759, 0.983297634906688, 11.16665700355773;
  -1.86927908005804, -2.091776348546483, 24.04304246709627;
  -3.489268443490681, -0.9928265988096932, 44.79816477190062;
  -0.6073307542073086, -1.79887376191226, 8.473199597560875;
  -2.285041572738209, -0.0240339093988101, 30.6032827699894;
  -0.6965998413274442, -1.885753514063773, 9.909353222081203;
  -1.418133169743907, -1.428614428965721, 20.03497760989475;
  -1.723552969069204, 0.6434949751817145, 24.73118387645612;
  -0.8120678702236992, 1.01237771017708, 12.37726588827558;
  -0.5660087066210447, -1.677223717758288, 9.194023860202027;
  -1.249248415720387, -1.082732592877413, 19.74626776128561;
