m=[-5.791286628947408, 1.485342345702264, 8.059414902591144;
  -6.259612038300557, 1.445677066280875, 8.641966512102783;
  -6.581947061295966, 1.40190772028352, 9.206820667248922;
  -5.00078303827991, -0.9643544462870197, 7.553090145187888;
  -30.30940940688965, -0.588947166137039, 40.93372220315216;
  -5.433939670086726, 1.505912307116566, 8.173971578264583;
  -30.54343804989525, 0.3032512978230306, 41.48155840557856;
  -30.08350696096031, -0.1916096777227311, 40.95212707889447;
  -5.132246884621477, -1.034289632126529, 7.821800706430804;
  -5.615661377155012, 1.491239068656449, 8.578281129533968;
  -5.705009323311106, 1.453761796074114, 8.750144227342217;
  -5.083694865924853, -1.030468785314878, 7.906220049379285;
  -5.255604801842978, 1.529046375389459, 8.176313262079576;
  -5.400964144847491, -1.462372070135407, 8.395432634150133;
  -7.424917658824143, 1.327754304504287, 11.17467117314082;
  -5.668217577800004, 1.460787472646527, 8.802350530450626;
  -7.205199244716063, 1.327875253585432, 11.00654156108335;
  -5.379267825552115, 1.503677117305508, 8.524621339884671;
  -5.272423538005096, 1.404953948409123, 8.517621022435133;
  -6.10942679026155, 1.450563805543243, 9.832970784251264;
  -6.872030066953554, 1.376313102103436, 10.94626540322828;
  -6.98258426697473, 1.345385374520087, 11.12292785231952;
  -6.433473212845698, 1.399187421528473, 10.34428390837523;
  -5.204575601773562, -1.793531606436862, 8.586282703934854;
  -6.33055635705698, 1.422006275153991, 10.33829419611218;
  -6.586173760879713, 1.364135267700338, 10.72971721901551;
  -6.829914635977008, 1.365078993023894, 11.31922698137727;
  -6.879421339684848, 1.328386508277222, 11.5583276107082;
  -3.988005661787877, 1.553231001110865, 7.157316480186893;
  -4.75728706159553, -1.099164517016388, 8.427668925419511;
  -5.030866439857806, -1.780655871954583, 8.868193990908317;
  -4.992541944261598, -1.770542086970108, 8.880224817625839;
  -6.959914177162951, 1.399875145638245, 12.05271534566744;
  -4.051062951112424, 1.550401371014832, 7.482575701161203;
  -5.652203075839297, 1.392590535522046, 10.12495725920585;
  -5.287960619903005, 1.444039829077116, 9.639905459835651;
  -27.94796631643664, -0.185904637989985, 46.86381321831589;
  -4.459729678989799, 1.548629785147468, 8.315776493665213;
  -5.046226068768341, 1.490673446851766, 9.311537596784051;
  -27.11660869644686, -0.3642227856694917, 45.7832643144485;
  -26.88349078700035, -0.6702069731861657, 45.47358835239105;
  -4.536203634023623, 1.514713925751971, 8.510808880841221;
  -26.59648992432026, -0.3494915576748096, 45.34217858879708;
  -26.68565849699494, -1.172404321899007, 45.79652241438559;
  -26.79249682573946, -0.03827362583485184, 46.5161828670939;
  -4.581628541453684, -1.203432963193537, 8.82591856636931;
  -4.648642568395266, -1.393553580873937, 8.998494524660453;
  -25.42848050282001, -0.6675082655526337, 45.07398468055329;
  -9.161940973020322, 1.14881116615227, 16.92941096019639;
  -4.466247859060242, -1.154188189897502, 8.762659414658971;
  -3.92471261682509, -1.523317003819485, 7.844549089456781;
  -6.270533913510229, 1.377203475120304, 11.94486208683334;
  -6.196756328967867, 1.378993724344357, 12.01545700965542;
  -3.980978449889656, -1.69695422094431, 8.103554855801688;
  -4.435902850699422, -0.7163822390179921, 8.964238055952956;
  -3.862103938684241, -1.716824517566441, 7.948057519427195;
  -13.38617015772531, 0.9989170732564442, 25.11758489446519;
  -6.042739467639183, 1.292627638913205, 11.92569455126816;
  -17.49726765040243, 0.7451103767573051, 32.76246922461357;
  -4.165330278284007, -0.4780474814174377, 8.61909720376887;
  -4.225320636973476, -0.5612304663382064, 8.758271074651391;
  -4.197809095932549, -0.7422961318361194, 8.754991950460846;
  -4.111360151061259, -0.4729684515412436, 8.613838094501764;
  -4.060568333880362, -0.3998897841310203, 8.582217836444167;
  -4.022229949182211, -0.3354894229370795, 8.53207011828059;
  -9.101459142228299, 1.15604690020385, 18.06845045038525;
  -4.100588852209638, -0.5262305470329205, 8.701357343994683;
  -4.370116123649013, -1.034559594798143, 9.214334339436897;
  -4.134823421607037, -1.881228498289709, 8.784344237651787;
  -4.044698595268146, -0.455880642754, 8.634637846837489;
  -4.672295825226914, -1.615671727236756, 9.836607565417413;
  -4.03547039625361, -0.3098879350122962, 8.625809984444045;
  -4.047017537580412, -1.821167804841461, 8.680437597990785;
  -4.471378075701104, -0.9607853863553082, 9.494979153622625;
  -4.63754522249576, -1.753204314233606, 9.81482539554808;
  -4.240790039968843, -1.146217158224653, 9.075058055888285;
  -4.082115053294524, -0.5281257795353155, 8.776644630428134;
  -4.255022165787723, -1.077381015921913, 9.121135322641802;
  -4.465237169598778, -1.016732382445194, 9.539449526891751;
  -11.63682457026191, 0.9834953674654633, 23.29480936153695;
  -5.105336598514522, 1.425853087849294, 10.79580844820347;
  -4.04132319218843, -0.5142701004288378, 8.799624867751035;
  -4.147618771935336, -2.002284204203052, 9.005189242401928;
  -4.267204897971661, -1.127253623559123, 9.244914363150381;
  -4.038293151892364, -0.6416892397255607, 8.875115899732352;
  -3.990613579037756, -0.3236486034629535, 8.785560250449045;
  -5.4461794420879, 1.410958784771112, 11.64326438268281;
  -8.379281921146179, 1.121212041069793, 17.43726432943792;
  -4.036437311890685, -0.4895254671237067, 8.915720465997438;
  -4.458924770686197, -1.401662872361028, 9.745068623186816;
  -4.260147588677367, -1.115424548473635, 9.386284095968744;
  -4.246869021304356, -1.545569433946987, 9.416990740379838;
  -4.613945438652419, -1.34960566709579, 10.1668808690608;
  -3.962101067993154, -0.4714625422485536, 8.878598115803044;
  -4.659520611340417, -1.319811875138274, 10.27978340847087;
  -4.126327996884176, -0.9110518523804326, 9.219768527478315;
  -4.466867428248193, -1.34829801555231, 9.909329172884501;
  -8.444809165764452, 1.153013040144386, 17.99584997905019;
  -4.157707312175162, -0.652534419007301, 9.374070744846092;
  -4.121887393189697, -1.601443261655368, 9.311457025799356;
  -4.098292408523426, -1.746115815371256, 9.274579089090874;
  -4.153054265467984, -1.688185355687913, 9.412122331201074;
  -4.015739149118168, -0.4604031587362195, 9.173590950705773;
  -4.330319584231196, -1.204154267259332, 9.851142632232959;
  -4.164559882476797, -0.7579410298284756, 9.510533138096397;
  -4.029553514989219, -1.602801927444588, 9.244070608346515;
  -3.941389218888406, -1.667329637698547, 9.087734105193283;
  -4.333322060535616, -1.115377125268181, 9.917957369343146;
  -4.251778970878102, -1.130591306419899, 9.775867632937118;
  -4.125904464588643, -0.6876984288955026, 9.518966146181505;
  -3.924299504077585, -0.5618395334355459, 9.119006931734996;
  -4.000668405204093, -0.6079394016765158, 9.280062295494908;
  -4.189379347081963, -1.149308673791268, 9.691014559413283;
  -3.96842528804545, -1.579317688056556, 9.238515760936796;
  -4.095192826084904, -0.664921873375426, 9.548597343914015;
  -4.59308222986442, 1.440867911255913, 10.59818815225864;
  -3.97555297740465, -1.646377186850122, 9.305224053236861;
  -4.219731942503819, -1.075719176315245, 9.877418511829237;
  -4.047286148604004, -0.9167914775737895, 9.528256644366953;
  -3.892437788187936, -0.44913508987736, 9.208026727023489;
  -5.575248584133555, 1.317169391036917, 12.86388649670985;
  -3.675834354747491, -1.815054750580621, 8.869742735067314;
  -4.027134060104863, -0.7235283542430114, 9.634180593619261;
  -3.944372684624278, -0.6166932545290078, 9.479371641718384;
  -3.633517192423367, -1.883097794010203, 8.816558568295022;
  -4.493271599985907, 1.423027158976959, 10.67582706238548;
  -3.650870292839047, -1.668246925757167, 8.906196109551948;
  -3.690485631164895, -1.963099253588478, 9.00471478457626;
  -3.404416668123068, 1.598393301252225, 8.392346599180526;
  -3.584626802848767, -1.689675827031096, 8.788192204867661;
  -3.068225517306502, 1.637703290130875, 7.70939604650479;
