m=[-2.773535348629351, 0.9214892065766747, 4.831692997198071;
  -2.792936147118368, 0.9007178991866708, 4.874049982684721;
  -4.364849476660131, 0.7851777813064352, 7.047277626041188;
  -4.936073386119705, 0.7560073555915204, 8.117737271701953;
  -2.704914623753673, 0.8971926720328739, 4.931325874998049;
  -2.6486766526426, 0.9047190247748462, 4.913957202417343;
  -15.80467242008012, -0.3095819826434109, 24.37918422257581;
  -15.47338661783339, 0.361880951053516, 24.00998599736183;
  -2.534229885790118, 0.9095925179918766, 4.874789154581938;
  -2.903098832491379, 0.8787335297018667, 5.485018622636471;
  -2.525482527867017, 0.9156220264237556, 4.9392837132474;
  -2.445152982654759, 0.9389787195116782, 4.833928370379671;
  -15.1077415705298, 0.1430935296230346, 24.7322589911115;
  -14.4806051226427, 0.1571220967624674, 24.04371727108356;
  -3.850267033601939, 0.8191265863320559, 7.159929675804786;
  -3.926204806718579, 0.7877953682346457, 7.421739062909219;
  -3.088514257658635, 0.8677548106592106, 6.064882330645713;
  -3.135348700719494, 0.8939701056057436, 6.580432151905517;
  -5.569872978046127, -0.4784319747003443, 11.00431732633928;
  -4.301350648662829, 0.8192750235355053, 8.877191888127129;
  -5.447711742315599, 0.5693140335493012, 11.07863612321042;
  -3.302334114496422, 0.8656503095885511, 7.225188217987659;
  -4.311176867999492, 0.8542050419906657, 9.529959868236789;
  -3.921421371710427, 0.8836621388018494, 8.921839814410744;
  -3.697227589225543, 0.8910795317528337, 8.580911008745357;
  -19.045859019323, -1.484302989138964, 40.54420860665705;
  -4.049711917655794, 0.839223024632777, 9.572137081204691;
  -3.308559268036653, -0.9584799645474801, 8.152498509164278;
  -3.30939749269317, -0.9214432498746045, 8.183041417568612;
  -3.848258036385155, 0.8723362078186208, 9.407710413726473;
  -3.228392028385188, -0.884285740678297, 8.184715620471906;
  -3.378285555455383, -1.519812075580891, 9.285817688700394;
  -9.279971864800857, 0.0538342581270321, 24.12379613477508;
  -18.33167782203974, -1.559873322767186, 47.33563826103587;
  -4.989555266997622, 0.7451794688237701, 14.19278582424881;
  -5.567495030561042, -1.116595661836318, 15.80259394618933;
  -5.228657993745008, -1.269826187559481, 14.96166728011711;
  -4.768433665657718, -1.173662248256822, 14.00227945816341;
  -5.205587803177665, -1.116258639865874, 15.35142277896466;
  -4.817091425034238, -1.208216229370614, 14.32351932356478;
  -5.112077482825569, -1.078868839461308, 15.17853352605643;
  -2.703958468769062, -1.711678562653381, 8.670130389926282;
  -4.816201940426058, -1.419191660866774, 14.71544383169109;
  -4.52089042019358, -1.236731667297904, 13.99087366069255;
  -4.476519414240485, -1.369921953436718, 13.88803762400692;
  -6.047244994143633, 0.2668227679072621, 18.95085630391734;
  -7.123271967572506, -1.729764716344593, 22.321228830854;
  -4.470010731707936, -1.252369100530355, 14.40122755739009;
  -7.246945976223664, -0.9758529778344645, 23.05147714946946;
  -6.857872450839135, -1.397806431602932, 22.46799511461616;
  -3.041528399308268, 0.8853719801387994, 10.56117153747772;
  -6.316288579640039, -0.1894197784368308, 20.88129178509034;
  -4.061776193744412, 0.8065398034411755, 13.84487383537572;
  -6.185705315122624, -1.271224033573764, 21.04762286638423;
  -6.890181882328159, -0.989274366456199, 23.41539613484374;
  -3.461063215565128, 0.8068861521019071, 12.49475617490313;
  -3.695180798104778, 0.7988271897791189, 13.44937128302132;
  -5.81585293257991, -0.1688669127509855, 20.67728065480309;
  -5.331392526042041, -0.1269340498105094, 19.13104939552213;
  -6.462862629085449, -1.338039945840975, 23.04821221912907;
  -7.022123829027215, -1.021848355055121, 25.01614542282598;
  -2.053593668888316, 0.9164801586872242, 8.064056565165325;
  -3.207847886846945, 0.8024338855023686, 12.17874886385134;
  -3.031262074354074, 0.9070813289993968, 11.57985764466441;
  -2.826059859395747, 0.9125395254934949, 10.90677769321679;
  -2.634273996492878, 0.9089177352382912, 10.3413582739459;
  -3.41486293181856, 0.8022573499508141, 13.34426821080695;
  -3.248400259211225, 0.8353610449548231, 12.7797038609279;
  -1.469460448294097, 1.096877686702165, 6.537197057136992;
  -2.536594144684041, 0.8852393511178452, 10.66113021395302;
  -3.017933611613075, -1.386293107623584, 12.54805001191949;
  -2.990759149663394, -1.598139824474247, 12.89357902827325;
  -2.776109294924777, -1.320184444945192, 12.49711096989916;
  -1.730591217567533, -1.33504737266826, 8.248350008142213;
  -2.758864237403432, -1.447604545067917, 13.07567795804489;
  -1.690882325314571, 0.9695314778344173, 8.615118108529458;
  -1.783742954046087, 0.9427938643792555, 9.451959902188143;
  -4.445601764016088, -1.622628026349102, 22.24685900576959;
  -4.58021528317127, -0.8896090699619245, 23.4306593380343;
  -4.600787134715625, 0.05977719730121951, 24.45985055364627;
  -4.022037432469801, 0.1213201966687539, 21.51470125504942;
  -2.075364861866497, 0.9671544220173621, 11.67502252535134;
  -2.629764830726612, -1.433716603161406, 14.879544028807;
  -1.45610821441131, 1.060179620089277, 8.711522292733285;
  -1.322846346741284, -0.9232499408203903, 8.084413596292222;
  -1.830841616272287, 0.9080492691798821, 10.97286449645719;
  -2.515935026687199, -1.422069238402245, 14.74680010710224;
  -3.962467705193958, -0.8681314648526871, 22.72699282369583;
  -1.254066584868051, -0.9583592095668693, 7.924960786946718;
  -3.892471025625361, -0.6306003931476292, 22.7065322767061;
  -3.817715709550138, -1.606300526538775, 22.37614744823675;
  -2.883413638941003, 0.8950350548431386, 17.64773705857261;
  -3.80167234205402, -0.3530515724547588, 23.13205364914073;
  -1.440598115072227, 1.098312667053967, 9.529562462027418;
  -2.633809303034948, 0.9031527437618089, 17.36366735719418;
  -1.227947505550096, 1.128926743899611, 8.680161720335381;
  -1.771728941383474, 1.08538069663275, 12.02695046813847;
  -1.475298491434654, 1.072379288133029, 10.71461547815482;
  -1.033536137003088, 1.006628089054124, 7.923888284192759;
  -2.732213640956835, -1.601522765894817, 21.22429099616662;
  -2.828373890938442, -0.1335085106507301, 21.99184796897918;
  -0.8821090136138645, -1.195071308270771, 7.950715744531297;
  -1.997081620625258, 0.93789544525428, 17.30052523997327;
  -2.079322761293349, -1.689390961499169, 18.15920117915814;
  -1.519205899911227, -1.569766090749037, 13.66789666430583;
  -2.513990252730594, -0.4090411458366571, 22.34812183918567;
  -2.118301994183532, 0.09912559238288823, 19.07335280825136;
  -1.590450900122433, -1.707693169799417, 15.01112088933636;
  -2.081292398019347, 0.7089262805630761, 19.62928562537681;
  -2.405869085757103, -2.385415888060394, 22.90150882656591;
  -2.302440237348571, -0.02181147174937445, 22.92993353241771;
  -0.7437668689014305, -1.323713453835698, 8.543009196756465;
  -2.269793659601577, -0.1819015551779391, 23.68372897747588;
  -0.6944120599073427, -1.225207832412685, 8.176574820661395;
  -1.702031835988912, 0.35417936459189, 18.28049799231296;
  -0.6881738485809585, -1.356022773420197, 8.089881172853518;
  -2.488510666442259, -0.2947984989272577, 27.12238995082609;
  -0.7058987263245169, -1.31429253134713, 8.577944410060004;
  -0.6789169044079425, -1.313386815319397, 8.55734689866684;
  -1.64512116519852, 0.3261305393128468, 19.2554386697173;
  -0.673719629767382, -1.4765935082984, 8.881689604686807;
  -1.881833080045631, -0.5150285586180403, 22.90176745260502;
  -1.620566004571155, 0.5380867421970753, 19.82456980393118;
  -0.6079649345674063, -1.468111753717638, 8.334071757606818;
  -0.5847809951459995, -1.262268342082563, 8.233421153936918;
  -1.521965207062914, 0.3203691521849302, 19.52054433558594;
  -1.413450515916844, -1.548379429602173, 18.37420303371576;
  -0.5660135242633981, -1.408809389406736, 8.249024520803244;
  -0.634478298145888, -1.69048977598087, 8.990926351480917;
  -1.394181634474763, 0.6090978847873692, 18.95235869509761;
  -1.387144899250878, 0.54107276310924, 19.65669696761346;
