m=[-17.68515655551125, -0.7656460174937356, 23.27290927356788;
  -16.3646534462922, -0.493756272416741, 21.87283829926177;
  -16.0592925569278, -0.1554626856989046, 21.85164648849226;
  -16.04876657412028, -0.5301861461625923, 22.2817677298544;
  -7.099881520680478, 0.6298549739772723, 10.49523586962091;
  -15.95118917848241, -0.31418744057841, 22.39372225736954;
  -15.89966421925134, -0.5997196501552512, 22.54932827201089;
  -15.85790394714469, -0.4526180971316081, 22.61657379364173;
  -15.76384343764553, -0.248844295241081, 22.52339249482074;
  -15.99377791995791, -0.7748949550731922, 22.87405804784054;
  -16.04530658372162, -0.1280803053221525, 23.21575860726649;
  -14.79904924031018, -0.2751526196712019, 22.2302075028361;
  -4.141931129919947, 0.7298089716015096, 7.298236576321843;
  -2.865091116761911, 0.8158041784521498, 5.513020859492747;
  -4.061796989768483, 0.7425486454685993, 7.427814872488941;
  -2.457377995215548, 0.9402183166112791, 4.995495183270453;
  -2.699664070306092, 0.8052186305022804, 5.521441785670704;
  -4.652737899347297, -0.9454139310561057, 8.854734702363485;
  -2.526861572516884, 0.8556796614688454, 5.275351065518398;
  -2.391853280653836, 0.8964739501971313, 5.131087831771056;
  -2.42429878796426, 0.8854816752338259, 5.213952018017865;
  -3.398853842786715, 0.8041816798464682, 6.936136701998655;
  -2.416067146850897, 0.8607033075227282, 5.235520171629368;
  -4.892383923526192, -1.736106532659931, 9.568713845310693;
  -4.915823559391721, -1.669402024145988, 9.621866865558882;
  -2.629050613393891, 0.8362931296899437, 5.985494846145929;
  -5.271801468285241, 0.4290283500397062, 11.316922074257;
  -5.250050195890752, 0.5318223168849845, 11.37003357553498;
  -4.133140895307522, 0.7587734860199763, 9.182734131319352;
  -5.093314739372543, 0.467327916847853, 11.41866588950929;
  -2.991218863516557, 0.8049357517398893, 7.498898803412287;
  -3.027721973205042, 0.7983039424744621, 7.659420074464086;
  -3.51892076793467, -1.45398751938991, 8.838677015030166;
  -3.449031765936018, 0.8202242616373301, 8.68323513512288;
  -3.779751625870922, 0.7630663957648796, 9.622025279195851;
  -3.649749458767139, 0.811062888815739, 9.605737200537496;
  -3.074054609292355, -0.8805262056498904, 8.453439875571597;
  -3.092779570786103, -1.035333495633461, 8.574829516255996;
  -3.040984839084132, -0.9681472323043951, 8.472515455342597;
  -3.024927540065165, -0.8946152166105685, 8.442986125751471;
  -15.11606286683855, -1.397081163377784, 40.30119624165739;
  -2.908009797499963, -1.206608603667503, 8.696492469074325;
  -4.266809013030395, 0.726308128374524, 12.96231040912423;
  -6.385863070430761, -0.2555748798950573, 19.57708134453661;
  -4.879256872617141, -1.112643751758708, 15.21592404698315;
  -4.571460501936305, -1.210419610490527, 14.40611555609438;
  -2.300572656648968, 0.8430508883003046, 8.057028081700663;
  -6.845958857779134, -1.753841598187642, 22.45599253482675;
  -4.242462348494077, -1.262109460525801, 14.52500086785743;
  -6.528902890314575, -0.9699202263679415, 21.84978305011748;
  -2.94276473709614, 0.809627761401106, 10.49934964350746;
  -2.179650406820046, 0.8346120938010873, 8.102384915480821;
  -6.884699633381366, -1.104316129017315, 24.44483482633888;
  -2.059049346112709, 0.8663526775553925, 8.119296346671941;
  -6.045093420771204, -0.8770757058515059, 22.05114043527852;
  -2.774254735428843, 0.8503064070958065, 10.80638242112587;
  -5.292277176998939, -0.1957688588907338, 19.92657652335074;
  -6.50928225992472, -1.035980109042649, 24.30402438376838;
  -1.56177439390099, 0.9061742080768034, 6.698568296877171;
  -2.952541980128084, 0.7936198933025114, 11.80284334007955;
  -2.996583646685052, 0.7367852118046081, 12.2030676905998;
  -1.814924306397085, 0.8883705926828136, 7.852192298988554;
  -1.912861927069711, 0.854549930353824, 8.245723659564913;
  -2.464920133426863, 0.842668088938361, 10.4666882472513;
  -2.750376799312229, 0.8384685179969144, 11.61289989974649;
  -1.807428633873934, 0.8849908915306787, 8.042656217893802;
  -3.008716789519409, 0.7621930251028021, 12.7051403023537;
  -2.081040157783152, 0.8225706242205735, 9.490241471176066;
  -1.512694997574913, 0.9363956573295974, 7.254092549563301;
  -1.408804793989961, 0.9874286828325219, 6.937614212936333;
  -2.408439338996777, 0.8032204987539423, 11.14968771526552;
  -2.536325810312647, 0.7834191021368225, 11.90711546356208;
  -1.533059985691075, 0.923202302435653, 7.831919456698177;
  -2.764778153292338, -1.377378943291037, 13.29309146016485;
  -1.887114737700422, 0.8327954416369053, 9.513104230727222;
  -1.520653087205471, 0.9159329482443045, 7.966932787554977;
  -2.548488913271545, -1.417594129492677, 13.00039075018216;
  -1.452589392337504, 0.97646203163964, 7.840265465776113;
  -1.654371183269656, 0.8898255503500447, 9.109066500048529;
  -1.400719112699538, 0.9743574503316737, 7.951570063104113;
  -1.349867831483877, 1.055120903164164, 7.716034868354218;
  -1.560087659126118, 0.9008732907946317, 8.763064745475434;
  -4.254745086299161, -0.6831171647617051, 22.31166240316203;
  -2.456037490773732, -1.261962818448399, 13.38571192565347;
  -4.073497845721229, -1.592821358342804, 21.61046163868826;
  -1.1759685213218, 1.085763246191151, 7.16025790136187;
  -1.281089183689447, 1.054536084903598, 7.706688234349575;
  -1.279630135687218, 0.9965718109596888, 7.750783798339832;
  -3.577958449485872, 0.01153281828175661, 20.35905131207227;
  -3.777857328953387, 0.0540735282041538, 21.46924871394984;
  -3.640690853542569, -1.179247527143891, 20.90549274171198;
  -3.626603830676376, -0.8842631139136226, 22.17319870910781;
  -3.426214565389776, -0.6309324226425996, 21.34167017621812;
  -3.502880794938132, -1.586051253751119, 21.89351523361474;
  -1.129941326951895, -0.9285001920686856, 7.991228108452257;
  -2.020132074075995, -1.239647750834813, 13.55398904788674;
  -2.687880493538936, 0.8262866824999817, 17.67490902287743;
  -3.385807463611163, -0.3876946595847177, 22.04096321640286;
  -3.190379630460222, -1.161802871121596, 21.59401398592407;
  -0.9531637582780664, 1.078286673722485, 7.359768223328408;
  -0.857580357198569, 1.05509324371788, 7.168294193070699;
  -1.713637472002258, 0.9370058195535006, 13.9557263577565;
  -0.8156260867167121, 1.064324772244755, 7.259808586025186;
  -1.146987528086152, 1.024111532072473, 9.902773107219341;
  -2.081571824365273, -1.341143030271508, 17.61389952774537;
  -2.530583741606968, -0.1723074657645755, 21.26844007327416;
  -1.279268099436224, -2.237692736952705, 12.41340597898732;
  -1.787590849432764, -1.58483219614544, 17.09791563689537;
  -1.498276042162507, -1.698304791176026, 14.91475355323689;
  -2.233194603171853, -0.4625706356668234, 21.64226845418145;
  -1.950789501713414, 0.04600507828132859, 19.20858312045856;
  -1.559083097995563, -1.190775917347624, 15.82723287323624;
  -1.452165082165391, -1.717428931443896, 15.20548291734517;
  -1.805239040699775, 0.607081431200027, 18.71348961638901;
  -1.989659789697068, -2.163103257914586, 20.84109872351904;
  -1.374039924579779, -1.136090927769779, 15.19174362870905;
  -0.6764189337406301, -1.758828830051297, 8.072662212949155;
  -1.671404868820758, 0.8040019992438192, 18.37602038499812;
  -1.924600454762896, -0.06840749740688686, 21.05087791829791;
  -0.7133138262584732, -1.613197276464795, 8.565753640054149;
  -2.096070424156368, -1.362325333987824, 23.84085427111042;
  -0.5507374684082274, 1.073331180686477, 7.100134045003756;
  -1.6347979221767, -0.2713747341881355, 19.87081124858728;
  -0.6052657836796543, -1.295173775599269, 8.792946085636746;
  -1.500434698717711, -0.4980762844956146, 20.41642821001268;
  -0.5941199634353362, -1.405341086208481, 8.949440676051319;
  -0.5953028193687591, -1.459509368304709, 9.124463719039925;
  -1.236301891828733, 0.2487084736103388, 17.9368827278275;
  -1.008854915473485, -1.259197363551879, 15.06584841322568;
  -0.5313418999410385, -1.413034298050037, 8.419184578275432;
  -0.5198097363409954, -1.253322203255755, 8.534585320537298;
