m=[-6.979829693075736, -0.3470943049083784, 10.81788857881385;
  -7.037760983951068, -0.53582672782256, 10.91013118167043;
  -5.47440826090204, 1.520098433405787, 8.836801247961994;
  -5.211090120046538, 1.584994055811263, 8.477050329660564;
  -5.217519542128902, 1.662817320601354, 8.507175927665262;
  -5.474933497546032, 1.514640964027909, 8.969443140030212;
  -5.177774731371261, 1.69024397659419, 8.571645900406843;
  -5.490022077232599, 1.569766909923618, 9.050162928362806;
  -5.074452998519034, 1.776766684024155, 8.472391712831211;
  -5.176411708751541, 1.62705101960055, 8.801409565652799;
  -5.142495120950197, 1.643612006288063, 8.902803974247835;
  -5.649881724937233, 0.1909603138310301, 9.630757174590679;
  -4.981046576461205, 1.761427897682296, 8.736298821284246;
  -5.038136616515944, 0.4970383070509958, 9.278904248860142;
  -4.889061260983428, 0.5834780751411741, 9.091611409647642;
  -4.883027348766542, 0.8375520562625544, 9.102042111528931;
  -5.087488210778497, 1.540098428479739, 9.51327417224274;
  -4.920109077810883, 0.4194444840770332, 9.255811937884321;
  -4.811975936607386, 0.8347610058318125, 9.100083127331251;
  -4.826428169242706, 0.6332309394665303, 9.282526641798489;
  -4.756965842543281, 0.7224875982142337, 9.226755245556237;
  -4.772995224556395, 0.6597835122578125, 9.271494016989275;
  -4.754734746006678, 0.4798984582781709, 9.266807548562042;
  -4.818420358209393, 0.3515980429989926, 9.388433853570772;
  -4.718834191172168, 0.9127022134760429, 9.292881845008527;
  5.218896926801149, -1.867106108565924, -7.909808736460525;
  -4.724517430885589, 0.632276350905694, 9.29736165190814;
  -4.6446280281136, 0.8828965996060935, 9.266609869453587;
  -4.667740830450798, 0.8250909891559546, 9.33253239436832;
  -4.650913513558883, 0.5791392289045785, 9.31681471362934;
  -4.699224519294027, 0.9230751876977675, 9.429812391829762;
  -4.691379929940292, 1.125568113355767, 9.429613145540094;
  -4.620966469449457, 0.3976622986175912, 9.488726713058107;
  -4.600094954554373, 0.5707060584480082, 9.458679103566862;
  -4.543065981347867, 1.032708679836175, 9.382225125900282;
  -4.606302513667631, 0.8138559876243978, 9.507673188229711;
  -4.475636714385817, 1.115641329282366, 9.294061342501751;
  -4.625122067989404, 0.3542612785493849, 9.543946232422648;
  -4.444567935642591, 1.143871095295982, 9.317598323452222;
  -4.412040208812347, 0.5731647171087113, 9.262295555286052;
  -4.500633792760804, 0.6770763615343596, 9.453741730797496;
  -4.393177317473502, 0.7166570299104834, 9.45638385883516;
  -4.370478171941269, 0.6920866901454968, 9.490237738952173;
  -4.5061239428224, 0.413518054246977, 9.753420015826034;
  -6.732124005917128, -0.98977770222775, 13.98071632168468;
  -4.555404215547626, 0.1577270428332605, 9.866070568717017;
  -6.634351043545426, -0.8927398536553836, 13.8649383571954;
  -4.32597614035934, 0.9313415195589188, 9.515519056719429;
  -4.489648090948731, 0.353740900806398, 9.812049360534569;
  -4.429143942412341, 1.772478340283858, 9.793065048636182;
  -4.437523951714103, 0.2642270491005956, 9.767639144963125;
  -4.362198671360202, 1.79536077551645, 9.765703441687736;
  -6.64145085786591, -1.366426451710226, 14.12888680407623;
  -4.327811419643161, 0.6435052590715999, 9.679539281467351;
  -4.379820460726114, 1.137356965073674, 9.86988818939758;
  -4.301039285127662, 0.7351514848854647, 9.828613057628457;
  -6.533759092554798, -1.476079850160481, 14.25725836912534;
  -4.292851173802522, 0.4815148247401465, 9.865267314546243;
  -4.234880262008646, 0.7321357374969642, 9.776067539346519;
  -4.214936267798787, 0.7793025670200192, 9.760941463129397;
  -4.920043445359937, 2.053860351106363, 11.22033081429543;
  -4.234692387931572, 1.075461764158177, 9.839518633095645;
  -4.233214923932365, 1.208203929071567, 9.868048238612454;
  -4.256200622011171, 1.005632186953736, 9.92567222825215;
  -4.10421558438361, 0.8267294234333931, 9.613646616215821;
  -4.110461545044403, 0.7190029067321081, 9.650412294175036;
  -4.143479853260596, 0.9660960725438627, 9.763318699904186;
  -4.169126611523795, 0.9348728419748398, 9.852500407114857;
  -4.147150233229374, 1.12932174853924, 9.845261341715805;
  -6.485593364356427, -1.589945256592449, 14.62537632912513;
  -4.103457123389705, 0.9033263331782337, 9.785510733979633;
  -6.35020176292021, -1.729375613250457, 14.42620466024577;
  -6.353369194653364, -1.525920422930336, 14.51199272474273;
  -6.555462510721647, -1.958831289831075, 14.94437769426695;
  -6.358306362671392, -2.2099353763739, 14.54232949166539;
  -6.393871814080901, -2.155160385656214, 14.63298739776367;
  -4.178214460115672, 0.3247087511894927, 10.03963859701038;
  -4.105941530971071, 0.4196363730632758, 9.935708829294986;
  -6.293349754263199, -2.091377139532967, 14.5371259864839;
  -3.924267728669537, 0.4343502561715152, 9.851582154618463;
  -6.248812400863303, -1.975353162559955, 14.9397242792533;
  -6.207984150841784, -2.058211952699189, 14.90161373582855;
  -6.227947972329781, -1.932021702354538, 15.06223332564321;
  -4.013168027606562, 0.559082767784263, 10.35095630443141;
  -6.163062112057316, -2.146035687267449, 15.14676798128382;
  -6.175595221740262, -1.93251737045627, 15.25894135190309;
  -6.156673711978101, -2.02139358239041, 15.23675921478232;
  -4.45388033193255, -0.002835250475383334, 11.49495161039347;
  -6.12910211847836, -1.909291581579992, 15.36796870532671;
  -3.96551498166883, 1.774207074433839, 10.5688316232377;
  -6.038741282795621, -2.154230539260746, 15.29805314081781;
  -6.187641838552466, -1.86167903439153, 15.68234592239878;
  -4.594359439749753, 1.671827743505837, 12.09562901678228;
  -6.125232216592064, -1.924709560438528, 15.60562226740751;
  -6.068433941162109, -1.997688970733991, 15.51762993667466;
  -6.059893849456675, -1.797753321040966, 15.52967087536358;
  -4.34909306752391, 1.48884175095739, 11.65896386085165;
  -6.031387193400666, -2.063514001775559, 15.5871025229919;
  -6.013735469178116, -1.949401336970987, 15.57594069238535;
  -6.028746551326938, -2.15635127115382, 15.70088322784497;
  -6.061342781174685, -2.170486381193138, 15.94777723869871;
  -6.043898735625338, -2.237844520529833, 15.9174234260622;
  -5.961155175040119, -2.328508756607614, 15.77531211384722;
  -5.051068059244381, -1.070801517711508, 13.61328042517097;
  -5.959680064165998, -2.230986644321204, 15.99727977015162;
  -4.677621730593277, 1.341986770929929, 13.0155103786772;
  -6.043471942523112, -2.393576148981425, 16.29475877841002;
  -5.918420823497507, -3.255510011584213, 16.03800123541975;
  -5.889445056720962, -3.377358441667161, 15.99391064698994;
  -5.958705680836983, -3.685581200703104, 16.26370168472224;
  -4.641684672659384, 0.8743975476509364, 13.14363739410838;
  -5.817562379813682, -2.460523013291402, 16.04146563999891;
  -5.934512769631898, -2.714934182119981, 16.3655562812679;
  -4.82117279684592, -0.4890465636540717, 13.61345213278732;
  -2.688327037886021, 1.487493609052376, 8.246722547603381;
  -5.817103710554458, -2.666374739303148, 16.26073967714932;
  -4.83003893080714, -0.4450872504423684, 13.84743755063787;
  -5.940493985422746, -3.345214131073599, 16.86379923226922;
  -5.939379772616196, -3.185298869132208, 16.90289894607496;
  -4.76410155118846, -0.5860242068760299, 13.92180071528741;
  -5.833427377752838, -3.337560188758345, 16.72978231759574;
  -2.568869734209652, 1.50672346876295, 8.182967850750508;
  -4.523076440858834, 0.5841357091292941, 13.45018544293732;
  -5.856053614409474, -3.238473947448011, 16.8893985030973;
  -6.067753134533912, -3.34895339509383, 17.57280995177144;
  -5.686116861676115, -3.869799469499375, 16.61648787719322;
  -2.548222989729684, 1.135824638505865, 8.256239107885564;
  -4.428130446062524, 0.5673468980777565, 13.42285681665251;
  -4.542668001875385, 0.5632118810592099, 13.78641554101544;
  -2.464461936481734, 0.5780498348764355, 8.042609169238959;
  -4.514307792213464, -0.6319265211281107, 13.70961921380608;
  -4.410786485925102, 0.6891429279018666, 13.48743723509149;
