m=[-4.795737025716988, -1.320259242404553, 6.867278060616989;
  -4.981496160665411, -1.043302475515198, 7.095293642614831;
  -7.036220962717109, 1.45031661757925, 9.665205233014964;
  -4.477115491704872, -0.5674298319677782, 6.538419299592645;
  -4.726880605046697, -1.270215751213691, 6.91491286940178;
  -6.607416182966294, 1.497086737034216, 9.337017094620533;
  -6.815278472440478, 1.443274449869573, 9.637079305606445;
  -6.311003188032824, 1.492166242736894, 9.041838691275778;
  -5.580659828495984, 1.530389192642758, 8.160395031823555;
  -5.049475094469852, 1.566481569650965, 7.497630959451484;
  -4.724249901349205, -1.102592461309369, 7.113964883194663;
  -6.772912067935025, 1.46581917152631, 9.785754335629521;
  -21.39793557795468, 0.3572695964728207, 28.7578029268349;
  -6.813185684499052, 1.377072589316882, 9.867439077212492;
  -21.38596277267974, 0.04701701428238615, 28.86277725620255;
  -5.008627288625842, -1.60110222481394, 7.61181031647511;
  -5.0194066866149, -1.517822070432793, 7.635171135618116;
  -6.779099480665393, 1.389858123178835, 9.983154510298629;
  -5.81021569644802, 1.492468677205585, 8.730271262144136;
  -4.328211768560511, -0.7900403082977566, 6.760910253024886;
  -4.313159785906931, -0.8295831368620632, 6.753490824111103;
  -5.687691714257166, 1.542408182711088, 8.615844778211075;
  -4.907043228634124, -1.542959532823212, 7.627031378798069;
  -6.57043431029761, 1.496498323728885, 9.939256845296852;
  -6.589306777912429, 1.385332190765387, 9.993105549967927;
  -4.516261968154105, -0.9651576952082807, 7.239954867328724;
  -4.566011095220321, -1.075837831436534, 7.32188304028426;
  -4.658089950379963, -1.137061908794141, 7.46883606636776;
  -4.540641551286274, -1.006895563752187, 7.347968797083475;
  -6.314740438997691, 1.405004384855378, 9.965733813844791;
  -13.94094145603335, 0.3072299645258807, 20.80404597049207;
  -14.10481120481341, 0.1194080330414784, 21.14193767790531;
  -26.18287648602696, -0.6786083929765175, 38.42949924136061;
  -26.37859660081772, -0.3738891422210171, 39.70827232443091;
  -5.90165700220474, 1.448306257649415, 9.811452945200557;
  -6.87767403634643, 1.41373827052798, 11.2698331567546;
  -25.91681928960232, -0.4555141699377397, 39.94613781644627;
  -25.78449112032743, -0.8211271503453557, 39.76341666321452;
  -26.21558417853712, -0.1980867662852678, 40.63139094181965;
  -25.98447214257083, -0.6309499292571769, 40.31417530646395;
  -6.330539687575597, 1.430073927520584, 10.62141393783841;
  -26.51277137160168, -0.9494646937572936, 41.2036443065286;
  -9.643711938927305, 1.142194257913561, 15.73642464026757;
  -26.27181893685364, -1.12875746344249, 41.13959450937922;
  -26.22068953497553, -0.6287083188222511, 41.07196133287459;
  -26.41195948750471, -1.438971065713638, 41.67432497998381;
  -5.970745764316524, 1.428466978030762, 10.28453349171912;
  -26.20394690356406, -0.08524135073910995, 41.70700664811098;
  -6.23456427887985, 1.361535553204718, 10.73272520640777;
  -25.86269453553023, -0.3152644910121165, 41.29626737378414;
  -4.883641951449895, 1.504253672711711, 8.673088396280459;
  -5.624187867009854, 1.490653521006929, 9.851190164222881;
  -6.57887940823189, 1.339168866527276, 11.36923777300805;
  -5.60381042913324, 1.444108043235526, 9.839771072801323;
  -14.22008914546937, 0.8900864583777013, 23.38818479950207;
  -6.163476014110844, 1.406307540647819, 10.79146289935751;
  -5.866053704823432, 1.457139682717175, 10.33232005102179;
  -23.5970037183763, -0.7930721286775392, 38.70614090828997;
  -5.069660716782517, 1.491215128233107, 9.189469678078535;
  -5.557684653218657, 1.39874158664211, 10.15263800385822;
  -4.710196037349541, 1.497974261597913, 8.904256488392791;
  -4.602551625071333, 1.507948041065922, 8.734432667040741;
  -5.160332653459731, 1.477509706496675, 9.764502773947196;
  -11.7258339380464, 0.343578082501106, 21.001380750137;
  -6.11721681328647, 1.392765848293978, 11.4631538457103;
  -6.634222228152337, 1.34283048151219, 12.3753587169427;
  -4.653436852871359, 1.466032401612007, 8.999192703964555;
  -5.868582106558312, 1.438542302275724, 11.08465115368996;
  -6.217590159500446, 1.351984519647107, 11.71742898743727;
  -5.584401237221432, 1.46250115048434, 10.72316263025532;
  -4.102676100085395, 1.576289840978758, 8.162093800267099;
  -5.954385118290017, 1.410632046016956, 11.38133993835272;
  -3.756475025582549, 1.622915966073098, 7.630970985049226;
  -4.059172815234557, 1.519102284746675, 8.170310604476491;
  -13.86969420447306, -1.353922508333634, 25.43026530266958;
  -14.60171717147005, -1.259751338696692, 26.79417516430091;
  -5.453525975028779, 1.473336049932971, 10.72087342665359;
  -14.85024308415114, -1.466594682424502, 27.54804207553956;
  -14.60117401382881, -1.080315756876823, 27.14134993792817;
  -5.01166935256316, 1.480079661035693, 10.00032928292255;
  -23.7287282715503, -0.9352780715157218, 43.50295414086969;
  -14.55816074751111, -1.253533625407411, 27.09884475981187;
  -3.772212747770556, 1.576678113105818, 7.805746900482718;
  -3.599613591934407, 1.659200108933012, 7.511849694518888;
  -5.281061065924842, 1.452876708033079, 10.54165861318958;
  -3.737888142783915, 1.601572133628128, 7.773373514214808;
  -4.400522203586307, 1.484435047776898, 9.053441039178413;
  -23.07640980417872, 0.2481732009162707, 43.36835477339658;
  -5.501264118578759, 1.386412788604413, 11.1700702285718;
  -5.890787171747865, 1.400658741868694, 11.89086563102035;
  -4.885350609478596, 1.455163000224401, 10.0572662709768;
  -13.97672022325819, -3.055785236239414, 26.87572557099441;
  -22.71007195602594, -0.3664317847599694, 43.08283858268721;
  -4.87202821568869, 1.494407235422697, 10.06198747946918;
  -22.72768021126982, 0.02724447219486711, 43.15634689014474;
  -4.568889547012448, 1.510103467110344, 9.509732765182125;
  -5.504690992461034, 1.465316562230832, 11.28252618387879;
  -22.52951759569636, 0.2677295961509014, 43.23027622531325;
  -23.40187757457962, -1.081771430467571, 44.93078107936555;
  -22.80365908226736, -0.8342459939843947, 44.20771742084619;
  -3.747498658823709, 1.656319461911113, 8.149098505614857;
  -4.889364350634733, 1.478180593341916, 10.33423288434047;
  -4.320016370829451, 1.533551635799401, 9.347966960482117;
  -4.157982356388655, 1.529420854860159, 9.064234016475897;
  -3.707133534966434, 1.670364206202558, 8.225125569017001;
  -3.830916976092273, 1.627921397916074, 8.505017128635396;
  -3.474799173929041, 1.704595226958539, 7.880578550671254;
  -5.185507837312576, 1.440170446216065, 11.26539391021693;
  -18.98252211975773, -0.4693888599140293, 38.50293850944162;
  -4.709045999542811, 1.459129803159472, 10.35303558897384;
  -3.904917219104775, 1.671117642715233, 8.818798497980231;
  -14.23659986991765, 0.2867014503563286, 29.41563499196726;
  -4.374545043237935, 1.508786451603712, 9.767367985869406;
  -14.10998495938221, 0.7219279703150318, 29.23155624422061;
  -3.401127226405194, 1.709690956290984, 7.856280226100337;
  -3.435772153974466, 1.692227297865432, 7.932861326622004;
  -13.77093922848644, -0.8572627179746764, 28.80017694432046;
  -8.483921541719138, 1.185835350025419, 18.22056174909888;
  -4.093935848765907, 1.563647228282412, 9.334118845093949;
  -5.027748164508467, 1.431840033868306, 11.25432141396607;
  -13.56808106387284, 0.5807321440587986, 28.63810603737198;
  -5.224647904856705, 1.453035334582018, 11.68728009089374;
  -3.916591295870086, 1.591869058126436, 9.026528932547773;
  -5.48368826729631, 1.414027297490638, 12.25412013456799;
  -4.137754752137626, 1.485538657936979, 9.505902445200933;
  -4.025750437584678, 1.53329775585305, 9.31978881514936;
  -13.76083641220798, -0.9092078447864896, 29.36119873498367;
  -13.4693777366374, 0.8342463541002206, 28.76622063677855;
  -3.892039021088154, 1.584990213059645, 9.077961556421766;
  -3.345764357013998, 1.72905171431566, 7.973388134428428;
  -4.066237036083372, 1.524018282842953, 9.513260390163969;
  -3.580285815330365, 1.697768787294238, 8.527938070795839;
