m=[-3.962281872897821, 0.606599129165897, 6.28483108311688;
  -3.504570092577831, 0.7036154782639996, 6.59715364009609;
  -4.56549999515522, 0.5763407345789836, 8.984369111826744;
  -2.216839971244619, -0.5848469771256166, 4.884316059198522;
  -2.069283474937505, -0.2472715232936539, 4.815137968709826;
  -2.084888513422994, -0.2878901220061796, 4.858692078423436;
  -2.043527045625154, -0.2089583391044483, 4.846368825484517;
  -4.514626184070507, 0.5774768802951905, 9.517561532028692;
  -2.044785013424153, -0.09659553479020983, 4.869602901761413;
  -5.742118340863817, 0.490642634077237, 12.0654880011879;
  -2.021402258785976, -0.2303200752682234, 4.919872647746691;
  -2.021333614290815, -0.2701159772076733, 4.932952725923674;
  -2.028904816583079, -0.985949498238605, 4.946818765182371;
  -2.22614998143921, -0.7366593727762895, 5.488713120047508;
  -4.218421650579634, 0.5819959185019654, 9.544214027467637;
  -2.04797327100711, -0.8033705146258419, 5.164381813684899;
  -11.60909415018064, 0.1420675396750695, 24.56943960779603;
  -11.61231395941801, -0.2763161472284262, 24.61108323355067;
  -2.017162077598967, -0.8659842576691305, 5.106129862090334;
  -2.002583704766225, -0.7381655651875696, 5.105717794020973;
  -11.82937922782302, -0.3780212252002096, 25.28960278799116;
  -2.141954685802307, -0.6065193742429088, 5.416029711887349;
  -1.958800993864072, -0.8354685759013516, 5.053191661701614;
  -2.149485106484373, -0.5743059292917939, 5.46344883233887;
  -1.976686193069118, -0.7941803330928521, 5.138818417920126;
  -1.965782287817527, -0.8197716027558019, 5.140682442292968;
  -2.084528572918891, -0.5483189696574737, 5.429315171098417;
  -11.51160262173417, -0.04304861824703082, 25.79442938171194;
  -11.81399480018344, -0.1396842261262257, 26.53704457396918;
  -1.822571628499198, -0.8305380513516183, 5.072408740470288;
  -1.756988176974539, -0.8402971138720453, 4.949907843621965;
  -1.773443423983138, -0.9526917317567616, 5.027445372820144;
  -1.760502881416352, -0.7839899702329581, 5.017088785332443;
  -1.755487741844602, -0.8160438343218198, 5.009111302384603;
  -1.735208727715104, -0.8953131619164726, 4.989389686483507;
  -1.792405504253718, -1.017369129477671, 5.12830195280434;
  -6.902967914187848, 0.4068460336238401, 16.94990553924267;
  -6.700338271972733, 0.5104801260214785, 16.50209948799343;
  -1.744578660182726, -0.8300978381443708, 5.039593479822316;
  -1.773612892946746, -0.7342471221095375, 5.119496027127314;
  -1.77922175234033, -0.6823338327784828, 5.130237935856261;
  -6.705142326436515, 0.5064525589581803, 16.71958062022623;
  -2.991980737137847, 0.6265837900667419, 10.03503764512215;
  -1.471301131374875, 0.8043327889064122, 5.493830123917841;
  -6.439206763827415, 0.04289948391211354, 22.47067917646447;
  -0.9924415743238579, 0.9570337142823938, 4.755287675760481;
  -0.9735725869573839, 0.9499063097059607, 4.782526152780271;
  -1.616043993149794, 0.7241297219207332, 7.519090666467591;
  -0.9615080658381247, 0.930021881776233, 4.962942078057644;
  -0.9460045282280674, 0.9388073275982464, 4.900944504756208;
  -2.181831669772676, -0.747477992121259, 10.17764193103335;
  -0.9592915646327748, 0.9087907112366555, 5.213531748915695;
  -0.9627349259597186, 0.9348763798870485, 5.236991801544809;
  -0.8967924536159365, 0.9525035025326796, 5.110720572453155;
  -0.9052533175930727, 0.9546088900118076, 5.226456559244716;
  -3.852137037375468, 0.5214211797822896, 19.64940609930038;
  -2.851023457324733, 0.5783901368902553, 14.90530519135067;
  -1.916094742495869, -0.8629660466959609, 10.36610764385366;
  -2.921132061597656, 0.6343394903269942, 15.30493253498115;
  -0.8516583851501329, 0.9083379902778428, 6.519084208163225;
  -1.035805011866538, 0.8726555540824614, 7.746501857370157;
  -1.424377749626961, -2.103150717057277, 10.46741729803513;
  -3.340944187338897, -0.6030178449882755, 23.91054680927335;
  -3.11059814186751, -1.386631241887606, 22.55217592932445;
  -0.9393624023679662, 0.8365358041610044, 7.700838273770652;
  -3.028899924188269, -0.7468296875548406, 22.61885463626227;
  -1.30300310651996, -0.8463287671729621, 10.43091961549211;
  -1.306354454401179, -1.948013067645087, 10.6243149617765;
  -1.251748850880573, -1.951277739069344, 10.27125852634675;
  -1.40480472606307, -2.289940621244061, 11.47872351786554;
  -2.759465533077244, 0.0461402143788048, 21.77258171127682;
  -3.08046466321032, 0.03282266884748909, 24.29543168927044;
  -2.818106242273751, -1.032174484832004, 22.43367524283904;
  -2.462204953755279, 0.5039804803645369, 19.74991989854175;
  -1.005599126393953, 0.8609021610312594, 8.746947672069082;
  -2.047419491583865, 0.6788071297217049, 17.74360573776048;
  -2.584916034521747, -0.5543684540490101, 22.68237204790915;
  -2.778281460386986, -0.3619176190825768, 25.74451316177112;
  -1.038862924646692, 0.7647038411593859, 10.34527876725344;
  -0.8055905013062376, 0.8464497168448703, 8.311957555622827;
  -0.9368786928173153, 0.8605668602296527, 10.49327745911419;
  -1.763642875821734, 0.7368228789111591, 18.9941540468752;
  -0.8204832973977355, -1.843524401768121, 9.926315092230855;
  -0.7213925959679213, -1.146731725814539, 9.374728037834268;
  -1.122084105406224, -1.169510982636014, 16.35358677685876;
  -0.6525997836890704, 0.8688767174489838, 10.04016592019587;
  -0.8832068477799477, -0.8761572648766716, 13.78060305302467;
  -1.111497213162639, -1.318979617753242, 17.2237640324485;
  -0.7422281194896665, 0.8446763757230265, 11.87706272695189;
  -0.7857928246258034, 0.8325696045402455, 12.78039788292376;
  -0.5795316731371328, -1.679217908562825, 9.687543117494185;
  -0.8517702340965843, -1.241518520454659, 14.60795551416246;
  -1.031354707391891, -1.136955625014324, 17.87631051086328;
  -0.5260553640751944, -1.805274177475433, 9.563661703805691;
  -0.4883622784748725, -1.921812771670745, 9.290797202000691;
  -0.928262648239639, -1.387312156487842, 17.08783864053248;
  -0.4906478183281466, -1.786216883538841, 9.580949526222758;
  -0.4646674894896148, -1.895507911131581, 9.715586325540379;
  -0.7909056480454114, -1.311437658089534, 15.89001899364644;
  -0.4648588761794456, -1.89568570738509, 10.95012447325676;
  -0.8220311367970552, -1.188875671928291, 18.90817547009725;
  -0.4345088230354731, -2.335796160339767, 10.66374378389525;
  -0.3607885053005573, -2.110676283292725, 9.951223924622505;
  -0.3389731272729895, -1.429497767099338, 9.533482205241047;
  -0.3209104199405468, -1.436247612286785, 9.970661316634594;
  -0.2905023068895165, -1.020122603453962, 9.910351807687972;
  -0.2741567717242663, -1.106096992324288, 10.10947580804339;
  -0.2286139702592128, -0.9641502821537347, 8.875541310351867;
  -0.2607466336242368, -1.213034646575496, 10.37407153557483;
  -0.2320910887627134, -1.761842354165772, 9.327277144025175;
  -0.2463534440583042, -1.051298235815703, 10.28133784947649;
  -0.243945486279436, -1.459762020597245, 9.660553111336268;
  -0.219850512178519, -1.442285189311679, 8.947739211617343;
  -0.1870789739504408, -1.719905706720687, 9.431333322281882;
  -0.191259644010915, -1.128622155861763, 9.990135779079445;
  -0.1558248547069539, -1.298973619413046, 10.17285351426603;
  -0.0946651805811415, -2.047437130670129, 9.304594122711823;
  -0.09922445396546814, -1.333262308311133, 14.71411962245032;
  -0.04209948864511948, -1.906935227217454, 9.49569498624383;
  -0.01900946701613715, -1.468591554109922, 11.52697848047335;
  -0.05674167021115061, -1.919475242412111, 17.79397898361554;
  -0.02011068696638859, -1.399837718023147, 14.67069569398882;
  0.04354953560004868, -1.34152358901521, 11.49698466298001;
  0.04453981172368839, -2.225643260702396, 10.00473344098427;
  0.0829829673813329, -1.289973950619394, 14.54219088943168;
  0.1069108004268912, -1.532157978113066, 14.27352199561793;
  0.1416301103641126, -1.592821594218039, 14.16883003465166;
  0.1376340492104586, -1.787604712960755, 10.32160020532086;
  0.1297909721293974, -2.116185101640139, 9.794981127706441;
