m=[-21.88950894329521, -1.303267531717188, 28.16688178585962;
  -34.53380510215836, -1.041958079684927, 46.15755153854933;
  -14.19808665282334, 1.259561229746267, 20.98799365660618;
  -13.85405629245249, 0.374805113939287, 20.61631966370158;
  -18.34418520334346, -3.045191761152807, 27.03935558544989;
  -18.35863032972204, -2.835435527350213, 27.24187188705425;
  -18.43908737339223, -3.050743841439597, 27.5254630256336;
  -4.684761438372814, 1.63600814116287, 7.96171858507159;
  -5.571011615025982, 1.712516462228701, 9.829926210765084;
  -5.508590820297871, 1.651599253270194, 9.741456931343285;
  -5.671544385913068, 1.643604330335752, 10.12201809072229;
  -4.223974732038244, 1.641859272575614, 7.80933232428572;
  -4.20913915890965, 1.607304107725123, 7.840298670390074;
  -5.30753040255768, 1.738730861351457, 9.65452293575439;
  -8.226213100186834, 1.449460151438649, 14.49489319093575;
  -5.739253862975892, 1.571619388761033, 10.42276383607492;
  -8.258941812153939, 1.3697077414547, 14.78109840863925;
  -5.371135617362447, 1.753546938394885, 10.0849041295937;
  -5.249589020300501, 1.797386907284556, 9.905100129394192;
  -7.927946619803258, 1.44933044135665, 14.49784909467609;
  -30.32905594141986, 0.514499730695586, 52.76779507039102;
  -30.50067485446497, 0.1368406519762438, 53.12566205902769;
  -5.425671657043549, 1.638622442792917, 10.40969604336237;
  -17.77391941533956, 0.7467437379872634, 31.90631337618693;
  -5.518695103561548, 1.57138964926785, 10.6190972584149;
  -17.77039137091061, 1.036323939822424, 32.09611520429245;
  -17.37948423981873, 1.139496337811097, 31.56409023104402;
  -5.417866390789823, 1.646221415822646, 10.59934272191802;
  -4.029697937356705, 1.716636433993379, 8.221453856169489;
  -9.296249286762329, -1.888953079327425, 17.69191021330984;
  -7.051248204904826, 1.555362991079906, 13.80281120933211;
  -6.555944656107815, 1.651004271820219, 12.92142297727884;
  -5.297918395916491, 1.621293302096441, 10.70925624004533;
  -4.848301566937845, 1.825127547812311, 9.938732017942316;
  -9.89161007667623, -3.359167326605485, 19.3611007583796;
  -5.253587793371716, 1.566967836751124, 10.74481061776077;
  -4.675644256422952, 1.771755360803957, 9.698890067440564;
  -8.184157833776839, 1.433160418374882, 16.35085728774591;
  -6.748969662700261, 1.521874164435775, 13.71727030783813;
  -4.945065619266967, 1.674564258310716, 10.32385686156699;
  -5.2348688882287, 1.5955861168602, 10.87538829145378;
  -6.662443453317617, 1.576359330526023, 13.59623587805063;
  -5.055568947490415, 1.637750761927289, 10.64220271692572;
  -4.697944589371766, 1.731001973159367, 9.957556789856147;
  -3.832455280874766, 1.679303207110587, 8.319545103700975;
  -6.269065309430226, 1.564556875906437, 12.99250103538993;
  -5.339063031971849, 1.603357821623809, 11.25848637039285;
  -5.104859869386134, 1.661569464136161, 10.85679374885841;
  -4.539311877228871, 1.869276926964652, 9.797128315812607;
  -4.720289934487759, 1.724098638142457, 10.15195212394534;
  -4.58489734658443, 1.776547133589012, 9.953383840277072;
  -4.730312332639218, 1.685133410147472, 10.25039625571638;
  -6.784518889824988, 1.516836443253893, 14.33109604467555;
  -4.561741520514327, 1.712183288882626, 9.982352355259696;
  -4.875491282237372, 1.686565874303273, 10.64658185605625;
  -6.424303327387166, 1.541260491101502, 13.76733431676961;
  -4.643888944492016, 1.718907084767446, 10.22988270371639;
  -4.660647513637541, 1.680352943472413, 10.27033992562666;
  -4.489086811663258, 1.846346154725078, 9.963099332051066;
  -6.267035045560395, 1.564247555992228, 13.52523915815623;
  -7.309325002028803, 1.505820933610848, 15.66591835041031;
  -4.42789435486677, 1.78088349483736, 9.886021996849301;
  -4.564889616896585, 1.744214392493878, 10.1784461857927;
  -4.640378323319704, 1.676919807388119, 10.4191657108488;
  -3.651605405958783, 1.752303986293344, 8.423655705945411;
  -3.54718657059089, 1.759751862367221, 8.210661879620187;
  -10.77311515266484, 0.8767348024277822, 23.12653566587395;
  -4.660424012176016, 1.65210633522373, 10.5561910579229;
  -7.8684218425875, 1.44808790600861, 17.16006365886948;
  -10.71428564193338, 1.085341282702491, 23.20392814186911;
  -5.194549369966617, 1.652370603976445, 11.82630274350199;
  -4.351227993362739, 1.776697299696105, 10.06443183993414;
  -6.631149510366204, 1.565789746937426, 14.88891306760038;
  -4.528208097127684, 1.698026536203156, 10.48044999343456;
  -8.209296206999817, 1.507085400313303, 18.2388615301533;
  -7.976968962847663, 1.529872568590235, 17.79030280830792;
  -4.236202089415598, 1.750942771034507, 9.968622145247664;
  -22.35276097832139, -3.448151287104584, 48.44832279428768;
  -5.807605403947977, 1.560574279806848, 13.39327024847056;
  -9.745660246844171, 0.8941954963548332, 21.84872601159836;
  -4.547517194938987, 1.712921881645363, 10.7359677125893;
  -6.751264949709571, 1.508858195372409, 15.54985579329917;
  -4.069590425186619, 1.760240756487935, 9.75898577085532;
  -4.419802648368734, 1.707967332546939, 10.57398708913718;
  -3.644546574030291, 1.788677492462478, 8.976258082787407;
  -3.74460849269018, 1.757219538730799, 9.228934225082792;
  -6.29226489171014, 1.631346413614468, 15.02868217655963;
  -4.100475759028649, 1.632514107404118, 10.13999776698881;
  -3.750442174613961, 1.775953291011682, 9.412006193381021;
  -7.153242325128678, -1.707317401002258, 17.11409953385804;
  -8.141260882748131, 1.581387141359842, 19.34699835473313;
  -6.598350151277235, -1.483031933599631, 15.87866348719759;
  -7.093322125481406, -1.467828583215859, 17.12944648169703;
  -4.942624949747779, 1.630555645405233, 12.23762986406375;
  -6.73454470954248, -1.790430216547257, 16.3191201582031;
  -11.77625615916848, 1.342477971826851, 27.8451853487506;
  -3.482476780274294, 1.803581332923757, 8.917482050744193;
  -3.655753770213567, 1.761593345864684, 9.373759104525202;
  -7.101779857948055, -1.203819107139172, 17.29923231601682;
  -6.667140029589726, -2.080911246229046, 16.30293028639504;
  -7.013466071503578, -1.766398013497065, 17.13106879959856;
  -4.535981376955782, 1.68532192012059, 11.45788458720839;
  -6.589254509664563, -1.915645780144492, 16.20518611033244;
  -7.752325115210334, 1.600939330654185, 18.91157667687216;
  -6.539055795501487, -1.083199201066888, 16.15122080320492;
  -4.601530194560667, 1.640053466692368, 11.65902474669027;
  -5.817707908084024, 1.565542777732884, 14.58482473570828;
  -6.489016228704781, -2.218094433344382, 16.23729480927369;
  -6.327345082071371, -2.04300919694495, 15.86212256212621;
  -6.012334206134328, -3.573640477184712, 15.15412086282775;
  -4.160494718473505, 1.727395494851002, 10.79769111061751;
  -4.161662345925928, 1.750182898435714, 10.80360320057524;
  -10.9983026945753, 1.493724921385946, 27.0376344461468;
  -6.650769602408666, 1.581638835667611, 16.743886460428;
  -6.264900030988582, 1.568815392073276, 15.83333912271475;
  -5.518720303727892, 1.601394970057414, 14.06355454181442;
  -7.022963066192496, -2.901827384244692, 17.63998291640814;
  -6.51130411440885, -2.049009889256478, 16.47270598506457;
  -6.535618941473556, -2.326837000917467, 16.66101219452752;
  -4.501372523832296, 1.654330544658857, 11.79433449166014;
  -5.715919998579619, 1.579926064639434, 14.74206757756539;
  -4.867749165138607, 1.562150571555175, 12.70542479139869;
  -7.402044158936474, 1.494344527558918, 18.84321062990476;
  -6.632324908797506, 1.592291679961106, 17.01900693731541;
  -6.360367009132377, -2.079016751859442, 16.50180912499469;
  -6.588482442166146, -2.272387840758852, 17.09188481380581;
  -6.13479285757332, 1.532683437755681, 16.0669095640608;
  -3.086866272571796, 1.873633016875676, 8.64651377851896;
  -6.290951175740698, -2.100501405395907, 16.66265843555476;
  -7.303789467726993, 1.62307924199204, 19.22276665498517;
  -4.547277115360903, 1.652702363941603, 12.37656087250518;
  -3.24528508152544, 1.777253615315915, 9.12547785367124;
  -6.4590984516473, -1.948100813510855, 17.24006701727815;
