m=[-17.2782970614113, 0.1548938727286152, 22.10514939925537;
  -17.73943532437684, 0.02043925071337306, 22.78435657367556;
  -17.67924446608676, -0.4631204445535078, 22.84872637934298;
  -17.43767498122015, -0.105112990057835, 22.66276416196827;
  -17.45427807890339, -0.4322021271171797, 22.78724535290499;
  -17.4821696436682, 0.1056712305480489, 22.82867436497823;
  -17.51595307321831, -0.2273545680457895, 22.89414683691073;
  -17.69438708890326, -0.4191156759412434, 23.18038590887803;
  -2.960497572817822, 0.9230135384918767, 4.740982266273949;
  -17.45731548589603, -0.2107903616284971, 23.05196689233317;
  -17.46425735782436, -0.5380029219391074, 23.0655028691669;
  -17.3933532125684, -0.3777524709239463, 23.10319684610384;
  -17.58451058240654, -0.7303689784218308, 23.43466925877563;
  -17.62872193909622, -0.03035664812836436, 23.78199836084964;
  -18.25030677311244, -0.2584118478810093, 26.4646435152771;
  -16.63248218026999, -0.279015574494894, 24.79311212565489;
  -15.94667718020908, 0.4119546176503815, 23.91644411341213;
  -3.226098141842886, 0.910402371927255, 5.709741031395192;
  -6.141903289835264, 0.4162265473633532, 10.75574884403313;
  -3.288372156935278, 0.9193434283968861, 6.6247047486682;
  -3.420399827948115, 0.9085461661443347, 6.853843373232533;
  -4.062541928241034, 0.8832423496581411, 8.046326068336191;
  -3.766501493495463, -1.023352920205546, 7.848484039013207;
  -4.239401436818515, 0.9236110435030241, 8.809305819294366;
  -3.656040667407896, -1.113281704710189, 7.761454406342178;
  -3.697261729156657, -1.186698848401763, 7.85223115242733;
  -3.631849359841525, -1.06923653085994, 7.791647908650274;
  -4.051855769930961, 0.9200651149841754, 8.557672105224677;
  -12.55350429791269, -0.3065944670250901, 24.46759607864538;
  -3.628832889742969, -1.10937419318778, 7.83029820880819;
  -3.562660576647823, -1.01458838937944, 7.722986653674746;
  -3.660158645708513, -1.203465722261384, 7.915541972338458;
  -13.23647739106118, -0.4927820834684638, 25.92596480389708;
  -17.4919717303278, -1.101127894706133, 34.07274760299465;
  -3.623743577989453, -1.118298985394036, 7.889729351561034;
  -3.581764776750761, -1.094075209966619, 7.89573265112183;
  -6.235531567173091, 0.7676936253166186, 13.02904343890167;
  -3.67313158433335, -1.183776166096507, 8.119358026383726;
  -3.555466433156231, -1.051818406518642, 7.897635531169735;
  -3.629683367472184, -0.9308666903723505, 8.042874824439538;
  -4.210583784958899, 0.8815954542605382, 9.27304029017651;
  -3.448168208990269, -0.9030900128240756, 7.806349185988117;
  -6.513247769312623, 0.7806611392626346, 13.81387962967712;
  -3.486785029978742, -1.04006981025813, 7.936634584373626;
  -3.456812387309117, -0.9431574186695466, 7.879242180968871;
  -4.256336565649003, 0.8759165148449382, 9.515986569363788;
  -3.428676470886226, -0.993463349636042, 7.924115576755994;
  -3.468310504867356, -0.967317113337025, 8.006057916820875;
  -4.03592756130664, 0.921341821854345, 9.178246622775458;
  -20.44850610386727, -1.53931301782597, 42.34191839875233;
  -3.422248751512586, -0.9089279075960787, 7.99002608122547;
  -4.279801187650913, 0.8862324268701923, 9.757468102376599;
  -3.408297350783937, -1.009655298626115, 8.061781739467385;
  -3.366119511685643, -0.9275502243854411, 7.974929045682771;
  -3.306752584727663, -0.9454584394821296, 7.857097778202191;
  -16.26461693135516, -0.8245295656179612, 34.77132591523193;
  -3.294679881903539, -0.8962619194932779, 7.910976382741103;
  -3.442500812636915, -1.044662375525989, 8.231805548375411;
  -3.26698822896102, -0.9372034640031112, 7.919459638430761;
  -3.321086769169337, -1.000366920741689, 8.053939316681783;
  -3.186640043260059, -0.8978877806753689, 7.825060550349361;
  -5.172580779473388, 0.7794606114002393, 13.92870721206636;
  -6.015085561010985, -1.166321625660188, 16.19646793154092;
  -5.357786877120109, 0.7571243276598365, 14.56639966721928;
  -5.544053079538918, -1.265605030560606, 15.32513829408179;
  -4.983864294667642, -1.210553898466846, 14.01709932378134;
  -5.008718416898495, -1.321086939224897, 14.60992979676393;
  -6.671754414984287, -0.1269149722126757, 19.90023283619338;
  -7.451540023194356, -0.9616440652715377, 22.70932281687061;
  -7.047106808346749, -1.388163701591843, 22.09137975675689;
  -6.465931263056171, -0.1639083273176175, 20.40648907389019;
  -2.966676207167822, 0.9192791423933819, 9.986411771423462;
  -3.000251933828343, 0.9586435850851898, 10.46128888503183;
  -6.802055575840432, -0.8586219423544232, 22.60459523063851;
  -3.358679579449978, 0.9136767885615401, 11.68531221640751;
  -5.406372684468927, -0.1132700314149341, 18.42987096934251;
  -6.605678828639238, -0.8971724249138896, 22.40182507335479;
  -3.074950090553367, 0.9183264442804749, 10.98300157383914;
  -3.437308047468981, 0.861772706117384, 12.21186800659319;
  -6.710820361181678, -0.9336667724918826, 22.9055192718885;
  -6.989239147290113, -1.398104694612733, 23.83056507794744;
  -2.987203233804121, 0.9178142158014863, 10.93683587354098;
  -2.798629682523943, 0.9813526993107244, 10.64270071909509;
  -3.219661145749488, -1.416023840908542, 12.5008644392184;
  -2.705435192895279, 0.903220148956009, 10.76791735350697;
  -2.988656811026494, -1.471150186270766, 12.82848578419763;
  -2.560979453787688, 0.9176169945920689, 11.87278473008127;
  -4.696840011253403, -0.629995256413628, 22.06624538495843;
  -1.379996697012581, 1.161820863647385, 7.255312300519383;
  -1.538236589353408, 1.047994256963147, 8.147539391777844;
  -4.71080996086819, -0.8697096867260488, 22.86797485224875;
  -1.734268082907432, 0.9826842524410064, 9.193184722628294;
  -1.427324000461179, -0.9515895423257483, 7.870924929771734;
  -4.051926788814171, 0.111055546486868, 20.50258666552151;
  -4.504597062628964, -1.279808569026973, 22.96786751348486;
  -2.83938311154752, -1.477065195506043, 14.97312772928173;
  -1.371652000996583, -1.000215495848478, 7.800616819325057;
  -2.721778866875446, -1.473977123277398, 14.86612061749892;
  -4.210783560890715, -0.8698222679147468, 22.83255185779087;
  -4.07222462848928, -0.6163471166952322, 22.43201604765262;
  -2.290972067927518, 0.9530853006222458, 13.38748027308184;
  -3.039568416540492, 0.9313640842190836, 17.44141103218099;
  -3.898459575396822, -0.3392943504061871, 22.41494523153938;
  -1.008238982054557, 1.159912950459112, 6.568114618571268;
  -3.699962829698537, -1.141157569937895, 22.00300281996168;
  -1.813072719706077, 1.085220253549636, 11.33726905764541;
  -2.196854291857938, -1.508275072064237, 13.86241300585702;
  -1.155668571667951, -1.382786930321598, 8.026409113986391;
  -2.214855721661162, -1.5808061060093, 14.34013060523139;
  -2.742135269244764, 0.9752155802150825, 18.27212132075612;
  -1.976589171660649, 1.036788121066526, 13.58532641660776;
  -3.240522546671441, -1.780915372185062, 23.34665989129026;
  -3.191318259986633, -0.1127823558777085, 23.16670461335169;
  -1.677194094532962, -1.624569431067474, 13.80088445556554;
  -2.483784188564605, -1.91131005095814, 20.05011400706252;
  -1.647360605488734, -1.698898640122273, 14.01628303613993;
  -1.70292264646904, -1.698228704648026, 14.63265833215847;
  -2.255584803525087, 0.1179656233700959, 18.79416557336832;
  -2.728791760968881, -0.4086778952593739, 22.55149444366673;
  -2.07818214326986, 0.6857856098104654, 18.10682632008582;
  -1.518068109574373, -1.5984384879221, 13.97941559933583;
  -2.440165008360346, -0.001610778053964134, 22.42472846922367;
  -2.170928339081866, -0.2351036078830357, 21.81963824006055;
  -0.8795217049591017, -1.99259328022938, 9.717379680958239;
  -1.794275021652844, 0.3508190438076586, 19.12917710880027;
  -0.6672062349290534, -1.314193368729014, 8.110597577563532;
  -1.48244514275444, 0.4735532204137943, 16.67816031259808;
  -2.003403470109764, -0.4931664905362083, 22.22743813141351;
  -0.6357969010097536, -1.439485559679661, 7.999035068865375;
  -0.6633274773141975, -1.46636788007119, 8.473313332885118;
  -1.603364931948728, 0.3344854375032024, 18.65728713030752;
