m=[-15.68819037700866, -0.3048398317605415, 21.18734872533227;
  -15.91010786301291, 0.1579639086497539, 21.60778585175968;
  -15.50623977782392, -0.09876327285831145, 21.10836022945454;
  -3.498507803445726, 0.7036687516830081, 6.058482564035839;
  -15.53565061815929, -0.6151568077146936, 24.58658047698722;
  -2.101411793010807, -0.2411752605326589, 4.3483400592589;
  -14.05743091906721, -0.1888155228411726, 23.73434976896968;
  -2.213393653861759, -0.5945586112439673, 4.599549592068928;
  -13.91142900400713, -0.1828033325422824, 23.71645657452988;
  -3.1053874065429, 0.6642863907549217, 6.1286609942583;
  -2.064851045787016, -0.2671411888061499, 4.439478948300234;
  -4.633342017959753, 0.588516697569356, 9.198229576482767;
  -2.133622662273387, -0.3348629712895769, 4.810518941626492;
  -2.036027729794358, -0.8098537859110071, 4.670786484100301;
  -2.171905837243797, -0.5590385517753874, 4.970982817129676;
  -6.049711083668875, 0.511296083340276, 12.1104228679862;
  -2.091666804385679, -0.3486353083292543, 4.82573110233759;
  -2.010369046541001, -0.8000683304503812, 4.680150128494947;
  -2.151148368396307, -0.572012247293732, 4.94601009419543;
  -2.00105349413048, -0.8286869376732291, 4.68368833498791;
  -4.318415555368541, 0.5778370467287013, 8.986611768400486;
  -2.05662331544178, -0.4658664247960135, 4.841771510788091;
  -2.765860576915263, 0.6862449688712988, 6.331889180315539;
  -1.935687171968207, -0.8123405493913555, 4.750959662968268;
  -1.85789817767515, -0.7683248379640385, 4.683825720101791;
  -1.79106382649965, -0.8257141089449689, 4.561189127085271;
  -2.749781870315448, 0.6787750643434458, 6.847621869738806;
  -3.936920511304396, 0.5812143975349476, 10.14334389684469;
  -3.226626695636649, 0.6161197765162073, 9.177034308840785;
  -1.55722153486231, 0.796761180353152, 5.070975841651081;
  -1.476026741785994, 0.803088005958626, 4.967379836894469;
  -2.940163039370688, 0.6263667534733116, 9.013682249555636;
  -3.047106003185413, 0.6068910181741613, 9.405470863477088;
  -2.946012742010725, 0.6364108352108568, 9.209557718932711;
  -4.271405146887311, 0.4442869497783335, 13.15391924943483;
  -2.323672993580894, 0.6824822054921134, 9.355110754223313;
  -2.499898780053595, -0.7665401376784247, 10.18383605158892;
  -2.607297329331473, -0.9585181133366535, 10.79958065921989;
  -2.388798687553268, -0.8129509630848202, 10.29041868397555;
  -5.560981934010051, -0.8844298185895503, 23.36699920601378;
  -4.758378165692903, -0.2057522938212923, 21.10825611447332;
  -5.101272859959127, -0.8589520255948902, 22.94265262284225;
  -3.651054111640938, 0.6386005959499795, 17.80317057656942;
  -4.386991967858918, -0.1776169048699562, 21.33953404616282;
  -2.95552767363588, 0.5754783249658864, 14.7488544181533;
  -3.039089981634321, 0.6362984628474357, 15.20828452521546;
  -4.242359768819015, 0.5497321309658131, 20.85586966762197;
  -4.789358349877522, -1.295802348010933, 23.97650247100697;
  -2.055756632189272, -0.9143967137429468, 11.13580139565957;
  -4.579195818392168, -0.6825675841625761, 23.8457549767402;
  -1.080607541313985, 0.8389154990098229, 6.677790845264262;
  -2.740519838806746, 0.7971210087211017, 15.43399890247608;
  -1.674832292508764, 0.6951908905454551, 10.12326535402283;
  -1.034159575109006, 0.8656031650010977, 6.778756489203219;
  -0.8806660035462036, 0.9055820366375058, 5.926816893192897;
  -1.047102934542724, 0.8407796202324568, 6.960021002791574;
  -0.8587207052391308, 0.8998364972055237, 5.963461748049921;
  -1.006216489608978, 0.824249311582329, 7.083192535380404;
  -0.971594490133915, 0.8943077583101448, 6.965506219395206;
  -1.431212808462546, 0.6843947882401409, 9.780230921907451;
  -1.147614003944119, 0.7860171371307387, 8.168528053904572;
  -1.006128397110253, 0.8304841934047972, 7.381421079679812;
  -1.388922590415108, 0.690464449571612, 9.915491675559997;
  -1.366710212927981, 0.7218409197288863, 9.777197978129131;
  -0.9337866709639978, 0.8529819451028908, 7.062082342131911;
  -0.9336967987019973, 0.815888419667206, 7.055567246622013;
  -3.563588837914014, -1.601357731757965, 24.84834239390089;
  -1.691840759854519, 0.6858826951472348, 12.44002680500951;
  -3.312628188526095, -0.8359311390691463, 23.80377232682773;
  -1.298062543283094, -1.998084849458695, 9.935473233416532;
  -0.8530056809874732, 0.889253363039957, 6.959201018392143;
  -1.012419964778022, 0.8501365155338396, 8.163427209907287;
  -1.280895069039209, -2.056543450598833, 10.0038363050376;
  -3.16035949082422, -0.00471315672878924, 24.02264216875765;
  -2.725392273068172, 0.5196355077916459, 20.93499206533307;
  -3.079392559224969, -1.149100135859106, 23.5464401649229;
  -2.002409026450164, -1.470643835225439, 16.67564436465487;
  -1.280143100709692, 0.7645389834018286, 11.17046414414309;
  -1.071656974284523, 0.7694079308485717, 9.545178099054516;
  -0.9604485907093, 0.7841291120351391, 8.91501891729172;
  -1.098016696641983, 0.769049355314581, 10.09248096729508;
  -0.8073277882359439, 0.8281107895879026, 7.674695052173299;
  -2.805655368670482, -0.4011263682411939, 25.03460074430351;
  -1.036210024415246, -1.898570047309493, 9.779570107214708;
  -0.967885034687747, 0.8555743236744338, 9.392326940600915;
  -0.7839573457526771, 0.8405357174587379, 7.92372165453475;
  -1.971256936867728, 0.6959666871329561, 18.45211218790703;
  -0.9606203321538523, 0.8536634885690079, 9.985114580577463;
  -1.327416414984708, 0.7159331740547369, 13.60905632545235;
  -2.023529903204971, 0.7997200037471889, 20.72371428883039;
  -1.181677249684888, 0.8380177784562437, 12.89411651984166;
  -0.853653335098873, -1.876840402192189, 9.540193335377287;
  -1.601286970026385, 0.2276610552306013, 17.46190350024177;
  -1.004905303730365, 0.7490387285839787, 12.10915301712228;
  -1.919344022906776, -1.557110445271724, 23.17028155698798;
  -0.7242196129387774, 0.8536143156263077, 9.480474388313015;
  -1.188619580122347, -1.193218598093565, 15.33579391939448;
  -0.6780964498749108, 0.8651809255308283, 9.594717847591506;
  -1.219386258715395, -1.432341927811331, 17.77548057920261;
  -0.6570245674630604, -1.84685980227279, 10.056966608467;
  -0.7122257650055649, 0.8844592971748627, 10.99049547176301;
  -1.357463997703677, -1.458130079864038, 21.85512434340048;
  -0.5222001532805084, -1.846494706491608, 9.331585564746305;
  -0.9388933182350541, -1.384187749342758, 16.21551183712069;
  -0.4857200902911626, -1.895626390863704, 9.18822935556056;
  -0.8035003556126855, -1.313068691466861, 15.08722380148915;
  -0.4641328692135078, -1.568968333815058, 9.536098337599311;
  -0.4464706800152513, -1.757302820767102, 9.627163098594256;
  -0.4777347987345476, -1.466470702071621, 11.02630418513992;
  -0.3380298284087827, -1.452838253593035, 9.520547566919275;
  -0.2825287029138892, -1.847360393142355, 8.779788860374808;
  -0.3251110501270693, -1.199016396895894, 10.3408791719633;
  -0.2822729164853986, -1.076855678686868, 9.296047503384749;
  -0.2456229902897238, 0.8503223075204098, 8.468205565841039;
  -0.2880581773031576, -1.114895065724885, 10.26282205758974;
  -0.2689646293896916, -1.504252564307031, 9.376112648669695;
  -0.2430133491521188, -1.325969816139396, 10.43699404444727;
  -0.2303528547302532, -1.055711198337483, 9.73719372998973;
  -0.245627624826988, -1.282969218570248, 10.68600839660954;
  -0.2088703695228606, -1.130635449625389, 10.01420816897439;
  -0.1450982261101452, -1.327724868704981, 9.041951038581026;
  -0.1215347022029882, -1.953648993855533, 9.191396549993304;
  -0.1329351322085255, -2.10052087190881, 9.430470628842009;
  -0.08374257423537815, -1.347944900459205, 10.1930304773284;
  -0.07125914840235062, -2.050363151787821, 9.615851383213181;
  -0.03587715324180988, -2.010798547459392, 9.614810120841263;
  -0.0221958055884841, -1.558532738233695, 9.336965523404638;
  -0.02108860528490511, -1.634977356536862, 9.45078371227946;
  0.02078584464389883, -1.67114251173922, 13.54788110341468;
  0.07495998088373529, -1.622118284858801, 14.3968648039672;
