m=[16.89902590304915, 5.200794287984528, -20.46917369941444;
  -15.28202182034292, -1.704373823325764, 20.68169556434739;
  -14.81796348240664, -2.254122029987828, 20.10186402445131;
  -14.64728635578536, -4.623955802930244, 19.97229558363127;
  -15.26045987147035, -1.999935108524205, 20.80819451485925;
  -14.64750533318301, 1.691507215054536, 20.05622806743063;
  -15.36706902244493, -1.847337368999885, 21.00644948114596;
  -25.95469923559433, -1.077973672295751, 34.88660534045809;
  -14.71470639213382, 0.8228588252179154, 20.30981001164255;
  -26.47091555985135, -0.5862580898775144, 35.61880087540642;
  -14.50863388695779, 1.716810824281732, 20.0647001191454;
  -11.05621142794859, 3.587797509747861, 15.58413602258588;
  -15.25145004391083, -1.40109096378463, 21.0491295758068;
  -15.37074854640683, -1.965968523432522, 21.23278040876254;
  -14.67520067098283, -2.287961767501159, 20.37948769111389;
  -14.47822983432765, 1.616834719586165, 20.16244077619301;
  -14.70948251738517, -0.003322451800686009, 20.463309454129;
  -14.5090203647967, 1.708278766482194, 20.26567220253094;
  -14.47892446587587, -0.082419984627117, 20.23853103332139;
  -15.2826230741555, -1.528065307462456, 21.3181452766816;
  -14.59283995213701, 1.217837241773517, 20.445288716449;
  -14.61503596069934, 0.4219318216049844, 20.49113312404474;
  -14.3824957846387, 1.568727427575622, 20.19625487980471;
  -14.44293105664525, 1.466272493797587, 20.29294442272683;
  -14.41400946936338, 1.319711943488578, 20.26145442432348;
  -14.25074790830608, 1.649914306550947, 20.10024832777125;
  -14.58526565080715, 0.2298340384249932, 20.56988489980712;
  -10.93692268428543, 3.598725849727514, 15.75438993499258;
  -27.98903453131145, -0.6542106625400699, 38.62806657655779;
  -11.12464779781577, 3.571851671017906, 16.09797138536424;
  -14.11743411944808, -0.4134540509641235, 20.0905315148704;
  -11.13528653341981, 3.479934661300104, 16.17449394931824;
  -14.40945582672175, 0.9127976898721019, 20.59650566922354;
  -14.57952960052732, -0.02561862109855678, 20.82112835810296;
  -14.26129801073108, 1.320386262499653, 20.4173253833823;
  -14.43644770765557, -0.09379369388870347, 20.66971580440668;
  -14.34208937143887, -0.1790368048307843, 20.57599360483705;
  -14.54377620385701, 0.6081907683656458, 20.90064517491874;
  -11.42651414716483, 3.054061764162247, 16.7327750801037;
  -14.31357036708506, 1.275078641767904, 20.66334544679706;
  -14.5022962053183, 0.4478500898946411, 20.97735125188339;
  -14.47129867373895, 0.9849748612162856, 20.95617898094184;
  -11.50907139040496, 3.226331447071876, 16.93576754639065;
  -14.48851679724909, 0.1071970269723768, 21.01901044446663;
  -11.44539109229229, 2.979182618059485, 16.87433151746996;
  -14.39080883635345, 0.3027780061572461, 20.92976619143498;
  -14.39030929677351, -0.6442308028702855, 20.92352334173042;
  -11.13112980458248, 3.471644222090313, 16.48224735087717;
  -14.33070464994771, 1.141554484076239, 20.89176776780202;
  -14.17721830762575, 0.9114091360497261, 20.78700592236953;
  -14.08424179307618, 1.4195177236391, 20.67796879618814;
  -26.69018779133105, -8.716572023283543, 38.12224771564041;
  -14.1609360545964, 0.3525859323889015, 20.85288504916748;
  -14.26210295555265, 1.518221000398331, 21.00312224221193;
  -11.22055078321563, 3.342024972996991, 16.81683806690193;
  -10.52465178514129, 3.66921318372307, 15.87622462954049;
  -11.43337538790104, 2.89717420934013, 17.19881898191693;
  -14.81476240038445, -0.2958676949936571, 22.01310114676345;
  -11.0114975257987, 2.961025653812802, 16.69977476963238;
  -11.19579568859531, 2.794554875587473, 16.97654118393224;
  -14.55231602476136, -3.077496304195875, 21.82907118529304;
  -13.46136652164647, 0.7554334197988598, 20.3333770734385;
  -11.10304132284043, 2.865019731967668, 17.0127259239203;
  -14.45358413935275, -3.46233822621745, 21.75507482598172;
  -14.52479628285765, -3.325223161913565, 21.88642466854046;
  -13.51967023057925, 0.8025767888665631, 20.49198635226217;
  -11.09453466073487, 2.808092168467347, 17.06567943603595;
  -14.23490881834186, -4.08483222832386, 21.53408489492187;
  -14.10534448854012, -4.851647234873498, 21.36956687856488;
  -10.88609303804384, 3.182691009982811, 16.83519770367093;
  -14.32502912295736, -1.068958915093246, 21.75784681575282;
  -11.00150920593186, 3.150175175379363, 17.06374273428171;
  -11.27173018910609, 2.97038912026693, 17.46314605333081;
  -14.17300176675146, -4.115641061374169, 21.62094540173105;
  -13.91824080545311, -4.964447462512513, 21.31721551961152;
  -10.79122301462619, 2.722857498213695, 16.87504956359585;
  -10.63802718274919, 3.575777403611431, 16.68138127549746;
  -11.11792117721024, 3.031132101990155, 17.42744481021458;
  -10.68416842958579, 3.310423296265827, 16.83047936312038;
  -10.36917448080445, 3.583860268308907, 16.38431812262524;
  -13.999910556689, -0.6961902277177398, 21.69816158492595;
  -14.04563242897831, -1.069377786739314, 21.77392677573535;
  -10.79594428223068, 3.203779924906482, 17.05532095679963;
  -13.17741043353864, 0.9574577734152203, 20.58118949501505;
  -11.10107187129557, 2.917771560053327, 17.53717194000513;
  -14.16385222329219, -0.03696338580376411, 22.06317415466267;
  -10.65358100639013, 3.484638838301899, 16.96151892949774;
  -13.34796935407288, -0.1436599368674957, 21.12800764037165;
  -10.3243408735303, 3.589996583819177, 16.64644121501388;
  -13.4086796591038, -0.295323009306179, 21.30606693776288;
  -10.92441284459393, 2.958376355715457, 17.62776057265851;
  -9.843881988792075, 3.759696507143349, 16.01031349080398;
  -10.95143723139515, 3.040924568574749, 17.6778328508192;
  -10.67508466775952, 3.322753422201133, 17.29176538693865;
  -10.07456820600217, 3.612065658905026, 16.45720583028471;
  -10.49769863542543, 3.345604166211927, 17.11651837737752;
  -10.67152000807421, 3.078752040796857, 17.3844762659314;
  -13.24903587634343, -0.03437821585508755, 21.30591374818233;
  -10.38563558434711, 3.097353718256962, 17.00487447053656;
  -10.00018608383038, 3.683835892267799, 16.42122847592352;
  -11.12511311322069, 3.077763786223313, 18.22598750106526;
  -10.56537219367359, 3.020966296189492, 17.41674958796142;
  -10.49386659893855, 3.239024953227092, 17.34194816994738;
  -12.50756157892046, -0.5129381241910949, 20.42871237489091;
  -10.47625984939992, 3.419892912759881, 17.34312411191433;
  -12.06830247638628, 0.4618437547115868, 19.81691004142493;
  -10.05841646130356, 3.654974031070773, 16.7736524200397;
  -10.20822887855281, 3.574304655023769, 17.04382990217398;
  -9.799604020102256, 3.794739776666022, 16.58877290333698;
  -10.28976479211786, 3.099472191240636, 17.36304879437507;
  -10.51091149406733, 3.478489487139666, 17.79382901056864;
  -10.55866595140245, 3.579572350229567, 17.91053992279799;
  -10.46553350809649, 3.289529102993038, 17.79445915634789;
  -11.49812621534064, 0.3886250894171834, 19.59964242330599;
  -10.27472607164503, 3.57756054660563, 17.70619963697101;
  -9.768110750076385, 3.681341664401775, 16.92405249073742;
  -10.43584114173501, 3.335438030148537, 18.06676444140029;
  -10.48181161276521, 3.501961953108513, 18.18526749471172;
  -9.610844226624336, 3.800673891989865, 16.79273566604269;
  -9.876282470756992, 3.542471504267839, 17.2521678591706;
  -10.21374686830482, 3.611847108339805, 17.91397517705223;
  -9.971163782338707, 3.471409995225664, 17.53920610005567;
  -9.751954951695677, 3.617618760896054, 17.24691383461352;
  -10.0742268775923, 3.494375835481058, 17.80941504889805;
  -10.83772485583246, 0.5405282941813386, 19.11219381763211;
  -9.550760035219099, 3.67435002700362, 17.12587184621829;
  -10.40595589406117, 3.545390312655851, 18.56032036206548;
  -10.42650941596117, 3.562057877538598, 18.82267734140736;
  -9.541310209841756, 3.532347265614985, 17.45761419664785;
  -10.07149901504114, 0.7194731143901584, 18.40873259370828;
  -10.11466078281206, 0.6465920298486755, 18.53350857657997;
  -10.00806299719573, 3.552947548525216, 18.45793177549872;
