m=[-18.92803010565983, -2.009011765183366, 24.20315476265551;
  -18.30222465540351, -1.972197817725795, 23.54178625085316;
  -15.31786519717649, 1.447770229320875, 19.9441751140431;
  -25.14412759355578, -0.08794213905820036, 31.8237423105197;
  -24.8837222240119, 0.2230738416801759, 31.83522053222675;
  -24.98734902591535, -0.6545614667693451, 32.29374999217121;
  -24.57295930827273, -0.1481239460102222, 31.93609137484114;
  -6.281885318322997, 1.962781348416628, 9.042527665934184;
  -25.65383445507143, 0.155064978226268, 33.49944800472727;
  -24.58456252670499, -0.3191041087224573, 32.13314068922558;
  -24.64887879009251, -0.5838422909704596, 32.29106041959648;
  -24.37029932858492, -0.2942619793184926, 32.18039644942319;
  -24.45687718983244, -0.7534171720013478, 32.30083933344062;
  -24.27339868640239, -1.008190550333035, 32.34887131697412;
  -23.64784659602859, -0.373569345419336, 31.59415123948795;
  -24.43243280395412, -1.245929630969242, 32.75212986829895;
  -8.034455593418969, -0.7646496333692826, 10.82340277827149;
  -24.75285069088452, -0.04262439337310489, 33.39279254563766;
  -5.970966601303211, 1.995135188431129, 9.175973691726741;
  -6.443181165852677, 1.877360276035304, 9.845505340805294;
  -6.060411766353259, 1.968189761019139, 9.331195327392898;
  -23.61806687021472, -0.246638607532357, 32.99844261243873;
  -9.446229528608878, 1.726065958423324, 13.95337805484864;
  -6.203010344755975, 1.921433574844115, 9.581239053399646;
  -10.70811857929292, 1.617259578925383, 15.82919485252224;
  -6.372164001850596, 1.843086802587456, 9.904891409107469;
  -5.909084319294638, 1.96082509415122, 9.323602110384332;
  -6.192955571610733, 1.885567605035089, 9.80388856050943;
  -18.53474395782523, 0.9509997537058226, 27.18606545823731;
  -5.987086503944439, 1.922609050903945, 9.565987472352139;
  -10.58714454589813, 1.647998277043475, 16.09403034073387;
  -23.50405519613198, -0.332801328297556, 34.08306773480869;
  -6.159771275444271, 1.920471860355856, 9.864343970189101;
  -5.841500493616367, 1.947950867756383, 9.414623240658642;
  -17.19699921351227, -0.872439094621155, 25.53953196547147;
  -5.739655474288727, 1.970938583944491, 9.40495468126846;
  -23.42819561371938, -0.393015990499294, 34.92310254459516;
  -5.634633239132535, 2.009644589204763, 9.326084194234797;
  -22.90155581614255, 0.5916217882397856, 34.34720434842217;
  -5.757582708024652, 1.953019359755192, 9.545699659376938;
  -6.047677300190939, 1.877321914665272, 9.984163397712656;
  -5.483502296292762, 2.028981256517881, 9.22759272737553;
  -19.55626988427004, -0.8254693758183861, 30.07596579756478;
  -6.070910655719167, 1.896234332711208, 10.1634829629246;
  -5.515065297001214, 1.986802267287032, 9.35569337084549;
  -6.233873434425178, 1.900876319975623, 10.54190926008973;
  -7.137323647047782, 1.88781094405909, 11.95157733850888;
  -5.984906225436474, 1.961168377719357, 10.19621824922253;
  -5.859821286418209, 1.959389132761955, 10.00709423750874;
  -5.393192352950117, 2.019786416914697, 9.29646062311816;
  -5.414412076740601, 1.967254823911717, 9.366993036355114;
  -5.306524180606249, 2.046314075555622, 9.244215066170151;
  -7.066726707039049, 1.892543776509997, 12.0024246536814;
  -22.0805132588209, -0.4498509968866777, 34.94728436670064;
  -21.60254826177007, 0.2456272234452324, 34.18814954002922;
  -6.31289258921218, 1.867334831897452, 10.87818089464873;
  -5.465114734067254, 2.022836955705512, 9.554919478387495;
  -21.78951473733535, 0.4980677658255804, 34.60755973877431;
  -21.71129269227033, -0.1407314047813649, 34.55603450720747;
  -6.276189359245213, 1.911332543389699, 10.90441478194726;
  -20.94659696793416, -0.04552388252047492, 33.61820302814019;
  -20.02466182621056, 0.2702902593814056, 32.14775763165066;
  -8.201348683346536, 1.766307393276624, 13.98808227743618;
  -6.31566830882632, 1.913371122419692, 11.07837777836144;
  -9.36372830984126, 1.700731763417237, 15.99588213099942;
  -10.82086306545913, -3.648300474062451, 18.38231898665916;
  -7.699748372639819, 1.899568587598958, 13.42983387445686;
  -7.774976333798682, 1.851383073462907, 13.55241017988963;
  -6.984844541659304, 1.841373078046983, 12.30372372122824;
  -8.563170194686833, 1.732331411005545, 14.85219016771252;
  -6.793575729533367, 1.917141756419579, 12.02367578025662;
  -6.113328067323779, 1.902695875323164, 10.95018331893031;
  -6.29433231593836, 1.877980642280461, 11.27975093764536;
  -7.900039168124127, 1.802635020619186, 13.92969214664182;
  -5.409834427298621, 1.911458241382701, 9.928246968344253;
  -5.883793355229451, 1.896379917051038, 10.78872108016788;
  -5.396194957332888, 1.992174244594137, 9.988514107429269;
  -5.115217420442852, 2.039054233367349, 9.5541497180304;
  -5.202907504294163, 2.034824254168601, 9.739726626970043;
  -12.7594331271669, 0.8646855129782929, 22.34441859987741;
  -5.726726985927973, 1.977981527950357, 10.72078424099591;
  -4.718592139256486, 1.996952510876214, 9.097919248955602;
  -5.702349883697318, 1.944363462301115, 10.79302413463541;
  -4.895439082341982, 1.966507016859683, 9.465389052430474;
  -6.097653299171702, 1.949002115882145, 11.60522844886619;
  -7.761185179408665, 1.864526899827952, 14.57449880410222;
  -14.77759065361108, -6.424256192896702, 26.70509783754102;
  -4.996928262796421, 2.003726357560049, 9.813069307220252;
  -6.72931931587025, 1.931745040214672, 12.85441680026014;
  -9.227405033788967, 1.738836092485515, 17.23064680561596;
  -5.118636356254521, 1.979317567751574, 10.04719202463786;
  -11.74115428976497, -0.9544487047329561, 21.79851950224876;
  -5.535140508476871, 1.940571000075736, 10.87827580803708;
  -5.800769913657946, 1.959841919629327, 11.35807400693779;
  -9.589426696583688, 1.938375077993777, 18.10101660192747;
  -12.05747607873765, -1.902226521496603, 22.4730705134479;
  -7.164901957269839, 1.918899922215664, 13.93514178244544;
  -9.282606921673889, 1.778716020586008, 17.79627461625023;
  -11.7428686579319, 1.034781120229026, 22.26011557405701;
  -5.188347087510273, 2.015632045514501, 10.51580582133219;
  -5.402098969762722, 1.997638577024558, 10.91228272404208;
  -11.25350329091201, 1.205035272695274, 21.52680237787319;
  -5.850761944539163, 1.941629842647356, 11.74195918250555;
  -5.442947187724268, 1.962407034415669, 11.08193649721879;
  -7.219149254141036, 1.91759171664099, 14.46582878164666;
  -8.505495959624088, 1.849190573065388, 16.84610154748192;
  -14.08017092022489, -2.563601455788432, 27.15276235582028;
  -6.932331250889575, 1.938099726800823, 13.96576955569115;
  -13.83971385445697, -2.22917964219746, 26.86813472811765;
  -6.548827930910973, 1.929043168804133, 13.40003721841444;
  -6.994374149398977, 1.857168119000062, 14.24046791298483;
  -5.07112104765798, 2.006625177418889, 10.63458716187398;
  -11.06354310830533, 1.072634323434194, 21.90115508139706;
  -5.720657849632592, 1.950381387579575, 11.87445462272065;
  -9.121775839289878, 1.814467983159387, 18.39224516700729;
  -5.75173598702607, 1.931879555742168, 12.04809741937005;
  -5.315495525848641, 1.974381354592597, 11.2301014516591;
  -7.015785862811407, 1.780765200162856, 14.51039081881264;
  -5.567452259062536, 1.912236176340187, 11.74424164845223;
  -18.49206295926516, -1.164084110644017, 36.02083307608459;
  -8.89885769953124, 1.970355938839004, 18.13701198789832;
  -8.891009278520883, 1.942353059591852, 18.13890462348176;
  -18.85320925849428, -0.7018879316593545, 36.92732025563809;
  -7.857624389849073, -2.268473253434137, 16.27709329656932;
  -7.770710974421556, -1.940394301257083, 16.14999755772951;
  -7.811228074109827, -2.030800200242512, 16.23609011730791;
  -7.042736790292831, 1.927299905171578, 14.76861699465761;
  -7.858345452950663, -2.135100910260856, 16.37490359874978;
  -9.315300315716417, 1.865210050101843, 19.19567975692207;
  -7.098161200351459, 1.8516385671337, 15.02477791597561;
  -7.700203391869597, -2.165966979587814, 16.22500334031264;
  -6.975667821897406, 1.877657265140288, 14.80905935292284;
