m=[-17.85808094251781, -0.8649280553523494, 23.23851871421805;
  -15.97303925421827, -0.4051560726713798, 21.95945112148972;
  -17.49285500087254, -0.8608950028433627, 23.9533117089508;
  -17.99140829255241, -1.034738517131528, 24.72341955992629;
  -16.12294033359287, -0.5505437991875499, 22.32877858092056;
  -6.751199920078082, 0.5709001555317255, 10.62411469440142;
  -13.74130319285279, -0.6324527448193387, 24.15440457483062;
  -13.75887458792341, -0.4524784129839394, 24.1999679688949;
  -14.15918757485309, -0.2129214423392082, 25.22311711222723;
  -13.94524708091734, 0.02414246579328414, 24.86064372850689;
  -2.565856985836225, 0.7731861044713286, 5.779206639854182;
  -2.575591190883853, 0.7557604356564895, 5.855775481784346;
  -2.285870699233958, 0.8299096944039225, 5.4317240911512;
  -2.996238225771613, 0.7327609654623133, 6.82377679669623;
  -2.29705363902656, 0.8275189343716012, 5.529632276913918;
  -2.294155483153454, 0.8059990116561746, 5.563368012334411;
  -2.229813176725797, 0.8267931914015853, 5.46725208681829;
  -2.249692684319763, 0.82371471005283, 5.550500608334645;
  -2.160462429533875, 0.8755704352340085, 5.386920413988057;
  -2.603415075775006, 0.7499120341262482, 6.377041834408399;
  -2.169655010478853, 0.8406651959961891, 5.516883119265573;
  -5.022984227079866, 0.4864605259654125, 11.56918407204394;
  -2.069422877831828, 0.845563600627915, 5.46122536433362;
  -2.898255687801988, 0.7641841543830183, 7.291212326103917;
  -4.612705500282821, 0.4017807197916042, 11.02313123820631;
  -3.021301841747349, 0.766963486645348, 7.852348386027539;
  -3.645534152696885, 0.7603065742344528, 9.3153558312623;
  -3.849757690598957, 0.7269939789732733, 9.821338857774091;
  -3.198009380865171, -0.9050061900211993, 8.398426467357297;
  -5.569024491913543, 0.6016902925441704, 13.89906605572199;
  -2.835948280051781, 0.7216793358830967, 7.577168530436848;
  -3.246429783384782, -1.054813654083431, 8.571500731861123;
  -3.163112618555537, -0.9622461237932229, 8.418518173812787;
  -2.151474188267577, 0.9797539227134908, 6.101401123244488;
  -3.142099242722795, -1.115301332337947, 8.497913172768802;
  -3.059287589608035, -1.030934269601488, 8.304211704599663;
  -3.125808123505393, -1.085979762834618, 8.544010710747166;
  -3.131650921976051, -1.162732270427926, 8.631580250028538;
  -2.997785864903419, -0.952177331909589, 8.321343905782294;
  -3.622119023576171, 0.7116033126840964, 9.88730062719319;
  -3.093936141094333, -1.056182393221658, 8.668463062393206;
  -3.03858816576398, -1.065408862006384, 8.698957119489803;
  -3.48692828884782, 0.7562426365378969, 9.858641774778116;
  -3.000087458783701, -1.001319990501651, 8.763672171984657;
  -2.905734759935641, -0.9102138162996581, 8.559353786110098;
  -3.024867171192792, -0.871312225097061, 8.955455107266776;
  -2.930835082027875, -0.8809913335044971, 8.719396676845451;
  -2.863750442872471, -0.9144225481670677, 8.578960225933392;
  -3.009076526426344, -1.055101016294505, 9.002581614500974;
  -2.926900740068741, -0.9785191017754892, 8.814182342530042;
  -2.905597845377907, -0.9055006929069018, 8.766153560794484;
  -2.837907129860332, -0.9324222342429622, 8.674811853106432;
  -17.28279104597304, -1.917136904373434, 48.13039866712381;
  -2.799189864452281, -0.9030980203019093, 8.651656146905619;
  -2.724901278134691, -0.8701798921519447, 8.54883893645642;
  -2.432184433575331, 0.797037292890173, 7.826649887341667;
  -2.879008953936316, -1.29934944376788, 9.069151390502416;
  -2.81492078819733, -1.174135357104735, 9.012005321627223;
  -2.985190928664446, 0.76098458200078, 9.806348281116485;
  -2.750413621471993, -1.39915088191171, 9.180250677045789;
  -6.216627916906433, -0.9908283715684313, 21.72047464667775;
  -2.159742248171162, 0.7794017001153543, 8.250254790900147;
  -2.250619402933904, 0.7332461302855404, 8.614218409513798;
  -3.864918431236769, -1.233916716881057, 14.06305290932828;
  -2.215887698540829, 0.7751862714871161, 8.54913128746114;
  -6.373155282302173, -1.481346603834401, 22.90430142908734;
  -2.110372611281566, 0.7886655629391483, 8.289634989540998;
  -5.577386923215984, -0.2846819585209322, 20.35347430466355;
  -2.055938090272192, 0.7748915892190414, 8.339974318233621;
  -6.817220414126251, -1.185119816901915, 25.34207694922365;
  -3.486802920151059, 0.6529519113895975, 13.49879259085924;
  -6.372667663572693, -1.096703796092578, 24.90034921914408;
  -3.182525393184148, 0.7087854868452332, 13.11494551558519;
  -1.847916162034327, 0.7967580382253187, 8.180203752529616;
  -2.415104797213582, -1.039742408514294, 10.40812318186779;
  -2.921760440149473, 0.6976447934970228, 12.72216967775622;
  -2.560009934841818, 0.7934716746319163, 11.4327806860907;
  -1.802688734693704, 0.7946960473746109, 8.494015253308168;
  -2.747838997143957, 0.6797395877246094, 12.45008073898228;
  -1.51928511635489, 0.8397028745030986, 7.417588000545645;
  -2.388550638032744, 0.7379430751025071, 11.49502899055747;
  -2.502177844338919, 0.7017195526598206, 12.39007800363324;
  -1.409541939896539, 0.8715036034408926, 7.485550453686428;
  -1.291678306816369, 0.8899988124770586, 7.13389093442918;
  -2.509310610273027, -1.332891314217452, 13.01602049475111;
  -2.051162544864126, 0.7432080086957663, 10.92341395848107;
  -1.44411430763647, 0.8666339366514519, 8.128018313074017;
  -1.582796963510545, 0.8271158540109689, 8.845870966737781;
  -1.424899410790763, 0.8535754693114073, 8.218793722342985;
  -1.08450838208161, 0.9896267027216392, 6.670854058626651;
  -2.556042221471698, -1.626981448975829, 14.34295531124765;
  -1.909631958866606, 0.7499650673610463, 11.03660983681746;
  -1.277902808130449, 0.9457703951223608, 7.759027861528534;
  -4.130167972910189, -1.734116677754835, 23.17434157060767;
  -1.54735405107668, 0.8237669308381486, 9.31895445891478;
  -3.957456015032766, -0.9412131154960034, 22.75670625663342;
  -1.246439272656928, 0.9827881269112946, 7.906739628601684;
  -1.111426704834117, 1.00910769658997, 7.208424394433448;
  -1.029662578837332, 1.005833569451144, 6.870301236745286;
  -3.910733793337597, 0.001961857077948263, 23.5597621163986;
  -1.082093495997352, 1.010370214964685, 7.361711068039333;
  -1.07119408081826, 0.9841827889141563, 7.581871741563981;
  -3.589421370739788, -0.9793711056998585, 23.32096225020258;
  -3.348691200876853, -0.7055462055420191, 22.2051466266601;
  -3.411179591002839, -1.668319843559259, 22.69179171988532;
  -1.039516767454825, -0.7967264003570849, 7.69026464537675;
  -1.042364355480547, -0.7769462747441714, 7.838684710942084;
  -1.179340709091182, -1.906039803220045, 8.828195322296331;
  -3.193975522229474, -0.4415078679844262, 22.17151729945313;
  -2.543988196725732, 0.7612447577751921, 17.97585449623379;
  -1.155110598025056, 0.9464456293199518, 8.82348592347288;
  -2.216865750966127, 0.7538120435592628, 16.08069508130466;
  -1.206149192094406, -1.476539009565286, 9.264364571424917;
  -1.012674764771557, -0.8960067782871179, 7.989620305018747;
  -1.074812892931403, 0.9642253711145764, 8.610522906424748;
  -0.9009933922401349, 1.008069331160408, 7.523750489245163;
  -1.527177652376954, 0.9501905339200211, 12.39070667000993;
  -0.9473983490347425, 1.014576172491444, 8.265976482014466;
  -1.02051769854039, 0.9781196153580424, 8.973188852115515;
  -1.247003638131266, 0.9329126398798089, 11.02107347188258;
  -0.785617715851212, 0.9942120013291584, 7.447969605245243;
  -1.042749828891726, 0.9480108219871228, 10.04267154151937;
  -2.702227203865481, -1.887154368884366, 24.39667505645571;
  -2.649505726390657, -0.2678931508451787, 23.98734234048614;
  -1.495574583542006, -1.519511189709549, 14.3548787308027;
  -0.8334118123988916, -2.0196652824013, 8.938767366624758;
  -1.613834362648097, 0.7731038114821025, 16.85193708032167;
  -1.706990908175073, -1.660467799094261, 17.84331387090107;
  -1.531495259600351, 0.8227996318712618, 16.26814373137649;
  -2.012086065918078, -0.495827488045047, 21.2767593374937;
  -1.783882925680253, -0.01004824696583452, 19.247883235692;
