m=[-19.76054337498866, -2.638137511284606, 25.21787950358845;
  -35.42254170570114, -0.2453397124941147, 45.179520762564;
  -37.83123015720471, -1.572163518130487, 48.31546740354332;
  -33.85457809762978, -0.5264677329253356, 43.34211274069309;
  -35.54758921073201, -0.9209621595472859, 45.7646448870581;
  -5.668319555592762, 1.783940450285662, 8.241878343701437;
  -5.686293983024737, 1.807716737370205, 8.807881658377003;
  -5.853479986566115, 1.818480216361805, 9.140344337131758;
  -5.902716985395839, 1.785349258522583, 9.22619259264212;
  -37.98164726743445, -2.642116888799125, 54.05005630177129;
  -5.734618592649223, 1.827817766981131, 9.396953934174157;
  -19.30492693507851, -1.80786803207424, 29.71019928800203;
  -21.37167689258699, -1.020084579618423, 32.81736021475638;
  -5.276227131259346, 1.970793065288139, 8.864881596610834;
  -8.552379039933634, 1.538458092397953, 13.80826298359908;
  -5.262672907037256, 1.95885653917425, 8.943499454523769;
  -31.57216395380232, -0.6184356659453876, 48.70101580575576;
  -28.71344691109595, 0.5111426983821815, 44.47484773734919;
  -31.6688588123406, 0.7406495442039202, 49.14042900992251;
  -5.319551748422055, 1.960454786469504, 9.096072617960914;
  -38.09730023969332, -9.480893493678357, 59.33525962012207;
  -15.33099722771652, -1.046885029744214, 24.49887871763613;
  -5.764833497176578, 1.757047195170812, 9.841772790888884;
  -5.815499316549656, 1.734117412239066, 9.951695348621442;
  -9.70193720488906, 1.485945470545176, 15.95555233787803;
  -5.275947014494892, 1.868699426960572, 9.206642782237957;
  -8.550234764596253, 1.5905642366516, 14.3219778341311;
  -5.458145474808908, 1.813433582322039, 9.508472023388965;
  -16.47942077948978, -0.7347491658151056, 26.69812239640858;
  -5.159177293090922, 1.993322910996906, 9.053759514592855;
  -5.452270473860745, 1.758349403039622, 9.514946783202314;
  -5.630404733634837, 1.731847451454974, 9.821756207132694;
  -5.79386021171277, 1.659714113891919, 10.13429738735119;
  -5.049744534437886, 1.960814241701773, 8.972262988999464;
  -5.218450169123306, 1.905276337416158, 9.32743434719071;
  -5.065928388995959, 1.949950039845775, 9.095081239302132;
  -5.212744380838516, 1.859318467455236, 9.339629499013658;
  -28.76124805162764, -0.4452338707805918, 47.10003825009641;
  -30.82303504148118, 0.2919415094036024, 50.45911607497034;
  -31.15114788406553, -0.7319216125883709, 50.9882546324023;
  -5.45523183785476, 1.747596559545595, 9.847076103502502;
  -5.587236450223842, 1.726818236909294, 10.07605641910851;
  -30.40796931607482, -0.1536107280271572, 50.48517566364523;
  -30.6987877367602, 0.3330978129997794, 50.97252267127386;
  -5.019799857515327, 1.909174700086239, 9.18733628712946;
  -5.327354770244318, 1.767029398713415, 9.712292651715314;
  -5.048751880606425, 1.874706251931553, 9.281057069780101;
  -5.599278675802734, 1.686481210738917, 10.21859059083109;
  -30.14844724791369, 0.2762566065996984, 50.64010921298845;
  -32.38269518736469, 0.6924007512907252, 54.32399188831712;
  -17.62949510441588, -0.6148779095519771, 30.05084420778681;
  -9.347984903452634, 1.556427945289796, 16.41524081752368;
  -4.949308128954171, 1.934958492046966, 9.218876808322582;
  -5.144078382846186, 1.837717974315831, 9.544712943748658;
  -9.673723338490895, -1.88314601902866, 17.08141472781648;
  -5.196675047453499, 1.775048976368317, 9.64113107297524;
  -7.210492638815571, 1.698992268523436, 13.05594409166723;
  -5.529151322886818, 1.704200267186157, 10.26274362381996;
  -4.761342835404021, 1.990278708788036, 8.991868793555693;
  -5.354099519849193, 1.75145930668192, 10.0466173304199;
  -4.946349412068695, 1.860265021953271, 9.389129541634269;
  -6.36447438659498, 1.674827564389056, 11.81802165258181;
  -5.005152919990647, 1.843069693211187, 9.547908961290574;
  -4.848651620182023, 1.889894705785105, 9.313987102515091;
  -5.772635936671554, 1.747308322935058, 10.90662682922561;
  -7.078456399560438, 1.701012337957537, 13.16020917402428;
  -4.963737532532831, 1.781597851948483, 9.548136901652159;
  -4.730592702877178, 1.949990792631357, 9.169052918790403;
  -7.759657250498226, 1.650831357730844, 14.42980441019976;
  -4.863544449141132, 1.836847031196077, 9.419394987093964;
  -5.318812054060786, 1.768594367000526, 10.21954530429886;
  -10.19581822229891, -1.456194082239976, 18.6836962221506;
  -4.873928923244305, 1.818850017476636, 9.529263647716578;
  -5.02372875409695, 1.821369441789205, 9.825299261064743;
  -7.717784425947641, 1.54857811120571, 14.58899496408101;
  -5.752549412993339, 1.736405575560389, 11.14300412887261;
  -4.795931070134134, 1.841715936403909, 9.481282940888304;
  -4.90539786876916, 1.806268914070415, 9.705798050696162;
  -4.611223163512345, 1.924941455509765, 9.209898361820256;
  -6.375599585428589, 1.67478617180411, 12.40485602975227;
  -7.100701276941315, 1.617113806340722, 13.71562925497457;
  -4.911914820286848, 1.787689040061621, 9.80352669770385;
  -6.009062287831413, 1.688317512178014, 11.79993118142385;
  -4.707129521786928, 1.857552346778041, 9.467763794990084;
  -4.870681982176096, 1.828599065663602, 9.763956363794133;
  -4.951667140767269, 1.768368264306883, 9.98223835735449;
  -5.55139082861183, 1.717235862416692, 11.09632655626494;
  -5.659400847602449, 1.676960265068557, 11.29755763033581;
  -4.624210269691895, 1.902661338919032, 9.474560123363197;
  -7.757566362511901, 1.630902681465634, 15.29514805355994;
  -4.508618896684235, 1.872126541953659, 9.382324142957087;
  -5.3851118192635, 1.728409253056698, 11.0294543806242;
  -19.28001269495287, -8.264548010386045, 37.22023299272886;
  -11.58081293172511, -1.713114704190492, 22.82400501441831;
  -11.09456051386403, -0.9529826830884828, 21.91936242927774;
  -8.344424019477048, 1.561011166489224, 16.82707588170667;
  -4.643110236129129, 1.809401317006492, 9.828619148596513;
  -3.983746622013732, 1.880019310938157, 8.60834702427684;
  -6.809493064277874, 1.626322348256111, 14.00470559396692;
  -4.579503432850547, 1.787796858787732, 9.754306132112717;
  -5.047822814746765, 1.719378206939484, 10.71007752884054;
  -11.03010941421916, 0.9413505651540776, 22.2354843475619;
  -4.592949539752179, 1.775673423545949, 9.863971385670565;
  -6.307441584245831, 1.798416940953443, 13.23798255285369;
  -11.01840815685305, 1.151480600991594, 22.40737770293661;
  -3.887987093712105, 1.849746952515184, 8.571435420835217;
  -8.616454294185292, 1.641169570040933, 17.7827674171457;
  -4.519817558071429, 1.885995950741147, 9.814866010565325;
  -7.609430641166054, 1.589391927373643, 15.9275276755706;
  -4.920780990461267, 1.751084389308861, 10.75982651921092;
  -4.427700960677877, 1.772356225083867, 9.837971419431954;
  -3.957506520000961, 1.904440028839731, 8.897286997857696;
  -11.45153014257654, 1.089069245460183, 24.03357143017193;
  -5.007305506899952, 1.741353552978878, 11.10044188130337;
  -4.334741072065575, 1.803425660282972, 9.765456487089642;
  -29.82558682757739, -2.969051834229414, 61.45054936376329;
  -6.547906037985193, 1.716421383304813, 14.32618624216805;
  -5.242181720596425, 1.743291818582702, 11.70050057201338;
  -6.083194614313687, 1.690361601720257, 13.45558482581726;
  -4.808984234411564, 1.77707925853816, 10.87756673508722;
  -4.888496533735199, 1.757767540717154, 11.11871747625325;
  -7.275545619855191, 1.700736786720984, 16.08511231626439;
  -7.896065496066671, 1.710324226626464, 17.37237704662881;
  -3.680215731349468, 1.907825950164358, 8.637413313651138;
  -5.859868932225306, 1.714556024178865, 13.18674632893373;
  -8.608395315673244, 1.705644399949907, 19.02906431355747;
  -39.54697412259471, -3.082018607930193, 84.18631929186371;
  -6.968564343199548, -2.083579127654945, 15.68982730482338;
  -7.10419299968195, -1.902761763626139, 16.02050806201527;
  -4.857265155855827, 1.751711850974212, 11.28951626203475;
  -6.917432833936895, -1.931049254728028, 15.66112710338519;
  -5.189245396106171, 2.167652124698695, 11.99944192202885;
  -5.231098110400748, 1.751674493804274, 12.14257761435989;
