m=[-3.379152219635206, 0.7167015070281587, 5.668098291692542;
  -3.240830656213536, 0.714595374359502, 5.731344721789125;
  -2.085283407498193, -0.1598152107217933, 4.049014927820228;
  -3.230754300804964, 0.6815928112552404, 5.809803799170799;
  -14.3316821733075, -0.3520297362408191, 23.39350997200719;
  -14.34954079809466, -0.2441134871705324, 23.55899531744004;
  -14.29848146790972, -0.4159492558004401, 23.51509522750762;
  -14.25459252313214, -0.5166085025577891, 23.6166404833557;
  -14.26958545571846, -0.2361399410845539, 23.65036403192595;
  -14.26970197321383, -0.6819349562722366, 23.81267035073748;
  -14.09759201050821, 0.05559934959111979, 23.74266299941138;
  -14.21741638890577, -0.07353807418707213, 24.00898410960176;
  -2.143481757605561, -0.4826261617182605, 4.492618501290873;
  -4.343089927286752, 0.5780949526776211, 8.688054636703482;
  -2.756212001078474, 0.6891805178402831, 6.267578133202785;
  -7.251167446194826, 0.4914614768053081, 16.54842517168168;
  -3.328754622860307, 0.5916911964328906, 9.115216170106189;
  -2.972811257917741, 0.6634240287559615, 8.604972848207895;
  -14.67390125769434, -1.461823930293766, 45.70993334472207;
  -2.395427160228097, 0.6849422441501797, 9.022798236493371;
  -2.606885936987239, -0.9164043247238765, 9.949491998735629;
  -2.562456381286625, -0.8469313544184728, 9.860311097958567;
  -2.505890316096377, -0.9240682568356956, 9.807391633441151;
  -2.445510240827896, -0.7428677645169507, 9.735481047686614;
  -3.693573748775815, 0.5658742658200155, 14.55600564988265;
  -2.666827003681819, -1.297163484725609, 11.10136329183645;
  -5.150084897932444, -0.1915005782461009, 20.80518639977765;
  -2.413496900006671, -1.236604469571859, 10.35457961233029;
  -1.98846484040032, -1.792431213578735, 8.903994554096053;
  -2.239904241215489, -0.962226450765841, 9.93081184809243;
  -4.949817874516644, -0.2438148147474163, 21.17158503619143;
  -5.544503978982625, -0.9773302593532484, 24.04019269933956;
  -5.237308520067967, -0.85827705794343, 23.30767386192671;
  -1.088140590713047, 0.8324322196424079, 5.729598299894406;
  -3.724799137731432, 0.6139909645135777, 17.43712472001444;
  -3.134078633225756, 0.5766904494576614, 14.89809476353957;
  -4.339887197906985, 0.5259817528027492, 20.51695747177552;
  -4.715950113676898, -1.30138532873538, 22.81360840497869;
  -1.095490627480932, 0.8367052439108524, 6.179100469493317;
  -1.152944565446981, 0.8031789223470407, 6.66478090003908;
  -1.066601844093857, 0.8776605743410169, 6.383517498788025;
  -2.710620055872975, 0.6359495770548909, 14.92604651320317;
  -0.892825323134105, 0.9195545861127258, 5.595631524458463;
  -1.077244890502934, 0.8508374943602027, 6.561700380610655;
  -1.281402604057265, 0.7525522093658996, 7.733040822934078;
  -4.091213974422506, -0.7765082097872337, 23.26734579586646;
  -1.251240346263595, 0.7658463149627873, 7.848259942856846;
  -1.052537058598734, 0.8444140538053969, 6.762568372439718;
  -2.747022299931693, -1.053272856121805, 15.79557168377646;
  -1.011788171504225, 0.9073992393622931, 6.61034882590296;
  -1.644497263568855, 0.7050721404435195, 10.18835561064842;
  -1.267595821972478, 0.7590212414859846, 8.118076300692083;
  -1.527996132196641, 0.710009107460808, 9.734358343842773;
  -1.061462781936105, 0.8551852917729976, 7.12858402346526;
  -0.8887363968877056, 0.9034355013140732, 6.154798992793742;
  -0.9624277614539051, 0.8577115049220078, 6.636482174442008;
  -1.002173848250593, 0.8567647120683329, 6.902378578374007;
  -1.896341002548774, 0.6593467930484031, 12.23293853700332;
  -1.41086028931878, 0.7241606399021326, 9.412187338884795;
  -2.010530525842413, -1.26652082545957, 13.42038619215057;
  -0.8834008993338171, 0.8997223553862992, 6.565674460113234;
  -3.560640111924241, -0.6947810110588051, 23.59629694914263;
  -1.775290406007176, 0.6913559844813987, 12.27759116447153;
  -3.787846456476899, -1.714517853929579, 25.36030983417827;
  -3.483830291628098, -0.8951977194284, 23.99916531356997;
  -3.306428324599519, 0.003833159574076828, 24.04577648069749;
  -3.171513585633242, -0.03737972438934586, 23.10439984729247;
  -1.182564311473794, 0.7545393043121568, 9.214349425968882;
  -0.9160894222822617, 0.8660639723194683, 7.40226008968394;
  -3.139663609244737, -1.189930127048954, 23.01278758998904;
  -1.294092751996127, 0.7400463721855004, 10.53553467237028;
  -1.519452845923345, 0.6776264865350724, 12.38565854405759;
  -3.254512199375164, -1.012166413732354, 25.54905594250429;
  -0.8524639558780146, 0.851771147567117, 7.41455163758171;
  -2.972490916685608, -0.6845348930281997, 23.92186323549726;
  -0.8274954789416673, 0.8546925760705866, 7.619325582423518;
  -2.764895883913352, -0.4277425240426473, 23.56696287027689;
  -2.245285859743064, 0.7471596261777281, 19.88144261341421;
  -0.9457343861520106, 0.8080550002460185, 9.101837976847735;
  -1.956046869272172, 0.7271014647923948, 18.99868512779236;
  -0.9855043604616015, 0.8049593044216552, 10.2657408049935;
  -0.7273649418400501, 0.8838577631581664, 9.376474721429799;
  -0.7918449813083717, 0.8256537690693599, 10.87864411490164;
  -1.23443343840604, -1.154497823158601, 16.55686599312394;
  -0.8982867234218119, 0.853439121440812, 12.48574646226506;
  -1.414750253484459, -1.635383798738895, 19.35831839225515;
  -0.5710898726989951, -1.753477696660089, 8.740397043991127;
  -1.347421513395684, -1.418123955105797, 20.32424401643955;
  -1.309638081989273, -1.857654916070921, 19.67106379066359;
  -0.6495319402592902, 0.8424507683754181, 10.87348178869618;
  -0.5432533191181531, -1.874339002109123, 8.912552520696808;
  -0.564598856617654, -1.811075943614183, 9.365374482406986;
  -0.9306129702323083, -1.160897116783298, 14.98326739116785;
  -0.4595377531161076, -1.73491241253636, 8.99988492685514;
  -0.4398041803391157, -1.291443642541421, 9.251767278702769;
  -0.3611595989478312, -1.483519050328462, 9.148641937233885;
  -0.3534810272036342, -1.212049511677678, 9.864132809454315;
  -0.3498740309265883, -1.24354196724844, 10.06392477655228;
  -0.2726005688969104, 0.873850994177407, 8.243788964995517;
  -0.3376731168672669, -1.321443420952558, 10.08785321196768;
  -0.3152184868635061, -2.043191808718506, 9.581221462144969;
  -0.3098917596673767, -1.106310624483635, 9.635683965525201;
  -0.2804618132759177, -1.973393464424329, 8.93743770240391;
  -0.2949881333256284, -1.741453120335102, 9.506967227614908;
  -0.251936573186016, -1.925177673173772, 9.358438620558955;
  -0.272632755351806, -1.294616056970773, 10.18378043519422;
  -0.1442857537146857, -2.028790174981569, 8.976265523425456;
  -0.1060313426380226, -1.351518535901873, 9.673043541908804;
  -0.01416302884521044, -1.434397247756908, 9.08889167233105;
  -0.002023248233712413, -1.371387951453103, 9.074366177598844;
  0.04124072149584705, -1.569827045729342, 13.32206175173752;
  0.0173190416450644, -1.631893996355284, 9.794445288947768;
  0.07226158874122479, -1.78155672838456, 9.828825353924417;
  0.08411583058917276, -1.934392475759883, 9.648740993180882;
  0.09454508845252792, -1.844996271423594, 9.529869969323872;
  0.1021437682600259, -1.963285047214107, 9.351926233533735;
  0.1930610066352945, -1.79587581854458, 13.68716749196859;
  0.2346420896550475, -1.819223240671494, 14.09170688732758;
  0.1644625336421521, -1.917932349841713, 9.633778803613433;
  0.1820887366461046, -1.94074413233123, 8.842516661224458;
  0.1975960812925172, -2.087544124103208, 9.540271207003002;
  0.4201155231307149, -2.408913594292605, 14.9295919144145;
  0.2581392286419068, -1.996164516729956, 9.238662299981943;
  0.4977000526315502, -2.314722068917278, 15.1730662151865;
  0.5143077734769753, -2.46294242214219, 15.43722461713252;
  0.2975677351399642, -1.96272781962761, 8.972104593386819;
  0.3037153041730633, -1.882643169964823, 8.942026786554383;
  0.3340629384860042, 0.8683101651305649, 9.197045895019743;
  0.6338719677573487, -2.774406231358483, 16.82209242065846;
  0.3268472558298133, 0.8758751263313314, 8.922122242107612;
