m=[-33.0697426943564, -1.129219695936725, 45.79852973913172;
  -9.982694153197455, 1.258431194895591, 14.61126305728659;
  -31.88908544515983, -0.1803208122741891, 44.83249022543809;
  -32.282987437534, -0.4323740533855809, 45.52628277785122;
  -15.54485311951738, 1.001215194163155, 22.6284319096739;
  -15.61749953561297, 1.043290445482525, 22.76436409254258;
  -35.24941235748722, -2.515913062920821, 50.4581059070972;
  -32.61572031620947, -0.5580832092830882, 47.10058482389777;
  -32.56212465866284, -1.00333378229601, 47.05573721381909;
  -31.93585833399674, -0.1985330858637647, 46.40576474526093;
  -32.21492388698509, -0.757355193778138, 46.84806579737766;
  -32.13332668174468, -1.347969856929797, 47.19949654825974;
  -31.98266486824964, -1.048248037074101, 47.24390438487403;
  -32.39576764051063, 0.1077503099496177, 47.91236501888047;
  -31.67415082307637, -0.6299351962942403, 46.8829984865477;
  -31.90955569261868, -1.676816636927148, 47.26404831191481;
  -32.20548510265237, -0.07536970030999, 48.14103111676825;
  -31.43057933046843, -2.103270682649397, 47.32139610128782;
  -13.32590539881821, 1.126875452489695, 20.97048658605718;
  -13.38972054859781, 0.296053975710435, 21.19808110719971;
  -17.24453653441194, -2.963147722047787, 27.0893779958435;
  -17.09541027401155, -2.837366070526036, 26.92664310672272;
  -28.16265293191498, -0.9976243998764098, 51.31492424462741;
  -3.984508476192176, 1.550891228870372, 8.165599589995123;
  -16.14269746028204, 0.9799269709563875, 30.76740319976584;
  -3.864477933808546, 1.631656333928562, 8.15646515700487;
  -16.36429700127344, -1.356863672987833, 31.50069603723663;
  -3.617046900244898, 1.678115532674503, 7.751875773060744;
  -4.023927642477033, 1.546550865520784, 8.544088729333222;
  -3.786251948948128, 1.631974407000357, 8.122642082630911;
  -4.038831726658812, 1.520408999733588, 8.62646789424471;
  -3.857796758707592, 1.538552269800966, 8.367002432422343;
  -4.974646223781008, 1.682279949181013, 10.52349703886448;
  -3.601711459797849, 1.658523788551572, 7.933498210546825;
  -3.548765986242874, 1.669807297032944, 7.878458646015462;
  -5.355216771524908, 1.49146619115708, 11.45222006568386;
  -3.788801061194687, 1.630643148294168, 8.430622189286796;
  -4.793354278950648, 1.649412943462753, 10.48604743061145;
  -5.117126430276602, 1.529971599126742, 11.15969435387798;
  -3.539122124469395, 1.679639032594665, 8.028123010032502;
  -4.861315176580213, 1.577098307726323, 10.68501538012377;
  -3.435581347260319, 1.683697928279514, 7.845207827867633;
  -4.76467687938577, 1.64603655567834, 10.55123770027702;
  -7.733751080766836, 1.318584090117084, 16.69444512461714;
  -4.995394786775666, 1.50529427665069, 11.25137483491435;
  -3.710663268480745, 1.648187093169127, 8.635083634455913;
  -6.499119686552509, 1.434388263896345, 14.41656317783184;
  -4.562952394192652, 1.727451543647671, 10.41705395997696;
  -4.711894663678612, 1.697400298808047, 10.72623444336918;
  -7.69480319832368, 1.341502270955625, 16.90317783312521;
  -3.895736561331993, 1.638836078211842, 9.063060080804288;
  -5.076644104780127, 1.489648968315095, 11.5420833025582;
  -4.687041034162482, 1.744800641046411, 10.75512878941415;
  -5.797593222584607, 1.417861226987323, 13.20371717064253;
  -5.001780716227934, 1.500735974878335, 11.5521455244254;
  -4.828267927980511, 1.539534593650076, 11.32065668353888;
  -5.075906132636491, 1.477986549327923, 11.85417667776345;
  -4.711080316263827, 1.552821569993089, 11.08901147771883;
  -6.457280457226593, 1.41781137501338, 14.86212296450702;
  -4.454282852779229, 1.617174813246203, 10.58434122645287;
  -6.719342360990992, 1.351631263837981, 15.63662330904602;
  -4.446463222895659, 1.648492072309382, 10.68931840606673;
  -4.479926868436932, 1.61390410970232, 10.78440128216628;
  -6.05479346055253, 1.477974268396141, 14.27695546358967;
  -9.899364741597665, 0.9587229346568462, 22.80070327006106;
  -4.461417599417842, 1.567416943673524, 10.81901734408591;
  -4.358758022726519, 1.667802959631891, 10.60975023096839;
  -7.398804149522971, 1.326552955759345, 17.40517202458547;
  -3.489034894551254, 1.660177586107764, 8.728624150785057;
  -4.592214233370432, 1.564031618557285, 11.18491365171714;
  -4.366844227057949, 1.619183666384269, 10.70701279478934;
  -3.262880287941, 1.719475695405585, 8.269208947047622;
  -4.369460922169035, 1.599858176931362, 10.78044822549927;
  -6.667515455816369, 1.390786147874237, 16.02167626064937;
  -4.16167055667462, 1.686599892132501, 10.37675442607924;
  -3.319401672446666, 1.663290228035321, 8.486382164318718;
  -4.333614859221549, 1.564568333014554, 10.77188410159671;
  -9.146187938062669, 0.7966608691751067, 21.85694056652496;
  -6.281764418029693, 1.449197686389909, 15.33914837193418;
  -4.973131330789498, 1.559289300461402, 12.51031129677317;
  -3.191765807406811, 1.738287144738243, 8.442117468838758;
  -3.188513452810784, 1.757103215361802, 8.508011317478477;
  -4.045681475996469, 1.653060393060577, 10.67658936672976;
  -4.329650927866419, 1.609315853385359, 11.39112938372191;
  -11.26589453751468, 1.217193314536821, 28.11720662767468;
  -6.717548455652716, 1.40100079704175, 17.16520859689629;
  -3.107964434725868, 1.729976448019752, 8.489710521934088;
  -7.535502452020647, 1.423015511998373, 19.22425487339382;
  -5.913012772401133, 1.501030062549602, 15.36789064182717;
  -4.486114427617387, 1.536003269598234, 11.89196675920122;
  -3.773985588114105, 1.611293634131865, 10.19625526408563;
  -3.062449222417684, 1.7695504740431, 8.494010890120054;
  -6.684908925501565, -1.46725750380502, 17.42191848941118;
  -6.874998886024979, -2.40191152674807, 17.89574693954438;
  -6.918115795304877, -1.338410349820076, 18.02671235438632;
  -6.246423253012569, -1.767678276146703, 16.40399389955028;
  -3.000660272656179, 1.753389469364947, 8.386236259039368;
  -3.080280068884323, 1.745459921439835, 8.610149827947948;
  -6.510130609705482, -2.115238928662184, 17.1886019439553;
  -6.258567354392874, -1.903910136469778, 16.65696716136785;
  -6.773712407510405, -2.374407770680675, 17.95200024511478;
  -4.046366120381008, 1.59282980067284, 11.17875556516812;
  -4.600029476732176, 1.505109423494796, 12.59684861471222;
  -2.863730891093667, 1.689744763839207, 8.25244158041432;
  -13.98553354337834, -6.862384909532785, 36.57722341566491;
  -6.213998445792737, -2.215181107667251, 16.82051032836474;
  -6.099651759289501, -2.055491629046955, 16.55705717420427;
  -6.252470153476167, -1.980375171076665, 17.0160298478543;
  -3.63116273650557, 1.653585227516532, 10.29767427376786;
  -6.089479411130547, -1.897291899353585, 16.60110167525566;
  -4.254431414506623, 1.56770935243991, 11.94249361723658;
  -5.779660612073566, 1.420335474617597, 15.87546031719553;
  -6.173205484111662, -2.035415402890132, 16.89521983729377;
  -5.902227838566698, -1.32521220891153, 16.25150140988801;
  -3.801653808724349, 1.597336539236674, 10.84500531332914;
  -6.242435396450586, -2.147067886756533, 17.17427413775291;
  -7.325014148376487, 1.439075938563775, 19.99509582982614;
  -6.182997437315605, -2.295648789554011, 17.0418223153157;
  -6.178727707748993, 1.441025257919737, 17.14185802747201;
  -5.519953111223376, 1.496177128045722, 15.49823360131454;
  -2.831424785664204, 1.798621460559717, 8.435717936527391;
  -6.217902716147303, -2.122616328221001, 17.42106415984812;
  -3.782536790601417, 1.556334504644875, 10.99439245795484;
  -3.326424141535795, 1.720075448848169, 9.794871819801847;
  -3.465359499761543, 1.62645033210511, 10.17401727780296;
  -6.173224155221016, -2.697448808234536, 17.35722871613909;
  -3.504184570509733, 1.565167361149795, 10.27097461058231;
  -4.7441433453662, 1.500402873507257, 13.61138157151513;
  -3.701218470362897, 1.580070880367666, 10.85929732485201;
  -3.9892649205028, 1.581385249639927, 11.64464229548623;
  -4.572487662261119, 1.498769875154296, 13.2363315937632;
  -6.889244512644535, 1.494134665934886, 19.47805865874591;
  -6.069458209186371, -2.128111547495192, 17.37581857756391;
