m=[-7.321521287340073, 1.389883753383837, 10.09905862127475;
  -5.376637465722359, 1.539424924737237, 7.723675432831358;
  -7.240712707478209, 1.42969607308364, 10.35906933944424;
  -7.464052601886156, 1.372110180925844, 10.6952685032656;
  -5.292869658032621, 1.54732301260583, 7.941456694819216;
  -7.130673406070134, 1.425882983013389, 10.38603910128604;
  -5.92031512750112, 1.459256505428892, 8.87348564470078;
  -4.787298943429926, 1.572097334306224, 7.366376761248653;
  -6.297685019326276, 1.449712643363142, 9.38785976718073;
  -4.884194111917843, 1.552152339246402, 7.507491040841829;
  -5.177741285058904, 1.567997329842982, 7.928177306321261;
  -7.002229551765661, 1.464875354081791, 10.39788959016171;
  -6.296234008350923, 1.448166431400729, 9.494243355728919;
  -5.565974224741427, 1.474506315937064, 8.521907352707032;
  -4.67519710785805, 1.582613398870944, 7.341233355183449;
  -5.250225269284255, 1.534028674620688, 8.181451763496499;
  -4.490940735212979, 1.577234901168845, 7.141294977284974;
  -6.882037564773051, 1.455882629039268, 10.45891730228235;
  -5.498733285905194, 1.485499677932354, 8.561205216178946;
  -5.446708381468779, 1.564698665849683, 8.498967811997893;
  -6.906531996833632, 1.454203145458389, 10.53875570936108;
  -4.632904124375793, 1.560716107901233, 7.490615227125064;
  -6.583268007532491, 1.42962810645601, 10.36122217325511;
  -4.546109574824269, -1.098172577223226, 7.579944332803087;
  -4.542683241665766, -1.151761316482067, 7.580484701572274;
  -4.783028607045443, -1.545560762491948, 7.940250842361867;
  -6.603999923500414, 1.365552462459749, 10.61691092768948;
  -5.324221115990166, 1.482313811312811, 8.823168589249859;
  -30.62399633488412, -0.6424400133041197, 46.28254020618083;
  -6.552226355963818, 1.376050057925564, 10.70296476070325;
  -4.53315123250884, -1.109550536404838, 7.738811681201804;
  -4.159126620069055, 1.515384328510087, 7.24012329407164;
  -4.634298329931038, -1.179409965360506, 7.984241284813058;
  -5.532754806575019, 1.442780989022848, 9.354367525570966;
  -4.339621453178281, 1.526352259299578, 7.581370257213731;
  -4.746167738094473, -1.577952450391981, 8.211883367545635;
  -6.522362777253434, 1.401094169310683, 10.94670051943298;
  -6.345033555566584, 1.436671452272083, 10.68182585613032;
  -4.116319087048662, -0.8162976110165018, 7.337964393968867;
  -31.02123111627913, -0.3967814334960612, 49.17889244271434;
  -4.293234516287809, -1.534130430011896, 7.647474486512289;
  -30.7415270526881, -0.5886298845654184, 49.05894466235261;
  -4.311906563689575, -0.6690034069217494, 7.708328244847134;
  -4.718992329070324, -1.545326234267261, 8.411724879048396;
  -30.44862190734138, -0.5747797190487902, 49.06025896844629;
  -33.9351739010516, 0.2214942708214484, 54.89315795409171;
  -4.528195800501878, -1.117746868695372, 8.195148411774499;
  -29.79950867794321, 0.05498728641964827, 48.79915590425208;
  -29.97585609122795, -0.2196289672291991, 49.23545269342421;
  -4.364832181798922, -0.9240651373285873, 8.016197652753016;
  -4.473928839811306, -1.0852530957489, 8.194137118188905;
  -4.817238723734569, 1.468145409461495, 8.81225812143439;
  -4.761703892598744, 1.47390443173872, 8.722364605461003;
  -5.615221951316241, 1.465332559741303, 10.12346534992149;
  -4.392920718415134, -0.9746019784254413, 8.130844422451876;
  -3.822629040585699, -1.342435522409187, 7.202104724340985;
  -6.869571266384234, 1.339332267584741, 12.21571323999939;
  -6.217505808808082, 1.396117370548603, 11.15776863090905;
  -4.478349039853548, 1.491303114357232, 8.330677668600576;
  -9.507018407385568, 1.167982427134086, 16.61513041526616;
  -6.38176140735742, 1.345650594040058, 11.51906089205991;
  -6.087905194455619, 1.435374079089192, 11.04453685912453;
  -15.24151055376176, 1.027230496764879, 26.25289687751475;
  -3.846704206775058, -1.432112430729957, 7.341501233371592;
  -4.478468283869385, 1.499069385982183, 8.450539691364178;
  -5.628275255344913, 1.409787892850446, 10.40942548729705;
  -3.911769255664324, -1.573224408557827, 7.52711268638461;
  -3.776913100494475, -1.336594138933148, 7.302026517750467;
  -3.808287042582108, -1.462266061695095, 7.363056537148316;
  -3.812485039238666, -1.609789415599585, 7.440174456553063;
  -5.297895309393589, 1.441406402710635, 10.01528886088445;
  -4.273250890996505, 1.511799456769327, 8.278461794227956;
  -3.758223765417151, -1.468468700783341, 7.425523813525158;
  -5.78475589910096, 1.411586076170663, 11.02130741785708;
  -4.274853068526825, 1.485272532228388, 8.40105801517152;
  -5.299082122858028, 1.462647026981615, 10.21656845437069;
  -5.915447151691448, 1.376862417679264, 11.41724453975012;
  -5.389344804981848, 1.408621345663058, 10.5130871960283;
  -4.070217679423156, 1.571468689608687, 8.17966326911985;
  -12.21705594734237, 0.3050033947581153, 22.8585867577569;
  -3.548141513678695, 1.614311788047578, 7.332681686489015;
  -4.746730573251927, 1.45573504452301, 9.671282710486931;
  -27.85627256041338, -0.960413936824849, 52.48969375361746;
  -6.644264888273813, 1.283894807460705, 13.26288683448232;
  -16.44412896019201, -1.350411324813773, 31.40052422191747;
  -3.91237384695183, 1.475487701501309, 8.225155060259326;
  -3.915421071611892, 1.521286370061627, 8.269595475903349;
  -3.840816426595155, 1.540900907769571, 8.130531319779227;
  -5.635173478558751, 1.413234991755758, 11.49767317586288;
  -3.725239267927674, 1.544039088327817, 7.93294046595086;
  -3.751133732594737, 1.516446171976, 8.055665317699521;
  -5.411499434655989, 1.421525778788205, 11.19167678474273;
  -26.00166621632192, 0.4111984096655185, 50.20824321319875;
  -5.625787691596882, 1.400336709566094, 11.68705233778628;
  -4.876953246523204, 1.417506037347937, 10.27872487504613;
  -27.16824962270314, -0.2937810064036118, 52.97662310506746;
  -4.322228476093198, 1.435940973304761, 9.2447814746749;
  -27.07613863249248, 0.1732952569091524, 52.85167432864049;
  -4.752514139801643, 1.435427241327277, 10.07116651892293;
  -3.620643097295501, 1.611419499256157, 7.945333476331599;
  -5.667044026259555, 1.372923362471461, 11.89989640668276;
  -27.41676675878143, 0.4724909335780345, 54.06241314787404;
  -26.25876739509702, -1.062579404012052, 51.83643903342171;
  -4.735479432681213, 1.422548098132826, 10.16818767287215;
  -27.54813788753781, -0.8682578629697335, 54.86008984938354;
  -28.48077571853835, -1.138191065831897, 57.16076927128779;
  -3.298132744570985, 1.63116564800643, 7.48081797086216;
  -25.63372337454835, -1.177804232547638, 51.59739179419218;
  -27.45394145108064, -0.1419330356940095, 55.3879531163287;
  -3.49475285945229, 1.58087984088677, 7.904534775131734;
  -3.266113814544482, 1.636033337121177, 7.50334074480396;
  -3.448743076941968, 1.612075429395959, 7.939692873147774;
  -3.191744519324101, 1.634376906154861, 7.432681018623592;
  -4.191351577057343, 1.397960312248304, 9.505466872557376;
  -3.268826297942511, 1.624619961075456, 7.632829278074428;
  -3.442572703462261, 1.586008728156281, 8.058694143872032;
  -5.122999742658928, 1.39197339704685, 11.56693062183607;
  -3.719188449792545, 1.442842337518052, 8.691938420744769;
  -4.625278946029394, 1.43628177077209, 10.60496807538261;
  -3.471238054429822, 1.571517928868147, 8.206744312472868;
  -15.45653660373959, 0.3853525982278087, 33.2044968417981;
  -3.497499644885253, 1.539252817906652, 8.273766649299741;
  -15.39295975862293, 0.8689539656289428, 33.16209375049227;
  -3.386487480408278, 1.578338162608116, 8.102206001000122;
  -15.47374457740724, 0.7489138400358364, 33.94374109428427;
  -4.702345216323338, 1.45204249696079, 11.00418510852474;
  -15.12759873336769, 0.848883605094648, 33.4599592688375;
  -3.132950759359294, 1.698249119760583, 7.711237610154943;
  -15.01673582620634, -0.9245729194364348, 33.30598970925028;
  -3.690679135943352, 1.547855515715331, 8.925021328515877;
  -4.645410261447067, 1.44546199856667, 10.98374449949732;
  -35.70653015838413, -3.651492647093505, 78.32346855483679;
  -7.94733668119801, 1.140375514311103, 18.19295276098057;
