m=[-11.78240396422787, 0.1967243379364271, 15.83498791148388;
  -11.74405391664831, 0.02581928887660631, 15.84992996967513;
  -15.41233267647459, -0.3994571916184809, 22.62120539789677;
  -15.13595411546966, -0.2145363904899396, 22.78447928835337;
  -14.91047201424108, -0.4748355644570301, 22.99410558775994;
  -15.00408844064149, -0.1133719294608788, 23.25475484374122;
  -14.93098968465452, -0.3625514050692716, 23.16500917715443;
  -15.2423880512974, -0.5458542639852528, 23.68827938977542;
  -14.93227538749519, -0.3580396214424627, 23.38984398213347;
  -15.0590299205276, -0.6470047793742523, 23.58125206801192;
  -15.15057294159216, 0.03739348115880776, 23.87663960113807;
  -15.29698756799443, -0.04976104887305607, 24.34715520308279;
  -2.980155465473703, 0.7060179545318127, 5.696333332137007;
  -13.40497040298654, 0.1441625643385232, 25.19245918653816;
  -13.33144616514845, -0.2151056861988754, 25.29082885862341;
  -13.27778108507763, 0.01591654468116607, 25.21245112182074;
  -13.12550835568619, 0.1559770215414828, 25.18559704635491;
  -13.43822168378089, -0.4916220929949874, 26.05165709117438;
  -11.94251452178358, -0.1176424792739668, 23.45627528215227;
  -7.796141201262042, 0.1570013212429694, 16.10837180349074;
  -7.669342020125852, 0.3923967696761925, 15.88852172860779;
  -7.745329008299318, 0.3315105135542714, 16.34804158302218;
  -2.916294619339701, 0.6729774291040183, 8.310261857818988;
  -2.41067397404831, 0.6930800568859061, 7.058418583772465;
  -2.694751145852276, 0.6875783621564421, 8.199964778905729;
  -2.953785247240572, -0.9901838463196507, 9.005847849059272;
  -2.966022394018977, -0.9396334603202088, 9.111444366683301;
  -2.904146079071236, -1.063207236981929, 9.065613259609469;
  -2.877188259995852, -1.010102754386624, 9.028518780849497;
  -2.885916865609924, -0.9066245243943988, 9.070845654770565;
  -2.908352802714618, -1.041862873172111, 9.228159053542997;
  -2.824099660411396, -0.9302291986084108, 9.058245909400863;
  -2.564778628319295, 0.702990943381438, 8.418366603190796;
  -3.005870705340565, -1.357379885127863, 9.689112289617771;
  -13.71483873908034, -1.459244422696235, 40.95323170258368;
  -2.908399073259274, -1.058524852975513, 9.56675632464111;
  -2.714171040159924, -0.9460402679885512, 9.163472655030732;
  -2.730755984398492, -0.8982603186617193, 9.287232068119637;
  -2.633234392946193, -0.7938716017851339, 9.028943948037801;
  -2.706177890265072, -0.8559189472152049, 9.29688534068686;
  -2.668852690233788, -0.9809659926060926, 9.228846490476101;
  -2.478168868649782, -0.9010299580265992, 8.834320494364873;
  -2.562116998664777, -0.8681316048806318, 9.166459904557296;
  -2.560240169284366, -0.8553413964071251, 9.283704835645979;
  -2.987629430114414, 0.7631718218705782, 10.73653556773632;
  -2.676158191881905, -1.227206073829897, 9.776094695130423;
  -2.313178959744446, 0.6950779767458835, 8.673901522358642;
  -2.860362156360786, 0.6910256911485077, 10.76200276244905;
  -2.302500849287478, -0.9350160178589311, 9.021342222585233;
  -2.32743454178309, -0.9858391314947399, 9.106368122372524;
  -4.083348572781032, -1.248285603595528, 15.62697122051937;
  -2.495502884187729, -1.339067661851253, 9.937959690326354;
  -2.519651639286787, 0.7041589849076628, 10.05131685293603;
  -5.598611640086711, -1.350402743033329, 21.86980282281384;
  -5.361401630465727, -0.2995447981362779, 21.31858812398018;
  -5.12153250040793, -0.919714498016078, 20.76586539614392;
  -5.578500009210219, -0.9357053740013247, 23.17236262808334;
  -4.863857078422083, 0.5460719295175905, 21.28124960769757;
  -2.398226296791109, 0.6930386835299609, 11.0906086613392;
  -5.07390060923648, -1.419598499226087, 22.87957804580123;
  -2.381031848493553, 0.729269357916613, 11.43495397897001;
  -2.12222678174634, -0.9728261973591196, 10.53907502057206;
  -2.159700286996194, -1.074314928162342, 10.92478861524315;
  -0.9666444053754145, 0.9555015144225739, 5.436538486422131;
  -2.161827061640049, 0.7047638516147546, 11.55108132029665;
  -1.634147695539138, 0.7354338973066469, 9.061307649494047;
  -1.120781868470671, 0.8005931054601605, 6.570482809070035;
  -4.602083572397367, -0.8351367823616718, 24.32682203551695;
  -0.9581433581290439, 0.9479489793036013, 5.843373290396801;
  -1.580934761890549, 0.7306068119381102, 9.112873805982398;
  -2.06081221467907, 0.68349396732887, 11.80094141799607;
  -2.030726685882899, 0.685459410265522, 12.61581165620045;
  -0.9992838873680184, 0.9131808777761572, 6.732560128274102;
  -1.003867130321513, 0.831391386314035, 6.791734906298645;
  -1.156760617174462, 0.9043720036706603, 7.736767656592621;
  -3.826733267512386, -0.7532195523450096, 23.42048175863661;
  -1.426022468911012, -1.43910878693268, 9.385624867062539;
  -3.557729784164926, -1.591187267073484, 22.09749258989531;
  -2.266742072029231, 0.7132497919167637, 14.67964076116748;
  -3.705656867337561, -0.9529717275949823, 23.5719037727821;
  -0.9389906520090038, 0.9053892478030432, 6.795598969168419;
  -1.183058099928864, 0.8345593386256465, 8.521856786100736;
  -1.423532851371546, 0.7771181317366758, 10.06551987248146;
  -3.388631037645546, -0.03300701181798268, 22.66487315462262;
  -3.442024640334295, -0.07035452456060951, 23.02817564068625;
  -1.125412254551586, 0.8604600387905171, 8.231121507621348;
  -3.408288152047949, -1.288253226886722, 23.03366603071969;
  -0.9063641821371998, 0.8999343849398155, 6.950115671267149;
  -1.658423748138605, 0.7046199829572017, 11.92013651805962;
  -1.099978280822095, 0.8992526869493959, 8.403662963139276;
  -3.326926177434394, -0.9903071085651523, 24.06694723900128;
  -3.355439238466186, -0.7668601870529006, 24.76840011402577;
  -3.148385969545427, -1.661752128030243, 23.36935095392445;
  -1.012120962089185, 0.8272704950034394, 8.283787523878058;
  -0.9583088878715799, 0.9357181696686929, 7.957992990210684;
  -2.848900399534941, -0.4404909008072743, 22.1952333622518;
  -2.733005955809612, -0.1377956345954187, 21.64897394476701;
  -2.349846133877961, 0.7312701207703977, 18.81358162307768;
  -1.030719663599017, -1.384668344307141, 9.545836372098453;
  -0.9295762317137876, -1.291466976267843, 8.91645767046187;
  -0.9234388563023496, 0.8798006288022847, 9.012407355017315;
  -2.328291689966463, -0.2737331355928119, 24.08877159218509;
  -0.9204159044259695, 0.8956743340001212, 10.71795312059033;
  -1.071904953901133, 0.947171141550293, 12.76771518787031;
  -0.7393068127535041, -1.166932652369065, 8.964258935492357;
  -1.76277765890923, -1.929228560638734, 21.47426242602847;
  -2.310891133361475, -0.6486934787387, 28.18566850245006;
  -1.72465753746418, -0.03403708291592634, 21.7441079845945;
  -1.22705947974257, -1.202022230454688, 16.30196322665169;
  -1.498089357585821, 0.5229429718666973, 20.15291921648584;
  -1.265737673474794, -1.872165246725996, 17.40362259645143;
  -2.198934643054829, -0.209349057615411, 30.8410625980525;
  -1.79992559892964, -0.3463412507102877, 26.89685270364908;
  -0.7561290384013417, -1.75502568058542, 11.94035773835345;
  -1.385666057573531, 0.2447299505890261, 21.95284767521627;
  -2.06974494553341, -0.5396912569153762, 33.02012833910169;
  -0.4782141314466067, -1.347580759526113, 8.620762375828718;
  -1.270328692766034, 0.2033414242129002, 22.56807749399225;
  -1.094328519131425, -1.7103927088208, 19.65479965037098;
  -1.044642338429694, -1.459343767685067, 18.99357139166021;
  -1.414276067817153, -0.6837336997180328, 25.97226040622103;
  -1.137903919472439, 0.2043433728030086, 23.00417464656016;
  -1.028742332260794, -1.739282201982235, 21.51152097246178;
  -0.3970172094837602, -1.235196279542313, 9.060910240444658;
  -1.010002642724025, -1.643174693182249, 22.51102411532331;
  -0.9863085348444216, 0.4223673824905066, 22.82274895872179;
  -0.3561376229597468, -1.140597033589968, 8.937674346160931;
  -0.5575203146795439, -1.328215069079004, 14.31860833048667;
  -0.3393553898692064, -1.243032921811776, 9.079143094647643;
  -0.3168889950357316, -1.169752344075477, 9.159016821700355;
