m=[-14.65843859162975, -0.4948432193504878, 18.51939811344574;
  -14.71602259833065, -0.1153017388551937, 18.58883714334414;
  -14.39698906300655, -0.8645778706350202, 18.23424136758866;
  -14.25225858679757, -0.5081320566614508, 18.22292578134139;
  -9.621556847585824, -2.091454572197306, 12.65866645106247;
  -14.43376838712063, 0.177852228526147, 18.5462896291299;
  -9.811612288718219, -2.293643951144758, 12.94762030174803;
  -14.20728265579561, 0.06171864543607271, 18.31735646462841;
  -7.992221644450948, 1.885503750038364, 10.76027654947973;
  -14.05247148754603, 1.031183524170581, 18.21038087920955;
  -14.53298130835525, -0.03330559427167043, 18.8152257364741;
  -14.34889578695123, 0.8586898002615645, 18.6243588663671;
  -7.736647689187536, 2.085227902070789, 10.51943436460632;
  -7.852024574554363, 2.01677628246197, 10.66907388770699;
  -14.28095436245844, 0.3008431559885618, 18.6019184365799;
  -14.36139258823081, -1.43050206225104, 18.70273364950338;
  -14.31654916551886, -0.6272976005041218, 18.66293186249524;
  -9.548388626941318, -2.223137148103455, 12.80316028517672;
  -14.3414276104513, -0.5254455578920501, 18.73576674042377;
  -14.16461027641577, -0.9522145837055137, 18.52744801991036;
  -8.178338971061326, 1.643529530441509, 11.11803075342054;
  -14.43568134422213, -1.25820049453324, 18.88242158470527;
  -14.77751633702611, -1.115331105192896, 19.32075700697867;
  -14.17380285872864, -0.4846254395953848, 18.61777518266614;
  -14.21534704468416, 0.1791986787424017, 18.70375336125309;
  -14.32025152829502, -0.3180072582448285, 18.89159869764825;
  -14.13972785722669, -0.6683662571887483, 18.72709797153157;
  -14.50544535879252, -1.296895766333992, 19.19585538390173;
  -14.20506989291726, 0.03552686971020301, 18.85630526380006;
  -14.32038949762707, -0.08635648759736359, 19.04197030045275;
  -14.31209273215353, -0.3858239338121071, 19.08058865399243;
  -14.1313197604106, 0.4422278647293057, 18.89633292464907;
  -14.37339286451004, -0.1578323447922392, 19.22877163079048;
  -14.03436487793308, 1.987839964216568, 18.79977781031571;
  -7.754780670160056, 2.003184440855185, 10.85141056588062;
  -14.33737028584251, -0.2364640832802761, 19.3636901601665;
  -9.489119300057354, -2.878926683949912, 13.15641175686379;
  -14.35214729471089, -1.392904832613817, 19.40245064702904;
  -9.506294619454103, -2.636921737341061, 13.1942505042197;
  -14.29237568863275, -0.5071769303592275, 19.34382227480717;
  -9.577938120999678, -2.59190399130071, 13.31607078703931;
  -14.15378072576147, -1.117780667527005, 19.27389317360363;
  -14.27609771886427, -1.654443947957558, 19.46238464260909;
  -14.194645857646, 2.24280172162638, 19.40580887297188;
  -14.24330272590131, -1.340065656961123, 19.58167887243985;
  -14.45480417985319, -0.7345782050722983, 19.86796416251982;
  -14.06794895352035, 0.1342416649130042, 19.36509307106977;
  -14.27507921155744, -0.9085956814746683, 19.65279245076686;
  -14.28918953779567, -0.296645240317764, 19.68348994089799;
  -14.13920345066976, -0.633811029803913, 19.49422341669693;
  -14.22348829256401, 1.994597839863225, 19.60864981296639;
  -7.472417549061716, 2.021371993715385, 10.77934337900816;
  -14.23140264913791, -1.439320996656605, 19.64679138595621;
  -14.07411211589068, -0.9560009673817266, 19.44365329022087;
  -14.17589510506575, -1.140858106559717, 19.59269882393782;
  -14.31049413223093, -0.0886200378137838, 19.77629668515571;
  -14.30349929590102, -0.8632234289569113, 19.89475866092536;
  -14.11848634812063, 1.54668828533285, 19.73623732864925;
  -14.2771073516441, 0.5009322606043518, 19.97015711743183;
  -14.2012720167694, -0.3510982041931732, 19.88077861776609;
  -13.98673894006878, 1.804660207833829, 19.61433414124446;
  -14.19178886521178, 1.712557679422917, 19.93538949201555;
  -13.97555331346838, -0.8321845256762286, 19.71178308318189;
  -7.29778020376298, 1.873096560220263, 10.78777265749753;
  -14.41489627536672, -0.5301493909950764, 20.38331618776724;
  -13.96316780975235, 1.344210284565559, 19.7817009618405;
  -14.34196149726675, -0.924363384676408, 20.29323350443062;
  -14.16767707416667, -0.04432006308270248, 20.1138669573914;
  -14.22260277976114, 0.8401519652416372, 20.25935402345037;
  -14.08018150909419, 0.1532158904625873, 20.12447438030713;
  -14.17211015608295, -0.1521098152342079, 20.25362857930952;
  -14.3553548499461, -0.3181068074115576, 20.52143745982602;
  -14.08962182575539, -0.8062781814718459, 20.16521478906277;
  -14.2003174918776, 1.158289179152835, 20.37546423771825;
  -14.20039618944858, -0.4313993379997633, 20.37865414593529;
  -14.1885151481306, 0.003277123206109373, 20.3786141700905;
  -14.15247960681383, 0.9102855995048573, 20.34259971539524;
  -14.87221178684366, 0.430458837483394, 21.33883999210881;
  -7.227168228400792, 1.839403793007066, 10.87949605570298;
  -14.18930052417634, 0.712051922009039, 20.41973652894482;
  -14.41047446366002, -0.1568743550554487, 20.81959891472365;
  -14.18368418235325, -0.2622461225413868, 20.51237241429795;
  -14.1620721926344, 1.551987521861552, 20.55762637333975;
  -14.04987662631421, -3.298220593168765, 20.45356926909227;
  -14.19495901564512, 1.255683308913233, 20.66093522939676;
  -14.25396272634637, 0.2440871816209026, 20.77261309383917;
  -14.2460181089126, 0.3639150303273914, 20.79382272056818;
  -7.040389740211927, 1.969533684499804, 10.78215609131279;
  -14.20558199251656, 0.5053096625705027, 20.75942127779537;
  -14.13401933797212, 1.959932221791576, 20.67883024643633;
  -14.19461940997195, 1.052640722329465, 20.76791837227789;
  -14.1665139485094, -1.084815007989504, 20.73675401788692;
  -14.3908716370507, 1.644166849295336, 21.22545328856043;
  -13.93650786402249, -1.541796208817039, 20.62113713460122;
  -13.84707409191326, 1.851615939164427, 20.53631883923645;
  -6.86391501581483, 2.039207424950332, 10.72685622870395;
  -14.18353570117492, -0.844656073014048, 21.11084437632777;
  -13.78631157604713, -0.1791176186465483, 20.56416142012543;
  -15.12469479807033, -3.938953500492123, 22.50330291529253;
  -14.13627039150727, 0.6529321212244821, 21.23357445981928;
  -14.8948753148115, -3.977513184572135, 22.3433588584542;
  -14.15312979071289, 0.9887572651992601, 21.37051588564503;
  -6.824183180734853, 1.915960233903511, 10.87138057454672;
  -14.7048230842714, -0.554113021092993, 22.30646685348955;
  -14.63487585495578, -1.054334418038267, 22.27925875416909;
  -14.61311132670289, -0.8620953078952108, 22.34185964912117;
  -14.90561624364894, -1.48015049516422, 22.77512067841879;
  -14.38000898016336, 1.874782012187353, 22.03347723852059;
  -14.08975377779253, 1.413714859625273, 21.69466408810889;
  -8.816493481146107, -2.819440870195068, 13.98587490047291;
  -14.41832248094373, -1.58478602746516, 22.27217115059892;
  -14.20111412324643, 1.644135088896298, 21.96630860350966;
  -12.95134040404942, 2.068122167550814, 20.20135083718233;
  -14.21494186088173, 1.362376385647483, 22.15157698252371;
  -7.170832474822311, 1.512819457813858, 11.75788655576609;
  -6.923089740935701, 1.532749351927366, 11.39219961992234;
  -12.32570019938144, 2.066514193159981, 19.53162877559721;
  -6.572022050602177, 1.914376067121343, 11.00340557141192;
  -5.783298776139694, 2.066185519025478, 9.820906952684711;
  -6.432826568214977, 1.891679379529602, 10.9933862255287;
  -6.302409235562709, 2.006535583326762, 10.83390582426649;
  -6.360409182758652, 1.902575885544465, 10.93638134292306;
  -6.262535470720512, 1.888130591146221, 10.93599896736286;
  -6.209028815930968, 1.962063100967919, 10.97009191987933;
  -6.32605873232886, 1.796228791055132, 11.17868491684104;
  -10.99815207485739, 1.491621886526811, 19.10443296045028;
  -10.64416273791394, 1.92047946579599, 18.8243545559069;
  -5.660184815645803, 2.070926627826227, 10.47479806694546;
  -5.718796857551072, 2.027871892889681, 10.58375547207956;
  -6.244898852858588, 1.886297357134553, 11.51385048848739;
  -10.62148794306896, 1.908302640551161, 18.93960450311863;
