m=[-7.02763229148096, 0.01757610336821689, 9.328724234998424;
  -7.067581408011095, -0.04261975599933238, 9.397836231317569;
  -7.022059597613165, 0.2197494978886649, 9.389864373812044;
  -6.950882052999376, 0.9845291362798602, 9.311076013675985;
  -7.093376698485747, -0.07789144062018939, 9.48954237263885;
  -7.062336428002451, -0.6854139898448817, 9.54746569856697;
  -7.059320588087333, -0.2505059077851832, 9.554341826142672;
  -7.065058217938879, -0.5579559019584858, 9.620834178248751;
  -7.052083674032431, -0.8172595470242721, 9.613997305056413;
  -7.036061845878921, -0.6724264966921827, 9.613089932798843;
  -6.992914242818906, 0.8026287183513038, 9.589875201606839;
  -7.034785707233536, -0.3575005370941217, 9.669233051052103;
  -7.056625347285606, -0.6524249116653059, 9.7006536211079;
  -7.064943982620846, -0.4496771959957063, 9.726452351614896;
  -7.06654462810381, -0.1467022901386638, 9.734230184033628;
  -7.011750940194514, -0.3143122665741631, 9.667350770308902;
  -7.046515966152276, 0.9881517976147202, 9.714400654724948;
  -7.094235983378823, -0.7830617973893783, 9.783825184234489;
  -7.043007780043434, -0.7123084932212509, 9.723040517904403;
  -7.019428555562834, -0.4768031144222775, 9.697473915653989;
  -7.056515124420278, -0.5678994112251359, 9.752906222473589;
  -7.061134663250935, -0.04372721270722223, 9.758090303798472;
  -7.021143806569647, -0.08133202890066607, 9.729910396607849;
  -7.106681665084658, -0.4288918388801271, 9.88469420538229;
  -7.051774781194736, -0.7849001063817825, 9.828343509970276;
  -7.009199248430099, 0.76786180188174, 9.798162242032468;
  -7.082930493453441, 0.2485145132273973, 9.907275425075907;
  -6.991781136306853, 0.9021251667484203, 9.80493966732306;
  -6.981224519058872, -0.415702111016487, 9.846650095925785;
  -3.426722883892907, 1.018048552754713, 5.355247497446669;
  -7.130058335658633, -0.262228462293436, 10.08222540881641;
  -7.049731832678439, -0.0220533371776348, 10.00851215237919;
  -7.044652824578551, 0.4161389449360773, 10.034739615208;
  -7.026918550626444, -0.0754201929444388, 10.04230116856389;
  -7.035318267229837, 0.07655601259863812, 10.05541598556296;
  -7.069148741370601, -0.1566484674701911, 10.10557351640731;
  -7.022956501601094, -0.4018884727137255, 10.05132913149982;
  -7.020718371272773, -0.2132851236855146, 10.07526759362463;
  -7.037453238504329, 0.574029836981894, 10.09775850911626;
  -7.055206475247752, 0.4537899388923623, 10.14106681110002;
  -7.258079417789833, 0.2100766498838995, 10.41398532821092;
  -7.05020794129579, 0.3537957425462639, 10.14591158952787;
  -3.397873770614064, 0.9539883165356777, 5.413040348755375;
  -7.088141439593279, -0.07716245705039604, 10.24062477577043;
  -7.075547152118516, -0.1308217795634799, 10.23262054859856;
  -7.023538765481391, 0.7696927663599444, 10.19535021397005;
  -7.023221906335947, 0.6212728414967551, 10.22238477395793;
  -7.061911828678739, 0.1803967843965594, 10.30773241415161;
  -7.039706018080179, 0.4040269371458675, 10.28597399957753;
  -7.064003805996324, 0.251275124207171, 10.32302872165881;
  -7.013901227431372, 0.9726016844461565, 10.26171461770013;
  -7.044771888120282, 0.5224242760427695, 10.30709195492893;
  -6.92611169660456, -0.766235907865809, 10.24821285925962;
  -6.953472606072917, 0.9298109206671291, 10.31255625053706;
  -6.881447485955604, -0.08940669008723048, 10.26461618285012;
  -7.43045550732304, -1.935127889956181, 11.05541588192757;
  -6.009156418399405, 1.018158909135486, 9.132736971700048;
  -7.323743488562526, -1.955725420354109, 10.9861294904227;
  -3.245196413809945, 0.9452990723207527, 5.433367694919783;
  -7.002575383289837, 0.4892096227278762, 10.57353749184296;
  -7.326807894734425, -0.2426094428797547, 11.0457540324515;
  -7.272208270502995, -0.2740342588069651, 11.03156915305964;
  -7.237804669599475, -0.7187250758702601, 11.05904459785;
  -7.191402508023498, -0.4242542344848968, 10.99487316031077;
  -7.114768549659964, 0.9275821813587822, 10.90145987478335;
  -7.029979707463884, 0.7053627005867306, 10.82439414520028;
  -3.135538088613491, 0.998279945417986, 5.390021988536594;
  -7.115407161767905, -0.7820880594534478, 10.99126242477546;
  -7.048262027939148, 0.8160130828679658, 10.9022642505683;
  -7.04038609656665, 0.6747587051480426, 10.97124815078998;
  -6.087512990478761, 1.020626154488281, 9.64643322272463;
  -3.137746250281043, 0.9460185431458107, 5.47931263836375;
  -7.019797798211791, 0.8992006722022619, 11.06841974875932;
  -3.096177363866115, 0.9783970311278012, 5.470316097537429;
  -3.070338423866257, 0.9274083361328598, 5.660847100073059;
  -5.343602554009762, 1.040027822395447, 9.131167943828936;
  -3.042169946370784, 0.8490576830414045, 5.654717706651277;
  -2.96252081238977, 0.9409708765484786, 5.645634478793519;
  -5.287089874865909, 0.9539263715248136, 9.350294318492038;
  -5.242953117139459, 0.941971721038577, 9.348921638781512;
  -5.227144214430444, 0.9006937365528749, 9.329338231877957;
  -5.212165307851055, 0.8757595788155991, 9.359786491918223;
  -5.162657497637313, 0.9456485954826535, 9.348051532805664;
  -5.126647554066277, 0.8814265919638356, 9.344667373546754;
  -6.987259983484145, 0.008489164429878448, 12.41255692177035;
  -7.278404863873682, -1.921447022114406, 12.90575306346664;
  -5.073972481013215, 0.6766027744966329, 9.317308676305864;
  -7.148655139802917, -2.344996501898164, 12.79444100672831;
  -7.138893216634135, -0.7525428062325295, 12.80747250408929;
  -5.070692812792345, 0.7064768690793122, 9.397714424505612;
  -4.896799616410959, 0.9140072217268962, 9.11161576907066;
  -4.890088004611648, 0.6619168981411188, 9.367631131572834;
  -2.883043672962685, 0.9968357814891206, 5.950451380735008;
  -7.179064132673242, 0.0009809707557236595, 13.44225196696087;
  -7.138920222182323, -1.92057489851604, 13.95492911251109;
  -7.14262068470028, -1.733982372205148, 13.96009591314605;
  -7.122662810506429, -1.460255150802529, 13.99625434838556;
  -7.123652254775418, -0.7191643400290091, 14.07015611762645;
  -7.152505744521745, -1.427292744377743, 14.13233528581295;
  -7.142697590650916, -1.534303675881339, 14.11423143720192;
  -7.108038133048861, -1.300696410629985, 14.05800905646908;
  -7.090680673031456, -1.592288654110631, 14.02997880655504;
  -7.151093044068992, -1.872577934853328, 14.15739887030255;
  -7.086825111006595, 0.1027985888030271, 14.07614225591055;
  -7.071471342883878, -1.637751759502327, 14.08541519264203;
  -7.130444628642699, -1.515049457003003, 14.20232896666182;
  -7.518656996929996, -2.373576791149486, 14.9756755950618;
  -7.048505479580783, 0.222755999223106, 14.09204369597647;
  -7.052497130595671, -0.5331743836269256, 14.10767619295769;
  -7.171625764516164, 0.0320786029915046, 14.38275308302156;
  -7.100762209292882, -1.098773053744309, 14.27580498871745;
  -7.162622089913111, -1.541457313192775, 14.4125474002305;
  -7.044563659594485, -0.834167546593057, 14.23330956583155;
  -7.220987442213135, -2.082943384838125, 14.57941099763871;
  -7.253405379461523, -0.6303213361978006, 14.65173405020667;
  -7.115890297150163, -0.3651733279695673, 14.44862646740869;
  -7.130542170959744, -1.804925877369411, 14.4899433318516;
  -7.076844891079456, 0.1429197089823429, 14.40056074027826;
  -7.128419617406836, -0.03334878534371986, 14.52201181464641;
  -7.159474993627157, -1.234378462378059, 14.64302713224163;
  -7.103138123217491, -0.3205260637182602, 14.54979521838794;
  -7.171977938953192, -0.4043045527556709, 14.68480098640677;
  -6.912559742453451, 0.288178593192024, 14.21757955658457;
  -7.029091733622592, -1.577133402400516, 14.47868570407123;
  -2.841558092874859, 1.010386080999498, 6.449347294457403;
  -7.141788637235639, -1.155408254810658, 14.72457037705904;
  -7.197178161606001, -0.5568539191172205, 14.86342535636164;
  -7.080393362811392, -1.333664286897651, 14.63866825785514;
  -5.827020616845283, -2.392598464570559, 12.25047197300854;
  -7.071582842652664, 0.004303106891196251, 14.64764775936251;
