m=[-7.689383225817005, 2.093178023004022, 10.49236169283866;
  -9.763262806693716, 1.961369632054443, 13.33078400705189;
  -7.581125731536659, 2.012987827317971, 10.72425420114545;
  -6.971749251936059, 2.133387884185309, 10.03214946399381;
  -9.078982665241393, -2.84268500972737, 12.81833889701191;
  -8.022380335624597, -1.165490400920679, 11.55130795189898;
  -8.461680436227043, 2.089216623789433, 12.13726921599073;
  -6.984758462064336, 2.086891486178668, 10.19635070343835;
  -9.172009403955237, 2.094628654745955, 13.07165912582588;
  -8.224264334171101, 2.077327526131617, 11.92188194373718;
  -7.941287233795555, 2.050583433005027, 11.55769285311153;
  -8.021572717002206, -1.942299697851128, 11.77162904814089;
  -6.923849237485065, 2.066887634198745, 10.31196462552332;
  -7.820312480164473, -2.2203393848396, 11.51291786844434;
  -6.694350325890837, 2.086094733257821, 10.01212733130591;
  -7.995859902903607, -2.330066276567852, 11.78263747226539;
  -7.997754937921965, -2.021082045116626, 11.83644086044161;
  -12.67615314153491, -0.7475550568898783, 18.21068565483084;
  -7.917654740901112, -2.165547438783439, 11.80114225201125;
  -7.958885102893583, -2.291066405116791, 11.87022677969352;
  -7.945617190175321, -2.305782316674301, 11.88344706703283;
  -12.98408644480045, -0.6348167826390296, 18.85976794307959;
  -6.98676464189766, 2.113424331415986, 10.63141844175914;
  -7.852908780380141, -2.193685627000111, 11.82696152780628;
  -7.847597629109845, -2.071189585897871, 11.84279327443145;
  -6.444175757126357, 2.229728138838592, 9.91889659597355;
  -7.347262492660674, 2.116062275976153, 11.17991335605817;
  -7.659254714220476, -2.100558122710487, 11.63623469135653;
  -10.02600920473515, 2.121184706026034, 14.94205841891639;
  -7.793481280839861, -1.997920326656592, 11.85298585549653;
  -12.29521286682552, 1.79113164268314, 18.12187678081315;
  -7.056610710084929, 2.089592807426409, 10.90166841584402;
  -7.797916553052556, -2.158302147055315, 11.97691493973315;
  -7.786338812348716, 2.059225240950877, 12.01061621993438;
  -7.964354952559863, -2.25597987893147, 12.29192840567622;
  -7.507686268162212, 2.09639419932573, 11.71105741153203;
  -7.841579802687129, 2.105460545069834, 12.19215375607352;
  -8.786600953298056, -3.050391070798461, 13.58317952961167;
  -7.114263800661949, 2.104202530377053, 11.20461300328842;
  -8.63808584056298, 2.160412050523504, 13.40679252642606;
  -7.74140085774538, -2.04099040687972, 12.12327288007523;
  -9.091571160896306, 2.110563087389951, 14.0786649976761;
  -7.466030559501503, -1.859463946634586, 11.76845288487365;
  -17.29462993770702, 1.111127771020948, 25.9545263455533;
  -7.819996075424485, -2.147727795885649, 12.35692729227035;
  -6.70143924795901, 2.127436728137624, 10.75011992364232;
  -9.389850628055934, 2.039545577904815, 14.68651307722064;
  -7.488433289182395, -1.890561762106759, 11.98599284259876;
  -7.160060730833299, 2.062468360985156, 11.53094779124007;
  -7.425203425872412, -1.793304321036065, 11.92921040699108;
  -7.570838959016012, -1.998661964971172, 12.16440070110671;
  -6.416417012461952, 2.099445109058514, 10.50709635218771;
  -16.90120751649786, 1.346595853648144, 26.10321781052413;
  -15.83186121391557, 1.706705165731262, 24.60226221487432;
  -9.098797910360283, 2.108655055856874, 14.60381223500618;
  -7.423059846981994, -1.821853458571867, 12.10410802922067;
  -15.30152992675435, 1.793019260149522, 23.87793262964826;
  -7.423546967122484, -1.674069090549442, 12.12643151579538;
  -13.91298366052538, 1.782778862286912, 21.87052172477508;
  -9.245755510925019, 2.069426036198033, 14.89211372832524;
  -8.218786286466663, -3.165772555506837, 13.42288886849543;
  -8.336177727428453, -3.078093724627512, 13.60410454651136;
  -34.25609294559784, -0.6362592728137043, 52.80494091623948;
  -6.416265750674071, 2.12722383270363, 10.72879302728624;
  -6.596919650467602, 2.130438929822124, 11.01325378798635;
  -13.42528163372645, 1.859237887825672, 21.43685118389953;
  -6.677976980655604, 2.102970080172584, 11.19296456865665;
  -7.726893999287412, 2.147361376004723, 12.82371427512371;
  -7.489570643137781, -2.110299153196801, 12.4863428044649;
  -7.207325528778405, -1.76850409009893, 12.04705265059943;
  -34.08744281095998, -0.5682786486593133, 53.25448084822229;
  -7.312889506985042, -1.760693872447006, 12.37656810559234;
  -9.120452350932872, 2.099004877009682, 15.19294518318283;
  -5.63750222178966, 2.198773032248435, 9.805280898492661;
  -33.10342908320114, -0.6758419519204381, 52.80708237313814;
  -7.18051764005025, -1.82993159264422, 12.29595243985104;
  -7.068892033099763, 2.117366079118152, 12.12424067863614;
  -13.59111753752054, 1.840234207027526, 22.41956450744038;
  -9.419775162622226, 2.038813443938804, 15.85483575076837;
  -7.154426736687118, -1.702838546630453, 12.32072360297446;
  -38.6035347535493, -1.300381895214698, 62.03266960205865;
  -8.713431756905726, 2.177729587186641, 14.85497943656165;
  -7.086818095617836, -1.761065438456646, 12.27601462929509;
  -8.413345693623729, 2.203250765744514, 14.39348856934476;
  -5.740122150046513, 2.151149890521434, 10.15388634088943;
  -32.03972665634456, 0.5487827144857825, 52.10144316699217;
  -7.005527707339444, 2.077061667079003, 12.21040680963156;
  -13.58739501775098, 1.862151378549487, 22.78244928298814;
  -8.845275896555583, 2.152816209738869, 15.21501832929708;
  -31.59646152792093, 1.116674357497255, 51.71722386296188;
  -9.438359578947939, 2.073901097699125, 16.18877714438163;
  -6.5119479770404, 2.145053443962067, 11.49077970625206;
  -31.21027643897189, -0.5184890873911087, 51.39112999762258;
  -31.7716805194461, 0.7551631101429067, 52.63123247996663;
  -26.97250762337094, 0.5058163518665013, 44.96274003191132;
  -29.65823114596694, 0.06476439050546221, 49.41151813558948;
  -9.053969283190362, 2.116030907490072, 15.81567470137963;
  -5.778076390105111, 2.185254489966478, 10.46452709759595;
  -36.38701267002674, -2.521020790700773, 60.46923217167699;
  -8.509370744352676, 2.274495260943855, 14.93958393720378;
  -8.754955670174285, 2.175967841139372, 15.38559442484661;
  -9.133621933476873, 2.054337983241215, 16.0081276204841;
  -8.524380963018203, 2.178440435259047, 15.08539174810226;
  -39.04868044824841, -1.119739499228249, 65.58076799541522;
  -7.506496542855664, 2.149915092031016, 13.45414307471954;
  -40.40888012756339, -2.637816177156847, 67.98230433856627;
  -8.036420700711732, 2.199483545985296, 14.42642034330129;
  -5.689444013930254, 2.218787227084752, 10.51495097258325;
  -26.30390573754412, -0.514271843466695, 44.95360268711057;
  -5.770827785523174, 2.179996119053148, 10.741975269901;
  -8.903087503465649, 2.108056095723511, 16.01691887956882;
  -44.04263463248346, -2.379707771504394, 75.41789795000504;
  -5.671486272123097, 2.183203715815023, 10.74429755297503;
  -14.66144955313762, 1.674829542346648, 26.29480037269862;
  -24.8625252328837, -2.970498489664453, 43.91523163757581;
  -32.94839238187622, -1.449738391151776, 58.29053194794791;
  -7.59580579055102, 2.15938056373365, 14.25768113819119;
  -5.847842927814676, 2.175570001942203, 11.22063776357219;
  -6.60467561721709, 2.137296066330475, 12.54828437167874;
  -27.55088356348733, -2.899049473911766, 49.133372479335;
  -7.114279882980314, 2.194830802770696, 13.46226132192552;
  -8.035266093428989, 2.155632525073755, 15.11748189706013;
  -7.491641110368668, 2.170314732531649, 14.19588593205847;
  -8.827144023661521, 2.14626735676108, 16.56161866122075;
  -39.20053005596122, -2.365166102051009, 70.04787024405455;
  -5.232517587610612, 2.178618701185519, 10.28154032619251;
  -37.24436013373766, -2.837705795243155, 66.94395448320151;
  -7.514905067750836, 2.171544512279273, 14.38881843000386;
  -7.795109036402379, 2.187902427536466, 14.9008674006031;
  -5.064240003709824, 2.177178029044902, 10.04776592946456;
  -37.99103119175631, -3.438309633208082, 68.94319060990213;
  -7.66026965225204, 2.146832564451842, 14.7949288639977;
