m=[-7.326425183273512, 2.335327359846086, 10.34663610617514;
  -7.573040108886727, 2.352651850895938, 10.78057566576478;
  -8.309544118147622, 2.344222916423387, 11.848113440835;
  -9.00805162958709, 2.325283929547842, 12.79699308952822;
  -9.318813068971108, 2.280310073670974, 13.22459563367834;
  -45.666689624917, -1.352729556201527, 60.84365252667834;
  -7.492904171596541, 2.361625502211568, 10.8714029595889;
  -43.65168942639623, -1.175321089480099, 58.45455294307698;
  -16.42086576217205, -1.980622246179931, 22.64602710888727;
  -16.17913572133083, -2.03437838271692, 22.36213759954943;
  -7.733291975367194, 2.372209616274675, 11.31191797928092;
  -47.13635345463854, -1.120577926672399, 63.81070359429576;
  -7.516447142437773, 2.359264306395413, 11.03802998853668;
  -55.47060546846408, -3.65342421355578, 75.24860212895685;
  -15.76443224508523, 2.072787069698877, 22.20017192872376;
  -48.20213307012884, -1.340296820225442, 65.97116761364097;
  -8.750193915600894, 2.269653327466664, 12.81209536062521;
  -14.24565482876121, 2.10139554705287, 20.25240471626005;
  -37.02743041080272, 0.2692258855060302, 51.06340787693622;
  -8.474822079788837, 2.35509918799664, 12.59411798805413;
  -43.24987247643263, -0.7612975244074017, 60.1233600347439;
  -42.54743130942547, -2.146667895429729, 59.15371633493567;
  -6.972303649574513, 2.375808788723129, 10.55750409215711;
  -16.80355864839453, 1.854128467420219, 24.02848706032795;
  -26.49581130147292, 1.962266247433821, 37.43161496637823;
  -51.87939373535599, -1.671789029912999, 72.38232160977269;
  -6.589402802824751, -2.144274834588156, 10.08454140194494;
  -36.67591620641417, -0.264671563644082, 51.66283383570511;
  -50.17595878873868, -2.137672445871723, 70.29499662407334;
  -7.944643664007361, 2.282326315997154, 12.04259837880973;
  -44.8803016205563, -2.311031067802936, 63.41171125439072;
  -8.515070342998079, 2.306494811183728, 12.86640713633326;
  -42.19985718219187, -0.790265414871529, 59.87827031833786;
  -49.25733631266508, -3.833856496393949, 70.31588394861635;
  -8.93134176882482, 2.321898461288041, 13.60299322641399;
  -7.791751114527673, 2.346055796563543, 12.02608720560449;
  -35.99081964407043, 0.06184404186178206, 51.89020873869375;
  -13.30954914565043, 2.142973975181651, 19.84466209788046;
  -8.116505650165335, 2.385204448284386, 12.50001309662401;
  -20.03586516033805, -3.808416541712341, 29.38476955739769;
  -6.801798713252832, 2.422586556070586, 10.67512741913384;
  -52.55866906105199, -7.015153155414466, 75.84490099185643;
  -55.96500550975662, -8.581066891272961, 80.71208896834938;
  -42.83663729797303, -2.352262528858987, 62.17912627259277;
  -8.744453677755086, 2.309980340267773, 13.51574722940557;
  -59.97372213479833, -8.217777169773001, 86.82578438296979;
  -16.87587039811856, 1.872413070061282, 25.28380630185891;
  -8.029773486887629, 2.323433123581053, 12.60121425116982;
  -34.28986231937915, 1.333920306501748, 50.6630545372187;
  -52.2635243096446, -7.01971714690466, 76.67579236684819;
  -53.56681834516126, -8.235134102404263, 78.60175408586598;
  -41.4548724586826, -0.8969735406316447, 61.18877481349445;
  -18.48731673309845, -3.564026462329453, 27.88102775968664;
  -40.77827862188751, -1.291638279498466, 60.32044899627837;
  -6.903518106760378, 2.364620817057997, 11.11758869379724;
  -27.54460301886657, 0.6772143302429442, 41.35267505742618;
  -28.82070645110304, 0.8702338182315661, 43.30267125760479;
  -40.80141853650533, -2.356737899415438, 60.87931112459432;
  -27.78028295633778, 0.3977648721468426, 41.79145665749303;
  -8.048896734684995, 2.363549439698355, 12.84520317270079;
  -44.31965461051968, -7.659240108190903, 66.23756360862913;
  -7.08845723323157, 2.379443539668316, 11.46764321850772;
  -33.35951498790406, -0.1670936978484549, 50.26077122285704;
  -28.38534782489464, 1.515315908694502, 43.18192451935646;
  -8.178813539210696, 2.305842188155725, 13.17377375374251;
  -14.09538788979461, -1.918636863420647, 22.14104774264829;
  -32.32304708358524, -0.5486314122697501, 49.92591420984196;
  -10.12027471648176, 2.254541156365299, 16.34177630280327;
  -14.15332577719352, -1.90134315162325, 22.461690818203;
  -35.73322328459682, -2.3623090176198, 55.39470300810009;
  -7.75088826059099, 2.365966312023769, 12.86254331682267;
  -12.55240745948831, 2.098640973353672, 20.21190643719958;
  -28.05232801311591, -2.920078967028772, 43.88311601567218;
  -26.17516405165889, -2.466002970512954, 41.08695125323028;
  -13.88559507873662, -2.0550395566316, 22.326979313335;
  -14.33768666379426, -2.232860559795971, 23.03595457764671;
  -14.99202492999695, -2.593842490743844, 24.10353744848318;
  -7.635496723737536, 2.329585149187727, 12.83612422642824;
  -26.09231893621008, -2.699299873524573, 41.48555224476343;
  -13.92591758772746, -2.076887806296903, 22.62683106905908;
  -7.26329508282032, 2.271178905759766, 12.30905162173353;
  -40.08949926089681, -2.173978902463289, 63.31698987852908;
  -13.93466775051324, 1.902682106781023, 22.68924638713203;
  -43.09017746244494, -2.765522939791285, 68.85937185525567;
  -7.423680594015846, 2.324410137346415, 12.73560515475761;
  -44.23488043791885, -1.873747710281437, 70.88877222285042;
  -42.16312352115293, -2.187914337349331, 67.87121098856099;
  -7.335749296586787, 2.394490922020906, 12.67763216134414;
  -7.577713780572332, 2.326508648510562, 13.10999647879529;
  -43.70571207600635, -2.928529668394234, 71.30329183668434;
  -11.02513646010679, 2.20814424922786, 18.84194432131734;
  -43.49738001287193, -2.011133179141837, 71.86936543465804;
  -7.486938788757663, 2.334919160079454, 13.25993475822335;
  -13.82957721117354, 2.122512435808766, 23.65124774092179;
  -5.742804466004115, 2.330135917619028, 10.42268342778072;
  -5.748414753129421, 2.383380287151126, 10.45900575789155;
  -5.863830422754031, 2.353260243743176, 10.68601843767093;
  -6.200118266373034, 2.346791504508043, 11.2457861233339;
  -6.00051564545684, 2.342067498970644, 10.92705829748943;
  -7.583077727737443, 2.277568337977899, 13.56632229066186;
  -7.257039747394009, 2.363984454016976, 13.03835057067187;
  -7.467218099640336, 2.222193301647597, 13.39560579083592;
  -44.47141383511259, -3.38837222094615, 74.74397066682583;
  -7.549642644116585, 2.386595624924295, 13.61132964345184;
  -6.974757687522081, 2.417417601608948, 12.75233677178806;
  -5.942051628100464, 2.310941770170321, 11.02731780073259;
  -8.189244033867078, 2.31802821342996, 14.83240570679496;
  -5.514854479313363, 2.337211879069233, 10.36187688716574;
  -5.376828177162604, 2.335246460634638, 10.15934552239323;
  -7.532540289993912, 2.341294990833684, 13.86774079640187;
  -44.39715198145834, -2.873197811173434, 76.76136537940343;
  -7.652393107346829, 2.331011943624333, 14.17217068928351;
  -10.74233619215259, 2.221520801759646, 19.48446350261349;
  -8.022189282901925, 2.309648228526178, 14.92718947666612;
  -7.178987285950111, 2.39556746173195, 13.46169034743609;
  -6.541848003381841, -2.042786052596729, 12.35333813868622;
  -13.10083036287887, 2.123131932325411, 23.86000371676269;
  -14.13114891034377, -1.9352359728192, 25.65565313794689;
  -7.632205720386622, 2.286382183997473, 14.332136724111;
  -5.345099048306501, 2.382339861155983, 10.34628152990118;
  -7.408254389361589, 2.350147412177703, 14.00570113434881;
  -7.935186740982685, 2.325000452264929, 15.06425416935948;
  -7.286914796939143, 2.365609395781983, 13.92182832079968;
  -5.971758412858464, 2.363121411462336, 11.64907585306435;
  -7.105692280915924, 2.323341784554601, 13.71070843570031;
  -12.95844032725502, 2.076823483807353, 24.17363585712198;
  -5.17664492356962, 2.388227221398915, 10.34952270546862;
  -6.235912395550242, 2.357185903999809, 12.30073753404386;
  -24.384138819325, -0.7200765382751015, 45.17283403846264;
  -5.800875521840742, 2.289815474310972, 11.54288327854397;
  -25.96380303334635, -0.3373591527527016, 48.11707210807161;
  -5.427311515991845, 2.39241215527616, 10.89650910099541;
