m=[-29.06857850868773, -1.248808720024741, 36.091338254313;
  -6.340365008777692, 1.05191444394033, 8.652786130053613;
  -18.83760072464289, 0.4210748621333406, 23.86348274236237;
  -19.15201065843442, 0.04188531748711116, 24.40277279932251;
  -20.28897924008516, -0.09597938380703547, 25.90582125668354;
  -20.38115783342045, -0.1251913707291718, 26.01992410252312;
  -19.04620542985216, 0.1743621357849955, 24.53997954237052;
  -32.44056449248384, -2.562313885836142, 41.45632899215487;
  -20.36533379688601, -0.4400426382810815, 26.51834957012414;
  -31.79645348593279, -5.040578467306338, 41.24818678832495;
  -20.42491199216804, -0.4066446969998477, 27.00178745323815;
  -25.21595150321803, -1.644373526162575, 33.30564412796961;
  -20.04678958021658, -0.2719737364314945, 26.72357883292073;
  -5.673753564338882, 1.062892197344954, 8.261311703253831;
  -29.74501452868013, -2.756114790597488, 39.41448598105308;
  -30.23944956400132, -4.356417580921867, 40.46395538388386;
  -15.51832046130883, 0.2322024371213656, 21.2830954372524;
  -5.783410814016684, 0.9575421217507937, 8.569831160408372;
  -25.32777734276326, -1.726798389559255, 34.30982898333784;
  -15.19674607354423, -0.07877665488688113, 20.97434691588081;
  -15.31326295661218, 0.5801570086559159, 21.28168332311318;
  -7.154506025706284, 0.9688387579986734, 10.47105556106505;
  -22.84072421843316, -1.036287443737241, 31.40813044021006;
  -14.45166802936971, -1.726119630074088, 20.55986852218164;
  -8.389346248500143, -2.181628307481111, 12.71092328692362;
  -7.149246151779265, -1.109241344379177, 11.01237790522174;
  -3.856657328291178, 1.143230049749689, 6.397579671317604;
  -22.04737310135652, -1.515852299923904, 32.11968566207153;
  -24.31377045877745, -1.361714757502827, 36.04368792966766;
  -7.238949651046164, -1.028595944159815, 11.4501071246171;
  -24.59914316477587, -2.382683882757876, 36.57698794676903;
  -4.080987676443956, 1.126623211228823, 6.933043319894825;
  -23.99915707612468, -1.634942336630309, 36.20250218863271;
  -10.1750146572358, 0.4715233510545123, 16.00398269216877;
  -23.61776153313883, -1.300040190748686, 36.06083911625127;
  10.33527052275943, 3.474966965781122, -14.38071609039947;
  -9.991791195420268, 0.4112489974430876, 15.82279339625109;
  -7.111497008999075, 1.010209191093621, 11.60130099759711;
  -3.91540389820648, 1.104704658727775, 6.905288770661915;
  -6.966801440417986, 1.041426514673088, 11.67632869023905;
  -28.97313406972377, -2.635648610769632, 45.90925094161969;
  -4.238494710125608, 1.068558532144322, 7.613086774916883;
  -25.69748292896533, -2.317313150154332, 41.41007091914984;
  -25.07687249847906, -2.060328684527502, 40.78831615037661;
  -25.1181408081295, -2.826308464098439, 40.86763683410617;
  -5.162812044646888, 1.058393988414113, 9.206347100776561;
  -4.225234014601051, 1.081263907633836, 7.736534136523495;
  -5.471102576096603, -1.400614996503016, 9.87904502125118;
  -4.073645533713073, 1.081193749893727, 7.591936383951008;
  -4.228715278895212, 1.085391818250316, 7.909494441219231;
  -3.204808282819963, 1.122636612409606, 6.265998669532801;
  -3.166490575849225, 1.121160943726631, 6.321060068197027;
  -4.390302522875063, 1.056227334131722, 8.425767712777123;
  -10.57813404652115, -0.1997905491126803, 19.09026630565474;
  -3.852223192763706, 1.065023721627192, 7.597940594279589;
  -4.551695074008455, 1.066227833739158, 8.845246330949317;
  -4.202987714117661, 1.094134391995025, 8.476830662120957;
  -2.922678231985073, 1.162677597478898, 6.215602043692748;
  -3.792700621669367, 1.104758653546186, 7.853258135729887;
  -3.565554885464741, 1.082869142513917, 7.620995837735691;
  -9.581567643055779, -0.711821061418666, 19.37428649577069;
  -9.520447000314855, -1.828938750526665, 19.35968751727204;
  -4.012656514966491, 1.104411160137059, 8.825476732403047;
  -9.248968793312365, -0.9001829405717945, 19.45274029484505;
  -9.404122409162287, -1.515345600386868, 19.9130856216861;
  -5.934139386742749, -2.301610587839922, 12.99694122611946;
  -5.806359119359907, -2.388774901306316, 12.91603296981601;
  -7.610646619871543, -0.03445960662172769, 16.68387786502925;
  -8.791269829649412, -0.9476363666880343, 19.22197150891666;
  -8.928059649561646, -1.385444052710174, 19.59330284923875;
  -7.560606523187842, 0.01355563889306517, 16.76605405612955;
  -7.528388471989629, -0.01239267232124838, 16.85909735221937;
  -7.157534889002453, 0.539848709334906, 16.10813785064069;
  -8.586620811744584, -0.8249842878761912, 19.21847541329006;
  -4.422764219261641, -1.55726699896788, 10.51771980939217;
  -4.464978891417089, -1.491946728202393, 10.86335651758088;
  -4.387017233238962, -1.559859351137499, 10.69188876970889;
  -4.42814549138506, -1.476388180054927, 10.89736785178097;
  -8.205470395680942, -1.48108668839266, 19.50805535093857;
  -2.43799158852465, 1.286782700365168, 6.516320684650086;
  -4.223342342505957, -1.579554759462323, 10.69786883633212;
  -4.099054875040841, -1.875301169367647, 10.46723654670167;
  -4.240732167914248, -1.860089014725815, 10.84038849094278;
  -4.345940238929735, -1.607911108877563, 11.08592048790104;
  -3.631186172804365, -1.980651479115231, 9.438185536861768;
  -2.459892343490561, 1.32294243225754, 6.683633779231387;
  -7.970517341592924, -0.6654316178239554, 19.55452738762862;
  -4.096626742613995, -1.703372957228008, 10.57798723373046;
  -4.224378940766886, -1.665777575433767, 10.91136823693926;
  -4.15249973331319, -1.833728179259949, 10.76033817167788;
  -3.424774799487699, 1.291916825223104, 9.033063421330359;
  -3.428127169568881, 1.270967100760131, 9.137781554085539;
  -3.957147358111151, -1.823988802134937, 10.45992267518175;
  -3.927897078097629, -1.919430904518834, 10.40774831764089;
  -3.696057061093631, -2.150176760427988, 9.918612407942035;
  -3.107709244804058, 1.281889024999669, 8.46851419928794;
  -3.894651171432566, -1.801471127261102, 10.42657819389148;
  -2.556650188187134, 1.315767171728142, 7.17774881975354;
  -2.227967137017347, 1.305880758821987, 6.444016210580785;
  -3.640652480804745, -2.087240612716251, 9.968426298346143;
  -3.758664329782315, -1.661031055351965, 10.27100963630635;
  -2.566637501162092, 1.304030330542654, 7.309532370226428;
  -3.815438792230503, -1.574254050867117, 10.52549424663156;
  -2.676706285411802, 1.331743628936269, 7.666825712966559;
  -3.810634154521011, -1.624466284978586, 10.62937821998039;
  -2.348410607587247, 1.320966372301867, 6.918833981197325;
  -3.334943417503894, 1.245348633234105, 9.53366654601154;
  -3.65249467800863, -1.672753780452786, 10.37178185842269;
  -3.71363847027453, -1.62957650995913, 10.64286984861794;
  -2.706839738701609, 1.297527189374151, 8.101174461627897;
  -3.714990014545148, -1.550284421992342, 10.85219159221156;
  -3.727644315273776, -1.670836583749028, 10.90458845267261;
  -3.750171258997986, -1.526922019301534, 11.02979724886109;
  -2.653705187565175, 1.29000307090742, 8.074417707727347;
  -3.586743166235679, 1.188686653896567, 10.68052189844514;
  -3.656477008984969, -1.638554918699992, 10.94433274574043;
  -3.643771790805228, -1.57683382207893, 11.02613164312626;
  -3.586187888980632, -1.585894292994527, 10.97156898049132;
  -5.381626107889294, 0.9047800415647819, 16.03122125980114;
  -4.542521771137867, 1.125367887285811, 13.7994839149518;
  -5.220440444325575, 0.8692673346311003, 15.85809509275249;
  -6.605811897674114, -0.6340564916529804, 19.87586644246971;
  -3.020763857681102, 1.243890409008629, 10.07997402922397;
  -2.652199236659953, 1.2779305244768, 9.058108442733015;
  -6.145777347572968, -1.324655670039396, 19.82608177600166;
  -2.278698364935325, 1.281839048114512, 7.952924162796433;
  -5.456914384927126, -3.0358325688329, 17.88032206706667;
  -4.198383490766764, 1.169698954092086, 14.32330257002604;
  -5.06570153369081, 0.2324805674881165, 17.26396449904106;
  -3.783169530303515, 1.089182910784171, 13.18006369909934;
  -5.97754983499371, -0.922878794458615, 20.29346565052805;
  -3.75708609792679, 1.173165993544624, 13.14036395646007;
