m=[-31.89730614681928, -3.222474387571813, 39.5849959679984;
  -24.79105683170966, -0.9403987369558579, 31.75809040032708;
  -13.74002339659162, 0.9250718145672814, 18.07188868519684;
  -6.566628535026339, 1.080220568239824, 9.182723888419968;
  -19.85711668688156, 0.04428048433396455, 25.90811603313758;
  -8.778609119492913, 2.033537594378629, 11.91839961493835;
  -29.92285567150772, -2.134049965968613, 38.86156281619859;
  -19.23516437955116, -0.262183152903682, 25.62592714299045;
  -26.56861863915982, -1.016806203680895, 35.44580700343565;
  -24.88567876445526, -1.17348581143771, 33.29177927700425;
  -23.93151676221744, -1.368942627150877, 32.20520794985183;
  -27.30902527449446, -1.965154589084272, 36.63086378146208;
  -27.78203644981539, -2.351419583491724, 37.43035489800203;
  -18.95270634245383, -0.09730031801388828, 25.8383841806452;
  -25.6966135851246, -2.161128176109356, 35.07967637243963;
  -7.565286486755923, 0.9755099896280507, 11.07802562777438;
  -22.57266556195114, -1.36308500426402, 31.18443054498846;
  -15.69611721873185, 0.282089731175933, 22.00254413792635;
  -14.82402043341434, 0.3486975569401456, 20.88534491896209;
  -28.06589573454425, -3.897157124756288, 38.77539605441285;
  -26.20332559845793, -3.378565822753493, 36.28008778530218;
  -5.698996466866845, 1.09320435945717, 8.667577104395196;
  -3.585849067376213, 1.179010953336503, 5.834023269372715;
  -27.76200339839095, -3.609070542642754, 38.70359577554638;
  -20.71976538803421, -0.5727786853660991, 29.12400392626939;
  -14.87123620514616, 0.6917914572093287, 21.21853697766286;
  -14.91055899208948, -0.1349215192878434, 21.34649131451978;
  -14.68002599309901, -0.02858533216093018, 21.08176547842504;
  -13.45359751768712, -1.205953760523552, 19.72517234639565;
  -13.81027584360519, -1.523310222843346, 20.23128857857821;
  -21.87522147894395, -1.359398016288608, 31.83607418480488;
  -13.33291577350438, -1.192786189850335, 19.8312617418647;
  -3.729997577981312, 1.171308358355783, 6.322203868709744;
  -4.039605952138445, 1.170867807614176, 6.819816238103234;
  -7.222043873528569, -1.051178137727892, 11.51384932886304;
  -21.90833094504434, -1.386023945898885, 32.88095223424696;
  -22.9282840225243, -1.068194370621416, 34.58981492370673;
  -23.26091526735512, -1.138679052786989, 35.53500632580127;
  -22.43180728432052, -1.310687809602853, 34.43911290665234;
  -21.41027740334852, -0.9792057916999474, 33.2051948736576;
  -22.20600754715244, -1.169257922588716, 35.05059503115972;
  -22.4191382517964, -0.8702022454954465, 35.65742331786802;
  -8.207812956712976, 1.229292097366944, 13.8161207097695;
  -4.028262196428256, 1.155185514161985, 7.352786516094042;
  -23.75745308699558, -1.511021415347476, 38.87502454771169;
  -6.685577296660456, 1.075335640640912, 11.7429928563453;
  -23.23270577920539, -1.654088528128451, 38.40529051300545;
  -4.289741474720378, 1.118883826962013, 8.018177881067087;
  -3.822825619965428, 1.129377728632262, 7.374027341493449;
  -10.87913722513533, -0.216258752171066, 19.32128994025429;
  -4.211833460391365, 1.110940863713055, 8.081096065218365;
  -2.87233176910866, 1.159654926372582, 5.830934883898023;
  -4.194767703789732, 1.120767841880871, 8.058071896168013;
  -5.335582515880269, -1.278166201830149, 10.06716441671991;
  -4.195469061940168, 1.086500810746464, 8.251680720966499;
  -3.436598930642544, 1.137923059824248, 6.971971738329554;
  -4.05237830130424, 1.124156284189598, 8.069790839142787;
  -3.553677464993623, 1.144779706054567, 7.204383839511617;
  -4.205226278124738, 1.128785098218858, 8.380485496644461;
  -10.38833719027847, -0.06120112079185196, 19.30385320911536;
  -4.749045150697871, 1.099081226038447, 9.421058351132158;
  -3.18791420099313, 1.157120918268983, 6.746203714532733;
  -7.844187384972676, 0.148892929190071, 15.79305875186565;
  -7.884758948325944, 0.1166144760398788, 15.87313357900419;
  -4.127560021481972, 1.134615569309015, 8.855020074028275;
  -4.608802920435, 1.108641193938699, 10.00763713128519;
  -3.054183662536523, 1.153199037037397, 6.969357199074686;
  -2.936579007611176, 1.154528083391331, 6.751178798996568;
  -3.924903300405464, -1.811500954550799, 8.809269517692924;
  -9.247352878096919, -0.5615224283745952, 19.27794670878967;
  -2.368115940108944, 1.193453587592823, 5.667342474388118;
  -3.450777233754707, 1.171272595405923, 7.830322000460555;
  -2.791404313190381, 1.194861000567854, 6.525989803108645;
  -9.135091984399413, -1.636523175405723, 19.17042974300664;
  -3.259529791568676, 1.141549474627813, 7.648112575766284;
  -9.240467757632379, -0.772587574712771, 19.99556827159679;
  -3.819630760676703, 1.136197471631701, 8.860587380984885;
  -3.978776164484444, 1.15052317483169, 9.274763531063133;
  -7.465517095173754, 0.06936297245524012, 16.90361110747753;
  -7.50711758589124, 0.07503674657919507, 17.02704184776392;
  -8.569771344411343, -0.7919231321296901, 19.33633982232069;
  -6.955919406692997, 0.6307013585233582, 16.20278299575329;
  -7.990222920267817, -0.7432268396189778, 18.84770734397781;
  -4.416052182953054, -1.476572318389605, 10.93231622607386;
  -4.368415767725193, -1.475019800632298, 10.95307215138353;
  -6.906761790466125, 0.5765138187812366, 16.71920382070652;
  -4.30525190168614, -1.511241167408938, 10.9793512694796;
  -4.380451836543173, -1.396672191165925, 11.23086524304588;
  -4.331631267528628, -1.472745222879512, 11.125089810929;
  -4.375090758445547, -1.390834483482981, 11.33843241605887;
  -3.387977262907806, 1.18259050695569, 9.016676141709038;
  -7.769644771506098, -0.5170368677960417, 19.63955615071892;
  -4.117007709380733, -1.475237053236483, 11.00392668684858;
  -2.387138934338465, 1.262445357823816, 6.796634583572749;
  -4.097865487911351, -1.639571982624654, 11.158286083602;
  -4.191201679830832, -1.584992869411159, 11.40367495294889;
  -4.043451778046672, -1.722944060144418, 11.05296897918253;
  -3.083517355276784, 1.269135456352798, 8.649843451049311;
  -3.652765764813494, -1.909936450195936, 10.15083378472188;
  -3.89791637678732, -1.73280249423757, 10.87910549664593;
  -2.092545200682301, 1.366614888386531, 6.291250925163006;
  -3.865998835733635, -1.724834923828532, 10.92587680857148;
  -3.747893400033826, -1.585595312837718, 10.80306394049543;
  -3.646410127236325, 1.300807031115948, 10.47660517146054;
  -4.104825042030147, 1.191113207089349, 11.69241022009391;
  -2.065889340805944, 1.369937390990814, 6.406154722948475;
  -2.366787047317111, 1.37064559788812, 7.224969497663092;
  -3.619633192119033, -2.021310697424064, 10.67776873471004;
  -3.725900750549796, -1.525014027394103, 10.96967017082521;
  -2.642423681628634, 1.371950062594976, 8.087911836589242;
  -3.569104998184102, -1.575203695693165, 10.7192435820227;
  -3.739188329096279, -1.405892167484752, 11.26531547720986;
  -3.698290158745647, -1.55280214114676, 11.1704729732942;
  -3.717611472066164, -1.366898199623121, 11.34696795451943;
  -3.081142853058064, 1.319704943607597, 9.557805667919837;
  -3.667762165398815, -1.578514934796091, 11.31042892597449;
  -3.558670878650635, 1.25845187287739, 11.14488416219067;
  -3.590748934218513, -1.485600491509796, 11.44593138926843;
  -3.344556921600522, 1.340758261363126, 10.80116881375105;
  -6.243165498973485, -0.4680376410120967, 19.39099732458914;
  -3.407996132361617, 1.246242735402876, 11.02510796690922;
  -6.26791603089158, -1.572825912479723, 19.60939887234859;
  -6.048177124775754, -0.7046241200900696, 19.36964872073534;
  -5.954078530797564, -1.149822011236246, 19.82100639667922;
  -2.360363067715261, 1.353083464363253, 8.584164577930221;
  -2.842055151137186, 1.320598230497004, 10.36075499244881;
  -3.632136704651164, 1.244373273196344, 13.0236531980506;
  -5.75710956764402, -0.7688472046527111, 20.14410804645973;
  -4.888340233901322, 0.347146297011707, 17.25840358510235;
  -3.803218306755201, 1.195859160250562, 13.80299229830385;
  -5.113063383872746, 0.1948635653144057, 18.37059189315193;
  -5.446843408529911, -0.1677913011090056, 20.00462423389332;
