m=[-5.164976485690593, 0.562815593578421, 8.336920769393487;
  -5.328029728887696, 0.8552339187989541, 8.612832193112567;
  -5.360494901884141, 1.097311724381915, 8.67537765371835;
  -5.223868973200744, 0.4778012754865557, 8.491719243203908;
  -5.230031357850069, 0.2765101562295385, 8.677639576732664;
  -5.071588888574695, 0.7448281227555119, 8.506417458731608;
  -5.105613916002512, 0.5321118667277015, 8.554765479937823;
  -5.094043997895335, 0.6819281675972605, 8.560361245723273;
  -5.120347251456033, 0.5060854792500741, 8.627178968568776;
  -4.984554786167688, 0.59956758088462, 8.490252967116541;
  -5.028628745668461, 0.6533844361802399, 8.557481424811437;
  -5.035053719364299, 0.4368664192701739, 8.570536119380645;
  -4.983243434520254, 0.5644814297302293, 8.564197625178968;
  -4.981397117058907, 0.9042985374545894, 8.584623449009602;
  -4.949003652512165, 0.598515993645013, 8.57295533683504;
  -4.999136638745606, 0.8690560301811623, 8.70754401448076;
  -5.080813265158861, 1.731957326106856, 8.877592886671271;
  -4.955833224778618, 0.188468337400773, 8.752785648947285;
  -4.917984269942421, 0.5894518753990582, 8.733592582301901;
  -4.878612515798188, 1.053230967896869, 8.689204085429436;
  -4.944573083958074, 0.4231444282857934, 8.777622317015625;
  -4.884911603396481, 0.8271929279437879, 8.706471213977315;
  -4.936906813855154, 0.3732344985573721, 8.803265410890299;
  -4.800108812091523, 0.7537902545574822, 8.708796766150519;
  -4.923303074753757, 0.1819658480823706, 8.895166831944941;
  -4.824815577119628, 0.531937823995089, 8.801387974830021;
  -4.678894639053254, 1.22718535608334, 8.69472697988506;
  -4.740623464924124, 0.7344247234631836, 8.783129864463069;
  -4.788476299494229, 0.6180664506441386, 8.877235503105167;
  -4.792116604790422, 0.2589855702125488, 8.882875393531011;
  -4.805344337894153, 0.3064815722752134, 8.91650389078834;
  -4.831783250983952, 0.2257704485610315, 8.980293703221404;
  -4.700106227295524, 0.7075585107539082, 8.783884429184194;
  -4.672738495749096, 0.5887205994667605, 8.73784178421767;
  -4.801862790104747, 0.4980704984527443, 8.969535270215292;
  -4.82779762986959, 0.4324746135106654, 9.019634061638037;
  -4.644337198559852, 0.6859843915827505, 8.739752200507766;
  -4.733323428192545, 0.5602153462592365, 8.915511295921439;
  -4.75029307405219, 0.4806676409558406, 8.943015625441888;
  -4.768439866930931, 0.3709225475533601, 8.998945767835595;
  -4.765772337104477, 0.2874715295627379, 9.048302811029087;
  -4.666107763471479, 1.797846832168542, 8.987570225158297;
  -4.695409625464848, 0.2381368985851525, 8.997181113716405;
  -4.645918427364251, 0.6637422375086659, 8.939639234682783;
  -4.724834922636618, -0.02502089163136991, 9.113778816427514;
  -4.695629031465788, 1.153902505056359, 9.112155137332408;
  -7.049102304718971, -0.7317179731806786, 13.06298126462459;
  -4.644246799408561, 1.14407309662138, 9.094928987062334;
  -7.047812223159036, -0.9016273358581911, 13.14554985582773;
  -4.583403211862334, 0.9019704516201098, 9.008683967974339;
  -7.003533502915579, -1.219115755790921, 13.08717724418997;
  -4.62077829900835, 1.041031036175192, 9.09048697493156;
  -4.59980024335047, 0.5027718515447259, 9.095986713574021;
  -6.94827040380577, -1.334596235298954, 13.10312907068555;
  -4.600824003939932, 1.140376157111135, 9.155207108960342;
  -4.501623789566975, 0.9427864855372773, 8.987781122894669;
  -4.826174378338604, 1.404867856440444, 9.572966463654968;
  -6.874609206594974, -1.277537395470161, 13.09537671480015;
  -7.044382262812496, -1.50804901107037, 13.38554461226631;
  -4.923260387514205, 1.995514644786647, 9.800630366417046;
  -4.678854404566455, 1.243370371374869, 9.359742440967823;
  -6.858682174471446, -1.093098771498734, 13.1093376226616;
  -4.490169197788316, 0.7393720022584163, 9.033720068024767;
  -4.65060360209833, 1.746356239622201, 9.388416685873942;
  -6.867189796602003, -1.312204968080223, 13.18755307466582;
  -4.479640581718678, 0.3756198313512514, 9.062396502907868;
  -4.278049004835582, 1.013457843244942, 8.747724848195764;
  -6.831028359963825, -1.352918721332912, 13.24350406987926;
  -4.681878947271178, 1.72882724096028, 9.564095577892504;
  -4.597100276779054, 0.435444813667651, 9.386583182557997;
  -6.768087364344667, -1.568245939659607, 13.29804653759749;
  -4.45318718782594, 0.7405201707997923, 9.242019078055407;
  -4.52207336275153, 0.4540755139050597, 9.390109591294689;
  -6.770514013839323, -1.361672103498658, 13.48957568090665;
  -6.771865335915703, -1.67193453926633, 13.51692517745611;
  -4.56808887334658, 0.2761006510082099, 9.545175526238724;
  -4.386070008023593, 0.6297799134014686, 9.238239118103465;
  -6.741622754539169, -1.463575490322108, 13.52828105739278;
  -6.862441382373977, -1.857567446694855, 13.76167485969642;
  -6.733940287260608, -2.130741724789601, 13.53567769877404;
  -4.452670072673301, 0.740495083272567, 9.416338629463583;
  -6.742991211538945, -2.062745492385075, 13.56583118187188;
  -4.527532419662992, 1.449087559393752, 9.598415932323094;
  -6.793196139543711, -1.535384757544074, 13.68611384604627;
  -6.764997575345777, -1.644392526480674, 13.69365177936407;
  -6.627249267116595, -1.979402395711121, 13.56388654716756;
  -4.486666382397247, 0.2352045819028637, 9.687951538333635;
  -4.413804838746984, 0.1127424727800316, 9.658486896356909;
  -6.625361342379786, -1.852890717091011, 14.04498314397413;
  -6.589922617282505, -2.072413100520999, 14.18993113521642;
  -4.319020638094613, 1.785590712087423, 9.823018319579878;
  -4.506877067233872, 1.806912453580409, 10.22691689653504;
  -6.599969961966878, -1.862347070399487, 14.28403743635108;
  -6.560679895021932, -1.942721357514865, 14.22194534381637;
  -6.607356286341751, -2.096258802071015, 14.44022566432895;
  -4.856387558210063, 1.663099694786247, 11.05120031661089;
  -4.512959672029979, 1.435497094335522, 10.35089413943936;
  -6.552025753080513, -2.170137246013517, 14.35446709977496;
  -6.562867379021113, -1.838438792225776, 14.40342592334978;
  -6.554998271807771, -1.96843798722082, 14.41705583976158;
  -4.758530075217599, -0.05399623318828247, 10.9126441244967;
  -4.192619002524493, 1.776317259404001, 9.827691257892063;
  -6.64300141866604, -1.803490793761794, 14.78328926403854;
  -6.523422849004038, -1.842502602684204, 14.54246094275486;
  -4.654954201336233, 0.1256676070428849, 10.79298658001471;
  -6.481278895595874, -1.917441069934321, 14.49727331576956;
  -6.517279310551404, -1.731768106908897, 14.60058644357673;
  -6.617231811766604, -2.034592617370205, 14.93628296504408;
  -6.490638497228829, -1.88958041211693, 14.69006196119907;
  -4.954471829976411, 1.078760711903057, 11.61224158876828;
  -6.459914602483673, -2.079459002258629, 14.70264100830095;
  -2.97051190392734, 1.49729049907797, 7.568130433635044;
  -6.394397154865052, -2.198343266393916, 14.90524013427088;
  -6.417680834121593, -2.153116074998545, 15.03153179772511;
  -6.408271022885975, -2.32323093465553, 15.07244981948431;
  -6.340540707642369, -2.259011119685004, 14.93292798011649;
  -4.907878005427364, 0.791349759727686, 11.94265708904945;
  -5.036641540964753, 0.9695538293229143, 12.2927132361665;
  -6.417466303140422, -3.174308786438032, 15.1663157490281;
  -2.847664590646892, 1.516466648365351, 7.507831426889402;
  -2.873305147571304, 1.088084402147987, 7.595744615881402;
  -6.335703789662675, -2.382941187244861, 15.20561757116051;
  -3.954134673113316, 0.1865700199132624, 9.997373127792576;
  -5.154494082019219, 0.5627925104869596, 12.7231648374798;
  -6.360156036545908, -2.604243368098126, 15.28647508653307;
  -5.285653206477025, -1.083800229876097, 12.97571706917598;
  -5.151520469588512, -0.5277696663974117, 12.70025923318787;
  -6.323340552086389, -2.502537418079415, 15.24716380075762;
  -2.824296117911104, 1.145575907627524, 7.56151966533953;
  -6.342374256565244, -2.601102017544907, 15.42501089512343;
  -2.800749053155369, 0.6098543425004168, 7.583565646687497;
  -2.721392724414779, 1.511319157142427, 7.441413053754492;
