m=[-3.541469112889101, 1.010398759113251, 5.602928372755856;
  -3.712338282002288, 0.9861224422028119, 5.901976875980242;
  -3.566158399497509, 0.9745685498292372, 5.937010336745139;
  -4.627973365910065, 0.9183998291025683, 7.62027493423729;
  -3.933039413183502, -1.179613265538695, 6.876754603312066;
  -3.852124666820203, -1.110021687020356, 6.90287021456369;
  -3.932913912568116, -1.185269788901179, 7.027989578045671;
  -3.86869469780149, -1.176501389321212, 6.946822143842734;
  -3.845756586382465, -1.067283225827043, 6.966085992821638;
  -3.777222238379827, -1.017464950582159, 6.905397650474915;
  -3.820742941797946, -1.114179562285986, 7.034995739203889;
  -4.168323850922619, -1.530511299875999, 7.633630265412075;
  -4.183453283185185, -1.621150440682667, 7.660160941468051;
  -3.981703190128689, 1.004994142266203, 7.34880385412349;
  -3.817008859693674, -1.100105059503398, 7.114728218947771;
  -2.966489816981584, 1.024568361824886, 5.761294079356614;
  -3.745387819749057, -1.045249046574689, 7.034579707786473;
  -4.656056815542329, 0.9416670137099983, 8.522157873524138;
  -3.808710885616199, -0.9280965454228242, 7.161351799860913;
  -4.047368456178167, -1.511277388657977, 7.693818792599126;
  -3.667096102828582, -0.9486437901697024, 7.066138223989143;
  -3.688927225615021, -1.04267135575135, 7.104233127222428;
  -2.916154166509025, 1.025393758452833, 5.839396531073965;
  -19.97322456897739, -1.118096354834986, 34.19630049333991;
  -3.6339330592027, -0.9498544793385914, 7.100511441269396;
  -3.605239051275865, -0.9016149387576466, 7.124443893967574;
  -16.98506499655321, -0.3253591839846896, 29.88947353667579;
  -2.958730565048118, 1.017109532138205, 6.039728361412603;
  -4.417919426757675, 0.9877320848298845, 8.574517004819382;
  -13.84141427813561, 0.144201136371375, 24.7344031702667;
  -17.25951186345447, -0.6038538446795182, 30.66006694605289;
  -3.52810940107597, -0.9172177225078276, 7.071223122340991;
  -4.523392943091272, 0.9579166415945504, 8.78647279725573;
  -6.669611717407874, 0.8637516378126382, 12.50709491607137;
  -22.58636943690747, -1.671378302585473, 40.08657551489392;
  -3.506537345019587, -0.8974595652524459, 7.111635047218777;
  -13.77246875824569, -0.4072255500898542, 25.22026966941093;
  -3.52520176532432, -0.9536777822533674, 7.217694400753908;
  -6.760195087139694, 0.8598117635426281, 12.92832015242262;
  -17.40977177312964, -0.7169095352155611, 31.96191916964869;
  -3.512947581827873, -0.9219077549558075, 7.266181133858165;
  -4.324498252982944, 0.9820644579722769, 8.780077764072328;
  -4.452779468588105, 0.9749656644815574, 9.039306903918178;
  -20.12892312750503, -1.418974002184038, 38.03510675004186;
  -2.376908798586591, 1.065081361249057, 5.433287041751276;
  -22.13105007531132, -1.302448813698855, 42.74268147635166;
  -23.08295380123429, -1.613105511421821, 45.39132613460909;
  -3.789375245262426, 0.9636719641068217, 8.657873639057728;
  -3.389958166679628, -1.497266607305452, 7.978242140242531;
  -8.917279156105153, 0.3207828603093085, 19.38715550422781;
  -2.339697210555242, 1.038647469468418, 5.977546170110091;
  -5.152641503620455, 0.9242426287886659, 12.33999923034216;
  -8.442591745010192, -0.2139091016320408, 20.598446885772;
  -3.761912080342441, 0.9728103024622274, 10.04964421095568;
  -3.666596902883037, 0.9974969075481549, 9.860692831526237;
  -5.190636094406063, -1.348000021893, 13.7849163747541;
  -3.591805215094916, 0.9753637965028262, 10.28906894035118;
  -4.699869804750593, 0.9540444733115961, 13.46710555475254;
  -4.285965242040565, 0.9489375236384415, 12.45731964790947;
  -8.260404637337137, -0.9484684899497001, 23.17259407848385;
  -2.446371478123458, 0.9949494385563555, 7.586338421608502;
  -3.201601599969497, 1.02348061517494, 9.690941154394691;
  -3.755660377955511, 0.9679357326391642, 11.25101652299669;
  -6.946497907341573, -0.1025097403134533, 20.06502736118985;
  -4.653668791202289, -1.584717373562705, 13.78973666582302;
  -4.111457968100215, 0.9598341508408458, 12.29353544997954;
  -7.982058624903131, -1.465800756166891, 22.98226230801508;
  -4.56908185079025, 0.9588253465482745, 13.67590047348747;
  -4.60237710166738, -1.637866085734757, 13.80387481641037;
  -3.62299094317864, 0.9943946117143064, 11.06846862274319;
  -2.40542085926274, 1.029977458064585, 7.692517297989335;
  -4.181838435139619, 0.9169139980005118, 12.72202300396893;
  -3.168590847607309, 1.021819415890576, 9.902364890962696;
  -8.446174983637032, -1.081510098788861, 25.05040272885254;
  -3.705772100196767, 0.9413242817515568, 11.60011103686992;
  -7.998480642032686, -1.422417917555648, 23.89709904874867;
  -3.392102665773614, 0.9910598893023468, 10.75350219719119;
  -3.226211177077546, 0.9928690338406671, 10.28486975849915;
  -2.290471133740465, 0.9699909356875266, 7.594728457923852;
  -4.078388607133307, 0.9084242019009301, 12.76861655705986;
  -7.54423241851097, -0.8492836860908565, 23.0117539316275;
  -6.071870135133245, -0.07777606380254895, 18.78931386824544;
  -7.512936553314844, -0.9123107588668311, 23.35891776834785;
  -7.751071824322842, -1.441318251910025, 24.29425841838501;
  -2.920716485953995, 1.002955379812292, 9.834964455773044;
  -2.915828143292139, 0.9734068075633792, 10.06099315994726;
  -6.947743676324798, -1.41023053057895, 22.69398431035775;
  -2.218545320338259, 1.038674469873748, 7.998027327183147;
  -2.169171323491224, 1.053848013024883, 7.846714480533523;
  -3.663392580660272, 0.9492494912612637, 12.61266805386209;
  -3.548772611812204, 0.9737800050814476, 12.27013714336085;
  -3.298750719204768, -1.368045966804689, 11.53369719906203;
  -7.310173865574223, -1.066950952534925, 24.42273740452397;
  -3.458715453272013, 0.8514833877188693, 12.10309687491137;
  -2.106096832872036, 1.053878112622414, 7.786409142049714;
  -6.702461104818493, -0.6692057033845462, 22.63952178285387;
  -3.270437384740772, -1.3984476005626, 11.6436425522145;
  -2.098879112736458, 1.034712217671064, 7.843927142556079;
  -3.244342937995789, -1.423509048844253, 11.71647015906554;
  -3.23803762442964, -1.388041858496199, 11.83888910376799;
  -2.324289543390859, 1.057723983007241, 8.780420597410647;
  -3.294192086216984, -1.552870464609971, 12.3362633432648;
  -3.235367343321135, 0.9984468844218519, 12.37302953431123;
  -1.706687514987634, 1.114913942105392, 7.148329498319654;
  -2.021677829772897, 1.037156653322874, 8.276229111442261;
  -3.467082662682654, -1.458259164668442, 13.5828932340098;
  -1.743622032574772, 1.096456968662699, 7.329681943940386;
  -2.787214226181718, 0.9859313166318472, 11.23102986687728;
  -1.697385000612752, 1.124798025290733, 7.441657439659496;
  -1.690587667425419, 1.177639673686102, 7.426433555140867;
  -1.626438010959104, 1.13647154956278, 7.364122953443883;
  -1.627817493264504, 1.223363882390463, 7.420608406730871;
  -2.227207720581513, 1.046535687766901, 10.00267566236033;
  -1.427362516890306, 1.21707072667248, 6.780084282745322;
  -2.336066757831891, 1.05049358011983, 10.44349267862054;
  -5.233335668027829, -0.6133510274905207, 22.23461390212377;
  -3.975093235660692, 0.9733435660682205, 17.14858891610044;
  -2.625524167684457, 1.029080410478125, 11.81697352636942;
  -2.076123811481191, 1.059707391114776, 9.597095062800008;
  -1.351542229280031, 1.234020679485753, 6.683831256398376;
  -5.227055627656951, -0.8642078213663615, 22.94396321494608;
  -3.278660084452637, 1.100416439013884, 14.85089328431939;
  -3.124327649175528, -1.479530357986596, 14.42358845690578;
  -2.940482678863639, 1.102138238272863, 13.7124198860875;
  -2.288694965224207, 1.041369956669036, 10.98096611997455;
  -5.019090331208497, -1.298178631303502, 23.07596928132521;
  -2.909117560545047, 1.074296287817562, 14.04200760819924;
  -2.93716558665788, -1.646482627123832, 14.27839069108776;
  -2.877773537630133, 1.128805855433586, 13.96702172000703;
  -1.765002087084458, 1.194314480827476, 9.189187926206982;
  -2.109895367416616, 1.216214794887981, 10.87437378179797;
