m=[-7.99274630742967, -1.937567101294326, 10.6821907230333;
  -8.010105233798212, -2.093617885243461, 10.77407712187132;
  -8.040205065556069, -2.249563976542723, 10.86398164256112;
  -8.057234520447343, -2.030997847772771, 10.89419386436373;
  -7.933207686216971, -2.094077510167453, 10.86618977483947;
  -8.079415464525228, 2.185633835334465, 11.0698319778854;
  -7.83553315470279, -1.930435095051261, 10.76277714520146;
  -7.940144840336232, -2.114705702854389, 11.02402661618504;
  -10.10691605177891, 2.20531504925943, 13.86459147717098;
  -8.090671575641244, -2.201337949467383, 11.31209682924267;
  -9.179396277012858, 2.243196219880211, 12.76544579767963;
  -9.486522897571557, 2.238003144194402, 13.16431864197348;
  -7.741537998192943, -1.906915375659505, 10.9491347266155;
  -8.245387409636935, 2.265580038345823, 11.60185912327012;
  -8.283767987094961, -2.304258868735962, 11.66187935678528;
  -7.750712901672875, -1.960524278606319, 10.98200078821717;
  -7.652980598162832, -1.82572558041036, 10.88394953834678;
  -7.784581095147978, -1.92030811465803, 11.07843937110939;
  -12.85272981483816, 1.961507095863257, 17.66205917602279;
  -9.231664112679717, 2.275955384685373, 13.00903159493207;
  -9.339709351365229, 2.23363136809613, 13.25109275967762;
  -8.26013184314785, -2.288944680228935, 11.83694509653019;
  -7.60087897410425, -1.826657362240295, 10.99057087905536;
  -7.593695787799644, -1.557210445806802, 10.98614114347942;
  -7.558843827310815, -1.735670982040076, 10.96587899046278;
  -7.583319521599065, -1.910940035292313, 11.02264940794826;
  -7.329482631378182, -1.582613772509004, 10.83203422575597;
  -7.564574577743915, -1.768914608770299, 11.15324259489201;
  -8.244797723887961, 2.236762059116872, 12.11853351359194;
  -10.63815013874424, 2.194794797730371, 15.34824627089122;
  -9.954772138278745, 2.229015270926224, 14.46226440962574;
  -17.93099624889593, 1.737386619914404, 25.29414495108143;
  -8.053322284910561, 2.285512750373061, 12.03298033624481;
  -9.304882545421638, 2.301337237435258, 13.74738208566025;
  -9.610430027097484, 2.292997389707695, 14.16845402608051;
  -18.4092220422882, 1.316275207850404, 26.21970801095687;
  -9.526572485961779, 2.192958696784011, 14.1130321506861;
  -8.027704193099867, 2.289404618000343, 12.10940201975727;
  -17.50979058849838, 1.965119838291474, 25.33256894400897;
  -7.296070834186184, 2.211434397421908, 11.18205626109319;
  -7.364560592663604, -1.683573929470481, 11.28882079549447;
  -18.79573161596188, 1.860474821290006, 27.42815692359051;
  -6.831524142130091, 2.138467623147093, 10.653077419734;
  -8.112887695162849, 2.270426854228339, 12.47200222889282;
  -15.48757332411589, 2.101903767096893, 22.92441585013223;
  -39.6172595264227, -0.02045053426613007, 57.08283305983446;
  -7.462227889961565, -1.820550751795525, 11.57010688810091;
  -7.320991263582293, -1.662000280663768, 11.41599299372366;
  -9.566499303320992, 2.265608247799197, 14.67614327123784;
  -14.0904740731363, 2.056299306465149, 21.16233554122079;
  -6.521302179610566, 2.19389084491047, 10.34953752966519;
  -37.83915988074876, 0.7818597955690526, 55.26952847244075;
  -41.48657288010198, -0.3457686016668677, 60.69108276140292;
  -42.69337461168267, -0.09526546775783495, 62.61400287026788;
  -46.78013286951709, -0.8870654814293729, 68.65013612937776;
  -9.683192065709116, 2.163745803960542, 15.05451170448012;
  -8.69472213677032, 2.337374246774822, 13.64299191008818;
  -8.941220666164364, 2.295817855036512, 14.0138014958455;
  -52.9231938543024, -2.49067721690397, 78.04162918296287;
  -14.11892362759217, 1.996885700187222, 21.59375456399493;
  -6.325878355322354, 2.221250764434159, 10.25625329270809;
  -48.85361002835224, -2.71420592126877, 72.7324516576322;
  -41.64234139948121, -0.447730573028225, 62.18220334699112;
  -8.225207011380588, 2.337792386949912, 13.12545204125866;
  -44.32281418805095, -0.993103289204493, 66.43073511122917;
  -14.56015921251437, 2.02675540252065, 22.55499317481987;
  -9.796248064988323, 2.222360097624913, 15.54082183326751;
  -27.31238303407177, 1.941032976339063, 41.52886533241423;
  -14.51736148670323, 2.069239233495265, 22.56838474039626;
  -40.29689253632265, -0.3658025240774248, 60.99312920094276;
  -6.257696519409637, 2.2527545777269, 10.33861555175513;
  -58.82249571962468, -4.425067912750171, 88.9982497980879;
  -6.078791536173262, 2.255166527125383, 10.11530518812983;
  -5.893231376591812, 2.235903202829439, 9.870917275452021;
  -37.42630400161403, -0.0494506320387158, 57.31882084792514;
  -36.63636074848419, 0.4783828996672024, 56.22460809876942;
  -8.999674851558012, 2.296480066054469, 14.57285257245975;
  -8.635841983309856, 2.284880786379426, 14.07044863356936;
  -9.576975369796372, 2.226204430542051, 15.51175897597304;
  -52.63979801273154, -3.973351572504438, 81.09279304411678;
  -8.907970830673268, 2.252445477276535, 14.62411251257691;
  -40.49853748636598, -1.04190121104049, 63.21380901319598;
  -9.047526787432453, 2.2627229866898, 14.93507734848504;
  -6.424533785549288, 2.351252705356163, 10.93588831140624;
  -48.45201928900431, -3.026937016143124, 76.15924891025553;
  -5.992378028049683, 2.263753137865007, 10.3060932839063;
  -9.145878052299125, 2.236024432373684, 15.20386138932373;
  -5.795530932348047, 2.271601835012902, 10.04419820153449;
  -42.47615914361929, -0.1871427453892191, 67.20691659507796;
  -6.221767042356609, 2.263653967900589, 10.71670168176099;
  -8.16709018339793, 2.293937866931289, 13.80537244809531;
  -39.83777974916413, -0.3815580078805846, 63.49746006847931;
  -6.806366479861758, 2.247201253002421, 11.71671726004042;
  -8.76245941443957, 2.242522968297069, 14.80851103962232;
  -45.05385665258573, -3.799081624550174, 72.15742416886511;
  -8.988332843234254, 2.209098791124171, 15.24549602085206;
  -7.191657708646111, 2.271952740395641, 12.40791455890441;
  -5.657674489309837, 2.275292283272527, 9.99633652994245;
  -43.18330659371658, -1.293724199346754, 69.63903794389957;
  -44.64693879879737, -2.70971355036651, 72.02369520665212;
  -6.479655263804484, 2.268510590936515, 11.40528876974651;
  -7.736915969303965, 2.297515291591668, 13.42241629896743;
  -41.22903249338854, -0.8429153691575111, 67.30189704489273;
  -45.96701117040704, -2.200985826952147, 75.16230149742462;
  -5.792241327302505, 2.267087988096757, 10.37278675653539;
  -51.13456048367143, -2.944942455886044, 83.67970780188125;
  -8.833723059423333, 2.271435650387186, 15.30963156714051;
  -8.843426858996665, 2.220694304491632, 15.3619390207797;
  -7.694484169544325, 2.275527787403743, 13.49925708625877;
  -5.790246492030276, 2.301146012574172, 10.40861996434765;
  -5.756262153041308, 2.225128782864385, 10.38916959753756;
  -7.576601826539853, 2.309583521551599, 13.3864068368696;
  -15.26976904843888, 1.863681411430213, 25.9762946719939;
  -6.35142685795939, 2.291916246655476, 11.44252053800904;
  -6.212287311142203, 2.278981487163555, 11.29214594198118;
  -38.75662904399863, -0.9365846988073516, 65.2503457368105;
  -5.883858798883196, 2.223738486458962, 10.76944970386415;
  -16.58367138665668, -3.137090393282303, 28.60597057790309;
  -27.87640382472782, -3.059406384236687, 47.46572827770122;
  -6.25120016800453, 2.207133884716842, 11.42861268782035;
  -15.57061536150084, -2.825403150205059, 27.00810794369412;
  -7.124034791346149, -2.847492623814991, 12.95360760967827;
  -8.57270942789687, 2.219699157679851, 15.41419692640653;
  -15.26122424989958, -2.636478972964171, 26.6704709945845;
  -5.709212093087491, 2.266443803694592, 10.61742406077115;
  -8.089769230147944, 2.314145393076362, 14.64084040556232;
  -14.23030506858273, -2.187733172439795, 25.08814065571787;
  -43.27363699863129, -1.674342259185089, 74.34138395745271;
  -48.49836997289119, -3.49545862373383, 83.18983898410559;
  -13.90951892699006, -1.993719886404945, 24.61395662016144;
  -5.656084386136863, 2.212588366471446, 10.61922624608607;
  -5.500957924130288, 2.237377601066975, 10.40185170070441;
