m=[-22.21963166510018, -0.3799166016391327, 28.04196254251031;
  9.322959807039998, 2.603687643552305, -11.36126054790938;
  -20.50862052741361, -0.07996817528835432, 27.04913553130455;
  -18.94241304484474, 0.4000444758619851, 25.19305971808071;
  -13.87284820581184, 0.987905281773702, 18.88434754394589;
  -20.57898598351686, 0.1086244674378212, 27.55483685925856;
  -30.06215136178953, -2.03876103396759, 39.85728468235016;
  -21.46092773969825, -0.1732962956550141, 28.821404445968;
  -18.49085747813642, 0.2547275856828627, 25.06947749530152;
  -18.31633248428476, 0.3793088644244522, 24.8509883430534;
  -6.707460224783426, 1.085345890898857, 9.736877512100666;
  -29.66073610344743, -4.382067188098148, 39.96063995434101;
  -6.580647718671489, 0.7432761431961694, 9.644346833968537;
  -19.49567182403879, -0.1910810283892828, 26.66724450254172;
  -25.05770152206773, -1.100674812397983, 34.27704503597411;
  -6.882462457755197, 1.041810301911361, 10.14939988651572;
  -6.604249907652471, 1.116616502968484, 9.806085251983793;
  -24.25630764961771, -1.30219977873656, 33.40551902420341;
  -19.82179214634581, -0.1567995324432874, 27.49460162787061;
  -19.17784528370222, -0.01773861393699779, 26.84925040250454;
  -27.94408612227606, -2.238549964819861, 38.94489710163923;
  -22.71402941724115, -1.283963118686106, 32.12534712113247;
  -14.62908437745981, 0.3204730281708527, 21.21506822916697;
  -15.05304820001511, 0.4167223720645463, 21.87181624012589;
  -16.3268674579407, 0.04761751482685375, 23.67655533517483;
  -21.85382380376707, -0.7424629964757212, 31.47729394132553;
  -15.07846448569584, 0.7639350691658228, 22.17905299095974;
  -5.639731186514104, 1.109426726385451, 9.02439941387239;
  -15.13155781340519, -0.1641651702924246, 22.580888234071;
  -14.67645935479241, -1.251758066201793, 22.08276242986299;
  -13.71511133577613, -1.476961910000203, 20.76300808306514;
  -7.130555548583851, 1.090122850693781, 11.354733360671;
  -13.6335962510496, -1.436006098579528, 20.94182046735307;
  -27.6955847442127, -1.49437631896625, 41.82672282374948;
  -23.07589804157531, -1.242043065984424, 36.22774767135562;
  -23.62405469791239, -1.624100794450394, 37.61492272256097;
  -23.2037672279989, -1.111426608211701, 37.4191546340029;
  -26.43979614400337, -2.057759066095701, 43.39320508516702;
  -24.40562758743922, -1.832895204301836, 40.8175816259228;
  -23.8137087768299, -1.599761785388816, 40.21217100048217;
  -3.868803616025239, 1.202922236905935, 7.381346826003433;
  -6.292599961001416, -1.119971067639289, 11.49068126219354;
  -13.92685606741267, -1.150676496982491, 24.89935691599693;
  -4.320543715503961, 1.109105229495605, 8.64331765930786;
  -4.283784192123576, 1.151340501519163, 8.581268994319288;
  -3.847585187773258, 1.209214289215506, 7.84995042041906;
  -3.90602467861961, 1.172871403041683, 7.970048023506634;
  -4.350029336490398, 1.136008156815701, 8.862676004875334;
  -4.228084238023836, 1.144806511609129, 8.686190242951984;
  -3.859754249000175, 1.1670618755053, 8.015607343981374;
  -4.201228433137205, 1.120451848189595, 8.841557578077238;
  -2.639303263212967, 1.17965986256687, 5.943622846129117;
  -2.791207478108754, 1.189276345897246, 6.233357567060312;
  -4.055402125673496, 1.156281412467314, 8.651687072782279;
  -4.191599306694607, 1.157358891482413, 8.936612482014365;
  -2.822159192455058, 1.182440738345674, 6.361541186360458;
  -3.578336337521247, 1.178825193911967, 7.813514830045539;
  -4.257552074033647, 1.138726678814725, 9.156357342795332;
  -3.388990769637847, 1.165982610791488, 7.666837710850184;
  -2.772750165846496, 1.191206170176723, 6.465162514893076;
  -3.517594129627328, 1.170802571083486, 7.983303673691164;
  -2.723069616037305, 1.187476783683287, 6.486925768120515;
  -2.634309128643334, 1.189034175043629, 6.382513698496439;
  -9.338790296396558, -0.511458860483338, 20.1590210182954;
  -2.910316538407458, 1.225858627449262, 7.075113273029904;
  -2.569315037771974, 1.203908759472705, 6.386199716600291;
  -8.715322926137551, -0.7762805356047782, 19.43236983318562;
  -2.527556147965998, 1.22579144186253, 6.382057104167562;
  -9.003816609277827, -1.270768258586564, 20.36683768007585;
  -4.076501277165374, 1.139319156074259, 9.827572127436746;
  -3.816883810595057, 1.17177839867652, 9.438221491000556;
  -2.931966854341533, 1.210792178048294, 7.477848575477512;
  -8.699569112279956, -0.7536414032371045, 20.31882017768873;
  -3.270425587902135, 1.176485280498282, 8.2541461656794;
  -9.040311046241344, -1.222927904749656, 21.15788177985235;
  -7.503841359647335, 0.1750184515330626, 17.88716435710318;
  -2.792037283675685, 1.277537103606104, 7.291332591276491;
  -8.565741759380714, -0.6375616926794034, 20.47344159656907;
  -7.379526243945542, 0.1533929920046362, 17.77528617821512;
  -8.493885684820285, -1.03759627312416, 20.33230888785988;
  -7.090307761341299, 0.7031845536528871, 17.18889381086354;
  -8.433186665606501, -1.58588675212926, 20.42002614891758;
  -9.101665339191021, -0.8191588481932285, 22.3295585804771;
  -4.499575228887161, -1.481427231138112, 11.64904747793175;
  -3.880371224620015, 1.229702231404718, 10.14139905840935;
  -3.862843440125827, 1.239126601254459, 10.25577566149505;
  -4.442525065898323, -1.512892360302814, 11.75719627085989;
  -8.153053953820797, -1.276765953663137, 20.71236997057362;
  -2.208456849801126, 1.296025081219113, 6.399209565962967;
  -4.360166463234354, -1.366365492676841, 11.81784285092312;
  -4.51978965788653, -1.653364613593054, 12.21449345039019;
  -4.371015128685624, -1.463424180809374, 11.86408894372038;
  -4.103745381973468, -1.933955962018319, 11.24218613248395;
  -7.898214009637345, -0.4653203084786856, 20.69922596881693;
  -4.366613191994987, -1.365863395498975, 11.96039554537676;
  -3.405853273472032, 1.232342837182205, 9.675585153228434;
  -4.20554041744261, -1.736583734028311, 11.77139139076806;
  -3.712087483261741, -1.866402656728362, 10.54006771943179;
  -4.065644280971853, -1.624254476283105, 11.49518897968639;
  -3.211252592020847, 1.253549092225828, 9.309134952971599;
  -3.841380924077727, -1.838161563284083, 11.00938727308783;
  -4.078062996704079, -1.785236456839385, 11.63472593605805;
  -3.927219827051944, -1.39244258322036, 11.2684988764584;
  -3.952270293560646, -1.831547163102925, 11.40879312701637;
  -4.204020994441618, -1.567595364372236, 12.08417448155991;
  -3.094660856950875, 1.258092088391594, 9.139482710272842;
  -3.643137599663176, -1.811380962693221, 10.69438531307313;
  -3.954906892708366, -1.793716371654857, 11.61041362211558;
  -5.189087331299821, 1.229574331866979, 14.88588513560666;
  -3.922981741878179, -1.7300690712758, 11.59646779208538;
  -3.549814735404353, -1.763254999984786, 10.67007638024477;
  -3.867695705178145, -1.710839211216477, 11.58276028430054;
  -3.486687273456914, -1.850443633757533, 10.62505241544523;
  -2.090008430553736, 1.400218971042008, 6.759345577267339;
  -2.622413232872884, 1.403610491538019, 8.327293335097474;
  -3.792685011429992, -1.481696889037258, 11.69378331252076;
  -2.081241671526401, 1.398028468668361, 6.846645870028627;
  -3.435953441905273, -1.954884523068737, 10.7100962567382;
  -2.11771695641009, 1.392391279632371, 6.991587011401103;
  -3.613238477093192, -2.006087441826959, 11.31240901331404;
  -3.81142507920415, -1.546684823430268, 11.87311027297879;
  -2.613012233497175, 1.397807693912562, 8.511416392945945;
  -2.534349123016599, -1.693149419590391, 8.330687027153639;
  -3.805001898305216, -1.67661196010854, 12.06401026694663;
  -2.556696362521185, 1.381130215743171, 8.390081042267811;
  -3.990075588728006, 1.349668095217316, 12.54807712973685;
  -3.291030450684937, 1.344469581103738, 10.56883802500843;
  -3.779837752527612, -1.401872281725137, 12.04754588927199;
  -3.720226558554472, -1.527999557013156, 11.88238685227662;
  -3.358312519108404, -1.652653088581182, 10.86674943033103;
  -3.264971943803517, -1.610096753056067, 10.70617104866505;
  -3.690946587408088, -1.414985034365868, 12.10392659612933;
