m=[-4.57800242964215, 1.126924077610789, 7.012548458714933;
  -23.73143288206086, -0.4070268444071867, 33.87368792280867;
  -14.17348518213122, 1.038952486706874, 20.75829978333207;
  -26.78910187979917, -1.166950136359337, 38.52812421297899;
  -25.4110789950412, -1.336236885550701, 36.8322647224073;
  -23.74435043941477, -0.4722581033390183, 34.59822495308809;
  -20.50704899539555, -0.1373640458482794, 30.13266043819636;
  -28.65968330620176, -2.266366084200863, 41.89215249550475;
  -17.91055197220826, 0.2880852154192395, 26.65010869230086;
  -19.48259336846707, 0.02350700281407858, 28.93445125176078;
  -24.40835773537435, -1.360307151361118, 36.35471214320663;
  -18.43662827570289, 0.3215047638471686, 28.02858339860628;
  -30.48606292971396, -4.148621719955575, 45.7626546182881;
  -23.16644087274775, -0.5336292701896593, 35.12010762322949;
  -22.04053048123858, -0.741414689083147, 33.52286687291597;
  -15.42239580964723, 0.4491306138206508, 23.95822391717112;
  -23.68697071415673, -1.40688502739649, 36.26079191341934;
  -3.853160983266048, 1.151636426516663, 6.733611036724279;
  -23.5905954091665, -1.908305707661797, 36.76562112487839;
  -23.58163859775549, -1.36356058785583, 37.01232711281305;
  -5.018417629468796, 1.116025963996385, 8.700175727043941;
  -3.770301660434682, 1.150184147188144, 6.834161907850759;
  -6.380438070132389, 1.062833134984802, 10.89182640166896;
  -14.11883758321443, -1.488802421321918, 23.21308500384937;
  -25.57859761271643, -1.753570535586451, 42.75781290634307;
  -27.13849647586466, -2.120272224007533, 46.68526877206924;
  -25.68633492693623, -1.433601682530507, 44.66050127485082;
  -7.924662241913923, 1.150689104137289, 14.58208934666023;
  -26.75942622621183, -1.973515329372319, 46.88977844693336;
  -3.714088029133361, 1.153377411842411, 7.418855039513526;
  -5.323119357327862, 1.10031244331637, 10.28178334644365;
  -3.511746487650153, 1.179810777240883, 7.582647492241616;
  -3.539548657381377, 1.145516276583712, 7.725823103973214;
  -5.729007950471804, -1.353636864276941, 11.9271002511313;
  -4.425634302736555, 1.058535008707887, 10.0516500030873;
  -5.277169517214987, -1.148671176219628, 11.89784800981855;
  -5.403618428391204, 1.147231670154572, 12.29200499270406;
  -4.974281661509596, 1.104000671730081, 11.40207472238075;
  -4.176644538481156, 1.111799971746281, 9.740628537874175;
  -3.190152802258401, 1.161721361703778, 7.720964544615981;
  -3.828633713771048, 1.131732524034993, 9.075251232806142;
  -4.028415369402705, 1.128828498495941, 9.523551942142619;
  -3.744078629979401, 1.153093481480447, 8.989882871443665;
  -5.243084352963793, 1.145505470613686, 12.23684311414243;
  -7.833242268899493, 0.1768791085199304, 17.87322104942633;
  -2.388063334134663, 1.144656578209181, 6.136611785370127;
  -2.982093523346013, 1.163867709677765, 7.512732403673829;
  -3.358281304052605, 1.129218158364054, 8.422693059026448;
  -4.037651606416211, 1.105287252358039, 9.933432049493712;
  -9.32604587839673, -0.5221126699097159, 21.7244855019124;
  -2.7906090260658, 1.161945374472051, 7.264444276943344;
  -3.254976617258868, 1.124522906848667, 8.336620655487735;
  -2.743233049817033, 1.212153904888117, 7.200143380866461;
  -2.649489335512491, 1.145796909625466, 7.077267454348916;
  -2.685463135613408, 1.146998578745996, 7.223494749546897;
  -9.03028820746278, -1.320179996677888, 22.04510582659655;
  -3.214986197979221, 1.125994259345639, 8.481624334271393;
  -7.116617996269143, 0.1675023534262351, 18.49978587135335;
  -8.684798006164572, -0.6650946940144782, 22.41293731807341;
  -4.286869637191312, 1.093117928552002, 11.60583342645761;
  -7.268622625220504, 0.1516566105162353, 19.06607288892784;
  -6.997204764513947, 0.7029792229581671, 18.50963772585129;
  -9.178733664054628, -0.8261434974148468, 24.22906271305977;
  -2.310915491150142, 1.14909065677462, 7.015613934639727;
  -3.21572656161826, 1.188188837408688, 9.596232071293533;
  -4.319106833442041, -1.462984026864766, 12.52576949688;
  -3.683934279638453, 1.195021468689582, 10.86151821777107;
  -7.856891329610513, -0.4825726357738142, 22.28874629059016;
  -4.24518571880293, -1.493647344991667, 12.59090708854458;
  -4.181609626518427, -1.579949214711656, 12.66283954614291;
  -4.2329036305289, -1.465194964925339, 12.86103125706095;
  -4.060993223590905, -1.62049782028406, 12.41066911187859;
  -3.783197716639472, -1.825387743674377, 12.06649882722297;
  -3.667261595776377, -1.806311612686743, 11.84714818157467;
  -4.139471715665921, -1.593338955411115, 13.29609135744461;
  -3.643314092732566, -1.723112913601924, 11.83470824175346;
  -3.964846297517753, -1.734270781354523, 12.8412147539591;
  -2.016787723927583, 1.256407553310807, 7.066986734967021;
  -3.310553280414425, -1.700933532550852, 11.03940362469494;
  -3.845525941489715, -1.805886159106263, 12.67375768609313;
  -3.773923655982394, -1.72029152818574, 12.5332938977244;
  -3.039894170824252, 1.210586656600912, 10.34546226500259;
  -3.54886324452655, -1.762772612878981, 11.95045874494053;
  -3.696509202340818, -1.689522909317643, 12.44656239188968;
  -2.024973395728532, 1.323903793375338, 7.398329930940815;
  -3.391038661969369, -1.87241581377047, 11.7015403846062;
  -3.555804826700893, -1.516839085407961, 12.21211274578286;
  -3.657350295651851, -1.483842656150733, 12.67896413801317;
  -3.492331637297859, -1.461677471447534, 12.25523571274445;
  -2.069495155155802, 1.292579629672018, 7.684845178962537;
  -3.648948008865679, 1.270856151122709, 12.92467384082885;
  -1.862142809878967, 1.457355558215667, 7.134326169358777;
  -3.578493456660075, -1.375829358572053, 12.81965012688027;
  -3.597769425779242, -1.545682829265014, 12.92491041737463;
  -1.87003388529535, 1.321139085961088, 7.245600585081206;
  -6.509094804316292, -0.4548502849292364, 22.83195399720245;
  -1.948452523226382, 1.346948884712828, 7.543076301132798;
  -6.281333749331262, -1.59179795509792, 22.22863128885453;
  -2.459471852097353, 1.352792070557177, 9.319670355583707;
  -3.499062388754773, -1.390308880177857, 12.89856464005677;
  -3.47115094489309, 1.311992222171282, 12.95694685740501;
  -4.357184441192957, 1.267815400457486, 16.03516778955604;
  -6.446290492323431, -0.7154391869366245, 23.31812346314147;
  -1.974629409740543, 1.303845686459252, 7.862961279131309;
  -3.451768452211084, -1.464093914709657, 13.0906751174065;
  -3.293568490293842, 1.257427538283569, 12.59472917501415;
  -2.158435582975558, 1.3535679984353, 8.695326373851449;
  -5.873182432188822, 0.4267147097498441, 22.01326790382156;
  -5.914147238057375, -1.145410801383232, 22.32954040342921;
  -3.980447285497861, 1.252216557695724, 15.96729654661256;
  -2.96978826406746, -1.503331038465977, 12.18162252670652;
  -5.620332750795049, -0.4234412397301598, 22.64648017707744;
  -4.722890556288045, 0.4122628010859647, 19.19355373991407;
  -5.229903700219058, 0.2566351680696598, 21.50404378578529;
  -3.894805989591269, 1.427191325893163, 16.32728627614964;
  -3.73191232025561, 1.271077751979043, 15.89894994398925;
  -5.53355732540435, -0.1063026457600525, 23.12531592475167;
  -3.794826212757227, 1.346471216617404, 17.32610887050043;
  -1.67662735446439, -1.746872141783239, 8.662274466851294;
  -1.630538965290561, -1.758879125192105, 8.711338722990053;
  -4.491565908838494, -1.712232251560976, 22.64995266351415;
  -4.755365742021445, 0.196089797883676, 24.20098625278907;
  -2.874773705590928, -1.884333888229185, 15.10614358235625;
  -2.238953268134606, -1.683471758918472, 12.0994450352696;
  -2.229765153998955, -1.588638417096407, 12.14018502981201;
  -1.524924306674744, -1.879950784381867, 8.819387273491405;
  -2.16424168910989, -1.537913551172532, 12.3016330604207;
  -3.208152435966736, 1.24781621837108, 18.22145560647669;
  -3.168467397348683, 1.053850949367531, 18.14566454857408;
  -2.072862272668682, -1.482523137292514, 12.25838436538217;
  -3.589184878024692, 0.3501930961061667, 21.35916875294258;
  -3.108241053042624, 0.5577592715485261, 19.02345666779642;
