m=[-20.51527492781016, -2.27642476315251, 26.0526483820274;
  -20.40652232662158, -0.7500884385918227, 25.95796130838168;
  -20.08019221178624, -0.6257014877907858, 26.18762254754421;
  -18.74059197797459, -0.6883950890624605, 24.94275580906;
  -7.154727659863277, 2.080557150997441, 10.17488416677483;
  -7.77916050077613, 1.97042784031448, 10.9804421149935;
  -18.26493186013197, -0.5897671744390911, 24.53305174075012;
  -18.99544830143922, -1.224022156061287, 25.5745901224786;
  -17.87558024644602, -1.544263174870028, 24.27725617349233;
  -18.0221892338581, -0.736963778121419, 24.50594153068986;
  -9.061024997580411, 1.904311326356972, 13.05937906267331;
  -7.597342992979142, 1.912248132702498, 11.18616194522541;
  -9.616319415074127, 1.895483831757569, 14.02446187332156;
  -7.248942819320692, 2.011305734454923, 10.89417413889055;
  -7.903294027858417, 1.99611194094413, 11.88172267754256;
  -9.673495621450144, 1.983430980389614, 14.64173748140023;
  -7.445014595281647, 1.96702131950127, 11.67027210220714;
  -8.979289376934407, 2.066379322652051, 13.92851832053491;
  -6.871762976073545, 2.088148693521007, 11.01899591953973;
  -7.140238862012478, 1.999238936395807, 11.42014156431089;
  -7.254891641438802, 1.975787860254466, 11.61607838820191;
  -7.889165787345025, -2.094326380520425, 12.59366539338264;
  -6.890087715021653, 2.037448824871288, 11.18885001200321;
  -5.543273107876367, 2.056024850196626, 9.229276926704831;
  -7.962622851826243, -1.967419747698989, 12.82413719516461;
  -7.850937964902887, -2.326054802257323, 12.70369229779238;
  -7.823764099699206, -2.013437833135277, 12.71572486301735;
  -9.31591230573018, 2.116154349547094, 15.01075320868197;
  -9.588775133027303, 2.009994984887961, 15.46927753338443;
  -7.812783207670368, -2.180344180780563, 12.78444944338231;
  -7.972992459109889, -2.334296137764367, 13.03009886778091;
  -7.450015107611724, -1.346881379585115, 12.28893135479851;
  -7.694062032289135, -2.192709207461693, 12.69316256995816;
  -7.824577229251542, -2.101345984821999, 12.9473904757702;
  -8.835457814656143, 2.068026805256678, 14.52080515693873;
  -7.74014910463054, -2.168518331336659, 12.90213718630559;
  -7.870190624184988, -2.365297007692294, 13.16130980086367;
  -6.048774162207504, 2.124913942200437, 10.36382241796925;
  -6.101278308268532, 2.079415535909965, 10.5039563504747;
  -7.808170976743254, -2.205381123187226, 13.13771660374642;
  -7.89353821487416, -2.288892133742595, 13.33309819246578;
  -8.533242767997383, -3.209450545607981, 14.36104422970491;
  -8.767313829109284, 2.019755008177732, 14.75204417075145;
  -8.140111391266878, 2.087761280057212, 13.78446249724101;
  -5.566569665812834, 2.105919788080819, 9.756858843459565;
  -13.19071499660592, 1.394449075002842, 21.74327214451436;
  -7.737357036493727, -2.157689438365524, 13.19717798517441;
  -5.268105614560832, 2.040526204797583, 9.330562434918928;
  -6.150777239532777, 2.146952149217052, 10.72728481469377;
  -7.222221760517201, 2.008107194042707, 12.41945190650184;
  -14.55304639367669, 1.676762903536035, 23.97884415363164;
  -6.946027858093667, 2.058769922531298, 12.02387686906788;
  -7.556474268712631, -2.03827504520225, 12.9805364636855;
  -8.293008179306298, 2.11813990048826, 14.166439574407;
  -9.247288823321867, 1.91491744863533, 15.71256675911971;
  -14.7118253526517, 1.85151590030599, 24.40005798850266;
  -14.95898403139484, 1.56096427932548, 24.79573014966424;
  -7.656913845609656, -1.81455330680001, 13.19523344636361;
  -7.966027786651422, -2.338825248367192, 13.69574751690789;
  -6.832410138930542, 2.01809528724984, 11.91191255837248;
  -7.902167232918688, -2.2194108415039, 13.6407825326581;
  -13.2761905199929, 1.804448257282748, 22.45421833568412;
  -7.416104335216013, -1.924442849697753, 13.02232152201301;
  -6.426268636089546, 2.020178504057319, 11.4484668405478;
  -8.183879459212834, -2.943947580382911, 14.3011376671232;
  -7.241432645962165, -1.539863694634851, 12.77948699770812;
  -7.405565765142296, -1.83776571173165, 13.0497616189589;
  -7.528579471787983, -2.042557473477923, 13.25156726963036;
  -7.174002727169128, -1.574689410924353, 12.67497664255822;
  -6.003791401716833, 2.130682458727969, 10.81405388597016;
  -33.77092682887629, -1.690867405747, 56.18948109864596;
  -6.911820565684349, -1.405214891872129, 12.33454230503261;
  -8.221820896339802, -2.693764586842387, 14.49779334311802;
  -7.954509870210764, -2.869316314310539, 14.08931447555666;
  -30.95846018563314, 0.4420637171612762, 51.90057715011304;
  -7.315671754463622, -1.838780265321263, 13.08015794982243;
  -8.046285935093444, -3.159612044961325, 14.30220499144431;
  -7.972035715329484, -3.21148941984258, 14.17409129681766;
  -7.124870206518869, -1.642642535694577, 12.78536738995044;
  -6.660727959662033, 2.097421790789368, 12.13037116568409;
  -7.394955358508327, -1.785745586254218, 13.35912068540498;
  -7.389465165296461, -1.163857651102294, 13.3690025653949;
  -27.67436651987985, 0.5517524556519151, 47.35921955888511;
  -8.169384102181137, -3.358505267405982, 14.70943519969843;
  -7.32739549237635, 2.028149453117657, 13.32965267725095;
  -32.75938219381904, -2.386802977068311, 56.04142977556945;
  -5.214741898832608, 2.14536468650399, 9.797579466405102;
  -8.920757459936967, 2.0337609664914, 16.05551996002494;
  -26.22855665196949, -0.02951561956427224, 45.19187553967519;
  -25.69448420839343, 0.4074364003409892, 44.31792800457043;
  -7.410449641881336, -2.138116221027924, 13.51231250388895;
  -6.526420115116613, 2.09068635613098, 12.04619162763709;
  -29.374489494269, -0.8535867121418368, 50.62132796723667;
  -7.106139477465328, -1.782783277285205, 13.02904276935931;
  -9.084926050676227, 1.967350105687404, 16.3946415181722;
  -13.28339893649203, 1.789442422251671, 23.5470315649133;
  -7.868238960647302, -3.155570391052451, 14.37688807196869;
  -37.29149616454656, -2.549414537975384, 64.42347878249987;
  -7.3758567146436, 2.071025288032522, 13.65150161971515;
  -7.065427381570294, -1.741578846014318, 13.11170063803175;
  -7.19440625134975, -1.187632545865949, 13.36578561431326;
  -8.413091335031391, 2.150158953955624, 15.5123466080438;
  -25.11376068979375, -0.5851393958801014, 44.41176547209267;
  -34.23829202854505, -1.376647261657559, 60.24357233929126;
  -35.25459752864277, -2.041026013627478, 62.04567888462025;
  -7.117428934061589, -1.849604366447459, 13.34172827081472;
  -9.151115373828628, 1.990145252231705, 16.90350614017622;
  -6.792789313456493, 2.070000831825886, 12.83028366013986;
  -29.65313742142375, -1.047204956855358, 52.82847069152707;
  -7.090092632428393, -1.796881647986392, 13.43756846630603;
  -5.512414953639444, 2.147064527979749, 10.73339016731511;
  -7.013784434602075, 2.013210753392205, 13.4145905135929;
  -8.639072761187263, 2.003187774441465, 16.29527681779729;
  -6.636529401440583, 2.058608467396951, 12.77615110380236;
  -8.980470856422913, 2.004643352315004, 16.95201928134591;
  -8.198659481868811, 2.176272831121616, 15.59091709503327;
  -6.337787951392329, 2.080361936499503, 12.34722138030505;
  -5.257445779163591, 2.116618928360471, 10.48015890615606;
  -8.429113294546758, 2.057732953495043, 16.20897837626746;
  -24.52819959505133, -2.685255545179759, 45.25000254165443;
  -35.1845856963046, -2.252140850129693, 64.58766988678389;
  -7.550869751163748, 2.047383229709478, 14.7426806203665;
  -35.40559777217137, -2.845085554673043, 65.36755965648622;
  -8.706382166924618, 2.034331800388622, 16.87273590715822;
  -5.000879766351206, 2.155215279641633, 10.16319642648395;
  -4.974303577729536, 2.236497407870163, 10.12957785068082;
  -32.50148469768001, -3.051667248662144, 60.65053463846006;
  -13.66355250488577, 1.76057467021259, 26.12836994588376;
  -4.725928827685029, 2.118583146848128, 9.771763530918207;
  -36.31808609210853, -1.931129858330776, 68.26349840483917;
  -5.15438676008098, 2.119123226892588, 10.63690936166219;
  -36.60305263394198, -3.354228221410622, 69.34693962303432;
  -5.453096362598057, 2.115881292076331, 11.23008463756262;
