m=[-3.644486210285025, -0.8550139737223218, 5.506159096190345;
  -3.724516707604498, -0.939663742121256, 5.66335717232118;
  -3.647914902490915, -0.8899774056954108, 5.656054192246528;
  -3.412828879312558, 1.036861141067754, 5.381299807107602;
  -8.958087399866967, 0.6405109529949675, 12.75873773598904;
  -4.728365075166004, 1.119805957565157, 7.253872193119118;
  -8.880896833569638, 0.8519890749100099, 12.75320220184851;
  -7.335757767153568, 0.9955760378084001, 10.85825119989647;
  -4.814617811757124, 1.092235970259289, 7.637936188571081;
  -7.089414141658494, 1.002679106112368, 10.84268695088874;
  -4.712191766362214, 1.095366938180022, 7.632303530705383;
  -13.35553523608699, 0.9491494856953332, 20.30728053168648;
  -17.7816064177094, -0.02349448334469506, 27.23273750464503;
  -19.86737595432089, -0.5111256937110964, 31.01081142973632;
  -22.28699114770751, -1.392332445033094, 35.03178053642269;
  -21.29422971532706, -1.795595823111547, 34.10444477076573;
  -4.213889066345774, 1.091086323384082, 7.576801294969367;
  -4.048748207464247, 1.07065964106895, 7.415880087499804;
  -20.64537250594028, -0.9885387611839307, 33.75798585349667;
  -13.60263178055424, -1.210520095267624, 22.71993835288112;
  -13.24087071967306, -1.448981991271981, 22.20369056147657;
  -13.39247522645477, -1.469810254800592, 22.80364404467633;
  -19.14518844547216, -0.4626586727513423, 32.23268370025819;
  -4.881071983466535, 1.076898217876924, 9.078887682618992;
  -22.58888589985333, -1.628065356904093, 38.74698844290059;
  -22.19232695309326, -1.137178900744058, 38.56600202978135;
  -22.07248532838967, -1.489726567340163, 38.55935993469691;
  -23.62205962073369, -1.924695471153862, 41.67832026659877;
  -21.59397797416829, -0.8839868226195837, 38.43008858166563;
  -24.24214464124914, -2.774551840980573, 43.87490551254838;
  -23.08228790053106, -1.186753584211671, 41.94440860464079;
  -5.232693867392692, 1.070234000972294, 10.74200276277514;
  -2.663002827416348, 1.127864044423259, 6.140024944775201;
  -9.766835837772923, -0.004220836744537261, 21.03539832734688;
  -3.492328403792598, 1.125215170052551, 8.222801886167055;
  -3.174138287777975, 1.142490031082177, 7.718610960750405;
  -3.798355315139561, 1.127748149049458, 9.26848696532169;
  -5.136928516122311, -1.153554376993006, 12.25683889033569;
  -4.090815945040928, 1.112568623083222, 10.05106296718203;
  -2.467075176387318, 1.135067152377422, 6.479317157664593;
  -5.140293412367021, -1.227477930613541, 12.48783238982239;
  -3.758780576524275, 1.10383292715671, 9.552305173445991;
  -2.362137265215835, 1.15881607544751, 6.489816903049269;
  -4.002044364026364, 1.080330124568625, 10.29727979854062;
  -3.745078422373732, 1.104191733792719, 9.710572853067818;
  -3.956766862715262, 1.077869095887841, 10.39786612591819;
  -7.588132592416404, 0.07779009074138547, 19.16467470170048;
  -2.292481383900904, 1.145477949128904, 6.502630728069142;
  -2.393584511999534, 1.14710896254654, 6.746917295567548;
  -3.18178384107916, 1.114987963186721, 8.66323796468472;
  -8.34793770331255, -1.269368973806782, 21.21178476556462;
  -3.16182605249614, 1.090239340330288, 8.736680175368134;
  -2.081031863642312, 1.156169170184826, 6.141898795505938;
  -2.089684779559414, 1.140966268593861, 6.227086917334872;
  -6.882034959414701, 0.08645340920222933, 18.4948644767865;
  -7.984925087257682, -0.655873423291276, 21.45060115300159;
  -7.379908960296158, -1.233460409689441, 21.12294242918443;
  -2.63779693474853, 1.173034436668279, 8.545337248398116;
  -4.05849338286791, -1.431646954701842, 12.76907089516204;
  -2.872962207948105, 1.15437156254305, 9.394295428023163;
  -4.024333374381561, -1.443771558320121, 12.9684947950375;
  -3.737328950213102, -1.591424799581758, 12.60442243236187;
  -3.844101197929058, 1.207035546077502, 13.02138619753054;
  -3.610971433017014, -1.700969068719161, 12.7378467724855;
  -3.587951890303791, -1.697945934429574, 12.83459060279358;
  -3.005380682345709, 1.201142618454114, 10.94674120907241;
  -1.695916614487174, 1.30051583712488, 6.671776043358838;
  -3.487066394377065, -1.54252394220679, 12.73202517295411;
  -3.615405552621453, 1.268295564585903, 13.24300984335443;
  -3.475346461119656, -1.458913164756879, 12.79981731488045;
  -3.471664005324666, -1.508702193418585, 12.94184814381273;
  -3.517793907079344, 1.223152280860599, 13.22802360125786;
  -5.815451973809772, -0.4466582167932706, 21.34246030470311;
  -3.180753284030518, -1.501688284753205, 12.15267390764925;
  -3.456254340721229, -1.381257123503145, 13.14948940606555;
  -3.294083096808657, 1.262468030952914, 12.62163360332962;
  -3.413247110249337, -1.51979649046688, 13.04355254830714;
  -5.885913341372191, -1.558526328947057, 21.77208378889415;
  -4.778342676217758, 0.9812022942947648, 18.17565832473924;
  -5.904801419681687, -0.7043096360139839, 22.34659574329412;
  -1.876579376034458, 1.316882370345547, 7.824540528529094;
  -1.97873310349924, 1.317278997138117, 8.215541594318541;
  -2.346044961104149, 1.335424667041574, 9.557438868227049;
  -2.338449562097088, 1.293531502080593, 9.569857765496769;
  -3.294821598456008, 1.248131111469076, 13.0984109638748;
  -5.556876036673689, 0.3286425635925574, 21.75554892259093;
  -2.347239787885487, -1.764016852815962, 9.819718239484557;
  -3.076489733921755, 1.242242587352584, 12.74427191278822;
  -2.079520617165296, 1.316344018676898, 9.085453218296602;
  -5.383470379075122, -0.4494782839163638, 22.71711309204387;
  -2.752229349754817, 1.30683669769874, 12.32259874276292;
  -4.515440329806872, 0.2073087075860583, 19.60056302625652;
  -3.324675618375448, 1.233866748492492, 14.91811964833135;
  -4.834343201838807, -0.1370833743459015, 21.22868781321978;
  -3.566470185119882, 1.214391472722938, 16.09052068104043;
  -3.419942558309023, 1.217778736006178, 16.58213189972828;
  -2.262189566239369, -1.533565554084544, 12.24392272597241;
  -2.329369094157227, -1.66527446106294, 12.74270349275724;
  -3.950359557569911, -1.583260144877983, 21.00748027180271;
  -4.040708814208615, -0.5476435875444818, 21.48013801845087;
  -4.078314983593582, 0.124379644517515, 21.88859656082722;
  -1.555530261179264, -1.751015251388957, 9.082019337650289;
  -2.351392426025949, -1.627165940807441, 13.28339957787442;
  -2.839116608183838, 1.242246730914759, 15.97931797073849;
  -2.107525963868227, -1.659418291165861, 12.26200890143886;
  -2.115781174696009, -1.149623771086063, 12.85178391892807;
  -2.036404417633331, -1.52704119966813, 12.50472723811564;
  -3.703682542412686, -0.23443982152755, 22.04989516987329;
  -1.310280568468803, -1.971975211903512, 9.070454333618921;
  -2.964930582022835, 0.389791571412106, 19.25667114258269;
  -2.746905115397723, 0.4806807691174356, 17.97639067423511;
  -3.352159617478421, 0.2185481250432892, 21.78164503400078;
  -2.57540467696595, 0.600862620463428, 17.25921908676023;
  -2.206779373357067, 1.283765363102379, 14.99825992313249;
  -2.935246631107773, 0.06591236768020739, 19.85913447943625;
  -2.90958930261635, -0.04737442314730984, 20.34321379475816;
  -3.036106325971801, 0.4644553458802502, 21.19881730370516;
  -3.044712667708904, -0.06386308368954657, 21.41677817511189;
  -2.403175752261805, 0.6684597897879945, 17.73415160566578;
  -2.810937277427966, -0.3195190933646394, 21.09136985654789;
  -2.419235291485994, 0.5672158265681805, 18.47760719065415;
  -1.601106228601203, -1.418792725993311, 12.65968301430945;
  -2.237021367795945, 0.8802711289921078, 17.92266292795977;
  -1.493219687576536, -1.770508675302962, 12.3992847861053;
  -1.197524502109226, -2.263675724888953, 10.18710519325161;
  -1.517200307919971, -1.534167344261665, 12.64957812974544;
  -1.22948865603658, -2.274991501711651, 10.5029563994922;
  -2.794998199455301, -1.693826453156833, 22.95250193741098;
  -1.897785945673746, 1.295162758432179, 16.13000616319325;
  -1.235488479280246, -2.355574099450877, 10.90967448908354;
  -1.43533642684278, -1.665425102319593, 12.96602677102423;
  -1.175380020100423, -1.887721292825164, 10.92322258213731;
