m=[-37.45100020800942, -0.1898491622704115, 46.22041585867677;
  -36.71944015118308, -0.5214666249972941, 45.58648937008007;
  -38.77888303468701, 0.7578362204583329, 48.24450735041689;
  -7.252735452757794, 1.990071265727952, 9.935961601299272;
  -38.1519994950386, 0.2135044384201901, 48.1703207054427;
  -37.21007684921195, 0.6279074361542425, 47.02141711846212;
  -23.38942476636689, -3.295878049334107, 29.94917352857896;
  -6.346494810623492, 1.94255242216824, 9.017622492593205;
  -6.747937171921982, 1.936439586175036, 9.585814314181389;
  -37.72950396800841, -0.08718895958811593, 49.26188555479339;
  -20.59700781730409, -0.8748559214934346, 27.72899169513279;
  -6.49621803821156, 1.961312241142464, 9.456942023194058;
  -20.10204355206696, -2.057890108046366, 27.39719923572218;
  -7.498451714077204, 1.953159314500855, 10.95180559530205;
  -19.55682617248306, -2.320029177897899, 26.96322450193473;
  -19.90815191420052, -2.145213360190907, 27.45714061482455;
  -6.409894078753139, 1.92498301827608, 9.522837822259465;
  -19.1076882210723, -1.841074589180447, 26.58056297405263;
  -37.82601977036364, -0.3426745669758087, 52.82355539539753;
  -6.816314231049142, 2.003388945691609, 10.39992353286712;
  -6.427993531751581, 1.986488256487085, 9.908306806884147;
  -5.957015241544023, 1.976037664459224, 9.28933612443935;
  -7.03644660535213, 1.978938734523193, 10.83608408836035;
  -6.672546797643665, 1.967558226888499, 10.38087748320368;
  -7.24424718218325, 1.923203372021638, 11.31834705001669;
  -8.391196750721138, 1.866888538221578, 13.11313755310473;
  -5.715725455832618, 2.001216035923054, 9.482997607215948;
  -5.57097180505825, 2.012675914651377, 9.30224167935593;
  -5.487847476600071, 1.920173759674894, 9.234189661459931;
  -5.502388459325924, 1.968291128514087, 9.316743864493798;
  -7.434758223601008, 1.889959080573088, 12.30225792544326;
  -7.092647219561085, 1.938296099296093, 11.80797798083064;
  -8.875598062802061, 1.761321230606862, 14.61427974986534;
  -7.508274982759779, 1.899182030280247, 12.68534725256077;
  -5.573178595456087, 1.916412656718188, 9.704527798902108;
  -5.258702071189248, 1.957995042445794, 9.246008040569809;
  -6.760532479622288, 1.927119552086325, 11.62036857238405;
  -8.681298730523965, 1.943286010416695, 14.64551413741219;
  -6.572337775806703, 1.982289511778202, 11.41089190467925;
  -7.359895972282088, 1.901240730080011, 12.69478560845216;
  -11.99422111239277, 1.664934385721138, 20.16310016820111;
  -6.920087957331049, 1.938071600710613, 12.06584096074819;
  -5.278488240693855, 2.034765546670932, 9.476442765369885;
  -7.80417860095187, -1.862317719271369, 13.58272798040917;
  -12.05375145077345, 0.8866741533226669, 20.45355989465157;
  -4.95776781990168, 2.018354771309833, 9.028849545144855;
  -6.863126492535123, 1.892735391886344, 12.1340284952088;
  -6.937572590771369, 1.855003528493294, 12.26498338872758;
  -7.827357008986779, -1.844544615115257, 13.74446599241634;
  -7.752987541632669, -1.901479861362901, 13.62880686355318;
  -7.858094659983209, -2.009487341572427, 13.84861984339136;
  -8.64611444590127, 1.927265180898436, 15.1305107111437;
  -5.493744994094651, 1.882550961502518, 9.982771678326166;
  -6.736300967140237, 1.954927571076797, 12.09171620431597;
  -5.244895883676529, 2.047891623154613, 9.641272865549842;
  -7.695816915746805, -2.044353268657384, 13.69766224181501;
  -7.821364799490242, -2.35713967071237, 13.97652517164235;
  -7.666892868725792, -2.209278798697966, 13.738798974402;
  -12.55269400674093, 1.277368103393711, 21.99238328664266;
  -8.616274125152428, 1.947431131062029, 15.43786137777765;
  -5.63683114953538, 1.948962739564997, 10.46707105920089;
  -7.62732798900739, -2.116753631619242, 13.81590890464036;
  -41.33262973220381, -2.313790769223167, 70.76589068636118;
  -5.305924800745468, 1.951340383729948, 9.965581032250549;
  -7.659066526892148, -2.215338534980649, 13.96472120772227;
  -7.649440385635032, -2.365947055332025, 13.98853342383174;
  -8.672927384477911, 2.023106088926927, 15.72153365869105;
  -5.516238081799691, 1.949015227093709, 10.39845925774986;
  -9.866549461292211, 1.901676332930834, 17.80802956182779;
  -8.198183392301225, -3.010181734702673, 15.01368490143043;
  -7.546573328220071, -2.200681358489569, 13.89523242425596;
  -8.253679442763003, -3.198423684966106, 15.11299603726261;
  -6.670099343645797, 1.983802757213306, 12.44008538820483;
  -12.67520879423391, 1.666097199166791, 22.7502587618774;
  -7.844887627185585, 1.98007378641483, 14.47886436456451;
  -7.154075727168965, 1.946360913048037, 13.31453045361053;
  -6.502349661107439, 1.996131606546494, 12.20505454100939;
  -9.385435015839247, 1.898162955020806, 17.17851866620042;
  -6.845483749113358, 1.981142379495031, 12.8296815478324;
  -7.60304377029176, -2.191283077083295, 14.17172242736974;
  -5.094194231509864, 2.032861860861393, 9.833665580198735;
  -49.74766601526092, -3.9437658159154, 87.35482770788779;
  -5.68470896741785, 1.977828703538255, 10.88498729176512;
  -7.50149348353565, -2.093489189612739, 14.08928964822339;
  -7.732650660617876, -2.347743640533613, 14.50590309126776;
  -7.009157249072485, 1.921725992991169, 13.23192799621745;
  -5.811825837589946, 1.960986043658514, 11.15552906237896;
  -28.95750257677452, 0.1103673613847658, 51.58756844027116;
  -35.98820332442951, -0.2001332915311737, 63.90709321508259;
  -36.00024248471932, -1.259530686949665, 63.95139407115966;
  -7.639263064092404, -1.861515319037737, 14.36377082341817;
  -27.10291805403532, 0.2823607114011313, 48.43251482604324;
  -45.66159094876399, -3.378931376575712, 81.04077190497092;
  -5.045958665323775, 2.030036166335221, 9.860078911036423;
  -6.449946859239727, 1.892437955662739, 12.41913294807711;
  -5.813089504926937, 2.007728985655035, 11.28974654009862;
  -8.112920991684611, -2.957686196835392, 15.3964448986673;
  -8.068480142583262, -3.012750564310176, 15.33772494914837;
  -5.36014947429655, 2.008652039164137, 10.53590574608541;
  -40.55991995799984, -1.851940322287553, 73.42252447011074;
  -7.312690230781448, -2.066924113919689, 14.08297128387293;
  -7.3475545710876, -1.900744300488567, 14.15802442907376;
  -8.038261840878148, -3.499527240838988, 15.40999636311335;
  -8.366234429927093, -3.741744457439116, 16.03182776760914;
  -27.50249154590753, -0.8131960540421188, 50.36281189261772;
  -5.899263045819377, 2.044687241562707, 11.59803213080002;
  -8.903646669047463, 1.930315183927844, 16.9950364094125;
  -13.09839354039628, 1.696314471156175, 24.56257698333625;
  -36.13401139518555, -1.487946978993598, 66.3370184594025;
  -7.195823671012244, -1.964756478120984, 14.0590557507501;
  -7.302854895764838, -1.908854489527643, 14.26938908794469;
  -5.973117624097761, 2.008627509389974, 11.89010428320637;
  -8.76596166443391, 1.959841444348068, 17.01341289749288;
  -8.033250711094283, -3.404160166698027, 15.70634363979898;
  -5.75670350512639, 2.024202942084708, 11.52739963624703;
  -9.018885515199472, 1.909924835701211, 17.51875046847216;
  -7.105809093483885, -1.777053765235823, 14.04204755572443;
  -8.506284857786184, 1.980802358356712, 16.72507881589629;
  -7.089426937669237, -1.843068706336468, 14.20900374305438;
  -38.6572798908757, -2.725117226234025, 73.04582356452922;
  -7.251683455893924, -2.031455994583134, 14.53326949150989;
  -7.203066805294403, -1.944715730869145, 14.44605740456467;
  -6.360763277117389, 2.006665352673735, 12.91602242014905;
  -9.030186656419309, 1.922729976366282, 17.93336304380848;
  -11.7972786147345, 1.758837341034076, 23.13116838332483;
  -41.16502396597265, -2.235480441448518, 78.25687847541192;
  -6.942958771732167, -1.865167218269258, 14.08639238528091;
  -7.045708288558896, -1.803271340180266, 14.28945454368614;
  -7.083134881161882, -1.962080330971338, 14.41204416504401;
  -7.064300503258889, -1.911115132015563, 14.46384223710491;
  -43.58409703142723, -2.564996025111549, 84.1759053686698;
  -7.304082633060766, -2.064342321015531, 14.98972581544178;
