m=[-58.00505525607804, -2.174021337257018, 70.74801693915339;
  -16.66687495927388, 1.906714450567834, 21.02615147355129;
  -77.50695915080513, -8.39563295870272, 94.63150238770911;
  -49.27223877594049, -0.9669003662154735, 60.65749206880509;
  -15.65388000468682, 2.01081909635865, 19.99008929571399;
  -16.11116637937937, 1.994979166038649, 20.57753943453094;
  -63.93801281547628, -2.746826712601607, 79.38497739551588;
  -14.91946830528269, 2.04931223639116, 19.38646901647977;
  -40.44593508850497, 0.3796647956838019, 51.11252595977656;
  -59.07978284622896, -2.656685167330567, 74.26835140834621;
  -40.35065981592418, 0.9019539572655262, 51.11623758436441;
  -29.89108391000937, 1.788482463299014, 38.14627208896805;
  -17.90100877179903, 1.706145542499421, 23.24584481234344;
  -13.5676519039286, 2.124219925366589, 17.90694104465359;
  -15.11082546208352, 2.098461089936063, 19.88048667093014;
  -45.04426188453891, -0.2130871370393611, 57.51440637854437;
  -48.12450535937619, -1.415514840750885, 61.39984242291506;
  -73.14279979259757, -5.777174796108368, 93.47038249940998;
  -42.93343003043033, -1.142929489662508, 55.70705721307618;
  -67.70506294053553, -8.379445862861791, 86.9542010730399;
  -57.1998283210907, -3.494828568982957, 74.05382646974289;
  -13.74105869497066, 2.047222101260728, 18.53163766641501;
  -44.64120441521682, -0.9645819490530904, 58.12873364713038;
  -50.79021928221108, -1.726199018013791, 66.83921526308079;
  -12.31455131584035, 2.115010607464521, 16.93893268360787;
  -58.46776204861877, -3.210037525346915, 76.78843457414517;
  -13.57910565239618, 2.092607340387542, 18.60544631447773;
  -55.14731209671216, -3.596246607600184, 72.83947825933791;
  -12.7434096563364, 2.12665263348039, 17.5792950691597;
  -75.44793844649944, -6.072302225999281, 99.41347395390544;
  -7.091648035029339, 2.332541105076514, 10.25084163010908;
  -66.47380630428395, -6.159332703162713, 88.08302662488886;
  -43.53870376503861, -0.5906872965857507, 58.03971641905275;
  -7.483526543003678, 2.242004110996007, 10.78763685515934;
  -7.473057992571723, 2.30019602227355, 10.79258262225329;
  -12.65999330284122, 2.111887320206244, 17.62867153478297;
  -55.78094520836976, -4.640569066465398, 74.4901313672494;
  -48.59250022332037, -1.650061265286559, 65.22139888959212;
  -11.63558032732852, 2.133990703511786, 16.3832156695917;
  -59.44028775357803, -5.509653112519035, 79.76591301328499;
  -7.258381612621202, 2.324046108011241, 10.59483652207857;
  -13.80104175677833, 2.025078154733477, 19.39861360571462;
  -54.25146968265462, -3.698759240158817, 73.49080109623009;
  -44.47691867682843, -1.244330642760282, 60.4295890816192;
  -34.61762952037523, 0.3230549830979981, 47.3121710945649;
  -7.595111354895866, 2.316656576683443, 11.13992423924995;
  -8.384110389634872, 2.35285718388832, 12.21799680804086;
  -32.97245797067694, 0.4933707302772923, 45.22112889345013;
  -7.461958024316788, 2.2957792625538, 10.99696713565166;
  -11.66793714803831, 2.138132595839361, 16.6966444650801;
  -7.283825062841217, 2.330186760929381, 10.81573481946428;
  -50.00349222690522, -2.268666730625639, 68.75947501967622;
  -8.253092490526651, 2.313576721063603, 12.18018421788841;
  -33.02202048255533, 1.25106952562722, 45.89251713304184;
  -8.081053474262044, 2.311030991069983, 11.96259040177505;
  -7.449948434151687, 2.329575435342454, 11.17580055425553;
  -13.60996017440758, 2.12701178567921, 19.61949326366522;
  -14.89289849803484, 1.970084897853662, 21.38876987633046;
  -14.82095815700196, 2.063440885620635, 21.29557921208592;
  -11.46113473744145, 2.147070814233574, 16.68807174391736;
  -7.516421054638818, 2.297072031909955, 11.30976063366835;
  -7.093980921135334, 2.309481156649426, 10.73977923790033;
  -7.38921172454311, 2.318279383834546, 11.21476549052138;
  -15.2334804951622, 1.930302983578004, 22.12300487050084;
  -35.33423407739349, -3.422348551291801, 50.13323394723167;
  -31.51691666050326, -3.764407569876653, 44.83798419999852;
  -7.067736525358795, 2.340186993513763, 10.80412741797401;
  -13.77316898501666, -2.109377652061514, 20.17339328665183;
  -14.64038820762342, 1.982551342710213, 21.42710032066159;
  -7.9159805707065, 2.277408560375013, 12.04049229293385;
  -12.83492024823359, -2.137220343561176, 18.99470132669543;
  -8.253902338177047, 2.274762349792913, 12.61979463916518;
  -30.41215950587683, -3.638225577041434, 43.91855297866609;
  -15.29677929923158, 1.987878027449973, 22.60653847834299;
  -11.79100900051455, 2.111373711368839, 17.66416433939189;
  -6.609165251518486, 2.341305964994717, 10.32631989399257;
  -54.47326500032514, -4.643710317208421, 78.33791512012627;
  -7.663608673306745, 2.273081396761681, 11.90231885304722;
  -6.917916012367569, 2.340514788591958, 10.85040220639275;
  -7.596280292578918, 2.310930156289086, 11.83315972810031;
  -11.488692187151, 2.136306304821323, 17.41532642739912;
  -14.98545932945556, -2.264151190567113, 22.4773736034277;
  -60.15857921211154, -4.90711022100846, 87.21960451463501;
  -11.8450309445177, 2.113715078983081, 17.96597029234161;
  -15.11847912668671, 2.018109838468235, 22.68590081117169;
  -14.00937949181799, -3.643103760922922, 21.22598623816909;
  -8.260839991738983, 2.31530641207708, 12.89748256196039;
  -6.385341075683732, 2.317395596357974, 10.21737766913159;
  -51.52854323498239, -3.129027095826779, 75.63714881459839;
  -14.93531196622381, -2.30162759614386, 22.68768105916542;
  -6.502461811808606, 2.323398158683344, 10.4290540172813;
  -7.043363706559524, 2.285952268036072, 11.22598392677263;
  -14.42471930478078, 1.947888065551534, 22.00920004259981;
  -14.80544218179375, -2.0619042593671, 22.66688173692506;
  -53.72533315467063, -3.008935990923618, 79.64454321996364;
  -57.06523620951561, -5.527364009039166, 84.85151060073508;
  -6.165901679140728, 2.290167789339168, 10.03177264609425;
  -6.878314609486452, 2.316048428379967, 11.08684803141739;
  -14.764871099657, -2.290843694631045, 22.74314477629837;
  -6.534139385540364, 2.289102342259419, 10.60236246826292;
  -13.90313208746348, 1.983520438574601, 21.63793663512137;
  -7.438445694954159, 2.313506062206961, 12.03365268007308;
  -53.33512282364541, -3.633454710811709, 80.4555299433795;
  -6.395138190535739, 2.298534618624835, 10.52374169258914;
  -7.119732684376827, 2.340312593865119, 11.60927662192575;
  -16.14069612495278, -3.005910555685742, 25.15094619007095;
  -42.23568500098111, -2.324864187828877, 64.48766279767882;
  -6.300155452168457, 2.261390302669494, 10.46891475136942;
  -15.44431157269153, -2.883270171035773, 24.3167490312391;
  -6.736149229602935, 2.320977619889225, 11.13505042588287;
  -14.37415589253012, -2.368966555009961, 22.71532639554777;
  -14.84856725341805, -2.10986079330484, 23.48651308469143;
  -6.98588933975136, 2.303235117455692, 11.54987278467955;
  -6.126630648904074, 2.29455872328396, 10.27392583529313;
  -7.153440527015727, 2.305045563860261, 11.86058483469689;
  -21.70272807168352, 1.005732513624221, 34.13558566080985;
  -54.32982374944211, -3.418675184715177, 84.25569131694563;
  -7.748133198108786, 2.296781369856865, 12.85291775218338;
  -6.974684223550095, 2.300440630648319, 11.66737780203688;
  -8.161624224921944, 2.232045209494813, 13.49151941761823;
  -14.63432125674211, -2.305584496082755, 23.47587731023392;
  -20.8991337916751, 0.860180887606492, 33.09543501047671;
  -6.792636819448513, 2.295540511318352, 11.42693557838476;
  -6.36835950010861, 2.290111912577451, 10.7751937956335;
  -15.35664052500637, -2.467605771103981, 24.76949904187909;
  -9.005301443136823, 2.242495058933241, 14.91547883527883;
  -14.62503374848851, 2.196481662173982, 23.62500687657494;
  -7.341967233054572, 2.306042199878199, 12.35799029517117;
  -11.53979646504232, 2.090528121016943, 18.87528821777745;
  -9.256537357217226, -2.931114206350566, 15.37774515874166;
  -15.15394767339228, -2.499014962225798, 24.61194154113676;
  -14.57227707079927, 2.070035073270205, 23.77240295605769;
  -65.14714656780321, -3.42853167002363, 103.5135323453551;
