m=[-44.75324177597459, 0.4126855805432743, 55.35895297345383;
  -7.709906492704197, 2.365145788315139, 10.51294256274394;
  -59.99265432037599, -1.025768819944375, 75.71285566898564;
  -8.074024700352968, 2.337932743069581, 11.08596226765126;
  -16.81196154893632, 2.152070971609023, 22.21240060796315;
  -16.63188379190822, 2.211510309144427, 22.00083182817654;
  -17.21115840132773, 2.204760350445633, 22.90751920270467;
  -7.89270953449135, 2.338287937673032, 11.0413088204553;
  -48.88715519431695, 0.2180986954889152, 63.60512997967119;
  -8.020885420106692, 2.327181350378873, 11.23869982563845;
  -75.16685486360748, -2.383741082999836, 97.5636113961193;
  -72.53870627304207, -1.907026692586517, 94.66152699605971;
  -7.213184849609898, 2.278663431629937, 10.29234621757643;
  -7.564986556762578, 2.340989085643956, 10.76672942827476;
  -53.7138507352781, -0.2094435666830743, 70.84402515053169;
  -52.04898581398188, 0.1522507091337615, 68.86275061169728;
  -7.104246962133589, 2.319958276164459, 10.2680701826603;
  -7.454707696986115, 2.332898201697588, 10.73219775841815;
  -8.218058668649389, 2.34396630859126, 11.73961430131116;
  -96.36915020721263, -6.535582432359198, 127.7690544558682;
  -14.92771103870058, 2.231852505024828, 20.67186814867322;
  -55.03225731035094, 0.2904831971325552, 73.68705500834949;
  -7.217928632741368, 2.36219420358723, 10.49991407334947;
  -57.62522417733332, -0.4653218168080014, 77.38900724372179;
  -32.82820563732201, 2.337743285238071, 44.68723619707723;
  -7.923062696150947, 2.334043839860037, 11.52892552823905;
  -47.76119018570245, 0.9890758877871787, 64.80078812576743;
  -96.1243662329429, -14.20138157653985, 129.5042434711318;
  -8.013961537207839, 2.318482017503365, 11.65976808597491;
  -62.74035974615679, -3.236387878996181, 84.9397898390551;
  -52.8814880797168, -0.5183021757972214, 72.33418704459453;
  -88.12066328736181, -3.042353875227084, 120.0780607086997;
  -77.0366642583064, -3.383882432536887, 105.38034415797;
  -7.541489996078566, 2.38521255184059, 11.16794899227825;
  -8.263335541293417, 2.293855005353313, 12.15961768607419;
  -16.38708980723339, 2.219697284907011, 23.27258736953137;
  -70.53243410456284, -3.786533441587524, 97.13648933457858;
  -100.7261419690309, -14.81045619452651, 138.7664345163859;
  -50.76563421473682, -0.4015796175385248, 70.41648297062291;
  -7.979114697906427, 2.324807779168402, 11.92033537640647;
  -47.00750392998308, 0.7365658283395296, 65.7252716824769;
  -51.1670352710043, -0.04732712520860834, 71.63456175717823;
  -8.819551221036351, 2.322416919558397, 13.12628837714061;
  -92.55776803848032, -7.414634619994827, 128.9951919144174;
  -8.582229919347796, 2.35587641185892, 12.81439732145781;
  -13.99420385931951, 2.264426645273736, 20.31467117077986;
  -15.68508136751784, 2.351602974595495, 22.74689407887534;
  -8.109212019144135, 2.293400232900452, 12.22731625915016;
  -7.96781904172101, 2.394591350412946, 12.05271593274948;
  -15.96260891012799, 2.238051267936653, 23.21234539502125;
  -66.72665895657553, -3.771878937004341, 94.37414391945326;
  -92.2570140887475, -12.46609533792414, 130.1229641150665;
  -101.0329360482221, -15.57790427795232, 142.5425440491673;
  -6.690672339540583, 2.32346688782686, 10.31348875248631;
  -193.0494260116329, -31.28399949057208, 272.7103436595505;
  -14.27309273556336, 2.160542849789277, 21.04818248987647;
  -10.5049413547599, 2.298513538964668, 15.74756690891779;
  -13.84293779676505, 2.34050089102828, 20.55419314397786;
  -52.7659015187553, -0.8212314704007796, 75.85259059908179;
  -72.78475908783652, -1.729538838606183, 104.635400638439;
  -37.18547788408954, 0.1084519151668676, 53.92485895139453;
  -67.48003722475437, -2.292570448543108, 97.19530028099889;
  -7.259122577137908, 2.418167922962876, 11.29666884298944;
  -37.5175883166104, 1.038621426683753, 54.51240084601422;
  -36.84787449591085, 0.4597104440016779, 53.56498521572012;
  -54.1297749263639, -0.7037407676012749, 78.38596998735974;
  -73.40629803018214, -6.164767102997432, 106.0222115623234;
  -63.47533769239809, -3.791433173437406, 92.23897663236951;
  -7.541235698100008, 2.378494287066554, 11.78094060660845;
  -46.82821346026051, -0.3815622719740304, 68.45639865541888;
  -13.79841250035888, 2.248308821258914, 20.88648490230557;
  -37.79210422790959, 1.914698528133169, 55.58875594433577;
  -6.962234099846167, 2.399258317216158, 11.07171895551695;
  -15.12433523566094, -2.384330130651897, 23.01254983184849;
  -7.289232627703714, 2.427821440546665, 11.5667986301181;
  -7.488934327362291, 2.376154231520028, 11.87748052384348;
  -12.91565457481386, 2.308396188059929, 19.87941416521456;
  -37.73560714736441, -0.4094008330026021, 56.31300742112358;
  -15.23308311667553, -2.289604314813443, 23.41610430990103;
  -62.76943547250934, -3.641773441978669, 93.54876133544862;
  -7.450614647360931, 2.358909918752311, 11.93268275125735;
  -16.82483166787463, 2.234317305602288, 25.9026309695078;
  -38.47029516176635, -4.019903590061926, 58.04290722169188;
  -13.97487808477958, -2.156796073963428, 21.72382779678229;
  -33.9746905411662, -3.264459893045054, 51.51077304755425;
  -7.650420440101607, 2.350403473608998, 12.37875386066596;
  -12.80615567714581, 2.307751476979697, 20.11144125394083;
  -6.397011342071571, 2.345836138881218, 10.58056014196894;
  -11.63597240273143, 2.288984766143249, 18.61926731226876;
  -52.73326286535008, -3.04037909399045, 81.15434205033914;
  -16.6478283680265, 2.330208957254322, 26.27482641297347;
  -18.31552259564749, 2.328747607333468, 28.8161798504923;
  -7.783903199514937, 2.414637893948437, 12.84255449879759;
  -15.29145136190819, 2.337764629461343, 24.35018586267383;
  -15.57561622437865, -2.379884962940477, 24.86996991923057;
  -6.023022760873193, 2.264656722775436, 10.20863961492203;
  -15.67961202162783, 2.21326798938981, 25.15293508169594;
  -70.39676840346641, -4.65296748082558, 109.7447544849816;
  -62.5968492543294, -2.770781935583881, 97.8993255989095;
  -71.06747675957763, -3.825154131258971, 111.5715891553726;
  -7.909183462804455, 2.415377357234859, 13.34526417652052;
  -7.917963671555455, 2.418058736103955, 13.36007913255968;
  -7.710211001599971, 2.313281417367831, 13.11176899446396;
  -76.76690312269851, -5.277552475362687, 122.2305470223026;
  -14.78724540478868, 2.283825641980811, 24.54312702429162;
  -78.63939853621071, -3.766712496643435, 126.8164684310713;
  -5.934028466239419, 2.31569152250865, 10.44734974257083;
  -7.018165762899, 2.434547258310715, 12.23361176232991;
  -8.18054313097751, 2.379605065292391, 14.19916193445834;
  -7.416440121709884, 2.368724662703016, 12.98812934896439;
  -9.548390489166728, 2.326756492308496, 16.489857951472;
  -8.160435279902158, 2.351316995080032, 14.28661356880033;
  -6.075749484886734, 2.366962357894369, 10.9020019550227;
  -81.12568138865947, -4.566566253363356, 134.4229105698422;
  -14.12248958380938, 2.237033488976614, 24.36072142544267;
  -5.817650280379182, 2.209179058453493, 10.59351304217144;
  -6.613400328850858, 2.368169057852844, 11.98675404923153;
  -79.42971917398398, -7.901904883958745, 134.0465234003614;
  -80.82027825025975, -5.429359779315653, 136.4742837733918;
  -8.173566427175043, 2.296183086287695, 14.64719067031971;
  -6.794641318180045, 2.375290540656118, 12.35813974051973;
  -5.647881214587108, 2.286634545469847, 10.49122978984857;
  -6.262390390492322, 2.390264914142561, 11.54661017993182;
  -6.309597986319785, 2.367126034669647, 11.64352891126729;
  -6.917087967919657, 2.39537278748741, 12.67499940268051;
  -7.222569089571578, 2.380740796795292, 13.2026828298196;
  -6.724366430335268, 2.383980980770391, 12.36896954090456;
  -5.73425397724321, 2.524179132269295, 10.71178672382046;
  -15.53711201176639, 2.426075533028665, 27.46125172405662;
  -5.496490811202751, 2.345970704650203, 10.34319277826995;
  -5.26143712003599, 2.314998452576344, 9.960872447136776;
  -5.966449439693542, 2.31106233317682, 11.22698971296091;
  -8.090782814730401, 2.343614097774597, 14.90701929399519;
