m=[-3.867985511183715, -1.083873049959649, 5.810078606382093;
  -3.832170918395836, -1.05097663553425, 5.821981621926465;
  -3.840665658491199, -0.9845848999286463, 5.841209349883965;
  -3.868271712136846, -1.070657666685347, 5.941325602144675;
  -4.956535574690481, 1.048645302553873, 7.386871745288698;
  -3.94590281097614, -1.117714792824509, 6.089979055075358;
  -3.805846925919735, -1.00339682811841, 5.960073851046915;
  -6.189447664292328, 0.9016611328590645, 9.122608053109445;
  -4.535251335146056, 1.052836070971433, 7.023019794687479;
  -3.704504178298911, -0.9352549026742164, 5.929432613175602;
  -3.72043652526771, -0.9821758217808574, 5.977789373328795;
  -3.679183195390166, -0.9029878200384293, 5.999309149366729;
  -7.214045066901011, 0.924391731541115, 11.34012180340671;
  -3.589067867717148, -0.9146622859955641, 6.145936827548663;
  -6.773364058628766, 0.93802837284269, 10.81538557630211;
  -4.337176981990606, 1.083981478486949, 7.394179087836064;
  -4.723881516304173, 1.037983664440538, 8.102453025257184;
  -6.904471614378885, 0.934863877908052, 11.38944213535203;
  -18.26508961607359, -0.3045010006243775, 28.53537211766169;
  -4.591322258961124, 1.032682081498659, 8.047023755037401;
  -19.58532552931987, -0.6597427643040422, 31.47198916797019;
  -17.18222772963429, 0.1278715159951949, 27.81052166864012;
  -18.08260276805428, -0.8357388582761839, 29.23083939616769;
  -17.29182739679162, -0.2872651199939964, 28.4728830064231;
  -19.81832300320566, -1.373083434493116, 32.93479423006585;
  -22.03752344360026, -1.438568345880742, 37.07505926622321;
  -19.53957111729972, -1.055760392803709, 33.45924676868683;
  -12.97316649043658, -1.549994262651881, 22.91479269156601;
  -20.55614875822413, -1.56620498377828, 36.94814146032091;
  -21.42681704433594, -1.939195361154438, 38.88373348422557;
  -3.356072873951168, 1.069042152091783, 6.982152034953204;
  -21.04467251903731, -1.066292607641067, 38.5434141132567;
  -22.49362163819696, -1.99054188295584, 41.53237138421198;
  -22.75295347638494, -1.400537187789705, 42.4781798461884;
  -3.311338284272668, 1.081039994135082, 7.060722086087374;
  -5.22231783284025, 0.9934599329541973, 10.89574319860261;
  -19.80377711233399, -2.055512839815817, 39.52325753598288;
  -3.821609107812451, 1.062030046536526, 8.91640089033838;
  -2.890246403272082, -1.469533766315479, 7.047850679738762;
  -3.739431822061957, 1.061396120980561, 8.91123114651942;
  -9.238932456780519, -0.1046194287024619, 20.73670367169185;
  -3.756404771774121, 1.052782268888264, 9.372497689815043;
  -3.45339168667703, 1.082559251035227, 8.783593988630249;
  -3.614343545644332, 1.059027863570717, 9.19565985939041;
  -3.74990980623541, 1.057847308394714, 9.505339253972819;
  -3.071422881910485, 1.081312950236116, 8.099173315375023;
  -3.354149128469212, 1.089326783706202, 8.76492552982155;
  -5.029826706145705, -1.205607067665832, 12.7176770308893;
  -9.113959511415974, -0.5241284087356091, 22.38204574023355;
  -4.394082080898332, 1.003389954941227, 11.31428751751357;
  -4.276587393071804, 1.02636090652462, 11.12775042909271;
  -4.013283661586875, 1.058713466684817, 10.54362891713454;
  -2.997865069680616, 1.089094348892378, 8.173177696994836;
  -4.247881654595054, 0.9996117149469873, 11.20784307787723;
  -3.745781641872807, 1.050004288502624, 10.01496928607029;
  -4.833892039662206, 0.9822807937008461, 12.82404784902048;
  -2.404895008701677, 1.089310529878663, 6.941980462438333;
  -3.431482351640036, 1.070467270777745, 9.487549521417561;
  -3.587594785734088, 1.068498231996636, 9.91475890359003;
  -3.860824260162113, 1.008204686565276, 10.61835377317702;
  -2.167675843043349, 1.134652484118011, 6.408349371106695;
  -4.585785117037994, 0.9673448825712546, 12.45231168145509;
  -3.662659520334839, 1.04423384194916, 10.17519850497997;
  -8.106243406996738, -1.341643867677811, 21.48133988610154;
  -3.330182052405439, 1.055460317601633, 9.443052934208975;
  -2.289557874106345, 1.110332223367075, 6.918235149428653;
  -2.461124751953994, 1.072153654488228, 7.389152139731425;
  -8.813221846058344, -0.9608530414346935, 24.12812219766446;
  -2.46178579269862, 1.080431739078168, 7.517974914748974;
  -3.111894178869546, 1.049681314750458, 9.266973764246346;
  -6.801394272412209, -0.001159925614139706, 19.14017348217384;
  -2.221934119107783, 1.095719383310973, 6.932172226252425;
  -7.835380316194327, -0.7485478881502474, 21.96210939213603;
  -6.703688263694092, 0.04066711374532313, 19.06865874040536;
  -7.53531592713402, -0.796014082444413, 21.5329684376869;
  -3.136025394746099, 1.034463837089438, 9.557698734022994;
  -2.151105941796522, 1.123583681586855, 6.944086693672669;
  -2.497530993869094, 1.053136207381259, 7.919209759356386;
  -2.702160250062849, 1.084350408327875, 8.963483658351477;
  -7.029085474784449, -0.5749954247406202, 21.72923706661036;
  -1.849431861104037, 1.158313633544321, 6.532791104364178;
  -2.668747991942074, 1.07924911151669, 9.094143835824104;
  -1.807427690476992, 1.183690227924938, 6.52369524686962;
  -3.907646606996678, -1.471636245931648, 13.08220989278976;
  -3.157772158207197, 0.9094932697802978, 10.85609894212852;
  -2.983684414982653, 1.058301731359447, 10.42847009825424;
  -3.837248968224459, -1.469594327849407, 13.16022733216274;
  -2.085991628064034, 1.143040328871163, 7.652204869208737;
  -3.646596247318134, -1.548067901434826, 13.2391831540824;
  -3.49159678079049, 1.142928813531664, 13.27055314990365;
  -2.91908172487876, 1.143393322173756, 11.39924208928942;
  -4.248962581028435, 1.064371199339608, 16.38198508109097;
  -3.333285126209891, -1.490834386500909, 13.10249998373371;
  -5.704368738013345, -0.5415005615045334, 21.95932138182134;
  -3.364970709069463, -1.561039688930511, 13.38570971008145;
  -5.65465341654122, -1.626998224585712, 21.9767995389998;
  -3.412148309507902, 1.15766197598285, 13.66425213847343;
  -3.352045122269531, -1.436164924209307, 13.60322562504326;
  -3.25783873323391, -1.548796160139446, 13.28357365074148;
  -3.249443623609512, 1.218832455939313, 13.29184363417174;
  -5.499827541133037, -0.7684736346902756, 21.86910826406649;
  -1.920753646816842, 1.269300395304382, 8.388163826688997;
  -3.010931650194498, -1.65456624554272, 12.74197494035993;
  -3.176362401576321, 1.176421803868313, 13.45356711451076;
  -5.13858500364397, 0.2546717454047288, 21.2205575204796;
  -5.338837491456981, -1.214312632917841, 22.18764250613979;
  -2.315961146376849, 1.266530079012703, 10.2207084012465;
  -2.629754187144156, 2.062057089701687, 11.72338616717853;
  -1.177611789165703, -1.084041359443606, 5.80198513105274;
  -3.061561503975431, 1.174106644669944, 13.43814279482725;
  -2.734210257123215, -1.492721983938595, 12.55996540893341;
  -4.886687518493305, -0.5105637078585528, 21.75290147774844;
  -3.097534436820822, -1.39891261295116, 14.32339260406579;
  -2.662892500868314, -1.49970824293023, 12.53720797603407;
  -3.97272616976425, 0.09642703808980108, 18.2311666341969;
  -4.589774724103696, -0.2113177515708241, 21.25074626814413;
  -2.672591433993813, -1.582546681211121, 12.91136131643789;
  -3.349308503958, 1.10784545179375, 16.0761383839454;
  -2.194291246242933, -1.596601004319877, 12.59172497914752;
  -0.9984730521159645, -1.291988340430622, 6.437433922217153;
  -4.246527489769991, -1.849753200000355, 23.84725769812399;
  -2.183477432203984, -1.591793333824091, 12.78605655729994;
  -3.815724191031731, 0.03420297242289649, 21.71873212735373;
  -2.153792639280317, -1.620622212387016, 13.18899859279486;
  -2.504513999363119, 1.077558972502987, 15.14642682146269;
  -2.034995824248946, -1.9774105821369, 12.64897550866189;
  -1.982256294984084, -1.67417133254266, 12.50215851739987;
  -2.844534871940665, -1.803714126827057, 17.68733553647515;
  -2.846079450987888, 0.2396826786830134, 17.87732847588134;
  -3.580303746745579, -0.3216637777739206, 22.69952561646098;
  -2.694362043217246, 0.8637409218848252, 17.60005919347863;
  -1.762446809002204, -1.627712048013888, 12.56428352448767;
