m=[-18.60126531666473, -0.1887199858973682, 23.75815681195994;
  -14.56553202219875, 0.658743375254168, 18.89386585873969;
  -18.4010152322221, -0.3560242559867446, 23.63915195810485;
  -4.147126454628713, 0.905411264296032, 6.18203000475443;
  -3.577312994409709, 0.9628051948471538, 5.471058679623679;
  -18.9145153368769, 0.01005699768638044, 24.69352660859964;
  -18.67474180656262, 0.2201263800110157, 24.40119729249634;
  -3.878099592107451, 0.9477395469496683, 5.956273945925767;
  -10.03368132425433, -0.7708650397009663, 13.86197971570418;
  -4.689487996477429, 0.8623115136409943, 7.391727398843464;
  -18.21393606239044, -0.2622071402052647, 26.29447101126239;
  -3.427995740765033, 0.9588989410116373, 6.013123708982223;
  -4.494260588188032, 0.8711078507502583, 7.998087855250191;
  -4.250168293139498, 0.9295149311463631, 7.782238571259975;
  -6.107774764656821, 0.5550475701212618, 10.89573547603981;
  -4.678356737049285, 0.935218306252073, 8.771658074223792;
  -3.777162464394697, -1.128920943357919, 7.502579353661764;
  -3.783805404226126, -1.206755353311527, 7.533932839323621;
  -4.236484971195705, 0.9663370630720307, 8.303337112864176;
  -3.735938139584726, -1.128840848985402, 7.494454639234431;
  -4.258831183731995, 0.9405151944218128, 8.384024314197468;
  -3.504425425563049, 0.9348726839922211, 7.128497651202148;
  -3.407738297325126, 0.9687161584362309, 6.983077760753229;
  -3.717368089022551, -1.11117896638499, 7.552627255068324;
  -3.697243835251495, -1.071518382181376, 7.564523365652623;
  -3.804983177306339, -1.19727048461903, 7.762376419969871;
  -3.803122444528751, -0.9620480247519025, 7.768227728339372;
  -13.45510134231818, 0.06365843893730425, 24.905199486256;
  -21.8335248336323, -1.748979532258138, 39.85784189387804;
  -19.71203112209474, -1.415271791467657, 36.13953060131897;
  -3.379799119445754, 0.9652906789737353, 7.0295843536069;
  -3.598375275271482, -1.011020765108208, 7.535327047205519;
  -19.50496184121635, -1.348489494227998, 36.3740883756246;
  -3.622057878031186, -1.061537275647382, 7.594546992670451;
  -3.580390320214558, -0.965624734044651, 7.526204630108293;
  -13.94178970916145, -0.4962703555878162, 26.41005683758344;
  -4.389991372803448, 0.9261561269156274, 9.011220038563515;
  -6.534446009978521, 0.8091681455900629, 12.93803512014981;
  -18.45981275379454, -0.8715924286129125, 34.89367058213696;
  -3.471926746896266, -1.01007803113859, 7.401679394073739;
  -3.551681015946937, -1.007266432864175, 7.56068589579491;
  -3.534138124281655, -0.8800328550406896, 7.557945542180443;
  -4.340932905806398, 0.9499738960360101, 9.058767567313;
  -3.538259054319557, -0.9193093670363323, 7.609775087771915;
  -4.212349115585961, 0.964437236904158, 8.916274680532098;
  -3.489081871271377, -0.941052426201025, 7.617306788893231;
  -3.563551445344527, -1.033890737887976, 7.76935847284255;
  -21.74478492629173, -1.649045628344404, 42.22913922343047;
  -3.372755851513043, -0.9391222467801512, 7.471897480640327;
  -3.517313547314775, -1.009764762772132, 7.78032859090135;
  -3.429617867198075, -0.9636618627048178, 7.655841271684467;
  -20.42927671793219, -1.351267735417822, 40.60904085581176;
  -3.508196884184665, 0.9785785533476752, 8.54684424772619;
  -3.674883369235511, 0.920798624479989, 9.056417432441384;
  -7.669730185700975, -0.1912105531684641, 20.53940454554332;
  -4.948515295753021, -1.426112763700639, 13.69630188522453;
  -5.294771120729248, -1.359862793571265, 14.62952874753203;
  -3.591835688693888, 0.9610166537984777, 10.35249137701813;
  -6.616086705196247, -0.09269268449189534, 18.89597202531423;
  -8.14214552113755, -1.016510455706992, 23.83230229245278;
  -2.377280424290607, 0.9733718480216638, 7.911547835390651;
  -4.543222749761313, 0.8739611464959305, 14.24528184845524;
  -3.690652417408307, 0.9353288167796898, 11.78933711813664;
  -3.966363207735733, 0.9105910697589331, 12.61839888268989;
  -2.386065852370888, 0.9631963201734932, 8.063397462032219;
  -4.068956711016789, 0.874607308424852, 13.13522734963803;
  -8.265213059466527, -1.574481940210879, 25.69800445541397;
  -3.158201853265476, 0.9375972621416779, 10.54757330923609;
  -3.196675393121, 1.020186578167802, 10.71522600032267;
  -3.628049373445044, 0.9053506184586356, 12.09975818823668;
  -6.172551304819338, -0.1284584111766606, 20.02480859357167;
  -3.116588948562698, 0.9480716858749685, 10.66099949529588;
  -6.431047140091031, -0.116871772001975, 20.96007786244809;
  -7.599292317257552, -1.492783939259466, 24.85098256516435;
  -2.247614931687417, 0.9924262485468446, 8.110465579132306;
  -3.399704874175292, -1.401471860787318, 11.84635030673088;
  -6.784588706381006, -1.457734064699878, 23.17655351391621;
  -2.820225667329382, 0.9631003425109647, 10.22836574194649;
  -2.226024902594556, 0.9925044998931493, 8.341907774504005;
  -3.365390086444526, -1.459962234588494, 12.2609712531462;
  -1.767425347531474, -1.497501073097456, 6.969218261604863;
  -3.61250360168319, 0.9225240795715368, 13.23217029516344;
  -3.409110737367562, 0.9289878407451053, 12.58764668992374;
  -1.750262933120163, 1.082755789933375, 6.957200542538527;
  -3.081812844172472, -1.323583639321075, 11.55422800865446;
  -3.64668840902775, 0.8958647563008982, 13.47249782187343;
  -1.612452676136975, 1.204581209540467, 6.652853806924916;
  -2.12578414216139, 1.925513961417526, 8.691851671572039;
  -3.027579639942235, -1.346215432027459, 11.88495646829851;
  -2.971966963736405, 0.9504080703093109, 11.69114979187419;
  -3.163154122898284, -1.493968800029544, 12.69482032837072;
  -3.21893203488871, -1.583899662522154, 12.89794468283311;
  -1.491622954667909, 1.209302377078923, 6.56404197415159;
  -3.111430870686768, 0.9534792337235589, 12.72334114600497;
  -6.210273213094805, -0.7062608296624653, 24.4135681072977;
  -1.471421451537308, 1.097641913108873, 6.585345461441053;
  -3.092235500857612, -1.510395415155914, 12.79013428799247;
  -2.722368596984445, 0.9485994177229428, 11.36790516494128;
  -1.942514020748138, 0.9944666300559176, 8.673931936088309;
  -1.864553871471257, 1.039696418580544, 8.5039231961568;
  -1.786056299957629, 1.048664110314233, 8.200858134794476;
  -1.390811049952122, 1.207552613740749, 6.693833345672993;
  -1.402085607779514, 1.166455664774958, 6.821835522603688;
  -1.472333685812072, -0.9454842556150606, 7.355833220668398;
  -5.423876866379011, -0.7032207216148082, 24.2194652967525;
  -1.473110255378036, -0.9977463939590924, 7.395517038914844;
  -5.312437950406467, -1.801741672925343, 23.96157821964161;
  -1.882539701783329, 1.049295770248018, 9.169471635861623;
  -5.127713926882603, -0.9218656241462415, 23.69777453654313;
  -4.10974689827473, 0.7328611028054359, 19.40155293511153;
  -1.764493770866672, 0.9967118377767416, 8.922630611932879;
  -3.011236267926945, -1.508709239576911, 14.87182555323156;
  -4.877926208009122, 0.09779980828472991, 23.44897236732972;
  -3.641181150299234, 0.9901962996447131, 17.80876727030135;
  -4.945032565601073, -1.36290311990313, 23.96375932759969;
  -4.33618452895624, -1.827839222089225, 21.22154821036015;
  -2.938878243781657, -1.528973784906499, 15.00214978178645;
  -1.584656803771594, 1.151765930172997, 8.73616656961682;
  -4.637678133415739, -0.9221777786919176, 23.83731212642866;
  -2.199421613078538, 1.156587768256591, 11.9734017867767;
  -4.649128658881, -0.678174620224689, 24.28613072193389;
  -3.325351189401807, 0.994948933657024, 17.96173802601757;
  -4.528732828126428, -0.3723431814275536, 24.64242652957767;
  -2.42957648305958, -1.554394118144459, 13.84858695289297;
  -1.616910461063928, 1.175450409535655, 9.698790557337079;
  -2.358556979546592, -1.555523930762378, 13.82481517599452;
  -3.076232873207828, 1.006338712282034, 17.78761179534788;
  -1.714997718908635, 1.173146936671327, 10.42502159393961;
  -1.809202663786849, 1.173557940344636, 10.97372517102724;
  -1.031493734176178, -1.135482190293774, 7.261201588241493;
  -3.692031231448319, 0.5189157042086214, 23.30368168892252;
