m=[-11.0817728595696, 3.223351217059181, 15.17943227669114;
  -15.06060942402727, -0.6004486932670083, 20.3167538573144;
  -14.14998874825285, 0.4792277790987519, 19.24138149851006;
  -13.41994218106217, 0.9657384182674073, 18.4036397250824;
  -14.56205309044591, -0.6463979350154516, 19.89215292670361;
  -14.74866890332586, -1.022437860158802, 20.15792075822874;
  -14.20216422344431, 0.02492983274952904, 19.50781586764785;
  -11.37076373699815, 2.940278653813762, 15.92375902415914;
  -11.56027758211295, 3.06052986487716, 16.19648695128768;
  -10.97317597408651, 3.331913024458704, 15.4878626846197;
  -10.92820187777067, 3.103730011722177, 15.48024693795764;
  -10.80025923840611, 3.591047896461697, 15.40512547689495;
  -11.38991608057658, 3.005386805439332, 16.22081798579107;
  -10.83759645101229, 3.377773577245759, 15.53944331797576;
  -10.69725035163831, 3.557998102155648, 15.43955996919408;
  -11.09578600761065, 3.156635175169393, 15.99095843251613;
  -13.08060755238937, -0.6302259220724626, 18.60697792397026;
  -12.28029284227739, 0.498286947165207, 17.64064026717759;
  -10.92769880072803, 3.583533374378658, 15.90462242051182;
  -12.38639611874633, 1.080264060673706, 17.83355712955502;
  -13.42508209488335, -0.497918403146816, 19.23031544062675;
  -10.89704283478253, 3.356854273055132, 16.02034254026984;
  -10.85624623531179, 3.246487727018182, 15.9967395198076;
  -10.69224816607971, 3.262909460224339, 15.91185410717307;
  -10.75300141098585, 3.253568799478027, 16.13339874529685;
  -11.72217174075557, 0.434384119404565, 17.44548153625983;
  -10.81625483723466, 3.502708024455619, 16.32306743599713;
  -10.33301156371, 3.471957643128949, 15.69292348911431;
  -10.50579459002648, 3.530290697047606, 16.09180222527195;
  -12.15266288570226, 0.06181742432610558, 18.44088942802664;
  -11.94667153354447, 0.194766336830499, 18.26064421654179;
  -10.69870477495224, 3.53400434631117, 16.53936688091672;
  -10.82976856419876, 3.50074954237361, 16.75219282635401;
  -11.5189864671466, 0.3304504042237805, 17.72564554470457;
  -10.48013703199355, 3.508065049963158, 16.40365199213424;
  -10.25886386506089, 3.502630838353273, 16.25767298148472;
  -10.76701455173108, 1.263942975891279, 16.97429885269663;
  -11.33678401111295, 0.2931638514863587, 17.84200309120262;
  -10.45773170834248, 3.517705708797015, 16.69700173017143;
  -10.25328354392419, 3.514976725321347, 16.4357359568844;
  -11.15465327288167, 0.7109989088462042, 17.72584216042468;
  -10.47175458113012, 3.478557387576357, 16.80019111112627;
  -10.41386343268382, 1.00145316506294, 16.65564324976068;
  -10.43101485158611, 1.242877062990098, 16.79266470201109;
  -10.25892572878311, 1.117891512094657, 16.55919464820594;
  -10.8003046027055, 2.210859460621657, 17.47911767824453;
  -10.3922407848235, 0.8685509864675008, 16.93866566273035;
  -10.47946010351345, 0.8019846124228595, 17.07840834606686;
  -10.24213991080936, 3.491488348108696, 16.82876309499936;
  -10.21147510792674, 3.526202382136566, 16.93647855328968;
  -10.13335897505781, 3.459142020969368, 16.87873317258374;
  -10.13965331130332, 1.311035500250181, 16.89380107248785;
  -10.0871908010355, 1.597174142284818, 16.81857892282092;
  -10.66908703923336, 0.5640713644320623, 17.70209117394569;
  -10.10911085949141, 0.8739095242601871, 16.90610319737359;
  -10.45132517112307, 0.3198600896812237, 17.45788378517894;
  -10.11525113266734, 1.054220951911959, 16.94871618463403;
  -10.10806996490438, 1.484500211285258, 16.95394968177473;
  -10.1004810551886, 1.352128591873448, 16.97350211810542;
  -10.31329286914368, 0.6639665051707954, 17.30729178129749;
  -10.15569140756413, 1.848354499180885, 17.09636425715987;
  -10.17971394919569, 1.006143755414711, 17.15161292304423;
  -11.16600988704906, -0.8395797127278286, 18.69920325455239;
  -10.1516986592147, 0.7334294018883155, 17.13123560080158;
  -9.853025794462726, 1.813151669490773, 16.78085693827827;
  -9.995996080610867, 1.29880899814202, 17.01071109216364;
  -9.930631144735825, 1.194506780952537, 16.91496515915651;
  -9.931002370669539, 0.8616633877713165, 16.90429124760642;
  -10.06263122603995, 3.441414508297085, 17.1734291911773;
  -10.04430768748195, 1.02805771391142, 17.22331579133626;
  -9.993587572285206, 1.132032716254588, 17.17497049425655;
  -10.49633701413516, 0.5214734733862377, 17.98702445415985;
  -10.36611870134433, 3.055271581575509, 17.84175350025368;
  -9.91937131686695, 1.672066941966331, 17.13237937717733;
  -9.754412503917266, 1.179666111024563, 16.89716730976739;
  -9.847950823230447, 0.9757376160859437, 17.04995528424818;
  -10.34468687573847, -0.311835682518028, 17.83290822201235;
  -10.04621747036671, 1.876354993761, 17.4162272473966;
  -10.34591208377203, 0.349777147213806, 17.87478250217814;
  -10.02517984433496, 2.310247413175015, 17.41703082175285;
  -10.50203893814186, 3.202477593945592, 18.29977851782808;
  -10.0668675393403, 3.431613026455635, 17.58961547970118;
  -10.47206066575329, 3.430387635956913, 18.31646144554437;
  -9.852680863134555, 2.383069175446984, 17.24231558238872;
  -10.06533016376871, 2.318130930711996, 17.62495146031925;
  -10.03641030736176, 0.9435283752613655, 17.57915023234766;
  -10.61510290375463, 3.362923851153461, 18.6255062750982;
  -9.856520448665011, 1.033506987865548, 17.3347234828205;
  -9.946161902157339, -0.228255090110678, 17.46699946224632;
  -9.990569385341683, 1.679894531247201, 17.59565188162062;
  -9.888356959192221, 0.4465280554874392, 17.39647759825036;
  -10.30651070395848, 3.06458599438174, 18.17048048203303;
  -9.148885963560865, 3.64780973421425, 16.32659141556606;
  -9.739845173380054, 0.8335120439119779, 17.29020502002607;
  -9.773660651722556, 1.171435751814491, 17.35653582536153;
  -9.712036258348292, 2.096706249062719, 17.29792330516165;
  -9.557830326245695, 1.697555754609724, 17.03204596824588;
  -9.821371138258746, 1.663114792625956, 17.5048172903646;
  -9.754666154235752, 1.551373873385242, 17.4090672442505;
  -9.81499554723302, 0.742022298483237, 17.50164912299148;
  -9.598238018705278, 2.113713427021379, 17.27272280730859;
  -9.88461266569994, 0.5644503850513027, 17.75577390239583;
  -9.551548757153974, 2.326374473126269, 17.24104569003838;
  -10.14265020101396, 3.53106342194364, 18.35223535889678;
  -9.822535360137822, 1.626550902350743, 17.7551838186395;
  -9.557079430171358, 1.50080625638067, 17.33932827223855;
  -9.980444757658155, 0.3688783865204865, 18.03214627017856;
  -9.55258059415333, 2.070931870674696, 17.33689127111561;
  -9.632504076828194, 2.254119515297529, 17.5055672108496;
  -9.642374793626882, 1.063075631365175, 17.58953895769342;
  -10.13651640853762, 0.1335692635177338, 18.4642899672892;
  -9.21632720840047, 3.683129091818415, 17.03968277456199;
  -9.597702750857113, 1.570509327791316, 17.63607469715135;
  -9.451953328920123, 1.464311236937731, 17.51198638217055;
  -9.455701192868732, 1.896174112837291, 17.55318781593255;
  -9.436024798662295, 0.5099613520627556, 17.49102524195599;
  -9.567757182135544, 1.23494601462517, 17.73742385470597;
  -9.665207063236005, 0.6164402899801761, 17.93416877642225;
  -9.423441378092807, 1.041540042672973, 17.52030926958067;
  -9.844185899979543, 0.4599805394631401, 18.29628442727114;
  -9.183213867523895, 3.635790587754259, 17.22499342504618;
  -9.376519798737043, 1.411550306314336, 17.52349038022817;
  -9.503052586689176, 3.662410628043223, 17.80935921807021;
  -9.550272860462453, 0.9905966438217383, 17.83922469392951;
  -9.562515057853691, 0.8566110928611778, 17.86536908612584;
  -9.372562244837546, 1.676841684797266, 17.59061421313934;
  -9.801117426781753, 0.371904621141407, 18.3246064542758;
  -9.244219408559523, 1.365402630240659, 17.39584863540642;
  -13.95486149002492, -1.510180988692329, 25.6916113699616;
  -9.446488902602921, 0.9558613469413461, 17.78418647956734;
  -14.24257419174943, -1.728607067902731, 26.20782797580365;
  -9.417061727103825, 1.293900126208344, 17.76642752346529;
  -9.041990064723375, 2.272317918050749, 17.11367223934753;
