m=[-7.564701238005031, -1.731122941131397, 10.17260727697979;
  -13.3882128254575, 1.594249730055947, 17.38871304105267;
  -8.109594957106932, 2.308849288430894, 10.96057842040747;
  -7.459872922840932, -1.776539431512459, 10.16116798499654;
  -9.945308726333964, 2.243889631382757, 13.27385596893036;
  -10.73933248837968, 2.234810757020598, 14.29640229622206;
  -8.140222261142254, 2.338164722871895, 11.11724748621685;
  -7.358231408188818, -1.637131325151733, 10.14731833596755;
  -9.351437493745772, 2.334773219353305, 12.64563820269673;
  -9.690812423015345, 2.329518115393748, 13.10487510420091;
  -7.369534501354695, -1.755163051546201, 10.21399105811145;
  -7.53927489690124, -1.824393637585406, 10.45212439885518;
  -7.327946427815047, -1.555053128901307, 10.19357801940728;
  -7.28510262839197, 2.199453518965252, 10.14815847054646;
  -7.342280237079411, -1.759325364975509, 10.26948721871746;
  -9.673929337002274, 2.375894155565025, 13.27220690159529;
  -7.33229073013373, -1.627998085053416, 10.29873082601181;
  -7.254031285756128, 2.260131287947, 10.24691737497776;
  -9.924703709015757, 2.211717416764832, 13.6779964020933;
  -9.813967118087655, 2.329894596911528, 13.59301517927439;
  -18.57636411014392, 1.877233736434678, 24.86228652100217;
  -9.888371684903682, 2.321102679879792, 13.80712631954206;
  -18.71457674225489, 1.376467778800644, 25.30823246306025;
  -8.527218775819954, 2.371665180873534, 12.10262864225688;
  -8.677994365414172, 2.363466028347339, 12.30893237155899;
  -9.761280745946728, 2.327484234880425, 13.76901464830825;
  -18.40013032467614, 1.79243752470088, 25.09675589743317;
  -9.409026203745011, 2.293327845854567, 13.4070469700866;
  -8.976148750171186, 2.321729745557123, 12.89072557360597;
  -14.78538066981164, 2.034621560220213, 20.657829911275;
  -7.335063350560077, 2.30790484018371, 10.75518921608757;
  -8.798034917471016, 2.288902558033922, 12.73934863446388;
  -14.06693763744604, 2.094505588114688, 19.87082469367964;
  -16.34466122215297, 2.035786534993995, 23.07367035042224;
  -14.68923491876082, 2.091874727580967, 20.92924411786042;
  -8.503243567735746, 2.335136733652797, 12.54682429508485;
  -9.918014237657188, 2.265304118714791, 14.52125115806822;
  -53.98730402356264, -1.335255906256904, 74.98485712489722;
  -15.17001905451538, 2.179276337346861, 21.83676419364685;
  -17.05416375328743, -2.041196636164025, 24.60540817167681;
  -39.20561542647337, 0.9006918585604377, 55.50817506326773;
  -9.713859075050996, 2.273481159698535, 14.51950030346096;
  -43.00164300996681, 0.2470744361885458, 61.02853218654686;
  -16.60560719775888, -2.043410640186052, 24.1718432129617;
  -46.03961881498465, -0.2793806529348523, 65.3889858838657;
  -9.138903104001427, 2.331204151265692, 13.78953536274117;
  -42.57491432022147, 0.01173054290910613, 60.65601986639065;
  -50.21995152905821, -0.861341516913046, 71.68277507928413;
  -49.74215555727668, -2.648675496174421, 70.97457880741004;
  -9.284720417441449, 2.339616107583461, 14.10639168386237;
  -50.45716517370001, -2.197945867836471, 72.56756631744482;
  -9.274041551867322, 2.282904144806045, 14.20590460361311;
  -15.57329508843871, 2.045804262906736, 23.20580263127574;
  -41.61683911945007, -0.3526788674810508, 60.35115757229664;
  -7.388114977933673, 2.349055595647961, 11.55837223670414;
  -29.29393238290094, 2.147319696146996, 42.90350767103848;
  -52.71819498195685, -2.77217652537664, 76.41275341522626;
  -6.623244445031579, 2.317886590537044, 10.48026423810404;
  -7.905465685681013, 2.386249737944496, 12.32013126007606;
  -48.82440115904296, -0.9710823274305286, 71.14271745654112;
  -9.33061574123005, 2.2789419697885, 14.40374784858629;
  -14.68151761337441, 2.156575886591208, 22.1317769496928;
  -8.927678237211222, 2.29871321656152, 13.87465379684213;
  -8.133424160655919, 2.28767223130738, 12.73682259351213;
  -60.87567349594115, -4.813959745822849, 88.98259517078036;
  -7.86526292831012, 2.338942230034635, 12.44783577073319;
  -6.623229959343828, 2.294458184284404, 10.64125268930227;
  -39.785607697481, 0.04800389631999485, 59.08734554341412;
  -6.332326917252862, 2.285949982580864, 10.25842079032383;
  -50.91611309280216, -2.837616258764979, 75.83634487039309;
  -62.49121979528091, -7.937112452040957, 93.10976160563781;
  -6.266059409756919, 2.304330256833162, 10.23111822407088;
  -7.623970975715345, 2.336659256287538, 12.28929365197186;
  -52.40446840334624, -3.807567277304865, 78.69124262568275;
  -8.685689641668363, 2.249345669375747, 13.87496636477366;
  -63.42175489429631, -8.630595248680907, 95.20244943418268;
  -63.10675111556591, -9.88886611734034, 94.73035763539896;
  -6.338458685529833, 2.249349762369128, 10.42408531292661;
  -9.031376737996785, 2.282262411745862, 14.46246090493446;
  -46.92153491130941, -1.080817919698462, 71.13260793853014;
  -39.48567059019226, 1.023236237816428, 60.1394638375543;
  -43.03336565961462, -1.447586275107277, 65.45222626691091;
  -8.276906334172969, 2.305949226889149, 13.45689662835324;
  -8.209196990726969, 2.343874334098114, 13.37880996960455;
  -50.25618020912542, -2.984960311032979, 76.93380951567896;
  -7.645055067879062, 2.382300970116876, 12.55616836638973;
  -31.46351515087505, 0.9162796784030334, 48.87761606626881;
  -31.70190650097898, 0.4109779940696683, 49.29792514184872;
  -44.54948117474581, -0.3179540241355267, 68.95922279305727;
  -19.05697660055126, -3.73570863826375, 30.08992647932371;
  -17.69481788770244, 2.125293674411416, 28.14233424483246;
  -7.863210833261481, 2.250785669801745, 13.06501722990392;
  -49.15604218397058, -3.976362369780873, 76.60902116239784;
  -20.23055587184182, -3.47512563563334, 32.13850698447334;
  -8.702002135510519, 2.263387993328685, 14.4223861060704;
  -18.52797594711205, -3.373929930792186, 29.66763416500163;
  -6.551491426197066, -2.16467580548938, 11.13716864530668;
  -19.41253610258903, -3.792171148001193, 31.09005408011843;
  -19.60749534198965, -3.226000884105017, 31.39856382192094;
  -5.990429524874548, 2.248562289713505, 10.28827246421448;
  -44.05142463030435, -1.968078032680124, 70.12505992563467;
  -6.734233073225989, 2.271390939480462, 11.60791518839054;
  -60.91893556445658, -3.38595580221314, 97.16719086849328;
  -7.513629488530322, 2.351507517823608, 12.92722272767762;
  -7.043754707026028, 2.300432788497008, 12.19906260772293;
  -5.987415626554723, 2.253864587693894, 10.51873612638612;
  -14.67856415022824, -2.17886988915775, 24.5017768613428;
  -14.83561279335865, -2.029008366223856, 24.8368154004527;
  -15.61018897846556, 1.994481209226797, 26.10002042595304;
  -28.23873726908464, -2.478893955473961, 46.38160775076438;
  -29.58511085168732, -3.119689167855801, 48.6415180428876;
  -49.49206858306135, -1.146614349162858, 80.92161168755733;
  -46.99134691409984, -1.626044143096387, 77.07711795843962;
  -29.75680816412412, -2.744881096299189, 49.39098682855618;
  -14.20313291015602, -2.145839610535398, 24.1223679673003;
  -52.99486981652014, -2.82903464547942, 87.4266406771832;
  -13.18622083277503, 2.196518839655377, 22.50974410001228;
  -6.886140059047021, 2.357552737433985, 12.23062974677174;
  -8.07683476698975, 2.272767677378504, 14.17543382182983;
  -10.21340545551812, 2.271318672692269, 17.70646223478269;
  -7.148671282538676, 2.391445707235093, 12.70828005753366;
  -5.73246174111331, 2.270558389701169, 10.39784047688149;
  -29.19773939822873, -2.801706782873696, 48.87759538505377;
  -15.45734801790578, 2.10030159060639, 26.50040857029929;
  -53.53511716325892, -3.6701622777782, 89.49061861185773;
  -8.004271700140151, 2.238726046908977, 14.24454701539281;
  -6.620756201692731, 2.389763094056658, 12.06110824726581;
  -5.686210966425259, 2.308741755817493, 10.51415228140718;
  -7.599510647061259, 2.318338812080526, 13.77510100251887;
  -52.30890619315313, -3.386419370758429, 89.02842654310511;
  -58.37659694799438, -4.560837670244287, 100.4229221371794;
  -7.649855368832213, 2.33372233641382, 14.02902525789325;
  -7.037259860111053, 2.362243334380224, 13.01792076044099;
