m=[-22.23074641576016, 0.408255664546447, 26.71475056379266;
  -25.44592684299766, -0.2586588006014346, 30.55811947959108;
  -19.69945977379666, 0.8700746194533935, 23.95820215652167;
  -47.61694523559334, -3.883299648863827, 56.88164369566415;
  -24.71269215709908, 0.1391894638295921, 30.06454384103251;
  -19.92653661043435, 0.7032641229835125, 24.44192107376141;
  -41.72741377978826, -3.378181421120947, 50.78706051455983;
  -4.967036770615368, 1.461375404467444, 6.89038882309105;
  -42.92741370303612, -2.432190640765939, 53.6243052847105;
  -40.02699417789744, -6.064849119423382, 50.10798502043382;
  -9.557981927847372, 0.7954154412006256, 12.70970580204098;
  -40.47645892647775, -7.204676776635543, 51.16938636019101;
  -49.76209925271078, -4.253467868219012, 62.7316506458299;
  -42.86082426581052, -5.472651235365331, 54.40277902784074;
  -40.47701346156294, -5.923763505201575, 51.64666342579224;
  -38.44142432110133, -5.282750102942967, 49.14568396310624;
  -39.23190203655209, -4.563577621099978, 50.35777024615506;
  -40.68080552661392, -5.542382013602197, 52.29706370809441;
  -38.73238022885354, -6.483589343748504, 50.33359555088862;
  -38.49227496185272, -8.065065622783326, 50.50489721265237;
  -40.89388103103398, -7.714511837956497, 53.62563669819998;
  -25.80067430633222, -0.9722450772623772, 34.8849812055174;
  -37.65945743116284, -5.421035245799015, 51.61776826989188;
  -23.50162419515837, -0.7642510788513663, 33.96425796592371;
  -23.4345323760107, -1.435684269784023, 33.88468830521723;
  -33.23274082235045, -5.015725080678418, 47.89721374226593;
  -33.27173591305066, -4.334359767362331, 47.99044627650373;
  -23.45544719335666, -1.327335528877773, 34.22778171974815;
  -33.4467170252553, -4.606134248409938, 48.48406976450853;
  -34.27615129771642, -6.731026948768903, 50.1009128727352;
  -24.36633385208188, -1.591012521457738, 35.92951593718378;
  -33.25350253664112, -5.211419122972369, 48.75760941120804;
  -32.30637134316329, -4.259470223802436, 47.40989257250722;
  -24.06669945832875, -1.127281256353469, 35.64833724299831;
  -27.28772911525289, -1.569772067519361, 41.46302435790375;
  -26.04774212167839, -1.125008118879248, 39.71414836558017;
  -26.62632691448666, -1.828368527675185, 40.79197660544072;
  -10.02197856303087, -1.164179282734516, 16.36702007100697;
  -6.764830819831417, 0.2577013064981829, 12.82646066023468;
  -8.937488002915359, -3.10119596676522, 16.68721519391266;
  -7.719346477853659, -3.472791318219669, 14.59888798386845;
  -6.407252365721053, 0.5069098042248273, 12.59624883169207;
  -3.436776302356271, 1.384349730404295, 7.162699697085163;
  -8.487193386876756, -0.6931332101462452, 16.43408362864251;
  -6.362968861816772, 0.8248060672505752, 12.59237780972126;
  -6.319801518150052, 0.464708695793461, 12.5120759168502;
  -6.694392565940391, 0.2657246478146939, 13.4252837285421;
  -4.904048971125659, 1.342962017345784, 10.11813844108018;
  -3.052415055644968, 1.388378970238917, 6.816556937913535;
  -7.670312680380789, -1.136658159422115, 15.84171241536468;
  -8.509820416403667, -0.7711910327294423, 17.52708340134646;
  -6.385643427105617, 0.7674941656766694, 13.382541079348;
  -7.707469439938721, -0.6107761327558864, 16.30155101367081;
  -8.086577413983418, -1.255306564518852, 17.58311052723935;
  -4.428456211292798, 1.330647366869012, 10.1151440297992;
  -6.79615898368654, -0.687292000228091, 15.83048510066784;
  -4.277108509650564, 1.339803271081791, 10.36468915230493;
  -6.973556336648395, -0.4409961093346655, 16.37995463058534;
  -4.128491810932074, 1.329292715888592, 10.22912539140764;
  -3.116647699437863, 1.381442443746433, 8.158363832554592;
  -3.715643404101876, 1.334547304976065, 9.661408341593148;
  -3.961834601718531, 1.324156370342892, 10.554517045501;
  -4.566319084052601, 0.7991403659849141, 12.25284805688717;
  -4.425750086618077, 1.195930601469061, 12.11576312054463;
  -4.410950338451976, 1.135429263418143, 12.16143255519201;
  -4.349532511992729, 0.9948637877718266, 12.09003108415706;
  -3.079660735609823, 1.35823920247008, 8.815273417178171;
  -4.262797572425632, 1.110184478353675, 11.97203432032993;
  -4.320290083794006, 1.141746319102153, 12.12693729860687;
  -3.389793184325312, 1.37606321943652, 9.920213483715521;
  -4.208738533497775, 0.9719225661559793, 12.14189244765201;
  -3.22259719844823, 1.373943253271443, 9.555776056710942;
  -2.914847836456992, 1.354361582297991, 8.73053416570863;
  -2.799747466666122, 1.372628391678879, 8.507286557344065;
  -3.650785581782182, 1.332535295559871, 10.90274850219606;
  -2.816081506181881, 1.350847305726613, 8.692883654681962;
  -2.702574115627573, 1.355431556387988, 8.437095186902877;
  -2.765963952071834, 1.374017852107433, 8.673767175903263;
  -5.437844162609734, -0.4588578024574795, 16.39860091134561;
  -5.509149088946817, -1.697619551548677, 16.64600215354275;
  -2.635789483517595, 1.374657614333815, 8.453814077965067;
  -2.840792306130307, 1.368199116047145, 9.057281387511786;
  -2.944446779703321, 1.337346753070283, 9.469301164515294;
  -2.806028284551355, 1.367685598991766, 9.092335827523936;
  -2.795120801983702, 1.377487756326825, 9.206995677462617;
  -2.828564233127719, 1.350545155812965, 9.382526258665999;
  -2.685717449072153, 1.400435741516603, 8.947062742937931;
  -2.567282665205866, 1.34481777830402, 8.922628393874993;
  -3.048345210987467, 1.394770177678868, 10.49109612600437;
  -7.509486865660023, -2.447453356867088, 25.03533993783623;
  -4.306766930713611, -1.471022523985862, 15.02338133812021;
  -2.39128869136679, 1.332370213258178, 8.789927494252229;
  -2.257122453414829, 1.383285603814351, 8.378300536069959;
  -2.33733734029412, 1.348055390920851, 8.644012840872877;
  -4.631556133589066, -1.692338993851174, 16.40242513930943;
  -2.933967542614953, 1.328277782174697, 10.70079789035988;
  -4.626838843429844, -0.4567087097995762, 16.53913849620607;
  -2.81762919320094, 1.324307380507697, 10.51534577261923;
  -2.293536232892133, 1.357090055187286, 8.807368686153868;
  -4.204110018433223, -0.2110208540708269, 15.94390661298191;
  -2.418002822081704, 1.29892951513942, 9.511276176284561;
  -3.231095231715765, 0.1421771313744772, 12.6297498844562;
  -2.227548178472625, 1.506967830863694, 9.058926877946737;
  -1.99927360537918, 1.358639619388915, 8.332879907026781;
  -3.514165363495406, 0.136485233924506, 14.54775742877142;
  -2.213767632102982, 1.318182354076529, 9.513704507539314;
  -2.15577254897826, 1.356483628011565, 9.433544957437999;
  -2.012318314201594, 1.345854260857593, 9.10313586647424;
  -2.406986306912289, 1.126056703023098, 11.3270197864937;
  -3.459563846832226, -1.829758711296503, 16.27359413128092;
  -2.383303729110618, 1.125863506623473, 11.44178938840846;
  -2.339475667135549, 0.9825614928173, 11.34794244979916;
  -3.438450883057567, -2.775869232956123, 16.46639428997833;
  -2.327667810869973, 1.238383230677365, 11.45869293614621;
  -1.986770504404746, 1.35032342647485, 9.87280998393385;
  -2.26269763357522, 1.034083267134761, 11.24450875529249;
  -2.946843150185496, 0.1875520594357592, 14.47924298037309;
  -3.114940568710098, -2.503900620893256, 15.37503956767695;
  -2.30074820129146, 1.229704120522228, 11.57410256715072;
  -2.23469840381804, 0.9062830683614565, 11.27628051212939;
  -1.431260815389942, 1.381637925437913, 7.537242839722622;
  -2.209312196831465, 0.9537095096756757, 11.3127272180625;
  -2.778173453590231, 0.1814671896699051, 14.09824526008675;
  -1.843253789414186, 1.352224821349748, 9.640724028659983;
  -2.978934187190552, -2.371923667910783, 15.89356637352516;
  -2.092450480027238, 0.6740059887087576, 11.74651035969966;
  -1.997583172909693, 0.5406155574610968, 11.32238452209704;
  -2.726926325020033, -0.2319518236064072, 15.36289038286299;
  -2.026431818970428, 0.5080160127604338, 11.69516009499755;
  -2.030570827531537, 0.7097277315647356, 11.80972670657085;
  -1.951950678715345, 0.6035020464087548, 11.65688145900939;
  -2.795151298092963, -2.095983905762747, 16.45059725558884;
