m=[-14.74863291232731, 1.895129548039606, 18.56341731190423;
  -7.45065772378859, 2.244257609048674, 9.92944274425119;
  -52.38207145343053, -2.505227695593196, 63.94197599365201;
  -35.43031609116689, 0.6240504818827469, 43.82931653885883;
  -47.34423972884876, -1.97778450997256, 58.62308902534216;
  -48.29559903023319, -2.072615678898334, 60.01266686614825;
  -38.45049008799256, -0.4367808067958076, 48.01420062430655;
  -7.666455357451821, 2.261315888730525, 10.38334598564376;
  -12.35078825626759, 2.008934673841791, 16.17598637503544;
  -16.32093979588544, 1.719392839859019, 21.13619493981323;
  -7.397883810371283, 2.234010485232412, 10.13010604410882;
  -56.79903384518527, -4.780130863001104, 71.48108007943036;
  -37.13334204251979, -1.166845850735122, 47.11425292346877;
  -7.256016997739954, 2.250291661280459, 10.01437669969458;
  -8.216861525503646, 2.210219083526412, 11.22153449615915;
  -37.41997797581021, -0.9954972743396791, 47.68136691944021;
  -13.35742545826099, 1.879253038917219, 17.74381980266515;
  -9.960648406825177, 2.098965553033239, 13.50745706058535;
  -14.07028853464628, 1.908507283737163, 18.67501098791634;
  -15.3892504265848, 1.763046067242665, 20.42659697243001;
  -41.24747236538195, -1.612281299115401, 53.23643872553867;
  -7.370161314405321, 2.276027660461482, 10.32683503815699;
  -7.567162853785657, 2.240407605820033, 10.60824027428968;
  -46.16393097583637, -3.228179066966127, 59.88028718998942;
  -37.10854940938997, -0.6948553031067736, 48.40708621395552;
  -11.35291445612086, 2.075345669087266, 15.49599774472196;
  -7.177607126673929, 2.287201073134138, 10.17425433187412;
  -9.301235938473385, 2.091922408159466, 12.91889648633559;
  -8.07650526738194, 2.194583261409616, 11.34774519029367;
  -52.53834045097039, -5.144906608703378, 68.50702807858144;
  -44.90408368336924, -3.993255665265156, 58.87231172060531;
  -13.03031156866284, 1.941063913564223, 17.81556305813576;
  -14.19176985832473, 1.812607661670513, 19.3662250870096;
  -14.34821992851316, 1.922049027382717, 19.58110114504657;
  -7.854516303207692, 2.216365018564756, 11.20860949754275;
  -29.49450527575134, 0.2883355646624348, 39.3918338036888;
  -37.18650238523885, -1.235423443109572, 49.47085787921361;
  -13.49757739332939, 1.893255447448851, 18.60266024883611;
  -7.662888576979309, 2.272920018416927, 10.9888902408106;
  -46.06605552415827, -3.383191157255781, 61.27339778147485;
  -33.13716525331008, -0.6846824545605008, 44.47808297892494;
  -8.027707555387876, 2.213442541774401, 11.53641224555715;
  -6.801004494998449, 2.265045140086037, 9.958855888928605;
  -28.63317872796004, 0.9392690989105531, 38.77219895308765;
  -11.1652382806191, 1.942312262624469, 15.73141594241218;
  -14.15846334214992, 1.847539646025924, 19.689148037962;
  -9.124188324613833, 2.081010865658168, 13.03902150402561;
  -38.33222947922744, -1.61334458882388, 51.7726907890695;
  -30.18956249392805, -0.7164338976387271, 40.99514899187355;
  -42.21084683123299, -2.131017656821246, 56.95249414988867;
  -7.52724386336182, 2.262819609000717, 10.9724741083016;
  -28.55511534823502, -0.4617732390902338, 38.87619607097314;
  -34.56290742705045, -1.174763392352942, 47.13519812005278;
  -11.23421744441962, 2.034656813149842, 16.00479591855561;
  -11.61263059537109, 2.016146805836038, 16.58365531835939;
  -33.47941406028461, -2.544372852808399, 45.96130436364967;
  -7.357764345648563, 2.25674812779146, 10.89345212759003;
  -13.66132182084489, -4.524455555622108, 19.40170240606158;
  -27.20232661139467, -3.41053860013562, 37.64568132389733;
  -7.165883841325487, 2.328523045487116, 10.66154183075382;
  -27.203949709205, -3.330440348360763, 38.24017947482965;
  -8.847053981902516, 2.177397293952032, 13.12219266951903;
  -13.12869242900394, 1.906686090531843, 19.03168591889426;
  -7.001660929469896, 2.227296014418889, 10.61186403830985;
  -13.81173260233599, 1.7917566522313, 20.04748869438647;
  -31.49149081453955, -1.852843443395597, 44.49385986012569;
  -14.07042728827135, -2.022479346691211, 20.49360093765571;
  -7.003898973586382, 2.280475025103713, 10.69370777031099;
  -6.838706604765891, 2.282660307464099, 10.48050793814172;
  -43.1019227596575, -3.954425363300858, 60.88506399428324;
  -14.00446851835879, -2.24051796521839, 20.52354997068244;
  -7.422675190546748, 2.265189342693199, 11.37234960094537;
  -7.743925571485068, 2.260688156063281, 11.82239823543048;
  -14.22179927958069, -2.096670892849478, 20.96554874836877;
  -43.81097665166799, -3.802549146482031, 62.52223022487384;
  -9.124067814531953, -2.919562905859966, 13.87740172873007;
  -13.99449263861213, -1.925921203781653, 20.75327362067781;
  -7.487809867790802, 2.309335994103695, 11.55601290049556;
  -10.50557973136632, 2.076713517814438, 15.82419639196159;
  -14.27352443982451, -2.191415584386643, 21.18384630918477;
  -6.886382500183815, 2.310219259913063, 10.72207174340576;
  -13.80923139537763, 1.87024825087356, 20.59996668202625;
  -9.009949299808083, -2.938246541546003, 13.81445315298765;
  -8.767072489917231, 2.142355968004485, 13.51493784961547;
  -10.86321719455848, 2.033290149372293, 16.52234754699006;
  -42.44745940315118, -2.616056688478027, 61.86201596479391;
  -9.092348838257911, -2.912431064001112, 14.04946758096003;
  -14.12960024317093, -2.268985516283311, 21.29470404152245;
  -14.26424906433698, -2.100832992583802, 21.49730646161169;
  -41.60776655280119, -4.267682919381219, 60.85178082220119;
  -8.285806067292972, 2.122886215199785, 12.96877288333013;
  -7.354502488190481, 2.211066766936929, 11.65581728467394;
  -6.402260024093095, 2.236704780728271, 10.27905066713135;
  -8.24727380927402, 2.236348604918931, 12.96979238486998;
  -42.97584084943752, -2.785646728803044, 63.46877918374578;
  -12.62594857626639, -2.550883377109439, 19.37480820728718;
  -6.302117488378743, 2.247613033864499, 10.16228228945191;
  -6.481155983116286, 2.202590797088283, 10.42478280210588;
  -42.46985079144239, -3.156392098865551, 62.96709000413959;
  -19.38033707129729, 0.7776897588586472, 29.46398701518671;
  -13.99297336494019, -2.076685121302938, 21.60243644982366;
  -11.52605805402185, -2.979293667810975, 18.01585184377129;
  -19.40435113658071, 0.6814651075373344, 29.6740717467331;
  -14.19644053337503, -2.521296749473766, 22.0461362700719;
  -7.221805374395127, 2.184146388351114, 11.72046612112401;
  -14.07616317232263, 1.913264332619572, 21.91703093072448;
  -6.923367109850752, 2.200578474102704, 11.28155825433028;
  -6.956495146623421, 2.214413173423463, 11.41049067409009;
  -6.649935738234934, 2.239421010086722, 11.00519154714298;
  -7.789044484464556, 2.161286022128179, 12.72957227155052;
  -5.829136738409108, 2.250413967180136, 9.774902082959656;
  -8.702789911923805, 2.124017308180012, 14.19191918722038;
  -13.65484501008438, 1.948273485930897, 21.85551499822942;
  -10.26974187298881, 2.058097595865692, 16.68120934903917;
  -10.93103867257439, 1.97897447705282, 17.90079072639371;
  -5.847847085860519, 2.227481724299578, 10.06607347229944;
  -10.46081600401943, 2.068486826320899, 17.25758581625738;
  -8.431002968357372, 2.07852449390567, 14.12745876213145;
  -8.546997897536384, 2.135005551210622, 14.33319503515889;
  -8.403086698296727, 2.126956922168967, 14.11980241857783;
  -6.603845584115788, 2.221839553754621, 11.4246280450106;
  -5.770508114369758, 2.222813952455438, 10.10758560921856;
  -10.25190035195209, 2.045520931648157, 17.2563006084406;
  -7.668347920248094, 2.193394234229699, 13.15870740250503;
  -5.533618831596779, 2.230892162367526, 9.77981478876829;
  -6.943003816800598, 2.178044658245099, 12.02886708172037;
  -8.382090702875045, 2.099081100790151, 14.33715580168816;
  -9.171530114017484, 2.046727049548424, 15.64788728212557;
  -7.344710737488082, 2.179327168765143, 12.76188659859698;
  -6.296328500510722, 2.2034251298765, 11.09161478551193;
  -8.382572309119398, 2.03236346730674, 14.44403623605064;
  -6.493002451154496, 2.224571294133667, 11.44513537701009;
