m=[-47.38633547416462, -2.522903179868445, 57.27600570552072;
  -47.24555776148406, -2.276054451819457, 57.39937461449083;
  -9.021800139779046, 1.940986537286497, 11.73554399422015;
  -17.59588213038774, -3.842554972286353, 22.03239689364469;
  -8.833930733801642, 2.001653785235146, 11.60272857732246;
  -37.77847232313226, -0.4790346306104005, 46.63813869835524;
  -6.947045668338782, 2.060713453513836, 9.451325624144577;
  -8.393728133717611, 2.011937790497122, 11.2293131530009;
  -34.1495205776157, -0.4037144030376643, 42.85176053667513;
  -7.496961617201433, 2.109869536758668, 10.15634907835076;
  -7.616722760276581, 2.093693356896029, 10.33997970334364;
  -7.183118939771251, 2.085890631091505, 9.846839252232295;
  -12.39495394212927, -3.605268677960971, 16.37480472950193;
  -13.81488708397468, -3.013356796590568, 18.18451455032705;
  -8.328486359499925, 2.020546397579997, 11.34636543480861;
  -33.80808988594826, -1.582255065472395, 43.19703393754616;
  -10.62752151618653, 1.868857474540093, 14.23264846304913;
  -32.15277536615709, -1.263710820770895, 41.18956507963986;
  -8.549386422378484, 1.999639793440753, 11.67789516420568;
  -7.894047607611705, 2.056047772122102, 10.8734540480302;
  -31.3754519085725, -4.305083718616031, 40.49568320016071;
  -13.248627408856, -2.958039650667657, 17.73019268702247;
  -8.339420547947913, 1.937887484736297, 11.54597582025961;
  -9.412667137653935, 1.947664090181918, 12.91991437733918;
  -8.25191330639691, 2.032650221996647, 11.44737700483411;
  -13.42731465808668, 1.833184822535413, 18.11489224557832;
  -11.08346198403756, 1.917169650521715, 15.13412138387666;
  -7.319257717987846, 2.094163343856128, 10.32197123641327;
  -31.44558195469363, -4.08243197013091, 41.37502237513954;
  -8.0021455443115, 2.022384265946515, 11.24026998290118;
  -31.56023305694881, -4.621225645574751, 41.56456756808472;
  -12.18300574036277, -3.132793965418123, 16.65949726855985;
  -7.310989414810663, 2.083306692879505, 10.38352725163808;
  -12.73659852169658, -3.598400295266931, 17.4883773406412;
  -7.145581161605636, 2.082238235307608, 10.21378529224719;
  -7.205469145259993, 2.041742123384272, 10.3046104660073;
  -8.986667274248566, 1.937558267757631, 12.61518611770183;
  -10.64594083642777, 1.902286971534234, 14.79032981833555;
  -7.562734501279488, 2.033967053712736, 10.80315136830964;
  -7.34577790844609, 2.110288788912247, 10.5428120370502;
  -12.1916316228653, -3.726947442808555, 16.96027677151327;
  -8.544791325073652, 1.991123929967377, 12.14815285837355;
  -15.56609056129055, 1.791991393427275, 21.41086879996549;
  -12.07476933712262, -2.996075027786988, 16.88575418913055;
  -8.531698548735179, 1.912834325844648, 12.25040686643176;
  -12.87392057580827, -3.537831502800498, 18.03649392472478;
  -14.8822341478022, -3.033878386003095, 20.70181733350981;
  -10.39944860336352, 1.759304989987843, 14.75351905553615;
  -15.23080194284359, -2.554245517709971, 21.19054539788539;
  -12.65944678855358, 1.843686150392439, 17.7772151898662;
  -8.126699125380791, 2.069169398098127, 11.77104357399587;
  -14.40450929040197, -2.896019147439904, 20.17500645646037;
  -14.89128494477784, -2.907193827661324, 20.84580460650706;
  -15.0364263635669, -2.572749746426568, 21.06587646972749;
  -6.85487363720104, 2.092108914184676, 10.14629947458255;
  -8.093389885634853, 1.963834942263709, 11.8183038021639;
  -21.1041376914729, 0.3702195101005139, 29.3314051193524;
  -7.945729558778425, 1.979312508260003, 11.6518882671241;
  -14.53553937651555, -2.832905008297413, 20.58028617070674;
  -21.44496092190116, 0.2669901811869635, 29.99113139469535;
  -11.42764511108904, 1.861565368450921, 16.46170139668863;
  -8.171005507903349, 1.985945312080302, 12.10028183125198;
  -6.986155151246334, 2.091819501343964, 10.48912550314984;
  -11.90726075544882, -3.07082866442596, 17.24155278235304;
  -7.539597364854717, 2.031519517579858, 11.26214481801572;
  -11.19603312460097, 1.880957845592264, 16.3048759593069;
  -9.76119812554523, 1.829724446355748, 14.33939245705079;
  -11.56216876062507, -3.31211692651255, 16.84258927403944;
  -13.12678481201501, 1.847485681830402, 18.97986910462636;
  -7.189010212461628, 2.072818197790282, 10.84667376167187;
  -6.481745659256168, 2.127560587920943, 9.884390456720224;
  -11.03596831612741, -3.037744283734376, 16.2945445501015;
  -12.42315218982165, 1.83313990200424, 18.24229508170008;
  -6.510617297701272, 2.079536187661882, 10.03817162081802;
  -11.33461605267117, 1.840888556407507, 16.76583414006411;
  -10.74619832924199, -3.053551086841913, 15.9884508117614;
  -6.65470803140268, 2.077100087618193, 10.29003027449461;
  -7.019220521514638, 2.103805127853495, 10.81460386567624;
  -12.44476795023547, 1.854844017488214, 18.55905616685038;
  -7.685678095687464, 2.056496371133596, 11.83925269766654;
  -9.10198831514532, 1.893299104596756, 13.93990815177708;
  -6.789294626088864, 2.102410305604571, 10.64850332851269;
  -6.200994577142914, 2.149183608286428, 9.815676492266153;
  -6.096717916321214, 2.150013566717739, 9.695438554497242;
  -8.896630510364227, 1.94932185966804, 13.7416456154212;
  -8.617533625760798, 1.953821666703641, 13.34032733147464;
  -12.26904555259211, 1.848354963439501, 18.60242268582934;
  -8.784948469771967, 2.040517835818437, 13.6372551230202;
  -7.384576649778923, 2.046479458803033, 11.62343574070338;
  -6.103238870169395, 2.095741670248589, 9.814774996109618;
  -11.05792836693727, 1.851087013574822, 17.03560686609066;
  -6.5375604750337, 2.116984624034437, 10.4581487553787;
  -6.475764471592474, 2.03922535568746, 10.37688221771565;
  -9.628142814140738, 1.797757480408637, 15.0048169684569;
  -8.511354935972461, 1.991396059214287, 13.37874213432414;
  -6.602035731274098, 2.032811522606143, 10.5935282819107;
  -6.046524551783115, 2.144484028478896, 9.864260947198199;
  -7.288051413236328, 2.066204092344369, 11.70421106932128;
  -7.297411802581284, 2.023615538031562, 11.74043511156119;
  -8.436691942832647, 2.048341078464985, 13.43672634294841;
  -6.064883372096633, 2.082534033335806, 9.953933837307403;
  -8.562265148783403, 1.923771529167509, 13.69542807356563;
  -6.566236264779492, 1.973667723193563, 10.74427919703694;
  -8.147214675718098, 2.035572428043841, 13.13294285184202;
  -7.099672063364913, 1.992265663988783, 11.57799763430092;
  -6.310338985687573, 2.083929287798303, 10.416245473936;
  -14.12467247939074, -5.076466645472449, 22.21990703187445;
  -11.95520195595421, 2.016763167458731, 18.9511492586347;
  -7.679518676995693, 2.004261658166472, 12.54336541613046;
  -9.661547021937942, 1.921070970853555, 15.560804408059;
  -6.51111110870748, 2.049284338791451, 10.80937384434279;
  -13.06853783649564, -4.614484114494299, 20.8322180718276;
  -7.961665790631296, 1.982708284754074, 13.08054649775567;
  -6.103336938276248, 2.096419362444612, 10.30189877650165;
  -13.61836384301412, -4.071096549878488, 21.97112949509691;
  -5.755683236761191, 2.183186746620869, 9.83058623510912;
  -6.735917821466496, 2.070646664913813, 11.34686961238168;
  -7.692771185221922, 1.980645971077822, 12.84178914358218;
  -5.787736075770144, 2.125536059970738, 9.905612868965742;
  -8.828606372075479, 1.947528530137178, 14.65823597302323;
  -10.85643163307876, 2.084444678081486, 17.93092857914495;
  -7.022360761395481, 2.054628453692536, 11.94079437133473;
  -5.844340629726335, 2.12948136967831, 10.12055113938635;
  -5.779080940596305, 2.143836616243864, 10.0229714130125;
  -5.549566445460233, 2.172776493251297, 9.677621775752636;
  -5.923070568278892, 2.074242038756675, 10.26639051638772;
  -6.648494361886472, 2.065766878021806, 11.40792808880247;
  -7.990381440705474, 1.959433243315689, 13.53731443873279;
  -11.37169670316499, 2.064681597808903, 18.97084649152792;
  -8.104791902438846, 2.04946744311949, 13.87623279029726;
  -5.876060724976617, 2.127078240160805, 10.31206977478487;
  -6.832851955132125, 2.046691034677478, 11.85500912247506;
  -10.7675699462648, 2.04681503539771, 18.21447546792417;
