m=[-20.69172310849414, -0.7293726611883734, 25.76153992524298;
  -5.343157736250212, 1.028193525437211, 7.364293649816244;
  -20.91172116079562, -0.6352577964656029, 26.15360557745349;
  -33.33831615639048, -2.938522568801712, 41.47225461538324;
  -20.75787083071152, -0.6065072770340481, 26.3745502787371;
  -25.24807786869845, -1.853864054874858, 32.27854769688661;
  -15.68490748067696, 0.09351452240195853, 20.47021067997801;
  -24.85360974307866, -1.171889685565856, 32.04281095760138;
  -29.56146346714049, -2.724366274899359, 37.95295394509633;
  -15.40709626268904, 0.444723039442131, 20.379495715285;
  -3.884736480819147, 1.07092848534125, 5.871790566235392;
  -3.435366853321748, 1.080981001861856, 5.361885366516134;
  -7.429003730942569, -1.162115969828864, 10.53050195037904;
  -3.319316295027145, 1.109717882216446, 5.259629125119452;
  -4.318453966018192, 1.041613118806263, 6.568387000581684;
  -14.45894524391829, -1.829487402141804, 19.84186295123789;
  -7.298553754993757, -1.041248757545221, 10.49227559433259;
  -11.62661081687175, 1.547640482603762, 16.35671150492428;
  -23.70764034329856, -2.165970547737037, 32.54788068904013;
  -3.105989531898927, 1.097256420788839, 5.120948530206531;
  -7.335900184928939, -1.18967909873104, 10.82792401353572;
  -4.146656381348961, 1.066171086503189, 6.543120586745181;
  -3.185570573184549, 1.093740102017458, 5.248533687281132;
  -23.68233936791365, -2.280665070114181, 32.98989479934525;
  -5.973000518791811, -1.412290887232255, 9.057066744050657;
  -26.00360431464557, -2.194634952690015, 36.37450627676838;
  -24.90830165288759, -2.265165022352146, 35.06433854588954;
  -3.942552677311082, 1.058005457698303, 6.343859429799574;
  -26.76318633061746, -2.086817473091176, 37.69511444053131;
  -6.930301043912775, -1.111661231612275, 10.49630519314611;
  -9.960590620363574, 0.35709649903847, 14.67072457102145;
  -27.7857822392108, -1.735331219621215, 39.41188552346723;
  -4.19313942405268, 1.014423696539126, 6.752430514872801;
  -26.81701135666286, -1.791059261968981, 38.56259232040473;
  -25.50856229869825, -2.746915280461409, 36.7967895772934;
  -26.01229243227402, -2.344885462190513, 37.75328605825891;
  -25.58798282771151, -2.597586950102286, 37.15769578815367;
  -3.751855709051597, 1.069701373053874, 6.25536178221651;
  -23.37865138481028, -1.614043781429796, 34.06885655058413;
  -24.5051846940455, -1.947224203393588, 35.85757368098307;
  -3.140453049669079, 1.074633251376979, 5.446246688510153;
  -22.89141754935319, -1.516722996784353, 33.90394450044449;
  -5.461269421957853, -1.443552635864871, 8.842056309213918;
  -3.100024638027335, 1.052029194039276, 5.430110185701298;
  -3.120949448689958, 1.08592856612257, 5.473680966918858;
  -3.67531639903121, 1.078200068648928, 6.29029836613518;
  -4.856294763666653, 0.9915004044315791, 8.010769398270389;
  -28.52955303587774, -3.010141279118627, 42.77923862067221;
  -26.64543011233392, -1.996158060371121, 40.09226529448381;
  -29.99921632525765, -2.854053455142126, 45.42973629668583;
  -28.18951028750366, -2.036001126675977, 43.26484417275339;
  -27.48592678593825, -2.782203632065005, 43.11670872415801;
  -26.67393028173951, -2.491641418944826, 42.22028811014631;
  -3.38784715000041, 1.099695765275577, 6.200958972483802;
  -3.379700030711298, 1.0684303031899, 6.19222351690461;
  -6.073712402312994, -1.831307781271981, 10.69135269005882;
  -3.27059470527506, 1.072051593733226, 6.491375342294737;
  -3.888738520248901, 1.033721020618023, 7.597352611459373;
  -3.86931168960415, 1.036037523478514, 7.663740816872589;
  -3.680463186570949, 1.054948449702178, 7.357583277018512;
  -3.500193711221318, 1.055455909294, 7.111006556340766;
  -4.29832153014386, 0.9995249777988055, 8.531932075455206;
  -3.468283210124552, 1.036751298941536, 7.111524826882134;
  -9.670572896831164, -0.8509786519779083, 18.50675728488542;
  -9.626805265610738, -1.979388841943097, 18.51515335356608;
  -3.899742209606074, 1.072169552138923, 8.091252799368487;
  -5.479429463372638, -2.183138221441002, 11.03775986688967;
  -9.705912427401657, -1.091151774006813, 19.01536074499491;
  -7.594286014694006, -0.1435092039892864, 15.59410323712188;
  -7.49737524910997, -0.08856725456979682, 15.61255790243087;
  -3.841020216574341, 1.170909839591358, 8.451717926959127;
  -8.493628406347701, -1.439575293549115, 17.64433650968357;
  -4.208403355170975, 1.156657692888147, 9.235283781226798;
  -7.152315333282447, 0.4345929965616872, 15.08059033265827;
  -4.330319554181047, -1.547105620236482, 9.509201273658469;
  -7.580634895430026, -0.122749027765172, 15.94482987367704;
  -4.298771826312046, -1.590739131737498, 9.477027944109269;
  -4.325265250139332, -1.505218548742691, 9.533538133831391;
  -8.64303680549345, -0.5074033629491623, 18.25571588386475;
  -4.25527639296899, -1.677076367811292, 9.485942569870465;
  -8.880704710514594, -0.9820364941998609, 18.8017245009987;
  -4.31952349755335, -1.502755279773814, 9.634303028475935;
  -2.454953303058356, 1.255227428493547, 5.870839068688047;
  -4.170066182673636, -1.590046803632103, 9.388129427678601;
  -2.39541707040976, 1.256473481557209, 5.787751068455179;
  -3.492532654142165, 1.166644288204156, 8.027421843322799;
  -2.72637049288264, 1.278047322853537, 6.546883100663232;
  -2.426875185532653, 1.253474460516467, 5.932132113447884;
  -7.099251686402051, 0.366765536607106, 15.59331540742424;
  -3.975712013039886, -1.79127653457945, 9.194949683394382;
  -2.950891414545346, 1.280625314444492, 7.086057450077356;
  -4.063556055614028, -1.750392907276385, 9.478947395500859;
  -4.171288660107167, -1.642982826764315, 9.739811717673627;
  -4.08784878663475, -1.674549407566169, 9.56961769810383;
  -8.108049845817877, -1.608118910379822, 18.24403498604556;
  -3.462420662858446, 1.166805295433865, 8.486909212745353;
  -3.344112726759069, 1.197039683464164, 8.261722381672961;
  -3.614428597600603, 1.164261279674394, 8.881133241507358;
  -2.906180671823695, 1.23458940262219, 7.358733266583784;
  -3.76435099240848, -1.776404395933987, 9.401315312460566;
  -3.748379015580081, -1.655924552868568, 9.449154314838754;
  -3.329920164682984, 1.187689401042164, 8.526543493061746;
  -3.040610208201871, 1.196336907643721, 7.963368568080907;
  -2.611441281541033, 1.230208595049861, 6.975695098640551;
  -3.665787622139013, -1.779281575270377, 9.502425257160773;
  -2.509644574493194, 1.237004566631322, 7.008630931339956;
  -7.202386460140765, -0.7185907349444084, 18.42128243919852;
  -3.581782934844774, 1.120555838346576, 9.668187086796463;
  -3.61246569110442, -1.685152252580661, 9.804959561770684;
  -2.936829415052023, 1.19268294255201, 8.187629191130874;
  -3.60082379468491, -1.620354552202648, 9.884369756947271;
  -2.392443726662925, 1.234669407317839, 6.947913652515909;
  -2.946761374482272, 1.204737466705814, 8.352871352686091;
  -3.503615573319597, 1.123146690590972, 9.759959046783125;
  -3.131853695798783, 1.196785984739504, 8.963613783097284;
  -4.528287061369651, 1.032778598951153, 12.75324658659597;
  -5.383556168851543, 0.7990187547343314, 15.02206506994681;
  -3.033120009272252, 1.159897771301292, 8.890475240401781;
  -5.321921628822588, 0.6616544907255513, 14.96711406584031;
  -2.256329411908839, 1.231321521469506, 6.900823688015333;
  -2.222148098000985, 1.240089270847397, 6.817220641831868;
  -5.282482359505516, 0.8059075788281889, 14.96935915355313;
  -5.154524903038684, 0.7695219108604925, 14.6701926506849;
  -2.583395790771983, 1.19909432412763, 7.863024764643199;
  -6.526024580771455, -0.7622737295051457, 18.60260603862878;
  -3.947139606144677, 1.112615457518027, 11.61740687436595;
  -6.451152878467348, -1.014745134673728, 18.95200759611546;
  -2.095479759622059, 1.217715983935864, 6.851550037020517;
  -6.063382277574983, -1.43809007323769, 18.51892083679462;
  -3.42592834317852, 1.068208410237486, 11.50170325081801;
  -3.41524367319769, 1.068557169163546, 11.72608811941403;
  -2.605745696083545, -1.818797350841086, 9.207996550008909;
