m=[-7.494243131333465, 2.075192405293299, 9.861125355253023;
  -40.27656846550292, -1.901750487667687, 49.36464054413565;
  -10.77865997504987, 1.923895971656797, 13.93352287344808;
  -10.70226763985907, 1.940215253895637, 13.85655158549401;
  -39.16791268877744, -1.661720831402193, 48.27490661004067;
  -7.564431125370526, 2.078747938205924, 10.12267365417064;
  -8.95051198553603, 2.073083956795208, 11.89635983120027;
  -43.84038807321699, -4.08143131400294, 54.54482227257993;
  -6.663448525324076, 2.155783944014803, 9.144791059095526;
  -12.18620422883828, 1.868163976599806, 15.92797398943576;
  -39.60755628629217, -1.632974433725896, 49.58359052876473;
  -7.245953348036863, 2.105236223176911, 9.879721047660683;
  -46.01049726581996, -2.524255484792264, 57.58790910430956;
  -9.109556670740089, 2.021094226146638, 12.21919594377817;
  -46.59718391893694, -3.467983723884199, 58.50300657066853;
  -37.83860990080462, -1.374962726355874, 47.79422322581753;
  -6.8021233232739, 2.181479583242706, 9.428207386310858;
  -30.34622485926616, -0.1883090166802422, 38.82203046957096;
  -45.37547483863389, -2.708330316679912, 57.85517467413884;
  -6.92409406335626, 2.107647763987123, 9.728453370271327;
  -30.86197489959936, -1.25969381362035, 40.1696868478787;
  -13.85639437241853, 1.669042608873714, 18.57876429559374;
  -7.857385512748413, 2.080778643663806, 10.96231010949132;
  -31.38323356384532, -1.022864820795823, 40.93171586353752;
  -8.896328478879738, 2.012121312959561, 12.35837235739027;
  -27.79145138678704, -3.638011756238555, 36.63940986040168;
  -11.11679389012066, 1.808380402497806, 15.35754654002002;
  -7.767415741282087, 2.114581653363799, 11.03000827233085;
  -11.11025016132165, 1.893620384144176, 15.39120949776185;
  -6.626206014566599, 2.143985787425803, 9.608799584479453;
  -8.734121863773368, 2.009976210012305, 12.37639660864555;
  -28.0938254638612, -3.919573352972108, 37.75861706543851;
  -14.44189530803483, -2.258381115917453, 19.902053116768;
  -6.388011968135266, 2.197356544301384, 9.350057100992995;
  -12.0243983032505, -3.415757265193177, 16.78358824080103;
  -6.732461194576845, 2.127750621290482, 9.833458528002264;
  -38.69810912630899, -3.687642753147717, 51.94223781182125;
  -14.17879886181778, -2.233875288030599, 19.67783477457564;
  -7.32367049448798, 2.124126190617978, 10.63975728791123;
  -6.867857552781067, 2.097759082954922, 10.06398419879785;
  -7.337993420566438, 2.070794618286784, 10.71927857205518;
  -14.49370859796252, -2.384874043790897, 20.25177477763796;
  -8.294453253114112, 2.015687608909263, 12.0026646921414;
  -13.1232965994294, 1.703908233135566, 18.48001941360949;
  -14.62280757013737, -2.749263951819293, 20.49657358825148;
  -14.86641566974848, -2.597867920712238, 20.87669561264043;
  -37.96724738200056, -3.012104195989912, 52.15930190679183;
  -6.293430011644666, 2.157526937681073, 9.460093243789634;
  -6.76561847442961, 2.074413798616175, 10.11965788411315;
  -14.81553731813785, -2.456178060486373, 21.04741469130033;
  -7.464738177262279, 2.119830591590598, 11.09199343649798;
  -10.61973760797019, 1.886545346002611, 15.38593393569937;
  -11.94155172659479, -2.99460959793369, 17.22325118614411;
  -14.97990850944423, 1.800114878668979, 21.44821288570325;
  -6.589521432964578, 2.121026592816591, 9.985183995897311;
  -7.807418991921417, 2.058224927922047, 11.66116039385676;
  -8.05106823924498, 2.061033178072319, 12.02825852828379;
  -8.477035061081356, 2.002060215626673, 12.63800252913687;
  -6.550758940870802, 2.091197090727242, 9.994375519053394;
  -14.06313435669523, -2.459745235529881, 20.39905639881842;
  -6.681006192818872, 2.090964207966398, 10.19766538106586;
  -6.22081329058617, 2.158542789774198, 9.562781137256131;
  -10.43241398299555, 1.908672868688804, 15.37669188638153;
  -19.55557618905451, 0.4532746743328578, 27.9838546072052;
  -14.82085507640071, -2.405485519810884, 21.48342326351609;
  -19.69171572379133, 0.3538758996623888, 28.34120275303954;
  -14.32281466544775, -2.694852261906298, 20.91417719318982;
  -14.46710992242332, -2.385895383522621, 21.13200568798608;
  -13.04416341095264, -3.496394518905234, 19.15690961893036;
  -11.91259916886717, -3.111815783417927, 17.58074160547634;
  -12.42045235144577, -3.415431973629557, 18.29419463489398;
  -11.8637687965543, -3.473321843318388, 17.52172571721845;
  -10.44429289430929, 1.883466888597815, 15.52392705581381;
  -10.98085802830651, 1.780516641276833, 16.31424164551791;
  -12.97239612376885, 1.830350331409682, 19.12652325612318;
  -6.313625079357772, 2.138968165968946, 9.815477958175304;
  -13.82235648558397, -2.581585349632557, 20.43269077154088;
  -6.326813540429813, 2.119351010669072, 9.879517364580813;
  -6.517810200467946, 2.116462270230944, 10.15103320486084;
  -10.36638706125255, 1.919841844711925, 15.61244867912517;
  -8.176261336606661, 2.042687056566537, 12.59591923230698;
  -12.96933478642894, 1.876730932784514, 19.42861455156804;
  -8.870252015622208, 1.935225085156135, 13.6606354018489;
  -11.11732615172019, 1.864636873521418, 16.88661458977234;
  -12.43105384765699, 1.813473426873283, 18.83280027863267;
  -7.492449758188636, 2.053521400803421, 11.75003387766603;
  -7.937597893104386, 2.068050351310068, 12.40405990468538;
  -10.12947880591003, 1.84357815396722, 15.61797497128894;
  -8.056244568751115, 1.975298124493751, 12.65884982405983;
  -6.284164346233289, 2.065875193885113, 10.10004419135187;
  -6.331629115325675, 2.13230130332906, 10.19435396634201;
  -7.944051979132368, 2.005229630928439, 12.54744645696877;
  -9.851998828158346, 1.892433286164186, 15.35405898186089;
  -6.167604434081684, 2.136389734627841, 9.984493191595028;
  -5.799987076419684, 2.205669502281415, 9.491306225568968;
  -8.029978017162341, 1.983568738314185, 12.78926083111555;
  -5.872501230289758, 2.189399414094432, 9.615247403668549;
  -6.268085213875623, 2.038279745853343, 10.22508330889721;
  -7.945165993046315, 2.172237886937093, 12.76510485203368;
  -6.897219386603856, 2.102254397757287, 11.26846558704185;
  -5.83233701869551, 2.213828330543167, 9.692637478329663;
  -11.86166936860334, 1.85084920645805, 18.84090598596156;
  -7.610254621737459, 2.016266530369093, 12.48856203947437;
  -6.408753935404947, 2.118729521616806, 10.6809247186581;
  -6.127538215640344, 2.127240962007762, 10.25979234214142;
  -7.294851251942459, 2.088611697119757, 12.05260182059606;
  -9.089525179342376, 1.932112625732264, 14.80337244436048;
  -9.288697530556812, 1.886294085036607, 15.11871791801505;
  -7.768016301088218, 2.00590877242943, 12.81052404937592;
  -7.364912379995779, 2.00354813143167, 12.24669519310433;
  -11.43110466497229, 1.952696056364297, 18.46007066928273;
  -6.396322254310495, 2.07303004149815, 10.77584030253006;
  -8.860831172013153, 1.980721713994939, 14.56963540818766;
  -5.624864089962824, 2.18252008119893, 9.631703283633071;
  -9.463862871630974, 1.882577243350216, 15.57956338882567;
  -33.75035689491914, -6.736122518568703, 53.1154249657417;
  -6.125758749052173, 2.22935375640421, 10.44798912848178;
  -9.101190274021116, 1.916906107675531, 15.05317259009163;
  -9.388602695839975, 1.795391244018465, 15.50779482824225;
  -10.65514139864747, 1.869665811328198, 17.51643900148325;
  -6.824618303336369, 2.138403002679346, 11.60704572462043;
  -6.827529883473075, 2.077824583510343, 11.61794922181016;
  -6.308076602450319, 2.135100790316728, 10.8080003493587;
  -8.449177286867256, 2.01467629086247, 14.16642362378161;
  -5.913896802448996, 2.170655272182961, 10.2131348905074;
  -14.25032566918704, -4.988343586446756, 23.2626112238191;
  -7.304606421552869, 2.054825120440255, 12.39586124055401;
  -7.478611229831097, 2.013979425075319, 12.68299620471724;
  -7.698986461371648, 2.014850624634196, 13.05204909275265;
  -5.42765292309669, 2.234353922006335, 9.508365501346598;
  -5.757318184379145, 2.196894529392607, 10.08389433486374;
  -13.43139755209722, -4.64279392337713, 22.27266947639084;
  -8.709253877839972, 1.998014819684556, 14.81071013546353;
