m=[-15.09246465859466, 0.3395185556251007, 18.44557217348047;
  -9.061721061409019, 1.149634339089469, 11.51692431455161;
  -13.79676573922646, -1.335997212457477, 17.64447342630519;
  -14.00004595421031, -1.613551282845555, 17.89808250027848;
  -9.906364271956262, 0.4504408044812377, 13.02136263125637;
  -5.544714128743124, 1.340906064429404, 8.085298112150712;
  -28.30276743392086, -4.677243874808698, 37.32274070937812;
  -28.49353604276365, -4.191951663190627, 37.59235928037656;
  -28.51992938372285, -4.370699105377881, 37.77904283137705;
  -21.54520014971332, -1.770094089159582, 28.79959475454773;
  -26.62983755893144, -3.732995816319801, 35.50443536236671;
  -28.28151955440044, -4.392542159076627, 37.65326445547843;
  -22.63815912763641, -2.156651456527195, 30.38625855609254;
  -28.03889644897864, -4.792517194534525, 37.58604158349815;
  -5.380063390162177, 1.288929557940963, 8.002881196728202;
  -27.89504673402023, -4.143471962776319, 37.41899270940703;
  -6.06235509486367, 1.197616422542205, 8.939952529013503;
  -22.25795254596759, -1.931739133849074, 30.26704124934316;
  -28.08732942623961, -4.689250834527188, 38.58973344143201;
  -6.033984741922353, -2.213255428385739, 9.107382690747659;
  -23.47793531243564, -1.867414192252572, 32.72028534989077;
  -23.39407135804701, -1.548705264687902, 32.70087088753174;
  -5.939129773524315, -2.258711704900239, 9.076386926620231;
  -27.14175554949717, -5.862509670784074, 38.16089476135493;
  -22.76928184950046, -1.232826649569368, 32.47598656268288;
  -22.74626460018315, -2.202126178916709, 32.5393251783595;
  -21.24465824775383, -0.7830833641848706, 30.49241706514966;
  -23.05128456237339, -1.8074307747436, 33.18709041899852;
  -23.1587348590402, -2.093895743008371, 33.38120963910366;
  -22.16912817596317, -1.258961177230522, 31.99170123953294;
  -22.27686381599738, -1.489307676604697, 32.30548343718087;
  -10.62350422437537, -1.159302540261376, 16.42085869124679;
  -10.41501469459843, -1.384526218957455, 16.30353080240122;
  -10.24318371789759, -0.2913005363445686, 16.25095553436011;
  -4.379356664229509, -1.674466593181609, 7.638912761973267;
  -8.476539575806555, 0.006341929073566051, 13.96533097150872;
  -4.391870889168883, -1.641745149086801, 7.719186886082139;
  -4.396085061088702, -1.572266833477737, 7.750526854792874;
  -4.370230389154048, -1.530672078643901, 7.856749208897697;
  -4.428403422425013, 1.250755079211515, 8.24432578928533;
  -4.089438377423213, -1.876545862575465, 7.741582599367137;
  -9.284754975842589, -0.7053089813129357, 16.548866873338;
  -9.199637483271614, -1.839141197420054, 16.45199073462569;
  -3.375820034856682, -1.452837747243137, 6.809107724666714;
  -9.474881545157112, -0.9728496894404443, 17.32614777963496;
  -3.49433332767225, 1.322725441818847, 7.062882246377678;
  -6.954007762966415, 0.2681179948241195, 13.22143150735412;
  -6.901837178911781, 0.5732804949848881, 13.19097098512895;
  -3.583065914698788, 1.376381213402032, 7.365113782400822;
  -7.343334999783822, 0.01936655303045502, 14.12500848012966;
  -8.654131996495286, -1.411462080376237, 16.78419162903989;
  -8.644025085156677, -0.9459506356119475, 16.78482412035962;
  -4.099712403881724, 1.207197868419262, 8.467797727320338;
  -7.268090809918276, 0.006966360911870318, 14.34405011662432;
  -3.997371253213309, 1.268465799245665, 8.386408192266609;
  -8.364447025381045, -0.8683721168817374, 16.61143722733863;
  -3.548389550273913, 1.274249536501928, 7.898444898493946;
  -4.960940728601548, 1.149328196325644, 10.67925991264069;
  -3.612755999399852, 1.255339662646365, 8.200505502007889;
  -3.916223873108701, 1.225740598425269, 8.933181686729251;
  -3.443508494333924, 1.244978619368805, 7.97883420435681;
  -7.853458991115468, -0.9992225162031022, 17.00159418252609;
  -7.563235132168829, -0.6737182985872866, 16.52225918662485;
  -2.924015843595432, 1.325502692242911, 7.129756647643057;
  -3.672376403249512, 1.232590273811009, 8.86320280436987;
  -2.759783652267309, 1.338098538156325, 6.920370096934732;
  -4.74795435905876, 1.138865935599156, 11.3311001610093;
  -2.799627316760074, 1.36028321124869, 7.071346323949346;
  -4.636972678965572, 1.181741599136298, 11.19384016248137;
  -3.637105899654702, 1.245377776275102, 8.999514009147539;
  -3.576770456447459, 1.228572234870462, 9.120985627036394;
  -4.233746149817967, 1.138487251170846, 10.6345603471119;
  -3.698173991455523, 1.223224633828763, 9.475548395431707;
  -4.578292680149243, 1.127725914816592, 11.59585899316249;
  -5.314217727789441, 0.5951150797833302, 13.35650959070163;
  -5.036792821143919, 0.9092422670103092, 12.95500727076563;
  -5.011255608157295, 0.7791480657050147, 12.99357833025526;
  -2.900684476209282, 1.308505059609479, 7.927107520635848;
  -4.993788567480636, 0.9262267648713998, 13.05281228961641;
  -4.938105697215618, 0.8915334449665016, 12.92993272777858;
  -4.875209625431957, 0.9865502697209965, 13.23157371610654;
  -3.541916054027842, 1.237932973250828, 9.920398245208755;
  -2.832423820345677, 1.262332302507237, 8.130709980489838;
  -6.444715202562437, -3.29716362152781, 17.41999478477206;
  -6.078547156478281, -0.664290918866516, 16.53644708458066;
  -3.950392704722482, 1.153211794148104, 11.29751234830772;
  -3.403603653348709, 1.235860925646109, 9.880968591273517;
  -6.066827028311974, -3.390104088421147, 16.99410162593137;
  -5.971240497640235, -0.9283918966294147, 16.81757065438961;
  -4.228610394397257, 1.172200996844655, 12.19046475748466;
  -3.423953120407305, 1.211144176236898, 10.05183757761523;
  -3.299692115014369, 1.220116229228516, 9.812964368450768;
  -4.798914988976494, 0.2205844502857574, 14.10831171371168;
  -3.395375045248493, 1.210685669265584, 10.34614700781924;
  -3.331681688324138, 1.198227712061269, 10.30535130152707;
  -3.228894440124568, 1.132909916250537, 10.11164548563659;
  -3.512591255159706, 1.152562755515027, 11.15067054805597;
  -3.454290122099475, 1.118069834655222, 11.00833710024639;
  -5.307940639575666, -1.821960801743894, 16.59885718426765;
  -5.226605580481453, -0.645834691898632, 16.43115644794511;
  -3.162090330754166, 1.237993735777386, 10.31568342250028;
  -2.938681166345257, 1.238241568132444, 9.917509968171681;
  -3.454082979644584, 1.142069764107838, 11.62177371605806;
  -2.98801431920172, 1.233813889068115, 10.17953491683781;
  -2.768466091848937, 1.225657739420971, 9.550173817317321;
  -3.370040092264855, 1.137931429631626, 11.62685394509952;
  -2.892804586741557, 1.210718440603482, 10.14314935716029;
  -3.115277862821422, 1.120863673059167, 11.19971897631002;
  -4.198039119315574, -0.04965378836714957, 14.96125460827613;
  -2.750380616610061, 1.309720955230676, 10.10928714144154;
  -2.579624299464396, 1.233038302865731, 9.736162013308533;
  -2.815611768293293, 1.155049183916337, 10.70748115131845;
  -2.657620778516046, 1.249734928041193, 10.56837346548226;
  -3.090721369636653, 1.073572821546019, 12.22903077434707;
  -1.831764226417129, -1.79462821015727, 7.688705030561748;
  -3.148204175636083, 0.9646155168567585, 12.63219747617961;
  -4.179876554831719, -0.795650571001597, 16.57415894197454;
  -3.124803570632164, 0.8115614916545597, 12.60096469051981;
  -4.107284002150603, -2.771356933927443, 16.42756407125076;
  -3.264694357747988, 0.1987970399650911, 13.2252920451391;
  -2.33931196206932, 1.261717131937812, 9.792012781102196;
  -4.116946353620209, -0.02399779190907476, 16.65304727928288;
  -3.0077776828489, 1.045842889184068, 12.49500091638614;
  -3.859943890789573, -2.128239707138841, 15.97112077039704;
  -2.921209393908866, 0.7817456130390239, 12.51825776132589;
  -2.512848315443429, 1.177480656533957, 11.01323440568788;
  -2.877726215235262, 0.916997412722269, 12.53397250657107;
  -2.868472145561989, 0.9760329758844585, 12.54812846422234;
  -3.744631468702074, -2.43901226326829, 16.26639966197057;
  -3.493596327991983, -0.4220602895443119, 15.73329563227186;
  -2.721223228054919, 0.3832773266675375, 12.58617752417229;
  -3.436350383365766, -2.088038740220573, 16.02424002969915;
