m=[-35.82534095259489, -0.2401555120924395, 43.70110486183661;
  -8.111659692989997, 2.228658516168373, 10.68669519305971;
  -7.608486395494157, 2.277584480626008, 10.11793893737417;
  -38.89442031637679, -0.5431808593140668, 47.67077100633068;
  -7.496121260098007, 2.282282245198788, 10.11495361788444;
  -36.38708817615013, -1.282626255763099, 45.30253086696401;
  -37.98863229724042, -1.154021453247458, 47.51113970434828;
  -6.945008425411312, 2.267446365074023, 9.498435101499053;
  -55.31908211522782, -4.875962256715006, 68.81592482985241;
  -7.214081742363861, 2.289795030316675, 9.84084649928583;
  -12.184154860958, 1.91663522120673, 15.95397734807881;
  -7.732378480049842, 2.248297418954384, 10.5308255799536;
  -11.10970099135764, 1.978120683635969, 14.71339941274986;
  -7.830070848857432, 2.208318017922002, 10.69472520146797;
  -36.95255534576009, -1.079686539384766, 46.95120404413645;
  -6.811136204029916, 2.213469661869118, 9.465017571493991;
  -6.776023132736363, 2.250723313600041, 9.428906326865551;
  -11.23612882728398, 2.007010124898963, 15.05532681013118;
  -38.14596723632072, -0.8634523776019377, 48.85830902514284;
  -43.02716633969584, -3.159310481974347, 55.00832372984687;
  -15.3165379647667, 1.804885839187899, 20.22835325702807;
  -15.06323100037127, 1.92262147461012, 19.94293879102148;
  -52.73061386029749, -2.910931079324267, 67.48764790508662;
  -8.715847375062019, 2.147266334518103, 12.00166768867353;
  -51.29016446490815, -4.726869982521667, 65.84969150586417;
  -44.09897864634612, -2.079341341312956, 56.85513093653054;
  -28.99295771589654, 0.1728580546083799, 37.8384095291126;
  -30.00423786495087, -0.274646122199661, 39.16066143675593;
  -6.826225174195105, 2.287947204978643, 9.677486593178656;
  -10.7381773352238, 2.066366923096333, 14.80006675151733;
  -7.35170479465229, 2.164327919793372, 10.46471965093774;
  -43.78470744412067, -3.419003950183936, 57.44565976199316;
  -6.499233801087327, 2.233688980886424, 9.367900972077809;
  -27.92022935102662, -0.7991693771900633, 37.09410564584136;
  -29.06846340915549, -0.5763752728731338, 38.65603731674548;
  -40.628336607237, -1.874968129279803, 53.95204320984867;
  -6.653989996244992, 2.255354708196542, 9.715313783886863;
  -6.999871503799656, 2.210391098414379, 10.22853041932302;
  -8.806574489703669, 2.133391787130469, 12.6153081471524;
  -7.468993889102328, 2.230370707528433, 10.86119346881495;
  -6.632804587691829, 2.276021066161791, 9.807192751177059;
  -6.914133387803369, 2.220073040476826, 10.18290778035881;
  -13.22370775902995, 1.760233122132031, 18.60356179859456;
  -8.586217049668363, 2.181030610403136, 12.4464495570306;
  -26.87871441837501, -3.400958270788666, 36.88538539968433;
  -8.198159179551393, 2.206934517543195, 11.94139643524733;
  -14.34653123215927, -2.169080773276951, 20.19267831023245;
  -10.86232493143984, 2.009578415612149, 15.57279810872968;
  -14.0841358079731, -2.340155755067277, 19.92318673689494;
  -14.4055135924106, -2.253448511487434, 20.41960059183396;
  -14.24616507881053, 1.876310905226062, 20.28078277608854;
  -7.279332509662172, 2.189469572804225, 10.84675618266252;
  -6.743437514969094, 2.258255180051516, 10.18433159065544;
  -47.23142300577922, -3.059568569961444, 65.44427161929323;
  -14.48232827768334, -2.066122526696757, 20.81954653455582;
  -41.26732546258758, -3.974140656352248, 57.48607451785883;
  -14.10217510295248, -2.321976836738115, 20.30863631069182;
  -14.31482159014649, -2.169887276614984, 20.62559838023836;
  -13.75477968651298, 1.904194308611081, 19.91099244782014;
  -11.1494491532622, 2.031637516864897, 16.33053812011705;
  -14.21037155450115, -2.037670346888485, 20.58355860876464;
  -11.56560035029657, -2.929537268342559, 16.98458980291013;
  -43.26317501592607, -3.934360205189427, 60.90317342662496;
  -7.861815950607078, 2.167313713449097, 11.88315783070041;
  -12.16624341481824, -3.286059272848033, 17.86638862278375;
  -48.36892292226882, -3.771490892820836, 68.12612154608483;
  -6.344654612179792, 2.270442020569125, 9.816441537931299;
  -12.29401494683282, -2.38630054329993, 18.11389328238347;
  -11.78128591035052, 1.98290402149577, 17.40939640417373;
  -6.572370593009205, 2.305752159826731, 10.22175007861934;
  -39.63212909638959, -3.3719914567237, 56.68244641267832;
  -8.697878614747353, 2.097932394833156, 13.22951067101945;
  -43.79001568580372, -2.92465525455875, 62.9696016508648;
  -14.44736543955158, -2.498841591354516, 21.45657880326274;
  -43.78352356712853, -4.714872932102692, 63.15891443769499;
  -19.17168374989412, 0.6873228113364649, 28.23753154581085;
  -14.42694353928683, 1.908220607054441, 21.5033640186914;
  -14.0747682761186, -2.170252432432466, 21.04603742371795;
  -43.9739327305508, -3.964042609611622, 63.82215123121257;
  -43.03208498361822, -4.36844057391203, 62.48922135509608;
  -18.90323297065851, 0.5896802735755458, 28.0120281659475;
  -39.0219968695234, -2.694048101814335, 56.86533375183927;
  -11.88482996855684, -2.810118132099675, 18.02137768584792;
  -10.22688145999984, 2.022463666990269, 15.66833523061054;
  -5.925283089097337, 2.211858462391196, 9.495635495049607;
  -41.61243014802041, -3.306595406560616, 60.89000343017093;
  -14.01116098453703, -2.099055106595507, 21.16843377526187;
  -13.45075224792629, -2.157580127514804, 20.3718712617309;
  -7.209157768062559, 2.215490712589941, 11.421127301874;
  -8.591957743867145, 2.097765980580137, 13.42577454716081;
  -8.391853882032386, 2.109260261629136, 13.15103201428647;
  -14.39554882785595, -2.502932989981529, 21.87241916544894;
  -11.7219523534595, -2.815466564771133, 18.000594675353;
  -7.029305221518784, 2.185762258476595, 11.20622288174781;
  -6.538190375810169, 2.314842486196819, 10.49113085621943;
  -6.431671541598644, 2.241892444132061, 10.35038198444159;
  -40.02170863239743, -2.651729440629385, 59.27521899246046;
  -12.62637748121705, -3.199646289671429, 19.4134633928947;
  -10.99074237351538, 1.955075761079, 17.04845518267291;
  -10.3449463053529, 2.016373872827116, 16.13135941805436;
  -6.605823815496256, 2.254985209358605, 10.67015449413798;
  -13.87168954984386, -2.37862699536769, 21.35712514832022;
  -6.317598063439688, 2.287204953369855, 10.28314167416608;
  -7.489270896459826, 2.209896108591229, 12.04005143256003;
  -46.14926982356296, -4.869190271659529, 69.19949371338787;
  -8.505973171897669, 2.107988358670945, 13.58237902491678;
  -42.33217159536063, -3.171339520016886, 63.69544972393581;
  -7.853946892545138, 2.159896338759221, 12.63826158581531;
  -7.908130611536568, 2.122189868342635, 12.72476820431447;
  -6.897417947490943, 2.192465506800568, 11.23511473234936;
  -6.333773334063277, 2.237539240633931, 10.44270333580382;
  -10.56298986872064, 1.965345488143793, 16.7705721553071;
  -50.45302485973011, -4.799979718205108, 76.40424969427892;
  -8.608505132198106, 2.08260940425403, 13.86272357381153;
  -6.708447247189214, 2.185052677666437, 11.03670066398289;
  -8.14892243698279, 2.098913334119707, 13.20930557027951;
  -6.115668080588351, 2.320393305116309, 10.18504720653427;
  -6.9720360259331, 2.200870019663586, 11.47792954073151;
  -56.93625598577179, -6.65890437617283, 86.9037412624852;
  -6.844858493987438, 2.151267947859577, 11.37013817905948;
  -7.92873971945567, 2.13948342901528, 13.03825522881514;
  -6.267350084686377, 2.240679648703051, 10.55471379281908;
  -6.090085063682112, 2.24271926989419, 10.30504640565014;
  -10.33039549330192, 2.00693169817681, 16.80440786952518;
  -11.84603408352407, 1.908499653161538, 19.13092770180741;
  -6.010355979861468, 2.288609141833641, 10.20038571953701;
  -10.17788991108497, 1.956350194067054, 16.69130471662027;
  -9.556003670456484, 2.010505773012923, 15.75032782565235;
  -6.557824772293716, 2.20369772977837, 11.13103673616873;
  -10.44464924875764, 1.947941758962575, 17.14301727231118;
  -45.5543255309527, -4.611138308544461, 71.46030040538487;
  -9.678410425674558, 1.976022527114015, 15.96515817819842;
  -6.423689168289901, 2.222252386455715, 10.94868455895578;
