m=[-14.75132861823374, 2.604601981536324, 18.00368517012748;
  -10.8264344958083, 2.489476593816712, 13.60278128985686;
  -41.73674046136705, 0.8085227777474722, 49.73951846026255;
  -13.53234581496901, 2.734010631556755, 16.90100726138787;
  -12.58626352620757, 2.631339747865924, 15.84352974545081;
  -11.48003744079342, 2.558170101570427, 14.53260859863651;
  -79.34569764413129, -5.178867187781393, 95.13990643697022;
  -81.18730496079262, -6.501200444341643, 97.33422615438468;
  -54.54732292708999, -1.170876917852333, 65.80894271343212;
  -42.04683863058796, 0.4069568441724615, 51.03284885635441;
  -42.97872629894499, 0.0117622301444371, 52.50424603929101;
  -74.2507465771365, -4.440646230761099, 90.09384940325845;
  -31.10954353059176, 1.23426222970773, 38.32073075907281;
  -11.73017179363246, 2.532748175017889, 15.18351483500137;
  -29.88848686793363, -2.715882879546687, 37.67615770027943;
  -8.081674628186883, 2.419023479924602, 10.98557729832295;
  -8.008689325169593, 2.474312355738434, 10.90697259511254;
  -7.675618654290069, 2.458319531840379, 10.49177224217101;
  -8.073703044623764, 2.457210824439471, 10.99512666408367;
  -8.707033743660169, 2.470760541081477, 11.85601076691376;
  -28.66748196902193, -2.345408972165397, 36.9087423427767;
  -28.71125297107764, -2.898309793711928, 36.98260890441288;
  -50.50978012436076, -7.256261898096223, 64.37289173322185;
  -8.34597934336364, 2.45392857544232, 11.43153212873443;
  -7.678974428940439, 2.45902818217191, 10.71014579662291;
  -11.36183446520198, 2.683170164851029, 15.41467176065114;
  -13.66251576314489, -4.39303619012831, 18.37910719098401;
  -8.593992353324506, 2.503957980212916, 12.00790018009185;
  -67.5526561312701, -9.960091439304934, 88.03916745004928;
  -7.581869445840755, 2.505368904167284, 10.75610239923818;
  -7.873072457391209, 2.498682706288856, 11.16082208099727;
  -65.54277269969694, -9.442472643868626, 86.24214452621705;
  -7.56952856481766, 2.511325813306469, 10.81925160396703;
  -8.129896836336974, 2.490342861483612, 11.59125684791142;
  -11.1556590959728, 2.781648614884631, 15.59275941984189;
  -10.91630615680294, 2.454797315108219, 15.29091612125216;
  -45.54509930164981, -3.57147868034501, 61.08570417987752;
  -63.34244875897336, -9.499930560458177, 85.44157301531341;
  -64.89656339418711, -8.554812501255269, 87.58234817997432;
  -66.84219886683576, -9.249021049050562, 90.56576609662398;
  -7.643741263495371, 2.520029944581586, 11.21628597033434;
  -63.83381311244633, -8.926520544647481, 86.9470150789343;
  -7.511329422451992, 2.50672766983049, 11.06764699906557;
  -48.95066208131063, -3.885124026734129, 67.02723578272975;
  -12.22657990707344, -4.056592517378816, 17.50306377183422;
  -49.06468954160774, -3.669304909868215, 67.34971778789792;
  -7.691235366735978, 2.490671851125866, 11.35024816060166;
  -48.04357183301688, -2.976165474262263, 65.99660103909704;
  -62.692783877373, -9.806055572062109, 86.00418059874905;
  -10.50747736091877, 2.783460832045117, 15.19529183235496;
  -11.87918449345082, 2.631622756630961, 17.15082576949587;
  -48.21800473265348, -3.386774598263675, 66.88499768875325;
  -62.29938698361149, -4.939099727245853, 86.24593593059187;
  -46.26612620111516, -2.45725954097533, 64.46325724555236;
  -7.428917217496386, 2.542467079912289, 11.13853281350116;
  -47.52071048570726, -1.887636743338089, 66.47204053298964;
  -46.64230248561432, -1.777264021445532, 65.26077303833745;
  -53.81778210720361, -3.703971188540885, 75.32493512333511;
  -9.94578617178202, 2.712867646401336, 14.69573346459578;
  -57.8899039598325, -11.44844273214153, 81.19073233288572;
  -66.44934408643417, -10.12526179211888, 93.44492309623689;
  -55.75702762539289, -2.657744980278358, 78.78900427906871;
  -51.96396077861548, -2.55884984447038, 74.20725980186674;
  -11.60101958567327, -4.301044276874944, 17.39415611788959;
  -56.99475702000334, -2.004004315048665, 81.83482227013684;
  -8.364709254614146, 2.714138519691915, 12.87394706973079;
  -49.10249458824602, -3.927776207255615, 71.79583050636843;
  -44.47213381955012, -0.8188823159140966, 65.17621353850356;
  -39.73601516083414, -8.216607022376397, 58.4439869100945;
  -50.49941687789455, -3.115317899937669, 74.33679100102806;
  -51.97459131055867, -3.837104712756683, 76.58221604354863;
  -47.11154093564857, -1.838883490932463, 69.49476172969139;
  -7.725009907203985, 2.847213121059427, 12.21738009600383;
  -50.41610527409716, -2.471281735265605, 74.68609893411664;
  -35.94409107250941, -6.941312404380251, 54.34524081002611;
  -47.64903853964459, -3.15699523372409, 71.8758883866136;
  -8.621415733909212, 2.742950953934877, 13.95000437828786;
  -21.61705596793149, -1.964662124126603, 33.62838852882008;
  -7.323100180232157, 2.771818756650478, 12.00947283602116;
  -7.96810343640301, 2.790851293944898, 13.03816799813122;
  -9.231948910120305, 2.735663357026306, 14.95843871951047;
  -21.49504871752047, -1.850467299581644, 33.8101610226561;
  -8.506687325100673, 2.716756434003526, 13.9392717160445;
  -21.15842340543356, -2.466423856823063, 33.3440082418373;
  -7.43687634837141, 2.805493530254839, 12.36138255555277;
  -9.077480315439773, 2.644854388454538, 15.01071789609458;
  -21.85501743657643, -0.1951579090615958, 34.86129572556172;
  -7.563744703597894, 2.787838427744469, 12.74264085616355;
  -8.941690781207035, 2.692000306449612, 15.08330805465505;
  -8.119595623309676, 2.727473390304316, 13.84186992695564;
  -8.080226852446803, 2.795258757718352, 13.77840120606796;
  -8.410628916760178, -3.056573583556987, 14.38642709946747;
  -8.446146616479206, -2.933481113874546, 14.49630712391274;
  -8.251082155592785, -3.198619918268967, 14.25514429330068;
  -8.412798510621702, -2.858620799033743, 14.52184871832347;
  -8.310161261625519, -3.008670220086182, 14.38646915896148;
  -8.04990325402134, -2.996267234121682, 14.06874209730143;
  -8.617876880726991, -2.936444478145773, 15.08096002385381;
  -8.397335946142533, -3.010430396546798, 14.82315071182192;
  -8.301296498235139, -2.803538376201415, 14.68973710395603;
  -8.395723564051544, -3.267583969039783, 14.8534158344134;
  -8.31114900977208, -2.864735555855036, 14.79121341512071;
  -8.163345139544386, -3.381163350637991, 14.54988130973541;
  -8.37067704945966, -3.123128107322464, 15.02940558035485;
  -8.080354513584172, -3.312977060146797, 14.63428925049431;
  -7.960196478679905, -3.33123944252393, 14.46017432906035;
  -8.127061212033459, 2.542534965816409, 14.84104001721219;
  -7.842387105626091, -3.53179808897851, 14.46597225245222;
  -8.515396114137671, -3.444893596337034, 15.72483045017646;
  -7.745245488915624, -3.255843252478894, 14.48330915420859;
  -18.4542696320396, -1.043379365701707, 33.22284263768523;
  -8.303721450581175, 2.612991802413862, 15.47436080575269;
  -18.60778406764847, -3.422623117408144, 33.58479866584219;
  -6.758992246488146, 2.721910930651587, 12.79270820052221;
  -18.95072554579472, -1.617175860917937, 35.08168641187947;
  -6.647088624762021, 2.753821358853084, 13.02062470814069;
  -6.629040719256567, 2.790957803824578, 13.2820738337256;
  -7.804399293008746, 2.648920859187592, 15.67058488550956;
  -17.69066684741197, -2.603890857872265, 34.71466490314888;
  -7.332603797172755, 2.690654981472041, 14.93139564764049;
  -7.702513328562004, 2.562184331350664, 15.63670276512481;
  -7.59068595734809, 2.483322528075188, 15.42368155549516;
  -15.18299057326009, 0.3607542891580051, 30.131633263007;
  -11.16113131925687, 2.65909925023722, 22.55141989795906;
  -7.526046759049245, 2.66899820126705, 15.53022085986079;
  -17.73691685896766, -0.3598001336391459, 35.46817669146963;
  -17.16411982757881, -1.411935554190849, 34.47614673972445;
  -6.106977643873597, 2.648541899614171, 12.87819316533715;
  -7.594348772964348, 2.682237937180688, 16.03364656991367;
  -16.6767642930966, -1.497541375016851, 34.12983151773544;
  -7.668234777055578, 2.645477701199705, 16.2620724915629;
  -7.472243771404262, 2.745705776480823, 15.97253820905083;
