m=[-25.48579477377339, -1.394012624457999, 30.41153620524538;
  -21.43285811121218, -0.8628083796643206, 25.79022816484469;
  -15.87318376893247, -0.05199679641472075, 19.61719191854391;
  -25.17922463087476, -2.092572721234901, 31.31421059603008;
  -14.65631313689121, -2.031945952796454, 18.98985689420865;
  -14.9950669705565, -1.824992704372869, 19.40932254085697;
  -10.33717853024464, 0.1901768993867939, 14.02171632934483;
  -25.21073047870416, -1.794548566258898, 32.85360986386755;
  -24.59495967439975, -2.91878818240595, 32.69491364738486;
  -23.86356777214327, -2.622127524821764, 32.14858701882469;
  -23.44309501946518, -2.031177618344391, 31.76827132161426;
  -24.26759770442454, -2.626973670061325, 32.93605956195729;
  -25.25055712157234, -1.401596187817383, 34.25496694173641;
  -26.0784996420485, -2.69768896926316, 35.87721267293261;
  -26.49294453235943, -2.39309284038051, 36.53336628753309;
  -24.93639314516851, -2.417550564578473, 34.85926560795827;
  -25.56459755655632, -1.948312573625352, 35.96750874974632;
  -25.52511792638976, -3.076257509060335, 36.03312913845596;
  -4.399886394970348, 1.006858244635802, 7.021748600271513;
  -24.56382023265175, -2.53678885498864, 34.91968532226989;
  -25.53836321537635, -2.923367475592004, 36.31240284896301;
  -24.83545604761596, -2.02769022844901, 35.37036564793718;
  -3.519343126669039, 1.04522941508821, 5.856561747340326;
  -24.59509812667506, -2.253539726622352, 35.20514412376762;
  -25.40492459770904, -2.030983701291443, 36.78792521515229;
  -6.187604637301729, 0.9978252264882415, 9.709790111885276;
  -25.12193502578767, -2.716611422690381, 36.54063227843867;
  -5.263818919183467, 1.134122075752827, 8.542858562569389;
  -28.01344483562941, -2.871804725749925, 41.57904876815221;
  -5.256636981296527, 1.100825104110242, 8.584635170499865;
  -30.58413155830861, -3.379472525592701, 45.57181666546249;
  -6.007095478543632, -2.408468318487255, 9.797672250049374;
  -7.001054840096592, -2.197357132815664, 11.30259439344024;
  -11.46792704661523, -0.6810749612908279, 17.8781258973441;
  -6.904107031203023, -2.255862596875399, 11.24780448547019;
  -6.027896774093599, -2.355543756407541, 10.1001921474594;
  -8.590884823759399, -0.2515152667184606, 14.51765667865271;
  -3.883157127245497, 1.194953958355677, 7.220378490816475;
  -4.605686077650902, 1.129285841243765, 8.389256194203602;
  -3.822932745899734, 1.205891361624187, 7.169432718206489;
  -3.876204744495746, 1.161355982039274, 7.281000251162189;
  -9.618435370839183, -0.9010651150726908, 16.70356865114497;
  -3.697920686712257, 1.201620002938134, 7.030588815801812;
  -4.364914580602356, 1.12754842285818, 8.275100879006233;
  -4.250319185691137, 1.140879587213838, 8.094407625677897;
  -4.429987174739199, -1.639265471046586, 8.492423319069159;
  -3.380589718283278, 1.220992277455032, 6.702625194981417;
  -3.356220205100722, 1.225315971248713, 6.662580533306975;
  -9.632180720283833, -1.001708416930909, 17.38483610203744;
  -9.662101975267834, -2.165954596571893, 17.50726039971516;
  -3.669024089270423, 1.167303140645909, 7.299483016937312;
  -4.166524454635083, -1.679589882154217, 8.226061278315008;
  -3.307248798296336, 1.220025501319792, 6.75676515794363;
  -2.920399699552501, 1.238774442709118, 6.147085367010056;
  -7.354683411614286, -0.2368731234030938, 14.06823435284779;
  -9.327749833021997, -1.79724042726144, 17.6561636718218;
  -4.141044612479616, -1.897025933443685, 8.406149431778445;
  -4.094619164165848, -1.962896186000866, 8.393273982544583;
  -4.251757710094616, -1.851662065939483, 8.6981842895983;
  -7.240078958260059, 0.339926894020083, 14.15601777469715;
  -4.078352787197279, -1.845337022358929, 8.44539940649946;
  -3.375821485125499, 1.195565349908079, 7.115487005496319;
  -7.737713249805263, -0.2395695135363963, 15.16016260419903;
  -9.15605218780629, -1.74517800964502, 17.92567776469169;
  -3.201382066987353, 1.226194376159298, 6.915020163485083;
  -3.677952982838159, 1.165441016828996, 7.836677362141775;
  -7.405191603920124, -0.2396818089592478, 14.89445758323339;
  -8.936003330191628, -1.156980696752068, 17.88896419141958;
  -7.116041282136079, 0.2640110122946726, 14.56484438006146;
  -3.586050150438346, 1.160328757704045, 7.843528819259092;
  -4.175492676073018, 1.018711162810245, 9.148804047566964;
  -4.05330362698212, 1.077339586822192, 9.030299134114822;
  -8.553871521324089, -1.334206209887508, 18.58574860790698;
  -2.95678738287314, 1.194083267161832, 7.064848700587748;
  -8.088519035874626, -0.9698355262093978, 17.76739580098889;
  -3.595931932616173, 1.09310897266132, 8.54029814100344;
  -2.954091079972502, 1.198520047688536, 7.18425306528828;
  -3.62555995585663, -1.72483418217, 8.667036879666185;
  -3.554320749032133, -1.713596934452695, 8.577377175545982;
  -3.542152443511163, -1.622043443175379, 8.584840701302696;
  -3.667252293883828, 1.072518760150505, 8.837749441682504;
  -3.527052832937914, -1.736695588516989, 8.593903758682885;
  -4.939569418422325, 0.9384366065082782, 12.10078739393365;
  -2.983606714048047, -1.729984654749002, 7.817332117541634;
  -2.905569447910231, -1.439125003154752, 7.634759146508302;
  -7.277009145250267, -0.9094308380763758, 17.6687613320117;
  -2.979749131284359, 1.155757865954642, 7.809441681754734;
  -2.911434873329994, 1.146478066869284, 7.789074259616541;
  -2.808399055483679, 1.164699290297646, 7.585811706940296;
  -4.478312906956908, 0.964859102468619, 11.56525997069105;
  -5.561811372764007, 0.3823059200840707, 14.16074315162318;
  -2.867069268192044, 1.19142036112636, 7.771009211742761;
  -4.820120335535734, 0.9366537140414365, 12.46858088853603;
  -3.733486934352055, 1.062245317129962, 9.924717638377016;
  -3.927222221264596, 1.06047573501287, 10.4246732499248;
  -5.221715989455248, 0.7114453353739236, 13.8159862452301;
  -5.224226650029943, 0.6959352649514, 13.84911950389591;
  -6.537400821016522, -0.9369103505499442, 17.73330767625147;
  -3.697900778771609, 1.054782053794716, 10.66370147163159;
  -6.474954906537681, -1.192727503475338, 18.13271949031252;
  -3.534838043509724, 1.047978541429619, 10.55627665897506;
  -3.544633610117716, 1.02043560737273, 10.68851210659258;
  -5.566106754967303, 0.02813692166840823, 16.31354444157867;
  -3.412654307471365, 1.02852458217999, 10.43746176167949;
  -3.516378430118409, 1.021605220778895, 11.09671153557701;
  -3.64283581886503, 1.030851065597444, 11.58949644807838;
  -5.772370912142018, -0.9194051502115923, 17.95388311151818;
  -3.849272310410238, 1.002341210793451, 12.334916993564;
  -3.165115605355923, 1.040360173305405, 10.77601951196098;
  -3.596053307264759, 0.9390412701308389, 12.18963200772721;
  -3.128535133878441, 0.99917388550499, 10.76072533420557;
  -3.286954181954344, 0.936254433122746, 11.87989643260115;
  -4.61841005735907, -1.047943166382651, 17.87512582511865;
  -3.340646167255757, 0.7644777013502492, 13.25426928008718;
  -1.979406963352057, -1.75655788482528, 8.355995372819788;
  -4.513837849981861, -0.2732412967642451, 17.75220515399021;
  -2.022248758926271, -1.751570973336243, 8.552771396579585;
  -3.373862190772998, 0.0156401241876322, 13.52362303276323;
  -2.019436463285013, -1.961532358317236, 8.691880239666334;
  -3.228589297419028, 0.8558265184492764, 13.22691948846675;
  -2.400928834457784, 1.048766889658003, 10.12615419608523;
  -3.19532570639381, 0.6750135072176684, 13.19719403987611;
  -1.883666162849364, -1.723006702877076, 8.33623904227615;
  -3.140447259309504, 0.5982486694983938, 13.2504486119866;
  -2.201852434164107, 1.032073925323978, 9.587517140901539;
  -1.765049127657671, -1.833000763063428, 8.237419084703811;
  -4.401543643663622, -0.7350500379832249, 19.08098911132879;
  -1.662650345373065, -1.859208139148954, 7.943007781571841;
  -2.9378137700363, 0.3075712444326665, 13.23306949590282;
  -2.893661459506126, 0.2009087247655128, 13.11777654069681;
  -1.644110877739713, -1.837562408749349, 7.99819478692166;
  -4.277685810834859, -2.640260985933348, 19.25923601328715;
