m=[-36.39677803776064, -0.2804214096101194, 43.63552975408922;
  -11.97032483164106, -3.397024746311348, 15.03515290768834;
  -38.90436141162186, -1.093184586026611, 46.6515351118268;
  -41.48505042181022, -1.516977935183955, 50.27210299291757;
  -29.57639498029129, 0.283422894065377, 36.21410402441933;
  -14.16666830394835, -2.923524159158516, 17.87937756434143;
  -14.80744825813588, -2.446768389401947, 18.64560441025217;
  -37.81105535680577, -1.009103920442465, 46.07386411417624;
  -8.074888649629735, 2.217723230850208, 10.62704014561621;
  -30.43519462340091, -0.2137232407409334, 37.29992509766122;
  -10.87573340860432, 2.159346614988102, 14.00376495171937;
  -10.25222904419504, 2.102530269931772, 13.26502821621018;
  -11.51674446175384, 2.153075041725876, 14.78957406215488;
  -7.897637586632609, 2.238100623374125, 10.48692872489226;
  -42.80026251401373, -3.404217295416379, 52.41691829970498;
  -28.1229588336798, 0.9066968274913944, 34.85928445133659;
  -40.10528443503212, -1.611474862105716, 49.32722949881426;
  -54.640555033264, -4.806199679826423, 66.95797607634015;
  -9.111357336195198, 2.228900611204894, 12.00224176063256;
  -27.0484666531748, -0.4318591139108592, 33.71199854645393;
  -13.83358958360683, 2.140388747725774, 17.73849965677158;
  -8.074029635232874, 2.212376706720098, 10.77376665665737;
  -14.74676632966827, 2.079613011218547, 18.88961563350206;
  -10.73232905134899, 2.112171029866544, 14.12449762668993;
  -10.94060897937276, -2.903536053212565, 14.40484119957091;
  -18.71481977470343, 2.08920426721508, 24.16563143438244;
  -10.75801198536396, 2.149655426296536, 14.38463718304647;
  -8.520543718486767, 2.255742437360035, 11.63096915777137;
  -11.28561730047285, 2.146446291207477, 15.16361582400988;
  -47.92880143423281, -3.85550579525241, 61.29461290715428;
  -12.4230794021071, 2.184104904824635, 16.74753586607772;
  -10.51203790193535, -3.544611304988753, 14.3615239487801;
  -8.347349815117928, 2.25850887117029, 11.66047889575364;
  -37.67330109393118, -2.197532558090845, 49.28123117226596;
  -7.945157792801901, 2.25262391959992, 11.19634877899261;
  -7.628680419568742, 2.266660971170296, 10.83888319255295;
  -12.04957566728001, 2.130112791226633, 16.63251263397578;
  -7.346352111638327, 2.288050159066336, 10.55971431314636;
  -42.85829335950629, -4.58811036645468, 57.01896485754834;
  -7.824522800240547, 2.21190447546581, 11.24638090025482;
  -43.96467165214015, -4.702793957078839, 58.9824154891061;
  -41.97487023593762, -4.119518696269366, 56.56827302231955;
  -9.868185844411833, 2.150030075698137, 14.07077357680793;
  -7.596683242852543, 2.227744631369595, 11.08605615468761;
  -41.69198773637429, -3.107369027690018, 56.51297626091242;
  -14.68848421653155, -3.87245675243789, 20.61773361322589;
  -43.46920608212599, -4.198762936352696, 59.0257027407208;
  -9.380585378925334, 2.1601611647728, 13.55004589661353;
  -13.96332359554945, -4.703085265373154, 19.75658270985282;
  -13.67227899921602, -4.733566451482506, 19.37047143060697;
  -8.640518511532822, 2.239675650316607, 12.69059581290947;
  -14.1147798496903, -5.098149472886263, 20.12563831081085;
  -45.74644727455392, -4.180127613357546, 63.05895509153741;
  -11.40330041453592, 2.230994754003621, 16.50796179797487;
  -44.68425921710967, -3.512454525071658, 61.80087725019555;
  -14.70064844564942, -4.880502209618313, 21.05074834661114;
  -8.603423482553685, 2.188118273943961, 12.72589443205286;
  -14.98439979799675, -5.082154123665577, 21.51341003148709;
  -44.71731471830017, -3.783093662320689, 62.61398259236615;
  -7.803651339987863, 2.248047085361557, 11.80357297504397;
  -6.841024377761886, 2.276009516686951, 10.47379630553938;
  -44.61811360937351, -3.017889515265091, 62.94054243654351;
  -42.68365769394202, -4.632399740545957, 60.4253046069096;
  -12.11214195749366, -3.714253363845034, 17.89433830670835;
  -9.031462975199846, 2.187219788941476, 13.60312307886581;
  -8.732483731404797, 2.172208849603362, 13.19918574142368;
  -7.235888179288287, 2.28812518708339, 11.11621363794361;
  -8.385570122701184, 2.262783166467171, 12.73473860084103;
  -43.35014019910179, -3.934471214551584, 61.73873772263917;
  -44.33597105318115, -4.536828095862137, 63.19068360619925;
  -11.58923912078027, 2.226345239187007, 17.34089674702248;
  -43.00218710173643, -3.399725718788465, 61.6790854180425;
  -13.0408789435824, -4.244252528479297, 19.40823456551276;
  -7.480440222451707, 2.283327294488711, 11.55899697228459;
  -8.414514525931473, 2.174523281808284, 12.89131525656445;
  -12.33851236213707, -3.594502818424512, 18.45995495011327;
  -12.495961399888, -3.810745803658389, 18.7181273179339;
  -7.216655929517364, 2.272343238426469, 11.25173230410898;
  -7.461655539530243, 2.239221367070391, 11.62819710696102;
  -12.30036387720607, 2.204818192617957, 18.64472627733605;
  -43.75377450621517, -4.189359970312061, 63.81194153427354;
  -11.92013782979762, -4.122951313684667, 18.21809277999531;
  -8.227485827784083, 2.217218123308806, 12.87188865443565;
  -6.581331015523345, 2.327137495485243, 10.52409792572417;
  -7.183605076759911, 2.275979662247806, 11.40005502265305;
  -7.615358128838863, 2.217576498296852, 12.09017616524668;
  -13.26321849500759, -4.20008867368256, 20.35509244549883;
  -10.59648924688921, 2.478556203844736, 16.48691144494049;
  -7.909428745017331, 2.248214933916151, 12.57716626172476;
  -10.82416047288467, 2.406781804425019, 16.85792641046935;
  -12.00014898814802, -4.504818631040275, 18.63122416602242;
  -52.55630055912929, -4.716654476848114, 78.25893201405901;
  -10.45771588896035, 2.387454213029669, 16.39157699579287;
  -6.362562243826658, 2.338222014332593, 10.36791049845756;
  -7.681511732525695, 2.241726945796637, 12.32264019292744;
  -49.54145676429767, -4.849991534013571, 74.2733252606788;
  -6.509592953840452, 2.327196090085653, 10.67271181273709;
  -11.81250127724624, -4.595427713688345, 18.57295462431012;
  -7.753302622541398, 2.280129680091888, 12.54433773826105;
  -13.5192727715546, -4.097622238327923, 21.21729954616992;
  -10.19447666951514, 2.173599498413327, 16.26195073892799;
  -11.54773682760837, -4.589145040336239, 18.34140354903929;
  -14.01524232231691, -4.116599535683212, 22.079948204811;
  -13.72517219399676, -4.345184470101607, 21.70513587397129;
  -13.71732123310644, -4.672286568407202, 21.70144151776211;
  -11.62491791535371, -4.477730509478696, 18.58375134198878;
  -13.98737506109398, -4.656338447175796, 22.23077282776727;
  -11.88308880979114, -4.501445098146802, 19.08113835626673;
  -13.86351012330346, -4.498391969058654, 22.10802737116023;
  -6.63560536124381, 2.309357929295616, 11.1506565208843;
  -11.82276809543592, -4.48705008300592, 19.13807254075351;
  -6.581701508296019, 2.375959024313913, 11.08224651861619;
  -8.465476668504564, 2.30235609047643, 14.04018038855641;
  -7.590638963612437, 2.364991449424935, 12.70106738750414;
  -8.398361711864816, 2.407632648252969, 14.07780102932528;
  -9.633771472314177, 2.256697373534864, 16.13695799256585;
  -6.647313970191185, 2.342490000482952, 11.46850941837286;
  -8.456098685674892, 2.519540877335344, 14.4497636572116;
  -16.35025780932299, -0.245665949613815, 27.17734940842747;
  -6.50508756701096, 2.574753417559682, 11.54976504832337;
  -6.474746750242623, 2.586242572743622, 11.58641367070437;
  -8.907177958337536, -3.33525537930069, 15.6011349029928;
  -7.612556831035294, 2.51523022789511, 13.4704307830256;
  -9.111614423455992, 2.429245734744399, 15.93536152779722;
  -7.192788885009728, 2.569185033382686, 12.98756646435856;
  -8.589641756594419, -3.361692144569351, 15.56312079366585;
  -8.393171956274088, 2.439584250532047, 15.32343514215127;
  -7.23212958260933, 2.555496956990452, 13.34153873938511;
  -8.741761785870244, -3.210269726364686, 15.97809262020932;
  -8.432416308485305, -3.637778728003675, 15.49759704884949;
  -8.506833334914138, -3.766605054389509, 15.66467991174036;
  -8.852439146013918, -3.190215521582395, 16.25807916488174;
