m=[-11.19546624646818, 1.012011467132496, 15.64452134628075;
  -10.94058833140358, 1.728189635326267, 15.41230112808499;
  -10.87844081563909, 1.614313214121754, 15.38329806071996;
  -11.00535628583609, 2.117673205615005, 15.57745496995728;
  -10.46145740339256, 3.407814001380707, 15.10760807618618;
  -10.86119346834899, 3.097318663706497, 15.70541390396403;
  -10.63750373238392, 3.419240102389848, 15.41981405732989;
  -11.299433085257, 0.3180555840766139, 16.29501313434555;
  -10.99472307581204, 3.366583775758096, 15.95552427079615;
  -10.48778067757893, 1.683824168955697, 15.2624616526378;
  -10.57516579248565, 0.5199865046498448, 15.38183054549304;
  -10.50651433484664, 1.445490486078161, 15.37963209176025;
  -10.61631492503933, 1.037576751620144, 15.53578668182454;
  -10.77383814801097, 0.2951316527659632, 15.76352325835271;
  -10.58679736837672, 1.336697504455371, 15.53321214489326;
  -10.46691397293572, 1.133026343531963, 15.38569932475695;
  -10.84196677406797, 1.872460928338167, 15.93617276141126;
  -10.63930052606714, 0.9740658474176999, 15.66352587848965;
  -10.26374526035222, 3.424811524695862, 15.24648279697503;
  -10.32538344326899, 1.157089338687311, 15.34455443563378;
  -11.34888709944512, -0.8255938681250606, 16.73906644383147;
  -10.52850101053728, 3.397900753280386, 15.64875620970736;
  -10.41941387650425, 1.283941813498103, 15.48096747050144;
  -10.50535827835086, 0.8602811737022711, 15.61321015954149;
  -10.60885281758144, 0.6572784229934233, 15.77845336410645;
  -10.50601513158361, 1.011795307533242, 15.73990574536952;
  -10.24933414646172, 1.095358913025109, 15.38462818840709;
  -10.71816661465847, 2.528850583719662, 16.0671300676024;
  -10.6454954057797, 0.7419266755717884, 15.95735787597626;
  -10.52750159240318, 3.404228099389694, 15.82514442276862;
  -10.48356574639118, 1.663415411355668, 15.79593938968563;
  -10.35520167935861, 1.165499592551069, 15.64044686554503;
  -10.34727519226574, 0.9423386549388589, 15.63276845449929;
  -10.42421220703511, 1.825426958479137, 15.77254519487136;
  -10.48522877654548, 2.504179105951533, 15.90383730694785;
  -10.34438730307368, 1.69328229791495, 15.72830417383199;
  -10.40769739902174, 1.93650104059735, 15.84064066290571;
  -10.65484013084397, 3.41746094660855, 16.2214454338905;
  -10.75481972401274, 3.297333182789128, 16.42430918130704;
  -10.38581371321703, 0.9138322794342181, 15.90329398977974;
  -10.11264240567515, 1.59666585877789, 15.55210093677195;
  -10.05190904971664, 1.699993249569733, 15.51413204646604;
  -10.87516892255147, -0.2206803382599674, 16.72099076717216;
  -10.21987611997976, 1.149591720322138, 15.84099665513367;
  -10.15154389057383, 2.059357379749388, 15.75459524177281;
  -10.3492397795937, 0.8296944472524311, 16.03991789588417;
  -10.16694625862892, 3.582089830594638, 15.81415654099162;
  -10.40896592598516, 1.543982587645146, 16.20199488703382;
  -10.3307733973716, 1.430567771319745, 16.1089854077346;
  -10.11679698671394, 2.105136363504603, 15.8612395414904;
  -10.28977021343156, 0.5476084250057125, 16.16317582511455;
  -10.08193166624348, 1.54725643435631, 15.87556439494021;
  -10.12881187288699, 1.186646598101747, 15.95569893391346;
  -10.25702807665787, 3.352879851327237, 16.18985084773938;
  -9.996304999913978, 1.361066176520009, 15.79297423578139;
  -9.970174642100746, 1.47352091298969, 15.76837970531858;
  -10.0254925511077, 0.3451755050560074, 15.85590368557913;
  -9.898799890974397, 1.402093631069408, 15.70000600021393;
  -9.84221373802874, 1.325983013976087, 15.63307183756751;
  -9.789663084483912, 1.833825841077811, 15.56937975341391;
  -10.09297487299918, 3.422342131240821, 16.06263091396578;
  -9.98021075855651, 1.033178804715466, 15.89096733387282;
  -10.37635603216541, 3.383878739509788, 16.53786431490143;
  -9.930995515538783, 2.441641329647661, 15.88307681499066;
  -10.08909565568682, 2.056198188710507, 16.11580251832439;
  -10.05528628080957, 0.5799519411679924, 16.08253367854244;
  -10.05483104945485, 1.182477830604822, 16.09573235311457;
  -10.13225987556266, 1.5814630817303, 16.24815855718339;
  -10.0428297549995, 0.7589877994492713, 16.13190915494815;
  -9.97301129353669, 2.592623724040002, 16.05033482133268;
  -9.90708219112225, 0.9114865110660908, 15.9637703015819;
  -9.842364943168191, 1.433085414211304, 15.8934321554783;
  -9.979303682145472, 0.86046253334632, 16.11669292578963;
  -9.903284537762245, 1.210966066983581, 16.02331392498643;
  -10.13587007268596, 0.3009762272650348, 16.36581354475232;
  -9.95522280025696, 0.3596023937216802, 16.11218920037092;
  -10.03326863201248, 0.512648239103819, 16.23218224648396;
  -9.623608097231358, 3.586829684154067, 15.66392220967045;
  -9.879922732567216, 0.5873225596672588, 16.01989512861165;
  -9.663535517233454, 2.322570597318532, 15.73987828494292;
  -9.832330137238866, 3.554721010002216, 16.01691924840194;
  -9.468366989140858, 3.591528380144583, 15.47003652801038;
  -9.818608933049829, 0.4279640912640449, 15.96876392442416;
  -9.747698718356771, 1.383030970780708, 15.87556345760133;
  -10.01333447455339, 2.610450600986413, 16.30539961619844;
  -9.817986293823301, 1.251131702104642, 16.01859783568838;
  -9.982388888260324, 0.9728199924823711, 16.27670759982561;
  -10.07416930953197, 0.8433814789370242, 16.43275731936075;
  -9.828724670524231, 2.124030627130097, 16.07666156272316;
  -9.662260914371652, 1.337966349949778, 15.8320048009344;
  -10.40951880245555, 3.258175783996816, 17.01821808388553;
  -10.1532126569133, 0.3592991118591656, 16.611078724378;
  -9.874123549235558, 0.9418948358070797, 16.22049277947158;
  -9.901754632181874, 2.118629402427448, 16.2987067275507;
  -9.914880048863259, 1.27391124443337, 16.30834061174946;
  -9.909900183066771, 1.88006023310546, 16.31514900550459;
  -9.856252671822645, 3.351998260091683, 16.27294169731009;
  -9.951737337177823, 0.7267933790212724, 16.39194700076286;
  -9.491310080688802, 3.573314222474437, 15.74063513033153;
  -9.982659113670415, 1.231399071060547, 16.4908381965663;
  -10.36830860694913, 3.322409999602583, 17.13728502841625;
  -9.96112202983425, 0.5660705384931695, 16.51070250240137;
  -13.68505502965101, -1.718816965030789, 22.36976287418949;
  -9.749511633045771, 3.521852064636042, 16.31550523483364;
  -9.912658717371473, 1.930243507040081, 16.55872229958186;
  -9.751019008728028, 0.4782175232742418, 16.31134660992019;
  -9.598735692001059, 1.288290671069396, 16.10042447532221;
  -14.34024609214691, -1.486582479461537, 23.54636610030329;
  -10.49753804424959, -0.1807812012846003, 17.57336620941342;
  -9.966832947879695, 2.194114716164874, 16.80326944729381;
  -9.852012011176518, -0.056982492802843, 16.60234303898163;
  -9.734854610416365, 1.386503556748743, 16.43727953475121;
  -10.17075385509151, 0.0939915425695004, 17.11699888064393;
  -9.786799593634063, 2.265231723152914, 16.54240122778566;
  -10.45130773130788, 3.320972783654451, 17.66723874698187;
  -9.660855435449804, 1.476890041931213, 16.41935499081642;
  -9.689861272141355, 1.962072503982368, 16.48831837830518;
  -9.869108609649803, 3.368884885680145, 16.79241497078554;
  -9.567743044853623, 2.208572758729501, 16.32084868052202;
  -9.786749289108784, 0.6692480319494614, 16.66161599077603;
  -14.15373464863779, -1.741197250159734, 23.60055191365363;
  -9.726642221727342, 2.40130095623136, 16.59904891716729;
  -9.616025004974663, 1.775916700549484, 16.44223957112049;
  -14.56992601904443, -2.410900602383272, 24.3085051255004;
  -14.03762119210214, -2.021471377640586, 23.47883571448023;
  -9.623722500313395, 2.032300788726624, 16.48057723185285;
  -9.703778643759875, 0.1136130182200775, 16.66085717506268;
  -14.47258590564046, -1.725966222264364, 24.30583229065307;
  -9.514382940026497, 1.070355566268846, 16.38830330350114;
  -9.320521671147974, 1.426456556753487, 16.094023251789;
  -14.36709755947615, -2.354995703795579, 24.16743146384809;
  -14.50148530115354, -1.972391335610987, 24.39645705934146;
  -9.556528906905916, 0.9902558307960009, 16.47544074037496;
