m=[-20.56125903058174, -0.970846968305203, 25.20073580868446;
  -20.21959096773654, -0.8578275738228567, 24.92088034960258;
  -20.34370456585415, -0.8387477683093016, 25.46771403265242;
  -24.72854582480893, -2.302166237912268, 30.76647348150575;
  -23.72298688945394, -1.301504728918558, 29.69229401672833;
  -15.3929924305781, -0.09551894121299505, 19.69230848084572;
  -24.73436191709915, -2.1115253259291, 31.25348264604995;
  -6.040112829545065, -1.715808039602933, 8.43075587671275;
  -4.677160962025926, 0.9800169280571116, 6.734443529254846;
  -15.26301912866593, -0.4974632487785362, 19.90685761947799;
  -14.28879143630722, -1.993532928862597, 19.2043979509115;
  -5.96512041579784, -1.49588656976594, 8.603468764287573;
  -7.505195786165706, 0.9018889930791609, 10.74592924710307;
  -6.398998806137048, -1.715205770381002, 9.397692892890403;
  -7.18695745478557, -1.352233412610995, 10.49439689057116;
  -7.254273619303874, -1.19636458366025, 10.59626644211318;
  -22.83473169177268, -2.531838085466074, 31.24966724133993;
  -3.401131507257913, 1.048162085606633, 5.492201294616504;
  -9.877779667207058, 0.2289550212430473, 14.13501434970987;
  -22.93978296510288, -2.503213265653492, 31.61329503966833;
  -6.979810573831863, -1.303611054989621, 10.31780009781831;
  -9.982264195950043, 0.1793892808812775, 14.36692350631586;
  -7.068655234291916, 1.146163464062777, 10.50188876896701;
  -6.299832574653327, 0.9190354339940228, 9.544121529940307;
  -3.557972914949796, 1.05889384803969, 5.842275122649411;
  -4.70100379921343, 0.9218956653070199, 7.417984385955299;
  -4.495409351443862, 0.9778732739907825, 7.171800984308327;
  -3.48818164626642, 1.038160094224071, 6.379664963464375;
  -3.312861869369962, 1.042339402088014, 6.132035442636232;
  -5.47092108045068, 1.021257824388518, 9.555428675598247;
  -6.798914246123539, -2.203296589579601, 11.8731283660866;
  -5.244209757996249, 0.9876131365935162, 9.520574663696779;
  -3.940524770997254, 1.021683508402583, 7.743853443707455;
  -9.535970246513683, -0.997569198447287, 17.87112519234854;
  -9.442963742058073, -1.247889561486694, 18.16376520865805;
  -3.876727443150286, 1.122808120641451, 8.101472417593488;
  -9.171362122731727, -1.761037331566702, 18.01867610243455;
  -2.777606058027539, 1.22760971596891, 6.11934773070255;
  -3.695259607942111, 1.16011477332939, 7.847818435998161;
  -4.229197942548706, 1.097797667431996, 8.857263663176855;
  -4.25525487479769, -1.876468576849083, 9.0315940591755;
  -3.535915061574789, 1.167464451575828, 7.67993010890592;
  -3.533113874167355, 1.158385255336867, 7.718444302464417;
  -4.358794981273494, -1.602381861900458, 9.342939954579789;
  -7.085124719779221, 0.3107569833221436, 14.54642077142074;
  -2.697840003444088, 1.232466796682944, 6.132719959746959;
  -4.135286563987984, -1.983114289383815, 8.937591244631685;
  -7.508289542191723, -0.2497876333269881, 15.39342181095381;
  -4.184196373075792, -1.732559364855038, 9.048007963664393;
  -3.405065541649912, 1.187760763080717, 7.573754685290194;
  -4.207423475394161, -1.796918790790988, 9.177677165057471;
  -2.981171294642212, 1.188066688278024, 6.759709381138761;
  -4.075694843555201, -2.016477147357543, 8.972059721256009;
  -8.737606206320015, -1.131127620294712, 18.12730513993454;
  -3.39172350879337, 1.171848988770694, 7.617466314020614;
  -3.149063752628438, 1.209178634112391, 7.154243795576845;
  -2.995737219789511, 1.213944032917862, 6.889712209284141;
  -4.53793959012195, 1.035228692298482, 9.969180160286109;
  -4.10450239561615, -1.861170296114968, 9.156798095257363;
  -3.324035735022175, 1.184670448589322, 7.609858792629786;
  -6.990913662369544, 0.2421030095965243, 14.98526173750718;
  -4.052862610177156, -1.927503422614311, 9.136429481656736;
  -8.956696099735018, -1.279645882374445, 18.98883941232931;
  -3.941388130987718, -1.956730385158687, 8.926188202650341;
  -4.088770811390939, -1.836956761347502, 9.290982420761907;
  -3.85946235085103, -1.994845287818337, 8.895403159421951;
  -3.388095538651743, 1.159343947667254, 7.949433682955667;
  -7.905539590840792, -1.72866309351701, 17.43142540718418;
  -2.687123889711757, 1.208104127351565, 6.641563403901948;
  -8.053426528511825, -1.250781254662112, 18.11661643384378;
  -4.160498820493656, 0.9817175842917115, 9.879291450567159;
  -2.693015805886459, 1.199084641772074, 6.739806800142746;
  -7.825420599428691, -0.9325791291882641, 17.806101925745;
  -3.093333717894924, 1.163753556615056, 7.673859092732204;
  -2.562989795337568, 1.208667321704117, 6.637139112457793;
  -3.743844446969113, -1.878687024981302, 9.359516351991616;
  -2.526261281082423, 1.206665117748682, 6.635563463655132;
  -3.735980378188539, -1.599317634082031, 9.408315732100956;
  -3.655692682195015, -1.680217519844005, 9.286031827660064;
  -3.671954188261021, -1.803098289624777, 9.33829089697255;
  -3.018523802738229, 1.152429953057629, 7.830522672479179;
  -3.657159980303063, -1.626742016054803, 9.356376956047745;
  -5.101159227076638, 0.9067481093575782, 12.68374143321408;
  -3.63949513729706, -1.729513999513923, 9.375911351763246;
  -7.053530038085649, -0.8643770166844916, 17.7148726730767;
  -2.992964646620736, 1.172461507851778, 8.063894336856963;
  -4.862055661553463, 0.8947109497381999, 12.59127963515062;
  -3.524292448693187, 1.068984364583109, 9.420377446980966;
  -3.094943607226852, 1.123733315661397, 8.655277252604533;
  -4.492174980420177, 0.9375336900502236, 12.27562077518006;
  -4.708268022689392, 0.8854389527622747, 12.83961920585747;
  -3.012037170400856, 1.128413523429019, 8.653249214976206;
  -5.222700953692915, 0.6889474806837037, 14.43645163591523;
  -5.068806922124295, 0.6470706725386748, 14.0608987273534;
  -3.709928205508714, 1.01839755706767, 10.56899186675597;
  -2.935799088346451, 1.120678470237894, 8.615164284995814;
  -2.126756547756124, 1.201613291895968, 6.546384667584065;
  -2.848295536405713, 1.138557239645063, 8.450464301932273;
  -6.342315181534228, -0.8899917991206693, 17.75728418900297;
  -6.408249597810877, -2.032218084791368, 18.04885884413929;
  -6.18102492299077, -1.125219117132914, 17.85543345234273;
  -5.57488366724269, -1.988407611426035, 17.82557672612368;
  -3.501527988957365, 1.018614705793826, 11.64569252832455;
  -3.545346879352251, 0.9668235151468438, 11.90162220642648;
  -3.676452495828667, 0.9256332982051878, 12.3904477410945;
  -3.155588833835443, 1.003662204237799, 11.366245242697;
  -3.180276439091023, 0.9793370899355449, 11.54838864923204;
  -4.293452558963331, -2.159204338716046, 16.07078377571433;
  -3.142392786304103, 0.9753058310906398, 12.08596672899125;
  -3.17249436113312, 0.9553865694891877, 12.74439608399268;
  -2.124108344151909, -1.852236163735516, 9.119208383078455;
  -2.127470291027898, -1.742369987113548, 9.130982476555593;
  -2.796462991660151, 1.045930589586137, 11.67519098413039;
  -2.62650108771974, 1.04337918372747, 11.09806215619361;
  -2.047552737129724, -1.698931729709919, 9.188877279323839;
  -1.994484078278693, -1.756426481491401, 9.044016890521004;
  -2.463545869896958, 1.03365811407796, 10.94830705641712;
  -1.999235791997505, -1.719147084791723, 9.130960437488271;
  -2.80661403417112, 0.9724955249028251, 12.35426825329443;
  -2.581527332449004, 1.0254856154961, 11.5854154511819;
  -1.992791213642767, -1.868160594940751, 9.250424746627612;
  -2.879678589523926, 0.9305443275339563, 13.00930244238013;
  -1.808042530426639, -1.803570535325263, 8.661757541305487;
  -1.861097996486859, -1.949737903765489, 8.969348561854822;
  -1.858267193200687, -1.849065401732615, 9.301537242918238;
  -1.897238231946633, -1.922233833578362, 9.686723059278181;
  -3.666824071954176, -2.905126045692247, 17.88603614355472;
  -1.661401741458262, -1.781800456883629, 8.732608304797399;
  -1.756975976016109, -1.86005637625886, 9.263361511935324;
  -1.627631774479704, -1.806858527919239, 8.841896211516234;
  -1.584496099865519, -1.866736044428643, 8.943066389586686;
  -1.17393745859729, 1.195723078951309, 7.000581330118147;
