m=[-5.124807932211318, 0.2727357309254346, 8.05005067753102;
  -5.065218876404861, 0.5934185394849658, 7.979130073748292;
  -5.124802496874536, 0.2440885221063504, 8.07449364133762;
  -4.991235643334483, 0.7790418918476004, 8.003978295578447;
  -4.991572803293443, 0.523979136904331, 8.02907096626179;
  -4.940433617881991, 0.7193457465301869, 7.97780279209769;
  -4.957298263721498, 0.6061746442195862, 8.020808247659248;
  -4.902960807897714, 0.695645899793428, 7.985194011929202;
  -5.032538764576509, 0.4904391501797888, 8.205767464352396;
  -5.070458218616127, 0.4244846815566901, 8.27081686284941;
  -4.991365693759451, 0.47612748079708, 8.199452922745262;
  -4.988103833440532, 0.9463198904744469, 8.212157115020116;
  -5.024860683165619, 0.3669746649548075, 8.276670415823704;
  -4.979131952982794, 0.9695619910829894, 8.317452023030954;
  -5.00875800553765, 1.10263608381203, 8.444358484130476;
  -4.919597390857444, 1.138679500718432, 8.315481801800372;
  -7.156784217475248, -0.8988785285414197, 11.6985693911927;
  -4.954703416537373, 0.9150496737629368, 8.471943504349415;
  -4.747349359622247, 0.4919244665073322, 8.184422797255644;
  -4.697893382867617, 0.728455962625447, 8.222938032867882;
  -7.16267607313068, -0.8811548465422429, 11.94335719165646;
  -7.213076068373419, -1.19355509530709, 12.03431619004055;
  -4.72595194373509, 0.968316957630338, 8.302151474939953;
  -7.162533532447087, -1.031432343777649, 11.97980382904162;
  -7.278605160780432, -1.289939520313516, 12.18459664287203;
  -4.700289999643884, 0.3733080199244814, 8.297356697722474;
  -7.360061642439844, -0.9359220908144185, 12.33625043293914;
  -7.144881741917788, -0.9717972020840362, 12.02013428216932;
  -7.221274633980863, -1.183681719188729, 12.14717580053243;
  -5.021242392930656, 0.04598733484446828, 8.835564575133004;
  -4.796330383690407, 0.2120623557069455, 8.504747297561758;
  -5.207572061766767, 1.704621513483693, 9.179803588438377;
  -4.843298551453446, 1.788612639068935, 8.630018018420723;
  -7.182618621058812, -1.266712818247507, 12.21008919631941;
  -4.845149323391595, 0.4348896711542515, 8.628086625701508;
  -4.85548181204651, 0.350172356244753, 8.67139721816643;
  -7.209012090102462, -1.434598274816099, 12.30633732746681;
  -7.13627263522409, -1.375180343943232, 12.23475499332359;
  -7.201922018200006, -1.168355535558772, 12.36867256143603;
  -7.130013022498621, -1.55094714264956, 12.30559970293263;
  -4.805608974326898, 0.6005835737974362, 8.696972761335161;
  -7.200351138017382, -1.348487037489677, 12.44430054092754;
  -7.090892409505906, -1.42525254279452, 12.32473317313849;
  -4.780493479228711, 0.6963832962013833, 8.710152525387107;
  -4.846703499232275, 1.740754608728395, 8.831906790998666;
  -4.772728334472131, 0.2748542064929467, 8.701974331974796;
  -4.721771032041697, 0.3279133509974702, 8.62553584810448;
  -4.732989538424763, 0.6362859312269099, 8.66091009350933;
  -4.683555742251643, 1.778343734456025, 8.626048321841155;
  -7.077467898467605, -1.546928467065315, 12.40715633954624;
  -6.985367032241782, -1.314397501734896, 12.28671496405659;
  -4.745903766702815, 0.8227542690808318, 8.756703481502058;
  -7.082319621499641, -1.720444321138034, 12.51606560746908;
  -7.036700710366428, -1.473740238606201, 12.45818887839898;
  -7.116377347364207, -1.353116819369554, 12.64633777140744;
  -7.050328405093024, -1.640927992679229, 12.55730854979587;
  -7.029161870921068, -1.798323362277698, 12.55821479307949;
  -7.052419276227258, -1.44216541088225, 12.6218433315206;
  -7.047814757284956, -1.79694026676067, 12.62942776210019;
  -7.003478449333486, -2.092121541706637, 12.57444782868618;
  -7.001458576315626, -2.023883862353777, 12.58036139625403;
  -4.707019340881676, 0.2378822581862199, 8.862792012815968;
  -7.155279842358436, -1.925122004141374, 12.85174886206512;
  -7.024272155413189, -1.759299814817957, 12.67525792817211;
  -7.037911891482635, -1.614180938773283, 12.71092507869393;
  -7.025642586639153, -1.97374262797547, 12.71290033338311;
  -4.752766109097756, 1.728541851073202, 9.174834673852116;
  -4.693380812512229, 0.520449149290681, 9.086000052946407;
  -6.943878194389291, -1.818576719709721, 13.12747440445234;
  -6.907674145915803, -1.864108050595248, 13.18561049702754;
  -6.919063288159468, -2.038799923925742, 13.28396434696344;
  -5.063496417329877, -0.1418945625849467, 10.072684390869;
  -6.898595966947326, -1.913615351186876, 13.32927722831336;
  -5.05616257480906, 0.1377232788297192, 10.20884807166095;
  -6.919013057699686, -2.143846672820421, 13.51306789654388;
  -6.885858903161512, -1.799183627662616, 13.46129309021703;
  -6.918232102389845, -2.084106864033161, 13.65853514001435;
  -6.844495015304977, -2.012558647282898, 13.56506524416382;
  -6.842421541384312, -1.803990364737936, 13.58450775334858;
  -6.887947208001536, -1.902374380698119, 13.71624117670305;
  -6.895729210296586, -1.706086386514328, 13.74985012746624;
  -6.932805180797122, -1.984593448234328, 13.94039756563733;
  -6.847641519428203, -1.85408003532629, 13.79166702304909;
  -6.802363002822768, -2.044933636213387, 13.78705385579504;
  -3.054551630178854, 1.154235229894686, 6.910069017350379;
  -5.932844407187219, -0.4586100797929136, 12.29960254115027;
  -6.833513898987143, -2.038205132213034, 13.98215567987941;
  -5.338434040300139, 0.8041970466843325, 11.34713882653864;
  -6.78800385963916, -2.118076494300352, 14.14464274095284;
  -6.661525686331637, -2.204640392576504, 13.96029536203501;
  -5.600846626926403, -0.4329373118121606, 11.9954474331243;
  -6.711483662702158, -3.102317816888581, 14.14461964463714;
  -6.724675595510011, -3.246739040437502, 14.20559976823692;
  -2.895545255602666, 0.8362502156278113, 6.819958478287017;
  -5.463132507292881, 0.5630973512411138, 11.8173771571786;
  -6.636403862356928, -2.30959890486633, 14.15595443914025;
  -6.721565299316677, -3.256840824099027, 14.33786864058329;
  -6.708064144498645, -2.548972097305561, 14.3455827614803;
  -5.298798491762456, 0.655330918994378, 11.69642398772834;
  -5.313886913775689, -0.5049114334595742, 11.74863212651648;
  -6.665412659017389, -2.63522553683257, 14.45979223845213;
  -2.837672776320931, 0.8622236731098184, 6.86796398176627;
  -6.729954237119657, -3.135263810353709, 14.80182200603511;
  -6.609188092080675, -3.35136168985462, 14.55943273238466;
  -6.637944769187567, -2.959933808396916, 14.64306214164085;
  -6.573137673742577, -3.124664496877774, 14.5930723834044;
  -6.691488997973173, -3.067800253606382, 14.91570402147905;
  -6.55450896826705, -3.18541986924842, 14.65540833358073;
  -6.481746647992885, -2.935308632825117, 14.53285037672023;
  -6.59026989010445, -3.417216068287208, 14.77345425485495;
  -2.70388680798234, 1.010899708289074, 6.826906279482794;
  -5.199534119480531, -0.8202355611817156, 12.20693397192512;
  -5.230101395251386, -0.7306926579151588, 12.3049181644735;
  -5.188103638634098, -1.145976286519334, 12.23275096910997;
  -2.637077356396385, 0.9995665460206861, 6.833177377679681;
  -5.159292375788289, -1.204707325369423, 12.20156144147389;
  -2.605103030531396, 0.9496773696785774, 6.853410464700843;
  -2.571594664195813, 0.9743078601633186, 6.830957896243551;
  -2.556851847822567, 1.000024780431234, 6.804132878070575;
  -2.562444306183271, 1.033314493773421, 6.820384390563905;
  -5.083733935727353, -0.9906648736391596, 12.32872561143582;
  -2.552427586539508, 0.9216494729652605, 6.830141051320666;
  -2.524089734677621, 0.9130574485815091, 6.839711760763565;
  -2.492485170552903, 0.9313610271418171, 6.831263472087208;
  -2.468955883943186, 0.9563093493116048, 6.818981118860796;
  -2.476655283300517, 0.8012166855062389, 6.880534868635898;
  -2.420304753761495, 0.9208604890944547, 6.827492430403809;
  -2.411298363859646, 0.8014556072758547, 6.811955363870203;
  -2.361682427637565, 0.8141247323073161, 6.712741427398978;
  -4.548129168386953, -0.2508446865135919, 11.83482165685881;
  -4.825853553457771, -0.6428734708245547, 12.59410998172206;
