m=[-21.73067624377902, -1.046875193121795, 26.40094191796684;
  -6.565203356664565, -1.465822174961979, 8.785990952190316;
  -21.26242574581008, -1.000616511440533, 26.25311731503988;
  -4.222087681338301, 0.9838391011451301, 6.002553436717373;
  -16.06022820854974, -0.1898634397846649, 20.15281742515106;
  -28.9673410999198, -2.875044494012752, 35.60635855607786;
  -33.84515114414318, -3.609390688853618, 41.46282852381618;
  -25.80374953735543, -1.568010388993215, 31.94291731662087;
  -5.993066105920154, -1.541084501731465, 8.195142524729898;
  -25.85482511748926, -2.05561761467986, 32.11213090519065;
  -15.42139452722343, 0.1705681464095048, 19.61176632690536;
  -7.534916769317817, -1.365537019815072, 10.14170149469507;
  -5.251076211309501, 0.8883398470160535, 7.449611599654467;
  -5.258027329609491, 0.9434179737936069, 7.4704838737619;
  -14.85163595829971, -1.928118027272149, 19.54127517714322;
  -14.78303475172091, -2.164614538517608, 19.46913527826312;
  -7.272311333162982, -1.482526611989022, 10.11609273959626;
  -25.84024594751017, -2.029576183921225, 33.95162951145552;
  -6.60942670872326, 0.9134246883228551, 9.463838984244251;
  -10.26678371985656, 0.1801051383686244, 14.26920146950897;
  -10.06586550317465, 0.1253202215794922, 14.07727885382778;
  -24.86661410750821, -2.751162577062987, 33.41275401362301;
  -24.60373142054324, -2.893496919186479, 33.32798700720809;
  -27.47907808432357, -2.376813011569175, 37.27683673428068;
  -24.09185525012486, -2.286829786895565, 32.83077674321503;
  -24.86201260677539, -2.884747591428443, 33.91254730343834;
  -26.77079482596049, -2.989756141936625, 36.97533764657886;
  -27.39487701449647, -2.688588845176675, 37.92904787427204;
  -26.48807338005724, -2.204068203463742, 36.98156990132161;
  -24.34756855020768, -2.066698236109685, 34.44071683365905;
  -26.99465710527102, -3.465291709432556, 38.25425674958518;
  -25.70489160854577, -2.847003132060467, 36.67755572057347;
  -26.43839155780653, -3.240148285247294, 37.72993670630262;
  3.469543997848934, 0.7297995220690857, -4.13678029070782;
  -3.978297062810656, 1.005996255972329, 6.81125151848808;
  -6.681205502703156, -2.150157131046072, 11.26582020515633;
  -6.806878441096015, -2.272721009649862, 11.47115113515655;
  -7.141120740728853, -2.558764564482125, 11.99705416004774;
  -7.06603642590452, -2.428737629215903, 11.96979123561994;
  -6.085083119851203, -2.425118360446366, 10.58811090235377;
  -3.179503250081861, 1.042082707661497, 5.99064362819172;
  -8.643140470717873, -0.315879186405747, 14.94120746092445;
  -4.916949727780537, 1.004300485688168, 9.111989129915557;
  -2.89056533503462, 1.160457588917434, 5.855869501774063;
  -3.926724169195029, 1.149510899292771, 7.695947113461414;
  -9.85564276922293, -1.115122854616779, 18.08300563800826;
  -9.737957722088416, -2.262614637164677, 17.95334819405779;
  -3.647877827822302, 1.143166414636193, 7.406687394312389;
  -4.233457217200565, 1.074142951897173, 8.448685654499752;
  -4.266789007076169, -2.017034276847872, 8.571337352202622;
  -4.410207159720332, -1.716959528353582, 8.825682645761843;
  -4.342811583280719, -1.731365123576627, 8.711799461314557;
  -4.383148375933322, -1.664665638653346, 8.806901527362893;
  -3.562912565195882, 1.113925854538054, 7.323558793360696;
  -4.316570290927167, -1.638286956204118, 8.786878959609702;
  -4.342623509346399, -1.642865451040556, 8.891356248353205;
  -3.00793661119013, 1.186125050563187, 6.421896295121732;
  -7.460641572841477, -0.2778344150486041, 14.7628385521719;
  -7.244929969228926, 0.2591047412847154, 14.4867892068517;
  -7.612732476937843, -0.3166263559898677, 15.23718871746097;
  -3.308137491338282, 1.161522636167336, 7.15123093945447;
  -4.136784454778005, -1.925825844797438, 8.797124534624057;
  -9.72197850411432, -1.939416464507044, 19.33519696955275;
  -4.178232734475724, -1.904033785071063, 8.90027392036453;
  -8.429085995748467, -0.7146134003829964, 17.07449067085921;
  -4.049771282302897, -1.868144873743039, 8.771364554541302;
  -2.912693213806333, 1.179147592078334, 6.529227725145683;
  -7.338669558267974, -0.3173058129169744, 15.06922184250037;
  -9.045018287399229, -1.257149448164373, 18.39560679695227;
  -2.744156654338237, 1.183340014947409, 6.239529007883722;
  -3.454355528731616, 1.08736325114369, 7.635368973363971;
  -3.378898854985378, 1.137765380356693, 7.504903373768038;
  -7.220199717664703, 0.1855008608325872, 15.0793061590479;
  -3.644305347543026, 1.092750867010716, 8.120702763675904;
  -2.661276332803109, 1.200529789676101, 6.248309330652938;
  -3.612120348895558, 1.105998970299225, 8.268252713889828;
  -4.224981590241221, 0.968530157676781, 9.625658429626956;
  -2.554619767082063, 1.194001088667565, 6.190936069649646;
  -3.522074211813184, 1.092956027221735, 8.21891088824075;
  -8.519104581812597, -1.407934516439659, 18.78800876824729;
  -3.055720158873048, 1.148726343223978, 7.501516036640824;
  -3.633801856701513, -1.77536371596764, 8.941025609181722;
  -3.018661800422961, 1.1566362228445, 7.572805632696105;
  -3.585865109860013, 1.030803184831914, 8.873523669468092;
  -2.944661325925795, 1.137146549587459, 7.53428721312851;
  -3.517654437312398, -1.760498520856574, 8.956504499393745;
  -3.523925083225008, 1.043191809391875, 9.017678945522373;
  -3.10543808553392, 1.11028846860252, 8.281666770530338;
  -2.600066489312351, 1.147646518078847, 7.097476368390938;
  -4.515217414929175, 0.9015439681860594, 11.96577860995466;
  -5.381995621651544, 0.636730290904495, 14.29347938210978;
  -2.922090477525022, 1.093561601281453, 8.176178756258024;
  -3.716348673932066, 0.9854059478207359, 10.19820416849514;
  -3.791562276595794, 0.971168816723669, 10.4378229971997;
  -5.159945023291494, 0.6004912714385802, 13.95580422960211;
  -4.809910275494481, 0.8783345482142529, 13.1183337378155;
  -6.683743426091489, -1.023029558122051, 18.36401972934422;
  -3.608918906423723, 0.969684486646984, 11.17443230479135;
  -3.482048251551037, 0.9798083435978463, 10.94658971559415;
  -3.418205852768868, 0.9614430427431853, 11.01130952582794;
  -3.569016510597665, 0.9366310325977633, 11.63563235623412;
  -3.190219283294622, 0.9790328759567113, 11.12644288488157;
  -3.659059244098724, 0.8840391651354659, 12.64723778103863;
  -3.21624842426416, 0.9572420825320137, 11.31347679547381;
  -3.316518664953463, 0.8750394006672424, 12.22637082073042;
  -2.879701713976919, 1.048447782655766, 10.97078712847542;
  -2.784177159508827, 0.9692854056706587, 10.84417007574809;
  -4.693817303115337, -0.3575293081640046, 18.56531006624391;
  -3.408242485196742, 0.7112250436570837, 13.71015150591247;
  -3.400752974325641, 0.564687154899931, 13.74863417322941;
  -3.342652151361091, 0.6903228988270985, 13.63474868894366;
  -3.311745312372277, 0.5623121694744538, 13.62258933823203;
  -1.975870316543776, -1.758555472134009, 8.669584782292269;
  -3.31352995284976, 0.8053347116750107, 13.74999337664769;
  -2.030116775211491, -1.765148524902772, 8.914170705158885;
  -3.088224562773922, 0.8927221612749836, 12.9298896202298;
  -3.263455400772986, 0.618509226752332, 13.64891143789991;
  -3.268318670700622, 0.7729336712123998, 13.76203320318587;
  -2.450913352806872, 1.001863205223147, 10.56798293054073;
  -2.785640931349372, 0.9289863675552789, 11.94006928380901;
  -3.181625280956891, 0.5388800245713921, 13.59274830075396;
  -2.536395704108816, 0.988984174295393, 11.08565882940356;
  -3.114909946393092, 0.6637517118274464, 13.50376757642518;
  -1.873157464916506, -1.719634878865309, 8.61499038550274;
  -2.849410110677567, 0.8852950761798624, 12.59903523461805;
  -2.981095803608723, 0.2526441307254195, 13.58926188642995;
  -3.014768591273818, 0.1524339809218242, 13.81153831837878;
  -1.688963481242702, -1.891076821502523, 8.394152029708002;
  -3.711647006405677, -0.03003158851401344, 17.28928298026559;
  -1.683026585690029, -1.833098419131274, 8.555742851892825;
  -2.600857683583025, 0.9292514055962927, 12.57267820795875;
  -2.878916884333981, 0.2038761078239152, 14.0303674619103;
