m=[-20.71500839598972, 0.401290468403752, 24.68699115280829;
  -9.103072783428461, 1.326841928499501, 11.41133055272366;
  -21.03902953395431, 0.418598910835894, 25.28109182484577;
  -15.2947224953259, 0.6068137345467127, 18.84003673026472;
  -39.08458391165193, -2.551037739638729, 46.86459085860103;
  -9.784255600298566, 0.6791767024887543, 12.85144678775032;
  -14.32290672818741, -1.171818089362698, 18.44042230850761;
  -14.3995713061731, -1.453590986919868, 18.54790923070668;
  -5.557239716034002, 1.38569026049463, 7.767600388738157;
  -34.69092739454359, -7.35410910358334, 43.82412263163544;
  -5.234715527296311, 1.386691128293198, 7.570135758034326;
  -32.0530485265525, -4.725962123718181, 41.77368986098895;
  -19.19278180303498, -4.430670914241465, 25.01218366227622;
  -5.04681665338274, 1.376597624341282, 7.457095005040441;
  -23.25348810288853, -0.7097548320367288, 31.11521867592175;
  -31.03541331437334, -4.654608042129068, 41.86315156287364;
  -31.35999825693119, -4.133946253797602, 42.3224611999709;
  -32.50908906357107, -4.498314749241612, 44.04718285840961;
  -23.85564366518068, -1.893378566011006, 32.66509143510315;
  -31.35098746221019, -4.384122145161944, 42.70267819994569;
  -23.57123189816578, -1.460172170482545, 32.37938246952361;
  -29.57945396289967, -5.728274711409561, 40.49658019314278;
  -30.48401604891816, -4.768139759434313, 41.81905252085259;
  -23.67896255868542, -1.663181820808187, 32.84597454396975;
  -23.41728551521798, -1.243725225792209, 32.62763978981362;
  -29.97510516943916, -5.927946868945481, 42.04015854216449;
  -30.38098007338243, -4.629321492534412, 42.72349690694849;
  -25.71210714116123, -1.266135613477752, 36.71823675655584;
  -26.01944407118294, -1.918066229804434, 37.3220388291606;
  -26.21968602878044, -0.9219157460826755, 37.64703032931557;
  -24.80229890566629, -1.356717301221989, 35.8480843694216;
  -16.47040563703245, -3.405747910827697, 24.22477864371904;
  -25.46527241399358, -2.037002232528317, 37.23436858687084;
  -24.2319227411049, -1.494871571444137, 35.67018171148585;
  -24.7973881520898, -1.830705591774623, 36.53783298519719;
  -24.10092082683484, -1.181371808048811, 35.70295141781027;
  -10.54927670993948, -1.229722425487566, 16.62482893084143;
  -4.221987446322381, 1.328563181314625, 7.867864721928783;
  -9.227121556988806, -0.5216889332032312, 16.61139744888141;
  -9.268443864056643, -1.704791398921731, 16.72841967578465;
  -9.077740198291521, -0.7746564787129804, 16.80476212878533;
  -3.181687782977333, 1.359008524889034, 6.555946460153568;
  -6.827551820448477, 0.7413124184756177, 13.09408601552257;
  -3.854991610360851, 1.282334567981699, 7.825933614387671;
  -7.117740812420912, 0.188641904078833, 13.77968706283492;
  -3.137416714908989, 1.360669730684591, 6.616080957048901;
  -3.77187333535739, 1.337637603084436, 7.783372576457407;
  -8.82938747835683, -0.8234174041966705, 17.29280978984637;
  -5.440093332546859, 1.296082600232232, 10.99188115587193;
  -9.008770592849627, -1.326001760686675, 17.67804769699047;
  -3.75905456972579, 1.327655481236913, 7.93634243169953;
  -3.758362096584436, 1.296603900195926, 7.970381533840645;
  -8.46506592001068, -0.1717170956768691, 16.9274319851185;
  -8.523685367708273, -0.7011658357258898, 17.12082125109501;
  -3.384162608541302, 1.348191893675145, 7.38160227828163;
  -3.215266629000712, 1.346788102869366, 7.381492966214786;
  -7.797527988982378, -0.8279417338948598, 17.12972481088437;
  -7.485735249232965, -0.5005753035531599, 16.59827285323053;
  -4.662780439359671, 1.260954585911067, 10.93604398941716;
  -2.940798586425538, 1.340646908193816, 7.326880592770703;
  -4.53544296803266, 1.257708419905099, 10.86082444563145;
  -4.359630504359745, 1.282184351958319, 10.56457830329939;
  -3.401875895895409, 1.319044897083163, 8.62299462569257;
  -4.03693866519716, 1.247243471311551, 10.16300259447112;
  -4.564030039480737, 1.283024053981656, 11.42340488431145;
  -3.220731799196496, 1.312492589231204, 8.324708334790497;
  -6.868331645011442, -0.4329368728102667, 16.97033321705339;
  -4.428746546619975, 1.266351165753211, 11.28838966513054;
  -4.988907754453566, 0.7225663824990546, 12.69317577570927;
  -2.656233884958132, 1.341420699564594, 7.183246323991873;
  -4.926208570009968, 1.12485533411795, 12.74785552827316;
  -4.956292161498419, 1.07984828065553, 12.90160078400987;
  -4.86075430896486, 0.9296092872060917, 12.75609526907453;
  -4.806317396021099, 1.071959935307252, 12.72611666717317;
  -4.725757596716183, 1.033621294203868, 12.5308844268296;
  -5.972846853999532, -1.098483809904794, 15.72301738816483;
  -3.87211241493451, 1.323711858553278, 10.48077090442412;
  -2.444132714644409, 1.341890594235112, 6.979396244802466;
  -4.754997948807191, 0.9156981294964586, 12.89325320390238;
  -3.364565004164138, 1.340200976727674, 9.44782868970983;
  -3.707031910603623, 1.277937026395882, 10.35569206047154;
  -4.144373269771132, 1.279176187049255, 11.66934008623849;
  -5.951390500632653, -0.4982171069701925, 16.55964852241315;
  -6.00047314877083, -1.695113745451496, 16.74529918002826;
  -2.418045936365925, 1.322547690993844, 7.335695208926799;
  -3.183078468272857, 1.290929960102454, 9.407483397944665;
  -2.423000751590084, 1.331654393971138, 7.430587708583738;
  -3.281034884355946, 1.329241037304563, 9.921898654406457;
  -3.366374298937972, 1.284857439501218, 10.23193732992877;
  -3.159500636628057, 1.294061893730959, 9.713554476405369;
  -4.629826860148061, 0.3652604261893663, 13.89834631380668;
  -3.111484264768337, 1.323103980793445, 9.603434044788779;
  -5.529772775352377, -1.218293574192793, 16.60620548554289;
  -3.085849425287924, 1.274953846672164, 9.632512715416643;
  -2.964832342276807, 1.31485540545832, 9.596791628577812;
  -3.299373386358731, 1.2563123490716, 10.60620217329059;
  -5.111885542657907, -1.666786801998276, 16.432838166157;
  -5.136740002161975, -0.4898674959016299, 16.60719501679701;
  -2.838173515568665, 1.32016225525724, 9.600319489292708;
  -3.373991169079906, 1.263608895133395, 11.34551242901968;
  -2.784307796201445, 1.273768037970618, 9.550447105251188;
  -2.577567674198206, 1.304398813951026, 8.98223864140169;
  -3.209662604340721, 1.244134765698023, 11.03375546145848;
  -3.136396608812706, 1.237881574352953, 11.04204667364586;
  -2.097216515191539, 1.328729370253575, 7.828139301490344;
  -2.896829441051286, 1.22113007376629, 10.64571165284026;
  -2.722130739570673, 1.275500926954768, 10.12471088303736;
  -2.620075602562864, 1.463757667333598, 9.809348168338909;
  -4.113295821138618, 0.09990149342035411, 15.15512397810558;
  -2.337722476898934, 1.289186578142367, 8.987243332632373;
  -2.668295895223309, 1.279619207029912, 10.38019347768898;
  -2.435067260361212, 1.300190291660257, 9.920751058106037;
  -3.890693752639715, -1.748548547330085, 15.98092195491011;
  -2.925367472481014, 1.089511206569041, 12.15042566055191;
  -2.078037581012997, 1.301687148861081, 8.931601590559332;
  -3.037147346975141, 0.3296781806495702, 12.75645144691004;
  -3.82301889059258, -2.588156261873951, 15.95661188954715;
  -2.858398551323269, 1.064450180573745, 12.06464624849582;
  -2.824085319215977, 0.9300813861272614, 12.02982892912661;
  -3.948207347872607, 0.1524974533584232, 16.6962966985312;
  -2.788052296036943, 1.167189219663993, 12.01215179627239;
  -2.428580345841934, 1.297094395401727, 10.62822967379992;
  -2.749753785947846, 0.9810232280895759, 11.94750357268016;
  -1.574953410551431, -1.469401467461758, 7.323455773345084;
  -3.352959538551587, 0.1101543352647211, 14.71440161231379;
  -2.684388162944911, 0.8979536429306045, 11.95539485720099;
  -2.269126316074477, 1.256593218781564, 10.30645668645766;
  -2.642202903028128, 1.094138957068716, 12.0303360011218;
  -2.464955563004127, 0.5957254266571932, 11.84288153211834;
  -3.410805197299619, -0.2784241318819701, 16.17071233578703;
  -2.516775610429422, 0.5055507118579942, 12.16668810379112;
  -2.487965099833368, 0.6510313920905485, 12.26386252760323;
