m=[-16.3898768488318, 0.1570599233938578, 20.06818970150132;
  -15.77460285139371, 0.508580282924089, 19.55311214426889;
  -15.24530171368439, -1.661804367499176, 19.52364917348476;
  -15.17661089766187, -1.926313580541152, 19.44845508781185;
  -10.15974598278054, 0.3629295112811629, 13.57365010056998;
  -26.49372843042279, -2.836234029153096, 35.24743642141863;
  -4.382178421776471, 1.0900686495516, 6.623681041977916;
  -26.03261379158822, -2.664219447901147, 34.73350697351071;
  -24.84191621295459, -2.246886728940373, 33.21033581156761;
  -4.214799150625357, 1.089210655342715, 6.457212050245623;
  -28.8060293503313, -3.081310872239376, 38.645783714159;
  -26.20411549855952, -2.127043129557381, 35.25433172929211;
  -26.0407211947832, -2.555701476222827, 35.09429851633929;
  -7.868401735114479, -2.612248853944643, 11.26724072263305;
  -7.756641365919745, -2.630765825460297, 11.13636905193457;
  -27.3184647234384, -1.572430508629807, 36.90188643586261;
  -27.69393228209144, -2.064072069973208, 37.53878437088052;
  -29.24760678397182, -1.978652838522032, 39.61827333710344;
  -3.883485760800356, 1.169554321742692, 6.104671651863932;
  -6.226698608246491, -2.078094035412016, 9.222677606317616;
  -6.247172569929339, -2.330487797572721, 9.328203520099187;
  -6.326630303376093, -2.405444454879407, 9.468634271411897;
  -28.01421989857775, -2.202088054565643, 38.74526277363172;
  -24.89208083818286, -1.619843292556215, 34.71261566289209;
  -6.217527908634613, 1.114480740807259, 9.424445255071692;
  -27.0353924393105, -2.287199543170513, 37.85543926858412;
  -27.24578960372469, -2.956948760021031, 38.57061988140008;
  -5.488475561723951, 1.22037761257139, 8.547943958977896;
  -35.64705752467942, -8.204483920644714, 50.45830560592356;
  -5.295020170444726, 1.208831674931083, 8.299492139554541;
  -27.74195797579905, -2.517868098921228, 39.50975612798188;
  -27.94579735332561, -2.859648172400644, 39.83027768938992;
  -26.54733535960626, -2.098815545679801, 38.07749037026202;
  -6.020229586257856, -2.342055186630662, 9.46568794442177;
  -27.2656964006086, -2.610650586206355, 39.76518698654767;
  -7.01871243637799, -2.229362087395294, 10.96625907234072;
  -6.879713713000905, -2.085205941183212, 10.79710048810916;
  -6.004741079908039, -2.312929220731291, 9.599260477758035;
  -7.1929046693163, -2.277166160269005, 11.37493730274067;
  -7.243567573958983, -2.39202324398876, 11.60030542800618;
  -5.761398030628908, -2.405857512132935, 9.516754648064612;
  -4.549287996816243, 1.212884780762928, 7.956279266681087;
  -3.585097008100641, 1.280557197449951, 6.473384165482442;
  -4.217583054548035, 1.225895197761897, 7.700051986268699;
  -9.929988404103796, -0.894404294857022, 17.73101581878656;
  -9.826771783883258, -2.079915410003051, 17.60174854290905;
  -3.259168667313478, 1.278102876108069, 6.500323343178683;
  -4.535293915036681, 1.170922547559365, 8.706321628385974;
  -3.681847736003647, 1.244455619959022, 7.257640842427199;
  -4.012175286850551, -1.741549310377066, 8.109888812737848;
  -7.29739129336998, 0.4672855755522865, 14.04598127416183;
  -7.883556491823853, -0.1154170482895614, 15.23048940159052;
  -8.842571580785915, -1.553276583894978, 17.18265525564095;
  -7.523924455882457, -0.125899491329076, 14.9079430078836;
  -3.525186936516283, 1.246020155011145, 7.530085832216931;
  -8.899402791396287, -1.029185708511486, 17.65966402509193;
  -3.964334382719549, 1.202287861492951, 8.469551369868686;
  -8.768210544829083, -1.091992330662102, 17.7134110138024;
  -3.43213385066734, 1.227029361723647, 7.528268385414821;
  -4.057502658856794, 1.176506096730273, 8.741436205473022;
  -3.875624923618092, 1.119707069058382, 8.558698775320444;
  -3.577394284355268, 1.17912369809703, 8.192615363491532;
  -8.524537405661995, -1.212894717287779, 18.39169375092152;
  -3.354200709049907, 1.21040829427569, 7.875862633342934;
  -2.564913553030694, 1.270318307521078, 6.266421004291146;
  -2.62583137553159, 1.278252010908122, 6.413026334532239;
  -3.040303701415536, 1.233003498589466, 7.458622863947897;
  -5.018157404079991, 1.041903124861108, 11.8463587500357;
  -2.944885705467054, 1.230002626637225, 7.417767357876395;
  -4.610284161191302, 1.094901439438504, 11.23841333974885;
  -2.877483667934453, 1.225561540961611, 7.409527648275251;
  -2.772349718983676, 1.23875667091323, 7.192162073888073;
  -4.514496769527894, 1.090986683743804, 11.14792454396337;
  -3.626467300939099, 1.1263295689835, 9.162053405989362;
  -7.349338861244757, -0.8064528561689159, 17.74816835357413;
  -4.424113722736708, 1.059486096689293, 11.21418476732705;
  -3.685967988947407, 1.147433850591933, 9.548291318167999;
  -5.584043880044571, 0.4935954661245472, 14.05664326948272;
  -3.785256449508839, 1.131570596852044, 9.851780502190959;
  -5.337180995333148, 0.8240516943245977, 13.74264899747108;
  -5.236276122351786, 0.8159505278602911, 13.72389444103049;
  -4.111952083336291, 1.091654523730374, 11.15640864310264;
  -5.149718805018566, 0.6654743426179842, 13.77572569337965;
  -4.088602088360185, 1.130389223655197, 11.15361807296081;
  -3.762520968232527, 1.114876761701622, 10.53082304040339;
  -3.636681508336812, 1.143243395719788, 10.28353222231101;
  -6.301524775647023, -1.538453031389623, 17.58439330994155;
  -6.957360068079932, -2.021435046600293, 19.36919190067239;
  -6.667624576596417, -1.148774195819986, 18.60668185472483;
  -3.506769777680329, 1.113672012439188, 10.38701950160775;
  -5.504182928615581, 0.119091007611639, 16.03922911754652;
  -6.182894471807607, -1.583879993899239, 17.93878683641734;
  -3.727542231893626, 1.096141219182871, 11.24910948126716;
  -2.673060278346763, 1.186702965545516, 8.376858563323799;
  -3.369399155172233, 1.120002997781704, 10.38644406341776;
  -4.928055772928249, -0.07476846829638319, 14.97217348149542;
  -3.591227794523123, 1.122811460886545, 11.26495464511911;
  -3.72599155973095, 1.079727248202108, 11.79358861836687;
  -5.702358667465443, -2.019351434509012, 17.64341375221927;
  -3.593887594149598, 1.031131358513651, 11.45957275035827;
  -5.785389929592181, -0.8254256635594228, 17.95810370610106;
  -3.100467192650806, 1.121456638881668, 10.39305055051026;
  -3.124435658678664, 1.105834045615468, 10.59005585614633;
  -3.640511231954763, 1.060946823770505, 12.21883275593079;
  -2.895833501274879, 1.142864760185531, 10.00382050388864;
  -3.597317075197251, 1.067410819196208, 12.33310310319202;
  -3.254808041181742, 1.033823443241988, 11.65498022918614;
  -4.596862581762841, -0.1645280010829449, 16.16324943553748;
  -2.675751057526854, 1.141580144119266, 10.09369498485132;
  -4.783597487086223, -2.237379098152944, 18.46824955390894;
  -3.337201039659682, 0.8786558904172105, 13.21538059087857;
  -4.692330314848258, -3.162896773752381, 18.41229025582123;
  -3.335230617684142, 0.7252216091977858, 13.269672719354;
  -3.293859322774413, 0.8608546905092694, 13.2291288950375;
  -1.882279771533326, -1.818831255925612, 8.003715780323468;
  -4.64024093836032, -0.1686114497270065, 18.34882583866415;
  -3.275066685376671, 0.7289023336580849, 13.26286945843358;
  -2.388731721880594, 1.149166794178012, 9.966211972753344;
  -3.191610559937539, 0.9575088439011334, 13.06281777461868;
  -3.184399972513063, 0.7788735531730363, 13.13045313566284;
  -2.719813954023838, 1.086268731303469, 11.39966535413232;
  -3.143993982806737, 0.7041705395765009, 13.25008364568679;
  -3.946483141398491, -2.555728239880513, 16.76068538082173;
  -3.037632565235084, 0.88267478518675, 13.05731555516331;
  -2.787903214002337, 1.047079689712737, 12.12511406753365;
  -1.683438417338014, -1.776175548369697, 7.822919238561544;
  -4.407960430259639, -0.6454323936153018, 19.27817899076762;
  -2.939891549298756, 0.4004179199345249, 13.25410767961454;
  -2.901205186709102, 0.2891071552848545, 13.15890567408182;
  -4.122222778553581, -2.510947403016612, 18.69296969638679;
  -2.871266186311772, 0.4387982060825607, 13.24289541355705;
  -3.811911271626184, -3.033161592172838, 17.64494352075533;
