m=[-12.69020129050571, 2.699448326622278, 15.44100138514524;
  -9.350903613727054, 2.507403046027334, 11.65574576286855;
  -11.00741899880247, 2.606410430592223, 13.57709872713528;
  -13.84260805580099, 2.752669899672644, 16.93262180222592;
  -40.33823969151063, 1.221604294459432, 48.33581074579141;
  -9.987371051574797, 2.581226938358321, 12.67069948989609;
  -10.05861975226494, 2.571349536247067, 12.88876457762618;
  -52.29166035470809, -0.4680727487643531, 63.11476144440815;
  -83.90800794869887, -8.182338140778324, 100.9155590734092;
  -51.53435041175381, 0.06354869282757371, 62.4366874508418;
  -81.37620229152323, -4.590371333565181, 98.10939239233817;
  -41.11354344520497, 1.106770408494296, 50.06385386562862;
  -42.58455520427538, 0.9455911371918755, 51.86677047563575;
  -8.726904641706247, 2.546433902482677, 11.38378220681257;
  -78.00455071871744, -5.598124194296591, 94.93055594391865;
  -77.10527146057989, -6.480117608248855, 93.84581872299141;
  -82.68391302782216, -5.121069464763087, 101.0090661138646;
  -9.995845811433778, 2.660299864697589, 13.08407038966973;
  -30.59972395758057, 1.284195314183837, 38.13904291792328;
  -75.77530408759611, -2.7212448681921, 93.37235159210607;
  -29.76828692381146, 1.430096617962194, 37.25963503322503;
  -28.94037834963492, 0.8315797418823336, 36.29652583849114;
  -8.242882547249213, 2.624844366140734, 11.01590670028443;
  -79.59015804165748, -4.728681715216556, 98.4123880495206;
  -73.05149361229933, -8.424933851007989, 90.57951564576472;
  -8.29458687203506, 2.567136050960046, 11.14007034109373;
  -28.03505524998308, 0.5146995826130333, 35.49069081908247;
  -11.60609345754697, 2.751861599231448, 15.28184619947041;
  -69.03682413043498, -3.721514913316989, 86.34353877242627;
  -11.31069621731582, 2.839862816152953, 15.0209367280671;
  -68.34803523258519, -12.66093838331872, 86.62961511023411;
  -80.16728949409286, -16.40312973753237, 101.4853760000921;
  -11.42652124165714, 2.79420632321013, 15.3482899130719;
  -28.07601706976282, -1.930976763567912, 36.44114582029348;
  -58.22190360345234, -6.838033342451684, 74.61531970565979;
  -8.392526156730986, 2.587693297264188, 11.57055699174057;
  -28.19568152511074, -2.161682572618546, 36.8566405708709;
  -28.46013203037932, -2.728322998194568, 37.21875263905456;
  -13.16495288528409, -4.184675799636445, 17.8668867878214;
  -27.72717552410777, -2.41742444298733, 36.7529206303966;
  -12.94919014999061, -4.172205051624516, 17.88492113630031;
  -10.48128570728759, 2.834841774861845, 14.68850768890898;
  -12.62898632510693, -3.982080813493772, 17.66693041660133;
  -10.08526543249889, 2.836080153590065, 14.2774368956193;
  -61.98884096152601, -8.89851393903791, 83.2910327299667;
  -60.30075132314085, -11.06265727826175, 81.76739167880129;
  -9.645784743074392, 2.913865345530906, 13.85015842026408;
  -9.899725070652137, 2.868426155915553, 14.29292962609381;
  -9.872268101318596, 2.68591065432332, 14.45068413693773;
  -61.52120140929403, -9.022326174710964, 85.56972810084018;
  -61.65616791393401, -7.879756054156664, 85.82591279980954;
  -45.98180534780937, -1.517154391492675, 64.33929004077147;
  -47.08664763572092, -2.85839231258605, 65.90293285762722;
  -8.334269816904238, 2.859081748451329, 12.41775309863263;
  -8.221117565638068, 2.888964448112148, 12.27628590213238;
  -64.30252004552965, -8.666037269916412, 89.90489511173315;
  -46.69945248539239, -3.456645961364151, 65.75409490239862;
  -61.51887892409745, -7.416831551739562, 86.42427914637838;
  -62.23091492453352, -8.485834883849664, 87.4369788251277;
  -46.46431825266735, -2.605332418372953, 65.62401526812002;
  -8.332269174815579, 2.84343060030467, 12.54649427138277;
  -60.07632705557646, -9.193873469829381, 85.00181333362211;
  -61.28003595710774, -7.918895384678579, 86.75390007342126;
  -46.72735056927932, -3.021811592550886, 66.66351775127031;
  -56.90944655969555, -4.187942288334396, 81.28616051433822;
  -47.77063727562858, -2.225348818010965, 68.42341787664395;
  -39.99884086756751, -1.316887885572323, 57.54926736642544;
  -62.81759043327009, -12.28688066532947, 90.82543856957716;
  -56.27786423940314, -8.384331725745611, 81.72983087171335;
  -50.99105181835074, -2.902595180459379, 74.80251577850945;
  -51.47764889025935, -2.211480013399784, 75.75239480876766;
  -44.71336631981672, -1.39169888488631, 66.32835646400224;
  -8.328684730982761, 2.815970215974624, 13.14521679147989;
  -7.74494711031269, 2.81798171099993, 12.41456798920755;
  -53.56005705721919, -4.009396518090364, 80.69181672338547;
  -8.386448256828929, 2.848577780721884, 13.40826818510156;
  -46.91069762475049, -2.600215383638944, 71.19106720827566;
  -47.82200656432992, -3.25069585169812, 72.67082095400345;
  -46.22731851130506, -1.990776793548778, 70.62042289138671;
  -26.35631785381873, -5.04388010008415, 40.89243146324822;
  -34.22765240763587, -1.018194020918128, 53.05570305028249;
  -7.648474508096055, 2.816848672245401, 12.72912247004124;
  -7.846839427611648, 2.805807904646311, 13.05863375161314;
  -20.44788015895217, -2.318178719063103, 32.73145140135032;
  -7.767486158140089, -2.918193367294008, 13.39911011162522;
  -7.725495326944291, -2.983873799329774, 13.35442203389707;
  -8.575225952315675, 2.833267999541087, 14.68519221708502;
  -7.604011356816293, -2.98106696599905, 13.27879447764395;
  -8.860585921965095, 2.769031841482491, 15.27676819907316;
  -7.85414751290894, -3.191297484598004, 13.79238123354963;
  -7.921492854548768, -3.024258055789355, 13.97187990288654;
  -7.707805606375757, -3.023648590284552, 13.62824972344801;
  -7.808174321381006, -3.259366056411137, 13.85275102535134;
  -7.770512141724126, -3.31087668693334, 13.81562654797666;
  -7.782601243830133, -3.251383693497381, 13.96185805511568;
  -8.28006631693223, 2.773430203079565, 14.8631304515934;
  -8.220658854224228, 2.769351212211061, 15.10912271712619;
  -17.76752947460878, -5.934838134261426, 32.43837785419117;
  -17.90234539474757, -0.8953813627812973, 32.83629891583665;
  -17.85142706324777, -3.255097630691724, 32.82736447178723;
  -6.210672343849129, 2.792063873310084, 12.17078451096841;
  -16.81038286363312, -1.349509904148065, 31.77889123975841;
  -13.3304145503731, 1.624351847259697, 25.88740740125305;
  -7.089660506880896, 2.784708458130359, 14.24519046497492;
  -7.343179116095708, 2.637755210649504, 14.76440082693447;
  -13.67390245641747, 0.5023595449405665, 26.87341174967577;
  -6.122564930584769, 2.844131972468262, 12.62258774359357;
  -7.196056397316957, 2.738624981865624, 14.6994935824248;
  -17.78626213421462, -2.5443267615083, 35.68027790264438;
  -7.076124056637831, 2.689216248897781, 14.83414930856514;
  -7.003517913505729, 2.596811413864502, 14.75925060012366;
  -15.6451127608639, -0.1667257418003551, 32.03961506576687;
  -16.34126773615355, -1.242130778137077, 33.58383884820137;
  -6.42729661717887, 2.747439367811271, 13.85833288080294;
  -5.775388290416003, 2.777497056838974, 12.64628405759743;
  -7.27356481658303, 2.589085023316578, 15.72699723469351;
  -17.04811322577323, -1.506022260749803, 35.75048998132937;
  -5.95829545191235, 2.780475234543233, 13.08143556241171;
  -15.67098555931539, -2.317280441557794, 33.09527889213793;
  -5.929731417358394, 2.780818360372845, 13.1946979454605;
  -5.675874493189472, 2.749527772705827, 12.68344816933699;
  -6.653936830970837, 2.770702405969254, 14.73189758503882;
  -6.12673427507089, 2.634000548745836, 13.80078585949459;
  -6.134455019762727, 2.760551014507062, 13.94207177284113;
  -15.70184047964185, -2.737261628621366, 34.36753725905218;
  -14.64804659959693, -1.464511361994535, 33.04051933303308;
  -14.36333470285559, -0.8707142884977757, 32.67006605527422;
  -4.778737438039489, 2.779224717410779, 11.62984907284586;
  -8.609593900510902, 2.602262177517269, 20.90972910185545;
  -8.232678281206082, 2.640365767349277, 20.22580131851658;
  -4.585544936433424, -2.554316249564175, 11.77350555404898;
  -4.570357449232097, -2.732761698794914, 11.84425777716506;
