m=[-19.33173183934023, 0.6011527274150685, 23.41452505724021;
  -19.3216805526551, 0.4290384107242942, 23.53325438344612;
  -36.42784484625149, -2.054867762527812, 43.91841377931183;
  -14.40612187478929, 0.6920837004768261, 18.03149924859977;
  -36.10730344209646, -2.236323878987633, 44.10972905151288;
  -35.4071228691994, -2.103639678820299, 43.78053268466837;
  -9.408062206665971, 0.6868568943752161, 12.37824563952453;
  -9.325565203390065, 0.7304993986938231, 12.31063189351217;
  -32.37504268511508, -1.745216494088612, 40.49108267291867;
  -30.60804384040792, -5.871192272801354, 38.40170960859624;
  -33.81031102862373, -6.917970181712354, 42.80114931006582;
  -32.34057562303001, -5.9908384176789, 40.99096059063906;
  -4.915435437918236, 1.424237893195361, 7.096759990239294;
  -29.48091600909239, -4.177321878032799, 40.00951330825907;
  -6.598711950708637, -2.117033206378479, 9.781990981646411;
  -21.85843849972772, -1.326915287240751, 30.5932844479527;
  -28.15370846703777, -4.128852086737092, 39.15894233806038;
  -4.175634541937423, 1.411803049663901, 6.590430910605789;
  -28.13635788513879, -3.595871165668667, 39.16605069788022;
  -21.81713479947472, -1.614882121299626, 30.71911715778289;
  -21.48286351659223, -1.204580264255707, 30.34138488268589;
  -28.14160429735736, -3.392804653133101, 39.53449588089053;
  -26.20669289092866, -5.015003831206113, 37.03741029438272;
  -27.63109941096663, -4.228567961248621, 39.09515893275185;
  -27.62824106097699, -3.570251668548205, 39.11318958569223;
  -21.68156177119854, -1.402125177366467, 30.93197368137983;
  -21.74303947291192, -1.012878411310112, 31.14325369325609;
  -20.17482552670797, -0.664218831181162, 29.02700186116943;
  -26.28853148274275, -1.934561998934636, 37.5490172365488;
  -4.295050434980212, 1.335044560681733, 6.96768949302823;
  -21.59673149223755, -0.8868934329511216, 31.46593687238482;
  -3.867403591284262, 1.424322021288661, 6.436401651391426;
  -23.7301715469079, -1.350807232000279, 34.81153002859801;
  -3.926989760063695, 1.404180499919509, 6.535258112018671;
  -22.97208522439446, -0.9868808781101441, 33.80477754935439;
  -4.34928941937982, 1.395974021335815, 7.203048187761533;
  -15.39741145880905, -3.141863132590244, 23.2516893788488;
  -22.27123102795817, -0.6444110876230936, 33.44749248573802;
  -23.81524795585332, -0.2306505362671477, 35.92298930609361;
  -22.96136048739377, -0.7534683843876011, 34.8930988390088;
  -4.230361842728289, 1.397718136190344, 7.244552756246717;
  -9.874998851009678, -1.119529849022565, 15.80716643816523;
  -4.366472949013239, 1.364571455801435, 7.528350345797979;
  -4.074876180514675, 1.372732221374149, 7.489400224515306;
  -8.73730852124587, -2.918498707251425, 15.95180217068747;
  -6.868358032215869, 0.2427069215506365, 12.80862062213186;
  -8.67938470238397, -1.582632272506511, 15.96070297385942;
  -3.527144935636407, 1.385407711100626, 7.087060284049848;
  -8.424939644500642, -0.6763403061270948, 15.92677827959065;
  -6.476601393604219, 0.4803255607543912, 12.50847401816244;
  -6.500269524006188, 0.7920777534041384, 12.62339777581693;
  -6.734780992024462, 0.2474261846763383, 13.23591002783716;
  -5.037027583640627, 1.304721522707935, 10.27158215518305;
  -6.896413484954876, 0.2228298390150354, 13.94688798578664;
  -8.512645852308486, -1.217734928780049, 17.07686344692298;
  -3.668031413580525, 1.305665851262393, 7.931065626393917;
  -7.416044013201835, -0.07903077837943838, 15.1873111511311;
  -7.781644123629074, -0.5914975402480227, 15.99248518790417;
  -3.130514902013436, 1.345868385921633, 7.051646742447342;
  -3.051432505385288, 1.373167636131269, 6.935137817948763;
  -7.840656687250923, -1.159403811685321, 16.55854501172878;
  -3.313118174329265, 1.330776018730147, 7.670289024272563;
  -6.699342270063489, -0.6698000860174909, 15.1112126990864;
  -3.316883591885497, 1.355118444845015, 7.93054051485842;
  -7.0163692375293, -0.4253366697135045, 15.9590548574144;
  -4.418066280755006, 1.304111210596756, 10.51150460743242;
  -4.299307683610399, 1.299471949995786, 10.44153301870423;
  -3.327281483410462, 1.348928741677201, 8.345635691506773;
  -4.215821927386133, 1.352088775741649, 10.35730703727509;
  -3.853523036699437, 1.31390432749432, 9.588622904274361;
  -3.326682538559311, 1.35336179290355, 8.557170159021663;
  -3.894893570499796, 1.310176170629724, 9.931705282830304;
  -4.178601441678697, 1.28696433104711, 10.65962806840701;
  -2.502069310288785, 1.371680340728249, 6.750027754281558;
  -4.139716621440202, 1.295902108626984, 10.74837850545598;
  -3.655207992331897, 1.360201598438931, 9.766818132758631;
  -4.586371997483951, 1.158369371302982, 12.16137936007262;
  -4.57874484890824, 0.9841004237846333, 12.1676643404958;
  -2.303050036355799, 1.37634017267887, 6.564063965270485;
  -4.532953581205032, 0.9674916557118511, 12.1951572714504;
  -2.500394897912575, 1.362371615605522, 7.141123487159157;
  -4.553047338800983, 0.9113880230564998, 12.3206174266999;
  -3.600930279332552, 1.34521473088009, 9.926983825203999;
  -4.473825503979955, 1.10372899569237, 12.14831862749646;
  -4.399548423538545, 1.072044104752952, 11.96330120050419;
  -3.145336450690445, 1.371487354516618, 8.972091653943295;
  -2.637288707373243, 1.35860133004725, 7.668536678573557;
  -3.523906416691299, 1.331962794079125, 10.04652779833632;
  -4.305777290705126, 1.15865689009805, 12.20139112866203;
  -2.99058459903921, 1.358297464837927, 8.870710696545276;
  -5.473160343124608, -1.57720713772038, 15.82982437665971;
  -3.529022288520817, 1.256419067784893, 10.61141970762262;
  -3.142703401999081, 1.339065077826588, 9.67574894132925;
  -5.255071351474341, -0.6774581634432035, 15.75898551683716;
  -3.093074663238282, 1.299225541006125, 9.631676984151515;
  -2.891840284854547, 1.31523840363293, 9.244152117049085;
  -4.455247674820515, 0.4244356854094009, 13.84810353521187;
  -2.802632697226979, 1.343020066908644, 9.029138626394152;
  -3.994166819614506, 0.18951575132976, 12.87943161695981;
  -2.753239114821921, 1.325423522067669, 9.235629037851405;
  -4.582451021417344, -1.543487754743565, 15.39127840598269;
  -2.518621690696147, 1.349052208783937, 8.845770665046008;
  -4.542429333308783, -0.4096013908247909, 15.36748881396465;
  -2.488524210441805, 1.31286580169612, 8.861721894343694;
  -2.403593544502539, 1.350422016337989, 8.612563280035991;
  -3.036581247644657, 1.306392668134104, 10.80395457050183;
  -2.515602010737808, 1.352425889770364, 9.252470425761517;
  -2.912793710648697, 1.283908074086905, 10.66239529771976;
  -4.34830488344218, -0.2006881105591925, 15.54860170371138;
  -3.291126288689371, 0.1363913082330849, 12.17444093048885;
  -2.517748225742512, 1.315402691735338, 9.736916932216261;
  -2.164095616139366, 1.330865061391569, 8.615291041455235;
  -3.667038581527527, 0.1380126066076025, 14.21473424755078;
  -2.314624030845726, 1.322341765019736, 9.37836074777753;
  -2.428414424894669, 1.305248032108463, 9.857321874773836;
  -2.205752007860542, 1.328172080311565, 9.433690963617881;
  -2.264133631600041, 1.259827458980054, 9.923278724616342;
  -2.615433425456188, 1.099423758375042, 11.47279726848995;
  -1.950201471002929, 1.376726544605971, 8.770847705294431;
  -2.589444690086426, 0.9533990794339342, 11.42433688114607;
  -2.697495379957231, 0.362300310693524, 11.99737894063026;
  -2.580054785678436, 1.095019774210144, 11.5213883625222;
  -3.495060113629729, -0.5654568833508712, 15.40584967040969;
  -3.559414001529217, -2.578708712873154, 15.76506941444994;
  -3.526614814666241, -2.55457864337295, 15.6399068235354;
  -2.531451249541396, 0.9540017077922951, 11.4173921558935;
  -2.496822285389705, 1.189644046935759, 11.40504054548993;
  -3.413981871934622, 0.1974150378717859, 15.42970599176409;
  -3.320973906860608, -1.896862930970583, 15.22378791812391;
  -2.40161066190195, 0.9249713625606005, 11.37200347376311;
  -2.068532248625957, 1.301678732948444, 9.946290844269827;
  -1.564397865575867, 1.334418062382779, 7.746700673871769;
