m=[-11.95453713606555, -1.988755885594198, 14.28984920523763;
  -11.4774136364025, -2.042088167252527, 13.90409942864451;
  -32.40481024230812, 0.7549168386444842, 39.38988111515392;
  -34.68995666863989, 1.525127014182481, 42.11315454495409;
  -35.22199458643809, 1.113697379716867, 42.96769712222016;
  -40.897304001601, -3.273666488208748, 49.85058023171346;
  -41.52439761447776, -1.059820052104992, 50.6565041065414;
  -32.28005260260496, 1.067667551715879, 39.97856408456428;
  -32.36279439342106, 1.22697211229326, 40.09854668306892;
  -41.9609993173483, -1.570840710279207, 52.01735815857226;
  -39.42757098431034, -0.9542059517435526, 49.20947787760343;
  -32.05751271915062, 0.6924988123979382, 40.21194853365314;
  -11.84972841723351, -3.280315206385563, 15.45804301310921;
  -34.16416197316084, 2.701564606595258, 42.93638234426211;
  -39.05660906170211, -7.919531052217859, 49.0825602971003;
  -40.77802041047649, -1.007018054082333, 51.36637734078893;
  -42.84685797848916, -1.344099006036444, 54.04782088945482;
  -43.15295339407258, -9.105613035480898, 54.48904976626567;
  -41.55244724525984, -3.312648360121981, 52.62856320269728;
  -40.97830335999659, -6.490057459386398, 52.00144386444451;
  -41.61936200062776, -1.630763976280446, 52.83067075421849;
  -41.34334338525552, -1.060258162354673, 52.56437155898188;
  -32.16119807434709, 0.7715190020395658, 41.09995475362618;
  -22.01415047598427, 2.830275986946933, 28.70543707281142;
  -31.82436815792223, 1.014667293311443, 41.30684913457544;
  -31.18711454874791, 0.745479124915834, 40.61170202513165;
  -30.92945998280543, 2.717571487636461, 40.32936028322924;
  -32.31625379279735, 1.076055569140133, 42.44175118727162;
  -31.01659679968509, 0.7201484640985791, 40.94106362972745;
  -31.10971543140132, 2.376829718381504, 41.14579494825877;
  -30.41905772993325, 2.694738588371784, 40.80688539456841;
  -33.28933954099428, 1.228799232952887, 45.26594809699964;
  -44.01035973927664, -9.650433707288192, 61.22525917875087;
  -10.06327015779042, -3.244435241397679, 14.65889156648788;
  -10.000041009783, -3.299510145724039, 14.57092982208166;
  -39.51608472419228, -1.554721031829495, 55.18781245481082;
  -42.73854075993032, -8.594741936688632, 59.62879939090312;
  -40.09749079881662, -0.8552288496586326, 56.01742068755823;
  -9.981983863162069, -3.188956819040714, 14.71531437255299;
  -39.41032143298546, 0.07273564086169079, 55.77947965851385;
  -40.44130622661041, -0.1808036509827286, 57.36956483439749;
  -39.91680250443883, 0.2213150380937463, 56.64930509072205;
  -50.48171125844562, -12.87964979223745, 71.56380353021547;
  -45.50383841859588, -4.899599585827901, 64.69130351558921;
  -40.8014708904421, 0.03172881131407417, 58.10816280202282;
  -66.30494426751635, -3.280073495354923, 94.3850949735824;
  -45.84031278002046, -0.9485629340807403, 65.8372606844911;
  -95.73780039774549, -23.00848873456112, 136.765464517338;
  -38.48183935886092, 0.4735760578591042, 55.95882847336512;
  -31.43429380629268, 1.169804691708503, 45.87775557043986;
  -67.69163081777936, -11.02955951676961, 97.83417482063257;
  -15.46273775536865, 1.390058681813553, 23.05296839597131;
  -69.61184223901506, -19.93674054793608, 100.8177982919815;
  -51.92523043137141, -14.65835291874233, 75.46353079180129;
  -15.25007105957769, 1.539224738068256, 22.84604732684695;
  -69.92386768371178, -20.4564286997599, 101.8220499078011;
  -15.2356955093646, 1.634681968723707, 22.89782105272741;
  -62.00236057673194, -15.27099030713456, 90.62106277146991;
  -31.33177040965096, 1.051504534033146, 46.24487878942882;
  -43.65453066916809, -1.623316905213864, 64.14361802108199;
  -41.95670233543952, -0.6313201259051507, 61.77119600669388;
  -69.23950774131204, -17.38556164206496, 101.4479461823966;
  -57.36048198943254, -16.36446109497086, 84.65199063987724;
  -69.17030349774538, -12.89294734092277, 101.9866135618332;
  -68.91953289756138, -13.38025356145076, 101.9304790223315;
  -63.80357021710584, -17.90007716309086, 94.538093733087;
  -30.19306056962657, 2.204796506068781, 45.47048755788896;
  -60.76592824032187, -16.63772022335233, 90.69602058823254;
  -71.14197316857283, -11.50306011527334, 106.2573052979563;
  -73.29614881167156, -9.125822608309031, 109.5979433745958;
  -60.50410654196465, -17.30436090443912, 90.71155877474075;
  -61.97341076862914, -15.21945986769299, 92.91701198811673;
  -64.94018233320762, -15.27903693347673, 97.7453646736716;
  -63.28310370664819, -11.86756566923064, 95.51466418592355;
  -62.33340823400062, -12.3786224957257, 94.10664051609804;
  -65.96921757617012, -11.09073498017316, 100.0766506186986;
  -63.75110758377476, -15.91793933454038, 96.73097590625791;
  -57.47658109716434, -7.609233931686337, 87.38467120660101;
  -64.6187690004429, -12.14396627821439, 98.90893566478817;
  -10.36453327274104, -3.70403535522305, 16.57499145020318;
  -10.15048442304761, -3.743734912438335, 16.38648672568303;
  -10.4444143958022, -3.708241544250254, 16.84187691816637;
  -63.67057254948671, -14.7993062934608, 99.14552820164046;
  -71.73561632244324, -18.87774205040049, 111.8207490079111;
  -62.81341214196081, -17.82310205256562, 98.18522834001082;
  -63.69607300298396, -14.15875607771104, 99.74159976878551;
  -63.42740280634779, -15.95637395650456, 99.58708999356293;
  -56.53583721448985, -13.73806224200215, 88.88008503087964;
  -58.84610994946372, -16.48323601283552, 92.7082335259466;
  -66.02199900246585, -11.3152277884358, 104.2514765504393;
  -10.21181036103937, -3.930867518113343, 16.87348392334776;
  -63.14888849064061, -18.88349373482111, 100.0624692330307;
  -53.99793637175418, -11.3299881667643, 86.12512377674611;
  -68.3888709156561, -18.53309845873756, 109.0112900278047;
  -10.27817714793629, -3.761994615153674, 17.1078204555501;
  -60.92489620414067, -18.3071583749746, 97.35546776403398;
  -57.19668902843124, -13.000715752131, 91.57237924908525;
  -54.7598529392563, -13.59183147814665, 87.84699886003902;
  -62.75457494083295, -19.3368310612647, 100.7457109030415;
  -68.59140434759168, -21.26866456987752, 111.1240135833622;
  -72.85062611521039, -9.623029851990166, 118.1532491773271;
  -60.62860727475859, -16.6194506813859, 99.06206442090796;
  -65.21822073155462, -4.632439076599946, 107.2379689177259;
  -58.32882678836893, -17.37323412240976, 95.99899239326823;
  -52.2544657848113, -12.51462092318896, 86.15274280935255;
  -57.92913073369723, -10.47244913966917, 95.65984830125501;
  -60.27988256388024, -10.18865578112975, 99.53107791735883;
  -58.04875065322187, -14.90486456690458, 95.92191791276792;
  -62.15699836248455, -5.612942653748299, 103.1988066747106;
  -59.78962189140042, -14.66932344014018, 99.29235799198936;
  -61.04261503452155, -6.477530317930404, 101.6101434724771;
  -66.35868558752344, -20.67144697425233, 110.4283369094789;
  -57.85954335346745, -14.92977341691344, 96.69104198859972;
  -61.92994242797637, -10.30626250800438, 103.8324663848925;
  -66.088298131532, -16.27630650531975, 110.8637898326523;
  -61.48055423765145, -6.181895661192236, 103.2428855459776;
  -57.45808297787894, -15.08486276939364, 96.69821177926897;
  -57.31007466472645, -3.029425764673453, 96.5231432905392;
  -57.83849807386059, -8.359177231297732, 97.63456252705041;
  -62.64122606680184, -5.738352743328497, 105.907444802966;
  -60.6123490025284, -4.471175112009782, 102.5401698546158;
  -58.22902893655761, -9.95327856587183, 98.53898218687111;
  -60.9412870529714, -6.435291727260313, 103.1925848251;
  -63.19239990230705, -18.40972511725039, 107.0009242380956;
  -62.27628607397914, -16.79465668426678, 105.6357228192267;
  -50.95771049796772, -2.042601151431007, 86.61012893098858;
  -60.32210614493832, -10.8007589178765, 102.5696003531271;
  -53.61247453328278, -3.444858546531114, 91.31960393962254;
  -59.29845018976855, -11.7900715421358, 100.9421865306283;
  -69.90005673248, -17.05684295050336, 119.4358944980306;
  -62.11805162111037, -18.68408575317832, 106.5675654800657;
  -38.19050153208922, -1.11219712431448, 66.16684058373103;
