m=[-11.14943787470234, -2.447488142556443, 13.34593306587216;
  -13.05273119169557, -3.922997030483792, 16.19978289710735;
  -37.59191031517464, -0.1048382116024304, 45.14072728549417;
  -37.62283697351345, -2.318546819087599, 45.19823137581447;
  -36.55796262558437, -0.5206725133311054, 44.43316958138107;
  -37.95833654960755, -2.793736634321486, 46.19246194055374;
  -38.73572662191068, -1.582249732423964, 47.22091574768177;
  -36.9697456228105, -0.9613916583160623, 45.51194060763727;
  -38.92845541239181, -6.306336952502317, 47.99661520702775;
  -37.89728673834193, -0.5128944012082143, 46.78886859623628;
  -39.59372638311291, -5.974886742983435, 49.21863916895295;
  -35.85086479267827, -1.03717697260217, 44.86941620551341;
  -42.26707097939014, -5.606940882235007, 52.81646123474695;
  -11.33009444544151, -3.504689994986463, 14.88874030280565;
  -40.42394834210664, -6.290657893508345, 50.98887361001813;
  -36.36843486663404, -1.078749208807261, 45.97894693710714;
  -11.43823306015985, -3.649635333726738, 15.23778281359705;
  -40.28316607241121, -2.076081175594422, 53.00965457938708;
  -41.92410021751331, -1.022339509081587, 55.21455866500232;
  -8.07783797605296, 2.805664443486094, 11.50683046601907;
  -35.11089305365248, 0.326987493851025, 47.49198684029659;
  -31.87774923569235, 0.8591492584655607, 44.09822577865504;
  -38.31257671347991, -9.763012061892535, 52.94420122539017;
  -38.59431691112882, -4.289104023665034, 53.46727244463065;
  -31.37245487697581, 0.3788016616916523, 43.65163576790083;
  -39.14854603648909, -10.12876858692722, 54.71103217975681;
  -39.19647204150719, -2.004136542275597, 54.93911652648941;
  -34.31609814357192, -2.149187486296628, 48.30082195106731;
  -30.18605150687895, 0.6075379259924004, 42.62433619631634;
  -32.26772569501655, 0.4426832523085603, 45.87872064548381;
  -39.1387142527383, -2.546499159799006, 55.84649544186581;
  -33.32802827141168, 2.208724339358211, 47.83434245497401;
  -29.74942036049196, -0.07191507366851124, 43.04392448244663;
  -20.08315335728956, 2.479621889292024, 29.39402144038474;
  -31.00836767004557, 0.1478668347927124, 45.1804440434806;
  -39.29450064983896, -4.124875674722445, 57.02937691257251;
  -35.79049432087599, -1.559952058664912, 52.14966504255565;
  -37.97650520644228, -2.754058212308368, 55.28178462327104;
  -40.06245606492265, -10.45925831856423, 58.34662126831854;
  -39.36158392743602, -4.444881232027829, 57.50419703767466;
  -38.73703246191987, -7.833910165120229, 56.69491293333017;
  -39.04797078441181, -2.648212289022032, 57.18658205141298;
  -39.38613527132919, -2.063472300203187, 57.77835272271026;
  -29.1011102265481, 1.235393779811062, 42.92577757600252;
  -29.97390601257122, 1.689556043575781, 44.37724894528953;
  -28.96303909690067, 0.3694366695772096, 43.00882868327049;
  -28.77811563710051, 0.9177112255338898, 42.8006326161096;
  -28.87931501576353, 2.179288435265158, 43.05107975408378;
  -29.16799526644628, 0.6604837107753978, 43.5567917169717;
  -31.06138902492612, 0.4232682408273936, 46.68326072038779;
  -30.98068218784028, 0.7358815818617694, 46.9660434940873;
  -28.75290674661906, 2.205024140786438, 44.21736222309959;
  -30.9367910182855, 0.5362534552420654, 48.38611862907123;
  -37.48466640521696, -11.45356552218034, 60.23996025706931;
  -40.00828386212982, -0.7039762591181816, 64.44821878113092;
  -38.28674548386305, -11.80985988298444, 62.11294874340549;
  -38.00220033031216, -1.917524869334861, 61.76054935019734;
  -38.82350402140561, -3.49550983991291, 63.26882063339421;
  -13.70917900631707, 1.258588210559857, 22.88697407692841;
  -42.20688407198118, -12.49114973038362, 69.14256779940754;
  -37.83839873842311, -0.8936148989127631, 62.38771813553473;
  -35.94376268490422, -0.6874091104640244, 59.42011023266932;
  -37.82989685475786, -1.455751318483839, 62.63203214077819;
  -38.49274565607136, -0.9528050094478821, 63.92962550807349;
  -51.02358698440305, -15.87066454257459, 84.76004571401118;
  -46.13557128705612, -6.839636870055262, 76.81835603951998;
  -65.11722397808761, -6.520181660846575, 108.5245632298817;
  -65.40757133957081, -13.32087061618361, 109.1570418891101;
  -28.3451695770543, 0.4806698546455034, 47.93882013292976;
  -58.14978576217511, -4.856243630392369, 97.67322489116405;
  -69.97306932498988, -25.48609939296994, 117.5194068607852;
  -69.90336520685261, -18.9044537485392, 117.4532846171631;
  -102.1947305933496, -32.45286723083414, 171.569058982856;
  -62.56857501467622, -22.2196259827384, 105.7815957406982;
  -70.2138397152908, -19.98520677485045, 118.6421203741653;
  -79.22454318442075, -23.85160113556677, 134.1296374608519;
  -20.2364912102323, -0.3572410679830386, 34.9725193506972;
  -64.38164944887227, -6.675748144033261, 109.9466781593497;
  -40.83619374146869, -2.127358804371216, 70.10607349042513;
  -75.37101632459606, -8.425276927722813, 128.7240039550764;
  -67.35398873995906, -14.36423184366554, 115.1154236399972;
  -41.47351995714317, -2.797751245736027, 71.54900413362854;
  -24.75002698825816, -0.9447402484613396, 43.06426675423433;
  -58.01612061647605, -17.78055422920065, 100.1928140624974;
  -67.8939470204346, -24.62835110290829, 117.1478418127089;
  -56.96260112220616, -19.9700672907193, 98.53358323528533;
  -17.72272726606928, -0.2014439823041932, 31.49317710523503;
  -63.13315716147831, -22.37316565704994, 110.1313510989383;
  -55.16181580935388, -13.30189451211059, 96.44265778696969;
  -60.33991980984592, -21.10684601056063, 105.8944922298535;
  -57.92633755482607, -19.82136324576497, 102.4216206010811;
  -54.27455632391186, -12.68742919533732, 96.11008967962623;
  -50.75473827472155, -10.80906793540826, 89.93938798411615;
  -61.48308645043031, -20.39834227712788, 108.9771557017699;
  -70.32993717155564, -26.96432314086731, 124.6425659765993;
  -56.7854805735108, -20.25766431340453, 100.9420016921285;
  -63.84320670213407, -19.79939511214296, 113.5480324251794;
  -59.19602368788812, -17.68600720259562, 105.8122865334675;
  -70.57480517327626, -17.99310432986104, 126.3661565580973;
  -72.92597600307718, -17.77874319267826, 130.6939852264958;
  -64.66641007341316, -15.13658421983494, 116.0744082088985;
  -77.36770570189029, -20.9173125223528, 138.8213742427884;
  -64.28992899388398, -20.3235093614612, 115.9058135477508;
  -69.19029445990793, -15.3137295866735, 124.7678698792627;
  -63.33760801222765, -24.39397961861213, 114.5157280852644;
  -61.8016155230811, -22.08017961293117, 111.9198251442512;
  -64.69457309433382, -24.56066407138779, 117.1348137169219;
  -52.87374539576898, -12.9454911100539, 96.15911186810239;
  -62.19322026489247, -20.12730990324332, 112.9704967730293;
  -58.68427928194996, -12.7461918034641, 106.8545417995342;
  -58.74337973892236, -13.8781507309083, 107.9837692945119;
  -61.89884065327031, -22.77530702303801, 114.2280241118529;
  -60.20500476112904, -17.88916988879613, 111.716906462732;
  -53.3391869346783, -18.0588439606898, 99.21308386259442;
  -62.61773971600293, -20.88507196371313, 116.4871928277447;
  -61.93112969513429, -17.72242103122796, 115.6669713044032;
  -59.69196923961727, -19.12453748270045, 111.7817729782241;
  -63.34986030756303, -19.65271361427691, 118.6715019017387;
  -59.33691339402459, -22.56947734354807, 111.3138670348486;
  -61.2285266428167, -21.65064751374012, 115.0130717341926;
  -63.3304329745786, -14.41883124756461, 119.3528392747605;
  -50.992650877309, -16.78738577862527, 96.47191672073834;
  -59.60642399791142, -22.39665505201409, 112.7610993624503;
  -45.991912009259, -6.7233190596831, 87.72311376880539;
  -51.07222664164735, -17.56401313244701, 97.32380534352643;
  -54.41983173663426, -20.53109675490178, 103.8466638113019;
  -47.96090379407472, -14.09166433904774, 91.70064944073997;
  -51.33425734205015, -16.3707041906019, 98.27320222033954;
  -74.59746668397067, -20.88761225634377, 142.7913882828004;
  -57.23012341721886, -22.23875997708093, 109.8808118317332;
  -62.8447728836707, -16.56044786352735, 121.0656208195414;
