m=[-11.85498171388848, -3.446598770014124, 15.11002983000127;
  -37.31075364133866, -0.5188674986281902, 45.71547681672312;
  -11.96696814024746, -3.467115185293904, 15.43127006606758;
  -30.99512067107878, 0.8053667296104884, 39.94848201036451;
  -30.30095977819657, 1.044059677046959, 39.08102947228355;
  -30.44501583798023, 0.642655552291903, 39.47820570934303;
  -35.88165460494756, -8.383812415771855, 46.56855942791241;
  -36.37302638278297, -1.399377055066755, 47.32193054359512;
  -29.85429482292982, 0.8480999024095515, 39.27606079462945;
  -30.69897078877247, 0.6849671195178434, 40.62709351984287;
  -8.567878573030153, 2.841271539669786, 11.99550808147708;
  -36.76125828053193, -1.892489443929267, 48.6387515976161;
  -29.09969078757346, 2.086704189884995, 38.9020362168451;
  -38.14451213695998, -1.415988271078612, 50.77229436803781;
  -11.43456011609638, -3.428851224380801, 15.88979139936602;
  -33.53319666137612, 0.2787503414553379, 45.0307853569276;
  -36.18172002749236, -1.373018757346713, 48.6523070584765;
  -36.43097683052012, -2.146551226049717, 49.1385301743917;
  -36.38993733315352, -8.547398750076019, 49.10381376830448;
  -26.85787321887839, 0.3603857904752539, 36.48932114384279;
  -37.2123938174495, -3.573667973467781, 50.34080618401427;
  -37.18706302340268, -6.689418082890622, 50.39769131979988;
  -20.84646302594547, 2.597546486420225, 28.63951070096601;
  -37.11767229399673, -1.982892048109215, 50.32930668817784;
  -37.31258088551986, -1.461319768844666, 50.67186184391526;
  -27.69218484128031, 1.37302370791295, 38.03376852754774;
  -29.09076362695452, 0.6318393774273919, 40.16292635629234;
  -28.90960031294511, 1.150683811214387, 39.97670059737602;
  -28.61281841429633, 0.3809747415589943, 39.62066331175691;
  -28.56670541479828, 2.300973743744331, 39.60035245099851;
  -28.914614650068, 0.9017115826624735, 40.13678046038615;
  -27.05000562550209, 0.6613955280408573, 37.82259249782462;
  -28.56103235365529, 0.925224744325601, 40.22429707790833;
  -28.25894976328518, 2.311460728715561, 40.35003699644426;
  -28.0121204829725, 0.7428182990220532, 40.64497253585862;
  -33.87505108615312, -9.282524171012359, 50.23367318563754;
  -32.700864560838, -0.1869180552867116, 48.63330580875267;
  -35.12850941032362, -9.699203077419117, 52.51659544043399;
  -37.25181970597228, -3.198370619593995, 55.71941173131921;
  -35.14483246633306, -1.313751092502022, 52.6442538984762;
  -40.25908350383808, -2.150470176706285, 60.28216494885219;
  -38.38274671615277, -2.886184956963644, 57.56093850579479;
  -50.01000144764856, -15.06643430504962, 75.44539419043331;
  -35.45813296180193, -0.3873753737240922, 53.82479911281976;
  -8.938887350006318, -3.361054768287285, 14.2426192709802;
  -34.26361927702424, -0.6102719648181652, 52.15688304976755;
  -34.39162678779853, -0.2419123148783303, 52.36475887719958;
  -52.23805347761733, -15.51009773222475, 79.16519337308932;
  -38.60366618763992, -0.9588645187281469, 58.75110091566885;
  -35.02980697358089, -0.4239888927359269, 53.55199341076057;
  -14.8596924315857, 1.246244828407981, 23.26287534328536;
  -41.95967175825079, -5.356222629904535, 64.13410484536115;
  -14.26064182021694, 1.356821695471404, 22.42687848571667;
  -48.60968975057625, -2.392851403617203, 74.4095481001072;
  -14.02928473895453, 1.430818248406235, 22.13895408829517;
  -58.1075624757471, -19.0230205787849, 89.18303569089549;
  -50.17166958529649, -3.309653343289887, 77.11813049652969;
  -37.81002536620274, -1.305990032199524, 58.42249951854912;
  -48.11115300829601, -12.17159338911815, 74.40681524775927;
  -56.45178154679537, -18.00724105704979, 87.22232456431543;
  -27.8559043078905, 0.7428294701135696, 43.49832203602377;
  -55.51369733067744, -14.93491312981836, 85.9099526283096;
  -67.01930624862844, -6.228691761150253, 104.3858088836131;
  -52.08796382119837, -9.730427552758236, 81.36905635110088;
  -53.95121818293664, -16.77839742620916, 84.60929600135785;
  -37.2323631129773, -1.372707954661217, 58.65763476853432;
  -31.78509390766202, -0.9624084231051304, 50.3354103000785;
  -38.90642908610066, -2.009374871937591, 61.54521388164889;
  -55.85643418419409, -18.16942284399708, 87.98220215554643;
  -51.75451314975147, -14.16006850092379, 81.66958642016367;
  -47.76399677782958, -15.15392347059255, 76.14547076739943;
  -50.42300244564073, -16.19965424569087, 80.45939201540085;
  -53.45479658096885, -11.33643487142202, 85.2838563122278;
  -51.52873725760941, -11.3652436217696, 82.47434419346857;
  -49.01641551646626, -15.32486682754439, 78.55555422839957;
  -63.65778857781158, -5.024801816220184, 101.9666291523016;
  -48.8896105520244, -14.94083609232365, 78.91563211856844;
  -48.88872035012471, -9.092492906351046, 79.07816842510418;
  -50.18396152637186, -15.99808008047953, 81.38493894265217;
  -51.08258051818037, -14.07259911613777, 82.86075579658228;
  -51.95824733614546, -13.75977037473663, 84.66345610460154;
  -48.5379239432527, -10.96789999568637, 79.31011366262507;
  -51.41879602687487, -11.00464545400432, 84.0035889599768;
  -55.05427718373387, -13.12411494164581, 89.97434698904586;
  -52.78946428471096, -10.80903585916402, 86.33773393615641;
  -50.90335823329577, -14.29273826559515, 83.63859249603584;
  -52.26142879071456, -10.09821862883313, 85.86771014860969;
  -9.4837418359464, -3.800405461226958, 16.3102870566237;
  -59.26819395636589, -20.16277563042556, 97.66517361019574;
  -46.52244417647513, -9.991833860529368, 77.14696862175487;
  -49.82128331168804, -9.424442744273833, 82.6473299373905;
  -52.17907134286769, -17.09220013439946, 87.59290750332053;
  -44.81059555232626, -10.82288793462294, 75.74173547742014;
  -50.56127071687777, -13.27506744831512, 85.36385701700843;
  -50.74937416221485, -15.00580524936258, 85.86595468985689;
  -50.85994993984235, -12.8157327179344, 86.37470075665054;
  -49.16779043695861, -13.9348456507312, 83.73634133939156;
  -49.86411048739173, -13.67249282855603, 84.94290650754579;
  -48.98345844806949, -15.37494333981693, 83.66455159224867;
  -48.54923907595246, -9.66080977313881, 83.21939465209901;
  -48.45838157675161, -16.18813578237958, 83.32769563744766;
  -44.76896153740243, -13.0502938940871, 77.06433558961426;
  -47.90293802247499, -14.58623417260393, 82.94463819309378;
  -47.36194715238944, -15.89722852927086, 82.14311737627558;
  -47.7355623630303, -12.31603247763892, 82.9034595315313;
  -48.44994268142849, -11.88392079874578, 84.22133146484097;
  -44.7683352018168, -12.5762730588904, 77.88935595585788;
  -47.92131691212646, -16.54178681351971, 83.55307045885674;
  -48.17649884754164, -16.73574326365759, 84.86886607178232;
  -48.79358289023089, -11.61368035961638, 86.05953408947514;
  -52.96571631679296, -8.272319753742227, 93.43054271473962;
  -28.04615128664304, -0.9534745474891702, 50.13408777001005;
  -46.80907571301808, -14.4768837807997, 83.11649561241656;
  -51.49811127012316, -5.213636162172649, 91.43332114580279;
  -45.49712833760747, -14.75477179158302, 81.20541726609707;
  -47.43328907572231, -13.26076384113961, 84.69700117728846;
  -47.41769569845906, -11.04751466876667, 84.85377977873401;
  -49.71200871822822, -16.60294686659206, 88.91265785074755;
  -43.82341658894357, -4.031933153657847, 78.36085160283432;
  -46.76180955062233, -9.763047699454118, 83.91573668818309;
  -47.29261512354568, -9.263596048075037, 84.88912013183928;
  -47.00896297875028, -13.66585430996428, 84.4323433873288;
  -45.54739228195945, -5.078228095561702, 82.24968069724008;
  -48.10736523929032, -13.37754328908308, 86.88066010019385;
  -50.7983141823144, -17.74570709473209, 92.02860436747211;
  -47.35814073509958, -13.78328972465456, 86.08034380592937;
  -42.33267918836272, -11.81047776354879, 77.33977584139467;
  -49.52076180416863, -6.09516599121147, 90.49545537764512;
  -47.35013965860529, -14.10699276865462, 86.70915438678419;
  -46.44867302348295, -7.912172285608373, 85.31213940208188;
  -43.49322880102959, -8.647629733311618, 80.10309925956332;
