m=[-17.41359568097401, 0.004470944273312224, 21.06725576824509;
  -17.34044763746928, 0.6053612978278176, 21.06747380203132;
  -17.61228326572556, 0.4492975616961532, 21.45369137294187;
  -17.22884913592394, -1.299234861124694, 21.10611819094851;
  -17.04800336327876, -0.6586945278613134, 21.02745115773907;
  -17.06011069646826, 0.7490419933274241, 21.06910696958193;
  -17.0366851697685, 0.4671671515103839, 21.04042792923823;
  -16.93509951960573, -0.9891796119829543, 21.03344198654849;
  -17.14937628308503, -0.1361004064599412, 21.30922906908457;
  -17.02584375878365, 0.3513638388269997, 21.16981879204776;
  -16.97311487719324, 0.5949858046112926, 21.14114409799836;
  -17.02389381602085, 0.2434648133204129, 21.20748864759949;
  -17.12153295348599, -0.7240367629377168, 21.32822416972455;
  -17.56009108978954, 0.1182802096727817, 21.94023375170699;
  -16.77879678722956, -1.208977567396307, 21.01479339286234;
  -18.18785070678878, -1.642382778463579, 22.86375300106798;
  -16.98921628144375, 0.03529521331021731, 21.49169510923673;
  -18.32764314945401, -1.815792161613447, 23.19295524841439;
  -17.6584646909178, -1.347748121553047, 22.51871160012699;
  -16.94717063020013, 1.051586003175157, 21.68265041504699;
  -16.68901449586139, 0.5361932903448776, 21.65313952189861;
  -17.35422179162299, 0.7322097715145967, 22.49784868529714;
  -18.10553539825566, -1.207572945785172, 23.47221236800399;
  -17.08489709518246, -0.2580117777890379, 22.40379586546291;
  -18.40540150039974, -0.7978287613116616, 24.23885758224388;
  -19.25882146481127, -0.7241311945127921, 25.60145877506716;
  -19.68029488034133, -1.036906509958579, 27.20158982687752;
  -19.59594393058442, -1.074541646247357, 27.9765829367303;
  -20.38313444955103, -0.5283233501413746, 29.14487873660408;
  -15.14076261702455, 0.2056507457311713, 22.81825193316478;
  -14.58323491987761, 0.3202234457804346, 22.30503111926035;
  -19.44480524291459, -5.397307922851018, 29.56204778533666;
  -19.21994695245195, -2.314785232449439, 29.28745638966537;
  -18.89157877327502, -1.034572996611506, 28.80912785710543;
  -19.67412144624108, -1.318792446648648, 30.06587263597111;
  -14.58452560349923, 0.2200172086199425, 22.50133892486312;
  -9.513335507148673, 1.273141306137188, 14.96125140780818;
  -15.44343296653184, -0.03442055682578894, 24.23278184543265;
  -13.72088225477234, 0.07228979458345738, 21.70857186098878;
  -19.2825534647287, -1.13450059953602, 30.29008417636448;
  -20.01321713017321, -5.396421026086043, 31.5328506602944;
  -18.93002081133894, -2.134245476420851, 29.95196716360983;
  -13.83626718098747, 0.6376908435489403, 22.15101107801259;
  -18.80843697727742, -1.484075442520206, 29.83982458788605;
  -19.66719449146652, -1.228363327140932, 31.2498742215355;
  -19.51049337201601, -2.368439851651822, 31.08727624525154;
  -14.04785260119745, 0.8558225374033927, 22.59187429746169;
  -19.53957020890506, -4.265153459430462, 31.19067177415052;
  -14.33928707055085, 0.1992037162722391, 23.11781233823923;
  -13.8603524328878, 0.480298227265339, 22.37993933966819;
  -13.95104494665984, 1.134776456444697, 22.58274136708233;
  -14.19330593999505, 0.3540579844636176, 23.02424625310966;
  -14.16862200787504, 0.2176524933425885, 23.17194028594386;
  -13.83732501092983, 0.9408140797782769, 22.78335269019895;
  -13.38095161552762, 0.3507927825733706, 22.08499615606781;
  -13.67435696888658, 1.135737086098878, 22.88173862528877;
  -14.47924058136547, 0.2744419187096007, 24.70586013564823;
  -6.293024880014581, 0.6330033199208938, 11.26617557515293;
  -17.22591819113519, -0.2937503657241632, 30.47716601650401;
  -18.77816737753431, -6.278609548717228, 33.43551810655782;
  -18.71614778538321, -1.033552845614896, 33.38525117623672;
  -21.59896486757834, -6.871314200146959, 38.92376646155447;
  -18.13978416588569, -0.3744570782261157, 32.92674029434953;
  -18.71831106445529, -0.5006893129246852, 34.1799831698578;
  -38.37949632048701, -12.94919808656081, 70.33208607064329;
  -34.93671658231595, -10.76795246186601, 64.56487887126895;
  -51.38063098797618, -18.00751167447035, 94.8797770336523;
  -31.49958339536754, -2.870943703032436, 58.48861691073749;
  -35.62484984104355, -14.11887544495195, 66.24690339541384;
  -8.038143404354614, -0.09863008952751794, 15.54677196886418;
  -35.3223955586675, -13.26255719707394, 65.87194397007924;
  -37.26763585214653, -15.05458999721521, 69.94906330711159;
  -32.61219232118464, -7.584561700851482, 61.76673384269851;
  -40.97462396068773, -4.992161020469828, 77.60448571239388;
  -26.88054737528061, -1.983118968929259, 51.17830757784112;
  -42.34233561218368, -8.93940703930914, 80.6140075681835;
  -32.34612781633136, -10.81917931078716, 61.87659994599258;
  -34.66062286435962, -13.70777058743959, 66.32146690483511;
  -36.58847302558944, -9.598113923756024, 70.88166896382879;
  -29.88180502222474, -11.17286331158301, 58.61984063963845;
  -31.39350792427538, -12.83329761089332, 61.60808497419381;
  -29.25748984667869, -6.830931132953226, 57.46921233974371;
  -36.08287833179789, -13.10472338451641, 71.01842590133219;
  -31.0916339704999, -12.11439693032743, 61.32889075931616;
  -39.61344931787296, -16.62627962383023, 78.04258360412605;
  -34.09361134161065, -11.56558432859073, 67.36057026733447;
  -31.75028137519237, -10.37512666709333, 63.02876494569947;
  -5.171660940938736, 0.4345808249205122, 10.89207927169522;
  -36.50887053983106, -10.17642655478607, 72.70257535312932;
  -34.40881340164114, -9.178741866371601, 68.6036332086876;
  -31.76673051760419, -9.398313451048834, 63.44252633287223;
  -32.26344656709414, -11.16174404969615, 64.6812187851245;
  -35.75825567167251, -8.675692455523235, 71.7461186698547;
  -33.36886142550065, -14.11056482207515, 67.13043153539091;
  -33.48382091965702, -13.91698730085643, 67.44053491685311;
  -30.79636538966898, -8.265205351286971, 62.22352008254069;
  -35.48129306793517, -8.967226886171417, 71.76215676182196;
  -32.29683465212234, -7.681221225612264, 65.39540275200884;
  -31.83663904777275, -8.240008211884501, 65.12731180673994;
  -33.76975393235357, -13.63246148260298, 69.40510185448623;
  -32.73666704257582, -11.98308947518957, 67.87045116588475;
  -33.38321776656019, -10.50849562297599, 69.51125293081221;
  -31.51298816657729, -11.09318095876338, 65.78035128835315;
  -31.6995049815078, -10.79827839401646, 66.22051207416669;
  -32.5063893571396, -13.57950369561789, 67.97782188700147;
  -31.21180638932397, -11.30347298314369, 65.79033431562054;
  -29.7622873420661, -11.27225322188098, 63.23264718871325;
  -35.92510125319278, -5.773123538658711, 76.3179476693941;
  -30.25743374677896, -12.55086967268144, 64.40528396383382;
  -30.12682087063161, -9.79643267653867, 64.21431052773255;
  -29.76941316185524, -10.42836787598909, 63.55382557546651;
  -35.46268794245338, -6.657520260021816, 75.72259764606616;
  -31.46840630582702, -9.701577785082241, 67.36476953382095;
  -29.73010700947241, -12.73438907027093, 63.74538163834381;
  -27.89049100267769, -8.865650343732426, 60.07691942327951;
  -29.60551438090955, -11.50267900465778, 63.93398749488695;
  -31.59903637293211, -10.72395577766007, 68.20647896774399;
  -30.10585936853087, -9.055282362182393, 65.39973611711467;
  -34.52800254098437, -5.707678018129811, 74.96781870184255;
  -31.61425159407736, -12.22997462754291, 69.20761526316883;
  -34.14751738571378, -4.644959793027582, 74.83699396573994;
  -29.86506904891411, -12.06580068404946, 65.71068609779599;
  -34.43975805296881, -11.76894780962323, 76.07369150849934;
  -31.09406594561334, -4.028675511904757, 68.77056427498785;
  -29.35947764148843, -7.813646381169916, 65.05112625133505;
  -32.29801019217856, -8.105038849032276, 71.62886317172955;
  -56.99587072755372, -11.34702139022527, 125.8872042255415;
  -23.96356381251679, -4.569131108454021, 53.37545177055424;
  -28.06217918083411, -9.819573474721333, 62.65162462605332;
  -32.34301535458173, -4.804446570157921, 72.18077896612445;
  -33.85423990335622, -9.710586373814863, 75.62898531110395;
