m=[-10.52858341341665, 1.025363070609916, 14.38675764889289;
  -10.65352314641209, 0.7563280025398491, 14.55572748290847;
  -10.67968581039065, 0.5276480464338196, 14.60782226493838;
  -10.44078512874605, 0.5518628508819716, 14.39182930437285;
  -10.3594637750192, 1.182782002589429, 14.30050666426275;
  -10.39948740730243, 1.374524219582682, 14.38396086484844;
  -10.35395853874103, 1.482597106746907, 14.33279649234527;
  -10.51469881860217, 1.305216198440885, 14.6012374972262;
  -10.845520341857, 0.4021697400699799, 15.03526399491673;
  -10.33079625490678, 0.6757662720201431, 14.42853697837024;
  -10.34226884833588, 1.118583123617289, 14.49461236231852;
  -10.07698674214125, 1.526459341572021, 14.1688270727023;
  -10.41942390614387, 0.5921458477285607, 14.61117795877889;
  -10.48485119129517, 0.4662748167612257, 14.73452916509995;
  -10.20708183732392, 1.779173514025812, 14.39227242529734;
  -10.15024324795129, 1.430004088163814, 14.34606185400047;
  -10.31087635922099, 0.9469673179605415, 14.55795345051867;
  -10.1602895211435, 1.204237709402306, 14.39820339816763;
  -10.43593517419243, 0.1879765460464296, 14.76347652550662;
  -10.40045189954094, 0.8866362343401526, 14.7242935614032;
  -10.30507965578926, 0.5254821976302949, 14.62341491576671;
  -10.23519932943823, 1.077805292776381, 14.55358624440705;
  -10.10284495513637, 1.376624483576759, 14.39526907387572;
  -10.20756076313993, 1.170165938771635, 14.54982075022075;
  -10.36348920604314, 0.4561618379092993, 14.76601132438548;
  -10.78693083009229, 3.378247454536752, 15.33105714970332;
  -10.37669652065418, 0.9908194341922346, 14.83599853339285;
  -10.11049221651394, 1.340302703017838, 14.48815875066491;
  -10.43697905995704, 0.8622263913131421, 14.93946021410165;
  -10.20483915719391, 1.10229184388722, 14.68722795210798;
  -10.31958898350413, 0.9640817810726619, 14.85795968743867;
  -10.27603016036196, 1.88716169506123, 14.82466987456429;
  -10.03125431599507, 1.428936997282985, 14.51689891053564;
  -10.37571633127097, 0.7518034696151379, 14.99158496279989;
  -10.41075563907184, 0.5924486762585303, 15.14303195725377;
  -10.18093997662665, 2.234885371189181, 14.87720665877467;
  -10.25748812224301, 0.9265109542279263, 14.99535505299267;
  -10.2743911379108, 2.131784285501802, 15.03479841671768;
  -10.24840357235372, 1.918672737920744, 15.00603817267024;
  -9.959975701931189, 1.667534913164522, 14.6294497923397;
  -10.22059289544905, 1.227569588623559, 14.98534866142501;
  -10.2989472112235, 0.5108947357766063, 15.10278549067836;
  -10.23200953925964, 1.331058436329651, 15.02076783178912;
  -10.1505300524748, 1.122254359630198, 14.92587149277203;
  -10.2648133988586, 1.086552744677925, 15.14996793340659;
  -10.11741936582053, 1.39617190741723, 14.96908144306626;
  -10.31959142964108, 2.182313925353007, 15.25856643081438;
  -10.13744361813379, 2.250721272980712, 15.00913750493137;
  -10.11674198231732, 1.53471409172653, 14.98663171882472;
  -10.20596700551943, 0.9848542801441375, 15.11793747910917;
  -10.23051580026073, 1.669443233065174, 15.16809953900868;
  -10.14753462347219, 1.721017703921215, 15.07745547109238;
  -10.03789779236924, 1.480865123356913, 14.94270083427313;
  -9.937987729057934, 1.413335724513497, 14.81891337769962;
  -9.951174680778811, 2.195341305074279, 14.84877239141677;
  -10.24461750205239, 1.997251975031409, 15.26783558652383;
  -10.06291779388409, 0.6891381178995044, 15.03121439638531;
  -10.10796410672138, 2.158773525083519, 15.1409567843024;
  -15.36419816235501, -1.820737192314764, 22.46695801917594;
  -9.662654616444581, 0.9858076380734141, 14.59591472418734;
  -15.37030172401449, -1.667905780509487, 22.58010563348191;
  -9.903929463942895, 1.447087986972422, 14.9478097952264;
  -9.996845769011671, 0.2008044661500079, 15.10769121663806;
  -9.818000914961406, 1.196271099217339, 14.92370601972764;
  -9.669947921249483, 1.439425863972482, 14.80790930949401;
  -10.00249124416613, 1.09689616246651, 15.2812844625906;
  -9.839179623274134, 2.018224944769979, 15.06363042795847;
  -14.89496323362963, -1.709327430898955, 22.26055791025243;
  -14.69656386526438, -2.307215363685794, 22.01596158708055;
  -9.846692848641556, 1.260736030512683, 15.13226026324163;
  -9.759021573682706, 2.4130962105086, 15.01807852458568;
  -15.0137599899201, -2.061006279272553, 22.50928451586164;
  -9.633791949563909, 1.830559863711647, 14.85466487726326;
  -9.782997332795612, 1.671134694930713, 15.10081044945179;
  -9.963328510127477, 0.800505663820374, 15.37200298123371;
  -14.52507974236768, -1.859081749727097, 21.93201582443346;
  -14.96482753343635, -2.313803724649689, 22.58831835620396;
  -14.68755369433917, -2.058102754894521, 22.20627295111373;
  -10.41111628173247, -0.0137114192238701, 16.07860505443511;
  -14.0200863079804, -1.475131804346946, 21.27311333400528;
  -14.38453728594794, -2.116818604334036, 21.84862076873224;
  -10.07388514966973, 0.5517515813355528, 15.65007610670044;
  -10.8050278243371, 3.382559983451862, 16.75475430175471;
  -14.89254403162919, -2.476856185864149, 22.71604525136172;
  -10.02380302414271, 0.8808552324176481, 15.66091223901322;
  -10.51570513755871, 3.467152079628562, 16.38709438347786;
  -10.75788193277602, -0.5738493617990839, 16.78133983588352;
  -10.08211013582748, 0.7225465529857211, 15.79971458522764;
  -14.6016917237448, -2.90938787263448, 22.42071163788482;
  -9.760983923298506, 1.910479335432774, 15.37862727428258;
  -14.86755021905738, -1.691879562703566, 22.84839366794672;
  -14.67682728796447, -2.501690558278764, 22.57078782360017;
  -14.97161505920557, -2.726881540259758, 23.01582805566995;
  -15.02246118038532, -2.291290582469092, 23.14695659532322;
  -9.803573029147618, 0.8706854230502579, 15.53401740893239;
  -14.81190799027882, -3.036979145803038, 22.93864635982257;
  -9.952632069117769, 0.9429917758990956, 15.79578567439556;
  -14.76316321943108, -2.589648528150929, 22.91310358927571;
  -9.908479018451773, 1.471899510646436, 15.77446972030812;
  -14.64111904041249, -2.784742946254831, 22.83896110666806;
  -10.73055975851275, 3.269470372930126, 17.05186002452054;
  -9.937241253723284, 1.401544084583687, 15.87212088273246;
  -10.26652022542171, 3.381136742872154, 16.37731239734804;
  -9.824397077759386, 0.5645514694174941, 15.72166153324448;
  -9.770614374572631, 0.6710879327050228, 15.64801249496087;
  -10.15574187628318, 1.623487768441197, 16.22865917750626;
  -9.893861365951411, 1.291273526521564, 15.85799802762326;
  -9.938561578450891, 1.216320201029326, 15.9573276785772;
  -9.740284692694369, 3.530788810769929, 15.68911079466132;
  -14.64982628170953, -3.023176001886923, 23.04718285615019;
  -14.43380835581439, -2.556781570063281, 22.76908592490446;
  -14.7994269942716, -2.369767471225165, 23.35862106020811;
  -9.81981342499966, 1.115344480331986, 15.91598934601462;
  -10.33965032192661, 2.746689492698512, 16.70736100489965;
  -10.7015724837379, 3.026852074824529, 17.26806328158535;
  -14.68630753644943, -3.357235592791946, 23.29530131892942;
  -14.47738762133374, -2.850196627322636, 23.00318841667295;
  -9.954576227915347, 1.099794207005121, 16.21347484832263;
  -14.80351789182857, -2.643920652040529, 23.60640610003207;
  -14.53842075019309, -3.188203613623697, 23.24578894904213;
  -14.52385318781785, -2.68342262246158, 23.22961267261253;
  -10.00514027977653, 0.04112200100377363, 16.37654759583695;
  -14.7273383293267, -3.564222505643314, 23.6074515656802;
  -10.05401460018056, 0.4411616670372857, 16.48141664893263;
  -14.61753184486244, -3.006198944884508, 23.46384496736911;
  -14.61718970254762, -2.81209784975254, 23.47508880785763;
  -14.55323750599687, -3.497894515127278, 23.41429629630394;
  -10.15532162199529, 0.2513027771832773, 16.6887914070763;
  -14.52494222293721, -4.091661071889692, 23.4097250729976;
  -14.47041976674001, -3.947200880652206, 23.34373738737115;
  -9.708666538141113, 0.4977311401914868, 16.04355479805923;
  -14.62557713879756, -2.942329855860669, 23.60576988032341;
