m=[-16.6378326657253, 0.8357077835202318, 19.86803049649501;
  -17.36167652982979, 0.6840425824374807, 20.88791395066369;
  -15.48934804748438, 0.4174592688686777, 21.42725831462863;
  -15.35107351524139, 0.1853540686926537, 21.35948469322275;
  -18.8276075122648, -0.7751211045190519, 26.34495544232776;
  -14.76413173866533, 0.2971494954728752, 20.84775197352873;
  -19.05970359389328, -0.974532820632758, 26.71473278504245;
  -18.90224458836601, -1.183831196724915, 26.60541261184189;
  -15.30827850173299, 0.2100153750668264, 21.76553251947164;
  -9.922637446845187, 1.225125784531014, 14.52292937612141;
  -19.1343988875937, -1.244949703147373, 27.30261176589574;
  -16.12137184690681, 1.068400029312597, 23.13833916272819;
  -14.57534954149726, -0.03523387425097863, 21.0888224835012;
  -18.69766064632607, -0.9345749156236586, 26.8671870531212;
  -14.4853120790106, 0.0690748146080917, 21.10568472362062;
  -18.94376644251585, -0.9653216877237412, 27.48615625615752;
  -18.89422609137037, -1.9833903550908, 27.42180008439777;
  -17.53309909072192, -0.7641915693071136, 25.54715328996625;
  -18.68173718850555, -1.354800591694845, 27.19470277818826;
  -19.41329118121842, -5.068302026935659, 28.27335264434507;
  -14.071315140175, 0.597352302458717, 20.75598282013162;
  -19.12670393187085, -2.159870585849757, 27.94261921997844;
  -18.91682345146942, -3.825607851451468, 27.68636600159131;
  -18.95658611159525, -1.285625431748978, 27.76232273555639;
  -19.17960877767122, -1.004835614584098, 28.13594665751727;
  -14.76781176956828, 0.8324255642624295, 21.8641794299498;
  -14.59497259318569, 0.1861654797121812, 21.67288708195415;
  -14.15141136813029, 0.4512772564211416, 21.04687348555692;
  -14.30246084185587, 0.05414143939215855, 21.29716140649714;
  -14.16442003495739, 1.068874270652594, 21.11523684901952;
  -14.39026253098101, 0.3258548936487299, 21.48908973992879;
  -14.43807902391426, 0.1967452358448937, 21.69949987858132;
  -14.4656781239494, 0.3436020561462388, 21.92965486755915;
  -13.90663914375694, 1.066482609894577, 21.38618212566427;
  -14.84563622201388, 0.2573319163780194, 23.21904411281147;
  -17.7692164926762, -5.429443687095191, 28.55612702395822;
  -18.45858872062707, -0.3247929424048121, 29.73442121030181;
  -18.52622891511068, -5.714566879019993, 30.05527611371061;
  -17.7220288366855, -0.4959808759671425, 28.88351630907453;
  -20.51969172677697, -6.072813651520851, 33.61499451184248;
  -17.01312582481036, -0.5192192420396228, 28.1152460478954;
  -17.40124269882552, -0.3327913348813645, 28.76670893957078;
  -20.05499283233925, -0.9439540061965813, 33.05722916039935;
  -18.52572258691593, -0.7128976635942597, 30.6716049729046;
  -26.66987551048325, -8.889876066132283, 43.88364159069633;
  -18.60755007578114, -0.4605898234479457, 30.90384143017827;
  -17.78713681880237, -0.524398678996126, 29.86199602498138;
  -30.05289229833008, -6.120555797276031, 50.1545120283816;
  -27.62664515573983, -2.307174786771791, 46.40401490593609;
  -32.92088910198741, -11.99068527151983, 55.29046242957283;
  -32.26631321541922, -8.726003734037342, 54.21462126211991;
  -33.22521380024573, -10.32777018420287, 55.88201049086814;
  -31.94716333189587, -9.093231016090071, 53.98193878877818;
  -8.308129987145881, -0.09443370453010101, 14.76349577412023;
  -30.19028295999933, -6.438523270501098, 51.59853600013867;
  -30.53785554202559, -8.185777993543619, 52.18885184500612;
  -35.0080684935775, -3.629994730995246, 59.78443970592086;
  -34.95574966955793, -3.907495023203923, 59.69992549043619;
  -21.09740128770054, -1.423204029835207, 36.39667077938772;
  -29.44139087072991, -9.728863350601944, 50.48999574419312;
  -30.73085123283924, -11.14753563562612, 53.02465178392122;
  -27.12219865844018, -6.540332659424547, 47.41934044895237;
  -30.79915414359133, -7.71408043251205, 54.01129457835452;
  -29.06768411889867, -10.16784799374396, 51.01278987060046;
  -32.39456527862293, -3.158648028949331, 56.97096340096832;
  -26.67334200354265, -9.12714359561113, 47.16208602458276;
  -24.3874081159402, -5.193705258943539, 43.21544421319474;
  -26.36981851872472, -6.164310277425789, 46.69601732982777;
  -31.03786242574456, -10.29748143534055, 55.01379585013993;
  -32.53269626587767, -12.47295490421109, 57.65622583772645;
  -27.45839258062276, -9.795512759002843, 48.81010220118296;
  -29.79264023170342, -9.239452180613991, 52.98755895587065;
  -30.55183715821211, -7.448282445715346, 54.75334816265185;
  -31.32696097176752, -8.469629893729682, 56.21016848693645;
  -28.77660233038614, -9.096938758608458, 51.88021757748101;
  -29.49052550705786, -6.527070545214476, 53.17899103996051;
  -30.03754549030096, -11.56872347219172, 54.30851431983348;
  -28.03930094239179, -10.01774461377664, 50.7778580232667;
  -29.91687583834586, -11.35765030027511, 54.166949570981;
  -26.87980321188335, -6.581191684356814, 48.88509381540622;
  -24.3002603682451, -5.485049138162742, 44.26698049006748;
  -27.87557972647029, -6.054559929402263, 50.75690347592857;
  -26.99326014029068, -8.537408643261106, 49.46009987711994;
  -28.22611628904804, -6.668433075327526, 51.88605836066832;
  -29.22983843562454, -10.75494367227658, 53.94069831312233;
  -27.90902026061603, -8.292818958372761, 51.78820960636796;
  -29.30312682255918, -9.773554830094824, 54.51233149130982;
  -27.44731956245601, -8.793767377060535, 51.39904217056618;
  -29.95497630177483, -9.292784036509561, 56.1138100368979;
  -27.79001931294298, -10.57025341199146, 52.13305407639092;
  -26.92193504919478, -9.519701977122532, 50.57078157538153;
  -28.92303094219233, -6.585085285789265, 54.50848354010287;
  -25.22251022680359, -8.303549672313444, 47.71793315751965;
  -27.31632168690117, -10.2638976317857, 51.67594794918831;
  -25.29954918511322, -6.848135314526891, 47.96536898717134;
  -24.97610695890878, -8.589417369673644, 47.59474829565662;
  -24.15524847328478, -3.531130482662297, 46.07274447535765;
  -25.7708410874377, -9.722625280834896, 49.17721692880679;
  -23.60398774492823, -6.935221108273156, 45.1305299602923;
  -25.35353159660006, -8.085344708299273, 48.5362575909224;
  -29.74806213421718, -8.32958563954382, 56.94251131695103;
  -26.46076423233144, -10.28225258720826, 50.80419335006846;
  -27.51556863164716, -7.250724584575603, 53.00662641838623;
  -23.52234964004932, -7.26571721821775, 45.52507558535766;
  -25.32037589135501, -6.900283603166244, 49.23012952468679;
  -27.35932772009098, -5.001671551858567, 53.22889552132976;
  -20.28308225710008, -1.023713526662996, 39.68392711096382;
  -28.42745951659544, -11.33211567178585, 55.3306313335727;
  -26.23036221583117, -9.180113300995743, 51.33759040032131;
  -29.33578408747308, -3.624274071395101, 57.46223148226436;
  -25.65141619487675, -9.393796063167175, 50.46023307559734;
  -26.39406474332552, -9.95212984298767, 52.09167635117384;
  -27.86369943336594, -3.24588482168535, 55.01871692973981;
  -26.23323571533907, -6.318855031169375, 51.92840216126279;
  -27.11899824736385, -6.164586707138303, 53.71502043104771;
  -25.05162914608676, -7.014008091869871, 49.91949340458977;
  -26.99420092017102, -3.634081774477515, 53.76981840191442;
  -25.08419971143896, -6.509331614657131, 50.04737453718099;
  -23.84771264229415, -7.846495410145167, 47.8427161407098;
  -28.55042961308219, -3.434253657005071, 57.36303382125691;
  -25.35119253414841, -8.071267716131001, 51.11051017333796;
  -27.52971717298196, -4.075278739267509, 55.60292995155846;
  -25.72088972623168, -5.12818864754155, 52.19341149550805;
  -27.92895712307448, -3.839938678195093, 56.85167013143782;
  -23.45447081478912, -5.637099734309656, 47.9564644162867;
  -26.09026069805445, -9.064521516194777, 53.28348198169787;
  -20.29771837743886, -1.328669663666432, 41.60817942311912;
  -22.85085450617729, -3.818179852898144, 46.77403709004855;
  -26.00379417609729, -9.315246549839545, 53.21518386644394;
  -24.92025778167973, -2.662847668692372, 51.08258570652065;
  -26.4561658165923, -8.475054715834551, 54.58673293637117;
