m=[-10.8752297810231, 2.833479542358475, 13.5620733278952;
  -10.6011318969324, 2.828376233715854, 13.40309232234492;
  -40.74465607126658, 0.2854514657289928, 48.87937496722346;
  -44.92408299041325, 0.2759536271719029, 54.26933793677807;
  -11.31676505787146, 2.919857387388737, 14.40334847320895;
  -9.640825577704186, 2.837327157216333, 12.41580220517294;
  -10.50380619987287, 2.900589831537791, 13.44211301121327;
  -36.98194662089851, 0.6063816394042239, 44.94046244600511;
  -42.41927519242705, 0.1857970289369556, 51.72630832709916;
  -9.525152953227284, 2.90855700639768, 12.39210452293333;
  -74.74820243961001, -6.635711736446065, 91.45686956560033;
  -38.1214273987871, 0.5293136912066595, 47.16045862592152;
  -10.1778005569618, 2.876135858174036, 13.38237267402863;
  -10.04414175956013, 2.897505233152975, 13.2278476610688;
  -35.53490786889885, 1.657883000740804, 44.41350767041019;
  -39.78649235670159, 0.4087364197767132, 49.66242638130203;
  -48.62833113905491, -0.7781977922362039, 60.69556015687196;
  -68.60273345579032, -5.676350567607765, 85.22579354977843;
  -10.20096492394164, 2.843755016195825, 13.53633129687588;
  -34.30214493614396, 1.309477035185865, 43.31074880041014;
  -37.70452521349781, 0.8551114110301371, 47.5348935016519;
  -9.677872367149709, 2.9277255668356, 12.93597332610251;
  -10.07624307493539, 2.901429201608537, 13.43516833956177;
  -29.22810920814838, 1.560994501402195, 37.29653654310623;
  -42.29471695898143, 0.1602149040930773, 53.71198018540391;
  -57.53939604446709, -4.752909933427104, 72.82599868354485;
  -9.843788582516071, 2.911588023078568, 13.26997509577794;
  -35.27079430363498, 1.575483586095188, 45.19293432292303;
  -37.30279754283028, 1.340826737200163, 47.74278441793215;
  -69.78659371672038, -12.26527845564066, 88.44615402135236;
  -54.65674930124938, -10.2260862162065, 69.51984182801932;
  -9.604317202712036, 2.953581396603637, 13.04409880736698;
  -9.336310105435373, 2.923344670029817, 12.71915770192655;
  -36.84885655882991, 0.9914079541117817, 47.44266855966679;
  -9.302535309208883, 2.94702227846746, 12.87073581103622;
  -63.59603026159861, -3.680617968861435, 82.59587468812762;
  -64.35768124173646, -6.447836410548836, 83.50230575555059;
  -18.23709971399906, 1.493819831755888, 24.44294384490655;
  -61.44653065765179, -8.483635327970564, 80.25184066277029;
  -18.10091720673252, 1.583674681520267, 24.33246251968404;
  -9.814919225450325, 2.902833284173907, 13.6398545706364;
  -54.10373148621972, -8.704891402885121, 71.14078620450425;
  -67.43081175375863, -4.255364274640312, 88.77742215860805;
  -59.77191107207836, -8.131276113574483, 79.08542563023906;
  -54.77812875053965, -7.733737208946582, 72.81514635155477;
  -61.85231357274704, -12.10698699441285, 82.19007005963398;
  -57.46582856986385, -6.890703888704291, 76.70680102624921;
  -57.01813507204879, -7.986766838410635, 76.27537917572738;
  -57.50256048973595, -3.190183974774488, 77.3941308082108;
  -58.02735290265773, -11.59449676327725, 78.21166609107543;
  -55.07391912149257, -9.489503381259688, 74.43160227253382;
  -60.98501104566653, -13.16301319647094, 82.58625638549223;
  -59.59698932659238, -12.81264493793831, 81.27131187433103;
  -59.01753446410017, -11.47107783435087, 80.50797899545337;
  -65.038843187534, -14.38193239399734, 88.89821067760576;
  -42.30634525709253, -2.217633576669284, 58.96003302191961;
  -42.49084992880904, -1.62573847689165, 59.50112091513214;
  -61.93293829295904, -15.5051519604877, 86.58963203737476;
  -70.79060903511655, -15.91248316477094, 99.35084083533707;
  -41.45828273684867, -4.364623294743886, 58.74998530783307;
  -40.79623381531258, -2.795297183292834, 58.15025390257378;
  -66.80767422579788, -16.8695648980231, 94.88357214292417;
  -58.16721106390983, -13.76325397076296, 82.85341647734141;
  -58.41083206421241, -8.651879583066753, 83.26773093745945;
  -64.10443860270731, -15.54472899036846, 92.0625112196626;
  -51.63239466034562, -7.716647795491799, 75.5435478482201;
  -61.34462748787111, -15.91857937226118, 89.9488719308126;
  -47.30384579842223, -3.201296437797543, 69.92268990636798;
  -37.59447920276768, -2.349477171522514, 56.37573921839466;
  -50.46791132583078, -7.880077988625841, 75.71009593685065;
  -51.58912754621766, -6.913449435721682, 77.45378221136555;
  -38.80620907201929, -2.232906408829739, 58.72805477146165;
  -37.48837662452979, -1.016404119522653, 56.80976939966169;
  -51.6635222411038, -7.311727678100468, 77.94874948377971;
  -52.68231146284765, -13.63285769944144, 79.74420420181177;
  -54.23792467947149, -14.88585956275785, 82.19757189697812;
  -41.13263716782131, -2.748411485552652, 62.9405087916127;
  -50.68630893604999, -8.196743407447228, 77.38359235070095;
  -49.65693684971706, -6.721763879137248, 75.86877227013422;
  -39.9696299626128, -1.891792950357025, 61.43299229989122;
  -30.67227498503963, -0.1616513725275609, 47.61920766651152;
  -52.32802631693875, -3.935131732380846, 80.6383403663866;
  -42.9235594338726, -2.520758713604772, 67.85960844745978;
  -42.83641868055977, -1.865774639088848, 67.8899005204473;
  -8.001993286571072, 2.781666101694787, 13.46117421482235;
  -45.23104190056748, -3.191150757870595, 72.02696441160909;
  -24.93561980827549, -0.1770429553245046, 40.63560674311987;
  -18.50873989438181, -2.19305253966209, 30.95033058968286;
  -7.843293878763157, 2.907600429768584, 13.83530496815244;
  -7.053423969767481, 2.772163988548297, 13.08260473825043;
  -14.35188601893967, 0.8739288902315354, 26.12931280349178;
  -12.37099343528605, 0.5248285938840358, 23.96730252232545;
  -16.37177336981937, -5.926943495515141, 31.45843124446299;
  -15.30106039454067, -5.797021209863379, 29.99263259151801;
  -12.06345678553256, 1.033248334645153, 24.22248325259775;
  -15.02176185301986, -1.255931336461784, 29.99161398424267;
  -11.9277614611113, 1.655872323282262, 24.11800612112652;
  -11.70926716444359, 0.9421134168945051, 23.69442727164564;
  -6.496995876584411, 2.892039299400834, 13.64213869919336;
  -15.22496322024875, -1.207948886840015, 30.92047394610224;
  -12.47325350708206, 0.5616050476793796, 25.6361585873533;
  -9.322477121388173, 2.718081244620658, 19.49686959865646;
  -7.052899265868143, 2.861644092265991, 15.25508460612023;
  -11.63982208923928, 0.426863761672042, 24.76586475569173;
  -13.48167565030692, -1.257646427799652, 28.65081701655403;
  -5.839653786096399, 2.838141219312047, 12.95140401008569;
  -15.67989849967276, -6.73425731312568, 33.21611682438599;
  -17.7478937844047, -9.126498908876448, 37.62568937986618;
  -11.30109496655875, 1.469976059049712, 24.35784712961415;
  -5.656162545416482, 2.902852469737512, 12.65576364863841;
  -6.607848890054044, 2.844001312678009, 14.64620151852757;
  -13.61260968353894, -0.09475580163602078, 29.54358466957586;
  -14.08748296391699, -1.130771648570021, 30.78500334923091;
  -5.475060201303642, 2.889675138727176, 12.64465221718754;
  -14.45431729152122, -1.32103951665993, 32.23267235716214;
  -12.7624703014792, 1.132025153666266, 28.5969255129132;
  -14.29460894680342, -2.314409223451137, 32.23857279615401;
  -8.632389348518931, 2.774366874137065, 20.04943266806061;
  -6.016583335180105, 2.81088505942979, 14.51552917913152;
  -13.01502246680898, -2.451195058802476, 30.47243409862231;
  -4.94799355635041, 2.818532658849044, 12.20653798291492;
  -5.968914330928974, 2.801566525793879, 14.81820911126486;
  -13.3066590678819, -1.382120540205545, 32.06840725702218;
  -7.886936043384786, 2.666530616329254, 19.5754007408468;
  -12.36342825723333, -0.7943476898413121, 30.1773205326358;
  -7.664064627672692, 2.6585754601206, 19.4463833741599;
  -5.636544772304124, 2.725584238732158, 14.69769533522987;
  -7.080979438296629, 2.77327806820466, 18.2851104888266;
  -7.251546341223915, 2.747293320998424, 18.80473208480028;
  -5.866294491006679, 2.771758103612329, 15.5296562676515;
  -5.834084476801023, 2.814558087631188, 15.52342116544076;
  -6.792711278086991, 2.637500322984145, 18.1011625296365;
