m=[-16.61449354589218, 0.730448099887873, 20.16977827524433;
  -16.77274765203563, 0.5303437619037278, 20.46125863915696;
  -19.91617225872527, -0.3313291585395592, 24.25974713110223;
  -19.94700190422655, -0.5091038958288241, 24.33377585042541;
  -15.9729681729583, 0.6055838769828775, 19.79102305457116;
  -20.13157185889639, -0.7536401218354997, 24.95629753141504;
  -16.18935802748776, 1.280189359976661, 20.3462466523382;
  -19.93573141630779, -0.4824743978616304, 24.88174923317057;
  -19.73089350023248, -0.4872567568975249, 24.85418641223389;
  -19.58580449862981, -1.427183210055886, 24.68472362585337;
  -20.35852925768091, -4.295810015576397, 25.70662785834085;
  -15.09069645015878, 0.3620126040825326, 19.28494516492991;
  -19.68310134371641, -0.3663478356720042, 24.89261202509648;
  -20.2171540444801, -1.611753979169553, 25.60618784083687;
  -20.01252892637762, -3.169542220886959, 25.39588792654895;
  -11.04063868447575, 1.419453118725535, 14.39648372289488;
  -20.19739489455344, -0.791390891774159, 25.63811333174669;
  -20.1670771247313, -0.5171886543640841, 25.64063881735016;
  -15.65349612722604, 0.4990858095738728, 20.31765720366786;
  -15.37385593431935, 0.3674879460420816, 20.01975704440236;
  -15.2750384635868, 1.342118776864222, 19.91733867583354;
  -15.31848531246861, 0.5100696862006645, 20.11815312400386;
  -15.11036679166092, 1.33858480559942, 20.27041769050065;
  -15.71000715519268, 0.5798987005498437, 21.36204497583147;
  -19.26524716179392, -0.4109033967047261, 26.91413934918458;
  -19.28488327370033, 0.03559215689830613, 27.29489928447645;
  -19.14724233862368, -0.08560285619054296, 27.16205442500763;
  -19.08706818901535, 0.1058264930634191, 27.08807021821717;
  -19.48849837293056, 0.0151550146152747, 27.75490225001874;
  -7.87799721772782, 0.7082108356913338, 11.74508833798039;
  -7.648943379311006, 0.7720254432601275, 11.45883988090421;
  -7.586509623262112, 0.8139786253323894, 11.40181225474589;
  -36.50458975102948, -9.313597342124593, 51.74957868443364;
  -29.5880451429851, -1.463706269947307, 42.11858529939912;
  -21.57352004814261, -0.4464158343229064, 30.98454999876695;
  -36.42654596293107, -8.754324508658852, 52.03684917227062;
  -30.44006154179408, -4.95985199962363, 43.9947784748672;
  -28.66458095124297, -8.0919341206683, 41.6585630776771;
  -21.51991075922206, -0.8002293095046718, 31.62019873832303;
  -27.09576736666051, -7.730193602483769, 39.98764595327851;
  -31.30017498395764, -5.834172866438093, 46.14984594668864;
  -30.56788542646601, -5.934544832905604, 45.20923275627239;
  -28.79246482546011, -8.077719480862831, 42.66195025158937;
  -28.09512023865507, -7.692448115389978, 41.93329514389118;
  -29.97609443912507, -5.119542915268572, 44.67706881764312;
  -30.11684715011383, -4.869641476338711, 44.98237650309083;
  -28.44432955205962, -8.135165898404818, 42.64552638555445;
  -29.1178603698033, -7.150778081035288, 43.65653830398608;
  -29.93258481661172, -7.04249745682606, 45.05332928560635;
  -28.18858941013254, -5.597895524742219, 42.55716999007703;
  -29.32054536412301, -5.498521361711132, 44.25418287295756;
  -29.20537923745952, -7.292256912293149, 44.31397261042766;
  -30.20943277319672, -5.078805314039522, 45.82832660614056;
  -30.25439826142402, -7.75495758574115, 46.19328163757121;
  -28.03311809432066, -5.268333737652887, 42.90898630482372;
  -29.6364900667154, -7.388028919277603, 45.61628525932257;
  -29.64886537596219, -7.987801681490303, 46.05133135711846;
  -29.25942243772278, -6.800930748487663, 45.56172147200743;
  -28.50956245250357, -7.66181548361841, 44.51844570529269;
  -30.92237096743014, -8.137443750201786, 48.20147731269614;
  -29.34744953571004, -6.523532140821093, 45.95513393248423;
  -28.78167130770964, -7.240578837528107, 45.18997726325271;
  -27.4472205373444, -6.66960361233238, 43.14982169566672;
  -27.83631886660996, -7.797161341691367, 43.85431683087673;
  -28.8392466292212, -4.942635027520589, 45.53836734913612;
  -27.04433359976988, -6.147133685686653, 43.29820510599634;
  -25.50114319014877, -6.32958677089713, 40.90951265409142;
  -25.5450063327943, -6.157606938169352, 41.40416430894229;
  -29.41792172049498, -9.121841364341309, 47.65958014646408;
  -31.79723680039491, -4.200180221609847, 51.57054981087013;
  -27.33008482646691, -7.4916943883133, 44.65506871102911;
  -28.07961089018273, -8.363508764393451, 46.21410202596604;
  -27.67491356027233, -1.965744382169306, 45.50571123970145;
  -26.88877112410834, -4.860961738230065, 44.40211227342208;
  -27.82186083984595, -4.70252016478774, 45.93804236632492;
  -26.92212953693501, -6.912649972397059, 44.48712970423685;
  -27.39929527231854, -2.474229405669992, 45.49084817998424;
  -27.84371872986316, -6.831428313203618, 46.2399393154797;
  -26.7652537407176, -5.252964358334417, 44.50771099414735;
  -30.06188575548969, -9.364601963386004, 50.02636834876727;
  -27.24851246782807, -7.031063391001237, 45.53591180383475;
  -26.46297184436297, -6.691133642693274, 44.24159716320663;
  -29.17333607420977, -2.238751743956431, 48.74243847536124;
  -26.86953666750082, -4.92277740250821, 45.07329571959693;
  -27.44192019690049, -6.758429507903608, 46.03409921766535;
  -28.44063318766604, -2.859717663324513, 47.75970342913915;
  -26.78830330267698, -7.032916139951142, 45.08296990985294;
  -26.73568798673576, -3.864006876464945, 45.13131024099618;
  -26.06900880489327, -4.456061028494419, 44.11568664580631;
  -28.72560942617569, -2.631456789793547, 48.56635295563884;
  -27.06862369404929, -2.858398608733427, 45.83561296004324;
  -28.87262044974002, -8.411407174219544, 48.88874418559838;
  -27.36781756147494, -7.380547703127514, 46.42247269942905;
  -25.75162189049367, -4.610864533065906, 43.78715755392123;
  -25.85447677610175, -3.050978861374404, 44.01306004037964;
  -26.31012651073288, -1.690551778477353, 44.81476286027293;
  -25.83490282264793, -2.869493444948159, 44.06001988510284;
  -28.1851963124672, -6.877683502758476, 48.15910444916572;
  -21.62695552368622, -1.117016654650186, 37.28116996828906;
  -28.13512118036164, -8.462580571849301, 48.26763381063331;
  -29.27294830741449, -9.387568576239644, 50.23220071943143;
  -28.31003890924119, -6.039995390494675, 48.76283795212369;
  -27.7015973529229, -6.222508205834355, 47.85609237703113;
  -25.91442267653338, -0.7546888682489019, 44.89795643602292;
  -26.02497730876061, -6.840414065637471, 45.06306796266617;
  -26.48722656159375, -6.34778276270244, 45.94026532421231;
  -27.9210698938107, -8.693744735529398, 49.01696402820105;
  -28.34212556654378, -8.488984154632904, 49.78291042587713;
  -28.89382964855423, -9.478042485794424, 51.25360558079118;
  -23.99228473131386, -4.313645033416203, 42.78959726336145;
  -28.1975025125348, -9.018670365966035, 50.30172355797802;
  -27.31501586291447, -7.815974913007716, 48.9230983862957;
  -23.79271974611399, -6.033085448460487, 42.89533384852299;
  -20.85206691187814, -3.860758327730944, 38.00742574986373;
  -27.50120956779371, -8.992269487382327, 49.95790482281777;
  -25.0094299055994, -7.767567188731614, 45.52673075419195;
  -25.69647232090285, -7.520100129507327, 46.9076517559584;
  -28.37310697908611, -9.565844879213662, 52.41652273511742;
  -26.90293193631353, -8.688551347370991, 49.84478262176224;
  -27.72400358326673, -8.327144971718896, 51.356230849136;
  -12.31161510862885, -0.4928497433300267, 23.80761912703713;
  -7.193251857623782, 0.06391211426067275, 14.72849172339132;
  -4.562972074694563, 0.5424246461986505, 10.98608982241661;
  -4.518455779903153, 0.5096567300751507, 10.96898753934353;
  -4.526825720624862, 0.8617637175943324, 10.99581782993428;
  -6.194582085228893, -1.611025187123012, 14.92300602759383;
  -5.881803853943935, -2.974505520405334, 14.37712100926549;
  -5.984281944003, -0.6178090408588703, 14.84890159451386;
  -5.942116692067516, -0.6455864762330904, 14.82081319105512;
  -3.128636279916722, 1.410440910248483, 8.31201869323184;
  -5.745145680418306, -0.6076840828212983, 14.6803258580557;
