m=[-24.10000827505695, 2.957621804282363, 28.96408539061431;
  -33.83682224417587, 0.9195283875623845, 40.46213485273145;
  -33.1185359339494, 2.893217311966388, 40.16102167532928;
  -13.66241030381795, -4.13293644910026, 17.29273613602229;
  -33.85405973103661, 1.397473723165602, 41.52138742647648;
  -16.7464759704404, 2.888201906823087, 21.07432718671748;
  -43.85282483271647, -2.286957454288715, 54.7007793854546;
  -46.79220527744847, -5.668483167742537, 58.41304433752475;
  -41.8595785346097, -0.09080770494601302, 52.33713072805251;
  -41.05783595904548, 0.176363119822128, 51.39477658498252;
  -42.24059419701015, 0.3426811616684535, 53.34472563720829;
  -46.84517425859646, -1.396916526013596, 59.08373328524211;
  -40.2787706630813, 0.4782420894891027, 51.03573158702051;
  -42.10122836181829, 0.1033903040310245, 53.34138507687478;
  -41.00667230618331, -3.68680172912582, 52.00262770951625;
  -40.65124084418014, 0.2948657796852446, 51.64994037519921;
  -77.79110729860214, -8.833995284489639, 98.68514210095434;
  -44.02195605683772, -0.4964610363463089, 56.26786297558878;
  -63.67644349815397, -8.962724594753647, 81.05642498048375;
  -43.55616479154723, 0.7799121061390646, 56.40068996057731;
  -33.06820912553952, 1.331504010341519, 43.3137597285732;
  -65.82864580895001, -10.63852966157063, 85.4035088613592;
  -35.95083792914029, 0.9025228531284456, 47.12639635318593;
  -41.62377952136806, 0.304826954090989, 54.78229953795469;
  -65.10501880728428, -9.081475810796817, 85.52077811306972;
  -42.08149525941902, 0.5013659200080721, 55.75460188148973;
  -11.37955444369145, -3.413104181144547, 15.78914569298488;
  -64.41034760179342, -10.86359824696834, 85.1525070276237;
  -72.4206344526056, -13.31627693157217, 95.87424467871594;
  -67.10405385451441, -10.87437173142587, 88.90126083333533;
  -59.88526703013341, -9.239646681457867, 79.5400323867005;
  -67.46441845072725, -7.461750537154583, 89.87179131715097;
  -32.14316385098842, 2.371210496444291, 43.37444583902301;
  -55.81042797506869, -8.406785157590043, 74.72466200108381;
  -33.7618201317671, 1.951125231681606, 45.58130921780307;
  -37.79256527307837, 1.422212519575341, 50.91115635514898;
  -65.18255346873438, -9.706520087064503, 87.56212806549711;
  -60.76402027675577, -8.546102901139934, 81.76929678959886;
  -11.19179063862783, -3.223248442921965, 15.83917213656362;
  -11.34300547975249, -3.179662218535849, 16.03960917099225;
  -46.07148968862369, -0.7275324647264955, 62.41553874261442;
  -16.49650099418879, 1.606570644600223, 23.00033552074048;
  -11.14471147136321, -3.272277742989656, 15.85906863132125;
  -11.04537291014437, -3.143014527441131, 15.76910962068866;
  -16.6194836624673, 1.711720545929861, 23.25353683917967;
  -11.11148116098911, -3.514534530779646, 15.89834059737504;
  -62.41052284366045, -12.57978910091571, 85.20017765929619;
  -65.12369560489751, -12.5163888740427, 89.30787415615698;
  -60.14252984270553, -12.70988585183044, 82.87595722289893;
  -11.05712791454634, -3.383421083837266, 16.02908501446573;
  -57.36937689690252, -8.306052243051163, 79.31055704175277;
  -24.65858884746526, 0.6285579700146385, 34.712148377095;
  -10.89488637883653, -3.273272619177564, 15.87468789254887;
  -11.73623851254448, -3.956324388466689, 17.12239618459085;
  -11.98378247614566, -3.836016241717555, 17.50645407437472;
  -12.06495982529041, -3.923499221152811, 17.63896559520836;
  -66.51966895961728, -13.07375400695935, 93.15940705822345;
  -66.29720616197027, -12.16692231247052, 92.80862311028992;
  -76.48313638349707, -16.52547633693459, 107.3610279862015;
  -11.66523527642095, -4.096078098452711, 17.21558332481471;
  -11.16379329745414, -3.770551034119369, 16.553242695524;
  -62.04007746015316, -11.12577256162445, 88.11316378626231;
  -62.35725284238275, -10.53670037699645, 89.36930561727509;
  -87.16268764760221, -18.27408721070784, 124.5758149258837;
  -58.44376747819243, -3.212488161544283, 83.87229500907667;
  -60.92617350682237, -13.02550241285209, 87.66341404869574;
  -60.1978991485365, -8.594860103310444, 86.76278087665585;
  -59.62289959722578, -9.198117217115048, 86.05370202426956;
  -58.63092700363772, -13.01701594970953, 84.66190836819057;
  -55.42516731030312, -13.42765238038201, 80.239605737932;
  -66.58732238282457, -11.47977737257002, 96.39101613851533;
  -52.50971815891438, -12.89559066005279, 76.23825283178488;
  -62.83817619148132, -10.51291285852883, 91.17534841413129;
  -62.06637051122946, -15.2425595857461, 90.11344591616405;
  -10.95951577467676, -3.815615552538538, 16.69828018462065;
  -11.3867461443066, -3.731718066580945, 17.30673777252441;
  -54.04295631040638, -9.580428645155999, 78.70803417929939;
  -54.55114832418587, -12.07950003847032, 79.51017410428435;
  -58.0298859802941, -3.52214239601642, 84.56416548974974;
  -59.7863798288157, -13.03537834760775, 87.27604491054262;
  -11.57723405738367, -3.572279476546217, 17.65055106869669;
  -11.0903405244008, -3.742305965842188, 16.95485064593554;
  -60.50112556006816, -8.499184900133244, 88.45511924127477;
  -58.89819880635405, -9.158665155483867, 86.27089469221585;
  -66.08392055316293, -9.66953702878957, 96.95889518695788;
  -11.36484912725964, -3.635845811976458, 17.48269061760764;
  -57.1434827009228, -6.972287326175385, 84.19443262102867;
  -59.82716239271799, -8.658835889695993, 88.36326564987904;
  -62.88883465346564, -14.62304828163441, 92.9306220672014;
  -64.82108271202834, -15.5830302391857, 95.93784748371945;
  -55.49970115028432, -4.487901105020998, 82.64369885576872;
  -54.05164658990167, -11.38832987148563, 80.59131737841248;
  -62.6529156431244, -16.28457806253266, 93.50033184210072;
  -59.30714189989867, -13.48175087810336, 88.82775295578722;
  -55.64799858978196, -12.57848525064173, 83.95884244277507;
  -61.0659600119555, -12.49508740039594, 92.1500383844874;
  -51.32567312242168, -1.097886726996549, 77.62199440137678;
  -57.25393891700168, -14.77391315649163, 87.37281884746903;
  -66.00657873997278, -17.72390345000257, 100.6336494059701;
  -57.96099168143064, -12.40954264620586, 88.54449115879845;
  -42.96878587398506, -1.501596907428743, 66.0338374179603;
  -59.04240888356059, -15.83897585152928, 90.72320682311781;
  -63.25086828269063, -17.90544824481104, 97.36330934929183;
  -10.09899603154422, 2.910353754671077, 16.33711412926536;
  -61.31188617903149, -16.8989260666427, 94.84483643805709;
  -60.09206379911179, -14.74902800898627, 93.31693420277597;
  -58.81544366693916, -13.60901147415393, 91.55851019040765;
  -41.15712834746342, -2.711220210217121, 64.38621719841447;
  -62.18371779986587, -17.49948451676576, 97.80841557028376;
  -59.77768857004589, -9.177741779975989, 94.33715111878799;
  -57.23153482631135, -14.33616847082771, 90.51076145071787;
  -67.0708821166708, -17.21923305009597, 107.2151095582256;
  -56.48582143824707, -16.79776524311415, 90.56722057884943;
  -61.45163990475264, -17.57071407116377, 98.82057555306153;
  -60.39720592987079, -17.66937095468332, 97.15917949803449;
  -48.03750891214462, -9.7824040808446, 77.73159243704887;
  -40.18459573494432, -1.027696905525311, 65.17597227418811;
  -36.09965317331056, -0.5718079688755896, 58.71033547429486;
  -49.80787865328274, -7.746346031242416, 80.76032673634585;
  -42.39718048788973, -2.786046225705197, 69.1795269897742;
  -55.4494009765398, -15.17772829710677, 90.37410007408086;
  -44.90828073382807, -3.32841874085299, 73.82340015797644;
  -40.24449826571603, -2.459953912470515, 66.42259766464689;
  -48.05092816149306, -7.815846708656888, 79.98350591770891;
  -54.37952297769761, -15.21114380849527, 90.16827893471042;
  -42.56261437993998, -1.069086373491807, 71.28061749161961;
  -46.76479785895088, -6.877961268241053, 78.35824177797257;
  -48.76736991083951, -8.592820881738717, 81.85585842504992;
  -48.69051172146266, -7.194549116209615, 81.94017955395091;
  -50.1399309552526, -6.55349994877057, 84.37854305364162;
  -36.62780746103351, -1.610121214770734, 62.10091031598915;
  -47.85126149508456, -8.105585488559152, 81.16188004100475;
