m=[-16.24424786528195, 0.5597170619097279, 20.95121521645567;
  -16.22563794733619, 0.3425025748656524, 21.03986662576019;
  -19.9349986379301, -0.7669578932786065, 25.93577479649395;
  -15.73994156830576, 0.4471397829755242, 20.70733559802179;
  -16.49183384506459, 0.3679720731403866, 21.82533351190372;
  -20.06307459678991, -1.032857923345298, 26.54541621374517;
  -16.20831618696001, 1.162279061492754, 21.66815131892931;
  -16.7863028768059, 0.1395389680838839, 22.54185335848033;
  -19.74855128950621, -0.8344091759081848, 26.39693045837499;
  -10.63527515571683, 1.325194666282801, 14.61106741468704;
  -14.97880710675457, 0.2009894527221813, 20.35032701270854;
  -19.71717837454203, -1.161756754725754, 26.59476217227373;
  -21.12199007533643, -0.9468621327422385, 28.46847887262818;
  -20.3402617767094, -1.953363775519651, 27.51624044549633;
  -20.25391393301552, -3.643387971444782, 27.44907555005159;
  -20.25888712573928, -1.082265769981156, 27.46981909955109;
  -20.35535970054427, -0.7972026814122896, 27.64332967729549;
  -14.86087929451217, 0.7368266429227879, 20.41064099647151;
  -15.25914036394263, 0.3314222297931489, 21.06688358395336;
  -15.16411429541601, 0.6035746133552223, 20.96920228747635;
  -15.06952537928394, 1.21381103368185, 20.89000140631461;
  -15.27057330273331, 0.4762177531194795, 21.1972960931229;
  -15.30080765192948, 0.3741176950757711, 21.39431025333783;
  -15.03723379452995, 1.033508847452043, 21.16327354618193;
  -15.6118780495597, 0.5057413786024336, 21.98718914756581;
  -14.97413532788985, 1.224819961351102, 21.38108172919862;
  -15.45147192116109, 0.4097382094597486, 22.41974691833614;
  -19.08398015789724, -5.229438817502264, 28.29983694769587;
  -19.17765398135771, -0.1096194194036619, 28.52134716605522;
  -19.75981353875547, -5.45580918466188, 29.5406252930352;
  -20.45913186761471, -1.538421391921785, 30.68167163810929;
  -7.276442386599603, 0.692313503168532, 11.44323595458658;
  -19.62230901315297, -0.2143711090340915, 29.78630718939462;
  -18.75811904621196, -0.1319454886281321, 28.56114911066615;
  -20.61097008964962, -0.5119495080977528, 31.36793220159351;
  -19.60151776059982, -0.2372501172366796, 29.96591876022099;
  -35.99612313602221, -11.78426631574554, 55.24657028443806;
  -33.74538679186353, -10.43811334468521, 51.97318560913052;
  -33.47429252105555, -10.67777912626505, 51.7203448116526;
  -35.13158785685467, -11.71035309099097, 54.38621406976919;
  -36.53182370270159, -9.82819807918259, 56.53464630593995;
  -21.06530561182592, -0.7766499400797954, 33.1872838454178;
  -39.97198367465278, -3.714946920929033, 62.2582966329437;
  -32.75174255503552, -6.118274449205186, 51.16303633418016;
  -31.84981849691168, -5.710420121219532, 50.06628655979534;
  -30.40365853759626, -8.318460775108786, 47.97753987639025;
  -34.62157305010994, -11.26197920542853, 54.53413350721469;
  -33.18475448715711, -11.53799185360649, 52.71058397158114;
  -30.25904599827378, -9.600186296885038, 48.23903898219067;
  -30.59274693905283, -6.487961892945284, 48.80885535116632;
  -30.26547943508486, -9.462430839289915, 48.50459761205165;
  -29.53744401954907, -9.026746269796053, 47.67814755834712;
  -31.99023279308804, -6.57025252888163, 51.61669229901632;
  -27.77940794823731, -5.16651014596121, 44.93356923126715;
  -29.83800865639958, -9.51202012372563, 48.38925502912503;
  -33.3285570357689, -4.894508764757615, 53.98310539286632;
  -31.95923523061261, -8.804361504381943, 51.84088898850429;
  -31.24985738319698, -8.275699891380471, 50.92013423241134;
  -33.83263237633477, -7.240856512521895, 55.27283334464266;
  -34.46128089405978, -7.787063225266899, 56.3091266091834;
  -32.97034787105065, -6.750924209142122, 53.92335688274314;
  -36.67211687896614, -8.742083298393043, 59.93266895284599;
  -31.93071142586726, -8.96556370510058, 52.46490317626564;
  -33.4488263339256, -6.463152060968236, 54.95781862288107;
  -36.38464630143687, -5.586656727205179, 59.86559086879129;
  -27.51257381333688, -5.90899879584189, 45.62339116641897;
  -30.11799275509035, -5.697269910071007, 49.96201460145709;
  -32.36267224155935, -10.60097959969377, 54.32715614251086;
  -30.95272049693217, -8.126762766831705, 52.25825160888492;
  -31.85292101149161, -9.418416230985732, 53.89389558913454;
  -31.76750451371214, -8.004802353228021, 53.95028306954595;
  -30.51671069392653, -8.648866453194009, 51.9721891204058;
  -31.4865691236955, -8.633461748975014, 53.63698802957117;
  -30.83693786714003, -9.679107753965027, 52.669996379849;
  -29.96300580054082, -5.962336481064625, 51.36029425255044;
  -26.63097705888711, -7.763014047462603, 45.84199594245207;
  -30.25953677714115, -10.10858130464839, 52.0334643595581;
  -28.05001782386209, -8.54110719331255, 48.5690163433918;
  -28.36191340901653, -9.51979059348662, 49.19003804207136;
  -27.46058018225257, -7.084977753218213, 47.69142721181985;
  -27.15154302797714, -7.627382558469472, 47.23910751032526;
  -33.5216838333494, -8.222280846347033, 58.27129381662419;
  -29.74643268345816, -10.26806397693058, 51.86430478231888;
  -28.5018273617115, -8.881123468254838, 50.03667958334275;
  -29.33249732920352, -6.9816198760611, 51.73510335387636;
  -29.08428954931074, -8.995047931172898, 51.6434940851276;
  -31.44300126102316, -3.183269529281098, 55.82608684437171;
  -27.97605603879185, -9.072667607017115, 49.93298230235673;
  -30.51937996450172, -8.532199604399922, 54.49548220569296;
  -28.80928640821322, -7.828693657881264, 51.56490084556263;
  -31.59265790050938, -2.906653445029922, 56.49097606199685;
  -28.8574194402081, -6.024924295816878, 51.7856694280286;
  -29.92787041168857, -5.862219742950736, 53.71981608610769;
  -28.57119149295827, -3.185495812033178, 51.59398287586056;
  -29.22291908576491, -8.126216498423213, 52.77583770379155;
  -29.98268807224702, -3.856399108404024, 54.28228192380535;
  -31.46800566468446, -10.9929240835964, 57.00891240514541;
  -33.62053168395452, -8.566731025555422, 60.99752342495173;
  -26.58866434761104, -7.418023972511719, 48.57621534929012;
  -29.86416049530315, -5.790124840405765, 54.49209991783868;
  -31.03860265142325, -3.820325625114992, 56.72070418330847;
  -28.84664917313416, -4.913803630190881, 52.98255462103696;
  -28.24021035132693, -5.614917297271989, 52.01104712717347;
  -29.99943874341259, -3.405144203223423, 55.22479204259643;
  -31.2113377039766, -10.25145883215215, 57.56940012942506;
  -28.49888092488457, -8.698643313144455, 52.65666434814862;
  -25.05093748746753, -5.180720972654203, 46.3917518042495;
  -28.5172812338968, -8.97661917400692, 52.79370100478739;
  -26.91935171151108, -6.185782100293593, 49.9048345808219;
  -28.35461645026305, -2.363536620909957, 52.54476434691857;
  -28.97293504007972, -8.115588215724589, 54.04715795904786;
  -27.36109158274999, -8.166017246348027, 51.63817780062981;
  -30.70559486255059, -7.923786779634081, 57.86763430819717;
  -27.60454235733806, -5.409085636981392, 52.16783112349147;
  -31.77399642969425, -9.750495899313687, 60.25802706599934;
  -28.26881145341965, -8.080859709167861, 54.19043850035799;
  -33.53582957951766, -10.72220267658734, 64.13166210178049;
  -29.21780060354047, -10.81217118786895, 56.65082235975794;
  -24.53203777697894, -5.138531573662403, 47.72785422943861;
  -29.81203016748162, -10.76287411828561, 58.11716956928402;
  -27.38281506345031, -9.570205405255326, 53.46256782324713;
  -27.5109836619223, -8.925796113157434, 53.85097508637705;
  -30.08078796860687, -10.0121886733929, 59.29016770614312;
  -25.89743331807289, -9.11031030399357, 51.55572990514914;
  -29.60914346522937, -10.94800163417474, 58.86334969855316;
  -27.34039306271594, -9.08949454741304, 54.58915327946707;
  -23.62168750710433, -5.443086326800658, 47.55997614135306;
  -27.66764556355448, -9.443294922506548, 56.14556823463355;
  -28.55153453839739, -10.44673952203285, 57.94258875958045;
  -7.852309946866331, -0.1509542859944138, 16.56078728217322;
  -7.43189721518343, -0.0312698756112453, 16.36982713894406;
