m=[-42.90487259318255, -0.8213519577211892, 51.04736630528567;
  -43.6688204840024, -3.136401582245869, 52.2188415668541;
  -42.69893019921784, -1.406380311821777, 51.18602683411915;
  -42.84175687143051, -0.8592163318902323, 51.43326759816451;
  -31.34411036338297, 0.8346546282039719, 38.05740814786963;
  -32.6977320677602, 1.155266166016763, 40.25782754212876;
  -32.80246743211334, 0.8937583743808389, 40.51124133002899;
  -33.7567549380287, 2.966828173823171, 41.71321246504678;
  -23.33549623935938, 2.951052424022381, 29.11486910336678;
  -32.48162863555652, 1.211697626666233, 40.44866056079483;
  -30.89677139477872, 0.8187487070887658, 38.70964053683453;
  -32.43895890170101, 2.497260732816311, 40.67186121316616;
  -32.66200492692228, 2.907485325886007, 41.50601995224361;
  -33.48953587704136, 1.325115268916154, 43.09105717058624;
  -43.02193125837245, -8.814889930903878, 56.34460441553851;
  -40.8981341786916, -1.409544794608354, 53.7827240217908;
  -41.24444049990993, 0.2629402574105908, 54.93604861467379;
  -38.62697039107052, 0.01389245703905067, 51.61975086039423;
  -41.23031471681887, 0.4161625171061323, 55.05966503016472;
  -42.49399345022023, -4.09064560017943, 56.80141458308915;
  -42.19376755950587, 0.2290810859966736, 56.51564270094684;
  -43.19839611866269, -0.6331391366891427, 58.30978016445846;
  -67.16888871746625, -10.05939438761634, 90.72866274367101;
  -39.71258202205299, 0.6588210704075945, 54.31790452579693;
  -10.55116191398989, -3.148511596126136, 15.10806697196426;
  -10.64711859561283, -3.255314278734081, 15.24246447491065;
  -33.34998355467862, 1.33247273448137, 45.91767515585521;
  -10.53955560503817, -3.107684606606167, 15.15645860510244;
  -38.28149108622329, 0.9299266972538561, 52.84214114902289;
  -10.94961449618909, -3.41577749307769, 15.76595391581017;
  -10.51499401207306, -3.170945315584502, 15.18180384403773;
  -10.49283969037135, -3.101118400770448, 15.19457015280097;
  -62.5622708208531, -10.75367844290825, 86.21322583043921;
  -41.36708692559822, 0.4825499497667372, 57.41116381302699;
  -38.95961842539068, 0.2133375561084428, 54.15187857839685;
  -16.54605723568607, 1.530409187978953, 23.69566977111471;
  -61.43078055402204, -9.126563614936863, 85.73014429829109;
  -10.43776071735138, -3.387181863550497, 15.32443843019232;
  -26.66670508307209, 0.3183160583981727, 37.77173316968442;
  -16.419420080897, 1.649272796569675, 23.62981604255274;
  -69.39168462490888, -15.84194348031326, 97.09453958673224;
  -15.94640743154511, 1.690293963096587, 23.04267901689245;
  -10.4365480666647, -3.338550540768148, 15.39987616747309;
  -28.85177128029507, 1.688837230295313, 41.02025521650207;
  -66.17840353835581, -14.38836285777581, 92.9610792460536;
  -66.80399040962645, -11.52467452508905, 94.08922461040082;
  -77.07562712649143, -14.0876665626479, 108.4406557408359;
  -10.36138448340968, -3.362593980971564, 15.41227768079714;
  -66.8107729646845, -10.28880722301129, 94.55686482795019;
  -67.63069889760766, -15.63338132162318, 95.72855258282766;
  -65.35143115048105, -15.50780981567115, 93.08868769419874;
  -11.58698693275095, -4.00283937546371, 17.26143231558306;
  -65.05368224777385, -13.95816655995528, 94.43930787488328;
  -66.35268021869075, -13.56827499210801, 96.8111492693816;
  -63.90253322075407, -14.85488074719894, 93.5226003856741;
  -66.35155959425774, -14.88438818601659, 97.19046479675018;
  -62.27937433388315, -16.13014265073323, 91.45562674611072;
  -11.11773147223407, -3.824981909984177, 17.08269205640067;
  -65.5196506704312, -10.26225861642339, 96.38495791365754;
  -10.83123852961461, -3.788757173652449, 16.78223174034605;
  -55.79820990579857, -14.63149266712607, 83.02323867501789;
  -10.56365100912257, -3.802241032468285, 16.44482907894032;
  -10.89788746605531, -3.589969710953527, 16.95806274988209;
  -62.55759518816934, -13.07641244310064, 93.29138334885064;
  -53.89806925844297, -12.3167823349438, 80.64974709135134;
  -61.56526283636245, -16.51487678514179, 92.08158280781262;
  -11.00357752446817, -3.752667572924858, 17.26854587918519;
  -59.62894995121029, -16.19255463663427, 89.7460120623997;
  -73.31562417259133, -16.27179862529484, 110.4830834587499;
  -74.69161733635029, -8.895153142218696, 112.5991712728016;
  -62.49482606924624, -11.96234415487984, 94.50989841155653;
  -63.10336091122888, -15.97054333389834, 95.96175094283373;
  -67.3533532316775, -4.156011132581273, 102.9712346192661;
  -66.75706509090649, -18.35087535119949, 102.1532761414853;
  -11.11007918562613, -3.777823415968614, 17.74370612189456;
  -63.65448183629573, -9.790658531053326, 97.75479556507588;
  -58.69804246452727, -9.694668414965406, 90.22727742492333;
  -11.12442561555744, -3.949007812155789, 17.81830394203113;
  -61.68996246872698, -14.59053145946798, 94.84246724272398;
  -57.28636170511081, -14.98863802833368, 88.46257159883442;
  -65.33331680463745, -5.226253167680553, 100.8414760604695;
  -79.71867514329598, -18.00003417103125, 122.8898630963738;
  -60.88955483125741, -10.92236345672782, 94.18381203739888;
  -69.12925847673384, -19.89940594963293, 106.8905040541642;
  -66.5888559387931, -4.445870786583011, 103.3771756137659;
  -70.16352470250818, -16.62851811958662, 108.8900067837087;
  -62.00640297803488, -14.41607387625298, 96.38778089487957;
  -72.05862880340769, -16.7222708166463, 112.0526049759651;
  -63.1621818780925, -9.535769766002574, 98.42812537627496;
  -56.42725132141875, -9.409165927253271, 88.07071942009499;
  -57.47692855465612, -12.99757855973292, 89.69700899301662;
  -66.2855573306574, -5.955210567579377, 103.4169162353688;
  -65.59930332775852, -2.869272929234461, 102.6235249922922;
  -58.99324174582851, -7.726247156352546, 92.59931635511072;
  -60.41929960512697, -4.896904848987002, 94.95273503145755;
  -65.80827415094908, -4.202936933680153, 103.3982517357393;
  -54.41185243590979, -8.45224913466665, 85.67495727828994;
  -9.636848391163118, 2.925639893415442, 15.89628223383731;
  -65.17527404381208, -17.49864396769028, 102.5097514239011;
  -62.48263900919941, -15.49076417565341, 98.46900077752362;
  -53.45892454341688, -1.755748732818636, 84.5347671860998;
  -59.16157866919082, -13.32149084717941, 93.51146283466183;
  -58.01117956383957, -5.737623309723548, 91.95772993626828;
  -57.92249168082214, -5.128342203897677, 91.93220900559878;
  -60.25621363134194, -13.4901626684613, 95.66087396279926;
  -67.18412971008566, -18.61507545008617, 106.9680871925787;
  -65.86238735042704, -19.50243808904106, 104.9197145353724;
  -58.3695518454758, -14.0808387644297, 93.87153047985956;
  -44.00400801897131, -1.125646032205129, 70.9138816836613;
  -57.79437868808931, -12.6835453614218, 93.10312366699013;
  -60.94727362842116, -17.46035351545145, 99.27175543276132;
  -68.5707387796068, -18.89018900142551, 111.6408853591467;
  -45.03850197519909, -1.781474720089982, 73.62524499634067;
  -60.89265746657167, -13.98852331651113, 99.30463889378606;
  -64.18730238349352, -18.38105664864821, 105.2875684333683;
  -63.41910336390937, -19.15980923041957, 104.2956630779817;
  -67.73656406899201, -19.93172285195639, 111.932796960696;
  -40.50538280381689, -2.929646017356844, 67.41605801604646;
  -65.95670096751033, -17.33049358855736, 109.4346217221353;
  -57.8627831660622, -13.3884516582696, 96.68704844813418;
  -65.85447285324504, -19.79983427691296, 110.7446150376434;
  -55.63185041089519, -9.287616137743804, 93.9560014406874;
  -62.18520419939731, -16.6848692907295, 105.1021290043383;
  -61.0800570457425, -19.40671010901578, 104.6813587195707;
  -71.74624156954761, -19.73489162605015, 122.8181402842672;
  -67.70174873561152, -21.19126005682412, 116.5325628221193;
  -51.28337442624508, -8.644058982833576, 88.86610465644493;
  -35.35106621595454, -2.574136670986657, 61.53271013401793;
  -40.17606551733987, -3.293676001897056, 70.53750816744459;
  -37.76160452609339, -2.550945588079587, 66.47123388149026;
  -37.64007058584645, -2.329798121385359, 66.92907511118362;
