m=[-23.16305092609499, -0.057277953547917, 27.68773218627688;
  -22.78282384457084, 0.09025707725480099, 27.26926488285064;
  -23.09793814926, 0.1683762408291134, 27.88559530528219;
  -22.701145114238, 0.2539814436900008, 27.48951585378337;
  -22.89445367260456, 0.05124647197237266, 27.73524505467053;
  -22.82279107494667, 0.153903873168216, 27.70984241315596;
  -23.42802787842068, 0.3704115840003169, 28.77877330063011;
  -39.66890145674795, -6.164033447843164, 48.82371279099964;
  -19.05106238149508, 0.4502039725665237, 23.93650192249523;
  -22.74135067581064, 0.145190428971077, 28.58468872357974;
  -23.19899332999609, 0.2552928093744341, 29.3367895562385;
  -37.13983776023612, -5.850467957798329, 46.61188583760794;
  -38.46907709796364, -5.984381588654511, 48.36170684407019;
  -36.76476115603647, -5.44951586074682, 46.31358966341463;
  -19.83228853295209, 0.5377344439529543, 25.42437666597741;
  -36.13211240041696, -5.02783807294294, 45.68731761898191;
  -41.53030731532392, -4.415120172334874, 52.41882613929572;
  -12.92493363479712, 0.4986724234126801, 16.97733501984325;
  -36.91741690966903, -5.288997268293473, 47.05799787830154;
  -35.92221318717642, -4.857775816527107, 45.8639427173868;
  -5.937612189773176, -1.646553499782492, 8.342315605504071;
  -8.895969770548668, 0.772588777774096, 12.04138621350942;
  -22.17064064937602, -0.1868328439892628, 28.78432502974381;
  -8.64990240991542, 0.7966247652927668, 11.78093155468839;
  -5.842004058149314, -1.641253928939076, 8.259037274289533;
  -8.747665347200947, 0.8552505267272532, 11.94767292174827;
  -36.31959840520063, -6.408635983416345, 47.14240981270043;
  -5.716738132038292, -1.70134272243403, 8.208845208755772;
  -5.728447338958011, -1.645236591115277, 8.28498773055291;
  -5.714195493971718, -1.670603046373849, 8.325458668415951;
  -36.78441356346598, -6.925409586370861, 48.84763501652696;
  -37.94593184430154, -6.697742302438487, 50.36585817433114;
  -37.50619576280624, -2.006732094533833, 50.93921197827841;
  -35.10207456473609, -4.793273533207633, 47.9389099755102;
  -35.6640285659462, -5.265140863966589, 48.74204427181429;
  -38.14592313654965, -6.118351765715487, 52.3797001411306;
  -5.849124327642017, -1.941793941716071, 8.79896240782994;
  -35.0801412776839, -7.318806066411731, 48.47209401966413;
  -5.855294447564909, -1.885076104720955, 8.841069643108837;
  -36.54543385805288, -4.915378939936081, 50.56526056691185;
  -34.15121714626496, -5.088240973662473, 47.3826541061764;
  -34.1621345962192, -1.247461512073412, 47.48185120450948;
  -37.39745485363933, -5.241693186643251, 51.94248305086213;
  -33.32235217312882, -3.912308416640084, 46.49239262390137;
  -34.60996864269582, -4.795647336978349, 48.40050179551199;
  -33.88099307514747, -6.802119966488844, 47.77454357529275;
  -34.46363078827717, -7.482847016693617, 48.85665770681477;
  -6.105407869437598, -1.936882020066506, 9.406868244243846;
  -34.90592997514683, -6.826671639748352, 49.85776026510206;
  -28.02435846169131, -0.547744343568389, 40.19732828489438;
  -33.89408532068482, -6.93386537858717, 48.99309137217676;
  -23.40629626649978, -0.780205874750841, 34.16582008189239;
  -36.57250695583918, -8.532644723040336, 53.63707343744814;
  -22.48287822967281, -1.438938564399845, 33.3984783574905;
  -33.54799234760387, -9.007042748207978, 49.91443045868421;
  -32.51719809117566, -4.783283654754626, 48.57752188130873;
  -36.1027114978428, -8.623567237656634, 53.89073690697195;
  -42.04173696278738, -10.30029787953735, 63.36096556807636;
  -36.44520916590511, -10.15679049423793, 55.32438032375118;
  -21.51684884296753, -0.3198812494851196, 33.16193090892953;
  -29.58564319844222, -4.400833949225506, 45.33919071157301;
  -23.49999351453771, -1.471824291494077, 36.33104658429679;
  -35.15735559768477, -9.178559086111941, 54.07339618241034;
  -20.87328301089525, -0.546501114206488, 32.63116576214113;
  -22.23694364355944, -1.289126876752844, 34.77851925904403;
  -21.58547793985482, -1.128101658144135, 34.09566670016111;
  -28.8156047409358, -4.472827999370746, 45.29406269514479;
  -28.98742864022433, -3.8146830892398, 45.60183334024514;
  -32.91750658985664, -8.651554905383387, 51.42498697341033;
  -27.25265259813562, -3.3551194754154, 42.98536444709686;
  -28.07683945469711, -3.930415712230996, 44.40753500735843;
  -28.68801264464618, -4.809095528530621, 45.46142791918688;
  -20.99343189834285, -1.283273678350801, 33.57064852718265;
  -20.49119091874434, -0.8574353210307337, 32.91206561657867;
  -27.58888281509711, -5.625320742417356, 44.04793704297028;
  -28.10194585812494, -4.524383208676726, 44.98610347345866;
  -20.81887924236797, -0.4957890667351452, 33.53928424624571;
  -28.06665914711083, -3.741895731920893, 44.94587343787913;
  -23.88042607684742, -1.661243661907464, 38.5946651744772;
  -6.019183625169244, 0.332450400163116, 11.97044125444153;
  -7.862119661266895, -3.072176830147886, 15.97761250051699;
  -5.600287190720356, 0.5373978594686909, 11.64847095936169;
  -5.703983188880424, 0.9009706046670692, 11.86256307963498;
  -7.503922194656365, -0.5760264783349328, 15.52950255025308;
  -6.072146439471618, 0.3575651910914053, 12.87904351910443;
  -7.733118795486957, -0.5691225520179907, 16.31067963666866;
  -5.826987693151389, 0.3110368725816459, 12.75919105493558;
  -6.948703008266176, -0.6274629983626096, 15.33891602973355;
  -7.006423062202441, -3.110415095818937, 15.48155072843473;
  -7.860262781193617, -1.202884087422107, 17.41250338917405;
  -6.979644317039886, -0.5172479192474425, 15.89351974018785;
  -3.903030099565257, 1.393943274191606, 9.311286424603026;
  -6.971229651170674, -0.5920797565157994, 16.23743114703308;
  -8.345249066526675, -0.7425890207716615, 20.15170935087406;
  -3.758976082758042, 1.415206892044084, 9.605965182033184;
  -3.615829588496125, 1.40043815753354, 9.457502031491536;
  -6.823399230701575, -0.6796732108982347, 17.25326006130759;
  -3.259459350086809, 1.424565654519624, 8.65965282656162;
  -6.024241873616318, -0.337814996762849, 15.40536029197957;
  -3.194738163793475, 1.436511650141323, 8.614662266782103;
  -3.229069349615561, 1.398410042588536, 8.86112929432699;
  -2.511368327352566, 1.430300396981877, 7.181700496409038;
  -2.996164928532485, 1.45368735474247, 8.664850819377048;
  -4.024405139068717, 0.8933747849027384, 11.71313247742174;
  -3.79857183546444, 1.26769201609425, 11.29793077757495;
  -3.797413774841008, 1.137444782855076, 11.32489142782562;
  -3.767609231105531, 1.203372799650555, 11.30159512215845;
  -3.706939553520313, 1.216198295454198, 11.34502468443352;
  -3.742988682828862, 1.214458417087075, 11.45371100365737;
  -3.627523106609216, 1.332950480407471, 11.18741709528307;
  -2.80005377330004, 1.407077859743486, 8.836872220156529;
  -3.625109167178634, 0.99596185825317, 11.32116028903473;
  -2.387996810115759, 1.45093756369249, 7.734262882890018;
  -3.596037629515406, 1.048692154492792, 11.36294526920801;
  -2.389975315147518, 1.421050729643896, 7.896345255663637;
  -2.446206208077091, 1.419354585445392, 8.089583730770169;
  -2.275659390293037, 1.420414407214133, 7.596945249046519;
  -3.091806393444377, 1.401256609728836, 10.07145609683183;
  -2.323804906334999, 1.432811166985885, 7.816232393983073;
  -2.194292473259223, 1.424396952351149, 7.47666082839772;
  -2.871584223481086, 1.374793392887036, 9.798210884056914;
  -2.270505624693189, 1.433630183886946, 8.031461628875771;
  -2.540975970751376, 1.449078683538524, 8.903171392476807;
  -4.537062432681012, -0.3571534622226168, 15.4139793355689;
  -4.51341015751738, -1.554916533219742, 15.38872954060657;
  -2.243692992246496, 1.394412559148305, 8.066344215315853;
  -2.289360846859605, 1.386354862529381, 8.324769065386116;
  -2.19932456415913, 1.45673256845396, 8.00605368190239;
  -2.514763761066573, 1.416365093623867, 9.174532609788258;
  -2.707432171707416, 1.40627408751485, 9.977503921769541;
  -2.12743043463298, 1.416131006705563, 8.114687215530198;
  -4.055131669799562, 0.4736513362078868, 14.97983937453573;
