m=[-8.848307796890531, -2.023636978633554, 11.37027279415498;
  -30.65389310504332, 0.2129789080680498, 39.78792068733468;
  -31.19794029316368, 0.5632397246301588, 40.59661176002224;
  -35.85314385105097, -0.4064895809944135, 46.5650496961;
  -31.6124712594963, 1.000733238194123, 41.38353747340089;
  -36.92958669378573, -0.6171250167820682, 48.33256790654306;
  -31.98858147363196, 0.4147140036642003, 42.1407076410475;
  -35.96975373959624, -4.214773638165391, 47.63129430666598;
  -30.75037844775412, 1.072940842606804, 40.95817359843361;
  -34.44084080879419, -2.76842798415505, 46.17982089507487;
  -35.90469627126495, -4.235129505360196, 48.14219974435196;
  -35.22115670537829, -2.275854117910077, 47.35353845602852;
  -35.18421135848963, -2.502870730124081, 47.34406249614948;
  -11.12975420321361, -3.808926635442469, 15.53725699652996;
  -31.54892587094372, 2.064441314902691, 42.58958420367459;
  -31.68956117997941, 0.3017583307770183, 42.88810761095404;
  -36.25068025182717, -2.885657533427148, 49.08189892449749;
  -32.10539167434065, 0.8994713071003985, 43.59948099965527;
  -36.19426313544821, -2.081148693419616, 49.06053944686023;
  -36.11031958612848, -2.39807520032747, 49.16659677237173;
  -30.73606256272479, 1.124014928598842, 41.98845875598762;
  -31.06548478984205, 1.465492617107671, 42.46361753569969;
  -34.71397316839255, -2.026933089420389, 47.47448030297289;
  -31.68912722690989, -0.5507143626094887, 43.40069605875731;
  -35.79938804991004, -1.927982099174387, 49.0267760415317;
  -14.9122126536968, 2.600130889590246, 20.91273512197351;
  -31.05946297753553, -1.434917584435737, 43.11655106552704;
  -34.34750733650068, -2.305981919049656, 47.62251027076783;
  -30.49862897840954, -3.086317987215244, 42.61061993950147;
  -30.34370830516525, -2.468845578529895, 42.46029330951853;
  -33.24340636266106, -0.5339560438192834, 46.47908024473814;
  -32.88371484443444, -0.5336791862245037, 45.99748332578044;
  -33.2611935243169, -1.316798680065226, 46.59701720772397;
  -35.45773999833638, -0.2302938077079407, 49.765421768042;
  -33.64393155210148, -0.8315065091404505, 47.40435150996816;
  -29.73473100027618, 1.228280515697016, 42.05036084207261;
  -29.98761877784396, 0.9321890520140564, 42.56537023508248;
  -31.45532945751079, 1.997141033466925, 44.6112849068306;
  -30.72749792409537, 0.4139881561910275, 43.62029289633671;
  -31.66885570607241, -0.6831507758412321, 45.07975644293289;
  -32.4784002545873, -3.812472579276993, 46.21443103807692;
  -30.54210752279564, 0.0500360682725188, 43.60587906528379;
  -35.4936412821912, -7.835308980982186, 50.52543635414493;
  -29.13673477749107, 0.5920595196102625, 41.80923144910874;
  -30.19464683234112, 1.251225998160105, 43.30616250860948;
  -30.84024556823701, 1.708747894830885, 44.31071226123338;
  -30.04901072170726, 0.940254530994696, 43.25690539365672;
  -30.04229394800068, -1.999496044894807, 43.27964814943483;
  -13.18738079929373, 2.646941997157927, 19.48513391263582;
  -32.49123940726297, -3.248690569022739, 46.79475542273373;
  -29.08941959330115, -6.23632952340552, 41.98169375592071;
  -29.76862332714883, 0.4274689619501335, 42.98700907629958;
  -33.4970549354289, -7.614830771071798, 48.25763425910225;
  -28.61570107363659, -1.8552480293456, 41.6260229696715;
  -29.43181837380531, 0.3865365559335046, 42.92962642875728;
  -29.35590515889151, 1.504713225236806, 42.83785410222173;
  -29.51469384615973, -0.01077611899382824, 43.06694787580634;
  -29.49099854620206, 0.9642248427623553, 43.03552548438472;
  -13.25770978423739, 2.729081714853085, 19.80198675882791;
  -30.86669904379955, -3.452998120243268, 45.16576007538594;
  -29.72525273881348, -6.675937299750648, 43.5235213105825;
  -29.47085340103164, -1.942043538700607, 43.26093452545695;
  -27.5428300523663, 0.6680652055866454, 40.4895109215439;
  -29.8080780509333, -0.2333004760125904, 43.80510146709506;
  -30.18263356414995, 0.4455387403432181, 44.36126095739213;
  -28.62283490179092, -1.369060231995153, 42.17373405573378;
  -29.77884771653353, 1.258160780016097, 43.86908735603998;
  -30.30985137408216, 0.2734538909210623, 44.86172373828138;
  -31.29330477304612, -3.234664064825298, 46.69094659671872;
  -29.63782422718812, 0.4058775401107785, 44.72656090786717;
  -30.55436678178929, -2.65787356268368, 46.26743346235145;
  -28.93663108898722, 2.105487080491458, 43.91057780727751;
  -27.61992389584811, -1.324715345313426, 42.1577155204564;
  -31.42784504510781, -3.119396678199647, 47.86995130455001;
  -28.36800327534659, 0.4256993058099605, 43.63076189674684;
  -30.25295806792386, 1.16882070471024, 46.6032457601832;
  -28.92436318978003, 1.322829126928531, 44.65418241484391;
  -31.70692384844121, -2.433847732736516, 48.94906065430891;
  -31.44770561499587, -1.568985553170851, 48.62233092568037;
  -29.69065875170775, -0.4957075362197405, 46.32249047804963;
  -31.33909648581124, -2.819304107940758, 49.01768696067791;
  -28.44445264028754, -0.02946439210583863, 44.7657199545212;
  -31.9464217988315, -1.564719414746632, 50.22919687752774;
  -29.41316827843843, -0.4774521325298241, 46.83911971750963;
  -33.70540567899968, -8.578894356785515, 53.81520694815303;
  -33.95553185751897, -6.755060648507951, 54.2712745822786;
  -28.9918754881775, -0.7285637099005922, 46.63489187081791;
  -30.67347045801501, -1.073121344761109, 49.43961511978636;
  -33.03722715945113, -6.149688025023961, 53.32019631443612;
  -33.49399835344983, -8.261714570406779, 54.30559001486517;
  -36.69285142562562, -7.962679577646466, 59.41596095978083;
  -34.97828841303527, -5.680713393342757, 56.87443540281927;
  -31.14643041968289, -1.081147550150985, 51.03074236449828;
  -33.46383755201593, -6.47381997471765, 54.95121149572815;
  -30.25091424626639, -1.841781655953116, 50.33033008712505;
  -33.61865042023737, -2.108150131970037, 58.01928694808339;
  -32.3618576372213, -0.9440591151769316, 56.0159902012855;
  -25.53243447289303, 0.4488988649208396, 46.44799559536819;
  -27.63780455423497, -0.06186148264788745, 50.27347062666107;
  -24.10903141324392, 1.211082708771873, 44.34145176059446;
  -24.31512133009048, 0.6734071662766519, 44.92987506431371;
  -15.69784800118324, 2.576936100314161, 29.3483115245975;
  -30.47991953123393, -1.558327822235515, 56.56382454167617;
  -32.41316269927093, -2.075251088533059, 60.23584064949985;
  -24.24966477455449, 0.4882003747871883, 45.2686199515809;
  -25.17476009939272, -0.1753821379214066, 47.52586283509559;
  -24.53602208033021, 0.2086610150355545, 47.04894431293424;
  -5.70574355409703, 2.770609796670419, 11.59152189119099;
  -5.769900708467723, 2.846834852238769, 11.74031325996222;
  -29.41737416984404, -9.500182644159414, 56.86406840870369;
  -22.95152431684436, 1.310860114769118, 44.63938251138063;
  -29.47653354205251, -3.945831720798922, 57.15951029940364;
  -31.6878519495428, -2.059673652040339, 61.42852785796156;
  -24.21488520382048, 1.849074380570348, 47.40037294436229;
  -21.49272188415845, 0.3908029522685022, 42.20328245073408;
  -23.0421369470468, 0.9962455568960081, 45.26772249345238;
  -30.37095530390544, -7.905260577566951, 59.545642375215;
  -23.25560306932714, 0.1576174906614283, 45.80141994054605;
  -22.91293240623985, 2.282168210775266, 45.16445233933126;
  -23.38671391748483, 0.7434685212444544, 46.2420776934672;
  -22.58110798834561, 1.892716351944326, 45.39684287667784;
  -21.53811430594296, 0.7164277565775694, 43.35893310691293;
  -21.54017224505918, 2.198687391530276, 44.11705091308919;
  -5.620519548516589, 2.845922269639985, 12.19536141601324;
  -5.621184084349402, 2.798417231691876, 12.27642523846247;
  -10.1585984028392, 1.297786594824458, 21.58139296584183;
  -22.8776512998287, 0.5493423468633761, 48.04941346992821;
  -28.93364142962312, -10.94972319920958, 63.17314059979507;
  -26.12128381538384, -0.5065915549358468, 57.61326848078262;
  -25.00511105391935, -1.370435260554558, 55.33410380171711;
  -33.32100862904535, -10.13190409831084, 73.9156545499833;
  -35.98669845900945, -11.76314830699127, 79.8873375525787;
