m=[-7.418214873202238, -2.087125107893257, 9.302874935510051;
  -22.32452232911842, 0.5779101222041385, 26.68093560607866;
  -5.622176851690602, -1.775485355440759, 7.654773351018143;
  -18.49677384849998, 1.149842113971646, 23.16367441446497;
  -19.65318356863354, 0.9169203159069763, 24.56364379482303;
  -5.618030524987567, -1.804174589057546, 7.691352780399418;
  -18.37780475340754, 0.8209038188423145, 23.54772382131054;
  -19.74307432363062, 0.7096529931102169, 25.26859654689563;
  -9.165797372626074, 0.750780009091831, 12.28479714353459;
  -39.34495736327152, -3.250000026723274, 49.79780828647169;
  -14.32435546823402, 0.7766361405621429, 18.71896221830863;
  -9.196766190435234, 0.804637997141749, 12.36290769551883;
  -41.59355571096615, -2.407225543935593, 54.01997736659134;
  -37.96434249489695, -5.241559348359639, 49.58308194390971;
  -5.957752869786145, -1.715868844626092, 8.572797701780056;
  -37.02025318657194, -5.95628572824963, 48.67778699983615;
  -44.0373576794404, -2.779070780031095, 57.97828903104347;
  -35.41694453445228, -3.494791292345484, 46.94531038399602;
  -39.18984521503876, -5.331324472919274, 51.852877607963;
  -36.34877772597991, -5.131827267764603, 48.31748784027762;
  -38.51444439957088, -7.538826771519451, 51.17843942547967;
  -36.05146483241846, -4.322916333003296, 48.12238174279744;
  -36.260960062785, -5.07922318035186, 48.50769802572307;
  -38.51452730143833, -7.695621802441846, 51.91147274990957;
  -37.85306215302977, -8.170210156624558, 51.26083675880921;
  -37.83938573707112, -8.135018557094293, 51.60087034796622;
  -37.22123129473432, -7.234589603738771, 50.77484402680681;
  -34.1762646844787, -7.108555090135036, 47.18972698341635;
  -25.09462867919046, -1.315421854921185, 34.973007632935;
  -24.72858577036744, -0.9461381317003114, 34.62812757212573;
  -23.53573520699084, -1.612633524669473, 33.54743440941267;
  -33.78748235046735, -5.00464072126, 48.16584338877471;
  -39.38469359355246, -9.319022359403929, 56.0995853411945;
  -44.87001705433458, -10.88056100491901, 64.43932024882707;
  -24.27515349856468, -0.5388707385835455, 35.65604432671149;
  -31.77077905492444, -6.145114148274619, 46.41192450438082;
  -32.50813586876562, -4.858458272901243, 47.56277398353186;
  -26.38908746386315, -1.785886332683982, 39.00731427864729;
  -22.57166254339242, -1.410622170957116, 33.84789969848066;
  -31.55794053736563, -4.92746828750921, 47.34205642527746;
  -24.56047468698707, -1.877765143801069, 37.06368047396869;
  -25.13065370062693, -0.6813551891948532, 38.08291449625494;
  -32.28324151148627, -4.568915557029838, 48.70822189318538;
  -30.93551201650411, -3.923255811587493, 46.90112977631135;
  -22.73239220371861, -1.075941392401488, 34.93949972805459;
  -31.35183934640707, -5.070067003660447, 47.86535074960816;
  -30.9392313284873, -4.188059529758981, 47.27076708291521;
  -21.02947238558864, -0.1108311358162679, 32.6485992035136;
  -11.87709777797302, -2.533644680522206, 19.06692366580079;
  -10.71891123982699, -3.266313041072443, 17.22072651282826;
  -25.99817112823899, -1.526786624260713, 41.10157070804651;
  -25.25975814809155, -1.100209064947239, 40.03328290893631;
  -9.764598114840785, -1.156981880815743, 16.32836927064128;
  -6.356359801778822, 0.2696630140852914, 12.31467780715536;
  -8.525632614498301, -3.08646727683172, 16.38203885189165;
  -3.196075245987793, 1.42268448230849, 6.710994223648179;
  -8.444994058258585, -1.659204121694055, 16.36433902617145;
  -6.067330414993553, 0.8422975713550577, 12.26817895082871;
  -5.993489913581054, 0.4822289202481374, 12.12819802181329;
  -4.710772995560849, 1.373482987426499, 9.852030271289721;
  -6.481926530711307, 0.291847083542997, 13.32224157863375;
  -8.008944361274478, -0.6354298060371313, 16.26541567793186;
  -8.406611006249726, -1.333099484297957, 17.21472819235865;
  -3.247349180845633, 1.397650806898719, 7.197702504256508;
  -5.876583588546335, 0.2155102163207564, 12.50351365026472;
  -8.443062428942071, -3.626155801229608, 17.88568644122135;
  -7.536361775837863, -1.147436918543849, 16.10431564956663;
  -7.508042483857482, -0.6026542568854109, 16.40712635491656;
  -3.053710861578284, 1.36597967776098, 7.183643071636873;
  -6.663368846573503, 0.5910377038529225, 14.93064101770669;
  -7.647340217062132, -0.6989218805932682, 17.05332785000537;
  -4.261945352539282, 1.369748227064862, 9.898717832433132;
  -4.12636198569195, 1.379806165064847, 9.94574491863952;
  -3.958905551466172, 1.338484653871988, 9.826016369197591;
  -7.221564489588739, -0.7500810355599138, 17.40362249484189;
  -6.481318986285721, -0.4164233946088998, 15.81995191414415;
  -3.871477170280762, 1.342970694970651, 9.823276933984991;
  -3.532111000589738, 1.383357494222057, 9.120919001018811;
  -3.739853076417106, 1.386415189630534, 9.612716699696556;
  -3.615108680749301, 1.369606352350731, 9.374710854768189;
  -3.448287518334327, 1.338914473325052, 9.188968920207829;
  -3.801906505976865, 1.350150513226886, 10.20883980735066;
  -3.728702656636728, 1.351176947615762, 10.22288506725751;
  -4.149495380706592, 1.217342099859311, 11.78035562509738;
  -4.142880974625663, 1.036537775094204, 11.78900552618538;
  -4.153196471823628, 1.087989974215091, 11.82225258339982;
  -4.08735814623918, 1.020246795919645, 11.79803796786104;
  -4.040953709440664, 0.9448470064313325, 11.74807925615449;
  -4.054298107156755, 1.166488976848108, 11.82134390081803;
  -4.075903410923281, 1.157653308499273, 11.88558435276002;
  -4.041168274594588, 1.306760168258129, 11.86635295627646;
  -3.063717430373997, 1.362410166165734, 9.278256249655632;
  -2.94562872523741, 1.373545645637784, 9.021842285543407;
  -2.617775001823621, 1.406058779387998, 8.177823395699811;
  -3.868910291867806, 1.22167544205794, 11.84577075205235;
  -2.698106177727151, 1.382392384153796, 8.567641849491016;
  -3.263328852189197, 1.367963260106508, 10.54779319308705;
  -2.33286921596767, 1.375713362489012, 7.777820262380025;
  -2.640354201276757, 1.394869936569911, 8.707676170397077;
  -5.075708279085549, -1.67420825583399, 16.18514011035562;
  -2.725103973173804, 1.361426788845008, 9.084684200183419;
  -2.522396055559203, 1.371717947225171, 8.630077202752176;
  -4.753408698698408, -1.475826703177859, 15.60324752456756;
  -5.131960012785339, -0.7475306720482107, 17.06421044588359;
  -2.760726691396055, 1.357778050072805, 9.548213214441256;
  -4.421394336643085, 0.3957813373205083, 15.19258689047527;
  -2.616428536345992, 1.353488976166036, 9.349521612284516;
  -2.648938111022446, 1.314018031506921, 9.549217385830595;
  -2.38786530798001, 1.391844682712407, 8.745960210675824;
  -4.047645230715592, 0.2475444166100502, 14.43392953200267;
  -2.113675204325772, 1.377988516933568, 8.037020928462304;
  -2.022519527615563, 1.379537033086367, 7.832158404055877;
  -2.193119588972573, 1.361320209185614, 8.429180883686396;
  -2.127209841387605, 1.365889572983222, 8.215924445593455;
  -2.071303955622433, 1.397330483753075, 8.164437266358371;
  -4.210590975290677, -1.667443953986919, 15.92816960253864;
  -2.265821335992476, 1.359391609708025, 9.406562249710435;
  -2.102658356267992, 1.365260920834083, 9.078071573058963;
  -1.767073472736291, 1.357669059421103, 7.785439581404131;
  -1.828055085013176, 1.359585128722426, 8.030050476153257;
  -1.94907677508172, 1.395984796288021, 8.863837901148843;
  -1.923619607734436, 1.347337070799368, 8.786358980162666;
  -1.988435331942178, 1.341718820807583, 9.116809118776684;
  -1.869374022668031, 1.372717752133789, 8.759857664167232;
  -1.74833534010248, 1.335242246175602, 8.501076008336399;
  -1.58927333155973, 1.35996416758174, 7.799056357290907;
  -2.279729116925346, 0.285602160645703, 11.20446991600793;
  -2.145309241163687, 1.153020326407364, 10.98606203828311;
  -2.147800033686153, 1.016183058093201, 11.07693948191448;
  -2.978826094569988, -1.765935050020433, 15.43383468489246;
  -2.059592117026535, 1.000374882585979, 10.91325272787597;
  -2.061880189808784, 1.207428654847527, 10.94089404458436;
