m=[-5.737719168847707, 1.391337431481112, 7.12133126021503;
  -7.495744775987425, 1.306976904443352, 10.51195611828142;
  -6.703019127181157, 1.345415219710566, 9.904106607665341;
  -14.85128952795004, -2.873088737862525, 24.38741075545031;
  -14.17476055443398, -0.8630090897139237, 23.58343195193426;
  -11.50656528528562, 0.2023028435140436, 20.93246902312346;
  -7.573365644564465, 1.243232787633449, 14.15897861984704;
  -11.40910586935224, 0.06432921395918, 20.97729131598598;
  -11.85524682597777, 0.5955313671903526, 21.80422955338058;
  -13.800418927665, -0.9990701076049693, 25.47864816256881;
  -12.74317014330661, -0.6515121064360536, 23.64843645181176;
  -11.22973641739989, 0.226079889297632, 20.96336896867651;
  -13.77364421544295, -0.8818568683458955, 25.59660856985698;
  -11.50538670905815, 0.04573961354239962, 21.67211331840903;
  -11.3209652061637, -0.07886848070654477, 21.37214565003956;
  -10.66930819249295, -0.01196744888855193, 20.35518312806735;
  -10.66954751671799, 0.0907367383155898, 20.45934525632423;
  -10.35237569091744, 0.5912686320520122, 20.13476978647665;
  -13.29301938636618, -4.292909058901913, 25.69553486930266;
  -13.15629652922947, -0.8551440268918155, 25.50415626594834;
  -13.05906595321308, -1.748132174656156, 25.32352774074863;
  -10.37993705578222, 0.4487850322410579, 20.39203704155029;
  -13.2658098795854, -0.9632187157779426, 25.88785436468419;
  -10.40698657192558, 0.07053453328748915, 20.49634063994963;
  -10.33383441320636, 1.02926801227819, 20.36936885960079;
  -13.19495481594612, -3.434516796903742, 25.87017934619968;
  -10.48679651312011, 0.3333774519887492, 20.73533121524728;
  -10.16833217628442, 0.8522951394585304, 20.44231746125541;
  -10.29282205742876, 0.3423727495689399, 20.72074540649406;
  -10.71107114834403, 0.2571961992486513, 22.49622041911509;
  -11.20502482171889, -0.2173082681405687, 24.71387348149133;
  -11.99482188185309, -4.908531177191694, 26.70941607244226;
  -11.4327428150953, -0.498576914859691, 25.52072283116989;
  -13.17497509649724, -3.171869155728544, 29.39164679503211;
  -11.99677007110339, -2.427477376104432, 26.87957085974741;
  -11.51494189276194, -0.4508139314481742, 26.1890173289844;
  -18.56859548062781, -7.403320805323749, 42.40230043538723;
  -16.20445913408234, -1.753133033392867, 37.32555979159486;
  -16.63026932898081, -2.09946660584587, 38.36796730942111;
  -20.01816805421266, -8.834929269889059, 46.14488275566486;
  -7.380496557185611, -0.123403604545568, 17.56844143287196;
  -17.22738045679318, -6.25662423472685, 40.25788040685944;
  -18.41446792484352, -7.671470831165511, 43.00542805077961;
  -12.83589764735055, -0.9777724500442676, 30.3695985159731;
  -17.35230626042704, -6.604014617518606, 40.87689820948357;
  -15.13649295013017, -1.700585906762128, 35.81451666133364;
  -20.11175916450813, -8.735993228031314, 47.55799940970197;
  -18.53505127054361, -9.088663075105067, 43.99982648987101;
  -17.5833038577388, -8.182718196401263, 41.88312036702784;
  -17.13684312825434, -6.601738757125252, 41.04558958135041;
  -17.69972346064963, -8.863226026825048, 42.50854434832601;
  -21.16224226967149, -9.426063220337637, 50.7199369046363;
  -19.05546315279119, -8.970360499915916, 45.78837063238307;
  -17.7697658568482, -5.281880871657134, 42.86768123722205;
  -18.93869829393357, -9.287289657407246, 45.78530297639832;
  -16.84083503855226, -4.861847253008409, 40.81456431592329;
  -17.80362849260403, -6.447925248372132, 43.1996048601349;
  -17.5943409540659, -2.651991671037322, 42.77931385872117;
  -16.94323225494421, -7.643852310990339, 41.2838314118997;
  -19.38082787325505, -2.716693832824705, 47.3696856012352;
  -18.14537749320684, -8.946908082177608, 44.56101912282467;
  -17.13698114304515, -5.620260070412276, 42.74035617590381;
  -17.69644519879085, -6.057933368943796, 44.3703863559093;
  -15.99026335618566, -7.474392826179316, 40.36867998424771;
  -16.60806154104518, -8.48168413653536, 41.97348509826585;
  -16.52961549867573, -4.841021763597769, 41.7924471591904;
  -16.13589449842052, -7.367092628042355, 41.02413408528371;
  -16.67551747383317, -8.142555633273592, 42.40676236028163;
  -16.60782345028998, -7.074504851214039, 42.37804810060623;
  -15.96068680521585, -6.555965384517118, 40.92211562228821;
  -13.01887300286943, -4.855880513036675, 33.62831205477725;
  -14.69286312018911, -4.503634113388179, 38.22473679711516;
  -16.3269024540332, -6.765177252329055, 42.81211229599072;
  -17.83767542423854, -5.692107098561239, 46.85231114068775;
  -15.79844331562973, -6.875447108027311, 41.79208330410183;
  -15.76434842835568, -4.60167670897463, 41.69779369740263;
  -13.82927126323592, -2.629714455885916, 36.6664163761558;
  -15.77428229262888, -5.145945324498797, 41.95788686000056;
  -16.12476756290907, -8.282742362438029, 43.19369255633499;
  -15.97373895793481, -7.426406626868445, 43.20033423102297;
  -14.9053110931323, -7.703764511184573, 40.44659323064671;
  -14.80188629623106, -5.932563717780289, 40.25895851193904;
  -15.32952141227964, -6.869697811464498, 41.78852983570006;
  -14.71877664900396, -7.807797292021975, 40.21917634170291;
  -16.25340899494659, -7.042362521873082, 44.3492564250937;
  -14.81389989649914, -6.843357870070162, 40.86436738239314;
  -14.84276721960332, -7.188859868256908, 41.32123327821742;
  -14.09731600327886, -5.865499792563543, 39.40964747024435;
  -15.53616405725775, -7.009807501396437, 43.55264286410121;
  -14.9142609261446, -5.891209951757945, 41.94267125027162;
  -13.29217441810608, -3.098598129932839, 37.74733136306297;
  -14.20194574701078, -3.79880615509988, 40.31378740137044;
  -15.00761610263067, -6.539291215614894, 42.64250829993995;
  -13.97413570490848, -5.417241878366061, 40.00411629534946;
  -13.80104126154745, -2.9359006901653, 39.55074391483398;
  -13.74823298915719, -2.592228177529733, 39.41274670038719;
  -14.24927345796884, -7.119931875529376, 41.21614178200653;
  -16.86716588593155, -7.602533471970815, 48.76058108570705;
  -12.94215864960256, -2.262681616107356, 37.52791821259044;
  -14.25994265816897, -7.667174401223678, 41.70465388161404;
  -12.54234219961178, -2.097922402733907, 36.74066706835284;
  -13.30487183880129, -4.57767104963726, 39.02438377368631;
  -12.52079985507691, -5.197424803206334, 36.85520535491742;
  -13.67332450254756, -4.446950020635951, 40.20278534849126;
  -14.29985040014955, -3.707974327307539, 42.05420985677939;
  -12.70931680980163, -2.615315705752075, 37.44270158075278;
  -14.3956181571562, -8.238685447094102, 42.52212366772684;
  -12.07949871944391, -2.317268819020938, 35.80915823551882;
  -13.27369440553577, -4.944483233088247, 39.40806058866326;
  -12.46180563427377, -2.837012485500082, 37.01964253448895;
  -12.58910235852119, -5.971016345771612, 37.52037366856259;
  -14.88417747997808, -8.396350150076295, 44.4907860469761;
  -13.0588428809118, -2.263323932476106, 39.22994224450226;
  -13.16164882510207, -4.294612459325239, 39.65243613985754;
  -12.97720773002837, -2.765562861988963, 39.20741781407369;
  -12.1107169800553, -3.472234511558906, 36.75045017272257;
  -14.2716616989282, -8.143336988902147, 43.34233412411926;
  -9.872402401249042, -0.890090691030856, 30.20253347424344;
  -11.60808750181507, -2.819173764234392, 35.57641633370247;
  -13.09147485019131, -6.61304098869393, 40.14147140605652;
  -12.3306003686268, -5.715603559897839, 37.93622086799786;
  -13.00618448060078, -6.76066793428017, 39.99576505166657;
  -10.05745355241858, -1.563890808909274, 31.33611574525936;
  -13.00068330102116, -6.08353471367439, 40.42443628889132;
  -13.07448968199308, -6.260446975588534, 41.29340596638133;
  -11.41226271243455, -5.809323616413987, 37.49713808483469;
  -3.984246439765952, -0.1932366099358277, 13.64178670847972;
  -12.0634724627168, -6.640137417238107, 40.22925227761128;
  -12.95881696976197, -6.943566048195007, 43.39295400448199;
  -5.063207204574027, -3.359822346139765, 17.42113582661285;
  -2.762149940712281, 1.181344506095492, 9.776735013096202;
