m=[-4.443876263428983, 1.406606387144443, 5.480271022543279;
  -15.87274926687238, 0.2550974740449225, 18.9961318751183;
  -18.00607329097502, -0.2152055212764994, 21.45208896532695;
  -18.03799915099502, -0.2926719986289953, 21.64703187926612;
  -16.03492849055948, 0.9610140099795556, 19.86831238065364;
  -7.993009856301901, 1.280559206371577, 10.49157454460365;
  -14.81054151055715, 1.142882915365886, 20.54290536774604;
  -16.67811841654524, -2.868796577145675, 24.43402488396706;
  -15.61424446612553, -0.5279435068464161, 23.23585902796137;
  -16.43468261692577, -2.943100198394657, 24.48030345646242;
  -15.85239304795602, -0.8986579552095677, 23.90592500692518;
  -12.98695057483055, 1.170566041748655, 21.01015825999123;
  -12.94370988861134, 0.1908144644843018, 21.3016111399969;
  -13.41412046218765, -0.03578886765902979, 22.06290870535786;
  -15.57018668159661, -4.62734921945154, 25.65393348356721;
  -12.45317356509171, 0.297929632886472, 20.80365484902212;
  -8.508004693363715, 1.246504597292023, 14.49826715695017;
  -15.49739294585123, -0.7401853289815936, 25.87202485792966;
  -15.12069069328378, -1.972946860065215, 25.28311955137475;
  -15.46534635526858, -0.9187411045766293, 25.87858671951995;
  -12.71715214775508, 0.2161462719383494, 21.4276216280035;
  -12.47967795004982, 0.9703065402087883, 21.31750360941907;
  -12.51261707470769, 0.1074119922687362, 21.37051194464597;
  -15.23502797619052, -0.909802536347072, 25.88566178311543;
  -12.11982445572308, 0.07755747877145655, 20.96767655853183;
  -11.87441610191082, 0.6000323403639268, 20.80794478802235;
  -14.85042710950896, -1.819518223549006, 25.83954511340311;
  -15.21207487057294, -0.9097765036674217, 26.4628893872895;
  -14.65988797286209, -3.503610754629209, 25.53314430132205;
  -14.67804829309227, -1.241907723834757, 25.61688336011203;
  -15.79023780552145, -0.7910896860381171, 27.52812906462977;
  -11.90243790709763, 0.8018863037202219, 20.99257209439114;
  -15.58065373610228, -4.757632086343083, 27.24104141191566;
  -11.35523689278189, 0.1781295347309085, 20.0836945079313;
  -11.68658164252767, 0.4413572619311811, 20.6777905010763;
  -15.35568996811506, -3.649586331690931, 26.98012895752294;
  -11.87811592837678, 0.05932176735715915, 21.05619620293874;
  -11.78528914166823, 1.045648084363153, 20.90815437308697;
  -15.33621651749675, -1.216016696370214, 26.96326953001305;
  -15.47307231123551, -0.9486110634530054, 27.2660731959835;
  -11.89971510574959, 0.3265639174274699, 21.17036309152035;
  -11.6392637307135, 0.8673820316098768, 21.02885647526409;
  -11.16505025311231, 0.3180807172893772, 20.2148742489748;
  -11.40587827584729, 1.038451227250108, 20.95987435302274;
  -5.691583965307084, 0.6373965869124496, 11.02390127999153;
  -12.26366573876373, 0.2575352792325299, 23.04456143153567;
  -14.06276550634665, -5.122034952801904, 27.44952419026874;
  -13.2772815909511, -0.2473779407576449, 26.02571104561116;
  -14.46919876662769, -4.077237854669557, 28.51868073671131;
  -14.11968296466305, -5.188064244532326, 27.89414859316984;
  -14.05225396391195, -0.4612784777008157, 27.87525029372142;
  -17.61078480287454, -6.116960407629238, 35.29844989580202;
  -13.57570506411689, -0.3067447420739435, 27.36280400948815;
  -14.2153738325184, -0.5074184520587394, 28.62081619335965;
  -14.68611450345598, -0.8418562608890524, 29.62506640897805;
  -13.82723763454441, -0.6381012117350355, 27.97204150440703;
  -20.87368436489572, -2.363834735309304, 42.37233140225091;
  -23.59755724744199, -9.311973077249064, 47.82167649522146;
  -7.808755042199848, -0.1187062745321292, 16.57792815145896;
  -21.37615123460242, -7.267142881459686, 44.20088387013664;
  -14.45067548774676, -1.006724982425582, 30.12113055603345;
  -19.53240005841905, -1.531700460789301, 40.48822790148189;
  -24.99588030171586, -9.678883635390088, 51.81738531127536;
  -21.0513317669549, -9.200423517745088, 43.86079137544066;
  -21.42292274148854, -6.951157634215181, 44.64211479034699;
  -23.10774725665158, -7.931497543223285, 48.47625994994753;
  -22.02432222375768, -9.820688824943797, 46.34861083797237;
  -21.9742242337062, -5.842198832062053, 46.46618859970479;
  -22.5144906785103, -9.825960926944559, 47.66480091257336;
  -20.424336077621, -5.246167755923857, 43.36155973871782;
  -23.6228204621658, -3.181757352830877, 50.23043517380712;
  -20.21214018843704, -8.090144855366088, 43.09225858738655;
  -24.44736112399863, -5.71670166497157, 52.28966148599577;
  -21.21018879279634, -5.267474131463456, 45.47476051142768;
  -21.48907015360454, -9.409681695393273, 46.1467088138325;
  -21.74746088872955, -10.22292485606655, 47.23363706619378;
  -21.76841310975675, -6.323764987783243, 47.35639931684456;
  -4.605046213037402, 0.4389658851667591, 10.6245265043498;
  -20.37469948493542, -6.184033378643313, 44.58973701957851;
  -19.64221975906396, -8.141887075161174, 43.28405973836738;
  -18.57200852952704, -4.817923719413852, 40.96997765614804;
  -18.55147420136244, -8.434355915534525, 41.01451765517295;
  -20.30371531377531, -5.753865664980794, 44.81453992189665;
  -19.70817509121278, -7.95001812913956, 43.6872384692894;
  -19.95884288013566, -8.631645872973602, 44.28079495329678;
  -21.67322771837571, -10.09865779293808, 48.0738380681275;
  -18.95289624078264, -7.083927028713949, 42.74300984651993;
  -18.70429624215375, -7.196652934524867, 42.23166941927458;
  -20.12021154803584, -5.434406613369482, 45.46482139643246;
  -20.18907827292991, -9.326492747715733, 45.8385362712838;
  -18.71589044696437, -6.830688599259504, 42.66543373685473;
  -22.26852878196986, -6.274254859295206, 50.76609476239694;
  -18.52394381927665, -4.780138292344755, 42.57153167095272;
  -20.15940370699206, -7.759174468376305, 46.33341017531961;
  -19.16903810682697, -5.521929600479438, 44.26765374539595;
  -19.61502315014445, -8.841879216237677, 45.54534885640355;
  -19.28082972580183, -7.020750996119901, 45.02044032477907;
  -19.14030805712687, -7.826152446112183, 44.86299213016707;
  -18.87057049784522, -6.636431875581496, 44.42623988999214;
  -18.89897628910181, -7.433413529924493, 44.59667383051747;
  -18.13022815910096, -6.901305949167218, 42.8606185762452;
  -19.38437647939738, -9.025169354112878, 45.83378055434356;
  -17.76251114898761, -7.709152769353493, 42.05061010885382;
  -18.07544682132191, -5.043694944829759, 43.01294883187937;
  -19.07446115393663, -7.723957607851853, 45.49033762845394;
  -18.15297244767202, -7.692035832475611, 43.66066646693272;
  -17.69482228893114, -3.189106694871394, 42.57885725701827;
  -18.5650048336361, -8.620289908049561, 44.744314987686;
  -17.90479131329809, -6.519276333719227, 43.2125651950813;
  -18.19022335577798, -7.151964444155007, 44.00206797217096;
  -19.14252092453048, -6.613882102065519, 46.42979311731988;
  -17.94023041246166, -8.607012100858421, 43.58713701607251;
  -18.52582879410166, -7.039230806962849, 45.3288486066045;
  -17.83404862946462, -6.034030107671942, 43.96172678437069;
  -17.76495095757155, -3.288705836889477, 43.82754403261609;
  -19.27156621361253, -4.369025176151715, 47.59755008444009;
  -18.11247472586197, -7.874454386303571, 45.03391915332008;
  -18.09346066936011, -2.778642131438145, 45.10326364380305;
  -18.00312201512488, -8.170539612860955, 44.99929250066762;
  -16.4934916852056, -6.962027744219648, 41.27438774075734;
  -17.21752444909527, -2.524603884800414, 43.30939690861762;
  -16.65555021387029, -4.98986198373032, 41.97108095827211;
  -16.79144959047526, -6.058526504935258, 42.41130147074363;
  -19.39221896386854, -4.381698266055799, 48.88274333247568;
  -17.37117713362096, -4.915486142037153, 43.83312638882152;
  -14.83428004692144, -5.142234006574494, 37.64422578897239;
  -17.07476756048915, -2.85445523544013, 43.3746693230922;
  -18.2501115292463, -5.896871244039184, 46.39158923576434;
  -20.76723715367949, -10.17804858740798, 53.11219469146692;
  -18.19939125763453, -2.740332884191888, 46.75925336039199;
  -16.42025401781662, -4.637971307324572, 42.32378450838619;
