m=[-16.34303358705483, 0.4441280925772833, 19.54302990186831;
  -16.61905240789968, 1.451831392272484, 20.15300813140444;
  -17.08478387951836, 0.7052488454051392, 20.95417613707213;
  -21.03355959285942, -0.2718815075536342, 26.24325010351112;
  -20.96819595043927, 0.1701066446384621, 26.48027759426208;
  -20.30150386411649, 0.04985552057434958, 25.72158526941207;
  -20.47319913158361, 0.243084517477327, 25.9408288387715;
  -21.00819100732314, -1.888791032671175, 26.64154573789933;
  -20.77099306443855, 0.1506634222620371, 26.39084394555495;
  -21.95326590330833, -0.2475796651895858, 28.06016516211007;
  -32.41439263686661, -4.562460749223035, 41.2616446635292;
  -5.742860072217545, -1.702946734732104, 8.06873448637227;
  -20.92072926087578, 0.3746043780002695, 27.09016210308809;
  -5.620605156979039, -1.575563539562353, 7.947832713589985;
  -5.605233594306036, -1.614313655287955, 7.932802053983706;
  -16.75358266164594, 0.674589374250117, 21.9443590441937;
  -18.61770250559878, 0.4673855451483057, 24.40513985220294;
  -5.66643963704785, -1.663763512761268, 8.063416924708305;
  -5.534321153484128, -1.574817973682883, 7.901165280280848;
  -31.9562315912373, -5.164428243626073, 41.45876425589216;
  -20.25416865580105, 0.1483290707856914, 26.65711636360978;
  -33.76606305627926, -5.692691102855363, 43.88308883377415;
  -5.644032370520583, -1.671375579005855, 8.085479876110204;
  -31.39658144677312, -4.379497927718603, 41.24198294706563;
  -11.90665892067183, 0.3682868649636913, 16.26118540701129;
  -8.319374644501206, 0.8568524027278077, 11.64024639416061;
  -5.479006466056801, -1.646119217955146, 7.983334069354222;
  -16.25857810707067, 1.199400010635848, 21.93955824616116;
  -33.2198186189637, -5.383350718219699, 44.01051188775385;
  -12.09299509769429, 0.4972686960074665, 16.61211245847152;
  -30.91516589606696, -5.00326064801075, 41.55438428508026;
  -31.66213608986929, -6.381984581234871, 43.22379459449916;
  -32.59955821938358, -6.265442155974864, 44.70565154450596;
  -31.1110640054979, -4.50432159008731, 43.00963248863322;
  -5.711674443421617, -1.871856844863653, 8.681185176307169;
  -27.83233544994748, -5.107814986453819, 38.96213551959684;
  -31.95138151874307, -6.279714085951724, 44.74724248528957;
  -5.747098343973528, -1.838613360456591, 8.840833800041965;
  -30.89310387704003, -5.54012279690241, 43.8763011463352;
  -31.34522947510902, -1.722958374428038, 44.9833480472409;
  -30.88081642604367, -4.409062455866604, 44.5082892719222;
  -29.34902034539671, -4.527718899417871, 42.359426806953;
  -30.82602461415351, -5.157236097304071, 44.72716594850902;
  -30.58286936922071, -1.856236988536269, 44.56694654489602;
  -30.47070997879141, -6.747262957209655, 44.41210735101453;
  -31.87898088004329, -6.950656291572779, 46.53687637477582;
  -30.62997283340246, -4.302891891468677, 44.78227263136836;
  -28.70090296113194, -4.462988091457303, 42.03952968191955;
  -28.6241955787532, -3.492543797168378, 42.17450165926908;
  -28.37656312958921, -4.106964018113252, 41.91149447455082;
  -31.04757752785743, -7.219250089771338, 45.87890218100034;
  -28.25959317281093, -2.28517013243507, 42.08089880765709;
  -27.97886734528928, -5.894965109503642, 41.71665287499268;
  -28.17800462540925, -6.369260792036931, 42.51352628396104;
  -24.70353483997529, -0.5284233281464269, 37.36020448224963;
  -29.71390091924864, -6.079946813577129, 44.83900866744002;
  -21.9268164335468, -0.7662594852675561, 33.69682903567705;
  -29.59792340338654, -6.336963569088367, 45.21546286706437;
  -31.63639976927783, -8.719698806112042, 48.93911031940041;
  -20.43696187528762, -1.346282073033201, 31.97158594421428;
  -31.0599959626616, -7.623381881902809, 48.23305136058617;
  -31.44188750999165, -8.848245861236951, 49.45476579237293;
  -28.88733412729656, -7.717940468073643, 45.59685098609293;
  -29.25272936421641, -4.491207386677536, 46.16470152464063;
  -29.4354052957495, -7.373398784562297, 46.55162499161116;
  -31.2693421302037, -9.04789322960738, 49.93872279980143;
  -19.04333709006397, -0.3177557563328324, 30.79300886016176;
  -28.86402169699789, -8.583588732411117, 46.27947603953317;
  -34.04534072701216, -8.740524020969072, 54.42264691918314;
  -30.12501404070974, -8.339158629730584, 48.2700044688352;
  -31.37581375168278, -9.179081774532069, 50.47333354685814;
  -25.24936383692082, -3.926894994084162, 40.9402473763095;
  -19.49111086967362, -1.280819508475729, 31.80366748336999;
  -21.34910553576064, -1.582308692395511, 35.09516586312168;
  -19.5336908290979, -1.194001198940623, 32.23989719737875;
  -21.98691706300556, -0.55226667275007, 36.82201029753271;
  -30.15856967083912, -8.436012587124035, 50.00680722167038;
  -24.24325065741817, -4.27166588789087, 40.69221073854829;
  -24.72151305567032, -3.231205776658418, 41.60287447504987;
  -8.091480502571599, 0.04326324308034982, 14.2669214270594;
  -8.610200181284688, 0.1470303521633347, 15.69528936701791;
  -5.629707478292342, 0.3363854772621349, 11.6321977890493;
  -7.267801728113501, -2.880610028299989, 15.19032522010294;
  -5.275763029803742, 0.5529207868598285, 11.42253987482886;
  -5.311218284924627, 0.9023776138141668, 11.49761412409882;
  -5.267766071346478, 1.07954193392835, 11.42421066403955;
  -6.942722824180849, -3.044666290853473, 15.04446779604716;
  -7.10107179170294, -0.5691004943869409, 15.4276230129663;
  -5.529163097084077, 0.3564353905018535, 12.2683675797988;
  -6.922862414484054, -0.5396960676217306, 15.36381534456251;
  -5.543724954444599, 0.3261161094237176, 12.69067776041371;
  -3.76032342849041, 1.435990587809067, 8.983524166330797;
  -3.572257700984051, 1.431773893542334, 8.651250477621822;
  -6.137995635318787, -2.923337591708623, 14.3511024818015;
  -6.660734454905599, -1.347442642138788, 15.54388342712691;
  -6.714947685883833, -1.086614858169404, 15.75857287209019;
  -3.611057778005074, 1.399958992301905, 8.946572016735324;
  -6.224495220437829, -0.4903975606018987, 14.99130100372649;
  -5.448919244465873, 0.6394273772639764, 13.42171376635867;
  -6.302176512262148, -3.194769606982387, 15.56427741052439;
  -3.42667698933691, 1.392857151034773, 8.861853991218386;
  -3.437815552006922, 1.41170589763456, 9.171697455790749;
  -8.437084750026173, -0.8129354521613297, 21.80607366145491;
  -3.297587957153366, 1.401336342010381, 9.030425959245935;
  -2.3343130547107, 1.445818579193205, 6.632517356107114;
  -2.990247448153342, 1.434572687080858, 8.288587221296405;
  -3.188819298805363, 1.451429686026022, 8.846514109381904;
  -5.483614111960138, -2.820725416035699, 14.89012389080511;
  -5.422840251197509, -0.3264492006459125, 14.76199926884723;
  -3.019263401172142, 1.439757374386518, 8.678647596972773;
  -3.319015037525984, 1.425300581687113, 9.497834941156471;
  -2.886081063282171, 1.439202755968515, 8.643746720185961;
  -3.11506178608025, 1.399261354690084, 9.364320707116189;
  -3.41755340245587, 1.263597991303243, 10.84500177828634;
  -3.418358623643226, 1.088164833902579, 10.87881450066719;
  -3.406885735190498, 1.133591235641571, 10.85023158504409;
  -3.404975988457524, 1.207148037135873, 10.9011887639922;
  -3.360347866539734, 1.068970474438942, 10.873429461046;
  -3.355441539149911, 1.008461360052843, 10.94943869352698;
  -3.277076411515949, 1.17733542670259, 10.73434025558322;
  -3.31292967368004, 1.205806808773601, 10.84640512084278;
  -2.547431542558826, 1.426973625645509, 8.521510910927852;
  -3.298529978735028, 1.348789267406366, 10.89846190466494;
  -2.119739575501097, 1.448785754661952, 7.266118135406755;
  -2.108311109059655, 1.43514659521119, 7.316811812172766;
  -2.137759419973687, 1.428564353710923, 7.48371854243047;
  -2.071099350670135, 1.437893173720224, 7.395840033649887;
  -2.745005981073432, 1.395271785730039, 9.588960938061359;
  -3.126157281285759, 1.264584363058735, 10.85681007427424;
  -2.508352993222383, 1.409032042281419, 8.899184855951619;
  -2.169748778399463, 1.474350894550771, 7.995338991419087;
  -2.597733577853818, 1.399699615452844, 9.530528771482537;
