m=[-14.20090405341419, -4.059305085798405, 17.4145541427211;
  -32.61504093609067, 0.4320151291567808, 38.87252286194195;
  -32.72397136860323, 0.9683885014296316, 39.13607069849478;
  -32.87921793585645, 0.5569199988144226, 39.40150551263999;
  -37.03662101584596, -1.736548951304001, 44.29202322832233;
  -32.69056742733164, 0.2664132540520738, 39.21323759851919;
  -32.37348607559739, 1.136638143085607, 38.86120683293704;
  -33.3463697479637, 1.81376867849594, 40.10362934086156;
  -32.65008372629983, 0.8565335381110433, 39.3290023081609;
  -33.50861038651985, -3.486175030392639, 40.36564472491767;
  -38.39479351610009, -3.412261080386161, 46.25326872567712;
  -33.50502900072755, 0.008602423088393651, 40.53493766666546;
  -34.08367871452401, -2.42756339348349, 41.26895349106156;
  -35.46897587297017, 0.5923368883155447, 43.01413996376957;
  -33.86298765292744, 1.182169144792346, 41.1412450330882;
  -32.42671101729029, 1.734493193779126, 39.50886560689784;
  -33.24241621859528, 0.8480295442993048, 40.49290641563165;
  -32.65578405826587, -2.834233233859584, 40.09892772954659;
  -32.49743124816518, -1.255623880203104, 40.08317770482616;
  -32.50584210810827, 0.8913507242616715, 40.14494729106641;
  -33.35508995563773, -2.654399813617992, 41.28316578381147;
  -32.23817302120825, 0.1855393311746624, 39.97390441552109;
  -32.37445799812086, -1.890992950095471, 40.20916932676395;
  -32.75956747643735, -0.7372810189174507, 40.68652819100787;
  -32.61092877002457, -0.2588059523199237, 40.52122595277526;
  -32.28524124125318, 0.6662733701012717, 40.14325025050653;
  -32.57684176821653, -1.377612105450602, 40.58083968659496;
  -32.60802856294323, 1.143061497650047, 40.61546955810313;
  -31.18761008656818, -2.247188606757625, 39.06127421992557;
  -34.67272462890376, 0.07158426604601981, 43.51880344433892;
  -34.16796378283708, -3.085404438202958, 42.95218259014137;
  -32.90928618546651, 1.025539801031493, 41.47596792977512;
  -33.36906191457835, -2.546829030753227, 42.55343229287934;
  -30.48903494580387, 2.198115554228158, 39.06777395395177;
  -33.19277252475244, -0.1078402653803838, 43.00406415020853;
  -32.99874142723179, 1.392283745754927, 42.77925569635563;
  -34.16372963529008, -2.278595729274599, 44.29022945987323;
  -32.62131311172687, 1.917606298190696, 42.56638226264356;
  -31.93931277549132, -0.4823393916073591, 41.88271310730053;
  -34.60681063392004, -2.757877959695775, 45.4829389939602;
  -34.43802059546907, -1.49280325740853, 45.35289689876241;
  -36.18648331730383, -3.069560614549297, 47.86851113144003;
  -33.99006444899947, -0.9321113206058098, 45.18250217901277;
  -35.83775062958146, -1.347498507085034, 47.64043827971371;
  -33.50980929288858, -0.5058348086057278, 44.69979997901854;
  -37.4875862991247, -6.451081370365308, 49.96143512576703;
  -36.80172095211432, -5.912713878812523, 49.4859436458346;
  -32.01330265776111, -0.9816113360866221, 43.26947479327646;
  -36.29494382917361, -6.785996670585223, 48.97577532420001;
  -37.45600684980602, -5.26865232475415, 50.69859193194928;
  -34.28480668308966, -1.082285535794217, 46.84546814963125;
  -36.68900818206922, -6.093150209578517, 50.11250191459028;
  -37.02271021562679, -5.430117054595397, 50.71198195449383;
  -36.41504951158513, -1.91861972234695, 50.33193081517464;
  -10.95716743920508, 2.615335265185717, 16.01674897671285;
  -37.29762677740853, -2.045211673420051, 53.24878212438644;
  -38.20326983207933, -0.9902147068692683, 54.62504647425519;
  -34.13154179123987, 0.3385196810142031, 50.0333590252982;
  -31.65018608701699, 1.938274259907743, 46.75572855517265;
  -27.99475776830993, 2.32815336916809, 41.53938738235885;
  -28.7254622885831, 0.8291992404599902, 43.03697648759007;
  -28.65627780186017, 0.3892264246455955, 43.1871354758816;
  -36.51984725245964, -10.011900919145, 54.8624063704662;
  -36.12225441390176, -10.02647892348698, 54.91686842618085;
  -27.53013996668876, 0.6045158246017419, 42.10729869252764;
  -35.69775271334427, -4.299316278910931, 54.39642358990754;
  -40.85292485375258, -2.738446485036176, 62.43119108601913;
  -27.68381957496858, 0.417628716381514, 42.71122859434466;
  -18.59002974016418, 2.487848213356607, 29.23581412767687;
  -35.80140749477697, -2.493537649494161, 55.63455656916693;
  -32.25523555866894, 0.2626777233275369, 50.21667869611867;
  -29.72965276389896, 2.124226405071303, 46.35551235269482;
  -27.19257519838242, -0.06060722262231934, 42.66873460233664;
  -25.74995676040177, 0.1356661364902325, 40.74044047394318;
  -35.04370456372277, -9.449284585760363, 55.21490599956248;
  -34.7453105202043, -3.917323839399348, 54.97566062723082;
  -32.81847533229411, -1.52486836680237, 52.06553478122036;
  -34.77440964411633, -2.743866885021791, 55.17004337900752;
  -36.00175890854069, -10.10879078783329, 57.1922532781812;
  -25.86698569986413, 1.192166912885352, 41.4114500173732;
  -35.56650039074884, -4.317528793508692, 56.67030564741725;
  -35.31653271826642, -7.708994112355352, 56.3751591483047;
  -35.19480357994619, -2.568294886851126, 56.21701202729073;
  -35.72391683223265, -2.010828514972364, 57.17098579403092;
  -27.66327242010701, 1.685300427585581, 44.48830656994678;
  -28.04662882449607, 0.3896283450675829, 45.21680183225759;
  -26.46708030542205, 0.9171550155839015, 42.7356847238595;
  -26.4117817073389, 2.148331409499236, 42.75310112046287;
  -27.013789730408, 0.6738703431820453, 43.82151343824661;
  -25.47691125070837, 0.3913657413757318, 41.66597611564374;
  -26.14716115245718, 1.77777260699106, 43.0516732036975;
  -25.63672194962894, 0.6720880014493302, 42.31290284726207;
  -25.51632502502601, 2.119283319706592, 42.69728230943647;
  -27.03352437557993, 0.5123978883716602, 46.12717555479209;
  -12.46885089600199, 1.254217830575236, 22.32253424913137;
  -32.01247875110148, -10.61151820843735, 56.41712426727575;
  -31.94396104204859, -0.5447344016535015, 56.51724297659012;
  -34.12616240791463, -11.41031735672717, 60.76343330831391;
  -34.47151701955635, -1.348501208855562, 61.73358721072047;
  -37.51290958062427, -3.659729013494482, 67.13173869422874;
  -38.05586560240507, -12.10677508463436, 68.58095442452557;
  -32.00893477018528, -0.6607560531902659, 58.10156684547329;
  -32.37102511339258, -0.3915635072997024, 58.70162842552871;
  -34.54888449244248, -1.441574870563586, 62.85966457537983;
  -49.04972102840394, -4.344327468630373, 89.07127188462954;
  -34.20721865222756, -0.914996483660942, 62.46301569595207;
  -7.123692281262624, 2.778487076758375, 13.70116044666917;
  -24.77884039195369, 0.4624662636671763, 45.91172214996773;
  -29.09834111670421, 0.8612066364648557, 53.82221361565191;
  -53.28829753451124, -11.82694297747773, 98.3754700886806;
  -53.97424172863306, -16.63556641706192, 99.74722069737138;
  -42.22799075145282, -3.028393149136708, 78.38184207022293;
  -83.93010771322977, -29.41521669594174, 154.9858332433711;
  -50.54202911476979, -4.606515534007661, 93.8467452626644;
  -60.54229292248112, -23.9941809365748, 112.5826339891449;
  -58.04246497548477, -17.07759638312171, 107.977847661597;
  -56.67850981551928, -17.59389462899635, 106.0975653600367;
  -59.87021630461949, -24.18510160093028, 112.3727184390496;
  -22.86584752745657, -1.00807289950476, 43.58988781000674;
  -37.86633215483447, -2.145733988051108, 71.70312130164511;
  -85.95920165902474, -9.33552995964976, 161.9307979283957;
  -75.58134189432626, -23.93845672043245, 142.5483267858421;
  -14.51383805877711, -0.1780885305367377, 28.07157316583692;
  -52.48049190839538, -12.2052980998673, 99.39683121315535;
  -76.03907003861174, -8.581893683884085, 143.8363632389707;
  -62.9964660266435, -7.675201666946133, 119.3130741696722;
  -41.08100966207923, -3.03076155355951, 78.21479669820918;
  -65.08797459199792, -13.74151637668893, 123.9185888188764;
  -74.29134408384307, -16.640880647166, 141.6335196853589;
  -54.13693843293582, -21.41036920337919, 103.5884780449512;
  -63.61075085802244, -26.95829638425689, 122.8289343573598;
