m=[-10.0449880212996, -2.174328302432898, 12.49209357007163;
  -36.04044035805171, -0.4307492049461228, 42.93788659063156;
  -31.7739669612325, 0.5106524758829231, 38.02633409266701;
  -35.9138120636882, -0.582712476427073, 43.09942738886014;
  -35.87603186602377, -0.3733196894615886, 43.25192676746578;
  -35.5705259079218, -3.90382351570964, 43.17029214314967;
  -31.53878606876736, 0.9961331099218594, 38.59912299862646;
  -35.04774507518881, -3.888276473653931, 43.06622264210024;
  -35.25051711964562, -2.162163555050977, 43.42366139851432;
  -34.97075585255023, -2.348530091563361, 43.11825249486524;
  -32.11799117424717, 1.924912824464631, 39.79626613643564;
  -31.04400970205835, 0.2484231231666539, 38.58729314898807;
  -35.12760753196687, -2.641199768559894, 43.56537671086266;
  -34.19741482652709, -1.860507789886149, 42.47871624209314;
  -30.68862967376131, 0.7770408794016418, 38.27904637174364;
  -13.31109301491273, -4.070832788926015, 17.13288016309031;
  -36.15812717586661, -2.273253822777983, 45.05723396438541;
  -31.36618876669296, 1.345013335974022, 39.34876652082492;
  -35.1961777379891, -1.961483179915279, 44.06967993446506;
  -34.51663574769498, -1.760445540524075, 43.28840665820846;
  -33.47896667914051, -0.5836130611726792, 42.01915929330728;
  -33.90811828493445, -2.150626397174545, 43.04323411846011;
  -32.86770295180472, -0.979613202925012, 41.94059374425304;
  -32.72376446123344, -3.096999748839334, 41.86746646460725;
  -31.95834197775921, -0.5297459059506114, 40.96306918721994;
  -30.60816562108523, -2.321781451809405, 39.27193248510531;
  -11.90786194218737, -3.888889129319094, 15.80861041564862;
  -32.88881352630715, -1.246214496379586, 42.18952068775113;
  -15.91148443161685, 2.549177123794026, 20.88531454743439;
  -34.08489493181241, -0.237818070107663, 43.76668906716085;
  -30.29805215565207, 0.4285376753974221, 39.00753173859147;
  -30.12488884351111, 0.9571979561821614, 38.92789617795762;
  -30.65444027297247, 0.5537974077043351, 39.69974919678715;
  -30.57215707041657, 0.261683375714288, 39.62749044760475;
  -29.89928327924106, 1.120660059147455, 38.77660637562024;
  -34.17096785982171, -1.695252757988435, 44.27460329596877;
  -30.00128926547488, 1.738931103622015, 39.01173494526982;
  -29.45643501573926, 0.8267269681797962, 38.34873064058754;
  -32.1113832337244, -3.559304339832116, 41.83171554058641;
  -32.01196385091022, -0.7024052341548069, 41.71643301765797;
  -29.95949206592814, 0.01242875525204545, 39.20525225201244;
  -31.14430972251378, -2.355229275840106, 40.80569233118239;
  -29.41816300711195, 1.101897613714231, 38.67759323493603;
  -31.34274838107392, 0.5561414759253603, 41.17001755667535;
  -31.01960575006543, 0.8587209201410807, 40.87890736906634;
  -29.74685921906049, 0.3719644157112132, 39.35101275820799;
  -29.54623171433422, -1.21249553863857, 39.42818133007468;
  -29.58154670293845, 0.3230321620702206, 39.51135461678062;
  -29.67178322295519, -0.03910968486549099, 39.64228947016935;
  -29.48574551550446, 0.8679330162413477, 39.40146604227127;
  -28.70571467487141, -3.020027565244364, 38.4857419730625;
  -29.22143665279939, -1.818626737988036, 39.27586211414574;
  -29.68167241966989, -0.2432189383411783, 39.92110303636459;
  -28.83324644431232, 0.3718097600878965, 38.8088797854281;
  -29.3655114420038, 0.6485983747858903, 39.51403446207932;
  -29.25904065418052, 1.115905090582132, 39.45592202333828;
  -29.39990640858538, -1.320840799379529, 39.64514124569148;
  -30.03261637747498, 2.004621476509076, 40.5592501316344;
  -13.7893844429495, 2.539138127801594, 19.11106550285757;
  -29.76390789081045, -2.295882207751502, 40.3244814947879;
  -29.67713633465866, 0.3736279356971676, 40.27614968692589;
  -31.21314467745818, -3.015858955339141, 42.53916922266498;
  -30.33464647166047, -2.476220060291474, 41.94796268851562;
  -32.25600026415164, -2.979987521385076, 44.78932597190681;
  -31.16905655347576, -1.444018156742455, 43.40451245550522;
  -29.60415030175195, 1.347392197367945, 41.6457861750067;
  -30.71694770887324, -2.214242911794487, 43.24280023467897;
  -29.82149090249216, 1.237256713828908, 42.00498014117692;
  -29.58913389542909, -0.4818592179268671, 42.09824020895029;
  -27.61055578913102, -2.362481053530319, 39.44297308592256;
  -28.69176901530515, -1.097342042813282, 41.01021742080678;
  -28.87327928930385, 0.9746188351738775, 41.33073002757809;
  -31.41492823428256, -1.453855813096476, 44.96948347095004;
  -34.12727355457563, -9.458466524549392, 48.88657572690003;
  -32.53602253638714, -1.317993540859415, 47.07318001181441;
  -29.79322560271407, -0.4809955644322673, 43.2048326238063;
  -33.47812525570779, -7.89927169479301, 48.5684221034054;
  -33.62776099237461, -6.200160360712383, 48.82260342124308;
  -33.43427408165772, -9.36281121173616, 48.61027508377764;
  -32.49898460220938, -8.372610889941022, 47.51004204782021;
  -27.29816864415157, -0.8937010199428762, 40.10319599690608;
  -33.45103345366123, -5.753899083642981, 49.00693012170613;
  -33.07270007220755, -6.643486983443123, 48.62194539931;
  -33.15819740283458, -4.990954003247497, 48.93309259985443;
  -33.35237529754076, -9.291960942278735, 49.40360186899753;
  -31.08426527283218, -1.051010572524705, 46.25709604036354;
  -33.07705241016082, -5.923392728643071, 49.26996762396352;
  -32.62232470634707, -1.84933035196023, 49.19552812135516;
  -5.612291902967757, -2.075542126969573, 8.307067987989173;
  -31.77792927204671, -1.876582657211825, 49.614949194841;
  -33.00677917758819, -0.9210095690965998, 51.63840425060884;
  -28.69250572306726, 0.2715992165238131, 46.00192188480964;
  -27.82538134027294, 1.854444496331447, 44.91956104749006;
  -26.14436426844626, -0.06975315269237525, 43.00100954366103;
  -25.61682541177246, 0.377639862512372, 42.15790204343887;
  -24.83904037515022, 0.5942490194599857, 41.49487036734677;
  -31.05964333472864, -9.340387519420132, 51.81485375636186;
  -32.17536785167602, -1.536757525708365, 53.71496481893387;
  -30.72221748804528, -4.008633187252647, 51.37023919010519;
  -25.86155098935516, 0.4395542152791977, 43.57512773888173;
  -16.98244636730606, 2.48809188911519, 28.93934045474033;
  -30.67944625932903, -1.57414313816978, 51.80123659511108;
  -27.41616782770354, -0.04061439723585896, 47.06852860273901;
  -29.9430814845542, -1.746208616890399, 51.49710471779316;
  -23.5994942200616, 0.1510184638957579, 40.82786541660941;
  -28.23784227965316, -3.344278976945737, 48.94729887311959;
  -32.19381600803165, -9.426294694233143, 55.76760002629556;
  -30.0626305137271, -1.797931913465141, 52.29688078347931;
  -30.34837329674826, -3.71837239840352, 52.80576478622605;
  -23.75186737813662, 1.200218052711116, 41.62120821563306;
  -29.41726780596405, -2.488991136480698, 51.3405258731303;
  -25.49417944462706, -0.3830358878788268, 44.7091243245218;
  -31.22133411088376, -4.117356151705035, 54.75407469186764;
  -23.04945912841548, 1.552878975509182, 40.65280039826509;
  -23.03863531337699, 0.3614069374295131, 40.74779926499144;
  -23.16686233981441, 0.8749233302430061, 40.99056000145704;
  -23.61527797916321, 0.1179395819001747, 41.8625251272616;
  -23.58757184576745, 2.092803920109312, 41.84645684202334;
  -23.64405906477906, 0.6488639840083257, 42.06431086042331;
  -24.90928934689237, 0.4130244906893638, 44.6489673073897;
  -23.26607560482297, 1.7338361250848, 42.03521596863698;
  -22.29697921369122, 0.6352178432605122, 40.36978076396296;
  -23.17075854278712, 2.109587886451978, 42.57946437579084;
  -23.67626121175503, 0.4971982009488722, 44.48988317080268;
  -11.3058730707176, 1.266136975447742, 21.89809188011883;
  -6.271326043807813, 2.788530746404352, 12.73701156636994;
  -6.449265913822121, 2.816312752991359, 13.14565910696468;
  -26.81737674588318, -0.4996525373416678, 52.56658099842647;
  -28.82707154137145, -10.59207203962412, 56.94933937917505;
  -21.79229847569149, -0.9185014993747938, 43.33743595248764;
  -26.85130374490537, -1.827692935503188, 53.34779010932214;
