m=[-4.897021811267051, 0.2682122625042903, 7.607667042443302;
  -4.91658132357962, 0.3523527158469058, 7.704793996603488;
  -5.016172927749833, -0.09354397934087452, 7.912541805634938;
  -7.261336568601177, -0.9293868627747678, 10.96419099611351;
  -7.312195820032891, -1.130583422091394, 11.03722757223644;
  -4.892651513033658, 0.4345314039888967, 7.752534056036137;
  -7.285659650553644, -1.02090766849809, 11.01526845082893;
  -7.280506950213466, -1.071394390714981, 11.05833522463916;
  -4.773182632055847, 0.3278427683428032, 7.644434485257958;
  -7.204662563300524, -1.021268061663315, 11.01854375692266;
  -4.736709234768792, 0.5354877064909681, 7.6667965859958;
  -7.345599433003854, -1.337903720927195, 11.29237245596231;
  -7.329053071052088, -1.249249753317624, 11.27099873623739;
  -7.348738599721298, -1.120861311897005, 11.32310687014618;
  -7.260740118958893, -1.488715453731261, 11.24443589635334;
  -7.406902967671306, -1.299265955628032, 11.49585169867861;
  -5.176194625269212, -0.01472046609539071, 8.372005948641535;
  -7.337224734618795, -1.39554119930443, 11.44547693945397;
  -7.293553909842589, -1.340587361597174, 11.45070724934882;
  -7.256231909015689, -1.497414764491152, 11.41554175714097;
  -7.267722140706687, -1.287392597132157, 11.4647074299986;
  -4.783010041770979, 0.29056766760064, 7.931659660768756;
  -7.255803973286853, -1.428466830763157, 11.52878062517368;
  -4.810078884526636, 0.767177844064583, 8.020094467862723;
  -7.294449430794153, -1.302794757048096, 11.63208210357387;
  -7.191016933340126, -1.328610064277882, 11.50139263482784;
  -7.258217132886658, -1.591691043281117, 11.60531714664841;
  -7.289081576906495, -1.764060010093346, 11.68416426900807;
  -7.248080886504605, -1.490619165034065, 11.63451176551863;
  -4.803556629178098, 0.838808030988789, 8.082235856540869;
  -7.25914494218886, -1.396535606253607, 11.65812824863958;
  -7.266837140424593, -1.933450098181761, 11.67444013263334;
  -7.243988349212462, -1.741104486470106, 11.65465000523374;
  -7.134120872720926, -1.946025660997624, 11.5087915089611;
  -7.224659237768632, -2.035178970568629, 11.64392146325904;
  -7.269198579610829, -1.462395624185766, 11.73253043324174;
  -7.202622211068335, -1.906466276772118, 11.6617552403655;
  -7.226745231542084, -1.700998819520723, 11.70734623609463;
  -7.250421275448135, -1.561487670559637, 11.75539983664855;
  -4.892707603687516, 0.5342651572251734, 8.305997190467037;
  -7.234191438731802, -2.009499806012825, 11.91091157568977;
  -4.997313047722537, 0.3976923935134623, 8.604304098326807;
  -7.201161227000309, -1.818168717995247, 12.08571954863497;
  -7.1461947102122, -1.457246985162581, 12.08233718667287;
  -7.168063291944053, -1.763088177978993, 12.15797576260679;
  -7.100093345904419, -1.963043972552872, 12.23420485522642;
  -5.067611136482913, 0.1460435212579046, 9.048660748931141;
  -7.14550854306427, -1.770453965502316, 12.36962068250865;
  -7.14985797977215, -1.56102582823127, 12.41322603099589;
  -7.101502139508868, -1.970290442453092, 12.41867092661945;
  -7.184631352242178, -1.654408074091529, 12.58460829189464;
  -7.101734667399042, -1.73630284287428, 12.45666724781867;
  -7.212745530262531, -1.897963608961019, 12.68394009007149;
  -7.061369057409692, -2.08551392666081, 12.45648898090988;
  -7.094385176859325, -1.22125249015888, 12.53969167703654;
  -7.13022553067553, -1.910782356693318, 12.65323467257183;
  -7.054284597021931, -1.941417825779617, 12.5431723188762;
  -7.085657375088428, -1.746125497873433, 12.61779327226766;
  -2.977855387308088, 0.8201179254010911, 5.971536358457668;
  -7.087358190584361, -1.638102526609073, 12.67681374092533;
  -7.040494334924341, -1.885166133853204, 12.71030374869381;
  -7.066009430150375, -1.782310163573398, 12.76556509917316;
  -7.030272162015509, -1.969454231853067, 12.77575351530118;
  -7.041192490797229, -1.963992339590851, 12.92316804012911;
  -6.028101573639804, -1.061574426423767, 11.30319246801101;
  -6.994173880205562, -1.996332796874443, 12.9511174568764;
  -6.952081584138786, -2.079338051951363, 12.93029521679382;
  -7.009506047578061, -2.206751831431736, 13.04756599193132;
  -7.015033369327655, -2.044829163014969, 13.11011422310826;
  -5.601480015519679, 0.5628860170523471, 10.73766583102843;
  -5.650186567787526, -0.4716427997500383, 10.85802636551477;
  -6.89859957332996, -2.993235739875718, 13.05426172897742;
  -5.834264128760287, -1.014343480271288, 11.21173321711793;
  -6.991908418849429, -2.257242774374318, 13.22834340537369;
  -6.927247099380746, -3.127450968424274, 13.13091215959235;
  -2.791100898584616, 0.9876552305184737, 5.967937929389332;
  -2.773321738512467, 0.8761620108789006, 5.968847237531454;
  -6.950123029221056, -3.143602067841629, 13.29925383352763;
  -6.954170387198272, -2.469227096443046, 13.3350737803778;
  -6.925899678531661, -2.372314595000876, 13.31260912782847;
  -2.715197242100646, 0.9732292584847124, 5.948495351916938;
  -5.607596032289652, -0.6315485851680266, 11.08186330102997;
  -6.940958026316083, -2.464522781408457, 13.46108544355987;
  -2.708547439598467, 1.000836328837229, 5.944612536970626;
  -2.707088805456213, 0.8795732071253744, 5.977095227136931;
  -3.081629999449066, 0.4505759419538674, 6.664858073943909;
  -6.878710860545599, -2.998605424983536, 13.57365353617107;
  -2.978425143625245, 0.220810643397564, 6.531842146573826;
  -6.936448735190703, -2.881784438590596, 13.71151234662674;
  -2.66113781933261, 0.8836713711063227, 5.965147304399369;
  -6.875285843447214, -3.047397137132322, 13.68025525408191;
  -6.054491021499638, -1.929598817099351, 12.1930025893187;
  -2.64000201985838, 0.9016294024867423, 5.960746855739556;
  -6.863017007896886, -2.932908313887161, 13.71098105269043;
  -6.894916610219098, -3.12695921134249, 13.81699740102915;
  -6.884539817016476, -3.235073999954828, 13.80656615393661;
  -2.602696314806507, 0.8898325299234428, 5.948645454321629;
  -2.590372345451067, 0.966844531121923, 5.959266527727679;
  -5.399633310810876, -0.7732454746071935, 11.21506555879477;
  -2.576676962527425, 0.9083996056437774, 5.95010770876051;
  -5.335117001909221, -1.076923432353404, 11.13543479085269;
  -2.54702064218576, 0.7795751372478901, 5.958791656346887;
  -2.509497310961516, 0.7948886217456598, 5.907297926236214;
  -2.511250007592105, 0.9642010942740811, 5.927583991222673;
  -5.305959425577767, -0.9424631588512878, 11.37100596244952;
  -5.239726314159725, -0.7218486568321249, 11.2854829215601;
  -2.444050943383111, 1.020603172514818, 5.918997953160287;
  -5.001027359986013, -0.6692361359575096, 11.09595594073512;
  -2.396266419855676, 0.9097644241096424, 5.935194077925954;
  -2.362210682976061, 0.9242025194659806, 5.919394220812259;
  -4.865887414309524, -0.3359025694105926, 11.06793395937608;
  -4.943061827592938, -0.8123238117438116, 11.3082631085829;
  -5.320635514819677, -1.174354183103644, 12.10184346415586;
  -4.730354139626641, -0.2350262755860806, 10.91714526215846;
  -4.721181254470054, -0.5906480711233869, 11.10979865928336;
  -4.800538624792292, -0.69282680954748, 11.38811529920821;
  -4.647455502986202, -0.4242758434535839, 11.19182977710894;
  -4.674606670958653, -0.4618855558345967, 11.27335059033904;
  -2.190222778579403, 0.9101303805181377, 5.925530760502317;
  -4.45811251903265, -0.210311104603064, 11.00726175112403;
  -4.646183170814275, -0.7087105728373896, 11.63266038672345;
  -2.067354281127005, 0.9027474888960749, 5.852745332452433;
  -4.662838799304737, -2.548008979739195, 11.77952760896993;
  -4.588249524347973, -2.332707886759748, 11.65965390942867;
  -4.691965811962539, -2.467263262591316, 11.91188841565731;
  -2.042779224682423, 0.9143906164171575, 5.876305495814169;
  -4.480211093714046, -2.649433567165849, 11.73897033658269;
  -4.554654430017251, -2.576009330896721, 12.11816194250782;
  -1.722215814473427, 0.783628502044905, 5.935698686975594;
  -1.697168305199055, 0.8131705777423155, 5.992805487139567;
  -1.699876961233207, 0.8583094033253751, 6.025579153602594;
