m=[-10.99615206456432, 2.976031663539966, 13.34061493746107;
  -10.3725577320559, 2.977957367843588, 12.71352826944624;
  -12.88988096327252, 3.146594171275055, 15.61514796987451;
  -11.69725853190144, 3.085716305255748, 14.31092925188296;
  -11.77666756650206, 3.08185682372314, 14.63745965989631;
  -43.54540417608949, -7.063229361282756, 52.14967663441357;
  -32.24585656768587, 3.071224355229311, 39.0312587980641;
  -32.74187502783111, 1.034469017992711, 39.9269998101469;
  -34.05482635406852, 1.463905847712106, 41.56155183501026;
  -34.06634962168672, 0.5555724847227482, 41.95742697800653;
  -34.04941595859965, 1.025757504530319, 42.08185921500603;
  -32.82796173082384, 1.352806843791629, 40.72884817106951;
  -29.24306196789976, 0.6746527241027733, 36.90605259778393;
  -33.80445131941556, 3.073081230791479, 43.23747921045943;
  -32.79957076521421, 1.453328449175469, 42.15362057872301;
  -37.2043002145366, -3.684160037445572, 47.79841658499691;
  -37.29327894996404, -2.624810292802476, 48.17643620382056;
  -37.07296819498477, 1.206025982458387, 48.30484429437914;
  -34.2248502362417, -6.215623324368609, 45.09326710265329;
  -35.81145255961966, 1.263448855956062, 47.23322685652783;
  -34.07212899737206, 1.128486590967055, 45.6672858013163;
  -10.6574721976634, 3.004755500494406, 15.58932952473368;
  -30.92040546604339, 0.7356005400267904, 43.84923384001638;
  -30.79381469792788, 1.225468935510553, 43.73844911698313;
  -10.59357022717052, -4.020658738214451, 16.53205460365416;
  -29.88923148452519, 0.1194493348723471, 45.41535646164318;
  -28.18364989403649, 1.81324511632887, 43.77911740701867;
  -27.33458949195411, 1.452883431332027, 42.56551846203604;
  -27.29063873587274, 1.569111878819028, 43.06667148037886;
  -12.83619895311255, 2.879597033043085, 20.93128346926636;
  -28.49977811501173, 0.2790262813352115, 45.88616290000676;
  -25.01632765375354, 1.856776002541629, 40.40079943181592;
  -31.21193487181455, -3.801779199949865, 50.22118585603351;
  -28.99686123299395, 0.07364074567800033, 46.88857062194257;
  -29.0826712379757, -2.322909657817783, 47.43522021740131;
  -29.79067230396398, -3.689233446833706, 48.59216374568705;
  -25.87814589900401, 0.6948237841599041, 42.46329442686464;
  -26.38367544272827, 0.5879439064628541, 43.28852374627011;
  -28.92046441608062, -1.991574731069797, 47.39199904308957;
  -24.71964321008523, 1.196549346588398, 40.70295022734793;
  -28.75281628478875, -2.263654901339447, 47.45874324427845;
  -25.41651136540352, 1.487593182465626, 42.08149045584186;
  -29.86421348260191, -1.555441225767666, 49.37888229468631;
  -29.51146040599773, -1.876169344715454, 49.0164429231502;
  -26.96097396133498, -0.1095494201294867, 44.88001248011147;
  -29.34290318620186, 1.014865764755132, 48.88444856981234;
  -29.13157461988664, -1.396772762802557, 48.66444877043924;
  -11.27483998244713, 2.925894876744884, 19.36760992105725;
  -26.4501128497795, 2.441840323691818, 44.48322948153231;
  -25.88197886111453, 1.410695919010119, 43.76244345866815;
  -25.32918492368728, 1.921450689661879, 42.87035914761869;
  -25.98305189176787, 1.128169185581914, 43.97850258550871;
  -28.72423300596797, -1.123711703575793, 48.58204309883183;
  -30.02976212146938, -1.9025515133673, 50.85698154380851;
  -27.04942461020417, -0.5565480332496422, 45.96751962497043;
  -24.69850379510487, -2.018738208361686, 42.0351950163737;
  -25.15996265466253, -3.19972820988267, 42.87667983133893;
  -27.10617254623168, -0.08072355207146505, 46.25350357594429;
  -24.29333298012632, 1.404683705505614, 41.59539205096488;
  -23.49646911869996, 1.068676956568489, 40.28007223707371;
  -27.86513328246624, -0.8664357960094035, 47.66808679009287;
  -23.56034488575638, 0.9469588940927214, 40.50651261828787;
  -27.14338135694122, 0.2101492995812141, 46.60383703707014;
  -24.52807624418156, 1.613288773450739, 42.2275801592025;
  -24.92948454252952, 0.7148127111259309, 42.9270034705567;
  -27.89918932992036, -0.3657196473768691, 47.98206330107518;
  -24.47839129768888, 1.29060553455646, 42.28447515263488;
  -23.20575499492546, -2.941476184008101, 40.13559621154528;
  -25.5044987151208, 2.341918328548312, 44.07163652520967;
  -25.09877236444892, -0.2125161782432204, 43.63122315985029;
  -24.34583626324169, -3.012963117529005, 42.35872856439816;
  -25.32212542300828, 0.4610409560874675, 44.10409607858083;
  -26.25466742736277, -1.508959987001595, 45.72574503285122;
  -11.99894003272335, 3.063720159529458, 21.35714712405588;
  -25.19933128885637, 1.656004508225483, 44.07583238266296;
  -27.1831234577819, -6.733356427922058, 47.495700139037;
  -23.92819302772713, 1.906050569829419, 41.97882228561605;
  -24.66317228883851, -0.947941335993958, 43.32420283650878;
  -26.1337217907757, 1.409385886892818, 45.89926200984203;
  -24.49505449764138, 2.438545890341279, 43.1052958818806;
  -24.50596158063601, -5.83850440708065, 43.18723958449169;
  -25.91292193296337, -2.675205555046704, 45.67719642238117;
  -24.37747767079591, 0.4011575357725035, 43.07081068396872;
  -26.12747069532939, -6.705727143979444, 46.19343198617912;
  -24.27239641264162, -1.43862937439799, 43.12899822555063;
  -23.7120642096906, -5.761030157863019, 42.20024297789743;
  -24.16061715432986, 0.7646896985664656, 43.05409614565561;
  -24.12181887448979, 0.9513058039008467, 42.99108680314159;
  -24.37572279325236, 0.3881997731933467, 43.47387503600987;
  -23.30729889113167, -5.887438448601321, 41.77741814602496;
  -23.73548092653333, 1.10420633355469, 42.64248505950469;
  -24.10914781604727, 0.8320999868048907, 43.33155650107428;
  -24.17817566464797, 0.1718160559991068, 43.47606511802499;
  -24.14013481148998, -2.591406112570247, 43.50560396676846;
  -23.51857400857659, 2.443086442829169, 42.50161587938658;
  -23.87659509602622, 0.6617273770294538, 43.31701237265047;
  -24.10518573298554, 0.5504190157510663, 44.12342221158488;
  -24.88699668784575, -2.682716598222279, 45.6565671657875;
  -22.28445649870935, 1.209819219350954, 41.41806481195036;
  -24.72587101149754, -2.172964473407432, 46.09241151551202;
  -23.27036606096696, 2.449990379728763, 43.45252180502465;
  -23.05026857970465, -0.9498085878410685, 43.19090571337261;
  -21.876388083166, 2.025963629596218, 41.06006574415425;
  -22.8582776730765, 0.8216834057500977, 43.3091048034107;
  -23.06019982667278, 1.48125746897558, 43.79470322081671;
  -23.18712867764531, 1.682776960647624, 44.11011774535766;
  -24.37807552513832, -1.853233616826234, 46.53607807688533;
  -25.56316165276115, -0.07487793315217396, 49.24092205473969;
  -24.64013245522898, -2.229107321152677, 47.76677896733463;
  -24.04986568128799, -0.7566826865978805, 46.66566134812018;
  -24.06538980919203, -1.006034107842372, 46.93413955381176;
  -23.04417533441387, -0.4537783622433219, 45.4164437628563;
  -24.92764507036448, -0.04025440058582348, 49.29230818417728;
  -25.25725293054016, -0.8578373035126028, 49.98296769539697;
  -24.44663621215057, -5.492262229700428, 48.7768687848807;
  -24.14974190495335, -0.5983732797767002, 48.46178999293372;
  -26.53309879397795, -5.585155246358473, 53.53742426376085;
  -25.61967383986376, -7.25345327713276, 51.97137810650074;
  -27.21207642298241, -6.651050838578245, 55.25547592332556;
  -24.66015511070014, -0.5217863031787735, 50.4835363671167;
  -25.1955609221781, -4.667896752861303, 52.13633819597141;
  -23.66406658106159, 2.402729744131216, 49.19546391806541;
  -23.52950370928708, -1.306741162686083, 49.10065733980835;
  -23.57658921544091, -0.3575306954425693, 51.39273760659656;
  -24.22427397106414, -1.413692043335055, 52.89089395559852;
  -19.14910584930479, 2.785690789174731, 43.11856733524215;
  -25.15764091258756, 0.8104906467155396, 56.56604097073569;
  -19.46641368352092, 1.526882582980667, 43.98279033341193;
  -12.40229249274301, 2.856938281243525, 28.86686175468791;
  -19.54548543706392, 0.8388391627549375, 45.06019066574777;
  -18.98048704235942, 0.5308417771914762, 44.32316495311353;
  -19.53070173247292, 1.625877274989108, 45.70285849770198;
