m=[-11.12641689924022, 2.983157745575763, 13.37052844808885;
  -13.13871445145207, 3.171071238389426, 15.658677061337;
  -12.2657577845981, 3.098676054016156, 14.8870851944132;
  -10.6366482195344, 2.989264243646841, 13.14698380848543;
  -13.15825916304741, 3.270577981367516, 16.09584938706144;
  -12.50964677951938, 3.215385570866925, 15.33996902322568;
  -10.51558686398465, 3.02249556882107, 13.18609502230268;
  -11.62244943620304, 3.144087624263195, 14.49613137941247;
  -12.60140192900615, 3.223955797226774, 15.71250218203362;
  -11.06831560566761, 3.071754875209829, 13.93642877219842;
  -12.12632891145985, 3.222682232712657, 15.36268874912218;
  -12.01063746119591, 3.176641823678664, 15.23992884755375;
  -45.53489896728318, 1.249181179346182, 55.51870942378256;
  -59.24731832751353, -9.703526567805721, 72.21027902913163;
  -9.971080812733204, 3.030004488464332, 12.95101370635826;
  -11.40866809246828, 3.18641490845334, 14.71315234523088;
  -55.82468021409476, -4.201426449768031, 68.78204022913067;
  -55.3683294688, -13.40895543999239, 68.4908474393978;
  -59.64656451714934, -7.257857351568902, 74.09356534819209;
  -36.16969123448501, 2.108683619446555, 45.28009547372562;
  -40.21032539412861, 1.676687425387224, 50.32330892014711;
  -39.72991621246858, 1.071913175516167, 50.33686185082106;
  -32.81640718059222, 1.489185810007139, 41.83636908099958;
  -62.68589339092787, -16.60301565096121, 79.25406890733966;
  -11.29013635981645, 3.263802721083812, 14.99465596690018;
  -34.05825409721317, 1.733632823149282, 43.66468254749979;
  -33.15736958256932, 1.852208885624022, 42.63346342477071;
  -10.55112266076571, 3.174843726595499, 14.2425249034167;
  -54.43577916182444, -8.030372759534959, 70.29994917672764;
  -47.77564001271121, -5.884373748617982, 61.82357515747447;
  -52.11209162574044, -2.853212134338366, 67.41623771847048;
  -48.46299391028423, 0.3967134618727613, 62.82792085704769;
  -10.33763467487018, 3.264488601061521, 14.06703016325086;
  -51.28170754836012, -3.74587414496744, 66.95954579273112;
  -58.56097562434082, -14.73781475542337, 76.63422973631205;
  -47.0910738199616, -0.4809008864933086, 63.28919565199445;
  -48.82357200955503, -5.87828765401031, 66.34537619130622;
  -30.17515859591516, 2.818655551205683, 41.35149551396277;
  -29.34062759710487, 1.884423405422068, 40.49649033480396;
  -30.30391091845302, 1.806836948599963, 42.31397754899858;
  -44.81943169229218, -9.688308014049284, 62.24323876194377;
  -44.91848771753124, -7.453272172321185, 62.58485226874668;
  -42.90901297033083, -7.727045175535216, 60.37300529993637;
  -42.11546443624952, -9.876918515390887, 59.66987866049703;
  -40.29349010124681, -3.364687140945149, 57.18489082350924;
  -36.39127086426498, -0.5037199539759698, 51.86590146943292;
  -40.01303606166295, -2.119118123274331, 57.02167561576614;
  -40.38399634009363, -1.061547981330765, 57.71475957399168;
  -30.19037579059557, 1.880261501655116, 43.39897095359476;
  -38.60599921149888, -1.181772784791682, 55.55515928515089;
  -30.98305094328317, 1.659858530527883, 44.83287978388689;
  -5.842112239005701, -2.01288208291902, 9.146397112644133;
  -27.77382234896532, 3.463351557883587, 40.47358619933512;
  -32.1745958590112, 2.496214726365825, 46.80415452766406;
  -29.03957596888171, 0.5747487013252783, 42.39153354865897;
  -29.26951254235389, 1.104700250685308, 42.72810767159891;
  -38.42055048308053, -6.719119257119712, 56.09165889253545;
  -31.93332191665799, 1.628865649953322, 46.98022462004801;
  -31.65619655181751, 2.026773212549239, 46.7064029960946;
  -33.30391541222581, 1.12724308395769, 49.15559266323606;
  -29.62970338531563, 2.54344630303455, 44.01521727599763;
  -29.25324524935595, 1.539969151315757, 43.47842637926967;
  -29.56351004078714, 0.987022604746033, 44.05892638018462;
  -37.43234930198427, -7.250326599198729, 55.64285970940129;
  -29.46751347857849, 1.461471245380882, 44.06468833356304;
  -29.72556544296209, 3.211756902119387, 45.00088699892623;
  -37.00962430321131, -8.196293620502219, 55.92305111731452;
  -28.73453677851684, 1.96807555606365, 43.70764673966478;
  -27.17186362068366, 1.076814597222158, 41.41907890921397;
  -34.42943676762631, -6.937254313270429, 52.35134525339326;
  -33.3895138796827, -3.991003754618631, 50.85155690702918;
  -29.41454650058154, 1.530594189467633, 44.98117248465398;
  -37.5073297787738, -8.29663997359245, 57.22813802754934;
  -34.15282408736458, -7.794170157155406, 52.6302524046698;
  -34.70288688093275, -7.026403488082421, 53.79648902234838;
  -29.5214521039391, 3.594100615853682, 45.87004879548855;
  -34.74182038025361, -7.484359498298712, 54.28207925900377;
  -33.12967731570749, 1.809440977508821, 51.80211937590792;
  -33.51563288749446, -3.426406786379721, 52.69152327962559;
  -34.44041806939386, -7.058249454603213, 54.22005752784745;
  -26.63748647520843, 2.240966479360095, 42.1428079272205;
  -31.38265366145238, 1.633605153437596, 50.08573424219036;
  -29.11704029961191, -6.435043508925543, 46.58522272110506;
  -27.61158229815302, 1.585733273844667, 44.56716466882536;
  -31.36548669219425, -6.287123026302065, 50.54451970015491;
  -30.65232396520218, 1.711369685509242, 50.28785081774409;
  -27.87624897908728, 1.656015159553699, 47.41704165982161;
  -26.93218794683722, 1.223811008072259, 46.94091464165087;
  -26.43796035376756, 1.692656625084044, 46.13482342545137;
  -26.69918352227189, 1.099160796114164, 47.1803043240806;
  -24.07276722896162, 1.997453838813783, 44.42945632535688;
  -23.91375080236548, 0.5247245859053092, 45.08596273683841;
  -10.30362179162855, 3.066057609557788, 20.04989826989845;
  -22.8065531866531, 2.222496446674028, 44.02913069032945;
  -22.98641768962853, 1.92190113011118, 44.46385080226084;
  -22.82765859376537, 1.425816910962105, 44.40494765989161;
  -23.38280849591435, 0.7148546430226125, 45.66920964521925;
  -21.64218275994465, 1.926869225975618, 42.48356773531801;
  -25.90863651777395, 0.5364271148007338, 50.87129970543474;
  -22.48118954964763, 1.271269050805297, 44.35184414345994;
  -22.06161937744742, 2.080644604677177, 44.1068378201284;
  -9.082525476754979, 3.141604482603932, 18.62119828434421;
  -21.95507397816837, 1.401616850572389, 44.03253556647815;
  -20.13471540563908, 2.227901555811431, 40.57967344239199;
  -26.1186139762356, 0.8011520680230516, 52.70593098888497;
  -24.58002167797663, -3.225147453049593, 49.73451986927459;
  -23.85771357508391, 0.5225717228801882, 48.37497914763883;
  -21.47930355339404, 2.155969969594296, 43.68153447228039;
  -22.609698132538, 1.949146369568363, 46.09107034423137;
  -24.26669332417074, -0.8456629615422668, 49.64483963457164;
  -24.67276056745557, -9.163441889799277, 50.5329562804186;
  -21.6969520284104, 1.01437789878759, 44.57161552155628;
  -26.24914879607954, -3.505210189271328, 53.84905292850944;
  -22.81045538367759, 1.813980374379953, 47.14471828768244;
  -21.22175443372898, 1.956456762881571, 44.06082568293981;
  -25.56724349632822, -1.990216134912078, 53.23096518199672;
  -22.58378418333979, -0.975429729808477, 47.15541069733629;
  -23.83224069793927, -1.143910564164396, 50.14395480218061;
  -21.1297128896549, 2.850945833918046, 44.70022329434873;
  -21.28170714097896, 1.16729609138286, 45.07243355960726;
  -21.01661903084016, 2.402370857111397, 44.75926672504845;
  -20.96021882536094, 1.549151519528515, 44.71426460013063;
  -19.89435718559797, 2.987489926864819, 42.50481771611938;
  -22.65457938176797, -0.6455185138357811, 48.43262277510183;
  -20.67470912483959, -2.843178975692829, 44.45040723000049;
  -24.00293909525018, -1.376719464837405, 51.55692422533151;
  -21.31812220057154, 0.3737887413176617, 45.98788237451406;
  -22.70611439498399, -0.414138852320032, 49.18391953400865;
  -20.43031883200808, 2.124159336248611, 44.39602016884348;
  -20.65482449383616, 1.171189798623755, 44.91765702503154;
  -20.91652309332292, 0.6449016138230045, 45.47225948066672;
  -22.01753372192558, 0.1194624102987637, 47.91040529450125;
  -20.5848523325138, 1.775463229605663, 44.88214452639202;
