m=[-6.24401714531938, 1.597475851262165, 7.785572873019517;
  -5.422285924321293, 1.601981593625142, 7.213725050638025;
  -21.72544448411604, 0.5960047563076284, 26.48888362051248;
  -4.541581244452745, 1.46266076010471, 6.263654040484301;
  -17.26917256387002, 1.006788282231989, 21.61892335145921;
  -16.24516571530958, 0.8269112216138089, 20.82725678967091;
  -22.46497440372027, 0.1838961452336441, 29.1238225295244;
  -27.76397307696014, -6.987251966354276, 36.33256906136963;
  -14.24826337731143, 1.330927442712302, 19.52556429010492;
  -14.13344053860184, 0.9077306223916759, 19.50724251806706;
  -21.09078687555374, -4.559050210897096, 29.2899493278966;
  -19.85036740885651, -4.655308068479805, 28.12432512636046;
  -14.10740520028771, 0.8786114843463792, 20.27953784889936;
  -14.72232641901857, 0.7887208764739707, 21.30339880637522;
  -18.85489858141506, -0.5771695192100304, 27.13274919416885;
  -13.41803436242841, 1.673207584788313, 19.55351926608756;
  -14.98680395907973, 1.162727292915939, 21.80119655427219;
  -14.25908910398245, 0.2822146216383247, 20.81520249374588;
  -14.22131339014703, 0.5367458185180392, 20.76050323306429;
  -17.80832186478776, -3.114381154725389, 25.99906307766324;
  -14.86352876446266, 0.9516304933998271, 21.93004972282999;
  -15.10857264379109, 0.5113823347909956, 22.29980569577334;
  -17.8796086734114, -4.548437226566379, 26.4243938002083;
  -14.04647198551607, 0.7394438927418483, 20.87694862245003;
  -14.29568479223642, 1.103054107554093, 21.24512869178585;
  -17.59021714038569, -1.970211980697188, 26.06698949148702;
  -14.22464878588192, 0.4749114660900681, 21.19919971534163;
  -17.7589789474957, -3.439762660870792, 26.39856681678626;
  -14.04790264853596, 0.6967199928039412, 21.00674196341569;
  -17.14739631496698, -3.712545346540714, 25.69298369075695;
  -14.16518641352714, 1.530505292514969, 21.44436762143354;
  -17.36017279801076, -3.844650580330407, 26.23192883112649;
  -13.53739396777724, 0.9271983176949991, 20.59151459026294;
  -13.28256792703562, 0.5263850589011214, 20.24711064235206;
  -16.70485734058826, -3.365894261376053, 25.40040837578039;
  -13.77124013317427, 0.7165903485604745, 21.05919014408924;
  -17.29362023344698, -2.06708320256897, 26.33783518378187;
  -16.39873525613909, -3.742429399733848, 25.27081138122528;
  -16.57535554499074, -3.356064768246129, 25.6951514056184;
  -14.1040093139332, 1.717098074401617, 21.9146264609327;
  -13.7788706878041, 0.9229252297476378, 21.50218088809441;
  -13.98407375377761, 0.7637670551832976, 21.86573237799792;
  -16.24758085503206, -3.500183201852354, 25.38590269844357;
  -15.54656643773748, -3.186126947094996, 24.47518856815852;
  -15.62417797578106, -1.597308027198138, 24.56351459330674;
  -13.43597751505065, 1.130345960257455, 21.2568787320915;
  -15.20995021557489, -3.361491772469758, 24.334853785909;
  -15.04738821353749, 0.7832827394582208, 24.01516121716736;
  -14.86493054888155, -2.979633252797969, 23.95437961293805;
  -13.95613011971668, 0.8015006045640795, 22.52624070829044;
  -13.11334978774903, 0.7790110519293296, 22.30559260867484;
  -12.8448547826237, 0.5836761094603352, 22.38768098328035;
  -12.74780514935159, 0.8161619335455099, 22.24520090649071;
  -12.69851068694092, 0.7088287927738401, 22.31643312157916;
  -12.44152285785781, 0.5121967178474943, 21.98549757894574;
  -11.73464594641071, 0.9736900361242655, 21.65783163234906;
  -11.56088402693215, 0.253673300096914, 21.79639617184663;
  -10.86029702917202, 1.058334916268049, 20.96631758950085;
  -11.04875760830978, 0.9237898667140341, 21.37219972592299;
  -11.03038742545923, 0.3372188446398785, 21.54356590181659;
  -4.541090321853169, 1.570742603206034, 9.310245649930868;
  -10.49741618502455, 0.5936091717910671, 20.70974783247358;
  -10.43908374088884, 0.9845162719767069, 20.87040691223261;
  -11.8185820170884, 0.2864800986039295, 23.64938456129845;
  -10.13796018020974, 1.121762925534964, 20.43212954326964;
  -12.08957198720577, 0.3708307649049075, 24.39609343063084;
  -11.54180871935124, 0.2528080844228067, 23.40269340427306;
  -10.52803842714446, 0.9076055663659297, 21.46196543128354;
  -10.27129488639291, 0.480204524167457, 21.10011608936449;
  -11.81150236796256, -1.577262515155097, 24.23081301107282;
  -11.30756483341428, -0.7465889092392666, 23.33298258778453;
  -10.58316696703975, 0.8416165681082162, 21.87332154752249;
  -10.04910666405387, 0.9264381394668596, 20.86405901909895;
  -11.95133015705412, -0.9303204749329481, 24.88265266296927;
  -10.84622137267701, -0.468465634328812, 22.64713562575209;
  -11.64924232228636, -0.6861940212267611, 24.43438311497595;
  -10.00047007884825, 0.5485231780373904, 21.17995141121907;
  -10.0402701409172, 1.354692630190639, 21.24034148397324;
  -9.880152495737757, 1.129381961234893, 21.04184218174891;
  -10.01683625453808, 0.879087811958042, 21.33786397887018;
  -9.969689778810317, 0.7368510891396167, 21.26825824029849;
  -9.675581331803162, 1.452959826530551, 20.67213416191711;
  -10.41988706489908, -0.2969037693934626, 22.27639944529555;
  -10.02423292549552, -1.378529106703349, 21.55199538799376;
  -11.2273993204813, -0.6439619382722827, 24.1158040570181;
  -9.87543107528499, 0.7746143100915697, 21.28560907655919;
  -10.28703449198389, 0.1803713121855986, 22.19139789841531;
  -9.59815990440482, 0.9979296524637081, 20.85724183766241;
  -9.718687648737694, 0.5510784094829291, 21.13504661681744;
  -9.993043278740638, 0.308107122235828, 21.72475104705546;
  -10.36605034250691, 0.05624396332642012, 22.55664414939181;
  -9.68456946507431, 0.8353033921279255, 21.11573303446999;
  -9.752480282576398, 0.4260157681127885, 21.49739042840703;
  -10.24009793789209, -0.5424965858432387, 22.64664228033543;
  -9.592138934649105, -0.9722968931215289, 21.30967502340505;
  -9.332446230981567, 1.394415256531792, 20.81378036640896;
  -2.923129554657661, 1.482255447601095, 8.487662318290944;
  -9.258845613056629, 0.08044381060531658, 27.03319907517575;
  -9.315981825899199, -0.6779474477408105, 27.30421193588819;
  -9.204147424468886, -0.44764569428153, 26.99635554637993;
  -4.306749734548087, 1.494648807731722, 13.31816221386645;
  -5.959092108545446, 0.4077665389524736, 18.26583330185743;
  -6.868071925049544, 0.6046241204388567, 21.44860737252424;
  -6.73105497573794, 0.9729019182048413, 21.31987048235127;
  -6.778034189909265, 0.4624983526156686, 21.52590454565992;
  -6.410213097727996, 0.8558426383361977, 20.65717274946776;
  -6.04769958207849, 0.5774177839212472, 19.70153627228088;
  -7.477562438265106, -0.4896029386456119, 24.44087319525821;
  -8.098157386518485, -1.508888986841145, 26.61374903241895;
  -8.004291119476914, -0.4088537930942405, 26.33452069146085;
  -6.172233696034602, 1.317005782343996, 20.45206573881359;
  -5.638025351525534, 0.4525636070251484, 18.76597569063404;
  -3.105370969539741, 1.353879015871862, 10.71255020406961;
  -6.367227817648161, 0.4989654912116249, 21.60789989149995;
  -6.222506223210032, 0.3834251896562285, 21.42372893689145;
  -5.852633593199567, 0.9698669901834048, 20.25302604732699;
  -6.713448493470203, 0.2507995062689322, 23.47096770644182;
  -7.650095191249684, -3.920515701518267, 26.92024930959695;
  -5.686586946279794, 0.7924700632101737, 19.98243144962282;
  -7.054562286665064, -0.3647971711048532, 24.81147423987756;
  -7.063524254828418, -1.239302594432384, 24.91610807654026;
  -7.386143133853657, -2.978228473297839, 26.12768181231076;
  -7.078991365555932, -1.02019428360173, 24.98996230090931;
  -5.764264076911379, 1.404882041231758, 20.36012332929319;
  -5.772581018723228, 0.4477582252453789, 20.43656366456335;
  -5.471088528946595, 0.9048528850466419, 19.59006776810116;
  -5.701013484941397, 0.3313549040127767, 20.46538570779372;
  -7.923438704857218, -1.540757988382574, 28.43139323202783;
  -8.180988847058611, -3.317940815185429, 29.480242778742;
  -7.521368988909768, -0.6918012354657093, 27.08187531606127;
  -5.597085701525931, 0.4934342986372523, 20.26365196939992;
