m=[-10.74147005371875, 3.002470655053824, 12.83565615662604;
  -7.0820614167598, -0.9963291881920501, 9.00802332892756;
  -10.63300594246275, 3.039108120391042, 13.21582124268644;
  -10.03353462429926, 3.025771990587002, 12.72012500237817;
  -11.50476387304757, 3.136522375060995, 14.716701499804;
  -11.23282902147704, 3.225717353587786, 14.49929076279708;
  -29.30994033142974, 2.417079396161566, 36.63132831808589;
  -11.01491005805452, 3.213529043364499, 14.40600869755861;
  -28.65605222505706, 1.586495981520804, 36.07240109230516;
  -29.06327566270659, 0.7542570743917916, 36.61734632268473;
  -38.63618872314231, -8.541980347008748, 49.48279434415935;
  -39.46594773620201, -3.205262580364326, 50.63320740661779;
  -10.8104387608325, 3.161151489363213, 14.55080808834403;
  -36.44437053815845, -1.891370755580641, 46.99009843973995;
  -40.40829235541781, -0.7101322476664781, 52.05643254828084;
  -38.54789293210998, -1.289839206606165, 50.15662012782688;
  -32.64136056168271, 2.188350239405562, 43.05344148322089;
  -28.6580676652341, 3.17546631220417, 37.97459047899062;
  -35.58733731329741, -5.901303441375186, 46.97465956886291;
  -28.87145208604952, 1.23594044267945, 38.58273608562859;
  -30.26399924901293, 1.661723817501916, 40.51145262829947;
  -35.47494509242006, -6.498456012139044, 47.63218263534204;
  -29.69747123802514, 0.7849342602318672, 40.14237699382321;
  -29.24647781073623, 1.208529924222753, 39.6741820688848;
  -34.60206073278642, -7.07500432162691, 46.83452400065376;
  -33.63555697003807, -7.778471061471488, 45.85725177035257;
  -29.33224927308464, 2.786262025696797, 40.25796977295803;
  -34.04495146016665, -5.057737883689637, 46.81409978962522;
  -28.04596939100596, 0.9088408276498403, 38.76621399803038;
  -29.18042869137918, 1.263833914735051, 40.42549941692318;
  -34.37833013490086, -1.215420388775296, 47.90877251437673;
  -33.06494895529127, -6.350492485373088, 46.26048747105642;
  -29.73533217783716, 3.185783087434993, 41.80651442645478;
  -28.64582369916452, 1.626887370404413, 40.46163340571703;
  -31.33689341104554, -6.342689253294997, 44.18855862507534;
  -27.96565906472056, 1.296900339427402, 39.58442546924258;
  -33.86621335721991, -3.324611478934687, 47.97329081100056;
  -28.54036829484924, -1.938538266898118, 40.66740088251154;
  -34.54212625837595, 1.501298994211108, 49.63278979544949;
  -30.64541836844362, -6.308927376929524, 44.16540484661194;
  -29.26175062881507, -5.500729353685431, 42.5236339365473;
  -29.38570264636968, 1.386143776520863, 42.7396187854555;
  -30.26248231889569, 1.401542596470244, 44.72981128101618;
  -27.18996093119965, 0.9746653582966403, 42.59503859661687;
  -26.57491044019025, 1.415708884278468, 41.69543202166869;
  -26.31963282266485, 0.8443080709597874, 41.78307845113156;
  -25.20381975159517, 1.747753740847251, 41.6823821309171;
  -24.96432111767074, 0.3627345189893756, 42.09252911321828;
  -24.38743345883644, 1.996360727477374, 42.05048288364737;
  -24.02993411405591, 1.660793867699635, 41.52010932767666;
  -22.31508915733051, 1.121860249604538, 38.81021048725548;
  -11.71723506944201, 3.041435377568474, 20.79022555026465;
  -25.32591460294085, 0.5457721091448192, 44.09107293244124;
  -22.81418302748415, 1.693165815587211, 39.99025729475951;
  -24.10484042825588, 0.3104169153910542, 42.20488587134921;
  -22.7703089666751, 1.025776364760244, 40.09157080824683;
  -22.60234571884498, 1.782620249189409, 40.28832354999111;
  -23.67563465721752, 2.203740750966724, 42.47390122302301;
  -24.96605735341677, -8.349898467914475, 44.72710476680731;
  -25.18485856344082, 0.5449955474116359, 45.16610033430695;
  -25.52203106753271, -3.137860875171247, 45.83767454798076;
  -24.25064973611733, 0.3267535518466891, 43.7125191033108;
  -22.6125431650405, 1.895169014691011, 40.93436336575817;
  -25.01870043214056, -8.466271884018195, 45.43196524628087;
  -10.10980567228619, 3.041975542995322, 18.90179553075711;
  -21.89578860795191, 0.7876561952330771, 40.01694193767565;
  -25.34181514506918, -1.652007742578649, 46.35760516174731;
  -25.99781722332444, 1.681179967802555, 47.62822890671767;
  -22.77888341705375, 1.732004290083227, 42.00626108872508;
  -25.81576754589921, -1.957138846830269, 47.59092930824858;
  -26.62527821921284, -1.214133811574824, 49.19954279931684;
  -23.94684529854019, 0.1850793580704714, 44.48331741899165;
  -25.11530012611255, -1.472329402179367, 46.63173053725362;
  -22.75327135537163, 1.125768620949478, 42.36798114833704;
  -24.58037502424534, -1.199116757239448, 45.78427847843419;
  -21.87110252100414, 2.493022984687144, 41.05622343310832;
  -22.87118725216088, 0.974625901258376, 42.92841904295171;
  -21.6447445094874, 2.068917752688328, 40.88140819139851;
  -22.41273203871734, 1.610983552665769, 42.30820949611554;
  -22.39749742041171, 1.336889763207965, 42.33200125568298;
  -21.72296158339279, 2.762865012995945, 41.14942610994198;
  -22.61913965645967, -0.7128419652890459, 42.81099989667793;
  -22.8158452137142, -0.2467961878609365, 43.35576560160956;
  -25.30437115027977, -1.461788507465802, 48.00088267491031;
  -21.45506123851374, -2.76783517460178, 40.85084927792146;
  -19.80316878273685, 1.250734962850225, 37.87487709779737;
  -22.49524601666861, 0.19967990560953, 42.93778110894522;
  -22.6095146242618, -0.5092762240523395, 43.30218637857983;
  -21.25227251862785, 1.800363380016177, 40.87047716793247;
  -22.72804020362516, 0.4726687385031872, 43.67594016363717;
  -21.52179922853282, 0.9394192487979672, 41.41727983993452;
  -20.9794879397253, -0.04811773351739484, 40.41346433744319;
  -20.79660585086183, 1.464784127968323, 40.14266510918573;
  -20.54682040038597, 0.6684410703293563, 40.05348687627356;
  -21.89421694530586, -1.152986627303066, 42.7285230062963;
  -23.89704677647502, -8.369795701980145, 46.57507505958888;
  -21.10270837340892, -0.6516888881051401, 41.5128247588116;
  -21.21114048102166, 1.549166385818981, 41.75192393036299;
  -20.66433171506287, 2.535574610904178, 40.70227570140965;
  -20.90526057711879, 0.6326246761614058, 41.36813425853237;
  -22.03352624990639, -2.258082443309709, 43.55853829536681;
  -21.41699585598253, -5.867512409140071, 42.52213231097625;
  -20.55222730845028, -0.07544058993776331, 40.97250163871745;
  -20.67523974804553, 0.6209148204687149, 41.33730026119384;
  -20.67934881521158, -0.2753678384898587, 41.52611033209826;
  -19.67828870834911, -5.288390917595482, 39.55629785605837;
  -19.14995745223577, 0.3904596758273488, 38.62946326773426;
  -20.22417150195977, -1.151361698978032, 40.77639640372276;
  -20.18637065738388, 1.78070696933473, 40.84181016530632;
  -20.51863837834283, -2.209636085994887, 41.513401481282;
  -19.91886272046245, 2.55616926184385, 40.36591623563049;
  -20.91867444091776, 0.907238916930775, 42.5997524592047;
  -21.54443562627124, 1.106471852144474, 43.99213267605019;
  -19.98555281952228, 0.7624486772298739, 41.11096739322489;
  -20.64630585190178, -2.22812881962038, 42.62314731277258;
  -18.77945124039638, 1.38999713577145, 39.22052731399125;
  -20.87418002762063, -2.527015279762397, 43.4881232176336;
  -19.83798849189274, 2.588074036046141, 41.67605101631808;
  -20.45325776466362, -1.743828108703988, 42.96642551901034;
  -18.23148198533789, -0.6136708645321294, 38.46368869434883;
  -20.0150725211037, 2.315392242337319, 42.23767782069906;
  -18.36965240435801, 0.9779390219326936, 39.2160760710767;
  -19.28159648458101, 1.824951476230616, 41.3546070054829;
  -20.39229203562805, 2.237257129475235, 43.87896996532832;
  -20.1092823564648, 0.2016504266736912, 43.82438202729171;
  -18.37876334381094, -0.405832571989656, 40.33934904719607;
  -20.43178604551689, -1.798016178585384, 44.82468948755702;
  -18.20418026040662, 0.5756469390407196, 40.05114782623149;
  -18.54614398442029, -0.1583118755465781, 41.3839892168312;
  -20.57547738215197, -0.5063960187552069, 46.20383645399634;
  -19.76592744120305, -4.737746069279265, 44.7955525317889;
  -21.49063780189668, -5.621740515591042, 49.74899673343579;
