m=[-7.170831151804024, 1.507444784111664, 8.581347211597514;
  -5.70475732453841, 1.450376754680455, 6.993195377434407;
  -5.963731963893196, 1.463227301760965, 7.303184197887587;
  -7.121302276411709, 1.498012136836372, 8.603478936368843;
  -6.872487953227838, 1.507254958655782, 8.339230011647112;
  -5.788069924923599, 1.482181910743911, 7.389387747967013;
  -7.684211263940445, 1.467268568046948, 9.66948925517152;
  -36.62793611841128, 0.9281315607070458, 43.70378654200939;
  -28.48043320498382, -4.917418474436616, 35.72014980469191;
  -27.40460222682534, -4.787418667734782, 34.7073795031616;
  -20.13816052213894, 1.034338105544671, 26.02889843626427;
  -24.66464602351368, -6.245214609545747, 33.72853288090529;
  -24.9202592183352, -6.763248293341325, 34.50007432341047;
  -13.98450347169484, 0.85370427696031, 19.70892357263152;
  -14.00459680631697, 0.8010834287876631, 20.29585629837826;
  -11.92003925836162, 1.2891196813053, 17.98822585813489;
  -11.74609097620732, 0.8921823287164741, 17.84668776147241;
  -11.64952399667033, 0.7238813099952504, 17.89591121892246;
  -18.06006090808095, -4.128466086178099, 27.81288717373785;
  -17.9984215201624, -3.136019020734247, 27.81777239767594;
  -12.14315344401083, 0.8006662356366746, 19.06305611775946;
  -17.20613967936804, -3.258775238908738, 26.85147461500909;
  -17.42741198531353, -2.745458586102489, 27.25555259191009;
  -16.7496342105243, -4.166164561185657, 26.3227688804949;
  -17.08251251252284, -0.4928730156294843, 26.76719860873854;
  -11.98994031077504, 0.8924430087921265, 19.0391349758611;
  -12.08011304627705, 0.7814882035859838, 19.32664002498344;
  -11.42479074209527, 1.631636481748412, 18.38021240666536;
  -12.55333918120182, 1.141963214029824, 20.21391450104561;
  -11.16799960602081, 1.65084662817628, 18.1582421695085;
  -14.90330395770904, -2.748471034268183, 24.15045292212785;
  -13.06934823347364, 1.219146377767305, 21.24449159539278;
  -12.24592654496699, 0.9403099916191503, 20.01575777304014;
  -15.09115616521147, -4.123247490930559, 24.76780568590245;
  -11.94587996616194, 0.5115919765683682, 19.70687177256134;
  -14.82232613540162, -3.042000487752487, 24.47549531258219;
  -11.84930055342731, 0.7161911473919584, 19.61783740482966;
  -11.54932224058559, 0.7535026570813632, 19.20392477290733;
  -14.62203102199027, -3.198891246812083, 24.38810367910759;
  -11.72895826741462, 1.466089802493161, 19.68543842453105;
  -14.16127125723367, -3.327617107201631, 23.79015432407278;
  -11.16175892339748, 0.5473151241478977, 18.83270497112424;
  -13.93184239140451, -4.012986132248288, 23.51747777192131;
  -14.07015774617759, -2.996320978879321, 23.77001370068976;
  -11.28348029169129, 0.7177216675362694, 19.13731141194782;
  -14.46526477333472, -1.80520100348561, 24.47334602729052;
  -13.32833081292235, -3.984638416605324, 22.96312739039921;
  -13.59070665542962, -2.935514929929498, 23.44854566037643;
  -11.6685133683059, 1.638620801750099, 20.13955257215035;
  -13.07334475742883, -3.005013506321994, 22.74553602126227;
  -12.5440643731116, -2.742850300386767, 22.00141437391638;
  -12.94592289115369, -1.372584746706993, 22.66724130501379;
  -11.14314449157186, 1.10612047492119, 19.56939542458346;
  -12.4771318214217, -3.94845264383229, 22.14907049557321;
  -12.62008633787138, -2.955970565246817, 22.45546844283833;
  -11.89045231231148, 0.7621784096478034, 21.14501817509654;
  -11.80137056936103, -3.920952129751237, 21.17909492739009;
  -12.27601460589442, -2.858054011315862, 22.02739123482508;
  -12.27574837415515, -2.629481805778641, 22.04619273687944;
  -12.36690680176822, -2.78175299879264, 22.31395358290499;
  -11.43172462791821, 0.7816878891204004, 20.9369581116975;
  -11.01941685975656, -4.611121227810552, 20.80810688679284;
  -11.26400179410956, -4.456294956347184, 21.27586189204572;
  -10.4750076004954, 0.7674601154317966, 19.92401625528059;
  -10.21696253695429, 0.5874596847392427, 19.94218382883921;
  -10.0713547992274, 0.7853112620736008, 19.67736820931098;
  -9.886387064101943, 0.5227296010417172, 19.58736027305309;
  -9.297734429661336, 0.5573095594081652, 19.25646530599474;
  -9.061074454029637, 0.9112955810821204, 18.8010946137523;
  -8.504167083095753, 0.8631688488372433, 18.57011267859164;
  -7.986957615285562, 0.61856117413099, 17.54544608351082;
  -8.590378512219157, 0.4341417342758578, 18.92152830398644;
  -8.657914226854338, 0.3639933370409829, 19.11366292823512;
  -7.900623961460463, 1.046508168485325, 18.01415713303936;
  -8.749369284179831, -1.230391935831264, 20.10108310118697;
  -9.127023208503644, 0.3880859467445632, 20.93724911520052;
  -9.088926486229015, 0.2871349320864743, 20.92720505096655;
  -7.908126454667042, 0.8393927983173783, 18.30984235319655;
  -7.71593824891914, 0.4707199969386426, 18.00012605435617;
  -7.855466150330377, 0.5292170610393927, 18.32006090297043;
  -8.655542635445032, -0.7089852370331081, 20.18709793761185;
  -8.736801789674317, -1.251609484707031, 20.40562750477216;
  -7.904714366051223, 0.7796680469102346, 18.58826797585134;
  -7.498603985382502, 0.8415346768817911, 17.69642536361017;
  -7.574173520470197, 1.002449237212011, 17.92397938181371;
  -7.360367559650479, 1.06642302539835, 17.46759769874506;
  -8.716565419932467, -0.6989198697542972, 20.69303478326212;
  -8.409289330628232, -0.3568226064528653, 19.98933512710507;
  -8.605769129762516, -0.4048734573637653, 20.65082834739495;
  -8.434467139713812, -0.8197368059360787, 20.31522800666224;
  -6.760929666313989, 0.3783501658792893, 16.36063281219104;
  -8.479504829866899, -0.308268079330847, 20.41058033206528;
  -7.530476854375817, 1.21781774610214, 18.15460585342006;
  -7.678020683422715, 0.5407714297576542, 18.53036845591882;
  -7.315619539830085, 1.012620758457642, 17.76723516306666;
  -8.431104964840198, -0.584131589434254, 20.47375025946107;
  -7.406302597405267, 0.6827463236572625, 18.01709829944812;
  -7.393548527923383, 1.324562906193115, 18.00321055644895;
  -7.821000305413453, -0.1919587123161813, 19.09254741084743;
  -7.544468394029013, -1.118282493698983, 18.49839919310361;
  -7.723990526013047, -0.6557169877260515, 18.94611369065659;
  -8.216842133188578, -0.4720458937608392, 20.18335902215;
  -7.062684071467007, 0.8007513732727841, 17.3863027008861;
  -7.322422015877129, 0.2112153004072169, 18.04417955098563;
  -7.127200792766803, 0.5163583810473991, 17.71205997784236;
  -7.42087132607479, 0.3275595532235852, 18.4425540027554;
  -7.560773682065355, -1.130171113930117, 18.85555591422615;
  -7.46713363461382, 0.1095673377529789, 18.59043849088459;
  -7.057879523205893, 0.7528919385696018, 17.59346852499864;
  -6.938023271512627, -0.7898192804590332, 17.48513425996028;
  -6.991655056448352, 0.4077109035022677, 17.65329242885969;
  -7.491175897280951, -0.4018300984736421, 18.98984519102263;
  -6.849570584750128, 0.616375695287672, 17.38197141189032;
  -7.165524514199983, -0.1704263604238018, 18.30927670872118;
  -7.442791963719916, -2.2967657083701, 19.12869972154621;
  -6.79772453117178, 1.22194917031216, 17.37542065733412;
  -6.895907111561797, 0.564713787159156, 17.68708239930463;
  -7.071398970985931, -0.8179015962781565, 18.19195234347294;
  -6.847288105377396, 0.3825744342474509, 17.62123948667764;
  -6.672846541238314, 0.06384816620539943, 17.31422080619552;
  -6.753319311449975, -0.1195852008506511, 17.54916137796254;
  -6.513243285892744, 0.9599054325913986, 16.93342079987527;
  -7.251148739395432, -2.410775221465184, 18.99969805924931;
  -6.60411537965019, -2.201655296720546, 20.90704747111833;
  -6.697610552454386, -2.009498996847432, 21.58812792478143;
  -2.039458041112913, 1.269471664757977, 6.869748827480103;
  -6.571684030771792, -1.617228838991773, 21.33057986198157;
  -6.605898290311532, -1.61000844614742, 21.45427766916481;
  -6.058824387005509, -0.274951516649477, 19.83211451593314;
  -5.577198991052009, 0.1111016713947921, 19.52033693272491;
  -5.68120806208589, -0.4414874102944837, 19.96208003401229;
  -5.478704980375396, -0.2625381474790384, 19.26566335443116;
