m=[-6.510253570108935, 1.481375384373262, 7.898730763806423;
  -15.2275749597252, -0.6958360494397675, 18.11673872780888;
  -15.66028560909825, -2.206044319713974, 18.69831927016916;
  -15.96960543210396, -2.137240401911161, 19.06665517309379;
  -15.44970287708753, -0.8541875133223023, 18.47107537103703;
  -15.74926371594784, -3.447877777838131, 18.82057740999306;
  -15.99466887232898, -2.551476178447386, 19.0980368694309;
  -16.54920056022447, -4.405450440364663, 19.79168698035006;
  -7.286584404694959, 1.470634722061332, 9.170618534388051;
  -15.97759703207002, -0.2141474988641777, 19.14577093701254;
  -16.21730575216163, -3.720266856066103, 19.43401645124738;
  -16.21651064350183, -2.914055197960749, 19.44740138161565;
  -16.26378064766049, -3.804995310323425, 19.51427089325508;
  -15.79851760394629, -3.13397554736921, 18.97927205162017;
  -15.60356036216281, -3.172495560254832, 18.78002362585154;
  -16.09773130978854, -4.118412809769289, 19.36350132882451;
  -15.13299247089034, 1.688632473816435, 18.26488189703998;
  -15.02073592392701, -0.2897509076587249, 18.15307394600929;
  -16.07404373131246, -3.419929269966362, 19.38933842858064;
  -16.65560209107239, -3.969286564034487, 20.09790887039118;
  -16.01905759837067, -0.6996946724186616, 19.38032594523639;
  -6.672815265371814, 1.520395655337942, 8.550861190014167;
  -16.57524013332842, -4.323385947888879, 20.04604629459309;
  -15.07952268127427, -2.357528745242824, 18.35874659241097;
  -15.15373830648054, -3.697263515378717, 18.46396285524104;
  -15.55127817706939, -2.795432364284315, 19.00874688662464;
  -19.54502686724116, -1.444892559344799, 23.68297919018912;
  -19.31506547622039, -1.643779113911002, 23.44727416598435;
  -15.34495063013843, -3.693732271204416, 18.87129942600029;
  -16.58209367391014, -2.912752988190133, 20.3747740232065;
  -38.96827576336003, 1.552841830609325, 46.78195961665563;
  -15.62946861243798, -2.833651031554198, 19.29181399121931;
  -15.87643270147683, -4.35231657409668, 19.5916769722717;
  -6.990171805858771, 1.51799699921601, 9.087783640352871;
  -39.35247816684294, 1.454987333700489, 47.44237364619919;
  -14.96250787760149, -3.353704733652666, 18.59794763951388;
  -19.39383373719425, -0.9014124346644831, 23.88440156874948;
  -15.65938580943538, -3.979988961254623, 19.45508107644105;
  -18.2761808191957, -2.805106759376145, 22.62946017734688;
  -20.00163478815608, -1.134136892681521, 24.69068139381776;
  -19.47785394574829, -1.261542514141032, 24.09780464172166;
  -15.6050582970169, -2.721114262054893, 19.48992829707907;
  -15.1831805456495, -3.84368541562919, 19.00599438232282;
  -15.43292944107271, -3.616611690137989, 19.30070436549913;
  -20.12896436284904, -1.678327094756996, 24.92641343995912;
  -40.5229339652003, 1.975355403486168, 49.35842373550361;
  -16.51998823003597, -2.979132639270106, 20.67922763341152;
  -20.93237902168744, -1.678209736151406, 26.09914168631291;
  -17.16279393262363, -5.300420444654191, 21.58430059308098;
  -15.16208540275588, -3.054114064883592, 19.22223665175896;
  -15.39328772868273, -2.866487041094526, 19.52984928915187;
  -6.564667513870119, 1.497190607196125, 8.790477275777876;
  -19.95821690972304, -1.243148197842201, 25.09684200043094;
  -15.04198385767567, -3.5547140233304, 19.12288799799223;
  -15.62948319874436, -2.795311231538462, 19.85106654608748;
  -15.32336325642976, -4.119701363994967, 19.52203465491131;
  -20.02320063661092, -1.577824300145925, 25.31571025631185;
  -14.93727601393435, -3.300331500589038, 19.10647577367881;
  -16.64424614937456, -2.756169449333696, 21.23449563059575;
  -15.37874726149926, -3.883548553487024, 19.69871475530309;
  -35.56509130780238, 1.711307883746599, 44.46614034188837;
  -17.29635493829527, -5.529924240392435, 22.06565855563509;
  -15.29254760514848, -2.902678742973895, 19.61189060903307;
  -15.11739264258761, -3.194981219548062, 19.39898592504918;
  -16.17306793053898, -2.614940472067449, 20.75509702098881;
  -17.40569904890777, -5.330128680987664, 22.3976636584767;
  -16.5202124271847, -5.281244205607077, 21.31780877892337;
  -15.19239234150631, -3.53823227182952, 19.71256002555846;
  -15.03337934908346, -2.710491258234343, 19.52463732163623;
  -15.18312157166018, -2.934953547842311, 19.71813937714316;
  -33.69059658893271, 0.7892326955414438, 42.78299206458476;
  -15.45678832780354, -3.317803471364212, 20.10518127236352;
  -15.71132336586193, -3.74917874945443, 20.44871670704096;
  -15.52665710497536, -3.932664106542566, 20.26285543504662;
  -19.43697725557472, -1.287389003350408, 25.22429046374463;
  -15.96251191836026, -4.253070011786353, 20.92943374263707;
  -15.80517648102011, -3.242453024243849, 20.73631878301637;
  -15.23257489428087, -3.732459552996471, 20.08451098744108;
  -14.83257915432912, -2.681334174029193, 19.64340019133505;
  -15.61872466094368, -2.469042289287771, 20.65277046563216;
  -16.34500056258039, -3.746592033372232, 21.59106608637808;
  -14.51529377363615, -2.479036695902243, 19.32230330297923;
  -15.84328859280254, -5.009405821798925, 21.04583016316024;
  -15.06057671251122, -3.931935673669214, 20.11768949812651;
  -35.53453131894671, 1.335757286984195, 46.39175510443209;
  -17.0549343818427, -3.398281367297985, 22.72366396126359;
  -16.32624390915037, -5.07248839276453, 21.80805108075335;
  -11.32527758870921, 1.734316871580239, 15.37325452513267;
  -15.07708503753306, -4.004658545897886, 20.25815336191656;
  -14.80953386234255, -3.68314904811848, 19.98200908203558;
  -16.96335182304227, -5.38753911847696, 22.79715320247878;
  -16.15102182342887, -4.662517457357571, 21.74686413723457;
  -15.32119050495617, -2.700269567211808, 20.72272990555582;
  -16.7678383820501, -3.063775204374765, 22.67565618855183;
  -33.55541039375986, 2.246330202081345, 44.60735023477588;
  -16.05097536186246, -4.44704889299997, 21.80353607990293;
  -34.15373036927068, 0.7846477037238322, 45.53045957057079;
  -28.28696285847885, -3.258522014673106, 37.88482122363539;
  -16.97511592736321, -5.343572323952479, 23.16338695958234;
  -33.15082658081526, 2.227537945005386, 44.48704483752343;
  -16.82879456356059, -5.541220114076909, 23.00292088895596;
  -16.05336965490143, -4.042621431723546, 22.00119697828096;
  -20.03025191256271, -1.906164344243064, 27.25001837412104;
  -16.3723033973216, -4.608765734759896, 22.43309877794127;
  -15.83708544464965, -4.232826540895232, 21.7615240605594;
  -5.18771806158789, 1.571779362646184, 7.675085871130302;
  -16.7716404909501, -3.663740934162762, 23.07301416957052;
  -30.44210866319513, 1.387799775179898, 41.24069398502393;
  -16.53912534881717, -5.041971759641638, 22.8129038137169;
  -12.9616073984891, 1.836759648153188, 18.11863582035265;
  -16.20086418359113, -5.210131296014207, 22.58984810737102;
  -522.3031548373199, 1.272904555070138, 708.9810044911259;
  229.947812167648, 1.520622241575033, -312.9142184804838;
  -15.73425011359956, -5.133095184019338, 22.2513723493848;
  -5.218311190795092, 1.61492624222532, 7.903582406891973;
  -200.0201120174897, 3.892151498973006, 273.7352813313913;
  -5.095556614006198, 1.60338367926117, 7.768131791887211;
  -113.4061242912386, 3.513523060094602, 156.5801356134567;
  -234.6719634173725, 1.07800254047911, 324.2214367327386;
  -184.511810956767, 2.175704699723975, 256.8189154223666;
  -134.8883263405751, -6.333333643920811, 189.2388834300685;
  -233.8903426994386, -7.602939412598527, 329.8550509580098;
  -85.36742937874215, 2.540321061962406, 121.078783610053;
  -154.5592927743612, -11.49310817529058, 219.0772684549228;
  -210.5854435254005, -8.743401341915563, 298.4694487122533;
  -286.5251935012206, -7.831876673786319, 408.0298747835649;
  -195.3029385569033, -13.62820281418295, 279.4074619677433;
  -228.5357796349037, -11.13899375436185, 328.1704809812097;
  -115.5651692619667, 0.7971167605256542, 166.9931840741938;
  -125.750856654527, -2.437361738124876, 182.2488300222214;
  -143.9665449050962, -9.480370808442229, 210.3234729718323;
  -104.4650275040907, -10.31116026491575, 153.1131241576695;
