m=[-35.35387998651851, 0.8237811942581351, 42.59612115758833;
  -36.85158222319959, 0.8008312859748604, 45.04874807052821;
  -14.91839450116996, 2.765765776597537, 18.93512884550281;
  -33.6647648219147, 0.8074298707164943, 42.58613404645161;
  -33.08793838615839, 0.6431422119479171, 42.63663053510434;
  -33.63348977618063, 0.3897199990560832, 43.45303048110816;
  -33.8785698348351, 0.9033550227250704, 43.83107266895472;
  -35.85617831042983, 0.3122010115064168, 46.96338109669849;
  -7.876467259810715, -1.966028847945581, 11.03384078781984;
  -31.26402368669869, -0.2422765494758752, 43.1644074151653;
  -31.54458769326932, -0.5171032818583392, 45.349787917119;
  -33.6667093882774, -0.2796827168878911, 48.62054078356049;
  -29.488712944561, -0.04256222751275431, 43.03074997033097;
  -28.49757011933766, 1.62152890608593, 41.73761039264421;
  -14.09113529723039, 2.715312146391856, 21.24831433796254;
  -33.43278335786813, -2.825304060073254, 49.26044344522117;
  -28.6588889624393, 2.102726133406474, 42.44596916012237;
  -33.81002138866184, -2.510908438003893, 50.02559691770654;
  -29.35689760516524, 0.3842710631724615, 43.60840226678678;
  -28.61311404312724, 0.9381244352481484, 42.66325408355326;
  -33.12695822193761, -2.768840747504222, 49.36335406342421;
  -34.07175722231627, -2.022316864464906, 50.83255105427336;
  -28.25994853213745, 1.188716360084131, 42.36418466842837;
  -33.11485666826877, -2.296560242414655, 49.6340427472876;
  -30.0798053423657, -0.4667703487187152, 45.26003146268616;
  -32.0721297277732, -1.790487334913905, 48.35826058503962;
  -28.04154012376349, 2.039027529006131, 42.66042198752984;
  -28.32092083969906, 1.078580631387294, 43.28975873739784;
  -31.66825450514671, -1.49657873546103, 48.31366529836804;
  -27.8956300763513, 1.606656279562352, 42.69304683720443;
  -28.82439322587925, 0.8069012723220103, 44.08597787169876;
  -32.68223221941719, -2.289565994719207, 49.89380669634392;
  -27.86843416135205, -2.39457548401492, 42.85807351873579;
  -30.09092378365767, -0.4441060831327235, 46.33051569010937;
  -30.92170236495828, -1.24865229939677, 47.69623178464942;
  -31.72566166259773, -0.1441459482528645, 49.08493933856732;
  -12.53045850578941, 2.791144195134998, 19.8981661053803;
  -28.72224688549512, -0.696986320432424, 44.58281122945141;
  -28.14278425298316, 1.340226985972236, 43.74483068926498;
  -26.80899232686727, 0.9770288994993576, 41.84360240942331;
  -27.18202939657981, 1.951999953135104, 42.42937015574118;
  -28.87182646459404, -0.6001567098563463, 45.25403468067064;
  -29.65905772432126, -3.706695610293508, 46.50008851235424;
  -28.2480869782645, -1.766255967771746, 44.35722954795411;
  -28.03305898811313, 0.1288828322471835, 44.04796987986353;
  -31.96922656891069, -7.587074750933106, 50.23592867482033;
  -27.17657300588603, 1.302317453299811, 42.89767276236558;
  -27.70935278041737, 0.6862882847325152, 43.72805318914433;
  -28.56379682205048, 1.761353352374668, 45.17337961781752;
  -26.41083908613346, 1.9626058502778, 41.87127000017805;
  -26.99311009139936, 0.9995276126432633, 42.77512177831071;
  -28.47158392585624, -1.339855992613818, 45.07418308734505;
  -27.12456625880688, 2.118449841482073, 43.05678380732302;
  -28.27634899229085, -1.965548861712307, 44.85012572020816;
  -27.28536094526497, -6.256396119837553, 43.34796242478314;
  -28.42197753586677, -3.018660339407157, 45.1369786726568;
  -27.21721593064054, 0.5106303529858516, 43.26902531924035;
  -27.81633629337928, 0.06668378264534705, 44.29377816916734;
  -29.82392111753401, -7.291647923534058, 47.41886636097171;
  -26.74194320984195, -1.770580697497023, 42.83472737391178;
  -26.47825315028094, -6.160086224096813, 42.46290507224599;
  -26.74106473097424, 0.4499523889203188, 42.95324392591163;
  -26.63163037838887, 1.560337205151931, 42.79532006377058;
  -26.6428226345337, 1.027469045831068, 42.82203264022272;
  -26.98911551376645, 0.06510188977208219, 43.37635232373465;
  -26.8601444612366, -6.496490442030565, 43.35418960896115;
  -29.55592128672633, -0.9683592902340852, 47.70129307806553;
  -26.33262967406057, 0.8181858213950718, 42.62874682993242;
  -25.44580425689, 0.4891142088127386, 41.23562833737431;
  -32.09327051097633, -3.817805809913661, 51.79177345775894;
  -26.56907619206078, -0.1514673918082358, 43.03661738752541;
  -26.69153761956831, 0.3522171288045446, 43.5878462560225;
  -27.1405980693832, 0.2234675142216336, 44.67145487643659;
  -27.85617355129893, -3.063471474487731, 45.91230823906052;
  -26.27009294416549, 0.9445384339946181, 43.87347439298895;
  -26.73368849538768, -2.45479666575242, 44.74839549699743;
  -28.13931220690423, 2.323245251631744, 47.14484185988826;
  -24.69757995024835, -1.245516569188766, 41.60200611734027;
  -25.98081609174344, -2.740277979646213, 43.78489546660379;
  -26.11357119601196, 0.537692591393251, 44.39452939856032;
  -25.71443517046204, 1.166381114538301, 43.82447664010525;
  -25.8579885335003, 1.373507569820712, 44.13403219134017;
  -27.43594036226821, -2.226612536244647, 46.91420980396239;
  -27.78387308395287, -1.437361372049167, 47.57717888576564;
  -24.82733725519763, -0.3719804262831922, 42.88719337186665;
  -27.65796225106285, -2.629876355891132, 47.9610539886456;
  -27.21502872207103, -1.376730460712218, 47.46764429105217;
  -26.65945456467933, -0.8182961265010768, 46.96385891388616;
  -28.07196981982959, -0.4189950185708366, 49.56074693472429;
  -30.16515135353113, -6.499544188572503, 53.6200323894642;
  -27.24049913738398, -0.9628827025952469, 48.7650966082943;
  -29.33902421629638, -5.896342197329138, 52.68027944871041;
  -29.64731017076605, -7.944941642938774, 53.51399806278702;
  -31.46515838937327, -7.359434007857495, 56.80766172923936;
  -30.26617114549505, -5.306833494646959, 54.82772484003193;
  -26.74211832694015, -0.9294239355661031, 48.74539965979786;
  -29.91295335789848, -6.302895837527085, 54.73573030007236;
  -30.15572345304953, -5.441869700317888, 55.42293424574783;
  -29.55302627319031, -1.872914338419875, 54.75118813878558;
  -22.20787219035012, -0.633518320493764, 42.99590241003621;
  -28.83139003274077, -1.901584175599263, 55.66847093383493;
  -21.51245248818725, 2.469372292487887, 42.91367598672677;
  -22.72089364864299, 1.249131424216335, 45.41458536600966;
  -22.64478611579748, 0.8471428218343995, 45.78149916662792;
  -22.15386696922634, 0.5193659618661419, 45.10505384228199;
  -13.78850855226447, 2.591580360185455, 28.60738696196304;
  -24.92067371103409, 1.516517672827155, 51.31731749592813;
  -24.26535615299228, -1.310769546467085, 50.64063540963681;
  -22.31341065393337, 0.5892183859909707, 46.69555015150652;
  -26.83338986788468, -9.747459842320623, 55.99359916388038;
  -26.86850675565439, -4.162140937888617, 56.13089872274053;
  -27.18265811241178, -1.83912919591393, 56.87598993676711;
  -21.94914040546304, -0.08611663865332885, 46.53792268065847;
  -22.79507689035165, 0.3680860524284135, 48.4550036199137;
  -24.731885827219, -1.707894703604856, 52.68345194844559;
  -19.67488032690156, 0.2598074043402677, 42.41923427665667;
  -19.70149250441105, 1.342393332080972, 43.09819028691506;
  -26.28256156098264, -9.390956626535319, 57.37461977995791;
  -25.57329928173771, -1.768403754564289, 56.03467450393298;
  -26.82137298253408, -3.927304436324191, 58.73756283235715;
  -26.38556468752545, -2.665248788201296, 57.98834577870558;
  -27.35017086914143, -1.552880087569561, 60.15729965621836;
  -19.83542228875125, 1.03544678156188, 43.87566759692776;
  -27.42283549634588, -10.21288919739452, 60.51425372586964;
  -19.7857823538363, 0.2305860851305002, 43.90242835015856;
  -19.90373771245339, 2.301051502287146, 44.18208326149505;
  -26.21619676831612, -7.574131138671411, 58.16176110769841;
  -20.11496264609869, 0.7972770249210187, 44.83045145297142;
  -25.96370639855875, -2.429072936014962, 57.64470816293432;
  -26.78235352034436, -1.914555742843342, 59.64550958146954;
  -19.49593461047393, 1.918685531706521, 44.23072033819197;
