m=[-10.54623068590836, 3.04834597867926, 12.94464861514685;
  -10.36309272093519, 3.099777096748733, 12.76311897804115;
  -26.64721210333749, 3.790940423295384, 31.88530047557379;
  -37.03577708562295, -10.91579982186118, 44.3109741777048;
  -10.3400781320143, 3.155424862630037, 12.94862038700039;
  -11.55561034556174, 2.953308336126579, 14.38418173419133;
  -11.46962223909627, 3.068297867308767, 14.29356203974165;
  -127.3106409959765, 4.713831234157942, 152.4786158351128;
  -383.7899480590647, -15.17624838087694, 458.3239249613149;
  -304.4431488488963, -22.74688731417419, 366.3549488685098;
  -15.68326570083401, 3.292756913309928, 19.71075954923666;
  -248.7166755342685, -15.87613071736155, 300.9055529472912;
  -11.35254210196006, -3.454903492667212, 14.59434684166775;
  -293.952129040918, -24.45756583377051, 356.5363118880823;
  -18.35755678087116, 3.477969086352767, 23.06219905881876;
  -213.8089731679198, 3.395687676660538, 259.5582665826132;
  -234.8806227539829, -22.29699676788696, 286.0129620203504;
  -15.03241718088635, 3.274437014137126, 19.08074499149249;
  -14.04950615805104, 3.270306248118298, 17.90393496214113;
  -257.6546926261693, -5.41036957436998, 314.6846453594126;
  -227.6000410412136, -12.86396220138445, 278.8767383822216;
  -255.6771328324783, -7.22423571446592, 313.3565228332106;
  -11.28150365940007, -3.376696080017991, 14.65907285618138;
  -265.2754980931404, 1.888036087676173, 326.2691519983414;
  -180.2832489362014, -1.616125761862276, 222.430927409476;
  -14.35867285842111, 3.251805539568784, 18.49879702242245;
  -260.3351380710983, -4.654894206388457, 321.6806859443497;
  -11.25867242666309, -3.411611808231142, 14.75014915924233;
  -11.18081397875526, -3.423597929629786, 14.74383074573866;
  -14.88113009489538, 3.253853127597773, 19.30072934752067;
  -11.91688490184813, 3.151851227835416, 15.66630372079982;
  -208.167597488638, -7.096777146523302, 260.4352994236045;
  -140.8365689854159, -8.987449984085179, 176.5428423212014;
  -12.51557496087754, 3.203359350099704, 16.50919179779443;
  -57.31374629648329, 4.892885794497803, 72.7632863028946;
  -238.3642620579319, 1.44473899653581, 300.32000237991;
  -142.2107126208067, 4.526107803590576, 179.7843131674379;
  -175.6459377132915, -3.184295919136142, 221.98493535423;
  -200.1419770756092, -15.57105444113496, 253.0063565112661;
  -94.76516668133888, 4.556070918995101, 120.182658661103;
  -11.02038310864728, -3.446540860288763, 14.74425150742107;
  -11.61323765874778, 3.191927679089654, 15.4829365551509;
  -10.89088802396429, -3.532069413789198, 14.67494608823636;
  -12.76699281658348, 3.245577162713996, 17.05413801032364;
  -11.22560297878182, 3.213951967705253, 15.11555409920226;
  -13.61868796992835, 3.303266909232334, 18.20160803731051;
  -129.4615555945086, -8.88167700145368, 165.9560096745008;
  -156.553431836265, 1.27880546106092, 200.8043996045521;
  -11.40787479493323, 3.173974416955091, 15.39647291430032;
  -13.058398342975, 3.262228530213547, 17.53298913647699;
  -10.4423614455253, 3.156890361437287, 14.18277516032171;
  717.5904086669841, 86.37118276497698, -920.5194552977297;
  -131.2666150339961, -10.74993412698664, 169.7308172616867;
  -11.03235734831099, 3.227929581706264, 15.05663337513157;
  -11.24610821433525, 3.17573594694881, 15.33689174068001;
  -12.0681044867646, 3.284443560524465, 16.41359413234586;
  -13.99002117372646, 3.268746499083508, 18.91322020764429;
  -13.28127991382624, 3.301802387481013, 18.01100969391028;
  -141.8315813617991, -16.47832731714323, 184.8123465794222;
  -196.907720716451, -27.13901736055486, 256.6785188982739;
  -134.8907094464253, -13.58159732725206, 176.3863742710854;
  -10.81915818955321, -3.432799684504436, 14.93157598807771;
  -10.90702015205881, 3.140165810114588, 15.00585868321224;
  -161.0875803998789, -12.3466006568466, 210.6799127961669;
  -153.6460015162609, -8.854090744504626, 201.0460955216932;
  -124.230164064435, 2.682596459313996, 162.6497413784026;
  -149.6420233182786, -2.125153371655367, 196.2243689689597;
  -208.0600650929914, -27.93381665971041, 272.6173834858;
  -12.60605607126129, 3.263983545647897, 17.29572736185729;
  -13.06987161283355, 3.269283181269898, 17.91452639147624;
  -162.7754920796882, -15.90856990383628, 214.5118135381504;
  -121.3113978149004, -13.20824973953567, 160.4845917909883;
  -141.096139069748, -12.54493205769294, 186.6858853495143;
  -9.873522480810912, 3.178386430554107, 13.82123481941462;
  -11.92942456950351, 3.303078465607732, 16.57616027285702;
  -10.55445343698003, 3.255226273627854, 14.76914122093306;
  -11.94422020787905, 3.340709453188448, 16.62947259263045;
  -10.24888142765499, 3.277020277976897, 14.64566256310831;
  -10.95771418032672, 3.344478918890473, 15.66231803124215;
  -121.8990043131875, -3.746248204227536, 166.2156794154663;
  -112.6639468681687, 1.022980237300952, 153.7265113604148;
  -10.89692313950148, 3.18296774783576, 15.58535877646295;
  -102.152854181547, -12.40978703149149, 139.700571080714;
  -104.026996310582, -2.299902213395023, 142.8724039230536;
  -9.950950200497944, 3.250376743618437, 14.40810484722966;
  -103.615846101651, 0.799344787292128, 142.3480453762286;
  -121.0419273363022, -4.054776126663793, 166.6601354005567;
  -10.65740470547108, 3.351396024278926, 15.42983108192448;
  -124.0375187256486, -17.29852968114633, 171.253072848463;
  -107.7611753580342, -0.6877255370379066, 148.8026767232716;
  -10.37003038930768, 3.323621813122173, 15.08352001548093;
  -9.284911589240728, 3.305707289897391, 13.61023492413863;
  -94.66160218710699, -5.673505476768725, 131.6853974265226;
  -10.25348897968811, 3.353743462272112, 14.99228588485681;
  -100.9586619186083, 1.460072616794593, 140.6487678885408;
  -96.19445246129882, -7.408785409762198, 134.3135203564554;
  -97.85999746758257, -2.531799304406847, 137.0037507194431;
  -97.89871443237145, 0.6213675720512882, 137.2583022342212;
  -74.84542447435435, -9.634890810432244, 105.207200713409;
  -8.891795417078798, 3.249962374197005, 13.23552875555771;
  -8.936788743554272, 3.294701915728056, 13.37806439915658;
  -88.97546141269241, -7.621151461492996, 127.2173934096342;
  -91.14888026291486, -2.436975772495803, 130.5967306468619;
  -82.80442771196962, -4.55795741104196, 118.7245945857639;
  -91.01837667367687, 0.1856176288490617, 130.5596234672773;
  -17.5420759283055, 3.188353863015884, 25.96665018254376;
  -69.0515023400591, -10.58914115779323, 99.99929409171497;
  -92.27975486528442, 1.973201264831857, 133.989132309422;
  -73.1273242310848, -8.472165882871146, 106.7081112711308;
  -68.30701414360415, 2.241795931771895, 100.0273066813128;
  -18.32620138611717, 3.431301164052479, 27.44272247568309;
  -46.51371130820684, 3.608345552114545, 69.31591973669389;
  -79.35584231406567, 3.822494348645772, 118.8748248968203;
  -90.07749003956359, -19.79449426199376, 135.6714328028276;
  -57.66799083965285, -11.40310204685214, 88.33636717317546;
  -58.08664739707918, -11.62893202814598, 89.84041778597859;
  -41.23388257948913, 1.780711636131432, 64.00098055793079;
  -59.27491807362678, -10.07402839229579, 92.65668302029697;
  -38.40535390826385, 2.38828491409434, 60.51427142164717;
  -64.07269421839501, -11.5851584089128, 100.8047839522239;
  -55.82006038732513, 1.108355021197626, 88.49841152164888;
  -41.14683826019149, 1.742177855911867, 65.49500133392127;
  -53.38229291835676, -9.480841658772018, 84.87481805277525;
  -83.33387151431204, -21.63363994669859, 132.3104383622726;
  -53.83602331188441, -11.56396351899707, 86.0352590445584;
  -62.22494928924552, -7.870093469642878, 99.48016908908795;
  -50.11226915830307, -3.909209648469218, 81.48505480892518;
  -74.63943393708009, -19.79662823684064, 122.052530110602;
  -60.79802539800367, -15.72744084927525, 99.96440872525871;
  -51.82908589151317, -2.479599233102292, 85.33119343415474;
  -57.33107665079518, -11.33613134458931, 94.9085799565736;
  -44.57789620089013, -5.702123546925033, 74.06794731630163;
