m=[-7.201838207256548, 1.543599595950851, 8.75802516612225;
  -7.4499436493373, 1.519530869548916, 9.166038382155561;
  -16.17322157095135, -3.480313719422077, 19.34200763848076;
  -15.96032725478702, -4.00548234784701, 19.10344097125185;
  -16.39311478740126, -2.722496383098167, 19.60587740953327;
  -16.12464073428417, -2.873765211172086, 19.30384565053113;
  -15.51342782345868, -3.747987623411124, 18.64931125531516;
  -15.94551996044826, -3.720855920422285, 19.18634624261954;
  -16.86864611499326, -2.421124332748585, 20.25818689805389;
  -16.23745819310647, -4.066196347722352, 19.6645932436991;
  -16.10094165807691, -3.650318993580711, 19.56222044241861;
  -17.77283666224565, -3.548961136747198, 21.52823201331368;
  -16.73080133024037, -2.430204129144121, 20.35953348582678;
  -17.43212437764143, -3.005970539216531, 21.20673006375865;
  -22.30312006791565, -1.987256813213393, 26.93079010726741;
  -16.08166029520001, -4.476068718360366, 19.66212692878436;
  -17.04419359537166, -4.993022007027332, 20.82801570576412;
  -17.14399706989381, -4.514454480979465, 20.97103412837027;
  -16.0963351850505, -3.878529036862362, 19.80124914625007;
  -17.23254031036217, -4.956973456867739, 21.16000571378075;
  -22.22360305851033, -1.84778837482206, 27.10914248685637;
  -15.77429093798496, -3.621918036656981, 19.59435713508065;
  -16.3329407558788, -2.643198929214231, 20.30497133022854;
  -16.61937008893409, -2.57599848669632, 20.64462424326223;
  -20.3539448486457, -1.751935989656714, 25.3615749359383;
  -16.6397023652077, -4.321486245306232, 20.956526644502;
  -16.67567692319951, -4.413988733580003, 21.03479846469424;
  -16.7920584981734, -4.140860960293768, 21.19621629450086;
  -17.25309430917293, -3.467523986473267, 21.7907932184665;
  -68.97164621616992, 1.100431774339364, 84.5405586831091;
  -111.6873674423629, 0.5568914985799383, 137.0653906861785;
  -16.57171773361407, -3.534278974044251, 21.06968964616859;
  -544.757270747744, -1.815668915228127, 667.5762795439699;
  -116.6581575950994, 2.442936657933764, 144.143668735149;
  -8.701195923751197, 1.711691065187108, 11.61372837842585;
  -243.5644015299327, 1.74242990447492, 303.2741764849688;
  -8.521225050699878, 1.700498862162503, 11.46510034086655;
  -144.352816281452, 2.035630662278216, 181.1764322174911;
  -202.8787660361596, -1.610154158329721, 255.6282332693788;
  -167.9844549959529, 1.018287672183327, 213.1618362568207;
  -184.4542109047677, -4.972560123903051, 234.2425792899892;
  -73.25993697800408, -5.828733025765091, 94.1937291166971;
  -178.820042788942, -4.097595843991303, 229.427440179046;
  -5.123245259242519, 1.611106105596499, 7.364306065280609;
  -146.34258102342, -0.2921085685346839, 188.0398937280292;
  -134.0467199910781, -5.638623348283559, 173.4286857242848;
  -4.893478558201988, 1.60998564933655, 7.116678417710908;
  -5.147116340430323, 1.586655434738148, 7.455052238023039;
  -122.5613612132344, 1.092361075147338, 159.5825037474893;
  -105.3220707834492, -1.607726842585904, 137.536086927561;
  -90.81668321513014, -2.400457083049965, 119.3203900707543;
  -114.7969139103525, -1.220766737099599, 150.6281334786817;
  -57.23313462874144, 2.0236042101009, 75.71603855668475;
  -115.510417811297, -6.687712449015507, 151.9540051820289;
  -6.178898564335889, 1.641816066460893, 8.907085723423;
  -75.44613597292221, -6.70788787136579, 99.63645660903509;
  -111.1067434616348, -5.245510491844732, 147.0023651718739;
  -95.15610753224806, -8.024808771977163, 126.8997207838683;
  -5.631660812659822, 1.668326097518111, 8.289193377035891;
  -91.45108501703042, -4.533582186864207, 122.6359820227781;
  -98.74202218896251, -9.237203035903294, 132.6981581485164;
  -4.803216596033323, 1.651822472685859, 7.229300440390974;
  -4.87774220648575, 1.644558656323653, 7.335697495608476;
  -100.3128990629693, 1.271333740093876, 134.9861004325145;
  -92.4024221761096, -2.503711870549134, 125.0682478376413;
  -77.67706664924569, -5.052079356931398, 105.4202036028846;
  -83.50329151970743, -2.923737778277631, 113.3934616752432;
  -4.773387401655436, 1.667458500092577, 7.269893872603754;
  -85.73768016738214, 0.2397865793799174, 116.893347188174;
  -54.02231811095616, 1.956753811907663, 74.22641171137002;
  -4.754767409200023, 1.606571306668401, 7.276889014653471;
  -68.14657397655516, -6.993803618274646, 93.92447739301129;
  -4.781778424292274, 1.649793712586932, 7.345331370039058;
  -4.701620641350083, 1.656167974819735, 7.259313932989097;
  -70.63659234397515, -2.916660036650606, 97.91768848448304;
  -48.30346496916504, 1.392818684504483, 67.57485488984258;
  -59.86906232110992, 0.06857736845265453, 83.61573681737643;
  -66.48927155441031, -1.606445647347645, 93.09095459429091;
  -48.55540627948236, -4.729013163434122, 68.21598574182214;
  -60.00074684071689, 0.05823736825118964, 84.79470970881985;
  -86.5590633763461, -10.9913445555869, 122.2412957280185;
  -54.27784957831653, -4.201344854059598, 77.08630437047246;
  -61.70178737804366, 0.2251704000700087, 87.66572462986983;
  -62.48808876748327, -0.4000310386505474, 88.9445659172841;
  -62.24818022972065, -6.020802817877524, 88.88229991037419;
  -58.99278896940204, -5.458352819711172, 84.43750590395774;
  -56.96933321787424, -0.4767751870295966, 82.2136001048346;
  -59.62708656287709, -7.693966204926088, 86.09315379207088;
  -59.28498394639946, -6.686724071284718, 85.860133348917;
  -55.51328924057872, -4.865516070847938, 80.45752887713925;
  -57.33425287213191, -3.851188728350997, 83.13061626814027;
  -56.32058124477997, -1.142446410126825, 81.86151130201779;
  -78.71156810078693, -11.71967161004256, 114.4648087958322;
  -61.01255163915255, -6.188348715268752, 89.43648573897885;
  -53.98038687908161, -6.738726790911606, 79.47743542813542;
  -57.02737402082482, -8.396234054986625, 84.10188510232736;
  -78.66886087987268, -12.40456494128075, 116.0422639382076;
  -45.82074759705297, -5.219064258661089, 68.50303458220087;
  -36.30567092990665, -4.943560997879045, 54.99049929641078;
  -15.55660370420916, 1.868060431821865, 24.03557068901859;
  -44.37121326476343, -1.705091253821776, 67.09521002551092;
  -41.83201792953155, -1.203804601778727, 63.69343078423339;
  -44.43874956505403, -1.842100494299655, 67.88208166187461;
  -40.08956738611006, -0.07887380294131323, 61.31209683904723;
  -37.85179378111941, -1.881614923917155, 57.97683196346618;
  -42.06093637783417, -6.568196470741269, 64.40595408423505;
  -38.52342965697606, -3.412801682167735, 59.61981139697886;
  -31.38132654079699, -4.51384411932303, 48.81820712172306;
  -38.08702908442769, -1.281720425343, 59.12361310256121;
  -37.96189887015571, 0.04982710536112775, 59.03186645689864;
  -41.91130989740957, 0.8671252397272591, 65.47331385204933;
  -38.15301129816616, -3.784862266691763, 59.86164639365874;
  -34.83768126965114, -3.412355960875105, 55.25110185797119;
  -39.29764845243098, -1.368746701534506, 62.4743421080478;
  -36.52677369692999, -0.1354964364019717, 58.14530090741424;
  -41.90723752316518, 0.6996492943507749, 67.57337079069174;
  -36.12125207193329, -4.806044545719731, 58.44566670502151;
  -20.56244123661513, 1.601876292415717, 33.87688504058517;
  -25.04080244423032, 1.173543221211967, 41.71122993175936;
  -36.10107007766428, -8.881607387526644, 60.0390770817366;
  -23.58758558500719, -4.99813192865521, 40.14318452508213;
  -23.2085793414162, -5.214059392722755, 39.8404852819311;
  -16.60348742809685, 0.5317398641284529, 28.89192110785016;
  -16.36687437798598, 0.5795939685386475, 28.51738111459483;
  -20.728700770129, -2.935344331822589, 36.20333447353404;
  -17.6038140064401, 0.7114223493713622, 31.07153871431085;
  -31.95533578556433, -9.092643957930337, 55.78293575900245;
  -22.01508634306429, 0.3656229425775627, 38.84289610615541;
  -23.20807316617441, -4.631270557470398, 40.99942919810173;
  -23.71847026755217, -5.716714537786931, 42.12697246549364;
  -23.35138895056072, -3.357339930328579, 41.56757957440794;
  -21.57909985861846, -1.987416384543282, 39.0343946113267;
