m=[-19.29927638889858, 0.449692677523011, 23.25273253257603;
  -19.25841230507612, 0.4185095499752771, 23.54220122531306;
  -19.00381199847132, 0.26489136160834, 23.34116372556044;
  -17.53163199438882, 0.2031435824760462, 22.65011881030733;
  -17.57089847318047, 0.4685191691066883, 22.7326989182673;
  -16.68173498995996, 0.1452484559971236, 21.84925205650641;
  -15.86372887747813, 0.6083222670973765, 21.57705066440793;
  -16.734540371409, -0.1296821784322869, 23.10440030802397;
  -14.98530910058244, 0.3289530748157912, 21.34336766601409;
  -17.1633086164507, -0.1663044316627943, 24.46756638529554;
  -7.14678101222793, 1.377159531916451, 10.7767788931988;
  -15.18769687135086, 0.611758909865894, 22.16531707745475;
  -15.99954600082111, -0.02309277852403958, 23.34698245035228;
  -14.56934900538402, 0.829004734654674, 21.33830392958815;
  -17.66223413769067, -2.182511581308726, 25.70858554819436;
  -14.57646970524801, 0.7270691037003613, 21.51770441451342;
  -17.37143370769327, -1.468007663564413, 25.59537202034498;
  -15.13517047037601, 0.1981138513398135, 22.48264142640268;
  -17.51231012065072, -1.300555440217165, 25.91136388595522;
  -14.57590704079379, 0.477893267411019, 21.73323828515638;
  -17.24362005956257, -1.441268393419232, 25.69517299574039;
  -14.68395827291934, 0.6176607650209235, 22.01256379607429;
  -17.71384612980643, -1.051398949842853, 26.42775310605815;
  -17.457844818925, -1.210725226173351, 26.16660626673754;
  -15.63704997570146, -0.2426515460128342, 23.52852240326973;
  -16.84799398775918, -1.029287428578409, 25.35027013657847;
  -16.97954905131326, -0.9479154576566563, 25.60171290804013;
  -14.88407312130866, 1.082288444362927, 22.6435793984863;
  -16.79541894209689, -0.7937181014449836, 25.62339674207379;
  -17.38143160888465, -1.217662688523346, 26.53508435339298;
  -6.421769912388427, 1.474262618516075, 10.32639220169404;
  -15.11033809207852, -0.9576132274717054, 27.99405232047458;
  -11.35541732126303, 1.303466116574177, 22.65212206215587;
  -11.88319467404106, 0.6533049323221239, 23.75216253773457;
  -7.137624217528803, 1.341532093222212, 14.80861959841128;
  -11.80391144287298, 0.2767259471597602, 24.03264684760845;
  -12.78447723669395, 0.7779840100678536, 26.32613728594361;
  -10.90793944589117, 0.2880401644767054, 22.82717964299284;
  -14.95675698892157, -5.433170718968658, 31.21046799351934;
  -14.30506344236589, -0.9678545680653407, 29.93138643866898;
  -11.49542590399881, -0.04510187736073658, 24.37331175704644;
  -11.12842625405506, 1.126512919627153, 23.65391894092302;
  -10.37486354327032, 0.7069082526929291, 22.69563298762927;
  -14.64275526389038, -5.231966422188614, 31.96501656991755;
  -10.49113162545363, 0.9383949574490853, 23.1336222779352;
  -13.97646584322735, -0.9664781380145536, 30.62439091696914;
  -14.49370005945024, -2.122231870057429, 31.74053089935681;
  -14.91195357622419, -4.321743838625409, 32.67797803253041;
  -10.54821730115402, 0.5506370117408213, 23.33250431013298;
  -11.12713227611513, 0.2714096251190217, 24.57016832310742;
  -10.29492701618533, 1.190186366940915, 22.85255810598444;
  -10.66606590810106, 0.1243037216072505, 23.66680204675771;
  -10.60925503074181, 0.4205086251640998, 23.64497021326113;
  -14.62206105522392, -4.224465086551894, 32.43967191396461;
  -14.92285889867859, -1.06677126722277, 33.23388001535899;
  -10.31581997253239, 1.015227785917666, 23.4036560637153;
  -10.69230115781645, 0.4452710054109166, 24.27586511265444;
  -10.46996269118674, 0.5283036635887636, 24.11206793100649;
  -10.89070657786084, 1.301332526826794, 25.20528197993252;
  -10.92634586848897, 0.3750513010246757, 26.08139312149093;
  -13.20485867256362, -1.585268021818716, 33.39070144566972;
  -13.2729259861179, -6.138849196498367, 33.91593330087549;
  -12.47319779279658, -0.4546280998869804, 32.02479806623926;
  -17.2527498754798, -1.953347955062354, 44.0979648060192;
  -15.14620620483848, -4.123172027946916, 38.85884844802633;
  -10.89049678438102, -0.4363832192895604, 28.49787934053838;
  -11.47542349795105, -0.6124616451650281, 30.18044127677362;
  -13.90199388909235, -0.9276992093928119, 36.49827734761416;
  -17.30903847407519, -7.475936284113804, 45.25520999784757;
  -24.14865104956783, -10.92614453516812, 63.89764319558329;
  -26.72224662837572, -12.55409384895972, 70.99951945596305;
  -22.73247579979786, -2.722769782927711, 60.61910338027108;
  -21.85923579135174, -3.069715649630932, 58.42635836003444;
  -25.87797457035895, -12.96601499083524, 69.20301289209453;
  -12.40193136152957, -0.8489352427743986, 33.49307184621756;
  -27.45575759003549, -13.24044879767002, 73.93334157136921;
  -27.10637647860969, -12.82431301088905, 73.47942977242242;
  -20.18998368488228, -1.931905339506846, 55.30278330477231;
  -25.83046110895737, -11.15389964513499, 70.64362693912553;
  -29.34045189989091, -14.51930106520421, 80.82062167428209;
  -25.06925599358436, -10.34963295246597, 69.24129333778829;
  -3.518382045286218, 0.4844642963354706, 10.29952498395383;
  -29.24437403491357, -13.6482783308596, 81.29190609803761;
  -21.8710713922979, -9.570323327835002, 61.001534031047;
  -24.35013072068442, -13.0957830045921, 68.22450961680858;
  -30.58967009297244, -15.53666120704864, 85.56275678547019;
  -23.94988580149805, -8.118223771157918, 67.43602610416754;
  -23.45513874865766, -7.687868379668044, 66.28069424651542;
  -28.66788255828034, -4.813843183549477, 81.37730536141564;
  -30.14521393592211, -15.61305486781543, 85.79375579320215;
  -23.90120980858913, -7.583995070242703, 68.43548876904055;
  -24.30944809704871, -13.73694089545663, 69.77514015506196;
  -23.04417822445567, -9.354530559745104, 66.57205346911407;
  -23.33908463037865, -13.11310805791383, 67.9425597539919;
  -23.52077746644018, -13.07615550139055, 68.61056353011777;
  -23.5374895220831, -8.826600881230149, 68.73397800592689;
  -28.43255728830335, -11.13453275944647, 83.50257803769759;
  -20.66388707453535, -11.09838709427818, 61.13819644317215;
  -20.9610137029281, -12.31061116604755, 62.12415268906212;
  -24.7111868103433, -8.281405884189439, 73.19240060564719;
  -20.68073070807836, -10.86918452820863, 61.7295645738237;
  -22.35091223546856, -10.54493016261317, 67.27691527129294;
  -21.63658151407377, -10.56333192901624, 65.94752293090949;
  -22.60567185056812, -7.960450020215772, 69.20271961191867;
  -23.30135321490739, -11.16969774658679, 72.0497879254427;
  -24.28839623557827, -8.917376406098455, 75.30448379020973;
  -19.64992773239483, -9.926010754294723, 61.43897538414415;
  -24.2948131044912, -8.185324336389392, 75.85359286144234;
  -24.23763859288395, -5.259415008566686, 75.72839147450679;
  -20.4943256612143, -9.853066486388176, 65.38690617176958;
  -25.95543075493288, -6.043853796577968, 82.98653037741038;
  -20.29106505094871, -10.97275288867462, 65.03057952667547;
  -18.95724456802027, -11.38434529025401, 60.93478772748603;
  -20.48504332255354, -9.520236911875072, 66.01792347581913;
  -25.76309827522776, -5.465977727493865, 83.10129401591746;
  -21.4976978987916, -11.20308778812594, 69.49576461627623;
  -18.33731667080942, -11.32393381261545, 59.4294838692792;
  -17.33345511998372, -9.989887338236544, 56.19337555988183;
  -24.85265887927017, -12.51329701290559, 80.4304048298564;
  -22.49485658853638, -8.284520723557597, 73.45779549468843;
  -18.83960769508228, -10.66057489299132, 62.41055794690881;
  -20.19839473144693, -10.64641272230783, 67.48877372488475;
  -22.83066614206786, -10.51799876557442, 76.54638094250792;
  -21.87728604108668, -5.896409217176511, 74.05930761235872;
  -21.99783378042243, -11.22809739087917, 74.62330813787177;
  -17.86160743332395, -8.096069591850469, 61.09847343264479;
  -21.84645542997517, -4.768674038855887, 74.87208295886967;
  -25.32492156794151, -6.217099975962661, 86.77003670504053;
  -18.25499823554443, -5.496904342380485, 62.71196190241505;
  -17.71526582487582, -10.41535650942234, 61.35738051732559;
  -19.55101825540362, -3.941531075174265, 67.91579911668474;
