m=[-3.903547040962229, 0.894257027460334, 5.127863559709433;
  15.87472498205904, 0.6277360064385092, -18.95767801698394;
  -213.6862154747338, -15.96585859256309, 257.1416135989531;
  -43.06605017049824, -2.749000405857694, 52.1027133061051;
  -3.199660069758239, -0.2662198673543396, 3.880887014798142;
  6.924265653274257, 0.06176186580948621, -8.396778401694801;
  -5.756910060397784, 0.09143053379889177, 6.988731922749142;
  -7.780375791157093, -0.1633764478674419, 9.502504191357993;
  -74.21421581974082, -4.19459004815232, 90.93415956658757;
  -44.64273554998352, -1.261394169196035, 54.71389727634015;
  -5.575944806180583, 1.489774657003184, 7.551061079864484;
  -4.98887542459998, 1.436313110349637, 6.863685824910368;
  -5.776877044529291, 1.495759777045643, 7.925975404229151;
  -47.60070274105934, 0.2885104961573622, 59.97309763242099;
  -92.69608812503448, -1.680493036043015, 117.1512156666784;
  -77.42040306880807, -6.0233106950053, 97.8697941645341;
  -5.452207293339681, 1.509634299268573, 7.575944791694167;
  -82.42466690337626, -5.654723249897743, 105.6596976238901;
  -85.04054428824891, 0.6946530087002165, 109.0778735256728;
  -75.46110444901467, -1.474525071978886, 96.88772999788495;
  -88.49555078470893, -0.9230426268770919, 113.9265260051563;
  -80.99811639093321, -6.633251077488542, 104.732467490914;
  -120.322048846741, -13.97929914712152, 156.7845467074471;
  -76.59900618841448, 1.654060624772517, 100.2881115082985;
  -4.707915547530789, 1.480481400930172, 6.816138042414252;
  -78.07359951942335, -7.860913438097782, 102.0909386720465;
  -62.47527430011571, -4.78843409774786, 81.70887730010796;
  -65.43175830661113, -3.770607239381468, 85.61758458303299;
  -19.05591943536262, -2.5584177316859, 24.96863054456362;
  -56.19220865068736, -4.996078874604159, 74.34854200023534;
  -49.1154538066293, -6.461230691714881, 65.34916320558763;
  -59.21424227160407, -6.341130261272816, 80.85782083652271;
  -65.95085702559237, -2.026827709475095, 89.92744912318536;
  -63.26575727911634, -1.398723988568636, 86.89024146667887;
  -59.19913486115406, -8.256034158172032, 81.73360656598536;
  -116.7814267515119, -19.19943079224467, 161.503364048564;
  -59.82409991154646, 0.007418551553873013, 83.15369890310153;
  -80.16683080174815, -4.804767118877877, 111.5214694305147;
  -54.19562682953082, -4.174084461773787, 75.67177982875504;
  -51.10377063999466, -1.322138711497166, 71.54515056987131;
  -42.9724671742479, -5.531868273666224, 60.40466749841996;
  -54.97347724951727, 0.348919148569067, 77.07523228400318;
  -7.83835304577927, 1.424657111013128, 11.60271865079582;
  -54.67265954277809, -0.850788144781523, 76.83690962558448;
  -13.48977125104127, -2.586370230426731, 19.56612539610253;
  -46.15149176673816, -3.953084404887215, 65.9875474800638;
  -49.43041135064035, -1.321581949647089, 70.82314229536014;
  -8.140008001188999, 1.583102061944499, 12.22408069884073;
  -46.82245189240751, 0.09548700839092708, 67.1635983006428;
  -54.92477608086261, 1.174446527210447, 79.75013696241025;
  -49.33234724203876, -5.71539891033359, 71.98624664748581;
  -22.54045277313803, 1.74859713875917, 33.59035801075507;
  -45.48068440008314, 2.19076068027628, 68.12993519557334;
  -20.4438688050831, 0.8828815719348372, 31.73185662060014;
  -27.76302226996776, -5.558149993858874, 42.94001515847084;
  -18.0503796891649, 1.122485412015208, 28.44149225608037;
  -26.44435452527659, -3.199854308502511, 41.5201746252157;
  -28.3372585997058, -5.54795738119066, 44.5138739200192;
  -30.55754772502881, -5.525193458787561, 48.07581504270418;
  -20.14446903973532, 0.8529269650854998, 32.06472434857891;
  -30.0882829233711, 0.5974285807993407, 47.70265789137199;
  -40.55765389854315, -10.8294411524057, 64.10778952284117;
  -26.12163326507776, -5.610919892504339, 41.74493854437063;
  -25.44948225224854, -1.985289495767168, 41.38213038472321;
  -22.63018988208962, -2.894711271625044, 37.60096044889276;
  -12.21901291306109, 0.8397143346385614, 20.71829394196004;
  -23.14962911247157, 0.3163369531836429, 38.83682818194216;
  -23.34080123186711, -3.398199901184562, 39.47840146535946;
  -12.39342063578708, 0.9280194751966241, 21.24995855905019;
  -15.3494692222688, 0.5387912335983441, 26.28847221433002;
  -11.54018523256082, 0.8068237858430388, 20.43635650121325;
  -18.23969974316778, 0.3692957059920893, 32.26697849831984;
  -19.82181801566039, -1.308471675277125, 35.03999541472368;
  -20.59608202766018, -0.5199713603851442, 36.48780562442007;
  -9.118086890407813, 1.584361469429511, 16.55976458032885;
  -19.98590735116506, -1.705531443117417, 35.6717399897577;
  -20.75297712039424, -6.567659079503306, 37.20470325448285;
  -10.28409424345967, 1.353904707375839, 18.9757881768359;
  -10.02300225497504, 0.9115737341073926, 18.61805050714469;
  -9.993336475519254, 0.7598403531105318, 18.79322992826534;
  -16.57644541231204, -5.873088871610966, 31.48836423248785;
  -14.58018372974464, -4.019773908179158, 27.8114163477486;
  1.549574869444809, 0.5098963056291732, -2.742834782508047;
  -9.960964327077624, 0.8063906904104231, 19.25955079956621;
  -15.79412496097062, -3.306733700014929, 30.27074406582451;
  -17.69721083481243, -7.142768210653649, 33.88044019145444;
  -16.66304484246245, -6.127065665578336, 31.98096908839139;
  -16.96126968560281, -6.404132399785327, 32.54369272241414;
  -14.30377417774455, -1.250658575059257, 27.55088245337358;
  -15.99724731177707, -0.3669032702252314, 30.870493163568;
  -15.52387260886322, -3.533001692471026, 30.03377908326019;
  -14.40825272729611, -2.720736021911931, 27.97441011602997;
  -10.07199312411512, 0.9188156003673531, 19.73330797300427;
  -16.31566265669772, -6.193772231060059, 31.64005058831378;
  -14.50090679682459, -4.352966319539017, 28.23052981162964;
  -8.993132568926352, 0.547442754545156, 17.70951730219088;
  -14.94854252694341, -0.5034876893050991, 29.15575653182541;
  -17.24782982803401, -7.048925495368255, 33.60497385964364;
  -16.27793242640746, -6.338211805842753, 31.81224446137866;
  -9.963591120672399, 0.7956395243280127, 19.69939144243788;
  -16.68279631823879, -6.74785661796167, 32.7161794724441;
  -9.41222014053702, 1.642627410995733, 18.71388558890798;
  -16.47940077116749, -6.853708409146075, 32.52182225215915;
  -10.55206648028724, 1.170809331394372, 21.06972081928793;
  -17.19652899145315, -7.339411003359794, 34.04201248382577;
  -8.944262642314376, 1.623898101192862, 17.99465993890452;
  -15.18638746103634, -3.771897429284553, 30.26854938026303;
  -16.07961038978938, -6.646814444221455, 32.01282501988647;
  -9.663690866262913, 0.3649160155958625, 19.49202750533896;
  -13.20542400229165, -2.961399449150222, 26.5858949081132;
  -10.52783806247432, 1.204732420209984, 21.29661917339205;
  -10.69819186279451, 1.008797085489754, 21.71817692049926;
  -9.936276156090226, 1.10588396088034, 20.32557352310429;
  -9.698896568423676, 0.5103392396667348, 19.87429065470623;
  -12.3874685285222, -4.129602863190582, 25.28295811860819;
  -9.642335891564107, 0.7202138055386118, 19.84463214075007;
  -9.500519880731622, 0.764556200345914, 19.63446115572664;
  -12.71244016531169, -1.811728434005525, 26.11061064628891;
  -12.75079827538341, -3.193501863018462, 26.2320981763399;
  -11.93784080349971, -3.223884068305871, 24.85716476225526;
  -9.824743883702841, 1.512795813322254, 20.57319927637758;
  -9.350391051340235, 0.5665341601208468, 19.63204489682082;
  -12.26308591293147, -3.98102208877645, 25.66598218626301;
  -9.250778444539021, 0.7199462058253177, 19.56071925026406;
  -11.61149412721498, -3.014159250736114, 24.49048328038666;
  -11.96558842861683, -1.837856656745988, 25.36829096915867;
  -11.22505308741738, -3.130607968259382, 23.77954101440531;
  -11.10266355196888, -4.116761242950029, 23.91407002914735;
  -12.37417790137806, -0.3702659741455033, 26.59869085390826;
  -9.44611361728332, 1.643892873472969, 20.46554082605297;
  -11.00765164279574, -2.951278743865518, 23.80132788146266;
  -10.44365385781044, -4.362954034403736, 22.88745304916776;
