m=[-12.56960585127545, -3.681461893641911, 15.0054195754195;
  -11.16943829273967, 3.183904353720051, 13.42217986692775;
  -12.48374773074398, -3.704701547824573, 14.99558090915169;
  -12.66900241033025, -3.729082808732492, 15.28995807014101;
  -11.04526652920835, 3.123066313698027, 13.4493547211745;
  -14.8951514900554, 3.165470005997633, 17.85734898831316;
  -14.56082469402615, 3.181761379560585, 17.51238167138081;
  -12.63059801843683, -3.732249077357475, 15.43964144096562;
  -10.26995119843194, 3.034612639579359, 12.67000114000347;
  -12.455262277295, -3.518571023087265, 15.30239709235827;
  -16.91438639146971, 3.306772905387754, 20.40542893501726;
  -16.36796284158728, 3.346289801390775, 19.89442995763484;
  -12.16940850422975, -3.371419188004496, 15.11607103385049;
  -14.40806520151568, 3.252100947861304, 17.74429822151663;
  -12.92468804889718, 3.192277988767966, 16.09500483524586;
  -12.0302533084472, -3.699678540626059, 15.13854344319991;
  -13.62323876079727, 3.246779686186572, 16.96629686795495;
  -99.55018471359041, -9.893335495130039, 118.9168924167026;
  -12.18528704656241, -3.783059572398096, 15.50783183398785;
  -11.93279334892335, -3.604447508834246, 15.21645980837452;
  -12.81413716585749, 3.146146501766075, 16.27207571693128;
  -14.2033820816296, 3.320005773552684, 17.94631769170066;
  -12.01173075156977, -3.688126107053034, 15.40043588021604;
  -11.70405947828906, -3.507393366963997, 15.06666509923457;
  -12.43532356953348, 3.22854528458938, 15.89675448923759;
  -15.01915763072042, 3.288164616876614, 19.0480991785686;
  -14.28102429012031, 3.320519992898203, 18.20606906639789;
  -11.35580121921569, 3.193379360570055, 14.6753510929699;
  -12.90100194435844, 3.277318194058672, 16.57551781270916;
  -11.90596845626086, -3.52247463727077, 15.45950899325917;
  -11.89625821939373, 3.235238217466811, 15.3980629696692;
  -13.9121687812602, 3.360733665313008, 17.94787388422283;
  -11.86939069218224, -3.47452177444474, 15.60256477389311;
  -90.66652052648529, -11.51451159768067, 112.9485212267917;
  -100.9093632334953, -15.20007930274356, 125.8663684737105;
  -11.35572248276799, 3.227993692316089, 14.92609897784583;
  -75.92960651087657, 0.1905760432997394, 95.28488263135905;
  -83.64407338844639, -4.485953731753646, 105.0173439092569;
  -12.74418642468675, 3.326860753927297, 16.7394421218721;
  -11.57893127089706, -3.540004720182756, 15.36602077543297;
  -69.57090418278136, 1.185339197073089, 87.51034795066806;
  -11.70748057388645, -3.384524051539092, 15.53707630261911;
  -76.28798393475408, -5.291967517281798, 96.21280639369931;
  -10.99262384799305, 3.262232148659783, 14.61745306981742;
  -72.03804419723257, -1.525895102315615, 91.07690657163512;
  -73.42101110936314, 0.6172142295594635, 92.92920253638815;
  -80.66697180581471, -0.9329817842103925, 102.2430094881134;
  -63.73925376084686, -7.531181954328998, 81.10780879167277;
  -10.08773559275629, 3.195630235233952, 13.59264227609842;
  -103.8245267390537, -15.63242097237049, 132.0492666848222;
  -10.538036349466, 3.170006410249972, 14.19814340454554;
  -12.32933208550392, 3.335372475670025, 16.61859370277578;
  -9.885903660550078, 3.257037765293183, 13.52045087703393;
  -69.50714085076402, -1.534740173951, 89.89295921608266;
  -68.1615739627742, -3.286074646074746, 88.2438128049761;
  -9.226626613172927, 3.13758496752214, 12.69238503368021;
  -67.3385719832162, 0.3368449991189764, 87.18033268628746;
  -11.12599348366257, 3.370929618665675, 15.25354915771622;
  -65.07252486431628, -9.093230127723388, 85.17392573428019;
  -15.0540198760397, 3.201140762771377, 20.3441545007612;
  -63.23669343916228, 1.467594787240356, 82.86505167606485;
  -11.29716063521376, 3.356433705056754, 15.53821238758436;
  -87.58066867925395, -9.345462605663856, 115.1415067132529;
  -59.0268457883026, 1.985152242622754, 78.04056141888306;
  -10.17922852332171, 3.349797292132975, 14.18318977539053;
  -10.64069709234465, 3.356573998109394, 14.85904776664102;
  -19.29236020990892, 3.284463032947678, 26.35174297841446;
  -42.78900938676452, 3.21791339526823, 57.75420335524721;
  -67.65452891100073, 3.250615060380086, 91.25112668568869;
  -62.2800200913732, -12.31253798937287, 84.42879608459072;
  -9.391544292523697, 3.319980683961942, 13.55557150511131;
  -46.18346779441821, 1.994730910713887, 63.7240924289715;
  -50.5338424082502, -9.0734967585432, 69.99404774813492;
  -9.397587241429797, 3.349494242959942, 13.74003543082609;
  -49.19797920040727, -8.962452860226165, 68.80891778043204;
  -39.72765435229845, 1.723932553852442, 55.80627304476231;
  -9.144574000301375, 3.328124203540608, 13.54896009194313;
  -53.43875647956328, -8.231495849304048, 75.39733682758772;
  -41.01377518511184, -4.580335953214598, 58.28690983885453;
  -46.55092866145441, -8.240893494600671, 66.09430102282016;
  -37.50693358123352, 2.274571394311027, 53.48367381880878;
  -43.91423635405054, 0.9877454018910139, 62.83640077364817;
  -65.92784428517768, -15.53635003326578, 94.2076283364168;
  -47.65058047346221, -7.624611919557694, 68.39900880496626;
  -49.69189088443377, -6.136011714392947, 71.34649975100636;
  -49.51987548606846, -5.599469233814038, 71.39770238590565;
  -52.39399262829487, -11.48094547696141, 76.04966012925364;
  -46.78358381170227, -3.187239643480095, 68.5604732525313;
  -56.99192218269599, -13.29333302696522, 84.25632110640754;
  -42.5521294640196, -1.680026245340354, 63.14236543481359;
  -14.73477177666029, 3.35398750521854, 22.41120534531746;
  -9.35505920992583, -3.465542260655888, 14.96166150968369;
  -43.82055980763417, -5.677682870956927, 66.7248205365736;
  -24.58801387542141, 1.626264543499264, 37.85985298947721;
  -31.40416701047819, 1.161899634377404, 48.56125072535807;
  -27.08479634495185, 1.955164263290248, 42.04451045152046;
  -42.07049565173852, 0.2666924577854132, 64.86254548548673;
  -40.65796873536181, -12.05681484772704, 63.06998936507194;
  -39.32424159220179, -6.309547696762214, 62.35161768152013;
  -35.60284418647751, -1.928989440743996, 56.58185988569848;
  -35.82001718836304, 0.7964976840071304, 56.97253077738801;
  -38.3492992236249, -0.8346187826572171, 61.01760255616077;
  -37.52308350413346, -2.754514975844003, 60.1733551359931;
  -39.52181910297922, -11.24601601793269, 63.69986724082308;
  -23.34481849175463, 2.894197133511773, 38.88276674613149;
  -22.32089657519368, 1.97500686365004, 37.45017909260111;
  -22.95711678506659, 1.688475748276397, 38.93782493247822;
  -33.01266850444676, -10.43552257693946, 56.26987129269697;
  -33.24645314830323, -8.130300151522544, 56.84995533023164;
  -33.16265376738288, -6.136285845792639, 56.95405305081643;
  -34.03738021251122, -11.18813419910122, 58.57214087119953;
  -31.09494905632742, -2.295983921227194, 53.64809130869131;
  -34.16438070163755, -0.5140039536870614, 58.92697046242135;
  -30.16391428884612, -6.086103499487686, 52.34710952162546;
  -35.81276913547069, -5.923754738618851, 62.14359294088839;
  -13.16815812331906, 3.172555639993258, 23.37626749212264;
  -30.84302352642078, -8.231992040750209, 53.83177541501395;
  -24.20082661781703, 2.111582953955648, 42.55812236157558;
  -33.92513152955289, -12.58571425042605, 59.90303820301681;
  -22.96071243165931, 1.76072974776481, 40.76129728551755;
  -34.85953883229941, -13.27713213407006, 61.71213452782111;
  -22.4318461077019, 3.649249982581254, 40.02118999244278;
  -32.39686514376858, -11.98184578825488, 57.74521272436045;
  -24.73099422243997, 2.592196778139685, 44.22237763544685;
  -22.01830016255429, 3.70120054635009, 39.71778339211354;
  -28.27418212417934, -5.570514544794862, 50.9294741630295;
  -23.65915986922469, 2.131945639301362, 42.99059450628444;
  -26.90171127081222, -7.91108446348914, 49.12007459411642;
  -23.60881626625829, 2.466402628380676, 43.19044605428474;
  -23.05877453720293, 1.214604455336707, 42.2900358341513;
  -27.89103924365717, -3.422564092406793, 51.14454592758307;
  -27.38267340690407, -6.0281990247327, 50.3434630574803;
