m=[-5.703171621645284, 1.554093089619851, 7.398009320440239;
  -6.911268464457613, 1.501158956941142, 8.933855001305998;
  -20.6462539246091, 2.085688583386047, 25.01072027912114;
  -15.04943378904964, -1.983125420687289, 18.54445144663639;
  -19.39571218230365, 1.708681196639943, 23.66863362430908;
  -15.03662960074698, -2.079951013768251, 18.53654423802351;
  -15.48328631582164, -2.709699608508829, 19.14160289613182;
  -15.22226177964928, -3.783372356178276, 18.84817016482869;
  -14.92860205170751, -1.872543791656621, 18.55017672755789;
  -14.86002401974228, -4.005144583922854, 18.51997588748699;
  -14.5154957383641, -1.060692981236536, 18.1240166430368;
  -14.98849147141201, -4.124226847598779, 18.72958865717129;
  -14.3926306170647, -4.324871924872436, 18.08631135148491;
  -13.96619792042756, -1.393083375550207, 17.59002623521407;
  -14.85156002849493, -0.5994409199847282, 18.65951876176382;
  -14.75942092764414, -1.837406407301961, 18.59518602859214;
  -14.42623259929356, -0.9884668872592113, 18.20828346374366;
  -14.77391080768634, -4.080945814540366, 18.6217902482976;
  -14.87105293356943, -3.813010601160332, 18.74386165586482;
  -15.00049109535244, -4.235473575955939, 18.91210386850331;
  -14.98749893974467, -0.1061005691174246, 18.90756489876263;
  -14.45388103123166, -0.9171881803845065, 18.27510552259587;
  -14.65462024561252, -3.379360210395948, 18.53001829698825;
  -14.45692921107574, -0.3366906834833829, 18.29900714648962;
  -6.962811634620108, 1.549410287437984, 9.26597803739538;
  -14.47048492300366, -1.516126004357945, 18.34506941614161;
  -14.92304208341839, -2.38205602675522, 18.89434592913294;
  -21.08889742100467, 1.880450928948601, 26.36368926027943;
  -15.52099035643964, -2.29057442296924, 19.64328498876932;
  -10.40887539508781, 1.696005136850002, 13.47149096603303;
  -14.21904775304576, -1.398475246282835, 18.13573902847855;
  -14.37997813036995, -2.853176526329949, 18.33454289309943;
  -13.95026543554263, -1.562595183897988, 17.84985807438191;
  -15.10350502599894, -3.862320601694894, 19.30128700387796;
  -14.62756872726019, -3.01550233741848, 18.73374697320795;
  -14.74445550334826, -2.728287600727996, 18.87848144114686;
  -14.96828908728656, -4.428110357244537, 19.15009830393233;
  -14.51426497410775, -1.850332763676652, 18.60663483962157;
  -14.58867667804506, -2.596827163060463, 18.69928671795216;
  -15.21052354050965, -3.700558994066044, 19.47255955597401;
  -14.47855530745047, -3.185656602204066, 18.58530906498915;
  -14.16694203871291, -0.6118415820817145, 18.21679640882854;
  -13.82137242590934, -2.9721706953735, 17.80822244057618;
  -14.41534423226559, -3.790840938398304, 18.5511526840417;
  -14.49085439937081, -4.407433511582358, 18.656523844834;
  -14.78915221471428, -0.2333180193377145, 19.08221531440836;
  -14.48621465120595, -2.100835222569002, 18.70973356264203;
  -15.21684847012651, -4.150622106390052, 19.60864066126274;
  -14.23495764549546, -0.7610762127625815, 18.40948034183693;
  -14.20697082220104, -0.3490494222390438, 18.37607271348391;
  -15.7165259011326, -1.415342693949981, 20.24024152275269;
  -14.5649310763518, -3.324279801110557, 18.83483963038919;
  -13.98711623409518, -2.818457257888837, 18.13255238609028;
  -15.05853571054134, -4.186583906855863, 19.51411069043068;
  -14.77707461805708, -3.540092355562393, 19.17929709475384;
  -14.21735634979546, -4.535134141133714, 18.51476736636209;
  -14.49166473002152, -3.067716086297369, 18.87390523743462;
  -14.00680362680252, -2.759742255475395, 18.28307002109273;
  -14.39270800929591, -3.121572926202738, 18.76205483873127;
  -14.84654963836693, -4.421236073256403, 19.31273328759853;
  -13.66543680706502, -0.06445019207169472, 17.88041862341664;
  -14.86098379554252, -1.766533514062737, 19.38136970399016;
  -14.68152908963852, -3.487820041137918, 19.22618440523279;
  -15.31142051076763, -0.6405060996832065, 20.0618776919839;
  -14.30272983078431, -2.292928899274804, 18.84225824434423;
  -14.23659545406805, -4.689365064840914, 18.84152748556925;
  -14.24501428367505, -2.659158336902326, 18.86047338873927;
  -15.22651722245513, -3.878634552893094, 20.09811643776615;
  -14.2046047812572, -3.495993767464758, 18.89967526928521;
  -17.85623542299438, -1.529017651577265, 23.58744783686991;
  -14.1130476980784, -3.020089109714845, 18.81686943528895;
  -14.54759819005648, -4.184361152342674, 19.44964870382135;
  -6.207220181024232, 1.566263936651789, 8.789756657922883;
  -14.72791621917288, -2.776043539595548, 19.69417179374567;
  -13.83212236916381, -3.2468401437818, 18.61622741238736;
  -18.09089907782163, -0.8940882577556987, 24.11830729391692;
  -14.04645440003521, -3.744203688998518, 18.91248158902228;
  -14.64166324970726, -4.757847063211727, 19.72922899334008;
  -17.08142115746427, -0.7452380435101867, 22.91845358157569;
  -33.6289039398227, 1.61970395076497, 44.3363781146459;
  -34.06560973312352, 2.319813070136864, 44.93500926626924;
  -14.27718686144976, -2.58727824437115, 19.33244780481028;
  -17.71473862941592, -1.354025648654578, 23.83842491013596;
  -18.13434309380831, -0.9977697617474038, 24.3880300680571;
  -34.03591720847603, 1.540003208517019, 45.0585138140947;
  -17.70685717320542, -1.132074856753853, 23.86452993637014;
  -14.38679476143853, -2.697777411350717, 19.55783218141882;
  -18.36299240062216, -1.543384407361716, 24.77016832444139;
  -14.36699477628164, -4.22840387680348, 19.67637843023917;
  -13.75651305449296, -2.893187322388947, 18.91483040300772;
  -16.27870677996364, -5.202027518134203, 22.2377008950798;
  -36.69103451815766, 2.145440507209935, 49.11828295607599;
  -14.29420264486514, -3.725444217092365, 19.64453086210331;
  -13.86330851056156, -3.433436593222087, 19.10498746644222;
  -14.44034948791062, -2.807342156192164, 19.86843620520951;
  -14.15384663995138, -2.636277514952425, 19.50757365499997;
  -17.6498166125403, -1.324617489865578, 24.17353696879636;
  -18.10467048031369, -0.9264586616571049, 24.78428813365072;
  -14.15639080883766, -4.000173139067857, 19.56244253806003;
  -17.94363650029627, -1.092145572750937, 24.60032057400396;
  -16.16583490635561, -5.343983667180033, 22.27666308291851;
  -35.53556427267883, 2.242068848313406, 48.0957402145438;
  -17.84470074286966, -0.8171479751074459, 24.56736309899678;
  -13.93139867925778, -3.082130588382038, 19.39290969364728;
  -17.632022157712, -0.7003649067872944, 24.3474095885318;
  -6.105768710116822, 1.674748173176932, 8.978245746274142;
  -13.67721290523219, -3.436122065935813, 19.10385473825701;
  -17.80085678837542, -1.80206774115678, 24.71070025518215;
  -30.11486414695034, 1.705420949585646, 41.37798077571873;
  -14.69080835016932, -3.688614128658864, 20.62415565455185;
  -18.04977971380278, -1.731002949361143, 25.1589813319428;
  -13.81121198077648, -3.933052100128933, 19.4532897705257;
  -13.95055172200079, -3.406743399092515, 19.64753723918446;
  -17.47300151381921, -1.051058257302746, 24.42239198497867;
  -14.12286754014491, -2.655547729991204, 19.90636153892221;
  -14.04373890266082, -2.837576109653665, 19.80052535143157;
  -14.09007931851473, -3.524324884248915, 19.93035316128488;
  -14.43612358052267, -3.243942899353133, 20.40600380217999;
  -14.27802912591761, -3.797533599119382, 20.23438466951441;
  -13.70886596418044, -3.766649233093196, 19.50956843737365;
  -17.41986692767759, -1.684980351575666, 24.61933921405924;
  -29.44487269977019, 0.7071910716686306, 41.25027152739514;
  -14.50958075433163, -2.750985204787583, 20.83321111350634;
  -15.18718501865416, -3.441396507540309, 21.78738546783049;
  -14.39052496081306, -2.360698516751788, 20.69557020299451;
  -5.149948421426241, 1.638786855281435, 7.944206566388674;
  -17.24922025746837, -0.9571928684245749, 24.66174031784387;
  -13.74726488797393, -3.86997061219008, 19.83725742666788;
  -10.55157392494524, 1.804353687773836, 15.49277216677324;
  -4.948807398989608, 1.648565554423276, 7.709896292942076;
  -14.46222152341393, -4.343297312436924, 20.93915303801913;
