m=[-11.87275657106213, 3.144383171461501, 14.20380316138068;
  -11.41012929214472, 3.354532742356922, 13.798799107493;
  -28.36398737371955, -0.8129177679245603, 33.77737365936804;
  -29.32659233797956, -1.820222565674442, 35.08425534070261;
  -16.18751602634641, 3.151006327648021, 19.78573318830559;
  -28.64505468357381, -2.078223501221939, 34.30022589512901;
  -29.09686375138853, -2.606749594153957, 34.84954317121242;
  -11.48738458383957, 3.15643276920959, 14.33525097112957;
  -28.68328498385379, -1.570989501742886, 34.4221731662311;
  -28.83597873438891, -1.906821700542766, 34.65355882978577;
  -28.25984080867284, -1.063529482067767, 34.00185952426973;
  -25.8855055505619, 3.48338175613494, 31.39402404106414;
  -29.18564871860991, -2.323492186254391, 35.32768697269589;
  -15.29327041836171, 3.172722591820025, 18.98788939557324;
  -28.02424385181419, -2.46484200384545, 34.05917463599182;
  -28.29387500455012, -1.125721442813733, 34.43825089539701;
  -28.08490549430777, -0.4145352090606175, 34.26003799508423;
  -28.63762471023398, -1.728054095656243, 34.93470593177789;
  -27.94674406448606, -0.2161830345690995, 34.19425439428926;
  -29.20977787728977, -4.286107550342443, 35.70412178687187;
  -28.76914819970648, -2.097261719765544, 35.20817160877216;
  -34.54500379344857, 3.0432704849877, 42.15535014401261;
  -29.3645432737096, -2.378254064330063, 35.98533102838287;
  -27.97275283724314, -0.3891586458020114, 34.40164210641378;
  -12.28315196915899, 3.07037564756857, 15.62906479001911;
  -29.34124328383459, -3.070360250117446, 36.0688828893865;
  -28.85783048722771, -3.80271430987304, 35.55965253091772;
  -28.81904542519185, -3.986412137530029, 35.52694484109257;
  -28.66768477574366, 3.380013367648105, 35.36718761683047;
  -27.9296932737301, -3.113825525102662, 34.51001431827921;
  -28.94854371512866, -2.752942520542126, 35.73788013488162;
  -29.07377923291192, -0.3905828111658318, 35.93323420811812;
  -29.98377626372843, -5.247401949831462, 37.06819901536492;
  -28.51232051004741, -7.086510979099297, 35.30389087684515;
  -38.0363296269338, 3.573973278288354, 46.90513970474383;
  -28.18535265192506, -0.1089697829787062, 35.02203364269736;
  -28.90558227417758, -3.625722518709643, 35.91787481116683;
  -40.2018573458256, 1.9098331071484, 49.67387874396314;
  -29.84895769958166, -7.498479034208558, 37.13670701190075;
  -28.9106400529317, -7.792133664919252, 36.03119052572006;
  -27.88003965987861, -2.037282289000368, 34.81095733221671;
  -27.80069661539838, 0.8503003734697584, 34.75010078343799;
  -11.53257235553106, 3.142583143605504, 14.95975983802801;
  -29.68877751845472, -6.555167810538802, 37.05928571674958;
  -45.6273249426126, 2.750106480486728, 56.60437979976737;
  -27.75550864327676, -3.058663972716809, 34.83345400874338;
  -27.32606355936482, -8.211266463342282, 34.3389409965927;
  -26.44845876251127, -2.638148794747401, 33.31107622591303;
  -28.30019149619392, -3.5231025280664, 35.65501167670171;
  -28.01131363392731, -7.737467392498427, 35.30688751680378;
  -28.73380583929966, -7.367488150728712, 36.21683574822971;
  -27.74865270622858, -1.901301963445799, 35.02337361708208;
  -29.60838394536571, -0.2096057787813953, 37.35262589476592;
  -45.69515963938252, 3.49973626964094, 57.15125820920498;
  -30.48124587863171, -8.606552322887612, 38.42970769648174;
  -29.4600078826201, -4.533717015497301, 37.1854538991016;
  -28.12687900104022, -1.784824499047434, 35.56288312146807;
  -28.02115739942117, -6.461688039524359, 35.43132135884016;
  -25.59124677803318, -2.681289184886825, 32.44350145048075;
  -28.41523985655762, -4.535716844705389, 35.97707280512485;
  -44.5468665998221, 2.796255045566614, 55.98300549630953;
  -32.88228422700902, 0.198214852850413, 41.57653439654256;
  -46.86371685551207, 2.945666926716948, 58.81925957741209;
  -45.8419044308841, 3.253573276720709, 57.66050538079939;
  -28.22687471991137, -4.084619470933794, 35.90308020919198;
  -27.40942646831958, -2.695778584929767, 34.95945818476052;
  -27.88502990153495, -5.532756171794082, 35.55355037190864;
  -28.02536891271793, -6.622783040192069, 35.78872520741982;
  -28.16735140255586, -3.301512036539656, 35.97268857269424;
  -35.5249088529938, 3.577700171393893, 45.1868859103427;
  -27.7330111255308, -0.463249973027886, 35.5051204054138;
  -30.27762098538832, -7.742698075769368, 38.69281014093392;
  -27.87804374390072, -5.747114072054904, 35.70382934745443;
  -28.4333922066196, -5.26126389586514, 36.40549947467525;
  -27.50147503520958, -4.895343078179146, 35.25048763496895;
  -28.86903817215755, -7.023530687388425, 36.95823247857707;
  -29.66638785550815, -8.776289565157185, 37.95452108404948;
  -27.94363081301125, -3.562358529463023, 35.82247778708896;
  -27.70409322947407, -6.095616974929525, 35.56219001837112;
  -29.2482784962553, -7.280618855576673, 37.50833933262399;
  -22.76828784220056, -7.401846904856646, 29.37667321164501;
  -27.67933646515307, -1.195414576239062, 35.59193195957815;
  -27.78119783493721, -7.305694569173016, 35.75171251394321;
  -28.34322579728388, 0.07193712917347989, 36.47644335121191;
  -27.919598542345, -8.491823246171069, 35.94561380494368;
  -53.97423505814631, 3.706734132512336, 68.7269506010542;
  -28.90615771384521, -7.884585132948081, 37.24887322242398;
  -28.18280314008631, -0.4446201994923951, 36.36383680922855;
  -30.48599400300508, -2.745398642892622, 39.2608319143575;
  -28.1241058777276, -4.078643983524805, 36.32381131505693;
  -27.73413700941942, -1.482813822494715, 35.86740914780909;
  -27.8880744870063, -6.365135696353947, 36.06384457362501;
  -34.88375723696855, 0.6867310336738811, 44.96163624858625;
  -28.57772626791651, -7.945198071552088, 37.0334091171009;
  -13.86589303412255, 3.085529013130674, 18.45246820755952;
  -27.79025994410327, -0.2471501292227119, 36.08198728212244;
  -28.50808804644102, -6.829583471249662, 37.00090203090434;
  -11.10435345901933, 3.144180124235014, 14.97970110190395;
  -28.12351515717946, -6.872143516395874, 36.56633227856327;
  -27.67556497788856, -5.713245095069241, 35.99921016078647;
  -27.377235151752, -8.732948008885128, 35.65241860004245;
  -27.842401050178, -8.291342492871584, 36.2180357501292;
  -27.78430774883095, -5.881613287060826, 36.18620781729726;
  -35.98557900266888, 3.567369702857635, 46.61661355395402;
  -29.66259371359238, -7.925159176800771, 38.59255488153916;
  -27.77242047036104, -6.023441577457445, 36.20358834019779;
  -25.40220397784659, -0.3096191290497898, 33.22071228615926;
  -27.03983975228793, -0.7376103988553668, 35.48571172007922;
  -28.84045142199586, -1.206451422349411, 37.78836905451017;
  -12.72177315277122, 3.197276402513392, 17.18897215406204;
  -26.58416219326522, -4.261815365116485, 35.02168153780809;
  -25.22242889771084, 0.006563440277239048, 33.2805826716338;
  -25.76914212201832, -6.5641461913217, 34.01376764647696;
  -28.52598527643116, -7.479486548978816, 37.68333096771561;
  -27.3474669373786, -9.007930054751284, 36.19320726108566;
  -27.37848844486913, -5.110822239286322, 36.2492618438528;
  -32.62154374827648, -2.793361256235627, 43.09189161617849;
  -25.02970474534119, -0.1451605686785981, 33.34919196471257;
  -30.02159301359691, -4.285769845878812, 39.83748665328825;
  -27.68645354747147, -6.814105040984895, 36.83770083457739;
  -26.69694194211853, -5.712950550933069, 35.5949247528394;
  -57.17881157768287, 2.753962697628945, 75.384598165634;
  -58.43127903374771, 3.97907584420839, 77.07509377906182;
  -12.27563548761883, 3.176546002407419, 16.92418327312977;
  -27.94006055745066, -5.266381438634719, 37.3614531993171;
  -28.46067011974079, -8.186211968659064, 38.05095717330604;
  -32.26138403721479, -1.594421842858134, 43.0100223648091;
  -13.43835728064962, 3.220175060862515, 18.47553047246086;
  -30.08843527483578, -8.829239478714372, 40.27469489096055;
  -59.03952070923742, 2.6713266096114, 78.15958192518524;
  -26.71997985190716, -6.986738806492817, 35.93864801932293;
  -26.74058538380604, -6.276867987079191, 35.98933015189836;
