m=[-16.37010253134175, 1.559154041584384, 19.81481580774451;
  -21.67929617343351, -3.516463887783154, 25.96297603610313;
  -16.64344174478647, 0.5258441925855899, 20.29580452614352;
  -17.40238266377425, 0.7480716383855343, 21.23840014960842;
  -20.85441343769982, -2.254607935728231, 25.35804053317037;
  -17.27397372286503, 0.2817133214689415, 21.2752906943608;
  -17.12406019609624, 0.5158717927946815, 21.16371955506068;
  -16.45150318921115, 0.7454731994668038, 20.67988709393831;
  -16.7196028728323, 0.4786005251488133, 21.29440429325206;
  -17.20708952159035, 1.564255054628772, 22.00867478760013;
  -4.969001679563184, 1.558573304106063, 6.975426636850312;
  -16.65766027283577, 0.7380904995527349, 21.40822804959048;
  -17.61585117320875, -3.566571618048338, 23.0777731579438;
  -17.40657311028984, -3.16123229392766, 22.93419095149138;
  -18.25832116244974, 0.6280185612862608, 24.06132391245168;
  -18.55118001347818, 0.6544964107681228, 24.46792943051194;
  -17.66749654784316, 0.5851566525747628, 23.67995889855759;
  -16.44582219134129, 0.5963980880594075, 22.80796347224966;
  -15.91692354936014, 0.3786657187058125, 22.5723075816724;
  -15.69952480254907, 0.6247774150922568, 22.29905172428387;
  -15.27088834433874, 0.4886526384214213, 21.84609351392932;
  -15.1153742087962, 0.06040708662991636, 22.96713811792114;
  -14.47106292914751, 0.9310215065479022, 22.47864862647035;
  -14.12569112043149, 0.7508063214569127, 21.99657567027766;
  -6.568134305132744, 1.473456443513798, 10.71029527565946;
  -13.77070919961695, 0.791765395966296, 21.73121028391966;
  -15.66420894420145, 0.05628926578823956, 25.00674877182251;
  -13.41365811099732, 0.9955961095297176, 21.66275236277702;
  -1.998748748796492, -0.6919726714954919, 3.92368653516436;
  -14.93398114174323, 0.1462107251044145, 24.04450619405732;
  -15.93122078146949, -1.940507182446219, 25.63393788515774;
  -14.78515532442628, 0.03754854204071348, 23.90792555150538;
  -5.725207425133672, 1.485728852877663, 9.834603799233967;
  -13.34984447918027, 0.2974930362071332, 21.90350851610723;
  -15.20627686525109, -1.047162878257456, 24.91854377850963;
  -13.99128072290242, 0.6772451230240077, 23.03780835513064;
  -13.33093868376255, 0.7802413642348279, 22.0717061017182;
  -15.33559039817946, -1.207342057415721, 25.3125759924831;
  -15.89092577252518, -0.8276595356043535, 26.274797216148;
  -14.1846591382452, -0.05763594392241468, 23.61219146101834;
  -15.36385955616312, -0.9767460477804268, 25.51828119156427;
  -13.3430616554589, 1.231814252621507, 22.44007339314474;
  -12.99585260395891, 0.9858544609253797, 21.99584669778349;
  -13.40465842594118, 0.7306202141139343, 22.66521464977154;
  -13.44723229883525, 0.5838711008276238, 22.76057265657968;
  -14.33551202401715, -0.5608150663167452, 24.24602470150981;
  -13.93022010783298, -0.2866174314415683, 23.67287568643542;
  -15.62753928182614, -0.9900910433648957, 26.46605969158725;
  -10.13086888495464, 1.47377472145414, 22.8119555878002;
  -9.438416175987912, 0.2721723563678031, 21.50172842897995;
  -6.443588492554698, 1.484317084420598, 14.99772548724461;
  -10.07221405648149, 0.4322720780424181, 23.22049699265273;
  -8.79873184804136, 0.7324702592056853, 20.5894904401544;
  -9.940165501457411, 0.2780042002396965, 23.21223866379658;
  -5.785402857797847, 1.465426710058677, 13.84823658333746;
  -10.0067614240526, 0.7465607639776734, 23.62007237598534;
  -10.20346669427119, 0.4789695434607846, 24.26289342959559;
  -13.42090910715116, -0.9410866414194257, 31.75907907011434;
  -12.08618812070842, -1.91339399925554, 28.77877666866305;
  -11.74829999721573, -0.7024445525703784, 28.02612566134085;
  -9.509214023032635, 0.2485696125401717, 22.89485123827955;
  -9.905282251381683, 0.1283159741147311, 23.89664773445049;
  -9.461828210750582, 0.3316899332740405, 22.90741907330351;
  -9.425180382367907, 0.6499439391455123, 22.94931062446834;
  -9.937643676407669, 0.2108162752763708, 24.22503245800106;
  -9.749400869918796, 0.3231179539186245, 23.91867221160563;
  -9.349938330918585, 0.1837227642866353, 23.20849681777427;
  -9.093472787904574, 0.8663258214050396, 22.67737860386106;
  -8.464936488553448, 0.6646620897237754, 21.38399450564742;
  -10.86395747587562, -0.666019904510336, 27.27089575289916;
  -11.78163586129283, -4.586932656857388, 29.47530443801808;
  -11.5809617699318, -1.724875014579777, 29.07437610633554;
  -8.562110556062653, 1.285825983489737, 21.71341680540947;
  -9.081827028047966, 0.2806980229265493, 23.02035345671387;
  -11.5735317826163, -0.829296488796091, 29.30852938040471;
  -11.72598377490664, -4.764364711640627, 29.70628696498543;
  -11.57157690424583, -1.030775923853108, 29.49019810703358;
  -11.66507516065991, -3.634613455974796, 29.71200393068791;
  -4.050237041458788, 0.8484991462623638, 10.77955546430315;
  -12.08373561025972, -0.7713692359021067, 30.91539678066183;
  -8.766347512024121, 1.151024433762972, 22.78106168192669;
  -8.726155488114202, 0.5820026518471692, 22.73199565819309;
  -8.869891814794807, 0.811067420263491, 23.14515732133143;
  -8.787923081436714, 0.6740840942738523, 23.23945662166552;
  -3.80767682059719, 0.9291245621766071, 10.44043691286471;
  -7.412499003329279, 1.157334620177811, 19.78956864694839;
  -8.814165149710911, 0.5175315879771557, 24.29689911442922;
  -8.963996758271792, 0.00804498365595111, 26.38220845582244;
  -13.74261527522437, -4.764762299221905, 40.96935881039659;
  -10.39181655569517, -5.385882726680072, 31.04801105350852;
  -14.19448820800006, -6.352635378420295, 42.24753042917244;
  -10.8496540421616, -0.2330721266438879, 32.57354494355999;
  -11.28165547680098, -3.335274545029284, 33.91667019909997;
  -17.04973815985168, -6.73467394496863, 52.24930019342906;
  -5.51461201969494, 0.05351817714397115, 17.62155479790608;
  -16.60462730087617, -8.43735287236168, 51.92691312902857;
  -16.00817056750571, -8.458493093906633, 50.33158343724922;
  -14.31698450922433, -1.711028598986339, 45.15851740099228;
  -13.94107574860303, -2.008292369513062, 44.09826239967421;
  -15.22715900598053, -8.589865128839037, 48.23589023846365;
  -10.60586149728459, -0.5802821610072337, 33.94407648696865;
  -17.40961508091568, -9.296909104558312, 56.02760961105549;
  -11.32837127068376, -1.410997796959616, 36.95251946795966;
  -2.976650974364653, 0.5681309890416499, 10.13978118152135;
  -15.45722828517449, -7.52221611207048, 50.25405518131608;
  -3.016351915067295, 0.653836551497334, 10.28538278209475;
  -18.3488988069446, -10.27025696632433, 60.13209741957121;
  -15.71826963105056, -7.299302004510231, 51.67157003419466;
  -14.23367109846971, -2.154420651160083, 46.88002412292505;
  -14.85257754086322, -5.272626631277302, 49.03386280292669;
  -4.045538071771181, 1.250495259876682, 13.67412891917658;
  -17.23559369011578, -8.491721709486829, 57.23348291028928;
  -17.07839813949141, -9.029395205439089, 56.64257993402629;
  -15.22473698306821, -0.8184654231457017, 50.33159419236978;
  -19.81662943610105, -11.45924775037487, 66.20372706661101;
  -14.49873921512765, -5.493257456312424, 48.73605427087778;
  -14.32935130685736, -5.241425171751794, 48.37302219736066;
  -16.35787855663224, -7.643687473521619, 55.38575402486541;
  -17.26449145023148, -10.59364569108965, 58.81818439882907;
  -16.57055956822036, -9.812978554683884, 56.41805127751484;
  -14.590233624761, -6.704810090425733, 50.54219775142186;
  -24.01371064935909, -16.45732593078033, 83.59791445670508;
  -14.2764612760871, -9.20754512919248, 49.89470463531389;
  -16.14125030701027, -10.31048914631225, 56.53392742710201;
  -14.26324329054236, -6.050560008466545, 50.08101542584539;
  -13.80623625301874, -6.130243258066819, 48.84529147535681;
  -13.00771855475123, -8.026968274963666, 46.30258782948302;
  -13.39577326013442, -9.063725117017958, 47.77632287815376;
  -15.59481248950173, -2.432706609289372, 55.6348457221537;
  -13.10064589703872, -4.970559381008532, 46.87092309290301;
  -14.08046921307288, -9.114557597391324, 50.66223511121329;
