m=[-9.857451341381081, 2.863062068416745, 11.94257080556642;
  -12.82206911245545, 2.917597195773496, 15.55670154219651;
  -9.793464642174477, 2.898730353063637, 12.17904140540746;
  -17.55167299037313, 3.10991780276907, 21.18881684460944;
  -28.71799089770461, -1.312291247093397, 34.16672314911375;
  -29.81199766139295, -4.199577820089909, 35.59540766168439;
  -14.57663923671731, 2.871971141919417, 17.83007103555046;
  -30.52773884125319, -6.683227499189044, 36.48104967802802;
  -29.43617234398048, -1.62747536676067, 35.19276469755624;
  -28.07730416686347, -0.7764394355253932, 33.61051853801948;
  -32.56732599534153, -8.669526973557373, 38.94824523644991;
  -30.25091214023573, -5.872645488222974, 36.24178809683281;
  -11.71603723504839, 2.915742077866354, 14.54442870914311;
  -31.50597620414364, -7.227503805597284, 37.75520232652227;
  -30.5605432135055, -3.53252484289183, 36.64373359210909;
  -31.24095987880829, -0.4187221274096781, 37.43568325646838;
  -32.15549425528702, -7.52294361889952, 38.58211317517012;
  -30.81717863545435, -8.179925110463476, 37.01969910165188;
  -30.85385789496181, -6.120525900522549, 37.06574107207607;
  -29.76247161008801, -7.614373849987651, 35.80042724533532;
  -30.66392655796215, -0.2605086961003074, 36.83327871791137;
  -32.56401631432654, -0.1415282077421197, 39.08281380698814;
  -30.00001919984758, -6.099564811494341, 36.10721247410513;
  -9.60379408451945, 2.932467109899786, 12.13477488173639;
  -28.35151415869386, -0.281715677093497, 34.29925936139734;
  -33.39638198418609, -7.634790513509204, 40.3150421404171;
  -30.15960004162584, -1.317337885940908, 36.48796913272383;
  -29.70138929257489, 3.110062456672106, 35.95169144158686;
  -30.15978631781435, -7.711635145306818, 36.57009652462828;
  -30.16216072971233, -3.694573215127846, 36.63988972344038;
  -12.2542731235958, 2.834163611523521, 15.38319515807471;
  -29.05200635151972, -4.541983292729603, 35.36971520132983;
  -38.89284866588407, -3.093215210167395, 47.08801014081564;
  -71.32333082022441, 2.842154276175806, 85.62465535861337;
  -30.8423789177298, -7.525034416837054, 37.57967355558039;
  -29.88885288881597, -9.062122850271781, 36.47614839125645;
  -37.47689858091226, -3.189414150177615, 45.49459679540217;
  -69.42536161380558, 2.566878288005084, 83.69749758173606;
  -30.17207219385441, -5.423604809062576, 36.88013787983215;
  -31.42643821736117, -8.47672194944697, 38.54227592675221;
  -14.09564088751119, 2.844891072081004, 17.74023855316882;
  -30.19438722137552, -8.27739671872645, 37.26017625872912;
  -29.72221876406933, -5.388692216564557, 36.68682090358747;
  -69.97655166042851, 3.411119233332474, 85.23401319783281;
  -38.06942952117833, -1.769441649134088, 46.88425994047811;
  -38.06181183558137, -2.158188841173943, 46.98476295848905;
  -38.23578899053188, -2.918924609336024, 47.22753311234695;
  -28.73567729763481, -6.440830492196985, 35.71758331819496;
  -29.98774244502906, -7.621683593251077, 37.25650339465701;
  -31.45299006530493, -9.719050799732308, 39.07225732616446;
  -37.79951318298644, -2.448200557771449, 46.76517683995786;
  -37.69576944562676, -3.143024652330085, 46.68001379511001;
  -37.85210114430512, -3.995431432077289, 46.91143954125447;
  -29.25849647282371, -8.219159245001229, 36.47451967098127;
  -12.9239131883911, 2.944703349359048, 16.56131382494792;
  -29.86714996351164, -5.208050247923773, 37.30255921813678;
  -12.12928156875526, 2.900745309067068, 15.62889761209555;
  -63.87279829780491, 2.714183910653448, 78.75731465177059;
  -32.03889188286483, -5.777734657264996, 40.10532750643368;
  -9.054916315498025, 2.906258842898609, 11.94731473894109;
  -65.76711320731555, 2.9121166512886, 81.65092349024884;
  -29.95616149517526, -7.158856703677467, 37.68554779278117;
  -38.65426476469837, -3.411463310009872, 48.36499659398442;
  -33.44765898178621, -10.32970833238803, 42.06449884744242;
  -30.32121583390559, -7.905549417158219, 38.21821094475141;
  -29.40723125440546, -8.238892224930092, 37.15176797737126;
  -39.02664927459915, -2.938612362903994, 49.00405410977395;
  -37.76348274328809, -2.352194373320653, 47.48641444680309;
  -29.19060181178018, -5.493955717354569, 36.97771256408406;
  -66.99042241159181, 3.223420320119396, 83.7564424827647;
  -13.36520902385063, 2.902410377824395, 17.37584301076051;
  -29.3812992651077, -5.918304570017079, 37.24911663585522;
  -29.13258998937863, -5.424974388185499, 36.96124583152367;
  -29.13182670009114, -8.010091762499432, 36.97886494585539;
  -35.8432879948734, -1.722047362820908, 45.29345635502647;
  -38.46548830795976, -3.736530073949361, 48.56042002060263;
  -36.09435059970285, -11.1418065872643, 45.65257782996676;
  -30.31953718707501, -9.509702010051328, 38.50375667834788;
  -28.72043612828016, -6.787198951105527, 36.51231702753988;
  -29.85689876739926, -5.339864626497885, 37.92136161860141;
  -12.6046832741708, 2.953311737988489, 16.47341568260278;
  -29.44378241307981, -7.915990017233193, 37.51151304193107;
  -11.08466691272372, 2.911308718335309, 14.64053400179517;
  -31.7730086450781, -10.15834442132077, 40.53411036884253;
  -32.85956069649318, -5.441310858864219, 41.92176634321162;
  -36.91896885937432, -1.338363080125979, 47.02756804690468;
  -29.48841945929375, -5.881106204619222, 37.74733923966128;
  -29.84091334121663, -7.535635632112965, 38.22337606249459;
  -28.77383686225995, -4.171950817087496, 36.9032513786279;
  -29.02342487464056, -5.508936810734942, 37.22102088139378;
  -28.83533906989583, -6.09419686091108, 37.00217028068027;
  -29.8882817851616, -4.832483114288804, 38.35599967216662;
  -36.0124860341205, -3.418907604118083, 46.0478799768004;
  -37.03727029540556, -2.271200617164265, 47.45559473066271;
  -53.20547640101129, 0.9188368572571148, 67.94456009481026;
  -35.67637851878902, -10.92513939500191, 45.90838462569433;
  -32.42065916392584, -10.36435936318188, 41.83586715906421;
  -33.85718757340027, -4.317748135464434, 43.6777845006244;
  -20.40476822003767, 3.137981632301664, 26.66088774548352;
  -29.85761211499745, -4.153242584917398, 38.69388525558424;
  -28.9017699864718, -6.731077830299716, 37.50086641369091;
  -28.33881938498275, -7.682581094396758, 36.79649552285647;
  -28.4441314116761, -5.128425735103754, 36.94188358093921;
  -28.89641995478104, -5.585784837850874, 37.52743686333609;
  -31.30176680759423, -9.932429904900483, 40.69405959018937;
  -30.18083571335695, -6.478323916639806, 39.25726095873186;
  -28.47922480962699, -7.464589730210317, 37.10551087344464;
  -9.479107126497821, 2.888943404424093, 12.88276160177302;
  -30.37697970497213, -7.248830931069189, 39.5364692036195;
  -12.66204004400902, 2.887806180857948, 16.9552189865945;
  -36.58620800146616, -2.423251374740858, 47.47966339937319;
  -29.17233866925728, -7.388905957852924, 38.07096898971021;
  -13.65873029923912, 2.961534927969134, 18.24763424036604;
  -28.80769937820483, -6.625902804951286, 37.80679770660194;
  -29.49700173748264, -6.051349227557224, 38.69993048835286;
  -34.96254786697389, -1.984993897508452, 45.81801947167185;
  -46.12009762026502, 3.681423279861156, 60.19736154079685;
  -29.14686395418825, -7.141897647688166, 38.43083086085037;
  -38.11139099483999, -3.023054732793252, 50.06154018477305;
  -61.91356965044426, 2.327355919837015, 80.83064709884422;
  -29.74698551049455, -4.702468786577865, 39.33468814704172;
  -37.34675852959313, -4.309508240183261, 49.20213152480309;
  -57.49441947318978, 4.493198818548084, 75.3100511406255;
  -29.88574970829551, -4.774122589188273, 39.59587876161459;
  -33.60894823977419, -7.428672372031416, 44.45441122727038;
  -40.75593597821829, -3.971295612901784, 53.73603039915652;
  -37.70405602621541, -4.023887569028484, 49.82796776908321;
  -30.9704180395514, -9.792373062077246, 41.14033234479988;
  -33.04243815453342, -9.411721282817876, 43.89623711548709;
  -29.40262267302724, -7.676281140779384, 39.27557653719537;
  -28.39299597500098, -6.751569433027522, 37.97217664548102;
  -30.93575063026817, -9.611594489626826, 41.32294198962784;
