m=[-22.1153098256499, -0.2180350725631369, 26.99166210938247;
  -15.83114730805655, 1.305534557327963, 19.78564091689888;
  -15.42733465767072, 0.8541094302783887, 19.42001637860327;
  -20.91879113108938, -0.3676252397336055, 26.94886559246362;
  -21.44838051859242, -0.7066831721543151, 27.70379908302023;
  -21.03215036397027, -0.7037503239531819, 27.36599839931253;
  -15.09181602640796, 1.67225347995039, 19.99805220232486;
  -17.42708868727295, 1.168351228156334, 22.98605603778569;
  -20.20433337060453, -3.350402447954104, 26.66936482335055;
  -17.26110468325596, 1.196063458222211, 22.96687269838089;
  -14.9076188191758, 1.714133452143469, 19.9486999423907;
  -16.20561050907019, 0.6937361296125771, 21.65657589768628;
  -16.66364949392824, 0.9149611398918943, 22.30599602958548;
  -19.85919529404273, -4.263504787084602, 26.49712577266697;
  -15.94609355932515, 0.4214714125406921, 21.55449849944105;
  -19.94797011202302, -3.654156643984325, 26.78412477044951;
  -15.77003549533815, 0.6516531640324514, 21.39277295282183;
  -15.80197362202734, 0.7056828567708727, 21.51385935155935;
  -15.85770087649909, 1.506318501376958, 21.76440124353188;
  -19.49020948044242, -4.060553732388589, 26.59055889317953;
  -14.86965632871191, 0.4818571458966599, 20.55340898649311;
  -18.43823832868423, -3.484481122953933, 25.31994178141596;
  -15.76699920365145, 0.6828847011785771, 21.84302444131484;
  -18.40288554288674, -3.534479563458737, 25.74709724303876;
  -15.9506119463895, 1.708916163072854, 22.42582946305657;
  -17.981593098751, -3.639532987796768, 25.35607695357374;
  -16.3645698485278, 0.7589027722186884, 23.16348397175655;
  -18.56258447667816, -1.822269905965216, 26.29488729402337;
  -18.1738484790693, 0.7898871146056258, 26.11358648245545;
  -16.78046165649797, -3.454569053989809, 24.18357855853022;
  -16.14118200728134, 0.761390641371907, 23.47631343173222;
  -16.52507596550287, -3.106443342655338, 24.01449899715502;
  -16.57606642469167, 0.767685311843029, 24.50044629997501;
  -15.85815678220006, 0.598429547700832, 23.55358664561108;
  -14.67246784066803, 0.5259568471321695, 22.98548113262405;
  -14.40514332326475, 0.7673963540892582, 22.60134330647552;
  -14.38410238900921, 0.4614279318552741, 22.8351239783074;
  -13.39085194019463, 0.9285858969899031, 22.14595299962018;
  -13.37905302017518, 0.1943992123371391, 22.55852166395942;
  -5.805425798143857, 1.506910742993591, 10.30073315448844;
  -12.86200610425789, 1.052886680611769, 22.17755174809072;
  -12.77429541510027, 0.8828768064400339, 22.07205977767368;
  -12.21589515818408, 0.6141372366778699, 21.24577943815325;
  -13.3674285914848, 0.2880673733050595, 23.27198358624795;
  -12.10069174829219, 0.8980587903798352, 21.21091848328797;
  -13.63202594196651, 0.1755502782119955, 23.86815630613147;
  -12.33107503831179, 0.5555008210427562, 21.71126306471325;
  -12.18788603042731, 0.9612441426616101, 21.72471396961558;
  -5.069458322244366, 1.5253674237058, 9.478111426160503;
  -11.9528584005172, 1.11257846005512, 21.44333338416255;
  -14.14315604005672, 0.3060552057007787, 25.36409736587728;
  -13.21422788752393, 0.1780486685570892, 23.81903970633052;
  -12.03465290083833, 1.008630524827093, 21.78573419310527;
  -14.03085584335506, -0.5258821803774201, 25.45551395249081;
  -13.88024635804928, -4.697044109190938, 25.20542071556184;
  -11.95312722260459, 0.4893198279217177, 21.83890758533274;
  -13.55668041729018, -1.041001172386185, 24.67387160907865;
  -11.9345467028501, 0.4293208989232047, 21.81168584569667;
  -13.79010558486863, -1.728348396036511, 25.11560284307014;
  -13.47683289158207, 0.8714955294948069, 24.68967592102231;
  -12.03869506085876, 0.9153684625647917, 22.20041073283591;
  -14.33534704869289, -1.086787930744565, 26.42696897508766;
  -13.66151616796651, -0.6229759764513979, 25.24444416601099;
  -4.974243471319556, 1.488031595952662, 9.711666806949538;
  -13.49669361602583, -0.6584159707221606, 25.13942030765266;
  -13.34558382773648, -0.5528888160389014, 24.92759312725223;
  -11.75367503142592, 1.339767027279377, 22.06388579574056;
  -12.16171973663098, 0.5182558705187403, 22.82712285028861;
  -11.68270554575968, 1.116694026693549, 22.06565450503565;
  -11.94615581768222, 0.7130570493019419, 22.57862445890226;
  -11.36240860889014, 1.445143706043577, 21.52361185594236;
  -12.51839666125993, -0.3945171484774803, 23.69343336269294;
  -11.61585894814509, -1.498517418453008, 22.11681886381516;
  -12.43071207896106, -0.9830595379381284, 23.62351757586357;
  -13.75921384954785, -0.7948453078554763, 26.10040794014537;
  -11.32385318624516, 0.85864185240878, 21.64297348385701;
  -12.07424402114493, 0.1071774856190571, 23.04670268783702;
  -12.54271779003712, -0.2825230024447181, 24.02205940570249;
  -12.04503101404542, -3.299919812219911, 23.91467066217793;
  -3.580858097872734, 1.502928163665005, 9.130826160595326;
  -11.19132236160582, -0.01463015611549469, 27.97696557837919;
  -11.60424750031898, -0.5969895196941732, 29.08251674274603;
  -8.524971249869115, 1.555449388975294, 22.01817712227603;
  -9.550641873839183, 0.4869400477026056, 24.76408189824036;
  -5.267378956830788, 1.493421837316892, 13.98346516917343;
  -7.80434475361956, 0.8940813008383485, 21.08218131817899;
  -11.79289421454074, -6.791211613660152, 31.7496645507667;
  -7.894995796126973, 0.5716243714801961, 21.55408982229625;
  -8.447090750648806, 0.8729207260104789, 23.03251780959974;
  -8.275123779058303, 0.5920925386183273, 22.69358000425985;
  -10.73351491163741, -0.5635553776424181, 29.70418257669471;
  -8.329964520373995, 0.2682650760946184, 23.2788831381358;
  -8.126938339744813, 1.380969938851362, 22.75076853579701;
  -9.063458655515966, 0.3866469419912923, 25.60551711810363;
  -7.419434393835726, 0.3053715217803051, 21.44069504484141;
  -7.574242729332019, 0.9719893364363264, 21.9517971449626;
  -9.602541957286219, -0.3411911534484847, 27.83763242348051;
  -7.209728788470245, 0.7816691062037392, 21.21869507542518;
  -9.966729766851966, -4.351285141066321, 29.17850560134928;
  -8.058772462239784, 0.2985823491201149, 23.687631915228;
  -8.947341775542457, -0.4837779846365282, 26.25676484222176;
  -7.26497764489375, 1.40082404360608, 21.45621574235036;
  -9.740267643606742, -1.513800990379236, 28.59732103471126;
  -9.191466591362531, -1.184611706163335, 27.02025761794316;
  -7.563473336005711, 0.4116911322888176, 22.3603936933943;
  -10.14472020068166, -3.510981165891947, 29.84149298623755;
  -7.484245328836411, 0.6877268297436878, 22.24938326589261;
  -10.26293389653697, -4.684780194969134, 30.47510397077939;
  -10.04771574681451, -1.721652092925791, 29.92585093201806;
  -10.21598440041399, -3.53835895086509, 30.5220669477886;
  -7.19462172173919, 0.4444804795672196, 21.68973250224134;
  -7.082002053924926, 0.5297314180951795, 21.41316915053845;
  -10.74922445088452, -0.6178910581814752, 32.27567747161821;
  -7.276900755190201, 1.252735338494318, 22.12349764813489;
  -3.067354216626455, 0.9559613614226029, 9.720672696401252;
  -7.044271823516014, 0.7645368483929966, 21.85797720186181;
  -6.550748757178099, 1.331396188855884, 20.4979563985999;
  -7.006862395752686, 1.241207421000257, 21.99419861874672;
  -6.576573162750631, 0.5854105051890145, 21.44163902315293;
  -12.25252329585168, -6.753205651991591, 43.99902034967744;
  -7.717394559674063, -0.1615474719667708, 27.80320440486891;
  -8.992587873201531, -5.412370129446511, 32.38120589891696;
  -11.08199203742917, -4.355593728754441, 39.82592515777856;
  -13.86872954077995, -7.149031748001124, 49.84580149518168;
  -9.917817625353523, -0.04010948789431919, 35.86115536506215;
  -9.32314936147171, -3.108600969263275, 33.8279211495767;
  -7.96835515530698, -0.5407179680027594, 29.05416840876045;
  -10.00957845898917, -0.4680925745235804, 37.4229302216405;
  -17.2203354101493, -0.4591357954979592, 64.22915059222656;
  -4.593696290821143, 0.1692385521343001, 17.71920942209538;
  -16.81599444733107, -9.983403366944776, 64.22957261410087;
