m=[-13.25015679010368, -3.882259182908912, 15.88814379643211;
  -13.2598449163649, -3.586254918984993, 15.90429373555168;
  -13.12492642031862, -3.570538485466939, 15.8344209739296;
  -14.74933106912598, 3.27133656652307, 17.64955024888552;
  -15.89334204013783, 3.341082094016536, 19.01959250076478;
  -13.16069415328859, -3.793272561176755, 15.98316100160688;
  -15.87669601804593, 3.403339240435839, 19.05028786501808;
  -13.23535387679748, -3.868810639877797, 16.1470352512993;
  -14.96626446425021, 3.443727683799905, 18.09152563696731;
  -13.32200633223328, -3.799338056458432, 16.30533470447292;
  -15.03763211049419, 3.298011683576445, 18.24699786356745;
  -12.71273247226361, 3.23208343796367, 15.58394457502845;
  -13.2571954483447, 3.25270995447886, 16.23475717769401;
  -13.17473998621434, -3.713658340467939, 16.26542006994403;
  -13.06849004613351, -3.55522141609388, 16.16992729592374;
  -13.03861702126487, -3.745181315544908, 16.14780485304919;
  -12.16663903503327, 3.255819574898637, 15.15068495911198;
  -10.56031122346399, 3.118407598593919, 13.27745520036077;
  -12.68491509358867, 3.249792587881862, 15.79183293406866;
  -13.11844378860075, -3.658309842948394, 16.38377970724643;
  -13.09207079833466, -3.86744806182061, 16.35199894017832;
  -80.33641884084159, 2.035680240331252, 95.85595238615618;
  -69.04737719341975, -11.67940415002857, 82.72728260140555;
  -11.49375390220178, 3.197339213713963, 14.51928201315572;
  -12.33480218070734, 3.295381374053705, 15.54183506431254;
  -13.20697945431568, 3.358294202846055, 16.61487861683721;
  -11.74208441237861, 3.199213315669471, 15.02559051957541;
  -13.48747477587562, 3.268198245031602, 17.12017347632343;
  -12.53778534216402, -3.742706171067845, 16.08226448093419;
  -10.17942828388183, 3.155801663316994, 13.16051470997139;
  -17.37751912675104, 3.318165876694207, 21.86714142883814;
  -86.09776711579117, -15.83827396526263, 105.7750974847793;
  -12.96500065628321, 3.325583257202893, 16.66042237576531;
  -12.40403360665981, 3.399009415355849, 16.07234646795427;
  -10.44661513577158, 3.214154768178479, 13.71953264537871;
  -59.83102079004048, -10.33039648167506, 75.04004627337959;
  -11.45423486200654, 3.401783005523924, 15.126957709453;
  -11.85698505586394, 3.364287988277098, 15.65601823000651;
  -57.4334566665074, -10.03327836404895, 72.73832184112597;
  -10.39929330911432, 3.235291234101037, 13.92308087374486;
  -60.29605780616625, -8.979884308261577, 76.95153276436557;
  -86.22967024924911, -18.94858164891488, 109.6532049217335;
  -11.17150997494984, 3.272805050483919, 14.9895042371829;
  -60.39120200825084, -6.523980564731792, 77.54042771816494;
  -43.59729165273271, 2.239248217601178, 56.35020513803324;
  -56.34299290401134, 0.8023535909209522, 72.66953175667823;
  -10.69744796139487, 3.336354169054108, 14.52245072306899;
  -55.69807558059667, -6.71560692516611, 72.33139544330335;
  -56.34840067342705, -6.189050920503433, 73.43577785542681;
  -10.45962110130694, 3.330357543282259, 14.33867721743214;
  -67.98319510628319, -14.13502000592994, 89.03638286517698;
  -10.47511500788591, 3.353843326450616, 14.52973565099095;
  -54.00439931074708, -3.704507653492276, 71.5015895974831;
  -67.23603227570858, -14.81560128510625, 89.61225845300575;
  -55.26695572832553, -2.317134381635492, 74.00549494476954;
  -41.64479312380117, 1.473853108920509, 55.96569028680804;
  -53.62436653293769, -8.989432429738018, 72.00181708608037;
  -50.70321524528601, -8.727073665079274, 68.37390145532837;
  -51.49663393992861, -3.862104692552125, 70.15832730506028;
  -32.80643928848402, 2.261727540822903, 45.14480731364134;
  -50.02896221788252, -6.251348010107408, 68.79181203624545;
  -29.55359410009519, 1.632339821420241, 41.37293626196087;
  -48.33874019938067, -0.0002995795978926023, 67.2070421815352;
  -37.47238694643693, 1.272297115955036, 52.30139382575169;
  -49.68366158580714, -13.82718735927582, 69.60575027332237;
  -30.76581909208249, 1.878144003915416, 43.35950706884653;
  -46.78893550163252, -7.187087536654021, 66.9274738085559;
  -45.19721766914841, -2.445506346554698, 64.7437380976164;
  -9.400776508166782, 3.385365209671501, 14.14238639235277;
  -41.85900667047228, 0.6333810246316979, 60.04729159075504;
  -52.77429411789133, -14.82428880566335, 75.7948692802451;
  -43.23661494035992, -3.146635394527558, 62.52556067501654;
  -51.69116134253959, -13.75812634939695, 75.02757212008082;
  -44.00149678866839, -0.1793698376725249, 65.54316082247095;
  -26.56968276491217, 2.873438605016331, 40.09562755583794;
  -12.92369486372872, 3.394151317124609, 19.98103710925413;
  -26.91442894760612, 2.044303755452668, 40.89304353926904;
  -25.9192973808541, 1.610580393462585, 39.81702985608614;
  -38.91511755102952, -8.895858317796288, 59.93012865838327;
  -39.08891114236312, -6.81079553031468, 60.41454425395773;
  -39.11950427553146, -0.7490925073054676, 60.61881951810894;
  -34.00186155601547, -5.356544209266386, 53.17711698350907;
  -39.58756310559141, -7.497728881739304, 61.77936862121884;
  -36.49737212742588, -9.078052476999572, 57.3571863827333;
  -36.86073231816741, -3.10996674209748, 58.01284934427113;
  -26.07655092570295, 1.940946740672401, 41.40762671964308;
  -34.93459425664092, -0.8224668756838999, 55.39974952076339;
  -27.75203470675849, 1.795338145078413, 44.39971568839468;
  -35.69256190168483, -1.02771989275123, 56.98360223520242;
  -25.6136732861465, 3.658027941927699, 41.20729789646569;
  -27.74526444692122, 2.523955650729117, 44.67659124345216;
  -27.68494621206419, 0.771568064110832, 44.64929419202399;
  -27.29477480483908, 1.306037883235644, 44.03303643602051;
  -32.40800510043282, -5.976692386447674, 52.51640869025091;
  -25.05441158282079, 3.703527251213568, 40.73639765264074;
  -27.6554243555398, 2.123536487704105, 45.2023187448093;
  -26.92778189631081, 1.201401136383728, 44.07865000737103;
  -33.97394937356693, -9.282456557866968, 55.75849638392512;
  -26.73567980076512, 1.700333094816893, 43.967695092787;
  -27.09037689491523, 1.160167312990717, 44.69043597045095;
  -32.97060803004634, -6.76659012847847, 54.44300408186361;
  -26.53760197276878, 1.603976160467214, 43.93595708611531;
  -26.66640938548212, 1.739773980517267, 44.34023998419354;
  -26.79574317342987, 3.349399402838079, 44.97295840377941;
  -31.57530240225932, -7.419568097401717, 53.04476577943571;
  -25.18822947583434, 2.066252829896981, 42.46195041443325;
  -25.69670784999318, 1.260034098893647, 43.35683300359166;
  -29.72052526118644, -8.560824359444416, 50.16937261872902;
  -31.51388889373979, -6.711063807656103, 53.23931574041608;
  -25.52263957106899, 1.623448701936722, 43.28759291458272;
  -35.58298667675201, -4.440599205228349, 60.20178401641962;
  -30.53188175077481, -7.440761126615041, 52.32194526282599;
  -30.19858615666792, -9.028170760164475, 52.02856911783585;
  -30.86257508126872, -6.666139754472576, 53.24833500845278;
  -26.78116945506546, 3.760905950835447, 46.22360648349375;
  -23.74643041622068, 1.579408225657269, 41.34179577172927;
  -29.5894740557333, -6.801378746775304, 51.48096837287518;
  -27.42484662530621, -5.996640846767517, 48.10126899841414;
  -28.71518278278251, -3.044512331637882, 50.27791241516528;
  -26.87428804535552, 2.667667127387693, 47.19615454250764;
  -29.65244637729537, -1.982628425368833, 52.10786517560808;
  -27.78795646804598, -8.793641980649591, 49.32843665897406;
  -28.69957064076482, -6.722227073418867, 51.06639412701553;
  -28.72430801111745, 1.841229149498282, 51.08098489518915;
  -28.58603553852013, -6.65528969794938, 51.29317688798229;
  -27.3573836897371, -5.859988366763818, 49.13151811342946;
  -28.16509201483257, 1.942119103296904, 50.57552636493676;
  -27.92651314953289, -6.2816565973011, 50.38858367251256;
  -26.72708000743587, 1.56269950039669, 49.14789573553318;
  -24.19204090913238, -10.1232610400244, 45.68214266267555;
  -25.25056815070794, -9.989698292994266, 47.69420411057552;
  -24.50203492065381, 1.7951619001813, 46.60416112953193;
