m=[-9.491602111333066, 2.793343380049005, 11.48857304221368;
  -9.650315247067256, 2.951576752827729, 11.86829094287495;
  -9.74830304413539, 2.931820682395101, 11.98152605407546;
  -13.86290613756829, 2.804689604121152, 16.73668631723502;
  -13.4597104659151, 2.884875088677743, 16.36811041803571;
  -11.69536146931865, 2.831627963334543, 14.46285696307128;
  -34.17734161601803, -10.30200071499384, 40.73885041239576;
  -33.05513172553045, -7.825364491129097, 39.47691261001458;
  -31.34266319855908, -6.744624146440486, 37.4835667920179;
  -31.14400010480516, -7.816051680502158, 37.27727872449231;
  -31.09284688733285, -5.541428374967397, 37.22324900377485;
  -32.65353473332585, -5.422955390709054, 39.05305411888791;
  -36.13270824935444, -10.62911074385947, 43.16947954961591;
  -13.89797632345211, 2.834706548367515, 17.09937556727466;
  -30.82837831387552, -6.972641335611633, 36.97515442947223;
  -32.94494972775843, -6.042691017163087, 39.51094092727188;
  -29.27346455680328, -7.072362349690032, 35.19080104370817;
  -30.12626459068271, -7.029904966441668, 36.24923770860577;
  -13.22178754003291, 2.908691663900337, 16.38699777833877;
  -63.8317951432892, 4.875320219370091, 76.20128406262259;
  -31.03726733710745, -5.871529317360491, 37.52085265501794;
  -28.9202570499737, -6.125595118451395, 35.02106282284093;
  -33.66022937735888, -9.644916371909526, 40.66159841667141;
  -57.89394018157243, 2.694793418929991, 69.43462734081875;
  -42.85930530962488, -3.818857909870223, 51.75217422145497;
  -30.75200307228285, -6.971928927467097, 37.36287453995927;
  -32.37628858962135, -4.702762806384307, 39.39835986790223;
  -30.83111360400816, -5.140635582773792, 37.61321335368928;
  -40.56191369404078, -3.179378513045704, 49.27012198505204;
  -33.37737627171963, -9.468769886219006, 40.74625911403205;
  -32.77959961788145, -9.602640415799494, 40.05669214267142;
  -31.16738033847735, -8.207171248093422, 38.12484300512971;
  -39.76002571292434, -3.305859679978123, 48.50069538656479;
  -32.10211485156779, -5.165580727882471, 39.34218054322581;
  -32.51548164107762, -5.980627049632951, 39.85381338114109;
  -31.41570545346443, -7.815947466699011, 38.53084274516343;
  -33.51018020750843, -9.639267968146879, 41.14747981957852;
  -30.47811132014844, -7.343922600077759, 37.49329700327749;
  -14.00474414825624, 2.85807039180117, 17.66580129811807;
  -31.45840621356869, -6.91308306173942, 38.72216605091037;
  -13.07264307452427, 2.808009632182767, 16.58050569306429;
  -37.23031346499862, -4.743465537956358, 45.73436156016301;
  -31.93283530195564, -8.109207427213487, 39.41961196697045;
  -68.12414481337287, 4.458761815530133, 83.18894535513735;
  -37.9833899999193, -2.85190484439435, 46.75024185707006;
  -32.31460905094648, -6.349396213007799, 39.89689529877313;
  -34.00827564951003, -9.987509461687569, 41.98530448647929;
  -31.13430659075798, -5.890285853110374, 38.55124503565904;
  -9.122996853710372, 2.969811971258639, 11.867709408633;
  -31.90211866294298, -8.520361213363183, 39.51142921125032;
  -9.171971166502628, 2.93279941830026, 11.94266503445564;
  -30.37018848480282, -6.973266429675155, 37.72494889123414;
  -31.67382465951464, -4.909435433122804, 39.345306407133;
  -31.79172592879521, -10.02073865071074, 39.53745978415192;
  -32.57522707205708, -5.271727033282741, 40.49724184150539;
  -96.30570271321051, 1.536542349352418, 118.0447090711235;
  -39.03415357640214, -3.09519402918284, 48.43623410648488;
  -34.9836427069791, -10.19981177909779, 43.50480901314971;
  -15.76758526199546, 3.00403988087359, 20.05878694929032;
  -189.4277506583664, 0.9445177762937589, 232.4702358500115;
  -23.03368001267491, 3.337336963860309, 28.96563296803547;
  -10.22298365625946, 2.901540710559431, 13.3158288550921;
  -30.00559938595981, -7.759495507545274, 37.536307100427;
  -39.04399813810544, -3.360654950521199, 48.64989523856762;
  1386.748224611938, 4.622013839704434, -1699.399475990339;
  99.79922097248321, 0.7818590952288017, -122.4270046421035;
  -32.47255307681695, -6.47787478156407, 40.69960460294544;
  -32.57809215307429, -7.862546307078607, 40.84098387970452;
  -35.74858632582167, -6.984476144902083, 44.75804363672061;
  -33.89908156149509, -10.32403544913536, 42.538580837628;
  -20.39046333268858, 3.244243334673477, 25.9257464604951;
  -33.39518397885943, -6.193965774843368, 42.00403704952566;
  -31.50364191123517, -8.181790287374311, 39.67660578425309;
  -32.10775419270615, -7.455166158669804, 40.43218715867491;
  -32.28696452302039, -7.96184880694098, 40.75506785527571;
  -33.14500413508543, -6.66147734491077, 41.86239977537612;
  -36.18115344425349, -10.20448423690854, 45.74589898829237;
  -120.5359012611044, 3.770611611068771, 150.6564719458846;
  -34.64256846130824, -10.61675779272068, 43.876792986612;
  -871.864095387656, 6.237208980043535, 1085.601442060525;
  -32.290852239399, -6.705532549033804, 41.02369315312819;
  -31.48257287403141, -6.714342903138443, 40.02771772857519;
  -31.28397351937919, -10.00360065100488, 39.81345224075864;
  -30.68526743062476, -4.409415548824959, 39.07722001036397;
  -33.94268718481884, -10.29529011086918, 43.20592199043986;
  -424.2019784062358, 5.98200005020456, 532.4135889208711;
  -32.12046205593943, -9.564707392937093, 41.12632847393155;
  -14.58835087193662, 2.986746440584369, 19.1186773566607;
  -317.3996059269111, -2.51905266046592, 399.9250492731813;
  -26.0338648525075, 3.496124975577146, 33.55279295858386;
  -23.25761918730438, 3.43823630175416, 30.07472731864167;
  -15.75233173019009, 3.153907637437525, 20.67427553480384;
  -10.49789564467304, 2.873746532620818, 14.07949116246939;
  -492.0466406172374, -13.26470939444673, 624.8611710396951;
  -236.6676328005111, 3.714601474702251, 301.0953034129401;
  -106.0915402837984, -6.585855548769847, 135.3454450766043;
  -174.9256756999419, 5.401371943172275, 224.0561908574236;
  -13.554201208372, 2.990906470926426, 18.11867463751942;
  -112.7779062513831, -8.97287567885081, 145.0038314253605;
  -432.5163909977321, -9.910954826815534, 554.9217351391072;
  -330.714748407227, -0.6601264722472201, 424.9451233529541;
  -12.57424202562295, 3.025662204208506, 16.95043253947309;
  -12.30068926560227, 3.032998328456638, 16.6095792275747;
  -138.8980366894781, 4.278562116188721, 179.5536591990714;
  -13.36176263746074, 3.079215293791064, 18.02466208737233;
  -337.1953442948959, -14.18399153220804, 436.2609200531261;
  -11.39276919315847, 2.978318005159246, 15.54054153656582;
  -15.86165904476873, 3.165358618878799, 21.34147513284496;
  -289.4391365991848, 2.579704103441877, 376.8677309372268;
  -426.8143882121767, -28.24205577432799, 555.0625962372278;
  -308.929857541786, -4.715771544858559, 403.4197526247561;
  -12.77402894997081, 3.06110963048202, 17.47139282441589;
  -121.6531426808114, 5.339933579196558, 160.0214065363502;
  -243.5794813763754, -6.438267404794911, 320.0292908981625;
  -328.7633424953271, -19.03442771696836, 432.4883209305665;
  -257.7692579940401, -22.91816879700445, 340.4179042182374;
  -192.7172523612172, -9.098460972977023, 254.9790500907459;
  -10.41989676385823, 2.965623468965999, 14.54866506962874;
  -11.8092379057778, 3.031796121039522, 16.40215164136533;
  -107.7822343387284, -9.08960908569745, 143.7378618961565;
  -10.41443451683435, 2.943529955187354, 14.63677413850442;
  -9.289186804355387, 2.916504684881534, 13.15151798878481;
  -201.2039124300814, -14.6288360178137, 269.6148138420766;
  -226.3759245411361, -11.22232567107858, 303.5703054506854;
  -233.1526363490397, -21.81116198117468, 313.3308871452989;
  -240.2501546247095, 3.044853956871807, 323.2927350722928;
  -10.0743798535948, 2.979474024557332, 14.31565102171421;
  -181.1918160861574, -19.25529794019339, 244.2476651804761;
  -237.5819862572377, -6.437459378361194, 321.5712536447097;
  -181.2584595701291, -11.78896373621398, 245.9967212576738;
  -202.9090909728542, -7.104545988984087, 275.540805781992;
  -8.184537501543586, 2.915473579990092, 11.86459115208391;
