m=[-16.87146333667552, -0.676198879237804, 20.42376134778234;
  -15.52244313631615, -0.7951701140414522, 18.90283265520201;
  -19.25007570587743, 2.909888077740812, 23.37534101355302;
  -20.44528750836516, 2.78528313503453, 24.94746494220229;
  -29.55715529436994, 2.794507543802892, 35.80570918941172;
  -18.68360084081637, -4.349408327947931, 22.9176936173043;
  -18.07138435724141, 2.736133469363059, 22.25436838830654;
  -15.99316853684845, -0.1500890353841686, 19.79961005083371;
  -16.91659983966991, -1.125760203901622, 20.91373023264052;
  -25.07419039193752, 2.87723267779252, 30.80916881719654;
  -17.84096799352291, -4.18645927107903, 22.19638121315809;
  -31.57044761480077, 2.066648810216316, 38.73173578421485;
  -20.42346131169745, 2.722788559105738, 25.44469098819963;
  -30.58783370218734, 2.737933659646406, 37.84226599090741;
  -15.68524417225811, 2.750217104584386, 19.87922212823896;
  -21.46460286474063, -3.543051534493766, 27.122385429271;
  -21.67788522041962, -1.984229993520588, 27.41742082861156;
  -24.0062218987775, 2.768967276839746, 30.32061932160123;
  -21.83597799276488, -3.411819175909895, 27.82969509245681;
  -20.7856236403127, -2.862332335023849, 26.54580408966017;
  -21.31054790414736, -4.424377460046364, 27.20825644480143;
  -22.67614156178558, -3.919160603660329, 28.93791950713563;
  -18.77602617768331, 2.806080606869745, 24.19029679946411;
  -21.76481123939086, 2.818774604538334, 27.95001139049362;
  -22.69313121865742, -4.342553925885903, 29.28621777705406;
  -21.9805437811196, -4.87347248194669, 28.41102823568359;
  -20.68647035217634, -5.478776807331962, 26.84638452560239;
  -22.38016041472443, -2.43221849672703, 29.09518303214722;
  -21.59876407025652, -3.841295822659626, 28.20880961629819;
  -21.70079600934405, -2.967771570889059, 28.41216238322637;
  -22.98599863897013, -3.764489652951292, 30.0767052926792;
  -21.20462479725662, -4.696644970552487, 27.80348455299382;
  -21.7210376167077, -5.337041843644339, 28.47974414304516;
  -21.6632798795765, -4.67208710419626, 28.54415741404785;
  -27.98116724287684, 2.745892880699539, 36.71692380856864;
  -14.67396739447709, 2.744707427858603, 19.70915416734145;
  -21.75849175793933, -3.855272743469698, 28.77265438526285;
  -21.04251313260058, -5.521035666231967, 27.97395790337082;
  -21.29394771121279, -3.578533227273016, 28.41038288919139;
  -21.05434904193891, -3.73828695841532, 28.13348354328022;
  -21.01641409788132, -5.72250285121374, 28.14672431894027;
  -21.88599565636195, -3.389231548451212, 29.30894424212915;
  -21.48995543036826, -4.070617195271058, 28.80526514317164;
  -16.72141777347105, 2.846300104785613, 22.6780940436639;
  -17.14862447086225, -1.108854341814522, 23.22771577650806;
  -22.70929592957998, -5.348833676033543, 30.6043394324157;
  -20.00828505175316, -3.845760435510461, 27.20567340485784;
  -20.56083169998533, -3.774493829464777, 27.96383014971013;
  -21.09176015340517, -5.744288428103973, 28.64762051403522;
  -20.86522795087939, -4.156116221942269, 28.36358868265436;
  -24.99849477644556, 2.766637967971434, 33.91630547196402;
  -26.5712012482824, 2.75290223980123, 36.08552174640418;
  -17.27664593451698, -1.282693638730251, 23.76470408582961;
  -21.64159925233194, -3.389979099584625, 29.79267595332906;
  -21.13786274150902, -6.141720404206862, 29.19318005417692;
  -20.24810017567621, -5.743674583301026, 28.07012778065154;
  -17.97488970271002, 2.73779895293786, 25.1049516288614;
  -21.04928266900924, -3.439601059415241, 29.20819622046001;
  -20.43105258721528, -2.880181464552626, 28.50939378957538;
  -20.74472466313006, -5.616178610082633, 28.96116741781656;
  -19.9453933851184, -3.058863781222853, 27.95301847815278;
  -21.43316119897202, -4.071573422261348, 29.97907946656238;
  -22.30816667123333, -5.487900945617859, 31.35721998697316;
  -20.88648224307082, -5.920171495165939, 29.50964578543281;
  -20.81667974222672, -6.027347083852698, 29.43104824662693;
  -20.49637911284743, -6.163601353934882, 28.99394332192041;
  -20.79157562671796, -3.070089710097716, 29.44326979504065;
  -24.5750049035948, -5.039033632829884, 34.65104507609929;
  -8.111147765959787, 2.725338036586345, 12.05448712637497;
  -22.31005008902241, -5.625155541981664, 31.57304203163322;
  -16.93955617893089, 2.852812409548459, 24.26864660535262;
  -21.0527276886443, -5.148215640297384, 29.99601538872169;
  -7.921428905037234, 2.825983871239167, 11.871439873515;
  -20.26295181695285, -2.7474419030487, 28.99396713190182;
  -24.88839229130879, -1.898784169308265, 35.48729024386083;
  -20.58006552806865, -5.486325006097551, 29.54835532732372;
  -19.69766693409222, -6.452165986420056, 28.46866714036957;
  -20.92565886885958, -2.950896714017076, 30.26480631340252;
  -7.585553334223914, 2.617430259623866, 11.5616824221538;
  -11.79734323073343, 1.239636665467883, 17.55032410318273;
  -11.57676236631304, 1.389804297928858, 17.2841208644893;
  -21.12388292800615, -6.080586445299332, 30.87229037901107;
  -20.63631741682717, -5.591052546463776, 30.30454752167047;
  -11.22589825004956, -1.387235227556628, 16.94317889684394;
  -11.51991102759958, -1.238298344734757, 17.41662663927328;
  -21.38385525231751, -6.911565152848238, 31.61745560592346;
  -7.567380319772341, 2.775517174710835, 11.78923169401999;
  -11.04650826813288, -1.683297119024724, 16.76613505492716;
  -20.30646533687855, -5.062467417656827, 31.25762590606893;
  -12.74831861568117, 2.938102718642118, 20.02886532550442;
  -19.95499377749956, -4.802102781977984, 30.79948964024092;
  -14.20039232711285, 2.708802859475403, 22.3360376265883;
  -12.68720313693799, 2.62425793867716, 20.05832954564888;
  -20.13524593863422, -1.305532078957163, 31.48068537721523;
  -20.44318408328812, -5.211788086851255, 31.92088581315749;
  -20.60113550484058, -1.091874377144917, 32.36187772401941;
  -20.30710950983404, -6.349352530996138, 31.85940394003228;
  -20.18111816430432, -4.755630543172135, 31.74026278056772;
  -22.34007020539487, -1.96934047930694, 35.16747527821428;
  -20.69268978204725, -5.154189686738957, 32.62602876432623;
  -6.884635642645594, 2.755002850871989, 11.49641867782182;
  -16.69062289290464, -3.204000288867467, 26.5714824385769;
  -20.23649651468333, -5.394532660075639, 32.10548732585369;
  -19.73446664971909, -5.545774690170866, 31.36497001710837;
  -19.93347533356021, -3.169680754644419, 31.75255909241194;
  -19.64538800766342, -0.302015721004356, 31.47772599592646;
  -20.27981763825392, -5.016945965975472, 32.43449895038749;
  -22.31920124870966, 2.851379312429119, 35.70468013883157;
  -21.26024896037727, -5.437616290536032, 33.97891337480843;
  -46.15493219185573, 2.39906650332356, 73.03692049633207;
  -20.4042591925292, -0.4704365536617191, 32.77193908485868;
  -7.404441211567494, 2.814550685651233, 12.47283138999345;
  -19.94675577912765, -3.041729801880196, 32.09332328340756;
  -20.85956907547231, -2.558611294354327, 33.55076459847848;
  -20.07027573832197, -5.843651719873711, 32.30017416108777;
  -19.9496522147206, -0.6031592718602412, 32.17094465898116;
  -20.43258250126155, -4.705275519391891, 32.90419587070573;
  -20.02173610070592, -2.685871862883617, 32.30145418789478;
  -19.75490665987116, -4.805592842867536, 31.89137395481441;
  -20.84003550919481, -1.858365360256214, 33.68599185375199;
  -22.79706566648913, 2.820983303945227, 36.86474101767598;
  -19.66028821250302, -4.33565429522988, 31.84682847673789;
  -19.21877933072419, -5.859010740609557, 31.14257964498326;
  -19.62930037093485, -5.080488334546842, 31.84624145425854;
  -19.50344541121305, -0.640387644091081, 31.72600038763805;
  -18.31781270096533, -2.85367939803261, 29.93464448800887;
  -19.69258317415514, -3.879498456672777, 32.13851222841464;
  -51.2853305726922, 2.108111118568315, 82.53198627924952;
  -19.86687544678225, -5.420665420798677, 32.44861627105505;
  -19.92789557938311, -0.3634000630181306, 32.66656389500958;
  -19.55122309817, -5.559812557958958, 32.10015749425366;
  -47.0194689931284, 2.558378712132829, 76.30167158658198;
