m=[-12.91702209546167, -1.861104907330367, 15.48332792874887;
  -11.57445818582264, -1.439114344629665, 14.12579699370232;
  -7.959884684867192, 1.459615667330285, 10.02744088701718;
  -12.12793311287932, -1.71674567296552, 14.94688152205317;
  -12.29287535742577, -1.923100043201978, 15.15004529326403;
  -11.99441791801251, -1.786518672549411, 14.80788333999928;
  -11.78198730994149, -1.385439316801677, 14.67462397419096;
  -12.02642835335693, -1.501595413766687, 15.01139695916751;
  -11.57446401142335, -2.757879885059475, 14.55823449399763;
  -11.78883364439207, -1.545508488395057, 14.83709287590614;
  -5.861146609501119, 1.498797408434859, 7.82284512879313;
  -11.36369634418653, -1.877808081588155, 14.34241351407957;
  -12.35146787800734, -1.378026938106303, 15.58592330018538;
  -12.08857953578309, -1.930321453192644, 15.26495348418013;
  -11.37567658465933, -2.566478624323346, 14.41091152938069;
  -12.14018663812866, -1.478013208853211, 15.39156548760297;
  -12.17497489007549, -2.490890473678041, 15.46539544658628;
  -11.80581803677399, -1.277490983597295, 15.06627911849599;
  -12.12310013855199, -1.571302416534507, 15.49780701894875;
  -11.86465113170791, -1.382862081627845, 15.20332164412047;
  -11.78176277069571, -1.61563117519275, 15.16694161071458;
  -11.63246176396237, -1.169536029681178, 15.04073736706781;
  -9.1530695051478, 1.518854681313802, 12.06747289607662;
  -11.64112964171554, -1.531594321780901, 15.14434971216451;
  -11.22894478229724, -3.091729262610086, 14.67794712526572;
  -7.407113029888905, 1.462874312337176, 10.02514463825817;
  -6.885389858195205, 1.487635001707077, 9.407138290723751;
  -5.090084482958256, 1.490730740367644, 7.241791820803559;
  -11.89135898397562, -2.597455860809702, 15.75256566101168;
  -6.702908724117583, 1.488482572618666, 9.35886528981194;
  -6.609879430932807, 1.448812753096878, 9.334315556734012;
  -4.532656009962769, 1.47096784942375, 6.690319423308097;
  -6.705944521522627, -0.5315572112511503, 9.477343249727971;
  -11.94372750694099, -2.49925362709935, 16.29130077109497;
  -6.669792459444318, 1.47964797124376, 9.499417509719864;
  -6.744334925376744, 1.371267523956601, 9.606448375364874;
  -11.56212491328419, -2.274332973592514, 16.00950871282419;
  -5.761910830700365, 1.472580854162862, 8.439362224116694;
  -3.160181917563977, -0.6277129687455204, 5.07356180990915;
  -7.34326716289242, 1.456784015737137, 10.72126711167091;
  -6.87969915776937, 1.468796660330662, 10.10989133163416;
  -11.48677640569873, -2.66105068583737, 16.32542398807994;
  -11.19085303631303, -2.820989973242607, 16.19874284227048;
  -11.10759243412991, -2.35873168983348, 16.10940241656756;
  -11.42320717611477, -2.939670833671892, 16.66699167869813;
  -6.503609906852048, 1.469977635924948, 9.90013240300417;
  -11.5325864037258, -2.697592883203021, 16.86579582423868;
  -12.16671259862746, 1.594676110126616, 17.80436739252741;
  -11.39524204713567, -2.217767828539815, 16.71368322580984;
  -10.73376019266747, -3.362129483606192, 15.8606393218719;
  -6.541684481915835, 1.490982082013712, 10.04608442278072;
  -5.221522372678933, 1.460418826389486, 8.194953486253084;
  -11.23542277957892, -1.88985985838098, 16.66786752687209;
  -10.76946549402632, -3.769096824374962, 15.98870305244182;
  -11.52626847084902, -0.1877639941896721, 17.11958275168124;
  -13.09623573313188, 1.654325758287289, 19.3889461067378;
  -11.80139068135978, -0.4138333172388752, 17.60700654941488;
  -10.99183437131097, -1.969963931224089, 16.45557511051036;
  -10.77527712326812, -1.787333852087098, 16.17744298361294;
  -11.20590353394534, -1.353120202754849, 16.84714073960526;
  -10.78059469783076, -3.712312388458451, 16.2153120209071;
  -8.061679803578272, 1.540748705970189, 12.39916615358513;
  -11.49831063364539, -0.1152631000089839, 17.31730887986667;
  -9.674021141622662, 1.53919306567719, 14.73020356970046;
  -11.28181992004188, -1.464727889255829, 17.02056817797687;
  -11.20090447103886, -2.810414056770954, 16.89328141723133;
  -11.68066960547482, -0.2153172880504357, 17.64532202098051;
  -10.92370370120458, -2.577174358925724, 16.52983519742891;
  -10.7346783687759, -3.349866472487824, 16.24856869185646;
  -10.49734382096773, -3.420492933687019, 15.91800306681688;
  -11.16768071445899, -1.572373744168067, 16.91502260532231;
  -11.47379429751621, -1.06912005332905, 17.38150007993859;
  -11.42029765816261, -1.150218602885531, 17.3074866465168;
  -11.61276483568368, 0.1879634960978836, 17.6057691355426;
  -4.731358665534528, 1.482886495212071, 7.677158083955106;
  -11.68960394389334, -0.5518227474752132, 17.75111112125451;
  -11.11603308563819, -1.723940359779955, 16.91443222810169;
  -11.23071342166229, -0.00405763892949055, 17.10597016644506;
  -11.17973091315773, -1.995769741232611, 17.02230127628111;
  -11.76594535506668, -3.152901277080686, 17.89256362411238;
  -11.22993073776364, -3.496127773921644, 17.12494419670401;
  -11.44364471809389, -1.573240861745339, 17.47802942907601;
  -4.338754055468246, 1.566068599809942, 7.177198757278616;
  -11.56933692913319, -0.5648293175243953, 17.77550368391866;
  -10.52214451679793, -3.614573278322144, 16.21214233650462;
  -11.6908439511507, -0.6344654603892024, 17.9672320746717;
  -11.33023411321973, -0.6782380065178113, 17.44919120381192;
  -5.038148105941076, 1.459562205512643, 8.239215201108058;
  -11.76464972522066, -0.1790942548448085, 18.12045394469888;
  -4.404349879638534, 1.50813590077449, 7.319116848224096;
  -11.50751067632942, -0.3506423210799623, 17.76641914382814;
  -10.68741958878996, -1.305819182385384, 16.54882748220399;
  -11.15992684022427, -1.089458244801677, 17.30195220385263;
  -10.85282812897092, -1.386466339720578, 16.84856765701675;
  -11.47757108933399, -1.216914864412881, 17.81381196156415;
  -11.3095482508597, -0.5082433260097325, 17.61947347455965;
  -10.57221208660825, -1.418756584473021, 16.51065642378354;
  -8.016181525973792, 1.555895289144373, 12.75377187121136;
  -11.41930636296275, -0.6447610967456103, 17.88064883066471;
  -4.958737933774146, 1.479174086995012, 8.245568343134593;
  -11.10614920346305, -0.167980987638512, 17.43879712390799;
  -11.55549749769861, -1.785448877861381, 18.12850537833011;
  -10.70909491982922, -3.846563288767869, 16.85225442432772;
  -11.13640221366723, -1.96146472868443, 17.54295832128028;
  -11.06234545843707, -3.232320175252367, 17.42492076985449;
  -11.26009207867021, -0.9072885969289636, 17.76040713342459;
  -11.42648871054374, -0.8404076802602998, 18.04538397259839;
  -11.34198723830775, -0.7447725290712057, 17.92791617899337;
  -11.34031579013737, -1.151767641594931, 17.93191581296822;
  -10.82239521999021, 0.3616774349657536, 17.17610082039505;
  -11.26598330811295, -0.3611165266088954, 17.85561250714988;
  -11.10107933252827, -0.4341543914010512, 17.62452937225525;
  -11.24946860607664, -0.5427624292356219, 17.8737686592975;
  -11.33271101802132, -1.336415104473591, 17.99037000206018;
  -11.45085987607, -0.9409300119686447, 18.18350200814425;
  -11.17048333374437, -0.3751760080061678, 17.77477385833616;
  -11.20401582784727, -2.171343366817569, 17.83891454336127;
  -11.44781213743345, -1.675718723477048, 18.21899237574622;
  -11.17978640051368, -0.04042708921140432, 17.84129740168448;
  -11.1094020767487, -2.571879534119382, 17.71886013313491;
  -11.88198750369828, -1.912486948486899, 18.91695898270749;
  -10.32083166919601, 1.504337592186855, 16.58681197307197;
  -11.4960884538548, -1.513964575349616, 18.35554499401212;
  -11.18759354826659, -4.136891429089652, 17.89933599761278;
  -11.30426699553773, -0.3990696179721993, 18.13334955706548;
  -10.69805481901815, 0.03951765353934016, 17.25167141707703;
  -11.27441657714009, -1.408631417055845, 18.13080663587696;
  -10.58890078242883, -3.044440154739307, 17.0529920347003;
  -10.88130241951943, -2.370274545926744, 17.55557000030869;
  -10.95531518608157, -3.202528953831667, 17.67979890004485;
  -11.26023537282938, -3.047119470483443, 18.19890465356273;
