m=[-10.60289469554344, 1.168901255305862, 14.56355809202665;
  -11.28626994018086, 0.4824282414754496, 15.65522961278153;
  -11.47295648954977, 0.4875264758240681, 16.06996337296109;
  -12.63692964130732, 1.082050466150272, 17.9175276309494;
  -12.97882085979321, 1.02866182182179, 18.37741129974654;
  -15.34395198891385, -3.51398235093921, 21.55607568082412;
  -15.40179282165025, -3.236282614756973, 21.6896646736368;
  -15.40138492807935, -2.821867649369553, 21.75897792917236;
  -15.28765394181399, -3.498096599309092, 21.62435922567986;
  -15.42474708517936, -2.467816318164449, 21.81805810695185;
  -15.11099432009991, -3.283034185743746, 21.51095044770251;
  -12.72263342383791, 0.9857470921231981, 18.28844396764721;
  -15.65949404799729, -3.708423917016801, 22.27055587188544;
  -15.17514542911928, -2.941418486102823, 21.6466774736327;
  -15.49269320863077, -3.197570026772229, 22.10504675369275;
  -15.18989136125439, -3.392641105671058, 21.76086340518471;
  -15.48284206880845, -3.926350314010902, 22.20905859998508;
  -15.37553778930763, -2.160509255655439, 22.11909312715853;
  -15.54522429820645, -3.308153090293648, 22.38737371393824;
  -15.30928267748824, -3.681220214249031, 22.07065033902302;
  -6.167941502750161, 1.872910268726426, 9.579290684917581;
  -15.32957661936957, -3.589718160684533, 22.16778322891606;
  -15.31895033949064, -3.19282086829036, 22.20027305929718;
  -14.82232665958517, -2.113538895469534, 21.61397118886881;
  -15.33749621480707, -2.986297661695434, 22.33229093656695;
  -6.068446795421778, 1.962372894008074, 9.5916554062334;
  -15.42929652815857, -3.506404382192325, 22.66385736555107;
  -15.23654424947301, -3.246053061674347, 22.40612328441375;
  -13.15760361414229, -0.6030949430435427, 19.51159472893601;
  -6.725699212272211, 0.8034065725800017, 10.533388379945;
  -6.64607569550103, 0.8514450730969203, 10.44617831238889;
  -6.029473100139937, 1.871018926671359, 9.587484808949657;
  -15.26601349589785, -3.632757291339415, 22.57199226794074;
  -5.95973159265126, 1.881652282741072, 9.516019531148425;
  -5.967353662690889, 1.951225852054251, 9.543052242390971;
  -12.78458947461704, -1.825737823957265, 19.24321601140733;
  -12.75185573237125, -0.7071749818127272, 19.26596185000346;
  -12.32978964673455, -0.5315618420136753, 18.67609403823198;
  -5.916498341941448, 1.918295592148352, 9.596019836025263;
  -15.18492378081751, -3.683411275425723, 22.88170100897966;
  -15.06515620698631, -3.840266524474276, 22.7915617330399;
  -15.10874625874352, -4.068797814941143, 22.89257848987156;
  -12.33368338824108, -0.7133920939208146, 18.92128773808959;
  -5.843046362835753, 1.979747158310112, 9.57828900242872;
  -5.845254967773178, 1.896254719283571, 9.582798773929595;
  -15.10347014227614, -5.075818570410358, 22.9684043808325;
  -15.11893707752639, -3.748828328609623, 23.00588840941905;
  -12.48519507337116, -1.753296639005275, 19.21402427862383;
  -15.17096116025821, -5.629340044474501, 23.15564869046601;
  -14.92012878710569, -3.944493816246022, 22.80133963010972;
  -15.16868339589728, -4.073841224033743, 23.17346649598838;
  -5.782686453680924, 2.031392418762764, 9.539186742770196;
  -15.33040860199511, -4.276733054603834, 23.43236656516884;
  -6.754199308024131, 0.6400154837206969, 10.96850752591296;
  -15.18617102247554, -4.550686612786338, 23.30467536790134;
  -15.01340360063759, -4.139293889890677, 23.12444730770514;
  -15.01861402472206, -4.268063804514652, 23.14289385371773;
  -5.750014489261055, 1.98002058268555, 9.57182851336708;
  -5.767659367401467, 1.67502899488406, 9.656790754958005;
  -12.24836197494429, -0.4999414302745733, 19.24883026753285;
  -5.656284896880733, 1.701493333964714, 9.508121979152353;
  -12.17692864282355, -1.021603722240918, 19.21573897325349;
  -15.11139105354045, -4.602630983818088, 23.58481895091058;
  -5.638066642505902, 1.969817223195779, 9.512377348341651;
  -5.658266178289138, 2.042161074553334, 9.546250565176148;
  -12.66921046648012, -0.3928539531236587, 19.97308768110258;
  -15.02898150904689, -4.409590548741234, 23.50766091527736;
  -12.54002944624683, -1.73056959969888, 19.80474179766862;
  -5.599843248571117, 1.655076527783358, 9.494841153954067;
  -5.645538599658392, 1.910130608722213, 9.571060058999638;
  -12.44665861382149, -0.2837466075450436, 19.75718293454257;
  -5.574471241202791, 1.600623957044924, 9.487444632233881;
  -12.30804576698272, -0.6130486054562887, 19.63352026017576;
  -5.570080919396627, 1.950331782978608, 9.521152628483312;
  -11.79866417989021, -0.8029294104586198, 18.98211709790486;
  -14.86487105162298, -4.813029040309616, 23.69266240214708;
  -5.510221272229475, 1.917959245868866, 9.511208297631457;
  -12.10886449700127, -0.682037403057538, 19.55991754488519;
  -5.515988385319954, 1.901779396247518, 9.544077879665423;
  -5.535070350238907, 1.400351818064585, 9.621936285941366;
  -15.03942746620916, -5.383124054648865, 24.20090891904975;
  -5.489972593584406, 1.933764487202921, 9.56273886261973;
  -14.86221901694883, -5.680484236835174, 24.05247512497279;
  -11.87977283571989, -1.758332132471743, 19.48229763868971;
  -12.03236599733785, -0.8754766848872084, 19.71559725949577;
  -15.64769474613204, -5.755785615020236, 25.42623193434936;
  -14.86698705231427, -5.814318470529004, 24.23874328369501;
  -11.72922716334082, -1.301772957391449, 19.40794216819126;
  -11.71655020260453, -1.910687942267651, 19.45474019137789;
  -11.94395021347239, -1.137877599199987, 19.8159602687382;
  -11.83437155197673, -0.6707747419841265, 19.67590039109652;
  -11.93809866404599, -2.05531334318197, 19.88649464324593;
  -11.63429652357272, -0.2222539277455273, 19.41616333281774;
  -5.240133699395038, 1.94568486646659, 9.523569223263253;
  -11.48344185915971, -0.5509221783462033, 19.54674867817785;
  -11.48052549220138, -1.627178782937303, 19.58153621102204;
  -12.4943869638138, -2.497494076092941, 21.40560344862595;
  -5.125075797735425, 1.925111270546837, 9.503053544602535;
  -5.120020478105915, 1.965154082545055, 9.520247154964839;
  -10.97481359487449, -1.093779169348906, 19.27734284263588;
  -11.18360163544135, -1.453121583862511, 19.6579639050475;
  -11.63315571424443, -1.856208638885355, 20.46383994681341;
  -5.056683133352556, 1.938507370431736, 9.544375708555032;
  -11.11142062308804, -0.8879023826117796, 19.66327599162683;
  -10.57841958166594, 0.07576745497120815, 18.77278772721797;
  -10.80991355956735, -0.3084887367826243, 19.22469537234117;
  -11.12364904938081, -1.066745766602727, 19.75880119225791;
  -10.40797378742484, -0.1268836115373725, 18.61388511815632;
  -4.99364987505729, 1.923403023437736, 9.527264870514298;
  -11.43498184568311, -1.243713839890469, 20.38975776178257;
  -10.49512127855855, -0.2373349850967645, 18.89442134471132;
  -10.93218807078512, -0.4665695160697213, 19.6461738348848;
  -10.48566966975844, -0.5589753963165913, 18.97926340490559;
  -10.17445268186134, -0.2636510151094154, 18.50265270417724;
  -11.24054761300557, -1.436721806775241, 20.34634960245509;
  -10.90508533876387, -1.11198290385979, 19.81285244362954;
  -4.813590947343211, 1.93477122620094, 9.535170464473376;
  -10.6692121820661, -0.9737045668983827, 19.78082355378077;
  -10.655986026395, -1.014479705801458, 19.92253295594601;
  -4.694780108993728, 1.933440750401077, 9.44432497426277;
  -10.33890121800392, -0.6723998304930676, 19.41284395800139;
  -10.47043983753424, -0.91931743329574, 19.80505667636073;
  -10.57566473019241, -1.029576043823694, 20.00991886702908;
  -10.38870919491646, -0.6168687448672818, 19.68902148778249;
  -4.60525243711203, 1.877932424085788, 9.392602458225879;
  -10.77380936641232, -5.011490602312656, 20.5852048348519;
  -10.17263483818097, -0.1920121184038909, 19.52773756021939;
  -10.37298067430245, -0.95725593154933, 19.97708669874657;
  -10.11919380615451, -1.011715420946678, 19.53391614078696;
  -10.17135163438054, -1.152032925540117, 19.66927201001137;
  -10.1186707783508, -0.2226866115370024, 19.58422837379414;
