m=[-20.3511352696278, -4.187541286157819, 24.34833616332498;
  -27.89258597192774, 2.527848717440789, 33.25545559140098;
  -21.22767896628313, -4.177566536485236, 25.59037761441068;
  -15.05874658611648, -0.9664084914070583, 18.5211754806749;
  -24.74761398483255, 2.454387583113007, 30.23367948802705;
  -17.02436696092322, -4.991456704598025, 21.08548588410269;
  -14.925028762183, -0.8358630461881562, 18.7039389707031;
  -16.36316412596813, -4.166891061203877, 20.47823924261076;
  -16.6811086848043, -4.419669497840197, 20.88726067248487;
  -17.4513585745383, -2.448585525699684, 22.03949819737819;
  -25.83559904017521, 2.244139251341061, 32.30774069554291;
  -20.26440216233601, -2.258562913136794, 25.47971922714748;
  -20.21817801251732, -3.320090590587559, 25.44364843690505;
  -16.85055343135416, -4.307502839269509, 21.36115580782866;
  -19.91966248746177, 2.545053918320316, 25.36088050408432;
  -20.19166278893675, -2.83927595454418, 25.66192141116918;
  -20.06070836084969, -3.099667476160382, 25.5743254915945;
  -19.76917502152518, -3.225215198209085, 25.22062355872265;
  -29.1370336983377, 2.533530382360409, 37.15770630725525;
  -9.496924971222875, 2.74726182238965, 12.73911624283535;
  -21.45961952085238, 2.57186325121697, 27.64771143822226;
  -29.07352926335643, 2.376847389649166, 37.19457537357079;
  -19.87630974864186, -3.046163380676541, 25.73463670260508;
  -20.5399371963456, -1.611954349399109, 26.62110582543083;
  -20.3467673961643, -2.910178819256798, 26.35894023530727;
  -20.16136792358087, -2.145527608491834, 26.17004304795427;
  -20.19008588417956, -3.69618632359476, 26.18552408866101;
  -20.50733158275948, -4.228907181094536, 26.72265295078035;
  -19.76368905651706, -2.195641455121618, 25.82454362890874;
  -20.81972317039387, -2.84355832477231, 27.18797299144526;
  -19.49871811894099, -2.048443215599447, 25.5227921570493;
  -16.04878617917837, -0.2507844620904369, 21.19797928187056;
  -20.14098924853481, -3.116279906183172, 26.38333060569604;
  -20.28360810482953, -3.530744550216047, 26.55943519715214;
  -19.91781929003685, -3.260977168454495, 26.12936169755211;
  -21.29212084255698, -2.783208735791446, 27.95723247398837;
  -19.15764594175143, -5.133383257798851, 25.1995271540736;
  -21.69615418877048, -4.146783825960329, 28.48432918596394;
  -20.78773257843083, -2.905851188756322, 27.48212107564076;
  -9.847896814335227, 2.690070772781644, 13.57901554571658;
  -19.95773183833616, -5.237321850781266, 26.51282724246777;
  -20.29205889732378, -4.267294258900741, 26.95958146054216;
  -21.7376015100307, -2.489614998639351, 28.85081394737885;
  -20.32536024302686, -4.929637405575079, 27.02807911639443;
  -18.84346158309877, -5.420074409987179, 25.12069162591196;
  -19.73599628326748, -5.545006402914004, 26.32663801332164;
  -20.22769638975058, -5.509444709681874, 26.99096883579471;
  -21.60401070385341, -2.689788051076086, 28.89833896512656;
  -19.72560383490268, -5.826808654785685, 26.4723796932573;
  -18.38642910816627, -1.943192158478674, 24.81258212045277;
  -20.39418035372772, -4.022659351120448, 27.39591481323015;
  -20.88519905016512, -3.207448205661263, 28.12277606691155;
  -18.94691163476378, -4.092453896455362, 25.59508704293105;
  -20.73196578878379, -3.772143935221419, 27.95349812306568;
  -19.84912563996527, -5.312213539966062, 26.78788762644552;
  -19.40281536493407, -5.600216396828328, 26.21202644194774;
  -20.22601165357611, -6.21212939868415, 27.35357218227637;
  -19.73533256129031, -4.443381695437597, 26.76415926758351;
  -20.20465337144187, -2.529145169518412, 27.42489376560237;
  -20.56145309663463, -2.75604865434751, 27.89762771241082;
  -20.52008155040171, -4.854290519126083, 27.8309305482361;
  -20.99806663022244, -4.531830027069542, 28.56189886317146;
  -20.65673666204863, -4.057279596682988, 28.1191299004387;
  -27.19876969555717, 2.467881035497876, 36.91520451651175;
  -19.73005198053397, -6.018684803965981, 26.89855313768984;
  -17.12826074167055, -1.483972946926648, 23.5873659546515;
  -19.67002739562766, -6.259795697088618, 26.98526034314044;
  -18.12959114174375, -1.961580243610167, 25.01946064411015;
  -20.83243743866377, -4.116361675105521, 28.64518348325341;
  -21.01967690305034, -2.528955200997326, 28.92221466758911;
  -19.36641863033496, -5.734980135211536, 26.70574643977738;
  -19.58033746481446, -6.080595875741566, 27.00594575837223;
  -20.0903475510553, -4.082864571927214, 27.73677389989997;
  -20.79610097260615, -3.604216402447219, 28.68876907403706;
  -8.350732821992427, 2.684046589774213, 12.14687796908546;
  -7.948480957515193, 2.721982653627175, 11.62363385011365;
  -7.548224962183069, 2.740999978476429, 11.11322217286151;
  -20.98944316945228, -3.812126709481436, 29.2592535320485;
  -19.39647075547367, -3.934127445215495, 27.14773830533599;
  -19.49931543605528, -4.295017444191323, 27.29753775558805;
  -19.70723297509922, -5.835880114544024, 27.58311301727478;
  -21.09279979534862, -4.478350365572523, 29.49132904207855;
  -24.04247118041563, 2.499307237627474, 33.69142746101251;
  -25.72741298624311, 2.479110844059195, 36.14650518048573;
  -19.69230840835542, -3.27549960953155, 27.81190217645358;
  -7.499116143316862, 2.771807223154126, 11.21158237756256;
  -19.53183337478257, -3.420053595213549, 27.72925158202872;
  -20.07821279844614, -5.225184327318379, 28.46779675511494;
  -19.19780796169138, -6.057022500863687, 27.35231137075965;
  -19.09185502653173, -5.891106320374605, 27.27336000710386;
  -19.35231659208714, -3.534478846201141, 27.68439446658127;
  -19.44444292169773, -5.643433860265449, 27.83212687058536;
  -18.89596452947416, -5.572377509235564, 27.21160507575095;
  -19.82293537126378, -3.241199338701721, 28.70036247675645;
  -7.550925972163641, 2.777144821278001, 11.58351293720825;
  -19.22953123318854, -5.941998776480815, 28.05588907991393;
  -9.336411055328174, 2.696808644187505, 14.24285305928606;
  -8.685920030756279, 2.699666526511359, 13.36052377254741;
  -19.30187235392466, -5.844165592210163, 28.50798415600607;
  -7.534256868838002, 2.689361225010012, 11.75141555145768;
  -19.19531257811203, -5.588673607371498, 28.46716327110984;
  -19.11090430680148, -5.919226012423361, 28.43426021960349;
  -10.99317339990092, -1.543975498907366, 16.75948273360683;
  -18.62953140507221, -5.630250435423786, 27.78663105567569;
  -11.03021523268713, -1.749574348922312, 16.87895496054426;
  -10.78199924478078, -1.853345344872121, 16.52851978768098;
  -17.91995840636247, -5.075312526672182, 26.90195925529153;
  -10.68009292717242, 1.044901776699431, 16.46754926156244;
  -11.3372696990928, -2.134226486487048, 17.40571607263058;
  -10.42632891753167, -1.340791463303444, 16.11238756548419;
  -20.52031636464108, -6.390715009829987, 31.02653550977;
  -18.63157821711624, -5.518677472450325, 28.30148500900538;
  -6.91599050617538, 2.748436954733488, 11.23047702928007;
  -19.45450838546194, -5.301947905228035, 29.9813087260147;
  -7.825292749983642, 2.66076309858444, 12.88223181629492;
  -19.13854430691376, -5.319082607056465, 30.17132827195835;
  -7.07373142689689, 2.765451466433703, 11.80651614510493;
  -20.26024463878332, 2.411057108030251, 32.142225596939;
  -7.50876733832276, 2.731684915193914, 12.52043726602643;
  -19.2333293493681, -5.269398510574201, 30.68807432481707;
  -19.01371383869584, -5.036914763858037, 30.40756935208259;
  -24.95796379595318, 2.59304557109568, 39.93961856928441;
  -19.14539373449243, -0.8176404107053683, 30.97488936912826;
  -18.31847520128444, -4.581719062299281, 29.7021637043172;
  -19.26958314373199, -1.004827646663471, 31.29255973878688;
  -19.38017086069647, -5.436500621459699, 31.40378053554748;
  -19.1924996015905, -4.484537907426764, 31.17822396401821;
  -19.24308904054287, -1.295910260157696, 31.34140927443576;
  -18.46108773563391, -4.798170408178181, 30.12724639790958;
  -19.27310731412289, -2.013084963287778, 31.53441731465056;
  -18.27911750093862, -3.054562000437429, 29.93685976128945;
  -41.07638143196167, 2.213565525040527, 66.45579870697887;
