m=[-14.42488643597749, -4.157541396365537, 17.28933806139359;
  -18.10539755292263, 3.030990417240572, 21.73696704996266;
  -25.67970995958017, -4.591350285224348, 30.72852046079519;
  -23.36709340783549, -5.152643509941421, 28.27139721682346;
  -25.66586137198654, -3.736421826417008, 31.1027230630738;
  -20.29745078607041, -1.334059193988865, 24.81287077079744;
  -24.04562997436142, -2.989721891617089, 29.34596869679492;
  -24.83738477438267, -3.300284452967634, 30.40103546243554;
  -23.908543163647, -3.740257592633249, 29.46548315943074;
  -26.81857590021403, -4.589989148443089, 32.95740227779388;
  -25.11131407882993, -3.554582581060643, 30.94804637409707;
  -24.63448545729132, -3.669204171384282, 30.41286282385298;
  -20.1189662180723, -0.9816391207579343, 25.09349138433397;
  -15.74694724887044, 2.997686259740433, 19.89806380323997;
  -24.25184461014226, -3.028036052932295, 30.27117076977175;
  -20.49106473262128, -0.9033789340083568, 25.81159654905414;
  -24.12309265276004, -6.064669317669424, 30.21904247598463;
  -23.16007349898525, -5.518415433864724, 29.13048764622531;
  -24.60708637105493, -3.783008245079251, 30.91987439160811;
  -23.82389313190556, -3.123297026037174, 29.98407863969593;
  -24.46092169451382, -4.042075311573385, 30.87275858596092;
  -24.16410739934739, -3.858558796932281, 30.51342586164951;
  -26.31113030110566, -2.935476712974946, 33.20117599499235;
  -23.38431797794558, -5.275761119625285, 29.62367425332107;
  -24.03056715150737, -2.925613643748463, 30.46642189626828;
  -25.04479202095069, -5.123939426855531, 31.81342187385076;
  -23.79161397901093, -5.551743591109692, 30.29088061786503;
  -23.60499994842867, -3.449439922547284, 30.16665257155023;
  -24.54264507027136, -2.86052180327727, 31.44885786010559;
  -26.30578978837949, -4.26579893828124, 33.68033021047211;
  -24.40492292311414, -3.346643033827704, 31.41703395263703;
  -22.39623434836845, -6.972080828215456, 28.9008967102068;
  -23.04555457884834, -3.953461675295594, 29.74052434204148;
  -27.89377385582282, 3.196891326918151, 35.99187601722446;
  -24.14857841755491, -2.977098719244908, 31.27611269101328;
  -11.49311918473787, 2.938991019435408, 15.339812739579;
  -23.68476291524488, -3.250710749138055, 30.71664418552087;
  -24.75740686442761, -3.553527436092237, 32.14928013330486;
  -23.41307629085675, -3.080399910159809, 30.45888381104471;
  -23.1835096378748, -6.582987804745314, 30.16487353642824;
  -25.37370794043292, -0.3906996548240173, 32.9765625366735;
  -26.54943184691464, 3.305991280249099, 34.50173403024282;
  -23.87442283909128, -3.756597232387193, 31.19827108513173;
  -24.49110331240266, -2.675123098209942, 31.98290181897642;
  -18.55487815915073, 3.078984982839179, 24.46288528123002;
  -23.83766752930327, -1.200242689003637, 31.27543047754537;
  -14.68712756986535, 2.854848290143617, 19.65165775242139;
  -23.75745795077699, -3.053553942692926, 31.27432352786214;
  -27.98927748069669, -4.859358067784847, 36.75704001246474;
  -22.95375512203561, -2.432002890065779, 30.35527362973506;
  -24.83557895158357, -3.79043358708217, 32.79491504549779;
  -23.46500000538016, -2.697190246061836, 31.09374982187475;
  -24.37207504700946, -5.323646292762395, 32.28585672928399;
  -24.48085115309758, -0.2650059374850906, 32.53888200099396;
  -24.57425108496847, -5.71481266672118, 32.64791437841362;
  -14.62368518986979, 2.888117587735389, 19.7924020574852;
  -22.3913091378436, 3.098095535510045, 29.87927395819558;
  -23.8610176472099, -5.3474008079036, 31.75157070084985;
  -22.91099096912417, -7.118622764835393, 30.54215496330594;
  -22.67990179748012, -2.961832987408472, 30.31579666893602;
  -22.61232809898069, -7.258038445549174, 30.25310062156902;
  -23.96526938937022, -3.057890827808967, 32.06559836609063;
  -13.67130001660173, 2.95377674211555, 18.67836281152234;
  -66.09632163919065, 4.405622990704778, 87.24533530115367;
  -24.5078703403754, -1.408747325852733, 32.83753768442438;
  -24.18992190452679, -4.022410408863232, 32.46959739691148;
  -23.50041251081409, -2.808699141713127, 31.64839393422931;
  -24.39827694172599, -1.219129985678333, 32.8896099304593;
  -23.89318896519161, -4.477799254137542, 32.34267259145418;
  -8.278748469082476, 2.917696400760423, 11.7589054818207;
  -13.2005843720761, 2.931390027066839, 18.43117607144814;
  -12.96424678272386, 2.694444943649295, 18.15545468484505;
  -22.78196655762278, -7.673452150505802, 31.26153782665899;
  -13.12157499611567, -0.3006898260723659, 18.37740652264489;
  -12.91876920750871, 2.831651889830686, 18.24358063525028;
  -12.99626770692297, 2.53726152811386, 18.36774395250415;
  -23.70331776867625, -4.662571766795501, 32.82082447530599;
  -13.19899375681299, -1.046238943697647, 18.65380692948686;
  -9.114404174700857, 2.82176242420197, 13.21406276812958;
  -14.26363654674389, -1.536688171717901, 20.21543160372502;
  -13.03674463571563, 2.892112890940942, 18.56751630808333;
  -13.05564735054511, 2.654492313047825, 18.59611120557966;
  -25.43563919782029, -5.746435041163662, 35.52914466126299;
  -24.43245132881312, -6.70446050902853, 34.31851970642171;
  -13.82547569568148, -1.535088276743761, 19.77286301560951;
  -22.50377844715007, -7.576258857981499, 31.68776733583437;
  -11.81247619951998, 2.843421396473348, 17.10833051098615;
  -21.8599643207446, -7.562998148864091, 30.97632832326805;
  -8.734231360699832, 2.834491188561128, 12.89195509028641;
  -23.50901554448569, -5.446147790164951, 33.41186706791697;
  -21.37470594176774, -7.141269802461763, 30.4660603948739;
  -23.86419279057173, -4.825346022681297, 34.09992049882137;
  -14.49359742353716, 2.8752925079225, 21.16084379606871;
  -22.5813508343045, -4.795219857766953, 32.7498573481824;
  -8.523151270261369, 2.866843221294183, 12.9418951056936;
  -23.51092447269281, -6.050348022186952, 34.30353459440175;
  -24.0138611540039, -5.617093918007694, 35.11899802842147;
  -23.55042426855232, -0.02120382395583902, 34.48280050345689;
  -23.095354703451, -4.494870265867158, 33.87452771117093;
  -24.52080850140361, -0.6782267857943363, 36.02402680361834;
  -21.35465852510799, -7.633969468418298, 31.48595686027889;
  -22.21922593358227, -6.959715260383454, 32.832029243999;
  -22.91615349276851, -4.977461461837822, 33.86312230156686;
  -22.77452212114847, -2.715605667150425, 33.76609157801292;
  -20.95135793506706, -7.332554870360723, 31.1050758048317;
  -23.3482612893499, -2.590720945733414, 34.63116849688953;
  -26.94858626311673, 3.40416447236931, 39.89731838641784;
  -22.99701975831009, -5.153128248500617, 34.13169174840914;
  -22.71147155923507, -5.401896087877601, 33.72772875809131;
  -23.37924801868698, -0.380850142458663, 34.72441858700778;
  -9.649558432105051, 2.788882354475385, 14.83018439797073;
  -12.76927839140206, 2.886174590896744, 19.43805802874339;
  -24.64058473835305, -0.864058753438651, 36.76235696144292;
  -21.83224514877651, -3.912789624358422, 32.68445809322353;
  -21.50563703282852, -3.567217124882097, 32.28744958898459;
  -21.26671890425, -7.323223464285937, 31.9877049790886;
  -23.72388858726167, -6.136949322271463, 35.61101860903863;
  -23.24421647593619, -2.806754387588663, 34.94573955287974;
  -23.47160449041525, -0.2352875984958787, 35.34997773300911;
  -12.92543477595499, 2.945967771215682, 19.84962884091301;
  -23.85637299894619, -5.985792146800713, 35.98034638253266;
  -23.48483431957813, -0.4329110407878718, 35.47720106594742;
  -21.10891342977095, -6.587252914322863, 31.95155160603068;
  -22.06086622403382, -5.204708981808163, 33.38267797904414;
  -22.2614644557633, -3.134343030747061, 33.71811785497106;
  -21.08072323833793, -6.869020021018923, 31.96646912605804;
  -20.84503244001075, -7.766943336154361, 31.61481677762084;
  -19.41493234685976, 3.089028729770367, 29.56225767698055;
  -23.19637908862631, -2.336270695033315, 35.15416439579327;
  -23.89315684593168, -2.226347488803387, 36.19542906721349;
  -22.34693290075658, 3.243094917756509, 33.99424000855527;
  -53.68362498411509, 3.907876444988671, 80.60930985229931;
