m=[-17.2430745150306, 3.232020765968288, 20.78382681010696;
  -25.22986736621968, -2.691890619561178, 30.0579837481381;
  -26.4098199486828, -2.475959317593244, 31.62073769508028;
  -26.0689310014607, -2.645442284301192, 31.34440253973709;
  -26.65021689325965, -3.844030388049259, 32.02900746071776;
  -26.27783482074744, -3.178783848705328, 31.72477943343996;
  -27.59779356713958, -4.222489163970755, 33.34644514560628;
  -26.09923340551525, -2.807011665485414, 31.69872925762786;
  -26.01312213806784, -5.864241468567685, 31.63693104279075;
  -24.50664685654828, -2.818598335818721, 29.94303261242148;
  -25.72800079464565, -2.5105489238528, 31.48105092415073;
  -24.95822135746416, -2.35063225703744, 30.59229097415952;
  -24.47918733868655, -7.048887547177204, 30.04994566625015;
  -20.33192026014929, 3.333996659469857, 25.33642475221472;
  -25.7263092810024, -2.345990532361462, 31.88593207491199;
  -26.05731458930249, -5.109457105341325, 32.31681604013993;
  -26.03005700973565, -2.599513352351544, 32.31231673079875;
  -25.47204479511182, -0.9164596126855773, 31.66478389784193;
  -26.27783554269927, -5.306163386623404, 32.72508342334741;
  -23.99997070073949, -6.767091586845767, 29.9944765297654;
  -24.95259918213892, -2.14911127612528, 31.20268810392722;
  -23.17870833296923, 3.204376901228315, 29.08885972180986;
  -9.764610083051782, 3.138234606126698, 12.77198094542118;
  -12.85230983415241, 3.182179522686017, 16.53118823029654;
  -25.70358442063133, -2.939884041550682, 32.18012696039821;
  -25.14083683364025, -7.356432680621193, 31.4942245520232;
  -16.31989217841133, 3.11072052852582, 20.79909273349678;
  -25.61757938718046, -1.171709152832066, 32.15777311672532;
  -25.51814330844067, -3.768655742115022, 32.07585848437971;
  -24.7194291403013, -3.196057068120623, 31.1150830331086;
  -25.19792143977086, -2.61066007316312, 31.78990781325035;
  -25.2446150337887, -2.762410860158809, 31.9243084067667;
  -25.36420152846198, -1.690180098609529, 32.10918185658269;
  -25.36913716693481, -0.5064696079125084, 32.12590544901929;
  -15.89500068970238, 3.071770117738722, 20.49718241077688;
  -26.07059920357301, -0.9996604821394834, 33.190516355818;
  -25.77604801235901, -2.997496103469146, 32.860845509973;
  -25.74620723161926, -3.71459217842109, 32.83471682471502;
  -26.09541587492763, -4.894712060713689, 33.27653993221951;
  -24.97072181989175, -2.475038486932271, 31.91622870133857;
  -25.01360837809575, -3.170737851287508, 31.99959255865214;
  -25.10290944622702, -2.333485800422547, 32.11925059155892;
  -25.006127098043, -7.670837149095668, 32.08556318468269;
  -25.61932972988596, -3.507801600068472, 32.89827373800377;
  -24.15080892960118, -7.253520404000909, 31.05498948535248;
  -25.01667904758463, -1.601492810177991, 32.18219631857114;
  -24.9847524948687, -2.992394869649662, 32.29012648550668;
  -25.8714915878903, -4.547605052433005, 33.4736914128463;
  -14.81271344739532, 3.196300016831748, 19.72243651278398;
  -26.38886965340851, -5.349503041855079, 34.40295104983763;
  -11.66223004529161, 0.4476852417528262, 15.49232257993739;
  -24.06644560909975, -7.680152228254741, 31.47181400524762;
  -15.12125324016867, 2.549141260323484, 20.162874771748;
  -14.92085853141947, 3.033679206916348, 19.91966090265387;
  -27.57973459262057, -6.866305966898397, 36.10342273024349;
  -23.87875166366754, -4.329809319787481, 31.38376333355208;
  -14.60980742004842, 3.113426914906688, 19.67043502230738;
  -14.52103508685514, -1.799251272789452, 19.54201616934676;
  -14.5633926676424, 2.767396930837735, 19.61964405465916;
  -10.29750901568371, 3.159305546517959, 14.1593233221685;
  -24.739851167303, -7.783432865169626, 32.72999945936797;
  -9.535664499136068, 3.203953559054048, 13.21355701775439;
  -25.25127605339725, -5.252305071166854, 33.50154497017017;
  -14.65548811071546, -1.88815958275176, 19.84926621406203;
  -14.68420846628734, 3.172055303280974, 19.92561056062321;
  -9.539784433853624, 3.073972140471872, 13.24967132976176;
  -23.46147200388305, -7.121188746815744, 31.25876711186776;
  -15.24709922316927, 2.748837796099772, 20.70423536710043;
  -24.93182820744499, -4.500500008220262, 33.26253075845222;
  -11.85398350080031, 0.6608725692413977, 16.14195751629805;
  -24.39211158105959, -7.836296157467633, 32.78274609608942;
  -24.3104671163136, -5.513612147856224, 32.8448233208186;
  -13.10470339942227, 3.050177226259159, 18.15182453306682;
  -9.49571648703369, 3.161881057405807, 13.41749584372768;
  -15.65468645239206, 3.11531283098252, 21.55516735109474;
  -11.95470115773849, 3.079157337591203, 16.71600056131119;
  -23.73009120857008, -7.529265646989359, 32.30118999870276;
  -25.63098269149517, -5.933959954992553, 34.83978940226685;
  -9.883949081803497, 2.993904773516741, 14.00171818908019;
  -23.37180674471822, -7.670857297943859, 31.88342691501279;
  -25.28334777659716, -5.304276043529196, 34.45947374682854;
  -12.64029618056501, 3.111737943002936, 17.71998314782623;
  -22.41325354098218, -7.268051058294858, 30.86151767868283;
  -10.06276454803094, 3.113575132938325, 14.38474376404073;
  -22.60422056039511, -6.406825780075089, 31.19051752336635;
  -24.57524299644611, -4.766962296656383, 33.84980826335773;
  -25.0809692186462, -4.705755746960381, 34.56193883436043;
  -23.70255329881189, -7.153574473033659, 32.71646210835913;
  -24.40875316718303, -4.89055431399823, 33.76423529940271;
  -24.8359396335546, -5.292266677441522, 34.35609361952794;
  -22.6346567378601, -7.60100226096805, 31.37652384550117;
  -26.11670167814119, -0.6289052321109719, 36.27405503599809;
  -22.72365625242691, -7.521376185987116, 31.75068781876379;
  -10.89405466606379, 3.145402225064554, 15.73039621442822;
  -25.53854771887668, -5.918274608974707, 35.65288749328864;
  -24.67598375516954, -2.569130279892599, 34.55628915999548;
  -23.80419584965863, -7.430015202249475, 33.34728355001291;
  -25.79185665798666, -0.008513158756271408, 36.15785967205352;
  -24.55593287301899, -5.526358049581603, 34.47441665427093;
  -24.99113446042059, -2.80581830770399, 35.09967928463033;
  -24.03945034850335, -5.073579730914267, 33.87514130841232;
  -24.3257449768727, -6.851109301445893, 34.26346527400749;
  -25.84244886777699, -3.438850265963275, 36.38905559037657;
  -25.55810267350971, -1.99992113383683, 36.0211774894597;
  -24.65095452158885, -2.095070305682813, 34.78548347133484;
  -23.79999002912969, -7.002343303951836, 33.5945343617925;
  -23.78825552986997, -8.03299499606652, 33.57651750508321;
  -27.92412251827815, -6.714582569359204, 39.38202181095136;
  -10.36380471490638, 3.178195486253604, 15.19384150628436;
  -23.23245981012445, 3.337368029365482, 32.97909279367088;
  -25.25786537401465, -3.566980216561743, 35.75342981181239;
  -24.57660263209689, -3.871931931824013, 34.82355284057832;
  -25.31202875694137, -3.023552307598933, 35.95069748283093;
  -25.14449584170697, -6.31437724090507, 35.78975349737061;
  -25.99020851403715, -5.994978992877042, 36.97461113007151;
  -25.32834417960338, -6.950023197340353, 36.06642441695593;
  -24.65685371003969, -7.808795797241638, 35.14012084046909;
  -23.55237996309003, -4.76078213379907, 33.67668834973267;
  -23.26334057972495, -7.763232338998195, 33.27041245621857;
  -23.65322912670893, -7.195618759164359, 33.82235376227389;
  -17.45664220087532, 3.270048815935206, 25.26495752823007;
  -25.64978733977631, -3.931784823957194, 36.66688284244811;
  -26.44943104626747, -1.247219740865112, 37.83399291484427;
  -26.09183839140446, -0.1461933457169492, 37.34536610608953;
  -23.31523416911308, -7.23983419037449, 33.42329924703771;
  -23.14792628270642, -7.86117518786193, 33.21403517743809;
  -24.42587573517772, -4.331049308127525, 35.02961548951486;
  -25.59428562452802, -4.091137983834127, 36.67418252459984;
  -25.14343301950951, -1.629986812662512, 36.07373130293923;
  -24.274194639541, -7.111703196589508, 34.82064452780226;
  -27.24210779259305, -0.549422906234919, 39.03599883820581;
  -25.19851732640875, -6.37285148128777, 36.13921519595068;
