m=[-18.97692208286314, -3.219532928162484, 23.29938728325604;
  -18.87860798411671, -3.629291224960492, 23.18252636886404;
  -19.12760680771872, -3.802183320710156, 23.56128236747155;
  -18.99342759789693, -3.339210589516063, 23.40647019209463;
  -18.9512398156501, -3.524264000769661, 23.39730176984448;
  -19.27605741017835, -3.155814174146157, 23.7906974459329;
  -23.76860839654367, 1.945721978452099, 29.15827377480723;
  -19.1166251459268, -3.334051875413121, 23.75497007524458;
  -20.3046685137541, -3.516568561158112, 25.19173012006026;
  -22.00678252894584, 1.88791821538317, 27.3058978233872;
  -19.27146887584611, -3.535837167332915, 24.04256519435652;
  -19.7538422017106, -4.162621594120326, 24.61706597414444;
  -19.31340069312274, -2.752054132532682, 24.11473184740484;
  -19.80590669271951, -4.264473605854352, 24.73856333839818;
  -18.75781457375099, 1.985799736270118, 23.5654510027248;
  -19.48598650949459, -3.997332350481159, 24.49761041219159;
  -19.07502191631631, -3.344735150148452, 24.03926496386237;
  -18.87169345636312, -3.769443733700408, 23.85905235162844;
  -19.25603720401391, -2.681918611700828, 24.3365832625765;
  -16.30113893481262, 2.226962616785113, 20.86582343067413;
  -19.21446001493793, -2.464554757731295, 24.47715840358782;
  -20.0037716999888, -5.18308906774655, 25.49236993225796;
  -19.38075853617051, 2.241705295895319, 24.76995001070671;
  -17.97954977486385, 2.175750671585053, 23.07287301416347;
  -11.86375351618918, 2.300685811334037, 15.55989494166026;
  -18.84653425124096, 2.079842064595546, 24.19915722060799;
  -18.83096806873335, -3.42332354302223, 24.20209267771015;
  -23.73183918617892, 2.01612029314246, 30.30631934075563;
  -19.63741752512571, -4.349280845765002, 25.34308065800034;
  -10.49970191093586, 2.421791124382015, 14.01912417979594;
  -18.47220352040581, -3.635185746629696, 24.02523755139703;
  -11.75296531896917, 2.254892930952844, 15.66551950757675;
  -18.28908374192316, -3.885027525837353, 23.83655018997267;
  -17.75582733945404, -3.571532349345629, 23.19766774471437;
  -18.80244485719231, -3.214298913410188, 24.52310163785797;
  -18.73540324550471, -3.5844600681134, 24.44733646567378;
  -20.14426718851866, -4.970982667142907, 26.22018277341198;
  -18.09150758264812, 2.065109144458255, 23.69452014485633;
  -23.42141575353968, 1.992310555392031, 30.43910144793035;
  -19.34219752334485, -3.183651015343728, 25.38913936222891;
  -18.17122276799685, -5.071507492978379, 23.88890660355391;
  -20.05710688330026, -3.163648386433878, 26.30257476005438;
  -26.60091975297952, 1.81644062924736, 34.62434428801869;
  -10.69561105718373, 2.378979232702159, 14.52503285680033;
  -18.70120295169607, -3.531944231480852, 24.71228342875985;
  -10.61052411188227, 2.424953971578859, 14.44164937221387;
  -27.195241671087, 1.717539356049503, 35.55977084688806;
  -18.36711756197063, -5.664530192687789, 24.36107037045739;
  -18.29048542167939, -4.589799270444691, 24.29932813078989;
  -18.49322228158527, -3.394446778881404, 24.57318713616225;
  -18.67256335595018, -5.351843161048073, 24.83486081380028;
  -15.48329359658749, -1.794265641460017, 20.78025954270393;
  -18.27263293951797, -5.832834259782675, 24.39647321240183;
  -10.93108519321005, 2.173416268332987, 15.01600871465297;
  -15.02585375660222, -1.637514293404859, 20.28506446975222;
  -18.29783881086398, -5.560242926712013, 24.6217306981659;
  -10.26965234889346, 1.960542341328177, 14.2958071271332;
  -10.26333763003786, 2.122867154576947, 14.29256561902203;
  -18.38072434752216, -5.784978379600862, 24.83946472451229;
  -10.59029537343403, 0.8957757832589847, 14.76464726662644;
  -18.33670044505117, -5.679938349195497, 24.89362628215147;
  -9.664123805827092, -2.793654466830827, 13.59936009304966;
  -10.10837365548045, 2.314393736911392, 14.21627475075764;
  -10.20229449806911, -1.106784654869467, 14.3855372118649;
  -9.635907800673355, -2.65416666702558, 13.66237137259215;
  -18.40621543741705, -6.156176061898468, 25.24195583367725;
  -10.30173913317251, 2.222276141720172, 14.61758017814997;
  -10.13910483696522, 2.349533475548626, 14.40199485832053;
  -9.699262675043645, 1.260816778321929, 13.85551166370621;
  -9.882536164664931, 2.306619051285493, 14.1108394513048;
  -18.05663492282607, -6.094264446305438, 25.00259938048633;
  -10.15349577869522, -1.792398388015492, 14.47493225983861;
  -10.13816776738895, 0.8837327274244083, 14.50368712825943;
  -9.701200191954245, 0.6356687400411993, 13.92278182541636;
  -9.816004265429793, -2.68634478510806, 14.09641454503237;
  -17.94060295312895, -6.021329553383493, 25.05034899934739;
  -17.9294468580758, -6.21259316922423, 25.22342041461075;
  -9.754345024433656, -2.713443174161608, 14.17859663327003;
  -8.295045573430311, -1.220505095005025, 12.08925281418656;
  -9.836499059238445, -2.553801708713698, 14.44746454633846;
  -11.13977615682126, 2.266095401816683, 16.30840767757126;
  -10.04821131370839, -2.689834803173899, 14.81543975823273;
  -10.13898014071286, -1.884496654169251, 14.94882667605915;
  -17.5729354050688, -5.987303813896193, 25.28689429931925;
  -9.85560961471861, -2.709854854505357, 14.63742473879851;
  -11.12971023015879, 2.243102985173857, 16.43902804717813;
  -17.36595117692531, -5.995421036150454, 25.21377578356742;
  -17.54488149120208, -6.239305888381876, 25.61008325062313;
  -10.13433162558158, 2.335581284373268, 15.23845358362526;
  -17.2212937156421, -5.472599423383311, 25.2256152731538;
  -10.34764179579701, 2.308552367052779, 15.54966078089668;
  -17.30541166128098, -5.847750953898989, 25.36010385163919;
  -17.97700170557077, -6.391657247674627, 26.43662373951219;
  -17.02937792714461, -5.527653733286332, 25.1794783472846;
  -9.976314961700712, 2.284447253557802, 15.27851136763586;
  -10.82222657599684, 2.328406736840053, 16.50865103505362;
  -9.522463804651, 2.472518385759615, 14.65192481961808;
  -18.17102965547716, -5.764227163509915, 27.1367292485857;
  -17.48299490037262, -5.990248965316861, 26.20049040912158;
  -18.045571789361, -2.486405872125055, 27.02752090276636;
  -10.73363032961527, 2.181796539753732, 16.46529328905029;
  -17.1462727511831, -6.08446350287864, 25.79376880462344;
  -16.85521413948503, -6.114488948538567, 25.44515571347809;
  -16.37135067156504, 1.962841170104379, 24.78894265732702;
  -13.56507619591492, 2.268324984162036, 20.72916314290131;
  -17.45303834845721, -5.850498961218213, 26.51274841884972;
  -9.938297501787625, 2.341100204984137, 15.562593995872;
  -18.48096032267792, -6.293463802902683, 28.24724569625204;
  -10.83892343834796, 2.280741642737771, 16.99536093228038;
  -17.10906947250879, -4.333331753142442, 26.35777089644206;
  -12.59799204463415, 2.299070101093845, 19.77866509324158;
  -17.81748479080311, -2.344699876383807, 27.82262748629321;
  -17.15487635397164, -4.41966885456011, 26.82824181640851;
  -17.56951324717518, -4.790787321438053, 27.59999681800996;
  -17.24820368352477, -3.727330754742511, 27.27804622521553;
  -18.41388009047582, -4.782351199076144, 29.10164557925993;
  -18.73476359877985, 2.004018705193205, 29.76776994373311;
  -17.2227871246863, -4.22474776860627, 27.49282485736942;
  -17.70194415270642, -4.81708583589197, 28.24747489039566;
  -16.48034816548063, -3.887596726913957, 26.56549119133455;
  -17.78295548929328, -4.467689164748553, 28.62340126439902;
  -18.01869538706243, -4.961967144810791, 29.08886760983692;
  -17.20478699987407, -4.187117147314162, 27.91735655889777;
  -18.43182682648696, 2.036440472813307, 29.90066357094625;
  -17.18672025003437, -4.850146690263983, 27.99625975489856;
  -17.0969313697288, -5.403930054862718, 27.94446488108774;
  -16.92360906036333, -5.238583651768566, 27.71172554961125;
  -17.81664737935487, -5.814398102829765, 29.13309039153439;
  -17.21942191262385, -5.809505810301052, 28.26081356392603;
  -16.90930694274712, -3.699539695805554, 27.80892943004175;
  -16.3360277958047, -4.346784004172168, 26.92340153695615;
  -17.41157413348927, -1.257707937174873, 28.70796929549297;
