m=[-20.23760379263266, -3.59007255516979, 24.4961324389453;
  -20.14399755791703, -4.06511935136177, 24.41130752037384;
  -20.05875906655463, -3.34290905208225, 24.53330701515782;
  -9.190466365123065, 2.469696706552294, 11.83266362296451;
  -14.40624128284753, 2.278910557513249, 18.04442746819797;
  -20.69933977821597, -4.062900960976183, 25.56451754198943;
  -19.58551675408799, -4.249768348656285, 24.24697904480471;
  -11.2813077812068, 2.385162701593131, 14.38773695223206;
  -11.40777526240497, 2.29833998850007, 14.63305596483257;
  -19.35364288834778, -2.663519545956076, 24.17668867108971;
  -19.95046507701201, -3.758366048381677, 24.91072294908469;
  -18.94866968069641, -3.810226489139581, 23.7430578654477;
  -19.672924924137, -3.844311662950341, 24.65283485070776;
  -19.57700679393357, -3.386271437206868, 24.54948864362626;
  -19.25694175013314, -3.102676191448462, 24.19904381193031;
  -16.75647061359382, 2.255927664754416, 21.23170143177771;
  -16.07595705150091, -4.256859201773308, 20.43396167759221;
  -19.49594627835723, -3.312327185682763, 24.60793457449175;
  -19.37328482962254, -3.326362503087728, 24.49800495580086;
  -19.20263549959495, -3.980945050062056, 24.35477750812271;
  -20.61267911078024, -4.373063965434218, 26.13297477955626;
  -19.35303830551109, 2.018800493409819, 24.74265020394907;
  -19.92866725067006, -4.027077270026234, 25.45469995110674;
  -20.55128145520203, -4.609709401769755, 26.2490815669976;
  -19.29544989284306, -3.325226027630139, 24.73259504657219;
  -19.30335823420785, -3.788401231172542, 24.81636097114375;
  -16.61506270822474, 2.157701979356575, 21.55802385473943;
  -19.23361567311774, -6.04296384235523, 24.94616168329407;
  -14.21727295714194, 2.250910867046386, 18.71359721096749;
  -19.47577828967235, -3.991381414051596, 25.27588359050205;
  -19.66316384374089, 2.229398307356296, 25.53803913609769;
  -16.77100424425034, 2.166318695778196, 21.94922842941145;
  -16.78192937109692, 2.254202399174501, 21.9674898680401;
  -17.96322364579246, -1.921426858108269, 23.47857897864616;
  -19.19128040480022, 2.087428454416055, 25.06099132370056;
  -13.54158472111556, 2.33599732378602, 18.01275438972165;
  -19.39667936868674, -4.697468728539621, 25.63105255067475;
  -19.47919290500876, -4.059812684985418, 25.77041435662205;
  -20.13661025362258, -3.389570633779797, 26.63227556223161;
  -18.90924774960357, -3.559208422816072, 25.07593440154531;
  -19.64033735424267, -3.889306801022724, 26.04017860557645;
  -19.72302927931964, -3.063903670871119, 26.24166496206255;
  -12.1836083717491, 2.320847017625861, 16.57970771491405;
  -19.53064535732006, -6.044301458389851, 25.99175758524897;
  -19.73303926366834, -3.195667840092306, 26.27758423324451;
  -19.63482218444331, -5.384899496836658, 26.18298157789958;
  -18.92136638960388, -3.259866471675148, 25.34551166262351;
  -8.744790312813175, 2.566165594652446, 12.23091706808231;
  -18.77339757851902, -3.488949850237138, 25.20442129534288;
  -18.71356979378517, -5.673594997976472, 25.2099821721244;
  -19.29264881322232, -4.776411211644661, 26.00922034740339;
  -19.04516391509661, -5.367751568462829, 25.7097151719574;
  -19.47208272078979, -3.907191111808336, 26.30202927728939;
  -11.92428507999263, 2.247291222999484, 16.49373834852412;
  -11.46999064806305, 2.294277750543818, 15.91159216077101;
  -20.43155726585231, -6.408226445628456, 27.61139818761864;
  -19.53510094788128, -4.658762749016686, 26.47070611762173;
  -19.34075720857486, -4.524362219430085, 26.37314991757087;
  -17.56486128889111, -5.260468613846324, 24.05282438594606;
  -15.4396307133844, -1.653144545052137, 21.32442293069228;
  -18.81575869131387, -6.232365762730108, 25.77739209719918;
  -19.07239819118932, -5.887090644445922, 26.13324735728986;
  -19.87224935975566, -4.318480628112141, 27.220141004455;
  -20.33413250429889, -5.169670856992584, 27.85970130413341;
  -10.94758310260503, 2.555235292939582, 15.46176583487439;
  -18.89648123149742, -4.982674961436575, 26.00978902334879;
  -10.5971939543904, 2.448448389607704, 15.02089858697715;
  -10.8045682669332, 2.356001216500096, 15.2958334720797;
  -18.84340256773682, -5.198089869935055, 26.00977782539038;
  -10.73227972452767, 2.401098604340493, 15.23020214189991;
  -18.16067322515451, -4.592750855888958, 25.18639076133308;
  -19.2545164397993, -4.491900311111101, 26.66022666580228;
  -7.850096242900025, 2.542281809723948, 11.46190372435563;
  -18.43908176831928, -6.058833471751569, 25.65731526946901;
  -19.04312747513981, -4.283051453570886, 26.62665835458743;
  -18.41544613566122, -3.841509498946539, 25.83706847400166;
  -18.4549724371199, -6.277481546975503, 25.89066105771904;
  -19.3336793935414, -4.520615734133571, 27.0837806945941;
  -10.55644742519746, 2.355515521917066, 15.2456686375286;
  -7.602761757955879, 2.53698735845453, 11.27116240399734;
  -10.49630332379235, 1.990998354044595, 15.23697621278599;
  -10.37391310023785, 2.134946077751765, 15.07745251601857;
  -10.1535896745053, 0.874151113357953, 14.78327788229641;
  -10.40161272031154, 0.6818733421701537, 15.11966769063994;
  -7.725975582898027, 2.41317729145267, 11.49719504215386;
  -10.25404486745837, 2.287009003463155, 15.03897571552862;
  -9.897891745835175, -2.807206496680669, 14.54638319498083;
  -9.721752544075862, -2.486445897478466, 14.40828670305241;
  -10.37337230379817, 2.219341282969392, 15.34108635770415;
  -10.35181466323359, 2.361261606169911, 15.39162872432851;
  -10.11460589369579, -2.105850413878299, 15.06132621140153;
  -10.21688352069761, -2.752425987177495, 15.27387264034888;
  -7.287578677265266, 2.506874918952637, 11.18774021881528;
  -18.17731075078353, -6.440059394797663, 26.48633782319918;
  -18.0234275478666, -6.127245553705238, 26.51196169683182;
  -9.92983235216035, -2.714458967687764, 15.03713803974805;
  -17.5874861634306, -6.144466909538844, 26.01993540720957;
  -11.41429553595579, 2.271563873703885, 17.27490155263372;
  -17.89559250874057, -5.932831439741277, 26.55633094614099;
  -18.52882645734158, -6.591827292808812, 27.6403660451051;
  -11.14813002236053, 2.200857425204898, 17.03555948982311;
  -7.829341557011974, 2.452467557785607, 12.27046879692436;
  -10.37011210142636, -2.298375431986822, 15.93978217971132;
  -17.53069366078955, -5.8967627284214, 26.59834055480115;
  -10.83026436333079, 2.366404632622835, 16.84579213103236;
  -10.65922275861541, 2.399458826532481, 16.60163718343254;
  -17.75957768937163, -5.839115214849701, 27.28304434014226;
  -8.110687229408978, 2.435862748465164, 13.00166064765496;
  -10.51586190744784, 2.219725958690337, 16.61565679114694;
  -13.46929900861066, 2.209055040363507, 21.05366720971903;
  -11.09932379527731, 2.207203109874691, 17.57499310996885;
  -7.499847924343314, 2.460388065028842, 12.18241695437032;
  -9.713287161762137, 2.464293084484578, 15.54047120234058;
  -8.128863243096607, 2.475053350238797, 13.35867268983645;
  -7.474757655456194, 2.447100383414274, 12.37791416612302;
  -10.06407701623631, 2.381742304909593, 16.38576850833351;
  -6.49087466738171, 2.516764170347826, 11.10862845165767;
  -8.163217054971412, 2.475255861102546, 14.27490252281825;
  -9.525281778273989, 2.496611232096142, 16.59688210926684;
  -8.008514941131667, 2.467429830632126, 14.24807623318091;
  -8.748653795327931, 2.48035688805353, 15.52036984406729;
  -6.392385158251195, 2.708139701315739, 11.60888826336513;
  -6.798953292246948, 2.60450159926997, 12.29132038343987;
  -9.921807927793061, 2.466232123431031, 18.17052769807919;
  -12.22521988015156, 2.359762972640872, 22.27600411661951;
  -9.293753831664674, 2.564386767592143, 17.27469127938676;
  -12.06380395101683, 2.227206723774789, 22.20720897386553;
  -12.06884578870137, 2.28174133385946, 22.5461036482979;
  -8.858743277629461, 2.539378884519003, 16.99161822165938;
  -7.148025099342957, 2.57890460418096, 14.00024299323532;
  -9.3656125678131, 2.630313181051932, 18.07991385484252;
  -7.349814083109544, 2.602930294563323, 14.46842668462882;
