m=[-7.798064887271178, -0.1150899263634244, 9.313103172900787;
  -9.624035772490368, 1.454792561962256, 11.68645368183717;
  -13.39188581750833, 1.401364855118799, 16.00543315488442;
  -7.956134082091765, 1.39501150244354, 10.08347431273588;
  -15.32671776725173, 1.371902857699214, 18.96171321457233;
  -10.63362100738024, 1.393704739652716, 13.4832699373081;
  -10.75340008864589, -1.775008413861125, 13.58785269484347;
  -11.0729882939859, -1.576705246601255, 14.04784866238428;
  -10.56927904786852, -1.455466994886328, 13.49827245161487;
  -10.86850790724822, -1.698178286485008, 13.85178448471111;
  -10.66146966228338, -1.499691217783288, 13.74619496393741;
  -10.19803860548932, 1.395165147528051, 13.25814110362478;
  -11.32268212020232, -1.116172580099252, 14.57211641190426;
  -14.01991372613005, 1.406654949260456, 17.9475976744774;
  -11.08601267412715, -2.121417595332615, 14.30685692183105;
  -10.91759602651035, -2.420622725899577, 14.11157667725239;
  -10.71806660084849, -2.768191781102229, 13.89446982360348;
  -11.35414431531162, -1.233939315289264, 14.76088200020495;
  -10.84503733253307, -1.928767612190145, 14.16403236777605;
  -11.28016096683436, -1.847387616706808, 14.75985805020742;
  -10.73141917981288, -2.636800056010855, 14.07060187114408;
  -10.89730336153777, -2.350205083855035, 14.35859871032825;
  -10.95828009327632, -1.941640028587894, 14.49083922214866;
  -8.293292738071534, 1.411674554704387, 11.2476151958842;
  -14.21344536490642, 1.394816667186889, 18.65090137200676;
  -10.4325325937256, -2.840646231794291, 13.97201337470579;
  -10.44224590388785, -2.986070638376869, 13.98999430500656;
  -11.38507132021024, -2.097510484314646, 15.21289586111081;
  -11.0334310372591, -1.708620121573915, 14.77557704697812;
  -4.451714244610519, 1.406323911303446, 6.545554591846491;
  -10.46924870420556, -1.828279350033764, 14.21908283138564;
  -10.43627834526024, -2.078788011784595, 14.18677557990343;
  -10.54672978454455, -2.872375629869746, 14.32496436211019;
  -10.61685680654859, -2.040649048656317, 14.43595681079095;
  -4.009343562435181, 1.418253947748061, 6.060842741801648;
  -10.42927326978602, -3.03028178512627, 14.40371035247541;
  -10.18194154463746, -2.888259063872291, 14.11531935013024;
  -10.4505071120133, -1.707686475550541, 14.50122871789838;
  -10.25849331061293, -2.777261768392501, 14.32161414758372;
  -10.6251625619515, -1.697202096265525, 14.98805223021455;
  -10.37817639565856, -2.94164346845745, 14.66289563606268;
  -10.30385939367915, -2.746848467209919, 14.79402960073015;
  -5.731797461428354, -0.4772591461437156, 8.7663684451955;
  -10.17201603031054, -2.755931447466668, 14.93766242083391;
  -4.456617245691845, 1.403751390542696, 7.132377328092156;
  -10.23457183592776, -2.648839573819734, 15.82518467590109;
  -10.24302160395705, -0.3000091067620365, 15.99944014203584;
  -10.25008437958242, -0.3935766911894936, 16.06852043569809;
  -10.34858188523537, -2.638268851150485, 16.15873042774933;
  -10.35827928138071, -0.5489959393739826, 16.27159665332632;
  -9.884145257944855, -2.777639932126731, 15.70936398550184;
  -10.03270050742768, -1.595329323330048, 15.98135349645884;
  -9.801769535861055, -0.1506861810179996, 15.70533580729975;
  -9.947117629431347, -0.2293387714938828, 15.97638659388351;
  -9.882085952011671, -0.2987757231616058, 15.93591892508664;
  -9.929176221927198, -1.514124480029956, 15.97554338945083;
  -10.05524186402008, -1.68155152786495, 16.16810335990677;
  -9.879552815284994, -2.87652579134173, 15.89969568569816;
  -10.00829936857686, -1.342591348431004, 16.14658298994479;
  -10.16194300301152, -2.340122284521482, 16.36457667440687;
  -9.819450741505865, -2.388686669936341, 15.85205038019073;
  -11.39225207369903, 1.409714450289149, 18.42221400109144;
  -10.16210982918152, -0.0201441746879609, 16.488197199775;
  -9.777656656111825, -2.530669440166838, 15.86310305732744;
  -9.911518356453286, -1.952599099218689, 16.17570691889163;
  -9.780429919106851, -2.668584619914862, 15.97440011446016;
  -10.20308796968133, -0.1860609313407745, 16.72528962028596;
  -10.56074077220012, 1.37099862920894, 17.34808254487796;
  -9.849327173670003, -3.069660323941657, 16.12645969850342;
  -9.643994969580236, -2.084795608285641, 15.88476823867436;
  -9.750705375655224, -1.981644097734178, 16.06035342169697;
  -9.738061325250458, -2.228572117324874, 16.04129464689064;
  -9.962985772441035, -2.391121513591467, 16.39635866124288;
  -21.21696180613002, 0.8721346355044857, 34.14383764552114;
  -10.17031193435832, -0.5058588197222054, 16.78523256010167;
  -9.29426150572127, -3.492997604989718, 15.38938591770957;
  -9.657514099146596, -2.859376122424819, 15.97999756648522;
  -9.655601593318909, -1.489869078213593, 16.05725885376873;
  -9.731713039192075, -2.589731960270662, 16.14403409941074;
  -21.40829667975309, 1.164847916434543, 34.74069055789119;
  -9.673261730288836, -2.501657689552809, 16.07346142630967;
  -10.24165809782386, -0.2719809165556448, 17.05052078852161;
  -9.642695765805097, -3.028476325822465, 16.03387550147411;
  -10.10336783034081, -0.3842959564315817, 16.84998145111569;
  -10.00266547685265, -1.453301979648803, 16.66672159843617;
  -8.404970246908588, 1.368151681624311, 14.25285952643333;
  -9.798959922393049, -1.805905249988563, 16.40950006213278;
  -10.21415996885792, -3.368053811422143, 17.03002768117622;
  -10.16743548218384, -0.5982553742052778, 17.06753881983729;
  -9.62670101210262, -2.145996764404142, 16.18009139852593;
  -9.5933339219097, -1.985122191825574, 16.15389782124026;
  -9.621720282746779, -1.505037771851074, 16.25923604848844;
  -9.848612033250493, -0.2925369226620881, 16.68360456190171;
  -9.777465175486915, -2.920749107153366, 16.4983956312767;
  -9.600240853989236, -2.285196261971328, 16.24053297503537;
  -9.719766259597634, -2.424771648480801, 16.45284314934516;
  -9.528088613763046, -1.589736560414516, 16.17237209875637;
  -9.695977048515696, -3.056720133982921, 16.39360494881017;
  -9.614833030057007, -0.3832417978934418, 16.35841828529015;
  -10.0670743141924, -1.021469352406145, 17.08260176007363;
  -9.339235834088441, -2.426757351979484, 15.86854648156272;
  -7.851768353624627, 1.446378305027891, 13.58826960520324;
  -3.82864878222756, 1.452807143872015, 7.076914801201223;
  -9.441131691962404, -2.722063752943823, 16.06642107481563;
  -9.120981066883308, -3.570935536975811, 15.53570642592266;
  -9.747818484137689, -1.301204884701993, 16.63695195921804;
  -9.868697075151991, -1.23335717421496, 16.83876749451202;
  -9.501745487680257, -0.1761952932410562, 16.28200172166917;
  -9.693370398672988, -3.653519491497682, 16.50404727363777;
  -10.14370341390222, -0.6046490816847269, 17.34683911376569;
  -9.892777632443281, -0.7187487244611036, 16.93620826617893;
  -9.716375228823363, -2.883873874123496, 16.57849619295961;
  -10.04311061904862, -0.4814529517750067, 17.20409361078197;
  -9.726723159068806, -1.906861511604801, 16.66159314707958;
  -9.705383816825634, -2.163001675617698, 16.64601337661332;
  -9.90386854234912, -3.572581942138229, 16.93096798562343;
  -9.632260971024843, -2.585102707095413, 16.52321538632493;
  -7.278235608230628, 1.404547199458846, 12.82891154122308;
  -9.489996811374013, -1.597703827978863, 16.37967891442564;
  -9.871203676560429, -1.738546764139225, 17.00550212441253;
  -10.02703059752942, -3.265526918110928, 17.23663589981129;
  -9.282131853550391, -2.592074236235971, 16.04701847202392;
  -9.571851895475414, -1.826774904022759, 16.57754328432102;
  -9.701185661134479, -1.458085409582072, 16.81288385849195;
  -10.1701214269129, -0.7593964950305909, 17.63541408243085;
  -9.702518781617497, -0.3525330241877721, 16.88188790122331;
  -10.10687048529429, -0.8173076708455401, 17.54167713262467;
  -9.834044110190215, -0.5305463365953851, 17.13962303446893;
  -9.679097632963796, -1.176106468074339, 16.86955829651269;
  -9.539833676423145, -2.253954312332901, 16.61179891343981;
  -9.872647240845055, -0.4034002291584556, 17.23742126574993;
