m=[-12.41218940279387, -1.324313589786573, 14.7874494119424;
  -12.57002380531926, -1.256703658396651, 14.99649197473445;
  -13.29051849720068, -3.049052733109941, 15.86764415805228;
  -12.3674991393316, -1.603259495291456, 14.84137651527198;
  -12.7545709005878, -1.294317790654396, 15.33566545199879;
  -12.50830421626453, -1.564458244877115, 15.06008424148797;
  -13.02479357665644, -1.878697742208591, 15.65357656607097;
  -7.815748712374679, 1.516739293425883, 9.748109379346746;
  -12.78237020110931, -1.546261030280074, 15.43193638414209;
  -12.17198889459446, -2.544212337858582, 14.77038167076853;
  -12.27954639228019, -3.566829521165059, 14.89995033461812;
  -12.66151053044056, -1.361764432287984, 15.37799168508244;
  -12.4402837267553, -1.171659301998437, 15.24855373783204;
  -7.81358324297478, 1.489340341808132, 9.958119862244649;
  -11.87416283416947, -3.488253297773792, 14.67864443407195;
  -11.88834092974087, -3.420341818408097, 14.69793657319335;
  -12.39983607605747, -1.492558807791618, 15.37481776714043;
  -12.48271238885408, -1.24659648329828, 15.49536968809791;
  -7.692103277762348, 1.486528591753894, 9.9192473838;
  -12.64200419296243, -2.5527422025774, 15.74371074743802;
  -11.80470166888768, -3.328483119618669, 14.75317830856453;
  -12.04812369594865, -3.52538825511362, 15.09282748309443;
  -12.26485892177289, -1.270715029673579, 15.47344829205987;
  -7.062384169685629, 1.523927315586314, 9.403234857014523;
  -7.029688536002571, 1.429262257118956, 9.384782490469943;
  -12.05685928023335, -3.698541709622475, 15.47025329944158;
  -6.941807851907689, 1.479335817567426, 9.346350459138414;
  -6.9489548393559, 1.320469531642223, 9.361556308440509;
  -7.044006273040091, -0.458070127229722, 9.473186570392818;
  -6.983880202175665, 1.50864476513329, 9.476716258154745;
  -13.15306910362379, -3.274614429879386, 17.2181067389711;
  -11.75733576046796, -3.69898884783132, 15.55456378784977;
  -4.749043821519545, 1.469427678381985, 6.788768451322548;
  -12.29079760852866, -2.556505202804412, 16.30653072465165;
  -11.31079513588105, -3.433131008397227, 15.06987758244816;
  -11.72683614881191, -2.336568116044582, 15.9577545061146;
  -12.39504014670049, -2.86963916898323, 16.84838203597167;
  -11.9688201683907, -2.3216419258369, 16.48578888506708;
  -12.80131419209529, -0.3082630254203743, 17.78002372810416;
  -11.38138659933118, -3.552477722406315, 15.94417759445787;
  -12.40906165535554, -2.875662129440875, 17.32357234897352;
  -12.07715643652019, -1.257408361259907, 16.91287018956075;
  -11.46317619155107, -3.2284919991028, 16.14619160656569;
  -11.31797395402346, -3.329931610654357, 15.97572370572197;
  -11.2636020556866, -3.803576888494504, 15.89828775456741;
  -12.47079019536634, -0.975839137433646, 17.57613046631593;
  -12.21911418389907, 0.2850314897328335, 17.25376339496917;
  -5.377600716037498, 1.478875963812027, 8.062743689612763;
  -11.45554174036858, -3.760410468117082, 16.2922214220267;
  -12.55645208891333, -1.499883318451039, 17.83394033093422;
  -11.34792322897873, -3.593873584194908, 16.17267954152277;
  -12.46639852665322, 0.4283316481302761, 17.78512541077674;
  -12.54486884330872, -0.4627918673246004, 17.91587562285449;
  -12.69546388247547, -0.5331983244952184, 18.13039324641922;
  -12.66996375653233, -0.07099018336286132, 18.13457633535174;
  -11.25768498265946, -3.823177626263865, 16.15320268709835;
  -11.50870085625284, -3.371747894559741, 16.50890533931927;
  -12.14508409416336, -0.9989284951620688, 17.50299805270801;
  -11.70850550969916, -3.2057068913249, 16.88155043806971;
  -11.5545830311364, -3.471691682935183, 16.72095570244717;
  -12.05947670695463, -0.5199563946009878, 17.56064243844947;
  -12.35939346757027, -0.3463191845414748, 17.99373692478431;
  -11.99392883680597, -0.0669143276186403, 17.49524052310801;
  -11.49155463392598, -3.352054764921292, 16.78331006617836;
  -11.83117082962832, -3.840253915694152, 17.27121111794116;
  -11.56902932830132, -3.45647945341347, 16.92615768001039;
  -11.82922317794666, -3.37296086179257, 17.29352552636469;
  -11.54534034644491, 0.1893996411626149, 16.98933100919764;
  -12.1261057361829, -0.633636463428459, 17.80433709096842;
  -12.21387677725141, -1.051005398742722, 17.92635333700243;
  -12.68708963030209, -2.951859063638377, 18.58328209395964;
  -11.91397834477386, 0.4668471588013644, 17.55574748320251;
  -11.59237966419418, 0.3072069837536208, 17.11454493481144;
  -11.93675779670055, -0.3329909034706317, 17.59895751223983;
  -12.04933543079378, -2.680032710348921, 17.74793889312621;
  -12.14175758969729, -0.4375717624866239, 17.90652431566376;
  -11.95843174184303, -0.2680977567838211, 17.66888789547134;
  -11.80917727784686, -3.036821386854931, 17.43821900650054;
  -11.92836812836592, -2.456211822571687, 17.64634743024369;
  -12.79043111840176, -0.04041748963019299, 18.91039171582917;
  -11.85869466400202, -4.03635721784844, 17.54908248319254;
  -12.34258010178684, -1.399898015135452, 18.27602666985985;
  -12.05123588363899, -4.024274829651216, 17.8654838262133;
  -12.01187140047202, -0.1577285817083854, 17.8837289044303;
  -12.19541435574963, -0.2934659670363261, 18.14822095963559;
  -11.79066813696372, -0.4810161798138733, 17.57671258492794;
  -12.45804954675302, -2.927719011546353, 18.57880379715276;
  -11.92941228562902, -2.303229028707867, 17.83528456353123;
  -11.72304215316278, -3.06935563261581, 17.53740341692791;
  -12.22528996377426, -2.957932802795639, 18.29899491650146;
  -12.12506343199778, -0.07001061489809954, 18.21884287054737;
  -11.85992904669694, -2.997846859869557, 17.80238559765409;
  -11.23152974801771, -3.462213643457817, 16.90623396494788;
  -11.57196467163013, 0.09421642297252025, 17.45799345281498;
  -12.16992570936545, -0.8896805951052205, 18.32935361495532;
  -11.90602121797106, -1.022463913786048, 17.94903254584807;
  -12.37067397798128, -0.7580176092225286, 18.63084248825983;
  -11.56710850736547, -0.1836843499736048, 17.4859691848011;
  -12.65049595205341, -1.594951863227299, 19.048579726896;
  -11.79947905961613, -0.9419648709063059, 17.82296902009451;
  -12.43417908273635, -3.140315930223467, 18.72805348964716;
  -12.270743105508, -2.714484614370651, 18.50678150997091;
  -11.4379425589792, -3.392008091241272, 17.30172352241013;
  -11.85413916057468, -2.496113085337573, 17.96446875552898;
  -11.12906873093312, 0.195990770036072, 16.96442235202675;
  -12.08299598783021, -2.440081008099981, 18.363988748548;
  -11.84025147531762, -3.371446622123476, 18.030009993357;
  -11.65532041761388, -3.579552633108766, 17.80882779770782;
  -12.19156821851708, 0.6001156767147426, 18.65479832857355;
  -11.88356888002824, -3.357691394732259, 18.18049250460559;
  -13.11756286647229, -0.8426154001659852, 20.04359006657847;
  -11.9376997564691, -0.9406352271183885, 18.31280268799524;
  -12.82130390038921, -2.893506690048556, 19.60918998967647;
  -12.23940196438349, -1.716786601551854, 18.76518619037215;
  -11.80757424798796, 0.3696784615833706, 18.18942632423875;
  -11.91950628987453, 0.4560318392832429, 18.39662370384783;
  -11.58105556900742, -0.2532522136111467, 17.90195055122449;
  -12.1586531806846, -3.024998055665007, 18.74549498138418;
  -11.66373819483424, -0.3911419778255666, 18.05460291972352;
  -12.95865208372601, -0.5668157562694388, 19.99136628529713;
  -11.98521533896135, -3.874208533297704, 18.51423536149552;
  -12.06125941848574, -3.343533859830119, 18.63297390846203;
  -12.77024682266292, -4.038694082364006, 19.71579949441921;
  -12.02779914960231, -2.115628221862876, 18.72806264421758;
  -12.30063773707946, -1.049325801903624, 19.22246985613495;
  -12.0123508097756, -3.526958032567207, 18.84915130698591;
  -11.82844957990332, -1.767063501595872, 18.58875670469976;
  -13.33338013528093, -0.5893438898813573, 20.90883505836974;
  -12.44477415289532, -3.890062886948799, 19.52087334766062;
  -12.96674401900368, -2.535670590004047, 20.37154877737124;
  -11.94087951283018, -3.593453840746341, 18.81677937031371;
