m=[-10.68958500902496, -2.103689842565772, 12.88650150385187;
  -7.031095899722239, 1.321243106846135, 8.899015082784873;
  -9.143631172271142, 1.335546829334023, 11.30349218538203;
  -12.57455739211607, 1.34097265186591, 15.33951974509531;
  -12.75553882184882, 1.265052708493404, 15.58319410805505;
  -8.328020554132278, -2.206513914390725, 10.42793614542136;
  -7.591536638293996, 1.301622810370045, 9.732499636536309;
  -10.27070673710991, -1.125800774793961, 12.93931214504363;
  -10.23835048259161, -1.439678477363721, 13.01209059455113;
  -10.0130680787455, -1.63356838679962, 12.77422150428307;
  -10.8101641851858, 1.295561833260168, 13.92738113093771;
  -15.06414254960198, 0.855124403567186, 19.12190395882289;
  -10.00064813709737, -1.532659156729967, 12.94823082621615;
  -8.065900380689191, -0.1260408398281588, 10.65381439135323;
  -14.54696081570615, 1.264890845758967, 18.55136330106236;
  -10.31382608594699, -1.475176750999744, 13.36141118161503;
  -14.64952085461231, 1.19764185102846, 18.7415398618403;
  -10.47989174148819, -2.16110464025126, 13.65611653760826;
  -10.46609582671688, -1.42945963653572, 13.66742143177466;
  -9.971916737001042, -1.735800183695696, 13.05726648823961;
  -9.999125728088469, -1.637072825543348, 13.11743866153127;
  -10.2872404451453, -1.591675577286416, 13.47558763551302;
  -10.61645147803234, -1.387734022141555, 13.93973875194878;
  -10.55774982464757, -2.017901690339392, 13.86100130243206;
  -10.32893321491154, -1.443848805919217, 13.65521670645975;
  -10.01344309550623, -2.627734692021081, 13.30234763368638;
  -10.25256628083692, -2.156051165167118, 13.62133321347123;
  -10.21188630739864, -2.476752988410281, 13.57947252810375;
  -9.761762827355108, -2.658824392558719, 13.02567683332773;
  -6.502835762823445, 1.30233971555148, 9.101296164424449;
  -10.03577690098519, -2.964499956178262, 13.46832770561985;
  -10.18073006926148, -2.008102718718097, 13.6759805432925;
  -9.861012472098487, -2.549429761395956, 13.30931935834111;
  -10.29987706121333, -1.874044130007283, 13.88761668969184;
  -9.913248357701058, -2.141220302815289, 13.39165239616188;
  -9.955164046020867, -2.664296563843399, 13.43524246885186;
  -10.11096447595284, -2.454232235808735, 13.63432751520355;
  -9.946105357085509, -2.239351292779944, 13.48845513712478;
  -10.30629206749241, -2.438086600566817, 13.97819487391865;
  -7.945674884099449, 1.279376911699177, 11.06497354390317;
  -4.807098104770907, 1.324328120052684, 7.067173814648277;
  -10.28447668020155, -2.02001884807905, 13.99981712793639;
  -9.924817254960789, -2.835233031797227, 13.57945281572725;
  -10.40217774456079, -2.055406427184362, 14.30328500904748;
  -9.82566215269183, -2.909674645405145, 13.5493116750914;
  -10.1436365792542, -1.758015186960786, 13.99341385082292;
  -10.00720965575551, -2.099270438276104, 13.81493132117184;
  -10.103008331378, -2.053185724201271, 13.94823345311006;
  -6.243609162485905, 1.244520050484685, 9.037406699327441;
  -10.07290553979885, -1.903976961306951, 13.98202962401282;
  -5.781260437138007, 1.305570961993857, 8.476847862330358;
  -5.853216209400324, 1.286904738955904, 8.582321222408112;
  -10.06123082688285, -2.040688990677232, 14.08192577717857;
  -9.927456312952435, -1.651273106352536, 14.02077593501939;
  -5.588079743172992, 1.296903271730496, 8.369282857041823;
  -5.618568374240297, 1.140013960762827, 8.445495960660162;
  -5.625005494035087, 1.213812844611988, 8.462277462839454;
  -9.635105454682472, -2.973070482814532, 13.76407370613178;
  -5.639144850555956, 0.760085852908416, 8.488874607814111;
  -4.211519528446032, 1.324811341130392, 6.586031283595067;
  -5.553073580227053, 1.284465116455945, 8.432228399676989;
  -9.746103866696965, -2.874104145609721, 14.03511998734617;
  -5.527349601745887, 1.290422705841169, 8.491665201347116;
  -5.324883711053164, -0.9153078398371209, 8.162905949733426;
  -9.629726849034951, -2.975622466347675, 14.04977298043034;
  -9.557221630873247, -2.999409095531955, 13.9484516785284;
  -9.366063118834701, -2.58635974580032, 13.71230003528543;
  -3.697468381179532, 1.357557747057761, 6.024549323666862;
  -9.957757742057412, -3.014981350234839, 14.7071535203785;
  -9.547456503048082, -2.779721244912398, 14.15913400680976;
  -9.767285054003814, -3.025224072826176, 14.53230681322323;
  -3.924057708708268, 1.334261641274519, 6.459901588244693;
  -3.928216244803407, 1.340648869082694, 6.526645813142814;
  -5.707837104302458, 1.247782101134869, 9.213015422140934;
  -5.99003754346489, 1.239320003608906, 9.640845738876266;
  -9.725991198629112, -2.650629748134523, 14.98870796501381;
  -5.215697577172575, 1.341226982512774, 8.588178374056112;
  -9.611181837094735, -2.671189058223182, 15.15173346719549;
  -5.353566241972824, 1.289773578014876, 8.922387174488872;
  -9.475727991934752, -2.51021103114239, 15.15400192306615;
  -9.859206348568883, -2.701148943321113, 15.73102876328225;
  -9.218640954937943, -1.894014040934087, 14.80342346328889;
  -9.483278084580926, -1.680981426470036, 15.26626076957516;
  -9.555707022410717, -2.390022342867077, 15.4939300990639;
  -9.781053268784659, -2.357758308545881, 16.03185769763464;
  -9.530168928727653, -1.834361354847402, 15.65236413322771;
  -21.32350999861886, 1.149102841105484, 34.49843532448647;
  -21.52043007605075, 0.295357851188027, 34.878987435951;
  -9.363586195780542, -1.542693208282236, 15.61343379591558;
  -21.27662619462606, 0.4738658701118934, 34.55271975677832;
  -9.306062432107151, -2.36868249973885, 15.57674877936663;
  -9.735481373803426, -3.108435335676038, 16.28536533620831;
  -10.60228520825849, 1.251396131903265, 17.83016445079106;
  -3.528303390927556, 1.378824178500309, 6.535056254616078;
  -9.042707946895495, -3.016628053608367, 15.21898066667061;
  -9.109963625806374, -2.595945950772357, 15.3560109379806;
  -9.285627416172162, -2.440595216496554, 15.66051246897953;
  -21.14418478779394, 1.116602729561601, 34.91897463866381;
  -9.354180066330381, -1.636977281972653, 15.84589441279905;
  -9.273694687042053, -2.045624521784554, 15.7275693791174;
  -9.387491149815613, -0.2981055992017354, 15.97728939988828;
  -9.089437386680118, -2.729135058045895, 15.43889198999402;
  -9.279983860868104, -0.09359761023928791, 15.89663480556692;
  -21.10877188955611, 0.8905662238905677, 35.1406315319126;
  -9.044142636387093, -2.823752034993505, 15.44072405337507;
  -9.25208512967142, -0.6125608577149879, 15.86945744563113;
  -9.008020625553661, -2.28541105737032, 15.42656708319574;
  -21.09285713799265, 0.2310576077020117, 35.19996553342799;
  -9.305769272704699, -1.27314420251109, 15.96443326570071;
  -9.450284983887533, -2.507343543780724, 16.16437541773126;
  -20.38332353898491, 1.078142770238629, 34.13933235781006;
  -4.411422265183481, 1.348813037468497, 8.093837576956259;
  -9.095109357669346, -0.2806622571091827, 15.70771197351452;
  -7.88630076985982, 1.25685020271938, 13.82019388987384;
  -8.888026534201597, -2.972276986851886, 15.31952847297303;
  -9.1111579602352, -1.593920304572998, 15.74570390328657;
  -9.054148391813206, -2.653797068873395, 15.62354742401255;
  -8.897964540573051, -2.538903662592742, 15.38551737678321;
  -9.388015860298946, -0.4832434300392793, 16.27868917327697;
  -8.915870679845732, -3.06705834371562, 15.42443693294915;
  -9.867567711279678, -0.6471101253834345, 17.07847808759211;
  -9.183777603344254, -1.523462083048299, 15.92450653133201;
  -9.219053831718515, -1.660857338096312, 15.98857727136305;
  -9.358915905387288, -0.3693667347901964, 16.26704605087185;
  -9.016388810248369, -2.870239088581441, 15.64717340445601;
  -3.40750074968756, 1.411951068855742, 6.518675741498836;
  -9.29215576968968, -3.348378186872062, 16.14689091977972;
  -9.439967122253437, -1.948317226219369, 16.43310435916814;
  -9.571236434191638, -0.7107382408119559, 16.71964769852278;
  -9.068970911724813, -2.245514951476857, 15.85048113869475;
  -9.118661574017533, -1.788393441190051, 15.95022535639392;
  -9.020237192107055, -2.079565719715025, 15.79286005801881;
