m=[-8.067111968990018, -2.136144038387101, 10.25401201901053;
  -9.66440702208498, -1.659363469621148, 12.22088526566754;
  -9.835456034407295, -1.872077810667329, 12.41963833861029;
  -9.985934449316529, -1.696592803378626, 12.60432389818067;
  -9.778902453601415, -2.027288041713097, 12.40262012660301;
  -9.843153103049094, -1.367188551610648, 12.4899501370248;
  -9.568831388511006, 0.9981668626667469, 12.23364745984487;
  -9.884218708064656, -1.997349445928297, 12.62501994238687;
  -9.637902771036798, -1.660920337385204, 12.35370761801744;
  -9.587671298856527, -1.881638692706791, 12.32589215504772;
  -9.597229108591705, -1.883514470886356, 12.33817965723277;
  -9.788675855500808, 1.10983448833233, 12.7132942122093;
  -10.13311042462492, 1.041220736803315, 13.16300418321677;
  -9.304085545748286, -1.729099099917974, 12.15386563242528;
  -9.550582573632424, 1.038813325632192, 12.47165702160348;
  -6.007560847241351, 1.132205299778792, 8.309692032899466;
  -9.482412844562196, -1.976304672290782, 12.54496063038055;
  -9.765215831605104, -1.643766671670847, 12.91527797759244;
  -9.456903946591991, -1.780033379761415, 12.5409908499098;
  -9.539127724000032, -2.155799655334871, 12.71138638825164;
  -9.805697690190426, -1.587984108251537, 13.05779832375449;
  -9.510628311828677, -2.608313797287324, 12.68239679196874;
  -9.97001851051011, -1.548807532574868, 13.26519784122094;
  -13.35795517979981, 0.9027112417394865, 17.47886526353954;
  -14.09807248407549, 0.5055975610567864, 18.39951211642078;
  -5.46396490771265, 1.191450472748855, 7.735237101647051;
  -9.413211502385245, -1.749402191272846, 12.63780556801064;
  -5.426113837295369, 1.21396708771453, 7.700210272948855;
  -13.61874318656876, 0.849778977770974, 17.88976420395902;
  -9.317994515800168, -2.825037000346836, 12.5527346311706;
  -9.437978922647154, -2.336624108893864, 12.72373098218848;
  -9.472542240072022, -2.669772425858329, 12.78730726772806;
  -9.686355546807306, -3.038063079046515, 13.0902317679302;
  -7.698042512771844, -0.8242410212918012, 10.63213993444099;
  -9.743349977186524, -1.511987069259823, 13.27456765570613;
  -5.287429777043491, 1.002949672705956, 7.675506247706245;
  -5.254238504081738, 1.081319631027603, 7.636513896700414;
  -4.988960427381813, -1.414952040602184, 7.331998771539168;
  -5.181655586076725, 1.155689596776649, 7.599614935618723;
  -5.147477940095563, 1.174146024051548, 7.653544030498882;
  -8.807547279960174, -2.962576241089786, 13.36319865818375;
  -8.855456402754497, -3.15776572707224, 13.51037442917185;
  -10.98134084275275, 1.078645476572716, 16.75838915468773;
  -11.10856919058073, 0.9516485142018748, 17.02104712599794;
  -9.286058182612026, -0.6954221522394823, 14.45404320251472;
  -8.702053986378928, -3.059524075998366, 13.61486206021549;
  -8.620452780297701, -1.801114820048934, 13.65352379260876;
  -8.889036384867721, -2.379084302573612, 14.10254178572499;
  -10.5170754310151, 0.9516699737498693, 16.6450685238883;
  -8.584011771133927, -2.064060955444484, 13.85256913804329;
  -8.790781112840415, -2.73396117488238, 14.16768401431687;
  -8.976473658041567, -2.403160844804315, 14.45190991351809;
  -8.877562838985881, -2.187607271035689, 14.42340661390986;
  -8.452168417625936, -2.264662074387755, 13.81365296858207;
  -8.955940203978797, -3.217843611107953, 14.64388641945722;
  -8.545173276467621, -2.037347556546219, 14.01002243708075;
  -8.443564336718923, -2.070105848011005, 13.93358658812525;
  -8.749064465496588, -2.710330830714107, 14.41699433192144;
  -8.953380036313078, -2.865851866180892, 14.75716359135773;
  -8.806531699871085, -2.912531882663211, 14.56583718156118;
  -8.806320172398811, -1.89020629793185, 14.58885900378811;
  -8.500482096605168, -2.212480052339062, 14.12530139296537;
  -8.664249726633514, -2.491320406866243, 14.4251283118799;
  -8.590677056240139, -0.4808245381332321, 14.36220586400392;
  -8.548345843707438, -2.515484705856818, 14.30669508754265;
  -8.976078636537535, -3.12272689476188, 15.01400361701792;
  -8.915262073005904, -2.466965418451555, 14.92371691947778;
  -9.68714763326045, 1.032841651570108, 16.18172823152306;
  -8.511030359973825, -1.738277276553057, 14.3474203771192;
  -8.562103242024252, -2.419296309476965, 14.51192000016822;
  -8.285556632650534, -2.673695285124262, 14.0801029675155;
  -8.738434844444379, -2.028861276625449, 14.81354744620706;
  -8.588690028555661, -2.503562569203446, 14.62750115632523;
  -8.573629457868336, -1.861718079435634, 14.62212069796424;
  -8.381315537433951, -1.699083538738714, 14.42565520469208;
  -8.563118712743572, -2.733456486316536, 14.71833395309859;
  -9.767363792333239, 0.9564775584877028, 16.70506677719743;
  -9.533895555075278, 1.015378566177059, 16.33549094512473;
  -8.650158342640248, -1.963489653516108, 14.90129123381668;
  -8.108457939252299, -2.498164758264202, 14.15246776376413;
  -8.368929240247127, -3.229652219142425, 14.5759185751876;
  -4.878261308497482, 1.247197283810952, 8.930851924127655;
  -4.956576318561565, 1.232040352729655, 9.077338317725266;
  -8.387952287895834, -1.794699560048744, 14.69450465467857;
  -8.323709801588999, -2.906242179309211, 14.63699664351125;
  -7.582289788165986, -2.156658513457577, 13.44150870236022;
  -8.327641735196316, -3.282896766673758, 14.7170973136544;
  -7.257919397991922, 1.072679484518495, 12.9670616573884;
  -8.407698654732622, -3.049763837377482, 14.87043807200304;
  -8.304785605050959, -2.481290585111946, 14.71537591982605;
  -8.414127213733567, -2.61338569388973, 14.93163740526692;
  -8.177598930881658, -2.373337827354853, 14.55961252707183;
  -8.116642261450338, -3.144277150915281, 14.50140084836231;
  -8.218705792208278, -1.892778802031752, 14.68526387603859;
  -8.156448740383221, -2.790687658898611, 14.59320122845637;
  -8.292976606716708, -1.770221459690528, 14.82889681697554;
  -8.161517297758747, -3.249085300478512, 14.64833986135862;
  -8.169734133727872, -1.793550013814869, 14.67901051585391;
  -8.56911025312067, -0.6924360307987193, 15.36594524079323;
  -8.515265089253091, -1.745042448796324, 15.29161772409096;
  -6.171957780890241, 1.139460316519338, 11.3614210554667;
  -8.153720976781177, -3.017004001500993, 14.68640081278821;
  -8.441048564458662, -2.965851347531448, 15.18668647326856;
  -8.1885899659553, -2.04351248958578, 14.80907020942837;
  -8.31501349861397, -3.453029950004129, 15.03510421558308;
  -8.167288689296129, -2.392431348824184, 14.80912087951847;
  -8.673519409933626, -0.9088276342534478, 15.70545175769567;
  -8.199252954611049, -1.775084937613603, 14.93050171308256;
  -4.502207489801858, 1.290568004402706, 8.635512783691299;
  -8.63395112923719, -0.8047494960446241, 15.72122148045219;
  -8.192037836144714, -2.540973706056602, 14.96339081124248;
  -8.300145501147799, -3.163380525214143, 15.16289075787705;
  -8.164865539175999, -1.86632589044577, 14.9421609780993;
  -8.258213629646324, -3.311265181314981, 15.13477271536618;
  -4.547847443069178, 1.277253675432723, 8.779424666597786;
  -8.479992811290149, -1.300469367283464, 15.54269943293394;
  -7.962006520985614, -2.939993970429596, 14.65330843306893;
  -8.012836878040535, -2.166022998774911, 14.78709042772654;
  -8.038973235657535, -2.241572228750023, 14.83443230321825;
  -8.304230944061469, -1.499915109977305, 15.31197186788277;
  -8.137410858834102, -2.323848448999327, 15.03768234548426;
  -7.969649657348913, -2.398626217901, 14.74805834342569;
  -8.292827082667076, -0.8738255067888094, 15.31966103229301;
  -8.610789144081386, -3.569827283873658, 15.87296972320576;
  -8.389874904188371, -0.5620300796565425, 15.50757308713685;
  -8.519997400681383, -1.032060328394083, 15.76223491560907;
  -8.117328882461475, -1.620502112346614, 15.06696315372455;
  -8.149407886384601, -2.393271560312921, 15.14117939553628;
  -8.096694405866193, -2.187316243185718, 15.07185248311841;
  -8.170222979312614, -2.835516684579901, 15.19582920618018;
  -8.005185038340573, -1.756293595256479, 14.93493027377168;
