m=[-21.06927154887491, -4.5588869363604, 25.69181759892097;
  -18.15686354379538, 2.495015597989456, 22.49786110275603;
  -21.38818084957644, -3.605005105533772, 26.29413038914616;
  -21.33140598573321, -4.020794075877304, 26.30639334741126;
  -20.34954674601356, -3.242622562141535, 25.1487225305404;
  -15.33565118218712, -1.339904703142447, 19.20508061057258;
  -20.30303912528632, -3.688850221625778, 25.18951261482194;
  -9.073495183141164, 2.613683682478681, 11.8087904791796;
  -20.75465291194115, -4.19823075415551, 25.78539669401937;
  -20.6154163993079, -3.594733224213398, 25.83425078418058;
  -14.97891205042466, 2.460401971563432, 19.12771838126144;
  -20.78969965593728, -3.764261503285843, 26.13311227941289;
  -12.35459926784965, 2.505497160396977, 15.95089211511939;
  -20.13109142435085, -3.200801714014017, 25.35479330733086;
  -20.12485038636767, -2.968696121374854, 25.40079557953507;
  -19.69310933900389, -3.071128462260291, 24.97846264349156;
  -20.08216985421254, -3.530052206159758, 25.45983193277264;
  -20.05624212879917, -3.163533140708226, 25.46658833021065;
  -20.81343327106321, -3.66168458342867, 26.47756783681702;
  -16.97988087390659, -4.217644013245365, 21.78961999421626;
  -20.4208663042832, -3.214720844755707, 26.0824261748833;
  -20.06742108941869, -3.750153554762805, 25.71811653937948;
  -20.33597900767854, -3.219595363211429, 26.14535802094355;
  -19.86172210633915, -3.605356986899298, 25.6240523414985;
  -20.22282076990443, -2.602097245474573, 26.1208478954597;
  -9.656062820509691, 2.614789366271829, 12.98593806791419;
  -14.69802441109717, 2.498259206070138, 19.30303608345334;
  -20.29777976427447, -3.854684294667378, 26.40214647397981;
  -19.92096638927727, -2.987676772017365, 25.98039274467881;
  -19.68645551445042, -3.37696281027069, 25.79858991668162;
  -19.59619244033896, -1.836338085062403, 25.71395010850258;
  -15.89339287802127, -0.4603827317518647, 21.05477090730652;
  -20.4679219764812, -3.295960945207771, 26.85855004051708;
  -12.44420118717939, 2.502757771883095, 16.74951761073465;
  -14.68223054892625, 2.412873230603996, 19.66472774127968;
  -20.90407073199097, -4.740743438161229, 27.62970710751068;
  -20.58757662169226, -3.178275162719857, 27.26277614960427;
  -19.15937698831991, -3.706334030272803, 25.43311984597761;
  -19.63994748088164, -3.593007581599987, 26.10373460462336;
  -20.59514033730983, -3.567904770434001, 27.33655017708993;
  -19.23467955795477, -5.955687716309527, 25.56467286882802;
  -13.88027453219198, 2.474178516734542, 18.82814978094807;
  -20.65639235242425, -2.924131295125113, 27.51029997032705;
  -19.54410054410184, -5.703390055735548, 26.05194510780073;
  -20.72525569979728, -3.066118688465231, 27.62015154971889;
  -20.06892592895022, -4.230319530257217, 26.77850671988644;
  -8.190038187878566, 2.636441688181322, 11.52945653792181;
  -20.10089609792905, -3.168434620614792, 26.96324266612317;
  -19.60178070249372, -5.593650761395043, 26.43196822796323;
  -20.24608740117682, -4.680785232207265, 27.30221584492646;
  -20.02832393742858, -5.300180258896028, 27.04554606796762;
  -18.36345782570623, -5.432632483283333, 24.8932553009757;
  -19.65409960243104, -4.370231924797858, 26.6617365536167;
  -12.7634624825067, 2.489863892114151, 17.76008387198603;
  -19.92746258159014, -6.37007635087134, 27.15879190723925;
  -19.85987862661792, -4.325219411188072, 27.09467613924414;
  -19.9718628639245, -4.034578416793561, 27.364741684447;
  -18.99224930557258, -5.935279861972834, 26.04635063085916;
  -20.24426679945064, -4.820956112816427, 27.72487926553141;
  -19.45541887175142, -5.659614285938331, 26.67005366422422;
  -19.57160692726806, -4.830150231957954, 26.94814865899726;
  -20.57647278208218, -2.942305203711539, 28.34635042907291;
  -20.20283557523993, -5.225369267671407, 27.860482143964;
  -16.0799692548374, -1.516757834043633, 22.40159066321801;
  -20.01759414565822, -4.341359233339418, 27.70369701863145;
  -21.02799871549143, -4.984489907920837, 29.10104151462889;
  -16.1832801706896, -1.784756027580527, 22.75003224071321;
  -20.35320795038685, -4.25728104141655, 28.42127689690803;
  -20.29362444879103, -4.416865161924065, 28.38900687469669;
  -19.44019950331854, -6.23571775639417, 27.24635506647934;
  -19.31677973166728, -3.733351583343263, 27.11127177766481;
  -19.85341716164003, -4.444648659926483, 27.86247493438667;
  -12.45297412974552, 2.418942125745566, 17.91151092212814;
  -19.74653064413877, -4.025828293416179, 27.83864167753767;
  -11.38743157791654, 2.522874274694516, 16.54251125019814;
  -20.1976694850316, -4.334618406291073, 28.70217309103878;
  -20.45537220020274, -4.568896366667252, 29.08778851595072;
  -18.85017592825008, -5.196864318254368, 26.91143973596267;
  -19.52145913520941, -4.041463688899538, 27.99516042561423;
  -19.56033126873723, -3.633043595354249, 28.08462924160221;
  -10.96157028830629, 2.496666212962966, 16.26329040422165;
  -19.54361568663195, -3.810886043678334, 28.21091622669709;
  -10.9940158817449, 2.151808938656728, 16.38414092957881;
  -11.0451214656193, 2.331512676915423, 16.47573521223253;
  -18.93299415015238, -6.328083381128918, 27.53321967518728;
  -8.204333693138441, 2.655371355139974, 12.52726690601774;
  -10.96782066700735, -0.8650864823114035, 16.37566892201383;
  -10.95490531640147, -1.053083352673156, 16.35643134067904;
  -10.87589492976213, 2.468428923105463, 16.37297349661495;
  -19.5888940487198, -6.276307483341041, 28.71860515221461;
  -10.62472501413774, -0.6253366432499212, 16.0394930785334;
  -10.44677224572141, -2.491700439696369, 15.85132296217478;
  -18.67366313479562, -5.837749126529856, 27.65353805883379;
  -10.50778990031929, 1.769367313702469, 16.03263812923129;
  -10.89181556646541, 2.043570228007467, 16.58365709808236;
  -11.03475592829008, 1.703083183159369, 16.80039819852945;
  -10.7500758248199, 2.484337018906474, 16.39792095619728;
  -10.23713536334044, -1.96321869493685, 15.62344540630864;
  -18.7891877067911, -6.291644796406807, 27.94485886284901;
  -11.07990155223972, -1.962773582720672, 16.89391316994253;
  -10.24677889297881, -2.351818485055943, 15.72694054361899;
  -10.15265541952966, -1.191049248210157, 15.62380525907047;
  -20.03544573414329, -6.590140538689041, 30.19133845834232;
  -18.47651983225991, -5.848143767643751, 27.95084064285839;
  -19.46053517236056, -6.531257519318858, 29.5392688265003;
  -11.82833810680687, 2.376303785132356, 18.410678637246;
  -7.704211941979269, 2.638292737878492, 12.36876886604969;
  -19.19379011156228, -5.930516472423843, 29.34888683413589;
  -10.92600071633037, 2.496783010650362, 17.38815331064194;
  -11.25591938253646, 2.479848624660748, 17.98593240147043;
  -8.100691034842923, 2.533011259179383, 13.20324750148476;
  -10.93263065533431, 2.349355006341163, 17.63104110391486;
  -11.83597649840609, 2.395831136842615, 19.04603927409542;
  -18.94165353551579, -5.629315821953051, 29.84197959495591;
  -10.17753909148818, 2.602612792236462, 16.66994631031875;
  -8.534288763024245, 2.562798594641569, 14.15106210747534;
  -18.42792108243276, -5.094553918226157, 29.39982869439283;
  -6.832972770732179, 2.702925196073145, 11.54242262094112;
  -19.06904233561934, -5.544328238311943, 30.52756282816821;
  -18.76865485614611, -5.690097355811528, 30.27363954854625;
  -8.006128166145761, 2.620135040526718, 13.49664758684051;
  -18.0220197402605, -4.140909948338813, 29.14565383454179;
  -10.53691807608293, 2.517123672398763, 17.50548521354793;
  -18.09348134740411, -3.886325816315282, 29.31945108223947;
  -19.348174667826, -4.846714561703882, 31.39667634128149;
  -43.91401265430662, 1.791738092059075, 70.65631067892305;
  -8.437583454052655, 2.563835944047171, 14.32205572132129;
  -18.36105018463238, -5.325086398886167, 30.06048508201765;
  -19.71200518107052, -5.901611927094767, 32.20752581891574;
  -17.46880287729387, -4.83868299893488, 28.71229782343021;
  -18.55871669630254, -5.75448109397681, 30.4761507088905;
  -17.99619957684444, -4.206065277870147, 29.61349421926843;
