m=[-11.18072600450664, -2.456379659019166, 13.87124969302125;
  -11.34046053242712, -1.949756169007641, 14.06381179876787;
  -11.27677480254724, -2.275616537244785, 13.9987070718438;
  -10.98305928573002, -2.664859079938128, 13.68225047388614;
  -10.80406858834262, -2.469526043521986, 13.48643152363598;
  -8.344875633470736, 1.462028317568524, 10.6992176062936;
  -11.17086801172498, -2.39499463512958, 14.05385535317964;
  -11.40997520443357, -2.235893977428096, 14.40877426469667;
  -7.774596570752755, 1.449477903977594, 10.16080180244465;
  -11.12716489988948, -2.672776782417889, 14.17832453721711;
  -11.21372568751354, -3.018325445174723, 14.30929509274607;
  -11.39857848259029, -1.728415385462704, 14.56572981682281;
  -11.34825973627261, -1.815680637403817, 14.51874399083135;
  -10.98402245214587, -2.728133630411108, 14.09977068728918;
  -11.09693681859295, -1.896629801985796, 14.26590500170327;
  -11.37506798272012, -1.883619702508046, 14.60505149206762;
  -9.360748951794626, -0.5708462303008168, 12.25427395171663;
  -11.15149475981403, -1.925256180070758, 14.49504407828388;
  -10.8881007843649, -1.790154569532694, 14.18964030553083;
  -11.16447845776117, -2.784270181654894, 14.51607486860855;
  -6.828322471314404, 1.492205325766594, 9.306205615651901;
  -11.2571674091088, -1.569084410681513, 14.83425119540293;
  -10.7276936375483, -2.784696793404244, 14.23765055012533;
  -10.98386911751804, -1.602807431822041, 14.59353429240993;
  -11.18847370990544, -1.899207859115784, 14.85445708790344;
  -11.14729514286775, -2.094761781944708, 14.82161984662128;
  -10.61097939652466, -2.615002353005974, 14.19353755735185;
  -10.98063753950799, -1.496933743552375, 14.7059047610584;
  -7.043380842551138, 1.404456890462409, 9.806275682325849;
  -11.22239705287638, -3.087190708898654, 15.14243353407083;
  -11.54318463508043, -2.65305651910107, 15.59823328846101;
  -8.69621478792973, 1.466317807744575, 12.02829380681017;
  -5.413379750854636, 1.444557735839979, 7.846029695139287;
  -10.79030048527286, -2.735658844021905, 14.75014976920965;
  -10.71384274768755, -2.604838379119553, 14.70817954933313;
  -11.15777288885484, -2.901208953415864, 15.32373781568228;
  -6.292220774272256, 1.277488355774398, 9.146715621367594;
  -6.304678100226206, 1.361087629268702, 9.172910274680506;
  -6.232737898934076, 1.418480349550166, 9.147496186603208;
  -10.82043907247838, -2.668026323910614, 15.16410956028828;
  -6.090019834359688, -0.7970170241470188, 8.951850379912518;
  -6.098464139677906, -0.8625719175997013, 8.968153151228124;
  -5.188955029167792, 1.444283642657128, 7.795010573711735;
  -6.25678657628235, -0.5819806640828668, 9.208703001249901;
  -6.064807262493383, -0.8150763672349896, 8.966041966545188;
  -6.27535543610605, 1.436805074768802, 9.295108645572594;
  -4.769879069895416, 1.43110901685837, 7.38565721451901;
  -10.48800796737109, -2.419321643227483, 15.59783035076745;
  -3.833763390302065, 1.470599688545574, 6.354619929554493;
  -10.42261195680722, -2.654850418502444, 15.74943155656162;
  -11.52598042738149, 1.505850152463578, 17.51392525330246;
  -10.44188443853872, -2.281175090966694, 16.0128607152777;
  -10.25428242140049, -2.399931886468056, 15.81343316630634;
  -10.16644355781183, -1.392759206777667, 15.77292069802272;
  -10.33596971957423, -2.548184297742221, 16.03359876212709;
  -10.34647496324273, -0.08619778546400175, 16.12354288990955;
  -4.435670316251135, 1.465474863556807, 7.437351766333683;
  -10.3156795290859, -2.653126301030739, 16.0752217416557;
  -10.17289840596945, -2.089144649228147, 15.91845343672864;
  -10.30131073947456, 0.1195817061570608, 16.15190714304801;
  -10.69808362725806, -0.3973444036663375, 16.74828331397706;
  -10.2515102587581, -2.461074891496886, 16.13554487271981;
  -10.17001288408124, -1.375163956368843, 16.05509478251104;
  -10.14373972843694, -2.889964399099002, 16.00193018101968;
  -4.120831962829689, 1.492851316870631, 7.065087616456887;
  -10.54109792320439, -1.332902172101251, 16.65797037554649;
  -10.58028052543656, -0.269448609124712, 16.73826139255418;
  -10.12190299545582, -1.412635725958476, 16.03151452069089;
  -10.17526544591306, -2.666279785407211, 16.09723009875227;
  -11.87982263018229, 1.510964760899742, 18.77929222092371;
  -10.62282275037887, -0.4791615605899024, 16.90755894906686;
  -10.1049749938945, -2.011922073251143, 16.10370207688623;
  -9.973676400545585, -1.841410480431655, 15.93556626721249;
  -10.12209298224158, -1.38545470621913, 16.22612950906754;
  -10.2731700638039, -2.190807692559165, 16.46576074489952;
  -10.19927103427958, -2.90810511013221, 16.34207243982246;
  -10.22365368426973, -2.291935213855292, 16.40150875001727;
  -10.61303564867176, -0.1943064572982642, 17.04181798621745;
  -9.867833516712878, -2.727156569438634, 15.89003324445496;
  -9.963203717632899, -2.593677025613832, 16.06897085005921;
  -10.76230259882885, -0.2955893388845129, 17.33810022690338;
  -10.22070127373105, -1.618446784914151, 16.4986210479656;
  -10.11176317001371, -3.470414033084797, 16.307529370114;
  -10.35082291215963, -1.108970316911606, 16.7362055287249;
  -10.30600776797423, -2.098814832724732, 16.66990191080934;
  -10.54311065809081, -0.6141125249686128, 17.09347433029432;
  -10.56367655780637, -0.3665262638076616, 17.13790573911229;
  -10.0550849287536, -1.997912899055418, 16.34227940729174;
  -10.34491272960713, -2.500260639603495, 16.79790395343848;
  -11.39956102055714, 0.008412452009024688, 18.48328463527832;
  -10.19036446957654, -3.570230512994162, 16.58175697018796;
  -10.17634235628873, -1.578849317153434, 16.61168336786813;
  -9.695985274527386, -2.435275783989468, 15.88456359461673;
  -10.07690040973744, -1.697144652811149, 16.52470719998348;
  -9.689365496700955, -2.151112567401935, 15.92130485996156;
  -9.91089129049926, -1.298126651726439, 16.28306958898077;
  -3.873691929685719, 1.483216754469178, 6.916452854549294;
  -10.05667970836509, -1.952325660751174, 16.51367100833463;
  -10.58413749185204, -0.6349822497093057, 17.37046497989037;
  -10.56183198026672, -0.6955907609318515, 17.34401612755147;
  -9.782542765367095, -2.197143798971852, 16.09890994933593;
  -10.43338318723201, -0.2495510303899721, 17.16906453419533;
  -10.02529227874179, -3.569056120880768, 16.5055208708454;
  -10.12919336568785, -1.423025203050985, 16.70899983216853;
  -10.10029160696793, -2.135728640103691, 16.65139859669776;
  -10.45070886685937, -0.2970014615326584, 17.25750224190449;
  -9.699515674163923, -2.497957081290846, 16.05479179556214;
  -10.24473229324478, -2.04165708155488, 16.92764617716136;
  -9.97018366931675, -1.119474010960427, 16.51333554735735;
  -9.827883708972122, -2.595191097365957, 16.3106571037591;
  -10.00287580703647, -2.192451823874407, 16.61190274488861;
  -10.40354380574526, -1.26409886769593, 17.26311506035183;
  -10.00035809278839, -1.54115027440487, 16.63089336334327;
  -9.649483876418728, -3.517859358529441, 16.04808948455814;
  -10.29231833238025, -0.5758506592916477, 17.13852998335007;
  -9.981774841097748, 0.1599264001574703, 16.67172137025533;
  -9.64095072338103, -2.451707180513409, 16.12871687139063;
  -10.06245689938426, -2.020997984721925, 16.82653498844538;
  -10.36853971394192, -0.7029976449593154, 17.36503266057338;
  -10.19715013474921, -0.2487955885330569, 17.10030847095126;
  -10.72412450180841, -0.08143257006914659, 17.94530652412474;
  -10.75570333620627, 1.469832344948726, 18.03760082783289;
  -4.150465504389401, 1.500031906204902, 7.497337622394689;
  -9.896843074010684, -2.170380179649157, 16.61086336735944;
  -9.968437720703633, -1.460757505771136, 16.75525132388341;
  -10.25524084347432, -1.78674860655306, 17.22658939023268;
  -10.07123313964227, -3.533788254601948, 16.91763071179557;
  -9.633382340171536, -3.506446242772507, 16.22836821970236;
  -9.84947513163786, 0.2588785856051973, 16.65794650336549;
  -10.13063195574639, -2.364999511630492, 17.06156642299527;
  -10.22160670737682, -2.015045030289365, 17.21431195555041;
