m=[-17.04999808263928, 3.13770630412732, 20.6494200005049;
  -24.82548304597681, -2.574686790132996, 29.6510097292409;
  -26.75542776932095, -3.489056444880628, 31.89827590620938;
  -26.09472496546132, -2.287617845257296, 31.20130806190953;
  -26.17514336503873, -2.152370560861741, 31.32815572392241;
  -27.08962782190904, -2.110286052723335, 32.44750862366086;
  -26.25276107364316, -3.079455694990532, 31.46765668721573;
  -25.75487255239267, -7.276625108208497, 30.89539311591135;
  -26.84199821624734, -1.712700572912164, 32.19936813184928;
  -25.79513130646569, -7.134453100755502, 31.00755993953779;
  -26.1176567565268, -1.052148443334702, 31.45472651921675;
  -16.35577736626668, 3.144720020938828, 20.07304864671992;
  -25.55656541983355, -2.740669590883454, 30.89788534849366;
  -26.36229866002091, -4.217317786519333, 31.87342365981217;
  -26.28164928743757, -3.321698766956286, 31.99592913709295;
  -25.45218751752014, -2.951058896822322, 31.01746560621071;
  -27.02159486442988, -4.018912744614328, 32.97205227819099;
  -27.02490559080836, -4.451998293686923, 33.14062362491607;
  -26.51777165394776, -3.911005084921687, 32.60229286610242;
  -27.00379833821936, -5.121247841376337, 33.40952121511507;
  -15.440703340477, 3.19568596322037, 19.56218077677171;
  -24.80018064659402, -6.921037470440579, 30.86688238026936;
  -26.73822915174085, -4.384523773491098, 33.26914222416118;
  -15.74638445992655, 3.123961343466693, 19.99172749143668;
  -28.86329649332621, -5.691211565284379, 36.00461221038212;
  -24.90273093975202, -7.363792216863312, 31.24708304524557;
  -16.2811812884012, 2.760375238094405, 20.76669914264928;
  -14.7817864525717, -1.616319457239131, 18.92856959296298;
  -15.35363137053427, 3.155693324786686, 19.66466046131552;
  -13.19127337134874, 3.128847921788564, 17.06591985794695;
  -26.23823948138699, -5.43011708651117, 33.04846177790554;
  -15.90789926170223, -1.843113562618276, 20.43104727393045;
  -15.41479169079415, -1.553175056607014, 19.82903794393465;
  -15.79616985043488, -1.90719010222254, 20.30824705171109;
  -15.35978790093481, 3.187577233422646, 19.81252489132691;
  -14.98776911917288, 1.815623927306275, 19.35649357811474;
  -15.88423730477464, 2.810365225407284, 20.47744524795391;
  -26.43174176341776, -4.792322857602597, 33.51795671806291;
  -26.79652797737267, -5.126381187426115, 34.01910629581726;
  -24.40021618257429, -7.63556029180523, 31.19588493983036;
  -24.81084002351056, -7.961707450778624, 31.71550368509767;
  -25.65700524769682, -4.516403475573283, 32.93567200379557;
  -26.73895890852189, -4.545717497007947, 34.30304357661367;
  -24.01129759403069, -6.237113343820713, 30.92179763936247;
  -24.4385581590369, -6.743070644227209, 31.4529553235998;
  -26.00945790866552, -4.732484228091834, 33.51044626554028;
  -26.2985975337079, -5.09935613386951, 33.88929257403865;
  -9.810869024915174, 3.112394967606221, 13.21316125555941;
  -23.48159118566477, -7.24080714814813, 30.38248651455469;
  -25.1799691558424, -5.299963338078231, 32.74180629321169;
  -24.20868620890421, -7.36005137351284, 31.53517465048943;
  -12.5653972534026, 3.085526314829604, 16.82259632414482;
  -24.54957575275762, -7.02350756824791, 32.04490219095479;
  -13.30771494325497, 3.12407164257891, 17.80582655858288;
  -26.22367729180627, -5.381357992209223, 34.25523814251277;
  -25.49748832443549, -4.884452739133558, 33.44536948093288;
  -26.32721522139428, -5.791819997800806, 34.53679615945485;
  -24.29807275645818, -7.522402678870251, 31.94585594676294;
  -24.92531496394716, -6.717108572414376, 32.7595867578914;
  -24.69577888524998, -7.898394832538134, 32.46679961372781;
  -12.25126257138932, 3.16360481136315, 16.64273165152729;
  -24.6854908682685, -7.440879046260538, 32.68349760536648;
  -26.84833454395277, -6.732737593042847, 35.514787788114;
  -25.02483642918339, -7.258413203097123, 33.18119917405451;
  -24.45126886145012, -7.982519287654108, 32.43448625794012;
  -25.16005460477684, -3.458529362119649, 33.4711364397276;
  -24.79403855119593, -4.541547106146594, 32.99908648898647;
  -24.85781599283067, -7.602981471090574, 33.07265444400871;
  -27.40624558956214, -7.178986102384533, 36.38931177039574;
  -25.13453525837023, -3.616317808868857, 33.51374802316907;
  -24.92697190311464, -5.177687991628767, 33.23754054222115;
  -25.17191403108289, -4.031562463242949, 33.5870694195692;
  -25.88719467374127, -6.937479331038754, 34.51094860462764;
  -24.64165396055679, -7.662365716995099, 32.88920812664147;
  -25.88082417933367, -3.915472057522028, 34.53478245435841;
  -9.117764769478253, 3.062260745159222, 12.73880572864218;
  -25.78691571469725, -8.135309664928458, 34.62594777572873;
  -19.45391762386921, 3.493108501986049, 26.40248928031111;
  -9.877709460017597, 3.137401176494759, 13.84844968070989;
  -25.64837010784473, -3.661669571818385, 34.65647629252925;
  -26.07796549884618, -4.806677875546837, 35.30735308033245;
  -24.40585461850423, -7.02320198800687, 33.09915333591295;
  -24.5020097872844, -7.268388311500796, 33.24480896189863;
  -24.2849600788237, -6.464461554483441, 32.97856914237672;
  -25.04859446391919, -3.973432791143258, 34.02299148827083;
  -25.623916077338, -4.30768301011376, 34.80332320503074;
  -25.4925930836771, -6.952521593949312, 34.63180899393001;
  -10.68908943219861, 3.101763288619689, 15.07332358047824;
  -26.02065938962645, -4.177546446108992, 35.50652764193326;
  -26.0004210536963, -5.2569179008142, 35.54478352797651;
  -26.08639632989255, -6.108071020547512, 35.73753186158577;
  -26.03263883644789, -4.012752018784483, 35.68785614082447;
  -26.18269519973177, -4.880611774602429, 35.93426528024848;
  -25.49667475653542, -7.933784815855965, 35.00515125839804;
  -26.59126630895894, -8.116622049831772, 36.5336876039439;
  -24.66807549987182, -5.779734356138269, 34.2121362736852;
  -24.99659821229918, -4.362918756090494, 34.6906010196322;
  -25.05887870487101, -5.961306754645648, 34.78137286033707;
  -27.3754569004052, -6.036876638825656, 37.95061633264918;
  -10.43599308702314, 3.086559466533379, 15.01206890740465;
  -26.16032553408016, -3.868974292250385, 36.34769242645322;
  -12.09580717086043, 3.062704231459537, 17.30241317880907;
  -25.43643257633614, -5.847884473564089, 35.41099030354744;
  -26.78787171491221, -5.020645793790368, 37.26911312579284;
  -28.4954459129109, -9.293151020004151, 39.5740705508137;
  -27.03208626511131, -6.208852622872669, 37.6999443153268;
  -22.28058762140363, 3.47415276577601, 31.26580864652442;
  -24.6741622940648, -6.806360872595282, 34.48022619749797;
  -26.31335327799751, -5.274311606453974, 36.76993525730259;
  -25.642987398293, 3.445159098247474, 35.93293314460354;
  -24.83320666179438, -6.707523081370616, 34.83354969550754;
  -26.11217176051023, -4.967761320528299, 36.65974576107611;
  -25.56998643805887, -5.544614950691758, 35.98755960123741;
  -27.34753487456866, -9.273917047706354, 38.42548371971566;
  -24.6759712767962, -4.499831863827846, 34.7860969629081;
  -9.500299008332835, 3.073162363835147, 13.96166792141971;
  -25.59335360098027, -6.629514255380483, 36.10067128734256;
  -26.30819678023119, -2.599265543646351, 37.21810760022206;
  -23.75570530114327, -6.646598382226331, 33.67479710926054;
  -27.05260302562552, -1.473102785170366, 38.26602818196751;
  -26.03054476656397, -1.163528247858292, 36.91436701439545;
  -25.82485821131487, -3.218278461790693, 36.67227518472751;
  -25.65997878071208, -1.740803498014183, 36.47224345328628;
  -26.56573237333679, -6.444644936962988, 37.71903441819163;
  -26.03166463172585, -2.155983539884467, 37.13619549429944;
  -25.35009375417481, -1.445064276449038, 36.20932560858634;
  -27.64157275749006, -6.196362490348154, 39.3639993869788;
  -26.47030748766729, -4.422809096841884, 37.7829464482791;
  -26.36795322007437, -9.226556883115142, 37.63541561327002;
  -25.87020650893691, -7.459281331689885, 36.95608705052281;
  -24.582410155962, -8.43734250092978, 35.15823730073164;
  -26.31965160969752, -7.757549815260136, 37.60149835313359;
