m=[-8.48884485249142, 1.562199706963134, 10.28092330735823;
  -12.80133238065031, -1.122240469512763, 15.30647729532439;
  -12.85824508598161, -1.057327854959431, 15.38960451036276;
  -12.73255229202348, -3.597377914071969, 15.27389458560603;
  -12.54658318043657, -3.470151332515822, 15.08187438093284;
  -12.67711643936712, -1.359485789843214, 15.32663266203555;
  -7.720409847934934, 1.597855022360128, 9.781164095042197;
  -12.2001435430214, -3.44046104873746, 15.01692776893981;
  -7.644476055965193, 1.571199768909235, 9.790910203413397;
  -7.456865589022264, -0.8153734990168743, 9.548764602983578;
  -7.686453045117205, -0.4201509644965993, 9.822537799285177;
  -7.776644893468252, -0.9010139829917276, 9.987805230419728;
  -7.661676975781926, 1.590008094861426, 9.882764447726986;
  -12.1279123357625, -3.384561463892343, 15.09468212835826;
  -12.38217838674802, -3.661437336039263, 15.5367279704309;
  -12.67392477381568, -2.62292352031752, 15.96348408819982;
  -6.648961410477115, 1.560886439456028, 8.896362311222507;
  -7.935426709991656, 1.577866834685452, 10.48108385986216;
  -12.07424817704609, -3.331518492372545, 15.53981973925312;
  -11.83849864217898, -3.599202263179869, 15.42128800626041;
  -12.67549337159312, -2.667979843252101, 16.48209122397973;
  -12.14926614006846, -3.475842659881562, 15.85860582974192;
  -12.42417475873256, -2.380049895879648, 16.29694305628004;
  -12.23074986783144, -3.296057638713845, 16.07499491937582;
  -12.07309207012719, -3.737689858815378, 15.87308030435369;
  -13.53647774003907, -2.977939057178858, 17.75753981168573;
  -5.423598485260968, 1.573821491578221, 7.64814023285002;
  -13.06103809906892, -3.275307154334187, 17.27704918238151;
  -12.45142909611889, -3.611516806691321, 16.50973224177116;
  -12.30709620547465, -3.930061146037289, 16.34274412770345;
  -12.12340320651481, -2.220655043167219, 16.13537988684548;
  -12.09183819070167, -3.698394973309205, 16.08786492704278;
  -12.75564064334488, -3.034782983169708, 16.9509655245734;
  -12.0072409319244, -3.73367272423133, 16.02606085893866;
  -12.93850423007078, -0.710471862161238, 17.25436614850541;
  -12.58276002164047, -3.372039291151814, 16.77443191060301;
  -6.054846455259806, 1.533110076691381, 8.661137997928279;
  -12.12981637359131, -3.490562072125703, 16.450423816815;
  -12.06373164813847, -3.211268587219096, 16.38234557445826;
  -12.35293572423504, -3.664431383802077, 16.76070623740953;
  -12.78412762285281, -3.058309416643708, 17.34261068787144;
  -12.40797292606467, -3.383990770277487, 16.85629025524555;
  -12.81945330662412, -2.591912393536552, 17.52528129409575;
  -13.00233350492859, -4.045928228568546, 17.85129454716429;
  -12.87897463596384, -3.931131684175172, 17.69439749662833;
  -25.52997811379924, 1.980148711377916, 34.49023985562757;
  -12.12182529155508, -2.840145762366858, 16.81175083004108;
  -12.32731876286839, -2.932570506176432, 17.11014588119663;
  -13.1637278248622, -2.902884918957959, 18.24888570832837;
  -10.95843549714716, 1.70871969976317, 15.37770695912638;
  -12.10491824161574, -3.198852540312502, 16.85648930775647;
  -12.6062696194968, -2.898205483657357, 17.54965009028815;
  -13.67798897170631, -2.563560798302612, 19.02975061792959;
  -12.89228643868404, -1.4388830747069, 18.00892586157619;
  -12.31691888235774, -3.904285761835339, 17.20401275709876;
  -13.1641556001472, -3.023603181207934, 18.35921682909009;
  -12.88609862525733, -2.582920497553461, 18.00686545587953;
  -12.22815111722575, -3.302860036495708, 17.15243284635402;
  -5.977224780847875, 1.554782714880857, 8.856118073056296;
  -12.75235818528399, -2.426097389347839, 17.90345947531229;
  -12.47853510022901, -2.275546086030097, 17.59118322364886;
  -12.51525996603247, -3.241860978759228, 17.65338349766211;
  -12.99043014793435, 0.6660256466660276, 18.39878245254727;
  -12.05847369028576, -3.373835072710509, 17.09343712679358;
  -12.54761127217428, -3.152289499531054, 17.76517091547005;
  -12.41593209861421, -0.2002878145293003, 17.63803459532665;
  -12.96007090577257, -3.144014784602664, 18.40120022618591;
  -12.53138344587016, -0.07678506471984452, 17.88206804582082;
  -12.57954717861293, 0.5161586282247319, 17.99274147637816;
  -13.17937160068142, -2.954396428498934, 18.76856936331206;
  -12.1656353796214, -0.1803987036363173, 17.43087428913233;
  -12.06800855732433, -3.031575173521776, 17.27717183029783;
  -12.2988105569401, -0.3166573455175836, 17.64223596239403;
  -12.81268750844038, -3.776458103931179, 18.30481099796644;
  -13.14354768576368, -3.789742453378725, 18.7758104002758;
  -12.17523665227461, 0.2481879944983967, 17.5685646630018;
  -12.80340205852307, -1.927559951595632, 18.43091189828633;
  -12.52488632932056, -4.182284062068903, 18.01925571966967;
  -12.86223000061314, -2.029264276503443, 18.52315410807351;
  -12.86852249892782, -1.858685281245527, 18.54010914379099;
  -12.03623769103966, -0.04034407345942698, 17.43825334521708;
  -16.89608283546519, 1.98725004128082, 24.2028841324235;
  -12.77644919129461, -2.534917074477125, 18.48382901509517;
  -12.51633850106053, -4.414915674015587, 18.11949939464401;
  -16.41616374577329, 1.84910742800884, 23.64414947225036;
  -14.09442691844052, -0.5035910893277994, 20.40874308917207;
  -13.22045629886132, -3.759634769779614, 19.15014591967883;
  -12.50153248104407, -4.265710579397034, 18.15037769539996;
  -17.35761489203592, 1.7620759908783, 24.99515844083557;
  -12.34181370498579, -4.020561177930929, 17.94690149231235;
  -13.6983554577224, -2.415091240281932, 19.86437804134671;
  -12.34691906052883, -1.02436191335313, 18.00014577805786;
  -12.10975655515847, 0.01436680238497078, 17.68759943774197;
  -12.60919320934607, -3.448041484759854, 18.36213964275375;
  -11.59474123371354, -0.7406986309197714, 16.98957873211034;
  -16.67040422631641, 1.368108756184052, 24.12345430483471;
  -12.81818709876757, -3.953627151663016, 18.67939047630258;
  -17.64767339647263, 1.260632098210793, 25.5777751378878;
  -12.16654640070656, -1.383347763702629, 17.87389330040838;
  -13.00810177054665, -0.5956941765945892, 19.11815880783517;
  -11.96883178484143, -1.703603696686535, 17.64269723430035;
  -17.16303672420152, 1.860211338961238, 25.05587192572735;
  -12.27667648778698, -0.874654200520852, 18.1464941048559;
  -12.16384751235671, -0.3047808346630579, 18.00147192709392;
  -12.75151011806399, -3.749696626273076, 18.81882481325726;
  -12.7619181463445, -4.051810076468925, 18.83267156389997;
  -12.15912210672389, -1.457906683343598, 18.02947258183221;
  -12.37505178935566, -3.269890671857909, 18.31232656607945;
  -5.299763158014264, 1.581429559412674, 8.35174153288512;
  -12.60316049324855, -2.30601234137445, 18.69288127161783;
  -12.33894465741567, -3.11503332638231, 18.33669096694738;
  -12.77122275176095, -2.503236139373553, 18.97718680595974;
  -12.23266342386567, -1.375300587678538, 18.24467562435971;
  -11.92477686410189, -2.715572430983459, 17.79317326733098;
  -19.99031162725396, 1.790171272690105, 29.3601148754852;
  -12.82090428565225, -1.661913345991468, 19.17518507320409;
  -20.11041058291607, 1.641751435677312, 29.66545881005161;
  -12.2496013131842, -2.705289646228839, 18.34505679731274;
  -11.95496525246871, -1.742996810994818, 17.95236847156015;
  -17.81414136369401, 1.837271441727462, 26.42662463709097;
  -11.6549343066124, -3.258721678038967, 17.52195430931199;
  -12.06152404739476, -0.5877531353048836, 18.14894365239092;
  -12.06810755940593, -2.286333693515575, 18.14233592678413;
  -12.47795529921502, -2.650664161764877, 18.73007355450772;
  -12.34438982099507, -2.519140149274822, 18.54092949349162;
  -12.67154638547278, -3.722550359176152, 19.0061169440654;
  -12.9943336637246, -4.414888416201372, 19.50662745448631;
  -12.59205398931385, -2.265479038851521, 18.97729806924414;
  -12.15937550495498, -3.293080810707469, 18.33968658874701;
  -19.16424575414734, 1.702620602366254, 28.56638643358006;
  -12.54524150753653, -3.791007809567327, 18.91923959514701;
