m=[-7.52165785448342, -1.808633331939509, 10.84360932992493;
  -7.481289956282338, -1.69864719447392, 10.8067111835695;
  -7.456345447574285, -1.74604813492857, 10.78246670902118;
  -7.50930755488385, -1.852905116590798, 10.86488418927815;
  -7.474203194154269, -1.557795501864111, 10.83163977515793;
  -7.512935244710335, -1.462811181142313, 10.9392728332334;
  -7.460131964969061, -1.695361766232284, 10.95807358901188;
  -7.448608333312544, -1.586880692214608, 10.95356229607543;
  -7.464559052334246, -1.776294206165054, 11.03693307084727;
  -7.408550525878198, -1.761276055215979, 11.07071860217333;
  -7.367974624917084, -1.52641165729162, 11.06168961829687;
  -7.383581146123771, -1.988404485673546, 11.18750742313619;
  -7.405068033866065, -2.747726104810015, 11.30245817057277;
  -7.439923355215818, -1.998134292678784, 11.36610278591793;
  -7.349655958255101, -2.026348375761508, 11.32033324736661;
  -5.980479107062378, -0.5017422615972785, 9.43746398021592;
  -7.435926417953017, -2.113178243029446, 11.45837129254854;
  -7.332683342540407, -2.151451922721078, 11.46945543261063;
  -7.196906165069153, -2.097708349140349, 11.29632010184195;
  -7.376231458286397, -2.640204827276433, 11.86956791333322;
  -5.757076843891652, -0.6389514709397138, 9.52603380325848;
  -7.323201689049665, -2.798998703381479, 11.85160346918283;
  -7.295664381736059, -2.853255741747978, 11.89465864271203;
  -7.176128237997959, -2.817431268181079, 11.80032138212633;
  -6.117233957124796, -1.222769521565255, 10.48015278123843;
  -5.431441763692861, -0.5413119602717837, 9.540368417502542;
  -5.418954005737084, -0.7054940412396971, 9.544509731503112;
  -5.691057723731163, -0.908076086203332, 10.01111798442688;
  -5.486648624391484, -0.7012814674310047, 9.931301828083196;
  -5.164457743829841, -0.4713240307633501, 9.574955079942178;
  -5.174062011586525, -0.5037121005906546, 9.789697735902035;
  -5.066383207526099, -0.5793716938175418, 9.984161174666859;
  -5.042961507238143, -2.332426060142704, 9.940817015681487;
  -2.002837174996083, 0.8192227728227277, 4.721803710028539;
  -5.003673794419265, -0.4890915230248501, 10.07396485826996;
  -4.919083990636661, -0.4170393755010269, 10.07426324456326;
  -4.953946866492115, -2.040683900540761, 10.19357109053931;
  -1.969547429676599, 0.8440574058448788, 4.751568235242529;
  -4.952270912863657, -0.5975868360258336, 10.20348425362996;
  -4.984999354469713, -0.6054398843127683, 10.33929846487793;
  -4.649765348486208, -0.1564344704305728, 10.03422387191509;
  -4.616151342788171, -0.1709153054987611, 9.986731545536037;
  -4.523783127918983, -0.2306025419331405, 9.869359168873453;
  -4.466875802599176, -0.07056785701025888, 9.827189761931043;
  -4.479762488639889, 0.00596777241031344, 9.857212527105618;
  -4.303054972525016, -0.5771946337441363, 10.46609296106921;
  -4.255281317042134, -0.5290816545799094, 10.44574753756745;
  -4.449784494322183, -1.830247871705147, 10.89544592988337;
  -4.198104941611874, -0.5763137245100091, 10.53898292924984;
  -4.19058325492176, -0.5099460460978103, 10.59402630092095;
  -4.155999445167513, -0.6125501197209905, 10.55622909904927;
  -4.003501941913429, -0.4946330496837009, 10.54290835706211;
  -4.036371923452198, -0.3671784887388377, 10.817454564706;
  -1.978016759682054, 0.2934805959850071, 5.930037420019205;
  -3.982089209850415, -0.6805143503463699, 10.88018983592047;
  -3.742795020010502, -1.197535083350898, 10.39996125890801;
  -3.949956689707745, -0.875212847975683, 10.94091200297465;
  -3.705232107667615, -1.277147280216381, 10.47494246677253;
  -3.849209692742165, -0.9492932172670915, 10.87527324186634;
  -3.711342887138222, -0.9558743854458187, 10.76265883718878;
  -3.767465285984333, -1.649900064997469, 10.99391618454419;
  -3.662918543649955, -1.092523884198795, 10.73495371039569;
  -3.679047416371963, -1.109468236789846, 10.96385601336144;
  -3.624988951804821, -0.6950122579725386, 10.88384471507271;
  -3.630572136257882, -0.964452154152438, 10.95391413698475;
  -3.853182450666552, -2.190859507784714, 11.67109661132614;
  -3.765358211638887, -1.856616960260267, 11.53671674072489;
  -3.692148136638687, -2.089334719622452, 11.40427625931337;
  -3.584732393145924, -0.8501218404779273, 11.11199625894332;
  -3.720168799500994, -2.240770706005079, 11.50215629250788;
  -3.672081489694719, -1.58223959500609, 11.45500892407957;
  -3.646365276101716, -1.528809403889605, 11.48104585203804;
  -5.929265583155732, -0.4650159932805031, 17.96087340813111;
  -3.698780919684508, -2.08290175755582, 11.70881242219902;
  -3.483060300719627, -0.866725784016899, 11.12249903193049;
  -3.735284605816073, -2.334271877759063, 11.89684803982663;
  -1.626118654617312, 0.9823573188303489, 5.914278418231907;
  -3.554674747268884, -1.339036660515903, 11.47731460543344;
  -3.75140805263122, -1.925336391059073, 12.03959474359822;
  -3.509380375016888, -1.654236163418401, 11.414537345612;
  -3.390514589506066, -0.9540470765252715, 11.07675687314674;
  -1.608469488359801, 0.9610150188772673, 5.926942924761067;
  -3.453902091329274, -1.506916820779423, 11.45060506238955;
  -3.280141522950302, -1.314268870002379, 10.95122409186269;
  -3.711948442767188, -2.641562038885629, 12.5334246856625;
  -6.852563309353474, 0.48238563394679, 22.08835140215918;
  -5.66788201593164, -0.4679688261084929, 19.22707383373474;
  -2.000743697406898, 0.2805017014858835, 7.696264168442792;
  -3.397036015312092, -2.733204587690404, 12.4826833362475;
  -3.26543579867145, -2.936733814956191, 12.31911650450339;
  -3.173981750907438, -2.538756436071525, 12.57791219796206;
  -3.145578474530142, -2.669384796322205, 12.54748421044016;
  -3.134519085970002, -2.805986009940326, 12.83163180636538;
  -2.98414777904013, -2.574416359920026, 12.38611577945969;
  -3.000242400729621, -2.257316074096898, 12.52746126771605;
  -2.874211654548626, -2.380682517157593, 12.22703093900611;
  -3.057064191294153, -3.096054149735426, 12.94647457782912;
  -2.841143644429862, -2.015672765689814, 12.18955514140591;
  -3.00707975678231, -2.734539058607363, 12.83197393119923;
  -2.76749863158561, -2.240809139477979, 12.08371888279013;
  -3.008120298562576, -3.002919844974288, 13.06587907707256;
  -2.985892683137871, -3.037670935300891, 13.05549279872819;
  -2.929622915272681, -2.919469841454151, 12.86284400026577;
  -2.711933522508947, -1.918041634560056, 12.03272667837799;
  -2.664667042644282, -2.085856848787494, 11.87589155360234;
  -4.527879353107341, -0.04133112316548961, 19.29149430048604;
  -2.945396360345729, -2.835154775065736, 13.10626591846794;
  -2.644406494739918, -2.200396458056372, 11.95758413463492;
  -2.905592656523729, -2.769874967116374, 13.07966659118097;
  -2.58771854660508, -1.878318671079374, 11.76866871204308;
  -4.391400921054259, 0.1196791793047436, 19.11876269195546;
  -2.938627189594362, -3.303666101577991, 13.44823522695505;
  -2.562094309043557, -1.884332453764831, 11.91743992682311;
  -2.591657467043718, -1.983830893272825, 12.25336203902237;
  -2.612012116342315, -1.306119501502077, 12.42889038121581;
  -4.010280500634296, 0.0329488611316527, 18.48667417088463;
  -3.965039447366415, -0.112502978024866, 18.32240449260067;
  -2.614303884648398, -2.596764869437626, 12.72761016117221;
  -2.569431996758348, -2.288563604827548, 12.54621871164502;
  -2.362673076929545, -1.818208407389016, 11.7032925560297;
  -3.965784034330114, 0.09131809879283138, 18.72114728451917;
  -4.02494112190986, 0.2672724703518714, 19.1189297260776;
  -2.57530892822856, -2.423433042043229, 12.89698832429861;
  -2.649718541900568, -2.942843641551947, 13.23475647284293;
  -4.140039373381597, 0.7176718719313415, 19.86968843951894;
  -3.901470685245671, 0.5463057401301364, 18.82405440114888;
  -2.419131947614012, -1.4936641402426, 12.2216530806016;
  -2.59766307486558, -2.803501487851206, 13.07749593943712;
  -2.37187916952941, -1.706566074790402, 12.12687625149503;
  -2.43927357708461, -1.423137350618347, 12.44318973864682;
  -2.548693963870429, -1.279659206300787, 13.15309433178121;
