m=[-5.163735391965848, 0.9857901252572311, 7.188146464086423;
  -4.820604463897222, -1.393515176747938, 6.783557132326114;
  -4.830435430152296, -1.330521313729639, 6.84888275222557;
  -5.061369260929706, 0.7502487048930717, 7.207278810472313;
  -5.027582100595958, 1.01096579102406, 7.1721119302469;
  -14.29934662389893, 0.8319237143553327, 18.93312988365599;
  -5.058471868441137, -1.354116992349306, 7.458390642458136;
  -5.558068561400501, 1.130643330051038, 8.136900304204717;
  -8.758231693283964, -2.959534204751681, 12.83469412029913;
  -8.920101512587625, -3.056320107669913, 13.36790609736789;
  -8.884381795701332, -3.152679160423026, 13.36510233657126;
  -9.155862577235061, -2.20736051833982, 13.87005476976621;
  -6.328402643879195, 1.154901610881944, 9.935500516670313;
  -9.054102708035069, -3.083263351356254, 13.83875400885599;
  -8.797520867239204, -1.793869907642035, 13.49637596235121;
  -8.749584384529289, -1.880328702288101, 13.4470692020017;
  -8.74830313633673, -3.057691197880758, 13.46456011383063;
  -11.25187132188062, 0.9812122148288368, 17.16544426772415;
  -8.751383295511968, -1.9742525636798, 13.55762936312661;
  -8.733397399681621, -1.789760546337679, 13.65191006630761;
  -9.059434890679761, -1.192180384475386, 14.14662536037721;
  -8.978622574412645, -2.31319292136983, 14.04152688916576;
  -8.777165239025765, -2.838589155370904, 13.77538344611477;
  -8.945041389764651, -2.779057292408855, 14.08567219770637;
  -8.776157241173527, -1.896524495749546, 13.87949883344429;
  -9.242961158011354, -2.400530803928332, 14.60775123991598;
  -8.885519355962376, -2.677372735084506, 14.13638906272345;
  -8.4897374519464, -2.00266858437351, 13.68502917728545;
  -8.899066778769239, -2.235751208387081, 14.3239159227923;
  -10.85761964769208, 1.011139870423483, 17.32223234376692;
  -9.021205977606833, -2.484249092728209, 14.5635774803148;
  -8.697632263537694, -2.116736765875575, 14.11321750865803;
  -8.702802167771312, -1.92260528196411, 14.16897116892863;
  -8.821146508804343, -2.489355381456536, 14.36918186854232;
  -8.735459621527232, -2.761069327060153, 14.27786889559234;
  -8.702175340592085, -2.693696912487682, 14.24946025773449;
  -8.531387332952136, -1.866558233605607, 14.03066069388377;
  -8.80066799120857, -2.969178180829301, 14.4438087759044;
  -8.248736905099182, -2.194871242990778, 13.59474032761674;
  -8.672452866703656, -2.598267344572316, 14.3962865489265;
  -8.726998982338454, -2.906216462736077, 14.48403030009773;
  -8.532249389638592, -2.404838806559389, 14.18820236213672;
  -8.565261293755398, -2.789236339295975, 14.25734648586112;
  -8.931711902255634, -2.774350507218342, 14.8846113974942;
  -8.652565104039832, -1.800120543072473, 14.4611221388311;
  -11.21590006316935, 1.006043936544304, 18.59708822346083;
  -8.597335143032892, -2.700346708163455, 14.47316794024508;
  -8.612886372581459, -2.830067642814263, 14.49989270657535;
  -9.026575403935524, -2.140452958689716, 15.17968601319167;
  -8.620880850175363, -3.144236081896801, 14.58875349151132;
  -8.291825451431651, -2.781791585779021, 14.14947020472485;
  -4.464458920642708, 1.265913395588278, 8.051478500599933;
  -8.469721394608872, -2.761869665099857, 14.45802015675414;
  -8.720791638385419, -2.020554466966638, 14.91912346244317;
  -9.693756824620284, 1.051768132595686, 16.53105709886663;
  -10.2993408815667, 1.031368712873527, 17.54810604578647;
  -8.324273335535031, -2.619113510830191, 14.41816056943511;
  -8.50506039706716, -2.894366355665493, 14.72752209839191;
  -8.445400625442014, -1.839430313104276, 14.68564038827141;
  -8.359640915066169, -2.975825539295838, 14.59745128028396;
  -7.200804881581516, 1.091003837650884, 12.71252792731428;
  -8.678896090275151, -2.12598588960551, 15.1415463634996;
  -8.360982643655008, -3.095340148244173, 14.69746692716306;
  -4.339306549855085, 1.277003096040849, 8.071040609738812;
  -8.111499985017913, -2.569845590907987, 14.30640912051702;
  -8.172119872565292, -3.232086381301467, 14.49929825986758;
  -8.139043450157967, -2.841942068337567, 14.46677775187126;
  -8.327294348387492, -1.812969729799681, 14.79124794771947;
  -7.98740064941614, -3.248163115438971, 14.25178570176655;
  -8.273604636968262, -1.856060256565527, 14.76330348539008;
  -8.378047016014135, -3.005280262355729, 14.99713401161641;
  -5.962718821832222, 1.157177678612436, 10.95293515079569;
  -8.184030284315929, -1.806636515041042, 14.81612033381734;
  -8.081570293884674, -2.561022730406706, 14.68133759674595;
  -8.146520462717989, -3.173457037052089, 14.80195851675395;
  -8.12532615205979, -1.892719806422541, 14.78699693903891;
  -8.417897235395435, -2.782995912621628, 15.315624934508;
  -10.03265430407748, 1.056197028147507, 18.11904954703207;
  -8.506396632391555, -0.4064609356345768, 15.51730676882974;
  -8.503833923930198, -1.33148705926612, 15.51789192372495;
  -8.268455958607319, -2.047042398785948, 15.1237802355884;
  -8.13060044333605, -2.244954889836989, 14.91040256673218;
  -8.144137638702581, -2.320834423246169, 14.93246282906852;
  -8.402940672512324, -0.5102542501329318, 15.40754658901213;
  -8.016434814621128, -2.465053851048924, 14.74652983028124;
  -8.102594088372506, -2.36275589307277, 14.90119156408489;
  -8.507819823132451, -1.566555981561206, 15.60502176429359;
  -7.941338296314835, -2.944699298638805, 14.62310990155994;
  -8.599039408762502, -0.9267653923326193, 15.79289911479688;
  -8.513528608359113, -0.6575112043104132, 15.66479663748997;
  -8.156898774016126, -2.191997359802584, 15.04346787090611;
  -8.04268493495948, -1.639367522177847, 14.85066311082595;
  -8.826904659040073, -3.733725011998298, 16.21185397400367;
  -8.483303735373363, -1.048137461311964, 15.63678094453234;
  -8.136784404118563, -2.441648157949772, 15.03949501242904;
  -9.028021695295649, -0.614486158924986, 16.59530092382745;
  -8.600006831068981, -0.8173182454048267, 15.86456725795977;
  -8.516203658932916, -1.449988590294573, 15.71709847318976;
  -8.112187768646143, -2.23810936491813, 15.01659452079042;
  -8.10246869630824, -1.816872561886412, 15.02187458094394;
  -8.11110640102765, -2.13477809259559, 15.07066565065261;
  -8.190169878147124, -2.010166595138524, 15.2097096392887;
  -7.86629820231598, -2.89753996189066, 14.64831632981441;
  -8.160035018119567, -2.107098093319467, 15.19262034373578;
  -9.725776258413912, 1.11040956489807, 17.94560628358961;
  -5.841767514096796, 1.170228938583979, 11.14955792039327;
  -8.008994526669156, -3.143634990286687, 14.96455037647803;
  -8.420996200807263, -0.6103821482479133, 15.71407973646861;
  -8.551721944525786, -3.521741247144287, 15.93743381425136;
  -8.072246886024939, -2.155321650150553, 15.1313822016007;
  -8.314926708679208, -2.731230869174719, 15.55993596534162;
  -8.440674036296041, -1.064843500551619, 15.81682184217141;
  -8.466622116367507, -0.5081310462101422, 15.86491286700069;
  -7.530786384431716, -2.830476126304996, 14.20797163247523;
  -8.368410749155901, -1.402165307227163, 15.70849808509182;
  -8.565130917477154, -1.138687582624244, 16.06015734633297;
  -8.655749689944878, -1.283238757272594, 16.23217097056007;
  -8.394740766789349, -1.518785668940755, 15.78444128059732;
  -8.592318442724547, -1.218843373394345, 16.136840926403;
  -7.784698609455569, -2.720150232281851, 14.7052992588352;
  -8.441357594448938, -0.7196857532401295, 15.88230961519816;
  -8.072457844096881, -2.2887231133758, 15.22752231359626;
  -8.202272985310357, -1.574844954551333, 15.46234706960333;
  -8.042644125223768, -2.190225599563569, 15.18132081989336;
  -7.952344879728677, -1.960626422067618, 15.04423012245457;
  -8.133603890744819, -2.374631779299513, 15.36965187606213;
  -8.15143696812118, -2.459132752545986, 15.40329760682658;
  -8.323813815816271, -0.1304587840745285, 15.72849946175981;
  -7.854773594628655, -3.016537064954586, 14.89179514487494;
  -8.162541174096713, -2.094331574538502, 15.44408191676672;
  -8.276603725554624, -0.2565429953995187, 15.68441110190853;
  -8.199601065572148, -1.759050945644384, 15.56167954772159;
