m=[-18.55816264031368, -4.088813887744158, 23.57004101029898;
  -18.23226695852341, -4.56557850522365, 23.18343216623544;
  -17.89169069040723, 2.277611180633215, 22.87302428262122;
  -18.67409632312232, -5.342659156776228, 23.92487717962979;
  -20.53379171898911, 2.094099481670727, 26.22635176824595;
  -18.91182726028746, -5.380176145290966, 24.27076202191459;
  -18.21233621913853, -4.365393147907161, 23.41592456278036;
  -18.32459935274923, -4.745689325657779, 23.62270718058937;
  -9.019929968917248, 2.622535439583413, 12.12938944737081;
  -18.42874034545117, -5.164992708030214, 23.83004510406138;
  -18.2228784614691, -4.289159912037472, 23.70103966223297;
  -18.01009469985564, -4.091697591611292, 23.51322933056328;
  -17.60583249828073, -4.253461720478651, 23.01573286714782;
  -19.45968171221948, -5.40285474972711, 25.49268082750303;
  -17.75376170086635, -4.190736442544798, 23.46509365052972;
  -17.83135062626553, -3.342908719413817, 23.64713102413818;
  -18.33053998959798, -4.825045322181061, 24.29517362919113;
  -18.31402592150552, -3.418708055913317, 24.37365132194303;
  -17.97465097257873, -4.122490659061189, 23.98264179401979;
  -17.77639159498901, -4.427932481526731, 23.83307791840625;
  -17.80479607637632, -3.666936638608672, 23.91509448704777;
  -17.80150007322452, -3.846832392864543, 23.93881758544568;
  -19.68777258431735, -5.767042264520371, 26.41393291462108;
  -18.55485977572056, -2.188137878853516, 24.98117657760729;
  -18.24716759235019, -3.404110167698021, 24.65870275907725;
  -17.70196867358144, -4.024563969359623, 24.00128409761163;
  -18.62568233737282, -2.277003350566348, 25.21875890940193;
  -17.31336140041653, -3.873874079357912, 23.61647910020439;
  -17.77864288100675, -3.654954026959758, 24.34559526731622;
  -17.98023834040464, -3.601081111875217, 24.63512356022561;
  -17.70428400259835, -5.565803786105716, 24.38213051498588;
  -18.3229495062427, -2.400116979186141, 25.19319573889357;
  -17.79362077985376, -5.821251509515472, 24.51431678722983;
  -19.48244632151671, -5.11380481574605, 26.82206976829436;
  -23.27778820596685, 2.132910755251777, 32.03403999823616;
  -18.44611395231829, -3.992926311169833, 25.62946809618044;
  -17.09130098496738, -4.459055143659359, 23.87644133491108;
  -22.01961634151178, 2.188917070319201, 30.4903309983443;
  -17.50047226434721, -3.474405483132426, 24.46039221003073;
  -17.80766100810311, -4.814648553662424, 24.8957670886651;
  -17.53989244958063, -2.008659520065038, 24.54953535969715;
  -9.184406065814272, 2.602622347356584, 13.3395889883178;
  -17.59504258609836, -2.112095940340233, 24.77177741547615;
  -17.99064885315988, -4.933559924892956, 25.32205217101726;
  -18.44357363696717, -2.403544171227824, 25.93467262311451;
  -17.36626369144017, -4.322813364770042, 24.52054703280715;
  -17.28045001731647, -3.466126388010917, 24.42851041730242;
  -18.0450837989442, -2.250116012494827, 25.47349855273299;
  -22.26834884813981, 2.116469383336997, 31.26731710545659;
  -8.816497240559128, 2.685504209933158, 12.95442273247488;
  -17.19005759588131, -3.612242341479064, 24.41090558825806;
  -8.592485156865555, 2.698170330070412, 12.69355000923606;
  -17.35725472505141, -4.065503115751642, 24.73540845386006;
  -22.11843256778271, 2.138844056048856, 31.38027439323244;
  -12.63537690400703, 2.416237231185213, 18.37809921096444;
  -17.70186404180273, -3.934934660570735, 25.39489631852476;
  -18.2338569709583, -5.327778909447669, 26.18884119653434;
  -17.80202556144772, -5.552491237179489, 25.73071949790566;
  -17.90842203488214, -3.817622138455079, 25.89012677591121;
  -19.03000792805555, 2.255565602398925, 27.44171352678154;
  -17.28190353156694, -3.80268323669378, 25.06933672283002;
  -17.49237412728476, -5.974116975824524, 25.38378756246769;
  -22.23010443930557, 2.174873827201143, 31.99358999510201;
  -20.5039883641788, 2.237540272643292, 29.72801939602504;
  -24.61527353683798, 1.896230397657674, 35.64215480262866;
  -17.3748431296978, -5.259024121866505, 25.5118928296586;
  -17.48792928787, -5.891432121514013, 25.67517112253675;
  -17.76892536630321, -3.848172794210649, 26.08412442453617;
  -18.01975426051242, -5.120245359773309, 26.48489676811129;
  -17.4293467224721, -3.640607033148305, 25.73420604627186;
  -18.04224153720565, -5.665081084534167, 26.63718176919027;
  -17.79064752795144, -4.079973502165381, 26.39795721915707;
  -16.79190137121764, -5.587388229659767, 25.03694161968195;
  -19.29039959182811, -0.7071928472008308, 28.61103945716681;
  -18.93147328453568, 2.167521911528116, 28.14563936487831;
  -17.56122769992793, -5.681184814329405, 26.24423415455077;
  -17.32217473250902, -5.202102719113763, 25.95013186688482;
  -17.70371844110472, -6.525576062524555, 26.51232506093736;
  -12.13758108161435, 2.411242248488093, 18.51549117596278;
  -17.31992406833832, -3.605483059721511, 26.1595963029279;
  -16.9900675924124, -5.60021080004559, 25.69088719821197;
  -14.3133829548204, 2.276313095819901, 21.85533315118196;
  -16.5751535810654, -5.106481427453145, 25.25971082951744;
  -16.80452438282136, -6.277707746479293, 25.62039591320778;
  -13.23983929810971, 2.459380657570885, 20.37458662541726;
  -20.28863958576644, 2.252492720012437, 30.74164008310915;
  -16.43161414368935, -4.886208615806152, 25.17487554513624;
  -17.61480936797804, -0.6540532001476912, 26.9041137992682;
  -19.79954627864211, 2.358414186253321, 30.21794637516492;
  -20.4778620737729, 2.339891420503017, 31.3481821006615;
  -20.68288159170157, 2.210168226548392, 31.70066614224731;
  -40.0167364247334, -4.734446452490807, 60.50006554195374;
  -16.81233978393381, -5.744790744221441, 26.00050052433764;
  -16.83476552348856, -6.052537104708036, 26.08201610574109;
  -16.90806729901776, -4.661898052260173, 26.3624795586437;
  -51.43700331870976, -4.467973513745828, 78.08703254037968;
  -16.64972317559104, -6.239167330156717, 25.98663717809878;
  -17.24002963716362, -0.6493888802380577, 26.9555882654818;
  -16.59377227878764, -6.481786333839795, 26.09850285082074;
  -16.40607018228126, -5.798888485359331, 25.84483117740481;
  -16.50723562339781, -4.495735926737022, 26.02508502729226;
  -16.51669836113652, -3.904588039713616, 26.03606815680677;
  -16.38678547595771, -5.661954210417374, 25.8525289144246;
  -17.15805568841497, -0.7523017924051835, 27.15192389105368;
  -16.71250575243987, -3.764617404280759, 26.49995047142677;
  -7.40544161565811, 2.770772112491082, 12.25925249243903;
  -16.27831087758986, -6.217180999133247, 25.89443662689702;
  -9.276895512223566, 2.585148069112103, 15.13992622972154;
  -16.25225813039094, -3.392354440308227, 25.84624845784935;
  -7.490894237382213, 2.745395296609614, 12.46197714244394;
  -16.41280085457253, -4.183663801807615, 26.22239459263782;
  -16.21645889144073, -4.886681912520024, 25.93272727719197;
  -16.00687872842608, -3.889733650732914, 25.66244137481225;
  -7.344283269549815, 2.787746680911139, 12.28443757487133;
  -20.37181511334229, 2.254000166808245, 32.44825561903509;
  -16.51434383172515, -3.64984147700091, 26.59161808702307;
  -17.35180634239745, -2.985947205130187, 27.91831028634782;
  -16.30949300086271, -6.422563456206991, 26.39568000606019;
  -7.803869875472612, 2.741178347149634, 13.09854359256177;
  -16.52852960364411, -3.515777103996276, 26.73686321092857;
  -16.52665934150965, -5.72474844646097, 26.75663510003738;
  -16.57513918912415, -3.870371604302795, 26.82446926515974;
  -16.82380612824671, -4.758192772986224, 27.25652116050369;
  -17.96064438122351, 2.208815650595528, 29.00597495782376;
  -17.03850758975725, -0.5969151431350142, 27.69026695377763;
  -16.20219662090599, -0.7616491748873002, 26.38596847712574;
  -18.75335093706112, 2.175636819955885, 30.4242579677548;
  -16.9672511287738, -2.642370925240759, 27.69810080012454;
  -16.68007952641151, -5.195816332839218, 27.30756370262939;
  -16.98916267406626, -0.9750534475581125, 27.77954030958948;
  -16.32815509267947, -4.412328413795941, 26.81516683500304;
  -15.54621637354306, -4.321899364424986, 25.62094548081556;
