m=[-15.24749494386321, -1.83988895534144, 19.95209937615874;
  -14.97449878055156, -2.850611155256327, 19.62713540246821;
  -15.31546615487076, -3.326730061888599, 20.0802730878877;
  -15.03256334408468, -3.1734551406486, 19.77336437170416;
  -15.10892069397578, -2.803778613281538, 19.91488159825715;
  -15.00239366313888, -2.936826921455773, 19.84277145442594;
  -15.24262416994146, -3.080776857534325, 20.15104970009839;
  -15.24892799821823, -2.632674374710268, 20.20061649673848;
  -14.95915978780602, -3.05215246446049, 20.00332429891511;
  -15.08684000720363, -2.877810814890456, 20.18673233571406;
  -14.94458900255054, -3.317456910303709, 20.0896439152945;
  -15.13758590348386, -3.243540373380423, 20.36848679891232;
  -5.534987034782707, 1.38519691018517, 8.169079446805196;
  -12.70254966424809, -1.409751023743401, 17.38243145013594;
  -14.60539875799825, -2.739823449820311, 19.97285903895972;
  -12.79035448787493, -1.535777243284723, 17.73723984694895;
  -14.98069733024902, -3.651381324619837, 20.65884996958715;
  -14.95606302151484, -3.595075155927971, 20.71966351921795;
  -15.02220171715705, -5.127720429814526, 20.87411694432908;
  -15.14873327921113, -3.676062092784166, 21.07149670880861;
  -14.92618357403507, -4.838613982859331, 20.78275997732001;
  -15.10807831091063, -4.122078654361798, 21.11467320986917;
  -15.29247523951678, -3.952367627743466, 21.45502152216591;
  -12.51474971584315, -1.469067998431897, 17.83251285441162;
  -14.87431720260715, -3.968495986119583, 21.19048450953049;
  -11.929430023716, -0.8258984179033181, 17.45558136021397;
  -11.9567362295796, -0.8895597279906855, 17.54503569806838;
  -11.79755901650344, -1.483903677504836, 17.4203067282775;
  -11.96640017905726, -0.6453003402164216, 17.67015747131901;
  -15.06064881660475, -4.942455942692152, 22.08842134870994;
  -11.74368675121362, -1.060519532607801, 17.48950640187658;
  -11.82137891288466, -1.577363568991098, 17.63206427739236;
  -11.69441402667242, -1.64292112121597, 17.47757292291383;
  -15.00018449827797, -5.138537655948906, 22.10388997830047;
  -15.03190799971979, -5.275974268032919, 22.15948358943388;
  -14.92076743357021, -5.333839472113026, 22.02225095957743;
  -11.63296483162009, -1.733754676493782, 17.46290872549836;
  -14.22263803133789, -4.784439827298662, 21.10062603895358;
  -14.9212963185918, -5.371154797158002, 22.16837546530125;
  -14.96733152667889, -5.228086654594961, 22.26100841520776;
  -11.59033725471587, -0.7846184053935272, 17.60562407336069;
  -11.36143471887646, -0.2352171443162589, 17.3528200570505;
  -11.57109354359151, -0.3444844705357182, 17.72354569226139;
  -11.64307550403425, -1.398841408031281, 17.87062756487615;
  -13.0952795809968, -3.830840290461284, 20.05818614665837;
  -12.47318444460881, -2.185336362886795, 19.32394753371639;
  -12.32872447223639, -3.746190897012962, 19.10672677899778;
  -11.38817989162507, -1.22438722182615, 17.75114464033701;
  -11.03423540238175, -1.056937762412123, 17.32272445816938;
  -11.19390639822411, -0.8854329466070601, 17.66176977022703;
  -11.31386604884135, -1.214149008610155, 17.88211835673899;
  -11.22497540098821, -0.1626585095274776, 17.77050365035597;
  -11.60065142115776, -1.57863405103036, 18.39335045418795;
  -10.9405507246198, -0.1377852457848525, 17.47368271402648;
  -11.1172858930203, -0.4510667282169496, 17.85423438129838;
  -11.2243628679495, -0.9804359179929458, 18.03025788085785;
  -10.86133318979229, -0.2683491081390222, 17.54384285341325;
  -10.53889910857062, -0.3614829439077182, 17.10374365715332;
  -11.16594706984171, -1.173968797514411, 18.19626491740433;
  -10.98638742006709, -0.9067252909899004, 17.94763021406481;
  -10.51946343124092, -0.4142815739432403, 17.26278194241094;
  -10.42969865049957, -0.7290224194789023, 17.36783947369194;
  -10.89363363932393, -0.4886729791426304, 18.34426222811001;
  -11.18429507100884, -1.154420342395756, 18.82504477157394;
  -5.335087133312568, 0.6496641711738892, 9.573205724862033;
  -10.31350723427125, -0.68460312124018, 17.51212162013507;
  -10.69828829944315, -1.054485655299336, 18.12961818236501;
  -10.61735166533617, -0.5451198764418501, 18.0287423481688;
  -10.56716377357469, -0.7913915564221585, 17.95752046766618;
  -10.27751891198245, -0.171531640522412, 17.62724854780252;
  -10.25223427423075, 0.07815813419322508, 17.62058801792668;
  -5.280772448907256, 0.6345943446618354, 9.622513506144939;
  -10.09409852231189, -0.7116121405783357, 17.44973240969379;
  -10.03666965739535, -0.7798274087406698, 17.36533999403316;
  -10.31540375944315, -0.9482710977089798, 17.89024696291983;
  -5.150679459762115, 0.6754967970217503, 9.513636388510271;
  -10.05296094100505, -0.4671013328250961, 17.5548382424839;
  -10.15417719854366, -0.36360354658845, 17.81081099937099;
  -10.32124291275323, -0.5225341678607721, 18.13598593912165;
  -9.585170525147181, -0.03158309833347829, 16.93616344466268;
  -9.906679146589069, -0.2350011159143426, 17.47237428394626;
  -9.658382491139925, -0.1067167354861419, 17.09891838210693;
  -10.24200217538462, -0.4344037802251347, 18.08435100679427;
  -10.40112468265647, -0.9381334020649407, 18.4005650196155;
  -10.18611925018528, -0.3526307702419738, 18.09326977247187;
  -5.402216989687298, 0.5140023181620672, 10.12145953959954;
  -10.10299882776423, -0.5909489917417042, 18.05578921328459;
  -10.38658904657577, -4.055843332658405, 18.6354377443568;
  -10.17703930062198, -0.5217355791582552, 18.31539215362203;
  -4.122393065789613, 1.657967612557651, 8.101716920336211;
  -10.30021710444936, -0.7715850721409459, 18.61313075095874;
  -4.104535738840626, 1.721495511534884, 8.079122496299036;
  -9.655033850465005, 0.1819356024916062, 17.7800523337691;
  -10.14226290231581, -0.6332021775147079, 18.63161051512144;
  -9.734863209490369, -0.2067022774562911, 17.9630337841488;
  -10.09127068765803, -3.765090710648801, 18.6402048633662;
  -4.053818710988947, 1.709196877310321, 8.153551846720957;
  -9.513672080383321, -0.09356287365762488, 17.68453779213851;
  -10.0256643976452, -0.5723230834925867, 18.63520585541938;
  -9.659948864649147, -0.003415666639556434, 18.03174511894851;
  -9.569698140445869, 0.1830041822750757, 17.8787330185612;
  -10.24046875559957, -0.9934216723625921, 19.07491046555491;
  -9.526147200384077, -0.1552201669040382, 17.84036461473096;
  -9.860940970963044, -0.3551785532351008, 18.44830636065101;
  -9.802345606324247, -0.4410956829334181, 18.36313151252365;
  -9.527022858419041, 0.4635192804435436, 17.93445641268142;
  -9.79471952792983, -0.2866495993292303, 18.40860860349435;
  -9.996851190302442, -3.89767381219275, 18.77762398839967;
  -9.352551811241556, 0.3370066520955727, 17.67367362872971;
  -9.580095268953841, 0.2525761827498338, 18.08643751131007;
  -9.513952862542011, -0.1344857701964285, 17.9853469509837;
  -10.34095050908154, -3.762181855626368, 19.48071245382217;
  -9.369113230479307, 0.2913080575735546, 17.83022419630782;
  -9.958219672885656, -4.313760902377037, 18.87523563033603;
  -9.882549236687979, -0.5882330849777567, 18.77753102229861;
  -9.850975858975895, -4.082143836003549, 18.77771530514841;
  -9.716142431354864, -0.2693790856214165, 18.62221466597518;
  -9.844566652614368, -4.300282212056003, 18.86459989946118;
  -9.528566754964247, 0.1489256048624739, 18.31224777438785;
  -9.604266011108082, -0.1236552338548888, 18.55088317341876;
  -9.979624223302688, -3.624221742497033, 19.22329545219102;
  -9.475074559433859, -0.1517552389084461, 18.34714801997428;
  -10.17370083300651, -4.343712744080591, 19.62321505186706;
  -9.966484674652946, -4.537828052515556, 19.28181141021206;
  -9.887989607601806, -3.446106945325383, 19.17629943086718;
  -9.656892190537041, -4.248429732272924, 18.74275956762867;
  -9.734401400572619, -3.594624300609234, 18.89985752861966;
  -8.975513584403617, -0.2595523591748053, 17.54381405650857;
  -9.557716002828988, -4.332817042141146, 18.63002656470738;
  -9.183888408898669, -2.839931725450109, 18.02575128749207;
