m=[-13.16984060340125, 1.290192411598412, 19.8969662352345;
  -7.123218221677137, 1.506406386566754, 11.38920515658248;
  -13.69892799618147, 1.031696940247907, 20.9676465833807;
  -13.30466872484254, 0.7044390644988565, 20.41173830641496;
  -11.43769409117291, -0.7000980305148891, 17.98907308168337;
  -10.42608743796466, -1.521181936946143, 16.67826964431047;
  -11.40676884133947, -0.8099952735103289, 18.16192785258949;
  -11.33000543935077, -0.9617011738983726, 18.05482600575725;
  -9.693037715431705, 1.2200288598978, 15.74430213725624;
  -12.52042487852684, 1.244575897123533, 20.08611949055326;
  -6.69324956381352, 1.567493689409713, 11.42292664008588;
  -9.482966188725159, 1.250202114751286, 15.87060370691946;
  -7.72669934406064, 1.451642958984543, 13.19041192681054;
  -19.39444544037167, 0.9092156485007036, 31.86992746963446;
  -16.78140831927864, -0.7282890980747336, 27.88800530960592;
  -7.814351173513948, -2.796997237557179, 13.80975423655482;
  -6.864577737321596, 1.535509140886993, 12.18122747189261;
  -7.827521551153104, -2.855189844410354, 13.88310532518141;
  -15.40111329521513, 0.9123785536740083, 26.15464756893949;
  -7.305336381029272, 1.547711036536819, 12.97841447001592;
  -10.7146345337257, -2.373404227401048, 18.71485806774054;
  -10.24177285866922, -2.058221017846171, 17.95910786425572;
  -13.69415782717526, -1.121807973392072, 23.79651270457307;
  -10.37582676965104, -1.80998396078738, 18.33852091180006;
  -7.600932213158805, -2.804423840350582, 13.81477939984717;
  -10.36941864878501, -1.217757396052502, 18.38107472073241;
  -10.25387376344726, -1.277252313674844, 18.24596566145255;
  -10.25376046034176, -1.354867693273169, 18.25301135879817;
  -10.81626995496768, -1.683191387256892, 19.26181511786865;
  -10.48859118352517, -2.080088722107797, 18.75162322271032;
  -10.38551081710568, -1.527059978641177, 18.57644582664546;
  -10.52140123928932, -1.304629471627647, 18.94459000731356;
  -10.30789391328668, -2.244354275571924, 18.62086351642422;
  -10.40248020520658, -1.407424939171297, 18.78990544936062;
  -10.25180710471421, -2.338532533009026, 18.5963041605518;
  -7.908744144679471, -2.957945681759835, 14.64936329497523;
  -7.412843328652039, -2.656338863689053, 13.80191184842305;
  -10.36908251702064, -0.8992834941305554, 18.81995015351995;
  -8.344093051241861, 1.431218290156085, 15.30799071345415;
  -9.964634995679363, -1.258237222752436, 18.21126234588992;
  -7.550956163793213, -2.876844895240945, 14.13181106694151;
  -9.997841272510835, -2.177085053772284, 18.3659374145793;
  -10.73478309643186, -1.990185966571162, 19.6446282140763;
  -10.08991078917727, -1.470217647593072, 18.53810999222742;
  -10.05204054262332, -2.368158337080002, 18.54401703939512;
  -10.50634576137672, -2.552473290039235, 19.36111973301451;
  -10.15460050079379, -0.906603671683496, 18.71610588989351;
  -9.892826242516849, -1.282333256518267, 18.3118520859877;
  -9.95639385999524, -1.530009570935106, 18.44485140096574;
  -10.1287824418325, -1.769770010907466, 18.75373507995642;
  -17.81344282294721, 1.071370768397258, 32.22482519711168;
  -18.61633283838363, 0.9097227087828793, 33.72354093125077;
  -9.881006410903837, -1.987674492816305, 18.74623106848617;
  -10.30728560504149, -2.896766495675095, 19.53222025000428;
  -10.11134199599095, -1.690529931588119, 19.16118467005757;
  -9.75076478571779, -1.676487835483616, 18.65364483153963;
  -9.878625252971242, -1.628771157876993, 18.9516374759314;
  -9.617073400155398, -1.79718658439867, 18.575546334268;
  -14.58863271895, -0.4908977988861981, 27.52502148480684;
  -10.19520470527313, -2.258084886671252, 19.72762723600107;
  -10.37545674415262, 1.347460381853285, 20.22153039882337;
  -9.796725642156105, -2.154707319859772, 19.24553127178682;
  -9.612334226132516, -2.550479999916877, 18.92345694322264;
  -19.65742713969168, 0.07781692284714577, 37.5625423243503;
  -9.443068795508729, -2.186214751891518, 18.68422981657196;
  -16.54535337795091, 1.24538279896558, 31.82796654531119;
  -9.700927596646201, -2.747893377822858, 19.35388924278322;
  -10.04217147330799, -1.937503966700064, 20.00174178834827;
  -19.9777057757147, 0.9292892041101729, 38.65139026062569;
  -9.340508009451858, -2.090839875925044, 18.90642048201856;
  -9.820210135204073, -2.569056658815728, 19.8723573553319;
  -9.289938067446006, -2.673444650304087, 18.9240327314289;
  -9.220786618899831, -1.719295739121572, 18.80062075469456;
  -19.87491675889721, 1.098162169914111, 39.25768159210983;
  -15.89046050632887, -5.863889186000408, 31.85716569247522;
  -20.76505292395616, 1.321049001518521, 41.11210252812009;
  -21.55718164508877, 0.9112343806993859, 42.75173856164872;
  -9.545882152842706, -2.447119636952666, 19.65458760825277;
  -14.84858082019104, -6.45199337598148, 30.07344816832658;
  -23.33924478577186, -1.891964097389894, 46.43810059722619;
  -18.12105781162856, 1.201027107954189, 36.49067322085045;
  -23.21667031318469, -1.576395889342828, 46.59202923188057;
  -16.08978623748931, -6.347107763623482, 32.88527016870787;
  -16.72386204575816, -6.19840846201954, 34.36043739104281;
  -15.88520619177315, -5.249995088123077, 32.66538002321696;
  -20.64663851510076, 0.2076644333089051, 42.28627632960723;
  -13.03394358664555, 1.391765053074818, 27.36196656991665;
  -15.76484105990838, -6.743499924409353, 33.10238401550951;
  -15.94224562557207, -5.87260501986436, 33.51324037240259;
  -13.78802744046014, 1.372768155005864, 29.23825107182759;
  -12.80440015048767, 1.483955077329336, 27.40157027028551;
  -15.68131371394678, -5.096444282570555, 33.52043173683592;
  -41.42540757522781, -3.024498565331077, 86.63039894197115;
  -14.29732915766486, 1.390821208956354, 30.74597715853509;
  -15.2335135539235, -6.83465571475528, 33.14786190312879;
  -15.23796508460171, -5.320856995774907, 33.30580783370653;
  -47.61069547882896, -4.800310128553508, 101.4733044682278;
  -40.91777021922838, -3.590185603684013, 87.46885983147502;
  -17.43838315348084, -4.755755859034198, 38.04978473812524;
  -15.60928954897944, -7.27292476964808, 34.69293398383004;
  -15.13804428659494, -4.728953547835846, 33.60664161891237;
  -14.9622465726781, -4.563925193121995, 33.2968262289971;
  -16.03691239304014, 1.308079837420494, 35.60281749574374;
  -4.45680587556856, 1.559102301138369, 10.68685980439547;
  -16.81535489536279, -0.1107300078382128, 37.43520374098042;
  -17.98709405992948, -4.748259015144114, 40.14053693936087;
  -41.02803716351008, -3.874661803486843, 90.35577262020561;
  -15.3295058197915, -5.752377734114345, 34.68220484761537;
  -17.34470880721323, -3.535473444386219, 39.19550737432623;
  -19.5533223153523, -4.256028889934514, 44.06505838133253;
  -18.08116548433374, -2.937115031981978, 40.81945356902428;
  -39.21402830069852, -4.323455868091027, 87.36895310698822;
  -18.79857264638816, -4.94824884960095, 42.67516488662285;
  -16.82883586431174, -2.947529696956847, 38.32112267005051;
  -35.22133304754396, -2.747775728473651, 78.9415452623202;
  -39.17650073801958, -3.83849195253849, 87.90174932164419;
  -39.75794047261102, -4.735013949417458, 89.24721169233693;
  -18.16274932455634, -3.506011150279931, 41.57284437087461;
  -39.88605396037622, -3.385529064899214, 90.33592533734229;
  -42.14074467742285, -4.504384723169583, 95.54074460537697;
  -18.34763802445503, 1.172598482317513, 42.28335142933193;
  -17.85627799789727, -4.22614816773862, 41.55001960043295;
  -18.24793052822648, -3.276052607397405, 42.43875226986379;
  -41.25173726014923, -4.030444505329675, 94.66039787259804;
  -16.72653522835149, -0.6317616490231051, 39.23681547636828;
  -15.45200786697336, -0.2801747117004602, 36.37602767436037;
  -17.25586816943036, -4.956048419613301, 40.66860229534281;
  -17.67054967811896, -4.884562389728302, 41.66017001521923;
  -46.94834264065389, -5.069895520016262, 108.7931757310734;
  -16.77447571293156, 1.130275898584376, 39.72125572534117;
  -16.57259757310547, -0.4864987092990809, 39.46465721669979;
  -41.20126287210947, -8.537820558052943, 97.99469719722816;
