m=[-17.67719505107347, -3.231690932764006, 23.34840995425287;
  -17.25289641860147, -0.4571944221918838, 22.83202275454375;
  -18.03108164591379, -1.511283979944997, 23.81473128992191;
  -18.18639526501267, -1.812942345344878, 24.19791154813849;
  -18.04504699881169, -3.785163292596544, 24.02585935594813;
  -16.81946222554271, -0.5990323447952395, 22.51757310653235;
  -17.86111141897735, -0.7544285522327755, 23.85646876398059;
  -17.60211018194024, -2.025569276248591, 23.5985951713329;
  -17.66299194658914, -4.691858513584789, 23.69186990847533;
  -17.71183067156794, -3.354055511858764, 23.79881005121854;
  -17.44129862108309, 0.09676326118067627, 23.47825778234413;
  -16.82793470219797, -0.3461157874206144, 22.80126083986472;
  -17.59025377743211, -2.928339635129287, 23.94602687582972;
  -17.65264711828316, -2.393860576607797, 24.03676266395188;
  -16.55612843538412, -0.1422404220195079, 22.69452718419601;
  -17.76052808331333, -3.406830964210135, 24.27298919568639;
  -17.59775334579638, -0.5217992302419188, 24.13805075000865;
  -17.31843262520291, -3.396543420098747, 23.89269447879961;
  -17.23612934633038, -3.033260470802944, 23.92295896334792;
  -17.67663838421834, -3.842154544936455, 24.54190484082662;
  -40.40108764206408, 2.006505574847414, 55.04008847925737;
  -17.06258768667943, -3.010257618865286, 23.89431455637502;
  -17.78533891727454, -2.217052127346169, 24.87447605958941;
  -18.59960125207547, -2.920582857825564, 25.99686811647504;
  -21.02646155358929, 2.485515655631565, 29.28140678928655;
  -9.634112075252229, 3.242137540017904, 14.01593313181802;
  -19.06651022866251, 2.571168596215663, 26.68387359348122;
  -16.54126747198697, -2.281701243902857, 23.30384726807588;
  -18.0609384043441, -1.415946824279645, 25.36426525028803;
  -17.24062742328484, -3.512574726589608, 24.38340021850031;
  -17.7408226356736, -3.22615939880201, 25.07049229103917;
  -18.17721446563916, 0.3516030332119502, 25.71617211380835;
  -17.46158099041164, 0.07248193788772808, 24.76640464452096;
  -20.98765299859213, 2.526506021679164, 29.70095296924804;
  -9.396652521868209, 3.275832128922913, 13.9270972270277;
  -17.42169565256472, -4.946376154571237, 24.91124659959684;
  -18.75608411922697, 2.532525070500836, 26.74748181633685;
  -16.66913409104646, -2.516015155179069, 23.94670817583575;
  -17.55130597018407, -1.746805683549867, 25.17311186341917;
  -16.20317933745004, -4.210386913420543, 23.33779788138666;
  -17.49383498723319, -3.508492858757818, 25.13092404612659;
  -16.05392104274331, -2.909442836575699, 23.1552400999297;
  -16.56831320296625, -2.438641866277395, 23.97214447938336;
  -16.56058992631417, -4.063991623258906, 23.96422961278878;
  -16.41190843882165, -1.265658282398186, 23.76818310304344;
  -17.41658911880425, -5.349362549542144, 25.19340179318672;
  -17.67985274815782, 2.572578006843442, 25.56648416064157;
  -38.31665450202797, 1.829847895089002, 54.1723499983331;
  -18.89729391218837, 2.49233367061211, 27.29251069348191;
  -9.508773778107415, 3.234714407648568, 14.27401169732766;
  -16.830456593768, -0.961146075329649, 24.45676541008063;
  -16.89983661760174, -1.413227672048304, 24.58886959923768;
  -9.549311540541913, 3.316349924805452, 14.37088038185202;
  -16.52587614123037, -3.000852503725337, 24.13324680669311;
  -17.38563275556225, -2.838283260444055, 25.33817804365726;
  -16.66321731141943, -1.577920464705456, 24.35441732432331;
  -17.06897170231144, -4.673487622797905, 24.92781067258726;
  -17.07099532781709, -4.850009559211375, 24.9526965053455;
  -16.22039601390636, -2.448691670614631, 23.77216550196961;
  -17.01843727312473, -0.03182985568903701, 24.89846040271174;
  -16.24250756054655, -0.7541047997289208, 23.82905290824137;
  -17.55297538815889, -0.2356244646994648, 25.66914151853835;
  -17.34262300284895, -5.095001195787051, 25.3936871755248;
  -10.53107735718266, 3.242906178983521, 15.86747039313906;
  -16.78877045172092, -4.070884853246825, 24.66177048344107;
  -9.468165035826887, 3.317455944615073, 14.39589038450004;
  -16.89614203448404, -4.415244974454402, 24.88215671190497;
  -16.43982486926646, -3.904168404679165, 24.27254734375838;
  -10.34194822544224, 3.241256115569542, 15.68616304994292;
  -16.80602420889246, 0.1074383020127595, 24.82049900370918;
  -10.20748530331866, 3.266309668244298, 15.52514923259093;
  -17.85734039757062, -2.280804404863002, 26.43286970991278;
  -16.50120338720938, -1.610855719818007, 24.5145207687791;
  -16.23722091213554, -4.384135964168243, 24.15513932193369;
  -17.69585272432272, -5.224869005660911, 26.22931893060068;
  -16.25283969508796, -2.521217170394085, 24.18903020339388;
  -17.04492881762933, -4.660184484461894, 25.33419346855931;
  -17.05631656348419, -4.789381068577936, 25.37252067578177;
  -16.54511718049058, -4.200218173275681, 24.75221795345845;
  -16.7522125390394, -2.418876233834706, 25.10500628709821;
  -18.15761476703988, -5.803234395239683, 27.14532896153048;
  -17.06728597351314, -4.484088136334232, 25.6164393450813;
  -16.85318716033993, -4.588566073264182, 25.34619142926423;
  -16.75663637185298, -0.6058102088018214, 25.20882144647311;
  -9.926777518230169, 3.236896417796572, 15.39268721365314;
  -15.79186383023463, -1.202536385950888, 23.88617349733436;
  -16.2116576687361, -1.12486723222854, 24.5129479635234;
  -17.19254868507754, -1.074135933650144, 25.93033231282455;
  -17.44074580739174, -5.50773151079348, 26.35365257499044;
  -16.07899422132771, -2.111213673996582, 24.48950348269012;
  -37.5021198110364, 2.055942892030483, 55.69953119217639;
  -16.74290609293805, -4.864335475326924, 25.48224591460764;
  -16.65973639356689, -5.429698609916195, 25.36999882310211;
  -37.77750072461311, 1.828333832811912, 56.17203801487845;
  -10.92605577338058, 3.15779164164296, 17.0304801733786;
  -16.09032685644178, -1.417568596224176, 24.62677088623635;
  -17.40365951982215, -1.406638620406111, 26.55925583061864;
  -15.38901942191679, -1.531783829498695, 23.61240657498816;
  -16.17258822918953, 2.540930224190399, 24.76092080300672;
  -16.15958718580962, -1.131674097880679, 24.75483452966933;
  -16.49814841574645, -5.228181691346888, 25.26554441006878;
  -16.50632030749963, -4.639497418165084, 25.29973355817994;
  -15.6149058658109, -1.926154422050181, 24.00232789516349;
  -17.78384158880165, -0.8329837074803315, 27.18943821850068;
  -16.50796658322253, -1.834123971776533, 25.32138261204795;
  -16.78754436620323, -5.017552861652682, 25.75291619535665;
  -16.27112235739681, -5.014298132541119, 24.99053986458612;
  -11.22893980915512, 3.071283203020628, 17.59603850289669;
  -16.13853364008701, -4.024150385216269, 24.84106616839541;
  -17.11110422915441, -1.027091403464711, 26.31336364148548;
  -11.30285076807892, 3.182745212287221, 17.81480803474043;
  -10.05897569019862, 3.245001925959866, 16.01205393764726;
  -16.48816375209678, -2.64635635232792, 25.60266238505441;
  -16.05545544134007, -4.38139072700635, 25.02154360133567;
  -11.90022984673268, 3.224656201262421, 18.83943077353654;
  -16.80361558309421, -0.7417005808361777, 26.16802603107233;
  -10.96744300155128, 3.183990106282091, 17.46232666457237;
  -15.86172380768504, -0.8695465909668645, 24.77664770585869;
  -16.27230572303308, -2.447848575041429, 25.43048663077867;
  -16.13810934489361, -1.527130584846444, 25.23955516510105;
  -15.90602907815933, -5.730040660445986, 24.92289577233159;
  -16.28598030299325, -5.480478918512887, 25.49422615085974;
  -16.47813781302045, -1.487798370182518, 25.79085181549395;
  -20.71716473216472, 2.463561549371233, 32.17569384743548;
  -16.13094766857912, -5.067614666739671, 25.29465650132363;
  -16.42006526552251, -2.789729280353371, 25.80238149463008;
  -15.9364489801197, -2.134326503488022, 25.08158548339442;
  -18.6337597638551, -0.2639180257365395, 29.14950153968388;
  -15.67816551829952, -0.8044209069281036, 24.86132103098116;
  -10.54194878939657, 3.19852711259135, 17.09053544155753;
  -16.50560180706001, -1.680501284589969, 26.1484349194859;
