m=[-18.11268457684069, -0.2817815852257043, 23.70141674494365;
  -16.14713405137652, -4.558655068050765, 21.28479546002553;
  -17.60361295774941, -3.613118586668696, 23.25383307116924;
  -17.54842727408132, -3.456972969160211, 23.19083745345241;
  -16.93268704275786, -3.406778340760088, 22.47834256399425;
  -17.53546746688528, -3.179791025825689, 23.26646991024659;
  -11.85938253919392, 2.903180003311378, 16.06095910093501;
  -17.7276582472115, -4.860153630344221, 23.55163489154854;
  -17.67744369226072, -4.940390918619203, 23.51466117394395;
  -17.48961752828762, -3.076994472330086, 23.29798965529503;
  -16.93540422735202, -3.320296149227346, 22.66699772055978;
  -18.29693086722083, -2.976173981258968, 24.44753704849299;
  -17.53281017371643, -0.229590171972775, 23.48368734719502;
  -17.74739186297431, -0.07173384172944006, 23.83586745349042;
  -14.9304474721531, 2.721135972279452, 20.22896099659326;
  -16.95355581580839, -3.23830961139655, 22.90069973757882;
  -16.75915064493002, -3.391768242124478, 22.6603442221907;
  -16.88186646452066, -5.229422588666233, 22.86280386058195;
  -16.75357148853522, -5.076979627354159, 22.74796965437267;
  -17.0871764818166, -3.924464337944561, 23.18528931447897;
  -16.58374720649246, -3.726773243543585, 22.53400382553945;
  -17.44019217634281, -0.5143420067018762, 23.69712482403806;
  -17.16709914894481, -4.703684699498567, 23.38481690315497;
  -17.17928944826725, -2.843765916598294, 23.41191533930294;
  -17.39614289625344, -3.117701702849431, 23.77024016290666;
  -16.97805502292842, -3.961598464163904, 23.26648164049914;
  -17.24568691109059, -4.133270297133167, 23.63163026521803;
  -17.16244566848859, -5.011071340670973, 23.564406765913;
  -12.97476228924108, 3.008167058707405, 18.0479695280727;
  -16.38098882381136, -5.10990821493054, 22.54521260853168;
  -17.34104211171543, -3.54890531058648, 23.81933816855374;
  -17.60948133380971, -0.6711122718507298, 24.21420938900798;
  -17.44791511837096, -3.780107446702866, 24.03320425966461;
  -17.23347415833039, -4.846703114438232, 23.76887791980427;
  -18.0290692741554, -0.5801499985708699, 24.82588844904128;
  -17.32100767989044, -3.165475833597034, 23.92165137043867;
  -16.97548096204769, -4.235948226921722, 23.48030452213719;
  -17.32860076974121, -3.351723045616485, 23.95389801503893;
  -17.0780087066815, -3.928918887583937, 23.64084144840901;
  -18.8336303956402, 2.5981918082088, 25.95990302847894;
  -16.48740729382846, -5.036821331999093, 22.8940867327379;
  -17.24764509283329, -0.4259705295370017, 23.91087990695593;
  -17.30635330834532, -4.646355085389811, 24.03085767131078;
  -16.73238254188845, -0.2979862927197656, 23.28033873236144;
  -19.09533717670765, -1.84767552063479, 26.4710537190983;
  -18.25058172552127, -1.901971186045409, 25.40655650708267;
  -17.51466988743099, -3.325893367158036, 24.46939104009554;
  -17.31722860404603, -3.166791633930015, 24.25711240028459;
  -17.13249348893834, -4.882285098762122, 24.0330869682812;
  -16.79462861382729, -0.6373302849943729, 23.60760179706906;
  -16.21828399416205, -0.5303299030665816, 22.84750841426246;
  -16.41064955781728, -4.911745638652095, 23.12342795900751;
  -17.32773581838449, -3.681976409733088, 24.37497120916464;
  -9.975841141851237, 2.886803879360613, 14.45776574548308;
  -17.14200310294905, -3.787236937205236, 24.14628252362911;
  -20.80100631621726, -3.575999046693906, 29.10550548452974;
  -16.67639299072819, -0.01545017294369937, 23.54354684117117;
  -19.91773417557284, 2.810160604974761, 27.91640978954191;
  -17.52957902286556, -4.651225432787955, 24.74238285563263;
  -17.78708553709192, -4.186579316789853, 25.12366967196827;
  -16.99836390859085, 0.1239070754820924, 24.0749454147119;
  -22.22057833917578, 2.584775380196128, 31.16015821435683;
  -17.08322497403287, -0.1689775511306507, 24.23973516582199;
  -17.47815319040698, -3.256702443683202, 24.78709849061051;
  -16.52261241131169, -4.399521001442355, 23.55918364440106;
  -17.38581792393297, 0.1738224259472333, 24.73379566463389;
  -16.99915030966209, 0.2829818772023001, 24.30138336289986;
  -18.48256673182428, -2.093292868315846, 26.35364809945709;
  -17.70579479571096, -3.845827019062509, 25.35679051476574;
  -16.79675521145003, -0.4354327348995106, 24.2036674615313;
  -16.84910372940422, -3.427413970207526, 24.30364783753775;
  -16.66821681743283, -0.2287961782476064, 24.05999338393275;
  -17.58898290060706, -3.265693704369397, 25.36224696105802;
  -16.74369192798729, -0.4046112160280075, 24.23045960048843;
  -9.313671736174484, 3.041768743730152, 13.93989984267304;
  -9.452198682057448, 3.15695899560011, 14.1722120062839;
  -17.80530373038104, -3.793596127450568, 25.86204906532206;
  -16.94690358891135, -0.4861961790529124, 24.67016520886337;
  -17.76081940399609, -5.882937943167113, 25.86586796076583;
  -16.74179640994218, -5.690353498063174, 24.46488201529113;
  -9.310803027718512, 3.199732064480649, 14.05198975040364;
  -18.88473896466522, 2.599717949761025, 27.47550082754099;
  -16.83502828541786, -0.5725572057675733, 24.63323517432346;
  -44.59005932053493, 2.455173410924303, 63.59093237288333;
  -16.62516234159726, -4.507295528467667, 24.39449686978399;
  -18.21692596792578, -5.780304814989527, 26.67447880316158;
  -18.752642794076, -3.462236876981365, 27.41521958749942;
  -16.71364045736035, -3.667385105387451, 24.58843591668655;
  -17.4984821103561, -3.639637042472268, 25.7647783753254;
  -16.64000587388363, -5.791582908383736, 24.58828099289098;
  -17.02230929339694, -0.3078067003476934, 25.18827364289782;
  -17.23283077694566, -1.508283846102015, 25.53300089400292;
  -9.213490840827092, 3.103649049308691, 14.14139679922914;
  -17.17865279922208, -2.349553234341781, 25.53748915998801;
  -42.99726441423563, 2.345707040872757, 62.38915902243991;
  -16.70645236633739, 2.650013606041707, 25.08401610459254;
  -16.98565327850661, -3.538365992042268, 25.54431906169702;
  -17.05962538197364, -3.404300816279304, 25.69763488461319;
  -16.96584987645914, -6.008198990638997, 25.61790641956814;
  -17.60636665147084, -5.275679633608489, 26.63106271061258;
  -17.11712537067954, -3.78566247426419, 25.94030328347359;
  -16.59171968312103, -5.782542982007539, 25.20825568790098;
  -20.15501337151031, 2.525239804085071, 30.4351201395043;
  -16.69758448514092, -2.48936136318636, 25.45589499323898;
  -16.85305791440482, -2.118153210639187, 25.7362138334974;
  -9.215207238721364, 3.135465202678809, 14.52834486625331;
  -17.64019908668643, 2.518987100283118, 26.89613281410408;
  -16.82421920720461, -3.012220134175723, 25.72816541501673;
  -9.474049007995109, 3.077750967380069, 14.96082170339936;
  -15.74911122734627, -2.188619266353254, 24.28865529026571;
  -18.80971085093439, -6.025599037685112, 28.8564469838087;
  -15.80454609780685, -2.894757264696855, 24.4389333315931;
  -16.07715742746235, -1.528201216736012, 24.85162484119297;
  -41.90302895017096, 2.214081808165632, 63.12515004444292;
  -17.04982677861408, -3.540876889626545, 26.3152084774517;
  -17.03957403897238, 0.3786488288040671, 26.29438512422236;
  -19.69587255569556, 2.506133271538758, 30.23697447602436;
  -16.67253750978964, 0.1308007791871657, 25.81685934569565;
  -16.69502308320624, -0.1146429941283316, 25.94547659281892;
  -17.95867304549651, 2.563093379258612, 27.8702641597143;
  -9.021264067012035, 3.124568688952722, 14.50841223959074;
  -15.93786238474291, -2.516931973060555, 24.880922840508;
  -16.71605031504195, -3.783238632700008, 26.05603154710299;
  -16.57396506514927, -0.7636061708038858, 25.85951852812872;
  -17.04162661944164, -4.948462258928186, 26.58982562113404;
  -16.0953769212971, -1.37502577658858, 25.18053631890104;
  -16.39366492202499, -3.127120051934755, 25.65212495863797;
  -16.32205667669715, -1.610625946347393, 25.57510538223828;
  -42.25571932302977, 2.335237613803103, 64.60062841324225;
  -16.58611687617852, -3.387048133603675, 26.02049169898833;
  -16.03118026817355, -2.450919135403962, 25.18233788858128;
