m=[-8.925446990493946, -2.22528044581548, 11.87480063827561;
  -9.143189264242121, -2.086520077617046, 12.23927587259713;
  -9.095766121022839, -2.595536197007504, 12.18075703066478;
  -8.933486772875192, -1.826778877032039, 12.00916912516822;
  -8.68734483593548, -1.672218392437697, 11.7729646609549;
  -9.018318572816085, -2.519700111384705, 12.18673801754343;
  -8.81676179083378, -1.99580719347151, 12.03816323854592;
  -8.610571309389234, -1.65473677566981, 11.82491843122138;
  -8.842453089122056, -1.013868861635206, 12.24220852912397;
  -8.793188598466607, -2.310390629368366, 12.19084819146337;
  -8.759889480984144, -1.836907133418724, 12.1609710014227;
  -8.714987297356949, -1.621172295245022, 12.14116307713237;
  -8.632486041689193, -2.055878327003622, 12.08660078751467;
  -8.765349501437676, -1.974873807168495, 12.26632302131322;
  -8.676297809318523, -2.211659740311036, 12.22848819674853;
  -8.95809125907925, -1.03309242712007, 12.70483557138583;
  -8.491171406071739, -1.894113306845169, 12.11012572365679;
  -8.587982126671411, -1.76099614822541, 12.29597688951856;
  -8.618950888693219, -1.721790483640499, 12.34860200204504;
  -8.855505803388379, -2.780964683001681, 12.71185892299381;
  -8.865340661664867, -1.155390364914054, 12.72750632818808;
  -8.601908723240861, -2.809394219193474, 12.38179129791765;
  -13.38276896651649, 0.8844384649217825, 18.84165373232803;
  -8.619586759215762, -2.060382298011362, 12.49262228379885;
  -10.94141575641394, 1.014660468349955, 15.61972310960865;
  -8.539858652689148, -2.224538445485346, 12.44877906527007;
  -10.5539357164433, 1.057010125635236, 15.16701837286713;
  -8.832863909311683, -2.381823911269171, 12.86975069100181;
  -8.779632572882647, -1.089737925512576, 12.93029205595058;
  -10.45966409982994, 1.010059595562448, 15.25045464124827;
  -10.40672552220146, 1.018518485732389, 15.32730551242;
  -8.633206927947796, -1.932082582846602, 12.92122457487556;
  -9.424220612568002, -1.039920774038537, 14.03804083526511;
  -8.55660433531339, -2.668840034518984, 12.90412336471235;
  -8.495264208427546, -1.862695032253186, 12.85139319624551;
  -10.49287738600371, 1.038667509161821, 15.66347791110101;
  -8.48252478689683, -2.563942957327306, 12.98394467034671;
  -8.385485283538237, -2.823854166206876, 12.84782793774198;
  -8.562455478737377, -2.429477661085916, 13.1270737902694;
  -8.386732296719922, -1.74791136717859, 12.92203547642387;
  -8.404286305005503, -2.714015853828129, 13.09657049043951;
  -10.10432706674442, 1.048401243864842, 15.56370742151272;
  -16.3525745169258, -2.156505536346242, 24.57490292849234;
  -8.235783594068609, -3.031746059707352, 12.88146367232806;
  -8.41140392548855, -1.863726428503473, 13.16139138641028;
  -6.014657371121909, 1.203816954548744, 9.713551324006389;
  -8.245356893733108, -2.713137680056569, 12.99825481080545;
  -7.066561731377889, 1.129454574815571, 11.32979896723781;
  -8.457736299663045, -2.594579563154654, 13.3946565993204;
  -8.152183132476027, -3.051447741885804, 12.96264887332356;
  -9.30611854294555, 1.12089759688267, 14.76880688993079;
  -9.453264807030108, 1.091317744052857, 15.04460106975489;
  -8.094710659261368, -2.906585527836538, 13.07530673330361;
  -8.408479490165753, -2.712879586655056, 13.62053358272182;
  -8.010609724220622, -2.462887006060964, 13.03442827675701;
  -8.154581047208179, -2.26226868446499, 13.25628550057181;
  -8.017456724101095, -2.998715948117506, 13.04555176998717;
  -7.935409423541493, -2.801874737619544, 13.03299871711673;
  -8.079922871165294, -1.901832235892707, 13.26699222728644;
  -7.923927312712546, -2.735423048098233, 13.03404675440046;
  -19.72121218867812, -0.0709754932349257, 30.96727764563367;
  -8.074336336528022, -1.76039841136537, 13.2734684746252;
  -8.091276794931531, -1.820099230867705, 13.36735456895173;
  -7.988841966764251, -3.052670447221067, 13.23476206952731;
  -8.02795401260774, -1.686545458834368, 13.30011523467265;
  -7.985060310409432, -2.029896598609892, 13.29063239751498;
  -7.966349559988674, -2.386070816220112, 13.26336529045566;
  -8.000974471105002, -1.946895139513206, 13.35129259446529;
  -9.493971868373347, 1.06426986306096, 15.69440117264299;
  -8.04216386673696, -1.777206320381738, 13.48563491586894;
  -7.989595224209707, -3.145667651579207, 13.4570106377899;
  -8.054368825774274, -1.712527701647556, 13.56495372973708;
  -7.917897564551267, -2.741084076358956, 13.35700491550909;
  -7.95107816533133, -1.8564801039765, 13.41014927729943;
  -7.731043907883476, -2.950857118862187, 13.07798733138371;
  -7.93023623745065, -3.192228717417744, 13.39404473492956;
  -9.028739676981626, 1.105829421635008, 15.11332011810521;
  -7.875414511167471, -2.260581061429483, 13.40230969733893;
  -7.962244708214287, -2.479217955704765, 13.57690848175283;
  -7.873304564249227, -2.127782834481075, 13.46912022115208;
  -7.828462816881064, -1.756226321070729, 13.45529226073493;
  -8.304361764783046, -0.6114232338201689, 14.23293522631288;
  -7.592052791875679, -2.833220647955948, 13.10086233650871;
  -7.909584465044015, -1.949739484870959, 13.65139531732624;
  -7.898779796389226, -2.252465866922892, 13.65553130133589;
  -7.933422288644525, -2.06054639109383, 13.71217015085815;
  -8.04193766307386, -0.5569968801048452, 13.97910381186511;
  -7.744066247976805, -2.668022086197446, 13.50301735974389;
  -18.96668885943135, 0.3921332836523425, 31.64324722465501;
  -7.797197647465791, -2.583634583636449, 13.59817036694745;
  -19.07424794926508, 0.5626872481992239, 31.84315944706853;
  -7.621762108850056, -2.685328247394145, 13.34281043678619;
  -7.816521454049803, -2.495807183346424, 13.6715628127249;
  -8.917151101640966, 1.11079502651796, 15.46403132041623;
  -7.455040355486911, -2.894068249223607, 13.11591577592522;
  -7.812945469104788, -2.232678525558989, 13.70419584034002;
  -8.183115570707621, -1.357256551302931, 14.32327679012094;
  -7.816510120752916, -2.069333011581043, 13.72689545050282;
  -7.871154991379627, -2.165974279477346, 13.83716228546049;
  -7.853644964637511, -2.40214078373283, 13.81217354240972;
  -7.961447276792192, -2.05134077697947, 14.02161492534624;
  -7.495988494050948, -2.747058481994929, 13.27606029354114;
  -7.807911921668869, -2.949512834913227, 13.82338656991357;
  -8.046763896870079, -0.5853905931657019, 14.23952780225282;
  -7.778236927196929, -2.596611339776447, 13.82866989132453;
  -7.931050061124086, -1.949669374546896, 14.09029826639726;
  -7.617033316933416, -2.379953182251764, 13.57027597167311;
  -7.775320597674162, -1.811534496389892, 13.84085180572109;
  -7.868768043473692, -2.553877841070624, 14.00674566886579;
  -7.897357574308236, -2.012818414095289, 14.05691393065135;
  -8.027292342812169, -2.176642300289907, 14.28068038767273;
  -7.892009979298028, -0.627805548109453, 14.0757431474253;
  -8.300797532464198, -0.8216083429585405, 14.76329558535644;
  -7.975844854606928, -1.327402132393927, 14.24199269245555;
  -7.746680187448958, -1.030198481361206, 13.86896170449081;
  -7.962845377887093, -1.742913950417737, 14.23449190064024;
  -7.685739848639439, -0.5485638192450877, 13.79833008698477;
  -7.629503245618544, -0.2358633079472796, 13.71540863381198;
  -5.920980197648225, 1.316854205576143, 10.86977280456091;
  -8.074694971035028, -2.460734782421912, 14.5086341059821;
  -7.863834581483344, -2.151612114014085, 14.19974958492333;
  -7.878303958658099, -2.751712648227164, 14.2499428655442;
  -7.964965886074308, -0.7984822525482279, 14.40861787018138;
  -18.55632425664865, 0.6672911293373207, 32.25152009884912;
  -7.934217679136923, -1.719503283961944, 14.36109956161187;
  -7.901714349951061, -1.168869297122852, 14.31931601937304;
  -7.930972592366399, -1.341119951277925, 14.37500350639679;
  -4.046829120055028, 1.420047843174825, 7.8280354611442;
  -7.948487801546428, -1.887365597857853, 14.42240484586875;
  -7.49430926926703, -2.740358849038137, 13.65082359974834;
  -7.752478489658055, -0.3835836841900897, 14.1004793272152;
