m=[-10.843556957923, 2.396252619236755, 14.09340250669736;
  -14.20446759643435, 2.317748648850145, 18.30743030017002;
  -25.33203181141521, 2.029531156182555, 31.92520137102446;
  -17.58107184009407, 2.189874736591385, 22.49128998455639;
  -8.293417545886022, 2.597877364451715, 11.12574875683146;
  -10.83778588532916, 2.389036020511628, 14.46550041005385;
  -20.729970509981, 2.128308355747425, 26.88689193089417;
  -13.37213634796647, 2.377591867859825, 17.74441196658015;
  -18.28412741337854, -3.716386555355285, 24.16612744182755;
  -13.29305000059624, 2.330890041860041, 17.87888638409416;
  -17.95596894865388, -3.939813793506344, 23.86899530917702;
  -18.21247294925741, -3.860429679665114, 24.20142129082051;
  -18.01199580302993, -4.490726581344562, 23.96393810710432;
  -37.23458456161099, -2.12387746769171, 48.64333506993095;
  -16.69002209076523, 2.145829104889377, 22.42191322931127;
  -18.30790747389118, -5.224280825572191, 24.51736002357577;
  -17.51392803679197, -3.581364656923722, 23.54374380208182;
  -18.75695172581933, -5.136964464436628, 25.26856936886379;
  -39.99537611337306, -3.071452781385105, 52.8885689649486;
  -18.23110729402632, -5.093734791970231, 24.63626967356577;
  -36.8513872872099, -2.11978475617268, 48.8723468885682;
  -17.41038844452607, -3.351308406222159, 23.59430778470198;
  -8.709810992775868, 2.65450292469176, 12.31717447284016;
  -16.94751381313134, -3.973022901129085, 23.10083142004234;
  -17.80830757903986, -4.03117938456176, 24.31497172369936;
  -36.75368888177785, -2.300663917465367, 49.2025861737019;
  -17.54054941345518, -4.22497525568766, 23.99333580893844;
  -9.247098974019115, 2.619046176954881, 13.13033396319253;
  -18.73201348687915, -3.926050859905219, 25.63680927116038;
  -17.28994531347785, -3.32269571106555, 23.74432376969143;
  -17.49516962823148, -3.612826454317963, 24.02324632468126;
  -16.95510171420735, -4.150593910840264, 23.33255580220509;
  -17.90200641897405, -4.466879961417616, 24.62834779634784;
  -17.4453733369817, -3.476302183344625, 24.06529535475293;
  -17.42360308939823, -4.578012726191187, 24.15602688747137;
  -17.13936951650232, -3.18828588844271, 23.87747374023087;
  -18.23479032488032, -4.387506101937429, 25.34050569836846;
  -17.41595323449505, -3.362864864726273, 24.32979273590297;
  -23.11645955641376, 1.878990882727771, 32.06840276768291;
  -16.99016974336461, -2.973967988687925, 23.91826497430252;
  -19.60030697160378, 2.107002812973848, 27.61318193480371;
  -17.73853396904822, -2.157555735426354, 25.09602770187879;
  -17.05532049679037, -3.862825810505904, 24.18851183258901;
  -22.14606087836551, 1.990412605038174, 31.17788232114836;
  -17.37664167261849, -5.769061103125445, 24.66102130725764;
  -18.09927795413704, -2.087300346690383, 25.66934670765507;
  -17.16090027259036, -3.828057167767609, 24.47491045624166;
  -27.15188854432754, 1.794410012154848, 38.22725202915527;
  -19.06095521918202, -2.32516656646162, 27.10747406389065;
  -17.13047702985903, -3.512664980188754, 24.52682673982402;
  -17.07577062448676, -3.411192352962456, 24.46491435478748;
  -17.78974915742177, -2.318478844203046, 25.53981325918318;
  -22.0187111638117, 2.041921838939243, 31.43342500330228;
  -18.33156485379913, -5.756806621149075, 26.31450663947877;
  -17.15968379938698, -5.604374333679595, 24.70005557815531;
  -17.1646381551972, -4.826560884250125, 24.74799820022717;
  -21.52737446957493, 2.156034810523797, 30.93690286467531;
  -14.51483921183458, 2.265922854841418, 21.21474048731915;
  -17.51610956463847, -3.784652976424846, 25.40975362753056;
  -16.53718197114523, -3.410514172165012, 24.08619199990899;
  -17.6147904908444, -4.588457520162119, 25.67754854262036;
  -16.87994227649826, -3.343475426928194, 24.66326688592152;
  -18.14823168637765, -4.89375729340718, 26.44252415572658;
  -16.36186840486277, -4.966915646083873, 23.93938311459615;
  -16.75163064591854, -3.813699533552321, 24.49607658970087;
  -20.9499689588211, 2.023078080866548, 30.54558428384475;
  -9.042185863985013, 2.700533042486025, 13.75485724068375;
  -17.01722180391624, -4.642366181445574, 25.01122619864434;
  -17.73023609477824, -2.2006969586004, 26.11238329432351;
  -16.37116742618319, -3.889890938695353, 24.18815780743129;
  -20.88435187198065, 2.043976118979293, 30.75903567244397;
  -17.34555351357475, -4.796403877195766, 25.82330085120436;
  -17.12899979683669, -4.872661330762614, 25.69821894100589;
  -21.18305186327393, 2.096865035764236, 31.621475477516;
  -17.15161616286136, -5.465470433892092, 25.82911439847537;
  -17.02534138232656, -5.31027390094247, 25.67573501291709;
  -57.04135752972621, -3.465072574057337, 83.82454554459656;
  -20.64199262004884, -2.722175111954305, 31.02110706563658;
  -17.27196727966885, -3.787099124846852, 26.12853907045197;
  -8.159392364332739, 2.719473543447046, 12.87382158270043;
  -16.71712297125894, -5.700914985879799, 25.31909082715368;
  -12.51673956933135, 2.402410091722672, 19.27405870743744;
  -7.3146722786289, 2.744835043716822, 11.75410124523229;
  -16.62589261095451, -5.598852604096627, 25.47337456977665;
  -17.13365570339417, -5.178849101843788, 26.22596965437502;
  -16.86988706978385, -4.786595840744235, 25.86317125367636;
  -16.65331582033224, -5.46950847278531, 25.5670835877538;
  -16.74013136254673, -5.242021088061593, 25.77695650517554;
  -16.71210995771934, -3.483035577045991, 25.74953749793664;
  -8.941440737176061, 2.809398230679864, 14.25118894563208;
  -16.24849740911742, -0.5799635280423353, 25.18570048264778;
  -18.54139188511373, 2.142945974686318, 28.68555137942338;
  -22.33576298342117, -3.985475769103149, 34.37227366911525;
  -16.46017767054184, -5.473017884730694, 25.60625152437637;
  -16.65576554050699, -5.378685362926912, 25.95501861277205;
  -17.23781227019955, -4.174772286323901, 26.84569303776755;
  -15.86920718959371, -5.841752131804441, 24.8207852460597;
  -8.156065145450302, 2.734183721251078, 13.25192813097343;
  -16.75210599603336, -5.018472628218427, 26.1620032472666;
  -16.8157070990059, -3.725879533548911, 26.31167216909035;
  -21.26446547271892, 2.040165729958836, 33.19516424024403;
  -16.54028951765293, -5.442588272133734, 26.07466245134327;
  -16.50168352634657, -2.980110370995254, 26.14864207818195;
  -17.90089128780822, -5.491455993898835, 28.34993704302532;
  -16.32237934310737, -6.109637968056887, 25.95394003834502;
  -11.98395149977776, 2.39855458220912, 19.35384191897557;
  -18.51901873820587, 2.230567288014564, 29.38967629451702;
  -14.24605609669236, 2.27695926861323, 22.84066251552367;
  -18.56869487980591, 2.143634672242085, 29.55154780440823;
  -39.48343689960028, -0.1420985881470318, 61.99895529625324;
  -13.53695308826274, 2.408185724399495, 21.91287003280153;
  -13.15177829897522, 2.453688133811288, 21.31995769785082;
  -16.73441248298573, -3.633640797789103, 26.92713239399352;
  -16.08335555249397, -5.775085788204573, 25.97928647505599;
  -16.65693542029558, -0.5239756973268691, 27.04540674949917;
  -16.26522376936004, -4.512347865110311, 26.4411437901083;
  -15.93910648478016, -5.961597855710576, 25.935211872048;
  -16.42996466847199, -4.854814995559742, 26.79052798291835;
  -15.86567902241952, -5.361480888648848, 26.03128360919378;
  -15.84646344724698, -5.595149946735535, 26.02599648684997;
  -16.36528042766899, -3.852019179271712, 26.87130207716134;
  -15.81992299840422, -5.461203804778524, 26.02214885053374;
  -16.80618746648117, -0.7234031793295596, 27.69528351281758;
  -16.2418552917604, -3.653538134168825, 26.83267969260016;
  -14.91112903393828, -5.418875417674368, 24.71766416721671;
  -16.36954363929348, -3.438980772022816, 27.11983855409312;
  -16.20237513229749, -6.191199168405539, 26.84176013611102;
  -18.87063254109609, 2.115389195252274, 31.19487624226936;
  -16.08188709117371, -4.088205553444091, 26.76729307961506;
  -16.11009830682344, -4.825276009656183, 26.82208671607103;
  -16.55791369999139, -4.029074435796846, 27.63032820075463;
  -16.24735978195425, -3.590440455140949, 27.24465280699478;
