m=[-8.571214255796596, -2.469300481312646, 12.75402132975794;
  -8.082888587459587, -1.061304250523357, 12.31084018614956;
  -8.0279530689733, -0.7072680539104138, 12.28704442606851;
  -8.060163254637002, -0.8955275361889071, 12.36339295075019;
  -7.893252236978373, -0.9736608616963849, 12.1330496628869;
  -5.843423239359849, 1.512597688112068, 9.269391410175619;
  -8.07040513702329, -1.214101252960415, 12.4287809008426;
  -8.092959460517434, -1.298922972835535, 12.56666975649186;
  -7.878246843491739, -0.5593801475860131, 12.25814554879083;
  -8.266948973493051, -1.243599991859865, 12.91965250199086;
  -20.10361968266032, 1.102121538699958, 29.85863725123235;
  -8.194752929040382, -0.7754599727729166, 12.81636616759779;
  -19.78937238866766, 0.9577547051634799, 29.42516992349843;
  -7.835411368429597, -1.331217395586043, 12.31251338081382;
  -8.068088793347574, -1.080537814014768, 12.69796420836304;
  -7.842743513210261, -0.4023982807387386, 12.43646547920316;
  -7.98276438635266, -2.242874855953543, 12.67843964439244;
  -10.54849657666993, 1.254364238829064, 16.38280144940416;
  -8.028507793405227, -2.129305236602109, 12.79848218540009;
  -7.945489552461821, -2.218078009662718, 12.75869981289599;
  -7.952893512648253, -2.378078236999265, 12.88451073699881;
  -7.954320871489043, -2.436606621500573, 12.96089591341806;
  -7.9854059164098, -2.371341952611417, 13.13583410745385;
  -8.658719593580562, -0.9420942222193041, 14.19638451733394;
  -8.75084898461464, -1.126320740022009, 14.38791424050494;
  -8.612989145346385, -0.6662240707895495, 14.5009150402989;
  -8.351618933194029, -0.5038669307453577, 14.15120080913311;
  -12.18588840838782, 1.371486095031977, 20.16200564861052;
  -10.52869649598429, -0.5662022177655769, 18.18827454772866;
  -9.90409924885445, -0.9227423464136499, 17.31761528976639;
  -10.44916346502659, -0.6750367400272267, 18.27890506748894;
  -10.40776457097108, -0.8238049072687794, 18.22133848740045;
  -9.662581422904129, -1.485996880204353, 17.01474812241312;
  -7.710984470539669, -2.651541800860859, 13.83585397711532;
  -7.492770849749326, -2.453916468636517, 13.54860463024324;
  -11.5714722282657, 1.325976434232979, 20.35549009430406;
  -7.617587841227056, -2.671125699238834, 13.82294617195348;
  -7.494372385995036, -2.532841473679285, 13.65255540374849;
  -9.38642990111844, -1.397640922987397, 16.92774732099095;
  -7.407242393875556, -2.73010764820563, 13.68131164279719;
  -7.644032596245212, -2.932907389759765, 14.09483997746083;
  -7.660911896458179, -2.699251143937215, 14.12430915001302;
  -7.586714695623575, -2.7346174029039, 14.00150363989557;
  -9.952070193527263, -1.29406514482966, 18.08132887266699;
  -17.12549079235759, 1.021314739530997, 30.60025438297094;
  -17.20826746074428, 0.7548805662472367, 30.87769578836589;
  -19.86726469943982, -1.069003323037788, 35.48494511754535;
  -7.361071321769225, -2.698623077189441, 13.88425211028741;
  -7.382904276628833, -2.806374271528731, 13.94281655357465;
  -15.49398493071497, -0.5447232550776322, 28.05437282585859;
  -10.08765905832949, -2.120836764108712, 18.68365187232497;
  -7.088379944755411, 1.479216311618892, 13.47462995769885;
  -7.501426969160547, -2.991192474625197, 14.24930959344111;
  -15.88145468609493, 1.127371762098767, 28.98831629848054;
  -13.64273157538754, 0.2671325661611312, 25.1315369309122;
  -13.52808122000543, -0.2001814230176966, 24.93722975192361;
  -7.212818740020395, -2.782312762739013, 13.83765106637533;
  -10.87012433839659, -3.067302425593287, 20.30985977085263;
  -13.75870272123138, 1.004116298511403, 25.52062141176717;
  -13.76272417892112, 1.096414027209058, 25.53826342449089;
  -10.55527325072744, -2.885359444610259, 19.87131983941832;
  -13.77008953117196, -0.5705191254079229, 25.58893569286281;
  -9.650833017870744, -1.888550124707783, 18.26817574472955;
  -14.89837519997071, -0.8842710800289549, 27.59964493735114;
  -7.314461871768368, -2.961632731532581, 14.14149474924605;
  -7.204293555755623, -2.605782628137555, 13.98841228580625;
  -10.59064522707554, -3.050867258381577, 20.04805795046307;
  -7.270520648818346, -2.723015150117099, 14.12790189708936;
  -13.80400573863852, 0.853511712467201, 25.80995759940413;
  -13.71418539307454, 0.3328754870595235, 25.66255557519681;
  -13.65546096038761, -0.5429789094313655, 25.56728855202188;
  -14.1939244957271, 0.0406814028438848, 26.54155927855672;
  -7.327092993474217, -2.783241237345826, 14.26374568131545;
  -10.46468106187425, -2.680541519274369, 19.92680553623456;
  -9.78693585072347, -1.537158519960876, 18.73439902087459;
  -10.62675818834908, -2.939127886224686, 20.30569772099174;
  -9.726176788395964, -2.29683093660071, 18.69551819517325;
  -9.695209769721314, -2.163828276452793, 18.64938523491514;
  -10.0079856158323, -1.207824927027534, 19.24495092193556;
  -13.11771538353232, -0.9803376597735596, 24.91332001233882;
  -7.250912059625806, -2.768947494489343, 14.28005338146246;
  -7.183276872032868, -2.687867465203778, 14.18264428362403;
  -10.71173396589696, -3.462879700639929, 20.6001064237121;
  -9.524401398016313, -1.647192232988081, 18.55260713706421;
  -9.780161667074195, -1.112910706087991, 19.07773084392208;
  -9.400925907242128, -1.209420984143955, 18.44886258690731;
  -7.375533598996149, -2.992772542614256, 14.72759230715527;
  -9.765117579513339, -1.497414066758482, 19.14916270177444;
  -9.379677672047988, -1.862182069398195, 18.4880793399591;
  -9.609019456799024, -1.385459061597696, 18.94872625963555;
  -9.512665188135406, -1.673404845420483, 18.77354439458615;
  -9.401888052388179, -2.061941683121618, 18.71183615042798;
  -9.646784579563882, -1.277661933883844, 19.20022639194338;
  -9.469325080638571, -1.492309115895029, 18.90743886606533;
  -9.408530925311929, -2.161177948530959, 18.81397244366002;
  -9.526901372492937, -1.600293272975827, 19.07098045035555;
  -7.635905603270623, 1.471639050749883, 15.55678961059893;
  -6.698618868226884, -2.73929187022966, 13.89181044195705;
  -9.521127797934508, -1.363932909799967, 19.27254622989472;
  -9.701291778934687, -0.9930176249737779, 19.614412451568;
  -16.49367698859712, 1.035000420870909, 32.57536651249269;
  -9.427603360614921, -2.069980134452298, 19.10605842083098;
  -6.89332145817832, -2.539749470550093, 14.29862601325231;
  -6.852247898149662, -2.599532259583175, 14.27578225767005;
  -9.156593963762068, -1.38560528699062, 18.72714693698082;
  -9.169253799014424, -1.055864675212648, 18.75138235975228;
  -6.887254808273636, -2.703432869677891, 14.36988615679614;
  -16.30771856564111, -0.09101683530548832, 32.8106254319626;
  -8.811112468507314, -1.032743256456637, 18.29325670608274;
  -8.964972045701654, -0.9376805238003171, 18.60814048302774;
  -6.87473416909292, -2.592582406596125, 14.57277554050321;
  -5.107317378363113, 1.593408732381644, 11.12280290054621;
  -9.241528967220523, -2.207243223422469, 19.30559496119832;
  -8.987807533823196, -1.722772671580944, 18.82964436057402;
  -9.051167623171642, -1.82492796140594, 18.96933604710607;
  -9.154717977511337, -1.686330561760334, 19.21627410472643;
  -17.40895559750847, 0.9964881378279004, 35.55319164501491;
  -17.61836076881136, 1.332747323438376, 36.14174289471568;
  -10.81795340612153, 1.108497279693678, 22.86406943751777;
  -17.1913370129214, 0.3063369760934678, 35.8297405123194;
  -15.04806472266623, 1.369403414756462, 31.66720811507992;
  -8.307449210851761, 1.531907196195717, 17.9762653848497;
  -16.92481724490953, 1.199828956521473, 35.54566980435121;
  -9.310925544465214, 1.389805532731737, 20.05477074411548;
  -9.041932520964958, -1.46717435108216, 19.52600673544804;
  -18.32077190158715, 1.134485335800065, 38.60878360085888;
  -8.905400706204073, -1.970375185136223, 19.35339225291798;
  -8.569286918767093, -2.000623305172773, 18.75548812024021;
  -8.563847298640638, -1.429301776538748, 18.76307539609316;
  -9.076885626663707, -2.297584235274575, 19.83213102262624;
  -8.805510126349804, -1.393498146803958, 19.35447903897094;
