m=[-9.057826164324926, -1.068171507076784, 12.19492669604317;
  -8.643427041897811, -1.96509358286943, 11.71922467127475;
  -9.116363617517809, -2.399687108340723, 12.34029302338208;
  -8.682639047463312, -1.738958454448758, 11.89627644047596;
  -8.798709184384427, -2.878531567862629, 12.12200411222213;
  -8.961658269698017, -1.173884595787261, 12.32185958143118;
  -8.525950538393175, -1.749996871473524, 11.77719522431857;
  -8.971371324402833, -0.9638801534055492, 12.4252232279205;
  -8.743999824700731, -1.892764354332962, 12.14912068305908;
  -8.617312554014672, -1.710813144656086, 12.04440895558214;
  -8.915263098228246, -1.213282013359093, 12.46914220714861;
  -11.08554839104315, 1.015753093975618, 15.25552588669191;
  -8.357631073337286, -1.986920118774325, 11.80406101795527;
  -13.3819723443144, 0.8675483847986736, 18.26514806988861;
  -10.83210417546818, 1.076793408632583, 14.99910064717762;
  -8.863123206313453, -1.063922775474282, 12.478248586122;
  -8.997688293197472, -1.17256783730313, 12.65221723523199;
  -8.850906688856334, -1.103656103102079, 12.49445894743632;
  -8.629289629927357, -2.386977517300814, 12.31426653292989;
  -8.591506804592894, -1.909799885033974, 12.32527964327972;
  -9.786087563476787, 1.067927109885968, 14.18850790056469;
  -8.49966027357503, -1.775392013485607, 12.54963896733287;
  -9.214881503908003, -0.3378208033662304, 13.66728237258061;
  -7.168087869938205, 1.139968960645534, 10.94506790944807;
  -8.402910157755839, -1.749231122873921, 12.69155318633878;
  -8.650905519335744, -1.750970440408615, 13.04824724600781;
  -8.349696422913665, -1.814992785645864, 12.89632272512469;
  -10.06018717187275, 1.198314739570666, 15.3537961024742;
  -9.715015391546601, 1.110080782986074, 14.87206381739348;
  -8.235504214215297, -2.011501165952388, 12.79919637162218;
  -9.728912738919984, 1.039629498389148, 14.91151091767123;
  -8.225385070588954, -2.267905962374315, 12.82473874456198;
  -8.238962796015686, -1.719729147812015, 13.10256567132658;
  -8.206172910949935, -2.091773906423216, 13.11083379814451;
  -7.952131290368678, -2.541225495701458, 12.82862785735786;
  -8.071269220929205, -1.716836537042981, 13.05623829060897;
  -7.936494987894362, -1.780610335890031, 13.09126198965789;
  -10.26239403620804, 1.034289827091277, 16.98689832378334;
  -19.7870960059341, 0.7369091009974933, 31.86606667384428;
  -8.003539054815146, -0.2104423334937445, 13.52188489539228;
  -9.19402341875403, 1.081306432918635, 15.43780831852285;
  -7.709983546280926, -2.503327858428578, 13.20189832493361;
  -5.957740006359767, 1.322861104585818, 10.39769745461109;
  -7.769830063257266, -2.263514061070393, 13.3017862177286;
  -7.996261354860939, -0.492422392465848, 13.63978946639316;
  -7.788770497307835, -2.76695304565362, 13.35401594267839;
  -4.085252557149219, 1.413392008345901, 7.476188292563888;
  -8.933817306636497, 1.085825043114806, 15.17760391293893;
  -8.101537891048345, -2.057112770901749, 14.06267831808729;
  -7.973116264122269, -1.180674942505494, 13.89532346550716;
  -7.777926798346466, -0.3878963023172785, 13.59831419897354;
  -7.824368304678761, -2.578352488299858, 13.71104391237545;
  -8.114584381305917, -1.926702563861754, 14.17947758267643;
  -7.951439423053245, -0.652882714495301, 13.91385386512647;
  -7.915945960618272, -0.5746715593766356, 13.86781752400016;
  -8.109684988746739, -1.013187056354278, 14.2278456840853;
  -8.35537781566407, -2.070651250671582, 14.65571266498869;
  -7.899404134361229, -0.7241492533000224, 13.93300133118954;
  -7.704892392415238, -0.3989276926541933, 13.62427898906127;
  -8.061720450016457, -1.816612830445169, 14.30854575908405;
  -8.073570172428109, -2.050582173769572, 14.33895235458075;
  -8.030297973194926, -2.102748781354781, 14.27442688779539;
  -8.087618052661641, -0.8638546856448537, 14.36860803337259;
  -8.013489737552387, -1.937592749613504, 14.28012086425206;
  -9.618635132037143, 1.050776976974972, 16.94192416101319;
  -8.064506335671368, -0.9803131978072152, 14.39863696710182;
  -7.576957381862655, -0.187181481162823, 13.59308595761088;
  -7.541002521088617, -2.742022413006513, 13.57606138667238;
  -7.924488963803055, -0.9089045930877877, 14.19569568305128;
  -7.957319491677324, -0.485197556778193, 14.28418934115748;
  -7.893235582070271, -0.8299141292787348, 14.23219344700818;
  -7.778861225422469, -0.7541917759075535, 14.07727474987209;
  -7.97483730426515, -1.695522323720502, 14.43323615892234;
  -7.723339814323349, -1.43670302631392, 14.0186417399451;
  -7.591309340863135, -2.692437598852112, 13.82414433244164;
  -7.656084266407472, -0.2142981273261024, 13.905833290346;
  -7.866238344914764, -1.753054033819004, 14.28178788030982;
  -7.888326958295127, -1.919040904902939, 14.35962212701499;
  -7.720044017016137, -1.481141392481622, 14.08158578873886;
  -8.263747525626446, -1.069624683462188, 15.02801339702596;
  -8.018903979145367, -2.47613334129411, 14.65487419213675;
  -7.886115247345892, -2.043127572863656, 14.46636219720181;
  -7.704206139740868, -1.574169063440586, 14.17631185091865;
  -8.348450356239095, 1.073026384050915, 15.24372149049055;
  -7.752874943811813, -0.9156323508445017, 14.28905315418031;
  -7.739114815412187, -1.39279401028516, 14.28668858648537;
  -7.717500777770312, -1.830530924722172, 14.27182656408474;
  -4.869954616799115, 1.319117478275491, 9.353240435116991;
  -7.882713660103156, -0.1742097795465896, 14.53672509677203;
  -7.769729423516373, -3.058614058543719, 14.38968138123547;
  -7.669596345107027, -3.148617766754527, 14.21952497218062;
  -8.325013640633847, -2.861081278435416, 15.35772140506851;
  -7.465531666919552, -0.7787002200103145, 13.88645999949068;
  -7.826894597778555, -0.4141199323870419, 14.51103792248176;
  -7.629559905640031, -1.474716271139816, 14.18873039804395;
  -7.816179825876254, 0.0225433330698874, 14.50792022296807;
  -7.944130336677156, -2.181048878363464, 14.80213861141096;
  -7.639314099555705, -1.298386437136566, 14.27309255131353;
  -7.802546261431996, -3.278021120707111, 14.58852532586838;
  -7.961579924864275, -3.425069615550919, 14.8791060005942;
  -7.524121293433418, -0.8392577254428872, 14.08890915878533;
  -7.351782459793933, -3.317493474582377, 13.83355765569983;
  -7.762001109616485, -0.1089339926743203, 14.50725128638423;
  -7.840202483162173, -1.70480585424516, 14.6988439680883;
  -8.330743067548774, -1.196862440774588, 15.56847000811888;
  -8.017654461601074, -0.8565669152866223, 15.03153705321144;
  -7.822052483653485, -2.40276879577082, 14.70521976966069;
  -8.116013927875864, -2.82422444581243, 15.26868250465357;
  -7.803872326665966, -2.58849900906817, 14.72180659761075;
  -7.406572685587451, -0.6322757559284088, 14.02601787217237;
  -7.571596115594483, -1.49430021292433, 14.32986827068281;
  -7.627163864277156, 1.144478308885355, 14.43977179613195;
  -7.628960868793799, -1.828065857865801, 14.49199681972213;
  -7.689927393377587, -2.057483168817658, 14.60729128614471;
  -7.526297693924812, -0.156452841034035, 14.29890383011722;
  -7.898137657124317, 1.104864751733107, 14.94792783406075;
  -7.407277208293534, -1.370321561596189, 14.12239530686052;
  -7.923248126711203, -3.480474198999573, 15.08282689052638;
  -7.453661012873, -1.622718908447193, 14.2386052278628;
  -7.733136186254715, -2.770484659720728, 14.77477536628436;
  -4.33931659902892, 1.44934223760534, 8.705669199070581;
  -7.358247382090037, -0.8900684119781415, 14.12071336166486;
  -7.379756587019392, -0.7664964992259846, 14.16392591109156;
  -7.337989444315766, -2.119454201076163, 14.11224109953083;
  -9.288699354789239, 1.09159466913037, 17.56205148348998;
  -7.672594800808679, -2.687326864440164, 14.73474493725287;
  -7.461319334831468, -0.8354876184851049, 14.36528711297473;
  -7.624567291242817, -2.451569231703283, 14.71757315405353;
  -7.705272937162279, -2.564988634964362, 14.87050580391747;
  -7.514726899596399, -0.2492045747794596, 14.50011395276975;
  -7.528343029768783, -0.1581381973752625, 14.53141869444149;
