m=[-5.01512153704166, -1.387923303946115, 6.99545362369017;
  -4.982096545768655, -1.37350576351156, 7.029834064023123;
  -7.112511845723834, 1.137437088518254, 10.07137913317509;
  -4.199590588569284, 1.289753243181723, 6.567961371952936;
  -6.671071402914374, 1.149869616106053, 9.878313749463381;
  -8.709404472210535, -1.823939078078354, 12.95330524855788;
  -8.927292457549756, -2.155289936413575, 13.26611964194837;
  -8.654904643620851, -1.66852886071657, 12.95331638495773;
  -8.76898975882485, -1.9654493228764, 13.1297909426776;
  -9.010369907672617, -2.144840974621942, 13.47226517796498;
  -8.919872593017201, -2.198637387955774, 13.40515781455842;
  -10.92267101033508, 0.9926463586624911, 16.43789440386498;
  -8.564672388861256, -1.753588791697663, 13.12170174543122;
  -8.492813979637347, -2.192985250038238, 13.01918685531773;
  -8.867247687594663, -1.158317359385142, 13.58837570035606;
  -10.42633668285713, 1.023937275176273, 15.83369682026976;
  -8.303601492793536, -1.975074591030288, 12.89247786267204;
  -8.529880141234335, -1.839993229884873, 13.23069850189073;
  -8.740097280107987, -1.819806543744946, 13.58549875232828;
  -8.859511795811022, -2.307860406743604, 13.76568356433645;
  -10.29016793542657, 0.9773935256649645, 15.85319423173005;
  -10.50199019710839, 1.008725777384106, 16.31226341691713;
  -8.333673122676736, -1.969655062771858, 13.16674282728156;
  -8.620483182893517, -2.375769781375019, 13.68186664572218;
  -8.447561367613897, -2.05478007189234, 13.45791067852038;
  -10.37582770353364, 1.007193126520344, 16.33213701886526;
  -8.513252479754115, -2.410175529550751, 13.61910243003987;
  -8.324393976386881, -2.085445590591911, 13.34544332703916;
  -8.520794977469654, -2.704487467992676, 13.67723961580084;
  -8.49364392884946, -2.642444143751565, 13.65610154085337;
  -8.350565940654231, -1.824209056509637, 13.4832190519182;
  -8.581804765756914, -2.911294565182987, 13.83928887857841;
  -8.668032062383025, -2.317726709972107, 14.01403292649546;
  -8.512827906919414, -2.561832700425204, 13.87295709324114;
  -8.479032566906197, -2.838396203123976, 13.83141307984044;
  -8.324838261941087, -2.351927409421299, 13.60853303237212;
  -8.453700958081528, -3.009482979648263, 13.81593429978262;
  -8.393911326508722, -2.745963073689529, 13.73011023491966;
  -8.406000597245958, -2.619732153526358, 13.78612739507512;
  -8.397023882406097, -1.747450060834209, 13.78560860073999;
  -9.320810799387129, 1.048946495983964, 15.26824908756465;
  -8.547111255836679, -2.824691551778901, 14.13249115185564;
  -10.46280500331098, 0.9800671619924646, 17.16452776440341;
  -19.67850947361804, -0.07800704144217772, 31.59783047174447;
  -8.233949770132501, -2.698412236754197, 13.82056111131228;
  -8.356620942677678, -1.938785881384997, 14.06583408012843;
  -8.331993932086686, -3.166251826024889, 14.08291601991614;
  -9.300579227481659, 1.051445184956009, 15.64644002430705;
  -8.089827778371879, -3.20611445728529, 13.75446440755978;
  -10.06649712625179, 1.051714704406842, 16.92830162737449;
  -7.073466775670484, 1.108069558493339, 12.21682099710381;
  -3.621363096041449, 1.360335240604329, 6.745604476252122;
  -3.639208729424885, 1.335929073213465, 6.773644579788069;
  -8.303356992696887, -1.80399471381045, 14.2015054660351;
  -6.097311369363003, 1.190828594421186, 10.73397243367059;
  -8.201844448685291, -2.938228929326155, 14.0851387391243;
  -8.08531338177656, -3.203166368420884, 13.92187464748495;
  -8.197417102761678, -3.3178790929867, 14.15564960756324;
  -8.14514225169224, -3.031281958977708, 14.08611162584519;
  -8.043786983114952, -2.463933960404914, 13.92599911018517;
  -9.037837265439629, 1.067227974965477, 15.64630609299627;
  -7.958307296219524, -3.169753013610597, 13.88454002416843;
  -8.097901162382852, -1.903861754334632, 14.1349322662272;
  -7.92632458252135, -2.784548454228128, 13.85294465395672;
  -8.064404141728389, -1.757014450683305, 14.096541434596;
  -7.951479592608226, -3.256676978622707, 13.94862682850724;
  -8.091252109555114, -1.817802954667379, 14.20480886957414;
  -7.991651568368174, -3.039228853335748, 14.07091465516846;
  -8.140901857200259, -1.702591534768764, 14.32266813559748;
  -7.91438308726516, -2.852735731561222, 13.94824381345884;
  -8.06006631823046, -2.05580925257873, 14.25294434251576;
  -7.758821903801015, -2.330926647262016, 13.75968866839734;
  -18.82062060733195, 0.3716090854355931, 32.08493551672947;
  -19.21187372703449, 0.5458319921544059, 32.7521914886778;
  -18.71391075554788, 0.6857415846228956, 31.94341037031414;
  -7.977769496442332, -1.762556056528785, 14.21421905314632;
  -18.58149884818939, 0.1763731643908381, 31.88134328966489;
  -7.804800646846622, -2.486503268008997, 13.95727349406054;
  -8.000391464042671, -1.696952652623998, 14.30879892184822;
  -7.829754951998841, -3.069852610832691, 14.01886175550465;
  -7.99470405929336, -1.864894188403026, 14.31811012200025;
  -7.68670504477903, -2.92201158274848, 13.83589774329986;
  -19.80165422960986, -0.6610827505419405, 34.16087990637014;
  -7.937345214694602, -2.198402678807168, 14.33011681997129;
  -7.973366592726403, -2.282060610908043, 14.39912520066817;
  -9.739412339529446, 1.067329954562425, 17.40258545156277;
  -8.048140481096032, -0.4672423898897046, 14.5426095777849;
  -18.43364552020838, -0.1478959573859437, 32.09625283450229;
  -7.852559243885907, -2.427651575914483, 14.21711858781048;
  -7.881458147150799, -2.123773597168871, 14.31402187898305;
  -7.933856626024308, -2.391719703123049, 14.44873941946688;
  -7.779852132875366, -2.153368379902464, 14.18973697570729;
  -7.786156452146265, -2.780483675847556, 14.20161869922377;
  -7.730917755416672, -1.734965185513781, 14.12291370392111;
  -8.250656488232343, -0.5326130244197077, 15.01486082990129;
  -7.818865461536866, -2.063408510768308, 14.31258925071846;
  -7.966498946046684, -1.958059984926135, 14.57792261988636;
  -7.8143124032849, -2.025891119090917, 14.33699330408411;
  -7.991300329201474, -2.270568223822139, 14.64121398442664;
  -7.822539939575888, -1.655697971108121, 14.36390284785231;
  -9.05494571618331, 1.084086977303382, 16.52347156561516;
  -7.808190775450774, -3.085703627781287, 14.36606335512994;
  -8.257637426131669, -3.345035790938981, 15.16081122581049;
  -8.182534764612804, -0.5781372663721431, 15.05575288061306;
  -7.8136257251917, -2.09308683422386, 14.42849574930179;
  -8.122870297922372, -2.406002228512997, 14.96255414405977;
  -8.333599658685726, -3.457649978957716, 15.32197757186775;
  -7.977625673109002, -2.634988143812284, 14.73585870870429;
  -8.051031111115236, -0.4564368563433959, 14.88757936295908;
  -7.807676381230971, -1.405643498467752, 14.48421747824369;
  -7.71826152803701, -1.48015581617145, 14.33632266097285;
  -8.231951979223993, -1.373526063663525, 15.23426572735308;
  -8.264185856851288, -1.088042874739995, 15.29191584573649;
  -7.561937591668356, -2.656516148879359, 14.06735423252902;
  -17.80347557591878, 0.4171468547007466, 31.88741792566666;
  -8.339597810163633, -1.226560707282839, 15.44296022918529;
  -8.077376335918142, -0.6658926165904162, 14.99554611774085;
  -7.992538059039501, -1.8676407024111, 14.85317239456138;
  -7.803640422019004, -2.060261502620643, 14.53082011734931;
  -7.824622862848998, -1.93427873231017, 14.57752262983839;
  -7.892306990324855, -2.396759254696014, 14.69973077821893;
  -7.609394083979556, -2.940971545743822, 14.21234961475941;
  -7.894587510394791, -0.2230482872602299, 14.7624721660196;
  -18.28914692671689, 0.6548837977779652, 32.93947206980779;
  -8.11259586190315, -1.802764121877409, 15.14805516444381;
  -7.885838536685673, -1.691845074585935, 14.76590856480264;
  -8.120252459987331, -0.6020663170264826, 15.19851794929033;
  -7.544115551572566, -2.74924734197544, 14.18480063241944;
  -8.102250023378121, -0.9171001159903708, 15.20756617279398;
  -7.83734684999252, -0.4547848659891248, 14.76968363593793;
  -8.097971284600233, -3.571372561285405, 15.21868125971259;
