m=[-20.13123363308825, 2.477841178913884, 26.2182188290958;
  -17.33334461053099, -3.423573959480443, 22.83523877748157;
  -12.57430585468162, 2.69141374933939, 16.84433884474853;
  -18.13909727948476, -3.305012556931295, 24.01293359178151;
  -14.13917826766565, 2.811002530552674, 18.9630287643302;
  -11.50129575850159, 2.790125065798313, 15.6528578011837;
  -17.03275343288938, -3.406382891860397, 22.74156562092444;
  -17.75520263597146, -3.308808384868429, 23.81042825574349;
  -17.3790638470367, -4.923142696925767, 23.4948931118646;
  -21.49871159624589, 2.512932552643283, 28.80112833739976;
  -18.34471293497469, 2.516092722819035, 24.79780954040644;
  -11.83367431917993, 2.735311532467601, 16.38646807168792;
  -17.53563569849072, -3.453780232953853, 23.84548351450126;
  -16.62023907010294, -4.059646503232333, 22.79847147920555;
  -11.04343122275554, 2.72907868088814, 15.46553204473387;
  -10.94371952852215, 2.760631777414746, 15.33900051551458;
  -16.96994503188993, -4.277661397862408, 23.49661738845729;
  -19.86557367523235, 2.616038099163601, 27.37790194387297;
  -19.7994567337986, 2.517104051090781, 27.30537107110678;
  -16.86517810640385, -4.621544439701262, 23.44819094389742;
  -20.75555433039341, 2.507050602058873, 28.66315970837388;
  -16.64874824317366, -5.443038459047674, 23.26276725199676;
  -16.69087772024582, -5.326069366664723, 23.33246042738422;
  -21.67421643757136, 2.498669828906849, 29.96862073447286;
  -16.72251829112824, -4.146947897509381, 23.40264887485481;
  -17.18080461239961, -3.362769468926183, 24.08204411133681;
  -16.88834545041233, -3.416518645259881, 23.79864266377722;
  -17.30186064708561, -4.520349936379578, 24.42329879377924;
  -16.73005192537509, -4.246673099207517, 23.65772465287715;
  -16.97990420410797, -3.567037530390519, 24.04101744440854;
  -16.60764657287799, 2.570894379218721, 23.55596309006769;
  -34.62107224262191, -3.250775371863761, 48.15701511544201;
  -16.7632634616972, -4.088790655814331, 23.8726495730126;
  -16.82941739573809, -5.536017715473002, 24.01059924443478;
  -16.56754277334724, -4.86952172365157, 23.71565611096333;
  -16.90617888653344, -5.399660264553927, 24.28929041917276;
  -9.379644897181551, 2.904429915678395, 13.91585129860202;
  -16.98501799514213, -3.229976576624632, 24.43120146255591;
  -16.54237432860425, -3.481458180089285, 23.83453224791766;
  -17.6628475908794, -5.041952945010975, 25.40746028876509;
  -16.693375381715, -3.082249344485059, 24.12119103720442;
  -16.32930101251946, -2.93673150439309, 23.69022501304134;
  -16.83902558347352, -3.4533496673394, 24.43630854043535;
  -20.45041364576705, 2.572108463368145, 29.43561305003519;
  -17.10928824401779, -0.4995872079634322, 24.82341913922915;
  -18.48073502427804, 2.53294912035211, 26.77326217158544;
  -10.55015137262661, 2.907695419479733, 15.76718425491945;
  -16.98098736448291, -0.6638926725789124, 24.79523732075111;
  -15.86322247339684, -5.570658868767238, 23.25748782045383;
  -16.09504578053491, -4.05846260732447, 23.58442661186038;
  -16.28619872180152, -3.266432637176192, 23.88016494551717;
  -9.351454628069259, 2.939662779337188, 14.14722235688288;
  -16.93067308119173, -5.459851871463997, 24.86026222656459;
  -14.37466239744006, 2.634289023358459, 21.22643113124833;
  -16.67457755376785, -3.998930428026017, 24.53503611886305;
  -16.17077206747429, -3.798379402200641, 23.85696407533154;
  -16.03608742219932, -4.16482217263746, 23.72127971152366;
  -16.74539475488848, -4.785904886596073, 24.73495455610571;
  -16.69309847802241, -2.908836643241694, 24.65918846116649;
  -17.19711139042056, -0.4273133025156907, 25.41325425900488;
  -16.08227713831272, -5.660351540482395, 23.93128390062725;
  -16.44051836283426, -4.105350837451957, 24.43596458062;
  -16.51955266838683, -4.020313056342305, 24.55038201564224;
  -16.49482986954342, -3.237267233018926, 24.52525119557954;
  -17.01028196986247, -5.16647779097009, 25.30316637010064;
  -16.73661748671425, -3.579609956532402, 24.91310945934086;
  -17.31097251481779, -0.7406001563323754, 25.74331297434728;
  -16.03559709078427, -5.172545707517823, 23.95656204373758;
  -15.96750110543061, -3.611823686179977, 23.88034175101096;
  -18.50554201157823, 2.552790894994383, 27.49547244573726;
  -16.58931149709512, -3.181480849583674, 24.83275973612122;
  -16.19661750782315, -2.953766197607894, 24.2826205143855;
  -16.86571925816979, -3.416767317329951, 25.25260463416032;
  -16.68402195755825, -4.342830836423026, 25.01244268235966;
  -16.9902702425832, -0.6036641282100685, 25.44092541192384;
  -16.44605402648822, -3.946357819438322, 24.6856949483907;
  -16.70088575908979, -0.4894088474931074, 25.06835013687228;
  -16.53401948197372, -4.624851786100548, 24.89169371527929;
  -16.06073467624482, -5.104383310630925, 24.21221022464356;
  -17.0916357572336, -5.75126406270476, 25.71177094727459;
  -31.51258921027055, -2.603884321693204, 46.53409477232774;
  -17.01889780384305, -0.3672936207856687, 25.61549800012933;
  -16.27475390785924, 0.1469054678402328, 24.54613306592535;
  -17.07743294000453, -2.443196777626704, 25.74506422761758;
  -19.77620985794727, 2.74617085287027, 29.77792974595358;
  -21.65574606734919, 2.501475503270197, 32.54903748081078;
  -16.45005143724636, -4.878399063673249, 25.01762883193429;
  -19.02009749284908, -2.363625741406176, 28.76236546161151;
  -16.4468180033694, -0.6959252989183661, 25.03860572597622;
  -18.86395282395132, 2.48488452454084, 28.57579656921526;
  -16.78772405546716, -3.869524860674612, 25.60614879342181;
  -17.04841898463241, -0.6433120898765674, 25.97220369983307;
  -16.33845092945018, -0.08084016060163073, 24.98200437142541;
  -16.49469438502521, 0.06030666476933445, 25.28910185590414;
  -16.75143466147492, -3.297345401950849, 25.72345567086947;
  -16.61476718677869, -0.2305644755698975, 25.51336494689442;
  -19.17965288344071, 2.589978651599382, 29.35557263161951;
  -42.27514716137135, 2.224938348386536, 63.64525089730503;
  -16.90129730660827, -3.848923516157273, 26.19532676263032;
  -17.23616060402539, -6.29645170333233, 26.77389959927406;
  -8.524922604305537, 3.119530825586133, 13.73764940390056;
  -16.67877133818912, -5.937215966720708, 26.0268575441112;
  -16.41816913308038, -4.959790880295485, 25.62961761201657;
  -16.47106447842957, -0.50376757941577, 25.68600351522212;
  -16.7357016528897, -3.260028794602824, 26.11681200639326;
  -16.56455202902772, -3.529117274412564, 25.87052115415409;
  -16.75749767075497, -1.036508986289962, 26.19625574672628;
  -16.4725494916527, -0.8676856488494528, 25.77549946768111;
  -17.04392607734666, -6.182326479437068, 26.67426549339868;
  -42.96474237403086, 2.251267251958981, 65.79685632307198;
  -16.86821211087328, -3.763008071672665, 26.50679717023065;
  -15.90715820208716, -0.5242031909631325, 25.08948879757617;
  -16.41694882046883, -1.177441758044796, 25.86804334919367;
  -16.23691859638678, -4.591354603347288, 25.81257122622977;
  -16.76341585878358, -3.964883291171511, 26.63435721099798;
  -16.04910398585803, -0.2326356238403794, 25.5305659928011;
  -16.38966462031858, -1.245788889678511, 26.07218863598676;
  -17.69844613317227, -4.054518448985834, 28.10858015715699;
  -16.62216243708544, -3.614233449840106, 26.48187221063534;
  -16.42668183839729, -5.94801429523814, 26.29009867362209;
  -8.873025345974856, 3.063942339274784, 14.64214551706008;
  -16.34390148501006, -0.09624324571615901, 26.14570973021774;
  -16.72905050364815, -1.565653062851605, 26.79726809149754;
  -16.1114153057262, -0.6722548187943934, 25.88365052785701;
  -16.47084612162351, -6.331718954767965, 26.5154139139935;
  -16.08656309180694, -2.327213501081051, 25.89676586593724;
  -17.12523244039461, -5.045636555070435, 27.51757866009851;
  -15.54860592335067, -5.466275437056049, 25.08876993465002;
  -17.09473066631139, -4.404520588938364, 27.49307167542251;
  -15.59122999790905, 0.02908434892420054, 25.17623198923015;
  -16.45339997032171, -1.3850801340675, 26.53164758501379;
  -17.2905070416294, 2.524395717198829, 27.85954241521946;
