m=[-8.871817673108144, -2.217222352648857, 12.1298885928792;
  -6.629919677736693, 1.180156841178365, 9.404413168168917;
  -8.815534450075717, -2.214849546971641, 12.17456680428744;
  -16.6808064811557, -0.7861265571697993, 22.37152655832545;
  -16.95902537080148, -0.9157223181154238, 22.92497904212382;
  -8.556659487820648, -1.738159667663303, 12.21511125681603;
  -8.898007912390174, -2.119131330578754, 12.83019395020786;
  -10.93233287518554, 0.9276431722764483, 15.63990522457041;
  -8.603104120249554, -1.738119663635531, 12.54276340416529;
  -8.557719253049159, -1.812024197629496, 12.49311018821872;
  -8.691568862258304, -0.9892958400848989, 12.69596660480928;
  -8.420644477539556, -1.876834342834435, 12.40096419151956;
  -8.406008458066099, -1.695434819806189, 12.49836741869673;
  -7.227938307952122, 1.144613006356777, 11.04433352652681;
  -8.444132309610966, -1.794331607255621, 12.71839358256307;
  -8.244109098824518, -1.676277274521398, 12.46440504828917;
  -8.653563224027419, -2.227468233476181, 13.07248974382757;
  -8.224985506020964, -2.470045494655568, 12.48303705464393;
  -8.915394865232779, -0.6487734639350576, 13.57979036203688;
  -8.067340506135658, -1.882386054584065, 12.37721896063718;
  -8.883709989633035, -0.8011722808185497, 13.62775871979178;
  -8.454188754973854, -2.307067837577655, 13.0458065362586;
  -8.432324253536248, -2.153051992358649, 13.03379050826954;
  -8.270272527440817, -1.803475622127642, 12.8487482321889;
  -8.234347383810082, -2.375496690426496, 12.80749135185487;
  -8.28979047637397, -2.324041163767938, 12.89888410330318;
  -10.04600569888515, 1.023619666342907, 15.47447448667571;
  -8.295489352390256, -2.556372013491433, 12.96893037071335;
  -9.396578848817972, 1.065438608085205, 14.64084471814495;
  -8.349501321669955, -1.802659374030287, 13.09628558643621;
  -8.274308375297231, -2.787313040348697, 12.97948675753768;
  -8.207302056812013, -2.733150338717055, 13.02588372315984;
  -8.270931447911243, -2.469437265889046, 13.12194240254805;
  -8.31559141344502, -2.331012587495672, 13.20205869977587;
  -8.240739062221035, -2.674708722500541, 13.10028722785999;
  -8.13151283535316, -2.514628725230174, 12.97928300638033;
  -8.630389128908059, -0.2841640316300215, 13.80261274555709;
  -8.393688271276563, -1.894538134875537, 13.43957296746273;
  -8.166704949120494, -2.68286780656529, 13.15121581500871;
  -8.19712953722388, -2.616836788097372, 13.22505006646414;
  -10.10020881512354, 1.00165085365749, 16.24152839051132;
  -8.081904483185982, -2.92544021210982, 13.18756092613253;
  -8.084599726954817, -2.626423275271056, 13.19700104950692;
  -6.997424543972017, 1.138475784388959, 11.70407005106036;
  -9.014461685116991, 1.06849452714718, 14.81778391894176;
  -17.12494965030325, 0.003708541510752738, 27.32450833107612;
  -8.194086656890438, -1.750187471292878, 13.64100009146008;
  -7.949689568363671, -2.571184440962649, 13.25942243052654;
  -7.951982366402981, -2.725935366733786, 13.26521677563263;
  -7.959826312040418, -2.832334804476178, 13.30667102453226;
  -8.207122798956233, -1.964967836126769, 13.73318873185255;
  -7.881998392052553, -2.919479106056593, 13.27250975262055;
  -7.729183661670822, -2.240455921927999, 13.07593166512596;
  -8.08886341220118, -2.551561293361239, 13.63971159694372;
  -7.915061461114719, -3.057120778788469, 13.41734301306218;
  -7.748190898027461, -2.588058596084376, 13.16665134836877;
  -7.72242617377021, -2.695913710433028, 13.13745142415876;
  -7.920353418122589, -1.754608815031645, 13.54341598363632;
  -7.710928508203822, -1.584286727785728, 13.2508514926405;
  -7.826661953797257, -2.957465693931213, 13.42090803769578;
  -17.92584586110341, 0.7172023120973367, 29.58088088505821;
  -7.864268547827711, -1.711846821423448, 13.64937645933587;
  -7.656799004046796, -2.418412976977161, 13.32938460467217;
  -7.854497085685205, -1.642430069002925, 13.6915121323005;
  -7.796909467253438, -1.793539911903894, 13.60288466610474;
  -7.838317280053388, -3.05381655092124, 13.65428368025103;
  -7.550081730790634, -2.586063299045425, 13.19826530560474;
  -7.804736823127496, -1.917697321361672, 13.70907193098662;
  -7.77254418069553, -2.130979117561941, 13.67460389994538;
  -16.15269638405758, 0.5379009938943857, 27.41704435074518;
  -7.607110176163634, -2.207471325900474, 13.4224532120743;
  -7.675160393620252, -2.35760988325061, 13.53981520092788;
  -7.651906844337421, -2.041065166107411, 13.54807131721693;
  -16.97429991213114, 0.2374887817751328, 28.9232466336244;
  -3.587596026190133, 1.471621846718057, 6.926592802765456;
  -7.590074568268153, -2.079995783382673, 13.48789932202476;
  -7.725710032142286, -2.309815823831666, 13.71044561388547;
  -7.573727008691503, -1.674407206169796, 13.47921104425609;
  -3.777734406235824, 1.420193189291876, 7.276074412891505;
  -7.657111955963852, -1.997325777335853, 13.661086502119;
  -7.50676775954267, -2.775949582682641, 13.4058885285776;
  -7.703515893950279, -1.871270670953248, 13.74504039024927;
  -7.599087583343565, -1.946690039358466, 13.59392259330359;
  -7.768251087623851, -2.186900213910667, 13.88315879719662;
  -7.593195594885936, -2.986547193596372, 13.62120537883994;
  -7.942291469552691, -0.5259500364430005, 14.26667519826362;
  -7.585792062476799, -2.011538549768039, 13.66079497706804;
  -8.002492042005345, -3.225078965788627, 14.34481973409118;
  -8.044300486437654, -3.322329882934334, 14.44995616157608;
  -4.91910926758178, 1.322126393631896, 9.272856137718494;
  -7.890907449677371, -2.585394200427267, 14.21056033752318;
  -7.60696823936692, -1.43040313483199, 13.79447837316234;
  -7.989502145402642, -1.301623834803326, 14.43896004868031;
  -7.565478545175795, -2.638813577909558, 13.70500331753407;
  -7.642896302608765, -2.156093240203742, 13.85833994944584;
  -8.021587525450277, -1.098777913309025, 14.52787341001438;
  -8.021676281215992, -1.413059723274663, 14.52570891451924;
  -7.991315730850221, -0.629311434941603, 14.48501163167455;
  -7.452053288635714, -0.1754544437525936, 13.59530844370617;
  -7.67213325571874, -0.07522675700422443, 13.96860943682069;
  -7.58148379485618, -2.286392475904736, 13.78518282457458;
  -7.665471046631288, -2.228005532617914, 13.93206494003872;
  -7.854120562470205, -2.121798931626578, 14.24632703846877;
  -7.730790934615999, -1.964531463437022, 14.07157862174817;
  -8.673601509924691, 1.08437079546081, 15.75583303087859;
  -7.914779694126781, -3.345035098141991, 14.42700692235284;
  -16.58774598358571, 0.6556458648259174, 29.25729653534847;
  -7.836931809027408, -0.8542150531289436, 14.36688518266661;
  -7.70949870060896, -0.6869708828586237, 14.16834755247125;
  -7.999496714255372, -1.939907352055976, 14.64957716161376;
  -7.56887639360223, -2.501456404030424, 13.91200707636427;
  -7.709393796984892, -0.4199446159759286, 14.18079009789936;
  -7.7171890154665, -1.772911301568705, 14.18015404592084;
  -7.976096625579676, -0.8147185519872018, 14.6426164389792;
  -7.715726164197353, -0.5874479451145263, 14.2256989784811;
  -7.849625135400584, -2.743943982059446, 14.41905100689546;
  -7.588494479794957, -0.07841381446431901, 14.04598080527357;
  -16.46186295363143, 0.4578346042128704, 29.30231281626481;
  -7.768781644399313, -0.8242773355073779, 14.3639421523696;
  -7.829636881195456, -1.018048161742738, 14.47705644138985;
  -7.441661254773328, -2.734170187403685, 13.82590478136037;
  -16.47090686680883, 0.6699722621222385, 29.4954283690417;
  -7.585301336948342, -2.847358127740406, 14.10613685949463;
  -7.787933774640378, -1.389662936944569, 14.50082320561001;
  -7.825050793540778, -1.963222759892196, 14.56583244969347;
  -7.818708702277739, -2.122109286855339, 14.57405960488993;
  -7.69024851233534, -2.655460785348664, 14.35740713431342;
  -7.6940840565429, -1.32206472201906, 14.38606380735893;
  -7.719949328322563, -1.117649369159235, 14.44611200947029;
  -7.894644671219368, -1.308340510518826, 14.75433623251499;
  -5.839256154882107, 1.312491033279181, 11.2148057308335;
