m=[-9.744033140079505, -2.618698543288472, 12.69896914411542;
  -9.873220618659456, -2.703469282114302, 12.90636760552562;
  -9.881166895561067, -1.828809060057307, 13.02342865171625;
  -19.15518110316174, -2.745654039154992, 24.9774560826443;
  -22.57197433884189, 2.292585364712184, 29.73441723228275;
  -10.36066679380818, 2.377455630177244, 14.41443033413554;
  -18.64696165959643, -5.695181684349267, 25.22738407731711;
  -9.55970962869875, 2.372274461685059, 13.46221750642909;
  -18.41680448655274, -3.761169771438377, 25.11828734594873;
  -39.50691470505517, -2.872820287875489, 53.31165561779806;
  -41.88439413054126, -2.261596621708849, 56.61875235400591;
  -18.924089531741, -5.018054035366668, 26.08211265702212;
  -18.44910057608793, -4.635224589546199, 25.47886446529299;
  -18.9452474907215, -3.937608004293971, 26.14872374164427;
  -19.02693414356826, -4.099605635847189, 26.26588837571517;
  -18.03566229360679, -3.472659246097549, 24.95641317205571;
  -18.69902587507841, -4.590240605428555, 25.84724332216116;
  -10.73578498682458, 2.390689560216551, 15.30512385892097;
  -18.99104776956321, -5.346782833789624, 26.3987285082307;
  -18.11314108727812, -3.644062120671446, 25.32151812622663;
  -17.53996680216758, -4.365269458269678, 24.5557288720863;
  -13.42404989293926, 2.38954392926827, 19.04175581602398;
  -19.34475277592621, -5.229058938187962, 27.02955264180623;
  -19.00218915895903, -5.234676154555308, 26.64508889841915;
  -7.872727665479803, 2.567494348313068, 11.62919929208536;
  -17.55998348944732, -3.314961879317449, 24.76849710859048;
  -10.13937870408621, 2.44814427101261, 14.74716945801238;
  -17.48533147635866, -5.848001127133785, 24.83721884254343;
  -18.12857770594923, -4.300179659953936, 25.76617755139582;
  -17.02939697048833, 2.197197048592675, 24.35402539394302;
  -17.84567833502348, -3.625087379973673, 25.47570656819297;
  -18.01887314444024, -4.412860069555264, 25.75399608997439;
  -17.34289434176858, -4.198408339537054, 24.83249583770868;
  -18.24783485836415, -5.911831757931211, 26.25290587896442;
  -23.82212894029809, 2.021383314325913, 34.0801769510183;
  -17.83553468086828, -3.67272836415637, 25.73084288582436;
  -18.56783693985809, -4.422077996305275, 26.77329032743247;
  -17.73493039663978, -3.05459510453588, 25.94010708284157;
  -23.12125580516208, 2.14880190411831, 33.5763735637446;
  -7.755980853878635, 2.605537394748527, 11.90389636426889;
  -9.283336431702482, 2.627195902699562, 14.07517547193431;
  -19.15486508214807, -6.692953834872341, 28.01582573312129;
  -8.602511254138129, 2.632216361690408, 13.13154910004108;
  -17.79436397869577, -3.966094698949999, 26.20550850938537;
  -7.543588498838099, 2.654701197289012, 11.69268220010048;
  -17.94667949554468, -2.387139348792959, 26.63706212901969;
  -17.62438615412272, -3.55471899802064, 26.20459577004688;
  -18.44021055095662, -2.344162301781063, 27.45509617184117;
  -17.50053394361573, -5.64156175427639, 26.14685814560415;
  -18.02798413276802, -2.12343542809024, 26.97339952871119;
  -17.91284924201048, -6.200463416708232, 26.79000723303344;
  -18.19879370400249, -3.779354356492315, 27.26263858585062;
  -17.44559431590555, -3.707092705399653, 26.27622669280915;
  -17.49972667971571, -3.558224884205605, 26.45812651865928;
  -18.28517391489394, -4.706690525577248, 27.62246513700367;
  -14.89839879795306, 2.359303623173676, 22.76484362833742;
  -17.15912657231551, -4.913593242677223, 26.06484098845684;
  -17.61772432176699, -5.290778999574989, 26.7383699784186;
  -19.52119599913755, 2.261166079597485, 29.71507119724293;
  -16.97580317381827, -3.961034635324475, 26.04491935790061;
  -17.72477145199709, -4.836921830170747, 27.35140484367723;
  -17.43378701169436, -4.186263521486008, 26.98292638887045;
  -21.45425640783815, 2.186042835737548, 33.04729793758064;
  -18.8653874862797, -0.5222881308187182, 29.18918316043331;
  -16.84458421355823, -3.673252228778597, 26.16985364361226;
  -17.22189405642076, -4.828154682466627, 26.7972050809063;
  -17.10565054749199, -4.23366660051965, 26.636592408351;
  -25.42120023101008, 2.242863885678507, 39.26593157459135;
  -17.48329574562412, -5.506001365570339, 27.28697131035261;
  -6.83607533665198, 2.657033592882232, 11.25984003460366;
  -17.33827872167917, -5.34303506440442, 27.10616817616521;
  -17.37635205167962, -3.751558650708225, 27.25500124524065;
  -17.65675085547774, -5.947916088865034, 27.69724713113354;
  -8.494092924303164, 2.642846798001377, 13.8549910512496;
  -20.40032738503518, 2.241072713486454, 32.07041948873357;
  -7.102141192011382, 2.649006205729619, 11.82822319314666;
  -17.17221851060331, -5.127078684563722, 27.24395234553805;
  -17.40021896500051, -5.794524684085397, 27.61604573911062;
  -17.66200588374866, -4.950983759119607, 28.04068007189832;
  -17.58137476288788, -5.706412504605253, 27.94907805179359;
  -6.757095882102301, 2.698585860335028, 11.33882826489513;
  -16.97822808666163, -5.250430137010888, 27.10015119518481;
  -12.54890402607873, 2.433283609358717, 20.30347942678267;
  -20.96059700719976, 2.235049822355772, 33.30644110014583;
  -17.0137624400646, -3.487910913086469, 27.1827146397001;
  -19.35992184415057, 2.28112833351806, 30.95859841577283;
  -18.35164980265536, -5.32253434439074, 29.37276650705659;
  -20.30741983269914, -0.668641726980086, 32.47773045056843;
  -17.47637287730268, -5.741213679220236, 28.14299681510158;
  -17.39476091492707, -5.553071971796052, 28.0642855464736;
  -21.93324198041572, 2.175148153398943, 35.26950569452355;
  -44.67208405445336, 0.009674088477383762, 71.27861732958895;
  -8.616822216883085, 2.677597377066775, 14.52051427633944;
  -17.0565518729874, -5.541118465732122, 27.84248331037278;
  -6.966670680775382, 2.737326129255521, 11.97034666401298;
  -16.95327649710583, -3.880403345523545, 27.79255759530005;
  -11.43271882466753, 2.45832082970466, 19.1052084306818;
  -19.49487532815166, 2.31075002847231, 32.0452690609568;
  -17.79678810561099, -0.4627992400272914, 29.35142144409268;
  -8.362688723637833, 2.638590027468889, 14.29279613663953;
  -15.94574271337974, -6.387595271902796, 26.41218287256325;
  -20.96138640513992, 2.294859117344517, 34.53812123837464;
  -14.3430882278077, 2.33360981859824, 23.99061373393666;
  -7.094580644233369, 2.667807897501364, 12.35960643065725;
  -17.42374398808777, -3.721564062948078, 29.00595310829653;
  -17.17498306326155, -0.7379297414533916, 28.67280324536124;
  -16.90843494463109, -6.016506755990217, 28.26631794811564;
  -28.65708724459703, -3.810057615546969, 47.35838392798526;
  -13.94226499504609, 2.509297879986448, 23.55616755230936;
  -17.54568220036294, -0.4995757359050465, 29.48005019870204;
  -17.72552100909137, -4.868394833635012, 29.78024625894179;
  -16.75631511296461, -6.206511272081253, 28.21598593309164;
  -16.48439678025799, -5.007102768307663, 27.77844064928744;
  -17.17564538888585, -0.7647177582456194, 29.02840956536723;
  -17.68302808795815, -6.062053899187345, 29.85505669243712;
  -11.89967462412963, 2.463634618222509, 20.46746579503721;
  -16.1776389447922, -6.409231883014279, 27.47469856504901;
  -16.23652606730045, -5.423340933652362, 27.59104423863261;
  -16.13659709267152, -5.633316831131077, 27.4517043848533;
  -16.57328943010232, -3.560226566788868, 28.21139341562483;
  -16.74213104970487, -6.820576239473128, 28.56188024202281;
  -16.69181714420429, -3.697765485199702, 28.54218886110472;
  -21.16663623768087, 2.425115863709031, 36.01177199144264;
  -16.27088082557702, -6.148288010361886, 27.90078280389129;
  -15.5551866678755, -3.195967354635113, 26.73082343546885;
  -15.7228356866808, -5.650464450167997, 27.00973969926897;
  -16.62309474177351, -3.817477968850858, 28.54415997516396;
  -40.65999384844936, 1.354018585058459, 69.01490798429337;
  -6.867401573410014, 2.692815342606128, 12.42254663939195;
  -18.30671125243383, 2.289609351013994, 31.65508019616962;
  -16.43790925449694, -3.578105520815453, 28.52995294533846;
  -6.860746757430673, 2.76292936949584, 12.46518192427124;
