m=[-8.444819938560368, -0.1647225724025563, 11.97439862558318;
  -6.427232418560258, 1.504651295881038, 9.777114812574116;
  -8.367735987373939, -0.3579895107044143, 12.44374030547894;
  -8.331037316061261, -0.4210688847313913, 12.42878779598782;
  -8.158699511466406, -0.2390855061550322, 12.24636459198889;
  -8.110389095978576, -0.1750344946762599, 12.20711576406537;
  -8.093361794236833, -0.07495690209716076, 12.20143570825539;
  -8.093550626660964, 0.006175330248315181, 12.20530551314007;
  -7.997251614822646, -0.3383930994694934, 12.17500126978656;
  -7.996959760730542, -0.3017605855986831, 12.18286974717617;
  -7.95085370906416, -0.03933961019537412, 12.15710491613228;
  -8.050644838752143, 0.02943416398841366, 12.3429735999077;
  -8.092320590620796, -0.1122977910039384, 12.4264352412997;
  8.601210342742732, 1.537239082365722, -10.98399912894884;
  -8.070609510918075, -1.019892696898526, 12.55978859232728;
  -7.991894373185958, -0.2444321245053049, 12.46305769926235;
  -8.203442996311134, -1.597988595729983, 12.80184022059379;
  -8.947652223918382, 1.208526693532352, 13.86005629621401;
  -8.133044391150568, -1.271053049117887, 12.75782176385902;
  -8.267877963985143, -1.844421406938897, 12.99218688851476;
  -7.895388808853928, -0.2601839973498716, 12.45296404019277;
  -8.812139182500056, 1.21370722099392, 13.80778263346128;
  -17.515769453092, 0.921853849707987, 26.3699978913386;
  -8.126640816593032, -1.636369794788489, 12.89883717963303;
  -8.196569939923752, -1.877743604707452, 13.01774977512076;
  -8.090224643724692, -1.364654890156958, 12.89630173049057;
  -8.14078842396304, -1.770089177104527, 12.96963133125352;
  -7.963590216726115, -1.152077952491979, 12.82009277667648;
  -17.29666021279394, 0.9063106760035168, 26.48836706578458;
  -7.78648690624519, -0.07363744047872203, 12.63100079098701;
  -7.99452630416936, -1.298061617968682, 12.95276952283729;
  -9.688971398129338, 1.198038592125847, 15.47860853825421;
  -7.740760040154484, -0.750470614257466, 12.75721893965998;
  -7.847191113606115, -1.232771142717525, 12.94809375910535;
  -7.449302898296149, -1.256156169562366, 12.36974600584803;
  -7.882455526121092, -0.5635363749222973, 13.05881116110564;
  -7.598190876962083, -1.117625893038388, 12.68538339369999;
  -16.81196998788723, 0.8550904432773107, 26.73924825033444;
  -7.776291825053715, -0.702117629146187, 13.0027159694221;
  -8.252026036452055, 0.1665751482204119, 13.7217075316777;
  -7.862615327042999, 0.03412892075459646, 13.16104849072108;
  -7.655822341042054, -0.8013104934847577, 12.98620109268921;
  -7.574464361343583, -1.220673619633377, 12.8865063811757;
  -7.701939243086599, -1.488360969879945, 13.13527409665491;
  -7.96883341236327, -0.02394023373249405, 13.54023130137543;
  -8.492803360757405, 1.189139960176002, 14.36030705634813;
  -8.05107144441304, 1.242335104065735, 13.68846647911362;
  -7.530806419352477, -0.7421562928324212, 12.8989163320844;
  -7.529216424126736, -1.97011706234728, 12.909920092091;
  -7.572939364228196, -0.6253110300415727, 12.97855444112773;
  -7.741628764762218, -0.4628929045605238, 13.28135665295521;
  -7.860774194370969, -2.519049126298864, 13.49512452149849;
  -7.615254078244583, -0.6844944038115419, 13.10335254280358;
  -16.0522764045095, 0.8928475311411676, 26.33112562608489;
  -7.387931446234815, -1.427835952117177, 12.79505590435494;
  -7.504370036227996, -0.7631785972746801, 12.9857989393375;
  -7.694084435363293, -0.1041407937085127, 13.28487704493704;
  -7.676481393742414, -0.01667045885688188, 13.26265064075103;
  -7.891094857255493, -2.478637189987381, 13.63327315551982;
  -7.305348333804663, -1.179043644780994, 12.70801517685827;
  -7.479638150667618, -1.93747871864747, 13.01760970490005;
  -7.449185258269664, -1.824958806176656, 12.99319256492256;
  -7.436300894212887, -1.967969896055839, 13.01209232197842;
  -7.668825181112033, 0.05182689804301567, 13.36955125916948;
  -16.07066415806165, 0.9391756104406658, 26.89160284730106;
  -7.403418122764181, -0.7836473129186835, 13.02869397069891;
  -7.566941807713677, -0.6797708083200091, 13.34490969019129;
  -7.477702110919594, -2.030940118254772, 13.2445020159921;
  -7.455148577359489, -1.918011257760927, 13.24573559972392;
  -7.209417707345006, -1.220650721804106, 12.916325489955;
  -9.169491803911321, 1.177932613387235, 16.17823266337626;
  -9.856345393264391, 1.175066236632608, 17.31782914647747;
  -7.245973664553952, -1.019621159639008, 13.08373025917054;
  -8.073678154429572, -0.3989952201924584, 14.49114441828596;
  -7.440605369026799, -2.691267690318985, 13.49094980200986;
  -7.256719955281687, -0.8680605416331226, 13.18963688973121;
  -7.257620272766726, -0.7848263608955028, 13.1952094993943;
  -7.291689421851882, -2.414532883628109, 13.27906954175841;
  -7.332843415131808, -0.9758246601540959, 13.34424303322657;
  -15.29560175945506, 0.8549612131424234, 26.55089956728731;
  -7.233387633595154, -1.163767574076112, 13.20257319144599;
  -7.362612034429809, -2.11431526155887, 13.448646873318;
  -7.160722872814675, -1.224733161807222, 13.18415696310904;
  -9.267005994276403, 1.172935446366943, 16.69969371393277;
  -7.120000198831012, -0.5529228367559098, 13.13892435613338;
  -7.261183576188625, -2.125044984178953, 13.40923201874794;
  -7.264575702851812, -1.16791630274723, 13.44165099365621;
  -7.394951827422455, -0.9775067275385799, 13.66236077628559;
  -7.202036052777848, -2.876001129484344, 13.36150276728933;
  -7.291196931846712, -2.623638862300346, 13.51708534330768;
  -7.232918797755577, -2.795789889066416, 13.43641977906385;
  -7.231059044132213, -2.439711096299184, 13.44139493162481;
  -7.177281192999995, -2.950426524032568, 13.37190998655055;
  -14.61215404617165, 0.6102076264498386, 25.98375014247745;
  -7.026580728662781, -1.000911580159748, 13.12514464454913;
  -5.087430832818044, 1.537104436774367, 9.816980637760407;
  -7.152641963319815, -0.6461958575223562, 13.39175440416598;
  -7.320696230969798, -0.8072322617287359, 13.71362651480316;
  -5.296130256118807, 1.468156268451968, 10.23377747992338;
  -7.415740641554134, -2.412445610258846, 13.91485822154889;
  -7.39226263090591, -2.384052100407996, 13.87200701975984;
  -7.138455786603305, -2.151452777855468, 13.44367127440537;
  -7.274465508451399, -2.889294762497556, 13.68782083483815;
  -5.011999997546567, 1.567090722385526, 9.781684859513078;
  -7.261142489341903, -2.943187517385556, 13.72772530736964;
  -7.228640890981288, -2.253630194673181, 13.6683618977391;
  -7.143957861229707, -2.749889196131532, 13.57575751388465;
  -7.135441981652918, -0.6146952855173994, 13.5432672396224;
  -6.988714298309557, -2.028134116913793, 13.30968784653543;
  -4.635731317452769, 1.619258995438003, 9.208621265524927;
  -10.30927886922122, 1.130149659674503, 19.08966854512192;
  -7.272589426661668, -2.635061861853266, 13.86585509966899;
  -7.046966462915483, -2.133507733776509, 13.50037375659492;
  -7.266410669541012, -2.587084551058017, 13.93999042071738;
  -4.844667354664614, 1.578751149699565, 9.651143908075998;
  -6.984662241573418, -0.5596211948926468, 13.47131781434541;
  -7.065915500900506, -2.330525575633088, 13.65486915085734;
  -7.062384035191674, -2.405171649692626, 13.74853676224069;
  -5.374202233216978, 1.51305915244218, 10.71317155310451;
  -7.126288302296273, -2.275929918847247, 13.88598225969418;
  -7.16711121310166, -2.560346811422585, 14.07726536059581;
  -7.036300125835162, -3.016731534918127, 13.96017730345965;
  -6.924124546934257, -3.011780376871227, 13.90567889383045;
  -8.123091023785086, -0.8612234810972673, 16.10806983886884;
  -10.32257544138798, 0.2932855654372148, 20.26580298900276;
  -10.1399018172752, 1.244163155807107, 19.9926343812497;
  -10.27078450128855, 0.9517271528671197, 20.26215643426817;
  -6.891362785214466, -2.904225037287997, 14.04009126847495;
  -8.69435737992829, -0.8673668309390042, 17.69478289663825;
  -8.814416687133203, -0.8118149734367163, 17.93653450454636;
  -9.788736763228751, 0.9942902437735167, 19.83058175235984;
