m=[-8.293158970210861, -2.264321585003176, 11.57872849751886;
  -9.543619185205801, 1.110488765592611, 13.21455325899882;
  -6.803583895754883, 1.314403220143158, 9.849609605100705;
  -10.03223641208982, 1.102615803221984, 14.25265289989506;
  -10.7849566336916, -0.518277608357369, 15.27681372535289;
  -9.868310839918413, 1.247151821042277, 14.38938803115805;
  -9.421066710582124, 1.137282524086324, 13.79268159883857;
  -9.58294390762547, 1.093502980454008, 14.05303747534355;
  -8.181500639171224, -0.2165334638019531, 12.65732700216602;
  -8.202271202788937, -0.3169272267365531, 12.69331657289833;
  -8.74734710085767, 1.138965032375214, 13.47567755801292;
  -5.180169848943228, 1.403613899892492, 8.44190773180188;
  -6.912418553494813, 1.235730970083788, 10.96473244831777;
  -8.182004375274325, -0.4305100481992929, 12.97645786735611;
  -8.167196296277416, -0.3821868755304211, 12.9714192404368;
  -7.915848284992154, -0.3074847165174802, 12.68528387150847;
  -7.885327297783212, -0.4131356385842183, 12.80739862951066;
  -7.865834140194072, -0.109504141074686, 12.82710580992781;
  -7.703557337981125, -0.1802544040943349, 12.64566469464434;
  -8.901808751168142, 1.14490803752535, 14.46330979364875;
  -17.94400754820542, 0.8074236641999811, 28.12339462077739;
  -7.786256649949723, -0.3153981246570694, 12.95801068476473;
  -8.081180427726199, -1.829260534747944, 13.43877978863226;
  -7.872115924633621, -0.4969007409552388, 13.13298388006003;
  -4.462997023896396, 1.437327925288461, 7.902721123717771;
  -8.145044277190879, -1.928209112025391, 13.62703530711418;
  -7.610823810309142, -0.3242005268126778, 12.81333612997794;
  -7.901085635997394, -1.020483042180788, 13.32432872727207;
  -7.815964663069805, -0.4067721790281597, 13.37257602482718;
  -7.86096198370518, -0.7476509616895234, 13.50460380091663;
  -7.856438245640725, -1.584930398870461, 13.55400687666389;
  -4.462665960135429, 1.465125348063925, 8.143035160315112;
  -7.878028477329123, -1.37853376704954, 13.61779761542196;
  -7.854117039076757, -1.664801241752027, 13.58514401008708;
  -7.43675033285355, -0.4357173828640929, 12.93001545575945;
  -7.649609839558723, -1.389774922075662, 13.30326074152809;
  -9.377743215833126, 1.104055935456365, 16.06697055369992;
  -7.796642173344897, -1.901561729478316, 13.62371026564299;
  -7.607931253686006, -1.472076737545414, 13.33459927990509;
  -7.511759694510859, -1.69427120082737, 13.22450622736852;
  -7.676212194138438, -1.301853768049627, 13.50283516419959;
  -8.202232727722697, 1.116470561914684, 14.32019788382211;
  -7.797000431245801, -1.136071037226452, 13.71822930716312;
  -7.689145222124457, -1.550387386306329, 13.56728524548853;
  -7.635018562604058, -0.7248640275274949, 13.51954471213178;
  -7.607404040423774, -1.213488353651498, 13.53868020476933;
  -8.019371400799269, 0.08936092196428012, 14.20178505055527;
  -7.493529580426991, -1.542911911205132, 13.39058202009721;
  -7.699548537366758, -0.03970045832032113, 13.72555316443427;
  -8.244467814838144, 1.124337159774082, 14.63367848827464;
  -7.817799486755681, -2.308585660624462, 14.0115126414779;
  -7.86487417220692, -0.9555288329927486, 14.07480880285364;
  -7.38614757092386, -0.5562209468391244, 13.32120180298621;
  -7.42786041908004, -0.8643843128401454, 13.44105165683925;
  -7.552323499466801, -1.725071686580694, 13.67589457477938;
  -7.672062309685313, -1.964498188695916, 13.88837988867124;
  -7.387591731855435, -1.288410458793234, 13.41274219361583;
  -7.565013524868936, -1.673337774246844, 13.72991937331343;
  -7.833288291699647, 1.156731936331341, 14.1578164674799;
  -7.519634134660166, -1.554333084790267, 13.67787263346653;
  -7.677182880711593, -2.651500959177533, 13.97887617876706;
  -7.288849846975759, -0.8078701642397527, 13.32698699158297;
  -7.311685084965404, -2.026732332817248, 13.38693759773901;
  -7.3910508505628, -0.6938892186502882, 13.50892111281961;
  -7.182985813428364, -1.208245183455316, 13.18054390907943;
  -7.585844667466988, -2.560978957390784, 13.88801884609714;
  -7.338577162562542, -0.7414894573078421, 13.47398827873102;
  -7.190120837227295, -1.489907539798182, 13.2858570831572;
  -7.517741132423916, -0.182355308533166, 13.82937378214085;
  -7.489968180126623, -0.08786097603426309, 13.78501901021892;
  -7.59916362873359, -0.9835981541302217, 14.0219759063793;
  -7.402769131103971, -0.4523520728975553, 13.69301146161844;
  -7.131555696001661, -1.247464716765873, 13.2483101319746;
  -7.371462920765658, -2.175365808542289, 13.6936694607414;
  -7.356332498887461, -1.840857962830369, 13.67979153963732;
  -7.283728752776195, -1.895350191223496, 13.56028293656021;
  -7.326407191371482, -1.203626927548537, 13.78746042345641;
  -7.421282496082608, -0.7203263032192615, 13.94247903261446;
  -8.722812374590202, 1.125650006912127, 16.20801064036145;
  -9.585800277926404, 1.073532635027022, 17.77141617328304;
  -7.113699061979066, -0.7793609206662022, 13.52604857573577;
  -7.334343870412094, -0.9731820705595341, 13.95220448206765;
  -7.075958829028731, -1.301839522638595, 13.53804422047766;
  -7.232037653495151, -1.522416518814837, 13.93582213832783;
  -7.242873992068578, -1.310224251054213, 13.96321018134465;
  -7.017665484082552, -1.380041029527994, 13.57896974291658;
  -7.20868119762488, -2.74064438666763, 13.94881367367506;
  -7.356359431309251, -2.484632358738701, 14.22988919718623;
  -7.140733391550358, -2.881589967468103, 13.84860587754514;
  -7.071115901195952, -0.8442196376863441, 13.69793227409106;
  -7.124875143745035, -2.268371312188086, 13.82027034018527;
  -7.049523719208582, -2.458352233328859, 13.71447520837161;
  -7.530037307157364, 1.131211014896038, 14.5205937832109;
  -6.935622533469188, -1.961604965381355, 13.50577597475519;
  -14.52552608384278, 0.5004329958617614, 27.005148652287;
  -7.266186202907614, -1.060855577689083, 14.09315234127844;
  -7.113801016836785, -1.239011995108958, 13.84848282616864;
  -7.171536904637408, -2.181652999433233, 13.97934457686541;
  -7.119472321038266, -1.18002244244512, 13.91954840191663;
  -7.012069027440054, -0.9734949256608747, 13.72874374770576;
  -7.055634158694218, -1.300663436682783, 13.85605209134585;
  -6.988933066786239, -2.100224770250928, 13.79628363536119;
  -7.181529476867654, -1.040632789033303, 14.14657122290027;
  -7.051441300926482, -1.23069570177857, 13.92327216314449;
  -7.027655184452229, -2.945205454183761, 13.91129372692727;
  -7.024593518234602, -2.851686879261511, 13.93509782641478;
  -7.096788083600856, -2.523214991500029, 14.07879046141988;
  -7.128777082546737, -2.343989041678222, 14.13982887713173;
  -5.128999124715279, 1.430323996532009, 10.44767326015917;
  -7.087085720903426, -3.056565038198178, 14.0914662793218;
  -7.05665544927705, -1.097535950703272, 14.04204989804051;
  -6.990127752942254, -1.307935910210294, 13.94407976776572;
  -6.796343438391194, -0.6999225043262166, 13.59572572439543;
  -6.82978718622045, -0.838130965732377, 13.67470303259987;
  -10.32343104297378, 1.05222765003385, 20.11448411923355;
  -7.095681356378717, -2.744394975182605, 14.23149950672431;
  -6.988940466304142, -2.133784970183704, 14.02882500028867;
  -7.109048112597805, -2.964166473133566, 14.27088805793872;
  -4.75299932012797, 1.45689965532215, 9.856600336945107;
  -6.98361084375969, -2.226348249283425, 14.03769420232429;
  -7.030073100152004, -2.992940595098465, 14.18547449846624;
  -7.027479889911678, -2.315661437368138, 14.18005964214639;
  -7.100663800794527, -2.418543606170996, 14.32703806427285;
  -6.967438105677893, -2.818702416236574, 14.13786924099016;
  -5.054387210737419, 1.450992547353597, 10.52651236796559;
  -14.70980613144291, 0.7694299060388637, 28.56843437476943;
  -6.94639214139676, -2.996814105936882, 14.13978585377059;
  -7.100193217502183, -2.707978192405359, 14.44160824565775;
  -5.133186844939885, 1.401549489375126, 10.69604026099099;
  -6.953654546404591, -2.229943984795521, 14.2090654465254;
  -7.064449150929161, -2.649313975831417, 14.45804278693988;
