m=[-8.285853103585254, -0.2002275910527977, 11.99078612682873;
  -8.302573605269728, -0.08658278262662468, 12.19810335655395;
  -8.537489629308311, -1.775774796270087, 12.57060622707298;
  -8.227718360725042, -0.02977150314770062, 12.1674277940277;
  -8.237926666529836, -0.1489626925010951, 12.18983555933676;
  -8.475783481869073, -1.15924716135528, 12.59995363550503;
  -8.418797375993881, -1.50904571688259, 12.59544335678263;
  -19.58673810449562, 1.068550525373298, 28.42041546084215;
  -8.424395434649343, -1.058808456496472, 12.86484882596641;
  -9.975411435563174, 1.249828296061403, 15.06339092344645;
  -7.863524740770632, -1.092776697088324, 12.12731556961875;
  -8.300879526744348, 0.0651227510748993, 12.85363065230419;
  -9.856156859579954, 1.254112635297054, 15.1311074212161;
  -8.055080487323036, -0.4663320523928953, 12.57464166412341;
  -8.713545763360262, -0.05983501614865776, 13.54158640673784;
  -8.913871320585763, 1.272203380922174, 13.83353590552313;
  -7.955989280869696, -1.216347520479472, 12.49754584236969;
  -7.859584359211316, -1.446288227808936, 12.38678886202101;
  -7.740935739921738, -1.1522756890847, 12.2701305858025;
  -7.895742301618941, -0.6049677570377265, 12.49911391647303;
  -8.502842539520056, 1.307062080567256, 13.3949442357923;
  -8.992698774278054, 1.257856906348645, 14.12506898953039;
  -8.087888755258433, -0.4516832569606619, 12.8325016817004;
  -8.054436055656097, -0.6724997428168944, 12.802772947635;
  -7.922178814837717, -1.459530301209284, 12.64454781803305;
  -7.918867981998766, -0.7506632461316289, 12.65377159171911;
  -7.705136145851253, -1.1783168895318, 12.3608321418215;
  -8.108632278222885, 0.01258070460429592, 12.95325029321509;
  -8.227332450881207, -0.08964082054902872, 13.13881268861709;
  -7.829799352406967, -0.7643230642817745, 12.7190580858598;
  -8.163808826451714, -0.4951445832228264, 13.4342400053746;
  -7.611781834605727, -1.009494500657491, 12.68636939205905;
  -18.24442809289719, 1.099162762002854, 28.89207400655862;
  -7.496466780259815, -1.292247460135712, 12.53133072285444;
  -7.586812333206692, -0.7631182036950749, 12.71517698858682;
  -7.516078628318464, -0.9378937802147987, 12.63811235739357;
  -8.54806135867805, -0.3839277798021771, 14.22319933097041;
  -7.72649266687648, -2.445614440533852, 12.97914134671894;
  -7.847520544075631, -2.004279028803758, 13.18702611882583;
  -7.435767739287216, -0.5235266594329601, 12.65926180636904;
  -7.64748629355118, -2.137637808893087, 13.03239655585205;
  -7.619953208428925, -2.064846462264877, 12.99285748024824;
  -5.596162215339152, 1.594741967740462, 9.828498075979676;
  -7.685684150741196, -0.7308688177690291, 13.13691613283386;
  -7.623273859119421, -2.822155951244547, 13.06031352516265;
  -9.981087497386854, 1.259366492785617, 16.7703518002112;
  -7.629662595501469, -2.462036120311578, 13.08775882337873;
  -7.471379989131337, -1.008366275030518, 12.87309441657975;
  -7.620959980795251, -1.251217018621981, 13.15027741842629;
  -7.730398147476132, -2.407875399012966, 13.39798939301066;
  -7.517600080742753, -2.16428709178104, 13.06026212949319;
  -7.751943545389967, -2.40308367748977, 13.44303410265213;
  -7.625031835400709, -2.742590105750885, 13.25015758644698;
  -7.77264594288438, -2.954572361564952, 13.49337046608066;
  -7.636086610740564, -2.274318267354115, 13.32464338891977;
  -7.535056656773869, -0.4946991504845044, 13.17333986418395;
  -17.07544822501434, 0.7519233081466861, 28.69596482821665;
  -7.676385630558317, -2.661633667875795, 13.51326129818433;
  -7.559614932220436, -2.321546222098566, 13.38637403674434;
  -8.506474734612215, -1.061814305586389, 14.94550798487869;
  -7.847860845381284, -2.995948913804241, 13.882072358261;
  -5.738630353309562, 1.521500378009131, 10.45369967766025;
  -7.433859355826177, -2.413019473890497, 13.34692665949352;
  -8.227287188491996, -0.8995172729225398, 14.68540880919678;
  -7.53451656029035, -2.297352359295731, 13.55029713676301;
  -8.220522771625388, -1.0663834185411, 14.72616709740141;
  -7.580067523816237, -2.586563241351226, 13.73914364278257;
  -10.87179030360125, 1.324026393021251, 19.41649737208978;
  -16.38062300327669, 1.018777883580782, 28.78443092866758;
  -11.53746980047231, 1.107561583196969, 20.805606356243;
  -11.26909100621496, 0.2759395631857045, 20.70149740093672;
  -11.31882591883086, 0.07532134842405759, 20.80781146917451;
  -11.22535310971777, 1.218030263827719, 20.7338023661835;
  -11.34350378626185, 1.06052807001194, 20.94620612410173;
  -5.408164388790766, 1.55932010853883, 10.6062557461129;
  -9.806585820205765, -0.1910833352037189, 18.43117384791094;
  -9.382313245564175, -0.8719005821049334, 17.77915933251437;
  -9.588850049731313, -0.8193748590586765, 18.16290273944118;
  -9.587824164570822, -0.9985560564478945, 18.22460682404113;
  -9.397245718191622, -1.364312265351986, 17.92291434093156;
  -6.982585180355189, -2.856308769662685, 13.62157415126126;
  -11.0635244500086, 1.119658746951611, 20.95708437607819;
  -5.732413735901932, 1.601423202429721, 11.39958713986496;
  -6.989411025884346, -2.938969088825293, 13.73449064233761;
  -7.283757614234348, -2.583309320500081, 14.29003329959164;
  -9.026494525613153, -1.082628108286874, 17.50370263152538;
  -7.322111682186568, -2.474993233865976, 14.48102783159787;
  -7.622397186943552, -2.964260539851281, 15.08071083469592;
  -10.19879562629698, -2.504616985261969, 19.8291627634168;
  -7.105910328884427, -2.478375783641164, 14.16087439785296;
  -15.28277605316835, 1.013549648985025, 29.24054570641426;
  -15.432473528424, 0.7734232225753633, 29.64328932056729;
  -9.525886088661929, -1.25479100336675, 18.73349135473823;
  -6.945644044146653, -2.961608300113582, 13.9773800147047;
  -15.22924963563412, 0.6403694762121548, 29.31710305607572;
  -7.037673524817122, -2.504837586000033, 14.18859269036888;
  -7.113820037975004, -2.818435151675168, 14.34562567681804;
  -7.195855740308589, -2.616005628891485, 14.51684844853913;
  -13.35683095022735, -0.4518739847739091, 25.99331345420987;
  -7.104376371694077, -2.704973565618383, 14.35182700837937;
  -7.145481744866475, -2.309568956800468, 14.4473796777364;
  -7.194223011083076, -2.794521668847937, 14.59708250042856;
  -6.951058914125632, -2.398904936379824, 14.20284981036579;
  -6.89062348520238, -2.856989984312628, 14.08985983392494;
  -6.914341300292992, -3.0871739767911, 14.15181573269055;
  -13.60171226294477, 0.8995881714701419, 26.80907220441537;
  -6.936229103359815, -2.748585823249505, 14.2354063230278;
  -7.038311250102279, -2.489429513365788, 14.43483702183933;
  -7.062436022388376, -2.557182168929315, 14.49263865327029;
  -12.4599474511526, -0.2879894623598656, 24.72235721990545;
  -6.899944524465936, -2.794888409529481, 14.19995500992754;
  -9.088431068103347, -1.880893737906828, 18.40454098671631;
  -12.42100547475986, 1.00057406109338, 24.78933821760487;
  -7.05844996798384, -2.672723540830912, 14.57354541436546;
  -7.011332407558273, -3.088523208476816, 14.48735164482095;
  -12.55049757462784, 1.09594008655587, 25.0468384985168;
  -12.40596258755828, 0.7598892670055291, 24.76946094191041;
  -6.975335844583704, -2.741836011744359, 14.42425411400845;
  -13.17984551910688, -0.7500947988827728, 26.30029187148238;
  -5.86108490333234, 1.602570010194513, 12.34324883908079;
  -7.027430095480473, -2.897681115407303, 14.6155473443786;
  -10.00044155712492, -2.811172248146592, 20.36671838965124;
  -12.44920341929642, -0.4629093796643282, 25.09707084881572;
  -9.848654539101167, -2.921262891008168, 20.1875248215983;
  -9.094085781607056, -1.625266962860501, 18.78174241471669;
  -9.849461856523382, -2.588115123878208, 20.29536185138234;
  -9.263448508515976, -2.105201238226352, 19.18858901736474;
  -9.138096381777785, -1.851825709361058, 18.95979408335906;
  -9.940128153994513, -2.826822298951433, 20.55839295728878;
  -9.299263194588269, -1.496532074558647, 19.30966009478156;
  -9.252761697324877, -0.9553947829450282, 19.25202261110423;
