m=[-11.80040619076652, 2.318654683643624, 14.98659449975198;
  -18.90376741028135, -3.816885601637599, 23.45512828013791;
  -18.12500218634108, 2.253551681029265, 22.62074888614222;
  -10.56480919656188, 2.404659157338852, 13.60177367781654;
  -19.02656087539445, -4.133593001643801, 23.75527009966572;
  -10.46599432632253, 2.439797516365065, 13.49724326542159;
  -18.75351658056153, 2.132785406150914, 23.46634031377529;
  -18.64585517055616, -3.390935208764128, 23.3660148505975;
  -20.05777669476825, 2.158643806112759, 25.07694309424425;
  -18.90992204288925, -2.842399811628461, 23.71137447584951;
  -10.08771534014996, 0.963710728690771, 13.152942240684;
  -8.354561669857331, 2.499936419340811, 11.08067154211318;
  -19.56409314319168, -3.340758216612104, 24.89365089739791;
  -8.121517184299488, 2.453056943253004, 10.90352173646618;
  -10.32671424413245, 1.995353265037235, 13.61173327624301;
  -10.23597928371068, 2.163804541069569, 13.49981118286238;
  -9.587948203309978, -2.506432312834962, 12.72465126397719;
  -9.613859436727552, -2.786348518838015, 12.77898643826516;
  -9.750127384743852, 2.472202998706496, 12.9484286624109;
  -10.09822642100923, 2.369916049083603, 13.4476385002132;
  -9.678694846705122, -2.673235767842157, 12.96831089166336;
  -10.01787934411933, 2.377628719152773, 13.48687690286243;
  -10.18661330341382, 2.043205089930001, 13.74466551173064;
  -9.860586413597515, -2.43022715064276, 13.37125191672476;
  -9.833164560038217, -2.073587564361781, 13.33805329205401;
  -10.07446321150718, 0.8778767927024788, 13.67189130991741;
  -9.988743786911083, 0.9800069548050101, 13.62176242342424;
  -9.694604205814768, -2.701927120988454, 13.35477093235689;
  -10.60705650747813, 2.364398391040546, 14.52698785659108;
  -9.940477274154215, -1.915034371021823, 13.69664131650346;
  -10.85806496271609, 2.287651446893431, 15.00657337972889;
  -10.98299549234195, 2.392434298462424, 15.17068937399922;
  -9.793497673836408, -2.546945299771159, 13.65168073431876;
  -9.954308585472145, -2.754831913524753, 13.88498834001296;
  -7.892849892494861, 2.486622220345565, 11.23793464420628;
  -10.12043382911428, -1.896446349703976, 14.20555801459391;
  -11.01334569927463, 2.302140310056152, 15.41386782296612;
  -9.994938066127784, -2.557047248101018, 14.19100803684448;
  -11.02644474259992, 2.275277021536764, 15.5762818150212;
  -11.26120790472933, 2.399093939100554, 15.95907278954113;
  -9.917179682922992, -2.618173369770302, 14.19874258567407;
  -10.38506855947104, 2.455609331310981, 14.86564867972873;
  -10.36492160235579, 2.372388696990467, 14.84731509246778;
  -7.831514658426451, 2.496401096044166, 11.48194323092496;
  -14.31633314579319, 2.28947643881937, 20.27205325426785;
  -21.70930806190158, 1.965340794751051, 30.4535943871265;
  -7.439825253494009, 2.546128205077289, 11.07876236398714;
  -9.838496621780772, 2.310384854177245, 14.34819356739973;
  -10.47370717163373, 2.312633807344974, 15.28967499845225;
  -7.496643369838338, 2.532871623759895, 11.22174774731117;
  -17.23548740305945, -5.846553313898769, 24.69403362053791;
  -10.0413261490238, 2.425797135208551, 14.99438606609128;
  -20.41393305857, 2.100352576347617, 29.53693863724124;
  -17.72335050776112, -3.397112646608258, 25.78677925786289;
  -13.24284757130204, 2.282624054407758, 19.60959422327439;
  -17.41227876204146, -5.862099880146806, 25.5231920088496;
  -18.20524406223491, -5.797639735032869, 26.65290989589784;
  -10.82557322125763, 2.340817736935363, 16.27726468303074;
  -18.57997491450275, -2.525258402285304, 27.26910755016855;
  -16.39189084700894, 2.034069882165468, 24.23831050532866;
  -23.94971719290666, 1.960563733382983, 34.99645772667483;
  -17.24943187532001, 1.976366474858318, 25.73512494243806;
  -12.50837132151206, 2.341051000444779, 18.98692647071111;
  -17.17054602595715, -5.874060966277585, 25.76956946138785;
  -21.83826277972732, 2.077134776641238, 32.51725071903799;
  -17.2643937212866, -3.526339519100328, 25.9514831164863;
  -8.229774180581533, 2.52747921879555, 12.87097820084644;
  -16.78197751740921, -3.607009795835495, 25.2882285721105;
  -21.92656507243818, 1.992674223780747, 32.99802410593303;
  -8.057034138381228, 2.572859562840308, 12.76922524243991;
  -20.96035933896105, 2.058450046365669, 31.83092826483272;
  -17.22082553115979, -3.525907969871322, 26.38355866639635;
  -17.74899786530348, -2.318529160726275, 27.19897535240545;
  -17.94901599767897, -6.25357501503575, 27.61526965024394;
  -17.85303790540674, -4.650630900617164, 27.73959515287669;
  -18.07369465906592, -3.763187840606033, 28.09352669329427;
  -9.208021711897393, 2.54346187182953, 14.81125262866656;
  -18.70595529272565, 2.068242199416281, 29.22853279005203;
  -18.37199448313011, -5.847090349725318, 28.79122826171446;
  -8.61414033211479, 2.568035703711336, 14.00051849869802;
  -16.9267218804881, -4.00061328987259, 26.74328481913407;
  -18.87964296135844, -3.913823042908506, 29.75027417021956;
  -17.13600259233578, -4.33335827212209, 27.11377892980314;
  -21.50699757404569, 2.087708156650608, 33.85322513827904;
  -17.42300866161478, -4.801709672265235, 27.65265890762546;
  -17.43483350415217, -4.494608716876387, 27.7134714611117;
  -16.99171004929944, -4.133053987690083, 27.06969575805285;
  -7.447137972013382, 2.560416167957058, 12.4057341672739;
  -17.46967416845828, -4.945816101446, 27.94716619593628;
  -18.85642407796055, 2.184746228911991, 30.09857138321469;
  -16.77186542441872, -4.201724821599118, 26.88820112854123;
  -19.0128377743699, 2.06505829887341, 30.37115384933614;
  -7.957803938242059, 2.681586759818364, 13.26334290325715;
  -17.24062412081712, -5.472148079892959, 27.67396092147214;
  -17.26563645731178, -5.371484880570821, 27.7597326428597;
  -16.64232694043201, -3.635571977023618, 26.87148886269428;
  -17.35585535460588, -5.887806673205014, 27.98859943139568;
  -16.14186016382032, -4.316137755498288, 26.09733768895089;
  -17.33256441666843, -5.097228913293077, 28.11272850346381;
  -17.53136365675195, -5.275852065846101, 28.57004258225859;
  -17.15901790946306, -5.744062297112658, 27.9906301665216;
  -16.31196638262644, -4.608445188929415, 26.66501454517823;
  -16.66900452813625, -5.453056284365568, 27.26586698085582;
  -17.275560900986, -5.383932803590735, 28.33250850355646;
  -17.20844618768462, -3.581137883927886, 28.25154567767413;
  -18.90600223234872, 2.127645890633373, 30.96957523829729;
  -18.06551542243927, -4.145684121354346, 29.67598048773507;
  -21.62509831880466, 2.025656478392935, 35.47658590441223;
  -17.41718644960879, -5.756117821254669, 28.79899723093293;
  -17.64667416730933, -4.207677594215649, 29.21432907790574;
  -9.558593691799482, 2.572510577800344, 16.3042160878358;
  -9.447482048881913, 2.476127483469414, 16.15402160213957;
  -6.659766357312806, 2.634987069020127, 11.70760905077218;
  -16.52349774181054, -5.415044996049863, 27.73444296948247;
  -9.330582097278429, 2.545628945483405, 16.12821572220574;
  -17.13281375104677, -3.974914937123458, 28.8378900037493;
  -18.86215384934436, 2.132396311854511, 31.73195472180614;
  -6.929928212801884, 2.637002599250841, 12.27509233901314;
  -20.82532824197627, 2.175762200246188, 35.02086510807163;
  -17.07630596325436, -0.6438957033974562, 28.90352354925727;
  -17.18993393336397, -0.5240911170471563, 29.09658314062103;
  -17.14962178553666, -5.423416656507129, 29.15777166298555;
  -16.79641059919724, -5.758070190715576, 28.61452594375685;
  -22.80695070641222, -3.553971915470319, 38.53316745424086;
  -16.5316546067642, -3.591681960365337, 28.27463439992512;
  -7.140353217600252, 2.602891327508457, 12.7460689492058;
  -16.27977684795909, -5.302461853232526, 27.90783074301829;
  -16.80783113928613, -0.7885175807025879, 28.80680139704969;
  -11.5525215581999, 2.403849269091646, 20.10624450346998;
  -16.52641052752594, -5.920421658043109, 28.38102899857362;
  -16.68062211460848, -0.9467330911305051, 28.63918558670705;
  -14.18148054615302, 2.221550957390076, 24.49330926416052;
