m=[-24.78116274879922, -5.564629566280341, 42.33720416582686;
  -25.05639719136197, -8.519652690681102, 43.24794425181256;
  -27.90873477360673, -5.668402852653967, 48.26391074384939;
  -26.31708896457376, -9.126186181289427, 45.99311131544972;
  -28.01724496897868, -10.25669833150687, 49.03914421576825;
  -26.4327911358395, -7.117437214668211, 46.49368355858379;
  -26.14846811712062, -9.870722426950533, 46.60183741782508;
  -27.51322982043289, -6.811781035862329, 49.00799714969347;
  -26.62953267079664, -7.49356298054094, 47.51574296851259;
  -26.91437910463502, -5.212262008345739, 48.06412744937759;
  -25.8373456506937, -7.132411913372185, 46.25687256436997;
  -26.40192921145653, -4.273387296959545, 47.35452296338205;
  -26.26833622842743, -9.743757203478975, 47.22795061881273;
  -25.21022448234413, -8.968074096292442, 45.45227473301942;
  -26.98974886235295, -8.109844889927048, 48.59522427733502;
  -29.49672590307772, -4.445971397363818, 53.07253083969182;
  -28.99263846186071, -8.703030790660042, 52.20298069631227;
  -26.93443553550832, -8.685720940195523, 48.63095313217207;
  -27.20755320241331, -7.904985589092924, 49.31466950493319;
  -27.47554867234476, -6.068235245176028, 50.01938889336601;
  -26.44659127393878, -8.382360755880077, 48.32466233928145;
  -39.65082755452154, -2.648775895689651, 72.1885017311451;
  -26.62747170906761, -6.524609981998657, 48.94356446679823;
  -26.23982808562932, -0.6630255943010195, 48.59646133659079;
  -53.41089817390553, -2.738579493342432, 100.6866671854244;
  -57.63353993486663, -7.522571551109778, 108.9067354852764;
  -48.57157876118001, -3.375235811350065, 92.8184636915659;
  -66.04807519486509, -12.11039882651507, 125.8883521653636;
  -57.16699391531486, -8.14142170102765, 109.7218590614943;
  -54.92778104347455, -11.15605652160875, 106.0864544391309;
  -58.70452116926197, -12.46452405597721, 115.7826810781053;
  -62.96815573623766, -12.46526731895505, 125.4374951206817;
  -68.96542690092132, -16.86030156329097, 138.069800044659;
  -45.37375684913842, -4.782457955780274, 92.05276079964455;
  -47.51453695441586, -7.374773968508782, 96.49613383490625;
  -48.76074348715309, -8.275954187861689, 100.3752660437325;
  -52.88234902418495, -8.086569995760717, 108.8393061456398;
  -7.673168904071507, -4.394773730416466, 22.27689847641196;
  -7.334257627996514, -4.343308640256772, 21.99563693514561;
  -4.845158969559612, -3.039064458367494, 17.88387628197323;
  -2.08296370077733, 0.1884650980943129, 9.721528764752463;
  -3.390563719439475, -2.985276577837363, 15.19610198172956;
  -1.969277900895581, 0.1683185353850127, 9.603240987881568;
  -1.801984827862871, 0.05968724031979174, 8.981338853567573;
  -3.408765102959845, -1.618271498771854, 15.41743147412505;
  -2.590864662351661, -2.783723947153508, 13.260694645195;
  -1.601086476338989, 0.3083695966014854, 9.074856611706794;
  -1.57468799231718, 0.6427483837631661, 9.031165277381939;
  -2.346949390116907, -2.974526647382634, 12.94954969630093;
  -1.684284988349209, 1.009888015740955, 9.900217410702721;
  -1.460949934687456, 1.12690896703021, 9.829239941319392;
  -1.138200127919338, 1.126341036474624, 9.557169940456047;
  -0.9598776181803107, 1.133691709436473, 8.858267035811815;
  -0.9807612792715859, 1.11323923038534, 9.229975666485238;
  -0.7504330654237091, 1.195033332447758, 8.006264204323651;
  -0.6918568231921487, 1.181520122790273, 7.926988024857962;
  -0.6418699329743469, 1.189486560447021, 7.991179060352619;
  -0.7194924171776708, 1.127966876879789, 8.815257527682036;
  -0.5779502635383058, 1.123891318329692, 8.699272950037699;
  -0.5321394775542288, 0.170874465309656, 10.09033359246002;
  -0.517856385306514, 0.4301245677056438, 9.981860526247296;
  -0.5071698014401573, 0.2885646107370389, 10.18439826996091;
  -0.4817720473015063, 0.1561444359640925, 10.09154743365511;
  -0.4095756691077644, 0.1487229307578284, 9.651474493855169;
  -0.3975582914072866, 0.1134377774762797, 9.786245897501299;
  0.162130313143682, 1.099293470093581, 8.577754264933624;
  0.1679076623251547, 1.175866329898444, 7.867583903175524;
  0.1802206506892834, 0.1575288575796225, 8.781126359153326;
  0.2245231673007994, 0.09761465548990936, 9.401987558979222;
  0.2329940252324843, 1.182540281011112, 7.923902006744118;
  0.2483791063141607, 1.127807113349763, 8.504128859369097;
  0.3289054823667652, 1.120642920949414, 8.439679536494827;
  0.3462686576562395, 1.188713441105589, 8.362164717160885;
  0.4264548348278365, -0.06949306984378251, 10.96370997642683;
  0.3755571448236618, 0.7305730540633078, 8.450939493969251;
  0.3789679520046698, 1.130101612230148, 8.363175353225399;
  0.4025750495178941, 0.4909711052139811, 8.288578054418524;
  0.5024047579082136, -0.07928652851767588, 10.93621291786485;
  0.4314777649866659, 0.1427536499662245, 8.569251248856739;
  0.4212852834683697, 1.092696497740089, 8.456592523146558;
  0.4257028134072151, 0.695475606009443, 8.385330945868416;
  0.4341997078366491, 0.3157524636704334, 8.362123319243931;
  0.4445306746955023, 0.1978620635015574, 8.334684422582873;
  0.4519835782266072, 0.6413926825419295, 8.458667091461344;
  0.4595642979389615, 0.3838029692375556, 8.520910863082593;
  0.4905789715109235, 0.5389420766093569, 8.369294876929992;
  0.5208132753541059, 0.6877846129769824, 8.334502006488316;
  0.5547740735025023, 0.108763520306525, 8.829301264713719;
  0.680578292287951, -0.1345982615249476, 10.98601628847232;
  0.5567194669840406, 1.041468389305366, 8.487747733589233;
  0.7495966678268804, -1.590781383484191, 10.96461241221452;
  0.6085628721071916, 1.035472359903623, 8.623731201203109;
  0.5870824458136655, 1.149084364220304, 8.163829854386604;
  0.6253290961186886, 0.2497173570092204, 8.508671765195988;
  0.6338150678241655, 1.010207130808962, 8.342132456014891;
  0.8154525678973924, -1.707088435115437, 10.91542288565524;
  0.8069219608511216, -0.1670403741695437, 10.96673144251792;
  0.6564814600216431, 0.5822190208670335, 8.441058383737403;
  0.6197810372937872, 1.175048281222871, 7.806944538738829;
  0.8557275361553192, -0.4997573661947384, 11.10116178716743;
  0.6666247933924103, 0.7856848096185773, 8.27545693777296;
  0.6802585317632154, 0.7474214680963058, 8.304291892351094;
  0.9245536119997849, -0.09298099319294426, 11.72935841594275;
  0.7013281120185676, 0.6385937236356583, 8.289652112101438;
  0.8963189651571815, -0.5571775117162847, 10.93912848458233;
  0.7091313283206839, 0.9881191100960602, 8.450127413585298;
  0.9016125014489481, -1.411925697013041, 10.68308548011497;
  0.9507418610166075, -0.6424046723785561, 11.27786342580908;
  0.9610885933471115, -0.9183071092051224, 11.281419022617;
  0.9086035059924019, -0.04506629729778987, 10.63307134510624;
  1.006539168738105, -1.127336032704676, 11.7716574794486;
  0.9288589882153868, -0.7376705555568552, 10.61289480998104;
  0.9614531027873194, -1.564866669903066, 10.72616564220453;
  0.7682399770765646, 0.2595227586012097, 8.279607001415426;
  1.088475092121989, -0.7675665141290872, 11.48629492888458;
  1.069613650680123, -1.03693636427332, 11.14749520772788;
  1.125271143845623, -0.6875738820695058, 11.21909246476385;
  1.171691352524383, -0.8624474549146056, 11.53500831715754;
  0.9195354856331294, 1.100369882349437, 8.46180726536697;
  1.156602542181554, -1.015219195477175, 10.62358057343087;
  1.250099477761363, -1.10021921647152, 11.03883398267529;
  1.339596901248164, -0.8237633173645647, 11.84537233354145;
  1.321412197513295, -1.039367887930218, 11.59088631749104;
  0.996015640647409, 0.2690904722615011, 8.49512072190627;
  0.9831376974223679, 1.076579797854822, 8.389098601007225;
  1.399213455310775, -0.9257554959407822, 11.8934784670518;
  1.420777705062777, -1.143126376641911, 11.96227366976893;
  1.25041285603287, 0.07146424240507747, 10.3091071339488;
  1.457098561902418, -1.39956554094234, 11.88946397975684;
  1.235232506226947, 0.1025528439106312, 10.03120985631356;
  1.367471419687903, -0.892458802159798, 10.9431989651143;
