m=[-11.69510493255863, -2.530505105706189, 18.16836866950997;
  -11.58807538620608, -2.614487177403111, 18.08596565533501;
  -12.20644040262323, -3.305483181963219, 19.22193695853056;
  -11.77751447962634, -2.260333096730034, 18.57364086992358;
  -12.20943241622941, -3.011076736997659, 19.33627967267306;
  -11.41946568101203, -2.510618953814779, 18.21269769436202;
  -11.72602812549136, -2.963339326236937, 18.74099316810121;
  -11.65010700709626, -2.182015231809094, 18.70648398543582;
  -12.0042531069615, -3.155770499940893, 19.43247920329114;
  -22.57987629027265, -0.5442304357527297, 35.23975419208479;
  -18.73578888108266, -6.604170982649663, 29.87654672548763;
  -21.59741585280333, 0.3598563849396215, 34.14330541630611;
  -11.38643212329505, -2.271854554473788, 18.74784270884874;
  -22.74080057960142, 0.3542066646320086, 35.97943858301445;
  -17.69074469733192, -7.155160531086379, 28.76813830494274;
  -23.11715783145857, -1.507679003015727, 37.12874857386306;
  -11.40549476089692, -2.054800556273252, 19.06074809608036;
  -17.52027307150651, -7.144239525525959, 28.83874741423437;
  -22.53588294729082, 0.5113891191850523, 36.31812271401668;
  -21.40145954228762, 0.6983701952595556, 34.64424989693641;
  -19.81942892102456, -7.292581939320073, 32.60083775380532;
  -23.81817242939393, 0.2784065001076576, 38.60858935359104;
  1.590926478801341, 0.4246083900534746, -2.244066521467627;
  -24.79370301874001, -2.365400548195483, 40.33407106375231;
  -19.69868401742956, -6.843885365552892, 32.61239562765927;
  -19.55108652310221, -6.15592854933438, 32.37111140156714;
  -20.97275757809365, 0.6712971499328745, 34.33342538329228;
  -19.40322762650414, -7.331800931833793, 32.34707773987988;
  -24.26753065226547, -2.092784700043511, 39.78693975726868;
  -18.23133034292638, -7.453141024563288, 30.53174029059975;
  -22.66764908483358, -1.006638687481876, 37.31358657755767;
  -18.96989954812602, -7.521337983675258, 31.97331224045275;
  -5.643427387360879, 1.551011470627736, 10.32189750150681;
  -19.28261776695847, -7.324608954871191, 32.94020495536452;
  -16.27076212705627, 0.9768726374189928, 27.7255029683034;
  -18.06836219299486, -7.467130187652199, 31.44284696802415;
  -18.48086495743624, -5.210467785812186, 32.18679861930951;
  -17.75763360981624, 0.8727037535986703, 30.69896894941365;
  -18.22839909074548, -6.023812480239207, 31.90884738057236;
  -18.0135569743093, -5.341561320384059, 31.52319509122593;
  -17.9344830940561, -5.508600946476878, 31.60180014135004;
  -40.36580222074831, -3.659997220704339, 69.41806649232095;
  -18.69523801512915, -7.986088653097068, 33.19822935736784;
  -18.11735604290088, -5.505264357229607, 32.12440400154424;
  -19.08641184984801, -6.882681095670069, 33.89277533500989;
  -18.42587707229745, -5.373580936880287, 32.78741820741919;
  -20.14961858162639, -3.687682755262716, 35.81515719925936;
  -19.06909479370612, -4.861261782750838, 34.20781212352526;
  -40.60954713302171, -4.221103949754323, 71.22691643918462;
  -18.47282225850416, 0.774327846194493, 32.99975837449708;
  -20.15506228433805, -4.560518505463983, 36.28701745421297;
  -16.8137054358971, -5.555531649534887, 30.60799399848949;
  -18.7082347419253, -3.708649444358235, 33.77680550012067;
  -18.40675952869544, -5.772095159688777, 33.41121389551875;
  -19.98901537468486, -4.068536806595457, 36.26314874575905;
  -20.11723635741719, -4.341656859009846, 36.50917220689364;
  -20.04716797147618, -3.388824361103652, 36.39236241591924;
  -19.73730915689759, -0.8735047655900141, 35.82852236469579;
  -18.12649752141298, -8.231418829829067, 33.46846485431897;
  -20.92586632277013, -3.745047188586593, 38.21029727231443;
  -38.92514286839322, -4.281743768194025, 70.14650516342296;
  -20.32147325128518, -3.931842782204404, 37.35247749148113;
  -19.17413647993408, 0.8226285411985356, 35.25504237150118;
  -36.13970971890152, -4.490681528700412, 65.76198889146166;
  -36.11442655557644, -2.867013288640418, 65.67626937521528;
  -19.09307825207275, -3.499098285735669, 35.61673767209136;
  -36.59888583733531, -4.165019073779464, 67.0307117359029;
  -37.26045825448031, -3.501488736405464, 68.18533132916494;
  -37.6757777074675, -4.961006876106353, 69.03131544086718;
  -37.30639697113299, -3.047358471878099, 68.32500147821264;
  -19.3965262104087, -1.216054331119542, 36.4384692766923;
  -37.91405927813671, -3.880389277275201, 70.0591938911443;
  -18.78376766611929, -0.8611310678765947, 35.33141876249744;
  -37.66821999347828, -4.586678369017932, 69.68928103549845;
  -19.05921221775469, -1.337683624566946, 36.12932101806361;
  -18.98394934841117, 0.527377907708301, 36.02037994072477;
  -45.8037497003568, -18.85059006618813, 86.6794234795909;
  -39.1811599792734, -4.812752270728529, 74.01062370106247;
  -42.14999359633026, -16.25747933128993, 80.34459542200234;
  -34.32657068015184, -8.964601203775329, 65.74306119725773;
  -45.51346276367789, -19.16098801190319, 87.21489135773395;
  -42.52078874003961, -18.54533233771901, 81.86635295587654;
  -4.902902467590202, 1.579634751406671, 10.42989459853162;
  -45.78527259322341, -19.78405683525558, 88.76214190597459;
  -42.03347967632704, -17.96853902317471, 81.89288689065909;
  -48.3796630652724, -11.52416764591006, 93.51052886205956;
  -46.20091910239364, -20.52037627854981, 89.97013439309428;
  -43.8712204450135, -17.34020999371433, 86.07812075337756;
  -43.43809587260143, -20.41569103050342, 85.84133883457189;
  -51.33887008517787, -18.67741534778013, 100.955505195869;
  -43.54823636478901, -18.98191984618357, 86.13702323565241;
  -48.21491235331005, -18.4317860679391, 95.40185847234095;
  -43.46316477753977, -18.66892734063369, 87.10742281615039;
  -43.55290832154066, -19.35632886081867, 87.37096949567804;
  -45.04218803940294, -12.93322429190156, 89.97559393586538;
  -45.94688434029693, -21.01187543182071, 92.31227523173659;
  -44.4297656140466, -10.14744310620612, 88.89497528699413;
  -45.70316746789192, -20.73415909612474, 92.36350825666536;
  -42.26729818040927, -20.29724043770385, 85.65807458688256;
  -42.94798595118486, -8.320138071147829, 86.30988091894251;
  -44.15828461355516, -18.67402668509407, 89.35523512594125;
  -41.04122555627462, -16.69301539337775, 83.3105272005036;
  -45.50207098038379, -15.71824311706048, 92.04640437332057;
  -51.52348790752062, -9.330969570434622, 103.7118143864992;
  -44.92990756616022, -16.60103179491363, 91.17567956785888;
  -42.73711872188336, -9.055891714752917, 86.54805843596489;
  -43.84352675633201, -17.18991287144596, 89.42235128565012;
  -40.05315803148455, -10.30319968819089, 81.66880245231398;
  -44.67301209051092, -12.79671800505815, 91.05732627574143;
  -39.96215332571357, -10.34220001476042, 81.69229274822709;
  -43.3028810878432, -15.06867710905293, 88.69575432918423;
  -45.25271143789308, -21.14854011020688, 92.99966678222032;
  -48.58252425275968, -14.55373391587591, 99.54574777458633;
  -43.1410472823757, -15.7201905420779, 88.75482080675531;
  -88.69409505646893, -7.90328479011217, 179.9050148246908;
  -15.21787391282363, 0.8660337620484658, 32.16670650490914;
  -13.02849530361962, 1.012108839963853, 27.77662319505476;
  -42.38252591574155, -12.44453025660199, 88.32508677214725;
  -5.543970522989995, 1.507625524055381, 12.55981753241133;
  -111.9616976965274, -10.20362090441187, 231.7897410445104;
  -187.6346785937834, -25.38625078404806, 388.9562122668147;
  -121.5939113314828, -19.32948260521747, 253.79502367615;
  -7.873197835888636, 1.327669330407236, 17.67782273384673;
  -8.624922832543467, 1.297141167529927, 19.38620067075344;
  -100.9086876961987, -9.379492690074393, 215.3351599959821;
  -142.3270353609355, -24.55449106421563, 305.2643868200346;
  -128.866783703918, -27.62586908010601, 281.6353487498976;
  -136.0512542584113, -31.75740666045734, 300.548765056985;
  -211.8948084725583, -52.86161095644948, 468.6059889646138;
  -4.086332307622836, 1.599946698714091, 10.28226759156248;
  -229.7615726748921, -53.72593447169598, 513.1780740061141;
