m=[-13.29193280304094, -3.631359664827572, 18.49238328419487;
  -12.66188008504406, -2.023428304194927, 17.77063726879548;
  -10.80115097647975, -0.2505744838243688, 15.7397562897773;
  -10.73402053991381, -0.2958323904824695, 15.82204624221815;
  -11.32443131238448, -1.035184219675386, 16.63755259941905;
  -11.39361128799417, -0.8102278992297479, 16.76849927987614;
  -11.17817428655794, -0.725887678514771, 16.57463774064238;
  -10.80961545297145, -0.6204168906777358, 16.17180989329821;
  -11.41791297949858, -1.214902420672553, 17.18852343660488;
  -11.00980623084648, -0.8352508705755736, 16.67010960933394;
  -10.95603844173059, -0.3566071462867422, 16.62599332306398;
  -10.48544616780083, -0.2064112912429226, 15.97223421721358;
  -11.23397181748125, -1.003695266277718, 17.07039760168251;
  -10.71696961981229, -0.5753887797281804, 16.34970682687051;
  -10.74347028236524, 0.1679817118349267, 16.40263164799099;
  -11.03942662845804, -0.9329609531187791, 16.84686345381049;
  -10.72890528438595, -0.6611154329530871, 16.4069598040013;
  -10.71289995084172, 0.1067215630799865, 16.42820643025173;
  -10.78040417081495, -0.5065492084494067, 16.53022868883938;
  -10.26907589913189, -0.1813981145840823, 15.81502241732162;
  -10.39584367709901, -0.60662107236804, 16.13856506930969;
  -10.30101847690262, -0.3554768822214419, 16.15331548920127;
  -9.9739198735898, 0.2688733444803124, 15.70781734064241;
  -10.25809011862422, -0.1287389428087793, 16.23701882108363;
  -10.47873146954076, -0.3981770176153477, 16.5655347199147;
  -9.979828986005316, 0.004055000068661282, 15.8311840038703;
  -10.35309202284818, -0.3140216168312452, 16.44189273812605;
  -10.44551758749589, -0.156451913663155, 16.66613446938472;
  -10.30489301193718, -0.2327946097477921, 16.4606796912768;
  -9.559458749846382, 0.1714192387793831, 15.35060464437326;
  -10.7359163103943, -0.8273354993617746, 17.10446479495062;
  -9.368295632871693, 0.1038988391301698, 15.07754068359344;
  -10.23296345469334, -0.4531569899995385, 16.44063317112795;
  -10.39122897824867, -0.3995882583278608, 16.82512989504006;
  -10.42445710876497, -0.6381980944675058, 16.96419468752836;
  -10.51048249890467, -0.4674701798609475, 17.26056603823756;
  -9.844785562946179, -0.1035386386902932, 16.31448771290028;
  -10.22601591990064, -0.5033320762088905, 16.91084269407952;
  -10.13841693169528, 0.02267836477614062, 16.90184243013673;
  -9.763244064201416, -0.04554399392637939, 16.40520785064478;
  -10.28052332553677, -0.8398394367153879, 17.25628080269882;
  -10.08038132175428, -0.241449828587488, 16.95786718545991;
  -10.04381670614335, -0.3265173243561801, 16.91376032480837;
  -4.420731058044951, 0.7820370703107789, 8.049699304653707;
  -9.77812896718055, 0.5685362957049458, 16.51564719085798;
  -9.625741510976178, 0.4454821870674541, 16.30428542118602;
  -4.36503762607027, 0.8066132907066113, 8.009441956181984;
  -9.542480283099835, 0.1231293001937146, 16.37031158532636;
  -9.94853506191798, -0.2944912364205504, 17.04655054580158;
  -9.844267416466179, -0.03799558001649762, 16.9052065390478;
  -9.7899648985659, -3.518019203411573, 16.82128033769018;
  -9.917423200549504, -3.119244737988719, 17.15531763589912;
  -9.789745461224255, -0.007166847652639298, 16.99144416926213;
  -10.04978088326522, -3.485611762047034, 17.39777460634006;
  -9.883993308459042, 0.0691066974683788, 17.17738879711991;
  -9.836160627306473, -3.308140852083478, 17.0724726340502;
  -9.836813332031273, 0.3806929338694744, 17.1035225070806;
  -10.22807819015787, -2.808256339938152, 17.84123993624019;
  -9.892382267676075, -3.398755613671173, 17.29487407833222;
  -10.04203275560198, 0.4000120770250289, 17.59422732242864;
  -4.165844011936758, 1.245024695241536, 7.940589739727451;
  -9.537080894611862, -2.712842580555803, 16.79131525275971;
  -9.446250940215014, 0.2962838955119825, 16.65837046305979;
  -9.907644810158676, -2.894491808796633, 17.45230539348649;
  -9.653223973651741, 0.2394100597540028, 17.08583013559149;
  -9.968730508316593, -2.650638738398553, 17.61088786892411;
  -9.931236062501142, -3.276874348214442, 17.55846937641198;
  -10.17750334910828, -2.392328403757674, 18.06158639730328;
  -9.639688728145748, -2.843497412440682, 17.18109876238853;
  -8.912101702034571, 0.3252075449339762, 16.02649849377148;
  -9.675435793571118, -3.559081746092618, 17.27763980682551;
  -9.636642520495361, -3.943991426302034, 17.29775914232139;
  -9.736464124327942, -3.162529599193649, 17.49743047513899;
  -9.679014322227078, -3.621823425210848, 17.45367703620869;
  -9.654770192439147, -4.033390769526893, 17.42582213527359;
  -9.323180414526036, -2.730601702099473, 16.94310814625484;
  -10.04861930794673, -2.24571892813397, 18.18873753975278;
  -9.681068613465161, -2.960106936947937, 17.5732140653809;
  -10.01048084627657, -2.055163118243228, 18.16249158571101;
  -10.03086824382385, -2.317633359772068, 18.23693465954909;
  -9.900983432856512, -4.224294650187805, 18.00529405470632;
  -9.778728289706958, -3.429805703505473, 17.84884881532299;
  -9.754868996714315, -2.732564986454742, 17.82136018925979;
  -9.577432788270821, -2.567441366505036, 17.54145913295808;
  -9.905416496134372, -4.169169987917197, 18.2249036894605;
  -9.691225317661694, -3.417385625307245, 17.88729708827201;
  -9.529971925826159, -3.564998068378419, 17.6205216924476;
  -9.686269899431304, -3.266809977687575, 17.96519792792169;
  -9.636515639647071, -2.955026740016146, 17.90209154030728;
  -9.58866374096953, -3.664503609338818, 17.83076787345742;
  -9.540919229561411, -3.686220266862269, 17.79220347222388;
  -9.545612930168536, -3.380621709814447, 17.81751441285059;
  -9.25451759949657, -3.276416751043029, 17.46190605535842;
  -9.653897087231938, -4.002670406826487, 18.82434937806905;
  -9.415330472929995, -3.786375063565477, 18.43831511573967;
  -9.122306708032564, -0.7244217688272175, 17.92719392874605;
  -8.968653684884931, -0.03203815650372591, 17.65257271748216;
  -9.45541386993072, -3.986447715522509, 18.53532557398659;
  -9.017625173957866, -0.1508670027910495, 18.08884616349085;
  -9.05548977475134, -0.8232178149780733, 18.18715094714429;
  -4.321055690991926, 0.6966533934497201, 9.267571547041479;
  -9.697996862279101, -3.933332068970743, 19.43966545098303;
  -8.846658671106049, -0.6651312156975562, 17.88841753729505;
  -3.995895711611219, 1.531410969842796, 8.692211246478179;
  -8.923720854797958, -0.8808820388686008, 18.1163941852102;
  -9.544978122850331, -4.421237411438609, 19.29179571925226;
  -8.880952118482952, -0.3100141698458077, 18.05374124958932;
  -4.310779237363779, 0.6579771781234413, 9.33076728828585;
  -9.235857240350789, -2.887101746028514, 18.73430522083473;
  -9.464551894388261, -3.962088742164479, 19.20404093264036;
  -9.185365233013265, -4.337138846992282, 18.68641061297171;
  -4.194121854875841, 0.6723015520896181, 9.18178329079023;
  -3.92884991801978, 1.584386572927123, 8.719381735507316;
  -8.866357566116429, -3.736204761123593, 18.34489827565658;
  -8.809633210505041, -0.354224410324463, 18.30771433992281;
  -9.258371571379827, -3.652145025071423, 19.204950581306;
  -8.992573942104638, -0.2561101192801625, 18.76659866280965;
  -9.153857133835677, -3.723415457356614, 19.09425868276167;
  -8.728864714191039, -1.884312177716357, 18.33107901190497;
  -9.068107098217181, -4.103056445853527, 19.03545508115378;
  -9.012680589671271, -3.047406115902088, 18.99021053755749;
  -8.734237853022229, -1.553767328301511, 18.44883266347727;
  -8.564662686630582, -0.6718817390148426, 18.25550665578427;
  -8.714607727243587, -0.3943887155723742, 18.6305336478362;
  -8.654689294385138, -0.7531815083219052, 18.58745313500493;
  -8.805783890713579, -3.443528406058598, 18.93095182067786;
  -8.865314085651036, -4.334107558176853, 19.0614124844141;
  -8.192199657444258, -2.20225633038898, 17.74224460943454;
  -9.195277003906819, -4.633086620003205, 19.76681526715563;
  -8.61201927509804, -0.07220543727558376, 18.62008780438396;
