m=[-25.09200584822503, -5.490063304171223, 34.24584953682527;
  -24.90249744065271, -4.566644277583221, 34.00028164011641;
  -24.01168271625947, 3.112538228377863, 32.73831687206374;
  -25.07415523786692, -4.805167668857492, 34.35770115312001;
  -44.93677250835981, -1.428069434761641, 60.52951173604081;
  -25.94142806538035, -6.886423583584903, 35.78508202966395;
  -26.18967849148739, -5.955180739276311, 36.11336790347222;
  -24.87139812884454, -3.376296787242204, 34.35204361704115;
  -26.56493572363742, -6.212932528442575, 36.74849611870404;
  -24.89186507931166, -3.993518478854455, 34.5339283227551;
  -25.46533567526154, -3.25968986491942, 35.31609152010086;
  -44.7191728652363, 1.881770988531715, 61.0526260906934;
  -27.49613366251118, -6.272577764050139, 38.17691635684967;
  -26.27988410213536, -5.542395885849555, 36.59236188672297;
  -25.70615791412402, -5.136662664411109, 35.83612110478135;
  -37.97757896560628, -11.10557840269626, 52.44499121740825;
  -23.814089549679, -4.416124159970036, 33.37318678842387;
  -45.45198338230101, 1.399557899420069, 62.52536634781958;
  -26.57424325166502, 2.993664557396477, 37.08675773049349;
  -26.84464021261841, -5.843559929221594, 37.59082659553321;
  -24.86981369948173, -3.899703822717074, 35.10728250967675;
  -45.81875197987792, 1.417674497545748, 63.90027232802794;
  -46.02580892190162, -0.2764124373798091, 64.41776880511188;
  -27.60455857345227, 2.98594356776199, 39.148709924522;
  -26.33983416392938, 2.839992396158545, 37.72907542807707;
  -25.97873591645984, -5.099179467118164, 37.40778707412429;
  -44.49169488231184, -1.010936535345214, 63.11547301036923;
  -24.37770992023343, -4.08164171356612, 35.24199071737569;
  -51.43421769900635, -3.785510939345818, 72.97810727151945;
  -27.72816429179574, -6.370643686831643, 40.04511753894757;
  -36.60721301901766, -13.09359344102586, 52.7039978584649;
  -24.75998895869724, -3.696757701623962, 36.32697363586581;
  -35.6611185510144, -12.85416518712483, 51.9637929886399;
  -41.74310132949111, -14.25309191574264, 60.85476841038146;
  -39.90853416823612, -12.97157877326609, 58.30984309543241;
  -33.67565211530421, -8.468045342629853, 49.37251448016846;
  -49.27836624377777, 1.391573837376625, 71.68013274802274;
  -38.72994440813537, 2.263372417937963, 56.61074428613805;
  -49.50801168991524, -3.899646309798572, 72.15158070406746;
  -48.63779274057868, 0.706628641588598, 71.06205866672748;
  -39.39989963902097, -10.85372323595427, 57.97686805991801;
  -42.64082030425485, 2.000395901375018, 62.54271235569209;
  -36.86455549436649, -13.60634720327255, 54.55210802512208;
  -39.65361255417603, -13.21944660091833, 58.64520394645514;
  -48.2569305706964, -3.055547011968764, 70.90595098510741;
  -38.25235896880076, -13.80702110819895, 56.69313721092468;
  -46.44768161772296, -1.115547801276477, 68.47823863489244;
  -39.35347415496046, -13.66100338597905, 58.70092262894283;
  -39.51281317183624, 2.097700659056766, 58.79187082127984;
  -33.16084590197654, 2.643559235135107, 49.75439789883923;
  -44.41142816909245, 0.01372011705474055, 66.73905225810564;
  -36.91200666535197, -12.35355573965192, 55.98050952869144;
  -33.4496204832319, 2.448151112287052, 50.80737368260963;
  -38.51931677419675, -14.02361618456932, 59.23349019127583;
  -38.33055496673543, -14.45840361449594, 59.01406299834528;
  -34.0884063786467, 2.404167636961298, 52.50251081369434;
  -39.08010923623134, -9.564657998024286, 60.33774878287852;
  -39.80444939010687, -11.49411963764923, 61.64412188691305;
  -37.23773747797159, -9.610526837354124, 57.7473913338799;
  -37.33994325528046, -14.52570365417743, 58.04489071469131;
  -36.79964954699783, -0.5467747312265457, 57.04602585882763;
  -42.27315489856705, -5.921401814109459, 65.53649775457481;
  -40.52015382679165, -7.565925963780448, 62.92951702526739;
  -35.63556602006972, -9.520023496570833, 55.66133702438577;
  -35.74190246784315, 2.579514142241848, 55.79167244160345;
  -43.21248677736176, -9.781829240857505, 67.43156335447192;
  -80.37210976588989, -4.868804233816421, 124.2972847020619;
  -75.69774503992437, -5.127730922867125, 117.1811140494192;
  -38.33691265094741, -14.42709629774312, 60.19202043400277;
  -36.72836321900891, -8.813511838052401, 57.63329372785065;
  -42.00266114741572, -11.10888291585254, 65.816467244322;
  -11.90707749662733, 3.551845540002349, 19.52437104585651;
  -38.82853306896609, -9.823627857775705, 61.2035763829027;
  -42.19651908002359, -7.271890239851514, 66.43880967757931;
  -57.893856472233, -5.906398216139525, 90.85575592732151;
  -42.94444948367048, -14.00844750243924, 68.15543684311518;
  -40.48771335204783, -8.872586430610557, 64.39645273146815;
  -76.83125826917022, -6.136979065981833, 121.1831080930265;
  -37.4433942226499, 2.09912525218157, 59.68878409515563;
  -41.39103493040204, -7.943957299511745, 66.20739420214056;
  -34.15667077211408, -9.812004268692853, 54.95587318546544;
  -38.25181096513405, -6.346026131788435, 61.30847978769076;
  -39.44039583187171, -9.744343979183483, 63.2876967322862;
  -36.23387428833974, -9.906099543295174, 58.28897526480439;
  -39.15184020104319, -8.966529432916179, 62.91886718412447;
  -37.31217009782575, -13.74036344485188, 60.28845198977743;
  -35.75175211590825, -13.7187932297238, 57.85821930547707;
  -41.38711913956338, -7.092534894924852, 66.6955581623414;
  -41.59797092038647, -7.574618056390682, 67.05258820423714;
  -40.98273525711883, -5.690962784618627, 66.14663163016027;
  -45.61165869083713, -10.53032263247113, 73.74924110373348;
  -39.32281620858996, -0.9896811781348245, 63.63998738754748;
  -85.90152896710004, -9.015952507316937, 137.6832044484805;
  -37.3128641091534, -14.9286739241928, 60.77648243875751;
  -40.59155575413771, -15.86292872112282, 66.03330916548258;
  -37.16910162959179, -10.49194358535201, 60.61552370617073;
  -43.0416785085075, -6.388266995802207, 69.88838548037118;
  -11.50815406264521, 3.438812526785063, 19.63463870765972;
  -44.83338894010464, -8.28207576856828, 73.17776290681429;
  -38.5003461199323, -15.99400307661882, 63.22267074804316;
  -38.16470173118323, 2.167106292714075, 62.62532302966402;
  -66.00608589617468, -7.277399998292935, 107.6146174910891;
  -71.49647965112204, -4.087023560791396, 116.663649920516;
  -40.90865525575742, -7.714353636129768, 67.42244574615121;
  -41.57734022289667, -6.314478515215303, 68.74150647006779;
  -39.17484005270899, 2.18148578431315, 64.79434353651793;
  -72.43759649612973, -5.122422861451314, 118.9213388038905;
  -70.76990578668598, -7.481389518465595, 116.2777283520939;
  -73.36402464506634, -4.324513473677058, 120.5699867338758;
  -71.45582826317103, -5.604845503284882, 118.437096617232;
  -39.52055335118568, -1.021383195848947, 66.07455290021815;
  -72.88457716623161, -7.01761685249539, 120.8534078892507;
  -46.63451281242239, -14.85911288552783, 78.03354923285869;
  -42.22262876799601, -11.80809228532541, 71.18960565656353;
  -78.25983719969824, -5.413261865641908, 131.0148943618729;
  -38.3198416020862, 1.631285969167055, 64.76880743884264;
  -51.57371009374348, -10.69602997576647, 86.95922719249731;
  -54.01309318388874, -9.532221052264674, 91.0157196487653;
  -83.17373623624121, -28.4183436248904, 139.963326818844;
  -86.48698214959056, -30.75370902863146, 145.9174124818382;
  -88.00494669355022, -31.86458036527522, 148.4799670028461;
  -56.10845283313201, -13.20037554164398, 95.11707018237128;
  -78.43977759173141, -29.02179799847565, 132.6712246131856;
  -73.25843107608147, -7.120607842419435, 123.9998705483409;
  -39.85705676779982, 0.03511228414578032, 68.01698160168627;
  -83.72724388876405, -28.27179911369218, 142.1930628874811;
  -44.13696543833758, -13.27980311050523, 75.56591492461699;
  -79.56631756779396, -11.71439236474082, 135.3651483922521;
  -82.59224421683454, -29.67875870313308, 140.8807639882523;
  -63.70947098979627, -14.30601176851874, 108.8440000952952;
  -85.14600481185114, -31.53529503567085, 145.3799802615532;
  -77.66881956715832, -28.36199242998301, 132.8024210221402;
