m=[-4.520631103074289, 0.07189700506187441, 7.967763415687198;
  -4.5063495987244, 0.1413427212657272, 7.94690311814892;
  -4.254674609223822, -0.3198853940723765, 8.603179881202292;
  -4.38693988867548, -0.05509881236796624, 8.936957859918373;
  -4.24222982190541, -0.1705747925275028, 8.815977905996547;
  -4.320895252945441, -0.1230598720403681, 9.017274430894293;
  -4.204620320220506, -0.3228396453883538, 8.8223450484232;
  -4.21425531351074, -0.7496901652372903, 8.901531237007372;
  -4.214419054118872, -0.1907279558254319, 9.009800377862607;
  -4.182195580094076, -0.3639590363060222, 8.981993657109801;
  -4.010113417710334, -1.078012991505324, 8.684897358908932;
  -3.990963724172459, -0.9389938913581828, 8.754204849147667;
  -4.040451110274818, -0.7211967058328543, 9.002896455232861;
  -3.903407903942626, -1.33766548741194, 8.734666003147922;
  -3.999149991677809, -0.5805012413826726, 9.015382276289637;
  -3.890776801324462, -1.290709450008357, 8.815655815630011;
  -3.86609152706633, -1.119511060147715, 8.846529673896869;
  -3.855519578939391, -0.8243650850569936, 8.840223113307562;
  -3.871318482194328, -0.8735791944165106, 8.963781158622243;
  -4.047916758080012, -1.421146324969625, 9.367339455430212;
  -3.827518007518012, -0.5904113537202874, 8.930285444505755;
  -3.768190205562075, -0.646536953075273, 8.969658433621875;
  -3.978699472384535, -1.404449796686513, 9.460334038035652;
  -4.043829744809034, -1.569769346130727, 9.683152802591472;
  -3.726244492881811, -0.5774124697304014, 9.026167169483056;
  -7.160113131633898, 0.4715487461873513, 16.81520730789769;
  -4.033778709783476, -1.693790489739288, 9.937982715715615;
  -3.872366111618858, -1.268480946825411, 9.632398084988914;
  -6.57631780344629, -0.03442219760256245, 15.66066983389722;
  -3.828966435323803, -1.807492187390909, 9.587788192593019;
  -3.586021670802773, -0.5564544237077022, 9.081384155064903;
  -3.694513822589073, -1.006278195778195, 9.359570325293806;
  -3.753206823956032, -1.53949322216511, 9.551152893774988;
  -3.95115239115689, -2.167762157517504, 10.02914386414666;
  -3.927562003305873, -2.047340112299568, 9.996429407140807;
  -6.495312458367833, 0.04216679302556468, 15.86295291506948;
  -3.74337625139032, -1.687695206238804, 9.661368579920318;
  -3.613349023420353, -1.234688042920102, 9.417985469734234;
  -3.634655235907422, -1.129008207034026, 9.486198769394026;
  -1.729555421039954, 0.9576748097489787, 5.118373536933274;
  -3.724227375853789, -2.014725107685174, 9.942721147321851;
  -6.133845248177646, 0.01309220329382107, 16.80158290876206;
  -1.654753531241823, 1.016732356863449, 5.459982490625705;
  -1.627245881743253, 0.9711601718008689, 5.449587847437928;
  -3.32932895414715, -0.5985639557660026, 10.00641052160118;
  -3.133175447519462, -0.3349309822142264, 9.500660869149421;
  -3.257222016369371, -0.5369858091258983, 9.867788227758052;
  -3.185689910258192, -0.3830546908030618, 9.716407355053535;
  -3.202294803855299, -1.023276820706032, 10.22430267216315;
  -5.096846985035799, 0.1516171197133781, 16.26326557997891;
  -5.177267675321359, 0.235045348856973, 17.53863353555684;
  -4.554459665642449, 0.3472986543112956, 15.71032859258117;
  -4.606264160021949, 0.739613170400336, 16.02317197325908;
  -1.484945301465708, 0.6742780711114595, 5.975547518381807;
  -4.502707643607451, 0.8153751139878027, 15.90054560662191;
  -2.870943152496617, -0.8890816608228732, 10.66474988304302;
  -4.430443690976292, 0.586254202480605, 15.88753792143219;
  -2.77920706591457, -1.266503741268277, 10.36855950223832;
  -2.719993935419431, -1.646136325481246, 10.19825748651617;
  -4.410539425290584, 0.4309678946587918, 15.93833737217245;
  -4.482296412161562, 0.2864928895453978, 16.19110250532086;
  -4.412154891959161, 0.1503178115168365, 15.95766909321955;
  -2.733075406690683, -1.442600184075304, 10.35900188894015;
  -2.704743182993696, -1.12862881327146, 10.26303213531824;
  -4.615504807501485, 1.327951602517912, 16.79180471073493;
  -4.545865384666306, 0.9299533292714162, 16.62558101429805;
  -2.862457697610332, -1.957815213373717, 10.90659380007901;
  -4.383907292742117, 0.6198318954529944, 16.16794909873421;
  -4.347699132659127, 0.3385274042479481, 16.0366447038394;
  -4.581240579259688, 1.400956215320442, 16.88547959612162;
  -2.804179337084639, -1.762354670520873, 10.75990102206451;
  -2.645159259254812, -1.581906146504031, 10.2276636093047;
  -2.699710705513679, -1.455877238982138, 10.4182634226977;
  -2.65292614462416, -1.476249735495757, 10.28590958799278;
  -4.505665576677443, 0.5108693995983804, 16.73320891829338;
  -2.806575185073629, -0.3684160572892773, 10.90531455506788;
  -4.269661356490035, 0.7432260061783425, 16.05361848803436;
  -2.648590176154297, -1.122030366581221, 10.36678885241438;
  -4.681120953772606, 0.9604445136597971, 17.58680365060885;
  -2.687163988827049, -1.475030688085867, 10.54876326503553;
  -4.425003725327635, 0.5126367123736462, 16.69453709245828;
  -2.652305863558295, -0.9854598996596582, 10.51885024102263;
  -4.410248452479929, 1.420348649276777, 16.86053187977057;
  -2.544286171370315, -1.552690344095927, 10.21471656676787;
  -4.593912624169894, 1.064909074246721, 17.64857961160486;
  -2.525688408330735, -1.192979507243481, 10.24506827277941;
  -4.422474653340817, 1.295905174086542, 17.14551984184394;
  -4.800836065830805, 0.7271844499347804, 18.52237163058038;
  -2.66921632905179, -1.807037583531999, 10.88431606726949;
  -2.384752979188687, -1.14725770355027, 9.98273480823414;
  -2.476192787007725, -1.550305770800211, 10.30809008626519;
  -2.3556091062272, -1.188528474741752, 9.974907730336694;
  -1.557819531513297, 1.040032634095421, 7.047106297052799;
  -2.445005949423111, -1.605248506635037, 10.33078963024215;
  -4.132466482858267, 1.669801234725099, 17.03461107977795;
  -4.20234734900511, 1.767572133611491, 17.51246871150273;
  -1.591099167771623, 1.62758084453489, 7.374943688518402;
  -4.25418073906595, 1.575564021061776, 17.76870538557881;
  -2.561814999094696, -2.019814614162293, 11.13199346816944;
  -2.523251657587149, -1.821363751823956, 10.96873808585939;
  -4.580985623632713, 1.433009867411739, 19.18073533721226;
  -4.136162934900941, 1.661887136199601, 17.60620334092476;
  -4.435853616604675, 1.468127815353546, 18.88673190806518;
  -6.108863393184736, 1.594676744470384, 25.68676822113311;
  -4.19122338572245, 1.799024844304815, 18.41916992689648;
  -2.431648893636852, -1.953060354775037, 11.12887560742342;
  -2.365521395171141, -1.774339940919587, 10.92087457979723;
  -2.326998814362071, -1.385436877847369, 10.81217837924445;
  -4.155104312364245, 1.613928777939532, 18.57706006017589;
  -3.933514829770765, 1.709895460182465, 17.74817904391861;
  -2.35433523304135, -1.651888849915119, 11.06627863807744;
  -2.456849845612134, -2.428200595991455, 11.5321686823534;
  -3.784194734199209, 1.749761501581066, 17.39693124063759;
  -4.091524648828837, 1.752319671046914, 18.74062801121718;
  -2.370493103156847, -1.997334422931361, 11.45529454359129;
  -3.885783558854699, 1.497191317954601, 18.28196873045312;
  -5.910822092985414, 1.576532405950479, 27.40729612025387;
  -2.273551370343823, -1.132455982067381, 11.30742093807427;
  -2.17801255662004, -0.9882187947963208, 10.93403896960962;
  -2.284406004015922, -1.934595364053331, 11.53167492475109;
  -2.317186146938914, -2.201634481748335, 11.67450451589094;
  -3.787666271277097, 1.364832911535526, 18.56344402089048;
  -3.67976794048094, 1.754054169369892, 18.17281166030336;
  -2.167422349272765, -1.317448469993394, 11.15798389491811;
  -2.21051542272787, -1.969715718401606, 11.39997985051991;
  -1.551185810782017, 1.857691873016078, 8.468340708790231;
  -3.674134792951095, 1.39309057696602, 18.61288070812981;
  -2.188701413743958, -1.381311708535701, 11.54456155395732;
  -2.134700636017076, -0.8232609186975609, 11.33731807230966;
  -2.463915787864927, -0.6191115705942597, 13.06256583852152;
  -3.118090774319767, 1.745615568106171, 16.41332205357722;
