m=[-19.87285404491847, -7.23505246086271, 30.55969325839325;
  -19.40464341059914, -5.008060609943594, 30.09225620619799;
  -19.88111105969897, -0.2953965401835965, 30.81927109564923;
  -21.4689126233172, -4.008676870409369, 33.34213162709483;
  -18.86445344077848, -5.039629226179082, 29.46552610267617;
  -18.27033258775292, 1.31858065854139, 28.51925445356898;
  -18.96095070391375, -5.014800862349391, 29.71104108250354;
  -19.16656479572659, -4.599299585299979, 30.0757279064994;
  -19.49351632127566, -4.931864143297856, 30.7267058742975;
  -42.9719299456679, -2.60316563872913, 66.45706111500635;
  -43.6288418341384, -2.95539796177281, 67.53802623993397;
  -30.16750717772066, -3.077723983810352, 47.3433942060725;
  -18.94814752893424, -5.180297146503836, 30.48164526483817;
  -20.19044356751513, -4.988353262295926, 32.39842406344823;
  -20.56091180517803, -3.411082516537263, 32.95421089927559;
  -22.86879453464231, -5.237396715894833, 36.75123924182374;
  -20.94227849672859, -4.545696450130168, 33.89581574495952;
  -40.71465847986175, -2.394852844174157, 64.65420605532091;
  -21.72872106070481, 0.8436140382237068, 35.12075760816727;
  -5.567672606744472, 1.744888826762983, 10.07362103455183;
  -22.14663924751995, -3.363478206229178, 36.61593880132975;
  -38.97167211663941, -2.755880838894544, 63.98008282597601;
  -20.27765134186273, -0.5240628122743904, 33.90227698418325;
  -21.88693054515083, -1.210650630048946, 36.73868553304404;
  -38.22339645963002, -2.998163158616019, 63.35477748371797;
  -21.90813018489229, -6.126885761746227, 36.93827679714035;
  -39.98255307898702, -3.8496791667317, 66.29698605080438;
  -20.94774134066476, 0.0184540230968573, 35.747801089918;
  -45.84941069155152, -15.66557385771851, 77.15459643229121;
  -46.06764216182913, -16.38108796800832, 77.7235021539616;
  -47.35124518335587, -17.14480394829299, 79.88995603679659;
  -44.44268548926972, -16.4432725382349, 75.16932977104223;
  -40.01917576268322, -3.889802888175178, 67.73790458152755;
  -46.80323332441162, -16.3756297542458, 79.16926171386982;
  -43.1128506560573, -14.55772095622789, 73.21808290667991;
  -37.48822996562267, -8.418011494005814, 64.04650427256247;
  -43.19164421279797, -15.77210897537418, 73.85144967250005;
  -47.43092854718746, -17.5668644566068, 80.9845097396454;
  -47.60491925029467, -18.266355892556, 81.55132126944687;
  -46.7789407434665, -9.501035546948543, 80.8970610473401;
  -44.16830479210935, -16.60805582144918, 76.55825998442037;
  -45.81072721020728, -10.90217554070778, 79.2756546743632;
  -45.58484973611029, -17.82060852896334, 78.98714567082759;
  -42.75967653986979, -14.82811300595859, 74.7290312221927;
  -47.48287743975288, -17.38277801228119, 83.11023004317086;
  -45.44039634590209, -10.76563474296641, 79.58182349669154;
  -45.76020751517463, -18.93345404533787, 80.31523189047155;
  -41.23641439516582, -12.81682597384216, 72.48035110315351;
  -44.17696247612225, -14.16137955614473, 77.62479867172766;
  -44.05704879407205, -16.86447406551788, 77.46546882681641;
  -45.34711886609696, -12.21041204982422, 79.76284396221544;
  -42.93691408146598, -16.20815257206141, 76.52222991745714;
  -44.74203217845292, -11.07732273848801, 79.69683675032138;
  -44.25826385529114, -12.45429620222852, 78.97113012001324;
  -45.11458675117049, -18.1763521939457, 80.56655009507878;
  -45.07245011541524, -8.728769794253935, 80.49110025465735;
  -42.45011280454394, -11.71837441757464, 75.9988849044251;
  -43.90654989545138, -16.28632883725369, 78.93976810228128;
  -44.01491753386231, -18.62735145125654, 79.17348657893508;
  -45.30517698477208, -13.61324108390251, 81.572275745415;
  -42.96126877593426, -15.28268191039483, 77.45616833560563;
  -51.33371383563285, -7.737408693548233, 92.36313615313051;
  -47.05933835763037, -15.17552799893501, 84.96708516812656;
  -42.31530613340704, -7.559377086810428, 76.46453031320547;
  -40.87058507275725, -17.06931979562182, 74.08771843165005;
  -45.07999878624798, -13.09771364262215, 81.70912043753421;
  -35.66570679001611, -7.877109264250402, 64.92961721569638;
  -43.30443308028934, -10.68755031260436, 78.63319083712659;
  -42.84891271648453, -12.95464012756564, 78.03839286421817;
  -46.93226677779287, -9.09044402920393, 85.31331277825558;
  -45.37029687377386, -11.11722115802909, 83.3944759826047;
  -85.54621768689918, -8.269395406051832, 156.9721194172165;
  -9.666394149721667, 1.486889954076683, 18.8918977333996;
  -119.5993549860493, -13.12909464685277, 222.1723678610679;
  -103.7462547855618, -5.319464296251568, 195.5755282997944;
  -124.3799033041902, -16.23458706828176, 235.0334413631751;
  -152.8957558460323, -28.03455780829293, 291.4209793358398;
  -98.13935235020726, -6.819697135722141, 187.540618303143;
  -118.298194826044, -16.84740485000623, 227.0523071260378;
  -96.77645832882725, -9.197180390620245, 187.2463588485259;
  -108.3108600911492, -19.53764790992784, 211.3307698824742;
  -83.1762279389192, -10.29867765695774, 163.8872940908003;
  -121.6307797944537, -21.66858525206834, 241.7535833218595;
  -141.7903309360506, -28.06901929547568, 282.4574380017152;
  -103.5049657843403, -6.67762479366467, 206.972456732557;
  -156.4677060861267, -38.2523943963759, 313.2506512834967;
  -91.04206850227649, -9.595962403269072, 184.7031045370458;
  -96.79444626617065, -15.02355296663867, 196.5775200616363;
  -71.22389666487969, -4.198722313251114, 146.0347258392786;
  -88.02738302837832, -10.25968132333225, 180.6958440764428;
  -106.7296087982572, -18.11476383938844, 219.7056917454734;
  -110.3834546208693, -16.87942288186382, 227.1846624173159;
  -97.41462634406912, -15.65554839434894, 202.6914936414383;
  -66.04465136051303, -11.72557676810157, 140.4408550960481;
  -46.51120375797385, -8.442766058887532, 100.5874107464698;
  -51.68976133932935, -10.56948726490582, 112.8678708200761;
  -47.47106603778268, -10.80799642332366, 105.6257847219863;
  -37.62474899482632, -6.1862775916609, 84.1737435255649;
  -37.02897487955517, -7.344208742089392, 83.24398516919551;
  -38.6478353656094, -5.028168095965633, 87.28379687003105;
  -39.41955232555052, -6.797619817506997, 89.08053984974627;
  -32.2855146448165, -5.522123583364835, 73.38661755244334;
  -33.0151305218656, -4.688525623192408, 75.21433576176858;
  -40.56924897401893, -11.48873498234067, 92.9047830963173;
  -32.46369019791231, -4.786117044580078, 75.56212391999563;
  -35.3748015516094, -9.523200778681057, 82.37191127201929;
  -24.07565480587388, -7.745200039981594, 58.68546041564972;
  -22.82149222532493, -6.542386173757778, 57.08841553118326;
  -22.34278065147333, -5.761443049244871, 56.14082951040862;
  -24.41855335953571, -8.725792942915634, 61.48980064857791;
  -20.81577693966012, -6.887694053194788, 53.09984900326957;
  -21.30543969727624, -7.206335581467601, 55.08990571260414;
  -20.68043385552325, -7.227210667505397, 53.80305970129033;
  -21.65335134551532, -3.365414322444627, 56.28034241598179;
  -15.59304823855976, -6.953219871448916, 44.52443346022763;
  -11.78984272294832, -6.75258054818288, 34.22850880457257;
  -11.35441238303248, -6.724023058586631, 34.05218974525264;
  -11.68253577018117, -6.133142202852558, 35.0760890279922;
  -8.729938762170606, -4.462558638743347, 29.82992608499469;
  -3.359961913468062, 1.822525738432459, 12.95018069004047;
  -7.363604313518152, -5.644514383907238, 27.18976917781886;
  -7.455575155420091, -4.676414873872413, 27.5191349815722;
  -7.458506493396456, -2.486711387509537, 27.62285152961887;
  -3.144097007803556, 1.751438091707432, 12.97752913052851;
  -2.909268292402699, 1.810319636107608, 12.30948519067194;
  -3.013375835722702, 0.5583236519693693, 13.0891170012197;
  -5.116089892407796, -4.504543960743017, 22.92970437540615;
  -3.142121469126314, 0.284296951829811, 14.66478951748336;
  -5.117139184371041, -2.429302180465867, 23.1442004173586;
  -3.184935116995666, 1.556243992982347, 15.11484545609242;
  -4.816093138116549, -4.465775716486057, 22.58045034097632;
  -2.938495745084307, 0.2511597270363662, 14.32966000841011;
