m=[-10.72077991345235, -0.7080918765482472, 14.34878154936211;
  -10.37498945777498, -0.6027614981627061, 13.98410332725085;
  -10.49111803735741, -0.1493068484754773, 14.17871007482861;
  -10.23235038185322, -0.2255016302896799, 14.02558549343891;
  -10.73345113999175, -0.8241540202762151, 14.67123021149983;
  -10.53029975279856, -0.3648897187878152, 14.42061883216621;
  -10.73711098597165, -0.5914675632198798, 14.76500836662602;
  -10.37581247489751, -0.6514247797557476, 14.30545010843999;
  -10.48260551769974, -0.4048070221331773, 14.47748427038142;
  -10.79140069794629, -0.9190152825858662, 14.87586899858856;
  -10.39310887964725, -0.5042484466681675, 14.37389565028742;
  -10.42656958587301, -0.208850142052377, 14.43656910655859;
  -10.05811547353122, -0.07604645895825175, 13.96330405094183;
  -10.29481795124204, -0.5674911769537817, 14.34424480940372;
  -10.01870376569729, -0.6026312474686603, 14.0038046639698;
  -10.26543530583978, -0.2922253112949975, 14.33394774595026;
  -9.952511029550649, 0.05755825113602835, 13.94832322337583;
  -10.07470885500213, -0.3688053643009652, 14.22141363105018;
  -10.18533776116138, -0.4066067478711539, 14.51748244234846;
  -10.45074706240954, -0.5796190766650822, 14.8822123954343;
  -10.03095450974926, -0.1694572434258312, 14.4319472262634;
  -10.11634712720079, -0.4667219766346313, 14.64294523055302;
  -9.583729246207383, 0.3630504005892331, 14.4100256743157;
  -9.474435259764011, -0.07009834264121746, 14.32611781853144;
  -9.40071336655004, 0.2935210767253169, 14.30538392803723;
  -9.786214210319988, -0.3380616426407675, 14.86143409966201;
  -9.42555255594602, 0.3888499988703766, 14.35611519048059;
  -10.10632687885226, -0.8287592912512085, 15.32113742363299;
  -9.861525018513458, -2.959766801776175, 15.15514213282778;
  -9.763339625728184, -3.19917469940836, 15.00546818581757;
  -9.697985389990917, -3.300072452119821, 15.18149627143002;
  -9.73112911427909, -3.214984855861957, 15.25487484711485;
  -9.506428892936761, -2.953873657836912, 15.01387642516799;
  -9.346666232447385, 0.3436581290105076, 14.78973824872547;
  -9.002373527757465, 0.2472329727605905, 14.28493602663065;
  -9.650032201021389, -3.240628508910867, 15.24056594187366;
  -9.76648105879179, -2.622539911899505, 15.41548022081721;
  -9.802410777800352, -2.800807550142324, 15.60128041163222;
  -9.625875026044945, -2.506050188787979, 15.37170658727002;
  -9.791022038192814, -3.071324646143042, 15.65291090670977;
  -9.617289969136847, -2.218298679063028, 15.45004875242763;
  -9.856180823146437, -3.124179935846389, 15.82106835181519;
  -9.32070517253417, -3.364534785673404, 15.03910639752494;
  -9.566784396930439, -2.465165037673335, 15.44359434582512;
  -9.615023976551266, -2.671121782917757, 15.57481573436796;
  -9.418344573919917, -3.3334461129791, 15.28366716780202;
  -9.339625281042665, -2.969994995685059, 15.16646161274276;
  -9.567497793318712, -2.947609780429256, 15.55393666628705;
  -9.509095553258877, -2.731125347543177, 15.51666775610663;
  -9.579097606699373, -2.195301399048935, 15.64127852430226;
  -9.515781154192649, -2.092260012591019, 15.59351959634539;
  -9.570311698492674, -2.022821903395461, 15.6949663229848;
  -9.600564047598176, -2.877150031065464, 15.74815885790938;
  -9.444142647534928, -2.592191972522225, 15.59982055232843;
  -9.575710218334068, -1.841930495802007, 15.8261779218609;
  -9.492535775717602, -1.914960323396312, 15.75558479398102;
  -9.536043086134434, -3.276992930547579, 15.91298426194863;
  -9.399001654935081, -2.813127550280689, 15.78360343582305;
  -4.207917084561825, 0.6388479327390834, 7.642249965067431;
  -9.34811418467476, -3.484606081908812, 15.71518035682482;
  -4.198378774834614, 0.6714077346951264, 7.636539827248266;
  -9.472618427433366, -3.574014284912058, 15.96956563677468;
  -9.455664701669415, -3.257523423478723, 15.94661338683972;
  -9.061585587505919, -2.522379911810898, 15.37710024663668;
  -4.181328616013076, 0.6005178961720774, 7.668562295283533;
  -9.367746308135043, -3.01301543212451, 15.95668577871337;
  -9.101850116865775, -0.721179483356153, 16.13513591995112;
  -9.247933167863819, -3.621681968658183, 16.38732387113093;
  -8.751874238246439, -0.1993050067787564, 15.68790725461123;
  -8.903570113048502, -0.09724338431673221, 15.97571512923463;
  -8.815670565914624, -0.3494365491238023, 15.92403866418286;
  -8.778070593002092, -0.7706484976610827, 15.90643008965253;
  -8.620912620568671, -0.6381226671120637, 15.70895850959348;
  -8.754840030394238, -0.8553517779961068, 16.03007441909989;
  -8.625862713983576, -0.3212892264079613, 15.80928889436551;
  -8.786810122291071, -2.675465987705396, 16.12155050878873;
  -8.325191702189432, 0.1868789379358518, 15.57237372695269;
  -8.753796554596889, -3.572603360727711, 16.35264412588633;
  -8.612319944192247, -0.3554875302501525, 16.13876184315787;
  -8.551530115822715, -0.1348270865957031, 16.03491793146522;
  -8.860569718189902, -2.834099365506974, 16.67316487147459;
  -8.756556404788507, -0.2592184226203468, 16.49986100897165;
  -8.532568005870157, -0.2859393071320505, 16.11787883472292;
  -8.79971600403648, -3.465967811029362, 16.60741702714098;
  -8.191106786991661, 0.2871435693964453, 15.53870231326461;
  -8.571707134219857, -1.494725594691047, 16.3352275511947;
  -9.032808623729405, -3.961797104273364, 17.15609866092984;
  -8.836804561998349, -2.905142327837648, 16.83901213153501;
  -8.382040398291482, -1.745566914427434, 16.0792888920391;
  -8.098992501254845, 0.001293082814983249, 15.57217721277187;
  -8.485321641148302, -2.007717534063725, 16.28877586052332;
  -8.663094379619595, -3.355174924655, 16.64830368824425;
  -8.596805848874501, -0.4026090829685986, 16.57763018141094;
  -8.558609714009409, -3.068136381433323, 16.50275279118478;
  -8.516397458167182, -0.7505230963783559, 16.4992321821184;
  -8.635183139797865, -0.2682817886376904, 16.75039347141638;
  -8.293247639584779, -2.148755374983436, 16.1492565297531;
  -8.30452237915101, -3.25812151365388, 16.18884830589286;
  -8.51022312726163, -0.1815894026137986, 16.6452941023246;
  -8.083400853508731, -2.756322669475532, 15.92725733150011;
  -8.158159869055767, -1.870643662121965, 16.11033254103616;
  -8.35990971347419, -3.461030693986237, 16.48091084966615;
  -8.268959157119111, -2.476148173683404, 16.32459401824963;
  -8.142951316296365, -2.084859293828975, 16.12480026025881;
  -8.58181779564489, -0.7095520158129395, 16.94903583034702;
  -7.938827408926426, -2.294231106059491, 15.75542116182533;
  -7.767782043494608, -2.7019362477069, 15.43824513076794;
  -8.322780774068303, -0.7521659492651748, 16.48039292364438;
  -8.137175987483246, -2.725019182076471, 16.15000526452456;
  -8.132197055685563, -1.780219126476278, 16.1563943380501;
  -8.230013636388243, -0.8526018960953515, 16.35885719065616;
  -8.08220131032283, -2.916165654593157, 16.1222979530352;
  -7.908150801421488, -1.979213446065289, 15.85850437087016;
  -8.150209232417963, -2.183699871220811, 16.3152802744029;
  -8.509026817014155, -3.395641588290659, 17.00187348847101;
  -8.137791033424342, -1.604878988487307, 16.30232134994171;
  -8.073344174693249, -2.443450834195406, 16.2566252316971;
  -7.850794869623612, -2.614103253686754, 15.82946613480573;
  -8.105543190817645, -1.672358850389917, 16.36990286444985;
  -8.275180791244743, -1.072229523497521, 16.80806531784767;
  -3.615489017959069, 1.78882587409289, 7.94348429061564;
  -8.044476943662478, -1.482256931610124, 16.39522770017038;
  -7.933080254993455, -2.555401934815202, 16.18377872553909;
  -8.145417987564668, -1.574743969558666, 16.69090803339273;
  -7.832561332106287, -2.218618505815618, 16.14668237741475;
  -7.969095977577455, -1.656093284412141, 16.42487444634864;
  -8.026746518600911, -2.721163334860573, 16.53976715182112;
  -7.855439713617161, -3.42158164789632, 16.23947383257949;
  -7.782509772805287, -1.271284030765925, 16.14732897660671;
  -7.787519751943753, -2.442582701468547, 16.20879153190739;
  -7.865215752033437, -2.23296585468256, 16.461860105549;
