m=[3.573695884174944, 0.1063645866906761, -4.459017199714118;
  -4.213797613767945, -0.1309161765856142, 8.17385883968417;
  -4.004996951501769, -1.365645981024563, 7.891309390001815;
  -4.053582669116595, -0.929475378097492, 8.004815525833488;
  -3.948244761406131, -1.373352853611064, 7.847023786398098;
  -4.112715662596262, -0.3716840277774549, 8.143812980632118;
  -4.006966843632781, -1.445766894419106, 7.993059175409266;
  -4.075727626576084, -0.8679101116769796, 8.115139228626099;
  -4.000474085206321, -1.071854046389375, 8.008242987310773;
  -3.98565854886863, -0.7343883328232894, 8.12306131293122;
  -3.978984953662844, -0.7692524275993127, 8.153402566845585;
  -3.865781854695503, -1.21251594688712, 8.046162858842184;
  -3.896000565857281, -0.5887257518411587, 8.175913185803559;
  -3.856712171424372, -0.4891534891498316, 8.209110835398139;
  -4.107054014545001, -1.436555798270187, 8.725978324067585;
  -3.756373884302341, -0.868480586624489, 8.117121556512682;
  -4.047794349055294, -1.382390801319938, 8.682998004321375;
  -3.774059862989115, -0.4823199424941488, 8.175761203243757;
  -4.182701261544557, -1.94655112864559, 9.088197333104573;
  -3.999769872563083, -1.497145856906808, 8.871368929155297;
  -3.828892425703398, -1.17444204198029, 8.551934309407782;
  -4.057209840878825, -1.558326900575665, 9.02590211509292;
  -4.003649105039222, -1.627399061257061, 8.932495788094007;
  -3.912208741906968, -1.238784936657574, 8.788900316812491;
  -3.713128617764439, -0.552602430471243, 8.421046893688763;
  -3.784471417907283, -1.082000035089103, 8.574644900721236;
  -3.884875177770804, -1.413511247596185, 8.844221053270905;
  -6.842335052203509, -0.1949296692376834, 14.76347042926177;
  -3.921490057616049, -1.548545374168729, 8.98537935241238;
  -7.057040081632234, 0.4240927341677915, 15.32169275691751;
  -3.840171746713441, -1.369670313704753, 8.838061618631528;
  -3.718459660536597, -1.610395341028684, 8.650346655864224;
  -3.737616107352964, -1.229260847219766, 8.77155435101373;
  -6.708699652141243, 0.02370697533582675, 15.10002274462478;
  -6.364271314150313, -0.2278368152408336, 14.38021523588957;
  -6.384213154050321, -0.1924758899464887, 14.64728116038643;
  -6.475684658221659, -0.06640761055436398, 14.84725973419377;
  -5.60300249829478, 0.0381784540695751, 14.00469644469463;
  -3.417021286444203, -0.3266953499029701, 9.147746301817394;
  -3.362495398082643, -0.5320020744337537, 9.128015972599224;
  -3.262580069467644, -0.4321980920207279, 8.970556650615711;
  -3.411054838703626, -0.8595755672247384, 9.338505340290997;
  -3.280070595782916, -1.592087054932297, 9.600214116888626;
  -3.265822606486325, -1.623535337558914, 9.561612291049581;
  -5.263482815619646, 0.5037396359484072, 14.82092583726741;
  -3.205418461326496, -1.331213769307402, 9.470704184096958;
  -1.671944609606019, 0.844665543076932, 5.478152705649866;
  -5.282279106673508, 0.4746506208724927, 14.98139202512375;
  -3.200007676976553, -1.561172863439511, 9.579101117225903;
  -5.149156266837561, 0.5220285419201483, 14.78408981867449;
  -3.108371254026334, -1.483767776517328, 9.40808779208384;
  -1.553720244994462, 0.6904346471279647, 5.347604793891089;
  -2.946333829757873, -1.550848108427592, 9.194986899852406;
  -3.018843812319501, -1.54448952211993, 9.428539162104945;
  -5.169588636113195, 0.423212992580092, 15.80039488088274;
  -4.975379432506458, 0.05907459895025442, 15.28910425957565;
  -2.869971671320002, -1.144106330432092, 9.279538315623503;
  -5.165821163701399, 0.5334371889014832, 15.88180418337417;
  -2.924211062541448, -1.419025282618516, 9.497954231647865;
  -2.893488588887705, -1.556945946877656, 9.463879203477688;
  -4.71281382956212, 0.6997445508568477, 14.87054958801732;
  -2.81855848005483, -1.604344188724235, 9.391213665312289;
  -2.723263821346388, -1.355757090696397, 9.180778479631053;
  -2.792763104545533, -1.48408913010065, 9.39011157781499;
  -2.773363955742802, -1.09079564429917, 9.343711229009474;
  -4.706284242955037, 1.472360041484219, 15.12747367830124;
  -2.899307585476471, -1.312638069375565, 9.742284573197454;
  -4.597719260149591, 0.7313351912858807, 14.83838930035715;
  -2.722931002095527, -1.321864000914557, 9.247818804791672;
  -4.866183841192465, 1.196044231519093, 15.66371312021385;
  -4.533891781614651, 0.8449322404880966, 14.73499002756621;
  -4.975046899392877, 1.140371378179693, 16.10877134377503;
  -2.742725447940078, -1.391100714409217, 9.402653735826911;
  -4.525097274554819, 0.4132695883307387, 14.7989003438954;
  -2.645770603497996, -0.0214519523991068, 9.158247899636569;
  -4.726367736245969, 1.266356483570258, 15.57494601747655;
  -4.76453364967916, 0.9073607844495496, 15.77365718073238;
  -2.684272215927796, -1.160149315598033, 9.371445839132994;
  -4.45556438417788, 0.3955173387203245, 14.83612735824622;
  -4.423487736572083, 0.3066544579795067, 14.7602908004421;
  -4.528597214997911, 0.5733811543645865, 15.10001903254334;
  -4.615291086505053, 1.316778374142947, 15.40941349327964;
  -4.575386575085602, 1.425085013745487, 15.37899752700899;
  -2.653042174525545, -1.131480251385682, 9.383764436573953;
  -2.659695571015752, -1.526192131520797, 9.461092555484349;
  -2.667677843770987, -1.494906406763668, 9.520516303965376;
  -4.821971436738268, 0.9195384587596081, 16.41338708233193;
  -2.703551511493855, -0.136205257072631, 9.763263951669272;
  -2.618945823237422, -1.391473452916701, 9.493884312640564;
  -4.754823313850008, 1.022395980345141, 16.52900873925121;
  -4.688980856907344, 0.6857348508553977, 16.33891789449544;
  -4.63806961779593, 1.25482024492412, 16.22828708992094;
  -4.350124861599034, 1.5848225649277, 15.29701430231994;
  -4.943766456287746, 0.7032863525122205, 17.26170002339919;
  -2.4987580724249, -1.174873478145081, 9.329869361115696;
  -4.695934920767201, 0.8700860381490897, 16.68849348826847;
  -2.554059023865518, -1.615427753509378, 9.716835846384566;
  -2.502025192818485, -1.319380857001542, 9.54606125156316;
  -1.590759988950889, 1.039630441249142, 6.537537488534864;
  -4.263593090069896, 1.596041026219563, 15.81664585409091;
  -4.408166260149268, 1.306629202800737, 16.37260908263473;
  -4.355588995819283, 1.695780888169301, 16.32180417514108;
  -4.360396400985866, 1.489784152349575, 16.37902642542043;
  -4.245670859244978, 1.569461208704979, 16.22073663853201;
  -2.521161676218804, -1.61681569695397, 10.13242709498141;
  -4.644512711162562, 1.422996644881953, 17.80339538823991;
  -2.403383407337723, -1.674245917702006, 9.776663450005886;
  -2.278337342025314, -1.380949174374023, 9.401057032131497;
  -2.476394073416035, -1.610762718735873, 10.24055818791663;
  -4.352758734245171, 1.556410039936492, 17.44416596618413;
  -4.17485508418383, 1.670646001451188, 16.84850099922868;
  -3.92863816414817, 1.670106853917738, 16.1351767068217;
  -4.247965192966106, 1.674506015177402, 17.43044197370876;
  -4.152863724787806, 1.468624489253849, 17.44820057547564;
  -2.420794108407165, -1.881273690003894, 10.7052065460841;
  -4.288606246019425, 1.35206355472282, 18.24959396870948;
  -2.109621236725538, -0.8143633400789344, 9.535886987286204;
  -2.268856163275351, -1.269480997827581, 10.20179345842941;
  -2.232166765982074, -1.425210992861196, 10.04225602715028;
  -6.193315377758881, 1.51701942803746, 25.93617639987432;
  -6.19395404579814, 1.311399709724281, 25.98447421312619;
  -2.405774620645683, -1.859148662712282, 10.78838863721983;
  -6.250566736613008, 1.754842108787931, 26.35986145919948;
  -2.007088124453079, 1.754959648669727, 9.29951608737117;
  -4.074089114516989, 1.343369924856374, 17.78996606154879;
  -3.817774512835346, 1.661696934491514, 16.76070362832358;
  -3.448777264147947, 1.699796505251197, 15.33377108313327;
  -1.924482244388457, 1.780287892048391, 9.091767961661487;
  -4.013379987341998, 1.611744712224335, 17.91189211908286;
  -2.309368841203023, -2.249426996662429, 10.76303802210409;
  -3.975770500545519, 1.367947136845954, 17.86673254711149;
