m=[-4.117999040748621, -0.5203161149083133, 7.515843521682064;
  -4.023813007823151, -0.7530305285584731, 7.397124860080035;
  -4.078715675772062, -0.5051875210616466, 7.522839071001195;
  -3.823468664422544, -1.150286436073842, 7.24304521185418;
  -4.108349859979242, -1.430731583604859, 7.902506026221995;
  -3.906280270018832, -1.201012280766942, 7.871795823038663;
  -7.418843877141168, -0.0109905070451592, 14.26490359804151;
  -3.90174306567277, -1.526618405608225, 8.083741101730846;
  -3.852361957739296, -1.330787923068144, 8.057045204204481;
  -3.742945094010531, -1.13025853954024, 7.93832410512318;
  -6.649102564496092, -0.2669430748248893, 13.32140726773809;
  -3.835317651034317, -1.466114287092067, 8.150256572033674;
  -6.684870941569069, -0.12614931024481, 13.60100512909621;
  -6.693187138029454, -0.04779891905407129, 13.95675347864859;
  -6.593302411442433, 0.1392183475290073, 13.88703620886529;
  -3.557412287157, -0.5169520899630529, 8.403852156023996;
  -3.418264034910591, -0.9382217253823083, 8.513465162797171;
  -3.338209626201907, -1.629925829913343, 8.66513875371612;
  -3.336773748695479, -1.563131357324434, 8.695896570696608;
  -3.404825382773538, -1.859859807503956, 8.860406791437478;
  -3.289643268716472, -1.609168564979323, 8.683008760037245;
  -3.20752644114678, -1.314665739118037, 8.534303763568792;
  -3.10042927528783, -1.550842986464265, 8.40014432502989;
  -3.185670340157031, -1.492301946167647, 8.668271121772163;
  -5.418216049599179, 0.4177662864849269, 14.03536109218944;
  -3.063858178172005, -1.566719908618901, 8.431227354416633;
  -5.388186814408548, 0.3969506431655875, 14.07234192270484;
  -3.201929494805229, -1.175589439147157, 8.842613643951159;
  -3.047473894244448, -1.443133257110025, 8.57578845464117;
  -3.166429778589637, -1.911938952516629, 9.052822199325133;
  -2.976742012179164, -1.177022012102882, 8.607186960286814;
  -2.946559993202812, -1.394528222846936, 8.584956985220899;
  -3.187572489874355, -1.963478888682882, 9.235455656504083;
  -2.896356454675765, -1.577786216597203, 8.522404089807541;
  -5.447182883547349, 0.2236697343871636, 15.10926666229928;
  -5.325678461617002, 1.043704302466378, 14.79327851280756;
  -3.060364357267863, -1.951586686505378, 9.047277106740866;
  -5.047401550096511, 1.194724240603482, 14.17241689829933;
  -3.121545506636532, -1.95033294905639, 9.218913690326284;
  -2.901076580107104, -1.605926695767273, 8.647065144652315;
  -5.342898817740976, 0.337303330259137, 15.00641182865001;
  -5.209862424186774, 1.093944546101973, 14.70915196338227;
  -5.261806451385898, 0.4450443484344072, 14.87882121451206;
  -2.887761226208587, -0.2093819620411123, 8.663065957044502;
  -2.861668805224856, -1.270489433363225, 8.617310711698748;
  -2.883705036093743, -1.114071389029915, 8.691710538883338;
  -4.762383803042199, 0.6005812449939527, 13.76525170627594;
  -4.835449606467308, 0.6981918224283387, 13.97414940653498;
  -2.817764906610205, -1.395789473155078, 8.643210355395647;
  -3.022823483581566, -1.885724874514149, 9.210779308549677;
  -2.783772851477379, -1.418306690357082, 8.560763942001209;
  -2.721324110929576, -0.8850555923394098, 8.399679609210669;
  -4.817426245466698, 0.6951511071610848, 14.10700454562455;
  -2.761085737945714, -1.297621251701538, 8.584702304103539;
  -2.769868760397711, -1.394197314115584, 8.63967368670172;
  -4.984553922615802, 0.6765258758213818, 14.70525625098936;
  -4.948995403351826, 1.085600992145569, 14.61780009978438;
  -2.761464519040814, -1.629546370069251, 8.665420871229689;
  -2.678891338822734, -1.126310371858574, 8.472975830366895;
  -5.120929163675817, 1.048025526716577, 15.21693972482524;
  -4.966437456172417, 1.252053991653924, 14.8549785126399;
  -2.792416504742854, -1.559863225359837, 8.8652949758613;
  -2.761139410683571, -1.669812295811689, 8.85304124790035;
  -2.633289142224096, -1.17062886464205, 8.488356144817093;
  -4.919783047541058, 0.8203161291016429, 14.92054030932592;
  -4.687729328614103, 0.499046497056918, 14.29300739585265;
  -2.626550817284899, -1.452735701967879, 8.505564940188945;
  -2.678966898099186, -1.395609672763126, 8.680147680989764;
  -4.795786730225555, 1.224872800350303, 14.65242281508149;
  -4.689192988341735, 1.488792034880803, 14.38583636407121;
  -2.541565155720692, -1.109401915424048, 8.331625791410005;
  -4.70699064099785, 1.319137642892395, 14.46933212832358;
  -2.539986387409994, -1.508427797600402, 8.440806905196968;
  -4.641852410610666, 1.24105193668278, 14.64930477018024;
  -2.583871570554078, -1.383422044102473, 8.660844646989723;
  -4.436423843608355, 1.517889312086937, 14.09043921270071;
  -4.60841721240946, 1.436264950665473, 14.61010389843367;
  -4.953362053988058, 0.9292320995622136, 15.75341984599108;
  -3.546316201446127, 1.637897650560533, 11.6116834537465;
  -3.534750445753847, 1.566001005701112, 11.60600021764974;
  -3.590361388646732, 1.541796342368857, 11.80835963369855;
  -5.333185504759539, 1.005743479311162, 17.17431430198243;
  -4.140805710118229, 1.576634730093728, 13.63212446967466;
  -2.466133526761346, -1.431937248299965, 8.591667441194133;
  -4.618348827088971, 1.311346019713615, 15.19024434822877;
  -2.650302216838642, -1.918625755620283, 9.293223541984727;
  -4.564832712389826, 1.467492162613312, 15.31895784547579;
  -4.518429378217429, 1.519512901981255, 15.25731907524044;
  -3.889545963842441, 1.575488633342133, 13.34364357437632;
  -2.572700980576586, -1.848556830423327, 9.254521845777534;
  -4.499010995944905, 1.576650900318285, 15.36676203543327;
  -4.626734988017512, 1.409582202533023, 15.84427658555701;
  -4.908779717155364, 1.254123755283303, 16.93363483153236;
  -4.450068383575903, 1.472330911983843, 15.48454368234606;
  -2.625710731241348, -1.647786559922449, 9.657324392251038;
  -2.547996737825063, -1.305199058734029, 9.406027815338575;
  -2.58881566273248, -1.944217149912429, 9.56426530573226;
  -4.757295697741249, 1.28624149810731, 16.63913607409334;
  -3.889022346196468, 1.601018434686945, 13.92930152165479;
  -2.463098587375345, -0.5058359509765052, 9.350051647250055;
  -6.863892678156657, 1.424122977265737, 24.1016053877713;
  -2.533043336014822, -1.647534509520018, 9.64807070920001;
  -4.495784768785517, 1.429992188463181, 16.39740702409439;
  -4.168037189851211, 1.584358105216294, 15.50915109459203;
  -4.460348565613806, 1.567588301561369, 16.62430243981779;
  -2.416390049041351, -1.300836175908641, 9.613603297256869;
  -4.561095540556307, 1.260699180496261, 17.60838069826127;
  -2.61927532238883, 1.583868817881306, 10.59840798784562;
  -4.045415980803974, 1.567124006935256, 16.06240966508937;
  -4.353235864119027, 1.265678182133534, 17.2154611323013;
  -3.614477365828111, 1.593940312193653, 14.46747481754001;
  -2.292447960029286, -1.36944538268179, 9.737683081875414;
  -2.263424717857213, -1.169857013014837, 9.652167081864292;
  -2.321472061006621, -1.766495034455305, 9.929162805118224;
  -1.982155163204656, 1.705124853776907, 8.630247287086293;
  -4.182073301005859, 1.257583296023211, 16.99765094004686;
  -2.285296092326058, -1.997153959629026, 9.854998214147532;
  -3.452588334039579, 1.569271523584305, 14.39115536002109;
  -2.220520704169711, -0.9665241286079555, 9.810051262717529;
  -2.104447622994499, -1.693752592609831, 9.371916325267872;
  -2.224852770522816, -1.09065682252866, 9.937066292198436;
  -2.391505390148183, 1.592746858979706, 10.58543581312451;
  -2.202043807098607, -1.156532142114275, 9.978631846356214;
  -5.906080329813874, -0.7302638104332078, 25.25119905552342;
  -2.195912184147914, -1.027411962904959, 10.15285738371971;
  -2.002037797882211, -1.472166413372234, 9.359088459850215;
  -2.363463694455311, 1.615144190399955, 10.91086159090835;
  -2.739253741913675, 1.22848814618554, 12.50927328796873;
  -6.570227894049722, 0.6075482849933274, 28.93393885295039;
  -1.93372720583846, 1.555882120830817, 9.308108300573418;
  -6.281950832927402, 1.214812040228436, 27.82602137602857;
  -2.430666535126498, 1.049752749310053, 11.54318740601871;
