m=[-4.252856310966715, 0.599709392465978, 6.453057136417272;
  -9.736381169269221, -0.3704108997804595, 13.55451555834786;
  -4.236898855594943, 0.5627185461573591, 6.494033708614619;
  -10.1244808964832, -2.561870012122841, 14.26599994165316;
  -9.811699918024669, -3.055031678730618, 13.9583571182567;
  -9.503227216835903, 0.5487436199914912, 13.60047945355247;
  -9.600767092058417, -2.513511087161883, 13.83049655991651;
  -9.569144285114325, -3.152386552719144, 13.79483066611803;
  -9.639663001257127, -2.705707486015523, 13.9103712076889;
  -9.685991477673571, -2.251583370483676, 14.03997375892527;
  -9.631337148973401, -3.113289946448579, 14.0114389726688;
  -9.562073867848699, -2.67588464750979, 13.98611107068384;
  -9.59950228675304, -3.053359692808192, 14.04535044144298;
  -9.429833823948082, -3.094040730696117, 13.84149679782515;
  -9.288791327848379, -2.04847393785466, 13.65911238504906;
  -9.506941535367027, -1.848200323036215, 13.99351601019355;
  -9.516811119656795, -2.202815299402029, 14.03120534729595;
  -9.573489380846665, -2.130105330452783, 14.16188820753624;
  -9.509223254788269, -2.85923730671214, 14.09125296015807;
  -9.557646565261953, -2.044821883363814, 14.15491515608482;
  -9.327495688651064, -2.574494350214053, 13.90780619813248;
  -9.448673791761237, -1.847175880079408, 14.1092980515695;
  -9.554682960591498, -3.27792550657711, 14.40835476557799;
  -9.568284100072452, -3.213697245401818, 14.51763714174833;
  -9.429426928120408, -3.235979795520079, 14.36772557834958;
  -9.00815918433787, -2.506976245957371, 13.77487676552693;
  -9.398626952652323, -2.999410799025262, 14.45784026656899;
  -8.612972391590537, -0.4509966929244743, 13.71633790947624;
  -9.339997851255994, -3.011749270040696, 14.79275814468215;
  -9.141879421359061, -0.8585905865683371, 14.52322155402982;
  -9.139442282243339, -0.7932104580358195, 14.64250835164126;
  -9.399586452303369, -3.316297247439383, 15.09830507225301;
  -8.878079598274971, -0.7140328341841796, 14.38562228294339;
  -8.915148680010276, -0.842434963774647, 14.57916908383676;
  -8.993894630440844, -1.024329754135699, 14.78111439591094;
  -8.887985260663475, -0.9189948553436318, 14.69061750275232;
  -9.117662888440499, -2.767023603272948, 15.10271882359355;
  -8.676064119573807, -0.6452882039410782, 14.47796645550595;
  -9.022624337056874, -3.047196591888053, 15.14311967086555;
  -8.61479993376526, -0.4154093065048103, 14.57284569159859;
  -8.656248499970348, -0.2177415916501093, 14.64587216454746;
  -8.78854741002627, -0.3392551974234012, 14.96997503343204;
  -8.838510002613704, -3.453319381948359, 15.0813729868905;
  -8.60577182189601, -1.95968397988836, 14.78578308904777;
  -8.77179285885539, -1.565434088991661, 15.09850467955325;
  -8.836792625897783, -0.3462709652658149, 15.21835984934554;
  -8.557406432934274, -2.035854623037258, 14.82975289602523;
  -8.713034426474954, -0.6121945578416908, 15.08261451975514;
  -12.5253883798824, 1.008002622578943, 21.22378271355207;
  -8.800140179795893, -3.389621113359704, 15.2915771665554;
  -8.530354972680591, -0.4605810843072449, 14.86690508847295;
  -8.535846250765086, -0.3259930460470747, 14.97313664096893;
  -8.431534155608, -2.374244013744485, 14.84191988725842;
  -8.31184614077878, -1.052175415776324, 14.67572590365242;
  -8.736847893219307, -0.6854267698677933, 15.39116966649138;
  -8.585728807232947, -0.2590460539248097, 15.17681572418983;
  -8.200330883133036, -2.78661530524122, 14.55842872666408;
  -8.653378851409785, -0.4517062635940102, 15.30215585784425;
  -8.28171654710243, -2.264884519024824, 14.71236445747192;
  -8.558606797561303, -0.3881328338807224, 15.195536529382;
  -8.334193408400699, -1.928909992613379, 14.83957611397551;
  -8.057622537080311, -2.340379082397184, 14.3996205877104;
  -8.278507769869236, -2.88134428882223, 14.7976479780132;
  -8.241987769903505, -2.761763747277045, 14.75561898639598;
  -8.201691287781447, -3.138633398920255, 14.71011924204745;
  -8.334192173353094, -2.54734678784739, 14.93512263293876;
  -8.46129420484759, -0.3699872215206895, 15.168664377118;
  -8.206745731127635, -2.948897245529149, 14.75998585907799;
  -8.128809755353728, -2.182411213984568, 14.67910613070248;
  -8.106043571659205, -1.625880688594096, 14.64938411181902;
  -7.348038159942873, 1.711027656827487, 13.39648684623708;
  -7.518081061375644, 1.813662635370362, 13.68199800934709;
  -8.43207750246278, -0.4078888174130569, 15.25028401145359;
  -8.300904007374728, -2.666285742242058, 15.04380969954472;
  -8.64106212998326, 0.1833539401054995, 15.60613106420305;
  -8.310535174335962, -1.4870031018074, 15.07210967742145;
  -8.082428687571857, -1.866647396769185, 14.72513110502679;
  -8.106136197160902, -1.980286197685051, 14.78096077177453;
  -8.324030442579268, -1.051755266915751, 15.19235669000311;
  -8.183355625351311, -1.904557968533094, 14.96263805439468;
  -8.345208411176245, -0.514819663185461, 15.27236286325937;
  -8.487521142422926, -0.3503597973370665, 15.53488307143833;
  -8.18953545838389, -1.532618489697526, 15.05512711796992;
  -8.592136993876268, -1.157897355205652, 15.76937480318679;
  -8.304418471565198, -1.028580787434869, 15.3167831999001;
  -8.131550576049786, -1.807153528363723, 15.03562106808771;
  -8.067066716008498, -1.585339090666842, 14.92712697616163;
  -8.321636563082679, -0.4628079698903894, 15.42068518481259;
  -7.950238012996659, -2.482758010084326, 14.90602051778407;
  -8.546561120163286, -3.084069302535373, 15.9720822790873;
  -8.422708065967901, -3.429548502560612, 15.80825318283081;
  -8.039948205551658, -1.254353189376158, 15.21289692299823;
  -7.941645835707671, -2.389235609518596, 15.04437590395464;
  -7.807370157857221, -1.291100279992224, 14.85548845734447;
  -8.071890497394429, -1.816819854422266, 15.42680557125853;
  -8.117765783553923, -1.079936854035507, 15.55895489634377;
  -8.015883523888151, -1.390887067449878, 15.37924260384906;
  -8.691512469479825, -3.400747458138823, 16.60612423132456;
  -7.853964859159327, -2.472735099527528, 15.16408964796614;
  -8.428124005866787, -2.935091610185517, 16.21169155891827;
  -7.676127581389806, -1.780228957956333, 14.9456787025264;
  -8.0193016192445, -2.657655907743798, 15.58226474528411;
  -8.276993231187106, -2.817130511049877, 16.07031551624144;
  -7.784110382720619, -1.580426795892607, 15.19411694643543;
  -8.328152945171736, -2.685269149331423, 16.19395525623749;
  -7.919838524678153, -0.8165793490577888, 15.48627494091895;
  -7.563409092975572, -1.347104038311526, 14.88181430827234;
  -7.510048731332489, -2.204619882160246, 14.79507118790823;
  -7.998819628597727, -1.251784238057976, 15.7009430634635;
  -7.837590910318245, -1.696418624582597, 15.45278234748086;
  -14.48510713672871, 0.5773557283260864, 27.8813063470189;
  -15.04708030419886, -0.02229121475408384, 28.93242579652435;
  -7.966715750151374, -2.127622066650572, 15.85692464069383;
  -15.1524820005172, 0.7795855492319312, 29.31903287336865;
  -14.99548415237098, 1.041178374007511, 29.18121004707123;
  -8.179150960528938, -3.041768853478522, 16.42827919348114;
  -8.021345713162507, -2.466216974681899, 16.16432803468997;
  -8.309931647957638, -3.248841211912408, 16.71210973117049;
  -8.327836899075919, -3.48032376136891, 16.75842209503643;
  -8.206170670850307, -3.301353460215343, 16.57610617516875;
  -15.87824544202114, 0.3262203562205734, 31.13998966315976;
  -8.179914528786005, -2.582390105626137, 16.60309492238361;
  -8.055247123870771, -2.782504965323324, 16.37328028197041;
  -7.775815257603441, -3.498589577797129, 15.88352786888736;
  -8.081999113012431, -3.714380473446556, 16.60497316907636;
  -8.127864172682438, -3.916073525471814, 16.79187562218015;
  -8.195249044309195, -3.206520219041737, 16.97914763307963;
  -14.35571496877539, 0.6787473597388655, 28.95749670799926;
  -7.986273903519001, -2.850315276906077, 16.61832335131177;
  -7.935367419867746, -2.741251015173448, 16.59647112997804;
  -7.535986347917988, -3.222311095503885, 15.83924653515283;
