m=[-9.134994932432674, -0.2978737930985559, 13.03167188767654;
  -9.111045663771519, -0.8615528228108903, 13.01743487996761;
  -8.915247041705314, -0.5280375106769191, 12.77833308037446;
  -8.903131543156016, -0.136321753038419, 12.77255898511942;
  -8.867756238642128, -0.332845174723548, 12.78912098711271;
  -8.947042219202142, -0.79146530985158, 12.89909136380048;
  -8.860367770216376, -0.2863215363020029, 12.86507714728616;
  -9.054783785161828, -0.6849194196668069, 13.2135790052196;
  -8.918663727033835, -0.8426667209860105, 13.11472221362645;
  -9.029146197212144, -1.029756153988081, 13.35597522974136;
  -8.857221321134425, -0.9249552366429686, 13.17040351757109;
  -8.698721141239384, -1.959032050924374, 13.4398124087254;
  -8.76196524349743, -1.543306401720346, 13.58216016792415;
  -8.762727812267587, -2.152250265324887, 13.59519164688882;
  -8.692843729463201, -1.798334510197033, 13.49697650282858;
  -8.774533797291186, -0.4228626177946859, 13.62449137457038;
  -8.753649490136336, -2.061795865872741, 13.6435784488678;
  -8.726702900151505, -0.6378994349822987, 13.60827286359256;
  -8.702781628669271, -0.7532361527700902, 13.59654716089899;
  -8.684075214745619, 0.1010046126999593, 13.594406895071;
  -8.53422515973811, -0.289977583842261, 13.38138110162885;
  -8.729834164266451, -0.5018126602479218, 13.69006698428394;
  -8.607798293925651, -2.095518388333464, 13.53973327773556;
  -8.539092320491386, -0.8266861301723678, 13.44134713530631;
  -8.459726537874813, -0.3422543309965271, 13.35727391596093;
  -8.576762387860514, -2.381265752862733, 13.57357378797669;
  -8.564412079946399, -1.105231738391104, 13.59169380914047;
  -8.282776255205743, -2.76891142935768, 13.19806874020489;
  -8.305832962291673, -2.246190240257878, 13.25751781359218;
  -8.626119171357422, -0.4798612251631283, 13.75091907669725;
  -8.371251954886049, -2.400790066292913, 13.41750741641863;
  -12.49101519128714, 0.9319284320417381, 19.48348733118924;
  -12.58237055408014, 1.022497469426076, 19.74533791833657;
  -8.523701819506846, -1.355079403554162, 13.76411690111235;
  -8.115764188299496, -2.024651524024561, 13.17427497225069;
  -8.238339720641088, -1.633694381759613, 13.36719806128361;
  -8.580486954350601, -0.2505436740493192, 13.87353046945801;
  -8.066360448437685, -1.843428478853246, 13.19837289582573;
  -8.513924608195438, -2.684189524018769, 13.87515710746871;
  -8.29514833447908, -2.002896556610801, 13.58753069294957;
  -8.05563545756157, -2.031946884289947, 13.308769415261;
  -8.231732586167192, -2.467182557125089, 13.59130395010167;
  -8.307810617169716, -1.5415776855509, 13.73668997253497;
  -8.30434676040249, -2.174344699852809, 13.74601207859667;
  -8.668197574395951, -0.3798702630748035, 14.30779604127263;
  -8.421889362186171, -1.044017080039347, 13.98960758520413;
  -8.32405638708188, -1.620685661878467, 13.84308577463769;
  -8.363825723641364, -1.838380021761706, 13.90644308049251;
  -8.783052098286397, -0.1115094740913641, 14.55039160273318;
  -8.177849739711784, -1.475517237747821, 13.6840308836302;
  -8.461078916701341, -0.5992191451466914, 14.18145163706367;
  -8.131372053262226, -1.58363102940034, 13.76273700115893;
  -7.995437057757066, -2.314917471893903, 13.60902885295895;
  -8.34543046071844, -1.168486280577122, 14.1708522199696;
  -8.381354854591965, -0.8634019508837267, 14.22543069409205;
  -8.114453285901254, -1.741631369200769, 13.83798173174931;
  -8.269729397439296, -0.904275324474995, 14.12111371468198;
  -8.259702066745067, -1.701984903469598, 14.11473441820532;
  -8.39456487478188, -3.219809180323065, 14.50704690351517;
  -8.415788739518364, -2.882328167552024, 14.62098005662943;
  -7.595128059992591, -1.0246257332156, 13.33066642354661;
  -7.790346687578765, -1.627924569625465, 13.66721959709738;
  -8.378169791762423, -2.809589373770788, 14.68330387813548;
  -7.919976680864616, -2.131714886116376, 13.95278883203675;
  -7.925243700872281, -2.348030416273503, 13.9917335474353;
  -7.728952590171203, -2.18213773161708, 13.73544816562213;
  -7.950727642381093, -1.705942714569698, 14.10702934919085;
  -6.136813614286083, 1.124917216270912, 11.07476470163825;
  -8.354578072367753, -2.867359645380054, 14.90798897261089;
  -8.313673796770933, -2.689408017372394, 14.85846509888241;
  -7.899285602061734, -2.321696779995632, 14.17599335613951;
  -15.5057255359271, 0.3939167254194189, 26.78162349380825;
  -8.077040151717931, -2.884013737165053, 14.6330856759995;
  -8.007806012915518, -1.59890951332846, 14.5182338037412;
  -8.2380732252811, -3.007164065140542, 14.94342473139173;
  -8.194535192881654, -2.584229213058704, 14.87429691314702;
  -8.024182949639133, -2.421328474666738, 14.58501410200936;
  -8.558570443229559, -3.281417393358916, 15.56061583034539;
  -8.413566899972, -3.451728729386333, 15.31199922488372;
  -8.496434202151205, -3.18241210470738, 15.49167895956028;
  -8.283853396616069, -3.288682742977342, 15.13203657617705;
  -8.099917010830945, -2.833996358089075, 14.8716949573067;
  -8.05076553084904, -2.267206442289272, 14.83851737530067;
  -15.0590917051383, -0.1147848735380008, 26.95389013550313;
  -15.22066489684237, 0.4969848998116263, 27.23327832242775;
  -7.763209034548806, -1.507041776760937, 14.43609074777467;
  -8.121034901713962, -2.157783100727392, 15.05885502771072;
  -14.79077961770227, 0.2813446649927711, 26.65210950580699;
  -7.7415759433258, -1.702445933594431, 14.51195823983783;
  -7.84755060694846, -3.016822800438652, 14.7085346322634;
  -15.29128574826794, 0.9471695206728316, 27.70215779793671;
  -7.903241697191429, -2.674840370486986, 14.92189059700943;
  -7.776876235992408, -3.254183119967375, 14.70781387938787;
  -15.6175103282248, 0.2246613176380374, 28.57376327004428;
  -7.778814075731046, -2.07888362507392, 14.82826409319315;
  -7.756196904616591, -2.316828053699842, 14.83082065871872;
  -13.39959932250891, -0.5759965072848184, 24.91561106345636;
  -14.98960323599578, 1.360864466877124, 28.03233984523177;
  -14.42298918935064, 0.8103042683882751, 27.09025252277659;
  -14.68003354460913, 0.8619007281728716, 27.9501422021156;
  -13.88534253499221, 1.367240732036458, 26.6575425873985;
  -13.95466657098099, 1.169263597984352, 26.93000831239318;
  -13.16451925929569, -0.1844713211527979, 25.52640816528647;
  -13.49434826495875, 0.1994768014284229, 26.37676783016984;
  -13.07076595852112, -0.321463470402113, 25.76462884997187;
  -13.77853485865242, -0.1140289411035188, 27.26328150761218;
  -14.80421315059688, 1.241227593246491, 30.09065397847413;
  -7.384788423578967, -0.7258867198557231, 15.68951474751747;
  -13.86472106094304, 0.9045899174801874, 28.98836724036526;
  -15.17460677799859, 1.555177335111945, 31.65392009440868;
  -7.269020764494727, -0.7590200257934158, 15.82264665404636;
  -7.388495118117694, -1.308545650661799, 16.17730772488611;
  -3.649547845866403, 1.103130820071223, 8.571540041103637;
  -3.812343250506577, 1.293485666078811, 8.919665627220754;
  -7.313669274327451, -1.195926721588759, 16.12485456542514;
  -7.323146059057252, -0.8998405295800647, 16.18671403307149;
  -7.37061277155252, -1.036046876263921, 16.41128606174128;
  -7.365284282541542, -1.980963517726282, 16.50092569965331;
  -13.13251480814809, 1.377892056970881, 28.68590837908619;
  -3.61181670785816, 1.595046118873935, 8.689413325023507;
  -7.145476864314722, -1.819751207974988, 16.1318037539325;
  -12.24663108382464, 0.6778194776780615, 27.0929201834647;
  -3.503290078742319, 1.390854080337909, 8.595073156046254;
  -7.001378779858295, -3.430070816312698, 16.32257454146958;
  -6.944236487715436, -3.293606958187276, 16.24336531362197;
  -6.946198546538105, -3.168980437189651, 16.31931069354314;
  -7.349510588407233, -3.895597477473854, 17.21317235781347;
  -6.768847880800515, -3.331955532779732, 16.04018372841079;
  -6.811212812478971, -3.238453382049357, 16.20247166538433;
  -6.623257808418881, -2.643101251184106, 15.86852690522058;
  -6.853654349560309, -3.66904809701955, 16.40913823895819;
