m=[-3.982672925818061, -0.9616322177232036, 6.523655567990573;
  -4.023481590180946, -0.919497782784781, 6.583317309727119;
  -4.128279588327651, -0.5240082970064851, 6.783483461618762;
  -4.044809252694241, -0.7505452367169523, 6.687958267545402;
  -3.975055808519977, -0.7172133938826248, 6.651477855333895;
  -4.137596008232062, -1.417087558825842, 7.188358761274311;
  -3.931495627515782, -1.343289507600306, 7.326002790678711;
  -3.768512675224936, -0.8287316596263431, 7.064259133996107;
  -3.890558988066379, -1.272286088960748, 7.299886769731335;
  -1.952159793587676, 0.4873488960225292, 4.208937617989515;
  -3.762406912941577, -1.123856187837222, 7.194193605083363;
  -7.363165034002768, 0.1400593649099217, 13.26798761579121;
  -6.757644479849321, -0.2904847767594997, 12.56536389727758;
  -7.216969605859456, 0.4237259635401853, 13.74079467455936;
  -3.565255166919433, -0.6314275190805663, 7.806221568931559;
  -3.549351512746295, -0.5803877861014047, 7.82545324349093;
  -3.518384249680256, -0.4945601029871489, 7.833976927872879;
  -1.60942565940616, 0.7311360743083055, 4.18893788313455;
  -7.429479880916189, 0.7614140446277153, 15.49774342980077;
  -3.493438997705129, -0.8896802770168255, 7.886873529569322;
  -3.467205037823484, -1.560809460336366, 8.007376217479344;
  -3.393789011036958, -1.662663456656492, 7.912066444688521;
  -3.380282219167537, -1.542145412768354, 7.94159213804038;
  -6.217596014752552, 0.3441279201019753, 13.75503445867752;
  -3.387514848116816, -1.571282011601469, 8.057493451516974;
  -3.228845560897341, -1.471015639481726, 7.904408743721117;
  -3.132694550873689, -1.552033947513246, 7.736956543119364;
  -3.221340385702413, -1.641802148345091, 7.943456275885848;
  -3.169137332185618, -0.4808707505929983, 7.902664849655406;
  -3.077923068615287, -1.536477571542955, 7.728677661431518;
  -3.099845404452924, -1.667060104620464, 7.867714192283961;
  -3.031441485533082, -1.501926031355498, 7.804374029057374;
  -3.071417334223748, -0.3832336694308613, 7.919839393419835;
  -3.014950119495222, -1.381919540809391, 7.881047637798646;
  -5.572692757243538, 1.048693805939618, 13.76783280939357;
  -2.9038488189566, -1.251552094612007, 7.861953556765984;
  -3.001487121439722, -1.122037563045733, 8.100704683865116;
  -2.876086486367017, -1.168471981622022, 7.840293075572664;
  -5.369994622314265, 0.9660439117863817, 13.76057094796428;
  -5.475748890623962, 0.1751506563160148, 14.03270885661994;
  -2.920593168419198, -1.400412344604802, 8.019218866236818;
  -2.831590529145722, -1.069627525252221, 7.849296180472945;
  -2.850146674265401, -0.9868020565083887, 7.91846416396769;
  -5.438691595527102, 0.2912986226144385, 14.09929794280744;
  -2.81731688159592, -1.370676912354881, 7.864210633277921;
  -5.253014141187785, 1.02071329597509, 13.67657937117955;
  -5.069457045946588, 1.403503499388443, 13.34231029238842;
  -4.791798157715518, 0.5411865636499426, 12.73689498349234;
  -4.989417732863722, 0.6486495773629589, 13.24941185905346;
  -2.694874353639009, -1.157208816937809, 7.756004582124348;
  -4.747761060853071, 0.3116408705418183, 12.84491284471468;
  -2.705827365094614, -1.444939545679092, 7.82269161260033;
  -4.940793010152493, 1.296797803495471, 13.37604510580468;
  -4.88728662468312, 0.6005791309409562, 13.26364680827221;
  -2.778993683284481, -1.398690762154708, 8.04929007352658;
  -2.641923020591766, -1.105994450279463, 7.709510754242348;
  -5.017857992765565, 1.016605766821226, 13.64105350443964;
  -4.762262490264053, 0.5794400545250497, 13.01879103088678;
  -5.254981104700747, 0.9169491574851881, 14.27291860223403;
  -5.064162506415295, 1.403726384455424, 13.85418060606205;
  -5.200841481322118, 0.9765201180947899, 14.24467088157208;
  -2.66410420263799, -1.29977614768772, 7.881441642340075;
  -4.940432493743269, 1.0962569644102, 13.71859398482377;
  -2.645693192689123, -1.327650605388269, 7.894566075402773;
  -2.700236582647288, -1.445870623472173, 8.051430719648348;
  -4.940299931021746, 0.7437512036981798, 13.78563495026042;
  -2.678100999269838, -1.384685588479275, 8.01362109316532;
  -2.952328528202937, -0.5698389907368112, 8.713646305343254;
  -4.576968360235402, 1.432787899409992, 12.93176705501565;
  -4.729394419730351, 1.399532840909326, 13.33364858703838;
  -5.014389373234718, 1.184663594130019, 14.07809204526139;
  -4.7596705956476, 1.237221223160773, 13.44455842716274;
  -4.267665920532932, 1.475157465819884, 12.40992326198605;
  -5.091964453046464, 0.7624918241689598, 14.61455449046539;
  -4.996731957798782, 0.6307320493452948, 14.41876811658293;
  -4.672102000021905, 1.153567344397405, 13.54540408323906;
  -3.633300118224124, 1.571561228931554, 10.80877624318015;
  -3.662208482429641, 1.514682379323343, 10.91180546026954;
  -3.688082242137317, 1.479689893110061, 11.02731544292443;
  -4.603682265866238, 1.406865331992292, 13.5467966986917;
  -4.913214675492314, 0.5344054830168185, 14.40245124384759;
  -5.018841101295816, 0.8575001581204116, 14.69100376649925;
  -2.644504742882167, -1.365442791754974, 8.582601240125564;
  -2.522014023559611, -0.9972736436385612, 8.274469984407698;
  -4.674442568220699, 1.387736676677817, 14.37684385478576;
  -4.51147483728827, 1.403121815974423, 13.96665089965138;
  -2.555621346229049, -1.168703486930402, 8.434400525652805;
  -2.653931712063029, -1.834012575625118, 8.87848865250467;
  -4.80078339459746, 1.348431205535846, 15.0669488467394;
  -4.622013457159454, 1.41081136977216, 14.7211192668451;
  -4.995045347480009, 1.171482106741359, 15.84389699119626;
  -2.506313602635298, -1.258311183499866, 8.576851898790165;
  -4.730865264694172, 1.170896414313385, 15.2004799404636;
  -2.427576861609169, -1.257659588459394, 8.595688568088782;
  -6.429778824969874, 1.189174599674109, 20.96373228105236;
  -2.607496182149623, -1.843931416173347, 9.266371408494761;
  -2.956854185259672, 1.567691551738677, 10.31047463977422;
  -2.137974753532969, 1.669064351124131, 7.797592536803985;
  -4.22468400715482, 1.482189024439109, 14.3576185173936;
  -3.956008581988605, 1.461072481183742, 13.64283779811838;
  -4.528704770454543, 1.465241256873844, 15.45715194266282;
  -2.709781564875062, 1.517247629364169, 9.821055029762929;
  -4.526036280424689, 1.125960829551325, 15.72748110778855;
  -4.397895139498694, 1.257302243108011, 15.3315640835194;
  -2.417138162179877, -1.379259224742557, 9.120182646636367;
  -4.559139928066093, 1.141198981463735, 16.11584720687277;
  -4.364041617825085, 1.455442290023079, 15.62787046613075;
  -2.434588693984912, -1.366623037804661, 9.280522013666662;
  -4.115021365922011, 1.461268803447404, 14.87874341657989;
  -2.408105154007681, 1.569325290757863, 9.177646319673434;
  -6.519545243802893, 1.232979791502572, 23.12468374214579;
  -2.335584814565824, -1.479835938934268, 9.057391123458926;
  -6.813926926706619, 1.083852392855131, 24.20492870939457;
  -4.216803162899608, 1.363259596575248, 15.53125368690744;
  -2.342577145655271, -0.9811797146471075, 9.181885504966033;
  -2.246986327433286, -1.306647788557317, 8.910875636104686;
  -4.283088553674301, 1.167314023309088, 15.87189817993005;
  -3.564379000633706, 1.485301363216478, 13.44853832757469;
  -6.242031161043054, 1.212374753500761, 22.88389679619217;
  -2.544976472325689, 1.560687836857457, 10.03356237312954;
  -2.156022192248709, -1.858517561801273, 8.934012156555653;
  -2.450127705712512, 1.536407001947047, 10.06008263813036;
  -2.845844940259128, 0.9129752359596606, 11.63794700924877;
  -6.524600501987379, 1.196492046350174, 25.74858465515449;
  -2.581277455134647, 1.012581930362703, 10.90872089650779;
  -7.57888184055488, -1.149293301425788, 30.38328892372828;
  -6.805014701517376, 0.5318142485254512, 27.51478286570753;
  -2.372910629637099, 0.6914765151995491, 10.45218107043588;
  -2.188051055086461, -1.198014367120668, 9.874563368495188;
  -2.261039866942841, 1.559478009225282, 10.41454445810023;
  -1.760842244715928, 1.636759219209251, 8.414279121053447;
  -2.022188962590958, -0.9005398539415279, 9.562716056974901;
