m=[-7.071512569145044, 0.787826767282475, 9.434519051784321;
  -7.06404586795799, 0.9219843684287138, 9.451145946331408;
  -7.210245628522948, -0.1708214455419004, 9.636215660675195;
  -7.070421163431839, 0.8659983919098424, 9.484136589716233;
  -7.077146349375028, -0.4181262355161021, 9.525388936762397;
  -7.122361393124621, -0.09733014675197237, 9.598855088120304;
  -7.110228079084933, -0.4534187837967495, 9.614955400407405;
  -7.129404854165418, -0.01536668838004269, 9.669025232455159;
  -3.161755343416488, 0.9313798129799482, 4.841509688555807;
  -7.117650589371922, 0.4293887480863174, 9.689326597641669;
  -7.10809068471748, -0.06765103692198708, 9.707577518200163;
  -7.107982752711859, -0.1497553936396916, 9.716736832326845;
  -7.182279055235623, -0.4065628201076276, 9.821049070903408;
  -7.052041225463573, 0.5853126736196253, 9.673328318209585;
  -7.111876928662676, -0.2092885640368941, 9.756345878334681;
  -7.150062621815484, 0.2227909003028367, 9.830401807853837;
  -7.144159669037922, 0.3679469755241048, 9.829571185442363;
  -7.127310506893405, -0.06995146688093656, 9.854373624480475;
  -7.190474588171157, -0.1273310136659035, 9.944208654687358;
  -7.054369952269563, 0.785377394405621, 9.794438801415673;
  -7.17404036100177, 0.1336203608433665, 10.00450064196352;
  -7.056270373805321, -1.830578701164577, 9.864087379964865;
  -7.132764706882965, 0.1910714205489897, 9.963193202479733;
  -7.155519989054114, 0.2671505833865176, 10.00629461598364;
  -6.891220553919243, -0.184230112681399, 9.731295930295879;
  -7.242603209613293, 0.4428860787612167, 10.18339229648431;
  -7.066120482883606, -0.7754199845795374, 10.00059421157323;
  -7.10083037709054, 0.955894840766841, 10.07181563450959;
  -3.084015228432964, 0.9425683614103625, 4.924063032569772;
  -7.108950437142814, 0.442671119014477, 10.1143986545241;
  -3.092276357342775, 0.8489633004019918, 4.970140471986556;
  -7.527517897656479, -1.958192496007815, 10.7571563084396;
  -7.148988618422736, 0.8230002190612852, 10.35304259611768;
  -7.377554826261678, -0.3159718301570618, 10.68944225184204;
  -7.363710515244142, -0.266904751010033, 10.72646017483123;
  -7.371404103128436, -0.5235207061891026, 10.77509972572374;
  -7.236216217137724, -0.707190013052879, 10.62663150367284;
  -7.27774905289056, -0.4129045077861419, 10.68531831045934;
  -7.215244667595435, 0.9535102902554469, 10.61157068896758;
  -7.146644988079958, 0.7288528676689874, 10.55429074287555;
  -7.220824353925491, -0.7843842141637534, 10.70956431375085;
  -7.159478809963606, 0.8413421107200695, 10.62826785124002;
  -7.118388748428408, 0.6953594647252448, 10.65046928260326;
  -5.657600493159817, 1.033847094658168, 8.722159712482847;
  -2.968448586896672, 0.8353760058577565, 5.06309358751096;
  -2.896652253589815, 0.898057205746409, 5.051151808570653;
  -2.897365274425933, 0.9304048126841038, 5.065589570496434;
  -5.275129226469734, 0.9639130166503102, 8.885906408755711;
  -5.231015818170905, 0.9136968603023382, 8.892213602860938;
  -5.209594155283554, 0.8884585630850377, 8.91057880389929;
  -5.1536157876918, 0.8306578295720144, 8.889804134094868;
  -7.281413169593068, -2.357995649825984, 12.18112528996399;
  -5.117268922598174, 0.8916013017054324, 8.885106820370114;
  -5.148245701279745, 0.694939388955283, 8.998458467958029;
  -2.839918717310157, 0.94650384763657, 5.403485072217791;
  -7.207234419723264, -1.697878769641652, 12.2562016618838;
  -5.041424403626362, 0.7140554983397883, 8.904057361950647;
  -7.253800399310548, -1.807486930019222, 12.46544345388729;
  -7.473823166790961, -1.972149207767846, 12.81543996285601;
  -7.453801874588195, -2.180758768781824, 12.78686168058222;
  -7.379474795051716, -0.3019833927560666, 12.75953096624774;
  -7.294700659018841, -0.7535381856265374, 12.65007694442615;
  -7.190323407733529, -0.1146386193649267, 12.48311895880172;
  -7.577636035123628, -2.107595229426965, 13.18000580061303;
  -7.486644505250109, -0.6334380624379778, 13.1399745145961;
  -4.88249927634016, 0.6716292674080274, 8.910827349702613;
  -7.332141238002663, 0.01199376031942747, 13.30251009353542;
  -7.366347512218155, -1.977288479657694, 13.97036495656644;
  -7.476356266838302, -1.817625766743851, 14.17166466863351;
  -2.787989345898499, 1.003922656916706, 5.878908468977797;
  -7.42060467393236, -1.516357578721352, 14.14947808082977;
  -7.35907274433354, -2.036598408821761, 14.0445666034796;
  -7.365704137124898, -0.8088218686822483, 14.06265431044873;
  -7.349591210428772, -1.770409546940142, 14.08169446043732;
  -7.29304567724292, -0.7165755925380482, 13.99051599617448;
  -7.403575468298712, -1.472662076045947, 14.201102520161;
  -7.366136775736755, -1.340311750023872, 14.14323512307502;
  -7.44075932429452, -2.134837293385015, 14.28180233675586;
  -7.236474061250672, -0.8278016000309222, 13.9154089870459;
  -7.394460668082411, -1.930676854260341, 14.20963185050715;
  -7.38400071717817, -1.200476514142666, 14.21801815201278;
  -7.273139597567288, -1.358834593274656, 14.0666140247494;
  -7.390926292352056, -1.71538467246584, 14.28818290094763;
  -7.253206069594961, -1.257003544813044, 14.04309818871449;
  -6.290689276729613, -2.622946189444688, 12.36612412702804;
  -7.751249209958949, -2.447708522524882, 15.02275568541632;
  -7.582440294088374, -0.4023127339617215, 14.73282259936765;
  -7.362621514338544, 0.05046867092488465, 14.34543614175949;
  -7.389709280915707, -1.146322019992509, 14.43277246231265;
  -7.415732007152498, -1.586273460582593, 14.49132852549476;
  -7.489352181361372, -2.189194740416958, 14.66989298139118;
  -7.369663486868024, -1.774663871261687, 14.46276975167766;
  -7.437737896361433, -0.8739984186236907, 14.58663101338747;
  -7.42614106435896, -0.6299145446040283, 14.58564056005449;
  -7.319676046075219, -0.8029805208088356, 14.42878006093479;
  -7.356491029351055, -0.2074652587134909, 14.52076746005081;
  -7.393908056240576, -0.3689252400272968, 14.59056957999268;
  -7.387530872045366, 0.1651278072628485, 14.60552756480416;
  -7.321089494740725, -0.02134106563828413, 14.49138548479758;
  -7.391437975662654, -1.264773513297688, 14.69841185912901;
  -7.471807486024897, -0.8371429919297282, 14.85143703726128;
  -7.38837612141835, -0.3246392174309435, 14.71253368472734;
  -5.957733721152677, -2.446870036665734, 12.08344367929882;
  -7.360434607107108, 0.2958105369178374, 14.70399257894191;
  -7.449787413600707, -1.671191063699835, 14.91522932919554;
  -7.414532922333736, -1.191986790935465, 14.86627654418662;
  -7.449890348236129, -0.5487319867501672, 14.9686797201684;
  -7.403949406613197, 0.01357710037422081, 14.90944429548727;
  -7.311010865931645, -2.437096338256142, 14.7815627589655;
  -7.4606358111389, -0.2746466857657189, 15.0555390174889;
  -7.899851544037303, -2.094789842440066, 15.94186402475197;
  -7.392277861364124, 0.1824355425275259, 14.97143461882277;
  -7.417656068664225, -1.312275855790085, 15.03201151055789;
  -7.450955423923941, -1.528268763476292, 15.10082682170486;
  -7.856251030625669, -2.398922402798156, 15.93384787536971;
  -2.794249569324251, 0.9943806860666923, 6.288427177420222;
  -7.39124375142976, -1.144048440839371, 15.08950911363009;
  -7.378385571957386, -0.04799920007801935, 15.06661393412563;
  -7.633885177657693, -1.890967559543581, 15.59383414281125;
  -7.595006965983918, -2.25715708127582, 15.54558995541392;
  -7.504259171483271, -1.314798228117476, 15.38486151584291;
  -7.600377102319914, -2.397214866563708, 15.58651517388299;
  -7.426784544906256, 0.1157792902433239, 15.2608077459386;
  -7.421389703468337, -1.731591508090844, 15.29490871875726;
  -7.444454078266311, -1.490104439153317, 15.37498416185229;
  -7.412008669340342, 0.005223272811674814, 15.30687570419305;
  -7.416169155255211, -1.130021720679318, 15.34811045212353;
  -7.527990963951484, -1.90007352930621, 15.60962575657719;
  -7.509181042161909, 0.188606258313655, 15.58276914369699;
  -7.42877274089421, -1.807754004540355, 15.44216742356385;
  -7.48450336149533, -1.215076893183554, 15.60841056792291;
