m=[-14.03304952458677, 0.05341486405158702, 17.73129145124999;
  -14.0819914666581, -0.06434451266027189, 17.83324699099556;
  -14.08698314350719, 0.4562101357628013, 17.93288586945162;
  -13.88383443704248, 1.989290130585811, 17.70165554437936;
  -14.13702937003037, -0.1331612287768152, 18.02164235242255;
  -7.121844633845115, 1.851079649503621, 9.607259969380474;
  -14.13684030670809, -0.8378321143857457, 18.13605912441861;
  -14.04450805973647, -1.350083056660556, 18.10021206127434;
  -14.38728858041074, -0.2319699493906798, 18.52371368983016;
  -14.08484477703094, -0.4819616957644697, 18.17077411939919;
  -14.35454789283054, 1.657669787523243, 18.57415751140241;
  -14.24415804305207, -1.115739250406718, 18.48581717133605;
  -14.07870358921057, -1.615929474918793, 18.29981669997561;
  -7.126180161038429, 1.835573475281258, 9.797807588854884;
  -13.82917352318929, -0.6755026739832036, 18.14426512734264;
  -14.13690783173563, -1.294273461871883, 18.53632674329723;
  -14.1337336748477, -0.8851215222471512, 18.56358371449016;
  -14.26107018016197, -0.7969625952738023, 18.73001487793362;
  -14.12104332726707, -0.2766641144901292, 18.55965675816107;
  -14.05762373798751, -0.622225573745764, 18.48353942603268;
  -14.08926015403, 2.002725111115841, 18.53148547400446;
  -14.09138507363605, -1.412430368663767, 18.55838814035221;
  -14.15165759230583, -0.9590015338883414, 18.64281807563011;
  -14.20124399568103, -1.130162296049062, 18.72227936134341;
  -14.08010915601706, -0.06866197727653341, 18.57034262435945;
  -7.042135734890216, 1.99137017150518, 9.841270583411337;
  -14.27407210161976, -0.8443970916297064, 18.95349215524687;
  -14.0482995280427, 1.565100294282852, 18.74265911946412;
  -14.19974331041779, 0.5120463114836789, 18.96649129858727;
  -14.11133806678205, 1.841782083295993, 18.87987678167953;
  -14.10158520922112, -0.833138449773878, 18.97983694439058;
  -14.1868270416021, -0.1938691231305542, 19.11968368580962;
  -6.77862303283485, 2.028610124551571, 9.659654807676901;
  -14.15434074114219, 0.9292026418379132, 19.13275006013501;
  -14.26528901623764, -0.5041615848301826, 19.28217314075593;
  -14.06655403855883, -0.7278471123425011, 19.05350689053166;
  -6.80697274419046, 2.066375615792437, 9.723619798336316;
  -14.18216700475434, -0.03056818140836174, 19.2341062718222;
  -14.14461625607925, -1.087558936360446, 19.24034141842777;
  -14.10651205566361, 0.8510079941955173, 19.20333131623359;
  -14.08943304447104, -0.1340957505157744, 19.24205381351713;
  -14.21084214846439, 0.178127227611508, 19.40399458324737;
  -14.040643612398, 1.001854514032442, 19.18150410878727;
  -14.08156218707498, -0.2966790947238383, 19.24974197604093;
  -14.16109208074827, -0.8016081647448508, 19.36387867319475;
  -14.03886154400451, -0.4131361105836759, 19.25904938109147;
  -14.09616160132355, 1.169967924301608, 19.3357915583056;
  -14.21750369116378, 0.9364572082500891, 19.53503977294048;
  -14.33011456152266, 0.446516246565933, 19.70203500911105;
  -14.16183726191634, 0.7293797213085536, 19.48511706505617;
  -6.761640641769125, 1.848442546174361, 9.82527019742273;
  -6.645842591585286, 1.911033333064168, 9.676155819611406;
  -6.701003865555641, 1.899570187633905, 9.749173829013811;
  -14.10824331894613, -0.1384663000607243, 19.50636228287099;
  -14.27902351774415, -0.2528570981482425, 19.74745720946226;
  -6.545064025802144, 2.042684425497205, 9.58507768936215;
  -6.645975527020241, 1.944263440045394, 9.724062009705333;
  -14.07646400612297, 1.567161447212816, 19.54406505203848;
  -14.1599792848044, -3.318505662315201, 19.70698772079178;
  -14.04352979862318, 1.268853696552827, 19.55610141365689;
  -13.77623146688543, -3.57391009267603, 19.25804196228614;
  -14.0319065088007, 0.6851541149840535, 19.59651340715394;
  -14.15719956829431, 0.3792409176064976, 19.7750690372371;
  -14.20793579682702, 0.5304517830495603, 19.86840812205245;
  -14.06410660653286, 1.971814453698526, 19.68681509099318;
  -14.13906079321855, 1.071674936010111, 19.7962882792438;
  -14.68989921117381, 0.898289146973942, 20.65459091623846;
  -13.77227337141876, -0.3681884007692207, 19.44823369990493;
  -13.93079538989925, -1.528733790002984, 19.7160849544394;
  -14.11724068556713, 1.90042527712464, 20.02388986952377;
  -6.551801993719168, 1.999337758644368, 9.841477753130814;
  -13.89192367614208, -0.1700537628491266, 19.81958650520894;
  -14.83420002508197, -3.858937244431921, 21.19872852512846;
  -6.827493795689445, 1.530013538816794, 10.30885026997572;
  -6.809280392115367, 1.602023174548146, 10.30472138030473;
  -14.28890297311819, 0.6649859383850957, 20.56203963270397;
  -7.124663365041763, 1.52214083720699, 10.7512264565585;
  -14.62785635674621, -3.895269856396762, 21.06635437911838;
  -6.339765427952396, 1.867547895797209, 9.70790981867551;
  -14.01907586353507, 1.001126505322432, 20.28689083591851;
  -6.343441351626476, 1.901738239276967, 9.71809701753617;
  -14.15666664848133, 1.629732592223408, 20.50144162393448;
  -14.58644525693905, -0.5286996998816318, 21.24756585922434;
  -14.26067486779573, -1.393685117094033, 20.94228976393083;
  -14.33607711148036, -0.813360122790838, 21.04847888353833;
  -14.25645860782111, 1.884022041027823, 20.96719172541254;
  -6.246153996513022, 1.85873951707507, 9.762753752771474;
  -14.19882814775559, 1.448072015650963, 20.96907859974714;
  -6.167466577133772, 1.985695826150266, 9.682383422826007;
  -6.295715329169575, 1.815014036774673, 9.87323940622276;
  -14.24091252539136, -1.546962844225849, 21.12140679537052;
  -6.196053555800936, 1.876069238036677, 9.739329279095374;
  -14.16707365682861, 1.664835663257374, 21.03106350192358;
  -14.12739957528736, 1.380034352408798, 21.1372883017775;
  -12.09395652548253, 2.058756509738024, 18.28702796676047;
  -6.212936055918129, 1.898861232520468, 9.919824154763019;
  -6.101002918042751, 1.950812351087518, 9.857795228792519;
  -11.3447684901273, 2.073097235704077, 17.48990279389069;
  -6.460489727725702, 1.773683218331835, 10.38378778416008;
  -5.588572611286891, 2.066389064304749, 9.414168854731756;
  -5.602125547510946, 2.008688783805099, 9.448081937757618;
  -5.96019503011309, 1.828698921623268, 10.10140596118065;
  -5.970820966473926, 1.680298790648503, 10.18404882637181;
  -5.830414708498411, 2.000183960570044, 10.00419812386036;
  -10.69237026309733, 1.471057207453076, 17.70358128856936;
  -5.847667566479372, 1.812968742926648, 10.19710134957917;
  -6.248160257357569, 1.627230485148206, 10.83911705734975;
  -5.833130780435216, 1.873140745848144, 10.19831593397172;
  -10.53192763165348, 1.924476481756974, 17.74093471853982;
  -14.06049948463771, -4.553318957041013, 23.52190459086637;
  -10.37668822595543, 1.892483328217295, 17.63176629694058;
  -10.4048612435716, 1.817407819167533, 17.68724314779831;
  -10.43560866733278, 1.632010545894056, 17.74696841786804;
  -10.40494723130987, 1.774488413215376, 17.79679942265176;
  -5.612169933201501, 1.997170186076253, 10.05768969847734;
  -5.935560792839621, 1.81174899096163, 10.60019201363602;
  -10.24253588303404, 1.474272938280554, 17.58584889157736;
  -10.24605840477966, 1.901231375139663, 17.67561538877855;
  -10.27002326623806, 1.655318438049144, 17.71542525686501;
  -10.20217394921728, 1.777563718251681, 17.71402025375064;
  -14.32647765962556, 0.03574947243512239, 24.55913115065519;
  -14.55148979485868, -4.25732928013068, 24.96281634310831;
  -14.71113567641924, -3.881889351962368, 25.22533271649896;
  -10.19309516442128, 1.375921767557664, 17.81619386856158;
  -14.34198654178839, -4.68079328105397, 24.8077421170669;
  -14.48001111033932, -0.5925520451913356, 25.03676146138135;
  -14.45539677474332, -1.493233782620613, 25.06777042819849;
  -14.09908950985465, -0.2247882416490268, 24.47742633843315;
  -10.07914638306667, 1.427586594023586, 17.80157558045859;
  -9.872861857013257, 1.871513749965755, 17.4622224872476;
  -14.71038864691743, -1.244632368436694, 25.81852681595189;
  -5.54120516466269, 2.027287333776761, 10.45742452928449;
