m=[-9.077669595556758, -2.661819461695729, 12.16159801993589;
  -8.731184803990287, -0.4277946424382247, 11.86378078383028;
  -8.557363337281171, -1.885171774843496, 11.83207028130866;
  -8.604108287213069, -0.490015063115218, 11.90446249997435;
  -8.655323561080863, -1.486158823517107, 12.01763811434114;
  -8.611270629281769, -2.069567902842547, 11.96675817762334;
  -8.568088797570169, -0.3997626259717487, 11.9249371147047;
  -8.504239909499205, -0.612899837607089, 11.88449852102425;
  -8.594431100414619, -0.7255995041655994, 12.03077565848782;
  -8.455557438186943, -0.2829111769864952, 11.86477660663713;
  -8.382581618307166, -2.222885092735881, 11.78768734710941;
  -8.567122236923762, -0.4602085109692026, 12.04529653668532;
  -8.500377838525798, -0.2445130209704617, 12.00335972050993;
  -8.501118915053347, -0.3366277688469273, 12.00864239031941;
  -8.561195461785887, -2.323252223985538, 12.12919304611248;
  -8.433051821119335, 0.06954328244537573, 12.00570910375726;
  -8.49172786022462, -0.4589086882561588, 12.13784347365312;
  -8.459185581290585, -0.9527250367478137, 12.10709008004204;
  -8.488891819811911, -1.085343272749017, 12.16518079773348;
  -8.61459112881089, -0.4078220889818257, 12.35527510781054;
  -8.701565011001048, -0.9145768855436276, 12.50525590262013;
  -8.510405493976782, -0.507915392232027, 12.25357435466834;
  -8.524736975608795, -0.8215851650869372, 12.29787128265597;
  -8.142238884583751, -1.985680701464373, 11.79884628690333;
  -8.398286677215554, -1.305967039222373, 12.15511384640352;
  -8.53860641860817, -0.3823851390141109, 12.37369358458228;
  -8.00433430919, -2.627686998084681, 11.67985598478885;
  -8.103208697736767, -1.499080240529038, 11.85013726972522;
  -8.313428367754336, -1.852326573385196, 12.14248028108543;
  -8.061102137434322, -1.575784645158198, 11.88690835766391;
  -8.164981931242515, -1.483982213741815, 12.09362219427839;
  -8.446872613232561, -0.3135606263662389, 12.51374522211631;
  -8.675963890239597, -0.5341502115595957, 12.82623832264737;
  -8.32349326691636, -2.338158928590622, 12.37066792087264;
  -8.26590862930971, -2.179768588081547, 12.3096734982547;
  -8.554848650046129, -0.3752651594072554, 12.69668835870185;
  -8.014824646959349, -1.419367495702509, 12.00839885010926;
  -7.844642833126409, -2.26916544155438, 11.91403487898282;
  -7.622128050843425, -1.232835662351718, 11.64408291140228;
  -7.801345104089322, -1.193011876938724, 11.89819129365972;
  -7.834864304557737, -2.027232317359309, 11.96366303262609;
  -11.90527018067678, 0.7444278714065566, 17.64370133971971;
  -8.082522087713532, -1.626419286269689, 12.39159950506937;
  -8.27507402755578, -2.906405476559355, 12.88056930363205;
  -7.750352873896089, -1.584566065882158, 12.1618700230429;
  -8.440093875356034, -2.821501336644134, 13.18398446218217;
  -7.914930085390378, -0.7415702784944011, 12.43838545894757;
  -8.294304086907671, -2.715784371070539, 13.0729438963228;
  -8.311822555329847, -2.805456633469221, 13.12743813602397;
  -7.703642749378701, -2.123903771470733, 12.24509360658615;
  -7.822634646443404, -1.538510430428294, 12.53602211033238;
  -8.142864385000205, -2.724694870711628, 13.07675446733011;
  -7.564370749111459, -1.060872083445578, 12.23744287001668;
  -14.33342780499483, 1.217633676254373, 22.42500359849627;
  -7.971027672164214, -2.840725933668, 13.01284927150772;
  -7.964424792444221, -1.666410806113115, 13.00242634846189;
  -7.518154863038475, -0.8110438566502505, 12.3700825447231;
  -7.642686283971862, -1.638607261847284, 12.85877028105904;
  -15.66487308417834, 0.3570029906790422, 25.22058304025824;
  -15.13153027135929, 0.03871695098787745, 24.58276860169356;
  -14.85291417118616, 1.303263777478586, 24.49520554546391;
  -14.72592761975111, 0.4511462986339567, 24.56266865982751;
  -15.47771023819587, -0.1303618718446661, 25.81155090952034;
  -7.777825097903881, -1.802020809196613, 13.55876442014432;
  -14.49460838104628, -0.5519819825393275, 24.34214258560402;
  -15.0766359515228, 0.2585260975941256, 25.29955783950371;
  -15.20246492562804, 0.6309366181844626, 25.54138976419005;
  -14.84438496758868, 0.8670738015517375, 25.08387792630702;
  -14.98433992198247, 1.073398367164669, 25.46787792193947;
  -14.22021530664763, 1.657859027074886, 24.44193859101344;
  -13.54907258228866, -0.7961405792348921, 23.39729329602823;
  -14.05456961776728, -0.6118889531570584, 24.24825805715328;
  -14.28998398411737, 1.824851619069988, 24.66329918121927;
  -15.01286968505692, 1.311340974072766, 26.18809012675605;
  -14.61264748928909, 0.8149797989449029, 25.93609407588602;
  -13.89696226897388, 1.115911208176816, 24.95887866622759;
  -7.562261932262731, -0.8951126045346837, 14.27770080008629;
  -15.33476885583163, 1.609334908255499, 27.93634809203242;
  -15.70158514650173, 1.138262044192974, 28.78443904382294;
  -15.31253542468316, 1.505739753833411, 28.22580028512703;
  -16.01075586328656, 1.413395688782277, 29.57775174655222;
  -15.11870787778523, 1.098758333800358, 28.40327401477971;
  -15.63178810671457, 1.335909110253959, 29.33473566781868;
  -7.313972149424403, -0.7287940573019681, 14.33733053954168;
  -7.212628185391584, -1.243165364765893, 14.24015918533213;
  -14.79057610127372, 1.181982865921844, 28.06938836548609;
  -7.219415308990254, -0.7986848270952667, 14.28950631031415;
  -3.323767259089501, 1.262256210471955, 7.147319800354823;
  -7.221630135404873, -1.154719661775266, 14.3532010024224;
  -7.127216299195554, -1.074858423561715, 14.19418910442808;
  -7.21570463205864, -0.8737745443841923, 14.38312555506236;
  -7.324474350478788, -0.7620065456202763, 14.6324411795252;
  -7.050377846618915, -0.9658337115790114, 14.16511169338942;
  -7.322053609745806, -0.5418441414464909, 14.68667433702605;
  -7.139750432409308, -0.8263065976561655, 14.42720911669363;
  -3.318763172856795, 1.451316578142639, 7.280561124029196;
  -14.97597546103425, 1.470941158016392, 29.20747958619521;
  -7.162548271510677, -1.782310862048794, 14.5683122660497;
  -7.307188114373266, -0.5425304282435467, 14.84476512022551;
  -6.99326190353113, -0.8582076998279925, 14.31653844880046;
  -7.170588520402552, -0.6118816495205756, 14.67659991656135;
  -13.77824714889921, 0.9706298212057934, 27.34694464207673;
  -6.908577071379848, -3.280543794782801, 14.4989060061442;
  -13.49809043452628, 1.350099997967331, 27.43623501316892;
  -6.911242552657717, -3.055062999184406, 14.61353183286491;
  -7.105662788567072, -1.922947515795822, 15.02573934563611;
  -12.55494229941121, 2.036251346564503, 25.6969390214805;
  -6.722902176501428, -3.204141974886711, 14.31584760107084;
  -13.04169348556679, 0.6449652560298095, 26.77479826426183;
  -12.02714363273985, 2.509839204149585, 25.00216826919511;
  -6.626378055707617, -3.274168929546605, 14.37105751714412;
  -3.594175276575078, 1.751024487903054, 8.277182817953023;
  -10.01525670531758, 2.514735143570567, 21.2085048768941;
  -6.470326693994503, -3.048647809321117, 14.12700921113649;
  -6.564206536510191, -2.896772542324277, 14.45079594673364;
  -10.10332547235351, 2.699918412860207, 21.64467569883002;
  -6.427301864505251, -3.081084713454741, 14.23816931003984;
  -6.490220768103888, -3.268412595845262, 14.38683559040107;
  -6.604205986213188, -3.254817244711983, 14.63349085403441;
  -6.434085782993467, -2.363031909355573, 14.30541845145349;
  -11.54517268912794, 2.557187197255457, 24.89240283492694;
  -10.2613273863384, 2.813642594277853, 22.57849382017535;
  -6.355212734244458, -3.296289639588429, 14.46863620399207;
  -11.36414211914396, 2.436233589969074, 24.9521980163354;
  -6.184762632601741, -0.663686029661708, 14.16665860096244;
  -11.19206280357107, 0.967050388061329, 24.82023624881827;
  -6.248203461331209, -2.44328294829934, 14.40857859052403;
  -6.218663822354742, -2.977799662243945, 14.35331355543888;
  -9.934152841407398, 2.779366033940119, 22.22641531529793;
  -11.13413655916008, 0.6689296590139747, 24.84544313493484;
  -9.450088344158734, 2.78687336294978, 21.28349935084123;
