m=[-3.782847216799383, -1.096001222627304, 6.497361331600658;
  -3.913990189295525, -1.429747290046649, 6.758487283505239;
  -7.731254016925564, 0.1761955421477043, 12.44738676728505;
  -7.451488819027155, 0.4352481259170462, 12.59144358717617;
  -7.057214184299223, 0.3822219566989097, 12.34515371180666;
  -7.393046185674923, 0.6457662385584839, 12.89625260748347;
  -3.656716234181735, -0.4199288297046618, 6.997724259166623;
  -6.93210180832221, 0.556640361714151, 12.45002214060312;
  -3.600369977115203, -0.6205581572828007, 7.108343904937834;
  -3.594136821770528, -0.5746930232361193, 7.143451999870085;
  -3.559560755916999, -0.5368188226739987, 7.089033975844061;
  -3.58411499793455, -0.4340128385281945, 7.144246979018497;
  -7.53538383741407, 0.7409829064687958, 13.89007328752185;
  -3.564058965674188, -0.4882416764023989, 7.160650738004293;
  -7.850488876382585, 0.6930245659516728, 14.50273884989773;
  -7.417512264360757, 0.5390707646721634, 13.93516132831656;
  -3.487787311879926, -1.091059643727322, 7.144576319839353;
  -7.327545213053545, 0.585577791682574, 13.90613259027455;
  -7.051110231721617, 0.4288105777333199, 13.73580405216479;
  -3.278292724436868, -1.446704685026393, 7.217009238055549;
  -3.207863128875682, -1.537767831291174, 7.106263143575246;
  -6.311347050592133, 0.3121220086090092, 12.95729302658152;
  -3.280789010607695, -1.011370452688572, 7.413058348539392;
  -5.747031474081797, 1.272933346556656, 12.39110287995648;
  -3.211938294064395, -1.025035712504721, 7.506182235173275;
  -5.526086523257024, 0.3525320006103165, 12.23483584903152;
  -5.561398075323072, 0.3341241683537854, 12.41006870151043;
  -5.474293420991078, 0.385039988883294, 12.28608857165404;
  -3.022430568988878, -1.257088050254538, 7.310077781498163;
  -2.95889627262052, -1.159357387671118, 7.219182537373911;
  -2.956530907123093, -1.369794786849706, 7.277693111449066;
  -2.953467660546623, -0.9320113132787768, 7.279241410582713;
  -2.986806243002782, -1.427677345545738, 7.364608495919875;
  -2.952627653242476, -1.140713873365602, 7.290470723578451;
  -2.921914840244778, -1.042156542979435, 7.246451799487054;
  -2.960083954595049, -0.9884712346659923, 7.355779902575239;
  -2.858479627202418, -0.8763901827918559, 7.163624679160855;
  -5.122161976700975, 1.404487788358809, 11.964721265268;
  -5.287714978222347, 1.103327446673816, 12.48151968939629;
  -4.499725216657748, 1.452765960215515, 10.82382047189449;
  -5.494024529255263, 0.9407025113497676, 13.04299973002116;
  -3.734556858738565, 1.46992557465278, 9.214453793375354;
  -2.769340072921146, -1.424661390684609, 7.151819420625303;
  -3.844191014571369, 1.471435672281172, 9.502306113896983;
  -5.30962492234362, 0.9856298197381559, 12.79972742870435;
  -5.339791296459001, 0.3655148892755505, 12.89284851575594;
  -5.101501494715994, 1.349385138046725, 12.41311478898992;
  -4.938425729639859, 0.5269940495925719, 12.10012869924977;
  -5.307160463195925, 0.8458072667877792, 12.94154857196625;
  -5.04894192696479, 0.6192761939083155, 12.382655764799;
  -2.708197044507923, -1.306779783171875, 7.19486714779732;
  -4.986120107827571, 0.5024002675571829, 12.30697504452128;
  -3.682838230272532, 1.480810882397563, 9.374885536332977;
  -3.857655151280297, 1.454024088499123, 9.775883045252989;
  -4.905412596359398, 0.5985437349962132, 12.18829544104604;
  -2.743574403335185, -1.369164497496217, 7.337613862880779;
  -4.883471164721478, 0.377962335437352, 12.25100635438401;
  -4.863729943362642, 0.5573051112483548, 12.26118039819059;
  -5.040557771328794, 0.9700786284390468, 12.66642530581554;
  -4.810555660284694, 0.2500606019363998, 12.16154009666228;
  -4.978480437281074, 1.317192638680832, 12.60511383789019;
  -4.949352392795289, 1.193783069837725, 12.54907866577059;
  -2.820573958292532, -1.558521595895078, 7.662625202768699;
  -2.855510182858382, -1.666144655452345, 7.754235204793705;
  -5.269026327820535, 0.9351416610988842, 13.3500757478043;
  -4.722260347895456, 0.250388372580086, 12.1572247476786;
  -4.761256964101283, 0.4104597828928971, 12.29471318574021;
  -5.016194156060571, 0.709834828372847, 12.93193636781224;
  -4.67486913047663, 1.393517551674577, 12.16990293987864;
  -4.794250999514574, 1.352025799842875, 12.47050848862066;
  -2.716770460233009, -1.266414088019341, 7.587377320842077;
  -4.815743263806301, 1.190138006368199, 12.551466330617;
  -5.105326526181716, 1.150353466940896, 13.24576569824755;
  -2.722372520577746, -1.140089305669789, 7.650390600746746;
  -3.536440120113902, 1.511277614468535, 9.58740017861026;
  -4.80020748136843, 1.336017543652428, 12.62572415683424;
  -4.973691564968103, 0.9890485634071492, 13.09807556884307;
  -3.616192086032705, 1.493974396042112, 9.815912985638065;
  -4.864836565954307, 1.025810460233387, 12.8642689403191;
  -4.326335719020539, 1.423361342737372, 11.55772375850474;
  -3.010007036536492, 1.516323001480264, 8.398506756146052;
  -4.906669213838579, 0.4217466028153489, 13.04649282692139;
  -3.803594624514206, 1.453881975412278, 10.37856864249969;
  -4.798535655411056, 1.120428188126124, 12.82353669780224;
  -5.132693961509528, 1.000418013314252, 13.66831343586248;
  -5.09776730213404, 0.6085442912621145, 13.60544047816836;
  -4.96028535091537, 0.4993903309058334, 13.4434587720865;
  -2.700412986308614, -1.517643811327128, 7.856310767015159;
  -2.634540665788219, -1.002977598962195, 7.713350518266218;
  -5.131843530416488, 0.8797278822326327, 13.98288190493679;
  -4.279629030120069, 1.44467183068479, 11.83583449630403;
  -2.63958464481829, -1.160778409204476, 7.781434773215769;
  -2.708245553143441, -1.567273268139036, 7.990920023254249;
  -4.153971955788085, 1.439312529125052, 11.68623255060619;
  -5.071460837036024, 0.7334938360001581, 14.12237024790619;
  -2.730406175944336, 1.512074086887069, 8.140435741171277;
  -4.355179561791688, 1.467726341724863, 12.46183813036512;
  -4.555880480436954, 1.343780850324917, 13.00415261726269;
  -5.052773075387769, 1.255523839812329, 14.32847827570603;
  -3.149714078501606, 1.491245765444969, 9.370398657554866;
  -2.710369922190187, 1.545495972580256, 8.271443722708227;
  -4.658623546956631, 1.437421742733128, 13.45137301521119;
  -4.923235586321201, 1.306214922884847, 14.27145020135036;
  -3.948300975449886, 1.457106768490196, 11.70285680202766;
  -2.696038111104409, -1.705253035926258, 8.428115302564992;
  -2.489482829163148, -1.23378612621632, 7.888395012769194;
  -4.845526346746759, 1.133230100604118, 14.36986994160687;
  -2.63153434787331, -1.52689002476404, 8.471954687902651;
  -2.979219710620721, 1.493803125040472, 9.406195229278845;
  -2.599067147468813, -1.608648648021268, 8.495440858046143;
  -4.710914370549266, 1.294592344534994, 14.50131535951666;
  -2.55342291141399, -1.461114217469633, 8.437591902776354;
  -4.267250964152032, 1.414327320649995, 13.3346049864996;
  -2.827623091749315, 1.491104357714907, 9.216336382498925;
  -6.755713256984303, 0.675802367607227, 20.49059365802358;
  -6.680243181269972, 1.15811361557456, 20.26990349156306;
  -2.46875195297547, -1.646313294673917, 8.248274846614239;
  -2.53079495845599, -1.126865246598916, 8.419930303849744;
  -4.044629086995768, 1.407797526692937, 12.7888562639457;
  -2.513990039228045, -1.159319384019467, 8.437311902692912;
  -2.595191958438204, 1.502620916241862, 8.635932491622402;
  -4.630538553595324, 1.413121219596329, 14.55858442369744;
  -2.52474606544265, -1.185821264428553, 8.510690498224371;
  -2.477072674975414, -1.328736717173142, 8.439076812816392;
  -4.602282403508074, 1.075392551186213, 14.73293505547117;
  -2.479222428602951, 1.523539000336259, 8.461831073219193;
  -2.471551197737813, -1.105168724927643, 8.516399737974806;
  -2.404609742442424, -1.498234018861193, 8.408337401037173;
  -4.720776492623474, 1.102900619793167, 15.36728429606358;
  -2.445546017762788, -0.9802660612800238, 8.539541393892771;
  -2.319680163046255, -1.286031939402315, 8.186643974427742;
  -3.837029557647872, 1.470768384091205, 12.75128192508316;
