m=[-6.980605302152941, 0.7808548670498512, 10.23159593546901;
  -6.921891596453788, 0.6185505833265872, 10.27897892297937;
  -5.08800829077164, 1.310589378476871, 8.17450187680719;
  -3.663803425383133, -0.2898215244180812, 6.221676065477243;
  -5.02368133530462, 1.318989522627749, 8.141323474785107;
  -3.593679287895248, -0.3239556337141518, 6.205321132733578;
  -7.47650975629412, 0.4522530162394521, 11.7989218585042;
  -5.219859227869796, 1.199739889857996, 8.564665633926238;
  -7.09420132747589, 1.037084602959786, 11.33456755047962;
  -7.049678880154596, 0.8276628924939088, 11.30349856932357;
  -7.083964851671423, 0.9009178786240613, 11.40884231869918;
  -7.127461779788819, 0.6278213886485633, 11.53332155480698;
  -7.039814867131288, 0.9738730809678867, 11.42260293857073;
  -7.046311808213182, 0.5184186813848118, 11.49493998936714;
  -4.908508018885408, 1.333751871494823, 8.328795434136685;
  -7.420259748541175, 0.6568104288220399, 12.10656432946768;
  -5.290065391079953, 1.264498204367955, 8.955094900247898;
  -5.332042303158169, 1.178969106303399, 9.113257580988048;
  -7.097694527955074, 0.6894297534291873, 11.80209258897631;
  -5.471469709357193, 1.257931924224067, 9.352869961734617;
  -6.939723617003229, 0.5676039279984857, 11.62837160042443;
  -4.960699809042293, 1.344710333737901, 8.635810492078422;
  -5.181156766357559, 1.336496435777963, 9.083267851018858;
  -5.318861568215424, 1.123147740354349, 9.301598931493057;
  -4.679167486421319, 1.339881706459982, 8.383431449445352;
  -7.812476137804162, 0.5767694021096449, 13.43536544352653;
  -5.063635847046354, 1.322814045689071, 9.162519608882414;
  -4.561645230287854, 1.395781302632647, 8.451989581468371;
  -7.27943785728345, 0.5891938712035393, 12.94012868027087;
  -7.218729059772302, 0.4707513691784218, 12.84281060216373;
  -4.532003618313286, 1.434344904814888, 8.444914097196202;
  -3.476969770593115, -1.123085441789222, 6.794827526901831;
  -6.147814997636794, 1.283266569244651, 11.35577630682417;
  -6.85697028238618, 0.2874994192016904, 12.63404905171764;
  -6.083444940431312, 1.284909034910241, 11.37815856537088;
  -4.62620664711484, 1.393253989888759, 9.072183013538552;
  -5.008124136150781, 1.319985299201302, 9.918202153641813;
  -4.056831760817656, 1.433722243058358, 8.338163935197487;
  -2.984543690503762, -1.334048524648211, 6.434032841351407;
  -4.643706603666107, 1.413686176613898, 9.513315473481908;
  -4.685347581679032, 1.360222477199509, 9.737226680733874;
  -4.901449617679639, 1.348530389813487, 10.14144667715596;
  -2.9222082660097, -1.021657208799289, 6.491409810444174;
  -4.304628477209018, 1.422073701165492, 9.095700928910151;
  -2.899076925471039, -1.309937607626993, 6.483825137293635;
  -4.549007527140967, 1.398152291445606, 9.556173968745515;
  -2.928228703383603, -0.9631300733829561, 6.542311737646503;
  -5.615299239304334, 0.4907113748028903, 11.57073539540936;
  -5.533104834887651, 0.3383768139120604, 11.469632672946;
  -5.44465845332364, 1.190029082290946, 11.41262425475287;
  -5.474010350520008, 1.2892135977971, 11.48884442575561;
  -5.560850538896967, 1.156176648605143, 11.69715579490362;
  -5.326586872173929, 1.296656805440034, 11.3799461048903;
  -5.581459059222648, 0.9762112309295749, 11.89285996011922;
  -5.555809832175543, 1.050549886180553, 11.90206131086055;
  -2.712300100990362, -1.307760913270462, 6.389158459641677;
  -5.142171816118606, 1.388789490772158, 11.14070335078558;
  -3.734987898702581, 1.436458526974875, 8.407146594385548;
  -2.731183967425933, -1.23143022287782, 6.451322164622122;
  -4.457701742850921, 1.412986459141445, 9.902257163538835;
  -5.222189148334597, 1.289983214247111, 11.48331272965621;
  -5.513141831206942, 0.9332061787465006, 12.16463054877105;
  -3.658697734995839, 1.436728199616618, 8.511037714829515;
  -5.294207207799081, 0.9693482944972931, 11.8550520406112;
  -5.131071716444881, 1.333621807828985, 11.58896156741904;
  -4.763150331669161, 1.390073164075502, 10.83727595693075;
  -5.015137722795243, 0.5339699310143884, 11.37555300122115;
  -4.913589159217, 0.5983574128881414, 11.17413683896678;
  -5.314024644379367, 0.8394794450336353, 12.03806667396639;
  -4.893764779713089, 0.5933380371771778, 11.26090425571494;
  -2.759166351920796, -0.8022570066841334, 6.837757308492017;
  -4.878942476465022, 0.2989769468220622, 11.25726294352057;
  -3.698953612873181, 1.439792605322954, 8.824318455036979;
  -4.843646335061043, 0.3781869064642646, 11.26096829459251;
  -4.988822026236286, 1.227652797567258, 11.57430256230648;
  -4.867316754681632, 1.264648432059492, 11.3209371527047;
  -4.828075996548017, 0.6490078581001111, 11.26259007826648;
  -4.867420536613663, 0.5612749461109799, 11.36134712734617;
  -5.017001008564545, 1.302107675427738, 11.69172351854464;
  -2.718664175727921, -1.154878099584711, 6.833138599160944;
  -5.081583658714036, 0.9618928553318534, 11.84919864885103;
  -5.226791951219671, 0.9242286738478719, 12.17515854466033;
  -2.7181438538986, -0.8435742869298766, 6.863596190301679;
  -2.814276192081053, -1.52257462154622, 7.092369278620556;
  -5.278577776851701, 0.9294176431364116, 12.4402386507897;
  -2.723115770909037, -1.190841131298682, 6.952515424323095;
  -4.999145950767692, 1.032598317165819, 11.89858768325108;
  -4.18354977717709, 1.413337075893801, 10.12628563759936;
  -4.819596629216588, 0.3879374826468241, 11.56334055177087;
  -4.680473636804323, 1.365737174480374, 11.27332514428013;
  -4.768406517898555, 1.31805518174879, 11.49294691269256;
  -3.594871860202563, 1.451269548915026, 8.941884252464815;
  -4.857075738692736, 1.178329683091087, 11.7327675003679;
  -5.002363670323247, 1.116307867000987, 12.06659459204064;
  -4.601590785603857, 1.299341820088707, 11.23354465459807;
  -4.803355877720283, 1.20279162837957, 11.72315715962609;
  -3.793845611985483, 1.415857116397737, 9.495945643842619;
  -4.917159813273147, 1.012143439351032, 12.04852175969168;
  -2.603883432352149, -1.095064156936503, 6.88418677741867;
  -4.819148440480178, 1.108432422165693, 11.9363725245267;
  -5.145367358130642, 0.7184849774144809, 12.69429823117872;
  -4.632476332653195, 1.318543288821037, 11.64035084095614;
  -4.809533979907397, 1.24607762405597, 12.07013995310113;
  -5.077021702371809, 0.5107424278523978, 12.75758603519194;
  -4.258704520220556, 1.405052122548735, 10.86523154836977;
  -4.3184864568864, 1.407566799827144, 11.23346303665946;
  -2.702723345990571, 1.4938432438737, 7.433136491408801;
  -4.102452029359204, 1.427251273756948, 10.8284757910164;
  -4.298501488176671, 1.412251110041613, 11.3718658645376;
  -4.777478845574312, 1.310960922552019, 12.56904395873345;
  -2.637509924524335, -1.244024639297265, 7.450653583513113;
  -5.09341692191439, 1.225861368730781, 13.41302699873553;
  -4.917486126354886, 1.27665607831638, 13.23238937717728;
  -5.313345634178521, 1.197198586076247, 14.25337849530674;
  -2.998579056151516, 1.456766054005002, 8.598646137353411;
  -4.25680351553589, 1.40008285024197, 11.95304665864253;
  -4.089087147183277, 1.399303933633264, 11.53901968552342;
  -2.500510138677213, 1.480862792367126, 7.675120521196695;
  -2.494188208742057, -1.056967069677978, 7.703729659117384;
  -2.467067206422504, -0.955074631563142, 7.637863624582811;
  -4.086743988136953, 1.383218170162367, 11.9142875690058;
  -2.436817990703879, -0.9264697047911699, 7.631037261104005;
  -4.61957708568096, 1.371174017554844, 13.46856415369009;
  -4.239895996388913, 1.400690017987174, 12.52171962524936;
  -2.417521371887148, -1.025523750742695, 7.637626664715484;
  -2.364398428446439, -1.074134108081982, 7.560575489233735;
  -4.575027750453659, 1.192717616592464, 13.58812371974481;
  -4.70695578270745, 1.071648185464261, 13.96467833554187;
  -2.323613229185317, -1.095791706359123, 7.549978537391209;
  -4.848693785418746, 1.096753685330497, 14.63289982489874;
  -4.609890417614807, 1.400051276157378, 14.05935974187187;
  -2.186912308307123, -1.39622748692772, 7.308793225977396;
  -2.172696822957408, -1.356859019333231, 7.299705027841;
