m=[-14.13082214855988, 1.67651600993709, 18.9813106403603;
  -14.23637189168377, 2.565444990677233, 19.33412980854013;
  -14.1836261050595, 1.935787909547857, 19.30893678255634;
  -14.3221778009658, 2.457378986838777, 19.49932031911433;
  -14.15655197717275, 1.622899084291697, 19.28681613937673;
  -14.14923415182046, 2.725862278771785, 19.34508800940653;
  -13.99280717908598, 1.422732391691928, 19.18803219775566;
  -10.96717160692506, 2.447847580155518, 15.28101623696573;
  -14.04587658503913, 1.820034700663298, 19.29908562530902;
  -13.90692378233437, 1.280975489248525, 19.20646761389781;
  -10.66994916445822, 2.625962843146748, 15.05320437139826;
  -14.19551096008541, 1.583107952315142, 19.69768952842976;
  -10.59267558878011, 2.549940987951596, 15.01796043584618;
  -15.28075747026979, -0.01740005576643362, 21.5486743884115;
  -10.26855707211197, 2.656959032100666, 14.94570799352758;
  -14.67059045201704, 0.1009468050319999, 21.10745546173789;
  -10.32266421907574, 2.654856970945536, 15.19819282125554;
  -10.60569055060709, 2.563324883940605, 15.66970698930893;
  -7.275615824184507, -0.7619418527898522, 11.09532056732042;
  -10.07353171770592, 2.646624153175294, 14.96936287609028;
  -10.35267968377069, 2.663396185395628, 15.42321320675332;
  -7.34461859885266, -0.8096498912376871, 11.25168293482605;
  -9.511298962845906, 2.804708076860661, 14.27822410464379;
  -10.53520311197936, 2.545522328234629, 15.74309689122273;
  -10.83101983162604, 2.318774263980397, 16.23745009006414;
  -9.988148181592106, 2.656225836499703, 15.06121228142107;
  -7.323715986374721, -0.6068731347616441, 11.32102622625161;
  -15.04946050490396, 0.9661263096876913, 22.2233038327726;
  -10.48760170841471, 2.424729508719744, 15.82849520569068;
  -11.69493943121727, 2.375327599544358, 17.5727271795931;
  -9.374636685778915, 2.839343310459705, 14.31307455463656;
  -14.28827974951424, 2.117874397995751, 21.32120896981913;
  -9.84038692812925, 2.694450352598071, 15.02974978655986;
  -14.36863933655852, 1.727081573500455, 21.50097171913756;
  -10.43136964267298, 2.560060796565136, 15.93569996189639;
  -10.57671605525446, 2.488726758054465, 16.158924086742;
  -14.19835691064517, 1.831684624505229, 21.36416359544381;
  -7.015884417073829, -0.6072438928164117, 11.10694904929263;
  -14.53281900815264, 1.330240930991629, 21.96468392050597;
  -14.20615830558432, 1.998586499760018, 21.53103556815777;
  -9.718274788927811, 2.784457003170099, 15.04849683959177;
  -10.29101911186847, 2.638928014812693, 15.89593992412035;
  -7.085820645699489, -1.22162742863473, 11.27776857085417;
  -9.379883145534471, 2.786856004129789, 14.61207887855226;
  -10.05703379303722, 2.69001321241882, 15.60550652812878;
  -6.962748668684752, -0.6768252334417381, 11.12556817088681;
  -14.15838333710813, 1.088892233342851, 21.58130709462602;
  -14.27237243533759, 0.8853810348040676, 21.76160342314108;
  -9.825833738979956, 2.671377869724305, 15.30649985902976;
  -15.20347984024793, 1.380761306726743, 23.21046429211451;
  -6.981112634644451, -1.011966224495745, 11.21849096602025;
  -6.988618260523629, -0.9567922321199885, 11.23924731085313;
  -10.65267301119045, 2.551852966828863, 16.6232459580529;
  -10.96745021054931, 2.296955975169519, 17.19163336817367;
  -7.024462834269651, -0.8569254601310031, 11.41072394807947;
  -9.706732201435122, 2.699224151613863, 15.37305724466892;
  -6.788578265906435, -0.6811141105261042, 11.08181644478404;
  -10.70892948628666, 2.37712364813015, 16.8906742747775;
  -14.66983747370432, 0.8943962581861445, 22.78421732830779;
  -14.59363622209547, 1.429437498465671, 22.6696841425237;
  -6.880794511422535, -1.697690185315914, 11.23280950037582;
  -14.03223209878204, 1.192918018420491, 21.96901119572328;
  -10.04709804724292, 2.720109537717787, 16.07616520617333;
  -9.357357165560162, 2.763776266932442, 15.12504016315574;
  -10.94401253881094, 2.393925227883831, 17.54884152943425;
  -9.873005305758626, 2.682593221316354, 16.01663842869897;
  -10.43707008208454, 2.695062893704167, 16.87597448779079;
  -10.37326008844602, 2.205877286810362, 16.78593802397887;
  -7.112859570683892, -2.496717458840367, 11.93467498490654;
  -9.365315878287625, 2.675553293198219, 15.40041292467806;
  -6.840438290072918, -1.732402329659585, 11.532751762753;
  -9.619651877628723, 2.699278886613501, 15.8790730186428;
  -9.801148820308326, 2.702711975463597, 16.22308327562095;
  -15.82964535672164, 1.220877930829155, 25.58435098183768;
  -8.424363581610361, 2.855878986786062, 14.09886013396126;
  -14.67867813312582, 2.49302679822624, 23.88034860033624;
  -10.1960041631653, 2.665357617857383, 17.01899275940319;
  -6.882892981640362, -1.409108381780329, 11.90151298513374;
  -10.74938515469349, 2.601030171435099, 18.01834480565326;
  -6.886689892171264, -1.632848408637959, 11.93817177926562;
  -9.260386835928291, 2.83190224792746, 15.73960331078344;
  -6.727881770312395, -0.6012347244376449, 11.77346759108518;
  -14.69247729568593, 1.232945479608455, 24.50227088629193;
  -14.67982913774592, 1.011803575176849, 24.48611679295106;
  -9.069055274593188, 2.861625336252129, 15.5128520653968;
  -14.21041825176741, 1.19989537177389, 23.74290838848055;
  -8.238568006829695, 2.779606847875564, 14.22078245421542;
  -6.973996864190696, -2.164530204095731, 12.2869205246013;
  -6.572836433077496, -2.694604726502108, 11.65892042605743;
  -6.275486957790649, -2.3301606409357, 11.22554000675913;
  -9.885824048295216, 2.679819547931932, 17.12057134170436;
  -6.481759237371512, -2.636206091670021, 11.58382754601245;
  -9.454429676290603, 2.782176580509586, 16.41554171024511;
  -9.176903125968622, 2.803628553223479, 16.02663230295921;
  -6.713260416998168, -0.7988749790427583, 12.01349135521153;
  -12.42257707408729, 2.601118411620604, 21.39601749234558;
  -9.608422569070404, 2.675519110696941, 16.7951613698771;
  -13.83612558188568, 0.3675781038821152, 23.77236146652533;
  -12.48137948594771, 2.350537665567247, 21.54202707197752;
  -9.301794986809375, 2.811390546535644, 16.33294815542188;
  -13.87321651782461, 0.6352311052697877, 23.94145471795347;
  -13.68030467601173, 0.1955914873138213, 23.68443473789978;
  -12.57451573414715, 2.42375910614541, 21.87225397967097;
  -12.32215154693224, 2.611469759065538, 21.48643929841884;
  -13.7206332749144, 0.6244622357306717, 23.8932611872244;
  -12.48832868845466, 0.394470110691647, 21.8564488089633;
  -9.403158383908609, 2.723788071282322, 16.81124566870192;
  -8.927108574473852, 2.811964598270394, 16.05758262009188;
  -5.96215199419269, -2.372334630955881, 11.09871650625842;
  -9.308145624307288, 2.794087035736417, 16.81173114633835;
  -13.37201161470662, 2.332872355830365, 23.71741655464664;
  -12.88897713319289, -0.1132858810482664, 23.03899077145823;
  -13.01330270342971, 0.01467251453752991, 23.25358505708288;
  -10.22683880801318, 2.524856536830127, 18.52130048762742;
  -10.08388364498395, 2.655819069329369, 18.48218081024173;
  -9.973967205792986, 2.722140103338235, 18.29116839415844;
  -9.713919316347184, 2.897330551818548, 17.91435936047335;
  -6.073664972295256, -2.495688263033216, 11.60992942326599;
  -5.915615793473447, -2.48642731682535, 11.3280967557428;
  -6.240335319578247, -2.004236879962256, 11.93612811926534;
  -9.434606658423459, 2.722127087132678, 17.5723013700673;
  -8.146140996986082, 2.862797380878592, 15.33341138737747;
  -6.057893200408823, -2.613550715194997, 11.69101335658977;
  -8.285987679050361, 2.848658431828692, 15.60664042495201;
  -5.988707789964498, -1.793108603207893, 11.60103876641092;
  -6.108930844653008, -1.567090014794206, 11.82561413732877;
  -5.914106585912357, -2.28802375308872, 11.51697745838516;
  -7.451539306344298, 2.830862569208837, 14.22562919168925;
  -10.06411050079498, 2.631338893325364, 18.86238392144281;
  -6.17394857142325, -1.679806477401449, 11.97976443177576;
  -5.838425962991508, -2.572256454668366, 11.39323075953314;
  -11.56129201513416, 2.538586739786045, 21.61165556071471;
  -9.402255823713672, 2.845552274126893, 17.76877972098821;
