m=[-6.771152478935479, 0.7184137744281866, 9.448416533989306;
  -6.850110502350004, 1.025929743382001, 9.565977612886259;
  -6.798163763034996, 0.826821826170463, 9.522789271848215;
  -6.781539049931215, 0.7702099175956209, 9.510954703492429;
  -4.491370376414313, 1.325928598533507, 6.652776565598891;
  -6.845201815816513, 0.8906565573544548, 9.638399801759997;
  -6.878459668411385, 0.5475688793246406, 9.815544993003158;
  -7.102061415871313, 0.3987322446572916, 10.43571019911432;
  -4.445912635447391, 1.355903245118132, 6.940510132827109;
  -4.53185291156104, 1.333255439092975, 7.247360096265386;
  -6.695400021176421, 1.14543394880942, 10.24207446758184;
  -4.490818728132711, 1.366151253651536, 7.209681288735087;
  -5.982514680375273, 1.28807425268918, 9.264553482143359;
  -7.603142781711854, 0.6033078058748997, 11.58726514353072;
  -6.330005597506877, 0.1707246431336473, 9.824903174053128;
  -7.102450016067755, 0.5073512045645875, 11.14731076925571;
  -5.966908783624123, 1.128231658410473, 9.631715435503274;
  -4.571737217540928, 1.36059586052666, 7.802905020463998;
  -6.144032505625984, 0.3093225427739011, 10.31384150232963;
  -4.872123674810546, 1.269047122277851, 8.472843849371088;
  -4.58963912462105, 1.323164777609324, 8.156414814251592;
  -5.403624103846282, 0.5019418801302169, 9.694284438543404;
  -5.481775812721918, 0.3706768142049101, 9.882150618500042;
  -5.336858490888058, 1.173304596377508, 9.728305381786482;
  -5.408765836257827, 1.13003795644036, 9.914910370664611;
  -5.189283183203876, 1.262771469061363, 9.633311496691347;
  -3.604490808387572, 1.389552116538796, 7.025635749569279;
  -5.229168222104325, 1.260516376718403, 9.751468362265898;
  -5.485560429109907, 0.9761738024572403, 10.19896136275539;
  -5.10857058406731, 1.373163821048863, 9.593259138497229;
  -5.421037618572272, 1.032935236020582, 10.1308316237569;
  -5.41717330828774, 0.8492532323969784, 10.2123492414685;
  -5.118380110550532, 1.286192053107128, 9.705960161709571;
  -5.321341974393306, 0.9080118112095621, 10.25206066048712;
  -5.165690036199014, 0.956838578146118, 10.07405150634751;
  -4.931572890197209, 0.6192973456929104, 9.70215016862447;
  -4.928979399297196, 0.6925902864654142, 9.730941073503024;
  -5.10505290751671, 1.012447140382852, 10.06983504466553;
  -2.481301916119875, -0.7940244273190023, 5.442526843434317;
  -5.143562717140658, 0.8334141646661482, 10.15953664328983;
  -4.768458499014505, 1.233103928806598, 9.606782657428552;
  -4.665033130686973, 0.5509650960759175, 9.425917368639384;
  -4.906921835985985, 1.202042524384674, 9.881539349328316;
  -4.891385728936794, 1.264300797503841, 9.904650661928834;
  -4.828328565198617, 1.290559441178932, 9.805323743648213;
  -3.631896739085987, 1.368464700162959, 7.650618915248077;
  -3.72814483553609, 1.36744832312487, 7.910916226607814;
  -5.149481449049767, 0.9187391041542108, 10.59846022330215;
  -4.579396919493013, 1.322097356574738, 9.538663520132712;
  -4.88060250491581, 1.010656386376235, 10.09975679467632;
  -4.752847135101229, 1.303503669450827, 9.925696809275582;
  -5.060857719406843, 0.7226945911313735, 10.53611293001216;
  -4.765007211476686, 1.149045359059465, 9.989377440763583;
  -4.820357982784265, 1.08124879852788, 10.12222419837965;
  -4.718074067990972, 1.172509003696834, 9.98910466670983;
  -4.62360629416926, 1.231584082085273, 9.958244410864243;
  -5.088159117213055, 0.7290735511792897, 10.9626233933913;
  -4.607527833388442, 1.295242766871792, 10.02715224111413;
  -4.20764682239945, 1.35097009891663, 9.437102780178961;
  -4.940487430133542, 1.260870818184605, 11.18046366102288;
  -5.131757878090785, 1.21513054227065, 11.59442678571345;
  -4.592523885482645, 1.306165080962045, 10.52655374337734;
  -4.76756683746093, 1.290671427588735, 10.92043335468494;
  -5.014538733491911, 1.203795057302047, 11.56446933862164;
  -4.788632176388847, 1.231655896410389, 11.26037300546154;
  -4.204320484945429, 1.357537792796639, 10.20789185481757;
  -4.99331960017449, 1.122218711478383, 12.01267673458672;
  -4.260600277622564, 1.345600170433361, 10.49163245582851;
  -4.521162525767036, 1.300432279366005, 11.14710038674103;
  -4.430738802991108, 1.318477927260597, 11.05017278835915;
  -4.655292667088976, 1.227722753414646, 11.61108086849346;
  -3.993284029784443, 1.351397327733569, 10.33411158074849;
  -4.092423022478403, 1.352230339985834, 10.65989838077184;
  -6.514810345129026, 1.073726852116985, 16.66187622780728;
  -2.443518255059403, 1.408451619031395, 7.215717952229767;
  -2.237543981244946, -1.053804546102342, 6.776223602338786;
  -6.893309493900691, 1.003189098866835, 19.14493618685991;
  -2.294124166198866, 1.445026334213823, 7.252221583371421;
  -2.241112582471646, 1.478391241663356, 7.225261387142559;
  -2.224203060055788, 1.444417784275001, 7.244556898868899;
  -2.201756201021476, 1.481846093124652, 7.30210786239996;
  -2.191608361291048, 0.8096812482844488, 7.832287008907581;
  -6.189924133979929, 0.385759352266185, 20.84885563835031;
  -2.079659090400697, 0.8645591746172582, 7.841193672539782;
  -6.300642174795772, -0.09215201701259491, 21.72759426039616;
  -6.576212353559991, 0.267194504057761, 22.64177681346113;
  -2.073552371654483, 0.8205668140012545, 7.864557221837921;
  -2.021782632046818, 0.818913746454325, 7.801571914702154;
  -1.911455745417175, 0.8824786422120456, 7.8433010411152;
  -6.938409711062661, -0.1058324420375774, 25.68895579045014;
  -6.498109335527625, -0.03608774720766169, 25.75678310084178;
  -8.541335877123384, -1.306248820586783, 33.85808131498475;
  -6.434255841392303, 0.197846227880895, 25.9799517058277;
  -6.67005256513366, 0.02722842121352304, 27.16956634639623;
  -7.885779208617782, -0.9213400019858935, 32.54905088432624;
  -6.336725144245262, -0.4086856136926395, 26.80905559797766;
  -5.846511066869699, -0.1437274064448079, 26.23148944793789;
  -5.682635129905282, -0.2685110855929807, 25.67124045846564;
  -1.579540162814068, 0.6722404481690527, 7.930238883900312;
  -6.027434545115465, -0.3990299549045633, 27.3903064373945;
  -5.747653610142655, -0.5534061754339357, 26.18305555346033;
  -1.553004115193683, 0.6699820122015933, 7.906669460022283;
  -5.405083927400337, -0.0141095756038278, 24.88080111446276;
  -5.226873868046686, -0.2414563485050585, 24.64098024363556;
  -1.498656976466887, 0.9842127572636559, 7.846616701897299;
  -1.539135452569969, 0.6516058329317044, 8.060349495835023;
  -5.587812464771433, -0.5592043687790458, 26.67785433962435;
  -5.012771430009996, -0.3047211470196588, 24.63601592509421;
  -1.656381566932084, 0.306666955848055, 8.871363927368078;
  -1.561456057210785, 1.233121984500867, 8.45555156108529;
  -6.538321551402302, -4.768712349320535, 32.13793903534317;
  -6.565552027828506, -3.364825946053118, 32.29456976692686;
  -6.261532479584398, -2.988180857111876, 30.89266766163106;
  -5.848574233369922, -0.4937987469422618, 28.94103775937099;
  -6.292915954041056, -4.311850056734041, 31.18159347467826;
  -6.289689481462508, -4.740709436041863, 31.38854187162344;
  -5.399467718890098, -0.8637949348318174, 27.06310676722352;
  -6.127157614792951, -2.841366962443855, 30.64738583664818;
  -6.464292958450232, -2.581032128837453, 32.43553975654996;
  -6.162864951207956, -3.9059276535694, 31.51444373753976;
  -5.61574094079355, -1.363278241601851, 28.77926377874886;
  -1.593848768729326, 0.3069809150517504, 8.965257645053315;
  -6.348895182439743, -3.136783964723645, 32.56858628430336;
  -1.477546244960962, 0.5878959982477428, 8.436792998563881;
  -6.382565025974577, -2.795984613535957, 33.24074022576107;
  -6.026480157925567, -4.306884882032642, 31.7383150904889;
  -5.419617215598375, -1.295333016506151, 29.07163983058689;
  -1.544169465158637, 0.7597434410095489, 9.060604737431488;
  -5.899131805995826, -3.85482916235125, 31.61662692778151;
  -6.118169376872814, -3.070613712316788, 32.79454441005856;
  -4.903960468795117, 0.07165321985106009, 26.57469879500801;
  -5.069380605912667, -0.4004064441640052, 27.47158281566805;
