m=[-9.617064611621474, 2.626665323254972, 12.59820592401375;
  -7.220633283182757, -0.8486958191424554, 9.770047591588886;
  -13.85073819199672, 1.574898789037845, 17.91927975934006;
  -9.209239703770438, 2.778649110159731, 12.42731084350738;
  -15.66619895026226, 0.9680446353254, 20.52889768006146;
  -10.01634298772849, 2.586046229004863, 13.52898299339361;
  -9.97406275854852, 2.621668135319349, 13.57882495540068;
  -9.256318794796171, 2.719760306278157, 12.68273354893809;
  -10.09300437106168, 2.598501253635833, 13.80481057217245;
  -10.26792638493022, 2.483417592523852, 14.10613674042004;
  -13.81281136679272, 0.4206149879359767, 18.63518117846601;
  -6.956114400868713, -1.160472544213043, 9.891789612708669;
  -6.774148524707108, -0.7779565285298251, 9.70720595475869;
  -9.242622696883968, 2.795238009619629, 12.88339797409413;
  -13.94681734022275, 0.443589783417556, 18.95803529982577;
  -11.12205596685573, 2.299504259566936, 15.32898327498378;
  -6.871186737019929, -0.9068822146967949, 9.8694754543823;
  -10.27433565748468, 2.384834488098762, 14.26189126221951;
  -6.761444882448674, -0.5876737928918848, 9.73770725537258;
  -6.773532415572267, -0.7033436983381033, 9.768905133675386;
  -8.714533697841459, 2.780250872908423, 12.29108612719714;
  -9.674006105323095, 2.648372064638372, 13.53840256023466;
  -11.15398921163219, 2.273978607675784, 15.51752333573004;
  -6.966314984309821, -1.503888941353472, 10.08595652679408;
  -6.738567614982635, -0.779968911888782, 9.788780380817011;
  -6.731452049547523, -0.6423716960769067, 9.799018364065322;
  -10.17685391222118, 2.496280192249463, 14.3018102080115;
  -9.26792421485839, 2.754176405552226, 13.20150482021465;
  -8.853662391385274, 2.820693209787013, 12.67590144441161;
  -14.05490710478097, 1.984243824440025, 19.58329547783088;
  -13.92252346292232, 2.085153359007224, 19.44239406291458;
  -9.964294870278287, 2.664709452679454, 14.20289658928729;
  -9.727014672323778, 2.642201910949092, 13.89933217445376;
  -13.93029496396184, 1.694262204129965, 19.51339627294796;
  -14.00386651103526, 1.59048215929597, 19.64010515600612;
  -10.56630091376101, 2.52746893776968, 15.10179447490391;
  -6.664588784571062, -0.4939550300606032, 9.916215252418583;
  -14.15143798907832, 1.84130013695792, 19.92595993202015;
  -9.92143522991606, 2.594980644621194, 14.31731454546936;
  -14.35600649034735, 1.347000909460399, 20.33147233721109;
  -13.94397923353031, 1.978317616461246, 19.7837590409653;
  -9.550779528290811, 2.653537153840241, 13.87802311089412;
  -14.1810685587566, 1.128902718439234, 20.23634988027568;
  -6.806257350265748, -1.221321451473185, 10.29493629527005;
  -9.079572667277542, 2.680443618105189, 13.44898398576073;
  -8.838521883321901, 2.804932537989788, 13.18022167686246;
  -10.01876843516297, 2.58795708659109, 14.95417770344394;
  -13.70363399677833, 1.195550369464344, 20.0983699950669;
  -10.3336509035608, 2.464518103990416, 15.45743257009697;
  -8.168044237731975, 2.823941475920106, 12.46001401365103;
  -8.3082308844573, 2.805395320783196, 12.67025590535048;
  -9.610565036536753, 2.691139272775652, 14.58224179299585;
  -9.634652181748235, 2.656097643781046, 14.68142443667709;
  -10.33418283626685, 2.546018060698534, 15.67965208569457;
  -10.35871996486851, 2.576572304032449, 15.83647347573244;
  -6.833843420799213, -2.06209367355203, 10.83144087875562;
  -9.978237459442559, 2.608806866410734, 15.3794073028185;
  -8.459495721723863, 2.834458486004982, 13.30760053471357;
  -8.872915111936701, 2.793730612164557, 13.92648365369968;
  -9.025581660681906, 2.707563432812003, 14.14925888033415;
  -14.17362918493592, 2.424792543375029, 21.68165682839937;
  -15.78064695486624, 1.252191069267701, 24.04986275442743;
  -10.76829233612421, 2.609576210832556, 16.7249665024234;
  -14.97847534370285, 1.600350346074186, 22.91567727903174;
  -12.32012549365916, 2.652603008286557, 19.07901069046157;
  -6.301999638664016, -0.500522629078503, 10.30366659224023;
  -8.903618871984646, 2.786815733203889, 14.24661733513736;
  -9.169954615190218, 2.697768905020961, 14.66463375127551;
  -9.092330358961348, 2.765976377691345, 14.5970719435515;
  -15.37659358154506, 1.433276917483708, 23.99460796916921;
  -9.816272502344203, 2.654875777663168, 15.69671079251403;
  -9.50372610206913, 2.646150372478167, 15.32140248416268;
  -12.15536515255057, 2.298353851542789, 19.62105043155877;
  -9.780310342312989, 2.64147379546759, 15.99767554967983;
  -6.214633119727822, -0.4891236211887208, 10.57102397861192;
  -9.239633642269682, 2.672298587397045, 15.23232051834923;
  -8.927014724973805, 2.802285079936924, 14.7606431485547;
  -12.03964813866662, 2.554048195509317, 19.63004097323257;
  -13.75993903054873, 0.6681777588467157, 22.31369519345313;
  -9.156983232802009, 2.741993466509528, 15.24882038906606;
  -13.72090834282973, 0.6536918451314603, 22.4480748841642;
  -6.122967713581161, -1.613571738453452, 10.65296265775933;
  -6.057953369001166, -1.953480948812811, 10.56910503375584;
  -9.955386065020612, 2.455647120601344, 16.71941187237453;
  -6.089606009969352, -1.558101781885097, 10.63029010198288;
  -5.997546192452989, -2.099317450923853, 10.48662905288792;
  -5.963302225184883, -2.010869139232664, 10.4622599712573;
  -11.69508836557992, 0.5887915579701304, 19.63226718736916;
  -8.925745889755463, 2.821742330178752, 15.21899355136794;
  -5.874184296604105, -2.107939450567161, 10.39856686293068;
  -8.931782978327956, 2.765455111952428, 15.27476213503798;
  -9.903836290182261, 2.698843624519889, 16.82960601114676;
  -9.983445625319526, 2.625097838462294, 16.9647302510754;
  -8.03081504700063, 2.808090867985775, 13.84513576198298;
  -9.340791034771781, 2.779915163800914, 15.94258414081153;
  -8.211576650094488, 2.809789731762023, 14.18336061788896;
  -7.473777384559471, 2.76027128737441, 13.00143983612189;
  -5.814760359785526, -1.898570141109106, 10.35340867341793;
  -9.348909159566022, 2.689773785748451, 16.09306517425928;
  -5.905934024032423, -1.997833005953278, 10.54980009966943;
  -5.847155552528269, -1.789383433765333, 10.48321504887608;
  -5.844720953035611, -2.385949939772137, 10.48689904375563;
  -12.22024722312715, 2.702096301388325, 20.86336435711761;
  -5.921149373510858, -1.944962206322685, 10.64833254579216;
  -7.656791426165237, 2.822322042918342, 13.47140890167537;
  -9.192463064853468, 2.770435289071906, 16.06351975147057;
  -9.99268846608665, 2.602805960626491, 17.37773805831314;
  -11.43409922998976, 2.514486121972413, 19.97853812387724;
  -7.308470599660608, 2.812678473314561, 13.26776174342165;
  -6.070532422037558, -0.5700616789800965, 11.23672136681906;
  -7.25858828345611, 2.849170690964101, 13.24317810951827;
  -11.14082092860008, 2.493618096043747, 19.85652338422501;
  -11.15138638941093, 0.7912294649459906, 19.90669772249413;
  -5.47699633291561, -2.279194247882861, 10.32737084031505;
  -11.31282732286079, 1.05084693289146, 20.29559491265785;
  -11.1394579374603, 0.8620108029480691, 20.16727009996928;
  -9.250754719001387, 2.749414317406944, 16.92295003235112;
  -11.05092744864227, 2.736831260917034, 20.02875585133264;
  -11.21528143788835, 1.512083445611522, 20.32559576031728;
  -10.91719200945899, 2.400137006837253, 19.90042980546475;
  -9.028105802822658, 2.729599421019684, 16.73493036389736;
  -11.12817219412661, 2.324977147442518, 20.39926172334077;
  -7.352680777546017, 2.78386877833832, 13.86096425032928;
  -5.775969481196817, -0.4530408428250927, 11.17768963662694;
  -10.58646652179468, 2.576133814621, 19.6525658849819;
  -5.523228432946898, -2.388634875285383, 10.75308323372576;
  -5.589362546394932, -1.573753590402491, 10.86898307323145;
  -7.545111324627175, 2.79155872778781, 14.33723675383766;
  -5.597126509523734, -2.24144909211297, 10.90814898073048;
  -11.03384829454733, 1.96351016174519, 20.51454794690004;
  -10.66604897892485, 2.571102867944252, 19.89028364562893;
  -11.06699579296462, 2.108727279862593, 20.68199463793405;
  -10.2111606022394, 2.744720089342688, 19.17528751929353;
