m=[-4.773019835427254, 1.288453007388986, 7.04755380403213;
  -5.858231601500753, 1.110156974730848, 8.850758400243404;
  -5.811356946330921, 1.129920915677574, 8.859637833361832;
  -5.792664971920433, 1.081162553028558, 8.850254070484908;
  -5.544856579663412, 1.231129590063594, 8.887505340002157;
  -5.480074953694289, 1.209223906776232, 8.967566313022173;
  -4.421579917744704, 1.315557768569937, 7.5020364183822;
  -5.351550052342838, 1.115967526047846, 8.882076207189545;
  -4.642958924882942, 1.281518210533682, 7.848755502062808;
  -5.431431534432838, 0.4765256041469353, 9.055146267649745;
  -5.329343520819258, 0.5024963333739996, 8.957845943487456;
  -5.23443088821597, 0.4154703545682973, 8.875242428420712;
  -5.236816060553321, 1.153627478302136, 8.935098001386102;
  -5.076606466770694, 1.2373415731504, 8.814614785599272;
  -5.288454734475673, 1.011097600157572, 9.266988485164294;
  -4.1992282903627, 1.321696745734896, 7.609668525758508;
  -5.044886429724049, 1.269786587010185, 8.949509724596934;
  -5.301182607582644, 0.8367236124495553, 9.370782363603963;
  -5.196297906536069, 0.9845633057018826, 9.307113111029812;
  -3.331014130938886, 1.355624741969039, 6.346018267777293;
  -5.190322946078654, 0.8828737344003286, 9.385712275548418;
  -4.781503943055485, 0.5314881590157503, 8.765689313518212;
  -4.739848909972479, 0.6021943999256521, 8.721671520659701;
  -5.037603947662683, 0.9381115927840206, 9.212568620225095;
  -4.739022901543673, 0.5109650468349891, 8.768767829286487;
  -5.015674317165761, 1.003136672432024, 9.263440411067604;
  -5.087998766869674, 0.8390672283555336, 9.432572786706642;
  -3.589641415679616, 1.346306773396238, 6.97068955099953;
  -4.728571664551464, 0.5302567524202502, 8.856775451914823;
  -5.06395885719144, 0.9575961886235243, 9.435232941417329;
  -4.718489245594813, 1.220342289351069, 8.880674879261951;
  -4.691431190621672, 0.5650970550854534, 8.850667127142891;
  -4.803520180917746, 1.177239887122448, 9.056763920387898;
  -4.733076014584176, 1.26566235377855, 8.991282541098535;
  -4.972118633667096, 0.9428125641325948, 9.448978360787557;
  -4.82654821332933, 1.246316875330018, 9.226548230468183;
  -4.705416955295966, 1.290116665570241, 9.1900698941429;
  -4.677450563169708, 1.128905059224511, 9.177954656412556;
  -4.733627849665405, 1.068085293303787, 9.312644790261157;
  -4.640000530267162, 1.154095835275548, 9.196642233200761;
  -4.567139896812972, 1.192700405623887, 9.111383623892781;
  -4.981488074833408, 0.7198201174369932, 10.09076494461113;
  -4.881909068826939, 0.7669347251198656, 9.918864706316374;
  -4.733341801034192, 1.278034036469461, 10.18785969789467;
  -3.938260487056869, 1.326851971816587, 8.722390291079407;
  -4.642722330040655, 1.254290479457506, 10.22101469021319;
  -3.840317223292589, 1.341417897481564, 8.69489713481542;
  -4.676279159369485, 1.236715418024331, 10.56134759378359;
  -4.205985562866751, 1.321867054399748, 9.678451679044997;
  -4.007015094458823, 1.33824674022165, 9.314071223584975;
  -4.443615566171327, 1.273954374753507, 10.30223915139797;
  -7.06416614519164, -0.7150888324643764, 22.04171479000231;
  -6.75164238157516, 0.3558743890964722, 21.78168380202373;
  -6.670173393868848, -0.1035393084085938, 21.88734221955942;
  -1.878460859415922, 0.8553979006450972, 7.040747598917251;
  -8.525448045753052, -0.4644864031057969, 30.37200915422134;
  -6.603762096714494, 0.09567201440709743, 24.05918337864205;
  -6.978651610639433, -0.1202815499394533, 25.96822285005866;
  -7.772945412910171, -1.253800943223791, 29.17676648587955;
  -6.471905599579073, -0.0153999810198405, 24.55020658590655;
  -6.350883676168208, 0.05134565671365951, 24.77054256316232;
  -6.302657647714239, -0.3653530695696928, 24.8747089211813;
  -7.569753016348232, -0.8727487381995132, 30.06856062990872;
  -6.617873278257708, -0.4919240197576216, 26.45766194795951;
  -7.250803779516059, -1.282364093082502, 28.87703647034325;
  -5.860444785125715, -0.249725612619229, 24.45784482764403;
  -1.500487791117704, 0.9636443763110351, 7.130621532579217;
  -5.643324004527741, -0.2343555024304627, 24.3537191925748;
  -5.841989925408745, -0.5150026784326185, 25.40623075573845;
  -6.666575736459923, -4.220273573075507, 28.88331750540479;
  -5.530139450647178, 0.00873745739637923, 24.28208477188641;
  -1.522632395421027, 1.171958516424859, 7.481773497854161;
  -6.550756399530288, -4.291808642820907, 28.88072159788587;
  -1.660092765669502, 0.3072876816547058, 8.117373948840397;
  -5.770150485779057, -2.844854837113537, 25.52910787976028;
  -5.433612929542974, -0.2202663179060091, 24.33557072641531;
  -5.495103612907649, -0.415168413339158, 24.61437667006905;
  -1.532429940996849, 0.717231976076379, 7.717250188451247;
  -6.538805026668228, -4.27718855561234, 29.48148864517544;
  -5.520096877738179, -0.5118718505391823, 25.14322667742873;
  -5.202321672557207, 0.1443562163778371, 24.07160576257092;
  -1.618559226089336, 0.3097284523584286, 8.303283570224131;
  -5.068280521915911, -0.278134942233877, 23.74650150973309;
  -1.520009992562445, 0.5922367692933291, 7.881580857051342;
  -6.673729151572433, -3.390511326693335, 31.07065590167826;
  -6.327263035286375, -3.486187950444872, 29.59831815745184;
  -6.883526363000748, -4.845725031799325, 32.31007648301472;
  -6.258915949572375, -3.268297988644386, 29.48914785271348;
  -6.290965626196753, -2.898572940004432, 29.6900055183438;
  -5.422347285546703, -0.8237926512192753, 25.88597579487759;
  -6.457267067642895, -2.729655947193596, 30.62428341818414;
  -6.262433339357992, -4.320580808126406, 29.85003725361085;
  -5.115429656729622, 0.07277202883039888, 24.53472119428511;
  -6.312201602861248, -4.590571055675318, 30.07893852633321;
  -5.550472076653366, -1.992372076953124, 26.61851037188923;
  -1.461160817617884, 1.023012860224175, 7.827901484033744;
  -1.535117731966418, 0.73878770348636, 8.211632772266338;
  -5.515595187589181, -0.6093970053746736, 26.85956016148138;
  -6.315092415234948, -3.842998607616596, 30.78338766782622;
  -6.210336013348201, -2.953210489636213, 30.42311284425211;
  -5.131498682488806, -0.358177395368416, 25.40014247132734;
  -6.138670589915202, -2.58278374650309, 30.46258171328465;
  -5.789943714513012, -1.914639755098225, 28.86196916943107;
  -4.800195713796701, 0.03876558881572675, 24.12591665416666;
  -6.038164979800384, -4.454723298146351, 30.43020392217825;
  -5.578683099865091, -1.487281659373197, 28.25173819972243;
  -5.728310228826708, -1.790466439362523, 29.15771966418312;
  -5.264202363598437, -1.197324514574269, 26.88019419224149;
  -5.893542232645924, -4.234859478527098, 30.07718355929947;
  -5.65604476233214, -3.561499204701808, 28.89813709600787;
  -1.400219192654864, 0.9157012076763716, 7.96579657101187;
  -4.890236251797201, 0.07864273878609704, 25.18427316096764;
  -6.11283785588497, -2.944510307804846, 31.2352584406783;
  -5.430972490798897, -2.96341664719179, 28.17274334126835;
  -6.250757860279311, -2.046293944595185, 32.32575878337307;
  -4.818277739579967, -0.235042493850681, 25.43020624575649;
  -5.674312991698818, -5.217687942772652, 29.80878518606107;
  -5.375709143601434, -4.575430551976252, 28.31894030527878;
  -6.015816789637406, -6.21391538483229, 31.68925589159856;
  -5.520253638846464, -4.485820993204032, 29.23584746516078;
  -6.216616455273016, -0.6091506700411713, 32.90443126940577;
  -5.250501673774015, -5.191552414352884, 28.64397894086488;
  -5.482939019903525, -2.98245818098194, 29.99216659179601;
  -5.048691601224228, -5.117780613419235, 27.86160877994291;
  -5.428431898354381, -1.365062526825041, 30.0506392505928;
  -5.020960402711733, -0.03225086989060108, 27.9645338726879;
  -5.268831336263369, -6.399365551449394, 29.75742295492934;
  -5.620945448641717, -1.489783057439566, 31.83912841620511;
  -4.67091159663491, -5.430719442541586, 26.90036599742649;
  -5.021246497552361, -1.962224334329197, 28.92453008291271;
  -5.175103956453342, -3.398383286568274, 30.05730436904475;
