m=[-13.48085275451778, 1.658997000322894, 17.68115731406123;
  -13.47791522770606, 1.319729790619839, 17.68752045875618;
  -13.35067213712551, 1.542452361997608, 17.53819169264537;
  -13.45212061291856, 1.755345054767118, 17.75355101146305;
  -14.18790963486298, 0.5739453124549537, 18.69174727281523;
  -13.55225469151026, 1.393453342609903, 17.91074923773316;
  -13.56870166380755, 1.102934615945416, 18.16223909466312;
  -14.04718791929177, 0.9543864027317901, 18.97208883520835;
  -12.84259448803874, 0.324654345474198, 17.71665898791611;
  -9.746268054388128, 2.553204795897907, 13.85673630901328;
  -9.953681969714484, 2.458785027792762, 14.18377259123103;
  -12.86530510872701, 0.03257183226691838, 18.04581628534232;
  -10.40325628905973, 2.572146076221059, 14.8943254331945;
  -8.724652704021587, 2.728950245946778, 12.80334514624024;
  -9.027948823587986, 2.655048021251767, 13.26929650489369;
  -12.90765673343427, 2.220416081769126, 18.58166100128342;
  -8.940397125354878, 2.718081744607777, 13.18715688331809;
  -11.79446198631954, 2.55208133652995, 17.07607507348248;
  -14.98818599544037, 1.21399479535917, 21.59732795057203;
  -9.368051997763493, 2.613223951658807, 13.92526501339263;
  -13.89548493354168, 1.42258629509229, 20.18465999247828;
  -14.68851967068992, 1.396952808735926, 21.32024903648809;
  -5.815686095027424, -1.924943787977917, 9.089441348692597;
  -5.938562340562315, -0.5546426700737158, 9.269448825405558;
  -5.693280189197575, -2.002172079838806, 8.969625028349201;
  -5.683679501423573, -1.920491099159198, 8.959916194976659;
  -5.728849556058739, -1.501201189000025, 9.040946977463896;
  -5.636157202664835, -1.802200850575859, 8.927415498345454;
  -5.646870996608674, -1.651670979878629, 8.946923304765518;
  -9.030148804941053, 2.611478926839769, 13.71770893408682;
  -5.718373640959617, -1.744705823742959, 9.071127298417085;
  -5.606403679145716, -1.603657422310016, 8.95623239305745;
  -9.077277405693016, 2.717546221594525, 13.92949447505315;
  -11.89355979068291, 2.253874420503021, 17.96907862079348;
  -9.774016997548342, 2.611679023210182, 14.97687040109885;
  -5.591678246752503, -1.482329177642505, 9.002492569855317;
  -12.88162702994164, 0.2642513021839089, 19.54776245863421;
  -11.85385956884635, 2.30478423232988, 18.07166616633584;
  -13.67094399491995, 0.9928750364939625, 20.68532198581652;
  -11.66249299397913, 2.176727078325728, 17.81840078656344;
  -12.73054932170147, 0.4264302685963459, 19.38053605882836;
  -7.902153145060225, 2.759047159199705, 12.46237760394253;
  -7.609580273018652, 2.80267414822378, 12.04648544211334;
  -13.5492888769041, 0.6881236454807957, 20.69635991484529;
  -9.924164535339305, 2.45201974980882, 15.45214284085245;
  -8.694270205749977, 2.690331036631502, 13.7010191842233;
  -13.04359333846547, 0.7533535005651154, 20.0565551984459;
  -13.46211222529576, 1.30439611681129, 20.68175183262537;
  -8.957333337751859, 2.692871882245838, 14.11668579641925;
  -13.28781442336896, 0.6760695553892882, 20.48307326273404;
  -9.034793058431173, 2.689127825027123, 14.25172670428124;
  -9.579912117048615, 2.613867767367625, 15.09904338972553;
  -9.717826291332573, 2.558046581173281, 15.32326965598326;
  -9.043981865361525, 2.603074451119078, 14.39642928246123;
  -7.690904617851367, 2.698253056314334, 12.42333074282268;
  -5.952270383040673, -0.5332819008897068, 9.884069142156681;
  -8.956702976477228, 2.695598930667683, 14.46914590937212;
  -5.749706902921859, -0.2498223132472685, 9.694332841285892;
  -9.611419698485758, 2.503262743830944, 15.52982665366275;
  -11.17501691389439, 2.481199250962712, 17.91173875643861;
  -5.817326280866871, -0.641098166422347, 9.839078045217383;
  -7.02757504417035, 2.747381563473668, 11.68141195729431;
  -5.703281579840418, -0.190567882920961, 9.695619743619092;
  -9.550273449809463, 2.602821933093388, 15.60117641636393;
  -5.727264994827462, -0.1455977356152765, 9.78163923393809;
  -5.61651162155677, -0.2200404776740966, 9.618871474780253;
  -8.890999695879357, 2.709916819299056, 14.69181393665975;
  -5.749775174286091, -0.06329534247389353, 9.860694463777756;
  -5.678673088528701, -0.1835909121899615, 9.760413834591232;
  -5.543054042728424, -1.52174895822839, 9.630448925056717;
  -5.738138142367522, -0.4099620277269431, 9.952221878233379;
  -10.64337804649696, 2.219481113166695, 17.66503050261631;
  -5.7782725565977, -0.8377204143634002, 10.07657630604098;
  -10.83910112884036, 2.531731152619263, 18.01968979600927;
  -5.695500216577684, -1.878537933343333, 9.949748306360553;
  -5.389120450616333, -1.550604385376032, 9.476373852556195;
  -5.353817906970113, -1.470225093217226, 9.447420588801203;
  -11.04306354195775, 0.9688610622455197, 18.41071823909487;
  -10.66610345143307, 0.7844367467200795, 17.82224169787808;
  -9.369854932481768, 2.586204168570578, 15.83940363131702;
  -8.954260532484863, 2.664171455554768, 15.19257592626474;
  -10.48854233149247, 0.9889499604264092, 17.62970354795462;
  -5.635263553888102, -0.6898680007412545, 9.994189748584207;
  -8.153248091382865, 2.703825696201942, 14.00032399018827;
  -8.829635974842562, 2.666453088366549, 15.16538530515399;
  -7.237042111319608, 2.69910227271403, 12.61611238150933;
  -7.350389810984738, 2.712016879777563, 12.80233459844513;
  -10.59508177799885, 2.334009316467432, 18.07741439158304;
  -10.68678676182698, 2.245931220636038, 18.36185494026267;
  -10.32654343224651, 2.516929681135943, 17.93018683205421;
  -7.119700447398702, 2.73058600759561, 12.71365966120406;
  -10.411788174609, 2.513056036646955, 18.17097650109061;
  -7.43850666390615, 2.762968769729012, 13.27305382191521;
  -11.07073231171692, 1.98925922097346, 19.29558704598225;
  -10.36426913719669, 2.785591963533404, 18.17803360114118;
  -10.79581773852736, 2.064048187082723, 18.91757114203314;
  -10.84980524234766, 1.712502456294555, 19.17895894929219;
  -10.20477928550643, 2.568520033233777, 18.10303814074179;
  -8.928665389322086, 2.693272971693984, 16.09215801633289;
  -10.09109332094901, 2.490166948614072, 18.05582713242058;
  -5.256955543744511, -2.047042429425923, 9.896961106584694;
  -8.473713786788681, 2.667080511433726, 15.35571506021699;
  -10.58564162140213, 2.005703771262556, 18.95999145839788;
  -10.11687719698512, 2.576723805989013, 18.2164160418265;
  -5.271544702944866, -1.727640788977421, 9.993040346023506;
  -7.259424863669453, 2.775829138006266, 13.39687033774918;
  -10.30744870022893, 1.875071124842557, 18.64461125821866;
  -10.42280417709657, 1.772918591454665, 18.84765979437191;
  -9.020433666314665, 2.727241337359485, 16.54083126441955;
  -5.105633058217647, -2.089134255783022, 9.80896185888748;
  -9.68741228755008, 1.0768044915689, 17.7594429233826;
  -10.15752794400706, 1.891552971869061, 18.57568085308418;
  -9.757671162551013, 1.239705113393238, 17.95483449004659;
  -5.159626457881172, -1.513500690350173, 9.985249132297144;
  -7.719408718316692, 2.668176141241967, 14.43447401512699;
  -9.830200756386155, 1.392093865537427, 18.14591627080691;
  -4.860166034036102, -0.8686469621292352, 9.489048074164524;
  -5.049138685173786, -1.527676198701647, 9.841831681096734;
  -10.33925439630477, 2.067854608310798, 19.09555145302164;
  -4.937974261762115, -1.542009855458332, 9.670941016420974;
  -10.05491582359386, 1.658166744533568, 18.64067381223223;
  -9.33179937349496, 0.6588675821567663, 17.39885830853341;
  -6.854104155790602, 2.789418721260005, 13.0579662745638;
  -8.845125795181618, 2.705739876423871, 16.60013812220989;
  -10.16484498069224, 1.922175334745591, 18.93926923794561;
  -5.116910388598389, -1.220904225713936, 10.05368398211169;
  -9.53926838145156, 1.069722916612175, 17.86737391831019;
  -9.547528229610084, 2.469276043861697, 17.96941556810821;
  -9.22276906098366, 1.110910386261996, 17.39930857612385;
  -9.563699660894013, 0.355013066288669, 18.02391345208392;
  -9.706976808264605, 2.378972056255284, 18.30195232287676;
  -9.636775135879383, 2.576950689938002, 18.30669268034925;
