m=[-14.91621855018348, 1.239872986762722, 20.24139021259058;
  -14.76426221611756, 1.437993955338924, 20.16875611373009;
  -5.798155221007151, -0.5497829227899084, 8.528554861569466;
  -5.651659447586467, -0.1751897543976057, 8.358268394445448;
  -8.698959843409368, 2.610628275249327, 12.36155079784258;
  -5.644061301611202, -0.2218417768637605, 8.417438981690085;
  -13.66442864074422, 1.030613475978739, 19.01766308975226;
  -11.64853801384596, 2.222446144566197, 16.40643109282434;
  -8.511769965267442, 2.637294293534961, 12.27092858574868;
  -13.45976789535727, 1.138717445390132, 18.92542881027649;
  -8.848683347799391, 2.669253740684599, 12.78945614471394;
  -8.798406625479558, 2.624184808692993, 12.73600174892336;
  -11.50571921349156, 2.251810750390718, 16.35728947407751;
  -11.61032574048146, 2.186750051751357, 16.52878244825492;
  -5.517590565813217, -0.1580525697458416, 8.394207702420422;
  -12.38653135559017, 0.9816659115310611, 17.68435733331821;
  -9.407295259532393, 2.577492724999027, 13.6653298307408;
  -5.543572049555941, -0.2218625064589656, 8.465454699658123;
  -9.50420951340295, 2.510660772075757, 13.82562877466756;
  -8.635716897311966, 2.604757092289327, 12.81524152818403;
  -8.241133900305124, 2.633187016446931, 12.34701452815399;
  -8.340182512226877, 2.606650254475398, 12.5162198494179;
  -5.593219679390975, -0.2823531640641516, 8.781800688487087;
  -11.35684395067964, 2.598216109100743, 16.84802283879027;
  -8.551280168217696, 2.608301110851559, 12.9921270883559;
  -11.08689928094159, 2.474558731225027, 16.5588734779598;
  -8.914244819460258, 2.572972196559507, 13.5142996585681;
  -9.499999138902027, 2.512138952166949, 14.41135862705963;
  -5.553999535957445, -0.2066564566873853, 8.840126489342904;
  -5.457201344478103, -0.2669525759974756, 8.714184103815262;
  -7.241830514886019, 2.656781999328513, 11.34357585369896;
  -8.734468944284238, 2.606164627844865, 13.65894754416379;
  -10.81906798381759, 2.281642010181871, 16.71914900674544;
  -9.222261651697767, 2.550951482024558, 14.40905490509148;
  -10.66855616898647, 0.8106281466147312, 16.60155804824083;
  -10.77245984988691, 0.9699269325126588, 16.7578787768356;
  -8.66103548910535, 2.621339346711437, 13.70743700347182;
  -5.109065757737609, -1.570977495668202, 8.50615457056872;
  -10.9239474486973, 1.060165678076064, 17.08913035918398;
  -9.232222766270512, -0.04163975037294266, 14.63105614350472;
  -10.4162569813477, 0.7597780192720475, 16.40947784958108;
  -7.184791813089153, 2.668869532368671, 11.69093569516369;
  -10.50394391161631, 0.9540278913469096, 16.68307626000263;
  -10.42237856988021, 2.312003545557585, 16.57464016890126;
  -10.26725276226161, 2.429045574888812, 16.35790551941026;
  -10.03857933513732, 2.460002676466333, 16.23655544882773;
  -10.09287290124493, 2.447521029409838, 16.41970345935558;
  -10.79402546865085, 2.022563153676979, 17.53297893051204;
  -9.845275882521239, 2.635202290096718, 16.08963428996951;
  -4.662823534862563, -1.573412567239465, 8.154980656624007;
  -10.41082799330828, 2.129023057602283, 17.04266814972597;
  -10.44960672614726, 2.015886618120916, 17.10817068411375;
  -11.0252579845691, 0.0278686132995955, 18.0790238634744;
  -8.318837316400895, 2.617832075267674, 13.89616534013245;
  -8.655973490722113, 2.615241509071728, 14.42915072552072;
  -10.03449495244757, 2.536243902853424, 16.58831288144346;
  -10.45147555596202, 1.668620736142909, 17.27263582831983;
  -9.611004287242178, 2.6294818019394, 15.96498306141253;
  -9.192411345249465, 2.676261864379232, 15.37873841021323;
  -9.995739347478596, 2.483510646866032, 16.66576561916196;
  -10.28590529070904, 1.965972101213033, 17.21232714131906;
  -9.873836859686684, 2.523952372265254, 16.57167646251723;
  -9.972801701874124, 2.089636247499497, 16.7359506722727;
  -7.701708531336641, 2.66316102264069, 13.21480352152243;
  -8.937391125756234, 2.707731948016714, 15.18418413890115;
  -10.42449917532216, 1.79867686786814, 17.60661691703416;
  -8.735322677324934, 2.60170293919714, 14.97421625261183;
  -9.474112603385967, 1.077394455580903, 16.16246511937071;
  -9.250392728579319, 1.19989446207107, 15.85019901242686;
  -10.0467227055409, 1.89055416662279, 17.14392937972305;
  -10.19950567899585, 1.811518958452668, 17.4740906728705;
  -8.509346526882084, 2.606243644927455, 14.7964618470176;
  -9.807879000130953, 1.977115492819714, 16.92685026038448;
  -8.420127855488111, 2.637644530344622, 14.67396972192279;
  -9.481753612161823, 1.41121239865543, 16.46037513437991;
  -10.37519993002148, 1.731890722073723, 17.94874579209491;
  -7.207666378376677, 2.69676620221637, 12.79461878256737;
  -9.413822824661848, 1.07179557904955, 16.40995146600375;
  -10.15874965969245, 1.935565875537631, 17.67701339990885;
  -9.372334597449136, 2.434100055850785, 16.42438564479716;
  -9.590155973071131, 1.188803367482744, 16.81436403017166;
  -9.559126134319111, 2.351979676235921, 16.79823173511406;
  -7.108925850753311, 2.60263344030841, 12.78156480711093;
  -9.447201473505556, 2.453009404376254, 16.6983155821356;
  -9.345251110662261, 2.507072260840938, 16.54626529275166;
  -9.424872646865918, 1.339019760486067, 16.70003372893261;
  -7.527761082368431, 2.604398661182711, 13.57911132808245;
  -8.836630702771583, 2.66315954679107, 15.83681539429313;
  -9.731524375262548, 2.522648536051285, 17.34360232308588;
  -8.969229826752773, 1.214648486465504, 16.07547055988886;
  -9.151461237395022, 0.4643119682502743, 16.39103243187357;
  -9.068107510695068, 1.076151477416886, 16.26432394499677;
  -9.355369182220869, 1.191903528235132, 16.81633352161719;
  -7.461455245065674, 2.626792701750274, 13.65239879066756;
  -8.921044611246991, 2.576016336799543, 16.14003529811323;
  -8.779787685640386, 2.638518886845043, 15.94906564629105;
  -9.270487793069744, 2.555592097457438, 16.89793011126981;
  -9.240179604450274, 2.238667009390385, 16.91276321022709;
  -9.376162854739807, 2.123279084336275, 17.21720537052715;
  -9.224586038249841, 2.303760068765971, 17.04996789027145;
  -9.095197030293898, 2.382195169271593, 16.9086287845499;
  -9.949324699276732, 1.010609293557581, 18.43075951131898;
  -9.292412628622309, 1.945897127652746, 17.3134962943891;
  -10.30217359139934, 1.894412530642631, 19.09606711335636;
  -9.144879045941373, 2.103182319888836, 17.19818624296676;
  -8.299340712532791, 2.603162962866444, 15.76619108018464;
  -9.806966961566577, 1.629607794827484, 18.47525003688252;
  -9.434117934516786, 2.063990005197283, 17.85973213988118;
  -9.773510423758625, 1.742554512820743, 18.48305097109418;
  -9.889290150568387, 1.45161705763156, 18.77761902444804;
  -9.706813312499488, 1.540980151437309, 18.46629757577856;
  -9.109479866529266, 2.329254670268953, 17.40978078757708;
  -4.678004728893967, -1.449796246762727, 9.429170422008788;
  -4.636273359954776, -1.353214449057844, 9.354569813534731;
  -9.108916977427382, 2.197447681153319, 17.44414415141308;
  -7.548783030187662, 2.646167803253636, 14.62645888330888;
  -9.27722792578464, 1.831263896990359, 17.83641070801636;
  -4.645524630441553, -1.635111877931028, 9.434768880781306;
  -4.688631150204032, -1.677301710790308, 9.518942780184245;
  -8.121557453467448, 2.59784432114953, 15.77845462974047;
  -4.620222102835729, -1.59563648364156, 9.451584051143648;
  -9.526679032008019, 1.570372627563343, 18.44623047963558;
  -4.702945732515174, -1.347422563423063, 9.60941940063865;
  -9.547919705114722, 1.19116256023088, 18.50138700225935;
  -9.850480068228558, 1.87943645291487, 19.14213323790093;
  -8.387611487010751, 2.511225389569391, 16.46273365895505;
  -9.860090184084221, 1.709533146865512, 19.28094625009426;
  -8.17172570313404, 2.647713960467758, 16.20413851823112;
  -9.656176730119952, 1.095185800579968, 18.97908881725508;
  -9.839242826622915, 1.55607035604741, 19.386908466715;
  -4.648658897846283, -1.08673492378796, 9.694558269022037;
  -9.60269796718722, 1.722718746785105, 19.01374000035569;
  -7.479722493799032, 2.621059122252031, 15.05905909047284;
