m=[-4.90845481040289, 1.294340959580559, 7.220813144080573;
  -4.998200110995565, 1.1811710753417, 7.372301714803546;
  -5.071468560719601, 1.123781487253923, 7.472656490171267;
  -4.788850618373306, 1.277362044785853, 7.236167778275866;
  -4.918825770070182, 1.189731038223383, 7.408877308341552;
  -5.097922019726851, 1.040710169448178, 7.74400471884387;
  -5.152259350041924, 0.82297183424979, 7.907255827360344;
  -4.865706113714794, 1.017504030560046, 7.567603922619676;
  -5.060044103259599, 0.9653280838811438, 7.860834414400595;
  -4.216407850425042, 1.286244890203928, 6.738724679847547;
  -4.940555582014582, 0.849843833945175, 7.756077316609571;
  -4.893113681561594, 0.925470528602664, 7.751658782552253;
  -4.975031642001022, 0.8824294666189286, 7.918867160877712;
  -4.67141548068579, 0.6973867314287923, 7.50695869304968;
  -4.582334709747904, 0.5671520222400192, 7.445259118487509;
  -4.604567857401247, 1.231098122710527, 7.5485405279292;
  -4.805327707948677, 0.9187673008023513, 7.928729819088511;
  -4.929782303461347, 0.7327969823625703, 8.178950347089545;
  -4.435662848129152, 1.221660132309204, 7.496568069815494;
  -4.501938219113913, 1.088451330335908, 7.638678328920332;
  -4.347402254305093, 1.24277512650607, 7.422017056872023;
  -4.585165296280915, 1.03814128213557, 7.814019010009001;
  -4.710256239849018, 0.9030978068791624, 8.007151972287483;
  -4.456126159528518, 1.162183369256356, 7.677823889832466;
  -4.828749681923465, 0.407163920961032, 8.287032585789735;
  -4.349498704987848, 1.238442902453185, 7.57875006409661;
  -4.539492601182244, 1.041921239961251, 7.920396565386087;
  -4.509722393683797, 0.3592220826629853, 7.914649193343447;
  -4.828666353665779, 0.7118720818410381, 8.548660685699449;
  -4.888474539596816, 0.7768177231740846, 8.662255931277988;
  -3.708148823390536, 1.323846788175796, 6.87681337061494;
  -4.809010508134165, 0.714270731762006, 8.636847905097209;
  -4.749500308403977, 0.5959077123161075, 8.572177133999606;
  -4.79726700751865, 0.7944377330693418, 8.651843291462946;
  -3.85457106001013, -0.3303647000362255, 7.175012979385728;
  -4.842916485052027, 0.9231967468554858, 8.781981172072628;
  -4.017775024547349, 1.285432783558445, 7.498789209764547;
  -4.841297216400671, 0.8395266099925673, 8.836980164495072;
  -4.329397428141841, 1.257499509862152, 8.030732924644783;
  -4.744548404995526, 0.6505121305080912, 8.730267789634267;
  -4.777910908063171, 0.8237257167224219, 8.888195019865171;
  -4.762159842340198, 1.19393680986016, 8.863037512347017;
  -4.888444796399579, 1.031287698627625, 9.096811298949033;
  -4.772375674423457, 0.7087423285619856, 8.934894750917216;
  -4.857368660099519, 1.090983737879833, 9.112798689407752;
  -4.822910428765884, 0.6462167190002273, 9.064966213352182;
  -4.78075963360457, 1.201912632551541, 9.01298124966036;
  -4.596045346552683, 1.238980697509475, 8.718283802893385;
  -4.544486381793654, 1.223485915856515, 8.742407043095751;
  -6.544661518734452, 1.150848746778385, 12.73707786934578;
  -7.383578313724263, -0.7847613755477645, 16.71357043535619;
  -6.943003069022705, -0.6597116981278566, 16.64700578393307;
  -2.100275345064929, 0.787148243133733, 5.802534228551412;
  -3.410238091025682, 0.5041126561440762, 8.27161351871133;
  -6.717149664833718, -0.8215607089705599, 16.2725224558455;
  -2.076283470216084, 0.7855636280579541, 5.803355379696893;
  -2.046649962638203, 0.760368955543433, 5.819037244522938;
  -1.919998686604271, 0.7662832913648116, 5.817289840294543;
  -1.891636523872378, 0.8440122631692518, 5.797105318245508;
  -6.625806282432401, 0.1618163547217919, 18.32053667040256;
  -6.367856447336004, -1.010960964134632, 18.81902863844478;
  -6.497081498657607, 0.3713249523659197, 19.19819329372272;
  -1.552719168823376, 0.6486953567542853, 5.935119272740593;
  -8.227008457732337, -1.015452798505229, 27.11652369536222;
  -6.363984915895941, 0.1403511565153829, 21.24477814478556;
  -6.568116020509479, -0.05023529768971301, 22.44955888090132;
  -8.64620686052678, -0.6658902964606719, 29.2945591352312;
  -6.173878526609212, 0.03999339921272321, 21.44489409911158;
  -7.836965870011233, -1.123223089175286, 27.12618374192357;
  -1.693743758776644, 0.3168012480736187, 6.834378823332048;
  -7.841017857068679, -1.019302459328543, 27.62826762179725;
  -6.029748084680494, 0.09523900921968047, 21.5195277239693;
  -1.577519009981244, 0.5798408223013566, 6.507769564026002;
  -6.147217446493655, -0.2765674584313989, 22.19156398257596;
  -7.176813665122633, -0.7240476978672917, 26.26073946392784;
  -6.693356268948975, -2.754470756793012, 25.54568438845802;
  -1.505764288330698, 1.013650341242356, 6.599437114321475;
  -5.615882098838346, -0.1704621581422033, 22.06278707713159;
  -5.979731385976834, -2.094366602446101, 23.53078282737458;
  -5.5460446971101, -0.4125423214257041, 21.98842367962116;
  -5.709862106164557, -0.2706952038400987, 22.60633387510887;
  -5.840313035580373, -1.797986678617693, 23.13720832155622;
  -6.429114321684689, -3.640086545155858, 25.42076219690831;
  -5.361753406229211, 0.04692043696626273, 21.41551150046411;
  -5.452252391284378, -0.09715423798397203, 22.00758866999667;
  -6.684803017953727, -4.095703739859432, 26.96890165960013;
  -1.528847889028393, 0.650076063748146, 7.025549852342627;
  -5.539395879009452, -0.3496943762519166, 22.56138149628731;
  -5.414654340747473, -0.1575245824433412, 22.07789873148798;
  -1.45981839657149, 0.9166203947985875, 6.785837199563606;
  -5.453394100994172, -0.4261358409558257, 22.5859316450297;
  -6.601080625832811, -4.051307081709112, 27.26347924211288;
  -1.46894445619911, 0.8791520386232828, 6.91133802697733;
  -5.194275043378508, 0.1866864209841792, 21.79795693754982;
  -6.208481768250942, -3.210051742399323, 26.20281559692645;
  -5.302156806332331, -0.227361120581581, 22.50294213323488;
  -6.07667667208854, -2.865127557619172, 25.89504407937321;
  -5.490837400247943, -1.742436582915976, 23.52923754580131;
  -6.038190259946124, -3.964094072484575, 25.95760415855022;
  -5.336892415229235, -1.098949661682255, 23.06523988807444;
  -5.372400308582269, -0.7114377416000044, 23.29165586032115;
  -5.120459887227177, 0.1202434084397271, 22.25261311303796;
  -6.263062604622659, -4.00571584614784, 27.21594812319546;
  -6.207226161757363, -4.213008099979628, 27.0139878015376;
  -5.124137549573204, 0.1166160403421585, 22.7151749463547;
  -5.24924215575004, -1.076966287305174, 23.28487426088137;
  -6.090088563712716, -3.417106397393124, 27.06309603649746;
  -5.134479439156952, -0.8814896241755601, 22.96249603101917;
  -5.148427252188064, -0.2915959917592677, 23.08854931843656;
  -4.972669491155129, 0.2819991309443858, 22.35169900713214;
  -6.084402702282461, -2.670722346733869, 27.19220759645164;
  -6.000652697143177, -2.374436810680042, 26.9057585312575;
  -4.947857903519286, 0.09523424104446507, 22.46230250460727;
  -5.879385575265586, -2.275747868747438, 26.60471860592607;
  -5.350071997441781, -0.6208584581776144, 24.37232775482524;
  -5.801118077457661, -0.5330750322400566, 26.45591075617413;
  -5.76099953263603, -1.382953737289987, 26.50155123423152;
  -5.806542291330424, -0.7787430239703485, 26.80763595337356;
  -5.712666554843933, -1.61885874630446, 26.43578479520444;
  -5.621548757224287, -3.744167906413648, 26.09247079593317;
  -5.745217181641744, -1.179401005279615, 26.59917593996215;
  -5.739292140478439, -3.358147179606542, 26.66650100211495;
  -4.829492634585607, -0.1083388677546939, 22.58313576645968;
  -4.693306657746683, 0.004903499582373422, 22.12725228383321;
  -5.556195793527869, -1.642457469524983, 26.18746567033252;
  -5.526091222081336, -4.364377728638849, 26.37582303890328;
  -5.463206711215787, -1.472017832898618, 26.06661939872632;
  -5.557710007433178, -4.175961107239176, 26.67056465655865;
  -5.28094420151097, -4.138258500574289, 25.67388717911649;
  -5.946437660758432, -0.445453823916829, 28.71000707969683;
  -5.428693155147291, -1.296463809532792, 26.42534470000852;
