m=[-10.45306585026035, 2.336952082889055, 13.67112131024457;
  -8.46718803510176, 2.498744668926057, 11.30618675956211;
  -10.37958996641217, 2.414097595552188, 13.77769384717177;
  -10.3235431174799, 0.9623462807564283, 13.7742114375057;
  -9.68386744541573, 2.555966057334782, 13.13672829777199;
  -10.01541109188472, 2.384677937785249, 13.63112227530868;
  -10.07076667145656, 2.243701436819125, 13.71365808047155;
  -10.15741299908397, 0.9617750612818523, 13.82858553302497;
  -9.871123557318017, 2.451100953160717, 13.55518458351626;
  -9.383857015922935, 2.560973164551309, 12.96983015305084;
  -10.13012166208667, 2.161506237939876, 13.93945741944322;
  -4.620254133614831, -1.042981271976524, 6.946375974566231;
  -9.778482305240484, 2.377045396173364, 13.60033534857183;
  -4.570678979803769, -1.023117292690818, 6.924159885641942;
  -8.738663428737089, 2.540304504506462, 12.37437848658076;
  -8.445241859226439, 2.563681240279822, 12.11106532285606;
  -8.225657356753869, 2.618909512327561, 11.82944694024908;
  -4.531353978298607, -1.272740137154331, 6.96834830506511;
  -4.394973903099807, -0.9351491875750307, 6.801312156991958;
  -4.495603555623841, -1.138780805607887, 6.942415976199869;
  -9.680741137134827, 2.414006108158568, 13.81871820822477;
  -9.835265244571952, 2.068796013234064, 14.04888642973842;
  -4.579438107470185, -1.358113196009178, 7.084798461646028;
  -9.644074396962568, 2.030632677269486, 13.87123979771378;
  -10.13981441677411, 1.954832494114531, 14.59837774354641;
  -9.702294425010271, 2.139890332250341, 14.02386468065069;
  -8.184632212905202, 2.560399728482852, 11.98712656322555;
  -8.320185178258225, 2.545794146918683, 12.18728216587726;
  -9.703792139415237, 1.794954113131216, 14.0768853337007;
  -9.742204130462259, 1.956424443119782, 14.1275280539125;
  -9.125391128481024, 1.039304354365364, 13.40083389318065;
  -9.67331488445204, 1.580383534929032, 14.14847810193927;
  -9.060757000386509, 1.107528202107182, 13.3483343685056;
  -9.724878828210599, 1.859613721087252, 14.26788242572892;
  -9.274274504722786, 1.208046504692543, 13.69619646674324;
  -9.962820304604911, 1.78419854490743, 14.70080365242762;
  -9.314090820781292, 1.405293305819513, 13.82112307550582;
  -7.259534986689254, 2.545831456664003, 11.03444858378521;
  -9.285629680860073, 1.358430359425921, 13.87875891607263;
  -9.286709527866634, 2.410835628841747, 13.88849170762053;
  -9.117047773617685, 1.139203737440681, 13.66945019990678;
  -9.797208790232823, 1.659301092204244, 14.62890437321419;
  -9.385416335971762, 2.312199762323907, 14.14058012747353;
  -8.495910373941511, 2.554477461670497, 12.92677506133209;
  -9.086869476371845, 2.442577840982988, 13.77483783446202;
  -8.847066354416947, 0.9254711658531923, 13.45297809408456;
  -8.82387460785143, 1.071574253345416, 13.48838361241351;
  -7.240201385477707, 2.54309890186937, 11.24891650550137;
  -8.858877472520936, 0.5057704785642552, 13.55068040553992;
  -8.84571780646759, 0.6043618331501243, 13.53613672968344;
  -8.844059211461243, 1.020124060649354, 13.55205383676815;
  -8.672545779646242, 2.498088333084033, 13.35746822683229;
  -9.502182553761919, 1.827092817162523, 14.54280078267712;
  -8.475493874535907, 2.549559698657791, 13.10830667953459;
  -9.835599571544067, 1.481973023486324, 15.16034291454534;
  -8.752837882132328, 2.424631777906261, 13.66895844723537;
  -8.877432896757687, 2.15713176204289, 13.93569491905273;
  -8.543243796887104, 2.447387741970722, 13.46751113596704;
  -9.104299348823892, 2.075982195640937, 14.37152700994295;
  -8.761035427959637, 2.295863804880375, 13.97313645688526;
  -8.762880173785907, 2.498061626963807, 13.98653703504552;
  -9.516995989890971, 0.8291909883268791, 15.19384713072661;
  -8.585913124344058, 2.450349775676802, 13.82899719651068;
  -8.851836339717352, 2.359089905144007, 14.26685740436331;
  -9.575969946605129, 1.077357786918549, 15.37715558252067;
  -9.770280165470293, 1.33827279617559, 15.69870446164654;
  -9.597510147373974, 1.778033890340202, 15.4431066552414;
  -8.99661252592205, 2.077242840210842, 14.55254803049335;
  -9.024889716857864, 0.7420808319944278, 14.66748093586493;
  -9.313263242404416, 0.9025697479645296, 15.15228986815086;
  -9.504326260901632, 1.841376006935095, 15.44932868283726;
  -4.295509554351191, -1.272349784379954, 7.552083067380913;
  -7.954861993418067, 2.535072722162687, 13.13739923787092;
  -9.063364943735502, 2.132157784197009, 14.8480186326215;
  -8.769580629041, 2.246267341590607, 14.40704167978483;
  -8.710461796551806, 2.103156870546458, 14.3582370285625;
  -9.563082986149139, 1.328073288018093, 15.67814174348509;
  -8.957657599860866, 0.4265063570975483, 14.75423856807853;
  -9.035960418919537, 0.7048566215863543, 14.89796594728152;
  -9.692353722624652, 1.447732246626557, 15.9758246653408;
  -9.539667840519527, 1.593516849850399, 15.74104994104368;
  -8.744468566894257, 1.944203430203603, 14.51709619959235;
  -8.536634175040382, 2.438428936407977, 14.21055416628256;
  -9.73318744484877, 1.562853836965604, 16.07968125320617;
  -9.965675512404751, 1.746104824495655, 16.48458556994289;
  -9.521840668999042, 1.478016026016609, 15.8289302740686;
  -9.961335808681319, 1.813488142773476, 16.52680992640234;
  -7.633961664330059, 2.508257295721313, 12.91925497328905;
  -7.905332381979836, 2.557809198413349, 13.36000913356914;
  -7.351611707026522, 2.621991742368964, 12.49373077067213;
  -9.726364264808996, 1.868625745374174, 16.25300851743187;
  -9.569513224836074, 1.438316138740422, 16.0184098993326;
  -9.575035227492315, 1.218624149212618, 16.08402357504618;
  -9.602213058774641, 1.609523504698875, 16.13727400924029;
  -7.576500639126794, -0.6196121736343189, 12.96744243039657;
  -7.116215013726128, 2.485254641151363, 12.28914362621299;
  -9.665183696333033, 1.859323388269607, 16.35145586769594;
  -9.454101280231191, 1.312319596831096, 16.21815707239041;
  -9.706988269064372, 1.943134183671106, 16.69106129913979;
  -9.853769812849778, 2.336738202910115, 17.02651990236758;
  -9.499618397612899, 1.652273941850163, 16.49862690309371;
  -9.459217973199658, 2.380128151617133, 16.43735217450917;
  -10.17283330818588, 2.286360097567879, 17.62059069123129;
  -8.478689888428868, 2.496149356389484, 14.85181553627737;
  -7.633010787300999, 2.523964284052614, 13.48136916909314;
  -9.70904540099391, 2.065562123952574, 16.89729158986719;
  -9.905103390286431, 1.658142362901249, 17.22656317244256;
  -9.481490509632328, 1.42752291024666, 16.57790639670135;
  -9.704395836308745, 1.809864986320976, 16.96566041194359;
  -9.718939779387215, 2.194843562339486, 17.04525066515464;
  -9.686122063102836, 1.25170916365111, 17.0124366193496;
  -9.592031085672923, 2.418903498741281, 16.88979575855437;
  -9.220505142526063, 2.49136550627735, 16.29976399905148;
  -9.767021444559459, 2.076221624774713, 17.25292538276687;
  -8.465960839776122, 2.506948032453897, 15.09487259918482;
  -9.491791810682544, 1.8790012003507, 16.81834221005378;
  -7.320048178896355, 2.52830815770479, 13.20548230214128;
  -9.692456001658981, 1.140126408213741, 17.2046721589665;
  -9.506822434273717, 2.288772732828172, 16.96077371375453;
  -9.438517847397582, 1.113648303149064, 16.96642686555211;
  -9.08491866563759, 2.344272961970168, 16.48094494078946;
  -9.681557095398237, 2.255088817590762, 17.63113600365966;
  -5.22248453717617, 1.534175457832469, 10.05712865445526;
  -12.4592446300382, 2.565192428216061, 22.76737736388321;
  -4.171678433682376, -1.726005170812371, 8.314228181822992;
  -4.983057887351088, 1.680837524309225, 9.737242879682077;
  -5.136733314623053, 1.442032651014606, 10.08536834004914;
  -13.90213080486529, 2.45271285502166, 25.68248912504934;
  -5.108828402333182, 1.549437345667509, 10.07135129801575;
  -13.27835338427107, 2.082120236252384, 24.59636139278156;
  -4.165035851082605, -1.81727422654918, 8.568201435917882;
  -6.704365372332261, -0.9871119437367119, 13.18625832802169;
  -5.154871790941685, -1.415871367963708, 10.98578556738288;
