m=[-4.661291862033584, 0.9814701944146009, 6.704417088047749;
  -4.622899444458007, 1.019603961168256, 6.682019056669238;
  -4.705079768833798, 0.8997161868538491, 6.903070581265928;
  -4.403874892298536, 1.183774814237198, 6.675859342143019;
  -4.625423957234893, 0.8893829223739275, 7.079070388819059;
  -4.226971858769582, 1.170917413426541, 6.601093665072997;
  -4.765385214614904, 0.7180215383118938, 7.345243515451964;
  -4.331218776268112, 1.083138640071606, 6.872343718032884;
  -0.3156142494779459, -0.06461479659812058, 0.420800503866802;
  -4.359121892816477, 1.006484909222133, 7.051135139276808;
  -4.729501579690201, 0.6478179946095958, 7.599275178704462;
  -4.351504900662221, 0.3578069625692367, 7.072176744006537;
  -4.224312795886012, 1.20664495475797, 7.032025101506089;
  -4.226691458487075, 0.2526991628846595, 7.04445954670255;
  -4.686505484401771, 0.7000162507403163, 7.724727352571899;
  -4.700119216368859, 0.7546961766759615, 7.76481695020461;
  -4.639251216217405, 0.7201220735199702, 7.712204664847938;
  -4.684298319908335, 0.8999457763743947, 7.827584739667065;
  -4.637912837662381, 0.6970871691956366, 7.763403128827952;
  -4.666224779917625, 0.7821528657524052, 7.841957619699691;
  -4.617086688337017, 0.8882042530190397, 7.811138576736242;
  -3.561818802246883, -0.5134672417327487, 6.301282838428915;
  -3.559785444972822, -0.423565243262826, 6.326686857754156;
  -4.590541965058441, 0.6372110899021808, 7.874903010865241;
  -4.168034309146541, 1.227080633339844, 7.300995498467338;
  -4.719069660043764, 1.119087472739447, 8.154171957885074;
  -4.718550129031593, 0.913762161864894, 8.191154266900952;
  -4.738625710912309, 0.7932593657631205, 8.241229994594825;
  -4.679481604869736, 1.106116951559568, 8.1734723523913;
  -4.635921362996804, 0.7843875262231228, 8.178376091700034;
  -2.461608934477203, 0.8302649061939201, 4.816529841380508;
  -4.601895237674285, 0.9109941355589378, 8.154018805481725;
  -6.426420935667228, 1.007698823009089, 11.90407931024392;
  -1.885019970694852, 0.740697136473256, 4.89948345505757;
  -1.878725872919448, 0.7628858738094548, 4.904280846238715;
  -1.84503499030598, 0.750766041107099, 4.906461859482144;
  -1.804124440398666, 0.7562702113617803, 4.836908042941944;
  -1.807091459486669, 0.7195277864913222, 4.918795918703289;
  -6.376409096673774, -0.5729830420236256, 14.86596851964514;
  -1.782133576043305, 0.7908643948004774, 4.900726535989395;
  -1.647639872784116, 0.7545245193348796, 4.911606282291139;
  -6.275118228649241, -0.456174774002626, 16.09237978125199;
  -6.439557742282754, -0.4040749696568576, 16.88813362243162;
  -6.309004252780198, -0.9454439708680206, 16.91842365396636;
  -6.359750627698841, 0.4421475016395732, 17.09489102765703;
  -6.48903042873571, -0.5695562093761125, 17.81149007608233;
  -6.12040874564388, 0.4400895616245182, 16.90194107689908;
  -6.926456040996991, -0.8327067426920244, 19.19685764097616;
  -6.478681627046092, -0.7454371271492011, 18.34344470413474;
  -6.522234015486018, -0.787010092655171, 18.69555057339644;
  -6.018959745058648, 0.1944837191975574, 17.38816760916619;
  -6.394124684528652, -0.8707559487259075, 18.50733542599252;
  -1.44042606718945, 0.5977528001184116, 4.933506378401185;
  -1.431915486049531, 0.6327562657806068, 4.94077607368968;
  -1.436324833329008, 0.8816944690668412, 4.959968232781634;
  -6.425982668514128, -0.9638016573726403, 18.80958713201924;
  -7.210918482730383, -0.01855694053378202, 22.40192339592768;
  -1.576480048390566, 0.2964829746328971, 5.76250590513774;
  -1.455134514120557, 0.5285765471900474, 5.414501592750093;
  -6.448831901242273, 0.1601346168598495, 20.69312781601425;
  -8.017184900649218, -3.222603080803099, 25.47472102111635;
  -8.003564037791085, -3.748305617386998, 25.97966396212776;
  -8.91240337446197, -0.6612826960474473, 29.23888766994913;
  -6.534677288005905, -0.07491214754090309, 22.0381059533396;
  -8.345096525018134, -1.218021406035383, 28.52144029515446;
  -6.210054396216095, -0.2725347927305268, 22.06741279339772;
  -7.716971256442645, -1.201565048271812, 27.28586258065505;
  -1.39392027330864, 0.9649575932403404, 5.742491570367124;
  -7.669651724201494, -3.759434633403199, 27.15251231639047;
  -7.385042318267841, -1.906423754940267, 26.25900263602005;
  -7.345707294969348, -2.139898906086833, 26.23705062071292;
  -7.402080637997218, -1.340964297076078, 26.65870766592046;
  -1.363293052313665, 0.8449296190359771, 5.728407979944637;
  -6.041656771689998, -0.1695076850702103, 22.09323961052492;
  -1.372549953842596, 0.6179445401217932, 5.826805006785483;
  -6.20967026487282, -0.304864944081001, 22.92992018638194;
  -7.026799072599343, -2.816371409956859, 25.82799077446529;
  -1.354312375556252, 0.8029287761240324, 5.774116813560826;
  -5.621634123090822, -0.03333936741082293, 21.07716427279207;
  -1.849587851616177, 0.3145627423212086, 7.614508586342849;
  -5.866662678861951, -0.1549237536326648, 22.11939757474539;
  -5.961790242539608, -0.2587012239448898, 22.66084556393213;
  -5.588395541403386, 0.07015070493507238, 21.40332631102827;
  -6.64733173231518, -3.667108244572741, 25.27996179937699;
  -6.796005967055172, -3.932547556837306, 25.93487019061835;
  -1.363159810654216, 0.9928966510570635, 6.007657028566943;
  -6.842088521696939, -1.09712372789618, 26.28553674575727;
  -6.949161140370466, -4.154291754515356, 26.97399270092543;
  -5.753598533054064, -0.3250141233944454, 22.49884427806279;
  -1.424306129835145, 0.4097714419047666, 6.562459365691315;
  -1.468384649315489, 0.6228496949220033, 6.722988104312912;
  -6.149089498228832, -3.06796197474008, 25.28501763106483;
  -5.615905604644296, -1.115450439605545, 23.2650070157414;
  -5.165675600653644, 0.1394685154997187, 21.51875620245242;
  -6.474229657234971, -3.056887586062813, 26.77618985984303;
  -6.580367817432265, -3.93501728181098, 27.23187744645592;
  -6.948627284155352, -4.454404677124517, 28.70036483030811;
  -6.414179620451273, -3.317083216843578, 26.70225834795404;
  -5.177754848556401, 0.03720779942578038, 21.79133147616106;
  -6.613680490154581, -4.125643221554908, 27.62968053949352;
  -6.269819362843188, -2.515041831954063, 26.28329013003837;
  -5.812556301620568, -4.670246535704381, 24.37795105703967;
  -6.456881108654291, -2.219834445889471, 27.17845390613546;
  -4.944906297720012, 0.1417546995769803, 21.04894342524266;
  -5.638579598355081, -1.104811852093151, 23.97061270180667;
  -5.67037266357103, -0.7149545448143861, 24.14744642497911;
  -5.570411466601111, -0.9157487135190906, 23.85879872761936;
  -6.556260434304845, -3.574798336497936, 27.97173738412198;
  -5.396101481718797, -0.2806939343728779, 23.18448403960941;
  -6.578902339692499, -2.458332559854847, 28.53796387538063;
  -5.804246985137907, -0.6418974724032315, 25.36546118877232;
  -5.912025168057146, -3.94195688122909, 26.03807967656438;
  -6.083010685800913, -0.7900758930415005, 27.016302381836;
  -5.906210493839892, -3.82571895202139, 26.27563238297006;
  -6.333736555950149, -1.740786771796298, 28.16426501543116;
  -5.084603503033097, -0.09498562383045145, 22.78895903475723;
  -6.944550436891563, -1.37704186315237, 30.80467281306077;
  -5.995639782727571, -3.413407396786879, 26.74675921281406;
  -5.03714970404026, 0.02055553900499247, 22.70925894463707;
  -5.742908020071393, -4.629090607770011, 25.78552439057403;
  -6.378449400529783, -2.743983471161777, 28.51446083288241;
  -5.798984377832835, -5.148705985695248, 26.12389036023573;
  -5.645895774776387, -1.614692783565853, 25.54176407154346;
  -4.891236851826171, 0.1400320356803732, 22.31149980645293;
  -5.60344035251735, -4.660225835393455, 25.60689612554401;
  -5.92729155780297, -1.53598793712884, 27.12668687797053;
  -5.854103543559322, -4.276641379650291, 26.92405075716849;
  -4.82837167914663, 0.5201213020842225, 22.4672666421995;
  -5.932221434874548, -4.514393158373217, 27.57419523724326;
  -5.980668615848577, -1.378971717506988, 27.93031889135533;
  -5.352353120504728, -4.764597175835828, 25.2300208598264;
