m=[-9.320719037161176, 2.332722725326561, 12.24815910137091;
  -8.008704404046148, 2.456491004326795, 10.68841138912375;
  -9.783386565631702, 1.591782435445272, 12.87135703195382;
  -9.250396629920788, 1.955364856484648, 12.25026371504155;
  -7.98496469883299, 2.469677639824649, 10.74781063663523;
  -9.055421524305542, 2.00886787465816, 12.06283478904765;
  -8.891555522243539, 0.7032265279305433, 11.87458207882764;
  -8.892673170669163, 0.75500141534712, 11.8861036689214;
  -9.265365335789939, 1.868551627962581, 12.38778893437926;
  -8.603174879707032, 0.2483992084498984, 11.58931478406491;
  -8.606023700188564, 0.278032602237731, 11.59688444915637;
  -8.669735005010018, 0.1653705758624383, 11.67678795473237;
  -9.489743948937297, 1.760565693077604, 12.68772919945294;
  -8.860250787262784, 1.016511967263621, 11.94477942184128;
  -9.524775937446343, 1.69758399292349, 12.78572165155519;
  -8.646366559931344, 0.6149491865155456, 11.70868217833225;
  -8.62887058212849, 0.1846401718046357, 11.71575547040313;
  -9.250359754952401, 1.84224752609866, 12.5028346960054;
  -8.898694100182322, 1.166770545028041, 12.0852096158881;
  -8.728556389003092, 0.8992045285546236, 11.88658260461524;
  -9.355038062168715, 1.810503662443926, 12.66732842397741;
  -8.963566726701247, 2.383593370381631, 12.21449703366939;
  -8.958262739356538, 1.364821060464571, 12.23478225959837;
  -9.425785388444703, 1.76522754917281, 12.83800932378595;
  -8.634570584516117, 1.272464278530134, 11.8809127014784;
  -8.788050509595164, 0.5788858896598785, 12.07460108088424;
  -9.642578343909095, 1.737026339925927, 13.15617023061946;
  -8.992983015342849, 2.218903567082379, 12.35018993681309;
  -8.414290457665045, 2.466770755202047, 11.68310432066135;
  -8.199359830481754, 2.469228706837912, 11.42262169588265;
  -9.285948596516086, 1.581855204011711, 12.81540776176399;
  -8.960721699960422, 2.214132055824136, 12.44855879449479;
  -8.766208203206595, 2.364808449223301, 12.22997742798079;
  -8.702805934673602, 0.6042275486076512, 12.23373355971748;
  -8.615457682402678, 0.9170058288144065, 12.12357843630062;
  -8.589115285298558, 1.003313648362724, 12.09301716299818;
  -8.54176329773124, 0.378502485666247, 12.05989970160249;
  -8.614638139787136, 1.12318038283005, 12.15628139146759;
  -9.258586999060356, 1.793388394163614, 13.09244232730917;
  -8.664725442754067, 0.6185418118273793, 12.35762845079565;
  -8.389824617500912, 2.333652187940966, 12.05113395348083;
  -9.509511194420076, 1.443972698930647, 13.58093343399371;
  -7.833522441871012, 2.486473535397166, 11.36861139164621;
  -8.287939515331642, 2.378717422685436, 12.00112069729195;
  -8.724806160642665, 2.123809903797122, 12.61261610054011;
  -8.661311842381737, 2.283640186431287, 12.63217311979152;
  -8.782139363499077, 2.006558592257459, 12.79535120074511;
  -8.643206906009853, 2.170322720928718, 12.6467277323319;
  -8.304327380053376, 2.371604175985556, 12.21067657764274;
  -8.620546702651264, 2.262412193449986, 12.6640247177372;
  -8.382884450589154, 2.398719852769597, 12.42832547938317;
  -8.582413542094683, 2.210189065569182, 12.72317243425296;
  -8.582017599699004, 2.295339229162326, 12.76212841713278;
  -9.265397955044321, 0.820329609253778, 13.70471646736531;
  -9.129312882612487, 0.870159841955002, 13.55497108603971;
  -9.246865861463066, 1.806625733578716, 13.72337511743683;
  -8.968137887663033, 0.5217897239438533, 13.35284232692738;
  -8.695850986420675, 2.012004885252182, 12.99409561257741;
  -7.721725347933799, 2.462682313428723, 11.6894181218371;
  -9.442960295988465, 1.303501235214361, 14.0896021911608;
  -8.656845880962427, 0.7228285499354168, 13.00149483516839;
  -9.463477351486603, 1.762281670794368, 14.12605634005173;
  -7.392491822492001, -0.3376243241839731, 11.28289518478847;
  -8.262451175471284, 2.430789526016589, 12.51144973419661;
  -8.620884393090943, 0.5315295044262177, 13.0194993817974;
  -8.775485916682252, 2.001571164272903, 13.24670321749531;
  -8.547052328959525, 2.195607053747514, 12.96302749450364;
  -8.391301534689671, 2.342523076997785, 12.76495013773088;
  -7.276036393553896, -0.2287127849346339, 11.26375696138575;
  -8.711569290852932, 0.7036612799533367, 13.28935504205274;
  -8.598633568516046, 2.459336105795607, 13.20035211768396;
  -7.204947523233206, -0.4095075481865379, 11.23210008845087;
  -8.665801335065947, 1.851219729145231, 13.30061884556101;
  -9.353386350894906, 1.405261409520865, 14.33214399392974;
  -9.369509184001656, 1.514678202753629, 14.39650076718868;
  -7.031144550233702, 2.464484318584365, 11.07114384144744;
  -9.32879013617343, 1.457309954874655, 14.40791736930558;
  -9.311608876898969, 1.797551311364614, 14.4823437271532;
  -9.282998341714283, 1.407402629241031, 14.4481677299264;
  -8.988938877596146, 1.15670187511997, 14.04261848597883;
  -7.67031475189987, 2.45428642019438, 12.1485074610638;
  -9.364281768905752, 1.581896228359105, 14.6404896667633;
  -9.117678168396994, 1.763694899763979, 14.36239196326179;
  -9.154716777364422, 2.018102800424586, 14.42280204525337;
  -9.158939170348447, 1.610272180853241, 14.53106861230824;
  -7.079474873488901, -0.745495948494258, 11.48199431204148;
  -7.255157625274445, -0.8587535368597984, 11.78571127011704;
  -9.190680208654547, 1.303095522334059, 14.67459096723898;
  -7.452244664102938, 2.467479355316743, 12.08911128895224;
  -9.476719721299354, 2.189891075109003, 15.16740129444197;
  -9.596971731545233, 1.920894119439418, 15.38134229290778;
  -9.109025349318186, 1.082007990025218, 14.65875755410144;
  -8.443295100479084, 2.490409410442644, 13.6825509350126;
  -7.059961457949485, -0.7395931889761207, 11.62774601156142;
  -9.339766972053269, 2.222779471293958, 15.06517067272778;
  -9.078745878039396, 1.587041235581632, 14.68710852262302;
  -9.568862295715906, 2.155969381987156, 15.5026114176519;
  -8.97799938909977, 0.8772688050637524, 14.61829141651027;
  -9.385662082779774, 1.587094271689826, 15.24752161517455;
  -9.490050354061097, 2.026911420837878, 15.40894391826594;
  -6.772023824429651, -0.9986589258314531, 11.36031253196829;
  -9.418368074532401, 1.289574655062167, 15.43007584779878;
  -7.106420045879021, -0.5720364972449318, 11.92437973679202;
  -9.226675344456428, 1.836930072014763, 15.24745934792587;
  -9.171881555181853, 1.080049172338671, 15.20016454068193;
  -7.052054014997998, -0.7758715865618968, 11.94711986562286;
  -6.617303955802701, -1.036496590673526, 11.34834435361544;
  -6.606449035912061, -1.08655940716783, 11.35166695865019;
  -9.201058989584283, 1.097108322511315, 15.42981229039707;
  -6.541365578549398, -1.209128648354668, 11.26327725730608;
  -6.610185239837937, -1.138831476584859, 11.37673010199396;
  -6.523637217492933, -1.169355025404699, 11.29500198528384;
  -9.417820918217547, 1.173881696816693, 15.91311674421407;
  -12.96134849697195, 2.049469013508176, 22.82743557599939;
  -4.365710671993118, 1.569654450942068, 8.837082284142673;
  -3.785219444023375, -1.659802047007964, 8.229279456158837;
  -3.65982693342974, -1.647226370763957, 8.055492104373375;
  -3.85595472069304, 1.080353050080282, 8.849993873078006;
  -3.607843060618647, 1.510161398818193, 8.628670969047352;
  -3.716794863346514, 1.476781122401834, 8.910915215427503;
  -3.679835716302428, 1.461930675570114, 8.931636671860273;
  -3.608891248268526, 1.599325343214101, 8.853136429593038;
  -12.32527794334964, -1.796119484322484, 29.1094798932533;
  -3.330192523876795, 1.51910638462447, 8.855511444728446;
  -12.77306075289179, 0.9219362895182403, 31.22852803833616;
  -12.34732285551058, -0.8918142376208466, 30.36444094070122;
  -12.57051968584927, -0.7543612267230958, 31.70446174033841;
  -13.23100945451075, -0.6127148363025017, 33.32430171239002;
  -13.44829607366505, -0.171674870586509, 34.27687558213798;
  -13.38491324581725, 0.3803344175802783, 34.18333896616705;
  -12.39252280967904, 0.920289544039551, 32.07953259153744;
  -12.96694583288218, -1.080624366763718, 34.24115682505438;
  -3.105655918720402, 1.125077128478415, 9.065737385716876;
