m=[-6.218661685384253, -0.5462667092906702, 13.28319582348074;
  -1.355488743062305, 0.5575499251376291, 3.634749397854293;
  -5.875851269005609, 0.415590819523018, 12.62549806049256;
  -5.985376876161932, -0.8679672283892862, 13.52667025552388;
  -6.200095440947623, -0.4431584793363979, 14.60754604790403;
  -6.448135515904473, -0.2961896873404524, 15.60493514625785;
  -1.365929850040865, 0.4937524434089676, 4.063721054194165;
  -11.76208090001533, -5.43165024519505, 28.47264547697738;
  -5.465093554832503, 0.4397529017903519, 13.60566057465112;
  -11.61187589804581, -5.778404506609358, 28.75490495525756;
  -6.341772980282321, -0.525959974317463, 16.09882415476052;
  -6.441249086327488, -0.5342101041066231, 16.3513479117289;
  -6.390029194753166, -1.051356380122547, 16.36503407072478;
  -6.37403947555849, -0.7435156721788575, 16.40430172254148;
  -10.38665810351341, -4.730330403900569, 26.23514382787026;
  -11.41942979394365, -5.483582603203204, 28.78441620655186;
  -11.37602173253145, -5.68618281481811, 28.70229518077077;
  -11.03209015695185, -5.717168999462726, 28.09431719774106;
  -10.6198589640778, -4.573536347211264, 27.2835062588645;
  -6.187611594328331, -0.7206283302597336, 16.43682223424747;
  -10.98418138010153, -5.964925265499641, 28.52994011019598;
  -6.223896517256726, -1.019575189394219, 16.62073872123223;
  -6.161836113906155, -0.8124320222318445, 16.51617108926727;
  -10.45904155144529, -3.942505242945094, 27.49800421676372;
  -11.32084442878938, -6.12374226903386, 29.88208952870063;
  -6.266827658207175, -0.9200115791496016, 17.00259913976704;
  -6.298254748987328, 0.3801022329987863, 17.13799471081541;
  -10.43695603094879, -5.952890073173025, 28.11453908157731;
  -10.48257515062785, -5.688869277802835, 28.43439017688785;
  -10.21180604758479, -5.224304767447184, 27.98457486303166;
  -10.07951545414869, -5.464780101578779, 28.01882779732714;
  -10.17260995785407, -5.858883264994606, 28.46904838458282;
  -10.02849720099302, -5.354564114458773, 28.15201476007386;
  -9.847320237108296, -4.994013621191654, 28.00246029121255;
  -6.937875879192609, -0.01626739471102608, 20.13484279140995;
  -9.902173098700336, -5.855286115291535, 28.62262870896328;
  -6.530577309314793, 0.1692071594974664, 19.49186409704679;
  -8.832740705504804, -4.466782319347515, 26.3775507495818;
  -9.160729713987493, -3.634151145434788, 27.36768866172161;
  -9.012059374121872, -4.108821493164623, 27.44774147001684;
  -6.252603135966375, 0.07520500699839307, 19.43008678077796;
  -8.453846042841917, -4.562821920445725, 26.53145782494573;
  -5.978692420798147, 0.1204615892666104, 19.0749972873006;
  -9.691944729295935, -3.205925198951856, 30.65350880215447;
  -8.04175371581222, -3.862292169133165, 26.75541486906541;
  -7.749727131423135, -1.939837653738678, 25.83313004188274;
  -8.24346604519549, -1.554030134429597, 27.46421801472016;
  -7.472326286472465, -1.313034734990915, 25.24329311232298;
  -7.170197867665439, -1.961196522328252, 24.50825435092015;
  -6.992349983436971, -2.278190294447267, 23.98594033485606;
  -6.268087720870897, -0.2897499687804231, 21.56954707194559;
  -7.292102627449755, -2.847529145547183, 25.09743582101859;
  -5.86866207037991, -0.02969445364886931, 20.42030539565705;
  -8.4975270657057, -6.984101753580065, 29.4796401263714;
  -5.787815222229123, -0.1419776549045217, 20.29493110026213;
  -5.916154529746958, -0.2401307931145857, 20.93205016462117;
  -7.13252791751034, -3.840407686761155, 25.36900644699365;
  -6.999860888415705, -1.077996833594497, 25.17250472820281;
  -5.648957115072104, -0.297464166684192, 20.54143502924606;
  -7.068051309304249, -4.105775387225997, 25.68483337724648;
  -5.879186803358383, -0.4121352829850532, 21.70384251778926;
  -5.345540745391784, 0.2113534375454324, 19.9532699272455;
  -6.961702562266663, -4.465447035635064, 25.85423569808694;
  -5.408744570163556, 0.1040130222860971, 20.35775392079497;
  -6.870092328219853, -4.511537520750298, 25.7314052274251;
  -5.355028601774964, -0.3147590068907347, 20.24536374953038;
  -5.311826303160753, -0.1877188942267017, 20.09766349840841;
  -5.772587070115173, -1.104576027035397, 22.23338850848388;
  -5.325869201182197, 0.1457911036725335, 20.56061925311285;
  -6.654936673053348, -3.866273777721451, 25.76232846958289;
  -6.616615912004249, -4.129732761032095, 25.62969778366888;
  -6.760169301276874, -3.102514978969644, 26.14427782654786;
  -6.151201425461983, -1.724460389041892, 24.08004406803639;
  -6.851864377679591, -4.154994058029716, 26.79022452317275;
  -6.718318816116285, -5.276244700063908, 26.3001282318157;
  -6.808425524541737, -2.644694375237261, 26.65075085818442;
  -5.39917174279949, 0.1448112181040861, 21.26579230412848;
  -5.742846362241628, -1.071761690610411, 22.70822216458796;
  -7.263729028534907, -2.404440786892597, 28.57425000775714;
  -4.900302088762564, -0.239394162777592, 19.55990709915967;
  -5.063646700756867, 0.2994445658716197, 20.2268528294854;
  -6.664525575117103, -3.513858285547779, 26.58339942920303;
  -6.566278197383973, -1.587027297255042, 26.4263241464885;
  -6.825865519362791, -2.547538969977282, 27.48335395649893;
  -6.484026259084125, -2.334588986876268, 26.31139595322297;
  -6.113884055496846, -1.013321619730811, 24.82264687714081;
  -6.387043080468909, -1.830248372247256, 26.0025560514067;
  -4.868430849360593, 0.471017424476206, 20.04974686410267;
  -6.022093490988424, -0.5155000758294129, 24.68206657349937;
  -5.063155437273032, 0.1642310895096444, 20.89832485075894;
  -6.804300767645678, -4.396092115154041, 27.93003240012068;
  -4.929014780367063, -0.0827831427233814, 20.48670374654107;
  -6.492475881519127, -1.457663991584479, 26.81083511000403;
  -4.892948124870507, 0.6489714271350248, 20.40646464920962;
  -6.3083258819973, -3.962654294996934, 26.16773101047312;
  -1.387143635112106, 0.7833663211746668, 6.443359918271671;
  -6.242325132932178, -2.974261364351711, 25.93977778591182;
  -5.053797331381061, 0.02849387105156878, 21.12343667766849;
  -6.454838705164287, -3.571399503477037, 26.88341920008087;
  -6.332228364544336, -1.20148736233807, 26.34188650723404;
  -6.267383297293296, -4.899067673665924, 26.21045681202345;
  -6.383817300479264, -2.868794958316589, 26.66167898545116;
  -5.205340900955394, 0.1487898115188528, 21.98926852292201;
  -5.866568175552767, -4.888893992294872, 24.86640412770699;
  -5.909535164035344, -4.765289083743761, 25.13729650417942;
  -6.35625518003152, -1.596249419788815, 27.14796867573913;
  -4.723847493981243, 0.492117017712873, 20.35128215986207;
  -6.238234689551467, -4.416482946484666, 26.75200711828603;
  -6.473819307060653, -4.781286196410074, 28.09308161564087;
  -7.095866785248339, -2.122572995330268, 30.77382186958527;
  -6.112369304721113, -1.365254433837993, 26.65386044478519;
  -4.420983343642863, 1.201309171029372, 19.45656007034151;
  -6.208318851490104, -5.358565806725765, 27.21075817295273;
  -5.438144311529606, 0.1321520648752053, 23.92517506889724;
  -5.964100249434369, -5.357445225580749, 26.33339394481945;
  -5.681923319461211, -5.00981778927874, 25.21856502599427;
  -4.814503881045977, 0.3609552933321607, 21.39902103351894;
  -6.888981367438047, -6.831472827918491, 30.50074234238707;
  -4.572333569923082, 1.024988863353898, 20.46982613861868;
  -6.413917854944462, -1.998467735050741, 28.67918163577943;
  -5.77287886313646, -6.110641058183969, 26.20760925047611;
  -5.85301633015287, 0.08902634460139072, 26.36896351039717;
  -6.070825517270762, -3.190582238541166, 27.462939284473;
  -5.876469073583692, -6.394275376584306, 26.87907987751949;
  -4.40759707012313, 1.099103714063836, 20.30232372630436;
  -6.399182946668703, -1.434647533114556, 29.32787167783073;
  -5.81776551550213, -2.677451378212433, 26.8623680946993;
  -5.750838239841478, -5.83765180811668, 26.59850663614939;
  -5.480649540829123, -5.011746355978777, 25.63390607100219;
  -5.653657564161517, -4.034976314229744, 26.53989860651096;
  -4.412496925241788, 0.5513287852901763, 20.84858168719821;
