m=[-7.608848313591348, 2.337350780754094, 10.37843399750136;
  -8.28711379045915, 2.126621596560725, 11.23903710740212;
  -9.071451422106174, 0.769185517960859, 12.23564817867086;
  -8.360529593227694, 2.075410420706858, 11.35342139385457;
  -7.143499543404394, -0.1542284781605713, 9.856985044289257;
  -7.098199755972881, -0.269604315115282, 9.839680073047543;
  -7.07402343464168, -0.07799263578319045, 9.825348588265168;
  -8.913554560394983, 0.7972043146483274, 12.13509495997721;
  -8.443705570673512, 1.94790538395453, 11.56314000869959;
  -7.034202875199423, -0.6626502054705429, 9.831097331367433;
  -7.013299567524121, -0.2137469140572598, 9.817911773039391;
  -8.891766226326523, 0.9437678778029524, 12.20232296239478;
  -8.265235596724931, 0.5675957743056351, 11.44340942380304;
  -8.268608882597425, 1.881216376233286, 11.45695110700185;
  -7.004314874831096, -0.3923633184629505, 9.871197969227218;
  -8.775488658402013, 0.3686857100788106, 12.1451854319489;
  -7.011631716646424, -0.5514696551039284, 9.916026913149791;
  -6.836913087096957, -0.2931804705183193, 9.717358122384367;
  -7.031814260533354, -0.2150059265458943, 10.00436854506988;
  -7.103181518491301, 0.07377689042163524, 10.22141226574257;
  -7.12906700995477, 0.1266041101010903, 10.26445659965672;
  -7.060851979505523, 0.1803339461509599, 10.1847161100034;
  -6.889394108370347, -0.7939290234631856, 9.971783510379003;
  -9.007218692854051, 1.34914319063598, 12.74577650861285;
  -9.025619308197069, 1.408940971612507, 12.87873660908503;
  -8.873290308148336, 1.10225490109999, 12.70565676910482;
  -7.062036071061293, -0.8559274372486974, 10.37092410320029;
  -8.951250717844713, 1.356700271367295, 12.87388930322763;
  -9.080498102126535, 1.181733165067795, 13.08218430421461;
  -4.884711535133301, 1.367650968153003, 7.527791808091409;
  -9.019775206184539, 1.524353700152358, 13.04440859863124;
  -4.791574131384753, 1.44290098593428, 7.442870216544208;
  -6.819345667061709, -0.7007466622439363, 10.1841659454087;
  -8.731096594180876, 1.092524154736046, 12.79449197427617;
  -8.835857067311592, 1.034039446772804, 12.96018943532894;
  -8.978318808965343, 1.584095601971477, 13.1699522375516;
  -8.848443316879539, 1.239527263408498, 13.06697192680387;
  -8.843309141894896, 1.126636011193702, 13.09224816993143;
  -7.191181209516719, -0.5680372564952244, 10.96722903625564;
  -9.106988571522775, 1.588751450931951, 13.62897173782361;
  -9.055791905020383, 1.240368931664708, 13.77244519959669;
  -8.906800979661069, 1.521777936841234, 13.59968549529436;
  -9.043671879868294, 1.073308902435507, 14.07609527741422;
  -9.002081871535482, 1.210204330365952, 14.05480020471757;
  -4.245605803378186, 1.522427239204298, 7.55708145502283;
  -3.687715992541931, -1.71980343213322, 6.887681927235831;
  -3.737711976813757, 1.46003757314254, 7.615290308113947;
  -3.719278670378567, 1.499744325630176, 7.611406959579231;
  -3.658600903623095, 1.479914244136364, 7.628330384269961;
  -3.623870956584231, 1.506138270823648, 7.586925915275945;
  -3.615442124255968, 1.429950154702285, 7.621988756896182;
  -3.584622446628281, 1.417455862443024, 7.652245702177823;
  -3.52615891938695, 1.554960389387379, 7.599336460230538;
  -3.529060761633413, 1.487887689028217, 7.604905658546016;
  -12.28876086135957, 0.8443416860812365, 25.73378269774052;
  -3.270995752650586, 1.487222218205785, 7.640194399996839;
  -12.15016248957712, -1.067308307851469, 25.95300979557801;
  -11.88300003579445, 0.8404681291573298, 25.53311631561187;
  -11.66460158468384, -1.691537912682877, 26.36145101012531;
  -2.880767550979116, 1.184939189357392, 7.72479164793642;
  -12.25183822320406, -0.727207702694344, 29.6427363015481;
  -12.29521325323879, -0.564770290617902, 29.75526878319469;
  -2.866753174416461, 1.237740896883888, 7.729711071518932;
  -11.87580804010108, 0.3710768898053876, 28.85687601661141;
  -19.66804202786338, -10.01361351426775, 47.21716485445306;
  -19.08735710688612, -8.814413775168674, 46.20505135244605;
  -12.4158908227075, -0.1532806170189973, 30.43181232238012;
  -12.40458578242715, 0.3500776287997048, 30.4633441567715;
  -11.67298503929149, -1.835281607390973, 28.87160604666259;
  -2.834193037076427, 1.532348245915737, 7.824604325873337;
  -11.64315551262043, 0.9368753473842569, 28.98629645278721;
  -19.786928294422, -9.846546469523185, 48.9990805497977;
  -12.07537828147891, -1.001481079588813, 30.65379226915958;
  -17.06078385964575, -7.769885539831102, 43.0929865904232;
  -18.80148842524802, -9.028429326453388, 47.39202200989307;
  -19.34193638871566, -9.667860073114184, 48.80071264359933;
  -11.07386107224516, 0.9524741283286073, 28.35019979544418;
  -12.09851040972283, -1.411260807866239, 31.13686633341922;
  -18.53637771023827, -9.60612200404524, 47.20473343488864;
  -11.37896968525498, -1.879067163313039, 29.70296424199605;
  -12.04188552192747, -1.346729724936926, 31.57208453110065;
  -18.32841436670535, -9.953187966338623, 47.60560173780795;
  -11.76453114253031, 0.8006077380115507, 30.9582449382473;
  -17.23153162305199, -6.495375645435594, 45.3036472702897;
  -3.177985978554477, 0.626485725142219, 9.245737723996037;
  -12.47814120792033, 0.4492100822655638, 33.28396869362809;
  -17.90955541001922, -9.107725449074849, 47.4558164955661;
  -11.72395452304831, -1.545791855810365, 31.42486024716819;
  -2.928118551493613, 1.058447979116823, 8.711323649984758;
  -11.75090593011806, -1.725110392504261, 31.88151229869095;
  -17.21855725662009, -10.35662376409345, 46.38922330644535;
  -3.134785419183289, 0.5929689533626285, 9.278833557088223;
  -17.79849936327067, -10.15166777198338, 47.94468851437834;
  -17.43387302205953, -8.770272166386279, 47.12654799592345;
  -17.54059019933758, -9.519237712649689, 47.57952874117838;
  -17.47322917897264, -8.939209585163834, 47.88387948021384;
  -2.887450602176811, 1.074374844524154, 8.82780450722578;
  -14.44850453237469, -5.437046029323165, 40.12117797057895;
  -2.854295399345212, 1.015164446574209, 8.74723354544912;
  -15.35369420245307, -4.118788341813513, 42.7232345197226;
  -16.49253998745951, -8.941710021473773, 45.84562025339828;
  -17.29492483266089, -9.960958504378954, 48.40154630017999;
  -16.86517090959494, -9.004902442191339, 47.34393706876355;
  -16.5574113279281, -8.39699895122204, 47.08369810990646;
  -2.857499211346379, 1.908266203390345, 8.968804589909189;
  -13.06525033690763, -0.03063438838193468, 37.91747879967338;
  -16.02345996380168, -9.474884119859704, 46.31645403543081;
  -11.77169887813519, 0.3050045402246005, 35.13507977260958;
  -15.26220541969171, -7.718210190461214, 45.57810666371785;
  -16.60092734373307, -6.585750371980638, 49.59528609881742;
  -13.38313900573908, -4.354962279555361, 40.29937626779316;
  -12.70313322482569, -0.2830902078075811, 38.60044879041459;
  -2.78737878264961, 1.969355018936346, 9.273140816836909;
  -2.805008280683001, 1.90664322474656, 9.331980985207581;
  -14.91290905638319, -6.799165286507798, 45.41977092615006;
  -2.821926746829126, 1.626987317768601, 9.44902642511039;
  -2.725513383301127, 1.661456739718893, 9.244457370740648;
  -13.4884734637749, -7.280177812792641, 42.33207737797164;
  -2.771852985287693, 1.223338611822127, 9.519102032555461;
  -2.738206171730821, 1.598312507932269, 9.438827199097394;
  -12.80927079437351, -5.611304035182546, 40.66307653625088;
  -10.77194563433645, 0.2170383754969059, 34.36785492411846;
  -12.94708484921184, -6.218223809551591, 43.07575669776241;
  -12.67242661871663, -3.172040757351491, 42.24257696250089;
  -11.93490828878523, -0.7976340570143015, 40.24950121842204;
  -10.63002678122865, -0.2678639686019119, 36.1738659829334;
  -2.95464640341741, 1.244873576199333, 10.80727196108473;
  -12.2265229098567, -3.344205369716655, 41.79113865928562;
  -11.12425573680186, -0.514232234132795, 38.28044029383335;
  -11.96885940516282, -4.673778982054305, 41.19356187351441;
  -10.62058363780761, -0.05373838615594408, 36.95485593875917;
  -10.8723609410345, -3.598128177279229, 38.30137740414451;
