m=[-6.714148545879512, -0.150760612529748, 9.025159190683569;
  -6.788727899229577, 0.9983602044435058, 9.165020874809255;
  -6.826460884897983, 0.9516857762194344, 9.234513536966508;
  -7.056841861500536, -0.1336703387913055, 9.718921607571581;
  -7.081156325880026, -0.1831226248206116, 9.803444816276427;
  -6.991168211013859, -1.998765595108483, 9.735523902725532;
  -7.046411816938577, -0.2247598767324978, 9.81500289225491;
  -6.974643804155685, -0.3731543814614546, 9.78795504635325;
  -7.025667141209854, -0.6579421156429987, 9.857678351454227;
  -6.908437540226995, 0.9438569626987776, 9.712721816348605;
  -6.810122222929008, 0.7276198028717424, 9.61431478249018;
  -6.948534430956103, -0.1984412435908166, 9.814347765875423;
  -6.851722300378872, 0.8355646051719164, 9.724629607095324;
  -5.093124487661102, 0.9538962693496538, 8.198870000694299;
  -5.07235731410041, 0.9111090144597839, 8.170452242698753;
  -5.043000600605183, 0.889321429398043, 8.177773018231957;
  -5.001648661841174, 0.8323303592677008, 8.176590975668658;
  -4.972685326951339, 0.8930054642755326, 8.183081325061323;
  -4.996287623127937, 0.7010221888007111, 8.279013212108817;
  -7.173220135627699, -2.288067755181072, 11.52135635798943;
  -2.912818034763515, 1.078500360811461, 5.300260230854546;
  -4.835893144025036, 0.8108679638891415, 8.216224027815718;
  -6.852353154040208, 0.04746769455737654, 11.31057689667573;
  -2.898686874623799, 0.9635085410605569, 5.36577059946954;
  -6.878826033462683, -0.08138608912546258, 11.49733064468772;
  -7.081632547278927, -0.5712229940984932, 11.99077874370334;
  -7.010564914747694, -0.5794783326864267, 12.01894588933979;
  -2.748880762431547, 1.00816054340258, 5.337490041626422;
  -6.966054477776998, 0.0421914238105219, 12.20452631142207;
  -6.896927588475047, -1.850160606492001, 12.54336756707457;
  -6.914487141301363, -1.829305859660105, 12.67650240067029;
  -4.830863130159376, 0.4878535213990475, 9.179509128587826;
  -6.907063626835774, -0.6791463744468786, 12.71219803271472;
  -6.936830491526261, -1.89297952027979, 12.79816614441958;
  -6.837591904828503, -0.7174375049450508, 12.62716618761298;
  -7.00742436899771, -1.405762870634271, 12.92174690165262;
  -6.922237280990595, -0.6510544970035956, 12.83743143906953;
  -6.930693286055449, -1.350570410050042, 12.86021483493748;
  -6.969050265034591, -1.468364349536005, 12.93210052882844;
  -6.9243355283313, -1.234316628592652, 12.85648275543962;
  -6.904694319466357, -1.522750443802371, 12.82355147824874;
  -6.857401079673839, -0.7613060153260475, 12.7465276529361;
  -6.937840982560985, -1.781977714226563, 12.89588234133412;
  -6.887725443688253, -1.09160071311143, 12.841486125541;
  -6.866371269540617, 0.1434710654109911, 12.81250550120145;
  -5.981026091101022, -2.469541820546263, 11.30538635447399;
  -6.854151336464506, -1.564326369375872, 12.82092780847468;
  -6.904780055897939, -1.266402644831466, 12.91595879325872;
  -6.840128520405004, -1.162200664602453, 12.81465040122782;
  -7.214155750176534, -2.251830124168656, 13.54980211707085;
  -6.882139984286989, -0.4540990916428354, 12.98427765609288;
  -6.862500950967005, 0.08346737464651777, 12.9512746212123;
  -6.896638989369366, -1.036383832075172, 13.03562851612951;
  -6.916364398585833, -1.638615086406834, 13.138010578375;
  -6.933931546424049, -0.5532322935706319, 13.19395433643302;
  -6.745062430460826, -1.043184803629518, 12.89477696864519;
  -6.926196764788988, -1.727655044419698, 13.24503258547914;
  -6.718801929100756, 0.01258594745084261, 12.89047167023292;
  -6.889326754893526, -0.388517267575701, 13.19563658492974;
  -6.909244691800144, 0.1853695561320317, 13.23342478913075;
  -6.869661807996322, -1.006773067402471, 13.19516495507952;
  -6.916993466829562, -0.7422706851867239, 13.32615713381962;
  -6.95766042215284, -1.162007508115388, 13.40229002652477;
  -6.927164906067491, -0.2732597400859188, 13.36412233666002;
  -6.923956942770784, -1.585041400263643, 13.39685365803938;
  -6.998469284772908, -0.0984195359069272, 13.54680437053825;
  -7.007415247241879, -1.550689362492671, 13.58753072037343;
  -6.915220544102819, -1.085854852159177, 13.4362830641476;
  -6.957965070615719, -2.024144771605323, 13.5275873689544;
  -6.93625424897954, -1.282181038159885, 13.51133883571337;
  -6.924524773735201, -2.281168365008999, 13.55813709265652;
  -6.907784098403032, -0.2302758000779232, 13.52070227955357;
  -6.832692261191246, -0.07384870808423362, 13.42995146349217;
  -6.903943645222211, 0.2052015623069154, 13.55878877365203;
  -6.951479771026208, -1.207655658744773, 13.65359900700183;
  -6.963891004150023, -1.396852119322845, 13.6840870038467;
  -6.899739207405176, -0.9925329007158055, 13.59076981746349;
  -6.953635370799383, -0.9151662323746816, 13.69138481954808;
  -4.216144623238957, 0.419758825207872, 8.713849495620279;
  -7.199324922705398, -2.174904341411642, 14.1831136069002;
  -6.871160748739737, -0.01411175374546357, 13.60687072783601;
  -6.980027695111442, -1.055670778694209, 13.8144004093691;
  -6.764343503392934, 0.272037531133918, 13.41280227158151;
  -6.904372658947118, -0.9164515724743229, 13.6871301614486;
  -7.061249500723164, -1.723858385775891, 13.99819185417043;
  -7.051848347116148, -1.936315468881336, 14.0013229591684;
  -7.062806951442021, -2.070998162204706, 14.02434179557077;
  -7.054303947955643, -2.198561709488587, 14.03759239711071;
  -6.877606485825013, 0.1387006865079898, 13.71474321200181;
  -7.016323618217405, -1.843700522806282, 14.0039277234899;
  -7.054410404989508, -0.29430174449758, 14.07267349620016;
  -6.889346535780335, -1.58063895287269, 13.77099830474396;
  -6.882859142220874, 0.03551138321670708, 13.79181652512206;
  -4.77606690953083, -1.946292163288599, 9.899937188260276;
  -7.028985364586012, -2.355957866513228, 14.09771585219644;
  -6.921401900792016, -1.028832891166839, 13.89428801884703;
  -5.00166406199057, -2.08601057458772, 10.33754060348825;
  -6.924934576796262, -1.722440556628497, 13.94255345354036;
  -7.009900723846287, -1.676060187656197, 14.11773176389103;
  -6.947875819808453, 0.2040287188670097, 14.00043749980018;
  -4.809907663192242, -1.92811873373905, 10.02329382563446;
  -6.898541542195392, -1.093283613332174, 13.95856181732655;
  -6.77279134299796, -0.08328151964128579, 13.74621206908226;
  -7.052761686036364, -2.046989392248087, 14.28717518990389;
  -6.948838440028348, -1.60717809850015, 14.10939500846658;
  -6.84941031620907, -0.02043356376844857, 13.92392617666743;
  -7.020230585355832, -1.481503078520516, 14.25399939406371;
  -6.954963858314103, -1.334808181015663, 14.1806133519818;
  -6.929639885283138, -1.164144465891167, 14.13410594483626;
  -6.91397994162579, -1.520902492659571, 14.14263943667125;
  -6.981937962363177, -1.598376225001522, 14.35121507129398;
  -7.115866278233293, -1.906154644898402, 14.67196743238834;
  -6.940306355775473, -1.343589347612205, 14.35626448816752;
  -7.193259462674349, -2.303957105995361, 14.91948503036229;
  -7.046233202679179, -1.832575233640939, 14.63380245213509;
  -7.031796349447384, -0.4381095856065342, 14.64731970478703;
  -6.963478890623679, -0.8953744213907539, 14.54620805800487;
  -7.035152828532749, -1.789979802192108, 14.70252197783693;
  -6.697627270553253, 0.05923455629193637, 14.04575270296558;
  -7.006969302961623, -1.525342528214019, 14.67726406705987;
  -3.767230090932573, 0.7367074527075829, 8.353173903034934;
  -6.952854482514612, -1.601753737581311, 14.60293990357332;
  -4.814912751544783, -1.98727761646137, 10.4262607095123;
  -4.775314125599775, -2.029991217031204, 10.36891196666955;
  -3.740344761485679, 0.843330185996155, 8.361461120508158;
  -3.978149323308817, 0.4024709594727326, 8.832927394227067;
  -6.899592643954552, -2.269350255928872, 14.61304773786426;
  -6.903064469700764, -1.443805338501397, 14.64124686644187;
  -3.730846773963468, 0.7949087753007953, 8.386335847502501;
  -6.939089175904653, 0.01575275280439465, 14.75108563356582;
  -4.700352441680247, -1.851546815657944, 10.33129866279198;
