m=[-13.89588714503953, -0.2706520740678772, 17.48917551138232;
  -13.78347815492517, 1.599126102797718, 17.47342252022529;
  -13.88239156675395, -0.5649698469833261, 17.60300065660035;
  -13.77908010272966, 0.5585873004042239, 17.49659401532125;
  -13.69491449930947, 1.852877487227636, 17.4182681887708;
  -13.83318116009861, -0.1331676435863566, 17.7292478989636;
  -13.77823798634914, 0.9623752922091726, 17.71492597205021;
  -13.85773419529486, 0.02993193380018796, 17.87929068201812;
  -6.764297788409468, 1.553441101773212, 9.268277861437037;
  -6.326659787930897, 1.899269014181056, 8.73471034249061;
  -13.88079403299013, 0.8938803386412018, 17.97681420058331;
  -6.32782961314309, 1.923688290033973, 8.738148314488816;
  -13.85895134456408, -0.07819751438140658, 18.00628092726387;
  -13.86696241777572, -0.2374264050781297, 18.03395947288582;
  -14.06934722884073, -0.7408391944066547, 18.30679851352296;
  -13.66034685946958, 1.194524276746761, 17.83446971383623;
  -13.91963992077116, -0.3544233095020411, 18.16656632112369;
  -13.78746334926863, 0.4928277834466525, 18.05833564380973;
  -13.54288312355434, 1.968223599120103, 17.76033838454549;
  -13.92635725165972, 0.7797380611520931, 18.24375360813395;
  -13.90174135731386, -0.0812182073582723, 18.29926608849976;
  -13.98659206052895, -0.1856142982825436, 18.42728533259735;
  -13.65692492747155, 1.583877410058103, 18.05927590146897;
  -6.21979260269783, 1.828704592478814, 8.811847650910305;
  -13.96113690083939, -3.574890802488202, 18.56023386047481;
  -6.248493091264556, 1.926936621979362, 8.859168497028431;
  -13.88784914053916, 0.4366707819797005, 18.48415250879196;
  -13.9284390572952, 0.8700501017925938, 18.55437821131907;
  -13.90627259452106, 0.5775517100578144, 18.53419146826986;
  -13.64571379917724, 0.1415885638556863, 18.2247598924606;
  -13.86243549293931, 1.11065037504736, 18.49633177901762;
  -6.179125442789054, 1.890496110488968, 8.834743208606447;
  -13.36193775966131, -0.3000311815363667, 17.9611181600916;
  -13.79092495421596, 0.9128172934353738, 18.51997920967584;
  -13.82956579188932, -1.465575834590571, 18.64204851396223;
  -13.68136084432626, 2.012000836144432, 18.47031720748126;
  -13.78656604556054, 1.922003074462186, 18.64981473162198;
  -6.145948555774845, 1.912056337626104, 8.869337838591024;
  -14.27804446705872, -3.63878923181947, 19.29078736450814;
  -13.93888312253134, -1.144291701198783, 19.05006245295937;
  -14.67812109508441, -3.760482723187781, 20.04450457450753;
  -14.20139013129004, -0.2690020078972544, 19.55863545101465;
  -13.8133119967933, 1.047782646651397, 19.07435747710143;
  -13.90996596561649, 1.664208289931197, 19.23425274008892;
  -14.67325066338286, -3.726194409145367, 20.28426012117066;
  -14.37379414153803, -0.3717142781059075, 19.89967332765716;
  -14.29083852996883, -4.262231916248097, 19.82778041600035;
  -14.18065490834736, -4.054230178907472, 19.74721543661685;
  -14.26223811753315, -0.454923578766788, 19.86598456211636;
  -14.10237341553778, -1.320663961744236, 19.78696945476569;
  -14.16693217635154, -0.7579530886327162, 19.88134436402956;
  -14.03253392639606, 1.917178055618716, 19.72864307043885;
  -13.83328893787485, 1.478002103421174, 19.52939902871028;
  -14.05894244674356, -1.467777881003718, 19.93026909149497;
  -13.90582960538233, 1.695809975130887, 19.73650366481521;
  -11.68707322536086, 2.049214738741922, 16.77447917477457;
  -13.75762428348119, 1.391875447448154, 19.68302827203079;
  -5.850243697789365, 1.829399500296052, 8.981808381997574;
  -11.02916500981799, 2.075687490044944, 16.1000485380452;
  -13.81051956969592, 1.856528596740416, 20.0130202122581;
  -5.935756146996789, 1.70569070204295, 9.17946707651106;
  -5.815775628959999, 2.032752627616021, 9.032371256769144;
  -5.772407818723902, 1.824565475627036, 9.128777725523547;
  -5.788004041532721, 1.892595929808471, 9.177064235981002;
  -5.78892695109449, 2.108267999293966, 9.19421087433353;
  -6.185802357047364, 1.652122772043468, 9.794726585682126;
  -10.49000665823875, 2.130333578202687, 16.13651161052189;
  -5.590820955114336, 2.024476312055038, 9.074509288059581;
  -5.590476774378539, 2.041468851471783, 9.338433127412214;
  -10.32443045910136, 1.942302855724099, 16.48384375975382;
  -10.27940750452552, 1.846411887160155, 16.55786509075223;
  -10.20109615621134, 1.798939586479539, 16.54218500244553;
  -5.484646487164015, 2.044920270542012, 9.417101268317776;
  -10.11385965291383, 1.683059528494364, 16.53392694255193;
  -14.35400756509087, -4.578549277218806, 23.05486701869028;
  -10.16225108931789, 1.938628580417942, 16.61283045232562;
  -5.528830616065899, 2.038474789308757, 9.491109311807168;
  -10.04129957390952, 1.803238049133956, 16.52402386639281;
  -10.16910403030365, 1.426812886525259, 16.85054043575769;
  -5.63972601122484, 2.008526587343591, 9.797567248599368;
  -9.867787222394844, 1.450014449115362, 16.52228566662615;
  -14.35249317142311, -3.738042496190882, 23.7119708873531;
  -14.45062186624001, -4.179972011295241, 23.8739543192715;
  -14.76967351603178, -3.813589715767675, 24.52948898913015;
  -14.16416565474182, -4.547354421003854, 23.57508858841236;
  -14.21911967189393, -0.518989387864532, 23.69001172795799;
  -9.765432604284758, 1.637438259386822, 16.59155395202919;
  -13.97702416191255, -1.37446024144183, 23.3521412444907;
  -13.85265374990439, -0.1638961804280972, 23.1534479421703;
  -14.41565209752176, -4.49189451481721, 24.10364980039256;
  -5.641001230135015, 2.033288496809992, 10.11669708066453;
  -14.35054341848408, -1.157552347388694, 24.29866133750037;
  -9.574416120825779, 1.367831801068148, 16.56571928210628;
  -5.614200734185808, 2.078714648571912, 10.21578571826417;
  -9.374646396936091, 1.025450410808037, 16.67248449317487;
  -13.94715980210297, 0.08447400634618452, 24.4354217035486;
  -14.07640688535478, -3.72407281583186, 25.80662918716888;
  -14.23615119271287, -3.396261608583703, 26.1014050593445;
  -5.576158957295324, 2.045073588245904, 10.82720404313315;
  -14.10436566952249, -1.386830833744247, 25.95856925657591;
  -14.2171223856159, -2.852103957822779, 26.21648803653445;
  -14.10255626014651, -3.848421871726779, 26.01863463419706;
  -14.03166424451231, -1.472278885012235, 25.91265445062969;
  -14.05452708452423, -1.321864982404778, 26.06440960231087;
  -14.13804977826219, -2.003693479929189, 26.21997608458839;
  -14.12579957534987, -2.752666455915699, 26.21105995554146;
  -14.15725840858305, -2.982904806789911, 26.27088082159054;
  -14.15966348907755, -2.524070075508976, 26.29038825823974;
  -13.90716533713514, -1.543968116241272, 25.85061971498084;
  -14.10228516292995, -3.62215823959874, 26.21296894267465;
  -13.7914366174817, -2.185734923605282, 25.71277607137518;
  -13.7870083646911, 0.2880760013206824, 25.72626990056909;
  -9.703020397222248, 0.9798772065056395, 18.43748454703932;
  -13.85251436630207, -2.540683510413345, 25.91226705119348;
  -14.07702146483789, -3.212805612062095, 26.33155690608519;
  -13.66309884182159, -2.321485993592683, 25.59715574540073;
  -13.72042087451917, -0.4559840947790489, 25.78413161017312;
  -14.03572284421513, -0.990272632706711, 26.37705916108754;
  -12.25317177586367, -5.059285760323788, 23.16104943932356;
  -14.71210427398424, -4.592243464283047, 27.63263069740636;
  -13.84153739235629, 0.1683521496705643, 26.12248118128487;
  -14.13494689419289, -2.12411153475821, 26.71705987393806;
  -14.06455807320853, -2.939237463837733, 26.6099346549322;
  -14.23482507629661, -4.107790142049163, 27.00050601415207;
  -14.05621348082599, -3.330177842009887, 26.7005424758632;
  -14.1504744585417, -1.607557590160992, 26.87646882489732;
  -14.03383996275211, -1.11970725672949, 26.70373112189886;
  -14.10955387071406, -0.638468774674232, 26.96597143301685;
  -14.06570216414452, 0.377371635129267, 26.94034152769652;
  -13.6414314138817, 0.02555371340621848, 26.17200016277343;
  -14.90581887072205, -1.348976601138083, 28.53322478976986;
  -14.05104211945366, -2.059229576387212, 26.98907511591733;
