m=[-8.579028928613885, 1.10733596726492, 11.67264619487405;
  -8.755411546563879, 1.169835988797338, 12.07284053866799;
  -6.516754593701308, -0.159885972668599, 9.255129560759576;
  -8.725488148532092, 0.9600784536950204, 12.0560322022127;
  -8.853275129745365, 1.476827008043294, 12.28356828560125;
  -8.873430782342544, 1.42070538788336, 12.31628425570848;
  -8.788253325246533, 1.348908104092405, 12.21206063272154;
  -8.696773728291783, 1.009206672902038, 12.19567567836982;
  -8.761344223930225, 1.386283457491397, 12.28475118280869;
  -8.851321321127337, 1.200578221005785, 12.7714716989909;
  -11.83639484776551, -0.8694031729095861, 21.24284150127718;
  -3.079934974162592, -1.333432448306322, 6.318976729625998;
  -26.89432344845652, -4.524980816640427, 47.99827077764545;
  -29.48920091994941, -4.70581001194587, 52.76818120532607;
  -2.94525015570298, 1.216867758869864, 6.379423227090246;
  -11.70228516104994, -1.589701326633856, 22.57212185327903;
  -12.30777014826898, -0.8041262120209132, 24.3084712987231;
  -11.91324425997778, 0.8424222749438217, 23.84924381474336;
  -11.95810893226416, 0.5814915428899689, 23.96268245790754;
  -12.18561379054099, -1.052083102907582, 24.88234319602691;
  -2.784097739883568, 1.146402378489795, 6.4459963645391;
  -2.766078028372141, 1.194080070696767, 6.439615968954773;
  -11.61982002197214, 0.8819330378075527, 23.8722255835713;
  -2.754370832978642, 1.15964607823009, 6.450208327024852;
  -11.80876177870182, -1.83114534929006, 25.50032673328036;
  -11.77339464582765, -1.67766117294324, 25.44038645239195;
  -23.02896790373998, -10.97286077945094, 50.0938285474776;
  -21.93003571815928, -10.33122949928841, 48.28702178857289;
  -22.43267984019135, -10.88427838752115, 49.54756620886111;
  -22.46949653742718, -9.062299035155551, 49.84980827669148;
  -22.90228194231023, -10.80632828943349, 51.10103209457583;
  -22.25952555646716, -11.16591463821449, 49.97996120989089;
  -22.55388590265789, -10.88894461881075, 50.79087495855835;
  -22.59928411910219, -11.69739190362189, 51.21412752927406;
  -22.3811147660023, -11.21269285821936, 50.88587028541989;
  -12.62388523720452, -0.5484133908089807, 29.34289773014675;
  -3.134588372655369, 0.6872723890427772, 8.063651834025739;
  -2.818879494232392, 1.019675039198755, 7.358289588350977;
  -12.53618665751534, -2.053856439735384, 29.46862015251544;
  -12.49922817926493, -0.1579952769656962, 29.45592983334139;
  -21.7117478756693, -10.90485847536315, 50.63830885068822;
  -12.57131636395573, 0.3771595002826381, 29.68073379479685;
  -22.11457828798552, -10.13774928055825, 52.04812327818517;
  -2.76023134750227, 1.025289497694287, 7.414170998165993;
  -21.08097592827605, -10.23201750653587, 50.67036151355996;
  -20.86192563456092, -10.25910346983793, 50.23971593251828;
  -12.23968799677663, -0.9971610824257438, 29.86808045265292;
  -12.55992531438973, -1.023250651894205, 30.6495443240301;
  -12.05435454128673, -1.59691720446794, 29.66542274408642;
  -20.63491310808816, -11.19299423166749, 50.16994692605556;
  -2.70801136453334, 1.124300159406245, 7.450347705400935;
  -12.28431993111055, -1.405246286078585, 30.40112117636046;
  -19.98675335852441, -9.020182249202717, 48.97907507292122;
  -21.06520215688286, -10.02553174910244, 51.62760077626454;
  -20.38845106968361, -10.092940214545, 50.03772462187027;
  -11.81047434806554, -1.918370167857445, 29.59077612807117;
  -20.1945574210959, -10.368778374375, 49.9878125587888;
  -12.15966746267095, -1.308033224675646, 30.66479555701637;
  -12.7798212497492, -1.838699220804989, 32.25831396073134;
  -20.12236439038209, -10.82649059147408, 50.80433885279159;
  -19.04248440362678, -4.343721265359196, 48.44684925083809;
  -11.80121061653968, -1.528021063925006, 30.41971468802571;
  -19.43780416872615, -7.255353821705183, 49.63813677830373;
  -11.84910954207792, 0.6734457026184086, 30.61193197404447;
  -12.19650844999517, -1.771947985080751, 31.84071864578743;
  -2.92503086617881, 0.5978264158569303, 8.400962862700151;
  -2.868422071124142, 0.7573652119762933, 8.309991060851287;
  -12.18094673527363, 0.8947443490779463, 32.14237854811526;
  -18.76858915185841, -10.60328554947588, 49.13890942411199;
  -19.04078820222155, -10.23491524761917, 50.19336863244384;
  -18.07670526415455, -9.170721285572926, 48.1640226582355;
  -16.05758297253919, -0.01488719792639303, 42.86194508195285;
  -2.662297861412367, 1.619249838458304, 7.983447434373477;
  -18.71328948596295, -10.06820776664836, 50.53066364091367;
  -18.20513987692136, -10.37494654540408, 49.50888337257711;
  -18.1139191353748, -9.57757892696438, 49.40359468111664;
  -2.680873433197232, 1.179846938306415, 8.160080132941523;
  -2.66383408534371, 1.551927206547191, 8.137742016880587;
  -17.76981853167489, -8.915119610036776, 49.07970945520879;
  -12.70162397872101, -0.01647770882810549, 35.65171689905259;
  -2.616789202343217, 1.657025470156758, 8.134896059753544;
  -2.604353619435812, 1.611696458933234, 8.123880371202816;
  -12.51517143055312, 0.3310057241252861, 36.04389215250742;
  -15.80329438166397, -7.905594230207653, 45.79454913951871;
  -15.164620447104, -5.937396761513253, 44.04642635245773;
  -11.5415114958593, 0.2425653703104123, 35.49238918934849;
  -3.243951206064773, 0.7488280353942581, 10.68509606119232;
  -2.690195099664963, 1.126047074555597, 9.220178485881664;
  -2.853944832160761, 1.07515012546193, 9.724066831622107;
  -3.131818357660436, 2.291921026741728, 10.57144812729064;
  -2.746636830903067, 1.310897403254687, 9.413324177455714;
  -2.721267658183831, 1.213204042123291, 9.457522215605986;
  -3.251443663240103, 2.046251905125754, 11.11383707506734;
  -3.099368370365173, 2.231118759850218, 10.70232242240679;
  -10.71651379437023, -0.2128992769249174, 35.30432021502219;
  -3.26076398077318, 2.404104379138566, 11.88047532041714;
  -3.125834290814783, 2.317385880371397, 11.60985242290666;
  -2.768343869298397, 1.199966338894678, 10.42053949252418;
  -2.787455884023359, 1.177074671777507, 11.31073671592675;
  -2.89868786404786, 2.415726351635831, 11.9374097968445;
  -2.886888559576722, 1.735848707331775, 11.95754431826216;
  -2.95764063529431, 1.605520185441077, 12.28447126996087;
  -2.909680548821174, 1.571259639565016, 12.11049822687437;
  -3.026408966687667, 1.703113314936121, 12.8430249371758;
  -4.65280415000759, 2.417913418877043, 21.14051960291646;
  -4.765616718485027, 2.371155370132022, 24.94131861473197;
  -1.845809877554647, 2.43499210117073, 10.46465530280417;
  -3.70009959435043, 2.484945163044386, 22.82979359426233;
  -1.84190403390811, 2.409235937250093, 12.27372969095888;
  -3.140223222585385, 2.313298321223969, 21.13245508107108;
  0.2286536859514871, 2.44811804387648, 13.05442274648182;
  0.9550767077312308, 2.370032840949482, 16.37461828484549;
  1.405287103450847, 2.441865736463557, 16.29505767272437;
  1.493187420706007, 2.375635955279927, 16.33491799532582;
  1.421654950170684, 2.397243708333799, 15.60982436755553;
  1.626023542939322, 2.382066763226906, 16.50031633021138;
  1.675017112869734, 2.279214355377756, 15.76491174620603;
  2.561345684711226, 2.29836338784349, 18.63636752536359;
  2.602351252356782, 2.416242207445524, 18.37776320651629;
  2.908893819399, 2.296541758792037, 19.11457825458345;
  2.169414554171924, 2.451415938348399, 13.05870565059423;
  2.690559812841986, 2.486176971105349, 15.96714828308212;
  2.876852749163791, 2.414413823117383, 16.81838942424541;
  2.860547311556993, 2.326231904682428, 16.52179115424071;
  2.314996416794856, 2.40066745128879, 13.19278932019939;
  2.577290805461555, 2.557962643728696, 14.37269978742289;
  2.462826317422788, 2.513932966451161, 13.54441716919203;
  2.404725051746302, 2.545795832398997, 13.12910302932138;
  2.937039062111491, 2.296335539309429, 15.53416188619153;
  2.46350661825402, 2.414163903870384, 12.81637069681949;
  2.673528477296068, 2.329268160007841, 13.73300347188124;
  2.8322206813123, 2.415878996899049, 14.17290479738455;
  2.731717642231302, 2.458407282603662, 13.06917713170278;
