m=[4.831158799120513, 1.558222866938123, -6.450584099468054;
  -6.145353625646017, -0.4811770389563295, 10.67989462769497;
  -5.809550688498057, -0.426721300423058, 10.42643187023266;
  -5.867326374687886, -0.7970491569185352, 11.31727727189741;
  -5.991681427922495, -0.8387693014340014, 12.01281469627599;
  -6.179363726229942, -0.5335147063443845, 12.61791581549106;
  -5.933252754313189, -0.8454645473637757, 12.82079192367337;
  -11.88567419299908, -5.663295408410866, 25.85434691142108;
  -11.56632449269906, -5.448890021568302, 25.46750812312595;
  -11.15578727704453, -5.412759207563469, 24.64003911521162;
  -11.95043503893819, -4.819797174479064, 26.51269442205032;
  -11.41715122029204, -5.387126249138142, 25.47467594741857;
  -11.31166740720465, -5.674205066245184, 25.3984163677298;
  -11.32630298002693, -5.468303174791276, 25.50659522195688;
  -6.471093457824951, -0.2811206089697834, 15.04137830527577;
  -11.22655866993371, -5.81086798144276, 25.44144338407938;
  -11.14599908627278, -5.584023211489636, 25.34162706528999;
  -6.165538004132364, -1.010126147621538, 14.49323486027972;
  -6.012741688960958, -0.9239038966874329, 14.26166503454637;
  -11.09999465633116, -5.575040365139059, 25.88851716900102;
  -10.94823104728052, -5.018880305000112, 25.76738619232421;
  -6.335950082617829, -0.5161865926845959, 15.46139630858728;
  -6.44368881537377, -0.524964011798742, 15.72430735163583;
  -6.443851259814289, -0.8536580622865453, 15.85813417613313;
  -10.6122330674838, -5.218693566090996, 25.55639321409577;
  -6.425505500998487, -0.7350360290265857, 15.90178149467701;
  -10.11878195305491, -5.48873006824783, 24.60193318391583;
  -6.197162206066505, -1.006602338833143, 15.52679715180902;
  -10.52764772749576, -5.010408433269604, 25.8016604797078;
  -10.38511366762991, -5.14096588359762, 25.48734359915997;
  -10.77048993636882, -4.86080857638717, 26.39391329360445;
  -6.261721143218344, -0.673582507426931, 15.79108962324042;
  -10.38608424718568, -5.332674714829759, 25.70878983590682;
  -6.69761007323335, -0.9636199272467512, 16.90583962848137;
  -6.210518089283082, 0.2144496266276351, 15.97184269392886;
  -6.128898902790243, -0.7935699926416834, 15.79832459843855;
  -6.271912308053089, 0.3564649627095228, 16.2033570741742;
  -9.562271144058974, -3.56921285382906, 24.41908143738298;
  -6.205236851093316, 0.4558020593857602, 16.37402052428199;
  -9.704474639525309, -5.482528008789891, 25.40773291278573;
  -9.632841831238727, -5.177901181892564, 25.39310746374347;
  -9.434115641036163, -4.786140165230671, 25.13649212372282;
  -9.284752535515091, -2.428732696137915, 24.75690947160399;
  -8.95819541887604, -2.374114249901862, 24.17521668853212;
  -9.461331401051705, -5.090427867658296, 25.54801254906984;
  -9.377630693305125, -1.723342218589822, 25.31277183859275;
  -9.245866403849961, -5.269136647914211, 25.1441364670276;
  -8.90141009267197, -4.465838271375941, 24.58542951979294;
  -9.403348265558693, -5.511615483601233, 26.39461059573595;
  -6.367878291932525, 0.1684199195239995, 18.33959044575109;
  -8.244427571204222, -4.124272918303652, 23.89057840843444;
  -8.616433055915204, -3.373588010358451, 25.02687656061508;
  -8.344478388740233, -2.635342737564976, 24.30656433429762;
  -8.435628818327153, -0.4182533840113043, 24.66208255731189;
  -8.191612884932056, -3.701874564426415, 24.21810608785587;
  -7.539112512298997, -2.683692847584342, 22.52798581632191;
  -7.994910340111101, -0.8436508115525886, 23.99183726869934;
  -8.317461413002535, -0.5726885420122355, 25.0084815243683;
  -5.950928551131223, 0.1250693367340859, 18.30026095373479;
  -8.015695560597887, -3.454878072164241, 24.60303835813296;
  -8.415597213992371, -2.730177928830884, 25.95546799159584;
  -8.472288169885884, -0.6129807035606755, 26.32711036456545;
  -5.941416723591046, -0.003169594115528722, 18.77562976962114;
  -1.389480016727211, 0.6022840107150534, 5.230250312815588;
  -7.105747632711848, -1.614505400892937, 22.78642452516687;
  -7.235659915374571, -3.44748060813107, 23.33226541838441;
  -7.297788584110926, -1.801770228907617, 23.56240145666691;
  -7.91560130648805, -0.7233618161430889, 25.5125498545775;
  -7.076642858427254, -1.978054439496406, 22.97910625930332;
  -5.451019704940801, -0.1082925078018408, 17.9577564919222;
  -6.830609404457237, -0.444266766680638, 22.29231238380547;
  -7.167554551521771, -1.449505148552696, 23.44369267966901;
  -6.790944040771207, -1.828362601620541, 22.46837751231595;
  -6.017662297289233, -0.2707829735817945, 20.0112357136764;
  -5.556967139485465, -0.02330043173670797, 18.66655490809815;
  -7.055455058526801, -2.716351947390987, 23.48646074351859;
  -5.855970569080361, -1.913465897838682, 19.91884926611786;
  -5.625621038802942, -0.2189983714328541, 19.22215183751021;
  -5.944230149228611, -1.711248835515034, 20.33087436936386;
  -6.644613917848595, -3.536697270027208, 22.87384850477875;
  -5.400189418727603, -0.122840179232787, 18.91431142825646;
  -6.675649163964595, -3.835116506295954, 23.47607863856635;
  -5.585312627511772, -0.3848121256313412, 19.90037557357132;
  -5.190290218124417, 0.2053443583320774, 18.67413464856233;
  -5.212366690706465, -0.1789920700584418, 19.01684198108258;
  -1.441265503056763, 0.7782992932911281, 5.99874901260058;
  -5.157040777548094, 0.1416139800091164, 19.17966240313961;
  -6.44381439571187, -2.839275208617617, 23.83880808066316;
  -5.466276713898174, -0.6613982057973274, 20.40718390419295;
  -6.203863100418037, -2.973929660694884, 23.10491486766886;
  -6.194570839587255, -2.810384262821785, 23.17590104122137;
  -6.606022900848142, -4.058621597509838, 24.68653217180387;
  -6.219842298752314, -1.917866808479469, 23.39156081045733;
  -5.803502962187496, -1.592190291128385, 21.94046937574017;
  -6.395832262347477, -4.060505749031403, 24.21172224112832;
  -6.191149484116938, -4.816506785562679, 23.45882749555869;
  -6.286172342977628, -2.051609616356715, 23.95220376414313;
  -4.974452302029657, 0.2949216311080143, 19.14681244774375;
  -6.17905304849354, -2.268427124527199, 23.70118979844703;
  -4.953963404285866, 0.1135654839034861, 19.25951462872482;
  -5.892224767202134, -1.577834942453945, 22.82004277885951;
  -6.263819030781665, -2.579223221294256, 24.36567569250397;
  -6.227483742485735, -2.29722006535637, 24.27586080248549;
  -6.148967181550132, -3.987783281834665, 24.0169032436266;
  -5.9078980648474, -0.9642598394286456, 23.18945682569735;
  -6.239176033486665, -2.21722913105488, 24.48787906286149;
  -5.736565118137364, -0.6038984413410224, 22.58608888074559;
  -5.878425570505502, -1.644225241124794, 23.14958448290302;
  -4.885319090441796, 0.1635581562281844, 19.44256410441657;
  -5.756614304301849, -3.032515996220957, 22.84147360980269;
  -6.031620755714799, -3.850344518012601, 23.96005477597545;
  -4.877935085477329, -0.07558244101581928, 19.51144380375085;
  -4.311813891111719, 1.186387795664575, 17.35228653557781;
  -4.68438544482628, 0.6150038778195078, 18.80568797386155;
  -4.888169337305592, 0.02677562613392501, 19.6836253485652;
  -6.007918580277489, -1.328581524772236, 24.00521255900289;
  -5.805433188711397, -3.600987019681919, 23.28602679582932;
  -5.815975668932675, -2.737309671487162, 23.31744212795878;
  -6.009105102146251, -2.828206727368651, 24.0917377300223;
  -5.599403585510889, -1.05054801290657, 22.51976259461805;
  -5.948699445951404, -0.7346998568208554, 23.88965469066378;
  -5.72844098567425, -4.423676593503452, 23.15139836257322;
  -5.297002228469501, -1.477760553299844, 21.51584144456142;
  -5.067990491177306, 0.1470407023003222, 20.63566269066281;
  -5.521838877198125, -4.396750228379264, 22.69898322849035;
  -5.789483920802543, -4.254533219460103, 23.82825537672887;
  -4.787863544516422, 0.4978331274780382, 19.88431509607123;
  -5.714584318868958, -0.2230822822928034, 23.5971273793159;
  -5.846685014164736, -4.078689571659365, 24.19856051296249;
  -5.814438080330396, -4.244059349386761, 24.41053000503719;
  -5.947908030714523, -1.768709956508074, 25.02808495404242;
