m=[-5.853114456380658, -0.3973943628867516, 8.729210553152122;
  -5.564649174445663, -0.7126357418901287, 8.956520900750949;
  -5.498236019899411, -0.3765885661013556, 9.377397003703361;
  -5.591074168558103, -0.7342957276773892, 10.27470131367093;
  -6.122826800679003, -0.3606365942060757, 11.56375529970566;
  -10.67779529029108, -1.754591146783812, 19.47435829970241;
  -5.781248130232448, -0.4721540697229464, 11.29662823529423;
  -11.97494364971059, -4.884983882394224, 22.56416598016812;
  -10.15760936519372, -1.678274176412741, 19.33595501872783;
  -11.84887078986513, -4.634790406495617, 22.53893905406467;
  -11.86354466026609, -4.211850340835959, 22.59561428125625;
  -10.30076590427501, -1.701712473005232, 19.84341651042881;
  -12.46174521556025, -4.797484799083777, 23.88186659631037;
  -11.50564244842468, -4.570462943958388, 22.6627199397907;
  -5.612128325593857, -0.7703856867348747, 11.61104274599708;
  -11.25585865021554, -4.752336752053693, 22.47822060663777;
  -5.594962903103463, -0.3586757271738367, 12.13827971489505;
  -4.70213995802663, 0.4159415911360035, 10.18449840026649;
  -10.26797183485645, -4.776139967854525, 22.34778455867427;
  -9.296733374219672, -3.530641693603712, 20.34938224258372;
  -5.539446200680497, -0.8809852255323165, 12.53428067611505;
  -10.21885867674696, -5.0600704401738, 22.37037433726121;
  -10.35905385923336, -4.933478231503752, 22.75228635742331;
  -6.018253021805676, -0.04309591182130648, 13.66278102843983;
  -9.994685595005112, -5.110112762365401, 22.09340929277379;
  -6.02704478574563, -0.3604905910140259, 13.79140513678163;
  -9.941417407125309, -4.380381016123653, 22.30900991892609;
  -9.808374227462704, -2.370489272779313, 22.04218815728045;
  -9.566189874111791, -4.179353049997189, 21.71591397470136;
  -9.978082092901135, -4.938637200842591, 22.68880010259435;
  -5.832074462288229, -0.4480152331222935, 13.72184617149055;
  -9.773446496447413, -4.423760443291934, 22.449894203953;
  -5.960036777944797, -0.7612053330920234, 14.12261520431124;
  -5.733888143420474, -0.9014834504179698, 13.82849434727985;
  -9.670757686755538, -4.70183286900375, 22.71307899098077;
  -9.008370845447926, -4.822444802752568, 21.34642735924543;
  -6.031041677966909, -0.8365385724990825, 14.69694597947823;
  -9.240919494412408, -4.342157381722212, 22.09631875481031;
  -9.431563214690701, -4.200141955236, 22.52761179093908;
  -9.343735386327964, -4.564275064373438, 22.354512665109;
  -5.702012024927852, -0.6340336810867138, 14.03485265010081;
  -9.356553455372929, -4.742455947078165, 22.57546912348606;
  -5.842825261686119, -0.903429756985382, 14.46336053945941;
  -5.720557997430753, -0.7166791809023202, 14.20948850801319;
  -8.918325593627655, -3.75392947420398, 21.69637021341782;
  -5.825620053047117, 0.3639457027191509, 14.52194412359732;
  -5.593699394899843, -0.770112674649297, 14.08692096751414;
  -8.53815012898224, -1.89332025760823, 21.185595258288;
  -8.41482073475723, -3.093416305626605, 20.95536846683767;
  -5.761839420607262, 0.445056481921837, 14.68922516989762;
  -8.743156104115053, -4.871957030744924, 22.29216130998798;
  -8.275131288827412, -3.823936882859121, 21.23507358897325;
  -8.623765087010376, -4.583429275148066, 22.16143955887438;
  -8.425200438893373, -4.223740890559675, 21.86614356642997;
  -7.972737557727624, -2.04542425275601, 20.73046926181028;
  -5.961787096038427, 0.05230254004514102, 15.91057000093341;
  -8.402201899697165, -4.462279187544174, 22.11253521218937;
  -8.19319181108223, -2.131220706763012, 21.56621868554301;
  -8.178464867108112, -1.462752719396729, 21.52892175557466;
  -8.342588615317485, -4.696890430689892, 22.10171609000263;
  -8.286182274243478, -4.322846772961795, 22.01550962448628;
  -5.83165466625172, 0.1035105063656173, 15.9309446321451;
  -5.928856309430246, 0.05275027495036515, 16.18672463767089;
  -5.748988616243588, 0.1780681984260461, 16.04673762632518;
  -7.512588193383968, -3.705628837550087, 21.17204209628437;
  -7.423787328150194, -2.283099080586245, 21.04699478934045;
  -7.274135572735341, -0.3418253990998896, 20.75686893978049;
  -5.599412180946315, 0.0941179622052781, 16.25951655226349;
  -7.346314056125275, -3.275163806945282, 21.15361884506132;
  -7.205308504916008, -0.7741712455018985, 21.10214891985844;
  -7.19672739410474, -0.4652510429233875, 21.1138532000677;
  -5.554460300316014, 0.1420639944832146, 16.54382040393477;
  -7.071808098975253, -3.006265321381544, 21.14300725173829;
  -7.519879630482115, -2.411445046215456, 22.56263504947037;
  -6.916363502734374, -0.4679800557168192, 21.00795178269201;
  -5.961286220451009, -1.313425586849162, 18.66964342470328;
  -6.344915552776714, -2.986376411980887, 19.92506223661808;
  -6.457109550431538, -1.568562412892864, 20.30189519120143;
  -6.445149874852472, -0.5565357382533187, 20.2809327638611;
  -5.089750273908277, -0.08834250153128735, 16.23021965468184;
  -6.147252965433908, -1.215356466294665, 19.58989315074978;
  -6.237156638503008, -1.04946967384754, 19.86308039971156;
  -5.401710741925861, -0.2194909512926956, 17.42543400485449;
  -5.959697921285379, -1.562609151094138, 19.16658034767288;
  -4.913794063441318, -0.0005597362738098851, 15.99133201283077;
  -6.225915562020834, -2.359624903634855, 20.16007876112048;
  -5.132176307901129, -0.09918524217109134, 16.82241154021063;
  -5.339710643894282, -1.716115184145894, 17.6013956972203;
  -5.115370600860927, -0.1805800692522532, 16.93790168592475;
  -4.833356331530711, -0.0386140237254536, 16.23901577176646;
  -4.834092784370631, -0.08932538832529985, 16.40497319691641;
  -4.866987447834894, -0.2269383906438055, 16.54285419095809;
  -4.998668595695352, -0.08115168184910959, 16.96674076672071;
  -5.166813120564292, -1.526198032026887, 17.60571627929642;
  -6.012439409458808, -3.408605842553632, 20.54464710002478;
  -4.785494594252428, -0.3095342508448472, 16.54524783719236;
  -4.811441941351444, -0.234151850785834, 16.73234395440281;
  -4.628578000836389, 0.2027800422107199, 16.13183543882993;
  -4.81998060950846, -0.1469178639968443, 17.01920865100769;
  -4.724807912237199, -0.234725845798032, 16.87683370136931;
  -4.502411723097492, 0.1452084874931825, 16.24498527329025;
  -5.571978038531815, -2.415750106864178, 20.06309855641216;
  -3.894278135394671, 1.091776056349598, 14.37194924312489;
  -5.720530298613824, -3.233179870368064, 20.79537089199542;
  -5.580003367173033, -2.495885255841533, 20.29719543586002;
  -5.367678557276363, -1.874462309776253, 19.56616668806547;
  -5.004911158097309, -1.345724260925136, 18.38302989778668;
  -5.74561441567791, -1.73537693830799, 20.99564389593171;
  -5.638242067873034, -3.326031291697088, 20.72296696618071;
  -5.608254112255131, -3.517505715108733, 20.63478399080714;
  -5.267010417723757, -4.053853590907947, 19.39887590250648;
  -5.470731167692314, -2.067287011086562, 20.15583812935987;
  -4.428360348748599, 0.278772508072222, 16.51302375581843;
  -5.206725245192962, -1.656928203652189, 19.3237479127043;
  -5.395062779513922, -1.952380063557082, 20.12856753488679;
  -5.522907413138372, -2.833450398987044, 20.70886448315162;
  -5.126023245214601, -1.319609256216503, 19.28047572510589;
  -5.463994674136918, -2.215650491844495, 20.66796863244256;
  -5.526355933938856, -3.533725654761831, 20.9432400060625;
  -5.427313284141668, -1.966026909781808, 20.57829689120227;
  -4.239594655259677, 0.4249125090283707, 16.29128551648951;
  -5.146370096767728, -0.8048576208194581, 19.63653824179181;
  -5.360062791894893, -1.872556667254747, 20.45149200144933;
  -4.332825887416191, 0.1589393255319321, 16.70783269432775;
  -5.200501786399839, -1.428014185261493, 19.90718635025011;
  -3.846372150899617, 1.074950410363819, 14.97990417404793;
  -4.304081591146289, -0.0498459827579984, 16.69041629687173;
  -4.312117010731686, 0.5559118388837124, 16.7286152140713;
  -5.338614866135337, -3.368196409081919, 20.62876370650029;
  -4.267255406380356, 0.0418278762688762, 16.66174200843386;
  -5.27660554544958, -3.232003241300196, 20.55005938594878;
