m=[-8.303815108394385, 0.4713702601822423, 11.30130929231487;
  -8.740203099850548, 0.6006889656695296, 11.91356876947588;
  -8.385305057102936, 0.4948585039546746, 11.56161901929221;
  -8.480598397699145, 0.5438591605532026, 11.70098663114846;
  -11.98653202004731, -0.8138197690864637, 17.87645920558229;
  -11.10314689674573, -1.659804987788421, 17.90669999003641;
  -10.90425005556907, -0.7468606072884646, 18.59750680557296;
  -10.97770844854982, 0.7515466129308137, 18.75331617294566;
  -11.16151906425433, -1.529344961837637, 19.74531873112654;
  -10.83104448359135, 0.8651865819910108, 19.56484761528077;
  -11.89593317506918, -0.513222297279032, 21.9175895930318;
  -12.37981913535645, -0.7291755842851941, 23.38089967202731;
  -24.96917506369569, -10.18576966295629, 47.04895713966227;
  -20.2889778030498, -3.3522127390868, 38.62195798944827;
  -23.88437004170362, -9.342582183372707, 45.43288303684958;
  -24.71737496020502, -8.775276456739427, 47.07735222817019;
  -11.82750406089542, -0.9659513051884726, 23.11108489335785;
  -21.18674455619324, -3.500103565957825, 40.81418805509614;
  -10.36995030473045, 0.8984831635070699, 20.41100027093079;
  -2.770187415169888, 1.019477490658725, 6.2423853792495;
  -24.74351218939244, -10.09864731728954, 47.97487177786233;
  -20.86156186156442, -7.333119272462898, 40.78425631141193;
  -2.741482244057404, 1.061518431523968, 6.218356170661093;
  -23.40100757634547, -9.880140804542172, 46.73237529583074;
  -2.704154513666484, 1.015000058392086, 6.272465646752919;
  -11.2228121316312, -1.54057308199707, 23.21909689705387;
  -23.11165235168017, -9.76246997580604, 46.80851361131801;
  -2.618765124459525, 1.099586056848909, 6.349914813052478;
  -22.94742725856416, -10.79213075567907, 48.67870808347258;
  -11.23141525467114, -0.7200112142702438, 24.36657084530743;
  -22.70356472055626, -10.5433093671316, 48.70675715379355;
  -20.49235619202251, -9.805984309712009, 44.12161255838809;
  -21.29571510425249, -9.905687090822211, 46.34917789286997;
  -21.39761439979986, -10.59545293067228, 46.84208473663642;
  -11.57612726761743, -0.5998293365110698, 25.80791253826411;
  -21.14203885462433, -10.06885280028989, 46.43568116710052;
  -8.539154569978589, 0.8703931075538911, 19.04228372926957;
  -12.24810980461728, -0.4718098394898441, 27.41630000122655;
  -20.82549229752011, -10.64772002685948, 46.03507740979462;
  -20.59731820555995, -10.19057192565169, 45.67669532539745;
  -11.34858961621652, -1.804862692102328, 25.67881379734825;
  -12.27075483051681, -0.08786924814240522, 27.85735921962285;
  -12.20166145051757, 0.4248283743216951, 27.76315180429906;
  -11.88275273246801, -2.086089823431341, 27.30438111102214;
  -7.90076540251018, 0.8262689885863421, 18.256717285961;
  -11.75906403172669, -0.903321767844336, 27.66701090794246;
  -11.60020392639711, -1.818411608242364, 27.51978032209622;
  -12.60358404442105, -1.609707414254433, 29.86484384009685;
  -12.37403035147597, -1.359872999678475, 29.5126212186483;
  -18.24067569286114, -9.764768036629315, 43.22349349749191;
  -12.02717486123314, -1.890915696555059, 29.0060976814058;
  -2.623961533870336, 1.210048283449875, 7.134569336462884;
  -11.7542822010095, -1.186038572713119, 28.57834144266113;
  -12.70908520112594, -1.762819850965295, 30.97056008283135;
  -11.37457267644687, -1.264792524692582, 27.99721410159855;
  -12.22760217726646, -1.890657202425713, 30.26827106786481;
  -11.70689988867926, -1.466656124610976, 29.07916666649659;
  -12.18671633451381, 0.7613443718980056, 30.37870854062527;
  -12.54195448551206, -1.726713831453645, 31.58509407506896;
  -11.59294194782513, 0.8954629905113464, 29.55502960462706;
  -12.39988658904973, 0.8018050497740015, 32.0279226303164;
  -12.35605667518123, 0.1083992330895429, 32.97533130570962;
  -2.812170373265856, 1.310648166044664, 8.39787241465295;
  -11.96871180800974, 0.2124418352411669, 32.69618933969883;
  -12.11317691144291, 0.1077734691570612, 33.07090759495257;
  -2.667870627918838, 1.287074710670925, 8.159608826103321;
  -11.61965025095594, 0.3599050762915634, 32.43309238079262;
  -2.662402892054437, 1.197529254499963, 8.256858833977857;
  -2.874734102362328, 1.238328104155081, 9.251162432377226;
  -2.71747383239076, 1.287638132845711, 9.134030212646769;
  -2.703160107072393, 1.180671030621571, 9.17460237425647;
  -2.795066428789816, 1.720524659681096, 10.08055281362537;
  -2.915039110762254, 1.649268590937286, 10.61025879194913;
  -2.825938544414564, 1.696356522886196, 10.68176980060639;
  -2.759604442541558, 1.497421131938061, 10.50765513956378;
  -2.764411006473604, 2.052016894496051, 10.54433440098045;
  -2.890349601771823, 1.39654588978754, 11.04606606582425;
  -2.787004325002056, 1.568541934263923, 10.86441900647098;
  -4.990915184460973, 2.460435618739161, 20.54948775697058;
  -4.394090780864121, 2.29627358526842, 18.96813305256041;
  -3.820127783542936, 2.21678761377179, 18.39160545805597;
  -1.803881788311728, 2.366030039551476, 11.02039724709823;
  -2.983734477324966, 2.201610971974866, 19.04875579147621;
  0.05545836031381876, 2.363784774301623, 10.72552886299286;
  0.215407646613387, 2.38889637015442, 11.74522050333057;
  0.2282999059392847, 2.388007970200849, 11.43138569609187;
  0.5789494396439858, 2.41090664861526, 11.90850419919287;
  0.8245599365181429, 2.336709461520788, 15.04697032896566;
  0.6455995923590487, 2.366396089995078, 11.66745261808633;
  0.93864432435074, 2.344231608742493, 15.21260423904782;
  1.339330718096609, 2.334584121363301, 14.63993859185065;
  1.384970980304845, 2.309023924360158, 14.48528718569524;
  1.39309974518864, 2.34674833426961, 14.33256527579552;
  1.5727076469859, 2.313125367392893, 15.06860909512282;
  1.684567527176714, 2.292402786654722, 14.88536715923028;
  2.592140923852077, 2.160462966292887, 19.56518516899287;
  2.818867487403008, 2.47938362389112, 20.91313891885197;
  2.617044894871119, 2.271651946476136, 18.69688775448618;
  2.748743940169377, 2.269108416108673, 19.51353163983228;
  2.843773129563501, 2.25374868610557, 19.98470830593533;
  2.688868713676438, 2.413060442614211, 18.58393372271464;
  2.697020864887616, 2.261954617631866, 18.28659467705604;
  2.884758336260938, 2.392041748891754, 18.86431058057126;
  3.133170790635927, 2.182254712362579, 19.38559444545881;
  3.035876522127539, 2.255913569879803, 18.1832008379163;
  2.896473541602897, 2.224789635981386, 16.57588642441925;
  2.79603685172088, 2.349091875233941, 15.42849049504928;
  2.09586767634728, 2.3736344853171, 11.6854499951806;
  2.739024855064897, 2.225501350406861, 14.90333217810789;
  2.684006720844913, 2.30547228053261, 14.27864705137979;
  2.344567590898515, 2.420929358874529, 12.34531880243937;
  2.208317071628583, 2.38591714955618, 11.68066635959437;
  2.363539212163351, 2.409730527236643, 12.05524642389156;
  2.326751525395299, 2.463095930549932, 11.75677529300042;
  2.879920961098229, 2.252703310596065, 13.72163066741783;
  2.442525304787153, 2.386761168385098, 11.72143297714744;
  3.020531182835597, 2.173254373198458, 13.31102615198267;
  2.64251333666205, 2.376924944729827, 11.69601946736765;
  2.81033510067751, 2.275338865768331, 12.36921469641172;
  2.855718920286191, 2.419825501872098, 11.58998958609099;
  2.745295986277244, 2.388659527721951, 11.05894665838809;
  5.193971041125877, 2.077599393982373, 19.58946743218479;
  2.93787194409304, 2.362074631294969, 11.46597207632118;
  3.198332166647222, 2.311780410823103, 12.21230229429751;
  3.045597698229868, 2.31433343760529, 11.54571815110037;
  6.722555617804895, -0.755854068347884, 23.83808772443015;
  10.28147240706026, -3.027086462381794, 35.08199237045663;
  10.25882971236382, -2.518767285368395, 33.85713777165231;
  2.962035571195969, 2.275022157838297, 10.26772247900852;
  10.04239304776371, -2.446216779258455, 31.43308512344754;
  8.773315537080212, -2.582327939869694, 27.2045102267208;
  3.216159714007901, 2.292705347219167, 10.30162441119279;
  9.593649590368084, -1.346350134102987, 28.64677680336514;
