m=[-5.702285419131589, -0.3801661019315359, 8.044763896300747;
  -15.24503028534937, -2.728926088738144, 21.09298377330863;
  -15.24133838279512, -2.445314523422188, 21.38221450030634;
  -5.501680401264147, -0.6921716419600763, 8.375597991033553;
  -5.482988888208448, -0.7992289807262875, 8.364223597800637;
  -5.757786417658578, -0.4136860972107168, 9.04223881281977;
  -14.28871873721591, -4.202513927312105, 23.37264271207704;
  -14.48069909921258, -4.770192040702357, 23.72308572653105;
  -14.17928872349659, -4.712753445340119, 23.437944044119;
  -15.01129708708752, -5.875359448776782, 24.80188679348747;
  -14.22142635443935, -4.722432759789031, 23.60516744526682;
  -14.29620693923917, -4.625943201231842, 23.81523208394941;
  -15.57952512047183, -5.871389504562412, 25.9503167079808;
  -5.908021295209712, -0.3266301412953516, 10.70682222027258;
  -12.24417773274132, -2.922727427899012, 21.63993820947352;
  -10.65790884559576, -1.709920639764479, 19.00375183440318;
  -5.802545322962003, -0.4560657049646348, 10.87285603158379;
  -10.61435975088533, -1.762047619058832, 19.20834703489443;
  -12.21679684631508, -2.840004127402221, 22.47253765304395;
  -12.36266735158292, -5.003865936198634, 22.82509086040561;
  -10.58330050928802, -1.707036154632202, 19.66902933988681;
  -12.36544725814034, -4.784164810215581, 23.03290262154113;
  -12.25860874988666, -4.320899337364253, 22.88289124651432;
  -12.24284071959071, -4.671910503830852, 23.03053945615647;
  -11.93431796754836, -4.838061043071083, 22.68334956477774;
  -11.20857895431403, -2.877454055349175, 21.8132220893085;
  -11.61019107460401, -4.86665268260273, 22.71525443012445;
  -5.603171605228578, -0.3422350970271631, 11.68702320861897;
  -10.86925035281356, -4.849232397258366, 22.32315565322635;
  -10.63905601949093, -4.122271724141144, 22.13974285074466;
  -5.535120530650453, -0.8632156200985592, 12.06417376557559;
  -10.9498232269175, -4.644828079173256, 23.10500402983158;
  -5.635189293263305, -0.8256434451556644, 12.38044514374079;
  -5.973561223049948, -0.02595727900891676, 13.11151877524264;
  -5.987597811667137, 0.2282394133121134, 13.17365597438119;
  -10.51177879320717, -4.864032956873697, 22.40982394758762;
  -11.01820458673682, -4.134080216778077, 23.4760060347834;
  -10.40649873770629, -5.120709835076921, 22.31592055986652;
  -9.161255077491914, -2.862696430322001, 19.79280489821444;
  -10.61284022336468, -5.022953952174019, 22.83137990786009;
  -10.25791427527879, -5.211547523650726, 22.20214126686417;
  -10.28855053412403, -5.055027339859352, 22.33727929167904;
  -10.20387949978147, -4.463771301599247, 22.43521595463577;
  -10.24519723470662, -2.438092361683267, 22.56759249318838;
  -5.800943599519835, -0.4322906026677154, 13.21024906588409;
  -10.04814850791736, -4.349164944292986, 22.33227232859117;
  -10.20685779609185, -5.019710162372478, 22.74261052771595;
  -10.19898533584601, -4.808560103950292, 22.90539757047825;
  -10.30738587216974, -4.63548268462764, 23.19326548694576;
  -5.828322085848926, -0.5673716014568017, 13.71208203673159;
  -9.943507410171161, -4.791387725729819, 22.87024889486556;
  -6.003236256932956, -0.8056748498526369, 14.19623026595057;
  -5.787731772073218, -0.6294909249345979, 13.77266136973068;
  -5.776691614735987, -0.8901418267473228, 13.86185073333624;
  -5.857431790646492, 0.2654038515487105, 14.05271024882329;
  -9.50497536176216, -4.436369210789888, 22.26532421594534;
  -9.286602687627092, -4.10569209365427, 21.77262310563335;
  -9.582007435560445, -4.64808283855703, 22.45608840572919;
  -5.826672414822772, 0.3701805099383522, 14.0873898924591;
  -5.76102618195075, -0.9502976643357611, 14.06925476270783;
  -9.086061473631201, -3.800223485462548, 21.65278141131566;
  -5.291559119416432, 0.7929093035991272, 13.16412161994305;
  -8.883001464672464, -3.233406569944882, 21.63676923216682;
  -8.926919125448661, -4.949775192518213, 22.30395547813554;
  -8.819472800804894, -4.655581698490106, 22.19604077050292;
  -8.565858242499951, -4.259410772873136, 21.776708103622;
  -8.307737525124921, -2.107646535848097, 21.16062239334864;
  -5.945007836139841, 0.07448809857644594, 15.43905663437588;
  -8.699730254673801, -4.187178097018415, 22.20124116232293;
  -8.599335749549544, -4.537111863020087, 22.16505757017761;
  -8.163209942536675, -1.434882039950592, 21.07614350341317;
  -8.551495610676124, -4.786516397199897, 22.1853874374252;
  -5.901370896678335, 0.1209462453791962, 15.68051725454923;
  -5.933517334054615, 0.0806976558359664, 15.77146452968693;
  -8.230799045132256, -4.05322560980835, 21.67800166809349;
  -1.351797283314385, 0.8410576107803657, 4.41474852186037;
  -5.850637408946676, 0.2000883565807713, 15.88329125740916;
  -8.267176050031564, -4.746875145213391, 22.1600531124983;
  -1.343069053320921, 0.8245685571219976, 4.436819169228637;
  -5.698366817923226, 0.3675964289158816, 15.83522726018017;
  -7.519554438619379, -3.691174209274274, 20.74963542141522;
  -5.606688974065098, 0.11453821086053, 15.85623522180925;
  -7.352191577291918, -0.3322499368487439, 20.56550235561805;
  -7.623403119434538, -3.374327883903171, 21.47737042008824;
  -5.546078673322564, 0.2990796452895802, 15.93928065510433;
  -5.650525429427928, -0.001909648259457307, 16.24216281812248;
  -5.646593524058845, 0.1655824328152121, 16.36254547948368;
  -7.543719765383174, -0.4659083991501167, 21.69803631248061;
  -7.252140754205691, -0.9011593745142439, 21.19352791008555;
  -7.223458094840432, -3.064098894716222, 21.16717273345363;
  -7.253681917590987, -2.296882523832709, 21.4015818237378;
  -5.287323638788823, -0.08560662013666401, 16.3950121131514;
  -6.895923961594673, -3.232851207281038, 21.16711218523916;
  -6.434936031436601, -0.5311275124839942, 19.84584611370338;
  -6.637392960240772, -1.798366892298375, 20.50446527447794;
  -6.242067899008088, -1.77863601262218, 19.45935515625659;
  -6.378448799290371, -1.052818105889311, 19.88651647578793;
  -5.385500242454086, -0.2023976217645069, 16.94829352592302;
  -5.005786186983201, 0.01231211991657062, 15.85663316455286;
  -5.154561722809317, -0.08239827623375216, 16.46761256427106;
  -6.395374331567586, -2.405321451970035, 20.26139069357329;
  -5.597701065203844, -1.785587300546722, 17.98498473106871;
  -6.127630108862546, -2.637249719731167, 19.84725094185963;
  -4.90245056999337, -0.07335389731356919, 16.19895488244616;
  -6.189874275933954, -3.232204201473534, 20.23547254247467;
  -4.948902177301907, -0.06145299691532378, 16.3725502447136;
  -4.974855181758425, -0.218771651890238, 16.47291033246987;
  -5.147634599261473, -1.504697491823879, 17.10571504449829;
  -4.751418636268064, 0.1634214998404411, 15.89235840143219;
  -4.908470141595172, -0.3042845467500797, 16.54041773442414;
  -6.182999629165544, -3.487504226037153, 20.66753914688113;
  -4.795888535571266, 0.2260351738144021, 16.27285932116712;
  -4.853788462137667, -0.1313107065295503, 16.70809417192954;
  -4.637623185532631, 0.1653249159716378, 16.28735574956965;
  -5.672142737069052, -2.664730507424565, 20.07306148601923;
  -5.717266482275758, -3.209804875477684, 20.33555151294278;
  -5.776790286856359, -3.497354335336479, 20.57863545804976;
  -4.04911199073958, 1.065963199857718, 14.76132281955082;
  -4.479108552751558, 0.8983326034661181, 16.25182666861114;
  -4.506985427720903, 0.2995578776531057, 16.38165944510062;
  -5.827058912697567, -3.639070535047062, 20.99284818042214;
  -5.59909742566107, -3.568239012120255, 20.79374053877717;
  -3.870056746176127, 1.095386038150406, 14.64694541873974;
  -4.451099684773133, -0.03599357624096604, 16.81866555535692;
  -4.381839454051633, 0.05870433077223847, 16.67802413634772;
  -5.310815300404212, -3.240798463159278, 20.23803982022645;
  -5.528943491694191, -4.208104466122141, 21.21359948470956;
  -4.37972252279394, 0.5405158038003572, 16.97066541597035;
  -5.240096289924508, -4.108827423023129, 20.4194720502134;
  -5.175131684575393, -3.741425339928466, 20.23642729872076;
  -5.197445559846812, -3.579888610945767, 20.48739592605675;
