m=[-11.89399206805717, -0.4858694390603506, 16.26840066180246;
  -11.37942851401679, -0.7586559883284763, 16.05405709138269;
  -30.36086198327282, -4.871085129578913, 42.59353391650647;
  -10.83998378221199, -1.381459550302541, 16.13535984089386;
  -11.09543185746913, -1.678699140484604, 16.7934676854955;
  -10.93294611970786, -1.593643095352802, 16.67805786085096;
  -10.96876050446354, -1.677066262469887, 16.83776679822702;
  -11.43378356616115, -0.8214957896546474, 17.95603275978511;
  -10.96628931147995, -0.7165012400635142, 17.73636548918387;
  -30.18726343471617, -10.24316367372418, 48.18647607585464;
  -28.94195524002472, -9.054780775544408, 46.73870315808581;
  -10.87821103071198, -1.430995350391998, 18.30893950251886;
  -28.23411610149864, -8.30405219138733, 46.18370058701348;
  -29.17748204172468, -9.611565826317003, 47.80017200949874;
  -27.9117139263396, -9.276983390127835, 46.13723593179516;
  -29.542898683285, -11.56296807105365, 48.81121361088631;
  -28.51196732415981, -8.938104166383743, 47.17397961050648;
  -28.04126616645503, -9.311512830715039, 46.54376901019087;
  -28.19649807822679, -9.386266312164983, 47.45699127632251;
  -12.03716012915519, -0.6654849597391594, 21.81436509789073;
  -20.91297951153779, -3.355211216741389, 37.28921672279579;
  -20.73764804315026, -3.442574419645533, 37.52802332397909;
  -11.21055514558642, -0.8811218958143179, 21.00642827376847;
  -24.21749295210548, -9.802179788300707, 44.71255768054488;
  -20.83276253237388, -3.360225745495888, 38.71762094637176;
  -20.68568720497573, -3.347672025143112, 38.95757336689766;
  -11.10911683383651, -1.482625402445349, 22.0433799813176;
  -2.580302680130552, 1.162575604023408, 5.919911536157627;
  -11.08650752310949, -0.6771507719526587, 23.12409468312612;
  -20.24026039357096, -9.030036409460667, 41.56924061561976;
  -11.5356934528069, -0.5557248070150542, 24.7894399574257;
  -10.76876790377764, -1.679415762002295, 23.47126616537467;
  -11.83446097385059, -0.05142500326824023, 25.97575407024851;
  -11.79519906663721, 0.4496175928221354, 25.95129124244842;
  -11.69922455892425, -2.008943237592933, 25.9576267684656;
  -11.51911532697968, -0.8400130171247546, 26.19668297921508;
  -10.77520278668543, -1.65343157419412, 24.69291189816617;
  -10.96644224179553, -1.691156472847643, 25.5980087102995;
  -11.02439625309745, -1.073195555269867, 25.93669732064753;
  -11.4089976354688, -1.531164535846797, 26.97957411716929;
  -11.48797662057713, -1.2494665118048, 27.33713621319325;
  -11.3785742960428, -1.753346999487106, 27.30422687746859;
  -11.17917152636313, -1.36121203025041, 26.88518253154653;
  -11.95177883449881, 0.5415424795214283, 28.67380977230181;
  -11.26106319938885, 0.7154385592354555, 27.22634406043554;
  -11.33575650086521, -1.869865295873987, 27.68354822589789;
  -11.44676190344646, 0.915753634180708, 28.28866319098632;
  -8.662012937744313, 1.297952170851096, 21.54899703710797;
  -11.5648984866774, 0.1449026346551569, 30.03379097689388;
  -2.684447644237908, 1.189260511734834, 8.15812888113625;
  -2.698886794295487, 1.679186152387711, 8.814122230347346;
  -2.692509785116372, 1.653048965025753, 8.894687133473475;
  -2.853787349471266, 2.001745712883275, 9.745424934468449;
  -2.877664002149382, 1.403495707473928, 10.04881139136001;
  -2.815427982681233, 1.263927650040235, 9.824096252628682;
  -2.66235768234152, 1.527328587903112, 9.495712932185532;
  -2.664605698002689, 1.456164425582288, 9.611165124994228;
  -2.635850123104017, 2.296461824252317, 12.534536620767;
  -3.38372833247244, 2.23521316428446, 18.2651312053741;
  -1.694424732893541, 2.298423675737355, 10.17666134557775;
  -1.799504635986078, 2.278331043041608, 11.11361242896697;
  -1.74988287163311, 2.294068614243441, 10.97483560394383;
  -1.37364984506031, 2.308103867070955, 10.59214628560033;
  0.2344977716355799, 2.344027556278465, 10.21984977061444;
  0.7953697459612142, 2.094779642358333, 13.37852371774391;
  0.8057914083316335, 2.250636723713156, 13.51346631342747;
  0.6365097328886814, 2.282505750989238, 10.27390743849089;
  0.904734541454033, 2.232062665320102, 13.51577068775584;
  1.038035714347831, 2.200635152861068, 13.77888087083756;
  1.570295730240986, 2.198816900657752, 18.24998038583116;
  1.176957142846514, 2.258280584185675, 13.15482010791714;
  1.903191411876334, 2.363197744579999, 19.58339229948635;
  1.204063895313567, 2.250924328241315, 12.80752773327705;
  1.324074743090736, 2.282577771365539, 13.32557797687492;
  1.445794591090543, 2.286547521888286, 14.29514295395011;
  1.870242854662633, 2.148123039140913, 17.77985277781245;
  1.116576934350819, 2.260543783044521, 10.96521720569677;
  1.375888246177671, 2.255774807056705, 13.18530872449315;
  1.346408767780488, 2.242110024730861, 12.73083958241525;
  1.536137461059949, 2.229747883959922, 13.56752219709248;
  1.708226603781775, 2.296311655652335, 13.91570202641132;
  2.609999110503047, 2.155619210050585, 18.54409765413187;
  2.619567968589776, 2.2491866401559, 17.55981795531737;
  2.80878815816952, 2.292378608198106, 18.75376250549754;
  2.376117065088631, 2.242089370126956, 15.96761996353234;
  2.688266974678879, 2.105871446166407, 17.79252058227391;
  2.723640070711018, 2.262443986605706, 17.31831493642461;
  2.531470492608844, 2.079576074082281, 15.55709907143035;
  2.51897273283068, 2.275068679981396, 14.98647649593058;
  2.435621188805491, 2.194244736751568, 14.10222912983896;
  2.952882244569079, 2.176289573802642, 16.59944961759434;
  2.831049110486701, 2.170977045786066, 15.90673685984508;
  3.061704322260191, 2.229271743028385, 16.32782307575868;
  2.858853755658223, 2.175508103788887, 15.26097698473026;
  2.139899278990989, 2.262033612446699, 11.56309255203219;
  2.64763738982804, 2.197187812855684, 13.54392329341851;
  2.054622891314285, 2.306077356057299, 10.3844041088559;
  2.659898621541806, 2.262602666205711, 13.05677337862723;
  2.3671075897759, 2.282521885425263, 11.52908436293895;
  2.235967653630236, 2.294385360061896, 10.74666535195109;
  2.126603693440134, 2.283300392338536, 10.21394677768828;
  2.811152400612099, 2.188159603968912, 13.12686561524172;
  2.313558840081312, 2.340270581000273, 10.73989892997187;
  2.704331991149502, 2.241778601072889, 12.34197050971275;
  9.777756767250009, -8.25981766717077, 41.18709094671096;
  2.279233863082876, 2.270351340192089, 10.25697519527189;
  2.897743538639019, 2.247328356825417, 12.71247879315691;
  2.371775520292807, 2.296768825301356, 10.32852564390138;
  2.819038984018269, 2.261464387285897, 11.6292280933866;
  2.969522143169726, 2.117392610368316, 12.02246033377244;
  2.672395593527787, 2.289131429096214, 10.82795399231156;
  2.678518354774449, 2.270635037178256, 10.8186180678839;
  2.615995610542977, 2.334775028903232, 10.51518731609123;
  10.22324680885061, -7.072308557710559, 37.21441298176897;
  10.09195838586254, -3.005180951223038, 36.39667258688688;
  3.12535125763704, 2.178468300691044, 11.98452351760773;
  2.695052796579062, 2.319505635058656, 10.4170147160615;
  4.950302886928753, 1.961762786063584, 17.63564307778582;
  2.760541340159796, 2.298321211521559, 10.13212960042607;
  10.03876810060695, -2.480337261178419, 33.63567454941664;
  2.905290589825896, 2.231964001802439, 10.36790249638199;
  9.621841212400311, -2.425726637638344, 31.85102190361907;
  2.824164875297429, 2.254773317338283, 9.999588483368305;
  3.08846079346941, 2.212969308561827, 10.75894512588871;
  10.20588401621664, -2.542629616811925, 32.60223345467272;
  2.961151272803931, 2.230416434307824, 10.18627337199418;
  9.950964167389795, -2.461885036877833, 30.08399371724729;
  9.926176176599668, -2.509934968937933, 29.57454049949936;
  9.353343740357024, -2.794540290667127, 27.88376392325503;
  9.563372950146748, -1.307173280084583, 27.48415183724237;
  5.137343559817263, 1.994307862520868, 14.64555182732618;
  5.178290015879165, 1.951202965708846, 14.52613693546436;
  4.85519838304713, 2.041123061206593, 13.14333875119046;
  5.116666907667311, 1.985337677170917, 13.30002751145908;
