m=[-5.309273872885265, -0.795847643695482, 7.6008204221884;
  -17.30437798746661, -4.838638541297607, 23.57789899909397;
  -14.98501478171039, -2.378120201212874, 20.6406213837785;
  -5.568738669349527, -0.3974583844744143, 8.308197334287952;
  -16.87237827701818, -4.527321355212981, 23.38761496878981;
  -16.23432159634912, -4.309114011219613, 23.17325784897282;
  -13.94308923588712, -4.086652495793587, 22.43736134295257;
  -14.04867764890456, -4.660720616159762, 22.84547493557791;
  -13.81473095475079, -4.319348524336237, 22.49712675412859;
  -14.59112321757395, -5.237932719894838, 23.76436150716161;
  -13.96937858934208, -4.623937281238598, 22.81314989219508;
  -14.58511792453199, -5.253424496664991, 23.81027357804266;
  -5.667678670622392, -0.3035012253423149, 9.86269868902172;
  -15.09893788811865, -5.696152780993352, 24.80128827191746;
  -13.74299119428824, -4.565164677600064, 22.76994148874502;
  -5.66408992570959, -0.4255716848133873, 10.17320894568572;
  -10.5179033803811, -1.676115773856464, 18.36256362621089;
  -12.6443997325831, -2.970487064765294, 21.91444397701332;
  -10.40212039694113, -1.712651067757705, 18.43453957019632;
  -10.85043290786084, -2.017916232303548, 19.24236007344842;
  -5.403256719972027, -0.7062619974927241, 10.30136654385357;
  -11.94685321919999, -2.77411754353987, 21.60299912211846;
  -12.0023093244793, -4.849342317479746, 21.78699002464326;
  -11.96271334251111, -4.62246455714167, 21.91820775307494;
  -10.11872315583727, -1.622054639770792, 18.68327352737253;
  -11.87741393152174, -4.175692129433282, 21.80615501158343;
  -11.42363541988108, -4.365531747005933, 21.15807069600577;
  -11.58970342532801, -2.702593287048335, 21.4554709925427;
  -12.0294746250174, -2.989882442789545, 22.45950252889431;
  -11.5455034666013, -4.538438875761584, 21.91642023632912;
  -10.80092142770596, -2.764197664290956, 20.66010568731034;
  -5.360674482233277, -0.3173941098876999, 10.77124367182875;
  -11.33408520919091, -4.746822241830653, 21.80784398276404;
  -10.80874141704418, -4.288327755161314, 21.39878268224723;
  -5.490943829035513, -0.8467369218081806, 11.53675137808103;
  -10.8609464973446, -4.839428244395727, 21.89894596604736;
  -10.38079633074749, -4.019180498344364, 21.25781988048983;
  -5.79183429698012, -0.01173411763164963, 12.31110183218328;
  -5.771651495167737, 0.2333268826110704, 12.2977833098678;
  -5.78504753174385, 0.5370444484138484, 12.3229646622397;
  -5.927275014455979, -0.3183110626538731, 12.70508249570991;
  -10.04695414280296, -4.628703576734234, 21.05731351244901;
  -10.87549138338748, -4.086761314890661, 22.83295517345022;
  -10.08735167538741, -4.968078760536937, 21.27547071264418;
  -9.944441956169481, -4.701966716249429, 21.05766778530177;
  -10.09755429416641, -5.133509874528769, 21.48882378177765;
  -5.713953487037863, -0.4062170630202845, 12.58908404488335;
  -5.480642122217338, -0.8328206988158868, 12.13706639313695;
  -8.93449133258528, -2.740153436088246, 19.21250121419424;
  -5.776478302968042, -0.701629436428211, 12.84266094393492;
  -9.940076437825756, -4.35026433530011, 21.49632060175809;
  -10.11752262510085, -4.369219079319027, 22.0920902797781;
  -10.07518871959979, -4.954665438539948, 22.08736522796379;
  -9.828911125000369, -4.527744187285772, 21.63815847325985;
  -5.617832449323429, -0.5646593510061084, 12.83082552258883;
  -9.995455809769752, -4.495128111468773, 22.13460107175764;
  -5.740472031120462, -0.7607449566826362, 13.16731472986466;
  -5.58916192668523, -0.5975732350905008, 12.90835367840004;
  -5.552208621463032, -0.8495400767206115, 12.93029517649747;
  -5.534352429830797, -0.6667653171715668, 12.91037899148822;
  -5.535746115119508, 0.2452758551137454, 12.91805913028225;
  -9.534875982114343, -4.603583549923299, 21.5950608415436;
  -5.323136712229009, -0.6952944121945512, 12.5786758733146;
  -9.593732140916757, -4.831209855888647, 21.9291495616768;
  -9.295959904193666, -4.336368080904531, 21.41104140190036;
  -9.276922602883369, -4.103383511186086, 21.37068108617222;
  -9.278978130940992, -4.501925176029943, 21.39367720525814;
  -8.858113269677443, -3.705617185138734, 20.75457530780854;
  -8.359983114748737, -4.443850755199617, 20.06903017955756;
  -8.561272675219852, -3.114056606811663, 20.49988969685691;
  -8.554140533184487, -5.019678032044022, 21.02941763480286;
  -8.687642970037052, -4.822854871705041, 21.35075338480441;
  -5.799622269860223, 0.3390629688886355, 14.57328886240509;
  -7.801486511126156, -1.977081587468926, 19.28965212528205;
  -7.865197147336197, -1.994855460663688, 19.47450322981273;
  -8.539592350167292, -4.515698782055349, 21.14672556036769;
  -8.458965719556007, -4.211770816502628, 21.14183298524637;
  -8.186311714635682, -2.073482805220259, 20.48209942194502;
  -7.887638368900655, -1.379092747639409, 20.02852336675122;
  -8.313030280443044, -4.392045313337613, 21.08247605522955;
  -5.724528672012996, 0.1281240077612703, 14.83480173020521;
  -5.693751566858978, 0.096817182230753, 14.7631507422749;
  -8.276612156871684, -4.638583784868448, 21.12656153307896;
  -5.102947095259041, 1.089076349267879, 13.86528118355866;
  -5.760306270010345, -0.005419765493885518, 15.55658870131248;
  -5.511357113372095, 0.3717816846246041, 14.94443942032951;
  -7.322052197437336, -3.598054582514498, 19.8632960807735;
  -5.466122106979109, 0.1257281051122856, 15.08611348792593;
  -7.232600965894473, -3.208548042625749, 20.05470946992119;
  -5.21536450244743, 0.1632580944979515, 14.78579178756517;
  -4.039928377553415, 1.075203983369701, 11.83954956357663;
  -6.901155747272052, -2.926524809756732, 19.88559844873946;
  -5.118872843644449, -0.07083101486583786, 15.52516217912185;
  -6.465837349159028, -3.044884684997645, 19.51823764485382;
  -4.499242011198571, 1.062210540484198, 13.95311135661195;
  -4.899810020174955, 0.01959727144321912, 15.15431012759358;
  -5.182117678550823, -0.1850914225442923, 15.9741045677844;
  -6.158876404856754, -1.754544142010431, 18.85907850651396;
  -5.879320471765912, -1.509877871131196, 18.1418376391289;
  -4.921622647545356, -0.06824033676734174, 15.38383150752826;
  -6.072245698383701, -2.282283482699025, 18.91047879655467;
  -4.994969877245989, -0.1511128634893267, 15.77965500543442;
  -6.118954068308184, -2.710726918576434, 19.15880408105146;
  -4.78922218401588, -0.01867356871004259, 15.31322606961367;
  -4.720188083295744, -0.06145984125595753, 15.2550902550443;
  -4.727698333081226, -0.04859045504189779, 15.31731706530142;
  -4.791855474079878, -0.200332513154588, 15.51839711452536;
  -4.612203731923315, 0.1680861758492088, 15.07292934917062;
  -4.886557689695199, -1.43472000877073, 15.91118208665624;
  -4.845535154280968, -0.2950240983729944, 15.96467837413122;
  -4.623532586723119, 0.2314928615592602, 15.3382063405499;
  -4.906782475871825, -0.2145377100800583, 16.27467051342154;
  -4.67435395360799, -0.1157060280280902, 15.76364361089854;
  -5.77564953371216, -3.239923860445847, 19.40214937139594;
  -4.41795308819938, 0.1694417457980789, 15.18523904383188;
  -3.826669040018767, 1.105408724545916, 13.34856915628484;
  -5.624045619391011, -2.934494501736317, 19.41443833791528;
  -5.40985408968732, -3.047612479413449, 18.94347511989076;
  -4.349814071341058, 0.3012480191326829, 15.47805880196531;
  -5.616629261131514, -3.311396536444731, 19.89021706382084;
  -5.711778526286431, -3.580602532210965, 20.2376240178458;
  -5.426300601298326, -3.46962728042407, 19.8242946799827;
  -4.089298133173358, 0.5805321456133569, 15.18131072962277;
  -3.593963532254093, 1.060005882402557, 13.60195621682911;
  -5.127611878722806, -3.235820832807084, 19.09182575155928;
  -5.058567352070658, -3.104768337129419, 18.99286948044649;
  -5.201190544719094, -3.976737340982576, 19.66493044370728;
  -5.005636598136006, -3.944583601598822, 19.19064168715355;
  -4.943391030776945, -3.42751965318641, 19.20505537386163;
  -4.661200796044724, -4.075104116203865, 18.23222827416472;
  -5.008840887553589, -3.616383206078254, 19.6906589809619;
