m=[-11.20346903836771, -0.7291258551987566, 14.90646855335033;
  -33.96323126309564, -8.218480208641358, 45.36270886358137;
  -34.00555259867117, -9.508609759982617, 46.33390955517542;
  -29.52231071951374, -4.685187471036016, 40.66454700328271;
  -10.76028738626391, -1.556805417789469, 15.52035188178664;
  -33.83573014124106, -9.079053416335347, 46.90133280197373;
  -29.65821580217384, -5.000735198970843, 41.31343288469324;
  -30.75149306865494, -6.196788893636096, 42.86753892690226;
  -30.06235149028776, -4.78060883463869, 42.15582134385117;
  -29.2601032475731, -5.296564831590747, 41.6892429668399;
  -31.36190590770573, -8.324464152283243, 44.76673250072407;
  -29.2897686067529, -4.905319750256171, 42.01225397114126;
  -11.34251679323463, -0.8095510793720805, 16.92230025164313;
  -28.58468086666561, -4.704506704191388, 42.5471800435777;
  -11.06048596799608, -1.452587341641934, 17.11098504769688;
  -29.13632829158389, -8.961992463108217, 44.42309197628114;
  -10.76390774737254, -1.618130700185448, 17.04709758978606;
  -11.1780526491598, -1.456430914364815, 17.8938356102688;
  -11.31106998581419, -0.6057018755176364, 19.68313336088828;
  -20.98799233204696, -3.344611919038925, 36.6416509684342;
  -20.97208598063221, -3.45293690874778, 37.1665327958722;
  -20.7259938702648, -3.317325273954, 37.75761089811484;
  -10.97401297423074, -0.6497479172436097, 22.05016704427936;
  -2.584964571662077, 1.193332861112933, 6.148121998510798;
  -10.98911489586014, -1.694588327622986, 23.08868754918115;
  -11.68249308342092, -0.02366845131313064, 24.8322646382964;
  -11.67065141139955, 1.08342386393082, 24.86012848448319;
  -11.76703032718718, 0.4756982479159056, 25.07226731994241;
  -12.09669631953608, -0.6496260508719006, 25.92920427859755;
  -11.63676339484513, -0.827282171624128, 25.63832427415709;
  -11.15426402855997, -1.694965983161825, 24.70149301163272;
  -11.45058840827655, -1.150921085237098, 26.15252471890089;
  -12.17654062472499, -1.613672502867802, 27.93016704158422;
  -11.22606726980196, -1.200251025780836, 25.92697235058573;
  -11.28555304084238, -1.726795632118271, 26.28242956938074;
  -11.08227707526462, 0.4910295612760962, 25.86128546708994;
  -11.58078582055387, 0.7805437624300858, 27.1852708413619;
  -10.97857479493969, -1.433993173845261, 25.94258636627451;
  -11.35293621771823, 2.275149218668398, 26.83937420444946;
  -11.25910027481035, -1.814744762770811, 26.6977524477425;
  -11.39011157047712, 0.9682225364972887, 27.38028317324455;
  -11.22864915754658, 1.900931218079095, 27.13328177617254;
  -11.51242420200771, 2.264322336543694, 28.05133440257695;
  -2.692642662465466, 1.090237004030695, 7.342840723275407;
  -11.57994652495902, 1.94794900131489, 28.73787643070483;
  -9.203153044069465, 2.37776507152845, 23.47224759428669;
  -2.462571004073124, 1.116053028769176, 7.077628673954401;
  -9.21031456641397, 2.289549803592744, 23.92659520240084;
  -2.657653086722608, 1.677882537094771, 7.778034187728093;
  -2.627595931297408, 1.639451176852169, 7.791421774393389;
  -10.25060898065931, 2.187695776191909, 27.85205748097966;
  -2.881161547605461, 1.301642641306371, 9.024887366899241;
  -7.998462982266998, 2.128745476566277, 23.44056380730502;
  -7.704492272821266, 2.223187475622682, 22.65075773778722;
  -2.764119521882615, 1.280835148856313, 8.78601882244109;
  -8.082721551350545, 2.246196584665436, 23.84641605530555;
  -2.70838788246428, 1.647946642118985, 8.650474290323611;
  -2.841444257200596, 2.2959756989934, 11.32336585609493;
  -3.948945027695399, 2.299477213119422, 16.69171794460005;
  -2.615675600483739, 2.320178403435271, 11.61757403444934;
  -3.777263683546246, 2.308849552381582, 17.51123569635841;
  -3.460920334666465, 2.32353572381605, 17.92407428295502;
  -1.785486072259301, 2.312446142875184, 10.23501784947326;
  -1.736434848483516, 2.324386319525011, 10.08526969788173;
  -2.943429277742383, 2.241533235667798, 17.31226908218373;
  -0.5062301945333846, 2.223541394528648, 10.04030792038985;
  0.2027591770861685, 2.148403947729363, 10.42126921574565;
  0.8255155946024209, 2.213513162855466, 12.27677892747724;
  0.9191607136874679, 2.116811756993223, 12.16372841869915;
  0.9005662708926669, 2.135558604151467, 11.95015248283195;
  1.041857596704036, 2.123613205665961, 12.31657939050306;
  1.545543658931412, 2.108563574594844, 16.48545329945487;
  1.167714534031811, 2.082675198141778, 12.37850114838525;
  1.15420730619846, 2.149157355128068, 11.54583451183036;
  1.638804174753783, 1.997144783155002, 15.63013575748986;
  1.296967750210877, 2.195181345856901, 11.80819826770526;
  1.911262853603935, 2.13841133291575, 16.68258903488294;
  1.34711433015254, 2.154095234191169, 11.61265075916297;
  1.441653330236479, 2.098588388044566, 12.00559274089043;
  1.501205887568224, 2.130398090000071, 11.98204951899836;
  1.487472291057058, 2.153693088253167, 11.74627055212285;
  1.597507990806097, 2.102277271463595, 11.80187247167312;
  2.490483690947833, 2.017998033307986, 16.40233446258559;
  2.4396080349802, 2.06469579465867, 15.15012571159702;
  2.152323924173862, 2.051648457242594, 13.47388891012325;
  2.681687719676432, 2.062344041223925, 16.43049686440914;
  2.637681171243596, 2.263628065482638, 15.67288508037712;
  2.493260519400395, 2.037363059620904, 14.66933960670302;
  2.574849801782713, 2.078382697062804, 14.53751875794516;
  2.355902257239467, 2.096423315482952, 12.8615907540494;
  2.615756938007442, 2.081337833190025, 14.00791762118457;
  2.703633781184434, 1.963738481695099, 14.05280549986113;
  2.730485255309838, 2.061181949908197, 14.13945108424382;
  2.643631847780806, 2.097959566320442, 13.43641400517692;
  2.609909935858335, 2.200529976679799, 12.97304796252376;
  2.717149993033352, 2.039158169224347, 13.34509217477153;
  2.049698972985629, 2.123662762271545, 9.927701889898696;
  3.400484250499201, 1.910025558187356, 15.75718640649743;
  2.590854595295603, 2.116704295213888, 12.08046304871198;
  2.524624538159972, 2.152949367866591, 11.63068275121096;
  2.238574433980168, 2.183616815914545, 10.3773426703973;
  2.469477930512332, 2.07489929960795, 11.03458566816509;
  10.28140988425358, -7.225794396143245, 42.50530268083858;
  9.93695219949964, -8.336946221422691, 40.45435378433955;
  9.861273818271885, -2.709838859818522, 39.62733867002041;
  10.1776840243979, -7.928629411291477, 40.78068252003144;
  2.713733293213443, 2.085759239145836, 11.54331447189218;
  2.568946983736355, 2.104442869552176, 10.62849900390346;
  2.59360693218833, 2.170989468973613, 10.54941415429477;
  2.806334592047382, 2.148256496676589, 11.1883782769918;
  9.425498331651875, -6.648220183367733, 32.76080628547541;
  9.816273310051045, -2.907412972960546, 34.09474856607923;
  2.686116853626022, 2.130185594182319, 9.999300807423712;
  2.906741817251898, 2.16789983974945, 10.51201945338931;
  3.051792235193128, 2.098051029207147, 10.58840732471749;
  4.727185381147902, 1.845697711226116, 15.70584230992655;
  9.539626589042753, -2.404172190221008, 30.31658736706994;
  4.745602785964685, 1.85307201065841, 15.09679227403465;
  8.80245326115057, -2.624349312415112, 25.09447481502192;
  4.907127441982343, 1.863643022985667, 14.28513149723005;
  8.86085674757849, -1.18878289973203, 24.32903717320472;
  4.481366332259421, 1.971039906314491, 12.66692219422982;
  4.780336722631812, 1.878876899423764, 13.13235903642378;
  4.884446639561275, 1.878691589461637, 12.85479229434738;
  9.820185742754825, -1.699002020872231, 24.75042760650653;
  4.959105211635943, 1.851625342503705, 12.8363531255232;
  4.875196384159185, 1.877774115085375, 12.61796483771394;
  4.943673395858808, 1.918061242720738, 12.46775958515421;
  11.16025604702904, -5.673659235460626, 26.43176700573119;
  8.7974211302074, -1.15238752589911, 20.95927204686842;
  4.936107334125168, 1.900811994376151, 11.76529583755485;
  8.582364590878511, -1.624617396690452, 19.2415036249757;
  11.35549501711524, -5.389521734182854, 25.09351927904863;
  10.90426593874979, -4.668854912489509, 24.11698968255845;
