m=[-30.57275380471029, -6.969953279985363, 36.9610601399278;
  -30.54026768903338, -7.407507628104485, 37.23562793205635;
  -29.32544690807072, -6.80513493829705, 36.54277259423868;
  -29.57952471407493, -7.033183432802586, 37.02028535001032;
  -26.9376192756903, -6.471798992493879, 35.46184530493861;
  -24.5924593165793, -4.322269044222499, 32.82832297211844;
  -23.93970941753642, -4.388722010097218, 32.13336550513188;
  -26.98615992263363, -7.508258606787633, 36.25959895870602;
  -24.0829863141685, -3.786248979754169, 32.62426914739956;
  -10.18538082525234, -0.707143033479668, 14.41442779771748;
  -26.10526219203344, -6.96609150603864, 35.69460939989177;
  -24.8538063861569, -6.825521172157798, 34.37487359396113;
  -25.64424403297186, -6.781789743602583, 36.08110204258736;
  -23.39835421322978, -3.864472160475137, 33.02692582587599;
  -10.09348202067271, -1.297975473943218, 14.81904493967743;
  -24.56938514021231, -6.856678493081454, 35.80117520205937;
  -21.59733578471175, -4.632702211649263, 32.30743108130865;
  -9.686827727446595, -1.188145082386993, 15.43296994081789;
  -10.31741803859256, -0.5169093534896274, 17.18838381858774;
  -10.00442066204318, -0.7469410660247012, 17.26374301659318;
  -17.28781555395585, -2.726696861604527, 29.61875683635499;
  -17.06121096884882, -2.77759577174444, 29.68302570427419;
  -17.08992661427336, -3.115912520318436, 29.81239764838779;
  -9.406226719696678, -0.5351487897610061, 18.21329188067414;
  -10.03334267563204, 0.9142509055964934, 19.81732274193138;
  -10.0116751419322, 0.9901846138076036, 19.83861359737879;
  -9.692267500293616, -1.479342123882538, 19.66792950813809;
  -10.21007219891731, -0.2870834599476468, 20.68017736052868;
  -9.501567489216448, -1.360422182217087, 19.48331054921527;
  -10.12292594827959, 0.02822929157205246, 20.85509710561248;
  -9.950916918701607, 0.4344598867826701, 20.56201170994752;
  -10.04648092509073, 0.9674701836047369, 20.74867005085521;
  -10.15363332638034, -0.5165194051093131, 21.13162288735238;
  -2.264544295021971, 1.0493658276714, 5.530439290597058;
  -9.744813432943086, 1.753085291072193, 20.73024665783142;
  -9.83904546486435, 1.549981139067935, 21.01558297193424;
  -9.779076103505359, -0.6747568895167198, 20.91407814622281;
  -9.43571210926671, -1.418389525623966, 20.24826845143577;
  -9.807765934141882, 1.69102917076215, 21.22250880171333;
  -9.444566258707214, 1.91491721110155, 20.81281072499364;
  -9.613986485693836, -0.9450222194889276, 21.33397575546131;
  -9.435584603351803, -1.224199215474205, 21.07810183367751;
  -9.607429592036379, -1.006063996868227, 21.55181791198557;
  -9.043309160773605, 2.022180414737067, 20.46888041696633;
  -9.481251436648011, -1.434424052016121, 21.45801991652056;
  -9.636946840025047, 0.4668031901088353, 21.8497360286257;
  -9.804237438226034, 0.6894760832805161, 22.40898729817003;
  -8.832012051645215, -1.120332826044576, 20.26828103069549;
  -9.277761637796926, 1.906533929856532, 21.35252336159461;
  -7.866998737122855, 2.009874855872963, 18.28930743460898;
  -9.092804435437698, -1.422602548880339, 20.95888874519939;
  -9.241951388037951, 1.989584428745971, 21.40354782448657;
  -9.457535995383754, 1.635305895732607, 22.25814058015946;
  -7.627149034340797, 1.988937350564159, 18.25788114692237;
  -9.394863087299848, 1.778088956357275, 23.08264050122618;
  -7.695791978276406, 1.958231270698069, 19.38509483579631;
  -2.641646709483675, 1.312362667398143, 7.366173264088011;
  -8.594985130217822, 1.878811849585464, 22.79216744722487;
  -6.503878260889037, 1.920391786647541, 18.51528117111987;
  -7.083878963980402, 1.932776592257645, 20.13400216021753;
  -4.05772642515237, 2.048814204211679, 13.07191813259868;
  -3.396458080773696, 2.139133154844658, 11.21257083450948;
  -3.741112446693827, 1.991703800824276, 12.38574750730687;
  -3.39853163700289, 2.106811088837736, 11.90926556976002;
  -2.583094709509467, 2.134330191200691, 9.54609697859021;
  -3.774535254400087, 2.074927806417067, 14.21033935140834;
  -3.506104179249871, 2.031211759075232, 13.84661343642993;
  -3.657720341732134, 1.984936507536249, 15.00017173186505;
  -3.169885953405339, 1.985168071384063, 14.12063218535618;
  -2.820240747132819, 1.950243766119591, 14.09845592379047;
  -2.338559195197205, 1.826228004219194, 13.25424709557167;
  1.032536078599216, 2.249836862196892, 11.86324217754948;
  1.009406889801996, 2.254607705374047, 11.5666295730577;
  1.024555395637365, 2.281723350276341, 11.36124053586273;
  1.173358973191762, 2.274454987199899, 12.1223801691602;
  0.9108383580483626, 2.228866617340103, 9.665170737306987;
  1.182818583598063, 2.225378408039187, 12.15996155536823;
  1.714361260517392, 2.251165539635751, 16.50814688884521;
  1.302733531397324, 2.242059372219967, 12.22748250452371;
  1.28251575580089, 2.291446250512034, 11.2436065495787;
  1.502855401420227, 2.26158444722933, 12.32967557848178;
  4.020453038618416, 0.7068437356591857, 31.17479890875886;
  2.087367659726409, 2.25560903601737, 16.54395587009443;
  4.347074863609053, 1.856830278478008, 33.06139078512994;
  1.623877359683071, 2.28277174774561, 11.97712516852093;
  1.655850431064706, 2.26670497198889, 11.70061219693042;
  1.633560551718495, 2.287098204011907, 11.41852669320475;
  1.804855641518567, 2.272229040727534, 12.16427262471043;
  1.797199474840482, 2.290760784948696, 11.7811816452007;
  2.839749426436158, 2.246632049301478, 17.13061091981921;
  2.859351771075676, 2.390698506783563, 16.79576092328578;
  1.909162636778083, 2.27755232602838, 11.34076927812383;
  2.921618692425653, 2.189800442922291, 16.40269067258703;
  2.434903955560606, 2.260982661673857, 13.75909655080631;
  2.948631019059744, 2.236799389955432, 16.02882691455988;
  2.729039860822355, 2.327030918253629, 14.81982295805342;
  2.669563684157078, 2.242204718481745, 14.51916173946538;
  2.87979970009536, 2.271746952444324, 14.80523646038308;
  2.76759081434796, 2.303272079303194, 14.16947522316697;
  2.681194757236796, 2.330818191784273, 13.20221593381076;
  2.900158235227701, 2.25509225249245, 14.111823119313;
  3.248346290920603, 2.304826717236872, 15.35195142812422;
  2.94617605053113, 2.233081827780708, 13.7767253832666;
  2.839405261601119, 2.204296448254379, 13.08340873926825;
  2.721516865530329, 2.251661381946318, 12.24657270189594;
  3.108111759373173, 2.282159066723293, 13.83961790879219;
  13.36542154497241, -8.571237446248299, 55.31863102473076;
  2.856935401947892, 2.292568310963287, 11.99854718676587;
  10.56997983758881, -8.775834015734176, 41.39225736536968;
  12.37506460187919, -4.44361705129089, 47.62706723621117;
  10.31065991590086, -7.936697703829303, 39.72604432480402;
  2.975681444005834, 2.24817280541777, 12.20514935290456;
  13.93308105693011, -4.437495190772536, 53.31288893458306;
  2.802682573561227, 2.264630942030234, 11.30409529963283;
  12.75836019823421, -2.525498030278083, 47.70735233464555;
  10.86327264385905, -1.6244349079307, 40.01754280634269;
  14.07397048863158, -2.46861559039847, 51.41247400007765;
  4.390151978262298, 2.038020164511408, 16.67038145555142;
  10.43439234537756, -1.53589663338328, 37.87657159793923;
  12.32271299549482, -2.670767580208608, 43.91971752266144;
  4.757091577680418, 2.056061003523408, 16.46901112836611;
  11.99262990761574, -3.523327442403505, 39.89125578657806;
  9.707263615959164, -6.789479807386369, 32.31475349305712;
  2.681525425210912, 2.206138017455679, 9.710072225912532;
  10.95214982666762, -6.366862228129651, 36.26357766272571;
  5.232423830563045, 2.013555226905203, 16.53985980595482;
  10.23546255141135, -2.574738666100481, 31.07002693939218;
  5.261116996237388, 1.967087323656392, 14.30288659076983;
  5.313554551042548, 2.044070402131357, 14.41377643373505;
  5.248818027290633, 1.95875309541742, 14.03065001115247;
  5.217672479179783, 2.009614159346627, 13.64333724936026;
  5.27543432012803, 1.959003323655273, 13.25600067573071;
  5.284752298398049, 1.945212042050259, 13.00200864873106;
