m=[-15.3684727079505, -4.090563931990494, 21.34695189375125;
  -14.84097273905862, -4.169401855753891, 21.3463017350376;
  -5.480774768501711, -0.2751417971721121, 8.734906630602128;
  -12.74976461987195, -2.071821088681419, 19.80815887653707;
  -13.06369665359803, -3.841165307956753, 20.44278797948102;
  -13.04142713785813, -4.345999852406429, 20.63994033901847;
  -13.13785189303752, -4.122891216812314, 20.80812566047656;
  -12.87118467801708, -4.276931923055252, 20.45516372293708;
  -13.493718656429, -4.860871482547387, 21.42131136687702;
  -13.01317773266095, -4.22448924664451, 20.7601270618566;
  -13.01600330546104, -4.33583738301017, 20.98416739319724;
  -9.780852513245153, -1.55420632571927, 16.45147265739255;
  -11.19719425454692, -2.646000512805305, 18.87001355079334;
  -9.778491712904465, -1.60772028499314, 16.7019952198881;
  -11.29108339566727, -2.627133125628978, 19.8423634455737;
  -11.2869253050708, -4.591426980561527, 19.91035364587191;
  -9.423781378384076, -1.510050022201117, 16.79051989642344;
  -11.20610514434363, -4.360808073572247, 19.96242623089178;
  -11.18180508498414, -3.964190207713825, 19.96172070942246;
  -10.90746207485483, -2.567556203057384, 19.63095347570002;
  -10.92018051692169, -4.455039277153047, 19.84484701495132;
  -5.395989807561692, 0.4955966862709978, 10.29253079021801;
  -10.88756031076919, -2.721142379417111, 19.80032296908098;
  -5.371758486990102, 0.4581831283241371, 10.27593867266045;
  -5.368720694434047, 0.5353184551086047, 10.27461454023673;
  -10.74205403505774, -4.257024787149953, 19.83388849846645;
  -10.32039928379529, -2.665991652859121, 19.16037292202971;
  -10.61939478999128, -4.483050963238956, 19.86891394295532;
  -5.487137284627871, -0.1568263842456864, 10.75922234552548;
  -5.450465315016853, 0.01120862216258499, 10.87482372990923;
  -10.22333746157986, -4.089297446790957, 19.67122663856595;
  -5.371744422489875, 1.12785686960972, 10.86823876635292;
  -5.112603187404149, -0.7909977156866034, 10.4157134800492;
  -5.356555145569184, 0.9666336003182464, 11.03177536160983;
  -5.151405266948821, -0.7827851748091124, 10.69598060266679;
  -5.341091932194834, 0.8466311343213829, 11.05626437291409;
  -5.317839847252452, -0.3716532144693763, 11.02245308933869;
  -9.868496632564177, -4.372275936225746, 19.76770034932807;
  -5.255565882198123, 0.9122656013335501, 11.02815674334621;
  -5.372430553012896, -0.5575946164979632, 11.34381297317457;
  -5.234752404121489, 1.070098572444523, 11.17857931324682;
  -5.262604650883669, -0.5273495264094971, 11.33148797839442;
  -9.293390034008313, -4.111989803129553, 19.55988708135881;
  -5.118591603748027, -0.7857205321077944, 11.24698715319982;
  -4.197567760206577, 1.082124404798774, 9.396057365082289;
  -5.173911914687662, -0.6193634196513389, 11.38639915316368;
  -5.11491197713664, 0.2440242538100974, 11.26661165310762;
  -9.086878824128164, -3.980047557586814, 19.34974153120311;
  -5.121268737251274, -0.645858519946801, 11.39005129155624;
  -5.202979703082504, 0.3580518035094618, 11.56345815719963;
  -8.736767326136095, -3.451930454472445, 18.77841490512354;
  -5.185119220726242, 1.032284425592359, 11.53119356480928;
  -3.94457973610973, 1.065950280060674, 9.019303077344317;
  -5.02600153385693, -0.7765322224733497, 11.25463518306008;
  -9.222956549477173, -4.405936298034242, 19.86279184708474;
  -5.183448158360424, 1.073660322232776, 11.57988982423181;
  -9.088026810973751, -4.137808279009997, 19.62304113655369;
  -5.171668186695296, 1.090632533248812, 11.68882253762882;
  -5.185918854483774, 1.070242857850248, 11.87679817951398;
  -5.124329415231828, 0.8831206110248724, 11.74965889799414;
  -8.894578716645592, -3.742943767002339, 19.7058899930041;
  -8.606818481643611, -4.058764840837347, 19.30018643228032;
  -8.553368299106785, -3.829639422684821, 19.18840213687496;
  -8.670556797956467, -4.247364621576797, 19.45593395048095;
  -5.35785022064952, 1.061557437787769, 12.56247574420296;
  -5.25355653405436, 0.7496584470048263, 12.392759018943;
  -7.963648563745297, -2.935725176048931, 18.55004144256538;
  -5.150547706006491, 0.9842371522607631, 12.3409999041389;
  -7.469229841206361, -1.908282491319445, 17.91703651474673;
  -8.185342427942866, -4.604696554350125, 19.59862641042386;
  -7.930938402963649, -4.251062618943889, 19.13038147571633;
  -5.357866621984077, 0.1403692452193027, 13.27089785196122;
  -7.770433335188031, -4.16679851379932, 19.20413875272673;
  -7.909092548120614, -4.500059375595047, 19.67617263191407;
  -5.074119248364979, 0.3602281040846179, 13.16975214371833;
  -7.528133551053911, -4.409777836490638, 19.38819914042948;
  -7.501750806399716, -4.38098780419199, 19.32532530984069;
  -5.017544645546036, 0.1356142318043709, 13.26772761982581;
  -6.904842613876218, -3.443883392099052, 18.21814262794988;
  -5.022012115629382, 0.02371377157474281, 13.53466428656422;
  -4.907749883965505, 0.1726338114157429, 13.31860985130294;
  -7.114992189751719, -0.7414529676666312, 19.0171621072775;
  -6.594869526815796, -2.969855228429817, 17.80486735484085;
  -4.914648997517826, 0.01405630021628029, 13.55700832333429;
  -6.843659604877391, -0.3784592482301631, 18.93142049939616;
  -4.342492846286415, 1.043660870399094, 12.64866834474167;
  -4.644798179558447, -0.05385739496946481, 13.54910385721798;
  -6.426002073527358, -0.8412673852099768, 18.39238483847314;
  -4.498131491466957, 0.02945969014130355, 13.36434563975635;
  -5.956093772464729, -2.85542702392063, 17.51221835678781;
  -4.751928806874759, -0.05532046072903935, 14.28657213587011;
  -5.259814724227213, -1.366062749999326, 15.7578832998775;
  -4.438679455859311, 0.002295789428963182, 13.65443964232346;
  -5.803587505662763, -2.225204964131448, 17.59643157558526;
  -3.250292058452581, 1.034015969435424, 10.31936979164066;
  -4.421358142543562, -0.04675842192470659, 13.74666032548234;
  -4.440435947590766, -0.1778247255993992, 13.85022955748254;
  -4.260185341213124, 0.1702391015483127, 13.38782771806092;
  -3.298861952239379, 1.0481938270837, 10.61211209442516;
  -4.701862814399807, -1.42518865797093, 14.7853368234837;
  -5.537766744157237, -2.956721367578811, 17.33836034014341;
  -4.197689616830179, 0.2286631775990136, 13.41299430160781;
  -4.222328300808343, -0.09165340844204137, 13.74345976674217;
  -4.460502896974666, -0.2101266396053081, 14.52559437107638;
  -5.464543366773278, -2.396244514601593, 17.65987420457459;
  -3.658623499099944, 1.099096111030032, 12.18853868388726;
  -4.122774108546928, 0.1729357768973037, 13.65100984345057;
  -4.118024919179103, 0.2432574903893296, 13.6379973251913;
  -5.444455913741636, -3.105803085385353, 17.83002083493156;
  -4.041679172824446, 0.2292543997662555, 13.61727528990416;
  -5.173471180045696, -2.527489485840968, 17.37231357795119;
  -5.213731214617795, -2.779704230425105, 17.5781051393535;
  -3.958541081017054, 0.293867913204452, 13.60142020726093;
  -5.132762091955305, -2.275295565192422, 17.39273797001584;
  -4.972524866348128, -1.759826461570833, 17.03322487379492;
  -4.009613022396024, 0.1468830327823819, 13.91364626440532;
  -5.073149763417765, -2.316845468789578, 17.3760221607131;
  -4.979043754942204, -2.004582601323841, 17.11192322442145;
  -1.884083060057882, 1.109678991701687, 7.087252858630902;
  -5.38456992112289, -3.352174799931857, 18.49693309226968;
  -4.97560047352114, -2.092229727503527, 17.21225667134974;
  -1.902367932919093, 1.091473816924906, 7.188478585491787;
  -5.324315557890596, -3.417887303757913, 18.47692655368287;
  -4.85298277717023, -1.268975352866185, 16.92731312173155;
  -3.884196072131968, 0.4408063682824918, 13.76890010490725;
  -5.175400949265113, -1.659330315601394, 18.12323250237594;
  -3.73873087362453, 0.5599807951198037, 13.40401843748709;
  -4.987572270034461, -2.598975127270499, 17.63137338303546;
  -4.85959307828667, -1.384889167731405, 17.17628086180615;
  -3.93025244627521, -0.01074933560376299, 14.08889913931231;
  -4.914866398880499, -1.251506592481896, 17.38759911447535;
