m=[-10.16977729399432, -0.6145043190632963, 13.99120846897678;
  -27.84857381120547, -4.918633995087249, 36.58781679962074;
  -27.42078772897025, -5.055754881746332, 36.19442655539496;
  -30.86747131404178, -8.637448671922504, 40.9489054912863;
  -27.41302798879832, -4.326401578115021, 36.54782841955167;
  -27.38923774992836, -4.595340986627462, 36.93287440182428;
  -27.44872797509199, -5.52987206764165, 37.13328576772122;
  -31.10702712383763, -8.352489129863788, 41.97205491628422;
  -27.1456634581886, -4.289411554734868, 36.86614010563232;
  -30.8283139060737, -8.014407417513112, 41.89289918580887;
  -27.23999538597196, -4.793151312639594, 37.28873912054545;
  -26.77105644682105, -4.823099252331243, 36.93465189395361;
  -26.43490770026957, -4.395654314655159, 36.73141624300419;
  -29.78317972964807, -7.927267926829386, 41.36911435596586;
  -28.79693562598201, -8.09017029746331, 41.41966215589569;
  -10.23536583946483, -1.264082613239456, 15.48473488833724;
  -28.35182343739194, -6.123912168861752, 41.72807316052371;
  -11.15738221514032, -0.5601146414650206, 17.78191879938059;
  -24.33343710792175, -3.954153638390983, 37.80466562454686;
  -25.46070317715606, -7.486301339777371, 39.84230273103793;
  -24.81711635164453, -8.270197951595808, 39.2766677657142;
  -25.09249226410936, -8.337917905620456, 39.87752878377338;
  -25.08419102527593, -8.143122104687221, 40.01720437749893;
  -10.40251375061163, -1.307144517468823, 17.22693100086325;
  -25.46351822656277, -8.48230225812631, 41.05182799559805;
  -19.33683194170657, -3.072679654710331, 32.52470697608269;
  -21.82123553577853, -5.156559679606243, 36.77412402557766;
  -19.40440052485306, -3.190353815074362, 33.14337367420301;
  -19.45085981981688, -3.583766078432946, 33.31439735655098;
  -21.77847751530696, -5.067269251432852, 38.27236510499954;
  -22.32218715605355, -9.080479369115961, 39.37676811121398;
  -18.75467896555828, -3.005216510357152, 33.41554708012948;
  -21.85433391057397, -8.504520931420979, 38.93105792741183;
  -21.9650407107916, -7.787078976603277, 39.21191656512747;
  -10.63881551129022, -0.6168916721623977, 19.79511162209774;
  -20.44811028659692, -5.110623306932827, 37.1873198609544;
  -21.37034506642624, -8.718329013857776, 38.83555110126481;
  -20.94020699893817, -8.298504173559721, 38.66353021463961;
  -10.12867222117246, 1.767085429991139, 19.21497021100932;
  -20.34073471663293, -5.254470052598867, 37.76366126557842;
  -10.84998972990901, 0.9965213330614295, 20.69571243669568;
  -10.83294011413898, 0.9239935865443865, 20.72293989521286;
  -10.81309547499902, 1.078180425854416, 20.69401526281201;
  -20.87818231419151, -8.813869074961813, 39.06313079884502;
  -10.27009898303477, -1.582296471086619, 20.12227388063823;
  -10.45835404752907, 1.488437822052293, 20.46589320285687;
  -10.77124139859749, -0.3078499324432437, 21.12033563831249;
  -20.19845419839955, -8.079307515089615, 38.86483956717696;
  -10.3677027342545, -1.348864319905751, 20.5286847704853;
  -7.118057550030056, 2.211236371564854, 14.57616641389748;
  -10.91521416721225, 0.477324192349838, 21.83144411796396;
  -10.88660854968436, 1.058309362965302, 21.77545700047672;
  -19.73474522676419, -8.880702591377458, 38.72504581525097;
  -10.33056928632686, 2.267733534792605, 20.76573919553944;
  -11.10539198615919, -0.573888200944193, 22.40408198834023;
  -10.87904036027659, 2.284174271904776, 22.01072852410057;
  -19.09149686803366, -7.423991725579994, 37.98204687143569;
  -19.12570072869006, -8.473716329148571, 38.31091351119351;
  -10.77256106802153, 1.943995573058426, 22.18598904371203;
  -10.7891995980084, 1.710225626153565, 22.33405540329275;
  -10.71240906690465, -0.748668891652126, 22.20394555032893;
  -10.44141052585287, -1.586631402536602, 21.67973953933388;
  -18.50188692446723, -8.651159307323399, 37.71597743520246;
  -17.2570464045497, -6.578675944411113, 35.37877441021051;
  -10.66519380772712, -1.268715671302765, 22.34016554020816;
  -10.36379587981144, 1.798956514353507, 21.74714730639116;
  -10.7776851938041, -1.118595984270985, 22.7569335547208;
  -18.41484430737353, -9.148695631172711, 38.22494991523362;
  -10.62284778079832, 2.171543822507776, 22.6846156767047;
  -10.6356744262915, -1.065768425300319, 22.90083046299182;
  -10.7541104041192, -1.138874172973351, 23.4283457118575;
  -9.775555031632786, 2.205205176061099, 21.42942729864997;
  -6.509270350335339, 2.272974292382483, 14.61184139018001;
  -10.07235341002383, -1.54613915185316, 22.13179682514148;
  -10.25770222714593, -1.227938479419163, 22.57446471421625;
  -10.41671479931568, 0.4969647703455877, 22.94488758939858;
  -8.452475547987394, 2.179030951722365, 18.92046767624697;
  -10.37002339691334, 0.7136306100714497, 23.0470496681634;
  -10.11363336658488, -1.562586509878757, 22.64727799014171;
  -10.44542178841867, 2.163585817892738, 23.33520656176069;
  -7.987583901157832, 2.158497955689561, 18.26365414818799;
  -10.38944746834063, 2.190989251901788, 23.48186375024406;
  -10.57548068489034, 1.06177121146215, 24.14635043000571;
  -8.711886034478839, 2.297792960517101, 20.09044304597926;
  -10.43220018769558, 2.152943008911892, 23.89183858718164;
  -10.56584744109177, 1.820905115981973, 24.22660475965052;
  -10.7695875085021, 2.133791586314765, 25.25129973383757;
  -8.091549503267865, 2.142410818189894, 19.55608812579277;
  -10.40606556153736, 1.988533437440492, 24.93351414794833;
  -8.261424277115046, 2.122308169494479, 20.12192418472589;
  -9.602471578724822, 1.266529321550041, 23.55289507906541;
  -10.39372412788914, 0.1917977120399816, 25.74954272729346;
  -10.70192409351958, 0.2803767083782546, 26.50759182428993;
  -8.610491498254136, 2.179340793909049, 22.39312765555115;
  -9.704261793103729, 2.146033878481639, 25.10992311062459;
  -10.18998017487501, 0.7234195846378408, 26.44784378998389;
  -9.999219499115894, 0.2702589746201087, 26.44060593320006;
  -7.956279219500281, 2.192385732157435, 21.94456146592817;
  -8.206356199971786, 2.039402147224807, 22.96821788978016;
  -3.764689031947812, 2.280011531472049, 11.18559300750695;
  -4.129702329532193, 2.226192664921337, 12.85797106989562;
  -3.735118205320486, 2.224429471049803, 12.18396967863412;
  -3.729480202267211, 2.262185060639799, 13.18863373324542;
  -4.027601052248488, 2.249754725464859, 14.45979600173445;
  -3.864145455596809, 2.275887472192224, 14.5355459676511;
  -4.037673213219179, 2.229080646294287, 15.88243711178351;
  -3.486416917596923, 2.228411457576812, 14.86124180485981;
  -2.98127701434812, 2.183360706179029, 15.13524620759402;
  -1.330312462834114, 2.195121115182642, 10.4160693907893;
  -0.317879797414071, 2.081675078016887, 14.39631104958934;
  -0.02881540630396765, 2.123177502713163, 9.497405188231552;
  -0.01637701372926255, 2.110902775575153, 14.44176104736691;
  0.5823129440819369, 2.025313108576936, 13.97172522998412;
  0.9168458292842409, 2.077453162406346, 9.495968481687774;
  0.9791938701016298, 2.031374079459785, 9.746520951462284;
  0.976154775449892, 2.062625926706583, 9.61633362848918;
  0.9427992308442558, 2.075531004695292, 9.112937454399326;
  1.100725712948758, 2.045752145224463, 9.933938498014202;
  1.128424641983449, 2.026696248739119, 10.09944865168847;
  1.187945988219372, 2.026125863121238, 9.858877982983488;
  3.484032962947951, 0.2661096464791802, 25.88441778193726;
  3.302192961602045, 0.4354251901458375, 24.29868906562872;
  3.578561415130493, 0.8373202333766139, 25.99342765094389;
  3.6186857085193, 0.5856671545463775, 25.93341184395812;
  3.682252737476199, 0.3466384588372799, 26.30793486045471;
  1.208273701294572, 2.075639000578156, 9.217193931254812;
  1.316453012637088, 2.022732417545908, 9.208799532753083;
  1.488618625514807, 2.026867741595254, 9.673215869160242;
  1.546878143882246, 2.045987724141761, 9.597247656723843;
  1.50511894000058, 2.041696237674654, 9.233945736272121;
  1.663665847675094, 2.057027698630856, 9.61348699652258;
  2.472529139013822, 1.895579181973943, 13.54589916309907;
