m=[-5.14209854466595, 0.4665106387383003, 7.167033515021112;
  -5.148725742277617, 0.542626883304307, 7.179877567154605;
  -16.16498758376776, -3.926591796921279, 20.66994627229537;
  -4.892483450394958, -0.608369535495722, 6.983771883545859;
  -15.85089065044056, -4.464124398971169, 20.70090459669189;
  -15.58698494215824, -4.21106548800702, 20.71680912396804;
  -15.63193408425423, -4.23056938710039, 21.16260732351039;
  -15.28211862016703, -4.503229254483743, 20.85022245807832;
  -15.08310390064139, -4.045222109907575, 20.63461905788298;
  -14.33143026780794, -4.200734184492276, 19.93144767281762;
  -14.52015133876917, -4.108182790127598, 20.56860274517566;
  -5.104450601579891, -0.3794903034225595, 8.010734039846517;
  -13.02478515489947, -4.111076676961662, 19.77489841580182;
  -12.84823821373003, -2.114967616605559, 19.62739542736303;
  -12.77552002984904, -3.788388313011843, 19.67480679280037;
  -12.5821542372418, -4.182877560502299, 19.40914386624583;
  -12.74403347513384, -4.284405711362076, 19.84228644804287;
  -12.04557765049637, -1.962708565120518, 18.80986822228755;
  -4.891562925861925, -0.6951031224678005, 8.244904411864996;
  -12.6820535056074, -4.247397937677697, 19.83257574035912;
  -12.79721519909842, -4.193534998868861, 20.09721375602465;
  -12.62775240631142, -4.246799853608121, 20.05484936364312;
  -5.024943509696185, 0.835715295548272, 8.843461863083357;
  -9.515352424557339, -1.585309714808558, 15.92146682945986;
  -4.874732626689418, -0.2847520675468331, 8.696751910403508;
  -4.917991347523229, 1.059714119125924, 8.81442974217585;
  -4.851033758051128, 1.109751406047824, 8.799308055360383;
  -10.90880981661085, -2.571919503082673, 18.862873778426;
  -5.180148989552333, 0.473798382847807, 9.502885839743341;
  -5.173741517609892, 0.4401948541452394, 9.519095517561976;
  -5.173796176153817, 0.5156029026591291, 9.523036112956334;
  -10.99544326530395, -4.319410909280333, 19.26985385424172;
  -10.9281745628027, -3.909012219086272, 19.19563574091855;
  -10.59228300238922, -2.366308060026028, 18.76986207832548;
  -5.355911330844095, -0.151602876558895, 10.10714763617397;
  -10.53506945106567, -4.218961984210388, 19.13871609075347;
  -9.947173114395662, -2.601238371959702, 18.16496810182522;
  -4.807932326137539, 1.058943804219627, 9.301943124527432;
  -10.18108369857614, -4.344178838602398, 18.74884704747281;
  -5.140612507595259, 1.08678645015088, 10.04091709308184;
  -9.966176385693208, -4.029308289468697, 18.87312884397128;
  -4.947067341687948, -0.7623355489030474, 9.89977939836229;
  -5.129504757590538, 0.8112499010918745, 10.25756725752339;
  -5.117407362804103, -0.3690592361325099, 10.23880541042623;
  -5.119532081094997, 0.8951307055089711, 10.36594464405434;
  -5.18531911697618, -0.5489235346342706, 10.5803009483418;
  -5.016595361013285, 0.9434030209406989, 10.33032714095092;
  -9.487619773796153, -4.247908832736186, 18.69728231685619;
  -5.025801649325693, 1.030725657908049, 10.37880921878861;
  -5.080147730395014, -0.5183828245762446, 10.57440610000146;
  -9.385442631677142, -3.942289247931703, 18.89021238588993;
  -9.170534727203508, -2.932240948081515, 18.51713870517352;
  -5.045382332332553, -0.5394320521583791, 10.63568264099075;
  -5.019947058100398, -0.773658098477111, 10.6413201204905;
  -3.792749501911983, 1.029663159545178, 8.293767957485919;
  -4.992481147671769, -0.6096422133637238, 10.61573279442413;
  -4.917868371358328, 0.2283863381057036, 10.47940340422023;
  -5.034267525099837, 0.3505064929063764, 10.82646916072467;
  -9.046824978193646, -4.047027906661392, 18.73917962799129;
  -4.980222076286514, 1.033891429560532, 10.7767484647571;
  -8.898269226385178, -3.936610876908903, 18.63507379217492;
  -4.975244124638676, 1.051241889710099, 10.89606747169315;
  -8.542605511675809, -3.415380814763929, 18.05070304833434;
  -4.964157402743048, 1.024909318374764, 11.02577771099847;
  -4.922644597598327, 0.8432330306524553, 10.95283859180973;
  -8.636834500413199, -4.253750422381504, 18.74757176182126;
  -8.536224142270848, -3.656159028520169, 18.65426312054263;
  -5.125118247340656, 1.017777633848043, 11.68471682452582;
  -8.382884918701029, -4.002540615010092, 18.50031435350817;
  -8.314511337585874, -3.769296999170871, 18.35941514853278;
  -8.824941370903392, -4.434293640268889, 19.42340196858415;
  -8.385854602872568, -4.155763102551692, 18.5249392989943;
  -8.181565511149138, -3.89969302392698, 18.30102053835987;
  -8.002712970346957, -3.442900088446929, 17.94938226676021;
  -5.077825036600505, 0.9691460065369603, 11.82545273106159;
  -7.76357847229909, -2.89235088535104, 17.77621881113675;
  -5.1038909722602, 0.1258691307563838, 12.31723818062498;
  -5.015788385396711, 0.1926631582308616, 12.39056051630144;
  -7.117231635987142, -1.278710926813047, 17.31628186768138;
  -4.548764156441645, 1.006857594226966, 11.45115487179238;
  -7.538020252189543, -4.094711385164946, 18.34766521110048;
  -7.465783858109903, -3.980915147799635, 18.33412245567536;
  -4.875595238564672, 0.3412726901165396, 12.33450350901317;
  -7.456325408633103, -4.162928015851962, 18.56416566909998;
  -1.763434929624652, 1.074984828357139, 5.214966805268446;
  -4.7602130050581, 0.2759158889577096, 12.48370621566428;
  -4.796228503233009, 0.01293236356806146, 12.61086081246953;
  -4.754518719493968, 0.1597754633593041, 12.582701810042;
  -6.641412872826663, -2.636916431302275, 17.32853834005914;
  -6.497829332618823, -2.07584665116003, 17.06037225551059;
  -4.713889476914248, 0.003401526851213043, 12.69400781116108;
  -6.116998214927328, -2.800801553379535, 16.27140515808285;
  -6.802545979465808, -0.7128718906055471, 17.9865200832162;
  -3.21609298001669, 1.007069620216894, 9.04620621672413;
  -4.678935353264004, 0.04846777524057709, 12.77048567692675;
  -4.59636619169857, 0.06624658893393837, 12.78691049990843;
  -4.508404702343364, -0.03459436575608788, 12.63380412731721;
  -6.818209327292585, -0.8826839661000071, 18.91185992378294;
  -4.502079696859807, -0.0664477366007758, 12.82452749621808;
  -6.842301126457316, -2.215990594141715, 19.03809603554658;
  -4.379486653531556, 0.01493768730548887, 12.6999316012622;
  -2.069571927958075, 1.152071005344158, 6.527382241083021;
  -3.004172263199155, 0.9894686022883674, 9.146527909249729;
  -5.195552752589408, -1.383935350691753, 15.278687498291;
  -4.234951535133042, -0.0577459957779713, 12.87210831671396;
  -5.526523165451661, -2.158349557773977, 16.50357122191637;
  -5.484075226606149, -2.521147441981764, 16.43775056206412;
  -4.195338081602065, -0.1810430550855664, 12.80599069689165;
  -4.102849250538069, 0.0226028309123201, 12.57755299618591;
  -4.546599584474759, -1.416752050226554, 14.00948591618925;
  -5.479117987300507, -2.450464634368175, 16.69715375265043;
  -1.880458165680874, 1.061162068602889, 6.382735051903809;
  -4.04986999966847, 0.2099840047816616, 12.6413583345055;
  -5.190854053604731, -2.811936578319823, 16.00088196968647;
  -4.01563509823205, -0.04431673522621788, 12.7511125218928;
  -4.123730372729186, -0.1054177990687382, 13.11049046266897;
  -3.97959544556727, 0.083634988345495, 12.69381980794026;
  -3.43347094058964, 1.0363037116494, 11.13300135971509;
  -4.308579425691976, -0.2178147287334074, 13.75724245234739;
  -5.281311333219574, -3.1049441162841, 16.68085637704975;
  -3.848281497317512, 0.5478507599956369, 12.43850866964351;
  -3.897961019026934, 0.2249267997310414, 12.63654613789039;
  -3.922485055994004, 0.1553970617616188, 12.70950368912847;
  -1.776795968478208, 1.059134860741208, 6.327197299214982;
  -3.543109519835635, 0.9818425997364729, 11.76380388013337;
  -3.867568376328624, 0.2088221122792265, 12.75475677304933;
  -3.876854321174172, 0.08690664080464236, 12.8950858594422;
  -5.013622023965297, -2.497504550416068, 16.59077921507475;
  -4.990154881765531, -2.714596824836042, 16.58486509845357;
  -5.029494466443242, -2.279084289035367, 16.78960819387443;
  -3.778709061722871, 0.1259138982822779, 12.8586143524409;
