m=[-15.98889916319104, -3.93339236002521, 20.12092183455597;
  -13.79132227092905, -2.820248501989674, 17.94485793403047;
  -15.57160413523334, -4.359405894596234, 20.33929932407336;
  -15.4235584079046, -4.227836747860222, 20.18019526564001;
  -14.65662050168009, -3.324777163564924, 19.2400279282405;
  -5.260031775486875, -0.2544021521106439, 7.540589813970949;
  -14.90871280159497, -4.442876286809503, 20.02598504941313;
  -14.97009943325303, -4.072308030850369, 20.15935341810713;
  -3.451913878929971, 1.034232626827374, 5.437306243900549;
  -5.084813333536654, -0.3911177674064394, 7.562318283537083;
  -5.058566880514145, 0.844069363389205, 7.533449785603936;
  -4.896605068881208, -0.7663479730780495, 7.703106026120983;
  -4.86315907386196, -0.7278636161290206, 7.722394091616367;
  -4.75678060400488, -0.7538424027542949, 7.615690450020108;
  -4.849060241375068, -0.7057290696778976, 7.761592525467198;
  -4.772516066584872, -0.7379099556647349, 7.697246784090603;
  -12.92023766023255, -4.131365865685305, 19.2877196743572;
  -12.64989887689642, -2.127536765608613, 19.00371615822917;
  -3.966773291798158, 0.9762768815598727, 6.644464589513244;
  -12.67783258482814, -3.810675763505712, 19.20255502812085;
  -2.906361319623468, 1.046252678959608, 5.162230281689702;
  -12.61392338404492, -4.25185741007274, 19.13089880935358;
  -12.05448256322854, -2.008901221824095, 18.50756748915626;
  -12.53926002529369, -4.270617408129062, 19.21820363429346;
  -12.67412359063891, -4.201436344019096, 19.58525396275652;
  -4.951202653945344, 0.8154524213155857, 8.305870668872384;
  -12.56317518686693, -4.28086195186335, 19.63454228737269;
  -4.910382310047759, 1.035365324298029, 8.29071158846063;
  -12.53201268963206, -4.410955193733648, 19.6583552082645;
  -12.50775021503609, -4.328397396618867, 19.67714397679056;
  -4.902676429253056, 1.053710355508487, 8.382634984164231;
  -5.141302176640594, 0.4288659502181894, 9.064927233346712;
  -5.142475152090913, 0.5026615862186049, 9.071094735449035;
  -10.77183298366115, -2.582018264707008, 18.31930194698622;
  -10.82154344917694, -3.931498521776544, 18.69588498777613;
  -10.57305883746505, -2.56767688515995, 18.41016642299087;
  -10.54522152885433, -2.322904081190031, 18.38003030714385;
  -5.194589564004549, 0.2120799764380919, 9.632859666485913;
  -5.269694005955494, -0.2834770977318857, 9.862117233233168;
  -5.09995689764185, 1.078087798101856, 9.579195629308879;
  -10.42703044258295, -4.237682666051969, 18.63234180827461;
  -9.972308546226424, -2.653797833287225, 17.89164613044369;
  -3.392300194182536, 1.03317618740241, 6.78109260018245;
  -4.8613506052934, -0.7696527998119724, 9.344534268977993;
  -5.101079336397707, 0.8032611558464206, 9.818003414160854;
  -5.11839578543688, -0.384568541762261, 9.854247386723845;
  -4.489984628171859, 1.054018259264172, 8.823945337954942;
  -5.043785922001823, 0.8727546273436667, 9.840679571965341;
  -5.239105293117123, -0.6351576380161191, 10.20691870295239;
  -10.03125771025872, -4.118520120007551, 18.68019013418457;
  -4.931117186823614, 0.9189472952812675, 9.782158500474942;
  -9.52216625065935, -2.699785704193406, 17.96591785355588;
  -4.991019404890889, 1.01790380687849, 9.925630507204701;
  -5.057549430047784, -0.531087830698584, 10.14557416471472;
  -4.793075954901285, 1.029913845486545, 9.672113941296322;
  -4.978811035200244, -0.7955529316989538, 10.1858527958704;
  -4.918442047956463, -0.6201393172559606, 10.0925822667709;
  -4.959489408084275, 0.231300582775723, 10.18225982645512;
  -9.136148591834695, -3.889567649470212, 18.08781212349636;
  -4.991210942377276, 0.3354197681266494, 10.36686531055875;
  -9.21564749784643, -3.663748403644379, 18.45505064546757;
  -4.94014105339496, 1.040450539415257, 10.45171754337468;
  -9.005599308511535, -4.093163870569295, 18.35485172164041;
  -8.868823182392829, -3.984473145111453, 18.27472071573621;
  -5.10245596860829, 1.035555216735801, 11.13395321775094;
  -5.099598845314898, 1.007330875581512, 11.27154163450886;
  -8.357063706119815, -4.053360052424161, 18.1496507572288;
  -8.303987999766747, -3.827248985861447, 18.03864161596956;
  -5.086018014686027, 0.9645220520699774, 11.47225492894579;
  -8.355450685784177, -2.42095450177686, 18.3463059163031;
  -8.239977451348873, -3.994838432305577, 18.13602432230803;
  -8.054906533306392, -3.659041836195386, 17.75007707823088;
  -7.951479732565409, -3.480283941143842, 17.53855975311399;
  -7.640757390379324, -2.898495116532562, 17.20685231846169;
  -5.08823878028657, 0.1122235585148249, 11.9397794715626;
  -2.579821439318124, 1.024846493114606, 6.589267883019341;
  -5.158237818702925, 0.04791193600387668, 12.24118576542344;
  -7.346640931866602, -1.953493864811295, 17.02603689234717;
  -5.066630703399268, 0.1773004762945975, 12.15503402138865;
  -3.365664298636302, 1.013725056321587, 8.543139059008531;
  -4.867190874027016, 0.3289800393245186, 11.97200417255759;
  -7.453414704992724, -4.043704336869047, 18.02347784263991;
  -4.861256281767009, 0.1040385745356686, 12.19185131783323;
  -4.728007043381677, 0.2594044102646407, 12.07287086906044;
  -4.805246105661264, 0.1558628375376907, 12.25885548399639;
  -4.840735924890764, -0.003452794974381169, 12.39725969763957;
  -4.793902000934907, 0.1452735942713369, 12.34931269361735;
  -3.248086093494472, 1.018040772332407, 8.759780309412623;
  -6.507067273545056, -3.358991016422658, 16.62481502837558;
  -6.920721228425608, -2.823164474217322, 17.73278771462519;
  -4.622086395248727, 0.02903098142201985, 12.29693183986608;
  -4.589034193459204, 0.04608233537933998, 12.44187349289155;
  -6.281733420543767, -0.8241301742212225, 17.02590654060307;
  -4.557609705823089, -0.08847940858879781, 12.65502110642506;
  -6.250801162434973, -2.820437353334001, 17.01357721300209;
  -4.129968916231426, 1.00631849385649, 11.59422933313297;
  -6.279244929909622, -0.5968802227339867, 17.18834105991572;
  -6.262167512839866, -0.7845295274779708, 17.25926053710176;
  -4.368624692454866, -0.001204201848215748, 12.34626564805294;
  -5.803324031655501, -0.8070143064304278, 16.12850512775805;
  -6.379341805475971, -0.5378526110417982, 17.6601858735599;
  -3.153411603888296, 1.008411801886578, 9.31488129771726;
  -4.440169524750859, -0.0801512603165852, 12.76711474475623;
  -1.87500665582353, 1.066394009349919, 5.971976316236279;
  -4.206320766137203, -0.02225174784146418, 12.33890388856206;
  -4.195568709071839, -0.07426873127366643, 12.44830625981834;
  -4.18406177249981, -0.2028761375320823, 12.46158551513586;
  -5.511889090002165, -2.208068529441819, 16.20011735671079;
  -5.341722420993354, -2.511474237683281, 15.7793156675575;
  -4.093155472378352, 0.03522350239832037, 12.35665738247815;
  -4.544132900425788, -1.453750254859789, 13.71217570425295;
  -4.072156242762886, 0.1959237797157377, 12.40255490779744;
  -5.312905337984707, -2.422132060859844, 15.92614776078608;
  -5.19823955124633, -2.880527217910067, 15.75948981955162;
  -4.008444190526041, -0.06108183134789499, 12.43087381906547;
  -4.030825362747469, -0.1184710738925736, 12.53339696271431;
  -4.813307306720522, -0.7546678397114889, 14.79393803565392;
  -2.98579016333037, 1.003106939961534, 9.658223155415255;
  -3.914484821859672, 0.1380778137408911, 12.38243629941962;
  -3.941155143935953, 0.2130320080190176, 12.46967095750174;
  -5.253511022339673, -3.155503673501681, 16.34015250086826;
  -3.514662542179194, 0.9708485261993111, 11.36295121193029;
  -3.909612491707882, 0.1949048955781847, 12.58731173228122;
  -4.294909381875738, -1.08208902305147, 13.75994403421821;
  -3.825247004424445, 0.07063503185511313, 12.4340808169034;
  -1.840629642264838, 1.036579223031194, 6.535299723073829;
  -3.798247577929127, 0.1121322182630173, 12.62563748626018;
  -5.043950252924005, -2.588919529039014, 16.46311511911761;
  -4.968005748255465, -2.306214793706197, 16.34908104452547;
  -4.916009216818615, -1.830059854384131, 16.3395357765819;
  -3.66001795938144, 0.3957751957306177, 12.42708986579721;
