m=[-9.660373211510738, 2.15340024779114, 12.55585875191781;
  -10.25344148311354, 0.9855032046130388, 13.39315567321427;
  -10.25241419626277, 0.9178895336593155, 13.43344826139078;
  -10.15184555634992, 1.519961395241665, 13.36193976228417;
  -32.32853594839975, -7.953068876873034, 40.6832226661915;
  -26.97741293927717, -4.881139897445086, 34.1257409256248;
  -27.26379652324402, -5.143031941849682, 34.60900996488141;
  -27.27855349055448, -4.687760206036605, 35.44175280753237;
  -28.18493622210803, -5.763662294124602, 36.67339987055254;
  -9.784026413823213, 2.157472993715096, 13.40580276575703;
  -27.52391263646295, -4.487776661431957, 36.04080733588453;
  -31.19800005508203, -8.551856037645761, 40.81948642191035;
  -29.27742144798118, -6.641428849655725, 38.43303483647231;
  -27.49348755480247, -4.959779464936592, 36.28288807053964;
  -27.68145776596397, -5.118174756836102, 36.81387507592351;
  -31.42385409616323, -8.624142603605685, 41.89603068786323;
  -30.44324095923567, -9.072248902463663, 40.89259055551144;
  -30.21670431143857, -8.219833687942506, 40.69106047429655;
  -10.47024951324578, -0.7747470732244616, 15.13649488718868;
  -28.98393652954123, -8.305653493175386, 40.41481642617015;
  -10.10309714811026, 1.914624871791304, 14.96286360911515;
  -9.808879988210714, -1.265294370836664, 14.58705616302743;
  -23.50572987836459, -5.181530297807034, 33.61554656004345;
  -10.18861187052745, -0.7836958539832536, 15.15287204825713;
  -26.39879661664272, -8.441260145922378, 39.40891818494687;
  -25.99423916046606, -4.371868901570473, 39.05067918422911;
  -25.5849610402319, -7.690272788656739, 38.75241441942745;
  -25.24425764414071, -8.509246541150775, 38.28668716334315;
  -24.87450019623271, -8.47174979562266, 38.12371775592686;
  -23.64660342460913, -3.940749033607981, 36.30525876782672;
  -25.59629706203871, -8.213500522318164, 39.27813285643175;
  -9.787251540666201, -1.424430215480111, 15.66585165404348;
  -25.5267562169018, -8.662738177040943, 39.26559210964243;
  -25.56428726038072, -8.474489366983798, 39.50435347981154;
  -25.28825516052366, -8.616892444424716, 39.52211984134545;
  -24.83554581372436, -8.741491291888705, 38.95830569986871;
  -24.85085371173191, -8.59981760591198, 39.09526637684762;
  -19.27740969022729, -3.18006906398438, 31.03403689832467;
  -6.351381427286776, 2.086329865956832, 10.99360910282753;
  -9.92083735895835, 1.633940561773259, 16.64266195300338;
  -19.19667765295758, -3.272684809051274, 31.41529620273219;
  -9.740798575704902, 2.053869625511582, 16.44640814773381;
  -9.746990904364278, -0.5999437544161715, 16.57470662100264;
  -9.83344854606046, 2.113459191701626, 16.81330819740513;
  -9.730911150702346, 2.227093573493788, 16.83715401623305;
  -18.25131346625554, -3.033405915944023, 31.17809291184672;
  -21.45180689494316, -5.142017825352995, 36.4823821918688;
  -6.091251322856423, 2.093133060804693, 11.07972463629197;
  -10.29383444827891, 0.9253088567014076, 18.10007209439614;
  -10.34089003802643, 0.8625938487742837, 18.23262132863006;
  -10.32984388613611, 1.009711385982004, 18.22137972906691;
  -22.05448173078922, -8.782321563990699, 38.0133003872302;
  -21.95383137113428, -7.975891423280341, 37.92862896900122;
  -21.83903258899418, -4.810707654780596, 38.06483152260766;
  -21.41921463626218, -8.948231003061887, 37.65948531600262;
  -10.53090346780505, -0.3300428735900283, 19.1215755294503;
  -21.13204128724053, -8.588340233046301, 37.76141429130624;
  -19.87415052070245, -5.288843335099394, 35.65686587125661;
  -10.44557616650437, 0.4264624798511995, 19.37030213989749;
  -20.1538570454934, -8.72635473165775, 36.50252732553991;
  -10.06619559639363, 2.140073271671724, 18.81834808710726;
  -10.66856081154066, -0.5739028969070696, 19.96597853962373;
  -9.822034135241873, -1.583345258172849, 18.46956332749919;
  -6.513108618235203, 2.124731230265313, 12.58882489870334;
  -10.25443702957369, 2.16770134726021, 19.2608016785662;
  -9.095078369076736, 2.072860399398887, 17.3571011748511;
  -20.13890241045075, -8.268402344751522, 37.50262798415388;
  -10.10401689726207, 1.810437440951888, 19.34205986162969;
  -9.932587101661852, -1.572534896752, 19.09251318965221;
  -10.29201987126788, 1.62067265231501, 19.80896190218384;
  -10.26308032316918, -0.7711122780109987, 19.75910748091836;
  -6.348019028078009, 2.105483180872372, 12.6284771967204;
  -10.27092271509561, -1.245184940363135, 20.00999546525897;
  -10.11995655353981, 1.751112963000879, 19.74454333820554;
  -10.38212354179978, -1.137591394890174, 20.42203255068582;
  -9.954412137551659, 1.855072545094096, 19.74717566412299;
  -18.49595542085491, -8.405327547700905, 35.8740208697682;
  -10.11160138578655, 2.062231522110253, 20.10892185534399;
  -10.25181782175437, -1.07653237263984, 20.56541008097876;
  -6.404805070744791, 2.064622998350545, 13.25375242511718;
  -9.735820706169443, 2.09198782510531, 19.64624972942709;
  -18.80321176333531, -8.005163603202707, 37.22673271727361;
  -9.974823336518639, -1.593854414727227, 20.40689663702116;
  -7.577324391483775, 2.053500527576833, 15.77100237042544;
  -9.880568811263728, -1.245786600101029, 20.27480502928814;
  -9.986741357287009, 0.4657614737931602, 20.50364199865904;
  -20.00032650650082, -7.951276817790867, 40.05220888598606;
  -9.992249846999782, -1.282866935175024, 20.7171189725231;
  -10.01811586176965, 0.6732382458314234, 20.80786787085222;
  -8.14150283842627, 2.07300809153939, 17.10712778842454;
  -9.845142134827064, -1.523425980290563, 20.52441527165386;
  -18.11471847949899, -8.233378886371339, 36.92069347969008;
  -9.980129151212836, 2.062439971481018, 20.84760219367483;
  -9.700896938037666, 2.104112023210526, 20.30333157561493;
  -8.011884745440158, 2.123231539395357, 16.98490772669387;
  -17.74050460161049, -7.970230402853937, 36.55533099298909;
  -9.958821587912478, 2.097442397107896, 21.0695988589623;
  -17.03775053754691, -6.925507554368009, 35.39689130453749;
  -17.91768566984877, -8.794694823746495, 37.40906129950442;
  -17.6649867439447, -8.248140867817533, 36.94018499935805;
  -9.913290127871296, 2.033555267365195, 21.284303905463;
  -10.1344282177103, 1.733460913366389, 21.76358107361948;
  -17.04292818718692, -8.192858914756013, 36.16452145301811;
  -17.25962055728728, -8.629554441853962, 36.8725466769193;
  -10.44580803174791, 2.120000851912829, 22.7935603291076;
  -17.16463724098076, -7.505847085524098, 36.94033513987247;
  -10.236226894001, 2.02197618137321, 22.62492817881386;
  -16.72459789643924, -8.111798520411092, 36.3220410361562;
  -16.71965211052509, -7.705968696698596, 36.31987574812521;
  -16.79634102483652, -8.450155213098634, 36.50773713979378;
  -16.40424831151391, -7.952973414653229, 36.10541996302371;
  -16.28484601838201, -7.39759457553883, 35.88586296292495;
  -16.04359101494601, -7.022120919068432, 35.38731017797241;
  -10.53949077962792, 1.998728916253529, 23.77335760432405;
  -15.43742230674753, -5.85613321845535, 34.76480566499755;
  -7.094561525502184, 2.070431803422377, 16.82899352626883;
  -10.13455084797031, 0.2235224031771185, 23.78117604010878;
  -10.54552537295428, 0.09795138466944389, 25.02593707801945;
  -7.183033059662593, 2.008243538545195, 17.42839601639247;
  -10.3872578914484, 0.3634892454887269, 24.91941498218633;
  -3.657587627372123, 2.116553572408331, 9.421605454807736;
  -15.17230509496888, -8.383953643940282, 36.35891607616065;
  -7.24867254196377, 2.056650150288351, 17.99916001174548;
  -14.97629490438969, -8.125095818772037, 36.21493369922077;
  -9.828785138260431, 0.6643409319638719, 24.17621575401005;
  -3.56583881759539, 2.184550275489047, 9.401358079329659;
  -3.581644745866809, 2.129904614666543, 9.457434172075377;
  -14.81322333408981, -8.415046305358095, 36.34245223842988;
  -6.742464329702591, 2.030804152138244, 17.11454419039744;
  -3.536197579191586, 2.173900890035996, 9.606764959535324;
  -7.471174878263754, 2.061939875880822, 19.24316173452184;
  -9.623616826110691, 0.312151384738839, 24.55119369758318;
