m=[-15.01947388675652, -4.450756596002479, 18.67724863707371;
  -14.96939584802651, -4.271245927668253, 18.95007837988412;
  -14.57752334099111, -4.505088394206156, 18.93785604925167;
  -4.762511718085148, 1.004554760194754, 7.317874259010675;
  -4.75017143758487, 0.9931302998054986, 7.420025151091003;
  -12.63123227742239, -4.196627807730308, 18.21515874398761;
  -12.23686202676358, -2.195789247878674, 17.74426530736096;
  -12.28856444980295, -3.849323282116565, 17.9790597211074;
  -5.087846246938989, -0.25468374218476, 8.586594912127069;
  -11.32912014299791, -3.831418238723954, 17.86991246916658;
  -5.03792692925806, -0.3177673749442073, 8.652545236805906;
  -4.198780259192922, 0.9650459755844504, 7.474315927552295;
  -10.62245023395204, -2.681323990034639, 17.42061086404458;
  -4.968248086641972, 0.8527650219165686, 8.707260514437262;
  -4.95712587760613, 0.7500877590254583, 8.751631249505588;
  -4.932492931797142, -0.4241678850304899, 8.717937484841356;
  -10.47316243559491, -3.961097097507312, 17.47471025446408;
  -4.885996946951877, 0.8161141762690056, 8.747559598748921;
  -10.14126357127245, -2.590730043096791, 17.03577424249756;
  -4.778482149376458, 0.8652180877711989, 8.695223861399546;
  -4.803012949156582, 0.9546040607900523, 8.77563131131485;
  -9.617275971375161, -2.688665458254186, 16.62556336116246;
  -4.876339596047725, -0.5712225568788123, 9.014808875423222;
  -4.852443403429907, -0.5974282399964799, 9.086166968094343;
  -4.779876702366098, 0.01079117468988175, 9.017870858961205;
  -4.777839059665693, -0.8200804073551729, 9.013603526123596;
  -4.761512180062688, -0.6557487289089371, 9.008128490702024;
  -4.82970088183697, 0.1826487570367555, 9.140664089953088;
  -4.754364736090516, 0.975019630093903, 9.299763587281438;
  -4.739625152656903, 0.7616816302037559, 9.44173584302701;
  -9.079811023874051, -4.041064250202931, 17.36925535211368;
  -4.927538980985674, 0.9710527248922819, 10.00902604991966;
  -8.77671103592726, -3.654328646715697, 17.00253933375126;
  -4.963216748356279, 0.9548528588727991, 10.22800485161688;
  -8.553106294930577, -2.278309943041283, 16.86950005948869;
  -4.914450019667582, 0.2574973789151169, 10.21729698870657;
  -8.594377272168098, -4.01464420413687, 17.11538981773816;
  -4.84596952706138, 0.9662108474139026, 10.18204998060682;
  -4.806230388805486, 0.8789737779600422, 10.12496587792106;
  -4.971083000177245, 0.1633830408358623, 10.75782915634186;
  -8.0213703063606, -3.858717819717357, 16.84917279054281;
  -3.233337372239518, 0.9629843338152229, 7.432086328967657;
  -4.937502248150913, 0.0603550908070157, 10.87187058204066;
  -7.689325781717227, -3.522238401324432, 16.37920585863413;
  -7.822304198089597, -3.711826178445971, 16.65604973239312;
  -7.853003108776192, -3.96110076371566, 16.71455743223653;
  -7.86416934210679, -0.4953981381727158, 16.95603453789396;
  -4.387420623833669, 0.9660496837878068, 9.925474496097506;
  -5.040443922796038, -0.005811483230654121, 11.25157129339667;
  -7.33758500250535, -2.917295282619929, 15.93607626412911;
  -4.417653661033635, 0.949085688162113, 10.05319676653976;
  -4.871730883250298, 0.1285591684297247, 10.98918109075603;
  -4.720142982627435, 0.2776125633895614, 10.90541455295268;
  -4.663789528858075, 0.05554611930307797, 11.00924019154508;
  -4.572992809498035, 0.2053188600228974, 10.98345474277791;
  -4.596459819134129, 0.1053051603569336, 11.04561146570593;
  -4.621772220656443, -0.05112277654599025, 11.16172005113498;
  -4.474190398869786, 0.09017968748922045, 10.86540795423331;
  -6.867750810866609, -3.717211539170498, 16.24949607786181;
  -6.553368294191486, -2.803849896949369, 16.25555205005524;
  -4.433651162015949, 0.0001992694658976093, 11.35160029733514;
  -4.272105241519762, -0.1375467241267649, 11.07737903336633;
  -4.435742824259695, -0.1375550080651239, 11.65395859486613;
  -4.238602454847029, -0.05042113350135197, 11.31406238858418;
  -5.930931753883278, -2.814766505722724, 15.61564434994911;
  -4.251689711631747, -0.1257535003566728, 11.58471751996246;
  -4.064876293884533, -0.07142869136207893, 11.27101207283945;
  -4.534651323547253, -1.408546426187041, 12.48130989316895;
  -4.581287194993757, -1.497879502395326, 12.6325454799614;
  -4.034858870702939, -0.121834883449625, 11.3278116637616;
  -4.03448832913514, -0.2480236854866348, 11.37275586562614;
  -3.946659085877811, -0.03975604996783064, 11.1558541817502;
  -3.92438113844675, -0.01182500654428606, 11.2069699331615;
  -3.862253670155917, 0.2103938262448319, 11.09001101827924;
  -5.145521991494666, -2.549258417937115, 14.65804912256007;
  -5.031203804299052, -2.427885400554334, 14.39262727622532;
  -3.897818738533013, -0.109839508279601, 11.44832602412799;
  -3.821257058235464, 0.0191764479278818, 11.26824957162121;
  -3.941187109630095, -0.1706181493546696, 11.61580024206246;
  -3.741911803796864, 0.4902621870858875, 11.15518802166709;
  -3.636244760563591, 0.1573215735294206, 10.90316547064594;
  -3.777030065783889, 0.09045351194104856, 11.31616449834857;
  -3.948069033014017, -0.3231074200102751, 11.99016398367132;
  -3.737833741504276, 0.1471704342960562, 11.41961395792908;
  -3.745643809858244, 0.02119810868192329, 11.5439023906189;
  -4.097490080482156, -0.8735917572131375, 12.53830225109508;
  -4.073111197436577, -1.108488615667967, 12.47883570532494;
  -4.058899418063212, -0.5669698957610831, 12.49815842787455;
  -4.862883231917609, -2.317827137011681, 14.72481728997992;
  -3.695555496720687, 0.007026311425271093, 11.56671298440679;
  -3.665392026584614, 0.06530599455624297, 11.57423081905015;
  -3.962401604599558, -0.3602231673492786, 12.47766095742868;
  -3.450883866698746, 0.3972907550582956, 11.10426182520804;
  -3.663923782880471, 0.3629956562539506, 11.80770897544201;
  -3.460181191769164, 0.4820922582828617, 11.25591969299056;
  -3.280259280243404, 0.9093734207376374, 10.75711139034066;
  -4.674781794280063, -2.575813875466255, 14.82996289177282;
  -3.593774446260627, 0.04989506443383075, 11.69251018976218;
  -4.698730504084818, -2.306310800621967, 14.98104430446767;
  -4.594873005144073, -2.045959337080902, 14.7991701434534;
  -3.559309820776833, -0.004612155567115267, 11.73424534699398;
  -4.71049851485379, -1.874240449763888, 15.17739792637669;
  -4.573294515317222, -1.539185907239272, 14.80440320080958;
  -4.634454954046747, -2.086672264141307, 15.0180674965187;
  -4.57130622326033, -2.137761878756628, 14.88660568316631;
  -4.691174381638371, -1.720152172376007, 15.25569632750954;
  -4.547572918565472, -2.278712635078692, 14.85576826028451;
  -4.608141942076999, -1.354470524334073, 15.08148714215609;
  -4.591854074407706, -1.211412444517028, 15.04556015272458;
  -3.557545030379804, 0.01621842284995644, 11.95926177473892;
  -4.531531711782749, -0.7790036331697554, 14.95111894419971;
  -4.769135729938432, -3.357932129155225, 15.66915035496925;
  -4.524158196349516, -1.631581992177384, 14.95796444067627;
  -4.517638682833836, -0.6963467335575676, 14.96165573522738;
  -4.516099930936225, -1.193616071426167, 15.0030441502275;
  -4.514725537629245, -0.8396920833041103, 15.01015954041877;
  -4.502074170973377, -0.9806427796550227, 14.98061266145141;
  -4.514331215120759, -1.474441899214513, 15.03175163586831;
  -4.525437768659424, -0.4914219847949237, 15.10676271682021;
  -4.479469098098331, -1.035379862136231, 14.95197147937837;
  -4.522379470539879, -1.705477359490866, 15.1764862144455;
  -3.444961724614126, 0.4371820488727323, 11.86832215575528;
  -4.462350024890735, -1.105127996620946, 15.07087756768282;
  -3.312608895953543, 0.7312725132889064, 11.47667312409259;
  -4.342081928900816, -0.5392188765529072, 14.77512711677343;
  -4.558291703093508, -3.281139703672292, 15.48101849119979;
  -4.358790410900132, -1.024352249164835, 14.90183922092769;
  -4.388559622200186, -3.089444566622681, 14.96257021082814;
  -4.397127128218902, -0.4595013725762824, 15.11661030362335;
  -4.431987038583875, -1.18987807924433, 15.23249141046827;
