m=[-13.64534434291843, -3.508702459348937, 17.23476991708873;
  -13.64967343805652, -3.509815623397864, 17.24023778633257;
  -13.49891676026011, -0.2939271264140161, 17.21049490326625;
  -13.3415089447536, -1.423427125202726, 17.09310458510755;
  -13.47757657682709, 1.98630566157101, 17.28902475169071;
  -13.52462127079551, 1.887720493210053, 17.39343146409535;
  -13.38831152548589, -1.106393187420636, 17.41257319629784;
  -13.11694706147388, 1.143886603962279, 17.14065410984911;
  -14.04426495132223, -3.610332978425113, 18.29760631920725;
  -13.54509572711032, 1.022997544026792, 17.80308823558001;
  -14.05375608077659, -0.2791664267395732, 18.44716417204413;
  -13.52702522276952, 1.62347343451799, 17.81391211545516;
  -13.94955757267373, -0.3913274221642372, 18.42530341360767;
  -14.10996591011457, -0.5386892554062022, 18.64244210147447;
  -13.81546569099257, -3.971403959467993, 18.3429386532635;
  -13.92818672763645, -0.4590483839825019, 18.50607953729563;
  -13.63710650579786, -0.9271668975560506, 18.18924666042494;
  -13.76615500492159, -0.7439042001426887, 18.42818063549654;
  -14.00949433658551, -1.327515851324814, 18.74581272358675;
  -13.61354844767475, 1.860046616264889, 18.25274804220408;
  -13.42245753282859, 1.428866117199872, 18.06057679517586;
  -13.51742712506771, 1.648924326118265, 18.29683731735643;
  -13.55213347984427, 1.944599794409356, 18.40655746502202;
  -13.40506974750894, 1.799642470078753, 18.53973626409413;
  -10.48254131253448, 1.481049383322497, 15.56162109042493;
  -10.17417404839674, 1.712895934555266, 15.3082262595922;
  -10.16438319716039, 1.912080421641059, 15.31644283393718;
  -10.00324596220443, 1.801910847198034, 15.21372552031906;
  -9.963543011417446, 1.759530344261969, 15.25370959925019;
  -9.88256370811688, 1.647845933243648, 15.25254581919274;
  -9.837984368685216, 1.771553952542671, 15.28440677627302;
  -5.932703865702558, 1.718701243529694, 9.620040009593085;
  -9.806398320035719, 1.383272294342526, 15.36095131305725;
  -14.45300622399496, -4.642152606974168, 22.30923849534733;
  -5.610665945810595, 1.972537798530134, 9.275647053022439;
  -9.565363671316886, 1.599689761375739, 15.3457280539297;
  -13.51758276707477, -4.413576295683241, 21.31047762942966;
  -14.29514903708637, -3.713909063665508, 22.87745000365777;
  -13.73380590028594, -1.353480134643196, 22.06496472864678;
  -13.6836703302726, -0.1850770309542113, 21.98808287002129;
  -5.629267552520614, 1.899665564592791, 9.639724242407317;
  -14.13380176660045, -4.425552966006962, 22.75317004509282;
  -13.9575411212345, -3.846410017010094, 22.55427034104626;
  -14.02661657973191, -1.140975741137072, 22.88003228596653;
  -5.410311869700996, 1.992331585033027, 9.585661362409768;
  -8.99363868256045, 0.9167147647809225, 15.35277747086248;
  -13.9553587310665, 0.07712490434105426, 23.56354117081647;
  -5.419409298129922, 1.983926607909013, 10.14159143437634;
  -13.64451874189883, -3.630905947606982, 24.15943013666675;
  -9.640335667446488, 0.9602816778631194, 17.41223126325203;
  -13.58291525752418, -1.339212064315031, 24.15280626315924;
  -13.60590489084137, -2.484666116323036, 24.22730271001162;
  -13.35032518026777, -5.73600043657533, 23.79993469978351;
  -13.7202891535137, -3.770772369948263, 24.45812218076484;
  -13.40051317763549, -1.419737460879281, 23.90890215700937;
  -13.8706655935816, -2.809715246208878, 24.72335512253569;
  -13.62341001450238, -3.25267310031361, 24.38803922640113;
  -12.35381353206218, -4.914814494247997, 22.2400337938032;
  -13.67790064321743, -1.295890772162963, 24.51256161443499;
  -13.66182115770349, -2.681382593057507, 24.50119476082659;
  -13.7923515101845, -2.926884562007715, 24.73879766293593;
  -13.58746901310902, -3.873032014271088, 24.38995896380429;
  -13.60193915762865, -2.445266641954741, 24.41311858512344;
  -13.56001426188024, -1.521791516646867, 24.34994815626907;
  -13.72064039127056, -3.543313386963779, 24.64711770787974;
  -13.81655432939864, -2.207844586299706, 24.87911330452366;
  -13.69012645609395, 0.2731823508317623, 24.6762615296989;
  -11.71309815724563, -4.862628178655292, 21.28493270299937;
  -5.376683154140864, 1.959085815900808, 10.30477067314457;
  -13.42039448509939, -3.086666448555242, 24.2680521905474;
  -13.77367425306106, -2.557791535248526, 24.89581904351356;
  -13.77556861971003, -2.354793585564476, 24.92010239264477;
  -13.79183787358087, -3.289936780171847, 25.00150671235618;
  -13.22137235815729, -4.156569403169529, 24.05084516806345;
  -13.60401654051593, -3.808517054366854, 24.75355639169047;
  -13.91549161208381, -1.657850497887937, 25.32375214571824;
  -14.23039305390341, -4.473787951856386, 25.88634301710399;
  -14.19842740241166, -0.9801482846197396, 25.85083327073046;
  -13.60556064150221, 0.1488492614194667, 24.82144245286411;
  -13.49952817467903, -2.055837699085361, 24.6851262039396;
  -13.53330665920258, -1.552284597235014, 24.8710946985948;
  -13.68596437786594, -3.260948029104378, 25.14434083491551;
  -13.74235561516993, -2.736191027308817, 25.28173293697506;
  -11.32288103537873, -4.785239403948596, 21.01516112786465;
  -13.73774240629602, -1.108854162374336, 25.28753692053562;
  -13.55941108066811, -1.454615458662824, 25.02905941783468;
  -13.65931505558452, -0.3374946151883404, 25.26415259593084;
  -13.28978716964575, 0.01112529605094232, 24.64838429931096;
  -13.62264326280533, 0.3614847853482454, 25.2524758488584;
  -13.63237018627559, -0.923236134544423, 25.27758248865174;
  -11.36129645452867, -4.650667365303545, 21.26568238451385;
  -13.58837313261198, -1.205627688212491, 25.22815447153345;
  -13.49046270192849, -2.002066329171294, 25.07873201054893;
  -13.61326210890986, -1.477301894650984, 25.38984441839833;
  -13.70466512411551, -0.561594163132948, 25.59496465228886;
  -13.70872732743052, -2.114984904735399, 25.61247834143675;
  -13.58598463958662, -3.1350467514568, 25.4558595667274;
  -13.9128998502506, -0.2071789979062519, 26.07856647773004;
  -13.6915650983176, -3.044729685104811, 25.72391073268244;
  -13.65888192024694, -2.166215540147438, 25.69799471565256;
  -13.571026579322, -2.52425100795128, 25.610072181756;
  -13.79102401142615, -4.557169463010207, 26.13658892617747;
  -13.62003895194802, -0.4676811165722433, 25.82039057535315;
  -10.32383113713497, -4.248549832701804, 19.8973817810479;
  -13.35348501627478, -0.1529426731874294, 25.42601267375481;
  -13.61231967882479, 0.399272479328918, 25.89849802147561;
  -13.69255640812218, -2.397181185266983, 26.05855811191941;
  -13.83073305798519, -2.799985786804346, 26.32762514911777;
  -14.88854606639357, -3.911428791116786, 28.31513498071999;
  -13.61836736947657, -1.984729443749272, 25.98791347298271;
  -13.76037642338293, -1.829326503735806, 26.25220985016221;
  -13.72124256411346, -1.148319234040693, 26.22941656123242;
  -8.353942779986488, 0.8314117454410341, 16.37051926376489;
  -14.18923414681079, -4.314490680020613, 27.12361497855479;
  -13.54344123608826, -0.03789634004984611, 25.98699444663991;
  -13.88779495117035, -2.121758080114405, 26.63487470047489;
  -13.43167400867623, 0.5078650911449459, 25.79303471800777;
  -13.52700067380126, -1.812188105755269, 25.99287979746604;
  -14.09882565767764, -3.357796859706435, 27.06655520792705;
  -13.90623194733291, -3.424766942655432, 26.74007835001865;
  -13.93212875394551, -3.858169784958953, 26.82912295749573;
  -13.92863268629627, -4.112947694417326, 26.82547397438707;
  -13.65942649633034, -2.866092509346882, 26.34343090242191;
  -13.74122739230654, -2.368316052252841, 26.49673423789836;
  -13.93660243253471, -4.372319250064373, 26.89703072115351;
  -13.58631361631857, 0.2599541624054499, 26.25745490529048;
  -13.96267145665505, -0.5968544878317076, 27.01934198521557;
  -13.59321461058009, -3.146209146833523, 26.33766676968629;
  -13.54297950998287, 0.05892188031202226, 26.31052509328436;
  -9.178229851071819, -3.757023807429475, 18.18728927315477;
  -13.76976570967793, -0.1868619863958313, 26.77557059383572;
