m=[-6.995948218048663, -0.738313313186686, 9.461739202588174;
  -5.055686618426093, 0.9106940479316537, 7.689087004368186;
  -5.022611346902231, 0.8869773595780073, 7.689378650521449;
  -4.988187406325596, 0.8317441277934435, 7.698665975430261;
  -4.970596725884342, 0.8950695535017287, 7.722376803225229;
  -4.91287565867374, 0.6930010960607627, 7.695633130239452;
  -4.836375962194516, 0.7122818231391702, 7.645079432737388;
  -4.812694863228675, 0.8048641914597073, 7.721013974525021;
  -7.159116733731977, -2.299432512106132, 11.0506036013255;
  -4.731448188042074, 0.6764887883820455, 7.730223943941144;
  -6.963515619201871, -1.623774418558397, 10.9366726655547;
  -6.950587342871398, -2.269410742007369, 10.95760526374875;
  -6.994589223004684, -1.731072249681448, 11.11860574003897;
  -7.014452875445516, -0.260770650624988, 11.24612323576742;
  -7.306895149630737, -2.287923096400417, 11.762937572401;
  -7.229058681415173, -1.992179244483556, 11.68158075951305;
  -7.027972342132044, 0.03884039851959331, 11.86668998071195;
  -4.808912914765963, 0.479019727298797, 8.685787163977828;
  -6.981575255036393, -1.857848092460433, 12.36180497154421;
  -6.934549929782886, -1.660736803496862, 12.28406957542845;
  -6.084580638980368, -2.420676420140977, 10.95380618145491;
  -6.967152736832315, -0.738145443016071, 12.43064134109947;
  -7.012836274971596, -1.927350725976621, 12.50125303685961;
  -7.07846250077401, -1.433850731528383, 12.61679484286374;
  -6.970922335004536, -1.664350668394151, 12.47904358521916;
  -6.984666550726221, -0.6617510366409772, 12.5174230788012;
  -7.028723599599926, -1.007671148829418, 12.60020827501204;
  -7.021477359936394, -1.378093517192962, 12.59236102703123;
  -6.973767375210635, -1.987833368982221, 12.5181444712333;
  -7.054384088953235, -0.7916880951900351, 12.66767744657242;
  -7.024447300641214, -1.814042016014003, 12.61838912138923;
  -7.022701228534752, -1.122206920695806, 12.64559711510491;
  -7.056106855675301, 0.1408024874522215, 12.71853395295987;
  -6.995789134889265, -1.609018842762436, 12.65046091067269;
  -7.086549624717265, -1.315982671812653, 12.8088884533211;
  -7.133490743919712, -1.219397812909976, 12.90453589706011;
  -6.946012825797902, -0.2448486282939623, 12.6109545859265;
  -7.038089628939564, -1.678882114525788, 12.7584769131578;
  -7.062224684022451, -0.8413725533373262, 12.85200929159101;
  -6.987337304300101, -0.3364103602651432, 12.73451314470602;
  -7.261598294260486, -0.520135745928389, 13.19482767165413;
  -6.994445618968316, 0.07652151145071133, 12.76038775582135;
  -7.378375785971309, -2.319632955359082, 13.42191784733284;
  -6.97073855113312, -1.061570961477538, 12.74663518923168;
  -6.921206324934501, -0.793869690758521, 12.71958009012574;
  -7.043820682226081, -1.678327703981021, 12.94115804512541;
  -7.0560353427896, -0.5695342020772551, 12.98828795636914;
  -5.773546441872965, -2.363360918073758, 10.80672486247558;
  -7.043254572251278, -0.7555805277340641, 13.0010098620837;
  -6.987299712639453, -0.1726423336841278, 12.92364993817566;
  -7.010492261804464, -0.3239047393525219, 12.96678849245139;
  -6.834538915386646, 0.005721406056752483, 12.67592471908159;
  -7.002310482883155, 0.1858103932559066, 12.98027651050747;
  -7.047227036042481, -0.4772651093764308, 13.06719670062658;
  -7.040314585185, -1.374568641383607, 13.05582901589574;
  -7.047003075802349, -0.6252449755530647, 13.08345601218704;
  -7.003468169767938, -1.039357071726748, 13.01942752111178;
  -7.015610024064906, -0.7613292021976265, 13.08468503626189;
  -7.07594053681425, -1.196308866597621, 13.19243536327423;
  -7.035860716543262, -0.2883177571463725, 13.14024127605051;
  -6.993688131282395, -1.613835127767816, 13.10397057307653;
  -7.109184290727153, -0.1058638884155549, 13.32557102571415;
  -7.02856082885298, -1.563011068895487, 13.20536184448769;
  -7.027613880858177, -1.114536789157308, 13.2218424193446;
  -7.02937022929092, 0.03916160706389757, 13.29092898296761;
  -7.089096750356855, -0.2434234362612716, 13.43926016412022;
  -6.998461873681786, 0.2052767852741962, 13.31511860325104;
  -7.09144991938639, -1.241513258468837, 13.49586989559383;
  -7.096740148441391, -1.436711377840327, 13.5090680751001;
  -7.031566227933422, -1.024774567290063, 13.41832906642353;
  -7.096117587659585, -0.9433692493086692, 13.53805755750306;
  -7.526806295222706, -1.977397035076946, 14.31452979173193;
  -4.68837189032024, -1.962594794834442, 9.300441422798727;
  -4.77817443370195, -1.955901671101939, 9.468278963746105;
  -6.997294576303752, -0.01957935579813837, 13.42632585958851;
  -7.198861219362572, -1.099832047744742, 13.80642263498221;
  -7.162920841190486, -1.705931663448697, 13.7511873049169;
  -4.768381192666481, -1.917541282880454, 9.493981282763018;
  -7.2733136514595, -1.791240377078593, 13.98574233774294;
  -7.034702981295109, -1.476058275622825, 13.56705656394839;
  -7.178726905584179, -1.987976692632358, 13.82408605530994;
  -7.078706505297938, -1.22002305667905, 13.64962529649822;
  -7.200206969022744, -2.12612934230835, 13.86704416778471;
  -7.036522090903935, 0.1346335185573334, 13.59906496417638;
  -7.170703246441756, -2.249659053753617, 13.83914239108713;
  -7.171030986080912, -0.3065360407361454, 13.87675268310831;
  -7.067177196691048, -1.635729161608066, 13.69307874120524;
  -7.006233999289379, 0.030482249555192, 13.6113102225286;
  -7.041717841570899, -1.393909491595436, 13.67827312019584;
  -3.900424169185972, 1.004034738615673, 8.020753181713854;
  -7.16887316258135, -0.09728487089930663, 13.94000983677165;
  -7.092956824544953, -1.066170406683947, 13.80665644351964;
  -7.104395166734149, 0.1975959997542992, 13.8849178062494;
  -7.20181366093767, -1.808850335018807, 14.05956147077722;
  -7.050655677672578, -1.701208890585362, 13.78744392040355;
  -7.084985583274012, -1.329527940263838, 13.85499646815354;
  -6.849662695592728, -1.096845372699201, 13.45033559636589;
  -7.097360358514981, -0.09362425161179787, 13.96551071532885;
  -6.995522324640889, -0.02937395625115913, 13.79379529621936;
  -7.110661073202714, -1.294153685532118, 14.0123516535018;
  -7.310328839899075, -2.140267823675395, 14.37286603516336;
  -7.153647318976233, -1.521674132733129, 14.0964375990028;
  -7.050199613368411, 0.07911821175037727, 13.9358863081062;
  -7.116320821285224, -1.378435816152379, 14.07760878293111;
  -7.060284749759736, -1.191940267772563, 13.97449902660798;
  -4.733276851656188, -1.92376678213037, 9.704508151529396;
  -7.04555926608284, -1.564608713461392, 13.99185940985616;
  -7.056717661232105, -1.455739123911274, 14.06476939328783;
  -7.201984704563626, -1.802307361891189, 14.346646103387;
  -7.136842025102808, -1.647602741677813, 14.24387561381487;
  -3.976733337212383, 0.4015231250126419, 8.382663955452939;
  -3.695562845323938, 0.8982109586849415, 7.876260113479985;
  -7.319281148131545, -1.97361734321791, 14.6544906075773;
  -7.09518122065492, -1.385737095950457, 14.25302061766499;
  -6.848569240856542, 0.1893192136528915, 13.81913454982453;
  -7.434716440377432, -2.388001001199835, 14.99535761033332;
  -3.664201663626288, 0.8904675087733639, 7.896888758408102;
  -7.110354213624141, -1.257866174867958, 14.42048521545296;
  -7.071249331389292, -0.9181296138563255, 14.34873372667231;
  -7.190112879287979, -0.5911316162666748, 14.58361589883041;
  -3.636189359131167, 0.8518389180601516, 7.867663810045761;
  -7.091082575731558, -1.387476064054499, 14.41587697413286;
  -7.247520732743324, -1.858870241436887, 14.7157793362678;
  -4.712010656533588, -1.864724738316347, 9.909464670574895;
  -7.12510998299121, -1.564846295004009, 14.50110653074986;
  -3.649645650696316, 0.761889456944594, 7.930674050824734;
  -7.139067578387446, -1.660345077448644, 14.57082942448224;
  -7.077123512297268, -1.223810077784544, 14.46178601854479;
  -3.6188373423273, 0.8227310588583701, 7.895004455109601;
  -7.012648098961249, -2.32947979220405, 14.43565143863251;
  -7.09798723959986, -1.248906350239933, 14.61608013372303;
