m=[-25.30612775214764, -7.583039730258935, 30.93056517206965;
  -25.00764937741698, -7.217734116227178, 31.13231567121022;
  -22.39567189413297, -4.418737730615035, 28.02424226244073;
  -25.12356833081877, -7.251606910094717, 31.90191659808833;
  -23.50010597436501, -7.303278452483434, 30.05128097635748;
  -23.58268059889615, -7.113939111989512, 31.30252931897935;
  -9.51317744210504, -0.8666802594258338, 13.2815070915598;
  -6.415630883278655, 1.954399231479629, 9.377205631264518;
  -9.388472195637885, 1.504096796391213, 13.30045032726826;
  -9.051280530766503, -0.6460888784524214, 12.99662403731128;
  -9.189571440155264, 1.948849566452866, 13.26621400642756;
  -9.063763888797819, 1.965242863863899, 13.25175233996584;
  -8.595818000070159, 2.003813121019751, 12.63528648119678;
  -9.02240116858207, 1.894974269552545, 13.26876184937819;
  -21.72308898722556, -7.295647504220714, 30.77153329913859;
  -20.59024896743381, -3.745329166773298, 29.30853669583914;
  -9.039236527482425, 1.894637591221932, 13.50218209151383;
  -5.965636991733128, 1.981675977229112, 9.282677363387721;
  -9.130449235046969, 1.917207617265937, 13.7314708522981;
  -20.87058762971618, -6.607386617536054, 29.99568608593533;
  -21.02274657672778, -7.444954988990435, 30.24746877248058;
  -9.423898959354283, 0.7804604837785397, 14.24892808861253;
  -9.4670846036262, 0.7254447359204924, 14.3451387091554;
  -9.490366204868737, 0.8682262678582713, 14.38955167561231;
  -20.56645169615528, -7.355193827614963, 29.94810175804808;
  -20.84524278314479, -7.039171786496832, 30.38841699149521;
  -6.02399693876259, 1.95123162269991, 9.605203481550472;
  -20.65356166601527, -7.197546839129665, 30.33669211171005;
  -16.32742513277258, -3.579947359934943, 25.26200284811308;
  -8.80188699075963, 1.911767813769108, 14.23136630659196;
  -9.538247143385867, -0.4902375480079287, 15.32121748961574;
  -8.244170341084656, 1.914349179282728, 13.40175339588468;
  -9.459244723126835, 0.3137723428075191, 15.2635240751742;
  -9.295535303848309, 1.936895172850788, 15.16240620713967;
  -9.529017762512577, -0.6041504129045469, 15.57264007176491;
  -7.869159808266986, 1.934986219316284, 13.11888447990845;
  -9.317830057509898, 1.824383149919814, 15.4072941941933;
  -18.5440257854653, -4.732876264534264, 29.83261240585359;
  -9.372504078547417, 1.618713808110699, 15.63223573840394;
  -17.84559682775274, -3.802526171394475, 28.97739890789261;
  -9.268419380031038, -0.8056355367067005, 15.60514401244549;
  -7.26662549629567, 1.869993462767753, 12.52903598477574;
  -18.05003025765802, -6.903494080433588, 29.57651737115915;
  -9.175984632480267, 1.543038903916759, 15.64230732546192;
  -17.43272256700045, -4.536703527944013, 28.7426594920053;
  -8.979311322510098, 1.640083088857988, 15.55619942049566;
  -9.06359309629925, 1.813631595977338, 15.76656842476325;
  -8.870098507963638, 1.948939591994996, 15.47922087899154;
  -16.63058900495419, -4.70093500580916, 28.18590303468889;
  -9.145652159575986, -1.074571752112386, 16.14299004969277;
  -9.102202849875015, -1.132355419291315, 16.28186849809864;
  -8.857416112073679, 0.01917425787266847, 15.96249276511495;
  -8.931171823024302, -1.554450181186229, 16.09727826274911;
  -9.097225653420374, 0.3498166700720438, 16.43711327939194;
  -9.048873944753607, -1.565891185872968, 16.49845404749841;
  -8.668663577940517, -1.345358951760722, 15.91256421500504;
  -7.375503069618715, 1.936117627286927, 13.80174908379037;
  -8.836354730729097, 1.827206526926628, 16.52706159094532;
  -7.010570775769135, 1.912133459668448, 13.42978726516772;
  -8.583144680893561, 1.371827688840354, 16.39038797486872;
  -8.080661434982508, 1.806370176874016, 15.65398319730879;
  -15.19792551159613, -5.242657336802299, 28.54165383340319;
  -7.394766688853197, 1.854843957500535, 14.49943057057298;
  -9.128321418000954, 1.810586007350393, 17.79501005380576;
  -15.29426808166352, -6.438753486341489, 29.09257081967342;
  -8.187893125779343, 1.854658813341167, 16.10941620829882;
  -7.01571128671613, 1.926331882590438, 14.14067124305524;
  -9.147976118932588, 1.77446304329246, 18.11993280626039;
  -14.42112976616885, -3.888430717852871, 27.92956508593064;
  -9.102488361193212, 0.8809893187335405, 18.08674912077369;
  -9.03006443824331, 0.4739687881035765, 18.05381342630155;
  -14.7799132573071, -6.98658698654275, 28.93399753988892;
  -14.7506355139061, -6.974104746770267, 28.90054200908224;
  -7.770669191182547, 1.825592043974126, 15.80367545777793;
  -8.85144820510091, 1.631957380111256, 17.91807172877986;
  -6.583634924533651, 1.833093880866753, 13.72440115426306;
  -6.31783083217838, 1.904750962537816, 13.34581588646855;
  -9.14623835146417, 0.2994255668621205, 19.08064075952346;
  -13.69966965564874, -6.370716067920474, 28.03745075568517;
  -8.94187668413475, -0.04765506891441093, 18.83420977469535;
  -13.78062608741701, -7.043087462773709, 28.44930430936693;
  -13.85330676306221, -6.741902210706005, 28.59843952509659;
  -13.2401478847443, -6.145705432587624, 27.70465578199003;
  -13.54620903856386, -6.502220159243196, 28.33611449756917;
  -13.73925712973121, -7.022979789449679, 28.73747967891158;
  -13.48310709114453, -0.8426330649861166, 28.54828195554325;
  -9.056871048551972, -0.006323944789147411, 19.55543381137962;
  -12.7679548256141, -5.133397192287388, 27.20129521388777;
  -8.178277688122241, 1.77464757777638, 17.87983671252446;
  -6.273215020219219, 1.877097366375803, 14.00859989751858;
  -8.58109440359296, 0.5057138020216786, 19.14155929825238;
  -6.107976648603072, 1.863291477064204, 14.11121797616064;
  -12.43044912749937, -6.280377094713023, 27.60246446019877;
  -8.479702419428959, 0.1057846190495509, 19.33971968909379;
  -12.08270531872142, -3.506756075599049, 27.32541040459936;
  -8.392610623115825, 0.2705261196141257, 19.39003740212791;
  -8.364711728476642, 0.3749464305539882, 19.40591819825338;
  -8.406786020734721, 0.1957654865935692, 19.51687156725072;
  -7.761362938574376, 1.756110894547795, 18.17121038948302;
  -8.230060284706809, -0.08775359107076711, 19.23578478386456;
  -8.167219823860402, 0.1713151731246341, 19.15230637891045;
  -12.12315656580567, -6.948253915624774, 27.93209160092483;
  -11.86379244484465, -6.504367984119682, 27.59370700854406;
  -8.219605450835719, -0.1149018231674634, 19.68369350613289;
  -8.371451547270734, -0.380294514888764, 20.12076830233853;
  -8.292712036569565, -0.3299982192617263, 19.94891545767869;
  -7.242314037572602, 1.716853699947026, 18.03640242935289;
  -7.985159802131782, -0.1938262964802944, 19.92954874714521;
  -8.134181759990049, -0.474595526932052, 20.29705319977422;
  -6.09230332228133, 1.812194804861347, 15.49880659774932;
  -7.668607964057973, -0.2497888342849519, 19.241177616162;
  -8.315991562598446, -0.1502164196905532, 21.09717963506987;
  -8.005112076992413, -0.2481716008772056, 20.38910018416179;
  -7.752542850879008, -0.09342036684392083, 20.02731231240492;
  -8.703446467080488, -1.690669653122289, 22.51404144256157;
  -7.56438781446119, -0.214512025233045, 19.99767462309176;
  -7.279935602704791, -0.1229622833177434, 19.55834797066505;
  -8.184750906791171, -2.576569290460574, 21.93073091726604;
  -8.14858746638304, -2.698202669583106, 21.89826332484051;
  -7.27323708680401, -0.2154458102437213, 19.7840609615186;
  -7.128660277221693, -0.06579551232810571, 19.51085138744107;
  -7.086253614896021, -0.01915444067178129, 19.59871985877106;
  -7.349856670680916, -0.3586422533738903, 20.3049063640397;
  -6.914016940374723, 0.387277602741924, 19.22713717103594;
  -7.400247255485142, -0.4545189234782682, 20.56354304139121;
  -6.037818905854745, 1.831434493499967, 17.0259929072057;
  -5.416451453971519, 1.835517332094196, 15.46358065846961;
  -6.941979213212919, -0.1940750347641091, 19.7834477696327;
  -6.814194290237941, 0.04019075381931803, 19.48408604069541;
  -6.934748716617034, -0.2942559966993635, 19.85690174622727;
  -6.664931085090981, 0.02805825147689507, 19.35926810631129;
