m=[-3.702056123300127, -1.033235649315109, 6.13495570435737;
  -1.40315912825252, 0.2045623476229451, 3.901179293466485;
  -1.376147006043907, 0.164451442326264, 3.962941448935802;
  -1.370895149624715, 0.09852401458843635, 4.001389436284259;
  -1.325294217664254, 0.1956510827555855, 3.915344385804678;
  -1.676839394857572, -0.1639576845011621, 5.376709203604233;
  -1.681065803483298, -0.3778769982741448, 5.391182727303908;
  -1.665198440076225, -0.1849977885909624, 5.36305229287793;
  -1.662300148697914, -0.02277796626010199, 5.396216353341136;
  -1.68404846318496, -0.05942486928906691, 5.45642736550536;
  -1.665800215764011, -0.4020853235253145, 5.410231224872043;
  -1.630927223499345, -0.3685460882975711, 5.35661294739423;
  -1.641159381713484, -0.1536181930581233, 5.423387697624749;
  -1.634399258882882, -0.07147542570464059, 5.419306191778498;
  -1.644083411453933, -0.4519238013602221, 5.443929054820067;
  -1.583279171904819, -0.4563549143305704, 5.327271606016083;
  -1.637279613851683, -0.8680643086995368, 5.474928626401154;
  -1.656985887970776, 0.1007243572107366, 5.633084145577831;
  -1.564733331909816, -0.05340784589292902, 5.381662928562578;
  -1.517682244454579, -0.456863978184733, 5.464863128125732;
  -1.479658264338997, -0.5037291626885053, 5.447466624590706;
  -1.452544900444826, -0.4372866914845868, 5.561700887108682;
  -1.340697998103579, -0.1501684625972599, 5.322701815890098;
  -1.304380024607431, -0.815130294775532, 5.239900731167691;
  -1.206339106374454, -1.146027692367175, 5.596065065417002;
  -1.071482312717979, 0.1507323038822725, 5.45124585473917;
  -1.103051814492463, -0.2162791539264192, 5.724431495594802;
  -1.069829098395016, -0.2337159268054584, 5.672871741363498;
  -1.056789367865139, 0.04593567124854797, 5.663615168595335;
  -1.062247782137684, -0.4718697733788262, 5.681015793958807;
  -1.060710864394967, -0.5120931495415473, 5.692634365846937;
  -1.004608026735379, 0.05155297086820982, 5.541203125297156;
  -0.9480978055833229, 0.1558123333339225, 5.862514981569468;
  -1.302296717066918, -0.3191176034959598, 7.877334785176237;
  -1.251733795072478, -0.02284034321213386, 7.67792317560971;
  -1.105423961204894, -0.1034731138936488, 7.478646628417388;
  -1.096286839283883, 0.02310389797891357, 7.494381769421236;
  -0.8943205553153369, 0.185968092981564, 6.449160656164063;
  -2.017518808633338, -2.540531787258047, 13.24054101588732;
  -1.739053642499569, -2.494616638287774, 11.95012646411231;
  -1.735413917141074, -2.513537894247553, 12.02721917542694;
  -0.7998227152490502, 0.2461444236420305, 6.167700446026785;
  -1.650861151530193, -2.092918302944063, 11.54405786586942;
  -1.123567769166069, -1.341504845392319, 8.19557380376064;
  -1.645434536188303, -2.333085053079253, 11.58851404706974;
  -1.681673652130272, -2.58423833497489, 12.04740298140262;
  -1.606770870994511, -2.213180725629353, 11.81100564385239;
  -0.6315292849388509, 0.2632948940190932, 5.393768963657504;
  -1.589761898824841, -2.618073954251214, 12.07612967402325;
  -1.582464747875885, -2.735369871537893, 12.13762263553077;
  -1.231401722419963, -2.574476523812056, 11.82473938429158;
  -0.4506817718075884, 0.07857530835706726, 5.245682183341328;
  -1.185525620368522, -2.600720985605555, 12.13594826351116;
  -0.4344035427223477, 0.114081584051997, 5.195084525043407;
  -1.011905521915556, -2.582194432294861, 11.71527119895601;
  -0.3261384188420298, 0.1076892631282328, 5.242833600013743;
  -0.268915056580551, 0.1298728080412484, 5.214769000855911;
  -0.26116387448766, 0.318435086781027, 5.347444212172995;
  -0.2591591047079468, 0.0116241846151989, 5.37346910550207;
  -0.1044270452516444, 0.2976959825823223, 5.894741690044195;
  -0.1568926921458127, -2.392999893898193, 11.39685736243238;
  -0.04147552216973776, -1.945979945434857, 10.91592831402962;
  -0.02676781379286124, -2.152927607209072, 11.36742882084375;
  0.009850751003516059, -2.562231783141641, 11.15894532768136;
  0.0891783684634939, -2.284416043767831, 11.58308468357062;
  0.1473499851923455, -2.109429065143887, 11.32075677797071;
  0.2926881556674217, -2.052142002167, 12.07452387954202;
  0.3829480200261665, -2.659996823134855, 11.68485633002478;
  0.4486288774833677, 0.2381785956296025, 10.64565593458545;
  0.5487587839362356, 0.1793243215965112, 11.07399291615404;
  0.5392981365783276, -2.373550435682673, 11.24967299231444;
  0.598360723581601, -2.674589214345553, 11.373714096269;
  0.7112296292874971, 0.0653630024650894, 12.25509420322804;
  0.6636860440856727, -0.8595546299411208, 10.79746895849306;
  0.7303939186798116, -1.989757298597976, 11.9815416808644;
  0.6919454352332987, -0.1696292680545739, 11.05211236416794;
  0.7854232941714953, -2.427305297831172, 12.69741191902313;
  0.7048844216043423, -2.002067876028361, 11.45495370529727;
  0.6685036103353979, -0.4744294885516392, 10.13544857790285;
  0.7831147444818861, -1.935838968589514, 11.89378302990155;
  0.8231663446532024, -2.225585240617499, 12.05923832991909;
  0.8021404338770257, -2.044593458682751, 11.73292614948449;
  1.020288832032153, -1.566900207534588, 13.53464451387669;
  0.8941042911436848, -0.2978103288766956, 11.54294538876494;
  1.117124863992348, -0.08114416697513603, 13.94075703412255;
  1.089019727993732, -0.1960262198427202, 13.49033040004641;
  1.163317523800208, -0.9534910315259263, 13.94893915539242;
  0.9824691135157164, -0.6328490111596677, 11.79251397684482;
  1.191173604455499, -0.5335399332438786, 13.89993494026003;
  0.9867119886610526, 0.1569169110889158, 11.39708777198523;
  1.119097176713479, -0.3885388569399863, 12.61525613468392;
  1.030202789752755, -0.7246800988352479, 11.75629214962983;
  1.115605279511518, -0.09365171488962851, 12.21070582157874;
  1.468201885090709, -1.965300237029688, 15.93609347197248;
  1.373555723125433, -0.2773268617914327, 14.59435731281027;
  1.266067582028606, -0.1355912319388965, 13.09897177562456;
  1.491200822245743, -1.577184643397725, 15.03764005379938;
  1.636241633044215, -0.3749399292046977, 15.86866456616762;
  1.6045593773451, -1.101082599378984, 15.57629355912823;
  1.702752676204062, -0.6383665581111311, 16.0453657840215;
  1.759945334941395, -1.452690417563208, 16.36404589072043;
  1.179214268704553, -0.01494269025600583, 11.23538533629328;
  1.173714701595271, -0.08157855815790455, 11.09180306525368;
  1.757334629586601, -0.3809285177709412, 15.93883737380255;
  1.622290504733569, -0.2607480395241654, 14.72991627980514;
  1.271294235441709, -0.1390844492526625, 11.44634027085716;
  2.195945725468099, -1.068392411589941, 17.8043348835034;
  2.389221204648754, -1.346721711129574, 19.00670646140602;
  2.868883456635953, -0.8131610457604338, 21.25279967337303;
  2.851426058901045, -1.609231593005539, 20.99268779437658;
  2.932216553185818, -2.117600979719124, 21.41223641678654;
  2.859164943156058, -1.205570993121815, 20.60847334053362;
  2.798844773242875, -0.6982674665044321, 20.08722341913587;
  3.136240427053419, -2.603792688406273, 22.16678093892304;
  2.785485853956156, -1.411554485209141, 19.6329273731174;
  3.377539142597984, -3.157203948102296, 22.75947858217838;
  3.090342848765526, -1.25413843037146, 20.37650417559111;
  2.754673269977106, -0.8335714140853676, 18.21921771858684;
  3.674062665183089, -3.265898224374269, 23.85008743792945;
  3.226297479147699, -1.867426556579996, 20.67695977417933;
  2.594729704251206, -1.301516082229212, 16.50366122760843;
  2.776591253778045, -0.8843161626794095, 17.32619427988978;
  3.345995583033844, -1.849278378464768, 20.24762486038195;
  3.413596180033873, -1.947863276689986, 20.56001867208378;
  3.608532219643764, -2.114773182670282, 21.00853158915679;
  3.500798511281114, -2.684297511407012, 20.384853039973;
  3.585086446328663, -2.316205003263502, 20.65672513789687;
  3.068558521371933, -1.236034573135096, 17.40832512490145;
  3.377971183103656, -1.904155582385216, 18.79047923011594;
  3.627215985116241, -1.749381967599924, 19.2332071908185;
  3.526682761610433, -1.66588333407728, 17.29963704575869;
