m=[-9.298252334501733, 1.57250152412977, 12.30641968341715;
  -28.46970259630581, -8.167171151820659, 35.49713772927749;
  -9.18057763752272, -0.6199996105227386, 12.29821691977401;
  -26.42330238415367, -7.914231435063535, 34.41268102660589;
  -23.81098365607521, -5.636897028495789, 31.48364587417791;
  -9.634844416983071, -0.3751427420345202, 13.37902456186893;
  -9.390211496697013, 2.023727683162852, 13.10943503147506;
  -9.62084922107573, 1.887462776017595, 13.42352794991768;
  -9.300804192304605, 2.011116982266458, 13.0917976445936;
  -9.690772760717591, 1.89966851991983, 13.61979533888484;
  -9.669773469373851, 1.891898368455362, 13.80407005802094;
  -8.979547459985689, 1.991140312044101, 12.90894944936115;
  -9.624124815066233, -0.4801823918394788, 14.07566620153894;
  -8.836386178970658, 2.024750531832966, 13.04007899107793;
  -9.140350066515245, -1.276871099542344, 13.41858287269566;
  -23.62359115463554, -7.42358833348352, 33.26785731538846;
  -9.793316075239813, -0.4999911809443942, 14.56628898872295;
  -23.5667125133962, -7.90327445013375, 33.68041832907223;
  -23.52786906277551, -8.154741234410594, 33.88622397160292;
  -9.003431408059603, 2.0162401851954, 13.66567040163453;
  -23.25505910728152, -7.958797219524494, 33.68914037467463;
  -9.773610626361316, -0.009249600252773637, 14.86060213924928;
  -23.49143440756835, -8.359402422847451, 34.25035625326581;
  -9.745883621879385, 0.3736854519134195, 14.85543918520118;
  -7.776547814450384, 2.013611469620723, 12.08048207720166;
  -19.06962479066169, -3.863585583845488, 28.19703990536208;
  -9.667705861376422, 2.082071079235131, 14.87715745879328;
  -9.70261138417337, -0.5717180599159689, 15.00846695632958;
  -9.528340638393395, 1.512428702323614, 15.15075705971409;
  -9.468211985040336, -0.7777340871054643, 15.09320234994474;
  -9.042190559704663, 1.981419587905587, 14.54351392551974;
  -7.775594162340537, 1.981835381663512, 12.66650399683709;
  -9.440871377821617, 1.650624721591654, 15.22234469564878;
  -8.455055448704345, 1.953079922155173, 13.82526003318498;
  -19.18099585093748, -4.816038746598608, 30.21988357171756;
  -9.330728004130428, 1.776372655945008, 15.28370511182947;
  -9.177199071615021, 1.903302655004918, 15.10724476173477;
  -19.93887880605572, -7.578519810544619, 32.01281285510706;
  -19.68138291460297, -5.035937817987208, 31.73753327782108;
  -19.35430265136948, -4.446131230532279, 31.24615705265763;
  -9.451962037241948, -1.057205065540232, 15.83498379110564;
  -9.277613786488516, 1.929799528824152, 15.77440608333217;
  -9.340027442094664, -1.109691040170421, 15.86824898810931;
  -9.223633623955216, -1.55966402812096, 15.78194729974312;
  -18.38642709344512, -5.131611003116212, 30.4695315313396;
  -9.312891694651247, -1.247896548286801, 15.97286669334326;
  -7.414885295465148, 2.012687213329043, 12.99724792846542;
  -9.194206620733102, -1.349605758247918, 15.99775731131019;
  -9.314279195279891, 1.583809878866729, 16.88896412738292;
  -7.77250433334051, 2.018725596633689, 14.3352089307506;
  -6.612439545477108, 1.990416430277964, 12.43691115852448;
  -9.785352084434704, 2.01718128627578, 18.20891787386709;
  -8.384123749044603, 1.984176829849933, 15.86161310887287;
  -15.71152867068144, -5.354881255479551, 28.87481065706436;
  -9.530139317700227, 1.929543420504452, 18.041589278708;
  -16.75449585184363, -7.461424719830132, 30.85649838879957;
  -9.522099094981456, 1.000632483939755, 18.08794381928788;
  -9.446677719494289, 0.5634860461332873, 18.05841785090403;
  -17.33678145838496, -7.241586215819021, 32.30596910538548;
  -9.346744682439921, 1.956824289048337, 18.03357412433563;
  -9.554048019924831, 1.843700104467185, 18.47443071947509;
  -16.60433214064082, -4.424736171320717, 31.46916329605724;
  -16.31747971491928, -7.669412888269204, 31.29879421959339;
  -16.09025301584227, -7.565171675347458, 30.88838392678835;
  -6.268536798206083, 1.960911946015443, 12.70948203405162;
  -8.214218581645907, 1.970964957398106, 16.56159873723589;
  -9.52810277407419, 0.3856005206941179, 19.07486623047704;
  -9.591197016867413, 0.0126039061223899, 19.37804209675666;
  -9.473174069820914, 0.1873899555617981, 19.32435377057161;
  -15.26876969189946, -7.069287335254151, 30.60326720107696;
  -8.267241134938375, 1.919545493980898, 17.14148304469034;
  -15.16689171539262, -7.336804378163165, 30.67220214916731;
  -8.493626880937478, 1.924032215719328, 17.74141479313612;
  -9.348764694456948, 0.06535056240113094, 19.40541273754953;
  -9.229090122335727, 0.3150023540923528, 19.31107561677095;
  -14.63847863298435, -6.762344107940886, 29.9867329624029;
  -14.87663608486017, -7.099261222030821, 30.48045878221111;
  -14.18932267964396, -5.634482362827107, 29.54329107691867;
  -8.972716804966836, 0.6079705026147214, 19.2169824095552;
  -8.852631787113944, 0.3669896270244174, 19.65835600980882;
  -8.946656597451401, 0.2896198137192769, 19.97245713835907;
  -9.128301351024167, -0.0298162307389234, 20.50644382979926;
  -13.34444449385719, -3.801275402006705, 29.5194177268329;
  -8.765760028268652, -0.04778616219171902, 20.20400447053329;
  -8.743672140771068, -0.2750506478650928, 20.26254381382126;
  -8.493023156251709, 0.05226053211545837, 19.79834677010903;
  -8.312610987871839, -0.1271366352122346, 19.98974538723947;
  -8.67219671113153, -0.214666044823131, 20.92847582798873;
  -12.48044306066428, -5.334941345595201, 29.77664705654328;
  -11.8410399724312, -4.218884565961221, 28.52560764705687;
  -8.53187494621662, -0.0644487908245259, 20.91998975579547;
  -8.229924103613351, -0.01738370421042888, 20.49456419181455;
  -13.06947009643501, -1.332316306815437, 31.97013802331601;
  -8.401022405355095, -0.385645524531601, 21.18875242015319;
  -9.78401279509173, -1.811237455345385, 24.55396059367184;
  -7.992359637259471, -0.1496055612913426, 20.37258805550751;
  -6.263723899976238, 1.914382748315797, 16.23400755284609;
  -11.41851599671873, -5.430277721185773, 28.88089829012527;
  -9.103809331359924, -2.467571992175029, 23.46960431131633;
  -8.689085723766164, -2.677403898276145, 22.57895419144995;
  -7.738772323904476, -0.1576058932923692, 20.29221770690062;
  -8.710601276984709, -2.828509888180467, 22.70213157331457;
  -7.448406355493505, 0.2488158041679393, 19.63294572817241;
  -7.552545385225041, 0.004903407249004476, 19.90900318285346;
  -5.44194653818839, 1.921076795632228, 14.71811010756241;
  -7.213487258342776, 0.0530428495644937, 19.22185586182388;
  -7.684853772551335, -0.303368408574852, 20.50030670365384;
  -8.205401196777528, -2.576303984571874, 21.79848313971661;
  -7.554491690478003, 0.5058709837774817, 20.21444424116281;
  -7.418525201564199, 0.6310333384582559, 19.95845568975659;
  -7.566356043577769, -0.3924124648024916, 20.31726499250698;
  -10.83621477264938, -4.133590837268535, 28.63158727966999;
  -8.426134379151602, -2.739859423870534, 22.65915644277972;
  -7.740371221685151, -0.4195174028402155, 21.17466709482753;
  -10.22218217313264, -3.903081650018357, 27.60905864061339;
  -7.398721159889048, -0.1317708416857117, 20.33393691535;
  -6.410794934057027, 1.963366227329326, 17.8828098519101;
  -9.619959826987531, -4.782281416265616, 26.25360184278721;
  -7.164865107046895, 1.044544127026103, 19.92035175005581;
  -9.645039043607264, -4.668300413687609, 26.39809240651626;
  -8.348648444852069, -2.655617217685037, 23.06631016535696;
  -7.276003456684867, 0.1097922494507348, 20.35687364830386;
  -7.175282512997583, 0.2615475037382343, 20.09375347251569;
  -7.120543815756255, -0.06346238298222758, 19.94791147947207;
  -9.313150458740072, -3.834730927755825, 25.72825829449407;
  -8.190958121097625, -0.4764546892608793, 22.86616928912014;
  -8.248859095523011, -2.801696527052119, 23.04390699578851;
  -7.086435727198202, 0.4980432965650635, 20.03100002324269;
  -7.036484001822082, -0.003886690287367666, 20.03782709786682;
  -9.233680837871654, -5.385544254197219, 25.9567374719459;
  -7.061401453705751, 0.3714317209656436, 20.18854310676725;
