m=[-13.72488908002499, -4.11083925168399, 17.87476157104783;
  -11.88524996759371, -2.12793927226849, 16.55738621590792;
  -12.04411032746723, -3.784797845886761, 16.96108526608804;
  -4.764987776504897, -0.2807728207635291, 7.370712765806701;
  -11.96675548255804, -4.013141536077129, 17.10231456615628;
  -4.689550813885962, 0.844778881521322, 7.397217852882352;
  -11.9238810360123, -4.080821760011824, 17.27388866998662;
  -4.704633425567891, 0.7467640900734736, 7.480710523570046;
  -4.656623547650739, -0.3825025115141132, 7.423087018251919;
  -4.629137932771649, 0.8093500277358551, 7.463964970637326;
  -4.545389259723949, 0.8653456823546349, 7.445334279741651;
  -4.511629433382064, 0.935688134467291, 7.426916381836199;
  -4.641765428261397, -0.5191829912638337, 7.776404520989958;
  -4.579901235185327, -0.5441392326799002, 7.78102779584248;
  -4.58977861853907, -0.6150150869643453, 7.872090047819155;
  -9.972530730199519, -2.551703041557558, 16.08136619703512;
  -9.372558034508238, -2.615860150141643, 15.53197100830804;
  -4.591573683647584, 0.3126934338685568, 8.131292703738197;
  -4.592861331572919, 0.9858530854867704, 8.158066001953742;
  -4.411485903966645, 0.9249018709445545, 7.983263591713739;
  -4.224898583348591, 0.9914748826854181, 7.881149932576271;
  -4.63587483726621, 0.9386139585510027, 8.776214803713652;
  -4.642938693416461, 0.2769472236142452, 8.875514701726621;
  -4.551751737613803, 0.9529497873858197, 8.782132725851273;
  -8.226288891603961, -2.803724647749323, 15.11835920833246;
  -8.143309212746823, -2.170035778777159, 15.43351007530057;
  -4.66887209630981, 0.188948372417848, 9.346888126211464;
  -4.642731144475756, 0.03245403016172087, 9.637007351510963;
  -4.520877756635176, 0.1543041748457239, 9.459547046926529;
  -4.403279061794202, 0.2983559876613975, 9.430559117615511;
  -7.36780199598211, -3.403605911869762, 15.09284649810171;
  -7.455744642796953, -3.557946737558442, 15.27593442355821;
  -7.11979208747301, -2.827220428316404, 14.82396974093166;
  -4.354684635615866, 0.09143903593094918, 9.544612860435223;
  -4.29030156385346, 0.2382543995014854, 9.566448558848755;
  -4.176100012064778, 0.1252286336124321, 9.407438144271611;
  -4.405419966488847, -0.01438964525507851, 9.896638335602699;
  -4.093474694350499, 0.03708448217611168, 9.773137272637269;
  -4.122762117744236, -0.03114286543353556, 10.10893171928604;
  -6.263760103803045, -2.677532567893461, 14.94448337700864;
  -3.855184009173883, 0.06960641196186407, 9.594237573259562;
  -5.845407999677323, -2.08268037680828, 14.08185560761409;
  -6.071698265172066, -0.6189556691329295, 14.85240259484032;
  -3.898829456439181, -0.07298052085776875, 9.938147183020092;
  -4.798420845070371, -0.8882939692660152, 12.04211797441816;
  -2.980890454486348, 0.9286573668863279, 7.878421252071122;
  -3.749929429103366, -0.02834929890561162, 9.703512475415238;
  -3.748285828328757, -0.07633664767008255, 9.828565678459198;
  -5.695024272750252, -2.708369760029656, 14.40444772581301;
  -3.656662327855083, 0.002374047907165531, 9.639200853569978;
  -4.282198338860389, -1.319491473573242, 11.12747223420463;
  -3.845599303138608, -0.2283324599654138, 10.11233757696169;
  -3.819294551378226, -0.1928885425671501, 10.06203214508555;
  -4.282334507164081, -1.390561353096738, 11.16089674308196;
  -3.596661340012128, 0.2408430222617992, 9.624010865437956;
  -3.778725046389475, -0.149169501163394, 10.08022074231931;
  -3.575932205946965, 0.3041753416896553, 9.620521942409473;
  -3.783615298899283, -0.1962289108197216, 10.15980667770569;
  -5.193540013869086, -2.730082857183464, 13.64186888831047;
  -4.075776677429847, -1.325288042744492, 10.96038316077919;
  -5.340803130325674, -2.037306877572316, 14.11153933155825;
  -3.716029856003342, -0.2014036729530171, 10.16562292191718;
  -3.578492967759618, -0.06373277491311166, 9.834787483670876;
  -3.530942070685749, 0.05966088657874862, 9.726481891827982;
  -3.616493984912854, -0.1160708753471208, 9.9891288760151;
  -3.51676002174498, 0.0530666314089025, 9.839225591391791;
  -3.497054012949549, 0.1274717400838092, 9.793195053852177;
  -4.065469353549099, -1.293183020529875, 11.23240219014617;
  -3.58238289059638, -0.03192825728969425, 10.03589875102849;
  -4.855684811991462, -2.41386156046991, 13.25153306466694;
  -3.434216075084204, 0.2413608704002054, 9.707388160709424;
  -4.855009455474705, -2.349875676705731, 13.28796987349449;
  -3.457684061164782, 0.06984706168294329, 9.836018469722619;
  -4.781851747714759, -2.456495592114753, 13.19442156176706;
  -3.463410498020606, -0.001913058274606771, 9.862769631864856;
  -3.432433879754964, 0.1805469964307305, 9.813326688315632;
  -3.39962558576875, 0.4062598897454587, 9.790027581018318;
  -3.225872917083768, 0.237390260015541, 9.331724762401883;
  -3.753210441098704, -0.2711574788431823, 10.72317472938508;
  -3.398012607782458, 0.06471756161240383, 9.814726987660363;
  -3.366443191243872, 0.2901611983294372, 9.753092842960999;
  -4.650073144529298, -2.712155113960919, 13.07178902511365;
  -3.848995815681142, -1.271152405512388, 11.00818646782738;
  -3.559402109722866, -0.1697644693088498, 10.31172691797801;
  -3.370041512673753, 0.242199426593054, 9.836527988550898;
  -3.74831202711317, -0.7783566075457628, 10.84722108734689;
  -3.369352006446139, 0.04985475595073681, 9.888242564563111;
  -3.349309262897987, 0.2732945368166183, 9.844030283788708;
  -3.816813431073874, -1.02148979205091, 11.05845312987716;
  -3.745851922346999, -0.4923810005702127, 10.8989272886238;
  -3.268402490881338, 0.4825090743616199, 9.655909738877476;
  -3.237584280600677, 0.4129989032308334, 9.617908817450767;
  -2.596208161839365, 0.9185490464239504, 7.970874153437352;
  -3.245369627762828, 0.4223306303577828, 9.750157851593723;
  -3.645497412355684, -0.294193474839789, 10.84673757755966;
  -3.141832275909235, 0.4861542444683507, 9.555081899906613;
  -3.288729036104372, 0.241224546381386, 10.03308695178626;
  -3.291916631225859, 0.09021343433748952, 10.06033876738324;
  -3.185812140278836, 0.4248503345872342, 9.806728817535401;
  -3.221406154907232, 0.2751336357738242, 9.994283702482941;
  -3.024495853573614, 0.8686979769617462, 9.494087529024407;
  -4.377109104851593, -2.344317720820114, 13.5162985230826;
  -4.365884086768646, -1.736413709515114, 13.54108914323936;
  -3.21164428295169, 0.3041850224722937, 10.26762693779937;
  -4.415738956534772, -1.462865217194135, 13.71722155884844;
  -4.360985598492488, -1.965281067752275, 13.59582569505937;
  -4.187868719971056, -1.0832029775764, 13.18755620558987;
  -4.19305527533219, -1.222024060780475, 13.20052686399597;
  -4.289485269068016, -2.148350487446283, 13.46718730226097;
  -4.659527960656242, -2.868684555890099, 14.57055400081286;
  -4.416365557872279, -3.050170557138086, 13.86976053108155;
  -4.29384127440373, -0.7027357217481975, 13.60091549545479;
  -4.180453371113017, -0.6077388750541702, 13.29200020995941;
  -4.279371155005794, -1.532119219704803, 13.60404536805599;
  -4.23998298610368, -0.2335987692117082, 13.53717440435744;
  -4.182651686356273, -0.7471565717648873, 13.35930903593232;
  -4.179093230334725, -1.081311517927515, 13.34353774168268;
  -4.522671016354018, -3.014673593084277, 14.31836283233382;
  -4.182470252765416, -0.8805554368745386, 13.36943784142479;
  -4.188984363538303, -0.4095897190652845, 13.43178771339856;
  -4.183374214950114, -1.348066700243505, 13.39442467874728;
  -4.532917316212088, -3.22715785115459, 14.39795274508118;
  -4.24971589458808, -0.955268902881362, 13.62885074419977;
  -4.167325726390026, -0.8297007467337423, 13.38973665665308;
  -4.277846837807243, -2.448944313359612, 13.7391844823478;
  -4.121043984999294, -0.3735228709944946, 13.35794082205675;
  -4.189553627523227, -0.1478364085937592, 13.57442826748346;
  -4.286271699201987, -1.595910407197336, 13.84069559202526;
  -4.124896314092937, -0.6901079280060317, 13.39839133062683;
  -4.058477936648337, -0.4617845123156807, 13.25146730695889;
