m=[-6.217652889832141, -1.735333124856804, 10.30374035231701;
  -3.140949265319875, 0.1873548706936408, 6.004288064637477;
  -4.948677849037971, -2.286075167615766, 10.13730216756868;
  -2.94976901285172, 0.1222839327182222, 6.550324332448719;
  -2.509150733362866, 0.001629038591265583, 6.614285302344056;
  -2.49713018407122, 0.01836211751028674, 6.654129236994606;
  -2.472410987972811, 0.1655599119083714, 6.615721626990407;
  -3.8276087680137, -1.820287209330264, 9.681186202757164;
  -2.454201189667697, 0.2087588473296134, 6.602668908828773;
  -2.454099496896246, -0.04370738527620756, 6.744612112754465;
  -2.381301702932821, 0.3471628106479374, 6.620692341963753;
  -2.427733448345166, -0.02163735718284904, 6.80119569184891;
  -2.366299771906325, 0.1663064175602621, 6.688743482726156;
  -2.772140959706717, -0.8817888681115167, 7.659091602798763;
  -3.261880637647203, -1.578784560775914, 8.927638976091972;
  -2.322452618969558, 0.2775362524836006, 6.688052734542165;
  -2.316032330559656, 0.199623958649545, 6.709894409030979;
  -3.249400219271582, -1.669256542608626, 8.965973555423792;
  -2.23555958719091, 0.3300321151098075, 6.604560377744899;
  -3.144145074388113, -1.833822582461752, 8.838484858050974;
  -2.199318548526117, 0.3403135347174188, 6.688666679085922;
  -2.095583643659053, 0.601895112420076, 6.578172198114635;
  -3.038873322993115, -1.495334345870463, 9.317585828034529;
  -2.927823191570619, -1.319425473477562, 9.127792990719076;
  -2.919194806642863, -1.362992313657766, 9.136787811774347;
  -2.901914331309865, -1.453397943374089, 9.110795674408845;
  -2.945089547074014, -0.4819972365568008, 9.328689976287793;
  -2.910590181960008, -1.042062255630404, 9.252714814625294;
  -2.843151255292095, -0.5078785670445459, 9.080970423438386;
  -2.864086257810346, -0.2800440832212611, 9.183562235901128;
  -3.017622281676827, -2.148361145548139, 9.584905257083705;
  -2.906425316896302, -1.663844925234867, 9.334582355798629;
  -2.816481797747933, -0.2552800627772779, 9.129336478247598;
  -2.844765173416696, -0.1003829772622228, 9.217225560902786;
  -2.825551143041275, -0.4727234568629585, 9.177888862278437;
  -2.813755662740384, -0.6791749966578409, 9.138592132272338;
  -2.776560593461389, -0.315924516427303, 9.0658376131101;
  -2.754347435674929, -0.6224091170986875, 9.04637124390017;
  -2.797115945243611, -1.119542889821035, 9.160872048761753;
  -2.751747426198047, -0.1203392118848534, 9.124185405711948;
  -2.775391983172849, -0.7628966307682402, 9.18994556507799;
  -2.731793746465936, -0.0276513666712172, 9.097323193546178;
  -1.944948980836312, 0.3856015174262331, 6.766352574207986;
  -2.910307433505547, -2.119004395536286, 9.555340310371864;
  -2.743868251271494, -0.6810946005832576, 9.212622758691973;
  -2.787200111047169, -1.477737166660041, 9.32016837342907;
  -2.729631197012279, -0.7867725623952542, 9.18441108098742;
  -2.675262461216067, -0.1557771510051831, 9.055719306857714;
  -2.785109229462124, 0.1693003778341231, 9.468248799269365;
  -2.656330136522148, -0.09066648462007368, 9.136044545236761;
  -2.597060667218757, -0.6460245786168603, 9.203471280818514;
  -2.557479174263382, 0.2376560116025824, 9.121824205558916;
  -2.615275169224121, -0.8811259930714916, 9.350391757427968;
  -2.573377358072902, -0.7746571599394432, 9.266205156099847;
  -2.529939809118338, 0.1390725024357746, 9.321801392445408;
  -2.274182933888115, 0.2111405753251974, 8.60050344367925;
  -2.448185339645245, -0.7370229085425806, 9.373944014495976;
  -1.959698641442878, 0.2523077641747845, 7.833003812913042;
  -1.918375512763608, 0.284053885264874, 7.736772500798676;
  -2.310427707644716, -2.006314432517593, 9.171898338556281;
  -2.212803731972375, -1.382820439055629, 8.889182350505759;
  -1.96332646274116, 0.4405900917322607, 8.281277751256162;
  -1.725147495743123, -0.8275067432403251, 7.423663623118466;
  -1.870303113290148, -1.240748358660101, 8.088261057036965;
  -2.173098890214908, -1.714508881391468, 9.278016259045606;
  -1.836640924540632, 0.3913649780867161, 8.092775033255151;
  -1.838699722616857, 0.4547030672515431, 8.126468383802047;
  -1.840602453522978, 0.524786621966174, 8.165296577473459;
  -2.0201349766658, -1.436263844364164, 9.861583498885638;
  -1.898675026784635, 0.07231403131842328, 9.694002165746436;
  -1.885488876462993, -0.9089272953227967, 9.692567704861066;
  -1.91805549788037, 0.1314953311465062, 9.909872981208185;
  -1.857911931763276, -0.3165939899698759, 9.633304461652804;
  -1.823500725537802, -0.1115347279687546, 9.528441612697579;
  -1.770781266669393, 0.1650414171880522, 9.405709073810453;
  -1.841982890446968, -0.4024014106986416, 9.767291526252194;
  -1.805231269583703, -0.8019165437658891, 9.654571679702547;
  -1.803764543992774, -0.8708268175338354, 9.680462768604238;
  -1.805749982558018, -1.057704649469328, 9.73631152240328;
  -1.692318343941129, 0.08326205034006692, 9.439109556997916;
  -1.701925971645983, 0.5392453958649645, 9.527867153267215;
  -1.755051218494424, -0.9319847401282572, 9.720618949526196;
  -1.661324472283832, 0.5012843004948343, 9.741391966738547;
  -1.468208545267339, 0.5847682658825462, 8.895869731923465;
  -2.177800992044163, -0.207439934837186, 12.77932122605592;
  -1.682434720840096, 0.2174505604880203, 10.25800674473294;
  -1.609675337115878, 0.2645373385626418, 9.953346293738862;
  -1.623145681348234, 0.365411357024908, 10.15489074604028;
  -2.257674015824131, -0.04119569958527317, 13.8481901801367;
  -1.714065872335354, 0.2293862987945204, 10.87311685019376;
  -1.582914164673226, 0.2488750194874911, 10.26566838792938;
  -1.462789772243419, 0.5577048848629735, 9.597046090987289;
  -1.577998344348201, 0.42805316751378, 10.31145587434038;
  -1.979153798723377, -0.1852585194599318, 13.38978745115022;
  -1.548984556383225, 0.3221011775882887, 11.17010024946826;
  -1.45629978187731, 0.3085598867116162, 10.93819863470071;
  -1.368631831386831, 0.4211947058917295, 10.55397777026443;
  -1.378702539644442, 0.241906521246935, 10.84292506184322;
  -1.079652747487981, 0.4501248992036775, 9.221104420347011;
  -0.7533043420704105, 0.1313368426850219, 8.768038587368221;
  -0.6273294718835323, 0.2071410317300985, 10.0846261693043;
  -0.4534847889662146, 0.219010953480746, 8.793923441591831;
  -0.4337756792900908, 0.1635707868145744, 8.972120473105086;
  -0.4026157885980613, 0.5405449024030524, 8.871362367882007;
  -0.2672795204537352, 0.4991842391505607, 9.814090053530086;
  -0.175120577791239, 0.4992259653648103, 9.885279892800462;
  0.4255996797694881, 0.1844918219856352, 15.52523351837055;
  0.6877985257286994, 0.3651545746522882, 16.32098784700793;
  0.8494201640078751, 0.2775749548253407, 17.14136184133432;
  1.1064324566669, 0.1016826977034445, 19.06477658916656;
  0.9731743072956535, 0.378140457159754, 16.27332506990387;
  1.067277837680738, -0.2616413797940747, 17.04711670199346;
  0.4704103983958169, 0.5082281744817561, 7.748379038777292;
  1.772351064776782, -0.1287375792754645, 22.11741620799764;
  1.813230790848992, -0.3263859859429466, 22.46156045782039;
  1.589221342261158, 0.2527340368110853, 18.35641538260914;
  1.858828480638026, -0.6453658432376702, 20.95403141178491;
  1.807134115319136, -0.1517034851334634, 19.77974061933713;
  1.801034492861038, -0.7432311657625497, 19.44987418425542;
  2.252454618682408, -0.4547803632643495, 23.93286779886898;
  1.963054871692717, -0.2102360349437127, 20.31013251054414;
  2.715261682751609, -0.6221941811913342, 26.33326030996353;
  1.95124520001614, -0.02472566132479902, 18.59118591895762;
  2.038146635361244, -0.1416605445950091, 19.26083150088353;
  2.562626826472779, -0.4118867237927587, 23.26789098511432;
  2.739161094975939, -0.6035461254172556, 23.96344177461379;
  4.532936359554673, -1.91131910798895, 32.67279082440792;
  4.499719154473923, -1.122608700565945, 32.29434688318077;
  4.861065436689435, -2.169685579599852, 34.28179753379887;
  4.591708094843622, -2.32686378458616, 32.36371544180854;
  4.827151540597456, -1.314218689964333, 33.58616953279619;
