m=[-8.91884975791487, -1.582792976264291, 12.34725327923832;
  -12.08076647469865, -3.79731323749491, 16.61677484246338;
  -4.685238095828956, 0.8332802912419859, 7.081130190381904;
  -12.08179086583912, -3.95138715015673, 16.70839194107185;
  -4.569403171328957, -0.5989418991811529, 7.39169416188553;
  -4.593111657875002, 1.047071492717985, 7.697544833833783;
  -9.447964611375896, -2.40726238623835, 15.20049976988912;
  -9.427979605538498, -2.617841747470407, 15.21406448614632;
  -4.678200754461316, 0.299826459038567, 8.487050645395463;
  -4.62243774551327, 0.9896042584624739, 8.452272130988398;
  -8.313087454457028, -2.825266669087148, 14.86422230205811;
  -4.76466656263852, 0.2152602689660563, 9.082935218858445;
  -4.752050465469552, 0.05358514875451723, 9.221051088674129;
  -8.50753500518092, -2.246839463342736, 15.72017848283996;
  -4.721031061684618, 0.05510560151850741, 9.343751021797125;
  -4.59656894173836, 0.1810605262875351, 9.166540080860361;
  -4.674125007862461, 0.05089064824294627, 9.456836644931702;
  -4.463426435226969, 0.3305107475769373, 9.096906567973036;
  -4.491548509308702, 0.3292162374798093, 9.163931934235176;
  -4.45853733727152, 0.3271205465144196, 9.233056392773145;
  -7.452561221264259, -3.439658618935624, 14.89486792278912;
  -7.249159683265463, -0.3453528711990093, 14.60417784056775;
  -7.161881542213267, -2.82730016276318, 14.52703198124372;
  -4.395785758464172, 0.2079828440210716, 9.313598592417973;
  -4.351904476648959, 0.1669297344761828, 9.278076245363449;
  -4.500817245169317, 0.003268888998175404, 9.567028614698932;
  -4.278252844417134, 0.08980888002391932, 9.501588792848544;
  -4.234331048733693, 0.0540685851449912, 9.42630142732629;
  -6.720023657647026, -1.288795579537889, 14.46209370104923;
  -4.113611991498485, 0.004674076116194766, 9.663411456448642;
  -4.092798286152607, 0.02150502990804344, 9.753753208205264;
  -6.223680289456097, -2.634497189251082, 14.47510107199348;
  -3.945722316913933, -0.04047844333270755, 9.624978998264366;
  -2.796073430554288, 0.9844555009278575, 7.177266045257147;
  -4.826537921424856, -0.8433887120958957, 11.70326833304911;
  -3.814882236775746, -0.04793505349446423, 9.571924300648989;
  -3.722194586688889, 0.03293295542669228, 9.378662450919871;
  -3.691600236111245, 0.05740411536357993, 9.385388982944793;
  -4.312627520260177, -1.306480453397082, 10.80281926816467;
  -3.642829637030585, 0.2746524203663245, 9.320055732434632;
  -4.30113204856599, -1.374633407561942, 10.8101353059986;
  -4.2952088839474, -1.200273040325939, 10.82519486989172;
  -5.72419316855231, -2.703223099797981, 14.11166787017846;
  -3.669123713544674, 0.2123425965243989, 9.420406005614339;
  -3.635842008873326, 0.3404331390188472, 9.345580294719468;
  -3.866704121397968, -0.1226906104312775, 9.877559022161289;
  -4.218972893888756, -1.025837750340263, 10.69951122294531;
  -3.677391036375557, 0.02566852670857853, 9.476209942751495;
  -3.876542145662482, -0.1712019544923857, 9.964833456580708;
  -3.62075582612709, 0.05931656029942741, 9.471170510000656;
  -3.556979741920711, 0.3034778122502204, 9.359772539373866;
  -3.636063072493692, -0.03299505989707414, 9.565360977858886;
  -3.742803623291744, -0.1727493792320645, 9.822623090194231;
  -3.537596023874535, 0.5485480036808499, 9.393236709920247;
  -3.596125126116633, 0.3567397989760825, 9.599541977325471;
  -3.554359672349706, 0.08210306454625352, 9.517531131608747;
  -3.557093408558059, 0.1593431657623377, 9.52586158961085;
  -3.618755666419208, 0.04293997821643003, 9.675357423763673;
  -3.647939667408868, -0.003718445543812536, 9.772914625126653;
  -3.519868692910815, 0.2792274841862688, 9.511177259129209;
  -3.49275972745553, 0.06307767528081308, 9.467167097120889;
  -4.106760748302199, -1.280750111922669, 10.95081868835106;
  -3.801667452628537, -0.178540709994833, 10.25432405594032;
  -3.545642299378917, 0.02858458482268711, 9.658090604618796;
  -3.502541305344018, 0.2156590311003086, 9.578252442098174;
  -4.874599956566095, -2.404049718940939, 12.92672828766098;
  -2.83690687132465, 0.971495008095164, 7.964115374552244;
  -4.886901265893186, -2.344063255380588, 12.99721463867609;
  -3.428481113595851, 0.443289041029584, 9.443348528706171;
  -3.480534472696134, 0.09868022105623599, 9.622341365839246;
  -3.445387909268558, 0.3279325877219571, 9.543032360043577;
  -3.533241542379904, 0.3925575439505816, 9.792020378546209;
  -3.460514479021066, -0.01062928992413001, 9.646246048940547;
  -3.824165098571364, -0.7766652782338362, 10.6055326242618;
  -3.302728020691201, 0.5201959186143718, 9.324305467618382;
  -3.42871070349683, 0.3100367293717374, 9.642075316287214;
  -3.806804607344378, -0.7590901992474755, 10.60721418462961;
  -4.717353710071601, -2.736111858422269, 12.89040009679387;
  -3.870143769405418, -1.009033659894824, 10.80944826555953;
  -3.82599690340363, -0.4703928318115517, 10.71605007142054;
  -3.48720253715412, 0.1396529674995433, 9.904858935978774;
  -3.308758762382579, 0.4657239706772635, 9.505149151118438;
  -3.813910293770031, -0.9613618320418175, 10.80883764668337;
  -3.737203151205512, -0.2664111683702071, 10.69981474825923;
  -3.277398970994846, 0.5403133178933229, 9.523612210950558;
  -3.351217358515554, 0.4507027761744636, 9.742587905597494;
  -4.757064514157226, -2.999670655311535, 13.39968381235491;
  -3.365465298498329, 0.03719088885063322, 9.79953483179497;
  -3.5100652331217, -0.1146104872852695, 10.19360282648774;
  -3.386169313629733, 0.1718682853685174, 9.916009453044149;
  -3.251520001875863, 0.4693790537693117, 9.571474846422055;
  -3.13008076919009, 0.9335434827494246, 9.370195544577133;
  -3.344333444502289, 0.07230432152387631, 9.938133674939735;
  -3.298751449857016, 0.2952381238540461, 10.02797945839446;
  -4.600155991015138, -2.240618960136734, 13.72904573283944;
  -4.418111025600942, -1.928978942041954, 13.23048105800629;
  -3.169015564025947, 0.4214035456754833, 9.809499693814255;
  -4.387060678103323, -1.715205628143266, 13.23064221027303;
  -4.396061739518681, -1.952939653789989, 13.33034649932912;
  -4.25938035252653, -1.063538355873562, 13.03852493060766;
  -4.408583152126845, -1.780644188908212, 13.45119331552841;
  -4.362430744556146, -2.1617595517295, 13.32677329302667;
  -4.471783020365395, -1.260469937222519, 13.65731729805822;
  -4.262159626320316, -0.2389431698663788, 13.09956867571109;
  -4.609614575995058, -2.811137556500293, 14.05450058743403;
  -4.402575094382854, -3.023481858345112, 13.51568682012107;
  -4.477220735003375, -0.6901716932907145, 13.77007418672062;
  -4.343620549621402, -0.5890691695192063, 13.39277952062055;
  -4.378152232090288, -1.533448254877029, 13.53623723298107;
  -4.272041529648636, -1.06794836856315, 13.24957467553588;
  -4.14612564102739, -0.06845438788746619, 12.91618215152108;
  -4.309936346420479, -0.8696197426738656, 13.38085668374148;
  -4.221623461344555, -0.7986647570497553, 13.17971782516075;
  -4.474557377321847, -3.174495014617228, 13.89103608666886;
  -4.324077774186089, -1.210365170977389, 13.48769690091901;
  -4.352669253342405, -1.788096386574876, 13.56043314211817;
  -3.132039959747875, 0.4476633905791819, 10.07135803153879;
  -4.40001468937583, -2.498635409955855, 13.76603256040318;
  -4.227225563769459, -0.3372012456267713, 13.3010617226364;
  -4.242711512182585, -0.1080929218847749, 13.35049660252753;
  -4.334822046896723, -1.583482605039573, 13.63182657701086;
  -4.264989464231161, -0.674138374477806, 13.45254142797837;
  -4.181402915965387, -0.8497905954525262, 13.2041584208658;
  -4.204329313750385, -0.9700657115392816, 13.26824407058424;
  -3.965698710023926, 0.07723803725616209, 12.5904195591748;
  -4.168332076659023, -0.4289270750982477, 13.20941008903102;
  -2.904059979406575, 0.9468377545446011, 9.549124501106014;
  -4.164395370603947, 0.03315200835324687, 13.26535024355456;
  -4.189980530733565, -1.423864061289409, 13.32846509208613;
  -4.159505409063292, -0.9019160030350305, 13.26274804979811;
