m=[-4.65159857468226, 0.9778192794309639, 6.588815464319414;
  -4.674677194540909, 0.9936668272921365, 7.297258750129355;
  -4.655031883766849, 0.8573713003150004, 7.277512075412259;
  -5.16559250658958, 0.3941730223648971, 8.379660858005687;
  -9.171881892720677, -2.528763018551423, 14.33277616802431;
  -4.736048243602471, 0.3642117486230127, 7.952153103011459;
  -4.658574877196598, 0.312906954678066, 7.961666110738478;
  -4.674756652498259, 1.013721192241083, 8.037021879233331;
  -4.746971562199221, 0.2278448455835904, 8.551921214795422;
  -7.981357413615602, -2.690409690973171, 13.82396738926942;
  -8.201649509387615, -2.168728881091196, 14.66923870908437;
  -4.609109725240165, 0.2010274942269347, 8.694897900681886;
  -8.213781314114922, -2.151642721404048, 14.71463940610749;
  -4.47804502336516, 0.3479803806144161, 8.62791501185267;
  -4.484781979382464, 0.3464224766524933, 8.654623211691817;
  -4.430872389960419, 0.3196166113188441, 8.596412389488368;
  -4.443640086823107, 0.3439161640378389, 8.708710647708342;
  -4.404128419784066, 0.07166199077564216, 8.776247188607085;
  -4.395361531857445, 0.1278974687262731, 8.827502898605102;
  -4.372905558096572, 0.2852491123591693, 8.803591111870375;
  -4.239084196098466, 0.2436057425610665, 8.611631554525559;
  -7.420815927654764, -2.230892773018427, 14.33575158940387;
  -7.239269770773955, -0.3550297560699074, 14.10940994374394;
  -6.968003248724402, -2.7271262092009, 13.66613207285428;
  -6.95131626583918, -0.976408796199267, 13.76162241099022;
  -4.24927426079155, 0.1079572318530265, 8.949772094432287;
  -6.233057502368374, -0.1652233176875108, 12.65317299983713;
  -6.567418077003455, -1.235218179527015, 13.65382284879003;
  -3.919205727326371, 0.2406242765525787, 8.765840693753477;
  -3.934760576315655, 0.1178560041370938, 8.857276988932881;
  -3.832158759744641, 0.1382573020034112, 8.817032087781373;
  -3.790046447761513, 0.01969489658427544, 8.887576858246066;
  -3.771255260941667, 0.06930101277422986, 8.873791266974765;
  -5.869052698800851, -2.015259003781175, 13.25911446943603;
  -6.177200989221503, -2.590228113288065, 13.89949159831145;
  -4.730071774455916, -0.7853173488313806, 10.99107120533942;
  -3.727442703737099, 0.1731892966486719, 8.891447097293652;
  -3.714659588059337, 0.05072869969005407, 8.868411000384977;
  -3.841176523524839, -0.02863904683797049, 9.142183928508432;
  -3.866482380705687, -0.1769666024100109, 9.259176535909372;
  -3.842152407971812, -0.147693166392161, 9.213199758289926;
  -3.69108605860156, 0.2989319334932886, 8.938512923421573;
  -4.338664191170337, -1.134745374221389, 10.32317640378686;
  -3.657028444996855, 0.3619174635104116, 8.902133869087429;
  -3.683003627330657, 0.2333854130899626, 8.959959368541108;
  -3.88693154589794, -0.1931622201298403, 9.403904878635045;
  -4.278904521129128, -1.277868301632421, 10.2449076083542;
  -3.779129691602035, -0.05711115272759824, 9.178164430151105;
  -3.838196212209422, -0.1014549600655106, 9.320905849774553;
  -4.251203769772848, -1.170137904838505, 10.24107542541501;
  -3.636128121543537, 0.07995932825522482, 9.020605504248929;
  -5.643261848839598, -2.641185007329479, 13.44327329260124;
  -3.587128753511429, 0.3260454457225077, 8.942271721433992;
  -5.694130547713302, -2.566999681199629, 13.59427939629512;
  -3.644049393616053, -0.01296066687732857, 9.095083017593742;
  -3.676081862129755, -0.06895617246307501, 9.237532182416507;
  -3.51642315391183, 0.4742194212219311, 8.937629015676009;
  -3.540361282991158, 0.1040674718312499, 8.994243671164623;
  -4.010529167876775, -0.9634209660828627, 10.05860396206954;
  -3.549319881560142, 0.3692300619080645, 9.069383491263199;
  -3.622856579500107, 0.0278621030319508, 9.238008045076905;
  -2.876663428034015, 1.007291544397202, 7.572578952305098;
  -3.950426351757109, -0.7511314192500955, 10.0458119494933;
  -3.524038007395917, 0.1291901465684579, 9.104763373577896;
  -3.640857968217192, -0.06224827392766013, 9.376529369752731;
  -3.542040146060318, 0.05079479002491224, 9.164649178068139;
  -3.799153718237861, -0.1594670096615334, 9.756361156949456;
  -4.14003419910434, -1.271976244466592, 10.55340595540743;
  -3.52506358572692, 0.2401944892589681, 9.147524838355812;
  -3.559470145284481, -0.01370841545610054, 9.235580644311243;
  -3.438281567663807, 0.4650708774441272, 8.978449163040569;
  -3.415903658255491, 0.8244903268338385, 8.944527017205807;
  -3.440244995620367, 0.4025298229078661, 9.01031599337737;
  -3.444798726869653, 0.3497551153966511, 9.050052619857706;
  -4.844995398270211, -2.247605701818771, 12.30306809077233;
  -3.50287579329901, 0.117364419261815, 9.187318971814943;
  -3.745868078339861, -0.2137523907736148, 9.810635510535334;
  -4.829528106817046, -2.357055558436967, 12.34429748416249;
  -3.433296089086569, 0.3031554793479744, 9.098528521714046;
  -4.779661939460118, -2.269147128205148, 12.25350247233723;
  -3.486935644842735, 0.0127536170842024, 9.225164920401831;
  -3.871982538807704, -1.151352313793791, 10.1509485098392;
  -3.349711658236692, 0.4439947565117358, 8.933595750169154;
  -3.330172037832055, 0.5441491338727478, 8.907223638736605;
  -4.736298391850254, -2.389233535425372, 12.23765869831751;
  -3.45373758237068, 0.104681092043907, 9.21327298516969;
  -3.455737647801344, 0.3392676546066392, 9.222117563644801;
  -3.946692924167071, -1.259148255525033, 10.40006150137274;
  -3.329999868338614, 0.4813118467028428, 8.957014097258353;
  -3.820907199757195, -0.737266825552767, 10.15984467747319;
  -3.814394838234252, -0.270860707439015, 10.17800815915562;
  -3.837383608660465, -0.9792004588366492, 10.24240319432831;
  -3.802886029984178, -0.4450811486874986, 10.16620034113133;
  -3.357062252918828, 0.4935321318864541, 9.145279520335826;
  -3.795512975610488, -0.9331184368973037, 10.27661093210956;
  -3.314835501020178, 0.5724222042594722, 9.12193908061087;
  -3.340424181618942, 0.4708083568665175, 9.213388277310981;
  -3.743603202168024, -0.2492951468889052, 10.22745185785283;
  -3.380846268730631, 0.1481883607637707, 9.41083225692368;
  -3.724963872705165, -0.367024100304051, 10.29686333608514;
  -4.524900275422002, -2.169766120311391, 12.34560870650875;
  -3.140632003681353, 0.9597867727172349, 8.901495682490101;
  -3.358509014532824, 0.3464550760117288, 9.480565604806087;
  -3.311980851008772, 0.1758820036350052, 9.453816827750169;
  -3.131224038961986, 0.6620636806767269, 9.056323084857574;
  -3.272003104695327, 0.3171749842425717, 9.46126616722499;
  -3.306075084045186, 0.3756477934035665, 9.645281361715512;
  -3.236082150363371, 0.4548877365384711, 9.502690705893967;
  -4.371943966765268, -1.883091154523937, 12.6191277411677;
  -4.36204268215891, -1.404495984013568, 12.7341482429208;
  -4.444775987178486, -0.4618813886091698, 12.98911075828331;
  -4.436127379436906, -2.015351539866718, 13.01644174114799;
  -4.400025953907184, -1.067675772330223, 12.95278284208792;
  -4.358712998354717, -0.2135676769926601, 12.86627517951755;
  -4.374177101849867, -2.651166762346907, 12.90859867285846;
  -4.552144817431762, -1.257668443621097, 13.40335037622713;
  -4.24256431542262, -0.546489995684502, 12.60730218954137;
  -4.429648304592742, -0.6523390696261152, 13.1368350805866;
  -3.196663845419098, 0.3500961728990699, 9.80032716344439;
  -4.22267756536999, -0.6878489055386483, 12.61544840924477;
  -4.217075989224236, -1.030586381307076, 12.60526022982367;
  -4.382285802785737, -1.506849325886547, 13.06841134697765;
  -4.270519485852051, -0.8341447061341265, 12.77410026725355;
  -4.333556781574473, -0.04493593666484171, 12.96117463539683;
  -4.463067195408329, -0.1712109928584727, 13.32380567049879;
  -4.368243295640547, -2.875952916962511, 13.06563804049224;
  -4.172048180006895, -0.7609597404485636, 12.54167836155129;
  -4.21252977426745, -1.308054322257635, 12.64706785572956;
  -4.30218040773256, -1.740798046154135, 12.93160568971487;
  -2.969703608177726, 0.9243241386115026, 9.271029907611007;
  -4.161207500662731, -0.3018933262165343, 12.60562083635864;
