m=[-7.662337095687285, 1.998896331269527, 10.20413283740742;
  -9.526533125844168, 1.893649307604739, 12.47279816813588;
  -9.564236315336942, 1.274866066747079, 12.74779152965609;
  -7.068219304930223, 2.013570527638732, 9.680504231050739;
  -9.612055488032478, -0.5258191045315613, 12.96578714393467;
  -9.436191610105514, 1.747622309155787, 12.94531375967504;
  -7.203269300435308, 1.977938843183141, 10.17824589346551;
  -9.437374680867144, 1.551853741626301, 13.07918122314719;
  -23.81986950197391, -6.104895614299609, 31.66263690345825;
  -9.41166115646142, -0.7355924643836469, 13.1041882777677;
  -25.74405267229223, -8.057637863540387, 34.38198125524862;
  -9.333662191469278, 1.679102256716616, 13.10907629764168;
  -25.25904471960492, -8.241602952316868, 33.94711325959135;
  -9.284415796428295, 1.951690503435393, 13.151027844413;
  -8.6654195418509, 2.047712182651357, 12.44161399210639;
  -6.764007919345532, 1.942237687081919, 10.14696904783707;
  -9.296830718918766, -0.9682333272583109, 13.69453995377547;
  -6.843532515335465, 2.001703384901912, 10.35348657289138;
  -9.470878444352909, -1.386013018027757, 13.97805200671684;
  -8.251969340795307, 2.063096900827055, 12.36182151586264;
  -8.239742082342412, 2.024470022129361, 12.41889468823759;
  -7.817678968804459, 2.048627587491102, 11.85647091368463;
  -8.917528744937716, -1.149991859632082, 13.48669326460781;
  -8.957198821882402, -1.259769286426038, 13.69907455012422;
  -7.289605495191682, 2.00137119581117, 11.33900946294197;
  -9.177473360273488, 1.996321227231227, 14.09898211874183;
  -9.217241235889253, 1.697646396642214, 14.409908690441;
  -21.24916374800231, -4.814609428721161, 32.38452125339617;
  -9.097789696627901, 1.987301652525383, 14.49262097388666;
  -9.232134040257623, 1.533955309613789, 14.87569340817742;
  -19.75675967684104, -5.002469079078687, 30.77902778649008;
  -19.66087022161448, -5.420663077706702, 30.72377680513125;
  -20.54631387982644, -0.8491295239041625, 32.15577614504417;
  -9.285530500418323, 0.6988527031797484, 15.24481323873229;
  -8.708863880923365, 2.010092086911257, 14.36119024116674;
  -9.611909800342087, 2.04590058725852, 15.9476560708088;
  -8.122581807284751, 2.039134142494556, 13.70459172232294;
  -9.466478240744351, 0.7279914426590877, 15.89487278099702;
  -9.242497675508153, 0.6207996817693549, 15.79574922834647;
  -9.281533944282673, 2.012701057026373, 15.95717102048115;
  -7.457234844920071, 1.97713501918235, 13.22567956420204;
  -8.070581525283375, 2.096420737447156, 14.4076142168671;
  -16.78937796115064, -5.659476556585963, 29.07974187763187;
  -9.853282928618913, 0.16945028624213, 17.54509067914318;
  -9.583510849635848, 0.459988757268292, 17.26520344041263;
  -8.086986099733752, 2.020865274137332, 14.98387094840675;
  -9.483114348442115, 0.1504209900272813, 17.41653707778607;
  -17.79132869153954, -4.660531053763876, 31.87240763296948;
  -8.209856403088592, 1.935673315601986, 15.27814113781157;
  -5.815396820990613, 2.024265915688894, 11.15655146786835;
  -9.336127183356021, 0.1396566604936033, 17.51049313715359;
  -9.188314939065378, 0.4007506955742905, 17.33338215772693;
  -17.17757449079207, -5.068441758107938, 31.81666137216456;
  -9.291721806379281, 0.1369057381641145, 17.82183881700354;
  -8.924375004273999, 0.6934962454663578, 17.19472418634044;
  -8.973212961529729, 0.6931268168561928, 17.31628818018987;
  -8.767321130596761, 0.6324220657888243, 17.00963181888396;
  -8.881713110048217, 0.6874014643873123, 17.4065108829879;
  -9.156374864333795, 0.03055521466817659, 18.02826853394409;
  -15.89693840020741, -4.779038496020183, 30.71017556009524;
  -15.78172940113136, -7.236128677865903, 30.52683600376223;
  -8.748374308070904, 0.1423496000140659, 17.4331645465175;
  -15.05283752397539, -0.7382243518361906, 29.33813245912977;
  -9.456695027307616, -0.08872515760930501, 18.8301083715442;
  -15.01228820114375, -5.875485867620872, 29.44314259757844;
  -8.753222652508613, 0.2547037399174369, 17.57969117605266;
  -8.81848846978408, 0.5752390429969414, 17.75349723000078;
  -8.699565297924115, 0.1247848032846994, 17.55169726557072;
  -8.989156950618947, 0.0436817099285147, 18.12317714657282;
  -14.61115891168985, -2.052339950945535, 28.92592485221596;
  -8.489514180758278, 0.2156849368816576, 17.88051616514964;
  -14.0797190737535, -2.64815255532946, 29.2720804035481;
  -6.634721590334395, 1.962097330054734, 14.4648139492427;
  -5.863667389353566, 1.965741978607881, 12.92723460487845;
  -8.410343429067705, 0.1760466866648377, 18.19318292723688;
  -8.413450643409943, -0.1095912323064271, 18.48451497409343;
  -7.350910987724863, 0.4513178846649505, 16.44131978657731;
  -8.128058758087112, 0.05451361979984604, 18.1302650699058;
  -8.480862543172137, -0.09162491674504064, 18.93275972630717;
  -7.927808675084023, 0.237457866593669, 17.84576113046099;
  -5.906255500718629, 1.927142460475251, 13.75181471378555;
  -12.83816883804235, -5.383309674634199, 28.88752045035243;
  -5.752547473384886, 1.927896687734086, 13.46756865679843;
  -8.537640870768295, -0.2925835371972557, 19.6592237603506;
  -7.794749036188047, -0.03277516322307485, 18.05126388615329;
  -7.668326377228596, 0.03984829659889488, 17.98205932066805;
  -9.692605973034485, -1.6092296246152, 22.52230568471115;
  -7.528595718504701, 0.1383463255493956, 17.71484089962373;
  -7.746908476855243, -0.02129158719767037, 18.39139819044586;
  -7.618066510877407, -0.05679878607078071, 18.1313628247789;
  -7.404723093380678, 0.1011215066111507, 17.67810109632391;
  -8.585541548463747, -2.456582379595563, 20.38839030457575;
  -8.979498255445856, -2.348521033025065, 21.36531900696821;
  -7.655442883349094, -0.2942768738767995, 18.35719071844577;
  -8.645322654232489, -2.581872000806669, 20.69934755488564;
  -7.317378784857497, 0.5926164152046244, 17.72011917240426;
  -8.6300269165071, -2.71850232623187, 20.73162190152479;
  -7.799398353032246, -0.3875934226674664, 18.86958886628766;
  -8.620600195369191, -2.372808173247997, 20.76687488867195;
  -11.97223281151594, -5.60329870437184, 28.52003006753109;
  -7.31091390000731, 0.4632796579282785, 17.78588839958448;
  -7.230920810163465, 0.7156073729859276, 17.60189345448218;
  -7.549480782165832, -0.1140896410415503, 18.33500875478303;
  -7.658034471271606, -0.202424664740087, 18.59723014524095;
  -7.552966642195793, -0.2936115048068694, 18.48113494334761;
  -7.149725229746662, 0.1572241701805862, 17.7372327391869;
  -7.042488360626253, 0.6401139781470749, 17.55605913339724;
  -8.262780826542555, -2.617895138481114, 20.46420666228171;
  -7.222852790260051, -0.02568927553027757, 18.02732033938926;
  -7.118523497706852, 0.222612288445548, 17.78141055462738;
  -7.467598081266297, -0.3023358137009526, 18.62004219618543;
  -11.29699392265083, -5.886111838953558, 27.89563961782266;
  -7.359277723263126, -0.1380457897624169, 18.49294095115678;
  -8.143191162085506, -1.956181034466147, 20.42352304601407;
  -6.927768004255935, 0.9342681439471707, 17.60818241110416;
  -7.004276141109259, 0.205887832271553, 17.79427615365736;
  -6.988403679266511, 0.3550436700551473, 17.75774253304638;
  -7.263235488362447, 0.1273416652752565, 18.42547289557488;
  -6.956992660159739, 0.05350375926740172, 17.73980083223848;
  -7.121915520750192, 0.7408814635988003, 18.19824225639282;
  -6.998770593989627, 0.5975848240152523, 17.93002160928249;
  -8.357723208782682, -2.5678110054498, 21.30476262836087;
  -7.638900359527282, -0.3206378809018649, 19.6169663764137;
  -10.17957969442476, -4.722332939980976, 25.84936657745127;
  -5.924708911403687, 1.95493836152506, 15.43862075680779;
  -7.348218942891845, -0.125633559350719, 18.92432809378093;
  -6.945243945992109, 0.09959859102693935, 17.97007419351689;
  -6.910800350027002, 0.4708953810554116, 17.9334971745634;
  -9.859589128919742, -4.811981387461329, 25.2011580815116;
  -8.001853322898747, -2.16331587455807, 20.6388672612759;
  -5.597640829223338, 1.960068119509787, 14.73532729371463;
