m=[-3.086156768747392, 0.6843410821112442, 4.836500435286602;
  -6.309715942789874, -1.597638449718849, 9.829897488485381;
  -3.111528516354365, 0.6747350999768539, 5.349459794967962;
  -6.189474363222539, -1.706488816260419, 9.672208133883686;
  -5.445833942244363, -1.835718368989522, 9.432359299752115;
  -2.983542992110318, 0.2318454639372574, 5.748436033095539;
  -2.971713397593303, 0.2295470147330152, 5.734740254385334;
  -5.47059899136871, -1.433051849246509, 9.800345104766159;
  -2.947168032764908, 0.2280964940452883, 5.775902891783216;
  -2.828872548652808, 0.07187044913422087, 5.958138505732101;
  -4.685701539102691, -0.6581717798725399, 9.276351822548307;
  -2.619580964262118, 0.07846305740173226, 5.896763918767118;
  -2.548519070382485, 0.09194592209400093, 5.863633484063288;
  -2.463697346770611, 0.1144715142675727, 5.876907135444641;
  -2.460776160155267, 0.03360522596316218, 5.874878666770981;
  -2.534539871632349, -0.01889702429759036, 6.032326173684437;
  -2.43540201410499, 0.1972371874704212, 5.897687572489692;
  -2.440717632144682, 0.154663951071613, 5.937743490616134;
  -2.52194057305508, -0.03811219645563903, 6.124898363241069;
  -2.909818159714336, -0.7610413138866512, 6.923459581593193;
  -2.828921734289971, -0.778656759445584, 6.814822911913124;
  -2.413318056438714, 0.05306944205726439, 5.987025048548949;
  -2.391723260047338, 0.07479458182853499, 5.974302569016384;
  -2.437429331724954, -0.04572145117236538, 6.124953888031909;
  -2.33478199704608, 0.3148651111817636, 5.93427309761146;
  -3.826172022675494, -1.724895887110851, 9.134678430480761;
  -2.337163355062261, 0.1995569555357607, 5.987535796169234;
  -2.315090082606357, 0.187059763309076, 6.018449468704418;
  -2.346566504315585, 0.1598928159192495, 6.089329982583598;
  -2.278934609248187, 0.3082546026272613, 5.951024700089155;
  -2.286319510668504, 0.5518446973883199, 5.986716453116559;
  -2.277179543535207, 0.2010719256856995, 6.034720713945519;
  -2.224833807667559, 0.294895395633673, 5.933575148218663;
  -2.194976692571556, 0.3586585475359503, 5.870912391444217;
  -3.243149448026235, -1.504505286803088, 8.235444042292189;
  -2.286776836357428, 0.2245047202507933, 6.102582712008076;
  -2.192226363025321, 0.3168602284974867, 5.896637601909517;
  -3.208924867261584, -1.566118682342736, 8.202027670134068;
  -3.200302166022198, -1.51934520922169, 8.204536429622188;
  -3.178203901218917, -1.603250199834973, 8.211850563237908;
  -2.540503719851223, -0.1804015221268742, 6.77886498005558;
  -2.17723947412872, 0.3759764907181468, 5.991442362913966;
  -2.212074372734447, 0.311775703943351, 6.101231156940692;
  -2.083215298240148, 0.6366369844124999, 5.904458708070735;
  -2.081288828191022, 0.440066161027652, 6.019634438949629;
  -2.476733168860508, -0.1724667060759354, 7.005047057711328;
  -2.933455011167459, -1.26350274059218, 8.467090106893444;
  -2.957664278651374, -0.9523124609524193, 8.634334444086012;
  -3.013326521036098, -0.3131315148128526, 8.805940287095654;
  -1.923656752287762, 0.641834676246274, 5.993591241566349;
  -1.960983984911755, 0.6103588343608306, 6.121937934277198;
  -2.987261681688964, -1.810564295070953, 8.815683791912138;
  -2.862122044119057, -0.3686735066933999, 8.505148026250337;
  -2.974872466486802, -0.4380992357863422, 8.822463159771781;
  -2.837801801555037, -0.693513680333114, 8.482472281900726;
  -2.83211086212293, -0.5531856933685099, 8.471491171177284;
  -2.800094736888672, -0.2250423511281167, 8.394133506828435;
  -2.95278137054336, -1.015314111842093, 8.805487205654931;
  -2.944859509048643, -0.03053612241752798, 8.80773929991541;
  -2.813198879675778, -0.5131127438956691, 8.456814014049026;
  -2.953322716417943, -1.944401102724831, 8.833538568694088;
  -2.801674393623736, -0.3035817327798175, 8.453326934187382;
  -2.869502355668675, -1.161091265537007, 8.625224763359574;
  -2.896036740414909, -0.7912129571950115, 8.707678166941292;
  -2.820652276718879, -0.05224306964396907, 8.546468473119402;
  -2.892111649533086, -1.62121205830563, 8.735483980729727;
  -2.768878273494464, -0.5437961367683598, 8.423084163565422;
  -2.894646493372852, -1.031743953885078, 8.777066172085062;
  -2.738741820516735, -0.5748739217353127, 8.414271384280825;
  -2.781696880732072, -1.072939064880838, 8.542866627801031;
  -2.876813737368634, -1.304481696912425, 8.838240941065015;
  -2.770693637440391, -0.8177201299337008, 8.549329747591747;
  -2.758835663593266, -0.2067854020869196, 8.524826516850789;
  -2.761019789478829, -0.07785430880402278, 8.551481541784721;
  -1.896267492258917, 0.6154749502994651, 6.185811605158444;
  -2.688858150821087, 0.01834748304960807, 8.360988188167685;
  -2.748510774774143, -0.718359794749282, 8.535814851606848;
  -2.751299697532123, 0.1906555655005934, 8.574659529880217;
  -2.695059167471719, -0.3314305253778699, 8.445650549415749;
  -2.713283438384942, -1.337353434575954, 8.487268234978069;
  -2.681838075711895, -0.03389922897333966, 8.419130230392256;
  -1.870436537740876, 0.360607457868306, 6.179498256406529;
  -2.594370494225785, -0.7097738962574781, 8.193495243595825;
  -2.715032418424637, -1.40497418257985, 8.542418524205122;
  -1.878289543526885, 0.4804516379687891, 6.229724321187514;
  -2.773326668402001, 0.229827916171509, 8.73486845168239;
  -2.67412693906833, -0.5734514715825062, 8.472987946322458;
  -2.681282370352581, -1.010227916106687, 8.485963201691336;
  -2.919170743010196, 0.2419141374360516, 9.194218884746944;
  -2.672970657421967, -1.571364213453466, 8.48743565632669;
  -2.680183852145553, -0.2774696216878025, 8.520713682057442;
  -2.682487021876667, -1.332037297237386, 8.516041056023303;
  -1.893065786802026, 0.4868895069534902, 6.332964448887806;
  -2.621319350360031, -0.03459492476013081, 8.426700419517424;
  -1.871629071522684, 0.5057671810183969, 6.327236733946824;
  -2.684203177732161, -0.313734150084212, 8.675002571010554;
  -2.645108568756841, -1.714317583954117, 8.567984519149693;
  -2.572632942537931, 0.06081167538355949, 8.371747397176453;
  -2.608664613380691, -0.6286601451241169, 8.524419827799118;
  -1.888214001503548, 0.4253178926327411, 6.466318408957925;
  -2.588577398227639, -1.678707458513163, 8.485758938717163;
  -2.526994313918687, 0.07140323543037061, 8.369678216604479;
  -2.579713735749201, -0.7276436775735605, 8.522108008746049;
  -2.618171886768039, 0.02962049859960607, 8.654596120394141;
  -2.619046398888183, 0.1716235375006792, 8.66632962232134;
  -2.599615658239436, -0.7792889515928818, 8.603179696646873;
  -1.868682983052632, 0.5527756034062504, 6.496295122085438;
  -1.875973266782699, 0.4926623377459141, 6.545912553912237;
  -2.57679198007843, -0.6331688488620128, 8.631551923099867;
  -1.883346762233214, 0.4082276712925942, 6.579647080905367;
  -2.563404666428086, -0.8221376589460963, 8.612167153149109;
  -2.53451999103402, -0.7225264122091478, 8.569610496703898;
  -2.513406885246815, 0.2317628804058861, 8.548712128338249;
  -2.477340740985576, 0.1873163311669955, 8.545552202234141;
  -1.846184255683263, 0.4607200292107192, 6.658444396190854;
  -1.952593636109178, 0.3024544511510455, 7.000747746838341;
  -2.496226854028778, -0.004721273748694447, 8.689782859373089;
  -2.289913351374326, -1.454069669670385, 8.06210819376485;
  -2.446420118640734, -0.5744619392867458, 8.63788861150922;
  -2.369220651483611, -0.7421347281934607, 8.435189372887297;
  -1.828206453402703, 0.5175439169651033, 6.76035134325657;
  -1.970258321365019, 0.304655151716636, 7.255603883475606;
  -2.432946500882856, -0.685504907998252, 8.759449751142761;
  -1.902524077976879, 0.3325532475316618, 7.075724220520524;
  -2.280291007010912, -1.410579806986185, 8.294558133054199;
  -2.433647286194475, -0.7686866455781788, 8.82306416001776;
  -2.231295527268235, -0.1969295116035056, 8.295453796730792;
  -2.154039464969925, -1.311982697160897, 8.134854242248748;
  -2.387061647686495, 0.1441873383888803, 9.009893797538684;
  -1.896770973112154, 0.3878617360328567, 7.536750101438607;
