m=[-8.581033897585181, 2.015448530912992, 11.34927220227497;
  -24.16666647859621, -4.377407433168457, 30.80013972849014;
  -9.629803375286191, -1.1146008185277, 12.88551591482388;
  -9.382607593409603, -1.409791486476281, 12.88129614134438;
  -7.330984349753408, 2.001322045234077, 10.42360995628162;
  -9.246604210362602, -1.212142109042621, 12.97295199356301;
  -8.103351398188524, 2.000024147606482, 11.58624274704307;
  -9.155598908596684, 1.97312595638685, 13.08310966473468;
  -7.226248484141088, 1.97660556336882, 10.64611543980839;
  -12.69918726356129, 0.4789640262701928, 18.12166857979004;
  -9.318527374125988, 1.677035790536696, 13.56781541139825;
  -9.239697725838934, 1.616787305682707, 13.54015516936275;
  -6.638008077829294, 2.034628161520134, 10.04860713502422;
  -8.374061051605377, 2.00732009117988, 12.70934140247172;
  -5.98610155729053, 1.937619170551188, 9.460603736526522;
  -20.52644780981699, -4.705306988796794, 30.27243616835503;
  -11.49694998203301, 0.8434417606811961, 17.44585440200781;
  -19.85943046947647, -4.657975114434285, 29.52157197190812;
  -20.08592415676978, -4.006205129618397, 29.89741565774844;
  -8.084277069280118, 2.011073582916979, 12.66438522829993;
  -11.52399959698056, 0.8450273715187247, 17.70211587345705;
  -9.523446090242537, 2.003537920231988, 14.8205756443456;
  -19.33343332677433, -4.982644037011761, 29.11681143140802;
  -19.00828135158264, -5.29719631626898, 28.70299456102868;
  -18.91274260070153, -1.363173577724535, 28.64190814717378;
  -8.227045583554014, 2.001973074470405, 13.0079399948108;
  -9.430949037164078, 0.7090032179600951, 14.85673976014816;
  -9.337983652543112, 0.6012233911049021, 14.96620628885072;
  -9.385786526146653, 2.012384533828443, 15.13767854894624;
  -9.166691835952449, 1.782245560645596, 14.89473296446931;
  -9.736572157107498, 0.1428846375331597, 16.3630878796038;
  -9.40785759613282, 0.4327162255697586, 15.98279513026759;
  -16.57212698205517, -5.661599980023949, 27.70675483461952;
  -9.683418581941059, 0.1384329374661179, 16.78157730873755;
  -9.239239998842644, 0.3816087754557255, 16.44170411147829;
  -16.91239892292672, -4.48846038639732, 29.31479360426637;
  -9.228181013846367, 0.1185857149817765, 16.72460020371596;
  -8.955667122184575, 0.6742845421792282, 16.26976742951835;
  -8.939238473058698, 0.6639764212243888, 16.27105102637824;
  -8.909376605516895, 0.624791829808155, 16.2899030919022;
  -15.51166182745012, -1.455579062133944, 27.78576398252189;
  -16.32597089717599, -4.868373693816261, 29.25676140261117;
  -8.862373031341061, 0.6660499968371466, 16.38935017473808;
  -8.83432616875742, 0.1237697106887849, 16.61591974374553;
  -5.88453879811153, 1.963680190688119, 11.41862943520298;
  -8.506791795032527, 0.4200933066021025, 16.11568339808031;
  -8.797923171859191, 0.2358473300537747, 16.68492379394565;
  -8.693876526511385, 0.5458478174740734, 16.53488998986932;
  -8.717193032230817, 0.3499877687405275, 16.61074319408421;
  -8.643499474464141, 0.01815748998976837, 16.48233235165419;
  -8.98242053856279, 0.1027943200718974, 17.1110596061117;
  -15.2163937012523, -4.652781118389893, 28.42936323869042;
  -8.568414482855582, 0.2214238184693868, 16.45523881601109;
  -14.09281699379252, -5.563708494554005, 26.68533114071513;
  -5.528824919313297, 1.924460252822635, 11.08822882134898;
  -14.53131656136484, -2.093736257869989, 27.74766527294158;
  -8.741478033721059, 0.01848860882956508, 17.26835624825511;
  -5.836581967006838, 1.946480734840584, 11.9088378994958;
  -8.475517688838391, 0.1902207147745085, 16.873492655338;
  -8.259596468441639, 0.1521995607019771, 16.90617910891861;
  -13.43337096410261, -2.569171660594262, 26.94990338900352;
  -8.227420920197792, 0.03795199506336627, 17.12173659746161;
  -8.504432295579472, -0.1378259455594624, 17.6953898323495;
  -8.119096682444411, 0.1866033878444539, 17.00454850810163;
  -6.764626749067845, 2.082087069769898, 14.345704040732;
  -8.250078783688091, 0.4904083992636036, 17.36577791543273;
  -8.111660188929342, 0.0146946481808567, 17.11908816554898;
  -7.732476547793714, 0.2086225890962746, 16.45461598539433;
  -5.890122338286179, 1.955693197819505, 12.79906566394848;
  -8.43665600600043, 0.06147736934181407, 18.08137864663291;
  -7.848580205598531, -0.05017539426069814, 17.19710150228612;
  -14.63581921961825, -0.5099405155182208, 31.30171052125969;
  -7.398691534666121, 0.01901508095369952, 16.41144068930133;
  -7.449941394104799, 0.122886389791303, 16.56971956657548;
  -11.88042743209446, -4.050952733773301, 25.84755017688221;
  -12.90797794525062, -5.467879090998952, 28.03688477660744;
  -5.521962464906047, 1.992926417404598, 12.54890558957237;
  -9.515963401629245, -1.564342580190572, 21.14165153653158;
  -7.621672565163329, -0.03214165269918912, 17.13795177347681;
  -7.340965954419944, 0.08453612155254049, 16.56473672281751;
  -7.676086345258935, -0.07857101202872895, 17.28987548107705;
  -7.648709822321065, -0.3142048930413422, 17.37004333262875;
  -7.50851044406155, 0.1356137464931895, 17.09658747297477;
  -4.807699298583683, 1.995517294632477, 11.32657810057233;
  -7.337307165688836, 0.5737211469331305, 16.79332053397744;
  -8.549492028102483, -2.269015402526285, 19.41113077439621;
  -7.278347227680029, 0.7027526399371338, 16.73977599812972;
  -7.312888642433165, 0.4441139473820128, 16.81899590766852;
  -7.717461899052524, -0.4028869721032275, 17.70791418706435;
  -5.79390803581495, 1.99240218992753, 13.54223350650608;
  -8.610855710913398, -2.601877486376357, 19.64549942992437;
  -7.491229257941038, -0.1266486635153982, 17.23033779255408;
  -7.644220197156299, -0.2208316702779141, 17.59282821324615;
  -8.517404798769858, -2.713941812523224, 19.49949444224348;
  -8.521279790081575, -2.375776590744945, 19.56325812830715;
  -7.467106471937121, 0.01110427451709049, 17.27537478873163;
  -7.961189868828716, -1.936309677405946, 18.3709778649728;
  -8.166808922927753, -2.549953600288077, 18.98441976434437;
  -7.283136636362346, 0.1413353193620332, 17.08168517452062;
  -11.47880028902982, -5.416615249095757, 26.3831652840876;
  -7.180603496920545, 0.6354857723225041, 16.91216493644894;
  -8.132059192395925, -2.312752877813219, 19.05600900987718;
  -7.245007660611158, 0.365725623261238, 17.09621070277125;
  -7.253606567894631, -0.0449006813747265, 17.13109756725332;
  -6.974030530044344, 1.102748330162455, 16.57398456267662;
  -7.165441689564648, 0.4131749216392106, 17.05401655040264;
  -8.2634031625234, -2.477991493924101, 19.51732186486057;
  -7.267687066028032, -0.152875871573522, 17.30473585913027;
  -10.10001029266708, -4.237148286463633, 23.79700223542404;
  -7.038849137779305, 0.7682372588507097, 16.89377811906473;
  -7.008264898517678, 0.926381329414242, 16.8305925429378;
  -8.16720895214878, -1.881939087982217, 19.44676575833453;
  -7.033554084105281, 0.1883656001070141, 16.89699476877827;
  -7.983934052401724, -1.938466687492761, 19.06662290191132;
  -7.001165069406114, 0.02330017289662029, 16.87901886309578;
  -6.955592111749853, 0.7176714626730421, 16.83020548025244;
  -6.112668849138951, 2.00297906708799, 14.93175997761093;
  -5.644010326740202, 1.962842766113732, 13.88577636749804;
  -4.681213356248025, 2.022479791969508, 11.73013041768681;
  -7.153181707274957, -0.1369960041976378, 17.47704788974019;
  -7.013669721776628, 0.7666813151524211, 17.18570047338828;
  -7.113300907969081, 0.07957784865888724, 17.41390743575183;
  -7.559307907867567, -0.340387900101565, 18.44789258611532;
  -8.366068911480298, -2.60131848291057, 20.35076545913364;
  -7.075012545185196, 0.4622489610806828, 17.36768013567972;
  -10.36451940644687, -4.517877235248913, 25.00364006370754;
  -6.880106047727694, 0.9139138486227896, 16.97699136427905;
  -7.80768743780975, -2.142185263142108, 19.19179467105539;
  -8.04439831200648, -2.672098080510061, 19.77609264820385;
  -6.841206603562544, 0.6773706972267475, 16.9999231252387;
  -9.738960260413789, -4.55775826694274, 23.78496051073227;
