m=[-4.611067124637537, 0.9662143801089362, 6.543672147917568;
  -4.590214874286503, 0.9892386292002732, 6.559296140484969;
  -4.561003416910655, 0.8534641734645229, 6.697092155096706;
  -4.663490644981395, 0.9998881203477683, 7.52141784847614;
  -4.701335413547511, 0.2162388295634868, 7.986991723204746;
  -8.004907132002682, -2.734747453221577, 13.38331522685392;
  -4.465935712024191, 0.3362464656066338, 8.113268883099128;
  -4.429979514932482, 0.3290439060650519, 8.063373960826141;
  -4.441438239911774, 0.3114667218328226, 8.120725132668683;
  -7.836094153792369, -2.079657555008176, 13.58254874597467;
  -4.396749911627952, 0.330436921846697, 8.13099083931418;
  -4.419499205116393, 0.0619175846077583, 8.312353732134151;
  -7.695291567092851, -2.294721414575183, 13.79025545983946;
  -4.378754709178795, 0.1173819760581037, 8.304140330380934;
  -4.33353555718131, 0.1739877085212934, 8.257617560678261;
  -4.442718226990908, 0.05084221980633596, 8.463154900044753;
  -7.186770214729936, -2.197529152689468, 13.42731431368942;
  -4.334718270960726, 0.009168118959860437, 8.56302092735532;
  -4.226586734686052, 0.09485961557100195, 8.414504322112798;
  -4.185496801297648, 0.06714183113702174, 8.345994742244033;
  -6.845787000763448, -0.9863712208473998, 13.0720850670944;
  -4.135064391461973, 0.1487134519306805, 8.424255036141155;
  -4.124781886340563, 0.07600734412282406, 8.442821828177484;
  -4.048459956055566, 0.09304684657667273, 8.479050859772196;
  -3.904110477167776, 0.1053330884135728, 8.30789958033303;
  -3.677296059060189, 0.04234651796010865, 8.297741938649212;
  -5.574300543676267, -0.2040094927838722, 12.19542539744545;
  -3.772433247166589, 0.06813519270634388, 8.589684395678139;
  -3.643208547365224, 0.2848709668426061, 8.338422738267186;
  -3.655080531056062, 0.2219741503005236, 8.406361357305819;
  -3.774654224244356, -0.06381528268228344, 8.681961944346805;
  -3.651971358459258, 0.03584029992970174, 8.438344317911941;
  -3.802053536831853, -0.1098364269172898, 8.750254833832607;
  -4.292363512367931, -1.139183344553195, 9.74556490560445;
  -3.684986706693476, 0.005479914359964698, 8.525327272199599;
  -4.19535430382509, -1.169686337081685, 9.63174560715238;
  -4.123643945387478, -1.002947022893318, 9.515584088800024;
  -3.630424630514002, 0.07045140716044093, 8.514706462961414;
  -3.581962360959401, 0.1808162914833502, 8.452438716564739;
  -4.073606356429731, -1.271917500796691, 9.469433380282791;
  -3.590649780034634, 0.1044985484472858, 8.480927370660169;
  -3.472957255051749, 0.5491512830686659, 8.253583015458561;
  -4.019840092842264, -1.143240171168846, 9.41976776301583;
  -3.556672516418226, 0.2050854576637715, 8.465012289150856;
  -3.634179661194465, -0.07644500624646568, 8.653168268011831;
  -3.505662836442838, 0.3826166401931616, 8.413859845531654;
  -3.51217803385366, 0.4642541632279092, 8.434618023435471;
  -3.539048429764238, 0.1704525148984272, 8.502502057653762;
  -3.547593972067758, 0.09500810820445618, 8.522530156303404;
  -3.539402484115756, 0.05271424924304165, 8.505760046265088;
  -3.492639721511617, 0.3603672868184645, 8.451019444086425;
  -3.501744277398561, 0.2897891550641957, 8.485751446967331;
  -3.514627817643798, -0.06731130103536689, 8.587132439415411;
  -3.458178236999705, 0.3780218835429865, 8.473626178908864;
  -3.525273955880182, 0.03943790948417014, 8.630141638545036;
  -3.689137865199432, -0.1661181031947991, 9.003048943374541;
  -3.458591372217672, 0.2725153299162204, 8.510883864091817;
  -3.541849733180533, 0.2314082623896943, 8.694502357650856;
  -3.434334438452853, 0.4561973002059835, 8.47438479860592;
  -4.996485771217572, -2.17796006132112, 12.05365409700058;
  -3.46271996049183, 0.002120201512637921, 8.67506541700542;
  -3.3127182702995, 0.5330971248685952, 8.365354850890423;
  -4.749670105531033, -2.22280896624329, 11.5998744094127;
  -3.432782437294005, 0.3299904192436659, 8.673295043221829;
  -3.440549289698722, 0.09617436510597531, 8.69035729810407;
  -4.743349469282706, -2.333752672784567, 11.64957767945273;
  -4.707577707910886, -2.254209797543887, 11.6018227723826;
  -3.799571998883208, -0.7436522813571659, 9.618629193091776;
  -4.661507868765995, -2.369189549706456, 11.58144254797503;
  -3.489537607356851, 0.1495423440647444, 8.931221636292769;
  -3.768731989822921, -0.2766044961646617, 9.58016964612942;
  -3.734655454653922, -0.4268358707672756, 9.52832440010474;
  -3.233427892236025, 0.543599023247065, 8.424044295754692;
  -3.349764789123546, 0.4336477534123998, 8.735806363349182;
  -3.295316912596607, 0.4585987116206379, 8.614359374562156;
  -3.370453544813623, 0.009710535266305057, 8.811782918234506;
  -3.349867095171536, 0.04891778144376057, 8.781997713093851;
  -3.331706730940476, 0.2937437958688232, 8.766981436313138;
  -3.705469117572975, -0.2642760749625773, 9.645366093127926;
  -3.358424837283334, 0.1383463638219466, 8.861577679195882;
  -3.434687172565035, -0.1496483119187632, 9.040978725187435;
  -3.365068676925274, 0.1791623943456393, 8.880746614759771;
  -3.54458799210655, -0.1016616190399469, 9.308632595711147;
  -3.131053520408131, 0.9513506382787205, 8.386593743584664;
  -3.676640235261581, -0.3712629881505572, 9.68595101194536;
  -3.329671787553691, 0.240104600513101, 8.879524598108379;
  -3.182541891566571, 0.6989430166178636, 8.677735807859728;
  -3.145970029467838, 0.6565516911513745, 8.601565201362661;
  -3.669543132927658, -0.2665165130816432, 9.904851661213474;
  -2.418077214560196, 1.031290545574066, 6.906013441216527;
  -3.181232367621739, 0.5535383556975813, 8.785679937846066;
  -2.97757996583535, 0.9851896850128445, 8.309465943180964;
  -3.259508283698748, 0.2405236783258974, 9.002711231506096;
  -3.28276595033853, 0.3654529516889756, 9.091157991058109;
  -3.19187322211691, 0.4419948861026669, 8.893379250138878;
  -3.249362319895416, 0.3698706341132417, 9.116593922309139;
  -2.964972966091368, 0.9420232917293557, 8.489055432498127;
  -4.290324141225021, -1.869637649463564, 11.92623560581428;
  -4.345607690543446, -2.799914170906993, 12.15679609273636;
  -3.179953529424989, 0.3396897846360782, 9.258410952031925;
  -2.88830546440767, 0.9588319910517648, 8.516092580699656;
  -2.950416214134593, 0.9123691153691953, 8.722219416422313;
  -4.425390661123108, -1.241058219319255, 12.56468734275523;
  -4.351009453638283, -2.660051794129169, 12.39310398661594;
  -4.203836673024093, -0.5543585297090911, 12.01610523863093;
  -4.339904629569541, -0.6574147069424127, 12.40282038934297;
  -4.168843811520751, -1.033608598573526, 11.9886719447024;
  -4.062831932917342, -0.3356129966475513, 11.72155870339448;
  -4.358000421931862, -1.512593968874154, 12.51568388432765;
  -4.210753695079317, -0.9065667058092986, 12.14338410444615;
  -4.351710884898772, -0.05732729839081927, 12.52425732337721;
  -4.12676688320158, -0.7661288341422221, 11.9333283518605;
  -4.1151123002316, 0.1256693091733442, 11.92775390529228;
  -4.185920382266747, -1.715172258994006, 12.12801135670191;
  -4.238532656973621, -1.179564326527683, 12.27942569943853;
  -2.847172234830599, 0.7747906517261832, 8.602565018511049;
  -4.137455463686005, -0.0881644672527506, 12.05929793566083;
  -4.230131550163286, -2.39077762226653, 12.32038822573025;
  -4.068863837835949, -0.8117922072723558, 11.90371415860201;
  -4.095131275391237, -0.9334282792473181, 11.98167577489764;
  -4.250632376898298, -1.53400935466582, 12.41977411449437;
  -4.008965851467565, -0.8599191857971396, 11.85153955547854;
  -4.067145920862058, -1.584842605949676, 12.0294409019828;
  -3.968695509871352, 0.2130191768435131, 11.76922451958389;
  -4.176605443306606, -1.907256164072426, 12.37723289427186;
  -4.006820925091936, -0.3057360087513102, 11.9178047545494;
  -4.032368708035995, -0.1287586787865862, 12.01807566517788;
  -4.159893461710555, -2.48906962868375, 12.37539918980591;
  -2.874588692313131, 0.9249721234905975, 8.875573327687722;
  -3.916579371900947, 0.01310282592494356, 11.71321728279082;
