m=[-9.41628002070526, 1.993466098362438, 12.43377955389622;
  -9.30997957134967, 2.01004043458183, 12.50949298182129;
  -9.462177917129983, 1.967420893347093, 12.76347635295738;
  -9.265493131288041, 1.686188827653797, 12.60336151886777;
  -12.10926041928778, 0.411397750957286, 16.44346616949317;
  -8.719198062601963, 2.053196693340664, 12.19928004172835;
  -6.407851824732892, 2.123326307822489, 9.381639169244915;
  -17.24528706620941, -1.245186899084191, 23.89609868243255;
  -11.27862551108404, 0.7809831574998174, 16.13502415103635;
  -9.839229059843296, 2.024897223454642, 14.28179170442155;
  -9.529425693369847, 0.6683692289030112, 14.00831934362109;
  -6.621922104944485, 2.115081756024174, 10.09751466629654;
  -6.487099371592389, 2.090002295890642, 9.97806102015198;
  -9.511340907333219, 1.994549717617009, 14.32948327465259;
  -8.515784806684621, 2.059032004518738, 13.04081080929591;
  -7.892367107545546, 2.093221394542687, 12.18553007516271;
  -7.045685078002316, 2.095728447171821, 11.41233142135184;
  -9.855997618902725, 0.09891092251669785, 15.55954243279595;
  -8.034498522038748, 2.104289187833209, 12.91156976840753;
  -9.64274565552472, 0.3992682476809751, 15.36531037474027;
  -9.794387868115619, 0.06276669424890165, 15.6244965437554;
  -7.299558597455997, 2.021633712132189, 12.08685183816119;
  -7.217592046199063, 1.920353363812754, 12.06547299764794;
  -9.767553841845498, 0.006113259912403952, 16.10566322803537;
  -7.513888639620934, 2.07549191426469, 12.67154646046761;
  -14.98382928112535, -5.20287931108417, 24.14429813779907;
  -14.76089774967687, -3.62796952986664, 23.82147192324758;
  -9.216885956909337, 0.167287527930034, 15.549738629048;
  -9.317466836139078, 0.04810354812572284, 15.85090406635247;
  -9.1862048480798, 0.6460993565233356, 15.67109976914477;
  -9.059832851456083, 0.6320384754605553, 15.48622990957755;
  -9.703816498255256, 0.08215663822279458, 16.54544996866106;
  -7.916607518543051, 2.01580576866087, 13.71923903691694;
  -9.133187914961662, 0.5967036797104017, 15.68293021844946;
  -15.05132391028122, -4.134123872635623, 25.15212927549668;
  -14.72433014888848, -4.010755481699825, 24.65186496698301;
  -9.012006574626994, 0.6336926307780121, 15.65790387267503;
  -9.120370885443444, 0.08358562319760303, 16.13263173682491;
  -14.11977225706549, -4.309982521907115, 24.44132401719894;
  -8.997101989134075, 0.2001624051323624, 16.05106582196405;
  -8.906001765920165, 0.317148737565514, 15.9598638751368;
  -8.739483810463879, 0.4398097602942607, 15.71844870804777;
  -9.079949008010031, 0.06313884655542226, 16.29656713793983;
  -7.196909693054245, 2.019481301939439, 13.40976085648001;
  -13.19381545372704, -4.096529424753685, 23.77533214082287;
  -8.894218487505311, -0.0269231584874871, 16.56361679246465;
  -12.8242312952122, -5.122586045609695, 23.3695836410555;
  -8.725412685834673, 0.1467228042445055, 16.35265378242451;
  -12.85435937315071, -1.933468718927865, 23.65333038263449;
  -8.719385767695533, -0.002151178073138004, 16.52977301294015;
  -12.32008375099669, -2.388389796973806, 22.86927826860766;
  -8.812389871386834, -0.2742190242242357, 16.76560243519712;
  -8.613986616753079, -0.3142964193987546, 16.57552703410966;
  -8.546398673149138, 0.1125899839891469, 16.47109877600217;
  -8.640195906958009, -0.007448834788076115, 16.94373368555973;
  -8.379852912251128, 0.1432292229278944, 16.53081669292861;
  -8.244888330488886, 0.0528169441784442, 16.31397435606156;
  -12.08359909626896, -3.473263986290332, 23.36123158988379;
  -8.481703022787867, -0.04394544564364862, 16.8678687319613;
  -8.187871169053183, 0.182354611080231, 16.38080842972526;
  -7.995555464701458, 0.2316260072337674, 16.34098976638521;
  -6.089788623475067, 2.171885280101591, 12.75521436289378;
  -8.094456711636823, -0.1007093083040769, 16.71921158459261;
  -5.304695367828158, 2.180928680058835, 11.41632941831464;
  -7.765813011695817, -0.01107612356654257, 16.19562001877689;
  -7.684909755753547, 0.2972262568011662, 16.30028220817676;
  -7.709317738835802, 0.04839231073308732, 16.36335186002637;
  -7.827790437939956, -0.1232396807175095, 16.6274455716545;
  -9.460330377779549, -1.582367055459344, 20.03289029774321;
  -11.35524655123364, -4.858855527425699, 23.77763574345955;
  -7.902680246261972, 0.1031319625766201, 16.95808692252289;
  -7.585509858189287, 0.5549415979152701, 16.34248484598379;
  -7.642247136513311, 0.316310710844652, 16.47481128036208;
  -7.65014019424494, 0.4238478878944588, 16.56381338925344;
  -7.975393232557333, -0.4608533330152913, 17.28337499945078;
  -7.933426243024554, -0.1791000383368317, 17.20577128681644;
  -7.898392212736265, -0.270414416130882, 17.16113060206822;
  -8.831283215417059, -2.391506243600852, 19.03671393493385;
  -7.630244533608358, -0.02842118968563795, 16.64738517192871;
  -8.556819545848477, -2.637736973676795, 18.54972681432327;
  -8.462875834128989, -2.747893996513785, 18.40303356602833;
  -8.523104047657489, -2.429086488339986, 18.5886387003039;
  -8.484089279391116, -2.138982973714254, 18.54987844543974;
  -7.585956925581693, 0.1066245865507359, 16.76725766319589;
  -5.056899279370795, 2.168524969984934, 11.61784266270712;
  -7.448217352924175, 0.3347745217987317, 16.56292147632365;
  -8.386411364544557, -2.674238698341764, 18.49500215904346;
  -7.260575340487832, 1.113971066238661, 16.22912433781852;
  -8.316702426990819, -2.499845128375485, 18.41635172269104;
  -7.496911196188475, 0.2776861997583504, 16.73178002598039;
  -8.237061612307882, -2.386495483730032, 18.30943044012152;
  -10.87620759568287, -4.770872599133613, 23.77596055502532;
  -7.425550401532171, 0.3846052711825974, 16.65167354810862;
  -7.602592772947899, -0.2031625860947273, 17.07444399677148;
  -7.40382073005219, 0.5867481360071869, 16.70704734617901;
  -6.439910978317481, 2.075998928708131, 14.68893047828394;
  -7.351673393686864, 0.7616290921826127, 16.61409023530013;
  -7.378922766496572, 0.9358077293192634, 16.68159603833675;
  -8.19883736106712, -2.510920787605102, 18.39607367753305;
  -10.48221292909097, -5.020815748239923, 23.1962970355706;
  -8.276048679239777, -2.695871128313812, 18.58581395910307;
  -7.493379230108999, 0.16078849061477, 16.95480497873831;
  -10.67209822712064, -4.930290127136038, 23.69018901580442;
  -10.47199638034452, -4.972819596123343, 23.31528414416345;
  -7.358495338560941, 0.7202769212321514, 16.76279631564886;
  -7.449538232706932, 0.004603221999196732, 16.97683984942884;
  -7.405056818525337, -0.04239808728074466, 17.04016520656043;
  -7.283142674323999, -0.1785881977899153, 16.79480692814222;
  -7.384051071168696, 0.2240195624269216, 17.01952587571231;
  -7.20227312956093, 0.7446226879644273, 16.63356099403046;
  -5.97928227674014, 2.169924885381454, 14.02111858174668;
  -7.344425483980523, 0.04562554376808412, 16.96551288067435;
  -8.105505047921747, -1.571023124448524, 18.60668992684067;
  -7.584140767569107, -0.3950100823374311, 17.52172592058379;
  -7.294754490762753, 0.5308044694884395, 16.90782146355276;
  -7.176365190393591, 0.449404331507123, 16.66310984218019;
  -7.392454908793892, -0.08771152391131434, 17.14210526266605;
  -7.206202624261583, 0.91852340032263, 16.7485304372025;
  -7.352368250233678, 1.710475817933868, 17.11465694368538;
  -7.27834563077894, 0.1885638430013967, 17.04763709104107;
  -7.08623529517315, 1.039641590100998, 16.64116762527396;
  -7.934377792415378, -2.238692300194424, 18.51848110346122;
  -7.204079067621488, 0.5798061517573393, 17.0245868013416;
  -9.706165499559647, -4.296605768603994, 22.4951170834535;
  -7.261570973296863, -0.03708354854473476, 17.16656310451496;
  -7.552944888433761, -0.4693270036701616, 17.81416279524578;
  -7.095142237944129, 0.885286776665651, 16.83210844617501;
  -6.900825378652211, 1.076365386678192, 16.41128107365191;
  -7.139707362538823, 0.7898262365082495, 16.98448768375251;
  -9.343688517021294, -4.441354793960535, 21.88486905191561;
  -7.198930617785377, 0.6495235789845248, 17.15912090206009;
