m=[-1.315197598952125, 0.178492655394002, 3.147125265732523;
  -1.663947106526063, -0.1764562492561499, 4.686676850131314;
  -1.620922662177369, 0.07545383910977381, 4.606123211755496;
  -1.611594210954832, -0.1361501430528094, 4.602274465954122;
  -1.598054282985888, -0.006487343957942944, 4.583525905618941;
  -1.58500627154586, -0.3410079492651011, 4.562706587371029;
  -1.590517143427747, -0.2125032503058153, 4.602068596411953;
  -1.57103600517925, -0.07799258416762477, 4.584325224433145;
  -1.592914906359373, -0.3892498688943491, 4.63760049984725;
  -1.560673350679011, -0.1783688410764535, 4.58657582625802;
  -1.519513525332878, -0.1369227905770978, 4.511570621879802;
  -1.55045416105974, -0.03668318825898816, 4.598424177913361;
  -1.488037434960759, 0.01775673356328114, 4.464814378313584;
  -1.548558238716503, -0.35242271836268, 4.61819587629978;
  -1.54887515550639, -0.2364739430254926, 4.624896840572077;
  -1.550769991933007, -0.1985311699566945, 4.637347325978587;
  -1.667276242270789, 0.1151776662540675, 4.923825034737944;
  -1.081048997091271, 0.3477657419806667, 3.555052625572007;
  -1.552515105792559, -0.4192514209728843, 4.680325556273603;
  -1.562394749489009, -0.4381528121976545, 4.715658807308743;
  -1.535755263583288, -0.4485349929106277, 4.689307612827412;
  -1.58262268914353, 0.08247792629026478, 4.836148639381682;
  -1.526836174168113, -0.3680935380172818, 4.69221138358373;
  -1.493704944853689, -0.4399744573209299, 4.671177876344566;
  -1.489830403833726, 0.1230867313189626, 4.680874286743307;
  -1.485631957875808, 0.04637697676532972, 4.668541338488621;
  -1.477916478009341, 0.000450268494547425, 4.672373487371003;
  -1.453321863244327, 0.05579634689913031, 4.63640448813108;
  -1.463163819221246, 0.09937597375381094, 4.663768804679958;
  -1.439578961499384, -0.3553426193836638, 4.707393711291084;
  -1.36089036631366, -0.8630246449360827, 4.502517061973397;
  -1.056348897877141, 0.2781073458099562, 4.004275305906967;
  -1.010710861696606, 0.3573691661923977, 4.157162315826158;
  -1.141349107240053, -0.3639379487423706, 4.754494124753924;
  -1.133384771769415, -0.5708420984588536, 5.178108392259004;
  -0.9270417586063321, 0.2655813741849889, 4.503882579235053;
  -1.043080544591946, -0.6617332402669818, 4.927110142329513;
  -1.044157615375527, -0.6402312223185989, 4.933118796955489;
  -1.059270323878091, -0.5012844474253296, 5.013255550808003;
  -0.9425629239529066, 0.2488019505566025, 4.960538351459588;
  -1.318492093112712, -0.2790258140438107, 7.057127695619019;
  -0.9101685760461448, 0.2767494485704228, 5.250397519288353;
  -0.915108844426226, 0.306274291659435, 5.321355804549903;
  -1.300005500424702, -1.121891751175119, 7.113272240437696;
  -0.9204743541867537, 0.3228114676772193, 5.364287756225108;
  -1.297634024992492, -0.8378457921407122, 7.130777537336261;
  -0.8992041854603476, 0.2338374315147947, 5.274857766409645;
  -1.297441632630338, -0.2959030248532509, 7.199419521668439;
  -1.348226238080159, 0.01479131648706377, 7.523487566249602;
  -0.8877218121319275, 0.3103367946964343, 5.34967501758387;
  -1.263268411645878, -0.0514451577214953, 7.217309147694977;
  -0.8749233344329451, 0.3098153053156846, 5.532114394803788;
  -1.229540011989011, -1.060175184857304, 7.492547597892232;
  -1.911077252905921, -2.464503154239693, 12.25272573045802;
  -1.035915966434905, -0.1777611221655281, 7.265049303607881;
  -1.624689491203464, -2.340158104139256, 11.07032388245263;
  -1.692314056107834, -2.189197150010639, 11.46502453978496;
  -1.579789425038621, -2.229192891143456, 11.00884718598642;
  -1.723301028011661, -2.697268199825978, 11.97060532188856;
  -1.584328643011994, -2.213033819440735, 11.26691705262728;
  -1.585525605313756, -2.673015268136687, 11.73604975381206;
  -1.36407722604607, -2.430602154102155, 11.47535845252332;
  -0.4731755763745481, 0.1161718961628565, 4.817567065351108;
  -1.317187891385111, -1.955541396879535, 11.75063403108134;
  -0.3830576088155868, 0.1226990079345515, 4.79108778956078;
  -1.040658357024194, -0.9942208051659499, 11.83976951049652;
  -0.8603881418261155, -2.181318305534398, 11.08332130477218;
  -0.2438244685664155, 0.3532701875579903, 4.553173942315168;
  -0.2350263875803332, 0.1246077263972439, 4.391524632579209;
  -0.2370122890569792, 0.04279531547292474, 4.491082740920517;
  -0.2326190375894099, 0.2691923990549424, 4.564072236038089;
  -0.2362371334212574, 0.2477204118685409, 4.645190137551463;
  -0.654015987088468, -2.488630980600419, 11.16364869407668;
  -0.2168517164647515, 0.2789792725250732, 4.600325450383766;
  -0.5583606621564784, -1.99505564230538, 10.11446834726513;
  -0.2140192689215994, 0.2316510344586673, 4.725208852358917;
  -0.2045088582058265, 0.2659288197895574, 4.618061449078004;
  -0.206879065784354, 0.3432363846542358, 4.862243030838556;
  -0.1502807488283388, 0.3426153188607728, 5.202281803912149;
  -0.09590866516976343, -2.378879652173128, 10.83038058630582;
  -0.05814228262486422, -2.438238108420926, 10.8651114355237;
  0.02576593620306442, -2.07920111570262, 10.54501425250131;
  0.1543696616252231, -1.942674710599154, 10.73545985935552;
  0.1636081859593898, -2.337961509560437, 11.39658259567538;
  0.3209090542468742, -1.576075720751526, 11.78629657922147;
  0.3292540938606484, -0.9972027568631577, 9.459137778476048;
  0.4040221916770448, -1.179684163499337, 10.4768897298598;
  0.3772681761039246, -1.280350816052033, 10.10521788592871;
  0.4058317457297372, -1.660691186533488, 10.51480845327455;
  0.3909778854168918, -0.9075010649465446, 9.854951958875871;
  0.431403976103475, -2.280410801729492, 10.39627804223001;
  0.4664737184780521, -1.539275170123346, 10.06917700704612;
  0.4955666123542822, -0.8930010307482283, 10.18170677365281;
  0.4840162801966281, -1.027368814688139, 9.947660810758725;
  0.5170375966395112, -1.702658265089614, 9.943230789367357;
  0.5897570670406348, -0.9754343812876057, 10.40945996945197;
  0.6188882120453106, -2.370324439632341, 10.78090995851267;
  0.6451977165715529, -0.9185847391141474, 10.29277297669494;
  0.6349135957526739, -1.231487169901337, 10.31638964214621;
  0.6692548422572339, -1.938352799545068, 10.72008573297147;
  0.5995080489718315, -0.8255061926795607, 9.479302603371535;
  0.62299573438972, -2.03179511343908, 10.05108074141083;
  0.6471020270414553, -1.560698184947587, 9.967549265140718;
  0.6463814827258271, -1.156914947615984, 9.76671619386746;
  0.661538917527623, -1.505325794789074, 9.921295396428789;
  0.8605937502092274, -1.580919791971289, 12.21786957179914;
  0.7370014942424754, -1.798311949429025, 10.55325406563394;
  0.7543246185451509, -2.098224399059562, 10.66573462411627;
  0.7645506669107589, -1.294699757434467, 10.68902045415372;
  0.7693629300062079, -1.932586289056515, 10.70880797481624;
  0.8991767892112874, -1.707942765614158, 12.19399796407409;
  0.7803022261881938, -2.065384682244908, 10.72898890531497;
  0.8098785797463566, -1.799367601092831, 10.76402066714002;
  0.8473630974776594, -2.064415252377253, 10.86274836307766;
  0.8500600973921983, -1.872310247695843, 10.74425216406018;
  1.102801129555228, -1.474241225904925, 13.33690154629837;
  1.03975573168166, -1.448827897136324, 12.44560957518471;
  0.9003823295882524, -0.7032412994458848, 10.45833200424248;
  1.215625652922739, -1.558710109423739, 13.55334431805708;
  1.331065575265416, -1.744748796385701, 14.14974423066941;
  0.9503582592909288, -0.5130374572452789, 10.25884767058459;
  1.215882017028276, -1.420418890343242, 12.73819153943326;
  0.9395007025188999, -0.3363148448313525, 10.06963734972736;
  0.9492394224897996, 0.2243587895532895, 9.959956906393991;
  0.9685536373281708, -0.2519412758769711, 9.953067587263929;
  0.9992124847943832, -0.5982738009299952, 10.25675914907865;
  1.42992903332915, -1.73505075641796, 14.17528332188485;
  1.05785785886002, -0.007596383453001051, 10.52938760275409;
  1.391878761521449, -1.405142964295957, 13.30754761585049;
  1.037323725531513, 0.2525179569747157, 9.833206184500986;
