m=[-4.638138387065769, 0.9726281184031733, 6.987671569183371;
  -4.42798340415368, 0.3114362541912748, 7.553867004948678;
  -8.103059220977048, -1.991589702127242, 13.07690094453386;
  -4.402859542457304, 0.2876544876437437, 7.560310770883996;
  -4.370794129049492, 0.307338882555254, 7.594032888590289;
  -8.158315402963471, -2.240831880898113, 13.63328600917599;
  -4.224352225066472, 0.2125882237210068, 7.597732911288542;
  -7.823025100823937, -2.387935218722801, 13.54165547452367;
  -4.091667619591999, 0.0539034989353035, 7.885691283348047;
  -6.8946168973859, -1.037043209475768, 12.68679726476254;
  -4.003873648985808, 0.06843457963412572, 7.898384619170042;
  -3.954195268060391, 0.02533066578615869, 7.824076884516408;
  -3.868910123503766, 0.08616569390374042, 7.740214062536166;
  -6.4801077217046, -1.278080661774498, 12.51587393176462;
  -6.428209541997414, -1.847700219170738, 12.42766253849571;
  -3.784720244948437, 0.1096408676926044, 7.735056690478797;
  -6.394131878770262, -0.2782695119116314, 12.46313976190315;
  -3.711666605524791, 0.06767530972467124, 7.698423002013535;
  -3.709996287696787, 0.04110477015464824, 7.761461680591548;
  -3.627567996073441, 0.1403020322987374, 7.694349568786739;
  -3.642839449684687, 0.02286653950087565, 7.732080283122047;
  -3.669535000973841, 0.04788835364723758, 7.874327642345007;
  -3.57718910764875, 0.2617004099336258, 7.706819960144752;
  -3.60552190413115, 0.1492316560940231, 7.772621308458909;
  -3.587378536441071, 0.1987548956151561, 7.767265321349813;
  -3.593081432284321, 0.01606441315784495, 7.818363133190922;
  -4.24355950346489, -1.149153390292302, 9.147416786759228;
  -6.041511109717042, -2.585133622331018, 12.65079096774956;
  -3.531755488321758, 0.3921328825083902, 7.807732877168724;
  -3.557917599032402, 0.05000839006864349, 7.864073275478174;
  -3.49180038979218, 0.2904680798355921, 7.744651787791016;
  -4.261336259520227, -1.313605382090772, 9.237850939187041;
  -4.147655744568553, -1.182082780062533, 9.045914922300513;
  -3.517751916855094, 0.158112157576791, 7.822576330856315;
  -3.401821011679183, 0.5219324918235372, 7.603884483600115;
  -3.563096426649933, -0.04216896067438422, 7.932295909094382;
  -3.502103315582218, 0.1297181913211896, 7.816075283694093;
  -4.2047067275408, -1.060077965176365, 9.193302442498839;
  -3.484879619682196, 0.1804988180930026, 7.814784715410625;
  -4.045935722196478, -1.21613257100901, 8.959245080785022;
  -3.453637987273519, 0.2736986382248703, 7.793286125329284;
  -3.612433290657287, -0.09653434181508142, 8.113059814656397;
  -3.447132881854782, 0.4371713455894986, 7.792963830257184;
  -4.007347805244914, -1.161035074044191, 8.907576432337471;
  -3.509639007760021, 0.07530775386263805, 7.941042765224925;
  -3.446262821146819, 0.3373330362206767, 7.850654116521477;
  -3.525767949614672, 0.00217864410957343, 8.034913837217456;
  -5.708713109638274, -2.504139674742763, 12.4795464338683;
  -3.384763583549076, 0.3499411522400941, 7.817069764579856;
  -3.488182302657071, -0.0199717924309803, 8.026839518526982;
  -3.448149652347579, 0.1046110013130215, 7.947652537317788;
  -3.478100243306086, -0.08528566334070244, 8.02044181682491;
  -3.457597283039688, 0.02147952300882168, 7.986997944160778;
  -3.411749469644462, 0.2482567260564152, 7.907771397127267;
  -3.364841351268483, 0.4288923973782963, 7.820505573676202;
  -3.536767307710528, -0.1842079133606139, 8.171033385295116;
  -5.510614161447345, -2.639497838045555, 12.19454744928938;
  -3.446007908289863, 0.2157987838281024, 8.001433423388296;
  -3.364775841666297, 0.3145419680775511, 7.87670291407293;
  -3.321443775559586, 0.4872983953279036, 7.800009500765428;
  -3.418877732724541, 0.08857462351172336, 8.007834445187189;
  -3.342008171513831, 0.349696160006969, 7.850174548149306;
  -3.391765813079652, -0.01732114340605357, 8.018232153907231;
  -3.258363679485394, 0.5082275944348642, 7.748916868645261;
  -3.545731799228754, -0.2203256750487325, 8.362863020021186;
  -3.31823154456227, 0.3670775564914229, 7.893665655845076;
  -3.208277615937269, 0.4354128926071941, 7.677060506075193;
  -3.359523803966474, 0.3031130650773365, 8.007644216377162;
  -3.383257211936489, 0.07458238216822949, 8.062558176135694;
  -3.248013949115938, 0.4881064782280337, 7.798813013011846;
  -2.604742572738574, 0.9703940977119567, 6.47691985103753;
  -5.010513326014543, -2.217992312329515, 11.61242139565977;
  -3.391259244309547, 0.1230130767864625, 8.202360054982401;
  -3.28491491974988, 0.4575480381676181, 7.983390591722017;
  -3.74788798799935, -0.7004802831000196, 8.978268480555773;
  -3.728353332575276, -0.7517081683473728, 8.964741910817395;
  -3.723574801008932, -0.2988245409973303, 8.982307336311141;
  -4.72159244917148, -2.358798962152127, 11.13558704722541;
  -3.727777203315365, -0.4719163679935162, 9.010222820767778;
  -3.747457196524899, -0.9927481993406389, 9.05634717018477;
  -4.737652580970504, -2.303219717339682, 11.19917624031566;
  -3.705711611517558, -0.8599536515415371, 8.99119589127435;
  -3.255921823074665, 0.4361169269680566, 8.020471670275725;
  -3.325141260716443, -0.01189920402677682, 8.205731924393486;
  -3.300055432421106, 0.02940579645932989, 8.166081805500195;
  -4.761222344174205, -2.459830749323789, 11.35849624180703;
  -3.705418665661852, -0.9474566442987499, 9.087066688208425;
  -3.285822932882307, 0.1134529073347407, 8.191038865664996;
  -3.705526840797089, -1.088792496104563, 9.118958651704549;
  -3.075610483282024, 0.9148884762064087, 7.744554251682255;
  -3.346645123749715, -0.112618022568856, 8.350633835900753;
  -3.122859811867486, 0.5765659239269864, 7.861317943092507;
  -3.73397895714805, -1.236565632507235, 9.242404165639734;
  -3.202951818079631, 0.3812294827469622, 8.114833557556102;
  -3.047493501634756, 0.9632391511875736, 7.781839040555175;
  -3.619583018053733, -0.3896599231056897, 9.058441317379735;
  -3.625815519945109, -0.5827948000240224, 9.126918316720815;
  -3.191690416007121, 0.4291163569523718, 8.168690060239664;
  -3.076274756873955, 0.6238051391044227, 7.924725345292101;
  -3.657064323375137, -0.3491420749186518, 9.332873057911217;
  -3.21231041068954, 0.283373998604335, 8.322481525549915;
  -3.195247967537575, 0.2188767782400843, 8.347514377808501;
  -3.210076119472162, 0.339157994473656, 8.41059582031596;
  -3.128307836906687, 0.4173942183303194, 8.235938001796948;
  -2.837207573774459, 0.9486405036768965, 7.718607245394898;
  -4.460362189003138, -1.791248802998828, 11.58197515998134;
  -2.825646992289001, 0.9880840057261544, 7.712330300406969;
  -2.803147863627269, 0.9478952562471953, 7.72514376039389;
  -4.327462711339281, -1.930562973146185, 11.5625284009151;
  -2.896020932059626, 0.8786175546320875, 8.075631628369296;
  -2.838180564473214, 0.7101426558619125, 8.018654327131449;
  -4.417704467018816, -0.5092773424007731, 11.94940958801112;
  -4.543885145702229, -2.832253274723373, 12.29158121611682;
  -2.818965766039546, 0.7488565705237092, 8.027150602753034;
  -4.281471870729745, -0.1515958714320032, 11.73021683208691;
  -4.244614355027911, -0.5907433853867031, 11.64647751837519;
  -4.559413556638448, -2.815326937254022, 12.46307725900226;
  -4.238373771303418, -1.077057244952808, 11.7012213261631;
  -4.321409384298942, -1.528141072757643, 11.94057006917568;
  -4.223990408621849, -0.9400672844964551, 11.69539807800866;
  -4.113875142966225, -0.4325845825176437, 11.41868194982732;
  -4.094560569621594, -0.5333687691292547, 11.37472051413237;
  -4.192358933216082, -0.8069731747612164, 11.63364404723518;
  -4.351955432655831, -0.08562518733380081, 12.04158780395269;
  -4.122014735797976, 0.09603670264730574, 11.46469177801486;
  -4.193332466666099, -1.748792413955605, 11.67836587562432;
  -4.093431605157882, -0.1145488076646911, 11.46009815639;
  -2.792272290599205, 0.8833798250379704, 8.150560751054428;
  -4.088732883973108, -0.8435556980084399, 11.4830955677542;
  -4.123073947832743, -0.9686914951267933, 11.58222465456423;
