m=[-4.592439299508826, -0.690764702574121, 8.450556022291412;
  -2.470389500591716, 0.09554629103510913, 5.239885347204484;
  -2.441749625088583, 0.17863379838506, 5.260589860365984;
  -2.453892259383314, 0.1015659911327932, 5.289990123785235;
  -2.444960516035663, 0.135460439206937, 5.293742167257709;
  -2.381253928296086, 0.1980864250359658, 5.281511092923689;
  -2.424612860270149, 0.03407920006770646, 5.359127261130684;
  -2.374109187985506, 0.122966629904479, 5.323900455613735;
  -2.336880083799711, 0.2420994189285406, 5.28112913920586;
  -2.347323967625932, 0.2976916796167591, 5.30661607908833;
  -2.452457336714864, -0.06553653335042224, 5.507903251007948;
  -2.382048524265195, 0.05111258552734021, 5.389713631004939;
  -2.345823364886522, 0.2296179250342969, 5.343831510230038;
  -2.295962220376829, 0.2373730528192274, 5.302496440447512;
  -2.348837793417996, 0.07125974747761794, 5.413844679246165;
  -2.378383945719934, -0.05831978330124021, 5.484514165866854;
  -2.289643712358917, 0.2918446008057877, 5.321549976638655;
  -2.324837707512524, 0.1691673445001536, 5.388521428669349;
  -2.342513358334719, 0.1466948269659034, 5.439182143204868;
  -2.448769934135269, -0.1275409888809641, 5.657420786802826;
  -2.253822595825723, 0.3306646773253326, 5.292830120997199;
  -2.29659392304863, 0.214687458072371, 5.376164385785959;
  -2.332969780461937, 0.06044144778584076, 5.464376683829515;
  -2.636466751675449, -0.5110045838271128, 6.052173067664411;
  -2.631836620922817, -0.5243119525960367, 6.044464255120241;
  -2.220765397912719, 0.346386826949783, 5.281340005578317;
  -2.268327625841565, 0.2509325075823643, 5.396073069600146;
  -2.213966054423259, 0.3327113709087024, 5.315958473732;
  -2.177052657399901, 0.3134091459915736, 5.374223523820722;
  -2.22021852636616, 0.2973888605230656, 5.469173020783783;
  -2.527477259580798, -0.2028352516970453, 6.096984415336771;
  -3.365767898427302, -1.489916668824674, 7.80054110495915;
  -2.530941826906149, -0.3049513430364703, 6.127412950980137;
  -2.072814030285183, 0.6551664920796569, 5.292974418495407;
  -2.102475032998354, 0.2805225600256477, 5.535214219589905;
  -1.946505243978286, 0.6508278534590115, 5.295456567311526;
  -2.671205524473656, -0.07042929251277377, 6.945602544731173;
  -3.019773025277934, -1.212718740687325, 7.841277162150679;
  -1.966480400409969, 0.5966062542964252, 5.483583057814757;
  -2.95648055881798, -1.318941901619321, 7.899407275887702;
  -1.925793582480714, 0.5728232795419374, 5.570889723095029;
  -1.922777922807194, 0.4593263547659778, 5.579606860768715;
  -1.90413006752568, 0.6024018830697243, 5.558099704505173;
  -2.880060325212968, -0.4008318410879638, 7.902380528262758;
  -2.884460454944864, -0.7330002492495679, 7.963363311276663;
  -2.86257577288074, -0.6370785852128222, 7.925908904520137;
  -2.802791600891693, -0.2947207662898304, 7.779571511048253;
  -2.901212877092064, -1.025929775227021, 8.016397560105851;
  -2.79156915539031, -0.3636375086001782, 7.755000420319064;
  -2.841193145055037, -0.5468917830983568, 7.884207971109637;
  -1.917358666271149, 0.5988006009298835, 5.660613570748779;
  -2.834335517991096, -1.182034692424125, 7.89358045337474;
  -2.801532582143873, -0.577990502164412, 7.868028381857696;
  -2.804552761867293, -0.6589128505646227, 7.87833557062442;
  -1.896507157316055, 0.5025375226698134, 5.661853819433619;
  -2.768699481752687, -0.2936116923136541, 7.798324667417933;
  -2.709644111946851, 0.1261337481659636, 7.699907547019829;
  -2.764262990732908, -1.098887309140051, 7.856015632440324;
  -2.705516135947566, -0.2285664756283176, 7.726217769373291;
  -2.704635785075729, -0.1075957497889145, 7.740100708553249;
  -2.664380114208914, -0.01081612209272441, 7.641952720826536;
  -2.896164337888041, -1.348325529393235, 8.236020634664779;
  -2.667611872467963, -0.5739263436341654, 7.679168519117479;
  -2.73952602531627, -0.7443742416366604, 7.86658815154034;
  -2.812031118944455, -1.705489013765833, 8.047074091177265;
  -2.733179466006765, 0.1731687435852566, 7.863581764937562;
  -2.671603515867118, -0.3569432954533864, 7.730128966695009;
  -2.670122300362872, -0.169993464978049, 7.730442876013234;
  -2.680984695414987, -1.599418182955016, 7.749465319528152;
  -2.692707240662067, -0.06284737754413851, 7.797857051779266;
  -2.701775975999651, -1.367122930516886, 7.82240562821388;
  -2.61056201139648, -0.7461715811207572, 7.619947938680276;
  -2.627087139497751, -0.1304192355665237, 7.665910775233534;
  -2.658553026369346, -1.601368832280265, 7.819072644824227;
  -2.59375791085167, -0.06136738004365002, 7.69271313430001;
  -2.648510646199743, -1.507789145813923, 7.841783452691848;
  -1.882476411426266, 0.5397985938645781, 5.883727515541357;
  -2.785555474128655, 0.1924298869000936, 8.226343920360613;
  -2.505393965020978, 0.02989683731249893, 7.517363969180473;
  -2.605694602101428, -0.3978234622000332, 7.780529431253373;
  -2.639401706748551, -0.3378989221820864, 7.892738775346682;
  -2.604113200497319, -0.2687801574876819, 7.813394081643175;
  -2.616344056720585, -1.358811730080902, 7.858063006206107;
  -2.611898881442178, -0.7324722772232084, 7.883298358562045;
  -2.623581419026409, -1.506363365715807, 7.954488766902845;
  -2.581704244944904, -0.7540164260950291, 7.883030360997636;
  -2.558095052888606, -0.3763193833670004, 7.815756969511936;
  -2.44447731954935, -0.1940565426720544, 7.522001271097443;
  -2.535941575509184, -0.7861436077777524, 7.773622477479984;
  -2.649800520638368, 0.1380935920635572, 8.097210579897054;
  -2.572075270625719, -0.6200824308653917, 7.904398041158386;
  -1.860016398157758, 0.4475902758528684, 6.049812079829297;
  -2.524211701670561, -0.8375686898677901, 7.853336820575803;
  -2.518902562502823, -0.7419489316144928, 7.877219636427828;
  -2.492141757896159, -0.879461638327127, 7.80065303329058;
  -2.486417207650006, 0.2054226883793801, 7.812034405698666;
  -2.501692686432627, 0.0007621766293975938, 7.909000782900719;
  -2.445598657538556, 0.166101529310135, 7.795235624310389;
  -2.442876625535018, -0.8007022754339647, 7.808580565150735;
  -2.415346852609256, 0.04997636863165814, 7.794203770040169;
  -2.295011720671563, -1.490823922204862, 7.459269902871561;
  -2.313070541523597, -1.201108619611102, 7.522398979141935;
  -1.863133172467453, 0.3882932475769415, 6.286081925290979;
  -1.948664414295042, 0.2807535090236052, 6.529160281151939;
  -1.803047682095182, 0.5815351337589592, 6.126044924277442;
  -2.425652046823598, -0.5987428095878101, 7.931832498513935;
  -2.242836490938136, -0.4211097139574327, 7.428635879473858;
  -2.285700426171043, -1.449503830400299, 7.562258813891116;
  -1.88467627304666, 0.5653090526487267, 6.423111939942677;
  -2.283949625421936, -1.445505292727967, 7.680217426189827;
  -2.236782392628174, -0.224562443891892, 7.671120456281238;
  -2.316206612078772, -1.525722121743648, 7.914515335928443;
  -1.939740194464523, 0.2802172264184026, 6.79744584462135;
  -1.821735381820079, 0.3971529876542702, 6.450859579836139;
  -1.85432074982111, 0.5963778027523741, 6.605134474852383;
  -2.14368643040229, -1.33788506409377, 7.469226659160385;
  -1.934044172905638, 0.2167715332481363, 6.972460872072515;
  -1.81339875097455, 0.5791577733230374, 6.738782944812546;
  -1.818693674341671, 0.4862494506802736, 6.780049707468384;
  -2.130876731654911, -1.598132277523545, 7.845476243907826;
  -1.788695133161506, 0.2861270869532021, 6.773292127362554;
  -1.790991042000263, 0.4715182323388302, 6.789064879032364;
  -2.160111182384823, -1.663537988145402, 7.975097010606771;
  -1.769642963093115, 0.2136047301211603, 6.761587104890365;
  -1.755480128805641, 0.3367437189983851, 6.72785504486188;
  -1.785362461451651, 0.5768092296183163, 6.842890838072802;
  -1.725036886364809, 0.6176207255650418, 6.679204309933943;
  -2.040330669671802, -1.707323340111587, 8.019847315700149;
  -2.000083809145406, -0.1293705372076138, 7.869264097259736;
  -2.135713685479645, -0.5223998464847945, 8.356624435351938;
