m=[-6.130515183992326, -1.740594664235597, 8.591042055080559;
  -6.028897471520954, -1.291303061598989, 8.570705420048707;
  -2.550234485525032, 0.07501955482512672, 4.878618987693428;
  -4.623884077407252, -0.6947169678538219, 8.171345254576163;
  -2.462740559345223, 0.09587212346743719, 4.886791289955563;
  -2.479879318375063, 0.0493009385936215, 4.934592407655502;
  -2.439919753968587, 0.1791600065985405, 4.918265515868232;
  -2.459276488403981, 0.03244493930726128, 4.952313811186755;
  -2.443990860177635, 0.1015950137751179, 4.932500858990512;
  -2.431893353069696, 0.1355515354369708, 4.931567969551117;
  -2.426314175587069, 0.088299178456224, 4.955149606187816;
  -2.410024421519163, 0.03433771726792885, 4.992800722981267;
  -2.32984269975168, 0.2445578150209294, 4.930993656987996;
  -2.370982453487269, 0.2093393804727286, 5.005865959606064;
  -2.29818114656642, 0.3400325315896269, 4.908419376849097;
  -2.327932262379006, 0.07455416481401302, 5.032788089957824;
  -2.273444869331712, 0.2897140678203773, 4.95081699280024;
  -2.312510317695389, 0.1690170753704421, 5.025396395427962;
  -2.353500923505254, 0.1448677862759972, 5.117793226468814;
  -2.247554715071383, 0.3301175832125408, 4.942489868221164;
  -2.429956227122669, -0.1250820026779917, 5.277548952680568;
  -2.300018838843303, 0.1312449052363428, 5.060790912989686;
  -2.230550101657548, 0.2792874985310035, 4.95903638474218;
  -2.616455814333367, -0.5061222726754725, 5.672410963104435;
  -2.589968024810612, -0.6530724039371018, 5.681022278844202;
  -2.222623004278537, 0.2863780058306072, 5.067172502713364;
  -2.201920938490306, 0.2951644541990121, 5.091296855154021;
  -2.517891213557911, -0.5095452932110293, 5.720616962678988;
  -2.489519598242123, -0.2003372283857512, 5.676007575733762;
  -2.527523125738926, -0.2611135735658423, 5.751524102333781;
  -2.526681580065622, -0.304243293348761, 5.777962752851443;
  -2.045613026467848, 0.6070760196928634, 4.948589353549491;
  -2.025214217163556, 0.6226180784381397, 4.931619376740841;
  -2.067043904243323, 0.4123617338339236, 5.047518312937608;
  -2.458341936893241, -0.2643054180866753, 5.816272065619079;
  -2.458983402921552, -0.3158561768084758, 5.91637393676396;
  -1.960908047719645, 0.5947115716962006, 5.133914753276055;
  -1.889534692371166, 0.4517552471021578, 5.147281190055194;
  -1.892082881841198, 0.5009752530804545, 5.31512017916286;
  -2.894515130119522, -0.4022853334023185, 7.601496480256607;
  -2.803534405558671, -0.2531908149982427, 7.414046664167878;
  -2.849789598514907, -0.3005575809499092, 7.567845563577502;
  -2.884734365903985, -1.017446629553181, 7.636350425431386;
  -2.875872378913297, -0.6333295662375374, 7.625206978098704;
  -2.865036746786611, -0.5543433988168349, 7.607724070812336;
  -2.780126955578909, -0.01933517930273844, 7.441070348421256;
  -1.865873278697432, 0.6086545902246764, 5.34328785480137;
  -2.827936598324367, -0.6654240823878029, 7.600248295105804;
  -2.738738278942325, -0.605989590105472, 7.428778576489787;
  -2.713653882240701, -0.2362468921376155, 7.41232107448928;
  -2.770948261361748, -1.103761629373589, 7.533332463000944;
  -2.692637233934966, -0.0122842811844464, 7.380367435634438;
  -2.829004274431486, -1.314663413665839, 7.724091864032102;
  -2.760334955816002, -0.7485875723780139, 7.581573338062898;
  -2.674421862730079, -0.3588500365558502, 7.401046042438957;
  -2.683306562698943, -1.600989321406399, 7.413798083131995;
  -2.72306003292566, -0.06573111889689083, 7.542864961923998;
  -2.705306917864564, -1.371034409254553, 7.489876939444318;
  -1.869596531122881, 0.5364815052172546, 5.512140811787679;
  -2.69641123416906, -0.7687140862550334, 7.494059842728258;
  -2.656319082232067, -0.5236021015318059, 7.423913059088688;
  -1.894529563825439, 0.5749146376804492, 5.602002300842857;
  -2.670242457385054, -0.6009871196303382, 7.476110383991572;
  -2.65596551322145, -1.040041560867934, 7.439905105985766;
  -2.657032123754713, -0.3042637463602901, 7.467567967771553;
  -2.651512993946555, -1.594920507596091, 7.451827996541227;
  -2.547902739586253, -0.2324680496308331, 7.231682532708671;
  -2.727474451585932, -0.8614918539792235, 7.682051250379987;
  -2.493580842973432, 0.02558757974074395, 7.153272283151038;
  -2.846606784661683, 0.1946605915259142, 8.04657119532453;
  -2.608905364449871, -0.4005675924001608, 7.451824272176912;
  -2.603847886764812, -0.3349768279696624, 7.457087305143106;
  -1.870561707545908, 0.4962090526456827, 5.648103447136798;
  -2.638143970454675, -0.2734592585993267, 7.568636833733087;
  -2.634997365174855, -1.366207273751913, 7.560243887624125;
  -2.6020219283302, -0.7009701696104157, 7.503181303777059;
  -2.620183147454483, -0.7384710275842914, 7.567282429928036;
  -2.577669023536955, -0.2336288286134391, 7.492199488453583;
  -2.618699856938684, 0.2169238303089709, 7.622961698772546;
  -1.846616398479788, 0.4443960412749419, 5.674567288689484;
  -2.573611311895752, -0.3875006686637147, 7.527411630756929;
  -2.569769428198464, -0.7978724945571956, 7.530878179366395;
  -2.677279462480652, 0.1381262146233801, 7.842118860664657;
  -2.472466287473355, 0.02201904247042631, 7.355024637573183;
  -2.550236505311672, -0.6569516975921418, 7.568729502434892;
  -2.546631394827633, -0.8460737399432746, 7.579002763954555;
  -2.514998552691352, -0.7389785557258658, 7.52408611487548;
  -2.50555882016344, -0.9476646472296088, 7.490850638805388;
  -2.509064714835771, 0.2041597042742937, 7.544131989374713;
  -2.693039118211515, -1.349751144626254, 8.002263201769274;
  -1.771189892863223, 0.6262869748035682, 5.684882668972132;
  -2.469466775667232, 0.1653288479933443, 7.533853169459818;
  -2.328030138107772, -1.514958004417496, 7.212283324073965;
  -1.972460397236636, 0.3254584210348725, 6.314437811512276;
  -1.879112269193482, 0.5631871764268264, 6.072822230823169;
  -2.199273736519073, -0.4256797505503431, 6.958949911141851;
  -2.43230939515832, -0.6020168147776401, 7.610958647137713;
  -2.276091192310766, -1.444579498640006, 7.190973099991541;
  -2.433113798883805, -0.6480005495289249, 7.688213564269612;
  -2.30130286417671, -1.458311822461785, 7.391490174056645;
  -1.835922656648494, 0.3310250780535986, 6.160409927061815;
  -2.24577017612451, -0.2295527379094464, 7.358453671970757;
  -2.317330034670951, -1.526640153585213, 7.569841258416797;
  -2.037720170987086, -1.272861745975464, 6.779043441860701;
  -1.804619461871846, 0.5746372607377395, 6.376303529069376;
  -1.788515472727737, -1.198730013379455, 6.317940644970463;
  -1.684432095448177, -0.6854342191934557, 6.069953170579235;
  -1.780770143888032, 0.2838679284904262, 6.408111824483031;
  -1.792083326511973, 0.3859078225189159, 6.450502529566458;
  -1.790526950409016, 0.5275815220273833, 6.4576475926635;
  -2.144765935294938, -1.609662466707234, 7.547847033997909;
  -1.745132015584812, 0.332737494091341, 6.364851393531228;
  -1.771392823166896, 0.572758903069631, 6.464468442047584;
  -1.583979798448276, 0.612845389327907, 5.942699760879161;
  -1.872548822433452, 0.2971483673817634, 6.945631578820349;
  -1.68249699112621, 0.599733941670169, 6.412549858083497;
  -1.777050164621965, 0.5910854201256871, 6.735798967349367;
  -2.109598833364397, -0.5186521953083252, 7.923089066509232;
  -1.896362250903506, -0.09932389940413387, 7.309763956386429;
  -2.05018669940463, -0.5477041912704871, 7.891276298070573;
  -1.798799384029025, 0.5870631091810169, 7.075184044258872;
  -1.766533481432585, 0.5502427365983649, 6.979092424704092;
  -1.934015519412097, -0.9403065842970393, 7.659557788281084;
  -1.944424774196692, -0.250165853043067, 7.742613323037204;
  -1.934795416017926, -0.6208059428128293, 7.716626832129363;
  -1.978850166431065, -0.2919566912275843, 7.883169175781854;
  -1.936105093028842, -0.1793328887391892, 7.756350192227003;
  -1.756555606492764, 0.3887464010965395, 7.194502906698901;
  -1.880975603778271, -0.648306666078676, 7.644571602340019;
  -1.878512069036685, -0.9945786197172705, 7.636724246691963;
