m=[-19.39431348948335, -3.961208519481413, 26.84996067866429;
  -7.592512577576621, 1.99009120274508, 11.21667370949217;
  -18.5700822333786, -5.272474674597511, 26.02331984265085;
  -19.06258232597077, -1.475792488496464, 26.79590048150908;
  -7.930407250301689, 1.993000173249651, 11.73757819157075;
  -8.035084607847399, 1.964034683225022, 11.91010224857733;
  -9.623519090446258, 0.2904913690593672, 14.18065402738108;
  -9.460452592706595, 0.3959982830950519, 14.07410123608046;
  -9.75593844108557, 0.06601621998332125, 14.549500637591;
  -7.411273480596693, 1.981604696777466, 11.30528326234949;
  -9.101860703572614, 1.938579690993376, 13.66533442545965;
  -9.371210865734206, 0.1334448436670379, 14.25047962604315;
  -9.525801782926415, 0.009134604025567079, 14.71549224624091;
  -9.440926867640039, 0.06882228365970998, 14.60349708691459;
  -9.565617949206406, 0.0653849872462791, 14.93068069478031;
  -8.924370885305217, 0.6328762352144381, 14.22794538509336;
  -9.317613427585123, 0.05463038538482767, 14.82599669966278;
  -9.026665092000622, 0.1092476531987194, 14.4130221959302;
  -16.55719013919316, -5.741160652274211, 25.6572485866068;
  -16.52092597904105, -4.067477797751039, 25.63525824070467;
  -8.879464484938845, 0.5835244320689847, 14.2492843974522;
  -8.770681153076856, 0.229904867716499, 14.19133044808983;
  -8.885331744264507, 0.6269932295999872, 14.42400672120366;
  -9.187704346346591, -0.03795807745984333, 15.12523165543704;
  -8.745357309048908, 0.08516010868926878, 14.48444302808635;
  -15.51011722421759, -4.238071339358466, 25.01194897440974;
  -8.773826918839843, 0.1964378861162999, 14.64999895211785;
  -8.610319049972373, 0.3092876742824763, 14.43410129856139;
  -8.619129091592924, 0.4414046008759665, 14.48218867375147;
  -8.803444654859678, 0.06644153167625762, 14.80432829236937;
  -8.626599628219328, -0.0140221108462017, 14.61816629620831;
  -16.01938410435686, -4.912301524025033, 26.69971858312004;
  -8.52601777697833, -0.02311323301377346, 14.89156765667518;
  -8.379147123236972, 0.2386590976618314, 14.69010831235036;
  -8.213592006326556, 0.09359792190433416, 14.42946844206815;
  -8.485892864471119, 0.1414731084537722, 14.900795810663;
  -5.904974823445479, 2.029785489819378, 10.70318448719417;
  -8.398768540895853, -0.05353427292599074, 14.83777230789315;
  -8.44894573079841, -0.0002715878220572338, 15.01732366474884;
  -8.355581690910984, 0.06476510974269434, 14.96114366769498;
  -6.2289516033365, 1.95787417870918, 11.4210493981871;
  -8.239555008359529, 0.2610704062250697, 14.80780541637446;
  -8.278813917843575, 0.1122464127528106, 14.95273551359877;
  -6.682120654568263, 1.902541940704089, 12.30139260789137;
  -14.0612497671174, -2.112637046888208, 24.84909323729682;
  -8.132641605766283, -0.009168932921772373, 14.97874755853781;
  -8.089054090596594, 0.133071951761972, 14.95755674199774;
  -8.064231050986354, 0.05320797563962425, 14.93839830241542;
  -5.567907991442985, 1.993284917653536, 10.67811246956633;
  -8.00138687475256, -0.04096711510451831, 14.93703712124534;
  -7.777131657639265, 0.174177556832987, 14.5700625595511;
  -8.004548007021686, -0.1383810128263047, 14.99690757095558;
  -13.13168133944475, -3.775334195029554, 24.35728980809573;
  -7.657653406943496, 0.2252631092766929, 14.64915227377554;
  -7.548304629623645, 0.003847644798504097, 14.71794365255019;
  -7.367726861084437, 0.2868185268723729, 14.61970621099111;
  -7.407803635724505, 0.05009766926477733, 14.71285979811057;
  -6.146578333631085, 1.933193618786623, 12.39088408373139;
  -7.397661617978942, 0.1470683103254183, 14.72025053154719;
  -7.269510446565484, 0.533790317266147, 14.6535075542682;
  -7.378121949139552, 0.09733867662710811, 14.85753041662137;
  -7.320831482691126, 0.3043219135751038, 14.7750174377797;
  -7.236709052467869, 0.4033676157445101, 14.67511826662259;
  -7.264377434344317, 0.03533553402833622, 14.80856927216518;
  -7.413070923286169, -0.1629109575884971, 15.10154018559302;
  -7.497045446362548, 0.2728348045044972, 15.31087035838094;
  -7.751105882851895, -0.2643695668165921, 15.81643719063741;
  -8.428892536652118, -2.283919704337494, 17.19979302680351;
  -12.40886808075768, -5.305497681676261, 24.93708664771189;
  -7.186975139234451, 0.102399095270207, 14.88911662090095;
  -8.84552341218229, -2.726812096177941, 18.1177463538993;
  -8.410335120548481, -2.398707250437004, 17.33349743784138;
  -7.182405366509786, 0.3247522931068638, 14.95472680476873;
  -6.899690231639044, 1.058457200570693, 14.41881574864797;
  -7.158751347473433, 0.1704714613233674, 14.92692202586707;
  -7.060146193900896, 0.2632233303403352, 14.76527003206545;
  -8.701704912390524, -2.195611980939126, 17.97521860062033;
  -7.074097891582699, 0.369696618877765, 14.85867401127168;
  -8.219483938544448, -2.614094306685736, 17.11546830777789;
  -8.229532149703033, -2.477193466816309, 17.20882809883619;
  -6.958368442219835, 0.5522400135763532, 14.71158227766555;
  -7.162791427067934, -0.03397178641303252, 15.11734483669723;
  -7.370509978263824, -0.2006747674760991, 15.5365811152684;
  -6.947424689847061, 0.8806944555330455, 14.71519152410204;
  -8.201238215600766, -2.369356521896429, 17.19873825939122;
  -7.02488833545514, 0.3011644595660718, 14.90373093098565;
  -7.088997272549219, 0.1534996740841247, 15.04428117506824;
  -7.102700546966396, 0.06901855418355533, 15.07466337734608;
  -6.895657710046274, 1.02026245913022, 14.72763797174062;
  -6.97719229442349, 0.6849143847662697, 14.89502152303369;
  -6.991452644467722, 0.5441460649829846, 14.95680855042997;
  -8.199213349302649, -2.512775067740071, 17.36811658223761;
  -8.144185510043844, -2.649610429250251, 17.27580553720604;
  -7.203775715481112, 0.005352757665261103, 15.39802699057858;
  -11.58510053592396, -5.08925810519634, 24.3116002523115;
  -6.91683057401666, 0.7215035598054987, 14.9584971792503;
  -7.096990424362518, -0.04115043855983155, 15.32131137711736;
  -6.984175111540972, 0.2236746106279012, 15.09918217449429;
  -7.21088377805455, -0.1763922934329068, 15.58036943535451;
  -7.04215246376577, 0.04293123062270969, 15.2555192336716;
  -6.911396606396968, 0.5051411153497331, 15.01939573085851;
  -6.806726820301032, 0.8674081092765418, 14.82281768160994;
  -7.092874249680773, -0.3651057191856328, 15.40480056804251;
  -11.34359766881688, -5.427353417454187, 24.04940028603945;
  -7.16397940164313, 0.4409727765465083, 15.57839425092942;
  -8.028047120360901, -2.623077552194424, 17.41191516098608;
  -6.765944021110787, 0.9937720641116828, 14.87866326414641;
  -6.953397836720618, 0.1792734592530604, 15.27795034180352;
  -8.109274337223464, -2.506103430214428, 17.65536435606299;
  -6.893488031294068, 0.3933599012910918, 15.16791993109103;
  -10.88144846507889, -4.51550183641146, 23.45879365881108;
  -7.774484266183877, -1.960372128323534, 17.05311335878132;
  -6.870585395788196, -0.03269375706610882, 15.24214395766597;
  -6.682670476110648, 0.8367381299317149, 14.85714488710593;
  -6.694673504655182, 1.035258509166605, 14.88961616227806;
  -7.187693898972992, -0.4292239304322856, 15.95024489333269;
  -6.704183449028885, 0.7484814955328267, 14.95608303880348;
  -6.516446431709425, 0.8812327532092261, 14.58784052786477;
  -6.800344957327852, 0.6169033474134269, 15.21214081969859;
  -6.859290636020084, 0.1550464462139102, 15.3450888749103;
  -5.243788714345249, 1.956227960412453, 12.05310832905716;
  -6.979768072666293, -0.3941574947514768, 15.71113616957574;
  -10.27124650000934, -4.548702746043383, 22.7688202741436;
  -6.352854467585044, 0.6655140908114415, 14.49332965009243;
  -6.783991069235973, 0.2390816612266016, 15.43249983873341;
  -6.634144485466631, 0.8547887178719954, 15.12463177564198;
  -6.499746221558626, 0.9128228636193321, 14.84685681597369;
  -9.502612586169738, -4.520586132104281, 21.25484382711925;
  -7.560959869354806, -1.421778272022451, 17.11863229499375;
  -6.326392967182893, 1.032729376820398, 14.53365829343902;
  -7.538809757742726, -1.525627877720395, 17.1280803341828;
