m=[-8.633741650396447, -1.849223191947741, 12.27376260881831;
  -7.723203096059707, -1.901464673384388, 11.98397148344299;
  -7.470757538971368, -2.041351651409451, 12.04750445555481;
  -7.441688582183957, -2.281974008828447, 12.40316042322066;
  -4.062163243621374, 0.05507591505711578, 7.33685443321986;
  -4.008859067469216, -0.004519682738312532, 7.383540414076662;
  -7.022323092139613, -2.198665679950623, 12.17182654618233;
  -3.930179291408227, 0.02593141028257457, 7.280369731938654;
  -6.595623870511641, -0.9909616546865185, 11.65581119963871;
  -3.749763713895375, 0.1103057801596353, 7.173328004858964;
  -6.423322794326355, -2.09923038347825, 11.64143689575881;
  -3.622487145003, 0.1410199436181245, 7.188064760213003;
  -3.734130511354878, -0.05788683887814508, 7.431894219510977;
  -3.585619713646373, 0.2632872046352602, 7.22770892852541;
  -3.630561411960296, 0.04789756061091856, 7.310963003790231;
  -3.594270739633851, 0.1494113547045195, 7.254013834323366;
  -3.572725903195834, 0.1991405097029985, 7.245030135037014;
  -3.577679360625589, 0.01740262148166759, 7.293166293224364;
  -3.658478402436674, -0.08039936836238817, 7.452870636779255;
  -3.593076774861902, -0.01319179156540595, 7.344163532706314;
  -3.539056624788728, 0.05042402255018794, 7.331794780643183;
  -3.392074784789124, 0.5203662570778093, 7.088680750221222;
  -3.507648180374899, 0.1585982316314748, 7.303391773088012;
  -3.521357365915686, 0.083854139761582, 7.342485340657541;
  -4.159665111493288, -1.12711617454767, 8.488111417649808;
  -3.489981327361644, 0.1301169242936233, 7.298788904665593;
  -3.473883361603821, 0.1815472379437659, 7.296661880332469;
  -4.08914297804311, -1.166262315224592, 8.427624858812395;
  -3.416558531776788, 0.3586276831098943, 7.230972481839721;
  -3.489719956119443, 0.3081152340722224, 7.367861500283384;
  -4.121131000565906, -1.039842730931723, 8.513070870914495;
  -3.427852550731649, 0.4345337834645355, 7.260461113614222;
  -3.584157034807822, -0.09758481864606457, 7.555182296119586;
  -3.467349378991771, 0.07507930658571625, 7.358414312239149;
  -3.471964229999755, 0.03373786487928896, 7.368843960032506;
  -3.392840309278922, 0.5019952762936401, 7.246375309231108;
  -3.998423509171405, -1.203576146773005, 8.361129355106661;
  -3.979124060118184, -1.149578063144383, 8.344583026674785;
  -3.499475267172084, 0.0026002812692366, 7.480107202807214;
  -3.363392377668885, 0.3508398171016031, 7.273749856338579;
  -3.426233677884728, 0.1097282745036987, 7.407220702310653;
  -3.466311239567745, -0.02009869242650114, 7.483233125003052;
  -3.446172930042427, 0.02100898064712953, 7.465495484133173;
  -3.510931410062257, -0.0858842359089574, 7.585978378605659;
  -3.344869595901718, 0.4262499566317816, 7.284028505586295;
  -3.3954973073637, 0.2481705789277344, 7.378872992928447;
  -3.460958955664634, 0.213036441707648, 7.526010346325451;
  -3.463710940948881, -0.04069983895982757, 7.538018189785585;
  -3.574386981568183, -0.1839915785355915, 7.763103738451799;
  -3.299732098234206, 0.4846598742239412, 7.256282729850583;
  -3.397860903293446, 0.2780223901092236, 7.45799697491054;
  -3.471657453617102, -0.1044654034839771, 7.606449635142266;
  -3.410876526196521, 0.08793968765991105, 7.494350735126435;
  -3.384304110332762, 0.1931169713700982, 7.44657182763734;
  -3.817224659787626, -0.7383967310056829, 8.27564787839872;
  -3.273069226052044, 0.5061445886801707, 7.279629755594721;
  -5.481651632813306, -2.408053336753622, 11.50337218103037;
  -3.313684250574864, 0.3699527858166105, 7.392359888832067;
  -3.781717184819543, -0.9535774608958518, 8.295090662680591;
  -3.485832637708862, -0.2081617284509462, 7.735427386045547;
  -3.354044932919906, 0.3042671451929374, 7.502884655901772;
  -3.357687397201663, 0.07589669632885161, 7.511565591587349;
  -3.415192528161354, -0.192860810986778, 7.687440943114846;
  -4.996361053552569, -2.073352420414901, 10.77141553133845;
  -3.323604397455333, 0.1171305876576206, 7.560670968501089;
  -3.685572821004489, -0.6930426093251862, 8.344438670401571;
  -3.180647787602107, 0.4571436185596535, 7.360210563358829;
  -3.652947772188742, -0.7392465304465301, 8.29945109496396;
  -3.238481118334619, 0.4341139116386365, 7.488038487229869;
  -3.678279877755775, -0.3799960497593275, 8.370137213227984;
  -3.273463249523576, 0.4149568408910311, 7.56833825853655;
  -3.651169734241603, -0.2938178214947166, 8.324524573527624;
  -3.678434134316914, -1.096393160367345, 8.380576643654694;
  -4.85006247350249, -2.147888524696848, 10.75139232394492;
  -3.283723789153209, -0.01218848721160954, 7.617755674398292;
  -3.702752642997849, -0.9813802601697473, 8.454763584393961;
  -3.679751372277999, -0.4430869663352692, 8.414778710748376;
  -3.278961937131887, 0.02860987984433339, 7.62399561982155;
  -3.267337933725828, 0.2685138957355964, 7.622473307232283;
  -4.621812161347533, -2.309127827757621, 10.3994265789477;
  -3.292241378220715, 0.2334712321475844, 7.714718130520995;
  -3.206749125615722, 0.430388655343593, 7.550461760341171;
  -3.335892287362208, -0.1653653765900162, 7.818298070577437;
  -3.322099993665314, -0.1085732747341421, 7.796456301942007;
  -4.656908300468536, -2.263844112596288, 10.50945887493307;
  -3.645321771456154, -1.071269015692008, 8.480534962121254;
  -2.954634693150581, 0.937341599276506, 7.097508512331593;
  -3.256472471345401, 0.2113288097356462, 7.711959440046916;
  -3.39947806834147, -0.2151060324440739, 8.008339662464932;
  -3.634235744846545, -0.7062464167353282, 8.502206104265261;
  -3.217588138273579, 0.3804149125591436, 7.656411597161739;
  -3.237860776913415, 0.3071660496099678, 7.70181776841916;
  -3.246410801080762, 0.1867936259654205, 7.744891729876877;
  -3.638304862376018, -0.6045271554572834, 8.557613021744805;
  -3.054262610852239, 0.6188356942010851, 7.382659097626908;
  -3.589680155309018, -1.155283777447112, 8.492629322849183;
  -3.137955380088621, 0.6682438289348107, 7.57233224787707;
  -3.638827416855113, -1.223175166182261, 8.605353625348263;
  -2.963436251840115, 0.9110586766859569, 7.216293228367502;
  -3.623381730792885, -1.101004992764461, 8.579263221970068;
  -3.236090159462231, 0.2948348445764836, 7.796461118546951;
  -3.200773167275879, 0.1907517058710437, 7.725897612292354;
  -3.583751980747009, -0.5768616734608628, 8.530309664254778;
  -3.042207252646401, 0.6069004411605059, 7.428771487611677;
  -3.213654558666657, 0.229160097553541, 7.784988400716629;
  -3.574683737989082, -0.459167775365698, 8.600776107103837;
  -3.616536340352522, -0.4352371397527391, 8.717556660817964;
  -3.595275676006349, -0.6703137575711692, 8.687349972344393;
  -3.191516822489789, 0.2152086965552828, 7.842284452367959;
  -3.535183616902319, -0.2750746489466706, 8.591075537956945;
  -3.186269310248259, 0.3371067133223988, 7.860437631795326;
  -2.920273884963886, 0.9107717057327944, 7.377276717030314;
  -3.158567220377605, 0.3386535554549686, 7.895974403657474;
  -3.83585850853409, 0.1193334165522552, 9.616645823749572;
  -2.839211296680574, 0.9280026807508324, 7.391018412458736;
  -4.393818544920616, -1.767390639684828, 10.90298805210835;
  -4.240741166314551, -1.931989340749838, 10.57785014394472;
  -2.873321339093347, 0.8714317081556222, 7.522732557923227;
  -2.80193577108244, 0.6847339694206291, 7.495289413529349;
  -2.836802619250039, 0.7573010611125876, 7.578249487433497;
  -4.265210632959901, -1.91312580686826, 10.90741703377471;
  -4.095012570039495, -1.159934558874055, 10.68150156360573;
  -2.827258060225401, 0.6759487765826127, 7.70173328469987;
  -2.793689181459406, 0.882597408666595, 7.657280995805018;
  -4.116585789424013, -0.5721310866698781, 10.81086502653343;
  -3.919546660415568, -0.3539793238872345, 10.36538085107379;
  -2.755167466630665, 0.7611792505553851, 7.615844939415746;
  -2.59391134420627, 0.982457396367675, 7.253500447343411;
  -4.051950984662536, -0.8923276214717781, 10.74351043867868;
  -3.999673540393021, -0.421831915070623, 10.62145488712412;
