m=[-2.072380797017152, 0.02809790298844847, 3.743019501195654;
  -1.839785356204492, 0.07162107602211895, 3.650667554067603;
  -1.823676779590052, 0.07580898544372938, 3.680573208524675;
  -1.813119158452895, 0.1010616216160342, 3.676773225075514;
  -1.728737095617333, 0.1814612492486566, 3.658784197747544;
  -1.735451081055425, 0.170360133319394, 3.704868679791567;
  -1.661739080860996, 0.224720470073497, 3.720000611462361;
  -1.879151658435533, -0.1941315589992207, 4.276117573512897;
  -1.882965195802753, -0.2267319859185603, 4.305925547603577;
  -1.543799621921265, 0.3079779231978376, 3.769807137215243;
  -1.476093881153288, 0.4603624847935613, 3.728949218651021;
  -2.093433971381698, -0.01945230811684883, 5.486243788413778;
  -1.368838774510176, 0.435081728393298, 4.021620270661146;
  -2.026218536829588, -0.1763997373616261, 5.534597636181004;
  -2.018395130603475, -0.009208270989187905, 5.532307696859546;
  -1.985083946227329, -0.4285370520216454, 5.467034905518065;
  -2.000448534381108, -0.26841727540993, 5.535929807786788;
  -1.980251840064587, -0.3903386577145623, 5.534432062049815;
  -1.962954157274524, -0.2247830504141052, 5.51686728060818;
  -1.407588851388109, 0.4362667340836212, 4.24891031007096;
  -1.907435095128301, -0.1740324343910726, 5.413850711567899;
  -1.950228169013559, -0.04724251059048477, 5.532934396555849;
  -1.862638017038438, 0.01911323586055478, 5.343302559597996;
  -1.941858616774922, -0.444856613901213, 5.543015972354799;
  -1.949417235503003, -0.2993107297985393, 5.568126337608447;
  -1.939916990301665, -0.2495642096601476, 5.55567413708779;
  -2.124338481157493, 0.1452694441577138, 6.004918179675071;
  -1.357688116868967, 0.4366364290489638, 4.217470091505712;
  -1.957021200036399, -0.5272105771226264, 5.643259466545529;
  -1.971958346706394, -0.5557756937946982, 5.695161334076346;
  -1.866307419388492, -0.006599593575771184, 5.461898492187686;
  -1.935229698106657, -0.5638807992394125, 5.652971695340085;
  -1.890033854961353, -0.2259943777855742, 5.566048212840746;
  -1.990775563041358, 0.1027081022138973, 5.831254752842132;
  -1.874461765953268, 0.01669339373516538, 5.576097251810881;
  -1.912406854234363, -0.4926440848757944, 5.675744248878345;
  -1.911599230296983, -0.6350954100915431, 5.689090254451547;
  -1.881878582651072, -0.552949788209916, 5.629989925224487;
  -1.876992426579924, 0.1527287106106901, 5.643648218974902;
  -1.871103688369231, 0.05618948574465091, 5.626873097152459;
  -1.841227590283406, 0.1232687312883033, 5.617220062823286;
  -1.868892475621641, 0.02960455806018545, 5.694251831480616;
  -1.81611603618926, -0.4495038310297223, 5.682823113438827;
  -1.713928348898696, -1.087788469689278, 5.414902836002308;
  -1.234680279164264, 0.4919788591622645, 4.388551478079344;
  -1.348562154912681, 0.4294168820665406, 4.764905737312599;
  -1.346234318604346, -0.9022966294449999, 4.755580060032993;
  -1.327611730515566, 0.2116311266080727, 4.777418611738641;
  -1.324800619766442, 0.3903545418288952, 4.777976411379684;
  -1.26362453330584, -0.8272806789372839, 4.581874147023131;
  -1.324773775253384, 0.4283499201340347, 4.834590132112592;
  -1.414418004460583, -0.07408157988986838, 5.452049967427915;
  -1.534769992987551, -0.4100114189793381, 5.907410321298884;
  -1.448553788792958, -0.7042780430864835, 5.736914385291963;
  -1.449100615812179, -0.1864384246233722, 5.770254464611051;
  -1.445052163485742, -0.4636650280125398, 5.763362992419533;
  -1.45608695637211, -0.1348709225970588, 5.833319887758698;
  -1.312342273243757, 0.3880876165875789, 5.430956996697843;
  -1.415377844408621, -0.4878313624626586, 5.752311329404581;
  -1.268975589913308, 0.2809660807997196, 5.443110720403203;
  -1.267460081731756, 0.4377989914116136, 5.656600635138444;
  -1.214777689452236, 0.4436403413086118, 5.52976810253047;
  -1.44454014087659, -0.7302325857155276, 6.330472491202433;
  -1.343268178181726, -0.5194833605115485, 5.99057955233587;
  -1.318951092489335, -0.8103731370210233, 5.974439288649005;
  -1.343187578374117, -0.6385141994099581, 6.097510319996896;
  -1.313910232676345, -0.7690324146930069, 6.017562137683118;
  -1.271969756478897, -0.3918429299313864, 5.893656081071908;
  -1.279738374203414, -0.1911904618188715, 5.938745010374541;
  -1.194853363741829, -0.4737119996026567, 5.896914772727563;
  -1.192190856000421, 0.1505698982934725, 5.939449643656899;
  -1.183087439727348, 0.3093463836673833, 5.980181804691348;
  -1.162399113476249, 0.2537486874306414, 6.129730404478462;
  -1.174564446958515, 0.2936227367323841, 6.205476779924518;
  -1.675886941314693, -1.348939154379569, 8.564209210352505;
  -1.61668004035859, -1.073313274068503, 8.308794513159466;
  -1.159873784601175, 0.3217784208368139, 6.322491634217993;
  -1.628583367516869, -0.3496282856399103, 8.475076670457574;
  -1.151446577710321, 0.3475236887572621, 6.387200463551581;
  -1.150447311910869, 0.3817477169164715, 6.440564422225855;
  -1.609882694699545, -0.4444939588902595, 8.605617831337934;
  -1.620257122032196, -1.40346894656469, 8.606535917992675;
  -1.161977941602044, 0.4041088409964793, 6.517384219086219;
  -1.610007786711655, -1.042441404085112, 8.589999716800069;
  -1.135603241544076, 0.2919627698024859, 6.407587594113569;
  -1.621937746973797, -0.378635738616551, 8.743304425501281;
  -1.627055001604757, -0.09236895549060283, 8.787698199143566;
  -1.670959796850683, 0.009457317590111787, 9.072167074733697;
  -1.124644108466886, 0.3876442451818625, 6.514172749222208;
  -1.602517281511825, -0.06839902683075085, 8.879791108130958;
  -1.107417125375726, 0.3884827073983769, 6.744363710151948;
  -1.365107859692443, 0.07432306815842391, 8.254254978729136;
  -1.535452222316371, -1.326839129767803, 9.083084079099988;
  -1.514750667478003, -1.290549732650329, 10.01421553068472;
  -2.235351963833138, -2.895480616916465, 14.10580647488092;
  -1.285541825199225, -0.2238783121541309, 8.766473437579817;
  -2.013445303786738, -2.971802873761526, 13.24287779841032;
  -2.034771826925353, -2.933488333469851, 13.5419010147728;
  -2.058004675984853, -2.671362886494233, 13.65898342403851;
  -2.099891753303438, -3.290254600957249, 14.29095272191277;
  -1.935925665895336, -2.713694369746245, 13.49110054084646;
  -1.364085092587839, -0.5234244463347118, 9.876839763828983;
  -1.929248334600608, -3.25638636006625, 13.98968082490192;
  -0.5887040085125865, 0.2176248676454954, 5.141504041812905;
  -0.5599147471419507, 0.4772958846497938, 4.985325414397013;
  -1.631014840649947, -2.909705438947205, 13.44886808835941;
  -0.5212209866896815, 0.2197474380136563, 5.165869082906112;
  -0.5938490322137727, 0.1441560255164892, 5.815413419072369;
  -1.644539233226845, -1.481002308150917, 14.58102359899593;
  -1.590744751624559, -2.367665482460442, 13.89927386830144;
  -0.5034485683145114, 0.1305317914157956, 5.773603314740172;
  -0.4775914613111377, 0.1516625538507997, 5.754556500836593;
  -0.4454587749819325, 0.1241195653897815, 5.655739985705003;
  -1.055207383611088, -2.677960458593036, 13.28493995098781;
  -0.3161983694033642, 0.1982207012417714, 5.260490656896039;
  -0.2939255457838385, 0.1532877129386444, 5.248791996554413;
  -0.3024558285445771, 0.05155120487381537, 5.481929042552224;
  -0.2872515602743987, 0.3298295878601317, 5.396852231054973;
  -0.7997735573862289, -3.051740886840259, 13.37690650950051;
  -0.210560340593312, 0.1023162723100391, 4.315891692417979;
  -0.3323527527632311, 0.09495280773786795, 6.422021376211777;
  -0.2742198563298461, 0.3503854435475876, 5.548236243655784;
  -0.681974510594625, -2.431341762579113, 12.0294207727461;
  -0.2690817720186525, 0.1718114237057631, 5.506235381357742;
  -0.2591911268812093, 0.2770930551068078, 5.499936806609451;
  -0.2452575180714437, 0.4057355133949709, 5.588943818214236;
  -0.2075202753919317, 0.3397430756991294, 5.281224963447532;
  -0.1852433688857671, 0.4184119663178139, 6.167310266085892;
  -0.1644570552640735, 0.3931099357821204, 6.149341691571956;
  -0.1493297570305967, 0.3814265338862656, 6.316705412041991;
