m=[-9.396997947632883, -1.946556340021465, 12.54108861800554;
  -9.086348132678088, -2.610643590688689, 12.26124870816066;
  -9.205530683221054, -2.461153899318619, 12.40883184530505;
  -9.202794654425667, -2.071875564114507, 12.41216232978874;
  -9.1090500046248, -0.7497955620753541, 12.34376333951022;
  -8.697037938005336, -1.898175282697507, 11.93256650365324;
  -4.55693196743803, 0.3132582708358719, 6.766550546568021;
  -4.555639551226036, 0.2894788563998539, 6.809924723712047;
  -4.530076250697139, 0.3110299783554803, 6.856673578165094;
  -8.137819621390044, -2.278958386176666, 12.63108749362149;
  -7.866819229566653, -2.440168578314452, 12.64086284840987;
  -4.126540160657581, 0.0183518010496595, 7.147339249337425;
  -3.925506369094602, 0.1095927582405282, 7.012255763252119;
  -3.879124801504635, 0.06681466944704959, 7.027862747147499;
  -3.86438429633929, 0.0432100166818842, 7.070883203468539;
  -3.805397892882961, 0.1398814971601084, 7.049846687533246;
  -3.828853445421101, 0.01821781964803381, 7.10367371118693;
  -3.836836748855238, 0.06686315926825433, 7.131701154213951;
  -3.779554408114159, 0.2697440498250976, 7.113938070297775;
  -3.795749478658434, 0.04257524525366362, 7.145208878903756;
  -3.775400092886418, 0.1491258223189396, 7.119507555533391;
  -3.716424055320139, 0.3012322397897862, 7.051585207405974;
  -3.770141944586205, 0.2026848130353701, 7.140065433992362;
  -3.768452916609039, 0.008042160201725719, 7.179447265049145;
  -6.628128069253288, -1.929485650715055, 11.81120452625396;
  -3.778285769561346, 0.1313144115599777, 7.20459318298329;
  -3.844646315592431, -0.09275563804469397, 7.330351923892467;
  -3.933322092492012, -0.1410026352531602, 7.535797500013721;
  -3.577395526602832, 0.5428865616015105, 6.972261483041867;
  -3.734715658973158, 0.04450437566632552, 7.233920429860897;
  -4.130694873835236, -0.2859692604966581, 7.899218456328897;
  -3.686185816789795, 0.1596006624130615, 7.178059633759685;
  -3.701614393756313, 0.08216548501718338, 7.218046341536719;
  -3.688798847439599, 0.1283997394322792, 7.208232577846632;
  -3.72304237379154, -0.0534202129540075, 7.272539602791399;
  -3.660505520665552, 0.1830623859125168, 7.18718023071042;
  -3.654954971617936, 0.2840916780505677, 7.218546829129044;
  -3.667160665494703, 0.1492153334052591, 7.274574358641483;
  -3.556902926906971, 0.5189232896375043, 7.095645523790748;
  -3.767862663929838, -0.109944466724495, 7.448679199196705;
  -3.670878114194106, 0.07222561656918852, 7.289411846592317;
  -3.681878851783524, 0.027277155097069, 7.312903390350519;
  -3.651300960115637, -0.002780982714804034, 7.315172086322521;
  -3.603203797240796, 0.1122581880342019, 7.29188077153713;
  -3.646716626331961, -0.02911988948433902, 7.376295678972986;
  -3.525396989389654, 0.4417982832923183, 7.174570262709323;
  -3.587276971750812, 0.2547609090375151, 7.293024269574571;
  -3.633619926702879, 0.01340244156237719, 7.372829289438052;
  -3.614871324529787, 0.2222583883135566, 7.375103626979241;
  -3.476985071852501, 0.5033542644048448, 7.147235014405354;
  -3.549163303404426, 0.3229631559402054, 7.28283413839587;
  -3.685858131826044, -0.1442633592177524, 7.526699241849512;
  -3.806190584260042, -0.2071836577777499, 7.748896509579419;
  -3.543512465153151, 0.3697156749164166, 7.294907174586269;
  -3.645223395062844, -0.08439091204388272, 7.479035992377377;
  -3.564437211960594, 0.1961442918984018, 7.342768343820339;
  -3.586696709078008, 0.08553042994463693, 7.382296128663604;
  -3.460412698841626, 0.4260605537412879, 7.191203721461071;
  -3.567782141146799, -0.02858300578456572, 7.413373077666231;
  -3.498562164346414, 0.387990413505772, 7.301035962028871;
  -3.435128701316487, 0.5081210291785655, 7.219588981948929;
  -3.553383941383708, 0.3125924389880077, 7.442352954020983;
  -3.549430374645374, 0.07247425154778797, 7.440752580816665;
  -3.504566046106461, 0.2455707019006974, 7.388967241673334;
  -3.555331371894968, -0.006514770946284111, 7.528565635987254;
  -3.478267417593985, 0.3517260630197348, 7.403346651419626;
  -3.510498069924204, 0.1846763011018946, 7.47116446693101;
  -3.456467255333201, 0.4388771008021143, 7.375686844633422;
  -3.533981682304926, 0.1169713911489346, 7.536279565086429;
  -3.422143651178391, 0.4540751328813695, 7.410599215311269;
  -3.446804957624347, 0.4350665706298057, 7.469418684363832;
  -3.92193696844185, -0.3334986329545326, 8.375805653867271;
  -3.887422679141452, -0.7369829153470912, 8.307748766860378;
  -3.507547581681303, -0.02393612443602056, 7.633464299386696;
  -3.886405856057086, -0.7951337814787494, 8.335406917141318;
  -3.833627024296146, -0.3162229191331185, 8.250525572336031;
  -3.882492454617904, -0.4107648292373262, 8.348409121194514;
  -3.916412466276935, -0.9500920304556197, 8.42680795811067;
  -3.471699474886873, 0.1537627615765881, 7.606847366522569;
  -3.884537124492902, -0.5046986434559094, 8.380513150143575;
  -3.484818562004306, 0.1139238566570205, 7.659548405639415;
  -3.91942434591965, -1.169093147338049, 8.467563116338626;
  -3.475734829936975, 0.1577493476351369, 7.648581546047955;
  -3.421687912815592, 0.3696029026339666, 7.553231240332148;
  -3.901961086749218, -0.9191813407600172, 8.448760336868608;
  -3.175628243701869, 0.9996811884492339, 7.096210098163696;
  -3.525451049170313, -0.1261464352673411, 7.7767430341109;
  -3.848566427310404, -1.001319326509949, 8.435458985677332;
  -3.435145616155676, 0.3970353304787768, 7.661651177241236;
  -3.838816901218732, -1.137142043220739, 8.442967391799099;
  -3.456374299251575, 0.3788958808259415, 7.772364368549536;
  -3.389865121844711, 0.4498358851443393, 7.646628486881719;
  -3.849160174449837, -1.287102462927267, 8.529837274379045;
  -3.205657953898805, 0.7109653168863092, 7.312548319928571;
  -3.215109507496919, 0.6305555628598667, 7.346534030625548;
  -3.808250117028098, -0.419866169455063, 8.512881578946839;
  -3.393306749210605, 0.4759014553397324, 7.723821614698735;
  -3.798499224771503, -1.23950426054911, 8.499846982446019;
  -3.407081370297337, 0.2925398481235864, 7.799859741641694;
  -3.841193072530069, -0.8996453298740716, 8.656912537179833;
  -3.326593206174074, 0.4536839420977703, 7.710493620164751;
  -3.797950083957796, -0.5003450559964846, 8.646336824788801;
  -3.819982195545945, -0.9572599915720479, 8.713553998895806;
  -3.864763448833442, -0.731893362173871, 8.840576825719273;
  -3.147698190493447, 0.6854159725189608, 7.65301329516698;
  -3.052896471025432, 0.9212058020617596, 7.491123244974321;
  -3.004383852667174, 0.744136857736905, 7.461566827133215;
  -4.503744455981365, -2.07599509268183, 10.75914146967589;
  -3.003842657239423, 0.7970953320101156, 7.652231227288255;
  -2.976050040531019, 0.925393877877572, 7.763063184795714;
  -2.972938239926302, 0.782636742309782, 7.840568368869043;
  -4.429286646795863, -0.6297751031699036, 11.14892721917795;
  -4.581284850656299, 0.001783412050562752, 11.54572383903359;
  -4.549940181210524, 0.02693119926774529, 11.48505773766988;
  -4.417349034445308, -0.4809929720415294, 11.22846162593124;
  -4.380682208834751, -1.560827298932715, 11.1246580041592;
  -4.392864506122227, -1.044878745104003, 11.16714264756808;
  -4.430435875397203, -0.9921898752154299, 11.25496210239975;
  -4.408962132546606, -0.5892535420556403, 11.21244737297841;
  -4.375433495198353, -0.8607422828996088, 11.13871313816866;
  -4.267225848350605, -0.04292591149136616, 10.93425962899147;
  -2.933304309590994, 0.9507387410007481, 7.8859684958612;
  -2.684719166252509, 1.019449489123863, 7.338949724111233;
  -4.297172691956292, -0.4741342114354115, 11.0880070547913;
  -4.337166034671194, -1.037086350851988, 11.17291694814371;
  -4.192095346865336, -1.445710406407313, 10.84199564072922;
  -2.933695449663644, 0.5021436298683455, 7.933801686087338;
  -4.214695407117685, -1.567597898030768, 10.91820831195111;
  -4.200349194249421, -0.9438720550205066, 10.91188395166176;
  -4.16410692572503, -0.3790227211308134, 10.88952457811441;
