m=[-18.46218658527702, -4.93597643285497, 24.88657924424929;
  -18.20782222065292, -5.231379393201451, 24.56989688503154;
  -18.58865567107244, -4.184965861007479, 25.07123328791677;
  -18.40739266036952, -1.515172418541576, 24.94403901413184;
  -7.904246556099071, 1.964425096775469, 11.37801768435463;
  -17.29615188815452, -3.774978128634739, 23.73077870119378;
  -9.675302013978801, -0.01267056008996057, 13.95623430663325;
  -9.663685466174268, 0.0475373126311252, 13.94988111089795;
  -9.330826102853211, 0.3218020687439918, 13.59330944126397;
  -9.628284091362872, 0.04881217411512092, 14.0479168489421;
  -7.277951045559441, 1.962022618948374, 10.90649806160846;
  -9.531112028534555, -0.01382116517935832, 13.99944516488949;
  -8.967333128154181, 0.6164435391635039, 13.31551871152537;
  -9.389900866643206, 0.03285066278253526, 13.95904956402207;
  -8.943780064258515, 0.5683143268427795, 13.36946619638631;
  -8.898752188848494, 0.2096022059503497, 13.40899552997056;
  -8.900844048976955, 0.6111220162072925, 13.47221963528678;
  -6.778898177796025, 1.941505837740549, 10.50791412853524;
  -8.845699002343675, 0.410815775477121, 13.59289733161378;
  -16.11194473805679, -4.036832547280196, 24.06638147256384;
  -9.161882618782972, 0.06512594154997191, 14.15378760085141;
  -8.706119219892953, 0.2941302461140966, 13.60967115017696;
  -8.549311307069518, 0.417167364851847, 13.39795363403502;
  -8.92659573943247, 0.0415686081233772, 14.02418029026647;
  -8.780527781263398, 0.1117618691341192, 13.94853050848616;
  -16.07097151996306, -4.500600532255364, 24.94450071645586;
  -17.05456942033828, -0.7261824155160231, 26.63769814359099;
  -8.340872231519379, 0.08059369800309896, 13.66577950932093;
  -8.485162481990727, 0.1240959589330621, 13.92737021625133;
  -8.420540496770105, 0.2695157482678502, 13.84627222644489;
  -8.60428753481966, 0.04031988753591146, 14.25115633117889;
  -15.45098914185488, -4.792663604894979, 24.82754832860403;
  -8.4648241889192, 0.04416280227300855, 14.17211477336073;
  -8.34370661937394, 0.09301081184009098, 14.09051962053886;
  -8.282548199155128, -0.03588698211300508, 14.26569024666239;
  -8.011653621003708, 0.03562991455486395, 13.87651740880456;
  -7.873058228766815, 0.1590893031611456, 13.76646294566219;
  -13.7616732372619, -2.111130800567219, 23.37891708673996;
  -7.663328894363827, 0.2139457363895132, 13.68924596028447;
  -7.863435875999349, -0.1587328216153885, 14.27357366454069;
  -13.05832329904698, -2.622777458067796, 23.2620984224581;
  -7.437708779200281, 0.2734005401698518, 13.77903390810931;
  -7.387347680010144, 0.527229632253461, 13.90458456862695;
  -7.57186316667193, 0.08366595593265437, 14.23987261266683;
  -7.375793979402907, 0.2913390145076296, 13.90899498661333;
  -7.905163598476904, -0.3621835016513485, 14.87648543133801;
  -7.369626304335346, 0.3961949845892868, 13.95693181064062;
  -7.222792881403418, 0.585438594954809, 13.70460923740688;
  -7.372373750358411, 0.01573319664047453, 14.04543714096827;
  -7.568972445406812, -0.1826084406435793, 14.43129671045628;
  -7.716692190269229, -0.2766297569025366, 14.78430404334459;
  -7.181739794485863, 0.5841424303880867, 13.92724082951918;
  -7.294079308088146, 0.08691918617343383, 14.12819452453628;
  -6.945543544114593, 1.054018831599149, 13.53670439047223;
  -7.165467543989212, 0.3102430054695167, 13.95321774074775;
  -4.75448080929344, 2.024144230223524, 9.602542432786827;
  -7.230583521739602, 0.1604987280747266, 14.09943915938427;
  -8.728317919187941, -2.385154308306055, 16.81444957381849;
  -7.217169136230227, 0.2512152803273241, 14.10297385115299;
  -7.302540777519961, -0.1047807798768509, 14.2646823950671;
  -4.982297883663561, 2.069059707756878, 10.05681776970169;
  -7.135899691560084, 0.3568673276940907, 14.01090557082079;
  -8.452254191443084, -2.440158294978476, 16.45719469317167;
  -8.583662710819008, -1.925414484969335, 16.71089069195094;
  -7.12495760362679, 0.5538074141464626, 14.07181224303066;
  -8.312341047668484, -2.111259695615889, 16.25116936799192;
  -7.062195541851773, 0.8839152190665451, 13.97239078386848;
  -7.31986835518575, -0.2135903281477432, 14.47063123613509;
  -7.100808287964655, 0.1397105108869688, 14.10036357636839;
  -7.109084081181359, 0.05266756373218375, 14.11997710200996;
  -8.276389513689871, -2.670300106710928, 16.27491030346965;
  -6.972131066020244, 1.017177376754902, 13.90866481501334;
  -7.042219327462765, 0.6801684273412074, 14.0561913807933;
  -8.250335084055536, -2.509444680478116, 16.291387968295;
  -8.196879600570311, -2.388852761752728, 16.22955905452858;
  -4.936563970595716, 2.030214421713654, 10.19363481644401;
  -7.129296249001927, -0.005429968620434863, 14.28313619871288;
  -7.088894259546413, 0.6292662343975924, 14.24176422340407;
  -7.564443950677142, -0.5292485478473193, 15.16854426579511;
  -6.837904266010322, 0.6995031658071509, 13.8294755424802;
  -8.20802871480775, -2.838791824809321, 16.40210530180299;
  -7.033905102040098, 0.2191420430241018, 14.23466455093643;
  -8.131058705294631, -2.666379641937219, 16.28966578963678;
  -8.337203024360775, -2.576798443799236, 16.68442500192335;
  -7.103987687077177, -0.0567270115950494, 14.3693955546999;
  -7.075016793679239, 0.02609587712608251, 14.35562664558498;
  -7.185141770404106, -0.1917804316683942, 14.56288251921676;
  -6.869790599558127, 0.8609134524699136, 13.98077875909314;
  -6.985186549046631, 0.4960733417144569, 14.20105986542755;
  -8.046315661924394, -1.979165541236317, 16.24922294487537;
  -7.00197250418992, 0.4305124537177051, 14.28550788550606;
  -4.858287913837588, 2.0376262857323, 10.2500149477868;
  -7.144904745286238, -0.2796493850226406, 14.5902384752911;
  -7.594842162148403, -0.4134126088971158, 15.46208594084883;
  -6.725663452597935, 0.9736571511977421, 13.82516643878003;
  -8.414592624154665, -2.016886242510293, 17.03790496812529;
  -6.925524931642101, 0.6302018806292268, 14.21108162312347;
  -7.019207316592532, 0.1673840495459755, 14.44723967555331;
  -6.964836565978771, 0.3832618882548871, 14.34761742609611;
  -5.354453478688491, 1.994980972751695, 11.3109474515852;
  -8.136076195030221, -2.662502765586324, 16.66829288198076;
  -6.683157782980945, 1.024362506795082, 13.89729052800852;
  -6.943265698172213, -0.05562542659929396, 14.42717547248225;
  -11.49122409676965, -5.111738736388976, 23.18390643018849;
  -7.113246305131063, -0.5189205624360438, 14.77988999985806;
  -6.846775494273978, 0.7593071468835312, 14.28831381561887;
  -7.814107471096604, -1.998367591690857, 16.17879102807521;
  -7.117472147102108, -0.4396724661149734, 14.84062491540169;
  -6.941703811427066, 0.6106641333841776, 14.53898895225919;
  -6.659712976368108, 0.9850985234670076, 13.99667803092881;
  -6.900193004522042, 0.1408919941380682, 14.46503339614322;
  -6.101270738790657, 1.952557231277928, 12.92383206470913;
  -6.839080853184457, 0.4792256340376326, 14.41940135312267;
  -7.833215046198391, -2.336516942584606, 16.37255504163657;
  -7.033032684631711, -0.4114570901267425, 14.8606430090849;
  -6.912416258794258, -0.01266627605162232, 14.63733589475817;
  -6.856179632897528, 0.6933041023347303, 14.5930914540937;
  -9.867533506444675, -4.147196367422911, 20.42007007467212;
  -6.840757775823433, 0.2264224960637236, 14.58803912136293;
  -6.533476890128638, 1.048847189883221, 14.0052848189355;
  -6.759609891754749, 0.4038296971046374, 14.5615751474369;
  -7.69364665942024, -0.6542228148993516, 16.43078144991981;
  -7.633065480703436, -1.447087007334756, 16.31250202735442;
  -6.797271502892066, 0.6675620118298068, 14.64970745567838;
  -7.522902851109623, -1.539137808362801, 16.13481936385808;
  -6.672839591516905, 0.8854013253274018, 14.44993106112464;
  -7.519390547781398, -0.7955459567357137, 16.1687239237919;
  -6.756780139727727, 0.8528620563192603, 14.64231960969611;
  -7.539963367545312, -0.6219460607751001, 16.22710299780167;
  -7.618602071117675, -2.301763367116592, 16.39705808340568;
  -7.598598821969162, -0.987248260142227, 16.39324205415877;
