m=[-2.757821317483917, 0.03074259574917018, 4.657298866874974;
  -2.449054594062222, 0.09002407445617444, 4.537097014172506;
  -2.425416230613136, 0.09580234702472583, 4.573758741940848;
  -2.39622965022889, 0.1942247746340577, 4.546633350656772;
  -2.416135374820054, 0.1298927079965143, 4.575786516041185;
  -2.299141527064023, 0.3489055177100656, 4.480973880020802;
  -2.368543132188234, 0.1025507317426441, 4.612231909346693;
  -2.340219926660152, 0.1819001906001475, 4.621941244758822;
  -2.307525214478007, 0.222870905207544, 4.60579463979787;
  -2.191881659803228, 0.3242210879580744, 4.606664278629998;
  -2.207251780192205, 0.2802607953355767, 4.710010746619374;
  -2.166912746059876, 0.3526144317842539, 4.644451516013469;
  -2.50392537737212, -0.4746976021745135, 5.351098834142681;
  -2.514501761638812, -0.6099991011852534, 5.410365644097846;
  -2.506913753507834, -0.5905513391572063, 5.428120121575336;
  -2.485483481557555, -0.6466726488450145, 5.447793188517111;
  -2.054430142534363, 0.402920134403314, 4.694378502653865;
  -2.472999855920255, -0.7325569782067392, 5.43903439021274;
  -1.964504916311289, 0.6099615789313568, 4.641618175247903;
  -2.563025348672206, 0.3801072683389744, 6.2800928494137;
  -1.898613076524077, 0.4352751987882723, 5.025037242794131;
  -1.850345601181879, 0.4823408149242185, 4.962231768363677;
  -1.855851816898789, 0.6015162539096834, 4.989318330593281;
  -2.693315337070315, 0.1143029668311735, 7.005203734900389;
  -1.863951936162661, 0.4435721218459218, 5.193457812971051;
  -2.676656643993256, -0.0193444146467061, 7.017925060538494;
  -1.861159032708959, 0.5630008658945573, 5.193255713121394;
  -1.867559644393819, 0.4692391295890164, 5.213581597394947;
  -2.627330514838121, -0.5779635432571555, 6.923443283577731;
  -2.738561011028992, -0.7542077300696991, 7.209979268348;
  -2.613836225741845, -0.1398175438998424, 6.979750413684966;
  -2.658538847140025, -0.761150205517133, 7.076101299080428;
  -2.655504448563189, -0.661849290774192, 7.08217882495285;
  -1.83526568473831, 0.4687105356448872, 5.224694410645025;
  -2.577030812770198, -0.3052969542288789, 6.939306010599464;
  -2.648437924969091, -1.049775725412014, 7.10848440152123;
  -2.544649045193907, -0.2508196107300573, 6.89974391734798;
  -2.64120929776761, -1.478629581976276, 7.121975640463119;
  -2.58312655588113, -0.0698783488857863, 7.012850208836993;
  -2.630914643234173, -1.515099153919316, 7.147786041169698;
  -2.560107601030759, -0.5960701226442644, 7.000687830516078;
  -2.56517653050319, -0.4014275982857494, 7.020440563652494;
  -1.832552247233264, 0.43642863832442, 5.313754021274733;
  -2.470692881635239, -0.08379803418613634, 6.814478948028041;
  -2.538021376915222, -0.3331398806598986, 6.969141970660216;
  -2.75321997041813, 0.1765668018241669, 7.489474165956543;
  -2.471979766326031, -0.02876752283159774, 6.842182366316894;
  -1.806336421191805, 0.5774153269182665, 5.291382254165585;
  -2.823078000018391, 0.4316709433915991, 7.704794431581633;
  -2.592723933742696, -0.7090966440010533, 7.163579743044341;
  -2.606941084848769, -0.7442992098487768, 7.218242520942548;
  -2.444748093825315, -0.02120653356850779, 6.852591689629946;
  -2.561741119882174, -0.7534470171956067, 7.169975060113009;
  -2.543135597289301, -0.7993447069380945, 7.144096588186748;
  -2.497485237828122, -1.323023645582992, 7.02559290983417;
  -2.613414596656374, 0.1281447347277708, 7.347935761743399;
  -2.526706868850558, -0.6183785156209898, 7.127759799278851;
  -2.487130930155374, 0.0140484490644955, 7.079971687613412;
  -1.832653662237034, 0.3995020529386447, 5.498493668097628;
  -2.524061910728867, -0.6610495336098249, 7.183330060665959;
  -2.533228641632543, -0.8525974263820704, 7.227294015939968;
  -2.438066232024815, -0.8724936061455203, 6.995567762192584;
  -2.479838713488653, -0.7348907299346896, 7.112372895072848;
  -1.801863650693993, 0.5737658277346782, 5.462132567707267;
  -2.451706800881948, 0.1925622959418401, 7.071972777018563;
  -2.475186561702062, 0.06774068398962294, 7.12846411098701;
  -2.484490606039776, 0.116311914078491, 7.22545955324158;
  -2.434719171505876, 0.1587923552647272, 7.113793748067546;
  -1.832411176032343, 0.4965174609671136, 5.60890164336768;
  -2.461445482419471, 0.03154064718931296, 7.190152810291684;
  -2.411023423630477, -0.5815529866858594, 7.109644437496197;
  -2.411066815078369, -0.04252657202995027, 7.128381005572708;
  -2.506309531072184, -0.7649007439117065, 7.354032980943542;
  -1.834346967332826, 0.4399109523251669, 5.68676897264797;
  -1.86970748342072, 0.2809905417209161, 5.829357608067869;
  -2.414116540467562, -0.6080188112231192, 7.237643634594377;
  -2.288627187343196, -1.466163682746235, 6.91591886497164;
  -1.824603752278696, 0.4384375890797422, 5.770982065680706;
  -2.408962479106326, -0.6546274336363509, 7.3035895525007;
  -1.808895905723088, 0.3209060942997274, 5.75291554814022;
  -1.833492425352147, 0.3954885930891355, 5.828485098358213;
  -1.863246568329775, 0.4342042875557849, 5.92047376246172;
  -1.809669048083752, 0.5849386892455605, 5.783923186437911;
  -1.805628097910752, 0.4868520860479105, 5.77187790345082;
  -2.265243907838705, -1.447748038360343, 6.977403906662605;
  -1.855519669152119, -1.179182736958039, 6.02461047757036;
  -1.796100040833097, 0.4163755539892524, 6.021782184048555;
  -1.794189850436972, 0.5680951048980065, 6.020226067703514;
  -1.787407258390793, -1.207862919244097, 6.00844531505397;
  -1.760931209544294, 0.2768199090340256, 6.023724152713907;
  -1.765810584650863, 0.4304332777281687, 6.042365967872764;
  -1.750180345302011, 0.5103055126079628, 6.000888731614185;
  -1.712606104600271, -0.7061177328876088, 5.893207196086374;
  -1.740711590910441, 0.2072775577249167, 6.009722749915102;
  -1.531159612495144, 0.591049651163961, 5.419982228824534;
  -1.757989959039113, 0.5664437400456003, 6.101315431021119;
  -2.049086781170942, -0.6880983888849132, 7.203099048353365;
  -2.124116989328685, -0.5178286848058697, 7.480495756869241;
  -1.753925038867459, 0.4536778762106606, 6.392633519344286;
  -1.97540519213762, -0.09994761410037739, 7.101048050272207;
  -1.975956802113823, -0.1377787036729755, 7.136291552228506;
  -2.052732773105896, -0.5136402928402492, 7.415424855319335;
  -1.970621003963858, -0.2185020483787283, 7.179906158302011;
  -1.859777805841187, -0.1035598211721779, 6.867711082861793;
  -1.768173974977828, 0.5711072782805096, 6.639183818228183;
  -1.729944007524825, 0.5352354736653294, 6.526942100755834;
  -1.872098098507588, -0.055778653085127, 6.964784214525093;
  -1.985310907800669, -0.5413120150908983, 7.363821014845767;
  -1.915891335552159, -0.9402858324226274, 7.283843978804605;
  -1.882509680375754, 0.2261511506806252, 7.233098593363311;
  -1.909122823640155, -0.6220180288929886, 7.311151446834804;
  -1.823423350578679, 0.03279632567302931, 7.047372711973859;
  -1.721520559521895, 0.5600735824947247, 6.729313388666927;
  -1.728800627295182, 0.464294564659123, 6.761552022524715;
  -1.916256146808561, -0.1841578976220277, 7.372529925840641;
  -1.749781737649543, 0.512807435993645, 6.918112505203848;
  -1.870214112509213, -0.6550488941622862, 7.299267468546888;
  -1.847283474934554, -0.5960240352397208, 7.287038222260456;
  -1.424690935784579, 0.5709966238338334, 5.88453235553331;
  -1.696163032039688, 0.56456764291592, 6.878615838367894;
  -1.703314092774355, 0.4928550267702407, 6.944394442213036;
  -1.660272417070406, 0.3632103052944746, 6.824866246563718;
  -1.68491119221733, 0.3191733728754113, 6.941785616191223;
  -1.976282214804908, -0.5517170207056689, 7.957174591319293;
  -1.687098356623923, 0.3987158616855713, 6.996927734456338;
  -1.912062554563752, -0.3787284243443851, 7.789003659762336;
  -1.681936432989388, 0.3477046935029791, 6.991397590407249;
  -1.670060526917371, 0.3782153479777287, 7.093990994750868;
  -1.741172539925518, -1.124430078458359, 7.421750515358629;
  -1.771822851905132, -0.6944998496290753, 7.602564841497532;
