m=[-4.04567273838425, 0.02148950317258274, 6.505615459068862;
  -7.981138033212186, -2.249097831488379, 11.91277590272969;
  -7.779517907833384, -2.439294597803287, 12.0272990668635;
  -3.724705741931036, 0.113166308907845, 6.390279798619464;
  -3.693418282039252, 0.1396325399584463, 6.348519207137635;
  -3.846587846489941, -0.04250474821132064, 6.587403719773054;
  -3.702094579640473, 0.07644115740502727, 6.398884467273748;
  -7.274099165199066, -2.305334813187679, 11.66580424446284;
  -3.658036872694474, 0.2645029646564727, 6.392415795188483;
  -3.655200333998586, 0.1473683270982444, 6.399916662231818;
  -3.681561874536757, 0.04459804839176778, 6.440670899082699;
  -3.628548271335349, 0.2973472793482862, 6.384545539836475;
  -3.636501461437359, 0.1985881149730338, 6.396049541652415;
  -6.863010745820068, -1.046652319023762, 11.16332177028434;
  -3.479283155098394, 0.5347243286788763, 6.282312633850486;
  -3.559065399699331, 0.3311501471221761, 6.40181365653119;
  -3.581733542956311, 0.1580263142300613, 6.477356801891219;
  -3.558483642663807, 0.127547644463085, 6.463333916850571;
  -3.551006530893302, 0.1809386521720983, 6.477103023190465;
  -3.497127839552372, 0.4426540053458998, 6.425925325070966;
  -3.528423591914293, 0.2777276687692332, 6.475727806672986;
  -3.548968266847213, 0.3105236888370186, 6.516406472264738;
  -3.547764249057357, 0.07305299856077344, 6.548224173509642;
  -3.475730048013905, 0.3400496355323749, 6.446206448831584;
  -3.571145689364391, 0.03064978943529994, 6.593757757561518;
  -3.516837745091325, 0.08336386973829474, 6.54596673525886;
  -3.402551262508379, 0.352980785779505, 6.386056595292001;
  -3.561848909112783, 0.001122981697299682, 6.63965014387916;
  -3.518957173845301, 0.3162454599701833, 6.57563357885725;
  -3.575419781585584, -0.06759545663400961, 6.697694953352712;
  -3.399019665814961, 0.4315190851527249, 6.424815649437641;
  -3.531620562008582, -0.02457242251376686, 6.649759999541052;
  -3.468646462515636, 0.2496409858749515, 6.557642438482405;
  -3.52440012111374, 0.01709849278421223, 6.656361178979602;
  -3.364316895052546, 0.489895442007681, 6.416498334355757;
  -3.566672550390662, -0.09246366570863528, 6.736334875263123;
  -3.391536294259764, 0.3956310175010003, 6.461806954705146;
  -3.504711325857272, 0.2185078143247002, 6.652335677788846;
  -3.427509498122574, 0.3159219448799692, 6.54056771236264;
  -3.520136603631648, -0.04527525422961042, 6.689624921429039;
  -4.081396886357305, -1.187583141657885, 7.591610315012113;
  -3.574471882557202, -0.1380737361020241, 6.802986721623837;
  -3.449740666659115, 0.1937459944765087, 6.613898897647776;
  -3.465419548925264, 0.08641239319529057, 6.642067658517347;
  -3.486138101455683, -0.1077837014403832, 6.679785198639546;
  -4.078939761716664, -1.252489478390681, 7.679642238656218;
  -3.374443286956959, 0.3817069018659501, 6.552248526063646;
  -3.936960919877608, -0.9703742987779185, 7.470903940912771;
  -3.312281338299293, 0.4944741275467659, 6.465666928271109;
  -3.417371018138136, 0.3059494411386322, 6.668005895681564;
  -3.428256449082843, 0.07365086547091707, 6.693007340350934;
  -3.372105463737638, 0.2407397779177763, 6.619278942300089;
  -3.880905435787788, -0.7835285718662022, 7.456881977943937;
  -3.391827213861498, 0.2853937117916138, 6.6855794754741;
  -3.338202660214737, 0.34265795068334, 6.620990250965036;
  -3.445998321092038, -0.003853856363969364, 6.801994109187053;
  -3.274762664288051, 0.5354466081543675, 6.522186412796258;
  -3.428672485927738, 0.1176520876224301, 6.813618360355397;
  -3.190888495555562, 0.4875722819980774, 6.45619676297733;
  -3.285925945255235, 0.4395829007126877, 6.624966146745732;
  -3.380512026879847, 0.05112467481212242, 6.812287400874005;
  -3.402403728219504, -0.02053631944705762, 6.904790801907781;
  -3.350979416775736, 0.02703912426176209, 6.816455620870467;
  -3.047621050203567, 0.9650061720795122, 6.321842655252844;
  -3.349536419440902, 0.1529220315991109, 6.847193356409867;
  -3.766515678976777, -0.7122393958607814, 7.563437015175822;
  -3.271911472181171, 0.437360359236748, 6.726375177757805;
  -3.791984446409506, -0.7721488984506219, 7.635908558682449;
  -3.320789834695624, 0.3634877498415871, 6.831553653444595;
  -3.221139595616198, 0.5746796256674509, 6.684384396449229;
  -3.78011279519361, -1.012783574680945, 7.6730465852763;
  -3.80076950790208, -1.134013657879, 7.726057398518254;
  -3.049285290561165, 0.9366180711705476, 6.430995725410472;
  -3.314683000509287, 0.3884435986391266, 6.901936461423631;
  -3.327377246962065, 0.3123621241595416, 6.932958467502433;
  -3.74022523935576, -0.9019540025925111, 7.711518341306322;
  -3.754321858716125, -0.972457953725134, 7.736665647819532;
  -3.103274418350051, 0.6057279644868374, 6.593853737891515;
  -3.722826058690892, -1.104912100765836, 7.703370881319592;
  -3.763025151311059, -0.7368915554256943, 7.829705120008616;
  -2.710544711392541, 0.9922269662532812, 5.955202298489144;
  -3.730020816536211, -1.219829344273822, 7.85649743082564;
  -3.725632837975181, -1.149767364718846, 7.862936090235392;
  -2.963218169596584, 0.9281468460130423, 6.510105356459928;
  -3.247241675414596, 0.1277895082502214, 7.070186338887531;
  -3.654817499239226, -0.2837751640270288, 7.908991895240749;
  -2.933446670371839, 0.88981295670568, 6.698458606284921;
  -2.862788017704597, 0.9595586705693892, 6.605874777831564;
  -2.878571132835872, 0.7207535519320228, 6.655986714813118;
  -2.877449038408414, 0.76956909429606, 6.714437606751637;
  -2.861337124381589, 0.6272869627009428, 6.69470545732535;
  -2.905165963097999, 0.9198395112878282, 6.96596650714388;
  -2.799699734458302, 0.9086380773414879, 6.830195327301829;
  -2.846162058272312, 0.888450403193542, 6.929916734095911;
  -2.910956846525354, 0.6724805045025809, 7.189224484521593;
  -4.435074591767767, -0.04698537089933515, 10.52816371713069;
  -2.79823332723365, 0.9140245834698263, 7.033525370761018;
  -2.827814928452987, 0.7805610663075718, 7.114808247642758;
  -4.268885790147141, -1.524981683153266, 10.36326473508633;
  -4.238501578879456, -1.790491076326721, 10.35385166313594;
  -4.196051781661603, -0.6460623675045344, 10.30873095018304;
  -2.720771894510063, 0.9373971939043596, 7.068690225308253;
  -4.074242366637599, -0.7523181476408446, 10.05373477057241;
  -4.186969241336671, -0.4564070478601972, 10.31735428107404;
  -4.209749638706058, -1.005269167174937, 10.36412346492053;
  -4.041092296899697, 0.1745281608987746, 10.02555362139314;
  -2.805740045585753, 0.805809426733209, 7.294298286207443;
  -4.029798433282632, -0.3775745670099147, 10.05199274663586;
  -2.832641943018228, 0.6803358210300682, 7.392463050004027;
  -4.019793083232843, -0.02413361310578709, 10.05480731613123;
  -4.000296270749553, -1.256847195467129, 9.984582128956825;
  -4.088052793005806, -1.651583586341177, 10.18767480320742;
  -3.943906836612776, -0.8652838078034353, 9.912540259247491;
  -2.810770712583115, 0.5830086305129572, 7.373666510773108;
  -4.156867330678856, -1.959642141314166, 10.43455644726232;
  -4.116666372527868, -1.133099318553555, 10.3573047714568;
  -3.962857189074713, -0.5450629025436387, 10.01995140278626;
  -2.798569713568033, 0.5438753257812499, 7.428236098589271;
  -3.940827627392475, -0.2072277324823944, 10.03417969496291;
  -4.005909461401902, -2.049847131862789, 10.16112520602869;
  -3.96873517078802, -1.136324910733463, 10.09363582194242;
  -3.927009386512101, -0.7876698749547458, 10.02942905202535;
  -2.805350088625637, 0.873018123237981, 7.511149540828865;
  -4.005530956073614, -1.585523214652373, 10.2615163736723;
  -3.838187492704977, -0.3839899953201518, 9.920762100909101;
  -3.964700142522583, -2.221287118459848, 10.21637099317467;
  -3.903984263643978, -0.09299695314679919, 10.10849791506361;
  -3.706686030052478, 0.03435205447019948, 9.674660456478069;
  -2.771485926995651, 0.5859087038511354, 7.509980212026769;
  -3.954521738712531, -2.280045975585944, 10.26870804753424;
