m=[-4.130545270519821, -0.08662613510682435, 6.248060374051089;
  -4.027889159897181, -0.08344253275820823, 6.211318976498524;
  -3.761277147173694, 0.03975623525425615, 5.893535930808322;
  -3.695365393518107, 0.1099290251509998, 5.852580377765966;
  -3.683676884422014, 0.1376311635704695, 5.83959380923671;
  -2.962176010286368, 0.9739416843776688, 4.901066711189174;
  -3.711445426145565, 0.02023455844078103, 5.901061213223783;
  -3.707060012722113, 0.06741444476417868, 5.908572941384367;
  -3.641659335295942, 0.2623309028071274, 5.872856671496129;
  -3.64857149386889, 0.1439358619201762, 5.896677373910266;
  -3.638059874307429, 0.1979261466218024, 5.907340202488824;
  -7.803838882001705, -2.453534616108368, 11.59501700187332;
  -3.480277124742321, 0.5340315319963808, 5.788247088300947;
  -3.520217293948118, 0.2759140234791892, 5.969652102145025;
  -3.550423692268653, 0.3107769675604823, 6.024333339507953;
  -3.519825053142074, 0.3318974557580911, 5.989172217981813;
  -3.370340245995143, 0.3841479719087274, 6.049303795259291;
  -3.405665929968551, 0.3070346556615103, 6.154342912470893;
  -3.31772652272154, 0.4255172102542478, 6.096643303413417;
  -3.355389344024018, 0.3439151957482456, 6.154960728750534;
  -3.88436253165543, -0.7884081924164341, 6.980097219315186;
  -3.895375157855108, -0.7442499141496662, 7.001853891699787;
  -3.854320464957815, -0.9871938796704282, 7.012656448879807;
  -3.341392425253409, 0.4380764404000217, 6.25166684903617;
  -3.061616602755257, 0.9688979295011035, 5.847095260144566;
  -3.036710703685908, 0.9344484991288121, 5.913860600023901;
  -3.753285145462937, -0.9383310527250336, 7.161127550262092;
  -3.751237908289175, -0.8850742385785385, 7.159984087055347;
  -3.720270860976889, -0.82646188477656, 7.146835596708343;
  -3.742735813108916, -0.9726127916183325, 7.229584770783921;
  -3.769973585255595, -0.7380364787671746, 7.354556138482048;
  -3.71256162109145, -1.147316874932384, 7.351364836216349;
  -3.236623167389952, 0.1268743283771511, 6.558358500289542;
  -3.878493561631815, -0.05161468221974853, 8.102336820101442;
  -2.822216073491329, 0.8582323226348267, 6.249723827758583;
  -3.870428704857594, 0.02765146740274329, 8.241567241760151;
  -2.785674911557583, 0.907014123671148, 6.30215803035649;
  -3.856766512645153, -0.01561100954217796, 8.344200169834556;
  -3.79307285622161, 0.4974941070434938, 8.242900796186065;
  -3.896120252890583, 0.1258656162723592, 8.535257891184228;
  -2.799816770929424, 0.9165552628194048, 6.54059830952592;
  -3.654204011661571, 0.4695432511868286, 8.302918697294615;
  -4.534164141697785, -0.0614331809426032, 10.25496025420258;
  -4.366034967673476, -1.144591564069538, 10.11275051177556;
  -4.114652965822807, -1.527193200216596, 9.699177548974131;
  -4.226940086335241, -1.106139396498068, 9.953480049342504;
  -2.471448340194251, 0.955723778081833, 6.285048012206977;
  -4.024322089369756, -1.27372438888019, 9.573348112621751;
  -4.084065749662046, -1.657713474346976, 9.709869450578232;
  -4.014136189570833, -1.39812027352181, 9.631905074748058;
  -4.097939134101615, -1.132803245273677, 9.839337445819636;
  -4.125814356583292, 0.2475254873149543, 9.916922455486274;
  -4.161399058254454, -1.96724725793677, 9.977312941690745;
  -4.058758601375208, -2.208527099571487, 9.751872472561066;
  -3.96897700365244, -0.2091294771242496, 9.622803308760396;
  -3.932808014875385, -0.320175439020809, 9.54671910897598;
  -2.762228193805982, 0.629269899849348, 7.016309781644359;
  -3.995981348854763, -2.055454322146094, 9.671743404020749;
  -3.970994138685318, -1.139745783897335, 9.626072934450415;
  -3.985425599535972, -0.9935175351966566, 9.672846104519413;
  -2.792642993261067, 0.6724225878900938, 7.098651968843214;
  -3.943938403217354, -0.7890826503408189, 9.598219417981026;
  -3.82739604455963, -0.4517068301294043, 9.370903095683065;
  -4.059298977849617, -1.074651964745236, 9.89807716038778;
  -4.022055470026701, -1.596102002775281, 9.828413361749449;
  -3.934422889696723, -0.1607366677915284, 9.697622993736328;
  -3.726092994904347, 0.01590116248842963, 9.245413066570798;
  -3.999313717187688, -0.2276345794267509, 9.851385957908271;
  -3.922689120168787, -1.737421132311307, 9.682283605481249;
  -3.890157079332667, -0.7613910939213185, 9.651026998604767;
  -3.853162751273519, -0.6031120134700347, 9.58761298342251;
  -2.749678225899892, 0.5460371605186977, 7.144241708926141;
  -3.808546859745198, -0.5022515998130195, 9.501458656184946;
  -3.752562146570923, -0.03947832789536226, 9.406208826338117;
  -4.144420599726962, 0.2685883593950237, 10.30232722896132;
  -3.89058515577751, -0.4135865510514833, 9.743079769522723;
  -2.801147413752005, 0.8381369051156824, 7.31080505453575;
  -3.868585118783741, -2.037924208175034, 9.721987429755732;
  -2.781229696125497, 0.7061148958874433, 7.322636588323745;
  -2.665667504246292, 0.9354787944232051, 7.066877096256849;
  -3.942946957286286, -1.125271144995025, 9.951636284202122;
  -3.778138693169905, -0.4712038158306574, 9.601125580097692;
  -2.780921352241894, 0.6170180627423066, 7.361204185143822;
  -3.967154165851081, 0.329298286720353, 10.08189383239403;
  -3.792542775566948, -0.5875784707123003, 9.680228725853247;
  -2.735814696084265, 0.8763655223068101, 7.296729026290477;
  -3.894504499554357, -1.13725795382756, 9.937191176738565;
  -2.757408131665734, 0.5766038730811919, 7.346955770445694;
  -2.776770676589694, 0.4035368117787964, 7.388942106082152;
  -2.788010250773058, 0.4472080402111008, 7.423988083914402;
  -3.797291476749333, -0.9281129115315943, 9.74312902840596;
  -3.888382272424265, -1.230150158615043, 9.958886685911613;
  -3.889046764516788, 0.1930901073053589, 9.985683397452368;
  -3.600718555244853, -0.3224475753326442, 9.392721526685458;
  -3.797833051089849, -0.9950153307767083, 9.852285546053071;
  -2.781263232464544, 0.7607617671594752, 7.521399990732227;
  -3.795145244354722, -1.277247697922364, 9.87844664085438;
  -3.738562474978859, -1.100153004472356, 9.762683310447157;
  -2.79573779132492, 0.4619858084333788, 7.569238852974496;
  -2.812977345422392, 0.8473522002609935, 7.625627553606576;
  -3.706693801389644, -1.509158468028971, 9.758944985650428;
  -3.684428663666518, 0.1741006792107606, 9.764354535020654;
  -3.723958681987844, -1.03130403718301, 9.841667812245335;
  -2.727513774283444, 0.6638419156099726, 7.50018033652529;
  -3.708575056012846, -1.251521374350945, 9.808849769284793;
  -2.723147056191455, 0.8712273935927645, 7.517549794044671;
  -3.695003784986972, -1.231862228634995, 9.872735875508646;
  -3.664106425288212, -0.2691087078797965, 9.832217732683859;
  -3.614857870546517, -0.8650953266843054, 9.710685588680532;
  -3.651222927023057, -0.06322713053827395, 9.825958069497521;
  -3.412036071870767, -1.765075230530832, 9.2251415560927;
  -3.731495166867813, -1.145957408775845, 10.01773931400988;
  -3.668226857257344, -1.570408997383356, 9.933499364746202;
  -2.663419692702896, 0.5854417120196185, 7.520260702525554;
  -3.796849823933804, -1.244795694593262, 10.30627621359202;
  -2.737486643959614, 0.4945957548144707, 7.732715254642449;
  -3.651561200261495, -0.9207119648406406, 9.998535912005195;
  -2.72320992960053, 0.7465063232340535, 7.729256741508241;
  -2.721994258333481, 0.5741189315366281, 7.825908621092158;
  -2.764511778159203, 0.8747716129908149, 7.945331081133171;
  -2.836814113447449, 0.3403735294780971, 8.313146458192787;
  -2.702432388724676, 0.8653884721076688, 8.086163371041108;
  -2.667884664254216, 0.358069554346007, 8.132360552174299;
  -2.663363084196762, 0.5041448371790344, 8.129550252679058;
  -2.6525861795745, 0.5699685039186915, 8.105077355337233;
  -2.66616396973657, 0.4301621940737859, 8.143387356398581;
  -2.655129055210508, 0.657255067508142, 8.115339989582584;
  -2.616122569403294, 0.7718308462156962, 8.007086000593604;
  -2.569537984704649, 0.922702229947684, 7.987370104528077;
  -2.643999605800885, 0.8636046389359356, 8.196738576503458;
  -2.314730016821349, 0.9501188860109781, 7.346928693494031;
