m=[-13.8784393317626, -0.4154160578751529, 17.50788303018764;
  -13.92749641497338, -0.9119580685587854, 17.61866764515692;
  -13.49252748878833, 1.88092206028245, 17.16542735418619;
  -13.55403179713324, -0.7083182408506646, 17.22185260130796;
  -13.75448174665349, -1.265069040851647, 17.4850513385977;
  -13.42770622539082, 1.465182445942122, 17.13248999463934;
  -13.33209077177758, 1.37147903100677, 17.06382017689563;
  -13.39939591673386, 1.667865112955052, 17.21107606862717;
  -13.33184557153296, 1.94286392537932, 17.18822687586097;
  -10.2742820124651, 2.100284840515971, 13.60515619158628;
  -11.80581911642291, 1.506631091086971, 15.77766393936491;
  -10.07459134229896, 1.928394733378323, 14.24788944391384;
  -9.916278876408494, 1.895671277430036, 14.14600963947082;
  -9.979336337581511, 1.828576058081744, 14.23705178635619;
  -9.752063769368142, 1.335176847315164, 13.9710827505894;
  -9.890837067521176, 1.778248612955817, 14.20723970532941;
  -9.835601640662322, 1.67355542079928, 14.24326258280148;
  -9.845890912872315, 1.913265150606131, 14.26261076364081;
  -9.803291210582797, 1.799446186569716, 14.29314513411147;
  -9.614887415592886, 1.389556601011854, 14.13866695809202;
  -9.451459553571043, 1.615926911963381, 14.23501750982949;
  -13.52671071288651, -4.357136615384089, 20.02778767783119;
  -13.5400638649327, -3.130683670469186, 20.3467857860211;
  -13.60989019727476, -4.394546712378866, 20.5135207187181;
  -13.25901230998711, -3.436997896843132, 20.04793249263084;
  -13.28827211016458, 0.1183971013973583, 20.17426039142531;
  -13.59956588388529, -1.296070244324024, 20.93848667464636;
  -14.47926789674333, -3.73418272454862, 22.23832407399039;
  -13.96725141283111, -0.1509474408404952, 21.50709224362353;
  -14.31809006412644, -4.450260071374371, 22.11195606390277;
  -14.19419365891301, -3.881757051829192, 21.9970471793031;
  -13.3696212486058, 0.1052061837147026, 21.70292920030733;
  -9.316353411189898, 0.9340993788635469, 15.92427041632121;
  -13.57647014344148, -3.641237579948933, 22.92565357433969;
  -13.47034637224428, -3.556622576714823, 22.9486326445156;
  -13.71530333528969, -0.1703917217667315, 23.39888634127433;
  -11.48333341025227, -4.548219292357112, 19.81407062511672;
  -13.63099664109421, -1.425203779818129, 23.39659329492436;
  -13.50500633624647, -3.688028838158156, 23.17691701330613;
  -13.56555373551384, -2.716964813178082, 23.2899828710493;
  -13.41167132241332, -3.171565459724848, 23.11100502159061;
  -13.35241299955799, -1.231520465038228, 23.04480959975778;
  -11.58255719409399, -4.786676700836012, 20.1300338269553;
  -13.56724314794954, -2.634426895231532, 23.42851580288768;
  -13.48218044510175, -3.815649605765533, 23.29478384750588;
  -13.53145202388985, -2.982713382462518, 23.38333465795353;
  -13.78161249700506, -1.509261858080587, 23.82584582307162;
  -13.53197188653973, -3.470111856210369, 23.41043588723488;
  -13.6650248607433, -3.76443141820074, 23.67746228290301;
  -13.40778788501199, -2.114284761041224, 23.26349822482932;
  -13.63959870075386, 0.3173728756931867, 23.68914742189377;
  -13.71692594560648, -3.129932225520165, 23.87388047344665;
  -13.67985632866168, -2.496364854241617, 23.82381399373815;
  -13.51953793957336, 0.5815343812710111, 23.60844803329609;
  -13.85206843879529, -2.352869976917646, 24.14985159515312;
  -13.46824080882752, -3.180146221160892, 23.52655336213632;
  -13.49076447713699, -2.906721738885885, 23.59631478494435;
  -13.40811551693696, -3.720757079829638, 23.49761550549673;
  -13.48034482687346, -1.681869069121846, 23.64045087630282;
  -13.41292999821901, -1.557806653240225, 23.53890033438704;
  -7.853972607176861, 2.016070514024525, 14.21699044923991;
  -13.13865039280302, -0.84507300378783, 23.09499423535891;
  -13.47325482470851, 0.1881859340197438, 23.68940517933649;
  -14.31535071796715, -4.471646359150854, 25.12681118979071;
  -11.06234285298457, -4.662597757175516, 19.62910020781079;
  -13.48507645243378, -2.016744177145966, 23.75290816733419;
  -13.76326184700271, -1.472612834303462, 24.25965575866401;
  -13.27127707556842, -1.496581784272072, 23.50340943964446;
  -13.59554768976542, -3.216321824020942, 24.07812571873805;
  -13.59911534015138, -2.673379140931905, 24.12152205202368;
  -13.55243114313165, -1.055345255397936, 24.05780429246944;
  -11.24076172746615, -4.5787099504306, 20.12262899810103;
  -13.53427252606692, -1.681705279563436, 24.06854120539625;
  -13.68503322504697, -1.428374163454344, 24.34976500936332;
  -13.35258473064341, -0.2954828886836928, 23.81804292176286;
  -13.17063644953836, 0.04028345286631307, 23.53412268409358;
  -13.50825840672328, -3.373001323490318, 24.10361539235118;
  -13.44254805445604, 0.387636601758289, 24.03223583890291;
  -13.50925972904882, -0.7418284532166637, 24.14281221916469;
  -13.60609262330913, -0.871559652566599, 24.33225645875197;
  -13.40731140313136, -1.125666926466069, 24.00758194464703;
  -13.58911493599189, -1.984306263483808, 24.35165276215833;
  -13.82721423286114, -2.896955576020913, 24.80235129110042;
  -13.49745913276818, -1.432279233202269, 24.280618291445;
  -13.47617512968241, -2.254519928864317, 24.25165745909713;
  -8.285800149215557, 0.8531987882905108, 15.31339743998926;
  -13.23392753288036, -0.2531003279201713, 23.86281725226719;
  -13.48152463162846, -0.5178179690697597, 24.29526055079227;
  -13.48423767013264, -3.460683851484262, 24.34734398998886;
  -13.4761851408944, -3.082922824393991, 24.35288567394978;
  -13.52531957871801, -0.1632686346217792, 24.4829665614073;
  -13.49592447894935, -2.978538443986853, 24.46722210396372;
  -13.50403097426785, -2.114839392758917, 24.51631277774777;
  -13.15019440231357, 0.4221900662888852, 23.93419916879423;
  -13.6941821020865, -2.33204711651483, 24.88412121904958;
  -13.73909694096732, -4.024227599279557, 24.97858698284934;
  -13.68300008035251, -3.331407700411933, 24.93739067804376;
  -13.68489604586463, -0.4252311085906946, 25.0449323211848;
  -13.38156357328913, 0.4306804565574632, 24.58203345508777;
  -13.68048326314313, -2.363883106442295, 25.1367126209128;
  -13.56521403014859, -2.710378350925366, 24.93890804629029;
  -13.51714371687909, -1.936526467569167, 24.90268190179532;
  -13.62680018497636, -1.782845085085021, 25.10926535593914;
  -14.0810352091256, -3.657080871952689, 25.93055519163439;
  -9.191451340686568, -3.805947369521388, 17.29621486085834;
  -9.626813107493788, -3.895398492860331, 18.08398410865289;
  -13.44506697829224, -0.005143928144341878, 24.9111154732528;
  -13.19857305373327, 0.4996418344754856, 24.46578015305972;
  -13.85746462615142, -2.080917159657187, 25.682372045499;
  -13.66709356660085, -1.803122898179172, 25.35542320175828;
  -13.53671200778009, -3.190686552585609, 25.12446895423235;
  -9.32003288220438, -3.716796822547039, 17.63077492073824;
  -14.11789695337518, -3.452199145385052, 26.2354478134402;
  -13.500003418635, -2.808545191197701, 25.14850751650716;
  -13.77353493821345, -3.791304873886728, 25.6354270446578;
  -13.5492934992421, -2.305056195235967, 25.2422350527317;
  -13.86289199538263, -4.071606928381488, 25.80417567341526;
  -13.52903296611777, 0.2942798209458986, 25.25945118944043;
  -8.30889732533511, 0.8372466872410866, 15.91686398731731;
  -13.7479618294742, -4.291607547297109, 25.64584837341473;
  -13.64273577361656, -0.5549163024426091, 25.53053841033818;
  -9.401359928262092, -3.866216715832408, 17.88939193180695;
  -13.67582177786746, -3.139519619982705, 25.59335615396548;
  -13.44766143144075, 0.09237537753853836, 25.24050185131642;
  -7.719663770159461, 2.018255262121729, 14.94312184001991;
  -13.22335776773815, -4.406898933825134, 24.8521867937022;
  -13.63955600937704, -2.821066815116656, 25.63337576495431;
  -13.8127488372796, -0.1524899690106103, 25.96688691662803;
  -13.67104778018848, -2.025141117756955, 25.71528165298685;
  -13.55028229624963, 0.4046112080095798, 25.60854438763225;
  -13.40770840483213, 0.1925197851722767, 25.35812426110886;
