m=[-8.238757263490816, 0.08709764487490579, 10.94723246195959;
  -7.983650901087663, 0.03994193109058047, 10.86207392590409;
  -7.836562618405881, 0.1249759212511653, 10.76287541028142;
  -8.34827266360735, -0.2866904960585382, 11.48838386750082;
  -7.581070181670862, 0.2230133460967375, 10.57720569782775;
  -8.222713287235559, -0.1694232571950098, 11.42469280769606;
  -7.996906063475908, -0.01612284721546215, 11.15117986903889;
  -8.002005884413368, -0.1657372906109483, 11.32908719148534;
  -6.425507310766355, 1.936603264067458, 9.300806092093845;
  -7.476172037844555, -0.00554493934422178, 10.67541271388528;
  -7.447649054699178, 0.08525118798537407, 10.66187484833098;
  -7.392156108457757, 0.1893296538503052, 10.59885649198534;
  -8.057329945417326, -0.1178233069842385, 11.46748578336371;
  -7.996401249395931, -0.1881637246832761, 11.46990243841359;
  -7.302019769099468, 0.2221987199800198, 10.56151455402113;
  -7.287794186170097, 0.2805189550873693, 10.54720751782373;
  -16.30856679918521, -4.68550800732679, 22.38792915952902;
  -7.669921902902785, -0.1021080335255169, 11.05837976878877;
  -7.325702303191231, 0.04626587703912582, 10.64734834652093;
  -7.372862128363102, 0.1382464835801408, 10.73526277908118;
  -7.680783604042711, -0.08498332385157377, 11.15451360681215;
  -5.792800301154978, 1.954150332795717, 8.709632179507645;
  -7.202334220598724, 0.524322133750564, 10.60841059598142;
  -7.408952617599054, -0.01048268023221506, 10.9019846645734;
  -7.237874701395452, 0.289889483577439, 10.68589437282612;
  -7.121803677212498, 0.6484226793352359, 10.53223755544319;
  -7.350023837796188, 0.09437048535537243, 10.85706931591267;
  -7.252045658261007, 0.3977338511400738, 10.75309881190116;
  -7.704541423170936, -0.2626776298406005, 11.40433499569518;
  -7.349554317360632, -0.06593051006103833, 10.92532775854581;
  -7.659923109067948, -0.2177703986802858, 11.36899523178351;
  -15.92210739346072, -5.035039113607399, 22.63703481804924;
  -7.222809232073596, 0.02626775862012892, 10.81077855514986;
  -7.250040516862083, -0.02522064811430186, 10.85601054235058;
  -7.165540646675201, 0.2163557905885432, 10.74603999948945;
  -7.609934233493602, -0.2643418042433049, 11.38598012881625;
  -7.169155018475014, 0.1150147603776567, 10.82031043456188;
  -6.903214320655348, 1.066057987652999, 10.46613888025783;
  -7.061668800869059, 0.2846988398321825, 10.68764835406935;
  -6.987915559043261, 0.5756666505922035, 10.60856887534104;
  -7.289463824370965, -0.08820719117801938, 11.05210295061552;
  -7.072059882144028, 0.7034529383492532, 10.75674766464048;
  -6.9362390587511, 1.013572307594609, 10.58155633431214;
  -7.042404082336684, 0.3152794406175485, 10.76225994315125;
  -7.545523784594937, -0.2629976051221534, 11.50018238600521;
  -7.113487917686259, 0.1663701825834103, 10.90202329614536;
  -7.162692463303533, 0.2597244719772632, 10.98979875195647;
  -7.014864466050896, 0.3621747792300843, 10.81184344623763;
  -7.174297380639957, -0.0999718232937109, 11.04650872894422;
  -7.024666771203179, 0.2092887146765421, 10.85692204554213;
  -6.988073077836285, 0.5557565907859423, 10.83493513005323;
  -7.29542327708558, -0.1845812279887413, 11.27584536267907;
  -7.033608643893587, 0.6200809728824885, 10.9224813955812;
  -6.943657166447518, 0.6600451365490021, 10.8110741783965;
  -6.99724913809923, 0.4974879821377336, 10.89707303240077;
  -6.955572449189143, 0.2984205295843618, 10.86184271424216;
  -6.827974688146123, 0.6734942653074738, 10.68773743314002;
  -7.035297272749123, 0.1514876638436031, 10.99624423777182;
  -6.977008964732506, 0.4274252944381135, 10.91381902169963;
  -7.044787350273759, 0.06430682994953976, 11.02980202351044;
  -6.923290563084818, 0.4694489020165177, 10.86413402109993;
  -6.917910317131569, 0.644122848602895, 10.85719387699244;
  -6.93725910942321, 0.5585959258093954, 10.9167275905645;
  -7.219174905948541, -0.2033332140705839, 11.31688251783576;
  -6.764862034403984, 0.7140890244196548, 10.69720698125813;
  -6.762629003150426, 0.7810809244325579, 10.71051493324362;
  -6.991000439687945, 0.006911158776484493, 11.06474688162493;
  -6.861545455790037, 0.2262539519483132, 10.94239139007753;
  -7.055024182625191, -0.1302626197556738, 11.23979923671093;
  -6.876680339729917, 0.6881169939981177, 10.98578527907229;
  -6.840701503413643, 0.4956844860262542, 10.95069271154311;
  -6.963649524617977, -0.04427276556794477, 11.13613867228871;
  -6.600581957873134, 0.9665048077564059, 10.61210301064475;
  -6.901872172439369, 0.03815034537760764, 11.07202046021953;
  -6.837695856808582, 0.3486967058601561, 11.00548978905356;
  -6.892574947078725, 0.5791272077187111, 11.09442021166419;
  -6.86123171435528, 0.4377595372309979, 11.05710923036246;
  -6.55746855853185, 1.00094967023461, 10.62512541656956;
  -6.936405054739636, -0.08761111827471481, 11.20792817393624;
  -8.468617046536883, -2.6444057444142, 13.46872769250901;
  -8.109438560587501, -1.928886180460136, 13.00004914744094;
  -6.998223455762963, -0.2688247474995117, 11.36016869080915;
  -6.864155771195355, 0.176509971787241, 11.16893603619782;
  -8.173983272156692, -2.580933671274723, 13.10902330161077;
  -5.163021733217766, 1.94362415853401, 8.655021840711063;
  -6.881321942059861, -0.2085760683201444, 11.2088504264822;
  -6.968965174484721, -0.1500420901939406, 11.34532465486017;
  -6.439163788175972, 0.8712068630136264, 10.58248676219808;
  -6.716161733486936, 0.5386651863103824, 10.99842917346908;
  -6.767907545567348, 0.3651784995683119, 11.08030710207591;
  -6.435621757602295, 0.968927760560629, 10.60488755865078;
  -6.642254753483475, 0.7656549713214177, 10.91750640974014;
  -6.798757913024966, 0.314310814434267, 11.15152113851506;
  -6.727443715651943, -0.08597881884166049, 11.05980685766406;
  -7.401165640101349, -0.3876706125721354, 12.07392765109922;
  -6.869592615276381, -0.04358576275321332, 11.30789430194328;
  -6.775682992366702, 0.3466523896047342, 11.19016121546013;
  -7.355796782364951, -0.4126186619925629, 12.09057789331751;
  -6.736853762240684, 0.6192847363600901, 11.16371717594381;
  -5.538843731466647, 1.899590862693645, 9.362352576442788;
  -6.799315269477064, 0.1509910393234883, 11.28448166779004;
  -6.645858458878437, 0.4814152579046003, 11.06454591388664;
  -7.210470825341798, -0.5076943073658147, 11.99665555387039;
  -6.555901507993243, 0.8457068545016234, 11.03587628646085;
  -6.632984492770572, 0.6841327579931805, 11.1560275119342;
  -6.66218327146507, 0.5554695671677723, 11.23428662569265;
  -6.819165697765505, 0.001160284583207339, 11.47640282693547;
  -7.750208111309297, -1.566208915346488, 12.90986989068643;
  -6.69051020240864, 0.3697552884173062, 11.29096630853879;
  -6.600688003595352, 0.2294318939449179, 11.18489071503651;
  -6.673628326570925, 0.470650098152351, 11.36833215592422;
  -6.47936099888637, 0.8765522010227459, 11.07749464011483;
  -7.604334340544455, -1.938761665716911, 12.84216230574871;
  -6.630939145817069, 0.5151394573419584, 11.33852565511163;
  -6.590868274055056, 0.390929009897991, 11.28304743808228;
  -6.765239551369352, -0.1118908062507076, 11.55856146246061;
  -6.640696343609428, -0.009277282968908901, 11.37707193694164;
  -6.728057096413541, 0.6827542864271152, 11.51805373672646;
  -6.377065760464742, 0.8613363828541998, 10.99165720451079;
  -6.644401758429328, 0.1047950638484443, 11.41789446038593;
  -5.419355386034113, 1.887730583099242, 9.52731685994222;
  -6.058787526648644, 1.920212427385368, 10.55169396673561;
  -6.607773159589533, 0.6062769972544682, 11.43587835666893;
  -6.625318816926351, 0.230329831390297, 11.47246264885212;
  -6.585878715640167, 0.05870728666328208, 11.42558022867625;
  -6.65053911053633, -0.0333798665700683, 11.53730068692629;
  -7.182195663225517, -0.4445854977874997, 12.39559204132626;
  -6.648621342003776, 0.00167921153724598, 11.55723117782211;
  -6.544569555560345, 0.3084539547350998, 11.41631881025302;
  -6.474764674322551, 0.8853153570695425, 11.31964772846138;
