m=[-3.869409931848959, -0.1319231572592992, 5.727537133587624;
  -3.624210889701226, 0.1094291486106839, 5.435167715556185;
  -3.683656130229286, -0.01281430011577562, 5.515805007041756;
  -3.486902795410201, 0.5384796711430689, 5.286582050556686;
  -3.628828735998148, 0.05821730265935336, 5.476943005998916;
  -3.551759195166365, 0.3318437589244361, 5.385319248087703;
  -3.555652493073828, 0.2929157549290524, 5.397945074012342;
  -3.5729609399396, 0.3553999702623606, 5.434546636629317;
  -3.560673432944487, 0.159406804130447, 5.441450477704819;
  -3.582738989222321, 0.08379306279604899, 5.490851235917252;
  -3.595139815623532, 0.06512485259309066, 5.520973921968695;
  -3.514531956641593, 0.3340818346327072, 5.472025011430184;
  -3.530265650937901, 0.2509935976886383, 5.497812334933698;
  -3.451634627340247, 0.34046056607183, 5.402797505414126;
  -3.521944936436514, 0.2157612752198771, 5.5092188980917;
  -3.506471058077738, 0.2583714583227805, 5.495789631398773;
  -3.496055168650206, 0.3255157859631757, 5.486822903254309;
  -3.500263409863452, 0.2818451565912451, 5.508144000098731;
  -3.413704835949096, 0.4368358181512269, 5.441503394492358;
  -3.320505940501167, 0.5068509740442947, 5.380245707527747;
  -3.460513877503256, 0.2907589332778596, 5.570109197229455;
  -3.447017230538862, 0.3171862404092956, 5.566099107788519;
  -3.435083093186638, 0.2191313996051082, 5.5850608830847;
  -3.456093491423804, 0.1965007017890202, 5.619762945231014;
  -3.394407559428492, 0.2722461508477722, 5.558703409734513;
  -2.768952143972781, 0.9645124323800405, 4.867863900128985;
  -3.287241598523373, 0.4447103439636154, 5.620060557617307;
  -3.064304459743883, 0.9711704658749352, 5.336645779028592;
  -3.852215024976109, -0.9821407744662186, 6.505601722904388;
  -3.052802321648471, 0.9425528863667063, 5.424805382720033;
  -3.148821672956244, 0.528825477942468, 5.584176766340635;
  -2.911032905608716, 0.9415528481541977, 5.561911711061407;
  -3.706678147349166, -1.062675770452393, 6.840871525936683;
  -2.901417141253039, 0.9284223301928432, 5.595234705351364;
  -3.702223155654478, -0.8205724477713756, 6.987280957787332;
  -2.855347469225798, 0.9216413477960012, 5.653745549100288;
  -2.910429654336529, 0.871641138764587, 5.78254650501261;
  -2.787253735035102, 0.912187219076998, 5.790947107478029;
  -4.474956591469967, -1.941281603249384, 9.804268820297114;
  -4.094302452260616, -1.655926810976277, 9.228886110845039;
  -3.98567974488793, -1.073343041116861, 9.295309266147363;
  -2.035120273701799, 0.9918640388739199, 5.266015910686596;
  -3.974034073786044, -0.9131381726978222, 9.350054276330278;
  -3.990684170560964, -1.92444435631288, 9.477980325624678;
  -3.91621433586016, -1.112970846939793, 9.382692294533655;
  -2.749241837675484, 0.6122478506639836, 6.898499082245718;
  -2.769142361419143, 0.6868208655818937, 6.958346003487172;
  -2.782032204396026, 0.7669480909377578, 7.003170108756022;
  -4.063616356426514, 0.3464552425284835, 9.786006094633452;
  -2.768133645065026, 0.4633262768837553, 6.986061679998273;
  -3.87832473006316, -1.130566458109938, 9.380595126728064;
  -3.696151909245166, -0.8942859079601282, 8.999461900602544;
  -3.666266686087371, -0.498563517933582, 8.985334807973958;
  -3.852813747846993, -1.797747602870219, 9.372106968721079;
  -3.692296379882191, -0.2537282384812748, 9.091562941261474;
  -3.805006783649907, -0.9914055014963008, 9.362384574535;
  -3.766384545825315, -1.093971908313048, 9.317435667853731;
  -3.818474836788681, -1.276720426209711, 9.430212030156849;
  -3.730141413346799, 0.1133598970696924, 9.254592586152704;
  -3.634603021518948, 0.05553779695088036, 9.044719142788159;
  -3.714939765543973, -1.441280050548996, 9.261402478363923;
  -2.772859038835973, 0.8627143783886991, 7.180707408307168;
  -3.728468242590754, -1.511846410513542, 9.308487134131683;
  -3.618183939619149, 0.122555123196948, 9.093796914281541;
  -3.70507256841675, 0.179776392062544, 9.300603270566885;
  -3.544479958770389, -0.4611484575531166, 8.950368931633667;
  -3.715184067142417, -1.177100029723517, 9.328002451014427;
  -3.69312714487669, -1.466869621907204, 9.278220949842066;
  -3.652012686935836, 0.05687382954452288, 9.204107171015709;
  -3.772345426222971, -0.1174699071083512, 9.474300074721688;
  -2.728002957709129, 0.6714115590254404, 7.142579566946298;
  -3.668368264908995, -0.8649861681480823, 9.329761658698136;
  -2.778932292287855, 0.5104752253686267, 7.315543623685016;
  -2.738005830067686, 0.7342566398011017, 7.23061581817621;
  -2.74818142623261, 0.706965730209022, 7.261152750254863;
  -3.731306333607135, -1.139919592218579, 9.509041570876997;
  -3.670440010477436, -1.522085072500183, 9.385498007360742;
  -3.748588434561485, -1.219891644558876, 9.688142770341147;
  -2.783605483612499, 0.8866266912504651, 7.474093567190848;
  -3.622729485743796, -0.9062127147307094, 9.414082660742908;
  -3.693971175242083, -1.139018174896561, 9.598340994493192;
  -2.723954615178096, 0.6019118815879898, 7.38799500132847;
  -3.528558400918831, -0.9503098768181479, 9.274210504212169;
  -2.702488190971704, 0.8711864261659911, 7.566499494750563;
  -2.670414304086203, 0.7708938818271829, 7.561598632715156;
  -1.587026889369057, 0.03922278978516993, 4.525073490478989;
  -2.662546789732873, 0.4340629602761532, 7.61048332573341;
  -2.66664121985609, 0.667240721463029, 7.625201199954795;
  -2.645664802138245, 0.792463654371693, 7.570946278801879;
  -2.667636570944834, 0.7535406304851782, 7.633797509334614;
  -2.608470771003239, 0.3891076970314177, 7.534096370456521;
  -2.653756881202242, 0.3357825117949814, 7.656592188192714;
  -2.606031980546104, 0.857089848677448, 7.568588800864917;
  -2.050255237030415, 0.9602966099883215, 6.238319981816967;
  -2.454752877664808, 0.9219431089094877, 7.4408097734936;
  -2.675168616705661, 0.6153202206612398, 8.093511279619586;
  -2.64774390705264, 0.8938872931581742, 8.05510775226713;
  -2.967713713253377, -1.271027425056685, 8.950048633707157;
  -2.381067518990288, 0.9157346709856872, 7.428916303169659;
  -3.070568165830571, -0.9544647748970637, 9.278217600076776;
  -3.049405762725653, -1.174101306746514, 9.236294197511143;
  -3.084691098113488, -1.070461463535644, 9.372166985985574;
  -3.008139317432924, -0.1632145467881551, 9.204699830108568;
  -2.994433012423524, -0.2536303433630167, 9.253936363049846;
  -2.966044314795862, -0.1348652766360391, 9.190259891755845;
  -2.985819718410116, -0.2995907766442812, 9.24301813158581;
  -2.652054685699444, 0.7322610005459838, 8.334608157959668;
  -3.016595851240841, -0.1970653911348282, 9.399980149295608;
  -2.948810349640453, -0.3115666457228584, 9.281769801071333;
  -2.9721807502212, -0.9040804512652604, 9.344885654147618;
  -3.107473709755648, -0.7681283328987018, 9.759751105712796;
  -2.956634061604652, -0.006934740961113616, 9.348505474361247;
  -2.985833086804999, -0.3493369502007377, 9.458088908330797;
  -2.831279660116338, -0.06639964058167615, 9.049998306568579;
  -3.053139490229527, -1.22783696696399, 9.692244169507438;
  -2.6334717955086, 0.6719999520461863, 8.536708659209165;
  -2.850505184380282, -1.263000099862502, 9.211455865134646;
  -2.984187557867406, -0.7996923823080411, 9.612336852161867;
  -2.903321619812334, -0.2145955624784967, 9.39709640250037;
  -2.723076108299475, -0.04460177756651496, 8.913496553957183;
  -2.795888165420198, 0.406004068239625, 9.229541185781574;
  -2.643798023643339, 0.8795831547552833, 8.80571707914693;
  -2.60923447767042, 0.7170752441106938, 8.703526625880848;
  -2.625112339194794, 0.5938513214878557, 8.766365113627774;
  -2.541693420548532, 0.5442697473393474, 8.536041060807829;
  -2.752258381327593, 0.07038980852194031, 9.155220172183958;
  -2.709212378950418, -0.05769362594739538, 9.034197016985443;
  -2.914016694135456, -0.9351760174921192, 9.684606686548264;
  -2.598260573165271, 0.4769565592162645, 8.763308118174024;
  -2.289003416855604, 0.9180345789115805, 7.854661640586219;
  -2.703661388814908, -0.02324831116696546, 9.084235841570035;
