m=[-3.250650687127316, 0.4515659209632026, 4.954922844294933;
  -3.324804205937769, 0.269457527312272, 5.087187398653996;
  -3.314456497205338, 0.2487335350067184, 5.146756146623088;
  -3.301103808092956, 0.3283593112363565, 5.139783155046147;
  -3.030196774074343, 0.938627786813799, 4.802834026749239;
  -3.028014846884733, 0.8607166689045017, 4.90388056970499;
  -3.732604123252284, -0.8836821247382009, 6.095116082982288;
  -3.694980206801111, -0.7844449855371901, 6.056962328479444;
  -3.692156218556659, -0.8239011271305318, 6.065864004482011;
  -3.698917537071351, -0.897528433145502, 6.124059889342661;
  -2.824635763608847, 0.9034047747410293, 5.067819227326092;
  -2.81531610146464, 0.9085426128681411, 5.167961017151531;
  -2.777384151860173, 0.859802147439605, 5.249393463365078;
  -2.772098298285395, 0.8358582016254875, 5.399903443155742;
  -2.774788242303563, 0.8686825637282848, 5.740485268999105;
  -3.866929375710831, -0.3904032771231747, 8.554085938463514;
  -3.835614020715792, -0.4119092599942774, 8.553514676544625;
  -4.105710783966474, 0.2540021659877376, 9.135076102512334;
  -3.864089140202592, -1.751243910971999, 8.67187420602054;
  -3.726988964914119, -0.3866346982495169, 8.4132611259614;
  -3.990542184012269, 0.3235986361453725, 9.054679865053577;
  -3.756475746853993, -1.762411079300313, 8.610285119579373;
  -2.712641279733387, 0.6601573040615161, 6.557464228491593;
  -3.756971693593633, 0.3039965016813299, 8.730802641932318;
  -2.716971791187583, 0.5962828362005721, 6.586498653468796;
  -3.827222458368901, -1.288572613237424, 8.896009833674993;
  -3.533843223643051, 0.07436737036083312, 8.302036027757719;
  -3.634722931783473, 0.1327723608804552, 8.529848576219868;
  -2.728189995057609, 0.4935179232412131, 6.645932554467059;
  -2.685119852984754, 0.6786066399649596, 6.563040089572386;
  -3.638386521003149, 0.1662742155406688, 8.57786923835909;
  -3.568892992171075, 0.04163447767954529, 8.44960114833771;
  -3.670577711914936, -1.166600285264425, 8.668728138410557;
  -3.734176825207868, -1.260119947581382, 8.811888386098268;
  -2.71983099681781, 0.851373803639884, 6.758352942497639;
  -2.69404666968993, 0.4196255758952363, 6.704462343141581;
  -2.792994573146337, 0.3900813876690468, 6.915585689723622;
  -3.684949534046183, -1.093367360011177, 8.815538142473836;
  -3.633147680728194, -1.117807005678194, 8.721466564317602;
  -2.701057494383474, 0.5864502515661739, 6.775284321756393;
  -2.736314315387023, 0.3911905020769512, 6.875280878455531;
  -3.652384048527888, -1.195686923056972, 8.890575571255875;
  -2.677443679713043, 0.8816292667277259, 6.794449872973416;
  -3.700977262605718, -1.255976779831571, 9.039403234517657;
  -2.664982739791159, 0.846354430874374, 6.911148747855851;
  -2.610748351029262, 0.3482167726833672, 6.908535669618887;
  -2.607001639992563, 0.6415487675331061, 6.911807055272385;
  -2.599664014009425, 0.7718688466622652, 6.896158830512162;
  -2.610352253407415, 0.7255523164303739, 6.92470894380425;
  -2.515198925519346, 0.8940924715082025, 6.759585185370563;
  -2.607174297433153, 0.5826339309806159, 6.985790887582779;
  -1.752422273365933, 0.9484365143657548, 5.228648895132507;
  -2.982658712511418, -0.8034767655430397, 8.253654693359534;
  -3.058007918261016, -0.9422820662615111, 8.472988777511018;
  -2.609146921824943, 0.8670155728896497, 7.378920443797276;
  -2.941830980231139, -1.205980528098321, 8.201248926232207;
  -2.995815431802974, -1.132841357104907, 8.346732730434994;
  -3.013024962540221, -1.552457917518881, 8.391704020854643;
  -3.020024985157408, -0.1118422359010804, 8.411870441618987;
  -3.062197738806245, -0.1455078859276849, 8.537286814283691;
  -2.090742025110194, 0.9148472021094282, 6.147434491920454;
  -2.590376703975264, 0.6467142823167394, 7.430117452282537;
  -3.014955897413759, -1.033682832089871, 8.487480769589704;
  -2.602999701986921, 0.6804498260855308, 7.481601840705557;
  -2.624895837287453, 0.639582900642417, 7.580690406481835;
  -2.995224092701136, -0.9351941470530819, 8.50663332683407;
  -3.016484615077895, -1.015337486259526, 8.631538933471155;
  -2.911113424076398, -1.281749858463988, 8.400929784311703;
  -2.927358492707039, -0.2549951787201356, 8.494823160367657;
  -2.604713908332965, 0.8536278900893412, 7.677690191729996;
  -2.610777716743407, 0.5583001542920522, 7.79128378420858;
  -2.876427586805877, -0.3107692789075238, 8.498602109471557;
  -3.15346389080298, -1.180096019307077, 9.225451889320468;
  -2.869637645058669, -0.01585284237518962, 8.522874341417767;
  -3.047393721132403, -0.7604236823796481, 9.012584678438261;
  -2.741696964204544, -0.0712758887907798, 8.210484506291873;
  -2.666790149203425, 0.4598990231308556, 8.067917302107899;
  -2.246918728343269, 0.8754229043200658, 6.997338107619331;
  -2.823923916433782, -0.2136879760524386, 8.582604445706698;
  -2.901475145298595, -0.7775792647531583, 8.798510265529561;
  -2.671408801577138, -0.05176808278074157, 8.187115479452739;
  -2.557007875242995, 0.6904051167001247, 7.966536441391448;
  -2.581682699051686, 0.8452759265811315, 8.043416832021876;
  -2.535980854581114, 0.5624261016947607, 7.915366105411821;
  -2.502823718217313, 0.524454887524098, 7.837546316020185;
  -2.236602012597611, 0.8825590503806365, 7.116743547738093;
  -2.637077972357746, 0.06466726119407149, 8.226721554259052;
  -2.823588972781844, -1.378329669541349, 8.777314272995334;
  -2.658071046021627, 0.001824536465088565, 8.354129899007349;
  -2.567749321011928, 0.7624486485287321, 8.129848474634256;
  -2.764897045093108, -0.2694790068457334, 8.672333371997905;
  -2.820182849667463, -0.9063519403453624, 8.827347727377111;
  -2.521444979488864, 0.5717450827942265, 8.027240262653232;
  -2.600824282509704, -0.1513761899375331, 8.255131259040855;
  -2.587011456643344, -0.05811373355553866, 8.27315276760846;
  -2.591945390079549, -0.09784407928066531, 8.318779686920664;
  -2.485412655650428, 0.6418235671811015, 8.029976510094496;
  -2.793409912676466, 0.2591487153969914, 8.907524135483078;
  -2.716760464307358, -0.2985311986010041, 8.706515839067635;
  -2.51132648196685, 0.8418612001111406, 8.149115066334614;
  -2.584692843283187, -0.2556000278797123, 8.366761039178103;
  -2.521229118049995, 0.8037067689931222, 8.195210321942303;
  -2.731937496799472, -0.8693017635066804, 8.790990704457963;
  -2.628239545718468, 0.0009451532781555336, 8.521926686932162;
  -2.516034378453179, 0.7339119313843525, 8.221704986991101;
  -2.663639816240853, -0.2387756606409276, 8.667230974511636;
  -2.768568644601979, -1.536775048616248, 8.977854523689723;
  -2.492726272438378, 0.5560879005839893, 8.195472648264794;
  -2.87554417677877, -1.276787762445301, 9.3298284003577;
  -2.875844245951359, -0.5682569193393066, 9.353566112522584;
  -2.663551744738189, -0.9210574670704066, 8.742802046956742;
  -2.513394118394605, 0.4794212669302341, 8.314013486790508;
  -2.54327899516828, 0.7054190751218202, 8.429684701643444;
  -2.640330714331014, -1.620502815553556, 8.734157550820179;
  -2.493039799301308, 0.5946213198936385, 8.305741810891464;
  -2.457082342983568, 0.5152737217265001, 8.204464611691465;
  -2.517464869598585, 0.8090988578865467, 8.386948437836438;
  -2.511370691331094, 0.8477952376466134, 8.382564238075911;
  -2.63335477655697, -1.648519016205351, 8.741251159166859;
  -2.474206460703033, 0.4464564529295921, 8.280504577736705;
  -2.464393484306517, 0.517132489378184, 8.423375973401495;
  -2.466641319441299, 0.5585563622206436, 8.442747732476393;
  -2.744605033755668, -0.6460878897805734, 9.300102625904092;
  -1.350530302163187, 0.9553367176368413, 5.100253345268375;
  -2.346334630247, 0.8594086396211184, 8.19898174445766;
  -2.446370009099518, 0.5184652163647022, 8.520141345929423;
  -2.459412467371834, 0.404255545542522, 8.652908836328841;
  -2.434381783997709, 0.7522241870598762, 8.615897074299808;
  -2.055061215255694, 0.8922891411660519, 7.433704388016853;
  -2.571484157695714, -0.6452082577654564, 9.062060964765252;
