m=[-7.116483750173995, 0.8232271037517788, 9.632055536000591;
  -6.937013865430025, 1.052586511495432, 9.473821160350134;
  -7.179439451429952, 0.2748652504552235, 9.812491633232325;
  -7.118837179621215, 0.57021068003548, 9.751003278940619;
  -6.978962743117123, 1.00212137999636, 9.601641710060026;
  -7.014214331945231, 0.5110283176622724, 9.644327439617287;
  -7.108300165534561, 0.6868035487908526, 9.766939579390067;
  -7.113238412063063, 0.3883532017150423, 9.803291838111576;
  -6.868678374504777, 0.9387144637795027, 9.511358747145227;
  -7.081247875336131, 0.3000190418388131, 9.778659135068258;
  -7.047428744521306, 0.4593728261206188, 9.737707136555873;
  -7.094849678245586, 0.1515304293584021, 9.838995443385993;
  -7.036381123114431, 0.7143378443528471, 9.779044119793346;
  -7.014767250108684, 0.3442348423763059, 9.773772500378694;
  -7.033940098993442, 0.6004309112581168, 9.882759624222725;
  -7.0015364074149, 0.6454763129451664, 9.852933738347723;
  -7.005791838165172, 0.4814194056248561, 9.870425089448494;
  -6.858984726720134, 0.6583482141569464, 9.693354157348979;
  -7.022500285480985, 0.2825621541217825, 9.918317723634859;
  -6.988813786054148, 0.4142169248013397, 9.892735078651462;
  -7.057839847949253, 0.1358921233478483, 9.990210722143955;
  -6.947227885802966, 0.6320565806653082, 9.860518764587027;
  -6.950881527016946, 0.53720361737266, 9.895625740595161;
  -7.500309578574713, -0.3905909231749307, 10.62748556768501;
  -7.043708710365881, -0.01252751303509492, 10.10206797380553;
  -6.972553708605963, 0.198882421144837, 10.06262266174126;
  -6.849017572890808, 0.6658039377051246, 9.905001844927201;
  -6.683177361785661, 0.960684518315102, 9.693363138154522;
  -6.577367488818593, 1.033147394031087, 9.556556089061182;
  -6.881831151204191, 0.4801532041924124, 9.970944092357637;
  -7.026834936832078, -0.06120625295360489, 10.18971164100688;
  -6.933430081914695, 0.1533856642332368, 10.07408901664225;
  -6.613211282110981, 0.9896937650253707, 9.667160577332135;
  -7.003072652985211, 0.02007126199844985, 10.18095093837373;
  -6.93237013069375, 0.08659422551392641, 10.09598726792518;
  -6.833992223183094, 0.5554357183802163, 9.9680899131926;
  -6.822089324060881, 0.5404244007397981, 9.991956892821067;
  -7.767875316160107, -0.5542236134374687, 11.26161576066573;
  -6.94109259323096, -0.1072247835458943, 10.17606798052779;
  -6.852700668428539, 0.194858315307477, 10.09305880366844;
  -6.897696457018308, 0.0791958696548758, 10.16306286382025;
  -6.906421769427992, 0.1633725595426053, 10.19272154324143;
  -6.553037530417043, 0.9045417050091132, 9.733268655153541;
  -6.74827104573138, 0.6020024970919139, 9.995713659595982;
  -7.052654110994873, -0.2847849412090839, 10.40206402160056;
  -6.558189564658242, 0.9675091258266522, 9.747972595559689;
  -6.745356598461806, 0.5210226101157559, 10.00155206693638;
  -7.028710574245079, -0.2280549511597648, 10.38918768836185;
  -6.816518562766231, 0.3518079048376336, 10.11343218393989;
  -7.447439650973979, -0.5232262344767732, 10.96418154990193;
  -6.744652909269805, 0.7631107936279072, 10.03113984097418;
  -6.771779885363671, 0.649766104730789, 10.11061734390449;
  -6.987452133515534, -0.1040927361270193, 10.41049960059299;
  -8.035501237025882, -1.923502091133454, 11.84565137492768;
  -6.915662047984339, -0.06059722128186615, 10.33760823865677;
  -6.808741699918198, 0.3324861039420309, 10.20000231401197;
  -6.788309899041142, 0.1361897486941609, 10.22856040158987;
  -7.281609221570873, -0.4242658665918541, 10.93548763996353;
  -6.535350328455084, 0.9078617710517487, 9.961746048619403;
  -6.603670103879918, 0.6612487808725611, 10.06933546151865;
  -6.632682146225424, 0.8369290060679552, 10.11160079463784;
  -6.680745368633596, 0.5414385377701295, 10.22201656032343;
  -5.569361922753662, 1.913743514126979, 8.722854353342491;
  -6.686871561391149, 0.2204782290108358, 10.27930379205497;
  -6.679004398581387, 0.6339702639355825, 10.30985198748729;
  -7.671290376438707, -1.563579051753725, 11.74367325742089;
  -6.638133735923012, 0.376440124426743, 10.31571132738075;
  -7.827933350238514, -1.503931245466606, 11.99254307771565;
  -6.103268873497861, 1.912595141477129, 9.577641340754759;
  -6.383017256598731, 0.8595793393202845, 9.966714337333977;
  -6.773864397504927, 0.04693414657386152, 10.51948760497811;
  -6.679021712759535, 0.6643592861144688, 10.39916503300167;
  -6.793521966394932, -0.1283389827275116, 10.56208612179892;
  -7.94987493072923, -2.510408009253385, 12.19698929846996;
  -6.707986340894188, 0.09146305885182704, 10.47729041216883;
  -7.96980874759079, -2.470507391529143, 12.26391639061955;
  -6.760471646744341, 0.007039650414933815, 10.59093710915652;
  -6.118307839119241, 1.895194990375603, 9.697461672212695;
  -7.666842869921796, -1.97162162764498, 11.89682463792647;
  -6.672093710897692, 0.2157329677645961, 10.50484459996544;
  -6.715867571760296, -0.05102409537954893, 10.59967150618653;
  -6.56288704683259, 0.6630929246270417, 10.3882132633377;
  -6.070843057589725, 1.792695476732815, 9.688839972535172;
  -6.499202286480624, 0.8706834548712532, 10.31497953333196;
  -6.065791687520293, 1.853111896212984, 9.731368468882723;
  -6.520656337590007, 0.7034034702891167, 10.38748020470591;
  -6.637150256175553, 0.4690563891889532, 10.59050443393041;
  -6.262161495330188, 1.0362959847983, 10.05678545744391;
  -6.600727740599453, 0.08340178187606276, 10.55053961636615;
  -6.577099654458519, 0.6545500304049353, 10.51888975693104;
  -6.635654880176491, 0.2732602502208046, 10.6116978722441;
  -6.581115370632482, 0.5040243057864292, 10.53537621360184;
  -6.104021672883325, 1.735075112531315, 9.885484316401755;
  -6.159820942602795, 1.348435527007581, 9.994646955276464;
  -6.577563465384246, 0.479434524166195, 10.66059074725863;
  -5.215895930762733, 1.952548162923684, 8.665499819975238;
  -6.606450059313811, 0.6108310886161819, 10.70881384505876;
  -7.450135279645887, -1.425194984097014, 11.95285685813734;
  -7.478896279656706, -2.102373318998449, 11.99967229154414;
  -6.559207401298378, 0.677471534364035, 10.66278444527737;
  -6.5240524479906, 0.7917181303201329, 10.61284574661173;
  -6.579770150201158, 0.1262629424583222, 10.70262100247399;
  -6.546261507862446, 0.3634482765584399, 10.66605755977907;
  -6.689109931542709, -0.1645134048079387, 10.89856323134152;
  -5.82640203561109, 1.890079937640109, 9.632390756336852;
  -6.55323108468613, 0.8664285422579012, 10.72049113592326;
  -7.477656342939071, -0.7987335391620026, 12.08954841873609;
  -7.443085661332654, -0.9642583915719779, 12.06070316883917;
  -7.368039351720275, -0.7316459372459723, 11.9505142732746;
  -6.971607947868992, -0.3703866655899776, 11.40322175296958;
  -7.472708644330783, -2.013917994888395, 12.16674428379954;
  -6.549732269120825, 0.3866813305269486, 10.80438277401972;
  -6.436614497399297, 0.9054826986101974, 10.6403382929185;
  -7.475658773389134, -2.242759512682824, 12.21049986214526;
  -7.374780225146529, -1.565667214240214, 12.08904067261545;
  -6.525043329656552, 0.07839656018505337, 10.81713089574239;
  -6.494790005722264, 0.1394365187908057, 10.78391026477134;
  -6.478344727259795, 0.4179984496033299, 10.76307991586381;
  -7.37653309914967, -1.646066302438558, 12.11894729131854;
  -6.445236380219073, 1.056647473370773, 10.73361084776948;
  -7.371997931447956, -1.624877919033033, 12.1379727386172;
  -6.769497874851036, -0.3477618112076792, 11.23850305303764;
  -6.507138648101123, -0.07957518390290018, 10.85654399665215;
  -6.4667496786593, 0.5614716051672097, 10.80471247142585;
  -6.545545591227492, -0.1233280770630253, 10.9436058741379;
  -7.393440049896141, -1.793990430182029, 12.24084321968359;
  -7.408894976166472, -1.939147593050661, 12.26716512593084;
  -6.340675285037696, 0.9055993886545983, 10.66457835464032;
  -6.553706511405758, -0.0330400480392011, 10.99295868563367;
  -6.670885873083606, -0.1903269598364437, 11.17703223520212;
  -4.934697101147359, 1.962042046649829, 8.537401521610201;
