m=[-6.739186464132557, 0.8398284937172671, 9.114943440158783;
  -6.634016465304674, 0.9009947681004826, 9.038870717810806;
  -6.687506344092756, 0.8209516263676093, 9.127448224278217;
  -6.720256201362729, 0.657179172178336, 9.171845170251025;
  -6.713383278536711, 0.7822626285539115, 9.188552514942693;
  -6.921210926899525, -0.0199027508836024, 9.456757054304953;
  -6.791143032603264, 0.5263130490024964, 9.314010466535466;
  -6.726392854563691, 0.7916878012296701, 9.263038864499826;
  -6.787193794162211, 0.3904073301069168, 9.354527019974912;
  -6.806852091668411, 0.2051936846872026, 9.386348595113637;
  -6.385235861392074, 0.9223314632174503, 8.888957679456226;
  -6.483853709604759, 0.8769670192885024, 9.075502899591051;
  -6.699700757886321, 0.6453386026011954, 9.367359100542144;
  -6.165392135415909, 1.8819706449733, 8.704021023698941;
  -6.881900753033732, 0.02755918285742104, 9.610208960166213;
  -6.882135239669141, -0.0474180711486178, 9.634737704402745;
  -6.847451626735607, 0.6198635862696968, 9.622087224366037;
  -7.860960330785265, -1.573945401999072, 10.94535541096343;
  -6.695237623812132, 0.7294264401451583, 9.502146471409523;
  -6.678441973515915, 0.6564407278044725, 9.492352994720493;
  -6.330452825188716, 1.018289780267235, 9.093403722445205;
  -6.639205517443799, 0.69314531917503, 9.495652722952142;
  -7.773717729640632, -2.014239690542719, 10.98090900711932;
  -6.171726754623319, 1.735660594369407, 8.926313059949358;
  -6.647207600344011, 0.6372386058004647, 9.557011573900851;
  -6.744824307457774, 0.4562510409979892, 9.683104167429711;
  -6.707103226544538, 0.06592177328428105, 9.642859641388869;
  -6.692947293570295, 0.4916595474782352, 9.634610309126611;
  -6.502796761518691, 1.31295376134136, 9.388277356902126;
  -6.814660117700056, 0.2562191224058169, 9.80702826095858;
  -6.70010852868152, 0.2561490503807508, 9.683307208290842;
  -5.904565341112498, 1.889980363418216, 8.688360150984467;
  -6.12201415188581, 1.423481921280283, 8.99213049898516;
  -6.679503179462427, 0.5947933136670823, 9.751503504366959;
  -6.773061575074602, 0.4737862145289123, 9.883244797596742;
  -6.674172021383534, 0.6657899073090815, 9.767096065497709;
  -6.678397730525377, 0.1098814953992586, 9.785026351596228;
  -6.641987331441893, 0.3467697750520599, 9.74355764038863;
  -6.736350295452587, -0.1888025632526226, 9.904710497337495;
  -5.967098453869419, 1.827802999164979, 8.890968936876091;
  -6.690467112123832, 0.4576723625755038, 9.853445708898519;
  -6.693117054693088, 0.8560549309213889, 9.860323033819869;
  -6.677641526236205, 0.701784729012274, 9.848703732209025;
  -7.189655114106577, -0.45245988005273, 10.54639985495872;
  -6.600812876300104, -0.1245961252569726, 9.766840064064748;
  -7.597585887975743, -1.470094153971987, 11.09951621673424;
  -7.679865422469851, -2.175363403213265, 11.22646190122531;
  -6.660410457735222, 0.6617516524548687, 9.890748378643153;
  -6.56630428309087, 0.901136972717537, 9.769067492166574;
  -6.644845693151643, 0.3671809653943982, 9.881006529715318;
  -5.865920722683333, 1.863890894243775, 8.839982422290408;
  -6.579503232006914, -0.07979844785749619, 9.820512389978331;
  -7.607583771796036, -0.8339593277901074, 11.20950342791647;
  -6.58403467630672, 0.7667416682065599, 9.842478837295907;
  -5.594009788994396, 1.933726409146179, 8.50953241942373;
  -6.626178871803914, 0.0628721442129706, 9.905314273799625;
  -7.614015474319775, -1.007173667785454, 11.24234076616714;
  -6.60706534921548, 0.4041951659211721, 9.891633387355999;
  -7.677699312592429, -0.7874326629999224, 11.33748688206066;
  -6.641990021817804, 0.1226561419323735, 9.940952634383713;
  -6.843128777537031, -0.2445697823379549, 10.21508788932542;
  -7.653603736510042, -1.880366961738666, 11.3159835410982;
  -7.578370894503459, -1.05007664610778, 11.22745054032655;
  -7.639218135424205, -2.074542623575846, 11.34500496963082;
  -6.622843486146922, -0.1010373521034866, 9.967324195865736;
  -6.59410651859679, 0.5502841908933606, 9.931559710776888;
  -7.567956773929702, -2.284887430244544, 11.27907781853118;
  -7.643833738780006, -1.682769485768548, 11.3868613205617;
  -6.681642930031852, -0.142335260452519, 10.08529165049102;
  -6.568652933608836, 0.2789236851796916, 9.935503580516075;
  -6.610968378950197, 0.2229126477303265, 10.00521729945335;
  -7.597672584395471, -1.629207425041972, 11.35233170047664;
  -6.664478445955251, -0.04630778916745364, 10.09683917777218;
  -6.652785444004469, -0.2050199672520551, 10.08403990333588;
  -7.583541888649391, -1.710842721913165, 11.3598080077537;
  -7.547151534662254, -0.9669049697817674, 11.31961872971599;
  -6.558579377789164, 0.4053229958748372, 10.00281332831687;
  -6.149947758639078, 0.833327185036432, 9.442719565082674;
  -6.946086568333686, -0.4080471455270936, 10.57563943198729;
  -5.868951050929283, 1.569375507632322, 9.091019165349959;
  -7.593531931853125, -1.863999580603623, 11.47417201772253;
  -6.603855962006558, 0.65491903994899, 10.11478827829362;
  -6.565439471074357, -0.0630857771536249, 10.07037931942296;
  -6.560000338678099, 0.3178177482604046, 10.08485746119714;
  -6.532385996678012, 0.2316906511265384, 10.05263968011495;
  -6.564075864427245, 0.08097151430578704, 10.15040711829636;
  -6.678071432806181, -0.1018122220929989, 10.32669348011128;
  -7.498850911257351, -1.761753197137282, 11.49097322868917;
  -7.490722734579313, -1.073756937564587, 11.48197773484061;
  -6.582580200495892, -0.203059768350032, 10.20905975346986;
  -6.468873404887386, 0.3210327882647882, 10.05568265375575;
  -7.494256791691243, -1.278185128194133, 11.50887753539938;
  -6.539824120784792, 0.1606174313691091, 10.20204915898878;
  -6.547458361168133, 0.3819252144203578, 10.23938304655268;
  -6.300771397745764, 0.1938965587997952, 9.913580549968206;
  -7.381022200424723, -0.7058977099272851, 11.45696385494594;
  -5.67985424408884, 1.862288909174897, 9.049244178365791;
  -7.548071099261979, -2.265908647065557, 11.71055375967118;
  -7.508397862872279, -2.179915029464726, 11.68948414525598;
  -5.692744164614677, 1.294904302805727, 9.106157293258363;
  -5.725145006080366, 1.489181008658413, 9.198095929166911;
  -5.780958998275882, 1.821917638257732, 9.288733918971962;
  -5.747570593477745, 1.580706383435886, 9.243238508576269;
  -5.608573627424722, 1.866206872939322, 9.044880903460296;
  -7.495546378474801, -0.8069888046943842, 11.800721742445;
  -5.822225293115912, 1.158634957438059, 9.389128138877499;
  -6.387332274357831, 0.5279200474049901, 10.22009001827558;
  -5.756046403459605, 1.672383764827596, 9.320548515638762;
  -5.684370802200574, 1.436803862498323, 9.238383444078471;
  -5.724972543903646, 1.411886177128168, 9.315810416939156;
  -6.287610600107692, 0.5470068144234141, 10.14138892898673;
  -6.270303639921366, 0.5983281768352468, 10.12776478253797;
  -5.687842951169549, 1.496078088207349, 9.288441093779925;
  -7.488683515914026, -1.388496198148536, 11.98672241414792;
  -6.379479126534183, 0.4349043035115944, 10.36223709861512;
  -7.404691688379693, -1.051076120156542, 11.87102532223118;
  -7.535726471918748, -0.1785260948602488, 12.10835145622734;
  -5.731180964706987, 1.824055512868839, 9.447657684085739;
  -5.652480407723801, 1.218741653733514, 9.341375731925117;
  -5.723412193284225, 1.700974583780661, 9.458892339947107;
  -5.6822330979934, 1.057392885034415, 9.413622425141632;
  -5.689993583520544, 1.446974469668638, 9.43712014186714;
  -5.759666109102867, 1.324670781077741, 9.574882096139737;
  -5.645239770913948, 1.25722045299589, 9.408572783331083;
  -7.939820438378659, -0.7158075978466409, 12.83280831872671;
  -5.625194875554048, 1.613488886316222, 9.382227989885397;
  -5.662959960364234, 1.408569084597671, 9.472791291026312;
  -5.655790591582882, 1.583743906209961, 9.475121895100447;
  -5.645853417800111, 1.540302882782039, 9.478119710404185;
  -5.710553020481598, 1.746594221468442, 9.586488826523627;
  -7.833479450913675, 0.1430935314746263, 12.8423770306511;
