m=[-4.105734818688511, 0.1527466397772446, 6.887908420528175;
  -4.124098159537882, 0.2771805179039539, 6.936285370316047;
  -4.082033457108012, 0.2827328844946105, 6.928219739624097;
  -4.121498850616059, -0.2412394174669793, 7.690607087959126;
  -4.007058563465256, -0.6898984978300184, 7.614744963659289;
  -3.841335385644781, -0.08208998101512748, 7.362162933728523;
  -3.900979918479965, -0.5383812989421568, 7.466563058093447;
  -3.941115623427776, -0.6474407453686669, 7.544671101342305;
  -4.038505461823128, -0.37538014941458, 7.720617604932996;
  -3.872676900704014, 0.01163050281587258, 7.500773636496309;
  -4.2658027187913, 0.2147032457812037, 8.29543556496561;
  -2.798222575359386, 0.5499642648362287, 5.798995519945004;
  -3.872306407036874, 0.01713239718062115, 7.639525160117729;
  -2.902560741398381, 0.4140978351567274, 6.036267834461206;
  -2.787915645794724, 0.4186156435996242, 5.910212359453753;
  -3.757213218502552, 0.03941709168500517, 7.620991671728991;
  -3.768586671067957, -0.01841048414254281, 7.663868811138483;
  -3.130837583583367, -1.412855596002218, 7.24376048387634;
  -2.794963026556955, 0.5921621856141578, 6.667074998658077;
  -2.753220151513121, 0.8691608931293064, 6.594404770584558;
  -3.069097252328648, -1.347401314841071, 7.327137070889956;
  -3.134481317154372, -0.8615801628543195, 7.472784856513631;
  -3.098220623988942, -1.237186846988998, 7.398480601269064;
  -3.084619068997851, -1.275213354735725, 7.403105251194051;
  -3.206446864068762, -0.1503961311189708, 7.71048593296357;
  -3.206790906016912, -0.1793727892885151, 7.732922897721137;
  -3.047558707716431, -1.316855668840483, 7.4279287377545;
  -3.203354928438044, -1.055205118960294, 7.787749011376477;
  -3.167426764469696, -1.104401800925995, 7.711738673400182;
  -3.110840405465259, -0.9290693830157629, 7.600087235046307;
  -2.996483967494406, -1.375958600627692, 7.364102840505226;
  -3.099459812742043, -0.9871118159224762, 7.613757029380799;
  -3.126921886448984, -0.2769499629229969, 7.740024809763073;
  -3.043637820520182, -1.340757429139875, 7.574992976114044;
  -2.747722759425039, 0.5777048017281233, 6.950544902761584;
  -3.088638448359257, -0.3442216128062355, 7.752038921940275;
  -3.12047834586708, -0.2993186938700485, 7.82361802561812;
  -2.740663380445252, 0.6414854420653854, 7.068163758039865;
  -2.722577218666912, 0.7457118742133471, 7.034626754751875;
  -3.037203197823775, -0.2898281189569192, 7.822301419347932;
  -2.750239358515071, 0.8208401639703725, 7.18837858045044;
  -3.079405337893902, -0.3797675950637554, 7.934035961558071;
  -2.409243978884139, 0.9021286793781934, 6.443184982408607;
  -3.2532364132837, -0.8300294725077934, 8.371192196469208;
  -1.866103125949788, 0.9115118125407928, 5.255771397819007;
  -2.812640686689778, -0.161112530079242, 7.415890597666449;
  -2.981898863423794, -0.2891107402656243, 7.846678970813112;
  -2.737941076726941, 0.6911478497149138, 7.293355292470231;
  -2.725221913594286, 0.8404232875330447, 7.26691599878833;
  -2.721372458748761, 0.5264213224811296, 7.271423413054364;
  -2.73198995318802, 0.4825677243156817, 7.349918162633665;
  -2.711890262684184, 0.5122855399779899, 7.318876104780967;
  -2.865417796066558, 0.03318829080209262, 7.681730981218679;
  -2.782672390878998, -0.06145111331076839, 7.49164849721872;
  -2.742051274236907, 0.8166688026419335, 7.408918864874591;
  -2.805566484134744, -0.0298150773689433, 7.592357784395247;
  -2.765096046097632, 0.7707945010557127, 7.503518928604531;
  -2.766780511817581, -0.157201397708971, 7.526045131427631;
  -2.904964979098346, -0.3136196165709131, 7.884451160716284;
  -2.699396788119987, 0.8581538271428683, 7.41630974671099;
  -2.693833983328422, 0.7765427377863717, 7.419170884158025;
  -2.755824375367582, -0.0953023506198676, 7.57723426818007;
  -2.689307775674148, 0.6438853882095533, 7.430953428842528;
  -2.745026010998983, -0.1345701024450371, 7.579903416177245;
  -2.856115457692151, -0.2843561674339518, 7.846480679400735;
  -2.699296959561431, 0.8495453249816486, 7.502956467028469;
  -2.68266113846467, 0.5851002825600818, 7.481168990516666;
  -2.647219843710608, -0.1860300221094704, 7.394587822488829;
  -2.699662951198379, 0.8097797462586707, 7.525819233813144;
  -3.000609953242638, 0.2332515864573884, 8.298546835691683;
  -2.954918105827172, -0.3518101084801169, 8.194853565772071;
  -2.865640453070903, -0.3043559441800499, 7.985773952039808;
  -3.011874929372816, -1.056266834567963, 8.33573411499159;
  -2.874450559894866, -0.9282275890661081, 8.014542786187063;
  -2.748185288717692, -1.524715106089828, 7.739521739001302;
  -2.904416645864484, -0.346489661867086, 8.185958659009604;
  -2.716522166090821, 0.6985998607972507, 7.744321586815926;
  -2.681505830887594, 0.808767193125867, 7.679988337338165;
  -2.819462242059404, -0.9298373444410943, 8.02346637527371;
  -2.680515322823669, 0.8556379368588287, 7.695357566700923;
  -2.635530904918841, 0.850082571770532, 7.823343453879031;
  -2.510457666389498, 0.8664057778060353, 7.512966840015405;
  -2.707355543585782, -0.8597137473286151, 8.029405980191811;
  -2.890520979200796, -0.7086537457847695, 8.53993564807584;
  -2.731688655891321, -0.9408695940264651, 8.143629549777387;
  -2.628768814528846, 0.6724432974821907, 7.91423130814009;
  -2.61464896900246, -0.3303227438733203, 7.8856019998679;
  -2.605365771045194, 0.4356204132127822, 7.961424609612018;
  -2.591412896625893, 0.526393138101224, 7.930299672266709;
  -2.576799672690961, 0.4381367587965588, 8.044381418784957;
  -2.589414635077703, 0.3843230291388649, 8.089276104529672;
  -2.573563570120305, 0.5355792369965959, 8.119332431681645;
  -2.553957709702003, 0.4359109939349061, 8.101092418111353;
  -1.890171598771126, 0.6295487368290809, 6.275103747974783;
  -2.544317559031974, 0.6078626878855965, 8.073559294639111;
  -2.596408971696, 0.356013366618634, 8.232373421629308;
  -2.570067168093057, 0.5248052468153827, 8.226021518165185;
  -2.551821820993549, 0.4142484356333626, 8.178850308747158;
  -2.491290125675755, 0.4109615029278221, 8.11558283507989;
  -2.553980078401762, 0.6747754958288711, 8.341626585584381;
  -2.537407345428257, 0.413053770497559, 8.477244944791282;
  -2.508718460350054, 0.3477317382706441, 8.41674403673427;
  -2.520274820719518, 0.667965958943095, 8.514478968088884;
  -2.482685468373112, 0.2382622908015823, 8.57173367446442;
  -2.509889300561714, 0.536329281847128, 8.715279468279388;
  -2.514692658935971, 0.6316873566629508, 8.93793480580189;
  -2.513981417852603, 0.828821791433654, 9.014400829789448;
  -2.431744123236821, 0.6480179674093972, 8.860194916566146;
  -2.440427039341051, 0.6710913511244707, 9.065840484010833;
  -2.415035930582024, 0.4391532538137135, 9.04404670819334;
  -2.395591402755357, 0.8613717314079636, 8.992401859158591;
  -2.434688469630542, 0.820723544373567, 9.243708412671262;
  -2.414536334402814, 0.4089184727000171, 9.216480747598194;
  -2.424591019623909, 0.6737926221001097, 9.312274016155566;
  -2.419802389663916, 0.3942194532190387, 9.350535424488838;
  -3.504267960387071, -0.1170062370300353, 13.11650009731633;
  -2.408327921059651, 0.7322987639204812, 9.355394346817873;
  -2.358493282197314, 0.8452964890184797, 9.179864169123915;
  -2.453749441947517, 0.7892477849904001, 9.589195583919146;
  -1.384926078561823, 0.9311905336549352, 5.861363392831984;
  -3.378441474373999, -0.7884884176626928, 12.9211514469806;
  -3.42322675355417, -0.9416730165115472, 13.12432190495197;
  -2.366972810218817, 0.4952035860379961, 9.442427864387847;
  -3.459124557070997, -1.955414323823396, 13.40500737803868;
  -3.42932952491578, -2.726657031838665, 13.43992656435408;
  -3.43110329040237, -0.3935867152994124, 13.49735164933946;
  -3.422968551886278, -2.279065594376732, 13.46263509266265;
  -3.403167939865457, -0.7785935987430004, 13.45158604768615;
  -3.538391134264753, -0.8560701917814213, 13.97979833920052;
  -3.183082550969176, 0.262965311723038, 12.78566797364939;
  -3.371989216297462, -2.456497488767256, 13.53127791202837;
