m=[-7.644278245393931, -0.9955256830676914, 10.23516213405824;
  -7.577396605257359, -1.687244032343294, 10.19214872114336;
  -6.122298526904737, 0.8412911291251273, 8.438250250391352;
  -7.523580475810895, -1.096040105730148, 10.17083300707283;
  -7.569793070582838, -1.729338437185757, 10.23706724172204;
  -7.549118763047837, -0.9908600995840103, 10.21766627641752;
  -5.869530235491315, 1.5995908847788, 8.201445407212786;
  -5.695935882026821, 1.833197431449474, 7.993049495268116;
  -6.567082149420711, 0.05048905071784881, 9.064219053552332;
  -6.512087554138822, 0.2985248701165887, 9.026272231647861;
  -6.656561620690162, 0.004395868132799826, 9.223422928748992;
  -5.766094037846075, 1.28147382009224, 8.131134603718287;
  -6.509353834929092, 0.1930973402816397, 9.057706426468602;
  -6.543055266522384, 0.5207651674599192, 9.109516498563808;
  -6.540895295312311, 0.1396983291092868, 9.112461931751263;
  -6.556334331645227, 0.0838424162133596, 9.153659730763915;
  -6.56442679246206, 0.3555389535312085, 9.171145796210153;
  -6.497495326676519, 0.1800270561333262, 9.101835746815313;
  -5.788148456133158, 1.79255022155632, 8.218351602298668;
  -7.475054172014136, -1.249719653087697, 10.33945586737936;
  -7.51890288014577, -1.102226386201168, 10.41438067013395;
  -7.551351082004491, -1.794833096514702, 10.45747217897298;
  -6.501725094744312, 0.3971924600979636, 9.144699792870892;
  -7.481393648751767, -1.286209126339561, 10.38120826036853;
  -6.591241312457603, 0.1800428896671586, 9.284608477308682;
  -7.584651098774366, -1.329772854166497, 10.54256186399303;
  -7.394015819140509, -0.8666958207800696, 10.30432232203676;
  -5.707163080273626, 1.415323438759177, 8.191907578291966;
  -5.697311136543278, 1.376571753853494, 8.195313876448395;
  -7.348659747318719, -0.7291009476125925, 10.3048393955477;
  -5.720539167565082, 1.475860571947924, 8.255333278117723;
  -5.70292055809995, 1.369011092007829, 8.249311468203619;
  -6.517077789195126, 0.3717737856318213, 9.290400194916442;
  -6.433000485321559, 0.5034286729628745, 9.19321369545801;
  -5.674829469586398, 1.394867864037774, 8.256931302616675;
  -6.488174778810603, 0.7796285042560051, 9.307454045192493;
  -6.295461557968521, 0.5238878708626749, 9.061966298598415;
  -6.253669964780465, 0.5688560137667481, 9.012685356131685;
  -7.369305592625689, -1.020397250347707, 10.46093369600411;
  -5.671056075794279, 1.126851273545052, 8.289455384296018;
  -5.668520066742089, 1.030132601850805, 8.312008048310519;
  -7.563319909581909, -0.8349811554924534, 10.78492250812771;
  -5.695077830348629, 1.760881240677771, 8.370132458620516;
  -5.629268936301817, 1.584377631506465, 8.306117803155308;
  -5.675699307335558, 1.104602679944114, 8.384458484356911;
  -5.656823842805781, 1.798761423731456, 8.376477588172394;
  -5.66227172590308, 1.379652400509085, 8.388701438393726;
  -5.671197292950531, 1.347885531633148, 8.430630324157768;
  -5.624697214457145, 1.761018612213594, 8.385425807159232;
  -5.638442559958026, 1.618469298191905, 8.404386835036897;
  -6.378986571845767, 0.4331295389058041, 9.402485862804074;
  -5.520770646773847, 1.864531535097345, 8.409538351001103;
  -5.659640835178802, 1.767329010000236, 8.607185856211173;
  -5.743769025665225, 1.356352089720837, 8.80728200524168;
  -5.67467443243873, 1.80146594395955, 8.730761945140484;
  -5.778871950322897, 1.257786822347633, 8.883210931267087;
  -7.872440718416127, 0.1053645887753061, 11.7733332293718;
  -5.666379746594218, 1.771381455982353, 8.747050179513051;
  -7.916119681591105, -0.1042024604723839, 11.85689990456305;
  -5.705539258592011, 1.189901007895067, 8.84507554297244;
  -8.012717653471903, -0.2378050553268747, 12.0523584584749;
  -8.311610362863839, -0.6099933899677558, 12.48690118545819;
  -8.014749145603574, -0.3142251501269001, 12.08897432419215;
  -5.792512483645406, 1.564945432441006, 9.018284485932258;
  -5.845117203757376, 1.649659807630202, 9.103645347130881;
  -7.765975761547552, 0.5945821173917686, 11.80919472113683;
  -5.808331305087451, 1.72633787034245, 9.078270778443491;
  -5.716965470027143, 1.035661984972866, 8.948296818227643;
  -5.814759424902137, 1.688750774014189, 9.092483636399422;
  -7.956378223243022, -0.1310266157863603, 12.08561459589667;
  -7.945616077772443, 0.01669794594495723, 12.08585264975166;
  -7.792886179085086, 0.7747960658666775, 11.88568459762928;
  -7.632893496023029, 1.052971866756881, 11.717756915404;
  -7.934395929624039, -0.1719828598543561, 12.17561558625633;
  -7.727703408313038, 0.4483917168368716, 11.88816232674675;
  -7.786918050899351, 0.7235813503311759, 11.98528775334745;
  -7.738538623267633, 0.5257573464003789, 11.93052492580368;
  -5.656044267427881, 1.477032076850423, 9.008577853762143;
  -7.877380463998412, 0.1421116340540946, 12.19421418445094;
  -7.750531589121711, 0.3577085969902368, 12.02367857687859;
  -7.91759069617439, 0.05529987668920355, 12.26781320244808;
  -7.651883984588381, 1.002499295473099, 11.92005898335456;
  -8.084835637543842, -0.3364503802369997, 12.53838236037388;
  -7.849070364978937, 0.3155759642114196, 12.21400543536566;
  -7.94456684431462, -0.1364412210402087, 12.39581617558467;
  -7.743436616901258, 0.8927936967899454, 12.15441975975109;
  -7.812764853303443, 0.1067344244856754, 12.25657981503001;
  -7.928764790155262, -0.1677175125490263, 12.47250357124945;
  -5.732585350460951, 1.417191869993153, 9.291198616904612;
  -8.008626679069883, -0.009654801639370065, 12.59544910231122;
  -7.906926367477814, 0.03473574780364294, 12.45838669010396;
  -7.706806833336549, 0.5387547817600609, 12.17561988426035;
  -5.727578517821899, 1.704811617324677, 9.307253971236527;
  -5.600147887675324, 1.735918420564025, 9.124769226655001;
  -5.606367418991447, 1.712837021084862, 9.159580462770894;
  -7.765884410823162, -0.3522900792250338, 12.31029834140567;
  -5.516748911258978, 1.806732526893318, 9.049342210814414;
  -5.776689659130048, 1.478399964347547, 9.429434934254015;
  -7.649738119593654, 0.739172052209343, 12.20932114380427;
  -5.723067627097838, 1.202322510007297, 9.391682708108785;
  -8.285192824818038, 0.1170009535270275, 13.17547498550803;
  -5.481077566231173, 1.809752778998879, 9.075053860562099;
  -7.914762068521565, 0.2648525888231481, 12.71336575465613;
  -7.901787292869667, 0.4667034658922178, 12.72499400298061;
  -7.846192591419739, 0.9099405845795237, 12.73764164457681;
  -5.751959108833306, 1.453863120848762, 9.624178155116274;
  -5.648171837476158, 1.457558464336923, 9.510872822954839;
  -5.745198269184609, 1.729935522695169, 9.662479984530926;
  -9.337296533106168, -0.5464895176623966, 15.10689527953561;
  -5.691830374311915, 1.667158738493245, 9.600587690605709;
  -7.794899009786432, 1.126268618776567, 12.84469425543148;
  -5.638586897523228, 1.314585929084307, 9.56348220713709;
  -8.135116011837873, 0.3397604245085161, 13.37213789775817;
  -5.620563714303699, 0.9858163489048041, 9.54731123605383;
  -8.244064252308743, 0.6119105720047231, 13.55697496642923;
  -5.66382930825701, 1.537181143002172, 9.633120317270416;
  -8.356229227210005, 0.7019638782392212, 13.75366714547335;
  -5.595273066637306, 1.030046190459452, 9.555758177009553;
  -5.663181080446081, 1.352122144814864, 9.66682794103691;
  -8.463987441461352, 0.464720934390415, 13.99271124109582;
  -5.587458315565025, 1.372893578754058, 9.584361317622605;
  -5.583145707999545, 1.260356338069075, 9.626300655566865;
  -8.231373581497454, 0.6803573854976563, 13.76064932315563;
  -5.770315070571053, 1.644520544232449, 9.947649674467455;
  -5.671813014524525, 1.100096026148045, 9.807409064528661;
  -8.18092101617596, 0.3043567718538334, 13.72456752406477;
  -5.644178299059703, 1.685569204070949, 9.781782310550357;
  -5.558481776684546, 0.9488275062793462, 9.652563676843705;
  -8.196643852495104, 0.5508961960215398, 13.78586508865333;
  -5.656505531461695, 1.463424143868756, 9.840981507968399;
  -8.105813940649668, 0.5614310075351902, 13.75756978462297;
  -5.591362626437468, 1.749779693436184, 9.805994639952003;
