m=[-4.172530582098358, -1.161023682964524, 7.323139274845319;
  -2.793217078085624, 0.5482997913376465, 5.899262323518038;
  -2.820696465390861, 0.6311436631197162, 5.986833517049026;
  -2.883037489453333, 0.7624378262962872, 6.137181619993291;
  -2.859336537866076, 0.4000258753423434, 6.100354101255744;
  -2.814243628187698, 0.5306439884394811, 6.040041862765777;
  -3.128862794494975, -1.367467768385927, 6.648896383496367;
  -2.83210463139621, 0.6761744042608302, 6.123035989878551;
  -2.799196128412704, 0.5726073819659778, 6.073750421310148;
  -3.135452845120988, -1.267181558697415, 6.737987116987475;
  -3.158852683289604, 0.4445925064737723, 6.885176285893526;
  -3.095855851691599, -1.358257108002832, 6.777201192451297;
  -3.211331590975933, -0.7569512227801315, 7.004102937292531;
  -3.304382374970377, -1.127068771743242, 7.191107908310944;
  -3.103649414886197, -1.282978983812424, 6.833979711308964;
  -3.157760757130595, -0.9902170005417347, 6.950890662148217;
  -3.226220952244794, -0.1649855134714746, 7.130546734640504;
  -2.779610120449483, 0.6861602160483928, 6.300568366533116;
  -3.58263684423498, 0.1684414280270599, 7.865004243825116;
  -3.018944707935782, -1.38195823449514, 6.799669770424289;
  -3.134097804111598, -0.939904764495782, 7.036545861519916;
  -2.747499904787231, 0.6238568250981557, 6.297276777476972;
  -2.754530168292447, 0.719549017294863, 6.348734535289409;
  -2.770990522525823, 0.5621168182525104, 6.389097266613316;
  -3.515193650827313, 0.2089861841904813, 7.865393085315631;
  -3.143089140803588, -0.2910476783195755, 7.154255883383659;
  -3.142497560415341, -0.25679333540203, 7.219023934489103;
  -3.109115288135748, -0.3572609351700716, 7.175526812023462;
  -2.767090334621053, 0.7737664188728887, 6.600246231124578;
  -2.773329374245551, 0.8023128578617372, 6.621956882933153;
  -3.190029179450133, 0.3927644900166672, 7.480692340423307;
  -2.817493886397822, -0.1719576132471449, 6.808814110585831;
  -2.711952643507361, 0.5369146028619001, 6.603696813035115;
  -2.759513533629369, 0.8237205416667266, 6.724982437280238;
  -2.738585170737458, 0.5092070006428879, 6.689039805541196;
  -1.862156025046789, 0.9176994380956132, 4.891330820305793;
  -2.708411312176926, 0.6508996418243126, 6.685261549014205;
  -2.743228606081311, 0.7877874514161845, 6.788088751487059;
  -2.753461012092871, 0.7581135218658709, 6.807849068113077;
  -2.800013500724687, -0.07458519689006903, 6.908579114997135;
  -2.890895997834913, 0.0178473204371998, 7.11304151275117;
  -2.788705995790777, -0.169871440153247, 6.953283000875573;
  -2.781400331915541, -0.2004722739209811, 6.938369274041904;
  -2.742122860370277, 0.8416348491219667, 6.884855901873508;
  -2.723072413828954, 0.6610674819982673, 6.859833943999175;
  -2.959824818488812, -0.3289795619860763, 7.384286395237027;
  -2.767110602911728, -0.1089505019506494, 6.97490308601957;
  -2.710061519653471, 0.4342382763158537, 6.855227531632695;
  -2.773427770655415, -0.1481992244921741, 7.020333549209203;
  -2.934597661218678, -0.8940436554160873, 7.371671700951398;
  -2.713743840023564, 0.8280286287003824, 6.911272718403992;
  -2.88689257599385, -0.2982044476279214, 7.289079179504278;
  -2.87897995290977, -0.2814919899450148, 7.278504151625568;
  -2.702368104142842, 0.5658524238653703, 6.898040760831957;
  -2.697536831873316, -0.199786185963505, 6.889988205503148;
  -2.723623501542384, 0.7895956988647441, 6.954590409753061;
  -2.04868346232914, 0.9072730506057709, 5.483134701098057;
  -3.0349513554705, 0.21579187606309, 7.737657391440219;
  -2.879028221323548, -0.9313912207677029, 7.390482904841357;
  -3.003593161137188, -0.368659067898477, 7.674463220157017;
  -2.778569721655723, -0.2828091665688598, 7.179910414269116;
  -3.152567817116286, -0.5723486038688237, 8.041153475250997;
  -2.708005973183483, 0.6699779320582069, 7.084911638275746;
  -1.947513384913211, 0.8910474874583962, 5.388885431707235;
  -2.716862486220059, 0.7906995072624103, 7.132963440806369;
  -2.686233590033017, 0.8311938267301826, 7.077130485915016;
  -3.140159177096668, -0.6036470258136552, 8.113828199455671;
  -2.672398062355068, 0.831418930744424, 7.278211784170371;
  -2.650320681042737, 0.6523278886239627, 7.32453833776561;
  -2.573104723750616, 0.6549067333758105, 7.255188569228351;
  -2.624534787866355, 0.6670681056615807, 7.406619114888611;
  -2.576879821501884, 0.592280821486973, 7.50917382205601;
  -2.628983799856325, 0.8355215049067692, 7.696491013745474;
  -2.603566332098374, 0.6700055653144896, 7.642631962623756;
  -2.603569115235962, 0.5436353475155231, 7.692434664694861;
  -2.571444811955788, 0.6446577901385896, 7.721824996285085;
  -2.54640395564753, 0.3912906518954964, 7.840039652705084;
  -2.539846710996265, 0.642413291638183, 7.899473322373042;
  -2.578221444682421, 0.4907241847687703, 8.141006977351916;
  -2.528697185340858, 0.5918368742737429, 8.0174589259424;
  -2.522165359743166, 0.5129836033873697, 8.066152222320687;
  -1.387804760864251, 0.9237260416078377, 4.916799556247196;
  -2.506874006539347, 0.4709136629052951, 8.134622206438669;
  -2.52505252593301, 0.3619332445603583, 8.255524583752409;
  -2.462540809498415, 0.4703356139939331, 8.093976464453085;
  -2.537266412285668, 0.8025224059990611, 8.393848974325898;
  -2.570284003409342, 0.7504638698086078, 8.491010387913244;
  -2.454362076679427, 0.6236732226538043, 8.241261670469376;
  -2.453640024066364, 0.6442253689038818, 8.409357128863922;
  -2.437944565814837, 0.4203111857315408, 8.421885138238565;
  -2.460805116627141, 0.5966965563787086, 8.55633506453148;
  -2.509140118042027, 0.7536529899234631, 8.750138765904399;
  -2.459917810058834, 0.7938223517279677, 8.623770757340912;
  -2.441398703645587, 0.3893953610014184, 8.5994496679383;
  -2.453374941099534, 0.5809080847011007, 8.696569617709033;
  -2.444947450345854, 0.6467024096743728, 8.667516799512748;
  -1.764153301017993, 0.6511546969927187, 6.611138376410411;
  -1.386459074041469, 0.9361506197670118, 5.416721096537885;
  -2.405114490817074, 0.5345378266807968, 8.694956012384392;
  -3.511883656280864, -2.030084519303804, 12.32293128227665;
  -3.508182002566959, -0.1427566829354969, 12.3324947123385;
  -1.724048060150307, 0.57527730761651, 6.647114044315161;
  -2.406168076059469, 0.4749661081544679, 8.861005548013791;
  -3.572466100485152, -2.392249308153814, 12.76404376238893;
  -1.328486796004556, 0.9489787005819634, 5.396067935468289;
  -3.432422912094604, -0.9514810132061624, 12.3574481247332;
  -3.479355567002413, -1.954856928459327, 12.67973984434589;
  -3.446710023357267, -2.2762678694877, 12.74144591272884;
  -3.391339053086934, -0.7716166858606659, 12.59019904232587;
  -3.561641907880881, -0.8701082058375029, 13.22949257741042;
  -3.548590641689824, -2.219404142826479, 13.19494890482444;
  -3.396703403669596, -2.89430847154827, 13.07778248690818;
  -3.337569094410768, -2.136465548058826, 12.8763456507249;
  -3.201768411040238, 0.08452131960504515, 12.45263506234223;
  -3.086419285053454, -0.3031971454187539, 12.82185452391802;
  -1.304484400386985, 0.9233592511929272, 6.02856181616448;
  -3.259857782163006, -2.969943132141284, 13.58927844248557;
  -1.25463305496157, 0.9181791258903916, 5.979956311124267;
  -3.159270535215565, -2.907599897084173, 13.90226489197568;
  -1.30446867187585, 0.4101882724728593, 6.36491888524377;
  -1.312691920982381, 0.4346703444352381, 6.428950810828393;
  -2.933312053260227, -0.6531705586623392, 13.66954447308488;
  -2.844219111842555, -0.5316429665233703, 13.67881115052045;
  -1.167519207201524, 0.4507190293762267, 6.350246175447725;
  -3.099587790544862, -1.009047363899945, 15.20416591059055;
  -1.182002268959688, 0.4467083896950138, 6.514279577674157;
  -2.693492482173697, -0.4848087531468801, 13.69386975687623;
  -2.426204781200736, -0.2870805348241839, 12.35890696614648;
  -4.462221066835096, -4.784814143529172, 22.22866041517989;
  -4.572746119189999, -4.731033017896825, 22.78760961235366;
  -5.060188450751212, -4.907378806757677, 25.88290752623366;
