m=[-8.044788611645362, 0.009803999026942019, 10.73355693221904;
  -7.895545933276246, -0.06223972088188128, 10.5968596323873;
  -7.827235609831678, 0.8833730865386991, 10.54254367071198;
  -7.717664984390035, 0.4421692484168615, 10.42491472021792;
  -7.870290960187558, 0.07356289157246077, 10.63268564643754;
  -7.731975308993696, 0.9194060737131478, 10.46565006413484;
  -7.91285448670113, -0.1389935591089058, 10.71086317645384;
  -5.669423713204693, 1.206634914354381, 7.951730783076336;
  -5.779743172641407, 1.651036246308621, 8.119569060071523;
  -7.666083580352561, 0.3335510782730403, 10.47700699062313;
  -7.683209342956496, 0.6275543234436075, 10.50780233634608;
  -7.758493552388245, 0.9154630081949585, 10.60573828190132;
  -7.944087260387337, -0.3360961195129755, 10.85085532521959;
  -8.070220572865857, -0.6124593823841366, 11.01021367327803;
  -7.976451800898869, -0.7476914869333753, 10.89647086876175;
  -7.771397456552233, 0.5625967051600749, 10.6778245730567;
  -7.794952095241055, 0.1060852358485111, 10.71077475424322;
  -7.702246558064807, 0.7338364594186606, 10.62083172590368;
  -7.829383669981749, -0.01593254053351701, 10.78258186206999;
  -7.773817169577582, 0.6754712600380235, 10.72388958663026;
  -8.235217414161022, -0.4477858802947262, 11.32089564296409;
  -5.6595814494981, 1.718102180813889, 8.109901410321509;
  -5.67138512577863, 1.691124677963354, 8.131798922678295;
  -7.677579920619003, 0.4102463120763014, 10.67725566809368;
  -7.6159364357092, 0.6742681721342803, 10.60488729736069;
  -7.826308201088649, -0.1970316285404217, 10.88147792019742;
  -7.716524013828876, 0.1106921036135543, 10.82391339173155;
  -7.462806015885957, 0.9418719090113573, 10.51147255398521;
  -7.706894442701047, 0.02614850474851048, 10.82610510321689;
  -7.659211567322546, 0.2790322275545434, 10.80109507632905;
  -7.750149619881684, -0.1148259553933369, 10.93571582934411;
  -5.612891185615356, 1.110736861391471, 8.206938481476747;
  -7.773625559494194, -0.1597443283596423, 11.00611567642285;
  -8.251646246894056, -0.3694765337479696, 11.62377228482268;
  -7.640592505682925, 0.4867621771561451, 10.83974509313493;
  -7.683623801612893, 0.8544012733249917, 10.92502941053066;
  -7.715125798655998, 0.07642310268293542, 10.97163758409039;
  -7.553549671843077, 0.607957520280786, 10.80854492984881;
  -7.614478098763055, 0.5021644936826548, 10.89842745766494;
  -5.739714344011101, 1.66140060762876, 8.458291922673507;
  -7.873922664913549, -0.1932603097728761, 11.2450197232353;
  -7.910760722239899, -0.03514826742290772, 11.30470656524414;
  -5.693066023243556, 1.404790553652566, 8.429377435956848;
  -7.908925450076042, -0.08010290604304035, 11.34609890301758;
  -5.683525068980645, 1.34019261078305, 8.441822931530346;
  -5.607672135665744, 1.653176866258777, 8.34897328605704;
  -7.798274239375268, 0.1261424449792977, 11.25268676592425;
  -5.710790559642319, 1.63866338197795, 8.522140456199633;
  -5.613099457694839, 1.278559614458227, 8.420237974714132;
  -7.794197056100394, 0.2264985625207835, 11.38177497377784;
  -5.575675813430413, 1.300162669627752, 8.427226365818386;
  -9.038914065517615, -2.649668354929073, 13.17952949552322;
  -5.58867222759486, 1.232771233919759, 8.529013570328552;
  -5.502646052545235, 1.375179758178825, 8.419934242529168;
  -5.600048739488753, 1.192076625786166, 8.553529897894652;
  -5.699313248565158, 1.600744639257222, 8.732641847718178;
  -8.064220607984293, 0.4782684631975918, 11.98340674580994;
  -5.599318121190958, 1.288012328169857, 8.646683056142511;
  -5.605711784308376, 1.423217985385364, 8.65475722125127;
  -7.907464772799218, 0.3951190242577609, 11.81354890451969;
  -8.0631953560247, 0.3011053708137106, 12.09674719328077;
  -8.100792973570423, 0.5688797272497067, 12.1725231154558;
  -9.098953715505967, -0.574698554639146, 13.55619419634969;
  -8.270439364611441, 0.4822682845252307, 12.41613743933631;
  -8.119326640331622, 0.6427945528834723, 12.22215436321492;
  -7.64515237069419, 0.8394960761870266, 11.57694367745315;
  -8.937718102263601, -0.8622081263539627, 13.38140940455171;
  -8.137202431448719, 0.6924152856426112, 12.29061172709332;
  -5.556811823628488, 1.318601916438192, 8.706764261960124;
  -5.534366574910752, 1.344031343003429, 8.686297336792844;
  -8.221816346628343, 0.4111057181330008, 12.44664696041925;
  -5.516784814504657, 1.375344474165565, 8.688570671342493;
  -5.48705259186074, 0.9816022428112596, 8.657088865565003;
  -5.503528031341022, 1.099201090724342, 8.712864603820105;
  -8.049136638065026, 0.6244945406241941, 12.30574148688922;
  -5.61197313081662, 0.9739451722611421, 8.882882304783209;
  -8.018454511449235, 0.2639553251996721, 12.30131043830476;
  -5.49220376190331, 1.300139298238912, 8.733069097440097;
  -8.075582049719758, 0.5080629621325666, 12.42468738323799;
  -5.66481483929985, 1.544988044609711, 9.054288702135086;
  -5.51360745241964, 1.249756633136596, 8.838167398164622;
  -5.511822354912677, 0.9538092709577676, 8.839191124627437;
  -8.848264867158417, -2.342249630395713, 13.62628320813056;
  -8.001209849216217, 0.5157837266396134, 12.41899757179534;
  -5.54263132521418, 1.124564383945195, 8.904029188175349;
  -5.561127831012121, 1.327722685902843, 8.936297325235675;
  -5.642521184437165, 1.60001160832785, 9.054587384578037;
  -5.449546204598869, 1.655347026942792, 8.786672297409174;
  -5.506373097501001, 0.8596933881276763, 8.894157777266372;
  -5.626183143763106, 1.019040436546585, 9.103920904605875;
  -5.563836673023142, 1.091490371853929, 9.027617389049182;
  -5.486180810161559, 0.8786412081422159, 8.929970746051192;
  -5.587533072800477, 1.287581383094176, 9.086139986674352;
  -5.607112249154481, 1.248943077917728, 9.129094151333877;
  -5.574370503213606, 1.287835427642665, 9.172227477857716;
  -5.571195516658258, 0.9497663084054092, 9.179571890584496;
  -9.027255089764905, -1.819869907045909, 14.31691556331278;
  -5.505387115210503, 0.8341495687828713, 9.129264642141488;
  -5.563441595328178, 1.169570800227846, 9.221580525726472;
  -5.504564611376179, 1.065592108171674, 9.190693062067016;
  -5.610084366140018, 1.128436829685078, 9.360190973480773;
  -5.557503963447024, 1.212049080151878, 9.283472261898124;
  -8.462333273776924, -0.7735483561643707, 13.64554966706525;
  -5.538473465285989, 1.356464004492395, 9.274370093479496;
  -5.563567743982658, 1.460861056311528, 9.32083016769796;
  -5.507274427869441, 0.9729666534592276, 9.238230039597609;
  -5.655415261154719, 1.083236410768631, 9.493140471593774;
  -8.367725775082421, -0.6766802046836464, 13.58677574009468;
  -5.656479489219462, 0.8180982314180468, 9.503177986169741;
  -5.565568318345458, 1.116579035844638, 9.391219993259947;
  -5.46547702110347, 0.907436277755499, 9.24428025740569;
  -5.549555393524879, 1.186983895298583, 9.387318404746472;
  -5.540262160987568, 0.8789018969269955, 9.400228652541934;
  -5.58528386820222, 1.245236450346613, 9.471077322018356;
  -5.622056541850948, 1.450950976336965, 9.564753249403704;
  -5.492464201833646, 1.242697093464862, 9.3769120962472;
  -8.915294228136805, -2.536268337826787, 14.62295877937281;
  -5.499105995829312, 1.062547872927541, 9.397251725883157;
  -5.631136484588217, 1.272319802782468, 9.669385518206601;
  -8.437273062766733, -2.13928508559337, 14.15970727173465;
  -5.48274692928528, 1.040502752818458, 9.540080596308615;
  -5.594781423398911, 1.526406929733876, 9.731919603798374;
  -5.550577487108606, 1.385796323115813, 9.745712697799279;
  -5.451332830434993, 1.636329347763928, 9.593506799339773;
  -8.031129251222531, -0.2112504663708739, 13.69797608984702;
  -5.638968799813485, 0.8107874508144829, 9.951112042889484;
  -7.791809807093606, -0.1473072545423555, 13.41726358350219;
  -8.127461954496228, -0.5011779496911767, 13.95943966272139;
  -5.483596936665046, 0.9657332859928463, 9.747127943322358;
  -8.113990208571655, -0.7601887090558057, 13.99505146462617;
  -5.568280984078497, 1.350309582485882, 9.922829134146962;
  -8.162611955447646, -2.080378005627989, 14.10784474948877;
