m=[-2.895960716044135, 0.8557669524833167, 5.507163220098335;
  -2.944709631805099, 0.4138540271424477, 5.661156093310653;
  -2.879821753059177, 0.5426972324763832, 5.565241517759572;
  -3.298195406804942, -0.9939241849686696, 6.405864044767776;
  -2.820273741128048, 0.7972829734209281, 5.697560398402338;
  -3.170223504227653, -1.318475645181208, 6.318422164297618;
  -2.850758762629126, 0.857639975925556, 5.798572424555432;
  -3.276546795887507, -0.7531000476131671, 6.514491684007752;
  -2.832829058552373, 0.6079537533648369, 5.8119004028327;
  -3.249143537088168, -0.9927163037592615, 6.512475996063196;
  -3.146263578899897, -1.329900580251337, 6.403011196491348;
  -3.28563259604427, -0.1828453707706054, 6.651274274831775;
  -2.844257500590819, 0.8020755948107107, 5.938378169786914;
  -3.212541436153394, -0.9395980360401525, 6.57294364275513;
  -2.860280022757406, 0.7733176174345207, 6.038979502662562;
  -3.224425155860438, -1.033027220270983, 6.686782566864996;
  -3.222012699566139, -0.2871172974729768, 6.692610458292277;
  -3.188138960503057, -0.3533052063697369, 6.714216702466296;
  -3.20994952563512, -0.3061250989566969, 6.761809203720021;
  -2.83739908977372, 0.7871035642089166, 6.131831295418561;
  -3.17916979356304, -0.3070465686853104, 6.808559727131523;
  -3.343166431438031, -0.8279228594136218, 7.290796606567071;
  -2.819850413348427, 0.7709841425555746, 6.329117704755712;
  -2.792674272866623, 0.4787142546383759, 6.326943840008595;
  -2.814838341982965, 0.8244355478227122, 6.399867820912063;
  -2.818235990650449, 0.8038799174748428, 6.411648813495779;
  -2.895109515470151, -0.1667065522322777, 6.564534224357828;
  -2.768468299096059, 0.7638212048780578, 6.334892112850204;
  -2.772852855740075, 0.443317167249189, 6.371885848338448;
  -3.036882307443297, -0.3233494202642832, 6.918873545966163;
  -2.837934448549421, -0.1420957545499994, 6.536487957312184;
  -2.010102102471897, 0.9104524280778489, 4.939660453587309;
  -2.796625274508709, 0.8463143838596281, 6.470448858458599;
  -2.78122749650088, 0.7018374081980586, 6.446914444443614;
  -2.794623403300723, 0.8039074775191553, 6.485786690701738;
  -3.000167556829004, -0.891582842675417, 6.889359614654998;
  -2.969037955240419, -0.2920272855109094, 6.839772351471202;
  -2.287576073264497, 0.8972463987157583, 5.533352048287724;
  -3.206986516830837, -1.091229405962698, 7.342301843811504;
  -3.193394950959538, -1.1465357160764, 7.405339143818159;
  -3.102534350128163, 0.2256073388872992, 7.24812830070188;
  -2.780653554319054, 0.6821751035686486, 6.622477377460195;
  -2.7435348451862, 0.4276844620783697, 6.569734585216613;
  -3.258807998201407, -0.5699497373235986, 7.626465970072196;
  -2.764507226616232, 0.8491191401173984, 6.626557985912176;
  -2.741498024953223, 0.6969475038316328, 6.656633410739998;
  -3.083024529468982, -0.4741326275213461, 7.393566739287079;
  -3.203337857779406, -0.5989382405097793, 7.68320108565522;
  -2.838274593578644, -0.7453219033433082, 6.957934123639276;
  -2.708261637533378, 0.8362569744844656, 6.702302652413835;
  -2.825428429956584, -0.7680732032904922, 6.951568087765952;
  -2.729497687371923, 0.3831237958040694, 6.959680244406942;
  -2.714664475465973, 0.3080561165994408, 6.9734496647763;
  -2.667486868844682, 0.4289814446179865, 7.091120759957824;
  -2.721621458971762, 0.6201949935009576, 7.236105092937637;
  -2.687402397515876, 0.6835562905093624, 7.201695161548897;
  -2.679921689698113, 0.6833303588829435, 7.279808808483422;
  -2.658118856325297, 0.6626828406367391, 7.294124056706485;
  -2.608830047777219, 0.653763519652751, 7.418032608806946;
  -3.930336768822656, -1.091454322422689, 10.88202323746007;
  -2.566518379427614, 0.7076238401287938, 7.504728594264417;
  -2.571908945666054, 0.5195562415175186, 7.534193685346798;
  -2.591878309486378, 0.8272386774477202, 7.616472766365161;
  -2.503178563164819, 0.8530607455690746, 7.530457504139361;
  -2.631006504977603, 0.8207600927344952, 7.980006440937056;
  -2.572915157129004, 0.5319723106490725, 7.870250849205949;
  -2.597060467983445, 0.8344638792761265, 8.015074281114458;
  -2.525912243622669, 0.4005661154423401, 8.159554053570778;
  -2.543424340850786, 0.386952842859758, 8.327120369385604;
  -2.49682511368608, 0.4150532711480969, 8.410528271999057;
  -3.631704228484248, -0.1362823773822183, 11.92284421242548;
  -3.536142258450689, -0.9472407947018664, 11.88638500682633;
  -3.608545701561676, -0.810115554700649, 12.1151220093744;
  -3.619507981898416, -2.200565420574705, 12.59048681005331;
  -3.510254540241165, -2.902984874032114, 12.62742380102471;
  -3.525942444678848, -2.191321917489997, 12.69277248135121;
  -3.554295773526581, -2.097331344815117, 12.85443519539875;
  -1.362092445471865, 0.9423458071390154, 5.586327840325096;
  -3.132170646802579, 0.2118954115581239, 11.55898496721179;
  -1.337577659717535, 0.9547976866629886, 5.647137183789834;
  -3.306217300453616, -2.974732284203937, 13.30309808997981;
  -2.724104107819552, -0.1098012780196974, 11.21930981490612;
  -3.239180472625162, -2.877591194857827, 13.29675637730609;
  -3.147229006082189, -3.012341212649639, 13.33214479292988;
  -1.232650598674713, 0.4935284544690282, 5.927671847109935;
  -1.236245324307191, 0.4683457099359659, 5.960448754735267;
  -3.061098615303098, -0.6539762418641828, 13.27895259603665;
  -1.23508889920249, 0.4329911114804924, 5.996095730438377;
  -1.24599409993407, 0.4596996578030356, 6.063905468540888;
  -3.009139777706872, -0.530857501056793, 13.17074333486753;
  -2.999192974269165, -0.7619158558910859, 13.50553481991673;
  -2.939133974469256, -0.9188722775432745, 13.44742982438165;
  -2.878602258529025, -0.7359971264644195, 13.33186802253718;
  -2.812481477210268, -0.4772300663324587, 13.27268526288557;
  -4.688729750329658, -4.843180165935414, 21.99593714426425;
  -2.460257731734646, -0.2403790281996719, 11.91029158964181;
  -4.49704610580558, -4.849152218683139, 21.26342213906037;
  -4.690753560953048, -4.743590991247878, 22.29451335132147;
  -4.394547869843081, -4.791496704120775, 21.10043594649251;
  -4.584681942793647, -4.687748656973167, 22.22564786554617;
  -5.056383355690943, -5.156070541987502, 25.00466725260343;
  -4.586971630473958, -5.267921267316162, 23.35649008989675;
  -4.565333437630418, -4.59408790156593, 23.38678098765836;
  -3.89627803185763, -2.745914091931242, 21.93794228220363;
  -3.785616952878466, -4.621346926072603, 22.11408092661497;
  -0.8931059824312045, 0.5249080851155876, 6.032716049278694;
  -0.8805885512197009, 0.3761719812270553, 5.989543251807336;
  -0.880539936981791, 0.458098693618878, 6.023797055335314;
  -0.8573223534618363, 0.4742099721364156, 6.008133486984796;
  -0.855408739228023, 0.5734283641990842, 6.016433229790227;
  -0.8494006897973336, 0.4826221476053483, 6.04539228932962;
  -0.8405477204935113, 0.5423612134167439, 6.074934670050357;
  -3.471522893265198, -4.624698527616017, 21.8858724983535;
  -0.800381866442924, 0.6912914324335355, 6.590351440587955;
  -2.931121167347977, -2.0418625509124, 21.32029046564905;
  -0.7710166943704724, 0.7740746954734789, 6.495866667313906;
  -2.884925666240017, -2.419631151672641, 21.93286871772862;
  -0.8370987474389749, 0.1550574181881139, 7.300565429409416;
  -0.7205189340031949, 0.7085793725524171, 6.573532846979759;
  -2.268902535900119, -0.955043717030283, 20.03251777527077;
  -1.823046923764034, -0.893422182724506, 18.88034231015942;
  -0.6566898234482468, 0.9488962394732273, 7.924589423200929;
  -0.6482733315923646, 0.8131837709897996, 8.039770115353468;
  -0.6210362484278895, 0.9364607532751892, 8.059422694778343;
  -0.6027733300271174, 0.8762379818907925, 8.164100379579914;
  -0.5194087331635519, 0.8424347352756716, 8.146077013334068;
  -0.5229590330577986, 0.7727937078802873, 8.208512742191736;
  -0.5253245115086054, 0.6911727559698635, 8.257086415540957;
  -0.4769389348462778, 0.8654205483257079, 8.148504687209734;
  -0.5206328600036063, 0.6483018192084568, 9.348043074245078;
