m=[-8.390559320674539, 0.4245190995495664, 11.32617381690126;
  -5.924834343829835, 1.614082219123726, 8.322715926908817;
  -8.517617765294736, 0.7237925165592555, 11.52786213660327;
  -8.532831939210816, 0.3295817577249923, 11.59142366235794;
  -8.510083626229251, 0.676844290359775, 11.60802770162797;
  -9.42087052689106, -1.082308753975449, 12.8273670035188;
  -9.553815500059864, -0.5914723053724922, 13.00886561022247;
  -8.581703235818287, 0.4333657441406647, 11.79053087707782;
  -5.883069975356659, 1.352085903090787, 8.410624366317691;
  -9.557972814111105, -1.717455510439463, 13.04045187743813;
  -9.471839604898511, -0.8949890054373171, 12.94836702618375;
  -8.586563113831675, 0.2346902655294853, 11.8456626312874;
  -5.958806371856507, 1.328031427651841, 8.535795398238898;
  -5.793982418357283, 1.764855690970836, 8.33363483094597;
  -8.556504998193006, 0.6765115790904378, 11.86250607115527;
  -5.863101372193956, 1.307703769423852, 8.457510793841546;
  -8.524283469157032, 0.2896664615147723, 11.85747667057076;
  -5.63484679377755, 1.791098450874894, 8.192793166128512;
  -8.505377925927496, 0.5450445181271872, 11.87528653982228;
  -5.939416687719286, 1.541615413430338, 8.610573080313836;
  -5.867887022364213, 1.196001632190516, 8.523879622579097;
  -5.864776156858174, 1.584373078792396, 8.53198669559251;
  -5.845640297717542, 1.262808509604346, 8.537652748100925;
  -5.861646385540927, 1.231533512393431, 8.55764001870042;
  -8.407094843657891, 0.5513743898433489, 11.84098505342382;
  -5.894898085682509, 1.447355640135476, 8.625486109661461;
  -8.421273354179542, 1.11579096240312, 11.93079427428753;
  -5.930255604825215, 1.710315430606576, 8.698474837705431;
  -5.954162593548968, 1.154629993579196, 8.753876564918942;
  -5.956690976755078, 1.691818609803079, 8.77008853935601;
  -5.803200090273443, 1.030592424784249, 8.578209631262197;
  -5.867337579283939, 1.123837885536404, 8.703795830852727;
  -5.894672213163173, 1.184323638059085, 8.779960075296595;
  -5.909999969615353, 1.262907431803463, 8.822891999931567;
  -5.873675043910532, 1.1333564210128, 8.859364745288804;
  -5.897777436193458, 0.913518859090937, 8.892259442987594;
  -5.816824056679188, 1.54056229827487, 8.808918660877492;
  -5.956236513724494, 1.49222413517341, 9.135026378035667;
  -5.901828463047607, 1.599397597932557, 9.091774651181426;
  -5.840592849183016, 1.387756439302287, 9.016187504621305;
  -6.134106087199163, 0.793975600088531, 9.463762301970908;
  -8.779524009663041, -0.4673463968714312, 13.12339433605711;
  -5.890858649593278, 0.8938372658149023, 9.137660816906196;
  -5.827865464756888, 0.9873028616934455, 9.055548373620646;
  -5.784738304300329, 1.230505183961278, 9.110260796376501;
  -5.798493839999135, 1.021067470275273, 9.134113423605173;
  -9.925754521629118, 0.02039544327323856, 15.03487305943694;
  -5.883903988240022, 1.39698497846326, 9.405679179767947;
  -5.831242175388641, 1.478910728854171, 9.375152078351729;
  -5.804153876026599, 1.058140772770379, 9.410727229570544;
  -8.196325645728312, -0.1727182256124867, 12.95712552705168;
  -5.839561646504844, 1.16619499703998, 9.545429439832896;
  -5.806024284378263, 1.205358679816557, 9.509715112793485;
  -8.944614935530558, -2.230730691196426, 14.16467390144946;
  -8.277232985538515, -1.138977581554438, 13.20436978904135;
  -8.647694883841355, -1.005151441564247, 13.75249538394781;
  -8.041848176888836, 0.04562378865606431, 12.87377624875028;
  -8.045269049262336, -0.06956721053517732, 12.88636859354527;
  -7.949978486064933, -0.1968405554112062, 12.75038900131646;
  -9.048021907954821, 0.3825463925543134, 14.37759083836838;
  -8.512119529005302, -2.268862347756413, 13.5813917900056;
  -8.105704114864615, -1.097040528750445, 13.01247573442418;
  -6.032737789512651, 1.007625185756418, 9.947268928481968;
  -5.981698771611753, 1.067082014458451, 9.872112531614196;
  -8.05426492415638, -1.319126417674787, 12.95625303663733;
  -5.878543946180352, 0.8668960046787603, 9.731281915130399;
  -8.434018774014071, -2.28757462220864, 13.57310672149457;
  -8.206546154179661, -1.928139817811933, 13.25229165878255;
  -7.965903591422392, -0.1169295758956057, 12.90142458254567;
  -8.031420736343844, -1.010243411043273, 13.01678677516986;
  -8.434765424008864, -2.474654940198171, 13.64687712030103;
  -7.972823767777252, -0.2409722447394587, 12.99031472324416;
  -8.791913105263214, 0.4124005192414621, 14.24274059540734;
  -8.264693628817877, -2.15758991852211, 13.45739142031881;
  -8.109964162599397, -0.8213506926751495, 13.22674683090956;
  -8.17189960926704, -1.831662256332928, 13.32232733549707;
  -8.161246832539524, -1.711804280835039, 13.31591266709294;
  -5.864563068494006, 0.9432452307529542, 9.855195933752738;
  -7.985773328027229, -0.12251988107588, 13.08105306578787;
  -5.827167012597466, 1.193217665102871, 9.827297426351194;
  -5.850147739441758, 0.8351112103568457, 9.899500206288668;
  -8.205401102534742, -0.9001504171695928, 13.53575103638638;
  -5.810866506990354, 0.8490818892995534, 9.896114005807634;
  -8.246014004432256, -2.372089414315866, 13.62428983342579;
  -7.956184549711066, -0.8143666611039497, 13.19537713962082;
  -7.942853970234488, 0.01398891187822825, 13.18114524724588;
  -5.847091185729077, 0.941961351934525, 9.97357015225934;
  -5.759756772257619, 1.13229180091017, 9.853106684233682;
  -5.914804865894097, 1.022407284260663, 10.1091021974694;
  -7.981934433443834, -0.1313738062791771, 13.31583007637842;
  -8.936176760310641, 0.4028561750588964, 14.79111354544357;
  -8.073928161650176, -0.756747261968281, 13.49925781238004;
  -5.825059527893574, 1.141600972118263, 10.07714495889145;
  -6.520763744414359, 0.1265465026200821, 11.36055845852989;
  -5.8669615393135, 0.9016556678925732, 10.33724364785701;
  -5.673978821473455, 1.218646212638263, 10.29204480582401;
  -5.637569447335972, 0.6104846216041885, 10.23818642894558;
  -5.692606814250047, 1.135901933887823, 10.36623279016696;
  -5.871641417743843, 0.8147033083424663, 11.01191473998885;
  -7.7436036316841, -3.22392447284855, 14.21375801340873;
  -5.898011425510569, 1.359302863350436, 11.11385357234404;
  -5.917491318238403, 1.458546693085385, 11.18342935522189;
  -5.661884509384864, 1.780761308509736, 10.74235329771739;
  -5.788768846621918, 1.142055336639995, 10.9818136793894;
  -5.81292038938232, 1.301509533455532, 11.10161024527654;
  -5.897980202080906, 0.8289112217632622, 11.33877045077898;
  -5.79136253398972, 1.091371858735679, 11.19177990246072;
  -6.389416039933104, -2.737957003530304, 12.33371362098097;
  -6.025642168634173, 0.7926610458285053, 11.70445388793853;
  -5.838400120599997, 1.38791657326619, 11.37661011799427;
  -5.743113243081629, 1.169313258862792, 11.22668020438343;
  -4.876951661515289, 1.799016291522685, 9.721839439103446;
  -4.822864407851061, 1.826148555794854, 9.630269590215306;
  -6.503671158396694, -1.895691270270885, 12.65177262429713;
  -6.68257831533915, -2.013821313272959, 12.97912430180871;
  -6.420345110710382, -2.541478720465754, 12.54215201146165;
  -5.738386280902925, 1.02886687699652, 11.3282625334514;
  -5.785367613744276, 1.33459392646044, 11.44863174498603;
  -6.36134412645291, -2.747164047097416, 12.48032006897905;
  -5.687780209848977, 1.228417447953738, 11.30184489405505;
  -5.437119870300014, 1.77565439969648, 10.8616901413482;
  -5.696798923423864, 1.528823512632947, 11.34588683603738;
  -5.722537988079933, 0.8854964384555801, 11.39483040502387;
  -5.71552575692164, 1.726221847318987, 11.3903425572387;
  -5.753154202479617, 1.298827058119548, 11.46811458262279;
  -5.701006162820848, 1.478918417209074, 11.38189545372373;
  -6.479076257960907, -2.339328750681964, 12.8756532434225;
  -6.349137364090847, -2.730748881658611, 12.63768961324934;
  -6.593561417453674, -1.515501449165076, 13.10944225667975;
  -6.378127264150565, -2.652622267305255, 12.71194305978054;
  -6.380291244076829, -2.494467154299263, 12.71848087109752;
  -5.727908163087862, 1.229834169139429, 11.53612731349146;
