m=[-2.923171297963426, 0.886416129995014, 5.104173062977322;
  -2.952832444291814, 0.8638793344355393, 5.168177027637566;
  -3.307632060346514, -0.9920563348793235, 6.029623012481951;
  -2.917849681437027, 0.8221146633261939, 5.525430015872394;
  -3.275208705404237, -1.069108035313036, 6.199358152356072;
  -2.899115451408373, 0.7999238684356823, 5.624677688084017;
  -2.90235307938628, 0.8310519069170571, 5.64168451641918;
  -3.255801899679756, -0.3422739254269595, 6.207370499583618;
  -3.136268457806816, -0.954062565788666, 6.10357355118781;
  -2.911252099282728, 0.8559456307147878, 5.786223306492456;
  -3.383587437579912, 0.4523545392131171, 6.602786870315145;
  -2.876882139244441, 0.7892797650096555, 5.816404871216915;
  -2.536402935084417, 0.9003330292879362, 5.255009016405533;
  -2.862165324538573, 0.4903313358012322, 5.832537329215637;
  -3.001938505338893, 0.04137530826527103, 6.083264402494035;
  -2.934883657805285, -0.1229695499834429, 5.978874050751363;
  -2.852424217215394, 0.8313726163290427, 5.844794641698178;
  -2.838191167914033, 0.7804538574074817, 5.842545398321931;
  -3.045880050341766, 0.08794293977528812, 6.211851725988889;
  -2.857507713062234, 0.4879389196097042, 5.892549323970342;
  -2.824624090899901, 0.4540212252998224, 5.842331171323887;
  -2.873678603975757, 0.7811433014810268, 5.94342653805011;
  -2.907317826592084, -0.1311738384456081, 6.043266915030062;
  -2.858220612278823, 0.8584969757120289, 5.957453891100993;
  -3.033978462512792, -0.2636799585096715, 6.335458792168327;
  -2.895555076885976, -0.7330982807054587, 6.433404754247841;
  -2.796711359322754, 0.8553568908936042, 6.273890863329095;
  -2.839239092307063, -0.730021754869191, 6.381690268012713;
  -2.864073309069621, -0.7647159753760314, 6.439856302102712;
  -2.865802641860468, -0.8551645144594166, 6.465191444505995;
  -2.802058393787223, 0.7703947382455169, 6.477827984281838;
  -2.771899854200134, 0.3197152597915102, 6.446865455476502;
  -2.767025880155181, 0.6879142686920059, 6.538306556164027;
  -2.792525125303663, 0.396653934172583, 6.635160859433275;
  -2.748750074030924, 0.6973140805422038, 6.679621649139259;
  -2.772475079447492, 0.8202375515307108, 6.79588833803965;
  -2.767136331602188, 0.8282806949933259, 6.942564911034533;
  -2.670313348939302, 0.6272228183840437, 7.045764247990197;
  -2.648440341916782, 0.498404559096513, 7.154035888092237;
  -4.053886614666379, 0.293308821195716, 10.42747068336153;
  -2.634499023126387, 0.5015349546932125, 7.198116058857132;
  -2.709410173514387, 0.837276466148334, 7.483043456665179;
  -2.658804296824106, 0.6626596990367515, 7.430070649220819;
  -2.705660933781046, 0.7198055644574929, 7.637706655084056;
  -2.66479803155047, 0.5886110414485859, 7.589176624565476;
  -2.612134798595463, 0.4489960660873815, 7.524482768283709;
  -3.747829779289535, -2.031027224143218, 11.4176009772366;
  -3.758389523751412, -0.120675478217044, 11.46559733455609;
  -3.523347714388032, -0.7430393033900276, 11.01613745810608;
  -3.694663011026109, -0.9462439344241315, 11.53565354933479;
  -1.414265687858866, 0.9571686585875228, 5.090681334348751;
  -3.693480592821385, -1.938150848655742, 11.69098268783232;
  -1.364624737534397, 0.9504607893396556, 5.04383608869293;
  -3.814871670621214, -0.8512733002998207, 12.33622178713136;
  -3.760477352782122, -2.199187180441913, 12.17511953660344;
  -3.566134783899591, -0.3139525705232, 11.77379257826372;
  -3.695122151365023, -2.210806644771497, 12.37135896541845;
  -1.431394921737084, 0.4408033898323664, 5.48190590214305;
  -1.417453199476452, 0.4585746144873332, 5.457342827040112;
  -1.332091984746211, 0.4822058157196036, 5.47223880952043;
  -2.785524334854549, -0.09339761256464184, 10.56761894766204;
  -1.28899368180283, 0.4813856182781462, 5.461336469385905;
  -3.194165631463718, -0.6321164937326964, 12.82763330325967;
  -3.236228340353821, -0.7301797446142104, 13.07442275105883;
  -3.04009591067332, -0.4966242463780798, 12.57503928774505;
  -3.095869374272248, -0.7404331558097672, 12.90940672100583;
  -2.92508231443356, -0.8641607088153086, 12.42358518970284;
  -2.858661430527874, -0.4988880200022284, 12.74319362563352;
  -4.782716886676831, -4.72782245456992, 21.05843699356653;
  -4.953262102018574, -5.156502352170427, 21.77391474383962;
  -5.008362723953562, -4.331647160139909, 22.13393036515176;
  -4.762717807916057, -4.913861251415971, 21.10592415088608;
  -4.856107618837349, -4.682377100471614, 21.62387436349811;
  -5.436776639557564, -4.460463165566411, 24.06819425691868;
  -3.268955477844495, 0.05473094683251909, 15.13356648286498;
  -5.177424259343326, -5.038051751476379, 24.03339276707055;
  -4.397115557373679, -4.795630174404644, 20.78524958614805;
  -4.56265867133028, -4.997180218240558, 21.7613987199761;
  -4.900646705389005, -4.693958279403378, 23.49329069780686;
  -0.947886173197636, 0.3310631958745478, 5.543587682229662;
  -0.9356357777852706, 0.5350726923108483, 5.492082901294244;
  -0.9314006374502655, 0.390123428794463, 5.486629649730103;
  -0.9141425494415161, 0.4897216092217023, 5.522443259553929;
  -0.9047289936280702, 0.5846486657786265, 5.497791548437203;
  -0.9005761048924031, 0.4964805868604416, 5.539495240583435;
  -4.092113828612353, -2.725042065662353, 21.46145552729575;
  -0.8870181034112677, 0.5523510035137321, 5.539228853339522;
  -0.8422196142935443, 0.9670645222113287, 5.764598266159175;
  -4.025898204169044, -2.971643011539162, 23.37211036372811;
  -3.667998348843653, -4.609509417552552, 21.40935636177581;
  -0.805113831920333, 0.8728408967966075, 5.923069070740058;
  -0.7983417929927426, 0.6253364842350534, 5.917954826034253;
  -0.789503212399256, 0.8878075983413558, 6.016578040811374;
  -0.7870549200608145, 0.8151940486351967, 6.055845993408464;
  -0.7808914050498153, 0.7246953541224785, 6.094299983525147;
  -2.90715073037743, -2.262011877301041, 20.25562735054346;
  -0.7387159291826977, 0.5361654129823301, 6.051367428749789;
  -2.417958252491327, -0.9209730260768405, 19.33775685529887;
  -0.7950225387463483, 0.4527412846192461, 7.548195225833046;
  -1.987537152841002, -0.865858275599949, 18.38067468459409;
  -0.7184911316868841, 0.9935946254244704, 7.882276832446869;
  -0.6410637053205445, 0.9484813800855971, 7.618019147772861;
  -0.6240403165731198, 0.8290203966045932, 7.549628954037263;
  -0.5915446677759667, 0.8594840641521288, 7.662759451411336;
  -0.5953055972632664, 0.7883837307207535, 7.717461939334028;
  -0.5989647547885071, 0.7077150575117857, 7.776111369847189;
  -0.5132096133757269, 0.8405626737155088, 7.369399570366808;
  -0.5818640106844915, 0.6289539741930983, 8.497735506143711;
  -0.6096570222410805, 0.7132826914243593, 8.852415444993518;
  -0.5298216363933637, 0.9480467015068791, 7.767665729770052;
  -0.9524460269932755, 0.7240156343420432, 18.14186407358801;
  -0.5608088565912351, 0.9107283748273171, 11.98516288280463;
  -1.087633156489711, -0.7217632735820553, 22.91128043400574;
  -0.5057822325735112, 0.9429446969099186, 12.19488601301512;
  -0.7993995146407248, 0.8554178743204121, 18.87239541408724;
  -0.3614932448371115, 0.85946412505114, 11.18991483185345;
  -0.6035518525312783, -1.714530105508279, 19.40149509529832;
  -0.7110703750216323, 0.5861161801115147, 22.66865848544336;
  -0.4009420978647045, 0.88758117993782, 14.25085127708895;
  -0.5407806460016531, -2.411064363449395, 21.79909446120675;
  -0.5501201435480443, -0.4176906677789206, 22.82627742801962;
  -0.6218879808578394, -0.7370824483008133, 25.94676014837609;
  -0.5317386378010198, 0.3343428695549864, 23.51411117778849;
  -0.3455112104901396, -1.570870361458578, 17.05321368042244;
  -0.3651218592876906, -1.701612154088771, 20.01186307118788;
  -0.225366384854719, -1.425974028960063, 15.39888617195369;
  -0.3240462573234362, -0.9609716036607826, 20.27266330919861;
  -0.2880586530943227, -0.6576285096245402, 18.83513702550537;
  -0.2780251900429107, -1.360766436445776, 18.38567760821336;
  -0.2261320583957582, -0.4674521953754294, 18.3270524150085;
