m=[-5.889528284681491, 1.250453976143083, 8.230861802235173;
  -5.859917289365829, 1.180894907867538, 8.196061481940989;
  -5.929687912214963, 1.055546288273204, 8.305924560613557;
  -9.077848145610009, -0.7860992089538172, 12.30696290979653;
  -9.090852802116608, -1.272268612306484, 12.41337198653469;
  -6.116853204764363, 1.027651381650711, 8.890634627843433;
  -5.912080901232833, 0.9067012866458787, 8.780273648814827;
  -5.95277799189875, 0.8784770548215845, 8.929537212165403;
  -5.958728518654749, 0.9682525039304099, 8.960335397749773;
  -8.414641210978282, -1.336845068843937, 12.24748589728787;
  -8.218825470674133, -1.884198301843052, 12.03250960336658;
  -8.02513186347003, 0.0671921815137716, 11.84834717349773;
  -8.020295938083164, -0.1015253598791421, 11.89192482868695;
  -8.948110623346143, 0.4361627132742674, 13.20877049939892;
  -5.872913121427413, -0.7136216874911002, 9.294648489264922;
  -5.74532168237453, -1.612334850614224, 9.173877237912951;
  -6.022628335078613, 1.734900397633778, 10.01966135344572;
  -7.898053689209875, -0.6500709692585444, 12.86477533673653;
  -7.802629772002441, -0.7084898414744382, 12.80669989184917;
  -7.805701950614368, -0.4774261534918872, 12.84193755627273;
  -7.747904553787002, -0.6557372230483225, 12.79731654913324;
  -7.856824955259184, -2.261505564145949, 12.98828458211429;
  -5.960797524409236, 0.9938240889222306, 10.12488840874508;
  -7.759777267993149, -0.6515623833040428, 12.93387029379266;
  -6.046855701266278, 0.8577178361698152, 10.37264938019331;
  -5.890896522450503, 1.112470726676467, 10.14340049259633;
  -5.900508957898806, 1.289356551529159, 10.19093606524406;
  -7.880415999350367, -0.584466269283847, 13.26942493516325;
  -5.93463216071474, 1.338084243829038, 10.28820042887877;
  -5.958438631713973, 1.415128693977323, 10.36020346113833;
  -6.057683849709079, 0.8014885191448189, 10.52846127066016;
  -5.921606657810409, 1.209907291907573, 10.31686218921355;
  -5.860120913269904, 1.777010367084053, 10.23240455738648;
  -5.84562115123958, 1.676421773164247, 10.28830440747196;
  -5.866986078702071, 1.057623583423937, 10.33049045030581;
  -5.851131579590345, 1.349502854434872, 10.3365907004267;
  -5.797697579792093, 0.9036179099834206, 10.30150416621135;
  -6.674892779972644, -1.958464208902778, 11.71459655668577;
  -5.856823174369747, 1.318560104434866, 10.42159696158142;
  -5.865490481771807, 1.447464200612294, 10.48862389869534;
  -6.049675896785015, 0.8049691857423656, 10.78811947029293;
  -5.962990184991607, 1.178166165542792, 10.6793237364977;
  -5.290931840175705, 1.813276468269812, 9.600426767889044;
  -5.809829240598175, 1.23531248241351, 10.44671770217035;
  -6.654802898913157, -2.037194974621039, 11.84354340044287;
  -6.484778189419729, -2.472051197180488, 11.65886810313291;
  -5.853923753364049, 1.754616850957578, 10.64194417757119;
  -6.682485104609601, -1.489989179820046, 12.01094184923078;
  -5.782574733895078, 0.8321719699713552, 10.5433944739406;
  -6.742972348439499, -2.19812668534213, 12.14895801223567;
  -5.838360657152476, 1.11569697186155, 10.66772434749923;
  -6.611828008886428, -1.924077778649874, 11.949946239217;
  -5.892739626397173, 1.448855638300852, 10.79141331995676;
  -6.662260917499948, -1.973090643139828, 12.06295981491838;
  -6.441617043568239, -2.351290100785543, 11.69342937547807;
  -5.861147695839715, 1.199972640487946, 10.7844292408625;
  -5.870858117601367, 0.8389882987601532, 10.8070506448046;
  -6.622169208833378, -1.986183709193371, 12.0718336035079;
  -6.426146709925127, -2.512771917869696, 11.76607731415049;
  -5.15298178673434, 1.828180695484775, 9.649733453782702;
  -5.789501525911778, 1.308279091384724, 10.7150376771367;
  -6.42979807200698, -2.648073298893257, 11.80771230936071;
  -5.855390210857663, 1.644021743192437, 10.94394301036247;
  -6.560759575568401, -1.864890284548409, 12.13949428155125;
  -5.734249723576007, 1.563010324247671, 10.7656035470319;
  -5.818321148514452, 1.481947990903167, 10.91017801369923;
  -5.862639276134661, 1.698825202839893, 11.00610141813525;
  -6.621026744741053, -0.7562799202475927, 12.29477028784545;
  -6.751390759612566, -2.123673251137766, 12.52968032677202;
  -5.815923176366972, 1.332327707252843, 10.94055294251466;
  -5.876751192569614, 1.12679948180323, 11.06066332270817;
  -5.778659377700557, 1.393516241567855, 10.90967983702064;
  -5.819856188851863, 1.197255631132897, 11.01463827212602;
  -6.663145264581811, -1.481661723662655, 12.45756141525019;
  -5.845778183455315, 0.9556948758880136, 11.07052754332056;
  -5.842876600455392, 1.572696482918969, 11.06688149215644;
  -7.275662145557474, 0.3370794235100586, 13.53691779617077;
  -6.620999993817281, -2.05879159338875, 12.4252752050507;
  -6.601606933022861, -0.5546597775504762, 12.41148061055417;
  -6.480407699734319, -1.841171982645325, 12.21984006365815;
  -5.766956424999736, 1.295624566879667, 11.02437423311759;
  -5.818618637814164, 1.153990476004036, 11.11721099294988;
  -5.791774997268924, 1.515719035871534, 11.07574742088266;
  -5.845205114978505, 1.603017346630819, 11.17307886556982;
  -5.843415767564658, 1.113475017969528, 11.17679648467274;
  -6.606649196186583, -2.156571497408047, 12.50515256830967;
  -5.833040899729511, 1.41327210653065, 11.19991601325136;
  -5.815638583344687, 1.205753991134584, 11.19265736874112;
  -6.526823161315482, -0.6861478225105716, 12.44375757368218;
  -5.741466516029663, 0.9337430646552117, 11.07530330632052;
  -4.193833751842504, 1.865677240287693, 8.399618220747637;
  -6.968364999314326, 0.8798009513874033, 13.28908907756457;
  -5.76336198380567, 1.736659601185226, 11.1773872284078;
  -5.816725789487781, 1.604950845574741, 11.28523796799503;
  -4.64856236115883, 1.851345349992777, 9.277954345362259;
  -5.741628749892076, 1.564534164449518, 11.24093679378469;
  -5.761356230471369, 1.318092443713453, 11.29748151913771;
  -6.267313768485954, -1.906536234065156, 12.19698220001112;
  -6.519705559971471, -0.5924122912159091, 12.6499961681808;
  -5.769095112813906, 0.8452105818610108, 11.34959890886978;
  -6.41656065796496, -2.171107545820825, 12.50607453629982;
  -5.84309352705354, 1.724714020834924, 11.51093939929714;
  -5.803398804445181, 1.339075778292465, 11.47947425793378;
  -5.998389339459672, -0.1626136471514298, 11.84181266285076;
  -5.742379993439804, 1.063931522921633, 11.43016898729249;
  -5.684041496070626, 1.010733380749703, 11.3344215682519;
  -7.028719042282376, -2.665729927893632, 13.81530128295891;
  -5.920553514509348, 1.663921351826374, 11.81021557625913;
  -5.778513447099246, 1.329235616449296, 11.57054532213633;
  -6.430646196625665, -1.833132445865432, 12.76865039438295;
  -5.728970964456358, 0.9099244876495384, 11.52692001833449;
  -5.706092666342385, 1.18656968186816, 11.49275644810051;
  -5.848793078267057, 1.396679244062055, 11.76257137028896;
  -5.823947036842395, 0.845589538594728, 11.72252757331934;
  -6.653457978349235, -1.676237924558569, 13.24256082357075;
  -5.692436461812981, 1.135911254621748, 11.50654973500932;
  -6.339389925334365, -0.5527088894873236, 12.69737786024111;
  -5.757115783416604, 1.579479023725952, 11.63958572721318;
  -5.928038979267942, -0.1129197851676368, 11.98734990277571;
  -4.331178712494618, 1.885192340189416, 9.065757222095389;
  -6.44581995388368, -2.30423548694553, 12.98856502040666;
  -5.744225818979253, 0.9840710090421143, 11.70561715265069;
  -4.332766386964187, 1.881378012398353, 9.099750776517203;
  -5.918466501806375, -0.2479795614329243, 12.05695690654835;
  -5.726124750705134, 1.668946465497188, 11.73318577882815;
  -5.095299441283266, 1.808650478062552, 10.55662100640901;
  -5.867546198396412, -0.3732591386875986, 12.00165158655227;
  -6.079411742797597, 0.1755293484738635, 12.39851987055662;
  -5.987518635511488, -0.05102524272173738, 12.23338315488193;
  -6.000891253391228, -0.314908466316497, 12.27277429023741;
  -5.790116113137474, 1.749670436212265, 11.89498886062405;
  -5.691665930104382, 1.565110440918423, 11.71655276947303;
