m=[-6.040310823821208, 1.744849553598945, 8.713505088765142;
  -8.004503692071674, -0.04690894998149987, 11.22484535251802;
  -8.001173114934856, 0.02297941452955151, 11.25415309657705;
  -8.094206067176522, -0.4834551533628462, 11.46229670902739;
  -7.939707634567056, 0.01555753071941441, 11.27203132371696;
  -7.940995438992261, -0.03846469431789391, 11.27641250938838;
  -8.198623120790158, -2.171639321489121, 11.62853363100994;
  -8.201010713902269, -2.251296371699173, 11.66214907639395;
  -7.829769202190109, -0.5857054850240221, 11.30042045077013;
  -8.186066612149521, -2.246258763613556, 11.77231573474239;
  -7.997377578619333, -0.7575691272897526, 11.53790939349274;
  -8.024582162797604, -2.345206340361548, 11.60206754534607;
  -8.075572883880794, -1.936528883198866, 11.67258514147065;
  -8.190362526626251, -2.324598390580948, 11.83679283038898;
  -8.058542031034168, -0.4220389154992739, 11.66577976448754;
  -8.03743920154243, -0.1074966722039675, 11.6497132224879;
  -5.969455628619588, 1.002859589758784, 8.926092726603253;
  -6.044924863037464, 1.346344762704665, 9.051387257741896;
  -8.1284541902952, -2.301392636368008, 11.83997927085185;
  -7.736286828132539, -1.237387667005608, 11.36313804134691;
  -7.895847829450101, -1.950904882449448, 11.60611170290323;
  -5.970126391307747, 0.9926776519959764, 9.019396403415618;
  -8.012186809855196, -0.5410921786334818, 11.77844290339869;
  -6.057248836813105, 1.595132971083542, 9.147145372543147;
  -5.992542695521469, 1.166787714262964, 9.069017406278395;
  -8.085038101974439, -2.301590163294007, 11.90973722046718;
  -7.739017203354821, -1.231075199798239, 11.44828709264591;
  -6.082437332124074, 1.640753752234081, 9.225404027743556;
  -7.949682279517277, -0.6910106863551478, 11.76048265354828;
  -5.992366009765569, 1.302077002826702, 9.112989204455113;
  -6.05322170300497, 1.051135115842288, 9.219532570813763;
  -7.925367084817853, -2.459221218468497, 11.81094614305241;
  -7.90383050912913, -2.087492062478814, 11.78432707467209;
  -5.971999013939894, 1.038712358238503, 9.147121896752271;
  -5.912720512568188, 0.9428354416226779, 9.118263813916718;
  -7.282792333804248, -0.8802039568441327, 11.06229439298278;
  -5.952733043240475, 1.071955795389112, 9.241749039125988;
  -5.942663108503985, 1.034594014340418, 9.246173594627106;
  -5.948848793888018, 0.925997881443925, 9.315357311418216;
  -5.924285494601155, 1.017218202008619, 9.284032327520002;
  -7.150564026123654, -1.059763244631197, 11.06014129767333;
  -6.014558386733072, 1.184249372732718, 9.529536640047526;
  -5.927018678234837, 1.258086691139406, 9.40674125959338;
  -6.892236486522417, -1.968758694002025, 10.80708308456314;
  -7.920933878228687, -0.4328209538240507, 12.3830089082842;
  -6.747888049173311, -1.549776973417854, 10.72970802159829;
  -7.898070497487879, -0.03039172559735668, 12.38898843329382;
  -5.948611928579251, 0.8551886943196309, 9.57962705306884;
  -5.905144851304421, 1.124810868388927, 9.54190051284913;
  -7.844704522607702, -0.5718928256170993, 12.38440677579669;
  -5.956539597222917, 1.179956429606806, 9.644458686118583;
  -5.899711487585105, 1.442067743468711, 9.566288440648783;
  -5.27123422588858, 1.796089301922087, 8.690351766130521;
  -5.989269861771128, 0.9081436217392446, 9.74937566048183;
  -5.955097219172643, 1.216194948696664, 9.701028308938218;
  -6.796777618110887, -1.474447206176604, 10.93809729895052;
  -5.938537770260914, 0.8549007671745936, 9.681055598574298;
  -6.749338802006564, -1.845634738743527, 10.87421962158917;
  -5.933973918616483, 0.9420985188722513, 9.693620865590537;
  -6.721514302938226, -1.905596993964031, 10.8713197808995;
  -7.801848252782532, -0.4879855716456672, 12.49838283269733;
  -6.740970297706983, -1.972007716674967, 11.00705873243899;
  -5.917016549121469, 1.191568126281647, 9.783356908002217;
  -5.959287962251126, 1.658955261145812, 9.873051227738944;
  -5.853986465564766, 0.9785948011408702, 9.730640420344383;
  -5.898114372917017, 1.491800015160178, 9.800426507602481;
  -6.914761180312196, -0.2812048593889575, 11.32056862331316;
  -5.899083237842709, 1.025803255069122, 9.815358178968683;
  -6.797390795324276, -2.038219053000433, 11.16543669955546;
  -5.997145701425969, 1.622593267318002, 9.963167833191285;
  -5.908671254799522, 1.695612485850625, 9.837169875171361;
  -5.901726020315664, 1.357030327952046, 9.846628034621732;
  -7.849720627817738, 0.2451640996288152, 12.78442872442533;
  -5.876702499218889, 1.405264455566739, 9.829419287681148;
  -8.007902258535756, 0.4724924235350243, 13.04390419724953;
  -6.703867459596705, -1.853531606996748, 11.11261887395465;
  -5.899642221749727, 0.9600416515835781, 9.913115897639196;
  -5.895459906609959, 1.026094279842531, 9.91557130940569;
  -6.744460458977803, -2.221933699444759, 11.20709085283786;
  -6.720538807668692, -0.736817762826159, 11.19127274584819;
  -5.930755949625747, 1.083898219537176, 10.02451041231751;
  -5.097688648383743, 1.843409673833395, 8.763344322228532;
  -6.843944790224206, -2.149833626257118, 11.42414207790212;
  -5.166096216559518, 1.843613298946311, 8.871774453432026;
  -6.00593156757024, 0.8575566871513324, 10.16135773200194;
  -6.59201402143436, -1.424108406046102, 11.06594024170014;
  -5.91161940834525, 1.021942549997583, 10.02443657733214;
  -6.057986900712379, 1.574304782717906, 10.27912779160597;
  -5.940079608435363, 0.9938866891861071, 10.11392770749018;
  -6.696731217632275, -2.026825132361617, 11.28081616808428;
  -5.888144972230291, 1.41697500802958, 10.04193314075052;
  -6.570692498565505, -1.815577578217777, 11.10405430014621;
  -6.699938822241267, -0.5362937404294847, 11.30363918545839;
  -5.899939334865507, 1.22000349947261, 10.08559055900287;
  -5.883071721273973, 1.156852311032297, 10.06049339773029;
  -6.787023306839318, -2.110270064389052, 11.47573539636018;
  -5.798783660985669, 1.253854927772324, 9.968216331293753;
  -5.823525005191244, 0.9394575570755734, 10.00424867655661;
  -5.899487641815009, 1.706231580741056, 10.14615304600353;
  -5.863680741332137, 1.752402769115517, 10.09799573938718;
  -5.882722358244609, 1.027948294449954, 10.14316295553178;
  -5.920947379659138, 1.621785856571116, 10.21031231497182;
  -6.639211782107926, -0.6668230696442677, 11.3593452837196;
  -6.741705882315278, -0.5739339939011828, 11.55124406370221;
  -5.910819809319978, 1.552069848633696, 10.26417263631779;
  -5.894122184204858, 1.339379833880648, 10.27145086658586;
  -5.321542037599042, 1.799031290248624, 9.404393651043717;
  -5.858110963456188, 1.216913761150863, 10.27137756270646;
  -6.415383861505831, -1.897777289570021, 11.18267039303337;
  -6.528343718157882, -0.4440437460533777, 11.36146591017736;
  -6.498185653683099, -2.091426606736273, 11.38294533175579;
  -5.864469805511902, 1.079582505861234, 10.38305205582952;
  -5.938958639879259, 1.052111925497175, 10.52547324127926;
  -5.845128676633995, 1.615439812749909, 10.39947552517259;
  -5.863027396200162, 1.339472769953919, 10.45465061432089;
  -6.628381428180236, -0.737554610298591, 11.7141258317139;
  -7.404761839351349, -1.818214271258017, 12.99266546031096;
  -5.817460420953561, 1.203186830194927, 10.42668433133421;
  -5.875502620283559, 0.9341442870261109, 10.52376383325136;
  -5.315152823953978, 1.813614759979133, 9.625859364846805;
  -5.868913598862023, 1.390985817876097, 10.52696300816193;
  -5.864707345354114, 0.9877046991496382, 10.5252846893581;
  -7.163519878695515, -2.73100300321851, 12.64497280973572;
  -5.944805329552464, 0.8659960603754804, 10.66947488008098;
  -5.914399018278277, 1.173683728410439, 10.63902082643195;
  -6.41156869642207, -0.3855353380213716, 11.46403881849052;
  -5.892097551032781, 1.603495457517884, 10.61362077193674;
  -6.524996996134219, 0.8360077883381128, 11.66073376213828;
  -5.187916770699752, 1.818110376851608, 9.475560015058221;
  -7.1544836402136, -2.639317467878753, 12.72725018837452;
  -6.207139368190195, 0.8442506227146891, 11.18401271489238;
  -6.397484581014878, -0.5224166553174463, 11.51065072160104;
