m=[-2.959828877565965, 0.7486244730518322, 4.918111714289895;
  -2.9909125752838, 0.8583027364433948, 4.979480803057686;
  -3.390521917637031, -0.9918654273569783, 5.536246598467758;
  -3.373445695088493, -0.9327135803352822, 5.591968595357146;
  -3.373112147083788, -0.7287116422354034, 5.662405651264089;
  -2.987510648578754, 0.8640385955342095, 5.138029284475241;
  -2.986344494191231, 0.8179791092497734, 5.149768780337377;
  -3.389028050404003, -1.025719414981381, 5.708905013901058;
  -2.961210734983271, 0.7775581130000164, 5.142159493419331;
  -3.345913172194837, -0.3360537614207231, 5.72468302859884;
  -3.385749071103847, -0.2882351322716716, 5.801145072401515;
  -2.664547515720169, 0.9091860315656789, 4.825554505541788;
  -2.972879851886099, 0.8090496290935012, 5.355142048338937;
  -2.947339325833175, 0.709984515068852, 5.418786284535467;
  -2.913958040624611, 0.4675850969607077, 5.374249565671277;
  -3.013952353221189, -0.1241944945730958, 5.599047235816207;
  -2.931222102770902, 0.8122106029751516, 5.530892924669939;
  -3.143957465685648, -0.2568193299689848, 5.896972897306561;
  -2.92018311580475, 0.7953452678368119, 5.637100613982693;
  -2.96657262985306, 0.8411845197701146, 5.730742335577896;
  -2.933278857615367, 0.4112230441986447, 5.698775636815909;
  -2.910131121454848, 0.8448827410277547, 5.768088720309218;
  -2.876934235961072, 0.7975374627517106, 5.725304504777967;
  -3.38038937255453, -0.534585583205632, 6.660625370855994;
  -2.85942758041092, 0.4431436715560624, 5.905764392321355;
  -3.107786672935139, 0.04244209453227536, 6.341116857174487;
  -3.161507611004405, 0.2158380553266969, 6.436115621507832;
  -2.868715147197225, 0.4054757381203493, 5.943068173505507;
  -3.210570886710134, -1.353702455557451, 6.540841060197578;
  -2.870365841145572, 0.3321529377471358, 5.991609079995724;
  -2.885735465301442, 0.370236810361008, 6.065907314163216;
  -2.828905503139629, 0.8435040629286515, 6.001685505651168;
  -2.847689317039775, 0.5370472024252436, 6.036700741608089;
  -2.894152352343932, 0.8115465747539455, 6.201071069422913;
  -2.843697570297936, 0.4006772219363894, 6.122264998830671;
  -2.841299917658029, 0.3834431556354161, 6.160724131507481;
  -2.842399773825015, 0.8757752703665404, 6.203849708069972;
  -2.843673790437128, 0.7122624772145308, 6.214703719226378;
  -2.802041029104387, 0.4325693300070626, 6.143251809885623;
  -2.818351485625939, 0.6612658619761181, 6.22660473500927;
  -2.82921592245404, 0.7092101925300836, 6.274696092697159;
  -2.7954363306349, 0.43711744774072, 6.226596567620873;
  -2.838793902954849, 0.6181891598713146, 6.430845063814143;
  -2.866956559552986, 0.8465648199856866, 6.486296224678511;
  -2.789275590113067, 0.4689159046584073, 6.368362565859966;
  -2.793555843049846, 0.7414860768829493, 6.414691235809594;
  -2.821535339449079, 0.8745167036084391, 6.468225558463467;
  -2.860599321468004, 0.8573928530430274, 6.551040689957896;
  -2.743839415832849, 0.6438599704648356, 6.541928151206855;
  -2.74606061325994, 0.8763723840847471, 6.579200594207063;
  -3.962568493278873, -0.9308482665360516, 9.040826616732323;
  -2.752823870619828, 0.8571346839807461, 6.629799949959064;
  -4.223535224763987, -0.6472125615806602, 9.945689063803169;
  -4.201276184821269, -1.082339448327646, 9.99060552028306;
  -2.766389920106197, 0.7204428830580846, 6.96196749007511;
  -3.28484077006457, 0.3183685915470135, 8.896104969993454;
  -3.974863451560666, -2.045794648175774, 11.29510120939612;
  -3.786836746114369, -0.7710146620070689, 10.93405672171015;
  -3.872380845799429, -0.950669281512976, 11.17686728714431;
  -1.500143376503915, 0.4667996298481577, 5.010606851228628;
  -1.49848500356412, 0.4526943706447953, 5.012645325905083;
  -3.877035232375752, -1.952421980532811, 11.34041325653522;
  -1.459427899200483, 0.4693901094341345, 5.008405628947293;
  -3.971509650542413, -0.8457220933382593, 11.90388566183719;
  -3.952849838540262, -2.237102463275397, 11.85259993712126;
  -3.774067117382839, -0.3053966865884634, 11.52844900989053;
  -3.841174114247685, -2.213033628919081, 11.90019443909895;
  -1.348691307792477, 0.4554207440780989, 5.004672904139913;
  -2.381482622182778, 0.008205286192556694, 8.823126338506899;
  -3.37479734981574, -0.6274413656622474, 12.49506275809697;
  -3.05809049597542, -0.3352523096913833, 11.42255207082815;
  -2.973550471149514, -0.1065958546324995, 11.21557942313819;
  -3.417734905584383, -0.7322614839221415, 12.74291588795437;
  -2.463188742752894, -1.601606175909435, 9.445793234086578;
  -1.113013485568329, 0.3866528734680979, 4.97970140682137;
  -5.086350769830387, -4.801266121041633, 20.90319432757695;
  -5.093565920939263, -4.693399495497125, 21.18533401360078;
  -1.008453072187179, 0.3659687905699371, 5.068701263905875;
  -1.001377306253922, 0.4038666929242818, 5.055997513072864;
  -1.013971648072714, 0.5562024600303259, 5.097911664446318;
  -0.9700629572976136, 0.5997072793958012, 5.04790093273124;
  -0.9649311259057505, 0.5084562682449623, 5.080502244724651;
  -4.547053999079282, -2.851494626042175, 22.0645047511168;
  -0.8997883335602649, 0.9689818499539185, 5.242207143985158;
  -0.9451992313253782, 0.7284694671289406, 5.683553459842742;
  -0.8621806894145107, 0.7522882273976094, 5.516196604140291;
  -0.8642119020781404, 0.6773205524432661, 5.576227267792026;
  -0.8632863495526764, 0.8795180102201076, 5.612890101564969;
  -0.8531981576720977, 0.744517963473183, 5.565718590853297;
  -0.8500269384450923, 0.741080661042792, 5.646122411828408;
  -3.83879259047189, -4.482936803766736, 22.33756348510921;
  -3.57239307207312, -2.16234521553487, 21.82913958269307;
  -3.136231263782013, -2.266739994186998, 19.92377200590315;
  -1.041339828137343, 0.4965955032888474, 7.46905356228176;
  -2.707599676209163, -0.9404491259473442, 19.51905753895877;
  -2.227559340729986, -0.8704001471703162, 18.33478326322306;
  -2.710303275535329, 0.559716435526435, 22.72239547498329;
  -2.611664015564962, 0.460058958481233, 22.23584693712633;
  -0.7198730955002652, 0.9592404878186429, 7.124649999309261;
  -0.6748514798447484, 0.8776342046902508, 7.233305070426495;
  -0.6685748405644447, 0.7108081195466801, 7.202717277985578;
  -0.6769639665919125, 0.805124186894188, 7.275466362922093;
  -0.6696741154975786, 0.5665859240867825, 7.476473216573134;
  -0.6532027174648772, 0.7744837886379773, 7.378851700722247;
  -0.6564275550651291, 0.9287951627966622, 7.477309161301467;
  -0.6043484072449105, 0.9561946275190184, 7.247212085411963;
  -0.8161085158790699, 0.9055922095625237, 11.47762185053162;
  -1.213707580264352, 0.7849375856963422, 18.83234439176752;
  -0.7030014797051917, 0.9545188115476599, 11.85616765577563;
  -1.396862768161658, -0.7524540466851791, 23.76605080658086;
  -0.9508560644277699, 0.844090041556924, 17.81057389179889;
  -0.9263610593146712, -3.567570892460743, 17.97767779829158;
  -0.5568231155315538, 0.9059904748081697, 12.20282645471421;
  -0.554057141967199, 0.9121617217197485, 12.91799739298017;
  -0.8005479946789975, -2.084717625060951, 21.30713979360198;
  -0.7546344237157919, -2.393627597081, 21.30192116095799;
  -0.8635141669502785, -0.4548079380604252, 24.92706557380991;
  -0.6606619666451742, -2.037119524923047, 21.53229216963717;
  -0.6469090492360116, -0.4629791153719556, 22.66989391181462;
  -0.5613914678433041, -4.481336755640303, 20.7678448307563;
  -0.5731553734086859, -1.032258114127179, 21.63460668845236;
  -0.5402356509975195, -0.7288720695251669, 20.82270858032436;
  -0.4252853231680411, -0.300569890594915, 17.15288148291418;
  -0.3978767804898523, -0.4489718304097506, 17.70747349792053;
  -0.4927314320999037, -1.212958353688741, 24.05287506126314;
  -0.4072823470985898, -1.549674079154381, 20.193752552685;
  -0.3719252551667681, -1.695408861456553, 19.94971098131866;
  -0.4108155855432937, 0.6237775766484324, 23.13799134457709;
  -0.3513915653338412, -0.9503321563077514, 20.86396741557204;
  -0.3581700601084387, -2.049371867724633, 21.86713511461885;
