m=[-6.107467080035903, 1.190763147912477, 8.463710458508375;
  -6.065467242757549, 0.9098853231798642, 8.515837909811728;
  -6.085737799591879, 1.117183400248887, 8.556823888091284;
  -6.872326617269184, -1.629712624082377, 9.543734527707905;
  -6.032026139872428, 1.139681576956956, 8.525574989421074;
  -6.012736809150453, 1.125589984202214, 8.591048513999406;
  -6.088639423738679, 0.920384008939024, 8.690818710756751;
  -6.867378458879744, -1.542693182784034, 9.671660117877771;
  -6.078331731136266, 1.235679174461236, 8.679184742614741;
  -6.086558786875857, 0.8744931630122693, 8.693503881655683;
  -6.047838304482156, 0.9544185727368006, 8.656597832101813;
  -6.000321254133922, 0.9869473531407509, 8.613057888133223;
  -6.095748731186833, 1.746498201713121, 8.757300941110547;
  -6.005946360976312, 1.315806382128129, 8.675508601420521;
  -6.830994126001557, -1.7025888572541, 9.736327209559295;
  -5.864742552752318, 1.806713241672018, 8.512179591016214;
  -6.845507535809597, -1.827529701249987, 9.779050384855635;
  -6.878069136821955, -1.976688900292537, 9.82266457323008;
  -6.074033981295444, 1.264446367031733, 8.801714892150095;
  -6.940061421925664, -1.475700892113627, 9.91153581877361;
  -6.061056292310062, 1.205934610335822, 8.788137112334445;
  -6.053487318630883, 1.441976259546253, 8.787564973326413;
  -6.808296331657947, -1.887694907460681, 9.763550711951464;
  -5.997245498151624, 0.9974309713867505, 8.737761929062916;
  -5.988290036800426, 1.500099126128714, 8.729380529384253;
  -6.077620540272113, 1.192729061407437, 8.846909438469611;
  -6.012473254483631, 1.041917078429128, 8.778154394985117;
  -6.104566254301104, 1.734495838409399, 8.92074159719283;
  -6.040013297424094, 1.367498707588585, 8.841622013540869;
  -6.028050259279072, 1.427863160695917, 8.847621318717904;
  -6.003768032906544, 1.744077042150358, 8.863823103182378;
  -5.986979369158227, 1.452148585012595, 8.846528296876558;
  -5.958149763150523, 1.055409762880863, 8.815564767241858;
  -6.119524343919391, 0.9906910867710475, 9.030844210540082;
  -6.121545710309975, 1.687642155191507, 9.044101141948504;
  -6.008687567380719, 1.377211019638961, 8.928834712106106;
  -6.085358575553579, 1.043928016574028, 9.072917436184309;
  -6.842666391128057, -1.852899259226713, 10.07806358988586;
  -6.137482489441269, 1.581683377494867, 9.184368894932065;
  -6.065669031028112, 1.007450138755772, 9.08910969406527;
  -6.021645362074764, 1.172664372607572, 9.056697634070607;
  -5.897387817675708, 0.9507061097647579, 8.891682247673343;
  -6.044452327611378, 1.236135232671291, 9.089798452389928;
  -7.077067376427189, 0.8925839312465287, 10.47353939876606;
  -6.058434270524637, 1.493193869585811, 9.138699452421472;
  -6.972208448613796, -2.15756319016852, 10.37181947147296;
  -6.118373508287583, 1.302149533613646, 9.237889565809432;
  -6.957743980935288, -1.466255039680862, 10.37194480638873;
  -6.102913522018684, 1.74441077937593, 9.240634707212626;
  -5.986037419493554, 1.039320557548505, 9.085786612675033;
  -6.763937170548235, -1.826244444668477, 10.15251553323922;
  -6.075063039990122, 1.645309089138895, 9.229214038978826;
  -6.471954977214511, -0.3278343076479533, 9.763590860236073;
  -6.91463570143876, -2.048384789457016, 10.36212342497327;
  -6.844304474904948, -0.5305737502057865, 10.27730842415595;
  -6.09234494213012, 1.665284671302889, 9.267128743196997;
  -6.046281592524033, 1.698142451860513, 9.208706798371594;
  -5.475493322032433, 1.828355990421726, 8.443698210856487;
  -7.946283099439759, 0.4821734695757737, 11.81646905602239;
  -6.881931739681087, -2.095427232418208, 10.36862472340358;
  -5.984201757341189, 1.553017167528648, 9.158828524786584;
  -6.025760916675954, 1.354366630013853, 9.255103195595684;
  -5.964378387712152, 1.656806071605471, 9.186342279871274;
  -6.796238655071368, -0.6602697011438143, 10.35233202768896;
  -6.027245106926346, 1.241287177086015, 9.314309505212551;
  -6.571960600249813, 0.8246976593026927, 10.06994859655757;
  -6.853860941115793, -0.5636134905397058, 10.47194728324097;
  -5.976081627726217, 1.487241876981301, 9.32034474514264;
  -6.101670662277874, 1.192342729992596, 9.491322045871231;
  -6.251746533399919, -0.2489833399600345, 9.720586277564619;
  -5.389329969401769, 1.817050834964958, 8.538755459913709;
  -6.640219765751158, -1.919767076054438, 10.28421285588625;
  -6.085135526155173, 1.740255117519749, 9.517048178059575;
  -6.021364705507444, 1.645616758821472, 9.454053381216674;
  -5.964077137038561, 1.348640426541788, 9.389273313239468;
  -6.43024872555324, -0.007017265898999941, 10.06484956676509;
  -6.008837922162304, 1.227752552054082, 9.503516402877835;
  -5.981608698845645, 1.401844681527264, 9.47849812725724;
  -6.923879396613986, -2.238861799196827, 10.81295110326144;
  -6.032082369679396, 1.785613976137555, 9.567953879479083;
  -5.387970708800967, 1.805319351350717, 8.655050326812443;
  -5.997141734325783, 1.179084957955394, 9.540572845414777;
  -5.997980180096187, 1.267902201827799, 9.543322382682558;
  -6.045532745135959, 1.635744760594352, 9.634383854858541;
  -6.792522817848404, -0.7375842781503834, 10.71505274333006;
  -5.996313233154203, 1.235481692472458, 9.591797233472128;
  -6.851089265675638, -2.231883646804159, 10.8315481667556;
  -6.005436242527597, 1.371503948354643, 9.688998694604162;
  -6.017346237047319, 1.46657288921112, 9.706564837280141;
  -6.664990469156625, -0.6157334244830061, 10.64479711606387;
  -6.290527188430879, 0.1126907715256797, 10.13133035776871;
  -6.052877736781002, 1.578514191441779, 9.790192020782229;
  -5.926354433342912, 1.597370623853757, 9.616494178386322;
  -6.022238349794102, 1.529895541024969, 9.75897994535489;
  -5.999304299905075, 1.498067488432705, 9.754075550529612;
  -5.972840538902331, 1.422304279755587, 9.723568590878925;
  -5.958970744724366, 0.9481747080836014, 9.712121977220617;
  -6.014103590870925, 1.587564001536753, 9.831632252075178;
  -5.935745863463577, 1.12967079317963, 9.721804774000212;
  -6.367980305517345, 0.2044021614271969, 10.36218615956555;
  -6.21419677954504, -0.1604568413567133, 10.19963233189279;
  -6.005542445271934, 1.761001891113848, 9.901781040630727;
  -5.931618890187124, 1.212343871267456, 9.802384075371407;
  -6.134480438778284, -0.2383271375195246, 10.11388428176217;
  -5.950778176590474, 1.294741201357906, 9.854065070080956;
  -6.453892878641551, -0.4404461459824104, 10.61615934504569;
  -6.019316555370075, 1.023324654085174, 9.987519083415844;
  -5.940972603745057, 1.157688748525289, 9.933849595096806;
  -5.95108150147639, 1.626125488392646, 9.958653107703823;
  -6.52486713158028, -1.909280683756706, 10.88239014357619;
  -5.992173319605846, 1.711722358692633, 10.08695944605448;
  -6.463760967403363, -0.5103545525382555, 10.80165578166433;
  -6.701879085617644, -1.448720605874493, 11.16758870810164;
  -5.716838311196593, 1.787937511395234, 9.74114541417498;
  -6.906645456213544, -2.125199575995867, 11.55005889682278;
  -5.916599030734608, 1.063837211291845, 10.05481768967549;
  -5.9263387936068, 1.545109870032956, 10.08313881451383;
  -5.875627180030331, 1.475334372811131, 10.03535410719127;
  -5.921921306389447, 1.411123134597482, 10.11050621093798;
  -5.769035782106803, 1.748946508708976, 9.881932807337741;
  -6.718311831063402, -0.7749660739728563, 11.34870529416189;
  -5.935712252972296, 1.241244423368594, 10.15351089552349;
  -5.918479827169937, 0.9114301059069895, 10.13991842528539;
  -5.929414319385733, 1.592123965025944, 10.16739639583209;
  -6.04448159769111, 1.687433338789613, 10.38455384435509;
  -5.949265785476106, 1.346411214139195, 10.27304797197892;
  -5.917888202922801, 0.8217955461862084, 10.22725686958598;
  -6.143489874469214, -0.541149058198874, 10.59319772025021;
  -6.667458689482592, 0.5099173512725038, 11.46890033108883;
  -6.124325802163645, -0.4257844884252207, 10.63018198947278;
  -5.873001617814595, 0.882168685719985, 10.24541864916191;
  -6.018049274396191, 1.485106263964966, 10.49219751823454;
