m=[-3.048472637100646, 0.7612245551687469, 4.956413432216204;
  -8.611314855536524, 1.792638272683369, 12.47841853344457;
  -3.021182705248739, 0.8255343505003602, 5.055704669664196;
  -3.013129584407158, 0.8090640259998361, 5.166730005106159;
  -3.058996771016915, 0.8539778062415575, 5.255424500004715;
  -3.013463348271906, 0.8633444800791421, 5.315083763234531;
  -2.99841049770097, 0.8941337721703935, 5.326709343296345;
  -2.982781744333455, 0.8873058671146606, 5.335451325793447;
  -3.19824252462823, 0.01207363864650422, 5.875431902140758;
  -2.969662230983654, 0.8718860208289473, 5.615040075119793;
  -3.137347658380775, -0.4388717919703931, 5.966529689615979;
  -2.957106831325397, 0.6309981165651464, 5.686363223072872;
  -2.959376455717818, 0.728819398314279, 5.784407081610096;
  -2.942571989670607, 0.678566675506711, 5.814065710371488;
  -2.956289825831453, 0.8484877133087616, 5.845484616062515;
  -2.839936706675904, 0.8926603136795022, 5.732216463977869;
  -2.958464818167992, 0.8955772694607136, 5.977419242038748;
  -2.979058204944843, 0.8637727078253268, 6.045991608798349;
  -2.898577036151472, 0.7549170794864532, 5.965438608826731;
  -2.906013873163415, 0.4647152085256562, 5.9890331025044;
  -2.962342879896437, 0.8717897432094137, 6.09219379443666;
  -4.147048286608872, -0.9504994858995431, 8.679483687151249;
  -4.468620930784993, -0.6639617260757178, 9.695617782466163;
  -4.32815154661802, -1.089412873217178, 9.496600023363449;
  -4.17403700163188, 0.3949058925652759, 9.703812004087316;
  -4.135564495716949, 0.3208879883133582, 9.7741952850955;
  -4.095337258198076, 0.3621064822451163, 9.743865470793896;
  -1.602891212112006, 0.4806600421178688, 4.585499130034824;
  -1.560793702231434, 0.4827401516160556, 4.543963441910226;
  -1.54980852940956, 0.4614036087327714, 4.60154818031405;
  -1.540656169775139, 0.4836112045810178, 4.581327670174413;
  -1.515500039283689, 0.4834796352659365, 4.581656696155258;
  -4.063502877711922, -2.064332871782833, 10.57313868645952;
  -4.130596862255237, -0.9441483034536362, 10.80557069240079;
  -4.039194749154619, -0.3087762609464643, 10.74407161739535;
  -4.076083591615854, -0.8138789383272577, 10.84602530166267;
  -4.006513776969755, -0.9556509791014203, 10.68526423776635;
  -4.154536676729159, -0.8573807201702929, 11.5232884960721;
  -4.14249582647979, -2.268658408463266, 11.49182083778247;
  -3.492839052720775, -0.1039062336003875, 9.952123578169934;
  -4.042677656663429, -0.318582414424783, 11.38988965031376;
  -4.001093469483807, -0.4855400729841618, 11.50476885361134;
  -3.954457917000584, -2.096784767218711, 11.38758437899816;
  -3.118265617452273, -0.08480223577792088, 9.909204309866199;
  -1.2537358661474, 0.4497049937049089, 4.649296072105531;
  -2.92441106020701, 0.01266454754633703, 9.880743920558414;
  -3.586264077980698, -0.63967584089267, 12.23253685183581;
  -3.627959132008041, -0.7570561128301656, 12.47225350018571;
  -2.626858373647124, -1.562123442307641, 9.289130304625674;
  -1.071542097359204, 0.3460328659468345, 4.598401682169797;
  -1.09068268620258, 0.5753105823900672, 4.694559144975669;
  -1.053641498102875, 0.5179832282272168, 4.655321063563819;
  -1.054148662344386, 0.623381401089002, 4.679688760665608;
  -3.201340166699882, -0.1657039188423786, 12.07904398386388;
  -1.043570319778651, 0.5270074911852888, 4.689839460978286;
  -5.896623313090194, -4.383430121916216, 22.52272125879071;
  -5.345236940365588, -4.739853402260073, 20.76842084149757;
  -5.891995511606373, -4.488291205110705, 22.97082288254248;
  -5.568700152448916, -4.955652445283276, 22.56517130386876;
  -5.846237176375849, -5.044104173809766, 23.80404712966194;
  -5.348154675721413, -4.870443914190154, 22.32914614813261;
  -1.09475646281161, 0.3247602408144864, 5.548434163173911;
  -4.79090714389429, -4.886465144126071, 20.49477273368806;
  -4.81689448215688, -2.886982063125806, 21.69185838822655;
  -0.9239692335267611, 0.9173984000109211, 5.104514809071933;
  -0.9283850339940065, 0.6298603918913018, 5.193047060446596;
  -0.9279550392616247, 0.8505775066197395, 5.182676659529777;
  -0.9273744335535263, 0.7002645832316394, 5.217932594326923;
  -4.34206373081495, -2.868824146436904, 21.54212246345725;
  -4.193092092592027, -4.717831664181773, 20.82516330780717;
  -1.171817320438469, 0.3917983952989169, 6.972929862082941;
  -3.498355103801917, -2.383583028542858, 20.27910301633648;
  -0.9390464500279238, 0.9874361069244515, 6.636823807942534;
  -2.917345176811703, -0.9525062805175687, 19.03282148372266;
  -2.475247865418349, -0.8993759550843831, 18.22890817126933;
  -0.7674695047379575, 0.9001689150416335, 6.886457538964295;
  -0.7679252006830479, 0.8255759315952623, 6.921176980977715;
  -0.7346225850100054, 0.7819606246125135, 6.941032692813943;
  -0.7262459479421376, 0.9264906047197636, 6.964896581182994;
  -0.7360604789415042, 0.5964871179843577, 7.232975961963452;
  -0.6836773654958156, 0.9602300017405174, 6.774045330671489;
  -0.6761269613047175, 0.5452916869045635, 8.085514681875448;
  -0.9627081822163925, 0.9315107694800199, 11.28251736170922;
  -1.16755778184182, 0.8568623995935675, 17.74699551502662;
  -0.6319208339759476, 0.9338067370092943, 10.97896637152214;
  -1.051118459560848, 0.7653447684470773, 19.06431891302768;
  -1.063659868136219, -1.818703420993292, 19.62156543969052;
  -1.309929180591678, 0.3387758070441291, 25.78001994765505;
  -1.01460976412692, -0.421681964293215, 22.02696911293268;
  -1.052930289483683, -0.6726862229318557, 22.9792798302518;
  -0.9288269909344114, -2.15387175095024, 22.05722654035286;
  -0.9656544847009807, -0.4088110288932298, 23.35345203258833;
  -0.7960754104489984, -1.755497220283254, 19.69025294679736;
  -0.8102303380036311, -1.061564739743706, 21.41366775596139;
  -0.7450542739073095, -0.7291419438971462, 19.99693106240882;
  -0.6670944643703201, -0.5182150059772634, 19.53131766104725;
  -0.8246138510304809, 0.3675183244326454, 24.42818639909798;
  -0.7314388538537574, -2.171915989044802, 21.96667895451465;
  -0.7748366889292019, -0.1331604769035385, 24.1522919190645;
  -0.7043412115897416, -1.164846518815424, 22.32914562212075;
  -0.5945143016277416, -1.748590884164481, 19.91573280650716;
  -0.6038938476500003, -2.104658382454828, 21.81274297174468;
  -0.6117799022524458, -5.285271916350909, 23.50889665971172;
  -0.4461280210004367, -3.998089859641028, 21.5484682565354;
  -0.3920521095035955, -4.348200752226266, 20.2188796323089;
  -0.3689386613112689, -0.7874999881223332, 19.93596341573122;
  -0.377489271491163, -1.657531950222491, 20.26726608808292;
  -0.3447799557457437, -1.824714416057953, 19.33836378013935;
  -0.615931726547423, -0.01976797186846642, 33.97249096271061;
  -0.3322195295263177, 0.510656091256055, 20.96866188478521;
  -0.2674146817612892, -1.544218021900085, 18.11204535989661;
  -0.2973173673272329, -0.4545778205856345, 21.52656149205469;
  -0.254850774414176, -1.95077520796817, 20.79611312240781;
  -0.228534966565453, -1.179409947874764, 19.63385438512869;
  -0.1638463038889091, -2.750228047855726, 17.96643337205445;
  -0.1865346998913003, -3.09987648777481, 21.39385765737637;
  -0.1925902039457681, 0.1631247407956919, 26.89475534271934;
  -0.1724517187900917, -4.769782606996194, 22.5599070221106;
  -0.1269506275233635, -1.98451363326657, 18.10202550854896;
  -0.2670743427160657, -1.079204253053816, 36.73913625589987;
  -0.1475920737725614, -1.291381189987922, 21.98015588515899;
  -0.1099439974141134, -0.4214163724554962, 22.47295186171602;
  -0.09257035074317621, -1.517592741717894, 17.06906166908096;
  -0.1060895728845454, -1.423889054278233, 21.78224792769696;
  -0.07298213071733162, -4.610912470360416, 21.01675692042196;
  -0.03166963648106533, 0.6614802309962914, 17.12407719032146;
  -0.06951004569458404, 0.2989255272718817, 26.91049362463953;
  -0.01228320281359809, -4.072979472210796, 20.48546194508517;
  -0.001730513225325576, -1.86865957070922, 19.33731465170258;
  0.01986324946968889, -1.578702062966075, 18.19019735785742;
