m=[-3.074812377136767, -0.7621854013796724, 4.89654020594941;
  -3.226069009478758, -0.214593816039404, 5.409008475180961;
  -3.115298427132154, -0.4500687180765691, 5.380101763580804;
  -3.100512880367231, -0.4851738791609869, 5.372646092588181;
  -3.002902936459482, 0.7214630501952356, 5.296591182271948;
  -3.003448179221807, 0.7668727113382806, 5.303402022309333;
  -2.988016310158395, 0.818819310315258, 5.368463748298389;
  -2.968569853515264, -0.542203831537601, 5.368462231587241;
  -2.954205196527945, 0.7333698087839087, 5.369782053076009;
  -2.953197403940004, 0.7513453651938079, 5.410097747208945;
  -4.508505698120443, -1.040931848060269, 8.190800692572218;
  -4.424652380076068, -1.083237598317528, 8.080441287044652;
  -4.32806046453155, -1.136887969795056, 7.984779093728425;
  -4.263955210225416, -1.105950919861917, 7.943634240088266;
  -4.13270852888637, -0.8824990384435337, 7.967825850094525;
  -4.474187284641499, -1.072432754005584, 8.909721416251637;
  -4.511628258438172, -0.6675290596991828, 9.021913311047337;
  -4.380109628464544, -1.087249809662371, 8.847811390503638;
  -1.629266416618205, 0.4761758046648486, 4.003171683013911;
  -1.610393298044646, 0.4763702266446015, 4.004473171331784;
  -1.569782960955301, 0.4789424857059196, 4.004032266431039;
  -1.543686769475005, 0.4783659502192743, 4.001864069988234;
  -4.151228136626812, -2.06221888148091, 9.965573089444442;
  -4.190167573691897, -0.9330149776079337, 10.12003540401625;
  -4.158995063334847, -0.3169901467776174, 10.19821580389369;
  -4.111665027619452, -0.8019700425264229, 10.097196573141;
  -4.078470523165004, -0.9536255993074516, 10.03269689751609;
  -3.493270575764966, -0.02270252449038317, 9.127537406958492;
  -4.207974504409241, -2.25249128252412, 10.79239652351815;
  -3.417492848831763, -0.01938632446521993, 9.066982932344253;
  -3.955580776424454, -2.150748065086646, 10.46749974009375;
  -1.093687397126597, 0.6204758833739598, 4.116126449404529;
  -3.577370064684469, -0.3760327594242041, 11.24715557196181;
  -3.663746335293372, -0.6376319897002715, 11.51569387544959;
  -3.694352110662849, -0.7593134910519933, 11.71610995327864;
  -3.444168568288068, -0.3849369222770571, 11.10102370129619;
  -3.285310797044436, -0.2477880901279641, 11.34552145816093;
  -3.720416206934717, -0.06028751547158456, 13.17024111155886;
  -3.819261102248421, 0.0191386068309073, 13.51821510694933;
  -6.723583186460354, -4.549604489838893, 23.3119289389372;
  -5.898907596664212, -4.225512724788884, 21.08236420866713;
  -5.765591655394186, -4.417150431908308, 20.81799106973767;
  -5.426744026523289, -2.306961911649867, 19.71410172215253;
  -5.459559267695371, -4.710178033210139, 19.89657177326478;
  -5.627802862351047, -4.150630626797885, 20.59574834363683;
  -5.47686057769192, -4.722989834489935, 20.23687010814854;
  -0.9896529809620855, 0.6910863238309517, 4.618444234147479;
  -5.588697328615991, -4.801285639771107, 21.20425884920071;
  -6.293521818877944, -5.212516106690483, 23.93708468658265;
  -4.95252341600745, -2.852585720013275, 20.73706909880188;
  -4.353825649083595, -2.75359067701342, 20.01228700397502;
  -4.399219750215708, -4.73422959781733, 20.24014688953156;
  -4.241601808797188, -4.945263874910696, 20.94261003464937;
  -4.270015280130952, -4.480073978487739, 21.08589616123357;
  -4.059651402793199, -2.211644659459053, 20.91734559223851;
  -3.900953311218641, -1.410644815044204, 20.21381391997887;
  -3.846985323844889, -2.488706271274037, 20.43522258782226;
  -0.9828899718627312, 0.8807689958765704, 6.26999326136734;
  -0.9004471555166569, 0.9555213006570865, 6.030492294769128;
  -3.088427278562397, -0.9551550933360518, 18.30020404868607;
  -3.231367325351676, -0.8726945343598814, 19.53118042662487;
  -0.8364749436213619, 0.9587735889927446, 6.186706070046731;
  -2.707580064189205, -0.9156938459578804, 17.92306532476982;
  -0.8297976921710407, 0.8885252956925591, 6.279734974662609;
  -0.8037139034499046, 0.7752822934278624, 6.361080987161732;
  -0.7985262785252266, 0.9199962517104768, 6.387390771335396;
  -1.052489251331275, 0.9076647218811355, 9.765189721377762;
  -1.050252750890839, 0.8969773844952064, 10.42889756461683;
  -0.917535182363463, 0.936934504794852, 10.15930001779057;
  -0.8856055767994043, 0.886798037347707, 10.13493539295955;
  -1.397574722937012, 0.866642503806605, 17.69573032897826;
  -1.384478173685906, -3.79429751819957, 17.94720166848778;
  -0.8242914455776825, 0.9140018715159852, 12.00969339246924;
  -1.355621977069632, 0.8142831505764618, 19.98940709368503;
  -1.138589833885131, -1.936511668711194, 18.59461909402649;
  -1.348845863498292, -5.084351754009392, 22.98545584132597;
  -1.245114986581383, -0.4373838095937669, 21.47189235047863;
  -1.250517997456513, -0.6641548784097776, 21.65240951790092;
  -1.255382782981868, -5.131652715880148, 22.76678264261374;
  -0.9938027348259476, -1.854669176421828, 18.42132992230099;
  -1.105673078370044, -0.3928178006054355, 20.82852442199615;
  -1.039347675599317, -4.710870536638478, 20.64409452000306;
  -1.099435699939336, -0.4865622988672955, 21.24331805806974;
  -1.016827545274743, -0.6006055616746454, 19.76555069838623;
  -0.9487357210691089, -0.9826220364104455, 19.10548888146368;
  -0.9279709335650395, -0.1394071986424954, 21.25101613683353;
  -0.8248880458031893, -1.036508490285221, 19.14811758892087;
  -0.8325031923370505, -1.592157726715396, 19.38303199732368;
  -0.8091149986777771, -0.8707736536663178, 19.12825508475082;
  -0.7574733650593271, -1.651574328910005, 18.20195066242372;
  -0.7498768804528354, -0.5846038408932457, 18.68091874839549;
  -0.8692859621888552, 0.5844098696527461, 21.60833044634495;
  -0.7774879705601852, -1.957270826140432, 19.7063089936248;
  -0.7631797160666927, -0.9518060874171036, 19.32339842070022;
  -0.7527693191512785, -4.63536077106366, 20.12566525313444;
  -0.8130814864301991, -2.398232672240463, 23.77901193324365;
  -0.7026063415180948, -4.549056550719163, 20.82879268883413;
  -0.5966576508111203, -4.366225262741052, 19.72198040029299;
  -0.469755643282846, -1.541449941886635, 15.91733413749983;
  -0.5026570154100771, 0.4488006831535302, 18.4231868399337;
  -0.4713414712410322, -0.4199647042761528, 18.82370295366053;
  -0.4544392721752281, -1.867737781756185, 19.31772771786855;
  -0.4298186980459241, -2.433845625575619, 19.35141546673633;
  -0.5740279661289093, 0.03910133881097473, 25.45041640583334;
  -0.3781173381013533, -2.887968810774871, 19.36010643616339;
  -0.3638072324286567, -4.455199128826763, 19.71358200098723;
  -0.4683793133369573, 0.1414580913005889, 25.69111860323242;
  -0.3219704501356937, -2.027965737658308, 17.87647627821922;
  -0.326972880310983, -0.9894771751951283, 18.96344006123461;
  -0.2521902486297353, -1.707653424149493, 15.68537899339165;
  -0.3963796863140555, -0.253484487262721, 23.78697600414455;
  -0.3066440680147761, -0.384082975002257, 19.26768379385699;
  -0.2800361969043273, -1.584264303555375, 17.17772899324686;
  -0.2945566935674767, -1.289638793574547, 19.05343461828068;
  -0.3448254060690758, -4.717180132275169, 22.35848859355852;
  -0.2966635238078732, -4.63962852789536, 20.55296710550139;
  -0.2430110374237658, -0.9772829256263662, 17.3025589234068;
  -0.3345005597846061, 0.2681696727787566, 24.99228990703753;
  -0.2123218258568943, -2.652187424172051, 16.87168559815865;
  -0.3740045568317622, 0.09069464102948338, 27.92329244927776;
  -0.3074293555253435, -0.2603142654516786, 27.20642959460341;
  -0.1509588688536424, -1.420341713956826, 17.63056031707746;
  -0.1790122385522226, 0.4706047260004172, 22.13848968813273;
  -0.1491699871300963, -1.092563581760998, 19.76693155616169;
  -0.1502639954844831, -4.141769541873245, 19.74087919002143;
  -0.1569857007790836, -2.206871109081339, 21.37375061021603;
  -0.1191160803027788, -2.61675570102726, 17.63035496867065;
  -0.1513683382499687, 0.5762657296369337, 22.53740664747427;
  -0.1475111689056427, -3.513422487655201, 20.65026092251724;
