m=[-10.17026254593849, 1.967799912366646, 13.429419231749;
  -10.2480363434131, 1.826821233279572, 13.565663145287;
  -10.05175137333356, 1.864291938283491, 13.38956961825804;
  -10.03960414400984, 1.679334632071973, 13.37912936969428;
  -10.02526849546915, 1.827267145567731, 13.44422509286951;
  -9.880783107947305, 1.521694000458043, 13.29780132210923;
  -9.867495199296654, 1.828763227197132, 13.43623363697638;
  -9.73943423447392, 1.42669335612714, 13.36738111026876;
  -9.781516470093139, 1.480749925775639, 13.53191908459911;
  -9.776609266554409, 1.970712955218694, 13.56783270102537;
  -9.626060322970904, 1.658692319573782, 13.53655765865087;
  -9.438984742128769, 1.403244342170622, 13.52366087000078;
  -14.36239982691194, -4.601149879405562, 20.32392121109339;
  -13.91135540487714, -3.20653103649973, 19.99778353998947;
  -13.43264744289835, -3.471476753211701, 19.41571254740635;
  -14.04478348764452, -4.532165467962411, 20.26715278767335;
  -13.87565526912253, 0.1466017217531045, 20.1244378954666;
  -14.13979440691482, -4.383175914667352, 20.72712073575791;
  -14.20969638863962, -1.318021225552965, 20.94660274498628;
  -14.37451451433345, -3.691388744074902, 21.21294527933396;
  -14.20349379488485, -4.411154835709306, 21.07849262138293;
  -14.8993398031733, -4.070489124451145, 22.18065714942176;
  -14.4518039121136, -1.367329974858043, 21.83157832560673;
  -9.396212028164467, 0.9427135710482715, 14.63708783860013;
  -8.46454876910682, 2.066363406024246, 13.32706404907498;
  -14.27210958992762, 0.1393269511928759, 22.21704080559618;
  -14.06304117017069, -2.022996727667305, 22.18801837692243;
  -9.353420929681692, 0.6153101984986589, 15.49972370336704;
  -14.41134058762417, -3.847514022620026, 23.42097371316275;
  -14.12010058669702, -1.552621621998987, 23.15971805698053;
  -14.24880351230222, -3.749062941828102, 23.36605533088643;
  -14.31248913658714, -1.691292749495339, 23.52434891909296;
  -14.86540073783128, -1.37440763872268, 24.44363410631018;
  -14.36995068261468, -1.472884991015247, 23.74754084067283;
  -14.04652969554131, -3.825638939650254, 23.21646816023909;
  -14.42908534039629, -4.230524068473961, 23.85439837944455;
  -14.37096448740766, -0.7450994444309886, 23.77941570313428;
  -14.36110644315749, -3.390263022613688, 23.83095159075199;
  -14.21760563553466, -1.307730851385923, 23.6157327224895;
  -14.31614982083697, -2.758238605041281, 23.81198628850989;
  -13.97223834838827, -3.942897813966108, 23.25611710023659;
  -14.73661061021321, -2.076600738262498, 24.50386551365391;
  -14.09276797573123, -1.504801705301219, 23.47570389351622;
  -14.33845253855555, -3.14582820672069, 23.86828977423603;
  -14.29249507467863, -3.651368083812058, 23.82227705232998;
  -13.93877659588307, -3.832082578112727, 23.28456933097099;
  -14.38610799213397, -2.245313758904313, 24.03229325698693;
  -14.25608415450386, 0.3808535281471243, 23.84327016298149;
  -14.2345231325082, -3.226976439205018, 23.88555478641671;
  -14.31018285738136, -2.574074491732407, 24.01757968368044;
  -14.33611509104594, -2.959797745995561, 24.06623544232404;
  -14.62440084781267, 0.6593128631679381, 24.58659015885529;
  -14.31851703934511, -0.3081731481783538, 24.09089411866746;
  -14.17124300111236, -0.4265505655620093, 23.85654343409975;
  -14.08553810875663, -3.318947604521857, 23.71335430759656;
  -15.0192277334435, -2.529099783627743, 25.25410003889333;
  -14.38082113861879, -3.080267522142501, 24.23868810346881;
  -14.10434925099777, -3.900564529545776, 23.82031005826388;
  -14.35414216210679, -1.77020140546076, 24.25289002112455;
  -14.24138867779955, -0.9008285526590658, 24.08980391114042;
  -14.57077139303574, -1.666801133689534, 24.62983120064634;
  -14.4869499203228, -0.6294024645757556, 24.50235611989852;
  -14.32251591904977, 0.2434973386338993, 24.25133441965582;
  -14.28437801130601, -0.2633300369569593, 24.22917970906651;
  -14.25123807940302, -2.110869984068004, 24.19231764226213;
  -11.53663586487514, -4.68851820629237, 19.7598609668588;
  -14.32548642745104, -1.49438657629945, 24.35065073494069;
  -14.57033661763907, -1.621470752970411, 24.85424480611876;
  -14.33039820396071, -3.375588069301329, 24.48242619786187;
  -14.23140845796316, -2.483771194236124, 24.33833308073242;
  -14.18743108127876, -2.769146933354332, 24.27280906281949;
  -14.28646008997121, -1.748205569620838, 24.49627057252047;
  -14.25445942160357, -1.451494697594736, 24.46363516767588;
  -14.25891558034189, -0.2901806715148192, 24.50488374896884;
  -14.16396899583669, 0.07488767963985003, 24.36804263925281;
  -14.40049080235308, -0.5925608521108916, 24.7568563011818;
  -14.36823358442203, 0.4439808638745648, 24.7527365185225;
  -14.1801547750484, -3.534497082222154, 24.41469000649534;
  -14.30653236194016, -2.457755600508382, 24.66495909163676;
  -14.17770831769585, -1.146563998824151, 24.47018967815963;
  -14.53103028991891, -0.8880150373166424, 25.06127067835033;
  -14.32883863337175, -2.777785498108947, 24.73259793488813;
  -14.52020309116076, -0.08933625498270058, 25.08697084019149;
  -14.40498533727643, -2.593528082696996, 24.88102118775162;
  -14.30771871550252, -2.069664566918876, 24.73801193658432;
  -13.93107261130646, -2.893907420308552, 24.13095754882183;
  -14.34022331367837, -1.499611760531977, 24.88309450000755;
  -14.15789200024251, -2.345317271224313, 24.57888654097773;
  -14.36655593635772, -0.2395388643949319, 24.95958654203063;
  -14.35660226250659, -0.5169783717172855, 24.94900270649884;
  -14.35332023529055, -0.04251762587365994, 24.95975952470937;
  -14.40354595297391, -3.679862792757419, 25.10173758878738;
  -14.41082168694366, -3.277597985985174, 25.13281471473551;
  -14.66742937598901, -0.1429961676799087, 25.6096110660872;
  -14.29549228158457, -3.136011104810584, 25.01690864270295;
  -13.90177665819592, 0.4571219789822105, 24.3805640883411;
  -14.40973657573298, -2.231974694206409, 25.24835094173048;
  -14.25409167813665, -2.403356697378979, 25.01519752015704;
  -7.828300438937513, 2.077407064216475, 14.20495486298128;
  -8.480463335562387, 0.8834932907003015, 15.30478007311884;
  -9.859525924134337, -3.973608060208148, 17.61501621033766;
  -10.25479368932022, -4.221145633259644, 18.29954343468465;
  -14.96864948785279, -4.36377445891093, 26.29583209697906;
  -14.4478179300243, 0.1534547780973428, 25.44049516764843;
  -14.95951896994542, -3.624277056232907, 26.34112222692129;
  -9.616116799043835, -3.812565277006516, 17.27134319029226;
  -14.57241372096922, -0.4298516177684295, 25.75313123127954;
  -14.29787473329503, 0.4910039247009708, 25.33618736302774;
  -14.70893763190172, -2.205285425967697, 26.04514006534833;
  -14.5424371684983, -2.879256312209587, 25.82515714254554;
  -9.58746418723341, -3.93146860386285, 17.34348177290467;
  -14.17105864900007, -1.820000808596082, 25.2237960366328;
  -14.58304915995317, -2.065086554966451, 25.94730784832654;
  -7.470902956964422, 1.52234621166444, 13.79610180911847;
  -14.43796322246971, 0.02881098702939456, 25.82259216122505;
  -14.36748297741705, -1.872340263821358, 25.76221884028598;
  -14.77824412801188, -2.184071712175518, 26.48348840094183;
  -14.80353564938602, -3.468179899320679, 26.55376233671945;
  -14.60670967930761, -3.015043238374606, 26.29559474360736;
  -14.54308387307743, 0.3543858413404924, 26.22424053601273;
  -14.79640853498249, -4.054652012385419, 26.64095158867688;
  -14.60242784461362, -4.271036142586645, 26.30216154708754;
  -14.78663993875115, -4.603491154236555, 26.6894251352676;
  -14.81056426603288, -0.571674886785461, 26.78674739937194;
  -14.40164756025841, -3.286664536035254, 26.06803676421286;
  -9.34920008296101, -3.624100622240883, 17.25773335483535;
  -7.349625998044525, 1.847562265634638, 13.79110095106109;
  -14.40157994886297, 0.1319398826119423, 26.1078659825493;
  -14.45498719336564, -3.786276017039188, 26.1901928753711;
  -14.47801055519614, -2.805676777368853, 26.26519160392593;
  -13.69829112376725, -4.541574195139671, 24.87281380149974;
