m=[-4.578653677955868, 0.6806844214583676, 6.560044461719522;
  -6.609443719989572, -1.523459490849804, 9.501175190000225;
  -6.523372576804883, -1.685872896551703, 9.428962334438269;
  -6.59911238138287, 0.06972220182680698, 9.570966178431339;
  -6.549109039052075, -0.1368887711871839, 9.529984810423681;
  -6.936982726187567, -1.781423638882334, 10.23713425782612;
  -6.821188533671584, -2.118444885470816, 10.12288766781019;
  -6.944319923660869, -1.897183304722713, 10.33801372392452;
  -6.796123860892524, -0.6430023493508134, 10.26654605071379;
  -6.701871079447653, 0.06542489454019711, 10.4326373272116;
  -6.649989014565165, -0.9566142808444591, 10.49204625628734;
  -6.702485195218347, -1.789417550588682, 10.89272220135286;
  -6.192646379252087, 0.6662499638724793, 10.24273309187042;
  -6.660332568783668, -1.752428264753518, 10.92201876388702;
  -6.689036831934685, -1.587093149189441, 10.96950023094067;
  -6.675604778825746, -0.7888496440540637, 10.97218342416907;
  -6.702014574896669, -0.686940191720589, 11.07563751243049;
  -6.677977923125223, -0.34623686147182, 11.0499481944648;
  -6.646640186136593, -1.810243958121534, 10.98573908279906;
  -6.743315240563039, -1.344825602923737, 11.14990537530372;
  -6.690581167641342, -1.579462558976954, 11.10241168054472;
  -6.622965510059255, -0.7071889504496869, 11.0325223177496;
  -6.710198442524139, -1.292828632228989, 11.16104227087669;
  -6.792380690317146, -0.9571442938376212, 11.29429197496201;
  -6.692079838348946, -1.468229117507386, 11.13987024363553;
  -6.668163590402472, -1.703545782903177, 11.11428338095117;
  -6.661179126055112, 0.1779544469774041, 11.1408077972357;
  -6.777683224382931, -1.05782782984271, 11.32226109663521;
  -6.698206719294259, -1.518488190076702, 11.23960262490764;
  -6.687956910121844, -1.380778520692656, 11.22716611891871;
  -6.625802255865232, -0.1994348483982321, 11.15419016457466;
  -6.668459330173923, -1.122907205909085, 11.21268962814329;
  -6.714509716042256, -0.1445143789668268, 11.29715753268652;
  -6.659939564195448, -1.56926844343315, 11.21217416995707;
  -6.711922692620521, -1.437645130408453, 11.3128589218132;
  -6.605588357323372, -0.376606944072233, 11.17090337080989;
  -6.618625238280668, -1.830383974430279, 11.17794961891936;
  -6.618067747170951, -0.4186210014320603, 11.19469160676152;
  -6.687260128622776, -0.8246955578871236, 11.29885594071162;
  -6.736336101546205, -0.7705928772129081, 11.38682480264592;
  -6.641956693524652, -0.1224433223615354, 11.26609518593469;
  -6.648878172163733, -0.9848209175334525, 11.28686306477215;
  -6.676887009058647, -0.6965104025148837, 11.34946058394886;
  -6.665889095269751, -0.741818428370372, 11.37074892447595;
  -6.619490188663087, -0.4991555570034081, 11.32732799003214;
  -6.683236842181408, -1.166408173997668, 11.42956755144063;
  -6.660119826265777, -1.299942906296321, 11.39457988922099;
  -6.660322590504402, -0.8150103646994298, 11.42011829730979;
  -6.65578953704688, -0.6777418164794395, 11.42272759501335;
  -6.633484593633267, -0.1349968728700163, 11.4000793329377;
  -6.680275388494968, -0.2748843585175008, 11.48451258468686;
  -6.653132458938594, 0.03517641505237207, 11.44621366311001;
  -3.63284990107356, 0.7402659780621758, 6.708582266583369;
  -6.642170182270485, -0.3481746515513282, 11.44394685356567;
  -6.700346865973112, 0.2070418588572549, 11.54295826147734;
  -6.606854869351534, -1.646802142066783, 11.37535634215751;
  -6.676393100967868, -0.4080053066030488, 11.51459265586323;
  -6.656799829723038, -1.143588582407981, 11.47655429893894;
  -6.625665100659755, -0.5358234844766994, 11.43564799924282;
  -6.678662825305215, -0.04109079751564644, 11.53891708662795;
  -6.672958158804623, -1.293618197349572, 11.51800194006444;
  -6.663467562827975, -1.199715921099464, 11.50947909579513;
  -6.64749312832365, -0.9615845307065748, 11.49349995108965;
  -6.620290892707926, -1.375235739095893, 11.46745573367627;
  -6.654066671230161, -0.6958410909837536, 11.54610818589128;
  -6.676723526277762, -0.1113234639149689, 11.59973617960877;
  -6.647887494655947, -0.239389097051358, 11.5527448670653;
  -6.665954949695536, -1.104244846086998, 11.5724678782003;
  -6.627160394772393, -0.01963107640954583, 11.52432517867867;
  -6.645510520976097, -1.511455236388679, 11.58992791922752;
  -6.690053728524941, -1.709195768703329, 11.65907157144513;
  -6.785973029453747, -0.06615802348976198, 11.84843816420625;
  -6.488787419067899, 0.2133660624198316, 11.37986182744045;
  -6.68149724326846, -1.465724239426378, 11.69252536665992;
  -6.70366241886634, -1.038353810201496, 11.74597609448788;
  -6.632757344688894, 0.07044858340771207, 11.67931600418906;
  -6.828839782021387, -1.990795271741944, 11.99640785703001;
  -6.851162249889285, -1.659846830682775, 12.06371024251331;
  -3.52659384544021, 0.8562305336218801, 6.718175247118997;
  -3.501645509101448, 0.7606034929341143, 6.707657974318818;
  -6.657206677590605, -0.854990571721406, 11.84950451257246;
  -6.750203950821462, -0.9558875698234006, 12.01049369235733;
  -3.499729775856963, 0.8280219882075485, 6.727317269860532;
  -6.62347965097874, 0.01321716805711358, 11.8462286598165;
  -6.854926950895205, -1.770984258323691, 12.21612909381957;
  -6.702580916171642, -0.8734662947291644, 12.01834424502524;
  -6.785610050786459, -1.002843019333066, 12.1602149427676;
  -6.741488680008884, -1.579399414117291, 12.09250900895861;
  -6.670490344658776, -1.126367896749466, 12.01107016985574;
  -6.650640783453544, 0.1620628025023443, 11.99250483226401;
  -4.471353164932452, -1.762673460573276, 8.369125609728087;
  -6.711896218128213, -1.385435717792594, 12.08302942880265;
  -3.463453419823864, 0.7767816888972332, 6.733263173726055;
  -6.812034342382282, -1.866698171348618, 12.26507613024795;
  -6.591717009323478, 0.06038992746000401, 11.94977668321005;
  -6.813095747017645, -0.262979564442894, 12.32233097301032;
  -6.653268396841622, -1.518372199925654, 12.04290303906944;
  -3.440036726242057, 0.8983931642380061, 6.732619337005819;
  -6.761804029225347, -1.771157323440963, 12.25133923274267;
  -3.437630273164555, 0.8678468711655696, 6.737020132654639;
  -6.678865950042196, -0.0567495575416072, 12.14173681436585;
  -3.431867739603881, 0.824849159850597, 6.738148136294527;
  -6.751888916335719, -0.9875353479203927, 12.2826878725933;
  -3.403921664609772, 0.9172315153905756, 6.701242098003848;
  -6.711645913665225, 0.2123478845127879, 12.25795125348843;
  -6.679692012918904, 0.1159310103168058, 12.20408245953848;
  -6.660981838100359, -1.224546150100668, 12.17815804565944;
  -3.363111783679738, 0.8521606189164509, 6.654198089540694;
  -6.710605245764441, -1.597714160291408, 12.26640447503184;
  -6.69670086410109, -1.662306245742397, 12.23936482365898;
  -4.48616142693866, -1.813840067298174, 8.532760329267109;
  -6.729906508068289, -1.056711919393737, 12.32791879109212;
  -6.822069584893269, -1.384359532709983, 12.48215815019479;
  -6.593375708262275, 0.007798059350437656, 12.14539700341797;
  -6.667722346943184, 0.157151437514862, 12.27768275579287;
  -6.643276350423355, -1.182669664748247, 12.24988055044018;
  -6.688191388087649, -1.10225189811999, 12.33913620449727;
  -6.789270805135418, -1.415214025348766, 12.5241005558139;
  -3.379359885976327, 0.6479930827881556, 6.747452855262459;
  -6.683148322366516, -1.266092160731703, 12.37520820302216;
  -6.698504822049968, -1.465375247491517, 12.44903091989096;
  -6.697639276792407, -1.601572967854807, 12.46415530595515;
  -3.344020776016642, 0.561211840662768, 6.759618894163329;
  -6.672707961611915, -1.515691746959151, 12.47903397496889;
  -6.843084616477154, -1.688052905811004, 12.78066220895929;
  -3.364818482440374, 0.5212978702144828, 6.823275153874158;
  -4.451771845148916, -1.844331672550041, 8.680217303629012;
  -6.576990036039343, 0.2285947496838265, 12.40194455209983;
  -6.674369443679888, -1.27475170286162, 12.56268527423291;
  -6.771238966911634, -1.806898063355727, 12.73321019217869;
