m=[-6.279155488790535, 0.963293576941527, 8.678571490973754;
  -6.284715300210788, -1.514194658910768, 8.755252123415593;
  -6.767812223089596, -0.2848523058969602, 9.51982697228666;
  -6.586310430851935, -0.05103867110360458, 9.293539034928932;
  -6.154098390314031, 1.035379002678514, 8.802167470619134;
  -7.847738353340771, 0.3775548293886741, 10.95911100502067;
  -6.159450910311871, 0.922782574561387, 8.848158545650824;
  -6.15974436846804, 1.554539253835189, 8.876758963006912;
  -6.188976282566031, 0.6957282622054266, 8.935381512122895;
  -6.636626208822076, -0.2697636054707345, 9.519957204621159;
  -6.511737583454031, 0.5841982263976657, 9.363419242687574;
  -6.802276115579073, -0.3851808917337554, 9.743824925449692;
  -7.572293753866732, 0.3546793066260294, 10.7718470493695;
  -7.060212306640523, -2.186787502572205, 10.16187298646462;
  -6.234719791858004, 0.7198383244927629, 9.095905874952575;
  -6.216131916466499, 0.7706457949080081, 9.073437501175818;
  -6.103497883783742, 0.8589928194771224, 8.968312155224556;
  -6.212975995253761, 1.117471729825028, 9.114405506898839;
  -6.056126525905419, 0.9472230612797911, 8.911277457849117;
  -6.124403250221187, 0.9996067224961562, 9.030605125677329;
  -6.177379507078671, 1.448976868715209, 9.103330882479753;
  -6.176473638672743, 1.232707889372374, 9.104577193422152;
  -6.565588750144205, -0.9501276814711313, 9.621409882127921;
  -6.194587733665856, 0.8119161011504229, 9.140106025246272;
  -6.406474988292416, 0.2182090222408713, 9.436600026180551;
  -6.154799179584257, 1.498759471793377, 9.107207519506087;
  -6.351455910070047, 0.2720772858674408, 9.408975330990336;
  -6.712644056708597, -0.4669235424292352, 9.893287689822067;
  -6.617680626584757, -0.07773600905529718, 9.777906446124925;
  -6.642741450017292, -0.127153629245654, 9.811829593745804;
  -6.643032746921501, -0.8376220600079877, 9.812537672510464;
  -6.123060965842804, 1.387742516241478, 9.140431065511745;
  -6.643047202130675, -0.4253729383655293, 9.841083152876108;
  -6.116163482890575, 1.261870222133897, 9.165857835488932;
  -6.108995026821785, 1.149239858741079, 9.155533643988663;
  -6.187053964601756, 1.511946788547028, 9.280451425059601;
  -6.620153457304315, -0.1673829385724582, 9.865260294190328;
  -6.921347147825893, -2.204271287559098, 10.27318305146901;
  -6.324693009733339, 0.3409456941051515, 9.486157466699318;
  -6.483466369756506, -0.8625387352586389, 9.704983323427058;
  -6.315208274299561, 0.1995502935169279, 9.484093645690631;
  -6.93101658875148, -2.247595557642546, 10.33076499925676;
  -6.188975229360625, 0.8371551022354531, 9.340998250029752;
  -6.46480747303349, -0.4740985491598239, 9.719743601765726;
  -6.202497683554793, 0.8083759373334473, 9.381049818434873;
  -6.067738601954944, 0.8754547545361178, 9.2553910580643;
  -6.997760891668957, -1.411562696882293, 10.52603320233496;
  -6.142008201992233, 1.392842428375511, 9.369060602131732;
  -6.148152546567027, 1.470046174252262, 9.400035462623997;
  -6.172054632920315, 1.13355296614343, 9.447450795867551;
  -6.15559128060457, 1.21847242399912, 9.428894241069196;
  -6.421457220057964, -0.9741138236843233, 9.809754747434628;
  -6.170034221472178, 1.553030666279309, 9.475239314756438;
  -6.438197951334653, -0.5476771412429153, 9.849179160376231;
  -6.097907068503398, 1.062136076130394, 9.426180358249487;
  -6.132692709176059, 1.37092827535231, 9.48409106208171;
  -6.137049392188804, 0.7223591120464302, 9.517458001932392;
  -6.087056222782921, 1.126183816362427, 9.471245472595161;
  -6.1977300785953, 1.471594734859936, 9.63187631634991;
  -6.949315089562467, -1.519016773789514, 10.67567081289637;
  -6.114895129600141, 0.9852136316462844, 9.532467769964606;
  -6.383746292274871, -0.5993406066939823, 9.91157292159893;
  -6.108344920038029, 1.412074978768145, 9.597910248290196;
  -6.151536103902394, 1.618867732336609, 9.681454492725674;
  -6.068084404495425, 0.9955118302926246, 9.57924922207112;
  -6.09188396538604, 1.483437177215643, 9.680729049123993;
  -6.159543695503245, 1.802750492560222, 9.79375679497088;
  -6.104845215592234, 1.217615524032659, 9.764367321850598;
  -6.251981528609196, 0.7586724598942387, 9.987503334248824;
  -6.08526318418434, 1.49635992719892, 9.760629288692822;
  -6.072804421401544, 0.9721798562152882, 9.7544607508766;
  -6.136718933777773, 1.197130764656818, 9.905839352216862;
  -6.084377774298563, 1.526449839759338, 9.840103401034043;
  -6.007948038310611, 0.9278724966206782, 9.734900107414491;
  -6.011255119400087, 1.005581324243607, 9.741984955392843;
  -5.968125225109491, 0.7563948700374487, 9.696132453199796;
  -6.01950171652048, 1.327881244359164, 9.774381798554204;
  -6.135181311748079, 0.7258150416152222, 9.947083228798153;
  -6.141451230800123, 1.469114013681215, 9.967141752219343;
  -6.029254987803813, 0.8666678033598848, 9.805841161689823;
  -6.03482809085099, 0.9029305037913999, 9.822861606943505;
  -6.083605568054253, 1.584964927635798, 9.921103369208485;
  -5.918144930260754, 1.387391904072382, 9.683073703378573;
  -6.031804001737672, 1.751879629940525, 9.863190242106578;
  -6.086939622734932, 1.277672090293756, 9.970188889027362;
  -6.089686214475443, 0.9450552999779726, 10.01191628915365;
  -5.992450458182834, 0.7972664592046234, 9.929887630867356;
  -6.065158695080899, 1.032861264802135, 10.27784795113084;
  -9.347030366391168, -0.7836607973033978, 15.29895219710776;
  -9.261213283295435, -1.375220810008936, 15.23189250041293;
  -9.27239179680096, 0.159980981921171, 15.26671322919799;
  -9.427824053141677, -0.8460912738341011, 15.54072698993487;
  -9.392745368284098, -2.655978684932917, 15.55787326291862;
  -9.293296035432761, -2.088933828649464, 15.42360853513299;
  -9.492814638527165, -0.1506534623047187, 15.75001093726018;
  -9.094787451057197, -2.178995654073781, 15.16522021668327;
  -5.991330574293742, 0.9414755366981535, 10.34361287205449;
  -8.920826724384709, -2.282191839380275, 15.00589029405203;
  -9.657414424830956, -0.7784559970951345, 16.18564203798665;
  -9.753454525267447, -0.01217780722709778, 16.33983774400709;
  -9.703020410549213, -0.8682010226739435, 16.26584040551447;
  -8.880303455502492, -2.320672956601296, 15.07251464952772;
  -9.661384520729307, -0.7405573007777694, 16.39516631748902;
  -8.670706740835902, -2.167711733538868, 14.87531573921341;
  -8.60153936233961, -1.950109518520544, 14.78186973525431;
  -9.274273255276002, -1.617790999881641, 16.08660575070634;
  -8.520507480900422, -1.768178077196774, 14.96846588057708;
  -9.246086654426998, -1.565243921296254, 16.33995309716902;
  -9.46922554659106, -2.54363046235969, 16.82950283059025;
  -9.269117762525431, -1.339148270595649, 17.02148780795239;
  -9.06273795342992, -2.186186924464825, 16.77756543193049;
  -3.360580837364829, 1.019586653195235, 6.994027475426649;
  -3.365403067069537, 0.9679726475698695, 7.004630993611097;
  -3.361932362845066, 0.9227203540627049, 7.031314597945787;
  -3.331597369491477, 0.9697620663526442, 7.015237309977462;
  -8.806995082355835, 0.773995867755381, 16.85896355948017;
  -3.367892651995347, 0.9943585528461439, 7.106371738770768;
  -3.304783382465717, 0.9228173275970297, 7.013591529433447;
  -3.296060493808039, 1.022427480437077, 7.007998266990674;
  -3.292935252250386, 0.943986006842317, 7.033168640312685;
  -3.252797501543231, 0.9280564395715792, 7.020266924964251;
  -3.251781228978221, 0.9774234166835935, 7.019960057456178;
  -3.229039388838034, 1.005944118128975, 7.017852288459597;
  -3.228167710991999, 0.9499006366356966, 7.028704216418286;
  -8.772006007056707, 0.641479439580347, 17.50789170453419;
  -3.125736263976257, 1.028556277675344, 7.004187993935503;
  -3.029337658076575, 1.078125496002865, 6.948953621894226;
  -3.038248677707506, 1.025459423485851, 6.993549881678296;
  -3.0262157139033, 0.9467842155869161, 7.016826316607373;
  -3.004463197250573, 1.004100289358435, 7.009379677761099;
  -2.960041187069396, 1.035769569190023, 6.980296862947985;
  -2.952078769079417, 1.005466272539908, 7.031359553128548;
