m=[-4.770597144125579, -1.281481379838128, 8.478705860963531;
  -4.561633892427945, -1.100394209902902, 8.444811214888606;
  -4.329676005770593, -2.089175998840178, 9.556740040672917;
  -4.363259473664945, -0.1157358696918504, 9.661838261550132;
  -4.411745766347755, -0.9574939451301917, 9.80909710564992;
  -4.256738382752179, -0.8027721038186623, 9.622338361956361;
  -4.310125155874244, -0.9764615392616314, 9.750292003100601;
  -4.471777500217105, -0.2014890094037853, 10.17015900174129;
  -3.788967521129551, -0.06056248844093404, 8.896152519320557;
  -3.711112097682118, -0.01955179877025445, 8.85983393455342;
  -3.765796950285825, -0.1067634578641554, 9.002861582438658;
  -4.330926462880854, -2.244568099624227, 10.24721351863049;
  -4.41868581204215, -0.8575474207124336, 10.45396133153293;
  -3.647857894883499, -0.0192219013582441, 8.832252293003601;
  -4.224706947959705, -2.233592558193393, 10.27694466768114;
  -3.033985556152368, 0.1541147501941593, 8.858828374185743;
  -3.876183011796717, -0.6468938483950735, 11.21293936421054;
  -3.914914237829184, -0.7869844523116543, 11.44081085440847;
  -3.704044223097955, -0.6247377455546876, 10.96118499594584;
  -3.858957587471561, -0.9140226037677127, 11.6203682253402;
  -3.588858372039153, -0.4834868590760764, 11.131496555662;
  -3.548267615907565, -0.2242858377653692, 11.06294510898835;
  -3.526995058990897, -0.2591807467169628, 11.16637342767156;
  -4.121313373327327, -0.05315926860910608, 13.41775404459562;
  -7.484336397531429, -4.416992712267853, 23.50990565068574;
  -7.420694803105984, -4.593958453934309, 23.71818019437166;
  -7.299173724852249, -4.383377483230286, 23.37067658986886;
  -7.181672186500525, -4.522642738440785, 23.39287659638285;
  -6.189168519575382, -4.433240876130717, 20.70992164491977;
  -3.974006570680641, 0.04166259845088909, 13.76316183412608;
  -6.005732461597244, -4.420737634151172, 20.25921281745768;
  -5.427931643366979, -0.4224088619304967, 18.58724614656854;
  -5.743355722008634, -4.074359632068577, 19.64860827364748;
  -1.162442956129325, 1.019892163911124, 5.185126274952396;
  -4.780311382492632, -2.606849420657964, 19.57792946646097;
  -4.517451238528268, -2.71094399812912, 19.18717062700402;
  -4.606754407485653, -4.572729787317524, 20.95599755473067;
  -0.956994700991919, 0.315191968173799, 5.394770467877682;
  -4.380043557056228, -4.677159128210919, 20.60753665442728;
  -4.241689911271362, -2.18996609060999, 20.11931972305455;
  -1.018191730046584, 1.006995842603352, 5.719959128442122;
  -4.170181949781825, -2.545924394073091, 20.31970024199283;
  -1.033297546053793, 0.9862438047370726, 6.106806577420779;
  -3.313800197736541, -0.9648266651052871, 17.8663331047485;
  -0.9696953280527082, 0.7743485630883112, 6.126492042263075;
  -0.9642583630384147, 0.9189316228184756, 6.149064709047842;
  -0.954992243944812, 0.9461791541565237, 6.124513434260199;
  -0.9287002142530612, 0.8328305928003248, 6.24073701909806;
  -0.9122779027320751, 0.970910289637173, 6.195029426439482;
  -3.146131160382833, 0.3779317759650525, 18.66065098438923;
  -3.022856619992686, -0.9572711816121468, 18.06146176276191;
  -3.168647903894368, 0.5606350968220681, 18.99797655493623;
  -3.212956274502425, 0.4869781075320076, 19.71899046632876;
  -1.155492990916828, 0.9522751121976945, 10.11326914635032;
  -1.091884280810151, 0.9948953363073853, 10.24169740293913;
  -1.591492526563967, 0.8782238822225292, 17.24059375295335;
  -0.9143934588135648, 0.9853081853099565, 10.51802083041298;
  -1.572112106119844, -1.153214947031353, 18.76107387269003;
  -1.466828555355618, 0.7480239100235743, 18.06018445920958;
  -1.625363403642031, -0.4867097425976979, 22.85598964784397;
  -1.384906453341805, -4.679919731129899, 20.25559877041577;
  -1.253924027292215, -1.808064952786001, 19.04156130959971;
  -1.407832893511583, -0.41988522436565, 21.34641699739227;
  -1.314232202585201, -1.762856619668976, 20.18920677436798;
  -1.260157499329897, -4.642511252969902, 19.49951665164771;
  -1.18841621934276, -1.838011369325849, 18.5341902617395;
  -1.366858279076932, -0.5056456450851652, 21.16496716789026;
  -1.415686097151539, 0.3507862476073944, 21.97349846179945;
  -1.20300516119516, -1.025504892151712, 19.23571088921423;
  -1.219114068202382, -0.7840683870156756, 19.64937147635411;
  -1.219735269511595, -0.4222419254197297, 20.03064920854905;
  -1.130689520577901, -0.5540464166749983, 19.14798469253084;
  -1.071632005638501, -1.942694983211244, 18.53071532548155;
  -1.312660336442859, 0.3217236882486951, 22.64628847037483;
  -1.041018003989279, -1.043354362523535, 18.65560430791922;
  -1.030067232430209, -1.567781464006541, 18.49665107354205;
  -1.144839797864134, -4.958889488530977, 20.50145440089176;
  -1.224463105644107, -0.1569859374500507, 21.79800031814045;
  -0.9962581262160749, -0.859912532116993, 18.16255780588966;
  -1.164833738479966, -1.95333412740272, 21.06933125167021;
  -0.9631735111870338, -0.9442994600131297, 18.54919983734697;
  -1.04308061235098, -2.04544656354435, 20.01060236747903;
  -0.5328369515821936, 0.9633714037318594, 11.03984948503353;
  -0.9522095039223091, -4.602452087542283, 20.53062256379833;
  -1.05717013845928, -4.302746543289679, 23.54069136561497;
  -0.8099095763800718, -1.673647529180739, 19.15069150062313;
  -0.8494066493994187, -4.558586673124312, 20.0129393249144;
  -0.821435623008307, -1.999976708459958, 19.82417371767923;
  -0.9044464367670685, -0.03927900282901511, 22.11339563066395;
  -0.6633425263995699, 0.4142961881333024, 16.85811408422217;
  -0.7453279856037913, -0.4663400145554437, 19.97314471126823;
  -0.7557218741730878, -1.606689232148773, 20.2580849160896;
  -0.6541675165434054, -1.829340664279568, 18.32725477898283;
  -0.5763440962647141, -2.962795972685677, 18.12727274193443;
  -0.6123797225652483, -0.656912439395907, 19.04085482250351;
  -0.5697388050935025, -2.782874974113612, 18.1403756767544;
  -0.5379896560079123, -2.11993373229376, 18.06248215411572;
  -0.5986945378637985, -1.269195907088852, 20.18032188354857;
  -0.6876718986904521, 0.1165321423456415, 22.97507322966164;
  -0.5241025032077593, -0.3932820884046832, 18.80872509049055;
  -0.5539161684635153, -1.410264483185542, 20.16580204818047;
  -0.5618154439636203, -1.945320863289561, 20.31685286300834;
  -0.5159162076462542, -4.507909557682347, 19.45619519094919;
  -0.4940215240541914, 0.7817155903841222, 19.57421701743453;
  -0.5742940178281851, 0.236445775650382, 22.86184940344438;
  -0.3820785770516458, -0.1642953737398033, 16.82420653242949;
  -0.6156163109693458, 0.354612360496227, 25.54644686757109;
  -0.4242875170633607, -1.949582944048806, 18.890947537691;
  -0.3914253281794947, 0.424260309944331, 20.05038390802589;
  -0.373912696015154, -4.161263105509102, 19.2936176129549;
  -0.3370222217780812, 0.4733662076692875, 18.42169326528684;
  -0.387155043466283, -1.137486291936364, 19.97428764245171;
  -0.3457477401138611, -2.815636895124194, 18.37701478151067;
  -0.4007898606800471, -2.248495499874188, 21.16884124417553;
  -0.4741581947564783, -1.548761314609031, 24.74756386510862;
  -0.3955657659787469, -3.703735015614407, 21.17850886167999;
  -0.644568303886461, -1.183099994036916, 33.57045680827987;
  -0.3476254913203387, 0.8451540701949936, 19.84682688260672;
  -0.3497579734323487, -0.3598977837829586, 20.36301965802175;
  -0.3554632917545176, -2.000093992336261, 20.58295843853198;
  -0.3174859565452786, -0.01376128653170902, 20.00763059619298;
  -0.2861099381452889, -1.612295361425306, 18.25777293817579;
  -0.2960965218438639, -4.463212516501755, 20.59716358493054;
  -0.2459294782506151, -3.206934745953601, 17.56812991522478;
  -0.2257501777743207, -2.237254849281621, 18.21962435606435;
  -0.1880236971369957, -0.9113480649241164, 17.43640873237989;
  -0.1787770402262514, -2.721435039101568, 17.65811510561031;
  -0.1970063614339183, -2.072972084589572, 17.79908800472243;
  -0.1742664989249946, 0.599867069386779, 19.81296810805237;
  -0.2132933282361566, -0.1952697516974755, 24.86624819421026;
