m=[-4.563279876996075, -0.9132572925857495, 8.590939410568314;
  -3.878682991376166, -0.08210874274569287, 7.739552719868819;
  -4.609816013505678, -0.197520063019862, 9.034038150122806;
  -4.28929644033204, -0.2960321677865291, 10.10702187667114;
  -4.203578757493603, -0.3946276052228762, 10.12109669909447;
  -4.046880808060564, -0.5175455296777343, 9.934567186624182;
  -4.072538488616475, -0.6187676631017585, 9.999081136809883;
  -3.886395512590834, -0.3607278586470852, 9.717280611318177;
  -3.937629308001474, -0.5031481654269759, 9.830754337065381;
  -4.078263392713639, -0.7617931534175076, 10.13685856939482;
  -3.719510366548601, -0.1937731878238556, 9.785189978351815;
  -8.61260419441253, -3.939245098557854, 23.0163127259411;
  -7.497458521613543, -4.556607492922105, 21.67757822458586;
  -7.804060979012276, -4.566495395340532, 22.58513398677661;
  -6.383931979045392, -4.231229413090987, 18.82586919540685;
  -6.522486237274446, -4.441402187223134, 19.35988676645771;
  -5.891685354854038, -0.3955617120540346, 17.64180655313533;
  -4.762051180578035, 0.6388196522274977, 18.69723090662986;
  -1.046954607441664, 0.749660584960575, 4.976454506628171;
  -4.468199702405923, -2.054170942750224, 18.16224935225921;
  -4.550125058349229, -2.471489236798458, 18.96138589773123;
  -3.775540973659873, -0.9479640882887712, 17.11343890544763;
  -4.119293072838273, 0.219841689129165, 19.98496900992454;
  -3.85179817857885, 0.2460375951738297, 18.88235265261998;
  -3.67617262166932, 0.4173626751910115, 18.1833200363111;
  -3.451523082631764, -0.9298743065378143, 17.15982278244638;
  -3.708916103968839, 0.6156661947028528, 18.55158122827987;
  -3.639822533518716, 0.5164112181159676, 18.62161764146344;
  -3.403786312640894, 0.302447374424122, 17.57075556737772;
  -1.351372492051738, 0.9634738311081794, 8.879230687929187;
  -1.337734996665659, 0.9696251659905713, 9.577206391590076;
  -2.284493806264134, 0.3344959314538238, 16.69106719456325;
  -2.162136987840201, 0.7812669326994516, 16.0967539216183;
  -1.246862388812299, 0.9899496870408657, 10.3873040450987;
  -1.996391028854538, 0.9256700888965616, 16.42245750291994;
  -1.038189768152733, 0.9816181375534805, 9.253133909565696;
  -1.923248925645569, 0.781417063364664, 16.59659930422497;
  -1.811283494187334, 0.7617723759885051, 16.55764537404187;
  -2.057576332049442, -0.5244853816078891, 20.3794000079916;
  -1.751964002027142, -3.98516658995926, 17.50273875580357;
  -1.944498764166669, -0.4194367469666493, 19.98570134380656;
  -1.927266899728162, -4.913375521998647, 20.32800748843496;
  -1.950044408522143, -2.236450214984787, 20.54314261247766;
  -2.190689459439725, 0.3668012616029385, 22.99439278580451;
  -1.791878946582878, -1.902997198691008, 19.32819207108601;
  -1.774117412464022, -0.3665988004257397, 19.23731285577531;
  -1.778639002893695, -1.751500225188566, 19.42130355908407;
  -1.757131153689173, -0.4532840314594424, 19.34856216181682;
  -1.54538966213905, -0.9463069611893705, 17.33958883402965;
  -1.537775353942186, -0.7010197653060228, 17.37325460272477;
  -1.702786735541456, -0.3856572552433705, 19.56311841510329;
  -1.665794803051659, -4.695759331724766, 19.56855183141037;
  -1.732519432685054, -0.6775874626032413, 20.46393063433558;
  -1.587296506964212, 0.5354192221008477, 19.00955909871792;
  -1.271646656903483, -0.8884370514488812, 15.48054727946671;
  -1.8114063905521, 0.3631101766188198, 21.71143918964441;
  -1.438035540096859, -0.8523294057808386, 17.68066534010253;
  -1.610074694853394, -0.1115747679509978, 19.69158558999723;
  -1.471883833526096, -1.742497172271194, 18.18535316603687;
  -1.380071781844094, -0.565792334521572, 17.4553471097315;
  -1.313704852444072, -0.8771101338439438, 16.82832869028647;
  -1.479258095852246, -2.008220790662075, 18.9733458876959;
  -1.372326428019056, -0.4227962426154246, 17.66081984317674;
  -1.21119826159567, -1.618637273178145, 17.89263868341266;
  -1.360661703664086, 0.5920923636675028, 20.85642740144112;
  -1.621883825035182, 0.004982008323371099, 24.75291447563128;
  -1.091242578943191, -1.593054015629809, 17.24131801083204;
  -1.229858399735567, -1.271154886957363, 19.48127152473108;
  -1.139211266434145, -1.496418334563386, 18.30960119363358;
  -1.049868798923102, -2.893699303196282, 16.94740184648364;
  -1.186190764966544, -0.4344410229591505, 19.02419087807478;
  -1.022948370923202, -1.75460057918434, 16.87532040696791;
  -1.391139363218011, 0.06991185167708004, 23.6744532381352;
  -0.9396120055514745, -2.81182587456313, 16.44918699201032;
  -1.08566548530196, -3.395140804264406, 18.88983814028468;
  -1.04526178606846, -2.991588089215076, 18.62476158934538;
  -0.9357409452314602, -2.077880332468499, 17.01803075510505;
  -1.091075273946994, -1.300852194201401, 20.15394569699225;
  -1.330068510856698, 0.1723128572568232, 24.60520199548868;
  -0.9245293214800386, -2.056757542522623, 17.47951392114992;
  -1.001420085114013, -4.424576426220228, 19.07205245173224;
  -1.101455408652287, -0.2094199306427129, 20.97308834757789;
  -1.120178833234365, 0.2879460305810113, 22.87181460566645;
  -1.093925176512889, 0.102636565034342, 22.48561141290705;
  -0.9585625613407915, -0.1843789481983701, 20.11007890258764;
  -0.811863434171523, -1.862082357933729, 17.37585205059247;
  -0.8207465954143005, -0.04879187536284008, 17.96086500266635;
  -0.5586133542711735, -0.4727349897899224, 13.31849059959453;
  -0.8099613499922872, 0.5390452972698981, 18.83362143347009;
  -0.6718845963657782, -1.730432849723576, 15.75205293033407;
  -0.8517604626542815, -4.470472411706424, 19.79871463052448;
  -0.8850461578405959, -3.829218170378246, 21.03756683809468;
  -0.6613666163744205, -2.788212195365873, 17.15867167200369;
  -0.7073466190728934, -4.1663444633513, 18.44177429928012;
  -0.6655084872994773, 0.5268081253897553, 18.38908958706712;
  -0.6589842445898931, -2.366948812138612, 18.46400171267614;
  -0.609534164215886, -2.189481650625524, 17.9875348369844;
  -0.5885794794070227, -2.795097746652537, 17.32509493891303;
  -0.6892410721662226, -0.1496785612937019, 21.76764785834091;
  -0.5389005469929316, 0.6413173631027667, 18.3311929564838;
  -0.7122033460343538, -0.9812445725370453, 23.5042989604614;
  -0.5983753541144449, -0.205379856681361, 20.78659379851344;
  -0.5814262311864156, -0.7453666570295671, 21.27590865564573;
  -0.5309722353773233, -0.4247030843783682, 20.43770415174616;
  -0.3138493333133931, -0.165986953507568, 12.9755014616449;
  -0.4186223849603894, -1.445090137394898, 16.95859896322813;
  -0.4482318624217796, -4.091838755935761, 18.18079343810958;
  -0.4379027853185187, -0.8700356645823054, 18.14469956005585;
  -0.4505995193572783, 0.6451445400028604, 18.7005977353551;
  -0.3451875552577852, -2.08326182356508, 16.70987066020747;
  -0.3510474881316064, -0.6514795152561622, 17.26028107808128;
  -0.3684210319152123, -2.398188334849718, 18.4061847299665;
  -0.4310809765308683, -0.1362010531940678, 21.22699832465266;
  -0.3593526826524982, 0.2875586941237869, 18.38047365860738;
  -0.3889220246270851, -0.9774132757258793, 19.94635819133415;
  -0.3569657891961462, -4.20379458291506, 19.74604624898855;
  -0.2903889574105723, -1.11897756418666, 16.89935255154072;
  -0.2476455911201611, -0.948240155024683, 15.48851727127447;
  -0.3764791583926889, 0.2999699832411966, 24.53505075989022;
  -0.2572960380644944, -2.379245546898951, 18.34561312652463;
  -0.3093000690905781, 0.02540334351765717, 21.61649439141856;
  -0.2481204953413553, -4.153966532387686, 18.45327754410896;
  -0.2355081291417708, -3.224218353948324, 17.74872379778342;
  -0.2192837185280417, -1.178796561322206, 17.00800767339674;
  -0.2666842921392619, -0.7747259336285807, 19.89257072641558;
  -0.2386953525659954, -3.815241091112286, 19.40614834153329;
  -0.2753542878623774, -0.0527660513720355, 23.37299919471697;
  -0.2026972049005856, -3.896810481729024, 20.41120005774732;
  -0.1573210595494487, -3.082931699502019, 18.29360488058305;
  -0.157150345647917, -0.2579962261480734, 18.54584609719677;
