m=[-9.821364832538931, -1.408199550624327, 13.07224343082782;
  -9.683203663481313, -1.866632600006106, 13.0365144151821;
  -9.326038670402648, 0.2169298742499473, 12.6674376690351;
  -9.571552070229734, -1.327445508566432, 13.01821555637899;
  -9.576235984670143, -2.098285083413857, 13.04092059514428;
  -9.690892048318769, -2.300009159037018, 13.19118616202615;
  -3.104084335014596, 1.00203249372961, 4.920293256465985;
  -9.309850746743813, 0.58104914758241, 12.7787472473461;
  -9.604568163503149, -2.354776285304676, 13.1544329544615;
  -9.649795648421819, -2.716044150972711, 13.2103013444389;
  -9.652533655267689, -2.051230226088123, 13.24947547901085;
  -9.19361753618867, 0.7191924491658042, 12.67532869692975;
  -9.151943096081794, 0.435889147831048, 12.62675917238479;
  -9.446057940587643, -2.155204850305252, 13.00924683774764;
  -9.116976897840139, 0.7573509305410914, 12.62753622289068;
  -9.435803911221864, 0.7717389805633198, 13.13079818123466;
  -9.095743360667791, -2.245096706579839, 12.72056403671441;
  -9.136982794099199, -2.179998186675332, 12.776372109745;
  -10.05914940142828, 0.02979509438219334, 14.05333435548546;
  -10.08002375317044, -0.8249015809819292, 14.09168558100619;
  -9.22419620143326, -1.974492008234834, 13.01955600302784;
  -8.967637376746135, -1.861637434322805, 12.87380874148577;
  -9.582580424776738, -1.568178120775396, 13.8228138756571;
  -9.536426135716026, -1.664462947974989, 13.92794120825509;
  -9.785184751022745, -2.861426562648612, 14.54584945170109;
  -9.660105999140964, -2.12277140613511, 14.74796712194229;
  -9.499696451491197, -1.885351824463326, 14.58543735131054;
  -9.662986626256753, -1.294443983756649, 14.85138340377322;
  -9.592421335804124, -2.168376762109779, 14.83013814738218;
  -9.393477129208252, -1.69045623718595, 14.88790019192304;
  -2.528072116438922, 0.7427837978967679, 5.198137590343553;
  -9.011624846792371, -0.1815678125912084, 16.85384465442077;
  -8.886130529732936, -1.778397058233834, 16.72924103563649;
  -8.812317861804075, -1.539221331238498, 16.80978877853414;
  -7.687073660746134, -0.0758353913740035, 15.05147022960659;
  -7.395329839566225, 0.01703094884312899, 14.7065297824167;
  -8.733500796007176, -0.4241376005022555, 17.23005668937952;
  -7.569057723407008, -0.03476683989700396, 15.1924569753461;
  -7.553517974642327, 0.01005396595728595, 15.2177306797576;
  -7.506569569431032, -0.0722004952209532, 15.41055801635801;
  -5.635905740400841, 0.4397692880285907, 11.87024630926657;
  -6.792620818075956, -0.050900162931056, 14.84765039278595;
  -2.257198081571826, 0.7694970380149994, 6.086717544837847;
  -8.484783222252945, -2.533677734471637, 20.18484517742215;
  -6.540428311168648, -0.1213735586422453, 15.90562204905676;
  -6.426234133424174, 0.1201147054502317, 15.74004033951997;
  -6.440361875109871, -0.3055708343281753, 15.82962676786478;
  -7.8644332316118, -0.7265857335430458, 19.24080512596311;
  -8.242689413340813, -2.562822316043031, 20.13943812240891;
  -7.96029636975262, -1.018022520670619, 19.54149451430161;
  -8.029260290678895, -1.219938532290444, 19.71380389392919;
  -7.958995915681721, -1.486688821393143, 19.78273794081099;
  -7.771476915133452, -0.9930351606642469, 19.40240546097212;
  -7.596941293645924, -0.7051336788153163, 18.99487844170945;
  -7.490099271004175, -0.8930346421724993, 19.6236299533834;
  -7.312775456700695, -0.3809694482448297, 19.23825720621493;
  -7.371626891132234, -0.281962052627716, 19.75041869270854;
  -7.909942116258537, -0.1135249089356413, 21.60871934535354;
  -8.442472977849702, 0.1338551297252551, 23.15579958219858;
  -8.284570467702253, 0.1212987379747432, 22.93385935552312;
  -8.364720554250635, 0.4884743347300126, 23.20179240704931;
  -8.470392317586084, -0.0419119781215272, 23.6332769409251;
  -8.299434765032917, 0.2171581771309278, 23.33164020176365;
  -8.255140726642033, 0.390627130580677, 23.28662519097867;
  -14.45691633014138, -7.924277923372931, 40.41978484865059;
  -7.909078272570892, 0.1942612445246616, 22.63875867760855;
  -12.83949972317042, -8.17506896313072, 37.26791561156948;
  -15.11331671777591, -9.185172815641263, 43.69748821391556;
  -16.06538751073324, -9.40055674723979, 46.4936051185649;
  -7.981205660502525, 0.5545415338232196, 23.8169483500296;
  -13.24520479972806, -8.427963330551293, 38.90728336011801;
  -12.76351205159948, -8.459574410306388, 37.63890485458167;
  -13.27853585905291, -9.041846323950608, 39.41303075298397;
  -12.81321840742924, -8.401321068816625, 38.47869180877943;
  -8.189214547999232, 0.7569574854426562, 25.03646175263013;
  -8.350651227170035, 0.5063077118501335, 25.5687877499602;
  -13.86485095984211, -9.78698010354173, 42.39087155807844;
  -2.305248468603357, 0.9500787465221786, 8.171657591122647;
  -2.269687526569065, 0.922929536379914, 8.163701303008704;
  -10.15548021366575, -0.5693863427458523, 34.58071577101776;
  -2.129585789824996, 0.8444043892619539, 8.127551568294289;
  -2.317540024729756, 1.955506219565834, 8.798384207107318;
  -10.01437713686442, -5.426305802194681, 36.69619249217587;
  -9.096935397044188, 0.101116051440188, 35.3708329598303;
  -9.51452375446701, 1.276354353503841, 37.35685335122564;
  -9.969399639845722, -9.58684401796503, 40.29230243616449;
  -8.923141692078279, -4.102246900925348, 36.27060901727412;
  -2.044650185679339, 1.396002855993394, 9.208134265999352;
  -2.024791252705793, 1.699509179467126, 9.188833839422705;
  -9.133701963874612, -4.961148497318613, 38.06217310315511;
  -2.034024735369936, 1.473835310842043, 9.326555217461365;
  -2.058790252928822, 1.556516455348182, 9.523037008429755;
  -2.038782228950147, 1.75353176821266, 9.440924492371044;
  -2.019890048743716, 1.804186875604785, 9.395340018364625;
  -1.995703252529816, 1.465532327704342, 9.31439746777767;
  -2.001153715269861, 1.194521921712255, 9.346914257395905;
  -1.968449614869005, 1.409487172852755, 9.356566070159035;
  -2.000027163884403, 1.483884370883046, 9.534816970101387;
  -1.945427018275888, 1.836696590437087, 9.455655849303453;
  -1.935258868864794, 1.557200383224899, 9.397453899891618;
  -7.607556243273458, -1.910107761661906, 34.48285951531182;
  -1.900400844026467, 1.954765505532981, 9.410671604781831;
  -7.526755863996305, 0.4780460082061799, 35.07150286180183;
  -7.969640109545228, 0.5090690103802033, 39.06890965881829;
  -7.639826062117409, 0.8673635793064107, 37.78859607690293;
  -7.733377944150148, 1.283711800862534, 38.68148674119883;
  -7.484768321785275, 1.061924940233921, 38.29266194703246;
  -9.488347452214992, 0.8490571969870473, 48.493943036775;
  -7.302221260531464, 0.6488473261408136, 37.69494706268997;
  -2.682847806910675, 1.787526711133949, 17.29185155962502;
  -2.578164650186658, 1.838126931954686, 16.93990281370561;
  -2.293488356239686, 1.786713225506505, 15.99725602521537;
  -2.543609254440918, 1.843674234209216, 18.21038611538074;
  -5.417918018397861, 0.7932923823803585, 39.58462634118345;
  -2.145727715923899, 1.909159163233746, 17.75128820116754;
  -2.380724538629501, 1.890182535854462, 19.83323087797033;
  -4.114972163010362, 1.907996275722706, 33.85005968069802;
  -2.32985372229563, 1.799329830834664, 20.08636452383716;
  -3.811057436733471, 1.548434667408802, 32.8873669754533;
  -1.939133649347875, 1.833469005119413, 17.28302847550411;
  -3.963484722339879, 1.666924688388244, 36.23175206340676;
  -4.355039085065097, -9.997846181651532, 41.48714314720488;
  -4.13949093297567, -1.055174696474867, 40.99985999962328;
  -3.570763222151915, -8.122362261501896, 35.67318493065026;
  -3.962878106632382, -0.8548098524421438, 40.73075270634415;
  -3.61366219978202, -4.144405926483354, 38.06886530327898;
  -3.603140505693214, -3.826578967234464, 38.86545566370787;
  -3.720862497120686, -0.7688689138668993, 40.34648183234806;
  -3.643955511126803, -0.9400247904514674, 40.1252345756337;
  -4.485552776886503, 0.9363039785130036, 49.70949530451509;
  -3.084355957101733, -1.888680625021971, 34.60710617146727;
