m=[-4.163927631999415, -0.01238189004939226, 6.904614872324963;
  -3.6210557271886, 0.07186744205627736, 6.720264792960631;
  -3.5260050994663, 0.08142287393364234, 7.01188681985893;
  -4.580352906781475, 0.3878116122664349, 10.76190422012286;
  -8.908757351486862, -3.836993135483556, 19.98211580802521;
  -4.626739215893404, 0.1097254348977749, 10.9015145287886;
  -4.780112126584134, -0.01457208069352434, 11.242929788317;
  -4.552576421124115, 0.2023744194957897, 10.84002436934149;
  -4.585523198001217, 0.2933057464903707, 10.91418258111958;
  -4.573721136531859, 0.1533715681664231, 11.03212612366278;
  -4.306517602679612, 0.3987214195594042, 10.70400888005907;
  -9.442676150171366, -3.691087492536934, 22.30836269019198;
  -4.334702699235244, 0.5186005795346455, 10.96480875363255;
  -4.430625220431763, 0.278651979882706, 11.29514720352359;
  -4.400808370844716, 0.3278393848449879, 11.26436904358928;
  -8.743659336913371, -4.477749150369427, 21.87171956930474;
  -4.492801770769224, 0.4428280034429742, 11.75928139191529;
  -4.493067188046904, 0.2999170275377249, 11.80726441138588;
  -7.382615636208911, -4.275688344108871, 18.86290949530051;
  -6.961963686415251, -4.125666631391794, 17.90944199268634;
  -4.350817907435103, 0.3700692646488963, 11.59847273554601;
  -7.767262074369316, -4.390730288188442, 20.06570210162689;
  -6.814735763953402, -4.211643317369306, 17.82191787002902;
  -4.29500840817107, 0.4415999271226112, 11.62002531508898;
  -6.497343366756033, -0.3598149443905288, 17.16219803525245;
  -3.047453875011048, 0.8048749854730454, 9.085832721025641;
  -3.04980377000183, 0.5145068374306182, 9.113439194310875;
  -3.064475166782656, 0.3945880277267276, 9.205114646969266;
  -3.048923103454857, 0.5516066420421016, 9.201148546962266;
  -4.842347606360975, 0.6858352715086733, 17.4291969130594;
  -4.728671552527588, 0.6091496340277289, 17.91687299809103;
  -4.197173904907894, -0.9139509695574737, 16.30830169793206;
  -1.666154153579198, 1.010983997096756, 7.364431428731397;
  -4.509390671801603, 0.6022081570523052, 18.64135637624587;
  -3.844166479362749, -0.8884477890802512, 16.257866660688;
  -4.124864573134479, 0.4758395373641272, 17.4193859893555;
  -3.928084285881738, 0.3742175170873448, 17.21746967678051;
  -1.4924251077027, 1.036070382875968, 7.670788943311555;
  -2.691928676697989, 0.8284131963620393, 13.13845846233698;
  -2.988161993474757, 0.4450388592160027, 17.80094527192274;
  -2.532127201904983, 0.8421513834126259, 15.28089434478413;
  -1.451939817323144, 1.013524367542149, 9.269174324509582;
  -2.289263467035729, 0.9502238246433884, 15.06404065510311;
  -2.301259287198624, 0.8431973515217766, 15.80023402986885;
  -2.359232008506412, -0.9382941623200043, 16.37195839735038;
  -2.209574948452737, 0.8331462589516389, 15.93179139782007;
  -2.379075502478774, 0.643136629759775, 17.75714992768388;
  -2.908129643086778, 0.0855602688078843, 22.19177571997988;
  -2.676700544121264, 0.06563867721389712, 20.61918430782204;
  -2.541981507049204, 0.3526954561184589, 19.74376232725268;
  -2.700843506608307, -0.5105448372985885, 21.08551878814961;
  -2.514854334551122, -0.3908523807568867, 20.22544393290695;
  -1.844762300892925, -0.8731814463843232, 15.25058361200395;
  -2.336224521268042, -1.780197155751822, 19.11731583988114;
  -2.068474498492687, -0.8599716759853503, 17.05453910186175;
  -2.43688599136488, 0.3838902625861448, 20.06302667470079;
  -2.14156792050269, -1.818881218530353, 17.93443198606758;
  -2.180247127434509, -0.4079675584634469, 18.52645978099383;
  -1.939445373107128, -0.6709516508963861, 16.73406084343464;
  -1.852514281113606, -0.9772038602169972, 16.83794660372955;
  -1.808211908281689, -0.8079420133473552, 16.72212347583652;
  -1.843343909270033, -1.450967551116474, 17.07239606873358;
  -2.599279671639016, 0.7635871147250065, 23.57903845138579;
  -2.338232043896106, 0.4357371244895432, 21.40334293276046;
  -2.04207896730405, -1.867626705580998, 18.97243322287372;
  -2.22340679423093, -0.05954138155097945, 20.59024994198384;
  -1.768792032494746, -0.5196121532655166, 16.70546580052313;
  -1.765198323887314, -0.8800825527885997, 16.80746286365416;
  -1.951507121440751, -1.359275704098325, 18.47441810533593;
  -2.005661425947515, -2.088118127860307, 19.21615700972335;
  -2.178807086032112, -0.5532077063264146, 21.12401965843092;
  -2.042826048755733, 0.2729481413048719, 21.12172972552504;
  -1.837783276447863, -2.052136939456181, 19.18750728498416;
  -1.574413475683214, -1.576255841930586, 16.89288059107482;
  -1.73777428627596, 0.6335682795761904, 19.268871539078;
  -1.484270959230804, -1.593922739224726, 16.70987478558257;
  -1.470964027286532, -1.091162900724275, 16.62707190232342;
  -2.076109544970756, 0.06182001977269084, 23.09320649304351;
  -1.667849843385724, -1.575484043141805, 18.96626826977922;
  -1.256167356946504, -2.062046673857137, 14.70107470577701;
  -1.457401770238086, -3.161262062157727, 17.65269157961818;
  -1.864311825215661, 0.1286730251696081, 22.46915429065833;
  -1.312903243143918, -2.081041511184871, 16.40028923360755;
  -1.295010091225225, -0.9173630500573051, 16.37254705386318;
  -1.254048185669806, -1.965769730235863, 16.1194859132007;
  -1.577695212126975, -1.323019206111153, 20.15746927792305;
  -1.796398661054943, 0.2274049689888298, 23.0499837967193;
  -1.753452007005556, -0.1642076549005065, 22.86315844431875;
  -1.551768844808456, -0.2585751527671059, 21.21515463472275;
  -1.652749050016466, 0.3612684290464209, 22.69429255735031;
  -1.22526940262339, -1.909516719517368, 17.21980282378233;
  -1.690607725774921, 0.1776797666861319, 23.31738734721625;
  -1.272533680426636, 0.752334369557691, 17.9535252979846;
  -1.466644046599982, -1.347059514086373, 20.55314620202717;
  -0.8971868109611597, -0.4613138722026487, 13.26471393773788;
  -1.060550334570987, -1.804273612604708, 15.78359294077094;
  -1.187544845128511, 0.580469554547147, 17.60819070029361;
  -1.214301035202698, -4.247128492054341, 18.073767790659;
  -1.169585530974126, 0.9459860875790944, 17.52063135358882;
  -1.040867828574017, -2.807311264146024, 16.56281586139387;
  -1.13580235836651, -4.271377531700184, 18.1100906654092;
  -1.011570504415546, -1.645839863149005, 16.41206639478136;
  -0.9994410711997289, -2.722847282455579, 16.71518956970583;
  -0.9525059861784331, -0.1846410095056697, 15.89017044923215;
  -1.113082026953213, 0.6169823134603787, 18.50938611128548;
  -1.105986986471304, -2.45258188847753, 18.51555163063569;
  -0.9865202031235105, -2.142252007794795, 17.03469769186658;
  -0.997815186790984, -2.90385148739174, 17.26316748531055;
  -0.8823078861877141, 0.667802996281161, 16.71896682709187;
  -0.7687906192459273, -0.5219220813930059, 15.29960751841041;
  -1.262091733982529, -0.1932259476526531, 24.29373691545112;
  -0.8274343532308971, -1.485338383996238, 17.06173405730706;
  -0.8521763032912665, -3.569214729507307, 17.6504355632173;
  -0.8772533206138959, -2.576734835687053, 18.29528134690032;
  -0.751588686458663, -3.188157797737854, 17.04007815725202;
  -0.7578326166804943, -2.262195341461228, 17.45723633243689;
  -0.760099090000381, -2.382779333368994, 17.68226366222084;
  -0.706783785871989, -0.8153103773257376, 16.74683050581526;
  -1.051149574571041, -0.09701873275704501, 24.46667741162484;
  -0.9471337992251815, 0.440524843323509, 22.35623943540689;
  -0.7011407430884448, -2.736811308367843, 16.91985008324898;
  -0.6870660935035764, -1.158713325876382, 17.20116944401287;
  -0.849445160136398, 0.003909509583009256, 20.93438311782668;
  -0.7619972734457069, -3.343762710756651, 19.3849326116721;
  -0.6410909274511917, -1.032759128857042, 16.55325193275355;
  -0.6429545943645054, -2.331565367916388, 17.39876185363494;
  -0.884395331294091, 0.3657349569656823, 23.63901100913378;
  -0.6259614415056832, -4.068508473023325, 17.31661247937673;
  -0.601910717036278, -3.16003392091024, 16.68650801057022;
  -0.8354946597683554, 0.09301862133728786, 22.8378513617813;
