m=[-6.186070670697345, 0.5899842889137711, 8.97466569664828;
  -9.666079728385526, -0.1261425703747285, 15.1725956946488;
  -9.58235951189644, -0.1869082345578434, 15.15240141351305;
  -9.404983389679805, -1.826369999987017, 15.13719024676055;
  -8.167407323418331, -0.108797753050472, 13.4711716825875;
  -7.947457301519942, 0.02442478937931799, 13.17345540092513;
  -8.293285590291246, -0.02466098342777582, 13.75190639412421;
  -8.285627162021104, 0.2130436079325653, 13.78588065101208;
  -7.680009885950693, -0.1911976294107273, 13.41258270070037;
  -7.334548792511109, 0.01119087060562907, 13.17833632896379;
  -7.452607120302275, -0.3741371128540931, 13.72508035534496;
  -7.19901803428404, 0.1428796048501291, 13.36055313273224;
  -7.006385617242473, 0.007667335826706341, 13.35905393803339;
  -7.028605305760049, 0.06647510132480054, 13.41494305740193;
  -7.130310783215146, 0.06213263591056505, 13.74844945415141;
  -6.923163196266075, 0.138642114376663, 13.46622073345323;
  -7.050413527951099, 0.1628088773760707, 14.02059846671186;
  -6.989605640582721, 0.243165692815108, 14.07757362071928;
  -7.105650808170017, 0.1946648397483081, 14.36920782792831;
  -7.003133385207784, 0.3860604033750625, 14.19424773597473;
  -9.170369308523497, -2.530867592862655, 18.5831789398357;
  -8.99349566708182, -2.5100831177388, 18.58738941284852;
  -8.995550745471846, -2.883045565304457, 18.5945783409572;
  -8.326680824006074, -0.6777575138196259, 17.60507644178141;
  -8.671175546078299, -1.020933468382193, 18.34268517789197;
  -8.209006753460649, -0.2914077239084432, 17.45375344898702;
  -8.835734106641409, -1.559481774863636, 18.69461404985409;
  -8.16942764180188, -0.1241686753229035, 17.41019606469828;
  -8.084348883232467, -0.3327362469121852, 17.9579997525431;
  -18.10305487024552, -7.629227446080475, 40.14152585121542;
  -18.1221187179274, -8.072376117459005, 40.40236403915956;
  -17.90116372590145, -7.356270988080146, 40.03268125722027;
  -17.91351729659979, -7.715334494765164, 40.17956298809487;
  -8.893533586909442, 1.099933711847764, 20.54121803094606;
  -17.72259228089089, -7.501139886971656, 40.17083762638195;
  -6.221895382723282, 0.8395258962838, 14.9360974939547;
  -9.061339220510208, 0.7672100041017206, 21.29033871010106;
  -9.518897543798957, -0.02901817770135682, 22.38865823919311;
  -9.243597273903047, 0.2192165331935722, 21.77974709133603;
  -9.163413631962998, 0.5861232752882984, 21.81019812290081;
  -9.201694052229737, 0.1789193228000887, 22.09017601423107;
  -9.055261421170592, 0.3036520161294649, 21.84190576971701;
  -19.22538306267617, -8.012046361490356, 45.28582105758767;
  -9.047427383196231, 0.4863189708275543, 21.90577916337962;
  -8.687050470506486, 0.8042955851914633, 21.59198544085008;
  -17.64972708362305, -8.188940011479351, 42.87555299462044;
  -6.135295290047115, 0.9027239499402703, 15.8660483619892;
  -8.87213375479068, 0.5579884358433032, 22.61803961833305;
  -8.763942258789335, 0.6528721991107732, 22.43230596763329;
  -17.48818853508567, -8.955943768747504, 43.74561504240291;
  -6.248452933782977, 0.9918169194313655, 16.32501280199289;
  -17.15607557243339, -9.205256197345562, 43.65281730599925;
  -13.4515019318783, -8.155558810340873, 34.55318841000788;
  -14.00716980818804, -8.300662813085683, 36.03302264430806;
  -9.439937601444843, 0.9304369375634315, 24.70771875575228;
  -8.853976915811481, 0.5910124036298055, 23.26723419925891;
  -15.37813283928397, -8.69305464225784, 39.72738778192614;
  -6.098679084193087, 1.105085576039802, 16.43353279860088;
  -16.36359525539939, -8.909749958827479, 42.40053067017129;
  -6.182750730621692, 0.9113914878651852, 16.70669893847412;
  -14.44368787557339, -8.52764831678895, 37.65527533655479;
  -13.32983613638927, -8.238105955979604, 34.8602283452085;
  -8.684630983827359, 0.7386921425600826, 23.15161374877701;
  -6.125194806556318, 0.9403576458304225, 16.72361489341875;
  -12.82414372607004, -0.7101854252095438, 33.87392074512452;
  -13.92548956139468, -8.841999072692053, 36.70126361557855;
  -6.16121097767883, 1.130459818305017, 16.86678227978917;
  -5.850756226675751, 1.185322721034664, 16.10172300386226;
  -8.534390132746054, 0.8774804849011787, 23.08955419102054;
  -12.89088003544042, -7.867051185306881, 34.33653921964788;
  -2.168928585458175, 0.8942859377951742, 6.655140271136206;
  -6.058329869453929, 1.345543421822023, 16.71688501715717;
  -2.243653284040239, 0.9634566920826451, 6.878830561195255;
  -6.10919869932755, 0.8456361783988402, 17.0576356037614;
  -14.30752307740263, -9.391792656847107, 38.92991607060436;
  -6.060060561805757, 1.260627287369731, 17.09796779323998;
  -6.045081100828281, 1.126203220840153, 17.06147145260803;
  -6.050790781742902, 1.351851589965395, 17.07482846179031;
  -6.168660317770419, 1.028483644186543, 17.49526517408583;
  -6.006237029230767, 1.35805822392922, 17.17884892287567;
  -14.43784064185151, -9.913091658292744, 40.14144689901337;
  -6.066172941475172, 1.281997906675719, 17.70753568853991;
  -6.071136454695307, 1.276346348514646, 17.98730459892046;
  -6.057416879616833, 1.5998481102419, 18.05988826968419;
  -6.084645821146648, 1.026489608648399, 18.18216970395589;
  -6.082964405172022, 0.7832548141966884, 18.27209609984514;
  -6.181169585446682, 1.258589669981565, 18.5836867385166;
  -6.094507353568065, 1.102609223693841, 18.39222098359619;
  -6.078411425752969, 0.9624387305251826, 18.36790786796171;
  -2.339716143826336, 1.559826551507529, 7.748257449881204;
  -2.326023918094077, 1.453475226652763, 7.724439970242147;
  -2.612013065943072, 1.165661267071773, 8.593279990447144;
  -11.71843885415529, -0.5064036817750821, 34.95308391367996;
  -6.217494419892373, 0.8875844000374088, 19.08719251308743;
  -2.377356936686084, 1.692715097840644, 7.956068894559163;
  -2.329871626456304, 1.316337195043279, 7.851611099355297;
  -2.332423589216613, 1.519110640831951, 7.880968330266554;
  -2.339398292282848, 1.644386450017919, 7.926355955013543;
  -2.334943265913447, 1.690237445276398, 7.920787280542857;
  -5.807883449429256, 1.840416993818485, 18.29775998231061;
  -2.325057435890237, 1.572541068514587, 7.98268517730209;
  -11.52117031568115, -8.289925300886335, 36.86469823665573;
  -6.85024105643956, 1.94159596598564, 23.50469554419123;
  -9.855846133448916, 1.395911127900502, 35.47442211274638;
  -9.935292725617927, -4.843926616537321, 35.91897758467518;
  -6.368568267019784, 1.788842676844565, 23.41235911911476;
  -9.814843998261644, 1.264352696770527, 37.18831207867103;
  -5.412146449600153, 1.951304978758403, 21.35317905467458;
  -8.402831056681205, -1.829749199169761, 32.64956542040579;
  -5.91944009103589, 1.666988561407256, 23.38728726490576;
  -3.751874006480688, 1.965462963161721, 15.32861410547036;
  -5.393919981045628, 1.91304419327459, 21.59659303708254;
  -7.909167918783024, -5.216601749075899, 32.21424623864834;
  -3.630510408254796, 1.996893703033014, 15.59485468236014;
  -8.937544397392868, 1.193567497663, 36.94688758775396;
  -9.399258784438496, 0.6332327405522723, 39.44987762849443;
  -7.645918255161287, -1.767092868051974, 32.33635175746573;
  -8.38694373636843, 0.9675079888452881, 35.41823195028955;
  -3.321870863998063, 2.015634793881262, 14.6827291703244;
  -8.361106227037633, 1.176258678653297, 36.45842927099422;
  -8.732188058801922, 0.8318909413042563, 38.27468357915307;
  -4.041196237904694, 2.016011170943444, 18.35049839725912;
  -3.284140802466669, 2.073825296489021, 15.4747614878438;
  -3.508004917854044, 1.993622805240547, 16.84260875423687;
  -3.229841467239921, 1.963546107469843, 15.65466092892661;
  -3.460278040149785, 1.948475831707555, 16.98077609845725;
  -5.325084705263953, 1.638739718393081, 25.99006608687564;
  -3.032045614137414, 1.971140271191045, 15.49195105971732;
  -3.014813880314693, 2.092942121622131, 15.49558558074526;
  -2.986223464271057, 2.104346923291429, 16.00734514914299;
  -2.914860723624442, 1.983556939347755, 16.13636098450608;
  -2.993424799416198, 1.963345287535789, 16.65821844200119;
