m=[-2.265736275832332, 0.2915206662051778, 4.437666631721533;
  -3.287562429998765, 0.3270137630983269, 6.940770430274622;
  -6.518436316282142, -3.180969724033123, 13.71765040259948;
  -6.59671914117625, -3.026118189532513, 13.89287486791474;
  -6.344251232476283, -2.74584822564002, 13.44473852052331;
  -6.157067704820846, -2.45706443471901, 13.0848795791864;
  -6.241117029147002, -2.61553719625885, 13.30625874323809;
  -6.504333498175286, -3.014981807419929, 13.87157652775476;
  -6.925624527148285, -2.329306256637178, 15.57519653291918;
  -2.112728116419723, 0.4158154676662784, 5.513619740264977;
  -2.132315357542624, 0.3622761298890163, 5.663503577472676;
  -3.007743042243936, 0.3129451926985727, 7.557567874204328;
  -6.165260691007818, -2.911060081639304, 14.44700882427647;
  -2.150961893840865, 0.2805274983647218, 5.913159049159485;
  -2.170144394351126, 0.391326020158485, 5.994532070267125;
  -2.133425871257639, 0.3931508526757159, 6.010944418681833;
  -3.354384714057927, 0.4320065537241991, 11.9042188872914;
  -2.722047248816612, -0.5914047290786187, 10.69473598819614;
  -3.310725350994172, 0.4404918563613008, 12.77773607573345;
  -3.214469965598609, 0.2307110387683331, 12.61924144227762;
  -1.83230408917335, 0.5872450232735468, 10.10035849826067;
  -1.688583264618629, 0.5935940684329758, 10.51037225429791;
  -1.603675516812744, 0.6132890777734442, 10.26901366445407;
  -1.629427728231721, 0.5860881170339195, 10.6270448999664;
  -1.728221888516839, 0.4473481679748473, 11.64981038547381;
  -1.999771905761769, 0.06483816354323153, 13.97123663794601;
  -1.974273458589693, -0.3307015479556118, 13.97606384028578;
  -1.80972886803438, -0.2470100409571712, 13.16589885900128;
  -1.551810539793756, -0.6642303255121875, 11.50218844692079;
  -1.597157940778502, -0.6091282616469034, 11.84853139706463;
  -1.556044224395248, -0.1889436432427252, 11.75503761286284;
  -1.613997882933125, -1.256314985046107, 12.14881749380752;
  -1.628998338151584, -1.156413321450027, 12.3357412120061;
  -1.540854024456136, -0.3555414859366695, 11.73857948700701;
  -1.602779523974191, -0.2654705345271172, 12.2333608986888;
  -1.713459549929983, 0.4927448637182484, 13.35065460288669;
  -1.489881180307307, -0.2086624526185502, 11.75653551657884;
  -1.435842557242972, -1.324265288824068, 11.5809089787715;
  -1.43457654081473, -0.6809914557599019, 11.58223050584706;
  -1.530490613522612, -1.204605761855498, 12.32644738682032;
  -1.311076506742619, 0.5938060547139208, 10.73765779526413;
  -1.303638665346944, -0.9325367150034254, 10.76373856143885;
  -1.41020861451615, -1.17480566990622, 11.53136706585926;
  -1.347225052193223, -0.5446455567852157, 11.09228763869887;
  -1.485753485342821, -1.292423151940198, 12.21302764532994;
  -1.336496347444509, -0.598229312301606, 11.30570738977535;
  -1.80585924459781, 0.3294271363297472, 14.83869195432751;
  -1.554039417766659, -0.9785140738242073, 13.11832505638059;
  -1.804241138047266, 0.2352942442515341, 16.48790642613171;
  -1.171672129431834, 0.4018495372313523, 11.45505906618795;
  -1.102952670770264, -1.05514627096056, 10.85708618596194;
  -1.176803833753977, -0.9849138391894795, 11.72300558281081;
  -0.9924580230938144, -1.473060950735045, 10.16261666975793;
  -1.482970138667205, 0.3013467148170689, 14.75223975181201;
  -1.509386875519742, -0.2074554760737472, 15.19592162090914;
  -1.011030145530552, -1.846199042066389, 10.77764355890956;
  -0.9619385532545554, -1.348661770188417, 10.387776213326;
  -1.452574628862479, 0.1066367245631364, 15.35852199421038;
  -1.332527507401027, -0.09362614149934312, 15.11122780368007;
  -0.8347795069752685, -1.136749600568269, 10.01974380087356;
  -0.9373184016127564, -0.886994071953114, 11.15462768643479;
  -1.411284100081313, 0.4836065302344806, 16.33217974828209;
  -0.910858389299999, -1.077498835500292, 11.00629890953123;
  -0.9135048131179993, -1.010502601585228, 11.1341282167606;
  -1.137073101638835, -0.9047826908699566, 13.67980692080718;
  -1.356080554475587, 0.1403075528922451, 16.14957690768098;
  -1.177086947839212, -0.05782817232612072, 14.2953693789369;
  -1.702613729926131, -0.2255328143418399, 20.11412388852788;
  -0.9105645503572832, -1.33915696573008, 11.42344767617485;
  -1.149407548167095, -0.4933665570400123, 14.20975433446193;
  -0.8623675074200642, 0.626887729424343, 11.06680537276283;
  -0.9812147683635683, 0.4333574359704267, 12.44055246190217;
  -0.9092271306325674, -0.7536877089795702, 11.69198033166977;
  -1.129974892092734, 0.02599792976321867, 14.9859550120842;
  -0.749665853003414, -1.749104158957252, 10.47727497111111;
  -0.9080942773323362, 0.451022883265389, 12.6712503490573;
  -0.7756366860994748, -0.596847881106815, 10.98976829645854;
  -0.9199532995382711, -0.5871033988536938, 14.15251586920863;
  -0.8976623585790964, -0.1907208272176872, 14.01398580915707;
  -0.6952397086948854, -0.3831766760799609, 11.23477092498348;
  -0.6556295033731043, -0.9653661419644181, 10.91543794896268;
  -0.6982235900570974, -0.566160918349539, 11.90697653771228;
  -0.6712166298988511, -0.1652282696088817, 11.65058749049431;
  -0.9344846713587892, -0.1293110549525953, 16.15640500951266;
  -0.6381087371480727, -0.4318231962323644, 11.67501686833021;
  -0.6286552262703405, -1.543715295467211, 11.61212682563396;
  -0.6534121398153097, -0.2548819836675677, 12.1058742008459;
  -0.5993281827595473, -0.8961740976162895, 11.37580049964203;
  -0.8033215451334808, -0.04502911609000129, 14.99950043203324;
  -0.5477254092937238, -0.6950814881590601, 10.99339101110221;
  -0.5556983902469447, -1.58109707751724, 11.54809182133866;
  -0.5221605847112644, -0.7925962037315405, 11.14720795237863;
  -0.5482621627317706, -0.4490743595831631, 11.80258296297255;
  -0.5282766628612842, -1.487324787602431, 11.40926104254217;
  -0.5582867111292755, -2.534360164480658, 12.11376944413333;
  -0.5485828325275062, -0.5423832649523032, 12.32820504232876;
  -0.5051165692884327, -2.703053765856463, 12.0972601442152;
  -0.4854976694667866, -2.058222819118513, 11.48616144945933;
  -0.4741927979102401, -2.229204409965506, 11.53403480516995;
  -0.4919696777941897, -0.1315490509158976, 11.90171302372355;
  -0.483437749210145, -0.88962869457098, 11.80816493444321;
  -0.4955214085746157, -1.820527801039181, 12.4117854823001;
  -0.5846196037836607, 0.3330086461336098, 14.43230914652853;
  -0.4294715905346109, -1.411650052759885, 11.31905665407179;
  -0.4462080401931031, -1.353681298674037, 12.01232689975129;
  -0.5285869508025543, 0.2659513178490368, 14.40474536124187;
  -0.43469857221982, -0.4436049299161133, 12.49402835659525;
  -0.467440901302821, -0.8362995576644262, 13.45289625420007;
  -0.4636554477421917, -1.193465057033762, 13.21174829343325;
  -0.387592690896153, -0.9134527875658627, 11.72635580195067;
  -0.4006066685654383, -2.480090511275015, 12.25205008286174;
  -0.6138828344301082, 0.08308673593170061, 18.13726986524599;
  -0.3796759185693484, -0.3720654292886392, 12.20261945265786;
  -0.5327118302921309, 0.3242810869650527, 16.53273491288317;
  -0.3631873702333556, -0.5420642246367852, 12.29396508083383;
  -0.4873796189524702, -0.5772478476548872, 16.11609009821552;
  -0.3605794299435539, -1.0824742046456, 12.32041385183247;
  -0.3264178075710756, -0.6632958390877281, 11.39427654670742;
  -0.3716346327821637, -2.070188045229549, 12.9653605524993;
  -0.3638370820257869, -0.3455269623159396, 13.0482551169183;
  -0.4185505593633204, -0.05991210181948379, 15.01633786111307;
  -0.3432131613140485, -1.041593979288785, 12.77866262730511;
  -0.3358793256423207, -0.8485490656526205, 12.64265170502041;
  -0.3137966765976459, -1.373157320170592, 11.94819193211276;
  -0.2832645792717395, -1.394612479133428, 11.56043964280755;
  -0.2796395013430949, -2.499298682467038, 13.27416924260968;
  -0.197123029959689, -2.065744174128175, 11.590929623107;
  -0.2656307294476983, -1.26090153934766, 12.96665162388619;
  -0.2573659667869288, -0.7282036942870307, 12.23723938267422;
