m=[-9.947198007392638, -0.1624161138770455, 14.15962303420474;
  -9.750307219684739, -0.09413881908212779, 13.98664403524451;
  -9.702276968244192, -0.1565874399256122, 14.01831247738886;
  -8.488100576957669, 0.385454990608757, 12.46083506524378;
  -9.695230490434295, -1.829399926230678, 14.25618203166281;
  -8.438347911888767, 0.1906071510528029, 12.57748604126728;
  -8.567113362568875, 0.1213497095746576, 12.76390023038113;
  -8.371744882142865, 0.05390737523389334, 12.5365417343464;
  -8.371555502406659, 0.00178420589534707, 12.58506230828029;
  -8.278280153943433, 0.2374958169619358, 12.48925959925888;
  -8.17092529821992, 0.6043908466374124, 12.63705168611828;
  -9.735137408389722, -1.397804944083619, 14.90073054105304;
  -7.924575530730595, -0.06237218881977478, 12.33450844838994;
  -7.681052072432893, 0.241570357450094, 12.28340172473568;
  -7.226406238981277, 0.2148485582132924, 11.92142530335745;
  -7.26036656457276, -0.005579615613094138, 12.14250651369468;
  -7.281993191396059, 0.1649291970159201, 12.20741501014737;
  -7.153455791928874, 0.05153379829434143, 12.19770140218045;
  -7.234258240974508, 0.03243780897622237, 12.45507911416719;
  -7.041113192339827, 0.3967075653448887, 12.41520725183372;
  -9.628841274843179, -0.6684847329327157, 16.70770227317377;
  -7.082047029520286, 0.3005431374306616, 12.6542444870134;
  -7.048615740200441, 0.1868297381096658, 12.69897934214597;
  -9.358542369584956, -0.5607317386748426, 16.56521859096026;
  -6.886637265953552, 0.6582299472715582, 12.461782320714;
  -9.171971467699651, -0.2461190816241364, 16.38934345424719;
  -9.209225796619267, -0.4413561870622961, 16.7370257680965;
  -7.130754230075403, 0.1313017550006818, 13.28123858487874;
  -9.255461112551807, -2.472023380216133, 17.31405518690376;
  -9.127090167685731, -0.8844917396788434, 17.2669936506035;
  -9.169144711099403, -2.851387375247885, 17.49383365009218;
  -6.572759115463334, 0.8456832053157366, 12.87339312882751;
  -6.785150813604867, 0.7490483046176809, 13.27548471606187;
  -8.916836053323104, -1.325810598209188, 17.27216605730767;
  -8.44112786088076, -0.6397420724620105, 16.41185156521319;
  -2.568598102488807, 0.7948761256682115, 5.703774598826111;
  -8.4102517368257, -0.2615892129000819, 16.43359310623499;
  -8.70942285848095, -0.9789338220615869, 16.98472333799139;
  -8.398413928636675, -0.0972339294727646, 16.44551324293592;
  -6.728514122198655, 0.8432172808850659, 13.43985775234103;
  -6.601244260097295, 0.7796096555642211, 13.28006214195591;
  -6.326612115821758, 0.9085874585482937, 12.79891319528104;
  -8.115843191099893, -0.2949568975966087, 16.58508702097548;
  -6.267410768976838, 1.055598765114572, 13.82459412036002;
  -19.3794827574388, -7.949605661084475, 40.85410135700354;
  -8.695967124107741, 0.9589379828315332, 18.88128540021844;
  -2.155593897569551, 0.882682541564726, 5.424143447080265;
  -18.96630804895452, -8.208786410691449, 40.19340392961706;
  -6.196285354303091, 1.053880374962949, 13.82502192629114;
  -9.361374944467052, 0.8151426107261562, 20.40807559202928;
  -19.46796620395701, -7.768965629304582, 41.37294011417081;
  -18.45901754062177, -7.735834267874552, 39.35520875420175;
  -9.368814201456468, 0.2503723064844554, 20.50172285419913;
  -19.7468315911286, -9.153334160700723, 42.11341341489802;
  -9.715698335602799, -0.005681167857023536, 21.25180272284257;
  -6.183935334445511, 1.141732273144275, 13.89244549817944;
  -2.142289193783856, 0.8860140965181895, 5.459699483882671;
  -9.440685786966986, 0.2484854106886631, 20.82037943874722;
  -9.282263508604913, 0.6171078970617907, 20.51732602824141;
  -6.194689215833876, 1.07076287499818, 14.0765853322258;
  -9.654201596980265, -0.06749754128290776, 21.46170254450711;
  -19.48230770957802, -6.519212148595767, 42.49637072227807;
  -9.352550221587958, 0.340079171194062, 20.94521029596032;
  -6.212485494759135, 1.166138847127962, 14.48290235025953;
  -9.358327244971338, 0.5097685176491071, 21.43374747269577;
  -8.625386693060269, 0.8169830567687562, 19.8841150163479;
  -21.04038854148734, -7.07654717342061, 47.31821446254237;
  -8.962642528537966, 0.5866923825494466, 21.22792932502362;
  -8.954821901078047, 0.6839825338649295, 21.28375011860761;
  -6.222455215231042, 1.344457813053293, 15.15217490359782;
  -19.07811405527754, -9.008140781505484, 44.70560060974363;
  -6.160462893687389, 1.305406711225677, 15.1332779072026;
  -6.21713349928188, 1.127099075610784, 15.26858584200905;
  -6.210250743587014, 1.203450692838364, 15.38777917185547;
  -18.31720410403899, -9.098881768970168, 43.5494437174318;
  -8.683112995828845, 0.8720847861839725, 21.18912620593591;
  -6.148179205940719, 0.950623548121699, 15.31331207996295;
  -6.244376315563567, 1.36356319318378, 15.5400300667661;
  -9.265461630915263, 0.6360134981789414, 22.63543082048922;
  -6.164948580785048, 1.131026474774882, 15.40273079851927;
  -6.204665184931844, 1.258854108750221, 15.53719377486375;
  -14.31232597017066, -8.231041932114845, 34.80039071128474;
  -8.843776258345592, 0.7695863730973006, 21.90674248751856;
  -16.32712680735209, -8.932094204698228, 39.95319503479658;
  -9.458547134905183, 1.131765541561767, 23.5594820558233;
  -14.41459721936275, -8.64531647411804, 35.58683065167821;
  -8.763655421723607, 0.911827837742782, 22.02047174428916;
  -6.068938366678272, 1.25757149104605, 15.62980904582752;
  -6.131862742757872, 1.365625455487983, 15.79540333403158;
  -13.70418452514424, -0.6951342084363397, 34.13382093703709;
  -6.101791266334796, 1.073647921184455, 15.79029778180632;
  -8.395349649710379, 0.5731383830499668, 21.43529071482301;
  -6.046463347506777, 1.190031488212115, 15.7795503418098;
  -6.058082051359776, 1.354424801761089, 15.81128725813822;
  -6.065002927124631, 1.290109593150426, 15.96517873655896;
  -14.4545296385512, -5.842762131569504, 36.71631722805729;
  -5.984285476999237, 1.057214528565976, 15.80846739083753;
  -6.163776718513417, 1.047213381071577, 16.37120483729655;
  -14.90237008783353, -9.488318435956183, 38.3681080423108;
  -6.245206272856928, 1.315302355173462, 16.6645665189018;
  -6.103414849100409, 1.275382744784572, 16.53759976925145;
  -6.158505297818415, 1.610793876504509, 16.79484070064476;
  -6.13415931337783, 1.035270188256834, 16.7716031823858;
  -2.274611316394656, 1.204961761573268, 6.828743123843716;
  -6.084735002631297, 1.239559209887133, 16.72721336322831;
  -6.193092013580975, 0.8077003198834643, 17.02528444936412;
  -6.20903458947932, 1.220011983274076, 17.0866301612916;
  -6.123925614750319, 1.104282021419771, 16.91595664745038;
  -6.21402051952615, 1.145128827164706, 17.50805240652738;
  -5.041913626015984, 1.817852739652164, 15.49506056651103;
  -4.936816512465679, 1.915465694196281, 15.34448889031695;
  -11.53615522492022, -8.009741700360246, 34.73429255977336;
  -4.981804327289551, 1.92224927558435, 15.67634522155064;
  -11.49062851987999, 0.5766520028011533, 35.00433906511334;
  -11.71275861879437, 0.7361680463586481, 35.79035990099673;
  -5.258026597146928, 1.855083216227655, 16.7457691265604;
  -6.434158841087099, 1.790270851704609, 20.39196650698089;
  -6.558195939698611, 1.812832103340675, 22.22436620846492;
  -10.00123786920673, 1.415377704459795, 33.72648252350808;
  -10.74810064125698, -5.014337756482807, 36.40300545283328;
  -5.003012562187851, 1.956312649872177, 17.54615550331592;
  -3.799931322059399, 1.88484983579918, 13.5929461606837;
  -3.780339895457809, 1.93289342364497, 13.84584951475599;
  -3.181997378607004, 1.998611478278813, 11.84686690818389;
  -5.698698524938191, 2.011528518207691, 20.58545431400575;
  -9.622690050635649, 1.239292901887299, 34.14951426628453;
  -6.664352393072578, 1.841484630447774, 24.20920192867071;
  -4.184789764350527, 1.857519446979931, 15.88208065617637;
  -3.624548201070521, 1.948285537729549, 13.96079452400339;
  -7.042802446357496, 1.934908001425483, 26.31645279077753;
  -3.348421072362664, 1.975572138927851, 13.187627763111;
  -3.349589364392937, 1.913668190950097, 13.36682588884426;
