m=[-3.635005804199845, 0.1542589946619923, 6.186062694123685;
  -3.635216590716695, 0.1476532666795626, 6.289066929977587;
  -4.87711010350715, -0.3385945984533352, 8.462628185156397;
  -4.946803892770125, -0.2197747482407671, 8.571300510599158;
  -4.689672600922238, -0.2809890864924856, 8.301020467331529;
  -3.64468039178703, 0.4595463494004404, 6.757301485254181;
  -3.457802101518315, 0.4032383206491637, 6.581771085055056;
  -3.428508608183785, 0.3784910064457034, 6.708047452028377;
  -3.369836854184565, 0.4223079000216595, 6.731074223269612;
  -3.241954188652688, 0.4655886694288575, 6.55856396504466;
  -4.263100618030896, -0.1325978306097007, 8.330078946495464;
  -4.272329998715582, -0.04946355791812257, 8.365943875723568;
  -3.219683074667653, 0.4528955523101787, 6.782538107244198;
  -3.231281091774473, 0.4852477758860738, 6.904984090142414;
  -4.776642930130912, 0.1276510646868868, 10.45270056820954;
  -4.95836906179152, -0.002899362039050197, 10.84577531005666;
  -4.774078241060357, 0.12565705703577, 10.52869703452732;
  -4.728045852856617, 0.3143322133403416, 10.45077616570634;
  -9.573651283399979, -3.927181823805468, 20.18231986808304;
  -9.924156967512586, -4.552516375558588, 20.90055192111942;
  -9.456147025342066, -4.092704336488258, 20.03946872667036;
  -4.88331926793014, -0.03414182318171528, 10.85582733127912;
  -4.755809645566009, 0.1074431357730441, 10.60718353386593;
  -9.567148475731228, -3.817905111387659, 20.33191638011757;
  -9.288572844480413, -3.892669799562921, 19.80353084982349;
  -4.767847319460836, 0.1733693512855329, 10.67768281368097;
  -9.690253980809095, -4.491765293033353, 20.66608357426372;
  -4.737028519703058, 0.2635613693380925, 10.64921787230132;
  -4.641807031900491, 0.2528493637724208, 10.6313144576345;
  -9.509514028890703, -3.182094252310161, 20.74291401124762;
  -3.183670276069591, 0.6878812669266219, 7.752491129275384;
  -3.189394543499662, 0.5782027428157635, 7.832796959737915;
  -3.182775356632329, 0.6744324870666731, 7.818539746009718;
  -4.586144732511484, 0.1428141022434866, 10.88273226037842;
  -4.553411812437226, 0.3477963251090872, 10.82251330887585;
  -10.73958449283321, -3.612061447278688, 24.1524989554472;
  -3.188011990914396, 0.6177874932352455, 7.899266316110654;
  -3.191853233181787, 0.6969941218891014, 7.943386609920052;
  -3.17786691392356, 0.5830140455933864, 7.939697784543847;
  -3.127753835679395, 0.6481156698437858, 8.055147744197727;
  -3.136162526545708, 0.6984538888866387, 8.078613971973091;
  -3.138194518136617, 0.5238861243540912, 8.134877844643563;
  -9.140274869027877, -4.540337045806876, 21.73114869003474;
  -3.109658756569131, 0.6952363651075695, 8.116051822682632;
  -3.12901165098788, 0.6158347744212437, 8.165830838490386;
  -4.41243198169977, 0.4590981867095244, 11.08713534488874;
  -8.868312762807095, -4.615097938874905, 21.43895199923836;
  -3.161383995560194, 0.5585062917416394, 8.351312115007806;
  -4.378461399708012, 0.2989112296188778, 11.17923575578652;
  -8.299223562476731, -4.540262812959409, 20.30856387295906;
  -3.167122975305189, 0.5380878819437076, 8.411988516374173;
  -6.947085045441377, -0.352385539989071, 17.30351459733926;
  -7.229694011779867, -2.922362985939135, 18.36432906750066;
  -3.185029945648339, 0.4153901960922222, 8.755891352089099;
  -3.189895558172398, 0.6267819497989665, 8.77826735705289;
  -3.150065185481604, 0.5039581371588757, 8.714978437837328;
  -3.161515078773288, 0.5826086416745944, 8.907593965816215;
  -6.025630833792434, -0.230979755084281, 16.91710685958988;
  -5.746266981344487, 0.288373813293987, 17.50507184403768;
  -5.810249495515127, 0.3651846810115488, 17.75422232516528;
  -2.753941208420502, 0.7648155740689855, 9.55773184947668;
  -5.106145673319183, 0.7226230228951701, 17.21910178178226;
  -5.0365793773488, 0.6486540706699789, 17.87408078146357;
  -4.394662288192953, -0.9016690819591362, 15.91505867515323;
  -1.630334042176726, 0.998266041930607, 6.853828774227952;
  -4.904050955362762, 0.6524837550688016, 18.92717219528855;
  -4.062980377617967, -0.8827421384847468, 15.96316981005242;
  -4.264829445137908, 0.4935354706171457, 16.78129742235071;
  -4.849321189430131, 0.3480486490488546, 19.03727693071658;
  -1.888848775235869, 0.9972179143227006, 8.072865841333798;
  -1.873728077898436, 0.9949744121474401, 8.286170630723058;
  -1.554666968796833, 1.042727529298146, 7.104163273356701;
  -2.729362367149678, 0.87474807063377, 15.04528562849538;
  -2.501432009164043, 0.8793378652627537, 15.56984611657176;
  -2.350701922964922, 0.8989722667342792, 15.0525401896523;
  -2.643442835982288, 0.6842520151378055, 17.8192441657255;
  -2.233415888504967, -1.5616041808846, 15.9349778108871;
  -3.024860989004383, -0.5066806764088637, 21.41326983168509;
  -2.721049514248867, -0.3713962703656969, 19.79581766513245;
  -2.76055790410606, -0.5990295938692186, 20.08118477350921;
  -2.095778894430938, -0.8970682061706126, 15.53414103633282;
  -2.235686584651748, -0.8526519814517719, 16.58546222381151;
  -2.336179878766426, -0.2836721030445185, 17.64852303988061;
  -2.353647771362422, -0.5430880620226775, 17.93062873577951;
  -2.317336214789515, -0.5487399437016812, 17.66580287681462;
  -2.420129229322031, -0.4008492687377042, 18.4718570713652;
  -2.15953560973477, -1.991721190826455, 17.41791619603186;
  -2.158274639271914, -1.024529919953064, 17.42509629550647;
  -2.300976741384801, -1.811033544458042, 18.53188022871724;
  -2.015962087993725, 0.9130592210050152, 16.51063909526091;
  -2.127765007028417, -1.772581991596113, 17.39887210542515;
  -2.011280194186214, -0.8131045510401604, 16.55974137328608;
  -2.166032375041449, -1.88418227988181, 17.80498147103923;
  -2.049805571040172, -1.466295074260321, 16.92460637671051;
  -2.686549058587608, 0.4900836904246103, 22.07529408497646;
  -2.013168075618475, -0.5233579893095093, 16.89411123587031;
  -1.98370637585585, -0.8879270813613863, 16.78059493057397;
  -2.256675423351166, -1.420934782320869, 19.04958227688335;
  -2.291687533140875, -2.161747038756978, 19.5298752716198;
  -1.849822429866991, -0.4128333928124083, 16.12085436044399;
  -2.081385090330067, -2.412241781776871, 18.17034055454492;
  -2.777398676624934, 0.3622054218922011, 25.38102503184046;
  -1.774665157044104, 0.6086586462072774, 17.35032667074174;
  -1.647364866670345, -1.575961455140907, 16.21609232305043;
  -1.704430225801881, -1.122595838219982, 16.86525988013309;
  -1.78900444165197, -1.497288827938031, 17.82158457986796;
  -2.770297570185208, 0.1081372111105312, 27.20317037866056;
  -1.470493533875734, -2.182587628550983, 15.05762637048495;
  -2.36554552009944, 0.480690307002987, 23.53189302091745;
  -2.263777114695573, -0.3111415414237723, 22.79082994562042;
  -1.433361071611, -2.009607862807533, 15.47857084468893;
  -2.131520619403071, 0.1564796552793504, 22.53722849327995;
  -2.125390648165432, -0.03981183749640054, 22.54267864661933;
  -2.006378063724921, -0.1409722767088468, 22.7528781303644;
  -2.069247201573488, 0.5342409617403372, 23.5828628847833;
  -1.521092905233794, -4.190441699945143, 18.0797568551165;
  -1.935588025527041, -1.626910555579346, 22.48824057953381;
  -1.413631570492073, -1.337734136868326, 16.8230281487035;
  -1.358167249281636, -1.708871879923234, 16.54785882514159;
  -2.08392173781932, 0.4259036609956822, 24.71122658303922;
  -1.706032345030038, -1.357510377848816, 20.52479567674767;
  -2.100145326906863, 0.2172925867595949, 25.0106517361759;
  -1.525192823597793, -0.6546669485514693, 18.85546634052408;
  -1.024387044865336, 0.7446658913767907, 13.14601020372417;
  -1.392373381743298, -2.04774775421145, 17.46795926307716;
  -1.283665312548336, -2.760389570494418, 16.11831417397269;
  -1.327100453752874, 0.5861192355193341, 16.82594203576991;
  -1.659899558874522, -0.3002948838342811, 21.84217486024833;
  -1.640289312463709, 0.03773900343733484, 21.753847820334;
  -1.264086961486437, -1.764140385651297, 17.16092865081647;
  -1.141292508651073, -2.662839004165309, 15.95062038333503;
