m=[-9.975410839909845, -1.54543190965752, 13.25757714121917;
  -9.857150486554309, -1.469210836381388, 13.1514646809608;
  -9.812832094624058, -1.797048823903243, 13.13812632603148;
  -8.172372859161788, 0.2196213848803666, 11.296062146512;
  -7.678348437140738, 0.9289775624018829, 10.87186643928832;
  -8.16867728250821, -0.0113527517273622, 11.57309248895701;
  -7.66340588085606, 0.2422622423316252, 11.03350779702942;
  -8.218855901074912, -0.02655915237731543, 11.79623688669555;
  -7.629462745819192, -0.02866151018891572, 11.22289106929765;
  -7.400950933729566, -0.1190502110332098, 10.99874551186554;
  -7.564712248793932, -0.08440580588466942, 11.26839848769216;
  -7.49068402235191, 0.5409748160118841, 11.19255366142613;
  -7.520919970255052, 0.1880897695110532, 11.3283874891233;
  -9.684042408101247, -1.058573152268006, 14.32187842628097;
  -7.409205745467894, 0.04264479594340839, 11.25952342184897;
  -7.451008499611916, 0.5660105309545754, 11.35949617949954;
  -7.378866574835822, 0.6016124865612265, 11.27615865518435;
  -7.35734180802283, 0.07707909658361591, 11.27005884774508;
  -7.44043585551294, 0.403380916844312, 11.4170571636024;
  -7.3306247039457, 0.6443061923075627, 11.28179611579614;
  -7.464661280538494, 0.05788165277587166, 11.56522168486078;
  -7.264263257258703, 0.6391672675125335, 11.29498113916354;
  -7.299840164937338, 0.1564255917482979, 11.42943672739628;
  -7.390513202755326, 0.116188043021437, 11.6087378488301;
  -7.443078616450262, 0.7358383900042531, 11.70751055734518;
  -7.181406570270948, 0.6444664529303895, 11.40285551943954;
  -7.411079928603707, 0.4327528866720582, 11.75377837401111;
  -6.883217535250236, 1.165359032462097, 10.98870384885713;
  -7.326958375367793, 0.5070212073305083, 11.65247712967687;
  -6.862753958419999, 0.9800019741731353, 10.98456056358109;
  -7.286908035888787, 0.7732782596049699, 11.62300612827155;
  -6.820037575232824, 1.04660103942771, 11.01713382038376;
  -7.285375930330944, 0.3235285038220763, 11.72599868911455;
  -6.839962578468913, 0.92032747577914, 11.07191563980449;
  -6.738118679940727, 0.965037995740945, 10.98424207433713;
  -9.795269759265013, -0.6012854417519903, 15.63114869391628;
  -6.725437152573094, 1.389604658539403, 11.09589703985666;
  -7.544269678886076, 0.6552230998895817, 12.37314232088326;
  -7.219391823886038, 0.8657201043104018, 11.89245669505251;
  -9.221918039713442, -0.4576340581475004, 15.0099622699576;
  -6.637580980032067, 1.185038946360756, 11.14310798543276;
  -6.676170904497898, 1.154014671902802, 11.26513284193301;
  -6.761164139870878, 1.119438800730865, 11.42312177962302;
  -6.69620673151946, 1.430459045472229, 11.32655082797796;
  -7.338190577361679, 0.6697961385514489, 12.336393728773;
  -7.021535290505744, 0.8371926400392046, 12.05044535200264;
  -7.211174972896291, 0.628447808864806, 12.41507350228948;
  -6.590929979363812, 1.104519364006566, 11.49213578614834;
  -6.618227228952046, 0.9772578090987867, 11.57902089577517;
  -6.591897332984475, 1.089020282363463, 11.61596747772464;
  -6.868853058883487, 0.7770700104351501, 12.14588290637528;
  -6.513581176977943, 1.140475673864954, 11.59419233263802;
  -9.429221774818787, -2.85082967364495, 16.56602720519852;
  -6.69655879054599, 0.8490681331219487, 12.095545578568;
  -6.588362703484132, 1.099299103849503, 11.9207646461753;
  -6.584172581233484, 0.9503944097662722, 11.99481501926703;
  -6.494953286601968, 1.044879806922949, 11.85471707910022;
  -9.206048211137441, -1.313880898068934, 16.40732033709393;
  -8.588040819896161, -0.2353012234060517, 15.39277896608932;
  -8.62939871910134, -0.06230424515593688, 15.50143412879044;
  -8.635986063680011, -0.4299781138685229, 15.55480209571079;
  -8.50823504618252, -0.2008323509036138, 15.50899575309586;
  -6.743478720845763, 1.218967374598273, 12.50595250348888;
  -6.501632606010306, 1.216179155608543, 12.18720749043513;
  -6.645121533621598, 1.184935617203401, 12.44171015619989;
  -6.545197570430015, 1.016329249506992, 12.28755678589138;
  -7.975762651096283, 0.8802291945143042, 14.83315089960731;
  -6.546121802402684, 1.097446334796732, 12.40012174529313;
  -8.414647962922725, -0.2743117012554716, 15.77318916308302;
  -8.516706648247833, -0.7309752180735072, 16.00321556072453;
  -8.347418564756829, 0.7341283912633939, 15.74255691144026;
  -6.5622615114599, 0.9932423375977428, 12.67244928401933;
  -8.355425119709832, 0.5020864618266849, 16.0087233264555;
  -8.594078450612013, 0.8567960346549101, 16.44193492926542;
  -6.504549652950964, 1.060689860938068, 12.82879129081208;
  -6.494436964660164, 1.278835055079335, 12.87411651158292;
  -6.527072911088633, 1.102767345064313, 13.03071092941719;
  -6.539519367514668, 1.387323481319781, 13.19952830682013;
  -6.639220879838716, 1.218090514734593, 13.49720670773808;
  -6.515743063976043, 1.127321597862623, 13.41232588489188;
  -9.640020732074762, 0.1108917679650138, 19.35697887356175;
  -6.423952972494006, 1.3110942746602, 13.25111540583757;
  -9.603269965800614, 0.8404240637482726, 19.41029323184324;
  -19.93804290566285, -9.545537016677509, 39.21756202361141;
  -9.694520605117759, 0.2819026074586977, 19.6732735775048;
  -6.595069940456305, 1.475743356412003, 13.73635348404682;
  -6.578708257327828, 1.266564832201381, 13.71442341028301;
  -10.07009384813243, 0.03281969818493806, 20.4638558759903;
  -18.51049508094729, -7.963498577012952, 36.79173330960409;
  -19.65661962775436, -9.266002720658586, 39.02760370331207;
  -19.87088751250386, -9.490111993999548, 39.472555993339;
  -6.58412240910398, 1.365490750235002, 13.76562284223033;
  -9.168252220157628, 0.9228283415806106, 18.80603346481832;
  -6.298542839429737, 1.375115957249315, 13.24714495315921;
  -9.591552736123097, 0.2748283389449979, 19.62893712026997;
  -9.488502309498415, 0.463362443143357, 19.44015207348765;
  -9.586868993960694, 0.6523916808408804, 19.64926481886707;
  -19.44063050908579, -9.252086383446025, 38.92079072567486;
  -19.63737699595074, -8.355646242973741, 39.28385305321768;
  -19.15851606444189, -7.66037360167222, 38.4089083675397;
  -19.9333530749531, -8.907147028227119, 39.94717209261874;
  -6.529775656169668, 1.222853961853421, 13.81224146219651;
  -19.08415042912743, -8.07020721814582, 38.45764575827727;
  -9.84209778069603, -0.0417412776132883, 20.32969594530259;
  -6.495368932859356, 1.459876293151119, 13.79175731669255;
  -19.03382931126374, -7.41967097209047, 38.48951680679116;
  -18.93558558156583, -7.744975092165033, 38.35915724308144;
  -9.676266066992007, 0.3740594662508615, 20.11009591956567;
  -19.27326874838297, -8.731234406429266, 39.12926189563299;
  -6.406223705654488, 1.389126710470102, 13.78159809795258;
  -6.456950361698024, 1.541061791919824, 13.94681715674374;
  -9.639370303896632, 0.7738278260196529, 20.40254802519159;
  -6.485812474109147, 1.204327387931052, 14.07518963010007;
  -8.688883187528509, 0.8335455675094224, 18.53229698331012;
  -9.183550512864851, 0.5028763067874804, 19.53215420241122;
  -18.84657148654292, -6.13738979656335, 39.11184061005135;
  -6.530888810661224, 1.540838419333803, 14.3774203025912;
  -6.445589955759847, 1.394253958937154, 14.28206699624196;
  -6.519338653067043, 1.293224650346668, 14.49534561230871;
  -6.480806164715196, 1.171758301845832, 14.48209813166988;
  -6.512309152665239, 1.375875308244156, 14.54952207029387;
  -20.44447436944221, -6.224674471331165, 43.59907410025397;
  -20.27826451911712, -7.397769922105694, 43.37601058802706;
  -9.216526481814679, 0.7169574316265996, 20.32454254845432;
  -22.27347230284217, -7.291327758477995, 47.75139939968506;
  -6.482826349353323, 1.251490138971497, 14.62155397109385;
  -6.474474740806493, 1.003208470025203, 14.67274104307712;
  -6.466969564662874, 1.400762795229192, 14.65674211809903;
  -6.491491787257333, 1.452815741751582, 14.71191303980098;
  -18.75777298327447, -4.809491634951644, 40.67572455556165;
  -6.474500903884534, 1.551666057471676, 14.70695695997101;
  -6.4865131803236, 1.187153522779164, 14.75061824857704;
