m=[-3.775506210980943, -0.03108704378153332, 5.852916199347535;
  -3.715372766822858, 0.3269078466818669, 5.776919673759496;
  -3.705146511989374, 0.3325034736306687, 5.883144192040387;
  -3.484536165270351, 0.4520843993581251, 6.151171751150738;
  -3.480914073312383, 0.3937941184772397, 6.155143279259248;
  -3.34035145892307, 0.5373811994389826, 6.096875488231575;
  -3.328556505530789, 0.4549740884841631, 6.15356410131318;
  -4.40747040540457, -0.1207589950102497, 7.899731635275683;
  -4.396530433519218, -0.2188993647547181, 7.918859560088211;
  -4.362013203173786, -0.1029629954404061, 7.951172467117464;
  -4.336169309041102, -0.1521955571328198, 7.970002187464559;
  -3.355162236769104, 0.5408252638360882, 6.43093955782624;
  -3.366385060495138, 0.5095249802070833, 6.500860088417044;
  -3.360717929442805, 0.4192365205667507, 6.512247224097618;
  -4.303477162219786, -0.1402903777893221, 8.066832936778411;
  -3.348846042652955, 0.4598618905781156, 6.59178159482507;
  -3.356047549851305, 0.4155605581993657, 6.628981918666669;
  -4.289498652153573, -0.08744311639948663, 8.20668903774347;
  -3.369570796810312, 0.6182114288116638, 6.850170281126619;
  -3.334170085461618, 0.624401711971153, 7.052671442535029;
  -4.942847092225915, 0.4325701198163198, 9.990566942503957;
  -4.96372288259886, 0.1443378667500418, 10.07297649981135;
  -4.868514903118301, 0.237749529525908, 9.974669025892233;
  -4.887609884984675, 0.3326045271056018, 10.01765446277361;
  -4.966920327196315, 0.1523371595971323, 10.16346519382808;
  -4.908554130620623, 0.1897520309437073, 10.20140348660821;
  -3.323566597599087, 0.684793829282452, 7.306340768105964;
  -10.19454155097448, -4.676037203557649, 20.32915150101049;
  -10.09017141940494, -4.50875675731572, 20.22107432800492;
  -3.32391085115932, 0.7189994857246108, 7.365084932740914;
  -4.914493234413318, 0.3945249010754398, 10.40194339188986;
  -4.721653286625018, 0.2585500633314696, 10.04230988390479;
  -3.343069020200463, 0.6631561105817984, 7.433106858286969;
  -9.622719763661927, -3.935855300984198, 19.49342516662175;
  -3.330127462427785, 0.7035661301467829, 7.440028087679978;
  -3.327398082843993, 0.601608230214627, 7.435449284262708;
  -9.911178765875196, -4.489992132556192, 20.12202053981658;
  -3.325002875208583, 0.6418818098977011, 7.4993076127597;
  -3.33062085463549, 0.7982099944328562, 7.565571197884502;
  -3.322605817914639, 0.6080991577276234, 7.555752782439403;
  -9.653331500600114, -3.143609345441451, 20.03332878221641;
  -4.714461368537645, 0.3667399123692486, 10.39646236214376;
  -3.298215259739223, 0.6350996362069136, 7.672760892129208;
  -9.896805632326327, -3.0132539606568, 21.1055346458085;
  -3.286628868314799, 0.6783451942902193, 7.707912996538986;
  -3.286433060092398, 0.7252102990835131, 7.712955148187668;
  -3.319855796228181, 0.9521279820871884, 7.786979909771727;
  -9.963868564960508, -3.634946526522995, 21.3131093128799;
  -3.276308648572291, 0.574378768786481, 7.724165501152918;
  -3.292691487968609, 0.8359679109697505, 7.759366878182557;
  -10.61259321187843, -3.474083179447974, 22.75200607415522;
  -9.328219000750405, -2.649115979074232, 20.13114111342057;
  -3.280097490906093, 0.6390831878998982, 7.795658358330706;
  -4.659382890997169, 0.2165894510887863, 10.64466846960896;
  -4.69176728996434, 0.4112123730789822, 10.78895515755244;
  -3.289223603540949, 0.5957891234705962, 7.925753020434298;
  -3.265586793520658, 0.7851004869223212, 7.906192371478015;
  -3.296653894824771, 0.5570813950546983, 7.99091700114281;
  -4.653818425041574, 0.4941786881010717, 10.85875061815956;
  -9.343250443329835, -4.299530553645552, 20.83580122620207;
  -3.312928153722109, 0.8586688063847785, 8.256088072966977;
  -3.335721625340467, 0.4388000653504108, 8.384758649955709;
  -7.025286885165627, -0.3283661522917494, 16.51162322053154;
  -2.850672067313478, 0.9843526142267501, 7.40828657497039;
  -3.287328508717927, 0.5870811777302833, 8.472450651312034;
  -3.153638524374632, 0.7569710177543352, 8.204715185540195;
  -2.159357216861659, 1.029681720590159, 6.084420291443597;
  -6.910518754296096, -3.806731060611688, 17.79282142653113;
  -6.00538444040921, -2.756804420997296, 17.01736157946687;
  -1.748724885577619, 1.071844854223091, 5.754529399573015;
  -5.961053386530305, 0.2991635989041416, 17.07066295809923;
  -5.956204372544276, 0.3805575433212493, 17.11830294742811;
  -5.363749156839628, 0.7518141846205918, 16.93858313047552;
  -3.018610607373182, 1.047764125854891, 10.009502568102;
  -5.387416819840337, -2.409169925863151, 17.11456165180835;
  -1.75804171722197, 1.094945988744665, 6.449198942522062;
  -5.308429024705878, 0.6810992996808362, 17.62308592069219;
  -4.622574608104367, -0.9005147172196322, 15.61288141178353;
  -2.059488073472815, 1.02991897703503, 7.645272088641223;
  -2.00988179174503, 1.032658646645125, 7.72549498494568;
  -4.250351691717262, -0.8746781603538623, 15.53489593524034;
  -5.200523132201528, 0.6852855061781673, 18.77248468358554;
  -1.666556309607845, 1.0821552782475, 6.758902547054983;
  -1.998627027584168, 1.058788844882869, 7.887876083623369;
  -4.435558096697974, 0.5119663160206259, 16.26631387570926;
  -1.803599147633014, 1.044976940003767, 7.528115335673673;
  -1.786334491711077, 1.064886642959156, 8.871252367304448;
  -1.717873927578209, 1.096550092888457, 8.690134805252901;
  -1.674663479543041, 1.086404930958817, 8.742894046702572;
  -2.929743828491667, 0.9076564104338329, 14.76982171916804;
  -2.661022255854483, 0.897257069770672, 15.09332806185155;
  -2.603077284084196, 0.9005128860331595, 15.43126924078871;
  -3.146819222848873, 0.1123403872622863, 20.0716864608099;
  -3.157137403595652, 0.425660784444483, 20.23787271867023;
  -3.106268221510426, -0.4690872308058246, 20.0606236807652;
  -2.927316929541746, 0.5526511286926451, 18.99392200326868;
  -2.852641991969001, -0.35069434431615, 18.8684369427904;
  -2.636675145585831, -0.9248295853727946, 17.66968078916892;
  -2.637894209971894, -1.896354072391668, 17.94188787967281;
  -2.546258744337377, -0.3762162656910644, 17.57575885830923;
  -2.589972618230555, -0.5658179874362742, 17.86120412271366;
  -2.325632570019879, -0.6733215328887816, 16.19526107968542;
  -2.673248821572948, 0.5037785422976141, 18.72068447042258;
  -3.009445458300195, 0.4539585627674629, 21.03169763242423;
  -2.433404635086627, -0.4754286974916918, 17.46322565560597;
  -2.38538219169001, -2.003532073877364, 17.21605339768181;
  -2.285503070783114, -0.9870260094159036, 16.5991147816651;
  -2.607355128371037, -1.792807240112343, 18.79857034880416;
  -2.495498590042006, -1.801910082811806, 18.09065482100388;
  -2.120741285999197, -1.384625881266718, 15.67069291727674;
  -2.271318102688254, -1.746389090363127, 16.71505246258387;
  -2.184493211498627, -0.8025674242500235, 16.12140658118979;
  -2.410252176157155, -1.922310176376943, 17.81153764334444;
  -2.398646788546682, -1.827789112748994, 17.88990074739956;
  -2.359404534627295, -0.5465144600661849, 17.70682014207517;
  -2.213347483289785, -0.9016946774082821, 16.74050105978954;
  -2.930112878177358, 0.519084168672788, 21.76281366928182;
  -2.39806077292789, 0.7119277929533412, 18.1997214299596;
  -1.987052201567619, -0.3954773058256518, 15.46210498049935;
  -2.842890785634438, 0.5389976761117502, 22.42324802518973;
  -2.894220613475908, 0.370550991476801, 23.78637171254709;
  -1.840432663636887, -1.595739326812106, 16.00847528141667;
  -2.190988343135729, -0.9925993221352321, 18.95239843879303;
  -1.913277983276261, -1.439869486866733, 16.86126427946928;
  -1.676750750933054, -2.256727203005381, 15.10063944883892;
  -2.312754574315843, 0.4382994573953726, 20.50520750367094;
  -2.465242914605715, -0.2853346550185715, 22.07404345577742;
  -1.604329173215842, -2.017722392882632, 15.14721821155159;
  -2.425613080964008, 0.1837491030499568, 22.70498772198042;
  -1.56900654608697, -1.948227959836847, 15.18380735199224;
  -1.846831249498597, 0.4598398190848517, 17.77119037560068;
