m=[-1.128657361252655, 0.2995850457242833, 2.509669808944708;
  -2.87323112296846, 0.3170984428274489, 5.343573107780641;
  -3.296165526870012, 0.2884618298500697, 6.662266045324709;
  -3.268831082300677, 0.2224457438096286, 6.699802367668945;
  -2.25117355954678, 0.4557826262205022, 5.134356585932954;
  -3.148567227301409, 0.2449283552804631, 6.943308707919696;
  -3.270187027860771, 0.2899474534048184, 7.353151427698426;
  -3.122652522935921, 0.1451551872224351, 7.133906276873323;
  -6.615334553004307, -2.413358546277238, 14.15046249859992;
  -6.777162068263952, -2.218536438332143, 14.52934541673472;
  -6.726014318864737, -2.80100437456971, 14.54985703665004;
  -2.215036866643693, 0.5741093600965423, 5.520053139496218;
  -2.226935702830784, 0.2929439688581848, 5.597684847367859;
  -6.339216927024984, -2.917149339969674, 14.1366930729725;
  -1.443960011994468, 0.6885471370849641, 4.068645765697387;
  -6.381440081810431, -3.078978953032194, 14.41730050303437;
  -2.207969021848233, 0.3943192930980265, 5.690611244852629;
  -2.170766768786943, 0.5210513245495663, 5.647610826184997;
  -4.571956850987785, -2.51850993698727, 11.77162159770701;
  -3.644952558132688, -1.629966712787498, 11.57916072956226;
  -3.502573872304789, 0.449398607460776, 11.62795245220763;
  -1.348113027437682, 0.668268549154746, 5.317093337068824;
  -3.369423813555784, -1.905801742155702, 12.3107228382147;
  -1.966844161313929, 0.6093429377612294, 9.915521394561388;
  -1.793079947976352, 0.6045998512211579, 10.17035608642228;
  -2.262475232465688, -0.3219345145812504, 14.02158172578779;
  -2.161766256317991, 0.07717432785523856, 13.78862000820355;
  -2.081068326263108, 0.2805798617541493, 13.34005794546752;
  -2.081621843556033, -0.3143521925816855, 13.44334406155471;
  -1.887177493838901, -0.2320033413492641, 12.48249504936106;
  -1.856878312816036, -0.7281618017098603, 12.34719345212459;
  -1.718039932167196, -0.6026127870853285, 11.51344610475131;
  -1.583150606890168, -0.345862764684785, 10.91786683288639;
  -1.763841956558041, -1.268007209966835, 11.99693850587142;
  -1.68209358443727, -1.349805601962945, 11.57433782415042;
  -2.023752964328091, 0.3050037951313585, 13.6601127223947;
  -1.684318706059244, -0.2488624124458789, 11.62614737566289;
  -1.516989883333967, -0.5372315813042182, 10.70604156565199;
  -1.786036221685427, 0.3365817341769171, 12.50756019757444;
  -2.045137641959381, 0.3084979467047412, 14.29257220254571;
  -1.492284719429211, -0.6444637289530558, 10.83814135337953;
  -1.656316051960719, -1.138876472007347, 11.9417464402288;
  -1.600998832463458, -1.344712190044553, 11.55491203268739;
  -1.459285735525859, -0.5361313039752266, 10.76942630753409;
  -1.545809677836341, -1.188554414265439, 11.37590099406287;
  -1.607288451885296, -1.281901942874043, 11.8777109912673;
  -1.462953341415069, 0.5829974279174965, 10.931597226641;
  -1.608838859819615, -1.225948800042999, 11.99925210254533;
  -1.456990518310581, -0.593562739386177, 11.01984731273585;
  -1.568305081943743, 0.4655928608108264, 11.90241545618425;
  -1.894175664995953, 0.2425138800502577, 15.56742642446454;
  -1.111289060823778, -1.495676237250989, 10.00815143312179;
  -1.700954436856798, 0.0745723738324368, 14.92751286751373;
  -1.582339168082625, 0.2998754846225833, 14.02924172891042;
  -1.605986413755539, -0.1858817143813756, 14.38017068281394;
  -1.088796643302312, -1.369350757415264, 10.27983572164725;
  -1.165018329854092, -0.6366603794307829, 11.10426065161101;
  -1.068087821744089, -1.326239564183262, 10.33624732848778;
  -1.668528337406617, 0.1263971520511646, 15.61828459448178;
  -1.284443541262672, -0.2103845135275272, 12.43257934429146;
  -1.448096819680311, -0.9554590775144343, 14.14239449798181;
  -1.024148241735028, -1.60126301697862, 10.39908531952747;
  -1.565239232453785, 0.1895573325623535, 15.43176865955015;
  -0.9273696943486028, -1.123233852458566, 9.679266270309935;
  -1.441049086451617, -0.08060732529316114, 14.38060934716244;
  -1.503922473006415, 0.4823727522873977, 15.36364116653178;
  -1.125233618218432, 0.549704251082063, 11.81025956675007;
  -1.49072397390717, -0.1592040993141279, 15.40090481164252;
  -0.9867025282599236, -1.880609693994314, 10.6773419433645;
  -1.499760786724215, 0.2905032578688329, 15.60078685730185;
  -1.533682572351623, 0.1585439026345137, 16.02771059457667;
  -1.541893510132637, 0.01536313884829537, 16.12646855905251;
  -1.467972914877643, 0.401050258906111, 15.53428840741705;
  -1.176103952913819, 0.4691589429721536, 12.79242552943375;
  -0.9128278905002819, -1.869309489102645, 10.46352994475513;
  -0.8537938265981837, -1.743406850810758, 10.16610201314771;
  -1.063568663997685, 0.1352746600054657, 12.53946050547127;
  -0.9302654102706427, -0.6217036337872277, 11.22117371499634;
  -0.8527678075208777, -1.84290329509249, 10.42600706409494;
  -0.8382828904334991, -1.824930147273956, 10.76070439964334;
  -0.859504300968052, -1.138577643108869, 11.32384100243251;
  -0.8479733433436473, -0.2975759547453501, 11.35388558234457;
  -0.8368362402145545, -0.2539461427777706, 11.27991168067972;
  -0.8690793587805729, -0.4015866531392927, 11.6918836131435;
  -0.7734397014596002, -0.9662582898630374, 10.70875391219822;
  -0.7840105403958739, -1.615962528175395, 10.99128915569245;
  -0.8697682241912137, -2.585585160745183, 12.16141621254564;
  -0.9185551345531341, -0.1849590074894082, 12.97698939477875;
  -0.7686317975454307, -0.3309257805447546, 11.39198468944203;
  -0.7682763954343616, -1.644094433550661, 11.65991099522435;
  -0.8006867976148376, -0.2513189270760276, 12.16242029101217;
  -0.7255819555836732, -0.9053781490819658, 11.28838449533466;
  -0.9243655419856836, -0.03591639677667175, 14.30103451653731;
  -0.7000999573268955, -0.7752076166575284, 11.14774008653565;
  -0.7956912305676557, -1.905604702603045, 12.66315258146978;
  -0.9633142577480998, 0.3333755990063593, 14.97348215244916;
  -0.9544549441520119, 0.03235678526773423, 15.24511279323337;
  -0.6850429009129418, -1.598712570983287, 11.4135735191253;
  -0.6725609589377309, -2.296552225557095, 11.50190374600529;
  -0.7183270790034334, -1.83530941441516, 12.24225501646089;
  -0.663847746374984, -0.4409300892655726, 11.46790718578676;
  -0.6686704262082811, -2.489452018712958, 11.61872057790841;
  -0.7818693691416654, 0.3777343305100686, 13.47375568710332;
  -0.6294587188908796, -0.4999585986945002, 11.27984511581517;
  -0.6408114863835208, -2.456838041655434, 11.8671554950434;
  -0.5645600387081928, -0.7423657307580142, 10.77307631064178;
  -0.9375153215772341, 0.03622027560181626, 16.9535173415084;
  -0.625339508725331, -2.361067579590876, 11.9201388473546;
  -0.6212939637990892, -0.9146268558114623, 11.89753625843149;
  -0.65184382739446, -0.1278037156977843, 12.37830112013089;
  -0.6325300502138597, -2.741358441734411, 12.4010756405736;
  -0.6268608500145141, -1.832316273978156, 12.2304995851395;
  -0.7312283638942648, 0.3470650745035521, 14.16750759911322;
  -0.5595904863078348, -1.44368887417256, 11.32150041903211;
  -0.5714761800857209, -1.360959491984353, 11.82263343582231;
  -0.6451109020130798, 0.5673203672085787, 13.63347013506671;
  -0.5367864555631345, -0.4202189376131576, 11.74964168005051;
  -0.5977758476970519, -1.228923754332574, 13.26596519625021;
  -0.623589899306644, -0.8646442119692048, 13.66795911396692;
  -0.6056384556308688, 0.4636310914893818, 13.53838559263762;
  -0.6264495258224613, 0.393628618120922, 14.38680482275562;
  -0.5039168264674725, -0.3611410349936332, 11.95177373994575;
  -0.4770133583058917, -0.4158773979928812, 11.71016262013887;
  -0.4818026834772655, -0.5283504092750814, 11.87332147347584;
  -0.534098690865997, -2.039147898644485, 12.9931154339229;
  -0.7077286284481745, 0.2763586713908979, 16.94722475329381;
  -0.5165053330393511, -1.150490823760728, 12.83345703865456;
  -0.4411177151848251, -0.6680956523894734, 11.2733989122056;
  -0.5172199261062515, -2.151541051399412, 13.18662535168456;
  -0.4963180759556343, -1.078836654099258, 13.03156458250526;
