m=[-4.642650851354372, -0.3001632189617625, 6.920353295442134;
  -4.586873785632156, -0.1026154670690556, 6.867047165765829;
  -3.477425895240133, 0.7357509969516878, 5.46337033670508;
  -4.594691392813703, -0.203696659502478, 6.914224979227768;
  -4.544945576572209, -0.08467048871137248, 6.924103856716935;
  -4.471324640022587, -0.1220701162110112, 7.01535699563392;
  -4.462048152105148, -0.07022056328543737, 7.15967680286492;
  -4.464138882794373, 0.272718140459267, 7.17190173800877;
  -3.481321479407253, 0.7139824775968074, 5.943675927999301;
  -3.469602460346441, 0.753113303243367, 6.074558722791775;
  -3.442273325913245, 0.792444281983573, 6.034077511862053;
  -3.478302306665134, 0.8092644422283067, 6.295220490165272;
  -3.455900093436574, 0.7376615700892651, 6.294290476476372;
  -5.101961724918967, 0.4479555144299169, 8.85722287787058;
  -3.486824568216021, 0.68450794180376, 6.381314178973834;
  -5.186269243797347, 0.165266611561043, 9.046937448162804;
  -3.471845307134836, 0.7249162798751937, 6.384817169556448;
  -3.221256788125803, 1.015160323322759, 5.997110011599388;
  -5.29144514469222, 0.02728224706670768, 9.24298500519806;
  -3.445189017567322, 0.7651012899028388, 6.368955852666658;
  -5.074950162066918, 0.2609006821348958, 8.92606333230812;
  -3.103016626119671, 0.9984750173830878, 5.847337412363941;
  -5.094168973254485, 0.3556174226309303, 8.967814579477857;
  -5.164921381792391, 0.1873691569209434, 9.094470570939173;
  -3.452910156032184, 0.659678114552618, 6.416166227766315;
  -3.424116871511798, 0.7336305333484253, 6.39772914460757;
  -5.127058552951988, 0.1452307372527908, 9.127052112985494;
  -3.459459379026452, 0.8176740048453309, 6.483226106462448;
  -4.97367650607614, 0.2049615317725191, 8.892534643771635;
  -3.500528578904334, 0.9484377099709175, 6.574478519136138;
  -3.449703332711874, 0.7910682589235892, 6.519253152589555;
  -3.435244838100746, 0.7990525530414956, 6.584280628174617;
  -3.42489650894902, 0.830132807648717, 6.568677675431553;
  -3.434264345240778, 0.654316591875996, 6.599223591182691;
  -3.388234316345258, 0.6913981011688781, 6.567126080958111;
  -3.41890930138909, 0.7431346574108012, 6.631395890644742;
  -3.430897652778953, 0.5288526100370247, 6.670570561406833;
  -3.41610603414484, 0.591433864919398, 6.655088014099998;
  -3.434000665858877, 0.6610423900372675, 6.752854225137996;
  -4.901496866078214, 0.4108989033944709, 9.231438310588651;
  -4.912257203114736, 0.3336247408772, 9.285509600159779;
  -4.906782592379204, 0.3870417991603927, 9.312715632343341;
  -10.83520909897942, -4.594128542258637, 19.4336667308982;
  -10.5023261252327, -4.338942236536687, 18.90597404745954;
  -5.052616106213263, 0.1808618416281031, 9.606945417869302;
  -3.416811219005155, 0.6041174980971225, 6.837058458785569;
  -3.428243923687626, 0.7527565903738864, 6.856358902103608;
  -3.393861243317773, 0.8041498748061022, 6.810818082844025;
  -10.30213398368783, -4.241672311389467, 18.73225547863031;
  -3.432318685254679, 0.5732615163817079, 6.90354968869354;
  -10.69264789830533, -4.584019128249123, 19.46075695479808;
  -3.417437226454574, 0.7388598875229085, 6.903585655501606;
  -10.3630286248391, -4.210907809350947, 18.93791213442847;
  -3.435865406432638, 0.681512853852432, 6.970156736923927;
  -3.59036358028732, 0.9773365675615801, 7.276512308178051;
  -5.037708534770971, 0.4158551316456294, 9.866655326318053;
  -3.396162483845251, 0.7494894848108462, 6.97876794154665;
  -3.430876940892675, 0.6983647893437291, 7.056801077032497;
  -10.49814754016002, -3.651856939383657, 19.65325277046701;
  -3.457440651781186, 0.8791613177614623, 7.179371272940402;
  -10.02521999410831, -3.700558144048263, 19.31955148598481;
  -9.184932667760963, -3.62636914998634, 18.04742249894283;
  -9.614696955393889, -3.646858979424108, 18.94063207523339;
  -3.368705935603559, 1.010450914894481, 7.405256700070924;
  -7.4032876607068, -0.4034876537418759, 15.33617746505193;
  -7.394992244028117, -0.3082642664297318, 15.5312690306893;
  -9.765399167617165, -4.71642981617101, 20.34307479107189;
  -2.626684410152308, 1.007611225286811, 6.25087667735791;
  -2.102861053203234, 1.049426189351582, 5.383479359226207;
  -2.699068755665073, 1.030544392877843, 6.768300063063042;
  -2.713772560133738, 1.01484506773267, 6.838845361861423;
  -7.268510523495488, -3.802103328503713, 16.7378682210558;
  -2.1919609820881, 1.05629203767065, 5.753304459765194;
  -2.195342676151269, 1.042132197067156, 5.818029284726574;
  -6.586323689883072, -0.1996488974996957, 15.48576137333091;
  -6.593783736997814, 0.8023272624888777, 15.51186520934964;
  -7.015999446714489, -2.884421721513752, 16.66758200186614;
  -1.932773042907539, 1.072294533526969, 5.349874654404383;
  -2.079821902032081, 1.044014668513164, 5.69925186055253;
  -6.466968229480593, -2.809556922361335, 16.29067985745073;
  -2.370051698052931, 1.029045223136697, 6.629756111805095;
  -6.2629299058621, 0.3085384486925754, 15.94253093773548;
  -6.295799394568137, 0.405094178583512, 16.08700739120623;
  -6.072299666742777, 0.7892890942658221, 16.24112689677347;
  -5.744592473107317, -2.413407101789321, 16.14291908353766;
  -2.130416794682094, 1.042103902422993, 6.61887904317862;
  -3.092594326763089, 1.101444879634171, 9.21279875827431;
  -5.800039556796697, 0.6998844808377376, 16.63765476984799;
  -2.090353759112706, 1.05522386232069, 6.683180359029656;
  -4.942968717443341, -0.8847557698760625, 14.63103003393685;
  -4.684096802180456, -0.881665308695104, 14.05661501869056;
  -1.912736319748478, 1.048279325079879, 6.393224286778649;
  -5.257346990651232, 0.3799737039243035, 16.38504278833926;
  -4.533016931670163, -0.8691353969372186, 14.34943338973305;
  -4.493310849527529, -0.8523989310220167, 14.32778262941402;
  -5.551714187225571, 0.7034404768134873, 17.71629533313487;
  -4.796098532435707, 0.743968045196956, 15.51090922127149;
  -5.03037833579263, 0.3643551142104522, 16.28831485069002;
  -5.100122700006465, 0.6781527169626223, 16.63533863827401;
  -3.445177629367357, 0.9487702656971295, 12.06245267882686;
  -3.152674092566733, 0.9125907294829231, 13.52235022726022;
  -3.37539481128739, -1.794349398576164, 15.05294242477365;
  -2.937444041950168, 0.9151549030055513, 14.05592696110741;
  -2.848710096376525, 0.958752987461562, 13.92890084430106;
  -3.694316667193874, 0.1387267628289936, 20.0163219917401;
  -3.507820688014716, 0.4476864966787273, 19.11044355767735;
  -2.920575558170517, 0.7613734784556515, 16.46031124099675;
  -2.589240311071086, -0.8859589232656159, 14.86645657770394;
  -2.827641158185476, -1.627955712955344, 16.20622740421921;
  -2.462791216582401, -0.6178060318062308, 14.23441113466699;
  -3.095643092090735, 0.7392404639437669, 17.65183886742117;
  -2.597680740901597, -0.7194318838203191, 15.22178606586986;
  -2.22602989194303, 0.9107668358458643, 13.22034396290875;
  -2.440868913329805, -0.4089736315846539, 14.56540741272178;
  -2.751699104821404, 0.6730162580936893, 16.25575831218789;
  -2.451907835920639, -0.9239580548744956, 14.73870007868133;
  -2.587331871770391, -1.555426484109352, 15.55699345179548;
  -2.751483942035633, -2.041518297203905, 16.51763948800048;
  -3.547296205597764, 0.4917680597562431, 20.91087429393829;
  -2.47282006031628, -1.405973831178374, 15.02289437565472;
  -2.530332927685971, 0.9731740185845662, 15.28814206167274;
  -2.807128744983212, -1.780234009193449, 16.94162093706868;
  -2.46540140795705, -0.7890544097507574, 15.00469690858742;
  -2.622620309206397, -1.759613940862435, 15.94111480738364;
  -2.785842220538489, -1.941616541606722, 17.06948715298084;
  -2.326700142820766, -0.7089775960456354, 14.47567444386506;
  -2.694601632282123, -1.796062040577651, 16.66153095737483;
  -2.357690427070021, -0.8345921390016594, 14.70016441577256;
  -2.463723071732521, 0.6594126936967809, 15.50254085570543;
  -2.564080422145592, -2.032489482534622, 16.29996362560185;
  -3.389085895273277, 0.5492489985855523, 21.13246029761611;
