m=[-3.580481257441959, 0.7367589936846154, 5.50510545523886;
  -3.557895657957831, 0.7668308392172755, 5.621541446414639;
  -3.564844609850139, 0.8194666808872732, 5.630456002324897;
  -3.565165282528497, 0.7946238750899303, 5.657436566640101;
  -3.600395034193423, 1.009867301593345, 5.727058140694902;
  -3.581212974233369, 0.8072932055033668, 5.77931055930523;
  -3.593521241834202, 0.9348418750387407, 5.820579530287754;
  -3.606931772902487, 0.7354601009743028, 5.889662113756906;
  -3.300683611236026, 1.031196780340139, 5.534283258093891;
  -3.243563177995015, 1.056801494559505, 5.479582889405197;
  -3.217756280689677, 1.028681822774268, 5.447320710856222;
  -3.57830559082959, 0.8141837681981168, 5.983868668668968;
  -3.569203032140519, 0.7873218137757623, 5.972495255212261;
  -3.575968483242859, 0.8389862374672714, 6.07349780834608;
  -5.24281438151403, 0.4612314585030019, 8.439751316510742;
  -3.579661114063784, 0.9074922515792461, 6.093337830640153;
  -5.321115931616778, 0.172080683274226, 8.614877609538173;
  -3.566908969255193, 0.8125454914482946, 6.114396127408723;
  -5.226810244647442, 0.2717379847416951, 8.524054410826384;
  -5.44851519632156, 0.03633959859717401, 8.848469032051698;
  -5.209496141738361, 0.3636354345839331, 8.508162167943663;
  -3.60687299295423, 0.9972993253827099, 6.205362585936408;
  -3.523828205857821, 0.8140389110666468, 6.125121433346061;
  -3.534389240138127, 0.6706245345041582, 6.164914699075081;
  -5.102617470838017, 0.4575701225795009, 8.460255673591039;
  -5.264977250646376, 0.1521089091427329, 8.70448684542907;
  -5.186137436851164, 0.2188976345771265, 8.58897666614973;
  -5.415856806901771, 0.00377543537469971, 8.973530074911919;
  -3.545930575641248, 0.765137630059855, 6.244155209969114;
  -3.548735283561836, 0.6810910966598904, 6.343969717964566;
  -4.959957609719825, 0.6008558282032522, 8.461225980816625;
  -3.588782969381066, 0.9715527053456865, 6.458049763933104;
  -3.520007486991794, 0.7277371544987548, 6.356315092584681;
  -3.556259735590087, 0.6013076626485118, 6.430136933981089;
  -3.510612967477352, 0.794801166881736, 6.418456321138279;
  -3.523830165157708, 0.7560740872091818, 6.47957315674683;
  -5.043943139961994, 0.3952158720079826, 8.89423854133428;
  -5.199887010250186, 0.1873228560358929, 9.201203752564551;
  -5.061936195046524, 0.4160664650759428, 9.102123117057497;
  -3.529498358459045, 0.7746187836377791, 6.6860382462784;
  -3.600005951602241, 0.9099953293134849, 6.825447131408433;
  -5.213223412825976, 0.4613753629020704, 9.456306325698931;
  -3.647450170863182, 1.005966989606613, 6.91706026135014;
  -10.6818601901974, -4.357968177465192, 18.37892047787871;
  -3.593743251195981, 0.9563590188981271, 6.898678571909465;
  -3.316959156041286, 1.027236272766145, 6.460131785470623;
  -10.07708434236146, -3.748107158609204, 17.83866091377027;
  -3.507554957982288, 1.038772119585925, 7.044891967564559;
  -7.899184266105227, -3.585023083155212, 15.49699666367259;
  -7.663879352277139, -0.3200694868803238, 15.26096232099363;
  -3.182765645068908, 1.0575254329065, 6.995886761411414;
  -6.686526088894957, -0.2014702776486475, 14.904666806715;
  -7.172194592003329, -2.896291434992453, 16.17537297068748;
  -7.355946408607682, -2.991808771232033, 16.74823532338221;
  -3.901875332002668, 1.007570569576883, 9.7225850456079;
  -6.419928658323884, 0.3012079448294992, 15.49189860645696;
  -3.548490300313964, 1.065726836217078, 9.118180635989649;
  -2.258330488453591, 0.866378381017008, 6.688185084411403;
  -5.886598330391883, 0.7391946332959087, 16.05830836619204;
  -5.108471264255024, -0.8954453147759058, 14.24206855568831;
  -4.574361502682067, -0.8924468462793664, 13.39883079531903;
  -5.472967700757916, 0.3793164636439519, 16.12378457262767;
  -5.488656111454424, 0.5820971448703849, 16.52078495620697;
  -5.124475451444214, 0.7711194904433388, 15.58591054363487;
  -3.271576564816813, 0.9112527849421851, 13.08233082137034;
  -3.001097172543297, 1.058134548565002, 12.97146981350364;
  -3.056470344988952, 0.9138412352270133, 13.60870479157821;
  -2.84188073917575, 0.9807846080600287, 13.93097259660524;
  -3.633374075807548, 0.1231219139551795, 18.44327036334912;
  -3.628942004903504, 0.4396759960183593, 18.46746591127608;
  -2.757456058480912, -2.444233431787553, 14.3215973633875;
  -2.965762680261866, -1.646544714634296, 15.76830142467339;
  -3.189563106970255, 0.2713989533159925, 16.75963955365365;
  -2.641609431512308, -0.8037132316294319, 14.29051538296285;
  -2.58660133285945, -0.6927749763801238, 14.05301574548545;
  -2.356473116310048, 0.9079549265502828, 12.89618002265232;
  -3.537157828953134, 0.4611029791171904, 18.83995746142768;
  -3.093990449952646, -2.109039623151163, 16.93108835062855;
  -1.08703378261619, 1.074777157371742, 6.621043854450918;
  -2.624332484376302, -0.9526658841525675, 14.54462616784984;
  -2.786937336600599, -1.608971038606859, 15.47510644898538;
  -2.872049772486871, -2.045372500687621, 15.9520596951749;
  -2.556928357170714, -1.396235824312575, 14.33587247765822;
  -2.552823562621023, 0.9332975677668138, 14.2684701020922;
  -2.543308937510943, -0.784824793547624, 14.2818670560519;
  -3.526600144723648, 0.4562444131258883, 19.42123912750714;
  -2.719200012800477, -1.755318324366678, 15.30225228638243;
  -3.305361762874494, 0.5122808551796103, 18.38387359507411;
  -2.855357615190525, -1.908640961009543, 16.18321097518029;
  -2.916854040422319, 0.6990199602650952, 16.45331601925293;
  -2.508485185061863, -0.7394102530787788, 14.37370041356349;
  -2.453748138546006, -0.8381525066629025, 14.10231553954395;
  -2.374358007307957, 0.9250943470646303, 13.65675288677303;
  -2.684210158276685, -1.556878059446013, 15.56350080535737;
  -2.512173268641612, -1.211777275956966, 14.6748159214905;
  -2.512684881714093, -0.4116299813373783, 14.67002646650967;
  -2.630743231397833, 0.657552260928428, 15.28923949503688;
  -2.685478523675479, -2.035631421497954, 15.7429255177972;
  -2.540293855422569, -2.239466478066168, 15.06403096892781;
  -3.136830424489113, -0.02365989125611033, 18.28687524243746;
  -2.376370801977845, 0.9495377668756447, 14.22667731412509;
  -2.475077599281252, -1.608140335057221, 14.9661425594039;
  -2.399940204219967, -0.9924018514051907, 14.74753582606582;
  -3.155864096978875, 0.5234785714483456, 19.38412690419011;
  -2.156407953010934, -2.352735682884046, 14.15841906642688;
  -3.190249241128071, 0.3450146848267183, 20.28257506602134;
  -2.294855086829379, -0.3424627917324465, 15.09382735028924;
  -2.173930575145227, -2.881664560870791, 14.52042556962211;
  -2.089020556658593, -1.966294865138186, 14.08683644158061;
  -1.951319236692843, -1.995384959820654, 13.43431605182725;
  -2.153009996577593, -2.861121959296105, 14.6683616512281;
  -2.086987247316018, -2.202177659409126, 14.33095004176967;
  -2.888321822851497, 0.4737509025875393, 19.45605176757073;
  -2.066765888532799, -2.051501804319463, 14.4355209804688;
  -2.021284040051604, -1.695641611249512, 14.26503385783249;
  -1.957989131703799, -2.185326185630408, 13.89786638015912;
  -1.915870176902263, -1.295540035281941, 13.70697556313962;
  -2.459066198879731, -1.441768963453054, 17.30849470505826;
  -1.999123338153734, -2.490075870486063, 14.56687194865511;
  -2.821322138001687, 0.1706990361333669, 19.94863482773133;
  -2.874814225936447, -0.02172747898240375, 20.36573352124164;
  -1.8474052350748, -1.77180814549214, 13.65236138062694;
  -2.54815949302771, -1.363605062259221, 18.50800415464003;
  -2.83275034252476, 0.003384629919713509, 20.44795128838829;
  -2.046461233748845, -2.147990679880761, 15.22187980144883;
  -1.840564228926789, -1.61449247021548, 13.78172474984257;
  -2.608618451867338, 0.6638580482918194, 19.03702833031464;
  -2.538028772931578, -0.2674638801998029, 18.58154031005095;
  -2.886596215555098, 0.280590720773747, 21.27478285780999;
  -1.730307785500747, -1.602062356923, 13.2875378099644;
  -2.079369895747319, -1.045374776617096, 15.7142235936788;
