m=[-9.119413987855115, 1.392642667611396, 12.11720290412646;
  -13.37544390239243, -3.043102452649962, 18.29723426961441;
  -13.4536161853527, -3.414444210717811, 18.47259920795307;
  -13.45191371706998, 0.1909337413671679, 18.55640642031041;
  -13.61720670881229, -1.214901162477255, 19.13681929739633;
  -8.236109969024785, 2.050221374799684, 12.01313309470005;
  -14.36461781179498, -3.652946289839035, 20.23691069450423;
  -13.98702455699266, -4.32229037562346, 19.8202889459752;
  -9.328537235967067, 0.8825543131071041, 13.62246064576647;
  -13.91287132169699, -3.760570580480584, 19.813055194259;
  -9.000155462212922, 0.6622348700595793, 13.21201102203742;
  -13.80231589590009, -1.255359770282883, 19.91731109550716;
  -13.38624998465415, -0.9469123300951704, 19.45936713725412;
  -13.65649184203589, 0.1889792465146143, 20.31769728502813;
  -13.59750107094828, -1.903381831390158, 20.51269133434715;
  -13.54390879819346, -1.587920883431913, 20.71972925795609;
  -13.50922236671822, -3.565480041747163, 21.05513888686289;
  -13.48055883440251, -3.505283919593576, 21.19808919561181;
  -13.56818213119441, -1.542536531903452, 21.3763508606399;
  -13.72238585615162, -0.02082936738463367, 21.62148823907364;
  -13.69992220155526, -1.244504368707828, 21.63601053056114;
  -13.37130923715503, -3.787961215728238, 21.12831870516643;
  -13.29693756511005, -2.346183976924881, 21.06988684547188;
  -13.62462243335572, -1.33541554452378, 21.5902052668277;
  -13.57090993660114, -0.6468814363782989, 21.53100353352268;
  -13.6143513724438, -3.668350732519366, 21.5740025628701;
  -13.61862125585846, -3.339684083122254, 21.58576639035243;
  -13.87187692533897, -1.134622531538761, 22.02401489343637;
  -13.55365613910681, -3.479246457760935, 21.54016533613293;
  -13.53775024365255, -3.145773330526886, 21.55507465051469;
  -13.3961215175075, -3.741596107129202, 21.38025328793349;
  -13.54533438807762, -1.398869509864593, 21.62848120252428;
  -13.6959443690907, -2.590574408413989, 21.85542636505017;
  -13.58057056463026, -2.348504215386146, 21.68239210641231;
  -13.6997553970598, -1.871570550412211, 21.8744624363264;
  -13.75676417045743, -2.834881854406097, 21.95467240946379;
  -13.59376011286691, -2.937780496445611, 21.7150983045341;
  -13.51815301185554, -3.406486074889972, 21.62166083304672;
  -13.64095813392869, 0.4281395063926482, 21.87309738478941;
  -13.61456270215556, -0.8503227593770349, 21.84384313477042;
  -13.50038933484734, -1.185106033815724, 21.68081872103963;
  -13.96987485258919, -2.133073767782502, 22.39609131506873;
  -13.70011872645321, -3.065824428314608, 22.06453511042423;
  -13.60386184808199, -2.757753642521619, 21.91974304604837;
  -13.56388142178681, -0.3444640298232249, 21.89591630893916;
  -12.97018248547815, -2.137674629381394, 20.97189710865688;
  -13.81396689249904, -0.2425640104389578, 22.29570917034841;
  -13.6685181065894, -3.181669756269018, 22.0806711315805;
  -13.66942253763485, -2.882568688058831, 22.12371924779783;
  -13.4880163216623, -3.682753674421093, 21.86119204740733;
  -13.49136166591348, -0.8010777081692317, 21.89527630135786;
  -13.64567578310627, -1.628237363343784, 22.1305691178551;
  -13.4722213279235, 0.2842241570560371, 21.88617203751324;
  -13.67073513880634, -1.500622125922175, 22.19300571778117;
  -13.58396700132194, -0.189237756351896, 22.10813087349841;
  -13.62539885575649, -2.750072659492907, 22.18514136168964;
  -13.5455954377621, -1.963768410460674, 22.07465020791081;
  -7.523966475272486, 2.039237377525327, 12.71430818180895;
  -13.65193775918011, -1.365407739939717, 22.2763489512985;
  -13.40817413994236, -1.435708984956701, 21.97475391513947;
  -13.74984184727027, -1.012240079939164, 22.56838759652262;
  -13.74141439405416, -2.356101801518237, 22.5688989306604;
  -13.65738536765727, -2.621702023981168, 22.43821386155778;
  -13.62510000400176, -1.61569635312635, 22.43505656909401;
  -13.31631695750401, -1.985371544482913, 21.95748185657116;
  -13.6628734312197, -1.339241767982416, 22.51493495484472;
  -13.60351597272911, -0.2225305737342108, 22.44296745739898;
  -13.64296460418454, -0.5056426804414075, 22.52669676194669;
  -13.76275240434399, 0.1335404101658608, 22.72312514166724;
  -7.206685560037133, 1.508856881020472, 12.36946918811159;
  -13.75877278122364, 0.4803474152803169, 22.75953352054066;
  -13.44051042797905, -3.318379601886965, 22.23823135269491;
  -13.5291036284048, -0.7698266094345962, 22.42252076486513;
  -13.57666558002891, -2.288204121119335, 22.49031046972721;
  -13.60440835561924, -1.043806542930189, 22.54411693303059;
  -13.55936844765914, -0.03045365508989076, 22.50969705743563;
  -13.60988440614355, -2.585045550602609, 22.57286900840161;
  -13.52736506452579, -2.385732677515826, 22.45692562859676;
  -13.5635339559856, -1.909080292342759, 22.53108497762063;
  -13.5774908557984, -0.3341038723074072, 22.58200371423904;
  -7.130991901768413, 1.71006406382162, 12.3413894601391;
  -13.71856881924422, -2.812348519541428, 22.81861824605413;
  -13.59868657688563, -1.367303700743603, 22.6726428558142;
  -13.70100979774468, -0.1675363946080782, 22.86746893991856;
  -13.59649610533022, -0.4389253863039694, 22.70091025664395;
  -13.78632537537032, -2.234171497378238, 22.99173349461567;
  -13.51373573255224, 0.02409652325676969, 22.57507167264166;
  -13.77759725628465, -2.036716972019196, 23.01250588871609;
  -13.69341509268144, -2.467444453423122, 22.90972735897211;
  -7.104006846862347, 1.828332750533855, 12.38956188677129;
  -13.42992410103305, -3.005627807514963, 22.52478901156225;
  -13.62002123106997, -3.439538501322349, 22.83244311980256;
  -13.66402576031595, -3.450651205921433, 22.90621179416635;
  -13.94829593957332, -0.0731515908031533, 23.41975787078994;
  -13.39916666791747, 0.4768246343806281, 22.55161184160703;
  -13.69282999978878, -2.952006100498327, 23.03879077593256;
  -13.74566289045828, -2.073264222529054, 23.15921176993418;
  -13.43307477090248, -0.4430450992970454, 22.66828267063214;
  -13.65607091402499, -2.454073466294615, 23.08157719067977;
  -13.49409327818642, 0.2040563464555815, 22.84260608184623;
  -13.66592054146767, -3.884716267699329, 23.1167431044038;
  -13.84932143252639, -3.306088475969368, 23.49682395734237;
  -13.80997530390605, -0.3639696838192425, 23.47862565825043;
  -7.020807151388133, 1.747003038629299, 12.42903312991132;
  -13.58363522099834, -0.02277016073366198, 23.13550279886914;
  -13.16776184621946, -1.921561437489892, 22.44749719684359;
  -6.95403777058632, 1.551903733791943, 12.3804412938357;
  -13.88551566839506, -2.692622834652175, 23.73544156845484;
  -13.80065433595267, -1.72157310517345, 23.6198424399194;
  -6.855920231615215, 1.701188424866755, 12.2450107457935;
  -13.82846486745745, -1.903931779214004, 23.68449667454383;
  -13.76812594916098, -2.17273924543332, 23.59846513068133;
  -13.97034326075133, -1.068544509471068, 23.98073582698142;
  -13.50879985837031, 0.08972895638839011, 23.24127574997092;
  -14.17410558162873, -3.864779180894547, 24.31326833303941;
  -14.73631649236034, -4.365304436744816, 25.30684301736098;
  -13.84141922855889, -1.748225137071388, 23.88330995809807;
  -13.82763520416211, -1.982160578686086, 23.87043499469777;
  -13.56387147514353, -3.124028522506476, 23.44766019971359;
  -13.99173547478539, -0.7060497824997405, 24.22002964185243;
  -13.56190120329186, 0.3941366008006864, 23.53675865790078;
  -8.879506176668654, -3.463805512953535, 15.7147555935176;
  -6.949656876578386, 1.754009180644053, 12.54953037060754;
  -13.65907969924432, -2.755348798404287, 23.68364862310042;
  -13.8765168203341, -3.745609139322683, 24.08343686250537;
  -13.43739944489354, 0.1845883707594352, 23.44255539419196;
  -13.98684789655145, -0.483409720789967, 24.3718292003517;
  -13.56675575199967, -3.045057773973854, 23.65089733858628;
  -6.842751845260096, 1.82850725293283, 12.44804831762151;
  -13.96961522278983, -3.605793580819632, 24.3835797999227;
  -6.841137207669163, 1.772179851676734, 12.46412889252549;
