m=[-6.649605834991881, -1.512879271393739, 9.096475350749197;
  -6.712918452057125, 0.06050051815033643, 9.236561965874749;
  -6.525861813139264, -0.1263730852664029, 9.051630142603566;
  -4.447748536942318, 0.3272670329736131, 6.529187516821419;
  -4.643543730808689, 0.4393164162893341, 6.780965775207019;
  -7.011823697899458, -1.783118471917533, 9.878275345654213;
  -6.874450697641411, -1.858125217488269, 9.789774371748333;
  -6.832791051351873, -0.6214617220262263, 9.859999296262869;
  -6.805399492290924, -0.9526216384460269, 10.26637603953144;
  -6.687191804972271, -0.7840226685553716, 10.23019320046879;
  -6.720454200297985, -1.773724991134284, 10.47433321689038;
  -6.687208389834537, -1.633643774701394, 10.46324692424156;
  -6.685609198294495, -1.738426329601586, 10.51307604183094;
  -6.703459443551623, -0.7621014356844648, 10.56114221196816;
  -6.77581467628632, -0.0102850870615397, 10.67621905324803;
  -6.769450777358332, -0.6149386063826446, 10.69085693701334;
  -6.65802248743577, -1.886152695188073, 10.52049717538642;
  -6.676046141356404, -0.6543517691395964, 10.57917070860048;
  -6.658652533189371, -1.632896272122111, 10.55408733054556;
  -6.701119534332519, -1.805598818480913, 10.6189392393975;
  -6.78885190679788, -0.5552806140214895, 10.77848198260286;
  -6.694111524711055, -1.718389751899257, 10.63862529349157;
  -6.659172690962308, -0.6877138187529212, 10.63301851725508;
  -6.700773205236507, -1.158772677771725, 10.6982833571422;
  -6.779374721091235, -1.397038296426789, 10.81932853528076;
  -6.794847269441688, -0.9282673796325726, 10.84936387899864;
  -6.73991150434517, -1.456578636141517, 10.76654580230407;
  -6.690529291848725, -1.685969588178065, 10.70119231636519;
  -6.697154660373584, 0.2101990536424117, 10.73879962456554;
  -6.763289236583468, -0.42241377060213, 10.85133855497391;
  -6.704367109321876, -0.5885301317691876, 10.76681304007384;
  -6.720906330100926, -1.187618730208969, 10.82652667855184;
  -6.74647846465076, -1.509732791007676, 10.86544678387215;
  -6.716872635610552, -1.36163393777925, 10.8228181004628;
  -6.765639934713702, -0.171818045570721, 10.9216441209048;
  -6.804668341154864, -0.1194854204720723, 10.9827182528899;
  -6.748604982290703, -1.570896874241947, 10.90196655181437;
  -6.638761257511661, -0.3941902815256005, 10.77411721896241;
  -6.697199876540201, -1.828596352901005, 10.85472979787099;
  -6.721092775962078, -0.8019781910596068, 10.90027423999709;
  -6.682997861200012, -0.2595246148988074, 10.85118260503784;
  -6.747032911352707, 0.1333105205743255, 10.95277168817552;
  -6.753186883928162, -0.7412901761034979, 10.96309112908091;
  -6.718566918303688, -1.356037161818164, 10.9393022845395;
  -6.719626962460097, -0.9741757916504746, 10.95067510361578;
  -6.745275399178709, -0.6746332572363484, 11.00650407402226;
  -6.663106854734173, -0.713466448095338, 10.92021418538139;
  -6.864024957395021, -0.5447839782783198, 11.23072263596419;
  -6.662191815547566, -1.54817308364708, 10.9354227509602;
  -6.80281481649533, -0.5008117104290655, 11.1658419952309;
  -6.718139544305291, -1.28962898582354, 11.03747516738398;
  -6.599837531022989, -0.9839905188588601, 10.88257461175042;
  -6.723503273476352, -0.7972888063939534, 11.07090415766692;
  -6.711185803700397, -0.6578338287514863, 11.05930700455173;
  -6.738913095165437, -0.1102372504592503, 11.11780275012946;
  -6.734569756392094, 0.06534573762115635, 11.11917637212477;
  -6.740876566952631, -0.2498338883612702, 11.13025553748627;
  -6.793466575500673, 0.237174067936367, 11.23763962849812;
  -6.635222670701491, -1.638195787460468, 10.97842359621552;
  -6.667135723317071, -0.3793701807225071, 11.04980738593676;
  -6.694406554818411, -0.5136324329802978, 11.09342502989012;
  -6.711514253416022, -1.131155104549978, 11.11790213816288;
  -6.729150267106082, -1.27812694349312, 11.16072870160967;
  -6.687054657611609, -1.179351982954537, 11.10125204753686;
  -6.752033633512352, -0.9503551496832031, 11.21615089858525;
  -6.736314865143277, -0.1657617674303324, 11.20379965050649;
  -6.696025141680338, -1.372705611069299, 11.13775376186813;
  -6.718265580098598, -0.675499750531859, 11.20114323150828;
  -6.732229330147927, -0.08232191979261291, 11.23632837113276;
  -6.690072528560299, 0.01192915796670557, 11.17595236553409;
  -6.781324357475784, -1.00247076139041, 11.32674034571019;
  -6.744701629323993, -1.215341572035155, 11.28420298366707;
  -6.654617866642326, -1.489308826907484, 11.16118470000592;
  -6.695241886417964, -1.690786075389368, 11.22382461462203;
  -6.6123128681232, 0.2353066980876058, 11.12892442290622;
  -6.893967480032624, -0.03615529024436653, 11.57525262232161;
  -6.753492869254644, -1.018632222724612, 11.37853974684477;
  -6.781977970366045, -1.119303344483261, 11.44206593365606;
  -6.641693918232401, 0.100435039783044, 11.24296347762957;
  -6.729540794343221, -1.209336683129255, 11.37431229526912;
  -6.716970201037285, -0.01125961413366016, 11.44027208900545;
  -6.70553184778007, -0.9785331453464821, 11.43113075056141;
  -3.330618397753484, 0.6595138426222018, 6.183786178367191;
  -6.813683496986127, -0.8499781220529895, 11.66163043552396;
  -6.753967998600623, -1.065839416863743, 11.57625074735949;
  -6.678371957562092, 0.04435948066505951, 11.48983520770723;
  -6.940579996354605, -1.892451620228592, 11.90538499000686;
  -6.771393964505838, -0.8552534206418297, 11.6840114609783;
  -6.78140130403136, -0.9720987091889293, 11.70662926890891;
  -6.918119296587896, -2.156810580902402, 11.93779621600877;
  -6.719970067844422, 0.1952960813030899, 11.66254725677989;
  -6.935673070942613, -0.3499873530380225, 12.00581640977631;
  -6.765110938366881, -1.364677614124482, 11.73011021887797;
  -6.81478893990813, -1.464121670148037, 11.81213310744679;
  -4.485483924844435, -1.744706884072462, 8.112720588134451;
  -6.834859670378415, -1.844894736829285, 11.86226439004019;
  -6.888873288257934, -1.989878699551086, 11.95734440408112;
  -6.69287200276808, 0.09193939227295077, 11.67621929485406;
  -3.317432873269394, 0.6022567841853066, 6.282828265376572;
  -6.860909774992535, -0.2371249407460873, 11.95501105265962;
  -6.732798172154332, -1.511176274526329, 11.73727317583445;
  -3.26537384217293, 0.6299193100247469, 6.208824691185769;
  -6.833159434258808, -1.763753835150153, 11.92709217065821;
  -6.814865316078141, -1.291898880073173, 11.90799904606719;
  -3.269855833528213, 0.6032912027302743, 6.230259288669338;
  -6.76860411159185, -1.373009690505256, 11.83827790100467;
  -6.780423900128696, -1.186673897596329, 11.87330129390031;
  -6.828600670711635, -0.02658231645933138, 11.96341318158471;
  -6.820559276255831, -0.9695680300140394, 11.95716394727116;
  -6.70808718870727, 0.2431689431491078, 11.80218370359226;
  -4.595169467930567, -1.829479949078755, 8.371140442008329;
  -6.734439369617366, 0.1470849235593206, 11.85103186994228;
  -6.754401157381087, -1.216014325490885, 11.8954052411249;
  -6.675784749891139, -1.565158729122328, 11.76625369301417;
  -6.770173813452874, -1.040029676744639, 11.94784302760986;
  -6.812800434697884, -1.664835493907658, 12.00828086298182;
  -3.261427117161333, 0.552162705693979, 6.275265556983547;
  -5.136913453928338, 1.97475336510544, 9.347200848018121;
  -6.713328708920882, 0.03782138221610113, 11.9082068253994;
  -6.659648510163677, -1.504941255412427, 11.83968441408223;
  -6.716496197542586, -1.167811219988551, 11.93593770782101;
  -6.749977077770074, 0.143619247606436, 12.01891984138159;
  -6.770234577852966, -1.089151656132763, 12.03939325890789;
  -6.848490616250704, -1.397546825828826, 12.18154112963248;
  -6.73806532056752, -1.244388198077639, 12.02982358097949;
  -6.986436712157826, -2.005315094767162, 12.43492883005008;
  -6.771727405727661, -1.454261561722304, 12.13672466374554;
  -6.790035551786886, -1.408054851040692, 12.16910900214578;
  -6.744288447755948, 0.2342658883784451, 12.11411093818819;
  -6.750358500688351, -1.339505326790595, 12.15163835719866;
