m=[-3.667349170679044, 0.7159109576150503, 5.494924786340719;
  -3.640603983943181, 0.8284770449506205, 5.507633288205237;
  -3.658946951027313, 0.8080647477771057, 5.536498264263675;
  -3.692740529207803, 0.9630079762784866, 5.592457503178594;
  -3.677618509584716, 0.737729773022092, 5.645552284671646;
  -3.665834580723145, 0.8600901145469829, 5.640950842535264;
  -3.702174722619091, 1.024878441683047, 5.722624366017001;
  -3.657002902987661, 0.8324360338824219, 5.679377411693363;
  -3.64690661259764, 0.8700733357942283, 5.702119102538095;
  -3.624199860882122, 0.8601149652383028, 5.693426166877401;
  -3.591611975384451, 0.8287955074118064, 5.666264111088747;
  -5.399567836743364, 0.4777588161909719, 8.075253923635721;
  -5.459475943937514, 0.1804854007319472, 8.222245962911599;
  -5.326545209460869, 0.5617046899997036, 8.051466348957849;
  -5.358357036797798, 0.2829121706754949, 8.123600011495423;
  -5.345742468859648, 0.3771675208894902, 8.117069396083828;
  -5.615121360401985, 0.04449424250089706, 8.489629558902845;
  -5.408038925799517, 0.1703377050326867, 8.231901879321741;
  -3.634762549161214, 0.697421457372439, 5.906630254222614;
  -5.42026018684544, 0.16073607783806, 8.337347267122194;
  -5.364984567969446, 0.2315749466792962, 8.262106665831933;
  -5.330806673829381, 0.4217704475452958, 8.233080908432653;
  -5.288870163939697, 0.5241365683944367, 8.199414850031332;
  -5.571802588798064, 0.01049427060807363, 8.60640677021315;
  -3.624032415589768, 0.8718913445959657, 5.945210787524761;
  -3.604199523312472, 0.7429369036097381, 5.920955581110334;
  -5.334972958086797, 0.4076087992221591, 8.287612300839726;
  -3.666745414563192, 0.6201337622189498, 6.029866566249962;
  -3.635517830181557, 0.6731010746484119, 6.003784685824265;
  -3.601231556142892, 0.7821624795277552, 5.965339627873588;
  -3.616304945085556, 0.844310711234732, 6.003094797830486;
  -3.611057124696704, 0.8165153285273278, 6.005270961093774;
  -3.63763103281101, 0.6010267453872561, 6.063935355409318;
  -3.606034550490012, 0.773299646632905, 6.040337043821507;
  -3.64197206946884, 0.5484055575758, 6.112210840783263;
  -3.639887976893407, 0.5876875674918279, 6.138928501947231;
  -3.664420650338813, 0.5213305570229686, 6.263417754558406;
  -3.801189829610556, 0.9960030232033932, 6.475059680341333;
  -5.187551926420875, 0.4067065992559563, 8.522256423296225;
  -3.669693523430101, 0.8453520835740462, 6.339102924024454;
  -5.142934308662621, 0.4422237496926696, 8.546569806927632;
  -3.749234493299362, 1.030199086041016, 6.507430834039601;
  -3.384138588086806, 1.042264611761801, 5.995110092549161;
  -5.371549549260285, 0.1762752068980565, 8.969412600784969;
  -3.626753556974992, 0.9357375232149199, 6.458752925889743;
  -11.02432720422193, -1.970599418563722, 17.63752513239727;
  -5.38196873531714, 0.4766809806559498, 9.133214072249192;
  -11.62266357568219, -3.192532254289849, 18.64324126882784;
  -11.23853795963168, -1.914739564396541, 18.05076676857721;
  -5.293931962032106, 0.433537707818803, 9.031342666563555;
  -5.19083178169267, 0.2590255292622289, 8.905356113693539;
  -5.182427366473359, 0.4581532211022111, 8.943512907196178;
  -5.199121542366052, 0.4837783331042455, 9.077657246869508;
  -2.871700356438794, 1.055731995613101, 5.493816887767334;
  -10.46246782318041, -4.151403847172783, 17.52665641123079;
  -10.52178437849593, -4.030855566195201, 17.70343232737229;
  -11.1832912898328, -2.686998852913634, 20.17789818312196;
  -2.865780521194308, 1.063001412077989, 6.403766564811258;
  -6.881794376501547, 0.8122561662575719, 14.63019697932367;
  -7.411752653707194, -2.953864104692487, 15.93470886142916;
  -4.036217637908182, 1.030603229062129, 9.396340436542332;
  -6.790390895105751, 0.3091896069050984, 15.61061228687534;
  -6.665050289550958, 0.4050638475838333, 15.39010222210906;
  -6.480837059620152, 0.8076713846623584, 15.66126239679926;
  -6.411119076056833, 0.7306821715151474, 16.60466440923119;
  -5.120634263515018, -1.013784274316874, 14.00832228960534;
  -4.792233469623334, -0.8852172815035213, 13.59084023849273;
  -5.841819103115137, 0.3809723961952448, 16.37362986175224;
  -5.496790600259435, 0.6471398089997242, 15.84228571084213;
  -5.240894091474786, 0.7676812621748353, 15.17610542855424;
  -3.45717346009699, 0.935172623527378, 12.99578531360737;
  -3.241091593806272, 0.9369710069980076, 13.5591530928562;
  -4.349418804628692, 0.1157868377246901, 20.45841687406628;
  -3.912042021005481, 0.1154960641270118, 18.79589295228537;
  -3.806812612036556, 0.4353768679929705, 18.35175007463781;
  -2.992821398571661, -0.5781350068942111, 14.88323744872179;
  -3.339815129928763, -1.808750270256261, 16.65339303487912;
  -2.533431319235012, -0.5767600904991901, 12.88871937378278;
  -3.038534804684865, -1.421700349777704, 15.32000473247818;
  -2.602225885002321, 0.964313656887476, 13.25731142152481;
  -3.837489009563145, 0.4690420824788398, 19.33193222715756;
  -2.831217750447883, -1.0106904962897, 14.68342472140825;
  -2.881074631617159, -1.627998937225403, 14.98902269368705;
  -3.040760449794662, -2.111578133350336, 15.84135713537115;
  -2.711460695676219, -1.448249991807047, 14.20906699178867;
  -2.632858198565291, -0.8032139866948249, 13.83611097360679;
  -2.661831661152807, 0.9324752760914791, 13.94942056865869;
  -2.953320557978255, -1.861629050751819, 15.54831932620517;
  -3.136902072823179, -1.867978405873221, 16.46208374090913;
  -3.023860704005142, -2.21646555684996, 16.05132030018726;
  -2.989846181560453, -1.945103354631185, 15.90096357643813;
  -3.022538145496251, -1.885884936105445, 16.20122098552305;
  -2.823509532913313, -1.601799640831683, 15.32705894677921;
  -2.590284897154801, -0.4214020345199337, 14.13714356390974;
  -3.046378818735368, -2.114964843476114, 16.50108918034631;
  -2.793416452213673, -2.056851816979858, 15.31709493334095;
  -3.28373173256349, -0.04113950975076532, 18.05372280806143;
  -3.600859575219842, 0.5082945828957505, 19.78403484477081;
  -2.746710637328239, -1.736195611215659, 15.46427207411484;
  -2.98828378933137, -2.114759257780773, 16.87010391483096;
  -2.443576928757864, -0.6157506800549871, 13.98697006616535;
  -2.943093363206642, -3.192394553610316, 16.7058877159594;
  -2.611065552498979, -2.939914941937353, 15.04497275710985;
  -2.531295752592766, -1.033410627835386, 14.54182075971197;
  -3.18543934258992, -0.5377843698746659, 18.34457793467494;
  -2.335597704386814, -0.6116762396657153, 13.79774590794514;
  -3.427479694908297, 0.5324976830404471, 19.86188203425605;
  -2.40560045166013, -1.690948430666381, 14.42235160403628;
  -2.622540994912306, -1.52825157791814, 15.90079587885394;
  -2.378263558089569, -0.3565345645959711, 14.61745297374555;
  -2.307847177803517, -2.957343525973566, 14.29276567426945;
  -2.197827009142392, -2.012450221527002, 13.77739351846541;
  -2.198292277874202, -2.157580748432827, 13.95254538685336;
  -2.255608841796728, -2.296009489659656, 14.3349274193222;
  -2.222412227045858, -2.137408232921863, 14.3889288011421;
  -2.995763138990398, -1.464324127358945, 18.91214469505867;
  -3.339255678919533, 0.1038717276914707, 20.98366485256764;
  -3.125430089668392, 0.4779234123503004, 19.78591805912515;
  -2.077683635884389, -2.239116265750608, 13.66261034809484;
  -2.315625418105825, -1.88205920453485, 15.13451488972868;
  -2.179285881665662, -1.435449277670329, 14.41974701709376;
  -2.077950137385002, -2.250962703086946, 13.9790625603588;
  -2.050105458847733, -2.455485445737447, 13.80233002697685;
  -1.997935720667281, -1.847961240264277, 13.6703530419099;
  -2.006777600965518, -1.296257906988747, 13.76054554861312;
  -1.945902477787098, -1.606655249060844, 13.45628508446594;
  -3.259901763494218, -0.05257932807639262, 21.69359972397047;
  -1.88692818310134, -1.59575444365773, 13.06221780397479;
  -2.246643911433738, -2.274612856286002, 15.46030924936071;
  -2.728306238608869, -1.426770025103133, 18.54749379434783;
  -3.129575715633769, -0.02818496331012904, 21.21593233127816;
