m=[-7.164051453474496, 1.24045636222189, 9.652659821754082;
  -7.111850675485126, 1.099329122636746, 9.597248292824487;
  -7.133733570487058, 1.282374664299532, 9.691506533097824;
  -7.155565758415644, 1.065396540553357, 9.722307649366108;
  -7.164179280314535, 1.393137495017562, 9.758831831903867;
  -7.028294704505889, 1.278668299600346, 9.631808466007389;
  -7.267274077810153, 1.524788869606215, 9.965568472293278;
  -7.182022308277682, 1.578095829528185, 9.861397767772289;
  -9.21575648676941, 0.8871503491198485, 12.39360452182022;
  -7.153703987485783, 1.70200881907524, 9.866980692240084;
  -7.18335803018749, 1.475277225226858, 9.914547070864984;
  -7.142078018140946, 1.840594716711607, 9.867471474042999;
  -7.117634281919161, 1.218165940974187, 9.877198366576218;
  -7.22754402150004, 1.629857573934072, 10.03703692157654;
  -7.124276206422748, 1.064400210446308, 9.919693347556319;
  -9.121985443775525, 1.041523268510524, 12.45269971631201;
  -7.157820692279917, 1.030959570053511, 10.00003761530294;
  -7.16873312484718, 1.16637114209794, 10.02690262844953;
  -6.488935199167972, 2.068350490186908, 9.17030127835522;
  -7.172392119096688, 1.757077546430102, 10.06778486492698;
  -7.21068941264017, 1.342766258175661, 10.12377437563485;
  -7.149333570995434, 1.601560113153226, 10.07195849763319;
  -7.120510189487322, 1.04015982380499, 10.05296888995691;
  -7.153366246725602, 1.727235906331657, 10.11143353993883;
  -7.304858222667516, 2.001837122854643, 10.30855841972852;
  -7.189165333465698, 1.688254666884364, 10.16903512736298;
  -7.222092325357718, 1.149251959961918, 10.23852599698644;
  -7.165543767255784, 1.547768156884982, 10.18164743143276;
  -7.147126978106026, 1.645555930547643, 10.15858000982285;
  -7.164596691903518, 1.597653073417208, 10.23249670034472;
  -7.238250287911874, 2.031279749716844, 10.37822031775146;
  -7.17513178257652, 1.235734969275832, 10.38278439434584;
  -7.182762312679714, 1.757570400277632, 10.39905451586076;
  -7.218473284457354, 1.3229993048469, 10.4490506921599;
  -7.235271005447316, 1.885033249522011, 10.57701830570175;
  -7.230764932777782, 1.672953278427656, 10.69193393734897;
  -7.208225769310541, 0.9389182738875909, 10.6678517816523;
  -7.155866517761965, 1.601565176007785, 10.59580934285077;
  -7.124021499143854, 1.380292798280005, 10.56720844450754;
  -7.149236371231239, 1.519347872990513, 10.63587354121984;
  -10.87085144729207, 1.177382619408796, 15.68951007955735;
  -10.69527581868629, 0.952787135692622, 15.476791970884;
  -6.584428239649751, 2.052558870062547, 9.920449496422144;
  -7.087367554579589, 1.383539951291147, 10.61926471494271;
  -7.268442795802968, 1.993747467167722, 10.87286515723333;
  -6.473167075502338, 2.06798184927596, 9.823411304496455;
  -7.156314758853384, 1.736807797717339, 10.77248697907215;
  -7.189904800766962, 1.636176609454773, 10.87713994556481;
  -7.192552169951216, 1.58844824286219, 10.88333696485549;
  -7.190647331235857, 1.696279314048868, 10.89052264941334;
  -7.257748287729625, 1.892705278267833, 10.99147057499936;
  -7.128571293196225, 1.356503141165214, 10.85391709649666;
  -5.951146348378206, 2.107680940070024, 9.260681969274767;
  -7.216650561051488, 1.536369186115861, 11.04308934458171;
  -7.21214508247567, 1.446755322997868, 11.07144257666674;
  -7.171882965602743, 1.682690668542384, 11.03602423036788;
  -10.58187538497678, 0.9362942386989365, 15.82558702947904;
  -10.63679706861023, 1.048621871626618, 15.95631160777153;
  -7.234915334944849, 1.941003172533933, 11.18712941861563;
  -7.257033553221786, 2.008975209577856, 11.21753567786509;
  -10.70213421028231, 0.3538030026077522, 16.1179535744171;
  -7.194845343719625, 1.637747817326133, 11.17369693427511;
  -7.232328547330321, 1.559265020956616, 11.23251947390854;
  -10.68803453417022, 1.127094371424637, 16.15575330807733;
  -10.51613385094825, 0.5552340455207501, 15.94310802467609;
  -11.10446105994946, 0.08799179065433206, 16.78908696703282;
  -10.45511121160549, 0.7376577527398819, 15.87522476863334;
  -7.157897079441528, 1.707720007874129, 11.1917265799173;
  -11.01461218566811, 0.3010453999912165, 16.6970222504287;
  -10.55356742112215, 0.3324070849131161, 16.06422081635452;
  -7.078248332357902, 1.679848670611742, 11.1195535064377;
  -6.970900756775873, 1.608595602594564, 10.99755904891493;
  -7.082453093275648, 1.3446387415149, 11.20410154181143;
  -10.0700710290904, 0.9023174826291514, 15.53254985661309;
  -10.65103519220877, 0.3158530333775662, 16.38323181741318;
  -10.44937772817955, 0.4510384064629032, 16.09210097214947;
  -7.159002912779593, 1.055431536176543, 11.34040247341525;
  -7.14170605766843, 1.290671811134903, 11.34003149212326;
  -10.50121889705656, 0.8308505757161547, 16.21844311876385;
  -7.220040760715236, 1.830357962527122, 11.46379359271182;
  -10.91908616334037, 0.02056566850041342, 16.86601339208344;
  -10.39919308826957, 1.030578783445988, 16.1220252328495;
  -10.51917289656346, 0.8036980631137354, 16.34100629508774;
  -7.151045541755278, 1.54288546443923, 11.42819180164483;
  -6.416869885363689, 2.042105536244463, 10.42231431509559;
  -6.231798923845336, 2.078707860498752, 10.15090038913532;
  -7.068141039830831, 1.68602695244589, 11.40194185095067;
  -7.013374751971137, 2.075639713957413, 11.32403526668074;
  -10.4999838865175, 1.031530269720552, 16.5364529779174;
  -7.160895791049648, 1.540950959333788, 11.59815896430305;
  -7.324131693043722, 1.970575098386267, 11.84724317822261;
  -7.117983942367874, 1.365765897358387, 11.56700024675975;
  -10.2447458659834, 0.8404377026757877, 16.23441269729265;
  -7.174451397754196, 1.845026782357123, 11.66515742450259;
  -10.44351882422478, 0.4662415523560057, 16.58303948166818;
  -7.119173125884497, 2.04037774016345, 11.64912501005231;
  -7.197712657801906, 1.941817141496464, 11.79479393578737;
  -7.001323368072915, 1.44318911053683, 11.50172858167696;
  -7.174286025744457, 1.213342209881714, 11.79792501315618;
  -6.951857422434942, 2.021264511253129, 11.4981012667818;
  -7.091442679023624, 1.749061844963638, 11.71231937958593;
  -6.970840921938843, 1.218765076518338, 11.54319242737231;
  -5.737451130364311, 2.099952392614343, 9.672400904927256;
  -22.50381259674107, -2.849008045638263, 35.1198152185017;
  -7.070058328218877, 1.535567559651283, 11.71135442394982;
  -7.09115345600167, 1.655595119556421, 11.77137079664452;
  -7.07104182566294, 1.598870867986222, 11.75930501068983;
  -7.226060993171481, 1.896387061127621, 12.03302530725578;
  -7.036983506972335, 1.509052889846503, 11.78739459058983;
  -21.68278177561684, -7.432751946745015, 34.40912402909027;
  -21.84478972660111, -7.644152013598728, 34.6947312336142;
  -7.220845232705012, 1.811162788987693, 12.11746236924511;
  -7.065948279705421, 1.381910669545649, 11.89929651179258;
  -23.35880072125558, -8.314527535498586, 37.088524627628;
  -7.126985211337014, 1.150705908805374, 12.02016461071831;
  -21.46509147271377, -3.836886913094143, 34.3414235903855;
  -10.48987669325466, 0.382448467747637, 17.32386242523232;
  -22.64349233207558, -6.219751535368098, 36.32111417205504;
  -6.172441401304275, 2.066175504195897, 10.61083902126067;
  -23.11757234253702, -3.938602205736155, 37.13026624190203;
  -10.02846522723798, 0.862314241304196, 16.66538457949382;
  -7.215187278245636, 1.498792601527776, 12.28056505113134;
  -7.122210180229289, 1.722470847298148, 12.13897975220663;
  -7.157184304114529, 1.018239780860061, 12.23343047116953;
  -7.104154116789187, 1.426811179538435, 12.15319591783616;
  -7.115108738622382, 0.9461175266521685, 12.18608135920899;
  -7.593240454846253, 1.989611355377118, 12.93455136844585;
  -10.53075694873707, 0.3455820974763985, 17.5842563129318;
  -10.24140157635514, 0.8276261397768322, 17.17074010056073;
  -10.06928250958441, 1.026645762721853, 16.8995783136184;
  -7.212806546790638, 1.661545031980415, 12.45954812827142;
  -7.264320879820835, 1.838856522944081, 12.59320205198614;
  -10.3707021970606, 0.9185331124177103, 17.59910692601192;
