m=[-7.524211242701925, 1.751327690857104, 10.01225980720372;
  -7.509748967201181, 1.468039933443653, 10.01101445188952;
  -7.569100687975032, 1.619227502051656, 10.12685663948131;
  -7.520331866018945, 1.797061415221811, 10.0736134871269;
  -7.498254171058043, 1.684993185512127, 10.11903534642724;
  -7.642740582191477, 1.507567352610183, 10.29730273914304;
  -7.493142232952371, 1.555220820097504, 10.12517418419782;
  -7.426768108840959, 1.69906877826097, 10.12754342174749;
  -7.497736833666831, 1.664457118712202, 10.22647992031572;
  -7.441655191843243, 1.764022122344903, 10.16077242842511;
  -7.561413339315092, 1.97780730944413, 10.33353132932246;
  -7.595108798427874, 1.461867534347897, 10.42188851820434;
  -7.531674713701654, 1.650251746673544, 10.40067267306665;
  -7.492142159515253, 1.551738194845091, 10.37774082214073;
  -7.554108817649886, 1.524048119813798, 10.46961025605947;
  -7.547392721724355, 1.77858545225893, 10.4833695021891;
  -7.597686378298185, 2.110705673992458, 10.62002175867766;
  -7.488036817285336, 1.710055036591667, 10.5086606441885;
  -7.493269384203645, 1.62233248693947, 10.5218235555812;
  -10.97764434775137, 0.9131550003596395, 15.01613769525017;
  -7.485767803607114, 1.792208393462564, 10.57900633737975;
  -7.573691351415213, 2.093552112792431, 10.70230651232868;
  -7.47477634648505, 1.780364999434588, 10.60652786797588;
  -7.455473228487127, 1.727884863051273, 10.61243689535202;
  -7.454396109367736, 1.420130308369295, 10.65671793568759;
  -10.90229186565062, 0.9760180805205038, 15.15361757751825;
  -7.400599349425526, 1.34718759514777, 10.63268163133652;
  -10.83596448823256, 1.077195479372341, 15.11591684783121;
  -7.697975862470591, 1.956834220841773, 11.0731633963099;
  -11.05312329201694, 0.4730051168489096, 15.4456622217683;
  -7.396303066147278, 1.604360265726091, 10.70439994265453;
  -11.01207129879836, 0.3818037443038961, 15.42960257009935;
  -7.356740206674563, 1.138951547119854, 10.66735356361495;
  -7.723734108458074, 2.005335402461709, 11.16742329566218;
  -10.80905666026447, 0.5847813843817614, 15.23538053934418;
  -7.449771416783781, 1.619980063295726, 10.83220470393091;
  -7.499151879204844, 1.211347048097015, 10.89916630401855;
  -10.81625507328083, 0.774301400678066, 15.26551941441903;
  -11.19736183499031, 0.1072829541248662, 15.79028462324765;
  -7.428965233962524, 1.239981999342736, 10.83213469017129;
  -7.435177939150499, 1.367133670054543, 10.85966966550923;
  -10.95725166140061, 0.3647599254030423, 15.51321134458711;
  -7.62076368502177, 2.009743927995568, 11.12808901126419;
  -7.406862708916278, 1.71656610199193, 10.85009789882451;
  -10.65336065779763, 0.396464568480813, 15.15441920449658;
  -7.512937997619324, 1.03263411979783, 11.00241389974132;
  -7.585449466043896, 1.654883837430688, 11.1467103535317;
  -7.478623208994129, 1.439464403379017, 11.0154798740021;
  -7.632063150470341, 2.057978727014227, 11.2189959364761;
  -7.42407997590497, 2.165069082904275, 10.94217839980353;
  -10.75985455298687, 0.9784028175671035, 15.40434579639437;
  -10.90475701879344, 0.3396332933829232, 15.62066128579024;
  -10.89592584802379, 0.4845804358735286, 15.60874872913285;
  -10.70576024858938, 0.862781447541264, 15.39083327166916;
  -7.429450895978341, 1.168911665664802, 11.02268862623823;
  -6.715184124213741, 2.192097624919985, 10.0712844968433;
  -10.65343159309873, 1.073208512131383, 15.36950762372666;
  -11.21593789293906, 0.03895013707078679, 16.16193736081358;
  -7.477616578125931, 1.550973749684031, 11.13035183898114;
  -10.71061297065034, 0.8326377604546854, 15.49463986352435;
  -7.577018093225899, 2.045630747904374, 11.27728072293739;
  -11.11403277842938, 0.1564505197354875, 16.06333400131531;
  -7.545006357465979, 1.282244595199962, 11.26598453695038;
  -7.338317253009525, 2.136231982454389, 10.99862602752605;
  -7.396246058839909, 1.610189240811582, 11.11819638338148;
  -7.579825236244616, 1.338284758302734, 11.3755527673197;
  -7.431554652424814, 1.739310633437788, 11.20137269959051;
  -7.430058227255634, 1.682452911369581, 11.21729912598658;
  -10.58958899816721, 1.049012811362499, 15.54298334379046;
  -7.449669654077163, 1.148392228922428, 11.2524171239655;
  -22.11086251222883, -5.200299362413942, 31.39493075653742;
  -7.447268794045752, 1.601067796673058, 11.32690356394637;
  -7.534455348712213, 1.038820210515441, 11.48947124954766;
  -20.36619957984165, -4.482450836230432, 29.30008676122148;
  -7.453815300121577, 1.871838239515474, 11.38748565217591;
  -7.482661355144879, 1.470980743477848, 11.45165441150727;
  -7.489173218240711, 1.215370572609876, 11.48720474544053;
  -22.37739627016645, -7.815750237636917, 32.4177340788573;
  -6.573305976198269, 2.162500107174146, 10.28908431697922;
  -7.581665363746806, 1.839011672538204, 11.76609045208095;
  -7.48204696896578, 1.503979261216477, 11.6520822893215;
  -7.554288044897821, 1.082147391858885, 11.7602744132721;
  -7.652282329416543, 2.007190083285914, 11.93459989188737;
  -7.487404371383655, 1.46052512600176, 11.73287589770109;
  -7.468033166288499, 2.111196904031572, 11.72468596168388;
  -10.4832332505994, 0.8313326402054594, 16.05611101093455;
  -10.85526985374381, 0.6144533164946341, 16.6166372813423;
  -7.531761069172529, 1.658648143894462, 11.86719372493135;
  -22.68147246785534, -6.19760760086172, 33.62771733218897;
  -7.517836731748665, 1.736010610616236, 11.85044072022502;
  -7.497549420908528, 1.150125077096807, 11.82379417284667;
  -7.474216077177511, 1.23945832296135, 11.79296821346548;
  -7.670743139635168, 2.128887337072011, 12.08534685303469;
  -7.640294085762729, 1.941637685211223, 12.10022379905427;
  -10.40307537819511, 0.8773628741682101, 16.1142841768118;
  -7.124087896981406, 2.119840701962494, 11.381837816246;
  -7.46389037390804, 1.184912685153491, 11.87798743540079;
  -7.692874086829074, 2.117147852685951, 12.21114380455571;
  -20.42247697801442, -2.564884037837763, 30.69382587737009;
  -7.609059195161393, 1.399404843038277, 12.11147067395757;
  -7.6242971763648, 1.728201495994974, 12.14288027463677;
  -7.510356021410927, 1.639809647293445, 11.97861129514403;
  -6.90646495075807, 2.128613768585914, 11.11763135246095;
  -7.612086005893761, 1.022533239517758, 12.19019310597694;
  -10.81499032051087, 0.3623867678979998, 16.88729937715711;
  -10.37901089734326, 0.8323894467996795, 16.25010502426596;
  -21.94330172174547, -2.897321400863884, 33.18967883026175;
  -7.701446702289419, 2.030576807084561, 12.35884748672701;
  -20.60114043589116, -2.505018493079708, 31.28512098941586;
  -7.600691981492498, 1.73270455424366, 12.26846772258829;
  -21.29905509239299, -7.2429300923285, 32.50702989200835;
  -21.3400973546092, -7.401947913510123, 32.60060578877084;
  -7.68301470728662, 1.846901909168983, 12.42898377833301;
  -7.567646784758496, 1.092108209570787, 12.26218229818203;
  -21.66094100258279, -7.659773297622035, 33.1527885861542;
  -6.498740095895156, 2.235670350783245, 10.69612275605315;
  -20.7281188221982, -3.649602124875924, 31.90146507571183;
  -11.00697319283159, 0.9740467989616054, 17.46926606344093;
  -21.75096910069391, -5.91908785788739, 33.61019410573352;
  -20.14087620118104, -3.397417894407587, 31.193627280757;
  -6.507743141499688, 2.166669541420719, 10.79677736769718;
  -10.75630692848264, 0.8817301022298721, 17.15679545248213;
  -10.61671142992168, 0.559426910157462, 17.00588932788445;
  -7.441246978017735, 1.137305367979846, 12.30639234006992;
  -19.78776556875921, -3.418995179435593, 31.01653435062609;
  -7.526436388353012, 1.571637702784973, 12.4793055420566;
  -7.150380527257189, 2.124275235312086, 12.04466547585684;
  -6.000173003123105, 2.20026059382157, 10.3192573718656;
  -6.398668294687949, 2.153725996907732, 10.95569583114699;
  -19.94270900828727, -7.579189442949206, 32.26015212900825;
  -5.689285954572677, 2.208141619355828, 9.981428443167822;
  -19.93570822292632, -7.427173528531244, 32.57734663714282;
  -6.630930978277199, 2.180327051978206, 11.78639465696098;
