m=[-5.460838031134891, 0.4578046747976817, 7.889745059693789;
  -5.610506853267882, 0.1964617939342689, 8.19602570342005;
  -5.624284392754248, 0.4649953015599273, 8.401920554762123;
  -5.435884515606525, 0.4880273995879623, 8.204565880827357;
  -5.469362009954644, 0.5452693784177559, 8.264111953655638;
  -12.60116309995043, -3.358735772329177, 18.10039535579151;
  -12.32694208206762, -3.24224498970672, 17.97377413501853;
  -13.34788087735411, -4.187147257325325, 20.77491605122691;
  -11.50551934751245, -4.260053160852495, 18.13643981570894;
  -8.341724758201588, -0.3310807277118013, 14.54112850245778;
  -4.272484919971801, 1.082864442097413, 8.577783251851214;
  -4.239524341833659, 1.073165491563139, 8.666026914582083;
  -7.395131896534396, 0.8673056420539673, 14.40691842341429;
  -7.541886611165849, -0.2263834635456999, 14.67693223675635;
  -3.757397641170135, 1.10764337888839, 7.819581186261361;
  -8.136431647425239, -3.193795767450683, 16.07633398139734;
  -8.072069486016769, -3.19487846611914, 16.14237640117192;
  -7.315358791065458, 0.334750690138135, 15.46322983221503;
  -7.333186456374247, 0.4386057988239858, 15.5524925981783;
  -6.449188052229347, 0.8074004155364891, 14.7428121905185;
  -6.087629773747743, 0.7852463945702, 14.47183558048167;
  -5.39285577333909, -0.9719536179292637, 12.9914771277576;
  -6.740508873335231, 0.756013455892889, 16.10023018436624;
  -5.577156520027867, -0.9368760586978168, 13.49659529183256;
  -6.265004083917228, 0.8187784555218127, 15.29469275016254;
  -5.251283690400039, -1.251499824105071, 13.30631938398078;
  -5.176090454550916, -0.9429439379518708, 13.30083585073099;
  -6.414726042745441, -3.256745510339273, 16.57489118047197;
  -6.519804411319957, 0.4097990647117614, 16.80971283346374;
  -6.397152486743766, 0.5807437718636134, 16.56276747110716;
  -5.668772134076674, 0.8098721420582887, 15.02046528876412;
  -5.872947226768615, 0.679618900284882, 15.53762888999559;
  -6.580961835886591, 0.3153111948783111, 17.39163084719547;
  -4.946390033261246, -1.452864401185657, 13.52338473461549;
  -5.977946409467847, 0.6211436439445338, 16.93590287479075;
  -5.822258783306279, 0.711079410190798, 16.99163754421393;
  -4.702332525038521, -0.2130480075058578, 14.35234120398513;
  -4.696452940482468, -0.3481691707291513, 14.51936055588381;
  -3.711515594901834, 0.9723690576511481, 12.55412274960262;
  -4.02102960921093, 0.8048389396422929, 14.82062849811431;
  -3.47811020418429, 0.9693291864545087, 13.10703671264547;
  0.7238678945563277, -0.4997885171396264, -1.959487127498473;
  -3.156454752687517, -2.68067213122084, 13.79705435966362;
  -4.457671119489143, 0.4791758745323722, 19.6864818761618;
  -4.180877611147569, 0.7889974072391707, 18.52924957856244;
  -4.333289085683354, 0.7021203554540657, 19.289757627125;
  -3.851563020142339, -2.150906378110856, 17.35479661362934;
  -4.376735712773447, 0.2939542562070854, 19.592603613292;
  -4.434948158822174, 0.5762538408271479, 19.94097647955545;
  -4.455920512933854, 0.3203618316347472, 20.24199053029261;
  -2.840723691462205, 0.9474562460804175, 13.35281069353262;
  -3.758370919478888, 0.765604405982829, 17.40324609703511;
  -3.442617186323556, -1.887900101604052, 16.08119787367368;
  -4.252719738763483, 0.4737280306606369, 19.64549778270346;
  -3.193207641135381, -1.668497498234855, 14.98583840728193;
  -3.431398963918523, -2.308465125107444, 16.09857272225194;
  -3.482368137927197, -2.017666623694329, 16.51402577363614;
  -2.773763866849401, -0.5842064221821232, 13.45627276610036;
  -3.393863994971985, -2.142180780116026, 16.25662999244122;
  -3.543710420205755, -2.153229583164298, 17.13964609920499;
  -2.909373059137929, -1.344029670667141, 14.26234110056568;
  -2.801798904836292, 1.01765167290645, 13.99248900620604;
  -2.811186646141699, -0.7886398327681059, 14.09345859017769;
  -2.939872416371337, -1.796970639885747, 14.84552596444929;
  -2.802843590324961, -1.925235314821931, 14.2810317279955;
  -2.714185790964501, -0.6803182247515919, 13.86546422054854;
  -2.831705014165104, -1.137607447864839, 14.55704767221025;
  -4.251937086187446, 0.5473985613987445, 21.3936704161031;
  -3.092680342980617, -1.743560672110091, 15.93068380325845;
  -2.95228887373925, -0.8746592461963464, 15.26799990117093;
  -2.83330121738473, -0.9463965051848866, 14.68363904786002;
  -2.847480228876636, -0.5905222666043268, 14.8568436888671;
  -2.732121013066691, -0.703590937646628, 14.3667249958246;
  -3.089305447251699, -0.5327193490562299, 16.17410996137192;
  -2.761533723889453, -1.887474092703315, 14.76969804370183;
  -4.261841618916088, 0.590174385077357, 22.56689206197715;
  -2.975928313799131, -1.68955599514667, 16.20005084723043;
  -2.398966082011635, -2.104849286540463, 13.28928010382063;
  -2.970059845520083, 0.7495475910482381, 16.21186850011721;
  -2.448942664382221, -2.310314892593336, 13.75861797963663;
  -4.034632542116612, 0.3295210862736182, 22.09385840043485;
  -3.939831387736739, 0.3319811466965046, 21.61918659467539;
  -2.638740076206161, -2.578364372677585, 14.8641562390566;
  -2.326196109735466, -2.024863838222365, 13.43923205976208;
  -2.474167756390258, -2.557309824088271, 14.3513837064785;
  -2.9922760767136, -1.452031863534389, 17.16854880079884;
  -2.486328284756112, -1.58690594621194, 14.61299327719775;
  -2.449505122827385, -2.20096113436925, 14.45174438406652;
  -3.723280953488948, 0.5100806812183152, 21.47245658547888;
  -4.070269528207179, 0.1875441778771914, 23.39978392006846;
  -2.632725860036981, -1.928825357990624, 15.59541504511226;
  -2.851620619982328, 0.7324649744096923, 16.79972352933495;
  -2.390118401513456, -2.084141313617363, 14.39980128501949;
  -2.309023902597026, -1.446975530703869, 14.00138353128956;
  -2.307491233061302, -1.8090806946193, 14.00137085891777;
  -2.262728212757294, -1.842995204772894, 13.77008898810878;
  -2.369634302790155, -2.307192799846627, 14.50864423161322;
  -3.232210122079851, -0.08615606575006593, 19.6348373078233;
  -3.151129053645275, 0.6710199383219585, 19.24313144559674;
  -3.97174444786346, 0.1578422432163045, 24.03486144377508;
  -2.294376040559879, -2.161665030475327, 14.42263808145595;
  -2.316780031229849, -3.183669014518726, 14.70085096948726;
  -2.590580502695728, -0.6847131805070698, 16.38790179995609;
  -3.922459911770868, 0.2738731668313699, 24.76002548688054;
  -2.513585733673823, 0.6667699146498326, 16.3655389638335;
  -2.15361760836195, -2.412375025049003, 14.20086991493166;
  -3.13792084683836, -0.3305008272777754, 20.27489538819365;
  -2.112762648029783, -1.495934887136438, 14.09014921467349;
  -2.327328343359498, -3.101467786525187, 15.33413375883018;
  -2.282634093483965, -2.793972283728083, 15.08975183332035;
  -2.764358208185732, -1.51496889472907, 18.16956213576703;
  -2.169768309340843, -3.159153984053759, 14.51290432221769;
  -2.278360826278959, -3.26404200969301, 15.20368540578978;
  -2.424388087792524, -0.633799343665143, 16.16912249830515;
  -2.201325516575532, -2.602311542623796, 14.89386269936528;
  -2.269526760731115, -1.635130703047385, 15.44242131141132;
  -2.084222133139163, -3.103118474346151, 14.60862918193912;
  -2.104477067561768, -3.218378941010797, 14.78047076448947;
  -2.74971124489748, 0.3911794139719735, 19.05555104874635;
  -2.219856358647664, -1.697951195128078, 15.61818250620211;
  -2.155471363263314, -2.624046871684365, 15.39888731367305;
  -2.289919132137874, 0.4575719417602258, 16.34732699701974;
  -2.387492425116638, -0.3406196152718877, 17.04594152367335;
  -2.028474234290453, -0.6177482685076238, 14.67971268509482;
  -2.082003006307665, -0.8080010704978738, 15.12382373495777;
  -2.090932590957128, -1.510630024891794, 15.28587500400924;
  -1.994293142461125, -1.653455745441967, 14.7708463478032;
  -2.188013685551087, -0.567346648005826, 16.27173112201179;
  -2.143571348152917, -2.936740133916099, 16.16541620118423;
  -2.003045195691107, -3.224214025231743, 15.39488644319576;
  -1.824153595921799, -0.4151875419849788, 14.22159114177121;
