m=[-7.737885464535371, 2.095085974720062, 10.29045829388712;
  -7.47228170337197, 1.452408565143157, 9.980484357833205;
  -7.509495350136433, 1.192392039910142, 10.05648116601353;
  -7.458464548721363, 1.558294627473697, 10.03265611857044;
  -7.460268060677063, 1.596433605632029, 10.03492306913282;
  -7.475958320734793, 1.816423421876104, 10.05274742241853;
  -7.487946274451842, 2.126822313547317, 10.0729899653513;
  -10.7701165023086, 1.163214097996018, 14.05314304621148;
  -7.60943837848983, 2.060705140738791, 10.25018447763952;
  -7.345900929201267, 2.141667981222745, 9.937765741999261;
  -11.06056338669367, 0.6133456245936471, 14.48734223084193;
  -7.696401383999559, 1.313500162404677, 10.39602134452872;
  -10.91508450510503, 0.7927361210573891, 14.31827233103698;
  -7.572350348923253, 1.963617626046884, 10.27752596410285;
  -11.06685133138212, 0.3813420904707698, 14.57885141933174;
  -11.10255945809957, 0.3825725228025578, 14.62589130974755;
  -11.62706008291899, 0.1193058393993968, 15.27597365871786;
  -7.457146949789737, 1.75500067211192, 10.16400703612926;
  -25.7497397158357, -5.215304047908542, 32.62560936911454;
  -7.47847500039889, 1.701108055273833, 10.21027723085244;
  -11.12086426467632, 0.5321046232908654, 14.69997363430114;
  -7.546258331682393, 1.173900031169668, 10.30924703057393;
  -7.56357570523121, 1.265688020065973, 10.36811267491539;
  -10.8856110775866, 0.9999926221217929, 14.49437859140908;
  -10.99115596873981, 0.5034015381574969, 14.65628080321128;
  -7.468352821810653, 1.616004981704591, 10.28231383764318;
  -11.09796250780518, 0.3586933492780193, 14.79846652711803;
  -10.93478130824222, 0.8897683260199052, 14.61895775912792;
  -7.524094608020654, 1.154030728898632, 10.39979403351761;
  -7.444104621850169, 1.090326961553674, 10.31800208760163;
  -7.560110743029011, 1.907678357728328, 10.46171030245848;
  -7.421327713019589, 1.463243931737031, 10.29064510504874;
  -10.75396977105532, 0.8489410941198073, 14.47420183187221;
  -7.489819606726222, 1.721941518654833, 10.39601883538013;
  -7.506839914077638, 1.227088357118578, 10.43524128853762;
  -7.536779949011383, 1.80325255555993, 10.47651865740576;
  -11.40966349691805, 0.05311747488090313, 15.34056666710916;
  -7.702827341508901, 2.071127869079311, 10.71198778817311;
  -7.526877173786756, 1.531794231250951, 10.57257879080714;
  -7.574264717492368, 1.271706727608674, 10.68734855293546;
  -7.519838365457266, 1.192716285042665, 10.62349361217688;
  -7.526942418722525, 1.08581745272242, 10.64293626015025;
  -7.60284878323356, 1.336635744780027, 10.762959025541;
  -7.711230584336075, 2.130656895230947, 10.93365192581151;
  -7.404011931312366, 2.138414572428548, 10.54443979859176;
  -7.557428177327328, 1.482890421385913, 10.75514600526975;
  -7.546385350150223, 1.667155549918808, 10.81043918795245;
  -7.547159179484458, 1.751005522780178, 10.81578964963074;
  -7.660094540791664, 1.829655101686833, 10.99172890701711;
  -7.767312449686989, 2.162601567582489, 11.1488017590713;
  -7.550815265129854, 1.707092270074179, 10.87772713910987;
  -7.490815364636973, 1.100564945163982, 10.81016809719921;
  -6.974897048774521, 2.15484480231732, 10.14164197410658;
  -7.707121456515341, 1.965782732289626, 11.12011128532294;
  -7.589025452437455, 1.404502559783844, 11.0030702460718;
  -7.730205427264203, 2.136218048929564, 11.18982836871269;
  -24.34097465800513, -5.942937387070571, 33.27293086768603;
  -24.74196094636766, -5.802848206941961, 33.88753880539289;
  -22.94414463793073, -3.678469316515871, 31.4916078719444;
  -11.13908412816581, 0.627366020094945, 15.83941398163734;
  -10.71101764955078, 0.8584068150550056, 15.29759066102557;
  -7.506408350465739, 1.504890961079832, 11.03349036341206;
  -6.473657199273375, 2.160759460268675, 9.669365652872569;
  -7.61613482697154, 1.953366505715712, 11.19869865945503;
  -23.47213888242135, -5.642642605044903, 32.42175321039065;
  -22.75712333574581, -4.952647787863919, 31.48346989114991;
  -7.557718222819855, 1.822182009833779, 11.16442587286399;
  -7.535597942611515, 1.770974545525593, 11.18469669345038;
  -7.658060987335616, 1.983717087015096, 11.35239683430501;
  -10.70573267194274, 0.8975059205942229, 15.46749802453099;
  -10.826719767406, 0.3791166900882199, 15.81605295530484;
  -24.67239844103717, -6.699183259267629, 35.34515468304059;
  -10.77647893464416, 0.9662962977460665, 16.0383536296986;
  -7.214462215832659, 2.16623065842005, 11.06961108475909;
  -10.58860336867903, 1.041253819901188, 15.77820989519661;
  -10.86025344109092, 0.8978861080288136, 16.22375048000438;
  -10.83678652199474, 1.26126728746411, 16.23460031694152;
  -22.48348110280388, -2.843089660590093, 32.58613922159734;
  -7.368518695454314, 2.173363055769471, 11.41105369751327;
  -22.57261346410874, -5.937072018457751, 32.91287111920278;
  -10.5605160345137, 1.052833219565545, 15.95675814450622;
  -6.796772550761336, 2.171233098950069, 10.63137610368577;
  -23.51178928794739, -8.103615696101139, 34.65765201097801;
  -10.32664760070901, 0.982637479238495, 15.79993876587386;
  -6.48820069312722, 2.197361323156195, 10.30805898712174;
  -21.94071490520485, -3.854566972410942, 32.58806291373665;
  -7.32012401778471, 2.197267572879307, 11.549330792486;
  -7.368608630407231, 2.18091300078294, 11.72497519914725;
  -19.99827512260237, -3.208960915875498, 30.22709549001335;
  -6.630714785316555, 2.180030679342722, 10.70075627765303;
  -6.04380218996265, 2.23188388935399, 9.858686616918591;
  -5.797824619758629, 2.22717685658219, 9.592806783402311;
  -20.52933961068395, -2.075534468504142, 31.51780481793893;
  -20.31104599047241, -4.510900122302314, 31.27028305408241;
  -21.45599043784625, -8.107611759885511, 33.47191106028073;
  -20.86240748380368, -7.724550475297392, 32.88593815824635;
  -6.0616891645953, 2.209206883242288, 10.34453450688496;
  -22.21831260977216, -6.638683744690972, 36.06091923234131;
  -15.79589102666576, -0.8177840411178415, 27.15838162873989;
  -6.222992923139229, 2.219591955250341, 11.36210174053711;
  -15.54172498549954, -0.6168467274153044, 27.09202553606313;
  -8.529953915368967, 2.050052006732943, 15.35022381447146;
  -8.474826713056316, 2.177474087421197, 15.51947149096944;
  -17.27518523947187, -6.210170247282137, 31.0111002622759;
  -5.281479244709057, 2.176325631322558, 10.29334981630815;
  -7.474102311551657, 2.241892085934676, 14.67401506475911;
  -7.805449114278985, 2.23036477601039, 15.4412290521139;
  -14.02198833174586, -0.4208955196486729, 27.28757182121159;
  -13.65349465669705, 1.601290296804102, 26.59922587800491;
  -6.985492632871171, 2.175191557195624, 14.14764255159018;
  -8.230703391045211, 2.086077821819973, 16.52461998604985;
  -5.436719687511157, 2.244103515039656, 11.30099458173693;
  -5.452544782205778, 2.226843515833457, 11.39259478509716;
  -15.00808326344368, -5.891127078969821, 29.65365769896088;
  -5.245208637345204, 2.228865671700624, 11.03157208433698;
  -7.561270325922826, 2.256249105458412, 15.48445076969145;
  -8.233173496724941, 2.084091744810201, 16.82945947756553;
  -14.65963373048566, -5.802198334374589, 29.3160664673104;
  -5.184409208268433, 2.203478421874811, 11.02191168070274;
  -7.094198300467443, 2.091298959134633, 14.76385117031873;
  -5.241658368884052, 2.188390873497973, 11.41895406209574;
  -5.107065492495924, 2.228887064329321, 11.25345331576285;
  -13.47558700651183, 0.6166426253700279, 28.48474079770372;
  -13.43012977227072, 0.8032705607746206, 28.48311509851982;
  -4.885176301959718, 2.192537330287348, 11.14574863589305;
  -7.872476763731966, 1.968127479873382, 17.35554843132154;
  -4.319951201787384, 2.242698847749252, 10.12070714859801;
  -6.473676265248163, 2.2360385017189, 14.73323912012745;
  -4.82910691464539, 2.250650515317051, 11.28326435409572;
  -6.367353833807688, 2.303816676403487, 14.74705441275473;
  -11.34962180957539, 1.700622053731305, 25.73541275895124;
  -6.006272384507405, 2.255213718958211, 14.14786830279613;
  -11.70321453650871, 1.46517363168274, 26.75349091075908;
