m=[-8.31006979864207, -2.49411650300085, 12.80672698430603;
  -7.449751632094269, -2.590623196321164, 11.92101741609169;
  -7.719125722626298, -1.786977216815587, 12.52329398488507;
  -5.095111328583049, 0.5949745389784149, 9.531353725442854;
  -5.205854447097198, -0.1594212473930148, 9.736302124771465;
  -5.543635257130863, -2.184983094122881, 10.67358639913032;
  -4.819623865989391, 0.5696840010712047, 9.463162925149151;
  -5.358154165366755, -2.02512115775735, 10.57245890693102;
  -4.977920953606923, 0.5820304598643068, 9.904236219618053;
  -5.076390007381397, 0.2287630571160035, 10.32857134872448;
  -5.084405614513304, 0.3000940680439448, 10.37934487584016;
  -4.552568817777776, 0.6233336073703107, 9.491475422086353;
  -4.326687153304147, 0.5346968739531062, 9.495770691054528;
  -3.958940017898943, -0.6096856088625967, 8.987070803187505;
  -3.746476073577675, -0.6738414641534251, 8.621302999781074;
  -3.635229548318598, -0.865684655235236, 8.809913236816851;
  -3.624024214702257, -0.6175418926338562, 9.100586986054973;
  -4.355379903623979, 0.2685129241520047, 10.81947110498311;
  -4.28473569973524, 0.3847778064213521, 10.69353802791973;
  -3.587558451882341, 0.4327571328941104, 9.733358024188517;
  -4.073480266505288, 0.3749483604668701, 11.28938461353216;
  -3.197655055987803, -0.1471327476473021, 9.353440120459673;
  -3.162553525250652, -0.2327618630621857, 9.378451098541827;
  -2.757532940543063, -1.355984600844971, 9.335955653827492;
  -2.479510593478484, 0.6807896590362155, 8.565334389234925;
  -2.797595766554779, 0.553624372144754, 9.888151290450489;
  -2.269982170487224, 0.6777703135565867, 8.279821242623466;
  -1.197869015082361, 0.7256273575899983, 5.42499754193679;
  -1.898969583924615, 0.6704129683109443, 8.256874170097481;
  -2.869410914008536, -1.788588343954615, 12.41855755469435;
  -2.955789406821775, 0.3732603753124126, 12.83555789021388;
  -2.563256907082807, 0.3716847991709058, 11.31568528429794;
  -2.980226340263373, 0.3146519716335041, 13.017664191143;
  -1.870062817682766, -0.6143533202228692, 8.597333157476244;
  -2.332285638214661, -1.55291066227801, 10.49077961600559;
  -1.904230204855913, -0.3573717974073081, 8.79361541238557;
  -2.297633540316669, -1.405679397729394, 10.44937681797549;
  -2.907934889758604, 0.3166322562283462, 12.97680102783408;
  -2.388822322760828, 0.5583646209924748, 10.93009442299687;
  -1.953947928913958, -0.8984376196633268, 9.181972318705109;
  -2.399382697101495, -1.447888751964312, 11.15571205342719;
  -2.871284434375401, 0.3079252378040872, 13.23523361893976;
  -2.361560840087569, 0.5053493380911193, 11.09055074224868;
  -2.866056220454983, 0.3721381151915916, 13.35896098223667;
  -1.964841529470043, -1.330966640208372, 9.53265471027694;
  -1.804887113813012, -0.4484165453140537, 8.798162076338137;
  -1.888792087986472, -1.055588432310636, 9.308321307578613;
  -1.848557191125517, -0.6165744833507304, 9.171017133892418;
  -1.780291940523909, -1.221921608403594, 8.940387465227227;
  -1.814439923276261, -1.125489518526724, 9.083436165747012;
  -1.803212334480189, -0.4631879431929135, 9.055336168184232;
  -1.941501756390028, -0.5632937799662787, 9.730629250190509;
  -2.841668691124806, 0.3604031101804963, 13.82085336743857;
  -1.755127355025042, -1.186168500564766, 8.972474545125701;
  -1.752156040812262, -1.754510387553532, 8.982831091473383;
  -1.684684596988488, -1.465438215401777, 8.876969926930986;
  -1.770894793205744, -0.6226667477517526, 9.266288987148533;
  -1.742393530346428, -0.9165484058538166, 9.221388309761776;
  -1.662612583779239, -1.558658335765562, 8.923636489208018;
  -1.633365596608563, -1.576561064655078, 8.784820088090333;
  -1.667919680700107, -1.51610848588889, 9.089027360058402;
  -1.754349642358137, -0.9719667167754471, 9.629681840017181;
  -1.567304857979646, -0.6000413316189367, 8.830337713878443;
  -1.613221812239051, -1.660529638923711, 9.140621317024108;
  -1.646764673245561, -1.883667210594038, 9.36450845665645;
  -1.541504552871446, -1.345698058957689, 8.839467438150765;
  -1.492159845575062, -1.207150589604283, 8.655022842897852;
  -2.630246904780724, 0.114974201512046, 14.62345843768115;
  -2.659263010798272, 0.3563145201012938, 14.79182898349016;
  -1.703100022018208, -1.639819978889694, 9.907372318768289;
  -1.483199536907066, -0.5909458733208702, 8.808597079697213;
  -1.63409992951564, -1.375466537385639, 9.658715114591855;
  -1.578032289100056, -1.725038487871069, 9.376311315214883;
  -1.578430849431846, -1.474585632822905, 9.446907944044687;
  -2.609638631618835, 0.09552521087886547, 15.25793868865689;
  -2.183738088597438, -0.3646861224782271, 12.98188652152947;
  -1.994044859910371, 0.6670981415917083, 11.96601055868837;
  -1.602383699654291, -0.9810308598215701, 9.866267913346654;
  -1.675754719556326, 0.4339536087574103, 10.43145703705241;
  -1.568429924049028, -1.898639223752301, 9.879581589606119;
  -2.212677267126737, -0.1308889958155874, 13.58884358537421;
  -2.468623438999754, 0.1602095622625054, 15.06674243701248;
  -1.552760518622712, -0.4052525130770858, 9.911346376109096;
  -1.494448267785851, -1.747281894239108, 9.636593447179966;
  -1.514751236699921, -1.709465456504113, 9.864245744550464;
  -1.4985690208877, -1.069243873055424, 9.731909314071505;
  -1.475996558301257, -1.772208907531001, 10.02850634245976;
  -1.573913813844131, 0.3064395374751441, 10.74584589920949;
  -1.566714686607654, 0.4223001889534445, 10.76537511257854;
  -1.655730600914447, -0.2512357151244101, 11.32103794224191;
  -1.397852921637885, -1.007788321799813, 9.765053956164953;
  -1.371336802749759, -0.5730691517471169, 9.674700063199694;
  -1.278622651031521, -1.053064106837215, 9.358796340506176;
  -1.302320616426283, -0.683813289522935, 9.65458251188169;
  -1.493767591581544, -0.3324449993867312, 11.03942587409616;
  -0.7452125464860739, 0.7047640641616503, 5.994797708071877;
  -1.247488457508286, -0.8309390561830383, 9.431126062142184;
  -1.495861552667353, -1.346675244528491, 11.19128876500254;
  -1.446108172047625, 0.2921471291060528, 10.89973811132035;
  -1.368723334670855, -1.075532391142348, 10.45757277211534;
  -1.294370147826365, -2.146754790801501, 9.917994627312851;
  -1.336290847982617, -1.182868754804088, 10.28232886702258;
  -1.212384908800513, -1.683429548701403, 9.58822605830728;
  -1.185445480809941, 0.6559015119902404, 9.328339129906514;
  -1.202596728574484, -0.8049465232919463, 9.476529905281085;
  -1.238049918977561, -0.4304953310156035, 9.732071405985916;
  -0.6854096743789064, 0.6877777996004189, 5.891667942975163;
  -1.453297519804664, 0.5369159641523555, 11.37156282890766;
  -1.239509666152609, -1.365595401842439, 10.0922204134491;
  -1.246890945195311, -1.830739761664703, 10.1968990515136;
  -1.1884729615933, -0.6342570041145321, 9.965088942244208;
  -1.448672178214633, 0.4789244762461596, 11.94539109331746;
  -1.143631963610221, -0.8890300880651531, 9.886782454758599;
  -1.23320266063773, -1.185978101192255, 10.74623853721027;
  -1.06727728069818, 0.7261134846500179, 9.484506978361123;
  -1.18832070418161, -1.050347681601988, 10.5579773835728;
  -0.985913626335852, -1.333555735698425, 8.950837049310433;
  -1.052340485842284, -1.230251153942145, 9.537293275905224;
  -1.088085507234944, -1.344040753576321, 10.25478958397664;
  -1.033036080722637, -1.42869571738137, 10.48134340068468;
  -1.199820798786675, -2.771496294909353, 12.37190175725891;
  -0.9282959520030416, -1.462648946937426, 9.643622516248586;
  -1.024995009201784, -1.810838940981242, 11.45329985360112;
  -0.8973668049636793, -1.274507815418656, 10.11806883784065;
  -0.9812563488115094, -2.900935828621131, 12.47362876277204;
  -0.809949262944343, -1.438990956365307, 10.47323647946694;
  -0.9028716542801919, -2.657022352200023, 12.1617924983611;
  -0.8747487420255365, -2.569387951526149, 12.30415063303764;
  -0.8269903294370724, -1.767166027550756, 11.55957479326225;
  -0.6929935685259278, 0.5296491691491115, 11.37682843210454;
