m=[-7.961834926863993, 2.050527547556628, 10.63291138763326;
  -7.865984207340564, 1.419417815876279, 10.52602962929945;
  -7.838000617165957, 1.309288782863096, 10.51699083992699;
  -7.910462769897246, 1.87143760640949, 10.6630022128781;
  -8.059391906151486, 1.490978437871618, 10.92687875167439;
  -7.984328938319634, 2.234348477434324, 10.91983740046343;
  -11.97795462655446, 0.6796468060211207, 15.91865044224232;
  -8.004769210007979, 2.262609193945278, 11.03243937803543;
  -11.16963254327184, 0.938936492195437, 15.05759615256521;
  -11.58272598122894, 0.453498769994434, 15.61674755057445;
  -7.053248661770339, 2.258817220148026, 9.965384597366159;
  -11.63777016787311, 0.4071479557915357, 15.88641151639346;
  -7.855704007535765, 2.321453257345819, 11.06791604735971;
  -30.09804120525268, -7.340902292874772, 39.82128575968858;
  -27.68442291139453, -6.478929642698287, 36.71886013903353;
  -28.2369490235946, -6.34453004459545, 37.46188285189777;
  -27.37382594444527, -7.154859898455261, 36.62958364249614;
  -11.06940620980413, 1.482341539310031, 15.42387291901054;
  -11.28333176538649, 1.102640987951198, 15.70849288474368;
  -27.51734117495712, -7.349354189688315, 36.89836409446926;
  -7.69840120876406, 2.317689077297308, 11.06390742475514;
  -11.66854232166392, 0.9606664044411158, 16.31658709587805;
  -11.17636864910364, 1.417580788732846, 15.68283730591639;
  -6.86075255647391, 2.264338301869338, 10.00857767123629;
  -11.35312725314273, 1.325488901304416, 15.92257385943864;
  -11.44518895333341, 0.574471238058316, 16.07137172192616;
  -11.37500998453365, 1.141839514355117, 16.07142777739644;
  -11.33776443666659, 1.135812722307823, 16.09189327720755;
  -26.51132736372235, -7.052380200472567, 36.84814863867942;
  -7.342328764610068, 2.263194573253781, 10.93498934865689;
  -25.9252898831324, -6.80245469306874, 36.56819653155282;
  -25.26224261850766, -4.455478220263037, 36.30070504736207;
  -24.65069044029362, -3.952059953706, 35.94924133229026;
  -24.39010105962258, -6.42546198762884, 35.86127630167403;
  -23.24835612302167, -2.356504771634519, 34.49041881923251;
  -24.44131628189563, -5.418989870049662, 36.34299774867716;
  -25.14244972359001, -8.97817630612143, 37.74295663390098;
  -6.849402495321742, 2.322711973157051, 11.01336527746787;
  -27.98624118328601, -8.68829781170996, 42.28304730098306;
  -24.85953071675678, -8.979514425581602, 37.88163030713773;
  -24.63280780225696, -9.103618748948081, 37.55331083406563;
  -17.64347663960193, -0.9147601937529144, 29.15262647647269;
  -9.284913106491393, 2.388028311891522, 15.86471935866222;
  -17.45083581964545, -0.6937120861978872, 29.23124136972964;
  -5.815235740642628, 2.290789859258529, 10.62945920200183;
  -7.692475858680029, 2.304722737350027, 14.0301968448198;
  -5.362635482644972, 2.27880625021043, 10.21633509724072;
  -8.216992994856506, 2.350923766959958, 15.1599193587846;
  -5.672545074671957, 2.318452445138584, 10.77227937494124;
  -8.907300810738242, 2.299584038141319, 16.40485824717767;
  -8.99470910486772, 2.274395873815766, 16.91520273227796;
  -5.436346971807569, 2.262992135172075, 10.7592583349868;
  -8.850083966786436, 2.238602681621743, 16.96635524293677;
  -15.66897871020408, 1.829723196050143, 29.31174001352424;
  -15.7938337659501, -0.4836617515285424, 29.5385779253686;
  -17.20466235882964, -6.740317010761672, 32.75219833192121;
  -17.39905669686852, -6.857710324185167, 33.499739124884;
  -5.165861825754235, 2.316795698185066, 10.68317606387645;
  -16.41393668034395, -6.203668171458583, 32.3872112854793;
  -15.11472163438292, 1.767249513515587, 30.07275022160202;
  -5.00328034383953, 2.330996081203749, 10.60950632440524;
  -15.48072725727131, 0.6976253772076181, 31.49753974268619;
  -6.830871044508219, 2.355452332776568, 14.44007950946591;
  -15.58593501717235, 0.9199200453678877, 31.81724807593874;
  -6.059045113998793, 2.333759270581261, 12.98077560022949;
  -13.92857097703638, 1.907087347856386, 29.03914128152765;
  -5.779208091398282, 2.322090488176636, 12.62203791966499;
  -5.214291299967788, 2.319979241269905, 11.77850231132883;
  -5.527804568546757, 2.361919604450693, 12.49357444179858;
  -12.36407528150946, 2.171344583453874, 27.17698090200291;
  -13.94836977044927, 1.723755254018236, 30.61245617286543;
  -4.311155547223161, 2.371009227589827, 10.44072688342634;
  -13.03623370896362, 1.663350493951474, 29.74157026068454;
  -5.666262847271568, 2.355445005434858, 13.49800987517606;
  -11.55698983070312, -2.078641047156223, 26.59467433906045;
  -4.325659399961703, 2.39067608323937, 10.60300596001438;
  -13.9938040282272, 1.568313326308945, 32.23388030139793;
  -11.88282847792169, -1.996023811621071, 27.51708475190532;
  -4.65517616441234, 2.389182130814878, 11.55179848768612;
  -13.78012639856822, 1.78466525788085, 32.32074232537423;
  -12.42761245476469, 1.406784065105557, 29.35393415694948;
  -11.12057591007084, -2.64822669236381, 26.95051512124574;
  -4.329236386097508, 2.412895140110608, 11.16220525276921;
  -10.91302867327697, -1.989096113449209, 26.82652873285029;
  -14.53250290631259, -7.614951376199512, 35.72274904930866;
  -4.263859792319481, 2.391679851049063, 11.16469742967314;
  -14.46478576760903, 0.8917665070873054, 35.93287729554817;
  -13.6845617531167, 1.228900922296593, 34.15295405768241;
  -4.339185867866676, 2.343773443668703, 11.60911340406529;
  -11.88018370333172, 1.677006932558098, 30.26432607679416;
  -12.38563355709398, 1.422424798924374, 31.53740442718453;
  -3.789935587099361, 2.310175599230042, 10.40751636618725;
  -11.50813096257205, 0.6293181089794087, 29.79049898823993;
  -12.82486575500338, 1.317276793487133, 35.03634353323106;
  -11.79671488098381, 1.436165176972117, 33.25922234116577;
  -10.14495451961347, -0.4667967642202556, 29.67494084338574;
  -9.97344224546702, -0.7340388011342904, 29.57592326467593;
  -7.391967773466774, -5.734944364373223, 25.01342165683722;
  -8.669379896355881, -4.26306625951617, 29.35121646910318;
  -8.741900635548435, 1.729960171003341, 30.89840107845174;
  -6.533253817542799, -5.503546137429497, 27.25478844990961;
  -5.60189699371437, 2.056947612736597, 24.03822113542107;
  -6.026556387145231, -1.349626900282481, 26.18951719069663;
  -7.014936746649343, -4.906840173327106, 30.88857470551633;
  -6.316492309807127, 2.087874503844983, 28.31949069042556;
  -6.317271366403674, -1.875790976779518, 28.35764048198816;
  -6.192024356912525, 2.177482103384202, 28.3484069084865;
  -6.608731914365951, -4.810944850404065, 30.25952342278271;
  -6.027264254811966, -1.980077766260629, 27.70944287902346;
  -5.657547503523879, -2.601376135454845, 26.58588993105299;
  -5.243459549587698, 2.168145406891399, 24.75634939578708;
  -5.368783619588765, -3.387601241341245, 26.38106212918631;
  -6.484718759318836, -6.903371874343593, 31.74501348299193;
  -6.231192530141011, -6.535940579871983, 30.73532450214965;
  -5.256925734088526, -5.263989389198496, 26.95083932584326;
  -5.283149950266251, -6.460161395439, 27.7079320654697;
  -5.040622823695091, -4.384631597198414, 26.56013909008811;
  -4.836818613625436, -4.534398286326417, 25.96035389923376;
  -5.335910391726843, -5.150340245657201, 28.69842054639869;
  -4.967581820791927, -4.267835774817496, 27.24412089067493;
  -3.465486434718951, 2.096658181086432, 19.45682225791584;
  -5.04153757142928, -5.160789758799969, 27.902979724237;
  -5.116133315223407, -5.852137058490958, 29.09345486587759;
  -4.917852840850771, -6.704388388598897, 29.247610103876;
  -1.706078698204014, 2.213095778829155, 10.91214628822639;
  -4.516882923569726, -6.511608052593802, 28.78895252035251;
  -4.543712663769374, -6.452365248925645, 29.00248093402799;
  -4.188158557155231, -6.319372342418076, 28.01448912816975;
  -2.244018071546532, 2.122217753327744, 18.0518087834293;
  0.9132594599113719, 2.011262933976539, 15.27996075159878;
  3.235026962529021, 0.8802064485073885, 15.86216982625716;
  4.409838777216841, 0.0763637670487089, 18.79647149635222;
