m=[-13.2651921927163, -2.980541925535116, 17.59889411268222;
  -13.24246257880822, -3.536807833887917, 17.75699195040457;
  -12.04182970582005, -3.159617553545094, 16.98526794751171;
  -11.50808256351171, -3.031752385181916, 16.92057476530016;
  -11.52476103968475, -4.162860481411817, 17.56174491215007;
  -11.09582636718389, -2.845566198344914, 17.83148421218838;
  -11.84544388501151, -3.924823415521575, 19.15072612155514;
  -8.367854707348098, -0.3326420582961624, 14.0166799587878;
  -7.434581735655581, 0.868162941966406, 13.90776839864593;
  -7.621110384127275, -0.2333847279642823, 14.25345905847814;
  -7.85272387671587, -2.967946941794482, 15.4946270547204;
  -7.377557540801734, 0.3324631509062518, 15.01059401044677;
  -7.392040741660517, 0.4362963432695814, 15.09016904059494;
  -6.632312326611002, 0.9080902086771738, 13.82745257881821;
  -5.773079615047839, 1.013852218348166, 12.68957612046689;
  -5.533842256433617, -0.9953172782199032, 12.73434820048031;
  -6.5469016616479, 0.733724232616492, 15.08039158479742;
  -6.375543440821323, 0.8256971343982855, 14.95358538630139;
  -5.257925488822909, -0.9583516609127251, 12.92509104704281;
  -6.614034379652877, -3.209460793648042, 16.11483217103633;
  -6.572188481307078, 0.4051810832220442, 16.32638367799748;
  -6.242202743113118, 0.5605622486541765, 15.57884478512634;
  -5.698189118474851, 0.6544070171071139, 14.50923716607095;
  -5.90817150787113, 0.6068443419163471, 16.14057648301412;
  -5.917623382600771, 0.5446947180304189, 16.40030686131828;
  -5.373547036895852, 0.6541906970771786, 15.14998009733426;
  -4.696098521949728, -0.2160801795875551, 13.73652741016713;
  -4.677954246549934, -0.3442943612030496, 13.87232335901967;
  -4.512177666959962, 0.8242198786532771, 14.02774490666813;
  -4.102165698015532, -2.017192046862025, 13.88836973740123;
  -3.730327418848149, 1.024221609800964, 12.88621303244425;
  -4.055941177095504, 0.8026420094246971, 14.33579520806831;
  -3.383783891884203, 1.010328759065904, 12.34244308732011;
  -3.161556201233122, -2.663262580253922, 13.18907053721614;
  -4.651936575501385, -2.456992964461579, 19.23740564697933;
  -2.780738755842941, 1.05042755387578, 11.95760930838546;
  -2.791282133925913, 0.9854353416925848, 12.13672169800397;
  -4.040752309328886, -2.548738218520226, 17.16030330545571;
  -4.187896044871647, 0.4371251973435555, 17.85670027135472;
  -3.625622696273815, -2.259957422784571, 15.69137550340709;
  -3.939451879032253, -2.184846607797965, 17.05470816719751;
  -3.215976273327866, -0.518073988702026, 14.16526074462134;
  -3.001067661846225, -0.7904613696182463, 13.32727243059039;
  -4.198886638500896, 0.530240076970281, 18.23372544692712;
  -3.970211004519528, -2.592589006497266, 17.3962106944934;
  -3.574049754476634, 0.5182547100716962, 15.77790431397184;
  -4.05388142507291, 0.2832535594379197, 17.76441419079045;
  -2.91200170748344, 0.9625427883079901, 13.05572795799045;
  -2.90489361052472, -0.6842293036470399, 13.04854873496151;
  -2.943035614778114, -0.8738772375523731, 13.21101169302402;
  -3.443312319697659, -2.292667899333682, 15.48825328388032;
  -2.749762958649162, 0.9669793408230175, 12.58900074684758;
  -4.081270041633617, 0.4443915667131332, 18.21286627072179;
  -2.817357020078324, -0.9255585551308178, 12.95237608925968;
  -3.363532909385257, -2.057790692616728, 15.29696628862054;
  -3.463288375406143, 0.8095108969370206, 15.84633088722462;
  -3.584798989888806, -2.249637288578709, 16.45627175659535;
  -2.45875518320817, 1.016683490494819, 11.60871020717424;
  -3.14056184531562, -1.629467964034158, 14.62906144968096;
  -2.852070670437043, -1.311400138325733, 13.40242160982214;
  -3.558948726864534, -2.147619817659665, 16.54700905269243;
  -4.081807217083336, 0.4377453668271778, 18.81515863033063;
  -3.476872221518356, 0.7440143171185664, 16.32836518225563;
  -3.963921933961287, 0.514688590803982, 18.47621762423578;
  -2.699467390091423, -1.63906141176684, 13.04722050128752;
  -2.733992212975564, -0.6792487650200149, 13.32720834511838;
  -2.688826034374886, -1.502703064267674, 13.25103849562669;
  -2.893559031703108, -3.035073913072534, 14.27246476101234;
  -3.185419711607854, -3.391070247031533, 15.59376673794277;
  -2.72380995200101, -0.9085094699602223, 13.51329991800714;
  -3.929288717925092, 0.498343765112462, 19.11064557891075;
  -2.634945936208093, -1.808522132319717, 13.23234525944869;
  -2.682436483776598, -0.6890326856733043, 13.47060667561446;
  -2.802880646815229, -0.4848783333648389, 14.0869349871191;
  -2.623852263180723, -1.77327924142356, 13.41352670172678;
  -2.5879361222116, -2.591413494565446, 13.26764998086164;
  -2.706815578178381, -1.268919318090849, 13.86810015487905;
  -2.680366720768272, -0.6400296136514584, 13.77128240261371;
  -2.604367379725188, -3.184583773775601, 13.6588276142558;
  -2.480646822453645, -2.157813194847771, 13.07106818785047;
  -2.749594717513737, -1.773405266513009, 14.523049211922;
  -2.837687929374551, 0.8066829860138344, 14.89090514670364;
  -2.496384232401977, 0.9108002896522618, 13.31898394011226;
  -2.398703287111748, -2.315282148695103, 12.90107791283274;
  -2.455324051934644, -2.231844658840334, 13.37984541106687;
  -2.339080991041095, -2.009592170576326, 12.82841583530156;
  -2.458687490574219, -1.046797103206576, 13.53201184944532;
  -2.806897593808244, -1.555112488814678, 15.40715153539804;
  -2.394844188943346, -1.512635384940048, 13.42602591464437;
  -2.295817267346308, -0.8789516878216153, 12.93484269943144;
  -2.487030870279498, -2.206395993886605, 13.96737776934818;
  -2.396141717549407, -2.466408717552575, 13.57669720051947;
  -2.520118463219401, -2.882661131309776, 14.33093085126864;
  -2.331323027877222, -2.03519144174683, 13.36853268084401;
  -2.324867443510682, -1.442802463298424, 13.4182108022384;
  -2.251465834506101, -1.82142571230397, 13.05924984205998;
  -2.232391923051218, -1.36722659832952, 13.14466868423278;
  -2.64304738174112, -0.7725934804587742, 15.46668528585387;
  -2.386573447253539, -2.008844047061025, 14.10637905963554;
  -2.215916500060371, -0.8828796657157749, 13.1601413873066;
  -2.32912520918324, -2.546101658796343, 13.83913574155792;
  -2.391302117558273, -3.26000363764771, 14.22162765708501;
  -3.057971026350876, 0.6298049583270139, 17.9496662977723;
  -2.383865917452694, -2.227030999626769, 14.2674364741587;
  -2.278128493013982, -1.563237152962657, 13.70200878560583;
  -2.685182531727033, 0.898314934013138, 16.11344016006515;
  -2.200951478950453, 0.9388548360142818, 13.43962844530781;
  -2.234282526825431, -3.220980913764863, 13.87179700608533;
  -2.461752676311922, 0.6374957177722357, 15.3242398658412;
  -2.279429743807129, -1.563339159248852, 14.34757589836952;
  -2.37225289261476, -3.134851739308127, 14.92879545523228;
  -2.317183057755324, -2.805031053418633, 14.59599738957231;
  -2.215812492438068, -3.194349446939997, 14.12277486891094;
  -2.212836778005503, -3.142371048635485, 14.12451913519108;
  -2.298784743090098, -0.5999561960699759, 14.67325550825456;
  -2.254573411976159, -2.636006469340918, 14.53807926066595;
  -2.152790747637134, -3.185353889365767, 14.05301416009545;
  -2.252994970849495, -1.607534277719485, 14.63125317269557;
  -2.223582199569134, -2.630536864736083, 14.68890410756597;
  -2.294857222442172, -1.344523048333563, 15.12540687860847;
  -2.119020512021129, -3.115934518658448, 14.12533264143516;
  -2.383208062853848, -0.6393315305280335, 15.72273793524894;
  -2.351533536696309, -2.66332220536619, 15.58811751976264;
  -2.075396425231886, -3.131496238784261, 13.88227541958031;
  -2.220905554091547, -2.666610964375146, 15.08971366494563;
  -2.258860801460858, 0.4397980709818902, 15.42229940849041;
  -1.997273177032639, -0.6042033824325009, 13.76766587756478;
  -2.229627928112052, 0.60098517195645, 15.32045445975861;
  -2.056101729349664, -1.482355746585314, 14.36341693440674;
  -2.07771659122036, -0.5358575548676664, 14.76412981024755;
  -2.283895580010074, -3.086012078703325, 16.40145329964794;
