m=[-3.121278568185763, 0.1406576772727445, 6.350644521771301;
  -3.123329813520779, 0.1843465727649478, 6.375989595123768;
  -1.967430103066101, -0.1448015638559031, 5.834350901600041;
  -1.805822225834446, 0.1884885365771905, 7.6998153451215;
  -1.66700903448312, -0.9245344646914993, 7.216829515423696;
  -1.79892443025744, -0.6189540939954646, 7.804902592766386;
  -1.777891270628049, 0.1877095662484729, 7.765850270068802;
  -1.432835792180233, -0.899174775375299, 6.577533425221667;
  -1.772742091928768, 0.1901142303030755, 8.171484319667943;
  -1.092148102952936, -1.093615606569783, 5.599148538820396;
  -1.72310129134438, 0.2185374623354602, 8.380544276429431;
  -1.035008063999088, -0.9408034013567046, 5.640089700014887;
  -1.063725247485967, -0.589338357295952, 5.838822234269479;
  -1.013099550912136, -0.8844126322259794, 5.809428506202933;
  -0.9663994572870654, -0.902819883301381, 5.783900329527769;
  -1.127408382387432, 0.232195590856972, 6.617657286738365;
  -0.9548428398636698, -0.2492029233146897, 6.09480857294775;
  -0.7870053596367799, -0.6966477778270397, 6.055753461240509;
  -0.7534426475737186, -0.5043095704935481, 5.937170467867508;
  -0.7662208192227673, -1.124998882517908, 6.266046260812955;
  -0.7026383775547261, -0.5173045215692539, 5.898592986932102;
  -0.6990747290104874, -0.5434427225471807, 6.043552458543963;
  -0.9905809714530881, 0.2271278901201604, 9.342934148277827;
  -0.7152477043410186, 0.2476329749211899, 7.986286937131941;
  -0.8640898395711746, 0.1405239382889526, 9.926923952775265;
  -0.7083659908645278, 0.1279637967295297, 9.058487311358311;
  -0.5963161163615931, 0.139245713817493, 8.156360450189977;
  -0.7714990456205014, 0.0627375760491275, 10.71850111657837;
  -0.4708178877116624, -0.7904267754833222, 7.353077863818368;
  -0.7004767825442733, -0.1699204946940783, 10.57951316395828;
  -0.413143322853843, -0.7339606740736885, 7.135661786093585;
  -0.4044098148990108, 0.1421761159180305, 7.589292589853118;
  -0.6039441189349581, -1.686438789405261, 11.18653889603822;
  -0.3531894726775656, -1.466990244305399, 7.332140714931684;
  -0.3379227113831311, -1.450128150436794, 7.388914341670535;
  -0.3143477669804578, -1.491333179430992, 7.364576812513402;
  -0.349185262310726, -0.1482075119278755, 9.931590855631164;
  -0.7093120522970278, -3.332798162032309, 21.06958588369387;
  -0.5496501474748008, -1.6473677456467, 19.05259884856656;
  -0.5263521580856475, -1.366740166540883, 18.4300353998774;
  -0.428801685127814, -0.6231112570261245, 15.02148525782465;
  -0.3937662538803067, -0.4455001009180449, 13.99774045828593;
  -0.3716866233157, -0.3468788298126463, 13.52292357208065;
  -0.4776936015042705, -2.558582819721168, 16.81289533638373;
  -0.3646296155274068, -0.2133045298557716, 13.94670652758287;
  -0.5771401243299427, -3.894211569084282, 24.02520993505533;
  -0.514921754334443, -1.763595778366971, 21.86226076376676;
  -0.5060194191972222, -4.11013727776623, 24.01629480041757;
  -0.3977816950496776, -2.01646923401044, 21.71550496520996;
  -0.3841944264139772, -1.797185546754507, 20.84832317935159;
  -0.3067113178908447, -0.8185828939541973, 17.23136075368493;
  -0.2804682984441947, -0.6758240975316613, 15.96567337644559;
  -0.1061831569740835, 0.03218275903774487, 8.01844834847857;
  -0.2930395692838168, -3.997009745682664, 23.73084550436298;
  -0.1241014712413406, -0.3727408356222204, 10.43137968151043;
  -0.2795443957131835, -4.387953186933437, 24.38273252265268;
  -0.07973853939458872, 0.1338846037158852, 7.731579887325069;
  -0.1804706146673406, -2.76224770198894, 21.25131660764724;
  -0.07130506974062736, 0.3255386661628258, 6.972869131283288;
  -0.1463554990641256, -2.011223325423912, 23.19281742258008;
  -0.1784941650608224, -2.194037064604118, 28.94554899103579;
  -0.1330756135402247, -2.814788241554513, 22.75713755067921;
  -0.2176449114572411, -1.534898523391715, 36.9797819690652;
  -0.04546397485063117, 0.0628316486362013, 8.139587121157433;
  -0.03047289323787921, 0.243673082632538, 7.493041926277048;
  -0.02774884565221928, 0.1903647002900913, 7.553530546269137;
  -0.05192472283632536, -2.051592436701331, 25.15034254664071;
  -0.03031967299554183, -2.242588275714601, 24.00007624621818;
  -0.01450558105319072, -0.03115349129281707, 9.340782869144743;
  -0.03912764308784651, -4.512660582942121, 25.56785895020549;
  0.08003759861881897, -1.678074378286873, 18.99685193349805;
  0.02214498420541001, 0.2706090217108091, 7.476717115023343;
  0.1101138599688415, -1.803713387999353, 23.94247572817163;
  0.1306745999179726, -1.046134992380345, 25.18245746472489;
  0.1106255901294609, -2.938516380640381, 21.25965319999017;
  0.2810940830832699, -4.251278194629299, 23.92677523966092;
  0.210150915759221, -0.6200810482642624, 18.68029869221639;
  0.360029844491899, -2.479617091765419, 31.0315473601605;
  0.09359455588650537, 0.028147901346429, 9.155505883365382;
  0.4157871704257848, -2.708025237522186, 22.83307272894286;
  0.4868980392862663, -0.9719044138928789, 26.00470275951997;
  0.1542976748494398, 0.07076579299649168, 8.302354338486175;
  0.4822489050116493, -1.755858741701947, 22.1316519900295;
  0.2070156159711284, -0.009409781082020868, 10.17989085922013;
  0.3186394449803549, -0.4291327893269025, 14.67356222651513;
  0.1696336296488466, 0.3420521632546933, 8.203042734974799;
  0.7058177567574593, -3.064427977790038, 23.40742383734726;
  0.7093236889103706, -2.769148400452253, 23.15499023230906;
  0.516151193131609, -0.7856865688886102, 15.21305966996828;
  0.5980821378577002, -1.133820482376998, 16.81355128424507;
  0.7903229864859643, -2.636702813939548, 20.01026777167643;
  0.8091085137992981, -2.437496976072302, 20.44134161040663;
  0.4594132548300464, -0.03580105515408246, 12.15232832127036;
  0.6315715854237124, -0.8750240828699202, 16.03045551675037;
  0.8754649594644171, -3.730349666648388, 21.8313160096116;
  0.7521083362718674, -1.445748495109503, 18.25399453113338;
  0.4124793476527587, 0.06464109050518663, 10.62803166612508;
  0.665133296547996, -0.8103925592431329, 16.08704811408986;
  0.6976665476173598, -1.563394977962475, 16.55488241351329;
  0.7022848982309934, -1.652029852128872, 16.36680866853806;
  0.4456434037054247, -0.00298118295790118, 10.74488220550507;
  0.7072849423190146, -1.715890462424726, 16.15889236806702;
  0.7269837313354048, -0.970367400618355, 16.4531259373965;
  0.959101287495589, -2.604553845575786, 20.70947033105411;
  0.4659181235442801, 0.2906278815427464, 10.74407504877804;
  0.9104217943239862, -2.811706776845539, 19.8434915216706;
  0.9706314508206824, -2.651509342500606, 19.84560412002392;
  0.7776794076426136, -1.617394380015374, 15.77256765160383;
  0.7096915009169844, -0.9738407065332514, 14.47234345002461;
  0.4925621412263586, 0.3248120834100466, 10.07409327878462;
  0.9366966945708857, -1.170122295530544, 16.25909116923853;
  0.8868736877768342, -1.566377020605941, 15.42140532423044;
  0.9311588608935605, -1.821370686159792, 16.18163922569711;
  1.324052699951105, -3.910628881412081, 22.22055986788798;
  0.9801625755964235, -1.183847325926575, 15.66509894768615;
  1.527320248422094, -3.746522206556655, 23.2144024890178;
  1.452409613307182, -2.887454437123132, 21.57447406285861;
  1.015929068190236, -1.489688380457562, 14.94004224769623;
  1.10813002919358, -1.902895112981081, 16.13544056074721;
  1.067375243730248, -1.645141642055084, 15.36339248841845;
  1.072939140634161, -1.339342072664155, 15.17902338978684;
  1.140206473222105, -1.284640524376714, 15.891654537793;
  1.123622005731243, -0.9799040190864673, 15.36133014072624;
  1.432072332059309, -2.147730009728177, 18.78919439793423;
  1.142365407283598, -1.263231887648428, 14.35655937676369;
  1.213549344644189, -0.9617841550332362, 14.72198132953491;
  1.337474594500031, -0.8163049255925341, 15.97416135192916;
  1.172329082966952, -0.5073849592300671, 14.1109092751443;
  1.929638254579801, -4.155757828312145, 22.43518180960059;
  1.389793413488048, -1.33732550027861, 16.47216533971998;
