m=[-5.966058550179106, -2.267169259861298, 9.504424126341226;
  -5.528818640777645, -2.073536229851013, 10.53243248786655;
  -4.954667955924299, 0.6034490775627565, 9.761308063322868;
  -4.696588764910075, 0.6545139324782682, 9.417377163404295;
  -4.356110093477638, 0.5132392876827122, 9.328167842272791;
  -3.898289069638794, -0.6893415125995417, 8.598101447017131;
  -4.029295141655529, -0.6613413212049415, 8.953906675404332;
  -3.751358377420221, -0.6883661331367998, 8.632267343194117;
  -3.779560429165517, -0.8855983732275993, 8.782259350999437;
  -3.761880783839665, -0.6728333577656774, 8.86468988099082;
  -4.481628461667955, 0.4363311966578339, 10.70749802660365;
  -4.398416954641341, 0.2794920453446321, 10.57166467657045;
  -4.373977556836928, 0.4063930791773143, 10.54935665456783;
  -3.479797595055201, -1.006208613449318, 8.731075715744355;
  -4.33654191086264, 0.2246174936490416, 10.70745586079051;
  -4.098700987046467, 0.506975862065387, 10.67299017700689;
  -4.141900083956472, 0.4394027538241694, 10.94031292836511;
  -4.06705205099172, 0.4395788450059808, 10.97423608915103;
  -3.289110431068909, -0.1383204824559918, 9.250599499907224;
  -3.273866216142369, -0.2299329358920741, 9.332873758191488;
  -2.641809262161281, 0.6941465591843682, 8.147868597752089;
  -2.860133407031118, -1.391686021159928, 9.305612653451894;
  -2.634753511318211, 0.6807219538805365, 8.953102083767046;
  -2.896166821937253, 0.5817882211718597, 9.847312000339153;
  -2.336318496521734, 0.7070350913927258, 8.480410488696752;
  -3.387982247404868, 0.06736289149224067, 13.60564232616619;
  -2.671045423136985, 0.5919900713055498, 11.00655536634711;
  -3.026764167913866, 0.3267904628593443, 12.51264520026408;
  -2.913088883602905, -1.811041210941206, 12.19568447841723;
  -3.032400122831307, 0.3942628931457021, 12.76833619118493;
  -2.513130561814036, 0.5132663981649644, 10.8184731009078;
  -2.888913663365741, 0.1988289554860875, 12.29821374030488;
  -2.445347061140719, -1.609057007385368, 10.59044996984302;
  -2.237449154312659, -0.63306442535435, 9.83374550579955;
  -2.445261298991309, -1.391241173819157, 10.73547262972301;
  -3.060153082266356, 0.3461680164691351, 13.22638400660866;
  -2.442802723409225, -1.514377967406731, 10.82055330149587;
  -1.97426009865, -0.5382246269818839, 9.060458297206328;
  -2.439240782301238, 0.5275120688545819, 11.0553137929353;
  -2.994679353617254, 0.3312899530088141, 13.39241262506173;
  -2.063659392965646, -1.372248183469387, 9.595266718736692;
  -1.909113066541957, -0.4637947038736885, 8.915541609368846;
  -1.954003951199521, -0.676466674295321, 9.161790615365852;
  -1.980711036934246, -1.227984490439827, 9.292326862886858;
  -1.870449870204116, -1.030209128565107, 8.883021435481782;
  -2.099143633132626, -0.8180915914263846, 9.88903127336617;
  -2.085820033996074, -1.190763482709255, 9.851540502159317;
  -1.8855679066981, -1.150717192508492, 9.048440359420347;
  -2.257298708035546, -2.338494821325944, 10.69080420431513;
  -2.063910368442858, -0.4136981875774047, 9.890685163375489;
  -1.905072975766574, -0.3173527297388433, 9.212225518420523;
  -1.846434494133821, -1.228777734146489, 9.042128075479415;
  -1.870208758913741, -1.858602628696259, 9.189277533457227;
  -1.815716743253795, -1.16145602526762, 8.962989542443873;
  -1.835295877676345, -0.4251930955253652, 9.060810307625175;
  -1.795788310796657, -0.7864677007713461, 8.925056590848003;
  -1.780503846856116, -0.8535934210748676, 8.928312080085236;
  -1.918880889721006, -0.2744758960598905, 9.547585135751637;
  -1.914386171390381, -1.068676314115511, 9.628091481931293;
  -1.223424885187096, 0.7127132604850982, 6.511221331360489;
  -1.786115020542565, -1.647093134230201, 9.137170298540003;
  -1.715503896369456, -1.630826176658631, 8.829080042306119;
  -1.762121394581411, -1.49132563302366, 9.234761973657976;
  -1.676183221598606, -0.6539022117573191, 8.918704089183718;
  -1.774370906063761, -1.793678412908956, 9.398316859085638;
  -1.662064080293299, -0.6213318441771896, 8.955049717282337;
  -1.710988621792446, -1.49622018208385, 9.20676925547675;
  -1.938828104708796, -0.9347126956473145, 10.33557335050964;
  -1.627696359660981, -0.9380490764179998, 9.105628095947919;
  -1.624302010397328, -0.9746059985098637, 9.132036058727207;
  -1.745152345570648, -1.658823902842024, 9.754717304448553;
  -1.573607863749119, -0.6672776015481767, 8.891448405802924;
  -1.618476798085112, -0.4711596883369975, 9.150160491929787;
  -1.642812026668026, -1.769899597877963, 9.344140471868606;
  -1.717397708087488, 0.3608744376307652, 9.757645962184322;
  -1.763813222206526, 0.5998857177178076, 10.2351838175513;
  -1.50798670613513, -1.971195350950189, 9.11968379325279;
  -1.718575885847449, 0.4514809172803054, 10.30934490706905;
  -1.693594133634735, 0.5487107015734837, 10.29822347773074;
  -1.579685138815654, -1.817853317986137, 9.746800147722563;
  -1.597201565043058, -1.124355001645559, 9.96592977811482;
  -1.555754413952524, -1.905551603201934, 9.93483127575951;
  -1.637785819400937, -1.832695181152136, 10.44878645919065;
  -1.549102373404845, -1.835108596842745, 10.10846232969801;
  -1.737457407899502, 0.2537437192569579, 11.18371682944483;
  -1.607363349593197, 0.4374159670320266, 10.61716622016842;
  -1.401669146212949, -1.141491421994183, 9.50411478584031;
  -1.390888412226556, -1.107624137538267, 9.671599285473164;
  -1.562848225554589, -2.088225292655445, 10.80722722383439;
  -1.412600311054069, -1.759173083151234, 10.07955322086645;
  -1.187678439996844, 0.7220374448347249, 8.980715127494808;
  -1.45818578606293, 0.5433103318055962, 10.99951688400218;
  -1.232697269324172, -1.728651758790457, 9.756952426685849;
  -1.28462794884451, -1.864431865815873, 10.1013270747031;
  -1.454053478152199, 0.5690105091973953, 11.48190697766894;
  -1.122078608689843, -1.648201732865078, 9.702709779086094;
  -1.083312231188884, -1.441682725683797, 9.379923975164619;
  -1.111060155846752, -1.578681525646517, 9.836280389746255;
  -1.059192319794686, -1.757657709351299, 10.12678159885385;
  -1.092172138307972, -2.384198225642806, 11.89604850017008;
  -1.01598535727718, -2.949248488981457, 12.37646129629187;
  -0.8136518893420101, 0.4802693709540721, 11.69962783087363;
  -0.8156906354004828, -2.537586226060629, 12.17410725075464;
  -0.7142674021179782, 0.5515351937946866, 11.25250781469246;
  -0.5545443730405346, 0.6732834134799131, 11.09680155308059;
  -0.4357227116654093, 0.3382255041938711, 12.69453068712077;
  -0.1189021543726815, 0.1426664146241495, 10.29477543876233;
  -0.1222746332383369, 0.2004027286030138, 10.75196709013423;
  -0.1163141264391874, 0.3752462136102431, 11.25623189720455;
  -0.0999093470185351, 0.4625976417318723, 9.420581652304387;
  -0.06721744187472657, 0.4452111812062614, 11.21328808675959;
  -0.03531346374671395, -0.03519217987665646, 14.392438527504;
  -0.003154975425448907, -0.1792906639225673, 9.407207798072953;
  0.02141367122980883, 0.5159215305940953, 11.26718137728546;
  0.02787184806152567, 0.41740033613294, 11.16593408526204;
  0.06014501914192439, 0.4225350051996129, 14.55041116821887;
  0.06237196166708787, 0.1688062431360271, 11.37029363209959;
  0.1618221323682853, 0.5330159019678021, 12.2034519539552;
  0.3513900234878205, -1.007902895368073, 22.42779877993914;
  0.2465848482449806, 0.1297369453879886, 13.38716461147926;
  0.3695730721740768, -1.067876531340358, 18.76987687084222;
  0.3139267184558556, -0.0004887363178032292, 15.77043236558264;
  0.6287910185386904, -2.383374483929761, 29.92095367585482;
  0.3650387344487005, -0.5074632189089118, 17.33181572663732;
  0.2582869114610755, 0.5519844624209893, 12.62422941523702;
  0.401771782260139, 0.04504061595675032, 17.93680518200844;
  0.4447606061039034, -0.4690206520529575, 19.51230517266032;
  0.7692081155492361, -2.836122869632995, 27.7244029709018;
  0.9604596736025876, -3.835519185126882, 31.9320076408372;
  0.4786671601084332, 0.1105998673708765, 16.48787284431977;
