m=[-11.3124190224438, 1.128037739314162, 14.70194846215329;
  -11.18114418052171, 1.336466341651602, 14.65450039353476;
  -11.51782688758417, 0.9709256262938615, 15.07262500228936;
  -11.09688010790456, 1.018051576164762, 14.62600013113503;
  -11.22273175106971, 1.099134806201511, 14.80527392650826;
  -11.49738377407345, 1.183581237926395, 15.26018127159689;
  -25.23605363097627, -6.806247585615559, 32.35147528371;
  -11.16921650859527, 1.044209941403445, 14.93465414137113;
  -25.61679816392486, -5.697705571431906, 32.963967610068;
  -27.83994100058403, -7.2171349272556, 36.11157675511915;
  -26.16643296713812, -6.937743288416776, 34.01917322781774;
  -24.68533737326902, -6.514525687539738, 33.26343215754499;
  -24.79937928549504, -6.628454759236855, 33.81996824379792;
  -23.02302861548095, -5.986153301639962, 31.47592312387631;
  -25.3934273412483, -8.221227087055391, 34.621621167623;
  -23.46737598410309, -4.13195589987917, 32.2455132896957;
  -17.07274653802174, 2.178315923909994, 23.77937404898072;
  -22.67289857561786, -3.943374483360834, 31.57068110780082;
  -23.72267772435902, -7.777414357103845, 34.49719839958853;
  -21.942529636983, -7.868043575246595, 32.43806717021706;
  -23.78932828273636, -7.130182794346591, 35.83686808819115;
  -16.51563598128963, -0.6169879329638014, 26.62209919143783;
  -24.42207018843139, -9.280660980392899, 38.90637531660793;
  -22.77302939090431, -8.797657885094655, 36.88868366861455;
  -8.280159824016449, 2.394978550157005, 14.22818546569553;
  -8.934828144575176, 2.333209395170212, 15.40624499652761;
  -19.03894164284025, -6.746108329569714, 31.91272835466517;
  -8.985728331010286, 2.302418184312889, 15.85304518592499;
  -7.766494750937794, 2.317933512046916, 14.03098909097469;
  -8.852983461889304, 2.269460292154851, 15.92470896990439;
  -14.59600720218849, 1.739840195404355, 26.27543008020083;
  -15.16356439496959, -0.4202969296763208, 27.29733610508999;
  -7.088543253631803, 2.423595774434982, 13.33898474907294;
  -7.558986023730933, 2.382341889827778, 14.2704726669265;
  -15.43103893570539, -5.787279412899371, 29.39622121247539;
  -15.24740799992105, 1.820485299129115, 29.21527116533884;
  -5.519154638802005, 2.408714092312301, 11.31684655485584;
  -5.362166974766789, 2.410929879557587, 11.06005515630794;
  -5.511330159824834, 2.380296442005427, 11.43314944920312;
  -14.58331211840898, 0.6816469107886479, 28.61129568913178;
  -13.54317073471441, 1.64947761582415, 26.68171971799958;
  -14.56461998595424, 0.8936048556882613, 28.68205368350506;
  -13.0631439563092, 1.820472293689815, 26.19359704122713;
  -7.181243779284172, 2.329261043707799, 14.89580022741955;
  -8.551957429519984, 2.099446315483117, 17.92833051180029;
  -8.922479038064802, 2.090750801705211, 18.76853130718226;
  -11.12519787634898, 1.98735154743454, 23.46440814542793;
  -12.35726031131733, 1.455939208099107, 26.46181932527779;
  -11.21325985492712, 1.455489136393992, 24.61680597960071;
  -10.92042041802359, -1.931077709914626, 24.08617753094029;
  -5.141097060668032, 2.436698099290381, 11.94049031379101;
  -11.09747606051254, -1.821464852258026, 24.66083061305265;
  -12.77900148125552, 1.455070102883413, 28.39531736532473;
  -4.570766320711031, 2.455710223183435, 10.91090101637512;
  -12.32937166673004, 1.629741930029552, 27.90334886579992;
  -11.49194961187692, 1.343837065093065, 26.11566487421055;
  -10.50992872247945, -1.928549145766178, 24.18444343692583;
  -10.72718436172951, -2.513513726821846, 24.92589202800341;
  -10.4532215981605, -1.869616979244177, 24.63251045143102;
  -12.63598065758771, 1.676254022533912, 29.81757758464376;
  -7.152757434988364, 2.145268498605323, 17.4806674668824;
  -5.672628901625578, 2.33442309888112, 14.1588026166573;
  -12.58551979613516, 0.7997315183671584, 30.24949577021842;
  -11.95593474585783, 1.110844551138001, 28.83586349812092;
  -10.94879792224095, 1.278667451279742, 26.86689648020125;
  -11.86981742928862, 0.614814452584907, 29.30804055678259;
  -9.62239801185229, -2.782385899490737, 24.14332538418159;
  -5.377577796147136, 2.337219076735183, 13.96881966593651;
  -11.47366126347428, 1.217209071542943, 30.30624643570922;
  -9.927778392583083, -2.958010453829929, 26.74238271600767;
  -3.742798394737005, 2.380922125890823, 10.73484340339277;
  -10.30960297848517, 1.293336399739627, 28.06033881073241;
  -4.12866840582437, 2.359368997058402, 12.13615537535008;
  -9.108510503709839, -0.3830499442729773, 25.61762047105698;
  -9.172490300503343, -0.6442100822071561, 26.1481955495737;
  -6.043277469740776, 2.108635137796464, 18.67647562647389;
  -7.506421334379378, 1.972343959754607, 23.15130601890977;
  -7.198652115871211, -5.533113961963935, 23.27025052271289;
  -8.061129437229942, -3.922390866445222, 26.22735985244354;
  -6.989428127247944, 1.805807317781072, 23.75063293837123;
  -7.933027934015451, 1.593603716221812, 26.97323944944652;
  -6.921483136188178, 1.938747603802346, 23.85336744809823;
  -6.231441114346661, 1.98512573409528, 21.78903046592223;
  -6.426178305906302, 1.944740656116338, 23.32585646553621;
  -6.38128812699195, -5.292142939005315, 25.44751403448167;
  -5.361579141367275, 2.010012920747306, 21.96326672826719;
  -5.63039540227477, 1.886497813056384, 24.19876966995982;
  -5.146676402573106, 1.831426814622069, 22.58297765408517;
  -4.769969045847586, 1.991561799428846, 21.47035191974251;
  -5.536624867481722, -6.418368564984548, 26.41883549649564;
  -5.240578499866508, -6.356944877128658, 26.35838087780859;
  -5.200116194576528, -6.315857067687703, 26.62853950085757;
  -4.548194980737773, -4.323694890365405, 23.40791974762181;
  -3.466895264648515, 2.019659938051792, 18.45125325967186;
  -2.707448712777568, 2.047815727781035, 18.62962909435231;
  -2.197676414378387, 2.098677503308978, 16.60767208434816;
  -1.26427321974806, 2.22284810404589, 11.17018230413226;
  -1.107538050260432, 2.262349452573385, 11.4850676096997;
  -1.302066688353941, 2.087798989186242, 16.92058731379969;
  0.8513326359602376, 2.081280565818775, 15.61240719594106;
  0.904148728814667, 2.106905206135712, 16.26529860708403;
  1.038465185080189, 2.100569801858624, 16.59626903739666;
  1.29895410294478, 2.020955678445986, 18.14439837416897;
  2.539019524943514, 1.576780055656904, 19.90166546716532;
  2.402262041609997, 1.375977461579198, 18.25127033596564;
  2.430062992657028, 1.001585820089195, 18.22516992325314;
  2.366508574023301, 1.226916218303692, 17.19387605994111;
  3.41924374749665, 0.9555452447753713, 15.7939553751554;
  5.08430510624186, 0.07639825874694423, 20.65831192491234;
  6.242856827411454, 0.2716100610808038, 23.42404728787806;
  3.474245792141398, 2.202017723586083, 13.13922097111758;
  7.467847201574424, 0.3492045057998502, 23.52576440151873;
  7.398551835509464, 0.2131885231845972, 22.56923664453151;
  14.08914313073226, -0.62128259778186, 41.40180373207083;
  5.836776239916884, -4.015645472326884, 17.4299004676412;
  5.75186046297253, -4.061041458044454, 17.09840984189518;
  6.274254309209191, -2.006695253190003, 18.49475092853096;
  13.49228144845751, -0.5118164298755121, 38.60428181552122;
  5.9483245531702, -3.517620480114326, 17.47100452397031;
  6.295667086552678, -4.06020916935247, 18.30097624632029;
  5.991130957172572, -4.06032825972403, 17.31705194876123;
  6.13343588936707, -3.604242085370383, 17.62895553624761;
  6.117635968470196, -3.364859319422821, 17.57495195332487;
  6.305022961763167, -3.538976106982716, 18.06651871883173;
  7.583056309077441, -3.311923651161983, 21.47597166887327;
  8.583237765585844, -3.752637933594302, 23.93133801464597;
  6.428431521409755, -3.651443761247892, 18.07834398436347;
  6.673906498878886, -3.592814479224261, 18.6609526598945;
  7.881108253242567, -3.74738118395513, 20.83614288810575;
  13.96725066551968, -0.3232139152915455, 35.10017900841236;
  14.04673328140226, -0.3200413540738705, 34.58051785423206;
  12.69028300042545, 0.03534335348922467, 30.76378110221878;
  8.464059028606842, -0.7982313487609545, 19.57770107893317;
