m=[-12.14775072935324, -2.112792508491785, 16.91503021434985;
  -12.18906141378624, -3.996150111749793, 17.72516891988063;
  -4.263434137605942, 1.233168625556844, 7.326058061667979;
  -8.576883643642956, -0.3204135594025784, 13.82536206133153;
  -9.822558148227694, -3.480447736251183, 16.46439365237375;
  -4.186869622845306, 1.183428314371453, 7.757319568447629;
  -7.614172895178713, 0.9076073938771411, 13.70687645973697;
  -7.825639348538091, -0.216907588827591, 14.08765788636928;
  -8.168533432318951, -3.198756179077379, 15.20227279022305;
  -7.997619582822671, -2.999438946186206, 15.23551300786951;
  -7.478257581880728, 0.8928768739568851, 14.32894844159924;
  -7.128069733984756, 0.8681564827432856, 14.04317810784416;
  -7.611610600162653, 0.3557786331115739, 14.93337314483417;
  -7.597435602318527, 0.4661367994192744, 14.96160256929599;
  -6.84027226966781, 0.9532564434621197, 13.71578971212539;
  -5.911459826571587, 1.05599459573744, 12.46799451548247;
  -6.36088545410917, 0.8005726283125846, 13.44800448649966;
  -6.450279482713287, 0.7599754772082129, 13.81261913798023;
  -6.281707953655025, 0.8073239530515665, 13.5592858364944;
  -5.693507880287351, -1.006793304468402, 12.55765220834124;
  -5.850510323476097, -0.9602632944533045, 13.00101422165144;
  -6.965456978349116, 0.7931158171460412, 15.47745039272872;
  -5.553996454723219, -1.301370970883169, 12.90537304907704;
  -6.489409850720269, 0.860867047909656, 15.31329359753414;
  -6.50879583503266, 0.6336961441119439, 15.55080238249831;
  -6.313136901513569, 0.401160591035549, 15.17372433499239;
  -6.416631016054263, 0.8471860021396256, 15.45140479066707;
  -6.308711932226239, 0.5861522686079184, 15.21563641769358;
  -5.123647683155486, -1.481539741965628, 12.85562008721345;
  -6.300801118433346, 0.3263591553579719, 15.55745366930491;
  -5.587192478867586, 0.6910901118308459, 14.54901214615598;
  -5.832208283877318, 0.6303620777698094, 15.73720469418757;
  -4.822511616299708, -0.2028062442401543, 13.56327933676004;
  -4.786037739262584, -0.3361370428800245, 13.64365037344441;
  -3.890746493303528, 1.022310100001614, 11.99984102889655;
  -4.21534801174959, -2.051107437105774, 13.71488326397969;
  -3.834205364114462, 0.9906155379724267, 13.02893492221558;
  -4.228448683901163, 0.8494198674915442, 14.37722894703485;
  -3.648183959301397, 1.021877503731224, 12.57266264862978;
  -3.425832805472068, 1.036752486580594, 12.435148931663;
  -3.877238874832481, -0.4110014301180313, 15.7603030202676;
  -3.752810531018674, 0.8317442131870577, 15.46417613540868;
  -4.39626276078925, 0.8373760284298503, 18.19025901536629;
  -3.902894977166262, 0.6359436065819181, 16.24840955481777;
  -4.12317600567475, -2.251806047244463, 17.24437987084837;
  -4.263671247364726, 0.5543487974267161, 17.95277195946418;
  -3.871608540721856, 0.5740269412454182, 16.48112397011047;
  -3.601959199817753, -2.370116611618848, 15.59957247184822;
  -4.285867885622988, 0.4848222768372411, 18.52408455816838;
  -3.358766170767499, -0.9503301434573862, 14.76201221071456;
  -3.6019717598742, -2.049356206364532, 15.81379840964887;
  -3.058098890225346, -0.9330595449974057, 13.61225069041682;
  -3.182149369729071, -1.438114755925671, 14.29237582250088;
  -3.042065006730421, -0.4846137262048237, 13.73844226929254;
  -3.659740887703187, -2.182531999784066, 16.4182600799496;
  -2.918084546423191, -0.7955309270415728, 13.39194534634453;
  -3.465073295056554, 0.7493593891471394, 15.70467043283456;
  -3.076645886220612, -2.045842324046291, 14.30528602637588;
  -2.806844164231503, -0.6818870399998547, 13.10793811837866;
  -3.092480008521992, -2.756778342155393, 14.55510129775566;
  -2.777459260645149, -1.529773093690062, 13.19053268495019;
  -3.118917253154454, -1.215524244690466, 14.69316809419921;
  -3.136933047085255, -1.790828191930208, 14.81605433941316;
  -2.882756543492004, -0.9395042233042494, 13.7111071283448;
  -2.820011848544338, -1.720986078342916, 13.53263859326901;
  -2.773620601042625, -0.6929038268544101, 13.36227492098243;
  -3.01778237441005, -0.6048959867081747, 14.46183701252137;
  -2.844072297184838, -0.4737740331039277, 13.75287756723148;
  -2.788720044628304, -0.9482344864931132, 13.55866618296087;
  -2.737995705957843, -1.82209992846129, 13.40817013657306;
  -2.783095696362899, -2.765824377904064, 13.67475081814043;
  -2.825028481284052, -1.297714668191703, 13.8787062049668;
  -2.680335798976662, -1.71452522813841, 13.23104048344824;
  -2.707192292511889, -2.327011383928876, 13.6365176850911;
  -2.780126224360935, -1.551962237623194, 13.98218918392143;
  -2.714773882629243, -1.411928941873918, 13.78704128648268;
  -2.955368020157198, 0.7654334240361624, 14.94452181121054;
  -2.710833574451107, -2.499836414321631, 13.8677228150937;
  -2.524253101199861, -2.399655309825012, 12.99142061099304;
  -2.970457163343374, 0.6923322936277282, 15.09878038490672;
  -2.877982189021938, -3.495484229404566, 14.73745192137502;
  -2.807571105858573, -1.409646203663679, 14.45478310005505;
  -2.689322955658304, -2.71858635329285, 14.24454672206016;
  -2.49381414911632, -0.9322661879752431, 13.4364432489618;
  -2.551558398813887, -2.394573614684292, 13.73742098490567;
  -2.569302210249203, -2.908749782748051, 14.01681834169401;
  -2.553281615589082, -2.166585150113425, 14.0253860671107;
  -2.401504010711975, -1.383998069352254, 13.43444817743839;
  -2.451594036541164, -1.470993841434428, 13.78317886682789;
  -2.634788134948057, -2.504451573107352, 14.72743252402378;
  -2.388461001185114, -0.9460528682636689, 13.57111678613596;
  -2.48219561929012, -2.674217717620713, 14.11846527100616;
  -2.518176912785251, -3.403781434566758, 14.38424332402137;
  -2.457645076150544, -2.265527070341547, 14.11092686952971;
  -2.228748112722281, -0.5635743299803766, 12.98573062686363;
  -2.443001141830782, -3.294020541600246, 14.19162946585878;
  -2.086612397439313, 1.037357193882461, 12.35728648751727;
  -2.417275263276655, 0.6350337288975617, 14.50068317009847;
  -2.304950932411928, -3.012963273252858, 13.93939586936673;
  -2.436171664076674, -2.917091622336948, 14.74223412621862;
  -2.279203795477728, -3.250153932736712, 13.92219776869162;
  -2.441467781374052, 0.7910156705087781, 14.84581242160355;
  -2.427410891575737, -3.40576007829148, 14.84145532957099;
  -2.361949473802832, -2.718059176708601, 14.57344182995522;
  -2.216202687680815, -3.313469258904306, 14.21150521783725;
  -2.473598655601004, -2.767976302226475, 15.78112585415464;
  -2.282691532784159, -2.70413816909026, 14.89540121144657;
  -1.399703780237916, 1.058685027671385, 9.631193434886489;
  -2.051178717246506, -3.06702261705003, 14.33164416361373;
  -2.153972837451725, -3.38636627718788, 15.14074601898503;
  -2.103107089023063, -2.619091439413046, 15.00663681517347;
  -1.13611204172696, 1.08493350868727, 8.585511550578973;
  -1.894604429638644, -2.596954909778641, 14.36302578704771;
  -2.062117654848001, -3.042337059450637, 15.40396631767731;
  -1.936422123145408, -2.810406791562122, 15.22653561926383;
  -1.767618696189604, -2.96797321756648, 15.34183514999425;
  -1.589665527425144, -4.259336559053339, 18.13471684514322;
  0.4155651065819547, 1.015945523086733, 7.620959641778788;
  0.4343975902431811, 1.012261053130089, 7.814650725402268;
  0.4559045763927216, 1.029824279319632, 7.234166882700305;
  0.6365808829874581, 0.9904135545259936, 8.892059474710862;
  0.6151302740591299, 0.9720740855830379, 8.459124538773716;
  0.6886537949868714, 0.9445473618358478, 9.122351743941188;
  0.7681336542644681, 0.9859925819955359, 9.459519312213205;
  3.251378308664443, 0.4536854402921383, 28.11236657848984;
  1.138717368285551, 0.2890395682794256, 9.053080218383013;
  1.239278276856121, 0.7063351437355562, 9.803915962595321;
  1.219430093747034, 0.7572895884410058, 9.558291910688407;
  1.223218020879431, 0.2708135116299917, 9.330300770217662;
  1.656448629509455, 0.4629127748793204, 7.651363186629701;
  6.29668606213798, -2.788395487302026, 25.7105299526623;
