m=[-8.741914052687127, -2.898561623187711, 12.46921210643354;
  -8.7703900486535, -2.861105108140208, 13.44450702306473;
  -5.490748093368357, -0.1313373716864129, 9.558648824639851;
  -5.955776085497485, -2.313494901739778, 10.54074739088793;
  -5.732899445632113, -1.619959378869886, 10.31214896346589;
  -5.375853496364448, 0.2705589449057053, 10.21967751287858;
  -5.370190782137041, 0.3523380986919393, 10.24904347459862;
  -4.83886411694375, 0.6959420484999329, 9.370775956425606;
  -4.436919355447715, 0.5392792485539955, 9.179948263285079;
  -4.039292484455132, -0.698030057376839, 8.572119503322519;
  -3.886195138936433, -0.6954237000652633, 8.606173008018711;
  -3.881267127534362, -0.6719722703897827, 8.604129386190449;
  -3.887948583409088, -0.8938959084747004, 8.705302455453504;
  -3.906353710731155, -0.6825567315663635, 8.867039929901983;
  -3.827490012406211, -0.6238716954026883, 8.909390099969047;
  -4.518014087154939, 0.439380784112645, 10.56695776795995;
  -3.604891748105125, -1.024854937499924, 8.703954297752325;
  -4.466019265190897, 0.2559328373039661, 10.70184936734532;
  -4.241503977575065, 0.4707352043133484, 10.88748946670342;
  -3.659034876287191, -1.073358501925204, 9.528042503552262;
  -4.289704577017546, 0.4284974951266343, 11.18110963590837;
  -3.412165155591874, -0.1209420497474831, 9.266864575303547;
  -3.371053614402015, -0.2132672030847653, 9.287820081322638;
  -2.7032567705444, 0.7303558802000796, 8.019583391178673;
  -2.945212183781612, -1.419166466946693, 9.258607864406697;
  -2.5890828844254, 0.7418359033858339, 8.26632906256599;
  -2.410008651340048, 0.7500419040796114, 8.093809623168669;
  -2.967867834457134, 0.6168037448456422, 9.773920976250976;
  -2.394032015449368, 0.7436962729532677, 8.365727691836716;
  -2.768662764561307, 0.5590995794518781, 10.29686540839962;
  -2.137223986046385, -0.6715401035323478, 9.076170987717866;
  -2.544603085412115, -1.663988322674219, 10.71209830412133;
  -2.111595514090635, -0.6276963112132685, 9.074278687251708;
  -2.47051331004132, -1.478924516564903, 10.50415516411465;
  -2.507511703378307, -1.413167025099299, 10.69716112755075;
  -2.417391163236816, -1.485929690759613, 10.4251652480523;
  -2.415320162645136, -1.427685552667909, 10.55616849285895;
  -1.935754441765483, -1.921413235227376, 9.204080572901512;
  -1.242722572365182, 0.7412167972777461, 6.298495513831565;
  -1.894427193140405, -1.6147544356908, 9.214607061450863;
  -1.804767660215305, 0.6832605260206274, 8.917533821086234;
  -2.127094320631461, 0.5647279174983372, 10.35887219350745;
  -1.781733949147619, -1.691860133137541, 8.843658245420366;
  -1.837561612453833, -1.643135833977065, 9.271850946868717;
  -1.899074109934996, -1.605021793653475, 9.616780832099051;
  -1.787420705668196, -1.801562646468526, 9.164712590587266;
  -1.751303120562465, -1.771064523341298, 9.18681861997835;
  -1.77158331041628, -1.996404905823276, 9.366472996532806;
  -1.834673682301664, -1.564000222489675, 9.723083701789081;
  -1.764171302981487, -1.487766419287693, 9.387973137920953;
  -1.788337177738625, 0.7101292619341312, 9.624850176892332;
  -1.735269921369114, -1.859906371909764, 9.548660905276641;
  -1.670793645221308, -1.529809647556375, 9.294074869933587;
  -1.686187685474111, -1.614957205398404, 9.454686807436737;
  -1.673766494538524, -1.665317601176099, 9.504925187716886;
  -1.799283734343709, 0.632568941295913, 10.1654226347642;
  -1.732272899419862, 0.7037954035418276, 9.902555364016818;
  -1.636888847025774, -1.895894264572955, 10.04901865747543;
  -1.648782902582021, -1.833879034415491, 10.21570495752393;
  -1.593093010695253, -1.877745597440289, 10.08999428711769;
  -1.618492423688786, 0.5910786511597665, 10.4638985165573;
  -1.599467360401579, -2.139614579580453, 10.8041628374527;
  -1.545944824858579, 0.632036635829683, 10.51597449844098;
  -1.363869506247509, -1.846438464542767, 9.969289189638918;
  -2.083731639128808, 0.4299284026546186, 16.85209821646011;
  -1.176753584889811, -1.724525238460538, 9.888916329750565;
  -1.11770623170831, -1.589601800604655, 9.652775668646148;
  -1.373316529677731, 0.5743235626034119, 11.75455453519885;
  -1.177450305141547, -1.417959832316285, 10.35757873627553;
  -1.898163064792636, 0.09197018797828144, 16.22553791771539;
  -1.122300593172983, -1.638420724831043, 10.00917096431967;
  -1.465847708581084, 0.4571010125032475, 12.91470804041643;
  -1.478750648728337, 0.39775393037882, 13.07751690358201;
  -1.905853815866479, 0.002539779310138794, 16.79082388597124;
  -1.782939062129136, 0.1368535985443609, 15.96661399517148;
  -1.720610269833427, 0.4266927205700786, 15.51019762504631;
  -1.123896321671028, -1.516110413688594, 10.64334291661609;
  -1.355386206327273, 0.4598997372460954, 12.70460123608866;
  -1.047226406030247, -1.989238315943287, 10.61464935965013;
  -1.166631964600845, -2.005951653408176, 12.16200845557378;
  -1.076644480653205, -1.50333614054961, 11.32811870856291;
  -1.003665691801241, -1.604164360050169, 10.72076689656623;
  -1.353319979344853, -2.965323225437145, 14.01324814126014;
  -1.149479137602502, 0.4298038706306462, 12.22671543199446;
  -1.533880018979034, 0.292239709820074, 16.93611512692973;
  -1.100042307453707, -1.1186286764106, 12.36867030782549;
  -1.408563408058277, 0.03927827767547711, 15.83112517409225;
  -0.9201442209971844, -1.772651065767264, 11.27916828800354;
  -1.132153662583288, -0.319963289583637, 13.33848973669818;
  -0.976706180630197, -1.31237248616236, 11.85630324410085;
  -0.8656262288074966, -0.8804302366793926, 10.49075811771174;
  -1.622755312982339, 0.09645721336989792, 20.92833710199913;
  -0.8305511877939258, -1.311970924347736, 11.22401933951918;
  -0.9156940927714824, 0.4459540162636155, 12.40050292468167;
  -1.544305795312442, 0.1756044367425507, 20.60388245682695;
  -0.8255799523270163, 0.2799737655664226, 11.51662511456871;
  -0.8655463190171487, -1.170400987416923, 12.19606309528899;
  -0.8628337245184307, -2.179918152247146, 12.18708917422819;
  -0.8134395637872168, -0.8919197884091236, 11.63987350794771;
  -0.7905147093809345, 0.5071452427468751, 11.37640712231895;
  -1.448853609658413, -0.03555594712116696, 20.32635241194578;
  -0.8193875426479512, -2.528912542409784, 11.90312619133728;
  -0.8637857368765972, -1.412090033297194, 12.69097540665216;
  -0.7932806025099486, -0.6959290114882646, 11.73222382843357;
  -1.276140798268688, -0.2683113823958168, 18.5478326344234;
  -1.229838676662279, -0.1004134963575401, 17.93093451417339;
  -0.7056992093911031, -0.8800941305580781, 10.71240357956943;
  -0.7270543337162676, 0.5914622495338605, 11.2850551758581;
  -0.6997699239920106, -0.4077483132988696, 11.21925026992486;
  -0.7737238587179318, -1.572927302018089, 12.35409782804174;
  -1.091655700959217, -3.062504544152021, 17.26734928169063;
  -0.7470432433511065, -1.305705928676798, 12.23371952382625;
  -1.112114345057261, -0.338487745644511, 18.3752237878556;
  -0.8910132939130943, -2.225385475916212, 15.41718059992055;
  -0.7184737571867974, -2.641229269879713, 12.98296035844768;
  -1.46484860654969, 0.009325076103582573, 25.68031656117054;
  -0.8006417026534572, -0.1376544527018267, 14.90006953302058;
  -0.613263936960146, -2.494242501506122, 11.93754831982131;
  -0.715859702291331, -1.267297979771122, 14.22522803079764;
  -0.6018199446181104, -2.534367611104235, 12.34512510287492;
  -0.6437235681006795, -1.436650056345824, 13.948546449654;
  -0.5478039693438831, -2.555961870763861, 12.07653922038056;
  -0.4596933086938739, 0.2956431162140287, 10.89648397764461;
  -0.8604662255300913, -2.899893019684265, 21.07962289616776;
  -0.6590188144396229, -0.3583171041553519, 16.30650637201474;
  -1.010689995486477, -0.369236156086915, 27.4535530069072;
  -1.810684203835742, -0.9011443434313629, 52.27607236963732;
  -0.3911758929805437, 0.3318899054860791, 11.59333159267281;
  -1.152194022017143, -5.370632853974895, 33.4903051692874;
  -0.9621859056717672, -3.908379173454815, 29.37872352996849;
