m=[-12.74638696049191, -4.226327078407437, 18.18107586543905;
  -13.04724103765343, -3.926245560681121, 18.6260935221568;
  -12.51669002091281, -4.24182968687598, 17.91954570916551;
  -12.60533298834316, -4.130550423389212, 18.06045850351232;
  -4.693964444238867, 1.225999512353155, 7.784105329829847;
  -4.694325741881284, 1.225347122814934, 7.939021981788751;
  -7.964623240425703, 0.9905127758886037, 13.84917617760558;
  -8.732102270510044, -3.391946539677184, 15.45438963848437;
  -8.481914995658928, -2.39675540767832, 15.25698675865155;
  -3.883877423508892, 1.228222372893987, 7.551953501919381;
  -8.378136085926339, -3.113203032147271, 15.47011632557256;
  -7.581422486526527, 0.9530812296565573, 14.43463402555256;
  -7.93165334837215, 0.5203956011292565, 15.13761117450694;
  -7.133072832841904, 1.025903021745242, 13.81366076459399;
  -7.286546253822336, 0.9366618893913962, 14.52411783486214;
  -6.547033773242733, 0.7957501975231869, 13.54575697720423;
  -5.95585404395119, -1.029231024003978, 12.63941465134657;
  -6.199551135645467, -0.9894075260735119, 13.26915849844593;
  -5.730263943496045, -1.025414630884229, 12.68995537183322;
  -5.725331014572545, -0.9912390861484939, 12.69211502570434;
  -5.730014372429276, -1.317413616237841, 12.82977568143522;
  -5.763663564127281, -1.007084267195691, 13.08295119954002;
  -6.665019819085649, 0.8592198458244037, 15.19780190662186;
  -5.628211479973093, -0.9173849772865286, 13.10099607776132;
  -6.513720875577549, 0.4389688364836225, 15.20762286500113;
  -6.648945397231591, 0.6466157001288678, 15.55088670789451;
  -5.358235057287971, -1.523322762086621, 12.93737407781067;
  -6.585226939833535, 0.3773776410098111, 15.780072269095;
  -6.219444531529332, 0.6902531525949001, 15.96465244021414;
  -6.286230237562203, 0.6279299336872946, 16.38505128285849;
  -5.024092604647329, -0.178075805249767, 13.64458742706286;
  -4.959934410550903, -0.3137865665211956, 13.66545409528575;
  -3.174977256020919, 1.134506521834618, 9.331913800415746;
  -4.000668646572227, 1.080885805075663, 11.86853434762642;
  -4.351612932147791, -2.096848296514329, 13.67978780554472;
  -3.848847513707958, 1.102789443127282, 12.28845945849659;
  -4.402744650381147, 0.9150102158949194, 14.49932432699054;
  -3.573339387427642, 1.112093218660706, 12.00075721916098;
  -3.591034806394521, 1.115540303691292, 12.54854535291802;
  -1.899858135863658, 1.183972791736162, 7.550890478659695;
  -4.114173096926493, 0.8308099049572414, 15.30091970324278;
  -4.06848998792837, 0.9317735768253772, 16.30099462977628;
  -3.037130641085099, 1.107189180728515, 12.81624788463958;
  -3.11010729514275, -0.9772311131695973, 13.20772449923818;
  -3.694939522365434, -2.416226032834421, 15.55470698682712;
  -2.996258929064063, -0.7485833312613747, 12.83852685920489;
  -3.468342037852639, -2.473062663926809, 14.75826879777694;
  -3.338645465717767, -1.786501124520528, 14.30120092250655;
  -3.156897018863346, -1.583494719839208, 13.69817090789193;
  -2.884749754304659, -1.920999327475115, 13.37611904595639;
  -3.645157637686438, -3.965042074271619, 16.93781999250479;
  -2.824736655274579, -1.858005946015794, 13.35820572295315;
  -2.878726604352965, -2.857399305854238, 13.6877028625875;
  -2.504588646876998, -1.078745029032225, 12.11042038640231;
  -1.882686943136616, 1.122920929658854, 9.542029354730882;
  -2.734141057209238, -2.596226139867746, 13.57094257327164;
  -2.341172609810601, 1.146735048104404, 11.89493800753325;
  -2.764207195625617, -2.471736384177329, 13.9474600091792;
  -2.818385783237177, -2.381987401836375, 14.27211199178715;
  -2.736601319577938, -2.758253107393113, 14.03148374046494;
  -2.558599020904526, -2.217537994353616, 13.32155056665416;
  -2.580783798467396, -2.609904918351098, 13.53802912558282;
  -2.506669643483211, -2.13685513556696, 13.28441073278209;
  -2.634603762493727, 1.046172527551177, 14.17946615724001;
  -2.550887499364605, -2.41642117163278, 13.87493220825179;
  -2.517999698191218, -2.698856025486611, 13.85578403770563;
  -2.36252774949634, -2.704594860783932, 14.14745953581452;
  -2.44970468030169, -2.837322193086192, 15.03897352736312;
  -2.2689566735228, -3.287126876232779, 14.03259089783019;
  -2.295876863546801, -3.425756532458495, 14.2610685863596;
  -1.437990296414831, 1.119858683958649, 9.460695128583129;
  -1.238620777377421, 1.074593663298314, 8.626337175676325;
  -2.350278299628098, -3.143977701860248, 15.87577845673451;
  -1.160066627150282, 1.135517028743049, 8.312405516789479;
  -1.081076982725656, 1.140281369531316, 8.186792728251191;
  -1.932528264201897, -2.804460545865336, 14.81092640535233;
  -1.830040966200642, -3.515732393971183, 16.38642846162101;
  -1.664829953625234, -3.630684796071622, 17.72913721461321;
  -1.774719441815126, -4.516136696952044, 19.08571499550332;
  -1.540926478919176, -4.488735441824438, 18.42778938646158;
  -0.6829448187957498, 1.113701926629939, 8.623787370741999;
  -1.218743417219064, -3.761462498959261, 17.70451213248795;
  -1.038443125704487, -3.849436233896628, 17.59218615008311;
  -0.9046723088114823, -3.809731163977303, 18.55753191508362;
  -0.1527252168047734, 0.5707505128251612, 15.93880090023029;
  -0.1317194505422645, 0.8695270453681597, 16.51117569841085;
  -0.08511660828809034, 0.6985807197027673, 16.43519291017675;
  -0.06371136940928308, 0.501141127618866, 17.01763851799289;
  0.04765428119139909, 0.7702651619332939, 15.86644402092924;
  0.0759635563110993, 0.8942396307360921, 21.75352041958871;
  0.133789402998471, 0.8075507763200623, 25.70364742762349;
  0.1168013748029697, 0.2935855383266315, 17.35777666041426;
  0.1571097417098861, 0.9451244417916506, 18.39379335775698;
  0.2699522820041619, 0.8350484889657001, 18.02856159448201;
  0.4000310912449817, 0.229079431578, 20.18586221532799;
  0.5579258130944673, 0.0314520108460449, 26.1845982799082;
  0.4123073551095836, 0.8678189558362492, 18.71229963911472;
  0.7951422473284272, 0.2099987094386997, 26.04457002467687;
  0.7227999574436764, -1.056835046954804, 22.41204882708637;
  1.055384814143752, 0.7230306712795429, 27.39814401889215;
  0.971092106230338, 0.1977388123149739, 23.94101114225701;
  1.051442867464987, 0.495947966485372, 25.67462782359859;
  1.150919287433152, 0.04530469444544791, 26.5568453530015;
  1.120090712214705, 0.7448194451665601, 24.74714501771322;
  2.343503005963978, -3.383734981222424, 39.85969122019417;
  2.343479653434223, -2.857925793152452, 39.62553212507979;
  2.381807588380881, -3.913899938260176, 39.88050104641015;
  2.344737951369131, -2.79356714044043, 36.62332311532892;
  1.423564737407367, 0.4278446613839499, 22.60602806836134;
  0.480084078296565, 1.084413768931509, 8.235726642271089;
  2.498220598073597, -3.100758805197971, 36.47177440686707;
  0.4685091199403432, 1.085473811931186, 7.746519031216192;
  3.191665520764214, -5.403175636351248, 45.15273139720076;
  2.881666390583519, -3.526314270567644, 39.59705721009614;
  2.954821678941006, -3.261490184537847, 40.04247198723476;
  3.558777954674262, -3.347502597483977, 47.52129312475501;
  2.797274186157977, -4.710289334659178, 37.58042917211274;
  3.167811237019335, -2.681886728551842, 42.01158410870465;
  2.611118844378606, -1.342022690638812, 34.78704651252005;
  1.961153570349823, 0.09785540231674131, 26.07942959813931;
  2.813674037301131, -2.421683767105124, 36.63468780269669;
  1.884440886017741, -0.126894667841231, 24.69617130028257;
  0.4917411079064236, 1.107667394743244, 7.155676989922404;
  3.043736102635199, -3.302199094800665, 37.08975448666559;
  3.182848293720813, -2.958763365726199, 38.57145661733524;
  2.644621089580047, -0.4668955034933347, 31.56030261441069;
  3.40576817951999, -2.635885544650789, 40.05860343136067;
  4.0500392707696, -2.102606885524894, 47.06924006918855;
  3.189901177825018, -1.317039778716669, 37.21773733324086;
  3.945006744411791, -3.716062708520675, 45.53042456051255;
  0.5359898579928988, 1.08896359029251, 7.110591501537758;
  3.379790897961828, -1.05789117496797, 39.04127453664276;
