m=[-255.3060300602558, -68.28112859185173, 318.2572582166072;
  -131.9312910846813, -29.93958275997006, 164.8354422483028;
  -210.3998083804227, -57.81981792384257, 263.3914337846566;
  -390.7253076960424, -102.272889249012, 512.4530117056122;
  -10.24304358599738, 2.598770529586154, 14.13391490542057;
  406.9679408428534, 108.3918915578986, -534.9714472918619;
  -194.9104090628124, -62.54910655636879, 258.9076525786564;
  -24.14283296323291, -4.128029453928999, 32.66569540909389;
  -124.7379991249376, -40.55411794425743, 176.7205581716885;
  -196.218203176217, -50.62474883831225, 278.81327536869;
  -111.3086189245469, -38.64403770883914, 158.6702146794669;
  -123.8870185612944, -41.07729216378323, 176.7088422929083;
  -392.1139549897058, -117.9970286910816, 559.7774407557506;
  89.60327651560178, 23.67134277730764, -127.6942397774923;
  -78.64527490777182, -26.65240261434392, 112.5926739549414;
  82.72440594118105, 26.12832814079524, -119.1232341677496;
  -6.578444502543597, 2.287347014998429, 10.20561865756963;
  -6.410463949341356, 2.318980739227405, 10.09979682132807;
  92.49329983594934, 22.18309622562588, -140.4786700468728;
  -8.529150437354208, 2.512176712937137, 13.66803540123188;
  -42.26627178277828, -1.436130425703562, 65.81011020302914;
  -9.445394323989726, 2.491480545100898, 15.27786409856627;
  -82.09886808113073, -28.84122513677258, 133.7489184958717;
  -9.631339141413349, 2.514042347017886, 16.28847620768211;
  -9.439841959269012, 2.412509752477663, 16.23145314354322;
  -7.762119004853121, 2.389638572671278, 13.66658167330755;
  -8.003669678922723, 2.405281902718528, 14.07678547532986;
  -21.43081902870992, 2.665223376537165, 37.26468652685723;
  -41.00437505505789, -0.9808147734695075, 71.38306379389499;
  -41.22687273716399, -16.0143965325279, 72.9648067691637;
  -17.7698562943762, 2.167269553603616, 31.66809648048006;
  -59.71032550088727, -16.87249231001831, 107.4049487631112;
  -16.79186405977553, 3.074772292456137, 30.92434325474167;
  -39.82913335577518, -14.79997191013489, 73.54396250445454;
  -19.25231494344355, 2.380379957014567, 35.77498722349137;
  -7.076230031883189, 2.339000806202233, 13.73839984851224;
  -7.434910456533706, 2.351187323241545, 14.45671218118663;
  -7.254833507436158, 2.350223433685513, 14.14298998387468;
  -10.10855619077219, 2.557389478217591, 19.58263771101882;
  -14.23742691253909, 1.789825639326034, 27.10732020452417;
  -5.191883918395162, 0.2613000216586749, 9.869945184737947;
  -5.754845654176865, 0.3775752963568554, 10.98315975951084;
  -14.82927924832179, 2.880159071614353, 28.69480992037688;
  -15.28069784133494, 2.197722420220374, 29.59206798710993;
  -7.665657219656172, 0.9853953745265028, 15.27979166831521;
  -14.41737828788873, 2.639669926096779, 29.22906869388908;
  -5.188311009009206, 2.172823253107231, 11.05973607685149;
  -11.56039480176915, 1.405092254839169, 23.91835814033675;
  -33.1248759404713, -5.724309180954705, 70.2970622175075;
  -5.595466808336959, 2.223824541280871, 12.408870718773;
  -49.43190327408733, -7.889006164706436, 105.8011693221435;
  7.984085691149818, -0.942329055597674, -17.19070474630074;
  -41.24058035279291, -7.140071914983948, 91.42356804037638;
  -32.1283457844739, -7.386773828582744, 71.93689974212587;
  -6.809453312778588, 2.085291395791634, 15.75017114705994;
  -2.655519279592605, 0.3600986350560994, 5.989512739100474;
  4.128592690508364, -0.5676008008367126, -9.45959797132382;
  -60.52642161375047, -9.865661607589553, 140.8895907668459;
  -4.862901850577406, 2.149278821630554, 11.76598251617047;
  10.01206113499819, -0.6747269204782075, -23.3752186731347;
  9.048112710075808, -0.8799367997978447, -21.16217945378749;
  6.946768048761974, -0.6178162279549038, -16.6837051565913;
  -20.46240662489236, -5.817372594801297, 49.40615822339353;
  9.614382545540259, -0.5509685600741958, -23.03878860630215;
  -4.339046207232314, 2.182642311313997, 11.10257799191939;
  -5.532097581757665, 2.16114310386401, 14.01807463823514;
  -17.62148399646928, -6.482057622048947, 43.53655674699942;
  -3.339051050505108, 2.031991769675084, 8.854419316937761;
  -3.466030064209777, 2.015107967803157, 9.379812656535995;
  -3.339809291631426, 2.030841253639128, 9.132582937574538;
  -5.151203281988485, 2.166709803070678, 14.12711512300193;
  15.96325360664654, 0.5658074928356885, -43.35350213385542;
  -3.533467973126097, 2.036396841052339, 10.19432231124807;
  23.23326321654985, 1.469835141024502, -64.01155049431161;
  -3.505714224435742, 2.065240174168321, 10.2183857313069;
  -3.12664250149392, 1.97659862330737, 9.290332324896337;
  -5.337898657098641, 1.442173645731398, 15.83561128218031;
  -3.560428792452193, 2.049136157850315, 11.16425151630378;
  -3.971922763086963, 1.138053528088306, 12.68140960966567;
  -1.27631602582574, 0.3396679471913973, 4.178036149259921;
  -2.641288142118906, 0.7598099469195959, 8.770330419445564;
  -3.804422393797732, 1.184010777131664, 12.77682989411549;
  -2.58061754329, 0.8016583055186716, 9.01773389187049;
  -3.359792534062001, 2.093789463074506, 13.35332621779572;
  -3.155821796425097, 1.2290416971374, 12.44431767226322;
  -3.857118061797149, 2.118029750913941, 15.55757872896778;
  -2.85913725160716, 1.050618755881415, 11.42907016361266;
  -2.491408845761129, 2.20803039385718, 13.1251831221549;
  -2.55572308476048, 1.990311546189298, 16.81438115283762;
  -2.30272111826537, 2.319975959897279, 16.31330417156791;
  -2.307072277077652, 2.258249479685534, 16.53122318562139;
  -1.770599436227252, 2.222374035657702, 17.09177246455642;
  -1.357575929097203, 2.238920003749765, 16.8196774646074;
  -1.355564884280428, 2.210566918066789, 17.1172004055793;
  -0.2938763530558905, 0.4515908842360198, 1.913385382325625;
  0.6595819476070303, 2.377895952961532, 15.4308480765295;
  0.972635331790341, 2.360681861294504, 16.32603946706115;
  0.9880023108683961, 2.289070989080633, 16.33602928583794;
  1.025581095511183, 2.402149436900457, 16.26232989494952;
  1.124951390221495, 2.242177107661437, 16.42435779228126;
  1.085410412058864, 2.44493231096966, 15.79458415274448;
  1.183963288685862, 2.405442741864278, 15.70678842728014;
  1.334342233312318, 2.088748139035093, 17.41728801771609;
  1.443727659785428, 1.970832287778389, 17.77330434143186;
  1.585226344676432, 2.038013410909591, 18.24148517366712;
  2.34389120446579, 1.459678552390828, 17.22603296528322;
  2.356873090396072, 0.8129582220876619, 17.17392762902869;
  2.472183774316608, 0.3393785807184157, 17.55444346078919;
  2.513837107893386, 0.7932531395909352, 16.73917328771656;
  2.571504605030142, 0.6559966409676749, 16.8177261922217;
  3.463591946986782, 1.686383546617599, 16.96634745276849;
  3.644405245339035, 1.046835778523654, 15.6872919071893;
  7.210903400066361, -2.20994890865849, 24.77324925227571;
  7.243551748431266, -0.8786756669990702, 24.16649220240917;
  7.52629540604682, -0.6630576631658729, 24.97239932655695;
  3.814634703107397, 2.438975827017963, 13.26996953168293;
  7.941808226900602, -1.655690453416169, 24.38980935422536;
  6.200839766072554, 0.3052178713061169, 19.35750515438935;
  8.68538034330121, -3.677784096914643, 25.35748557995166;
  8.646492498689174, -3.56809470319793, 24.6814339098211;
  8.314853871260473, -0.2949485496769578, 23.05280009706447;
  8.356615137437528, -0.205655706833785, 22.99274122177637;
  5.647551375494607, -3.743697390030691, 15.94421504866625;
  9.008097781809807, -0.349694645704938, 23.43378970142253;
  9.287922362991342, -0.2133243521986824, 23.1503993503223;
  6.985331814076304, -0.08196895917220984, 15.56502244354462;
  7.71214459527056, -0.5719518553842025, 16.52703226290745;
  7.611313075808082, -0.6307527487997514, 16.30049372621655;
  8.435570392127421, 0.2108360499924693, 16.75644803316071;
  9.087803794876173, 0.08065328657083729, 16.162682866279;
  9.021355882613342, -0.1033807727551442, 15.94034833577417;
  9.051996085440289, -0.2115657574116389, 15.94059363180027;
  9.395234729287582, -0.5439245113030266, 16.004706431052;
