m=[-14.11765863339138, -3.653681424924329, 17.51320192050547;
  -9.707737188509563, 1.320119495940373, 12.54931700968461;
  -4.840177990594686, 1.303002089759712, 7.214765527011402;
  -13.17996971691132, -4.332631662978588, 18.39880588606835;
  -12.84919636624693, -4.186794435747595, 18.03274619709252;
  -12.48433800873609, -2.96185129033167, 18.60999267160844;
  -8.975905104906687, -0.2863565786688298, 13.87357941476687;
  -8.326873018483497, -0.1616442556793493, 14.07139553979521;
  -3.905575204261905, 1.296677687582171, 7.145415535367553;
  -9.080886467854684, -3.50381758828145, 15.64967437380168;
  -8.688357695383671, -2.42603212630335, 15.21262413939098;
  -8.815268555501394, -3.396495606998614, 15.48286130459443;
  -8.124785064837326, 0.4558967617732467, 15.03785672284834;
  -8.118017357123936, 0.5741714805665342, 15.08441365675771;
  -7.325470486588478, 1.097217521156304, 13.76869489464534;
  -6.234345858747522, 1.184761450271669, 12.22836238043426;
  -6.8431667922744, 0.9255292031316643, 13.54060784483662;
  -6.638589837338477, 0.8468252941717243, 13.33582782909199;
  -6.416547048226755, -0.9139193878405448, 13.05313487778271;
  -6.174937453056876, -1.03482771102917, 12.66875539592152;
  -2.786458570025008, 1.303869460336602, 6.266804294345857;
  -6.684025666929711, 0.940322620467098, 13.71030081800038;
  -6.385783839088938, -0.986163180780569, 13.24092499328621;
  -6.143427126610934, -0.9370106989729049, 12.94994517526414;
  -5.882073284947911, -0.9842069103054909, 12.61849726566807;
  -5.926073371899847, -1.33538168383958, 12.84231481546132;
  -3.113542453445195, 1.250999099670678, 7.437690471426573;
  -5.844054026850158, -0.920306540094654, 13.17969372210654;
  -6.891367148688931, 0.9930644649585636, 15.38898538845987;
  -6.814135564210556, 0.9784533744012124, 15.54030881863172;
  -6.847541220771595, 0.7105773700048386, 15.6222897005903;
  -5.423682919376582, -1.522218017981195, 12.69353253569449;
  -6.711800883111349, 0.4379658988274937, 15.70843990160259;
  -6.473235202163884, 0.8731552104751703, 16.1755507830471;
  -6.503393847591076, 0.6946945411706609, 16.57481516246775;
  -6.435371055301458, 0.7744222464493897, 16.4823062467367;
  -5.182924579081869, -0.142534478070423, 13.679715085487;
  -5.158039922460049, -0.2919806410147095, 13.80530815297473;
  -4.135975707937343, 1.156936705944998, 11.85642158327402;
  -4.467956185850458, -2.139399132842375, 13.66091181093402;
  -4.006693858474542, 1.190667372504531, 12.37538645515256;
  -3.966242396578855, 1.179171799637, 12.51621111224981;
  -4.013644218685021, 1.111251305320552, 12.78819675099747;
  -3.714348372345192, 1.198672166321237, 12.06650808142302;
  -4.464156136130126, 0.9735701163562317, 14.34831105737733;
  -3.618668272847737, 1.170720033670727, 12.27674215083319;
  -3.594936626904433, -3.11884451840722, 13.17307669819421;
  -3.051202182410532, 1.164161813089147, 11.83368315759019;
  -3.547289274230584, -2.528736937620545, 14.7371451380444;
  -2.615597859946613, 1.124095166218254, 11.42076090604902;
  -2.813658939609389, 1.090408438213317, 12.30730820452362;
  -2.569331427593293, 1.198438047769433, 11.52582952531972;
  -2.891163055707533, -2.874852724301621, 13.42676282588753;
  -1.847717794309575, 1.16564842107091, 8.897999081493381;
  -2.851738573267845, -2.437381040785123, 13.56140375525613;
  -1.745967320203006, 1.156081165318367, 8.741343919169168;
  -2.621645902443142, -2.495957378691085, 12.71835223395719;
  -2.74657154091749, -2.536869961689191, 13.31872411443015;
  -2.729959421864722, -2.440384716988002, 13.46807410678778;
  -2.572551062531703, -2.599326332341358, 12.9285046704721;
  -2.669901422945322, -2.501455480682917, 13.60597589913219;
  -2.606607925334984, -2.647501327869354, 13.38660774515299;
  -2.716272763288897, -3.070195960972243, 14.0248165557083;
  -2.763573025532904, -2.362532573174579, 14.30455263110235;
  -2.662829144993797, -2.252133874498962, 13.87805535524813;
  -2.592511805740158, -2.465725885804911, 13.8132104904497;
  -2.586027669871538, -2.78424943358987, 13.95371437323723;
  -2.501686826755078, -2.291560452185875, 13.6187891648964;
  -2.448748656284823, -2.44005178503858, 13.64293655143436;
  -2.572799123854619, -2.889747566114022, 14.31360497281168;
  -2.342097142800977, -3.063952144932073, 13.41821239039573;
  -2.460936533600989, -2.939336848960471, 14.15953132222856;
  -2.345227276069626, -3.143816505095401, 13.70515395163233;
  -2.286366730036572, -2.514685874945686, 13.544342931314;
  -1.511049898624342, 1.162164079444316, 9.393419077072654;
  -2.368035194078687, -2.646106172064294, 14.47217888703812;
  -1.444697334964721, 1.174600039175644, 9.175137655016634;
  -2.46999776314215, -3.385877930995702, 15.02576040217292;
  -2.360198644195795, -2.95616715161569, 14.47667438162371;
  -2.39681728343516, -2.841887352791973, 14.93287057460027;
  -1.422232270692023, 1.16012439572735, 9.378902487225444;
  -2.171191827632763, -3.225533031204705, 14.65035107904153;
  -2.194736795716952, -2.745165085707445, 15.00744900349247;
  -2.031102298494196, -2.768137977787063, 14.62568277894104;
  -2.005229902045047, -2.936846020138928, 15.17043185262321;
  -2.035408524432852, -2.971951836251993, 15.4476258368704;
  -1.448737100102432, 1.088780600461127, 11.89264705786147;
  -1.734746715388684, -2.327226501090503, 14.39793564388975;
  -3.238661782787915, 0.4986141347919822, 27.67151679273274;
  -1.610487316711714, -2.86250336068895, 14.36947670823413;
  -2.757776382284934, 0.2642536343001603, 24.76041437807951;
  -2.799048979226418, 0.5034798460704416, 25.12580463596615;
  -2.559473157233066, 0.7027182511991742, 23.17964338289738;
  -1.667361839751772, -2.275371046740121, 15.70105509146073;
  -1.59256761858393, -2.397219267124001, 15.23985076601902;
  -2.098477601835188, 0.5722404042784802, 20.81856142328022;
  -1.50197618072094, -2.063510972500311, 15.3860234443144;
  -1.741606994232154, -3.035572951180418, 18.12879628750812;
  -1.542858183382133, -2.185534709601865, 16.25688576057804;
  -1.47207247944221, -2.382324250145204, 15.66317902751384;
  -1.977959225611898, -4.446433578461418, 20.69871259333224;
  0.02650672400152652, -0.02707613354696001, -0.1823940566355821;
  -1.751647451889007, 0.7189703971676409, 18.69942788508743;
  -1.38854047651055, -2.393767742968728, 15.09433302154604;
  -1.427087546193788, -2.481066080671458, 16.03219226870146;
  -2.186236325925786, 0.4790466041583694, 24.44585463133166;
  -2.174191809013356, 0.1229907499457449, 24.70183583799438;
  -1.334545547318927, -2.585850689864749, 16.26865290912301;
  -1.63811027252255, -4.643091095652506, 20.08991774485904;
  -1.43658267748741, -1.945739003959275, 17.45842503389856;
  -2.124105847149566, 0.03321467502760225, 26.03142233638223;
  -1.95874418936698, 0.4728375646976676, 24.16059384908561;
  -1.547166151376389, 0.6478585099462614, 19.60986710123336;
  -1.245195521600126, -1.965249819782109, 15.75895760454503;
  -1.356612767610352, -3.816699249610227, 17.63239989688038;
  -1.486143390321002, 0.454652010449361, 19.57879771038537;
  -1.144200070092273, -2.218026758113793, 15.5822101953526;
  -1.160819146976738, -1.883058130060414, 15.91427066909755;
  -1.170084957877054, -1.387742794237314, 16.20234471165465;
  -2.030589921986659, 0.2931251234331471, 27.75151262849464;
  -1.179036051877265, 0.4513254188362156, 16.68029209843192;
  -1.317825455659351, -1.822632545825908, 18.80745370376413;
  -1.202962696354004, -1.331379848938037, 17.36722022366795;
  -1.140806339264477, -0.6428174679746025, 16.7390704038842;
  -1.184534194730642, -3.790432752484734, 17.50225153906231;
  -1.260303738629491, -2.148086818079561, 19.03140586588979;
  -1.280445712070788, -1.129490707638091, 19.10194054823817;
  -1.581746270534779, -0.3051949071848654, 23.64907282589555;
  -0.9948179666363809, -1.254255596237143, 15.24161816541555;
  -1.136608248182179, -3.595495659551796, 17.32474303327;
  -1.09223919592533, 0.5158114811261501, 17.09992953608314;
  -1.061928667963649, 0.940801236980339, 16.76719008273744;
