m=[-10.07597409774683, 2.626053688759031, 12.98093094971651;
  -28.3888176890545, -7.077317981293626, 34.83841030582887;
  -27.63614173662193, -7.152294891225556, 34.28311613884812;
  -26.68724005441595, -7.606158350281186, 33.49482134217242;
  -19.60575303044655, 2.666114286521823, 25.34460968760867;
  -8.720047778644759, 2.705700029572834, 12.53382703048225;
  -27.99999534945827, -7.480324417638815, 38.55780654189258;
  -23.95261609803014, -5.230583503836801, 33.26983817075964;
  -26.10610607712106, -8.581821067591866, 36.44326872297404;
  -28.23284579498331, -8.383660051179964, 39.41235074562129;
  -25.67703684885758, -8.652602508468004, 35.97012497771661;
  -27.14075104719467, -8.618454446811361, 38.006906117259;
  -7.794244624798296, 2.589036195439443, 11.76745457667897;
  -29.0890632423452, -6.559222488608935, 41.33351670767135;
  -9.471906725031172, 2.549888512510736, 14.118816755833;
  -9.51338093749024, 2.574031969031478, 14.45270640704766;
  -7.48110999623638, 2.608309232866077, 11.65538220795212;
  -18.43060022460947, -0.5491774863761364, 27.83679837516758;
  -7.940966214581704, 2.695855736700058, 12.54554712699733;
  -8.644347523752632, 2.581430623065941, 13.73981648657029;
  -9.347766396606245, 2.507637387390206, 14.90470607860041;
  -9.38242954992436, 2.468067569034437, 15.2140448301281;
  -8.25271688327447, 2.602603660647886, 13.59059936435819;
  -21.55863803136853, -7.497037198115193, 34.27803784988504;
  -13.1526908269927, 2.386387402646444, 22.29711019741881;
  -16.1863279063713, 2.102787831944057, 27.30311477990043;
  -8.307830837747245, 2.407584951039319, 14.71282871060934;
  -18.01051659194878, -6.949273623482863, 31.03867898422681;
  -7.508598414520364, 2.546552772823811, 13.66576434429313;
  -17.39738461536898, -4.857835677387703, 30.46143844913885;
  -7.728576520777313, 2.509379608628525, 14.12306717571023;
  -7.606338424488061, 2.525356395255113, 13.91611885652361;
  -8.927432482421294, 2.376723098532051, 16.27470039252161;
  -8.959182147086709, 2.332482711687718, 16.50414742047961;
  -17.24552653661376, -6.358232336325339, 31.01405213864371;
  -7.188424824958032, 2.551159230881039, 13.6513600943378;
  -15.53154284488818, 2.04218598104683, 28.73259638058887;
  -16.12853399407093, 1.140739645575755, 29.96907591360922;
  -14.36219902991269, 2.151186936976262, 26.99468065854321;
  -15.65177266011344, 2.077005797185624, 29.36687182227918;
  -9.33508986262661, 2.386639150035361, 17.92081925698868;
  -16.6503726531936, 1.052162144914302, 31.38713717692949;
  -7.619012064107177, 2.390942487487456, 14.94193491889647;
  -15.2474242460449, -2.429568079231447, 29.0114070479808;
  -14.58194491779183, 1.960557703953436, 28.27319818966696;
  -13.27439461462266, 1.795344208707155, 26.2661100204569;
  -12.86795842955367, 1.64144990871511, 25.84959793166555;
  -13.20469035496335, 1.846366656255802, 26.70376924575094;
  -14.8057558315451, 1.81147632595005, 29.87260860717509;
  -13.05968191518838, -1.860112052730858, 26.56721570318786;
  -12.132956037311, -2.033303044696029, 24.89247112779565;
  -13.53328626577886, 1.903890834520697, 27.75953220496398;
  -12.64920333599574, -1.953429510063942, 26.22812748084512;
  -11.72060173075241, -1.787655162790844, 24.70626682896471;
  -13.90634813513024, 1.735687030123475, 29.25235246995214;
  -11.46813338809399, -1.91888396864256, 24.60197328215747;
  -5.40266400079247, 2.528072253028345, 12.1507056754015;
  -11.58098130319718, -2.609658933098932, 25.09699060981239;
  -5.544147128749344, 2.513281107248899, 12.51779622621287;
  -12.33523429427194, -2.428773128676439, 27.00101696300528;
  -4.721661367973136, 2.513149472818474, 10.99848192115315;
  -5.980238465380402, 2.462980054682525, 13.76506756365234;
  -11.38074413051137, -1.792210203111117, 25.6662106956335;
  -6.103892357902979, 2.452500313838346, 14.58109619759761;
  -10.67598685198188, -2.996336582980985, 24.98597142766881;
  -4.109313884231935, 2.52187998714721, 10.85625648765121;
  -4.221279402317069, 2.500591890261173, 11.29635032076329;
  -5.049362473112999, 2.478600808019444, 13.37794515835526;
  -3.722117378683583, 2.505258201235142, 10.8880539014732;
  -8.026603715773479, 2.245243473029007, 23.00951559107315;
  -3.950230955784966, 2.418351249229916, 14.03988713310915;
  -3.768075523277314, 2.422150390221231, 14.13793287745932;
  -6.227397185360188, -5.10995484658223, 23.26232164250402;
  -2.904027289465461, 2.422538262875053, 11.96331615452477;
  -2.822198435491408, 2.430567022365141, 11.74307172386978;
  -2.557857454538683, 2.369603529417832, 10.89016645280172;
  -3.649331376239585, 2.302211609250485, 17.57397549227929;
  -3.293899016852877, 2.181034301032355, 16.4912045077547;
  -2.265675299766497, 2.314345861336673, 15.59022189689119;
  -2.31925475125837, 2.248701624126075, 16.0821408353421;
  -2.060686743819721, 2.209380336353123, 14.99166664335581;
  -1.89186713221522, 2.298616576758201, 16.79178804537544;
  -1.731395766062797, 2.287707934999131, 16.24263035341006;
  -1.485117592936003, 2.249902972052551, 15.01197642180141;
  -1.554280578203956, 2.325447607580303, 15.92383025829522;
  -1.483642374884125, 2.324690704404822, 15.59267755388664;
  -1.552736953972369, 2.308877194157816, 16.72701348120392;
  -1.318569162018272, 2.315875974319365, 16.02089743843422;
  -1.109477780001949, 2.372933382252692, 13.75262325366235;
  -1.335400538477367, 2.315805213591992, 16.52284427871675;
  -0.5162144254746051, 2.289776420921075, 13.94176803499749;
  -0.3518827374506043, 2.329580985505339, 11.40462124281639;
  1.049632074727947, 2.344569773584898, 15.36207330043208;
  1.202337833412606, 2.333237771412206, 17.04451151170238;
  1.036979310873157, 2.358823478351644, 14.63134870420277;
  1.333229298432862, 2.30970364577948, 17.51089694101388;
  1.088290759219734, 2.391675178381902, 14.1027740368219;
  1.177612235476605, 2.335736719741363, 13.92897247812731;
  1.498852596213828, 2.337608134697105, 17.38657290392934;
  1.760295532803302, 2.24390792924381, 18.61863581533239;
  2.825390350890062, 1.9632756916924, 20.97529956432917;
  2.853568364416113, 0.7958861769470782, 19.7314957045711;
  3.15975855870677, 1.769090710530527, 21.65246451190931;
  2.841024224763263, 0.6891286773537014, 18.8949797021775;
  3.000282017302252, 0.427673440919629, 19.70586227497082;
  2.720233476229331, 0.8831089520461042, 16.64579475764292;
  2.718814214124178, 0.7196938569920206, 16.35897283770436;
  2.69088631542378, 0.9979834535574116, 16.06268011786816;
  2.781591733809254, 0.93843007452877, 15.43861092049577;
  4.59545680044152, 0.3444943946269453, 21.21542086051666;
  8.810927300273162, -0.122880280869964, 38.5017426677194;
  10.03522358206434, -0.5533913932218186, 40.67200074527285;
  3.429179947345583, 0.9392649137323553, 14.56781824394368;
  11.88408740319942, -5.053312729234258, 45.74655062221377;
  11.71333353860325, -5.019081106827954, 44.16153158510062;
  3.758218067327752, 1.102099434289485, 14.89643242119449;
  3.818734917947798, 1.014633131703638, 15.08241749509502;
  3.907504816222383, 1.011414015344897, 15.07238364551318;
  13.61723629615825, -2.299648587378243, 45.22615662051453;
  14.20326455881225, -1.252430451504231, 47.07337934661877;
  14.3785451932526, -1.5257866735627, 47.52514341413745;
  14.02234454669873, -2.107311147607429, 45.856280572495;
  13.5571123473243, -2.040017664040676, 42.47196047162976;
  15.16503587848803, -2.701634679002821, 46.24394807716152;
  18.94765220584007, -2.690321554800575, 56.8962648449466;
  3.705062365494954, 2.373994414596085, 11.69427306545868;
  7.863207723702103, 0.4402276549303654, 23.26247375016003;
  7.83286350216614, 0.1670749804694052, 22.9514460582345;
  17.10157211750367, -6.365766822942359, 48.25058443835714;
  15.46270286113706, -6.126327146162272, 43.01702926621989;
  16.07481503279443, -5.893226696011247, 44.45927775048767;
  15.5079260477189, -6.277427855072236, 42.78255654611688;
  7.966532862183231, 0.2460812043160221, 22.35667100626073;
  14.74890490364254, -6.157826790634525, 40.41616625801442;
