m=[-30.50449124051082, -7.892548661219863, 37.13005697982176;
  -28.52700966974558, -8.132659463264979, 35.10731379053808;
  -19.69574204684172, 2.737506498337873, 24.73168292980011;
  -9.771064874833281, 2.709615618886919, 12.79233999437303;
  -28.10096640347356, -4.722558114953598, 35.63780095146988;
  -9.267525795542266, 2.770754882943238, 12.91517916122997;
  -9.958004478822513, 2.658249103998545, 13.87566646333425;
  -9.870509896440444, 2.707919771304068, 13.84592173403686;
  -8.810583390589056, 2.761203383835747, 12.62508914749069;
  -9.871391347755292, 2.721682831606172, 14.13824963169305;
  -10.02000957927647, 2.703657709120047, 14.54412681991922;
  -9.899837387907216, 2.700093056291943, 14.5809564822528;
  -9.933314525802864, 2.596851254375476, 15.10034851586434;
  -19.29043587260976, -0.5421722034880065, 28.41746918251766;
  -8.537928239130883, 2.744466571493843, 13.20149059094226;
  -7.926047950347028, 2.621885601279977, 13.64646935154156;
  -7.979838021586012, 2.702241421797547, 13.74241635069208;
  -9.028452092317489, 2.460329142776495, 15.66500022140616;
  -8.276654197909977, 2.584326422354103, 14.55522922752365;
  -9.454802612285032, 2.513737151550165, 16.58862108379524;
  -12.56289029952571, 2.574501833565845, 22.62494595127964;
  -8.130614098407136, 2.608375209083179, 15.09755656586317;
  -12.32730306543052, 2.55756394397847, 22.48095049560353;
  -6.508117021114668, 2.721765193502032, 12.3693692211248;
  -7.217765735875989, 2.663059934073782, 13.70910716494922;
  -15.38286631928526, 2.362821316022818, 28.20868011578028;
  -13.67183208687243, -4.621600755191262, 26.60293610692153;
  -12.75228671214941, -1.793567420627123, 25.31249782443472;
  -12.76013250261202, -2.133785863440412, 25.48056458565878;
  -5.694730559447872, 2.726381998326286, 11.95045294847779;
  -12.25500027467753, -1.918024096279134, 24.64198288546849;
  -12.53896907978083, -2.146795970521618, 25.28041350828413;
  -5.810688519269956, 2.694301507730945, 12.27226442223052;
  -6.646685475272033, 2.645310636123321, 13.97081647343422;
  -8.672070648944699, 2.491938398653704, 17.99647855281078;
  -5.754738610091374, 2.681603328384264, 12.43866223574357;
  -6.482086857094245, 2.614341332716494, 14.04127360691596;
  -6.349896742177855, 2.672259939912169, 13.77512646405428;
  -6.306558517150404, 2.594934281175914, 14.26910153941907;
  -5.317337425174251, 2.662868936370701, 12.36110221492085;
  -5.810697383345706, 2.639703452190973, 13.87477695084647;
  -5.219509052642557, 2.7650012192808, 13.03757509926918;
  -5.307250312964482, 2.665318575445233, 13.24377470688922;
  -4.619397298334632, 2.649396456539626, 11.78447772911836;
  -6.722925366033923, 2.512971871737548, 17.00237958443096;
  -4.328065152379675, 2.650595083595429, 12.08653136584179;
  -4.679939442378823, 2.56091905542573, 14.50115572535761;
  -4.174148226311012, 2.62825676413897, 14.08881550156173;
  -3.440638823770077, 2.627038695992317, 12.37362245519912;
  -3.973662232781375, 2.633553078389098, 14.18679978942391;
  -3.221003356118172, 2.688255418950461, 12.02131050228382;
  -4.825864385970892, 2.522443728670864, 18.24331862232858;
  -2.898039176609008, 2.580196382804345, 11.32771154046215;
  -3.375977961100281, 2.581461730108351, 13.07204416975687;
  -3.121491357347439, 2.62954524798859, 12.34348191185473;
  -3.684869816387265, 2.59516647835594, 14.39192807013388;
  -3.11314260677075, 2.604381245970226, 12.4496962990364;
  -3.214680072892652, 2.641696165803731, 13.00931827683569;
  -4.516397218386542, 2.487774359010325, 18.0166668249617;
  -2.782658536404106, 2.626581551921869, 12.64707702511458;
  -4.09442612729416, 2.509511769592592, 18.395263957575;
  -2.657425603080734, 2.539984914414513, 12.61984548200455;
  -3.767331298490415, 2.468742613323565, 17.61479813361591;
  -3.911541225779083, 2.52889303955617, 18.57181826833419;
  -3.750348667151386, 2.576977978679871, 18.1642968877103;
  -2.658594445869174, 2.599299255912388, 13.68950303690279;
  -2.607479834628494, 2.548196014144678, 14.00365511805118;
  -2.284934624632467, 2.624534372516835, 13.09784956003957;
  -1.795309011195567, 2.618851450745001, 11.3630110840577;
  -2.970640362034922, 2.533194851449492, 18.51388572647334;
  -2.52673327091855, 2.554373605417053, 15.89243264574379;
  -2.547909381091133, 2.525290514484215, 16.61463528341927;
  -2.252554899727021, 2.604394450412218, 15.95761588943484;
  -2.013745951470535, 2.57348243750858, 14.75493038610613;
  -2.010545264444108, 2.544604843085731, 15.09821200478594;
  -2.062777510218138, 2.56917032021442, 15.66866898685038;
  -2.090344441726099, 2.365542338261494, 15.95086822726977;
  -1.950258750819554, 2.52806737226331, 17.18365682494628;
  -1.813771945073636, 2.557567872461985, 16.8722668799098;
  -1.552335358886432, 2.503547149432955, 15.46204098694313;
  -1.609559107459632, 2.587490967165631, 16.43583781889789;
  -1.494125498467873, 2.515973076937659, 15.63670007068514;
  -1.603303824982503, 2.559439569437166, 17.26571750577445;
  -1.356486512332013, 2.58570908797416, 16.59908942422223;
  -1.350351863411051, 2.553739117421186, 16.93178045096718;
  -0.8852644472446739, 2.533359767101087, 13.93193828165045;
  -0.5006416073099582, 2.66155078033804, 14.8736616489856;
  0.3461163927916553, 0.8493005260786691, 24.08021788849018;
  0.6561414255576604, 1.423488191232086, 30.3772903073288;
  0.812366730333613, 1.737159188246645, 33.34602544704636;
  1.10785188500097, 1.799857555269707, 34.6334739319585;
  2.281069104240444, 1.394637246013678, 40.89566105156294;
  2.778411422304929, 0.8500485786187534, 37.33314662200167;
  1.204864582570753, 2.442018111169197, 15.8368681264857;
  1.173356154910428, 2.437802164957568, 14.74957355891812;
  2.652280356295883, -1.145635434923633, 30.87355256643531;
  4.084916555722502, -3.074834190268333, 46.72851624995799;
  3.336140503445313, 0.2487874838160411, 38.39714792646073;
  1.182595781100415, 2.505017826554457, 14.30210182028525;
  1.511583260207876, 2.462885743533982, 17.37979726923065;
  4.694991089938819, -0.6071399571167777, 49.40894823035804;
  1.521785768174766, 2.44811036926079, 16.98442917835911;
  1.223651048059114, 2.533838192216429, 13.69937673781127;
  4.945269374552018, -2.214032686954965, 51.23529823084196;
  4.797458917830774, -2.488455845714335, 49.72819094057995;
  4.752131798027908, -1.667083406493362, 49.1430886363843;
  5.090965158177648, -4.261630005303631, 52.42445298780648;
  4.251371308619979, -1.111660826664175, 43.61912977166819;
  4.003381369861325, 0.4097504117323326, 40.68980198667094;
  4.237352472963005, 1.471675707097915, 42.18090575247973;
  1.658160815817969, 2.451633388407032, 16.96725814368108;
  1.370370649244091, 2.578245824465347, 14.07651539604804;
  4.460075008593909, 0.1472149709140517, 42.59599211119955;
  6.04392999888149, -0.8005460449107171, 54.47456291691623;
  5.522257392142143, -1.146445905583979, 49.53646568986254;
  1.902722312756396, 2.317200090272328, 17.94472149247579;
  6.519234499288627, -2.021625108567066, 57.60288965907086;
  5.587185215046276, 1.09064209392019, 47.80125163577845;
  5.936731525232807, 0.8957742856788113, 48.98642426844029;
  5.829615377982903, 0.04237428190553159, 47.12015747034955;
  5.788752239156343, 0.9690278667782959, 45.97308133471017;
  10.15966006595598, -15.0200194307612, 77.07352538702186;
  7.570391181966432, -1.373992701686517, 57.38560239855408;
  6.402288371662058, 0.5685924077762781, 48.41993951050858;
  5.112963964521543, 0.7769539837582482, 38.78722493793254;
  9.623894003760833, -7.975573641310493, 71.271271774601;
  6.28694380349542, 0.04219102009596785, 46.70470778251187;
  2.376259967262946, 2.439387115397703, 18.34159631663664;
  10.77065347303376, -15.06684711750726, 78.62136657714686;
  8.684791303396127, -5.792321091725776, 61.59615314329486;
  9.194007199280645, -1.708007280077405, 64.82609335161698;
  8.383168411249324, 0.1604210020405967, 59.08379512045227;
  8.421198895926114, -0.8388397588705044, 57.66477643197781;
