m=[-13.07017343560619, -3.261715352818686, 17.61924463247332;
  -12.95988135707647, -3.320970032295561, 17.51599023295071;
  -12.77680317174373, -2.798233106384336, 17.40421806973639;
  -12.74721811969579, -2.724568780486553, 17.77461253046866;
  -12.80639962106163, -2.934049419962008, 18.2933364495794;
  -10.96744199872944, -2.749860361975888, 16.3762554770768;
  -6.866113285020616, 1.272542883076839, 11.25858874582537;
  -9.403883501997926, -3.646118143914158, 15.87722748117663;
  -8.894684877680163, -2.489391834051992, 15.24956183215467;
  -5.582246775364143, 1.466667126309137, 10.09799833758796;
  -8.837886681508657, -3.277728301762559, 15.57636787604063;
  -8.586456030548256, -3.083069612987338, 15.45670211337047;
  -8.255084373937295, 0.6043910508662751, 15.01742875310066;
  -7.517633335021984, 1.154714857514212, 13.78563068636319;
  -6.95121534426571, 0.9106679371163269, 13.60714059463787;
  -6.277085456127399, -1.049672188525495, 12.53464110516195;
  -6.100244523695042, -0.9547462853851138, 12.26618668142148;
  -6.180627339362347, -1.058184750517843, 12.461057514819;
  -6.775276130255917, 0.9772609117459427, 13.5807244426661;
  -6.488348450681573, -0.997576986794337, 13.1223371500152;
  -6.352884549722807, -0.9636257067438422, 13.03345073563599;
  -6.318366329482784, -0.8760548872017766, 13.07090549768609;
  -6.066476942910842, -1.055346367397377, 12.65400923107362;
  -6.023802646735154, -1.008886196605271, 12.57740813852171;
  -5.984156700658182, -1.34698005779724, 12.63248504833574;
  -3.154298230143692, 1.297886412723057, 7.136856275753284;
  -6.046975773021376, -1.026174642720457, 12.96665864667831;
  -6.63687888574172, 1.095328192146291, 14.40856727377811;
  -5.976555403023183, -0.9347308028304291, 13.14678224157872;
  -5.501752459168639, -1.552268996182438, 12.55224917745926;
  -7.360557213999886, -3.834702461165126, 16.79890170299311;
  -4.203235613502079, 1.209876318177988, 11.73531887641598;
  -4.512609442370605, -2.180191894225034, 13.53040757491382;
  -3.941087204553731, 1.208519665582345, 12.15833826039703;
  -4.02058521425736, 1.14673740167562, 12.55510733240248;
  -3.649349237353641, 1.214144966643133, 11.58149011049612;
  -3.634377162907957, 1.213824065663064, 12.06692352560873;
  -2.238071537369217, 1.232800552092942, 8.928043143560348;
  -3.018834862033585, 1.189881170245693, 12.19569306181082;
  -3.92148444377308, -2.597040731233804, 16.02268977710907;
  -3.701943369820433, -2.243415873310574, 15.29795946532116;
  -3.593448618632219, -2.235408069085734, 15.05731171624592;
  -2.680963704173863, 1.197045116449914, 11.48538983342474;
  -3.285138292296786, -2.294946182593289, 14.02191408051676;
  -3.691313621536908, -3.079621982883583, 15.71772761080166;
  -2.595078141032588, 1.204202669666076, 11.33795823127769;
  -1.989048077555744, 1.219106025051272, 8.936310797509796;
  -1.853533966981628, 1.214625931986337, 8.66651326238935;
  -2.757882471359605, 1.177958665627682, 12.49586515315078;
  -1.888148982716429, 1.220727724552, 8.96484473676108;
  -2.921937022621778, -2.567503105047168, 13.45137618353541;
  -1.795546242343553, 1.233774119923434, 8.696480758498073;
  -2.905497877580023, -2.840164571441494, 13.68594367245411;
  -2.785847781752694, -2.867062725985454, 13.31759940331011;
  -2.683972293251608, -2.603263012369649, 12.86703998560876;
  -2.829881309713865, -2.659389217643741, 13.5344745691648;
  -3.088123323084294, 1.014762995458786, 14.78995579122959;
  -2.805205050669253, -2.42910153737811, 13.8119193055423;
  -4.219404953812171, 0.7362162826671136, 20.46177059016559;
  -4.487087016900663, 0.6399345449877325, 22.11957799858008;
  -2.652567617862208, -2.375856380802015, 13.42064010463626;
  -2.691145532453808, -2.799118569654237, 13.69227815161696;
  -2.756082537499285, -2.417824925642074, 14.17091815415422;
  -2.595721079016339, -2.770665328059005, 13.54199929437204;
  -2.673532377956525, -2.593849166372135, 14.12519864964211;
  -2.681553646207411, -2.957066062881927, 14.35207950171896;
  -3.761485075330674, 0.6166943401067295, 19.93676831084531;
  -3.996100794900519, 0.3074816464970723, 21.14362594594452;
  -2.782228709299603, -2.342764582413434, 14.97207981243991;
  -3.213989983639455, -0.2776358680810668, 17.22267145274582;
  -2.564729295558966, -2.676691820098316, 13.95883709855073;
  -3.400874019013513, 0.8439638812012471, 18.28717463687765;
  -2.79839531787577, 1.082754972782709, 15.47199284767741;
  -3.088120785639454, -1.654258595749947, 17.06977560384594;
  -2.804651304263588, 0.9914960322314596, 15.71300531354401;
  -2.451007586844415, -3.292555047483766, 13.92910731708241;
  -3.847577600142018, 0.2641944371403432, 21.51102368098607;
  -2.74962557371841, 0.8285149907303911, 15.72989365088548;
  -3.538671177021492, 0.514698938585694, 20.15179942187782;
  -2.559955551232135, -0.8427912868993852, 14.84473625368785;
  -2.313618729325627, -2.61504278334928, 13.57011245463036;
  -2.498907016098261, -2.935090203545974, 14.58300756814853;
  -1.263990767436847, 1.303378148342377, 7.885267224044839;
  -2.326723309942813, -3.131896949407432, 13.69295961186763;
  -1.502207356948117, 1.211572163354384, 9.172153814243275;
  -3.158634030353826, 0.3205394465444736, 18.44627902285302;
  -3.111032321915214, -0.2364592849417418, 18.19554328944052;
  -1.225982252139417, 1.239393465712444, 7.711079199079823;
  -2.585428433403482, -1.841418687454947, 15.37477155756431;
  -1.429964847306622, 1.219393513683199, 8.911952491540767;
  -2.365720019991794, -2.817825678213947, 14.24173437675126;
  -2.403424426703063, -3.005001555518629, 14.54889668488575;
  -2.332280817525372, -2.678419448633298, 14.2416361420902;
  -2.418232875266593, 1.028079747175583, 14.76584322519479;
  -2.310517816646559, -1.747625438591134, 14.28731172803187;
  -2.230344380164638, -1.396194844036528, 13.88393004496674;
  -2.315617837105737, -2.816537903032335, 14.41654171890101;
  -2.218427888142893, -2.895902356219592, 14.07031437075225;
  -2.953459808090176, 0.5795357941393365, 18.45919648390139;
  -2.222931480125586, -0.8067770050156646, 14.08553581394741;
  -2.357824660863694, -1.837429598012391, 14.93669817865716;
  -2.435964088507822, -3.286119994309454, 15.4584100687084;
  -2.449056637606343, 0.7675957804124558, 15.55006118859281;
  -2.158920958344551, -1.543997058648906, 13.83143390910997;
  -2.074527608915282, 1.160884407241222, 13.40629857570415;
  -2.86750053389599, -0.4408399325679357, 18.2348066359231;
  -2.12826829674884, -0.850298657968558, 13.76962134069388;
  -2.193290389445141, -1.807816871807984, 14.13195057619623;
  -2.37498372960639, -3.314000818118043, 15.94358841971497;
  -2.316780936470897, 0.4163968113804315, 15.67309126552927;
  -2.062750915398508, -1.240969268494117, 14.05944069507035;
  -2.271162024331817, -2.21228147477228, 15.49437102406438;
  -2.269610074718438, -3.50005187664725, 15.41146081395237;
  -3.356272076886847, -0.06302899120959256, 22.59766308755312;
  -1.947266449163429, -0.527887702334025, 13.47215598812863;
  -1.952263296585968, -0.6371659088460094, 13.57813258333002;
  -2.788424793812665, -0.3213006199277194, 19.18982038076268;
  -2.885009980861704, -0.5449296844465943, 20.02715884535597;
  -2.813967906700607, -0.2236672223646379, 19.60649026413504;
  -1.942758101475285, -0.8197832861625672, 13.85314017961155;
  -2.052046035869667, -1.596743453690269, 14.52634805376323;
  -3.334962059812461, -0.09736240521750818, 23.26866307853862;
  -1.923365588682609, -1.679019910924533, 13.81416381221842;
  -1.946878467152803, -1.287595144886354, 14.1338090399068;
  -1.931526026643472, -0.6210722000459865, 14.02213408979847;
  -2.255779518854575, -3.49055836428796, 16.45406131202527;
  -2.185278492588016, 0.9606575369373542, 16.10837246520679;
  -2.758163873918356, -0.1850995487688246, 20.19489261740093;
  -3.258777319264648, -0.03746068886049396, 23.8001991200511;
  -2.138043877190134, -1.655066330928247, 16.11836487174516;
  -2.101249076922222, -3.201005726054377, 16.04508749636617;
