m=[-9.648646539754909, -0.2800969514472525, 14.26541029826742;
  -4.500463872922762, 1.346164122499113, 7.690704003774991;
  -8.575133989522103, -1.541693596130281, 13.85338938458476;
  -9.570140357151464, -3.747126843159516, 15.94462008669539;
  -5.311065327250226, 1.316101631423646, 9.351281885410117;
  -8.822516068781708, -3.444180066692808, 14.97084604188795;
  -8.671727548382885, -3.147820840122919, 15.41445197797455;
  -6.302290535972563, -1.055573927563377, 12.33898934346194;
  -6.258518193524993, -0.9842199530534431, 12.32471762984521;
  -6.295363662388963, -1.082764898386955, 12.44317813149257;
  -4.01289103299561, 1.277116596772865, 11.94651259189361;
  -4.515218289735032, -2.220508485407606, 13.41335419631038;
  -3.630852392149992, 1.260035079348407, 11.37034333948165;
  -3.683565497129353, 1.283742047189778, 12.08587624070975;
  -3.238850641647877, 1.31866135201078, 11.81068241646271;
  -3.198252860152031, 1.278045384314091, 11.77173514172262;
  -3.183209994712151, 1.298711262972235, 12.34421694730409;
  -4.849568942501223, 0.8009740647722533, 18.63054812134299;
  -4.359861677269471, -2.442364545758045, 16.81491252156823;
  -3.015671386373092, 1.247327126534179, 12.11942213062892;
  -4.520100011266066, -2.866838748834681, 17.91233997509766;
  -4.559037298908919, 0.6503014005837013, 18.18368889998359;
  -4.12982311492917, -2.247442835083859, 16.47504050313819;
  -4.450483288114699, -0.6419150003193858, 17.8389674820506;
  -3.983072192868209, -2.611242147979723, 16.10880157587443;
  -3.77983521271784, -2.583179907543848, 15.55364155195395;
  -4.373316186679554, -2.409247065023036, 17.88502974962292;
  -4.553430188149061, 0.651707827914461, 18.65228410094179;
  -4.463681288753818, 0.4587668995736184, 18.34621627925059;
  -3.14578998779985, -0.6423760242305935, 13.22160437431511;
  -3.593154162878138, -2.508528800484613, 14.99884980632056;
  -3.871991532392243, -2.417426594093492, 16.0704348411231;
  -3.627897273933972, -1.155437050926769, 15.15810346609833;
  -3.779203642762746, -2.210805843789115, 15.75781109761742;
  -3.500358525790645, -2.241876964841768, 14.72911858253009;
  -3.082598555013593, -0.8044082949302381, 13.12158983290287;
  -1.993089485358236, 1.288216073709751, 8.808243628085361;
  -2.889003045312612, 1.221020528316062, 12.37888368943393;
  -4.525036937242328, 0.6704486667394443, 19.02095331305382;
  -3.430179922676406, -2.101362483181308, 14.64270214279947;
  -3.36222272711961, -2.565522933041232, 14.45901790150972;
  -3.569339868466233, 0.9179493380775675, 15.4431151773026;
  -3.119888315440871, -1.994833074385993, 13.61390541964459;
  -2.968466875019769, -1.650200924256139, 13.07131088290484;
  -1.88561102047081, 1.303371266233216, 8.659838984119885;
  -2.850212078769104, -0.9191431098127568, 12.68304108351295;
  -3.515667045217223, 0.7323528560000804, 15.45538885778272;
  -3.022572527055258, -1.883359953736759, 13.50680842121642;
  -2.858801982801984, -0.6746818407704526, 12.82934242082839;
  -2.966136532630658, -0.5560372399579449, 13.29721217450921;
  -3.102081671441987, -2.150853326816424, 13.87981166825147;
  -4.101896011515111, 0.7260760706428135, 18.08988745458397;
  -3.213479976640123, -0.8691404009415273, 14.47206928373996;
  -3.058707932370167, -3.185087663724232, 14.02684324781437;
  -2.806956997796447, -0.6697458242984021, 13.18411151450464;
  -1.851315928948869, 1.267796264361931, 9.009860174405677;
  -2.896829165082306, -0.3404696837512156, 13.58751966717038;
  -2.851331115143437, -2.570473598720462, 13.46997672956228;
  -2.779625989228401, -0.5307186738622258, 13.18715425480582;
  -2.897963737956315, -2.929566389648645, 13.6952315866818;
  -4.265619192636763, 0.7288982366265691, 19.83249180054589;
  -2.849571778237866, 1.241060144925924, 13.64008613949772;
  -3.337538678102339, -1.738717456420439, 15.84350417362956;
  -2.883576211358092, -2.900346939868828, 13.83934802291834;
  -2.698622380149899, -0.5997158978558242, 13.08552125389119;
  -1.721529999218442, 1.285059452715317, 8.694616185987789;
  -3.102686035615104, 1.087519554375982, 14.97946727136934;
  -2.801319540390325, -2.64952308996146, 13.75838461632498;
  -2.903597771436405, -0.3480160130947577, 14.22869045676982;
  -2.700273136525041, -1.115288757601765, 13.33361011014751;
  -2.717084778184123, -2.44217385649246, 13.49332058434;
  -2.757090651498596, -2.948210768737254, 13.7512168899409;
  -3.095541273276571, -1.711326009145482, 15.39345674200104;
  -2.733760555870621, -0.2224048337617694, 13.71523976602975;
  -2.540336417383985, -0.9389587598539452, 12.84486165013372;
  -4.136259706350796, 0.7768644881038622, 20.42615150670465;
  -2.859892889715086, -0.3134431094844253, 14.725091997538;
  -2.699666987857112, -0.8861879473176718, 13.94925852068361;
  -2.612704636860757, -0.224070117609799, 13.58973866152719;
  -2.5668222715415, -2.34319289404013, 13.37407648803514;
  -3.513942899188217, 0.8313670794422424, 18.14173089957389;
  -3.975100967886349, 0.5032388341509779, 20.42435353244242;
  -2.587129189284267, -2.868702563701215, 13.61230580135236;
  -2.413739378339657, -1.695230927465246, 12.86026799307051;
  -2.736978488475357, -2.759981683288176, 14.60200380862142;
  -2.520228548330218, -0.9857786562690014, 13.60149760236094;
  -2.553120149562925, -2.491153062438511, 13.95012266140554;
  -2.315699507306722, 1.199977219708773, 12.82033553420602;
  -2.843701340488545, -2.496694786548935, 15.56686481131868;
  -3.514286941122155, 0.6185317732113101, 19.0325649258712;
  -2.474778838294291, -2.693607933285258, 13.65057160487583;
  -3.701402860256954, 0.3172785611876237, 20.03921935807244;
  -2.515347034117639, -2.563563421667036, 13.86906003261972;
  -3.245891438884455, 0.9376573137301038, 17.92042001900954;
  -2.484743316279475, -2.639343901456962, 13.90812699610481;
  -2.670238975432095, -0.793876668437987, 14.92774961690864;
  -1.485513881012734, 1.275205682250407, 8.729217171767868;
  -3.209140663918879, 0.1171399428416333, 17.86084924374429;
  -2.688342594621862, 1.111977673021517, 15.11708914597534;
  -2.310252749976935, 1.107259649975082, 13.14926758079435;
  -3.866721376521999, 0.8777414587273087, 21.52855596869701;
  -3.693797586145947, 0.7094527109182827, 20.71034065681615;
  -3.501683436472708, 0.07009671160455361, 19.81591680391906;
  -3.557030809727487, 0.921025482986958, 20.27570018568689;
  -2.358023265182908, -3.145993547487014, 13.78019843874981;
  -1.213264667608092, 1.313259408275485, 7.553041400949643;
  -3.630616089732408, 0.1454106457957188, 20.95747697952583;
  -1.518089683657768, 1.306887562508606, 9.24372968636867;
  -2.811255746405402, -1.528385353489353, 16.44193733480661;
  -2.519052255788903, -0.8626864946885513, 14.92357313739801;
  -2.339634961718438, -3.293592235451533, 13.95893375192742;
  -2.659797514535286, -0.6361321300732034, 15.76954365978079;
  -2.800667457973578, -0.09280633228705021, 16.56855938930188;
  -2.853421468206408, -0.2052642851263209, 17.05965123303909;
  -2.941862475220002, 0.3360726136211387, 17.61698266255884;
  -2.720700221113475, -0.2685879167486041, 16.4575216873058;
  -2.262618943686392, -1.370359376894476, 13.85056616333557;
  -2.296493496087755, -2.862389268669058, 14.07048138720846;
  -2.510918969808635, -2.780494508531445, 15.44503639548468;
  -2.350017792445901, -3.07720595356839, 14.48857733880277;
  -2.29528988436498, -2.755085695091092, 14.25731723581841;
  -2.081072705993783, -0.8105437170635678, 13.04354816446736;
  -1.392631574871713, 1.280892626206114, 9.051518465680452;
  -2.313542371088319, -0.6828555325988908, 14.53627632766371;
  -2.220303127942986, -1.439488586227139, 14.07078144657576;
  -2.304280321328319, -1.82061224349765, 14.54583282356067;
  -2.302975513258427, -2.933392691733831, 14.62024672086734;
  -2.759284557870196, 0.5859541238199014, 17.73927862520664;
  -2.401120307565143, 0.8100612331567855, 15.58783151654463;
  -2.435388663219601, 0.5848277436304933, 15.83611827009174;
  -1.967471005940416, 1.183837028473834, 12.98500743499143;
