m=[-20.28973584807888, 2.895674616579856, 24.84421167659094;
  -9.941657285629814, 2.80078884293304, 13.46657769138509;
  -10.04658847231541, 2.772269486038229, 13.82218428698724;
  -10.11573621149282, 2.827361462072579, 14.12810090467849;
  -10.18015621622773, 2.727762366101282, 14.53643909232675;
  -10.18363760724174, 2.718521571242663, 14.71495021676143;
  -9.442051382792478, 2.786023733155899, 13.73652762146323;
  -7.875638347123886, 2.787095903805385, 12.69456507904968;
  -9.841990334290511, 2.709874713285299, 15.81361474687749;
  -8.417426358627232, 2.69835541040243, 14.05612865978993;
  -9.48048849478883, 2.588322939041332, 15.93233062926678;
  -9.189260527629919, 2.687080073149379, 15.66936129735515;
  -10.47314953257254, 2.595285189816893, 18.44025020830305;
  -12.65892808557797, 2.667074025744713, 22.20308810471896;
  -8.001585999227316, 2.691078007576794, 14.5088904487362;
  -12.80887596676144, 2.728508730204243, 22.74450781217288;
  -7.375717651187064, 2.71771122307266, 13.89262418168562;
  -12.44744693599971, 2.494113202075023, 23.19931649288639;
  -5.841729146638674, 2.803010050278758, 11.87366447116556;
  -8.64882004933245, 2.564471582522287, 17.31192371007961;
  -6.356718321652382, 2.696632348064793, 13.68141425062466;
  -3.671660021192307, 2.67812018722858, 13.04009974096035;
  -4.700746909606064, 2.567029269501324, 17.35949252538211;
  -4.540878239918468, 2.622867710563841, 17.71997558716572;
  -3.890393795152478, 2.711449424455584, 15.52991470271616;
  -3.354428055412831, 2.63311702744957, 14.94573804539786;
  -3.732505164211012, 2.579980669016796, 17.14186721362752;
  -3.733901102284169, 2.552852029977293, 17.48814165147436;
  -3.51226298810723, 2.553051009188832, 16.77255367913756;
  -2.58706261616219, 2.675184537597551, 12.91285049051455;
  -2.992385498302273, 2.568745428563292, 17.58393725578754;
  -4.695350146636239, -6.584704690104404, 27.05572962469659;
  -3.852236611467211, -4.531407501877538, 22.99821707827445;
  -4.653399639327698, -6.550765897807231, 27.7635179630366;
  -2.991260547210045, 2.575105573441718, 18.2139462625729;
  -2.397739769715963, 2.595356475173416, 14.92685663143212;
  -2.410932931006322, 2.516159399560225, 15.1324151951385;
  -2.819107771227511, 2.572847865536039, 17.53425166102286;
  -4.67776823698421, -6.125254163833014, 28.83986967775309;
  -4.92893158403796, -7.32129729015816, 30.67856070550347;
  -2.433926509334961, 2.592281528092225, 15.79598688557098;
  -2.024846136468375, 2.517965675492483, 13.82488036226419;
  -2.253333852929523, 2.551050806341144, 15.79167988958605;
  -2.092404717567918, 2.611458980862583, 14.78740819211204;
  -4.465865345015901, -6.593890490492803, 30.91585157122702;
  -4.560307413845081, -7.431429388334033, 31.80147612772169;
  -1.866874910619212, 2.579701984312625, 13.5986876702825;
  -1.937342440768694, 2.610687693776603, 14.70342478094645;
  -2.095379683043372, 2.550745458846558, 15.92711825027553;
  -2.026962114520901, 2.549104142962334, 15.48100571226037;
  -3.990265223513761, -6.559091191922111, 30.21708143167686;
  -3.810605855372083, -6.620863374231841, 28.95993617968483;
  -1.950370386153534, 2.553650454827309, 15.5589998087919;
  -3.643460032192833, -5.844219269123639, 28.83212327184073;
  -1.889620539841126, 2.57846175051275, 15.76171977221347;
  -1.672912700613641, 2.631325952354549, 14.50042965374286;
  -1.764551919643422, 2.548032472191645, 15.60248231592862;
  -3.327451485951359, -5.500985429336647, 29.13934032992067;
  -1.763139922337488, 2.516104402283554, 15.84660125752339;
  -3.313648069665618, -4.943195144397587, 28.91864680855993;
  -3.113643756971651, -4.948692903289344, 27.83006547871594;
  -3.495925428499207, -6.763008645677029, 31.37128518707446;
  -1.639301571476898, 2.546878477143713, 15.56605487876074;
  -3.032000877341083, -4.98325475676842, 28.28151618645984;
  -1.200994621868423, 2.626758686384039, 11.81808814713812;
  -7.807099308842028, 1.440455080259254, 72.65015746201026;
  -3.184566698175074, -4.80766102340764, 30.20003110431353;
  -2.987013836626256, -4.730184856507274, 29.45382187950896;
  -7.390871292400724, -0.2510387701803754, 72.03261228462748;
  -3.424974846606673, -8.121745803165169, 34.08440732762481;
  -1.489535090237345, 2.64929473310979, 15.08762960075021;
  -4.542071483574445, -10.20444332451937, 44.4362034448458;
  -1.230943102074581, 2.605769764122019, 12.71342091905152;
  -2.908635375105649, -6.142909140329031, 29.23420847870501;
  -1.433370876656568, 2.549445470648035, 14.99148404508713;
  -2.82118735420214, -5.873801871840505, 28.55259962715968;
  -3.448676347617882, -5.290741477603151, 34.82149545833344;
  -1.450397980294434, 2.533649968759537, 15.27962421464939;
  -2.78850899445637, -4.754715352173499, 28.70383529049352;
  -3.262730184726502, -5.929359445871725, 33.48251229439818;
  -4.947311610463201, 0.1369907333743329, 52.12592836242408;
  -1.403210199839482, 2.51052590108032, 15.69794611406534;
  -4.422868108967074, 2.186481357311506, 47.77473863818678;
  -2.691439933535734, -6.198555760159036, 29.55381906983982;
  -3.007648589855418, -6.708359711686938, 33.21038640257515;
  -3.046961787354124, -6.068857939891841, 34.78070551363923;
  -5.036604210563185, -0.3047353650201969, 57.35299355705376;
  -2.554346549796097, -4.140219807417613, 29.45274876753841;
  -2.749958949179695, -5.092314706373273, 31.90914553488297;
  -5.370349244549905, 1.401779747136425, 62.44791791154035;
  -3.693738704724291, 1.278041302373159, 43.82852086501048;
  -2.598369684928763, -5.173150777868055, 30.95662517713777;
  -4.017562238443421, -0.8663847052004914, 48.23743818450549;
  -3.185462708804607, -2.958296919206953, 38.38798967345376;
  -2.513718265368748, -5.052118567693364, 31.13904342462049;
  -3.220454272212085, -3.828432684254111, 40.75623027704417;
  -1.123226856189426, 2.550232903478878, 14.68141477914833;
  -1.182718612840158, 2.536663067373521, 15.57886511237136;
  -4.460833011908378, 0.7625112445734583, 56.92985967073667;
  -3.693300157254107, 0.3479620773609182, 47.57030815991256;
  -2.112346072216967, -6.51675519277183, 28.77575730311532;
  -3.19987102119122, -8.119736277027572, 42.80782583186797;
  -2.15183391240405, -2.793101913753751, 28.98314775107891;
  -1.922339660321085, -0.867784624405044, 26.14403292359384;
  -2.758045218037965, -4.346099431614279, 37.64129154479245;
  -2.931122753198134, 0.9350116383086976, 41.58319338788726;
  -3.625329181405434, 0.1824617100052446, 51.22762431270876;
  -2.282497400203283, -2.635009657094678, 32.70364045456736;
  -1.804339990354698, -1.094377057822145, 26.10956123955994;
  -1.890457921236769, -3.616332244586409, 27.59614664096931;
  -0.9470709897968831, -0.8139646721097099, 13.79369353366247;
  -2.399573924889003, 0.9637353667499161, 36.43534705071716;
  -1.870498567218492, -6.192157596152224, 29.34126082614951;
  -3.572086318305107, 0.4732976042082173, 55.22162657170918;
  -0.8336388042894071, 2.579689172838647, 13.44430862647556;
  -2.593234047561813, -5.024850730709194, 40.69496868392557;
  -2.310179626982801, 1.582193997126743, 36.66588246860675;
  -1.945611549814027, -4.713124094858382, 30.94726333698691;
  -3.256513465566861, 0.6649134271943423, 52.48715563499506;
  -2.475563905922536, 1.269773610827169, 40.76042108811972;
  -1.886006893949585, -6.27743154783235, 31.12374621284842;
  -1.707537209362405, -1.238310512387232, 28.55002650386043;
  -1.999061221294509, -3.330016019048617, 33.35285962172075;
  -1.825304620313371, -2.428319743887281, 30.80589833221905;
  -1.993004935833169, 1.810336409182007, 34.02439225665674;
  -3.513321568394011, 0.1230688282737714, 60.38901737573043;
  -1.911859065361388, -4.214734322558078, 33.05210313824968;
  -2.124925128493253, -7.435857957236323, 37.13953409850536;
  -0.8493405862236896, 2.498848403090181, 15.41688892719845;
  -1.670116627627894, -1.787473530055354, 29.66171264090415;
  -2.059330561336984, -4.246388242640138, 36.52853582781637;
  -3.249357757305112, -0.6672613809938623, 58.25497431953466;
