m=[-14.5391457962067, -2.90956319529173, 19.08693509346971;
  -13.53621475365945, -3.554230095560608, 18.00211940349758;
  -14.08846622488614, -3.25165032636218, 18.91581225718014;
  -14.43838111303866, -3.677931841410683, 19.54502467855891;
  -14.45148526610366, -3.931160358106746, 19.62125100798803;
  -13.93410617524299, -3.426690044246703, 19.1823006109125;
  -13.56092154274544, -3.199270356646661, 18.83912869535009;
  -13.34788509418404, -3.409066020954409, 18.56876298512332;
  -14.17829345882225, -3.791607647173742, 19.83034288021404;
  -7.210018274792382, 1.400929715566235, 11.27859366067931;
  -5.795941335638928, 1.407260576596124, 9.720145489273991;
  -9.736551040942004, -3.887849989452091, 16.14123173012162;
  -8.939148013159453, -3.557696351932533, 15.07000429565665;
  -8.900349383489671, -3.299278746886965, 15.72942817691784;
  -6.266246801915498, -2.167258608148142, 11.81396566841804;
  -7.577961150383466, 1.060029970486671, 15.8361960980922;
  -7.62813019172915, 0.7885008211830898, 16.02696248299079;
  -6.973694989719028, 1.224543182092575, 14.86092310654995;
  -7.278048911037639, 1.153513152443306, 15.7455526252409;
  -4.560212454181809, 1.404860460502916, 10.52973096713673;
  -7.209546419634688, 0.5447921674604633, 16.40038996438669;
  -5.778184295364349, -1.745807267070771, 14.09349628828834;
  -6.731379899479953, 1.016961624464451, 16.47487581373335;
  -5.68639210959875, -1.816976792448751, 14.8647377680396;
  -4.965890055137749, 1.143266721882889, 14.37692999043731;
  -4.566816767098883, -2.321913479895294, 13.58784735630023;
  -4.10820480803658, 1.366372539654846, 12.4732268468967;
  -4.627066908723827, -0.627697361307522, 14.19904003740256;
  -3.867727481918729, 1.397740297137888, 12.04708679722157;
  -3.999533751373764, 1.342105520453827, 12.42969864277439;
  -4.564835608579648, 0.8595720871212964, 14.36912536370489;
  -3.619016191971442, 1.354602914566786, 11.61082987594283;
  -3.277560113834219, 1.350167634977749, 11.52015806841129;
  -3.630445222479484, 1.308064375719288, 12.91002116019034;
  -3.379827992781401, 1.386352336844717, 12.20226378254005;
  -4.356283834186024, 1.031734823364636, 15.78416349506547;
  -3.952924545009012, -1.259671526895922, 14.55451378443754;
  -2.230756593354076, 1.361018846728377, 8.636082495580267;
  -3.236840289934284, 1.342306508034509, 12.19047007774073;
  -3.218311335764672, 1.400483440173865, 12.15927122716192;
  -4.374884870995905, -2.571616591803275, 17.21904466128715;
  -3.178367214905589, 1.312468142925716, 12.8968484442069;
  -4.455638385250177, 0.2496489203215314, 18.14999583877132;
  -4.269433993503868, -2.991162363803072, 17.4253799182443;
  -4.605630124565792, 0.6981113760558477, 18.78754587712918;
  -4.676958329297247, -1.77002335174805, 19.07876631602181;
  -3.304872953871902, -0.9491566292870479, 13.78307390662462;
  -4.182120820964511, -2.516979740708017, 17.26134126811425;
  -3.201390745357577, -1.516567259149671, 13.46836231781986;
  -4.160144486587433, -2.523972999293228, 17.21262780961098;
  -4.607606094677064, -0.4537618646857706, 19.08440807829255;
  -3.074538868971552, -0.7744247263330926, 13.0494578370653;
  -4.819537305524015, -0.6343833648017233, 19.99847548385478;
  -1.993525718764222, 1.369546869964727, 8.785553951971203;
  -3.814996811819999, -2.734865342741629, 16.01655020067172;
  -4.536983342936678, 0.6879498754435363, 19.0542537049574;
  -3.723685599092622, -3.262995109032302, 15.7807072713123;
  -4.538151805345567, 0.5050361017334005, 19.10083790546286;
  -3.667268067320949, -2.683076065080665, 15.59955244425101;
  -3.860981379271569, -2.535248064452537, 16.36346644198811;
  -2.948940271067515, 1.317774233720195, 12.77614079911638;
  -3.126552742721105, -0.8486570013286574, 13.51199111145932;
  -3.551021653075321, -2.388079870762606, 15.24626830823628;
  -3.289476472966908, -1.929826396395871, 14.19909352736189;
  -3.055579780807225, -0.9491811192246016, 13.29445667693215;
  -3.5130717138124, -2.256387086518902, 15.27884429000819;
  -1.865283132874466, 1.370949860036132, 8.5438715392561;
  -3.108458815239835, -0.75159766491876, 13.67830931339707;
  -3.37093794745739, -2.691351595127999, 14.75932669983304;
  -2.886484385247344, -1.678250553021993, 12.91925618080663;
  -3.659097709337512, 0.988732585826488, 16.14269347154182;
  -3.330924202289528, -2.230867103444302, 14.74769229958139;
  -1.857640616050928, 1.355954029805964, 8.707130354572641;
  -3.047112018584633, -1.020269207586127, 13.75984508878005;
  -3.296094641135639, 0.8357105488263376, 14.93200619442955;
  -2.894777145437616, -0.7090084150279331, 13.21185709763015;
  -1.76213070024511, 1.368028257477497, 8.406923709542566;
  -2.937137506454635, -0.8290853926337934, 13.46132795645194;
  -3.108774678956986, -0.473957271758373, 14.28614704602799;
  -2.875823774697689, -0.9937993507692189, 13.28471499900048;
  -4.055394071118135, 0.7674074706192161, 18.39232336362834;
  -3.465117642412314, 0.9599384903935382, 15.93988735260341;
  -3.040059515031584, -0.3075320477770301, 14.1796758229799;
  -2.668906352432771, 1.31986013530973, 12.67663583639676;
  -2.791570548181916, -0.696762448839469, 13.37794919686955;
  -2.961852049586465, -0.3599886910981385, 14.19532350472033;
  -3.059650791868475, -1.091057425543443, 14.66783255394945;
  -2.897888245325512, -2.009639616509675, 13.94227577177994;
  -1.745311011222694, 1.35379787172876, 8.824673106520356;
  -2.859454635407701, 1.328942922399706, 13.99596870212884;
  -4.253592673572241, 0.7738657102277554, 20.42507132365878;
  -2.780144423122716, -2.86066177060614, 13.6790504641651;
  -3.093407410979676, 1.108148310138797, 15.30706760829746;
  -2.73066438708994, -2.834900401370492, 13.57087226364422;
  -3.137772616309829, 1.173075366751019, 15.55606890001478;
  -2.657019000584814, -0.8539228102271553, 13.2996189899556;
  -2.997251560732464, 0.9051194921652647, 14.95975185420077;
  -2.692246830632146, -1.166353875851285, 13.59307888295492;
  -2.659164552279907, -3.012481320547428, 13.40253678396515;
  -2.656212807007621, -2.533662464678202, 13.54003183602108;
  -2.655343584424949, -0.2210530556509053, 13.67124869708657;
  -4.047259799092664, 0.8169260809727927, 20.73423543734151;
  -2.635754571915895, -3.010582261601783, 13.86772314187141;
  -2.54226085094922, -0.2195674586566835, 13.61836199307126;
  -2.50410682260464, -1.658240090941319, 13.43978369658643;
  -4.153768879576879, 0.692638895942542, 21.74874047278513;
  -1.292485566645595, 1.399603534375835, 7.356160380990843;
  -3.499634452121803, 0.883063304833463, 18.71879852304686;
  -2.489519105142106, -1.857585446434546, 13.62265308663665;
  -2.550242536765156, -3.118687305658295, 13.97400323818211;
  -2.561111419869016, -2.752444601218534, 14.12246235461661;
  -2.79371292408882, -0.4331038443731318, 15.46695726625913;
  -2.82713915998609, 0.9546039335161988, 15.73109156814468;
  -2.51571090553696, -3.083801581895733, 14.09765909428436;
  -2.572103479177587, -2.67927332810906, 14.51061215449788;
  -2.414480776519882, -2.802346504506347, 13.75147711694918;
  -2.842287561607262, -2.659818444748034, 16.07964930493046;
  -2.430506087817952, -2.65614577692866, 13.88236233074029;
  -3.32189028289699, 1.438700898788585, 18.65825712283529;
  -3.428082168196833, 0.651966464230855, 19.33614959500075;
  -3.150564103895915, -0.2514362874905821, 17.88355005530481;
  -3.675271573602922, 0.3372595153920221, 20.75177266422793;
  -2.460231329036261, -2.799178969310599, 14.26872202643604;
  -2.702947028337855, -0.859370097636834, 15.66801368068092;
  -1.161773255784618, 1.372573470338798, 7.193018581365549;
  -2.421165211104549, -2.851770727864814, 14.2537935083004;
  -1.478853416930845, 1.384731225319875, 9.193833038835603;
  -1.511484069900025, 1.369096983916804, 9.403900919120439;
  -3.505372235999751, 0.09822163072135083, 20.77665439723406;
  -3.580668826329651, -0.1866761331053213, 21.29844399616844;
  -2.316953641540378, -3.30702224320176, 14.02358737778385;
  -3.629803007756276, -0.2898806522003168, 21.60231632132497;
