m=[-12.97086405555865, -2.984218547337102, 16.85620266359944;
  -8.67001772823942, 0.7044025853514846, 11.63385585464017;
  -12.82625913892976, 0.1636972285336246, 16.80049587432564;
  -8.73596969545827, 0.6333737555664099, 11.90305891926621;
  -9.169431947216102, 0.8585023982833647, 12.45658869198532;
  -13.8947681702665, -3.766634735827908, 18.44519823312326;
  -8.692583399534444, 0.685184317407591, 11.99038781478031;
  -13.3999541112223, -3.440770160044164, 18.03308992596826;
  -8.844053961268681, 0.9557193306843627, 12.30014246372663;
  -13.29081084365142, -3.624436113947132, 18.06221119043109;
  -13.21586161115036, -1.22431415933581, 18.18850365848586;
  -13.29415211750655, -1.885907182496655, 19.162041563019;
  -12.88771852079936, -1.5325785614447, 18.84567233966634;
  -13.05483196667072, -3.483240382010862, 19.48099337892453;
  -7.345749879791933, 1.995891633331733, 11.48255506930519;
  -12.94729414684857, -3.397646415866426, 19.49793748540593;
  -12.90952371982838, -1.485789871789823, 19.47123012007511;
  -12.98516705676403, -0.01280279091752449, 19.59302290704101;
  -13.52393579724427, -3.184028519094674, 20.36773746517669;
  -13.02173764992863, -1.196787880739269, 19.69730140847527;
  -12.9556881554664, -3.712688470998569, 19.60753089720592;
  -12.71843138175022, -1.255243924599825, 19.30322889202054;
  -12.71811819507008, -3.148541287107286, 19.32088914353654;
  -12.94997695244519, -0.6322490676507215, 19.67039279506502;
  -12.87113780963738, -3.499598192399473, 19.55071241580685;
  -7.092240190774255, 1.48534636712124, 11.23673579141818;
  -12.93980769936714, -1.072423146616052, 19.69300271376343;
  -13.23318938013052, -2.624564144147931, 20.12697361559461;
  -12.89399746179675, -3.334986036618817, 19.63857188776215;
  -7.997981352560867, 0.8741450698354105, 12.59293393325193;
  -12.73200721865877, -1.324491500459969, 19.4736854241812;
  -12.79140030722589, -2.09438031555119, 19.56738436270127;
  -12.88662055714955, -2.254501702337086, 19.71677295868305;
  -13.02430421020744, -2.708750280681144, 19.93369435366319;
  -13.11247740124774, -1.807538000823963, 20.06830112076619;
  -13.03093850297961, -2.844022446640306, 19.95400424540532;
  -7.048419968578243, 1.697949688981795, 11.2599666987379;
  -12.92654135594105, -3.288361952359212, 19.81911783906867;
  -12.97580572607149, -3.563190348271097, 19.9085535405524;
  -12.78134778628777, 0.3932438608838507, 19.62989998762232;
  -13.08093791392603, -0.8344837548157833, 20.10867320052353;
  -12.94535997675221, -1.145918965315028, 19.91514902873248;
  -13.17237020579385, -2.036029779691241, 20.26535580570922;
  -7.008331012405733, 1.802942251025796, 11.28084012646362;
  -12.51213183622292, -2.077170863891124, 19.35642843483847;
  -12.95081995184751, -2.919631980321842, 20.00896103438743;
  -12.91668037011828, -2.643294000454941, 19.95809204313224;
  -13.11951246610665, -0.3439835581465002, 20.29125990678484;
  -13.02916293979789, -0.2380755839862817, 20.1642239595552;
  -12.88740286130783, -0.9493278116172158, 19.97146229095904;
  -12.97467264811268, -3.041058134078037, 20.10834634060664;
  -12.8370791990526, -2.357083307069729, 19.9180420884644;
  -12.82010576780938, -0.7005771925458435, 19.9267742562298;
  -12.72037729717156, -0.7750162672433929, 19.78154713712684;
  -12.97438532496135, -3.57398739175904, 20.170742799666;
  -12.88843265845155, -1.557011728561883, 20.04520443545865;
  -12.95772740418319, 0.2522633067447387, 20.16127085808226;
  -12.99000835540342, -1.44460990390381, 20.22474729463199;
  -12.83236845254049, -0.1979243779013784, 20.0164544148365;
  -6.925988306337248, 1.790696313737873, 11.28564912545653;
  -12.9081444855991, -2.630450339443021, 20.16608285518283;
  -12.9660562661184, -1.895918004887231, 20.26394954720269;
  -12.97137245588251, -1.315525964182339, 20.30222062147345;
  -6.894623060664464, 1.719175150270482, 11.27144655486577;
  -13.42898699643516, -4.143382647205265, 21.01218367028428;
  -12.88796032664334, -1.402286753433939, 20.24858642601873;
  -6.922424401975587, 1.547614261787454, 11.37858058459294;
  -13.04532083789947, -0.9613973657748161, 20.55040910684723;
  -12.86175702043831, -2.491406633949352, 20.28486834974441;
  -6.946385777207311, 1.722049180402442, 11.44017949965354;
  -12.73998017601644, -1.922606412798368, 20.14223654942291;
  -12.90633381752428, -1.549396595052902, 20.39324516551123;
  -12.83007409313274, -1.280051515488639, 20.28979649234645;
  -12.98016725081216, -0.2307684439206675, 20.53914792381028;
  -6.905609443848356, 1.646021297747143, 11.402202074753;
  -12.80817988229904, 0.1147495691446498, 20.29279868841365;
  -12.9334577533655, -0.4900720335413848, 20.4891226612909;
  -13.00203461539091, -1.192026926577817, 20.62146899669967;
  -12.88441160824457, -0.6391906801504819, 20.45132519840099;
  -12.99223878617005, 0.4533825872164746, 20.6253310838423;
  -12.77531591513429, -3.194295355363068, 20.29225840226995;
  -12.77520592559196, -0.7432375618133994, 20.31152175687277;
  -12.80152611798938, -0.9962282918669879, 20.35768535106414;
  -12.9126328880581, -2.200031253023793, 20.53417654711864;
  -5.257742190837263, 1.968400715848695, 8.971966580079409;
  -12.94716026280417, -2.4796204163176, 20.61942113405529;
  -12.86913941267654, -2.295278677111175, 20.50882796027488;
  -13.06571848435811, -1.860548506138699, 20.83430534056172;
  -12.97741751458342, -0.33348283610083, 20.70932240981918;
  -12.71694674817058, -2.62582148155549, 20.32222822525587;
  -6.787408417000215, 1.708342170013096, 11.32395905358119;
  -6.778240589352287, 1.565467402943285, 11.31569850394076;
  -12.90487930835654, -1.3177423446853, 20.65537157916447;
  -12.73286774854966, -2.786405015417332, 20.39643672526085;
  -12.84510472782976, -0.1676537910006178, 20.58116042326155;
  -12.84747027483311, 0.01011324070671642, 20.58964377898068;
  -12.95462947559422, -1.923435416585609, 20.79128751460238;
  -12.91479427662169, -2.343560639499384, 20.7604050683416;
  -12.80625884308564, -1.792808746742476, 20.59579369553427;
  -6.726646694009314, 1.800362859404245, 11.30109850107895;
  -12.63099668535444, -1.994261358993461, 20.33123092641055;
  -12.8383328531769, -2.89893515163194, 20.67839132912191;
  -12.83718692296489, -3.278615448752136, 20.68408472487644;
  -6.758117979802655, 1.758650012856898, 11.37203232390803;
  -12.68433176623831, 0.4261506783926312, 20.47375809453489;
  -6.689030741541552, 1.651999289903865, 11.27793247357829;
  -13.19577316654005, -0.08615867122888966, 21.29018672772033;
  -12.73804198848405, -2.767931393076641, 20.60153734807259;
  -6.741153756124516, 1.86427785142143, 11.38415581486826;
  -12.90808081903919, -1.968855305832252, 20.90356578571555;
  -12.68423769106034, 0.1806403782533992, 20.6091576455966;
  -12.96853920783476, -2.355099793434068, 21.06863336578889;
  -12.93598525481812, -0.3650436066634333, 21.1374948639061;
  -12.95291273382052, 0.4779112779950143, 21.18191765221791;
  -12.87700895576753, -0.03216076337847895, 21.06503977927069;
  -12.65081374047466, 0.5410195862735956, 20.73775535443092;
  -12.84974943596663, -1.621582742930577, 21.04994728300398;
  -6.633788684370129, 1.188454644745197, 11.35796504176264;
  -13.25087353161382, -1.958262463803965, 21.68241598253584;
  -6.595787359263728, 1.309926545339808, 11.31745405233991;
  -12.98873890400417, -2.198845135095394, 21.32555411451421;
  -12.92926343583045, -1.989122411539383, 21.24221150070883;
  -13.45072476592723, -3.653201686401266, 22.08420312542704;
  -13.10974342951952, -2.535960380792734, 21.56739344692825;
  -13.04525834880766, -1.643614369255656, 21.47627334906939;
  -5.228007686107744, 1.961741480691752, 9.217161454615171;
  -12.87218174840375, -2.04982111117843, 21.22475485686425;
  -12.80031731597097, 0.07213181721702774, 21.15504466739041;
  -12.83130816062487, 0.4880809760914625, 21.2053302855118;
  -13.22464640776821, -1.022235098974643, 21.84537850346641;
  -13.20491844905662, -3.629535438824059, 21.83029007784478;
