m=[-6.759369045953624, -0.6261862808971154, 9.302670702730076;
  -6.653449006729927, -0.7912132229551019, 9.729318630535504;
  -6.751296198093073, -1.801355054446664, 10.07458057445611;
  -6.931573065808594, -1.405191282885107, 10.39683927066111;
  -6.675334116205685, -1.751750194086511, 10.05269871957426;
  -6.67434589321477, -0.006580604978628715, 10.0707685471904;
  -6.861784545277019, -1.615514744494501, 10.33419769630136;
  -6.66343233280497, -1.90952793108453, 10.08464033551068;
  -6.713394216503398, -0.617007426576468, 10.15500027042143;
  -6.591867055355518, -0.650583458340449, 10.00471793855655;
  -6.579666582743552, -1.62888499488851, 9.9955832063188;
  -6.665436667894801, -1.812298994813963, 10.12451559039414;
  -6.65465625640284, -0.5515234513484127, 10.12767475075486;
  -6.689532678194466, -1.730223550871945, 10.18868421414669;
  -6.790644738906886, -1.346801756207167, 10.32820762756342;
  -6.63163259137025, -0.6898787324414114, 10.14312391716473;
  -6.69544526754413, -1.171361621663356, 10.24415777682035;
  -6.688514865019759, -1.391054464449869, 10.23677033700929;
  -6.719571739907106, -1.282320588201588, 10.28017730149273;
  -6.721810920962603, -1.467045611251896, 10.29296881594757;
  -6.654169107178769, -1.692743318888935, 10.20224652711565;
  -6.701236703979362, -1.840177207425595, 10.28159118019405;
  -6.633489317177291, 0.2040926351301653, 10.18787173641028;
  -6.622225606782568, -0.5861972111269793, 10.18763557736543;
  -6.705213920989516, -0.4277515975114835, 10.30759081374703;
  -6.537705306691669, -1.933064049933866, 10.07814370675751;
  -6.7283988868148, -1.039996620894449, 10.35147018446725;
  -6.652902318739598, -1.361462564748447, 10.27967194562987;
  -6.677400052248308, -1.505352619404283, 10.31655431495618;
  -6.686987457951136, -0.1221880831114507, 10.34893134270335;
  -6.744896780092397, -0.1768460222695743, 10.43197709997728;
  -6.644993512035829, -1.557481419279724, 10.29851269430965;
  -6.686469404214894, -0.4925469805872607, 10.36194592526127;
  -6.612280327276812, -0.3613396700393415, 10.27771687589352;
  -6.683922286623734, -1.423192272813744, 10.37874404332398;
  -6.660146127012178, -1.834636299834515, 10.35425503185096;
  -6.658296787624647, -0.8043682630237687, 10.35555864990094;
  -6.704542449537271, -0.7456075591911547, 10.43861351417993;
  -6.666325976890858, -0.1028203349010531, 10.39840856536964;
  -6.676221214427994, -1.360495180332167, 10.43009940893418;
  -6.641450846988321, -0.6735602619360217, 10.3949062291462;
  -6.671455258526107, -1.675787071469645, 10.46921870159151;
  -6.655553380635337, -0.7241638014002308, 10.45670101592215;
  -6.669395898992951, -1.291905698481263, 10.51861091516616;
  -6.67467154887644, -0.8012897788900832, 10.54662115671282;
  -6.621834393748931, -0.6606578488560732, 10.47193268564985;
  -6.64119562305764, -1.002231174391946, 10.49990120568979;
  -6.654642714173975, 0.05961950810187864, 10.54336573838089;
  -6.680181308891095, -0.2531241142857964, 10.58271166517062;
  -6.715319509098476, -0.6156606955916832, 10.65062178006232;
  -6.659766729215341, -0.3303884534833391, 10.57099534429038;
  -6.66014984220769, -1.665280596449537, 10.57895417175641;
  -6.629398828345475, -0.385686011651494, 10.54019632412983;
  -6.6561564097598, -1.134064001775275, 10.58488164483068;
  -6.769816686254862, 0.236242348582964, 10.74716319712038;
  -6.66005003854189, -1.27552264079942, 10.60667928187315;
  -6.689877671326874, -1.193174856459587, 10.6612840095103;
  -6.696324700257329, -0.9535516116162154, 10.67781106961151;
  -6.690420192161247, -0.6831718282897451, 10.70859415169802;
  -3.367120093254085, 0.6129088333399159, 5.896835543393875;
  -6.636956328698817, -1.452402456901248, 10.63156097117591;
  -6.68478829523581, -0.08724958834354275, 10.71074959799368;
  -6.688084619254513, -1.097140679925949, 10.71782822280297;
  -3.319030004953698, 0.6437209349189398, 5.836688954798842;
  -6.658163057413208, -0.9885691179479338, 10.68589284676799;
  -6.655839185990383, 0.05647338872140559, 10.69128218091262;
  -6.676407245189767, -1.21152260717142, 10.73225913185874;
  -6.668722637137274, -0.933586023830403, 10.72503978953817;
  -6.631048110631843, -1.497311113515521, 10.68046835379789;
  -6.614311620941852, -1.689294110416534, 10.65739579748194;
  -6.642553282216073, -1.696507026104974, 10.70290054225762;
  -6.635742907510819, 0.2229385350201583, 10.71074121756377;
  -6.800806840086464, -0.04440425530441503, 10.97248684842032;
  -6.668914290392722, -1.017202128562252, 10.79975331289407;
  -6.686340173468365, -0.2269842549974481, 10.82875961414183;
  -6.650748470339915, -1.207782626682949, 10.80477753770603;
  -6.662736449041964, 0.09488620929942841, 10.82551345802553;
  -6.684350310053473, -0.01669438993161582, 10.93469032005221;
  -6.711392435940012, -1.032524487819496, 11.02652276334705;
  -6.650030474287909, -0.8378588872121974, 10.94787611151467;
  -6.774955044435181, -1.310553304624757, 11.1457651184513;
  -6.925641535761397, -1.880996435370156, 11.37093183536759;
  -6.68001304128602, -0.9285601114502871, 11.00712913236699;
  -6.67642331418729, -1.063182118158181, 11.00865812292085;
  -6.652533724907161, 0.03748808211780774, 10.99462182286195;
  -6.804454789547761, -0.525968884217275, 11.24006539033668;
  -6.858848846454801, -1.885239583552575, 11.33900678719423;
  -6.828159310579536, -1.752781423343952, 11.29495162886263;
  -6.663723393130656, -0.8496637322296566, 11.0656230468363;
  -6.670262057075167, -0.964453515443876, 11.08218454636709;
  -6.787962898386091, -1.576115323557781, 11.28967564736638;
  -6.704070262474245, 0.1895525411468277, 11.18205450435956;
  -6.705066245228164, -1.367685511341507, 11.18937445625807;
  -6.666714931720708, 0.08637961646639657, 11.17697717489731;
  -6.705866987430121, -1.518947383205893, 11.25174601078551;
  -6.640092874244256, -2.045547759183405, 11.15868066598039;
  -6.803583208685495, -1.771288534707076, 11.44651916279896;
  -6.712408988083042, -1.183942368481736, 11.31911479862107;
  -6.733304237384707, -0.9662441233051812, 11.36763918179586;
  -6.693979665762676, 0.1447094886200577, 11.33187147466248;
  -6.703308364615625, -1.217557591545258, 11.36887344419195;
  -6.692405193629056, -1.581199558799733, 11.35927964066529;
  -6.694377918547491, -1.032586208627933, 11.38533900130262;
  -6.684624730020821, -1.340508422227832, 11.37109500774516;
  -6.661322964974108, 0.03209738028183239, 11.36604038930874;
  -6.667063075129018, -1.234843008479281, 11.37735305628496;
  -6.672359627167182, 0.1836227681556464, 11.38973799254878;
  -6.68481780360143, -1.174876053258891, 11.44069795089342;
  -6.653454259758639, -1.514101703159626, 11.39347991108367;
  -6.705636890976738, -1.08687774320852, 11.4879944526693;
  -6.690480769545005, 0.1398961866473512, 11.47056402969464;
  -6.703641878982095, -1.376428185439034, 11.49959813284728;
  -6.74139292002442, -1.965958924613303, 11.58342510614459;
  -6.668056216618228, -1.247995922828784, 11.47116540634444;
  -3.268785990744763, 0.6242392332409835, 6.149645380290743;
  -6.708354277042498, -1.403689133773258, 11.58951030987707;
  -6.709141984062218, -1.452697406767652, 11.59209247764605;
  -6.718712162526775, -1.594167231934296, 11.6276499750867;
  -6.76866800779749, -0.2368967380245933, 11.72214329079799;
  -6.680720017207406, -1.503062124387178, 11.61903129827336;
  -6.79681291568818, -1.660165065032782, 11.8295471533831;
  -6.715481170565541, -1.262749823573686, 11.75826008147841;
  -6.674712866844196, -1.014568730408073, 11.70175405283219;
  -6.731432095809324, -0.966163999058216, 11.82257039164116;
  -6.672222703391507, -1.100140757745028, 11.72998217164724;
  -6.667313563000069, -1.580478760818575, 11.78726751845745;
  -6.747923386543777, -1.738466256356241, 11.92602288361065;
  -6.656533218405163, -1.136246517164876, 11.78823898797441;
  -6.795280126689199, -0.3727062838885266, 12.03514770634387;
  -6.785920875839043, -0.4993892034813258, 12.03500349742905;
