m=[-15.48560986054769, -2.64834858156157, 19.4324639174465;
  -14.05890600740501, -3.665831581639704, 18.73119375929691;
  -14.8350284893643, -3.151321837812048, 19.76243155594396;
  -14.85516371072726, -4.032127634365464, 19.88972236294411;
  -13.66190050446279, -1.117595099084064, 18.64507322191734;
  -13.64951376517206, -3.1197453660905, 18.79314542277441;
  -13.82391702803862, -3.085705698972756, 19.04264711464507;
  -14.50276170923309, -3.529643467225208, 19.96063265881473;
  -14.34803074595394, -3.593122029823106, 19.82194542330891;
  -13.44421702815147, -3.494181924102857, 18.77381463086549;
  -13.489636808037, -3.673771733794293, 18.94774538651914;
  -12.91574151822929, -1.297872245667626, 18.30549373743623;
  -13.18970495652134, -0.9815778168389762, 18.81065525697565;
  -12.72266637819338, -1.15418335232619, 18.38108621090925;
  -14.31745066286377, -5.112024793382833, 21.38734459938018;
  -6.86776184142557, 1.441612656846478, 11.10733229898855;
  -8.945572551759172, -0.1344926128755541, 14.28804065270584;
  -5.440118098989951, 1.427970216633421, 9.103825846307201;
  -9.158121458760729, -3.720643084749457, 15.41410067598961;
  -9.168457736077484, -3.58674828096115, 15.88941648169599;
  -7.794442430444731, 1.309445535449368, 13.87180806189287;
  -8.951298129470619, -3.395202853433149, 15.84146328417197;
  -4.42622722464868, 1.407638568141011, 8.39555815732048;
  -7.006037661191852, 1.10397546324607, 13.6390226986735;
  -6.427212675910491, -1.03430844226418, 12.61026386375095;
  -6.314609332949646, -1.044165551197545, 12.57312991706684;
  -6.816938278300416, -0.911024317283999, 13.49906342671781;
  -6.547869177218743, 1.046224304058551, 13.14867024639537;
  -6.088825296937929, -1.100452911951988, 12.28043664041067;
  -6.443658214579966, 1.053732158370742, 13.25116453950534;
  -6.207816571499226, -1.102233439591438, 12.93736278558208;
  -7.653873718952131, 1.120589880665448, 16.06949507930215;
  -7.669505759290715, 0.831731344984473, 16.19610261020365;
  -6.945123118846571, 1.270089362353553, 14.82434024073965;
  -7.35294288524611, 1.143276819214668, 15.91964013187958;
  -6.37583988030477, 1.322294787023939, 14.10050097414129;
  -4.469079200299278, 1.440601340121084, 10.2238208642263;
  -4.477371836409962, 1.467202236846319, 10.49437232852461;
  -5.088547298600736, 1.39326772868829, 12.11342415265706;
  -5.742930004308046, -1.785515519800528, 14.08582272792804;
  -6.721010712573738, 1.070327285785148, 16.61762302561786;
  -6.732547970089674, 0.9366817074325812, 16.6927541143344;
  -6.744502780106526, 0.8568692136234718, 17.05265768852406;
  -5.316854395689719, -0.2761981487168533, 13.84210945206462;
  -5.523029063789647, -1.820428889767583, 14.58773216213758;
  -4.796931737051075, 1.163890484250688, 14.04075848624156;
  -3.980158576153821, 1.392382065747966, 11.86514228010944;
  -4.496698744186363, -2.373799225403866, 13.51770324016056;
  -3.822481957769625, 1.458771026410315, 11.9711521390583;
  -3.918515853132417, 1.390162336969604, 12.27552042835332;
  -4.53365770108219, -0.6265716639945828, 14.0944489951771;
  -4.45571333003916, 0.8887455934761974, 14.22629873898489;
  -4.501951350411643, 1.166016951502758, 14.40557233981152;
  -3.636111233607181, 1.406805839214284, 12.05232584023557;
  -4.164529842369232, 1.124309110454351, 14.04098791902228;
  -3.539503462213906, 1.338290764868896, 12.35163818933547;
  -2.290313514278973, 1.40186292691759, 8.336702629086915;
  -3.569845806334087, 1.369175071056802, 12.88780117536094;
  -3.067029376127434, 1.400729796519152, 11.38310976510297;
  -2.122080571406377, 1.382481060718381, 8.207380135754907;
  -3.853240257713681, -1.278248966379286, 14.50675859319656;
  -2.46121087206013, 1.392187762557035, 9.787449592781195;
  -3.341472778313676, 1.364931082372113, 13.49309310636191;
  -2.907542323833417, 1.363927162176337, 12.03759761980515;
  -2.961644589159317, -0.7734175727159973, 12.49258053617394;
  -1.873741219130683, 1.389063926187079, 8.337242690691829;
  -4.484061384047563, 0.7418258822113201, 18.96057916801802;
  -4.030979325913942, -0.478920160666662, 17.19357015075458;
  -3.93332131424908, -2.517923254325035, 16.84866825508886;
  -3.641580308931933, -2.764818549586113, 15.80112677369923;
  -4.453103443528224, 0.8958250989043305, 19.36932773817976;
  -2.254241286348106, 1.386328043503015, 10.20051552451659;
  -1.730006886271931, 1.378878038553655, 8.021731147664141;
  -3.539114241075546, -2.461263311610651, 15.54777640819851;
  -4.353331761967416, 0.5303021536113607, 19.04218129418714;
  -3.648285503771886, -2.367310244995444, 16.06903041769403;
  -4.435732466495587, 0.8153897605208335, 19.47369161579694;
  -3.43809757668794, -2.460303213512911, 15.25796020435175;
  -3.347615115689233, -2.278290593994315, 15.05646955911204;
  -2.961480081222885, -0.7483202413182754, 13.44156359205995;
  -2.881451652741703, -0.3989652396003657, 13.11425848255109;
  -3.245135044129308, -2.745921152794075, 14.67675511458896;
  -1.735109496869513, 1.372572984946695, 8.239520684046084;
  -3.347507974576097, -2.543146307022628, 15.11759232839311;
  -2.96859722433729, -0.5691539428721687, 13.56822056919917;
  -4.476790525589095, 0.765350687907194, 20.10827904768919;
  -2.860354328653886, 1.333652799187138, 13.4388011727649;
  -3.051959674925741, -2.109669322696761, 14.33819968865812;
  -3.182722080655484, -0.632461601329391, 15.01032259655454;
  -2.602677197505677, -0.7757827749855361, 12.42070486836487;
  -3.834276131188544, 0.7971659568883344, 18.13517435215597;
  -2.625830361870734, -0.6431886715651757, 12.66895035532084;
  -2.860498848096189, -1.431494261472291, 13.75846830729178;
  -2.773749086118063, 1.326868275343304, 13.46847531625332;
  -2.467075889509288, 1.371823303657568, 12.07583195227507;
  -3.064363595743159, -2.258974579651109, 14.86597654398469;
  -1.580119652921856, 1.378402243046471, 8.164608774121938;
  -3.061828553246143, 0.9433658388697948, 15.08939107493835;
  -2.281849578560813, 1.414160784950463, 11.44517106197042;
  -2.332025179691631, 1.369110001152077, 11.67962410674611;
  -2.593109218599051, -0.6770566095669606, 12.88214823493328;
  -2.916182870922205, -1.101300371699551, 14.49010251723473;
  -2.723412484258813, -1.353673564070162, 13.70814599542754;
  -3.158528238014527, -0.6530027059198001, 15.8706683284119;
  -2.635670762862783, 1.334544236782983, 13.41187922729433;
  -4.115525357436868, 0.8210849641103892, 20.74487173936797;
  -2.615978223798997, -0.735370229940894, 13.52305668002428;
  -2.938828040989012, 1.196146812544918, 15.19188549667133;
  -2.69297032141802, 0.8881685220003475, 14.04528433321055;
  -2.722250297474384, -2.64412704757236, 14.09158138583779;
  -2.413712457729083, -1.111618896295899, 12.6954584734793;
  -2.579400041985401, -2.767958606473704, 13.52509276386301;
  -2.760971777233446, -0.3574903028574112, 14.47926946285958;
  -2.354031454497835, -1.014649568003078, 12.44887498790052;
  -2.55204299294689, 1.334764370184371, 13.53062601153868;
  -2.496669255933026, -1.183244061318358, 13.21737948199798;
  -2.170887610064678, 1.401983890008772, 11.67417034791979;
  -2.518715137400786, -2.584711072567915, 13.39096533363487;
  -2.36930952310065, -0.2017956653200936, 12.72704587907271;
  -2.346041957641294, -0.9686044238915734, 12.64500357097258;
  -2.609791337914376, -3.184127855965525, 13.94588870616984;
  -3.391616513032403, -2.104847733200724, 18.15751760115653;
  -1.184274532803602, 1.414720067291668, 6.870781174395236;
  -4.313280699278824, 1.120518604321254, 23.12672554491364;
  -3.664568031136085, 0.819047268327839, 19.82557139430415;
  -2.308199481629308, -0.2107251098470964, 12.91400388729141;
  -2.192836553528549, 1.360762083460767, 12.39349044416036;
  -2.350739750026886, -2.998510534232646, 13.34833446211713;
  -3.1707754614232, 0.8777400144777984, 17.90405264447875;
  -2.541920358228786, -1.934221303934943, 14.44031696184135;
  -2.399953161032362, -0.7125413337950629, 13.70343002131326;
  -2.37972629835139, -1.237120904047763, 13.61994844322417;
