m=[-9.057662619362841, 2.975971848107823, 12.88419668127096;
  -29.7541810225392, -8.250183277083494, 40.53676857827495;
  -33.55007135393678, -10.4934548711588, 45.81392024184433;
  -9.444911445311377, 2.962124399640144, 13.80844345353733;
  -9.743601218258858, 2.839840215943683, 14.31088754807446;
  -28.69665476393998, -7.815255564434831, 40.30774998983094;
  -8.713078626991996, 2.955033670066738, 13.31414563215676;
  -9.550118093081684, 2.823936326849089, 14.65738883749246;
  -9.626938446049412, 2.779096350187785, 15.08969896876537;
  -9.167850384177042, 2.902914145098401, 14.49970751629959;
  -9.898125578830387, 2.75531127547429, 15.58017522329064;
  -9.852503511026649, 2.733690890729863, 15.51958215754576;
  -8.311494983221916, 2.905662961053503, 13.53170991908147;
  -11.43775868316077, 2.86875659899531, 18.78495763892266;
  -10.77667603890633, 2.931286587775845, 17.84983669795444;
  -7.342646815868058, 2.942774619618304, 12.72715524470373;
  -7.987008354819762, 2.833721995785276, 14.2073342128689;
  -6.782321365769721, 2.922179454783834, 12.70939760778228;
  -7.856416918373913, 2.789526482565174, 14.76707014188358;
  -9.229679948583357, 2.760864426152093, 17.23735448100932;
  -7.500626258275615, 2.822311142285657, 14.29284701287524;
  -6.77394352583811, 2.930810386598426, 13.12151140822309;
  -7.306793715414319, 2.897429575727317, 14.10334115082627;
  -6.568362277892114, 2.906020826222828, 12.79183156775336;
  -8.825166048054706, 2.809932834638647, 18.43529761193022;
  -5.894111662977281, 2.913151170617177, 12.81340570744606;
  -6.666273060879903, 2.797156647900654, 14.77818280402482;
  -5.55961295393527, 2.880473812602085, 12.64173332295476;
  -5.759204770262016, 2.857086150888806, 13.55033839454534;
  -5.542582870582998, 2.875996593747653, 13.14547141422562;
  -4.990489001855636, 2.888338182891636, 12.91471442816644;
  -4.621944858577805, 2.894209795008425, 12.70067329016834;
  -5.058527146869657, 2.861287403570702, 13.89379804488985;
  -4.584118711017619, 2.860579343890563, 12.75757857389822;
  -4.062504568875019, 2.837717545222152, 12.05558055875721;
  -7.664727817328672, 2.92508453637392, 24.00420036495139;
  -5.893922411799832, 2.736349963238183, 19.11491824174539;
  -8.780511346336986, 2.274174968984302, 28.09632568966513;
  -8.10186227139774, 2.187281135725199, 27.31596472593896;
  -4.57786584745009, 2.723243634124325, 16.0886250051807;
  -4.743533527391649, 2.750930938010124, 16.65690692290055;
  -6.863964654271144, 2.595273773641658, 23.95285351717524;
  -4.468468384302204, 2.730974764301597, 15.97833628913242;
  -4.492754620391339, 2.74994060978901, 16.35355117198888;
  -7.029392216975772, 2.696046022796543, 25.37740120743331;
  -6.511562134897821, 2.845556041362612, 23.83268349175701;
  -6.081045643330313, 2.777248204045839, 22.56946431078267;
  -5.77869445694604, 2.692293178235437, 21.83179480446102;
  -3.327811493730124, 2.83167088426236, 12.94533373652588;
  -7.52214095717172, -2.4953463216356, 28.31951180600248;
  -4.05735561629225, 2.777242224400755, 15.70597302118558;
  -4.217756152824541, 2.747759947749751, 16.3126360669748;
  -6.048668348424489, 2.678543072078031, 23.16538396012046;
  -3.400508500082921, 2.790209241395488, 13.45913293920973;
  -6.974560409911867, -2.62027362242566, 27.25156365157883;
  -4.778622209711691, 2.703035094540789, 19.0030543629726;
  -7.122062168610661, -2.628443774977869, 28.21736502535187;
  -7.690841852990558, -0.2553773793662446, 30.79441613478568;
  -6.120734926877148, 2.500209309761722, 24.71594166013038;
  -7.265853654940829, 2.178969592006539, 29.57612664182563;
  -9.210259506096815, 1.7196022028073, 37.3912940936296;
  -8.21764103329661, -5.111359223539303, 33.42225939655169;
  -8.266759760979529, 1.915237168881718, 34.49499930452851;
  -8.360469746409381, -6.205166958655369, 35.28958373348886;
  -8.895598268977652, 1.471653590015136, 37.61449292952983;
  -7.111728339752594, -2.139946770270327, 30.35338729404175;
  -7.904936868769685, -5.767684825015297, 33.76871332075211;
  -7.58691230760549, -4.885836755993608, 32.55372021990632;
  -7.254666090970817, -4.644088543350051, 31.07589045049708;
  -6.110608722001683, -3.749969434182548, 26.59018063125623;
  -6.907982708857666, -5.506312078207585, 29.93769580805276;
  -3.669502116135102, 2.720318560828395, 16.32751064227501;
  -7.189893938734054, -5.45882568691697, 31.19756149184295;
  -6.142353368223104, -3.608925899885617, 26.77412231605943;
  -7.357488905340637, -6.128478520213241, 32.03959215824539;
  -6.456177626701571, 1.581308584981601, 28.28793150129704;
  -5.647465895573291, -1.004105532478935, 24.86406891449045;
  -8.830795317885388, 1.447648899931022, 38.494534319575;
  -7.045897098850815, -6.536265766590568, 30.84940819917364;
  -8.524466441619637, 1.038409925903667, 37.28740291187356;
  -2.964171674181239, 2.812759293265139, 13.51534113177836;
  -6.993492113272489, -5.411062288336337, 30.71511506460179;
  -6.8178079035735, -4.741418139012933, 29.95149228259871;
  -6.734542945719695, -2.366841419475918, 29.66014935582708;
  -7.07253902791291, -4.589249959083033, 31.15130234526918;
  -5.418024041563474, 2.609502788886658, 24.11745103342892;
  -5.889918427007223, -1.677250715373949, 26.18887735183738;
  -6.981736332811376, -4.99613171306882, 30.98430243679545;
  -5.877711844171974, -3.656214916470772, 26.21342554390964;
  -4.418602085630971, 2.71738079747209, 19.99431890636571;
  -5.877661743744954, -1.063129447607802, 26.32529714083872;
  -6.630562312366782, -4.512570061701441, 29.82208413029932;
  -3.377392207132052, 2.691903702205629, 15.66036093891639;
  -5.641437665696294, -1.425504099164034, 25.60535308506502;
  -6.357496841282678, -5.379494171400039, 28.75301736674375;
  -6.524999495996731, -4.95712885453841, 29.46737784424261;
  -5.883252059632425, -1.127965787746135, 26.88989296185449;
  -5.261121241488693, -3.230831413346902, 24.25257419270608;
  -6.74503872178405, 1.969462092830979, 30.86049705802105;
  -6.081549541868847, -4.326232753310161, 27.87459392959005;
  -3.406706906273785, 2.694904198045767, 16.17744129080543;
  -5.812246905122825, -2.040977064649905, 27.06462681483053;
  -5.552527493448918, -6.210396311062054, 25.96937441674151;
  -6.427906215298047, 1.557527518248265, 29.98263718091429;
  -5.428465300036067, 2.531045846369119, 25.50455554042156;
  -5.375908997831416, -1.376235952604021, 25.3093533589222;
  -5.925355143495422, -4.095906009184056, 27.83749928665819;
  -3.251983790157916, 2.747187895151491, 15.71757445593926;
  -6.336182538057696, -1.259108414992355, 29.88264181310928;
  -5.302216556406803, -1.580437357981099, 25.30366311212251;
  -5.452315443522185, -1.981286615014649, 25.98283387184806;
  -7.855061056167996, 1.633108062385541, 37.15248900351882;
  -5.142613948508355, -1.259666687514852, 24.81177830688827;
  -5.486636789426926, 2.624622512056651, 26.64142641361417;
  -6.260746199480361, -4.615270372588911, 30.37240955303308;
  -5.090090314667203, 2.830356593842375, 24.91495114649682;
  -4.958867145357186, -1.29475216571958, 24.63485193205394;
  -6.463322210525358, 1.991384322467602, 31.85272943338176;
  -5.535778471822558, -0.6957077569510816, 27.52706010090096;
  -6.260632280207938, -2.364336175902031, 31.10820122684348;
  -4.629894505765969, 2.869345687826348, 23.22236098086265;
  -5.220881109721443, -3.873166780062957, 26.11770418755735;
  -5.913620326589899, -1.222597926644775, 29.71418956901898;
  -5.880212206924478, -2.922762475990722, 29.59772266688179;
  -3.184714015172844, 2.696328052818635, 16.42623482472347;
  -3.086453992435486, 2.692438574740774, 15.9479627387488;
  -5.295324404096764, 2.681231952395995, 26.94579777481393;
  -8.046105772212181, 1.605271719992453, 40.55750305226749;
  -5.781154215114913, -3.365978172951668, 29.42947398765787;
  -2.387326869626502, 2.752315682030379, 12.67486028640363;
  -3.358260826204051, 2.788185127162994, 17.55009600350446;
  -5.377849323268328, 2.099795305703236, 27.80908730909779;
  -6.020484789175582, 2.450427037617361, 31.12210523240643;
