m=[-32.291127876898, -8.684743836488796, 39.07314355169464;
  -28.44954919987814, -7.596489681621432, 37.28038819146898;
  -28.08539637533388, -7.641670533487238, 37.78316368716244;
  -29.45895562183053, -8.127525005164955, 39.9055832256371;
  -28.41645654451574, -9.746866179778948, 38.77967321582207;
  -26.30408759264984, -4.570012186388592, 36.00578013290332;
  -26.61883093688653, -4.476230085430072, 36.51245609779915;
  -28.35439181514253, -5.583580115941926, 38.89172962941935;
  -27.59498550659921, -7.304405242883668, 37.97593937052306;
  -27.19856229229512, -2.229937202168587, 37.48454762820111;
  -27.98762341906017, -7.916660830720009, 38.64445835037368;
  -9.959828825937349, 3.00658449601732, 14.43642248697378;
  -28.82539561602497, -5.46880290284021, 40.02489498657516;
  -27.39346106128455, -6.213674117205002, 38.14556485860919;
  -28.77821234431929, -7.121228355240763, 40.08805337889714;
  -28.20450044861037, -7.191312688908957, 39.44052199520711;
  -27.10107050508546, -7.18708235491294, 38.24043246294087;
  -26.70644399722744, -6.716426408437212, 37.81289351591509;
  -24.22062823321305, -6.733251048256978, 34.48836582490321;
  -25.20410920902699, -1.983194520284496, 35.91960985563667;
  -9.691084793548093, 2.983702174986529, 14.43826599243366;
  -24.63308481755731, -2.474055826239881, 35.2940314610555;
  -26.68025993677679, -1.970373953292606, 38.43783702984278;
  -9.253370588084399, 2.984050598857917, 13.96401106780613;
  -25.3746739185275, -2.082286132692983, 36.64261528443674;
  -25.89747670510719, -2.350517986209074, 37.77887388532594;
  -26.15897700054594, -2.581075092810701, 38.24056650364745;
  -8.983071582523536, 2.970234548499329, 13.7918119332109;
  -28.13273192144275, -7.069783614592757, 41.29851835573953;
  -9.535414312012641, 2.775268631461474, 14.6408787495437;
  -26.82447031686614, -6.474517896608612, 39.96044785841882;
  -28.10863983859303, -6.323025795261963, 42.04478069228273;
  -27.45635532766807, -3.202464963611742, 41.3705738865129;
  -27.99598705207287, -10.16074134151183, 42.42963800135983;
  -23.01873258494948, -8.575925999132464, 35.89360239737648;
  -11.25824038772843, 2.954553393047122, 18.25089630849534;
  -10.6085731547098, 3.015570009129207, 17.29697623171768;
  -17.45276336341696, 2.61633886793383, 28.49783392905669;
  -17.11813981607977, 2.550959535926265, 28.50469951766259;
  -18.02442335344472, -7.498191746122782, 30.59019226119581;
  -9.641964968740593, 2.92008968915971, 17.04415649228205;
  -7.912680209175082, 2.957675619436804, 14.51788069239553;
  -15.54963102491132, 2.74889064580405, 27.80547763869497;
  -17.60864859757127, -6.846715344632722, 31.48224670138557;
  -9.172454661155308, 2.87821858855611, 16.87529651057096;
  -16.46152675367295, 1.421581520819136, 29.55653019756468;
  -7.453249225408129, 2.992059669395434, 14.42273043601162;
  -13.85878081548499, 2.287757759164594, 27.14824821702583;
  -8.661295585170919, 2.912290443011381, 17.4364942295446;
  -14.07312702052855, -1.917158526297471, 28.0255271871121;
  -13.14105501647051, 2.211577272799345, 26.52861111193114;
  -6.373583652382091, 3.044376022397897, 13.37815125545035;
  -8.798224909396675, 2.954778302351286, 18.2343777774983;
  -13.21163810232939, 2.033219544018782, 27.61267330139449;
  -13.91038958487763, -1.965202229328929, 29.05053362508559;
  -6.535111190410735, 2.898766544131117, 14.21032805302684;
  -6.581549533302229, 2.9827209204304, 14.40158609221651;
  -15.16952577179182, 2.368835866267562, 32.30843128790836;
  -15.08446843765484, 1.757169800690415, 32.33333376590421;
  -13.05697011811388, 2.536756254056561, 28.25777378446532;
  -13.97480244682697, 2.316135587649938, 30.74793290248856;
  -5.790861133428683, 2.972291250320856, 13.42535618968004;
  -6.010783279610455, 2.95269604334047, 13.99070966783591;
  -8.668327585782963, 2.958336658359925, 19.82692586983916;
  -12.26653809671712, 1.980663156990995, 28.80317785486767;
  -11.69927330651774, 1.816257277690373, 27.83679459407259;
  -9.81410337251865, 2.863521380548478, 23.58338825898727;
  -11.66339641419472, 1.659131567114228, 27.92054585085953;
  -14.2899957060185, 2.47704477241187, 34.88952236363909;
  -13.65715697838872, 2.265246604894038, 33.75577856331423;
  -11.48161580359368, -3.688550306338389, 28.60193308755259;
  -12.64626929376612, 1.710351601043998, 31.60064997999889;
  -13.18840209949673, 2.150423029256377, 32.94596094792523;
  -13.10698733477051, 2.248089799386019, 33.10542214891994;
  -4.936532675214167, 2.982572585060757, 13.36167945137309;
  -10.86026081499524, 2.480372672662847, 28.59197348860984;
  -10.2812658439957, -0.500953027281234, 27.25297990319432;
  -11.01273020338756, -3.762050610431641, 29.66776934547717;
  -8.174992261000298, 2.832065028160987, 22.53950851335782;
  -10.56306667039924, -2.755270119338117, 31.34309563622574;
  -9.074637768234217, 2.374390583882184, 27.20326326172822;
  -7.580242199122417, 2.851596861392597, 23.01445188259942;
  -7.028843382639127, 2.82467049988295, 21.83864422464736;
  -8.679338859318731, -4.790410532820227, 26.72297894232833;
  -7.534314128435245, 2.84936538032686, 23.52173862843653;
  -7.20526330654986, 2.9718045589984, 23.06960303196232;
  -7.536346692855799, 2.885084286158281, 24.13082716491346;
  -8.734864621013236, -1.218052308739205, 27.89834272374043;
  -5.69979586170277, 2.857634924557797, 18.73443195822139;
  -7.047805214601959, 3.01041966017551, 23.2168381449258;
  -8.550546334952415, 1.859097587478409, 28.08475392308964;
  -8.714186824512321, 2.451045385622258, 28.6967995692886;
  -6.748101267732996, 2.954645716991847, 22.66948361199093;
  -4.391971491989969, 2.826002483911587, 15.55620033864287;
  -8.020793610251763, 2.350691799673838, 27.87903849111822;
  -6.835285232689379, 2.8037323515103, 24.51938919460872;
  -4.331113573730143, 2.885109233424462, 15.95990855595948;
  -6.315444384736405, 3.004619805979021, 23.00425003303106;
  -3.343023896927444, 2.897340594633306, 12.75670254449623;
  -6.782132065337994, 2.836869306274782, 25.29139126734139;
  -5.766343162679643, 2.876586724941036, 22.04981358949465;
  -3.418152014354939, 2.95536182041592, 13.40717802553901;
  -3.93420018512011, 2.803938375020955, 15.47150022836835;
  -3.302633233574027, 2.964982834955815, 13.14096282460503;
  -8.000163817375579, 2.234176239206467, 30.9392432040241;
  -7.426156153342914, -2.562416247163307, 29.07014430323687;
  -5.802628089710545, 2.951211633871083, 23.04675308779896;
  -6.900206124794609, -2.634627000799613, 27.4971999049308;
  -4.685371861350604, 2.902919124417233, 19.13052074553835;
  -6.042611634934281, 2.723243153344674, 24.44338299098642;
  -6.807880333939621, -2.400249606219942, 27.46747214355627;
  -6.899970865528846, -2.740378150724439, 28.10247760004188;
  -6.804646283304688, -2.646008291907267, 28.14772208487134;
  -6.047041836525786, 2.722544862094939, 25.40117720542798;
  -7.222140308939529, -0.2034983194199673, 30.29450402667458;
  -8.5472073332683, -1.17913080535356, 36.3716166725549;
  -6.213900235721618, -2.37820279619686, 26.71050773964905;
  -8.450340764922649, -5.674799535992918, 36.0556311724497;
  -5.999709318166359, 2.925667790208461, 25.95358612427688;
  -4.564994004542275, 2.641479711230414, 20.25543931419932;
  -5.773536994406848, -1.587757966199102, 25.4037327413301;
  -3.478366838950927, 2.853940495772051, 15.91341543392091;
  -8.297920176337023, 1.557297230626895, 37.1026726156132;
  -5.619391675451411, -2.973628611572462, 25.43050557618629;
  -5.411655450661377, -1.492887474986636, 24.6904083489923;
  -2.652948451732074, 2.902461829225111, 12.57513832593279;
  -5.800447442372311, -1.335794154999919, 26.52209051779179;
  -6.80300032918474, -4.653575497654693, 30.74267161371553;
  -7.419319472707191, -0.7546523598125164, 33.78114148948652;
  -6.719787997138543, -4.396631122833709, 30.66103776966244;
  -5.427447114878513, -3.439677725224982, 24.91630115811154;
  -6.483075667714884, -0.9032558712857154, 29.65599600168378;
  -6.927470201159186, -7.161651738301486, 31.68338259734085;
