m=[-14.90276138377708, -3.979278275524092, 19.5286303346565;
  -14.44476434138386, -3.930232230144481, 19.4324797214654;
  -14.83826554599617, -4.093776296977488, 20.10015725849618;
  -13.7505309398787, -3.639771808021588, 18.9233413136041;
  -15.22207699778283, -2.997549268638049, 20.87905488700384;
  -14.00064927530322, -3.455571883008411, 19.29004267046783;
  -10.22372139595252, -0.4022629315670244, 14.35645021857912;
  -14.96796453362516, -4.233882125849173, 20.66730973718995;
  -13.92736036524391, -3.090921881546704, 19.35132717654319;
  -13.87002535054815, -3.233969124906393, 19.2736098364028;
  -10.06356567651705, -0.2510125500528063, 14.32443760395905;
  -13.7519871849377, -1.324883437554817, 19.33833747707859;
  -13.90402784472077, -3.687285827556491, 19.61900500052654;
  -13.7161997086601, -3.449498778504822, 19.42037656081934;
  -9.864658070022793, -0.2709784387139497, 14.40188978680875;
  -9.914702851565835, -0.1584538358026563, 14.56320667301253;
  -7.182391995365742, 1.502040978789298, 11.00459707403009;
  -13.23892704246487, -3.195428243533292, 19.7220466064224;
  -15.13525893847005, -5.517238040421424, 22.59126183917093;
  -8.842530274101149, 1.325581236923558, 14.4385707877182;
  -7.730637073961998, 1.36663538219495, 13.82373999412263;
  -8.372726287492508, 0.7230503675195398, 15.0331582881278;
  -8.881314203187181, -3.453293414229036, 15.87877248091734;
  -6.043692599429965, -2.191336022998173, 11.30100956193022;
  -7.184109812934477, 1.090469474272458, 13.92954047665567;
  -5.837188483839741, -1.074547582870402, 11.83516261881129;
  -6.738787099570597, 1.134105928098197, 13.60398096701842;
  -6.436367186650833, -0.9454568269116034, 13.02178506670976;
  -6.078440270771917, -1.461853167245955, 12.46815848823592;
  -6.080989157034518, -0.9064566921301146, 12.53297565991295;
  -6.352717247241408, 1.098301387575914, 13.16354688495238;
  -7.349967314504835, 1.277120855723439, 15.46452114636673;
  -5.973902697221882, -0.9854042370822942, 12.90435168819285;
  -7.564149709407496, 0.8811378068910222, 16.21364241109205;
  -6.763674242046532, 1.314071547893785, 14.63788114352938;
  -6.987903142797447, 1.228311464007188, 15.42782090847605;
  -4.935166599343111, 1.439963951608649, 11.85925454596319;
  -6.754313428757016, 1.170800685607442, 16.49089154900133;
  -6.639775176858288, 0.8980000220230795, 16.59155015884517;
  -6.936270528120506, 1.325887405675641, 17.29363937532965;
  -6.738688029970304, 1.098770709089572, 16.83392354894342;
  -5.155098156689006, -0.07771081953664852, 13.43216420135394;
  -5.339425957450252, 1.219470366151797, 14.05718776192022;
  -5.141300596348733, -0.2505090459661485, 13.62825978382819;
  -4.586087399350362, 1.19995563635562, 13.74782620002011;
  -3.823687586474029, 1.438425743414572, 11.60913750001118;
  -3.537233484727472, 1.421502590338886, 10.9901984447786;
  -3.78087048008751, 1.429868899785114, 11.80368188856756;
  -3.536897597881203, 1.458790325752422, 11.3243361243506;
  -3.742489989979008, 1.432709972250701, 11.98317736632424;
  -4.416646753218722, -0.6158889700135432, 14.10635770067588;
  -3.438275002665959, 1.468634610342332, 11.32634512504021;
  -4.297045957978264, 0.9342827301111513, 14.11389092562565;
  -4.323896645443888, 1.216185415133776, 14.23907908923753;
  -4.000783874321829, 1.172528592883273, 13.90610618434331;
  -3.47068390723821, 1.423622924476157, 12.4499631831101;
  -3.335496884780183, 1.395190869545016, 12.43847155603417;
  -2.948091206684301, 1.499396641033693, 11.70916506629906;
  -3.811967740858653, -1.315330282738747, 14.92218181490317;
  -2.326127615349599, 1.441200515189613, 9.497652250250122;
  -3.02301837757417, 1.362393381624884, 12.22861908990441;
  -3.632047883501287, -1.280548581132457, 14.65407280541939;
  -3.460943056419406, -1.374540982498232, 14.09586744836093;
  -3.127204274058705, 1.407953534839672, 13.13612044870102;
  -4.782315199802388, -0.659744750902318, 20.35056931139559;
  -2.772520044968301, -0.7624599603518031, 12.19916981749438;
  -4.210385956732462, 1.095471481306281, 18.52337589449168;
  -4.309860607097427, 0.8088453305396286, 19.27077432970104;
  -2.818253118639742, -0.7774579923866186, 12.85813942968823;
  -2.797995641002686, -0.6443548122966925, 12.79361538852418;
  -3.581658735446281, -2.450024772265609, 16.18547008793339;
  -3.916708653401504, -0.3983860566808887, 17.83329181070758;
  -2.609083400182319, 1.388599525347378, 12.150914636593;
  -3.403934258075903, -2.787680340171664, 15.62131426058503;
  -2.698131897453785, -0.8035050700711504, 12.60129454570033;
  -4.119485794734527, 0.7677564881860011, 19.04373931399565;
  -1.61610005095575, 1.423519126937037, 7.932388981191278;
  -2.756952949754273, -0.5105530380542718, 12.98296186721307;
  -3.439225632370258, -2.397046165029023, 16.01059894315464;
  -4.117672481829235, 0.5839808636148355, 19.0963170442195;
  -3.396475104374524, -2.54842637388649, 15.77557905897375;
  -2.948955354907283, -1.021542608014762, 13.87010564900955;
  -3.202660852096896, -2.460956599704132, 15.01816238055302;
  -2.562758776000542, -0.6788384637205873, 12.23363322451861;
  -2.646617038097534, -0.5313496849371304, 12.75791796003352;
  -3.05932703635167, -2.513960687083058, 14.6330094106885;
  -2.745461251995878, -1.805282356868849, 13.2905761643774;
  -1.566273271643036, 1.441996231594741, 7.979057760869999;
  -2.613499016929202, -0.7037735919618365, 12.97781689629679;
  -2.94943098394198, -2.193311001827477, 14.65241161437893;
  -2.77152372690332, -0.8627525559758523, 13.84706321681958;
  -2.762717306040475, -0.5704239086076248, 13.81990759529458;
  -2.635359396152113, -0.4174021912569275, 13.27392147342117;
  -4.070770147643556, 0.7938752641420792, 20.4163805501166;
  -2.240460820847424, 1.397697235063674, 11.60981699173866;
  -3.455706790206319, 0.8235299419236959, 17.4468581175903;
  -2.632159199084438, -0.2724967113688033, 13.47951325942007;
  -2.576374250848664, 1.37919154273084, 13.24869553184853;
  -1.461928659586975, 1.430402160043635, 7.861008799755797;
  -1.500265639231049, 1.424228634063636, 8.06443895351498;
  -2.422435188547712, 1.454443813020545, 12.55584820669889;
  -2.787991855981957, -2.216444974166024, 14.37764870373847;
  -2.085209258950706, 1.45143232838369, 11.06798296739204;
  -2.688269113048084, 0.9477386938915922, 14.15718338329896;
  -2.451295694902388, -0.677251206810967, 12.89800885673739;
  -2.577538194679204, -0.3290752100609291, 13.6271578183158;
  -1.400166486418636, 1.445048532189825, 7.7511482255954;
  -2.612976404359014, -1.055284338286992, 13.85569294461365;
  -2.417223590845836, 1.373591686790546, 13.08442715897549;
  -2.383332109807476, -2.744112374979371, 12.8086002423288;
  -2.063843496814444, 1.488247651357448, 11.37919244738006;
  -2.393628790205201, -2.890185766580196, 13.06032922226234;
  -3.912368979093376, 0.8929883049365789, 21.20215380351642;
  -2.665982518774987, 1.225202663725604, 14.75307429443918;
  -2.440892754902658, -2.595964083315535, 13.52148565665824;
  -2.184502886059626, -1.013363257987727, 12.30273789779775;
  -2.536493942821775, -0.4349188083062155, 14.2224745996816;
  -2.467186179591867, -0.2557423436900975, 13.85944413319672;
  -2.43253509044261, -2.854896936913852, 13.62469592703962;
  -2.010175182564946, 1.462563463132108, 11.48478722461224;
  -2.283495591582148, -3.050464531813792, 12.79709674798824;
  -2.524064522427632, 1.110276807150428, 14.22103973324973;
  -2.364173740857932, -2.658202635429094, 13.43361031964949;
  -2.248149000009633, -0.1824539063944985, 12.89403523465435;
  -2.359850997613228, -1.898769155711616, 13.54584548344826;
  -2.281221077984292, -3.062208500506948, 13.09014553922725;
  -2.159567384678079, -2.938443662162513, 12.78821348627827;
  -3.292484989135923, 0.8614286258479671, 19.32378852203637;
  -2.464233909827552, 0.9195602186335087, 14.68895902305602;
  -1.996253099739956, 1.404861985897715, 12.09032618060195;
  -2.232111805059258, -0.1973791472935359, 13.41775477684514;
  -1.989128469227743, -1.035621669032247, 12.23673547330459;
