m=[-33.93170283926926, -9.192183371608628, 41.44301126964446;
  -32.42172157016314, -9.182351817768614, 40.01812044268414;
  -33.26774167086635, -9.147209100815642, 41.09265957927611;
  -27.7525064830227, -4.888641169073512, 35.91071176387521;
  -30.89871063977198, -8.40377664670762, 40.08897572152731;
  -29.50715560414058, -8.055637309326908, 39.45286426668567;
  -28.22624103150256, -7.835103620646597, 38.76354991909473;
  -29.43469876136407, -6.461849054344995, 40.52815807927231;
  -28.12114813444561, -6.658672287494616, 38.89231540684489;
  -28.37977507152495, -7.971333845247146, 39.29639449328023;
  -25.95574400573163, -4.419154776381892, 36.30791920373562;
  -28.90221736434197, -10.16806971673702, 40.32413938845127;
  -29.9253161850782, -6.324446193661325, 41.84994111361425;
  -26.12527765445437, -7.047012517248337, 36.71517759757226;
  -29.64854063477568, -5.608964747060684, 41.57895680217941;
  -28.07115869554126, -2.307135187196181, 39.47655999625527;
  -19.77967746882693, -0.7382453550931097, 28.10766308650481;
  -28.12316630944893, -7.30209484590946, 39.69759161394465;
  -30.76724569633018, -8.887800033219541, 43.41104189688211;
  -8.790557246603823, 3.059787073029376, 13.16413316111307;
  -19.7351102673377, -0.443598844627954, 28.41783488369207;
  -25.85691792525727, -7.66662565728644, 37.07188374489715;
  -27.06321861048797, -7.305694033197354, 39.01498172849153;
  -26.76216335248243, -6.85809678108878, 38.7065848830538;
  -26.59121436248932, -2.691794913382754, 38.84207665899281;
  -27.83033635585136, -7.238422120853749, 40.80336102456001;
  -24.77516369853628, -5.498659260864374, 36.50937514607087;
  -9.230646241600084, 2.974366154611538, 14.25717403065241;
  -26.57226689948198, -2.399063130265764, 39.59691175810803;
  -9.054917477722901, 2.906730980464428, 14.15089398879046;
  -13.89380181598974, 3.066835765736306, 21.33536273335205;
  -28.09158628066784, -7.209544963776572, 42.2479028583933;
  -9.528462014205939, 2.986145851282831, 15.02212545961171;
  -24.42662254555046, -6.066450708095248, 37.28601519961795;
  -9.38085908956683, 2.954450783200244, 15.05524203088971;
  -24.28110790963612, -3.204189972113736, 37.91225674093239;
  -27.78681316155349, -10.38960090232044, 43.24273816134868;
  -10.88227324728342, 3.021046096196527, 17.5448754605226;
  -28.7477686522075, -11.39505171885834, 45.05037306862825;
  -10.3281946373436, 3.000803557459142, 16.90440578428338;
  -17.28075037330159, -0.1437438586484148, 28.11916110644836;
  -17.14586912603382, 2.741889914880078, 28.40537237533877;
  -7.731720146746639, 3.016050910724307, 13.6719233024226;
  -8.840297929693442, 2.949875201788534, 16.15928673795608;
  -18.19587641776828, -7.512592926699914, 32.53042675935573;
  -14.63755157137917, 2.767671263324925, 26.59724418376747;
  -16.21601433625976, 1.541705732950739, 29.65945030128323;
  -16.86898807278664, -6.752568859182135, 30.82014021305706;
  -15.71108242277624, 0.9183349769601285, 29.5445773220695;
  -13.76268638205737, 2.834976626818484, 26.0776458395673;
  -8.252179855231695, 2.962327473786613, 16.58726974401484;
  -11.65245572980964, -2.071408529657081, 23.04307287682179;
  -8.006861286340005, 2.899980764051604, 16.31498583180066;
  -12.55955166988806, -2.088256210706498, 25.15355516827228;
  -6.236311727714296, 3.049039423130887, 13.09359360548793;
  -6.582052475029857, 2.954949066796031, 13.79094417370177;
  -13.45850607154501, -1.880014305902712, 27.37505600687357;
  -9.464032125670597, 3.030464068397673, 19.59800208572603;
  -11.0281596114178, -2.068417363064113, 22.6964274991136;
  -13.11884550002499, 2.383268455412413, 26.97193343787291;
  -13.57229141870535, 2.606042633844961, 27.90021513973567;
  -12.07896022348708, -1.794885136450002, 24.89839687071396;
  -6.36208436128556, 3.015918075422313, 13.66917201940591;
  -11.54952258886259, -2.837697407290913, 24.10107944608787;
  -6.167717192710134, 2.990609544122759, 13.35428180387259;
  -12.19949799879985, 2.260927124921551, 25.73763877752104;
  -13.19616158903906, 2.190728963234502, 28.16313986620035;
  -11.93122995911551, -2.192875580351534, 25.53584995452147;
  -9.334902216418843, 3.008632231883755, 20.25746775178494;
  -14.08294248887027, -1.986518704804228, 30.10995850707486;
  -6.962132167066773, 2.928522866998424, 15.39427097302;
  -14.31471657452156, 2.680152687764789, 31.46579691641959;
  -14.28920920698718, 1.831644670202942, 31.47754117423328;
  -13.2800719969741, 2.790185187876096, 29.4138783635422;
  -8.11317184390505, 2.977373784088526, 18.75239995363037;
  -10.55407473412004, -3.340831083552197, 24.09384160892639;
  -6.331500352036173, 2.960827940531519, 14.9049662426358;
  -10.14779981227258, -4.235636630040696, 23.97002522740413;
  -12.08538976731909, 1.078058399695386, 29.21658203171562;
  -9.322045194003341, 2.939538255436041, 22.86874570991213;
  -11.2280882777977, 1.777422387055468, 27.63006230770597;
  -11.26642123839103, 2.054724209063904, 27.95461342570794;
  -11.88254854145047, 2.282066099443981, 30.06558629506035;
  -12.75571377363564, 1.753678694831959, 32.59946092085304;
  -13.11329675609925, 1.972843912944227, 33.883872351216;
  -12.8681483073947, 2.31007313706828, 33.27772317705048;
  -12.57081112863602, 2.09015475631235, 33.00194991536918;
  -12.13645050862066, 1.853875708393789, 32.58845521405887;
  -9.758767152203689, 2.444181449617532, 26.548539299883;
  -9.533450871251343, -0.4124580022240361, 26.09589100209431;
  -5.288224186262034, 2.923806988554484, 14.9210859957518;
  -4.664799326468164, 2.942233151071942, 14.02291890927516;
  -4.212602628672098, 3.145802406926376, 13.36125763944711;
  -8.540165532504037, 2.460737203288456, 26.60016356132912;
  -7.13523765199116, 2.948185480151943, 22.3859607173009;
  -6.572114002464471, 2.904980734622082, 21.08566718184821;
  -6.706094540687097, 2.88772911190623, 21.65967082596859;
  -6.999042891184399, 2.918842540796001, 22.64799641735404;
  -6.377744122251144, 2.908679249212366, 21.1940955714743;
  -6.841984253066368, 2.894481901283611, 22.77036470484633;
  -8.127753137118846, -1.140243358933861, 27.14526028260978;
  -6.148956015278106, 2.907581144836369, 21.0680766897918;
  -7.888496360927372, 1.936589113608902, 27.13927917426549;
  -7.862823023637802, 2.467171048452749, 27.13737002743907;
  -5.876063921026818, 2.953359850210667, 20.8131262279091;
  -7.26453212089437, 2.385372817651037, 26.54238060599575;
  -3.956539749353543, 2.932105674869224, 15.00704623579236;
  -6.458773442549854, 2.962426111288024, 24.31124735444058;
  -6.49403769361549, 1.604531975854222, 25.1882839505936;
  -3.625044251813187, 2.942336010632637, 14.51969112875819;
  -5.946494788836918, 2.781010810879357, 23.35231394831665;
  -5.27971348463392, 2.947431314961459, 21.19183587512766;
  -5.362205850629034, 2.940673996821257, 21.79870806812778;
  -6.633619178467296, 1.718881960774392, 27.07957277380331;
  -6.393147481991655, 2.9452977476955, 26.24887802037771;
  -5.423950013764994, 3.101177067217697, 22.73735761117703;
  -7.025136847487914, -2.556162535318774, 29.26219915740424;
  -4.147645579861823, 2.890884113539392, 17.7689229710095;
  -5.43239693125899, 2.757585597033311, 23.27381344817536;
  -6.57231109514331, -2.392636731097428, 27.95485499930024;
  -6.912861038643611, -2.602454119552908, 29.73966306972066;
  -6.123223594555094, -2.602788655904379, 26.63152012885769;
  -6.326015926081722, -2.623607132560264, 27.96941781121975;
  -4.550465972093842, 2.823365950801206, 20.5306843250086;
  -5.856231393101095, 2.994889262535493, 26.20969309958422;
  -6.645981810297313, -4.910239366496879, 30.55047550796995;
  -7.680530713510777, -1.02294673867606, 35.31037675732205;
  -7.569873032273795, 2.185698353861795, 35.06393230794619;
  -4.616242430540146, -1.337173725904033, 21.76112594819834;
  -3.140417283981164, 2.934705554535333, 15.10965860234954;
  -4.503914446378014, 2.616601543911577, 21.40949044921649;
  -5.141663694019885, 2.632596211437486, 24.37612265057456;
  -2.759802474916073, 2.977558328349942, 13.84310844324493;
