m=[-14.94862672676738, -4.081068226259353, 19.98722442571674;
  -14.40714498796493, -3.999167786188761, 19.78556348715785;
  -14.48203070072105, -3.429130846027549, 20.02904373076224;
  -14.15185459284973, -3.974984199299985, 19.59553447800742;
  -9.842214603231065, -0.2212298268127517, 14.17242800752866;
  -13.92091262018163, -4.127784179396184, 19.65382278643967;
  -14.34309199088601, -3.724140338560132, 20.24616297006816;
  -13.16538297494592, -3.041718697834329, 18.72614912616891;
  -13.65206841870484, -3.228952798978248, 19.39501094286451;
  -13.9347808065337, -1.137815080197021, 19.9874367423744;
  -13.56748008606039, -3.476815019779257, 19.62288372145095;
  -14.07298751500841, -3.660258461580469, 20.63306684212181;
  -13.74016204814968, -3.669904484917699, 20.60187971262849;
  -13.15083677525714, -3.375087049026868, 19.7779957684341;
  -5.197897589279121, 1.510222272614804, 8.507524611960834;
  -9.072285550859009, -3.745705163826596, 16.21935178478077;
  -7.527036920694866, 1.423213689926564, 13.67704414113921;
  -8.137250054391801, 0.7736330764864831, 14.88321103895957;
  -7.210961477874491, 1.24515964229318, 13.83579344653256;
  -4.700919507226003, 1.518967433679178, 9.348179440869263;
  -6.243500453073823, -1.038096656661666, 12.50412731419776;
  -4.712402993833714, 1.508951761679569, 9.758386539224766;
  -5.595115370836405, -1.0494075339101, 11.51498843305538;
  -3.493113895956896, 1.469329176158056, 7.723774924634562;
  -6.21971937615741, 1.152697614962341, 13.12192441171237;
  -6.218546946791176, -1.142924894718806, 13.3092633628343;
  -7.23244034687684, 1.230868933952106, 15.82615675235475;
  -7.228781872805603, 1.353449023234528, 15.88989772718561;
  -6.555601411400129, 1.377352619765616, 14.51992598825705;
  -7.343484279293048, 0.9413154812170476, 16.17688042881694;
  -5.311026234634626, -1.681174520478503, 12.12451381118711;
  -5.875912822359667, 1.401518443620484, 13.47271976563038;
  -6.174925981592215, 1.333491091776067, 14.1655620387661;
  -4.668350294918274, 1.472079784650257, 11.45234908836906;
  -6.212055073499599, 1.193037019092367, 15.71793098344635;
  -5.339962268133193, -1.778017014761109, 13.72380048331218;
  -6.396678958496429, 0.8794270400125004, 16.34783356159554;
  -6.324883984551637, 1.150364181321349, 16.18493804548607;
  -6.410656494103113, 1.150832660942356, 16.57830226213143;
  -6.672746937495425, 1.003888528041746, 17.2419270048853;
  -6.237223590943851, 1.175916807448398, 16.31905454477709;
  -6.305372608273818, 1.048397308068944, 16.55339411964992;
  -4.812891390105181, 1.205437087620501, 13.09337893029062;
  -4.772911173555908, -0.206496622684043, 13.06487770586732;
  -4.347868901504902, 1.252781660991647, 13.54236325783912;
  -3.386536330331763, 1.458285368673783, 10.93800001030915;
  -3.461362538505816, 1.443507688634656, 11.20052092693739;
  -4.042825923795423, -2.361907436910224, 12.97873916116609;
  -3.181038684291072, 1.450767079171148, 10.57101642823905;
  -3.359415928781421, 1.421191316010966, 11.18025459636804;
  -2.984092171983957, 1.499830180289344, 10.56970922813998;
  -3.139333074382347, 1.458081038642612, 11.11876948714631;
  -3.10451231153129, 1.474316833533636, 11.28279970632165;
  -3.655563116513349, 1.200336201454514, 13.35631062717248;
  -3.181249099327671, 1.459133917947, 11.974430507244;
  -1.783419418508525, 1.424814656082966, 7.250690474470471;
  -2.971413549047566, 1.38964776678312, 11.66895533111407;
  -2.624040744747689, 1.464886283188224, 10.53243532138307;
  -2.537777557874384, 1.450990061524701, 10.63843798791865;
  -3.586454731588234, -1.304965500107059, 14.93886238846399;
  -3.471496346933902, -1.306898825043309, 14.93464589096348;
  -3.173772061480519, -1.349070108332041, 13.80357474041676;
  -3.132486431266745, -1.299145281919973, 13.84976307486843;
  -2.321862734101403, 1.440614703218993, 10.47572515258317;
  -2.928261508944508, 1.497519200037951, 13.10549913638565;
  -2.453066881492481, 1.433992405935977, 11.23722596603798;
  -1.538070107343077, 1.437319463979729, 7.400199440684391;
  -3.846831777181172, 1.110720595592682, 17.81866729601157;
  -2.441244640305964, 1.418269501106399, 11.60452855690075;
  -1.419941070342339, 1.43663743895795, 7.138413228413816;
  -2.688718889861278, -0.7802654137183337, 13.17709797043138;
  -3.946296900200625, 0.871653510851815, 19.13400384770923;
  -2.67584606655836, -0.6522748308628033, 13.19235076519402;
  -1.411221085646676, 1.424971692865259, 7.328101149808862;
  -2.345224774400875, 1.428600985161885, 11.71639928219708;
  -2.475543644235883, 1.419816049414184, 12.36000842496173;
  -3.195308166174243, -2.426031002949937, 15.76788348318099;
  -3.570147272381863, 1.022753861840891, 17.74371053274523;
  -2.636572121772281, -0.9755836697081486, 13.40327416943631;
  -3.71786362839662, 0.9849408758814627, 18.65650873479424;
  -3.811608059726052, 0.6556767072980745, 19.26040663950018;
  -3.432142301514737, -2.835726509998624, 17.34153245614314;
  -3.752066299859656, 0.9236576461652243, 19.05502029599185;
  -2.430125294454363, -0.7625498952977703, 12.51386333180716;
  -2.405969405635051, -0.3438443558266194, 12.46777661018411;
  -2.295392018507923, -1.581430054484101, 11.97187258084442;
  -2.686846107433516, -2.436049451602198, 13.99619358546221;
  -3.453529104772569, -2.749669148523385, 17.78672659215951;
  -3.762017793456924, 0.873314465341914, 19.66932079963491;
  -2.338952452984064, 1.406361615490354, 12.59598915906283;
  -2.359882358789039, -0.5860545696230263, 12.73073305621608;
  -2.398768899669293, -1.962496267240367, 12.99414994430601;
  -2.175836233413488, -0.7325579577080859, 11.89588599906169;
  -2.244075462461974, -0.3603218496295077, 12.31306839870128;
  -2.261335508622615, -1.33721192478746, 12.59662753020858;
  -2.161965837755197, -0.2194173008629211, 12.12006032648606;
  -1.801426825902827, 1.454311553560026, 10.38016299671291;
  -2.192027880710717, -1.347666728057802, 12.49618060571504;
  -3.347549436479424, 0.8943326233746207, 18.91089846236741;
  -2.111842396967937, -0.6266997487875216, 12.1744710348038;
  -1.788632415247758, 1.43276421150142, 10.50762154006372;
  -2.12796884747674, -2.859059123120579, 12.26873785146765;
  -2.212806944056662, -2.811070377510776, 12.81637340633444;
  -3.388412829418798, 1.000589884585347, 19.60460276410932;
  -2.114826937796953, 1.405324760817797, 12.5547144296709;
  -1.780024602359833, 1.500366093797106, 10.72110866190257;
  -2.121961497216705, -2.754713038138579, 12.58222856041102;
  -2.127714980503762, -2.891481947289407, 12.79546763374322;
  -2.229642296977819, -0.7109320017980331, 13.54301719782789;
  -3.428175142234482, 0.9456688069975953, 20.654370847432;
  -2.464067418452286, 1.130613704749565, 15.08328510880249;
  -1.852494849269795, -0.7128738212814323, 11.44093320452268;
  -2.106725373436114, -2.530229495177552, 12.93529519870073;
  -1.821408693430822, -0.2408730656639226, 11.3183420999758;
  -1.873440566970982, -0.9593286679961494, 11.64377229645203;
  -1.698830937862544, 1.455283283512876, 10.69473499321349;
  -1.909321930412521, -1.091461484730217, 11.96083363104769;
  -2.043615619973266, 1.41967085557932, 12.78387534846139;
  -1.765598508474651, -0.7087107327079392, 11.17552956372556;
  -1.662618098297248, 1.4870913348485, 10.64961225816204;
  -1.940771973493709, -0.142904125935253, 12.31449886852439;
  -2.087742969698478, -2.653550956031795, 13.16081358847642;
  -1.835231427427025, -0.8987108066836045, 11.69294312612661;
  -2.102881616391162, -1.904615285028966, 13.43119276791006;
  -1.916329476814191, 1.459583499879908, 12.2984071935878;
  -2.000341355449559, -3.053432547007934, 12.77336836219696;
  -0.005124931564314915, 0.02136578165595153, 0.08315437277166966;
  -2.739795078115874, -2.056512899030894, 17.69145014511968;
  -2.243221865877077, 1.018185812258322, 14.94315715916224;
  -1.955206449872145, -3.041517988054306, 12.93383310542021;
  -2.257234544681009, -0.182485303193418, 15.1003827844268;
  -1.747268427881248, -2.126998477151229, 11.77372718864419;
