m=[-20.54132151261722, 3.316252261384245, 25.60430547308598;
  -30.99685131594322, -8.317596178122926, 39.79104953696217;
  -28.70827218458082, -8.167560776622274, 38.846362232486;
  -28.2377695610894, -7.922747581714606, 38.87480390277705;
  -27.46851447343658, -7.814423700137891, 38.82691305869646;
  -8.791541135691691, 3.084782173158602, 13.0702171493086;
  -27.82404713638337, -6.748839363513422, 39.614368735345;
  -26.37542978778703, -7.590942382460992, 37.60627060387522;
  -26.57787854030232, -2.370234118583745, 38.39334632151638;
  -25.27032694181742, -2.104366827694757, 36.59570494799705;
  -26.18692671670765, -6.746227915844988, 37.91819855701783;
  -27.04492297432813, -2.041486236294519, 39.19979813285918;
  -31.56033107238122, -6.454619823300269, 45.65077156532492;
  -18.67188596080318, -0.3585799314593875, 27.42403417050616;
  -27.27564163574046, -7.253149687422133, 39.66682086844044;
  -9.041416410356744, 3.084400930982069, 13.77139355268333;
  -28.14896466109326, -10.37236036708385, 40.89958715964126;
  -25.734385910536, -6.068305443877897, 37.61531084995454;
  -27.02242599181885, -6.223952277850602, 39.46555305823898;
  -27.57879760689523, -6.700158131625268, 40.28083850937606;
  -27.63703220686578, -9.885306186391833, 40.47505552497339;
  -9.055275565528934, 3.083248111923703, 13.95429418668534;
  -25.67250961302818, -6.739379613492234, 38.24950239563353;
  -18.06753204689835, -0.3854985197752967, 27.25658777768586;
  -18.26644691692532, -0.1741812235553387, 27.75037898117672;
  -26.47460933076827, -7.053775760205957, 40.04572679123788;
  -24.70928831547518, -5.585179684607065, 37.45628131113939;
  -9.062893825733564, 3.030280923862933, 14.41333437151287;
  -10.00709322341856, 3.192537562259737, 16.12607026640696;
  -10.68966351104317, 3.156848146130651, 17.24307508309619;
  -10.09259079898253, 3.117568710579289, 16.49754268404638;
  -27.04080155440803, -3.701604894325795, 42.72588749165671;
  -18.49697443364034, -5.908687869479119, 29.64380088019236;
  -17.77227825774043, -4.599819265171501, 28.60999909112772;
  -24.59859277283503, -9.546051062804263, 39.65551351539249;
  -10.05915232518379, 3.101128229527546, 16.84734671060874;
  -16.94375626525469, -0.06345594830628482, 28.19642795382213;
  -11.90571987028801, 3.147225965239036, 20.39954635408656;
  -8.594654782222726, 2.949080524985586, 15.06433350505531;
  -16.26788287140851, 2.768637643448661, 28.10630275625021;
  -7.998471434219765, 3.068187819929186, 14.39370739142149;
  -8.24790969938767, 2.942875754696144, 15.071794173116;
  -14.6400720067018, 2.607834148215882, 26.70679046666796;
  -16.9069293542236, -7.233370787120728, 31.18790455205133;
  -14.71531572822952, 3.001779596561366, 27.37081540718934;
  -7.385409885360331, 3.027616055237497, 14.21243467591274;
  -15.4143068509401, 1.62273167751048, 28.98201019002999;
  -11.57765074220931, -4.492939412624811, 22.29919619483488;
  -14.83656387736056, 0.9995262720722045, 28.71079373613805;
  -7.072181217534443, 3.063409235744709, 14.3747938911844;
  -7.954786230939776, 3.073782372772393, 16.07311507861771;
  -11.9834461493181, -2.058631263282393, 24.01867186273504;
  -7.94893368609324, 3.095558880581693, 16.27090039157149;
  -12.82260897296171, -1.927199533979594, 25.73218234205003;
  -6.338423467721633, 3.063589692404477, 13.21146907968491;
  -11.50578056224121, -2.069683746847138, 23.26540724026114;
  -11.72161244149551, -1.858458140429615, 24.00638885897492;
  -14.14222643837569, -6.405572210091518, 28.84760234315021;
  -11.71095968525242, -1.986373910755855, 24.08404920482471;
  -8.96814183572458, 3.098189699501689, 18.86079219512645;
  -10.58127638515192, -1.909018525168501, 22.26537511132912;
  -10.75085165055846, -2.056620595791976, 22.65321351390206;
  -12.18610787712728, 2.420982330345683, 25.78917629671038;
  -10.78259634753765, -2.016570806813377, 23.01614088553378;
  -12.47719705619318, -1.916184574967502, 26.88688227704193;
  -6.712179515950722, 3.057159296124236, 14.91901894143832;
  -11.97997522905413, 2.413493256110142, 25.99594069894168;
  -12.84556917567307, 2.8571940095121, 28.18792430176519;
  -13.76800471923168, -3.104450025895115, 30.19971563169048;
  -12.19892662700837, -2.293632421873298, 26.90491859704931;
  -13.33237752356347, 2.417225323349746, 29.37687372485887;
  -13.85163801270681, 2.851744175894429, 30.93240435528589;
  -13.7970530427845, 2.213665347641801, 30.88817626675644;
  -10.95969033440457, -1.868650287329793, 24.91229197869203;
  -13.661004401954, 2.808661024066888, 31.15844870601008;
  -12.15369030735048, 2.7960970827915, 27.88263823025531;
  -14.10624342893231, 2.015934216892577, 32.25229942562336;
  -5.987828236508198, 3.045619706907786, 14.18942912782211;
  -10.02154975410873, -3.297987789187161, 23.60758582117043;
  -12.13356012279134, 2.550269721437297, 28.55363031282205;
  -5.19323091392509, 2.96528816518346, 13.396922676909;
  -8.842159265782877, 3.054427505658324, 22.38243304320678;
  -9.688195008028981, 1.850912089729213, 24.51564400192426;
  -11.2093442747919, 2.284184234781136, 28.94500365065413;
  -12.07469810701657, 2.568832474164321, 31.8936744574607;
  -11.79631069130819, 1.815117824758775, 31.57151481756007;
  -5.241035287304758, 2.975396646750644, 14.55119801041488;
  -11.77930170494906, 2.358371780116968, 31.93939048823842;
  -12.58806127998378, 2.947075481497972, 34.13075777499481;
  -12.5104987505309, 2.118948155423182, 33.91418463628315;
  -11.66895793471198, 2.17933780223841, 32.14647634889801;
  -4.928504593847923, 3.00241185098869, 14.15870078505043;
  -8.942405200252219, 0.001089153570017956, 25.06646663466431;
  -8.859264956235469, 2.462033636100393, 25.16969244522924;
  -8.888310206466104, -0.3300471294375027, 25.43318691520454;
  -8.204113051052167, 2.655347877076743, 26.95104183016048;
  -6.04207094958038, 3.23510970253907, 20.16064123031493;
  -6.387370302727584, 3.075724454571296, 21.64573823941732;
  -6.374701873066498, 2.973331504099285, 21.68528145232867;
  -4.363254141405854, 2.914304076697156, 15.32553657422023;
  -5.906720357422466, 3.015198066649481, 20.61902570680424;
  -6.134959973246836, 2.9161612863154, 21.52717610534914;
  -5.575154970872885, 3.020919419163992, 19.83257747968225;
  -5.782648285459313, 2.924359709257703, 21.02561241881817;
  -6.287764509225099, 2.812993594440229, 22.98006106477472;
  -5.641771168501482, 3.206414593262568, 21.11831410099482;
  -3.578319407987978, 2.989008119831723, 13.8136403112221;
  -5.1087217571412, 3.000861390332653, 19.86882213853018;
  -6.707990445383503, 2.512325998459364, 26.20605735458116;
  -5.75414270902899, 3.010017877921179, 23.16885566157346;
  -3.201083262141311, 2.964520837785449, 13.45199277782016;
  -3.108455697985845, 2.97311308533517, 13.19724880318355;
  -7.360642320337639, 2.263188432183862, 30.29004333602712;
  -6.463232385566326, 1.879192499626691, 26.95696051449116;
  -5.461039394582093, 2.93002053722366, 23.00945894685468;
  -4.781660808162106, 3.053568405982507, 20.5431342605841;
  -4.686924113691481, 2.946869853079625, 20.44918929482276;
  -4.33139064597055, 2.844749704161016, 19.57987719968621;
  -5.898350556171661, 2.241133735846598, 26.74200664473115;
  -6.447070575116488, -2.520232760296696, 29.26068492263173;
  -6.077638419754316, -2.484955188682211, 28.64152468500865;
  -5.783919073007492, -2.674536231893968, 27.48659751636057;
  -5.620110686522736, -2.39982341517955, 27.17051576168489;
  -5.428078679138831, -2.453347640362553, 26.32075010820926;
  -4.310583565187177, 3.107167511447107, 21.07807254519382;
  -5.270395971805799, 3.133605048892954, 25.77533629432219;
  -2.696781234890499, 2.94864858566104, 13.96882855456729;
  -5.728623537024173, -0.809048486402118, 29.29028758656352;
  -4.342406356839042, -1.359761646809463, 22.45475295442635;
  -6.87919269447213, 2.378419041967813, 35.3053159856193;
  -4.758711899532497, 3.228510644551487, 24.6936068440436;
  -2.333050530881448, 2.961851629258313, 12.60304882372718;
  -2.544227747360593, 3.021936655331572, 13.77012840672463;
