m=[-10.37667958325748, 1.675242126583747, 12.93430287252278;
  -14.81746400647066, -4.215598105317643, 20.05012947004659;
  -14.92085296202496, -4.244782408072211, 21.09071683794106;
  -9.84955679507865, -0.3432373939850154, 14.26795028057556;
  -9.639512426196326, -0.1851197952013792, 14.1578798584123;
  -13.97963688517693, -3.601408352664226, 20.24226259544037;
  -14.48362797386367, -3.851492225712252, 21.06346329215462;
  -13.54170156697106, -3.193205449855974, 19.79356786090582;
  -13.84666065466318, -3.363990602621549, 20.22405435054825;
  -4.553784907415778, 1.522609422735903, 7.242192812649415;
  -9.448644788592167, -0.2016013349487955, 14.25417790276719;
  -9.385334341913735, -0.08949463607154758, 14.25819624569869;
  -5.007530959882498, 1.546810145058153, 8.185406244814134;
  -8.620739438862323, -0.03228547363586475, 14.34593691571264;
  -7.718749045852292, 1.374939777213377, 14.08073767246528;
  -8.759445274409773, -3.74759450588643, 16.1583891091946;
  -8.018842169160431, 0.8441786796309867, 15.07704288660089;
  -6.918578215900546, 1.541619058917901, 13.4310242305179;
  -7.6764575995904, 0.5171562034621143, 14.85500231642977;
  -6.031210034800336, -1.03609908021066, 12.08848047181713;
  -5.866937919200262, -1.055356999852661, 11.863315070641;
  -5.939466905040254, -0.9417006981401297, 12.16429504465145;
  -5.938393464310583, -1.007250487264859, 12.21253972654102;
  -4.502738000028613, 1.555543695314043, 9.469654615556983;
  -6.017022316001605, -0.9900934575041062, 12.5819149777304;
  -5.509931128503811, -1.054040945648025, 11.61002405743441;
  -5.488385606033725, -1.026442781769329, 11.7153097705874;
  -5.483428701568908, -1.386710985332684, 11.75285432154065;
  -4.457795275596732, 1.556490603620263, 9.862863636462329;
  -6.095748547609085, 1.228053291372231, 13.22746622839362;
  -7.075971416825759, 1.282908263422666, 15.59136158763989;
  -5.555506547240599, -1.095846844196951, 12.52129683759366;
  -7.022741277848112, 1.445826227883296, 15.6826414818001;
  -5.481063827608164, -0.9345329278310651, 12.45891610628617;
  -6.20036362231094, 1.426465394309492, 14.22469154676197;
  -7.148962732298899, 1.021663822826998, 16.34527915148692;
  -5.082935508030115, -1.672741207699569, 11.97378042054807;
  -5.090085357105527, -2.226836144550838, 12.43226230272416;
  -4.472834764613896, 1.545091998757595, 11.3222258978881;
  -6.35479079276374, 1.351950401599347, 16.78531645208587;
  -6.081442003705052, 0.935761533416988, 16.27630378314611;
  -6.12183091508745, 1.225671405183888, 16.59924781600571;
  -6.313501858186549, 1.478096278275938, 17.11817235719895;
  -6.431396812445491, 1.089308802492594, 17.43460299352361;
  -6.162230448931042, 1.150880981712226, 16.97615129743034;
  -4.548184089371061, 0.0005539528602324618, 12.74902022123927;
  -5.575767054979872, 0.9662844218470027, 15.73026171188373;
  -3.259136971593638, 1.503402653334039, 10.71998465626988;
  -2.916343119141545, 1.561499359970789, 9.730992538840276;
  -3.138161889412815, 1.511125988976862, 10.63470999671618;
  -3.202353163300351, 1.493663191987458, 10.89367487902892;
  -2.990389262614803, 1.526501235467346, 10.43877301584534;
  -3.175026038668418, 1.509201047339198, 11.14096016462047;
  -3.856463684405167, -0.5479260071599857, 13.69519898260106;
  -3.210357532473928, 1.436236226955172, 11.7329795077046;
  -2.655013454192771, 1.508936401455171, 9.938263427104369;
  -2.545578824780343, 1.495272119812292, 9.900255937499356;
  -3.403173163819086, 1.274581484027903, 13.29515178125983;
  -2.801015070097422, 1.465223555211864, 11.27818984453559;
  -2.689378790520905, 1.442936869566932, 11.33138701296037;
  -2.340516824925304, 1.494653953300676, 10.05540821538893;
  -2.275071345128907, 1.502509457541518, 9.834142731554227;
  -2.711251522242951, 1.442850067179878, 12.05530577313388;
  -3.289203581836136, -1.285786858642988, 14.92838468776339;
  -3.265631151501203, -1.335213863310615, 15.38963801035665;
  -2.915015555990081, -1.347929426850733, 13.85286659963017;
  -2.804986084161917, -1.26777933733271, 13.60137576155093;
  -3.587114034234555, 1.240212435332591, 18.40974661995836;
  -2.481040588644272, 1.497881096977964, 12.93402622449578;
  -1.835719512453539, 1.459049992940009, 9.827367670001753;
  -2.958937648930671, 1.076319065596542, 15.6916517756332;
  -2.33487939208525, -1.081757676623156, 12.77297783679236;
  -3.675447516517716, 0.9885639335167663, 19.89277288771845;
  -2.834037113688004, -2.424979721975547, 15.65449416765222;
  -2.391976630060311, -0.8295654610365476, 13.37685834036907;
  -2.271944416193536, -0.9235493052543989, 12.89828545590635;
  -1.183659399298454, 1.454307828287409, 6.966057282427428;
  -2.289340241826929, -0.4560075896600195, 12.95264723719535;
  -3.191885559765864, 1.025246736941792, 17.95766175489136;
  -3.683367009380631, 1.006781862049615, 20.79588696507988;
  -2.683517729020408, -2.308044083400763, 15.21306855256955;
  -1.162571435361447, 1.469296137445347, 6.898873886610054;
  -2.262453632365591, -0.6868300308172065, 12.97363305701224;
  -2.105298905074713, -0.7244149057474192, 12.10392394981065;
  -2.514928163997341, -2.399101634249645, 14.34008843140944;
  -1.997430275768582, 1.451957094741203, 11.56965706111175;
  -2.403577578654355, -2.471714121128457, 14.03979110477669;
  -2.114367910725171, -0.675975856500686, 12.42266556175463;
  -3.382466012463446, 0.9712884865568705, 19.97970578768139;
  -2.035544690845616, -0.9172672414984181, 12.20049659799664;
  -2.251545648061593, 0.8924498655774055, 13.61917795136651;
  -2.134523188141341, -0.6528946560333605, 12.92648736090652;
  -2.18602728297731, -0.5810507891228307, 13.24882135568327;
  -1.066249743643377, 1.459608759619469, 6.786117518388709;
  -2.16956023591077, -0.8007227328489089, 13.32338993221641;
  -1.994874115429983, -0.3329414557374789, 12.32927100434815;
  -1.946128601014575, 1.460466143112217, 12.31685890198638;
  -2.152032811415491, -0.2009150362056966, 13.60265379655826;
  -3.235207547755105, 0.9498213080623901, 20.33815069582494;
  -2.348439802794096, 0.8408087374799795, 14.82086523532637;
  -1.693058382122076, -1.091698773669558, 10.87890494610946;
  -1.527691137533706, 1.488142531082603, 9.914182631779731;
  -1.88669872827513, -1.319416071605679, 12.19827438181002;
  -3.303838346518643, 1.106853660334387, 21.29010819433451;
  -1.804479549519196, -0.5940011538592251, 11.81102062728076;
  -1.938737187154211, -0.2449859367028947, 12.79057005266424;
  -2.161061698473669, -1.053988870395012, 14.31945518402054;
  -2.113008278420131, -0.6943841836410847, 14.0592707696443;
  -1.858685836291078, -0.4881350914314333, 12.42783702220624;
  -3.154445387676546, 1.160348093210532, 20.95597994038896;
  -1.846595909450078, -2.73908083110811, 12.22337492154314;
  -1.824051452035188, -2.778340495556568, 12.40686750510584;
  -1.692645956772408, -0.5984825694901402, 11.81589683431951;
  -2.653476740492009, -0.6326040317861872, 18.41330316988474;
  -2.931788838092239, 1.01864942365245, 20.42356645443681;
  -1.65772825474521, -0.7160379137916695, 11.76024806858844;
  -1.386307271502763, 1.455316449420826, 9.983870825591346;
  -0.9397567474671733, 1.450418761559941, 6.915481763254651;
  -1.598342673302334, -0.9354291419328804, 11.41449863875817;
  -1.628917359235753, -0.3032368619723975, 11.66208647031843;
  -2.255723604139032, -1.858734949162447, 16.09559662209282;
  -1.84778013754041, -0.1783009820944347, 13.23538272767785;
  -1.785529473608635, -0.5749913529433871, 12.86469361256093;
  -1.757669490785531, -1.251714730828983, 12.72864718209517;
  -1.763106128867942, 1.155258767962887, 12.72967316904192;
  -1.875354344316381, 1.153686854953267, 13.49149780938661;
  -1.53617398641425, -0.6995919978591501, 11.2316105147151;
  -1.724050867076338, -0.1069157123881032, 12.63685953089124;
  -1.666010365158005, -0.3614656649783282, 12.24982943930108;
  -1.605913284450411, -0.9048092034031915, 11.82292779238526;
  -1.574745174357503, 1.477129670884407, 11.64466810858506;
