m=[-19.48259441529388, 3.308441078031755, 24.80595385501777;
  -27.39317178574446, -7.75553328244461, 36.43417788433198;
  -28.90427289264827, -8.638673342127664, 39.61209794466713;
  -28.85633883701166, -8.952406884322429, 39.69742222811024;
  -26.51732481823322, -7.714403077590882, 36.76444204714665;
  -26.87970824987819, -7.914382057487821, 37.72725444209365;
  -29.00929086415684, -6.433041300364911, 41.63845972737532;
  -8.388727347820719, 3.031575372320421, 12.84843616223675;
  -28.30057311795232, -8.342056843204832, 41.53069731691718;
  -26.11630734012982, -7.801188334764816, 38.64049796738483;
  -18.27769938934977, -0.3299058608772322, 27.59492256515592;
  -25.59939741230171, -6.526212663088468, 38.48944645803019;
  -26.21770331835665, -6.999762147593069, 39.40990219005134;
  -25.7747852961772, -7.537094781211143, 38.99528625973193;
  -26.87813850040984, -7.422227624708778, 40.63435331570167;
  -25.05877019481232, -6.132380627285341, 38.02799660610322;
  -24.2678765488625, -6.091768040514287, 36.85168774823429;
  -27.90362962833796, -9.967298940562332, 42.38685022362775;
  -24.2070925152471, -1.996438178040231, 37.14494951029175;
  -18.15297243391537, -0.3653824121639748, 28.16462031262989;
  -22.1794362366872, -1.690316981399946, 34.40837399555287;
  -17.67968150490534, -0.1325226526057773, 27.64501740517649;
  -9.258162975585032, 3.266766617025208, 14.91981927809338;
  -9.50146201828945, 3.225146625227622, 15.38704194282924;
  -10.17242383193544, 3.203843082211697, 16.55974905045413;
  -24.54342791096133, -3.047139868613594, 38.72622104515835;
  -9.534444352429782, 3.138013279376543, 15.69229078680317;
  -24.20446089717317, -5.988426125294137, 38.67087265320525;
  -21.29016267816141, -5.536568651738493, 34.7229887826163;
  -16.20041642161451, 2.969156523298485, 26.68244418537647;
  -9.680807511412358, 3.176448598834994, 16.35469639945306;
  -14.74751617373109, -2.099073922101161, 24.66614802958605;
  -8.462925120728169, 3.102721697987345, 14.88669804254104;
  -15.70673633770982, -3.206722139391008, 26.9117501593539;
  -16.00809962913681, -0.01947306192678507, 27.51220296396904;
  -7.558302390793712, 3.099855591482691, 13.6221072348623;
  -8.070989359823718, 3.099917031463927, 14.83931296084384;
  -14.95462083763028, 2.855445002215411, 28.20563636185475;
  -16.27328793356635, -7.31871554404786, 31.25320355528149;
  -15.12561984870249, 1.736275267126959, 29.53194231471741;
  -7.358040914262706, 3.057039639966521, 14.83801567422409;
  -11.14397192546884, -4.56506529008553, 22.12272875785831;
  -7.385579331679328, 3.075655290947124, 15.13537575020195;
  -7.660883871632573, 3.109121335049894, 15.7426779125674;
  -14.38327988344474, 1.083583034393012, 28.93501207422947;
  -7.37108428970127, 3.100025591254385, 15.32767732453236;
  -12.85376010116998, 2.596666646518147, 26.28846517758116;
  -11.17784805826421, -1.988997390153451, 23.18421875662206;
  -11.051998875121, -2.077362827730307, 23.11126973600702;
  -6.27527246904716, 3.132592042070297, 13.61346748216097;
  -11.10920103682246, -1.836436545977113, 23.57336863392194;
  -11.11091121045037, -1.972495578467924, 23.68516728390906;
  -8.574036920569162, 3.195822117167456, 18.48640621255812;
  -10.00334240996795, -1.880729448125807, 21.76975253276223;
  -11.03444670223332, -1.888084395998317, 23.9726001308969;
  -10.46904410243785, -2.089488431359307, 22.83296622931178;
  -6.253922799562018, 3.089600416705189, 14.10594280172625;
  -11.53350460331085, 2.483866429858403, 25.38113844600276;
  -10.33299427911554, -2.018929342010384, 22.86187207175466;
  -10.09276532306469, -1.92354108811123, 22.3934088285268;
  -11.3657341432223, -2.447966431335731, 25.24867934152009;
  -10.9278214787393, -0.4832331528321813, 24.40793292565438;
  -11.34689460306797, 2.466601615855694, 25.64059948894714;
  -11.91960724443555, 2.886607463984987, 27.34182772604546;
  -13.47514946463853, 2.660407032734335, 31.08414737492218;
  -12.43979779799569, 2.587169269777015, 28.87164712359256;
  -5.489181624269946, 3.04361069797352, 13.2093862073837;
  -12.69863242310166, 2.852206946508775, 29.76076318357003;
  -10.02079576463619, -1.794194788018507, 23.77244740893503;
  -13.29587337982016, 2.391540353532725, 31.34597989810108;
  -13.49173772230801, 2.767866981370848, 32.17444236940882;
  -11.44902347470834, 2.8760972718806, 27.51689530827194;
  -13.10394951510867, 2.948486864447372, 31.41482999628266;
  -12.78337205984017, 2.017959704913915, 30.76007981685759;
  -7.288053868587929, 3.165571370997515, 17.92312243733979;
  -9.4340140760292, -3.29090516224884, 23.19409044016053;
  -10.2742607139304, 2.933761835986807, 25.52976026688212;
  -4.940251714636601, 3.100407824762642, 12.97095760039318;
  -9.361135629707055, -4.377913172210004, 23.96699219980235;
  -8.397010776686598, 3.181810127832101, 22.22354704160221;
  -5.487485177199726, 3.023210325995689, 15.01092248280397;
  -11.54914027516296, 2.621213378567858, 31.53998659472663;
  -11.63304548301765, 2.750727726133889, 32.63959881945094;
  -8.705594493310301, -3.250134442029441, 24.7061291283432;
  -11.41232815926631, 1.968581141921225, 32.21424674488329;
  -10.93240747502577, 1.884757067269986, 31.10072426826331;
  -11.41054346795306, 2.549564068511879, 32.47598018935021;
  -4.520317968608477, 3.060651447130795, 13.39151247008332;
  -11.0778525743087, 2.47369972174735, 31.9697851757976;
  -10.69534181425227, 2.744602475603835, 30.90150429591348;
  -11.35309051869036, 2.15420951717813, 32.81254932054159;
  -11.27870961675026, 2.35698334368553, 33.11697286162061;
  -8.364138015038536, 0.05070391475352629, 24.82807911183678;
  -10.50497650366284, 2.646402221249791, 31.12692705757047;
  -5.631017078809812, 3.001850091667326, 17.79119507869221;
  -4.336284187089243, 3.118644816922739, 14.55785365609373;
  -6.010255606747965, 2.968687177204055, 20.37349810807472;
  -5.195617879579722, 3.135373650225283, 18.48222990775972;
  -8.094355010458349, -2.48927498778897, 28.95111060768142;
  -5.652579450078063, 3.074058094536358, 20.51456485503874;
  -5.896056955442746, 3.106834620588091, 21.48710154536527;
  -3.744033466000865, 3.038980271536887, 13.95317329855078;
  -6.624853705078857, -4.588531797461437, 24.3254330177822;
  -5.567602426073198, 3.222551101625906, 20.83947313980209;
  -6.00217152216944, 3.232568028032121, 22.62572183406918;
  -5.163723276620623, 3.174383205691656, 19.69376157019609;
  -5.296145756746931, 3.062192530420238, 20.77875662688008;
  -5.938504042937801, 3.029260690985348, 23.48802204299181;
  -5.187387832115315, 3.233879117688294, 20.64568428414802;
  -4.555736530738622, 2.95556704767567, 18.44298122020252;
  -5.14885916878, 3.091378148237198, 20.93348860584022;
  -5.293605723098814, 3.015931765500001, 21.97351126007501;
  -4.631526345819223, 3.128725741279765, 19.53337363375702;
  -6.635924915365675, -6.626365239629098, 28.20314125496552;
  -6.094612796090124, 2.648897944551762, 26.13179916337031;
  -4.892460306219311, 2.974256224325097, 21.63224790113145;
  -4.730175099668155, 2.951936403933515, 21.96698148085262;
  -4.128718234316505, 3.078452199818727, 19.53216180329089;
  -4.205615779324252, 3.080926125358141, 20.205588598475;
  -2.698238773163758, 3.061310285984145, 13.41814264929526;
  -4.018905416429167, 3.093558796294062, 20.07167710285057;
  -5.338703322237722, -2.343327764188375, 27.20698425261396;
  -3.829156104733796, 3.110220228932251, 19.79964659692663;
  -5.626785612251741, -2.610883790711628, 29.94506121288682;
  -4.680498170241995, -2.451598681276604, 25.09206637428594;
  -4.731297132434992, -2.440352759109898, 25.9514898663554;
  -2.302884563839554, 3.033690359145297, 13.27111197055502;
  -2.513822460957445, 3.048683448486218, 14.83284995072751;
  -4.794185853748902, -0.744261630263808, 28.07920712105461;
  -3.711075396619816, -1.119838271530529, 21.96263474242202;
  -2.24523669231121, 3.082042578881161, 13.55813521718033;
  -5.80004349204861, 2.429472773062651, 34.25662199149751;
  -3.658832412868613, 2.622607325072397, 21.77612652175714;
