m=[-18.58908440254215, 3.280453478411393, 24.40804121300355;
  -28.54102736991365, -8.891420153333927, 40.60214228878554;
  -8.509593490156481, 3.085573874448801, 12.72046729961272;
  -27.50813043628183, -9.038786205716392, 39.69212057593594;
  -28.33609087371607, -8.912454754835908, 41.73164080777676;
  -8.552721255564899, 3.109740036932226, 13.47070936901941;
  -8.303471202543499, 3.11266715233076, 13.25430983145871;
  -17.53564691389062, -0.6574126296093767, 27.15125871228672;
  -27.74609484458699, -8.651355411485991, 42.80550134903949;
  -17.1420792898886, -0.3495826712840031, 26.91771141937479;
  -25.49181056903593, -2.503499591383053, 40.17700132365215;
  -25.23027376544485, -7.160081493688142, 39.86086166773175;
  -27.82766793924629, -7.541285179027192, 43.94821481923099;
  -23.25890031217242, -6.216969759445385, 37.07407921927704;
  -27.49732359560371, -8.069984777010166, 43.73082659497499;
  -24.69545683452468, -6.4188452052867, 39.36060471618724;
  -8.195005644409207, 3.121947804742002, 13.67689603049305;
  -17.30331435818293, -0.3934749486578916, 27.96767930827491;
  -26.48313627657729, -7.594129857926831, 42.46870348782556;
  -28.96546253242122, -10.98918093513924, 46.3471932260497;
  -17.0049624758261, -0.1598720076023396, 27.69045922127606;
  -25.27466391517746, -7.419817116907267, 40.80398111836955;
  -23.64249540426477, -5.926050390269174, 38.50225216013134;
  -23.9847714398246, -6.20882563998754, 39.28727487887848;
  -9.252390998909817, 3.217749855646492, 15.93697991576141;
  -22.05404261442755, -5.808657634514632, 37.08706360076682;
  -21.68827159083197, -2.307854880690694, 36.49027904919256;
  -15.66780722090882, 3.020722340322086, 26.88710538606172;
  -9.341130181320354, 3.294278180158602, 16.40786715877823;
  -19.88328390568284, -5.488282303674477, 34.05899761933474;
  -7.845449066097626, 3.070678910424642, 14.02198138051831;
  -15.09199710043107, -0.03669048137928053, 27.10856390625046;
  -14.06445054472587, 2.85326724423084, 27.86558459899517;
  -15.14835290515502, -7.333003721882366, 30.71255098922481;
  -14.34172936126333, 1.739603585656865, 29.51324083985775;
  -7.293928374464832, 3.186287650100187, 15.40571467304617;
  -14.40909773989498, -6.786620919291709, 29.85613376223007;
  -6.874717470489705, 3.118854107481543, 14.68272509236394;
  -13.06349234765902, 2.74858671852815, 27.23156154143671;
  -12.16382926969663, 3.121659353555293, 25.72630707325904;
  -13.5874899735749, 1.082118561123523, 28.84310001800593;
  -7.793555215476204, 3.184613855363774, 16.96959724769161;
  -5.711178384060137, 3.08853055113243, 12.65895752549097;
  -7.960905207690538, 3.201618788538941, 17.85591376467818;
  -7.576018650624677, 3.208426447835306, 17.12035027507657;
  -10.23000123131969, -1.983031990481948, 22.93640903042922;
  -5.679382231926285, 3.049712811059932, 13.15795436832402;
  -9.521595574879751, -1.94847763459402, 21.74510369504139;
  -10.42570480468632, -1.947159411884026, 23.86148644174735;
  -10.03337677215003, -2.179697390244439, 23.01327914532252;
  -11.72330091869164, 2.623460229655227, 26.76072772523633;
  -9.468295144800294, -2.015253586923952, 22.05304454553882;
  -9.494402389830629, -1.977064398313837, 22.1638588010359;
  -5.942197744548563, 3.118930867766723, 14.19884576977004;
  -9.579841812684647, -2.769171038445252, 22.42166518993835;
  -10.22232978345969, 2.545991851008252, 24.41555297515445;
  -10.5904232051068, -2.310903759066325, 26.11959618122063;
  -9.756338365083495, -2.513042596179802, 24.18916644183456;
  -9.613411976118293, -2.184976990377308, 23.94314043227393;
  -9.530862749119692, -1.87469348368923, 23.96045897438864;
  -11.99109899662024, 2.914229963927542, 29.97573557542677;
  -6.873324040178161, 3.262133853604737, 17.72775806922174;
  -10.43435655766331, -2.448616300172205, 26.59657545024021;
  -10.76897934238607, 2.392829453463312, 27.49263506705668;
  -10.81229526199802, 2.947851401689087, 27.70089884791117;
  -11.08011010220783, 2.704131248790036, 28.42877155255232;
  -9.737557460594198, 3.011193538049516, 25.15218456158319;
  -8.529490892572927, -3.274492393268944, 22.27092843474915;
  -11.02326775916077, 2.700522003129692, 28.6909729134434;
  -9.509486061430074, 2.95595848604827, 25.18579565291553;
  -7.484784202007287, 3.119251780950247, 21.12039115545496;
  -8.194286378263477, 2.036087026939899, 23.13585934346371;
  -9.309905805305061, 2.156232277041239, 26.44818088101237;
  -5.231222625837511, 3.136331725323576, 15.69744171846566;
  -10.27523069976069, 2.558236821237707, 30.36140460859241;
  -4.095455646361358, 3.099489354333813, 12.71854246871045;
  -7.612028604625728, -3.168081621929315, 23.28816772675141;
  -10.48890009898978, 2.755906054356652, 31.98813510990606;
  -9.888236336691614, 1.871563342568241, 30.54064719245372;
  -10.58689600586587, 2.661688380716091, 32.84810794340348;
  -10.37611579866685, 2.552766248227478, 32.57902027625047;
  -9.230960285472115, 2.629043451713454, 29.01043811776476;
  -9.727883357781064, 2.032380527677755, 30.61757530791551;
  -7.397173170648079, 0.03463626584044174, 23.77392795214245;
  -9.934824845859723, 2.289271077420096, 31.82232173590745;
  -9.289151773176034, 2.584540308838807, 29.99784528550987;
  -9.751229759702786, 2.084014100678539, 31.98397995096959;
  -5.589134373652899, 3.119848025262396, 20.64455586878516;
  -3.430145938078593, 3.092369651630611, 13.23169116816665;
  -5.296600881353038, 3.121586828939996, 20.37464321399159;
  -4.798889827637191, 3.308210551195513, 18.64974056592468;
  -4.844559493601643, 3.010719783450297, 19.34222135622573;
  -5.190164683834446, 3.127580443133228, 20.8645141826071;
  -4.787340244707178, 3.008565056907105, 19.57401082696423;
  -5.801546731990409, -4.627352453533972, 23.6672176630494;
  -4.686892429377905, 3.120939061010745, 19.41012774958852;
  -4.935092053183538, 3.065989032579793, 20.69046251084532;
  -4.378193575991227, 3.116566503473609, 18.50468230342572;
  -4.273291882230629, 3.097389142976699, 18.98897117064586;
  -5.200521986438885, 3.06566791029697, 23.02906032015825;
  -4.346025458631046, 3.283045326423562, 19.57684559924029;
  -4.490664888555406, 3.13265540966316, 20.43078191778256;
  -5.1905425360069, 3.452113311926543, 24.25446959014801;
  -4.074661259226287, 3.081072444952727, 19.91953315571864;
  -6.087020109872764, -7.164389274152537, 29.55872672135178;
  -5.29679579190931, 2.686407099464433, 25.83686275460369;
  -3.505299220110903, 3.10340519154283, 17.30778462486014;
  -3.196204862060992, 3.083775902112988, 15.92905828267205;
  -3.212795647045039, 3.162740410501592, 17.04850814000849;
  -4.409742498333228, 3.284829038957674, 23.52599542455483;
  -5.349411193146512, -0.9820480292372495, 28.57560170550964;
  -3.392215735111094, 3.139329228021516, 18.51054986870888;
  -3.57191384496907, 3.137577140176734, 19.74468934988186;
  -3.168242866128665, 3.054050733060108, 18.04239072677276;
  -4.124123233964376, 3.10790857514822, 23.78325491579857;
  -4.647981320176077, -2.470618224157446, 27.86292948412942;
  -3.145109819326163, 3.11934065159713, 19.00215879172423;
  -3.293121980925269, 3.224337526244284, 20.19003655877978;
  -3.779671907776625, -2.448283825422755, 24.09491486240591;
  -3.74768143436834, -2.392473620718216, 24.55993103385762;
  -1.823446613581804, 3.19536123091241, 13.10256962137885;
  -2.787592544296235, -1.06567546198444, 19.98025306118243;
  -3.170645834640574, 2.882881783320027, 22.9566013222286;
  -4.274007276419079, 2.235728186807303, 30.90986293156607;
  -3.992800250641021, 2.236209469023338, 30.08685867973204;
  -2.223834586072029, 3.194650308737871, 16.98502374844133;
  -2.734491847406783, 3.064000386778412, 21.3792899359216;
  -1.797553129789571, 3.109632996354837, 14.1737339750044;
  -5.059581867325036, 1.073527790101747, 39.48025078183003;
  -4.468607531038644, 1.864208942232685, 34.98003373496999;
  -2.879260498729865, 3.051809714422232, 22.72473855628796;
  -3.731730794127296, -0.8451345150121559, 29.52169852250427;
