m=[-9.41514415443017, 1.661509610818773, 12.36237469104579;
  -8.875666197134471, -0.3327493466791429, 13.74260729277132;
  -8.763427058060337, -0.1787147398370921, 13.76095610132613;
  -8.674361624564277, -0.1972537702438089, 14.02053728539534;
  -8.486563801870663, -0.07978635616392299, 13.81931005249343;
  -4.591422348191381, 1.596781696736085, 7.90859419543834;
  -7.750634302742608, 1.494307011814461, 13.30065645871392;
  -3.851179266214902, 1.557178379361343, 7.086073561795296;
  -3.797196998272046, 1.559221548643909, 7.105650041957182;
  -4.394333311081372, 1.607033785342125, 8.15124579867085;
  -7.615128341516454, -1.665754954172273, 13.62698544982945;
  -7.625550440290563, -0.01853864101446547, 13.69717473806357;
  -7.252500677331984, 0.8797039649445878, 14.92461569937725;
  -6.10077551249285, 1.565670030403951, 12.9030439953984;
  -6.801000077776032, 0.5416370818066312, 14.43695088991845;
  -3.987493289346108, 1.603640930432205, 8.943748789147092;
  -3.828959063622395, 1.621555343767779, 8.652713698472674;
  -5.13830658485302, -0.9960337349200038, 11.52045819829616;
  -4.863417086828334, -0.9952385970254873, 11.10691039475848;
  -4.952085370429371, -1.075814035824305, 11.35846142023608;
  -5.175902409834408, -0.9666787311848796, 11.84617514976601;
  -4.806766695654909, -1.000935805623622, 11.22097989507245;
  -4.912242821572943, -1.419944172491334, 11.49712761761365;
  -5.099640764347558, 1.270125705600561, 12.18025165238261;
  -5.060249315080424, -1.104181479583679, 12.48030094042555;
  -4.771696900152748, -1.084531481412525, 11.88437666714197;
  -3.443970219994406, 1.634535456174869, 8.88272842961768;
  -6.027159249829748, 1.170937102006133, 15.18672939246748;
  -5.414024999225408, 1.476073377207898, 13.87063109446491;
  -4.818067513120743, 1.489915086006607, 12.44510482331842;
  -5.651549754554492, 1.379276212457244, 14.50045310092165;
  -4.307398490045421, -1.653620804345243, 11.2468334534807;
  -6.036475866707086, 1.028253330522114, 15.53890394440807;
  -4.772734949388751, 1.483571907479428, 12.6405492751473;
  -4.303994593236659, -2.213674746355916, 11.75040061209058;
  -3.755451696820782, 1.565068421136218, 10.59704684351496;
  -4.538890564145196, 1.051235376709281, 12.89437306349834;
  -2.611121883441796, 1.565474266240781, 7.835249332095816;
  -5.184645401987777, 1.290827540517879, 15.31966740226039;
  -4.850586285307536, 1.310521436239493, 14.49878994231569;
  -5.180112817018674, 1.361048741044566, 15.79785745993604;
  -3.603313489340753, 1.548137778484737, 11.21123462123047;
  -5.035861721404374, 0.9531461299170768, 15.55368125382521;
  -5.166412103301126, 1.298905652584892, 16.0298979375364;
  -5.044539871888937, 1.241074345416459, 15.83889096454949;
  -4.824017531017491, 1.373914664201569, 15.16059626893279;
  -3.744109658978462, 0.01753128857368388, 12.03327152467841;
  -4.962047327403776, 1.14339926547866, 15.89397588496471;
  -4.879437587614314, 1.204121822791943, 15.70921339985158;
  -4.809752508881915, 1.338227594756333, 15.5323343988922;
  -4.914929854292035, 1.050409371187118, 16.12094287530045;
  -2.632914191628586, 1.551725426632004, 10.12813471680422;
  -2.929472369729917, -2.336566743982598, 11.95068546633948;
  -2.191660507060186, 1.560108205527057, 9.263176855064421;
  -2.581206608247379, 1.521601541034743, 11.43015313369035;
  -2.115038476912889, 1.597728143318812, 9.527275459637634;
  -2.181982758339975, 1.522135421221407, 9.927174480914429;
  -2.313580215624361, 1.538710261049313, 10.81094328674904;
  -1.959331674286176, 1.553704593020758, 9.287066340380944;
  -2.0105864536246, 1.520313500031722, 9.829024053159897;
  -1.761300823395404, 1.55936191918618, 8.696608590792998;
  -1.617938476862828, 1.561026248747309, 8.06338686285179;
  -2.615423084445224, 1.32647952048462, 12.75758589395709;
  -2.11336017266083, 1.511077708065948, 10.60864641363681;
  -1.727295076212682, 1.540529248875569, 9.361470625007383;
  -1.675336963427484, 1.553797337956862, 10.2314868314528;
  -2.063295035875485, -1.336500094893304, 13.1532364285791;
  -1.646899368196059, -0.3107522355415989, 11.75491713610649;
  -1.558849950781554, -0.595936498991804, 11.1731596372491;
  -2.057355543695214, 0.3133488523389215, 14.92678904477343;
  -2.186047856663218, 1.143519066478169, 15.80962203412926;
  -1.834611148745109, 1.027493128949026, 13.82430447295561;
  -1.066724413859392, 1.532403308869013, 8.14734136069286;
  -2.431202236860516, 1.014246366200354, 19.03132814220285;
  -1.627733790149686, -0.3686369899650718, 12.87699163704816;
  -1.140379971856945, 1.552284259407608, 9.226960166276793;
  -1.36414193857815, -0.7170972416516672, 11.06060698783385;
  -1.686281545541645, 1.358219540281005, 13.7327329769171;
  -1.390519976176271, -0.1695951647700161, 11.40956713691079;
  -1.74201452307812, -3.049642662863133, 14.3741620167937;
  -1.456971792645055, -0.8935779630018855, 12.00448185052173;
  -1.298211234035662, -0.1510193482804671, 10.71277517445402;
  -1.914577020033256, -0.588203657633706, 15.84889831912428;
  -2.663317496657895, 1.3221760581045, 22.03395936197245;
  -2.08646369870967, 0.9095790591525292, 17.46100888863052;
  -1.350277633608154, -0.6238628411206687, 11.34410842320177;
  -1.513535770757879, 0.781505997793813, 12.59413351915193;
  -1.281119481604865, 1.488516962601287, 10.81517863434382;
  -1.763086236247861, -2.954828417033462, 15.14220064319905;
  -1.752429066554353, -2.601242705011071, 14.73059023070656;
  -1.68879322045264, -0.6283946261649067, 14.37676086623738;
  -2.217199741119501, 1.072195393769867, 18.85166871499534;
  -1.987806871782005, 0.6709398024739183, 16.89701835258268;
  -1.833911164152613, -0.4320681271912062, 15.8438302285935;
  -1.522553608458868, -1.096602714194193, 13.10935624406352;
  -1.318676581781872, -0.6565117313741489, 11.50426768157718;
  -1.457399174967104, -0.431764961106254, 12.98799116732397;
  -2.091382612152384, 0.9836550604204564, 18.75207786263141;
  -1.436154188842885, -1.027431628129422, 12.92226184238699;
  -1.239574162227016, 1.466665066788983, 11.234888796573;
  -1.46058092400174, 0.9553792116839304, 13.34845279100675;
  -1.67820749324668, -0.6865421880154623, 15.37364982144656;
  -2.091807191827056, -0.4448353037489506, 19.63360255529262;
  -1.743941427575186, -0.4464237380768217, 16.4634092105017;
  -1.14917338206777, 1.464225828799358, 11.28301258660019;
  -1.77812794832088, -0.6218852422011642, 17.6960531597326;
  -2.001466262931129, 1.154469335352384, 20.68775330919517;
  -1.23340616334484, 0.9179988366898367, 12.90892267216542;
  -1.349102319912665, -0.7437097629209395, 14.03856943183622;
  -0.9783159131160253, -0.4308874038541881, 10.56826564196965;
  -1.85125051290931, 1.197583449287932, 20.14995569777846;
  -0.9773807079534151, 1.52769600994437, 10.55374905994415;
  -0.9596031443515541, 1.534170811766161, 10.80359445015445;
  -1.869232553925693, -0.2532751493369849, 21.22933453032438;
  -1.013353076753939, -0.5121448619629102, 11.66008455256825;
  -0.9816745190701658, -0.6064797245408987, 11.4058719765704;
  -1.71179471255298, 1.093348185162455, 20.28482564369175;
  -1.058249864148954, -0.4260256830744227, 12.35372920672934;
  -0.9088727281082391, -0.7009642145045035, 10.88831312525121;
  -1.241988561284634, -0.3860225743900003, 15.04032564323582;
  -1.325929170016385, -1.934438114930797, 16.08109212082024;
  -0.9185953307024545, -0.9718934121778192, 11.11881530682055;
  -1.094805847872685, -0.1678778098284258, 13.3709148606859;
  -1.002991087417213, 1.243952781868203, 12.47851956020713;
  -0.8664547779795724, -0.07520248133285797, 11.03309807027838;
  -0.8634581570792915, -0.8999748657532956, 11.07347786202836;
  -0.9663759599424259, -0.4989514536865006, 12.5020149576659;
  -1.387771923976118, -0.621309213327258, 18.90981578952964;
  -1.434010432769973, 1.062217584510855, 20.3218373478165;
  -1.154199197890274, 1.308779772021401, 16.45908504035822;
  -0.7633966422052566, -0.8985078737614017, 10.93377640215949;
  -0.9322728744378048, -0.09627073537306356, 13.65469097721555;
