m=[-8.371163360168474, -0.2123855628118205, 13.83772482941337;
  -11.88762443035283, -1.187757778904647, 19.57835764874259;
  -12.2094839873601, -1.318484506073793, 20.12310508953847;
  -8.311395774147671, -0.231684009551038, 14.17789611793266;
  -8.038934964548865, -0.1101804259472735, 13.81572041579904;
  -4.21513696692536, 1.58739448670283, 7.665365571107776;
  -7.306695000998853, 1.484235526396644, 13.25709823564614;
  -4.00476380233313, 1.618503211986382, 8.081927592578863;
  -6.066939692280005, 1.51843718760628, 13.08563205529819;
  -6.858669117162422, 0.8731055995319235, 15.13049196574236;
  -5.568583673965189, 1.536769653029251, 12.59594584267708;
  -6.291277526304034, 0.5181906119449575, 14.33816763190088;
  -3.715247563213659, 1.627858274581141, 8.812756491171596;
  -3.504602107049151, 1.617679241363369, 8.360140192102206;
  -4.697373150736395, -0.9504694563259295, 11.25035966654556;
  -4.728727015720033, -1.031780085096659, 11.33575260676895;
  -4.603122925039385, -1.083417524560355, 11.05681814056784;
  -4.54538771357652, -1.046153906348059, 11.09059528058185;
  -3.28505339089491, 1.602402349017794, 8.243480376531638;
  -5.393292606627564, 1.298047839156272, 13.26024047352669;
  -4.456532252344997, -1.090007963645128, 11.36187044476032;
  -4.903943146477608, 1.253896725446178, 12.58968521448855;
  -4.793166724226405, 1.284214362619975, 12.33325914247797;
  -4.294516478546037, -1.107630092296864, 11.56021488385349;
  -3.10791475941022, 1.63356790811844, 8.585153811347622;
  -4.437123134083437, -0.9928794023768707, 12.06668943572671;
  -5.345081653346242, 1.413807419292402, 14.56391817722405;
  -4.817197623096857, 1.437339405290738, 13.45181026001616;
  -4.369621805351836, 1.481914120357705, 12.26977453302519;
  -3.882307820750008, -1.689820372072395, 10.97766212249174;
  -4.35196431816302, 1.489260798827916, 12.56441781126721;
  -3.335533754557287, 1.551145371278132, 10.26318487215595;
  -4.342697347740923, 1.157122915731701, 13.87759340488316;
  -4.755973071085272, 1.463869480662252, 15.7980230290157;
  -4.488134818035487, 1.319817988060184, 15.2869941308447;
  -4.360546896440954, 1.191271616847786, 15.33677438617224;
  -4.354010920444075, 1.410307979725181, 15.33248115816694;
  -1.878613994731946, 1.592392236596008, 9.13660023499175;
  -2.115191772344013, 1.562922075487255, 10.25381532321157;
  -2.124096270473887, 1.504424018647023, 11.04709755858691;
  -1.666387509011261, 1.523307792214623, 8.786643834613978;
  -2.416999675270561, 1.357203642281661, 12.83931054294137;
  -1.847402678832321, 1.562136134746283, 9.882096812664713;
  -1.772456373763391, 1.437111204415481, 9.871550134466713;
  -1.453487310809341, 1.597033090116042, 8.536387940179067;
  -2.162146277557574, 1.336242175141561, 12.68647027200959;
  -1.358388732633403, 1.557170888169971, 8.833931825807451;
  -1.326616385810614, 1.560003468500192, 8.854594702312742;
  -1.264437509002574, 1.565388725322598, 8.891597693762771;
  -1.388022044393109, 1.505848393558417, 10.62887939935955;
  -1.123564010213414, 1.545957185425298, 9.964129408252362;
  -1.067133282517849, -0.2782815743181396, 10.17112230309228;
  -1.074511100461256, -0.6999650207905603, 10.19193809188163;
  -0.9258238284695683, 1.571846618232526, 8.947064466830952;
  -1.583747344665361, 1.132908342258797, 15.64442689669436;
  -1.382226078773269, 1.074581361414736, 14.43083332698005;
  -0.999117057698961, 1.526135794320125, 10.56459095171256;
  -0.7474492665476058, 1.547790074696317, 7.850717612839543;
  -0.8505867364709465, 1.573983852499121, 8.983597495066201;
  -0.9144792147367825, -1.288114386156362, 9.639002139040766;
  -0.9450803669771299, 1.518666549423536, 10.28673720419505;
  -1.625432689042491, 0.943012511254863, 17.96201794215165;
  -0.9737061470540021, 1.488627947313751, 10.79641023459142;
  -1.288321199150372, -2.398881687969314, 14.5659899464319;
  -0.797981415375643, 1.552806381561202, 9.076928584573643;
  -0.7848478990031454, 1.572580976575755, 8.983707703686111;
  -1.260081928847968, -2.757421882946821, 14.54937321592339;
  -0.9411415205342035, -0.7541720988307828, 10.89163730362209;
  -0.8447571370734962, 1.516794565423613, 9.828991051876461;
  -1.433863489805635, -0.2959973381899858, 16.94341089868962;
  -1.567253920015287, 1.097244759971851, 18.73400062128891;
  -0.8802658031533136, -0.4107125542544985, 10.446104269847;
  -1.481064969756589, 0.923369188815978, 17.97265473102318;
  -1.158109246111201, -2.879464267818388, 14.21974464537026;
  -1.44611444339004, 0.6996443207823794, 18.03119004486558;
  -0.9306917710401805, -0.5418579494529043, 11.52513737645802;
  -1.051058626417549, -0.392266221103322, 13.28503871888399;
  -0.9129610339237315, -0.7267128388858144, 11.73277060515655;
  -1.332559178738081, 0.924790671019486, 17.95265202056362;
  -0.9166567855978426, -0.445714777583856, 12.18377730483956;
  -0.9416671015117057, -2.157393304426456, 12.68978538943618;
  -0.9437324429270975, -1.078799059299856, 12.7402852155387;
  -0.8127775107782809, 1.482950653429485, 11.0770801740608;
  -0.9230261227243936, 0.926790639377497, 12.84028006729812;
  -0.8465210034403935, -0.5707134446085191, 11.74289072803653;
  -0.8045051043338458, -0.3513972464493799, 11.69718908702799;
  -0.9840712564421879, 0.9716067350547629, 15.55290335119723;
  -0.8567005236602234, -0.226767220719676, 13.27393184302859;
  -0.7275387610019362, 1.513067612417571, 11.34887022588002;
  -0.7606515099491306, 0.9428694914354447, 13.14780042036805;
  -0.6924721497609403, -0.2563188941684048, 12.07542609458522;
  -0.639790351896092, -0.6244166654039625, 10.90503711302986;
  -0.6616221490877907, 1.486120114788602, 11.68407239383496;
  -1.048959775701254, 1.142277663997921, 19.30485304094361;
  -0.5959340272024549, 1.499915731249126, 11.13243323595962;
  -0.8715949749963623, 0.9903454978647289, 18.72431122506335;
  -0.5482302207261504, -0.6593368293893821, 11.37256694735564;
  -0.5487467791932901, -0.5364452082695779, 11.20054632803715;
  -0.5536932734586569, -0.3532141503430953, 12.36249604924548;
  -0.4735029696938267, -0.7252006164846796, 10.45739619711872;
  -0.5294253505005266, -0.1805372375659118, 12.07282406909787;
  -0.4594783477769594, -0.9686357764294904, 10.36300904302249;
  -0.5042915733069573, -0.5921734634827514, 11.74544576138482;
  -0.4550908520067222, -0.1029640754910636, 11.39467328395819;
  -0.4247774245938987, -0.7439602857696682, 10.44613831060032;
  -0.5239400112706543, -2.028784609813418, 12.90641418495066;
  -0.6364394945779754, 1.018028632917355, 19.78994316734557;
  -0.5730776954166523, 1.087275264646463, 18.67567873844705;
  -0.4857824296843177, 1.199984978910338, 15.0121555105961;
  -0.3460113619004632, -0.1103371752501728, 11.63029132436678;
  -0.3183169932026788, -1.734536136714616, 10.49023833840798;
  -0.4916911626434473, 1.206536929096282, 20.20208753004918;
  -0.4281849651965953, 0.7328115564172949, 19.11636458120916;
  -0.2713401639730825, -1.00384450984689, 10.43122633977607;
  -0.3020658060395748, -0.7169891616981168, 12.42179445897097;
  -0.226899149757082, -0.1704789019616812, 12.79852928306488;
  -0.2337164665214176, 1.10719468620751, 17.39629831676614;
  -0.2239737437595495, 0.9230834244956796, 18.83665390068152;
  -0.2109689403753075, 0.4526397907654376, 20.03512925365497;
  -0.1581516296843923, 1.582059800224605, 9.250346642088186;
  -0.1105261615875417, 1.20891730479571, 14.04410468009025;
  0.008541757298221226, -0.02076960354803197, 20.03636147705402;
  0.009790556930478226, -0.1230113440110921, 17.42115192789067;
  -0.05249968029880826, 1.568165905911006, 9.247262093492065;
  -0.01632196820203877, 1.095093280192297, 14.31497868835772;
  0.05726416352122871, 1.022724308365159, 20.96364097594346;
  -0.0003383632088450555, 1.585902402757336, 9.35481897711596;
  0.03149447533445834, -1.730236707250328, 12.2468848204653;
  0.01159230907879367, 1.55790551998243, 9.491877610731089;
  0.1219165377241506, 0.4881790555372025, 15.06447871067748;
  0.1170889980996109, 1.229672579822995, 13.76332051070124;
