m=[-2.567852807660075, -0.7288494633919064, 3.233195610600361;
  -17.88869233978581, 3.305027983923056, 25.14530565235935;
  -29.31569075997988, -10.98033177940313, 45.42605641106201;
  -26.47527728910472, -9.738376386674974, 41.65815384685192;
  -15.07130758484363, -0.5189738766343346, 26.59020879629463;
  -15.53214535122557, -0.6072225799850084, 27.58151611021831;
  -22.24233534350234, -2.557793245591179, 39.42824965096931;
  -21.71865331627436, -2.68318847117639, 38.59036139356319;
  -7.737445111397014, 3.076471771320156, 14.34942454409232;
  -15.36784689704808, -0.5786414908508242, 28.02553023820948;
  -23.26644944714813, -7.544653396447318, 42.25069953894172;
  -14.76074000623934, -0.324471298514345, 27.11324710450504;
  -21.17280917874821, -6.604899654619059, 38.75201879521242;
  -7.501955469122023, 3.087388140076345, 14.33817583459777;
  -22.95422617943671, -8.074077993806125, 42.66795730833087;
  -6.336794030503904, 2.979212812298517, 12.47331789363005;
  -13.50998637190361, 2.885476259039006, 26.2453488653943;
  -6.300681092242866, 3.016923897397809, 12.64732385198184;
  -6.379521163770358, 3.0220295052775, 12.83112286236183;
  -7.425503645863809, 3.139807733743707, 15.02624209085937;
  -6.552758881762789, 3.072269743620495, 13.58632259416235;
  -12.98580820120049, -3.506313930557618, 26.46324312293733;
  -6.253544550817336, 2.997164591649422, 13.16119898257784;
  -11.96467836082159, 2.606939265128588, 24.73668800280512;
  -13.93362808534438, -4.864060635785348, 28.777173175669;
  -7.110367259753794, 3.115111378569013, 15.16039629813614;
  -13.51222899548881, -4.428405279039797, 28.38866529500741;
  -14.03531883971277, -4.786179691611887, 29.69352675572915;
  -11.3343941449875, 2.500477139835833, 24.71289547186894;
  -5.610575407626484, 2.986324751678794, 12.6595680431339;
  -12.74908482226794, 1.92522713898168, 27.96023253504372;
  -5.665800325533184, 3.029192603696535, 13.04422822009835;
  -10.96546282170344, 2.597246729257161, 24.7315211263435;
  -5.533404033818789, 3.002877844656748, 13.00249280704921;
  -12.85094622678, 2.804478280110949, 29.30864883326671;
  -10.78606664137238, 2.89135573317405, 25.23180587787783;
  -12.26195613468231, 1.621019542867757, 29.52346923122563;
  -9.64491432488871, 2.868811030915171, 23.74219671210619;
  -11.04018569305451, 0.8971984211612774, 27.49986380473074;
  -6.548832023936987, 3.150196113580746, 16.70510926758308;
  -4.630824888597044, 2.993494329326405, 12.37563109953616;
  -8.322159802596621, -2.11929823359891, 21.73465760369457;
  -8.147720239160819, -2.229034602058369, 21.29896191078504;
  -7.981186496730298, -2.153775033039488, 21.24331160114614;
  -5.777683306251119, 3.119107589284325, 15.61966754288902;
  -8.178365561610091, -2.327564991231325, 21.91611211597677;
  -7.974843917759171, -2.07545503090183, 21.44673322308832;
  -8.639698764456432, -2.129799356040676, 23.17455779832187;
  -8.912572093802051, 2.309813526238079, 24.10255247149829;
  -8.090525700127525, -2.210365585761068, 22.11230064975893;
  -6.327116713408334, 3.153465909175547, 17.443127548373;
  -7.897105836321128, -2.954451894250164, 21.69111215155537;
  -8.677887990283361, -2.98746172229632, 24.40144281700973;
  -8.519433857142218, 2.346514081597275, 24.0763687983469;
  -8.501347898350833, 2.451130471701461, 24.04349338308176;
  -8.428448712972719, 2.356013474384341, 24.63642193297113;
  -7.464187330454991, -2.270729696485901, 22.18451302431176;
  -5.237784271650233, 3.090407896464268, 15.82956860863293;
  -9.24589498524718, 2.105899259215005, 28.38530023284163;
  -8.02482757403218, 2.64103818723065, 25.00676565746765;
  -7.53917364795553, 2.834971739639205, 23.54071618737014;
  -6.681251954408178, -3.408558501515421, 20.95392052391853;
  -9.433192038031805, 2.754650239552583, 29.52825132351773;
  -7.41298594991649, 2.824471558338514, 23.91394169731726;
  -4.745933167809098, 3.146413001688626, 16.31219691187116;
  -5.471652380382245, 2.883804178903674, 18.84865755346357;
  -5.580498646657865, 2.973259310618101, 19.60652657174852;
  -7.103904542652028, 2.111239799242047, 25.81173695882879;
  -7.175400034118288, 1.918538969394705, 26.65167236744446;
  -8.308058081959681, 2.822557160473439, 31.57745165285098;
  -4.08726060284216, 2.961938198256444, 15.8779758392647;
  -4.51813887340649, 2.531683956107788, 17.76469511052153;
  -7.329395523730184, 2.432672490358895, 28.75412968099716;
  -7.029657528465228, 1.622335681593047, 27.97451940601262;
  -7.181227747498728, 2.212912569249533, 29.23287392144717;
  -7.006215726499192, 2.57896288244963, 28.57544379301306;
  -4.9391683748564, -0.08726561033370157, 20.35956197565103;
  -7.531246525402432, 2.469529618189849, 30.8747550353119;
  -7.70352750777485, 2.041814419073825, 32.03996107001166;
  -7.536167063509587, 2.185557213766639, 31.51975845778642;
  -3.66323643381955, 2.970364291257733, 15.67687853844421;
  -7.370134003173569, 2.302374253663627, 31.01105722689637;
  -6.984995684183204, 2.486725070722399, 29.49622245670794;
  -4.861942451205848, -0.3989979050669148, 20.73401702399591;
  -4.00662673204223, -0.3696858020343737, 17.38136419803422;
  -7.340023691557263, 1.977164083219108, 31.71716235104499;
  -3.762822080228689, 2.957359831165636, 16.65637631029281;
  -3.140224580766003, 2.984250046261955, 14.09595425278805;
  -3.704539356101281, 2.955941233594877, 16.87479172638004;
  -2.404955271304807, 2.944103073925725, 12.40891774354358;
  -3.013145149482021, 3.067280245057499, 15.67828750972212;
  -3.498433393893481, 2.930170615509746, 18.23066146045481;
  -3.228041895314685, 2.967265605346424, 17.35625699146928;
  -2.812082411268294, 3.063657040119589, 15.97978548479364;
  -3.906665148175908, -4.842949841303246, 22.47993608635277;
  -3.842584525530246, 2.84755101756762, 22.44528218907582;
  -2.877213241057636, 3.073206370305682, 17.10665952830917;
  -2.527499616069272, 3.073950266262188, 15.81769708110485;
  -3.08580464376276, 2.774707767562992, 20.11240271495525;
  -2.381845835221649, 2.810821553287946, 15.72093667510222;
  -2.379556213764624, 3.043964076907034, 15.66102900125146;
  -3.638918165983292, 2.57675111057061, 24.4121328229358;
  -2.831677725375764, 3.085447214503255, 19.02937847990604;
  -2.658728773973227, 2.7948793610151, 18.78260133734878;
  -1.907188533987373, 2.961228701937206, 13.48592050191571;
  -2.503664553241623, 2.802567520875867, 17.85093398094246;
  -2.327856800730624, 2.9628185024652, 16.57458635764227;
  -2.061617222891437, 3.031539053983026, 15.6352008238896;
  -1.759882633658612, 2.850735028486017, 13.44815190577893;
  -3.097598694116245, 2.498940406558883, 23.70918802751607;
  -1.8891179443402, 3.030058981139533, 15.71122815681864;
  -1.881145390953906, 2.997426349273112, 16.43121423850665;
  -1.404907946685924, 3.000651959879241, 12.47065319206361;
  -1.919244376796292, 3.030674585872152, 17.91008611715664;
  -1.986301680641666, 2.944627894722306, 18.72299495493392;
  -1.594294068825783, 2.999517044681075, 16.20791393433337;
  -2.036628241580551, 2.825089473641168, 20.81219967056055;
  -2.581455402252959, 0.2213648893118134, 27.26652545250152;
  -2.75885379326117, -3.073878447699881, 29.65609320984247;
  -1.508026032207899, 3.04173141641339, 16.47840547881106;
  -1.64915394901912, 3.001096311947996, 18.67864013768934;
  -1.347736546034888, 3.02402284090244, 16.42328600966496;
  -2.083890060640398, -3.007401500119782, 26.24951772726718;
  -1.289432323597948, 2.927523497785176, 16.71280845472058;
  -1.49680761288713, 2.867062350947741, 19.80976430803214;
  -2.235636085702223, -3.239517488717864, 29.52859174535717;
  -1.622878131151101, 3.009583819221068, 21.55743132469761;
  -1.359944685812802, 3.032617193040256, 19.0184933981776;
  -1.204332020567366, 3.02321221488118, 17.25232044900923;
  -3.049029365249852, -1.622156673649166, 48.9185482034103;
  -1.262673204361713, -1.496199130817635, 19.98381147140252;
  -1.029694847929902, 3.03864458855583, 16.68731817517676;
  -1.784411433699581, 2.145136666256872, 30.22249274994583;
