m=[-8.636604509113182, 1.641685151235541, 12.4746839272974;
  -7.992344231243289, -0.4279949605161672, 13.88319772254411;
  -7.817721596940096, -0.2691998196421959, 13.79275476953222;
  -11.46935027809471, -1.318936443479168, 20.3313365757359;
  -11.46360191474321, -1.416248238225068, 20.36887528520902;
  -3.921977124203889, 1.614067919858625, 7.495911946900255;
  -7.722335447521156, -0.2907670623047482, 14.08281505170855;
  -6.918531698178252, 1.477666846801509, 13.44037462780889;
  -3.413211009337671, 1.600288535225262, 7.076864369887064;
  -3.722514315281199, 1.630864662371889, 7.936972899357948;
  -6.634988003983142, -0.09436328232916849, 13.5892414704505;
  -6.184267762406371, 1.34746710021706, 12.78582654301686;
  -5.983808275435196, 1.245485115475753, 12.81496258223709;
  -2.985956256989049, 1.596426998648497, 6.874491269286021;
  -6.485577324208538, 0.9793808458095494, 14.2236288044885;
  -2.922880056758316, 1.586193907292048, 6.868236384256809;
  -5.732129169969455, 1.357694971972919, 12.92825263931787;
  -5.559828182722803, 1.49038955775753, 13.00608554398536;
  -6.279945537970161, 0.8302031367084602, 15.12040793716624;
  -5.149123923082232, 1.531570215400328, 12.67523058876326;
  -5.690792410422805, 0.4624713847883929, 14.17512536279854;
  -4.471468167056705, -1.089268826937144, 11.80817377700855;
  -4.62683937492049, 1.199107963385149, 12.51250903078443;
  -4.374368689524562, 1.158091736068416, 12.15235493968657;
  -4.362791174676693, 1.201646858008617, 12.3294776475821;
  -4.475192173815884, 1.29029890731656, 12.65672863947075;
  -4.546444552572179, 1.270872611458698, 13.28929321473216;
  -2.788359280765513, 1.645193290242597, 8.426945870851919;
  -3.896564492193811, -1.185399604133146, 11.5810847048871;
  -4.827769633170061, 1.377264515078738, 14.33973605649408;
  -3.468109197294163, -1.769317063521512, 10.87677653593441;
  -4.250122374228446, 1.39875098713189, 13.24412434378177;
  -4.746013987996125, 1.385915659963728, 14.85621126522938;
  -3.861939319807425, 1.471463434912909, 12.45843339734;
  -2.960233318714661, 1.560174627621878, 10.19736273869572;
  -3.812368012839494, 1.133013968549086, 13.85207807155159;
  -3.864167389306009, 1.033190579674594, 14.35272218176779;
  -2.243239573586755, 1.6256210764312, 8.714419561680304;
  -3.731099179110985, 1.238375293356332, 14.63756585402809;
  -1.801414646976851, 1.627693834742267, 7.410348717882505;
  -3.893679872459345, 1.231993579196551, 15.6257810337184;
  -3.667079960801311, 1.349838982278519, 14.95649597371479;
  -2.005711784478196, 1.626347294476144, 8.583475458504836;
  -1.930032135003623, -2.392590218869991, 11.105891442922;
  -1.337857464769851, 1.627105018692682, 8.37263198019193;
  -1.398400303262519, 1.598224983348346, 8.87099003833389;
  -1.662354062894158, 1.494763040192941, 10.83475405202605;
  -1.35002537583568, 1.593167940498326, 8.910594938365851;
  -1.877696199736984, 1.078877029264719, 12.48771106360438;
  -1.465210181294405, 1.596519488084301, 9.846473291293426;
  -1.953040369231178, 1.382965681242742, 13.1022130005344;
  -1.76730872778165, 1.03662774050446, 12.21875727529871;
  -1.418749444331225, 1.491402048689346, 10.02276180681484;
  -1.365867730783231, 1.528933472796616, 9.738530929529871;
  -1.102841474714237, 1.621691439043871, 8.363894006418896;
  -0.9754643564773603, 1.580099920793359, 7.454015735872725;
  -1.007377935899638, 1.615788241925044, 8.378060585620069;
  -0.9951169825783444, 1.585624310876336, 8.692034338095306;
  -0.8364073345892428, 1.573623151119464, 8.503085069526781;
  -0.8331603877905406, 1.57164158824469, 8.654938220681535;
  -0.8627537421283684, 1.570021449580727, 9.771717604803058;
  -0.7004544559416122, 1.571664937046601, 8.535617662456387;
  -0.7816083757539036, 1.497132916759432, 10.34433388202992;
  -0.8125752784706045, 1.506898985846579, 10.79380849710036;
  -0.7790749646575117, -0.4144865469633187, 12.49945856442929;
  -0.8796364815882659, 1.057458181446431, 14.8983618269423;
  -0.8464296592591413, 0.2220281847562316, 14.31498325795157;
  -0.5239746346540825, -0.6208814681675506, 8.292731863283136;
  -0.9438339302911951, 0.9417412277680566, 16.88749567437093;
  -0.8055159194479185, 1.10464217368758, 14.97116854097121;
  -0.8151500099834691, 0.8489089329917151, 16.93858824808599;
  -0.4581801983226346, -0.7833464545716043, 8.989756152516465;
  -0.4904700083965728, 1.508937620131, 9.970789525045296;
  -0.8343712114032207, -0.4277680782343529, 19.69386976896946;
  -0.7421307251191209, 1.019901157363093, 18.01907433076939;
  -0.6986613516690494, 0.860091204455317, 17.52047688221149;
  -0.6522298983853472, 0.6292993540844787, 17.34970979153437;
  -0.4016684074885041, -0.8292587275409667, 9.615491440121845;
  -0.6524469481269685, 0.7671380963749869, 17.49165988298158;
  -0.3845671674786298, -0.6393928574057721, 9.766667149821346;
  -0.3968042218628686, 1.477386173583983, 10.19572612231608;
  -0.5527401869938158, 0.8665914557199456, 17.55765831960721;
  -0.3331234914047001, -0.4315368836402794, 10.42780525155301;
  -0.3244101788280473, 1.451358014651083, 10.61727568541715;
  -0.3336257699570353, 0.8195692610437129, 11.49882820037709;
  -0.2761790442711258, -0.5118917212444352, 9.637819698775306;
  -0.2596496259398576, -0.3524720626514989, 10.26182360914885;
  -0.2204246595969897, -0.5857603671673453, 9.910873156761397;
  -0.2254106500193798, 1.484740758534415, 10.92197930212979;
  -0.2959378118398243, 0.9926461693511154, 18.83746718733242;
  -0.18778218667617, -0.5112178645631224, 10.39474919844722;
  -0.1782749143182261, 0.8925409422072239, 12.54825883616369;
  -0.1980272673727088, 1.031939670465144, 18.21422325785003;
  -0.1459837500006701, 1.434469845816161, 11.04993100072389;
  -0.1227813712848955, -1.799962567735829, 14.17384660125297;
  -0.1045097113778536, 1.49969378451453, 9.770657531904446;
  -0.0996097149663234, 1.437592567586735, 10.46405053309821;
  -0.05951534788433362, 0.9414009899617853, 18.47733326774509;
  -0.0746525905314355, -0.2013735803469873, 11.02106567785522;
  -0.04735170899228473, -0.5427762823154472, 10.13992681839378;
  -0.03790127311215601, -0.6564484230752341, 10.30379305865555;
  -0.003058769351965742, -0.3728103881246536, 11.34300408410023;
  0.00714372964753173, -0.1878682375169207, 10.04260790018416;
  0.224918493805152, 0.9638171114785248, 19.56202593819995;
  0.05028218168998912, -0.1328499237489941, 10.40956059360729;
  0.06269527897901292, -0.4757085302058611, 9.899962553212387;
  0.05253932504171357, -0.8801920727979896, 9.309237900720902;
  0.1634150347676412, 1.099145640692295, 13.90418717510195;
  0.1148129481960219, 1.44897475372605, 10.71316179467425;
  0.1364799294971841, -0.1957210705036283, 10.87089382474813;
  0.3622015264203358, 1.079460084641164, 18.74492729571652;
  0.4395013954352896, 0.7216551613626415, 20.22320615162473;
  0.1587227220728481, -0.1416975064659433, 10.50563934595601;
  0.1360713887848099, -0.8958120815763311, 9.356849024283719;
  0.2075959173507086, 1.456448703829994, 11.1461073889059;
  0.5471345120016259, -0.1506358173463151, 16.18405803043549;
  0.4583320583926214, 1.236694876550406, 13.31733324061465;
  0.3839972322191748, -0.692965586015788, 10.61019868482816;
  0.9848663735718294, 0.9724300509502981, 20.95371940682648;
  0.9987210860913569, 1.08751070835736, 20.9450820311013;
  0.5913508306673425, 1.000886323633484, 13.26646467907357;
  0.5520415185575772, 1.066942075520465, 12.48703593475463;
  1.003743843937583, 0.775977024940813, 19.92152439969316;
  1.074962133860121, 0.9640824024799971, 20.83343008647803;
  0.8694239269811358, 0.4818029054766264, 16.13488962796395;
  0.5532493351545298, -1.541938371740174, 11.11854818680131;
  0.6816255037842818, 1.420229336335977, 12.34060208207353;
  0.7293768531660726, 1.337863589162884, 12.30883349688588;
  0.4647974286801948, 1.534384479298124, 8.779552789101308;
  0.7660205056945403, 1.464880449083446, 11.97404521087633;
  0.7337153156061684, -0.7637690428282551, 10.77994533634236;
