m=[-10.21628208865321, 1.674961911091044, 12.59096986194775;
  -8.505806188118315, 1.625273910530263, 12.7283780676327;
  -4.189383358716597, 1.60226497440727, 7.696683401515617;
  -4.196087409866976, 1.617807911003875, 7.812272126636858;
  -7.479693238516494, -0.3512337620570081, 13.92028183881813;
  -7.683972872801048, -0.4106764044596148, 14.32036310993761;
  -11.13368058541203, -4.590180988881882, 20.41140835094306;
  -7.484110686052527, -0.3497659374217115, 14.20581247730086;
  -3.706264621147047, 1.617520414057264, 7.431599247700363;
  -7.337864754313755, -0.3801043332079946, 14.08332577774637;
  -10.39958045048667, -1.444611482126583, 19.73667706169544;
  -7.371116264536299, -0.3739864637362862, 14.5622301707198;
  -7.129109799026708, -0.2388111845839432, 14.17906642463083;
  -3.779920220877613, 1.610730319395035, 7.930963690539525;
  -10.69683622158301, -3.905578695973948, 21.25234516173792;
  -10.77948898425644, -4.171117109020847, 21.81813289878015;
  -10.24167518834264, -3.491797545218923, 20.99926670374618;
  -10.20238936778628, -3.578842582646492, 21.02970415082432;
  -6.526984724649727, 1.471252190877694, 13.77377458812568;
  -9.418485005089377, -3.229491770962456, 19.65960549590317;
  -7.100833045329575, -3.530526187039948, 15.15932073752932;
  -3.335205607497028, 1.600769423742719, 7.60556903193667;
  -6.176241532897676, -1.912000344055764, 13.72552541613269;
  -6.322505762720342, -0.1531873686835956, 14.11649145653968;
  -5.939733842596482, 1.374918787386777, 13.38367626318383;
  -6.530884820955349, -2.872777951339275, 14.87192023944325;
  -6.578582751132577, -2.789177171233433, 15.04920949764003;
  -6.893113419573774, -2.857188560181145, 16.2205947338462;
  -6.099640923937668, 0.9608912039643405, 14.71512608672605;
  -5.361739063550564, 1.287255176917984, 13.20438637266557;
  -5.426904804265784, 1.393421752722279, 13.46498137222516;
  -3.061905094574566, 1.625414005825153, 7.978158354485238;
  -5.129204096034685, 1.489638369998869, 13.24443774448393;
  -5.963217093510307, 0.6065244294574682, 15.64108141048123;
  -5.987367089771641, 0.8908062074527603, 15.98913892601301;
  -6.048020039640977, 0.8282005860684281, 16.19724418002314;
  -4.889507580535073, 1.470441371963398, 13.21251191321701;
  -2.985759911504801, 1.6095659512935, 8.356471625549512;
  -2.871245443341567, 1.639055289169638, 8.045477150193642;
  -4.841020758584879, 1.573613296989175, 13.20008813896171;
  -3.98191244260689, -1.214181200695179, 11.56551855245844;
  -4.160848159686267, -1.181526608698077, 12.06240287519376;
  -4.654453631684584, 1.273554012781577, 13.55352783742369;
  -4.055960865731574, 1.24312072480214, 12.23154141331636;
  -4.306003481757044, 1.215321633765732, 13.04651730094501;
  -3.930730273272286, 1.18354530188978, 12.51441841109806;
  -4.128997971387761, 1.31317583019866, 13.16418552892886;
  -2.3908517810533, 1.623477022596115, 8.092597287150149;
  -4.262402546312402, 1.311367803222128, 14.11663664257566;
  -4.254493532337416, 1.470535755092773, 14.11050237088139;
  -3.438071322471648, -1.27331228638554, 11.57888711789954;
  -3.925282060178541, -1.599290744628364, 13.23936423007302;
  -4.510655579057192, 1.248059914203835, 15.35615003519054;
  -2.313097066200093, 1.629762723192723, 8.247710268075464;
  -4.523663180048109, 1.459650166889728, 15.72378814886494;
  -3.491920403769405, 1.491717646136005, 12.47793560731027;
  -4.085565499284753, 1.337606760250467, 14.73557208950889;
  -3.378651048098725, 1.468479201601299, 12.54404235832498;
  -2.058408462074821, 1.608974882351181, 8.116414575191357;
  -2.579272090457481, 1.586922205775366, 10.25269896475592;
  -2.462748506560984, 1.540186952549844, 10.04607807010497;
  -3.583176894413272, 1.233651851381165, 15.3802307148132;
  -1.587414647978883, 1.593516541799562, 8.148591260490358;
  -1.561695097697131, 1.61224868474479, 8.122931979808023;
  -1.450801998290746, 1.592879919043143, 8.000193073531049;
  -1.596471467750723, 1.555426042970595, 8.991643366105821;
  -1.295839600549988, 1.571629966793238, 8.053361368265648;
  -1.251647997281655, 1.573885754873409, 8.06826582279689;
  -0.9887382541383937, 1.572086802097037, 7.921749912301062;
  -1.178683945315678, 1.494837566869921, 9.420187935172935;
  -1.141281406748163, 1.453947754817861, 10.39233187802772;
  -0.8782031930532931, 1.562587543592666, 7.913936736182816;
  -1.257357477517233, 1.256081221496522, 11.96291902633131;
  -0.9523606199691387, 1.502066146711724, 9.062526590659946;
  -0.9214232220046457, 1.527904015914775, 8.769207700464248;
  -0.9440547183883474, 1.464087294511599, 9.639869732549535;
  -1.01323535342001, 1.24130610716717, 11.79670693104126;
  -0.6888209286694091, 1.57488973422194, 7.809613769872676;
  -0.635674613170938, 1.546827515201564, 7.990284209850955;
  -0.8147604299413934, 1.460294466160874, 10.87778525389342;
  -0.5660592575581881, 1.524411769529999, 8.250885572342824;
  -0.5359180744271397, 1.545145859074092, 8.175043627005612;
  -0.4571528302722882, 1.523891146940124, 8.063199721682482;
  -0.4214641513160162, 1.424563880138664, 9.65356858891961;
  -0.35958829259671, 1.526466729739601, 7.962758313121086;
  -0.2815224700796242, 1.521305609417555, 7.947139541075966;
  -0.2743802106273173, 1.411100765911824, 9.97114395797855;
  -0.1766734376892008, 1.014720557504302, 14.66435476679593;
  -0.1027721602031291, 1.103624962653323, 15.29297241650947;
  -0.1267409414953056, -0.7092018683735101, 8.591944490540714;
  -0.01552596290892216, 0.7636334327854831, 16.09122736827109;
  -0.0166837045627235, -0.7656855159566699, 9.774961920478233;
  0.08543575839173004, -0.4390013134938532, 16.60763327886845;
  0.09669318235337547, 0.879774399166428, 16.33476105813579;
  0.04937821823044686, 1.243956991607714, 12.43268417912272;
  0.01198319288894041, 1.431004654259466, 9.9643387649124;
  0.1254760941061358, 0.7665983935226419, 16.57850412458156;
  0.04242127788343029, -0.8106877897912393, 9.698663575948036;
  0.04177379205515501, 1.473749018587894, 8.990255752627915;
  0.2664005986827768, 0.7773375422586086, 16.6698341723956;
  0.1391774225242603, -0.7297095519219914, 9.775384223063476;
  0.2267320334096011, 0.8050690261923152, 11.41626626782624;
  0.1871695824915731, 1.41986242076902, 10.18106213651925;
  0.4726802400587618, 1.019993013860487, 17.15678909440523;
  0.4709245071736462, 0.7622542860523492, 17.16999966673632;
  0.5363253743863508, 0.837008816226284, 16.77635212084487;
  0.2391452911505091, -0.3936894844726631, 9.974468248314798;
  0.2973957131152425, 1.436472688639557, 10.3701981401014;
  0.2751846638067856, -0.2511402851794877, 9.944197410285069;
  0.6415899235856213, 0.9441193996842282, 17.41312396006378;
  0.2645791798620727, -0.6379882685335206, 9.665638926565617;
  0.4136466660011369, 0.8189159845703703, 11.76242897035926;
  0.3102115452482485, -0.5416755372497583, 9.880950111822179;
  0.3484073340538629, -0.2370313198834811, 9.990212830179033;
  0.3824640943910668, 1.380199495202358, 10.48603979189102;
  0.3790031354663844, -0.3139637161286435, 10.49863528466471;
  0.7662479945623197, 0.8257599676176393, 17.09437457235486;
  0.3636598323802031, -0.6871089953269736, 10.05623168817677;
  0.408160979011592, 1.405444475170451, 10.01577756761144;
  0.4026964314784637, 1.411107353680639, 9.907797302254396;
  0.3648497715677095, 1.460985699853855, 9.234849271748892;
  0.3874766698017736, -1.718834673022003, 9.774901119074384;
  0.44832257348116, -0.5870586585155193, 9.798554332565606;
  0.4473013420102537, -0.7018190487451835, 9.778992597245779;
  0.570183794416633, -0.4349818532575767, 11.48415550362743;
  0.510872962582694, -0.2306975019176156, 10.06978374675086;
  0.5686047132150914, -0.1774094439337826, 10.24416463351278;
  1.316739300188784, 0.6066520289526307, 18.67610636516613;
  0.7358122065044588, 1.406756328065405, 10.57153078627027;
  1.560204860957795, 0.2955512637059039, 18.85346708125569;
  1.453198691856213, 0.1030900165076244, 16.96291238202452;
  0.9584572201418536, 0.8921302481270923, 11.95705998792676;
