m=[-26.43341041550296, -10.16960701203228, 45.16744588624216;
  -26.68960459700003, -10.10764179598944, 45.65856598508723;
  -30.33144631865666, -12.54920378332035, 52.56213209764222;
  -25.37714589458765, -10.46246043649251, 46.52399389960739;
  -14.23835267854404, -0.6686089946880476, 26.49866456891419;
  -15.74796155574669, -0.8416630740817221, 29.34894896855912;
  -7.318451110428846, 3.149029206764016, 14.30158284300188;
  -7.628744054356403, 3.128365144447121, 14.88789525083817;
  -15.49876168264437, -0.7330480494358835, 29.50617559905926;
  -21.98734781280693, -3.054274666475154, 41.72833560840795;
  -6.153719250982631, 3.021307749651057, 12.34633272954602;
  -25.76036177952931, -3.477091277243778, 49.80767225370138;
  -26.62339368018573, -3.828503629219323, 51.58068059713916;
  -6.949573718669206, 3.096908293522541, 14.02032573057991;
  -6.933917444477143, 3.113271259745344, 13.98940096061269;
  -14.71517897205716, -0.7466003179848655, 29.07101387416694;
  -7.605169529160776, 3.128245169442069, 15.59088263932458;
  -22.69418157194365, -8.285993188444918, 45.08852617159385;
  -22.34282514434601, -7.864746801151782, 44.68396957545126;
  -23.5067430344677, -9.095920798437389, 47.57862309544988;
  -7.262642843551051, 3.094816383275147, 15.23835248464232;
  -21.72667442070879, -7.407494087915769, 44.54781296571813;
  -23.53607403373883, -9.427265814812508, 48.42783283308521;
  -22.39897483912204, -7.857218742796426, 46.16995070152883;
  -24.5003593981377, -9.549766847594578, 50.98469903056827;
  -13.10602612910009, 2.954238514350684, 27.65740342038226;
  -5.881631330360579, 3.024841603924491, 12.92618788679951;
  -6.6873261619817, 3.107633801384154, 14.60498417034455;
  -15.15049815885907, -7.026949796253624, 32.25123753341255;
  -6.475151443650723, 3.107821725233423, 14.76586966219708;
  -12.8467788737575, -0.3112633385539493, 28.68347630219057;
  -11.57410584421898, 2.679152971181516, 26.07929744999085;
  -13.70390145866599, -5.465243337872908, 30.98581586606226;
  -13.44389972604263, -5.232359781373951, 30.52431737869327;
  -5.437150015974678, 3.012616397882997, 12.82956479184955;
  -14.0413285572559, -6.176440129117851, 31.97446044206606;
  -13.63938354197041, -5.782804388743366, 31.20154417856005;
  -14.94255191571859, -5.565341095546321, 34.38244767931516;
  -15.61486287757146, -6.221846870396388, 35.925681367693;
  -13.81577772927163, -5.702424892086664, 31.97232274597669;
  -5.188411398165404, 3.063318663060083, 12.45164161939961;
  -13.47413699471696, -5.108330585595666, 31.64113713324706;
  -5.088305385322795, 3.026836430612927, 12.51722985564265;
  -11.50835897966167, 2.69398346316178, 27.46734038142391;
  -17.3580946691568, -7.031104529097352, 41.43598382773846;
  -12.13340271847659, 1.911404309159677, 29.27132155644121;
  -4.971657302734339, 3.009561240886277, 12.50819419683769;
  -10.47274353558361, 2.514313578659516, 25.79128718996408;
  -10.59173374645321, 2.719552439863975, 26.27971242161047;
  -5.196089059594308, 3.063137345144084, 13.37817568965881;
  -11.34561839703057, 2.647755841025607, 28.61399768617847;
  -5.925465258823113, 3.145536496146583, 15.43950537286661;
  -10.06243890717224, 2.922362770372375, 25.98285097813631;
  -4.773322067934683, 2.979795467265005, 12.69678056023877;
  -12.10526761732853, 1.231238175618411, 31.75122980250936;
  -11.82676597672852, 1.759597564037566, 31.58313185279717;
  -11.97085056885882, 1.639258036826046, 32.05921746877765;
  -9.637013364759344, 2.898177969928741, 26.0413041175366;
  -5.616368791355639, 3.105453475785435, 15.57026503502458;
  -9.568460868722918, 3.110306277460466, 26.09047412105496;
  -5.551932819909431, 3.169330185508812, 15.55699417671753;
  -10.66948208697384, 0.8514102144069375, 29.61773984689594;
  -9.625508772509635, 2.439368991689002, 27.79287609791391;
  -9.465094013481123, -2.687735769622522, 27.43954426128412;
  -7.424098791300504, -2.398268832819176, 22.00867595583701;
  -7.303047923647147, -2.169385702892314, 21.91195026738285;
  -5.364737551630753, 3.027214645613777, 16.42918482166401;
  -7.195642120965544, -2.394117834731663, 21.80979754635844;
  -8.233045777797745, 2.323685683936883, 24.94484146020277;
  -7.879487861107081, -2.586474332931326, 24.10494291669417;
  -7.50285918767321, -3.336199287512929, 23.05970467248457;
  -7.349527412770532, -2.531778446815373, 23.05301583759006;
  -7.561872946509707, 2.276884593223024, 24.07502816147317;
  -8.245797867770518, -3.396788322373975, 26.13824319874524;
  -8.061988909014978, 2.564014090588156, 25.70345601181531;
  -8.436343966563026, 2.595519717918065, 27.94029917957615;
  -7.873449893953637, 2.721402558726931, 26.11317482356384;
  -4.572856312888856, 3.105139018002198, 15.47828472073184;
  -7.223005709629135, -2.407719142591613, 24.22910397656978;
  -6.81132704810562, -2.522619690945797, 22.93948543115521;
  -8.296109885017723, -3.380111684235307, 27.9814848402163;
  -8.791879081622783, 2.432637930336976, 29.93121773595315;
  -6.65713616276329, -2.198126165282571, 22.82195749625467;
  -9.199732966225485, 2.968477365582542, 31.97732599214426;
  -4.493096699122626, 3.165747611257782, 16.02084076899002;
  -5.981190368290171, -3.694184726154656, 21.38722772710126;
  -7.447012334308703, 2.758874116970265, 26.58376310351606;
  -8.04204055419898, 2.632949542330964, 29.00554852293991;
  -4.54468367903871, 3.107684140966529, 16.73073523401152;
  -6.388063461720875, 2.776474456373689, 23.71719882009941;
  -3.229981019257747, 3.023105701785998, 12.35355776037796;
  -4.823595910155683, 2.967764234658777, 19.17396655336287;
  -6.449090252333376, 2.22035706412369, 27.68171901760988;
  -6.837276568644621, 2.081353271386549, 30.0768021899446;
  -7.273314945932611, 1.855790542893688, 32.15532725023577;
  -3.417735330505586, 3.097500974198584, 15.38002575933211;
  -3.568090380398774, 3.116243734883232, 16.24420330155029;
  -5.455357333610297, 0.225101092756647, 24.83007379113064;
  -7.151722225249196, 1.792540561256401, 32.41517958229868;
  -8.371072073019555, 3.283046573043319, 37.98801329841287;
  -6.360126111116595, 2.463318443553141, 29.9607002720033;
  -5.907121901484135, 2.559792627365005, 29.14780364915398;
  -3.10479091713891, 3.116725482903383, 15.93765823268661;
  -5.48391187335802, 1.692127849540337, 27.82998759940256;
  -5.768357162754081, 1.957840581393966, 29.45455323615634;
  -3.050514933370575, 3.149263064456942, 15.86681378695302;
  -6.264100038068754, 2.643024559774593, 32.30198351123096;
  -4.235547831519951, -0.5316557073969438, 21.93878113872039;
  -2.575455926815099, 3.085865583290402, 13.97061240971631;
  -2.620980112631878, 3.083774262191265, 15.77122026411137;
  -2.543446890585647, 3.084762458636783, 15.80696941364055;
  -2.460735024615653, 3.094253184738752, 15.86217877644881;
  -2.366898026668298, 3.175706910322766, 15.6636427412472;
  -2.427014478990356, 3.174525506212247, 16.17519405246527;
  -2.756348864380647, 3.016131231541336, 18.36915067530019;
  -2.539008609315193, 3.092337481140896, 17.61798176518731;
  -2.201337783310624, 2.773765665110604, 15.10821516469187;
  -2.181270380857079, 3.054523478468056, 15.4060920941648;
  -2.51225599956198, 3.003438132255093, 17.87241253184777;
  -2.496488366873164, 2.903447953667088, 18.03798721923048;
  -2.174567496925895, 3.105378562010367, 15.87716342025581;
  -2.383705088070255, 2.961987828782623, 17.81691197375013;
  -2.198719785291645, 2.980034753249576, 17.02210088776042;
  -2.839518920069661, -4.986627388014163, 21.84486170698368;
  -1.660200618388039, 3.050086497877453, 13.10688816282936;
  -2.033731106608457, 2.983090045488246, 16.13350277899057;
  -2.309797426125168, 2.929345036176448, 18.460186831891;
  -1.797301773404769, 3.095309610605831, 15.35001576962009;
  -2.219875185824698, 2.828033930388833, 20.21383991930688;
  -1.859243542330235, 3.160701417765131, 17.06309295501245;
  -1.887133178136465, 2.976392347372725, 17.95768771658421;
  -2.549394905749286, 2.546807192504795, 24.25579468763469;
