m=[-20.93750508872816, 1.557693404072324, 25.01689611391932;
  -20.29871209055119, 2.44415892697251, 24.361029364906;
  -20.29446942616817, 3.139956619667228, 24.415620348637;
  -28.96300416115104, -7.875308364696827, 34.66513122620358;
  -21.2713303963487, 1.265312595253427, 25.73117533554053;
  -30.41181346742208, -7.997779673671678, 36.44367446177988;
  -20.80980288792268, 1.455549082605927, 25.28029594396845;
  -21.385059515292, 2.547724182727383, 26.47725252562333;
  -29.10194205901991, -7.557219825918725, 36.5851008729388;
  -28.71051687075721, -6.309363849507974, 38.31915720926572;
  -18.24947221554781, 3.154596737493346, 24.84140539388411;
  -17.64355885018884, 3.129668823086217, 24.83612037728713;
  -14.82306781979148, 3.038055571606857, 24.56148675103152;
  -18.96054938965656, -8.085827872315818, 35.68091271720599;
  -20.70466948841928, -8.967610791638844, 38.90923900887989;
  -23.38689033165984, -10.69229116827376, 43.92169151059192;
  -6.400898897060612, 2.985744390028573, 13.13953534882212;
  -6.397085448147926, 3.014549755040537, 13.34372413254206;
  -13.93773678459595, -0.8636789422657589, 28.33118207704676;
  -13.22122778055126, -0.9237579694267081, 26.99335179792734;
  -19.48662236256029, -8.867049020197806, 39.53577945941797;
  -18.84020260214497, -8.818648030470945, 38.21864858863003;
  -23.51316918858849, -11.57668877301539, 47.77578346137462;
  -6.20447388775627, 3.032331007954819, 13.37438337966163;
  -18.14927086987429, -2.997992156337435, 38.09634918460849;
  -19.4527543951148, -7.018011147834503, 41.63098155061234;
  -12.97658833606208, -0.8797279457844605, 28.21427113186294;
  -21.00888021649883, -3.61288819971992, 45.25959657944793;
  -6.166230421167494, 3.078702345872438, 13.84116111488026;
  -21.61099734961104, -10.21179943674197, 46.98623985897516;
  -6.545797256345459, 3.071519668462957, 14.81138883079998;
  -5.196822063437898, 2.945037808119189, 11.95421799276399;
  -18.8436678089437, -7.887226238836102, 41.63972220313591;
  -20.4294001676824, -8.945925353913136, 45.34247340413625;
  -18.66326978801005, -8.299977957985158, 42.13695739986831;
  -17.90477876868587, -7.036252173604304, 40.93162259954181;
  -18.65507878890755, -8.341940695864617, 42.71070981762586;
  -17.41910813032775, -7.061092104552224, 40.093840179514;
  -11.15497664705295, 2.691591675942156, 26.02666788501774;
  -16.85847728817409, -6.528924708620465, 38.94385357705422;
  -5.727000954775459, 3.019000108166718, 13.81341042859352;
  -12.59404196923796, -6.72195562459456, 29.80828082023225;
  -12.36243878057265, -7.086639364863347, 29.33792458283022;
  -12.82004081477379, -7.07607356805643, 30.6544563446949;
  -5.620053231566937, 3.007429612888649, 13.91960666964977;
  -4.764561618587596, 2.972274883275391, 12.15527166261565;
  -10.60188391134034, -0.4276582350262774, 26.35164175962187;
  -14.18231484489923, -6.181424788389555, 35.06909908184065;
  -10.32913616478369, 2.576851684321177, 25.85869275977618;
  -11.73829852844781, -5.337865139182599, 29.31108390874937;
  -10.73705933916117, -5.521301674011624, 27.40665383367038;
  -11.10769368751272, -5.491301113594239, 28.44664318748819;
  -11.9881703885682, -5.414139758262672, 30.80172766962976;
  -11.15522164211375, -5.378209927285361, 28.9503610337397;
  -10.92158574685392, -5.560168686157579, 28.38195574502976;
  -12.38854319928783, -5.806946678154738, 32.08481558622216;
  -10.1368564403809, -4.699763294496074, 26.35439756095251;
  -11.62042502751755, -5.319611938303825, 30.78452306496287;
  -9.949726901117424, -5.106677505660662, 26.71693973767507;
  -10.28102422069558, 1.71439152852986, 27.8675255870336;
  -12.4187591261971, -6.151656493737303, 33.65038445643806;
  -4.405369249823323, 2.96334198275567, 12.44173306933064;
  -9.176157743799941, 2.392701471699453, 25.35069190303443;
  -9.258386065597886, 2.601079046722695, 25.81807564567522;
  -5.048066206227825, 3.045776863046798, 14.56609192668471;
  -9.825159591950678, 2.501438696317138, 27.97841035426244;
  -8.497871987327928, 2.736291170377704, 24.79420196695302;
  -9.90165850711575, 2.571759535080923, 29.04403390835867;
  -9.682319353509756, 0.9972555673453522, 28.89443335935919;
  -9.966550462773759, 1.576540856756404, 30.35922840136786;
  -10.22475732239944, 1.472612997316837, 31.25153747742278;
  -7.953807081026117, 2.668183095133563, 24.43538129097403;
  -4.641712199625501, 3.057811929034439, 14.58162458909296;
  -7.833855574415915, 2.854781923313003, 24.32224929416502;
  -9.446197453508301, 1.220964404438988, 29.25917646488498;
  -8.189957215871909, 2.387686110909365, 25.93121370742195;
  -6.305993082463704, -2.205849709732593, 21.0469345840746;
  -4.397033646284886, 3.03162268509996, 14.96982911243649;
  -6.199871625234753, -2.23453501941272, 20.98719002938748;
  -6.073047616194272, -2.427732359057963, 20.69167589112702;
  -4.496054099608179, 2.953351182554488, 15.67484308695198;
  -5.802211668262603, -2.381833011920138, 20.26134368261853;
  -7.150483569804988, 2.266956696455918, 25.01244879927683;
  -6.273195703529305, -2.562428237450296, 22.23394654265675;
  -6.039687276136272, -3.30222649176371, 21.49132554864929;
  -6.525623585627479, 2.132708799793678, 23.59511211788838;
  -5.61959039857656, -2.411003317600663, 20.4757841447726;
  -6.385661068520404, 2.17741559767998, 23.63540435821133;
  -6.561682999245056, 2.373853453480506, 24.37981690398568;
  -6.934274433835349, -3.542162576647383, 25.67457339435768;
  -6.72970526246583, 2.585584673206471, 25.11853991418019;
  -6.814488680048202, 2.02645200027051, 25.48586831472731;
  -3.793211502389037, 3.07935264793588, 14.86748023294303;
  -6.62548861215325, 2.337269668826247, 25.83311451984659;
  -7.131247169662084, 2.853188253203133, 27.82522003479045;
  -5.336888341705075, -2.257388384508003, 21.09519170971052;
  -5.376093670240756, -2.513480522195095, 21.31325145816108;
  -6.015195736607967, -3.10315033577598, 24.06560312179869;
  -7.266620525427159, 2.664496694179125, 29.1638928675899;
  -7.007569822545899, 2.226762566635254, 28.30690143076749;
  -3.567186392192858, 3.04076292786591, 14.92304405485751;
  -7.534249217361473, 2.172959805482736, 31.10046472948763;
  -6.632953133117683, 2.487340041977329, 27.52695352189976;
  -4.554063785195246, -3.560390498926899, 19.40185206343412;
  -3.515943655610881, 2.990292098636134, 15.24533519422167;
  -3.502535964115763, 2.898493273810617, 15.22122495683257;
  -6.169126722972973, 2.364582041314329, 26.69694497969485;
  -3.258606580913028, 3.039391049503322, 14.63425388128022;
  -5.293504282372968, 2.748888350010594, 23.60324353023337;
  -4.780987076138427, -5.130882899984995, 22.18133223527723;
  -3.169545470149365, 3.033922931621643, 15.08142578662655;
  -3.980099759143287, 3.016661258161421, 19.18205470762123;
  -2.991711184363358, 3.024329964227516, 15.0159436573303;
  -5.129787706425903, 1.958238097794085, 25.94709444449489;
  -2.829419823772377, 3.0105768070925, 14.92140600429962;
  -2.718403634926289, 3.009162663757888, 14.67024819787476;
  -6.025313190079507, 2.524266437966166, 32.30994158786042;
  -2.80756193413341, 2.996884695426149, 15.66102810901696;
  -2.565901134521199, 2.998313243498548, 14.33686984262314;
  -5.027354241143294, 1.853514567385362, 27.84574407776016;
  -5.120999792359345, 2.593952424995996, 29.54870808164111;
  -5.505073212300051, 2.654942865411649, 31.82152919023511;
  -2.072832455648189, 0.05448349855021977, 12.02718316069926;
  -5.137797605382171, 2.005564720467117, 30.28172048958932;
  -2.464160471449644, 3.020005917885269, 14.91846185047676;
  -4.683662749955543, 2.251466998781282, 28.25180460059489;
  -4.86418578887627, 1.849444175871929, 30.06430731909821;
  -2.413922904542291, 2.606835846911916, 15.35784442689294;
  -2.243538063603047, 3.039853646940349, 14.97997171256536;
  -2.205524141204484, 3.093574366584493, 15.0065848761061;
  -4.975027614060601, 2.150071863141735, 33.55689498131477;
  -5.107380577415732, 2.75443447858563, 34.75703093993877;
  -1.952265055594042, 2.990631002238594, 13.4492163121723;
