m=[-10.37849472108067, 0.7721317655908361, 12.4006047117769;
  -10.3575153313295, 1.247143830869332, 12.43033223036027;
  -10.43658322976261, 0.7299905351067838, 12.67863583875563;
  -9.269027345593896, 1.602240496535334, 12.61711369947055;
  -9.153165189282319, 1.57848188174146, 12.56864620951255;
  -7.631511875415669, 1.564113276330987, 12.64524186876441;
  -9.813060452262667, -4.465262704303012, 19.90940177544546;
  -9.797032590022935, -4.729555109416245, 21.50433671528783;
  -8.875194932305137, -3.591360241167985, 19.75194671181479;
  -9.561963759787135, -4.187132922639422, 21.22250697087638;
  -8.864336423670897, -4.157567750536765, 19.97160658678796;
  -9.146483104092049, -4.067647792661635, 20.65045264272715;
  -5.715569112576819, 1.379113442675668, 13.33550250920542;
  -8.527349523135735, -3.351093157441522, 19.49413935601465;
  -8.624969523264014, -3.496258462090228, 19.85223049490421;
  -8.065939477021084, -3.123764421280298, 18.63268909670975;
  -8.349549679913507, -3.336045030923763, 19.43237375318143;
  -3.063679091716898, 1.639450525675588, 7.588043415531689;
  -8.556153457485234, -3.836615363049813, 19.92406301421005;
  -5.977077264456462, -2.718011668115406, 14.9250432507724;
  -5.806689670929252, -2.78729508666053, 14.63687650319712;
  -5.699073438247811, -2.817446105224148, 14.59524480580356;
  -5.738195553066579, -2.766526858749141, 14.8919347614145;
  -5.645906675966352, -2.874325599990733, 14.67203363431033;
  -5.333934106340562, 1.275344956084435, 13.93831827859235;
  -6.257982587409069, -2.93333692374696, 16.20741147920861;
  -4.783180036198707, 1.213264815426991, 12.78585572067068;
  -5.49347174573722, -2.819513426925123, 14.75103337409179;
  -5.446107052227792, 0.9081546345364372, 14.76210194332311;
  -4.888479965286605, 1.274680921349423, 13.5052549154215;
  -4.823745922808731, 1.355197802039547, 13.45157095936577;
  -4.548468567896102, 1.464594241903628, 13.27104579604461;
  -5.140469191678963, 1.335134982587979, 15.07827818952791;
  -5.147007006003166, 0.5301293217561106, 15.35994068210565;
  -5.239584465360026, 0.8288142434957692, 15.96036081955017;
  -4.303682272025367, 1.443712698593976, 13.22160774090316;
  -4.986135273570819, 0.6444808839441096, 15.44433223688468;
  -4.492770706249135, 1.309814683039157, 14.22510450926555;
  -4.55219370615662, 0.3520831724938335, 14.46696806396981;
  -2.451197989487058, 1.651548270830172, 8.308497474707504;
  -2.449646312125962, 1.609114497396269, 8.540337974236413;
  -3.570805456858376, 1.16701310154727, 12.91118833322035;
  -3.591836223522205, 1.224762813667678, 13.29455174968887;
  -3.706341468131888, 1.423993967034458, 13.83387272873523;
  -2.045155985095044, 1.660270326128108, 8.015982278482285;
  -3.660355751186229, 1.291261516723199, 14.27191183006833;
  -3.576547662883675, 1.430964813865001, 13.95523438144544;
  -3.752896940624437, 1.376097933956851, 15.06189623312457;
  -3.844939064567685, 1.221788237118463, 15.53153430706497;
  -1.900417072942202, 1.619965190362184, 7.950245539226247;
  -4.026077029683367, 1.161164610684732, 16.61915647432193;
  -3.679364206679125, 1.379751935016238, 15.2694713010572;
  -3.276596736726213, 1.425993158515975, 13.96620777942791;
  -3.437274882161048, 1.317482817649432, 14.87483440199427;
  -2.87309160485884, 1.491981043145446, 12.81084839393999;
  -1.689364238144798, 1.617077574762635, 8.03838330262573;
  -2.102455550867608, 1.593526944328133, 10.1327654676086;
  -1.588561967004491, 1.605882139276842, 7.973282019130918;
  -2.807432291235799, 1.287267014666263, 14.94663798569563;
  -2.84607085850621, 1.44162716353701, 16.42212856621114;
  -1.406859532382488, 1.519291214182252, 8.950712463999935;
  -1.016455696905094, 1.557085658454014, 7.002395755763161;
  -1.060459449562968, 1.552406776342697, 7.646991742849907;
  -1.01183032102577, 1.4358926284697, 8.914958974877191;
  -1.066712706094328, 1.167620884536755, 11.47332384208188;
  -0.7078223753950619, 1.517020180939596, 8.182493966216354;
  -0.5966914426967744, 1.406615351805488, 9.850311070385294;
  -0.5093813970267912, 1.460192832491376, 8.366969992669917;
  -0.6077746641229104, 1.146654314948473, 10.90686793950807;
  -0.4690636424296554, 1.438583172912079, 8.401322762385663;
  -0.425560628762867, 1.497979260741693, 7.37369108624074;
  -0.5947448418653708, 1.00203311352741, 11.94202213504247;
  -0.4065166889033086, 1.427031017555772, 8.600561619597949;
  -0.1656965371808774, 0.7782328355194775, 10.51403054073597;
  -0.1228563567234787, 1.47989431363097, 7.321462189032795;
  -0.008900996161127456, 1.501064774653785, 7.310061489698143;
  0.01891086452399068, 1.469806119956315, 7.451811328789868;
  0.0794954411289486, 1.373488901207302, 9.024350827139779;
  0.2218814106821631, 1.321119280647675, 9.795932451938079;
  0.2374324085474301, 1.347576383017599, 9.260454420407694;
  0.6107086994989358, 0.1363268407328813, 15.05982133298407;
  0.5782157307145349, 0.9844612891480709, 14.41105302325981;
  0.6800167698636879, 0.8116666545780749, 15.80653111656183;
  0.7391332848535318, 1.150070396015497, 16.13652697686286;
  0.3880347056614, 1.370245481514983, 9.300382400655261;
  0.8063691546808748, 0.7160328693543059, 15.74483181847275;
  0.7816418200233516, -0.6489943768976132, 14.92290798933442;
  0.3164065808794104, -0.7031174183119978, 7.775932607465395;
  0.843863776632188, -0.5839985889946939, 15.66624310972994;
  0.8761303038660592, -0.4830851562854403, 15.36130284642696;
  0.9616173408160907, 0.8508423123791857, 16.42066304313091;
  0.9545013466892754, 0.7070345723129304, 15.95650137602285;
  1.004186248502843, 0.4950926655449758, 16.09557081969561;
  0.4510156804489049, -0.7461429668366515, 8.564295070163237;
  0.5188913554739593, 1.374459530658372, 9.279300573557032;
  1.122076229127789, 0.7300914610651841, 16.33279620414126;
  0.5183483019070705, -0.7927762490675234, 8.719380220060932;
  0.573374425486477, -0.6467355672307372, 8.88488316846389;
  1.445120294363141, 0.8150299685412386, 16.98034295442875;
  0.6569303822517827, -0.5261040938483129, 8.826019266362058;
  1.567526349568241, 0.9164828679969055, 17.3861617157825;
  0.6752788282118312, -0.5839719904188112, 8.756392786747623;
  0.7171098973349586, -0.7981570040551855, 9.032801946151565;
  0.6337444321514536, 1.421905692983241, 8.198478559496776;
  0.8248217807413664, 1.394633647359256, 9.770381506132535;
  0.7432011348923298, -0.6439746132832613, 8.832436798068466;
  0.9767487315651452, 0.7604551911528253, 10.84022916548836;
  0.8941652713226473, -0.3301865387903189, 9.633330314854517;
  1.110412953171998, 1.070367539974166, 11.16357609620224;
  0.8835791971800858, -0.2358145611340811, 9.278385904195293;
  0.8918758487130166, -0.6858131200080013, 9.259325792666521;
  0.910658979562453, 1.350083297506832, 9.315345027684135;
  2.014499122306707, 0.7906018695291235, 17.71355256619128;
  2.227814832234896, 0.5383688166615146, 17.88629143836931;
  1.404886648373658, 0.9294854898732855, 11.94860001816615;
  1.254508484237249, 1.349184198331936, 9.826185117020877;
  2.419434904754135, 0.05692884973356271, 17.1804548159435;
  1.754020567885363, 1.007367735271675, 12.44987747496389;
  2.903618441983705, 0.8033845079356202, 19.2222495909609;
  2.900859279704287, 0.3126691158224503, 19.12980150480829;
  2.930899645072053, 0.9177473021479378, 19.30642419826922;
  3.008129086005922, 0.6579544794004147, 19.37180208849187;
  3.058985049239388, 0.8197221756742616, 19.61071406434057;
  3.022246689176211, 0.6141597149346717, 19.2688267902048;
  3.146343396293295, 0.4385758971613933, 19.43705571574198;
  3.161101480960054, 0.6372224060443524, 19.34699493809274;
  1.713298670215741, 1.377238860607089, 11.05500671407645;
  1.695380153455038, 1.301084411232452, 10.91206165788817;
  1.875789072839528, 1.339342177025716, 11.24292518815492;
  1.883136279685963, 1.235426555830048, 10.99539385873445;
  1.412334583295102, 1.470195753741054, 7.650903751216259;
  1.491521647101199, 1.482364089506173, 7.64904116283661;
