m=[-13.40200786187518, -1.258488287207886, 17.49257860704505;
  -13.34998168346547, -1.137161484771408, 17.52615393716838;
  -7.299239727798541, 1.987950657939914, 10.45020316694028;
  -13.28238657344211, -1.600336343895055, 18.45980324616308;
  -7.007666942699964, 1.689550908151915, 10.23299188076341;
  -7.08502033965848, 1.949063309151206, 10.38479122981709;
  -6.949057769727308, 1.582693618626148, 10.21919594827237;
  -6.919121079579711, 1.783113986925997, 10.18269637879478;
  -7.953532213487964, 0.8669239543038495, 11.56626661096057;
  -6.847807897609757, 1.831880937712856, 10.18549132181804;
  -13.52895259126624, -3.639214670342747, 19.22772471172511;
  -6.876782410500538, 1.779017027161944, 10.24482584991265;
  -6.817110705972131, 1.701099440839418, 10.18820590854649;
  -13.30857842276546, -3.317094215718979, 18.98404339695173;
  -13.08216500641632, -1.583040028159571, 18.73855141647323;
  -6.709387797474118, 1.501169437214242, 10.09142234577013;
  -13.34007862873637, -3.522202354904178, 19.13124643163213;
  -6.691740930577811, 1.666943040478533, 10.09206815807192;
  -13.2620098466366, -0.0181776000864514, 19.05699028501216;
  -13.47037192168202, -3.19940371630643, 19.3667227019033;
  -6.7053150056088, 1.602826619937347, 10.13395618306451;
  -13.28167243203705, -3.828696841151612, 19.14855495486163;
  -13.39732433566327, -1.245206288599005, 19.30649688727005;
  -13.16359521964462, -1.327699452074729, 19.01594315338665;
  -13.15429127524863, -3.28528380810805, 19.02403809175447;
  -13.55599324187045, -3.059026576770676, 19.59646285222175;
  -13.23908920266307, -0.6553263178877635, 19.15573190392545;
  -12.90140299788427, -0.07177454750532347, 18.69263584133616;
  -13.3459511005496, -3.662486872911807, 19.31342404996578;
  -13.23193390631729, -1.110451959554016, 19.18452860274251;
  -13.4433856238965, -3.503552102980511, 19.50847433465507;
  -13.51076789364334, -2.690353929499481, 19.59887394907077;
  -6.706941239184642, 1.551779945483541, 10.24043125717795;
  -13.33907172328023, -1.412798667519609, 19.42752263221274;
  -13.41546007831346, -2.232203543375572, 19.55141315830145;
  -13.44477980048523, -2.379839945005643, 19.6032313286373;
  -13.29085276790972, -2.782926263173746, 19.3936361857837;
  -13.1178895964585, -3.856739886103887, 19.15564483420695;
  -13.24535574152629, -3.372080537926968, 19.34709172039312;
  -13.43369337353923, -1.86731313096477, 19.60743006693215;
  -13.42971408575593, -2.949140861526114, 19.60704873184652;
  -13.28425536352178, -3.396047773067745, 19.41170618717432;
  -13.42615590553587, -3.706054311213841, 19.63834219554172;
  -13.29526358587132, 0.3930195211617306, 19.44805653530296;
  -6.649952743690066, 1.782076397572505, 10.21639729672184;
  -13.08155390901889, -1.171528600085074, 19.18399725792281;
  -13.30498364759285, -0.8511862995875147, 19.50567388527792;
  -6.649436290627325, 1.727116540153873, 10.23623056075005;
  -13.30286102907363, -2.07190784810709, 19.52828261003692;
  -13.03347048514434, -3.19551276936566, 19.17721687405559;
  -13.28257082151365, -2.388203166009084, 19.56148555115755;
  -13.22577865708884, -2.735498653460878, 19.4884483593384;
  -13.329521455342, -3.020329477581845, 19.63724109851419;
  -6.680245479536117, 1.845057663845581, 10.32170669384577;
  -13.20161634057789, -2.538855423290378, 19.46738022164023;
  -13.29012760091314, -0.2496924131309385, 19.61852219734551;
  -13.4452930685745, -0.3536854040640074, 19.84147576828956;
  -13.14889032460469, -3.10461053488397, 19.43945734609239;
  -13.42464758338698, -0.9992774318400172, 19.83410684788819;
  -12.96145868445387, -0.8112223808738881, 19.20862214033378;
  -13.16607926639546, -0.7352843775086851, 19.50874604517772;
  -13.26944137474118, -3.66897612898275, 19.67867533821089;
  -13.21547401419679, -3.260990446610258, 19.59877277155526;
  -13.29303045870534, -1.6239492272683, 19.71630705180321;
  -13.24916886258339, 0.2494871956783365, 19.66267170703327;
  -13.47106311773915, -0.5575438145257204, 19.98435548993673;
  -13.40620419466513, -1.498077801593738, 19.91258753836795;
  -13.35898665408619, -0.6371808891198908, 19.8486569506352;
  -13.03440057419968, -2.066075112840221, 19.40265685699493;
  -13.37005018093086, -0.2270791822456321, 19.88582115010123;
  -13.26870462662764, -1.860066312312808, 19.76720607775112;
  -13.35961564767431, -2.743865274936477, 19.91217157464919;
  -13.13858820656039, -1.341734359926812, 19.62237404793571;
  -6.534563009625599, 1.299302314216633, 10.25502180987963;
  -13.28250249873036, -1.462270110620687, 19.91175885598695;
  -13.23538059380791, -1.050546580589432, 19.85680213256415;
  -13.19413111566742, -3.117717425615062, 19.82957229013321;
  -13.24770605910043, -1.691783147668224, 19.91099377014379;
  -13.36012005361707, -2.614993843357763, 20.11079011531993;
  -13.3114572550199, -2.326572434115599, 20.04132580988062;
  -13.34255415951851, -1.618929563740799, 20.12372137694668;
  -13.17338716753801, -1.33525681167551, 19.88069858634058;
  -13.38097272858219, -2.039916478840956, 20.18164691127067;
  -13.36740597358388, 0.1111909493436293, 20.20812996241919;
  -13.33301104469011, -0.5175286773996447, 20.16482240865589;
  -13.38947773689142, -1.247735907980587, 20.28224456433706;
  -13.30108709898425, -0.6715696357548431, 20.15404423837934;
  -6.492309874157595, 1.130020155864326, 10.33410763004059;
  -13.39499958427515, -3.385880032798601, 20.31261343843818;
  -13.73952432018497, -2.178193508901835, 20.81462585620637;
  -13.27043516216435, -0.7890688903520894, 20.1345107664499;
  -13.08415927047688, -1.725780771764772, 19.87708426467618;
  -13.26453376844583, -2.278977049678246, 20.14272053490379;
  -13.66792063300554, 0.4678462868247638, 20.72069117968394;
  -13.4045538196512, -1.062294364079899, 20.34537447322542;
  -13.24688886327362, -2.551176252659728, 20.14851361835418;
  -13.45137231619744, -2.420136505530896, 20.46952653719132;
  -13.25849861241885, -1.90263655487067, 20.20221864876537;
  -13.11279981833546, -2.735844198120074, 20.0030796934479;
  -6.472594379467036, 1.042887548559714, 10.3595263284278;
  -13.40851479954406, -1.385098933556425, 20.49882128628411;
  -6.461017477632808, 1.178908011795333, 10.37633419370287;
  -13.36749756398451, -2.9532935141818, 20.44423093261341;
  -6.422664472038939, 1.124848443272093, 10.32634925945411;
  -13.4482986535581, -0.1869568444268437, 20.57574276692243;
  -6.466897830393205, 1.094445528136907, 10.40265123783616;
  -6.457897564915773, 1.258519085158244, 10.39172840144436;
  -13.20774784527424, -1.975507130877573, 20.25357964501238;
  -13.36476865295251, -2.441322331820943, 20.52601135400049;
  -6.410675024822151, 1.186550316729325, 10.34131260541548;
  -13.42381983683877, -1.898391678845281, 20.61878028568021;
  -13.24782817763887, -3.010164822482186, 20.38364197314706;
  -13.20700063850607, -3.386467311990324, 20.32648515263221;
  -13.38313269140098, 0.4268394954896183, 20.62169546424898;
  -13.50927103793003, -0.1095852197645656, 20.84955915391645;
  -13.50399403611784, -2.961644245818898, 20.86276558318873;
  -13.32343570819342, -2.04398170566754, 20.62056088656772;
  -13.17062701572043, -2.207589365576976, 20.42399908153337;
  -13.16865332561606, -2.406129468580449, 20.45518574107975;
  -13.51177133899879, 0.1749375232266915, 20.96522673499865;
  -6.379102783510676, 1.082820936231755, 10.40693214865177;
  -13.23938246956637, 0.4711178015704986, 20.70397511551893;
  -13.55437112414221, -0.409888417188382, 21.18049038988105;
  -13.41009909896566, -0.04470853499691076, 20.97285087222324;
  -13.39022399508802, 0.5652360833789626, 20.96781279447393;
  -13.47800924324857, -2.088773487760509, 21.18131932073735;
  -13.07096941252741, -1.662546107415031, 20.59464517823724;
  -13.56159075583032, -2.64044899708797, 21.3576904019573;
  -13.83187487189384, -3.770996080714371, 21.76325539207318;
  -13.39115390739978, -2.14692025128356, 21.11983916526791;
  -13.35169400612433, 0.06271532054308886, 21.10111558997841;
