m=[-6.593429312490209, -0.7944133007526679, 9.163519458876262;
  -6.66542584399564, -1.661322855835673, 9.507907566229987;
  -6.65289751139178, -1.580157188376637, 9.565052993074191;
  -6.605036463527634, -0.6139011592722747, 9.518327147156299;
  -6.549481838148989, -0.6605903100778087, 9.461288670781679;
  -6.590525961770603, -1.645983639564152, 9.531369977897267;
  -6.638277196776754, -1.497984397498042, 9.596253861176836;
  -6.524827130116181, -0.03629965786599701, 9.453717358564319;
  -6.618914428728912, -0.5554733381787288, 9.596537745433476;
  -6.632075470328814, -1.728420400281666, 9.624188260167196;
  -6.563859904975928, -0.6952067370138512, 9.559850902970865;
  -6.6452988060144, -1.105713814880931, 9.684720595366157;
  -6.601463854001537, -1.382257967603862, 9.632669213462535;
  -6.622605798067914, -1.693033222937954, 9.677326611665652;
  -6.673696062795849, -1.46553155417302, 9.743430358175425;
  -6.710896530840349, -0.9328294806302109, 9.795030358073662;
  -6.620995862596504, -1.827609513381814, 9.6844832832102;
  -6.578678483459044, -0.4208709415080421, 9.644623435344309;
  -6.762429590304143, -1.042542426173172, 9.895203069031608;
  -6.647621930845507, -1.035360740795978, 9.758550395025093;
  -6.541889624524565, -1.603923671348803, 9.625620147652665;
  -6.571460106105244, -1.489023798470156, 9.681168743018864;
  -6.607101161604556, -1.105187252423628, 9.72916404517251;
  -6.608043798863465, -1.366747121850013, 9.737084195142819;
  -6.564510544105956, -1.262447170572805, 9.68016487028761;
  -6.618478638161977, -0.1243467295456731, 9.770016810562181;
  -6.652593317120999, -0.174999915839612, 9.817359013650421;
  -6.554662347226532, -1.547634307796128, 9.690481551779065;
  -6.61023560328099, -0.4920396767568289, 9.766224284906835;
  -6.510616224516812, -0.407481728961838, 9.648602831058543;
  -6.554976292678321, -0.3660749388960423, 9.712790363674605;
  -6.574020326610608, -1.817704526408684, 9.749318605109147;
  -6.609113151994935, -1.630834794580132, 9.801427232068807;
  -6.591468820323345, -0.8052498435612335, 9.776508343044853;
  -6.628648184791284, -0.7407190399324284, 9.845705415499028;
  -6.601009953830741, -0.3148470389544552, 9.807718616234897;
  -6.591074618899921, -0.1119439205033359, 9.803174205385822;
  -6.56052234670992, -1.039904510422931, 9.765816477040069;
  -6.592445563935588, -0.9241584807475811, 9.82117197462941;
  -6.645979800039767, -1.364984867243013, 9.905665967499754;
  -6.611635989492482, -0.9749053297351608, 9.859665806165312;
  -6.560294541365443, -0.6699481298146782, 9.797746251840554;
  -6.560758084556389, -0.7222735663687524, 9.835212370909838;
  -6.630613537029416, -0.5262990610028356, 9.947789569715287;
  -6.603755401414966, -1.560439494575203, 9.924840368095108;
  -6.605750682505611, -0.8435798343128181, 9.928289478927606;
  -6.561315519303043, -0.4054550470662245, 9.872953842176639;
  -6.616874960714687, -1.29512962571414, 9.960283516930064;
  -6.606658975445567, -1.154709838254376, 9.946785126905985;
  -6.602477169404869, -0.8011168892912286, 9.95809418243725;
  -6.62593509527816, -1.010117460273809, 9.993464994085619;
  -6.55643898310063, 0.05453688444004703, 9.911674061743694;
  -6.633859856234825, -0.1207628525724123, 10.02230646897271;
  -6.601508866180745, -0.2562414552050613, 9.984110376081667;
  -6.583160353531753, -0.6134701982037698, 9.972104283701336;
  -6.572567070755214, -0.3318477986674058, 9.958870768828477;
  -6.550527062344977, -1.65578943434517, 9.933432487123278;
  -6.687393673746511, -1.060184992738507, 10.13103467255416;
  -6.532442305264739, -0.8616192366693607, 9.923901373538556;
  -6.612401042050703, -0.3931777586081039, 10.03263708735383;
  -6.595654838389543, -1.133198216136792, 10.01576342399653;
  -6.605112597919205, -1.27205765669803, 10.04637409610228;
  -6.634454602501768, -1.193654104605213, 10.09593232224884;
  -6.592441623575075, -0.9460362583676109, 10.04502478010126;
  -6.595325339127696, -0.1746352988731202, 10.05328257041926;
  -6.650319864426876, -0.6869777219726078, 10.16695140629201;
  -6.65567852323148, -0.09252654824806809, 10.18311183899152;
  -6.568372533617029, -0.9824435574051045, 10.0723497909088;
  -6.596315461534665, -1.204939094880835, 10.13081854044052;
  -6.646336948518482, -0.9399225340646954, 10.20867107215086;
  -6.569364823195619, -1.492687754677672, 10.10788928958407;
  -3.500530162390963, 0.4194289415442771, 5.866112540489711;
  -6.742221294140754, -0.05469190751634807, 10.40562005946119;
  -6.620083232088123, -1.015603580994, 10.24584291553797;
  -6.592578585325654, 0.08535441730467099, 10.22922171652814;
  -6.575006189726046, -1.201361730620134, 10.21311515566862;
  -6.616717127499002, -1.126740220537855, 10.39326440998734;
  -6.584974158757413, -1.020515655699708, 10.34859361335669;
  -6.66788093970849, -1.069019796322205, 10.5162388539184;
  -6.801787524709892, -1.324311680788961, 10.71190502266082;
  -6.885967371651572, -1.877327275652962, 10.83447239934562;
  -6.582033498341037, 0.03091700127972233, 10.40229424085791;
  -6.717393350204659, -0.5236887280002339, 10.62791067961806;
  -6.820360761655625, -1.885607855457631, 10.80102992950076;
  -6.785128110497838, -1.753679184735381, 10.75321015020277;
  -6.558069468256282, -0.9554276523447348, 10.42716929149337;
  -6.604285160585134, -1.354258573822319, 10.55391581699319;
  -6.722965865686297, -1.964327284892101, 10.77783061618787;
  -6.748395144148188, -1.654899135914156, 10.82826525063104;
  -6.662135863364252, -1.518669209140592, 10.7064608646617;
  -6.742562889755901, -0.2394723120290057, 10.834903705896;
  -6.732546441872721, -0.1349643766976401, 10.82484887543827;
  -6.610558457646748, -1.273242804802033, 10.65934447065332;
  -6.744331884919752, -0.4331424800257219, 10.87201062870074;
  -6.793474053385428, -1.779710119694712, 10.94952789553543;
  -6.621172457238567, -1.178468862090007, 10.6958164767228;
  -6.614091116454266, -0.9560745536924387, 10.70057913503619;
  -6.754156577459925, -0.03842484772861333, 10.91111889944735;
  -6.621141697868137, 0.1354794676100311, 10.73356835718635;
  -6.7092177759023, -1.707696676756356, 10.8693989189051;
  -6.621615814541064, -1.386676399330912, 10.75125831406606;
  -6.625578671661383, -1.21342673356685, 10.76675534423263;
  -6.616977461813611, -1.429789808402308, 10.76433005021121;
  -6.698204529342169, -1.5926498663772, 10.88628849333514;
  -6.652582202000304, -1.887493807048403, 10.82311798628675;
  -6.627471895629237, -1.035485239094878, 10.79413530066499;
  -6.624675129225274, -1.339292206529506, 10.79553789563583;
  -6.545615729100486, 0.02803820709151939, 10.70192515658494;
  -6.606789244556965, -1.234408791278656, 10.80051091700567;
  -6.597367308178516, -1.16939116127373, 10.82194757491896;
  -6.644055553797552, -1.521144125993323, 10.89734736255104;
  -6.658767368489317, -1.374227246309969, 10.9520360150643;
  -6.628022955448738, -1.255027525915157, 10.93373256803588;
  -6.636477202714323, -1.110971406332154, 10.94660754871456;
  -6.61831413075282, -1.395018714303439, 10.96957768607411;
  -6.682053529918404, -1.457541511444406, 11.07341305123104;
  -6.675305262370139, -1.011514187314293, 11.10918991675016;
  -6.717095704794557, -1.650774371785643, 11.22611900086612;
  -3.275878712105929, 0.5907659477318913, 5.98666869805629;
  -6.610893129140441, -1.183729548536445, 11.09785383859136;
  -6.650666400030543, -1.258877978521682, 11.17602929406944;
  -6.640944398002513, -1.329996530787104, 11.1650314726001;
  -6.624780353756228, -1.101699539494433, 11.17439993419347;
  -6.633201624919717, -1.419261055037592, 11.20846648218006;
  -3.363081797564862, 0.9848484192287693, 6.1650827362759;
  -6.624268546350254, -1.581017192694301, 11.23676695195535;
  -6.622583933964525, -1.352102139268945, 11.2362967675532;
  -3.540439376274072, 0.2380213656762592, 6.455954644318494;
  -6.617029423741091, -1.145595649897575, 11.2469416305933;
  -6.669147959777012, -0.8221032982188909, 11.34553669248687;
