m=[-12.39090002641414, -2.702155211438092, 15.69172903574987;
  -10.99430487848652, 2.162753985161848, 14.12075242368007;
  -11.04619092805817, -3.128380497264894, 14.24862425615901;
  -10.57403734400996, 2.150119403102064, 13.70487594185286;
  -17.50512857309108, -1.435337123857776, 22.03198073639016;
  -17.89723828923758, -1.740462484783826, 22.50697900724294;
  -10.80145128357691, 2.252747616512569, 13.9907467296391;
  -10.84229327043861, 2.102617851567093, 14.13324844922986;
  -17.2931610674597, 0.2094959697907724, 21.95204970467409;
  -11.33971468667856, 1.822008722253702, 14.75075959312814;
  -12.8370669859416, -2.808412633278343, 16.53554201301653;
  -17.21424770611119, -0.2488268568618028, 21.9639116656265;
  -10.69846392227612, -3.320398986245338, 14.09279925759483;
  -10.29375312218152, 2.322953197271362, 13.64782448259522;
  -10.85525974099844, -3.272356988247778, 14.3292226449317;
  -10.36801129737148, 2.458650421750764, 13.76617646728656;
  -10.97407320786157, -3.159930694380043, 14.57190005809773;
  -10.60438750136093, -3.304543273014608, 14.15929267266628;
  -10.41456399582066, 2.597679886570592, 13.95654783678562;
  -10.64946119296865, 1.996670778983012, 14.32515677357846;
  -10.16383505190367, 2.365199403847903, 13.72036130846369;
  -10.66279668527597, 2.066363143763522, 14.36324036362121;
  -10.10603982290295, 2.56433882911208, 13.71242436362903;
  -24.11984485853727, -3.794383668219984, 31.34193112121355;
  -10.73460661352978, 2.152778409358844, 14.56625322598318;
  -10.22040722014584, 2.329713520140693, 13.91535697152841;
  -24.44405662757933, -3.481375411072215, 31.97272672874002;
  -10.34637527896927, 1.79080543140624, 14.17662502795229;
  -10.00557792847019, 2.321971976322557, 13.85186723441428;
  -23.5716471779795, -3.732892885696119, 31.3479870354256;
  -9.647272653171845, 2.566543439680474, 13.47858867179372;
  -20.5884872684253, -0.7584391057097186, 27.64703968865233;
  -23.86015991313755, -3.883338527053697, 31.88066038550252;
  -23.93027048738847, -2.240007900990044, 32.03607936674305;
  -9.772103361894555, 2.491135350561128, 13.70563008327416;
  -17.5804300349463, 1.582229139583963, 23.96534226152427;
  -11.08479017936421, -3.209264325542313, 15.49367475160729;
  -10.90968268098595, -3.247096584192949, 15.43340367955933;
  -9.406899511352915, 2.531476879624443, 13.54212283573956;
  -9.605084772477159, 2.503949776891005, 13.8185354296054;
  -9.516942515546377, 2.616672893200864, 13.75479517922454;
  -20.08993519313602, -0.7878620950845954, 27.952063512387;
  -9.283336562782189, 2.520811680971479, 13.63485341920524;
  -9.138005890970721, 2.576789136529262, 13.48552900874985;
  -16.60293812066024, 2.43692976579873, 23.70918208808119;
  -9.483989594572904, 2.091303114995883, 14.04901538992125;
  -21.59152938339988, -0.1997021800522007, 30.72724161669937;
  -15.89180683600248, -3.406819529165195, 22.92292735290498;
  -15.34940973191164, 2.530991952223995, 22.40270849578524;
  -9.345514424267119, 2.06289847529536, 14.02963866106112;
  -15.78879175686469, -3.297568513926314, 23.02625652619803;
  -17.00144500964434, 2.341706461532105, 24.78386266535746;
  -9.462396249228842, 2.172886607465892, 14.28591436583459;
  -21.20729776161948, -0.976693095880288, 30.7990217045111;
  -15.57562716471617, 2.51223875295419, 22.97043060968489;
  -21.05425082181322, -1.386912458023191, 30.84044918709885;
  -21.10143259323692, -0.6909226514233825, 31.05283949959561;
  -21.6509168773995, -0.2146862783770666, 31.83830420541928;
  -21.4143320958544, -0.5423268718220866, 31.78617040860342;
  -20.65527130924635, -0.870185445690454, 30.74315644397034;
  -21.5839241461703, -1.621385084199728, 32.12290366942107;
  -20.87912455873365, -0.7473482962155761, 31.16516724400178;
  -21.13740624640941, -0.9151185303777158, 31.68181099899837;
  -9.040653354715897, 2.058353620831279, 14.1401486875466;
  -20.44202384042523, -0.6017176048099119, 30.71952568627579;
  -20.7579956153893, -0.1767102879485957, 31.19726133262619;
  -20.88497891940149, -1.086787280604311, 31.40853022427906;
  -20.99003689083766, -0.7833539357257311, 31.58940758032714;
  -20.93821240091373, -0.4353167032784515, 31.52994929805829;
  -21.26393648085829, -1.275946412809373, 32.05404412228257;
  -20.92122243357099, -1.010560449776017, 31.59198688253421;
  -14.31259074656673, -2.597981020159636, 21.9667400718225;
  -21.07697945598055, -1.551965452410394, 31.97567871425758;
  -20.71545738493597, -1.815956804164184, 31.45919147061239;
  -20.20681865559344, -1.20336918937807, 30.74197668674981;
  -8.626032991208641, 2.611985481530201, 13.74281825486194;
  -8.522575966415879, 2.514614210051756, 13.60638392107371;
  -20.31689685359136, -0.3889910508018063, 31.06736416401087;
  -8.532196298810385, 2.41890823516588, 13.63542882156889;
  -20.79190634551467, -1.958806101882842, 31.92678538648626;
  -20.46189111506329, -1.319397067339587, 31.44434370050638;
  -20.44229126776929, -0.0717811081211097, 31.60503983322999;
  -20.41916461013885, -0.2572821460370541, 31.59298276649606;
  -15.71666951945361, -4.56636894023179, 24.60645656693466;
  -20.62174083509427, -0.5039353923410918, 32.2254040093507;
  -6.767019906864167, 2.606221864619193, 11.2487595411703;
  -19.98121172595592, -0.8554662268798455, 31.32409011159001;
  -20.12318647866733, -0.6729947944255895, 31.56420451346143;
  -20.14263242576122, 0.84666123551961, 31.71939587893726;
  -17.82287395380024, 2.165745210699769, 28.22604949724861;
  -19.95843301040458, -0.3379549333969812, 31.55484815267231;
  -6.820150390471029, 2.622277389006513, 11.46542845758424;
  -13.21131327368362, -2.875782904989549, 21.32525160996941;
  -8.12920988480491, 2.54056686769952, 13.54046006173266;
  -8.290855809337721, 2.524156603503859, 13.86658673032657;
  -18.56347616663032, 0.4500014851354586, 29.82323619604469;
  -17.18112285071967, 2.348851558801235, 27.820549128527;
  -7.956920639438401, 2.510601220278875, 13.43426228565079;
  -13.44633215799923, 2.319600812537992, 22.02491404171548;
  -19.72299621572711, -0.3413500822305121, 31.92069309386325;
  -19.43433661920056, -0.5619308085149765, 31.57140074959544;
  -19.5800103485355, 1.20447186194702, 31.86554880180849;
  -6.860985037422117, 2.626005599764492, 11.85288757630367;
  -11.98951889337889, -4.488085041283917, 20.00515470789479;
  -18.10951048858728, 1.382142097071605, 29.75615466200512;
  -19.31416252941283, 0.5927406517880361, 31.66819843348873;
  -19.34016535789812, -0.6856496936713779, 31.71014935892552;
  -19.39888760380676, -1.069189733457624, 31.87918188093122;
  -8.384468077540509, 2.064345787189538, 14.36042625240913;
  -14.19649517327626, 2.054252064355849, 23.68662883182204;
  -19.36359569574815, 0.3080359629634454, 32.02929770460649;
  -19.24074641494386, -0.418565098905908, 31.83698154777416;
  -19.20216657534468, -0.3235437431814285, 32.14534033094596;
  -11.24517879588356, -4.290112437625561, 19.23654530169342;
  -11.82056383015171, -4.210032434520324, 20.18166053882991;
  -8.038630458603187, 2.160328448855633, 14.16772410688227;
  -18.79952444812833, 1.154063639308782, 31.80796242894234;
  -19.36915396682246, 0.201176402640299, 32.7478164126373;
  -7.745346709771754, 2.370110714533136, 13.7374234717958;
  -15.18612033218435, -1.968906585873609, 25.9632851886874;
  -17.75220458260606, -0.3570255571079598, 30.20837628271929;
  -17.71625228554105, 0.1037411107878031, 30.2912521354019;
  -8.090551870718961, 2.058873976011419, 14.41267340177252;
  -7.773328228535548, 2.461481446707503, 13.89415105913477;
  -18.47024122444737, 0.9828709897173564, 31.64868207039953;
  -7.581624440734687, 2.529233120718199, 13.67654148510786;
  -18.57834314870531, 0.4874025567916019, 32.08829173781029;
  -18.88972192701939, 0.2984231319035679, 32.63477696996311;
  -7.713034393139019, 2.516159782729438, 13.9280097696739;
  -7.886314920255595, 2.128797015761273, 14.22100756273906;
  -7.805074514489304, 2.380180719696114, 14.09069536750655;
  -7.777185057128616, 2.307206778384216, 14.05761271233674;
