m=[-4.990091219473745, 1.158039251080309, 6.908354675154206;
  -12.33348262110467, -1.940226618548515, 16.02643653234464;
  -12.32792245909338, -1.755769378731911, 16.12487247607568;
  -4.74732199063941, 1.175127464462474, 6.830977330213007;
  -12.4218620811461, -1.688414947398301, 16.32317606215722;
  -12.01492435430667, -1.902727684057115, 15.97867514503963;
  -8.882568150459727, 0.7994263015216818, 12.10856534589498;
  -12.05593249499228, -1.962152278433987, 16.1084875752139;
  -12.05113839902721, -1.128054329514242, 16.13317435815464;
  -4.751080367205495, 1.047655005570479, 7.037966515254133;
  -10.25888986983386, -0.4023203852270739, 14.27367178895399;
  -7.785692404966739, -1.881207321358284, 11.11061685777145;
  -7.830953700796759, -1.678767321751172, 11.29565597164539;
  -11.18023288257624, -0.1034070741583662, 15.91076347644035;
  -8.605082267100805, 1.185227298941623, 12.54406181421344;
  -7.766658736387786, 1.252707249100308, 11.45401682299126;
  -10.89407456339443, -0.5017219794654247, 15.82129145825342;
  -4.24799525903411, 1.253385042819624, 6.781969983850607;
  -10.82409466829373, -0.713018566622458, 15.85522773709938;
  -10.9765588188597, -0.1088414211532921, 16.1413496150057;
  -10.61569627804317, -0.4472284221649637, 15.80032557071567;
  -10.88472951968582, -0.8176612357071527, 16.19951568865251;
  -10.74274245445428, -0.4650940882974445, 16.10176443056967;
  -10.68045412315981, -0.09092140486464495, 16.05169037536153;
  -10.62956012081424, -0.5531281971746797, 15.98559718991341;
  -10.53832707634322, -0.2190974908986775, 15.86921137493841;
  -10.71153039447373, -0.3997572532051864, 16.12054810574416;
  -10.7363419234217, -0.6442361684167265, 16.18435881028273;
  -10.60529539290239, -0.5122689229220937, 16.01447305489908;
  -10.67714639518968, -0.7861924603698702, 16.19819402636485;
  -10.62362607578384, -0.9312874776901939, 16.1333964594626;
  -10.68660498644838, -0.6364154298077136, 16.25824267309693;
  -7.083238964502785, -1.359338899557431, 11.11914043551773;
  -10.65916473420321, -0.2040823320857844, 16.29934703454166;
  -10.52387205086857, -0.9914542921708889, 16.15981713362248;
  -10.25611743708089, -0.03601335412995694, 15.85658847569085;
  -10.40945077640091, -0.1311594223345307, 16.10573229936299;
  -10.22876810540345, -0.4379296799798946, 16.03540657386667;
  -10.24066389497623, -0.3424861912444744, 16.06298335888883;
  -8.982134993171018, 1.091463469569739, 14.22498905425719;
  -4.002940929295122, 1.248589985114426, 6.90544086789285;
  -5.909472903342318, -2.212116864339734, 9.860272186464567;
  -10.01436874488648, -0.1733208056810272, 16.20776010591113;
  -10.00904447340765, -0.2894048077693367, 16.2598580225413;
  -6.837029228463656, 1.217610195362437, 11.42595905855713;
  -7.031562968351606, 1.017476677664443, 11.73205217950228;
  -10.03352969242812, 0.6172164353040556, 16.32909913616959;
  -3.876745049467512, 1.227599778669992, 6.929346060201322;
  -9.860830870546769, -0.3495872729430711, 16.16782555483406;
  -9.921016456646308, 0.3044703466669617, 16.26685688973199;
  -3.795244674468512, 1.26609522892233, 6.846266475245432;
  -9.817883933112222, 0.1561828381008611, 16.23974866362105;
  -9.682795114059163, -0.03610795501426215, 16.0303817620647;
  -3.898092011322637, 1.15642153879896, 7.045977099644726;
  -3.728059873335384, 1.246922407265686, 6.836070850557649;
  -3.788812472851849, 1.236792198638691, 6.9368590672152;
  -9.630287591472023, -0.16226394469774, 16.12155955933827;
  -9.621540532030956, 0.5906463279318801, 16.27922028537567;
  -3.75925994064198, 1.229928335499128, 6.970597276081321;
  -5.375752250367182, -2.144600563367054, 9.559352808120307;
  -6.42678016189997, -1.779946513657691, 11.31343532150295;
  -3.788460598222848, 1.069237120221491, 7.099882869015636;
  -7.27417862608453, -0.9060280666007154, 12.81061478579472;
  -3.678560926298233, 1.234166946739883, 7.020473453780275;
  -6.661840111969485, 0.006415527229025982, 12.03095174266507;
  -6.624062651733619, -1.229482558992554, 11.96974790528806;
  -6.587863886527255, 0.06340837147622672, 11.99699793324118;
  -6.589073740853466, 0.1235678235647704, 12.00523259284408;
  -6.63929751136325, 0.8852161770291429, 12.13476392221424;
  -6.448051176408491, -0.8468405854214796, 11.86580266980612;
  -6.487031873744123, 0.7653609548883261, 11.96754746508144;
  -3.604490609300598, 1.10531366919377, 7.085737293074734;
  -6.721654534908974, -2.210256781980054, 12.40644308524435;
  -6.6755174080536, -1.52680809385401, 12.40529334737923;
  -6.564571023118366, -1.644918720819738, 12.35642639920478;
  -6.640808918855807, -1.865099130010196, 12.54853346673383;
  -6.216813050402609, -2.173821911278697, 11.88516418346474;
  -5.988325666054886, 1.199348342332642, 11.5157678483684;
  -3.547078234702159, 1.239486450491518, 7.229629104710821;
  -5.735798977253409, -2.471875316027795, 11.17854006974964;
  -6.490287144923983, -0.7415017010887297, 12.59298804102633;
  -6.537188735230321, -0.8802805073730592, 12.69022297806408;
  -3.481104552025474, 1.280723692676976, 7.251287539680708;
  -3.521479117634517, 1.267291809248322, 7.330694740110451;
  -5.521943419139379, -2.294372719549771, 11.15612117375731;
  -3.570630812166594, 1.22526732164303, 7.579211882834507;
  -3.584369463516406, 1.213264361019367, 7.663177837455759;
  -3.796411674418787, 1.150245858667563, 8.090921431743608;
  -3.518965688697691, 1.273167169327839, 7.58689525164855;
  -9.321089562812734, 1.016862572104722, 18.51847146447781;
  -9.21993876463338, 0.8389670073146585, 18.41817181239127;
  -9.218825122900798, 0.9238944433951851, 18.46740997023168;
  -3.713191503292513, 1.139239614550866, 8.029291405494124;
  -3.553983403936082, 1.208583117645578, 7.738844565673072;
  -9.427394360879209, 1.233715610493733, 18.91901167100737;
  -9.293175341805734, 1.124101721576642, 18.7170303519002;
  -6.219818658050365, -1.333686600436586, 12.91700011244636;
  -5.258278839208797, -2.152524706708536, 11.10914245405107;
  -6.159123492363667, -1.763508126529491, 12.92792683203635;
  -5.983377291456397, -1.952551388898481, 12.77688442329371;
  -6.070749240159097, -1.458359486908979, 13.01590549565671;
  -5.30406626658036, -2.096932639211635, 11.53651029286761;
  -5.961581018261923, -1.513145956761726, 12.88431062703059;
  -5.374130328070626, 1.166559644471649, 11.84677426126025;
  -6.113184401806684, -2.194916517330789, 13.33999932687755;
  -5.926274085236691, -2.059220262212822, 12.97556680016559;
  -4.978556198711973, 1.207239632996267, 11.3118832970472;
  -5.22286397444148, 1.218367259376426, 11.85723104245362;
  -5.029385807531789, 1.22388053088401, 11.52670559042733;
  -5.121022560596743, 1.194921891622725, 11.7383093378042;
  -9.588473861654755, -0.8135764671900346, 21.14607395529256;
  -7.464660815922649, 1.063298885210411, 16.69407247490479;
  -5.027157237726836, 1.170271266788401, 11.6819103095937;
  -4.932082544011746, 1.189535670717351, 11.67031028848542;
  -7.000108715887148, 0.8887862724482026, 16.16855596456146;
  -4.936750354206199, -2.429889049078198, 11.74867998660273;
  -5.113558591093289, -2.444127743879417, 12.15780361075085;
  -9.854611922472536, -1.886299901521478, 22.92015920189837;
  -9.617628351653602, -2.26527110331428, 22.42565430530123;
  -9.569754939224568, -1.403851974753045, 22.38635678834256;
  -10.02723570431628, 0.8102805653409178, 23.48390377064692;
  -9.514442130059841, 0.304597258734864, 22.39433693758197;
  -9.615194309487476, -1.197740642109901, 22.62591322252931;
  -9.735329904141086, -0.3264002154207792, 22.98113713767757;
  -9.758440548178172, 0.4797428989321487, 23.10678862034064;
  -7.134106747765554, 1.173625262530621, 17.15805557628174;
  -9.64083375307697, 0.02344314880275432, 22.95966913088253;
  -6.808877512011748, 1.064974823181613, 16.51938754441018;
  -3.612117174094487, 1.195587755833329, 9.237506768316846;
  -4.687657811651116, -2.713801940120152, 11.68532647091979;
  -9.487883541195355, -0.03102387071412198, 22.74524510522795;
