m=[-44.50026867149066, -2.463655209809793, 52.97574044736563;
  -45.00458633168766, -1.676033152511499, 53.92794038811508;
  -20.35782957215964, 1.470312718399461, 24.8602535058313;
  -50.99408351761169, -3.935887420686027, 61.17804942186564;
  -42.92651949816169, -1.394356134838686, 52.32200439182527;
  -20.41374184919298, 1.464133743379854, 25.33519994909714;
  -19.86298428857414, 1.423436408451607, 25.27943456671961;
  -19.4987407759082, 1.459368542778919, 25.05194622030108;
  -20.07462881091378, 2.496965251762029, 25.88396726846189;
  -19.35966289333063, 3.120625432555082, 25.02540957826281;
  -29.96924675168214, -7.842227923132653, 38.55193745921197;
  -30.76402606281122, -7.843735058901998, 39.6323919994928;
  -35.17309084573878, -10.52309564011691, 45.20668736668151;
  -19.88102519197831, 1.399534650264147, 25.9943125869737;
  -28.89647382759393, -8.303362551773757, 37.66941120340699;
  -17.72778027679645, 3.095720334522655, 24.28357915718796;
  -27.57737610693152, -7.849618871904204, 37.77064948998776;
  -18.21960245117091, 3.200983841826306, 25.83405426833923;
  -28.77821007959068, -8.780067372851349, 40.91435763680469;
  -17.34058425569686, 3.165811360525904, 25.49457309783398;
  -27.04174603021861, -6.57081560998589, 39.44649208462381;
  -14.50276323374271, 3.078931445483703, 25.42994327164769;
  -13.95963635943366, 3.075431740036299, 25.24692622408458;
  -6.161517123914, 3.037647549393504, 13.02883966453615;
  -6.597374662480346, 3.055343063105527, 13.94278871141813;
  -20.97618113678501, -10.29843838207739, 44.06751555678342;
  -5.849946918882191, 3.065697238627259, 12.96546387578041;
  -5.797602968935144, 3.078145340511846, 13.09608805925564;
  -7.581826167440217, 2.960211583449009, 17.50584317072902;
  -11.93508981315153, -1.014959711625048, 27.17624950991559;
  -5.623079162986846, 3.116848823728888, 13.18558934225588;
  -19.66999046529078, -10.2357602987376, 44.94984101286408;
  -5.634191315092856, 3.096801546795988, 13.36057006733392;
  -12.91235491391281, -1.004564192224456, 30.03521103073927;
  -12.17812501002489, -0.6045036855587911, 28.46248961459862;
  -20.24128592457054, -10.42604506512623, 47.06340378595311;
  -12.30548903867621, -1.044306091940149, 28.9909665139336;
  -17.32319873203864, -3.35338282696454, 41.02072430914161;
  -11.83970554526881, -0.9960461309901357, 28.93991156240053;
  -11.39398226884386, -0.7141549196913309, 28.02889761871524;
  -20.60337388088146, -4.216007147672679, 50.40853008309103;
  -5.601774302476727, 3.098889338163564, 14.3417330747984;
  -5.061813027181267, 3.075051039457688, 13.07084288300484;
  -16.52928764253829, -7.918594598594729, 41.79640055545282;
  -18.22908690613343, -9.257733145060396, 46.14139087371155;
  -17.89970520623535, -9.243344220814251, 46.10656865044742;
  -5.101578442751051, 3.09270861933999, 13.59383486860279;
  -9.517955865234711, 2.56882226724116, 25.0930369739229;
  -15.92693295373281, -7.303579008070169, 41.58111648313291;
  -16.59978225174041, -8.636915618292742, 43.44355284590288;
  -5.435503620293964, 3.036501766950958, 14.64648140832462;
  -16.75467766449567, -7.921635902446153, 44.05240265816218;
  -14.05538734852433, -6.342692937630072, 37.06576934095937;
  -14.25425433686758, -6.640933375024139, 37.97978895893212;
  -5.001705982476678, 3.090356482285723, 13.74237140560174;
  -9.780036369368844, -4.192069204125754, 27.57716361703371;
  -13.12117639836962, -6.748176656552292, 37.31771815553643;
  -10.47126945045498, -5.628263518233565, 29.98904361875375;
  -10.04791161570709, -0.6541294341048254, 29.23620688366471;
  -9.992482825765782, -5.178776471835902, 29.2763211071047;
  -9.902933145027543, -5.800166917392391, 29.1649408778196;
  -9.953668210525377, -5.69215117505818, 29.76569188847142;
  -9.821328265356582, -5.930458461976178, 29.40367321520044;
  -9.931007329402474, -5.510530916753409, 29.751983896222;
  -11.2433062841227, -6.281787213408344, 33.68202713366237;
  -9.585222362152807, -6.139041866110839, 28.82034792000015;
  -11.11158044012022, -6.005674559573103, 33.40451145357913;
  -10.74396808363523, -5.573910040327354, 32.57234792266366;
  -10.33915699036204, -6.07353051897195, 31.89003823739228;
  -10.9632319528987, -6.795263054018057, 34.19306635200932;
  -9.291470930950332, 1.749180654802833, 29.1306875230519;
  -12.08483692184386, -7.171337507860171, 38.15753988137004;
  -8.121416461311494, 2.425624676042185, 25.94145948346131;
  -7.996142149498225, 2.582867735354921, 25.83106137381671;
  -4.334088065247066, 3.103496715693334, 14.25518468838274;
  -8.746565937196037, 2.568209230975448, 29.02944326724776;
  -7.296294946268365, 2.746206673779388, 24.83962650930632;
  -8.370633279558216, 2.526498651562326, 28.79755022048899;
  -8.541174969727781, 0.9856245298350888, 30.00134130930919;
  -3.873250231532243, 3.098269853367301, 14.1320804651498;
  -8.538533535275597, 1.557697076933052, 30.76291108076583;
  -6.842438544325671, 2.714428913802331, 24.75406841664449;
  -3.510223979602402, 3.073896516959662, 13.03602279711145;
  -8.51272677380264, 1.365139267483752, 31.01702989436335;
  -8.336864973184419, 1.220695754149638, 30.59774981261626;
  -7.393165291227282, 2.540006244735629, 27.74569431427661;
  -7.402179331723407, 0.2761151640576237, 27.81500169123952;
  -6.6266338974363, 1.661484152812942, 25.75241127150925;
  -3.561160446968664, 3.116207707843153, 14.06321179699488;
  -6.054028797614504, -2.478591868406542, 23.89319684090205;
  -5.817265618990342, 2.824462230268881, 22.99050186725001;
  -3.658060844520096, 3.105764514714464, 14.70302244741271;
  -5.27368448663596, -2.323237091398267, 21.02758849069137;
  -6.538770287043588, 2.388502246364043, 26.2282828068754;
  -5.470720607041379, -2.491098739871971, 22.19163338958687;
  -5.055013705406215, -2.563940971303224, 20.68517967444873;
  -3.733066051202847, 3.027415461955367, 15.46958895710031;
  -4.958878506578004, -2.322185689780089, 20.46014969664263;
  -6.592014260076263, -3.086964353183752, 27.19840754006214;
  -5.148212081420401, -2.736414777598641, 21.32967671104802;
  -6.053387767235421, 2.521738553320747, 25.30098720635654;
  -4.924132754139386, -2.625279898769644, 21.22568879703552;
  -4.958388595224583, -3.447860394435372, 21.41147419281737;
  -5.656588583189093, 2.241056461349483, 24.86062927175628;
  -5.148516174741398, -2.562949090237765, 22.7590326944955;
  -4.960004760963662, -2.728669632039463, 22.00689036977854;
  -3.139499242608838, 3.097258666979009, 14.05799515376842;
  -5.892676731661237, 2.453635395369469, 26.66001729826789;
  -4.84416069259426, -2.218917312476103, 22.26795927561363;
  -5.4902745299787, 2.599830858079868, 25.1586678867577;
  -3.024213442590876, 3.137811401504623, 14.47816127933055;
  -2.662704803510495, 2.992843755502486, 12.91286540973974;
  -5.698598043871233, 2.491968717752385, 27.58519613608012;
  -4.917321101726003, 2.460467612270221, 23.90687334691523;
  -4.273629633435403, -2.377827356718989, 21.04348732654758;
  -4.109207925648565, -2.523242646654865, 20.31340728710729;
  -5.444260138708079, 2.502942578405456, 27.43451106380867;
  -5.510200981802355, 2.195070570039062, 27.99691892719676;
  -2.754000339862532, 3.058672010148803, 14.33582416714909;
  -6.040223949218163, 2.190948677160026, 31.61875933554222;
  -5.341435011248231, 2.532621492466782, 28.04033366030275;
  -5.530753762478143, 2.756945814491812, 29.19053039719386;
  -4.178686090719081, 2.730501334967889, 22.61002939622741;
  -3.598375063156069, -3.771061929547038, 19.50602677785738;
  -2.942259832677006, 3.209068859142445, 16.11647567166028;
  -4.89998445427071, 2.485085729225774, 26.71462750043812;
  -4.992908195523877, 2.450373395257948, 27.64498751361257;
  -2.49952206230206, 3.113086569574647, 14.27292117284093;
  -4.036700752191002, 2.739315620089913, 23.19385263138247;
  -2.401813763078941, 3.161409382065254, 14.68777667158324;
  -2.382885971044986, 3.111537508345056, 14.74482848426046;
  -2.85812192934169, 2.953562985453008, 18.20091901458654;
