m=[-20.37811970120135, 1.966948845745143, 24.32584348228382;
  -20.58323502147091, 1.77866263806739, 24.59521854247464;
  -21.79565563482312, 1.098718149768358, 26.14503546609932;
  -21.37302702912542, 1.349630741981418, 25.73410426360968;
  -20.48911393209763, 1.852355113985237, 24.79596651006461;
  -20.25179848423942, 1.736680978915212, 24.62034691066041;
  -86.84723052325212, -10.63982165204126, 103.3604182029858;
  -67.95409771519701, -13.97413922309072, 81.23931145641622;
  -74.70776587951609, -16.25958724237711, 89.3567077588913;
  -70.57573635563105, -12.36209687836138, 84.51735268511439;
  -67.22355510865687, -8.564690524810619, 80.5626396864006;
  -78.6905943193978, -12.88347902677905, 94.37338024012944;
  -84.08833969948732, -11.72131527942634, 100.9436279360906;
  -96.08199408845614, -25.63303095238809, 115.7646017449098;
  -54.69601930115653, -3.171131097429288, 66.28391329213335;
  -57.24068344320418, -2.352846832255701, 69.48461442323398;
  -98.16327156651333, -26.89044795361776, 119.0604354811576;
  -57.57757971285411, -3.282245857150216, 70.53419334123655;
  -89.02135935397203, -24.85853063082689, 109.2956731285728;
  -64.57107198286379, -5.729219730325902, 80.57306554828092;
  -56.73894240607838, -3.506060530253981, 70.93706530234958;
  -62.25772769535183, -12.2722417158475, 77.80316343053293;
  -57.70099593144803, -2.035689719527545, 72.63192963410111;
  -58.42376376728067, -13.66073733189963, 73.60132777673866;
  -45.83625339568005, -2.820334298595885, 58.37889887993569;
  -53.12402597877489, -0.835748301675279, 67.65195188475516;
  -50.15899540122397, -1.860035692013571, 64.68403529067525;
  -44.43152446472045, -2.384671773608923, 57.42931655990839;
  -62.92847605982139, -19.56114541459327, 81.44402307478394;
  -19.04438105363071, 1.499224441699697, 25.23034730747617;
  -51.32178066226941, -1.774873725249966, 66.66357099893124;
  -45.71869831446087, -2.201665015455097, 59.52467847099235;
  -44.77167206344041, -2.401037050860305, 58.69874945792817;
  -44.38856044298746, -2.654460040756848, 58.32753992689067;
  -43.69936848594615, -3.246000136166963, 57.43731586210532;
  -42.25242598683948, -1.680341034141384, 55.91426022328347;
  -43.60546293856591, -1.944600024455076, 57.71689563481679;
  -18.78481076395044, 1.394678942572277, 25.76092150148401;
  -18.56015950996799, 3.172948068169795, 25.55307651913493;
  -18.49738897509296, 2.524306236236785, 25.47718601419403;
  -18.92205507419618, 1.480803835787055, 26.17922045054408;
  -18.04850297387926, 3.464659075384124, 25.17367246989147;
  -47.39586895493368, -13.59003064522893, 64.93075208122016;
  -30.94820519783839, -7.266211328934623, 42.69958149319262;
  -19.06286818563032, 1.566120851177653, 26.62888046888225;
  -18.48294517776424, 2.511943555737506, 25.94398614127842;
  -18.49378191191445, 3.252126393904558, 25.9981357035676;
  -28.41063357773236, -8.045366911638375, 40.2060933339266;
  -27.4989980675183, -7.562879585186389, 38.99325958931702;
  -35.35983967715558, -9.277682644305244, 49.945492824898;
  -27.11985727337926, -8.276742436193134, 38.75335242203313;
  -28.82744648112573, -8.984741294648387, 41.34628924887073;
  -28.37607143875188, -8.558953705157261, 40.72386877944073;
  -16.37411155369166, 3.129508495015088, 24.42728648370446;
  -25.70508825079876, -7.955482553640933, 38.81603228436826;
  -16.36797917166705, 3.163173786472127, 25.37729855264219;
  -27.80482443251238, -6.927977277414848, 44.12318630066632;
  -16.19974998377554, 3.266499784847912, 26.0855336302664;
  -27.59749941945856, -5.856038601808963, 44.17444263157289;
  -25.03899858844959, -6.635570453752789, 40.43407892334336;
  -12.94390488964645, 3.215041431668302, 26.02263425063301;
  -18.6246086125884, -10.46409962342271, 45.29162510232182;
  -15.99024315882427, -9.130551899692126, 40.63906809262418;
  -11.51642284027556, -1.121656040000975, 29.96064539293974;
  -10.58965680183924, -1.264497227619519, 27.7998129323748;
  -18.11230585886674, -11.4515223866971, 47.55110294584548;
  -16.59730453395534, -9.970818949482043, 43.82756774531984;
  -10.10696905248896, -0.9030231038621693, 27.00698975696867;
  -10.93527008618252, -0.9937791422716402, 29.27733086137153;
  -10.28550975168321, -0.5874837378971285, 27.59578422130659;
  -10.41348809307377, -0.7790735248133521, 28.11327478955658;
  -10.82209838367661, -1.054838696149821, 29.31436886708372;
  -18.81333515637411, -4.695331026583973, 51.53331444012978;
  -9.805198555684378, -0.9608392164062416, 27.70014066100328;
  -9.703349976471509, -0.8030916673820833, 27.44595219844574;
  -14.66890831247691, -7.799075692890266, 41.91037307490718;
  -20.34102102946393, -4.849088551973424, 58.13204476183812;
  -15.74554212577652, -10.05670570161835, 45.50553819519612;
  -13.85556733419186, -9.05857064596543, 40.56621848455488;
  -14.09554386115429, -7.778856093486064, 41.82557932651466;
  -14.75874210841984, -8.815109231784543, 43.83636595056657;
  -14.07613755198966, -8.579985554421093, 42.67009312420819;
  -7.721211293809179, 2.491518555097195, 23.72394997427448;
  -12.31888511379543, -6.696015160943928, 37.87841456407681;
  -13.62635264323032, -7.898693111647724, 41.90575951082186;
  -12.80757543414983, -7.945369012668114, 39.59273315648976;
  -14.52469474392861, -9.333409896573222, 45.17723684934959;
  -11.41192798778188, -6.324520264324699, 35.86515758617994;
  -9.188873037364955, -7.472007406740342, 30.11000358776566;
  -7.662124875814593, -3.947782515187775, 25.53753676501543;
  -8.696256564574021, -5.634490928385787, 29.58447530494465;
  -10.2405289016138, -6.343558734596335, 34.7345105519009;
  -9.000814226849224, -6.164971538891796, 30.95457584888488;
  -10.32258072900618, -6.366945387286983, 35.9306514501965;
  -8.430564947181718, -5.985035975560704, 29.62386124947999;
  -8.03655504039064, -5.593035138705398, 28.78471899179902;
  -7.980401548333741, -5.856618183802359, 28.5938927349303;
  -8.429410097131434, -5.692453742209858, 30.25265765668059;
  -8.355124591803349, 2.779437682841404, 29.96170618230329;
  -9.230956132135736, -6.27200284044438, 33.21680244006884;
  -6.490385991504931, 2.296117383828392, 23.84418452182587;
  -8.138632239531576, -6.198518216203053, 30.77479519606663;
  -3.551800871591855, 3.192875283975041, 13.76010459568832;
  -6.974783013322638, 2.590324405710676, 26.95284367679076;
  -3.507592213408487, 3.149813414849314, 13.86683008841018;
  -4.899934947527505, 2.989495690633063, 19.22548415603476;
  -6.79405858111777, 2.72033774102428, 26.58053758941379;
  -7.448930547387822, 2.687072650242142, 29.14649415789686;
  -7.330316789813525, 2.702313197123491, 29.77873671991282;
  -6.747652798021002, 1.029648700169165, 27.64043885566134;
  -3.706960580903092, 3.129458740136048, 15.56959863746734;
  -5.951878370918874, 2.832557210145645, 24.85652753278824;
  -6.967192394866149, 2.659287140672058, 29.56610205921079;
  -7.293760507839725, 2.216522323582842, 31.50008534781415;
  -6.622403747510866, 0.9770825190403065, 28.85338947116771;
  -6.853467625985309, 2.690598940619908, 29.92034331886127;
  -5.461257398687585, 2.782524729070295, 24.6007441775344;
  -6.262531477153923, 1.468819015678803, 28.19360603734294;
  -5.44959344931458, 2.462865751854001, 24.80170687991314;
  -6.453466278589319, 1.216519682694821, 29.71271265246107;
  -5.756181047838252, 2.565356251727713, 27.24068838488;
  -5.34808907403931, 0.2685185495389027, 25.32991218615871;
  -6.033704101448357, 0.684953162626878, 28.76370523448633;
  -4.728018505827166, -2.364663000813269, 23.28822934388562;
  -5.062631186937884, 1.655644136148026, 24.96392658478217;
  -4.551540850160527, 2.914567127265676, 22.91121652540121;
  -3.805423868522902, -2.202140785847026, 19.33021228509687;
  -4.957673276745678, 2.21285542350134, 25.36482053777206;
  -5.222354715834851, 2.5079870263709, 26.81926650810173;
  -3.912877303815067, -2.349208671834339, 20.34615281437827;
  -3.619006430064315, -2.44551781459376, 19.05527065099983;
  -3.80348459302291, -2.364080074292007, 20.34302112875765;
