m=[-19.04654926027663, 1.999960643345949, 25.25238757726674;
  -55.67266894748675, -2.891863212269997, 72.46211699723624;
  -20.3692090416736, 0.8907570790757645, 27.1278939517944;
  -55.98352576698267, -2.47107625018728, 73.74397404756768;
  -196.0407331578512, -56.5901019990759, 257.7186994757066;
  -93.94161039999526, -6.658282168531102, 124.5524453465441;
  -81.56618001286232, -11.91258354295522, 108.2870361115557;
  -68.73018049054578, -16.26419077637428, 91.77601421324746;
  -85.98103408470085, -10.8874766223519, 114.9841765427757;
  -102.5724386217172, -17.79976308721664, 137.1336747673803;
  -76.160910965958, -10.03777993144794, 102.3456442084915;
  -80.58098238315552, -4.986663667484235, 108.6834008533342;
  -57.00463935818302, -2.197431454008018, 77.50166307942868;
  -103.5163313612833, -29.30347834875614, 140.3054326624662;
  -85.47477120998096, -23.72314208355491, 116.2754469617559;
  -73.14038563572909, -8.653193103398058, 99.94424451742755;
  -102.6874306622732, -29.8884284183863, 140.1701725497009;
  -58.63237076162851, -3.259620632994561, 80.48557346156086;
  -64.51084215479652, -2.890758026146973, 88.59204611567083;
  -97.78184856426354, -28.22022064167265, 134.9632610483044;
  -52.66628439281099, -3.20157583460652, 73.8418781680019;
  -65.8618824094401, -5.939328469946108, 92.28357376094129;
  -63.62241956670852, -15.74027937645036, 89.92384870671478;
  -48.53685415311199, -1.771876777316661, 69.49538171442573;
  -58.32716875907684, -4.695726105479897, 83.54422999671668;
  -110.9504434049756, -38.48650227470026, 159.7382108003585;
  -18.10179598867975, 3.704430481248847, 26.77405460748796;
  -42.46246980072599, -2.679350261168318, 62.17569377600755;
  -17.58465527860382, 1.221029899013002, 26.19124149540765;
  -44.58818764499893, -2.32610709968871, 65.51935063406694;
  -47.17413707005039, -1.473976269772768, 69.31890336090719;
  -42.78505807311913, -2.513991445146674, 63.01239388944297;
  -44.54285152721304, -3.331323740004195, 65.60194098506402;
  -42.94064881441658, -2.887982676440887, 63.67503886554403;
  -17.4940418432552, 1.543469514299721, 26.45767351753738;
  -41.51415027366801, -2.51237464141396, 61.81881910954827;
  -33.08736817258826, -3.12522095342347, 49.54602983798534;
  -17.60483449660476, 2.768079337445879, 26.74304475867663;
  -34.00696360499614, -0.5551679805761636, 51.06164584370727;
  -17.32573556877313, 1.61771472861084, 26.46562269905174;
  -17.60570110261695, 1.532344955888117, 26.99765721903951;
  -27.70770632478752, -2.746106904595801, 42.11499308722046;
  -16.42580394027864, 3.600341455528648, 25.28290854082569;
  -20.06082870377504, 0.95928245314179, 30.73254950457889;
  -30.71209267890789, -5.419677438372062, 46.83403555352225;
  -27.41455838491259, -5.366458828995244, 41.89109229655838;
  -17.46188083089331, 1.69852414037315, 26.95754641533767;
  -29.36149822108017, -7.005198856920233, 44.86673873126899;
  -27.4993514376014, -5.73381533685067, 42.09418471339414;
  -27.02359265457592, -3.242756310630019, 41.40357126740496;
  -17.21258023452187, 2.699891635581845, 26.69012389825652;
  -16.84242254492418, 3.388341728326409, 26.16352201684327;
  -63.63366614767556, -23.28924760316151, 96.82368464606638;
  -44.49936751472108, -13.72435913419288, 68.55905615595836;
  -29.59919097983272, -7.826544660774011, 47.03321075081468;
  -25.48439077984757, -8.551961042045257, 43.13300139412638;
  -15.26433835829829, 3.401226853734755, 26.29422707642919;
  -25.97200845832063, -9.581150456400101, 45.41296401532976;
  -26.73243347262235, -8.702236588946162, 47.16821603412509;
  -23.05460780592446, -5.734329396014775, 41.02192682410714;
  -14.56965286339723, 3.407793427060998, 26.17038600788326;
  -12.60533242372973, 3.434082162782451, 22.81617945606724;
  -25.47974701125894, -5.820620214933495, 46.01896564053723;
  -26.17137562475478, -7.530491107436819, 47.63232735503424;
  -14.00501001899365, 3.379000294607071, 26.18095558721641;
  -12.75312125253786, 3.481243387130391, 26.27924623439453;
  -17.8826789148389, -11.63768139329757, 50.64303355782202;
  -16.60569861853084, -11.45039079588941, 50.09252583680755;
  -14.99088685207028, -10.06383032676728, 45.31594089852068;
  -15.7532473400333, -11.79665800166262, 49.61458990136232;
  -14.57041526607787, -10.72648233616508, 46.00519790321049;
  -15.85744087808422, -11.27483684234999, 50.18200943377404;
  -14.18801716718988, -8.895239300211539, 46.80470273034095;
  -10.74976703483941, -6.772808396095942, 36.44202179752931;
  -9.396352552869317, -1.019022384086097, 31.92894105893685;
  -12.78981213553316, -8.16024068719396, 44.40559097630008;
  -14.29079012818986, -11.01462348195224, 50.39038042719388;
  -15.71938326825681, -12.4280121473041, 56.1494633665001;
  -13.04936116703415, -8.716753476825899, 47.41486552255455;
  -13.0756195284995, -9.474209643370918, 47.6251128710129;
  -11.36790592616006, -5.467098304435598, 41.67898818505315;
  -6.593884871542328, 2.628979423520066, 24.62893900369708;
  -6.275600517173134, 2.61475170209327, 23.53536309904362;
  -11.43793669404418, -8.485899689608752, 42.65118144713539;
  -12.46359395728897, -9.473236723566771, 47.57316766953939;
  -8.750971804813318, -6.928484025747482, 33.82168412711702;
  -7.020847005740714, -7.144092293259036, 28.66823750898866;
  -7.239972379898806, -7.487526812280017, 30.2865594185924;
  -6.891697315395918, -7.045396213668292, 29.30811275507666;
  -8.758542529294756, -7.145331424829077, 37.45052032537402;
  -8.109655604113293, -6.317996826221504, 34.69285090243157;
  -6.287784120029771, -5.335900201090825, 27.77288406648578;
  -7.080711664412025, -6.375199216427772, 31.48957097531749;
  -6.880288050819195, -6.11461750153422, 31.36175332856956;
  -7.588850817240957, -6.53301070193702, 34.69200348540537;
  -5.771131916847804, 2.583311957852069, 26.42042408528253;
  -7.215341927143199, -6.009870400167683, 33.18056325594587;
  -7.602891246408181, -6.590841796647716, 34.95465238412735;
  -4.872593289223013, 2.381816065170571, 22.47134203936101;
  -7.269768640652487, -6.013119299954122, 34.12356778666488;
  -6.696015172253147, -6.625459116937344, 31.86229900062834;
  -8.941019766750463, -9.372401931308284, 44.010132017712;
  -7.976519250577246, -7.85187361226552, 39.75179009707654;
  -5.031102914040666, 2.582434736264306, 25.35596203795265;
  -4.511262327191205, 2.47836197962263, 23.01907216063213;
  -4.920924257308717, 2.453817935681568, 25.21258394225306;
  -5.490174355047498, -0.7970564989242283, 28.46100758090438;
  -4.781099462289205, 2.471199769112685, 25.7724249273352;
  -4.875908086738169, 1.575234591261347, 26.40112665777789;
  -4.564190261890683, 1.024679277313363, 24.81260210605421;
  -4.281816873692041, 2.880212790970342, 23.89388590351879;
  -4.572404947960419, 2.493206502307703, 26.17543599796851;
  -4.49550278448787, 1.392966294662486, 25.97606746941291;
  -3.983570875906876, 0.8805911530150529, 23.53823721395414;
  -4.526805977376316, 0.6253315082538284, 27.67292564850423;
  -3.872904704443169, 2.869547510404499, 23.96529939382497;
  -4.313941513708428, 1.515042582725159, 26.7348477127176;
  -4.414117921727947, 2.927783961748329, 27.73657879883679;
  -4.26703502947286, 1.222453032240613, 27.25018440983632;
  -3.961837175962732, 2.74080545092902, 26.04765872691032;
  -2.586380306311555, -2.362468375487524, 17.56922514295358;
  -2.754106428212522, -2.482246254275138, 20.00334313536035;
  -3.767561578231058, 2.595804203558908, 27.93895663379578;
  -3.566379655869915, 2.622498219693996, 26.52582437421343;
  -2.158083196928089, -2.177487967987226, 16.64728187125249;
  -2.60187526742799, -2.413359280027261, 20.50753374952086;
  -3.16637594326179, 2.768430011055008, 25.39535120356139;
  -2.427710599338099, -2.544648399404045, 19.61238612136927;
  -2.291839655373171, -2.041524054111022, 18.92105657678306;
  -3.069680755015062, 2.50607488011129, 25.42589421050291;
  -2.301266046104343, -2.546998209242147, 19.61418617906158;
  -2.45607380976339, -3.763147774819135, 21.32796531134195;
