m=[-164.7360222285892, -27.10664927163322, 197.0112524204893;
  -160.4699333359126, -25.65499556832021, 192.7045006500562;
  -167.3660360469955, -25.27092565127301, 201.1491354226883;
  -151.5178460995892, -7.324252436584268, 182.3798567393087;
  -128.8683462537822, -15.29545172645706, 155.8021839022347;
  -156.8863742519204, -28.86080576186716, 189.5485795441156;
  -127.5388562548128, -16.39104118960333, 154.3157828667279;
  -170.0048595518467, -28.0952785616211, 205.92251979414;
  -145.7835463546996, -21.26771677341194, 179.2399233214923;
  -132.8872392648278, -25.48658922406154, 163.7944212008752;
  -195.2517156889769, -38.54582425008993, 240.6386128431511;
  -156.1209401742259, -26.94239836222045, 193.2051092904322;
  -115.8450266504043, -23.40502243326665, 144.5171829624026;
  -108.2547400154621, -16.04263309388911, 135.483680472681;
  -91.89340240371126, -15.1105111957626, 115.2880128856154;
  -136.3727302986877, -26.81372577253812, 172.9065581021293;
  -106.0688638606138, -1.825280314162054, 134.9919560662099;
  -125.4133685866298, -22.61749593539097, 160.5427335557886;
  -95.47641281676761, -1.045342705818532, 122.5012272140359;
  -98.68521484380116, -1.999284027566058, 126.6794068451723;
  -22.28338173723842, 2.198929517096275, 29.33402976725242;
  -100.7609107814515, -5.839234887125929, 129.8982509859174;
  -22.6359074764141, 2.121945907864412, 29.98351959493635;
  -24.10365534395019, 2.240586665010746, 32.24275248291805;
  -63.10074784273071, -0.6871379721530311, 83.58349713896511;
  -128.6339780917203, -27.94491265677674, 170.2203156926719;
  -80.28084069886516, -4.128156941117393, 108.6846429766351;
  -148.0296635798655, -34.2040679242179, 199.919098113937;
  -84.6027006194463, -15.7217258282984, 114.6907676614879;
  -67.84170237237331, -0.7660392674979779, 92.15010072505842;
  -95.7022855131425, -19.65951763007321, 130.70104459193;
  -78.4529329828253, -9.405222102838375, 107.5844382093989;
  -79.64445179754247, -11.53968780947914, 109.3011980059646;
  -84.43460060206407, -13.77934050207825, 116.1152685081165;
  -79.19905570144169, -16.86306920192653, 108.8846093940838;
  -70.1063065484863, -13.89835120984263, 96.63344519531118;
  -74.51867940348119, -4.632095616781695, 102.7490871399939;
  -78.34414848821501, -13.64839709368521, 108.1527694715898;
  -80.01794193225345, -12.50107020744636, 111.2470714937464;
  -74.96719390139721, -10.23626393556457, 104.2843412808732;
  -76.0719568775868, -14.59437134649593, 106.1361940329434;
  -86.08233099350269, -20.15822130925999, 120.2310669596807;
  -129.7121471060399, -37.27099621123841, 181.7583984484661;
  -71.99831076519213, -10.57496506186553, 101.2833160998796;
  -19.45665807590637, 0.734401856508377, 28.01244562055723;
  -61.68646954694346, -6.242396082575545, 87.5267369519877;
  -87.57388735056074, -15.36231987598979, 124.3592585865904;
  -81.41420181914823, -19.51069529229072, 116.3828111674936;
  -162.2491530325753, -45.82166863045715, 231.7199940588951;
  -158.8909266246879, -48.56982855134434, 227.0349755501096;
  -87.09169936222003, -23.59763645178115, 125.173008908994;
  -155.1018405894139, -49.48976291261654, 223.3787556504951;
  -104.4105557001172, -32.05267097280892, 151.2770624496026;
  -50.03950224685337, -2.371294536611759, 73.76228108111366;
  -124.7076926846481, -37.05506605516364, 184.2715253759531;
  -47.31391874732008, -2.725146627708189, 70.52533047443764;
  -47.27840043557921, -1.867181576875027, 70.57523786558797;
  -52.67302852341756, -2.561847843461639, 78.78666137721261;
  -129.5707407129142, -39.83629019928021, 194.5663715069195;
  -41.98468822421605, -1.611643603633762, 63.87974369820302;
  -54.04354343369361, -13.56253132777778, 82.02086775855732;
  -54.74236050399652, -6.707399358991828, 83.53803778598393;
  -58.16509360416441, -7.888576372415285, 88.94164638400335;
  -60.22176980204227, -15.77349863746989, 92.3752668344289;
  -53.38799898683774, -6.857807688889788, 82.00965664006826;
  -62.21862898631584, -3.63780232025898, 95.56274517614793;
  -45.5015088025401, -1.482926920493057, 70.26372046532839;
  -79.42451533536791, -23.99831893161425, 122.8213376851236;
  -55.2229942888299, -6.686855632612261, 85.92250056022728;
  -110.2213219028176, -36.17734333257802, 170.8098301696369;
  -48.78938393028143, -2.527139010480824, 76.12893798951167;
  -73.61333350108951, -22.89497995544011, 114.6827029171947;
  -53.72496854073599, -4.201978560553087, 83.94920512269134;
  -54.16469129186199, -2.125886546141426, 84.65177475096895;
  -105.4473678586971, -35.65006891565488, 165.8639437810339;
  -51.87426588178774, -4.657180578655342, 82.82244440362437;
  -44.34433190455593, -0.4966431752196867, 71.16842317292134;
  -54.45628570301652, -2.502011865210915, 87.7781888379446;
  -15.7188457777261, 3.763967732924287, 26.01452216207706;
  -59.92080404088082, -22.79068946911995, 97.56822639215945;
  -50.93353020453505, -4.034856038509237, 83.15760433103239;
  -15.76834321122295, 1.39561776869117, 26.26993897626025;
  -39.08633886637087, -2.617786860490117, 64.20595892096347;
  -37.29393691644865, -1.787068276141687, 61.32658176352116;
  -43.5814640882401, -3.269397695661264, 71.57385219165629;
  -39.20322381671178, -0.7722959980755306, 64.71036456176211;
  -67.17847978407605, -25.07255336537577, 110.7849503403669;
  -34.44602336791874, -2.076551635418904, 57.37684037523152;
  -36.38302745459099, -0.3637249288969794, 60.61968228636577;
  -36.84442303706355, -0.8819100551513996, 61.69928339921613;
  -38.16220075189437, -2.780572348963641, 64.00657059916846;
  -44.5185015713206, -2.103674647807423, 74.5786168526556;
  -51.13323529287001, -20.7789260722777, 85.75738028875573;
  -34.23496101766245, -2.208470976424899, 57.81685291707426;
  -19.17328007599917, 0.8001590689776894, 32.73463146461339;
  -15.34232184774346, 1.666676225513051, 26.39588261536764;
  -46.71824781866715, -15.76895283734005, 79.05529312328154;
  -28.19276523585245, -4.418645025577413, 47.94921542651913;
  -49.63396812534629, -20.52943073677729, 84.05515802878929;
  -25.23712510571708, -7.367362408958739, 43.21955177847545;
  -14.968329627457, 1.80296732579243, 25.93943193442795;
  -18.3191762745983, 1.206042724779805, 31.61202844016838;
  -25.3365249212923, -2.191913189995411, 43.58233306366559;
  -24.33047545932664, -2.439607348913984, 41.91603422624762;
  -14.69288183175066, 3.487339547453955, 25.61204147866376;
  -15.39083936978461, 2.882425829613613, 26.79011990856693;
  -48.59801142197171, -20.56659208672952, 83.30184169800656;
  -22.46079659648902, -5.446531219396809, 38.89839638808336;
  -22.56712835282384, -4.698083477590911, 39.09827077003113;
  -42.67328996062638, -14.84337374846511, 73.41482172122556;
  -24.02860804627515, -6.154424072879148, 41.68732923104054;
  -25.81833103958206, -7.319749122816201, 44.78231984357106;
  -24.65091254481157, -2.71267274237731, 42.88370939475472;
  -37.14251346009425, -11.64241296214919, 64.30603888836949;
  -24.11244736742059, -1.570002358888223, 41.96351241270521;
  -48.77915456480872, -21.12959374073202, 84.61297174473243;
  -50.89607212546663, -20.24571403525673, 88.75906070967085;
  -24.15437154512085, -1.892461208145305, 42.53688001301105;
  -46.99525244043472, -20.79165300996837, 82.46499744887086;
  -43.08549431683757, -16.67366531359059, 75.7222571455176;
  -36.36759686193171, -12.2200189528653, 64.1191522097667;
  -27.01500916017502, -8.663912274873512, 48.57740460276057;
  -29.53431044386257, -10.1433467279462, 53.15406148752768;
  -28.26661532497931, -13.39632828015746, 53.16824185201995;
  -12.95990407750143, 3.447246782498742, 25.28165220473417;
  -20.57337575936619, -7.558384767155767, 39.82549318860807;
  -12.89905124019674, 3.528609299889543, 25.73111553722735;
  -12.50618461368104, 3.513114694514508, 25.54660185603565;
  -22.30803884745809, -6.932647383641856, 46.06533778604431;
  -21.628215015435, -5.350904840171449, 44.99912481251474;
  -20.49983211179571, -6.471206643077247, 43.0409884309201;
