m=[-54.79542452668088, 3.397800338309785, 71.03713802804356;
  -53.50699976713639, 2.674484420673284, 69.41773695286948;
  -52.81710484463074, 2.418319151362397, 68.93843232776358;
  -51.50724609559357, 4.920341193564597, 67.28660140258002;
  -268.7413156020088, 1.176650523048201, 350.838100818322;
  -48.62196538824541, 3.592619452289589, 64.15326437344719;
  -46.47717110524187, 2.746595043834196, 61.54706178604644;
  -77.54810735109062, 1.629633753529014, 103.1819893846602;
  -264.2416207619064, -3.559059993218796, 349.9190063430744;
  -48.42114133868144, 3.144488248272325, 64.77221583898508;
  -260.8029431179978, 0.1152979282936392, 346.437572826679;
  -45.92241484823261, 3.575026604262035, 61.62456438818686;
  -43.13689441764813, 3.039886942080435, 57.94156144902919;
  -241.2497579589928, -7.300382996259612, 323.8910892618642;
  -242.5732655474253, -1.523443382541477, 325.8638533646413;
  -51.05837444425197, 2.052375496430643, 69.24584285036249;
  -248.5379456988071, -16.33430048216523, 335.0365657779203;
  -264.9147612576148, -10.94415157139113, 358.2934951181337;
  -263.9857286572884, -7.286504009472478, 357.2664520880792;
  -131.6573237990191, -6.402350030544494, 179.2447987032866;
  -246.524502469594, -2.173365452561991, 335.4804582559877;
  -46.50304663238396, 3.81990768735178, 64.15507364295009;
  -213.0838750187759, -4.538032085037319, 291.6219852143942;
  -300.6715001996985, -64.5104419532254, 414.0202405458126;
  -340.1135456670862, -13.19858351070677, 469.326683216616;
  -250.4884377218631, -7.615192258509119, 347.9329914710054;
  -130.8235919236078, -0.1119238111107663, 183.1354836482792;
  -47.07413268596655, 3.756777470988534, 66.58430650402408;
  -45.99252793076578, 4.837236041854108, 65.27079374392679;
  -51.71464979695564, 2.017328700801115, 73.43500954452225;
  -76.26169829199505, 1.457290542120943, 109.3920464353058;
  -42.67535309883708, 2.944126962318218, 61.61467596783766;
  -54.05055294998911, 1.420892811434864, 77.98383387398293;
  -212.6888809541454, -32.25265207574891, 304.527034008915;
  -322.2508865254342, -57.70831913620282, 461.2723205491399;
  -46.42982447740362, 3.874745422811639, 67.32989649026959;
  -84.19850608030416, -0.07949893412449008, 121.5681041156278;
  -46.0282125757364, 2.367541552708202, 67.07870372356862;
  -119.0289782999776, 0.1069310361849299, 173.3286018887465;
  -239.1633332670146, -46.0304554934312, 348.2064546181261;
  -39.78235732123051, 5.058398047079089, 58.82266933231749;
  -61.22860730499533, -0.1915655210456245, 91.01743029169877;
  -48.15574779264177, 4.468121456601464, 72.39099094315293;
  -255.3370627931609, 0.09847234342078717, 386.6904601429304;
  -190.828632960214, -18.55436737313532, 289.215371048638;
  -216.1951386169185, -7.287872905213773, 327.8869298967508;
  -274.4636406159153, -44.87800043207864, 417.4650242684392;
  -116.8140723765428, -3.039530688430254, 179.6844025756995;
  -239.0262287147133, -43.84156455529126, 368.4238239784295;
  -176.6765762957246, -28.31429832028679, 272.5426582118853;
  -319.9002935762227, -82.15225752588623, 495.4489708068007;
  -25.38576363579911, 4.246752501619506, 40.18605721672439;
  -140.4772647231302, -5.710355119697111, 219.15591656538;
  -140.7389886315376, -1.897086764499254, 220.1259471142721;
  -157.375781520821, -27.66205311324985, 246.4783338075683;
  -164.4478223976484, -27.70842887741664, 258.1406376372167;
  -128.5687116725977, -25.10960378866038, 202.1565486283527;
  -127.8011193663959, -25.84560054336492, 201.6318094601572;
  -165.3247808357368, -30.58209186972619, 260.8535365661085;
  -110.9439464994871, -1.335236671429055, 176.0411762765959;
  -125.8733514766556, -16.61966558920124, 200.5957143919177;
  -133.8709323413039, -4.74291580659543, 214.0330814728596;
  -45.08585080256972, 0.2155176012387649, 73.1027324144584;
  -144.2634540613564, -30.74805909701854, 232.550426877604;
  -21.17936251286694, 3.560825867753783, 34.78096528842618;
  -18.87433555351316, 2.775799185559553, 31.28133618851933;
  -70.40931941352439, -11.40769744176335, 114.1295878014243;
  -138.2251840768156, -30.09050650597492, 225.1901720057588;
  -18.8927882746724, 3.139870541300815, 31.52443122804747;
  -18.71359027368517, 2.614046063080826, 31.24696332690606;
  -19.25288864996103, 3.847995947306274, 32.19093528060394;
  -151.7983069341557, -34.84897806812072, 250.2594817054062;
  -148.2104546980711, -35.46107795737263, 244.5866013725751;
  -19.28524111860549, 2.561590149995388, 32.45603560452585;
  -104.3275911246162, -17.31997492925993, 172.5093705044924;
  -85.00462464764318, -18.94723573390352, 142.5417953405149;
  -19.14635849389064, 2.54332802012696, 32.69387188805484;
  -98.95679013745557, 0.2261701557918557, 167.7359452271139;
  -17.19321585158209, 2.456595701617593, 29.762308565027;
  -105.4944386549347, -17.13237914008469, 179.0824479014293;
  -40.26876492689222, -5.807635724857664, 68.4956297966777;
  -99.66018889994793, -4.438620160446703, 170.013369321757;
  -16.73994192012892, 1.825620185987066, 29.38725097518338;
  -17.86786096265899, 1.713175706345277, 31.34597395147629;
  -15.47065094023316, 2.750632141982757, 27.31673054132185;
  -15.50842845842351, 3.654524819378091, 27.57480188440762;
  -53.9769169453463, -0.5735812222590427, 94.29706358701472;
  -16.19745596337457, 2.481474638156247, 28.82644813059561;
  -115.6183875665488, -27.50646999429352, 202.2601618065717;
  -72.49998166719027, -8.792233528316775, 127.726675686163;
  -107.5870556689617, -27.05660969513114, 189.6000183854533;
  -90.29570088533102, -23.84027835941332, 159.7791469462813;
  -93.14220502473482, -20.696078482384, 165.2002782764808;
  -15.2019759815609, 0.9629652932110412, 27.80608270090924;
  -67.5366102647327, 0.2125930126705976, 121.2980460595132;
  -62.81584105236826, -13.47036926844461, 113.3266085480784;
  -69.39684386751021, -9.085020455651996, 126.6406699422777;
  -75.03396001941214, -17.94803512990122, 136.7335209393445;
  -14.0016347818669, 1.413428898410841, 26.10720839421099;
  -67.1995761742338, -12.54021958621371, 123.1624362142792;
  -73.98947481685298, -19.67861308261063, 135.7181781811943;
  -85.46564939090609, -21.39053256737325, 156.772519370256;
  -65.30223263616705, -13.0477969260381, 120.0077941385069;
  -76.7623069716765, -4.839095447750879, 141.9482179486479;
  -60.11767444457735, -6.97982317752505, 111.2872410452107;
  -12.53286112311173, 3.922325649902336, 23.80822356300087;
  -73.91687458433192, -18.67955330254413, 137.1068485925246;
  -13.731714682723, 1.309727906556591, 26.05336511683061;
  -64.18968895207117, -14.29202134455487, 119.4524884289603;
  -52.86466942501458, -2.789024271380107, 98.68620565267227;
  -13.33182145302947, 1.873718515733261, 25.45771918195906;
  -81.38807068468761, -21.38897920004329, 152.0310809113612;
  -65.96358089811196, -7.065890371132951, 125.1165800678221;
  -12.34562657445011, 2.177693221579395, 24.00660626126804;
  -61.71234954605309, -19.10452615943502, 117.7338382706231;
  -61.70118465697514, -17.46210826411118, 118.2286174669873;
  -66.95092771364082, -19.29988582236193, 128.464395049884;
  -52.37191611820021, -16.89470297084904, 101.0574151454194;
  -32.72728597511607, 1.413678205442099, 63.8173478753008;
  -61.57998936002176, -17.73866835113341, 119.6573822283567;
  -58.37597555776349, -17.99533032401539, 114.2676511280444;
  -40.05178415094335, -1.658155895329406, 78.77236716611044;
  -37.83057918023758, -1.175262514867479, 75.434931775077;
  -38.92324210754653, -2.110234059077456, 77.67935576968763;
  -57.89702859843664, -2.464268834118538, 116.3135245229538;
  -44.44960798129585, 0.2840202814937555, 89.46493211731402;
  -13.27911078318265, 1.271182177825286, 27.27945951717478;
  -13.88756181688289, 0.7464372958469461, 28.62272817761136;
  -47.50778692627697, -1.432237685093158, 96.88662652736079;
  -44.85235500444146, 0.2242170649618318, 91.57970997918716;
  -44.56460006267974, -14.32274018361735, 90.94333154363265;
  -34.45849831001682, -10.44075363979052, 70.45431441858409;
