m=[-25.21304204734031, 2.408530426386314, 32.9371115519805;
  -22.48101762850354, 1.8761264152223, 32.60069593111916;
  -22.13180827668801, 2.053495417831922, 33.27003745040229;
  -79.69846453270937, -7.749123216341397, 120.7891113313167;
  -62.51876071178617, -13.32513879933015, 100.7792623986474;
  -64.3289734402596, -14.00389810840188, 104.8018325366493;
  -66.54326543759025, -15.27661832764444, 109.7053284436175;
  -80.3433448847192, -19.22308127397023, 132.5878508927744;
  -65.85255321616697, -14.67830549970831, 110.4262409498151;
  -7.704369392072933, 1.81551659063781, 13.69877419883337;
  -41.8137540093016, -11.75375575793971, 75.06495651969959;
  -6.234400870046682, 1.951138706808404, 11.8432661335184;
  -32.92583047501491, -6.144341493234752, 60.34599809330465;
  -36.40740525122551, -9.683096724961267, 66.78175139412261;
  -31.63298443123626, -6.320469306507337, 58.13284677050845;
  -7.059755367359459, 0.3241019457080827, 13.46425675622612;
  -34.7362969377353, -8.778218963264511, 64.43162311297952;
  -31.692181845039, -7.056356663809583, 58.97691742921079;
  -31.46756885919115, -8.905665219921364, 60.29652723772811;
  -30.16210152583934, -9.730019140517179, 58.20111696267997;
  -31.67781469143011, -9.125078694228304, 61.55383299160359;
  -19.18111858176528, -0.7941040712568953, 37.72471433195643;
  -30.47574697005682, -8.928792861640567, 60.01616760534084;
  -18.86459524725307, -0.5860563632032797, 37.61638035360474;
  -19.13995195337952, -1.037677652584256, 38.19772086542183;
  -7.12943446362479, 0.6824862128276559, 14.64609505909926;
  -25.69612712743183, -1.09370319635692, 51.62280664714778;
  -19.93612908550377, -0.6010230578715345, 40.65742519443912;
  -19.62123547117252, -0.4260665825588088, 40.77825057536933;
  -21.09386349265309, -1.15629178547543, 43.8010804960489;
  -18.66180469477468, -0.8733708711421699, 39.28979074746304;
  -17.24255758542253, -1.09897982855728, 36.50471595649589;
  -20.57651325645512, -0.611876125281857, 43.50480205947081;
  -5.933233780552058, 0.8246245311232133, 12.96005163000272;
  -25.14874713247457, -2.022004058314428, 53.2151818383152;
  -19.92081628933803, -7.067482716603815, 42.56413953645733;
  -18.78045603764683, -0.8500881862439415, 40.33674706885373;
  -19.0113040221987, -1.032142162513826, 41.03901137676688;
  -5.414740846586861, 2.103888851836704, 12.10776794614948;
  -5.806373324750176, 0.9780773891693593, 12.95685879779642;
  -21.58555953359387, -2.073211306944633, 46.86103230221863;
  -5.934473876605736, 0.8416121397570076, 13.28633892061707;
  -5.881267018046472, 1.597919848258561, 13.22018579317529;
  -25.71947193614562, -6.892433512103522, 55.98821379867712;
  -17.67464434738642, -5.702533063837334, 38.73819682448644;
  -5.87418533140149, 1.156251385744031, 13.26228062720476;
  -5.403444430718086, 1.974299083337151, 12.25616779979346;
  -14.77892921628176, -0.05512452329879394, 32.82274681379493;
  -18.08136076147769, -0.5591458873093645, 40.15446746783658;
  -19.50188595241972, -7.843310954578798, 43.2586965182088;
  -27.26854849047048, -12.80466626756486, 60.89218468880064;
  -13.88029934862186, -0.1995254578963342, 31.28720321275484;
  -12.1313219962649, -0.6976257527217565, 27.45399642303718;
  -5.764182437542612, 1.580991140542331, 13.32683793984734;
  -5.789251736232553, 0.9875658277459491, 13.43065601345352;
  -20.25503329370065, -10.17994854822189, 45.80949304187008;
  -21.51317004891401, -11.14755232470176, 49.0248221132138;
  -6.557326177530963, 0.5471709763444159, 15.26432957120002;
  -8.997713788398036, -0.9800297345898495, 20.98960927009656;
  -5.986346904098867, 1.056384331370712, 14.15223468099856;
  -5.482487223709166, 0.8737325542360014, 13.02403420242331;
  -9.373950389633404, -2.826639097063787, 21.9812161532207;
  -13.16991959341205, -5.448055061240422, 30.8031744669639;
  -17.06352847194343, -7.217642805607692, 39.68574636469;
  -8.462435533803003, -0.8281356683569567, 20.00233603893895;
  -7.898765470996684, -2.126696251798072, 18.8680981259248;
  -8.607220445573594, -0.9522812134683918, 20.54141936845189;
  -18.72752180920544, -9.828090027064679, 44.20876888992162;
  -5.529150737287385, 0.9762848858966546, 13.4255384867007;
  -13.42830231775937, -5.216235908332167, 32.0031706832041;
  -8.775528334567126, -0.4638152524524242, 21.08788000495381;
  -13.09787306913264, -4.647870553823415, 31.42606075811802;
  -17.52713148558101, -9.669093727705135, 42.12733937130646;
  -15.47324989552364, -7.040702788379047, 37.44272568709781;
  -17.17144979549346, -10.04596254037512, 41.78743879722456;
  -17.25591363135605, -9.785304177289675, 42.07101167189957;
  -16.931231798359, -9.443296351518056, 41.38058162215715;
  -16.54940489678498, -8.333783456433174, 40.97156501298699;
  -16.21967528830032, -8.58480526840169, 40.46194728432768;
  -14.03106058821603, -9.156477940129761, 36.5136959251126;
  -10.64280797628023, -6.705737630674491, 27.85927104475013;
  -4.317332034181947, 1.873032358632402, 11.69637806648996;
  -4.586275022721774, 1.8877435122466, 12.56904179620172;
  -4.549163556853411, 1.940913697211515, 12.85982002409144;
  -6.551955957268239, -2.344876802565646, 18.46149987584356;
  -7.739314338838387, -4.775515805601638, 21.86193975257168;
  -7.195226764900935, -3.128094645190962, 21.1415594145581;
  -6.803297764613344, -2.788389955909233, 20.12697043399049;
  -6.969142288796693, -5.168051317532932, 20.59714247109964;
  -4.106143119466692, 1.851852460634197, 12.33261196944158;
  -7.215058793511871, -3.031137309278152, 21.78196492247376;
  -3.119196441557538, 1.910556379349604, 9.687298776756053;
  -2.574554978534303, 1.855245084730124, 8.224076012689245;
  -3.044305278102903, 1.913276417483623, 9.789439675666277;
  -2.701998584686874, 1.845796568120078, 9.561486535234195;
  -2.588962417399697, 1.824501441379513, 9.329615756077894;
  -3.065279774843528, 1.815847798565478, 12.01781765201091;
  -2.907096847176085, 1.837309378330583, 11.69784202117736;
  -2.943609811853177, 1.819926992422347, 11.90802380866348;
  -1.727030256157977, 1.815883297145382, 8.470875698864674;
  -1.904590610847719, 1.808912901718768, 9.500165618180514;
  -1.835808436472161, 1.797339384415417, 9.70656906997205;
  -1.779525997119754, 1.780291665561201, 9.467550165438377;
  -1.816444493951353, 1.779677608925187, 9.771540480134835;
  -2.892115635519668, -4.486205590579176, 20.57588631126827;
  -0.7788619069358929, 1.57387791605952, 11.83238079780386;
  -0.7570429632659576, 1.603938584247637, 11.61596605337656;
  -0.7335303854203269, 1.658595889414146, 11.72491529445431;
  -0.3549809253576287, 1.52736872523466, 12.23919407629097;
  -0.04438663888920411, 1.521745653282583, 11.18807856762857;
  0.1880435657740058, 1.108086241032124, 12.16462247808975;
  0.2413318176842607, 1.102688494844519, 12.58954988890102;
  0.2772019055297779, 1.542364335610235, 10.47622622008916;
  0.4117036702429925, 1.503175685450648, 12.42836119875819;
  0.4530808970505869, 0.6842282282620186, 11.90666066868053;
  0.4591424205653611, 1.587859631096686, 10.59218243475393;
  0.5768261479068115, 0.7546934014406891, 12.22470141356603;
  0.5891477434975438, 0.9803481602964144, 12.39629687728011;
  0.6401508586357378, 0.7774740917614084, 12.44853258836024;
  0.6489635877985464, 0.8155527668184002, 12.35907634988099;
  0.5147152706489222, 1.599346439300923, 10.55017113945551;
  0.6346862373751552, 0.4916562864828257, 11.46251967572018;
  0.6662763671018667, 0.4298593655021949, 11.77654157768548;
  0.6960164707953223, 0.3698461342433552, 11.61283317848917;
  0.9514187236053268, 1.444698929170214, 12.23620261342545;
  0.7853341574958532, 1.661326397827666, 9.96637006175497;
  0.9781683392785771, 1.156242770534224, 9.060316686733989;
  1.024230269649076, 0.4895234252227904, 8.95859446044785;
  0.9528942117720571, 1.699766689013993, 8.047925989269086;
  1.696791815475119, 1.360540126702959, 12.04238846739474;
  1.817856576923054, 1.237920452532225, 12.28590239369887;
  1.639429662373094, 1.577254203053213, 10.81559684408088;
