m=[-23.56805762911076, 3.761471848745569, 30.74627148684975;
  -23.1030006816289, 3.492938585024701, 30.57934450510405;
  -83.82472963578788, 1.67720544100579, 119.594089092391;
  -92.01772933989099, -1.523943066863137, 131.5253042500819;
  -46.51427637002214, 2.10075320545456, 67.00573455449212;
  -38.55519636150982, 3.942474992072318, 56.70329303037011;
  -104.2855457904279, -4.828111945038284, 152.970839771124;
  -39.63273189043379, 2.798107011635266, 58.66838841919098;
  -40.90477616480989, 3.455288417636056, 60.5324445955978;
  -38.79524050012827, 2.232144893768939, 57.46260423654329;
  -40.5337880733783, 3.48587320304874, 60.2529948786275;
  -36.40676412528003, 1.937594232148164, 54.26827703344677;
  -86.83685973485763, -2.285835376371117, 128.461051224132;
  -38.84420749189592, 4.208509337469098, 57.93473715500241;
  -36.01369740839402, 3.264666609592603, 53.88808030079387;
  -36.02392564600783, 3.026589633876474, 54.25626050328503;
  -95.98709832900022, -2.625236512421421, 143.4720802667037;
  -15.59362000584866, 4.050787184688767, 24.0598679351419;
  -85.53807806366967, 0.5969940857976556, 128.6977249974645;
  -100.2853958743855, -0.1552958606589996, 151.5512214628965;
  -81.62181798350332, -6.441529556670323, 123.5692037254656;
  -33.75783436682035, 2.710588283992508, 51.74011615401178;
  -34.64838850659905, 3.062412256627802, 53.09271853176093;
  -52.02501092737361, 1.286752760030972, 79.42797106254731;
  -88.57106427608962, -1.19468093060025, 135.326799402021;
  -88.12651122325664, -6.297986312983744, 134.9346872831565;
  -85.88428690919056, 0.2256452436640319, 131.5915643229837;
  -88.43877200689795, -3.256088963685786, 135.6474291567036;
  -36.36191007078782, 1.699183423768373, 56.43020672213599;
  -80.40663393235185, -8.09868722944449, 124.1476719871873;
  -78.9498711785354, 1.295671966326772, 122.1072886502823;
  -82.16869128883279, -6.324446951393689, 127.0755842950666;
  -83.45022349620946, -2.562971571947613, 129.3242997682247;
  -75.98496196890112, -0.3920715642354213, 117.8026281129733;
  -86.28334344347947, -6.137095629614382, 134.3397477719374;
  -86.77804437145754, -3.736569982498214, 135.5537508500029;
  -85.43261991746749, -2.424189098175065, 133.5184958617141;
  -33.17264638890786, 3.098371301864796, 52.36495570107842;
  -85.87527654216684, 1.790816216021942, 134.8996485971775;
  -87.29955833163827, -4.369458652719785, 137.152704303172;
  -84.29653748696804, -0.5585691222403686, 132.6279969370078;
  -77.01238019534192, -1.66599206660462, 121.7306816049861;
  -33.29165503687081, 2.522608094100634, 53.18521028200205;
  -87.20997193342959, -2.699622482944434, 140.1044483077387;
  -32.82647942413589, 2.984549280200011, 53.23190574230914;
  -77.02095992062802, -0.03409784886822981, 124.7675328111029;
  -68.28472746452221, -1.797112921888736, 111.8195082761163;
  -34.31820269216241, 2.769761605873024, 56.85361443942924;
  -49.85783207787034, 1.179045246271535, 82.45690445098764;
  -33.85273102322489, 3.237290247819245, 56.38155062242986;
  -33.43945469408692, 2.011657646969864, 55.99407912473684;
  -51.61646342234407, 0.679200083284246, 86.03259735861386;
  -32.27859216164264, 2.925398448686548, 54.45208998153405;
  -34.13826080583133, 2.770121439393432, 57.63568784045629;
  -53.54545465212186, 0.2297645864569782, 90.24642942744553;
  -67.00956583769974, -0.2146163913050238, 113.6898749701296;
  -26.65059909197269, 4.538809580379539, 46.12565873690315;
  -31.65577854810089, 3.366262624832324, 54.83199013668223;
  -31.49647318089958, 4.724179384279634, 54.54522868094062;
  -89.96041333565643, -16.36612762122318, 155.1735681201632;
  -77.88726590552018, 0.1308083250924272, 134.5642458161503;
  -55.23698018189342, 1.187256639937701, 96.53986766215259;
  -66.97669585332497, -7.12789959260296, 118.0490139581499;
  -62.95797533548671, -2.253297111939248, 111.0517918298577;
  -65.33530079832892, -0.883618328587151, 115.37017457338;
  -74.11797562609286, 1.028015834181258, 130.9315655492921;
  -45.85261132871867, -4.316327308682562, 81.16880082735979;
  -78.87963162978434, -2.209419644659216, 141.139709348063;
  -23.3226238915007, 4.482523433150035, 42.354302915101;
  -64.96690728870325, -13.16421158017149, 116.6906730426271;
  -68.48547801775922, -12.14522864462089, 123.0418819202539;
  -78.63624907274813, -22.47934506324343, 142.1692164961425;
  -63.26564884146258, -12.33791446908664, 115.5078351918899;
  -62.15786734532787, -11.64430319455652, 113.8210639253821;
  -69.09097219025222, -14.88057033411935, 126.6282458653932;
  -61.32008196339344, -12.58854835074742, 112.8662444618057;
  -26.43112378225027, 1.754998514274286, 49.12173648941639;
  -40.78029802115286, 1.189186356524641, 75.4730178250356;
  -15.37206491865881, 2.952220410249519, 28.95698448232578;
  -57.27201732730826, -8.412065496055027, 106.5156098186825;
  -61.96048070308434, -7.082935526408507, 115.3230575302263;
  -15.48252841452471, 2.631282840760114, 29.39646766964665;
  -65.84926657838423, -12.67277180055196, 123.0758227703064;
  -15.58102580689962, 2.992746738889168, 29.80796459542071;
  -15.51229207655717, 2.523061236093717, 29.70077457779745;
  -55.11555355782593, -13.081163160043, 103.7933479517117;
  -15.44745173207486, 3.566280146119554, 29.63325541887974;
  -77.34457584183238, -18.00467807113654, 146.2122342519423;
  -55.92091482170017, -10.17539428026325, 106.2022368922164;
  -56.50270286007966, -13.73367558725301, 107.6392090344071;
  -54.85812824156149, -12.4753261228371, 104.5515832192562;
  -47.56124163314517, -8.366950241731209, 90.93621988971758;
  -56.83534276055235, -12.37757385790051, 108.8604535464329;
  -17.85946027730759, 2.576844726326096, 34.74531606013031;
  -13.6033210147624, 1.842348771343741, 26.74959038456039;
  -54.05033504679649, -13.89224419976469, 104.3617160382722;
  -65.05088100004096, -17.33436471316949, 125.7076077108071;
  -50.528458277908, -9.428483255437287, 97.9496647536448;
  -49.06926136983643, -8.124519305833228, 95.47722022044114;
  -14.3694350235571, 2.418789494207207, 28.60086137420968;
  -74.08538990464525, -18.40912408041102, 145.3387276646657;
  -43.94599995336724, -8.529271625846466, 86.80834546681462;
  -66.22869951877881, -16.69405471579866, 130.5689406524333;
  -14.78351695929887, 1.770513801850144, 29.72358211816884;
  -11.58293781621343, 2.424099080414425, 23.51363889740534;
  -14.04655524685118, 1.819574133547048, 28.38397075166223;
  -13.11014440087964, 2.51953047165597, 26.5644890858577;
  -36.55836927536866, -6.65300715699298, 72.78323705092227;
  -14.45882192518629, 1.638968599110712, 29.2352498088253;
  -47.5392152803737, -12.88025162631024, 94.63571067434351;
  -44.62592562679465, -7.388195796943519, 89.00626239283353;
  -44.96232391758115, -6.045776451068893, 89.81988232431499;
  -42.88621016072202, -2.056302558568474, 85.76208393185227;
  -54.89580045313993, -13.89483430022891, 109.6430841798948;
  -12.91582801379247, 3.537197135823499, 26.40428398040187;
  -12.15262496498646, 2.590157627836434, 25.23283550308308;
  -28.1576152475732, -0.5150678660134623, 57.52955969034567;
  -30.4024486625777, -0.2608882727814708, 62.17343767233402;
  -35.65418639755493, -1.347934423373036, 72.68023829829227;
  -11.98160194224741, 2.278678394225494, 24.97814556546704;
  -13.42343503097618, 1.97271361543793, 27.93137780760816;
  -8.886733987424055, 3.960824715857962, 18.79277963853254;
  -12.11948673016162, 2.931823279764123, 25.38882085055204;
  -45.89201773084177, -12.24482974676691, 94.45199913136121;
  -12.07955910539972, 3.483744501896918, 25.39300475703908;
  -12.73314110571532, 1.540580669622648, 26.82356725862455;
  -35.37245403237775, 0.0651467438011155, 73.39594556111518;
  -39.9879087125428, -2.325716363995948, 83.01117785698055;
  -11.83756462708098, 2.746790377203968, 25.08892313353081;
  -47.61050503002029, -13.6292793332373, 98.9267644226013;
  -11.81394088857263, 2.606385864096427, 25.13660702235917;
  -11.6497185216008, 2.33532432745903, 24.85208110972079;
