m=[-19.7596177848036, 2.35459805084369, 32.14489698323907;
  -20.32478817923812, 1.943631623590392, 33.85083090731131;
  -18.19161387167963, 1.64870012709402, 30.68818461751686;
  -20.43313145575804, 1.658029852237556, 34.49729301927161;
  -19.56063906781288, 2.080070408369843, 33.88161080302547;
  -144.6742792205257, -26.31999597864368, 249.5500330584152;
  -39.37286094677087, 0.8462752749782052, 68.8135153798211;
  -71.86908171277486, -13.00287053042071, 127.3429158769823;
  -62.6668010825104, -12.69814222241936, 112.5593244457571;
  -26.33756830787056, 0.7680247181987128, 48.74353201972536;
  -8.038171147079018, 1.307401764367965, 15.39036965516807;
  -69.37099310104088, -16.14854544956652, 131.1389684820459;
  -46.28268345800472, -10.52517810006512, 88.20803746461066;
  -49.79408190542847, -10.84413142483173, 95.37386557146697;
  -65.10439459725431, -17.34862469238806, 125.8110200886608;
  -6.936038760531611, 1.899540347820815, 14.179589333071;
  -4.363659904135604, 1.944886841932872, 9.227833207561876;
  -6.223797756914514, 1.794943095801991, 13.0833356308123;
  -37.80626900059569, -10.82265773975155, 78.55518156678185;
  -5.359873227899907, 1.971772122422152, 11.74833965284666;
  -33.45539519089176, -10.64171962477607, 70.68925695052148;
  -28.68045365811672, -7.896661813525967, 60.86176693202732;
  -30.70106191379391, -7.409274769235601, 65.175039373223;
  -25.82845415827728, -0.9556724460744462, 55.38445772298081;
  -30.57701514789384, -8.318852103920944, 65.77928642738151;
  -28.42731514988364, -6.007828222498021, 61.46526478866543;
  -25.57541975914927, -5.794651725941164, 55.45864269782044;
  -31.26136541684315, -8.12035374510182, 67.66332207115131;
  -30.50754910839785, -8.650089594541276, 66.09838397547277;
  -29.98015640921211, -8.638893369345071, 65.77786919655809;
  -25.1285198053249, -6.367361665283304, 55.26441834850607;
  -22.61230299845517, -1.300379961353273, 49.79309093267038;
  -28.09160447987502, -8.63019441976811, 62.8837150572363;
  -23.99689155783064, -7.797061263473513, 54.57463584894067;
  -27.04219749476962, -9.963882534018882, 61.83373460976933;
  -5.839950070595321, 0.3842565226471952, 13.87168608446897;
  -24.90307502413821, -8.250711486518537, 57.53081927259743;
  -16.04396455632108, -0.7189022860527381, 37.38703604816496;
  -23.4274104561104, -8.725821248101331, 54.78563498011142;
  -5.61923457551394, 0.3805555905537923, 13.58958714871787;
  -15.03489290744284, -0.8878870907443329, 35.60929193104074;
  -16.24495181972174, -0.529016671329967, 38.42769987766525;
  -20.10888622009133, -0.4144891709416504, 47.66351084932579;
  -24.61272757730716, -1.80404751604262, 58.22523706709816;
  -16.61084228850562, 0.1625889072844861, 39.50812915640479;
  -20.99197745918741, -0.9520194057771594, 50.23660397963079;
  -15.61070631316223, -0.479722070352068, 37.95144518542103;
  -4.697826666492832, 1.934404948956034, 11.89573439474618;
  -5.289315154090963, 0.8443377320675704, 13.38713792760311;
  -15.60108442539476, -0.8269611100345072, 38.58296939903377;
  -16.5755560939479, -0.9885785107207505, 41.1057994814499;
  -15.62142077033732, -0.3371030273179588, 38.78336058038351;
  -4.827114289785773, 1.018959733731466, 12.38827237538914;
  -4.918363570344015, 0.8380229270102235, 12.68738761560561;
  -19.1613344322728, -7.638334485575332, 47.96535380098089;
  -19.28177864000745, -1.743844442175847, 48.95303894798031;
  -15.17918968992198, -0.7414358582943994, 39.11821128404847;
  -15.26218775131693, -6.336202855219832, 39.16721440624591;
  -4.718530462393042, 1.874698816982095, 12.53796980491574;
  -4.83898010578551, 0.84308026112998, 12.84628064363539;
  -4.740000755694308, 1.567786214417682, 12.64407258566487;
  -18.47247655204157, -2.017130649823391, 48.27337429379065;
  -4.524937699928596, 0.9633907885198063, 12.17437192909998;
  -16.83708428143701, -6.408504904989825, 44.46810349501418;
  -15.88123772285748, -3.866993374236009, 42.04826003357975;
  -4.643393917023072, 1.556971919823802, 12.80395884467924;
  -15.2509618692866, -7.317538149860133, 41.04159832889723;
  -21.20503389053692, -11.68842322269901, 57.35438368780843;
  -10.53376457580967, -0.6819209022257399, 28.70986783111668;
  -4.232644371869883, 1.85069237062673, 11.84273164475674;
  -7.404034375834952, -0.9019804961247968, 20.50006814352818;
  -13.17673868602009, -6.687224079196303, 36.48416908202422;
  -11.21322895171902, -4.431601287741982, 31.06738182466709;
  -4.997628345478387, 1.090159486286402, 14.1610110622859;
  -7.061220378028466, -0.7628772768968438, 19.84203153661393;
  -4.500347655615436, 0.8915735829405757, 12.79905899964749;
  -14.54241977473666, -7.758242963197271, 40.74997619632674;
  -3.462269610830459, 1.750631365245253, 10.01593623321929;
  -7.072569467844168, -1.153173141771221, 20.13196723459453;
  -7.202016798899093, -2.323931275533218, 20.49187671723363;
  -6.986195686142479, -0.7764196891984744, 19.94291979840311;
  -13.06160008937132, -6.565825996725182, 36.95707778259391;
  -7.203645966433395, -1.051505833255583, 20.56446722537624;
  -8.222793531333434, -3.124491585026162, 23.4090450282066;
  -15.27721612557557, -9.513844351149919, 43.45579772054312;
  -6.547393366767156, -2.102171863209552, 18.9102435658359;
  -4.390725486716574, 0.9650791302526536, 12.82514127330657;
  -6.802653437408466, -0.8817432583734191, 19.65440449725112;
  -6.73677616380316, -0.9379611260337122, 19.47508941736162;
  -6.396866636787808, -1.011679207998951, 18.5221816002679;
  -14.51572519234879, -9.08290156701727, 41.8016753150598;
  -9.074142425623281, -4.148285585758956, 26.34818512895536;
  -3.900849989454794, 1.788919047474473, 11.54011563736792;
  -13.868998279793, -8.887104981176581, 40.10108511472814;
  -12.81438697366882, -6.697626823017189, 37.07591889382255;
  -4.553844195783488, 1.016835054439581, 13.51868732948717;
  -6.487645843718969, -2.452806301878821, 19.17589509630891;
  -13.80084732450745, -8.901913567251826, 40.42913006217169;
  -13.45972030666082, -8.894905063335012, 39.58564890240481;
  -3.873197303715831, 1.839225631595415, 11.69403307379826;
  -11.62788578742185, -6.330710733940709, 34.42275248447175;
  -11.58466946216204, -7.535604969811596, 34.4881279136611;
  -7.599490801194907, -3.497636049303401, 22.87686402642452;
  -4.624003238610881, 1.178611856186199, 14.1245055818228;
  -7.421608454141492, -5.704306094858486, 24.09974872883323;
  -3.172817765133875, 1.849664262103033, 10.54465374727208;
  -3.556092971230105, 1.85407237733068, 11.993770908322;
  -5.979628300025226, -3.540096130151773, 20.06617622999902;
  -5.98341690690945, -2.411984564978838, 21.4643044499072;
  -5.951317036376691, -2.752460996306176, 21.66636998148565;
  -3.544055150873017, 1.889867334050839, 13.11293057608177;
  -5.342292310087688, -2.91271039696722, 19.87629266914095;
  -4.578811089388275, -2.353887540634271, 17.17139102527215;
  -5.363784654777864, -5.027532014831198, 20.12270011569384;
  -5.474235913440976, -2.29701298737316, 20.75979510852961;
  -2.399670518889111, 1.931536497909391, 9.381675989568768;
  -5.21610896958124, -3.052689649900568, 23.75944737109894;
  -1.709085503223689, 1.814057645457351, 8.672834805104587;
  -1.693709137035054, 1.882089143315806, 8.633573179781807;
  -2.188162574384093, 1.842569283317476, 11.72065167423381;
  -2.133520482612949, 1.901423441402304, 11.90738297624754;
  -2.128932783717502, 1.843535601297087, 12.09900314625226;
  -1.650771086348944, 1.830090457195807, 9.721052337956852;
  -1.967023046346766, 1.894481008982692, 12.20936783277805;
  -1.12348327085275, 1.831486709324683, 9.373113888365964;
  -1.116810182400561, 1.841784547993245, 9.574751364484005;
  -1.415962961158626, -4.457147846493847, 20.27756759043649;
  1.060832041429252, 0.9693121311570676, 11.62664387263832;
  1.064400505587349, 1.128332922897588, 11.53765657828119;
  -0.4581408002526085, -0.1827639254817291, -1.356020840016797;
  1.157693878381395, 1.124937570841229, 11.98829046018464;
  1.210708878005342, 0.8472551272723837, 11.5589789649601;
