m=[-7.170317146091098, 2.076615070946031, 11.64824237157514;
  -6.57893562768527, 1.964188731814683, 11.48602486536706;
  -8.282771235614202, 2.026622420407402, 15.78788593488789;
  -18.34115170804867, 2.075672333552487, 35.51439265553606;
  -133.5265758110369, -40.19743714620952, 256.274947939977;
  -17.23195145946356, 1.858383670817394, 33.82003016945026;
  -11.74637092186269, 2.34811184570291, 23.64781336293656;
  -17.87432531013401, 2.244742284558227, 36.11587366582;
  -45.48958568933477, 1.341092685354037, 93.45525941671852;
  -12.40149817557494, 2.381160151141215, 26.03520898846688;
  -11.78444594456306, 2.390262619475582, 24.82268464547664;
  -9.76382327737047, 2.213687412767391, 20.69706566393424;
  -22.53222264549314, 2.708954780312086, 47.63090151338353;
  -6.817244712268698, 1.324858314000056, 15.19981782676618;
  -6.735209173237311, 1.847176127221811, 15.04980533228717;
  -31.05629367380808, 1.203457302602784, 67.81868578379741;
  -61.20152307516648, -14.16093529079529, 133.311702600455;
  -59.40191639949922, -15.66604689596287, 129.8829599335397;
  -7.20863636619345, 1.339477385370322, 16.24145594648982;
  -73.87357530348292, -9.346289292268326, 162.9568059603593;
  -51.08811965088125, -13.50524291968188, 114.8447087232785;
  -54.04281247200386, -13.93065055528215, 122.3080487058459;
  -44.26718596482107, -8.780100567064428, 100.4301535178676;
  -6.462121047238894, 0.8949191905980261, 15.10322679131664;
  -7.069982203742542, 0.9008181224353016, 16.48542465693837;
  -51.94071331811148, -12.83133089153849, 118.2490582370164;
  -46.67543069747114, -13.64620608996793, 107.1813082415177;
  -7.253897807012926, 0.9104612047295523, 17.1123581744311;
  -41.07974933321674, -9.515562520782339, 94.643290063664;
  -57.54565879906349, -17.46565690374618, 132.447966480461;
  -5.428004093608462, 1.65290829611487, 12.94908982090401;
  -39.2917619290625, -7.445273993854477, 91.05118121727402;
  -5.851865230574039, 1.921634239505555, 14.00443828060321;
  -3.487905218242356, 1.872226463967345, 8.569965929778441;
  -5.236103155206618, 1.670410715669179, 12.65437254706855;
  -37.67342524196775, -8.321574806800694, 88.62812147076535;
  -31.82185382755144, -6.006662590395861, 75.71768934392834;
  -5.172820382164023, 1.790101752110468, 12.75818137619209;
  -38.22234037651332, -12.61710991726145, 95.320393466971;
  -4.34144801594531, 1.931915670050955, 11.19994185221657;
  -31.82288591832972, -9.270995668032171, 79.93479432544071;
  -4.393188792276912, 1.565282953886552, 11.45171799860169;
  -4.353428470837229, 1.894608782366502, 11.37152632150126;
  -27.27293776068999, -7.147812717126015, 69.36692236462936;
  -36.81608153149072, -2.042445049597375, 93.69403230887515;
  -30.4962529154534, -9.633348532479467, 77.79095113445088;
  -23.00882610065191, -6.915218480019296, 59.95476985247226;
  -26.34836168845697, -6.433669137493538, 68.63018417857991;
  -22.99944787213583, -1.671846248726275, 59.98342939677767;
  -25.993264187116, -6.813301965224262, 67.90207365079061;
  -29.61744384871364, -10.43537836469792, 77.36148687397743;
  -4.292828176011518, 1.568248496254389, 11.57461546891934;
  -14.22949628185856, -5.222669080823426, 37.0826482440546;
  -22.75429683109213, -5.304284031475962, 60.06248511214149;
  -27.60223311106394, -9.275665674000946, 73.11675047485537;
  -19.81604430873011, -8.208697290487505, 52.33021598824595;
  -22.82658778019775, -6.71079943967661, 60.59981112710366;
  -28.60642918430772, -1.792254769175665, 75.96994597326203;
  -17.06156013952612, -2.752462536537113, 45.31415414044086;
  -3.006304216806552, 1.889574543420984, 8.365566363602081;
  -10.51968162655219, 0.7773057880988984, 28.47608012207535;
  -20.45434775816171, -1.050409349147556, 55.39703123880332;
  -16.28974740185209, -5.221622612884233, 44.6027593268513;
  -19.05013883498052, -1.041247628245527, 52.74998507361074;
  -17.08608671372686, -0.564738370568371, 47.50821406790384;
  -21.2309262886594, -9.220850732140141, 59.03191048813589;
  -24.52571092208175, -9.573753785543893, 68.95702869952567;
  -15.40702091149081, -0.4247719654083992, 43.54936002448881;
  -4.540846682181003, 0.4010108924893346, 13.20452422168573;
  -18.94379807398289, -7.379605053976632, 53.85234171177741;
  -20.74341166553505, -9.116356450022218, 59.10491146845201;
  -4.746513730000308, 0.5070223580676597, 13.83809985236472;
  -11.68598350471916, -0.7573371778281594, 33.72459932163883;
  -15.37165526652114, -0.5072158534740294, 44.29737149036513;
  -16.9847646291807, -1.391609795107442, 49.10350726785011;
  -12.4363557034859, 0.2193906661263954, 36.08569994367018;
  -23.55261116690522, -0.4328690299578, 68.07221636224519;
  -11.32865744274251, -1.291905630497689, 32.93502162605749;
  -4.095726188045198, 1.992144806138753, 12.25731772678833;
  -23.7814029482705, -1.149244609530203, 69.59475222904196;
  -17.31031589978908, -7.82066666836133, 50.98792067685854;
  -15.87611398502749, 0.5628242690557571, 46.70962349403484;
  -4.331689051462433, 0.5653836645970941, 13.09163708515448;
  -14.80827413898311, -0.03717276890202671, 43.91945585492648;
  -14.32427728618714, -0.4379126557833247, 42.59653238675457;
  -3.737861836357426, 1.917430780768481, 11.43993082829504;
  -21.04978785622402, 0.352873739057758, 62.78003622084336;
  -8.651050313163918, 0.753566631203301, 25.85335930994615;
  -13.39901199690486, -5.679162908213242, 40.15904294196668;
  -15.56898605675083, -7.457243281684482, 47.1230792958598;
  -20.11774379103706, -1.760210324130451, 60.68191697309869;
  -13.79926010779026, -0.8018730932386289, 41.90637164757273;
  -4.080404480431493, 0.7881669693992325, 12.63444879098519;
  -14.92874534494268, -0.9768319640426806, 45.53967385897445;
  -15.229257174422, -0.310526958930947, 46.44786453769977;
  -3.778927262288842, 0.8205626672387001, 11.84240221786037;
  -11.50124770630248, -0.8935588386714475, 35.40345215970336;
  -15.34129513911397, -1.376966619394123, 47.41648074182935;
  -14.88983997016504, -0.8289308733390272, 46.18144104523869;
  -14.91782053282009, -1.181344840172081, 46.55099542506638;
  -16.31105350949798, -0.5029919222227235, 50.97364951568758;
  -18.24411936496965, -1.88558404712408, 57.25710624221187;
  -4.424887165521598, 0.6911571707161799, 14.15155993633619;
  -7.953512416097255, 0.2940589232509902, 25.0622688046932;
  -12.90986144961287, 0.9137787958636958, 40.81493884293057;
  -3.724388998865301, 1.863037339754872, 12.08736882572213;
  -3.688541762349167, 0.827886162387631, 11.98472504845459;
  -14.3853283861139, -0.766031333809756, 45.8666320122851;
  -3.602183623381229, 1.507812166880282, 11.76571751589908;
  -14.59265840569326, -0.9663263933963356, 46.86479178581302;
  -3.471520188453755, 1.942772176851825, 11.41790548188087;
  -3.443756675579692, 0.9395589197267873, 11.35067770688978;
  -4.55026325614022, 0.5561168969778328, 14.91107671839454;
  -10.42871641602983, 0.6975697697543258, 33.87659138041312;
  -15.57226092903559, -1.981006161143612, 50.51653638588218;
  -2.849495070182937, 1.902753447316698, 9.501522599942179;
  -13.09972939645076, 0.6017638793410975, 42.77432367932413;
  -11.58843774594802, -4.374952234264248, 37.8589727657443;
  -15.06534842259093, -4.762224217522868, 49.31249087308918;
  -10.9295248299435, -4.436816687604332, 36.06213440993771;
  -14.04033933495327, -6.47564653705546, 46.11675951632355;
  -12.81978755865547, -3.756248769044571, 42.19634088662237;
  -9.217014727345001, 0.06931114388688953, 30.64698529720292;
  -7.989693815293324, -2.128430445707145, 26.62816850616543;
  -3.539374543022613, 1.514752445527962, 12.03577327695736;
  -15.26711486869549, -0.5563241490844537, 51.00408293827486;
  -10.76700444089001, -0.5652877259512724, 36.14274656107356;
  -3.370988557471827, 0.9136502832658132, 11.52396802989201;
  -15.96723310754636, -9.324070182099828, 53.71340212770252;
  -3.740444715465062, 0.676199985319443, 12.78371716721185;
  -15.86268982557171, -10.6303913775026, 53.62471853272866;
  -11.29092731202625, -0.8339066449938164, 38.38174356552371;
