m=[-28.62707930690117, 2.678573486517099, 34.52520338151437;
  -128.9627685639503, -3.763439223140517, 157.7775331441418;
  -154.4061656310355, -8.218283008678281, 189.0469134377495;
  -29.30429745848772, 1.44729676974828, 36.56019619670237;
  -159.6353653154804, 3.392180497743781, 195.5522749570142;
  -122.1471857130115, -5.569453343073476, 150.2019487698582;
  -123.2969266473137, 0.9862485013407077, 151.9424902442172;
  -275.2520741092645, -4.429105188911409, 340.0531678878623;
  -28.04139357100461, 2.184792945668313, 35.3771645431684;
  -333.1164834047048, -2.959337472349466, 414.790157458926;
  -29.10153832142083, 2.384912170464872, 37.17035807432111;
  -28.05925455786638, 2.969370321809437, 36.13355113798146;
  -27.70373270204989, 1.864219085676553, 35.68573535908376;
  -211.6766939887331, -4.868726590866952, 267.5868051771449;
  -226.7535998581323, -2.622589111019744, 286.8741013978107;
  -28.55312358564648, 2.769013761968487, 36.87378602134674;
  -58.39834021049477, 2.002821942291579, 75.15930436129224;
  -188.3860691057156, -9.779511783403235, 241.5055506887307;
  -31.74748247022636, 2.404404931296776, 41.56145627507282;
  -202.3587855746792, -5.92183503725802, 261.5508953310276;
  -31.5597748846014, 4.216306288066197, 41.52574932906683;
  -270.6711801323298, -11.44707185505883, 350.1529132633524;
  -30.48870193742115, 2.289088114728538, 40.20482144955609;
  -244.0787330196823, -12.14667441156525, 316.351368209914;
  -31.18788974672484, 2.187100870959384, 41.23690856545139;
  -32.09715384902425, 3.503470809970989, 42.42771524675566;
  -43.14714399618417, 2.280308994792827, 56.94360024468722;
  -235.6255961360079, -9.630312454458229, 308.3057262457514;
  -34.53332948750909, 4.074478229937372, 45.94453171966992;
  -195.9120468896365, -9.101234250338729, 257.2961195073843;
  -183.8103562890907, 0.710139309555892, 243.2177857643491;
  -39.4053651322512, 2.551661368139756, 52.90568481974389;
  -156.9693685844107, -0.4757306271067187, 209.1951354424979;
  -37.99867466689494, 4.421702059963322, 51.28191529544564;
  -198.1687190602465, -10.80220410668597, 265.2034465131643;
  -151.4733701868384, 1.577233358461126, 203.0351004159554;
  -53.87930607473597, 3.34580471176234, 73.04490176772791;
  -77.2055353069898, 2.741350006125826, 104.4570780497694;
  -158.71241690423, -7.628520964622328, 213.9690171063783;
  -138.913387848367, -0.1636792454850886, 188.1578357017036;
  -117.2614813263523, 2.249426214218345, 159.8597115866066;
  -184.6956385964484, -6.038851529822063, 252.9067080341609;
  -95.38942645784171, 3.948019005666936, 131.3870457868016;
  -95.99007863884656, 5.077608879844996, 132.087122649703;
  -114.6972908785978, 4.311654992518823, 159.9131448421029;
  -133.8661164150982, -2.721903022803548, 187.3725926892055;
  -97.29505608602351, 4.824049952022646, 139.07988142402;
  -117.5451844494596, -1.782630302700289, 168.3024413140469;
  -227.7260057377655, -5.523783527318798, 329.336719776316;
  -102.7946523906707, 5.323195110055329, 149.2578305506065;
  -81.36380855976354, 2.732592737426214, 118.8472958825255;
  -151.7439462803232, -3.878921834904828, 224.2986327263317;
  -152.8162814625605, -2.832241934131452, 226.1626017544667;
  -140.0558341789179, -6.477582080325103, 207.4537118904092;
  -144.7091254347414, -4.145626283098707, 215.5054324803386;
  -125.3666453128672, -4.636805649260658, 186.8409162144207;
  -144.4699446106908, -2.067597745124579, 215.9621533927107;
  -101.4606502912674, 0.2753194238246083, 151.8996481887733;
  -108.5906532712768, 5.893748883535087, 162.9979119985815;
  -122.3925767766581, -5.209110713493899, 185.5728256420242;
  -84.18639772520545, 5.308986013507748, 128.1546537676273;
  -69.93254472896756, 2.368782995009044, 107.9674735209571;
  -98.28136628275709, 2.412180503111888, 153.6709252683465;
  -74.86164415313424, 3.239931320679185, 117.5902313667109;
  -104.4932046295295, -5.432755371421486, 163.9485775851961;
  -94.25009795244188, 7.123802390072732, 148.4161926532401;
  -68.55403489212473, -1.98162423996818, 108.8539512757052;
  -82.21673844757726, 1.028379711784071, 130.9577298780494;
  -59.52333688050747, 2.519904939796912, 95.27223411332294;
  -78.07224250173964, -4.469096715276064, 125.3211297650707;
  -48.62305563758747, 5.733514739043878, 78.38947423161503;
  -44.57507754325684, 2.753522254820189, 71.98921822162575;
  -79.53974731714304, -3.871593628535882, 128.7256381507302;
  -13.85389626850618, 4.062024414875312, 23.11959325733529;
  -118.393790095089, 0.7061766164914693, 191.9393168964552;
  -103.0579391246253, -0.1616670615261444, 167.3872778372109;
  -84.48521175578551, 2.350659613631901, 137.9368878929314;
  -79.22931156268159, -1.731185308042061, 130.3993966314175;
  -89.2720867658856, 0.2006568186205923, 147.1808704596142;
  -100.7517919974281, 2.612115640780287, 166.4132148574497;
  -40.56340004338189, 4.807030711403464, 68.65750941632436;
  -34.36039232567784, 2.361856983461185, 58.61672819587533;
  -35.57006042600023, 2.964383942056555, 60.66019665382182;
  -95.81222982495979, 0.5639483812345133, 162.2670286202561;
  -95.81290024507041, -5.778471829472032, 162.4113073585061;
  -122.926379942278, -3.158020762332054, 208.8821446211619;
  -35.69389854565497, 3.632149611174227, 61.18635726053788;
  -103.0468824819197, -4.110022683249095, 175.2982323330858;
  -87.65784797082488, 1.740681009610498, 149.5480694522461;
  -81.73417521256796, -5.633151238414992, 139.5552222530108;
  -35.4860766990927, 4.458551410167953, 60.99347475059904;
  -110.9759441990947, -5.331221541975999, 189.1101565010937;
  -35.24932855847806, 3.717537743905678, 60.72834716610583;
  -73.24754272472275, -1.879665676840628, 125.8211960503263;
  -35.10371750916868, 2.231555007965682, 60.77019322255158;
  -127.7499574527689, -7.0121626389054, 219.4162726550063;
  -33.23367352017313, 3.271938074213373, 57.66720930667495;
  -89.12294717932905, -2.406956800179151, 154.9068961133071;
  -87.08476314235612, 0.1019759002910842, 151.6519251196883;
  -91.85614844585247, 1.093450503973477, 160.6743744175701;
  -31.83083006563246, 3.305775361837517, 56.25108309002676;
  -37.86735715670619, 1.968297297572129, 66.84695044346361;
  -74.03393135354281, 0.1419757129000669, 130.2451693674911;
  -73.06540939884364, -6.057303764082361, 128.6874506596319;
  -89.1807570430432, -2.542806534125258, 157.1240232093925;
  -50.96454688782199, 1.596437452974894, 90.18931541973129;
  -33.39998872494593, 2.109157470805896, 59.37176508499243;
  -33.9323792314129, 1.632972674823382, 60.55943483424102;
  -88.26158104803467, -0.9660249863770931, 157.0145486596832;
  -33.07084738592715, 1.881088146932938, 59.30442379754681;
  -93.26662513634355, -7.089084555946983, 166.2979408703259;
  -92.37439882794675, 0.6263051393055706, 164.7992853589821;
  -31.53089268836132, 2.274251802017441, 56.75353358781152;
  -69.25882750200597, 1.58180588566101, 124.7568322529103;
  -76.83536608997342, -6.307003211866798, 138.4316029202872;
  -82.88398649037232, -2.540143602397216, 149.6777682838295;
  -71.4191300672431, -11.19454178150453, 129.5466407776567;
  -65.14950340866633, 1.140915888371426, 118.4212500731246;
  -89.53227795437279, -6.772631287534695, 162.5406805806155;
  -87.37916261936107, -4.756305199139679, 158.8100882726315;
  -73.65312302761346, -3.211529571664918, 134.2084954642384;
  -78.19334441173858, -2.147165581511844, 142.5320643342177;
  -71.61314129865524, 1.927333693812569, 131.275850672513;
  -60.83623278273007, -0.1717581436308162, 111.6973202817095;
  -29.54781370378457, 2.672276133315391, 54.62947530774068;
  -86.84714158683674, -1.0623433436474, 160.7503116230444;
  -86.5901109615249, -22.64126624307288, 161.3254602312566;
  -79.96841997551906, -2.418399026128173, 150.2341479267048;
  -56.45482965024034, 0.2290759755111819, 106.9381712911144;
  -25.55014835503348, 2.459823100485172, 49.19398513038591;
  -87.03559282162344, -26.2015838471094, 167.045712689076;
  -30.3927388735602, 1.735956736165868, 58.78410817989182;
