m=[-21.96665122293521, 4.511239790218535, 27.04117758526568;
  -30.65196728697192, 4.070609139005431, 37.55355942255083;
  -25.10892195180155, 4.605115133961381, 31.05689261353951;
  -22.49559271741785, 4.413455785894588, 28.12722681063541;
  -24.30666437657827, 4.324976369656065, 30.42240254962616;
  -21.82476782784836, 4.477180839130814, 27.40530711841399;
  -22.01289794675351, 4.657683856022076, 27.80014087602327;
  -29.88974540055262, 4.4531979963905, 37.94087633866469;
  -24.72159792451361, 4.598652962818804, 31.52158391516369;
  -27.39690886807458, 4.644526966004355, 35.37708813000648;
  -28.18408965304682, 2.662427214793047, 36.47401533697679;
  -30.38973444228414, 2.153492343661045, 39.28888904317063;
  -32.62933371993564, 3.565429062014895, 42.17875737271788;
  -27.05249390972377, 4.772563182754683, 35.28708281847685;
  -75.25404376164717, -19.89200996385387, 97.85250376274435;
  -85.56540044076492, -19.9594134058204, 112.2681836079513;
  -27.83049301734494, 2.535044787672508, 37.00599149241281;
  -27.02669793126285, 2.768045205194646, 36.09482752639793;
  -83.17535709275973, -19.60398036219685, 110.1965655748049;
  -27.41826874087342, 2.857168011284668, 37.19632225975087;
  -26.98453478847053, 2.500033584747886, 36.72177232900709;
  -26.91913428137438, 2.6882710897264, 37.87403915129154;
  -28.1261931432438, 1.575331705940954, 39.57785788483395;
  -100.2040592804897, -1.250996932798659, 140.5438342377;
  -103.9785133586843, 3.760283494552871, 146.6768012687431;
  -145.7138019676916, 3.507962995239207, 205.0954621496454;
  -142.4534290057127, -8.149684423426642, 200.3097774376242;
  -131.3025097396705, -6.370802886683118, 185.2544121783363;
  -106.2679549892737, 1.023070668993606, 150.3077364795944;
  -24.43307520933904, 3.84948685515025, 35.19145605043792;
  -27.60138548033407, 2.53043215724162, 39.8230902314662;
  -127.4136010745575, -2.080054619989887, 181.243945096932;
  -28.61070135380967, 1.777295581411112, 41.41490129605746;
  -26.424174015268, 4.569068482734162, 38.41790640883907;
  -26.78151129434754, 3.172689437518625, 38.95050809523267;
  -30.54347317548054, 2.388801096836753, 44.44052003022465;
  -26.63351309345575, 2.892649067953544, 38.86784343350414;
  -253.8944390394647, -11.95653195068502, 364.4876285346954;
  -152.3056236731487, -1.22847157754383, 218.6161069506238;
  -216.8459922449747, -9.234864625326576, 312.9951274466186;
  -28.43103464142277, 2.723466504398159, 41.99708646325023;
  -160.8502169251057, -9.138914586420913, 233.8058382405853;
  -99.59184467150485, -3.461660843926915, 144.7553703488596;
  -165.3920277213955, -3.94898288752723, 240.8008484023675;
  -27.45078294828099, 4.337688680757109, 40.65267561776687;
  -230.233468728396, -2.612450973027892, 335.5710416341515;
  -36.93465282422338, 2.396530989702469, 54.47648732320273;
  -21.97521316203792, 4.863099314634447, 32.73658451184436;
  -29.75258488619214, 2.576711778119266, 44.17393202258792;
  -89.90025097368924, 3.708545511564661, 132.3958169626388;
  -36.06403206066361, 5.345524657761964, 53.81735894644131;
  -89.52302245786125, 3.296125384721658, 133.4354111251194;
  -126.9459593338129, -3.884846961721548, 189.1700662457344;
  -89.77584983204841, 2.526047646721114, 134.482796831525;
  -139.3180268679221, -6.301516593751187, 207.9389027166078;
  -34.94257683253515, 4.626709765222118, 52.87006434592067;
  -184.7083750659211, -9.896236721737081, 276.1431813983432;
  -34.45802855492686, 3.104727318456993, 52.19299728342079;
  -77.20426487846429, 3.534038468499027, 116.1250853679164;
  -95.33983591252219, 5.629420136437187, 143.5186086427233;
  -162.2207009499194, -7.130376354185117, 244.9342780475219;
  -34.4371643634648, 4.458213228467523, 52.99160876182881;
  -166.8179858911329, 0.9810097902901597, 254.7573835273689;
  -157.2660061998523, -0.3330072012130753, 241.8009115145362;
  -88.84769749002723, 4.658668462713449, 137.5771965541701;
  -71.46990289340984, -3.600104501656999, 110.4121575078535;
  -170.1026195945952, 2.182286053185937, 263.1130046418441;
  -93.33642867770408, 6.568693615831932, 145.0393386623564;
  -111.4981245263738, 4.508699486427979, 173.4827096876099;
  -169.2301909612002, -8.851104971858598, 263.3510187856536;
  -156.7362002694908, 0.05890085317469363, 245.065356448679;
  -91.61129353867598, 4.424003408595445, 144.1548891195546;
  -104.8575107013451, 3.942932836936178, 165.6880015416732;
  -89.85866752305543, 3.109569393566698, 143.3952731730761;
  -142.6668053808576, 4.902757245495532, 228.6212575304327;
  -127.2933535344957, 6.880437094756139, 205.1646343002767;
  -113.1770092983885, 0.8430924187871124, 183.1376019027757;
  -174.5515845228962, -3.686630366352504, 282.5136782831501;
  -153.8456574731472, 5.689365203009539, 252.3710099514734;
  -140.0471165377897, 7.898225884703671, 231.468142475698;
  -160.5632645241454, -2.352538586511396, 266.2001984357377;
  -158.8599212806637, -4.092866286693687, 266.7310523275538;
  -119.2100857129233, 7.034043282363323, 200.4299441528148;
  -135.9749300381646, 5.224278648399993, 229.7117222843446;
  -100.7444114565181, 6.150133960620924, 171.9411034641462;
  -156.0824079685286, -3.101943548798811, 268.2630674907733;
  -143.3212122870757, -7.20579275836208, 246.4703364676318;
  -139.7679767580455, -4.304892339695453, 241.7945051754861;
  -125.8959861873967, -7.435312782170936, 218.5607141530917;
  -186.6787409887174, -2.786699110704445, 324.2654036052504;
  -132.690307170807, 8.239348072191282, 231.2858057975278;
  -157.8869886986361, -9.582626986216248, 276.6639282899354;
  -130.2407859598213, -6.301739550728819, 229.7071910041911;
  -86.8089094888775, 6.217977624196895, 153.3809813010039;
  -139.1667149116371, -9.398143111469077, 247.4539142906042;
  -85.18004082942743, 3.317649042807557, 152.5975585361309;
  -180.2179793149716, 0.3997546956930825, 323.2270262001682;
  -87.8034973114046, 2.452161922342208, 157.9372465640908;
  -124.3707820540326, -3.494184253041105, 224.9388955279023;
  -78.85464511115295, 2.284045571575301, 143.5586865509088;
  -38.48479682867887, 4.745019238410464, 70.54177004513659;
  -79.21665213985538, 3.913745908631493, 144.6785931929062;
  -133.7839622482341, 1.619240965220616, 243.9338743172192;
  -37.89159207478776, 4.906155963706583, 69.7400076718137;
  -137.2665318152522, -7.801022718088104, 250.8695298767183;
  -58.90029464938188, 5.108573536278007, 108.0710252060183;
  1017.288349447883, 33.43106825457811, -1878.714192651139;
  -192.1992121439994, 2.93350964463423, 356.6085145206877;
  -75.35092094740502, 3.748672263334014, 140.2496680984962;
  -39.1356149982435, 5.2806860178042, 73.28656221895778;
  -159.2080475785294, 0.2795965987724715, 296.989105919619;
  -72.70957063591099, 5.142538925404858, 136.2331895309093;
  -125.2846332416277, -7.867450333332825, 234.3122246368616;
  -141.8280273088922, -7.587825623453656, 267.651852629682;
  -140.8986306766771, -20.0713995379095, 266.7515212866817;
  -123.8064924733181, -19.38459794681624, 234.6998318762128;
  -96.75417913179065, -0.03106550412816345, 183.6292784913184;
  -86.97716498033529, -6.477532840708776, 165.722126730424;
  -66.05308945405687, 4.744964943923447, 126.6515146665808;
  -121.8668616249978, -17.5276506419838, 233.5427208564976;
  -111.1696864327842, -2.562671153750651, 213.7299798811533;
  -123.5025046346701, 0.4441740953322172, 238.0436228260107;
  -105.8618605992009, 3.190136908260434, 204.5966736929246;
  -259.1126632279588, -41.1329395415888, 500.9022611499858;
  -11.73923580130867, 4.041717154649063, 23.37182954398639;
  -123.1638406819812, -11.69896712444002, 240.1258911235906;
  -35.35025638679776, 4.136073062879818, 69.45489648457014;
  -37.96049590878194, 3.93349083022131, 74.79317283955932;
  -35.85385093826596, 4.882690545497326, 70.68370746215311;
  -108.9981643690141, -6.647639702307081, 214.2368769004507;
  -33.25465205659643, 2.654019019045413, 65.97453323451728;
  -135.5948355279305, -11.23911808091585, 267.2209609296044;
  -36.65001885405118, 3.52704882995597, 72.72093692884768;
