m=[-1.179596312641631, -0.07194186549843153, 2.318507210525756;
  -10.1061709710372, 2.382050218699604, 23.98786291781237;
  -14.595815962058, 1.535116565331829, 34.58974710509504;
  -13.45853244086776, 1.983898475558017, 32.25886031483642;
  -17.68686912137745, 2.090014147354718, 43.53661885631232;
  -5.413957546146398, 1.139529735873301, 14.10753663083064;
  -5.533583289867351, 1.284486859648187, 14.63242268514176;
  -5.692846736222545, 1.276042518519886, 15.267369495464;
  -28.9235433524718, -7.859191784005919, 75.9300797515324;
  -27.7670912095582, -8.618355257968737, 73.26007721788704;
  -4.947555777761458, 0.9756077357415678, 13.48992457471242;
  -26.54256868927536, -8.492209189881816, 71.02843847458919;
  -5.254995427807211, 1.221411503089512, 14.42058840035914;
  -24.44082034326538, -8.057589201013501, 66.32990364782529;
  -28.21634613066004, -8.829150050254395, 76.77632346786977;
  -19.23537386958631, -4.694384013655066, 52.54443059654668;
  -5.360279554701896, 0.8950262621430278, 14.96343407405663;
  -28.43589530518074, -8.695038384575636, 77.96192096528066;
  -23.29081260181865, -5.486518634461893, 64.02711495972721;
  -28.2607137392172, -8.301484354945469, 78.02697006896992;
  -2.801186004440948, 1.845119502455424, 8.16932826468461;
  -4.53046188223617, 1.79453367080144, 13.00140105924324;
  -26.17250946987492, -9.440672955774753, 73.26593323776872;
  -4.070219188391294, 1.69550423543966, 12.04053847979536;
  -3.488036563334923, 1.839252024822765, 10.81487747772656;
  -22.45271466757316, -8.228003684119351, 67.95402432739239;
  -3.363272541578274, 1.851945410525016, 10.50490393951883;
  -18.95107193119928, -4.830960192414538, 57.88650912279981;
  -3.816238890824611, 1.842506645054183, 11.90626699922914;
  -23.36191051876084, -9.31263150756217, 71.64875005679909;
  -4.17362803794117, 0.3767061387444939, 13.09646712646597;
  -3.934181885513451, 0.6646065675550836, 12.44679363192923;
  -17.11582141399438, -6.05192592534642, 53.0249782671523;
  -12.14526007299046, -0.5159327259535695, 38.0941989428712;
  -16.09501615577786, -7.197915895921417, 50.42258259505663;
  -9.587923204772737, 0.0415412746416961, 30.25319342544629;
  -17.80964707518999, -6.829100940992409, 56.09087910369158;
  -16.36040046587523, -5.560882443196056, 51.55038103992608;
  -15.99570581440315, -6.153051894805957, 51.31221727187059;
  -3.449651566580338, 1.570533658904904, 11.35535754536025;
  -12.72252748003394, -4.70541999865441, 41.18340402152759;
  -15.77086367812001, -4.717188781850573, 50.91138160940415;
  -13.84592947624752, -1.244338280299147, 44.77022689666266;
  -14.11726470079105, -4.520188546227569, 45.68612145161315;
  -17.21417820132753, -7.852259308136917, 55.81439608331651;
  -3.274890440207455, 1.815214058842984, 10.94981763227021;
  -14.40297979658374, -5.192958726725322, 47.51536458116185;
  -12.23331468424861, -6.223972252854126, 40.2429937157854;
  -3.055555839656843, 1.267752508871134, 10.43910877963195;
  -7.021565926880487, 0.6477535332568118, 23.59948605479271;
  -10.79663044415366, -0.3243355956724204, 36.22177509019416;
  -11.73070911752938, 0.1250990451322389, 39.58128511705774;
  -16.27178315955322, -7.196964571743522, 55.09304987192185;
  -1.885523632948036, 0.3501575560687206, 6.396827700039548;
  -19.77398239809893, -7.926723030762243, 67.71102980582657;
  -10.75151549905482, -0.7241248872159906, 37.28475645723589;
  -3.642903484469045, 0.402569472639485, 12.87474712159772;
  -17.25823616367052, -8.588090565097691, 60.04582884458971;
  -13.98458104383663, -7.536421387426956, 48.78663164248093;
  -10.01733171835743, -0.5943269725942805, 35.6323202061719;
  -3.508664664371271, 0.3933964314037222, 12.70566184461135;
  -13.61780642350839, -7.457834562989184, 48.91909957524528;
  -8.708672531955346, -0.7093747970310339, 31.66756450946927;
  -10.32780093017219, -0.4231661794435196, 37.56000210094806;
  -8.85951469331841, -0.0635369116572872, 32.28966398600907;
  -3.072476185058545, 0.3407220417846813, 11.40347622222218;
  -7.8419402660265, -0.7986601689601993, 28.71828748755322;
  -8.591162071627917, -0.2076868569592588, 31.444370694752;
  -8.805969935191467, 0.1999451572456377, 32.30262137429417;
  -3.085591338847145, 1.919139608371383, 11.57563121940686;
  -11.77471397427478, -0.7125078826974035, 43.74634672302057;
  -12.40857520350073, -7.024248268711852, 46.3119809559907;
  -9.17078043568818, 0.4085428007833625, 34.25588211100618;
  -2.936726085711563, 1.942050430002215, 11.30817702611322;
  -2.762917956749208, 1.856231685901674, 10.66350627959831;
  -9.190076551840082, 0.1899334928238784, 34.9340859375964;
  -11.25674629835002, -6.800269516613364, 43.41026146635327;
  -7.055778864833872, -0.7733069218911011, 27.23990589743374;
  -9.416054761527212, 0.4360456842115049, 36.45206637668168;
  -8.452416692762935, -0.6240826007339649, 32.78078957530719;
  -7.610634784307051, 0.6249681697138436, 29.58672317986779;
  -10.48017969776697, -5.874189625238389, 40.90446430900141;
  -10.06968867385365, -0.8318398013654679, 39.27977286017591;
  -3.235556544417234, 0.6613099100255854, 13.2353028717968;
  -9.156549151014431, 0.8594805382164023, 37.39096980897242;
  -2.786900502741087, 1.823646611900593, 11.57962364330118;
  -8.440912504375463, -0.5845204079360959, 34.81033912831175;
  -2.582412005534645, 0.7545053909464136, 10.73260160318008;
  -2.742730099600956, 1.503707492698553, 11.47672717654026;
  -2.74845637517351, 0.4403761757944092, 11.61163277740581;
  -9.038837452380481, -5.760048509562811, 37.92288620178815;
  -5.561863846504754, 0.4770088475363365, 23.46282204442986;
  -4.780909984075191, 0.2838743960818151, 20.30488919171473;
  -4.562417213658458, 0.1562115050188521, 19.42313928492784;
  -10.79817679521548, -4.447683764895267, 46.06008377120011;
  -2.610170004200546, 1.709895865357556, 11.22456129961849;
  -8.987497951392044, -5.379889885434985, 38.51323252063849;
  -3.758428267628446, 0.486231603574195, 16.17256115460278;
  -7.940358262489411, -4.144972300429605, 33.94600125823713;
  -7.901102234463457, -0.1095828417820583, 33.904376237205;
  -5.497089690163265, -1.945240558449761, 24.08392142438153;
  -2.595166967533437, 1.474845016035342, 11.45749938137631;
  -5.686129434027814, -0.2881008263955638, 25.01198392158166;
  -4.931528016891942, -1.348774551418806, 21.82792419338721;
  -6.128206866813622, -0.8908303549057401, 27.09635386450093;
  -9.231657232034722, -8.072575133020328, 41.09109779542926;
  -7.658018113474745, -0.7481536102374817, 34.18429083317763;
  -2.463394305792644, 1.834460972793633, 11.0678555993198;
  -8.480442350208282, -7.039925996707107, 38.20564274638625;
  -9.657902011907769, 0.3225164953021252, 43.39349254117031;
  -2.470626379935692, 1.397453019521731, 11.26104915377608;
  -7.326460661653055, -0.471960824602529, 33.22934926147637;
  -7.261188023172146, -0.932154199761679, 32.99240153513988;
  -4.424808852296119, 0.6364700396636198, 20.16923009906174;
  -4.126383402605838, -1.277628765750423, 18.95395190480824;
  -4.377879579751155, -1.034889599845241, 20.10071672309449;
  -7.825144781905366, -6.437685852603091, 35.92460062083002;
  -7.509459708563548, -4.8774848650739, 34.62210076371412;
  -7.899706181284963, -7.862787783088536, 36.38544669933613;
  -2.38134506284358, 0.9022407220402146, 11.03968527127908;
  -2.243098126427397, 0.7780286828855656, 10.40323288816221;
  -4.293959958322756, -0.7092183967851835, 19.91009754936573;
  -4.740729750573763, -0.9435401179563417, 22.05716137512057;
  -3.458924127106128, -1.938181837971654, 16.0390601962369;
  -3.842695872880154, -0.07423508815049724, 18.00135566702254;
  -2.425794294583274, 1.448834436794868, 11.39638970752195;
  -4.770592090366075, -2.071603160730201, 22.44124720201709;
  -3.651552195003038, 0.6660273788889063, 17.26826564556347;
  -3.961198762801754, -2.122855748070589, 18.76472885477067;
  -4.723081862849954, -3.356860911045879, 22.31255384035068;
  -3.690374683031639, -0.6626485839010202, 17.54677029315694;
