m=[-15.7530160272515, 3.884160504263451, 19.03256697566285;
  -17.06742752614616, 3.957344979543205, 21.54875556267408;
  -30.23066398588378, 4.073613641868163, 37.94187015507595;
  -17.44252345323317, 4.320503856692344, 22.50007710604642;
  -30.71473482617112, 4.42592282984386, 39.2268576302079;
  -17.78880315932922, 4.138879118435299, 23.03958224894764;
  -18.72439056026467, 4.147685830926279, 24.27695953046472;
  -16.87206328964941, 4.083006162273278, 22.00676273778568;
  -17.87014309342876, 4.176941800888875, 23.66367464821329;
  -25.56540088726094, 3.997294058731218, 34.06780127069224;
  -19.43115827354938, 4.137502126908248, 26.31164969769448;
  -20.23509222296866, 4.181369698608211, 27.7163793615662;
  -18.3229436225543, 4.256522118106044, 25.19953686847074;
  -19.21337638722241, 4.221048593700524, 26.41143374181702;
  -26.42230910715524, 2.783774983786671, 36.17505042442407;
  -19.99606150535012, 3.901292446940316, 27.73434005367763;
  -27.63394457743246, 3.8488287042281, 38.12336532934921;
  -19.43981454738126, 4.081066552388022, 27.19308097974106;
  -22.43343734308891, 4.235868288515576, 31.48094691494163;
  -22.33470360120705, 4.377254884036184, 31.50174960000811;
  -26.06018434519058, 2.912597619001642, 36.74342520322057;
  -21.23115588556397, 4.22014523371334, 30.41071591594751;
  -27.07053994335453, 4.258717373480192, 38.76339744858046;
  -55.284631134645, -11.09460782158694, 79.24786822290122;
  -55.46202774788617, -10.55116503101936, 79.65037141420723;
  -22.73706081789866, 4.104663628202595, 33.09635603790798;
  -25.11146681457759, 2.453348625288672, 36.64928884705449;
  -26.01905604127933, 1.848639939189522, 37.99506234302797;
  -20.01302600919303, 4.505921409413705, 29.48758424701097;
  -23.93647151709942, 4.49700071481946, 35.21129252442135;
  -24.93734245026766, 2.340298997246374, 37.45831033998978;
  -25.09133267635872, 1.092302482570492, 37.74559895362162;
  -24.399537950269, 2.595611462423282, 36.80035145660813;
  -71.12159471945574, -18.68797185277015, 106.7480053202939;
  -76.82092369478936, -18.52085835206136, 116.3908907078033;
  -23.83099639852716, 2.582319124171258, 36.56782987432167;
  -93.66438084182875, -23.62361978636242, 142.0992853262224;
  -92.51139449571438, -24.72423506731838, 140.3986576096669;
  -76.57225069865756, -22.41087394788221, 116.3978493129648;
  -115.0412489500904, -29.91335568222439, 175.2220106305068;
  -89.4959770989548, -14.7247711316585, 138.8724307863832;
  -24.43138439754959, 1.176224663380433, 38.55591269549683;
  -23.6790376829019, 2.464145616287081, 37.77785023659227;
  -25.21489551768816, 1.371962407369687, 40.26712255460775;
  -21.61083824303776, 3.659146687003253, 35.30285106090948;
  -22.93592580669408, 1.146074718367113, 37.50227750391759;
  -22.97848113560588, 2.179740855496064, 37.69378118327467;
  -195.0250518651966, -6.885511676832492, 314.9367691080224;
  -281.5447052793695, -18.54345482205065, 454.7682148686645;
  -22.4551683325915, 2.930730332198235, 36.87560274147342;
  -164.4362111315586, -3.718579642470978, 266.1233566012276;
  -112.2509849326208, -8.582093467745574, 182.2943140313366;
  -24.13630623626273, 1.554428249675125, 39.77063689541478;
  -151.6924394871643, 2.830809268554183, 246.6882008264259;
  -23.06280111235408, 2.86963568471603, 38.14295491070142;
  -209.954173703652, -6.675758703749308, 341.8132231198246;
  -24.14121275185773, 4.479545057128554, 39.91099539191664;
  -235.4565910326847, 0.5186126739206897, 384.3556359938123;
  -23.70817985940049, 2.694948659600358, 39.3499730247472;
  -25.19584132379924, 2.048937344052311, 41.79772809171348;
  -22.34170391552404, 3.426375752338392, 37.37002196941194;
  -22.83949703497394, 2.364217849665495, 38.23111560179661;
  -23.15358595856736, 3.85122430695418, 38.72876795744632;
  99.37265925505798, 3.677460908562306, -163.6275342490043;
  121.5811793694052, 3.174645328472171, -200.3208537152784;
  -17.80651222349769, 4.290075381892941, 30.1102777184663;
  -63.41904313982646, 2.01376829579807, 105.132169096382;
  -25.26790433880827, 2.520582389412692, 42.55177502764128;
  -113.6716499738665, -6.76248301798928, 188.8367134735556;
  -24.13725693453669, 4.075499807579155, 40.74332968389049;
  -141.342035921009, -2.416257709545473, 235.0370239863968;
  -227.6235425753325, -9.864752973813516, 379.4676816406936;
  -25.40192184698524, 2.274060534439275, 43.0518486019595;
  13.74093277482179, 0.7578547016775654, -22.9743864996836;
  -167.2313123453256, -14.85972014437503, 280.2091567558694;
  -137.7710078757356, -4.0770574617715, 230.7068222951393;
  -235.0192925877997, -16.77013857803775, 396.001737521324;
  219.8945655683939, -3.116136928708435, -369.5157286634964;
  -321.9673949159217, -26.21514020130791, 542.345805840959;
  -21.78479537753976, 4.43376370691592, 37.35021054151733;
  591.958525729056, 27.64667048371256, -998.1590830081912;
  -370.6667106913263, -7.49850611227879, 625.9443898697793;
  163.7358348534089, 5.699768211599789, -276.2825365633314;
  -30.95016087010055, 4.870940921581429, 52.9372935114072;
  -41.4110764663709, 1.638588642380622, 70.4412089996524;
  -28.09490136087594, 2.789426290568811, 48.4061444623047;
  -29.71302190853865, 3.719679416449852, 51.27449859801942;
  79.87366953798947, 7.358372333089532, -136.3622188305556;
  -19.30546107383182, -1.487855223363598, 33.1167278467883;
  -30.89882717160545, 4.355467249131278, 53.62090120596003;
  -31.18507315857352, 3.990142414059299, 54.17848111308119;
  -32.81225928166351, 2.999400768444924, 56.99855859803812;
  341.7111537625673, 29.21584350401582, -587.4094418759341;
  -81.93683418641543, 1.890960646159237, 141.9789062290887;
  -82.01746338516178, 3.47719198744174, 142.6401625389416;
  -39.22185056509192, 3.531107207692976, 68.61965576864176;
  170.9763729960158, 11.64343099181649, -296.713987664288;
  409.7880874812745, 37.20405207621386, -715.7369693902;
  127.0730408159431, 9.843281127570611, -221.5695837386422;
  -41.77897369773295, 5.775309619726643, 73.83428801440911;
  255.1281134678402, 14.67802524458063, -447.8213237073006;
  -84.86592950226819, 4.342825138268748, 150.228108421199;
  91.02129786197131, 2.293611238564805, -160.7164952110311;
  -93.26996606370138, 0.3245763749761761, 164.8387383417158;
  -15.73928320811445, 4.132244477571557, 28.50396879081039;
  204.7346150545596, 0.4277199959376246, -363.7040320411779;
  786.7699900745482, 69.36457988060253, -1401.08650518335;
  -454.2949026930336, -16.56934862806404, 812.3678015953886;
  -81.9878107891235, -0.9169326533738291, 146.6242831386037;
  -121.1148148505484, 6.141624594263089, 217.4628166033702;
  44.57098536415514, 2.970146128049305, -80.0956156587621;
  199.6312163315475, 19.0381341375217, -358.8081769643877;
  -126.689697521972, 0.7286319831433658, 227.9636833091199;
  -97.67293275664611, 6.861615439765747, 176.1507349007183;
  -75.07330702870108, 2.851116800587044, 135.6433728704627;
  198.8245305885263, 13.39842425423954, -360.4082195223075;
  -82.94466804295374, -0.7024021904333963, 150.9838711335316;
  -83.61129992961226, 3.848368657725133, 152.7840664250764;
  -78.01661366463398, -2.569489318550914, 142.2771160641922;
  239.806412802129, 18.41823713211469, -437.2060811673622;
  -80.59464749154466, 2.687082035890681, 148.0880333357277;
  -50.75306227976709, -3.592739079269087, 93.73072176502595;
  -662.5712752406581, -31.82517725869797, 1223.637343007185;
  -314.9038009898256, -11.57062793256945, 583.0829413247564;
  -149.6517493188049, 4.396223711356773, 280.0895629035588;
  -147.7707345527182, 7.683391194285435, 277.6519883328303;
  237.5302537071633, 7.770211034680278, -449.524282484108;
  -14.84569493874537, 3.913472414096524, 28.90936524880184;
  -13.84082943552681, 3.765187392762002, 27.09504314894052;
  -126.6159551978813, 4.122371526137694, 242.7040028150303;
  -143.9285708544231, 7.811905513226733, 278.1333103697306;
  66.50758454992111, 1.706807402163111, -129.2178800908943;
  -70.39171728609142, -2.704417954121891, 138.3506789056219;
