m=[-25.61279043381285, -5.140015574809026, 36.71470713399776;
  -1.727944787981664, -0.243726539010294, 3.378339352339814;
  -43.23039740315606, -15.79766969103211, 115.0544981982447;
  -45.81841639435422, -19.47885175840786, 126.736891980392;
  -8.518857002675922, 2.289426881003451, 24.42866950522465;
  -7.856616995798057, 1.95318107700578, 22.78546072092463;
  -10.84118556852505, 1.768328904039336, 31.55891695997504;
  -4.030817756446172, 0.9566236587933537, 13.18993453095769;
  -4.435273386164855, 1.666682709082906, 14.51942218180646;
  -2.693343531430577, 1.898887382775742, 9.012987030756953;
  -4.454565937188277, 1.793240906507966, 14.67080094587196;
  -20.562606416472, -7.466789902689596, 66.72459941299218;
  -4.184486541978965, 1.142826833204875, 14.14149505034514;
  -4.207192910532118, 0.801956713002542, 14.51301221802077;
  -21.00038193742116, -8.444550477858833, 71.45700086050397;
  -5.590178708018527, 0.9440688444147397, 19.28623976578754;
  -13.57287899233287, -4.189152797514754, 46.77547320498083;
  -21.37867384411067, -8.422094590593831, 73.46416396970383;
  -3.552527606269817, 1.590103250943603, 12.53919315483741;
  -2.308454242816136, 1.899783037414757, 8.261808067619802;
  -3.385315356289643, 1.625546133118347, 12.03599928409539;
  -3.392657378587657, 1.739683150457159, 12.52326735154995;
  -15.87615430732384, -8.044067169491427, 60.57759649952857;
  -2.851796994134497, 1.884627813748576, 11.11311414325399;
  -2.747833074389694, 1.906970999165363, 10.82435612097016;
  -2.957883727904836, 1.791136708232274, 11.68576321995124;
  -19.37496730955482, -10.1287726276644, 76.21344580955103;
  -13.26128118069552, -6.245210448798455, 52.86281172416241;
  -3.609904556745918, 0.4391384831476651, 14.65872867296229;
  -7.844252410262892, -0.5778811629447914, 31.66618715961497;
  -12.15442562280936, -5.202047261925704, 49.20552909572844;
  -8.457235096185638, -0.895500528799315, 34.33434400220473;
  -7.83158418228662, -0.2932407241727293, 31.8341621474268;
  -7.836486151578414, -0.1132060637154438, 31.86518997534147;
  -12.18539407634898, -5.543694917479312, 49.56182215882428;
  -12.61606868954291, -6.205643510919153, 51.74564738567026;
  -8.954653506172523, -0.7366770081489856, 37.01439941607922;
  -12.52117480422037, -6.464580591766612, 52.10761988298187;
  -11.02250469595563, -5.399358640126623, 46.06957213239016;
  -2.822222569190783, 1.627477815247128, 11.8946003205207;
  -13.67969411599752, -5.540630672479215, 57.33316995235385;
  -13.5000110434917, -1.8356826975079, 56.61632176933267;
  -9.755947099277876, -4.225490909769261, 41.04116819681523;
  -12.5623595598618, -8.031552911493577, 52.84621606164695;
  -12.35327616872542, -7.753009687651733, 52.21289646882398;
  -13.68537348755779, -8.336314777199503, 57.71986738880157;
  -18.13811150712174, -7.100152530611503, 77.47104644400916;
  7.978052995471221, 0.5510303452263718, -33.97799500318928;
  -11.62287673580389, -3.3113603828882, 50.24792851697275;
  -10.33070137717217, -5.069372845483766, 44.56717370629021;
  -9.915249563641185, -6.78514275013236, 42.73676805279612;
  -4.291252656023121, 0.4335387313990473, 18.85850469368624;
  -5.356325052672061, -0.05033742800104327, 23.71894612987371;
  -5.68599056401465, -0.603587628122101, 25.23661702449559;
  -12.59906092383293, -6.904792227359179, 57.03923521789465;
  -5.464341760626736, -0.6067479606146334, 25.08124826956988;
  -11.8581909093383, -7.301439204199332, 54.7213631519695;
  -11.22547802118945, -7.612351860784044, 51.86823392513366;
  -2.825176674789994, 0.3576847797265001, 13.14326043535612;
  -1.469302314738564, -0.1113273926162785, 6.972134010580459;
  -10.16031414691681, -6.372243154517066, 47.88429383011524;
  -2.852663384955467, 0.3667060691463306, 13.65744085881975;
  -3.591447051585871, 0.3537923654796788, 17.17715716309637;
  -10.22435654183663, -7.695769156541909, 49.14497399457342;
  -2.835686558893376, 0.4574728683661286, 13.67516660152737;
  -5.850654020574993, -0.7796989259705128, 28.47460593692166;
  -5.378579136040345, -0.4246159321784884, 26.24185237864594;
  -4.558751655600686, 0.03241835856146252, 22.43858140036494;
  -2.103370017427759, -0.4365682890602684, 10.39441381388803;
  -2.777073685652495, 0.3553427367323369, 13.78331020465571;
  -5.197775754555178, -0.5552604435356597, 26.12757117916395;
  -2.316044088562768, 1.919573608121514, 11.62374334280268;
  -9.215359331456789, -7.244597296329137, 46.49545259260662;
  -6.086510129039564, 0.2072378517103206, 30.74269123883859;
  -4.468770727745186, -0.1403719681206652, 22.84563176731827;
  -3.940433955184656, -0.3065542142642526, 20.22046070227245;
  -2.360285373853847, 0.002771666395737603, 12.22963673718683;
  -2.222447587459969, 1.971227960412995, 11.50891698973052;
  -4.699015233437177, -0.8351244046213558, 24.78499475847658;
  -8.278559913041258, -7.012927655254612, 43.59269960747214;
  -8.322154013027681, 0.3053197995283875, 44.14177138730258;
  -0.1948288425667991, 0.01610670317804608, 1.038299940165685;
  -2.887314257171898, -0.407078745616249, 15.46679399827437;
  -4.64145155962962, -0.7573272888202858, 25.14587905799773;
  -5.53279014345307, -0.576579150555162, 30.3432544788336;
  -5.436202147824957, -0.6963445552883477, 29.96870447480121;
  -4.75963501142718, -0.8022609234991348, 26.49949283540756;
  -3.825946609086478, -0.3248763902651892, 21.38917033960959;
  -5.07541085683541, -1.081762390886427, 28.60959947982738;
  13.79843279881983, -1.390228974649789, -78.70538978700989;
  -7.347590694333264, -0.9190543189359709, 42.44767532096688;
  -1.885824561098416, 1.914871710073849, 10.82402927348765;
  -2.012002078487865, 1.816618316843087, 11.5904159015766;
  -5.287780711995143, -0.7939532355285323, 30.94265994278389;
  -2.06008567161514, 1.55607978917008, 11.98794899890708;
  -9.482839785476575, -2.516177626009613, 56.62519038242095;
  -1.907445178278952, 1.964401351097998, 11.24320903709575;
  -2.441080651969984, 0.4943464277932559, 14.47247972984968;
  -4.066624738706285, 0.3783683422878332, 24.20234225743851;
  3.941463455732265, -0.2250087499260438, -23.81379065568923;
  -6.518981936076495, -4.760849695394707, 39.45609326477307;
  -6.673727740823548, -4.07778895660994, 40.40192000307579;
  -5.908274147267068, -5.199143999953238, 35.96596249252085;
  -4.989414397114661, -0.2524952225121117, 30.49550281878885;
  -3.542488244662462, 0.5583185119652837, 21.63166457745528;
  -1.762893149240463, 1.621418540509096, 10.72799504124402;
  -4.923559702094362, -0.08192231902121636, 30.470370840883;
  -3.51686567429874, -0.2766503242204207, 22.02241067107011;
  -4.016443971798104, -2.176589386394507, 25.20447102558775;
  -2.397498403371082, -1.021956275272913, 15.24129933132984;
  -5.44797631963923, -0.5777271469917847, 34.4231378785006;
  -4.626533414397581, -0.8537842806062432, 29.37668526889634;
  -3.133352714702952, -0.9230475416904548, 19.78397175740885;
  -4.073597276785551, -0.07217147769584136, 25.84697925297575;
  -1.877256129129849, 1.506774292993402, 11.81170204712611;
  -6.487700857317717, -8.413379143086575, 41.74881487375034;
  -7.576262870984117, -9.541567419321828, 48.91246583962045;
  -3.930828757846566, -0.6790997036321959, 25.39220116959081;
  -6.034199550337253, -7.479526209644026, 39.47616451493575;
  -1.638136107494594, 1.59867017307067, 10.58862353875379;
  -3.222470063119961, 0.3870711963269999, 21.37402362352671;
  -1.781038554398106, 1.909818168414654, 11.79744349994309;
  -4.991088574591002, -6.187559763220288, 33.52898954281158;
  -4.160619462458838, -4.08539705178168, 28.0382705945113;
  -2.737334562592758, -1.346578642032601, 18.2698959890898;
  -2.241254391462141, -0.623419054852877, 15.22415570873936;
  -2.653526750734444, -1.48188831379929, 17.96699182416823;
  -2.669748135037813, -0.866817504739498, 18.20778148450928;
  -3.062929306392059, -0.1966008655217084, 21.11230613887314;
  -5.489863904896819, -8.287791035739076, 38.1976831662956;
  -1.711453635747132, 1.487793770388866, 11.79756306607311;
