m=[-6.400179490152344, -0.783836503874254, 8.693258691167261;
  -6.459526256082796, -1.712063222387158, 8.79191414340832;
  -6.52548825015912, -1.555002957669655, 8.909905434880747;
  -6.466437028411638, -0.6032361336364573, 8.850499943777217;
  -6.429480180401809, -0.658114580490511, 8.814867654890144;
  -6.551454497127006, -1.184890531809504, 9.010390635253053;
  -6.51587720745266, -0.5510028632721591, 8.969907765316137;
  -6.443802909344917, -0.5915717458355282, 8.893136162911228;
  -6.580099723681836, -1.317417268496733, 9.071887852623373;
  -3.491806507819384, 0.4076516565200959, 5.27345593190178;
  -6.524671382750528, -1.091753663276887, 9.036645532738215;
  -6.489041473848744, -1.153293258864641, 8.992295324849968;
  -6.4902817449104, -1.366597921108811, 8.995972474607326;
  -6.523775957871715, -1.92877409611453, 9.043114236150549;
  -6.501745812518868, -1.435058221115393, 9.021766540687159;
  -6.37637096735404, 0.1839832340725683, 8.864061029744763;
  -6.582631519189267, -0.9166100074215846, 9.131881503501115;
  -6.508754325813448, -1.802280742741078, 9.04769396379467;
  -6.452185719578651, -0.5846853416434145, 8.984375721129036;
  -6.452465330019351, -0.4188706956877563, 8.990149240533588;
  -6.551765817011327, -1.022252488537398, 9.139241591142842;
  -6.474427368234154, -1.173378138364859, 9.062331255090783;
  -6.47278699895322, -1.347139766567788, 9.06263841404509;
  -6.466333006222105, -1.474842750993638, 9.05541745540511;
  -6.530598085870151, -0.9830113004495664, 9.13616944701571;
  -6.506147908263206, -1.308127025721598, 9.123520444783985;
  -6.483431140803012, -0.1196644290779893, 9.099603565496654;
  -6.439716498563203, -0.4844503218981446, 9.049910076921055;
  -6.515597263142791, -0.1720801925625492, 9.146869175802117;
  -6.525518538033336, -1.551697705077223, 9.165995914295761;
  -3.433487005851418, 0.4141345167708208, 5.284093901355718;
  -6.410083211980131, -0.4128546664372411, 9.021545855293386;
  -6.466390966498485, -0.3662310573430614, 9.106345494207679;
  -6.498761222449324, -1.402629436692451, 9.153037074789145;
  -6.504225093933509, -1.802592246402835, 9.16769245942095;
  -6.474118843725262, -0.7955630930876741, 9.130266797703477;
  -6.524660133209267, -1.620210271693706, 9.196950998092015;
  -6.472643384119562, -0.7268541911109413, 9.145990595410396;
  -6.465339973010029, -0.3110421107449146, 9.138075377792164;
  -6.543511107463027, -1.047497524703684, 9.254281851865963;
  -6.476061084752378, -0.9130591422222437, 9.174442857642465;
  -6.493931046033752, -1.338940067223747, 9.206531672109902;
  -6.457463102705943, -0.6671372709840693, 9.168392427297007;
  -6.456442780626271, -1.236021873233663, 9.185195486816953;
  -6.451927588829865, -1.636639053089809, 9.191502505894114;
  -6.454437387149878, -0.7137510784494278, 9.204945205511583;
  -6.53752365603714, -1.778228083413462, 9.316059518822627;
  -6.535383688539003, -0.531918434931031, 9.327942502961953;
  -6.47591445956351, -0.8283482353670429, 9.259025795207052;
  -6.506667259267069, -1.278338800669458, 9.321193748057455;
  -6.532947003294034, -1.148498169422261, 9.359696468933729;
  -6.473875912360994, -0.7893521672046615, 9.293915052922701;
  -6.519132083586086, -0.9999841145437416, 9.360020428857641;
  -6.416489942975248, 0.04866343300629352, 9.236901432972751;
  -6.421219405337693, -0.02847710085253365, 9.244201406040727;
  -6.484475576017941, -0.2554895538231473, 9.337181368936168;
  -6.444566991962036, -0.6050559906833075, 9.296309105818283;
  -6.460761306516945, -1.028225840893363, 9.331421894061466;
  -6.469171917968636, -0.3928914265356399, 9.344200485935275;
  -6.456168852549982, -0.8604925564631486, 9.330490378823544;
  -6.46853346379611, -1.11498968412521, 9.349286161361398;
  -6.46073415345201, -0.5190451220206759, 9.339989042739836;
  -6.431928751131297, -0.7526413001830486, 9.310632670248319;
  -6.516235531381744, -1.263826612923648, 9.434388900212376;
  -6.50249899393497, -1.174371308268882, 9.425822356615887;
  -6.470362162621164, -0.9359623130133309, 9.386365664769256;
  -6.538385886751565, -0.1336060952373603, 9.479182374483568;
  -6.474045282948572, -0.6721756909998159, 9.430055619828741;
  -6.502115509592227, -1.442533894205397, 9.471777172107402;
  -6.475836398828291, -0.3514382553503274, 9.440441336337102;
  -6.461246087483421, -0.259783663444458, 9.424789505129811;
  -6.495402773897085, -0.0943947766842352, 9.471796533012888;
  -6.520703316227901, -1.082709260050649, 9.510124871933128;
  -6.398963463207907, -1.646651716863179, 9.377198665264466;
  -6.473362304698954, -0.9200037082449991, 9.475669323047788;
  -6.482520834985733, -1.480073089508137, 9.499168792088378;
  -6.534094286489665, -1.104375064289585, 9.652375319143232;
  -6.517997127193272, -1.201555308633631, 9.645681420331549;
  -6.507901057355787, -1.199404935597378, 9.731839453252881;
  -6.490400641521313, 0.1342285749729174, 9.725662396187039;
  -6.461812570544518, -1.00592342041636, 9.690542898583805;
  -6.453854224747092, -0.7725025989487105, 9.685448597351892;
  -6.500497038416135, -0.5958946823228073, 9.756189944641092;
  -6.506923607874592, -0.9192734590127509, 9.785213723644405;
  -6.857649639498666, -1.336695446338471, 10.30862354967294;
  -6.797107092996168, -1.863452829432861, 10.21799337037812;
  -6.471092731730688, 0.1107183016474546, 9.773217099165754;
  -6.58138635224949, -0.5152442413078164, 9.943614065275531;
  -6.426176046568392, -0.9403869729992082, 9.750540521114299;
  -6.6759550489651, -1.855707779286203, 10.10316774135591;
  -6.699913877096729, -1.738964743124844, 10.14117463840843;
  -6.540247908206352, -1.534875834858883, 9.952663674443926;
  -6.489110976374551, 0.1757297891680756, 9.895197215015358;
  -6.440386822601753, 0.07051446087124649, 9.869847375084541;
  -6.498316899135117, -1.489284664829612, 9.973173178976147;
  -6.713904253232464, -0.2931564928183243, 10.29637680773502;
  -6.504213268362803, -1.259864640479091, 10.01567866568959;
  -6.48929540997112, -1.161107537296677, 10.01517848510345;
  -6.594555462247735, -0.431176297000456, 10.16572136836342;
  -6.470957222306657, -0.9392162985968963, 10.00265966837141;
  -6.615874624475903, -1.360231000555395, 10.21012664798099;
  -6.629497312309677, -1.699957042684206, 10.25720605703378;
  -6.557819775517429, -1.290240093189016, 10.16018574796787;
  -6.453885775804974, -1.356940445477227, 10.01577816171666;
  -3.517869085485918, 0.20483859277708, 5.904620829556077;
  -6.488073527568551, -1.195936726836125, 10.07545415718623;
  -6.478664413003941, -1.5491693585584, 10.0679528803135;
  -6.52631288721317, -1.421287305812264, 10.14084468083218;
  -6.556771166549158, -1.875180265089434, 10.1972953344892;
  -6.491435254839135, -1.017077366108842, 10.11009243773712;
  -6.517080930809089, -1.325949359436331, 10.15115586114701;
  -6.483555698158377, -1.218044235900606, 10.13145320362102;
  -6.342874238972867, -1.459208090743859, 9.947090617374846;
  -6.478819479626131, -1.15540695673068, 10.15891825794703;
  -3.376234189450728, 0.4710917665847877, 5.762413861732703;
  -6.503057506889545, -1.074489057639731, 10.2117864415633;
  -3.328275712525292, 0.4439061088360187, 5.702189662811013;
  -6.568975237212682, -1.364553743579418, 10.32920860590503;
  -6.505907360361394, -1.378869611028349, 10.31086707569548;
  -6.551187803106853, -1.437347344682674, 10.38411464337609;
  -6.497546500348828, -1.322250129430604, 10.34402482444761;
  -6.555008104366866, -1.001139674419138, 10.43312894780142;
  -3.328980097917021, 0.5069849189076141, 5.819018617427382;
  -6.532086275019279, -1.180430858763863, 10.49219937890023;
  -6.533006533080783, -1.242627998210337, 10.50778242422514;
  -6.49007357167635, -1.359698621003688, 10.44559056302806;
  -6.525090975282728, -1.008744499057106, 10.50392771131292;
  -3.303865467481192, 0.478150456999227, 5.807991634811363;
  -6.51274862744331, -0.951909446987577, 10.5133967573047;
  -3.293773792691598, 0.4279412060416812, 5.796523906904384;
  -6.529673403867183, -1.093047539628417, 10.54298065094441;
