m=[-6.84195405486031, 1.835836718853235, 9.212795246943042;
  -6.768477205269922, 1.75961608964499, 9.135170975575585;
  -6.748689445363485, 1.68946438058897, 9.130854247060311;
  -6.711427865756034, 1.508547165679008, 9.129842633489353;
  -6.712296091963886, 1.606700233641559, 9.177759924839288;
  -6.640555762023968, 1.543635125366127, 9.185091146256083;
  -12.89977473620657, -1.565767990636346, 16.98479363520131;
  -6.578855926114711, 1.767759339875463, 9.153389912486105;
  -6.605767777382059, 1.721927874485353, 9.211856634392136;
  -6.597875751279629, 1.752938421098223, 9.276837257561821;
  -6.473821583722332, 1.292827774050622, 9.205162158156721;
  -13.14925355411286, -3.293222147216128, 17.79514464514272;
  -12.91367301688056, -3.422700638040604, 17.57650637824226;
  -12.95314934797913, -3.086694018145408, 17.68623761931791;
  -12.72076618446004, 0.07198068490939483, 17.38889671393275;
  -12.84782582784917, -1.198538351796192, 17.58459585509476;
  -13.16343447387563, -2.457407923671589, 18.02390137520295;
  -12.84400223714534, -1.314698063753862, 17.6092276051582;
  -13.00318290164683, -3.268598632838899, 17.84545496918868;
  -12.82988165157006, -0.6468870905054179, 17.62546222116888;
  -6.407520445480131, 1.036103342561618, 9.301364205510135;
  -12.95026763166955, -2.92941690799699, 17.78991877970037;
  -6.490658404548733, 0.8930013213370592, 9.413966057794781;
  -13.02019610624883, -0.08249454608993084, 17.88872136359432;
  -12.99468803697811, -3.583602936542821, 17.8576588299193;
  -13.02845633220715, -2.356315617989182, 17.91838453262585;
  -13.06306889306382, -1.104653776312272, 17.98292376792064;
  -12.89318414084219, -3.372210174646434, 17.77563153765988;
  -6.383653241901289, 1.124199481101769, 9.306807985790885;
  -12.82395838095154, -1.177300354258179, 17.69843206469247;
  -6.358491384484798, 1.243718075642905, 9.283685590135786;
  -6.390122174387467, 1.086643182255544, 9.327632676710731;
  -6.269877421686021, 1.169395106892332, 9.173879606439961;
  -12.74167000767904, -1.355643557221687, 17.63104388317001;
  -12.9788815416001, -2.171717261614072, 17.97570253314372;
  -12.83610995865994, -3.795034738013589, 17.79313229846421;
  -12.9152414955395, -2.719441600861687, 17.90140421683398;
  -13.01659573494475, -2.510341871091649, 18.04225277323988;
  -13.01552240727028, -3.3358198141152, 18.06379957751352;
  -6.405101357467828, 1.041080697493128, 9.393294578214507;
  -13.05626141604532, -2.881763732757919, 18.11675598928231;
  -12.9350887501187, -1.507769739668812, 17.96428253893583;
  -13.23450308035108, -1.842861465257235, 18.35981757981973;
  -12.86288548617396, -3.561746172516311, 17.88044924490115;
  -12.82463983741328, -0.8325292017688536, 17.86843015770098;
  -12.92286095710891, -3.118592163939401, 18.03080799589147;
  -13.08276217552415, -2.041264380382444, 18.24951128307002;
  -13.19002070781824, -3.831068812544081, 18.40245683268312;
  -12.90828953954605, -3.190332987494114, 18.03330753030154;
  -6.404209131468892, 0.9571795446496364, 9.453671677467463;
  -12.75019765638757, -2.908068076476262, 17.85530722071068;
  -13.00054073876645, -2.705719409415009, 18.20223652061418;
  -12.86331481787167, -2.483336673273661, 18.02137951150678;
  -6.338728570032404, 1.08009317865658, 9.384349421299318;
  -12.99090537458632, -0.2397726205608339, 18.23295201234667;
  -12.9817098447595, -0.3428534698597744, 18.22426967669308;
  -12.84999222445421, -3.055589119658692, 18.04959644840378;
  -12.83987945456516, -0.9659250894484719, 18.04423447650944;
  -12.87737919819081, -0.8293942399247923, 18.12361292211562;
  -12.85905040016718, -0.7282862494519174, 18.10885798245512;
  -12.96200556472941, -2.797593255289447, 18.25605118214769;
  -12.83022792371872, -3.555791664782278, 18.08418098854477;
  -13.00467454932051, -3.229334073295096, 18.33097082980262;
  -12.87810834675721, -1.582508439645681, 18.16163216861317;
  -12.96280813509988, 0.2236774164903947, 18.29260293103215;
  -12.89806404386805, -1.448405442898977, 18.2252544198006;
  -12.85301561633751, -0.6183478554000498, 18.16638042614032;
  -12.81622938228783, -0.2166478667622061, 18.13654605593383;
  -12.99548436599406, -2.080341498951313, 18.37910460444745;
  -12.90290948335453, -1.819179793220467, 18.27916756855229;
  -13.0178686250521, -2.684066980135682, 18.45560400169439;
  -12.90352956951729, -1.333097125938316, 18.32060375861704;
  -12.82397162442032, -3.253014310417627, 18.26920183131686;
  -12.98395039270277, -3.531677503090958, 18.50230469700227;
  -12.77251987589862, -1.412423622559142, 18.21542894319881;
  -13.07587918224999, -1.064252922466827, 18.66318107712692;
  -13.00166365173913, -3.072022069785573, 18.57917350224913;
  -6.196901200872341, 1.063268215718172, 9.376570956034188;
  -12.95672989588699, -1.657323365279411, 18.52505882785147;
  -12.90099967897194, -2.534607626287585, 18.48146105520542;
  -12.91727554758691, -2.270869075295757, 18.50646856158978;
  -12.70857078451173, -1.30609222912077, 18.24606547376619;
  -12.87060778612025, -1.569298251425722, 18.47708190008585;
  -12.92106008885472, -1.981990035828861, 18.55176192835306;
  -12.53585964824163, -0.05559457120861453, 18.04704123485874;
  -12.65197589932255, -1.11266973121463, 18.21271505947446;
  -12.7019420496966, 0.0963330592705049, 18.28516646376546;
  -12.88632830482523, -0.5077237519707304, 18.55539174313578;
  -12.7455304840909, -1.196629592562911, 18.38546969028648;
  -12.79933866029121, -0.6557082592043868, 18.4637072148582;
  -12.6020046260859, -3.206972214854864, 18.19794324542249;
  -12.83634353820634, -2.042895488996764, 18.53981774737446;
  -12.83633578368728, -1.710855407655859, 18.5511423669995;
  -12.95794454306141, -0.7869732604187365, 18.71671262278299;
  -12.8244976213845, -1.030299773159492, 18.53979198298615;
  -12.91252243058837, -2.225748600779786, 18.6630969669161;
  -7.022620367951072, 0.8198572342700666, 10.6058222166477;
  -12.77675094042311, -1.49508970201569, 18.49517296108198;
  -12.95838872432069, -2.513284925250928, 18.76151930920839;
  -12.8836360401668, -2.326824275692017, 18.67572217007265;
  -13.04024658314772, -0.2664658307239026, 18.90541147477401;
  -12.90229378922485, -1.866365503913056, 18.71698127186214;
  -13.16824916690776, -2.767128307205716, 19.11441185064695;
  -12.99981188692871, -1.349721411584593, 18.93544820638264;
  -13.12419759241635, -2.911683102734783, 19.1183123361449;
  -12.94511510249638, -0.7025206300384072, 18.87132289805224;
  -12.8241152205601, -0.5156119403785956, 18.70608005125303;
  -12.97957931671813, -0.1886264075848576, 18.92722262984404;
  -12.96601254776403, -2.152899951215382, 18.91029118184435;
  -12.84511175780384, -1.942564576235895, 18.75692487913207;
  -12.80320889151122, -2.340104764495332, 18.73251717396918;
  -12.95329984373207, -1.840941898399904, 18.96096343509075;
  -12.81770555463434, -2.926506762348879, 18.7824384510487;
  -12.76532682341846, 0.4028674921219662, 18.75122950669288;
  -6.941184512724821, 0.8372200299856893, 10.68239684302484;
  -13.04095440865585, -0.1927072209984169, 19.20409326756326;
  -13.23035670274465, -0.1197790032681107, 19.47433365586045;
  -12.93929704934249, -3.557132969085527, 19.07144676154224;
  -12.94068430838617, -1.999742434470074, 19.08764278031803;
  -6.984723871604613, 0.5393920581974828, 10.76034311343044;
  -12.6810369340459, 0.153405712758781, 18.77160983135595;
  -12.90699251905502, -2.379329888787977, 19.10045916006979;
  -13.15802723372561, -3.362392976631349, 19.46379191862953;
  -13.00979514890656, 0.4907689084295602, 19.26763879517138;
  -12.87286330743579, 0.5425537838289297, 19.23352737041597;
  -12.87213440764937, -2.372331939920492, 19.24883989045064;
  -6.266117924977243, 1.199314272114093, 9.888500020516126;
  -12.98822654274421, -0.1708994585922966, 19.44855621333085;
  -12.81840333830733, 0.2650985830553878, 19.2079765506298;
  -12.65124533974416, -1.969444926752121, 18.97260781659725;
  -12.95364870877341, -1.187449257590391, 19.44132218384037;
