m=[-13.13097573019267, 3.890865038385333, 16.19741941187678;
  -26.40805373228048, -0.5836839114321398, 31.89434673065681;
  -25.76491518391574, 0.9671617798492896, 31.29690239313351;
  -25.89612561399442, 1.786718326870523, 31.55321027072331;
  -26.09193522870115, 1.335002822043938, 31.99374937260351;
  -15.09243517533749, 3.945285380557122, 19.16413223130185;
  -13.98187336948045, 3.937975746133218, 17.98932350834066;
  -13.52203124713639, 4.101615368152835, 17.53943000593713;
  -13.61558921838718, 3.92164564656605, 17.72764821459273;
  -23.13003433733491, 4.147286045932742, 29.75877966107043;
  -15.42513599424151, 4.06650563007671, 20.52884374192985;
  -24.73385931753961, 3.925283896697193, 32.47616769916771;
  -23.0089014894438, 4.04292078061633, 30.43804621144308;
  -13.03082072195363, 3.922054672241952, 17.8190359695992;
  -28.90743537555258, 3.747776633251263, 39.00642821094581;
  -15.98698397126509, 4.111358826727839, 22.01819520782476;
  -14.85063816929358, 4.129067654715645, 20.65731673299093;
  -16.10812405910099, 3.990051078540302, 22.6599575718586;
  -15.84614809554649, 4.210323669281227, 22.73616903528221;
  -28.63588011182472, 4.017432193435416, 40.49210507523376;
  -35.74901878778038, -11.99107006143513, 50.65954500209317;
  -16.31489782155643, 4.06630039329578, 23.52730461213193;
  -16.84105380841758, 3.992052887081091, 24.35763552567788;
  -15.54132654839714, 4.038495430737214, 22.71581980056442;
  -29.07518614822979, 4.399313043153631, 41.91144990983628;
  -16.14605840526121, 4.056681086008187, 23.86071807793867;
  -15.31222254655335, 4.098079586371565, 22.67074881434112;
  -33.84909055143795, 4.243358004077622, 49.24101372395153;
  -17.20606140249447, 4.136842099255526, 25.78006029602049;
  -22.09707941621523, 3.637565254035882, 33.19623972881329;
  -18.01513062900902, 4.106877214936908, 27.34448812247337;
  -30.83743828404768, 4.08068625921589, 46.49591796630497;
  -27.21720317615197, 3.873541700073894, 41.19338030139868;
  -25.84691643445265, 3.891997083008303, 39.36073197614512;
  -20.91295948152865, 4.371673982575717, 31.98525640020958;
  -17.40906093444397, 4.347848797002491, 26.82860196749452;
  -17.8736429622973, 4.216029169577658, 27.5718389285241;
  -21.18842179048685, 4.416164213794125, 33.03747756775129;
  -24.98802305750349, 3.639378852263623, 39.03038503287759;
  -20.2309366852196, 4.073899224071552, 32.04753540335428;
  -19.55412966772114, 4.10102754173211, 31.14880965292068;
  -23.2726346543099, 2.696282461780413, 37.17202299840047;
  -23.11020139084966, 2.381484242404148, 36.95598750633545;
  -19.78525960176207, 4.215876642245541, 32.00977716687338;
  -46.27102862545524, -13.22100526626291, 74.55721779771361;
  -23.98569319518697, 3.990020974324946, 38.99938269444888;
  -45.33295243104215, -10.50916144114438, 74.39111972971962;
  -22.30952344038485, 2.228670447914344, 36.95887841502217;
  -42.91610988416429, -9.393109226556209, 70.60398541527266;
  -25.47111360804372, 1.777881138604367, 42.24362778320743;
  -25.21950951350317, 2.127557490242941, 41.95968951550231;
  -21.99619036551604, 4.417978448444456, 36.73877493433457;
  -21.94416610754406, 4.580805061699932, 36.81719820810076;
  -44.43256142134965, -13.04447653928921, 74.89261653158069;
  -22.70308648289797, 2.184840294612344, 38.81374456201167;
  -23.23692085528668, 0.9031028303333871, 39.77245832475402;
  -39.78873920235463, -10.62308410640483, 67.75665519816532;
  -25.57407537872363, 3.307923112682826, 44.13779683154834;
  -60.82512832892451, -18.43353191051464, 105.066505912127;
  -21.65065392071743, 2.421963303604285, 37.84811832593007;
  -59.67224941291673, -18.71617700542204, 103.0957079667728;
  -71.82022869365883, -23.00217935398795, 125.0517171714229;
  -61.01643720394345, -12.62532473900902, 106.8630578572246;
  -72.00328716413937, -21.03373089708175, 126.054978142864;
  -71.72281106539052, -22.14631310713605, 125.5897011815504;
  -64.67156004703668, -21.88947936912398, 113.347377007162;
  -73.52874812260443, -20.9272529551905, 129.3210546339382;
  -72.91788562757195, -19.28502274147815, 128.9769334923387;
  -67.45691964365479, -14.60432347327857, 119.4873825681174;
  -21.58035163047603, 2.51205238594571, 38.83281203940609;
  -98.41324123962745, -24.34260712803849, 175.0136125943284;
  -22.06888701590623, 0.9773933069224605, 39.7970346709709;
  -21.2680157708351, 1.090209148666814, 38.88332268042994;
  -20.3834588939251, 1.465135647326277, 37.41984184708318;
  -18.70607872266769, 3.435184380527294, 35.02701515630174;
  -22.91706287841211, 0.9863758467333416, 42.91825906053691;
  -21.17384651776129, 1.388458102582752, 39.78320015068392;
  -20.93531096085696, 1.639552575503015, 39.3476615445609;
  -21.32074324338585, 2.048401874317479, 40.08147122051516;
  -20.14104726428197, 2.765262301267191, 37.90755542610791;
  -70.66752685079783, -6.938973063689187, 131.8574297715849;
  -21.97912593511719, 1.357380870907637, 41.5605134503558;
  -63.39201932179109, -3.96275120266166, 118.5173259117745;
  -21.13854544059263, 2.761286139609874, 40.12322804095559;
  -20.9793643116314, 1.704112255721692, 39.88405934417144;
  -21.98095838818419, 4.394289988510726, 41.75928849278043;
  -75.16623731143118, -1.563387145746339, 141.374363746361;
  -103.1846628352197, -5.35082384234758, 194.0080223759733;
  -119.6827617414947, -15.83423182540667, 225.1713530664192;
  -184.5643933474684, -15.76509650603719, 347.3084222415557;
  -86.59807541536709, -8.470437956955243, 163.4874737397463;
  -107.093429655251, -12.01616061610977, 202.0887838194078;
  -98.60023078377022, -0.3232326976509112, 186.1202294258137;
  -20.71219521110954, 3.404388061940312, 39.80721574465704;
  -20.46637025895144, 3.64353567717122, 39.34882153796737;
  -21.67322136987155, 2.291233356425222, 41.66485269969376;
  -109.5318496443615, 1.135172144937163, 207.8397408997861;
  -20.513766833315, 3.002168969393732, 39.51988419806285;
  -22.44784436439715, 1.736127169936329, 43.19100849094365;
  -50.11544665706348, 1.377049677363324, 95.64588314409872;
  -16.92234315408196, 4.455586486306144, 32.74949461747563;
  -91.05225816393146, -0.8445134444671163, 173.2953035385355;
  -264.6750584552358, -12.355227749581, 502.604256484251;
  -22.80710462670184, 1.635226722836688, 44.11675870859081;
  -21.5554460849713, 2.667334161287537, 41.80001988236472;
  -22.42015038265473, 2.317386628864564, 43.50165678683461;
  -21.19711547137686, -1.166647603289275, 40.82032581833618;
  -167.3845385511106, -6.726468996621549, 322.5987153923171;
  -221.7844553904459, -24.55266590647546, 429.2435619113162;
  -25.87117638624488, 1.682677097998993, 50.68824569024275;
  -149.0521738911626, -11.63763168172899, 289.4403098505534;
  -18.57356756965155, 4.109656309914876, 36.67886038987344;
  -98.52326011436907, 2.099518923325346, 191.7699288485632;
  -118.0355996757055, -7.125944101811079, 230.1248079994465;
  -168.1009308990851, -14.04502520446697, 328.3087561476947;
  -23.05593715777312, 1.690038913654847, 45.67269429222511;
  -25.12193796810841, 4.215729280155033, 49.75320995827272;
  -184.1346800174765, -20.5094639806544, 360.5539066029321;
  -121.1952476713411, -11.18991402057727, 238.7444029721195;
  -149.4217431909467, 0.6753395485756399, 294.3734858927691;
  -24.42928748131436, 2.505461996205096, 48.70299935474887;
  -193.0310697897035, -20.21388593874842, 380.292322689106;
  -38.04091399027995, 1.411893103941549, 75.50991002394051;
  -26.45985812208003, 2.331516142898924, 52.8427968063726;
  -167.6624800519394, -10.8867144261124, 331.3256147838601;
  -118.6398763691065, -6.007287766510631, 234.6593415396133;
  -296.8398086644478, -10.32774875111504, 587.045821509181;
  -67.40569857964226, 1.671375361882086, 134.187374337258;
  -26.93766529443903, 3.998739533373991, 54.19142669652801;
  -27.2137560298316, 3.655382920864753, 54.83240004169457;
  -27.5942594243256, 3.221591596797924, 55.63732862418466;
  -154.92030220657, -2.835000524962485, 309.4550512782334;
  -66.92690395515957, -7.731115307546341, 133.9724953131791;
