m=[-8.405155446148171, 2.27180629284084, 10.20244058413594;
  -8.19476263257897, 2.264272463675126, 10.16398341073747;
  -21.1325967279097, 0.4345964398837471, 25.53096408992754;
  -21.80244339839969, -1.808518280987649, 26.41217782025193;
  -19.79638432125441, -0.1214652136443956, 24.0449665475136;
  -28.88841580747741, -4.323276408136888, 35.81334910942793;
  -20.89590265899712, 3.46645855557123, 26.33586972178765;
  -19.84765290012308, 3.572588142713464, 25.27024424289128;
  -21.34788903432797, 3.707380131725001, 27.12386141838946;
  -21.47378652805217, 3.064309356919296, 27.31624277080914;
  -20.11264311832841, 3.851653815505797, 25.70717372581903;
  -20.52781373262066, 0.4139360631177705, 26.25859638249833;
  -22.13141838447202, -0.6843491529379085, 28.33901809309749;
  -24.09589696032233, -1.854928250152885, 31.09802066311784;
  -22.50113898920322, 0.4077916753190315, 29.1027052574626;
  -23.74620924453823, 0.6533801879343903, 30.86515896459615;
  -22.52590077231621, 0.02194756946848998, 29.3833528647142;
  -23.01218217857954, -3.222917041578302, 30.09053878679573;
  -23.70731632967052, 0.4344010373176408, 31.07964463160477;
  -23.01961397149324, 0.2904204843489569, 30.77341709993287;
  -23.31986395070232, -0.7302183997916203, 31.38233209592989;
  -15.71021632856481, 3.810919073662506, 21.58223518157087;
  -23.45586801676835, 1.103998771010774, 32.07682876390976;
  -24.54475074478151, -4.207307783935938, 33.80685062059756;
  -24.03961160825321, 1.817183737420257, 33.15819302724891;
  -12.36899375304921, 3.831623813315189, 17.53359001900245;
  -12.53321001140636, 3.770443512574802, 17.95491592372363;
  -24.74820374390712, 2.150974668045759, 34.93871107774307;
  -14.38579253980867, 3.813422483601982, 20.64603468400181;
  -12.01711174212297, 3.788609870773015, 17.52523675435136;
  -11.94241609497412, 3.969650493038578, 17.63596860577213;
  -25.922429112742, 2.05543820991892, 37.75304078317489;
  -24.49736928719063, -1.186944510114402, 35.81186667107611;
  -21.91287626332712, 3.630408122598153, 32.21198232824979;
  -20.45041572333885, 3.827089166577815, 30.2763322030945;
  -24.53497123408583, 1.869176154659588, 36.52357192569905;
  -26.04123963542766, -2.905122311962422, 38.7728676951572;
  -27.93012057750752, -1.93923021317921, 41.54718324719929;
  -26.78250578563715, -1.161929747343235, 40.16728310264764;
  -28.4491908268883, -1.31893478302468, 42.96546443620999;
  -27.47108429183906, -2.8441610439023, 41.55509564132815;
  -25.14281297299491, 3.361506241322703, 38.19621132661868;
  -30.96403370952239, -3.460430931926012, 47.12186818053552;
  -14.18024187098805, 4.057939229303257, 22.64876864742254;
  -14.42863964785336, 3.865336715540118, 23.19742290420292;
  -15.109574410887, 3.841087071170622, 24.39645012152457;
  -13.73172671535665, 3.967692567964907, 22.67599977501102;
  -23.03022775136598, 3.648541892079247, 37.57983726642822;
  -14.32788978202751, 3.882969622172228, 23.6599345076234;
  -23.96308545095559, 3.868894268669191, 39.43699835294949;
  -15.19442534032977, 3.684733174545035, 25.30485028861022;
  -30.05938281797503, 3.870182263774715, 49.66294175787293;
  -14.78030629423794, 3.811455974454857, 24.82438138810253;
  -15.75975382687591, 4.118616387361487, 26.83128999063478;
  -17.61873719942531, 3.933751081236233, 30.44238088240596;
  -28.83626119677093, 3.940108088234616, 49.44973175113151;
  -15.50121980402193, 3.93912907890822, 26.92481426620479;
  -18.19900150852954, 4.05583726560956, 32.12993377025276;
  -21.46303030060041, 3.260924931552766, 38.09967101838005;
  -16.53709061267163, 4.200356332727234, 29.60298754001889;
  -20.44606330660204, 2.716303366024, 36.4728310216577;
  -18.27813002914895, 3.935193628724497, 32.79906898566377;
  -17.5148094827338, 3.941617659931577, 31.59876142929506;
  -19.88636137078391, 2.370116985699618, 36.12311340737655;
  -20.10533571948691, 2.127198955013515, 36.56828435221965;
  -17.01627237640146, 3.90337738291375, 31.22805047635949;
  -20.42652683099271, 3.598918835461487, 37.8719668344574;
  -40.09728964108903, -13.32604201655921, 74.26076687281825;
  -46.50113768454046, -18.62515275801488, 86.47591809017916;
  -20.89945909193141, 0.527682573343872, 39.25937678878324;
  -18.09455037244618, 3.715619806511318, 34.1143990288985;
  -52.9500931856736, -20.68474758115203, 98.99701602246427;
  -21.30274823820215, 1.434149113771396, 40.40713524148927;
  -38.516650708698, -10.47675726072365, 72.75010072928812;
  -18.45647106451102, 3.979354466860187, 35.19188088744075;
  -22.49596496331934, 1.887216215201227, 42.81536455734269;
  -22.15336817887024, 2.808747811913765, 42.22397900083389;
  -48.39021102427728, -18.82318555917205, 92.02571637141422;
  -23.39323443950091, 2.812456737332242, 45.24736710161042;
  -19.67193580796431, 1.920012819202652, 38.50910966196766;
  -38.13010166880601, -13.0997944750306, 74.15825041275966;
  -20.81057495880197, 0.6737900073014542, 40.80162111529509;
  -44.99870115934291, -16.34174379649825, 87.67530594337207;
  -44.50420564847703, -16.57669321260562, 88.32265061585781;
  -18.39691103153704, 2.11834572481663, 36.88260157603829;
  -51.86996404161385, -18.03786826064419, 102.8819262446264;
  -61.29332840492251, -23.5277740361873, 121.6975156091064;
  -18.88805111262403, 1.869998319639225, 38.03073267515522;
  -105.7579962258193, -42.58457830423532, 210.8215617229644;
  -55.28533260707932, -19.66096955218756, 110.7841726598691;
  -55.54758600577944, -20.46913173083305, 111.3850510343099;
  -57.92585825231873, -15.7705905711025, 116.4501360511394;
  -68.96551505752807, -25.90857353495897, 139.5874923088374;
  -49.09267266602761, -12.67189217613107, 99.81940979504361;
  -63.25280968261271, -15.60917740942714, 128.6885439857747;
  -76.79262271080249, -27.86982314806235, 156.3960146566791;
  -55.82394553800827, -18.71315041226795, 114.2325846798327;
  -18.9817403554427, 0.7130216562888176, 39.4108009103207;
  -75.41833788244416, -26.39897508015745, 155.6659025632506;
  -67.30446787893143, -19.73943619277783, 139.6316252136681;
  -47.78514845584351, -13.17726306170852, 100.659132211457;
  -16.37455187249384, 3.260726759002009, 35.37564970351836;
  -18.07115526995197, 1.395385912289811, 39.27523943097393;
  -18.5748998106339, 1.17495083980806, 40.36773669925602;
  -18.15199280829463, 1.775585398428729, 39.47958913374486;
  -22.20255131149009, 0.8114851723594637, 48.13682824131449;
  -16.31684103589056, 2.664718443496118, 35.67054332812591;
  -18.41460175549299, 1.103726497292012, 40.35100914779872;
  -17.40506208484167, 2.381035711722277, 38.26135748853714;
  -18.35123583466277, 1.491814823842769, 40.41191769339958;
  -17.34244380644375, 3.796870996399116, 38.23722386220192;
  -13.54674429423048, 3.943178305023541, 30.31494128699468;
  -17.23644284250368, 3.028963333882649, 38.41729993122773;
  -17.33743865303337, 3.314841851292498, 38.64777556063829;
  -17.14572139871565, 2.334334250509998, 38.26247318018356;
  -18.25754622138365, 1.973176838246379, 40.73474298913056;
  -17.46794907430394, 2.709952056305658, 39.03063008856947;
  -19.41873395646713, 1.471651548108877, 43.39492471680804;
  -65.81768621180338, -4.681750182567782, 145.4099178086501;
  -95.87152731109478, -15.87014289293339, 212.0393338975808;
  -67.34484600785272, -8.510384434965765, 149.3262900658456;
  -110.2978153104742, -12.32743577539676, 244.3353134260778;
  -60.47517116601133, -1.058975622151289, 134.117633295259;
  -18.49217331441182, 1.586847559461414, 41.60041048326148;
  -19.47423003602466, 2.522289002065827, 43.88200607385286;
  -146.8742213567128, -0.3616713698577567, 327.8560919464543;
  -211.8543840521291, -14.28006332679826, 474.2961289283368;
  -173.3638600482074, -18.56555689984222, 389.779826919978;
  -224.004778633513, -21.49762786005721, 503.9993691077896;
  -16.17408129965709, 3.917997483528601, 37.10454687296905;
  -20.90125305401573, 1.288084675470016, 47.78944206488502;
  162.5709958080713, 25.51408497812557, -367.22509374594;
  -123.7553848902154, -6.431822802816257, 281.2646959637347;
