m=[-3.993035376470706, 1.103304690422482, 4.952571190236362;
  -11.73340367801176, -2.011266732340201, 16.16106961273786;
  -18.63996906581538, -5.070182055207749, 35.20710140102218;
  -9.847850251656009, 1.035105496988455, 22.94815256060699;
  -10.40036831743301, 1.232747310584697, 24.24987084865746;
  -11.63466173818262, 1.017341917537649, 27.19430045592635;
  -10.44415964819599, 1.342422399833272, 24.51046798532402;
  -11.39843622531872, 1.798559474392602, 26.87629335124113;
  -11.35485444218466, 1.602085019141454, 26.82249706664887;
  -55.97313904872454, 0.0243497461994086, 160.0585498833092;
  127.0957295033814, -1.690420070905033, -362.552944174616;
  -39.08280462822878, -0.5410052086165135, 113.7479169308499;
  -45.10982133354571, -3.587983970503545, 131.8941701467841;
  -32.49122219267098, -4.168067462800823, 95.05170269745068;
  -44.82410450677923, 0.2270151545098354, 132.2300557525853;
  -36.46963263393441, -3.563790133607497, 107.5912296422988;
  -43.36740703790053, -4.926751894467976, 128.4162809315208;
  -41.70638328199032, -0.6372087936228024, 123.7142506202574;
  -27.40162797186303, 1.327295829347146, 81.45597089971335;
  -68.80023024912735, -5.300801665450092, 204.2420976771253;
  -32.01764157496852, 2.067991321529592, 96.6934489780638;
  -20.37267972567238, 0.858086202266097, 62.71030033193281;
  -11.03815397139568, 0.6291791649325248, 34.21869612056352;
  -10.23576044129332, -1.669192671146542, 31.42065114320024;
  -31.68289726757519, 0.3719844801385028, 97.65641596096995;
  -8.733699015936811, 1.29845016591919, 27.25974325781995;
  -17.00679176188062, -0.06747898074617842, 52.6184910127476;
  -10.61946550302516, 1.792052373611796, 33.17588135806761;
  -11.31410403057777, 1.787336842455813, 35.48879701813315;
  -13.81642040512666, 1.761849978445316, 43.56412515992992;
  -20.41859549532785, 0.05541475421866208, 64.57348943649598;
  -21.42516435128166, 2.158801206952259, 67.86898784473316;
  -23.81577364055377, 0.0950557873997952, 75.38623061614419;
  -11.18929411752518, 1.68844675910586, 35.66642340431466;
  -31.50188380052242, -3.540011570646659, 100.0349704730426;
  -20.80608829323271, -3.056326898582777, 66.47043315106154;
  -30.00500669819145, -2.609581368214562, 97.03293246733801;
  -15.52412017245567, -9.707258086317021, 66.65746902850783;
  -14.35288537035459, -10.57020956588201, 65.363343480615;
  -12.48710224455576, -7.04545082729308, 58.30495036856904;
  -7.33612926957279, 2.823287123916835, 34.6280880689261;
  -4.286491491242783, 1.512545625845699, 20.54538565111798;
  -17.77686935422639, 3.752102267925972, 86.51761692582667;
  -4.472785957541261, -0.2893785460761007, 22.92769244153551;
  -3.207084954531484, 1.529813966143859, 16.72784564652044;
  -10.89966020966246, -9.910482159718661, 62.62593346845062;
  -1.926024895540246, 1.291508153995832, 11.26050806586346;
  -1.227256905557405, 1.604953244423389, 7.420611735645688;
  -6.879664735454116, -5.663282329077881, 43.98020239506909;
  -1.429190327093521, 1.37641833699013, 10.25296305516881;
  -7.092785334887635, -8.003319781895712, 56.3210892680375;
  -5.31082311177014, -4.372605715562409, 44.3568017620543;
  -6.756778898491536, -8.242234166007473, 57.22028191359171;
  -1.135375414107462, 1.651177429941093, 9.333272627011027;
  -4.735664681992119, -5.33449778523981, 41.04271880312282;
  -4.309874492873354, -4.549303404169859, 38.61331983358326;
  -4.267363168212552, -4.801995060755232, 38.70786664830681;
  -1.556938323205464, 0.2660034509524653, 13.76048615970367;
  -4.045989833326119, -4.937034971558229, 37.38555792961138;
  -4.63601404917014, -6.011858116884681, 44.14878000418101;
  -4.131101290485279, -5.168704848081534, 39.85330299364147;
  -4.006158213488194, -4.211195833282135, 38.78319328590081;
  -3.826960096623893, -1.658347480303138, 37.19606716769638;
  -4.549445737547913, -7.285196232220614, 44.38877236029687;
  -3.810334778514159, -4.277187974161987, 37.03680058702557;
  -4.315386915161456, -6.825677132663053, 42.4907596680803;
  -4.172217264743751, -6.43204417039684, 41.12827175106671;
  -3.643618921384709, -3.819313236916639, 36.94955733487119;
  -3.589433745895285, -2.893828821246244, 37.23750706918266;
  -3.440585916830341, -4.514867807622947, 35.71547713338124;
  -0.9706569920238068, 1.601101788081335, 9.723185893448999;
  -3.436446887574001, -4.080586213448282, 36.75609315110548;
  -3.34740234750597, -6.183523143820827, 36.87244041191434;
  -2.814407728707076, -5.875334978989832, 32.99363668615845;
  -3.231299254717787, -6.320594529309822, 39.65303074764741;
  -2.766556413529141, -4.947197157058022, 33.91274654584814;
  -1.067067742151507, 0.2222530169649271, 13.14025617142652;
  -2.781503173292842, -5.292993746190164, 36.34821796152401;
  -2.921201491673682, -6.765103731419758, 39.89126951561417;
  -2.015005189936554, -1.135065502237957, 28.38416755356403;
  -0.8869601589377116, 0.1948987647580406, 11.85526292778446;
  -2.56898934893423, -6.82720679891756, 40.34987845452909;
  -1.844130217504567, -0.560391784147446, 30.25366468295385;
  -0.8433420452844654, 0.1920105332307814, 12.81445156506336;
  -1.603126361973968, -0.7345962370794698, 26.55060982239248;
  -2.203918991207241, -6.235740541500443, 37.44106393763017;
  -2.025249231267475, -0.4197266761488978, 34.52122230357166;
  -2.066341905639049, -6.522626057442774, 37.33885590249442;
  -1.797268032040019, -5.626467409827574, 34.66088683642794;
  -1.598541195966, -1.220743495005949, 31.07187995483423;
  -1.042232810103004, 0.3405734350202584, 21.30712965546925;
  -1.387581598897888, -1.052620005607052, 29.64945334548662;
  -1.235579955012103, -1.184138425673227, 27.31242985793123;
  -0.5267694051362395, 1.666778990825355, 9.934303756402644;
  -1.335643921278348, -0.8331786617588612, 30.28567242916093;
  -1.494976736614168, -1.748492575944465, 34.42032682548041;
  -1.038186102251714, 0.1121058039041999, 25.16647224197669;
  -0.7464947378160952, -3.281675268755849, 16.89336889390539;
  -1.177152356735179, -1.044337727864702, 30.55455593927322;
  -1.040925564159813, -1.10787698341003, 28.72810498686798;
  -1.201233492960839, -4.878725273532377, 34.19410792914579;
  -1.068329283646258, -1.837676286435319, 32.11534040389898;
  -1.084219152252306, -5.786145516376241, 36.28936815993504;
  -0.3632354350656874, 1.718701314432324, 9.568876146952777;
  -0.3675096033495424, 1.55583682249158, 9.934681511870208;
  -0.3602381834053675, 1.28854209008634, 10.12072616516032;
  -0.6722015256359908, 0.1029115274821471, 24.85726102731702;
  -0.6936228783165618, -0.3919884427721898, 25.90692327791713;
  -0.5348454045780967, 0.2707739097268117, 18.69712924416065;
  -0.3148810490055664, 1.672841706844985, 9.470415201014482;
  -0.5712374160670392, -0.3898823362798141, 25.33661237853865;
  -0.5401477755434488, -1.004014400592538, 23.89270132983962;
  -0.2955257747947609, 1.54663591028678, 9.718479532742101;
  -0.3584455905261726, 0.3537522529955259, 14.20087221276343;
  -0.4435745136712339, -0.4254529396552292, 21.09159599639343;
  -0.6055846963078242, -6.691132548738457, 32.62651542641809;
  -0.2762324324976103, 1.49396853555548, 9.812943017084169;
  -0.4513904845304335, -0.2363602920215034, 24.7837322786909;
  -0.2968346730903089, -1.121873587409814, 17.88612926434746;
  -0.2250446069358968, 1.291240408440612, 10.30302964268804;
  -0.2630545916581399, 0.2628172491694242, 17.25529266049542;
  -0.2994741138672181, -7.623322298856882, 32.64498451049231;
  -0.1732977101050187, 1.552902832557586, 10.18861587464068;
  -0.1969060420149155, -0.9630658024633929, 17.18748667133041;
  -0.1151871216267017, 0.3814699837360234, 16.64491288026851;
  -0.1065157721925865, -1.232906264195065, 17.66524094902804;
  -0.0965845708180863, 1.673510245482244, 9.847021981555752;
  0.02594416500465778, -5.844345516334225, 29.20699217257459;
  -0.0478199441849724, -2.668203400061677, 18.14116878068916;
  -0.07651603314673575, 1.323237639668914, 10.66757081269345;
  -0.03014032720320559, -1.155498401144157, 17.01585882912928;
