m=[-8.57867827422904, 0.9638816743769026, 10.3076047009592;
  -8.26491229226434, 0.7692366512729696, 9.981394198095849;
  -8.619326035247282, 0.7923784372703845, 10.5803927430807;
  -8.678545431620035, -2.388480423620336, 10.75344182329414;
  -8.386588658490592, -2.098515530189919, 10.38696893009329;
  -8.705922990991837, 0.8507567889414036, 10.85681981113379;
  -8.655310855333161, 0.3488370427971327, 10.84246520853217;
  -8.668942900786099, 0.7682251414311951, 10.90459117524378;
  -8.620164220883304, -1.243536203090874, 11.08479337213838;
  -9.160753813247082, -1.279717120882718, 11.96543834898668;
  -9.185553182554743, 1.554123266719419, 12.09117440792937;
  -9.247069037888563, 0.8853283834448582, 12.25012421907568;
  -9.173030099247573, 0.1335370293495959, 12.16838693571235;
  -9.110497409844404, 0.443524657766978, 12.15929156693088;
  -9.763175900157327, -0.7510873639151946, 13.62414464919564;
  -9.566227186966358, 0.6843292073512017, 13.50925204209891;
  -9.812194916593841, -0.4093918250663033, 13.86950529905136;
  -9.676952528044303, 0.01870556681266963, 13.87119448169708;
  -10.14658824363419, -0.9808404491304044, 14.50787550820352;
  -9.82505185165042, -0.0841555842784794, 14.17581479654407;
  -9.92586049360556, -1.614602123817462, 14.35731796607133;
  -9.805060916127701, -1.317489901350096, 14.86207067267716;
  -10.12213446780436, -1.999264488684052, 15.50643054374455;
  -10.63442764905919, -3.673223850205922, 16.28124221327226;
  -10.83494839578927, -2.446510498495456, 16.6578317982605;
  -11.20681887109369, -3.888561623869167, 17.29568276372196;
  -10.13251201081574, 1.378441889983543, 17.29517197776184;
  -11.85869699687239, -0.7340383870241846, 20.15083110802289;
  -10.90621043627887, 1.075364256729908, 18.75496934536098;
  -12.86030339672691, -0.73082115386892, 22.08780634991486;
  -10.09397868230592, 1.244959737972947, 17.8645077853615;
  -10.22910826090607, 1.463238996607654, 18.2023071485602;
  -10.80857552940252, 1.566428635763404, 19.56456582703035;
  -8.210287367392157, 1.006869539752951, 16.98754564942895;
  -8.147943365247398, 0.8556775600218046, 16.88031586485043;
  -7.901998326861585, 1.608813992329816, 16.96047547898845;
  -8.576161466654479, 0.1343048279403514, 18.43608577336361;
  -7.76050350357763, 0.4760579156150815, 16.87247859866367;
  -8.197547696013736, 1.075256928324747, 17.94173556286288;
  -14.72993185164876, -4.750391678993478, 32.11461381194567;
  -8.159637212100684, 1.010037096116947, 18.17467418189434;
  -7.55322000323457, 0.7433462795166619, 16.99677530717837;
  -7.616806345411841, 0.8733707575976601, 17.20263213286038;
  -8.083994323609876, 0.1866539734479333, 18.23545341018459;
  -6.535694776710336, 1.561211943607629, 16.81009679719345;
  -7.006201795825878, 0.5893622880419664, 18.4603728621002;
  -7.671194114704724, 1.030812672879219, 20.26949248793385;
  -6.144142961173825, 1.64182791961017, 16.52534556582035;
  -8.208370351485202, 1.086916594852165, 22.53623935607073;
  -7.74206850944466, 0.9442883901067615, 21.30837295434121;
  -8.838648676254662, 0.7575004756115776, 24.42719292050596;
  -8.426668096279423, 1.254089832527029, 23.58839631246542;
  -7.92995031770535, 1.767102667061532, 23.60500110825911;
  -30.4852441031646, 0.06669658125838686, 98.57073035234225;
  -30.1433991708083, -1.901121637969878, 99.50587126098652;
  -8.525890335112488, 1.429614616951848, 28.6545683931856;
  -42.07528404449655, -3.931804064556418, 140.8056939459935;
  -21.76023829845485, 0.590270952100123, 73.82864641572195;
  -3.906161711484862, 1.580645711109513, 13.66182513958966;
  -6.974462237744788, -1.056545115027749, 23.77505737734912;
  -14.88838744264013, -0.2344715865313579, 51.47190069502408;
  -17.0211306936155, -0.3787250863852344, 60.17469469651519;
  3.489951123121331, 0.02056926495558998, -12.31540410143007;
  -17.79851922598239, 0.6153115489873008, 63.48741743333836;
  -14.46259977897891, -2.784942973269001, 51.8094645302746;
  -29.86049683822265, -1.172539528478622, 107.5147167669372;
  -23.38361807535929, -4.258298120811078, 84.89071373507717;
  -26.17059072220521, -3.169497831034444, 95.01081548239459;
  -12.81036652087176, 1.38183364378143, 46.72572356303821;
  -11.84470484563042, 0.1019311920655488, 43.53451873421955;
  -17.47074450137798, -0.3080186374803037, 64.11230113089943;
  -27.59943133031543, -3.972565918569305, 101.1422787984777;
  -33.2784733012549, -5.434015268144513, 122.6954539361807;
  -27.96327477685321, -5.657653804477532, 103.2635749999877;
  -16.67116466722626, -1.948242929985076, 61.66406643570609;
  -14.39700431753077, 0.8016395707680781, 54.2385833185367;
  -8.033582007229933, 1.250351264070303, 31.15940421706936;
  -5.379340486014807, -1.234939604057488, 20.69530356858285;
  -8.029036660746309, -0.2118377878949074, 31.09723147137805;
  -6.9696396938946, 1.290734323471882, 27.20179902519828;
  -13.62026361801705, 0.8345313649199926, 52.92787122632961;
  -7.217986887613038, 1.233714147033497, 28.30151911291618;
  -8.568311931814664, 1.141543098045289, 33.89923963924963;
  -10.17482750192879, 1.014794639167869, 40.57396473071271;
  -7.822480617295087, 1.269079135002851, 31.30162961448778;
  -13.63043156538527, 0.1486724708183181, 54.452805723163;
  -20.10331004587119, -3.354344377458943, 80.64292496230604;
  -7.184642684015151, 1.338933437686622, 29.20313610923564;
  -31.31464354010961, -6.618468155041173, 126.6280432708133;
  -14.73178386098546, -1.994641902148048, 60.50196304493134;
  -19.89506226740444, -0.5585071854145832, 82.32523269033568;
  -12.01959452305589, -1.906802747407217, 49.93495434563996;
  -11.22629984983149, 0.5686525247143496, 46.90404198095882;
  -18.15455070571797, -1.157040302927421, 75.62853353467644;
  -20.36612303906303, -1.934885524143172, 85.50577951884677;
  -3.442363752759877, -0.393283689676351, 17.75042771783851;
  -9.68075287345075, -3.261576364329422, 49.96091867885638;
  -19.34648261303191, -5.495606488819488, 102.9453909244721;
  -29.68496279595965, -6.608392914620434, 158.291465814649;
  -14.77840080875899, -10.72584145018724, 80.62687006474273;
  -10.64664453837147, -7.040123486900338, 58.57214191995769;
  21.3978047081756, 7.198487317895923, -118.5992512914428;
  0.2167969319267933, 0.0610747723665207, -1.206367073851392;
  -13.4953263330225, -7.674844575539464, 75.21752295387101;
  -22.3700907326327, -16.1305962290683, 125.9653415078198;
  -6.512059503485609, -1.25983402401924, 37.53750475556288;
  -4.571997228102006, -1.070695166151444, 26.41456481980179;
  -21.90819281678107, -12.25868496063841, 126.3707277605536;
  -12.39173254545961, -3.522535880185432, 71.64721880984456;
  5.919982049454899, 1.529103110348239, -35.05709732247428;
  -16.98270824251011, -15.19481432442071, 100.279992433556;
  -4.769090273434308, 1.469320870511794, 28.72319862552251;
  -6.237384224877548, 0.9928210286073407, 37.67613779139656;
  -7.937662876687761, -1.835975056339805, 48.24014146606974;
  -4.55066285198609, 0.9445466414269143, 28.11246359965354;
  -4.806235933840935, 0.3959001033974179, 30.0188618440351;
  -10.37073365794168, -10.67546453771648, 65.02340803391985;
  -17.5936336288562, -3.921269912780665, 111.7755126094247;
  -3.249819144892252, 0.6407145183113239, 20.76255748200399;
  -14.45523731080694, -15.49211819134552, 92.536141859018;
  -3.792310495584562, 1.608189989270218, 24.99897050728235;
  -10.89878888113445, -1.97310547971517, 72.65470824224398;
  -3.960665453676013, 1.994076059191546, 26.50488848265831;
  -14.46734006866225, -11.54897176974042, 97.26111554845676;
  -10.77262903387145, -1.485605778956109, 73.35230674031847;
  -3.607606860845415, 1.681288916063349, 24.73578950286054;
  -6.668923578604834, -4.790724882768838, 46.2275173258116;
  -16.41107307011291, -12.68931369188253, 113.0108950129477;
  -4.750336585453921, 1.222157534933795, 33.19952122624031;
  -10.44691352713052, -8.820171673852974, 74.84960545762922;
  2.915218352549394, 0.4182296862787401, -21.94281205782835;
  -8.103875738987437, -0.624668912024878, 62.22313884327389;
