m=[-17.50566165226971, 1.96689815436419, 21.03371108838473;
  -16.46692241896049, 1.532618836159795, 19.88682251921105;
  -7.552535550562815, 2.197758523436811, 9.664724873746117;
  -17.6237514661026, 1.620159231527595, 21.63350259118724;
  -7.300366977368628, 2.178576626657366, 9.463665044232753;
  -16.71385720054229, -4.182187815925054, 20.7004686307453;
  -17.59307155467605, -4.841906668667571, 21.79928341066993;
  -17.7069324359009, 0.8972702236002162, 21.93396698637569;
  -17.73542449439631, 1.73313419024929, 22.1171618688638;
  -17.62262820794248, 0.28101961195632, 22.06689578326032;
  -17.72797995923452, 0.7144949739079199, 22.20775303605858;
  -17.31756893575549, -2.498215042001505, 22.26891140838865;
  -18.63382166371797, -2.346554973125089, 24.03595623981364;
  -18.8900109654441, -1.383516850666392, 24.63481382147863;
  -18.73144175643973, -2.616700241400411, 24.46631752074889;
  -18.9399631904627, 2.897157404879786, 24.7906469081412;
  -18.77192480565762, 2.022835619579521, 24.6766078988174;
  -19.11580190259958, -4.593342573609431, 25.1375045376845;
  -18.72906348863533, 3.168810060000963, 24.6535367699312;
  -19.35998131818618, 1.853553909214253, 25.64728078216206;
  -18.7840051469216, 0.2734494730169023, 24.91772515266283;
  -18.64384467452749, -0.6080599558701604, 24.75169997725955;
  -18.84867833168827, 3.567033052455115, 25.04375617329769;
  -18.7369417517483, -0.2249339393071231, 24.94832541843955;
  -18.49122277276281, 0.9002047729161963, 24.67924186885149;
  -18.93868350269561, 0.04292284934225597, 25.57982243807699;
  -18.52456477039585, 1.709884578286883, 25.53426813064078;
  -21.21742240540959, -3.680835748105134, 29.1773358526455;
  -18.48330906436274, 2.375176712857784, 25.58063319926644;
  -20.08505821005079, -0.4241651019592751, 27.81108398070771;
  -18.4808818538379, 1.328561231899547, 25.67428739585981;
  -20.78959275973437, -2.121275841906335, 28.89103023053069;
  -19.97868588878545, -1.536973078448352, 27.8795045007097;
  -18.25839056117114, 3.427897040153098, 25.58921349153634;
  -18.30440290335407, 3.31971005579176, 25.66201515578598;
  -19.20638605595485, 2.416986809400013, 26.89345524545303;
  -19.36317685380202, 0.4930866646568662, 27.15424789519635;
  -10.09138690478265, 3.686273053682597, 14.52832569252244;
  -19.23126190225194, 2.842508614125639, 26.99756653053468;
  -19.4053442767366, 1.768628165107927, 27.2428444953199;
  -20.41362342726267, 0.2886377777838929, 28.76404164633322;
  -19.72768723753007, 1.411238966656045, 27.85908110802522;
  -20.11180864939438, -0.8391201070043567, 28.42797549450968;
  -19.93166078010349, 0.224222603281758, 28.49988372602226;
  -21.12267191577686, -2.041865749475238, 30.20178676778141;
  -19.86983902473378, 0.03840843492380584, 28.48194208180109;
  -19.77006655576977, 1.184226386943361, 28.47678024987308;
  -20.47765780513159, 0.4996276539927716, 29.50980143276209;
  -20.02568697468956, -0.1715281927646866, 28.89352992870747;
  -20.51702173147949, -3.337426199310052, 29.67696401792206;
  -19.69719415335294, 2.869732405198128, 28.5481253764381;
  -20.51591869572329, 0.2385868745583592, 29.80948499534927;
  -20.12640084174094, -1.776993771644317, 29.54994854350567;
  -19.96767093762525, -0.5176772742441368, 29.41183859085366;
  -20.58288567937791, 0.1073500507229754, 30.51530577925483;
  -14.18196607610208, 3.660597117648688, 21.40914827537927;
  -20.34310850831584, -0.8860687882119085, 30.37756283006545;
  -20.06461151112171, 0.2774252513886124, 30.22854900849011;
  -19.5290819031916, 1.268345278248802, 29.48194681256666;
  -20.74062583928953, 1.849439605033441, 31.28248497497189;
  -10.86254169328728, 3.626633692085946, 16.80330775505287;
  -10.6411021665619, 3.74120755982465, 16.48035887144669;
  -20.10222555970241, -2.701102970814504, 30.47005005904477;
  -21.25878818127028, 0.887477999251188, 32.31692894659219;
  -20.25640164217108, -4.000925358236082, 31.03144757951953;
  -21.91837404822888, -7.57079712877745, 33.55689357027935;
  -11.28246222877188, 3.656457877737066, 17.66823331430989;
  -22.43144831118762, -5.064977864694392, 34.4864857043852;
  -23.09481603737687, -8.01347968466788, 35.64264009827856;
  -10.52459257618142, 3.585640962121434, 16.77859934642603;
  -21.44651884215186, 0.4132125580957406, 33.66007880781313;
  -21.72561456864814, 1.868756371590706, 34.23716507962397;
  -22.27163270882853, -4.442968422173874, 35.14537057021111;
  -12.82035599880946, 3.872293382030631, 20.59591514330855;
  -21.03626876099158, 2.645157505538323, 33.41689469903571;
  -22.81373521492662, -3.108048090756223, 36.8233622437774;
  -21.73030457693017, 1.671787983379328, 35.4502888352098;
  -21.40282658781339, -1.360737955417315, 34.99253270601139;
  -19.02145464887406, 3.292640229962024, 31.23535638818033;
  -23.34220948114998, -0.2613019303317133, 38.8022898124437;
  -22.52613440264585, 1.697605871354665, 37.60110558567994;
  -22.21563794009878, -2.996967770572697, 37.09613685375565;
  -23.5088895015307, -2.048548792669475, 39.27696309245231;
  -22.26547714272295, -3.041598011059305, 37.52718032926855;
  -23.22767733462955, -2.931363886886028, 39.50384861004009;
  -24.69377320348426, -1.528513415648212, 41.96076966756715;
  -25.10396214561307, -0.7985674163707303, 42.66518938093995;
  -21.97932409227037, 2.9900996919589, 37.51648058497358;
  -25.47884373587885, -8.160496905417736, 43.36829001870623;
  -25.17686698987661, -8.474290488662877, 42.8590466204741;
  -11.37461241315767, 3.572645661090263, 19.83444817458683;
  -26.26387920510177, -3.544418401729593, 45.05806571245782;
  -25.11120826215258, -1.427011605485128, 43.12895957399989;
  -12.28692475469399, 3.801555700162643, 21.82249373629852;
  -20.77756861627336, -2.526194243206459, 36.62903746563628;
  -12.52946291935135, 3.626105635812285, 22.43235257868225;
  -21.34434799745847, 2.632545077264701, 37.77561682812612;
  -12.85743714733319, 3.519459945982127, 23.16239616751609;
  -21.31714479328961, 3.049344748562693, 37.93304432418027;
  -12.31430191530561, 3.60749002263237, 22.4234341167228;
  -22.17535649681545, 3.213754979125719, 40.13953742004276;
  -11.91988110285198, 3.738062807034101, 21.95019373637554;
  -18.29785616587969, 3.022898156143669, 33.71823554421873;
  -13.376426344337, 3.631311508372003, 24.88747001242012;
  -13.66503995941498, 3.574706233228393, 25.48946889746181;
  -13.24012582616266, 3.686465946286658, 24.90396146600984;
  -24.49828916029093, 3.103067643846738, 45.59354679048367;
  -25.8477116203974, 3.411022090041515, 48.52666391992205;
  -13.45843891118712, 3.80655216506159, 25.75953834111648;
  -12.91414114105714, 3.41578396561883, 24.78347997949544;
  -18.20407908913368, 3.295593487047311, 34.67027829546041;
  -26.71235281581387, 3.443015795190738, 50.59456226743555;
  -27.20116534859309, -3.43415699229818, 51.79337363226492;
  -13.90416071283247, 3.568764797144057, 27.17312449795989;
  -13.40707983750045, 3.690391666211111, 26.22977145848521;
  -26.11634942110018, 3.118052744423544, 50.44820266860005;
  -15.4169808223047, 3.692791969607002, 30.08448416288267;
  -15.52592122140904, 3.864353924571523, 31.03469629930854;
  -27.56310219349523, 2.841855084714997, 54.56802560571453;
  -15.57809673464293, 3.732724362952375, 31.16881026510485;
  -13.9204372271391, 3.658330025407637, 27.95917421835088;
  -12.53976454024087, 3.450687645854438, 25.420142422094;
  -18.5800891393508, 2.944396909917976, 37.52532234711902;
  -16.86514918499136, 2.305196815695494, 34.20794818598539;
  -13.86307862064605, 3.566832997512285, 28.28578053814769;
  -14.67711696118484, 3.395942982111716, 29.9087504236625;
  -14.79410353306322, 3.589571278551967, 30.29873837982714;
  -16.99797612942421, 2.396151558776341, 35.09598474773266;
  -17.27195524471991, 2.118148226693373, 35.73664538708695;
  -16.9325397101916, 1.778214896041946, 35.07960302243443;
  -15.74241676498323, 3.678814119322004, 32.7478360535667;
  -17.71909604507603, 3.322389685012256, 37.54698807541134;
  -38.49682611503842, -18.37653488660409, 81.43475255426223;
