m=[-15.30902670317339, 1.729635974287618, 18.34572004374826;
  -7.073590283725631, 2.224190613562337, 9.157215558989172;
  -6.811185344926468, 2.134943659734114, 8.975210071932839;
  -16.7155639976089, 1.619303868100745, 21.31525045272431;
  -16.03824102122798, 1.820541927451513, 20.79552355040767;
  -15.82405844116075, 1.447106957160121, 20.57167136215891;
  -16.07252793991495, 1.462411825661717, 21.32767101946088;
  -16.26183770083485, -4.991177427004099, 21.79304004918457;
  -15.84947199792596, -4.527103309785469, 21.23994049391711;
  -16.2925960648173, 1.583979965366084, 21.99528801528806;
  -16.11683398378801, 0.5703158698438502, 21.86446120539495;
  -16.15225790918946, 0.8813987872863557, 21.91792584702281;
  -16.31580812695585, -2.725444936462153, 22.75079849072526;
  -16.89845607406796, -2.46691812038795, 23.70129773940254;
  -17.05746013230299, -2.749919532657101, 24.25386264949518;
  -16.82664286145343, -4.566076232431097, 24.12004711497484;
  -17.14893965050144, 3.011683451582963, 24.59387796391804;
  -17.21275368955138, -3.306856642331401, 24.72171672705304;
  -16.78771987075746, 1.588239850821772, 24.26181468870393;
  -16.12482431673106, 3.17636759245092, 23.36039456779238;
  -17.07399387590546, 0.1184959866957811, 24.68879837706638;
  -17.14484878385109, 0.8069773544082568, 24.96425722166805;
  -17.44375547518895, -4.846660843835863, 25.41655455291123;
  -17.0149984356479, -0.1138583528971992, 25.09344565262709;
  -16.88003439709002, 1.551005468266461, 25.43140609183472;
  -17.19041908402726, 2.241992086066107, 26.00459577772648;
  -17.4517090517269, -0.1238243313029395, 26.5671485057386;
  -18.26830998673761, -3.110909137943509, 27.78567008217357;
  -17.9184897978296, -2.149855496393208, 27.33062024123141;
  -18.14924870715042, -1.691729083012223, 27.77394047652497;
  -17.19753353887076, 2.205491141593319, 26.38375233100528;
  -17.4578476615512, 3.300567453345951, 26.77784863347029;
  -17.40546532101144, 0.3178462523583431, 26.75225245537808;
  -17.29881422053703, 2.639340531662002, 26.61691738547144;
  -17.73536275554035, 1.599025597057852, 27.29337000643513;
  -17.53768628278373, 1.202732427894746, 27.17502898868341;
  -18.87354924345226, 0.1171803786047259, 29.20671867199038;
  -18.22877137492853, -1.008647639499926, 28.29128083514798;
  -17.2317905416114, -3.232855733935096, 26.78234350417315;
  -18.6102355258416, -2.698326601543133, 29.06893260944555;
  -18.23947572731498, 0.04996399377709384, 28.65622664327196;
  -17.93028994351677, -0.1316288546632065, 28.24409320327345;
  -18.45838678224368, -2.139720400186569, 29.04710403026784;
  -18.07705327156698, -2.413858159492406, 28.53155504821823;
  -18.29680695376329, 0.3401236623152771, 29.02306690473703;
  -18.35076740622761, -0.3510665680604148, 29.11789148039916;
  -17.73155993863745, 2.661546986872887, 28.26058429686398;
  -18.19395336691779, -3.429379551806169, 28.96900376694446;
  -18.29657962829103, -0.6262228040728727, 29.28677998653025;
  -17.82689816528644, -1.919019632813731, 28.83303114065781;
  -18.20874063692004, 1.123459485643494, 29.47134866331164;
  -19.26600199895566, -3.623124376529448, 31.19532505531708;
  -18.51696775927066, -0.7279017462357988, 30.04566701423413;
  -12.42788288930196, 3.419869381263674, 20.47968186370645;
  -9.670451769436916, 3.674257023250924, 16.1794871288679;
  -9.75834853433833, 3.514993355382436, 16.32233923858641;
  -18.19569816431981, -0.07289402436244405, 29.7598366574506;
  -9.43821443704128, 3.523775271863913, 15.81495321549058;
  -19.28739166650728, 0.09144431523739996, 32.07645567957076;
  -18.67840950140623, 1.643044596088499, 31.13068448472906;
  -17.96788444757955, -2.892809178486608, 30.10236918033809;
  -9.479442038363306, 3.49600566482575, 16.37430954390889;
  -18.52304674075503, -4.357299386169413, 31.26918443165662;
  -19.83898346447805, -7.480656275869511, 33.52745219200541;
  -19.25394907279538, -4.389025064162936, 32.61943868881787;
  -19.40752901900177, -7.60280936927246, 32.9293136480262;
  -19.78411704411851, -5.12779794829452, 33.73414710766028;
  -19.23308877399158, -4.500561626710433, 32.90888476578789;
  -9.175935180920199, 3.585649951772831, 16.13261027956576;
  -20.54439363739576, -8.064775780249891, 35.19479456274452;
  -20.89822035131206, -4.725205208946058, 35.86740207821002;
  -11.04511025666642, 3.59226366003211, 19.41851787099294;
  -18.75435583971001, -1.705274512686646, 32.61622900428237;
  -19.50397161878492, 0.2405209043089974, 33.98925479059351;
  -19.40186951859005, 1.642583411864621, 33.96071298412098;
  -20.13880279157758, -4.65263517598057, 35.32353423461716;
  -17.34355258961015, 2.19452272153239, 30.58703550584766;
  -18.45313357036407, -3.556381120677999, 32.49331538713224;
  -17.24881751324204, 3.215934188049571, 30.9559972082677;
  -19.26661120478092, 1.414078373235023, 35.01640618923759;
  -17.46359062382193, 3.163073874887458, 31.86716931179197;
  -19.01859907644868, -1.551334388732254, 34.64442218944003;
  -19.74045943482011, -2.792884387460031, 36.34636240544077;
  -20.5285781459329, -0.5091885999429994, 38.15172935722487;
  -20.68442570849414, 1.502005223808443, 38.58845785238407;
  -20.94945481200544, -2.270253675830299, 39.15892865744022;
  -21.00442365491124, -8.297701525322793, 39.33635052369954;
  -20.25948290090559, -8.206358325348099, 37.99488969111299;
  -10.34342761974069, 3.53398281375687, 19.83796410679608;
  -19.85010847257601, -3.245004367513491, 37.42165197407352;
  -11.01264211508851, 3.413366891316028, 21.12060871504133;
  -22.02805358272307, -8.163542476995961, 41.57367150039348;
  -21.47008337890972, -8.575647974185573, 40.68435409990697;
  -17.5882160684255, 2.447384526172802, 33.59906106492871;
  -20.11660184887263, -3.065699365445323, 38.33641683171337;
  -21.65942330947096, -1.740244089477438, 41.28427810235743;
  -21.29256306087364, -8.232669972284016, 40.68675868171312;
  -23.05410261120703, -8.463566593507562, 44.04442110283494;
  -20.85436589936715, -3.380750472430496, 40.21671569473507;
  -10.81511578718017, 3.636547595340146, 21.23834665661964;
  -22.8624545882525, -1.750992465112326, 44.10644403147281;
  -11.07923667820985, 3.477415678050799, 21.96968060497438;
  -11.28540719637591, 3.343627310355397, 22.55572902639147;
  -18.04338709456267, 2.288589473035795, 35.86778184293569;
  -10.62915242122785, 3.388088090839342, 21.4731468514667;
  -18.51458386402149, 2.739983328238815, 37.01337274031377;
  -11.36047505772022, 3.443178271395377, 23.14886881027988;
  -10.51142373830287, 3.597279168960792, 21.47771918221205;
  -19.81683661007638, 2.958774306391894, 40.39617053779038;
  -11.96043250427111, 3.381526715069383, 24.90643362172956;
  -11.33638287780351, 3.421596551514045, 23.80348907149693;
  -11.59937917297352, 3.571124427451517, 24.85975779083792;
  -12.1518656770938, 3.500913264192262, 26.09725173980873;
  -21.7372119557546, -9.640946963825977, 46.10802696405781;
  -21.62720343545485, 2.932019950809307, 46.04344384147585;
  -15.5488549824059, 2.977579315641636, 33.40665551299891;
  -22.97780567462186, 3.051002533958328, 49.43800875946133;
  -11.68034101325755, 3.504870218033673, 25.66119958855317;
  -23.90692558768706, -3.704010262054822, 51.7562893281244;
  -12.05685076759955, 3.360576643129057, 26.48427963548098;
  -18.10085642795384, 2.886705507614821, 39.91160253416533;
  -24.81699553520729, -11.32078263120252, 55.1247191751899;
  -11.7494649014296, 3.052987169696273, 26.59115662463261;
  -12.15941782904818, 3.483363001771672, 27.55279097220035;
  -22.60771764109863, 1.78431259720734, 50.81293899278009;
  -12.15845296986148, 3.66358330320528, 27.75688788312752;
  -13.12593416787845, 3.289439252640282, 30.27716873002673;
  -16.86318849631322, 2.80530037020275, 38.71588746321766;
  -13.88207705454706, 3.895317057743303, 32.02056149215727;
  -16.01873847598546, 2.258248977596348, 36.87333966023383;
  -12.47715001141615, 3.292401836302268, 28.95515150626818;
  -14.49760734103419, 1.815571116977332, 34.15213728458426;
