m=[-7.541722014574435, 0.8520746587881295, 9.037695433536319;
  -7.987195121036187, 0.7267412221983484, 10.59872289826016;
  -7.934004220879588, -2.266198948008871, 10.63239062802986;
  -7.935655340299743, 0.2808138485968519, 10.76568937186437;
  -8.421033948828649, 0.9541610979064145, 11.52868392975601;
  -8.477766251693218, 1.488858719370816, 12.1582530961131;
  -8.333345795809281, -1.600974509641903, 11.9687191177105;
  -1.719274732382039, -0.3313473116198535, 3.027395640062816;
  -9.138390674612779, -1.556175862813213, 13.89927741269663;
  -8.940839487427216, -1.072719471969288, 13.63723681101058;
  -8.623908383407853, 0.1574836931845151, 13.25497307713298;
  -8.696921110327752, 0.7841170018731414, 13.38389798126912;
  -8.990120397903537, 0.05581704311889727, 13.91216426237286;
  -8.887898749229031, -0.4917916797099196, 13.79412986081103;
  -9.065448184688677, -1.31441324091196, 14.16010571114029;
  -8.992778297532261, 0.02463421238713585, 14.12864585032223;
  -8.921820632439685, -0.0654963770835858, 14.05380137629222;
  -8.740018772374416, -1.712009773520323, 13.78385538351637;
  -9.220787400617557, -1.068885766651295, 14.51032389918121;
  -8.73795696255592, -1.166793525166768, 13.79137939911128;
  -9.031447044421491, -0.1727796472112891, 14.33055572712407;
  -9.027663631194464, -1.701624953798993, 14.37413938931537;
  -9.124112624978901, 0.02846174616367742, 14.59868307972112;
  -8.75962751701236, -0.9429513213922602, 14.16772624361497;
  -8.901982819618491, -0.03566234978549865, 14.55957074286746;
  -8.90165396552441, -1.433156272253833, 14.91332353386396;
  -9.090465036321678, -2.138410504337172, 15.34582467822905;
  -9.278906327352186, -2.115168804321351, 15.72003306438606;
  -9.627402497493371, -3.7714902210392, 16.33509119813008;
  -9.846438456295489, -2.552074818482248, 16.78928620521589;
  -5.134140998245149, 1.754154108119313, 9.846920052694378;
  -9.70415331377319, 0.7046697440548124, 18.10387759462101;
  -4.917561245277515, 1.760189520452478, 9.573605544026385;
  -5.503791741987218, 1.666128738533277, 10.7740598079363;
  -5.340346343254601, 1.795674131928047, 10.48718563317613;
  -9.068052945339149, 1.261811452315496, 17.32285204281843;
  -9.968145156387468, -1.519110260777792, 18.99639763341593;
  -5.397681934866091, 1.69415857162352, 10.7033861231141;
  -10.5468867505296, -1.709780701872404, 20.33920129518246;
  -5.654140832968098, 1.675202265787877, 11.30072369443954;
  -5.267912979716791, 1.679169939694465, 10.64230378221813;
  -5.700386130223027, 1.644594381871449, 11.5125702396349;
  -5.108542124951863, 1.748274318243314, 10.43815147422949;
  -5.532575389216522, 1.676835103129038, 11.27354808819567;
  -8.888039653382887, 1.315345818726112, 17.76849682593375;
  -5.778698688650253, 1.699607229344661, 11.99180296179019;
  -5.881715907298299, 1.662914736893943, 12.24809945415293;
  -5.499330467288315, 1.6598319204049, 11.5471799152933;
  -10.12926259193402, 1.306591291180096, 21.33459114263071;
  -7.877442618298418, 1.508516879663503, 16.92465536341328;
  -10.62528811579307, 1.440480126410163, 22.62080985732078;
  -5.73465729292461, 1.720774208029357, 12.59879186734885;
  -5.776540699708701, 1.610081117176369, 12.68884571649062;
  -11.65342866965851, 1.547347074995047, 25.07299072881624;
  -11.92725726336396, -1.847944987306174, 25.82141210710824;
  -6.37077920478527, 1.65538663559144, 14.41822151703141;
  -6.328185912412827, 1.58588203110427, 14.59702221377739;
  -6.408726492376633, 1.798291532749356, 14.78244357304923;
  -7.836919239037115, 1.303722154758954, 17.99264020462211;
  -7.307389325337033, 1.471132110473974, 17.70350135565326;
  -7.55633628716347, 0.01938174822593984, 18.60985494387767;
  -7.012422803757191, 0.3924780906303663, 17.49290201128143;
  -7.365495035814474, 1.009988590214939, 18.49517518126649;
  -13.96365721659871, -6.434795028642006, 34.44562654400049;
  -6.496104215118711, 0.7534799828529575, 16.61218041394626;
  -12.93899637976133, -4.96523002654796, 32.66198045918847;
  -6.434020354057267, 0.642063051579556, 16.66687735350914;
  -6.469039001886569, 0.7633163406447328, 16.82383316015298;
  -6.865309986060409, 0.08714453859767551, 17.85588950321881;
  -6.37254014494574, 0.7778017579385678, 16.97365368155792;
  -6.328406016756503, 0.6378206306128816, 16.97320940347057;
  -6.38043806476226, 0.8370100893055154, 17.67747879892959;
  -6.123157341834536, 0.7077583175326878, 17.33251476624896;
  -5.506033104561092, 0.549152770682623, 16.32964630104532;
  -5.762511607278722, 0.4234244323384066, 17.07255040248694;
  -5.800158723725479, 0.3116612854698015, 17.20177213346648;
  -4.515231114021058, 1.654882644878596, 13.69133999626611;
  -5.621393176663709, 0.8580663257664631, 16.90420124210232;
  -5.609027857925426, 1.493427105115394, 16.91911437757519;
  -5.795526428058136, 0.7612150891069022, 17.4775117123611;
  -5.657492530688264, 0.4457572556468023, 17.06243039267001;
  -5.643343140564273, 0.8596295756566353, 17.30108487015496;
  -5.719512000451289, 0.6443721792625599, 17.55678717619093;
  -6.773775992670173, 0.1619626160158516, 20.83453899354428;
  -6.17368054301386, 0.7652332662037107, 19.10155670615101;
  -5.134585150668416, 1.54728202337488, 16.29493450064911;
  -18.14974068774848, -2.348797529704525, 56.78589723513849;
  -50.60688272740509, -9.065205868105407, 158.1564892019928;
  -84.61787702613786, -16.25660215719523, 266.3798593863801;
  -6.4359791462142, 1.346727550165223, 20.90317571874707;
  -33.99052094925359, -1.012907841082942, 109.2501576971173;
  -6.411038001011751, 0.8188925734616191, 21.02147790575162;
  -56.78023540728102, -11.46867114640387, 182.1667937217468;
  -35.22116131408642, -6.086439833830398, 113.5788365381192;
  -51.21457032299124, -9.621649035256226, 164.9954872711968;
  -7.386867155145104, 0.628228916961229, 24.39235162076628;
  -6.728584597998939, 0.9681619191041082, 22.28700572505354;
  -63.97741552248649, -9.592299048930547, 208.8414013582323;
  -50.9330365320383, -6.28296403402299, 166.5900635091428;
  -7.161177238107098, 1.297830418012354, 23.89585804586425;
  -16.75236297858464, -0.3784415437308049, 55.09890964976383;
  -7.144942793543889, 1.143023755586478, 23.92072851598336;
  -51.93768868041994, -9.320157907117208, 171.0414940230289;
  -12.83523927225552, 0.55602265113407, 42.9947299642996;
  -37.03043386968659, -5.821730786165295, 123.092138637698;
  -86.55864698196898, -16.74092880972399, 287.8784547072778;
  -150.9213377891929, -15.92698173329708, 503.9435836910126;
  -13.49616659588824, -0.27390082818477, 45.58058783303846;
  -72.28107643991005, -15.19289375629379, 243.219146399509;
  -54.04755566274984, -2.930366935006392, 182.0999828468917;
  -9.832995672222847, 0.3651481459581068, 33.60081590677655;
  -61.84257573903995, -10.32908888389603, 209.5545726303141;
  -64.58244354841638, -9.374650733210853, 218.9708627375869;
  -20.71902693806434, -0.9311645778122888, 70.84861591904894;
  -82.02915880150324, -7.361657418849052, 282.3956856300317;
  -14.15776533990982, -2.028992442644197, 49.30978478773895;
  -6.239527477353667, 1.566949637347883, 22.4910838711207;
  -84.41002571129987, -14.78443819742369, 299.2343304080667;
  -50.44107842544774, -9.831545620026091, 179.3305207948131;
  -85.74930322763146, -16.70226239374854, 311.0208465129375;
  -27.63452943340508, -3.762233416283612, 101.1693815693142;
  -13.13564891137812, 0.6157743330775821, 48.80437777646443;
  -46.3591706409668, -4.249558325659203, 171.3835976584204;
  -16.26756764736197, -0.6553215892076703, 60.57568386667887;
  -4.382232704889782, 1.420819791876914, 16.68683061759619;
  -54.53836331783008, -5.9820290588832, 203.2616748029804;
  -16.71602695961259, -0.1161140034439719, 62.62726144667024;
  -243.9731887791002, -38.83499193808076, 911.0590663673588;
  -16.12692305720809, -1.231229620788545, 60.62205497484258;
  0.4490989430401837, 0.06427979926119662, -1.688866167291849;
  -45.24700400414264, -9.63100643414715, 170.4524502719202;
  -21.4075088150318, -3.682059229451312, 80.6670902613257;
