m=[-14.27461471544277, 2.243338152032856, 17.47874434913037;
  -14.49249257918393, 1.692451350598645, 18.05542819416762;
  -13.79356009040911, -0.0871641263071551, 17.29411828440313;
  -14.01010531193351, 1.738262479795679, 17.66836881540703;
  -13.93213575947341, 1.614020356962729, 17.64215226560725;
  -14.23114525536617, 3.081461231636226, 18.21839651215499;
  -14.39872988492905, 2.144851175290289, 19.53010910756691;
  -14.61627296318063, 1.697424432905947, 20.18943271556028;
  -14.80601116471969, 1.361747515575493, 20.97136739385759;
  -14.73801784868904, -4.691757627937521, 21.1270420110585;
  -14.55673729169242, 0.4725959007803019, 21.12249543592174;
  -14.51359535571597, 1.287041460601593, 21.16180058747009;
  -15.44253922247122, -2.798235241451889, 23.63306036723227;
  -15.54080807822051, 2.864433613911099, 24.00125337119417;
  -14.96155180504372, -3.219466322532486, 23.1568092825923;
  -15.50485232523371, 1.509260291290426, 24.13491249861191;
  -15.5074688308535, 0.7187874303904204, 24.35817357071151;
  -15.4237398292645, -4.764961764782137, 24.26351417868565;
  -17.27842862329557, -0.7931595415923138, 27.32441879503838;
  -15.5469994731377, -0.2096339918893081, 24.74736851701961;
  -15.43228422368187, 2.827977327184893, 24.67518792372387;
  -17.97829548400662, -0.8476066252268514, 28.72240378801465;
  -15.48887077486327, -4.836007534121922, 24.80237631358095;
  -16.26774403653321, -1.9895258489047, 26.1633647130692;
  -15.25169265693772, 1.443370965148641, 24.84395458423591;
  -15.08619010789725, 2.054637296119981, 24.69517161353;
  -15.59782846136148, 1.290988030220963, 25.51410014500671;
  -15.7339980414605, 0.1131705189383095, 25.8530468167725;
  -16.40825429512334, -0.7144007386156592, 26.93375420385273;
  -16.16974098052345, 1.105297907191081, 26.5842763198487;
  -16.91228582783744, -3.252730093945994, 27.90755751937684;
  -16.48301513015231, -2.280349034667742, 27.26660591162536;
  -15.01526974196635, 2.993207927538428, 24.95697756934322;
  -15.37699707306176, 2.462654856271862, 25.64314631383295;
  -17.06913874958578, -1.857829009616582, 28.34585309519167;
  -15.80348375982521, 0.2193301156544535, 26.33230634255425;
  -15.72028148627963, 1.434643401139659, 26.23764423964154;
  -15.78301405721161, 0.01315022698573129, 26.56032839069672;
  -15.9813010565864, -1.070217792846743, 26.95054660555062;
  -16.23068133693559, -2.697911512346775, 27.58646360671794;
  -16.34224537518742, -0.06033761867739795, 27.9268506076937;
  -16.37223043172089, -0.2451035674984876, 28.04304773882907;
  -16.93331806670259, -2.286605599505382, 29.00760693107671;
  -15.77442142879139, 1.79853805347473, 27.12339654485614;
  -15.46623689055453, -2.38769391036377, 26.56573555425816;
  -16.36573256178541, -0.4559776119833554, 28.27541224431477;
  -15.89707758753714, 2.501095372129996, 27.56505414556874;
  -8.995025528460264, 3.425166948276634, 15.95650742134313;
  -16.49576798059718, -3.530084756839404, 28.61205025658423;
  -8.663051614725772, 3.387438610549122, 15.46305554928911;
  -16.21460696221501, -0.7171375668802656, 28.28110363769309;
  -11.06208983064511, 3.269820309974951, 19.64204321900285;
  -15.73809497151063, -1.993607365444263, 27.75063885533695;
  -16.19645488804378, 0.9848557509863077, 28.58639292412545;
  -16.21195956413675, -3.479439070554997, 28.68994791309351;
  -16.00163845452667, -0.1689028709936178, 28.57154173224777;
  -16.73238613827819, -1.182966573354144, 30.16372360937627;
  -16.07442806073048, 0.1381084980584273, 29.17599647717414;
  -16.15687165726616, 0.2320303321702932, 29.33778026472956;
  -16.12297047176079, -0.0159178461142747, 29.36542352514314;
  -16.75115874687818, 1.493274483759969, 30.54447495713231;
  -16.21397385701623, 0.9721750701067621, 29.60214865594614;
  -8.203348761482692, 3.499616629263634, 15.43566837277716;
  -16.09214015712403, -3.009876311138977, 29.51213924013359;
  -16.35444265862076, -4.349333143344857, 30.25120868306385;
  -16.38468881300609, -4.217461403700754, 30.4536116202677;
  -17.51634978319906, -7.692386815028411, 32.63595262832522;
  -16.69712065590017, -4.612671785307299, 31.20955049190426;
  -17.97588570674571, -5.271849916484792, 33.68018548635907;
  -16.81653581473601, -3.317684455437886, 31.9937272880137;
  -17.19103875319069, -1.811477708051221, 32.86586762029842;
  -16.96887070212672, 0.09332121843212161, 32.52919683362905;
  -16.80865762098221, -3.654149128853836, 32.21743139167322;
  -17.12270852390862, 1.466342785234211, 32.9757967254401;
  -16.25740541407865, 2.137939905257812, 31.4716653591202;
  -18.16974656184566, -3.563814217548412, 35.06602004833039;
  -17.39321770488883, -4.563613677287771, 33.62069636940719;
  -15.58241210856762, 3.09864648828199, 30.75245327938047;
  -16.82464905449178, 0.2675790187621961, 33.46412185537218;
  -14.91324920356171, 2.871698001207096, 29.98067271189906;
  -16.95639906038386, 1.240060485659507, 34.02746352602789;
  -17.40055467260568, -1.706043475595046, 35.00777067374321;
  -18.43320453208911, -1.215594385934901, 37.23642944727828;
  -9.692093491847105, 3.446719617197824, 20.01779019534098;
  -16.47189082945936, -2.722249275722518, 33.56686881865738;
  -9.186855901276513, 3.438403134527732, 19.18278644475451;
  -9.674768484603387, 3.275109736082077, 20.25315065496115;
  -16.47414805813308, 1.203613809190638, 34.08603931073495;
  -18.21900097276432, -2.34658507137609, 37.7950004804041;
  -18.87827136389934, -8.43330481023426, 39.2620239504024;
  -17.71991377122222, -8.127018449387881, 36.89182484009604;
  -15.83298286899151, -3.007567268023095, 33.12128471868123;
  -18.78955856618473, -7.855586670578063, 39.43376767891762;
  -9.478967711626753, 3.495234845730257, 20.36503181266414;
  -9.360564768278209, 3.17762235563613, 20.1330524798773;
  -17.00835153912782, 2.494880041443102, 35.98234924549519;
  -19.34238919893737, -8.758243303625307, 40.78001715207854;
  -17.15156761747083, 1.811104675845234, 36.36229741602867;
  -17.91359487185267, -3.183320257794879, 37.93354706079812;
  -18.45439421023633, -8.128117201079247, 38.98894717367065;
  -9.435485689249761, 3.247365287712555, 20.518267193809;
  -19.13517166950633, -8.4182610407351, 40.72512972498291;
  -19.73558301876654, -8.191342326519637, 42.01864140866236;
  -16.86312664414953, 1.722201545020034, 36.15189782724635;
  -19.3936279105289, -3.653586592736829, 41.64032525836744;
  -10.18850720221952, 3.304497099318993, 22.36730248577499;
  -9.360072715368229, 3.27815862144587, 20.7528572456523;
  -14.72708953823011, 2.666208291268081, 32.56227291835695;
  -8.872627014662307, 3.347690696674887, 19.92054188682954;
  -9.637780187112671, 3.205433835609168, 21.63155735651648;
  -15.28999032065313, 2.398180602040015, 34.061416860262;
  -10.29931558901048, 3.193463268210995, 23.73346977415746;
  -9.506365227205178, 3.160987269788923, 22.07763718076912;
  -18.09051581195903, 2.201440499778747, 43.20062186323206;
  -14.2232873309351, 2.926835120236569, 34.1950444516404;
  -18.49736395167991, 2.633845680920387, 44.3244951685973;
  -20.37133367334304, -10.35872917928676, 48.68696316710889;
  -9.989781872446736, 3.31393553471899, 24.44843876084573;
  -9.800212760735825, 3.012010005852114, 24.00363606303774;
  -21.01608797287909, 2.950984552955483, 51.02449265816149;
  -20.13504894563521, -10.40766669217712, 48.88154806457373;
  -21.33119965013537, -3.922899490232489, 52.21069825864137;
  -20.23581177278074, -10.90626271707766, 49.57251673472669;
  -9.582556110853163, 3.037232932024649, 24.32151437522684;
  -12.5055519983519, 3.580152457357765, 31.65941172960604;
  -20.68637231024623, -10.95897091768905, 51.93163175958754;
  -10.09419618929298, 3.37192295686204, 25.8379383388934;
  -20.67584359590849, -10.83024658667736, 52.11283947295035;
  -21.26137281248996, 1.66676495307453, 54.18808970692894;
  -10.73328860237311, 2.96509930616331, 27.86017625886499;
  -10.38205861688859, 3.219040376698983, 26.98197770455163;
  -13.17524584470191, 2.342569112990577, 34.2033879837926;
