m=[-6.859614356760182, -0.04334720610865048, 8.600461468514324;
  -7.254988206938179, 1.080711292365855, 9.840500682210834;
  -7.273322422958759, -2.315417602876712, 10.4263537992317;
  -7.361006553558025, 0.6527617998153746, 10.73284386064317;
  -7.620091723350258, -1.639711508378726, 11.79403133129521;
  -8.372343408360297, 0.8437525798142477, 12.98623977884339;
  -7.705432718790299, -2.380492195315245, 12.12163055749574;
  -7.85439701529487, 1.439323975376031, 12.55865428414832;
  -7.589388273901435, 1.033623472246366, 12.42336497984324;
  -7.945003784510376, 0.05714632726472681, 13.05469558716909;
  -7.925341063592785, -0.1131622389959893, 13.06870054519378;
  -7.814662074118188, 1.040967797596525, 12.98669811117875;
  -7.901866865354662, 1.575191851374321, 13.13374434848928;
  -8.394599096541452, -1.614528360382126, 13.85222314261204;
  -8.013493101652085, 0.1112160075267452, 13.35235688747794;
  -7.926703631810137, 0.7233962743028137, 13.22991767456761;
  -7.957519603790638, 0.006630114416291709, 13.39125296891653;
  -8.149239407367894, -0.5457290980910828, 13.7427144179568;
  -8.08236432053042, -1.343474330785968, 13.73718358188433;
  -8.146085845541206, -0.0300763701790873, 13.9206404764479;
  -8.093494781891151, -0.1211651920515636, 13.86287967843372;
  -7.708484804243799, -1.190043987782517, 13.24055555871006;
  -5.608662611915535, 1.657853009784235, 9.95884097043405;
  -8.201574505195749, -0.2285100494746654, 14.17002870549;
  -8.191606564168525, -1.752999041948822, 14.2084114526731;
  -7.890933898701052, -0.9995761220885712, 13.91391126121602;
  -8.100664982891395, 0.116334401030861, 14.70925401325307;
  -8.232466225101067, 0.07073181959382084, 14.94239202007967;
  -8.330694279827776, -0.008224707091266234, 15.17303317115816;
  -8.228615120571504, -2.188334339162893, 15.22066868196267;
  -8.44860224690729, -3.566976454294577, 15.6775916120915;
  -8.301177706650412, -2.29324618186536, 15.51620965776681;
  -8.665921139284228, -3.8056797413263, 16.14609181039258;
  -8.779586421294589, -2.57481954975403, 16.44970957129285;
  -8.400146924166689, -2.226229375583345, 15.78479540024233;
  -8.743872714328781, -2.22780062779972, 16.51623190666896;
  -8.714871392472434, 0.7463181874965948, 16.78354958418247;
  -8.227516798198021, 1.08196455929025, 15.92712052226955;
  -8.641496071634256, -1.694943099847543, 16.67733082924821;
  -8.67450098960998, -2.276006201469174, 16.76761418594935;
  -7.797197103124811, 1.550514596437607, 15.38805019103092;
  -8.656240813828033, 0.1376687511062824, 17.21720889780173;
  -7.749953196391827, 1.49233240856806, 15.58002599849721;
  -4.626200627733446, 1.731467534735426, 9.659824824298058;
  -8.488545145147823, -0.8322623809787345, 17.07790627288961;
  -8.292366767381695, -1.370449188878653, 16.8984113820788;
  -8.672079452235497, 0.6335887322535018, 17.94307299361581;
  -4.818275218141341, 1.776670619745783, 10.35179474018694;
  -8.73968221649549, -1.125660394247607, 18.13031867470767;
  -4.862863761003235, 1.650791910734141, 10.45922908781713;
  -8.333514681125838, -1.582999627418938, 17.43302034397135;
  -9.333684062001781, -4.16954503831372, 19.4116993088985;
  -8.372011152150993, 0.8135662816694097, 17.64030237799691;
  -4.830831760753741, 1.662603906921761, 10.50505507611716;
  -8.725542565093674, 0.9213659818960656, 18.4986457765509;
  -9.383410464488602, -0.4923735083168866, 19.82949194541754;
  -8.93727896200032, -1.588191614961828, 18.92544151666736;
  -9.654545633794049, -0.9404687581539146, 20.47651882760543;
  -4.747078026997453, 1.662559173854212, 10.52507129207439;
  -9.978922419269711, -1.879940015824016, 21.42588159283054;
  -7.807761298431561, 1.413525588751329, 17.2633196546361;
  -8.148583505850793, 1.090226135397971, 18.03239086561746;
  -7.887046422862413, 1.237055180679131, 17.56992453046101;
  -5.004564704440614, 1.66408137531894, 11.62262980135953;
  -7.746104376119103, 1.496269774337472, 18.40372121043672;
  -5.052814143444315, 1.676182778972894, 12.36597742906244;
  -5.110345157952683, 1.570620059472636, 12.51675533203355;
  -9.494228653768435, 1.155355639928672, 22.67246474439232;
  -9.447801166551153, 1.345275486913659, 22.63938895588593;
  -6.424906104375328, 1.817528716596115, 15.63940659115466;
  -10.21615536734794, 1.434506589358693, 24.80357644146606;
  -10.56266425080977, -1.942519449661409, 25.85340182697448;
  -5.690616348745031, 1.572047786321038, 14.77101570366439;
  -5.700876052805136, 1.767602252474644, 14.81603179382734;
  -5.488948878371234, 1.600759979681425, 14.32603724097584;
  -6.839476685905876, 1.216064354492867, 17.75551495976168;
  -7.102109578053801, 1.054173688234314, 18.4739119116042;
  -5.475714476999008, 1.539935184375318, 14.60503144846755;
  -5.528049102891519, 1.658935205522572, 14.77111711595331;
  -11.04890957784306, -5.414847805920148, 29.65255707909894;
  -6.539573762578812, 1.445415947206664, 18.01003017426968;
  -6.025984032072794, 1.594492945719173, 16.90006260116063;
  -6.515668537663157, -0.04467555411725094, 18.30785569917871;
  -6.44705976796929, 0.3535734816485572, 18.3013575709398;
  -5.883049501336892, 0.7303973620389473, 17.20440015457292;
  -5.746450487487763, 0.7968242187212491, 16.87886120993592;
  -11.1416299728375, -4.874392664197092, 32.18342181304546;
  -5.550282925135624, 0.7029981855076077, 16.55287571267584;
  -12.27101799855733, -5.538270831054382, 35.77585307271068;
  -5.478925671011416, 0.7202653102289017, 16.79659556280123;
  -15.86131189499109, -9.534477094107944, 48.80079225682437;
  -5.170903002301784, 0.6484744073872826, 17.01612708564423;
  -15.46820730614066, -8.470262134676418, 49.70379895938316;
  -13.85682872831412, -8.341822135450174, 44.52450021167369;
  -13.62690353215504, -5.964637397928168, 44.06554831947385;
  -14.31292177349751, -6.485183485179454, 46.85085534145907;
  -14.15489706974838, -7.879018556267493, 46.34870539976117;
  -5.324762667124394, 0.5135305733562775, 17.96669701932636;
  -4.954969716289648, 0.5294042735895624, 17.1942591927318;
  -5.038985886372408, 0.2719919781087286, 17.5072001938712;
  -3.864053083646089, 1.633027370096561, 13.64995027036007;
  -4.917336852498957, 1.489049329577354, 17.36293422112257;
  -4.890367994078257, 0.7030737599945935, 17.30905613488652;
  -4.896048272624624, 0.4085742772146209, 17.3435958058137;
  -4.692030085480408, 0.3760352164939801, 16.90166191898884;
  -4.800597443482356, 0.9262144026160741, 17.34318875727035;
  -4.903873796478607, 0.6007707015045448, 17.7367996656697;
  -5.413537671835164, 0.732190092408508, 19.77680503572318;
  -14.48065943119035, -6.641401523471542, 51.83472107841202;
  -5.121637983307212, 0.4501457240367547, 18.80803395493893;
  -4.356000519074001, 1.522110117974437, 16.34584998067384;
  -12.66575214551697, -3.526535250542613, 46.46604618358375;
  -19.65794785754229, -3.254498108340034, 73.86280546345878;
  -35.40815560218315, -10.9327218982603, 132.9204928430425;
  -43.51161350072198, -9.868129031799246, 163.4287982065898;
  -31.01788652391834, -8.227295802825452, 117.1829773052297;
  -48.05969400484709, -11.67258841671087, 182.1210588278184;
  -5.950426874454688, 0.9261715743732455, 23.27710710318038;
  -13.69470257191399, -2.098648545365388, 52.44008094454556;
  -30.42250249994045, -0.9944383569127767, 116.9650163573077;
  -5.64836339373469, 0.8064309404202206, 22.15108587265024;
  -46.90589468252785, -13.12802956186505, 179.8187252048994;
  -29.5411746804685, -0.03641163312881404, 114.4735772390141;
  -13.42789243935951, -0.2693580415194483, 52.28839075601344;
  -32.55546788823476, -1.581278383070871, 126.2295816523614;
  -66.30189548330378, -16.92925231463537, 256.8356813497117;
  -6.034199033415371, 0.9790232567737929, 23.96215415022264;
  -56.37893006875375, -12.4237858219917, 219.4325265390134;
  -6.439221457039259, 0.1200991109200554, 25.57731292476853;
  -44.25966011976309, -12.76924623228219, 173.7413606042428;
  -17.98913046355057, -0.708952607818081, 71.59408768792588;
  -26.46184610993915, -6.168924983762298, 105.6977547897135;
