m=[-13.02882569205856, 3.178115638903051, 15.57437547652833;
  -12.9492689542906, 1.568207173911849, 15.55679041745923;
  -12.9834272914779, 1.526993490929324, 15.83750455389965;
  -13.43955044897683, -1.83920273288641, 16.35089253359746;
  -13.2415206256474, -1.302063698666378, 16.1957894060187;
  -13.77136958116365, -0.8229442197301436, 16.81482177426985;
  -13.61063488712981, -1.923075834157396, 16.71339988279058;
  -13.56349623430251, -2.032668000538859, 16.67295346280404;
  -14.82648214026743, -3.189231149376417, 18.1494904687599;
  -13.35249039855589, -1.94263109583971, 16.45368867632801;
  -13.98098356376608, -0.4429592249090191, 17.23605739904992;
  -13.63599073942561, -1.747461128639781, 16.87169161911844;
  -13.24081253409229, 2.080755070517842, 16.82575501210998;
  -13.73899302708425, 1.427454613355801, 17.71505493407512;
  -13.33421130580022, 1.778255838426888, 17.25191893221284;
  -12.66530486809683, -0.1893435718306869, 16.50169299735415;
  -12.99690497592957, 1.175661535928952, 16.9298294179182;
  -13.12994168616818, 1.614834445625833, 17.2142189686924;
  -13.14055482380842, 1.61613974161627, 17.22813349166979;
  -12.75252089509707, 1.300600678368221, 16.89856232390451;
  -13.43811793684748, 3.002853751509066, 17.92289207049145;
  -13.07330361967065, 3.259170618600045, 17.59712032126684;
  -13.14993894048408, 1.545132960179599, 17.96614141024879;
  -13.46935279296621, 2.023336989502949, 19.1283677257124;
  -12.01498981548191, -0.05048090360417377, 17.44663549836946;
  -13.60456436971087, -2.475565816356688, 20.17008625353254;
  -13.79075481192195, 1.244636827989736, 20.55917488521788;
  -13.32527154834827, -4.698434745834925, 20.17388638598114;
  -13.63621900534442, 2.996872663859928, 20.8280734931329;
  -13.67511372517909, 1.181474645103098, 21.01835621776862;
  -14.34841996087852, -2.933166803893872, 23.3321275520428;
  -14.44116542487841, 2.709690360378043, 23.64766120006048;
  -14.26032605107257, -3.442307780905612, 23.45212919598659;
  -14.5184068585061, 1.393102014342415, 24.01464968234853;
  -14.20799128815088, -4.89743681143312, 23.83124821975659;
  -14.07651931185725, 2.976401809160636, 23.91544941799254;
  -14.54480404360156, 2.726994201981471, 24.7448461520098;
  -14.4196359363955, -5.043602653362791, 24.67195778670266;
  -13.90996127521827, 1.296657737401452, 24.15938969128511;
  -13.78951430631874, 1.913535004911231, 24.06801209016002;
  -14.06304787925457, 2.850190372654757, 24.70814349865007;
  -14.57576310406935, -0.02762812791345961, 25.5940870606298;
  -15.13400992579489, 0.9970656029377429, 26.61355166062432;
  -15.3535374690483, -2.737811157775719, 27.15838329082101;
  -15.05162877830373, 3.110740108437338, 26.6933415948449;
  -15.23844467948754, -3.328680086300559, 26.97569143042306;
  -15.00379847873116, -2.40191014468952, 26.60304793799951;
  -14.85648624984077, -3.700208441406895, 26.41307727792193;
  -14.65058139439549, 0.1026358598694579, 26.12912331734852;
  -14.44462760666409, 1.293504559065255, 25.7871688469263;
  -14.98448564654372, -1.926812685090803, 26.70526474419529;
  -15.39478698759059, -4.277067168011561, 27.4218279901443;
  -14.51024196420056, -0.1191130705780523, 26.15573416109117;
  -15.08511585270503, -1.238189307656885, 27.27460151651703;
  -7.966113815757089, 3.242301947645612, 14.83790458304008;
  -8.06180711314361, 3.572244131583635, 15.05438875368477;
  -7.906582240066028, 3.309760547149982, 14.79876901469839;
  -14.71331538408587, -2.820528541112352, 26.86614427629322;
  -7.772734578324332, 3.272050934865151, 14.66408246598981;
  -14.67905153708233, -0.1983214839408407, 26.93479027908803;
  -14.46487323525428, -0.3727247962401225, 26.61215514669606;
  -14.0808620520326, -2.537245324570616, 25.97693725949155;
  -14.24533699424835, 0.7044179770029601, 26.3242719135081;
  -15.11294124821079, -2.393096154433513, 27.86385796989332;
  -9.750088427292042, 3.183517140533072, 18.36940463881216;
  -10.17240259594884, 3.183303745432792, 19.16349067899916;
  -14.86245705997821, -0.5933385632753692, 27.60426594753891;
  -14.4739061712064, 2.334362023833299, 26.93556541145479;
  -14.82073969981891, -3.600612529576921, 27.68251353994333;
  -14.97998596228725, -0.8601622776050097, 28.10746083793802;
  -14.83939162789481, -0.1465829363856674, 27.86934380638418;
  -14.46995678787108, -2.177336702377103, 27.47898048387506;
  -8.302872645729822, 3.291977419746043, 16.20144232440519;
  -14.65429244761213, -3.157756525274082, 27.99161398037715;
  -15.27124314546326, -3.73883311376537, 29.14685812462236;
  -14.59513843428417, 0.08299183269217889, 28.60337487022492;
  -15.16542974516973, -0.01114809714521308, 29.70405660918961;
  -15.46940386606119, -0.1819060645154329, 30.41804526367602;
  -15.25789382238739, 1.354711089766537, 30.0682777895629;
  -15.39960715538289, 0.8660200745306308, 30.35960372194455;
  -14.03159890123039, -3.036426439065098, 27.84344762207702;
  -15.00720303759768, -4.520597182186956, 30.07393223954836;
  -14.70259073559522, -4.286963388490303, 29.61690381010355;
  -13.87765841322965, 2.876008076607994, 28.19767564609193;
  -14.94424348076572, -4.672419447894386, 30.30984255528046;
  -15.61482456620256, -7.674846418066292, 31.62580352374217;
  -15.45569115250143, -5.109237880404547, 31.48467386503687;
  -17.28126402139371, -8.777871147973233, 35.41650033797283;
  -15.78018085747179, -1.992154678001482, 32.80055563630981;
  -15.57669408429288, -0.03985720980345718, 32.45041715878261;
  -7.774535579645685, 3.24615163696391, 16.61724617796343;
  -14.9000146132162, -3.729678954769193, 31.07256601661422;
  -15.75895689158212, 1.323824445171814, 32.98017095283225;
  -15.12100033328998, -4.37674662947132, 31.64319859178145;
  -14.89157790439251, 1.968236217398534, 31.27972962091052;
  -15.60883152375531, -4.658779089452711, 32.87712982461806;
  -16.19884067961209, -3.680906631077095, 34.09568618416563;
  -13.78740833652131, 2.86688661719079, 29.54532945358937;
  -16.12897684662059, -4.820711965633032, 34.38181841158716;
  -15.75695424298996, 0.1253841988537178, 34.16921267639516;
  -14.22924986481596, 2.869672312946896, 31.08913826928476;
  -16.57513273559971, -3.679309720483055, 36.03847168898787;
  -15.46501487792234, -2.67323235120221, 33.86109213649377;
  -8.147256752866428, 3.298233740473081, 18.24964098508073;
  -14.76545087952776, -1.749695917882576, 32.46893756804224;
  -8.823097249378495, 3.223489295308523, 19.86955223071938;
  -15.68390580691419, -2.01259212937982, 34.7296312442184;
  -15.73598321689594, -0.9396269018823636, 34.88743621278987;
  -14.94523554225355, -2.887979402320601, 33.30560159130924;
  -8.545811957060741, 3.647110281596043, 19.43322092705271;
  -16.65414387025246, -1.495733632333523, 37.55806600708768;
  -16.04373928665896, 1.136379693982595, 36.31038632842441;
  -14.69260964432504, -3.183910282272786, 33.34967464410047;
  -8.534596043604541, 3.409446979859508, 19.76883266304851;
  -8.869021335575349, 3.177979159264179, 20.5276804416536;
  -15.10579230187277, -6.726468232740807, 34.34217642230142;
  -14.99271800939102, -2.301756452406801, 34.14388140536723;
  -8.807947590071661, 3.233263230856856, 20.42088756965413;
  -15.74689295081653, -3.495138218411798, 36.10272084080965;
  -15.96410814752474, -8.284167169036445, 36.55077265626277;
  -16.60853063589329, -8.388544872555569, 38.02226915291631;
  -15.44136282568194, -1.735890165431951, 35.55653729500438;
  -8.602380082771465, 3.207153716304687, 20.20144911999902;
  -17.14426748105126, -8.131837935888836, 39.64246772546588;
  -16.92529164478969, -7.755411540992541, 39.21134457097386;
  -15.53394908482096, 1.650415088646722, 36.13634371994795;
  -15.87327896690809, -3.296409083044983, 36.97657082326148;
  -17.22005817630011, -8.829731053287114, 40.04430969814482;
  -15.58915622477511, 1.602264621824703, 36.70614510715247;
  -8.339023763357231, 3.17410883674963, 20.01486189315098;
  -16.25460258245211, -7.657196202894162, 38.21393528478126;
  -16.95532094825036, -0.9269758484761952, 39.9747276278062;
