m=[-6.348354377205805, 0.7688105723968437, 7.626686795259403;
  -6.277730280302889, -0.5480144962082513, 7.5824918504092;
  -6.661898656573526, -0.9412739686505399, 8.180586515565443;
  -6.518785988869271, 1.024408204937271, 8.283743595242184;
  -6.694192942894672, 0.69551360716112, 8.63149107717717;
  -6.607549441166904, 0.8811854786145692, 8.548905119721189;
  -6.480873922523457, 0.7970742519651911, 8.496852878511575;
  -6.322113144769322, 0.6447779786009938, 8.377529735060833;
  -6.488302987478751, 0.7623830686179695, 8.864662377002013;
  -5.71093825125401, 1.255109992254256, 8.722934236040313;
  -7.112560615215612, 1.347152088262819, 11.65954564829151;
  -6.863664951965385, -2.365877393599767, 11.51251432029973;
  -6.904272469342556, 1.459870058316129, 11.73008577976473;
  -7.252215134878145, 1.359712276978734, 12.33807944306965;
  -7.182633739513664, -0.01361456839645067, 12.61223525253413;
  -7.320318054937289, 0.4822804643930965, 12.87297046073807;
  -7.986598023864399, -0.4513541645502934, 14.03170939498834;
  -7.125017627327502, 1.472536855187344, 12.63587696699613;
  -7.087938453652817, 0.6347190771428425, 12.65369178480182;
  -7.151398006228678, 0.0500997103035646, 12.75442628288266;
  -3.902581582574997, 1.642851121053578, 7.362631205331868;
  -7.038954953056036, -0.05778205078782692, 12.68821257276485;
  -7.346869058757391, -0.6030324726791797, 13.28348604864736;
  -7.21651054787874, -1.383398196544193, 13.17716697355683;
  -5.014160762647483, 1.569107846979493, 9.446030289468272;
  -7.295432044058085, -0.09856501323073494, 13.38648696788351;
  -7.279779141389899, -0.2906231237058064, 13.52084373716387;
  -4.116636656417895, 1.632191109807797, 8.032816376364423;
  -7.267291225990697, -1.765546145089253, 13.57401127317937;
  -7.270283407394479, -0.07181557822145458, 13.65406567407046;
  -7.230532911785022, 0.04111473011318422, 14.17031049883492;
  -7.444967872836232, 0.6610204958621682, 14.67157687297265;
  -7.004285050946767, -1.515721512933088, 13.89887533978984;
  -7.277794487311562, -2.192279078883107, 14.58445639180231;
  -7.271347922394573, -2.120170716091051, 14.64740574366794;
  -7.975390959673211, -2.693290879705955, 16.01332201393309;
  -6.875844144826351, 1.424951004354363, 13.97086001223839;
  -7.845044738508407, -3.855919946819722, 15.88912142324326;
  -7.727910332395767, -2.554640346850869, 15.74246884678145;
  -7.242932564625163, -1.813005816325434, 15.10444829151892;
  -7.732194413339563, 0.6495396903247825, 16.18185107979388;
  -7.478568855728422, -2.164658442637365, 15.65014445262152;
  -7.386999597476684, 0.9763478550767534, 15.51637788838278;
  -7.701537436131079, -2.298683377386628, 16.22187066030421;
  -6.828584193532595, 1.41990257784289, 14.63311775318011;
  -7.947174692303068, -2.375292648534523, 16.94083386406344;
  -4.057944788644769, 1.642767722298209, 9.089689668119444;
  -7.768347950433561, 0.06181575888089942, 16.84578943171663;
  -6.852658895461609, 1.3820043705185, 14.97220597974267;
  -7.534814848882396, -1.302443675182371, 16.49769249130557;
  -7.662799380895222, -0.9833067038828754, 16.96810731161083;
  -7.788474585823428, -0.4650653311328573, 17.26742501962639;
  -7.216456611527193, -1.394489768522464, 16.08194318015096;
  -4.377726129472401, 1.56864234260262, 10.13241029045927;
  -4.298836124704002, 1.578037180097656, 9.966686141718276;
  -7.625497501021732, 0.5401147676266348, 17.25811889992349;
  -8.119460688211111, -0.7292209387874796, 18.31083259791508;
  -4.245792276089242, 1.582923370729549, 9.970630896823662;
  -7.633851151326772, -1.654266856768848, 17.32751759838474;
  -7.665801581275241, -1.701480804191749, 17.57529535345361;
  -4.379283452254128, 1.534497557560136, 10.42454204436705;
  -4.155622527131913, 1.581767669679223, 9.974094488864598;
  -7.838865692488009, -1.627899826076105, 18.26052279787894;
  -4.032907712025869, 1.657405739502695, 9.793454053772972;
  -4.536235021709761, 1.549267119992179, 10.95099542590666;
  -8.315666599022027, -0.4546314472489558, 19.60543880909865;
  -8.699881753320225, -1.912069736610743, 20.61184203141505;
  -8.32272279583357, -1.79516986559944, 19.95484948403439;
  -7.062452599103878, 1.069992118676214, 17.1003673132289;
  -6.970976496316976, 1.327782327991224, 16.92508528667423;
  -6.971308867477283, 1.192322918698955, 16.92790054056208;
  -6.833825658927606, 1.250174623704734, 16.7270638170302;
  -6.96590754802985, 1.140923764579515, 17.07325909776634;
  -4.456168330806542, 1.509159136823884, 11.22686859704482;
  -4.608825905555428, 1.616314609996251, 11.61734753694683;
  -4.395328540856177, 1.595041596033802, 11.1304013383906;
  -4.563070323215194, 1.530897596265432, 12.28643502274183;
  -7.616050304860022, 1.054089306011613, 20.01672246650454;
  -8.085670872921964, 1.190717920013828, 21.57551778821106;
  -8.363787520485909, 1.210879812063719, 22.69114440030741;
  -4.788224244927409, 1.496359822330273, 13.48307375352751;
  -8.758314383524583, -1.911032542048777, 24.03922583509769;
  -7.448800396779001, 0.9943618208148795, 20.99350549587039;
  -4.790018501475143, 1.44616700524218, 13.82134986166134;
  -4.904282615408851, 1.670541272033841, 14.15710361109405;
  -4.665390839799288, 1.539685200814544, 13.91319590060814;
  -5.501408057284575, 0.8661644845874827, 16.29131333654629;
  -9.096273436002164, -1.984159191869483, 27.82255134506826;
  -9.468280097513111, -5.40434468271568, 28.89491168559797;
  -9.336981648737705, -5.52828013874395, 28.76765397165733;
  -5.549779451540005, -0.1142505052117784, 17.64720219147288;
  -5.20907030296148, 0.08383687445518022, 16.63172123894847;
  -4.8068534383, 0.6306858776097939, 15.94297742039667;
  -4.823598057696119, 0.7142899953907749, 16.08568298302277;
  -10.17003545928594, -6.416283181291155, 33.17026133561225;
  -11.24638659175177, -6.816065155254201, 36.77464714801997;
  -4.956781231135413, 0.01698583354948941, 16.64798554281829;
  -9.969459524807432, -5.115561421823382, 33.00306815311593;
  -4.752114870682612, 0.6385613493977859, 16.1182067025299;
  -5.354098031785514, -0.06569405560974058, 18.22722112263879;
  -10.35612629349432, -5.502715606338072, 34.70685242841679;
  -5.218578563146525, 0.02271205288262553, 18.02264384319483;
  -4.530325902900945, 0.6370058008577043, 15.85847680140441;
  -4.530084753744005, 0.5088533000469585, 16.00778959727761;
  -9.915735375079557, -5.214587686417969, 34.51058993076256;
  -12.56700736673422, -9.089770373588667, 44.46026368173788;
  -13.48046725689703, -9.576151562188221, 48.28887360729309;
  -20.52265012148321, -9.832207377428992, 75.20452081230687;
  -12.03165029060515, -9.550973740279819, 44.33382164265819;
  -4.239647466871738, 0.5711630882034495, 16.1101066708689;
  -12.79266457723689, -9.775974424263577, 47.62597794079313;
  -12.83195818556963, -8.390250741132324, 48.26316788501392;
  -12.18143751608198, -8.764466606327105, 45.81498639673882;
  -11.80568111886862, -6.691645975383652, 44.5439785833689;
  -11.32865151704798, -5.953540376052429, 42.86654692677462;
  -12.45062235558968, -9.256968154966719, 47.02537876264946;
  -12.74265134096592, -10.24513045824521, 48.04269696593416;
  -4.249700982720828, -0.08725860953834183, 16.58618347816652;
  -3.929445394541148, 1.178539832940739, 15.47809183676252;
  -11.6224888953056, -6.323666232002792, 44.61510575753437;
  -12.932252445988, -9.844964660328287, 49.77207986739879;
  -11.0726585014947, -5.770033568103658, 42.94745852948772;
  -13.79711469659284, -10.18099549659563, 53.75021814657453;
  -12.67901538520701, -7.445445262238749, 49.62184137867133;
  -4.064062197630253, 0.458658400270824, 16.40207566276952;
  -4.003905232834335, 0.3105682438780975, 16.18309039001393;
  -14.45824787745323, -10.7674653420534, 57.17074648160929;
  -14.52344626153183, -9.635562607617334, 57.48255197464266;
  -13.58040083584174, -7.113760295875987, 54.26832446341147;
  -12.5649152178743, -8.633435732427026, 50.36319893962735;
  -4.14497206596, 0.784737372583427, 17.07346566412655;
