m=[-12.60263989588072, 2.954753407324965, 17.26224618092425;
  -12.53507136201665, 1.991691045913965, 18.39106736984476;
  -11.93356715112067, -0.1531013866116289, 17.87732914798654;
  -12.57411583184667, 1.204590937365542, 19.47177627695816;
  -12.72281107384918, 2.977657032626877, 20.20413305811503;
  -12.41677219539998, -0.0862610762941097, 19.77942489324267;
  -12.65998730240689, 1.167222750111718, 20.25764429464581;
  -12.87035447070484, -2.990335829533459, 21.13553498491136;
  -13.12503552350458, -2.872712829017823, 22.3996338742412;
  -13.47163481533909, 2.696654743365446, 23.12414316736948;
  -12.56924951789366, -0.3052820925502604, 21.94558786162367;
  -13.17167902475029, -0.9264572691087367, 22.99378837126554;
  -12.86270871183809, 2.830530936093996, 22.5921661845018;
  -13.23758754304862, 0.619181313542477, 23.25348553732633;
  -12.44524220828011, -4.627068899144692, 21.98759583675935;
  -12.75367405616459, 2.895342000818971, 22.76524000946619;
  -13.56773139291602, 2.717541975665241, 24.27977266291692;
  -12.57424428616738, 1.536718766463008, 22.68693488059382;
  -13.40482091246385, -1.034729783731029, 24.14386988350015;
  -13.00587526964421, -4.91200604906262, 23.49354547809731;
  -13.35455327362605, -0.02655518352119039, 24.76473009080594;
  -13.30105601871931, 0.9567790817006856, 24.73173247864458;
  -13.04618004948852, -0.3411405746284306, 24.29701639712593;
  -12.70741537344131, 2.82620799557326, 23.8206253793518;
  -12.99183088144218, 1.879425538472674, 24.34667899640226;
  -13.31103292821622, -3.583316395328474, 25.07347590577477;
  -13.07072613228042, 1.266315152971348, 24.661410064362;
  -13.19775159038222, 0.1228337281881784, 24.90001541001976;
  -13.25951472154408, -1.838300228161415, 25.02863026914644;
  -7.325946480767163, 3.349510386554679, 14.25592277797058;
  -13.27699095371576, -1.85897323020597, 25.14799442631666;
  -13.44865198402347, 0.6897549533118672, 25.48530271245872;
  -12.86312737149236, -0.1048305185988512, 24.54178006074244;
  -13.44854829851456, -1.189490903957296, 25.78534110301298;
  -13.25106770185935, -2.750531488640093, 25.67939103045248;
  -7.440948484495459, 3.240315190130174, 14.84168126413836;
  -9.257011407505491, 3.143372988068594, 18.25525446207391;
  -13.62307940330372, -0.1936376341705101, 26.51058834850291;
  -13.10784864160934, -0.3588091139670834, 25.57111620572867;
  -7.126166811751404, 3.356090521718715, 14.36530835595526;
  -13.55295861436453, -2.330168828830892, 26.56184727323327;
  -7.273254900114911, 3.25928851895534, 14.75257574425753;
  -13.38433827839979, -0.5766592488964919, 26.40689425124802;
  -13.41272997599296, 2.341473693161258, 26.4711891817037;
  -7.615689350236201, 3.290906620543388, 15.45664883635525;
  -13.34854721583575, -3.511075457114771, 26.5273834071896;
  -13.37264032806914, -0.8299564414637, 26.6877493483768;
  -13.33366577834724, -0.1403413496867414, 26.6221623810828;
  -13.36954912786487, 0.2416824189409122, 26.78206922393225;
  -7.181652391529613, 3.190486827312477, 14.84661460443164;
  -13.42875640263237, -3.138519934052334, 27.33452224187335;
  -13.80465527297985, -3.660966694723657, 28.11242511041168;
  -13.54161190892246, -0.4966632627599418, 27.79767640099788;
  -13.40253036869214, -0.1531044006785438, 27.63656010719928;
  -13.36318970227985, 0.08330396245815318, 27.93616722113851;
  -13.3624083464062, -0.002285896419831588, 27.94984359410952;
  -13.54293566082689, 1.312993751027445, 28.50979019188263;
  -13.69725442145328, -0.1403819924873974, 28.8239008228959;
  -13.45419188118351, 0.8231344833335444, 28.34574082063237;
  -12.90302053530488, -3.078798721840159, 27.38418469833966;
  -13.31026634343575, -0.3126552483592878, 28.39867727984281;
  -13.17954278618884, -4.307255669949327, 28.29728118849337;
  -14.34594694558506, -7.47417843100906, 30.86562624913281;
  -13.39531602130118, -4.208975306711647, 28.89288009817087;
  -12.67476138887566, 2.866088220980942, 27.49983465208045;
  -10.14411505624615, -4.302946179353538, 22.04649921256258;
  -13.74185385854618, -3.9005026236668, 29.95918864975487;
  -7.090518739286643, 3.256514846793604, 15.89101680014234;
  -14.63743394682544, -7.833403435478856, 31.86810710910338;
  -13.49539314880275, -4.407304337755816, 29.5623516605683;
  -14.32991886715285, -5.16681722212662, 31.37144248948867;
  -13.77305854689236, -4.326089658003314, 30.41666127598677;
  -13.73520553034323, -3.39450229432397, 30.59056224628456;
  -14.31239665927794, -4.353789977706504, 31.89495193744705;
  -14.05166424932446, -1.90069445403777, 31.4182820229371;
  -13.87339644336738, -0.005245258639276689, 31.07508890864127;
  -12.92512328022636, -3.548433639387113, 29.00226033748177;
  -14.03955242870743, 1.290999955757832, 31.59289052742032;
  -13.76044812843028, -4.325402237754192, 30.98167207627175;
  -13.36219135753263, 1.921213746947004, 30.13432766382587;
  -14.09101366273343, -4.582116002895281, 31.98904189690354;
  -12.79888219513012, -2.73825635681871, 29.16376981225939;
  -12.49047004761932, 2.853765761953527, 28.73298922254881;
  -14.43653934020805, -4.700019968430466, 33.23102838754706;
  -7.461075741704196, 3.334240781554273, 17.67100720042816;
  -14.12560412007532, 0.1305969768896984, 33.06594536009655;
  -12.18643450748416, 2.698330246256028, 28.65993128117353;
  -7.85313453448007, 3.167334663912427, 18.7816198993877;
  -12.89578078809074, -2.302607335107522, 30.34359390439217;
  -13.99306774366371, -3.455919262841577, 33.00886049895732;
  -13.57812263363986, -2.555485864852451, 32.13758052157347;
  -14.51637960718761, 1.126821286048368, 34.74992521984319;
  -13.84504374965822, -1.934147518626992, 33.1838099067466;
  -14.14313967875412, -0.9209749648672607, 33.93632885664221;
  -12.84491920153406, -2.714508357780217, 30.97981045280705;
  -7.630807315922833, 3.37378520035977, 18.80836785990396;
  -14.49726848939492, -2.666628106068868, 34.966767389559;
  -13.93587222299007, -1.675647939538329, 33.68768502340573;
  -7.955478852449969, 3.157845160299359, 19.6300029819151;
  -7.725544394062258, 3.14618984286704, 19.09804766001057;
  -13.40009048259994, 1.075183821442475, 32.89311434155413;
  -14.85353690324372, -1.406714938611231, 36.37417544003129;
  -13.75820137692812, -2.618100671277886, 33.75728996893276;
  -7.713562299227696, 3.189952612663555, 19.32082332132076;
  -14.5995506810433, -3.462217208429824, 35.92037511002505;
  -13.712739679008, -3.327476069507783, 34.16829177600614;
  -14.23606446430797, -8.115980100595605, 35.48283959340635;
  -14.75292972922112, -8.16664197896025, 36.77823176501615;
  -7.60329191881975, 3.088164748565279, 19.38902572746204;
  -13.48486444013032, 1.463737652258384, 33.76822985623461;
  -13.72679035085225, -0.9049039879556018, 34.46139702098116;
  -7.60126009035199, 3.217239882776621, 19.48931338302925;
  -14.82894252467786, -7.718298638483353, 37.40439441797047;
  -14.5759829207619, -1.056980142980339, 36.89043518712486;
  -14.17736751060378, -3.221836860129272, 35.95779572275271;
  -6.992354066590649, 3.001526055673938, 18.20801743088846;
  -15.32585125035274, -8.639027792687791, 38.91967018120887;
  -7.852415337281737, 2.987044142252602, 20.38798516005807;
  -14.92899661881834, -0.6423806262168487, 37.989789619187;
  -14.87944112216764, -1.903434325550227, 37.88975972258579;
  -16.23720089203691, 1.865985797477314, 41.5972387897785;
  -15.59961619560898, -8.10194761184937, 40.05999942281088;
  -14.89042632498056, -0.8711841025006037, 38.29723942390589;
  -7.542409870001783, 3.105492692641345, 19.9724983587369;
  -15.04816439529084, -3.636749182621758, 39.00998905537519;
  -14.66154624548948, -3.577975404977129, 38.23746883408879;
  -7.726023450664632, 3.258808152366871, 20.61808252953627;
  -14.73620237571311, -3.490398879838365, 38.64940958025765;
  -12.25549197528042, 2.596049367564441, 32.41060205467117;
  -12.13242483829122, 2.312858597426683, 32.09745129004971;
  -13.14013819109279, -2.943040056331791, 34.78955106000416;
  -12.54896720038255, 2.298512985951721, 33.52968566896615;
