m=[-5.913832866938284, 0.7472074055105802, 7.225869953207266;
  -5.883082151240413, -0.5581901962737221, 7.334960971063933;
  -6.128317780107251, -0.9192334692434863, 7.700337046866546;
  -6.058153301325985, 0.991213603118394, 7.872251070644621;
  -6.187275610369496, 0.7375981647223346, 8.092627354590148;
  -6.183264702884052, 0.6741733715072563, 8.183024967031338;
  -6.025186803467767, 0.5671477410821355, 8.037937465216231;
  -6.033043999893741, 0.7707727844693247, 8.107075989432882;
  -5.935356114139809, 0.6360730532996217, 8.058288945844875;
  -6.194528962849764, 1.452339010792184, 8.484848001292923;
  -6.197629007352546, 0.9847380875105648, 9.092968784597927;
  -6.24163043516397, 0.5979435498391827, 9.665540946358279;
  -6.343691237757175, -1.473911790303928, 10.41753033253868;
  -6.428257596668489, -1.40697052081197, 10.97068395409845;
  -6.146195166136645, -0.1492788665599601, 10.73109940582529;
  -6.370494516358068, 1.40187282560268, 11.18918837511731;
  -6.410302239694199, 1.45526828040265, 11.44235522855625;
  -6.321936613322874, 0.7726141160443439, 11.40628104573065;
  -6.126094357293026, 1.337986033773218, 11.34274116528929;
  -6.49820446262317, -0.01292151137724449, 12.05029298206083;
  -6.525821198560171, 0.4694190600290732, 12.13398874939839;
  -6.435742208920813, -0.1682862559755771, 11.98583289397075;
  -6.362754534140232, 1.415116072764943, 11.92727141471264;
  -6.644270090815735, -1.274807759545496, 12.4521727700595;
  -6.489220582043326, 0.6286872107067353, 12.24364493236824;
  -6.612998635519956, 0.3391677151370436, 12.53168512825786;
  -6.579634514030087, -1.365738393446102, 12.75074668130567;
  -6.688341021018603, -0.09506767842236452, 13.0155488559826;
  -6.566534772847132, -1.727199125600933, 13.04958380559261;
  -6.601187781454684, -0.06947973784444221, 13.18001335471375;
  -4.191639986512786, 1.612735071691936, 8.691951509731013;
  -6.597307974113261, -0.07536464053294698, 13.60391607827994;
  -6.476221243823891, -1.545295664165038, 13.74453665348631;
  -6.582411506115067, -0.1546194081429784, 14.04418027874216;
  -6.520253259004077, -2.130908353572114, 13.99938092568555;
  -6.573830715228726, -2.065579573255382, 14.17935212119965;
  -6.884227218858897, -3.531879969056372, 14.88182777700289;
  -6.266608633364502, 1.417040734616679, 13.59636650817539;
  -6.523704484697751, -2.218296931426946, 14.19382647676852;
  -6.695424940934367, -1.900436638135048, 14.59697512144464;
  -7.016724665148126, -2.529960858739401, 15.36120171635045;
  -6.578043536102124, -2.066150086746549, 14.52706538748123;
  -6.94018331277254, -2.111183840828474, 15.46608988470557;
  -6.419961667553875, -1.762521521135154, 14.4055414870898;
  -6.717972194031062, -2.111699538418098, 15.12552567986208;
  -6.76422510521366, 0.9725592091790093, 15.25463677763288;
  -7.044358174608184, 0.6477603996239904, 15.85176149855543;
  -3.66828086509795, 1.639298685877043, 8.688052477206531;
  -6.916505436576152, -2.249109326241333, 15.70166543631583;
  -7.208591509563767, -2.346859121898099, 16.59323633201778;
  -7.102701348321886, 0.06566737365398266, 16.62637099951824;
  -6.759758329441443, -1.272227930679361, 15.99943405140433;
  -6.947415568364064, -1.715828703862798, 16.38856293168854;
  -3.798586379575079, 1.54695556391568, 9.390352319190519;
  -3.902846984115844, 1.549194798800035, 9.630205718233878;
  -7.087281737843776, 0.5501440537191529, 16.96583563301746;
  -6.836100111688745, -0.4451541314867525, 16.40315706106596;
  -6.551244697727795, -1.384470249039914, 15.80051347783686;
  -6.98036076224952, -1.283967818677806, 16.83631997623099;
  -3.862821321343641, 1.597474226338506, 9.675540998610169;
  -6.899054119004262, -0.8295416055983705, 16.67733159443243;
  -6.580347151293786, 0.5279876882721931, 16.1527350532211;
  -7.140019409916763, -0.6762006942407541, 17.48488056099454;
  -7.000750409556181, -1.332199525545856, 17.1771262173718;
  -3.766619452763631, 1.529855954431183, 9.605192363379565;
  -6.879068700264055, -1.631339933149451, 16.92509129352599;
  -6.723396637243893, -3.28662780021956, 16.60105586599451;
  -3.723461243230456, 1.575958179473283, 9.546799106504679;
  -6.659016403729686, -1.615849075279262, 16.59239661438003;
  -3.531882403643545, 1.516089854597606, 9.196985129322215;
  -6.667774844954103, 0.7237650137806135, 16.697161072229;
  -7.242964231586236, -0.8657588700090537, 18.11938659481204;
  -7.036785610777695, -0.4638823205445101, 17.66599885963012;
  -7.360439209465251, -3.831026240375105, 18.56590723324783;
  -6.989460520293342, -1.588369739294455, 17.72723980054668;
  -7.231877173139394, -0.3111808452919542, 18.40294424161457;
  -7.3980862671573, -0.9463911465941884, 18.838860194281;
  -7.494440741977932, -3.892375652723189, 19.24581271957415;
  -7.258187338533817, -1.719165379937278, 19.03642798225745;
  -6.007204528957844, 1.272490696390376, 15.88651976124492;
  -3.984791229931053, 1.562496436698579, 10.85313423959947;
  -3.848811245383457, 1.560950401393969, 10.52062041578557;
  -6.254458346249775, 1.145588597005098, 16.71133719857073;
  -3.870304853516669, 1.608822238077713, 10.91970707170096;
  -6.606012825202125, 1.172020892192313, 18.26059423624359;
  -3.997416649316972, 1.511881229394281, 11.71997923761398;
  -6.926907412145188, 1.088994621988802, 20.0332024336477;
  -7.820623006359098, -5.364411841935624, 22.85350929805002;
  -7.088978856724598, 1.179499042622678, 20.89430515770444;
  -4.184715830759386, 1.547353148473433, 12.84429345204938;
  -7.282569178915984, 1.195331809673152, 21.87814778241743;
  -7.350089012685696, -1.662887244641349, 22.20485515638366;
  -7.505117211116608, -4.970566042466962, 22.73489263486778;
  -7.502306416411709, -1.814235079038353, 22.89630707568711;
  -4.105237976206928, 1.410810524682414, 13.07127207834625;
  -4.083425031336619, 1.578687365096424, 13.01694002637828;
  -6.581600404339653, 1.000807531706785, 20.59335084100269;
  -5.146423898928179, 1.113447504415846, 16.56179196974572;
  -4.080590932716959, 1.440172670647447, 13.43312094378327;
  -4.004751667570135, 1.51139262634359, 13.21902955571469;
  -4.814472402010184, 0.8722093495061793, 15.83481832221989;
  -4.243335411265885, 1.479294757125731, 14.32216136437438;
  -7.57221315188036, -1.844911343080346, 26.13474833137885;
  -4.200112027424512, 1.404686706769561, 14.84084013292324;
  -8.031779581441205, -5.374238041906356, 27.964872679963;
  -4.808396461603225, -0.09803852694964194, 17.16831191685941;
  -4.602800010604848, 0.1020236700729178, 16.4908797624867;
  -3.970804156136667, 0.6156375883856734, 14.85554631425919;
  -4.329634265148389, 0.7599132390724396, 16.27716886882292;
  -10.69376463984682, -9.293586825441576, 39.70001820898259;
  -4.082719001063122, 0.6484740606162143, 15.63671285939312;
  -4.403982105981861, -0.04469582108816593, 17.0144921346014;
  -11.19421892725124, -9.605565847953393, 42.57377293049434;
  -8.100301761835846, -4.909806264580273, 31.11131090172932;
  -3.87401809190537, 0.6491036589059468, 15.39471308053347;
  -10.37698679053378, -8.830695553878215, 40.62822536853755;
  -3.853499378446723, 0.52378364794924, 15.49209239889212;
  -12.74870643785693, -10.59224282711144, 50.55596459632098;
  -8.14638251709736, -4.890898091066629, 32.61302386570913;
  -8.155205453716661, -6.390895691314382, 33.11426575772924;
  -11.78183075666702, -10.80045053876307, 48.07965039155955;
  -9.328016081424945, -8.844019307790552, 38.24339191657047;
  -11.85781619682931, -9.732715436750997, 49.25169022623964;
  -3.491378602732965, 0.5717106890186959, 15.259166401187;
  -10.50623765878775, -5.789542707205278, 44.9002592474373;
  -10.76571106589614, -9.937545020004388, 46.248632574332;
  -10.74552583477917, -9.551564997184981, 46.70933188781629;
  -10.06783444863126, -7.621061965665342, 44.21122059488237;
  -9.40932909561317, -7.86971512447708, 41.37277704558084;
  -9.703280468108163, -6.383928255462547, 42.77033803439766;
  -9.403461122969457, -5.724109676817158, 41.52776313710142;
