m=[-5.808195507527447, -0.9150263602029339, 7.349395083875379;
  -5.98618295972093, -1.573696353167913, 7.585674596007102;
  -6.001266725729568, -0.2924868938597827, 7.745677049996735;
  -5.621623956603806, -0.7768572664170335, 8.274344857025943;
  -5.800789622232045, 0.9694991358443549, 8.674639346613967;
  -5.756243718580331, -1.369926550309873, 8.774687061654969;
  -5.788446415239686, -1.463621315901607, 8.989484614853785;
  -5.810431657195787, 0.5847506070004527, 9.215387026798927;
  -5.913498939236283, 1.374770821923081, 10.7592587424037;
  -5.960055169083782, 1.440470195292905, 11.03413859988994;
  -5.895669412949704, 0.9419266943301405, 10.9932426681423;
  -6.149531901775847, 1.305460427361361, 11.44429447889869;
  -5.795215648705618, 1.009328470541625, 11.20781223335567;
  -6.01277915578765, 0.45906295507645, 11.66095810743588;
  -5.869479003146132, 1.397209521252947, 11.46099921453628;
  -6.039697967376659, 0.1526985174045338, 11.94147580524863;
  -6.06254205602616, 0.3418126527042771, 12.00901628457293;
  -6.107623873794911, -0.09135632277189731, 12.45974637351327;
  -6.003414318997387, 0.1144011886962028, 12.45297614513442;
  -5.996874678406876, -1.695882423115563, 12.51726388518928;
  -6.098947124513536, -0.07074076201824035, 12.78617113219342;
  -5.985330063930768, 0.1218544080124797, 12.59293141488532;
  -6.040903608061234, -0.1090008925014666, 12.94880974599867;
  -6.049846726341587, -0.06752609277249459, 13.13890619294474;
  -6.107010667662621, -1.738087717286304, 13.53873281322875;
  -6.132394211150294, 0.62409555110688, 13.58478162375125;
  -6.076209319077885, 0.6362228974672861, 13.50038886288559;
  -6.124869914458032, 0.4074688081483943, 13.61856704080197;
  -6.096454388978501, -1.584191615943667, 13.66970253716386;
  -6.012202046978193, -0.1483553999047092, 13.55098325299353;
  -6.053105881763798, -2.133820917230893, 13.74179092070588;
  -5.870350586448083, -1.623287052699202, 13.33147942622913;
  -6.010442862019065, -2.036938492997115, 13.72004885734207;
  -5.644306095393034, 1.382175048267242, 12.93185783082255;
  -6.145518945755561, -2.167096676724028, 14.27172433400076;
  -6.358894799458458, -2.476360325121752, 14.7860513491813;
  -6.303607357414222, -2.140570864352767, 14.78029545705501;
  -6.189271788244831, -2.28089243123647, 14.59381904447124;
  -3.297034037643784, 1.608885536605201, 8.138389205083481;
  -6.291760183169703, -2.064932000701682, 14.91117092891193;
  -6.2835162469557, 0.9625420978181543, 15.04810337424541;
  -5.48021217612476, 1.320272742435199, 13.70210334380947;
  -3.433731829939679, 1.530877637887449, 8.909926459988647;
  -3.483373491871599, 1.512360784401204, 9.03196322337652;
  -6.197343455460853, -1.196837898454555, 15.5416826992683;
  -6.444626035422737, 0.06797249081824607, 16.10878107123072;
  -6.155136010403453, -1.256681584985083, 15.56193730661476;
  -3.483227453856788, 1.581333941363961, 9.175244533417027;
  -3.351391888569875, 1.569699178808041, 8.872178556479271;
  -6.22152664244699, 0.5253082521028339, 15.94839969891058;
  -6.142716747219646, -0.4353695661444553, 15.7820418348226;
  -3.436181936080662, 1.532981930775216, 9.228243294874879;
  -6.265605471148243, -1.247163799806063, 16.19935283175986;
  -6.241901060396152, -0.8116273885028293, 16.16065744633939;
  -3.334139232732069, 1.551433951437763, 9.009714408021175;
  -3.232717094502448, 1.627349660265856, 8.839073312071994;
  -6.019658588242758, 0.5344186476242839, 15.83003183895559;
  -6.294328868649395, -1.311882206675012, 16.57251988661479;
  -6.078362424306971, -1.569985917426174, 16.07144911814337;
  -6.366562900460471, 0.3190930425650816, 16.75892862487928;
  -6.34364605264645, -0.04095599482557081, 16.73149273773604;
  -6.059075641152107, -1.603175984355192, 16.21947052983847;
  -6.334294822838881, -3.941140777184445, 16.98553590980757;
  -6.206332349379347, -0.376318734681045, 16.63245403089984;
  -6.692681665718325, -4.040314360592595, 17.96246187071193;
  -5.987592117136606, 0.7070214960131879, 16.09783692900263;
  -6.721693928922659, -0.4865109551737042, 18.14054040990252;
  -6.672187675653894, -3.791363947518265, 18.14358781056852;
  -6.417959588646322, -1.591745309512429, 17.5340470473996;
  -6.560902598405835, -0.5235835205988499, 17.89415206779508;
  -6.627701048740651, -4.081151060471328, 18.1721700932482;
  -6.592739531914386, -3.965644418612958, 18.10651685309095;
  -6.521132805476986, -3.702244938502183, 18.10752006394343;
  -6.561798036359914, -0.4143323006359991, 18.22077424056683;
  -3.53386727638039, 1.472833466252516, 10.21864483419502;
  -3.429546732839812, 1.537697233246948, 9.974120236149364;
  -3.528149301171556, 1.529601667746527, 10.24472773791369;
  -6.738429030074246, -1.799159317571901, 19.00241073268271;
  -5.582831425244518, 1.042361971969704, 15.8679463970889;
  -6.418727715806504, -1.665489246034757, 18.21760050571501;
  -5.604820005598944, 1.306013710382926, 15.96329307812936;
  -5.679135006248017, 1.184349099145496, 16.17630388445723;
  -6.805536686374516, -3.61995189396854, 19.38295291580933;
  -5.520605099383325, 1.235158072323568, 15.86340707800017;
  -5.645391506764391, 1.143325348780778, 16.27747488818368;
  -3.244075738195529, 1.572844366537747, 9.898994280893668;
  -6.063338570365754, 1.057069805231591, 19.14843343924112;
  -6.370271730820314, 1.172282409812319, 20.54080208950644;
  -3.834459841614435, 1.520883306132316, 12.87236379762805;
  -6.412272203577733, 1.176424219753283, 21.14730694504328;
  -6.597445511571166, -4.851983400722125, 21.99742187275691;
  -6.787186613029003, -1.817911862214863, 22.80840131677837;
  -3.720009112321801, 1.439256550046237, 12.89772146443344;
  -6.813246856762894, -5.020961019683525, 23.15556592312271;
  -3.622212375448434, 1.484701350407118, 12.63035403187912;
  -5.942389668407243, 1.001883676837942, 20.45675634393801;
  -3.520964942035498, 1.500872940352172, 12.72056161807312;
  -3.738613717669696, 1.475562462629355, 13.8819287578248;
  -3.567457018236061, 1.359058412186203, 13.97673841376636;
  -6.946051019529231, -5.053834839108481, 26.83211213722831;
  -6.930143603553008, -1.894903253516904, 26.74507933926822;
  -4.236535207670499, -0.089836428795512, 16.86240960954883;
  -4.056486595829731, 0.3405890178345218, 16.2405201556425;
  -3.685019438332469, 0.6599664255366402, 15.38603797324907;
  -3.825909325531694, 0.7790092307573477, 16.10290070999113;
  -3.873636187092567, 0.04376523444149156, 16.49338594805901;
  -3.49692785809041, 0.6461278505296915, 15.03883287196463;
  -8.487954643860775, -8.405193774758656, 35.82492483413574;
  -10.58942874456756, -8.262705608750444, 44.81907863359372;
  -6.726306738167679, -4.447779116545944, 28.839129927503;
  -3.754583544153865, 0.04584060982334105, 16.32902034460496;
  -7.112987205865131, -4.907697573658105, 31.03971702969974;
  -9.212053895757668, -9.047768180072108, 40.01879937644985;
  -3.34276002634567, 0.6565339817516648, 14.97348689032328;
  -8.771425552932177, -7.405366948827515, 38.59741456462726;
  -3.364622783989108, 0.5345060963936824, 15.26944672957254;
  -7.321182798966547, -7.633855900126176, 33.10685987877994;
  -6.836035093685821, -4.691153416914323, 31.2988388283851;
  -6.816785653648148, -6.170143514299979, 31.7802461049857;
  -9.110487567558904, -8.784328328103234, 43.02440361292745;
  -8.618490924489201, -9.469740247184081, 40.78456560834454;
  -7.737834254249424, -7.514376531452881, 36.89878071016302;
  -8.458345156950877, -8.010338400610191, 40.59289683088702;
  -2.91445831951983, 0.5686894768526619, 14.58125745126544;
  -6.442260546690194, -4.112866918944149, 31.99099507767969;
  -6.704758759125548, -5.488028309025417, 33.59614635828938;
  -7.003384346530528, -7.623279783510554, 35.09432584708733;
  -8.690634996602359, -9.00971268613106, 43.98253063792126;
  -9.007845062756028, -7.969732831383614, 46.10131321955128;
  -7.901746235695357, -6.069682289814347, 40.5653799400921;
  -7.765370479042878, -5.517176200221573, 39.9510633814162;
