m=[-11.39287847572597, 1.502564368829736, 13.93444508397224;
  -11.75131200139043, 0.03542870529133208, 14.39383132416295;
  -11.62835466151702, -1.272094042035679, 14.38876094887119;
  -12.33505215471323, -0.8159142081229697, 15.53907917695534;
  -11.68110696113301, -1.840248106651079, 14.78067843327805;
  -11.92263184785333, -1.989234148778142, 15.10445729037313;
  -11.93189004939832, -2.1006926038972, 15.1377682812757;
  -12.2547286779554, -0.5972651591608489, 15.81685584275319;
  -11.56991718666746, 1.96017347935808, 15.14893922174857;
  -11.86579956839563, 1.350239013488009, 15.86841280847727;
  -11.28333286177901, 0.1572047556958533, 15.20443497305485;
  -11.53786682243485, 0.02074253713657135, 15.53948617999658;
  -11.51317771682346, 1.129105000423064, 15.51248840759163;
  -11.54138161920171, 1.53748841691321, 15.67117620570053;
  -11.39515196071334, 1.281607959377273, 15.62984980256394;
  -11.49694701843191, -0.8687216808980438, 15.79812317521958;
  -11.79366760206037, -2.059518653420525, 16.31528397230141;
  -11.75721464110691, 2.883190597702943, 16.32150804546527;
  -11.84003408889618, 1.978851771068999, 17.70586976282536;
  -12.03836842218566, 2.798681088884822, 21.90309358665504;
  -12.30492461018112, 2.973945148735403, 22.78070248648508;
  -12.72530428454039, 2.701405803716892, 23.6818235748669;
  -12.14998519426976, 1.941152834156765, 22.65522815128763;
  -11.94834173934099, 1.852584383280187, 22.6833394270454;
  -11.98145030825391, 2.086759086730701, 23.17184613624939;
  -12.14252957589883, 2.890487882561212, 23.71002977560106;
  -12.23288437955858, 1.893525023090933, 23.90225116791553;
  -12.31620978606905, 1.273683557929465, 24.25115542792445;
  -12.33363021043508, 0.3118247067191056, 24.38561456952554;
  -12.4635604319761, 0.702708964989229, 24.68850505417655;
  -7.035112066226273, 3.300638457928723, 14.31050022062454;
  -12.56836210322804, -0.1879944424775392, 25.63985722968171;
  -12.27226076688704, 1.626349733082033, 25.10894061299273;
  -6.821588752929131, 3.275269968819449, 14.41387440072746;
  -12.47388579832891, 2.343351999227665, 25.81886310769479;
  -12.35427593551961, 0.2354233403534898, 25.62666764953972;
  -12.5502842480002, -0.8332767618746129, 26.3019382500486;
  -12.45985998981463, -0.1445200249035403, 26.12154177769607;
  -12.32924604522499, 0.832662512219856, 26.20753720746082;
  -12.8124976041238, -0.9110081069446938, 27.38917613421556;
  -12.50635596365521, -3.140779118823581, 26.79507708008223;
  -12.32386644862809, -0.2223694548240712, 26.41647878066322;
  -12.77965736455438, -3.670989337132613, 27.44891576779954;
  -12.46671325562229, -0.4816968455612252, 26.95227428183777;
  -12.41090237745703, -0.1385257814353458, 26.95368816489182;
  -12.41252093488135, 0.0001046091516650631, 27.37909058021082;
  -12.65789270428848, 0.08448556029555562, 27.90377760680609;
  -12.37348367804407, -3.521559265440448, 27.43098032772918;
  -12.56952329478026, -0.1337239086838227, 27.9319691072671;
  -12.67507170323021, 1.327171336793009, 28.16203127191379;
  -12.7282434297832, 0.8467709931134615, 28.30108049331329;
  -12.37039923013033, -3.214504939408245, 27.73738093531053;
  -6.389473992244506, 3.187430231200368, 14.77249258789432;
  -12.3904841246166, -0.3057440872673843, 27.92707922275366;
  -12.25148999862862, 0.3671629806305709, 27.6239008073012;
  -12.31566907621269, -4.341479035364042, 27.95909286896588;
  -12.00246328898807, -3.318957355373297, 27.25741674962397;
  -12.31832233947117, -4.174678225621824, 28.11905681792947;
  -13.32517503789296, -5.240462154203453, 30.47634202415639;
  -11.70623935858146, 2.866618442908621, 26.8205551861045;
  -12.46011836728422, -3.812244746679336, 28.79588004137974;
  -13.07256742028544, -5.090882665621549, 30.39705156915574;
  -12.00048419328202, -4.075108959959513, 28.13796798365073;
  -12.27971740630876, -3.302502954971643, 29.07463837868637;
  -12.82761780833427, -4.209975862725246, 30.40084112908217;
  -12.86877404127244, -1.9028420122556, 30.60874587588501;
  -12.10616397009257, -3.634134426685329, 28.86936024640778;
  -12.46759408935577, -4.236409353473365, 29.85205999424402;
  -12.84066870069861, 1.967001230329674, 30.75152548482182;
  -13.31673387697492, 1.331802168533719, 31.86442898588315;
  -6.768804214622995, 3.303038754432131, 16.70809658700983;
  -12.89950160400298, -4.5398061307731, 31.19191045485411;
  -13.6003328118505, -4.806076595104057, 33.42334416981844;
  -13.3937880099727, 0.1412664020418502, 33.47868403553885;
  -12.95028815707341, -2.500974130881063, 32.47670083928887;
  -12.74394129992927, -2.601904543568685, 32.22031409435556;
  -12.96940836028441, -3.521415584845421, 32.75734075925286;
  -6.890608950729284, 3.334333192951655, 17.80877676275636;
  -6.99870688251777, 3.120268090581686, 18.16040585771231;
  -7.172631458592647, 3.114109516034, 18.59775981530902;
  -12.94239002732088, 1.092777492408369, 33.1768103035438;
  -12.48690041643485, -0.8850182485221905, 32.0816981913804;
  -12.6438429376305, -2.914339558729429, 32.59574402451521;
  -12.70304304582182, -2.528530643539507, 32.84296741693653;
  -7.235048412765132, 3.284605376501879, 19.05799700927603;
  -12.90213702051499, -1.67765039444596, 33.40440912099998;
  -6.889785509020818, 3.226984791769163, 18.23940896328921;
  -12.14159189884005, 1.077917132253546, 31.92901781998741;
  -12.9706344789104, -1.294734715654691, 34.11554925447427;
  -13.1636129338274, -2.743598236415431, 34.65885588090739;
  -6.973961951409978, 3.111289755984096, 18.72933936967792;
  -13.10139189488027, 0.656643634396902, 34.48725710963916;
  -12.25619031910664, -3.165662864284752, 32.40588917635359;
  -7.350336597007447, 3.138064545815499, 19.74937108315514;
  -13.50711011466115, -0.08720491770402195, 35.62527179412438;
  -6.810177262848887, 3.168895922872308, 18.40287640177219;
  -12.43973119032548, 1.512314888907112, 32.98902169597563;
  -12.22248892171927, -3.233958753586685, 32.71824129751381;
  -12.70326845340296, -7.903858393946539, 34.06406372327612;
  -12.33154584998061, -8.266527667624938, 33.10820216577047;
  -6.649198509644445, 3.347206272429953, 18.18060516127932;
  -12.76911240445494, -0.7742505480753155, 34.22015823946788;
  -13.67068360505681, -8.252874116447387, 36.6906936961036;
  -6.650349411358725, 3.142407940266967, 18.21159700222195;
  -12.30625705973695, 1.453136437232631, 33.08577396029614;
  -13.51463724274249, -0.9781788851618531, 36.47336900780871;
  -7.558386330027175, 3.155535231587926, 20.74107082220873;
  -13.7200231823765, -7.796183767819333, 37.30866958086396;
  -12.96098657995447, -3.214509114671364, 35.40978177482886;
  -13.34677333037212, -1.036113122410358, 36.39811271927855;
  -13.675726281585, -8.421125878544473, 37.49680655630792;
  -13.78452169032353, -8.29162311659041, 37.85826409331317;
  -13.12857438468274, -0.6016233999710609, 36.02928394304053;
  -6.939072057776043, 3.14745010005286, 19.43825430351614;
  -13.8101828855608, -1.91215164770223, 37.92769279476427;
  -13.51081080268545, -7.670497197556164, 37.51607044167163;
  -11.27292078997061, 2.104749910835323, 32.04074943496045;
  -13.35811629081465, -3.466076146967094, 37.91293802596952;
  -10.94246857207135, 2.549772154374883, 31.16564539801455;
  -7.224984860969248, 3.011205193677415, 20.89199974207904;
  -7.17899911621503, 3.112399188227947, 20.84574237034811;
  -7.076948235759935, 3.173073461211882, 20.58182556096158;
  -11.33495771495806, 2.53603803732324, 32.5708948941818;
  -11.58904104108489, 2.34705500485781, 33.4149233579917;
  -7.166965390864771, 3.091448336508893, 21.60639526626335;
  -7.02320569353653, 3.239313994957632, 21.18722788976512;
  -6.668622418495793, 3.23318752395486, 20.34867879467196;
  -12.14805036142702, 2.354500411594453, 36.41348120826107;
  -7.355610166887124, 3.141234451491535, 22.58475745731493;
  -6.984934060778484, 3.403996088187368, 21.56977895670704;
  -7.136758152406583, 3.247542404164376, 22.44604496497314;
  -7.116144336456494, 2.998479698180416, 22.47078888553952;
