m=[-11.23288607153652, -1.737402872524581, 13.91000471467079;
  -11.60173982928338, -0.3487927371468077, 14.54423159528561;
  -11.57196911756071, -0.4723433208999717, 14.69810025077438;
  -10.69594437511875, -0.1185642576595543, 14.09993355343033;
  -11.01071633857345, 1.387152371150774, 14.51493687182664;
  -10.92881901003264, 0.2617931788377381, 14.46980618852063;
  -10.95841669583781, 0.1078451839767149, 14.51895024612408;
  -11.03246784533234, 1.198555734729597, 14.62826344402795;
  -10.61936926469483, -0.1944925209465822, 14.12982779494308;
  -10.98004180046006, 1.588417936876506, 14.68524648076216;
  -10.77088716548922, 1.327107755103929, 14.55006389166943;
  -10.83435949081883, -0.7900212003463044, 14.6622931715875;
  -10.88182327145023, -1.557922413318415, 15.24383828841594;
  -11.09358966189328, -2.00010347116536, 15.60658894983018;
  -11.12885069338814, -0.418887966586345, 15.81266763756013;
  -10.89693245489398, -1.512512854410713, 15.87814848601879;
  -11.145836779424, 2.019715075482915, 16.57649835401563;
  -10.61779473689622, -0.1374135228701686, 16.09155619131183;
  -11.27089778581264, -2.743805776047489, 17.06958401805122;
  -11.14288024515603, 1.600592077663858, 17.04604433327147;
  -11.01938191423304, 2.013365816409968, 16.90567206317921;
  -10.98934585956034, 0.1890631718467879, 16.92572977116598;
  -11.145911420586, 0.1818751901527638, 17.55183137455032;
  -11.07264356104374, 1.242281393919248, 17.54778950536634;
  -11.19724216823792, 1.375211986352776, 18.22705042494141;
  -10.91392762760679, 4.961097395240888e-005, 17.84137415356468;
  -10.97988452497776, 1.202457173149504, 18.07042894785098;
  -11.31418616534094, -2.826449926976679, 19.21943669250185;
  -8.727747653321561, 3.140276267568527, 16.9176338254185;
  -7.121952819552416, 3.190154075530932, 15.3148942022465;
  -6.31199607568874, 3.378049610333101, 15.03008598296979;
  -6.183114148117283, 3.271610532816126, 15.42826168828786;
  -6.552673303505472, 3.256758477025394, 16.62754180589359;
  -6.434479238776123, 3.390184936538113, 16.92083271327438;
  -6.482341166204795, 3.145621699362365, 17.12587217162666;
  -6.509744746526375, 3.081109180683465, 17.21095276626937;
  -6.269423152039106, 3.112564034340885, 16.91511063406282;
  -6.264712133983218, 3.194284015105613, 16.90952179758068;
  -6.321478219464487, 3.138407676849005, 17.05555692444881;
  -6.505659104794105, 3.167486971850642, 17.85562916320356;
  -6.263784600047031, 3.183049765337488, 17.2933949098645;
  -6.022500229994663, 3.310419161064304, 16.82934320644078;
  -6.118779520570087, 3.160131091782367, 17.12387746202971;
  -6.377528281106468, 3.159510730382074, 18.33361117181013;
  -6.35458884078264, 3.121524324800838, 19.06621824864623;
  -6.020349692298019, 3.213157870464152, 19.01606500090164;
  -10.19638887155618, 2.904128550255602, 34.02546262577904;
  -11.13692945308626, 2.184642321011669, 37.27895923162742;
  -14.29475974529061, -11.52932957138599, 48.49909287647481;
  -11.78044487829693, 2.449234850904641, 40.40147903775071;
  -7.550887149976012, 3.332292997466606, 26.6497026580213;
  -12.87846319974996, -9.755742159975657, 45.17880174557516;
  -11.83865547842617, 2.460457254239158, 41.62553964981591;
  -12.2375247552223, -9.592018023000778, 43.31522443906727;
  -12.87031231634946, -3.612202207323178, 46.10234598206544;
  -11.02403050909635, 2.112996434705483, 40.5504471391716;
  -11.39787610952639, -9.158135096222116, 42.38219255709895;
  -8.122814646329706, 2.23368552910161, 30.57759283238412;
  -6.534520532322116, 3.116416869347403, 25.01170420956995;
  -6.959786218979584, 3.114236243936571, 26.59464443183425;
  -6.964709612949739, 3.087616948358329, 27.54176435088291;
  -9.018192591877632, 0.5206414855458826, 35.62530258257458;
  -6.680466039705313, 2.866053305590055, 27.99141910373576;
  -12.96850802242824, -3.759910744816892, 54.13920005761646;
  -8.083311026600487, -0.1118820720266333, 34.58780687428379;
  -7.623307004077923, 0.2389550519497148, 32.71662780085419;
  -7.309495610182281, 0.7538953179446681, 31.51372386136832;
  -12.66176554569869, -10.19948480196188, 55.06419470995557;
  -7.188469894924219, 1.499946657641496, 32.33954413692718;
  -7.025810275516653, 1.661142884297067, 31.9931711460105;
  -7.041509937900449, 0.1611887082716734, 32.47275113779769;
  -15.79117436728955, -13.97955078882909, 72.44204385570573;
  -6.628621629329782, 1.434214550520095, 30.82196698094887;
  -14.97482156426826, -16.18506277898833, 69.01487324380985;
  -19.50642355952548, -16.53865326674165, 90.35406788021335;
  -6.943180742296909, -0.009998831813769293, 32.77128465557182;
  -19.25150364290408, -17.14362102762374, 91.43608987283874;
  -13.17899187786477, -9.895627848052797, 62.87686137347814;
  -17.23063286465923, -18.50581542229985, 81.98537354197103;
  -7.726931359727063, 1.769050321882832, 37.2498901492225;
  -6.104896028536615, 1.401307918655434, 29.71339090299871;
  -16.99276382635492, -15.75720561376276, 82.1538141435415;
  -6.208352890161858, 1.175096525785745, 30.67663325697755;
  -13.89245558097634, -15.74440726236573, 68.07410278364603;
  -12.42289929432594, -9.309871171177495, 62.51187611329298;
  -14.18197642066244, -14.85922244578616, 71.2471886346666;
  -11.86805457144969, -11.85821606532354, 61.02716925693714;
  -16.14916273747073, -17.83995210404968, 84.19839306057337;
  -16.29919895193234, -19.12098628007437, 85.11386275674121;
  -18.49561372982911, -22.529790117193, 96.83359774978095;
  -13.83627305432958, -14.47633628538775, 73.63246529345922;
  -12.85039615916402, -11.83252586310361, 69.25594638136882;
  -14.8211742284989, -16.30205390705211, 80.03198901780247;
  -12.21846266978446, -12.40579516597933, 66.20204738155499;
  -5.352561815260481, 1.242819483636174, 29.45188388491092;
  -10.44008645363234, -7.331703599565284, 57.63200553263853;
  -13.147993875947, -11.93316126639641, 73.15319719417359;
  -11.99928897152913, -14.56252735426689, 66.95281458402906;
  -15.31548908285171, -17.71431624711465, 86.61044699590049;
  -16.97338665814058, -16.72505571020706, 97.13336204565991;
  -13.17851013811841, -11.28876294724218, 75.78999751632422;
  -13.70875233414251, -10.83194765520509, 78.92755775290216;
  -15.05664032895816, -17.04788680002583, 86.9443806569779;
  -13.37834050612591, -16.45866794468274, 77.41147916648953;
  -5.188683911776227, 2.634149576072375, 30.20997333201092;
  -12.94412165235532, -12.08232489882533, 74.86801221512256;
  -16.03803440007821, -12.13460415955428, 94.21777434883839;
  -13.78576300400047, -14.09438997564721, 81.6554325263419;
  -15.79501405167431, -18.47487077450263, 93.88692327976962;
  -5.126582770462304, 0.7276103975822, 31.08502037646023;
  -18.01159583823772, -21.81466353227441, 107.5985900083403;
  -12.82185411416321, -16.09387781107187, 77.79814619128642;
  -5.629156859644678, -0.02986911941386505, 34.52397093923712;
  -17.03758436988063, -19.40899511030971, 103.2755237967321;
  -13.93486746532394, -12.65574356835317, 84.93648784426179;
  -16.44036207650244, -18.09740504347853, 100.476467725718;
  -4.814470038800565, 2.804362169172894, 29.91449944968841;
  -4.976377247515575, 1.657825918268753, 31.25093805875264;
  -10.60989929366869, -10.29130753034445, 66.18174760985558;
  -18.44148950085546, -21.4050227428915, 114.4561415349032;
  -5.169910412505608, 1.452286550190884, 32.61112468608032;
  -4.679860627350975, 0.793222648938514, 29.60180842642779;
  -12.52030449465608, -12.97437214606147, 78.16551874097159;
  -17.35789278287571, -19.72114776132473, 108.2978079303353;
  -15.75346774641105, -16.856451632766, 99.5489611487511;
  -15.81536195027434, -18.0527611737349, 100.1891018441171;
  -11.97798457588332, -10.64503291311417, 76.59940860512727;
  -5.187751882540584, 0.7840881081837969, 33.81886988133383;
  -4.689683873696579, 1.16467303756015, 30.92669926212787;
  -15.6174154741244, -17.55561852755817, 102.2835926546491;
  -4.781443337141203, 0.1280779071902257, 31.80341773095424;
  -16.24124853355389, -17.06162735234103, 108.2959578240467;
