m=[-5.314152953819222, -0.05890724352723727, 7.005384556404321;
  -5.401474539092667, 0.1293890207809336, 7.151576912487114;
  -5.36377329455998, 0.660883827530709, 7.245758212595036;
  -5.389896636188873, -0.3930211669524937, 7.294223965092172;
  -5.472343943326097, -0.7834612886116833, 7.665951196755469;
  -5.407408091985785, -0.7505574878093141, 7.879247573980233;
  -5.527896427340924, 1.001699196835502, 8.221290858856557;
  -5.34027654471433, -0.06911286489275632, 8.093334089215512;
  -5.556118319153042, -1.35259052350604, 8.414647197173414;
  -5.519349841694721, 0.09006287275204965, 8.691500772171354;
  -5.480335470536295, 0.6148593829422582, 8.685168336322624;
  -5.614366257236661, -1.402551174771898, 9.537138179679843;
  -5.618679997307594, -1.315232849358468, 9.991620639141075;
  -5.564983814533116, -0.001699528592667739, 10.12985869859483;
  -5.598483517878179, 1.404495483806239, 10.29808212675343;
  -5.640324013508382, 0.3398466758284142, 10.39641446759502;
  -5.544586800158497, 1.448454214888378, 10.40434018498225;
  -5.674472663289221, 1.303595295757934, 10.71946401144052;
  -5.820509337111992, -0.9409427346123711, 11.15572435654245;
  -5.41415245497622, 1.032521579036847, 10.63160986790726;
  -5.636704523969407, -1.633863368921828, 11.6630843892788;
  -5.605527727966665, -1.619332742605365, 11.93456051813929;
  -5.630083256492723, -1.661647046573915, 12.3809849897386;
  -5.630593615480168, -1.884897003663379, 13.09567703867507;
  -5.670529022132277, -2.059737348528927, 13.21088537590447;
  -5.63144019940031, -1.966264198458065, 13.19957391592899;
  -3.159932488390711, 1.579273628950882, 7.819257312820443;
  -5.639463308894215, -2.136706785304825, 13.34585984165147;
  -5.921958960201901, -2.384764335512593, 14.1847228447127;
  -5.896547769000006, -1.996918023950163, 14.4139244475164;
  -5.622529983720155, -2.115253051443249, 13.9775387400166;
  -5.79720969697761, -2.109769970576367, 14.48237494638459;
  -3.18428013304709, 1.545204182646526, 8.412635669582084;
  -3.273934190326973, 1.549576685960316, 8.655873448749142;
  -3.116882848328018, 1.547430635592748, 8.409452821147267;
  -3.10660168684281, 1.584010230215106, 8.385245453675644;
  -3.157115884178019, 1.537142243494956, 8.66511594676099;
  -5.719559382331065, -1.191370643223865, 15.00215047099289;
  -5.743122742198732, 0.5654459792439548, 15.32628703385067;
  -5.843025205146762, -0.4065992734830222, 15.60201249600603;
  -5.749640984988393, -0.7462806819914907, 15.4872213881703;
  -5.663189983674343, 0.5871571132084468, 15.50903563247592;
  -5.743856776664237, -1.212212716001226, 15.7561091309694;
  -5.550313483398348, 0.7865768956180282, 15.2823881237171;
  -5.886121239361782, 0.3738907144813071, 16.17388374720215;
  -5.785157299102639, -1.540348054737196, 15.90505463388393;
  -5.91465625231612, 0.01338743183147195, 16.29070398724103;
  -5.704452602206485, -1.562105639263453, 15.8954362657545;
  -5.784859881957246, -1.584124345333149, 16.11949085603833;
  -5.920276144863975, -3.863118995847351, 16.50855286980207;
  -5.728226437946964, -0.3203821314784804, 16.02027908105062;
  -5.650081463562192, 0.7539524825090236, 15.85419975725247;
  -5.703031268444565, 0.392021113971214, 15.99967280300506;
  -6.224120875836992, -3.940161807631468, 17.41052312203489;
  -6.118193597963536, -0.8031641351698573, 17.2179897420803;
  -6.15225211034118, -3.665286171424331, 17.45942903148037;
  -5.556908783617191, 1.036232938469745, 15.90322791325736;
  -5.996213361044981, -1.535501506081346, 17.11195464316943;
  -6.102403520779904, -0.4744600941695393, 17.42073381360555;
  -3.116508527465417, 1.530902694207104, 9.350727993143375;
  -3.289262414003244, 1.514702964989978, 9.831120883143555;
  -6.147005534357376, -3.971805359405343, 17.59262334616588;
  -5.965750444939962, -0.2388052381752724, 17.13609171537414;
  -6.084503472880488, -3.84082734699128, 17.45151338382846;
  -3.236047932277494, 1.53988986080648, 9.701345372480521;
  -6.204475041926481, -0.8652674086925015, 17.84951752151943;
  -6.112464975302117, -3.644463526509465, 17.73895101671546;
  -5.672352928968365, -1.305730467890555, 16.63447359307074;
  -5.231750321209188, 1.082294003160314, 15.51954465914107;
  -5.295150514316338, 1.101211191074428, 15.75133087375716;
  -5.140190725407563, 1.327863976558188, 15.33747928583712;
  -5.920120656301479, -1.591433342825051, 17.62247996639215;
  -5.036360266754345, 1.250902761151056, 15.16907778738447;
  -3.139293373190117, 1.594653833841221, 9.815214769283303;
  -3.149995465830598, 1.495458898571357, 9.845065023588537;
  -5.190519932140591, 1.170181644574262, 15.69964647212897;
  -5.316027731041021, 1.514107406273385, 17.73964343246308;
  -5.812371806231151, 1.140166460318985, 19.45591668837461;
  -3.394321772968359, 1.497953081611984, 11.97974015219415;
  -5.873076012975963, 1.221052566486126, 20.14193520505382;
  -5.884232833797006, 1.222934765517205, 20.68937368591517;
  -6.248354668722336, -1.608787724429053, 22.07941287490858;
  -6.068094019681737, -4.756294133518437, 21.47826947338434;
  -3.296132658441449, 1.59680889471281, 12.08323575010628;
  -3.411191372682037, 1.47137096467657, 12.48841216122116;
  -6.304445533353673, -1.76941565299856, 22.58295852187976;
  -5.265426284816109, 1.009234050816589, 19.36817845809304;
  -3.214659118750938, 1.533122110080323, 12.30451455697282;
  -5.524636718342926, -4.439017316730258, 20.54296914221842;
  -3.33193031140168, 1.477121814397592, 13.17603239330507;
  -4.511041837666737, 0.2604330634763524, 17.82033692363968;
  -3.485197735389771, 1.495219409960424, 14.6031174907356;
  -6.283148374863077, -1.82164957179886, 26.23005100279123;
  -3.662548718454113, 0.1148037877548947, 15.71840713748775;
  -3.605922938443132, 0.3719119027001872, 15.54636130968781;
  -6.213118555705955, -5.077581620316003, 26.21892758738943;
  -6.343260986711248, -5.10971347521259, 27.58592842425428;
  -3.370162158015775, 0.7968220985448503, 15.34658217101912;
  -3.386558152706239, 0.07752242614662636, 15.61751116967099;
  -3.13536169723363, 0.6783886030572122, 14.57890042748417;
  -7.958937980533259, -7.045858346956052, 36.51164383473243;
  -3.338446591328652, -0.004807676369793562, 15.75721382065906;
  -7.739371396185912, -8.364855058845331, 35.66865445455733;
  -10.48723259649625, -8.891671151907538, 48.57703017715357;
  -3.005478073904904, 0.6898725555065304, 14.6280861202045;
  -6.609594034738827, -4.962904856504253, 31.53431853579489;
  -9.404617478878818, -8.374888577967889, 44.66775504755922;
  -8.272775810248929, -8.885016782438509, 39.36283828688345;
  -3.032536110079503, 0.5739884169473069, 14.98432832883391;
  -7.190269103610897, -8.148777185818389, 35.23287262991438;
  -7.721548139669231, -8.276136834346485, 38.0372801758785;
  -6.239491393576107, -4.675950409933364, 31.39704377892977;
  -7.795409903943943, -8.167671866244506, 39.16245687037319;
  -6.121276944198033, -6.116202462921191, 31.47644813167801;
  -7.984656395308404, -9.366994404820112, 41.69560421921504;
  -6.985103997557503, -7.30823351490647, 37.17261329346304;
  -6.667372212904266, -6.139254632384841, 35.93314686662279;
  -9.819127901727532, -11.73616941438191, 53.23039533747541;
  -6.106531408852535, -4.288401107594821, 33.70964919718414;
  -6.650413905474767, -6.035936917151896, 37.00176958099084;
  -6.089881254637811, -7.390776450614871, 33.97990426332401;
  -7.354720342638635, -8.506671994201156, 41.59159482010924;
  -6.711089201733806, -5.076227572308333, 38.05472992615268;
  -6.592597015664585, -5.647244198057701, 37.9142183909026;
  -6.335245470483555, -5.913456018413248, 36.64267441303422;
  -7.461408146583369, -8.44818224203045, 43.08580772072604;
  -2.462716198489287, 0.3495306703403376, 14.93267282302647;
  -7.280671970547389, -7.443667064919119, 43.12466554552999;
  -2.555596001746332, -0.01356036153424504, 15.67363004737625;
  -7.407949884772171, -8.664817668247022, 44.03349184854048;
  -7.596794124756861, -9.200823138819908, 45.38211626268969;
