m=[-5.177252612059073, -0.05534524910009363, 7.639561768312584;
  -5.285959523468494, -1.3006348034497, 7.818013555153568;
  -5.200285266069374, -1.345768166912755, 7.856125557845658;
  -5.339125113555413, -1.267649839308561, 9.384047414413686;
  -5.28324341977851, 1.385351552342648, 9.640540462823195;
  -5.261000957121839, 1.440534668703903, 9.805869780374779;
  -5.510402405248899, -0.8970972942866861, 10.51468906436484;
  -5.167289395797785, 1.037780552316986, 10.09504036825045;
  -5.339933551759459, 0.0578846717189634, 10.44944365216503;
  -5.442335183389088, -0.494300217599943, 11.12098959090968;
  -5.363139628150576, -1.539243555478901, 11.03634198499854;
  -5.419703712327415, -1.607014128027955, 11.19769606417814;
  -5.417283896334945, -1.264804382971678, 11.21351262624857;
  -5.329622837062202, -1.454849581858581, 11.06322198021488;
  -5.382425123038762, -0.02100261648594017, 11.21701817405151;
  -5.390672394834533, -1.389405811982239, 11.44746963000436;
  -5.333333530426404, 0.1904003490154642, 11.50290324115912;
  -5.329682289248362, -1.113349587071498, 11.59532125747297;
  -5.219645212440756, -1.586999466959596, 11.52343419597242;
  -5.299615888210258, -1.826900093862611, 12.41458924884664;
  -5.234031371935476, -1.546367417820936, 12.29300155881512;
  -5.26484478252938, -1.967908554326624, 12.36249135124493;
  -5.211965030716893, -1.874777605736406, 12.3135687294871;
  -5.402740827271057, -2.02525693041697, 13.03783113548823;
  -5.597401716341957, -2.325652775155152, 13.55612672104648;
  -5.396339721737287, -2.116502190673993, 13.25541303333881;
  -5.419079254353347, -1.88580812451538, 13.40960222167942;
  -2.915116882115092, 1.530433759212128, 7.813510646578493;
  -5.295928382798801, -2.11163019263266, 13.49341909475782;
  -5.275642213128458, -1.589929730972302, 14.16043695514988;
  -5.31900748710471, -1.46276215075516, 14.92065008403992;
  -5.359405547420678, -3.105763516733929, 15.06093744552109;
  -5.298921476010874, -1.501860587514172, 15.07916554289054;
  -3.037387621603784, 1.642451616353314, 9.149805467470998;
  -2.983014062306447, 1.51418208062618, 9.013568549279803;
  -5.767405497434464, -3.805704925266409, 16.50624670489474;
  -5.487883541293233, -1.452978593070734, 16.04563466013644;
  -5.823314426236762, -3.919110037735269, 17.05890967992905;
  -5.740460047308598, -3.777660861625639, 16.85171720868832;
  -5.45988495506145, -3.396799017608366, 16.23461659570889;
  -5.482350416257594, -1.323134657347586, 16.49039445604414;
  -5.644840696453005, -1.627285236274505, 17.17118813000413;
  -5.440118703447617, -3.176043139826459, 16.70145791405977;
  -3.172432404246703, 1.462987512628994, 11.52843550873713;
  -5.424432522815902, 1.218830353111821, 19.3336399764417;
  -2.98204365818849, 1.471190442015242, 11.29812010021182;
  -5.458174098730419, 1.226127403322594, 19.98417026991134;
  -5.796414665812944, -4.624495994350293, 21.1346460199821;
  -5.710955786769822, -4.716353035331874, 20.99799931420046;
  -5.329910221989183, 0.8952042528368233, 19.88072720058267;
  -5.460732025286559, -1.607751601850565, 20.39953603395312;
  -4.325623978079429, 0.89624181819035, 16.59597599528608;
  -2.864724994788603, 1.382930490207468, 11.31391665183847;
  -2.925268876275621, 1.506389673088809, 11.5503826975686;
  -5.872012321924358, -4.883242892298366, 22.13167148925431;
  -2.920992771717829, 1.35933858072138, 12.74671571454536;
  -5.686618453206323, -4.624872281033716, 24.37312551628461;
  -5.465537991810297, -1.680954518350611, 24.09768688832688;
  -5.705518228330088, -4.772765179887105, 25.05417116883177;
  -2.954892651459323, 0.6833065947440421, 13.98545092702497;
  -5.656246053484512, -4.865256270651432, 26.0025396160569;
  -2.993399930022889, 0.1390959572390534, 14.90677193439248;
  -3.030976429153307, 0.08675790582493577, 15.08559993617502;
  -2.986167331398704, 0.010382199041651, 14.87350582870185;
  -8.326341541348999, -7.895115153101544, 40.67168025784522;
  -2.668754199139795, 0.6812844095170132, 13.71463150633696;
  -5.831058927679726, -4.476177977406397, 28.9827966382524;
  -7.799593690784302, -9.055455498640047, 38.2756752543457;
  -11.70965963302515, -10.6648781960308, 57.99129016809614;
  -7.578971785949189, -8.779323661789762, 38.60691142599855;
  -7.55241685122493, -7.404794961792514, 39.46844917525729;
  -6.001428229937623, -4.847709117769189, 32.34324145884793;
  -5.316854464095718, -5.128627691511423, 28.93367374496034;
  -5.525877994444886, -5.992446921848203, 30.49885854233032;
  -6.095890678302985, -7.311415216424283, 34.26879437892247;
  -7.319014765077391, -9.33561724916998, 41.24532546887586;
  -6.558842087000584, -7.479435259653176, 37.69299091504667;
  -6.619253488664985, -6.640668028934718, 38.51857637368668;
  -5.925996113166635, -6.565868354716515, 34.67517862216;
  -6.203648401139326, -4.74930553191034, 36.97281589181625;
  -6.18166715926445, -6.134704677457587, 37.28298740106364;
  -5.861036527331724, -7.80486123923768, 35.47340012801219;
  -5.792197764552555, -5.440309644650536, 36.23784851847983;
  -5.715855013921157, -5.858136915327527, 35.98539363882043;
  -2.116294688844616, -0.01234718054126596, 14.05856971254359;
  -6.326806854881135, -5.731179079450722, 40.62307063381031;
  -6.747577569947932, -5.623363341200229, 43.36851221877105;
  -1.937369354071598, 0.7284162523154957, 13.18382160053963;
  -6.612475197597588, -8.514409145130035, 42.97619191416646;
  -6.404489333242605, -8.544838377491365, 41.90626167651776;
  -7.348462613205568, -5.928596005153028, 48.77237383249966;
  -2.257481452603827, 0.1660582186659644, 15.5137090243496;
  -7.076921246814578, -8.885773608234519, 47.01844644428457;
  -5.600687375888152, -5.620239609739014, 37.42734030440806;
  -7.166467458262931, -8.716123874129711, 48.08359746531681;
  -5.496965980328788, -6.300651260727214, 37.64533129563088;
  -6.773498299244888, -8.698894285427391, 46.26595662387075;
  -7.712127967646591, -8.275255084621771, 52.67401561829301;
  -1.991605313367732, 0.5649549236827598, 14.31060372748672;
  -6.846611410400469, -8.621221586342573, 47.05364067302942;
  -7.001864717304921, -8.303528080049265, 48.73105165515598;
  -7.039335284893389, -8.901579612126463, 49.10241533201972;
  -5.213673519509817, -5.146266812281207, 36.70358158920683;
  -2.593572174695228, 0.08767714042808139, 18.81715276523194;
  -2.029993342611909, 0.6210280734807644, 15.03980646685323;
  -6.545169431980151, -5.832402670718562, 47.01821734374099;
  -5.79247378048228, -6.146459984064149, 41.5365289797405;
  -2.149263082763745, 0.4479034827208561, 16.12578775766881;
  -6.963028310582691, -8.709093881465837, 50.428623051731;
  -6.737690515860296, -7.052615990560091, 50.05790655230273;
  -2.271478318140204, 0.7813085304023679, 17.56475230271003;
  -6.983415036274989, -6.787092774965011, 52.35084135469507;
  -6.932974499592485, -8.483354021531662, 53.12806227164516;
  -2.22465046247322, 0.3052762285534356, 17.92171354499791;
  -7.256950696937895, -6.485218258685332, 56.69343570234692;
  -5.492812192847532, -5.602272539663728, 42.92934884738401;
  -5.660298112365865, -5.39946168315148, 44.70267564203098;
  -2.066245607908989, 0.5323078507040048, 16.83108626547826;
  -2.330631344837668, 0.05980562422141297, 19.42674480668088;
  -5.3603879124963, -5.108199982582558, 43.86750722728247;
  -6.217018655049222, -5.841813832143036, 51.50461440215143;
  -6.662593946599294, -6.237540944675102, 56.15091012583176;
  -13.88027676877201, -11.36435045737995, 118.3846058316748;
  -2.082900632773493, 0.7580168613812778, 18.58393679207775;
  -6.188927799815458, -6.016384928250864, 53.973720817841;
  3.116996928314798, 1.160521957787375, -27.45842290868964;
  -1.847423605875801, 0.3259320538104122, 16.93788074581492;
  -9.219233061279743, -0.08548369119798376, 83.1125318517451;
  -13.83328265027085, -7.450071769448365, 123.8616494750577;
  -2.049888571246228, 0.8560747613189064, 18.9737163681032;
  -15.73641284526882, -11.53654929913016, 140.9442797473411;
