m=[-10.56463630135698, -0.07647180433238011, 13.41382837525384;
  -10.85770541633332, 1.44322369675091, 13.82020236281354;
  -10.68763419532837, 0.2998259256299537, 13.65631685890581;
  -10.83201113602551, 1.813708605258841, 13.83891979671544;
  -10.70558208734647, -0.1602459918084236, 13.72290505155186;
  -10.91999800609975, 1.275970629732074, 13.99307657406144;
  -10.70097825464046, -0.01658557862948233, 13.83554373374844;
  -10.80401687433678, 1.642627577520108, 13.9663371618343;
  -10.66144537334714, 1.386110433492848, 13.91172059942195;
  -10.74957420558824, -0.7640493164475563, 14.05280814073011;
  -10.75631341635284, -1.133090250022661, 14.15595773976644;
  -10.70805985879097, 2.920254266287527, 14.23777504209984;
  -10.89427960503252, -1.470236648286821, 14.52010081379378;
  -11.03292141243474, -1.599740405442089, 14.97812604796424;
  -10.93767648373908, -1.971404282262574, 14.92842966175646;
  -10.92569077136549, -0.3744338022491199, 15.08325870386127;
  -10.77665687601757, -1.518407372347621, 15.26768228976044;
  -11.13329804244287, -0.4287511575119758, 15.89525034958635;
  -10.93399741508242, 2.083518529082796, 15.86924757137551;
  -10.77596882911109, -0.1151959782207345, 15.90103586826215;
  -11.00221888273308, -2.707146872866025, 16.27244703257449;
  -10.84045582668535, 1.362596818836242, 16.20733332386366;
  -10.91033234396167, 0.1975703545805599, 16.41904492435223;
  -10.88443440289013, -2.81675419420427, 16.44322934612237;
  -10.95529485821558, 0.2269273697389216, 16.89811828714811;
  -10.8555423109892, 1.296211442525451, 16.8577826472347;
  -10.91720855752939, 1.424687063526662, 17.46062370865156;
  -10.87742178073178, 0.07050643475494993, 17.44990849271803;
  -10.84628909818062, 0.4660111339040497, 17.42255107258984;
  -10.79646903728586, 1.257790649276172, 17.45129345739276;
  -11.20675189162777, -2.83784270165619, 18.75202072022984;
  -11.23144563081871, -2.666642932371584, 19.74039118589355;
  -11.01948895685887, 2.889487558959965, 20.10769156888193;
  -11.23361185649915, -0.6124468444007132, 20.4830171197265;
  -10.98922825116187, 1.654446047989976, 20.33203261984692;
  -10.89919836085742, 2.984350930147959, 20.31478813786632;
  -11.50315370009017, -4.244148884952653, 21.30777244047494;
  -8.247246455004191, 3.116620809512039, 15.71606845174411;
  -10.98014041611855, 2.062507010095817, 20.61351346410989;
  -11.08155393818407, 2.701409016110557, 20.84516426302461;
  -10.68199315985202, 3.226864492238214, 20.80329858516835;
  -7.583548379611963, 3.127696082912022, 15.18379376178951;
  -6.812974363309606, 3.210241118653898, 14.35633793885049;
  -6.188295889408169, 3.290273775759466, 14.34368914126849;
  -5.990500453231759, 3.347232039706899, 14.72813135031147;
  -6.086001780794633, 3.392254742095201, 15.89273023960175;
  -6.122642015968538, 3.1481047631691, 16.07846791262196;
  -6.463656746182398, 3.238835441261179, 16.98706448764389;
  -6.017954138245504, 3.278782757443266, 16.01705911140791;
  -6.071998800557887, 3.187793946542159, 16.27503431003003;
  -6.016036069144071, 3.250267797034772, 16.14094413825473;
  -5.993361533664904, 3.097396966641606, 16.41680991466648;
  -5.986477109088884, 3.23172235062941, 16.47285833327454;
  -6.19385704460136, 3.181799206263778, 17.58152811315769;
  -6.068517246837963, 3.199056211750501, 17.47361238766193;
  -5.970036498255472, 3.131978213925467, 18.02191041830189;
  -12.19804716748937, -10.07367224183145, 44.84968814692908;
  -12.25395746914051, -10.19055264756267, 46.18528475114558;
  -11.82805134145475, -10.06750274326818, 45.67458859796616;
  -10.81488473554919, -9.186539895412658, 41.87530830388236;
  -11.89073548496452, -9.670621195714174, 50.96427531419339;
  -12.4429097442172, -10.40871030238728, 54.63952231753459;
  -12.92385337841927, -3.97479804614058, 56.9815766664609;
  -13.03161417309257, -11.20922639730109, 59.90811937685378;
  -16.39048074396482, -15.54160758907929, 80.06258076015723;
  -16.22309380748204, -18.83527653466062, 79.61310483771221;
  -14.50011025018189, -11.13092407002235, 72.07160000018844;
  -23.88437694358095, -21.75331981238555, 118.2857467447631;
  -9.910361055867435, -0.1906735093662046, 50.41424281473108;
  -13.77644428298772, -11.11169551374308, 70.10758083664558;
  -18.9375184960046, -18.1426492325329, 96.33169669253509;
  -16.17603101124401, -18.73797868915982, 82.39991045132122;
  -16.58996203822369, -16.26568947886444, 86.6980843912079;
  -14.94202328402734, -18.25114154564157, 78.24517595267595;
  -13.05821462413197, -10.5478935463083, 70.3740797070482;
  -17.75222013768493, -20.13039274871111, 95.68630158606433;
  -13.604845479904, -13.12320804305422, 74.03591035345183;
  -12.88397184941694, -13.97181000518514, 71.11022633756278;
  -12.16357229897031, -13.00317114377533, 68.16785828566424;
  -15.83693811508445, -20.20047743948725, 89.24693937001457;
  -14.3299528827897, -16.61043054748843, 80.93774271558463;
  -14.38429809859838, -16.82933940582517, 81.90623115109841;
  -14.41427595269424, -16.43745075317935, 82.837361431329;
  -14.40644511984258, -14.45305270175357, 83.83358600365388;
  -18.62826118517066, -24.70997442812736, 107.9944983561994;
  -15.83245561885889, -12.12079798728792, 94.35906564335849;
  -14.0063522596069, -13.89994519396823, 84.47537555417645;
  -12.26664457607092, -16.33490225505677, 74.24277075324329;
  -14.08393030555856, -17.88114909812935, 86.71699833897196;
  -13.54768732374161, -12.72463700412944, 84.75868072356859;
  -12.83892121902261, -13.15851402160421, 80.83018775652694;
  -15.06354970378153, -18.71562443776492, 94.7544699311733;
  -13.95932024527746, -12.64514090411413, 89.62980304770791;
  -16.08505815159381, -18.12403135398192, 104.1107443963554;
  -14.13271873723311, -18.19768635284507, 91.85220580349898;
  -13.18783878767271, -17.59515007764419, 86.29150497845144;
  -13.40710559487793, -10.81659074207153, 88.98410463572317;
  -12.25245170084702, -12.29522552213415, 81.87864249398564;
  -15.49929753871379, -18.85082128624753, 103.9929348995233;
  -5.219740827638334, 0.3839592403897118, 35.87074449231805;
  -14.45498535243428, -18.56387702824772, 98.73387366007998;
  -16.02032073715817, -17.19009865935809, 109.4191678690001;
  -16.70108021073036, -19.14286580302806, 114.3754026817251;
  -15.11282203053382, -17.92233171674685, 105.1810825771844;
  -15.21228002499192, -19.2366631569642, 106.1122480608556;
  -12.38033969112313, -12.22027636344688, 87.15597673211342;
  -4.570205157543571, 1.296421479027179, 32.83903418209354;
  -6.273356141913553, 0.2120742706821166, 45.51510153634536;
  -12.38515177653659, -13.14202578655522, 88.81114273110522;
  -15.6234243472223, -13.92203866309096, 112.2332384585733;
  -4.666644718505605, 1.857569368518516, 34.30894249332581;
  -4.463317588441867, 1.365445622455316, 33.06780929827961;
  -17.1876260588447, -21.49763612457302, 124.4786430579737;
  -7.449415615636937, 0.03201554176092539, 54.72921815344242;
  -5.222478007298712, 1.088357263780955, 39.18392894298346;
  -18.0144455947743, -14.87083304235073, 132.7583411674721;
  -14.33469409762475, -15.00471008199568, 106.5001094819689;
  -9.437745238520281, -9.172425265803593, 70.74961192501986;
  -14.777030266576, -13.429611751406, 111.10556314439;
  -4.858825493317105, 1.81061407559223, 37.61345055857844;
  -5.317456926508694, 1.829017879479475, 41.11851433868276;
  -4.466051232807487, 1.322604590223127, 34.63457338452514;
  -15.72192317023806, -19.23772259082888, 120.4786363006998;
  -18.05559700319521, -20.65408097913272, 139.7982269214878;
  -12.21451732090628, -12.45792730020246, 95.46317198945873;
  -17.33859400793581, -15.49474030292695, 135.4542018554407;
  -17.97289612564991, -17.14467366192245, 141.9424436493198;
  -2.678169888414548, 2.981058127369793, 21.99724994948602;
  -6.410260787460265, 0.8796439127179974, 51.64085752773781;
  -4.624682316931227, 1.191414367629673, 37.67143011883893;
  -14.63581987927447, -13.94725457799467, 119.7743418595772;
  -5.660695260785787, 0.1452573845916708, 47.18415999306527;
