m=[-12.75360447001227, -3.413727192473638, 16.42347599573436;
  -12.81056511031331, -1.367570426391511, 16.4945415892657;
  -12.7531392904919, 0.03018151111179212, 16.4859428688095;
  -12.96770282524405, -3.120513963549842, 16.75770715454264;
  -12.90178166461681, -3.766461473855724, 16.7073182284661;
  -12.91872851639404, -1.233365712304069, 16.73037516486775;
  -12.73509039737055, -2.400289596654611, 16.5209096197531;
  -12.7663655912232, -1.33250527588164, 16.56211811662065;
  -12.8319559839835, -3.252338678741171, 16.674800248245;
  -12.87560217522081, -0.6833808464336652, 16.74018277897898;
  -13.06302232744122, -3.64258274977516, 17.00270737947656;
  -13.01900794952225, -2.384127070677447, 16.96019275749505;
  -12.88558623326092, -1.110621256283538, 16.80578881653097;
  -12.77947946675282, -2.272156764275929, 16.6778678523688;
  -12.86537326292392, -3.397016776792106, 16.7926255011895;
  -12.83337178097158, -1.208601611187718, 16.76557313090618;
  -6.985380980353275, 0.8045894123445651, 9.589166918502862;
  -13.10605870368805, 0.01909867992622303, 17.14018586644067;
  -12.92761846097163, -2.188362268565953, 16.96206497401748;
  -12.8733090151314, -2.74176822911318, 16.90064022405077;
  -13.05489008040775, -3.89807747273762, 17.13533383923818;
  -12.77836543919036, -2.853307492533085, 16.80663442093598;
  -12.93744578009349, -3.342144187852038, 17.01340401730029;
  -12.94289903284665, -1.818750153107573, 17.02984527163167;
  -12.97463039137357, -3.627246959403263, 17.08180252767343;
  -12.88589359847614, -0.8650110049237733, 17.00465617314974;
  -12.97305219376468, -2.056829705400085, 17.16086116995516;
  -12.84066575817048, -3.211396692333556, 17.00033006105226;
  -12.82810563261342, -2.19632339708941, 17.01742751889961;
  -12.71172347246352, -2.674313388065377, 16.87357126270988;
  -12.92685486104926, -2.987080333339325, 17.14615861299984;
  -12.86936524062456, -2.615109869982574, 17.10988331477834;
  -12.84527146828887, -0.2665469730460167, 17.09610963855994;
  -12.79590997538869, -0.9877166799491677, 17.04122917479423;
  -12.96349966322934, -0.3696206971909439, 17.25674901526295;
  -13.05112951626692, -3.142181206641795, 17.37428844896597;
  -6.840618563603091, 0.8106222714682099, 9.57608402228718;
  -12.66080053398486, -0.8410536759782712, 16.89071017505964;
  -12.89263352873769, -0.7604937594505046, 17.21027784527826;
  -12.86715754661532, -2.807223472667184, 17.18451573251513;
  -12.99207891117187, -3.634402293437944, 17.355071090507;
  -12.8729813097806, -1.612502366730958, 17.21110550095045;
  -12.91617223252909, -3.239220763788759, 17.26795128923236;
  -12.85517627360329, -1.48192424429271, 17.2261522257629;
  -12.90038576832303, -0.6527115527205332, 17.28695350165916;
  -12.74684476615713, -0.2434294087383937, 17.10021414687511;
  -6.162463221120215, 1.176638025757897, 8.774969107172719;
  -13.01136182658306, -2.112323405611767, 17.45660946051934;
  -12.84543832080711, -1.841333348291652, 17.25843822909563;
  -12.78728320614339, -2.668062658699724, 17.20189271853071;
  -12.91167608819548, -3.112112792831816, 17.36061780994199;
  -12.80585834990547, -1.926207507979491, 17.22952012401914;
  -12.80748982466339, -1.350330397566764, 17.2477742297411;
  -12.96237632354024, -1.736076975703756, 17.44960241000815;
  -6.118439512592874, 1.127642432253574, 8.756895824540601;
  -12.81381662495977, -3.292262352285778, 17.31456883759663;
  -12.90482950571453, -1.457561447793585, 17.45112179051653;
  -12.9680647965071, -3.554274052936998, 17.53449437817687;
  -6.184293562102031, 1.045167136809621, 8.882007987063227;
  -12.90930015107228, -1.069448642283479, 17.4942800756566;
  -12.80396789835578, -1.675556699935211, 17.37708995382359;
  -12.79108340114842, -2.853616120315125, 17.36404728221976;
  -12.95622859248608, -2.580103872516264, 17.61425127710637;
  -13.0279241495131, -2.318030886493564, 17.71301758396453;
  -12.76273554269219, -1.362640916195768, 17.38202316786203;
  -12.87984868100127, -1.601454860611313, 17.54734726703675;
  -6.16512052602787, 1.187230262842724, 8.912177586102985;
  -12.98683342446643, -2.022875629967877, 17.69881676749754;
  -12.83751746582499, 0.07912448877087906, 17.52776449904302;
  -12.92962256573541, -1.169891085933011, 17.64922936160225;
  -13.05859537435302, -0.08816528992446125, 17.8172202686865;
  -12.90191718527835, -0.2616151271683564, 17.62467703709685;
  -12.92225941459873, -0.5353303853554268, 17.66253111948681;
  -12.90441748747317, -1.247252816073319, 17.66155826460198;
  -12.84519154313191, -2.073330401007858, 17.60900973932598;
  -13.02726708955517, 0.4160240651577861, 17.85602248154622;
  -12.83703809720206, -1.741504889325835, 17.60992338909365;
  -12.84243514269672, -0.815765316526429, 17.61800580234033;
  -12.81195218735231, -2.24058871988529, 17.5831606571502;
  -12.88114340344221, -1.062675719675551, 17.67537469001421;
  -12.80943967083759, -1.541183544640702, 17.6007637526217;
  -12.92175266982223, -2.537140298795821, 17.76880011965198;
  -12.95370272647826, -2.373176126936496, 17.83056996877277;
  -13.05651228752072, -0.9994420175161446, 17.96649927432075;
  -12.82705253817774, -1.886310536485107, 17.67163255143658;
  -12.98738365471623, -0.2919040611524089, 17.89199529789677;
  -12.82538247204393, -0.3745423961134302, 17.68219764434599;
  -12.85305663543666, -2.721944887848832, 17.73512616186157;
  -12.75429733946943, -1.348992361323934, 17.65405176650194;
  -12.71552607240424, -2.848398069283308, 17.60963916450879;
  -12.80889111295209, -0.721014323471204, 17.74171589907215;
  -12.90095214077476, -0.5537115094082624, 17.87227634315687;
  -12.87719988817889, -0.2143590322985778, 17.84505118137333;
  -12.93497206808228, -2.17709135192904, 17.92551605031888;
  -12.77416940878487, -1.965559161990122, 17.71777501683348;
  -12.7781819531528, -0.1252044197175223, 17.75169859780774;
  -12.79224546652708, -1.849900362229857, 17.79641194175311;
  -12.92668391294822, -2.985769323181386, 17.99259437323392;
  -12.98856912991349, -3.725550238193003, 18.09058118147375;
  -12.82063669999406, -1.912674401318762, 17.90712744721301;
  -12.82532614367043, -1.728381272149171, 17.9317257281268;
  -13.3360682138774, -0.1554229348408409, 18.68455424298257;
  -12.6118929451718, 0.1233183859075334, 17.73417888476574;
  -12.98325243442845, -2.425337810342828, 18.26722004437066;
  -6.433051641407659, 1.249933558002993, 9.586175274125077;
  -13.0177744870471, 0.02507645000368554, 18.39031323881463;
  -13.52167850952659, -2.052895154770663, 19.16229306859191;
  -12.97551387236344, -2.427569885260185, 18.45728303085793;
  -12.88431539102706, -2.239798148154187, 18.36525976210713;
  -13.01485391307137, -0.1945831930999061, 18.54822943356496;
  -13.02424875374512, -2.070049290758543, 18.56707523955411;
  -12.89534004179996, -1.211302073211807, 18.41948445451377;
  -12.91305922273647, -1.695986187746505, 18.44964270045378;
  -12.87822629486005, -1.849176353301747, 18.43499927802374;
  -12.83231035523705, 0.02488702886268702, 18.41276968755165;
  -13.48638097102525, -3.733219821552101, 19.33399039049518;
  -12.90581009908977, 0.1931378401946007, 18.55079807831446;
  -12.9013151281444, 0.3522207764579889, 18.56631087814348;
  -13.06241463534624, -1.054045815114736, 18.80148754186204;
  -12.85013665760535, -1.917774359481543, 18.54873635588433;
  -13.26188558708792, -3.727530053865723, 19.13166418332641;
  -13.31149505485396, -3.491028767886552, 19.20708401748413;
  -13.04251352840167, -3.098117095119302, 18.9005987002988;
  -12.90975565690386, 0.324803567584154, 18.75039546743831;
  -6.94884480717642, 1.734911424486906, 10.56119791699835;
  -6.760990562852392, 1.935205342446154, 10.31641742681176;
  -13.13750502822523, -3.875575939398565, 19.17487291864911;
  -12.78850807183687, -2.96883735348716, 18.7067529249665;
  -13.14855996820921, -3.286846054288081, 19.22622245817552;
  -13.13080957537742, -2.855818070644142, 19.21248912193042;
  -6.94475401698259, 0.3586642599319104, 10.62084687570013;
