m=[-6.345580963682111, -0.9096092753632404, 8.525580393161063;
  -6.350196104702013, -1.530593425628282, 8.538266204858108;
  -6.353035404058452, -0.6698187498379246, 8.555596906408789;
  -6.306272488809893, -1.620274747628483, 8.521301054320617;
  -6.317190284441336, -0.7135075293246238, 8.542697676000755;
  -6.394849495970656, -1.752693867020755, 8.646660415098065;
  -6.340858744542101, -1.517120530207328, 8.601982219521352;
  -6.340033548755854, -0.8296713780261854, 8.604468096263933;
  -6.328130647011901, -0.4133236225869749, 8.594298480849417;
  -6.385543420451804, -1.424577502163534, 8.668450857371269;
  -6.330327230729342, -0.6758710049773922, 8.621497657505689;
  -6.34926684785259, -0.7894552573284843, 8.650162981704531;
  -6.375854672695821, -0.9931259311692527, 8.689191575803449;
  -6.373812959898211, -0.5767118821356794, 8.700399896847113;
  -6.34641898604788, -0.26291307212033, 8.674475510972663;
  -6.32113886844941, -0.3380654434869117, 8.6533440307419;
  -6.359005126383276, -1.638675981927832, 8.70780283435464;
  -6.315187138441982, -0.8567341777229306, 8.663210380281727;
  -6.31414741098321, -0.4010814463209077, 8.662117774976368;
  -6.361034200031243, -0.5247761308668147, 8.728546789681849;
  -6.337706322286234, -0.7625289587732763, 8.708302203570392;
  -6.360469949094587, -1.248855711718997, 8.746330477014894;
  -6.342745187840057, -0.4855206281377787, 8.727976070872209;
  -6.354901835899661, -0.9345341227618484, 8.755050297815535;
  -6.321032240814107, -0.6685608765096626, 8.749351487339725;
  -6.298693755424639, -0.3545543776406667, 8.724380132407003;
  -6.352154331141138, -0.2726357655086351, 8.799928589899983;
  -6.379050173302551, -1.073660993832931, 8.840202024825659;
  -6.338333117794237, -0.975278183085484, 8.791269049993407;
  -6.368394225527774, -0.920940331816875, 8.859630417625409;
  -6.370243983756839, -1.471381152039324, 8.86671452865513;
  -3.406218400875831, 0.3992871747916971, 5.231105020251542;
  -6.364191750286456, -0.9993258329826437, 8.924906055629021;
  -6.357395477647293, -1.187593918019607, 8.944749606139997;
  -3.47318410603257, 0.19685031610601, 5.359196211067896;
  -6.443783317693792, -0.9783113495832373, 9.131829625823213;
  -6.37410544939482, -1.192522052431458, 9.066975651622869;
  -6.335683502875513, -1.101389693309923, 9.030861925488026;
  -6.381625440750074, -1.014283393022016, 9.097501280063316;
  -6.411008050803967, -0.6022072561207534, 9.15737489254013;
  -6.344479171904716, -0.9109997440706683, 9.082032437974887;
  -6.34780251162931, -1.037373664458539, 9.096014279695405;
  -6.605291112009685, -1.828437425833883, 9.469303526304735;
  -6.450756840632609, -0.5205311148057372, 9.284946754526333;
  -6.321972543352743, -0.9435010045447688, 9.12555290891685;
  -6.347877708101835, -0.8397815882975208, 9.163202748212695;
  -6.538750331503238, -1.71483108540703, 9.434727389297949;
  -6.554633612874209, -1.842316737210825, 9.455748076151881;
  -6.402870061860403, -1.520936984522205, 9.278738895370829;
  -6.35843616520463, -1.327101744029605, 9.235055540697324;
  -6.334848535557647, -1.470627758562741, 9.266479381808098;
  -6.450439540005339, -1.902885534664341, 9.414752510716321;
  -6.343965633382447, -1.244021473378308, 9.30703848375229;
  -6.461997295585999, -2.042546721866171, 9.463161938704024;
  -6.384123518295078, -1.160273995360543, 9.386830602431468;
  -6.335756633952273, -0.9358653208406058, 9.330694960526651;
  -6.468736605652547, -0.4372436467680849, 9.509011491351957;
  -6.429794562644037, -1.336967136300186, 9.459044956436449;
  -6.416092970798713, -1.280180302255026, 9.476309488565761;
  -6.35317389105045, -1.355876265416974, 9.393670456391901;
  -6.449748935107373, -1.668959932034472, 9.5248904273489;
  -6.348549152815187, -1.188725630775548, 9.396806286396588;
  -6.333772889190649, -1.827189813675809, 9.389510425527533;
  -3.261071261396954, 0.4376662677975606, 5.313445422640421;
  -6.379743378050739, -1.403880427693989, 9.452057195460982;
  -6.412321958942128, -1.322521772862509, 9.520048856833823;
  -6.339887489093792, -1.209928736140232, 9.443119721483374;
  -3.252967247012127, 0.4189929589327842, 5.330661092542921;
  -3.252267048222008, 0.4870059303805168, 5.344391193474015;
  -6.382971088777683, -1.154599615544202, 9.541616996725754;
  -6.385137022355496, -1.336170464306764, 9.580382434965637;
  -6.35639058324964, -1.083914689824172, 9.565535576952776;
  -3.228907415851833, 0.6648855753597641, 5.352275541743731;
  -3.230094085821579, 0.5667060431665887, 5.360853632615259;
  -6.352874508845569, -1.365137297299475, 9.608530576323791;
  -6.329711809348448, -1.404612123863243, 9.580108778880462;
  -6.353945320934655, -1.080035343875368, 9.647020744464397;
  -6.327402958996574, -0.9781322071041962, 9.621606414304189;
  -6.361168752230509, -1.299970928315935, 9.776483198357509;
  -6.376987745470352, -1.35463714692635, 9.801477770591585;
  -6.372965786031649, -1.003257699951303, 9.798775150135793;
  -6.325778399813165, -0.9394679226733731, 9.757943091131393;
  -6.390798533504471, -1.084144992242421, 9.855329702641322;
  -6.373629632682495, -0.8122940227797557, 9.929073868262847;
  -6.461022534460722, -0.3811184623137969, 10.08733556181964;
  -6.504274148829302, -0.4617761660105899, 10.15484911275848;
  -6.465158728091152, -0.4246284405611837, 10.14655235981814;
  -6.42301386025246, -1.165499609266463, 10.09210477209281;
  -6.375133144293051, -0.06076608587502477, 10.15951420193704;
  -3.392485719584378, 0.3693627595993541, 5.994800597040492;
  -4.553616329378011, -0.0715483314840611, 7.895745918342776;
  -3.404711442621073, 0.8027965424959549, 6.497812758995318;
  -3.653575952310853, 0.1540925352310846, 6.919721678646638;
  -3.363483998767266, 0.7147057663998174, 6.500115096228545;
  -3.367361414209853, 0.772717682309233, 6.507744292491491;
  -3.327243470900418, 0.8041046131322596, 6.484667502453697;
  -4.109858821867006, -0.8255273560165629, 7.788718381981318;
  -3.312254517574496, 0.7018212750959808, 6.500425569345045;
  -3.291404436634323, 0.7743706853423475, 6.518347025271196;
  -3.264374010224056, 0.8719302290968087, 6.493558630534425;
  -3.25358024837698, 0.6852684333596769, 6.500775762264643;
  -3.237046572537651, 0.8290686640899774, 6.505226191442352;
  -3.234869993243507, 0.7244696705960867, 6.508928724081797;
  -3.196577344273306, 0.7891106140440579, 6.501680189972502;
  -3.171297890590786, 0.6876041119217174, 6.490031563198634;
  -6.306702635387393, -0.04323832579048479, 12.32423294403929;
  -6.352243768609809, -0.146937240189636, 12.43495456467743;
  -2.993581066955544, 0.741027626089506, 6.432061217593954;
  -12.18057808169871, -3.689629246050668, 23.15210680565043;
  -4.321315519031558, -0.7077134553213026, 9.138277676073408;
  -2.895451076884261, 0.5156316626706543, 6.621643491514584;
  -2.847279000628829, 0.4617767801291941, 6.659265588398902;
  -2.760017027529645, 0.5309825043071372, 6.509377646729364;
  -14.09629538332611, -0.1906609232206654, 29.62150174776745;
  -2.797295997854193, 0.4904644127529506, 6.686118722368921;
  -2.811777052452368, 0.5379639325521648, 6.72851755984439;
  -13.10217364574679, -1.049173308814119, 27.86466964355352;
  -4.09546942222303, -1.380766143006458, 9.438032205389451;
  -6.593986218698555, 0.2299745121940606, 14.83604322414963;
  -2.750113446700681, 0.5074354466733539, 6.780467359805144;
  -6.544774421090383, -1.071119250394288, 14.91797221514739;
  -2.703614454400851, 0.4613517150575333, 6.753574036662819;
  -6.381907805727268, 0.1979552468549286, 14.63384907875614;
  -3.618389635298624, 0.3577635392640943, 8.798649967120632;
  -6.36870755024002, 0.2887485559641282, 14.80588547646925;
  -6.359626441012889, -0.5368044152469964, 14.90564524549941;
  -6.293342535994289, -0.3365564731862612, 14.76489993829884;
  -6.503408975428841, -0.1670548882182165, 15.23358958168089;
  -6.311277846886194, -0.2342175573188085, 14.88309984938252;
  -6.400966556190232, -0.01110417039882906, 15.14557018651869;
