m=[-9.66596070964725, -2.320041799812366, 12.77369820611326;
  -10.29504167645185, -0.6684059753107935, 14.53784068641876;
  -10.0225439422326, -0.1408119024937016, 14.28373813039634;
  -10.21445226201574, -2.59980060742796, 14.6291563431164;
  -10.10218748907263, 1.267528654107883, 14.59848176223456;
  -10.00272505707507, -2.689553880785062, 14.65139804046021;
  -10.17215439562411, -2.33199117086335, 15.16237271186522;
  -10.14139778811095, 0.1879697835965098, 15.17232672714701;
  -10.07473443427222, 1.322119151762965, 15.66092112236064;
  -10.0366965903384, 0.4189692063078901, 15.67384089546104;
  -10.02831956812179, 1.175726138075252, 15.75840742784733;
  -10.43368952408249, -2.729202589094766, 17.07368480088759;
  -10.23782598154496, -2.520466264006478, 17.65988802453426;
  -10.53023158695313, 1.532085346919083, 18.40332633443555;
  -10.16058102192183, 2.712034737597618, 18.189953937627;
  -7.782586448649929, 3.00556975761771, 14.3524671424393;
  -10.08547566148773, 1.546828103577453, 18.33362727315121;
  -10.19712512324278, 2.834805542014085, 18.65675337363405;
  -9.913152112156528, 1.902963769121439, 18.30233292345642;
  -10.5722757338382, -1.801426420789912, 19.9335749788601;
  -9.317078028604319, 2.868091981505134, 17.8485891905362;
  -10.01746136677517, 2.042645546494373, 19.26593735726933;
  -10.08644945659913, 1.277523245654859, 19.91822640722888;
  -6.400197509494689, 3.098910699529083, 13.00027736711471;
  -10.75559530779609, -2.913817554355359, 21.16137333706018;
  -10.26832904897923, 0.4171204405761401, 20.4140152767651;
  -10.44807785975771, -0.9945041791570555, 21.16828242099094;
  -10.32722537217814, -3.081752210806991, 21.08488524843006;
  -10.27097215035607, -2.138901097339266, 21.04100309038418;
  -10.35304399974722, -3.189470031155782, 21.24461068165381;
  -10.3373101946464, -2.522094854566674, 21.25439022916384;
  -10.21425971659196, -2.899433627847712, 21.04530649158449;
  -10.21447840318152, -2.726348258432969, 21.57322798167634;
  -10.04079849107314, -3.100968274460364, 21.28354412047434;
  -10.16294370092277, -2.218711438493256, 22.01412312018547;
  -9.786973547733933, -3.101512569243119, 21.53861513605601;
  -9.47617939581048, -2.910308304321418, 22.29418795132397;
  -9.965506057227893, -3.877767365148981, 23.42333001366672;
  -9.759301398868947, -3.657541699562088, 23.08975252768175;
  -9.790700734079199, -3.974120898875918, 23.41394749676503;
  -10.45262277548968, -4.503621869266927, 24.98504843597218;
  -5.559584309785034, 3.211948519049551, 14.17775311031462;
  -5.497890605829733, 3.111483039132898, 14.31251513752774;
  -5.57169172062672, 3.031435828304572, 14.61453449562155;
  -5.51192864758236, 3.010700902312945, 16.45026792013543;
  -5.810053318306513, 2.962459761878013, 17.34763459838495;
  -5.753719588612264, 3.242895090196721, 17.197664121098;
  -5.738772606294397, 3.037024017342945, 17.18342668104428;
  -5.449823204588811, 3.0881930729697, 17.10174237105381;
  -14.24880051602634, -17.81723831158924, 74.45916061859133;
  -14.77964594880922, -19.39262594896619, 77.50516287863145;
  -13.46940081213413, -16.85053385582152, 73.28698525238617;
  -13.03590754201599, -13.79700625366943, 72.80426401753975;
  -12.51449316290757, -15.68591182453453, 70.75507529924168;
  -9.188413900200597, -10.81923097524125, 54.35875916892042;
  -12.77808055163529, -17.74324736075235, 77.61399417237027;
  -11.97605859355552, -14.30984679078981, 72.82749305431707;
  -11.27449010975892, -13.98966852414471, 69.77079130383974;
  -11.44753380097854, -12.49720650857745, 71.75084404392003;
  -15.37416219209732, -21.92264101700673, 98.1484979666043;
  -9.440275781898739, -11.11946095466869, 60.77316645071954;
  -10.40270789100499, -11.27578266446781, 67.81134842078744;
  -10.46549525913311, -15.23603254651441, 68.45736681902876;
  -8.325001268029336, -8.433314388074741, 55.54630750918087;
  -9.684215258090907, -10.88292864637191, 66.12363185081171;
  -11.46935339006317, -16.25014306778816, 81.27714885829006;
  -11.54911568435105, -16.97983925593334, 82.44876495030501;
  -14.7656405247127, -13.07680986144323, 106.6658268235676;
  -9.67367284870293, -10.70268960508111, 70.50764577846955;
  -12.28377772896014, -16.49571012146391, 90.25952892149049;
  -11.70478186418738, -16.61789258642883, 87.64786091301149;
  -14.05398182092059, -16.69249777949161, 105.3784871314256;
  -7.614157418807233, -9.587395984692469, 58.45193523397085;
  -11.93335951209358, -15.67373385508804, 91.25590841675786;
  -11.89482161950896, -16.65498442107997, 91.17953996741254;
  -8.386284014243769, -9.167167063573938, 64.74243515499238;
  -10.18990856538945, -12.01991888064816, 80.41353384591241;
  -10.61918104577355, -14.76922584503913, 84.97677457156972;
  -12.21149725146718, -16.77978869684218, 100.2440189414528;
  -11.77734307719105, -13.74379271667717, 96.77212148829943;
  -17.40471350880098, -18.81429109498673, 143.5028900123245;
  -11.1601897367944, -15.27263947938015, 95.02717577769811;
  -10.84818141459891, -10.83219142302117, 94.21006274876355;
  -9.199900539078266, -10.50928302000526, 79.83590513725004;
  -4.05685914655148, -5.201015238818105, 35.00160433472743;
  -7.663603382071096, -8.212203003881434, 70.08551055192888;
  -7.281753515882784, -8.620899468942193, 66.3304697278821;
  -8.900260095504251, -9.396525140850137, 82.46437696490266;
  -13.41257812244414, -14.16618532607187, 126.5792923331184;
  4.487500717582551, 1.872802090276802, -44.57092435543878;
  -12.7039242884397, -8.657038381112356, 128.6619954933705;
  -21.78680551904587, -18.12224947309891, 221.3390667792664;
  -13.84096833176879, -12.41951081376196, 142.2910240561895;
  -18.40689961808373, -12.15590886593296, 191.0095373541958;
  -21.12235163660298, -16.47537974014863, 226.1673929680899;
  -9.786114176362947, -7.088779541211448, 108.0530833192781;
  -9.096025023937829, -10.89410628638902, 102.7685781766504;
  -10.14214100488402, -8.503978465575464, 116.1494564743308;
  -6.90581418417742, -9.230757413787911, 86.50638812712705;
  -5.018025744695551, -3.429537836647593, 66.13585877852498;
  -4.595773772282468, -6.855347590704488, 60.72824645179329;
  -12.8077159059867, -6.382640394552352, 168.9620169710657;
  -17.56313281509479, -22.5394979076527, 235.2200908252341;
  -7.203199803726722, -2.98460892728386, 101.3374625040402;
  1.747751637723747, 0.1044163674502593, -24.34489613185147;
  -14.32937091835311, -19.86000912496657, 200.9819546534376;
  -6.547566786769663, -0.4170339689101881, 93.01964672254138;
  -13.19057676589732, -13.41943688249545, 196.8706323691604;
  -3.631969453440305, 0.01800562256879068, 58.08819753104765;
  -12.0902550836711, -16.76090900313484, 195.3199275188175;
  -12.329694141383, -13.15768994991948, 199.4573141969352;
  -10.05108749657694, -12.75420319811954, 169.1301047658711;
  -1.839596591700983, -0.054765100477991, 32.98181935460627;
  -6.856212739702735, -6.901620299792821, 121.9817073736283;
  -2.865676586165113, 0.7533625030808627, 56.14492560669408;
  -5.531368982610298, -3.609529836962113, 109.3624775089753;
  -4.931166952289942, -4.225459861833089, 104.1430716226519;
  -9.150503899163311, -11.61255741216652, 193.9723983215081;
  0.4357812964858667, 0.2071927959261731, -9.143265982231148;
  -32.67676940225723, -75.64955391807558, 719.0389283862056;
  -8.038338615349906, -15.98643804883088, 180.0539326834139;
  -7.277434360577485, -12.6854906006809, 164.7073105714286;
  -9.26109880420031, -12.86379359205624, 211.9743357448521;
  -6.937337772528334, -15.15737990057706, 159.8245382943765;
  -1.56523606079738, -2.235143361869466, 39.27709173204881;
  -6.250180633725244, -12.9437995111896, 165.1759704766576;
  -5.973537872747142, -11.96127858038429, 164.4002496208771;
  -6.467234874174852, -11.222858986761, 182.9965631477951;
  -6.496447497291334, -17.94452152663258, 185.2590023859233;
  -4.386085643600987, -5.990029502921531, 129.9864200623235;
  -6.06067354403205, -17.33608987299691, 186.7664564186441;
  2.07641264440776, 0.03538671996030246, -65.91159308664172;
