m=[-4.976130710250637, 0.605556098890929, 6.965247130892434;
  -4.863776947543124, -0.4424656508061831, 6.980381661689784;
  -5.01244988111592, 0.5924685132116985, 7.544728514296416;
  -5.003587397084429, -1.331447760692126, 7.502881273803609;
  -4.998128466892102, 0.6559102289158327, 7.769464911466621;
  -4.972462753861298, 0.2075691692609563, 7.765263138237432;
  -4.951578615345112, 0.580526015674834, 7.780864251640374;
  -5.06253377143505, -1.246353044513262, 8.732691851290333;
  -5.110754290119027, 0.01044564869001937, 9.0418817135834;
  -3.819918793684191, 1.475220670994844, 7.044606485887402;
  -5.025146036803085, 1.341298355271934, 8.996254716347682;
  -5.0050599135645, 0.7676353197652225, 9.098321786197845;
  -4.913075968147885, -0.09252810839111059, 8.961054219468428;
  -5.008674511464168, 1.392413851123563, 9.163916688263353;
  -4.999003052797308, 0.7895501137039351, 9.280161178358544;
  -4.779325791262355, 1.471227989809334, 9.155684045371739;
  -5.052450289233555, 0.5729039230238691, 9.667981851368202;
  -4.965882483767315, 1.012585661026327, 9.550561499856435;
  -5.00507895609978, 0.6339301793231155, 9.88378480084762;
  -5.281251123010589, -1.430753183883084, 10.39073370674223;
  -5.039423120329577, 0.2047116314811146, 10.01865640200905;
  -5.136647040255855, -0.4889336600433442, 10.40708125500174;
  -5.10049885295779, -1.522042276589338, 10.41358439935758;
  -5.08111252364715, -1.058127409308223, 10.40911247227392;
  -5.106971766163019, -1.573308622906787, 10.4795871568768;
  -5.089051391340091, -1.241625731166642, 10.46352311492297;
  -5.028792176670219, -0.1104059023451468, 10.38448060748748;
  -5.031715413713033, 0.8082221035873454, 10.42685163838625;
  -5.043063785906203, -1.431530931652887, 10.39065247759514;
  -5.095934341412515, -0.03084488641245215, 10.53413925726145;
  -5.047710487135419, 1.118985814678533, 10.6109604783902;
  -5.227123734203184, -1.043852126369284, 10.9299600568876;
  -5.072599810602918, 0.1595793583678578, 10.68645937097674;
  -5.0482661679263, -1.347433626248117, 10.66206150271326;
  -4.99828977507251, -1.543655918684105, 10.59490647574003;
  -5.053460660854391, -0.319480778957295, 10.79101043067605;
  -5.040588260797268, 0.001764034496561932, 10.77470989728298;
  -5.1170715750225, 0.4422774709246609, 11.10700049377977;
  -5.038268668112345, -1.596637972419198, 11.08793533212801;
  -4.938675148745697, 1.2907669668805, 11.01132209133026;
  -5.054824781239819, -0.006384820336199154, 11.27501832401269;
  -5.022339604269665, 0.05859587970377463, 11.41649066062364;
  -5.058922921626799, 0.6551013604484588, 11.62126203334752;
  -5.079078297811349, -0.008951270425727995, 11.65504492732305;
  -4.996887968974158, -1.555450743603795, 11.43775536157447;
  -5.005783665999045, -1.342731026625668, 11.54772336748236;
  -4.849130503139809, 0.2108778500163917, 11.31139983453477;
  -5.027714328286828, -0.08646938173007354, 11.74031513711926;
  -4.989736924283554, -1.790729205285238, 11.70030439314341;
  -4.967078231107459, -1.93278432165123, 11.67482232641318;
  -4.95571511432119, -1.521990904629406, 11.65909166311685;
  -5.01014465764801, -1.877676716522923, 11.85361487927675;
  -5.082503947776974, 0.4538687710123848, 12.25358548035006;
  -2.874757194373318, 1.492301727098458, 7.409632500313617;
  -5.032049087875095, -1.964154124327052, 12.1796333579393;
  -2.735495785100884, 1.548129882747348, 7.121244790026334;
  -5.288903820116601, -2.295724294206601, 12.87895070336596;
  -2.727663806731434, 1.532175269609107, 7.164888945015156;
  -2.761286818295063, 1.502355875544247, 7.24284893740299;
  -5.22129294109569, -1.96378856185583, 12.82404372794131;
  -4.925813563458695, -2.015720763948746, 12.15467464425027;
  -4.926798907767469, -0.7732148811767204, 12.34303423339669;
  -4.049069345239291, 1.392935010791605, 10.39115117629684;
  -5.030031120338893, -2.04084924864631, 12.72664856790509;
  -5.066407089743366, -1.984074555877067, 12.91378918107361;
  -4.961181608291892, -2.067403467429255, 12.7258890398981;
  -4.405392216925208, 1.271138181592894, 11.57608979139433;
  -4.960710713364994, -1.045113682284162, 13.21472192651473;
  -5.024256160031017, -1.12427135902026, 13.52276938158069;
  -2.842724542094635, 1.449462958201062, 8.487795880415927;
  -4.944376917136141, -1.134884520328188, 14.01524758665768;
  -5.02058404786249, -1.450009349399664, 14.27283788931574;
  -5.029525457688422, -1.494692558185304, 14.50632910450436;
  -2.690423293613369, 1.524553415181843, 8.442645625222516;
  -5.31155847457473, -3.448252098077977, 15.71462901248035;
  -2.780836613838987, 1.464984263373197, 8.991596525736155;
  -2.651838391921364, 1.495923259126586, 8.792016847977404;
  -5.088250692681571, -3.119291211910059, 15.94972745757141;
  -2.815246180319322, 1.374826995627673, 10.7496302405157;
  -2.713131300873427, 1.477156270383613, 10.88196852447885;
  -5.162890781826206, -4.536874478004051, 20.17183172906235;
  -5.249956843324108, -4.557494024205934, 23.56097987971244;
  -5.046460240100281, -1.654970905227186, 23.30555666217225;
  -5.129846899596423, -4.582197933279613, 23.64178475739346;
  -5.073840946566644, -4.664424059527463, 24.56897828673267;
  -6.678781630236322, -6.802015325789443, 34.66141016918922;
  -7.238808683012428, -9.051679771372234, 37.82743802255077;
  -5.592924390094769, -4.992566559623508, 29.91328159363516;
  -6.097135920001461, -6.453115914377163, 34.05190561837654;
  -6.017655182933005, -7.54264734186083, 34.02292366544172;
  -6.181475661201229, -7.600402974333391, 35.78765587318515;
  -5.291305162138571, -5.517374932683332, 30.78234715242222;
  -4.526703671716065, -5.330131305872011, 26.78002943625661;
  -4.72310660788629, -5.476139070203245, 28.35084633369204;
  -7.154594792492554, -9.934648999602681, 43.45697120050811;
  -5.458320466575901, -6.946168413104607, 33.44890058388933;
  -5.243322446458387, -6.506045264758209, 32.44765418117954;
  -1.849006030801771, 1.133229059916213, 12.15208120443077;
  -4.956979846797167, -4.111702207790686, 31.8426515159523;
  -5.156094536020098, -5.588833407105878, 33.61064510663663;
  -6.304783414750732, -9.178723311926985, 41.24113195325944;
  -5.26989508208099, -5.338459489493658, 35.16194212420619;
  -1.814198206953482, 1.301907021794128, 12.92241545778468;
  -4.718952696079906, -4.868141889957723, 32.05507740729645;
  -5.706838247394423, -7.782570633819274, 39.04610890628448;
  -4.936657568479893, -4.905753955799688, 34.44160935829256;
  -5.943177353063545, -7.359440826471082, 41.93991912983057;
  -5.505629736519974, -7.800550550149685, 39.01544162388893;
  -5.46662467841042, -8.037187508451469, 39.02605753551453;
  -4.642370157997542, -5.136192593033684, 33.83643377153452;
  -2.007768082383933, 0.006052733482885233, 15.39188234751605;
  -5.768356940478717, -7.746244361206489, 42.38510266032741;
  -5.006677301898953, -5.946638526326549, 37.54068322786543;
  -5.650677817379823, -8.02256360684884, 42.31346035736914;
  -2.045057820384848, 0.08254337030784967, 16.08547778846853;
  -1.801451365333053, 0.6224652947145763, 14.41467677184355;
  -4.30956435739458, -5.426404754097008, 33.083421165269;
  -5.772690977037066, -7.582074596014031, 44.14449749752983;
  -5.586235255783368, -7.821778596911862, 42.82118530778738;
  -1.960999728392475, 0.01655260083051038, 15.6972647246457;
  -1.595302048108807, 1.495138884543563, 13.20626001286736;
  -5.45345211644753, -6.861359025522836, 42.92956400910891;
  -5.648593237227699, -5.574714156398648, 44.6388510427036;
  -5.316640767551573, -6.271458701854841, 41.9562029987387;
  -5.50262136121543, -7.653081463930092, 44.03305800599485;
  -1.838446865232046, 0.7131950961183975, 15.49244984887114;
  -1.805224338695664, 0.609269081384894, 15.228841338783;
  -5.06577206652232, -4.611807672153421, 41.20825521269578;
  -1.08525523773914, 1.365142591569915, 9.59264247886926;
  -1.687289836820999, 0.3849787273812356, 14.41778845315642;
  -1.13786635641028, 1.440039131779298, 10.14330800584956;
  -5.278159143447504, -6.159447399784707, 43.36959996125913;
