m=[-4.915779221106221, 0.04495865672299991, 6.842003905567835;
  -4.931437822998368, 0.5602403743019874, 7.445342190195963;
  -4.99152419265902, 1.332241903658437, 8.668545085017279;
  -4.971858397101016, 0.7557293150664493, 8.779648308332709;
  -4.957292638259366, 1.378782142918485, 8.812520820318497;
  -4.999364626183056, 0.7785872462870307, 9.029347923062316;
  -5.047399475215811, -1.558529772213325, 9.175938103151928;
  -4.82930326172897, 1.490371307501459, 8.972364173774661;
  -5.190775301024645, -0.9359236036275371, 9.56913799407749;
  -5.015131341156809, 0.2719650827416026, 9.409481112680936;
  -5.070419322474782, 0.01430865279040837, 9.571123066292619;
  -5.082541001911446, 0.4461358864107604, 9.63369241576603;
  -5.033709580015886, 0.6183171849794351, 9.710030450299858;
  -5.038769135731633, 0.1852187283015332, 9.804027839262572;
  -5.175607155333167, -0.8455985306960073, 10.05045883543649;
  -5.118862690736286, -0.5304989120540189, 10.17847407022925;
  -5.036741428026883, -1.57083211827846, 10.10239816408879;
  -4.91992183799886, -0.1400075185138235, 9.977048951777435;
  -5.013516868824185, -1.61554415297695, 10.11309614993211;
  -5.105341537152713, -1.309481442172341, 10.31594210535185;
  -5.094079594156225, -0.06137060603316689, 10.33829204381362;
  -5.063124347250962, -0.2510897889470996, 10.45844630934639;
  -5.246963307154738, -1.109773200057933, 10.80239706020955;
  -5.020553307527776, -1.408954410158965, 10.43597321142049;
  -5.032856027065916, -1.630255432577949, 10.4970787179498;
  -5.084759318713881, -0.039099310469277, 10.68262821060122;
  -5.087637656427397, -0.3640158348763098, 10.68376512968469;
  -5.161151017847253, 0.4205722678581965, 11.02261496776398;
  -5.072687140546044, -1.459387140711901, 10.95926036676347;
  -5.067746304391076, -1.691507009361585, 10.99464864953523;
  -4.941650575090672, 1.297284053882019, 10.83588584388798;
  -5.253794550118265, -1.905018020087411, 11.66423614756049;
  -5.022971376358729, 0.6390694465950423, 11.38622778490667;
  -5.144799817630533, -0.03855259024958647, 11.66370666534113;
  -5.032207597736154, -1.891530801785574, 11.68706518168171;
  -5.119975058322067, -1.667811997755926, 11.91826039539173;
  -5.020717837448825, -2.12855964342171, 11.89600676926601;
  -5.158792324189702, 0.4310126070050848, 12.31707499278823;
  -5.073440115035295, -1.787913192342227, 12.13421252648254;
  -4.955948856434739, -2.02271024136539, 11.92227285106787;
  -5.297850445101956, -2.401655918720214, 12.84308747074775;
  -4.829532648582361, -2.064712301291213, 11.85587711948688;
  -5.178868239613135, 0.007622722178466558, 12.91125577652182;
  -5.093601075001625, -2.161770272985792, 12.81840848103911;
  -4.977057294709138, -2.174834635994272, 12.72495766399455;
  -4.783399075761628, 0.0887918090245674, 12.72144728964884;
  -4.933879859416629, -1.05334054523348, 13.16971071566064;
  -5.029568224103755, -1.19119716090176, 13.52026959021146;
  -4.805359499986365, -1.605617783393371, 13.01805935322903;
  -5.002235484087845, 0.5425333008938506, 13.70151494407923;
  -5.074832768505776, 0.3465795662814027, 13.89487920889748;
  -2.728600449877499, 1.477899112300541, 7.988678112899351;
  -5.097900652619544, -0.4182951496967037, 14.02110253702036;
  -2.808071620155814, 1.456162300639202, 8.192260480833644;
  -4.998490715783646, -1.359741831536692, 13.87419363178961;
  -5.058529564641234, -0.5629258056938934, 14.23726569008309;
  -5.05325651650038, 0.5783482743098096, 14.27955613857867;
  -4.90177036637107, -0.01072519548065593, 13.98915049085011;
  -5.123772314985549, -1.564490871717921, 14.58813062302385;
  -5.175143957831985, -0.7886894340001048, 14.80296733917962;
  -2.663655639243664, 1.545833552535958, 8.178957630441136;
  -5.008125959609888, -0.9201793136179405, 14.44014698945049;
  -5.134762546239151, -0.8463422621296807, 14.785128059601;
  -5.270629341242604, -0.4556871605689568, 15.22709155881691;
  -5.3171348709424, -0.5462915685056076, 15.37158923231753;
  -2.732860556863324, 1.485795762430741, 8.417728011848658;
  -5.111091628864818, -1.603589070823275, 14.78344292011937;
  -5.027113405754862, 0.5207343636828369, 14.68130802212537;
  -4.733120694301841, 0.9826689593826639, 13.98379747068135;
  -5.508387492036547, -0.4459408285034151, 16.26224886788158;
  -4.991760716864235, -1.468140927938852, 14.91637079557251;
  -5.375770736166731, -0.4856175996642452, 16.08561133075416;
  -2.78487673469942, 1.502330512854716, 8.846274900372448;
  -4.963395723440631, 0.8204821440853064, 15.02983774572074;
  -5.293026812174569, -0.8498352472369904, 16.01456000404358;
  -5.26002141785483, -0.3675852862940618, 16.10829903257385;
  -4.965939975118201, -3.404474397953632, 15.1910565565986;
  -4.556030136708476, 1.264335193675323, 14.25041899374064;
  -4.951290798793886, -1.346801290234544, 15.28531384202624;
  -5.089754497470672, -3.272004408745845, 16.11427337419936;
  -2.89295478751256, 1.447263270426661, 10.608422622552;
  -2.73341142107147, 1.467709079523582, 10.4661788048867;
  -2.668862842004393, 1.501169798681437, 10.708695618411;
  -2.71338304818053, 1.431326565919202, 10.87712198138615;
  -3.589596527787644, 0.7887522609866279, 14.34539117176522;
  -3.222178320268118, 0.9406417934829618, 13.52118670982749;
  -3.211143327165476, 0.5528353692384822, 13.48425630306415;
  -2.769429864982403, 1.419327506822129, 12.51328495802765;
  -7.069071843661074, -9.465615882911665, 38.91540896969912;
  -1.781784595324167, 1.370351223198898, 13.22773009779228;
  -5.47495536546517, -8.307518021788471, 51.00126658181633;
  -8.594722400093628, -8.826636189456957, 91.23282734208665;
  -5.296130770677515, -6.577200148059712, 57.795934164322;
  -5.473423237674049, -2.5596590528726, 60.4849332029268;
  -7.66813740038593, -5.272043108430503, 86.45159910135089;
  -7.297631990385656, -5.635162108908592, 82.38100972622799;
  -7.450816139852168, -6.990836938571667, 84.49649745032156;
  -6.552172647405064, -4.90106450136704, 75.99750470958514;
  -8.432249049481236, -6.925758288837979, 104.4556873920369;
  -2.027131149010179, 1.54248561330981, 26.75629603205786;
  -8.41481647495595, -11.59676131543921, 107.8366570610783;
  -8.404613832792382, -8.035792896476361, 108.5575475895941;
  -6.580829911532086, -3.641596233524799, 87.56242777033704;
  -5.353121300180832, -1.517436938728695, 75.42054625721674;
  0.5973389846105303, 0.9336604454031872, -8.612615944702723;
  -6.574613956742049, -9.208376638180262, 95.3439602773328;
  -2.122931368057431, 1.328258386373568, 31.85279257295623;
  -6.549194981007223, -5.186643118108513, 99.00779518330414;
  -4.721757920368321, -2.764293556404201, 71.86923433101919;
  40.42141212902834, 70.54178354391709, -613.3345888765134;
  -4.858486247592335, -7.309515037982673, 75.6444137723863;
  -2.365723113617062, 1.03669473235554, 38.07312492331204;
  -1.51792297114267, -0.7510836315816307, 24.85488679751492;
  -5.96392568010658, -7.573745027128141, 96.18374764351086;
  -6.414501509590893, -10.52129691398585, 105.5329733529426;
  -4.496173684375028, -5.441368467405865, 79.11333953966003;
  -3.425312251041245, -3.489291528111921, 65.5472424137639;
  -4.312942022237617, -4.874595129859674, 83.45742710006468;
  -4.357052845806546, -5.63554885810353, 84.54825060715615;
  -5.335681517251073, -8.964017946112179, 103.5208914370077;
  -4.043812358873286, -6.260669179436246, 82.2082842523179;
  -0.8186970804352243, 1.150883406094425, 18.25845359839482;
  -2.052351502865847, -0.09904975808197522, 44.59624410964296;
  -2.005703633281023, 0.4375188234138335, 44.43413010992224;
  -4.344649429642872, -5.417908768924379, 94.41960486606298;
  -1.849053620171513, 0.8082077732837706, 41.3196912592812;
  -2.965493702142787, -0.5320245811910642, 66.27527514249455;
  -1.562904277408102, 0.50504075101264, 37.98418010290283;
  -2.015826158806244, -1.664286808410088, 49.69319971814855;
  -2.838072078947254, -3.987896371853176, 69.6521494746487;
  -0.9845836833356848, -0.2465863279420794, 26.16392985031758;
