m=[-9.926654297802767, -1.622137573263467, 12.86624175025364;
  -9.741063279809774, 1.247248687258824, 14.53995099209488;
  -9.675749600181883, 0.3542875777177159, 14.51749637376689;
  -9.606275085281462, 1.091329413974794, 14.50327627563765;
  -9.845649196095545, -2.670012911783255, 15.58885284697503;
  -9.647445173083836, 1.260826237027147, 16.52786557759085;
  -7.332753987997355, 2.849994799059288, 12.92484293525434;
  -9.75655471760181, 2.604032461515802, 16.94374927969958;
  -9.586927073958501, -0.645101510123212, 16.72603736369686;
  -9.738205870191937, 1.480220687006566, 17.19639134217466;
  -9.654372933303424, 2.685190883987888, 17.16246521846032;
  -9.565377605982771, 1.852406235217141, 17.1666010617202;
  -6.670754658341058, 2.883354752376202, 12.2897679165421;
  -9.627019933307, 2.970994677233958, 17.88604361095638;
  -9.656885635857202, 1.961895043739899, 18.09938138916985;
  -9.834195162533515, 0.8632271484525732, 18.64020601443891;
  -9.551021316516732, 1.724579972609852, 18.21947513861714;
  -9.72164370921822, 1.194160941569035, 18.75305973515799;
  -10.04153170117012, -3.344082943792941, 19.39098106807644;
  -10.15739796960532, -2.886662706027439, 19.62466964016902;
  -9.712128448673241, 0.357005457465398, 18.89707091639965;
  -9.902692091801658, -1.61791682240292, 19.22993694104054;
  -9.881162172025224, -1.024045007414473, 19.64794897384176;
  -9.872911204352819, -3.079111016978317, 19.80250156779206;
  -9.860340454323994, -3.177373445455507, 19.88994426362242;
  -9.800631803178847, -2.513787838567256, 19.80332746432648;
  -9.527010069887153, -0.2711126482618356, 19.31970648338636;
  -9.758170287963621, -2.899179268133172, 19.75260396709178;
  -9.835097535297829, -0.118487723833163, 19.96005533873921;
  -10.14984963798082, -2.146771466362122, 20.89641178572462;
  -9.753797090136132, -0.4837090074876097, 20.14755241688547;
  -9.795949266288602, -2.749108529479437, 20.36235009598222;
  -9.733069918174536, -3.152760584533453, 20.30036236859139;
  -9.82614660974142, -0.703051829416989, 20.6343787820069;
  -9.979277718563688, 0.8131921439945961, 21.31263657423348;
  -9.935197841902703, -2.858307553605734, 21.46444614618943;
  -10.0703652954719, -3.361275892868345, 21.84800136902085;
  -9.633669033582613, 2.529034586265626, 21.1243867447638;
  -10.75390124351957, -3.899348453715996, 23.87532333351959;
  -9.906806075900793, 1.260436622483784, 22.45705622214316;
  -9.846245579777206, -0.07378290405646508, 22.32229129768648;
  -9.598971071920101, -0.2309006999251855, 22.17555187842537;
  -9.742908796551662, -3.662212206021822, 22.62744689144074;
  -9.695186642326405, -3.942436459424634, 22.56883484666682;
  -10.03038524371678, -3.267359051758206, 23.3486963977299;
  -10.07520987555603, -3.954434328244975, 23.60110781308877;
  -10.04130556213038, -4.605672945098318, 23.60670508517854;
  -9.892957346671306, -4.194171121338483, 23.44021141484059;
  -10.23122265300012, -4.612799105317449, 24.30853917975314;
  -10.05867073876449, -3.544740788004485, 24.05745326851667;
  -9.533511088364859, -3.890986584651418, 22.93428033999802;
  -5.265319743144875, 3.036813113317966, 13.18836486521095;
  -10.2511903177545, -4.647136070691524, 24.85100991326111;
  -5.291258385836824, 2.93505465298222, 13.37915125625869;
  -9.169270502672859, -3.92002849515729, 22.50937145790604;
  -8.838327873390451, -2.386147917920951, 22.16319141874019;
  -10.08104829380419, -4.278487891216154, 25.36967325165395;
  -9.57215921377281, -4.182765470973227, 24.47336117222512;
  -5.20123584265508, 2.905327093095415, 15.13318013664473;
  -5.084838725262964, 2.930678550242441, 14.85294919005609;
  -5.347139633897935, 2.77282925949867, 15.59973057448253;
  -5.112046869555899, 2.966739940655306, 15.69692948852769;
  -5.156547427519829, 2.803500638677216, 15.88314252479829;
  -5.345446386610768, 2.883656253568836, 16.98002917398974;
  -4.227678003904177, 2.84862247986355, 14.71549431304122;
  -5.360644427669592, 2.75159356054168, 19.52911754481747;
  3.013518270551855, 2.732346389911305, 35.67260797815226;
  4.084817495405742, 1.207740688386786, 36.73319489619669;
  4.878016258643065, 2.720602754598995, 42.08175705643159;
  5.418737067944415, 1.5009724304507, 46.22838632686936;
  6.008656963374987, 0.0407007506126966, 48.72315255566543;
  5.31667572177207, 0.8619867250698745, 42.91786411737989;
  6.027642773408211, 0.7757755872878407, 45.6313007642193;
  5.075033256728758, 2.560313551430704, 37.98891645635253;
  5.895663571107646, 1.025221367587575, 43.87258245729585;
  5.097154374795197, 2.128907737825329, 37.9776748495722;
  5.620647866091596, 1.415138459524273, 40.94451110811084;
  5.894733734075247, 0.4326795371138886, 42.33908997629325;
  2.363169461462457, 2.841949593907075, 17.43426219276145;
  5.736465092093046, 1.569999734752145, 40.53106943371611;
  5.378401787667656, 2.566123726147275, 36.70913978213964;
  4.937881281577086, 2.575001945725061, 33.52892884869245;
  4.990323118011737, 2.686535644195859, 31.62300844232841;
  5.228571033449512, 2.404888148483509, 32.78380277875698;
  19.33355221164303, -15.83769253538374, 108.5625996918652;
  5.314862397739794, 2.595885886590759, 29.21397703177085;
  16.58266745620854, -10.09296243816105, 83.57237316394175;
  4.869352377697192, 2.743742240732538, 25.13324869308848;
  16.44209466143069, -10.18171937907541, 80.11532042560673;
  20.68059104635497, -14.90930557982633, 99.79479871403362;
  22.14452378634315, -16.94592377756071, 106.8247788736968;
  5.640672689705783, 2.813059718723417, 27.77128606620753;
  13.24756957840087, -1.238909569311275, 63.76750311267914;
  22.55834781489827, -15.47527552963154, 107.7794175385662;
  17.9347911894718, -10.62829922859556, 85.82613668451987;
  19.01082434595198, -11.34412919853706, 89.61208602260372;
  18.03006430224409, -3.302276095874204, 84.51794110023209;
  21.87359911858032, -16.88508701033957, 102.6218972162034;
  26.45841395776824, -21.05727341128355, 123.7931315290969;
  24.74828094254503, -18.2659243381997, 113.9843562731975;
  16.0346300951386, -5.107555351947593, 72.74649855040919;
  21.61128931930569, -15.41181495334584, 96.42119113600965;
  17.95624298983448, -10.27303444632515, 79.62271676905367;
  18.32909428607033, -2.112639435698636, 80.88665987083596;
  16.80647716324262, -3.863816124102495, 73.173571728863;
  16.98848382980709, -7.289726741313274, 73.97596316995139;
  17.20406205007247, -9.392416289223924, 74.95196530788282;
  12.92188614440124, -0.9716073846976467, 55.76613435879336;
  14.56688260806632, -1.250970926106553, 61.27532758920821;
  3.46246341045737, 1.739625743708128, 15.39798731855155;
  16.74152379570099, -3.192458326815785, 69.39184138159463;
  14.04059183924867, -1.438591185066509, 58.41335528824835;
  17.58636018219644, -7.04828696414052, 71.87954610270361;
  3.670694576300795, 1.73445888733877, 15.82965271115237;
  18.28823714086513, -11.87970477902396, 74.20032548412105;
  18.43307337138196, -7.31789999427735, 73.98628859569119;
  18.26959430394548, -2.568020489945465, 73.07297324389029;
  18.6417674776819, -4.407363420026606, 74.56715221626553;
  21.72997429117201, -15.04129694677751, 86.91352867681573;
  17.81326904366401, -8.792087207012056, 71.02344786226067;
  20.35899954693327, -13.37621033793946, 80.78689685053537;
  3.717778072054122, 1.627039955292432, 15.55075127684339;
  3.871385351471025, 1.741357227049547, 15.92917852848045;
  17.33089063917961, -3.735001137140922, 66.47065054323451;
  3.212488846866872, 1.006533723195426, 13.16693593423859;
  18.38727769518309, -10.35787274509475, 69.59062291100342;
  22.14109391997469, -13.00772893711237, 83.39446207727001;
  21.73510732511694, -13.5595597891226, 81.1062220131831;
  20.5768497129048, -8.012799136830482, 76.41039937519339;
  18.62351935487996, -4.336444582480666, 68.92982725541876;
  28.21103293006251, -23.8226072982794, 103.6653695886128;
  4.9152101263419, 1.813686876163132, 18.73200162300454;
  17.56191898315462, -10.43897577223996, 64.19347673507257;
