m=[-9.252549083195815, 0.08872948160093234, 12.52931406766963;
  -9.434840051752431, -2.338160112291152, 12.77973065430099;
  -9.402353764492165, 1.033144741536766, 12.80448010669571;
  -9.374997270618676, 1.164817606561437, 13.24714485338643;
  -9.328099763534477, -0.07422803725510646, 13.25165677585707;
  -9.317061548940497, 0.2942525325818968, 13.24358983403046;
  -9.311140158197498, 1.017951810400129, 13.30791301478884;
  -9.407084695119194, -2.627642141532644, 14.21933059631112;
  -9.370293904341171, -2.494140792055958, 15.03326980314599;
  -9.408232231838023, -2.895305717227175, 15.19361776036942;
  -9.483978129493018, -0.8757173396673851, 15.58194883418994;
  -9.384789529627899, 2.488121980038358, 15.58326478613408;
  -9.232736568354634, 1.377028008419686, 15.62152370837891;
  -9.340328556881087, 2.585379169373634, 15.89131661208778;
  -9.402992274898372, 1.437406349957754, 16.28977198259288;
  -9.280149052951982, -2.956212894846771, 16.27497427387144;
  -9.536415292251299, 1.020407040262966, 17.13241604212456;
  -9.353877976955918, 0.4676078481103189, 16.89490234894647;
  -9.376596067594271, -0.006650497247780852, 17.06860045839665;
  -9.282304534071029, -0.290310071563578, 16.94827414744008;
  -9.420735003355041, 0.8226157531141076, 17.22084725764547;
  -9.095033441843137, 2.046487719066092, 16.77096362536951;
  -9.390997613249628, 1.133096708534894, 17.46463237448894;
  -9.387206843228411, 0.2848439546276739, 17.62657309263216;
  -9.409235368182472, 0.6202925177636062, 17.70984261269961;
  -9.696084483294946, -1.653514857550066, 18.21872565907932;
  -9.460605813619987, -1.031071272827769, 18.21803439916095;
  -9.202805715062203, -2.963667225414125, 17.91577265044502;
  -9.052526434052863, -0.3005643801367279, 17.75735273024713;
  -9.13375058377993, -3.032806205695044, 17.88674331011876;
  -9.360798389100443, 1.472060335026255, 18.38894584150501;
  -9.488086841169995, -2.512168135761575, 18.59903887573456;
  -9.421885237972061, -0.1550804347551759, 18.52346063711213;
  -8.966385400630117, 1.963190204429431, 17.88640755370198;
  -9.34772169491248, -0.505666817242439, 18.7239050605431;
  -9.682435298410576, -2.124985346253228, 19.38718907813177;
  -9.203550371414726, -2.680533300378887, 18.60216406152355;
  -9.289207860715758, -3.101957393272758, 18.83682732155454;
  -9.345764116728553, -0.1043353979583056, 19.06241689233496;
  -9.341924088672837, -0.7104191026459772, 19.05240263487062;
  -9.516066246061406, 0.7563766026967974, 19.74924322470533;
  -9.05023234603788, -3.094875293464597, 19.1576393013515;
  -9.137329823924675, 2.392534841139888, 19.43299286419208;
  -9.40795618093831, -0.1002440530266546, 20.13658228206421;
  -8.984525940670673, -3.305178638319635, 19.54013866582477;
  -9.211430575592404, 0.02202827938489899, 20.12553330032917;
  -9.108630948584921, -3.192889938212058, 19.91891433213423;
  -9.079624016626637, 1.140553932959973, 20.05359199853132;
  -9.506244059163118, -0.1064933401923953, 21.01591047464958;
  -9.43105656292316, -3.177795312365588, 20.85455952607384;
  -9.223482396137296, -2.692479675643825, 20.56760601898746;
  -8.840222788428532, 0.3342922868562506, 19.81645019142972;
  -5.308849302577812, 2.836766655797275, 12.49698816190159;
  -9.216706840591112, -3.572519347951985, 20.95451237806146;
  -9.214608929076034, -3.077964954519844, 21.00808473221593;
  -9.04835752336524, -4.094198531814026, 20.88384502294892;
  -9.044225559441811, -3.94951694738443, 21.02122359981866;
  -9.529084256568282, 0.7793826407276904, 22.239753564649;
  -9.114472198529761, -3.832893885698177, 21.49218536706228;
  -5.059489503970579, 2.80307178403354, 12.4536573087002;
  -9.74391537336032, -4.545144112053358, 23.23479662088791;
  -9.058101003706234, -3.659158638698204, 21.75907330752609;
  -8.971201094009029, -3.946948578185226, 21.57741048263386;
  -9.113245225674072, -3.985653221950538, 22.58767820208688;
  -9.299271120844324, -3.93132972152649, 23.25174273435905;
  -8.18295461011034, 2.385060402659488, 20.72672870650963;
  -9.132761111028524, -4.107771627646433, 22.97093386094586;
  -8.659734445987775, 0.1358336357327898, 22.59518930860653;
  -8.884161991550423, -1.478305754767889, 23.45147528606903;
  -8.878435297498722, -0.1556902577616588, 23.53306672457745;
  -8.56783828378536, -2.958101914206447, 22.86785153262248;
  -4.947990854190255, 2.802943587299182, 13.75296381136662;
  -9.31646702391803, 0.9977300708206844, 25.07660220989758;
  -9.362963058632138, 0.6185405261717172, 25.21974699303596;
  -9.448842241188808, -0.8294910618703839, 25.60148734423509;
  -5.196876084172929, 2.745569473306507, 14.53635546877043;
  -9.072475290654136, -1.417581646457693, 24.84191577864393;
  -9.549959111875092, 1.078413464205757, 26.55364063905152;
  -9.199669682027679, 1.456680252768321, 25.63148630376974;
  -9.323076010009057, 0.6102280886955346, 26.13880398156699;
  -8.432174939028736, 1.371762666546093, 24.08532279604778;
  -9.150842414224972, -5.983163638958563, 25.9534589552118;
  -4.907830014555305, 2.897612346448562, 14.45125426020488;
  -8.705443153631164, 0.6880003790051021, 25.02520875679027;
  -5.095468747488332, 2.817605767773414, 15.06621558205718;
  -8.950351424012812, 1.368568203953792, 25.79909555112838;
  -9.11575384794369, 0.9391621475121904, 26.2785766776991;
  -8.595818320711896, 1.797586413860849, 25.01140763931101;
  -4.668187609197214, 2.931694370987948, 14.14412600406376;
  -5.089493084119152, 2.794442123647696, 15.59133281999425;
  -8.442204840709382, 1.649728332251755, 25.59596054008185;
  -4.712356504153995, 2.786262376645329, 14.79096586544413;
  -8.48236144157301, 2.377835767871538, 26.13849719118758;
  -7.089216735208532, 2.580046506922847, 23.24834463636747;
  -5.784286225515961, 2.657793785950505, 19.34573752661152;
  -5.170657080454339, 2.711203390434986, 18.3630302061346;
  -4.935361222517627, 2.864127023932334, 18.28717519300981;
  -5.082899673382808, 2.60220495946695, 18.9257210950664;
  -4.918072472603453, 2.702719093478481, 18.3993550890075;
  -4.757206423909292, 2.745793363303626, 18.70311146968396;
  -4.863612231330908, 2.631975987427685, 19.11019328615094;
  -4.986460732501463, 2.634772500723017, 22.28179658542204;
  -3.289829813470786, 2.666992741179513, 19.49345484072786;
  -3.300492229592337, 2.825809444043457, 21.33573889885323;
  -1.919110442612293, 2.860295380563614, 18.0345391321675;
  -1.827842387085644, 2.722726374789302, 20.1732154922428;
  3.869158281612162, 2.572564135881845, 33.56908240106609;
  4.358388355744089, 2.477501271342445, 30.77029008441658;
  2.564577583238384, 2.985971109801774, 16.95003041051522;
  5.395087743652952, 2.564344150419781, 34.29557994242573;
  5.319715944984358, 2.752533737745815, 33.54263204668148;
  5.517912872003006, 2.655370281638931, 33.57950244753366;
  5.817978943580631, 2.677981179028655, 33.95934642609443;
  5.70815476689873, 2.745359804388741, 30.55339736456196;
  5.77609979374405, 2.817009593145976, 29.56307023127531;
  5.254558852685942, 2.943041351147417, 25.14280917536632;
  5.399996826709737, 2.834220623186409, 25.43823839718527;
  5.419751920017138, 2.841163135711626, 24.90642892423626;
  5.198111592978928, 2.590978347392452, 23.87004669314181;
  3.781372513582632, 1.789304117157297, 14.76654271606878;
  3.851472550323915, 2.190513827781421, 14.86448791793707;
  3.835961990647281, 1.679049577403501, 14.51165648006115;
  3.821822473426349, 1.705873930625669, 14.24583422826449;
  10.09164950835345, 0.7233139135333094, 35.6339936379842;
  17.01035449054776, -4.149905432220707, 58.85111064822358;
  13.46270057399952, -4.314045855349438, 46.43106786974114;
  10.2617569318092, 0.4059837355997594, 35.33377545789693;
  17.74825880462821, -8.639359396203796, 58.21499372240339;
  5.191524113048063, 2.080813679826897, 17.71014162244907;
  17.89612776764213, -8.309433584806495, 58.13346139024539;
  4.607379491603893, 1.774593985049384, 15.71786198953901;
  5.374643190696194, 2.280925631503239, 18.03730662782512;
