m=[-4.756668481175074, -1.463825414714487, 7.681677166854112;
  -4.763020065707729, -0.1413128835543571, 8.091044104840098;
  -4.722052917021155, -1.504220852897434, 8.281255969690786;
  -4.805264252110677, 0.2402190067121403, 8.679231277155646;
  -4.697576463176521, -0.1469197389715505, 8.577160276765856;
  -4.783443707640826, 0.1451480770774918, 8.98198170716188;
  -4.809220439212892, -0.5241365233112054, 9.260986571134151;
  -4.721635944908135, -1.520553419633603, 9.191952839848856;
  -4.781661061035633, -1.093744972002178, 9.332121918787557;
  -4.708131241696918, -1.563306279941787, 9.219995030314539;
  -4.784658247157108, -1.266837687115301, 9.379134722907477;
  -4.778344908222936, -0.07864963190072678, 9.394243464279734;
  -4.712561341237898, -1.447372547308716, 9.257992070955229;
  -4.728585206943584, -0.2557937334565916, 9.47156787238189;
  -4.733682958792308, 0.108469825812762, 9.498534031179185;
  -4.69595997327519, -1.36769796194157, 9.491447791770497;
  -4.617025819025681, 1.208930327275492, 9.819348926202917;
  -4.62014892224672, -1.579935653016506, 9.779986102752378;
  -4.745823188664876, -0.05056789617532002, 10.15785546793942;
  -4.617492213618468, 1.301251144641999, 10.00694328530843;
  -4.492598799731198, -1.652712862255207, 9.770799716797578;
  -4.620629261742774, -1.619690243385995, 10.10447332258045;
  -4.723247755147732, 0.5933195905043204, 10.4319389455184;
  -4.816977436257091, -0.05396200787880661, 10.64912345283276;
  -4.741520954966757, -1.597655889734836, 10.48475643632786;
  -4.525714574555647, 0.1711395188780996, 10.14494765501854;
  -4.679084185609662, -1.36589831576591, 10.4339723247694;
  -4.84702218710476, -0.1351528580453453, 10.92099314850152;
  -4.711925368011182, -1.826405551838743, 10.71273071349633;
  -4.69311665407009, -1.567646407990276, 10.69968276307135;
  -4.681270608275281, -1.890115266250732, 10.75349242236917;
  -4.909146420250392, -2.285419116850409, 11.46624224152688;
  -4.656716938949389, -1.958281455464353, 10.98067134046262;
  -4.66359020381634, -1.883928692632219, 11.20272351562213;
  -4.614213353440862, -2.03005847756202, 11.09804300877082;
  -4.740843734614205, -0.8198357626204832, 11.56001634828525;
  -4.787824065239845, -1.860908440842778, 11.65482029400622;
  -4.162366888918414, 1.213192168490644, 10.54292164556039;
  -4.74578747433202, -2.006313732274065, 11.86628801237626;
  -4.654853825964451, -2.093679692776374, 11.7079969648476;
  -4.609174246647854, 0.07229793240810012, 12.02636931985999;
  -4.71947843633311, -1.157561138935812, 12.50429127148192;
  -4.703179275392071, 0.5036784200998415, 12.65927904945687;
  -4.739017234902508, 0.3130712142787917, 12.76484964337119;
  -4.749788816785382, -0.4169724997757694, 12.86947704033431;
  -4.719734206362624, -0.7374623102022049, 12.92340137567809;
  -4.800844013412851, -0.5744670190594287, 13.32939606389347;
  -4.809161387441388, 0.5430666593437313, 13.37186282803336;
  -4.701242006218593, -0.7160107285521743, 13.10235883255646;
  -4.768998407378124, 0.3121477053283805, 13.37068521430416;
  -4.698008786587621, -1.191225821918501, 13.18328116363349;
  -4.700032380621117, -0.1323431534475702, 13.24354937906267;
  -2.348419402951148, 1.474843883906101, 7.115468084506017;
  -4.722669040906415, -1.490355158651072, 13.31695572762591;
  -4.840239762032694, -0.7642384110079438, 13.69085675500264;
  -4.624568398889363, -3.023716094935629, 13.11611988198684;
  -4.695663561399138, -0.8030095962173046, 13.37649368025245;
  -4.658806822794979, -0.8887411742447212, 13.2793565072262;
  -4.601124156911214, -1.488651971934453, 13.18345207124624;
  -4.748788344086981, -0.3424225939871978, 13.62712019239317;
  -4.555418384628863, 0.6965537397987962, 13.13084465768555;
  -4.847623094929157, 0.3977758302088987, 13.91213964453365;
  -4.687407862200574, 0.4829261636022414, 13.51269560161211;
  -4.503637689477798, 0.9418158483003487, 13.10431583225518;
  -5.062534419610036, -0.7873648975382148, 14.7760525278835;
  -4.945838954893802, -3.370958490863619, 14.40118472676665;
  -4.974967858595266, -3.486932043562098, 14.78872386118704;
  -5.012046438004125, -0.4987699098099526, 15.05481381000063;
  -4.946614003320071, -0.7869214739877884, 14.86562203289857;
  -4.931866800916644, -0.3671908562057124, 14.97749686815598;
  -4.730716130554039, -3.138575219793269, 14.94771127736357;
  -3.598917440338279, 1.309788474167077, 11.8022732406074;
  -2.972313176548671, 1.365733849006616, 9.941000206169836;
  -4.127914635249621, 1.384710825653794, 14.56524542817977;
  -2.498328153796185, 1.449849131060857, 9.257147061424927;
  -2.50065656650039, 1.374231934596767, 9.355386358986019;
  -4.708226211093684, 1.066930510019434, 16.8913706724908;
  -4.863869764072911, 0.5712054775206451, 17.68099446363461;
  -2.439072721725085, 1.407798841409987, 9.58929357528328;
  -4.709245777803714, 1.147208163113633, 18.03515129027359;
  -4.756417353549145, -4.334486882779258, 18.26318086824629;
  -4.811594130317914, -4.430854356245964, 18.78456541938109;
  -2.48686930374874, 1.314025158506039, 11.11247414413351;
  -2.756816535657877, 0.3028201567446528, 12.98966342284922;
  -2.9197253475234, 0.1656527877824174, 13.71802308574491;
  -2.689992081055158, 0.01718388481362716, 13.42201946270027;
  -2.334739680598501, 0.6460944521312396, 12.07039095467587;
  -2.650475212158925, 0.1892920809515127, 13.63458774305176;
  -2.540203129882511, 0.07751880378834028, 13.1955395643672;
  -2.530517951893879, 0.001897280574993823, 13.54693642163669;
  -2.388870796208009, 0.0799132036870685, 13.11078029550512;
  -1.681018799076297, 1.362765002786853, 9.960656296575133;
  -2.258150682129028, 0.0787921360133855, 14.3343742664218;
  -1.54927728338921, 1.092665191723905, 10.70251206582846;
  -1.593499535112863, 1.301625588940198, 11.98265692460779;
  -1.228435637884361, 1.355388629587152, 11.05244483929114;
  -0.9324435713716693, 1.389739735979039, 8.762492091674613;
  -1.589841691716291, 0.7221643852044075, 14.7500896571232;
  -1.581990384828265, 0.5630326024365505, 15.77795562643572;
  -0.7373166721320255, 1.220041612359297, 18.51006264592731;
  0.7391547589547219, 0.8866304708156717, 22.30830427831952;
  0.7868600703445111, 1.108136740273072, 22.62567435465788;
  0.8322530309660237, 1.011013221176375, 22.53134145096831;
  0.9923400518074801, 0.8047184516427851, 25.41251401301745;
  0.9779738967125866, 0.9309964756497084, 23.07240091811515;
  1.021281329120404, 1.042880387707734, 21.78632565316247;
  1.532105675727426, 0.0728665715868568, 21.31189362077735;
  1.685776762379474, 0.7665126246429033, 20.55971004427535;
  1.854558126287819, 0.02048313257773978, 22.34732390975204;
  1.990805456741133, -0.01622003424545701, 22.09139028320133;
  1.776937620405891, 0.3964921421671687, 19.82462730710526;
  1.704878049801152, 0.6189604674417795, 19.06073287265595;
  1.795317153982278, 0.4823557326629399, 19.17381965370849;
  2.073502576605259, 0.3423089082819673, 21.58991035229928;
  1.794638446465986, 0.0175690170323047, 18.66275192378801;
  2.856170212964945, -0.3205589471778352, 28.44963781312887;
  2.034181298979735, 0.1758953775246269, 20.47969844671744;
  1.993997895333694, 0.1567000747618065, 19.85244118373023;
  1.896156517886378, 0.5586624506497625, 18.88135530070467;
  2.02765927499677, -0.01560615356435037, 19.88856788622685;
  1.769391362581514, 1.31666235169631, 17.34156341208545;
  2.330770152789864, 0.3005521928551639, 20.39980222865275;
  1.983006391022231, 1.318480855904059, 17.20469934208253;
  2.462986999092916, 0.7401506771765178, 20.31355957691119;
  2.2208280842138, 0.4261331419326661, 17.9585789983419;
  2.375689620245603, 0.682664648070243, 18.81381716794889;
  2.613607338418218, 0.5368251490955706, 19.6259873462079;
  2.56418698299548, 0.4470596104645028, 19.18087109736556;
  2.662577633185622, 0.3800549727343086, 18.76926227815946;
  2.351513769215518, 1.336704735164906, 16.60172405721935;
  2.755573286696154, 0.5162248796240507, 19.10237387817989;
