m=[-9.143753908061948, -2.443971988658398, 13.87007967358109;
  -9.090201141260781, -2.808384660452004, 13.89323950907006;
  -9.086848027552659, 2.440601135854469, 14.24107995310001;
  -9.14928814883022, 0.554976391071734, 14.49395882392198;
  -9.029670927868938, 1.382249811975822, 14.44188911372163;
  -9.113254558808583, 2.557177609739085, 14.6539678974475;
  -8.742195671280616, 2.641825251964192, 14.39007795759109;
  -9.358303999830842, 2.377570284441519, 15.43413468721403;
  -9.02772306745541, -2.880787233982074, 15.0567241527566;
  -9.365253915025864, -1.766836001541272, 15.89196457053395;
  -9.295771315382456, 0.476901786093758, 15.96181721325137;
  -8.945858575693606, -0.2588503143565344, 15.54449026189142;
  -8.595665640716232, 1.972658195952836, 15.04674251924406;
  -8.947973891552659, 1.115923171702474, 15.84850897423718;
  -9.09902299968142, -3.13096183616378, 16.25684397064279;
  -9.122843702648032, 0.3072254081580828, 16.33480225809219;
  -9.681282433510658, -2.834008820907021, 17.31251150079357;
  -9.13165555624796, -0.9747729986330124, 16.81790367304272;
  -7.547966335351551, 2.685037621932991, 14.20065868966838;
  -9.029214765380688, -2.909951365593256, 16.82269180999651;
  -8.953323446814594, -0.2713119149587149, 16.76771586101827;
  -8.976499356938582, 1.449586847080127, 16.8423108816433;
  -9.038331214616305, -3.014894875976882, 16.94541423129496;
  -8.986476997311023, -2.370855199782107, 16.8852207173289;
  -9.060457646262393, -0.1224512538317723, 17.04263217979581;
  -9.174200963089724, 2.050954014514093, 17.4463500848398;
  -8.924008083451124, -0.4559559512272583, 17.11929190045698;
  -8.926030353395928, -2.608165129265713, 17.30737538943952;
  -8.926807210839444, -2.985160283713512, 17.37808995202122;
  -9.241637910796761, 0.6515511419865512, 17.97821306609875;
  -9.089580367297776, 0.7644256627770756, 18.10323397137406;
  -8.977190664897925, -0.1610222752704577, 18.11708183376853;
  -8.762359471432523, 2.348729030732877, 17.85018210319617;
  -8.766586464917502, -3.01760798073741, 17.84816646011301;
  -8.744864922967215, -0.3320440829572361, 17.89569293538392;
  -8.846688791780508, -0.07306635251400165, 18.20291129086695;
  -8.441618884958411, -3.121083435071334, 17.67922127863062;
  -8.867074759177754, 0.08097547380966202, 18.62810666550616;
  -8.709537285858481, -3.063166021069292, 18.35340005709973;
  -9.122593379498017, 1.180731656435835, 19.3479474686635;
  -9.022573988806752, -0.06471613335750953, 19.21968841756452;
  -8.810673275657848, -2.964426033523388, 18.80668263530533;
  -8.569784426518993, 0.3665887503068337, 18.4569796914104;
  -8.753760572675708, -2.547766913144665, 18.82798754679401;
  -8.83998928036076, -2.786398323355608, 19.18378256568311;
  -8.84982460405841, -3.431116156662296, 19.43770574085754;
  -8.803902040896762, -2.940686519202611, 19.38997485259218;
  -8.718758353674673, -3.669850573824643, 19.89463693611135;
  -8.780776778858362, -3.550598862646788, 20.42567201506599;
  -8.68495537838225, -3.82567508360224, 20.22331450565673;
  -9.282240070027921, -4.263083372542265, 21.62233121006903;
  -7.881544889404061, -2.195065136786664, 18.67705255271579;
  -8.963610237530405, -0.006593721492924986, 21.22413708524746;
  -7.918516614095355, 2.363807978594704, 19.29059932566111;
  -8.831165233612497, -3.733997515998492, 21.44970701602122;
  -8.657929122478636, -3.902899943954718, 21.15229670671178;
  -8.911742238428845, 0.1813888299565885, 22.50530604168926;
  -4.951723828662522, 2.785331843473863, 13.04861090273549;
  -8.526890511324977, -1.864671899229885, 21.75195088483502;
  -8.832543537672088, -2.143200873578262, 22.7499371157656;
  -8.614087412713808, 0.984702830549125, 22.52712262830652;
  -8.699786887606928, 0.6332143503211114, 22.77816167943983;
  -8.625492951171795, -0.714818067328682, 22.75375136190526;
  -8.751606108157031, -2.002539679556405, 23.27643177975893;
  -8.301522958277394, -2.325368577878149, 22.15954016574427;
  -8.788876239610794, -1.341764635348501, 23.41940356291629;
  -4.760726003081963, 2.876009590644787, 13.21622908680277;
  -8.107829665687611, 1.348649288586012, 21.96461681270159;
  -4.866631501050755, 2.760068082844978, 13.61418385075797;
  -8.735602437941502, -0.9995287417541923, 23.63900020647009;
  -8.716023301728727, 1.057041293267964, 23.60582800452974;
  -8.600550459281514, -1.26387330555565, 23.35538670504706;
  -8.739775924374326, 0.6395623238180789, 23.86170319539393;
  -4.541459276113444, 2.920025243065312, 12.95760672149587;
  -8.781874527564964, -2.750886649113262, 24.15317467774381;
  -8.015068909250545, 1.374659306942005, 22.2184684595167;
  -8.83964185485006, -1.360716907126893, 24.39299292973383;
  -8.473370987234066, -5.565888015968004, 23.50188491259855;
  -8.57047789458999, -1.42810649693405, 23.81334085901531;
  -8.596556274671562, -1.599304706061468, 23.88443404645572;
  -8.318886844274509, -2.672925863559436, 23.27378945664218;
  -8.69403604655556, -0.5803851282653383, 24.33667132262434;
  -8.337841076179585, 1.3566682102127, 23.39509494713224;
  -9.007569836290887, 0.8028648074870913, 25.19673247231056;
  -9.156538107499062, -1.181206364337831, 25.60290095467878;
  -8.815626545870234, -1.562360265773991, 24.6917561623136;
  -8.6234492481265, 0.9523151502592835, 24.20857528622859;
  -8.516312462855479, 1.864161048382481, 24.08285521694753;
  -9.25900303624249, -0.8718522969522929, 26.17345161091755;
  -9.031795436704922, -6.185178187650499, 25.80757740853383;
  -9.17020520739845, -0.7326889564267213, 26.27897587789162;
  -9.040388229510983, -6.362767064793221, 26.39864424428845;
  -7.668751295214327, 1.952387551489371, 22.65365072838722;
  -8.937230414464553, -1.378169620768385, 26.30213681787542;
  -7.516921195437147, 1.606556953027717, 22.34448418028629;
  -8.898672998738185, -0.6032465697309186, 26.4573605474883;
  -4.841346613782196, 2.75849747326019, 15.12159031068214;
  -8.539565946385283, -2.787152228699904, 25.98094242733877;
  -8.194136152355185, 2.113955276741542, 25.06175121883184;
  -8.696660161254691, -5.792518940834114, 27.00337905675868;
  -6.694926515692366, 2.520371823576748, 21.28232368367561;
  -5.687386240450766, 2.692395802351987, 18.28301165522997;
  -4.997655205833349, 2.637641302297462, 17.1930324298595;
  -7.312869230943843, 2.571482163927044, 25.27668057954431;
  -4.757756895774624, 2.8478259205008, 16.91541206499961;
  -4.884403341588316, 2.563227279078514, 17.45406192445674;
  -4.766385884419017, 2.703514322221238, 17.11809378706733;
  -4.6753937610432, 2.788422782401368, 17.67193880497558;
  -4.779154885641504, 2.674161384328589, 18.07411802692277;
  -6.440903359382243, 1.548116761479448, 24.93007149446495;
  -4.922687296722458, 2.760605938434819, 19.58814777674667;
  -5.213552667874211, 1.165980873546703, 21.11594269130594;
  -4.570196606398401, 2.508782709589866, 19.82889030660034;
  -4.428877274754562, 2.823769055619206, 19.94433014126433;
  -4.616875414683239, 2.618385701402676, 21.23409484402263;
  -4.244798609867168, 1.265960740696963, 21.44698439032829;
  -3.213042465570917, 2.718825883771888, 18.45713526971181;
  -2.989247601349461, 2.200915871480925, 20.04785650496976;
  -2.92376744953483, 2.529306587116092, 21.64059154500752;
  -2.316546870549459, 2.719353877092932, 17.53272953147052;
  -1.753438107998227, 2.774946805048076, 16.15405118364088;
  -1.738433905703809, 2.78060894807157, 19.05490311764471;
  -0.06174926304255715, 2.787187737565788, 15.31829264820959;
  2.523749978869303, 2.957840591193437, 15.29678158177473;
  6.164317994858356, 2.814225578514879, 31.75112782842248;
  5.686069975956165, 2.835324838931463, 28.88757999106576;
  5.57212305706554, 2.979611752427622, 25.73445358852007;
  5.578614632787739, 2.850514018351378, 25.63344077848432;
  5.362730052874937, 3.091230365244095, 24.20960435857542;
  5.472932048810168, 2.95834812507111, 24.3323404003013;
  5.681191839222474, 3.069048514444018, 24.62988259171519;
  8.314351604759187, 2.701909462457254, 34.21002497739928;
