m=[-4.639693654331924, -1.433416520221801, 7.091193493591439;
  -4.608067080056742, -1.470455032611254, 7.685481087909503;
  -4.772446875148708, -0.9003633036502241, 8.098398328841174;
  -4.598410076932834, -0.1330559704116529, 7.990282884113635;
  -4.691368601331336, 0.1579888552673191, 8.400075779038749;
  -4.702563506120999, -0.5019825706180269, 8.66078002780085;
  -4.640493248426235, -1.495546403111264, 8.645888905418314;
  -4.626242173595603, -1.543164716252727, 8.673458418860548;
  -4.604083394001457, -1.214671228576564, 8.650883358624895;
  -4.646262133235531, -0.06279380645639619, 8.739573610866298;
  -4.610748863413767, -1.347250001315775, 8.94014004502837;
  -4.696487719974584, 0.3311103471929294, 9.136308704907908;
  -4.605822083876708, -0.3345081874241865, 9.006937854072103;
  -4.647603117024771, 0.3908593080752585, 9.256384039057638;
  -4.632147434275182, -0.08308600620143826, 9.348246825255396;
  -4.50801411763672, 1.208362161306766, 9.183470866031371;
  -4.532632070827051, -1.560208955379619, 9.22812682294456;
  -4.59817156881683, -0.03797710450481574, 9.461179333574542;
  -4.513631292013761, -1.587455401078616, 9.511467497484519;
  -4.609771219187975, 0.5966398567817739, 9.776782509220375;
  -4.500794068553326, 0.1925299856871162, 9.693483591191361;
  -4.546432575103881, -1.323231357714892, 9.77867457028581;
  -4.601023971782286, -1.783837351932736, 10.10566356638557;
  -4.538852093429917, -1.51607106732918, 9.996502407956932;
  -4.474359795110989, -1.955836704833069, 10.05254203097572;
  -4.802192935808717, 0.4140815169548428, 10.82249405861053;
  -4.609379701520814, -1.863850857151027, 10.72224933480291;
  -4.685471019955513, -2.151910901571942, 10.9144781329011;
  -4.149018817981307, -1.155530633526749, 9.832011819132443;
  -4.694597429404162, -0.003453392902034648, 11.11592056786888;
  -4.094516104949521, 1.222280675667929, 9.974806325776893;
  -4.567792403925237, -1.931356173128311, 11.09455051314045;
  -4.439675621198012, -2.001357309355082, 10.84662795140213;
  -4.707698961521916, 0.0958200970777691, 11.88860752999879;
  -4.464076199281248, -0.976210194532829, 11.38778152527704;
  -4.589475646026028, -1.113628047444822, 11.82108889654545;
  -4.519186799601439, 0.5166021448516762, 11.81834712573145;
  -2.505146812071735, 1.420772408460998, 7.008036105737837;
  -4.606046182823889, 0.3352512629200903, 12.05975111928162;
  -4.562011159432573, -0.3780662761627386, 12.0344272750074;
  -4.612929804251135, -0.7042386202679479, 12.29190874326681;
  -4.420591119381589, 0.7353172567887204, 11.97565736164409;
  -4.521303349421577, 0.5483239516789105, 12.24516107036812;
  -4.653882901154599, -0.532497873330251, 12.59365220004279;
  -4.499128332577453, -0.6611586345240489, 12.21769263961254;
  -4.59570099167726, 0.3363057853248767, 12.547375812273;
  -4.536147675145062, -1.420929898143594, 12.47596590203158;
  -4.743162011904704, -0.7301314746478735, 13.08875623252681;
  -4.441897225503509, -2.917741070565564, 12.32012118254377;
  -4.533096257843578, -0.8433379537756647, 12.59462919072634;
  -4.548692000498353, -0.7579526694263074, 12.63868297693399;
  -4.427251567266243, -1.422511862482487, 12.38614285504561;
  -4.391131792007442, -1.407291791996027, 12.30729727410017;
  -4.584411219080028, -0.3060401497255069, 12.83285558618131;
  -4.662935734870752, 0.4156178713173606, 13.04355629570064;
  -4.551456538362268, 0.5026319390898881, 12.7772861068184;
  -4.716780968574463, -0.8359373130559761, 13.21126807505718;
  -4.229265618054114, 0.9257565716178831, 11.95972928398879;
  -4.927800981226453, -0.4640148175337014, 13.9299620083832;
  -4.892294895705845, -0.3908887926275107, 14.01980617053819;
  -4.121986474854431, 0.9214551697822764, 12.04389412733217;
  -4.826265541483454, -0.4272440490462179, 14.01387205153711;
  -4.714148011647685, -3.317891327847858, 13.76568274669534;
  -4.179936846404395, 1.064170208522012, 12.34762032826038;
  -4.78543501073248, -0.8608494602990263, 14.02638757375854;
  -4.784259845752545, -0.7805801288332679, 14.06521482643408;
  -4.742622072154686, -0.7313381617699726, 13.95746655646249;
  -4.133334564498385, 1.201169099952156, 12.39580536001385;
  -4.710690121247211, -0.3193406092246174, 14.00573175157706;
  -4.852765780718909, -3.462389363860529, 14.51855102749716;
  -4.352623614720803, -1.420613727281541, 13.2425072014116;
  -2.939854580667916, 1.391720519387166, 9.450632204429411;
  -4.554393098676839, -3.03351031303075, 14.14152110542091;
  -2.473518769472034, 1.402990354056449, 8.88344487975815;
  -3.911423303855346, 1.375404775306565, 13.5196999071973;
  -4.649546431601145, 0.589726038519936, 16.62487058862594;
  -2.565880644728432, 1.438926528985178, 10.21004305512121;
  -2.797872355329664, 0.8731256931167656, 11.31699479429968;
  -4.450779836224501, -0.09508633436787149, 18.9558448950796;
  -2.317897157148258, 1.477847738922885, 10.43806438240599;
  -2.441661355596491, 1.38474847314024, 11.22977428345398;
  -2.621668463878728, 0.3290374931707267, 12.10214013195443;
  -2.44439384733596, 0.704225224741418, 11.91913369830085;
  -4.17623354305552, -4.022248143176476, 19.72058108219595;
  -4.419003650519419, -1.458645272308728, 21.22549684471779;
  -2.25276538671198, 0.6718605049834444, 11.38217110502579;
  -4.452021788465575, -1.587942613746447, 21.4996403011962;
  -4.313397150877841, -4.288081254605947, 21.03440236751182;
  -2.643131807446703, 0.2335724663135026, 13.35389156852195;
  -2.564121639081987, 0.1192321675672662, 13.06408952803178;
  -2.402219235961881, 0.1711571450915296, 12.64246271522861;
  -1.992328458986551, 0.6447688438373788, 10.79862999042734;
  -2.385637213703413, 0.1209130615555818, 12.8677382132718;
  -2.15159574168525, 0.1213530420588677, 13.4975360314218;
  -1.558911385442424, 1.348590441608863, 11.53845684703433;
  -1.67404903438048, 0.2225608907697855, 13.25438625228211;
  -1.780931917314914, 0.05768721044965863, 14.87422376066675;
  -1.998239366175627, 0.1574364876364833, 17.27406411319113;
  -0.9235762562036469, 1.461628425708406, 8.508710998497488;
  -1.484604328836866, 0.6588855976125135, 13.75443114839376;
  -1.559113856543489, 0.7845690596066648, 14.44727476068503;
  -1.47591732632462, 0.458722989680985, 13.8884068394681;
  -1.770948875921789, 0.4301589246543508, 16.97923696061344;
  -1.577102853504128, 0.3609561578657071, 15.62481557419162;
  -1.425025604452202, 0.8074757712216121, 16.17892193791824;
  -1.43187960047364, 0.6233986007040282, 16.51659401288434;
  -1.386730649488188, 0.9089919565751806, 16.65239136036967;
  -1.425188321314022, 0.1910367216307118, 17.45330919358207;
  -1.427923910579377, 0.4424539168260802, 17.67799418377462;
  -1.637265495426644, 1.073629372137998, 20.3151712107906;
  -1.521546297705722, 1.072351948839357, 19.79143455952457;
  -1.334460428308731, 0.6003149037128532, 19.95356455584799;
  -0.6968436961380332, 1.336042645267864, 18.61521104682053;
  -0.03025329961641517, 1.365548697377364, 7.505010979302255;
  1.525693941632936, 1.347631663698398, 15.32087146625988;
  1.921472053250584, 0.7621369770991917, 18.74375603775438;
  1.974417417839791, 1.351145599544018, 16.13857467144712;
  2.510758817274792, 0.8281280816271841, 19.72271600857281;
  2.499869628477394, 1.435298839804052, 19.00055693847508;
  2.451406206600858, 0.7691394143282854, 18.44004280544501;
  2.586558381243175, 1.315247525770977, 18.86940444263102;
  2.73335787445929, 0.6443775182233549, 19.55275489870708;
  2.811961082786366, 0.5762203758881694, 20.03794677445186;
  2.560101759267419, 0.4412155651485855, 17.80343797558066;
  2.825064405554691, 0.785169352523943, 19.36963332237999;
  2.491739595831678, 1.103831421657987, 16.98723984465783;
  2.484921584421653, 0.4240695788547287, 16.66274934949514;
  2.436880299508887, 1.428092269589765, 16.22962260181037;
  2.786530048946095, 1.224953948477085, 18.36003303958504;
  2.931865957270552, 0.8305891828728277, 18.9559708173211;
  3.11440349758968, 0.361648918384217, 19.84400181259607;
