m=[-4.666033535837275, -0.474580595215237, 8.11796302537209;
  -4.606917864637674, -1.463863985073152, 8.112664659991738;
  -4.543492293871079, -1.175595554736114, 8.069579585749901;
  -4.584876514344379, -1.507037289816318, 8.128004345127005;
  -4.560737971128361, -1.379244153589096, 8.110540713415524;
  -4.617144718267308, 0.1479099025543053, 8.388156395110894;
  -4.56207259150439, -1.064465334365522, 8.633220066601005;
  -4.600565601049166, -0.05278728766433668, 8.8108697080082;
  -4.461704909492871, -1.516902071234906, 8.619529844333247;
  -4.38568433259705, 1.296665689175718, 8.645108578535954;
  -4.602731714277756, -0.004761057177093566, 9.335632943273048;
  -4.455472483964593, -1.466390592741533, 9.35578690229201;
  -4.641904458811893, -2.101851845467949, 9.886075576737841;
  -4.545195055687161, -1.888031831513077, 9.902582261366753;
  -4.56816974270173, -1.98780149460673, 10.16636895960916;
  -4.101515711553962, -1.116688359342664, 9.247938301873164;
  -4.650613818187848, -1.855214236525126, 10.34403367715094;
  -4.64550295820592, -2.104621838638597, 10.37455938200176;
  -4.581526544277857, -0.740395050612519, 10.34972106435679;
  -4.609366075448472, -1.753183967132097, 10.41645087176712;
  -4.574922167573735, -1.910443519429001, 10.65304224101498;
  -4.487262771618838, 0.1206830375556009, 10.87913875061271;
  -4.483281122171618, -0.9519013555385884, 10.96940544711156;
  -4.564825801343369, -1.07729358963229, 11.30109316805029;
  -4.620397971654527, -0.3518058314826444, 11.71262717471773;
  -4.62492979968808, -0.2213134548342604, 12.04764693992542;
  -4.665600156838253, -0.4941217573951721, 12.15651997768689;
  -4.67272709170282, 0.6064268470941817, 12.17864338614899;
  -4.581623393749628, -1.117081828220671, 12.07330130590241;
  -4.566938299105788, -0.06496575578800613, 12.06565564692168;
  -4.522547330100038, -1.386549239878192, 11.99121776339532;
  -4.595782160421383, -0.73228433509128, 12.30040775951693;
  -4.608173547572434, -0.2770063061997262, 12.43411808197484;
  -4.61865583270046, 0.4428301793637073, 12.46456958817045;
  -4.555010617454348, 0.5448587918958971, 12.32264163764308;
  -4.733949684098218, -0.8043118843482191, 12.79241749043857;
  -4.941901889471695, -0.693461089847067, 13.64628805407475;
  -4.901070408538223, -0.3542843671887779, 13.58290397122674;
  -4.634621810329268, 0.8550186206993183, 13.05320795142186;
  -4.832729589937309, -0.3319943390347652, 13.71935125137271;
  -4.791651371811615, -0.7057696336237105, 13.64177349524794;
  -4.591297434743839, 1.019378387049584, 13.097832018915;
  -4.823090486805453, -0.8760403052834587, 13.82438214585231;
  -4.773869394325365, -0.2885202543521326, 13.73127212968912;
  -4.611544222333431, -3.237705332553711, 13.40133368333733;
  -2.883104419689282, 1.398756480206094, 8.804675367156049;
  -4.561619416376463, 1.233795213498898, 13.47889988226637;
  -4.570858163530968, -3.016130194073357, 13.75391012916992;
  -4.061003405564977, 1.467745512750642, 13.54389821902515;
  -4.521021135785846, 1.119244670895302, 15.47195260171111;
  -4.627231207171815, 0.6291607258251568, 16.10426912168205;
  -4.538281822739053, -4.136256662483349, 16.87626157586924;
  -4.633965911588231, -4.267519355242828, 17.55170767505723;
  -4.65815415459498, -1.529776131736812, 17.90714514511337;
  -4.345827279843128, -4.306764708577205, 17.60624128099886;
  -2.296961115713818, 1.503286023149542, 9.885878802755279;
  -2.940485503070583, 0.1469421652487757, 12.43019104470234;
  -2.780345868738797, 0.1778364011426125, 12.73169572755818;
  -2.719457520065878, 0.1061864678953205, 12.85637780401459;
  -2.232411824578561, 0.7043107117775679, 10.84027398631046;
  -4.290229615471886, -4.098008946058836, 19.87496082101808;
  -2.750958863631178, 0.286173515690861, 13.42402123711488;
  -4.433524510551685, -1.529176134704929, 21.01843476111095;
  -2.628362492014259, 0.1640152341834285, 12.92724751904032;
  -4.416922984089546, -4.35211315030854, 21.15781613103588;
  -2.489147287674024, 0.2086617391308711, 12.62251725026742;
  -2.20073409650872, 0.7635292429366424, 11.28032819370222;
  -2.535529298718763, 0.08779779127983259, 12.8888870245986;
  -4.552016201621436, -4.519228460700485, 22.38137168555474;
  -2.276222627336744, 0.7560796535701961, 11.7661923066415;
  -2.469304489598848, 0.1683154250976273, 12.84293737882616;
  -3.846583301240044, -3.910264159823377, 19.59063403579317;
  -4.566569748928655, -4.337570490688905, 26.35144093045453;
  -5.739957698617977, -7.984650252145694, 32.82308004165184;
  -5.832202510272978, -6.333524990182483, 33.45022982519866;
  -5.475514770201242, -7.79801697499347, 31.57135879654529;
  -2.156399356184356, 0.1610216745851065, 13.10074871641761;
  -5.45294599567373, -6.514372381553875, 33.37968431928179;
  -4.34606541016293, -4.188379408688993, 27.05865410671736;
  -5.375594040226404, -8.093430354527198, 33.17992110930051;
  -5.241799798637479, -7.503850693309782, 32.71799809903032;
  -3.981221087031202, -5.349857978028871, 25.62900398506285;
  -4.85128741141076, -5.783113100807214, 31.10855249255349;
  -4.861092160145763, -7.610678802215044, 31.95602218507545;
  -4.542001545769826, -6.047144790927161, 29.91303618880503;
  -1.793925739038258, 0.08221907548947517, 13.0387403305374;
  -4.760158105722582, -6.820663039754976, 32.87034483771394;
  -4.532448325921008, -5.479087385125176, 31.50060726923426;
  -5.655079395694976, -9.096796778481178, 39.27662146980858;
  -4.404095741563062, -4.063164138552929, 31.20431730590934;
  -1.754111760762502, 0.2599002194345094, 13.42938275694768;
  -4.294604107456818, -5.352421138695128, 31.41423389717055;
  -5.550581116134199, -9.338250225396736, 41.1261756390106;
  -4.460333497461059, -4.611863930016691, 33.40926932917481;
  -3.56940512665969, -4.210586960851218, 27.01763096102611;
  -4.91027339018784, -7.960819888553709, 37.32528502121833;
  -4.570330027365261, -5.417820086417466, 34.87500806014984;
  -4.456153926809347, -6.114607260450348, 34.23097426809154;
  -1.746302354219883, 0.09858536073660355, 14.17724047760633;
  -4.688843583952633, -7.461356657503091, 36.67638738025177;
  -1.291582029397159, 1.257732958166312, 10.93522392547875;
  -4.130029540822102, -4.717299667618393, 32.60138115663067;
  -0.9152026294415936, 1.486090114444439, 7.974030893884322;
  -4.660579238673028, -4.856434743880822, 36.75346304755905;
  -1.560257766811295, 0.5337257277863218, 13.35397071979201;
  -4.341663028150701, -7.542235969338571, 35.82985051313938;
  -3.840999832368944, -4.943225400674234, 31.94832553970314;
  -4.861749037203603, -4.90647415980767, 40.18696811607344;
  -4.619817595387507, -7.516394165668214, 38.85550574534395;
  -5.097222678333794, -8.058664926253814, 43.50845411195606;
  -1.582929207221463, 0.8526122521179088, 14.28221957929576;
  -1.53607951031772, 0.5235690496372842, 14.03219488866017;
  -4.295560610562235, -6.00492135987951, 37.4711853056803;
  -4.657802369526999, -7.841411653123621, 40.77443346774019;
  -1.61166080308113, 0.4260277508745883, 15.13495609178571;
  -4.702249641778589, -7.821717875961782, 42.35618812400231;
  -4.657556493924995, -5.339299554406366, 42.84509544722819;
  -1.512401403188735, 0.6674522362731861, 14.76605886903436;
  -4.647097440926899, -7.301716737608746, 43.3762228306536;
  -4.673703560759498, -7.765557337399519, 44.30672119218951;
  -4.861162915885108, -5.121321746188217, 46.29336014878292;
  -3.660661326493643, -4.690268208793998, 35.95258697640109;
  -4.043257814043974, -6.503863209754873, 38.98763014072492;
  -4.215822744922952, -5.017264268078655, 41.41302598680414;
  -4.80497776386918, -5.175722429523158, 48.58775736044164;
  -4.548296960002515, -7.482626296751337, 46.5395047529435;
  -4.61459510967896, -5.436431636067424, 47.61125682926619;
  -4.102651868977516, -5.597391943870846, 42.5170193318659;
  -4.33937596693061, -5.511428281237965, 45.4939401823116;
  -1.51247582535846, 0.7125564007732409, 17.01189114357134;
  -3.744870548818781, -5.090114555154223, 42.04990225277479;
