m=[-9.115127777556468, -2.779172485318473, 12.98891068845056;
  -9.197392602077148, 2.523775686709433, 13.44665084627859;
  -9.263225653108471, 0.601519030265521, 13.71172500220127;
  -9.129300303102642, 1.443378284395674, 13.63730827755529;
  -9.282892155067929, 2.651050208217026, 13.94942700547725;
  -9.05676355729403, -0.2124850847101056, 13.64305562581724;
  -9.018161127830657, -2.838685225999243, 14.10849364421103;
  -9.121679694414961, 1.780429064567261, 14.52172242571989;
  -9.321087869973457, -1.727025147024049, 14.88922528527535;
  -8.844723352957175, 1.887130844681246, 14.21715789213201;
  -9.173860705597598, 0.05825347550204642, 14.94384007926212;
  -9.037802892190973, -0.2159855044299329, 14.75450470166614;
  -8.792594975681098, 2.071327740731935, 14.41964583927435;
  -9.110302689158159, 1.68807367532158, 14.94451926184322;
  -9.097176829602301, 1.179771786748315, 15.15057365039325;
  -9.179766962295249, 0.3733677785677155, 15.49700935472629;
  -9.222913780592133, -1.513184583380388, 15.62584374214067;
  -9.061371454277072, -0.222091454229321, 15.46785843854276;
  -7.44884138492251, 2.700572251522539, 13.07164923989833;
  -9.221682924450132, -0.9379340584585881, 16.04387976156245;
  -9.08961194987341, -2.888255437294783, 16.00657441818234;
  -8.889672277043452, -0.2204083578124151, 15.72214982226596;
  -9.139160335922586, -2.029776412975076, 16.14524589450106;
  -9.019638591080275, -2.964732344458362, 15.98988793491181;
  -9.107525280483857, 1.542866105563571, 16.14413153918054;
  -8.977825835704053, -2.322947077050374, 15.94528512482411;
  -9.009054484110596, -2.724490160416069, 16.0211579014876;
  -9.069064328481025, -0.07274073499342042, 16.12530343012671;
  -9.042445501784753, -0.4126441253877706, 16.40400304928674;
  -9.107790380424349, 0.2917674168461298, 16.54649676078509;
  -9.058485513207335, -2.607381989177686, 16.63158599409219;
  -9.057778094798746, -2.985307601959208, 16.70091734075794;
  -9.097204763821713, 0.6854687623451272, 16.77728358563477;
  -9.022267006155472, 0.8148909319504718, 17.04618123113023;
  -8.986387545230063, -2.096787771611738, 17.00574897168619;
  -8.966274371062537, -1.857409712519559, 16.98140858393978;
  -8.932402384455534, -0.6584004727651531, 17.08198065209764;
  -9.044227515217136, -0.1037742488529235, 17.32124202902097;
  -8.835654458173819, 2.433003135913195, 17.0573892262137;
  -8.894941217845743, -3.024125313208257, 17.18406143976156;
  -8.993506773195668, -0.002359408769235267, 17.57097436582355;
  -8.739494809982491, 2.583907596040553, 17.22738706757531;
  -8.634431523419314, -3.197839885305506, 17.17898786244504;
  -9.070082951966786, 0.1551245645013789, 18.11675956772804;
  -8.877133472731172, -3.090983823921527, 17.78459490203923;
  -8.804972781976698, 1.199710052496625, 17.78293291419271;
  -8.917420050645983, 0.4420630065663668, 18.24581226521143;
  -8.913714420129615, -2.548443123427349, 18.24636564089538;
  -8.927060504380565, -0.1359433127899115, 18.42679922831522;
  -8.858665142575868, -3.570622177645062, 18.41186939590716;
  -9.01961239865329, -3.447566535771356, 18.88915637967206;
  -8.829876049462163, -2.906099683166168, 18.54134190924486;
  -8.879146579811968, -3.540551556543059, 18.80086917160486;
  -9.185542588536366, -4.159208749910632, 19.56286887189778;
  -9.088591266008919, -3.625603966666879, 20.21511521033776;
  -8.875981302112152, -4.021218855274924, 19.82226594639013;
  -8.193835365974341, -2.23087297844023, 18.47514169134497;
  -8.800282759097097, -1.422164803773538, 19.87993978947452;
  -9.039004490280853, -3.438008067010293, 20.42674516658608;
  -9.231837436541721, 0.04400990054304046, 20.92346643491279;
  -8.025485425384678, 2.446202080259594, 18.60209198871143;
  -8.863017476655536, -3.701110899957107, 20.63818707799769;
  -8.543474346503873, -3.804922743981839, 19.99731785012533;
  -9.27620547663247, 0.249479629539511, 22.48968504758881;
  -8.698181012081397, -1.84681934290788, 21.28215286389878;
  -8.856876771510237, -2.090212635781891, 21.92688043940728;
  -8.060838040502597, -2.745441831637751, 20.1377702577641;
  -8.825264448645214, 1.081130823803537, 22.16080027315586;
  -4.931231086708811, 2.850815370980674, 12.83565711908856;
  -9.075441279577776, 0.7259318521087571, 22.82521403139754;
  -8.948323524205218, -0.6813422603684126, 22.68384193758983;
  -8.648174433546183, -2.366352020512618, 22.16673705313819;
  -8.947304683154535, -1.300675074549376, 22.94495356304178;
  -8.918966805882956, 1.573947854007679, 23.18560210501235;
  -8.692298508291344, 1.12808710522481, 22.65495109406396;
  -9.11688374570133, -0.9655457962446211, 23.75462441341591;
  -8.728748626794998, -1.228943683557243, 22.81095065658845;
  -5.139539993945514, 2.872595207723587, 13.86730932890422;
  -8.922823086774052, 0.7269434098157006, 23.45719810762229;
  -8.826026311630873, -2.151943265692856, 23.25797339421504;
  -8.88155769344057, -0.1263422166754747, 23.4646955397458;
  -8.664063131080839, -2.656279585777398, 22.97215709145424;
  -8.369110049721945, 1.507432217673015, 22.26263558868686;
  -9.304123960962018, -1.346377508244296, 24.75904999315597;
  -8.686578272447894, -5.65740085576586, 23.20819256367859;
  -8.814357275731432, -1.576788583867025, 23.59373604884448;
  -8.891628913997257, -1.416777458087325, 23.7980516636256;
  -8.70241306505716, -2.739637576254014, 23.43644198361768;
  -8.494901421345757, 1.449564396816266, 22.92319507912891;
  -8.925752222286173, -0.536544387407455, 24.08413137148913;
  -8.970677013838893, 0.8600958059976311, 24.20956051765802;
  -8.848731670312922, 1.058462790234316, 23.93841825595303;
  -9.272486065157043, -1.57542247749508, 25.0567751740603;
  -9.502726208394487, -1.15674845613299, 25.67046229756896;
  -9.60092500035698, -0.8300315470198406, 26.24293438323079;
  -9.511734382494881, -1.334712391857268, 26.26516474434662;
  -9.564221183178839, -0.691370204278834, 26.50643370974082;
  -10.6839288223973, -7.255877469460118, 29.52407051870694;
  -8.616691004878922, -1.028323841414787, 24.26182622847201;
  -8.841345963703855, 1.631096503745683, 24.90126102144494;
  -9.120173320150736, -6.367890233378927, 25.78165288176591;
  -8.479450452701258, 2.232774018764585, 24.053082994529;
  -4.862543073707483, 2.829539323089428, 14.24981409431326;
  -9.321935671292497, -0.6403896212524275, 26.46349385727201;
  -9.227660112969071, -1.359156122134996, 26.27103672291273;
  -9.36060394853784, -0.7806839411094927, 26.63598902227443;
  -9.483249860715734, -1.722486676496773, 27.18175626556997;
  -9.139917028332178, -0.5523928218284345, 26.2895101629701;
  -8.48232118519269, -5.95532758869118, 24.64996780503379;
  -8.820305571412371, 2.307755815036835, 25.61823564952634;
  -8.131877121988593, -2.589406077862618, 23.92996992212957;
  -8.844494489136817, 2.392197588281621, 26.1341521171948;
  -5.718108892544061, 2.77417696471503, 17.4624589276321;
  -8.789472308196991, -5.799828362699749, 26.4479027536445;
  -4.775730949494006, 2.920827378362644, 16.05282792495497;
  -5.137304790049882, 2.72473740963276, 17.30553694013153;
  -4.836026652960562, 2.806908487556318, 16.4364517847478;
  -7.73667601879122, 2.796223094672956, 25.80267537044902;
  -8.936629608817414, 2.212392900856337, 30.58315932925571;
  -8.870778930067127, 1.206152331792983, 30.87319496534579;
  -4.782767508424909, 2.919850821511916, 17.14503836281497;
  -4.798212938210149, 2.751271876899689, 17.23403773636996;
  -6.787688579816884, 1.700113570666485, 25.35645345751114;
  -4.991747383827374, 2.871873790646776, 18.95519135735978;
  -8.404192893515763, -7.659704753112812, 31.25221463647048;
  -8.608143356131118, -2.532458245914404, 32.370213847576;
  -8.722137041446931, -8.032404500510856, 33.03615144652544;
  -8.792145319364861, -2.887412827044011, 33.79927266157318;
  -8.065377295750279, -7.99288146121422, 32.67524674758711;
  -4.74213040672077, 2.667193422247227, 19.63632324457516;
  -5.911778502930221, 0.2954238450706895, 24.9906133285307;
  -5.469068193559348, 0.08599898668255164, 23.3041350431362;
