m=[-4.494510069864701, -0.9913097595218038, 7.145062394487469;
  -4.438214980670518, -0.409739224539531, 7.189039353958669;
  -4.347934704055402, -1.333415263684432, 7.127124255261304;
  -4.323721548944961, -1.068047784653317, 7.144129017848362;
  -4.374753772168453, -1.386986409412497, 7.220543033318843;
  -4.316891699124414, -1.258465385981719, 7.146381477420305;
  -4.396090691610741, 0.1791374700960966, 7.449498786314756;
  -4.383981742244525, -0.2531405106217687, 7.576084862870047;
  -4.329556560826698, -0.9632350239299337, 7.654888061309707;
  -4.333492834615464, -0.8521412150575789, 7.667537758559197;
  -4.345556005971897, -0.005441611571515429, 7.783800813173307;
  -4.297284464276546, -1.418774514146624, 7.766619444157835;
  -4.331042445663898, 0.1199087015067378, 8.11196846754854;
  -4.280439922544725, -1.1768145861677, 8.221357357981606;
  -4.314120471470582, -1.59071589947697, 8.489171612905768;
  -4.282085238140655, -1.718182394187504, 8.442470881418103;
  -4.356656424889819, -1.914179650618359, 8.737525936854604;
  -4.243044170602913, -1.776621951990337, 8.539088350208639;
  -4.356262498642358, 0.06514792797165557, 8.836802719641391;
  -3.818550741675806, -0.9913237858393663, 8.077493114494018;
  -4.419286495248953, -1.947029572316669, 9.303822700301428;
  -4.306103450882296, -1.735602859055458, 9.462861458162537;
  -4.161612032900762, 0.1590521753302614, 9.562732203982044;
  -4.198167804409017, -0.8377144874558674, 9.708180052772544;
  -4.02456162065293, -1.297495578696505, 9.462503127121424;
  -4.271396658331896, 0.5737637987648547, 10.1570521061052;
  -4.34827492757763, 0.3956255848518008, 10.37023357159385;
  -4.353502432656265, -0.2803545921382573, 10.46188223032275;
  -4.270233111221611, 0.5992829893402, 10.54730341779958;
  -4.322451957793045, -0.3955190094894967, 10.69468538820462;
  -4.274307945873061, -0.007873795572966202, 10.71838805480358;
  -4.33916549763336, -1.26916184184406, 10.91053003311762;
  -4.258832134119622, 0.1466103354143167, 10.81475571973574;
  -4.269221531029425, -0.7007073778696104, 10.84572390066113;
  -4.288060316628087, -0.6249586956692318, 10.89912159409667;
  -4.259375489720997, 0.5585422855862697, 10.94587498385203;
  -4.226924038788161, 1.020221163580616, 10.88147798339236;
  -4.341273779746392, -0.6760574141738098, 11.16502824380609;
  -4.613163876308419, -0.3397621867281318, 12.02588924257633;
  -4.637447929923772, -0.6533477550778449, 12.11219785858837;
  -3.752373705426643, 1.207463633735437, 10.07514574102119;
  -4.597676695055177, -0.5745190207620361, 12.10347227950769;
  -4.571213728415179, -0.2679940410890563, 12.08471086183282;
  -4.282443428447531, 0.8395124360491836, 11.47488298009458;
  -3.748239018659265, 1.252777383857341, 10.21432075549872;
  -4.521691771795893, -0.2986735000188605, 12.10998008323016;
  -4.393754145105365, -0.692989585228901, 11.88069748140434;
  -4.450785175689671, -0.2525400089744928, 12.05389494883763;
  -4.484479894869324, -0.6327029722296382, 12.16492317518661;
  -4.471729015512699, -0.591683745541948, 12.13572182255888;
  -4.339390167571296, 0.9088760081810861, 11.84692201166506;
  -4.441941178011557, -0.7386112025288, 12.15265966281241;
  -4.127306183614416, 1.195100192578035, 11.3877851537134;
  -4.433424338643532, -0.2071217543027921, 12.15716107873817;
  -4.248904805215059, 1.154216251908093, 11.75115679016765;
  -4.312513299817362, -1.163882751875031, 12.04604467333214;
  -4.24986203122804, 1.198690916425781, 11.96879196371843;
  -2.318549505867673, 1.379000430628908, 7.305835555581854;
  -4.222138242530267, 0.6211094736092169, 14.0793970970886;
  -3.101633908455672, 1.039279744716675, 10.65851700605588;
  -2.397955640858491, 1.406667800731568, 8.525376114539604;
  -4.362406431546382, -3.85391655584457, 15.52053135395792;
  -4.204478576159345, -1.151693987937998, 15.15352987998913;
  -4.347626731937679, -3.88248169706839, 15.78660048774142;
  -4.467562496035219, -1.246541833149123, 16.20687777546931;
  -2.426233199034341, 1.386955456150247, 9.406651890263753;
  -4.289750641508311, -1.323564757565857, 15.83166311991741;
  -4.217668392514199, -1.271823057560941, 15.82155277371393;
  -2.159692030195283, 1.438527243680881, 8.704146753582633;
  -2.325861574812397, 1.386434127497202, 9.643037313852355;
  -2.521989839468502, 0.2105550949190894, 10.9226399985336;
  -3.133178332672594, 0.01589076817778864, 13.53123582590207;
  -2.453932868691388, 0.1467969010789812, 10.96094292566859;
  -2.087606266781861, 0.6921138837160931, 9.505404287187236;
  -4.335129194976933, -4.166266504791602, 18.82397260259115;
  -4.162088440981578, -3.84040832167957, 18.50829334885673;
  -2.369368056014307, 0.2431347339025183, 10.98451124446102;
  -2.482270827507501, 0.3061635290452877, 11.46948244257888;
  -2.3415862529145, 0.1931584512949257, 10.88855089953295;
  -4.187607923448838, -3.82276979669683, 18.99096217366972;
  -2.02708502954413, 0.7713426281142842, 9.716033009848303;
  -4.310077338019708, -1.260801387609569, 19.54276871593519;
  -2.238092796936611, 0.2346779640237075, 10.71263635320112;
  -4.151324526046547, -3.942857788780553, 19.10084202637137;
  -2.171279297613105, 0.1931182843751985, 10.66775648801743;
  -4.118557785977435, -3.681005241728392, 20.68531907321715;
  -3.178321807808457, 0.03527533894293873, 16.25746821712933;
  -4.083185600931715, -3.297136590538045, 22.12830188755572;
  -1.903859733654863, 0.1836651605176843, 10.90219971594923;
  -4.170436644840459, -3.782742552642709, 23.17097413582581;
  -4.230874753142408, -3.61412796517596, 23.56209426536683;
  -5.394244761296607, -7.238390207817036, 29.79599837830968;
  -5.084860640680302, -6.994930390127024, 28.36054344039026;
  -4.728187089183129, -4.616025331621389, 27.50725144955628;
  -4.925126841800035, -6.770725333498249, 29.11986007770138;
  -3.859254078514719, -3.544469668399934, 23.13655592186857;
  -4.997766539185177, -7.256309106480765, 29.78718402605296;
  -6.323904326112679, -8.310876715793091, 37.69642850005281;
  -4.921763769383363, -6.789553084325684, 29.67284564825785;
  -4.785674332160216, -7.289930343585593, 28.89491433545807;
  -4.864531982735876, -6.563676811979704, 29.43850707970007;
  -4.57317375088664, -5.237122362395542, 28.29760743451391;
  -4.32429063299954, -5.538021181676887, 27.45244786849228;
  -4.695618890800242, -7.074695393765507, 29.74706461266871;
  -4.661942051935367, -6.867168752904024, 29.71494532506856;
  -1.729457918153771, 0.1295060714696978, 11.74796673199331;
  -6.191396616428488, -9.855024443109008, 39.73075783683105;
  -4.558372211920493, -6.015101346426127, 29.9500179826867;
  -4.335364949375485, -6.097370956154657, 28.57404411771181;
  -1.357010317166645, 1.223856958599266, 9.765613589225126;
  -0.9192681239636353, 1.370299718917535, 6.974193371604964;
  -4.348280374838323, -5.195592994266578, 29.23631528965612;
  -5.127769439331929, -8.211674772953867, 34.49322775203041;
  -1.501465045651562, 0.2657422488949315, 10.7924759800072;
  -3.889311982368549, -3.415087138020863, 26.56958535963886;
  -5.50409901266933, -8.892729536491119, 37.95380005508076;
  -4.071743850711566, -4.850258848920666, 28.65932087004085;
  -1.335246821913172, 0.1170241128846984, 10.217820288156;
  -1.08955984784582, 1.32399917165048, 8.599803465969217;
  -5.310412419122603, -8.54866754157435, 37.85618250117332;
  -4.130470457299921, -4.057650365270169, 29.77816753440693;
  -3.62238876116424, -4.096594846404606, 26.51977498027076;
  -3.948789755867924, -4.455399541060354, 29.02152549778012;
  -4.593513474041219, -7.151381330486695, 33.66385213819159;
  -4.093055140922648, -5.373055606073504, 30.24869828578833;
  -4.009358624889908, -4.975486575559255, 29.73778962303783;
  -4.393957589766934, -6.695582241637294, 33.07969058480312;
  -3.88390146091357, -4.214456067984565, 29.46840539058101;
  -3.696415711664056, -4.518680899461053, 29.47708351590676;
  -1.346816078891103, 0.6754919320885865, 11.35617789978226;
  -4.170250478874121, -3.970710586541772, 33.22845788291415;
