m=[-8.745958951243454, -0.3257869776749312, 11.70802609515462;
  -8.86990042483672, 2.604628580422065, 12.29109470987924;
  -9.017066823642843, 2.397884675277575, 12.87372999560554;
  -9.210336198802393, -1.624720811421018, 13.63185884481031;
  -7.831194255866482, 1.911371349321307, 11.86941272362824;
  -9.220841675293526, -2.033750108829774, 14.65865869150136;
  -9.002071969064597, -0.8310778103174094, 14.58159416220896;
  -8.924455628943001, -2.736932857940042, 14.62894650159228;
  -8.771648947154279, -2.166776958162526, 14.49348462160684;
  -8.860361187787236, -2.809118224693918, 14.62405030751119;
  -8.812730966307978, -2.569097779153756, 14.58900100641524;
  -8.911230664132603, 0.3631261110381167, 15.10073532916658;
  -8.91020140458688, -0.5144941438887308, 15.39797516397798;
  -8.809429672442649, -1.959912310216848, 15.57554384129641;
  -8.885491780998226, -0.01112663024654109, 15.91577649795132;
  -8.509053400449824, -2.80931555833209, 15.37868394347422;
  -8.3385406902899, -3.246847678746817, 16.25986865649946;
  -8.752293462027959, -3.227172829086617, 17.22244932588576;
  -8.62457925496779, -3.460603750054003, 17.0040424641721;
  -8.516241058346102, -2.71018385858627, 16.7975050459608;
  -8.706608879413771, -3.359803355107279, 17.32192704697886;
  -9.211902083628553, -4.135962939190173, 18.36277596298331;
  -8.918538293837196, -3.918528993425386, 17.88664334787526;
  -8.527388333037763, -3.570536788323949, 17.16129256368337;
  -8.922665423565817, 0.1334385070942831, 18.09988128722495;
  -7.723864768596744, -2.005171957033193, 16.33851916767851;
  -9.032599794992027, -3.473251692400627, 18.9412731374989;
  -9.220383436361493, -4.062275491302653, 19.41146219257976;
  -8.99990918051452, -1.354563488975416, 19.15724914294737;
  -8.90369267846221, -3.263636988968848, 18.98281672012879;
  -8.947306592490547, -3.606269816762191, 19.6621199825319;
  -8.690711144491084, -1.7341695166135, 20.09709771218481;
  -8.85525946516071, -1.970851633951943, 20.74796726106094;
  -8.882399419797862, 1.193145858582063, 21.12166135592723;
  -8.972789054918252, -0.5778250166956651, 21.56246925829971;
  -8.958114982673855, -0.8196978935653041, 22.16432301539671;
  -9.506739725009576, 1.334172456841151, 23.48126338354384;
  -8.929805332227188, -2.057765959005141, 22.33007701491584;
  -8.843992525765284, -0.01629171086373217, 22.17747177913557;
  -8.864843189696241, -2.592876606441967, 22.29003201486819;
  -8.923324386622449, -1.300520225443623, 22.6807438170188;
  -8.926374859509712, -0.434260069034611, 22.89064949260243;
  -8.995857874378997, 0.9728308301631944, 23.07440475183341;
  -8.849529210019009, 1.160460326462142, 22.74179410398963;
  -9.09492478465558, -1.416333464317641, 23.39062156589066;
  -9.369494528974688, 2.261445089335762, 24.12012789843815;
  -9.726556639838638, -0.8213848864795078, 25.1252461150576;
  -4.620355636899745, 2.732918886834514, 12.46546226301208;
  -9.662304417998561, -0.7116343069345145, 25.18831020845749;
  -9.71876787916252, -1.214443157987857, 25.58484326288664;
  -9.495700719568058, -0.5566992400706613, 25.10335426085234;
  -9.281308973167434, 1.819469290365759, 24.86943170380819;
  -9.451298379987334, -0.6242911966005685, 25.31243634434058;
  -9.552518757585686, -1.506637784702871, 25.82998087654593;
  -9.416092077351069, -0.5342742648437117, 25.50124983540339;
  -9.39468432409234, -1.243072196409884, 25.49601623274291;
  -9.549621793112239, -1.347329954379716, 25.90499192519702;
  -7.918050036200211, 2.451799318040074, 21.66091891413941;
  -9.206080786603582, 2.02436040367282, 25.13307462524584;
  -9.7055683024406, 2.032810564436566, 26.49706671162409;
  -9.230036922059329, -1.534781393354536, 25.252359924134;
  -9.425044869344438, -0.4403214487513802, 25.84498570376256;
  -8.558127381483807, 2.478086002517463, 23.61300848610709;
  -9.465258308440207, -6.479726971419822, 26.17739354042208;
  -5.426063120915029, 2.68903900398849, 15.46698887777937;
  -9.022625470141639, 2.544868307229605, 25.41021953775465;
  -8.949322557572458, -5.728896185718198, 25.6689564555501;
  -4.572053955817071, 2.719314104777273, 14.40671172554787;
  -8.17815413324116, 3.046105400618499, 25.95340937109488;
  -8.771373681446173, 2.284136159911959, 28.75011284254687;
  -9.088897841594205, 1.337047777643926, 30.30838748898663;
  -6.32833622258072, 2.120466775899957, 21.74682159120457;
  -5.579427335914828, 1.951170001467361, 19.55087068860179;
  -9.224802268895843, -8.149542860427138, 32.8199206321333;
  -9.226544237095368, -8.239412290058596, 33.50236272205932;
  -9.238182704339815, -2.850359863136331, 34.09424198231037;
  -8.788939235101422, -8.416999149582582, 34.04850254935164;
  -4.33013387776208, 2.884214723607168, 17.4516181972913;
  -5.147557644674719, 0.3232729159239389, 20.64100002019557;
  -5.245669801511237, 0.6273983396302533, 21.01726084919052;
  -5.259465083561589, 0.4391005675607037, 22.7785389114444;
  -6.346060085264281, 0.03218577398089971, 27.40668626602184;
  -4.657293319446156, 1.504378813741908, 20.58376784027605;
  -9.693281440602849, -9.315707092258093, 42.09010990457557;
  -5.268011651472896, 0.3151381177336692, 23.53054387928056;
  -4.166178959005233, 1.381232824146663, 18.9696764031872;
  -8.705568734399192, -8.032731424768903, 38.7125891699928;
  -9.082674405649929, -8.291362043883593, 41.19027598252256;
  -5.273659554977243, 0.6504536904043181, 24.367262831947;
  -4.93902623621298, 0.5068224105710441, 22.89757772780653;
  -4.944198468355323, 0.4078490458566632, 22.99089201308422;
  -8.951005373288448, -8.501513440361473, 41.18486486413202;
  -4.349245446337455, 1.654966794188434, 20.84639356941547;
  -4.68053894300103, 0.4907836489982091, 22.40341048503295;
  -9.36863502052268, -8.972568790226907, 44.30201346939585;
  -4.579380478068448, 0.4073000200379735, 22.49904738635786;
  -7.186236046668856, -7.038022348804724, 35.12874430789884;
  -7.871847123618115, -7.035547885907847, 39.53608955106196;
  -7.045365764682804, 0.0781946197882113, 36.0378265397739;
  -9.194880075407538, 0.09106780635755818, 49.58956366203965;
  -9.427584935202793, -8.551173351875537, 52.37972550599474;
  -3.961325277240456, 0.3821486583522766, 22.6840026861677;
  -8.801717616896804, -8.083795595784865, 52.76704453991341;
  -3.68215003997035, 0.2757284703102857, 25.01233231390676;
  -6.543298294873294, 0.1023850763991825, 45.25456687355514;
  -3.264703493518037, 0.5778154149210583, 23.46656962656703;
  -2.94325864533912, 0.2579539799746682, 22.52294287923961;
  -2.465926672610035, 2.412372147379718, 19.33781293239937;
  -3.939246310892827, 0.5476370513758538, 30.36541392216385;
  -1.673901686327934, 2.747059688064327, 13.46827068933668;
  -4.264770861847085, 0.58366234727782, 34.14451656713552;
  -3.006224005865653, 1.695330069523976, 25.50844736477218;
  -2.899005375199121, 1.066474178280999, 24.80117125955114;
  -2.253131552764706, 0.650092522366017, 19.94218835612933;
  -2.988345259917528, 1.389712375625056, 27.29705137439835;
  -3.304665218851353, 0.9029307545193487, 31.43942834487926;
  -3.228126373557711, 0.7723327633168376, 33.27893933777092;
  -2.829675828468847, 1.404408777775213, 29.91879828368725;
  -2.520798805525982, 1.821192753142871, 27.81363711525752;
  -3.941567819039734, 0.7974598997808899, 44.42466115552167;
  -3.607660253083039, 1.133994917103949, 40.9930485077123;
  -3.124224269206113, 1.200948447022102, 35.62204662672348;
  -3.130542686580483, 2.257369297911286, 36.07796725531724;
  -2.712522900623966, 2.224318127760014, 32.02327649532008;
  -3.323364223915722, 2.562175048159013, 40.02788717873853;
  -5.156838478224031, 2.023477457155531, 69.62034893688562;
  -5.248935808696802, 2.771513634697801, 72.40317892236368;
  -0.07614730037658311, 2.691728293797941, 12.33757328310382;
  2.874206698071081, 2.749324277087184, 27.34804042749698;
  4.555880112742083, 2.646661660285119, 25.74821061907304;
  5.092281476056691, 2.456273770607814, 26.61242852425292;
  5.532048368886746, 2.726751910690319, 26.79130653395557;
