m=[-4.54175267285627, -0.2859871401358542, 6.613281163004325;
  -4.446067224810881, -0.9177640558594733, 6.521104842423977;
  -4.326828068313689, -0.1906711017144135, 6.919320413933424;
  -4.28724970598428, 0.05758832995292627, 7.121309319034448;
  -4.153115799595938, -1.310284944661591, 6.948271168556727;
  -4.313955847011894, 0.1000775147210809, 7.639349205876671;
  -4.232429589858651, -1.619185954886719, 7.766081220148376;
  -4.181634787037299, -1.671239860836919, 7.835661569931244;
  -4.270248775928381, -1.632265060961783, 8.173587043505181;
  -3.799499411321623, -0.9162084986317356, 7.457579928239105;
  -4.424364527068306, -1.85983057044435, 8.729909793717358;
  -4.284393881416971, -1.489264391922473, 8.551357937507751;
  -4.281963340089789, -1.64012253529328, 8.823211893042547;
  -4.212914592899919, 0.2216394845652049, 9.050730039610794;
  -4.268880096163607, -0.8670939783842698, 9.397379504636037;
  -4.278090588063852, -0.08171711278866937, 9.964670295482096;
  -4.257520038574624, -0.2907666760830786, 9.927249386957856;
  -4.259947759283339, 0.06881804480789658, 10.06211327006078;
  -4.279736331126993, -1.160741545973647, 10.13839051396798;
  -4.269816223750024, -0.5738038006378567, 10.14978155874719;
  -4.245470958483423, 0.6358845682574227, 10.29061579210752;
  -4.547803590766548, -0.1767187125230045, 11.37765938069894;
  -4.32990551948843, 1.049624111034847, 10.9785142019299;
  -4.401182438758951, -0.6008559876632212, 11.27176910140913;
  -4.466450759838581, -0.1675426451919036, 11.45144667721636;
  -4.479949781569025, 1.139976921193436, 11.51912657659859;
  -4.467411307550227, -0.4976525026274393, 11.47703854843298;
  -4.288589872269677, 1.014902262688415, 11.07746736108193;
  -4.260317710897629, 0.9627419585356064, 11.02537641919986;
  -4.427739994141685, -0.6484718243425022, 11.46516850580171;
  -4.395849537852453, -0.1161617971144665, 11.41574735637454;
  -2.299724507982051, 1.399039756303453, 6.649519371770547;
  -2.969708456432486, 1.041035271548805, 9.564560485664833;
  -2.157629342413218, 1.470436462714239, 8.052044559529152;
  -2.413358473132603, 0.2161061943429547, 9.035060052739885;
  -2.088593432525757, 0.7411160891839882, 8.826394012788649;
  -3.670596436789036, 0.1291587047368556, 14.94718320601879;
  -2.388282585942454, 0.3142967353380595, 10.3573654565188;
  -2.432064499257683, 0.3688597588073776, 10.53847431654171;
  -2.367934763901237, 0.265692948504541, 10.30120580605307;
  -4.365032769637301, -3.971376071662097, 18.08153856605633;
  -1.998221026485484, 0.7468193120803622, 9.049294072588486;
  -2.269771491427456, 0.3035733427952043, 10.14609995439105;
  -2.179781955393689, 0.2604899633139939, 9.998630489487177;
  -2.021035611079054, 0.2919287379538372, 9.598802608795902;
  -4.313756654099701, -3.899451602474187, 19.46275703468989;
  -4.076459506483816, -3.762978939712579, 18.88080405089842;
  -3.486038978901192, 0.1550630259460948, 16.88712158466975;
  -4.996810298653975, -4.950018404392098, 26.04231676035216;
  -4.354450292573411, -3.660442242045511, 23.00706682809163;
  -5.543901374398564, -7.03729995487052, 29.35419811654794;
  -5.45849739038565, -7.084704739554223, 29.06495580455911;
  -5.278734167560621, -5.483386327230115, 28.90214225639516;
  -1.562310488669126, 1.385097085071511, 9.361828524737319;
  -4.242935015650307, -3.589997539313087, 24.12989728093916;
  -5.181831241217056, -5.572784584722921, 29.30870327035309;
  -5.216798642699341, -7.154473937701948, 29.74766055974436;
  -5.154959840098485, -6.878353833385829, 30.04768989213098;
  -4.913073559587621, -5.268931259659772, 29.0389590249419;
  -1.678346653530333, 0.3441605730616838, 10.69726056196134;
  -4.964847162978774, -7.048378963623922, 30.01109307252237;
  -1.47985685127114, 0.4476183114829711, 10.03719876043253;
  -4.794113533670209, -5.75543036190341, 30.50493353912151;
  -4.872607168243173, -5.229291336332503, 31.0175261726682;
  -4.604458391788024, -5.124547211607832, 29.49712737558579;
  -5.524877527967768, -8.300018110676964, 35.42893555201836;
  -5.62694425310913, -8.174480581508757, 36.06518874105114;
  -4.433725804529692, -4.895178234435722, 29.64598682367801;
  -4.982979681100044, -5.976264855601335, 33.47026816680444;
  -4.350965603340217, -3.925011714223798, 29.84333550296914;
  -1.395052957342698, 0.5675875481837931, 10.32614654933174;
  -3.406163606935004, -3.575687556981638, 23.54737596476533;
  -5.103145256765939, -7.729451078585482, 34.84236788323018;
  -4.053544056749221, -4.224764524262582, 28.32691636822553;
  -4.775780686940228, -6.952622238434087, 33.35466465471367;
  -4.642348672965317, -6.311563993301085, 32.63378802591209;
  -4.446325058002901, -5.418160752075259, 31.26346437056715;
  -1.810779985767078, 0.3309193029006602, 13.52950085625007;
  -4.424582393915554, -4.399051110666764, 31.81260963016299;
  -4.68885344769336, -6.658875189316855, 33.57739253215176;
  -4.490827482455075, -4.060445390521851, 32.45219307251458;
  -1.376290896530727, 0.5568246904096548, 10.85694474461969;
  -4.472816067920927, -3.851971212181401, 33.80927495526517;
  -4.036961442183593, -4.54659680518089, 30.50810414325434;
  -4.830275122192324, -7.480243639883577, 36.35506214505804;
  -4.930566583172213, -6.902012477405823, 38.57307544686202;
  -3.775373306351778, -4.620491445230302, 30.00407825427227;
  -0.9071854884503865, 1.414280664471167, 8.123731853532441;
  -4.808124975420459, -7.162573420489239, 38.41743197174678;
  -3.670289436914386, -4.084545119605873, 29.66429712664145;
  -1.555810953388287, 0.1625087595923677, 13.42507035712878;
  -4.721779072791668, -6.402994211040626, 38.55827823527045;
  -4.79769820369421, -7.080914891906598, 39.60524278822204;
  -4.831670719885794, -4.724272256895032, 40.48087148207689;
  -4.901427352247917, -6.748666267677456, 41.71771485101015;
  -4.837344602744077, -4.240785551350172, 41.91155300022305;
  -4.700390681530365, -6.846082802180104, 40.57961242950453;
  -1.426081425808799, 0.749333513924646, 13.16832326953102;
  -4.371884936903428, -4.786999844755516, 38.75147863446551;
  -4.330206770299126, -4.390689062284157, 38.62620801198053;
  -4.782887693496203, -6.865380658120638, 42.59700003594507;
  -1.388250558149115, 0.405341274280259, 13.20730862165815;
  -5.030612823968747, -4.511852885516303, 46.18555748405206;
  -4.860391449491144, -6.945900310602758, 45.15586977839157;
  -4.745571590418066, -4.696356417234243, 44.38395575478143;
  -4.145299055611988, -4.835179574012346, 38.8828209563734;
  -4.02245589515224, -4.344175172851445, 38.26471401449373;
  -1.342314288944289, 1.020676668012026, 13.61692303749212;
  -5.362838739784533, -4.813279646691648, 52.21350632319023;
  -1.412657977020235, 0.6182609974308286, 14.83172186704901;
  -4.311558587137246, -4.952495910761834, 43.58282954802614;
  -4.72800399088012, -4.979393383146724, 47.80685660527081;
  -4.237313519269299, -5.273789547623578, 42.80529368427038;
  -1.360172638383983, 1.167782851234404, 14.81245190455037;
  -5.537226691520645, -1.958835001914003, 57.48486075867593;
  -3.734449686482009, -3.950112782392156, 39.00309947788576;
  -1.29113284849172, 1.041608794946017, 14.33309278199748;
  -6.299658259086458, -3.557412129315896, 66.76131198533518;
  -1.357059263423674, 0.8949774334679151, 15.28684762302699;
  -1.065980422047319, 0.5020033951283092, 12.49737413176446;
  -5.166960931784273, -5.756961815781143, 56.52548118684263;
  -6.389583518079339, -6.717055465463461, 71.24556148828155;
  -11.30193211591969, -5.880320147494378, 129.8844643063919;
  -10.08940969084342, -7.89599311428326, 116.8478562470612;
  -5.150752269671176, 0.5409380396967285, 60.55532710620317;
  -5.757896302741257, -6.581875897301353, 68.00949548404319;
  -6.180009185511104, 1.240348259855332, 74.72051390596198;
  -8.007936302442177, -7.342395791639969, 96.38858986226374;
  -3.544218383594459, 1.032718912515668, 43.53617038694944;
  -1.599156051677006, 0.9241860581129622, 20.2585550424277;
  -10.29080744943129, 0.4706757677894911, 126.7280187296946;
