m=[-8.663666368614956, 2.026432676819161, 11.77641593349751;
  -9.194638355619613, -1.511534325853034, 12.49189148103368;
  -8.775300938430496, 1.302042208807182, 12.42771510244591;
  -8.857021209867295, 0.547429212879571, 12.76906438505296;
  -9.435714183800629, -2.504304805417935, 13.66298430373986;
  -8.994911847529066, -1.856743580758127, 13.19295463612645;
  -8.975770865336406, -0.7118381826638888, 13.4068231549853;
  -8.715182808279309, -2.539654459978466, 13.1774897928613;
  -8.70607302219636, -0.01930021007330253, 13.17755352394845;
  -8.862056822790921, -1.731367391997819, 13.45577516375757;
  -8.740336675013474, -2.019338811987907, 13.30936972046216;
  -8.861010954910578, -2.68528292557532, 13.49445930597376;
  -8.710538864716307, -2.404323759183598, 13.29708729725046;
  -8.890506083318501, 0.1237036546402212, 13.58584216552416;
  -8.779489147685807, -1.601551103283117, 13.71284647313867;
  -8.877628798148717, 0.4714990187954456, 13.90226799466965;
  -8.816180494272198, 0.8548058781566249, 14.02938393945598;
  -8.857524682706575, 0.1522947064058141, 14.15919638885299;
  -8.847116140829838, -0.3898674398275393, 14.14801567133721;
  -8.75970436526338, -1.820217950092729, 14.34396932149912;
  -8.791910454590818, -0.4366526907536925, 14.5716317128258;
  -8.716568372774191, 0.117084996194155, 14.47860139716;
  -8.88965204989236, -2.804635797871867, 14.87261998395946;
  -8.488610794057991, 2.680673609303195, 14.47560369095124;
  -8.692226897301708, -2.805145057521294, 15.15508552791381;
  -8.779045720730737, 0.2036611195179557, 15.54633341958598;
  -8.704217427978227, -2.633701400209382, 15.44607116719272;
  -8.963113813879831, 0.655623870724632, 16.03936123166742;
  -8.706952766108435, 0.05491247289136671, 15.83848320896665;
  -8.721266753738579, -3.054387411267013, 15.98330198903989;
  -8.712793991086256, -3.333223473342982, 15.98709780106616;
  -8.670237068850989, -3.600262747048172, 15.99244570351278;
  -8.73380381719295, -3.210241386023402, 16.18992743390186;
  -8.949443890771429, -3.84033324808407, 16.67418619456278;
  -8.725381463395456, -3.664861647323745, 16.33336548140268;
  -8.657890648424514, -3.460228522889697, 16.22339216251645;
  -8.775112970981054, 0.2408716579678132, 16.62190605350185;
  -8.94230621139139, -4.074807640872114, 17.09106391882569;
  -7.844239612465773, -1.891554181276983, 15.39651347540924;
  -8.471629292604369, -3.400635640188473, 16.61058878811227;
  -8.705181815029143, -3.659319471037219, 17.17658016607181;
  -7.821545983108139, 2.512938512971285, 15.80631751295721;
  -8.710325890166903, -3.46899376056888, 17.62765260806366;
  -8.504711392732119, -3.257563809757641, 17.52440755498737;
  -8.529013815954706, -3.532009273939569, 17.61485215264675;
  -8.687647835997767, 0.4570531269966111, 18.66393289228795;
  -8.339831357305309, -1.5103413750535, 18.09475217358533;
  -8.46052958578637, 0.2031278096483693, 18.49187184096275;
  -7.902015610055526, -2.389413748079576, 17.42618680828293;
  -8.379855506085242, 1.260801243839963, 18.73790915929864;
  -8.570185126478375, 0.9201915593065306, 19.23071828820723;
  -8.597320369139045, -0.3990690905154533, 19.4427764046558;
  -8.467378122499982, -1.529550400926074, 19.29100776538913;
  -8.598994290894979, -2.060331977420259, 19.61035599683229;
  -8.343481374705462, 1.706032440306601, 19.36542453460811;
  -7.955071393321642, 1.269418317505972, 18.57297707591224;
  -8.406336034447465, -0.1605719878356504, 19.58031632383218;
  -8.413711102434233, -0.5746131054258378, 19.61823024364299;
  -8.408823369961919, 0.9045986400424463, 19.77214213724183;
  -8.399061197730704, 0.1356840511929039, 19.83881256514667;
  -8.353108923506113, -0.9557814921968054, 19.80355213972777;
  -8.575584441880686, -2.325852896660791, 20.31494868619621;
  -8.362380786857178, -1.123787448084923, 19.8782181363115;
  -8.376601149790771, -1.051810372246467, 20.07117771355754;
  -8.544392667119478, -0.9901136177771897, 20.5580062897647;
  -8.579651814751815, -0.2650292976811178, 20.74866926270253;
  -8.29890166353462, 1.243005441076585, 20.11574436642096;
  -8.425780168733809, -1.143575881490625, 20.4537622573532;
  -8.460151919163224, -0.392146156357793, 20.58513583925765;
  -8.84179602442668, -0.4759529470892653, 21.81837819345769;
  -8.77070127314542, -0.932631303110818, 21.87129980612525;
  -8.808147696908081, -0.3422673142416204, 22.0361548756806;
  -8.431036634539954, -0.6967818793427557, 21.26654129694124;
  -8.081720227562634, 1.703534608692215, 20.47535253402308;
  -8.693761097353526, -0.3872250821084348, 22.0399063766755;
  -7.677200504285367, 2.494452192935528, 19.74472250092269;
  -8.264114804232655, -1.128229272917768, 21.16503807715688;
  -8.062854934334274, 2.051690084091197, 20.73171599812453;
  -8.468867288727802, -0.3176787350016414, 21.71316496877562;
  -8.529325908972977, -1.025203473707001, 21.91632911730815;
  -8.571208640635391, -0.9547998016983971, 22.0199317239894;
  -5.016080138122646, 3.003187979492995, 13.40145112365175;
  -7.995046433505941, 1.806711889652678, 20.69056873221127;
  -8.463249903248888, -1.239498957004632, 21.91469832823105;
  -8.056113448278616, 2.437835382261091, 20.95950435496437;
  -8.420633669691911, -0.2225180665286979, 21.8678609734095;
  -5.112543792375967, 2.943999418723073, 14.06769385392246;
  -8.09854891932674, 2.416200053363043, 21.58080660064869;
  -8.176501870392837, -4.991686574076763, 22.19108010438603;
  -7.256210142433761, 2.649939966165511, 19.88172744982876;
  -4.927836316768198, 2.997854262884818, 14.24855148324588;
  -6.650525444772435, 2.572855843015817, 19.94371415630911;
  -4.939124411433731, 2.957847114353487, 15.22443960571149;
  -8.129745734679622, 2.28111621207636, 25.2913609841438;
  -7.65467394802691, 1.24267616036572, 24.24893745491054;
  -6.343684190488315, 2.223786977997919, 20.43114737760138;
  -5.388364537895896, 1.934051867868478, 18.10715382511784;
  -7.876218579469667, -6.638996210896499, 26.66229528171958;
  -7.761940330265849, -6.606352196050824, 26.81854532011143;
  -7.682341491704893, -2.133070685168495, 26.98384130501199;
  -4.524812485360203, 3.083685012355589, 16.88612174456449;
  -5.984294099546951, 0.8659993259590103, 22.4047419121;
  -5.09328037745353, 0.5706630022033394, 20.65899129156789;
  -6.09728487719192, 0.2145475349065152, 24.82899868948831;
  -4.87467303893387, 0.4327572665724411, 20.40296851741001;
  -4.447204747649471, 1.578045271545589, 18.79388336045363;
  -7.137834815393229, -6.494115367588575, 29.56748375187946;
  -7.035777966360541, -6.122002008838496, 29.75124847549026;
  -4.820301236905661, 0.6343491138874651, 20.90440294419351;
  -4.943026961097363, 0.7496855997056174, 21.41882449721105;
  -4.736691337013028, 0.5314781077049123, 20.60598672149694;
  -6.861083530386002, -5.915830578474528, 29.6625495090172;
  -4.115778012014118, 1.669421627841894, 18.38695190478263;
  -4.305895736425441, 1.665863854798162, 19.25388306334188;
  -4.601819681016061, 0.6154759581671553, 20.57058282387242;
  -6.878220371229181, -6.15761448724064, 30.12360909018994;
  -4.432071503456841, 0.5296447841875795, 20.3298523305957;
  -4.228985220203446, 0.6108562913942298, 20.08534344556896;
  -5.61264458852503, 0.2496568910227706, 27.18885593408833;
  -3.9683734052894, 0.5055436752157174, 21.1465137914036;
  -3.320714472739806, 1.755159200016879, 18.69559916309374;
  -3.628332850120766, 0.2885627286442554, 20.57715747617922;
  -2.444163319738598, 3.002816403905377, 14.84167132741563;
  -3.174079012795932, 0.7494551372778404, 19.80306719356767;
  -3.49618441399203, 0.412894178539233, 22.08751755725411;
  -3.155220690508714, 0.6470073144290003, 20.11039720898355;
  -3.127224168681995, 0.6826409866766227, 20.82678275099332;
  -2.956041936358229, 1.828161077064811, 19.91812285812244;
  -2.956807469230929, 0.8943575627740833, 20.05468585661513;
  -3.266338225506713, 0.5441445592403988, 22.2238881061203;
  -2.84370618605771, 0.370125839615419, 20.0776753572676;
  -2.831963028386553, 2.81006376927289, 20.34419579867058;
