m=[-8.593281420232101, -1.706314198788033, 11.53601261873222;
  -8.27421600908218, 0.4964632914322118, 11.89970399708764;
  -8.240507262472132, -0.2992474716981549, 12.11995274924797;
  -8.248380246536655, 0.1710956093068197, 12.61888423888345;
  -7.533218054151663, -2.299946588319049, 11.64346743123121;
  -7.967811925211209, 2.559530958430799, 12.50938395092096;
  -7.967963844021605, 2.636045692680154, 12.64284921476375;
  -8.256708772744267, 0.2562593410800515, 13.5370292414143;
  -7.72339751229517, -2.246157541215997, 13.1653693395568;
  -7.953186284660596, -2.952366089300891, 13.54895283303982;
  -7.135878585501024, -1.646525246804292, 12.94697044469446;
  -8.618010708076799, -3.355418295199299, 15.72276129118844;
  -8.770518136121041, -3.584126714986203, 16.14442967573462;
  -8.396784465159469, -3.107837678908287, 16.15093179492888;
  -8.005162106034405, -1.358652503143544, 16.23277525905788;
  -8.475026572563019, -0.0802762667128219, 18.52814589126712;
  -8.039418108468411, -0.4663042554558778, 17.59834809950532;
  -5.507374043034798, 2.59984845217783, 12.52522046096876;
  -8.382833855119261, 0.2238504057301403, 18.59999192938631;
  -8.382636782800073, -0.8510221164983973, 18.66977236624314;
  -8.167747028629623, -2.100708483291524, 18.20950552294421;
  -8.46807329315636, -1.044095928243331, 18.91212926906274;
  -8.606937758541628, 0.5385592586508569, 19.35159973794612;
  -8.440846911080895, -1.115482681860007, 18.9981908363664;
  -8.684998653252155, -0.9824643044480145, 19.56334696117393;
  -8.354271990367925, 1.321655459173957, 19.02689293111216;
  -9.817826111046678, 2.635442893264323, 22.39453495887453;
  -9.109393813178388, -0.2476100692463755, 21.53794544873221;
  -9.129352339247472, -0.3110123161174545, 21.86617277335387;
  -9.337881001427682, -1.154331715036211, 22.54060289165038;
  -10.19612830574475, 2.677504116274583, 24.66361825627411;
  -9.097994676105014, -0.8991510142073651, 22.08277140473198;
  -9.12984185944638, 2.150502994435033, 22.23123146909917;
  -8.963834967629937, -1.170494132105519, 21.92924741714587;
  -9.013244810814207, -0.1298259855517797, 22.10098017770713;
  -9.151614931847112, -2.115486492606692, 22.83159547927214;
  -4.241276640297918, 2.603110514742319, 11.19785640504204;
  -4.348436865033071, 2.627577499247166, 12.29425109358261;
  -5.462980466504904, 1.941794445488203, 16.46530939991533;
  -5.286812479859001, 1.910074957107489, 16.45846546078413;
  -4.09943297767895, 2.814910150877649, 14.10623239742176;
  -11.79205416622917, -2.93881387826894, 40.06145572815517;
  -13.44900731678177, 0.5525461889304025, 48.8509749642;
  -3.721607397135064, 1.365190788036519, 14.57856350722485;
  -12.52503564827672, 0.6760370698745855, 48.24909822135464;
  -4.508346729751043, 0.6668590650106288, 18.25598689917038;
  -4.524066844899711, 0.7590281065414487, 18.33765314456091;
  -4.529861796080287, 0.5854578392080384, 18.3810687901213;
  -10.28779341425746, -9.005419770506023, 40.66881035372771;
  -4.278412705973127, 0.6372052042648957, 17.81912258392023;
  -4.015781021755529, 0.5532721366098471, 17.14710350273235;
  -3.465414818437063, 0.5684789724577496, 15.30070175139286;
  -4.774731452999689, 0.3185187708716274, 21.94130052296477;
  -3.644643504761035, 0.6791353280628303, 17.18755862213079;
  -10.68524604675079, -10.59463657667362, 50.96846374091351;
  -3.426549051352344, 0.5013824766874475, 16.9825863108421;
  -10.39141282556989, -9.670505564200226, 50.48635368816004;
  -9.416075305155021, -9.345912425573189, 46.86572765503739;
  -10.63588072147888, -9.974761563263085, 53.0086765714295;
  -12.11090400293516, -9.604298520856146, 61.03873622727986;
  -2.988918310408603, 1.564656061247439, 16.34358541283053;
  -7.981293975406617, -9.214517481926505, 44.61792573899503;
  -1.99550866408648, 0.4701917084800941, 12.26098012234694;
  -2.570207439565643, 1.622232621517549, 15.95174056820965;
  -3.064372774111663, 1.022252178127007, 19.21649659381957;
  -1.988060314769729, 2.415076042970309, 12.97376226392345;
  -3.907855158326607, 1.134079716998429, 25.42635970363011;
  -3.41101141881681, 1.44905716756849, 23.07322703291914;
  -3.236000136297951, 1.375805464701819, 23.53483473843483;
  8.191769812365918, 1.197240871592923, 23.22541494376753;
  8.218328089827438, 1.089636237315948, 22.44869765861054;
  8.438655206795652, 0.8697373641422453, 22.67706839388373;
  8.418702384683545, 1.2536798348559, 22.32613379209247;
  8.373904229635876, 1.745932093853964, 21.58732905460239;
  8.952063394619788, 1.094720329240128, 22.31106141631512;
  8.553685331949119, 1.414938886713457, 21.33238360883568;
  8.938209478177242, 0.7244712078703278, 22.1604483973861;
  8.852529368440186, 1.854465189210704, 21.18685139060472;
  8.837105574410755, 2.484870367928055, 21.09432441353189;
  8.924422910539004, 1.467720295119148, 21.1426468395211;
  8.961147123096012, 2.615718911303783, 21.16407255044848;
  8.935910933122969, 1.999890843399828, 21.10741664480551;
  8.849209123797733, 2.230992158471527, 20.83969250597009;
  9.145381101067391, 1.285924242462843, 21.4061626989102;
  9.024655474929023, 1.962506762929235, 21.06837571738295;
  8.954550383370592, 2.167878681750927, 20.85443907180961;
  9.068999596999474, 2.09606595598594, 20.9137579277254;
  9.264257215020853, 2.422135292796317, 21.0162838044017;
  9.319160017252209, 1.486400908230094, 21.09894595136032;
  12.97690231105763, -5.726086376285323, 28.73221420523558;
  13.10378713008917, -5.569938524588336, 28.71564088110747;
  9.467608956111754, 2.056422524174042, 20.89815335730294;
  9.484432599096866, 2.666988180395093, 20.91485887172993;
  9.546634781976923, 1.939583856906075, 20.90804806663198;
  9.57172232892785, 2.30784408082171, 20.92777353785264;
  12.6291761606682, -0.6066646995482697, 27.12388784122881;
  10.02224676033116, 1.295954539235754, 21.74863038417421;
  9.725347556940907, 1.32773028391322, 20.9773967442809;
  9.692995789187222, 1.961054404965617, 20.85083530003344;
  9.943923005950028, 1.150080114515266, 21.28044925469744;
  13.43449303842057, -6.0867674423493, 28.33154261387169;
  9.805902500134172, 1.904474468610804, 20.86059771524518;
  9.673818269123919, 2.435552476690419, 20.57362896140172;
  9.834723283527247, 2.342408211546864, 20.89605537555374;
  9.794234287955995, 2.16830250347219, 20.7946543165926;
  9.940391651642591, 2.028143593198462, 20.88113393122721;
  10.15342696181074, 1.465664054920489, 21.12685726042816;
  11.03726412964185, -1.004776202945711, 22.74624501085408;
  10.26098742773066, 1.160380862782342, 21.00542612154003;
  10.25297376858335, 1.404300123538754, 20.96203777228471;
  10.92009839998501, -0.1483262866650051, 22.25234289661061;
  11.37672363849686, -0.7433396442894344, 23.08531838968279;
  11.27601063674255, -0.857670417202637, 22.76719325845916;
  11.3529717858274, -1.144926997528594, 22.73328086547429;
  10.38323176702119, 1.98847207212304, 20.69699577973874;
  11.71262697998279, -1.8207166176848, 23.22353516871605;
  10.42907318748017, 1.905042232486865, 20.72513337706112;
  11.31459185056874, -1.071897497867109, 22.36525526282927;
  10.38924969284455, 2.085690926447022, 20.52293280780939;
  10.4934569288268, 1.571192064062446, 20.71400800685797;
  13.50343377900501, -6.38108808809673, 26.28000111803059;
  10.57878917303516, 1.726156037253689, 20.73314494998031;
  10.61581765482339, 1.968314027022487, 20.75209061958467;
  11.27687493040373, -0.9030625774211921, 21.96775284375019;
  12.31135837624284, -1.5526475766252, 23.79166062054177;
  11.74419464956259, -1.188667219219536, 22.73890572157463;
  11.67340411933549, -1.309158004878613, 22.56037818777129;
  10.71319344289403, 1.875758052933165, 20.64054093897595;
  11.27351949023258, -0.2435791729195444, 21.54352684725106;
  11.39225303194141, 0.5715356158342076, 21.53481700618825;
  11.50723425491704, -0.5233419827389539, 21.72909676469759;
  11.44708259333242, -0.3975944978155125, 21.60207787113606;
  11.37315247809401, -0.1213263648328247, 21.36563983159658;
