m=[-4.295126539101252, -0.1559741065095679, 6.317175514548511;
  -4.179169019922796, -0.7317381330318933, 6.309995370838267;
  -4.211238449453902, 0.1307021017563822, 6.904404600173169;
  -3.717771517942212, -0.8578347561265253, 6.745333091951017;
  -4.202272470399818, -1.476185228004317, 7.688372519398596;
  -4.058687850960566, -1.563686226999586, 7.67256143017933;
  -4.228158128558029, -0.1518606793356578, 8.975062527271993;
  -4.174040176304525, -0.0395369099546932, 9.125307712066825;
  -4.291760013060293, 0.7101352314642444, 9.363923219932987;
  -4.166648541516604, -0.2416749470775275, 9.120825718053702;
  -4.18056651471822, 0.1116354596399428, 9.275920861360708;
  -4.276193517279105, -0.4341277514371796, 9.523919696176769;
  -4.197695578848743, -1.079628774232786, 9.358512275019535;
  -4.187746725671013, -0.5163405125840249, 9.352683270466118;
  -4.139979144780618, -0.5471103892669716, 9.318035817930422;
  -4.258621497133662, -0.4817437254894772, 9.592734927315473;
  -3.973097906782108, -0.09024525911156286, 9.047600188231238;
  -4.167149881900146, 0.6592479149540932, 9.490703046564189;
  -4.479211610268643, -0.1217532055078437, 10.59049781948479;
  -4.205096245535536, 0.9282491990932149, 10.0215322568831;
  -4.423204101008601, -0.1506865877222025, 10.59423949152059;
  -4.414039436227585, 1.159127112321527, 10.67720808906637;
  -4.430863283833771, -0.5477351888224772, 10.69560960702124;
  -4.395226210342556, -0.1086208978152479, 10.63867266667248;
  -4.307548171948027, 1.014628225226357, 10.48891119354815;
  -4.373840091733159, -0.4322647896015665, 10.61624174833497;
  -4.336465366811028, -0.5662539844007384, 10.60878767715943;
  -4.339850578432094, -0.06251082604750764, 10.64155624543322;
  -4.320203387763276, -0.9986578303598104, 10.77811259238415;
  -4.185926007343261, 1.282571896002088, 10.51546344420846;
  -4.218502564188009, 0.1135274841103331, 10.74912303014225;
  -2.119459946522924, 1.455345007548802, 7.293104857542303;
  -4.084740675713966, -1.043167152899169, 13.16123916603486;
  -4.271379485883988, -1.101058805016775, 14.28790481806733;
  -3.884672276698212, 0.2096746498061602, 14.96458289617511;
  -1.973993981809452, 0.77912868394163, 8.176016651293281;
  -2.367313061512193, 0.305961208556335, 9.605976118092821;
  -3.9651885158042, -3.305552610369401, 15.99893782040039;
  -2.188309500637119, 0.301493200556002, 9.343928192337959;
  -4.154130247591776, -0.9582831419509224, 17.17264392268272;
  -1.965617516196013, 0.3224468885823106, 8.678709172887158;
  -4.222495204680833, -3.624347114034944, 17.64895529030752;
  -3.269204943283233, 0.2180862212905886, 15.02296178074585;
  -1.862324547925798, 0.2725006647333279, 9.230011565562649;
  -1.558312522710223, 0.841070514331863, 8.073580063348297;
  -4.323341359796629, -3.239948362047959, 21.24547008631927;
  -4.500733292002679, -2.987930026172045, 22.11725282449723;
  -1.49432278281251, 0.7822566416236721, 8.171047013960093;
  -4.592337416513528, -3.171326381089938, 22.99659766581175;
  -4.665013547427198, -4.630252697161212, 23.21872407935076;
  -4.763035296318191, -4.466968241025363, 23.73872029337003;
  -4.340380717180702, -3.442047933983146, 21.87543998843991;
  -4.263796469280444, -3.175903952469619, 21.5751717071932;
  -5.70624556674497, -3.747383171033252, 29.23251993172717;
  -5.302103782565285, -5.243936272195545, 27.80892830482786;
  -4.114886577111301, -3.274767015945082, 22.29118793913309;
  -5.17420325998173, -6.402071855802569, 28.00340375599125;
  -1.803129007591109, 0.4283922590724693, 10.6433962737848;
  -5.024705343397506, -6.231416814342144, 27.73141516414393;
  -4.953249122762811, -5.99394428164255, 27.41308741718289;
  -4.025462932805377, -4.647454245073406, 22.50359487501989;
  -1.374421888120014, 0.8674910780792191, 8.530214741835964;
  -5.080389045416175, -5.179241206805417, 28.7523112108321;
  -1.356998714448131, 0.4526847723225472, 8.509656982437292;
  -4.668048051687623, -6.166872216787608, 27.15738629369768;
  -4.608829814575789, -5.405061858813303, 27.60603024309553;
  -1.230577344314654, 1.218379730018931, 8.233389300080573;
  -1.607475631330767, 0.4664977168299405, 10.45899910848743;
  -4.474826770170515, -5.092705286991299, 27.21591458132241;
  -4.580255304038158, -4.8292185367945, 28.04573323265564;
  -5.52386688329701, -7.908094902587898, 33.9374056149062;
  -4.685836355339118, -5.150577887342235, 29.6127772478509;
  -4.094568334419144, -4.272915593175918, 26.13949209784633;
  -5.709847001395031, -8.241818066707753, 36.04656062453831;
  -4.207262771394402, -4.762450499936197, 27.05812666690021;
  -4.048675609001672, -3.422938469834179, 26.49130138130113;
  -4.934287955262816, -7.090415598421921, 32.2063664971153;
  -3.900272626270114, -3.869863341883407, 25.91997929201327;
  -3.968283984447754, -3.890543914062048, 26.42030005163253;
  -4.592003238883747, -6.327230198960547, 30.57560920564162;
  -4.385177979864745, -5.060156837319269, 29.41362532271899;
  -1.392318858320424, 0.5919529707053955, 10.126079373799;
  -4.210183838320758, -4.311208673392605, 28.39223258303844;
  -4.156716479076381, -3.876138449292486, 28.48531474960366;
  -4.656873386180152, -6.262174746587739, 31.81376848684321;
  -3.781663811331145, -3.995057310351319, 27.18737290767886;
  -4.038420664903729, -5.91649909798663, 29.05426356007444;
  -4.784041730220245, -6.477607599201917, 34.92828105662832;
  -5.092458610603967, -6.705718474703352, 37.90779548392737;
  -1.625163917881994, 0.35775142071745, 12.94894380061827;
  -3.276678984066315, -3.398574168052083, 25.17132063006809;
  -4.633670247789956, -6.361726928579813, 35.4835193458544;
  -4.712010989034024, -5.911446662173701, 36.46929810654545;
  -1.457919482642121, 0.4460577315881265, 12.11406189436539;
  -1.427801043930573, 0.2807875350589316, 11.9512046488854;
  -4.650819522541395, -6.447223921716631, 36.49510877081018;
  -4.430204990941959, -4.017997760142674, 35.3436699361523;
  -1.401203558079551, 0.7622491579704404, 11.96136168736462;
  -4.71019720618963, -6.065203888137043, 38.12057608324831;
  -1.386060617733458, 0.8068976489370195, 12.12098925810727;
  -4.760160363733694, -3.846610697936306, 39.19892999982502;
  -4.496958946389239, -6.131908787498592, 36.895135288458;
  -1.360511803797771, 0.7553051326095138, 12.17117247385804;
  -3.805020975444688, -3.867162382504203, 32.22087748122446;
  -4.143854386077317, -3.878686847744321, 35.1084159279571;
  -4.695539583798582, -6.294707499228253, 39.68448523035494;
  -4.252032535102237, -3.508817667370154, 37.11652353527627;
  -4.52450539441326, -6.014668256616433, 39.88688124713647;
  -3.928482324123749, -4.234151808882949, 34.85293586303546;
  -4.524581256960175, -5.235593414566218, 40.41163517866684;
  -3.864368879027828, -3.840375724955025, 34.70388486321166;
  -1.356843839391655, 0.6290302237404117, 13.15310568084744;
  -1.586497163612338, 0.6150976424144674, 15.40754518220895;
  -1.592520302725602, 0.4976653893922745, 15.49002718118375;
  -4.375089612157604, -4.94757565418867, 41.29259270515152;
  -3.416233543584171, -3.599638587977744, 32.63127178621236;
  -4.252129462198999, -4.101536505527785, 40.76218601135047;
  -1.331181506929591, 1.086674855011311, 13.60852993582155;
  -1.322347483848311, 0.8393007845670407, 13.62701495794644;
  -4.695606180609497, -1.376855258096078, 46.18425616539826;
  -5.442736192461295, -5.254263205875533, 53.4051550008793;
  -4.561970071637097, 0.9259922221189813, 45.35394408222749;
  -1.263682959928061, 0.6244117147992446, 13.44846814194563;
  -5.592864890561762, -2.740711170057842, 56.0053357980499;
  -1.310277113170158, 1.348990731833466, 14.57226286564968;
  -4.364810323950282, -0.5055220034122415, 47.07370071989349;
  -9.145403339397229, -4.071267044056703, 99.39186360429913;
  -8.228703749928604, -4.330716269295397, 89.53124049524638;
  -3.547753061389792, 0.5327933790059056, 39.39993936758859;
  -6.651430997546796, -4.613405710409849, 72.84247594065185;
  -6.990089000159526, -3.480726797619262, 78.09662337571578;
