m=[-8.469671624188003, -1.727631341076799, 11.36626089229014;
  -8.435781383653248, 0.1175974747978911, 11.82274934460973;
  -8.105505409878138, 2.539042377855696, 11.62614349255779;
  -8.256822562217419, -2.451810917115223, 12.52457107995497;
  -7.38931790562286, -1.741599140818495, 12.33362140809205;
  -7.643088355687487, 2.315732265064964, 12.92332012781578;
  -7.515639760093361, 2.286652596922215, 12.90267840355297;
  -8.51892505454202, -2.896190817270235, 14.74626308408199;
  -8.215920925710082, -1.431792336236533, 15.53240292848649;
  -8.623147979926225, 0.9310940860179433, 16.94361238206661;
  -8.502988900198616, -1.472237003904146, 17.03426401688434;
  -8.515588155364718, -1.643013105591508, 17.27920400483169;
  -8.522039460685118, 1.785794545466682, 17.39372150151328;
  -8.271580771402514, -0.1249799524045908, 16.9498121297943;
  -8.311635289323796, -0.4854255738767924, 17.04791618058403;
  -8.419220417559885, 0.9227334948751228, 17.43712896481162;
  -8.416823069470748, 0.1712141897402717, 17.50162796792209;
  -8.657373075839576, -0.9013666129146624, 18.09560636392097;
  -8.610858845948185, -2.257515180692626, 18.00217479173735;
  -8.327618115903322, -1.064210729117999, 17.45742411661971;
  -8.199521432834228, -1.127569666831579, 17.32503969673849;
  -8.470965475307375, -0.9985962049476277, 17.9336256465337;
  -8.062508792025678, -2.167154024507295, 17.12863427944638;
  -8.794102428032861, -0.9653336387790055, 18.66363150054562;
  -8.352063922878397, 1.276093849607048, 17.84797393846206;
  -8.249366263307101, 1.069203605393345, 17.64735399503154;
  -7.32018290798362, 2.2370812129888, 16.06999562945657;
  -9.203273161451639, -0.3048120989380753, 20.51048727140642;
  -9.097033666728727, -0.9772415547047094, 20.35383009101672;
  -8.626046146254007, 2.084253228229451, 19.37703441765375;
  -8.951124671367911, -0.3514370557530396, 20.22191711046282;
  -8.292354836151198, 2.111020422490106, 18.97640934700243;
  -8.860696662665427, -1.140031324894611, 20.20100842091052;
  -8.785021122587178, -0.287647665808162, 20.06912303913859;
  -8.459130306106884, 2.014258903214542, 19.38008305766651;
  -8.92297220746914, -0.9327232396206844, 20.36571594634903;
  -8.642265632545312, 1.958733841917827, 19.82338299016046;
  -8.826588732239124, -0.9197889798813224, 20.21661497391145;
  -8.735096546736539, -1.303626443252998, 20.11075804822808;
  -8.807235470493712, -1.229172878363873, 20.33475291404597;
  -8.456084379111822, 2.42811435725833, 19.5992804603822;
  -8.807907732296334, -0.183429171352309, 20.3686024114198;
  -8.546244901757328, -2.000807001182165, 20.15371758294337;
  -8.259901066927206, 2.440913758286953, 19.54905551504376;
  -7.244476983286373, 2.625429452054524, 17.38375648180186;
  -8.148596823044082, -1.53715908162405, 19.5795235404972;
  -8.539678597642881, 0.1754566197038432, 20.5260630317144;
  -4.558877701162644, 2.692926698535365, 11.7488144034159;
  -5.718402300680874, 1.976778497957968, 16.50064229121443;
  -8.181391531236425, -4.873831329240825, 24.65621865434666;
  -4.276578857834018, 2.862320076967232, 13.50419369629825;
  -5.123628963298009, 0.3462032329379944, 16.49844069082572;
  -4.986994879000668, 0.4803673492566011, 16.08707791961179;
  -5.19842684874379, 0.6961447058399108, 17.04963865854043;
  -4.989865452940012, 0.5504829867970739, 16.57205549576757;
  -5.112033076178668, 0.7658526234315564, 17.09554403762704;
  -4.739636541514888, 0.5857614941274655, 15.94886525553951;
  -8.497224330107546, 0.2600158464813029, 29.41537820489782;
  -7.955598411168595, 0.3359248041088542, 29.16374608778466;
  -4.819268162959003, 0.5832641105905272, 18.25260269071325;
  -9.320873661855828, -2.382632530440388, 35.61142848045749;
  -4.500664928808429, 0.5818698465411609, 17.88931414726836;
  -3.993159243343333, 0.6244986567444902, 16.35205959960091;
  -8.460679524230832, -7.300273041807133, 34.98156913407816;
  -8.803688494893386, -7.732068520178692, 37.23978942183036;
  -4.066149377521197, 0.7304486775342145, 17.86396797661846;
  -6.279624993717331, 0.4029376469888024, 27.48891775604452;
  -3.783139141019497, 0.5035513255509722, 17.40720326718314;
  -6.491383915562761, 0.5406522630727381, 29.37627519087992;
  -9.06132568532629, -8.351589549871738, 42.29297816894647;
  -10.76380343065554, -2.590067626433337, 51.41255007787873;
  -2.93452313692811, 1.476280744019787, 14.7817676329438;
  -9.742248885576974, -6.646980709608799, 46.81569701321386;
  -10.29737134175596, -10.16186876687142, 49.34674074168331;
  -10.34970425668611, -9.623938213654723, 49.62285816996086;
  -9.463052186690653, -7.405140932021406, 45.67998527468848;
  -8.84711720374588, -6.505437908104987, 42.9047000786639;
  -3.149708759774745, 2.77067038690421, 16.18853174662784;
  -12.78625665998237, -8.302537214872151, 63.09678847738812;
  -11.23581195083374, -11.02154486008463, 56.90125757863304;
  -11.40091366917087, -7.959213448377886, 58.18834319817332;
  -8.439738000547287, -6.610020984387795, 43.79285158135157;
  -10.80483702094919, -10.95790418860957, 56.48330932184356;
  -11.02913088028561, -13.50916253021386, 57.63096322751273;
  -3.527342687474989, 0.4017161013453041, 19.26174836696052;
  -3.669809253629457, 0.8059054874674413, 20.16874223119741;
  -3.291498587203688, 0.9444387337025886, 18.22428369899199;
  -10.97916806314856, -13.14205765329969, 58.55888264066742;
  -2.854383933271075, 2.137689312647676, 16.02500038162358;
  -9.106815349365357, -10.40717421445699, 48.83055262322549;
  -2.846802628791602, 1.738288462033839, 16.255242720565;
  -10.91447844877805, -11.04864782256783, 59.61473844756818;
  -3.387985542240783, 0.7870940130710727, 19.2545828002614;
  -3.433690804323613, 1.123481708766106, 19.65982111347765;
  -10.3464443009919, -11.61054307605865, 58.62875589425042;
  -3.312207515888974, 0.8924643479144661, 19.99421807853737;
  -8.529599106259067, -8.602794023606656, 50.13221792976722;
  -9.298372554427022, -10.44502456926502, 54.42045239520952;
  -10.24290138599417, -10.65745380042741, 60.28439058270939;
  -12.2143448207718, -17.22683033968104, 72.41160153673;
  -12.85026504051056, -17.54583148514693, 76.2540622531627;
  -3.60361425361452, 0.7089253082639468, 22.18559034455126;
  -2.554283513169402, 2.760008769698276, 16.28263337301301;
  -10.92801266734389, -11.85460299224281, 66.40218682965745;
  -8.359006229767148, -8.610395620528454, 51.27844403175403;
  -11.75209993618642, -16.71863597218343, 71.72802643637823;
  -9.363397895026346, -10.46479075721694, 57.84954967323075;
  -8.685363023746195, -7.248249123701274, 54.49958440569675;
  -10.74549424504108, -15.36561417516196, 68.06516176839784;
  -9.247853157138936, -8.939928063120428, 58.96362225365792;
  -9.335489284367545, -12.73469781082873, 60.07719405975711;
  -8.754850339875416, -9.943161861780645, 56.4747301832379;
  -10.33182577519098, -13.08519957005117, 66.64541283721437;
  -2.933533147135516, 1.176863523269097, 19.69194943741457;
  -8.691180595641368, -7.963273406510903, 57.09338208593775;
  -9.230432291640618, -7.642577282405762, 60.8679364249016;
  -9.989306266133994, -13.22196699906817, 65.68877576639878;
  -3.190733058946115, 0.9860928831499471, 22.10624743513596;
  -8.043287575944696, -8.35943769815621, 55.39374610259447;
  -8.437514011133226, -12.16384432850951, 58.34713124293683;
  -11.06941505624324, -14.33435279371676, 79.39661706561461;
  -7.720825594773289, -7.87484413834436, 56.55705893247608;
  -10.04179977623434, -13.53975816546627, 73.95381470735538;
  -9.624797124983834, -13.11230759964774, 72.72918706896007;
  -2.953546496061272, 1.050518763195299, 23.08394291200984;
  -10.44280642432784, -9.250104172967184, 79.61445367788626;
  -2.967024794518132, 1.530131406634935, 23.46187080993587;
  -10.93753310112224, -13.80560073928972, 84.96855930302765;
  -5.990283758079341, -4.640167326791062, 47.06977182179912;
  -10.22702824697014, -13.65270400628733, 80.46670134997294;
  -3.207336612447787, 0.930878301649205, 26.06071799073681;
  -2.95239208320857, 1.546257291241928, 24.40444138541063;
