m=[-3.637055269748307, -0.8572228741279336, 6.070663532184377;
  -4.072678933638725, 0.08284603560510326, 8.468576675667322;
  -4.041219686814914, -1.059489529989384, 8.448720908726175;
  -4.051842350063112, -0.5177968107587886, 8.493993045100153;
  -3.986109751464246, -0.5481559480306218, 8.422382970197749;
  -3.99635632276332, -0.07817815075259403, 8.466248749713508;
  -3.908938142441924, -1.050699136641153, 8.304458772074595;
  -4.045845104453371, -0.476942749783368, 8.565336706734129;
  -4.095359318240324, 0.6257211254839531, 8.751593265512327;
  -4.137788676843919, 0.5363004175624611, 8.851712871774504;
  -4.365081687730387, -0.1445713593340078, 9.728055532442953;
  -4.166591475981222, 1.006745337004537, 9.359582022344251;
  -4.316170063322594, -0.1694605041124621, 9.750867791436116;
  -4.260810821633246, -0.5482026968126287, 9.713985092209212;
  -4.31327051358622, -0.4508685618705515, 9.844571969632435;
  -4.15735968131088, 0.9899361339664181, 9.524616953380317;
  -4.156083645225064, 0.9419592074429162, 9.533106403045597;
  -4.249747777104619, -0.4428518526504832, 9.733716745196666;
  -4.290301532644106, 1.092200506732775, 9.818021504650673;
  -4.30774212609551, -0.1682316173403004, 9.861575473415774;
  -4.113810991728163, 1.181256369287962, 9.534878292729616;
  -4.213188275061714, -0.08774179493412447, 9.74314893700801;
  -4.172689635361122, -0.9768906381882494, 9.840018562427444;
  -2.664337306908946, 0.9210273119430126, 7.688034967250824;
  -2.103806010134997, 1.408080239143212, 6.643208228992757;
  -3.943710578330889, -2.349353419493755, 11.88514080490306;
  -2.367819964787132, 0.2280779161797693, 7.638127809903839;
  -2.354998856994101, 0.2598039600322252, 7.821287391142133;
  -2.128759377912985, 0.2752173094736974, 8.461426446494281;
  -4.026546909532377, -1.029279228540245, 15.38386770317725;
  -4.14990466666755, -1.053793010229849, 16.88749683909635;
  -1.766559662095761, 0.2482460654128178, 8.204386959296132;
  -4.336884457081681, -4.248946410252788, 19.82460691208691;
  -1.459589404591902, 0.7342807098907254, 7.35223762480522;
  -4.48456774054648, -3.931192435947576, 21.19974384648633;
  -1.513065845431015, 1.330982338720011, 7.776691859995976;
  -3.996450137246989, -2.726714055573107, 19.20466218336522;
  -4.79501194260331, -1.153811966272752, 22.90303731495266;
  -4.207207605299673, -3.292274483208958, 20.30900576961269;
  -4.556544254857601, -4.496584925566937, 21.83572880495168;
  -4.684802924846152, -4.356284273798617, 22.46183130727394;
  -5.248771503376378, -3.402520391713259, 25.97604006324879;
  -5.16029402164018, -5.061887142612195, 26.13315535999513;
  -3.946633023153377, -3.091011486260591, 20.47863502608837;
  -5.283305365268745, -3.688384662436636, 26.96510075734708;
  -1.656851204222352, 0.4754048685704426, 9.173610619233756;
  -1.374067959404896, 0.8390207511146574, 7.845927908307091;
  -4.43088916817663, -4.751616980340947, 23.10724260879482;
  -4.991742915311205, -5.062458646446623, 26.0948090743043;
  -1.566084088153221, 0.5124127149754766, 8.966716800181157;
  -4.99583589921375, -6.293417166102628, 26.91734226501302;
  -4.675946494305541, -5.24724017392866, 26.49653519740436;
  -1.382587181102404, 0.5622930378365573, 8.708797202378904;
  -4.40311817326355, -4.946099678402176, 25.77006691611709;
  -4.374349006253893, -4.411886539961346, 25.70997944340202;
  -4.404737322095584, -4.583006586145685, 25.92399312781969;
  -6.134550442147782, -8.376153173163038, 36.40270374470954;
  -4.28490577847819, -4.648224559147791, 26.03649196895956;
  -1.550292640419036, 0.3073650502036204, 10.09661964326391;
  -4.081724971770433, -4.204479079819131, 25.03940058958101;
  -4.252553167629214, -4.752770263754192, 26.27339866006291;
  -1.359708482072694, 0.5454826090489119, 9.12732508400128;
  -3.660335950002272, -3.609409304324935, 23.10847309442791;
  -4.187109017049436, -3.494293696267397, 26.27359393805898;
  -4.106583964596989, -3.969847336981176, 26.18327319076267;
  -4.744027362779225, -6.783763727435506, 30.05008262233166;
  -3.888974545910753, -4.160463998709092, 25.06729885028862;
  -4.585094245773331, -6.254604110774126, 29.50671233128213;
  -0.9362787337103999, 1.382300918365484, 6.827116979551684;
  -4.014836830574869, -3.678584631002947, 26.37393282285039;
  -4.150617241300022, -3.436611854576863, 27.37027891926024;
  -3.402290445410339, 0.2700052262341037, 23.17318615832777;
  -3.675563768863974, -3.820035780308384, 25.31343611352013;
  -4.1139464482971, -4.846161335007818, 28.2513047132041;
  -4.652098684202469, -3.644099395102635, 32.02743742866186;
  -4.381689560893642, -6.316811995125453, 30.30027749144211;
  -4.368612313115174, -4.933879657374108, 31.04355664891754;
  -4.870968070541137, -6.307666160795574, 34.93756306639409;
  -3.555530496514642, -3.626457837376534, 26.04518718357337;
  -4.365425832218685, -6.018538505230158, 31.96426341451268;
  -4.577410556768908, -6.171904772427617, 33.71078688064855;
  -1.431182590915845, 0.7380785745490034, 11.3171353052175;
  -5.077035166105129, -6.315626371555283, 37.80758499288216;
  -4.701001721649889, -6.40439271605431, 35.52283016312953;
  -4.322704866249689, -3.828996602737994, 32.95567995356774;
  -1.365892811884786, 0.715359498300953, 11.29045537548311;
  -4.742827980396121, -5.98650434856854, 36.84480374052517;
  -4.888888480242568, -3.787009348221648, 38.41535301510036;
  -4.617952968236253, -6.164796211349476, 36.33425403448705;
  -4.30497682203031, -4.275588553437347, 34.61878812524924;
  -4.249018450040818, -3.893999735458283, 34.34815678470372;
  -4.31261588965675, -3.455534789033557, 35.87861696053942;
  -4.379366874939827, -3.885469407421756, 37.07107911320487;
  -3.906403044154338, -4.119670449347028, 33.13200110182886;
  -1.337720534708771, 0.5823290777678846, 12.02122700032371;
  -3.812111496383676, -3.699161918243884, 32.6915939040146;
  -5.090267764213238, -6.489587921563637, 43.5057168800509;
  -4.791672813690024, -3.817528846281065, 42.19257781502804;
  -4.674082208779928, -5.712487164202269, 41.42769168180968;
  -1.409583362329112, 1.092236928146233, 13.30677230927217;
  -4.526309763408216, -4.246919552904377, 41.25290553714149;
  -1.307094367858678, 0.7389738342694031, 12.67536717810244;
  -4.645215772397037, -5.258369525348175, 42.69612362534893;
  -1.269458211256273, 0.5815007669834292, 12.43485383471933;
  -4.497481694863792, -4.233000040514794, 42.08656965232797;
  -5.449184399163375, -2.010067540251427, 50.83256430029291;
  -4.459025554692282, 0.8167525414892066, 42.06338535156237;
  -6.067505423667774, -2.924634852518244, 57.88754781418093;
  -4.375846204261088, -4.309273747825151, 42.9970597650946;
  -7.277689722688187, 0.5252329508849065, 73.14478433368123;
  -1.572346270476829, 0.8771920954817778, 17.01893799280499;
  -4.477442929358372, 0.5921321365485919, 46.76762517049149;
  -10.00158247595952, -4.35853719268664, 103.4059347060336;
  -9.692650739219497, -4.977006787858453, 100.35249962805;
  -8.00554366107923, -5.410994557336566, 83.48838289646498;
  -3.221968936214546, 0.972128555850628, 34.79893033511389;
  -4.594415014148905, 1.008630697682196, 49.34237749666902;
  -11.3449501132491, -5.537740283425522, 120.4273145247568;
  -10.51330925694131, -8.320020618624826, 113.2569141373083;
  -6.661551099225675, 0.5273469320839199, 73.106594165804;
  -8.679509742473163, -5.281967959950255, 95.64704856483702;
  -7.967608178408005, -4.30299970452237, 90.21301838797636;
  -7.417622770175882, -3.659076517846392, 84.58077916407802;
  -2.760998430401127, 0.593356259284591, 32.24458905419618;
  -7.218350146960926, -4.736959643619622, 85.33181330950218;
  -4.901040226633405, -5.249519930666352, 58.13510819235962;
  -7.877877989305884, -2.0726356173074, 94.57954607658165;
  -3.466074819478271, 1.393915263529763, 42.25981625684924;
  -5.822034791105871, -2.806070916311213, 71.79762606865477;
  -7.389547712039917, -6.067380292523644, 93.15584192621977;
  -9.197882076751737, -5.063575896857127, 118.9504929160163;
