m=[-4.154631909796123, -0.2220133271440043, 7.667195425737779;
  -4.060670015875541, -0.8777938896099382, 7.852624333917155;
  -4.016076711663703, -1.091108168936902, 7.82878849042865;
  -4.062774146062065, -0.5667821486676075, 7.926384845094116;
  -3.909696303779435, -0.854596286295045, 7.696956765005497;
  -4.020475980351355, -0.5993976606894522, 7.902128233129508;
  -4.03157927749412, -0.5202489898894588, 7.954415391794142;
  -4.043572542148127, -1.131292435858853, 7.988796181318197;
  -3.946636229898538, -0.1464540403389518, 7.814263896399625;
  -3.855927372819259, -1.006180707505156, 7.722898382846914;
  -4.087643793297667, 0.5654949875102276, 8.133297069942184;
  -4.149573215620681, 0.479439318742475, 8.260484424827547;
  -4.112152011869617, 0.8033910069727019, 8.59918670378479;
  -4.173269702930281, 0.9433723800929464, 8.764119825454804;
  -4.31782036613777, -0.2237068481486114, 9.143378161105638;
  -4.147595028449122, 0.9191160376185723, 8.880193601527829;
  -4.245008856334251, 1.014991070630229, 9.071353659188658;
  -4.141856498999771, 0.8725668107257401, 8.890050148665347;
  -4.257356842462559, -0.4981335761994202, 9.140758651476276;
  -4.247283229543229, -0.6828711627648831, 9.163832978566431;
  -4.10611713529109, 1.109788168436987, 8.898448566624902;
  -4.344612757810885, -1.159300852679789, 9.413729614010274;
  -2.405227927035162, 0.1897058092718203, 7.150966333520007;
  -4.002865688532406, -2.418937610432363, 11.38979983126188;
  -2.431697162134535, 0.2784049564164129, 7.372873343707973;
  -4.045882565516254, -1.098061224806533, 11.67400547487751;
  -2.368604375577267, 0.2530065802229531, 7.3400258173848;
  -2.132812087002789, 0.6711588616706348, 6.839909177103066;
  -2.106676412047056, 0.684383684026446, 6.832983189049398;
  -4.163319715080464, -1.141495370580264, 12.56577906627929;
  -2.111277184522871, 0.6916542553469833, 6.93662139344949;
  -1.962673266405154, 0.6973178237328627, 6.876605259034069;
  -1.945426444196977, 0.2725180661343081, 7.617909307639601;
  -3.996200416267857, -0.987434089236838, 14.98265491113722;
  -1.852590295057918, 0.288387192200784, 7.508839598331536;
  -4.128168958938004, -3.573092476557813, 16.21573997909704;
  -1.588745998855875, 0.7747587844109146, 6.897963285242216;
  -1.524580521788359, 0.7153646126448078, 6.981584576431408;
  -4.149434678300783, -3.093603560908745, 18.60452424896923;
  -4.21478373924025, -3.308714766212064, 19.37485425331068;
  -4.127775638233542, -3.045726486012551, 19.02858498438455;
  -4.443235970613825, -4.393785758233643, 20.35087778911872;
  -4.779863884819944, -4.45558880895364, 21.89410342735543;
  -4.87586215094025, -1.257731122860791, 22.22499577167265;
  -4.59345318721792, -3.285572699446191, 21.31457072734413;
  -1.421713500219926, 1.249636483384086, 7.235370226510193;
  -4.91239791560696, -4.467293385547581, 22.91427116370234;
  -1.421062766995002, 0.8071411027580435, 7.392688907947487;
  -1.792080861844043, 0.4625546508037308, 9.127921450913098;
  -1.572990751495823, 0.3079302558205179, 8.220307480321495;
  -5.222653836881364, -5.131851092385491, 25.30675572476113;
  -4.900114622938923, -3.476241792993405, 23.95748897445698;
  -5.038877638521138, -5.120800677305918, 25.19817399363704;
  -3.719061467743829, -4.247041112014097, 19.020169238247;
  -5.033425514409808, -5.066945485502464, 26.216285430291;
  -1.277382437585743, 1.291460473847247, 7.363164001352655;
  -4.520540131856888, -5.077595303493916, 25.23737853174608;
  -4.503347549339389, -4.525130622855396, 25.12584683375648;
  -4.358194225149227, -4.537624733235639, 24.48362042209901;
  -4.388595969988025, -5.123243221146859, 24.7091464351481;
  -4.56096669165446, -5.041821462822862, 25.72556131916567;
  -0.9513772977146892, 1.319778697843986, 6.179771237004879;
  -4.0920990124484, -4.436346791965154, 23.7484224340168;
  -4.247847398687441, -4.372459585018225, 24.75664204424268;
  -4.322598066880264, -4.823144729550463, 25.44099643745265;
  -4.244082763502192, -3.56966778802742, 25.32211509043065;
  -4.232476844434574, -4.097553905181139, 25.67090685385277;
  -4.443341676611011, -5.595391109408585, 27.32363624928817;
  -4.280293284839674, -4.864881998941605, 26.31026700390709;
  -4.946845733484164, -6.682899007099087, 30.26686097074417;
  -4.077957405599147, -3.751446535699891, 25.45400430778402;
  -4.169972817601964, -3.469806315099029, 26.11483756025971;
  -4.495097899083733, -5.90973325842472, 28.16225419220793;
  -3.872150495482373, -4.021517331146382, 25.28817216643003;
  -4.418404863926333, -3.939467552901805, 28.84433262801219;
  -4.802308283061847, -6.600147988236031, 31.39762423644228;
  -4.532176964882546, -6.476336928953479, 29.77086473265701;
  -4.454712749690383, -5.872701151790656, 29.76439890430985;
  -1.55937464549577, 0.4828689195615925, 11.20074041335949;
  -4.78231929902026, -4.06162680678785, 32.47468120782678;
  -4.877575831555315, -6.277285149837106, 33.33739865715339;
  -1.537621475699616, 0.7074487574739478, 11.15832628897705;
  -1.471565671218527, 0.5974982429924313, 10.74592701356331;
  -3.525053133111881, -3.596042456588731, 24.44986165788025;
  -4.570539041140719, -6.114942583348004, 32.01524366060867;
  -4.404166965326565, -5.386427594232538, 31.12892282072503;
  -1.399471224364006, 0.6532620866663951, 10.62176758734975;
  -4.638874423929374, -6.271461351577966, 33.31937364907252;
  -4.662691343463511, -5.836505001319816, 34.39734895117928;
  -4.297254262207703, -3.410720975942962, 32.06080902306082;
  -4.572370052182482, -6.049676682927592, 34.15475121393936;
  -4.017984616826933, -3.990063352484561, 30.70524241710709;
  -4.242058164452695, -3.894432355007558, 32.50278137002788;
  -4.511509784312893, -5.750223434212325, 34.25189498473807;
  -5.520652354943786, -5.928597798449484, 42.50419447946301;
  -1.446031996646296, 0.5447168994361435, 11.90087455546196;
  -4.546713309215018, -3.679058432178024, 35.76998565214879;
  -1.460490409196498, 0.4293419517063594, 12.14785096433296;
  -4.092356790447319, -3.647900389077897, 32.70087459423202;
  -4.67559453472186, -6.01733134627168, 37.40554709023955;
  -5.960993121250388, -6.660617652205839, 48.06605426738498;
  -1.50010462891654, 1.040273207844581, 12.96092305379814;
  -4.404609520875117, -3.531061078892485, 36.64480810238324;
  -1.4669133443264, 0.6390635754096934, 12.81316043206648;
  -3.942338409954055, -4.045457656938103, 33.7426365439807;
  -4.105166680814858, -4.531237457655676, 35.09563627665064;
  -4.011987139688625, 0.01201609008206146, 34.28143856472433;
  -4.580596126005313, -4.299241271489408, 39.44662363556488;
  -4.197629535797297, -3.944512200034486, 37.15250376762531;
  -5.265692620683129, -2.063974767160894, 46.27420788362466;
  -5.162647280560091, -1.611230445026758, 45.47527037862361;
  -4.822086870711443, -3.569171105018965, 42.69868968237761;
  -4.349008963255823, 0.5733189057707303, 38.50625598015183;
  -5.623703217828542, -2.796671511688068, 50.52269664842713;
  -4.700076670288528, 0.1174827084857711, 44.57733384642651;
  -3.733769623423909, -0.5998393127468094, 35.72597819597727;
  -7.631205433185198, -3.498839618671674, 74.3763012453597;
  -8.345417545605425, -5.713208421804667, 81.76964020851784;
  -2.826846102487825, 0.6691118034449017, 28.44276560418864;
  -3.934533021190835, 0.6288192468372974, 39.43992049135839;
  -1.89251368589621, 1.211691597701804, 19.61082679673916;
  -7.142939184513334, -6.507529139784292, 71.29498889163205;
  -8.402473207267365, -4.265679713629849, 83.84126381452759;
  -7.052888781123187, -2.605457532925843, 71.70442711201406;
  -6.68911126916338, -4.175535753817884, 69.21129420503408;
  -5.676233625932144, -3.188340833946873, 60.49093203784111;
  -2.907012317158827, 0.4413466656805841, 31.48272169036028;
  -7.865413164736975, -3.595037965979617, 83.97012688471175;
  -7.036274153175411, -4.705025953321168, 77.73453302466196;
  -7.209754987762929, -7.615243998703307, 79.9675646296273;
  -7.85572622065792, -2.349016283629374, 87.94145520353973;
