m=[-8.316731460002011, -0.4444257066539661, 15.34817206233465;
  -8.465766214107545, -2.044269298809212, 15.75955058394137;
  -8.179424088906327, -1.768143793438046, 15.81757305736774;
  -8.088527580795999, 0.06386066164732777, 15.65054886862156;
  -7.937173273745094, -2.156411647242489, 15.47242625908208;
  -8.083152156870321, -1.127649773965107, 15.77005574353873;
  -7.936307814770108, -1.183194318765436, 15.59858145065216;
  -8.237281390590084, 0.3660292834257379, 16.19795499995981;
  -7.785388643303557, -2.17816081956867, 15.38141888525642;
  -7.923796029306929, -1.022514155519554, 15.63386473603787;
  -8.214448366062841, 1.136407576361399, 16.34451341783661;
  -8.501981595639844, 0.9823140965027952, 16.92474934207144;
  -8.57820541700449, 1.675923717823016, 17.93843947191574;
  -8.299576451930959, 1.876128730842365, 17.42961459552262;
  -8.600804117566625, -0.4456088066501647, 18.21298661547814;
  -8.502196584108987, -1.192781705537862, 18.16997907768091;
  -8.660753532835281, -1.038228179449233, 18.54501236949329;
  -8.418144585413357, 1.86547906494586, 18.02363855954285;
  -8.268162137026474, 1.741857514428799, 17.74672204438087;
  -8.456402999477858, -0.9894444895713377, 18.15632133695801;
  -9.232237864755005, 2.207448632451752, 19.72879152230231;
  -8.320695776981996, 2.248890964919731, 18.03194623300935;
  -8.363021673380873, -0.2816803595503545, 18.13026345318601;
  -7.03934345700729, 2.4249313802981, 15.68357840041713;
  -8.456322010998257, -2.075262222367919, 18.69120295693106;
  -8.449416862533168, 0.05393205943733483, 19.03741447206467;
  -5.111932644383708, 1.645714487149383, 13.61170747664226;
  -4.194132807038215, 2.693411370644796, 12.0443874080178;
  -8.05903803871246, -4.870088514734539, 22.9312790475151;
  -8.260047019996971, -2.241794515995818, 23.83357217435355;
  -4.579127819662172, 0.3611662491624723, 13.61417290529005;
  -4.657885188211737, 0.1694056941390974, 13.86018847729978;
  -4.695818085861644, 0.537624112858748, 14.23765776893054;
  -4.575608060651122, 0.48875150270031, 14.1792701397117;
  -8.169083435642126, -2.239792175914884, 24.65602083223551;
  -4.136060469812132, 1.301546279504178, 13.26430872036043;
  -8.648270155079693, -5.233510965012208, 27.0541723002988;
  -8.098087706520632, 0.2307898329175508, 25.60319080661004;
  -8.82592230098134, 0.1082693228257486, 28.92635205911002;
  -3.795793508250904, 1.34860677720489, 13.29929644828478;
  -4.141632578390495, 0.4506190336382821, 15.22058233701763;
  -7.736224558228052, -2.115063160948823, 28.13988536834506;
  -7.86206614400525, -6.643944204053434, 29.71603916875437;
  -3.745690626732009, 0.524701598962668, 14.66739160148429;
  -8.203537169704683, -7.032977131527583, 31.23941921510671;
  -3.433657459804923, 0.5345071905288484, 13.91715327996125;
  -3.052967780003363, 1.488792801230945, 13.25527156175771;
  -6.53135541338389, 0.4036823566602389, 27.8534854655483;
  -2.953267233005899, 1.385733872355708, 13.52403803496611;
  -10.01278513082162, -9.323076053397678, 44.41887121385542;
  -8.37777343498084, -6.2460339155301, 37.562825085199;
  -7.70824484856933, -5.302478774393264, 35.30045034928047;
  -11.45626183405716, -2.955148569480652, 52.2195589085708;
  -8.812016088592937, -6.917661630174511, 40.50777879889345;
  -9.672859292350369, -9.565206908030961, 44.30356133049786;
  -10.29357678961282, -9.59524092172585, 47.14959260345086;
  -9.315282184979083, -6.662969140465249, 43.2248317081817;
  -10.52807254067678, -9.574140701042818, 49.10903252803558;
  -14.38721534904195, -9.448911417939359, 67.98394955687934;
  -12.13029567402183, -11.91939444006118, 58.77824552027077;
  -2.800348448256096, 2.461408424825045, 14.25150551305302;
  -8.544702359756357, -6.718641647489292, 42.11599168056332;
  -13.03364570623447, -9.24633552590389, 63.72369777685156;
  -3.30902570328323, 0.6349741280327671, 16.81281410789311;
  -2.729028928010736, 1.550045127894717, 14.19702377273231;
  -11.76973340487482, -11.96108798726097, 58.85750984058429;
  -2.990174823189066, 0.870572435424417, 15.76222880514843;
  -7.819683989137163, -8.929811908962911, 39.99173290169561;
  -12.87800583734246, -15.76254565022133, 65.60022950500422;
  -10.69041694633356, -12.78138414483252, 54.58990739851546;
  -10.89078732858892, -11.8091432547111, 56.08207937960371;
  -3.278729767968182, 1.224377795723477, 17.42478554685617;
  -11.1924147844786, -14.57199849778412, 59.98225291422039;
  -11.12028514303682, -12.58692387223248, 59.52977881274103;
  -10.79551322022387, -12.10499729888913, 58.44538857319225;
  -10.40634582406283, -12.03457631152925, 57.28283090502743;
  -10.67355798334224, -11.98883458767716, 59.58859234714925;
  -11.46477518461019, -11.52023127320977, 63.96623447688922;
  -9.898534359416315, -10.30606531321635, 55.60834269215155;
  -11.1228728808029, -14.20652556032638, 62.38279154081575;
  -10.66075876865691, -11.78470399008639, 60.13067447165079;
  -16.05630297544814, -21.78340746538192, 91.23936921073138;
  -8.853873327602138, -9.598705313308662, 51.38329334689355;
  -10.58548474495918, -10.8960138844589, 61.6926720994547;
  -10.11375712932601, -11.28490635481825, 59.52532599963608;
  -2.672400076653534, 0.9596682578108707, 16.44946042418425;
  -11.40198663704888, -9.590129760854619, 68.0294032825722;
  -10.00700035255606, -9.687997095053911, 60.69466730213303;
  -9.253057898518572, -13.10102050799081, 55.87806632427375;
  -11.67978869641847, -15.7787108164876, 71.46180812741505;
  -10.41620178823629, -9.582205066678201, 65.01638413988283;
  -11.17530827402189, -9.298898798260913, 69.98639392324331;
  -9.155397796245801, -9.50856402768901, 59.79191046260609;
  -11.52568243266707, -15.84055109275775, 75.35523018499731;
  -12.31716778197836, -17.60084153479425, 80.90874181834198;
  -11.73822085255098, -15.47463708530711, 78.42954361232347;
  -12.57382912706951, -16.18211865519565, 85.93997689265643;
  -9.304172425144571, -9.491544609628464, 64.53398574308207;
  -11.80723143115114, -15.79694246562463, 82.706085173524;
  -3.11645529565711, 1.433859022834327, 22.61572539374826;
  -10.3311145646043, -12.63526133501982, 73.0209527625821;
  -2.794041811544829, 1.134461822463589, 20.40314609598303;
  -2.665338882808193, 1.316791899579718, 19.8016160756072;
  -13.58428414344182, -18.36508282159651, 97.57104801020154;
  -12.69236350096174, -11.2913540473149, 91.83706245310323;
  -2.829220891534709, 1.320657910693414, 21.47334381727859;
  -12.83924396963266, -16.0714716291434, 94.71696120565547;
  -12.65193389524753, -16.73970142540982, 94.50758570188893;
  -14.22381728604584, -18.12921425252585, 107.9888372752236;
  -9.926787109377372, -9.857805151161148, 75.86002279350559;
  -11.62084610526466, -10.66854750935392, 89.0392836805643;
  -2.880791446026648, 1.08518745646099, 23.70897580352572;
  -2.832732454988423, 1.39789470893697, 25.11865691696197;
  -2.675199814350871, 1.050377573527074, 23.98229846983117;
  11.88457372917888, -5.930959942187392, 37.2043541994767;
  7.977108174920673, 1.149471760879476, 23.45738240565922;
  8.059173331588891, 1.267034077606623, 23.63055218723928;
  7.86351163565405, 0.8029825345101077, 22.71861667085889;
  7.304205155498645, 2.708614951224808, 20.65297835659357;
  8.443405068337084, 1.082114318464117, 23.67561875754949;
  8.359249341382967, 1.245034855534926, 22.9826201806226;
  8.404366937154769, 0.8840635818744141, 22.99450517615853;
  17.04853944841087, -10.22129513745897, 45.01781130207397;
  17.5290569048021, -10.68037787592435, 45.87599530041857;
  14.47577250826842, -7.887495461194749, 37.8746193416867;
  17.55910096053219, -10.45283091225055, 45.43522597706199;
  8.838024332634713, 0.8464952000897554, 23.28653432566545;
  18.36316908356373, -11.03735825964025, 46.80521962914578;
  14.14171145118075, -6.90657916101855, 35.71149095950538;
  8.164332034403312, 1.089568765722685, 21.07154364519182;
  14.23036241571449, -6.969494652063987, 35.89905042850794;
  14.4414627456694, -7.86115065766854, 35.7914381206042;
