m=[-3.214379165213844, 0.4783596185242275, 4.851508523214918;
  -6.38722417620576, -1.359357945675399, 8.964369715809726;
  -6.372246298029163, -1.396903232269362, 8.963147342886002;
  -6.398238253074331, -1.314331306423892, 9.024491829083321;
  -6.371565980892614, -1.211095454952539, 9.015079234304951;
  -6.368878329358163, -1.147431005784932, 9.044245157314643;
  -6.42302231807677, -1.072558521102642, 9.139676283629633;
  -6.400564913412603, -1.08081763639401, 9.23970948146089;
  -6.434185718816888, -0.9918019397166488, 9.300605285957236;
  -6.458414007941085, -1.14321728806736, 9.343635335008591;
  -6.398200842397797, -0.9026357674063156, 9.337568957679265;
  -6.400089384743858, -0.9999961052412569, 9.364126221885519;
  -6.413031847680473, -0.9471578710681123, 9.410218370370609;
  -6.407927224096876, -1.083619254912825, 9.407285055753118;
  -6.394912310075304, -1.163599276353003, 9.473614492065289;
  -6.427187615191831, -0.8147811973862427, 9.532912196376913;
  -6.502042459554873, -0.5036794474023592, 9.673468975984417;
  -6.387806465561871, -1.097004653589864, 9.56172794616927;
  -6.542912923117397, -0.4221047983161748, 9.790296825979015;
  -3.203243066427592, 0.5277497292076999, 5.311014065498439;
  -3.218753445364153, 0.6195439096944612, 5.393380055644809;
  -3.749619815592596, 0.2065126699688052, 6.230097614545942;
  -4.495853664047518, -0.3586506843176716, 7.457890835001453;
  -3.399367514887159, 0.810041510903335, 6.009692449158392;
  -3.349977723533154, 0.8729622229157794, 5.997999876579302;
  -3.362931921208878, 0.7790306936974968, 6.021215584107439;
  -3.320303424547237, 0.8105001511092159, 5.99513437172121;
  -3.317236466207207, 0.846822242543726, 6.006180222707529;
  -3.301321173715067, 0.7071191355430322, 6.00239944683755;
  -3.265320774081798, 0.7753467518055808, 5.991069077727831;
  -3.27198249455665, 0.8493083407192792, 6.010872447230573;
  -3.262103457259399, 0.8806131944189342, 6.012241481709791;
  -3.243292765298712, 0.6911042970660826, 6.005617526849707;
  -3.22301618496529, 0.8340060608594706, 6.002120353507518;
  -2.539841548307862, 0.9877436086292484, 4.980386899813202;
  -3.184925850373297, 0.7940795810438224, 6.001845940485262;
  -3.162710193697788, 0.6933425350654322, 5.996900229759056;
  -3.161771791433391, 0.8013491448791932, 6.029452248591773;
  -6.392935566613572, -0.07052501978383083, 11.51195732602148;
  -2.989374368201428, 0.7494540625845392, 5.950639949211021;
  -6.432434306538691, -0.001548958657197147, 12.00014977032541;
  -6.427774398862722, -0.04018303592175584, 12.09051896095113;
  -6.388966779901171, 0.07206944690212354, 12.03988626066825;
  -6.555169417583239, -0.1443122805714037, 12.35844280074675;
  -6.495192685199079, -0.1785574834292065, 12.37890749803428;
  -4.215095956050163, -0.6864473984338562, 8.446583081270939;
  -2.873000858144845, 0.5188255754926399, 6.09972147336043;
  -2.812052127695721, 0.484048574368597, 6.108489561412965;
  -2.81432909176766, 0.4664050960096662, 6.115436059922671;
  -2.799596843387552, 0.5189762766202498, 6.104541599077932;
  -2.767289766579394, 0.5398914400593534, 6.049080241927398;
  -2.811112274934362, 0.4428969960419334, 6.210675169466633;
  -2.776284175272695, 0.5397005028737485, 6.175737689285309;
  -2.695153739849205, 0.4678006468833977, 6.268001639825881;
  -6.89028492572882, 0.3059761542095181, 14.75953564519818;
  -2.749232722232606, 1.036413611158278, 6.574283493634322;
  -6.656745909055848, -1.086682756091584, 14.69897682565632;
  -6.707917467472242, 0.07946239822019567, 14.86532202352741;
  -6.638209348982522, -0.1088263789228069, 14.75099227325227;
  -2.764243468526897, 0.5102607552585807, 6.74583421119208;
  -6.612243603412538, -0.2003699307411044, 14.83125214136103;
  -6.551406556241463, -1.121070208084998, 14.73050947188552;
  -6.523121163427321, -0.2242810008814565, 14.78618648111686;
  -6.586598141593448, -0.08970871154819804, 14.9255620396324;
  -6.50338395187924, -0.5443061438202876, 14.78017644235093;
  -6.563143724119726, 0.06357119329038707, 14.90704154402012;
  -6.542466125906781, -0.3472152259805816, 14.8780329564895;
  -6.59102552054604, -1.155262983801526, 14.98863556043274;
  -6.642786545362089, -0.1514154208513177, 15.09592773017872;
  -2.777956027394071, 0.5845227933093993, 6.896412383052136;
  -2.793477830094674, 0.6199898584711195, 6.937077937262545;
  -2.882297002110436, 0.8678991217194783, 7.169541387087253;
  -6.55936495558562, -1.249685226024333, 15.09261745799252;
  -2.761589204561886, 0.6880969407343416, 6.959648041256639;
  -6.511968440420596, -0.02934229516744896, 15.0991615802594;
  -6.171744204573932, -1.971396852475329, 14.36589918672282;
  -6.58335342162917, -1.816773652437899, 15.50950722668108;
  -5.317272344153365, -1.793124163601864, 12.85880518697739;
  -2.774820546262481, 0.886379903307443, 7.211999366671039;
  -3.350487032711062, 0.3289609812369489, 8.540342216857587;
  -3.678718325161475, -1.717509701670918, 9.317998159676066;
  -3.336431987033667, 0.5589026862747144, 8.530079254285907;
  -7.09011230182063, 0.1246699489223705, 17.07742570530162;
  -6.997084043875918, -0.2537251548083327, 16.89889780340844;
  -3.330582703935277, 0.4145099461604977, 8.548826665258501;
  -3.332621034049594, 0.4749607622052805, 8.558796317693995;
  -6.988533223702865, -0.5293184896304715, 16.92037875757815;
  -6.945966818813096, 0.09450460472188815, 17.02829705159673;
  -8.590341467847805, -2.024510910819382, 20.85603247188792;
  -3.296214158783789, 0.544749342112445, 8.623413474160198;
  -6.913979889412558, -0.02228328822565129, 17.0783131801017;
  -6.911570337011104, 0.1024537544551971, 17.23277505121093;
  -3.2795983443266, 0.5698257074973947, 8.683583524522801;
  -6.828888063185148, -0.03524014551979604, 17.08724437109447;
  -4.80066801335494, -1.912326412625306, 12.3283309964156;
  -2.747332621807828, 0.7962396805997088, 7.48943641125198;
  -3.314197977970518, 0.4856401095497757, 8.860761993247932;
  -3.241919798387303, 0.6638995607358609, 8.689882431452116;
  -4.918660920143801, -2.067959903134725, 12.68717791525244;
  -8.811187144626588, -2.306590478970087, 22.07000496418327;
  -8.65191726584213, -0.7319792374534575, 21.71610175385699;
  -2.64525792904692, 0.9113926794455158, 7.317096024345408;
  -4.744815353946942, -1.696354205889488, 12.41298161056558;
  -3.426009522664722, 0.4422867266970937, 9.256577627318798;
  -3.460858450429914, 0.3988901276955562, 9.362593485266494;
  -8.530432495842, -1.870602616314414, 22.00703508663753;
  -6.576760371643205, -0.2176254855943042, 17.23420592761416;
  -5.348331241880306, -0.9508372131028219, 14.21450201721675;
  -6.732130199436047, -0.2917198915655102, 17.83066710879413;
  -3.367622160683483, 0.616211236141424, 9.432102711360566;
  -6.919038902454031, 0.143084638972268, 18.46116111547522;
  -5.090624734339741, -0.7853541538111298, 13.85578820383366;
  -4.445167067051277, 0.3097400105788847, 12.42208228858008;
  -6.618258120188609, -0.2866255035409124, 18.05250187539738;
  -4.263293862632407, -1.83720911611466, 11.99206416276059;
  -5.125112769661658, -0.4838998683487406, 14.25259411864128;
  -6.645445531449851, -0.2178404347007013, 18.27714080153113;
  -4.175903004491802, -1.726354386367865, 11.89815880716571;
  -2.644848002099435, 0.8113792638835954, 7.892861955839098;
  -2.562624828824494, 0.8839277535615899, 7.681503418233376;
  -2.538308339154088, 0.9691185402265806, 7.629159242574945;
  -5.030086944554717, -0.6784874051172315, 14.17453452600807;
  -4.105868632280314, -1.954459343003777, 11.76756152330712;
  -4.06038625519651, -2.059657572079589, 11.68221165200782;
  -5.009989919508167, -0.7759457898603526, 14.31677125147601;
  -4.787808310229661, -0.2766440589202016, 13.80223123201491;
  -5.021344598974151, -1.042496032117587, 14.43251740900968;
  -4.138680663397908, -2.300708167935629, 12.09132546874841;
  -4.357542217588586, -1.933992944705288, 12.70134766060727;
  -2.55963667911793, 0.8493554120101261, 7.878682719547217;
  -4.901910216182409, -0.4605674609769912, 14.2237739122146;
