m=[-8.008250167213136, -1.492190262330123, 12.8476238981037;
  -8.303686772142131, -0.4808620979817258, 14.17598959552954;
  -8.323422392358005, -2.036386139939887, 14.34424384874275;
  -7.890703925997864, 1.532359895800503, 13.88681770863775;
  -8.10360658770233, -1.79453148266817, 14.51304255335082;
  -8.286619654352611, 0.720129897795891, 14.80308321260288;
  -8.306074150782331, -1.037688294256957, 14.93256776524649;
  -8.140415465740334, -2.24200207150862, 14.6698963560879;
  -8.173687106760932, -1.174274449134599, 14.76858046619577;
  -8.135745774567329, -1.244418166640126, 14.79787350891031;
  -8.104895843904531, -1.7897479381226, 14.7824512658932;
  -7.95346683295562, 0.2928533319600918, 14.5161032681897;
  -8.197346680921436, -1.090087600421137, 14.97086297103576;
  -8.413737732097951, -2.390641175077588, 15.3615042161293;
  -8.131062618290979, 1.078371304702585, 15.04033093241579;
  -8.121379551033623, 0.8915308978908136, 15.05849954858684;
  -8.223055465984242, 1.313975143293059, 15.42767744231672;
  -6.814522915858881, -1.739993447009451, 13.03541856255055;
  -8.017138400977592, 1.479931944039748, 15.6495144408466;
  -8.844244705989787, -0.4579360482173724, 17.25738437501531;
  -8.438114704238554, 1.835237229234271, 16.5289440209298;
  -8.702079955759887, -0.4957087355907698, 17.21324182657298;
  -8.453076789983387, -1.232933269973178, 16.86267231299592;
  -8.212936519758175, 1.754968088707055, 16.43626839503113;
  -8.002951871056432, 1.832035874629255, 16.04982234033725;
  -8.297573074266689, 2.245734565445237, 16.59793930953803;
  -8.35746893330292, 1.685500474800169, 16.74401806167656;
  -8.59675660031901, -1.04427697928962, 17.23154766590896;
  -8.224443385799221, 2.124234216153631, 16.63932997819455;
  -8.541381342241902, -0.3446540850761917, 17.28853876165069;
  -7.738873648118775, 2.190324541246473, 16.36404005043401;
  -5.199486941983902, 1.241430151648114, 12.85502772343422;
  -5.153467815162229, 1.107154565904112, 12.78760374962519;
  -4.983333251159569, 0.3443234821993196, 13.5645793338471;
  -8.14578711924152, -4.933709349552178, 21.78885389187991;
  -5.254938550671036, 0.7485418902047313, 14.53681207466694;
  -4.972419947325548, 0.5231594864811788, 13.85092255787522;
  -8.140980817142275, -2.260715651863539, 22.14082357251025;
  -4.847297087085157, 0.466349447142049, 13.78853216566062;
  -4.427784579711289, 1.376589641242151, 12.80557330591661;
  -4.363980114120704, 1.307429472404858, 12.78021410688509;
  -8.711742000808707, -2.442826975239415, 24.80323435547694;
  -8.26472584546614, 0.1174246948979612, 24.68513755010527;
  -4.031921062218163, 1.359644499563414, 12.886186683207;
  -5.915405202911822, 0.2955411926941948, 18.5837520082676;
  -8.415243162131921, -0.1658868568806185, 26.11880863594245;
  -8.46245398350275, -0.01404438542440355, 26.29955924242814;
  -4.005462960029268, 0.4903378590118323, 14.38307411634692;
  -7.996474507021325, -6.607484026680203, 28.1691216359267;
  -3.80891272325604, 0.5248589615110348, 14.10363359229501;
  -7.887547861303871, -6.377547210959361, 28.2656380062869;
  -3.286349903938064, 1.52406544297361, 12.98000935580377;
  -3.133379851694409, 1.390201443059244, 13.05781837590771;
  -5.214387448057217, 0.2607342088350957, 21.0529634799853;
  -3.240766290378215, 0.7840158598464748, 13.80048057094509;
  -3.104533197517539, 2.503011015802412, 13.31892644236551;
  -8.71710543299386, -6.433115833870615, 37.0107870346867;
  -9.876234015576102, -8.373501434029395, 42.3470904539525;
  -8.962402670189656, -7.384559107665877, 39.01866418323336;
  -10.64548655666748, -5.310258801298028, 46.02336151152262;
  -8.852714315191108, -6.906404706633685, 38.58408411289064;
  -9.210573321073369, -9.077150920953963, 40.14892678494199;
  -10.1247587941942, -9.406915470809601, 44.17180923275507;
  -9.96806393646502, -2.694330331713747, 43.40126093120592;
  -3.87642146601931, 0.6395248404039176, 17.61051880692906;
  -10.0751798054624, -7.179837280750243, 44.39717579025069;
  -2.925281857686684, 2.459999095689661, 13.55958633553069;
  -9.592979509570643, -7.83192669373152, 42.53201223146574;
  -10.34216751870205, -9.322568123520998, 45.88714289677944;
  -2.965070675704565, 1.588599301759061, 14.04436355744653;
  -9.638385242178437, -8.349290942284776, 43.81717740945695;
  -3.73426615391249, 0.863799753009439, 17.54806770016401;
  -10.41720494544638, -7.239102746602188, 48.04581879913032;
  -10.8027291765515, -10.58241095564636, 50.01120377618257;
  -3.447907829692142, 0.737391126282596, 16.61307145505989;
  -8.335058185638781, -6.488327986880928, 38.91710430520548;
  -9.315571890302085, -6.614926130127115, 43.51081767860999;
  -9.062808321334421, -9.6737448973659, 42.95526770137996;
  -10.37923443617497, -10.49035145751369, 49.51620291623976;
  -2.77631362328633, 2.337899780933388, 14.01375703912329;
  -7.849355634689783, -8.90107220859317, 38.01689699167218;
  -10.18421283468136, -10.97957654298025, 49.98538544678205;
  -8.149188167820022, -9.168010509023953, 40.56389175865459;
  -3.151533249175017, 1.056415977704267, 16.62527498763843;
  -9.740259200230749, -10.83442358972426, 50.19439525340015;
  -9.404295787001166, -10.79397110018845, 49.27011942590396;
  -9.30268116428225, -10.36383857063163, 49.41059341118778;
  -8.668330961147865, -8.71690011710144, 46.23273536564935;
  -9.244358557536645, -9.574969328955156, 49.38198548867528;
  -9.521869610875053, -10.44209868893975, 51.08688172582611;
  -2.974531080531103, 0.9645454438170067, 16.75221464031915;
  -4.202749709670004, 0.5646299459885876, 23.27406263700606;
  -8.961602208888083, -9.647394939792351, 49.326490505247;
  -8.511223090998765, -8.721347575234734, 47.2050177468557;
  -9.039984990265374, -10.02020102814401, 50.5909567775785;
  -5.987322064894742, 0.2896794223003173, 33.8980213234746;
  -8.352401274979963, -7.001221965987615, 47.37404095305312;
  -10.05397077732223, -9.842042093851555, 57.00861588578675;
  -8.992872345950396, -8.674786701625733, 51.81743169156254;
  -3.337784679442001, 0.7731437865678292, 19.87580016639053;
  -8.728712414672595, -9.262898867403838, 50.71759015541883;
  -10.53696198372827, -14.09631359771996, 61.44519503075059;
  -8.294069598420149, -7.588851574194452, 49.12090600656524;
  -8.403572392022566, -7.000741220611464, 50.04166917040985;
  -3.389344421432759, 0.3629223156868915, 20.96364610189108;
  -9.262301098849983, -8.281265185654954, 56.52348765933354;
  -8.243425757799944, -8.511224896056971, 51.01626483274021;
  -8.443964919984859, -6.637148131239556, 52.50670547475433;
  -10.26155861514342, -13.94701369716235, 63.84275301832958;
  -8.710207183583211, -12.29846992387995, 54.48571921498061;
  -3.127494005678839, 0.9908292187195522, 20.18356920297999;
  -8.580989030433381, -12.71950097745034, 54.45624221751074;
  -8.936191644886485, -11.64063375118295, 56.74127535380119;
  -9.264430023674811, -10.3483691063329, 59.45927904601953;
  -3.637562606565298, 1.008065941388908, 24.04515789813536;
  -10.3572266682938, -13.17561504337415, 67.28821850484501;
  -3.221994047027829, 1.332788090199147, 21.58644764667584;
  -3.179370595101309, 1.159309657389135, 21.37941607058495;
  -7.033535521457581, -7.135476175426442, 46.18652300144471;
  -9.076517578576388, -12.24475079100688, 59.94277551738061;
  -9.35493509361754, -12.38451300679991, 62.31683476118626;
  -9.768726288851987, -11.85513206051012, 65.57306818513712;
  -2.907602564163072, 1.218740364852871, 20.31148345467934;
  -8.91659211824836, -11.91849157314306, 60.9437218736601;
  -9.623571066537672, -11.92089661933268, 67.42494162683421;
  -5.938413357765403, -4.577197395837109, 41.96279607200152;
  -9.300740565542206, -12.16001272051434, 65.96223896414693;
  -9.289249516789127, -9.171931452449414, 67.07319274493975;
  -10.12894725753796, -12.52805071276297, 73.28946073718437;
  -3.024909987564692, 1.004364255455794, 22.98882988524503;
  -7.02917421073859, -6.233212310330091, 53.25681050141598;
  -8.82652306568637, -11.00390143206134, 67.78192939387215;
