m=[-4.120796495994445, -0.2386331400490013, 7.03499178804428;
  -4.033884443356026, 0.007269122384595361, 7.229522402126168;
  -4.032842803770898, -1.110710129989746, 7.267612593079551;
  -4.071938143315478, -0.50871235550659, 7.320485124157398;
  -4.017441460544228, -0.5771665585423362, 7.258891452940695;
  -4.005031158794644, -0.6125970095505917, 7.284635745668866;
  -4.023386321919414, -1.143186691894445, 7.345756180573386;
  -4.049868930203542, -0.538553763307404, 7.396299700956064;
  -4.030389158522284, 0.5345249716264445, 7.455161714562832;
  -3.341181621742398, -0.8531241583428514, 6.391305960913951;
  -4.045991432111696, 0.4441519266107928, 7.501996399895623;
  -4.022506923082231, 0.6427627945011876, 7.546822416011842;
  -4.012454030969272, 0.7252193262215767, 7.823816605128573;
  -4.34537274408511, -0.2249940937421313, 8.478934062804115;
  -4.133953291417821, 0.8991090131205036, 8.097766495715073;
  -4.282371666107255, -0.2439427188359357, 8.470790828711889;
  -4.074878357853585, 0.870733807109301, 8.154914409195664;
  -4.077058705519979, 0.822244681826927, 8.168303723118108;
  -4.04596519033956, 0.9262024182615493, 8.114133827918012;
  -4.221677200810722, -0.5128213487671486, 8.46203228705482;
  -4.197310340231487, -0.1693660658773045, 8.495740864875454;
  -4.135422450526494, -1.032634431194283, 8.539559921788635;
  -3.889067922207482, 1.100718437838325, 8.223530468588503;
  -4.074634396236204, -0.003993680245011456, 8.593106296020558;
  -2.598350300365238, 0.7989634968702901, 6.335773007022623;
  -2.538750718176832, 0.6061524385443452, 6.276717535634258;
  -2.517870148528561, 0.5409311809603892, 6.247739756453606;
  -2.415709734305335, 0.1669134986116488, 6.575535828535374;
  -2.406933361143018, 0.1957407719915228, 6.763104328673651;
  -2.166752764095842, 0.6736392334564797, 6.266454669805987;
  -3.955786747310931, -1.098505108407737, 10.75845508421554;
  -2.12972218689974, 0.6380555095055213, 6.237037022394047;
  -4.159826290834157, -1.166441324205479, 11.84345752664118;
  -1.95162070770029, 0.6581255732717463, 6.237460601573087;
  -1.946546568760017, 0.2382909257974116, 6.989784663791155;
  -1.824855675833531, 0.2514606987651685, 6.757071553158275;
  -4.034534131620242, -2.447143255890443, 14.08066699146231;
  -4.103899917335682, -1.166723292108066, 14.62342302814622;
  -1.56024985313982, 1.257941958209968, 6.693712614282156;
  -1.423764167201545, 1.197306356851675, 6.599587351172795;
  -1.421079379479816, 0.7613733218852866, 6.73108928328077;
  -4.372749828496202, -2.991591609924838, 18.93094192729179;
  -4.465485313622535, -3.483728005825805, 19.46258004169767;
  -4.712587238228165, -3.882929644132064, 20.51669241488397;
  -5.071132602798705, -2.529619138891779, 21.92389871605223;
  -4.722225348676314, -4.653820199728251, 20.58419961244151;
  -4.676113518488372, -4.344578028422162, 20.40072247526706;
  -5.173576244846776, -2.64846726601505, 22.42637456823287;
  -5.169545686166988, -4.659897622021324, 22.93674717447868;
  -1.304275606575746, 1.09831455254712, 6.583478649278889;
  -5.105813582010303, -3.548121527677763, 23.54883056137223;
  -5.270092103526717, -5.162610253590542, 24.39787629600295;
  -4.628574052157638, -4.940592698373139, 21.93819293497069;
  -5.005343814668646, -5.058929548653389, 23.8789885243228;
  -1.439352220507815, 0.46673596232547, 8.106265050914054;
  -4.216667820500499, -4.240294052343312, 22.48969130779864;
  -4.499389338953765, -5.012634954573939, 23.89821743856685;
  -4.502320972484411, -4.663339803658293, 24.05072753775023;
  -4.456678741587736, -4.887388837104884, 23.911041535526;
  -4.616654386543124, -4.969947017212279, 25.41100948867951;
  -4.198049868647444, -4.3016910320872, 23.28325981271316;
  -4.40212690205275, -4.879454618284106, 24.63586079744459;
  -4.183255493946762, -3.506524565730794, 23.72703496430059;
  -4.111459657083795, -4.363075925947612, 23.88935686298885;
  -1.618022924894834, 0.1732537487261562, 10.00773476066599;
  -4.133873641205716, -3.782383679968221, 24.48250718939739;
  -4.361220017156702, -3.633189710515053, 25.97023255075433;
  -4.311179972052877, -3.572840791698262, 26.42599148737502;
  -4.006433116672342, -4.136587662567787, 24.79469809277044;
  -4.494020754893789, -3.532402341523297, 27.94495552867176;
  -4.528326168798374, -5.285886251253983, 28.12347094279266;
  -4.192575845049711, -5.919752176631659, 26.22618560801153;
  -4.306823558418632, -3.589185484212495, 26.92747005320438;
  -5.027495470400559, -6.833128457174268, 31.27879142490943;
  -4.559563874599234, -5.939466748086799, 28.95142355747521;
  -1.593223110138518, 0.5809448388322541, 10.71349776506233;
  -4.32699974680328, -4.833259076759483, 27.7707624451547;
  -1.437943342997148, 1.047505951404928, 9.879046468760379;
  -3.556082653919404, -3.607622791905761, 23.35142728564063;
  -4.987478139802168, -6.344660990035318, 32.40235341054199;
  -1.42863213653584, 0.5988203727641835, 9.979918975763935;
  -4.532452854052096, -6.114542850757144, 29.93304443268306;
  -4.585503616127514, -5.564876046857378, 30.78042442715002;
  -4.550752240661738, -6.082828676304164, 31.10378664772961;
  -4.54919129722268, -4.037465744326984, 31.21229325405526;
  -4.796161904584651, -5.941095029987177, 33.60300809477067;
  -4.609131435025231, -6.026089695273844, 32.68864742455826;
  -1.45117499875282, 0.4818352622558055, 11.02869682641615;
  -4.829115136996483, -4.76812609376731, 34.86871246012458;
  -4.915460724363075, -6.079717829075133, 35.56652597783845;
  -4.514312975893666, -4.139987355380597, 32.76260929745764;
  -4.690687909350676, -3.761642572485021, 34.88543332378487;
  -4.129810935439504, -3.662163945629753, 31.28967241406112;
  -1.519296233634734, 0.9588676236395349, 12.12655477376598;
  -4.69999504308575, -5.859417326665168, 36.09289068766675;
  -1.433849863493991, 0.4874652320799484, 11.81056015058633;
  -4.792606204730578, -3.847548018831522, 37.7563315163219;
  -5.252392612994014, -6.269517472776414, 41.59953708648383;
  -1.405034620893789, 0.6451899441566525, 12.01485235726973;
  -3.517411615915119, -3.892927907354637, 28.78614510313018;
  -5.191026362681964, -4.853698821115706, 42.2293710821619;
  -5.09758849043292, -4.779399935434636, 42.50340454126192;
  -5.186306937718658, -2.98280986159535, 43.27775498929497;
  -5.70313835990617, -2.350508508457817, 47.55978506253582;
  -4.556877595453205, 0.4010950591456417, 38.24475484631485;
  -4.328397337604742, -4.236557957622059, 37.78642610175523;
  -11.59059361007676, -9.168376061385365, 103.2123010210503;
  -3.868093876973259, 0.1324945565391456, 35.69987224912774;
  -8.340050150157516, -4.008074633892369, 77.07795863363454;
  -2.784694293616497, 0.3019400281739028, 26.36802800990476;
  -10.1704017099573, -5.596113503519204, 94.07103412698999;
  -3.393996141787789, 0.6192666866518994, 32.05706875169212;
  -9.511013024046285, -6.608066012615151, 88.33944117099485;
  -9.56081303351297, -8.722662105207833, 90.1851612531589;
  -7.667744249382596, -6.158197898265089, 73.6410536365976;
  -6.066897337230017, -0.1032182070478061, 58.97050187827259;
  -7.707775703388022, -4.934468068439779, 75.50559894060626;
  -3.70765408724968, 0.1625030785121535, 36.69656497488738;
  -3.18274450757669, 0.3155091323136272, 32.21164410559938;
  -7.866358599546185, -4.536267483637569, 78.78537895064108;
  -6.876142957264012, -3.674621951183121, 69.24865631260353;
  -8.556993617615712, -4.139871983249493, 86.65835498512564;
  -6.648678130648605, -6.462644007456406, 69.17647168715953;
  -3.246297673089621, 0.8469468924033333, 34.35868929328284;
  -7.31716475131737, -7.807813832119596, 77.01335811689701;
  -8.062846967694998, -2.672532056863051, 85.10551117456562;
  -6.630615447739928, -4.78992779171943, 72.12794274701268;
  -7.962669573994531, -6.616837572671735, 87.88892414105524;
  -13.10904488803424, -14.08731364721183, 144.6686640591039;
  -2.166023875648837, 1.132411023577853, 24.6680986217976;
  -6.914918064412069, -6.242576375955208, 78.1771730606619;
