m=[-7.80960539186141, -1.671202092126701, 11.77162274513939;
  -7.935332634773815, -0.5014469134528518, 12.4610727765596;
  -7.710458929773512, -1.742748274187768, 12.71030450033121;
  -7.794908940960719, -2.175106490321023, 12.93406448620751;
  -7.750517408695527, -0.9963415316548215, 12.85616930773745;
  -7.664344896875414, -1.135204782962662, 12.76626093391914;
  -7.648861319164916, -1.211776792225767, 12.82830531341094;
  -7.507956333646668, -2.147925838624001, 12.65722873252271;
  -7.768207352581162, -1.063750451657994, 13.09080855347102;
  -7.710968735498949, 0.9677525782886894, 13.18768943168823;
  -7.986826681706535, -0.9786114943400315, 13.66861281325645;
  -6.350536998830834, -1.647692016665646, 11.07703100156205;
  -7.78349098310097, 0.797645923800419, 13.34240949636578;
  -8.331979920540196, -0.763810834217707, 14.64766628904877;
  -7.773692317135162, 1.686289684027683, 13.80220049639748;
  -7.731027648843193, 1.373753837950701, 13.99508554940468;
  -8.301062833953587, -1.000163288245877, 15.05462913297293;
  -8.358720476044358, -0.7631951240422733, 15.1675635075037;
  -8.270376598258963, -0.4799123434645717, 15.03969305966657;
  -7.806588046644522, 1.632691586463702, 14.23471422732655;
  -8.156164265220928, -0.5176783539401603, 15.03162653736593;
  -7.789074128381611, 1.594756511432771, 14.50114516081646;
  -7.656281466830802, 1.479522918444888, 14.28730406189372;
  -7.8995821511958, 1.745150410100314, 14.71810544000788;
  -8.059280368396333, -0.465354650198126, 15.01723346848781;
  -8.031363112234667, -1.027356463245406, 14.99378774177405;
  -8.139118626821231, -1.117701737385295, 15.21359991120437;
  -8.031958258624432, -1.389906788115749, 15.07007243683075;
  -8.081726960677047, -2.228373315915144, 15.23291943388837;
  -7.97181327592348, -0.372919728951171, 15.03664196489235;
  -7.524730449412449, 2.065286100810583, 14.8023894510064;
  -7.788571150805719, -0.06484008382231926, 15.30867558356472;
  -4.695317044282885, 1.180268564209579, 10.55776968802886;
  -4.665783117049728, 1.06077371522289, 10.50933994369797;
  -4.628568087454817, 0.9472615233199014, 10.45893635692648;
  -4.381454692175265, 0.258301589867075, 10.89500999047835;
  -3.942834639370767, 1.171674819245294, 10.37136194988682;
  -7.458652494775691, -2.127269217787451, 19.09712252172968;
  -3.857393918104412, 1.10344814129136, 10.27114996620848;
  -3.753157355575639, 1.053016353494804, 10.22032913492973;
  -7.727901753251528, -2.232645617210943, 20.81610102812922;
  -3.477407580302404, 1.117917423335598, 10.10164714709881;
  -7.817434416836042, 0.03441995696788216, 22.11254026722451;
  -7.710000845616071, -0.2327952545580719, 22.70158771966245;
  -7.691720217797263, -0.1030537142499943, 22.68438839576468;
  -6.707397206040758, 0.01607428897099123, 20.82943645751294;
  -3.443682002115655, 0.3584256978449715, 11.30769062682527;
  -5.704145579770857, 0.1995294443398356, 18.52261088765059;
  -3.151026647454533, 0.3815858105822901, 10.64994918762525;
  -7.832188876669227, -2.079747345430228, 26.4311634091419;
  -2.772423053561821, 1.223478701998056, 9.929976123802092;
  -2.899275088888446, 2.238770261663284, 11.2864645773892;
  -2.536586055894189, 2.050862809996505, 10.69463493259537;
  -8.388276636292934, -7.807787453822856, 33.57550496878568;
  -2.413858647329135, 1.225830534255105, 10.40991768980097;
  -9.439206745915351, -7.369225386047011, 39.16446134468333;
  -8.838055664522333, -6.492982339482025, 36.74217673734061;
  -10.29898120413142, -8.470944345734818, 42.67306992080881;
  -9.819101524044326, -5.014026123577387, 40.73841087842347;
  -9.877088032351001, -9.75923780366988, 41.09943986597079;
  -8.545560398838907, -7.946850664824734, 35.63115001536967;
  -11.771316487295, -3.140507078012814, 48.88837748118963;
  -12.48882793379166, -3.563647327281668, 52.14910782789058;
  -9.988421012312623, -9.226351400498908, 41.94423493717395;
  -10.02918922017358, -8.232205266488968, 42.48926419450752;
  -10.941239586018, -7.701866528809782, 46.31561021266681;
  -10.57514703395902, -9.541915631465514, 44.86469428651989;
  -2.210184177885029, 1.768789816084655, 10.1283458313139;
  -13.16269826782722, -8.759349190968667, 57.22268025999133;
  -8.423665595281817, -6.584839541986306, 37.43595432944642;
  -10.27223578315685, -7.275087169552648, 45.53702977846087;
  -10.28735188660282, -10.09032792139442, 45.61138753123101;
  -2.898409130369853, 1.107827833739352, 13.44662591817636;
  -2.295573254155247, 2.100162132974919, 10.88571208631482;
  -2.54662657151883, 0.3131752451477675, 12.06082466336389;
  -9.21611167540491, -9.875714912124275, 41.76597285317926;
  -9.610399095106022, -9.728201798506671, 43.8900418091073;
  -9.72438009582581, -10.23925226715887, 44.44978823471448;
  -2.61499291854784, 1.01003525269257, 12.73254362796866;
  -9.552305171382058, -10.30068243326247, 44.8586354283509;
  -10.42754497558528, -10.36725795570605, 49.41761624772322;
  -6.208499719869707, -0.237534114411035, 29.95432703821447;
  -2.383618303907305, 0.6902027614647867, 12.30976407807263;
  -8.547070613959418, -8.601178354083748, 43.45660942322246;
  -8.701755627397176, -9.693399487315846, 44.1455710417196;
  -8.763950200544365, -9.091256905723169, 44.7175175475987;
  -9.85998614097984, -11.4010708746573, 50.38612285145641;
  -8.283613384041457, -9.080050374058155, 42.45622556246159;
  -2.447256695669861, 1.190800378324039, 13.22340679035854;
  -8.50058814028473, -9.563917788248054, 44.64611782824211;
  -9.443448429895337, -10.17504909138993, 49.61637687111008;
  -8.296844350705014, -8.515005756264856, 43.87132707464824;
  -8.402448714116588, -9.313374159878242, 44.88441484244859;
  -8.171532836562914, -6.909264635485435, 44.2195677459426;
  -7.722974861545196, -8.209263774531404, 42.81633257377458;
  -2.641965748891405, 0.2041914041737284, 15.16144789848005;
  -8.799487447809597, -10.92968324192069, 49.07273042995208;
  -8.266324779932759, -7.627401381714483, 46.73101355565966;
  -9.047427148456265, -7.599098705441081, 51.3880292636853;
  -8.930090406522467, -11.59616576268603, 50.8448488966399;
  -8.215453561441951, -9.229589237929478, 47.17553478417126;
  -7.660969749049278, -7.93323004686795, 45.18790767553269;
  -8.078323166158818, -7.247499911982578, 47.90341096110346;
  -10.01642498673851, -7.987897610201832, 59.49204383229314;
  -8.018637862504805, -11.25788519007227, 47.78882947339899;
  -2.632284274104181, 0.7501279528295548, 16.14755868196694;
  -8.765318498575709, -11.87729115347348, 52.16913137914455;
  -9.217881506777919, -11.96977909577617, 55.82299258440825;
  -2.759573690220133, 0.8967042605709492, 17.21764951262163;
  -7.886197063653343, -8.808388415224917, 48.3034929975312;
  -7.022330634626594, -7.158130168042546, 43.81633346357459;
  -9.025695882291936, -11.46470263966489, 56.09124280003681;
  -2.352909143158405, 0.8944438580586835, 15.21607259770811;
  -8.744447905683979, -11.74168858662031, 55.05163881340042;
  -7.821535677255979, -9.493593774199189, 50.17931543402922;
  -8.59265524257764, -11.43906507687759, 55.96925158599439;
  -8.604969253954304, -10.63499395839727, 57.51917726531098;
  -8.482768895578893, -11.05045248659655, 57.35167433912024;
  -2.235616814693029, 0.6419334529770148, 15.76601060621462;
  -2.233449587874997, 0.6142112725097991, 16.28691102235503;
  -2.529956942262664, 1.447678025819041, 18.79955185134439;
  -2.409071516151728, 0.8357513261227502, 18.18387586681946;
  4.634037952904778, 2.561069441625568, 19.61312421811454;
  6.764847832275023, 2.592725701621847, 23.07192413245809;
  6.464337725413835, 2.468730615995538, 21.07996531559958;
  14.98930388655501, -9.708040561416947, 44.4317572379443;
  5.99341816499225, 2.680748594105533, 18.34996516033823;
  6.630235534665545, 2.418146768001904, 19.41827375589442;
  8.381713574711778, 0.8309989742127543, 23.30972507751643;
  10.25304180811028, -1.533432906787719, 28.00704268628143;
  8.560006713665269, 0.7053681090072247, 22.86267853077101;
  16.00198773849256, -6.699633189454056, 41.37262544808537;
