m=[-4.003225515750621, -1.117067802520694, 6.642537759673719;
  -3.99881948503484, -0.5922853246683207, 6.660709253103536;
  -3.919261436139131, -0.9204178427118819, 6.568381315783365;
  -3.987485360318617, -0.6317204636547967, 6.687620222209543;
  -3.946610214835646, -1.129072370524237, 6.653361579025431;
  -4.081011719546853, 0.4182188134020812, 6.995643682234817;
  -4.334275005935461, -0.3973324755441661, 7.619679175582;
  -4.4181558606501, -0.2088316549012363, 7.8404982744709;
  -4.310920040080906, -0.2501535104651872, 7.839414981565779;
  -4.256663317060646, -0.2701738694314697, 7.844934358445971;
  -4.217817278687161, -0.5792103440816331, 7.883923004274039;
  -4.161767517303259, -0.1946865989947224, 7.850034356400385;
  -3.945606520830359, 1.082936639594156, 7.761660664711481;
  -2.522864001116247, 0.634175934065872, 5.672847398119076;
  -2.519223790750327, 0.5727498070424422, 5.674369885411127;
  -2.512439152603398, 0.5141842777238587, 5.677229048212795;
  -2.382513293838746, 0.2295657277132616, 6.074609764415185;
  -2.139972055104107, 0.6359260786179533, 5.629052896235542;
  -2.135143742142554, 0.6057863984329701, 5.621718569403045;
  -2.064264257582823, 0.605963426334495, 5.627713606207509;
  -2.017754394008716, 0.6012118780737376, 5.615350909088315;
  -3.924431293004494, -1.11928017732127, 10.04810792339652;
  -1.943392548007798, 0.6247620791145651, 5.645431355092653;
  -4.140542221157554, -1.196232009426711, 11.15308500791766;
  -4.129658605196423, -1.160981115978741, 11.32685419573761;
  -4.05598685209918, 0.01785840282981905, 11.47283978452305;
  -4.011296453024256, -1.065153468752744, 13.5368584315198;
  -1.502096160841761, 0.6326345856985373, 5.675411539460378;
  -2.432366921105275, 0.4562922417967272, 10.21758105391473;
  -4.404908561036167, -3.438929230493902, 18.27652213892007;
  -2.185753822450355, 0.4529680981936231, 9.490671781633196;
  -4.304746637278692, -3.162533135426435, 17.89599067488049;
  -3.969884765120957, -3.058414249459001, 16.72119263682994;
  -5.075076653895206, -2.591537205260227, 21.05595481008127;
  -4.226948082419884, -3.469582984363134, 17.9077201424361;
  -5.405287656028476, -1.442093937477132, 22.44912398775031;
  -5.841826976256952, -1.666946746383713, 24.39348724409977;
  -5.449174218448986, -4.916769524492528, 23.11793251097478;
  -5.173355414186964, -3.663916248787746, 22.93358958296765;
  -5.04109511099933, -3.610237339796634, 22.49459394944303;
  -4.963437907573706, -4.293531386606137, 22.25376345676158;
  -4.667675232640848, -4.876333691305264, 22.96915503534607;
  -1.449939471784061, 0.7055199704233791, 7.834543671173887;
  -4.351527516385601, -4.379075120779545, 22.12484723890362;
  -4.584995622249551, -5.107497396746949, 23.26050726254811;
  -4.55388141009374, -4.991719275648319, 23.340130371622;
  -4.394203323116793, -4.73463003077549, 23.08737636961538;
  -4.280775999455804, -4.393336880370576, 22.63551249933614;
  -4.412681285755689, -4.891068456447719, 23.57177343607166;
  -4.232982447069687, -3.579107678954256, 22.90643112245208;
  -4.342595018204014, -4.204876146075877, 23.89225258376421;
  -3.930561569859886, -4.178055385067009, 21.79111474449974;
  -4.559493672565061, -5.663264125353416, 25.427254168827;
  -4.477941171343347, -5.06402446714125, 24.99864954123123;
  -4.164492853070804, -3.84260954986464, 23.54262349354274;
  -4.293518132500414, -3.606204012158166, 24.38653904770497;
  -4.549755412223855, -5.908083293455848, 25.9047351057307;
  -4.587885164718323, -5.154224927991487, 26.34497712819697;
  -1.624434024505729, 0.3815330289430995, 10.0156928237929;
  -3.964237796617792, -4.105121339887903, 23.38288982013701;
  -4.419935045781276, -3.965362389742102, 26.2096428385546;
  -4.526788710057748, -3.610023013883016, 26.88662998173919;
  -4.521298396308188, -6.347743735093132, 26.94566854925042;
  -4.939636351365904, -6.693367633701797, 29.39956349806109;
  -4.774002674951285, -6.199228898721853, 28.91110237485627;
  -4.727684591411612, -5.760735525321168, 28.71171134361923;
  -3.921827813105242, -4.38043614642567, 24.02146190093981;
  -3.746981939882657, -3.207622640305753, 23.14355709231823;
  -3.643783306324689, -3.714247671877029, 22.73564614455362;
  -4.798437737516196, -6.095115824088672, 29.82045259512264;
  -4.570631702611095, -6.137258140826662, 28.77491733671;
  -4.697201017402769, -6.194538821324069, 29.84950352483627;
  -4.675600493646298, -5.675132553086535, 29.99646638401466;
  -4.743636152907284, -6.315016851282143, 30.89822153679726;
  -4.795150633399166, -5.926389335135653, 32.05277220131942;
  -4.697038994334719, -6.118804705576614, 31.75650003875887;
  -4.266947609539375, -4.075972685767931, 28.87479164117994;
  -1.444126839736834, 0.397143051141909, 10.530958688961;
  -4.737057763333646, -5.849254895970125, 32.72213950317338;
  -4.274616737432357, -3.960746024715956, 29.63926317599787;
  -4.815047786063163, -6.149376501737467, 33.45593338512106;
  -1.469781738582469, 0.8410304104989931, 10.92162382017785;
  -4.875823015658515, -5.836131425313698, 34.67889001834176;
  -4.754078957060849, -3.893085182887207, 33.82360652987983;
  -4.479075464038749, -4.033498740324685, 32.29055653032536;
  -4.744166566338161, -6.019466586163166, 34.31059774312093;
  -4.95687795782293, -6.185424140329642, 36.29293986995243;
  -4.891364017072, -5.430844076251113, 35.85962139552417;
  -1.374965304389837, 0.5537479585896974, 10.91037082050109;
  -4.75900590605001, -3.884349893348202, 35.74382438429378;
  -3.949802026171688, -4.059075274450583, 30.39156444056347;
  -4.794655055629386, -4.532697878788188, 37.25695885446825;
  -4.598940972613735, 0.1947102438714268, 36.9168340494055;
  -4.968933756610268, -4.207676266517872, 40.19301268078281;
  -6.653700145882505, -3.212974509387095, 54.23741826726981;
  -5.352558027392058, -2.911713388562668, 43.72513587509022;
  -4.63826018052513, -4.587241765861411, 38.48319839031503;
  -7.221085793908534, -0.4514126071307503, 61.99343483949921;
  -3.837817908994704, 0.4881729198773724, 34.35662294588286;
  -5.409208514038235, -5.364840121703725, 48.09399178846746;
  -7.919747188181631, -4.050889463072926, 70.20850246084146;
  -8.72600956601632, -6.281094832789448, 77.7381009215508;
  -8.066621769607936, -7.532051508578232, 73.16475002169129;
  -8.195805255929717, -4.571548373472865, 74.33902828803271;
  -8.205111794935068, -5.096621685339062, 74.76465178068843;
  -8.207621422023308, -6.745438305467376, 75.23899130306188;
  -7.411838196561897, -7.40149596887609, 68.8959489126012;
  -6.485793964409602, -0.4287046171463759, 60.28985956644736;
  -7.562532830610043, -5.011717456397071, 70.62541349652034;
  -6.860950738048821, -4.155723313939072, 65.71737073720759;
  -6.992638093639534, -3.645901611949554, 67.86836985867825;
  -7.035866840992954, -4.985465059742481, 69.92896202671184;
  -3.20703637540867, 0.1064410574579489, 32.45908499667564;
  -6.523814691446096, -6.941140800494456, 65.06791576661674;
  -5.972776860222265, -2.23102551217158, 60.32217915376135;
  -5.457089162148668, -3.073034104619298, 56.23647481460377;
  -2.349729266163584, 1.045763329059344, 25.18461623409397;
  -8.883781475010125, -9.658823167887871, 93.52678115833659;
  -5.806169439418524, -7.054700534369502, 62.54530745575842;
  -3.110134142678406, 1.015817243959367, 33.85529143855151;
  -6.216000229697008, -6.445558850025005, 67.93637892834555;
  -3.217619137501419, -1.74133134566332, 35.68965215426464;
  -6.684437375183151, -2.828735444412021, 72.80736049402668;
  -7.513517210439511, -9.77844393274051, 84.62673430660723;
  -2.165917200403849, 0.8359869570506353, 25.15717626779723;
  -5.084085498919995, -5.558698006899971, 58.63588254593701;
  -6.897108365253025, -9.093609662381649, 80.94384452456447;
  -2.415790941788749, 0.2542897817615843, 30.35466471436651;
  -6.826173750740569, -8.844377294015532, 85.12443489318896;
  -4.643193970384014, -3.838743384223633, 58.66157791194983;
  -5.851081976120494, -5.861145935295197, 73.93149186867622;
