m=[-8.324293035646999, 0.6317596349943984, 11.81295346217613;
  -8.349651922058669, -0.555909484530129, 12.00623238435356;
  -8.342132560869333, -2.100268115469377, 12.05746932789683;
  -8.319431401457774, -1.788622164142267, 12.22493443371604;
  -8.129652474257517, -2.111375431569232, 12.09056221495617;
  -8.160105990704212, -1.884261295557063, 12.32913094093368;
  -8.114118812831936, -2.285017784410212, 12.34681912895905;
  -8.198986760378462, -1.248213015319805, 12.52503717982757;
  -8.16995789374057, -1.324992467956726, 12.57021119154193;
  -8.184657880733806, -2.369305285306803, 12.63428242135674;
  -6.810812825700054, -1.828267907850665, 10.74657700606717;
  -8.408175924063684, 0.8179325269696018, 13.28273633632969;
  -8.710486486006436, -0.819996311480737, 13.99206478099264;
  -8.917823313068485, -0.5755909373504973, 14.30996999852267;
  -8.921579661266181, -0.6305545972960861, 14.41707608409559;
  -8.960182193092406, -0.8577893112072983, 14.59580799412099;
  -8.35622871507417, 1.746326524233119, 13.70851850903017;
  -9.004172811303951, -0.7533648437207775, 14.77304850541327;
  -8.347162352132942, 1.407835837902506, 13.96508899446811;
  -8.528793686885841, 1.460701855271228, 14.28149671123948;
  -8.937553089117673, -1.132554667888204, 15.04792795651276;
  -8.373252416170589, 1.695393941569675, 14.14110934392104;
  -8.902734395815362, -0.8646050960646359, 15.0054598286449;
  -8.933558608127537, -0.5632795104608254, 15.08320216374536;
  -8.822058759862896, -0.6116085379703923, 15.09541980436419;
  -8.358288967431308, 1.55916429200251, 14.4494701047759;
  -8.521708486969557, 1.823234156407546, 14.73873124793701;
  -8.706094242473885, -0.5520505012743894, 15.06095725963485;
  -8.705591728304224, -1.158861778076105, 15.08155880201043;
  -8.687658970311512, -1.240901357414168, 15.08297418771512;
  -8.68424428682812, -1.933963322287488, 15.11402564917971;
  -8.823457522232639, -2.468405323123495, 15.43369155217406;
  -8.611155455664699, -0.4527192645631035, 15.08184314669672;
  -8.396592674593107, -0.1200634312818664, 15.3448668730849;
  -5.064562689250551, 1.232069062381796, 10.308063279517;
  -5.078256735194868, 1.111977481424919, 10.34779109868927;
  -5.085438612418624, 1.003350356594403, 10.39269807377276;
  -4.820280749706934, 0.9325371038081212, 10.2317303381049;
  -4.830917282612093, 0.2440618251731997, 10.89964778913514;
  -4.913377180926247, 0.3431624085308211, 11.19965028347765;
  -4.81900177088484, 0.2934261589754019, 11.27394747419766;
  -4.258703341456125, 1.223540487611926, 10.13018173327547;
  -8.446659414668076, -2.45926996718869, 20.31477773916749;
  -3.933323704715491, 1.217295249291823, 10.30912178756981;
  -3.846991188489547, 1.157941558013217, 10.23729977405458;
  -8.868300532652784, -2.621454423176153, 22.5702515977231;
  -4.029676833112651, 0.2441436967273274, 11.04871125505651;
  -8.882396542966438, -0.04171625608982991, 23.77705367373615;
  -9.073047354104372, -0.3809509863767182, 25.30389140994345;
  -6.723197347004938, 0.1745515013905784, 20.49790168761788;
  -3.183712345211521, 1.353770413184741, 10.27801195048511;
  -8.554700232217348, -5.275499170965145, 26.84922238362202;
  -9.195389096716044, -2.524675789832859, 29.48973086107797;
  -9.272159039167569, -2.827276224941548, 29.86081609103308;
  -3.012451861829781, 1.295897314013573, 10.38200259398638;
  -3.085020205987175, 0.8967543226502578, 11.0590712962853;
  -2.794920409759678, 2.129515572588023, 11.22652660168645;
  -11.63388068315704, -10.01823878078344, 45.16602737061489;
  -10.68916096283135, -7.3461138130042, 42.05944073731881;
  -10.62598627902448, -8.289811949349883, 42.11013965819269;
  -10.90336687750263, -8.006047771984793, 43.22136559352423;
  -10.78716049970333, -9.511555256748245, 42.84843070581086;
  -14.22286487685846, -7.375116464789873, 56.57025833900021;
  -8.878159664403592, -7.314200560568503, 36.06584746206933;
  -13.1567533068313, -12.18207234978764, 52.99334499115594;
  -12.56435216761996, -11.34420204755331, 51.1289249547318;
  -11.08059493261218, -8.6144771069958, 46.85924503818863;
  -3.072771392560823, 1.117600079504525, 13.75010099639177;
  -12.17709849257487, -12.3415156905946, 53.34244703546021;
  -3.043275792054819, 1.391511313946357, 15.1227545897951;
  -10.2377072568051, -10.26761236750591, 49.67502124924015;
  -11.10766322464834, -12.35963486771023, 53.93942171105745;
  -3.503786413168599, 0.6193252529488422, 17.89636569921061;
  -9.305572945266697, -10.02255737317869, 46.89415937016678;
  -3.553518344699248, 0.1984215681950422, 18.90661638829072;
  -9.101667658592216, -9.677001108979189, 48.21010467741061;
  -3.569105149143682, 1.050765393736333, 20.74436749265997;
  -3.114017770247854, 2.081127849614946, 18.2342064669269;
  -3.741252863738348, 1.026544327746294, 23.22763853026303;
  -3.738615088411477, 1.020167528116926, 23.98760386708239;
  -3.587741627709997, 0.8675312641819638, 24.29124870446426;
  -3.791159197186838, 1.253253869398346, 25.97906778224967;
  -3.358650081829426, 1.773640361047251, 23.23540959983756;
  -3.375459102498148, 0.8502961284133062, 23.98947955672063;
  -3.114753787216043, 1.141567883542369, 23.03181401995277;
  3.52633336064895, 2.219254536451229, 17.4852067404529;
  3.509142937683418, 2.304680482718007, 17.22294470100442;
  3.612386434242653, 2.193225880609895, 17.15659079301545;
  3.776068229441614, 2.018417152206165, 17.13571527940282;
  5.487937953245459, 2.045372907871692, 18.1071319695943;
  5.612457289791826, 2.08502439690487, 17.61105233381873;
  5.768981550779583, 2.150653544640555, 17.54573616170045;
  5.515752716169995, 2.428552615613628, 16.12485367019982;
  6.159636678704357, 2.186303178114967, 17.26278983575506;
  7.267852899232035, 0.5594883306502647, 19.75381252547835;
  7.003541308753977, 0.75609736460998, 18.99011621942618;
  7.088264058753019, 0.7300196307704819, 18.9373312593958;
  6.999166477832722, 0.3738975442887002, 18.34303291739665;
  7.424576100378781, 0.5268657065909964, 19.13606635961328;
  6.998652247864827, 0.6312203011372672, 17.78630560408901;
  12.54596323955756, -3.80012349394491, 30.24593874324684;
  12.24590631020753, -6.762367236183325, 29.43866028595563;
  11.85471754540621, -2.157501442703555, 28.51411800005839;
  12.26585386053886, -2.365746105986846, 29.10054898920623;
  10.81426963892885, -0.03520539260530367, 25.35093269057273;
  10.86780059763956, -1.479799028040426, 25.36928158625409;
  10.36149907305559, -0.653953302773998, 24.15798172600683;
  10.09057910969358, -0.7479240116287959, 23.49777643647246;
  10.4602664503808, -1.196529941132364, 24.30148850732687;
  10.2155986400577, -0.9800266776329675, 23.63410778455613;
  10.23402968338482, -0.8891746657559071, 23.40925847413149;
  6.53393233765026, 2.237250974215523, 15.26480842330099;
  10.7002256572411, -1.186472319540858, 24.26866666492797;
  10.4195528398079, -1.030229822094465, 23.48729219791012;
  10.52637734281722, -0.9241890999550335, 23.71629867796413;
  11.49191471767175, -1.423224121490487, 25.78495268292049;
  10.98876180042876, -1.538570912626208, 24.61340008613109;
  11.00285661380624, -0.2268253725991604, 24.51948265571328;
  11.21510449425634, -1.47177641925593, 24.45551241162235;
  12.66303011566786, -2.561548675278567, 27.44956123858604;
  12.73509470842385, -6.397022350644603, 27.55524735249262;
  10.97336172981034, -0.9751052293197345, 23.88222669647132;
  13.59391576292437, -5.193015307139733, 29.19671072570317;
  7.443716623682186, 0.8648757230991431, 16.48058504693431;
  11.55314443781943, -1.491315543554136, 24.80512398590956;
  7.353337074075847, 0.9610015740804645, 16.14030300238713;
  6.759746845235958, 2.250461107189343, 14.93267371395994;
  11.9481660338826, -1.275990609360221, 25.50078468677479;
  11.75584159153084, -1.433294316233195, 24.80251463777526;
  11.87554823379845, -0.8931428071618107, 24.92027001266488;
  12.72512638370246, -6.051828585236102, 26.56887521563527;
  11.63449518724671, -1.286753602634185, 24.27485284266072;
