m=[-7.93846315414079, -1.798856111119524, 10.91997175362324;
  -7.957041715851876, -2.19454332707735, 11.01899219681582;
  -7.958515821096053, -1.167518504385953, 11.08294695501315;
  -7.615183272635897, -2.152108297037781, 10.71538254950795;
  -8.152596848917066, 0.8287293158187044, 11.81032670258686;
  -8.73693315986872, -0.5174110649446948, 12.91741935675771;
  -8.554059418862352, -0.6742540479498779, 12.95890340318491;
  -8.944585589406325, -0.4340158259484828, 13.63193718052492;
  -8.711437586631451, -0.7427828018062028, 13.30837032873358;
  -7.973206485911408, 1.374989680715451, 12.28187542162266;
  -8.732893453065836, -0.5360270667371526, 13.39633254501423;
  -8.578051399812736, -0.5000869149547091, 13.39243429907952;
  -6.872124397633357, 2.193586834458679, 10.96863916849518;
  -8.481200926820714, -0.5412746721135902, 13.4189214074524;
  -8.156987573179976, 1.550988374648319, 13.01557137967853;
  -8.204822670117562, 1.776942027232866, 13.11541681443018;
  -8.36512980685513, -1.065836144047986, 13.39455350300467;
  -8.37516669168439, -1.155203792440678, 13.44052092728879;
  -8.015941623232617, 1.552601466206471, 12.93144160193865;
  -8.295225901259899, -0.3976637616611169, 13.43394167520677;
  -4.895453001087329, 1.205536512217867, 8.932352254399856;
  -4.895479966779575, 1.089924375777955, 8.941519051409962;
  -4.809143765384527, 0.9636117665658808, 8.816248846787454;
  -4.804798529282766, 1.022666496016875, 8.871107214058544;
  -4.63128118293142, 0.9138409114322087, 8.804961413025241;
  -4.702652887797544, 0.433100693165753, 9.840191286050851;
  -4.131438877720248, 1.140475965973058, 8.795029230311451;
  -4.141633862965447, 1.090218414344133, 8.846701310853025;
  -4.632845379750212, 0.3017536104002751, 9.790388497437117;
  -5.28122364410951, 0.6804341139791144, 11.1675468980645;
  -4.544471690919583, 0.3683761121181249, 9.7479387879995;
  -3.792652012874768, 1.156880269922606, 8.765193255702966;
  -8.219065566659749, -0.1897385477512812, 18.0657710477296;
  -3.709940593384324, 1.151359420591651, 8.707942385596654;
  -4.697859191471925, 0.5093164361182043, 10.83980755626164;
  -3.705701778883976, 1.094166239886294, 8.754891681542928;
  -3.683663735364263, 1.118655766426501, 8.776169614877697;
  -4.456328037539937, 0.3735421246002445, 10.42437150674326;
  -8.012342121051935, -2.279685916473059, 18.08095264802006;
  -8.661098740156486, -2.498538869318157, 20.77074976677418;
  -8.215609044080876, 0.006915253676865248, 20.78633040117472;
  -3.04262449913683, 1.299352549689154, 8.792711271059446;
  -3.015414701265495, 1.197222560876595, 8.840365131423635;
  -2.865666760048518, 1.233664579517985, 8.84131480448767;
  -2.83900321594805, 1.096702821005645, 8.847772584551574;
  -3.020020196370093, 0.6379116055761572, 9.535056752879175;
  -3.003868329840404, 0.2559270496030567, 9.507268602697257;
  -2.977190121258493, 0.2572367254164537, 9.624328720335484;
  -9.53019999095207, -2.801346658767266, 30.23590046522216;
  -8.989221962507639, -5.467088448494382, 28.89945530239488;
  -3.517380613315835, 0.6565907813560834, 13.2861724057304;
  -3.923122184812955, 0.5326277852694151, 14.73457603884885;
  -10.05921986113262, -6.721282843166539, 37.72615091963773;
  -9.877629159875392, -7.498306124944714, 37.29842490445232;
  -10.28250971678069, -8.817509113751031, 38.9025521282621;
  -8.524270462006085, -0.01167613404290601, 32.82650496726104;
  -2.967222567559785, 0.8618100368098565, 12.11169412882962;
  -2.703422100110651, 0.730377670404338, 11.73102461071802;
  -3.758474886275583, 0.4152217557383218, 16.3732571619647;
  -2.813535220292548, 1.276687706722593, 12.83801420358365;
  -3.251877070421263, 0.2046894080245358, 16.05317823198128;
  -3.10189142169523, 0.3998277264783645, 15.51234087726388;
  -3.024638682296467, 0.6801603521564617, 15.92807337666158;
  -3.773735964450298, 0.9821874936517755, 20.11507095850428;
  -2.869294995425729, 1.896143040151889, 15.57146914108308;
  -2.947944485085119, 0.8006245980325728, 17.66547133551842;
  -3.194048889310224, 0.6217931770253483, 19.5182261047297;
  -2.936023406952572, 0.7029187144669201, 18.53314234404475;
  -3.159143799441897, 1.033977116968578, 20.24982485830448;
  -3.011439486822684, 1.571586962637792, 19.44960098707518;
  -3.115307690064609, 0.890513166990855, 20.07146739411135;
  -2.776466405749283, 0.6906982333737495, 18.36393866101399;
  -3.012603918544593, 1.188201073427708, 20.55260444182424;
  2.108303439693976, 2.249912529812109, 17.50125522278171;
  3.355582897997393, 2.230300914996564, 22.76841992564254;
  3.16065167151515, 2.064213662150482, 20.07992205212904;
  3.514983865655941, 2.305829813834639, 21.30508794004468;
  3.645920346682696, 1.98183462872043, 21.08379518221804;
  4.334201357454982, 1.812584023926314, 23.40030359933633;
  4.202644347276254, 2.044460486934826, 22.52802931184577;
  3.834041053985121, 2.078492232273086, 20.56613725098175;
  3.837324926936832, 2.163166287634921, 20.47889840935963;
  3.566295354237258, 2.317465025901034, 18.7556603576942;
  3.762405779723303, 2.117862345143067, 19.0653932034937;
  3.632122195038788, 2.215720454647948, 17.70748293648321;
  3.468461660441135, 2.396216533087298, 16.9349390108071;
  3.68324818945029, 2.333247343136101, 17.51072250400294;
  3.443878872493566, 2.274301051665719, 16.17928669472666;
  3.726771887675421, 2.272593986158748, 16.93287413765773;
  4.023097389570468, 2.15743548506225, 17.46048256871363;
  4.146864671805229, 2.305339269785378, 16.61964462193672;
  4.667163333731682, 2.197822104640945, 15.17690840000535;
  4.832156240464406, 2.230525987427606, 15.31260401604301;
  5.946702504699865, 2.198036525530983, 17.81215158147998;
  5.907822378948155, 2.1933535250812, 17.1445624826975;
  5.410997607783162, 2.360669814842925, 14.98318675185505;
  6.22106019608323, 2.1958119646553, 16.60730713487088;
  7.241547053280216, 0.7518606785253662, 18.83348477872435;
  13.02296732409137, -4.507221775571005, 32.84267043898807;
  7.217791219436064, 0.3520898042031479, 18.10469309992901;
  6.279770179216444, 2.199413525882199, 15.81760620665091;
  7.713911811368173, 0.5045904177598284, 19.07289610272259;
  13.24387602631411, -3.658299868298217, 31.63443629941398;
  14.37063503632548, -4.686540963970696, 34.18027823894531;
  14.42246423816421, -5.911212374911671, 34.28483124391784;
  12.84818894304434, -5.679820382840617, 30.57642820360178;
  12.98997738230505, -4.030661300793066, 30.72197291369303;
  12.34487190489084, -2.34859797206219, 29.06239441647569;
  12.47053280728435, -2.476814368973922, 28.9688915591635;
  10.45766140807633, -0.06367866577831066, 23.85485183717583;
  9.925533215458797, -0.9335159851421702, 22.63369084330076;
  10.51925702177226, -1.502235775719239, 23.90404555526428;
  10.53945156773759, -0.728001700153576, 23.86045447546129;
  10.69711487117303, -1.290269491565723, 24.14222249354371;
  10.57291816359132, -0.8513451920591515, 23.87778289496245;
  10.62921892493806, -1.081661699618043, 23.85513929011343;
  12.76801619303363, -2.592465618014543, 28.42293614054509;
  6.626525131104148, 2.169947932769029, 15.17083000395479;
  10.68031537855372, -0.9945978109262154, 23.68621310891166;
  10.62899132128446, -0.8746419891105232, 23.5200850198311;
  10.99638843359178, -1.288623105742427, 24.22243631252587;
  10.63346274878185, -0.9988257956593662, 23.23975825659304;
  11.41294766804509, -1.671066261124897, 24.84398356107791;
  10.67509536248517, -0.2720395630117939, 23.10291490740899;
  8.040021699810986, 0.5029208669292142, 17.57150153407467;
  13.09340786282603, -2.742232721693981, 27.71289676910148;
  6.563523898860069, 2.228752704572583, 14.46167617246835;
  11.66548773115009, -1.602103158374121, 24.70850428728858;
  7.302014494307856, 0.7101681414976405, 15.86881293979216;
  11.48783918513304, -1.080390555075551, 24.25389196103395;
  11.86898570760376, -1.608671416674205, 24.76673491083961;
  12.0306074397733, -1.519951103119891, 25.00649111811162;
  12.24122640516952, -1.372918030290806, 25.41764581206373;
