m=[-8.729617250833478, -0.7032900855080161, 12.09722372124355;
  -8.650680649472767, -0.593200123498044, 12.07787943898762;
  -8.747261898462357, -0.4471587990423639, 12.39917535090098;
  -8.560315787584594, -0.4530664407861664, 12.51788859049186;
  -8.20307698190021, 1.744384668772176, 12.05514225406151;
  -8.188679865946478, 1.64115018305755, 12.05430835721055;
  -8.45983944353654, -0.4166216037946001, 12.50496231586955;
  -8.437891427506678, -0.9839302288290502, 12.48355818802769;
  -8.108274998355169, 1.659198612503844, 12.06367969352818;
  -8.413212052520672, -1.067382090395014, 12.47753165772266;
  -8.565769773526323, -2.238206002636986, 12.76086998421579;
  -8.403697210094396, -0.3143556366680581, 12.58059922388542;
  -8.235138905455411, -1.97022499028952, 12.54215781989749;
  -5.122258926454482, 1.124037618874165, 8.249067725868196;
  -5.122317088052335, 1.310829878568319, 8.314683961861888;
  -5.035445326243534, 1.072820519494975, 8.205845564690316;
  -4.809265394769743, 1.006753601471985, 8.126291495789669;
  -5.04372054697091, 0.3471886794825301, 8.726013009373544;
  -4.303042489339212, 1.243111614353135, 8.145421964590879;
  -4.294930931174162, 1.186646441375116, 8.164045860515616;
  -4.796501056777832, 0.5187973842826568, 9.041265706304591;
  -4.260193766683467, 1.242714420884877, 8.154281011119871;
  -4.230583287726195, 1.274085357347922, 8.163783481953278;
  -4.799377214613117, 0.3693090217093066, 9.124367004111049;
  -4.204278505440216, 1.304745537142921, 8.134666187979352;
  -4.192426705171036, 1.206323431991776, 8.134559216838799;
  -4.175372324064112, 1.192847034826265, 8.173291843958905;
  -4.789131221005131, 0.4564837473604689, 9.241545815957142;
  -4.806643780289082, 0.4005555852236245, 9.521488995398704;
  -5.11451001629968, 0.6839499495817715, 10.10391629179097;
  -3.965834264079159, 1.263575597398006, 8.150483233043664;
  -3.93619815298909, 1.231269055768522, 8.136372856552125;
  -3.913767104007846, 1.269977046041349, 8.16452996939249;
  -3.904672885741083, 1.206658220564479, 8.203374970061516;
  -3.854411283366565, 1.223389559176844, 8.16841910289369;
  -4.850634348474554, 0.4818840884857526, 10.28270685414242;
  -4.688165574775929, 0.4346641860348898, 10.10572454500152;
  -8.050953446482426, -2.183732976863464, 17.10955708567987;
  -4.369322099984141, 0.2274888553233088, 9.865052655250112;
  -8.498995895820443, -2.335572039477062, 19.32656132421608;
  -4.350395570240955, 0.4943830744690364, 10.4543105563073;
  -8.266301156784007, -0.1439345158024816, 19.45161541746877;
  -3.241369151247068, 1.342115283774516, 8.47347253585427;
  -8.235457175018686, -0.03507085341909869, 20.74924840185368;
  -3.037214932754501, 1.364227501534526, 8.361532620094383;
  -3.021676785977342, 1.217910035094976, 8.398092943147427;
  -8.331237956259876, -4.899330612867956, 23.6588046086051;
  -9.674181172065678, -2.739343405653712, 28.80554569764514;
  -3.811097376984386, 0.5930530554433652, 13.35081550331485;
  -4.023574754856809, 0.8301217508789884, 14.07970711402461;
  -9.256456365544556, -7.289454633887729, 32.93594690537288;
  -9.434871762650207, -6.050668301990754, 34.08168895071363;
  -7.844255488715757, 0.2547039401550471, 29.4263848446803;
  -8.18674381268797, -6.544705280817237, 30.81507691031332;
  -2.827080216025601, 0.8271520822532256, 11.26890179022975;
  -3.044415900140235, 1.436633787970112, 12.82481279095559;
  -3.386552243159929, 0.7925385012962942, 14.65816743760599;
  -6.184707432093396, -0.194873771645512, 26.15796781658769;
  -3.334394326539015, 0.4100650324956224, 15.39336698761394;
  -3.309317319556111, 0.7585967149933406, 15.54916239290799;
  -3.501395519827592, 0.776132343253804, 16.71067650305066;
  -3.316209421163535, 0.8418922654240418, 16.40874930103281;
  -3.904341040949684, 0.3554359653561846, 19.5029097623593;
  -3.002444575674757, 2.052374260434268, 15.25053825372848;
  -3.809245682842758, 1.093791795638789, 19.28428196497199;
  -3.639482857660838, 0.3878630408406334, 19.0966144622093;
  -3.215292631158706, 0.9648758809947788, 18.17877124155791;
  -3.178695144756323, 0.8461397723024373, 18.94190656866137;
  -3.081561477671108, 0.8974245466413949, 18.81336434179682;
  -3.080320450275483, 0.9762208798714621, 18.85086891737168;
  -3.222371350580653, 1.762278606059224, 19.68874543851104;
  -3.022612009467459, 0.8331893262812071, 18.8562771446183;
  -3.167623100798894, 1.207772720360042, 19.87438047240134;
  -2.647516152201591, 1.996377579457241, 16.95149005943415;
  -3.064948987628776, 1.315617364422718, 19.60022896768483;
  0.2548716230168133, 1.902922099111641, 24.08404227132108;
  0.4955456493434938, 1.599256678029635, 25.50130132112495;
  1.454652404109843, 1.712347855443573, 27.00798209509492;
  1.788788795254835, 1.105331933100138, 20.68327841689612;
  1.918241113722259, 0.8370130205124189, 21.3219635330721;
  1.853702270758685, 2.056928367980682, 19.42149206128666;
  2.056272179688454, 0.9963385078654881, 20.79564421636894;
  2.144560091870897, 1.295719776742498, 20.64343196197206;
  2.552202226769944, 0.8979338352323325, 21.40681162673545;
  2.532140663176405, 0.8424029773382851, 20.70753389499151;
  2.042814545826025, 2.235608338388715, 15.99274964721396;
  2.55527239654785, 1.157655345472868, 19.24448010086716;
  2.942341008068433, 2.128019431133158, 20.99921258212044;
  3.032868833037111, 1.386454989513193, 21.5272719263403;
  3.064007187614717, 1.319960484811511, 20.7095717791166;
  3.208941938845541, 0.7978391452219836, 21.1883090614366;
  3.218414304722304, 2.059104727573991, 21.10363810363696;
  3.184972364891465, 2.190237138958389, 20.7506427174039;
  3.210315894447124, 1.040997088811853, 20.39615873601747;
  3.635032970664114, 2.119521689327982, 21.97787570447884;
  3.300039610992884, 2.221145887402579, 19.96492570638069;
  3.669364184857514, 0.0867252373811141, 21.89695022482322;
  3.42208914976989, 1.968924418620651, 20.14335984825855;
  3.507114919581013, 0.9864841380920782, 20.04384617813936;
  3.750389117544098, 1.393344619608608, 20.90113336224332;
  3.5115667632564, 1.903183951500039, 19.54719630685398;
  3.710072101941063, 0.6111934172511315, 20.40171644397896;
  3.327104097224316, 2.082595754676245, 18.19678479158521;
  3.494064597991593, 2.338819017961471, 18.84375251385079;
  4.329761817210691, 1.887727449919608, 22.47840242286791;
  3.942198475432205, 1.984274594234307, 20.26588532749446;
  3.652105802647578, 2.116678353302306, 18.57591817757526;
  4.150552529085159, 1.971141405616239, 20.8098983824518;
  3.712077444453009, 2.14576649670548, 17.84714029126181;
  3.518842322603567, 2.197587226211743, 16.19310422409891;
  2.958307171740601, 1.979821887914622, 13.43903528606691;
  3.461610924542777, 2.237111976975859, 15.51231934252014;
  3.566737863171573, 2.224660830621504, 15.25171939066491;
  4.869978208106201, 2.0761388579372, 20.25123955686911;
  3.744031099295664, 2.055074725379976, 15.324743421376;
  10.44225837136766, -0.8656567927216515, 39.42845168670693;
  9.383151367790342, -0.6693151534972415, 34.55929262994019;
  9.6657740848026, -0.4576599139473514, 34.67876262432367;
  10.25606475032459, -0.6887966242085392, 34.95644908365672;
  4.718984642792851, 2.257067064101035, 14.31769915829859;
  5.60334779825949, 2.121624928483789, 16.73966926568888;
  9.186224641539528, 0.260135964824638, 26.5580785647519;
  4.855832225871462, 2.273012536594372, 14.36472607707442;
  5.480666205747583, 2.066243963264918, 15.50498950944616;
  5.596241213664608, 2.115019027900535, 15.29742635620095;
  15.00807725553967, -5.905727477851748, 38.21908121552727;
  15.33743559924248, -2.898722148676274, 38.16324113711984;
  15.32267621109227, -5.033589595242434, 37.94205466572225;
  15.33241773106882, -6.803967015994214, 37.87715314738565;
  13.80702603800273, -4.73216637029991, 34.10330120905177;
  14.97473903804735, -2.530232062911975, 36.68867992543522;
  15.97255472212615, -6.63024282854199, 38.9100237768488;
  15.77600381795547, -5.621660227820626, 38.43829875312571;
