m=[-4.261111060337444, -0.2041756506651542, 6.147504744630546;
  -4.206386942850788, -0.222628791747477, 6.15106783741247;
  -4.057159691922556, -0.9706596945591045, 6.179074541524733;
  -2.472218645153168, 0.1701772171573423, 4.277122782422624;
  -2.128812508746326, 0.6149954505350873, 4.029724598397106;
  -2.06328305266347, 0.5894518812591317, 4.038876832353605;
  -1.933433577082537, 0.597487571422834, 4.061974223355492;
  -4.460473038988059, -1.26302859002992, 13.28136797031367;
  -1.872471560416461, 0.2020021588100708, 7.201323652067541;
  -4.636354350314156, -3.651126669709614, 16.49688765182853;
  -4.366177395314837, -2.800068917871469, 15.77198966072203;
  -4.299343206847615, -3.142766612972771, 15.6236508291493;
  -4.598942512093307, -3.803598081531191, 16.74815841388528;
  -5.602715876820681, -2.733270900833366, 20.81548152008043;
  -5.931058120046885, -3.242853915273873, 22.12556725257733;
  -5.66085086688905, -2.832524741769718, 21.14160011632483;
  -5.545522851915467, -1.409113899478614, 20.78345770104938;
  -5.536227700370005, -4.893637517964728, 20.7692943459977;
  -5.583004712005092, -1.529367999100674, 21.11057676238827;
  -5.427337097601921, -3.666127145274906, 20.66438410324498;
  -5.500412009815487, -4.784497070599383, 21.03261705395153;
  -5.081877654400021, -4.18560449819213, 19.65811660426047;
  -5.359848758266147, -2.57598530004726, 20.85219384433093;
  -5.08564428395154, -4.21614600348588, 20.43751880126989;
  -5.11414887701585, -5.149240607293573, 20.92177522435583;
  -4.89244140989937, -4.522846731401354, 20.47689059035762;
  -4.794597554385192, -5.127855838169769, 20.81893910099227;
  -4.694406530465244, -4.477920937705069, 21.14593180341104;
  -4.697147003101457, -5.285523045860455, 21.19759210873388;
  -4.592626932002036, -4.540604174224145, 20.8732137353163;
  -1.479512959565873, 1.01134733370041, 7.51499933405951;
  -1.497539995884481, 0.8299696592387389, 7.663660992381146;
  -4.37372012517985, -4.486225586649298, 20.45083944018635;
  -4.363110309752187, -4.270580106973291, 20.54284027924626;
  -1.678811689688794, 0.178912508295204, 8.808839290217827;
  -4.124697792808501, -3.798227555589774, 20.21116461984834;
  -4.361856440021089, -4.506274790129751, 21.3379667534308;
  -4.180475588797958, -4.227224455271239, 20.55622265813986;
  -4.198621693897931, -3.679113115325809, 21.11248865320725;
  -4.331337869216051, -3.451995440233693, 21.96100371744064;
  -3.971812300029111, -3.906259564583767, 20.78080832526106;
  -4.456194260865096, -3.512112889432006, 23.29560167175228;
  -4.457869972177351, -3.524273616158549, 23.31856227769876;
  -4.659195941511553, -2.719744111624613, 24.62386894916376;
  -4.321382763169749, -3.679954927660116, 22.91275814205491;
  -4.512582568873226, -3.383257284047074, 24.00089896642039;
  -1.533314014815743, 0.4081542621363229, 9.137048218345381;
  -1.529160034519019, 0.4453280457534443, 9.335736143762684;
  -1.575364765423838, 0.5613264748234822, 9.585604665253863;
  -1.563594982398007, 0.855112488982697, 9.553592751443805;
  -1.5478069343917, 0.4905338492389265, 9.472230600880312;
  -1.5844522542981, 0.8385731553997542, 9.719265521221635;
  -1.456647352911575, 0.4015278913735042, 9.087155778658659;
  -1.514810503499143, 0.5775771751947703, 9.504262133502852;
  -4.676921907852419, -3.964130905474618, 27.4759320290045;
  -4.583581057115952, -3.390020320074513, 27.73912774952342;
  -4.752394621009297, -3.753463956925946, 28.85136398364465;
  -4.188460802029619, -3.933565968483542, 25.80315600319693;
  -4.398141653365935, -3.857687814484596, 27.33608330096944;
  -6.034535775017038, -6.348832265008856, 37.94116594087263;
  -4.70370137991169, -3.643980284326343, 30.16415422619835;
  -1.364610061955677, 1.137648684293126, 9.519319017215343;
  -4.283732786837705, -3.640606084026865, 27.74497978169326;
  -5.020517644470944, -5.998411078827516, 32.60775728255801;
  -4.729872955488971, -4.933658911232114, 31.16044785433885;
  -5.293337080632896, -6.212771372596889, 34.85729780560303;
  -4.721957455563338, -3.642462127203292, 32.00250721346563;
  -4.976109139271632, -3.634336827830311, 33.86599447327181;
  -4.644483753740699, -0.4196550673638497, 31.67238808568024;
  -6.787919721292561, -7.650427545195485, 46.362189250784;
  -4.130380834264361, -3.679962690783082, 28.85761634305943;
  -4.781011415167526, -3.827480801428134, 33.46846948394789;
  -4.501832264414176, -4.02248000990081, 32.25117322772068;
  -4.966601111881355, -2.77231768923051, 36.02492118819455;
  -4.647533254988611, 0.147959011977117, 33.81451020614896;
  -5.627931469007415, -2.261708447141054, 40.93103844723643;
  -5.451273833437552, -0.3362097291235612, 40.10289334908371;
  -8.628421209625657, -3.963372465752963, 64.41578454824851;
  -2.518907605411694, 0.9535286467141064, 19.85250747728055;
  -6.559276268637353, -0.6228841728465954, 50.44127186171419;
  -7.173876329037834, -3.266588312611345, 55.26215942637899;
  -5.470868348233028, -0.3562080101513271, 43.12428249983971;
  -4.104486990030528, 0.1635551028287648, 32.68767131124508;
  -2.603007375247944, 0.9350790734659822, 21.17597312986182;
  -3.547064745582817, 0.3921817040451949, 28.54864019763425;
  -5.837842394630147, -5.471262304158416, 47.08186899645708;
  -8.631971055506851, -4.203423459705094, 70.20647577346666;
  -8.23192846437774, -5.592854296028892, 67.11465044268796;
  -2.772051754883812, -0.01847718746861427, 23.29162277633948;
  -7.533931099407968, -3.984287422969052, 62.51596428316134;
  -3.073522104234966, 0.1059897476267946, 26.25663866909461;
  -8.299877667434428, -6.429067042489963, 69.47797672255449;
  -2.81029606180993, 0.9590986025728896, 24.39614123695619;
  -8.00200293399727, -0.5547312603986121, 67.88118173642121;
  -3.031470911358769, 0.5301338269796295, 27.02261034144999;
  -3.96602110559475, -0.4150596951118292, 35.01156803583413;
  -2.872980167759554, 0.06797706337676013, 25.73789961853031;
  -7.484090489518258, -4.301739620164383, 65.4846769954662;
  -5.800844051501448, -2.882303985550645, 51.45325515268112;
  -7.876177885523939, -5.253947789989382, 71.13954788768801;
  -2.204111864306365, 0.8989284883956998, 20.70564173406249;
  -8.687667018711288, -8.730745056224517, 79.02216280772574;
  -6.148583447949424, -2.199954796755022, 56.60002983529638;
  -6.290931608128326, -3.622159856110196, 58.39368024444338;
  -2.553815344209922, 0.7498049261409776, 24.67267783020497;
  -6.344438334084832, -5.048856678832063, 60.24042446404567;
  -6.70403035943258, -5.77566471000974, 65.03009552398886;
  -7.50390822536656, -8.520060913665114, 73.04802934391955;
  -6.814586003880344, -4.045641088252104, 66.41912169102574;
  -7.132192880043063, -6.857488623373315, 70.00423517985411;
  -7.017497974229053, -2.831868286707281, 69.45159497740205;
  -5.456824956412407, -0.8096185274514525, 54.61818054406678;
  -6.18193666015407, -4.081558430918743, 62.2192044419166;
  -6.463195165686766, -4.715945242746189, 65.1639141941552;
  -2.56910007775467, 0.6812728688953703, 26.63417886150456;
  -6.300661165856036, -7.636476883245126, 64.19064428719349;
  -5.787445890939658, -5.854520522977959, 59.76433377922362;
  -7.147220578877571, -8.472170250846896, 79.35840994765668;
  -5.724834351297234, -4.432216190850594, 64.71978844292266;
  -5.454086251561382, -4.526413697557275, 62.46922667736956;
  -2.372103001442383, 0.5697020576952507, 28.63624279599372;
  -5.295650672663876, -6.240147256898215, 64.51580226005028;
  -5.614869429481855, -5.298334321592324, 70.00539399837537;
  -2.044202502229649, -0.1923703598034944, 26.15225463713565;
  -2.188919023821636, 0.6689784312571493, 28.1996475408033;
  -2.41679554561801, 0.2458469869731696, 31.20140036004379;
  -4.36972558647515, -3.162417970054015, 56.42655813769976;
  -6.342678567540164, -9.263045709472445, 82.10047373201678;
  -1.975429390829874, 0.5887074546388046, 27.08546315811682;
  -4.684101603391871, -4.783800919115433, 65.88205404020854;
  -2.008213743615059, -0.01676024297233035, 28.80352150938686;
