m=[-8.431232937405, -0.3317239216704904, 11.33994553760447;
  -8.334095343855491, -0.3006428612531234, 11.32965975038405;
  -8.348562408924671, -0.9519969442711662, 11.38812252942608;
  -8.253098608320737, -1.581407659506243, 11.28948063889201;
  -8.234185616973672, -0.1963855160720658, 11.34220887871886;
  -4.794907129605926, 1.078748853146299, 7.096080708718188;
  -8.163920838050174, -1.843710133582267, 11.44452954779945;
  -4.96299080117463, 0.4111292821754024, 7.594561124213273;
  -4.311415337872754, 1.319588601442914, 7.149221412745588;
  -4.26327024125273, 1.317498908755466, 7.149319927640819;
  -4.225312813853883, 1.346463501476748, 7.144743025350461;
  -4.218689666594838, 1.382866140353462, 7.148642117335085;
  -4.219259593995196, 1.288378722667583, 7.1703045815742;
  -4.177795281357165, 1.267602182626119, 7.167590393175526;
  -4.168177794495305, 1.321807695544308, 7.157288177664845;
  -4.723298522437784, 0.5985150105462841, 8.027161698166756;
  -4.675579432971924, 0.6351619489502139, 8.013231596992076;
  -4.10118399604368, 1.265844641729035, 7.177383321619812;
  -4.083675808583752, 1.313984076905804, 7.153697751091414;
  -4.072212246866039, 1.373259133713404, 7.160009424737935;
  -4.663975203397222, 0.6078469934728552, 8.049888892327914;
  -4.63052536149493, 0.4530514075870069, 8.051612460629082;
  -4.026250449494295, 1.345501354492291, 7.154817079838677;
  -4.620274023712015, 0.4741853607159232, 8.185534348061063;
  -4.95507597730027, 0.7617423867538926, 8.816100901218711;
  -4.457173471149273, 0.4673233361529292, 8.049901310185708;
  -8.112192369666589, 0.0546018910224441, 15.80755027475142;
  -3.228301974729113, 1.514482343557916, 7.298196226786772;
  -3.122980205655994, 1.399650670764755, 7.39554648670343;
  -8.194218055716297, -2.033947452838886, 18.03594583738962;
  -3.464589333385548, 0.8243895150390487, 8.651780082198821;
  -3.413834363716604, 0.8928951393491237, 8.673556651725059;
  -8.052946280068419, -0.05759422658108259, 19.25759860863045;
  -8.069275132215074, 0.1496895323333138, 19.34380372583826;
  -8.051078255885685, 0.3045151707689047, 20.19473773345507;
  -4.57836992310118, 1.091581502918664, 12.67775563406801;
  -4.596153199921941, 0.9424795750327721, 12.78623793053301;
  -4.531825581312832, 1.106077784162937, 12.82844793426375;
  -7.58426647602904, -1.952611130643754, 21.09783623318307;
  -8.62032447294321, -2.240668362522473, 24.76436163613245;
  -7.963650617430962, -0.3150448333497607, 27.83289969847359;
  -8.362180279900217, -3.468549094053355, 29.24648280230685;
  -8.181104864128315, -1.907175840786788, 28.75375207204455;
  -3.046089614531128, 2.209121075805785, 14.45908273372866;
  -4.040152360704925, 0.5344984074154746, 19.1395701685444;
  -3.180756890843567, 0.9934107077438463, 17.93995632173786;
  -3.254331806403262, 1.103509915010216, 18.80287038373689;
  -3.21170275506956, 1.90849544314326, 18.62176677144369;
  -3.344390700014083, 1.207679119720724, 19.34708727502282;
  -3.025292532770706, 0.9801763780701807, 17.85929176988602;
  -3.204052016795989, 1.565380411037943, 19.0156167780051;
  -3.05579566001114, 1.322121243189237, 18.22413775941674;
  -3.149345580254531, 1.432229525931097, 19.56528151940432;
  -4.186918451723755, 2.200711907262223, 30.04599862228387;
  0.3132163706402125, 2.426542125836809, 27.03064347417812;
  0.3807113205017238, 2.31708952789716, 28.4081741888383;
  0.7260510865660097, 2.203051945088398, 24.93835939905425;
  1.884300138912276, 1.317108627075052, 20.74092660296474;
  1.903584404651443, 0.9124271373706421, 20.53442503421926;
  2.205446512045278, 0.9477395709803838, 23.3388792077651;
  1.898536972811768, 0.9746274393338152, 20.12201564242702;
  2.034593773103893, 2.391336213906596, 20.12365843437079;
  2.055083359223982, 1.134068130627466, 19.76333164423126;
  2.205331480409227, 0.2795199397144481, 20.96573020097391;
  2.135762259989434, 1.432216883774137, 19.55617748792334;
  2.569219146602908, 0.9256499016890615, 21.37180268179064;
  2.410212103055519, 0.9935120562227031, 19.30228278030337;
  2.51121336427702, 0.9746404584517254, 19.545876961906;
  2.819216503290484, 0.8455237405189621, 20.75174182549318;
  2.905955568587832, 1.455091030358501, 20.71084365712076;
  1.8865066773657, 2.15848637254131, 13.78978636744357;
  2.712140596631528, 2.318782946598798, 19.25769810710948;
  2.81875890358033, 2.171073695308819, 19.12380537872635;
  3.131385298559496, 0.9183773519597507, 19.70604539477951;
  3.621016130847105, 2.466392195310102, 22.56377007022702;
  3.196191267421291, 2.345335925636467, 19.81925498556601;
  3.287383074458347, 1.206846473569154, 19.86011682251013;
  3.38525913329014, 1.107119889950049, 20.33645188308564;
  3.122183852731411, 2.33553560625683, 18.40960238459901;
  3.49287358641009, 2.179535113769476, 20.1413514971;
  3.506965560390801, 2.091382498736173, 20.09865266730242;
  3.537284322089367, 0.2284932585756305, 20.16880327793699;
  3.120838389793951, 2.224657811720757, 17.9039666194328;
  3.400751336576396, 2.087714636306445, 18.99549258693264;
  3.689637914162309, 1.155667414169807, 20.00579378874951;
  3.821641698588169, 0.7738208463734906, 19.99807655122035;
  4.279253729712359, 2.022104408104603, 21.23309932716305;
  4.071575571009412, 2.182313318897245, 19.86519550009516;
  3.691062714173967, 2.1895250514794, 17.83569484366293;
  3.663116998797079, 2.244765637026732, 17.60069508651858;
  6.786484030053194, 0.3327384906346862, 31.71604946067512;
  3.280093202124474, 2.289362986857035, 14.85293198741776;
  3.239620231698678, 2.25855255090526, 14.20036281870509;
  3.466592095181669, 2.268466581449707, 14.93793210832827;
  3.463499273147296, 2.25685664028151, 13.8120475438185;
  3.635569791117686, 2.227997474476376, 13.96460379446502;
  3.785995252190192, 2.175771742075117, 14.45506248242807;
  5.045366301822027, 2.157194411571439, 18.60142536062233;
  3.586857224651264, 2.124300987041201, 13.45241017308749;
  10.02896175397462, -0.2426828436762742, 34.97277196592683;
  13.91835443488306, -1.967260625511122, 46.12610041831336;
  5.324527362795426, 2.152367565635796, 18.25456209994898;
  12.84616473856969, -7.305172773720353, 39.13062306903721;
  13.74769093036297, -2.802031649460171, 41.46045815744552;
  13.60849493658719, -5.491330515439823, 40.95825609336118;
  13.29035218984564, -6.083507023926517, 39.94960756894214;
  13.31657294313421, -4.794186285710251, 40.01251453614037;
  12.81273637349443, -2.389304838348499, 37.82357040509751;
  13.68109174460451, -3.407009221637364, 39.66145126910231;
  13.51963375378007, -5.799811842075167, 39.14102277222948;
  4.407720124167993, 2.165034797218292, 13.31199716288301;
  14.80850821794339, -9.901652806326851, 41.62359147839776;
  4.367000551881564, 2.26313777688703, 12.78278376420284;
  5.647513782851925, 2.24671767800533, 15.84528280775056;
  4.525017983601469, 2.255999686595491, 12.75303747152785;
  4.59106991310861, 2.241490914082704, 12.62128249221413;
  5.554798086330114, 2.193707294222368, 14.6819380695445;
  14.96027925200241, -5.659039561011005, 37.18543423855542;
  16.1073643176677, -5.046521289638908, 38.90895225599999;
  16.30516502409318, -6.988864193980416, 39.3110674807707;
  17.22217846285101, -5.674692997179227, 41.3970475481315;
  14.63624437335919, -2.292629991146678, 34.94200453182194;
  16.36510474476109, -6.542327418976316, 38.92704178266012;
  17.29206661749166, -5.500299210396098, 40.4876641919444;
  17.04171964426742, -4.748350305712987, 39.8067921847875;
  17.07952959869254, -4.313285854587349, 39.7631049215121;
  4.941696493364034, 2.233815212067519, 12.19344116671377;
  5.379013638032525, 2.218329266690391, 13.09056644964158;
  16.91182170163711, -6.454311022723502, 38.96281749344685;
  7.331807427881876, 0.6876007248420482, 17.2344929001482;
  17.48389186760048, -5.419465275894414, 39.66858963007261;
  14.45746178500839, -1.902802628951488, 32.87654657062581;
  14.43150941468984, -3.656647625396615, 32.59026574670266;
  5.154891179655079, 2.374341140896669, 12.28317141233362;
