m=[-3.844215752453672, -0.9730919804159424, 7.689915591208372;
  -4.087610748504049, -1.045184277338957, 8.811055300198781;
  -3.999187734594203, -0.9926679581742407, 8.802442513032293;
  -4.020503114537256, 0.01088575387109674, 8.969622817001076;
  -3.940790196153751, -0.0281843136129625, 9.423899422524176;
  -3.856682252761074, -0.9929240642979572, 10.72847991685797;
  -4.624368573119812, -3.481312277106964, 15.90518809532332;
  -4.222497888804305, -2.56286882558127, 14.76623309542447;
  -4.215996398438683, -0.1667863077571561, 14.734876066766;
  -4.155667988713716, -0.9687676324938883, 14.60573468079337;
  -4.258743104486651, -2.775816132366311, 14.98690357921374;
  -4.390918954443356, -3.473447432671897, 15.49230752267562;
  -5.528706493055391, -2.536389311342377, 20.08585828912356;
  -5.554329882324436, -2.627617830749454, 20.30514362766386;
  -6.007989906712172, -3.08986751150174, 21.91438341243083;
  -5.605924047279978, -1.259383776737063, 20.53206311111029;
  -1.608358430263006, 0.3780018264142295, 6.614199482804255;
  -5.451085938943029, -1.333810415364397, 20.15367188848461;
  -5.300275242758379, -2.39128975423961, 20.17258285811301;
  -1.42774830191162, 1.035448481112521, 6.777190901344627;
  -1.477204059190387, 0.4613588464263983, 8.331657278321924;
  -1.496055607995334, 0.5072968262121069, 8.643906447600013;
  -1.485438364514555, 0.882694497574949, 8.612716956350372;
  -1.473260961379, 1.004678926857062, 8.552032296192527;
  -1.395614796988078, 0.4521707048409274, 8.238770825561492;
  -1.490716214961819, 0.72830838859207, 8.847199770751145;
  -1.457461326932199, 0.6957756729888446, 8.836266399818003;
  -1.43098921047607, 0.6507717067896416, 8.890007793914961;
  -2.502465028560271, 1.105384515643162, 16.70789305569796;
  -5.114499684655018, 0.4342607327302265, 36.80163694925199;
  -2.597563409818635, 1.139338048873607, 20.00261442136993;
  -3.571516426715269, 0.127379217405148, 27.76292244947765;
  -6.175703361762301, -0.04901093278342943, 48.27109957125057;
  -4.800044971025982, 0.4676157560243304, 37.77786430047433;
  -3.8355822188455, 0.6509269295881605, 30.44131050794195;
  -9.715419929044185, -4.160057855455369, 78.66469185263371;
  -9.823816203946338, -4.827754810118206, 79.54537232359139;
  -3.474728360866116, 0.3485991252836716, 29.14133995806024;
  -2.806862588101184, 1.140020941727808, 23.89532513351928;
  -7.325057600750577, -0.04173800643440077, 61.94100018128073;
  -2.271332357986456, 1.086518048110404, 20.85208067649359;
  -3.323257412379459, 0.1992203289313257, 30.35272953215599;
  -10.90120020886557, -3.175200123845402, 99.75112541691104;
  -2.828853228439423, 1.033873681152653, 26.83602559776309;
  -10.82958419601229, -5.499977264983184, 99.83218417937449;
  -2.74483693488915, 0.2394098601357016, 26.44836397381219;
  -10.78477501326843, -7.87822233345361, 101.6640177222941;
  -9.184685080314033, -2.369185250018756, 87.42776057945494;
  -10.48650701178882, -5.462656010556414, 101.4801432251884;
  -8.303144748047778, -5.463254262114596, 80.85332237188359;
  -8.195172121808273, -4.80330210475708, 82.047277988638;
  -13.36209095996554, -12.53207213582701, 136.6768508099002;
  -6.198413352966938, -1.081693937237954, 64.41990917071716;
  -2.625829302958332, 0.4222122285827767, 28.33671918131381;
  -2.464801869480478, 0.575232842965959, 28.00910826168531;
  -7.307459505796541, -5.05442972738386, 82.18826898461057;
  -6.823436557155546, -5.098665959092366, 77.76352892727502;
  -2.358281069826649, 0.3595238778785346, 27.88572534202735;
  -2.245921564406796, 0.9000489408048078, 28.59457974697135;
  -2.092691831206665, 0.3996479523284167, 26.78976590777229;
  -5.20978877572732, -3.280964381300684, 66.91843655030189;
  -2.646916093920157, 0.2164239421342442, 35.13562615904667;
  -2.311658946365735, 0.9239403051096641, 31.28934551220805;
  -2.959480128174252, 0.2780583361136514, 41.7744549654687;
  -5.520349450167322, -5.085747525807498, 77.23897939948373;
  -5.364251271999454, -6.93330203362187, 82.6667704931123;
  -7.877028035323108, -6.641099596852567, 131.6663585179088;
  -3.750135417018178, -4.470551372857889, 67.06770629255553;
  -1.521548701054549, -1.619259215956911, 26.95449640245544;
  -1.152772414253886, 0.6123687423811326, 21.99093659295992;
  -2.695501982339074, -2.299492780789914, 50.44020456241164;
  -2.506473886396824, 0.6295939462814012, 47.97311191934051;
  -1.742049750934955, -1.269926630835687, 44.35322738105016;
  -1.881670583160675, -2.226252680334242, 52.81981545353857;
  -1.837526389902765, -4.520885521914687, 57.19983970343861;
  -1.453038438147864, -2.849046532015542, 53.56473581622169;
  -1.575321402056842, -3.97622427092503, 58.28656525025733;
  -0.6023334377985993, -1.280930100995126, 39.06994253998463;
  -0.7320069430110385, -2.352845109067192, 53.94299515065275;
  0.5190050252687312, 0.01023359088546042, -40.95779186629555;
  -0.4576112983586838, 0.8156818530582478, 39.01737096078491;
  -0.5607295471815559, -3.651368771813505, 47.83067750272282;
  -0.8657011835286729, -2.749984661892946, 85.36147063660577;
  -0.4602825365760603, -9.126546758855969, 73.19165973356152;
  -0.1696440867146716, 0.7782515446194471, 33.05523098569882;
  -0.2874022905080578, -3.827175730203545, 54.23206534865208;
  -0.05477513779153106, 0.7238222531562008, 38.46912146973078;
  0.2442626232068003, -4.6167247597037, 69.03085627018211;
  0.08587633680625262, -0.01740091825398311, 22.34263865840791;
  0.1473206740840124, -1.207413564651644, 28.22271269903952;
  0.194789942794968, 0.08054146457546602, 24.46191026895477;
  0.4175549606840611, -1.674623409941114, 42.6952512044299;
  0.2839957042758364, 0.8522355963332663, 26.66581667071066;
  0.1451671713861875, 1.124635522521221, 12.52795965253792;
  0.2921930656198968, 0.4759125490592552, 22.66476824045956;
  0.2997823416220318, 0.9030636005076779, 22.941745517368;
  0.3929748576487848, 0.2381684811639969, 27.36161816676918;
  0.3667092636996543, 0.009466608095275825, 23.76030270180663;
  0.5607428146989505, -1.245971378703066, 32.71584102564057;
  0.6306793855262374, -1.925704876048018, 33.70316766359186;
  0.6926435752920368, -1.147081117873911, 34.17312348212471;
  0.9921125917562336, -3.593481048337456, 48.71870840547073;
  0.3129697921197897, 1.089313458366067, 15.04821740075189;
  0.9262492771876756, -1.530178150767164, 38.85692440332038;
  1.004304572245976, -0.5188393437821636, 40.68221411997381;
  1.032278269604031, -2.877137337134414, 41.87989821088026;
  1.443134511763724, -6.552331178632216, 57.02801846430925;
  1.238844162178117, -4.086152334440899, 48.91015871023277;
  0.6688790627073676, -0.06213550893134252, 25.46287234232177;
  0.3456391468720501, 1.048770546459248, 11.87199279302231;
  1.652850862563428, -1.11898468875744, 50.71510982108818;
  1.161182904242981, -1.859334648422192, 34.5966917742936;
  1.883282295977258, -5.937820710981033, 55.18134445240187;
  1.304507593936046, -1.428918433997325, 37.82754055854809;
  1.025068189282016, 0.03732331156769397, 29.86203917077219;
  1.235171285089543, -1.018764832216706, 35.23904265676586;
  1.546939159098181, -3.048287332251033, 43.91401693190119;
  1.839922926720502, -4.74451083667216, 50.94226968255749;
  0.9225077425916186, 0.2780906545474631, 26.05159838945519;
  0.9003976183680618, 0.5853989471756711, 23.14288034167804;
  2.004936979144089, -2.782083466481873, 48.48354654185991;
  1.764508085008703, -2.591871619531518, 41.33211647425766;
  1.717927584509289, -1.278413492830838, 39.67648110604569;
  1.502247481796373, -1.266398839345545, 34.887538794568;
  2.055908252166305, -0.9379563231639979, 46.5644761728056;
  2.569304242680459, -6.077232939135239, 56.00079510562342;
  0.9905270246348521, 0.2260854674512489, 21.99445487400752;
  3.386213418539745, -7.06513211749528, 68.08950753495151;
  1.006922492308227, 0.4653459830243474, 20.57457667502452;
  2.598711221209385, -6.39150103704046, 50.67692553894622;
  4.989459042994079, -0.5779095586196454, 93.99769083714189;
