m=[-3.923934451553053, 0.06456236022390002, 8.298236171894724;
  -3.854389756642138, 0.02665014719251374, 8.758318383400535;
  -3.813958151516049, -0.9174718283472235, 10.14230816625743;
  -2.424685248652283, 0.2544278744506325, 6.933432804400278;
  -2.311686836382967, 0.2825130440618696, 7.220791806546748;
  -2.185320740349867, 0.3355887037040078, 7.052016625906675;
  -4.356837252256301, -2.741140000122345, 14.47118015378998;
  -4.14987731882592, -3.000011127334108, 13.87363094817498;
  -4.164787770972801, -2.777381214359857, 14.17690168517922;
  -3.959324347995312, -0.8278889316222454, 13.48422863401577;
  -4.142452471587225, -2.58599444115576, 14.12888340811721;
  -4.181726409856919, -3.193706425150719, 14.33011329552774;
  -5.251656322095939, -3.870324040124359, 18.6810999774034;
  -5.338974673947171, -2.332369514900307, 18.99411671172525;
  -5.604130961214268, -2.748662204393563, 20.04229293528668;
  -5.296016268315261, -1.06618491047653, 18.99361731787311;
  -5.278607723726443, -4.398172865549401, 18.97490534949298;
  -5.230041000302473, -3.918429878573585, 18.87001696694362;
  -5.224772229527671, -1.158675375474658, 18.92626969177007;
  -5.249991385385429, -3.27532555561664, 19.14308542477827;
  -5.254911873860315, -4.303619001743381, 19.27392413732447;
  -5.158741711205242, -2.208212777110945, 19.2283090405658;
  -5.07140348061785, -2.944523599428699, 19.13290459394208;
  -5.052508248885467, -4.265228740425079, 19.13811074293259;
  -4.995873467462055, -3.082008284487211, 18.95367237671952;
  -5.033302548193538, -4.456434152975717, 19.17067218689866;
  -4.943260144231668, -3.921652459991513, 18.96588702554436;
  -4.858349414258032, -3.758563383793487, 18.680878340238;
  -1.399409044158369, 1.06216333195927, 6.185269313878463;
  -4.692730915594127, -4.071079177176514, 18.80261486993047;
  -4.807628766824763, -4.493213125103432, 19.32731626596847;
  -4.437061419665827, -4.440682979493333, 19.24158302837337;
  -4.371953376651857, -4.055908350853156, 19.04905051898238;
  -4.448797802934515, -4.288102014382282, 19.93100574635682;
  -4.358464140134083, -4.411612735832862, 19.56542777570044;
  -4.229773767370726, -3.87743003748167, 19.08755852951204;
  -4.28037791538732, -4.255591736181583, 19.59183659236152;
  -4.178478162832681, -3.096102557180935, 19.32775916680372;
  -4.386369073670979, -3.785913245143409, 20.45417210210017;
  -4.002896020769381, -3.426169438325514, 18.78173123610625;
  -4.013043549387183, -3.796203504740485, 18.91074160836135;
  -4.393337418526079, -4.431537116132771, 20.64084837350218;
  -5.064569463403265, -4.906355488863571, 23.79418051965171;
  -4.670401499672805, -5.187715411156425, 22.40530971026647;
  -4.12165228568238, -3.33425463101623, 19.88390749173858;
  -1.4421225311942, 0.5067807090044603, 7.699458449490662;
  -4.334479366954271, -4.981805128854161, 21.11371611242918;
  -4.130271512602501, -4.188315181718744, 20.6056804431202;
  -3.884295369816094, -3.549567742648363, 19.4858470972029;
  -1.405601752447945, 0.5662036400014425, 7.737165943021449;
  -1.467412440162859, 0.9316950982429677, 8.069407046312385;
  -1.518149596143227, 0.6764311963485109, 8.329005104919153;
  -1.448646545695639, 1.096246049445659, 8.098561478532009;
  -1.445236074763047, 0.8914347105395045, 8.14163302333395;
  -1.464033867354462, 0.7725070251591443, 8.247479719134136;
  -4.384169652205099, -5.054920581410067, 22.95672999959013;
  -4.634076075890556, -5.772714815833327, 24.44290501870022;
  -1.338197840748329, 0.6633086228582752, 7.906852323929638;
  0.1470526402592775, 1.152995226373957, 11.50031422396673;
  0.1696751089640528, 1.04275149523831, 11.386636176162;
  0.2993954119873502, 1.091237206359696, 13.34064929401356;
  1.10689587955326, 0.3984119917897777, 16.02591410678837;
  1.835430584954602, 0.4472156096947563, 20.9131159244085;
  2.814794854238387, -4.824992290292971, 31.06636620602988;
  1.746096847879415, 0.5469791351003758, 19.87691091796201;
  0.9399485111170828, 0.7189627924305752, 9.753070376387978;
  1.01131702797555, 0.7285104966477509, 10.12777754745036;
  0.981400024726179, 0.570325439287352, 9.813164551572109;
  1.137334774617108, 0.4075671351002862, 10.93489936832108;
  1.030675326312343, 0.6307795074629482, 9.342366753347797;
  1.089534885912363, 0.7917144715966079, 9.39673415694755;
  5.610438299550777, -6.917075121390515, 43.91510415279529;
  6.961922552564067, -9.806907086079017, 53.04376783106117;
  6.711832119106872, -10.16782589653075, 51.06529073036008;
  1.157917976726817, 0.7084036197808539, 9.484457069160532;
  6.08450898015376, -5.865749603768431, 45.02248339020539;
  1.297366108585437, 0.3492179970299276, 10.2277248451673;
  1.168459863923368, 0.4822959692483634, 9.202413023139561;
  7.121024556729203, -9.830594237021035, 50.83302133501073;
  6.345877520584699, -5.560492147455229, 45.37842218261773;
  1.249054032522632, 0.5740749876794264, 9.416409068462302;
  6.922652340851747, -6.882854855131795, 47.5657021154252;
  7.521555758261173, -8.493133048577361, 51.44309068367041;
  6.88236753542505, -7.593435249253075, 47.26447403857279;
  7.069058639584608, -6.476595380260632, 48.40713529146335;
  3.086922526593495, -2.19057038613146, 21.5210431697497;
  6.351671998712248, -3.678142110378942, 42.61179071000959;
  5.954049507240518, -2.573747667382811, 39.93627824219356;
  7.638659339594605, -7.407002072159415, 50.19024845402627;
  7.524606909842229, -8.637370756960651, 49.04600293010563;
  5.814248414850982, -4.747611202089147, 38.02835670414327;
  1.296350310800699, 0.4500036960813559, 9.031284615704294;
  7.007863889852651, -5.377667288976424, 44.29946935519673;
  8.885578419576826, -10.62947094782567, 54.41870122425513;
  8.416799645283588, -10.63454033770335, 50.20450454249539;
  8.071655176003887, -6.686881087317953, 47.72747696869413;
  6.766005126931931, -1.39199015838828, 39.85102861629291;
  8.861984296713949, -10.78689649598553, 51.87322714816703;
  6.778015794333906, -0.5251909550998114, 39.4191284538836;
  9.15960363970785, -8.663858980319201, 52.72342466281444;
  7.030634853024627, -3.96064819121531, 40.58426475916926;
  6.7700615549669, -0.3893198659439723, 38.86092145460939;
  1.474577476765393, 0.7399920204479062, 9.229901493215124;
  8.884147342181807, -9.630084040106928, 50.34670338213612;
  1.490252457390768, 0.6003013206574017, 9.243448230022999;
  9.095346870711362, -10.46318400404011, 51.164989404735;
  9.123340706911227, -9.387585958108849, 50.9894480480617;
  7.64567643878238, -5.366147563209062, 42.62871339197866;
  6.739869574494414, -3.197841990917142, 37.57400035722908;
  9.25534271473912, -10.13137265792557, 50.87271079975334;
  6.312336603993765, -2.656893295879891, 34.7753021243639;
  1.573166933245591, 0.5252072198994521, 9.354079937753278;
  6.097734557538981, -1.374090708706138, 33.31764379900421;
  9.077369088486293, -9.628568422476237, 49.05263963836017;
  9.244382600706635, -9.479418132130082, 49.87487843612075;
  9.425617000036137, -9.186931329698533, 50.74074934737095;
  9.578199816837904, -10.13223904045661, 50.68826354602111;
  6.92912114981924, -5.364556417940723, 36.88470583245177;
  5.928068242991794, -2.898645151274775, 31.52266193084509;
  1.625369986644848, 0.6584401681004425, 9.278707706444358;
  10.15999225654171, -9.996688223459788, 52.65931755083771;
  5.287385397000809, -1.168387104380418, 27.8406738544649;
  9.808831329075741, -8.515660246850482, 50.43816187300482;
  6.227921553224004, -0.4688794543110314, 31.93566357755701;
  6.59794737968636, -5.261413308710943, 33.73733430776266;
  1.698301560883635, 1.118067067545811, 9.252492414130805;
  1.84829790502566, 0.1905361227395452, 9.97827602247288;
  6.79600062497554, -5.504706632521859, 33.90384012327716;
  1.713223207031515, 1.082096760178253, 9.281040852212612;
  10.92370181237688, -8.987461716124837, 53.31371082120456;
  1.740919987926756, 1.218489070425434, 9.323557720543109;
  8.746266091852188, -7.322922241059173, 42.48430283712794;
  7.371783036266702, -5.258533438271867, 35.91169784487874;
