m=[-7.94795701651459, 0.1307715177915864, 16.80813612495538;
  -8.363069297517832, 0.4347487824110694, 18.03047296870347;
  -7.835443765631616, 0.05417608048405113, 17.80445557078727;
  -6.010748286653436, 1.881061848914424, 16.00041869485507;
  -7.925898547754449, -1.906625176003135, 21.07702873820575;
  -4.905873386837096, 0.6413679755911421, 14.22190132739186;
  -4.921290913897756, 0.6014347855934865, 15.37215878440848;
  -4.506711426886901, 0.6920729839752865, 14.54313013360312;
  -2.88252553569001, 2.187861326341186, 12.7405184472688;
  -2.89375924187695, 1.825992735142577, 12.93848713414779;
  -3.438194849627865, 0.9835448217611711, 16.6309821165144;
  -3.000762867555709, 0.8045301344138778, 15.67070153444368;
  -3.019387494193082, 1.061052235137927, 16.12043918015783;
  -3.021161436505451, 1.144357928039012, 16.5716755284436;
  -2.975324058625881, 1.889104089098801, 16.36152200064069;
  -3.153738355178113, 1.405188931303483, 17.30231521754439;
  -2.850542870770045, 1.037583994136605, 15.92219922352511;
  -2.962987439435618, 2.242205515686119, 16.56438280937926;
  -3.016855880979084, 1.860824052181868, 16.99523966784846;
  -3.016887882091074, 1.591880580771145, 16.99531833058577;
  -2.827046216103484, 1.40129065767411, 16.70383575806277;
  0.6647671387022861, 2.144501332712101, 21.63800520088568;
  1.892701358742301, 1.447719569768014, 19.6390007909693;
  1.933010695499686, 1.392460072211833, 19.35802698788972;
  2.283605332983283, 0.8183364335949951, 21.95571178375358;
  1.96723619769498, 0.3970990307315332, 18.65450912761173;
  2.115091666941232, 0.575853047046645, 19.52094745628567;
  2.07578095694778, 1.270390448085385, 18.8155343436877;
  2.197267632353846, 1.596652484466918, 18.95041643903398;
  2.267566572524441, 1.387276474117094, 18.57354168502172;
  2.525640062656562, 0.6798381413409504, 19.91076493199552;
  2.269892407662005, 0.9369255997950536, 17.87694049092679;
  2.486679384907976, 1.1428972647169, 18.74665923227901;
  2.526298921805201, 1.096068202297325, 18.5237590065439;
  2.743398777734599, 0.9523194305736098, 19.11243818099842;
  2.701482717902354, 1.476987902417969, 18.22883326420037;
  2.682491087989469, 2.397203355758915, 17.90810426824447;
  1.897318712810104, 2.244646930256164, 12.76216717209583;
  2.96635756850976, 1.488616885229772, 18.56748023240984;
  2.934135498067327, 1.181924180525422, 18.19928525650228;
  3.155282324788736, 2.248470004619267, 18.62006102894131;
  3.260130038167826, 1.320684267581206, 18.6110202339846;
  3.045800054551417, 2.383904885645875, 16.88315333508047;
  3.433990651243166, 1.54635339332767, 18.55662988531939;
  3.133733646881963, 2.340176965963226, 16.87842613209896;
  3.244143953179769, 2.41805107557335, 16.67005850241383;
  3.906496932893512, 1.050704899657027, 19.7126726924436;
  3.678915542900643, 2.145976377922881, 18.61488085059138;
  4.371666449705084, 1.038797853772651, 21.65419033943388;
  3.899094225811743, 0.7548416997707379, 18.91053988037814;
  4.274250441014076, 2.165752347332045, 20.14656095190326;
  3.88858703788654, 2.206277956687873, 17.9440832415875;
  3.65349321656581, 2.271862274736601, 16.58160005209796;
  3.516096732928383, 2.25827676140942, 15.86336471670791;
  3.233836300766529, 2.346932865906874, 14.0505440600314;
  10.71939643414518, -0.176998566456492, 43.82562536018517;
  3.298524960948572, 2.391369093097948, 13.87023656958513;
  4.621061739481063, 2.347601727466601, 18.69053136395825;
  3.317830704444011, 2.400170876825197, 13.46330320042471;
  3.288140637444004, 2.237199195337776, 13.1665600178791;
  3.336104593128468, 2.332679545201849, 12.92362101129265;
  12.57461640440574, -4.5241259894401, 44.10561511836747;
  3.362681819284938, 2.273233525244014, 12.39431122307678;
  12.75517614315939, -0.9432134511759996, 44.06325720138693;
  12.73908748659498, -2.343111209512068, 43.90995040798408;
  10.62984761304632, -0.2343457328115238, 36.65957056311552;
  12.96069588905198, -0.9656609231970853, 44.31767520359454;
  3.623405605262456, 2.304618041820763, 12.87379737058168;
  9.365886602952031, 0.02084204503384235, 31.62485505678323;
  3.701874637966236, 2.214087646688853, 13.10981131454605;
  14.07239780980541, -9.119562303959171, 46.50381740986022;
  11.99690956890286, -0.3210859270904965, 39.78522917637756;
  12.86546643182858, -1.494418807720933, 41.56351774111277;
  14.3696004625618, -9.097739251909136, 46.31419427752641;
  14.33558889969739, -8.718435884418289, 46.01149622520433;
  4.109726948466125, 2.249225488818828, 13.79094211412387;
  10.35852068405899, -0.2129838688798384, 33.15995892672213;
  11.42295602976365, -0.661032315989351, 35.85813629987069;
  5.283758995428803, 2.246731093723927, 17.05891681100504;
  12.95690327661302, -4.505773380735572, 40.02108517069244;
  12.73487341860926, -5.384388541067685, 39.03945613492252;
  3.709531693452654, 2.326131758441957, 11.95979611593066;
  11.435389848087, -1.054372031907815, 33.95003500628009;
  11.85020587833841, -6.470531729056926, 35.07889455288322;
  12.86575597482246, -6.08773374864009, 37.90323827708092;
  12.73584672458515, -5.544462321168646, 37.21249907761673;
  12.88553233174075, -4.363015901422226, 37.63486648048895;
  13.32594159813328, -2.235390002158033, 38.18159944868771;
  4.190285972679423, 2.255573172971242, 12.64859838207492;
  12.85551269489245, -2.941817377065913, 36.21497799377506;
  12.74002064219413, -5.195957785540476, 35.84084951083145;
  12.42489835978157, -6.757573888186422, 34.88937065680222;
  14.88678501239077, -9.456775100671029, 41.61064166746691;
  14.53523149818419, -9.055082230153619, 40.3138439956174;
  14.46236126829105, -9.128330322809561, 39.83140087366546;
  14.19316767520361, -9.718391442620179, 38.98540107910814;
  4.036039421490149, 2.272369025707854, 11.76988491138881;
  4.48784420227484, 2.290113399888035, 12.50109650776493;
  4.470971209494255, 2.308909923121665, 11.58117745588384;
  14.80025290665726, -5.285599699547426, 35.7064843260241;
  15.36461244401588, -4.544668046489075, 36.07154343926131;
  15.11050236722589, -4.680358524207666, 35.43084862394998;
  14.9592587246335, -6.148527024101788, 35.07229099572666;
  15.50237980866497, -5.928454691596929, 35.84853155742179;
  15.72538007865517, -4.757819634546967, 35.83318886469302;
  15.48790944122685, -4.066588162971446, 35.18447222933818;
  15.94298437532238, -3.765879178438628, 36.09327683029952;
  15.76876349787187, -4.525518262626475, 35.38021742316886;
  15.90652477800767, -5.800315733485386, 35.6278935894654;
  16.80689919693309, -3.532537656052567, 37.22473873246995;
  16.55423732415079, -4.848773509663356, 36.52546852447384;
  16.21814397721657, -5.820378982298563, 35.740708263603;
  13.89319266410105, -3.267965885971202, 30.34329950846145;
  12.91511855763816, -5.375604257082846, 28.26553614379379;
  12.83630101710631, -3.48230787022341, 27.59066959838733;
  13.06955342273128, -4.63410253474725, 28.07339452606789;
  12.54240948657415, -3.10690329031452, 26.9400627281781;
  5.319131231700554, 2.274606701094777, 11.92354232342464;
  11.87746098800108, -1.838320468107328, 25.33674413049246;
  11.72640767475977, -1.68348206507056, 24.60620088566689;
  9.916169213229209, -0.4733972299368194, 20.52627913814443;
  10.31632790520537, -0.6723126470448809, 21.25263191581539;
  9.855293333448246, -0.7994295273762041, 20.2782509100177;
  9.801195830375061, -0.985302322899123, 20.13721963861168;
  9.822939304287322, -0.3842921204091181, 20.11884603615818;
  6.784515156563876, 0.9810414054256759, 14.17152865635894;
  9.984603009214306, -0.5451358054884888, 20.33881674797879;
  9.857336222595135, 0.540371002825382, 20.09254109473306;
  10.04621583497088, -1.209295129212473, 20.45007284967016;
  10.08182798169846, 0.008772796001580336, 20.46114838581521;
  12.03600476741372, -2.059651589540553, 24.08675681636402;
  10.61712472972822, -0.9432749662866351, 21.35248482187183;
  10.49271945739654, -0.2181597643130016, 21.07176925839178;
  5.871219192211828, 2.247781746485932, 12.20674555430948;
