m=[-3.83399339043902, -0.8882407630256579, 7.577005995277365;
  -3.774474930983848, 0.04215906939795778, 8.161414725305335;
  -3.722815576206705, -0.8757817311969024, 9.52430703932499;
  -2.358649807401088, 0.3382206266969458, 6.415654702635706;
  -2.097536315802342, 0.3439973272493542, 6.364329758403995;
  -2.331204102520334, 0.2366029659988741, 7.527781979945479;
  -4.130104182571893, -2.946504623718925, 13.47312069219353;
  -4.019250283557029, -2.641660857287252, 13.35212598124831;
  -4.015478210665148, -2.463962287152569, 13.36158397060278;
  -3.988506222647311, -3.00271328848543, 13.3286566037478;
  -5.451443334599395, -2.738454494712379, 18.39709164361923;
  -5.409827585426459, -2.664778477490914, 18.6432994158192;
  -4.868124027361912, -3.600671247643311, 17.01594576004244;
  -5.324501514640605, -2.293406431233946, 18.68743606944017;
  -5.252593427410999, -2.528032462902812, 18.5604596684863;
  -5.129498049319714, -0.988938235320478, 18.14519396988127;
  -5.195871652919055, -3.882604013661711, 18.51184065783336;
  -5.159485732190531, -1.098510108264152, 18.41141423697713;
  -5.106455222070097, -3.165245409650749, 18.38601003173647;
  -5.144222025657604, -0.1980288621449044, 18.55102182538465;
  -4.981271747137742, -2.099135619300687, 18.32719472680801;
  -5.166995741674083, -2.973076925180059, 19.27900428790093;
  -4.878123249495132, -2.994999081546846, 18.29099005199633;
  -4.431126884497874, -4.211668575606912, 18.36730424552831;
  -4.264163057916358, -4.194126128073811, 18.49080489710829;
  -4.112227772580339, -3.962791673566862, 18.28448767614654;
  -4.120360070434022, -3.778207052689395, 18.42157863854315;
  -4.154671396282007, -3.035705232635676, 18.59047716675224;
  -4.15759522775791, -4.141182719815351, 18.86410008280275;
  -4.007951403914582, -2.956761020837929, 18.36502159881382;
  -1.425350079186176, 0.5321749484640028, 7.244803719367276;
  -4.058803713360636, -2.993174971656818, 19.28834195249605;
  -4.059114862197521, -3.272675646984752, 19.41410986480537;
  -4.070687149279673, -2.940418074561364, 19.67130813456418;
  -1.408056422876398, 1.064833344817801, 7.394214423733489;
  -1.402120270078653, 1.103105565988984, 7.476644843313144;
  -1.419131690646879, 0.911766696437478, 7.633749684371766;
  -3.768629226946615, -3.439309339650815, 18.74145183607958;
  -1.424768298145085, 0.7898404001538473, 7.671831101537308;
  -4.16918598547342, -2.953565125469239, 20.83853330367988;
  -1.336563634146378, 1.18210389093334, 7.34852532598696;
  -4.107114180808791, -4.065475217737158, 20.7549174632759;
  -4.114805341395885, -3.196877485720331, 20.88877893236792;
  -4.337599168243018, -2.902158355747607, 22.12460301645517;
  -4.131629564188061, -2.986795686951609, 21.19042936015625;
  -1.389641774122158, 0.7225406418286295, 7.839029506133865;
  -1.395092719147084, 0.7853119485521357, 7.854144454921441;
  -4.348276910402809, -5.021504960071455, 22.69868409678239;
  -3.46368501363499, -3.178835931884252, 18.24028549155491;
  -3.6793884507656, -3.297566725326286, 19.35211396589788;
  -3.745766981345793, -2.93863044685652, 19.72094376672391;
  -4.385087288818297, -5.275335027280381, 23.22753155993286;
  -4.46685875430198, -4.854207493170136, 24.27879379429479;
  -4.20823912825617, -5.041327057753995, 22.99813498502417;
  -4.368066648803677, -5.144759237034979, 24.15366425826838;
  -4.415454568549963, -3.307811696255143, 24.54074643996088;
  -4.391296244266333, -4.736381164127714, 24.60881398149974;
  -4.72463548956796, -4.578242747119098, 26.78551483213907;
  -3.783394544400982, -3.106757192963539, 22.22251220656522;
  -4.207934422290421, -2.704070169224539, 24.63983954205619;
  -4.216211818779161, -2.953651727485098, 24.90885498262917;
  -4.501082792999007, -5.170283712294035, 26.58940314983023;
  -3.963972997532015, -3.381026183712294, 23.67739788482222;
  -5.257593154540871, -4.88157056273398, 31.27918856638294;
  -4.044941662567376, -3.194061390167013, 24.46526638291492;
  -4.065734644219891, -4.933555924878413, 24.86144963900026;
  -4.603332285854351, -5.197887754997375, 28.24131164970049;
  -5.329260714064127, -5.139975538283746, 32.92614411360705;
  -4.387010562926408, -3.966314328350448, 27.42683431987649;
  -4.453872934714467, -3.03505331723829, 27.94148310895587;
  -4.715862883648159, -4.916237150975781, 29.62553646649128;
  -4.177430561159762, -3.16292333935494, 26.33855903040219;
  -4.593373525840019, -5.092153974206592, 29.27481999628051;
  -4.286734483197084, -4.06514362042715, 27.58712841815945;
  -4.540171759017296, -4.927180572842246, 29.40374716950685;
  -4.570947511600985, -3.087788813679457, 30.41155558543037;
  -3.848992892009543, -3.982730969873451, 26.14630592710617;
  -4.845244613209806, -3.838402829885536, 33.1604496439967;
  -6.586546405741291, -2.750488414745225, 46.87439219643424;
  -4.683045202056181, 0.741764495260579, 33.57058043674365;
  -5.71765898943437, -1.604175591560944, 41.25309865466692;
  -4.272834215833457, -3.523369243704649, 31.42773311868363;
  -4.212069743719202, 0.4734820956776257, 32.4241447611013;
  -3.062338187771606, 0.7735874851589312, 24.12812019343389;
  -4.871158856916024, -0.5402452499474689, 37.84266961687015;
  -3.630172126999737, 0.6487010788462445, 28.5436835866347;
  -5.69536587473296, -4.740913826140355, 46.35442943431541;
  -3.002431631910273, 0.5658503677195539, 25.01667817764165;
  -7.363689287472055, -3.089031167634925, 60.53264042668089;
  -7.483514222855075, -2.652257498185157, 61.49301608686607;
  -7.719201679979475, -4.279989432973131, 63.67768149700003;
  -7.263159628160362, -4.423706939825392, 60.56324423118594;
  -7.539096251311896, -2.977705868276032, 63.14235367972491;
  -7.887111721201197, -3.591225044327904, 66.47059742033066;
  -3.868036466720232, 0.3101547972863649, 33.0795187087312;
  -3.032404312487306, 1.028639928004833, 26.41899398840066;
  -7.688323106762111, -3.786957572928503, 66.33193237405283;
  -7.010120877652915, -3.060876222764065, 62.14364264283773;
  -2.760081480325652, 0.4164435743588595, 25.15666174265667;
  -7.127627964749851, -2.482310816752722, 63.64144323424736;
  -5.634292384574112, 0.215312287417654, 50.67019989357049;
  -6.578668643465136, -1.112906965733062, 60.37753701066486;
  -6.989090307697095, -6.06137445997242, 64.44833371564778;
  -6.09452880285792, -1.237230956944397, 56.89901490888071;
  -4.032130066775322, -1.387507474427192, 39.02439157728531;
  -6.316119644719846, -4.120617744466864, 60.87901960925893;
  -7.451287701561702, -5.335273019939526, 73.25344076059319;
  -6.190360439101108, -2.706390922272852, 61.33728167374809;
  -6.327397960955807, -3.647650437471003, 62.92582819957422;
  -5.584644130020885, -4.580400994290455, 55.96088857672275;
  -6.197818867832643, -3.117348965675465, 63.53425157970789;
  -6.063217255325653, -3.473204583255853, 62.21200072054408;
  -2.341985418410676, 0.654260225910251, 25.29342404979945;
  -6.178665260842968, -4.856807275817798, 65.67669221981383;
  -6.202266646245769, -4.621584182188077, 66.2333226917013;
  -5.678873177682927, -3.837639283244517, 61.32267596879024;
  -5.02280056663369, -5.157413692548732, 56.98248744396369;
  -2.543120185932015, 0.1730541121277765, 29.40924718771868;
  -5.243308681619387, -3.145175984152461, 60.59019131617218;
  -5.411004846244278, -4.102001238233779, 62.50731153693192;
  -2.193387970780259, 0.6155866505611706, 26.02788731167953;
  -5.383800782808957, -3.54073642200815, 63.09477768743457;
  -2.19270768907688, 0.7383714882374763, 28.25871882784129;
  -4.28972353149771, -2.245283329638668, 56.83511622407174;
  -1.996250262327272, 1.118853154731604, 27.34560142532497;
  -2.011216129281594, 1.002687641762243, 28.02115893472801;
  -1.932125124732371, 0.4762488683688846, 27.88914178272614;
  -4.189398036814454, -3.438505146506023, 60.97219673810371;
  -4.036754241197014, -5.506575209626734, 60.19547365799588;
  -4.07512444907062, -4.859368991950905, 61.48988338104381;
  -15.89760246166212, -20.10708038848652, 244.6964138351154;
