m=[-3.193043104633341, 0.4796927711920374, 5.07469094916075;
  -3.046777114494683, 0.9619647311028478, 5.223954608392508;
  -7.266248853218426, -1.735956529410904, 12.80804820601512;
  -7.717190053564863, -1.851196757992871, 14.93754288679363;
  -7.639316237897426, 0.1652073610275956, 15.30902048117476;
  -7.41593699932029, 0.08283244910139923, 16.03522040412998;
  -4.209587407083129, 1.015671854749422, 10.26609085580041;
  -7.291321679316782, -3.99055916412669, 18.26401464889366;
  -7.054393523597164, -1.659525927667685, 18.04768689708376;
  -5.247334254460743, 0.6139392210519713, 13.98604779001818;
  -4.858543093355114, 0.6966949840168656, 13.21549928566458;
  -4.719463799897983, 0.7397387714496798, 13.09176036766454;
  -7.305934813883454, -1.697688537095516, 19.95656011643187;
  -4.534634779477811, 0.6045560274312527, 13.3698897178267;
  -4.409089547283433, 0.7230935686033155, 13.37802811891255;
  -7.614156885129961, -4.7367782538108, 24.72308100554682;
  -7.353709541078884, -5.246293605790352, 23.98908400431526;
  -7.438739600091623, -4.241779577775905, 24.58121849615949;
  -7.442834133587809, -4.89181867534262, 24.72542190660755;
  -7.413801774897748, -4.549228515113003, 24.66957352516457;
  -7.578930214246471, -5.705733724972543, 25.32701533117114;
  -3.2812911776429, 0.9058749232404179, 11.6708032934841;
  -8.870331304113366, -4.655831130589233, 30.43362145198942;
  -8.152597967559766, -6.0300076436827, 28.49643189855319;
  -8.711922558640101, -6.399700450175716, 30.56311909824763;
  -8.528469706718958, -7.097741136926137, 30.29378526919637;
  -8.518952218388005, -6.365768880515665, 30.35130514624964;
  -8.427887529358035, -5.224041170489113, 30.34496885264109;
  -3.186053703515515, 1.014879854107794, 12.20239582719088;
  -8.520127412069016, -6.97597294084461, 30.90290959165528;
  -7.786587180409178, -4.480383539947886, 29.05317812214521;
  -8.345173871952746, -7.028661502394289, 31.21342366491528;
  -2.868978275388219, 2.24222108512987, 11.82274857371944;
  -7.811955261174508, -7.024785962397893, 30.56232278241655;
  -7.703591890171298, -6.678109052195731, 30.51294895655517;
  -3.885129749772609, 0.6945014123069735, 16.34557967363434;
  -7.275378333330774, -7.103362068212499, 30.97422838621072;
  -7.24716448017158, -7.259752994070281, 31.12097308945451;
  -7.242911346048675, -7.542632075153383, 31.33646236481991;
  -6.912461524765124, -6.661266468953932, 30.7353640292394;
  -6.849428005412765, -6.935321623071776, 30.49867399814526;
  -6.853645882973683, -6.284521927463293, 30.64173383774881;
  -7.036679032063999, -7.008901063268015, 31.92725848470791;
  -6.846488700881569, -6.911259274274338, 31.9600224144862;
  -2.919368981451791, 1.08998838947592, 14.83863898692414;
  -7.032247807623262, -8.156377617279242, 34.16580064661658;
  -6.482357221078382, -6.587199924952897, 32.16619047344497;
  -3.149167605768963, 1.371086590106071, 16.28768318325762;
  -2.98882327008321, 1.974785999126002, 15.65289410602405;
  -3.074493690786014, 1.450964620938606, 16.14433729946108;
  -2.927278026267905, 2.303009772330183, 15.60937290979474;
  -2.89399452239584, 1.859339652960779, 15.56728661442456;
  -2.958596175562619, 1.64013951618824, 15.93090622953999;
  -2.775948487877762, 2.455146485147782, 15.26236929215363;
  -2.658670077322694, 1.38236862179306, 14.99767319269988;
  1.67771923347215, 2.1877336180126, 16.07566066208574;
  2.237589125004736, 0.6619352217375543, 19.0828056279894;
  2.012188909602291, 1.264437217366454, 16.8307304562824;
  2.140289855244436, 1.582154044891422, 17.05681417311596;
  2.337793990285233, 1.468161014466302, 17.70926518484028;
  2.672278798104187, 0.7806388075886971, 19.5672643818153;
  2.320394543792571, 1.002263203787721, 16.87369864494465;
  2.433924873981592, 1.16133551512354, 17.00277054102649;
  2.277213028984092, 0.8352307740451158, 14.74386432136289;
  2.852093001612494, 1.473180534242306, 16.59439361370015;
  2.903219942025289, 1.214054354882112, 16.71708560239107;
  2.949471686782025, 1.478297341373642, 16.69341819339141;
  3.152306354043299, 1.323178767691229, 16.75113672796195;
  3.116824066835283, 2.237426817836947, 16.4381647278443;
  2.963136642303476, 2.343421471362385, 15.20619073099052;
  5.992794257162053, 0.1984061961091039, 29.33391074008311;
  3.2286480948977, 2.36372814181947, 16.01293971161009;
  3.491505927009697, 1.515313025616728, 16.8558988590702;
  3.957258783056461, 1.127995121197535, 18.68336239118668;
  3.019028820331717, 2.276466607147658, 14.36940696333635;
  3.641115698696309, 1.656141067266185, 17.02290532145775;
  3.751449674787753, 0.9471277582406478, 17.46554615260901;
  19.79880186028349, -10.87334738654393, 87.5055609084535;
  26.51190134135494, -20.61882221949289, 113.8340453325067;
  3.090021435384501, 2.308938566809483, 13.99801215212002;
  4.100637001308991, 2.140135730490181, 18.14856764811347;
  3.805776876373483, 2.268661632682783, 16.92224486467336;
  3.290433242478835, 2.306297779580046, 14.72775270250087;
  3.059301725835219, 2.216241292283916, 13.65214841191957;
  23.9203440786037, -16.89707245557275, 100.80562248898;
  24.62848926329007, -13.52560211068379, 103.061697572738;
  24.77514030346043, -14.20611950052504, 102.8354902714357;
  20.12884939809928, -11.88386693632333, 83.50676932052265;
  28.42546199627115, -11.76168049081208, 117.8279906366138;
  3.364909158295605, 2.424694482453043, 14.49175753321611;
  3.102609297216488, 2.303378404333425, 13.41556422991547;
  24.36989246973543, -16.54317052268064, 99.02001368468962;
  21.3061096052502, -10.97598689631277, 85.75556248203669;
  3.402411036689999, 2.137321874143369, 14.30206127666008;
  31.47681161469358, -14.03779294589261, 125.491415008849;
  27.8042872300304, -1.553660863547636, 105.4796462880848;
  3.076276231964317, 2.256174464847214, 12.26056802896209;
  22.76490540753891, -8.445892125932023, 84.90361187396628;
  26.88710173750593, -3.753271083327731, 100.0817649719551;
  24.69573296587759, -0.7511759419658303, 90.95131444022081;
  32.8961296677174, -5.526794265063727, 120.559018214536;
  26.16576077469098, -17.74122242324411, 95.38782385260932;
  4.278002043679971, 2.222049763138113, 16.19119420619418;
  3.170515402684321, 2.321571785712006, 12.22019975241998;
  23.63358308449698, -1.010582798125478, 85.7462914974756;
  18.58238249080936, -8.729051656928423, 66.83785390791957;
  3.085235067090334, 2.25974349004759, 11.71198431337495;
  3.315013576720606, 2.136898767284773, 12.41053140670195;
  3.093668183240191, 2.259270186017758, 11.48335151104808;
  19.8106437528217, -0.2574904759376594, 68.76379129524536;
  21.90253122447975, -14.52755425302162, 75.39775281707655;
  32.06482368147025, -19.86202719558632, 109.7203440010693;
  3.191593687487636, 2.330849218566387, 11.5665078798594;
  20.19281793429058, -3.389289692289283, 67.29876685618206;
  15.63462958456384, -0.9455427054812169, 51.70638570517121;
  3.160981763643193, 2.231808936155665, 11.16921033060893;
  20.55486339876998, -3.276276715533055, 67.95927862477819;
  17.63383654159265, -7.823420260091179, 57.98821038026673;
  20.88336538389964, -13.10790199673546, 66.85214046044219;
  14.56140005304405, -0.1799778518928441, 46.59237624628626;
  12.8552606063212, -0.08445047753406952, 39.51435210141164;
  3.509140661324993, 2.122091278421535, 11.35410467521006;
  3.394265881326719, 2.181474332820753, 11.00316052875016;
  17.10727043779329, -5.650438500732703, 51.01450034312772;
  17.72456693341737, -8.049477208902241, 52.04258228893966;
  17.29316053812143, -5.94129171469979, 50.73017499181731;
  16.57364714421498, -6.493902557067516, 48.55108076996349;
  3.832278705541719, 2.12444869093345, 11.80308377444191;
  3.486116827901606, 2.195576459727008, 10.76231547012315;
  13.83201837055949, -7.306510778676865, 39.40800965755047;
  15.65022530638824, -7.130505880266275, 44.46770439532722;
  15.35526526778578, -4.954011068233585, 43.25137846709205;
  15.32724648196751, -3.277591141271424, 41.60614355728951;
