m=[-7.394903604180625, 0.1015643304112493, 13.96399813413956;
  -7.337617043564935, 0.01565309698531008, 15.0064556707003;
  -4.338176137482637, 0.4917498679882859, 10.24001834343539;
  -4.37765248899422, 0.5589770811216998, 10.37106971518529;
  -7.381562892631634, -1.823733242343006, 18.01289572377607;
  -4.555196923974925, 0.6159970049433049, 11.52719253178189;
  -4.409916310519496, 0.5677348126061068, 11.41479730638781;
  -3.964261725217962, 0.610128840398495, 11.20520474054555;
  -3.36545293664846, 0.6227569390353668, 10.32775012453858;
  -8.510345429615594, -6.145134454445691, 26.80185082487532;
  -7.97494597232299, -5.637002627289065, 25.24383073434528;
  -7.898858433278299, -4.592831927495936, 25.28808093523734;
  -7.804385408071896, -5.214381352594453, 25.10298641997961;
  -7.789463285850255, -4.868074795178412, 25.10799057170733;
  -7.536960872503471, -5.753710911522887, 24.39192315662614;
  -7.435869522339759, -1.570733744158968, 23.94130907550001;
  -11.11788268029387, -5.020065436604591, 35.82641321775914;
  -10.65742897676298, -5.523215832861845, 35.28220987156508;
  -10.77193893801997, -5.491961473581578, 36.43356340571142;
  -9.892148967361829, -7.492883395075504, 33.78338718841529;
  -10.6368858417719, -4.771946514570958, 36.66098336625139;
  -10.33010291985846, -5.167831654649386, 35.85971495996239;
  -9.942903396223175, -2.076445997182807, 34.55504895476041;
  -3.171699541491733, 0.5452974128203212, 11.74475466949785;
  -10.45972516393441, -8.032218772412827, 36.55961800789535;
  -9.773002178386378, -2.244592565997262, 34.30510986207984;
  -10.01835820645565, -6.411985744594725, 35.42345202808824;
  -2.607488397351661, 2.019219108912633, 9.918417750576571;
  -9.557309209950958, -4.210298191001921, 34.57082086810442;
  -9.489163765098096, -8.2134365357895, 34.87547784905088;
  -11.30466206529886, -6.740186810290417, 41.38220584224363;
  -9.581192589730376, -6.04171238067086, 35.214584559629;
  -9.405057453943583, -7.661905880661297, 35.01814624421721;
  -9.477162051871336, -7.533167225114721, 35.34094154260322;
  -8.521562295123031, -8.559551695429747, 35.6773116657565;
  -8.387063971235046, -8.016958087014, 35.58396197943323;
  -8.038809006501971, -7.984486989179539, 35.16998760857903;
  -8.102295254568999, -7.666311313598957, 35.6498581800392;
  -2.906839225274387, 1.096479093457975, 13.34987233334509;
  -7.365857126999345, -5.578616244231186, 32.54149801827504;
  -7.968868706495024, -8.183886415371116, 35.64115361243979;
  -7.686502820077782, -5.874836835577527, 34.67755581533764;
  -9.330867419301685, -8.296395624565873, 42.55636863213281;
  -2.730870676799777, 0.977502693227206, 13.0939081487373;
  -7.550235113698794, -7.373074819519084, 34.69451007697565;
  -7.791512912826779, -5.965040065548071, 36.52721464926611;
  -7.861234085650539, -6.572122617023651, 37.10063520591618;
  -2.89993282634285, 1.186096354930617, 14.34821990595434;
  -7.869561392102947, -5.900598533479542, 37.51960749356556;
  -2.79331585574664, 1.287247352462464, 13.96048906014612;
  -2.590894816105815, 2.011400502877806, 13.11701713096507;
  -2.699616013537781, 1.704993043992638, 13.78433195792323;
  -7.14601188667631, -6.750782028917251, 35.06322991076172;
  -2.643141808016176, 1.430044154074862, 13.52977618382237;
  -8.001234020105722, -5.89945134538949, 39.54474401498337;
  -2.664796031696614, 1.930122429532952, 13.76558563547643;
  -2.502804173262776, 2.195184509400694, 13.05523784762071;
  -8.077881031458341, -8.306886901692716, 40.45231750622269;
  -7.931264033366231, -6.407941640594562, 39.83515451142676;
  -2.580543403082678, 1.513268796510781, 13.57957137978403;
  -8.222867814461395, -4.360382531418535, 41.36889446949347;
  -8.05668821866049, -5.57455695025073, 40.65113011245054;
  -6.926735847085545, -7.017904341330157, 35.3155594149456;
  -8.064920928695305, -6.079381037660872, 40.93981752212962;
  -8.786375228044136, -10.47758686907104, 45.4200424159646;
  -6.78688357610571, -6.47624640240132, 35.2749264668501;
  -7.56801123768969, -6.182682874804409, 39.3362636573137;
  -9.814103333903079, -10.51519405567177, 51.29974918084191;
  -8.83740264827169, -9.909458945189062, 47.61828920492341;
  -7.553393934230104, -9.352409977346223, 41.0380180454386;
  -7.666004555585796, -5.543702924522878, 41.80346305592343;
  -8.523167714812658, -10.3854080778918, 46.83081324051847;
  -7.66730029924469, -5.99301206878491, 42.44448652804437;
  -8.196285117238318, -9.018623475003325, 45.50144916921528;
  -8.401363491477014, -9.392376991092769, 46.82711855420793;
  -8.626392676750998, -10.3771760920523, 48.69609389080756;
  -7.09179806538521, -6.089169463989729, 41.40062809309085;
  -7.539058839975789, -5.08774526381186, 43.97073550511615;
  -8.437117544747977, -6.203971326825456, 49.5769855173894;
  -8.644574069382109, -10.29614555414108, 50.893464015627;
  -7.800046465927577, -6.945237886210677, 46.30397231822767;
  -10.76182181407888, -10.38866047270049, 63.86926969635689;
  -2.056688661315295, 2.438685367439175, 13.04853547217572;
  -7.726291260662118, -6.396785561664153, 46.54990756516058;
  -9.132729127863387, -10.23982510827364, 55.24402648119685;
  -9.204172045733822, -10.7820387394501, 56.29188237822946;
  -10.1204849377246, -10.13648202315304, 62.48552025295951;
  -8.604281611204662, -8.125262758191848, 53.66286461198994;
  -9.269307071712403, -10.06663507654493, 58.19136952190849;
  -8.933917246449108, -10.30400068130432, 56.89318453362004;
  -8.282383627599819, -8.186220529916644, 53.15079625825869;
  -9.401077035550456, -10.64269290961362, 60.8458492982104;
  -7.389161596146386, -7.96620892471901, 50.04675410564471;
  1.636143156531005, -8.455556916857542, 67.41744728362149;
  3.684834762145306, -11.65785169253185, 81.88246150494528;
  9.085321581736791, -19.55396801920624, 109.6938933329644;
  8.801391751353826, -18.17705811848924, 106.0470665132966;
  6.789634639839954, -11.02928227246259, 81.3862325548109;
  7.30022483134363, -9.871162857106484, 75.27411635728687;
  7.948135031194052, -11.28475232523556, 80.75075892263109;
  8.281185886418644, -12.3706422509669, 81.37452113493814;
  8.615943853329046, -10.16886515553193, 81.61380561189745;
  8.517230467414478, -11.30798012163799, 78.93967755900766;
  9.488851193996602, -15.41650935802532, 87.57371296088076;
  8.883873341986934, -12.61672269399464, 81.45237094456954;
  9.075810511856249, -11.28552544213499, 82.86549365439824;
  7.043392909548694, -3.807998664831982, 58.36648130091663;
  9.438209439073436, -14.10246208286561, 75.73439489152226;
  2.346074544291634, 0.7998592113693697, 19.46394812496689;
  2.762474087928283, 0.4962904600657663, 22.02129544654811;
  11.10454102666422, -11.5949238711502, 83.93151277795509;
  10.83579736503887, -16.14730491919342, 81.66030313643897;
  2.067210077168433, 1.115817377025298, 16.38409266418006;
  11.53184322590942, -16.43527544966245, 85.89513321051216;
  1.896532194334184, 2.184730123570116, 14.93419897699109;
  2.136573411779598, 0.8251432097420801, 16.65244974130788;
  11.97906644361689, -18.10497012126229, 87.62062612195736;
  11.77642884982423, -13.95286424811349, 86.13137691440453;
  2.103237456521111, 1.215075393538202, 16.18565066124512;
  9.805505307323633, -4.4639367161247, 70.99841612935992;
  12.26524840235605, -12.988444916689, 88.53797017899805;
  12.78186689567589, -11.20254002718479, 91.51468066604164;
  12.6644098147643, -17.09159312252514, 90.41522558240111;
  11.48261651722532, -11.7551786374146, 81.75457614918044;
  11.59686030981718, -16.72003271948433, 80.60014903529586;
  12.30050766198895, -11.40792213867288, 85.20527551438283;
  11.12681626985442, -11.5721951986092, 76.96311646631382;
  7.252772589178749, -1.105078068492914, 49.63269788070917;
  14.01189276791468, -18.64653684641374, 94.10903929642569;
  11.91213173229296, -9.894310024905057, 79.6530158742321;
  5.68935246639081, -4.32579787687781, 38.21582104357832;
  15.77534424723866, -14.47623000956644, 103.7758859750354;
  12.06254945675321, -6.668573700215413, 78.3359956655809;
