m=[-7.267037827822002, -0.07967748356731505, 13.92795654699375;
  -7.14172120725776, 0.2317243191640271, 13.71725300716081;
  -7.264053798116643, -0.2790564812362941, 14.14842274595916;
  -2.623774022233147, 1.288398688846116, 6.343264558033945;
  -2.79715012914929, 1.207621426711309, 6.84776664006812;
  -3.4813495652389, 1.132876915390491, 8.321614164834367;
  -4.556519592587262, 0.5572967452197799, 10.58852533105535;
  -3.466245576434023, 1.053028534230319, 8.324195054637693;
  -7.300605584027139, -0.01799350975239845, 16.43832032040637;
  -3.385702961571692, 1.124042730369877, 8.256562504519003;
  -7.049301906793366, -1.850292636355861, 16.29720509785327;
  -4.38794502176893, 0.6021310479529187, 10.61532613318495;
  -7.38083711293349, -4.268428334124817, 18.66177225179587;
  -3.324239605168382, 0.5524869548163118, 9.267702243178835;
  -3.182939872370362, 0.6179125865705759, 8.947631414423844;
  -3.055100159984039, 0.6022327801701858, 9.112227032473442;
  -7.610274705725259, -4.535867585700141, 23.41033426156607;
  -7.794059324378741, -5.319739893623633, 24.05968423038619;
  -7.513563891501571, -4.806462250043237, 23.25429847338237;
  -7.350464482432097, -1.693149197423977, 22.77483149150838;
  -9.436129148507638, -4.709213698535044, 28.98162611583468;
  -10.59210625009707, -5.010236411050062, 33.27833451521327;
  -10.02881697188158, -5.428122339973885, 32.35566142757172;
  -10.09413136071421, -5.906582908384852, 32.56616465595419;
  -2.617933833776721, 1.651868386982, 9.216631118658965;
  -9.554909000376323, -4.525501449174773, 32.15953606031334;
  -9.615376904256273, -5.047124904437036, 32.5603524288154;
  -9.90777611536533, -2.301933438965682, 33.60237847420844;
  -9.195664666966692, -7.311529880885068, 31.35626161526556;
  -9.377249674930315, -2.381111462399101, 32.11540680831948;
  -9.396751433886783, -6.266898730512394, 32.40043997179887;
  -9.34483551396975, -4.359643355099531, 32.9609606662196;
  -8.845898232448635, -5.50969418086532, 31.70508316446417;
  -9.016556621929604, -5.956303706663316, 32.35243407666309;
  -9.494008439331809, -6.363029716955366, 34.29955904658547;
  -8.667091016846749, -7.142445410645621, 31.51032395923905;
  -8.053223346700548, -7.706945567536973, 33.11454399856817;
  -2.720825623909538, 0.8993092708926207, 12.16150431505035;
  -7.64602421253017, -7.580053210381793, 32.48337413464586;
  -9.242382313977386, -9.496460017259926, 39.4115078264026;
  -8.115223697938767, -6.422781350495945, 34.9019237018823;
  -2.636360369618843, 0.8945594879407869, 12.13857244634305;
  -2.592456557519437, 0.8465820667814799, 12.06988935409462;
  -7.483364309685633, -5.985320421106298, 32.94334269125921;
  -2.588606844853628, 0.8989050303523788, 12.11974862638263;
  -2.688598457573985, 1.956507094923519, 12.53885248703751;
  -2.868433193791634, 1.109873740985955, 13.36833406876861;
  -7.810986819978252, -7.189709011069359, 34.86081875029185;
  -7.334366354104952, -7.43051017148078, 32.85830062561412;
  -2.683118960490121, 1.619145618333582, 12.83634376286146;
  -7.375467091211906, -5.909535011313656, 33.77807351522453;
  -7.720727050927318, -8.39568942672561, 35.64131104818825;
  -2.705708348022408, 2.307393913688007, 13.18904011440876;
  -7.222651307827322, -5.678188409110438, 33.67272165213191;
  -2.809397655448023, 1.579493975105947, 13.87097035378754;
  -2.543250232304897, 1.17345202425082, 12.75190706072854;
  -2.42716282962665, 1.256414327614873, 12.19937807679276;
  -7.000274042817901, -6.888913547538305, 33.52390584555742;
  -7.485228599117124, -5.783202801414792, 36.20279442303431;
  -7.477364370073299, -6.336160645134637, 36.79964690793091;
  -6.702240812534451, -6.608630796541883, 33.29500502593256;
  -7.266510111157889, -5.771455980832677, 36.19334075403987;
  -6.238388261422916, -6.063413722480323, 31.69651053554768;
  -6.875922103495554, -6.850871511214239, 34.9050487373466;
  -6.760445110644978, -5.79474488608013, 34.41750404586787;
  -8.437212323091945, -9.354401516274269, 43.34086686059502;
  -8.258248632393354, -9.611126146806008, 43.72980411445531;
  -7.197324543211581, -5.988409927410847, 38.48916726121342;
  -8.818009327904829, -10.78567393335755, 47.42761941599227;
  -8.5511162042968, -9.976268941710163, 46.94172843892255;
  -2.16966924674744, 2.486601870609732, 12.81311635925825;
  -7.41451336033971, -8.427894497367293, 42.0488189852793;
  -7.581917264116473, -8.132532910934962, 43.07491333797859;
  -5.965774427404802, -5.411711604270823, 34.22907463460964;
  -8.300324663478699, -10.29662071140776, 48.16498091737828;
  -8.061723743675007, -10.2206182717234, 48.45949131962959;
  -8.2882270444174, -10.14974511614206, 50.12014900279128;
  -7.339060880699606, -7.681840703769665, 46.66123181285111;
  0.143558242543988, 2.118579339419164, 9.250417030666998;
  1.969697789277292, 0.9488833215090025, 16.37565111773428;
  1.917156379045731, 0.8490329808788191, 15.73475278846914;
  1.892440631354981, 1.227431840334302, 15.45048447283452;
  1.824637901775812, 0.9342834408574848, 14.76510294802308;
  1.912130481393597, 1.078769660714936, 15.48848703562344;
  2.234561431863475, 0.5706077807825726, 17.59829678221282;
  1.918551534906819, 1.154333190058717, 15.16017502824819;
  2.276724506973153, 0.6291492541487509, 17.6758909839524;
  2.269504452500979, 0.2776964348851199, 17.06286509608164;
  14.24584322398316, -22.16707637514339, 102.0006303222241;
  2.335448520704838, 0.3512352610842013, 17.13840388516574;
  10.88428975761596, -15.18228952183887, 76.12270041424314;
  2.283738801317047, 0.7414910443594294, 16.51325889863666;
  7.884135811278868, -5.451322474983396, 54.24172567901941;
  15.78257214472402, -23.39186601372126, 107.1826959948321;
  2.03834872397252, 1.051413110283638, 14.53339579942244;
  11.71958636355854, -11.27333457790963, 75.63700971436781;
  8.090397938109808, -6.218768149700709, 52.08129277110388;
  2.314688736900424, 0.7878536925883062, 14.45101432977385;
  15.41783052041029, -15.75090540995489, 89.62433738446509;
  7.369341504707302, -1.753655701751531, 42.58264733979261;
  19.75589595469294, -23.60093637822128, 112.0891717607708;
  2.489982061350121, 1.01558628805425, 14.77436138323936;
  2.544328441970299, 0.9246252617014686, 14.83007286810054;
  2.570282053921408, 0.8977782816338391, 14.85579838688451;
  20.85039383837851, -26.35226168013693, 113.4051475205537;
  21.0333241969726, -24.1997920475634, 114.2579564911903;
  20.43087489732283, -24.81359251402446, 110.9353717957021;
  12.08116605972002, -6.782268962911942, 65.49201192513746;
  19.13620966029021, -22.02379193478404, 100.2477243588693;
  20.6110482726572, -20.7946705709552, 107.7093245523206;
  22.0188820236641, -22.75272192639164, 114.3617281261602;
  13.69563988629957, -6.810998786810939, 70.33102562709894;
  20.84449754252833, -22.89445835282444, 106.6448874316999;
  2.687675597428282, 1.281770027203112, 14.44984955590055;
  21.77818721308389, -23.22232816709225, 109.5836133824186;
  22.0048608716967, -23.38453494804851, 108.4832514521437;
  23.20212392905881, -21.41337960534917, 113.1261365054781;
  14.56757898587617, -7.580765803278274, 71.19691980351232;
  23.83886940800514, -23.60323559120149, 115.2475536918033;
  16.61581402767308, -12.17031540999853, 80.47132555369451;
  2.844496381925704, 1.369350927269466, 14.50707726233655;
  19.80981554353357, -17.44697587175365, 95.09010672820733;
  2.916935484738995, 1.283496799281393, 14.62458861608262;
  3.145673170873449, 1.073608261656275, 15.50353068010969;
  17.68190982319159, -12.64338763224119, 82.408439281063;
  3.035487032489179, 1.293883254424046, 14.79032266075129;
  2.999670049841229, 1.364595502601494, 14.60170029935789;
  3.053385935250506, 1.272056772157959, 14.61434097857041;
  15.86277652694941, -12.65741296443736, 72.05406265238689;
  16.58246031959969, -12.0442902592845, 74.48012013340609;
  15.26951035553302, -8.167191159128755, 68.46595498562438;
  15.88731087691472, -8.322825074066218, 70.42397392606969;
  16.91963048237648, -13.3206360662597, 74.04250341876109;
