m=[-3.625293291097204, -0.9143234511380817, 6.265947868883243;
  -1.637649223532491, 0.5436943894667743, 3.993661974497674;
  -2.196194018288975, 0.2686111084115032, 5.1035566778636;
  -3.566135173490658, -0.008789310322826607, 8.029645159295248;
  -3.475830842963122, -0.9123320718829537, 8.035735861819811;
  -1.439419691249959, 0.2837437979439935, 4.293253358263375;
  -3.673408323660317, -1.497387530693122, 11.30934960125485;
  -3.869696986599923, -2.641214363285803, 11.94546816876999;
  -3.820747462057101, -2.444150167418872, 11.82512096218267;
  -3.67437626514428, -2.461446503284935, 11.4777110717287;
  -5.094814288121053, -2.626387811086234, 15.85710613407037;
  -5.446018704938548, -2.576054333904814, 17.11032989660509;
  -5.226529108962524, -2.828871989231301, 16.86218890673522;
  -5.004843953061556, -2.680062661615422, 16.52801731184788;
  -4.834588360704764, -3.704889540302742, 16.26960738441599;
  -5.035253972763687, -2.643011915097343, 17.05077664186058;
  -4.993981887540756, -1.160281961023615, 16.93716809145911;
  -4.91934857922776, -1.249142093427623, 16.84789104807556;
  -4.859934430475556, -3.241196399309554, 16.75728201276575;
  -4.811476529165474, -2.244696725505309, 16.9709663040277;
  -4.648077781841287, -2.895069153393522, 16.65943794012915;
  -4.647984009536713, -3.070440917232393, 16.67749702721212;
  -4.763216674521358, -3.192380693776783, 17.20835120628187;
  -4.442117318884469, -3.660695427813667, 16.14988875862996;
  -4.303818193906746, -3.753602875251031, 16.66600540318386;
  -1.281642602895632, 0.4236188694440613, 5.728666294707689;
  -1.235246074201122, 0.4191388659730085, 5.687433377296206;
  -4.175756650565713, -3.996204727436964, 17.17055039695694;
  -1.217240884080945, 0.4226922122323325, 5.699070742297675;
  -1.287060046189001, 0.9366002962873005, 6.002479104181917;
  -1.329941929407722, 0.5145902047433393, 6.198194904056252;
  -1.27743383013843, 0.9651548343291908, 6.054645606096426;
  -3.858569056249602, -3.825276764671144, 16.39274723628514;
  -1.276905768837001, 0.770557105772022, 6.10886123311453;
  -3.935357602858295, -3.863440089839181, 16.89732784718395;
  -1.29995230336368, 0.6668714467059945, 6.226363194464712;
  -3.98663926344856, -3.155219531278718, 17.14572322080921;
  -3.866274784206908, -3.092311487437671, 17.02015428940851;
  -1.328984692243215, 0.6662258236425179, 6.510345132876301;
  -3.788809613707676, -3.487451617665915, 16.90964384743314;
  -3.680012091063115, -3.728252169802294, 16.48662444116524;
  -3.960701763667832, -3.173481143947568, 18.13917324700157;
  -3.679230681021394, -3.210834620842158, 16.96984286007191;
  -3.86759391082852, -3.040563081290266, 18.03110903078953;
  -3.713798335978074, -3.654719160001047, 17.78516454972954;
  -3.901136304571231, -1.265070261767169, 18.86053218861446;
  -3.977627116698737, -3.073175919702547, 19.23805197002479;
  -3.91264017300757, -2.224784090146661, 19.32917849955849;
  -3.41857913770214, -3.370831935430077, 16.9826201049764;
  -3.91996029845853, -3.113444826069348, 19.52470397124515;
  -4.133257767781103, -3.014716544111344, 20.44194313600236;
  -3.255849543975327, -3.164529358544356, 16.54258520761472;
  -3.545433772236734, -3.038983955102998, 18.04984423409846;
  -4.359523271927805, -5.073706299187972, 23.08493086124992;
  -4.634198609576168, -5.668281046963181, 24.92501422714204;
  -4.188412378690972, -5.291653096860189, 22.61581866263528;
  -4.234524062757554, -3.499808440312271, 23.03998980488834;
  -4.181256929651887, -3.241091984596533, 22.9207167645287;
  -1.919529136578046, 1.043591289376559, 11.06717754190426;
  -4.490909732506194, -5.239377201062112, 24.65304646440086;
  -4.050022346227104, -3.406063022596649, 22.55704534429015;
  -5.843991042597795, -6.133177738777321, 32.48503782232015;
  -4.373709277254505, -4.971487481299603, 24.80396227717975;
  -4.034450238212815, -4.327440962074193, 22.9207980413982;
  -3.822824759343231, -2.763359037875387, 21.96479357989266;
  -4.305309376823301, -3.905459885895499, 24.70203286725277;
  -4.188367296203231, -3.27295673482198, 24.27426835626253;
  -4.397425933407108, -5.455042878265532, 25.51730742534241;
  -4.159051125002615, -3.905775211736714, 24.31865237187506;
  -4.859354672318085, -4.913824029450155, 28.52762934962127;
  -3.849957195739275, -3.380733904833506, 22.87031450498257;
  -1.486808340068404, 0.8210926175538205, 9.451295588069334;
  -4.560099635620373, -5.339970419751296, 27.23333036807805;
  -4.269384356368442, -5.412706903526021, 25.66351821717042;
  -3.997908356238357, -5.250137775636384, 24.20774388159212;
  -4.508710701273744, -5.521357483947567, 27.26484819338152;
  -3.885856706588132, -3.864678040550956, 23.93310068331344;
  -4.245151266652043, -3.260880134719839, 26.298528122562;
  -4.01473135046791, -3.399150320366018, 24.94045024218963;
  -4.565396562483437, -5.198862131065441, 28.3501859678199;
  -4.500254446495774, -5.430659409576692, 28.32778386081203;
  -3.826816390852109, -4.00555253525821, 24.33062889399913;
  -4.347410053632254, -5.155040574770347, 27.84416679577637;
  -4.206643176340813, -4.775886592105664, 28.12934570538305;
  0.22458205192348, 1.059360538017844, 9.85810782320379;
  1.139372965379883, -5.884606517692206, 43.58267094232403;
  0.2584269101497067, 0.9963470346461621, 10.28897363756973;
  2.086068167193692, -8.092787646785281, 49.99809165872207;
  2.351202708260034, -8.139188614176376, 50.26154065499812;
  2.575436388061153, -7.951706841464849, 47.61075567228732;
  2.508437863629027, -5.268459674324497, 44.11090754697888;
  2.877050399940703, -6.181785448600803, 46.71544704673933;
  3.156676568513544, -6.100917376472266, 46.95815203535395;
  1.267616438516363, 0.4209801378491418, 18.04488607129939;
  4.036730273436602, -8.502750248986272, 51.07371135566675;
  3.181221349221612, -3.64394232633909, 38.8341223202444;
  3.0952872420033, -4.296119521988886, 37.1890327466989;
  4.346920010559665, -9.593465004325706, 51.07318139906051;
  3.517606039171842, -5.94511292521239, 40.96076571763647;
  3.349249219559856, -3.974600448150606, 38.27605637541471;
  1.583466178713082, 0.5013019680738331, 18.39587707700048;
  3.134143609235549, -6.075334505177522, 34.87456153012517;
  3.574229036789029, -2.668334253246419, 37.55944865154688;
  5.353638130242146, -9.671766332038493, 56.03571666464973;
  3.660918160660285, -3.657849703448814, 37.67472716442612;
  1.789065340526474, 0.424396341541154, 18.77312306246047;
  3.852673223188368, -5.441298250588858, 38.62951369752003;
  4.07097959624778, -6.011495607331148, 40.23402432067488;
  4.151391758376356, -6.436916861211858, 39.74818210163149;
  1.962537187835392, 0.290523852202269, 19.17372119268733;
  1.895860817968355, 0.4018398352976252, 18.41078520590143;
  4.070356597960299, -3.042697281544176, 37.03185624888275;
  4.218221921123809, -4.943838998239202, 38.27426690361387;
  4.278282910904102, -5.932840298660235, 38.71704433593398;
  4.362138966910989, -7.323306310083336, 39.32486372251096;
  4.43327013601641, -6.539695086562358, 39.65586778206888;
  4.281254438399772, -5.559902997999458, 38.11794791579499;
  4.096076632064244, -2.573014221759219, 35.419125260948;
  4.142092991537134, -1.989833441695068, 35.56544584230721;
  4.087105077618748, -3.574029208016775, 35.14621145587287;
  4.265017135899739, -2.211004601097389, 36.58112528137033;
  4.884841061687921, -7.932960668898497, 41.87498239428052;
  3.77460634471403, -4.099496272352941, 32.16908242260128;
  4.148394983456285, -2.918999343835895, 35.03523700845035;
  4.201300724068882, -1.745419605148648, 34.78728369366722;
  4.548736148814853, -2.748764668856361, 36.74604172654595;
  1.059026781800444, 0.4834390319471602, 9.289992419306726;
  4.746658696770369, -6.313525395331435, 37.75187224057262;
  5.203033795560804, -8.028008614233823, 40.76653074237771;
  4.946730398957375, -6.610472585327228, 38.56425124644307;
  5.02027739773061, -4.375854642309258, 38.63139072174788;
  4.726229563327188, -2.541593061365604, 36.19718781257497;
