m=[-12.96428508552138, -3.565516845167625, 16.51792081986139;
  -12.96545546408748, -3.56739652326397, 16.73749186375622;
  -12.52918112627932, -3.040392377824723, 16.30622492779617;
  -12.93551703789845, -3.372221600330243, 16.80092731741812;
  -12.62052761291283, -2.975566420349148, 16.43016186221503;
  -12.49725545694636, -2.879948003056125, 16.42077304130818;
  -12.51198434598634, -2.676632138554814, 16.47679745904273;
  -12.48120077757934, -2.412409093747364, 16.45367838501544;
  -12.46446253654024, -2.233921755905889, 16.48607859416801;
  -12.50918661726546, -1.81851225782464, 16.56103581592557;
  -12.50449184139264, -2.568334324324811, 16.56228123924064;
  -12.63068855147771, -2.173493738646815, 16.72938163252942;
  -12.47802180302625, -2.458495150726339, 16.59674868850745;
  -12.49675036712, -2.642597021046196, 16.62427437528231;
  -12.54716193232375, -2.327695898391917, 16.71077037105206;
  -12.36623396696514, -2.693936942401035, 16.49515427856846;
  -12.4570467072882, -2.540842338105179, 16.66483238849479;
  -6.345299382957702, 1.008807160655564, 8.994956799945175;
  -12.55983971593363, -2.371787275766493, 16.84223499718539;
  -12.34779020217259, -2.203604169719657, 16.63692396079338;
  -12.5638906552094, -2.083635824791823, 16.96432106079129;
  -12.34527662421098, -2.334320226479098, 16.75023944539031;
  -6.996450831132077, 0.7042790750432353, 9.931613076812775;
  -6.28857441581913, 1.070577463481933, 9.053762087242182;
  -12.57772053901784, -2.1064281524995, 17.23476911066398;
  -6.341674582832995, 0.8520321534859217, 9.199112558655342;
  -12.707065923448, -1.944617874483909, 17.43648828762419;
  -12.79226438202367, -2.246622909626105, 17.56982743857383;
  -12.52407222736903, -1.937998806157397, 17.41047733209139;
  -12.61742895742354, -1.841567601051028, 17.58977520850828;
  -12.52277536710189, -2.100821283991805, 17.47365353768489;
  -12.57331147985101, -2.351918096904333, 17.54854209375786;
  -6.429270670537291, 1.150928646750642, 9.486140924107827;
  -6.342856350438821, 1.051877275153525, 9.438082557787386;
  -12.55130853312067, -1.571574245544442, 17.70673807554359;
  -12.66769850742718, -0.7057469788509968, 17.94075072106728;
  -12.83755669903631, -0.8790227737377665, 18.19503756591139;
  -12.85630875417007, -0.8130430049792695, 18.31566796316427;
  -6.379433431752339, 1.075235276533695, 9.627699833114297;
  -6.414527349607522, 1.159437532485686, 9.771406478811368;
  -6.552434096731068, 0.860160200304858, 9.963103921254886;
  -6.496521680955593, 0.8110001749637318, 9.898121636214507;
  -6.464235239514938, 1.218842714105297, 9.859116566713679;
  -6.420288267692125, 1.258647188176478, 9.805008299676871;
  -6.411463924535947, 1.164210325637577, 9.868795030425765;
  -6.438472758777024, 1.127670068956069, 9.930242543710474;
  -7.416888941933316, 0.4289182270436122, 11.38936852403809;
  -7.006551642272884, 1.917854690129441, 10.94749756376422;
  -7.194229522540518, 0.369078945594119, 11.35900396656996;
  -7.149151271534451, 0.2464532459909799, 11.37473407166591;
  -7.030573918631181, 0.6608040150330536, 11.22254479590992;
  -6.79642203719798, 1.767351155973036, 10.90407094226422;
  -6.758666825876439, 0.4565565789589145, 10.88807406647272;
  -6.752090608767345, 1.630629807460619, 10.99354159765729;
  -6.919275746640228, 0.7497731676217787, 11.28196892430183;
  -6.67250839402936, 1.76270023382254, 10.99889604462175;
  -6.668144904688696, 1.455900789804604, 10.99581616654466;
  -6.687051148255943, 1.575089560170403, 11.02986739961286;
  -6.614622345655196, 1.641057309036695, 10.99685557011195;
  -6.557021173039153, 1.42886399869516, 10.98155962161451;
  -6.439552753962371, 1.551340641970775, 10.88748663205973;
  -6.50675873145855, 1.714304731410088, 11.01040653492963;
  -6.494789723958565, 1.778709082716966, 11.0248681308931;
  -6.465386368391267, 1.402151354564653, 11.0254555536347;
  -6.399864836972887, 1.681375861662607, 10.97884304739005;
  -6.402678830554434, 1.476953554402162, 10.99929845775088;
  -6.320675156146725, 1.602094972501328, 10.97391121802445;
  -5.007556197641378, 1.924114603204093, 8.939762066639645;
  -6.298648112887, 1.405055034051358, 10.99934307281017;
  -12.62090647692352, 0.1734334219233866, 21.48024575999332;
  -12.40736403630681, -0.2148948008596903, 21.15345980566208;
  -8.106300770816423, -2.004118199049614, 14.22007816280436;
  -7.951014771228051, -1.168336191961716, 13.98082349744366;
  -12.47797050047529, 0.003992680086800995, 21.52408101040599;
  -12.45092215303881, 0.2153513765847241, 21.49327793539638;
  -12.27130275041841, -0.1047695740914933, 21.22830827494092;
  -7.850345279744363, -2.19498765856609, 13.99013398559895;
  -8.512736837915218, -1.623455248049669, 15.13371283204725;
  -8.552910899213361, -1.461589469564473, 15.21818580800885;
  -5.992598994619365, 1.533702807446495, 10.97717354550877;
  -12.40277500943516, 0.03871719724126442, 22.00272459184041;
  -8.270756539125918, -1.629864376355545, 15.05050946027581;
  -8.369665037572196, -2.177456463770435, 15.45518762424645;
  -12.54634644127822, -0.05531738760321336, 22.70062604742843;
  -12.47642787282827, 0.1682213484040865, 22.61229641160819;
  -12.9899893311485, -0.2545169581231944, 23.56273751664936;
  -8.643086608129472, -1.570207118284583, 16.03907147440246;
  -8.186469058282567, -2.199223004995802, 15.29709443055598;
  -7.392297056257172, 0.5268956973307293, 13.92080862394006;
  -8.168291447316836, -2.321464307997489, 15.42967925013056;
  -9.129649825454147, -3.169146232271969, 17.17991438871836;
  -8.557928998759758, -1.607452931987964, 16.1732345305187;
  -7.963693945696042, -1.283209808545701, 15.12359357495178;
  -8.929201817904117, -2.872031234712488, 16.89241027956381;
  -5.708224982507476, 1.053466848761108, 11.18660279071205;
  -8.658183845745644, -1.961579059949554, 16.48220040752051;
  -12.73281562803174, -0.2004808566541646, 23.86121916010605;
  -8.575329627337823, -2.106009911747651, 16.47473319293255;
  -8.98023742829719, -3.091824710633556, 17.26588213896282;
  -8.546539183304242, -1.995514536922159, 16.50448851055838;
  -8.509207073816045, -2.216126582494117, 16.49344171781088;
  -8.451751309951161, -1.851690100981883, 16.38884885236042;
  -5.636025895658062, 1.004446722211474, 11.298692281306;
  -5.577703570646813, 0.9474363088103291, 11.1942562027075;
  -5.386038183590652, 2.05783513200938, 10.86775683977377;
  -5.533214087674138, 1.107030228942781, 11.1533357948597;
  -8.423071785181342, -2.231610439505918, 16.4961143428898;
  -12.57630561712619, 0.09302199954207115, 24.23372751860798;
  -5.503396530177684, 1.001033153219756, 11.17314746673899;
  -5.500978367338482, 0.9512734070293916, 11.23744797252397;
  -5.423514241326284, 1.044135456399245, 11.10257438938498;
  -5.539436728893208, 0.9045073449129922, 11.32822304463692;
  -5.509579615459995, 1.006269068010478, 11.30892497811276;
  -5.469336882455186, 1.095766497923297, 11.25599615540659;
  -5.395682506437584, 1.077056318342152, 11.30510008185398;
  -5.450254644954763, 1.045963278934175, 11.56990586629032;
  -5.472742531775094, 1.022345968900261, 11.67961028077899;
  -5.417707148199916, 0.965548531754478, 11.64575676349335;
  -13.47489697432436, 0.6162740180734291, 27.96509832363868;
  -7.37366980335286, -3.506219689660404, 16.04552484848634;
  -5.110000565681781, 1.89981302168412, 11.45702348218728;
  -5.51271976025891, 0.9735169541673727, 12.30212181679998;
  -12.73508811761581, 0.4020049863517183, 27.15728101878544;
  -12.32261383405852, -1.972060784823123, 26.41776516082474;
  -5.715933065360953, 0.8612835159217571, 12.79250145005234;
  -13.00410175288752, 0.1883058489655047, 27.94231871965533;
  -12.53984969912289, 0.4252411961108958, 27.01212551683911;
  -5.49288287172057, 1.042496177279076, 12.48331229133619;
  -12.67927041216894, -0.3505075455555868, 27.58620342953802;
  -12.57489481801459, -2.125180291644793, 27.42044553084855;
  -12.62262568385003, 0.625415619051788, 27.59370421683238;
  -5.610171242543855, 1.875858789954228, 12.84980956639478;
