m=[-6.312332697288897, -0.432222760639726, 8.94665030490763;
  -6.334546998679844, -0.4006016987822056, 9.024476756382041;
  -3.517630841193665, 0.3306223090984062, 5.615013816461822;
  -3.333531883756639, 0.8806309537520627, 5.494960588386794;
  -3.339951398762318, 0.7867029073105137, 5.509038323881812;
  -3.305851396679412, 0.8201664907858842, 5.496000897075463;
  -3.281709204903885, 0.715129021750633, 5.496136788856751;
  -3.251185343079745, 0.8565743170076603, 5.501490653809514;
  -3.253214446985321, 0.7625075836217047, 5.506626373589834;
  -3.1867012818695, 0.7819354571278948, 5.426479419953664;
  -3.244802691315578, 0.888644631153619, 5.508033870682016;
  -3.226417693374655, 0.6997147086636201, 5.502026151085869;
  -3.203893774955621, 0.8417286604898793, 5.496217153296231;
  -3.196162255246339, 0.7372825231846489, 5.490755275289729;
  -3.167049116685884, 0.8027486529778312, 5.498608134581193;
  -4.082434072582981, -0.9292273103825669, 6.975466000684209;
  -2.967645225773905, 0.9203421624007661, 5.415401033049569;
  -6.256459816939921, -0.01605965053061992, 10.61769876708561;
  -6.162829529312271, -0.1067398377736315, 10.5070800176392;
  -6.157892582380157, -0.2556316528365589, 10.60071607479991;
  -6.149715055933246, 0.001967775516249992, 10.60805241122975;
  -6.130792530751247, 0.1060382993986028, 10.58321835186547;
  -6.138520689585888, -0.05240928459513437, 10.61911780688396;
  -6.092175275476355, -0.1380365196043798, 10.60668251574834;
  -6.09391954384173, -0.1380760412404992, 10.60971934577;
  -2.858303413787737, 0.5275068693601794, 5.601514488893535;
  -6.154997095334347, 0.01921378372002913, 10.91906495515691;
  -2.768731433993409, 0.5330364281983864, 5.667920345060822;
  -2.749782526624285, 0.5509113141147702, 5.659103144144419;
  -5.957589223290896, -0.2389964350213419, 11.06374166975456;
  -6.194627476732971, 0.04581922957718577, 11.9366464938638;
  -6.282934360534558, -1.738775234865679, 12.80313032948751;
  -2.816324704577638, 0.4243671183337686, 6.303054541603974;
  -6.223674584049266, 0.1964610054607664, 13.27184218024406;
  -6.254628524473898, 0.09057012599915994, 13.43951524103465;
  -6.157541115355459, -0.1702199379649997, 13.39692082526403;
  -6.077673161300115, -0.1993898961410102, 13.35850517693813;
  -6.099581434397273, -0.1179262603840731, 13.46385622246585;
  -6.171576336884693, -0.3135462166414613, 13.61326974447239;
  -6.118396175082869, -0.208468865615947, 13.57324520660376;
  -2.735309977797041, 0.8892056252042182, 6.654160390281993;
  -6.120560126653041, 0.1272272396615622, 13.69184280086851;
  -6.38705806217012, -1.203556424945575, 14.26387271311984;
  -6.143405991322623, -0.01563525604830534, 13.81636251305336;
  -6.102412241355698, 0.08044666375155653, 13.75106978644771;
  -6.012992692777933, -0.8540984303347076, 13.60438842320511;
  -3.299668274644769, 0.6021578419933902, 7.929729534300621;
  -6.408590922285164, -1.045668073426919, 14.49816448944175;
  -3.273120626029414, 0.3216961943723253, 7.91349988297034;
  -3.299558335920421, 0.567838409029847, 7.981627337026822;
  -3.275820741294016, 0.4236864492777587, 7.962443894742838;
  -3.272346193803741, 0.480103012550697, 7.957753551090708;
  -3.707358969455985, -1.713898099754229, 8.910267665727185;
  -3.265358357369956, 0.5977122104189008, 7.977086664182187;
  -3.222897461266645, 0.5421979735635278, 7.985945058344132;
  -6.49980336852165, 0.1332575397292669, 15.25581282695211;
  -6.486167084918543, 0.180178864987393, 15.25803739755517;
  -6.419973836861604, -0.4713014888161946, 15.15735244496577;
  -2.643696403409558, 0.9267216285143161, 6.85056523530997;
  -6.427564410066132, 0.2636423832548023, 15.23576893499766;
  -6.4121675529137, -0.1656433663150631, 15.21721481823639;
  -6.395436718133593, 0.1057936515939635, 15.28105770507952;
  -4.792110562176217, -1.662404662807951, 11.75595038571379;
  -6.375316983124936, -0.006888402125242856, 15.34587195939781;
  -6.319954187398137, 0.1909475653022873, 15.25820827470152;
  -6.329579330268478, 0.1111267096696478, 15.38052505598936;
  -4.630849213115146, -1.943525986654238, 11.5361408051022;
  -4.584446753419516, -1.731915867058713, 11.45779538147405;
  -6.260473449283346, -0.01444355707114202, 15.26698824576151;
  -3.449426749660126, 0.4097127307080795, 8.872928243819157;
  -3.375332246611018, 0.8216735832161612, 8.764584451693638;
  -6.197725366039623, 0.2093761867194742, 15.31501432298989;
  -4.632414519417614, -1.953383231643413, 11.71308694872481;
  -4.438687691278139, -1.752442851496814, 11.27364148369883;
  -4.549469309186794, -1.875068381302284, 11.54239390163279;
  -3.615352703544708, -1.939012738611515, 9.426613558033976;
  -7.457740202084924, -0.6104799014092839, 18.36978525599146;
  -6.105172392232262, 0.1338660420373525, 15.29292151341352;
  -5.064141980650543, -0.8754155254124116, 13.04405680961528;
  -2.519455780304478, 0.9371340042892641, 7.009238272168579;
  -6.015242093288387, -0.1796700254068344, 15.3726745985853;
  -7.309844978603572, -1.588393824295215, 18.50616186534063;
  -3.237218624770896, 0.7468003724458511, 8.822535935307904;
  -6.07527143871558, -0.2471183111657452, 15.71053521068951;
  -2.545111003020542, 0.9176522456154143, 7.18318020235693;
  -4.784303151108055, -0.7271868621396259, 12.61124602882277;
  -2.587965011891223, 0.8132399394312302, 7.298996286550768;
  -6.079228202907761, -0.4199837045281487, 15.78206309598855;
  -6.311697454387629, 0.08651410320848366, 16.52172725199344;
  -4.113978297523542, -1.771071891245746, 11.14761256570828;
  -5.964108526313583, -0.2407029184426571, 15.88581937693712;
  -3.951917333280704, -1.880516305499763, 10.90792452842321;
  -4.177730320356933, -1.733171389683048, 11.49354453720009;
  -4.735627115353934, -0.6258533260866545, 12.93332053984144;
  -4.910935115792656, -0.2598778342962282, 13.37199507838469;
  -4.746753682912882, -0.5408478479770574, 13.04581258874791;
  -4.598661633919257, -0.4459752393468366, 12.71997248395732;
  -4.709718004869496, -0.7247870575430785, 13.04962673771039;
  -4.77971386915466, -1.356572764034856, 13.23974393776257;
  -2.526966348658711, 0.9290879551432506, 7.482921915772494;
  -3.982904061657699, -1.969853944604026, 11.22353803473134;
  -4.729075154521954, -1.037554990181786, 13.1310421055558;
  -4.125857476156432, -1.829614580213412, 11.62122522477195;
  -4.690220680400159, -0.9616139278478083, 13.07713510517521;
  -4.675731448546641, -0.8596622170919357, 13.05097192491406;
  -4.542404253178467, -1.447182312227845, 12.7817670270461;
  -4.662758538930833, -1.037337141535716, 13.14013504036766;
  -4.702990397581201, -1.12439024290049, 13.28928506397199;
  -4.489021917120657, -0.924760710646002, 12.8125933752692;
  -4.477585197418923, -0.4954642090086792, 12.78978987583732;
  -4.472361618514433, -1.368988499573655, 12.86574248944068;
  -4.338533272738443, -1.009419737348556, 12.53476259101996;
  -4.45241034602355, -0.5183727014127015, 12.87554292002754;
  -4.514508313777441, 0.05976201817903471, 13.04304371766413;
  -4.460959702278486, -0.1694899693654429, 12.9122516677075;
  -3.856607125842078, -2.154365878979724, 11.30897553955876;
  -4.409808109560337, -1.229528075968348, 12.83549349585523;
  -4.512364842892374, -1.17002801931012, 13.10060645540123;
  -3.867415210920751, -2.221334499317552, 11.36711633892275;
  -4.332721194374544, -0.7548984027252771, 12.64593716357823;
  -4.482030775917829, -0.006616463702240656, 13.04380790141667;
  -4.401378232762241, -0.6040788770486434, 12.84405579991309;
  -4.390188167555087, -0.3364619267843929, 12.83030013381436;
  -4.435560055450234, -0.1526985519993362, 13.04141248874392;
  -4.224007706728911, -0.8163844196459772, 12.4745854660058;
  -3.951855915669626, -1.76541569904032, 11.75747727021923;
  -3.811873978753421, -1.770849926937562, 11.4489764574703;
  -4.335767610301253, 0.03165798659687643, 12.92362275441174;
  -3.809861465462979, -1.742527366484789, 11.5434775866699;
  -4.298303471170295, 0.008955564976170012, 12.9279961974253;
