m=[-7.541954505298292, -2.036042561681802, 11.81875894260412;
  -3.670256710362862, 1.017708666468689, 7.274748607745254;
  -2.814514641632861, 1.193063598038681, 5.917620990385396;
  -3.481195866066873, 1.05247694496654, 7.298516430544985;
  -3.437107136146651, 1.093242241166899, 7.279252076349132;
  -3.411524624830399, 1.040866685545439, 7.260184630445786;
  -3.432863482222962, 1.016647171527169, 7.303918529554937;
  -3.400540440339868, 1.104075941980086, 7.339797799597948;
  -4.53100784932409, 0.5116657018848871, 9.605337803812644;
  -7.089218424869027, -1.96376623828428, 15.50758276464021;
  -7.682805980089928, -2.163644635408248, 17.9281991393588;
  -2.940354177789629, 0.6985183167667557, 7.749259957185831;
  -2.978576479370325, 0.5595703080744113, 7.973361830728691;
  -8.107927586161935, -5.388168558576672, 23.63137776022799;
  -2.61142943113255, 1.637841079154519, 8.292861080866363;
  -7.303446118743241, -0.4206722431332103, 21.70511557318453;
  -7.925993066565679, -5.535443055025546, 23.62509466507986;
  -10.37886132317366, -5.505176378783975, 30.54864049341141;
  -8.043885911139437, -5.265928621739216, 24.00464813425183;
  -3.053580642644506, 0.3120703056712911, 9.861598833683006;
  -9.459979939541087, -7.788914647928279, 31.58610871806533;
  -2.85081547521858, 0.774664547500913, 11.27655437384428;
  -2.825183916171238, 0.7661171094536361, 11.34233575113976;
  -2.734439579912063, 0.8585525270279357, 11.3529883442366;
  -2.631742973559172, 0.8548991507352036, 11.26623128328959;
  -2.603048595422487, 0.8630045880760168, 11.32724941050183;
  -2.777237614238238, 1.693096399506989, 12.03497001134356;
  -2.693687598906257, 1.931693172431324, 11.72236957404628;
  -2.691036927574638, 1.770542023916243, 11.74311221525019;
  -2.771434071021154, 1.025382616820606, 12.10682673043029;
  -2.752654417559467, 1.409849397750144, 12.09606388963851;
  -2.828884634642662, 1.199967737691322, 12.44042502917541;
  -2.695106960249443, 1.030195251205471, 11.98037041190908;
  -2.693746984965622, 1.593265796585303, 12.05521643954277;
  -2.782503582631579, 1.394479041637081, 12.48573721518846;
  -2.658948069083501, 1.92443887066159, 12.01581230393813;
  -2.705879580561696, 1.763298611721081, 12.28078875606;
  -2.655933181498076, 1.451778186672696, 12.34002212354333;
  -4.337194680403718, 2.046092986726475, 21.42214123690597;
  1.784683629344466, 0.9604807892661887, 17.20463112324881;
  1.809857085153857, 0.7407774049518034, 14.71518574247121;
  2.16498945690481, 0.4558053112673848, 16.76673073284129;
  1.914051270873147, 0.8333416725644859, 14.61063850781285;
  1.973231578185502, 0.7842665980677948, 14.82903848048589;
  1.858286188105738, 1.116912400398886, 13.89646606981115;
  1.939935803989478, 1.000925200698698, 14.37271059467305;
  1.937788891667136, 1.630311042572723, 14.1150253152625;
  2.339344286908406, 0.5486334629450792, 16.75168416404756;
  2.011631913432631, 1.116498202425668, 14.53504464794157;
  2.321362024410909, 0.2736736129414552, 15.72634447408629;
  2.021719606340963, 0.6984198509050847, 13.82270494277465;
  2.15328803071351, 0.6197852091857818, 14.34335568335722;
  2.07441398682566, 0.9869542719015855, 13.51286158661391;
  2.13372338762189, 0.836831883222959, 13.35043566941197;
  2.16512328529195, 0.7636088572285765, 13.05466555135427;
  2.251114349163982, 1.101713914440981, 13.37013579467292;
  2.493837212433393, 0.4419504000897689, 14.45937332134791;
  2.386712655167074, 0.9813034942477941, 13.37732178590797;
  2.442522885195154, 0.9213048003615388, 13.30317249924841;
  2.488399838578248, 0.8260201894085091, 13.30782000833544;
  2.501993737913044, 0.7998856296468271, 13.27934569981811;
  2.712669269733984, 1.213593019119564, 13.38095546756501;
  2.866617500109555, 1.186831267079545, 13.21661540974544;
  2.916574336075251, 0.9243641508401665, 13.27237511209592;
  2.961694331711749, 1.190482885496594, 13.29074180419249;
  2.969494559532908, 1.272971132852579, 13.29106130915348;
  2.989361056520241, 1.171880265300082, 13.16307000086271;
  3.11571848826209, 0.7260525792048586, 13.54352487116179;
  3.071258183459233, 1.88812690910538, 13.36002119429049;
  3.169342823338977, 0.6856441483658983, 13.74714304143511;
  3.152474796964206, 1.74456878173827, 13.16324739042197;
  3.221625573944567, 1.844692360732037, 13.16427606460565;
  3.322000982013122, 1.898444880338053, 13.41133103304165;
  3.431295300964317, 0.07636651057206587, 13.74809871526688;
  3.328414698648299, 2.046696265123469, 13.2237837854405;
  2.966230730792699, 2.047728260586507, 11.84781071324092;
  3.227477576001313, 0.6945765160633267, 12.78900707659162;
  3.330654654589401, 1.907443087561094, 13.04492866067216;
  3.305417285271096, 1.865921698433293, 12.88105081111439;
  3.120468903109366, 2.053965645083802, 12.17735935359265;
  3.190253749963641, 2.026730660309631, 12.41442472814243;
  3.483975646347134, 1.224351349054572, 13.40387039945748;
  3.774738898183104, 0.5648371807244363, 14.16560334181114;
  3.402118978861526, 0.7070222949678466, 12.84905040522862;
  3.733611052669001, 0.6604622450488542, 13.9606975917338;
  3.586882608607175, 1.337682459894859, 13.38573725777052;
  3.164313499630629, 2.096771416299645, 11.63148120259566;
  3.717155779000269, 0.6610365069949323, 13.45088032104617;
  3.926292521992831, 1.750792233078069, 14.02944324646928;
  12.38234849952702, -4.915040066119996, 41.75130163436101;
  12.64963722930178, -4.885702809188788, 42.14717225439159;
  12.45671681785158, -2.785040371673929, 41.4224604871565;
  12.46355249044818, -1.248669871834392, 41.06502744566122;
  12.08085641524127, -4.546506554232201, 39.59134286355547;
  3.858542988342149, 1.923225194926768, 13.21304802351573;
  12.11090146863941, -6.270927031049937, 39.43045823036314;
  3.137107848106507, 2.071245818195006, 10.93737925707539;
  3.942229288248333, 1.899931816135866, 13.08015643907405;
  3.041241885432052, 2.096646111656805, 10.3200987324238;
  13.76565005433544, -9.683999832090994, 43.21971253734711;
  12.35452918992476, -0.9492098641513741, 37.33399723917729;
  12.25209864204129, -4.650036933113135, 36.93458816302991;
  12.02208521271083, -2.623509479542145, 36.21180093538947;
  3.379844243737335, 1.938611834510142, 10.83707776530975;
  12.20201410944725, -2.551991984546491, 36.46884296965829;
  12.46166791193693, -1.054056484991244, 36.85911895581466;
  12.32888776857423, -5.524471099463348, 36.49994925945927;
  3.350792379024646, 1.995250159357085, 10.54955364447917;
  12.24668315752706, -2.679760868077943, 35.85019714911927;
  11.99794428288074, -0.8702463871589655, 35.10585951419317;
  12.01279917732767, -4.446943660068214, 35.02238953780473;
  3.385058001308147, 1.947227332922872, 10.49307219367679;
  13.93683271526395, -1.26907590041047, 39.48028787889988;
  13.17888074675107, -8.561812395831622, 37.2741507727991;
  9.611987294209794, -0.3625079496489355, 27.25761186045614;
  3.390257484227293, 1.945227040860293, 9.991424998932967;
  12.18406764711792, -4.448729913421407, 32.9573635757024;
  12.32914489156258, -4.591940846540148, 32.98576932897798;
  11.65171011396811, -2.60427265488798, 31.03747009130625;
  12.41778239365319, -5.538298455171014, 32.94197484567807;
  12.22155829530546, -6.036130788405583, 32.21681190536459;
  12.37925657747766, -4.76784284524603, 32.57433484961187;
  12.08951391367119, -1.125033802961254, 31.60059871976255;
  10.49941234271542, -2.098555435093666, 27.40086072482969;
  3.370916797324333, 1.945115671586318, 9.445356645693909;
  12.06375828420755, -5.940132413939979, 30.58437295907098;
  12.2160287592678, -5.652220684593869, 30.79492929122166;
  11.322174499649, -6.388092367447215, 28.57148840124144;
  12.13716258106636, -4.398929086200798, 30.48704105339054;
  11.12106456976582, 6.555087142606991, 26.939936330803;
  12.0738367419269, -5.174253805411965, 29.07474875976515;
  11.76954096436477, -6.611542967262203, 28.19993520355952;
  13.71992705683309, -7.319244821583052, 31.56260127085941;
  13.78232412919529, -5.23511491507283, 28.55495615418541;
