m=[-3.587812617235164, -0.05342051029008491, 7.648702668134533;
  -3.541174402040328, -0.9809316511124139, 7.746277774574319;
  -1.423038135587662, 0.2673390773906738, 3.809335779205719;
  -3.693117039353635, -0.08064936840410013, 8.933093989580675;
  -3.945103761956392, -2.621740737642477, 11.49840527204557;
  -3.878993279149932, -2.709054402045424, 11.56215790948627;
  -5.55571124517243, -2.793555136671454, 16.80303045857205;
  -5.459469058556674, -2.706206090113971, 16.82039293454509;
  -5.294677530904195, -2.996047445574654, 16.74336616989546;
  -5.285858487750571, -3.224144757174742, 16.71598935370472;
  -5.02124268740225, -2.761145907561168, 16.67464863456362;
  -5.048705674958509, -1.29013880864613, 16.82043855895524;
  -5.000020967704764, -1.381497247621805, 16.79341527401858;
  -1.865536310290589, 0.6898950325922112, 6.923859847118086;
  -4.881118650952148, -3.388877015204034, 16.50468704221483;
  -4.781261116349286, -2.353877473088413, 16.55636261384235;
  -1.351851438497387, 0.3665872903155747, 5.427311409120048;
  -4.716206024615308, -3.069484259348762, 16.5741428217264;
  -4.680439951407761, -3.225976726305389, 16.47817990946293;
  -1.305664042350878, 0.4099491432339149, 5.420923820439676;
  -1.232295123146281, 0.4085503232667593, 5.362371732809489;
  -1.298109012177951, 1.016910811508722, 5.707714404503254;
  -1.259952033549006, 0.4816122776769972, 5.600776624374908;
  -1.283590708160483, 0.7592031410303014, 5.744401346163577;
  -1.307279955162186, 0.6551562091078552, 5.866067554673691;
  -1.211705689384145, 1.026847456262413, 5.552978096287626;
  -4.341727277752749, 0.0646980147069669, 17.97828678437833;
  -3.868349842476777, 0.8106276040214666, 16.23115258632089;
  -3.954674480756498, -3.270613265258751, 16.76140950481204;
  -3.886205238320958, -3.251246456829947, 16.8378952494345;
  -3.37180891217789, -3.229736832567361, 14.82604701572915;
  -3.552350320709302, -3.824811413424471, 16.35446549548901;
  -2.115639173222159, 0.9980632168373687, 10.44950123633311;
  -3.718603149769827, -3.81780690189443, 17.553247284749;
  -1.849079645997049, 0.8845571617442535, 10.11269589371782;
  -2.034026922952458, 1.032910931031677, 11.06351815582123;
  -1.97265635637167, 1.031139698074852, 11.07202030352007;
  -2.316518599088804, 1.008861652089945, 14.0873768812971;
  -2.202963486239769, 0.9476647988008197, 15.92604523740139;
  -1.487148882672982, 1.012434700373679, 11.03379033510764;
  -1.958882796864456, 0.9815284698885041, 14.58379039586819;
  0.3781070534606982, 0.6144689690114185, 17.8930711203549;
  0.3696341745084958, 0.7195014606461422, 16.99585432473879;
  0.2469291628275635, 0.9953901537383142, 9.194414107177916;
  0.3663745132534769, 0.7485905986469168, 12.23922923928546;
  0.2647130078323894, 0.8748868862303755, 9.045706057014638;
  0.4459289775642222, 0.9703359562730177, 11.83565008536468;
  0.8780359828811384, 0.1214194966176809, 16.53027973789883;
  1.038709652379196, 0.09863910605733485, 16.6838944183362;
  1.049655376315675, 0.2073109368997795, 16.51598948176746;
  1.158435099497049, 0.3369443593884995, 17.2579789083467;
  1.235006019858159, 0.3064785210737762, 16.40355788642825;
  1.297369352172363, 0.3991843196279368, 16.78916952445184;
  1.261059530662389, 0.04143847133593371, 16.01678359360584;
  1.485527718888853, 0.2231336667046772, 16.71993193901414;
  1.668812511611738, 0.2964261200467797, 16.56781935494335;
  1.878760995230558, 0.2953987165729818, 17.24693031304637;
  0.896371323106095, 0.4824089949257592, 8.641160657232794;
  4.696491680087924, -2.665658831233381, 34.7325013238098;
  4.541380621095279, -3.628062753603438, 33.15577000385994;
  4.104294235269808, -1.580937881451358, 29.27878182607035;
  4.770579720448184, -2.555922409688533, 32.60670400401835;
  4.525781976053549, -1.57587287314199, 30.95617566474439;
  5.078802212560866, -2.414422615605766, 34.46515746359273;
  0.9751977093563643, 0.424582613100727, 7.444033199044481;
  5.317829698578399, -4.986347449940275, 35.91006407224537;
  6.519649082919805, -9.155238455724495, 43.93455835319925;
  5.225021908949056, -5.663016066973365, 35.16651172494897;
  5.143629553436675, -1.379941514678929, 33.92376661925762;
  5.188046411148049, -2.414740058654532, 33.98066057475553;
  0.99351567334358, 0.5126122589694308, 7.360817412036615;
  5.708645871230297, -8.495003793002404, 37.48042202519157;
  5.636556526876168, -6.195792603456186, 36.83510308486413;
  1.168384302855245, 0.2740147013474822, 8.366620053830621;
  0.9838450831685205, 0.8277338724398268, 7.166414419515441;
  4.849604696497073, -2.529658424895773, 31.13248467385279;
  5.123331175686301, -1.864711880581448, 32.54692326341378;
  5.305701887443443, -1.432753626389959, 33.62863214858174;
  5.245857517060883, -1.688872441404833, 33.18820830904885;
  5.434943564043715, -3.605684588540736, 34.43165338798544;
  5.324729782772382, -2.923778060687684, 32.9344401817892;
  5.583134500969813, -3.227384534241581, 34.45632393302306;
  5.475327707789476, -3.399075790825255, 33.66022698945117;
  6.055097861322373, -6.344830236817892, 37.05355664592398;
  5.733823982926785, -6.174215490017356, 35.11417232618612;
  5.855493926707644, -6.690511109467742, 35.72981156742994;
  6.045274207407862, -5.689499081522119, 36.81785142358748;
  5.82534199107061, -1.785641984397023, 34.84595255698696;
  5.969434424960542, -3.732490390182397, 35.71412249887178;
  5.667006310139541, -2.752476095352516, 33.78406581938743;
  6.266624690925953, -6.215250326082348, 36.72901284873601;
  5.670225193962387, -4.792377714081212, 33.01410689660506;
  6.931770350478149, -8.207513767529356, 39.47495776795401;
  1.051358262496657, 0.5002099557079928, 6.848613039290219;
  6.442883447443718, -5.957596316985516, 36.00824477447233;
  1.100723791733567, 0.4316964274227404, 6.887088671652261;
  3.023574513939902, -2.308299803909003, 17.07431891381347;
  6.965430523489663, -6.256357403397995, 36.86228209275829;
  7.40060018784116, -8.58044787793007, 39.01163141102055;
  7.415152954887144, -9.41477131965871, 39.11097914234198;
  7.479059452735042, -9.140235590077987, 39.39433163597474;
  7.687504408430416, -7.433112548186536, 39.86051462534783;
  1.145492039737245, 0.5606132445153603, 6.803467859680985;
  7.508736638949505, -7.634851767144594, 38.03757882314261;
  7.559754558430745, -6.026673888910831, 38.21072658511056;
  7.592755049748521, -7.92536345728151, 38.2986668157177;
  1.206024550008647, 0.3715929821027119, 6.890656083552494;
  7.970805350329056, -7.464691853119773, 39.4758405586816;
  7.769667575396065, -8.598665482832615, 38.57442322448527;
  7.706399633741464, -6.998192034459456, 38.13747470103065;
  1.22119273577413, 0.5020967631653546, 6.844681597383269;
  7.774954598588453, -8.348821228565333, 37.96319753755547;
  7.757812116938659, -7.683504873307716, 37.72259050407318;
  5.391385291233812, -4.132358779757136, 26.35825092217728;
  5.376470370592873, -2.504653994717125, 26.2660776596858;
  6.644029233744128, -5.707520507618233, 32.22486057544369;
  5.377901716262538, -1.505730391862452, 26.04577085054811;
  8.000426822797683, -8.572604331688996, 38.30688176623816;
  8.051917133367519, -7.420669705002346, 38.48612890370839;
  1.23999331772896, 0.4677179497332101, 6.753609189764342;
  8.089491395380845, -7.553104416151951, 38.32772504167985;
  8.505697779999457, -8.51567701247334, 39.99669074224123;
  5.401679191231285, -2.896712001650045, 25.53612667512049;
  1.270016904143147, 0.421579999905366, 6.791977762519434;
  8.080989146554344, -7.210538882583498, 37.65133693036231;
  6.250878784140684, -4.665462791343681, 29.3321278506376;
  1.2941807930249, 0.4137486848264567, 6.868871767431935;
  1.409032609462547, 0.4047749451407324, 7.380617668365998;
  5.63990684349726, -1.547239080399332, 26.36861628975158;
  6.227946082154717, -4.541373881391807, 28.15382811640066;
  8.518287742736582, -7.262033900035838, 37.95368085918473;
  9.163270722088807, -7.980206306536021, 40.41531529313775;
  5.803086681433983, -1.51234006347759, 25.66990607180139;
