m=[-3.765238702500123, 0.99716733007555, 6.061288885276073;
  -3.633967149361329, 0.861297342789958, 6.13773205327182;
  -3.541418637839681, 0.9952125772469416, 6.075143759523925;
  -3.461256977801363, 1.029951410312566, 6.090251946084896;
  -3.350753415858343, 1.027280747429719, 6.083515921162785;
  -3.32667570745126, 1.072885547624364, 6.098491980157828;
  -3.298370678491503, 0.991489210436782, 6.078417003048487;
  -3.250017514857867, 1.069822934926354, 6.08017675045943;
  -3.246011762575845, 1.002876700578448, 6.094706831272094;
  -7.125502832084638, -1.985193339751558, 14.67987755600517;
  -2.901667475064354, 0.4448326045239314, 8.055025395431807;
  -7.985056288156816, -5.249720045261094, 22.39330550031631;
  -7.320444497912561, -0.4152080518777414, 20.89929872974247;
  -7.398426977225499, -3.107435716828047, 21.13794974598864;
  -7.848252689142585, -5.44627235411645, 22.52561659210025;
  -7.972570795550149, -5.187302782372671, 22.93183654499914;
  -7.654941813841554, 0.5874760828289413, 26.60987186578606;
  -7.741556193575351, 0.7146776465671637, 27.4509742157994;
  -2.61402079654334, 0.8435671004900007, 9.966586600175152;
  -2.448960582730726, 0.8315577117734242, 9.782913612072079;
  -2.628071240222722, 1.585748440194612, 10.58810514603438;
  -2.369031631850736, 0.8436166960791212, 9.725760787650835;
  -2.424801682584232, 0.9572075404976462, 9.962237496179244;
  -2.567800385412178, 1.550709633071235, 10.61776136390258;
  -2.579020834872963, 1.316668420828233, 10.71871390753268;
  -2.525846432771581, 1.863113974001277, 10.54378992190246;
  -2.522792166337945, 1.805454391913575, 10.58188041058857;
  -2.598576236330874, 1.724961841785197, 10.9115749928133;
  -2.599502162718377, 1.449415084539239, 11.17973525521298;
  -5.65932225109627, 2.123755558716072, 26.02656075163616;
  -4.207857811225882, 2.132342741146726, 19.62444075461078;
  -4.341949077386246, 2.084204957053918, 20.61992609440993;
  -4.138978653563121, 2.091743241427789, 20.54684989113073;
  -3.976197660047312, 2.156529616662217, 20.01037479334638;
  -4.481971490491685, 2.181443979615799, 23.37460126182332;
  -4.221390098515904, 2.182238473126279, 22.14418959569734;
  -4.165039888784194, 2.22125345846599, 22.54835909539928;
  -4.242269713257664, 2.037448069661814, 23.92651852243787;
  -3.789090102963125, 2.03793405538819, 22.28266984261373;
  0.5531740092134205, 2.088447702924184, 17.98584351060568;
  0.561161911357155, 1.760162380741387, 16.95601536838647;
  0.8310618687948415, 1.74750905097287, 20.20850150591752;
  0.9065114721079561, 1.884216676832165, 16.06862566574062;
  1.801397397139434, 1.099302012526173, 16.42149025726443;
  1.785277960551198, 0.9691552389207124, 15.88942094278292;
  2.237923707694951, 0.700260393315477, 18.85754207569725;
  2.268853357923783, 0.4954258531733069, 16.26176983564961;
  1.947867174290306, 0.8643407966500625, 13.64809634304646;
  2.247610847898641, 0.2654028647528256, 15.4955187431716;
  1.94957467022153, 1.187181583971703, 13.3471005926327;
  1.995813539576161, 1.047373308575247, 13.57331215114458;
  1.992281806177265, 1.490980010761713, 13.46229864590887;
  2.179286370839323, 0.2577294742609885, 14.59086981284372;
  2.277221153725558, 0.5457119616788371, 15.10154601487051;
  2.00643806630511, 1.690911917966998, 13.37928722369876;
  2.30664725163086, 0.4118222488384982, 14.98996865479209;
  2.08810038711251, 0.9257710646072657, 12.8143175002615;
  2.117111957595068, 0.6231496019910167, 12.93933681954252;
  2.101767336893249, 1.011684816777647, 12.50987381459675;
  2.227075258337651, 0.8869494358402127, 12.72601451726991;
  2.29991100183871, 1.139511193703725, 12.49025775832769;
  2.451130809231878, 0.4511856604824367, 13.07283195455074;
  2.456393508132879, 1.025771669115915, 12.59723926390871;
  2.505070686597251, 0.9122323679236254, 12.61048197597067;
  2.469818088517564, 0.9496867505395997, 12.30974186808242;
  2.538288520854135, 0.8590327500036561, 12.41959523558322;
  2.6123586165287, 0.857404101965926, 12.69315422757279;
  2.755613934296694, 1.250297650108139, 12.45750738190059;
  2.896200033260726, 1.369356455971491, 12.55188257587595;
  3.024239231553672, 2.06008154380467, 12.90524453085661;
  2.902485770025124, 1.289327221306023, 12.43183581969648;
  2.760880227420983, 2.086481934810985, 11.78333326945785;
  2.934284858982811, 1.233021667575181, 12.39269924490417;
  2.84276860998493, 0.9290299252685917, 11.86942085438512;
  3.088874858182288, 2.03152599508412, 12.68181085379691;
  3.006583891680384, 1.228352466572324, 12.37000742137407;
  3.042723345535019, 1.323298611040111, 12.48570056301805;
  3.144501131726315, 2.006707829422658, 12.75013739043982;
  3.055342011892122, 0.8038484466129786, 12.35448752882757;
  3.059697792166337, 1.22003049445429, 12.34491600406416;
  3.205472796901977, 1.981439393506375, 12.78433947253291;
  3.122447202646772, 0.7548758565187318, 12.4692212294953;
  2.982442411696554, 0.6668910586131656, 11.89301840968351;
  3.184548985947014, 2.004616168231811, 12.55575182807175;
  11.852589477121, -6.790536241720478, 43.1714319650299;
  10.82471897346129, -2.163117936705648, 39.41797299172009;
  3.162230668825802, 1.062130938255227, 12.25376882190457;
  3.203136851554797, 2.000751870138569, 12.30629274913391;
  3.204976838856718, 1.792671488105331, 12.27161801538556;
  11.3125343980594, -6.29160981452358, 40.65141052848917;
  11.75466533166308, -1.308355031892191, 41.6459550344526;
  11.9828372350744, -5.762463103581551, 42.32125050184108;
  3.292980695623948, 1.897467666786031, 12.32850856397533;
  3.360513076106333, 1.936384863241639, 12.45718012095511;
  3.413243212175922, 1.117873340015242, 12.59960304320386;
  11.07664556881111, -0.881391433826775, 38.4976909709432;
  3.263070680752962, 2.02233413098537, 11.89411557777522;
  3.452565203890152, 0.7649773664637553, 12.51040419336327;
  3.385636053156439, 1.954135296603512, 12.14941430472507;
  3.002562903045842, 2.082249385635476, 10.889689722312;
  3.416103967515625, 1.87773889863281, 12.22012336581655;
  11.42811539359722, -0.8524369758691471, 38.212238694217;
  11.34378435224612, -1.243286059375337, 37.93322217352105;
  11.45713194078125, -4.279436732092853, 38.22735565501014;
  3.497681372305286, 1.254653539185333, 12.3648091624092;
  3.220138755950032, 2.056576883770053, 11.42851424320014;
  3.618329987273922, 1.058697176574525, 12.69440480890378;
  11.33718958446255, -2.116252077239627, 37.22019294498917;
  3.83025703312663, 0.6061200736696727, 13.26418154388513;
  11.8540001631108, -1.137144526636897, 38.82053975961814;
  11.77512953882643, -4.551948784392356, 38.43618842151344;
  3.70609753893019, 0.7929419077117768, 12.8087542307187;
  3.801449075811479, 0.7022015783249291, 13.10098746032193;
  3.618867782046741, 1.372027929776454, 12.40657981747317;
  14.32153676257602, -9.741030828885824, 45.97987695254379;
  11.25417133013666, -4.233467829567306, 36.31278403067722;
  3.541066540591345, 1.90203110276313, 12.13024234586455;
  11.12315953129829, -2.39527361472992, 35.81867225322944;
  3.350888847561564, 1.939975530802913, 11.45788970038669;
  11.56668586559921, -1.08592520920614, 36.90484047697341;
  11.55400883526535, -4.233742592564316, 36.61552945235264;
  3.785211837843378, 0.7126078795884299, 12.60080066168094;
  11.58204462656901, -5.849766902503962, 36.44198001131459;
  15.88973284116439, -10.31687277811619, 48.84369201789816;
  11.38190230773581, -1.124656453972523, 34.73956079626949;
  13.6745750268729, -9.448794917712025, 41.58436746385848;
  3.833056477210476, 1.935595769240561, 12.0604903768579;
  11.23081640757189, -0.7865786577821926, 32.80529382809188;
  11.57337975971702, -1.225424743072494, 33.77222762621336;
  11.65913748346295, -2.455467964190967, 33.90757547804893;
  11.76424220278108, -1.183120948343965, 34.09219879843712;
  11.44663629619881, -2.299783437638576, 33.04136383196711;
  11.56194324159684, -1.139726901027025, 32.65051871151042;
  11.56669258155125, -0.7531486263880697, 32.66786275495547;
