m=[-1.383782623474305, 0.266866761787067, 3.254372233679573;
  -3.410831247680558, -0.9502711086469344, 7.026954624828669;
  -3.545383903024646, -0.07674398161958823, 8.148556055031778;
  -3.50614791708433, -0.1988650889523039, 10.00977915080219;
  -3.712707323365096, -2.576422556085929, 10.65600522782626;
  -5.364591111335352, -2.899682184599824, 15.50798363162541;
  -5.329373332433174, -1.323336959036403, 15.52331689054939;
  -5.379474366189405, -2.998068564717527, 15.70194578651271;
  -5.264124356105086, -2.767091311619379, 15.43967454918569;
  -5.265807914296026, -2.669578160457879, 15.58264099021919;
  -5.240983651893384, -2.844054871006414, 15.57938932550476;
  -5.219987578308741, -2.607575951729444, 15.73621789019477;
  -4.999249447724337, -2.848487752776326, 15.47231011360208;
  -4.855450405301191, -2.898867139112045, 15.32102958828228;
  -4.742264194165135, -1.215378547570015, 15.43375759182642;
  -4.677979996419225, -2.585671472814239, 15.20917875101715;
  -4.812206014760882, -2.484782807606226, 15.6463706829462;
  -4.687272942527352, -1.304294049648027, 15.40289664753816;
  -4.625025972793036, -0.4573179269177058, 15.36947281070967;
  -4.545596260491055, -0.4978880229744793, 15.28182191094206;
  -4.465365494285022, -2.217409631949404, 15.14068841740727;
  -4.46505854534388, -2.93167921915362, 15.37764707212445;
  -4.487638144432811, -3.115258191460102, 15.46801473464528;
  -1.200864849481912, 0.4740498562412752, 4.933723412218381;
  -4.537453736217902, -3.218513520538203, 15.81746326695092;
  -1.246081375510701, 0.752515812199681, 5.1525012459457;
  -3.708717656456242, 0.506457986858991, 13.86828338314503;
  -1.254544471135456, 0.6193622694047821, 5.368146656260578;
  -3.618594849639221, 0.7699434313100654, 14.82823934943455;
  -1.968053003208361, 0.9973159084386388, 9.178527720294929;
  -1.95120729427806, 0.9302107019210109, 9.659707484429564;
  -1.959985873247483, 0.9905311302173506, 9.729824407691565;
  -1.915928873010161, 1.021782203529137, 10.37230215878856;
  -2.134321006544435, 0.9522261993744097, 12.66522895744737;
  -2.045116600066856, 0.9647514960462074, 12.76253408950077;
  -3.320142380132722, 0.388289287939172, 22.67194376725473;
  -1.992628640555755, 0.8815146241676218, 14.13962706308081;
  -4.153731306563054, -0.3366457448354965, 29.32051324692248;
  -4.800217670121111, -3.335477807356969, 34.16937079604499;
  -1.938290994907523, 0.8196422587927219, 14.38952193677204;
  -3.926599045432186, 0.1679119262979741, 28.2865020897233;
  -5.814538915392252, -0.6646172193907167, 41.83210809904347;
  -4.627612263853776, -0.2606510043079279, 34.59671518314328;
  -10.93460709257085, -7.424773049478558, 81.10060771782376;
  -3.069235246328312, 0.4048931664092096, 23.94758860435317;
  -3.05573766769708, 0.148285604593449, 24.01362402900716;
  -2.081622049655758, 0.8424279337101721, 16.94260532410521;
  -9.846771900293405, -4.534422193678764, 76.81694301267902;
  -7.893548996899852, -3.931879705640728, 61.90629108996416;
  -1.895567360220048, 0.9228664624955397, 15.60421310337413;
  -2.826344573799805, 0.05172135751363458, 23.06792816664208;
  -7.561065097437678, -4.249845164383689, 60.38278957922985;
  -2.573579477916637, 0.1506778566055707, 21.36574555005705;
  -2.516268573152891, 0.2532038338464134, 21.18295487997185;
  -15.1538979083338, -14.44926487647089, 122.8889481644014;
  -2.547822625800683, 0.08166919744586966, 21.5031370946643;
  -10.86489125162917, -9.144600574952483, 91.74481401747165;
  -8.103882284201379, -4.859089833371725, 69.66298437801204;
  -10.47543689492832, -10.14950424825052, 90.02061281534981;
  -2.438719232933705, 0.2671538566761468, 21.70804987740057;
  -7.292218129647547, -5.453724463389809, 63.12451566732717;
  -7.509076096144879, -4.340405148174331, 66.01629909304474;
  -6.796113529346624, -4.377659510633932, 60.16064650919497;
  -2.349822366797187, 0.0243588115460773, 21.51741363701056;
  -7.904711744036613, -6.757206480135492, 70.4533140679991;
  -2.088124528441689, 0.7381839223157078, 19.61665560811266;
  -7.584411223520432, -5.23998138105857, 68.98018461482232;
  -6.760714563059351, -4.275246460494978, 63.04905936700889;
  -6.812142946302519, -2.375962457639967, 65.96753409757221;
  -7.446376508090445, -5.526542052471632, 72.24786296964865;
  -6.849114815426831, -2.656030185038453, 67.70484499493112;
  -2.840174069569049, -1.50759991271535, 28.58837026848815;
  -8.04725203944855, -9.066875742463244, 79.42361035133558;
  -9.245025652512632, -5.453887154441925, 92.92536363799432;
  -6.151185031259008, -4.066450127498661, 64.79865937454919;
  -5.767884644406337, -4.717902475107197, 61.25459156152704;
  -1.84779069836982, 0.2268842465484915, 20.35654255986783;
  -5.782814583499974, -4.271204565071156, 63.30095189096416;
  -5.561696825171364, -7.604481948664006, 61.82085416839601;
  -4.199329295781565, -2.132094254799167, 46.69711540549129;
  -6.517409113227886, -8.990151016507188, 72.35922529677545;
  -5.1026482805044, -5.849219777481791, 57.49375718822815;
  -4.737341991950737, -1.33736603289069, 53.85987503065051;
  -2.217122361408482, -0.286547312639194, 26.62022528476739;
  -1.616781712730974, 0.5077170805107431, 19.77184826200198;
  -5.525073940650474, -7.431809828387681, 67.58914402130397;
  -5.16933759294106, -4.537594913144492, 64.57785609233999;
  -5.253629314321287, -5.009135102229989, 66.86687475840881;
  -1.622895569122364, 0.6425222730036477, 21.70291251700443;
  -1.77188988261709, -0.1361177222210241, 23.66574133910432;
  -1.563536230499757, 0.2308345559610143, 21.09733977899824;
  -5.889971754643232, -8.846499174437174, 78.34769556968678;
  -5.448924635494372, -6.620601651906859, 74.00599567753328;
  -1.485242506758969, 0.5775123250775276, 21.40438227308782;
  -6.036022680238241, -6.709188234349119, 85.5663799884224;
  -1.587498142087239, 0.4947098195641071, 23.47444296844291;
  -5.014996717353959, -4.223351745457688, 72.93481576275006;
  -4.545851181654366, -4.86301539177226, 67.15825846933444;
  -5.457588245309534, -9.385282003298427, 80.75465315464976;
  -1.472536595692224, 0.02860037564527047, 22.72428127780348;
  -5.252205214693243, -9.180189912693525, 81.2025021248503;
  -3.739429753389565, -4.568434324817941, 60.74535178055044;
  -4.044217872110523, -6.718466119237033, 68.26211593161905;
  -7.183353285420664, -12.87444553305121, 127.466576530543;
  -2.947190004268256, -3.388662861954263, 54.68074688215834;
  -2.694861499953108, -5.989976231707809, 53.72897308228816;
  -3.23387757985609, -5.625443942455598, 68.32166999847789;
  -2.547030650451482, -3.78065682951615, 54.78283213009205;
  -2.701475846113471, -4.541450184286733, 59.51904048161219;
  -2.946316052348755, 0.5547571921422417, 68.17352067142581;
  -3.312507554459477, -4.172594260329437, 76.6666983448557;
  -2.905525149602894, -6.91224947866275, 66.99329697028898;
  -1.376422626935836, 0.438537538223961, 33.69263449271199;
  -2.478426689678727, -6.404444017413978, 67.72414481288814;
  -1.415293990049583, -1.849068874196328, 42.50074041183822;
  -1.855237830931254, -6.131940206556113, 62.47659896425259;
  -1.906056926667056, -6.957053090865893, 64.90093059295919;
  -0.9373446330299011, -1.197085795784221, 32.90953161545127;
  -0.6127909733007106, 0.1832901144497202, 22.55297695267343;
  -1.27779869534092, -4.418550346787272, 49.19287736628797;
  -1.649020075538322, -7.059301076289885, 63.2378167549391;
  -0.9022813389698673, -1.846199394447257, 36.58848345072317;
  -1.325608291497545, -5.730912187445767, 64.13747898645332;
  -0.3303373923380022, -0.09918318984374525, 16.23963555707917;
  -1.302196428857077, -5.107569919371284, 82.2487642055975;
  -0.5062505712382824, -2.194129798209368, 44.81353829842877;
  -0.8101354646963982, -8.949849319528896, 70.44550918865765;
  -0.3248970454896066, 0.0507830329313286, 30.89367161723215;
  -0.7231636480520846, -6.819169047910064, 70.59512515410815;
  -0.1771142273811802, -0.08848475963028504, 20.05099042681522;
  -0.05102866504242387, -0.03887588152429425, 6.655690498574304;
