m=[-3.595324292333831, -1.002775494535355, 7.547087587266748;
  -3.482394213301812, -0.948336631383342, 7.484956882432028;
  -5.089122637767266, -1.226677690411205, 14.50347061801614;
  -5.185545333569838, -2.866943409689732, 14.83122098128887;
  -5.137080883332219, -2.577103832112464, 14.89219055082807;
  -5.138713466895561, -2.765407221312433, 14.96704222455333;
  -5.071114727918038, -2.506144629684618, 14.97858917126449;
  -4.880998945191093, -2.761896618925844, 14.81016887213413;
  -4.888266184473192, -2.985760157221417, 14.83698027607511;
  -4.817572492219619, -2.859451015517509, 14.89859358783884;
  -4.835022758954128, -2.707761405932641, 15.0071929225903;
  -4.564273951828886, -1.135121793070945, 14.55687997501985;
  -4.571705784916561, -2.33754154731774, 14.58708022723715;
  -4.632357026500377, -2.543509760623369, 14.7633738122445;
  -1.196435995131419, 0.7530891703607308, 4.530689836520023;
  -4.54401692873357, -1.224367164585968, 14.61224834819681;
  -4.530153026001593, -3.157981064868669, 14.71886701172129;
  -4.433419983056437, -2.17276928875532, 14.7283773393105;
  -1.236152515040201, 0.6623637859399582, 4.836757969247779;
  -1.201691157708279, 0.6965825452808075, 4.750861896911709;
  -4.551377017887223, -2.969394975487217, 15.37592595006323;
  -4.445507273652607, -3.069327239220678, 15.03656412993549;
  -1.181969120977818, 0.6543468121224075, 4.795624643537781;
  -3.564346148002184, -2.958987333057587, 14.58728277644355;
  -1.908970493331241, 1.015091916639518, 8.52520976120482;
  -1.996023706431021, 1.007683792056003, 9.099798449735911;
  -1.902056917332689, 1.009399517526518, 9.061723489254444;
  -1.921373530393125, 1.049409934140786, 9.722033145846927;
  -2.009367914665366, 0.9618553188549248, 11.64219838690683;
  -1.358461938912837, 0.9919098805002785, 8.889470852946463;
  -1.297267710648517, 0.9680846010624866, 9.051443828858467;
  -3.675044592665155, 0.5228300413665212, 24.79281681418539;
  -3.38372760643576, -0.01571040650379601, 22.85981233156846;
  -4.326752420718099, 0.3561338871709241, 30.14094268258457;
  -6.185853463956079, -0.5315729701174503, 44.73233653498375;
  -5.68691759384501, -0.1356205582550472, 41.27105352774966;
  -2.904249247799115, 0.4844189859430609, 22.62312335762335;
  -12.3610116049538, -9.271839195571712, 94.61523356820236;
  -1.812445502916013, 0.8123705366369201, 14.63974601553886;
  -1.775480239436514, 0.9457805219701437, 14.43676840348139;
  -8.090826541094264, -3.528799289940304, 64.02828183091818;
  -8.226474564250971, -3.901131264939969, 65.24190587756557;
  -2.433333749567956, 0.2307611234566564, 20.17888684471114;
  -7.700743764044546, -4.14464538806959, 62.30984274189687;
  -7.556758145107509, -5.437147176492161, 63.40421424681635;
  -2.429456279664763, 0.6331419482996575, 21.08514980335214;
  -2.46665632416671, 0.2208392739939894, 21.56611663565348;
  -2.562195590276276, 0.3864586822846636, 22.70709456315057;
  -7.080882226961776, -3.58485488662032, 61.91191137577461;
  -9.231683570808588, -8.790649328194279, 80.77417591269179;
  -7.585072851381908, -5.517444918560026, 66.69408526736325;
  -6.884662589844837, -4.273537241935916, 61.9088575898877;
  -7.497531364022821, -6.269380394473997, 67.95486748602255;
  -7.170348874209098, -4.797550566556029, 66.29468840001162;
  -2.60425155249558, 1.051393764798048, 25.16161914339673;
  -7.011371987075278, -4.25494214329318, 66.43873204567305;
  -7.586277510743227, -2.389466094989897, 74.64033332460228;
  -6.429317603255148, -4.619512729437703, 63.51924113650041;
  -1.865426905861797, 0.7082004478582216, 19.30363333078299;
  -6.171472132736461, -2.18209027685816, 62.12221693656932;
  -5.193782399877206, -3.170418641693293, 52.85861579664893;
  -7.748228469897811, -4.341035223832689, 79.47270267284938;
  -6.885152342086012, -5.991404552216365, 71.85371276243356;
  -5.09373036887801, -3.189857791348266, 54.56915229446789;
  -6.257598657531428, -1.931594346485362, 67.3160929815847;
  -5.707493368251123, -4.523986415205151, 61.81478726698615;
  -5.971743273825586, -6.394226524926009, 65.24418390123685;
  -5.383069478432622, -3.820598525560967, 60.09884644049779;
  -6.640775639456741, -9.000726315874626, 75.21696590378508;
  -4.719948194684337, -1.158687197888588, 54.85465274268471;
  -6.03625079781376, -6.040501841824416, 70.87974281783767;
  -1.752632109498051, 0.6640717873855779, 21.45893893063464;
  -2.205538608652342, -0.1720959473301008, 26.83988051126413;
  -1.654692332420912, 0.2696861224067411, 20.37015125341798;
  -1.673446730154603, 0.9788644653719505, 20.98869757730519;
  -5.992440269444287, -8.014087753359364, 75.25605438269611;
  -5.067662388825379, -4.309686275876247, 64.85724682495179;
  -5.987199159081691, -6.250218508792035, 76.75900418574092;
  -4.881025605278966, -7.418930040380107, 63.78053355394173;
  -1.590024766216949, 0.7428106202562597, 21.41087519035136;
  -1.608546729282445, -0.02569842560117214, 21.82108056989101;
  -1.831085019312015, 0.3932366864960701, 24.97317846666021;
  -5.720206934797313, -3.785283161245926, 77.06564241712327;
  -5.16654447612491, -7.698464130982914, 70.71197723116974;
  -5.175388077731514, -5.606189098923418, 75.58458811200511;
  -4.342669800740469, -4.539637763981066, 66.19405548346478;
  -5.489086468080472, -9.447342455054985, 83.96259716732071;
  -1.547434755016351, 0.3159343569737397, 24.11159504419002;
  -1.314644125728046, 0.1202757075983795, 20.64881257932557;
  -5.725485841680318, -9.991284809098014, 91.34563557597836;
  -3.587546994691535, -4.300016814106249, 60.28014240537056;
  -3.994612219412129, -7.482188150308076, 69.50136888391887;
  -3.187723543372934, -4.896302399167196, 57.16312599545434;
  -4.041285940947221, -7.299054752125639, 75.20600380519528;
  -3.044875703156808, -4.473682249439455, 58.46102282162743;
  -2.85707197526393, -5.531409260858819, 56.57917559589841;
  -2.265827064223103, 0.7887882722002163, 48.41142741800626;
  -2.302712316307896, -3.344469748918319, 51.50012826853612;
  -2.495829631750781, -4.158928365070277, 57.50318372819564;
  -2.318319530987894, -5.038437398794634, 55.84233761987478;
  -2.942863525018218, 0.9015968616292421, 71.01016102043518;
  -2.416417976912644, -2.958070883237351, 58.88546774150986;
  -1.826235938820394, -1.779569780078995, 48.250526244963;
  -1.773028873196221, -4.695145400292027, 51.80585769799426;
  -1.692641539595489, -2.145926058240767, 54.57321663034219;
  -1.189055235288093, -1.448554008756028, 45.02914673848569;
  -0.8086854512509254, 0.4126692319443839, 31.87887900954145;
  -1.036187975694502, -2.145305077694569, 46.05576778910344;
  -0.9187923837692982, -4.273145049716031, 50.05062303088171;
  -0.5918927174289933, 0.5134060532571706, 32.40393969355687;
  -1.179990186764511, -0.08750506009430234, 64.73792515333986;
  -0.8034417924025342, -3.383240227763537, 58.4162167921428;
  -0.7918509517729564, -6.844167237525501, 61.28569717420297;
  -0.7138288704927376, -4.170111397343799, 56.85748380067399;
  0.3955089344465452, -0.03102232775027085, -34.16455349670418;
  -0.5115734303232804, -4.868020886571754, 46.61609827804352;
  -0.5356119695315627, -5.256785213542015, 54.44852242568259;
  -0.5372604615169081, -7.507288304085464, 60.92833677959408;
  -0.6491144517305502, -2.669008419719257, 74.40630762040689;
  0.1417115307139457, -0.1107777674412632, -16.88509654937694;
  -0.5095287563669707, -8.539921380819298, 64.40671517496341;
  -0.2250446394027664, -0.0412235113085518, 40.70078585033618;
  -0.3967952579022291, -5.150741357182481, 84.89128608780231;
  -0.1434283008465225, -8.954583493640588, 62.90536999058416;
  -0.03087050673468348, -8.092607602204915, 59.97768218043853;
  -0.04044788533138197, -1.420475946642207, 39.22474727370397;
  -0.05058346536063985, -2.917358563280944, 61.1034616990961;
  -0.01991287784736181, -3.642574390563971, 48.90088369460514;
  0.02151389584378831, 0.2246367523519764, 32.08217360009603;
  0.04447784774407901, -0.04079002116114624, 32.96717388645818;
