m=[-2.634487895104451, 0.7089841725919917, 4.29881954151186;
  -6.993905378576136, -1.885560627990004, 13.88954691728538;
  -6.852064125480667, -1.799370367599214, 13.91574972818706;
  -2.363742806727522, 0.6118684443618571, 5.886616715577119;
  -10.39206488852648, -4.058443988166165, 27.40778653479322;
  -9.685631353952662, -5.09056034218153, 26.24595885004632;
  -2.44976578746419, 0.9283414928712841, 7.544956192705826;
  -7.392065865813395, 0.9873246712377803, 22.53279789610966;
  -6.847658595873465, 1.788135039154809, 21.47205581834356;
  -2.32669187301186, 1.592792659468245, 7.938382370706895;
  -6.881293237919672, 1.093671772578081, 21.61519980458598;
  -2.310909133687701, 1.533231348745361, 7.9530355850548;
  -6.981332185433744, 1.619225834472247, 22.3084920970485;
  -6.790996552719316, 1.553616773130696, 21.79850450546123;
  -6.740634213689981, 1.674487620073182, 21.68242160535556;
  -6.713543325410759, 1.913290211218008, 21.60449564566087;
  -6.733184400849551, 1.801478086693892, 21.70308266091923;
  -2.344769175729188, 1.827577890554677, 8.198225368488739;
  -2.322039751622594, 1.599766260765495, 8.178243531224576;
  -6.584509638831067, 0.7291757752028725, 21.56284846975693;
  -6.656940869379696, 1.777509730634723, 21.84575334942582;
  -6.511989835515594, 1.927546521645416, 21.48234176865318;
  -6.474378607702774, 1.662932769961682, 21.64144648422928;
  -6.539803707793192, 1.816760505581778, 21.88808006997819;
  -6.827512499864795, 0.8673836771339984, 22.83473872325045;
  -2.344748822564739, 1.439566295984541, 8.467110024407829;
  -6.781117353164089, 1.895147020769548, 23.09522039071802;
  -6.724062527071715, 1.015051049745579, 22.92318827874309;
  -6.585078767590537, 2.002953336485747, 22.49689180596297;
  -2.347776550002452, 1.381570619503192, 8.697421500403776;
  -7.101626595402568, 1.975121681874073, 24.62779153301347;
  -3.714994846107617, 2.107204351903946, 15.19214371447608;
  -3.738211654492566, 2.122707235355292, 16.04576353495889;
  -5.02835424295816, 2.164648375980869, 21.77356747507347;
  -3.909019756637281, 2.112075510315496, 17.19516393655481;
  -3.652989636682226, 2.072882484389857, 16.81538087114153;
  -3.220591830626814, 2.220261768300232, 16.34873281802064;
  -3.704610021204769, 2.05058895022228, 19.81638406997977;
  -3.133724664793653, 1.994046809256381, 18.93373606856739;
  -2.612406709843256, 2.067652134529279, 16.65565834381161;
  -2.513513756257982, 2.029261235224785, 17.08993638336538;
  0.6388196203263312, 2.149976525436114, 14.951560423762;
  0.7290061721159891, 2.109327369922593, 16.40448716948329;
  1.12777235455497, 2.295959734233114, 21.67615550213246;
  1.251068214926874, 2.50910087841863, 23.26632918653834;
  1.958060238353119, 1.298811882968106, 14.77717065770123;
  1.992178634337916, 1.19076042891794, 14.66251726302028;
  2.028969453836682, 1.08964892532693, 13.01662853278992;
  2.232048482534442, 0.9435194446072021, 14.04282641899495;
  2.06591742822804, 1.176077990377331, 12.72020537605752;
  2.238065913352671, 1.107922727309232, 13.49351477137633;
  2.422195961917192, 0.4749561971766937, 14.01401844691451;
  2.073064363787639, 1.023365263545062, 11.82503775756508;
  2.43141306977934, 0.6268302434656816, 13.20527208229193;
  2.052028801786233, 1.612151363628929, 11.27363776864909;
  5.853960215724793, -3.949691011253138, 30.08497707368951;
  2.18130387211797, 0.8158633731533885, 11.80803450229607;
  2.114541690159217, 1.842110774236709, 11.44390672022918;
  2.307821813165529, 1.029077995169562, 12.21289362934749;
  6.235939267134652, -4.157749721955066, 31.01429098998133;
  6.008215400642656, -3.807456180514515, 29.58783392091792;
  6.281372546966914, -3.786951256630511, 30.53858103075124;
  2.246995237556877, 1.170018827120175, 11.48860514910603;
  2.133146220772634, 1.063371126815253, 10.94056291799206;
  2.462733724737917, 0.4260719160971503, 12.38980693929686;
  2.229656841063341, 0.8962333923604477, 11.276080725772;
  2.252030154511471, 1.075004077725717, 10.87311802681546;
  2.238335868514529, 1.614774741869375, 10.41613982247272;
  2.308028462848785, 1.022040192444773, 10.68425101511343;
  2.300595657485623, 1.450940367222638, 10.59218722893207;
  9.021469300454253, -0.3936090020369382, 37.83866781610097;
  8.100116914890199, -0.1463957541940443, 34.01631934370909;
  2.375294079595981, 1.267471984007589, 10.43193412270252;
  2.476967943208781, 1.036190711138988, 10.70008945480926;
  2.588063644364615, 1.181477413097101, 10.74311739951671;
  2.596682563328071, 1.050735044319828, 10.62576477682517;
  2.64112482205838, 1.16901012776867, 10.67661348521474;
  2.638653583559576, 0.9158935525921117, 10.66920531763906;
  2.659737229197265, 1.124874726505882, 10.7242393914839;
  12.86234105610862, -4.348320611759783, 46.8334106205757;
  2.712806758807231, 0.9944655266138516, 10.72029866412137;
  11.07008785858261, -5.927223848254905, 40.32794950253117;
  12.4825293738885, -0.6142753541774857, 45.17886216946058;
  2.7103033760953, 0.927352768850248, 10.62033747335039;
  2.678128013034233, 1.257752104031091, 10.39550388825933;
  11.03757735025868, -5.89085085892204, 39.14804009327749;
  11.71837758759031, -1.254105181137761, 41.25512544391451;
  12.79327455605502, -6.901324490485737, 44.78315119190976;
  2.82538244409778, 0.8698493943842747, 10.73188088301958;
  2.632663289069943, 1.199589980555234, 10.07616092583489;
  12.75451006392461, -1.71473638609341, 44.64416450386911;
  13.77810280682212, -6.088409205095393, 48.02556291323037;
  12.36687091071266, -0.2532883895126023, 43.05113808413456;
  12.97329140920561, -1.388276693449519, 44.88991232782686;
  13.23236958869834, -5.997857441684605, 45.56879319824567;
  12.7836844191794, -7.311696303960319, 43.97443274913901;
  2.818360825614434, 1.453814461901662, 10.48900777124893;
  13.45731143704549, -6.905305480144255, 45.7102087407291;
  13.52004113799778, -0.7693674513654507, 45.88850217590937;
  9.565137451568806, 0.3927340618681853, 32.72843918145769;
  2.834970115763737, 1.384657146898854, 10.40231652655739;
  12.63640240016053, -6.378917967927086, 42.37603135893905;
  2.841692689074031, 1.519001161011775, 10.35040235045046;
  13.50608901901937, -7.588476109823617, 44.60101335401771;
  12.35585448014979, -0.4379924200328522, 40.95703892513697;
  12.93816095336327, -5.495352873146179, 42.62990471565197;
  13.12507427557843, -7.690673856786466, 43.09554391379209;
  13.99622825077842, -8.361066786211415, 45.84057382500523;
  13.10977650657791, -6.477870916079078, 42.81679895202532;
  2.931589952784063, 1.481594839294441, 10.33183220813019;
  11.73719760513808, -0.4402823795808766, 37.96197654751704;
  2.980936344299115, 1.420409042385226, 10.38281654194491;
  3.084424448663956, 1.523949705005507, 10.4046994598911;
  12.10037484346196, -0.8434743863535783, 37.61704463833143;
  11.93577160107201, -0.4262771069422073, 37.11957039934936;
  3.154053408066412, 0.7306131450261678, 10.5891514292311;
  11.88679659351041, -3.890757697773922, 36.86572042184562;
  3.141447434824193, 0.9749050612444136, 10.52793158810816;
  3.106102295404675, 1.372654285451802, 10.40473060602755;
  12.35812956048308, -1.792242775651529, 37.71438841364781;
  12.3631894750824, -4.507689394478515, 37.67945152330527;
  12.28598816943436, -0.6919746000638805, 37.44938741997991;
  12.17056566055161, -4.147921071846964, 36.95563893923797;
  15.37809291648868, -9.677897254583847, 46.39414771400828;
  3.237192584845099, 0.9000949603776136, 10.57063564503634;
  11.77872561058151, -0.5306933775086214, 35.48179764606716;
  3.183739129314745, 0.8243763283745189, 10.33130443046578;
  12.00886982706753, -0.775008736532252, 35.98022029411461;
  12.26553124699, -2.140350966432568, 36.64145983074093;
  3.027541638022905, 1.950128791443468, 9.833928622027003;
  12.16853114150193, -0.672079353348817, 36.04484385208997;
  7.528333016860402, 0.01317273432809115, 22.59530318399846;
  12.1959114391418, -3.935715519265561, 35.87787689580036;
  11.93301181122243, -2.074151620595884, 34.93593425704559;
