m=[-3.465845086660385, -0.9101401903749041, 7.03873051089542;
  -5.274239817269621, -2.059764551910878, 13.91015554614474;
  -5.192537958241522, -3.119683492863695, 14.39246991507809;
  -5.091417469937923, -2.612447752135124, 14.35039094324883;
  -5.078808044547337, -2.497451238055874, 14.4379704783698;
  -5.057547899421074, -2.663811081813237, 14.43794630260715;
  -5.009840322291729, -2.416670727230628, 14.51344602713514;
  -4.843432428562587, -2.690457682869989, 14.41295658083181;
  -4.815521952304561, -2.893658191913433, 14.33625287800087;
  -4.670950159882704, -2.261294215085255, 14.49578518383719;
  -4.510545266920451, -1.048481994990179, 14.09017451196934;
  -4.621281268354363, -2.490577982876996, 14.45429749297686;
  -4.621334277622088, -2.305532050104239, 14.46061729529726;
  -4.496504827663452, -1.14585610349538, 14.18626056196822;
  -4.473757993132432, -3.074532040597803, 14.26534576994391;
  -4.478805851008636, -2.245101750864404, 14.29362003940171;
  -4.504437729359477, -0.3169912577521251, 14.35331077276438;
  -4.444269552021594, -0.3523040428619922, 14.32428526355765;
  -4.425960275365525, -2.113723553421615, 14.42030338848654;
  -4.290703152013268, -2.925078223191859, 14.26503566330901;
  -4.410700997303631, -2.831421256504441, 14.63408539407287;
  -1.890479498216563, 1.072310135235038, 7.730949144187499;
  -1.884716302601604, 1.070217874719981, 8.089887603256226;
  -3.390031057731209, -3.281056512450356, 14.10532057825007;
  -3.496783479240972, -3.357911957272643, 14.61321458654906;
  -1.938262995870551, 1.047259431006451, 8.526114484216091;
  -3.489869893110175, -2.79320055397393, 14.73239204062488;
  -3.460707006943024, -2.882468559850326, 14.96679211858931;
  -1.862850890283305, 1.057071430677651, 8.575044098594516;
  -1.938467999000707, 1.045414808584345, 8.898363202448344;
  -3.563318331955431, -2.901158412405787, 15.71105221810771;
  -3.40605186422501, -2.91164639498408, 15.24086333314028;
  -3.537497847411076, -2.959916163172548, 15.91835646938752;
  -3.297593010339901, -3.408117623692222, 14.99520305138921;
  -3.183001742678686, -3.200534858216382, 14.65350682223847;
  -3.552841670526187, -3.172409271674598, 16.25978501903467;
  -3.567361737055141, -2.872129146325439, 16.48296163781127;
  -3.614929376080546, -3.196491629381, 17.04276051237166;
  -3.685401271074228, -4.066189220438641, 18.60670615723176;
  -1.644969428173744, 1.059462041655417, 8.9191726814422;
  -2.02434748532173, 1.057227271789549, 11.51656511900617;
  -1.361091051384064, 1.077268255007589, 8.677771130067452;
  -1.300738961981479, 1.050139131374868, 8.844012115025238;
  0.5506731353758101, 0.7179743375364383, 21.25380418222179;
  0.6116928446841672, 0.8030825636902589, 18.67836499684209;
  0.5073812644757734, 0.8968905078885402, 15.30836272926955;
  0.5896675433202537, 0.8750771892522133, 16.4479493618814;
  0.7805700957706349, 0.3206370801981574, 21.06102792158567;
  1.43790981062235, -0.2899267175547365, 30.5807129029361;
  0.3050876045933424, 1.026786227608584, 7.140569277267936;
  1.326341130327537, 0.7265051738050941, 26.28834507450909;
  1.669804254965433, -0.5790846478395535, 29.89068339209762;
  1.818912715807788, -1.729553410625756, 31.29545175922151;
  0.5382525422453377, 1.079501429614513, 10.00997442341956;
  1.420591942883079, 0.3413514985420127, 24.1085159518214;
  1.392260363983699, 0.1527792447096117, 23.23439801987146;
  1.338221362403195, 0.2691207813185537, 21.91133720297077;
  2.337373197499187, -1.195743504605998, 34.3986529804053;
  1.048950446828136, 0.4100593298699348, 16.03002807696206;
  2.237656516550564, -0.9916778887166922, 32.80974979025127;
  1.995568335235906, -0.4972200510289266, 29.18527208419129;
  2.245878659196433, -0.9748044397761054, 32.40711545271223;
  2.44494893055689, -2.403876568598083, 34.68536744843783;
  1.299683952309461, 0.07236321920219992, 18.70018516945656;
  1.022515292663822, 0.5385592346179485, 14.75122665880191;
  1.049874386533849, 0.3891276622741974, 14.85636342053053;
  2.491068093675818, -0.5770752530459165, 32.37647953061031;
  1.125944626738257, 0.2798248519256918, 14.67847751452109;
  3.002182440834021, -4.121684266200653, 36.98720284500695;
  1.19821533334116, 0.9984184347149159, 15.04940666808804;
  1.097632234627543, 0.3680075742928953, 13.99572124467404;
  3.357480051023334, -3.568226281186042, 40.18445914709563;
  3.536680341828286, -5.273756715543744, 41.4308614376974;
  2.991623054884874, -1.267055330487687, 34.91134035456805;
  3.041547647082257, -1.612375293562227, 35.44007892850721;
  3.778068619941579, -6.321515213612584, 43.42764928239662;
  3.571590604756637, -5.42258258923637, 39.92275997754;
  3.097347688127285, -0.5992904729040895, 34.63955476118787;
  3.520736687545919, -5.352523483862305, 37.55312492271995;
  1.383503803017348, 0.5743488676235132, 14.79303598493161;
  3.70158968099816, -3.471288038443829, 37.67123028874499;
  3.494311101720454, -2.402976093107307, 35.50514364415016;
  4.028221958249932, -6.479954978548719, 40.59701722076557;
  3.618062649342386, -4.184508054342345, 36.3026150039511;
  5.103121502206897, -9.530223550505395, 50.50058684419999;
  5.259689306552919, -9.444455131781261, 51.96907165784345;
  3.806477105415043, -5.408969046630722, 37.03228059558331;
  5.780268010436141, -9.574589556102211, 54.11105924803196;
  3.838870597021986, -5.767507880590262, 36.1322086622905;
  4.284816655971407, -3.045329125782158, 40.39636653406847;
  4.067056439147714, -4.715374940560993, 38.13912617685165;
  1.503613952707074, 0.4623681750305496, 14.37034853544138;
  4.285115846533525, -2.613616975878366, 38.1809022399146;
  4.174254329775749, -1.552548633612624, 36.67852372583811;
  4.39436630079951, -6.814815472400467, 37.80668668129548;
  4.373271138307685, -5.524079525272309, 36.68502129332397;
  4.602680027842766, -6.14755362823955, 37.453738186678;
  1.846754736653452, 0.4996252220178183, 15.47784066996849;
  4.557502954423125, -5.461425719149779, 35.31771968117477;
  5.043211222372333, -7.310238222834122, 38.79002613047418;
  4.124293930800723, -1.761649558462529, 31.82164443741329;
  5.046337873491982, -6.709745930141006, 38.42104737345071;
  1.861855255604554, 0.3565047369682081, 14.7029442392132;
  4.39116649254426, -1.207718734189838, 33.1747044485447;
  4.476145945548851, -2.32554982157795, 33.36666889471851;
  4.774308199907839, -1.853679813667668, 35.37175290429149;
  4.405236778788622, -3.287672003263775, 32.6281719178239;
  4.87946187266152, -2.923413695863554, 35.59665436386072;
  4.577824215480519, -3.088071697471733, 33.09229119359967;
  5.66788354398101, -7.476240798381522, 40.25263053878913;
  4.955789698156472, -1.910818814045079, 34.95647968399519;
  4.766546181069752, -3.396260405796229, 33.19555484801827;
  5.585630704005697, -5.728645461610748, 37.49306938875881;
  5.309040460218326, -3.99796071506587, 35.5247612759968;
  4.957782952640496, -2.197243464683908, 33.07749122626287;
  0.9031257255367423, 0.5990573738057666, 6.815746885724722;
  5.351924937620949, -6.970870217855101, 34.9791398709352;
  5.912543842046188, -7.354213526792981, 38.4628140579875;
  6.036683000785312, -8.193919562143798, 38.68403154836328;
  5.671821919313882, -5.430984685879062, 36.46436785785827;
  4.840949921215665, -2.597112317078756, 31.21251611648908;
  6.015126737918035, -7.82952971215486, 38.17398578798888;
  6.187968935685158, -8.550757167177169, 38.60934338860875;
  5.391274970931103, -2.319701687925191, 33.40297542546561;
  6.20436037071173, -8.285931118021061, 37.88844633818645;
  6.017703241164485, -7.475336046478658, 36.76693712210835;
  5.819279372829441, -4.692504461272491, 35.57597909950211;
  6.223808479190093, -5.874604093130104, 37.90642299416423;
  5.972788282268847, -2.178467452908083, 35.5275833457881;
  5.936202271005818, -3.037531790249707, 35.28412203900874;
  7.026087409498325, -8.664781190704971, 40.807642042982;
  6.026160411860141, -2.529154131435725, 35.06754280551105;
  6.008905673317924, -2.885968216686779, 34.93942645411451;
