m=[-1.200738691275045, 0.6923712380567678, 3.831500105341082;
  -1.194477082459539, 0.6465241791399122, 3.812231760096772;
  -5.167131945606995, -2.824506840743116, 13.57700845929527;
  -5.033906310631011, -3.001945689516503, 13.63382667842962;
  -5.005617727992866, -1.098839559736038, 13.63893978118821;
  -4.929284863071052, -2.50066577654656, 13.57086171482305;
  -4.952906293006016, -2.407799134364121, 13.76265893875115;
  -4.90120000665987, -2.548754065542148, 13.67253785859165;
  -4.854784656352958, -2.318185872566373, 13.75151426054484;
  -4.68493251355896, -2.579967346998274, 13.63070622425374;
  -4.742655202848988, -2.261092395529517, 13.87074990267909;
  -4.575078030320187, -2.494337893057032, 13.63990230931566;
  -4.507303015056571, -2.156479766708225, 13.68367465059123;
  -4.372995753311717, -0.9777664700653687, 13.36693248396022;
  -4.482760978571747, -2.395351877837168, 13.71874438795875;
  -4.499790469708682, -2.216524821239273, 13.75859256246884;
  -4.373487923739346, -1.07702248079241, 13.48920676764402;
  -4.35173119069488, -2.974565606512982, 13.56798691705071;
  -4.346894113230059, -2.154610957900928, 13.57026038418913;
  -4.365137756787887, -0.2614719600978226, 13.6138642145146;
  -4.232003381452539, -0.3011638120206116, 13.36524149897587;
  -4.24480498909232, -2.001842100043351, 13.54223392829481;
  -4.15285809218339, -2.804257200039323, 13.49284055483837;
  -4.149858247671943, -2.644349484964524, 13.5059125133118;
  -3.365572030405988, 0.5244718037936457, 12.52212238232487;
  -3.579672134703975, 0.2424241895463337, 13.66183958158522;
  -3.496378570477986, -2.867744359467744, 13.81863221005072;
  -3.140937746948947, 1.029890336879551, 12.60167562412423;
  -1.853396098174921, 1.051013331115338, 7.840731386859649;
  -3.386309859393551, -2.803158099051538, 13.7091794165846;
  -3.385531912378743, 0.9333553581114138, 13.67620928248394;
  -3.346152496871413, -2.854756159341194, 13.77306758013147;
  -3.337743594645048, -2.658977747925565, 13.84414027919749;
  -3.348421035608568, 0.3007184317544083, 13.82937556168054;
  -1.788888481247492, 1.062806239345319, 7.909365228906919;
  -1.741498661129433, 1.112172161574344, 7.784237532257826;
  -3.344395330300693, -2.779937161128152, 14.21757021517245;
  -3.307248303074755, -3.003387064372926, 14.16002545674241;
  -3.347050149600024, -2.710241793007678, 14.54022630570236;
  -3.245946027190499, -1.901747723150037, 14.54826107269813;
  -3.074569304609588, -3.088861047763322, 13.89969123591671;
  -3.458287322700113, -1.083711319039835, 15.68026233499901;
  -3.418098948613497, -2.74210959680875, 15.60058083718545;
  -3.461066516809034, -3.056791765057087, 16.10592767084757;
  -3.457357578045583, -2.84477294284624, 16.3464465090162;
  -3.423798440426403, -2.675165032463331, 16.41523095121252;
  -3.479040516382714, -2.936175081528056, 16.92465491108658;
  -1.49342017592447, 1.066247358091945, 8.020937604542359;
  -3.484958486620287, -2.824461703468396, 17.63118201789314;
  -3.423738752914926, -3.063390011317224, 17.39984387760702;
  -1.50747571068057, 1.06164980735343, 8.241558018841921;
  -3.572337212925425, -2.826059079658724, 18.5488694606835;
  -3.832371332828666, -4.408814707959702, 20.01790020218753;
  -3.997518648882979, -4.879703354574725, 20.99995151594611;
  -3.517531694890115, -3.030636699609429, 18.63527447008401;
  -3.606012262849287, -2.901433511609923, 19.25120643416923;
  -3.445421858004172, -3.010274059051819, 18.67379724191835;
  -1.887307412808703, 1.104205434003773, 10.6150213672376;
  -3.799661938010566, -4.73088112554731, 20.6377908140526;
  -3.533959022622816, -2.907184924352914, 19.41612207264108;
  -3.631770845934595, -3.471386934976149, 20.4277540322425;
  -3.884224153060986, -4.370262064702424, 21.91244649345979;
  -1.363878421649464, 1.061468901249502, 8.293264001748385;
  -1.283005166142893, 1.07078645330483, 7.912413277022377;
  -3.846439524962011, -5.079952327538255, 22.20400999834702;
  -3.767553849190048, -4.497392621785926, 22.07264055058565;
  -3.387390018479544, -3.128539114958997, 19.92793654858519;
  -3.640213400647328, -4.789059249484906, 21.86266092278234;
  -3.123067254055647, -3.280063201645203, 19.05480644510346;
  -1.24044159013607, 1.062237819959427, 8.196597455104389;
  -3.899778400583511, -4.739332325822028, 24.57020817838898;
  -3.156719572138051, -3.406065193435626, 20.07984239410922;
  -3.812928212674947, -4.921473645275509, 24.3474430542018;
  -3.135138873808629, -3.256780676508332, 20.53532848836208;
  -3.743224799312001, -4.754551912366201, 24.39297537236751;
  -3.444290169199289, -4.149368791430136, 23.24845134158451;
  1.292016609323523, -6.108726478142901, 47.57731046418568;
  1.268615605548595, -5.998085229150084, 46.71559025583927;
  1.53277040735989, -6.395870951677765, 47.02903855381565;
  0.7445751473228116, 0.9280571942492544, 19.68557146299078;
  0.6827439418609335, 0.9573049151917062, 16.57100290482007;
  1.997491781845148, -3.253451696334802, 43.95513832704977;
  1.536657950286345, -1.884376996327483, 33.47851851924855;
  1.698930282121755, -1.082429765614476, 36.19234652125349;
  2.063747496544367, -2.885538577700652, 43.13386012036742;
  1.763214925520868, -1.260956284317711, 34.57655955254649;
  2.364230024972821, -3.794197939422486, 45.359261360281;
  0.5240205329855162, 0.9128285649234208, 10.36245742894145;
  1.049085375783486, 0.09635214493634367, 18.72879100613754;
  0.3401971161660063, 1.061458100782692, 6.739258757393004;
  2.846251346854304, -4.833513024563626, 47.42404815508736;
  2.650503612954005, -3.531290253498178, 43.93941686713302;
  0.3459115958910602, 0.939721387657222, 6.693043866691626;
  3.206021016915845, -8.665499235294478, 49.73443000332896;
  1.87717259382591, -1.583244325245519, 29.79592580910667;
  2.527276605299443, -2.725880285100923, 39.63588607820979;
  3.251026547765326, -4.124726247894513, 49.68737311672392;
  1.454515768776927, 0.2156313847352641, 22.31923311750198;
  1.098117379379078, 0.5590684902384024, 17.08900863010856;
  3.196340752793183, -7.269008389228038, 46.90732430313743;
  1.581889466227539, 0.373502745470448, 23.78731071643586;
  1.180542563049387, 0.4006179220557375, 17.42495369331095;
  2.752119837373048, -2.409889104905125, 38.57621717896839;
  2.548720991951731, -1.124863525201848, 34.94633224978331;
  3.673091729559708, -5.465607095401932, 49.13292859445258;
  2.545212533325402, -0.5016132934083616, 34.51513544024135;
  1.722940290811829, -0.6541697011508212, 23.62750116655093;
  1.236586660620587, 0.6013478723760928, 17.17992139912066;
  2.236919928646243, -0.8246045766995651, 30.11192266550647;
  3.095483676320332, -4.75898879683889, 40.81604867266373;
  3.033611785077971, -2.702515042018784, 40.15342730587395;
  1.206077297734092, 0.3899521328234919, 16.44549398831478;
  2.682393151179495, -1.533534837039805, 34.85802041794661;
  3.253923060044576, -3.179159691498933, 41.36433550039696;
  1.146523668624803, 0.510974640009594, 15.19049546970844;
  1.128564727020426, 0.4432924730506265, 14.66960517292863;
  4.278465833098025, -7.152525787530156, 48.67354019472496;
  1.211637697207249, 0.3312045750499793, 14.53000125949989;
  3.186718835726409, -0.8666717414348036, 36.32327965358273;
  3.300555277688537, -3.241032300228699, 37.31151067001608;
  3.15602261723563, -4.405373882535474, 35.04851181586678;
  1.25343512231426, 0.4384211242059887, 14.61076492653381;
  3.071717974522566, -1.149534195496841, 33.80479017202348;
  2.085456604396523, -0.9970985537965496, 23.21497985060359;
  3.455683280794149, -4.929999192222825, 36.62748243685442;
  1.251723617514339, 0.5329444978279629, 14.01542156983718;
  3.245966959443956, -0.501301248429453, 34.1974761759268;
  3.474430310500692, -2.58062690605998, 36.30300293372146;
  4.801253074769273, -8.106738935496484, 48.78431181803931;
  3.658781353309731, -4.630099131617351, 36.41937095418872;
  3.767734919620129, -3.296798987461388, 36.43183097503614;
  4.058309223778839, -6.180233258467771, 38.92634561120264;
