m=[-2.025069897875945, 0.4418274836864381, 4.276740189431246;
  -6.446908315840479, -1.656067773394128, 12.28785424545896;
  -2.221889773730211, 0.8144852276316696, 5.897796656222556;
  -2.231119324458703, 0.7523747608554703, 5.915702037482292;
  -10.77180291633301, -4.138010159177082, 27.69945733443953;
  -10.72222365235798, -0.3573284177352314, 27.7185422343448;
  -10.39959910604938, -6.201750645055461, 28.16626353128445;
  -10.38878764452655, -2.28055985531283, 28.30660605400743;
  -10.47272273995987, -5.629419974630821, 28.68335347881322;
  -10.1836665842773, -5.166255798654981, 28.03675072634964;
  -9.323073944618578, 1.278687809467677, 25.87092703858105;
  -10.25509195635351, -4.985396467161156, 28.49586174891361;
  -10.09762147673917, -5.25103112629019, 28.16863456599301;
  -10.18778906853038, -4.864724259282615, 28.85761914815049;
  -6.580547852383793, 1.982639407052369, 18.99140503270793;
  -2.24726771923948, 1.295821933881898, 7.170924503026076;
  -6.859462218065699, 1.539444681825597, 20.1714513337862;
  -9.742527767255346, -5.365158077303533, 28.34566634476688;
  -9.646172093719803, -5.751847797188203, 28.07421263305865;
  -9.754732090446742, -4.650633370287446, 28.52947207988989;
  -7.240486166718403, 1.028108056488261, 21.3832826309193;
  -7.096130002547866, 1.503390150131079, 21.06580879557778;
  -2.272357615013665, 1.451004359171843, 7.38676861520552;
  -6.780394902970008, 1.873968876223358, 20.56986230941615;
  -6.688764868183914, 1.553070584112695, 20.30540479150347;
  -6.731775232169296, 1.162811230213531, 20.46298096638908;
  -9.522204442024993, -4.555815560899971, 28.90836207501998;
  -6.57780098930572, 1.887377198531371, 20.27854081573756;
  -9.308951156441959, -4.974214271041094, 28.48849672014166;
  -9.690603856559887, -4.773436480088505, 29.63006189826622;
  -6.790722804509644, 1.649907062017578, 21.10433663127575;
  -6.478173063236715, 1.949125266309687, 20.18157989203433;
  -6.542085800221448, 1.727586084867347, 20.3766057248798;
  -6.609144858990921, 1.871722254205399, 20.62769965902547;
  -8.953413152796886, -6.119981602300653, 27.91527950528123;
  -9.012191366602732, -4.467043771340814, 28.13452094559169;
  -6.454714972313589, 0.8042662229832459, 20.46397430947533;
  -6.618234601984974, 1.873713874619959, 21.04254804326617;
  -6.336130896367576, 1.978187910548992, 20.2350026105404;
  -8.799643046205388, -4.14989521556665, 28.07356873246795;
  -6.550471312956502, 1.784299462663244, 21.20572882410077;
  -6.524299646615305, 1.918906270328169, 21.16239895198797;
  -8.533105361646957, -5.76206111981828, 27.7244797502352;
  -8.326695089491739, -5.305890118947203, 27.09962815399488;
  -8.454912189945329, -5.762538701526046, 27.58068497423897;
  -3.457394759581413, 1.996243982289041, 11.8184362488884;
  -6.2665539103643, 2.014432412210833, 20.78183772765785;
  -6.719641865816691, 1.982897108815637, 22.71049339437457;
  -5.127048337403259, 2.029868665711079, 17.68206668647789;
  -5.365287630034302, 2.03735672901814, 18.4813404974086;
  -3.570027502990104, 2.051588283673546, 13.26682856661407;
  -3.527719395842007, 2.092544071043902, 13.75080691722009;
  -3.491654810716734, 2.072795652595042, 14.34050718778019;
  -6.792620885823781, -6.580068220478118, 27.70421200125757;
  -6.753672121844019, -6.524847239989154, 27.57732005736825;
  -6.792754432117033, -6.522402434400384, 27.88199123881194;
  -3.53404177820826, 2.004064336421669, 14.95064779739037;
  -3.487854706526428, 2.072188279417612, 15.42114951740408;
  -3.399370772184394, 2.170937953659428, 15.1946769420636;
  -6.521833815794068, -6.749989881068343, 29.18357118654892;
  -6.370749570651586, -6.400363187239772, 28.80125415961321;
  -3.588147619340856, 2.011186406769117, 16.88350234155192;
  -6.072636367178927, -6.299748192438845, 28.0989274327959;
  -3.444041106484193, 2.133684296976237, 16.38430227657034;
  -2.664045322001519, 2.22339217102702, 16.4294175367697;
  0.7681950117256821, 2.39686575643747, 15.21783905314373;
  2.141598698483758, 1.420321556601098, 14.56043446628145;
  2.180083756339257, 1.919151358177995, 14.4807571189328;
  2.298820981683175, 0.9568360367198566, 13.94804300820569;
  2.530163290824228, 0.8808323365623892, 14.56744269803546;
  2.184932591715154, 0.9412151407408218, 12.40887462692911;
  2.392343913665945, 1.111240588701525, 13.17570227742852;
  2.31826076873937, 1.321184924045478, 12.76696509623907;
  5.494687249702767, -3.474812462974614, 27.49261708389662;
  2.393049717151496, 0.9785692406419135, 12.69937923864882;
  5.223398434911655, -3.365856209331151, 25.4138176952097;
  2.25049282683045, 1.280245437913567, 11.49941414860444;
  2.294120639566996, 1.139740622064283, 11.65189723350882;
  5.293699150093849, -3.384208426937811, 24.98616248549926;
  5.619046453848879, -3.418218697272188, 26.23398128102211;
  5.728895493701355, -0.1593754678065182, 26.67191002820024;
  2.703262517052143, 0.5661089390042176, 13.26090884841745;
  5.676140591169077, -3.290999014786546, 26.21497452023939;
  2.303532044953141, 1.321810269912042, 11.34653072072645;
  6.907811588769454, -1.165582819929816, 31.1446252208624;
  2.264232262979018, 1.772170441704316, 11.03947135630893;
  2.268635337044492, 1.953173206389121, 10.88944610441408;
  2.584327970900083, 0.9718186058379273, 11.81220914853032;
  9.893548041000541, -6.303673184786, 40.94235003071622;
  2.290746321075079, 0.9339048176536233, 10.29969646728577;
  9.08498788408326, -1.699987052591165, 36.92392883139496;
  10.72660565207814, -7.61596347523259, 43.09933467845337;
  10.56508072925093, -6.603003851813705, 42.10638343234607;
  2.406098113541489, 1.037932867202556, 10.56908102607504;
  7.759557978388218, -0.2628925280613791, 31.16701239644813;
  8.921183182796211, -0.5474149428324814, 35.61478672782264;
  8.143207701447619, -4.294505270374735, 32.59347823076523;
  2.6345353140645, 0.6429613712107702, 11.3806791489244;
  9.42155947561923, -1.644140175800278, 37.30300416235851;
  9.855898760701907, -6.922692619853034, 38.23455435871684;
  9.269511180314751, -1.706390651501888, 35.92674349776171;
  2.429053205666952, 1.273523901202345, 10.31837223553183;
  9.894512794648497, -4.535210982361888, 37.72518069908387;
  9.744812681441887, -1.580087700967304, 36.91747141934493;
  10.04470067981491, -3.338340641462938, 37.96243120153169;
  10.1216001947739, -3.746462473987158, 38.24352602523288;
  10.91823388019821, -7.594763938824714, 40.83465555959115;
  11.11797871709872, -7.672177772737159, 41.17725856120728;
  10.2437729371272, -3.383275655628917, 37.99775680974825;
  2.483223940301925, 1.558381140142579, 10.10262589646296;
  10.6683804690772, -7.280354072011253, 38.42052763454908;
  10.01761898062026, -5.675967458934055, 35.96732703213349;
  10.99862451541123, -6.681511624802983, 39.28311706439342;
  11.17789684106199, -6.983019967118855, 39.85367824680552;
  2.643176080755206, 0.9699151494734121, 10.26737600946756;
  2.605256462766633, 1.391383222340131, 10.11072741094738;
  9.694671762042489, -3.141873413830842, 34.06974052169349;
  11.94705487777314, -8.754332734125525, 41.66318122733342;
  9.968798945144863, -0.4058518850366936, 34.78298377951747;
  2.644012706880954, 1.109592160770265, 10.12083262741096;
  11.53781251381019, -1.102157690955165, 39.06933536169585;
  9.709346908847159, -5.027886185903284, 33.11789408917351;
  10.18567938390136, -5.345564047748466, 34.43278982676075;
  10.41049226486754, -1.276607045113569, 35.12242657130049;
  10.99108359721056, -4.690263880628674, 37.01867660340081;
  9.738443180804229, -0.1557568015674886, 32.70059751461609;
  2.689737462363232, 1.23548957558912, 9.912580238923589;
  10.34772170669181, -1.001546863135266, 34.52473952230398;
  11.07634234279899, -4.858531923345755, 36.82683736094418;
  11.06280440308995, -6.153093760910339, 36.72515794619407;
  11.73585141004174, -7.503880161964593, 38.78596365091588;
  2.816534175588316, 1.15031868613061, 10.22342241735206;
  2.805050214652496, 1.064539320335219, 10.09533759202652;
