m=[-6.283181197509506, -1.646842105830579, 9.600967816571387;
  -6.458083207666488, -0.3716822779785426, 14.65516966170553;
  -6.84746173250845, 1.350348941062049, 16.34498517873136;
  -6.310078004105678, 1.844382764938521, 15.41955668711618;
  -6.153359472918861, 1.899493590548731, 15.09953033958053;
  -2.358158866741881, 1.37519705001543, 6.645797567782989;
  -6.204669779760524, 1.861815292006027, 15.86283265067301;
  -10.06469690061815, -0.2416543288394456, 25.12610880215501;
  -10.25826648528831, -5.633011074176777, 25.74894577448931;
  -9.868317162873808, -5.409480988530441, 24.85664575296444;
  -10.05732118631892, -0.3432629714958932, 25.31954895531899;
  -9.653804916167509, -5.050684699475832, 24.69368805782537;
  -7.402535846053763, 2.045368591639907, 19.11803461303355;
  -9.658921107721012, -5.831736857915965, 25.47506898318981;
  -9.353918771878918, 1.235905122196034, 24.75093210052402;
  -8.866697385671039, 2.028878287506896, 23.55378818950752;
  -9.684900350561675, -2.159990818687094, 25.71102618627199;
  -9.166346465791643, 1.43778390002797, 24.38034888150277;
  -6.639986080790005, 1.987408269423338, 18.01874677129725;
  -9.381264611946911, -4.80292893670961, 25.1438030148236;
  -9.530915130855791, -4.698382268331999, 25.80824466992599;
  -8.938584142141314, 1.541418403430439, 24.22955020093099;
  -9.429065421154281, -4.969284867840132, 25.62317995022233;
  -6.622765294264394, 2.00992838260412, 18.35940671034891;
  -9.207721978574037, -4.449639045835211, 25.42530655826698;
  -8.816561739795107, 1.454002612474767, 24.36233867133581;
  -6.644375924196481, 1.504165010752363, 18.83208723693238;
  -6.607554797898847, 1.593433536808318, 18.91049138352074;
  -6.637128911696166, 1.396290992246182, 18.99967862254388;
  -8.91926555557656, -4.973372329166602, 25.289061575013;
  -9.128887110113638, -4.405154707882969, 26.02540061606144;
  -6.548664535147442, 1.534869694400634, 19.17538435664243;
  -6.497582183093433, 1.129874829539183, 19.05378544822275;
  -6.229477014663276, 1.063163359909278, 18.49861030023068;
  -6.378575983851549, 1.852637788961765, 18.97806693558483;
  -8.523025752897574, -4.14060947016908, 25.24705331326652;
  -6.251686583437385, 1.519232299184154, 18.75498012983782;
  -6.358951098380593, 1.930601626059041, 19.10567953955681;
  -6.377352988955903, 1.698228469477194, 19.16462311906182;
  -6.317501350270475, 1.802519093838208, 19.03091176853446;
  -8.566257699270164, -1.928089664443587, 25.49493139611149;
  -8.535100275911461, -4.619840757369654, 25.47018989309972;
  -8.397620630688349, -4.201242870368694, 25.07383727542493;
  -8.312105489193417, -2.085678711601186, 25.01276340623685;
  -6.100225200282249, 0.7649016112208704, 18.66867125709113;
  -8.305738399903861, -5.752896298413616, 25.24020401738343;
  -6.302650613095394, 1.789283300794283, 19.34816612462953;
  -8.310242823458202, -4.182849949320204, 25.29956409673024;
  -6.196034889046145, 1.953014721478126, 19.09323977946628;
  -6.350244578612488, 1.878963382842292, 19.90617763930482;
  -6.039141035496593, 0.784334263289048, 18.99713104904179;
  -8.118129335468458, -3.890655301634075, 25.26164513980095;
  -3.570829003322832, 2.215847550744265, 11.69396608481083;
  -7.912984156143952, -5.416577248185234, 25.0630653977766;
  -8.084999606393504, -5.231789218459487, 25.6429035214677;
  -5.991283228239825, 1.94093514766207, 19.19596638347222;
  -3.516774002049723, 2.099709028209428, 11.71795891424303;
  -6.986946472858511, 1.164515872644282, 22.31963788352245;
  -6.45017975019227, 1.923745739684685, 20.72738260077109;
  -3.521082518340391, 2.176788637887315, 11.83079125531202;
  -3.560117441438056, 2.142159746477719, 12.0417000871521;
  -5.22624023361462, 2.090438830039343, 17.29316260334088;
  -6.643503972041091, 1.974909415446133, 21.77829890616619;
  -6.543710761172181, 0.972693729933199, 21.50101077187625;
  -6.616308403129021, 1.241136676121747, 21.71626315491619;
  -3.524256748884336, 2.17800794341958, 12.14520876598069;
  -3.529459028233728, 2.112694218148928, 12.31651361634683;
  -3.581807714416918, 2.069203011680183, 12.73715251699755;
  -3.636386860717655, 2.066263060045454, 13.01608960793557;
  -3.667921300070226, 2.033409485156512, 13.14699589350132;
  -3.505250040241095, 2.107453379927091, 12.9338282141884;
  -3.539749857666163, 2.13173790683352, 13.81514387080563;
  -3.676676041253716, 2.116233222851417, 14.83152573835372;
  -6.165349116663628, -5.350341788740961, 24.84910656426632;
  -4.698872246829105, 2.161464820641522, 19.19630764889015;
  -6.381277676212307, -5.193533810118407, 25.92674650522625;
  -3.468231009050641, 2.097956481874985, 14.67453037031931;
  -3.638175315524109, 2.091088247724529, 15.41664288521618;
  -3.393244438308351, 2.202694433370646, 14.4907310102237;
  -6.253942551298955, -5.297185487245356, 26.06841266417514;
  -6.326023385362308, -5.218759798496325, 26.9547482831433;
  -5.709390973614275, -5.865928882123956, 25.34841512995449;
  -3.33437158236736, 2.167719469261475, 15.74422648671342;
  -5.549327300459062, -5.836389643542826, 25.76924273798374;
  -3.098080657825183, 2.135857777792932, 15.61286387372058;
  -2.399884806345028, 2.04422146686269, 14.2813137898794;
  -2.31824734466678, 1.925302476502666, 14.75866908202121;
  -2.352914008347578, 2.074906673862698, 15.09623213828782;
  0.7398298087822919, 2.109937990575953, 12.50756597565259;
  1.116327933013713, 1.969680112173891, 16.24796007996699;
  1.982837217621252, 1.44530751809989, 11.72744158984065;
  2.032975081693829, 0.8053669479842283, 11.05576995859759;
  5.951602821922442, -3.832859319289969, 27.4509715693871;
  2.217630887685885, 0.9214393034374733, 10.56861526637173;
  6.171284672343662, -3.945901790194831, 27.6086055615446;
  8.881166767712248, -0.6140390167335176, 39.13430409931839;
  6.319569278886419, -3.831563890466283, 27.98843197944286;
  2.118688265554303, 0.8349722722328072, 10.02463969444214;
  7.578723265356508, -2.933337937432949, 33.18702081012066;
  5.979198150163669, -3.453432779211506, 26.18826508426384;
  7.422843496012461, -4.64258263560548, 31.79316276527834;
  6.440755703528556, -1.121410658098484, 27.77114699653246;
  1.913326159552276, 0.9629473178767873, 8.949169166897038;
  2.015315027201527, 1.000335552109594, 9.086574655404887;
  1.942028750340153, 1.064713770928026, 8.752944295433006;
  2.002411343174848, 0.9617811976536329, 8.99125885376473;
  12.53283557163716, -2.459731047963049, 49.38476367328936;
  12.43848882761632, -2.371933379973358, 48.69498322205407;
  13.18969980997528, -9.323619478887702, 51.26094771104521;
  2.032800817614809, 1.544762134748867, 8.724908075821647;
  14.03545130054811, -8.744091197895756, 54.08584067594229;
  11.4592418351194, -1.131247361085729, 43.61400679507918;
  12.12560037755759, -7.577520022644166, 44.75772152844477;
  13.79776613370766, -6.32840671140912, 50.73812789381315;
  13.07980677490579, -4.371470844875566, 47.6977807698122;
  13.70218929348371, -6.176864475230786, 49.8850349400248;
  13.74013935412429, -9.43897635734626, 49.18633002083401;
  13.17240137402484, -4.322638438197287, 47.06987344005236;
  14.91389771123567, -5.739632531161028, 52.72260980387517;
  2.114842383170926, 0.8291895387738667, 8.301172214746309;
  14.43544046254251, -9.830234332632617, 50.20633389076066;
  2.152302517585676, 0.9005791812266758, 8.293843331900922;
  14.47825731151774, -8.786880682714365, 49.98213670001712;
  12.54965662654021, -7.095084189271082, 43.40160566712264;
  13.68356154911411, -8.514443336862982, 47.12607934891321;
  2.146530201741337, 0.9248819870684923, 8.212950399473208;
  13.77397480892672, -10.05110439203964, 46.47372575146316;
  13.50277601794086, -4.418509207333031, 45.68296875520537;
  14.88805374779447, -7.704766990299327, 49.90884259225226;
  14.11967770437712, -0.6684204486273153, 47.46632730808144;
  2.184205140943877, 1.111631131829882, 8.122409141583468;
  19.84081224047845, -14.01679356512144, 65.45810430633112;
  13.64353331577133, -9.028714052589121, 45.06616534845522;
