m=[-5.11465869822788, -1.989549129928895, 12.79675084149666;
  -4.990219209351102, -2.740225174414973, 12.52578922653959;
  -5.033416787644209, -0.1717938177866278, 12.67174831212959;
  -4.845064475831453, -2.925289560559655, 12.77868929389476;
  -4.914717977764846, -1.096113054771164, 13.04736631772626;
  -4.80980958505354, -2.462479696681604, 12.89132219886274;
  -4.813403913789982, -2.372826878465768, 13.03395363369655;
  -4.777299001231713, -2.517721383362973, 12.98215533746849;
  -4.694629576135309, -2.268683515457266, 12.96329281319508;
  -4.526951806461069, -2.738455647851193, 12.83992618543919;
  -4.541617927665686, -2.53240099090641, 12.87698574588479;
  -4.574541281942842, -2.20745002336924, 13.0414877587189;
  -3.228463842441835, 0.5614026773133821, 9.467284237095269;
  -4.325648683549976, -2.101462839959424, 12.81351084630001;
  -3.084191694164587, 0.3867239517766272, 9.438628729566505;
  -4.343752944063021, -0.9776900777871609, 12.92789537722864;
  -4.335252572991603, -2.346566048757929, 12.93713051975287;
  -4.280698573421993, -2.141589284953496, 12.78142275954762;
  -4.254363553962072, -1.067507565615808, 12.80221830169486;
  -4.179194257344811, -2.894681967554949, 12.70010089468761;
  -4.216259599483886, -2.92035494921228, 12.81273829698952;
  -4.220081966907642, -2.124122004182436, 12.84754687478626;
  -4.174431607316373, -0.2935971837918129, 12.85703949381303;
  -3.971833559147789, -2.570166605306029, 12.59732216684505;
  -4.031739068243464, -2.759796516300494, 12.76986506483769;
  -3.539594574995965, 0.5899449897491526, 11.30715248431965;
  -3.997817156484743, -2.761214964867663, 12.71066440335973;
  -3.30192527931863, 0.9815608375744691, 10.82415484380817;
  -3.804210863874457, 0.9290657766974666, 12.66623321144559;
  -3.571487785009137, 0.6661920412327668, 12.11572074783337;
  -3.635853552832476, 0.9010530822241338, 12.40593940795624;
  -3.464680940018894, 0.9274482981710061, 11.87869615300015;
  -3.404435519992363, 0.4943234011144025, 11.70030634622037;
  -3.450535595762189, 0.5911834944357712, 11.85846374867025;
  -3.333009534315957, 0.9604287741741344, 11.72907724925529;
  -3.258159289472277, 0.4393620657263459, 11.71516493142056;
  -3.272333791042512, 0.9230559686351477, 11.88888708615377;
  -1.744080262630937, 1.050334672761831, 6.806898995502762;
  -1.804139298487747, 1.038432399067099, 7.277806948684046;
  -1.706495889598333, 1.032270948369104, 7.220403050830966;
  -1.773378139507104, 1.019271987930765, 7.514628929664874;
  -3.218869686105884, -2.619743160131361, 13.07807348614865;
  -3.175079100237268, 0.2773653268697454, 13.07030255892124;
  -3.241866902321274, -2.748897285844719, 14.11451899186445;
  -3.333025439415509, -1.998630929497166, 14.65746457628041;
  -3.332986489880763, -1.073007068242508, 14.89195831331951;
  -3.259312410922347, -2.675903132489, 14.65386258753156;
  -3.234771874895368, -1.109325312410698, 14.5857778453982;
  -3.248957394598128, -1.929468777614393, 15.03436407400143;
  -3.353442722572358, -2.835486969362403, 15.66327826673527;
  -3.430803980195693, -2.741136616634125, 16.23556839599224;
  -3.43093696144379, -2.95262155517714, 16.38507080681955;
  -3.568534364436341, -3.058748810964407, 17.78695533410414;
  -3.398355771325748, -2.808912683154919, 16.98586511106896;
  -3.272136502351311, -2.996420279629076, 16.45379704476298;
  -3.339691649345898, -2.704882998540594, 17.20060202839371;
  -3.674100032075225, -4.321929409301812, 19.05088659894998;
  -3.391163420031652, -2.992645986261596, 17.81989556421609;
  -3.518028288029518, -2.052196318456513, 18.49342273992277;
  -3.40424982740315, -2.807144457802242, 18.05401212285826;
  -3.834950931709194, -3.764786155060916, 21.4556976308955;
  -3.826594880371546, -4.195947776516731, 21.40500219141391;
  -3.764290389720342, -4.215456308871984, 21.37461075694373;
  -3.500853205157789, -2.918426785753754, 19.95214651172678;
  -3.214199094809784, -3.262728488633895, 18.41824329169135;
  -3.691287251584343, -4.758008137253617, 21.22626013189973;
  -3.042781723953892, -2.887189485002732, 17.79337837473529;
  -3.655575861750128, -4.46745612147418, 21.35817163178383;
  -3.495469907195609, -2.893017994756949, 20.73697118437072;
  -3.487793600857983, -4.705099873243237, 20.91265794142805;
  -3.532160771794618, -4.917921134540458, 21.22541078708879;
  -3.689415065650302, -4.675065796467821, 22.43899685001029;
  -3.672851972675102, -4.986874003411193, 22.53027729538999;
  -3.589743958101473, -2.951662128870218, 22.29980573518506;
  -3.821485000176299, -4.777787589084507, 24.14099411205508;
  -3.651151453846723, -4.84392421183201, 23.36644756120287;
  -3.020897273644487, -3.236703928218626, 19.77812485800635;
  -3.674420443260066, -4.804137133262864, 24.02111549847064;
  -3.327427556400467, -2.757491590258586, 22.4571362197886;
  -3.439206824490184, -4.252023496889529, 23.2328468172334;
  1.346989273565194, -4.00984975260937, 35.75788300577004;
  1.966653001032652, -3.71927011318175, 36.20018069272901;
  1.404354396913791, -1.655305732141603, 26.27392155628879;
  0.7150356641583313, 0.9458551416794487, 12.48236476106487;
  2.562574378399944, -6.967532672632722, 41.15845043711276;
  1.126401632554244, 0.07357729916335766, 18.34941539326844;
  2.382621455020392, -3.83994095317217, 36.81691426249449;
  1.406902514909014, -0.3934192645454269, 21.34541799112047;
  2.892535808584908, -7.462944831774196, 42.04834369901154;
  2.28984808366801, -2.370878725038137, 33.3805259834613;
  1.952414411700068, -1.584486271289084, 28.63389674127181;
  3.031941927879368, -6.640656305645203, 43.2502202828039;
  2.755793270609771, -6.465563837944866, 39.42296796025241;
  2.474648877207373, -3.01013078067241, 35.31381600111196;
  0.3775367346937601, 1.076705871961921, 6.382637684181503;
  3.056454419357256, -6.636608703464148, 41.9598566572534;
  1.526697096693406, 0.1845541870448348, 21.57481925053845;
  1.939309977122975, -1.240980950191162, 26.67923832354553;
  1.566572421471668, 0.3161401304027443, 21.71454829696698;
  2.8476323026593, -3.540708416121369, 36.46192635509249;
  2.865944380037861, -4.123916587786169, 36.22907480660349;
  1.997490649393184, -0.7488977387966834, 25.4501273035518;
  2.983442886404067, -4.448059098626347, 37.12180956467649;
  2.239570442672827, -0.8306831613871336, 28.13674361228655;
  1.389317781835842, 0.5135399678954127, 17.80803460377462;
  2.743434118245048, -3.661365309730011, 33.74313290765603;
  1.282797473640799, 0.5709244942357404, 16.4412264048632;
  1.460920816687207, 0.09734552331251145, 17.90233004180231;
  2.304502049031525, -0.862108355097489, 26.65941690063738;
  2.56034857529781, -0.4998478720273719, 29.26706169516591;
  3.114417145561685, -3.871027768227218, 34.18596285172323;
  2.781793710077868, -0.7689127388282814, 29.92316707237787;
  3.039153129331267, -2.917831580737816, 32.50827935015918;
  2.949916495411056, -4.014433483629158, 31.06269130007587;
  1.314120464364861, 0.3169349029117026, 14.51009337129027;
  3.440992469811838, -5.26958465079091, 35.65828626369333;
  2.835852951490406, -1.05662890015181, 29.44307533857648;
  2.694966298545888, -1.266214269323392, 27.95413309765969;
  1.257293627306858, 0.4024759974482877, 13.55539272197323;
  3.339878375125756, -3.371984523767551, 33.83745370060216;
  3.355834628515966, -4.652128133899411, 33.72176794664617;
  2.980975977914093, -0.4849822232888125, 29.74094096749767;
  3.572372271684968, -4.980623225716127, 34.32895604531736;
  3.734574013120259, -4.08359254889887, 35.44105532610165;
  3.587058261860866, -3.077657349538914, 32.96498383788391;
  3.612527594214381, -4.682061832622563, 33.06057012952277;
  4.815068724374621, -8.330064567439143, 43.54469911606967;
  4.861871934597789, -8.084631549900539, 43.9203759675816;
  4.015242612541634, -6.131671213561496, 34.88568136073331;
  1.529006341340872, 0.6065789950555584, 14.07523411624503;
  3.682076779886151, -3.346607239679678, 32.12012117838945;
  5.762322828240633, -8.871741597240195, 49.53450248092793;
