m=[-6.593831213045863, 1.404465907269362, 15.2831034040631;
  -6.383974403160476, 1.074048877929748, 14.98949712000307;
  -9.588331613324401, 1.811745767211325, 23.05256326082895;
  -9.394893450323464, 2.183931190807973, 22.67136855888763;
  -10.20328492041707, 1.672546581936776, 24.61344107543512;
  -10.26901472051628, 1.820037344708182, 24.78345317594231;
  -10.21053875359543, -4.005922186636511, 24.76220971986052;
  -10.43312177819375, -0.2550413370399938, 25.27592422452234;
  -9.569684834350595, -5.293485389625633, 23.28220402068907;
  -10.00157669998806, 1.903972356379331, 24.35001814072465;
  -7.254791102191221, 2.024245948847244, 17.96732817235095;
  -9.99957104112284, -0.3464015410040628, 24.43843854693257;
  -9.953786956883894, 1.714867435195094, 24.58168360123382;
  -9.898582252838729, -5.511907938433886, 24.5229287673332;
  -9.327369864047334, 1.352052713617874, 23.18212624383722;
  -9.283751225074088, 1.526797227654865, 23.49278329323935;
  -6.599746613148255, 1.996082725673077, 17.12390882861853;
  -9.984034605691553, -5.26512420689349, 25.42566088059338;
  -9.567645193549289, -5.82128927900046, 24.45079576391049;
  -9.304943044689853, 1.443031597903248, 24.0073123007816;
  -9.871791138580051, -2.23075088566862, 25.44993634068937;
  -9.742677873591141, -4.618525636955413, 25.1926270904995;
  -9.716001311802465, -4.993589018894602, 25.2141760236277;
  -9.738882393107863, -4.491045861452659, 25.27203216872236;
  -6.34713070518701, 1.947159925921884, 16.84612039798376;
  -9.576626752417843, -4.758036392924081, 25.15468214690982;
  -7.186539083222495, 1.727816827558864, 19.12956423038143;
  -9.528837676676314, -5.051653222641964, 25.09955259784769;
  -9.444094426338412, -4.614406978400887, 25.29764698954745;
  -6.692477492074574, 0.8017831396915641, 18.23602154622908;
  -6.690975507694521, 1.423772330873811, 18.37308493868629;
  -6.922606541208531, 1.660102027261664, 18.98539343220113;
  -6.658239437219273, 1.709902769320687, 18.32973636456416;
  -6.55469231249127, 1.997430574778182, 18.08105927958965;
  -9.115335695401367, -5.133850943018191, 25.06009572944622;
  -6.445975522457125, 1.988188029258331, 18.02360344607119;
  -9.029271349568315, -4.398708438919038, 24.99355638826519;
  -6.481188602199061, 1.34529900668271, 18.20435886471653;
  -6.541996500066988, 1.8385431248954, 18.37447465046057;
  -6.435364619959112, 1.515316253089114, 18.0833227245657;
  -6.450489250587643, 1.13028523381904, 18.1455880786499;
  -6.425139349983273, 1.880355031211204, 18.34305885763207;
  -8.950573352060603, -4.992960712973699, 25.2260482811453;
  -6.538768500152374, 1.622516472191024, 18.77322646891009;
  -6.361575327112104, 1.570307298346311, 18.30961112941836;
  -6.299685192040764, 1.928576781547267, 18.17215024876618;
  -6.331808657904944, 1.69856620977493, 18.26824800272486;
  -8.659744441904122, -4.251487671440215, 24.88498779296899;
  -6.328538184381158, 0.9914325995072281, 18.47159464767299;
  -6.281399540097159, 0.7807140649831437, 18.41738442285943;
  -8.724432866324895, -1.999766918688253, 25.23377787806976;
  -8.678525668652888, -4.745282486498941, 25.12813617988376;
  -8.606328055456292, -4.352943862778251, 24.92321905813335;
  -6.330386936077866, 1.806370611013784, 18.66898678627974;
  -6.167073747776496, 1.957595475457564, 18.24739887404614;
  -8.632946679990692, -2.197770320807511, 25.22182409490986;
  -8.276338806646963, -5.793985236123472, 24.38999804147017;
  -8.422567941870181, -5.896355314290641, 24.82092872290092;
  -8.452343889782586, -4.302694020144901, 24.97127119164911;
  -8.46078816258883, -0.6138157466978811, 25.3373057579697;
  -6.149248338399761, 2.011538475176568, 18.93624364396538;
  -7.677841353410406, -5.025087962887181, 23.64249963741586;
  -8.073673996130717, -5.584533519106608, 24.79486175293187;
  -7.187373290770409, 1.201085362087396, 22.22457143429595;
  -3.466380779634512, 2.099677696829442, 11.2792862913372;
  -6.580238652166381, 1.972036913987137, 20.87269880926462;
  -3.477943451680722, 2.035350321473564, 11.57172648156742;
  -4.187131576963182, 1.986953841541617, 13.77327467207403;
  -6.522420809916358, 1.10337898013216, 21.08196413607939;
  -3.533423317763482, 2.035029318571956, 11.85791116547008;
  -3.486696916627891, 2.12467795911891, 11.75714896068536;
  -3.721771996249763, 2.083532269730395, 12.50582952184094;
  -7.213882195958263, 1.34131785231715, 23.78015030048844;
  -3.443505857609445, 2.102002745416361, 11.91676811596741;
  -7.431716719451131, 1.85865115505536, 24.67387432338613;
  -6.789506354839277, 0.9838485171474727, 22.6552168697464;
  -6.832244436243568, 1.159389809339646, 22.812502957872;
  -4.024276761394933, 2.033008624563593, 14.11795835223064;
  -6.737532802199408, 1.957729867751472, 23.03295344804041;
  -6.543292308192704, 1.015323073395745, 23.07755854272479;
  -6.641156294120876, 1.881833371832214, 23.4518985519499;
  -3.462668554627394, 2.114976359004972, 12.74813307873106;
  -6.516173413106182, 1.786499414716216, 23.64487076202661;
  -3.5683912121058, 2.08139164540839, 13.65467253106173;
  -3.430865767389219, 2.12239620904262, 13.31795957353002;
  -6.615096077383821, -5.599236055649091, 24.86748875267137;
  -6.465179686351219, -5.510645327778557, 24.86390064115928;
  -4.420679015307226, 2.058686443606911, 17.41911480649914;
  -3.387294537858171, 2.072968513361761, 13.58612497720191;
  -3.209617664568881, 2.112855045607358, 12.99192283482483;
  -3.484843688624899, 2.028973563217289, 14.05418899277969;
  -6.354357186590598, -5.249554035032022, 25.13400651178232;
  -6.434585192417962, -5.540537774053777, 26.13523552895138;
  -6.451222574270274, -5.58516037135155, 27.48823326048976;
  -6.866818556859775, -4.198893150470278, 29.54435822423666;
  -3.602019261545502, 2.096177393343443, 16.05288276531562;
  -3.253723374643955, 2.146283810426138, 14.6723743917765;
  -6.352090327418185, -5.310590949007938, 27.97528263458626;
  -2.917104785379967, 2.104317528654464, 13.58488721117758;
  -3.391451594347809, 2.11065772258267, 15.83078408831903;
  -6.560564297191309, -5.622954052600011, 30.03270186451732;
  -5.887267648897431, -5.180147701039424, 27.812605925682;
  -2.773467859003558, 2.093185639335776, 13.57980206865734;
  -2.852311311618118, 2.105122806340116, 14.01969358802013;
  -3.515092823542835, 2.118605019060782, 17.11030207706027;
  -2.73561149706106, 2.011082663022608, 14.06906510184414;
  -6.419963797534529, -5.991944083876328, 31.7653008920242;
  -3.478624148735458, 2.10561177943903, 17.86636237498881;
  -7.023060492461309, -8.405652323586491, 35.97056777238046;
  -3.474730746614505, 2.095463472873587, 18.54154612439887;
  -6.690467437930264, -8.274700097326633, 35.15700179870888;
  -2.522467256399529, 2.044417402472428, 14.20109957800803;
  -2.662667731889326, 2.115056602784027, 15.34405384504267;
  -2.578882446349637, 2.060094261079985, 15.40875908284395;
  -2.310839102968231, 2.075143767434986, 14.19832785562757;
  0.8030331119668042, 2.131179950551851, 11.73554793904678;
  1.999718735728978, 1.416240886963287, 10.83372532489611;
  2.023696137616231, 1.64861440747662, 10.78640172257949;
  2.009369491960807, 1.098763022831881, 10.6901032529656;
  2.033196762897168, 1.423726478857842, 10.75945432852609;
  2.064042519172109, 0.7786030164345493, 10.02208920354143;
  5.92783428099917, -3.730345332236014, 26.78736546311539;
  5.645205866946387, -3.633134703925227, 24.01316597771152;
  6.087532531606828, -3.711345944001711, 25.63053883534737;
  6.027435866278328, -3.492122700857995, 25.01341741570323;
  2.238317028983269, 0.9787229346593915, 9.87249615582585;
  2.600019533165747, 0.5186366631735052, 10.57774748426031;
  11.76992179389186, -7.376103826042753, 43.95337132237914;
  10.55853178059252, -4.381441319435746, 39.42872945913275;
  11.75461395751, -7.39056167645469, 41.9096392761201;
  11.66715893576398, -5.400363417679893, 41.49754495079286;
  2.084936175574612, 0.9693479086648962, 8.201186948581455;
  12.255460347936, -5.586401538497878, 43.16262111264641;
