m=[-3.188226043378326, 0.6139274423959316, 7.216059824447514;
  -3.232921341584504, 0.619247783580094, 7.34063138569948;
  -4.848209488812667, 0.7947299592507716, 11.69536276846204;
  -4.818671887835929, 0.8540413103347799, 11.62948270624421;
  -4.82383545085494, -0.1671055715144503, 11.78920633109436;
  -4.810217692064068, -2.678512579402923, 11.91692131305209;
  -4.532986597126044, 0.6570809262171033, 11.2662271452587;
  -5.055254221302508, -2.654114887257013, 12.50585593782401;
  -4.416256926901047, 0.9139116938734279, 11.07946269395073;
  -4.808538391228132, -2.535803698937427, 12.24557719351095;
  -4.161366592028431, 0.8828894033149429, 10.74051104342459;
  -4.509950161084382, 0.6994132641282088, 11.63594247252288;
  -4.705809716375004, -1.063382424245808, 12.13179614843106;
  -4.717068975993431, -2.236130998025332, 12.19740211205036;
  -3.381174162082672, 0.8129155837741673, 9.000213810659947;
  -4.571531951636866, -2.108143298498703, 11.86295283983202;
  -4.690560637607417, -2.410737847880178, 12.17256130075513;
  -3.308115354381864, 0.688696298339735, 8.886560765765465;
  -4.651593472133131, -2.311090491222254, 12.21822237549436;
  -3.241036287138968, 0.7305207862960261, 8.800324743022742;
  -4.646932046019074, -2.463541729032634, 12.24030876222909;
  -3.23907309082483, 0.6892421948176195, 8.894333113594588;
  -3.310196568848967, 0.793814295506881, 9.078283421629868;
  -3.255252629555613, 0.835981574198273, 8.961516488317841;
  -4.578450976786852, -2.237042026880998, 12.26417603859229;
  -3.116269279926414, 0.9611779096445341, 8.713405990588925;
  -3.150783897061809, 0.6540075759484807, 8.849920020506998;
  -3.144627445321689, 0.8837566895510222, 8.832300243299473;
  -3.1414907419233, 0.7397175236040632, 8.827563670012424;
  -3.135219936472803, 0.5493680651661339, 8.819549540063747;
  -4.418615433651218, -2.488609719807604, 12.14776169074839;
  -3.1004127543918, 0.5258255541950878, 8.814183860284654;
  -4.394621596340802, -2.140888046586874, 12.16457213665232;
  -3.095672371604644, 0.9059668283993664, 8.837800617730924;
  -3.057607731584495, 0.8202315414462361, 8.821671556025263;
  -3.18398035930066, 0.7900662915314454, 9.14141315085862;
  -3.061912104649923, 0.9373694735773639, 8.832429735459424;
  -3.052482919742879, 0.8781146609634564, 8.826006022996284;
  -4.319583140901985, -2.409623168328303, 12.17419360534357;
  -3.029334510996215, 0.474577367080803, 8.841953308811476;
  -3.029453984948256, 0.3765303130569136, 8.88251388500156;
  -3.04628866328165, 0.8692559190427268, 8.983830431893736;
  -4.239867586705514, -2.08155620461404, 12.18385298166744;
  -3.002250875763739, 0.9529953704060366, 8.88318698471331;
  -4.220308484292361, -2.307598859846897, 12.21964310107047;
  -4.182448700746601, -0.95867808017038, 12.09694465166063;
  -4.251000701833704, -2.150088550712582, 12.31054882237612;
  -4.141295133103851, -1.054288398923605, 12.09911531300739;
  -3.011524571442581, 0.8978246312046671, 9.069907715734042;
  -4.083820498610258, -2.078882528662414, 12.06507810124554;
  -4.071682603449124, -0.2584673597363446, 12.05652320355916;
  -2.95338985095901, 0.966111139194298, 9.094787966870152;
  -4.057001310859245, -0.2943285236699961, 12.14939798732319;
  -1.714974888712678, 1.003631812752336, 5.706021564367129;
  -3.97541836239941, -1.928312608765523, 12.00799395497574;
  -1.736195117805464, 0.9999390533631255, 5.826544294695839;
  -3.372120826407334, 0.5635167118687062, 10.42716680484725;
  -1.709522290741341, 1.041726430088857, 5.764512575786648;
  -3.94117001066371, -2.726094221738116, 12.10363034301856;
  -2.076108450191407, 0.9851927470492057, 6.829212650212259;
  -3.168456138269956, 0.4681052843680291, 10.05926376291679;
  -1.690466484416208, 1.031903338693327, 5.850112628118951;
  -3.474521782012508, 0.6460374549905026, 11.45356244448664;
  -3.26787260122228, 0.473538346517315, 10.90423347650664;
  -3.269153160934223, 0.5547551606689193, 10.91552956711133;
  -1.685428813125348, 1.029449408255449, 6.20506134661269;
  -3.234032958771147, 0.4982914942517258, 11.02912474243528;
  -3.181173599404057, 0.9243559553465539, 10.87517130919049;
  -3.134566239220944, 0.4863908378024766, 11.05531168171978;
  -3.153613625242154, 0.3604063073873337, 11.20226512153048;
  -1.729154425379754, 1.008591087882002, 6.616717739382414;
  -1.688865100227746, 1.044762788558586, 6.555848772566445;
  -3.094774659889137, 0.9072972433138151, 11.25992522567342;
  -1.663251117449694, 1.017882312196893, 6.671146337463389;
  -3.195640617550768, -2.704895886223239, 12.0130616675717;
  -3.157520744985533, -2.691336944192265, 12.14324827528924;
  -3.041395413998418, 0.93275458625251, 11.6886248939552;
  -2.998796174037279, 0.8254138291107727, 11.59493205335302;
  -3.114992230665013, -2.57340271461112, 12.32103149235983;
  -3.090540581954143, 0.2674457949669062, 12.22940418656471;
  -3.054637987405722, 0.3283134666642553, 12.22263559243612;
  -3.095706558025753, -2.541203965131312, 12.45749353372695;
  -3.054008417430056, 0.2684608004547381, 12.2886749452354;
  -3.175223892211064, -2.734045379739955, 12.89674808841967;
  -3.2017813881078, -2.771949397299069, 13.64257900454741;
  -3.191760409002044, -1.951684147226051, 13.73248937752851;
  -3.223115968861395, -2.291273211881227, 14.01659023843988;
  -3.180901085001882, -2.917479754885708, 14.29763857380387;
  -3.212495696992487, -2.753378349801006, 14.70604069075656;
  -3.336351383739001, -2.71978336474922, 15.50354662634304;
  -1.389544333464819, 1.010179289259374, 6.979819598283344;
  -2.957338102726381, -2.602132107396779, 13.97104465864346;
  -3.138373242607686, -2.92913754299683, 15.52833839985133;
  -2.739612733191674, 0.8354315157844947, 13.74727623204773;
  -3.244802469722062, -1.061391686897907, 16.44309375260552;
  -3.237175938014385, -2.676483225410407, 16.44328043556865;
  -3.272970815849467, -2.729115114569328, 16.64195704694804;
  -2.699366038688484, 0.8329756895923255, 13.82806843498108;
  -3.243533604717017, -2.921677885066268, 16.82267879600057;
  -3.268960492849789, -1.95586213930728, 17.01336928066178;
  -3.276202073597707, -2.763026597248097, 17.17237750047882;
  -3.193020407428604, -2.926355658885376, 16.97383713116635;
  -3.304738068360403, -2.85726084784554, 17.86248038287151;
  -1.246688458523096, 0.9958948467749901, 7.448932825897431;
  -3.364675267635475, -3.369002601957775, 18.65356594716437;
  -3.561364015163512, -4.491354204457958, 19.74890536884049;
  -3.364650455639137, -3.955701936870931, 18.75446022835325;
  -3.252398108543794, -2.888593315493572, 18.24004857950736;
  -3.376764670222895, -2.883150841136404, 19.08323104358769;
  -3.269415296956264, -3.393250395315324, 18.50868648629717;
  -1.274012736618657, 1.07409460478732, 7.743314423500481;
  -3.001670594851743, -2.91919197931261, 17.43360635211844;
  -1.146053946119551, 1.000727175681524, 7.390049636043279;
  -3.452788233191416, -4.746536631396551, 20.5024739363137;
  -1.612392517242897, 0.9733519653878413, 10.02408853603108;
  -3.574972249423729, -4.808378143381165, 21.49358993343972;
  -3.478218482256368, -3.006456219099119, 21.09061870532894;
  -3.424382958416628, -4.747073365733523, 20.87083064277674;
  -3.699211265085515, -4.736161699669093, 23.28393341279199;
  -3.557222787388995, -4.827638415775287, 22.66390117835013;
  -1.569863278240913, 1.028440738486938, 10.44246378324608;
  -2.841647642906374, -3.123346041484707, 18.48173612134728;
  -3.526108878745329, -4.726420584734179, 22.98312884557034;
  -3.5249680710953, -5.06757603116736, 23.40349973125064;
  -1.65342237213405, 0.899777243611953, 11.45300211133601;
  -3.114907528836554, -3.945693236877226, 20.94742847727319;
  -3.270810194258178, -2.794196997319452, 22.02976966455413;
  -3.452889903153967, -3.053643819049129, 24.4903862026101;
  -3.504527373274873, -3.479529174364814, 24.89144313286731;
  3.580050164795594, -8.975479783598599, 49.38422030089634;
  3.939858973210494, -8.34416174568705, 51.44785688942471;
  1.395487152791149, 0.3462369257033371, 16.23899397739874;
