m=[-16.91976066538194, -0.4080199853811085, 22.28424134961855;
  -6.229347295744304, -0.4410360928840554, 12.34605242976053;
  -6.187250949770121, -0.3760513878930713, 12.28725812360564;
  -6.204002542767793, -0.3862659264751893, 12.47271469475067;
  -5.707719860574518, 1.903643160721335, 11.54879063637138;
  -6.280951201862304, 1.018871117292897, 13.41725012403624;
  -6.236174563528652, 1.309987369332225, 13.45130458186841;
  -6.222762714755966, 1.677980182964691, 13.43436859535296;
  -6.275434827305014, 1.829863144917155, 13.57430996242134;
  -4.508716318916999, 1.955389094614378, 10.34433034624279;
  -6.381627127142889, 1.885871234319648, 14.53586465594495;
  -9.470115999840054, 1.938787573308466, 21.44582201695399;
  -4.966608375029708, 1.949020520154239, 11.88410145494099;
  -9.639223591464102, 1.284381547634897, 22.21128701161696;
  -6.857176017289449, 1.894071542806232, 16.12360959685046;
  -9.896637156779168, 1.829273549973214, 22.86806026938499;
  -9.513952597325631, 1.514269141233194, 22.11736524030895;
  -9.353094455675144, 1.612830262421128, 21.75955840112561;
  -9.154985512338062, 1.775523788800728, 21.33328867238165;
  -9.747548256912655, -3.891412038526767, 22.77776979487353;
  -9.404963897454719, 1.746730328465512, 22.05757898106994;
  -9.567024492646201, -0.3865034441503861, 22.52372993507024;
  -9.274367832480619, 1.561167413029593, 22.07709529706001;
  -9.440865778964392, -5.332583982268586, 22.52914317920183;
  -8.224162085756614, 1.77437547454365, 19.72446761315656;
  -9.075580800821658, 1.268262566987422, 21.68252213782208;
  -9.037809741027173, 1.347881566786817, 21.71688572333234;
  -6.137346996262106, 1.836342442806386, 15.07657036871805;
  -4.943490384096218, 1.987433826736783, 12.48770189539575;
  -9.178453701835146, 1.59698745684608, 22.49913964641863;
  -9.351662480797685, -5.019026946725136, 22.98919104756486;
  -9.315276534478697, -5.433159762358438, 22.94696163723805;
  -8.992992995883242, 1.359336354677955, 22.34686144785855;
  -9.190039070713294, -2.139370879439076, 22.86329400256236;
  -9.259870536804266, -4.459717373551551, 23.09104215574963;
  -6.548148006704877, 1.526730568316432, 16.59534246372904;
  -8.729943183237387, -4.09519147795411, 21.85337810687385;
  -9.257603404398589, -4.808663078249647, 23.14101119389079;
  -7.127270754306808, 1.400949658337562, 18.09456883963723;
  -7.201824383807624, 1.642303413475434, 18.33261437139885;
  -6.49408819532484, 1.852994328300812, 16.69960551398588;
  -9.150651112203118, -4.617342700333872, 23.17877631190896;
  -9.171827098320486, -4.933873215959409, 23.29418184884997;
  -8.552135979090908, 1.15969592404515, 21.78798489579174;
  -3.401697059920561, 2.076067462955253, 9.294337794976631;
  -6.434230359428689, 1.321339412895479, 16.78723060245676;
  -6.486574728383939, 1.177010645942087, 16.92275190565271;
  -6.507374274170226, 1.521123472766746, 16.99063042183155;
  -3.50338289335081, 2.011616736601873, 9.607749718413581;
  -6.53134902966615, 1.640104798694362, 17.08572080580105;
  -4.968374549322021, 2.00047537063013, 13.23107948577426;
  -3.433182248473781, 2.047204378321188, 9.455957802158093;
  -8.998459829415198, -4.468470729154237, 23.25285051311483;
  -6.168363451955581, 1.889227917686654, 16.39215765615697;
  -6.273957221098436, 1.277244454031386, 16.74803712689134;
  -6.207834023037624, 1.71606180157203, 16.5765306755716;
  -6.278671287610849, 1.459666754365018, 16.76638402487594;
  -6.24989325008552, 1.067355587673583, 16.70422713369978;
  -8.714717680676889, -5.402994615466192, 23.10637305420896;
  -3.37022878877585, 2.038723408596207, 9.515713933594297;
  -8.659304421567752, -4.954792908543075, 22.96287400313508;
  -6.112210095772395, 1.822398340054781, 16.48607844919663;
  -8.675834268482795, -4.296415847784952, 23.15771022356469;
  -3.370289087594331, 2.106240318684812, 9.59410545745191;
  -6.125310765122159, 1.766119382018314, 16.62624683886158;
  -6.083822039317059, 1.896891870036989, 16.6043614138686;
  -6.061744057841353, 1.601234322868598, 16.6265526399205;
  -6.365354025590942, 1.560234678718586, 17.40618294808822;
  -6.106816628777791, 1.846942655748519, 16.74388117263455;
  -3.359654716665623, 2.045137442145404, 9.673913173850968;
  -8.428821008797264, -4.779897560440912, 22.92343572501901;
  -5.956153328126578, 0.9069391311790129, 16.53753109900653;
  -3.380960835320668, 2.027219359769637, 9.829082984325485;
  -6.000610622467524, 0.7176016390366813, 16.73312031895925;
  -6.028545834841643, 1.68681167566981, 16.91763260436371;
  -6.043986967481986, 1.417147761679898, 16.976098177195;
  -3.34942309902596, 2.09333403456509, 9.849268322912645;
  -8.414488604115237, -4.207250118982723, 23.32262605229287;
  -6.000486511863747, 1.881153794936349, 16.8807655204271;
  -6.020033817338782, 0.7863472669738941, 17.00456410517251;
  -8.312378108788344, -4.616188317291772, 23.21583526882405;
  -8.22989781486576, -1.947140411823098, 22.97224477016244;
  -8.49762003639607, -4.381641496943363, 23.74441522424392;
  -5.727702567139045, 1.874147240040915, 16.30843448334855;
  -8.144881581030223, -2.138084163610917, 22.96706195341051;
  -3.362523325685675, 2.036805886541929, 10.05339722345894;
  -3.357559615315171, 2.044986034482256, 10.0526469334309;
  -6.139772331730779, 1.354387046719173, 17.58498717359051;
  -6.060737102270558, 1.548021811079224, 17.33633022843528;
  -8.003923793698, -4.147197657303455, 22.81117341853772;
  -5.549444476479606, 2.071917531459797, 16.21269661028086;
  -3.399800094294293, 2.034117942951188, 10.38988622491824;
  -5.838080412457851, 1.885064695749557, 17.13102881601244;
  -8.043027409227069, -0.6289072478507614, 23.25046526982758;
  -3.420578555410593, 1.99796237166786, 10.47897460751411;
  -5.063761826486852, 1.941767765099576, 15.15924929839817;
  -3.453663735787638, 1.984798807283646, 10.69611689649151;
  -3.585501197359905, 1.954593529962017, 11.08932154255184;
  -6.554528243328643, 1.053650895277076, 19.46157263125464;
  -3.38961979345184, 2.064049483709756, 10.54354587151588;
  -7.729820542281923, -5.441762624635389, 22.91741967096257;
  -4.187304103830381, 1.979650556549187, 12.87006927846191;
  -3.573154460779699, 1.999393461932677, 11.13844932055967;
  -6.006905998899891, 1.77175646626173, 18.24954823876355;
  -6.59429862456942, 1.611062081235903, 20.12209260034154;
  -3.35907705483764, 2.047431435467267, 10.73587610143783;
  -6.957128641909478, 1.245650263660842, 22.09357648168143;
  -3.94753107763256, 1.986038725548774, 12.96793823196975;
  -6.360185208218619, 1.665864611462181, 20.38705063238582;
  -6.525633355409473, 0.9049585501361351, 20.9368288395164;
  -6.491517055232809, 1.066646920814419, 20.85101914151022;
  -6.250724550821017, 0.6902622564801882, 20.43618083949569;
  -3.330063011709932, 2.028407362423419, 11.39054121814974;
  -6.255828938520931, 1.777303635983046, 20.57759469684605;
  -6.193659403505426, 0.7936028541841881, 20.80967074343027;
  -6.244565676395661, 0.9286418803383597, 21.20036447618523;
  -6.060955985636967, 0.7234240791952208, 20.6303627238594;
  -3.410407483150293, 1.983416091126591, 12.19694336100185;
  -3.382736565800038, 2.082433028589536, 12.24080725037227;
  -6.379177872040244, 1.754371225572052, 22.91628193251314;
  -3.327833297146658, 2.024718240568317, 12.46262908905903;
  -6.2032370847309, -5.333125786564864, 22.51459777708151;
  -3.191660019038606, 2.096865223446733, 12.03158840888631;
  -4.224627515590765, 1.951179892114041, 15.81358502118071;
  -6.175277348048731, -5.361728958092916, 22.95896315742925;
  -5.909221757487421, 1.577504463313513, 22.05822419371073;
  -3.299074037143407, 1.924017826048896, 12.81107532761296;
  -6.074238480584576, 1.73604756463173, 23.06786075006637;
  -6.126914645784412, -5.154225679277253, 23.43069585503241;
  -6.088739881018672, 0.4861032572167756, 23.32810958474347;
  -6.027435504339035, 0.5959056873177088, 23.34537885165182;
  -5.918219748010086, 1.788153559229245, 23.20438928774955;
  -6.276365990926053, -5.501634377099726, 24.68648649194029;
