m=[-3.142104292584486, 0.6600387616605131, 6.777456505905571;
  -3.13970724710077, 0.8466282232573161, 6.778337271166032;
  -3.14874360995386, 0.9181467170335286, 6.811005600398015;
  -4.997982056996931, 0.6659577784980229, 11.51665514276228;
  -4.794873963703322, 0.7631664762949754, 11.14678443597511;
  -4.882377854785488, -0.1443617785068539, 11.41003570205469;
  -3.138882506339493, 0.9391783082957906, 7.710755643242503;
  -4.447471997950976, 0.6215097828466596, 10.62548085563684;
  -2.40265070688094, 0.9674076532732977, 6.398402971376508;
  -4.217763661763583, 0.6375363000393123, 10.48080213254811;
  -3.261741728172555, 0.9306909208650662, 8.387597844482864;
  -3.274581705409037, 0.8737382393584868, 8.46141192925702;
  -3.236689430891654, 0.6646894925159506, 8.444685506991586;
  -3.256619017666901, 0.7612470746141871, 8.502970295333439;
  -3.13975860369532, 0.9472890931870032, 8.229806094410719;
  -4.220515635551742, 0.5723148920789806, 10.75246361197699;
  -3.12628584095084, 0.9575094813066404, 8.307968682816597;
  -3.163861462001234, 0.6440950046766835, 8.445781085619231;
  -3.143738426904147, 0.8690389286381944, 8.394598869131841;
  -3.082302657046636, 0.9190101710727261, 8.313700382024678;
  -3.100038042338893, 0.8938382853559003, 8.414593100364879;
  -3.01632772833728, 0.9404692491452972, 8.23235713015821;
  -3.069551977272989, 0.7432997378295468, 8.398613076153163;
  -3.065005282820643, 0.809633599141713, 8.406899266974225;
  -3.06574638019667, 0.9272028465058202, 8.405769522134996;
  -3.023410791908708, 0.4603725602331677, 8.394637821049667;
  -3.021585834167924, 0.361345716879275, 8.425902378648857;
  -1.713166929901383, 1.024996615898486, 5.235487085208333;
  -3.037008084999328, 0.8497672303116929, 8.522616963706046;
  -2.995771915646694, 0.9391751313398303, 8.427803839026593;
  -1.723189286887171, 1.006516090389414, 5.279006603332778;
  -2.918809493287217, 0.9550563584487651, 8.310699243314042;
  -1.704770595212165, 1.038090134382866, 5.302756080712701;
  -1.753022625592978, 1.007451067214186, 5.429172137182815;
  -4.100262465692638, -0.9700954891092751, 11.44512788648002;
  -2.648076811874093, 0.9886749555614302, 7.736353815881308;
  -4.008827480733527, -1.052343176009743, 11.30415319051154;
  -2.928330492772726, 0.9455320994951478, 8.592775451919088;
  -2.554520926830685, 0.9795655010957487, 7.647401456609969;
  -4.019361996145125, -0.3142853757046308, 11.61901256124375;
  -1.785989741180638, 1.002657073095852, 5.823619752080216;
  -3.101225618857321, 0.9147165853025306, 9.421816579282423;
  -3.646443458135037, 0.8784589573599139, 11.41683832885243;
  -3.496569566942678, 0.6260489099961782, 11.10396704258224;
  -3.263910219752713, 0.4526309247505355, 10.47192293784991;
  -3.268572007894846, 0.5370720338585333, 10.4987874054928;
  -3.141519660748118, 0.3469153747176474, 10.27091553561532;
  -3.197825440125349, 0.9085137777628587, 10.51875881915031;
  -1.758771191934211, 1.022861666802905, 6.290049713698077;
  -3.142029735119524, 0.6855621626112576, 10.54341791147883;
  -3.120762022288625, 0.399867911160269, 10.48524400868292;
  -3.140969513450311, 0.4670998731075156, 10.6636236921073;
  -3.146712110496016, 0.872763288844321, 10.70416947189066;
  -1.685670459676107, 1.025594560346447, 6.312781870215519;
  -3.103536476257244, 0.8291274857882598, 10.85133376050698;
  -1.701926612993949, 0.9868060780037332, 6.429876444413778;
  -3.082160363877383, 0.8228023807879448, 11.50523488498833;
  -3.02667973471159, 0.8650401197057681, 11.49428473685075;
  -3.039769382564781, 0.3005284522581103, 11.77359223612439;
  -3.028177069962783, 0.243683887201182, 11.79201887759065;
  -3.001439026805327, 0.8588842990395215, 11.72333760398581;
  -2.942965041502039, 0.8891987181480617, 11.53889334815808;
  -1.380279193358558, 1.01906675623754, 6.371225966055761;
  -1.397228077830934, 0.9013178628892533, 6.457608325774467;
  -3.265329037203586, -2.031650146804925, 14.43020573530057;
  -1.408352135184156, 1.032146938890956, 6.797808945888233;
  -3.069550730989209, -2.547288852444614, 13.92254304066528;
  -1.66676922561255, 1.038763713078965, 8.123005360625067;
  -1.389709903557064, 1.01953684491829, 6.968356350417336;
  -1.700087389182437, 1.022805073427914, 8.325595535498689;
  -3.177458145282773, -2.828825272382094, 15.27180122096342;
  -3.201784082055682, -2.767346505095067, 15.43067574340657;
  -3.038521829093015, -0.1808862085635229, 14.85798109224783;
  -3.120971704555704, -2.652585522933194, 15.53410672326422;
  -3.148501717511788, -2.903898626880459, 16.00429913766351;
  -3.297290146295398, -2.032326123360263, 16.8219867319015;
  -3.208230531385139, -2.777543003635288, 16.49679901366999;
  -3.068680657106547, -2.874092734966869, 15.97513863783357;
  -1.63579288933431, 1.0177049088574, 9.163997085667237;
  -3.014263047017846, -3.084305880125656, 16.46451051459822;
  -3.444600816325611, -4.145898752587184, 18.87899131342357;
  -3.433246422311387, -4.009944344140635, 19.0510817648428;
  -3.13183783548658, -3.327869353492169, 17.42833406672499;
  -3.31415490196982, -2.90167390674227, 18.42170967036296;
  -3.030262479730698, -3.019506387853787, 17.1956389058258;
  -1.574492821509, 1.052674403584471, 9.470779954388044;
  -3.223413580024958, -2.804986839569506, 18.69846277511194;
  -1.609465129897955, 1.020980536809035, 9.839980757288132;
  -1.620986840886261, 1.063034631555533, 9.895456568847104;
  -3.460151419730603, -4.586321508027135, 20.66828522728943;
  -3.171775512716898, -2.752720125764899, 19.36632211270156;
  -1.593518792468277, 1.034915383211901, 10.22246122385951;
  -3.488310320995229, -4.567012535526719, 21.72230862838812;
  -3.373532737210756, -4.682221256789326, 21.25047772482145;
  -2.705811373759857, -3.052491468871404, 17.33640516091129;
  -3.279846735935094, -4.500170260784806, 21.16903602164404;
  -1.706200143262104, 0.9166403367098368, 11.44697854355688;
  -1.618056505086268, 0.9748173905794512, 11.04943852378706;
  -3.143616008814566, -2.771260826565526, 20.94106507696516;
  -1.617578677885355, 0.9230048859647765, 11.20715713204075;
  -3.372281012779994, -4.387840337718838, 22.48737923904297;
  -2.912297388183806, -3.179086562494199, 22.16985770284338;
  3.86581867438567, -5.602650788581022, 36.5527914283124;
  1.384272928018255, 0.2567845993077739, 13.44674696291823;
  4.25744521652721, -5.864459549454437, 38.01830897285245;
  1.562103524609385, 0.2318714974563981, 14.60063763922464;
  1.36831538887252, 0.3514639879361788, 12.90400643067536;
  4.613567435776135, -5.92381884060581, 39.26505905602929;
  4.224235552193242, -6.40323530799113, 34.39705542223892;
  5.028057950562434, -6.932823308309295, 40.09754648659527;
  4.658442345684476, -5.949845543100084, 36.65378117733408;
  1.532926980614088, 0.4473248888122592, 12.73873889628108;
  1.595283851821478, 0.5423620209421868, 12.99004056760139;
  5.157767313321599, -7.658418934252227, 39.33567282633861;
  5.224741562530652, -7.39623515080602, 39.74890141227467;
  1.626786123173515, 0.4461819207395715, 12.90430412488662;
  4.651895226948755, -6.675020503545256, 34.3664174808768;
  5.229394505084625, -5.859510843631967, 37.99645711293851;
  5.125259365640993, -6.379642869584774, 35.86653773066119;
  1.774163431657381, 0.4433267845713625, 13.04682811054168;
  5.550247908942012, -5.537735561768509, 37.61284692757456;
  1.61735025197577, 0.3246644238070765, 11.61603296896656;
  6.009683553989317, -8.155273890228303, 40.10063751096219;
  5.21849991825674, -3.109651130125158, 34.81572803869444;
  5.698609684105302, -6.81453368562456, 37.70392889667674;
  5.685362729920445, -7.09001773716106, 37.52296519221635;
  5.375326126958054, -5.625293628377713, 35.39049816926313;
  5.352251317571343, -3.796403643248854, 34.08337598053684;
  2.182049195631765, 0.199013628762331, 14.39731810623172;
  2.040366444136414, 0.4563938458166926, 13.36315752569177;
  5.529851662702022, -3.549525381170296, 34.43501014734189;
  5.686676472261209, -3.876631840014928, 34.28715202513595;
