m=[-3.091717811475448, 0.9016337207584624, 6.222920188251345;
  -2.981925905616824, 0.9114213051247577, 6.040235728559514;
  -3.027436836691172, 0.7435617327438879, 6.163910546509277;
  -3.481887235555722, 0.9603748685233824, 7.716178996721764;
  -4.970208708337133, 0.6009638996675608, 10.63476149227679;
  -4.910616234394421, 0.6489780768594611, 10.85482919696277;
  -4.768366263108018, 0.8753465032958815, 10.58589269913597;
  -4.847287992771977, -0.1503273887121311, 10.87562526984261;
  -2.31203419418603, 0.9334905464732418, 5.723768430917161;
  -4.506825518593474, 0.7602195585579289, 10.29359928187152;
  -4.515833383804292, 0.6224372458632622, 10.33789281824413;
  -3.376536589179293, 0.694918893559104, 7.993991217059806;
  -4.579031346944807, 0.6721483350692599, 10.54387871592802;
  -4.312537394611751, 0.5082451062586494, 10.05969659975822;
  -4.317004292870109, 0.6769340155047814, 10.12979103679135;
  -3.236936438374881, 0.6706960853567273, 7.900872150781429;
  -3.19796799206418, 0.7399840265268755, 7.895038772638078;
  -3.169803995901297, 0.7899949752105958, 7.844182086496799;
  -3.141811791937446, 0.8919193318707586, 7.785684000186409;
  -3.086971521563402, 0.9445599222952187, 7.743854195135456;
  -3.111974026265252, 0.6250453497425949, 7.847219412202352;
  -3.112884779283896, 0.8602992075557597, 7.852304228942205;
  -3.074779233907425, 0.9146491191619922, 7.83108603894252;
  -3.045551861835162, 0.8815050457550157, 7.814368325856547;
  -2.97455759049954, 0.9272802059519147, 7.671367920746431;
  -3.032787974741951, 0.5205685931066544, 7.829326299809301;
  -2.029719900391057, 0.9945559548348434, 5.677000187718671;
  -2.932201404373681, 0.9173308637653785, 7.802702077126181;
  -2.884759536527436, 0.9422053539870561, 7.752509571309373;
  -2.509614568505123, 0.9436972819502597, 6.927045944703265;
  -2.861916665799459, 0.9567875356945533, 7.875391905848971;
  -2.50728511870009, 0.9605105724380495, 7.051113568351816;
  -4.09524875684268, -0.9801703372360611, 10.97293081106199;
  -2.896069801354292, 0.9324208264358987, 8.046789190562231;
  -3.994566931566513, -1.060735348251249, 10.81193920904745;
  -4.010181545369986, -0.2938884630772133, 11.01151713308078;
  -3.945788835836363, -0.3259922521866361, 10.96580268241287;
  -3.097897165249502, 0.9098045171474121, 8.946575162663381;
  -3.118469117798491, 0.4375172754486593, 9.033903506234614;
  -1.668800869670257, 0.9931116698262504, 5.322029791463543;
  -1.751759692037579, 0.9844153624235207, 5.665363014225927;
  -1.671765104761845, 0.9751300942662572, 5.453738344352498;
  -3.598411974557721, 0.6471932472578857, 10.75827123840805;
  -1.728458580232106, 1.007391780265984, 5.713763421524355;
  -3.417461264180974, 0.6018503312707066, 10.41906288582729;
  -3.207195742171787, 0.3633835420024962, 9.909705430423278;
  -3.182611467084219, 0.3415372700657879, 9.949427539032934;
  -3.166771803656388, 0.8956994218513812, 9.972135018860966;
  -1.691599856942361, 0.9751561602065419, 5.797687912246946;
  -3.084973717566765, 0.3865950299575111, 9.922381321058657;
  -1.66253686854439, 0.9938835456282523, 5.867462419674729;
  -3.076956296967205, 0.4612984392577637, 10.02034147974933;
  -2.984999220633168, 0.9642390119720475, 10.05665313179974;
  -3.093122466059152, 0.8810974704722263, 10.40988860272001;
  -3.231169839527622, 0.7192916766106935, 10.9506783473985;
  -3.001792276575706, 0.8964881223477227, 10.71970781742336;
  -3.108819894004655, 0.8144529878896766, 11.14686258467064;
  -3.023601681147848, 0.8576884631078124, 11.06156261139772;
  -3.04193803152449, 0.2327667901017086, 11.22492416951679;
  -3.017034628307307, 0.2889755003180851, 11.25678418711429;
  -2.738015947887411, 0.784326540567057, 10.39334755506296;
  -3.062491308607998, -1.051795753406843, 12.3236461282585;
  -3.029472275683976, -1.919316354504489, 12.23253664132096;
  -1.663732373870809, 0.9968245511511144, 7.262586228268694;
  -3.090684676163443, -1.080502896081967, 12.75342474105432;
  -3.104394646027838, -2.693434628257287, 12.85442374160608;
  -1.393824351185416, 0.9998638339949679, 6.37174241733055;
  -3.241037828912517, -2.042580173941341, 13.89476887370362;
  -3.106774553636106, -2.744375423941864, 13.40880323410214;
  -1.635916058659889, 1.017306125421338, 7.530152182045965;
  -2.931992604472637, -2.656508069859662, 13.00722989435888;
  -1.294819626363768, 0.9922153099401548, 6.353196709491551;
  -3.173522217806609, -1.993381066968341, 15.08510593742955;
  -3.092918736288675, -2.659318135558078, 14.97408174935036;
  -3.1739581755844, -1.111378395769559, 15.35081222463641;
  -1.177013347616894, 0.998630179835869, 6.405687005237442;
  -3.090542505202665, -2.88108890624638, 15.27625217913455;
  -3.293979434486382, -2.064135890228094, 16.379966671785;
  -3.351559256149457, -0.2280830426435031, 16.68653124359976;
  -3.433539550969255, -3.99560304911711, 17.5507318831086;
  -1.119942070707315, 0.9800729009135466, 6.41409755516494;
  -3.188860904916828, -2.861251945113689, 16.49987723914573;
  -3.13212715132922, -3.248183278981654, 16.66235451307954;
  -3.374317769526555, -4.102710136510794, 18.0595662194897;
  -3.223091945456332, -2.979832931277702, 17.34886044508524;
  -3.299374946106769, -2.926135462826107, 17.92019825144507;
  -1.536062283959796, 1.022475026703517, 8.839628116195522;
  -1.58100238360442, 0.9446712263487773, 9.079460765801708;
  -2.876929577285673, -2.90576829844675, 15.98893163089339;
  -1.505054514013644, 0.9511470193474095, 8.827814242181605;
  -3.45688676641132, -4.152811126963431, 19.2427646030922;
  -3.216377392306176, -2.838890205019071, 18.26294411571297;
  -3.16301118391599, -1.119258249532747, 18.02194761649848;
  -1.519736588172443, 0.9846897616836664, 9.389765741746521;
  -3.384659923145697, -3.049923850203189, 19.85447410076558;
  -1.502982188376611, 1.027944165792408, 9.595361356306924;
  -3.514856802887897, -4.661045393539218, 21.48842242858977;
  -2.590435852744714, -2.962830596200193, 16.2016367010847;
  -1.655167610374532, 0.8796822177702971, 10.74801346161856;
  -1.580776774270071, 0.9463686062147635, 10.41894254858809;
  -3.387948623900357, -4.871441512181082, 21.72271476545776;
  -3.429496240727799, -4.542871141034145, 22.41786647184686;
  -3.238308521840622, -2.908604320048151, 21.211608391721;
  -1.542259793575554, 0.91758993984618, 10.70544199187332;
  -3.213439425654041, -2.99103189968281, 22.28287115331214;
  -3.002358915223367, -2.899868868768315, 21.67258744980761;
  -1.511908681846232, 1.012027317289334, 11.50530417720746;
  -1.553453199848722, 0.8673514777824805, 12.19699492993702;
  3.207597636505913, -4.681405574406358, 29.59058552969321;
  1.373682707470375, 0.2218197594975495, 12.69764829934163;
  1.29043447139952, 0.301807589568215, 11.57820555452697;
  1.392777674280374, 0.4274804371051227, 12.05666591242544;
  4.483615013784427, -6.860756903291843, 35.80639281144434;
  4.206248148396126, -6.177842158840018, 33.12280117096095;
  4.598304514061959, -6.86238953839562, 34.28700114371075;
  1.55755804513141, 0.4222354602490817, 12.30657234693313;
  1.571895081775058, 0.4992202383788979, 12.17070258052183;
  4.84180366429609, -7.002513097129882, 35.00362473227486;
  4.755622027162753, -5.384789581757368, 33.81118863198315;
  5.043795901769946, -6.333585922517822, 34.53810334640969;
  1.751478300419342, 0.4033404103671238, 12.25101245239742;
  5.488399523566185, -7.510140070379545, 35.92745367236113;
  5.115749413221755, -5.790003812169189, 33.39371783185086;
  5.249561015164214, -6.336671763289519, 34.01930796063751;
  5.400129830454302, -6.783987105352607, 34.88229601348832;
  1.751127260433564, 0.473342643095145, 11.92243157853431;
  1.58483751722494, 0.2890798846387983, 10.84062464971055;
  6.097542615244159, -8.154183625214012, 38.39026765838523;
  5.843892600090281, -7.315631260756938, 35.43260236813875;
  6.236828605299235, -8.340556365394562, 37.43689967504107;
  2.107156109350834, 0.1592515106312878, 13.30044716559064;
  5.544580153005592, -5.389719473582216, 32.631121060384;
