m=[-6.136989567157904, 0.03955940146745907, 8.45471329098263;
  -6.076176414227549, -0.4307169463329388, 11.09893501849589;
  -5.992919572724047, -0.3664789702312593, 10.96483331247617;
  -6.069295361420808, -0.4504306210066073, 11.18560622204943;
  -6.142343551913601, 1.259296533044295, 12.30803087467882;
  -6.098178553552358, 1.778404031144397, 12.27423741313324;
  -4.197306911520359, 1.896980337001626, 8.737824045247949;
  -5.806095089614746, 1.774624498310761, 11.76091697571893;
  -10.92577193421841, 1.333401918958804, 22.55779007428975;
  -6.247225719247163, 1.845726817008344, 13.3131468676382;
  -4.748542231854263, 1.869575809099604, 10.46000746811547;
  -9.814261711448582, 1.314811278364676, 21.01789475134667;
  -10.27749533351257, 1.242684972983618, 21.99076900464036;
  -9.355979142035034, 1.70188268120686, 20.10914846418354;
  -6.952723020351014, 1.917701523577167, 15.40786697277803;
  -6.700611455652708, 1.754070252944528, 15.06285049651472;
  -10.72523206072544, 1.417427089473912, 23.70793329389965;
  -9.903559124899635, 1.562718172924646, 22.08314273592425;
  -4.577093283254142, 1.84625020617481, 10.69415471758896;
  -9.917085872092383, -3.981270869575743, 22.21062390643303;
  -9.982234702706112, -0.3095758450100443, 22.39665646937709;
  -6.228117973024685, 1.857140911070029, 14.35212895805314;
  -9.798483174195281, 1.485125446651595, 22.0755758055008;
  -10.48102243749169, 1.938671563123763, 23.57944132816638;
  -8.852929733101677, 1.220238377406797, 20.2666110393895;
  -8.938843108231836, 1.924539435524589, 20.45154591243682;
  -4.674160331930933, 1.865468286170898, 11.15143354722184;
  -9.901393946240422, 1.670185212155318, 22.61480529788865;
  -4.684603749235496, 1.90074963705724, 11.32837536493657;
  -8.791966130329522, 1.036158843680952, 20.5086944630257;
  -7.191076402018156, 1.651307900754944, 17.20143587515311;
  -6.627457982196084, 1.295150404228302, 15.97193940758852;
  -6.381061361269769, 1.816618963012458, 15.50454551095735;
  -9.481154343091435, -4.593687942148716, 22.67296995750411;
  -6.726044163501425, 1.422443276460075, 16.36323509682526;
  -6.339249799454285, 1.78926438156066, 15.51285565970196;
  -6.382635689142832, 1.476890471957939, 15.75724221207118;
  -8.455524359815593, 1.133729549057035, 20.65109926196885;
  -9.585263787818953, -4.439899234398572, 23.33396635404343;
  -6.246535638346647, 1.773309880419455, 15.47946083240049;
  -6.146365686506408, 1.880681650183876, 15.41852892837311;
  -9.216784713712441, -4.604223606200523, 22.8471143980324;
  -6.207620663079233, 1.246811315157486, 15.65326733442078;
  -6.15820099371215, 1.422153779871508, 15.53911618966214;
  -6.18817127972753, 1.710207484580779, 15.60976616693195;
  -6.031789091821469, 1.794265591157406, 15.3622279043371;
  -6.149035255348138, 1.008117515517388, 15.68918390369951;
  -6.092631952770645, 1.763452422399183, 15.63265782778166;
  -5.786081283163355, 1.803736683748388, 14.92227230168922;
  -3.168438063993391, 1.936346170908255, 8.594446357071544;
  -6.011251541156836, 1.583790470158871, 15.57728162300761;
  -5.96953406231565, 1.804699284636202, 15.47435028479087;
  -5.957335112033401, 1.689845121995206, 15.47655770642902;
  -3.239398684571384, 1.864675017130604, 8.83790206652305;
  -5.948739486432284, 0.8972077598180175, 15.59242640260287;
  -3.241332627570603, 1.853840899324378, 8.988607233101581;
  -3.199854370956407, 1.919809883031596, 8.890810493023386;
  -5.934680854078074, 1.646919259125593, 15.74781862365065;
  -5.793310710418461, 1.812420766909952, 15.41622531323866;
  -3.215556984146507, 1.883421751993261, 8.964420893791553;
  -5.755288548101686, 1.879762806951111, 15.46677599635043;
  -3.243192844988394, 1.936803093037137, 9.147905402615917;
  -3.17603959891504, 1.938939049932709, 8.996499579801691;
  -3.296960875475658, 1.900592197952579, 9.313241950486788;
  -8.292400263757873, -1.984730414591563, 22.21890286879655;
  -6.066281420026669, 1.770536499377829, 16.46903029804997;
  -3.922711424243846, 1.922115462990105, 10.97157961919178;
  -6.328556462247351, 1.642620675360998, 17.17869121669516;
  -4.813919933054971, 1.810191578165792, 13.28739678549828;
  -3.769715983292005, 1.902995231676851, 10.59956299798868;
  -3.335409679091431, 1.871809723038636, 9.522746816810789;
  -7.983771497954128, -2.120046749828694, 21.6093643124799;
  -5.838805975346453, 1.952012386422794, 16.06716431249442;
  -8.182219845166737, -4.269755565054528, 22.35618733799107;
  -5.691066483859829, 1.832300074984642, 15.81274465265968;
  -4.004001532848213, 1.897380728401988, 11.4207738692605;
  -3.1632736748599, 1.929081923004122, 9.226183485411664;
  -4.911891439319233, 1.881686140497692, 13.8134686461232;
  -8.323553873526199, -0.6099964372075105, 22.85556278425254;
  -8.217825653541445, -0.6789383832567035, 22.83828616898222;
  -8.06052766351683, -4.01470425187217, 22.51586678101337;
  -6.31450946805221, 1.85447383536416, 18.23599382348405;
  -6.244604233563849, 0.8761100807221665, 18.09001466734592;
  -3.205058334594568, 1.904649204834381, 9.827366331704733;
  -3.291792550468022, 1.917263968709611, 10.07602445490238;
  -3.156612025891688, 1.927584880944145, 9.91451248122635;
  -7.449664727524604, 1.339861233254642, 22.27246750526988;
  -3.162923922917258, 1.882271705216944, 10.08698859872029;
  -7.14862793547872, 1.258947434516132, 21.79454227844328;
  -6.512565693301046, 0.886859408877637, 20.00612310617942;
  -6.585834534907112, 1.06610850501622, 20.25161501304677;
  -3.359071391606977, 1.88765702076922, 10.86356702386456;
  -3.166322656499117, 1.927364857143379, 10.31537861443417;
  -3.148895016591078, 1.836730701948964, 10.27252539570726;
  -6.274004092001428, 0.6732855242072333, 19.61368823639461;
  -6.419677513417602, 0.9081299105531725, 20.1736006588825;
  -6.556896420857385, 1.854572636563302, 20.64760597463335;
  -3.356782054760469, 1.956422149066458, 11.09651034619769;
  -6.271919629250667, 0.7859687566070126, 20.17274177153865;
  -6.273852933976616, 0.9405783791692902, 20.43127777087272;
  -3.191057691805775, 1.839548255438816, 10.93683977989091;
  -3.002535760641943, 1.978282556717849, 10.45445472890204;
  -3.145737594633184, 1.917489156586703, 10.91228230593813;
  -6.192411765761566, 2.000323806274051, 20.86263096723022;
  -6.389000887722547, 1.819951386596502, 21.50215138704407;
  -3.17836301498977, 1.900061744433664, 11.21715006709255;
  -6.636494644531465, 1.477352041754882, 22.49158101114281;
  -3.015026732096712, 1.967347074487801, 10.77240123249575;
  -3.171303867114529, 1.942729454934352, 11.32322628302436;
  -6.677383423067148, 1.821561847561882, 23.09204944983896;
  -6.548971615676779, 1.721028596073059, 23.17057548181556;
  -6.614325375528221, 1.341186313675336, 23.55230978329578;
  -6.672348381629752, 1.748031169685722, 23.92411045442346;
  -6.150751810596118, 1.744749945166412, 22.5019474900702;
  -6.277631332705654, 0.6012796930338468, 23.42231688543165;
  -6.128219455690839, 0.4527465409358675, 22.99823140562121;
  -5.163694400519542, 1.479181510549593, 19.6010803421876;
  -5.96341731541495, 1.785624074236877, 22.53206290391117;
  -3.358934178870334, 1.938046394229418, 13.29315769996686;
  -6.323676567970162, -5.415663382339609, 24.50165096156813;
  -6.587312039420542, -5.99947176560709, 26.00418492180717;
  -3.765831391145825, 1.949238661778935, 15.3030091985313;
  -2.821905570489356, 1.812022794449049, 11.71678265635471;
  -6.196405271548509, -3.925720684846269, 25.02011823547002;
  -6.507737428286935, -2.275104022236786, 26.85357719158368;
  -6.196691466143591, -5.376372941788631, 25.65875379398837;
  -2.590284345700338, 1.87933990209172, 11.38269683236903;
  -6.485666772995036, -6.117138383522165, 27.41057601177795;
  -3.163400498986892, 1.8953500767538, 13.80899311647614;
  -6.678801332990815, -4.209141610987429, 28.6329274059812;
  -6.184049416956152, -5.46269223831306, 26.69028614415566;
  -3.168258493950355, 1.979054226691028, 14.22037933410569;
  -6.075939520568005, -5.083406312296052, 26.67286555260993;
