m=[-3.057858906903734, 0.8227294152408454, 5.649256872317175;
  -2.622044428811019, 0.9535791836242787, 5.23052772998243;
  -3.415685954471953, 0.9576899232783818, 7.095289060724115;
  -4.936724952847107, 0.6151120319608253, 10.08254365651928;
  -3.518859394939721, 0.7534063564211105, 7.494244806878956;
  -3.280332098106788, 0.8334755157043216, 7.078953364369528;
  -3.062090271432224, 0.9364611888213978, 6.820719673506271;
  -4.815151529549279, 0.9043803090261743, 10.18573920248114;
  -4.707532159938525, -0.1780104959257199, 10.14668248073601;
  -3.305888064100761, 0.7561944587210853, 7.453410807444072;
  -3.133083665221357, 0.8974479846976312, 7.191004385360105;
  -3.18340162647345, 0.8622409565069312, 7.298527081955381;
  -3.115297232175244, 0.8989215434353118, 7.241178231871464;
  -3.038032135936089, 0.9461126821733712, 7.149593161507506;
  -3.053604529750245, 0.7164086947419376, 7.225680840999598;
  -3.058069306503594, 0.857637633000544, 7.238139875167672;
  -3.040687158957396, 0.8402599978024304, 7.248615859165184;
  -3.04829933060348, 0.9193190609766921, 7.278119404380818;
  -2.996104102873668, 0.5061937011311584, 7.173747370277171;
  -4.565028938107615, -2.193961144942886, 10.40716319081959;
  -3.006069163104392, 0.879389428159314, 7.236253733377065;
  -2.990690263055561, 0.942661849268417, 7.215951532789866;
  -2.999620841201414, 0.7369732709308523, 7.272722014751203;
  -2.980251756329404, 0.7976914855320302, 7.245932906085971;
  -4.517621794517975, -2.2757163097449, 10.46301097191872;
  -4.431293827436023, -2.037607053470735, 10.2992465830031;
  -4.414411843560703, -2.186951399251116, 10.43413813051961;
  -2.909560009110443, 0.9221760890622597, 7.261117876517124;
  -2.543134433716436, 0.9638633141375342, 6.515331901296745;
  -2.846974770901273, 0.9428065895268178, 7.178528310908545;
  -2.98050535557408, 0.7499717250385775, 7.571419772454338;
  -2.470069919135871, 0.9578615107049375, 6.470571239177196;
  -4.221306989862821, -2.087548065570013, 10.30533156764257;
  -2.860898529506004, 0.6815994720581763, 7.441500685838627;
  -4.095170024937779, -0.9625783917705659, 10.4604041218888;
  -4.062245805279623, -2.092717149769617, 10.37936181976081;
  -3.994426087516659, -1.047485531396921, 10.29484941861884;
  -3.961449279454719, -2.054329529408596, 10.314286654318;
  -3.942884737893292, -0.275488002361217, 10.34316575192914;
  -3.022451700721438, 0.8986254662307002, 8.265874427544416;
  -3.892539956888427, -0.3145792431247773, 10.33501074617914;
  -3.097752990076975, 0.4417278159425664, 8.486957980012344;
  -3.615010635816764, 0.8658879357662539, 10.10801915899606;
  -3.53604128891327, 0.8597684957139107, 10.18169637680457;
  -3.200127729109732, 0.4455676020794924, 9.346056534658567;
  -3.136531183093675, 0.3441392732194445, 9.311414359104587;
  -3.168109121690751, 0.4584186234537891, 9.469569057500918;
  -3.088227392624146, 0.8839395162493763, 9.265754474133443;
  -1.662272869539276, 0.9793622570576397, 5.531144608599234;
  -3.044025569969178, 0.6625921847723979, 9.310798545968211;
  -3.032406373293262, 0.3874410844003098, 9.275367163606646;
  -3.01487983205751, 0.4640599356594952, 9.235909750140394;
  -3.038870988876955, 0.4608180942373953, 9.416800782454232;
  -3.02509917663077, 0.8035028735503319, 9.674662760814162;
  -3.035683442398, 0.8739318085026363, 9.751693206368639;
  -3.034825699489692, 0.8979106870507251, 10.05685466557947;
  -3.096768772467697, 0.8552052264643403, 10.25360183373135;
  -3.120992611666611, 0.830304014184003, 10.57303979725953;
  -2.963107856010475, 0.7763408489280266, 10.17739360422591;
  -2.997992040186349, 0.8547418851658986, 10.4847612088739;
  -2.967536535395533, 0.2887154970660089, 10.59579318062523;
  -2.964170417542049, 0.2305841058527983, 10.6404691277133;
  -2.964279781981163, 0.8515652827761675, 10.69043185250146;
  -2.913999182834334, 0.8803239813982664, 10.5305501252448;
  -1.87378108653092, 0.977957895688811, 7.151677668085488;
  -1.320926411816824, 0.978803643381705, 5.730841447846931;
  -3.021814548267709, -1.050644634296704, 11.97600938030897;
  -1.627155837106614, 0.9862451684390977, 7.085742858674404;
  -3.172426464877573, -2.853803233063428, 13.44218485310439;
  -1.607832673289513, 1.00996218300512, 7.388204885553471;
  -1.156253130098991, 0.987561436554065, 5.807380214858152;
  -3.232715458456233, -2.893218482661025, 14.52683245357479;
  -3.132154486878309, -2.746506702922724, 14.18111062966452;
  -3.08208588511736, -1.930831778456536, 14.12431733582064;
  -3.08809715828993, -2.657998335669636, 14.43344269391361;
  -1.100412949844695, 0.9709402844063987, 5.844569741906117;
  -1.592714472821802, 0.9956154019978347, 8.045500932525156;
  -3.208997268348611, -2.00620484291444, 15.4700062503979;
  -1.535867773033531, 0.9903514428851551, 7.987235071136995;
  -3.145567924074714, -2.742388982965766, 15.21435903806681;
  -3.753777418113993, -4.350455490401032, 18.54201003119929;
  -3.050020157821942, -2.73219124774364, 15.27277380461233;
  -2.976366524183068, -2.41774942143639, 15.03983486253537;
  -1.534306789503566, 1.037124504983517, 8.381574404660928;
  -1.577443172368914, 0.9507217857628428, 8.580786257137422;
  -2.957098715871262, 0.3149026724241515, 15.26179318913278;
  -1.475078311862233, 0.9782971887714265, 8.225076353229808;
  -3.113537160250085, -2.877141903967365, 16.25227829020746;
  -2.797647917741569, -2.816272693839345, 14.98639347300085;
  -1.482762565761906, 0.966935882576811, 8.708411681130627;
  -3.008046061597717, -1.06316656554745, 16.6754176728973;
  -1.583948238612824, 0.9290586251981531, 9.416673998972827;
  -3.338088194897737, -4.451006911866863, 18.96379108799204;
  -3.096987563715073, -2.718156652828304, 17.99116559323259;
  -1.696384057956061, 0.9070560234413265, 10.53668117676893;
  -2.454954951163068, -2.801268127367226, 14.85842231236468;
  -3.274024294548323, -4.531986928988846, 20.15130862474187;
  -3.224128603037173, -4.619313477447667, 20.10803525266236;
  -1.429489398069161, 0.9318572974030176, 9.738884518225319;
  1.445512092798234, 0.2070191707548279, 12.75436743013488;
  0.7395261787848776, 1.082219775746127, 6.982115601113678;
  1.618395094032625, 0.1841233741155514, 13.85278598139535;
  1.347690461360539, 0.2965736859014197, 11.52884714121166;
  1.404470203157856, 0.4119492475885003, 11.60056712657779;
  1.629705771243762, 0.4207146430625209, 12.29249143019979;
  1.593481059749191, 0.4891909948012149, 11.80004931643219;
  1.704523696185346, 0.4131278672586078, 12.29500506116988;
  1.784642029824396, 0.3919492766774119, 11.95402918941395;
  2.107741164091499, 0.1386330110084021, 12.78703696183401;
  1.940651302474195, 0.6370539118813959, 11.70660585187303;
  1.959141389070036, 0.383398943573761, 11.7228511438122;
  5.070724482813275, -6.129289821526003, 28.03670554298051;
  4.282413575806818, -0.589777652191713, 23.20729829974464;
  2.122404054177558, 0.1234534560265382, 11.92496744482256;
  2.079492854750832, 0.369427105809869, 11.68585620995204;
  1.196336211436539, 0.8825638117702194, 6.817287423542571;
  7.090334912098009, -7.043562550594096, 33.80221422963867;
  6.870061487354823, -6.65379943585595, 32.75878673527188;
  6.77145123720352, -6.13518321225307, 32.004900629287;
  6.765993923090081, -5.478951691874814, 31.81443503965349;
  6.687462426187333, -6.972739457939366, 30.9592717447167;
  7.449862382253181, -7.184634930568986, 34.20943723870298;
  6.62087176118296, -5.095398516474135, 30.27144781495089;
  7.159488757056471, -6.175611969345881, 32.56866097340246;
  7.061554761154176, -5.196951174897897, 31.96943893876338;
  6.716799484681328, -2.681621195365914, 29.71262219890254;
  7.32650074820799, -5.112822629056948, 32.16276055449504;
  7.623506684908265, -6.535018771914958, 32.78389875779827;
  7.658934837198411, -5.044740590350044, 32.64285998556871;
  7.690429501171559, -5.286670931108685, 32.39228431907819;
  7.653657601741671, -6.068006095056899, 31.98975050654117;
  7.626885468656754, -5.113243729036137, 31.6301304217251;
