m=[-5.8284283939032, 1.977156557330262, 9.462474233280366;
  -5.559896323527942, 1.908770945979326, 10.1781422345485;
  -6.207449562061799, 1.262433345817024, 11.44931120752489;
  -6.265243471222416, 1.685689318687266, 11.57475567516687;
  -6.22580889694243, 1.840731841653778, 11.54676702350925;
  -6.072160101606339, 1.877751279291598, 11.29165513099383;
  -4.907899182516673, 1.952771058538912, 9.824819248701868;
  -6.420654238798957, 1.921820144849973, 12.69151337903025;
  -10.58356417593201, 1.394415548362594, 20.55171396808872;
  -10.2527678688003, 1.584364748382606, 20.20816131947209;
  -10.34985394543058, 1.303167714902912, 20.41949785707821;
  -9.587166645464855, 2.167481546598958, 18.99919257105862;
  -10.3536210931126, 1.440240506788594, 20.58059565464078;
  -9.972334716722152, 1.767490519021052, 19.92830579369493;
  -10.33780166027293, 1.720720791714737, 20.70471239134035;
  -9.963118412847486, 1.384547035018404, 20.00655871851743;
  -4.916060648406742, 2.008111691719629, 10.46793027625252;
  -6.977071903775154, 1.956231206644161, 14.49323579936509;
  -9.792283564737724, 1.34699973968609, 19.97651448517651;
  -9.82941448476959, 1.224737285237014, 20.07515136194822;
  -9.027947281635665, 1.87896835998195, 18.61337099340477;
  -6.989242375301078, 1.852183797638194, 14.69934011202725;
  -4.970410563380814, 2.002588951937034, 10.84495997622806;
  -6.368575396916693, 1.923476665079926, 13.69045329170059;
  -9.640946043100907, 1.356724773016286, 20.27634343711303;
  -4.843966583830848, 1.989589106554676, 10.73396491024557;
  -9.293345302017453, 1.268778462882817, 19.67580886615583;
  -9.631215341343978, -0.2672643315534692, 20.62785230814007;
  -4.786941609665669, 1.955970157290897, 10.81813628900744;
  -9.708844385729265, -3.982438493281903, 20.85286840814922;
  -6.259576989655933, 1.914329882414117, 13.94303111162162;
  -8.972933551049934, 1.963523628388134, 19.53906834315419;
  -9.355200131566727, 1.304091644488103, 20.36129601838754;
  -8.452608737600654, 1.513875122544624, 18.64849134284219;
  -9.261438756979977, -2.098807835955622, 20.602742665965;
  -6.293467629130191, 1.819267673983795, 14.3426441640756;
  -6.484579292007217, 1.304270558210795, 14.98295727961397;
  -6.513049137606355, 1.594462215667871, 15.04618949561631;
  -6.436983494567978, 1.481171835274932, 14.90027945428853;
  -6.312003166094619, 1.821333633796639, 14.67158236259654;
  -9.193355093932134, -4.418343046936099, 20.95862874713037;
  -9.197384206486188, -4.780188245739772, 21.02230662993889;
  -6.186168870491187, 1.926514454276647, 14.55830243835342;
  -6.244361872370513, 1.275026316722019, 14.76971649656931;
  -6.219618332503111, 1.459189822378872, 14.71735340501781;
  -6.259074768695785, 1.755361808831971, 14.8145951331465;
  -9.135881617441093, -4.602128231703303, 21.15910404838037;
  -8.742575499434619, -4.020029859643875, 20.31956000789446;
  -6.204826202512466, 1.714634547631421, 14.79152548870474;
  -6.253538838663861, 1.885968807336119, 14.93094917247448;
  -6.126466013779808, 1.035070344650243, 14.66895606641026;
  -6.090968524259372, 1.781839683939042, 14.66226867449605;
  -6.092017095574649, 1.920196207554417, 14.69884750073742;
  -8.896352299097025, -4.407357264846369, 21.02789047241908;
  -6.119671286802769, 1.5035347478951, 14.83743127772957;
  -6.085694556399785, 0.8543997341619726, 14.76971576746244;
  -6.083798510354411, 1.628383998464379, 14.79163487666826;
  -6.055683069548555, 1.740466613961524, 14.75349591700645;
  -5.994707736398146, 0.8580200658614191, 14.78997434238183;
  -5.977784878290657, 0.7244961234141027, 14.75851769955151;
  -4.128824628555292, 2.122828292559312, 10.57932717185707;
  -4.112051721836516, 2.042456254268092, 10.52533107128117;
  -6.00560225436536, 1.69406020462078, 14.96576670838848;
  -5.921196596550956, 1.876705035427525, 14.7769787606936;
  -8.56108882681921, -4.233685079648818, 20.89989170469669;
  -3.584636412670589, 2.082872393979977, 9.399259930242339;
  -5.771300444807098, 1.911228769962246, 14.55209370214806;
  -8.378462258522273, -4.729689941346632, 20.78650867687876;
  -5.175074859658935, 1.961384635829627, 13.25817852085053;
  -6.104296210567905, 1.535997763139156, 15.50682971905272;
  -6.035900722052237, 1.578200464046863, 15.45372312511123;
  -5.619439693623647, 1.906411868602235, 14.54656849112523;
  -5.068677918855213, 1.965568444447078, 13.27785958944468;
  -3.608710353291175, 2.062443848889047, 9.768554061299451;
  -4.060279401688021, 2.037698410046887, 10.86326895069638;
  -8.217826643142612, -4.573219380895712, 20.96689937925708;
  -3.60648579729851, 2.045818104290599, 9.797379779702556;
  -8.254911271530757, -1.940334386013563, 21.08574427062003;
  -8.250797672920701, -4.25050246023009, 21.08144569626544;
  -5.880764082824054, 1.91814395107032, 15.35136241475617;
  -8.139285248019046, -2.134420151084294, 20.97741056353751;
  -3.419796793601555, 2.053720318014861, 9.496012974727629;
  -7.987196197329635, -4.142002547010489, 20.7959828163889;
  -7.720098151323889, 1.569573288013078, 20.21413816744745;
  -7.932431858436805, -0.5542362893709253, 20.80873852060234;
  -7.284523632202301, 1.212521723103886, 19.20689953767963;
  -6.288995171076163, 1.876333565083922, 16.86436541515819;
  -7.492445261394239, 1.605690108482474, 19.92137463267928;
  -7.768185262245426, -0.6277931292460361, 20.6251648159814;
  -7.829084182652034, -3.873535102070448, 20.84691216341489;
  -3.382761045329998, 2.090190316097587, 9.63664544787429;
  -6.137177263326284, 1.824685495646014, 16.78410165698498;
  -6.281708189887327, 0.8957477397313435, 17.21008538158118;
  -3.425130219428527, 2.059111874308722, 9.920101913991175;
  -3.520904876694727, 2.043242375387583, 10.21265627053939;
  -7.291646497060142, 1.746536696495814, 20.38835010958631;
  -3.410767692605863, 2.099503155170825, 10.11890701524121;
  -3.564461272207159, 2.022437662900926, 10.54242938056873;
  -3.452379837640788, 2.032605487603069, 10.24549823331844;
  -7.12829835530157, 1.308321940643519, 20.36528445312775;
  -3.475765992164166, 2.046491849653418, 10.53199882714627;
  -7.326552645087634, 1.781409953041493, 21.09611523905099;
  -3.36787867834248, 2.121155208912605, 10.28040969810595;
  -6.71471963016199, 1.1747790856636, 19.53057295472637;
  -6.535222238394404, 0.717042650036817, 19.40110224904717;
  -6.241062642485939, 1.786371659760901, 18.72535495316073;
  -3.490735477163704, 2.031076022891636, 10.95141353524913;
  -6.173566145518226, 0.7887772506687394, 18.88338357708485;
  -6.086147107050778, 0.936799206681725, 18.64455916587484;
  -3.388141160935366, 2.044798848249189, 10.97395322981654;
  -6.149302477713996, 0.932487709758512, 19.05535200264784;
  -4.25059835921811, 2.128705991092589, 13.49631001064405;
  -6.140692208893139, 1.701604235526347, 19.08180029293924;
  -3.227405678898756, 2.127156836921677, 10.54855114616188;
  -3.340073669542264, 2.066485908861873, 10.95670939791901;
  -3.44784919607315, 2.031371282379451, 11.4725763992099;
  -6.154621227332087, 1.634741723503765, 19.68328352834488;
  -5.880666627022482, 1.917863609769729, 18.88858448483162;
  -6.131851483896923, 1.765276307123274, 19.69768442349313;
  -6.465538355884998, 1.449548898772254, 20.94262345559701;
  -6.277254505761902, 1.733529771064109, 20.78439594306198;
  -6.038127887592011, 1.582002936774841, 20.73917222419858;
  -3.363079107245313, 2.097273850681982, 12.18033451489108;
  -6.108020181441638, 1.741425799179996, 21.36134192585031;
  -5.995058316309624, 0.5832670368462176, 21.40576780360934;
  -5.866346113748264, 1.685258158687754, 21.15649600062316;
  -3.19608120870277, 2.067656016642018, 12.23043611834089;
  -3.808725374418592, 1.987837895897942, 14.53679749459383;
  -6.687173191827095, -6.04790019681138, 25.28280068734689;
  -2.797096256052313, 2.044397832190591, 11.30573867802274;
  -6.008283008786459, -5.349540773214723, 23.00550449528353;
  -6.050657080770089, -3.815961387576827, 23.38644539247424;
  -6.431277635305126, -5.782245582680654, 25.10382495724021;
