m=[-12.38009879449588, 0.09009762906328218, 15.83032378966757;
  -6.33743713629484, 1.164801416090578, 8.687314509665631;
  -6.350858891859773, 1.222832116370545, 8.726778377712339;
  -7.53885853690902, 0.6125087091507294, 10.17666626098077;
  -6.337477593699638, 1.267355289212718, 8.714346345327408;
  -6.466392974592377, 0.8266857253826755, 8.87880149034515;
  -6.399427359177841, 1.229471995818303, 8.851117845064502;
  -6.37552329818736, 1.140434046007514, 8.865900099355505;
  -6.38050853489431, 1.067508573957762, 8.884105685937181;
  -6.370007938262599, 0.9018903649214063, 8.921308655279979;
  -7.18589760320218, 0.4250447370267485, 10.22469658145048;
  -10.47285261790152, -1.141032532222344, 14.50406082863991;
  -7.000148097994768, 0.3853246204964935, 10.10571563572792;
  -8.931158182226946, -0.07695566361717961, 12.67490671379779;
  -6.751945293207512, 1.779268690981932, 9.864657698517913;
  -6.995791959743311, 0.6786271687596618, 10.19788240622884;
  -7.146399481835728, 0.2748802829829611, 10.39777775819711;
  -6.754756032046581, 1.403389647097043, 9.964097712203225;
  -6.613435568954277, 1.775572592726912, 9.938236952306621;
  -6.622905575386864, 1.588037118794876, 9.961354231630683;
  -6.558164654162996, 1.6546118420837, 9.939125183811113;
  -6.516331828089196, 1.448279822917118, 9.947522127479857;
  -6.547713182388896, 1.56251614242204, 9.995301420060029;
  -6.444881641383271, 1.727085536896664, 9.943747811826862;
  -6.430498335508061, 1.792255218740499, 9.955196804334275;
  -6.385776445325869, 1.410540169523527, 9.929214638330441;
  -6.391344734339975, 1.555611803750041, 9.949697393379843;
  -6.360729284072509, 1.699936573557267, 9.946463704185836;
  -6.327055098885076, 1.485375443081761, 9.908546533850549;
  -6.290465805206793, 1.62329569491231, 9.955071556969008;
  -6.205513761999412, 1.414175081906273, 9.88058559765128;
  -6.001190229708621, 1.567062544086419, 10.02243018276574;
  -7.944410484761284, 0.6151858995861216, 13.15055898547775;
  -12.75662906462989, 0.007741192946758723, 20.6919113970324;
  -8.307329795256537, -1.55855854680033, 13.82841628950052;
  -12.27587102303139, 0.2079216977271472, 19.97464939139454;
  -12.55415178093408, -0.1782083103849328, 20.44705904459917;
  -8.571372808341565, -1.448826497230726, 14.28902130356469;
  -8.317640418109397, -1.807237722354709, 13.95515771406238;
  -8.415075914005694, -1.857740480922099, 14.18153913991377;
  -12.43305587875766, 0.04750273921873278, 20.50635081544631;
  -12.37622605343443, 0.256340640101538, 20.42646099921229;
  -12.46939388861295, -0.1513695935027004, 20.59952755433394;
  -12.60777852310771, -0.07298761107265382, 20.83961448183347;
  -8.33451739562425, -1.607886407917168, 14.19372283955815;
  -8.284548597457402, -1.972059810223287, 14.13719251424063;
  -9.179038847024089, -2.738130325412737, 15.73213441458097;
  -8.168841854290591, -2.099282182422101, 14.14453471613607;
  -5.655323633851962, 1.066844821948777, 10.12110897291592;
  -12.57232903932712, 0.06344000681109295, 21.34905932437385;
  -8.579376098892793, -1.530740561677602, 14.9676903621901;
  -8.18851646345902, -2.174109465984996, 14.33761289998876;
  -8.11149029925512, -2.27955707330286, 14.36622905660681;
  -5.443067846188243, 2.10773717484332, 10.00363650338506;
  -9.028045116494125, -2.886332540434135, 15.9611206229302;
  -6.669812885695411, 0.7691358261550387, 12.04626450223193;
  -5.555242947622465, 1.083785556268283, 10.21729337743233;
  -8.495362548555095, -1.569402504088276, 15.10285150760281;
  -8.2232890365086, -2.273626252638515, 14.66672757582823;
  -8.854421501898813, -3.051163668329957, 15.73417230823291;
  -12.34225517395012, -0.4574363503093648, 21.6004162793349;
  -8.835117699845334, -2.813591943226785, 15.76474954786856;
  -5.48253084903012, 1.023703863459991, 10.16542421972688;
  -8.558956254837389, -1.916665312342557, 15.34706845223752;
  -8.476955970106067, -2.58838177703534, 15.27094795531248;
  -5.491378880927324, 0.9756506342577499, 10.25055029603557;
  -8.970912080775277, -3.070793712073527, 16.12165693607986;
  -8.482071925187755, -2.770559076179403, 15.3245290095411;
  -5.514203137482431, 0.9276801712524619, 10.31274138007252;
  -5.580225327818767, 1.094479356579453, 10.42369623942217;
  -8.518476445478656, -2.071151038551679, 15.41527621540811;
  -5.48140929587462, 1.027690747633295, 10.28764432026016;
  -8.447970271881726, -1.947212911963882, 15.36715500146477;
  -5.435773662936601, 1.060139960835129, 10.2493747191357;
  -8.370050079712264, -1.807488029702365, 15.28121318322658;
  -8.520272431026774, -2.189230670896944, 15.55361787975198;
  -12.80937889805858, -0.1467343026832868, 23.06524428449417;
  -8.365428007662816, -2.190563682966701, 15.43133994640018;
  -8.350341135772514, -2.002112142125042, 15.41797691388757;
  -5.400155436198501, 1.103438353494728, 10.34524056148448;
  -8.152791753360134, 0.5152410179877092, 15.14050059747783;
  -8.298901416099046, -2.127971171960765, 15.43048689680307;
  -8.33745120088623, -2.317799764735615, 15.51455861761225;
  -5.636586800250658, 0.8681875432330317, 10.81986593884568;
  -8.462993536363824, -2.453092145996612, 15.78745967813005;
  -5.39071535310002, 1.065049367844669, 10.48890588358965;
  -12.62990923937234, 0.1370479073563616, 23.40067499419866;
  -5.423186302517948, 1.037936502521718, 10.61535371780351;
  -5.341624987557207, 0.9788713699015251, 10.52944274340768;
  -5.371362365191649, 1.051590447677274, 10.60183545110451;
  -5.353409065801767, 1.114649718926085, 10.62593991335729;
  -5.227280354967554, 1.024081446151037, 10.4669679609803;
  -5.444147909001726, 1.439954290395187, 10.88002199451818;
  -12.4780104643194, 0.683650465357511, 23.92081918366621;
  -12.64028149727323, -3.317738593968, 24.30941347073041;
  -5.478390518497675, 1.072653338726584, 11.15311499792194;
  -5.394382833711702, 1.034893120878666, 11.00517000316749;
  -5.164203178733573, 1.892444088031551, 10.58657424736233;
  -5.092808004262391, 1.922790364758435, 10.45776094091596;
  -11.87067741187539, -3.338961131009408, 23.07169270656108;
  -12.89939232600225, -0.17661981319388, 25.0230866984639;
  -12.7424941453725, 0.2219069552810106, 24.74436562068222;
  -12.99112385092357, 0.625815141376396, 25.23028154903279;
  -5.549819341700292, 1.006853628955422, 11.41446315862013;
  -12.81068540930196, -3.620506954897926, 25.11371404830031;
  -12.15569238341101, -3.126369657370889, 23.9152593866304;
  -12.79086303901366, -3.832453184056357, 25.11452115574514;
  -5.48734760742843, 0.8494271821216781, 11.35575895197682;
  -7.321860738386935, 0.5707180697433301, 14.980721463233;
  -5.199019736917193, 1.899814065262949, 10.9351611828314;
  -5.406853290059642, 1.05189053239625, 11.33971936334724;
  -5.669763383838521, 1.936918666126033, 11.86369985918195;
  -5.457817518729307, 1.189920920879994, 11.68182111637278;
  -7.70279227660941, -2.750040706327179, 16.14055822792921;
  -12.75533989524364, 0.4314655834124069, 26.27984773086016;
  -11.76686840400229, -1.851423643379497, 24.3454027125957;
  -12.78058374574352, -3.904272638862509, 26.38093678584007;
  -7.912993573862992, -3.020957599854562, 16.73832436102118;
  -5.397190268909283, 1.398687187492278, 11.75079140374239;
  -12.64976254883693, 0.2176963948391842, 26.28958744426285;
  -12.58221301948419, -0.1329469223674708, 26.20729634591522;
  -12.80351223358314, 0.5241095794661141, 26.6583954892891;
  -12.51747155301507, -0.2985045380127004, 26.32872785973388;
  -12.65075549312488, -2.102304267212978, 26.66118242350474;
  -5.551249074142747, 1.730209349903826, 12.26855341924486;
  -12.23202036265607, -0.8466039667794237, 25.85496948078437;
  -12.55481495029894, 0.6806504805994404, 26.537812012655;
  -12.25765381543972, -0.3527780759813403, 26.0502731926672;
  -12.46862553821287, -0.09177640293610001, 26.50836478332909;
  -12.50899012889078, 0.5558591215720015, 26.61991663612424;
  -12.24322228460894, -0.9544954510154938, 26.08726091505909;
  -12.28590636151282, 0.1916761488523477, 26.17829294442933;
