m=[-3.259704697909856, 0.8224169839093316, 4.94019512520431;
  -3.253994610272741, 0.8565996479364608, 4.946603388254927;
  -3.251978878698319, 0.7552234026629004, 4.954470384854303;
  -3.241274121465365, 0.7203856455600745, 4.947974856884962;
  -3.24197974674034, 0.7736511277421176, 4.948989649326233;
  -3.181011059150738, 0.7026465641331616, 4.946139571849471;
  -3.162445801246872, 0.845179387353233, 4.945211621774521;
  -3.150538131214606, 0.739638251834336, 4.933931061436691;
  -3.127872511528005, 0.8071678854044816, 4.950061829692121;
  -6.301819650928143, -0.08945539706219104, 10.26382990578722;
  -6.28266337994016, -0.0762670752428713, 10.37900467061742;
  -6.294990177780347, -0.0364422879066213, 10.40509779192526;
  -2.710211828842426, 0.5285731232105247, 5.110215826579033;
  -6.334991444340729, 0.03196638420137157, 10.75744261397962;
  -6.314219734625045, -0.0007399952207148806, 10.95252163472661;
  -6.30495908714754, 0.1076177338064968, 10.95265589520761;
  -2.681802307838981, 0.5132666208720665, 5.249364213380413;
  -6.254363750744661, -0.1353943218138456, 11.01496138617455;
  -6.244209049683204, 0.1268504959060104, 11.04482789056218;
  -2.658603917610025, 0.5535560748440545, 5.277042186521095;
  -6.424945448912887, 0.06971747080393502, 11.90412832396079;
  -2.812273171438324, 0.4353325953211736, 5.819842030552742;
  -6.399913803932575, -1.679807607920448, 12.30812390296794;
  -2.70360204931815, 0.623271898313889, 5.79513975063786;
  -6.18068273630367, -1.738490458764685, 12.01269378831658;
  -2.641173585081101, 0.6844627425266845, 5.750377198696482;
  -6.405987445965109, -1.919389403938705, 12.57798686018412;
  -2.812814057815337, 0.8773125617004738, 6.073710125315149;
  -6.311814068822685, 0.244872119369323, 12.56712708710261;
  -2.692449918629465, 0.8908303792566307, 6.082628779296067;
  -6.537960897418686, 0.2211548368055757, 13.4701715724996;
  -3.362857032957142, 0.6243698292343825, 7.411473129870457;
  -6.497611292864691, 0.1118207988538938, 13.50377286554694;
  -6.451411165763185, -0.06816728170848548, 13.43754425463013;
  -6.4311564953293, -0.1533639913136649, 13.52702648228508;
  -6.443509135513724, -1.070783223877663, 13.57955045473859;
  -3.288812550729579, 0.6168724372841807, 7.433853331568749;
  -6.410309708677907, -0.04718364225197038, 13.62835282934527;
  -6.42568286677758, 0.2855365938436446, 13.67425671307639;
  -6.37357409554981, 0.09943606121621491, 13.58054382532216;
  -3.276336688708724, 0.5799103624485169, 7.455013467799443;
  -6.378556559972145, -0.1007259662831479, 13.6109148999829;
  -3.26436638915507, 0.494667354468085, 7.464264704929753;
  -6.539218762495546, 0.2306567691246662, 13.98518278821846;
  -3.284349352986486, 0.4406009361529803, 7.505725097632902;
  -6.440336423167459, -0.1977291151272112, 13.81524620826088;
  -3.255669693893429, 0.5496141944751569, 7.465841757114622;
  -6.498670269391578, 0.3402216106723576, 14.02892812029473;
  -6.424892611268292, 0.1599343780283055, 13.90751439581047;
  -6.265390830028775, -2.108984175818577, 13.68500985607427;
  -6.461002657908193, 0.1125036787033675, 14.08024163433104;
  -2.723222565067807, 0.8197597291236408, 6.491892454047507;
  -3.22007570548508, 0.5603120861779921, 7.50783042773967;
  -6.224715110673163, -0.1913806404359183, 13.68139804460543;
  -3.201297798271485, 0.4991540317927737, 7.656007890471253;
  -3.234232088522351, 0.6933410936089649, 7.735595963596207;
  -4.783989189034608, -1.948792797180672, 10.98864676134578;
  -7.080446778865507, 0.3554941904244309, 15.91469327345484;
  -7.020065728505925, -0.290630859589327, 15.79827998350939;
  -7.132324959932611, 0.2390342779382908, 16.0571431967449;
  -4.788506961937484, -1.934990653180165, 11.12009189430028;
  -6.974879182398265, -0.3641837210987703, 15.81044862711101;
  -6.996024142124866, -0.1352233208157539, 15.86346741604672;
  -6.738796854225268, -0.03095725961273402, 15.34216124382513;
  -2.578914006006277, 0.9129759711273142, 6.486157533063038;
  -6.98524356606137, 0.1666869072558229, 15.92736086746003;
  -6.943529146684376, 0.218088487989327, 15.86807346732411;
  -6.977050546838065, -0.2100882887000469, 15.94155588363365;
  -6.996442400166225, -0.481007132994889, 16.0268969325295;
  -2.611557383640746, 0.8386791101287667, 6.595610970641587;
  -3.460304200659268, 0.4313055343977869, 8.429704493856431;
  -4.587154152832192, -1.809671051205355, 10.8995664468276;
  -2.509161980347085, 0.9155042350447543, 6.403258174973558;
  -6.8402552418269, 0.2482286541735609, 15.87939778025294;
  -6.881394807988085, 0.1392260158497042, 15.96890878157127;
  -4.771214210103016, -1.996855266455808, 11.42257272815726;
  -6.83242793626591, 0.01870200959407624, 15.97819087958441;
  -6.731809267451355, -0.1795191226237655, 15.78676263236125;
  -6.78747206780195, 0.2303591387928338, 15.91962090325972;
  -2.44223202475456, 0.9643381647782056, 6.356763368641365;
  -6.675287768854478, 0.1418208697521329, 15.76681884520766;
  -6.620014201942924, 0.1323366673858717, 15.66179363909733;
  -6.724459068124773, 0.008390421972817419, 15.93167277656842;
  -3.251167609691299, 0.6260926651967678, 8.208176333632673;
  -4.733880834348328, -1.759256693948535, 11.5126745477957;
  -2.468557485458784, 0.9725663186586238, 6.50921139465248;
  -6.569098634434965, 0.2503762772772011, 15.77370178544038;
  -2.509604573120435, 0.9215961437483087, 6.619967395924439;
  -2.550277414230014, 0.9087842807644099, 6.712446540120466;
  -6.607511727528003, 0.04800181492142913, 15.87122157889648;
  -6.54316663421795, 0.1672918471901211, 15.92714615597133;
  -5.265259932343772, -0.8785062360340774, 13.08948454996334;
  -7.849657039591537, -0.5606723093080289, 19.08689755681741;
  -6.539337645580202, 0.1443739541165553, 16.16375235552734;
  -6.50386815204655, -0.168741024211212, 16.1493823620087;
  -2.428511951193559, 0.9575178149743473, 6.638512981106195;
  -4.997944545748212, -0.741570172472606, 12.70621231713963;
  -6.532645119964391, -0.2417110203444969, 16.42786188369963;
  -4.176202220843029, -1.784187266517431, 10.85027016163275;
  -4.239404766425929, 0.3421265889016067, 11.14274095790302;
  -4.297997778781553, -1.763476090428187, 11.30732084691918;
  -4.085309407563055, -1.932087722548729, 10.80008335704839;
  -6.876010580845858, 0.1374473845059911, 17.55502576668873;
  -4.180860775372947, -2.099284023211942, 11.07880508253994;
  -2.524505741184555, 0.927091636827858, 7.101875640872427;
  -4.975668938720058, -0.6402822071932065, 13.12086954617852;
  -3.683799478638545, 0.9712211950566529, 10.02510073090901;
  -4.728276438565904, -0.3605612094530397, 12.72409965816584;
  -4.011243974933371, -2.097216813030517, 10.95709852916564;
  -4.858763872887371, -1.521258694474833, 13.17654247841799;
  -4.796115657557655, -0.4192932698832733, 13.02876628931613;
  -4.644306465563553, -0.4246218479902068, 12.65525439790533;
  -4.841290794296765, 0.04820208005956492, 13.15989804690605;
  -4.696482656158261, -1.330073116713945, 12.79827596502704;
  -4.850909366946904, -1.060535179669143, 13.20752641199387;
  -4.197275918568838, -1.89084032792934, 11.64634319328394;
  -4.663143380227458, -0.4947566569838917, 12.85967413369208;
  -4.723103194424348, 0.006914918543398575, 13.01511657699947;
  -3.975704772365551, -1.776309428064666, 11.18608337902737;
  -3.996249064330106, -2.218091468430433, 11.22906063337633;
  -3.866778297057119, -2.214170726971115, 10.9302382303944;
  -4.620923970951834, -0.5160953922651645, 12.90506191620685;
  -4.74604341596211, 0.08467334937070803, 13.24339085418564;
  -4.706099485663302, -0.1607627826753628, 13.15547709239492;
  -4.835668308667686, -1.293600974547419, 13.53912014704691;
  -4.495498439066228, -0.763388454025236, 12.65942353203555;
  -4.440789176998012, -0.9160848825427629, 12.52300743530847;
  -4.726048441163874, 0.01391655534808659, 13.2789604711649;
  -4.611380865997869, -0.6128323725543263, 12.99020801803868;
  -4.394270926446469, -1.030217423230686, 12.4415759762068;
  -4.809460234608708, -0.3453029869010511, 13.57160584537896;
