m=[-2.97315545706881, 0.9126452972795304, 5.040059120405368;
  -5.790123166886738, -0.4792244714782952, 9.539360717618587;
  -4.808345319531965, -0.1506637958701375, 9.823749252927451;
  -3.089488249442494, 0.7677107013211828, 6.691994256930901;
  -3.080178578753839, 0.8814205284909452, 6.67954977244561;
  -3.063857415391319, 0.4222443039710903, 6.684160645582125;
  -3.007045783357676, 0.8332639275509771, 6.643434229845446;
  -2.993200953610036, 0.8183023349865661, 6.660133757560602;
  -2.986767035452792, 0.8941387041712191, 6.662426097731888;
  -2.978420497055198, 0.4949899754446047, 6.652644144619148;
  -2.973318533716924, 0.7699133655260088, 6.658486938102199;
  -4.567344200899852, -1.128109300383821, 9.665431579518543;
  -2.922356704694306, 0.9133635605139563, 6.578595657314609;
  -3.002595251649979, 0.5560498637006702, 6.728659207909109;
  -2.974266104223008, 0.8663259514153038, 6.681500309765155;
  -2.930805707787311, 0.7760533192884576, 6.651161054065241;
  -4.478505891524558, -1.059976248000408, 9.75466881375297;
  -4.4753203627338, -2.115896151319017, 9.76581692363693;
  -4.55805731408928, -2.213180706461924, 9.922464738385539;
  -2.873383824137784, 0.9028122535475349, 6.692768200422777;
  -2.422239465147217, 0.9343189546441991, 5.870782763134605;
  -4.556329587307744, -2.283992584954869, 10.13231376220907;
  -2.811245145247296, 0.7419050324589119, 6.684912177928625;
  -2.924136304193056, 0.7149401481485761, 6.952680159355368;
  -4.423046217042818, -2.212737382984417, 9.984182400161764;
  -2.742645073192977, 0.9231232983835818, 6.618053308742168;
  -2.771028687687308, 0.8957720071512701, 6.770698748910066;
  -4.240817160476219, -2.188589739705239, 10.00394856046324;
  -4.108674889292457, -2.073301249495863, 9.933485928198925;
  -3.61486386057291, 0.9126942044755196, 8.952290942699104;
  -4.083738524850928, -0.9823666279668535, 9.965803145992021;
  -4.062127305636521, -2.114145133442183, 9.914807058291228;
  -3.977324833267468, -1.062945264621323, 9.789914831210201;
  -3.947402772333685, -2.067513562979118, 9.810705524528416;
  -3.938727294225261, -0.2913622178418273, 9.862244141369359;
  -3.083383551670038, 0.4296733765086475, 7.971648795266439;
  -3.900416952196439, -0.3267779951374923, 9.88023002781941;
  -3.818590935839185, -1.911520985214451, 9.709557525634414;
  -3.608243745350645, 0.7552236486642564, 9.548188986088045;
  -3.598015906496115, 0.8484201137601501, 9.591848621946451;
  -3.476510001029569, 0.624449573486672, 9.469188674970342;
  -3.273712212770438, 0.7870624898764801, 9.007192302370138;
  -3.231096535760113, 0.5448762400111658, 8.935192036114959;
  -3.119204794769741, 0.3521654180753751, 8.69949761436569;
  -3.169910364290799, 0.7720801755061626, 8.876976509127193;
  -3.057612129252737, 0.8657146096639398, 8.704830089146743;
  -3.015200593362692, 0.3749825823370385, 8.755710877309486;
  -3.005913177784919, 0.4490014768579581, 8.733340886682079;
  -3.013255138449998, 0.8222547167058418, 8.892616804148027;
  -2.970408051851554, 0.3783258516827725, 8.822786072908107;
  -2.983042721704591, 0.7780010914956874, 9.076452959623063;
  -3.083095341159511, 0.8399960257630622, 9.746172779073572;
  -2.982766801697888, 0.7649142762119882, 9.775988085991052;
  -2.922957395423198, 0.8211195735587308, 9.774239204195631;
  -2.990999185383066, 0.2234584757069021, 10.09931160475442;
  -2.958910874526939, 0.2761127975971277, 10.10519746695504;
  -2.947565050229012, 0.8312682122606429, 10.15641166653158;
  -3.053839160870275, -1.067235593160544, 11.33059161383229;
  -3.064596149389543, -1.086240074182309, 11.69102565091045;
  -3.026689755929497, 0.5134803532060717, 11.73720616109977;
  -3.045817265827475, -1.156941963626118, 11.73459941857482;
  -3.096863449760992, -2.75877769043503, 12.39223803784621;
  -2.94667885860015, -2.681567307441517, 12.06952974850901;
  -1.077650191305363, 0.9476625821305884, 5.240285447709675;
  -3.167670235810423, -2.819982352742232, 13.91298412883393;
  -3.070267621674847, -1.952870630995989, 13.66635691327171;
  -3.144792528240334, -2.466728985149476, 14.12517762222001;
  -3.150574423311337, -1.12649990571516, 14.30513917805945;
  -3.12532577790647, -2.729741052490754, 14.18599714752202;
  -1.511762421071319, 0.9310049020549788, 7.57931461564334;
  -3.09822238883563, -2.913267845821854, 14.33444162757873;
  -3.217005752426854, -0.2427318928763755, 15.14619208187648;
  -3.221428185967223, -2.046785421724846, 15.08884472523993;
  -1.499007954945475, 0.949286221057027, 7.858501587511471;
  -3.116032802574574, -2.827936843693296, 15.18470186615393;
  -3.089872294559099, -0.8870462995700112, 15.26541481955483;
  -3.213760635102614, -2.649396658745829, 15.82133507044793;
  -3.135980965856649, 0.3134524784122856, 15.74887555998868;
  -3.064937095042228, -2.866985610630144, 15.58692096197354;
  -2.917090611877954, -3.164376810623481, 14.91249512807048;
  -3.26079525471375, -2.918175281857404, 16.74665639355427;
  -1.492048985989286, 0.9672813314634841, 8.306103034619314;
  -1.45496579876027, 0.9373606806725937, 8.438873570475217;
  -3.240451894329405, -2.884446241245417, 17.41319630939877;
  -1.406629035351835, 0.8806807726360273, 8.262689279309894;
  -1.557105372335274, 0.8803197934004911, 9.28843194292774;
  -1.494136400509424, 0.9315619180896412, 8.97708232562667;
  -1.493819186855113, 0.8923175763025051, 8.981419026650183;
  -3.391344649384167, -4.583370210312579, 18.88247577277128;
  -1.570677186772985, 0.885430274730991, 9.656184012592378;
  -2.597169345965404, -3.009481374490018, 15.29408286896388;
  -3.426016176659102, -4.584110645112797, 19.9891646715935;
  -1.526059216501086, 0.9025178915129691, 9.687095458939693;
  -3.164012762715512, -4.59333494436184, 19.37769206212457;
  -2.605412509019897, 0.7438641414818479, 17.41651097121147;
  -1.613314116782334, 0.892753254324653, 11.7516932145639;
  -2.171995632639463, 0.2680251028718363, 17.2968381167044;
  -2.011632359845273, 0.3704426139621683, 16.27786193154324;
  -1.476146025710358, 0.8699927558803998, 12.56294578477085;
  -1.937590643404573, 0.3818365361048372, 16.70464523189504;
  -1.653200596196634, 0.8312371691361379, 14.80898856657072;
  -1.668584825779134, 0.8549676174683664, 16.14447536632644;
  -1.65624816524142, 0.5143516120004291, 17.14687891169293;
  -1.549546654186728, 0.7816638152843116, 16.1645966964635;
  -1.105624357206146, 0.5604996702889846, 13.93103131382115;
  0.6716866667078628, 0.7757412625905752, 13.29526554887547;
  0.8340021650771642, 0.7598808553797491, 14.16740439980706;
  0.695784339132966, 0.7664708788730869, 11.23970115531106;
  1.561849731049754, 0.4707009316325505, 16.99171003410779;
  1.349309537540064, 0.312543174078746, 13.4461242222093;
  1.626990970708097, -0.09194292975073488, 15.63905787836334;
  1.398310191589261, 0.189013910579929, 11.77164363479225;
  1.465076916825364, 0.05231093856088578, 12.15951679235166;
  1.392395016788635, 0.2912498403870177, 11.28792193627347;
  1.560972077347147, 0.3882639179852879, 11.21854660777223;
  1.772060955214494, 0.3750371104280815, 11.28794467270383;
  1.801668983218735, 0.453399846965388, 11.14387883152282;
  1.68748488130483, 0.2723827080536264, 10.38806266025753;
  2.056650160865394, 0.07518740517761539, 12.23629325642818;
  1.923492087582514, 0.4063146325006896, 11.30888288317605;
  2.103512425109906, 0.2597269864891838, 11.42667861509585;
  2.098215585987432, 0.3616723561499409, 11.23797635602336;
  2.266310100553822, 0.1951038109107487, 11.90380818547964;
  5.693501903489653, -1.900740907288887, 25.86540047070053;
  5.900279440333304, -1.488209729258267, 26.44078649527734;
  5.801991218322218, -3.096355405996909, 26.06092548210753;
  6.130821189475857, -2.403578216590599, 27.00047173709168;
  6.057789829061585, -3.210658617699056, 26.22855829173255;
  5.844066700404011, -2.332656654711954, 25.25701269818103;
  5.820466000237608, -2.120474209601384, 25.16781479658715;
  6.583137488359228, -4.531583075243491, 27.16349040845035;
