m=[-6.089817035914, -0.3026235026605861, 9.094677490863933;
  -6.084093691838104, -0.4480679196214943, 9.088378611862781;
  -6.099803071481652, -0.3433636537694041, 9.124669794579074;
  -6.056887209302264, -0.3651296465175384, 9.112307614660619;
  -6.115126155773438, -0.3026645311317524, 9.221335644847082;
  -6.054703191136559, 1.600175024543631, 10.21714065698779;
  -6.041509317689951, 1.767944734695132, 10.23564506823303;
  -4.774364322543569, 1.888534519669435, 8.576805521694016;
  -10.64248026238571, 1.714964585158171, 18.6714333569429;
  -6.34993928067361, 1.892885500347997, 11.56889151626438;
  -10.3780396377602, 1.494793749364233, 18.31275040093227;
  -9.901449661806863, 2.104603603789569, 17.68273177583778;
  -9.764800254606547, 2.317988514747654, 17.97129934012594;
  -10.22844515807196, 1.309771558597772, 18.9411078985859;
  -4.886245665944577, 1.915200345869375, 9.680183974205832;
  -10.12786442502912, 1.530835289968248, 19.01951284499248;
  -10.1684269991638, 1.249988673809797, 19.12658415975578;
  -6.728869327481141, 1.873072517212939, 13.03073308412259;
  -9.706365219198203, 1.694116896754669, 18.46899067077954;
  -9.885713587542202, 1.147760466459542, 18.82905798159414;
  -9.563790179269617, 1.569321181162403, 18.2780139492806;
  -6.603404339222287, 1.733149428942297, 12.95933033660962;
  -10.12901064007685, 1.375555750653207, 19.36941119790039;
  -4.608047611296885, 1.878714675691245, 9.450077728467962;
  -9.778280295841199, 1.186525247653564, 19.02155803905836;
  -6.053681373560722, 1.839242457800027, 12.53078242483555;
  -9.331601180318742, 1.72027228881642, 18.83269480218113;
  -9.147629300096542, -3.802159559072045, 18.7600982787047;
  -6.059777761382234, 1.881316404185618, 12.81521252015033;
  -6.306259307986251, 1.805745952825366, 13.38307144433384;
  -6.382079157377873, 0.8350518164605533, 13.65464467023224;
  -6.345426638637261, 0.6807983590701618, 13.59516304699304;
  -6.296939950530031, 1.220196717830135, 13.58634425175025;
  -6.281884975109349, 0.8069031530776949, 13.56921252380587;
  -6.1576796333838, 1.530129318572193, 13.33785838158171;
  -6.203943342298367, 1.775313631883264, 13.45361876942859;
  -9.161768259455668, -2.262907179059758, 19.38816965923588;
  -6.11052942410213, 0.8421202078835426, 13.33082933137685;
  -6.021146741211618, 1.864438555029205, 13.2142785081742;
  -6.039436012342581, 1.830237135003473, 13.25767914519319;
  -6.18006263716297, 0.7591401453804576, 13.57104360057692;
  -6.051715731369637, 1.40650623048606, 13.3637579726748;
  -6.031078069989981, 1.671234880353219, 13.32439656050153;
  -6.099274861989713, 1.229974241880962, 13.46583825043478;
  -6.015555533462877, 1.644574893422059, 13.38513688183072;
  -6.017243706599508, 0.8004578586956112, 13.4005743814949;
  -5.994761182314608, 1.79463209943929, 13.37220241037919;
  -5.920402240707727, 0.9839241177152661, 13.22389814983348;
  -9.005240127554869, -4.372525910491607, 19.603566052177;
  -5.987278616618625, 1.743937718473129, 13.45004196994613;
  -5.930484637577672, 1.853534359939772, 13.35027322977692;
  -9.087574455556899, -4.635882257540332, 19.94648288654543;
  -5.939256145462757, 1.441406698610246, 13.44396050105265;
  -5.923810651857566, 1.568576486320943, 13.44347685505161;
  -8.876607047616709, -4.514196821596864, 19.63935090739625;
  -6.038219361644534, 1.470636821616406, 13.75406316939488;
  -8.928699140881578, -4.144562953226586, 19.78014783091097;
  -5.786437065869386, 0.6846412473790943, 13.33315346015719;
  -8.703311947983584, -4.354045324887858, 19.64606511217337;
  -5.779657310655656, 1.815958382424341, 13.46214394789547;
  -5.892254014008731, 1.627952988686653, 13.70819831408353;
  -3.82044246867986, 1.954444209136034, 9.291871525781383;
  -5.086392470267499, 1.916569402111892, 12.05468534559181;
  -5.682968684352603, 1.868149630192258, 13.35902926502467;
  -5.893107237979451, 1.44084219184138, 14.01196302364575;
  -4.904673683071614, 1.891856546132143, 11.88745957271682;
  -8.266690732095968, -4.130126687394737, 19.2686959351636;
  -8.341013826158878, -4.304608425188725, 19.67617798680006;
  -5.580076253675781, 1.803834124136769, 13.63429237577374;
  -8.065604912792802, -4.070029679693886, 19.50010041252901;
  -7.425429274139669, 1.921014801911444, 18.24532549767558;
  -8.054036614998362, -1.937444511407921, 19.65477048720096;
  -7.949633920040353, -4.137408456248927, 19.40340136358596;
  -7.442712218927704, 1.745488799221812, 18.36487968031522;
  -7.003259633024366, 1.768208908007305, 17.34372861614708;
  -7.767545705960091, -2.075886751019297, 19.11928597655177;
  -7.785146218549825, 1.123211532135963, 19.21805867645678;
  -6.138822001302901, 1.813704786334017, 15.51307815028533;
  -7.676796303586323, 1.533184368483494, 19.15449692117295;
  -7.81003992815807, -4.09062981666019, 19.41073822184843;
  -7.752702002477454, -0.5734960257391765, 19.41211822809254;
  -5.979087241341194, 1.760575744894462, 15.40474118919988;
  -7.709821298566756, -0.645930929357497, 19.52991406734725;
  -6.125222293439949, 0.8535574314985599, 15.83588940460981;
  -7.52133582684361, -0.3169237058342272, 19.2758053767785;
  -5.984986201292234, 0.9100424308721583, 15.70663111039414;
  -3.306651583509767, 1.944524115642794, 9.192394941513582;
  -3.262516470572498, 2.075687227987547, 9.229748048952324;
  -7.08501192431928, 1.670661492065717, 18.88773246945884;
  -3.36233178655169, 1.954279020646076, 9.579413768689298;
  -6.934964522334739, 1.245656027692899, 18.88919850561784;
  -6.730215030014869, 1.618071307020859, 18.51730911934519;
  -3.252129372255883, 1.959477748148538, 9.565583440082282;
  -6.256804613148931, 0.7064076767579428, 17.45029915859034;
  -5.995063018618215, 0.638083158640489, 16.92366989953442;
  -3.864900932637065, 1.934990467925034, 11.37794842672107;
  -6.093699929112409, 1.725334945224071, 17.34838176159802;
  -3.231928871580446, 1.951096509846316, 9.766127019604003;
  -5.941861295484588, 0.7389539844791677, 17.25431458552405;
  -5.962856092538455, 0.8906881315228759, 17.32440421075049;
  -3.831719726037028, 1.961586895624754, 11.56988869301321;
  -5.982744268278864, 0.8837566451728758, 17.60853801271573;
  -5.881879341451764, 0.749145226011275, 17.47051658573943;
  -5.578851976490951, 1.794664014392216, 17.00623964560003;
  -5.92158021961845, 1.544394869279601, 18.0174906376429;
  -5.973607418777764, 1.693921342106743, 18.25941420594737;
  -3.110198642896569, 2.029414680907415, 10.12572791408751;
  -6.316396670769085, 1.392047531207184, 19.54065306350648;
  -6.035365970338066, 1.644348574443683, 19.07878707044257;
  -5.759853813307382, 1.477083092176349, 18.87786273599753;
  -5.86960028236763, 1.169889817421776, 19.35733768270421;
  -2.641316091954105, 2.005033547366742, 9.289406347962164;
  -5.807659094552425, 1.631492325738442, 19.42055306569355;
  -5.859974882792069, 0.4378005388262054, 19.78660262649713;
  -5.785949572090649, 0.5399198525576638, 19.76002841557967;
  -5.920999726844668, 1.669832140718154, 20.40196218861504;
  -3.784831064375419, 1.961179284222749, 13.45681162443207;
  -2.836876171244857, 1.984425980321799, 10.54379579588753;
  -2.652954643514628, 2.010563890898962, 9.976836919142453;
  -3.268213345866287, 2.043101719406106, 12.32378826795747;
  -3.244002361168787, 1.954469400335066, 12.28412097100867;
  -5.993416702920295, -2.094539788459791, 22.23724088106806;
  -2.329952101550123, 1.96925509624456, 9.403247524902159;
  -6.057554811249389, -5.164390620719978, 22.66926373009626;
  -5.877853693183466, -2.083393674232799, 22.42322803707595;
  -5.752650223952662, 0.9759417406687807, 22.30821362478684;
  -3.24786245647113, 1.961930225338433, 13.19218315309753;
  -5.616114589253636, -4.685086530849429, 22.95619142540955;
  -3.185882550994565, 1.91228674239408, 13.65524636715296;
  -6.460061564292298, -5.878852337202177, 26.46026559693238;
  -3.164542543985588, 1.896386845326801, 13.94722289997234;
  -3.070383241723574, 1.97873660322786, 13.63264019138375;
  -2.255622677264129, 1.928169524465135, 10.43055804116167;
