m=[-6.124500225938371, 1.578816424776223, 9.306301910566177;
  -5.966214208035392, 1.733863713984614, 9.108519405358514;
  -11.25484923430076, -1.131895693622409, 16.83467637880042;
  -12.13453802021741, -2.7243088408667, 18.17910242114309;
  -11.74956006903288, 1.160903931679609, 18.00903122590368;
  -11.75807441542248, -0.8173780947014108, 18.06626026976722;
  -11.47718227934768, -0.9378366374616034, 17.71292375029905;
  -11.50094351633251, -0.9640646442416667, 17.96070194697827;
  -10.42846077839845, 1.545088112925666, 16.51117739350876;
  -6.251165288658409, 1.86404251191221, 10.39679378893736;
  -10.265849360115, 1.903284191144553, 16.42436858332941;
  -9.897605751391714, 2.211517958990896, 16.12362042926588;
  -10.43196496653311, 1.945049728371469, 16.95195278603798;
  -6.142340201540037, 1.871640906989651, 10.5466544795869;
  -9.522297547883637, 2.11610435373353, 15.92367787646251;
  -10.6608923618795, 1.708128147174264, 17.70330001050762;
  -11.02211938993318, 1.573314362384761, 18.38923503008622;
  -9.777820340255198, 2.073111774838484, 16.47180291477974;
  -9.556782408079192, 1.973967261602964, 16.14047917257437;
  -10.16611833253609, 1.573446570168761, 17.37471414022321;
  -9.900419437000062, 2.23432497609992, 16.96724126681063;
  -9.459335647465776, 2.004387005399995, 16.26344807248184;
  -10.32744217520658, 1.350872499220155, 17.84360206555352;
  -6.712413055732201, 1.868638474276105, 11.99400771800405;
  -6.882429196033339, 1.687356193794505, 12.43582465642493;
  -10.23041370451313, 1.568654622790839, 17.99206954364401;
  -10.79850548211168, 1.378738092151061, 18.94765449270341;
  -9.628889052370434, 1.458328691147541, 17.13785144294385;
  -9.80128086280858, 1.70437776363806, 17.64030371280996;
  -9.580749790003493, 1.562869514242975, 17.30916319196816;
  -10.01673678896832, 1.156329037660199, 18.07210467645484;
  -6.012891115773736, 1.826096797994555, 11.44294092645347;
  -9.771752358731987, 1.182809103657818, 18.01668294378687;
  -4.378302119389807, 1.911372806276721, 8.789520901220845;
  -6.509630370369877, 1.398088784763426, 12.71184639670919;
  -6.30258165879489, 1.626905456458236, 12.47749077682561;
  -6.261836210862168, 0.8245929989667117, 12.4209594030771;
  -9.443066578485523, -3.809995140737055, 18.29639447878497;
  -6.257452019922826, 1.548933630176183, 12.5286866475358;
  -6.179377075649891, 1.769568183962617, 12.3959903148641;
  -9.283731320925, -0.3873954784451782, 18.09805592320111;
  -9.538981300988242, -3.96346439001832, 18.57640963464954;
  -6.208813512541871, 0.854252472328271, 12.53126423273347;
  -5.979664708626601, 1.861243876243843, 12.12538490788135;
  -6.087309534810954, 0.7524870829215079, 12.38745872668312;
  -6.065116697179191, 1.686762013166835, 12.3887262905669;
  -6.099708894142504, 1.418904227290182, 12.45714244401639;
  -6.051258356692219, 1.224411977389939, 12.3667208353921;
  -6.069016923992602, 1.042092135428812, 12.40182114606845;
  -6.025802278204782, 1.653251283372488, 12.40110168660819;
  -6.021453641470036, 1.805800746661656, 12.41877934329464;
  -6.058839867272162, 1.000158642665883, 12.50772383294489;
  -8.905696295632708, -2.202541893541424, 17.91900869797063;
  -5.83473189259895, 1.828080912653009, 12.14242478126656;
  -5.978578869301654, 1.735264636865799, 12.4188765299719;
  -5.934004586403145, 1.806741873054663, 12.37576194038348;
  -5.898908970706944, 1.568694077218002, 12.38242815849024;
  -5.839040249557292, 1.776379737712469, 12.42361084001262;
  -5.838967723522553, 0.8207543094941107, 12.43438592821332;
  -5.80169438769283, 0.6955626554917974, 12.37235998994764;
  -5.002697421621396, 1.896768085339021, 10.86572423816682;
  -9.034978656525675, -4.399856794694245, 18.73754952379374;
  -5.789163985733129, 1.82306819987968, 12.47328440125996;
  -5.704785040566339, 0.7444324719320563, 12.32523696542929;
  -5.853894256234574, 0.8157644807409709, 12.74628903257691;
  -4.903252327387506, 1.89547366704473, 10.87027396315858;
  -5.875099653134015, 1.415878952163965, 12.95779774699102;
  -8.795739810729772, -4.413792542818429, 18.92053296415518;
  -5.582093552490385, 1.812696671456657, 12.63124976020253;
  -8.636791901745534, -4.319048945630279, 19.15815168327868;
  -8.445104378391608, -4.369407541242267, 18.9872668546118;
  -7.355730865496902, 1.938236794751691, 16.92684552155236;
  -5.763255876389168, 1.89210666268695, 13.50134206154323;
  -8.204543293015972, -4.148019538005658, 18.89449487157395;
  -7.366983110997494, 1.869354981883294, 17.19087230412255;
  -6.22737908796307, 1.845641745640483, 14.71462113341053;
  -8.093969323892685, -1.945669562159943, 18.79601868564918;
  -8.140379077857045, -4.245366996273909, 18.92305797799084;
  -7.970911867530225, -2.123793912663173, 18.64259228994606;
  -6.088379335736757, 1.03946204082809, 14.6922614882543;
  -7.827108571972587, -4.105425059454667, 18.52621596618754;
  -7.817566120836744, -0.573076338155736, 18.59752069072107;
  -6.212856191076095, 0.8760051891327743, 15.05577678509866;
  -7.71013090430943, -0.6493132435399776, 18.56473428805192;
  -7.444497327923515, 1.786412908815697, 18.40033233870173;
  -7.1596941709669, 1.695386822280763, 18.0750300697314;
  -3.972603558710779, 1.997598387339047, 10.64771140199481;
  -6.846984321969952, 1.236369233859217, 17.66638379107153;
  -6.8991315949278, 1.845388997341036, 17.84318433850559;
  -6.302629635675116, 1.521247415587741, 16.40211651276799;
  -6.252980797245425, 0.8548466636514917, 16.35302879490045;
  -6.176450822277173, 0.7069606167775343, 16.25020180295976;
  -6.100460361838672, 1.728809202826307, 16.35603154822345;
  -6.22381496237187, 0.8579161603804805, 16.67969120247005;
  -3.242748993027298, 2.038241228947462, 9.198132062117422;
  -6.059352751379927, 0.8499673000509779, 16.4779074973425;
  -6.077878090904771, 0.762800170059032, 16.63567672767928;
  -6.019122948058172, 0.915017877378954, 16.48943599318895;
  -5.954871092592971, 0.7736871864265439, 16.6876599537529;
  -6.098178402588041, 0.7295689120881769, 17.17643555806447;
  -5.579444058792363, 1.810880097803196, 16.0051851065967;
  -5.954093080659613, 1.555697275332782, 17.10315547805617;
  -6.109378737333072, 1.742979771333922, 17.6469614736702;
  -6.282826616591434, 1.396621902492978, 18.44538484660364;
  -2.891039444662593, 2.023283407461839, 9.074174926839973;
  -2.986739292616055, 2.024335624224089, 9.467572273980419;
  -6.171041216668925, 1.69318969642276, 18.48256428062039;
  -3.165020604872468, 2.000227363269193, 10.02585896765046;
  -6.058029716737105, 1.56831702853296, 18.80419131021264;
  -5.774835575431343, 1.622079613312583, 18.30382684439681;
  -3.753956092287099, 1.960485279210545, 12.33946394909755;
  -5.986552063784085, 1.793459050328475, 19.15936540111231;
  -5.938954924040581, 0.4680662437849681, 19.06571564940889;
  -5.893986994684004, 0.5697819413899523, 19.13216800531501;
  -5.88433075296795, 0.4436370216654321, 19.21175479973512;
  -5.713374961891775, 1.617824446203248, 18.71394166848608;
  -5.855448139906824, 1.76173992930569, 19.1986357409634;
  -2.609245377193651, 1.980616472365077, 9.843634774041075;
  -5.983089525685289, -2.073397208878812, 21.27310786069271;
  -5.755343866751163, -3.667942047077547, 20.54418319762466;
  -3.264745227389316, 1.987373168253453, 12.23286984485513;
  -5.885398294100561, -5.026873673837056, 21.18600667646909;
  -5.917705466316935, -4.377781047697743, 21.29983733408855;
  -6.12542462835437, -2.152206835474339, 22.40329178429473;
  -6.016045008624323, 1.046529503461147, 22.30619202067061;
  -6.244823208260621, -5.12754293995272, 23.05164276774025;
  -2.465941059172383, 2.071587640754166, 9.828126676945049;
  -6.3759195711857, -5.364461100595881, 23.8615219810986;
  -3.281861173066453, 1.986970745885818, 13.0141610617844;
  -3.174968733132997, 2.003807226644659, 12.64001008730071;
  -3.303858498576616, 1.898097331876903, 13.15522443341347;
  -6.270112539150704, -3.976142353780839, 24.06375328716357;
  -6.222362267330663, -0.4073445685604741, 23.99263455736417;
