m=[-5.703985648719342, 0.4445732269735819, 8.285426702812604;
  -5.363940771405493, 0.8243264630076596, 7.875752724591978;
  -5.144799163557281, 0.9616956432084727, 7.61824836609462;
  -5.149566409643682, 0.7644543900233372, 7.653851159880266;
  -5.154614003946853, 1.011809297164731, 7.664375399905358;
  -5.198651291390694, 0.5024232974478382, 7.729315629997403;
  -5.131354877132861, 1.057375480798144, 7.680460478354932;
  -5.1861568393775, 0.7515659056705457, 7.747818904980358;
  -5.048625352334726, 0.942421692369944, 7.579430610906043;
  -4.967343625460799, 1.050265386427797, 7.6249634780585;
  -5.318204470747869, 0.8066906199339405, 8.329593044856022;
  -5.31511808959235, 0.7657337170175218, 8.381000569721522;
  -5.122490279775982, 0.6735954381322282, 8.349785717168473;
  -5.005998637923429, 0.7869769957692189, 8.314278969811765;
  -3.013843412090833, 0.8487457870084251, 5.652832272890276;
  -3.004754497843787, 0.7055065551167951, 5.637053589233448;
  -3.000354322679887, 0.5235303247445414, 5.632931419695749;
  -2.994447747444661, 0.8305275905586214, 5.658436028264672;
  -2.982817817154319, 0.9034483315095658, 5.6484252107871;
  -2.491648385348673, 0.9525300746266563, 4.903907120326797;
  -2.949285174567883, 0.9305834264604014, 5.622263441306052;
  -2.956903901253622, 0.8682856891714672, 5.640496695286361;
  -2.926408731486146, 0.7868692139142068, 5.639612555443243;
  -2.899828684459598, 0.8953011867776861, 5.667564039134988;
  -4.677571732704172, -0.1374208581929093, 8.587894096930478;
  -4.689524320392597, -0.1854639334980517, 8.642880471823252;
  -2.900346027957028, 0.7424823853594619, 5.871623984202513;
  -2.74135006066147, 0.9352128552465301, 5.609011664990129;
  -4.544915568469431, -1.115515063706484, 8.652382042143501;
  -2.792717236200621, 0.9173952567696618, 5.810482986691913;
  -3.964512542755168, -0.9453356313374659, 8.736262490549642;
  -3.886504673949583, -1.024959548298281, 8.621561857577866;
  -3.878635536243902, -0.2715141189469427, 8.739307579664015;
  -3.685812817717921, 0.8483272333725697, 8.459083898584336;
  -3.844581396650745, -0.3096716689638739, 8.767446576315622;
  -3.668963401209829, 0.8966953298119611, 8.568535856842926;
  -3.242298556648285, 0.7938940388260199, 7.91386514507182;
  -3.128134790174547, 0.4424857829769686, 7.678271919422882;
  -3.117806304435039, 0.3701707991750631, 7.696325948797738;
  -3.032278798919926, 0.3083710660429497, 7.563283493527983;
  -3.085452825581242, 0.8850804725929253, 7.754747033760091;
  -3.068606427571186, 0.4291373950246528, 7.725759781882596;
  -2.995809126997647, 0.4363787567922507, 7.650556897781543;
  -3.004258652614392, 0.31819767476982, 7.685986376912144;
  -2.982824597599981, 0.3907952920153514, 7.672355073211606;
  -2.99411601120559, 0.4707136281710042, 7.702191709239013;
  -2.986288936046588, 0.8309410117382964, 7.804434439757866;
  -2.943960780751839, 0.8734912605728141, 7.743310216611772;
  -2.926760535202183, 0.3347651948818304, 7.700430641311446;
  -2.93947581684745, 0.3963226992725344, 7.741520328917023;
  -2.95869529357484, 0.3693355153559732, 7.846941929297327;
  -2.978460444766929, 0.7883418326128709, 8.043290315216863;
  -3.079568999081472, 0.8635811122708944, 8.716115439109338;
  -2.993509907526046, 0.7880823058006503, 8.785676988349088;
  -2.949806783658657, 0.2569446799639313, 8.976705221180454;
  -1.583161265403583, 1.010389695784645, 5.346613232959363;
  -2.909718097535087, 0.3027792989901389, 8.952705170447045;
  -2.836435903540021, 0.8722717026953673, 8.805629207984536;
  -2.898158910917457, 0.8413746521365736, 8.977507396027271;
  -2.916927535139637, 0.2394602827658722, 9.029215309812622;
  -1.914964019869019, 1.178443142609165, 6.994103835286817;
  -2.964688335308851, -1.102602553102442, 10.50635033070628;
  -3.021985916745917, -0.173411776550975, 11.17854431915663;
  -3.052358614216641, -1.91527299238491, 11.27332287986816;
  -3.133465077810899, -2.815926567836213, 12.7917660150039;
  -3.00753831152009, -2.650344071987961, 12.36757895427141;
  -2.978674039724222, -1.860464590512453, 12.37037145579292;
  -3.146012665305419, -0.5079006442478694, 13.20262270460276;
  -3.015113950820192, -1.031151010782045, 12.76678432525355;
  -3.099259941263556, -2.401580604434809, 13.04352836704909;
  -1.505656063442661, 0.9802806577009566, 7.080795096205446;
  -1.568846275419843, 0.9616078041741338, 7.344976069028604;
  -1.48665820417255, 0.9974356961181862, 7.012941025681355;
  -3.06838511949818, -0.1806157742121605, 13.47995720573234;
  -3.064202976398044, -2.855446507945102, 13.31643754998902;
  -3.162190440917823, -1.967529835913904, 13.91217180204937;
  -3.048107985348347, -2.659745404542878, 13.48834649638675;
  -1.538055719893769, 1.026088487222927, 7.503550195079572;
  -3.043313398315351, 0.03250222223274447, 14.08838766254403;
  -3.075162023930637, -0.836237877822584, 14.23111724563156;
  -3.041344797362693, -2.734801880598841, 13.98671781166866;
  -1.586903377486553, 0.9612123053241383, 7.940547267040492;
  -2.808474772518324, -2.276860238476193, 13.04363987969426;
  -2.983564808061592, 0.3533088314934133, 13.98429899476574;
  -1.492820378542529, 0.9923092822248466, 7.60558586767749;
  -1.456823091003595, 0.9457474869348382, 7.506614619660522;
  -2.941021697243898, -2.761659655857373, 14.0043543285022;
  -3.02358876692806, -3.251314177685637, 14.57350939159225;
  -3.223042812169116, -2.838030747027144, 15.67794367876708;
  -1.54665201560232, 0.9102369660284213, 8.208139201882789;
  -1.533253240873752, 0.9512689635461634, 8.167448630964628;
  -1.544423817314804, 0.9070503831373453, 8.480951487850671;
  -1.541685299730753, 0.9501704534299689, 8.744206786335333;
  -1.560327994426473, 0.9186411201850613, 8.851972340781114;
  -1.518395477587915, 0.9325703692798323, 8.873194567112428;
  -3.316564041833647, -4.263895606320479, 18.24108712951018;
  -3.407411464236966, -4.113831475697596, 18.79162266750259;
  -2.934876221550876, -3.375024265499192, 16.36554149998127;
  -1.528067929489447, 0.940443388553754, 9.215439605180116;
  -2.977540034074773, -1.027726798945531, 17.23710507425146;
  -3.090782802406658, -2.694338088355205, 17.95330526961876;
  -1.347618632599082, 0.9574766967465429, 8.547353965725065;
  -3.046406971954631, -2.714547333131912, 18.27675812266185;
  -2.426157916779749, 0.7546667596931923, 15.17705311093553;
  -3.1051167411249, -2.582122548101938, 18.93153010992344;
  -2.955662766199963, 0.5705017635054754, 18.30732835527886;
  -1.511357578678707, 0.8811813543448867, 10.01798532656661;
  -2.967959098937476, -2.643577749591001, 18.5212408662585;
  -2.949558408106495, -3.050793638365965, 18.76940746922243;
  -1.506419634193472, 0.8796910821638226, 10.31169171027584;
  -2.576999062206763, -0.3028538937089531, 17.19662959799058;
  -3.032054514649744, 0.5130585516453489, 20.68870382727713;
  -3.263890577852865, -2.691526043821284, 21.99736648018286;
  -2.037295771688948, 0.6209998724759892, 14.48686600551676;
  -1.930628533388494, 0.2065746608177385, 14.39457596759882;
  -2.771055504863153, -3.121603977205655, 19.98720847867524;
  -1.854485713388626, 0.4037555463867528, 13.99890529790369;
  -1.455454215957966, 0.9088439644991069, 11.3216384854078;
  -1.74485317099969, 0.6264510909215366, 13.63273550757206;
  -1.608240891987908, 0.8659277268985605, 13.31004948972342;
  -1.333961101859987, 0.2281807118893924, 11.81614592530761;
  -1.424340545455262, 0.786169120506066, 12.79351424159724;
  -1.402877245576129, 0.4720624897644951, 12.80701885986687;
  -1.410068676900799, 0.7762009776949141, 13.66764439545678;
  -1.309868278393033, 0.3801183924566509, 13.82908445523349;
  -1.091338113316666, 0.6105191282962604, 12.62567558643818;
  -1.192303096200455, 0.4009786446608994, 13.82734059822036;
  0.6897358714496863, 0.838354365680564, 10.2321870283999;
  0.4307906448092687, 0.90152228626872, 6.482843240545776;
  0.4943900554149193, 0.9042755143173629, 6.484052711741132;
  1.264037698351207, 0.3144997162443561, 9.878304342117275;
