m=[-12.82806962199094, 0.804408101641465, 16.8035739769294;
  -11.82344971586659, -1.110770830818065, 15.54651683785042;
  -12.78581726941979, 0.5139346027839217, 16.77016767237149;
  -12.5782483669739, -0.8266495135213111, 16.53126664597772;
  -12.71570568013874, 0.968961110206003, 16.75721323573266;
  -12.59360050775672, -0.7993732483701547, 16.62468393763076;
  -12.73118158008999, 0.3784848767278917, 16.81969879278352;
  -12.77233607099236, 0.5826372768995158, 16.94225909273395;
  -12.73213813909922, 0.4309625092336563, 16.92823869601814;
  -12.04959166230372, -1.016125582454802, 16.34799470003448;
  -12.35735492975087, -2.878479528976304, 16.78004283718493;
  -12.17731583866125, -0.9318286059935084, 16.67492664320721;
  -12.08898094725615, -1.04402049990131, 16.62042669639374;
  -11.72607500735374, -1.355715831401328, 16.26348974411674;
  -12.16153083321364, -2.645657752239368, 16.85198932056472;
  -11.29016506363458, -1.165732223471723, 15.75379408069004;
  -11.20451755419153, -1.081023926559972, 15.68566553147037;
  -11.37328359687086, -1.14214577307641, 16.01920668562578;
  -11.95781425172224, -2.564994263860017, 16.85329590715398;
  -11.45248738604575, 1.636345141228202, 16.27993093066289;
  -11.87743625845883, -2.861634622506352, 16.8124315593182;
  -11.63722765668533, -2.618185347006212, 16.50954686349842;
  -11.68385287790895, 1.770720270867979, 16.73703819397301;
  -11.68620381924373, 1.422154040484745, 16.73857489428729;
  -11.75167888542404, -1.050934686184969, 16.97816843913846;
  -11.23724282557597, 0.7947665432947645, 16.39409238529602;
  -11.48405180654307, -0.9278231942541052, 16.73860099239174;
  -10.84372872655534, 1.666456235801001, 15.92160124477415;
  -10.18069144350685, 1.750962984697461, 15.03465995154887;
  -10.18662703251518, 1.90414329592332, 15.08402024634445;
  -10.61986810571117, 1.884905005409833, 15.70451310072686;
  -10.2899805678893, 2.019840476563871, 15.30013185655561;
  -10.33212741305131, 1.533806835541725, 15.35674250871256;
  -11.30879805414344, -0.9377583979239844, 16.69323776107486;
  -10.52990091258975, 1.017661551384241, 15.65577745920163;
  -10.34711199201022, 1.499479640936418, 15.45798794493618;
  -10.32420672600776, 1.928847290512099, 15.77146045763469;
  -7.089337757336375, 1.69023857506592, 11.22106216895365;
  -10.55492452437093, 1.601021294828738, 16.53156180638856;
  -10.67018190652065, 1.537222299638467, 16.82498848194745;
  -10.48695280854055, 1.629363338106564, 16.87873360210406;
  -10.19771693793758, 1.340975821052981, 16.62253056336536;
  -9.334887532151475, 2.174657975907029, 15.45028619103624;
  -6.042113191459187, 1.847262207156734, 10.47644952498542;
  -10.18387305200172, 1.549967605631034, 17.0555472750339;
  -5.945454142109429, 1.865379463920247, 10.4099273749526;
  -9.815551117660956, 1.349902087207363, 16.61866669894422;
  -9.621801350722876, 1.685435420934725, 16.32248541259332;
  -10.0151847825014, 1.282024340850666, 16.946577542665;
  -5.988709603964757, 1.878829487054172, 10.64788475679061;
  -6.751210597715691, 0.9851797819880146, 11.93530309779726;
  -6.227428542559337, 1.622160544010689, 11.32601573999401;
  -6.241640429508635, 1.428837304336641, 11.35628121617457;
  -6.228202734388736, 1.126393556815013, 11.33545214579126;
  -6.239073218794239, 0.5487668475211838, 11.34803146788473;
  -6.11109505721601, 1.438248767526609, 11.22193581210947;
  -6.114023463244922, 1.768922851413219, 11.260695447076;
  -6.144059373029503, 1.550055402899699, 11.31350853605482;
  -6.047497633711988, 0.7632100902116233, 11.30865822428797;
  -6.03794574023772, 1.70038064640426, 11.32490639873611;
  -5.99128058861867, 1.406733139711646, 11.23990987297405;
  -5.972064667364916, 1.656387052697609, 11.28506780783912;
  -5.958215351719356, 1.804649176804566, 11.28279897297167;
  -5.897222291070214, 0.9997884453238394, 11.19746192791368;
  -9.355466030820026, -0.274851192930109, 17.17638041515721;
  -5.950382778291814, 1.565917075848418, 11.31881342337734;
  -5.89144668224372, 1.85891913323519, 11.2309469371119;
  -9.434248489708724, -3.795710514853023, 17.33363334515462;
  -9.646463459302508, -0.3815037379649816, 17.77861142376641;
  -5.904859636537296, 1.815232894727481, 11.30309825956958;
  -9.306134978814759, -3.865646122029413, 17.20758373552146;
  -5.856666478441925, 1.799728729222734, 11.27702868537962;
  -5.860102764517794, 1.575697340620929, 11.29326493984959;
  -4.942868812004899, 1.889604980403342, 9.728246451049754;
  -5.774184947461078, 1.782737947189852, 11.28534355802594;
  -9.105747669131002, -2.23493671954979, 17.33506517904614;
  -4.893629120428774, 1.907537351680865, 9.830644503086717;
  -5.741124668887246, 1.823262170000638, 11.3589592494382;
  -5.678037182643564, 1.549645757151041, 11.49335066188462;
  -9.040665376696033, -2.119688455482652, 17.7297993002117;
  -5.518454011668479, 1.882623166905524, 11.29117852124704;
  -6.453967969682753, 0.9201761399082289, 13.20532359713515;
  -5.59235453647686, 1.837063723972955, 11.63536374844568;
  -7.754006985537604, 1.28967435349192, 16.18936962386358;
  -6.800573770594317, 1.898928070656765, 14.35559875971177;
  -5.455031956572984, 1.818545872055917, 11.81988304674551;
  -7.113766817250899, 1.893922213722836, 15.38249512993806;
  -6.099097110650108, 1.828227036982907, 13.41265666042657;
  -6.957800256819543, 1.781555206277013, 15.27042670607606;
  -7.921215730904145, -1.888809126766074, 17.45531616387757;
  -7.731099116278627, -2.038866416701747, 17.15015286224416;
  -7.950863878189794, -4.134227919762795, 17.57428725215344;
  -7.743695118970992, -0.5420778874359634, 17.44802593990745;
  -7.797762783588581, -4.074541845574415, 17.52721747566924;
  -7.621645034837904, -0.6139049469064697, 17.38092103467901;
  -7.624593552193673, -3.799504756611067, 17.50549482394257;
  -7.274190935529286, 1.561570300984742, 17.20162273839101;
  -7.201127333769291, 1.732584179938622, 17.15632426610967;
  -6.402336475367165, 1.56764612312775, 15.62694693107079;
  -6.657553874296517, 1.806348801031452, 16.23328423892966;
  -6.710949489422221, 1.733411447008503, 16.36029800630076;
  -6.360546146217254, 1.078337458840359, 15.59801897187536;
  -6.339374110588066, 0.8967269970968749, 15.56053095056326;
  -6.226203978636308, 0.7392245308248526, 15.36942663023111;
  -6.133949845374016, 1.759559952754165, 15.41661210123559;
  -6.177341735573905, 0.8638867196401834, 15.55255112250285;
  -5.934027780164479, 0.8643687083208786, 15.15404194347403;
  -6.006286637357812, 0.6361590871495461, 15.36626589404616;
  -5.917112378689087, 1.085148504260216, 15.21314517656214;
  -5.964677591584005, 0.9377241962225383, 15.34379099615573;
  -5.95369685419686, 1.268240966432126, 15.32788888160545;
  -5.972848257383062, 0.7825337704354095, 15.36322741401827;
  -5.93382151572534, 1.651097987952484, 15.50758214910407;
  -5.752312808245418, 0.6579541083433734, 15.13457806822633;
  -5.845686697396287, 0.78816036442115, 15.39543279961665;
  -5.893728668725608, 0.7357173007842841, 15.63112859609342;
  -6.072072815945139, 1.364648993667971, 16.34360509556767;
  -5.933363640713436, 1.570448509496534, 16.0229646130972;
  -5.964166955811988, 1.73358353614816, 16.23268549453717;
  -6.327846944012745, 1.39497985887194, 17.31423383337817;
  -6.228697078205923, 1.418268741429799, 17.28118790800867;
  -6.112871944717606, 1.714188172034238, 17.30128389737108;
  -5.798779746093199, 1.654925754115201, 17.34871023526296;
  -5.684802272493806, 1.751776649768017, 17.23784216110778;
  -5.876870062127107, 0.511908273337809, 17.88419853908647;
  -5.772053343731384, 0.6006280356262593, 17.75962140741264;
  -5.661186419458623, 1.643518834115427, 17.53642381703977;
  -5.593551351962435, 1.720150473275592, 17.3650104695577;
  -5.739166895980452, 0.4711472983802534, 17.76532772188863;
  -3.142318379887984, 2.005459697186407, 10.61216023864608;
  -5.734504637863765, -3.623835402056174, 19.55896924841025;
  -5.775205217253933, -4.244374474274416, 19.90794779295052;
