m=[-12.04611808596611, -0.9974106703414175, 15.51788483985733;
  -5.950570124617695, 1.782505470568754, 8.235959434872045;
  -10.70415067458639, 1.798202105501606, 14.05487129640549;
  -11.24932567253904, -1.23694335159778, 14.71703925474997;
  -12.13273023271662, -0.09365872775884031, 15.8595023747565;
  -10.97729084543178, -1.167877587766632, 14.51073778524308;
  -11.4759339634835, -1.436767834416951, 15.14382743928393;
  -11.52626047446941, 1.565746818339761, 15.35795912528496;
  -11.73280998753897, -2.912775007575442, 15.6586065714145;
  -10.59370646303013, 1.946536341506956, 14.26684968127754;
  -11.24358230345004, 1.632002082225654, 15.12344315155955;
  -11.55549639801521, 1.339189184543834, 15.54660917787833;
  -11.31931238114532, -1.0729959950556, 15.40283587486604;
  -11.58481686548774, 1.134372970970832, 15.77530981503823;
  -10.53020010612397, 1.549910636413877, 14.47049853937834;
  -10.33580508246439, 1.713026814243835, 14.22764229321976;
  -11.04387183227768, 0.7421842680801758, 15.12478299516224;
  -10.30587181434173, 1.860248298361615, 14.22572934467389;
  -11.37618746572897, -0.990727740148482, 15.60394261395359;
  -10.17192399780294, 1.442197145210643, 14.11572481475657;
  -10.23842957473642, 1.94316193440332, 14.20388810060097;
  -10.28562954980969, 1.594784801228821, 14.2670712371359;
  -10.29169978914027, 1.169994293766093, 14.29621430751515;
  -10.17155910938907, 0.9184681514001506, 14.14584516633047;
  -11.09950376983862, -1.049211929169333, 15.37114294166203;
  -10.30702934104987, 1.433591766952417, 14.3850438500235;
  -10.28402999525397, 0.9813944124891812, 14.36642633793961;
  -11.20949752473135, -0.999833575016583, 15.56901578953016;
  -10.12501150838777, 1.51930949618445, 14.19001511674625;
  -11.11505312810603, -1.090327169073176, 15.46500423314034;
  -11.19114294874918, -1.240829777317158, 15.59929335282784;
  -10.50513861152115, 1.449230336307998, 15.56091045658706;
  -5.827227804855021, 1.796663946797862, 9.201690539292544;
  -10.16681928924327, 1.389901488844559, 15.4582259909225;
  -10.19917634803267, 1.286697041010373, 15.60884652306392;
  -5.799694267964603, 1.786229669727141, 9.321055426638276;
  -9.941841492167084, 1.470549464871445, 15.45891987484214;
  -6.173273472291827, 1.404307286881272, 10.15786994269997;
  -6.127081066853971, 1.565240655144422, 10.14139245361209;
  -6.133170472793134, 0.5085413292514149, 10.16992596780579;
  -6.079376225871108, 1.402710532427896, 10.1537876523825;
  -5.991814547148787, 1.699718928310521, 10.03358212153023;
  -5.86043368404694, 1.7637303658536, 9.892893913336721;
  -5.87601573697335, 1.616598462827107, 10.0246360936625;
  -5.882767901386607, 1.354449070952382, 10.03971551664617;
  -5.864347067177055, 1.593251725072728, 10.07841483261787;
  -5.834345313913204, 1.735450116138882, 10.04636443594503;
  -4.897344173945373, 1.845936623761301, 8.623588989949463;
  -5.777868337643853, 0.6343244025182709, 9.991999994038077;
  -5.767646043505946, 1.790876489793739, 9.993547974197892;
  -5.762136880970364, 1.741064738731008, 10.03152068219866;
  -5.701977802175689, 1.501926801095614, 9.995747178691913;
  -5.712078201379367, 1.621000984460793, 10.02816102634154;
  -5.7274492839445, 1.604241625993727, 10.09526911177557;
  -5.786092853403747, 1.767486542226227, 10.20071990904263;
  -5.58332313820097, 0.6613708617515954, 9.962891781409335;
  -5.619186501243489, 0.7857789855810978, 10.02150360190427;
  -9.239581877852411, -0.3195540154571026, 15.98272109863626;
  -9.328817586913878, -0.4242757858585579, 16.23463546876873;
  -5.307098711797379, 1.783853749881118, 9.872706102757006;
  -8.966443999390895, -2.254123192765811, 16.12422266101357;
  -5.433451204551421, 1.759186150737072, 10.30950655211524;
  -8.706836500829317, -2.095132561567404, 16.15070568933759;
  -8.146564850773508, 1.27874585926306, 15.5297542945667;
  -8.244584638256796, 1.221425467784864, 15.81794262980054;
  -5.491071920095651, 1.798669524008446, 10.86234822299985;
  -7.840003809931295, 1.200618144129743, 15.22727440411206;
  -7.933861575664013, 1.334300524536371, 15.46184140752219;
  -3.935401098218393, 1.902619236192366, 8.301880890494424;
  -7.174651681730412, 1.875321607651004, 14.47661077798482;
  -6.449212932672364, 1.799919823514423, 13.11918066934506;
  -6.712871243374814, 0.9709795472738907, 13.7543345469919;
  -7.812290623237902, -1.901388882165567, 16.26631107758767;
  -7.689175937119058, -2.067053799708929, 16.10377633698396;
  -7.620275387149003, -0.576870820841403, 16.0284529754637;
  -7.629736777783363, -0.5626378283505737, 16.21920714834653;
  -7.49762657936293, -0.6241148798448293, 16.12867752917492;
  -7.110959538982067, 1.351622986805439, 15.46080940149336;
  -7.13455211163852, 1.23827722967958, 15.68461873924876;
  -6.779581812216294, 1.428716555330422, 15.07777017395582;
  -7.198760227191671, 1.2556833716483, 16.04759718487879;
  -6.928494954286283, 1.662736908557896, 15.49485266860725;
  -5.889865631600379, 0.9651477393231591, 13.49998766643268;
  -6.405003699392365, 1.537751008094322, 14.60588707601224;
  -6.003362219593042, 0.8226562841501863, 13.776519141175;
  -6.071193524044428, 0.6967785978914693, 14.00306471767181;
  -6.161631706199893, 1.698546435745567, 14.24015039687899;
  -6.043400604261938, 1.708719670462134, 14.17500066767719;
  -5.920328857241644, 0.7949078865618415, 13.93317013925215;
  -5.873181559659273, 0.8332284993546482, 13.99758037239039;
  -5.833235408154897, 0.596520707215065, 13.94591086900724;
  -5.832498785455575, 1.038678035360082, 13.99053316260352;
  -5.781035461678182, 0.7362880951597071, 13.89256897039314;
  -5.835395682288393, 0.8929262877782864, 14.01910308200418;
  -5.843268371267016, 1.594416433118736, 14.25323086981513;
  -5.775969326570555, 0.6355644333761252, 14.18430328814252;
  -5.733335239408626, 0.7541433408507864, 14.10950375662723;
  -5.762018903881119, 0.6972591795992049, 14.29469660720686;
  -5.739670290879233, 0.6114865097155043, 14.42172309587009;
  -5.810010612936441, 1.504903862112139, 14.6771262917918;
  -5.906680481158596, 1.69054757181358, 15.05224006142281;
  -6.201768549663499, 1.3463313282934, 15.96599157988146;
  -5.766605146266605, 1.706114913815753, 15.2650741666249;
  -6.056281831086804, 1.583241373625916, 15.98396760697354;
  -6.040670317051724, 1.671374499870651, 16.07627860907226;
  -3.107088020015621, 1.900852228618061, 8.78783616409965;
  -3.074590243889381, 1.959383245016105, 8.848528907135039;
  -3.194204880818805, 1.951622479017353, 9.286063824516045;
  -5.745713289816523, 0.4971120847506731, 16.50748851944228;
  -3.062202302983347, 1.942137376940875, 9.324897643123459;
  -5.689588368316399, 0.5725696951219019, 16.5108179314661;
  -5.583498015373992, 1.697772094994695, 16.29942391833178;
  -5.768578785097346, 1.651982260391353, 16.81255284351397;
  -5.751527699415449, 0.4530289667758284, 16.79535020867254;
  -5.700664474475877, -0.3707084504605857, 16.65070650586749;
  -5.690481396824271, -0.4875542490620752, 16.65925146961003;
  -2.97990899157093, 1.960672959380889, 10.04431214425655;
  -5.729857630572547, -0.321788922157038, 18.54049147530662;
  -3.02643962599234, 1.851648092298283, 10.38706481162727;
  -6.746973349942215, -1.002642226839006, 22.54443976186519;
  -5.890327110878746, -2.218779946860244, 19.94301623142319;
  -3.113149768294057, 1.84691501282888, 11.09417641629081;
  -2.875652324360702, 1.889879131576529, 10.72099422659947;
  -5.99685852068576, -3.793838402771924, 21.28448133240976;
  -3.063840358338559, 1.866601270205052, 11.88032788439828;
  -2.90815687396799, 1.889573931235697, 11.68404219931319;
  -2.873423634884913, 1.965905828154337, 11.83710798688935;
  -2.901760379866979, 1.889141225431089, 11.98723927677539;
  -6.660244292625239, -6.04047425276412, 26.26328187185327;
  -6.062176773444451, -5.295794551049249, 23.89720659927377;
  -6.114648004650364, -3.844658013343087, 24.45971140040161;
  -6.253311401749276, -1.015705582218907, 25.27984467158167;
  -6.003530055997408, -1.915254200866223, 24.31169850822575;
