m=[-4.872504549063954, 0.9803784853590366, 7.22036620786829;
  -4.715465938520553, -0.2029234952361556, 8.078594778993425;
  -4.688100398033553, -0.1621395131146207, 8.109522934558576;
  -4.592670507491065, -0.2088752267477671, 7.992473946738224;
  -4.487975272514022, -1.128256547525479, 8.070659070201634;
  -4.077486593584287, 0.7737309388911545, 7.895533295548445;
  -4.005421056211313, 0.6133901604581955, 7.779542842782436;
  -4.024098629614479, 0.6767646323387372, 7.842331785845288;
  -3.962839215075, 0.6366583608012023, 7.752548466895007;
  -3.952247950793723, 0.7040934742071782, 7.973358539970912;
  -3.686389698782659, 0.6050763703885774, 7.569272537474323;
  -3.927971693492631, 0.8904241280872242, 8.042942912401264;
  -3.729156954369616, 0.7382566121381891, 7.826076624311396;
  -3.966642798732902, -0.965418579615887, 8.259119995605099;
  -3.87032532000845, -1.040445780439589, 8.105791025524935;
  -3.85424431442141, -0.2842226034996487, 8.193308466153836;
  -3.701494184886058, 0.8319186455917604, 7.971611557619143;
  -3.602767237715743, 0.6847997078187866, 7.833218185944217;
  -3.68203119927478, 0.639055587749383, 8.094587388665195;
  -3.511617568444895, 0.7400318035820344, 7.809827228639759;
  -3.459743210225904, 0.8302874964520747, 7.737353013514163;
  -3.096516778300566, 0.5074133019807057, 7.097434972315472;
  -3.083061590626111, 0.4224799202808341, 7.075011545707016;
  -3.079680234140322, 0.3534486698537766, 7.103209847883941;
  -3.022102943740611, 0.4057702742378448, 7.112353977088207;
  -2.97517475876978, 0.4220881602903126, 7.090747559011814;
  -2.964769226179072, 0.6833836986982067, 7.096069668406045;
  -2.977927490956977, 0.3045300401313187, 7.119532893391089;
  -2.964219372011537, 0.5278817307900647, 7.110333143793344;
  -2.953853460807236, 0.4519956398852642, 7.096412721742301;
  -2.953523661691346, 0.3761686509780663, 7.097695810332202;
  -2.959423198711031, 0.8075194704012104, 7.218792534009317;
  -2.894851381222357, 0.3185378027114783, 7.109014546955044;
  -2.91004192994732, 0.3827769790926627, 7.161494283521017;
  -2.920757952017717, 0.3534395369754838, 7.245958314898565;
  -2.894989057450982, 0.3084230739208719, 7.274064264366729;
  -3.1051410238261, 0.6930796139281261, 8.102157411099233;
  -3.066772254633755, 0.8485357873010687, 8.16172421409814;
  -2.928377518870031, 0.2533596404684109, 8.413256254713598;
  -2.867309644493544, 0.8718617412823109, 8.37028960555492;
  -2.903143867027106, 0.2286711175214444, 8.477628988526949;
  -2.880303401698083, -0.187303219770362, 8.412894111600195;
  -2.945469715422519, -0.1654176396835362, 9.530857426226866;
  -2.94837749290273, 0.531197913029413, 9.925474279854548;
  -3.058879044593632, -1.935162010039643, 10.85679338576549;
  -3.016519168270768, -1.896672479572825, 12.06662889402109;
  -3.254689707408261, -0.5286489496237531, 13.15751686929589;
  -3.073571124271707, -1.057379467181831, 12.53916566862306;
  -3.111842366744351, -2.424131291810002, 12.67195031861775;
  -3.012667722378033, -2.624857205868946, 12.4210680702399;
  -3.197574718341008, -0.191957569103053, 13.54590903622557;
  -3.0603346843466, -2.690544926357628, 13.13407547001538;
  -3.01161993227738, -2.633055921979302, 13.30110655708085;
  -3.189150866923173, 0.1822742000394531, 14.21744675322572;
  -3.165110928935637, 0.1179077337363875, 14.11309570630404;
  -3.108410590182703, -0.8383580732423985, 13.91468435317665;
  -3.017847448313443, -2.733935331973048, 13.4795999561431;
  -2.938405518657613, -2.401184229122641, 13.20333160435138;
  -3.147533707274124, 0.3686944816229508, 14.19636160852637;
  -1.527233779991019, 0.8966464184534386, 7.566432243141555;
  -1.509398302908459, 0.9335979684983038, 7.501266396178651;
  -1.715999245914987, 0.941627330749112, 8.584091948872;
  -3.243847294641456, -2.871825062529223, 15.35330531712878;
  -2.92399825613221, -2.976685469813013, 13.9981478854908;
  -1.514811753505707, 0.9351619095263007, 7.828938345180941;
  -3.186082791119247, -1.086830514858653, 15.75066011342554;
  -3.17771212999839, -2.783452150229528, 15.76923702371535;
  -3.330877679748612, -1.087442805503511, 16.67692994354374;
  -1.5162463953597, 0.9317989460249641, 8.316430990383344;
  -1.519173749804641, 0.893325865067624, 8.366002861777162;
  -1.447723906538525, 0.9340269927720831, 8.061122937053002;
  -3.209679687215569, -2.882243623683837, 16.57454721921666;
  -2.643935770197184, -2.888145033771809, 13.91364227618231;
  -1.492274751595115, 0.9171216942270725, 8.467427715540872;
  -3.273670330688626, -3.978255995449847, 17.73603482378756;
  -3.148499559018954, -3.645284912050518, 17.15037589411668;
  -3.306194245440205, -1.136543907859472, 18.62632454512622;
  -3.051943329838577, -2.796838000965927, 17.37095836440994;
  -1.514246536289309, 0.8827535824365279, 9.461783505687437;
  -3.284151589931236, -2.938196196354846, 19.27321298382098;
  -3.926703142877864, 0.7503405018373001, 23.53558766932231;
  -3.664356505018604, -3.263498119615156, 22.2770311988848;
  -3.036400496723651, -3.149389352620384, 18.93151563715625;
  -1.390167808832593, 0.9679169523026439, 9.327478203574581;
  -4.887699407558909, 0.4919354930756491, 31.20050435738748;
  -3.02873003163215, -2.89825928464721, 19.65167116154015;
  -3.319505401750471, 0.5643694312439437, 22.02556031363587;
  -3.754560863021421, -3.0826613570188, 24.81966569126185;
  -2.011584615033227, 0.8430893748187629, 13.84349787929818;
  -1.639320786473646, 0.8892975177652548, 11.55357031807552;
  -9.532878836699734, -0.2367581075303545, 63.10229686998108;
  -1.488426456426385, 0.9303583187558598, 11.00256283696392;
  -2.246183858693164, 0.245487406851945, 16.15927474735377;
  -2.034298690878549, 0.453243699771557, 14.76525249923621;
  -2.86103516622862, -3.229674041754146, 20.26122222999401;
  -1.934344909720671, 0.6992947154431549, 14.48636907032254;
  -6.54819640254427, -0.3966386269567043, 47.61267222652231;
  -1.915526540848729, 0.4564449748308243, 14.80596070260657;
  -1.718045820943684, 0.9535910726671935, 14.70604314784888;
  -1.335610147398717, 0.8418347611444847, 12.45689317844373;
  -1.582984069408379, 0.5755927592203242, 14.64475190496891;
  -1.633562926335731, 0.3240299083151731, 15.1852086299321;
  -1.420853308539994, 0.556210694732725, 14.17747267647155;
  -1.438655577984217, 0.4304517946363538, 14.59711060280853;
  -1.261747748796843, 0.3681718212474057, 14.59354425355254;
  -1.17602863918932, 0.8469480244481594, 15.47515043024619;
  -1.235794734795316, 0.4187845005246859, 16.55544147577852;
  -1.265153581500505, 0.291916274845745, 17.42221569114791;
  -1.655299349842383, -0.1037147833928923, 22.88711615814459;
  -1.317092002172404, 0.8117453969936717, 18.66438605977948;
  -1.104030303149798, 0.8015085478717736, 16.16194355121923;
  -1.36530385269764, 0.2892540872467791, 20.48666688175653;
  -1.277983651052436, 0.8115030870952823, 20.20773998074157;
  0.4794168205539868, 0.9081539688686627, 5.895199044753472;
  1.363024403642826, 0.1581927805463936, 9.9443868042157;
  1.292207958556693, 0.4434930304721793, 9.438697054571273;
  1.445516887658224, 0.2653697735071847, 10.29846501130091;
  1.278226997897785, 0.37140112163184, 9.028242472451129;
  1.160721138996115, 0.8968045998125157, 8.079758331547454;
  1.511290833730729, 0.4876965445475269, 9.448024027303978;
  1.520972957292183, 0.5618889109049046, 9.326294197936536;
  1.552681252664087, 0.4766119353581924, 9.300812458019193;
  1.700041913933834, 0.4751678385534345, 9.427745810005337;
  1.730923123739163, 0.5096609226180087, 9.355926181273199;
  1.7215597046813, 0.5450903622825243, 9.258351791154565;
  1.83921855398223, 0.2941294394744485, 9.75084881220446;
  1.901695731061293, 0.4802317185220205, 9.416286055495705;
  2.059631413785729, 0.2925756965449207, 9.868900582955318;
  2.013290249784246, 0.3717337687681834, 9.522911920153726;
  2.006831095912014, 0.4664186407506908, 9.337237760175542;
  2.145853711534385, 0.3076143721494645, 9.858104220498538;
  2.13685233665867, 0.4172258398100894, 9.428237575636814;
