m=[-5.855952007266499, 1.764959795716132, 8.20852682520631;
  -6.369932074680266, 1.314373822389862, 9.418651246584833;
  -6.183171067415746, 1.537768986415912, 9.187185674588539;
  -6.174961073246622, 1.598935150294394, 9.197936932742362;
  -6.111853201447231, 1.631866194219431, 9.118549384693152;
  -6.255965226084005, 0.7781506011074379, 9.311523590064212;
  -6.036538283173443, 1.669790577971896, 9.062268112427509;
  -6.104018274790755, 1.367630009921047, 9.154552725227344;
  -6.062588419769312, 0.8740258520551592, 9.097980597461325;
  -5.912918354042819, 1.739497575733768, 8.93505932690087;
  -6.012427102536711, 1.707815605881148, 9.082452224053453;
  -6.022908232470083, 0.7175562686894543, 9.146506434474478;
  -5.955255469351254, 1.603477333116997, 9.111241203074261;
  -5.920599800646498, 1.154125766625902, 9.070126042513623;
  -5.918688232072113, 0.9634968450909958, 9.071671177511263;
  -5.886905622535676, 1.560483464914164, 9.076443889108914;
  -5.908039174645888, 1.717179968259099, 9.122116531841956;
  -5.818847037974236, 0.7284673824185245, 9.004977570153855;
  -5.806598123466354, 1.759534787372121, 9.014170005882958;
  -5.853125331022008, 1.646699174635004, 9.101619077147108;
  -5.84695226537885, 1.726275601608441, 9.125672684325579;
  -5.770664793817296, 1.350971554303522, 9.057582736345772;
  -5.77306819631463, 1.482680262628145, 9.072123838431944;
  -5.778807140532751, 1.598768478438095, 9.095367062058088;
  -5.781258659383325, 1.542781855110972, 9.111290927519075;
  -5.810016380439139, 1.582576304248861, 9.186245395028696;
  -5.849822847821856, 1.756006143321374, 9.266899615543419;
  -5.717233600570602, 0.5802883824914487, 9.137847454131407;
  -5.656026378562189, 0.6342390383912471, 9.05164363350778;
  -5.663089100928647, 0.7575738130108852, 9.062999749851583;
  -5.691190244209838, 0.7945701423891587, 9.332336265806321;
  -5.653763526753884, 1.49644010664551, 9.406693905564017;
  -9.534108961272287, -0.3607310083492663, 15.20009925935818;
  -9.43515047479718, -0.3856030066011727, 15.23452777781817;
  -9.289343325687046, -0.4771204366451225, 15.07158499930311;
  -5.516169042134779, 1.746435645403749, 9.409631712498875;
  -8.904539319200158, -2.29355309139802, 14.97341446593703;
  -5.72956437711755, 1.743573080845216, 10.11974220173242;
  -8.388262905072875, 1.403454009514564, 14.69044807469512;
  -8.35710672313598, 1.626998545461948, 14.81055946861173;
  -8.267723633662744, 1.515859881352946, 14.70645330698445;
  -8.266033148147493, 1.466022430378716, 14.79108652272113;
  -8.254063712297908, 1.565318222982819, 14.81223401584554;
  -8.34002798325602, 1.400452125293046, 14.96290544021044;
  -8.274751798576981, 1.508955001924314, 14.90183933424903;
  -8.114658141627844, 1.189471059913418, 14.6499795169665;
  -8.09475141731885, 1.304438912575987, 14.6760621246062;
  -7.717637732833482, 1.216609671087741, 14.9750562066986;
  -7.629694076783068, 1.458836312609373, 14.87497549712497;
  -7.970579149798012, -1.986456560885691, 15.52339398357133;
  -7.70647466339639, -2.119282342275155, 15.09085526105469;
  -7.409564409706889, 1.159384096736365, 14.60163241243618;
  -7.817822039612024, -0.6473813821518354, 15.35447670843083;
  -7.719427178095785, -2.237915259272714, 15.23194654228075;
  -7.703542409397231, -0.6146110306554298, 15.30061985035643;
  -7.498435947503976, 1.287462205826701, 15.03308075540867;
  -7.351326830932412, 1.688753017848562, 14.75936910106814;
  -7.646804746785953, -0.6896682294502868, 15.36574255470055;
  -7.229795245235826, 1.329829558487093, 14.62395409438728;
  -7.552310474978051, -0.3642669498745732, 15.3231214679189;
  -7.526345183466961, 1.246338892246769, 15.40252766325652;
  -7.206975272556608, 1.462580345233865, 14.87952665028664;
  -6.845403476662058, 1.571543904990461, 14.22790483813501;
  -6.445757019543013, 1.011579686701826, 13.61350722490913;
  -6.261037938828476, 0.8124098684925606, 13.26014710258079;
  -6.175830351881795, 0.6666171280091144, 13.16415107103063;
  -6.158755923788087, 1.646048288307971, 13.15488153278671;
  -6.034035635309087, 0.6143672360561314, 13.0078122632643;
  -6.097763733127364, 0.777202859953663, 13.25610848274352;
  -6.016371076820708, 1.219596247832506, 13.1992561018021;
  -6.044030029397606, 0.729339036708698, 13.27901644918265;
  -5.957151894194302, 0.8024305230882675, 13.11768379978318;
  -5.972326600695562, 1.535725656026041, 13.20290044729746;
  -6.006109655025009, 0.5759421959123602, 13.2675280710666;
  -5.943697465254001, 1.247994533695811, 13.16319619152717;
  -5.954252250458363, 1.010996794225152, 13.19048398994696;
  -5.909847163902671, 0.8610788909955045, 13.11817666571709;
  -5.962077554603819, 0.7169169554010018, 13.23156342784614;
  -5.934776182508747, 1.567044236002827, 13.37830516732434;
  -5.813385381420281, 1.651390373618117, 13.17576421166556;
  -5.731817985098854, 0.5948057934806464, 13.0208043955373;
  -5.835124668468628, 0.7276741781301411, 13.27611326783015;
  -5.776507136491331, 1.036624157776215, 13.1983206265777;
  -5.848028188458293, 0.6674297197732025, 13.42582138067152;
  -5.78956498903167, 1.596470011395393, 13.31118714373686;
  -5.765894882448116, 0.5756662328868771, 13.4162353973962;
  -6.003920677064373, 1.497472335686058, 14.04294403311521;
  -6.178753433532526, 1.234613054141098, 14.55277197567085;
  -6.318636237057941, 1.322771481433436, 15.15329548338543;
  -6.05157854608617, 1.738132812737365, 14.87084967026896;
  -6.161055702937678, 1.654394601072157, 15.27433965561466;
  -6.037280605208769, 1.636878351120418, 15.33243706901202;
  -5.885200928890477, 0.4772339877053056, 15.79403121344319;
  -5.941970649264816, -0.5421019532331255, 15.97492503511578;
  -5.821808881584353, 1.717237754496424, 15.8358865408102;
  -5.769999213694577, 0.4032031540453431, 15.74925178584169;
  -5.730771885854745, -0.3926062607384482, 15.6529327026734;
  -4.524258240107809, 1.809349900218459, 12.72066955925411;
  -3.145703459243819, 1.892793915812772, 9.388215320239217;
  -3.011926831975123, 1.949343884805951, 9.08322866178041;
  -5.958482007807449, -0.3722986807200137, 18.12820217925802;
  -5.891377890268931, -3.787440571271926, 18.10250226465596;
  -6.158275947077886, -4.272391841363347, 19.05860824824646;
  -3.099183861975592, 1.936177192255695, 10.26421267689257;
  -5.980655102538393, -0.9279890766152964, 18.96946212936368;
  -6.426364660641877, -0.9107315731271801, 20.41708774170978;
  -5.833954548271866, -2.237741173003506, 18.67917685317218;
  -2.96715606543835, 1.913173880180058, 10.37757456975385;
  -6.17940258967839, -3.940205447856066, 20.81560769719324;
  -3.156583352091759, 1.886658306280422, 11.12259538320734;
  -2.980208611987022, 1.898994705513837, 10.8586632710359;
  -2.975302607836601, 1.771007038110003, 10.87404958798771;
  -3.026361515327, 1.932500231442127, 11.36289995385268;
  -2.924886114752581, 1.930820526350986, 11.33626851954486;
  -6.185409364848665, -5.511666390242657, 23.43158222461814;
  -3.016526999787863, 1.917211168284119, 11.95923706613825;
  -3.094675626253068, 1.90771057094167, 12.26463303922695;
  -5.906573533141104, -3.738478369480672, 22.53275390442317;
  -3.14564454680004, 1.871466353210605, 12.47652745436549;
  -2.987591817807779, 1.886866800270224, 12.10511329440336;
  -6.23115318509105, -2.172337070549254, 24.19764605012167;
  -6.303039465126957, 1.000077626091412, 24.52747450987897;
  -6.353549178569198, -4.975220623602218, 24.70141555881606;
  -3.149690995600401, 1.859081659385204, 12.91756785805309;
  -2.908426097084069, 1.882768053387723, 12.04413551982515;
  -2.972118714833463, 1.879204677334354, 12.41038767573529;
  -6.790609796672743, -0.456983728271254, 27.36338496507046;
  -6.190013481220879, -5.463321905735196, 25.40732527478053;
  -3.022336496529761, 1.91316601819867, 13.23541981449847;
  -6.096844575697546, -5.351540520800482, 25.76004675903344;
  -6.466950345976635, 0.3030259974162168, 27.47451805883244;
  -6.421133176859606, 0.1816759271036551, 27.28022526425319;
