m=[-5.850626287490102, 1.44175637733626, 8.046285485373399;
  -5.757932638962742, 1.32587634161534, 8.006430876619595;
  -5.788996789013281, 1.456967141597664, 8.057685428442989;
  -5.76345663613709, 1.563847728512969, 8.036585085787158;
  -5.763596678913213, 1.51083598503443, 8.050619932231363;
  -5.715920530737914, 1.527562824265019, 8.016729797318797;
  -5.661180235547191, 0.6078127367421791, 8.025325497009973;
  -5.66754684524645, 0.7348938962171678, 8.036166267902567;
  -5.566037431540677, 1.766442713113335, 8.016810577263184;
  -5.660459275714258, 0.7260117035856443, 8.300447920262419;
  -5.666552413697006, 1.644293555520281, 8.365892025929078;
  -5.657877973886576, 0.9667843227851491, 8.375267039821555;
  -5.712594503173251, 1.709732292768436, 8.67790418975574;
  -9.477744687344814, -0.3970925152455607, 14.03682106829911;
  -9.250738884742571, -0.5199679363524434, 13.93453978485545;
  -8.722142521052302, 1.382237163943537, 13.24656615851969;
  -5.722780515755226, 1.710110440179712, 9.06400148749934;
  -8.957357111466644, 1.180181096364587, 13.8987263444751;
  -8.643915134181565, 1.41594150655356, 13.48892450040856;
  -8.799666982799399, 1.249579318065125, 13.74375338820083;
  -9.077879126204229, -2.379341785826988, 14.17058410653633;
  -8.862094866287038, 1.578637503268413, 13.87150099587723;
  -8.607935165270364, 1.319288062732065, 13.59598674029909;
  -8.628354974740281, 1.45837522515837, 13.64041073582587;
  -5.633185180403693, 1.722443589879511, 9.326528982959582;
  -8.275904329554287, 1.453112829260737, 13.27404129827292;
  -8.645627098600942, 1.410722557427659, 13.84865628686172;
  -8.488446139624625, 1.338200709357772, 13.61630867368587;
  -5.594614284301893, 1.71497078313604, 9.357780688696785;
  -8.520189229521558, 1.37454672929222, 13.82216925322946;
  -8.620844091824985, 1.049896723450166, 14.06530909640366;
  -8.319593623085744, 1.482490019203415, 13.64616520670662;
  -5.997885297237907, 1.311913689256338, 10.56074942442944;
  -7.90271241873358, 1.282072732624884, 13.90250967919522;
  -7.948142870393559, 1.211789879537953, 13.99389146111965;
  -7.509572653560764, 1.602854953129935, 13.29049891958342;
  -7.778222403163417, 1.402648139752551, 13.78292495786267;
  -7.796144170180425, 1.169707488050594, 13.84238306218347;
  -7.864283435601266, 1.185695286617131, 14.15040036145697;
  -7.558319792959766, 1.395248645880113, 13.65835445238747;
  -7.762539431146587, -1.977817182656338, 14.06856467552224;
  -7.713826113845856, -2.152903288222629, 14.02633926895172;
  -7.647749902894137, 1.146888700309522, 13.95162441115837;
  -7.907731731491766, -0.6981007894891836, 14.4349834738582;
  -7.60317125013894, 1.337373902996775, 14.01092997924057;
  -7.713676566198178, -0.6550796797645906, 14.23558516543665;
  -7.468245272421085, 1.231168154745396, 13.88695993511278;
  -7.580383981221447, 1.2020708461517, 14.12516169042126;
  -7.16064003365756, 1.267416046937143, 13.40751124791987;
  -7.568212890340996, -0.7307687277762347, 14.13581897058926;
  -7.437948713136493, -2.264611208584654, 13.94114070558859;
  -6.569839319884138, 1.456539655470176, 12.61131351676683;
  -7.039453434041455, 1.383252702010177, 13.47057250047873;
  -6.160321509716797, 0.7615188098137365, 11.99177761790658;
  -6.287644006232577, 0.9461111349962911, 12.22922327345998;
  -6.128390290508417, 0.6258330554277813, 12.00073124358492;
  -6.132470127359976, 1.591968361923373, 12.02513614473832;
  -6.239989927877684, 1.279149623746973, 12.25236355781241;
  -6.013196142681703, 0.7248038437705043, 12.01292410753112;
  -5.914313942841769, 0.6837099798032039, 11.94637605845405;
  -5.936741128909179, 0.7649061499260145, 12.0052390803322;
  -5.909994763921709, 1.477298436250451, 11.99897001033342;
  -5.9501977068944, 1.289679910249878, 12.07767394884012;
  -5.961743440236412, 0.5362239287010827, 12.10523024043323;
  -5.913725740626343, 0.9711784673350876, 12.03650171257622;
  -5.907223485360689, 0.6758286424724822, 12.04753640867335;
  -5.895550765180674, 1.596549111398533, 12.04179693343274;
  -5.818681486776394, 1.187050323979821, 11.9654907136443;
  -5.935198222546442, 1.518164148385352, 12.29606074574028;
  -5.833802987792078, 1.615384570777408, 12.14048631211829;
  -5.766669096818662, 0.5605443558636268, 12.02179127519784;
  -5.761709581848444, 0.6849510305171921, 12.04945007219576;
  -5.832359172087224, 1.013230643641278, 12.24290553530834;
  -5.726399058492476, 1.639177345376119, 12.05995537295334;
  -5.828643801052269, 0.6270783649679004, 12.30880672604821;
  -5.816372955473081, 1.563100039752235, 12.28919207307074;
  -5.809547607682521, 0.5385694663986818, 12.43274909257586;
  -6.208650057826023, 1.319558506839749, 13.32539916802818;
  -6.453983568217269, 1.240950932850373, 14.0601543495159;
  -6.335791528299374, 1.206905846805577, 14.0197901289637;
  -6.302298250069595, 1.277517752140819, 14.02131684670969;
  -6.218361235549393, 1.289004925842827, 14.01461968554476;
  -6.18222469369208, 1.298101686251836, 14.06862997938585;
  -6.103566549949663, 1.593203152323794, 14.04062064957357;
  -6.017521204346521, 1.585541190339021, 14.1823680756794;
  -5.911282461245047, 1.428129476342757, 14.12268026053092;
  -5.838147421395767, 0.440240920347698, 14.57303399548939;
  -5.604298858559271, 1.605069787822963, 14.17027549048316;
  -5.950936737281365, -0.6276758656994296, 15.0277351525372;
  -5.722684535858737, 0.3617782023119453, 14.52297570628699;
  -5.895100297585518, -0.578267389114784, 15.02395369438818;
  -5.566460134064156, 1.600009042008892, 14.39742382176097;
  -3.287301403009377, 1.948665895637114, 9.502127927587592;
  -5.785728470444764, -0.4017182688347921, 16.49718961956958;
  -2.885142138317001, 1.874724607142207, 8.839584407810952;
  -2.987249882631072, 1.898503423218039, 9.138584587624477;
  -5.852268119762457, -0.9570754545444117, 17.04806220623712;
  -3.217975983996325, 1.889878238760201, 9.860079629376196;
  -5.829500247363805, -0.6133720903929426, 17.15103301651754;
  -5.411774859995346, -1.937090770816478, 15.99626686308293;
  -2.982774417411833, 1.891702183093628, 9.356980091529945;
  -6.284407895386037, -0.9318881803055696, 18.82348868638606;
  -6.107407096076979, -2.381579455787596, 18.37157591788771;
  -3.132881437696689, 1.839332665390773, 9.968943144851542;
  -6.308685519222058, -0.4638191778662437, 19.89764878402882;
  -6.144020176119789, -3.943645472832391, 19.54705065569969;
  -2.984353836894711, 1.869907539195915, 10.13206957927195;
  -3.034772613501496, 1.834041084852887, 10.3253472212969;
  -2.910530608785196, 1.873263854042893, 10.02283653068823;
  -3.060350682576085, 1.815958202407989, 10.48360902844166;
  -2.913821486808279, 1.826757488072425, 10.12339503995124;
  -3.153477312291365, 1.828915380490316, 11.12434107406345;
  -3.099125973788696, 1.871011156764316, 11.17633975342771;
  -3.166652050629303, 1.844500917105878, 11.44645652628498;
  -3.161572537246141, 1.827217169409322, 11.85074414514382;
  -6.093721500812445, -3.884695737931428, 22.01512010125455;
  -3.122078799381823, 1.876371306250812, 11.79482735425513;
  -2.965179243331574, 1.836412400617201, 11.27592312964264;
  -6.810160301065111, -1.316969985329989, 24.85420637391485;
  -6.509518200143954, -1.14818239953086, 23.82082025326641;
  -6.200810323730241, -2.199725988642956, 22.84505728343695;
  -6.132823996710902, 0.9102302418579648, 22.62860085486803;
  -6.129892075581713, -4.818745464704841, 22.65086839510921;
  -6.091546125384308, -4.075116748404954, 22.54347388677817;
  -6.30732695722588, -0.4813475117567299, 24.19486883630338;
  -6.197382464629587, -5.492975692882177, 24.21365027988209;
  -5.862101967638854, -5.287114352495647, 23.38824405215396;
  -6.474319839771353, -5.698456895789168, 26.02747488671101;
  -3.08590484254357, 1.722864505325272, 12.95307066476065;
  -6.315671768482321, 0.1214627285881198, 25.52615766737473;
  -3.047009022167979, 1.795516665396392, 12.81255950950346;
  -6.296291214415607, -1.780483332697836, 25.59369304187932;
