m=[-4.134948936400691, 0.4250799006116963, 6.14776401819802;
  -4.696909413375546, -0.2153206396009589, 7.046055475105329;
  -4.677752757101535, -0.258028276971823, 7.034493642515638;
  -4.485652508187312, -1.175704181676234, 7.002110873725894;
  -4.120836902879655, 0.7325694008613993, 6.791021456150726;
  -4.117663477737128, 0.7061548654508171, 6.828515293558947;
  -4.115361431531002, 0.7606713453815351, 6.846881564857377;
  -4.066771628429943, 0.7219342545506426, 6.792705223208771;
  -3.926926738140638, 0.7081433518739917, 6.958471195784308;
  -3.939083779400638, 0.5910070019545222, 6.994009525510756;
  -3.940439971127309, 0.5940987680851796, 7.090131433885219;
  -3.933433581640746, -1.00219942115739, 7.128822369409862;
  -3.866115986648927, 0.5797789932298508, 7.052871610679742;
  -3.944276117924403, -0.3482038042490497, 7.199986356622601;
  -3.89338334893386, -1.146070857748092, 7.138834229218985;
  -3.796470611588548, 0.606919880138832, 7.003616106375522;
  -3.764882601497001, 0.6206549726526925, 7.000677125651335;
  -3.751432071147423, -1.142187912852916, 7.031406691330879;
  -3.119620248717452, 0.3856372585630455, 6.072701273128504;
  -3.098390750231514, 0.3164085931553318, 6.067328110405501;
  -3.04053283513285, 0.3664922669613594, 6.074255575275149;
  -2.994544393364141, 0.3461770725216252, 6.048707219906923;
  -2.992667222897534, 0.3855835236489305, 6.051752083951839;
  -3.00189449277973, 0.6506477953735788, 6.093226594908471;
  -3.005670891601616, 0.2703425046773218, 6.102969464308744;
  -2.989962035203423, 0.4910249264335024, 6.0856192416952;
  -2.988128557552869, 0.4189871514561775, 6.09151990330788;
  -2.983105431978165, 0.3412886103670059, 6.083919355977065;
  -2.950786197875879, 0.6019803146372756, 6.067973462523095;
  -2.988092142195711, 0.7643239858646552, 6.190486166870422;
  -2.94337003322709, 0.3166643443880275, 6.215746595407616;
  -2.954113914762079, 0.7938926222487502, 6.241634362542237;
  -2.939216186652848, 0.3224702425019162, 6.283997777111194;
  -3.199719722314833, 0.609515073807589, 7.080314871155639;
  -3.163907972394611, 0.6413451792493865, 7.039044233472414;
  -3.136913300463456, 0.6502511743967594, 7.06981232309162;
  -3.127232238150349, 0.6566350533629214, 7.116511514541732;
  -3.095537930708578, 0.8080227763525333, 7.120963363920975;
  -3.036708383948145, 0.8001344843321576, 7.157052642962998;
  -2.998331278759217, 0.7243783911714182, 7.163331179431838;
  -2.900668724266017, 0.2869243897939733, 7.303234929192784;
  -2.885016735389657, 0.8262680696025555, 7.294664857618861;
  -2.911347951569348, 0.184050373845266, 7.38839181301217;
  -2.969621217036302, -0.3124595070379309, 8.736953319964764;
  -3.062004050000194, -1.965400188057956, 9.741691361292245;
  -3.068118125458316, -0.2259324914173291, 10.94274008643272;
  -3.063789122943871, -1.073651130969153, 10.95898350298512;
  -3.010510157727937, -1.91917467464927, 10.87623428139782;
  -3.25480934241165, -0.5741000617684768, 11.91059398259699;
  -3.099196674153899, 0.4599810038235936, 11.43526775719877;
  -3.099081023756693, -2.43620645255214, 11.45156807809404;
  -3.177568822471121, -1.11572128594279, 12.08178774757524;
  -3.220808311338249, -0.2457979548264824, 12.35500159864536;
  -1.553442274609254, 0.9153998142111264, 6.532166935904863;
  -1.576022972756648, 0.8798955826199651, 6.615348812433373;
  -3.083453313271066, -2.732981899471539, 12.04728941742855;
  -1.665335744817867, 0.8668974018157502, 7.177638025660166;
  -3.241762947621202, -2.853279862682572, 13.03224211902094;
  -3.134360433556697, 0.1131910114423306, 12.6674391494927;
  -3.14005281969334, 0.0603893611593473, 12.69120472019685;
  -3.130883534835437, -0.88536024789158, 12.72667820017433;
  -3.09139106151115, -2.826051938272691, 12.59950106198243;
  -3.129188236579875, -0.9855285045494157, 12.7337867982465;
  -1.555670214747021, 0.9125144430684764, 6.836659440815733;
  -3.102309587534998, 0.303091980493065, 12.67826842987976;
  -3.060878654766795, 0.08306658585044341, 12.56900008202297;
  -1.474518614834808, 0.907108046884581, 6.653513692792184;
  -1.60751140224953, 0.853165334460319, 7.237395816166501;
  -3.166662046510302, -2.810804238171577, 13.74171712791762;
  -1.627128994211236, 0.8630695500153335, 7.5300023355134;
  -1.561405531429099, 0.9068276323295024, 7.325620457725067;
  -3.140961850617495, -1.103837269060955, 14.18402893581166;
  -1.558399118538523, 0.9056686414258703, 7.579972689414419;
  -3.08720911136786, -2.82444787503508, 14.2438906684555;
  -1.560680438002408, 0.9036087655174039, 7.820929285244286;
  -3.078442603892876, -2.768136116829954, 14.6157415467468;
  -1.49724498829602, 0.9042421059166659, 7.849400793799324;
  -1.553573326590406, 0.8984413473883267, 8.124928226205253;
  -3.761610593015822, -4.353276337987749, 18.90906572228782;
  -3.187532904769459, -1.130881005974881, 16.49958400730828;
  -3.084738960269521, -2.838106740228096, 16.18098756213594;
  -3.191953226494641, -2.791195296998338, 16.728203354032;
  -2.941049433555672, -3.692276309876076, 15.45727316100177;
  -3.673041537225894, -4.352114425196029, 19.14016269338537;
  -1.549813057059508, 0.846522453319433, 8.722828489792844;
  -3.265972094647118, -2.921824901107885, 17.70711151236083;
  -2.55888225125356, 0.7266598684667112, 14.06447496026051;
  -1.529941231956628, 0.8696543539776486, 8.832705837962648;
  -3.004752899707702, -3.108147417464382, 17.28679911035897;
  -1.019342978543186, 0.8719420009267052, 6.671944427337251;
  -5.72887426663472, 0.1369829495139576, 33.28586333384223;
  -5.027346914179132, -0.1943891652951169, 29.389599097508;
  -2.251573459894094, 0.6043274424996273, 13.80162743188634;
  -3.345894414866316, -3.257728182914442, 20.28067981006707;
  -1.519634172867828, 0.8841612575711256, 9.822054929575812;
  -3.50484719573324, -2.856760509556947, 21.48174938054432;
  -1.955936914426766, 0.4606878690844804, 12.63284486979451;
  -3.854365195370326, -3.343109895151676, 24.08601089545591;
  -2.011520363655802, 0.3855615251765899, 13.07248740794865;
  -5.350679304399596, -0.2628779511235662, 33.36160823486168;
  -2.044511250888989, 0.2257182134256147, 13.38367600589907;
  -1.946180960179007, 0.6310364236446966, 13.00625584461441;
  -2.858279840776171, -3.216110248949759, 18.71154833639009;
  -1.898696120778898, 0.2583532475056347, 12.88782974255517;
  -1.856254877125603, 0.3830233189119267, 12.82279180065148;
  -4.371253030249601, -0.1234939891393658, 29.30498615149955;
  -5.296727621144901, -0.4464880667420705, 35.98737389974644;
  -1.454314237319073, 0.8324957888675064, 11.84129683520563;
  -1.583358779423686, 0.5075092579690724, 12.97020786173546;
  -1.5728513460036, 0.8456968488518688, 12.94959552646412;
  -1.80966853844304, -0.04564069087761855, 15.13260150060563;
  -1.526781067695711, 0.5252125187950818, 13.40849536937008;
  -1.771715857717494, -0.06939970546488063, 15.5286799276701;
  -1.449834460645388, 0.3735263503099728, 12.97850641106928;
  -1.802036194983885, -0.1400742131605387, 16.19437327718556;
  -1.315949770690853, 0.3175190498336101, 13.30886931437945;
  -1.843703346810145, -0.0852347290090275, 18.36836034261338;
  -1.190054107923815, 0.2574364477153655, 12.54014424139557;
  -1.157091840761711, 0.7408197944199625, 13.25803739991701;
  -1.160742345990984, 0.3790845094344599, 13.50163458146241;
  -1.144154130467239, 0.3179512818327746, 13.35559979435371;
  -1.115250572594507, 0.3099192142726024, 13.01821137674296;
  -1.174877200564924, 0.2141769591107065, 14.15694524358819;
  -1.417429655922001, -0.1344689157674044, 17.32879826884452;
  -1.105070001268215, 0.6986197688067787, 13.96123727959184;
  -1.287312206613822, -0.1177637919885455, 16.706306402686;
  -1.138824592588833, 0.6143477971197192, 15.59461979635085;
  -1.180811418205964, 0.7038404134917206, 16.50839923961893;
  -1.218268005779931, 0.08181402788770295, 17.50324201087208;
  -1.162267817510151, 0.1766698893767975, 16.81968380128615;
  0.6112432950720894, 0.8630959853948609, 10.53196688490056;
