m=[-4.521006545337533, -1.172721208388453, 6.527982644379142;
  -4.524920379330464, -1.044932638029483, 6.642029978152329;
  -3.965989895231302, 0.6511943664612118, 6.336189299340634;
  -4.070914745268884, 0.6262330823870085, 6.507933438425378;
  -3.913424986296349, 0.7522087794414829, 6.373568209524395;
  -3.876161701510237, 0.7833276489201619, 6.405316410796347;
  -3.830055200391354, 0.7154928040722418, 6.382080305904276;
  -3.99127042363918, -1.001488075150624, 6.685325454381379;
  -3.849664504043341, 0.6426549722631796, 6.5089003696089;
  -3.93295392063556, -0.333044819938693, 6.647608222922059;
  -3.883745996785977, -0.3177886994702804, 6.629849345147623;
  -3.815906825425766, -1.159691097087408, 6.55930539922618;
  -3.131033094395854, 0.3933988987181841, 5.559173523855268;
  -3.803372587265584, -0.3531767780176565, 6.567443301922278;
  -3.800362591675369, -1.14241356737105, 6.578782749336414;
  -3.110511678772327, 0.3243849064186919, 5.556126125171736;
  -3.096089442754705, 0.2946964311868121, 5.542016814122219;
  -3.005470666190813, 0.3528349957117328, 5.534773366837648;
  -2.985946540142616, 0.3486702575249943, 5.556537575348348;
  -2.993966093712075, 0.5907224629976798, 5.568375860926063;
  -2.956384872843234, 0.8545867260694938, 5.522425247491707;
  -2.970926427517061, 0.6121556299358455, 5.570682142748254;
  -2.948908573342648, 0.8205765178090451, 5.601745356749979;
  -2.938741588094422, 0.7678975473430116, 5.676127944719867;
  -2.971574570801999, 0.8049593787181142, 5.738241877754339;
  -2.956033708814098, 0.8325034024807477, 5.753881961296965;
  -3.211718645413784, 0.6185059920324234, 6.563083410082053;
  -3.151676471260951, 0.6591486605175619, 6.558723994770555;
  -3.135998662407066, 0.6661781362501367, 6.592245555907363;
  -3.041145545056935, 0.7621489667566185, 6.552264988243294;
  -3.035139423864324, 0.8052437919322121, 6.610134247117681;
  -2.955639903277572, 0.2374718735055226, 6.832777398952235;
  -2.933864550966623, 0.8455419721410605, 6.852771552746209;
  -3.011158874112819, -0.1969574832807362, 8.010606518443192;
  -3.142257395264411, -2.279299395084492, 10.70734228066106;
  -3.04088698919491, -1.910752763540282, 10.39498205006095;
  -3.121947595183975, -1.085946567804582, 10.89807963561287;
  -3.325334694062408, -0.5673618423692627, 11.54896783404203;
  -3.150117781458305, 0.4775563172983488, 11.00627254641927;
  -3.260275559305127, -2.257487240322901, 11.46743905883215;
  -1.554450951273818, 0.8692144905755683, 5.970207028853583;
  -1.558478661311515, 0.9197150000544769, 5.991451791211976;
  -1.514541188476972, 0.9337703614984843, 5.892879745462311;
  -3.304722822695077, -0.2348545046317983, 12.03426429750326;
  -3.238435383765556, -2.021707896168513, 11.92181915010853;
  -1.560020646980021, 0.9159657842539419, 6.287780132908088;
  -1.478189150639104, 0.909155231972574, 6.095022973098936;
  -3.277591671431902, -2.845293873208171, 12.54652632610094;
  -3.237181045649556, -0.01198873095384188, 12.45645274916038;
  -3.233557606308725, -0.8915726443996211, 12.50019195087549;
  -3.201352777435766, -0.9869885895327515, 12.3935291004972;
  -3.125209104616018, 0.1839289717422571, 12.12946046154993;
  -3.202903139323509, 0.3234687186839851, 12.44143617804263;
  -2.303253038811064, 0.8080733592363634, 9.271131593549468;
  -1.562802838707249, 0.9098542624969823, 6.760736469421188;
  -3.07535331640696, -2.777725223042753, 12.58267076170543;
  -3.303964774861426, -2.883384563197356, 13.66091827933825;
  -1.569521403867585, 0.8818738618022665, 7.094751424627164;
  -3.330442296293485, 0.4474726539764876, 14.16282888461413;
  -3.271287592321992, -1.118107444346227, 14.08679041864977;
  -1.559298972820108, 0.9035324543135821, 7.224567526937855;
  -3.370384869646537, 0.4910573953368199, 14.54260938726414;
  -3.340396203985909, -1.090309265467096, 14.59447092168262;
  -3.222839704677023, -2.897152330503941, 14.1729861474192;
  -3.144385276416381, -2.774272784969674, 14.2787246190011;
  -1.492183750512899, 0.9014566861309175, 7.231156189469203;
  -1.569634127175041, 0.908767351598594, 7.599645452867998;
  -1.207420887948144, 0.896100020186934, 6.236773553565778;
  -1.183370081832166, 0.9087684375667899, 6.347907648406474;
  -1.641031021557131, 0.8487826219023404, 8.479619998359681;
  -1.612730637058703, 0.8816258906823122, 8.431819351984998;
  -3.41496100948241, -1.176914194122557, 16.91762192033943;
  -3.240448778323771, -2.929440895505266, 16.26631621227944;
  -3.368205773392373, -2.885387988116917, 16.89128867203879;
  -3.296597000791201, -2.887646905271216, 17.14014328328299;
  -3.763532156197216, 0.6174083950593123, 19.98477081850867;
  -3.41236732074099, -2.996879657573823, 18.52417840706768;
  -3.693443970197731, 0.7196150029357978, 19.9903090220809;
  -3.205581172808661, -3.257630273996807, 17.64700696120432;
  -3.354702668508975, -3.052175251645635, 18.64345589251513;
  -3.298039458053452, -2.851110081197072, 18.73069387001504;
  -2.16698554011254, 0.8279670998135016, 12.60133629589889;
  -2.588507157894167, 0.6400134292377351, 14.9389120327363;
  -1.5636429065167, 0.907622348208752, 9.446134776879381;
  -3.083779083698151, -2.947383336096572, 18.03641107289404;
  -6.588740828922309, -0.5881873514881069, 37.25181920502826;
  -1.625853433369182, 0.8535556908770551, 9.902220368006367;
  -6.459802586601839, -0.3641015129406865, 37.04971832913945;
  -2.125935853445518, 0.4167064239160455, 13.07561969337133;
  -2.101723709111462, 0.2409457881779089, 13.04336552391338;
  -3.023642457672408, -3.32758843750744, 18.95817214104159;
  -1.978455179001005, 0.414522843280702, 12.89819525235513;
  -1.93924315214948, 0.1308550075956643, 13.47281803800753;
  -1.816221559166205, 0.8979438123093946, 13.48922683759564;
  -1.489159753461928, 0.8534888030890772, 11.4218101658083;
  -1.653283652439919, 0.5342762301385959, 12.76779874448506;
  -1.634121843233673, 0.823247832018179, 12.66550272447564;
  -1.549249793415727, 0.536655924465807, 12.82594888232461;
  -1.493513432456245, 0.3921117879807638, 12.57694864492806;
  -1.998578482927746, -0.05780144668176138, 16.59383157395542;
  -1.882816483891747, -0.1277060564370994, 16.10278137821986;
  -1.27762492881703, 0.6453599497632034, 11.6469657935174;
  -1.443102257699468, 0.4450302948654059, 13.30968327768776;
  -1.293300232841819, 0.4285722098366527, 12.88808997582635;
  -1.224003132622726, 0.2096139422894674, 12.87734972827354;
  -1.395124154433098, 0.4619861440567903, 15.168113843676;
  -1.200709354580568, 0.338885135843207, 13.12679346232394;
  -1.362116390639882, 0.2685317671159316, 16.23592101612169;
  -1.532706772973674, 0.3863826692110891, 18.30746267905292;
  -1.527612411787645, 0.5168007378932857, 18.29948649033253;
  -1.420533796559935, 0.237139303593926, 17.441392769457;
  -1.241763201808336, 0.6670040581582259, 15.94125443181249;
  -1.379019567472621, 0.8178393620602477, 18.07760050258643;
  0.5293934383343064, 0.818254104126291, 9.428099391416328;
  0.8788320426911825, 0.8252958008325418, 10.75774734086244;
  1.184198432928693, 0.3249954427017044, 9.021518702479501;
  1.165799301189398, 0.593130599893012, 8.724743327482637;
  1.229213794286, 0.158870588925005, 8.610852121982752;
  1.283075077063763, 0.3050376146992517, 8.457838089693105;
  1.317275407366024, 0.1695652887353367, 8.606212919492906;
  1.26250698359068, 0.3907265679165166, 7.849053838066424;
  1.316731309883443, 0.5058453211307418, 7.920389677151365;
  1.434962158487489, 0.4961936974721581, 7.905185572299902;
  1.45663111959126, 0.5529963087231947, 7.867504894341271;
  1.51012138031752, 0.566509499579982, 7.972236483544481;
  1.520714386089221, 0.4978791320864754, 7.990270157710344;
  1.831187049464376, 0.318278783442992, 8.556292681865289;
  1.674259582212856, 0.5289077323962045, 7.913863306700763;
  1.651380709986023, 0.559734303505905, 7.791345383340965;
  1.979352809442366, 0.143341812079449, 8.703557810168869;
  1.769952357140173, 0.5200434112684201, 7.901115070815438;
