m=[-9.256453314758021, -0.5001588902146226, 12.87953055122977;
  -6.851925381960451, 1.799042615180268, 9.806895428596674;
  -9.0656289178179, 1.447926955070099, 12.66526388371488;
  -8.675770552728267, 1.63852816133694, 12.17414717701204;
  -8.923304663199064, 1.51604002357039, 12.53170254871876;
  -7.777426381946889, 1.832688265156083, 11.23415925136276;
  -8.839699331439956, 1.457215665474661, 12.70683511201542;
  -8.887671462865967, -2.305407150635654, 12.8331079543264;
  -9.094025448011118, -2.100068775818676, 13.34891767901286;
  -7.301507979038284, 1.737570298409077, 11.43561564025531;
  -7.940763837559719, 1.303831026557929, 12.68641226661587;
  -7.884557283071787, 1.296521307935538, 12.8079398539893;
  -8.082958317339152, 1.065530388417773, 13.12563044473461;
  -7.939909660175, 1.222698563597334, 12.91297912409143;
  -7.798606625760696, 1.498988837616496, 12.70113811880556;
  -7.924543968362681, 1.438883086919796, 12.95510497076484;
  -7.95630485911353, 1.206408001735326, 13.03836713340418;
  -7.896878510714521, 1.199425421388598, 13.13457745649292;
  -7.979436502029145, -2.002197209157639, 13.36545117130802;
  -7.911424388801681, -1.810191160027917, 13.30990697562554;
  -7.808220535780723, 1.186641636089548, 13.15519706916775;
  -7.869222977141921, -0.6663703675064004, 13.30081979765539;
  -7.460187546493575, 1.580082212737101, 12.79968797575641;
  -7.583224523298516, 1.264457085790067, 13.01727237536901;
  -7.602264743576574, -2.310401994640829, 13.06781807318496;
  -7.574652977628715, -2.276989661124879, 13.11243207439986;
  -6.380618179320089, 1.534988817785072, 11.28086681364478;
  -6.300407407736814, 0.7916151828979001, 11.18642217908282;
  -6.457115476341847, 0.9690102269055038, 11.4703401808514;
  -6.246808907089879, 0.6514589019455409, 11.15831147798048;
  -6.185688443812476, 0.5887750798320414, 11.07241570257383;
  -6.242599277513006, 1.280087795446297, 11.1961483174453;
  -6.220885854077463, 0.5560466417398269, 11.18061728606331;
  -6.139325494375314, 1.220528648737076, 11.1173444290685;
  -6.129681385763364, 0.7478046574089928, 11.1695777060322;
  -6.045014376415447, 0.7096700844807027, 11.13229450185914;
  -6.013905992605105, 0.7886792132747386, 11.09313210133466;
  -6.039840188562648, 1.318783837436224, 11.18692827389069;
  -6.041501954052786, 0.5570112266691948, 11.19781881233534;
  -6.026376468188135, 1.001154502333711, 11.19000323358513;
  -6.004839913971591, 0.7011877309433807, 11.17438579939916;
  -6.026393011597872, 1.643314974100934, 11.22983871584085;
  -5.965398598948352, 1.229162830602162, 11.18551410150873;
  -6.005533614110372, 1.5370803586603, 11.36610410326731;
  -5.922213355059398, 1.647941633913856, 11.2498337396003;
  -5.894190872467552, 1.697405169329541, 11.32528522224814;
  -5.926556987127461, 0.6494683901778598, 11.43967575409554;
  -5.888976130581797, 1.538798220760744, 11.37445432970461;
  -5.981339465794057, 1.62026399996695, 11.55023096001961;
  -5.921355061576152, 0.5415754631283125, 11.5509824583507;
  -6.211621027692322, 1.68641716194739, 12.46203468137944;
  -6.542362272214841, 1.270934919325689, 13.16524076541109;
  -6.449359234257807, 1.242003977170975, 13.17913779790745;
  -6.336287474246412, 1.299959239521504, 13.01947578290719;
  -6.282394704367383, 1.442531571280637, 12.95178570681823;
  -5.146659496929129, 1.786628371284526, 10.86961235196906;
  -6.316778316731781, 1.321105133800197, 13.14538655645051;
  -6.311426750218624, 1.340732239443198, 13.26737649614561;
  -6.26366828609289, 1.647195555823361, 13.30636612299141;
  -6.106758359196651, 1.530429736011512, 13.15724564832598;
  -6.116100824280609, 1.62264447585509, 13.32006272908837;
  -6.054719614434488, 1.490073095828467, 13.37324475600901;
  -5.745591508440188, 1.658214643721254, 12.77501982860531;
  -5.810806435725182, 1.679775346269792, 13.17697224460283;
  -5.939168025587758, 0.4771844352677787, 13.7300261134026;
  -5.925447063051271, 1.707718304125222, 13.84035778257143;
  -5.90618416795457, -0.6704925594730548, 13.87149929417246;
  -5.907539614092634, 0.3945020478429892, 13.87689377372006;
  -5.868961766126671, -0.6845673174387925, 13.80817209593283;
  -3.341154043817868, 1.949359246186035, 8.828656540370728;
  -6.057926001284099, -0.396244073792151, 16.11594191569539;
  -6.503816372429687, -1.033094710088795, 17.71031511217424;
  -5.961062026244712, -2.098550265404413, 16.35346494367181;
  -6.05528408908051, -0.6110134665182927, 16.65826019862478;
  -6.417971648081783, -0.9209737369337152, 18.0672520986321;
  -3.108621400664433, 1.951585212870931, 9.26524894168656;
  -3.159421587314413, 1.913039375544783, 9.647213539164886;
  -3.180595361393326, 1.894097476415793, 9.797768697855146;
  -3.105051747022475, 1.950428298826133, 9.661180978006964;
  -6.062786089365378, -2.258528171288311, 17.95709866630619;
  -6.136431556637448, -0.4247915651336588, 18.23706452657545;
  -3.230249532659479, 1.915541967037484, 10.1264209790524;
  -3.166514993474522, 1.919609456737311, 9.947986809515932;
  -6.164356220607484, -3.906507667609456, 18.46600559168274;
  -3.23476125679919, 1.880007524790886, 10.31557353973333;
  -3.166569146987151, 1.916513633965918, 10.32858527130601;
  -3.261764902027469, 1.905316859788519, 10.68797159643342;
  -3.063218437082426, 1.937597518239386, 10.41685611193723;
  -3.196582676086437, 1.856233020862571, 10.89959054934873;
  -3.117426247924994, 1.874734939322475, 10.69660230418861;
  -6.198019499744837, -0.4293319923159938, 20.90547701854472;
  -6.393780779722152, -4.637857065906357, 21.78701190398068;
  -6.037861684062709, -3.793913071972216, 20.63985411151355;
  -3.132152063738773, 1.871093444433031, 11.17519612458064;
  -3.052784895024711, 1.931567140060459, 10.94287081157;
  -3.216412480982977, 1.863182191961112, 11.51187569690011;
  -6.237690376564319, -4.346324622533574, 21.47717173086734;
  -6.592694735726954, -1.1248321674564, 22.8965882978695;
  -6.297407066539997, 0.9546838359273091, 22.00266254108103;
  -6.371984947120065, -4.942913313090322, 22.30661877898997;
  -6.527274405827982, -4.519629834106257, 22.9585260839303;
  -6.302477628551839, -5.357610543947063, 22.59398538886911;
  -6.657416925284955, -0.4731181518091912, 24.24321769660952;
  -6.570163923137879, -4.101657346358513, 24.18708320409332;
  -3.1526077415583, 1.860468610304233, 12.11995888622094;
  -3.20351532544566, 1.791334708487547, 12.3037974902605;
  -6.261738197677286, -5.473428156951515, 23.23000365545379;
  -2.959667469410155, 1.881852311410721, 11.50201124496232;
  -3.085058244306703, 1.90205190452894, 12.00355419830361;
  -3.15271626166528, 1.858460737296, 12.42457558986732;
  -2.963382006829775, 1.882453471597841, 11.79891899053275;
  -6.66037403560578, -5.781904317722648, 25.49571958818766;
  -6.323249542124681, 0.1522105909699719, 24.30214471320387;
  -6.336399211720914, -0.02346652358772074, 24.38203371006737;
  -6.341525398946677, -1.748517038457994, 24.51488249150968;
  -6.340977592522322, -5.715955021470144, 24.57095268074025;
  -6.331374187819083, -1.951985461735015, 24.51091013647185;
  -3.157875147306775, 1.854145707288146, 12.72805244717638;
  -3.200654517984518, 1.784273307758281, 12.8895252673531;
  -6.321415358381259, 0.3720363623366675, 24.53447276128448;
  -6.272606641105809, 0.6334852927946173, 24.36546838933359;
  -3.033721818018461, 1.865880332032163, 12.50895676430818;
  -4.942673334646901, 1.734087648136931, 19.89541493586556;
  -3.136647724447987, 1.832700676356435, 13.05590101972908;
  -3.181425611341513, 1.771582214545254, 13.32379917701242;
  -6.247652965356591, -5.643014457592285, 25.56199311379281;
  -6.476942186931296, -5.652455879861099, 26.78024251011508;
  -3.154442336642204, 1.836497051777167, 13.64622127488859;
  -3.212885979691634, 1.799638897952439, 13.96250804329107;
  -3.008815848202942, 1.845755485662795, 13.14374997253126;
  -6.557584555237007, 0.8810660877904455, 27.88637054470857;
  -6.400996917913655, -2.1878242444824, 27.56391772606871;
  -3.117401831151588, 1.812751846378309, 14.01387759807242;
