m=[-4.024865859854037, 0.6753613979750721, 5.824963155863613;
  -4.046976354884605, 0.6433915643522868, 5.946409260824056;
  -3.916719199566241, 0.7787935777936672, 5.851127199679807;
  -3.961511273478306, -0.9636861543890399, 6.112217652805653;
  -3.921951884638468, -0.8605177923488588, 6.073744045380084;
  -3.871143341932529, -1.093342721866031, 6.0439581103605;
  -3.097395600589359, 0.346634871102451, 5.014323381887439;
  -3.095673095581293, 0.3184840052871863, 5.018247540278493;
  -3.93469008715987, -0.4042755680951484, 6.126419001743436;
  -3.82347468315655, -1.128740499304007, 6.04163053682352;
  -3.79991299395816, -1.10943286418918, 6.048588509409862;
  -3.791384011657845, -1.020853193390235, 6.043928359188002;
  -3.064509172177155, 0.4001878451730401, 5.062071244621065;
  -2.942400627836916, 0.8405544626965851, 5.069340762255952;
  -2.833959020276841, 0.6916515688435528, 5.128379799013784;
  -3.12892720586753, 0.8743581005278374, 5.747233875793537;
  -3.23724787991674, 0.6551495965394137, 5.991518148804794;
  -3.20243321045404, 0.6434740188752528, 6.01938994167851;
  -3.158656813479414, 0.7515546232291769, 5.981215440973347;
  -3.130022719845302, 0.6366971167567989, 5.999100148976374;
  -3.07204958054224, 0.8347176614357326, 6.008087769296011;
  -3.078546133949739, 0.7324390221789872, 6.039622374052529;
  -3.049444301354285, 0.8332999626053472, 6.004181962028209;
  -3.030728497797599, 0.7848739636051649, 6.004726409991816;
  -3.012290744594357, 0.8229032659326339, 6.037953152359064;
  -2.905840281159788, 0.8120400661202789, 6.256908482340452;
  -2.779637725598332, 0.6565085676587384, 7.685482492395664;
  8.746257957950736, -5.319757032634459, -22.32193375541808;
  -3.078989600276527, -0.1739124445348927, 9.817529688041418;
  -3.098346526095065, -1.018987505816606, 9.907990513596667;
  -1.519932962241651, 0.8674674067823307, 5.326418451833774;
  -1.549808475439434, 0.9319181439965935, 5.428559038300278;
  -1.549466415761207, 0.9278582452946157, 5.713396378103044;
  -1.472527417726146, 0.9234540230502906, 5.546493034284902;
  -3.21839962871305, -0.185881726730487, 11.15004171481745;
  -3.201176150322724, -1.939663602286661, 11.19940626142283;
  -3.240922444872625, 0.1762787322200874, 11.84695780587091;
  -2.197943680610267, 0.7948240461920308, 8.33521377313528;
  -3.200662009268452, -0.8306122806210066, 11.76726449657505;
  -3.178368856362291, -0.9299155999463104, 11.70309280698454;
  -3.122911862179252, 0.630613250287993, 11.48258025859803;
  -3.15868172018171, 0.3581782806042643, 11.67296983635329;
  -3.219665318134258, 0.1462490859973338, 11.94679736971608;
  -1.526538758974088, 0.9032515759025687, 6.539208789677175;
  -3.271508857984725, 0.4836158798526022, 13.29992876364673;
  -1.81545562533943, 0.9606234754318923, 7.829916288512327;
  -3.191328312443612, -1.126827554648812, 13.27455330141528;
  -3.187242845843604, -2.788566795283836, 13.37811699741551;
  -1.509465473221123, 0.9301151013785208, 6.921963539434685;
  -3.283100174191693, -2.820016168752831, 14.20210551386859;
  -1.750674195833821, 0.9770727938943943, 7.954870371529425;
  -3.19130402572786, -2.656253086282671, 14.11594624529172;
  -1.174611463730164, 0.900444111842316, 5.816301433277951;
  -1.607561810604937, 0.900678519742644, 7.830875637869302;
  -1.545169334553278, 0.8995181568574306, 7.728499015319116;
  -3.404264078608307, -1.102110399197496, 16.16378813048979;
  -3.216820001514708, -2.814127874691792, 15.44287403687718;
  -3.367244408092126, -2.790072522365883, 16.17130935134143;
  -1.608739668031056, 0.8917208853542613, 8.244991800198811;
  -3.397026529726695, -2.877557450175508, 16.92337775216799;
  -1.519191689283496, 0.9119607437931435, 8.078937119097175;
  -3.386005802816321, -2.648893300282726, 17.16383944977069;
  -3.675745846989567, 0.3509625822684746, 19.28116796286522;
  -4.684171412243067, -5.18823056593586, 24.97646451789672;
  -1.542192097336301, 0.918337577711998, 8.718945004481199;
  -3.654113933937078, 0.736529404598224, 19.45045398212162;
  -3.113325335166877, -2.873250734376821, 17.45237426299522;
  -3.791740691171812, -2.872580393842068, 21.4532855663765;
  -2.102110720228195, 0.4506945903482557, 12.27005867267475;
  -1.98945163323422, 0.6708009262182607, 11.90830435085159;
  -1.830245090516872, 0.2887569038744968, 11.05560425842476;
  -3.937316111882427, -3.224453355022808, 22.92658435669166;
  -3.033967898160847, -3.231672214562709, 18.24381518150689;
  -1.960617961245803, 0.4480038119071185, 12.12177220670075;
  -3.825146631691826, -3.225359326202988, 23.16896763323346;
  -1.622644068206614, 0.8991643303370661, 10.41344390975717;
  -1.995407408022659, 0.1542427008321606, 13.14357936732914;
  -1.704806905347531, 0.8736064628073766, 12.01705794843846;
  -1.646251181198656, 0.5658175346782635, 12.02208683462217;
  -1.636768842308404, 0.8541216364257638, 12.00472092126261;
  -1.681815867199559, 0.9315038151635633, 12.34256178532558;
  -1.52220099740769, 0.5614951814478223, 11.92561228143826;
  -2.077807307323621, -0.08072933873698561, 16.85077017519867;
  -1.380910614231436, 0.3787004122307689, 12.38559058479438;
  -1.258837684452653, 0.8201817680504105, 12.68439722632889;
  -1.110160859550004, 0.3946737623971576, 11.37994618772679;
  -1.155920471593964, 0.3682928608012762, 11.89740338352702;
  -1.337075499839061, 0.3020903700423213, 14.25377153761864;
  0.5549865341168211, 0.8983732985765363, 9.476161218137696;
  0.8968075177325767, 0.896049540864888, 10.76545336113494;
  1.355206754932311, 0.5100681233954455, 10.79129810499059;
  1.147519812091545, 0.3470196908311564, 8.413856773483703;
  3.923851873931299, -5.620065079241358, 25.39383909069431;
  1.154560377942034, 0.6196061682681745, 8.242566705595106;
  3.982342888767264, -4.932167459399588, 24.24552232731908;
  1.246526014388192, 0.1899687580333195, 8.343992930447486;
  4.349373109342072, -5.373044124331212, 25.00079191001862;
  4.65464191766275, -6.129028200306454, 26.16631362233451;
  1.309346738448225, 0.334671658982833, 8.204511044279796;
  1.339793083508058, 0.1977322872312287, 8.352661184222704;
  1.182595114635785, 0.4188616160063977, 7.485497014928295;
  1.225829741626178, 0.4835384815113169, 7.534494443209916;
  4.278291156491446, -4.458880242835858, 23.33233842080333;
  4.350615389213516, -4.689195415024668, 23.46806318662527;
  1.272198385268977, 0.4199910482426824, 7.490573052207726;
  4.808221581013418, -4.578714105371968, 23.85621105150226;
  1.337229553814197, 0.5543982821284134, 7.438890903670369;
  4.842418934701467, -4.332040876281663, 23.45381537256759;
  5.075580082820285, -4.483031078595243, 23.41103901427974;
  5.048721043085732, -3.812338411082369, 23.25674054528985;
  1.487143852360739, 0.5892328580485221, 7.579507886571988;
  5.458899901713398, -4.92387448865441, 24.58785823862975;
  5.253477088704492, -4.21489259535496, 23.45727356473914;
  1.503862491171543, 0.5907615351727568, 7.51052001551252;
  1.529566722075284, 0.5259561903781295, 7.595280037808017;
  5.362482305764919, -3.921088403719624, 23.23730626116522;
  5.858748577987308, -5.430107949093066, 24.93711761047725;
  5.694175868231188, -5.081205604498172, 24.23166670500509;
  5.670648227532433, -4.899999667565949, 23.79272042106565;
  5.529545770213544, -4.25527116049794, 23.09702009611742;
  5.409074047479347, -2.45377884290793, 22.55199303925489;
  6.176174392178325, -5.908153873874916, 25.40122382349069;
  1.641857487219869, 0.5164104532183377, 7.533201117884741;
  5.44790803487986, -2.155889147954555, 22.23734240065109;
  5.887867926731428, -4.842799357686016, 23.75317653740679;
  5.862200670036919, -4.064404492273491, 23.62130947768477;
  4.973443332994351, -3.126645068308017, 20.19537148234002;
  1.860526156287041, 0.3504495048101383, 8.238757369335753;
  5.440307062635617, -2.655605106958566, 21.88346662159525;
  1.683079445224452, 0.592030754793888, 7.468926508766623;
  1.956524295563326, 0.182125081550327, 8.346467617791241;
  4.875481789937338, -0.7573040488481365, 19.11095832794048;
