m=[-9.183446348859832, -2.316880703112447, 12.1764557367741;
  -8.990739215474628, -2.01235700760261, 12.15764514189786;
  -8.56019279883362, 1.579894890767519, 11.90980052887625;
  -8.132570092119316, 1.461944939383127, 11.39954887797076;
  -8.26611209064807, 1.591866940728809, 11.6284713469347;
  -8.086403053924876, 1.498797355572373, 11.40499183362185;
  -7.237713244703104, 1.837673271940489, 10.32310448593084;
  -8.506118547478009, 1.329827675700118, 12.00971414879011;
  -8.295147746282169, 1.350324906896, 11.74345789249795;
  -8.187406644218077, 1.288989877946614, 11.68232346091324;
  -8.173398954528452, 1.453820144901505, 11.79315472514269;
  -8.105169404258344, 1.360025086620703, 11.73015817067505;
  -7.928647244915511, 1.349430505845676, 11.61686594727962;
  -8.123093366458695, 1.291415933803885, 11.93563623433272;
  -7.860723992827024, 1.563012575193098, 11.74301593249255;
  -7.858542481863333, 1.237645814722903, 11.83690801314301;
  -7.765824413067672, 1.375240069224763, 11.73226274731428;
  -7.956868895728112, 1.336808810953009, 12.03192238435332;
  -7.902284225644634, 1.291294715377708, 12.01429970021266;
  -8.087866888997777, -1.844238922343885, 12.30630696816901;
  -7.875390378320341, 1.156386402247437, 12.05933316824022;
  -7.823927817454225, -2.090116299132949, 12.07227501818703;
  -7.990235544255104, -1.943722693876106, 12.32813827153146;
  -7.502974349476975, 1.561249767192528, 11.68991023042883;
  -7.933172196636753, -1.942203473561434, 12.34030975152522;
  -7.666087664924207, -2.165164245622483, 11.96894783390349;
  -7.871704331090005, -0.6087881520826145, 12.25002305408016;
  -7.892586719680076, -0.7432195650695795, 12.28866661562755;
  -7.893545059233579, -0.8759487420710497, 12.29134815629509;
  -7.462563510047821, 1.296584053018456, 11.77378287284457;
  -6.511695882122392, 1.773042042454906, 10.40536495073308;
  -7.675697083969403, -2.265967706607984, 12.12868653170524;
  -6.272404455320567, 0.8344881395032918, 10.09573974043009;
  -7.641617111774084, -2.231067177809682, 12.1636988870739;
  -6.244962266422296, 0.6988844724416438, 10.10986788564165;
  -6.248897001473709, 0.6428888594526253, 10.12978794558755;
  -6.095450484282903, 1.300840009223712, 9.913807327359184;
  -6.178949649557661, 0.5976933700614991, 10.06617188015217;
  -6.030270385065053, 0.7562217872407346, 10.06217708184427;
  -6.020245055483237, 0.8390519886130545, 10.05885772253884;
  -5.986542573546949, 0.8979346512801865, 10.09499525202532;
  -5.99271283344074, 0.7504654417404785, 10.10863369194927;
  -5.9956619583342, 1.681556740889448, 10.13297135476472;
  -5.970106107216994, 1.275551425351741, 10.14733503035326;
  -5.997018473980054, 1.573044853199463, 10.30147465232943;
  -5.922675764741887, 1.691928521922076, 10.20393395507921;
  -5.891308384972068, 0.6912475842613585, 10.32909368384205;
  -5.915638713045206, 1.591463149813399, 10.37410503525108;
  -5.952962659676119, 1.658889388890135, 10.45284024797254;
  -5.861944020881102, 0.7025562988329959, 10.42636960660828;
  -6.546415340110435, 1.527409223931094, 11.90061650397418;
  -6.507733937386023, 1.463638263235907, 11.93032033458573;
  -6.523024655875808, 1.320120401661549, 12.0728538748124;
  -6.431641394727343, 1.292328009439695, 12.08910693079403;
  -6.32504125353612, 1.371595240756899, 12.10227190076706;
  -6.268728741950784, 1.382302399073216, 12.12588427118227;
  -6.216752669030127, 1.479072278897795, 12.1962890533828;
  -6.136355436355638, 1.676838220451299, 12.08213398329578;
  -6.09617181684937, 1.57873809553897, 12.07823265432199;
  -6.062561309624156, 1.656181930830971, 12.15203453933019;
  -5.782150574379627, 1.715519811162342, 11.791430924896;
  -5.92469088140949, 0.5386937979878473, 12.6358392391961;
  -5.933830576974216, -0.4834080402770924, 12.68811625443745;
  -5.875956288744512, 1.642042050338548, 12.65221663533185;
  -5.847269545947221, 1.732045618826173, 12.60543538501561;
  -5.905292567186765, -0.3740909527252481, 12.77999512775415;
  -5.825964485954934, -0.6086359392795815, 12.62935779254887;
  -6.001958512475007, -0.3290840361618471, 14.88816291816882;
  -5.951511519646354, -2.232288047971291, 15.03810513082683;
  -6.583121482767495, -0.8393023362422108, 16.68474604035334;
  -5.852238266623731, -1.988813227004822, 14.97963154632487;
  -6.278424947433005, -0.9409034675180605, 16.03812892750853;
  -6.197236366583984, -0.5540549072317321, 15.92759793100228;
  -6.057089663743846, 1.081002948446668, 15.78646033834429;
  -6.216580877853824, 1.237435201595064, 16.21969014369683;
  -6.395478759110517, -0.8469528873880011, 16.90159157299422;
  -6.320876268258069, -2.125068452078373, 17.33710967597724;
  -5.711147393721504, 1.348887000852947, 15.79087911410814;
  -6.208187235650316, -2.233316923934524, 17.24975429607721;
  -6.32669849633513, -0.3632570031116857, 17.65698745707133;
  -6.26685045478366, -3.873947202525269, 17.62962293127914;
  -3.270110578435545, 1.945068168987173, 9.655688068165983;
  -6.098546730672463, -3.788488185647021, 17.48666066941359;
  -3.167084949762562, 1.84945688731357, 10.20591920349149;
  -3.020142372742465, 1.947580590826236, 9.779654658685974;
  -6.141490776947207, -4.3404820513561, 19.79903750289901;
  -6.084231094674774, -3.719114186532023, 19.63351283529241;
  -6.220601445284881, -4.217739583587679, 20.24713934685256;
  -3.242260471237946, 1.815442141390612, 11.13106115686418;
  -6.551499707217953, -1.028681187778454, 21.59599451078236;
  -6.170550693510352, 1.00884438459768, 20.43553361771952;
  -6.440626266422783, -4.340479902953358, 21.48308267648102;
  -3.092090076034406, 1.764740568451791, 10.83585003080107;
  -3.15372992775212, 1.89637506021764, 11.04666116811793;
  -2.999682520931313, 1.942079905619251, 10.57204247404036;
  -3.045956888418659, 1.913127108083801, 10.7901104743291;
  -6.373002545564149, -0.3680788137863886, 22.07906177894157;
  -6.292875881486014, -3.812993015019015, 22.0158061412416;
  -3.252456167874292, 1.733145261867423, 11.85604506543577;
  -3.151861334710344, 1.887411367996366, 11.6219576951401;
  -3.153852395256903, 1.795898292927572, 11.6323457720344;
  -2.89343302875684, 1.870634149759959, 10.85442903792669;
  -2.952062038969134, 1.851302416079752, 11.1193797404486;
  -6.379041810701747, -5.408652557243173, 23.25549074693281;
  -6.363187041188525, 0.05264721682538988, 23.29298460951388;
  -6.386849824876689, -1.657468324884833, 23.48131448168929;
  -6.287558035139179, -1.83959086143815, 23.15145866951183;
  -5.973638948442891, 0.4323966089680822, 22.06517550922948;
  -6.298780972174884, 0.7142494047759487, 23.27726779948052;
  -3.200206444289909, 1.819811532834895, 12.30265530071411;
  -4.306161599140386, 1.557201313199799, 16.33016250013077;
  -3.298702907978658, 1.794086118711238, 12.99726707962445;
  -3.161630789911524, 1.877307431817864, 12.57471712422606;
  -3.025378832134059, 1.892412091046513, 12.11630561684488;
  -3.137813878291234, 1.793353760471427, 12.55694560615139;
  -5.991973601357228, -5.274369008200538, 23.32424917898106;
  -6.612330066619939, -5.610758193610374, 26.04121058244822;
  -6.37804177853451, 0.9428439354318953, 25.92916754574404;
  -6.377394649839397, -2.062849467176305, 26.21371683525285;
  -3.107082439063651, 1.83845781382553, 13.3097575651674;
  -3.18866681286992, 1.796668624445856, 13.77402518095723;
  -6.353181068121081, -5.558493854364329, 26.66681007565108;
  -6.608846989403096, -5.676663634401192, 28.58869278687909;
  -2.9680765971484, 1.830980909079877, 13.29901497573053;
  -3.113863511299269, 1.841975903051502, 13.98594188862212;
  -6.051201363792033, -5.03666280890443, 26.76599674681337;
  -2.951302965030374, 1.81855862569692, 13.53380509868283;
  -3.608803692239915, 2.014117712241624, 16.39800577193765;
  -3.175366551108315, 1.783079143054611, 14.81931547218911;
  -3.428093601749092, 1.812816437666297, 16.46217035150539;
  -2.782718160580297, 1.874808722184751, 13.57669271629296;
  -3.263372239502222, 1.828389588912938, 15.89678356317782;
