m=[-8.121434727855274, 1.397985853216668, 10.72550207027617;
  -8.018695102575695, 1.406722901442844, 10.71277421401398;
  -8.189873422359161, 1.345642067511627, 10.99980904283129;
  -7.936238902814593, 1.61768460669458, 10.82284365625615;
  -8.110496599086455, 1.161537094726958, 11.05150187293149;
  -7.9945090120867, 1.096622884242731, 11.08920996674914;
  -7.62327475453021, 1.523352520290422, 10.641658892128;
  -7.999625905286241, -1.905385846315035, 11.28402380910392;
  -6.259174379033185, 0.8642637998038685, 9.049139604562422;
  -7.974149774444125, -1.902254686230426, 11.33791482032603;
  -7.975220714294823, -2.199925582483467, 11.34653982095617;
  -6.30780600925783, 0.7386813647920905, 9.172415516280575;
  -7.922011840805956, -0.5696846874303275, 11.27476140973512;
  -6.298238797408114, 0.6814511242593973, 9.172278229202043;
  -7.994921737071296, -0.9750743381321307, 11.3840111568103;
  -6.441788777490839, 0.8493003574183898, 9.360337965555109;
  -8.001404876129955, -0.8447765023681667, 11.39543374152243;
  -6.272185920982132, 1.711992170431306, 9.150820407886853;
  -6.276310447736034, 0.6400677413354473, 9.178695144318835;
  -7.887821343219663, -0.5326746095185577, 11.3321591644208;
  -7.769482381874255, -2.247085003331918, 11.20152847311575;
  -7.724737902543867, -0.5997867647664569, 11.20548901996646;
  -7.713258913076288, -2.204353039281445, 11.2047358498316;
  -6.249117772771255, 1.768034278066507, 9.268135407259722;
  -6.090062535659374, 0.8818558463074246, 9.136337588715485;
  -6.101885793631898, 1.330620823302053, 9.231121169942595;
  -6.077009470592041, 0.7928886303328031, 9.207552996284292;
  -6.086764617975975, 0.946720756912674, 9.220219475895743;
  -6.076425465374363, 1.275549158476359, 9.209840441972977;
  -7.597982025013042, -0.2435205142289102, 11.2758982722923;
  -6.040689439803995, 1.322805501869891, 9.232443038581906;
  -5.952875171930748, 0.6709157532468817, 9.214322889579547;
  -5.998213278253823, 1.743360697138862, 9.301991422802884;
  -5.99167472685738, 0.628289854102384, 9.322829368063236;
  -5.988631188627059, 0.7290127977317641, 9.450990602328606;
  -6.002553785604307, 1.644260540075224, 9.490655445462934;
  -5.981520953984583, 0.7460091299887014, 9.586514453590279;
  -6.559719837407231, 1.507254495595104, 10.99099618714412;
  -6.594271074507049, 1.368284541826101, 11.16545422250705;
  -6.546316926811981, 1.348073873848369, 11.25739393339923;
  -6.383998541765155, 1.60429240449538, 11.01609247792355;
  -6.498893764355832, 1.368399690475326, 11.28512351991135;
  -6.383801609260017, 1.409997462585509, 11.17457787092182;
  -6.311128308618486, 1.698897190287062, 11.16555102132786;
  -6.32888009032005, 1.576230389185457, 11.31640177619896;
  -6.268196412726343, 1.524221542809847, 11.2623173545101;
  -6.228220670662242, 1.731851027855133, 11.22283310211079;
  -6.196149634446072, 1.634352287837512, 11.23329587427053;
  -6.155418917134962, 1.709511982100079, 11.29622820458894;
  -5.86299749678889, 1.764322586647759, 10.91631672374712;
  -6.073276687291965, 1.559813277528624, 11.31881148428298;
  -6.03615426028736, 0.5782066869270611, 11.81026872442963;
  -5.77811035783622, 1.748331084854347, 11.34016967605542;
  -6.046449248065312, -0.4607133433613302, 11.8505459978574;
  -6.05097411044901, -0.5407067714314762, 11.94544549546775;
  -5.921884122868757, 1.677931949848602, 11.71265478714637;
  -5.981474918407077, -0.3457575883255893, 11.87351590905013;
  -5.997856393075788, -0.5920254332174078, 11.90992613387666;
  -6.106317960258841, -0.5300361426369549, 12.17567389255303;
  -5.839417734223826, 1.76312573906501, 11.85085173596336;
  -6.062883835283159, -2.232713716205609, 14.19638385289314;
  -6.414382427399441, -0.763430636474436, 14.97652954879792;
  -5.900189558615844, -1.970286978500149, 13.9962605687444;
  -6.600998221084658, -0.8026709562375299, 15.64002354214768;
  -6.211315869065877, 1.136229625153887, 15.11132305997832;
  -6.569521888302219, -0.8376674798625804, 16.24184285630675;
  -6.537905521428423, -0.7823773424426084, 16.26175595818538;
  -5.592228899124225, 1.332940088447676, 14.42928077115403;
  -6.37399443223943, -2.115115355470938, 16.36556369960326;
  -6.357183889000346, -2.243682410078827, 16.51554867217013;
  -6.167110539256829, -3.774796012138274, 16.51855137222185;
  -5.308261518776045, 1.559793114240132, 15.14756087417435;
  -3.169365559896891, 1.933793194649244, 9.661515005306182;
  -3.037084801452677, 1.97396860174046, 9.335969096078918;
  -5.981245875638982, -4.167365697285819, 18.12420739666538;
  -3.153114176354218, 1.809471460151627, 9.99952326870779;
  -6.271248608153574, -3.781994496442675, 19.029251497397;
  -3.206969130408867, 1.937566607637307, 10.18671424813075;
  -6.380616072711951, -4.262578883327322, 19.54366891727838;
  -6.550842249744866, -0.9673060534575451, 20.11631046200744;
  -6.6645395693205, -4.387356139270435, 20.58288285870162;
  -6.757337388069228, -1.035299920902027, 21.10817384678083;
  -6.604209365619318, -4.38983519147142, 20.7973057470997;
  -6.382670319940401, -2.279208035718226, 20.16295725308174;
  -3.212137357404426, 1.930447887344527, 10.7898322342113;
  -3.280010471602331, 1.876292395378704, 11.02173719420136;
  -3.032165835827785, 1.964712246801887, 10.28986054734096;
  -3.101815938986533, 1.949747917969954, 10.59410029922589;
  -6.580618929575634, -0.3589151357235711, 21.63674161628549;
  -6.605049308601608, -3.949056601808344, 21.84996638033111;
  -3.294781122612482, 1.880554112498495, 11.59647893622009;
  -6.385314965090069, -5.341957589547056, 22.03069061763192;
  -6.544919466210967, 0.5181420238914785, 22.70305140022879;
  -6.370101464172674, -5.15405703551988, 22.25972185897797;
  -3.366745986881595, 1.836375218271651, 12.19845601528962;
  -4.665218795670116, 1.686791418540278, 16.52979114670012;
  -6.466844363097419, -1.644678705135259, 22.59013340375318;
  -6.491108878658312, -1.86602262531008, 22.69084152004125;
  -3.230047354770244, 1.92364550415945, 11.78372492246317;
  -6.859005695318595, 0.5008385501710478, 24.05392783662647;
  -6.382808877290213, 0.7435776275724358, 22.46429823067478;
  -3.240821469949875, 1.859438829446852, 11.8947845675158;
  -6.433630176178616, 0.1741155952208777, 22.71066282497838;
  -6.574094012306053, -1.800237966842912, 23.25417163799401;
  -3.069414006931639, 1.911819764840992, 11.51887683812507;
  -6.362453849800611, -5.239523896354331, 23.0894390069222;
  -6.492670136348723, -5.639818157126873, 23.91223907487722;
  -3.301126589702614, 1.898387535155758, 12.67425793101924;
  -6.601934861865828, -5.531838589856489, 24.72484432285165;
  -3.172937255635656, 1.880749006592032, 12.5209099464548;
  -3.245207713115671, 1.831425881296284, 12.94674403376881;
  -6.635268748443106, 0.9934387106967332, 25.8025572421132;
  -6.591674868287187, -5.417272113064502, 25.92608919801993;
  -6.8382198491413, 1.10968529360741, 27.03885390664128;
  -6.412627584200878, -5.532518706426658, 25.59432022675916;
  -3.250851002664907, 1.925308845750626, 13.50106902099601;
  -2.535302615926961, 1.914776004771522, 10.87207522519127;
  -3.26765656322067, 2.013887127306603, 13.81566227197851;
  -6.508624345410699, -5.502471012185046, 26.82218962903296;
  -3.561079040531988, 1.983166386750028, 15.12250276888272;
  -6.72001098978953, -5.517160899802746, 28.27010335555718;
  -3.082934931669159, 1.885412008502447, 13.48290539864429;
  -2.431527002479176, 1.903039026581196, 10.86980438168131;
  -3.338140014707636, 1.868460417485648, 15.16445699893339;
  -2.404223979775821, 1.91978353575391, 11.38586795576905;
  -3.272674727691366, 1.905403240843536, 15.23549676000419;
  -6.424174331806326, -5.547581207135027, 29.46227130895907;
  -3.263006747185932, 1.882028893422694, 15.43778414870942;
  -5.305359367785019, 1.600414405067666, 25.405498051751;
  -3.2939810133266, 1.870663308009911, 16.22537149315036;
  -3.132873157261769, 1.860496361038841, 16.64218223765941;
  -3.59260906671586, 1.844702428907486, 19.19509984968154;
