m=[-3.26708820978173, 0.6779075721513048, 5.531850819453511;
  -3.245622234588582, 0.668366439899969, 5.581344206559303;
  -3.232437302692889, 0.6806183274984307, 5.613025163040814;
  -3.158155671820854, 0.7107287997077009, 5.590383083536732;
  -3.11386598271604, 0.7571909525110402, 5.594806637769053;
  -3.085667935581068, 0.8580166741727671, 5.560165267214097;
  -3.076603567164966, 0.8115126934333037, 5.577721681489035;
  -3.065525521555907, 0.8513722105810193, 5.625754530222136;
  -2.990273916235624, 0.8050721466144007, 5.833018883234683;
  -2.912547579800504, 0.8740928484325473, 5.766234243027215;
  -2.942643843206997, 0.8337812795888321, 5.820136088767074;
  -2.787354964018116, 0.6643821702032303, 7.192038829273588;
  -3.171751143241755, -1.052498494958073, 8.1436367611911;
  -2.732010393057849, 0.8027809074686803, 7.796016377742959;
  -3.356752854062613, -0.5746874762585766, 10.47653999206311;
  -3.199762505678907, -1.142613365529641, 10.10810074593042;
  -3.310838278594437, -0.1805772348828514, 10.88586850779321;
  -3.279676701421258, -1.960867864026089, 10.84940055952155;
  -2.230540607531316, 0.8064909536464727, 7.903245700061567;
  -3.291719364755792, 0.2605957403360907, 11.41833361265844;
  -3.283370735813792, 0.04175537629274709, 11.43949384303358;
  -3.255914477842624, -0.9359895505226521, 11.38163614269947;
  -3.278573319755656, 0.2393985339911036, 11.49766737973649;
  -3.243936466071191, 0.3779086336141369, 11.4170356055095;
  -3.195057952543412, 0.08646897660237075, 11.27852889883994;
  -3.355196298095607, -0.918780861778967, 11.86814646231516;
  -1.579404002380545, 0.9361869678351377, 6.232576849022911;
  -1.55653464111185, 0.9573476958095228, 6.210883117860623;
  -1.600694938437384, 0.9480078052778785, 6.647826316151138;
  -3.348300472917427, 0.5013107126400627, 13.02052982202389;
  -1.551676223525266, 0.9563124862868966, 6.560491974883345;
  -3.317440528788488, -1.055798310118426, 13.00516871053079;
  -3.238682954535377, -2.794185970552511, 12.92635313105504;
  -3.386629616802983, -2.863098299505545, 13.95637802468026;
  -1.640335155515545, 0.9181464216561305, 7.451692205856376;
  -1.623593020809819, 0.9452816613535815, 7.5584188061253;
  -3.231635799853537, -2.790671782179266, 14.82078875656207;
  -3.415984140900745, -2.78901878253465, 15.68351291729644;
  -1.638226024837318, 0.930354274202445, 8.069513981772591;
  -2.496316196298209, 0.8645221465641869, 11.98214051897719;
  -3.442267370249585, -2.879841553659016, 16.40566065669034;
  -3.530900892123316, -2.695115584591315, 17.10518456383726;
  -3.767765459559106, -3.16078908798933, 18.82733689878012;
  -3.69054005500496, 0.7695243458645634, 18.5758988667645;
  -1.640475731535987, 0.8827543353894694, 8.822907815373029;
  -3.484163788188209, -2.990523350616272, 17.82037077334586;
  -2.248507929127122, 0.5833676965776369, 11.84680719418657;
  -1.644109844439186, 0.8803398039724824, 9.215859202234416;
  -3.426177839670162, -3.402101677311031, 18.27447267797979;
  -3.43146062636901, -3.096574188835587, 18.25447455823882;
  -2.12083499069393, 0.4532746391051738, 11.78447423576158;
  -5.419645874356817, -0.0422894090907098, 28.62697252134745;
  -1.668239620481177, 0.8851398872228535, 9.60600191699074;
  -1.987167075848214, 0.6619012605170219, 11.29007231274819;
  -3.076707064586259, -3.229379607068843, 17.70759996214746;
  -2.000478271638668, 0.1517256857834114, 12.5337604103256;
  -1.831453493166029, 0.9471990236519128, 11.70901229139285;
  -1.696972162021545, 0.5752028567919514, 11.75963062783629;
  -1.732666456820995, 0.8974213864348447, 12.07244323632172;
  -1.599225020147663, 0.5800285484839362, 11.86630640310118;
  -1.5786555157819, 0.4302419033662008, 11.85433780736295;
  -2.398424529620354, -0.03326725621505671, 17.55808222684289;
  -2.079910507999731, -0.006476474616072894, 15.7007594741493;
  -1.484625459142383, 0.4895733400849942, 12.28112079754513;
  -1.386290329721242, 0.4715827173617834, 13.5016666121717;
  -1.371683395417296, 0.2981157545850515, 14.66156232421401;
  -1.379452234959027, 0.375412674189273, 14.8922967743029;
  -1.579111538402654, 0.5588436082722273, 17.09959774979965;
  -1.307626281133673, 0.7106216857496804, 15.01458323598503;
  -1.350853159850504, 0.8131760656682765, 15.99362390172028;
  0.5267197287720928, 0.8629075377858175, 8.745707463820006;
  0.8967042060776254, 0.8860855190273346, 10.31095107806679;
  1.086888436186541, 0.5715967216883746, 7.354841056839118;
  1.22850072294095, 0.1735414273541326, 7.791153210896114;
  1.156789644239155, 0.4001983791896221, 6.878900553555098;
  1.17860288296907, 0.360869069550271, 6.978772896016025;
  1.219329312427106, 0.5795656471233966, 6.878118219334055;
  1.254670454723014, 0.4024469988947891, 6.934465070182898;
  1.402384665743586, 0.4996477838958001, 6.860179388940038;
  1.435619007914407, 0.5577840345217326, 6.872284950747923;
  5.806547476520676, -5.514266037959592, 24.54515794262324;
  1.425463060775571, 0.5777721340488945, 6.827892377530793;
  5.896823593430921, -5.387200872117237, 24.88528158343688;
  5.642200563640389, -4.994049022317697, 23.48395314394934;
  1.449588693188331, 0.5564026446302633, 6.794381545374357;
  5.563729123825311, -4.389117382511345, 22.99669458646535;
  5.861504605521735, -4.939430504186573, 23.42966026293107;
  5.872213710345235, -4.174986123987298, 23.41749331813745;
  4.921013737402114, -1.395892744129843, 19.82149411272748;
  5.939918371061572, -4.356387669870408, 23.27195334612658;
  1.599234709875819, 0.4903427439712192, 6.886798303978762;
  5.634032657409987, -2.698579032210642, 21.6509707245945;
  4.881780499884239, -0.6033262242537677, 18.60518435659166;
  6.092002208716452, -4.15291562582781, 22.90303916712787;
  6.185611398156495, -4.367513136791869, 23.23343593697991;
  1.702284007984114, 0.3052502474262288, 7.13575783025092;
  1.640842832510704, 0.5339080965877487, 6.877203136167162;
  6.020268173013411, -3.978730115584214, 22.27486041875039;
  6.331821602165539, -4.409438382467307, 23.36112551408877;
  1.634516543319754, 0.565666421060915, 6.815008303075242;
  6.941445503120357, -5.780684205816453, 25.33992192809076;
  5.964756865530599, -3.851230394362172, 21.79070515586611;
  6.322352702991381, -4.583011089252737, 23.01686393430648;
  6.587148790845797, -4.942149075315944, 23.82009196184749;
  6.307214140219814, -3.993327817440665, 22.70740494664498;
  1.941516859686685, 0.1474397389963987, 7.676752961101265;
  1.743866531928428, 0.5233869321896109, 6.892416448451729;
  7.159122873483653, -5.579492370175588, 24.96734408993603;
  6.983512380667031, -5.231754995431714, 24.38704647290255;
  5.185345078715838, -1.563946385270975, 18.30494516796504;
  1.913659032995093, 0.3455825529241031, 7.355004493001386;
  7.250772594406206, -5.267980917517277, 24.91561363175419;
  6.878323833704727, -4.716795060296833, 23.51781524268544;
  7.540063200456676, -6.036787705410326, 25.61464007881176;
  1.809517138990793, 0.4968603849118918, 6.917639824704581;
  1.952865774380633, 0.3156672898774355, 7.366072207885562;
  7.363843816138895, -4.902887090620717, 24.45335287121184;
  5.634946673844324, -2.423681182130193, 18.96360257552455;
  5.451569593222938, -0.4685785542945621, 18.31051890740494;
  5.392622149647877, -2.002707661333378, 17.96536567770489;
  7.286414356783839, -4.940531278303257, 23.6339955014287;
  1.984860644615301, 0.295518744423766, 7.161450750612684;
  5.457058218301301, -0.4646765986642027, 17.81156311118082;
  1.924305610984876, 0.4868872672455669, 6.896121501972989;
  6.213039190717794, -4.08946550379049, 19.81578740165756;
  5.91256614414908, -3.912426376733521, 18.44744438436956;
  1.995664575673715, 0.5545302094238832, 6.873493419354294;
  6.023142482652475, -3.830835029660086, 17.57531257056807;
  5.213373737408311, -1.036063573019756, 15.14523342282962;
  5.34756818653779, -1.038449631024956, 15.05522082685754;
  5.444486057529086, -0.9141115250678873, 14.96374673200312;
  6.143505404319752, -3.800352182441152, 16.6833194706824;
