m=[-4.578131867490943, -0.5017981189563258, 7.249335663278133;
  -6.198948984326568, 0.09318378131132349, 9.596352657594434;
  -6.287262048411061, -0.007286516032110673, 9.720089418108902;
  -6.147767903199932, -0.1000732552098728, 9.53755289630284;
  -6.109431062182699, -0.5338615035388915, 9.577509352530404;
  -6.186550937629852, -0.2530493800724684, 9.700228226495195;
  -6.134956261437498, 0.1171471904741425, 9.644777337961083;
  -6.174844808461955, 0.007552143783951198, 9.702709457423328;
  -6.127329401215255, -0.08894631781468479, 9.645683517274675;
  -6.146181762399751, 0.2510474100889519, 9.67350725588634;
  -2.644649839128284, 0.4808902721017331, 4.727528648239154;
  -6.12866144410868, -0.04682135979836274, 9.658711791841276;
  -6.131869453638002, -0.1340308786781808, 9.724843994286259;
  -2.65103187594208, 0.54815529614424, 4.776506524307266;
  -2.548196621138461, 0.9306478716929438, 4.740958714067018;
  -2.551265070769313, 0.9600134697908251, 4.748531847159557;
  -6.109679417640827, 0.1092682116071033, 10.33168094353853;
  -2.448963661734559, 0.9443827090011475, 4.890286961794885;
  -6.259236842033462, 0.05247543665402839, 11.11946119015696;
  -2.630540322058609, 0.677879522870549, 5.251366869847467;
  -3.626089140211893, 0.269014580544187, 6.93596387696009;
  -6.357033975681811, 0.08144211094181, 11.58126459376034;
  -2.761305912094159, 0.8569285142104803, 5.618072292565323;
  -6.255312916782934, -1.661244773664248, 11.55250519849462;
  -6.195551713397408, -1.758840070111365, 11.53540149721492;
  -6.316177758296215, 0.08005830549211765, 11.79085294349789;
  -6.11028753612093, -1.583579282348858, 11.5332461157519;
  -6.377935042698447, -1.822523004209954, 12.02323805970282;
  -6.260009363516745, -1.889560559380417, 11.81646013035312;
  -6.348770419322937, -1.754683526563244, 11.99635898089955;
  -2.749777573674479, 0.7782982919472971, 5.820627915430768;
  -3.319234753520716, 0.6064085631041467, 6.836037013508691;
  -2.465746700028315, 0.9526758089058464, 5.337283265452617;
  -2.648511797246008, 0.8490722839853341, 5.713243502364862;
  -3.182833709341228, 0.661891132101575, 6.70224568848491;
  -3.250349750540517, 0.6018039372711237, 6.864256180572865;
  -3.258894334545715, 0.5712505575550082, 6.934814182464805;
  -6.343395549771667, -0.1955161664629891, 12.57277320624073;
  -6.35598911895586, 0.1987556139911579, 12.61871412979591;
  -3.232104743780738, 0.481281919557448, 6.91001766559161;
  -3.254622650548452, 0.4282431714813516, 6.955343902847975;
  -3.220195339637872, 0.5359913442448152, 6.904524241427699;
  -3.205321981410441, 0.5975790662452507, 6.888229158061693;
  -2.589018556770341, 0.9198239565719, 5.761739612715759;
  -6.334929172436201, 0.08414302555717131, 12.68725820174675;
  -6.302700465559304, -0.08824830339528557, 12.64880928899346;
  -6.30864840311148, -0.3057999895873058, 12.70313820029425;
  -2.593655527923764, 1.025137221677575, 5.820505012679448;
  -2.502246427437166, 0.9313353143136044, 5.654060934146469;
  -2.927609436594817, 0.7259914875418586, 6.449124919631817;
  -6.255309521786973, -0.171024431770396, 12.67955708288825;
  -6.230925504051785, -1.05531586560191, 12.65972516819263;
  -6.176366809009037, 0.0787948381586803, 12.67975434714679;
  -6.245503900843263, 0.2597892588314755, 12.8140915783542;
  -6.138413247483817, -0.1167472120172908, 12.62958783187613;
  -6.205929620221371, 0.2051458870565769, 12.80979284496857;
  -6.218519331266199, -0.2074225190280216, 12.86663073121416;
  -6.275582951282797, -0.4496742478731895, 13.06544081302323;
  -6.208600370948171, 0.1361902480003047, 12.96462780876006;
  -3.174752464815479, 0.6729203756485829, 7.119573719474059;
  -6.182074691453244, 0.09133651615074358, 13.00814072680418;
  -2.500051548584355, 0.9086371417331202, 5.898384281779441;
  -4.87973604201876, -1.755127111769642, 10.65867116444589;
  -2.458935686978087, 0.9248979586092542, 5.898188401875323;
  -4.740618188290661, -1.872841393113545, 10.50483193335155;
  -3.231974219225069, 0.4879393753627889, 7.530302164838682;
  -6.776498509839239, -0.2317243330442248, 14.76014792171705;
  -6.803433695466238, 0.3180785610118916, 14.82217576909826;
  -6.775644367557171, -0.3043208040496783, 14.76771932154736;
  -4.646354126797802, -1.688681965451149, 10.45223067535041;
  -4.693402085467847, -1.624075215375257, 10.59470282598887;
  -2.502411150455964, 0.9136092315660065, 6.115617880581985;
  -6.714717290141561, -0.1526341361695345, 14.75737762713408;
  -4.564822539480971, -1.816652540767615, 10.35452340399967;
  -6.717054269610212, 0.1413299628779094, 14.84264639250783;
  -6.668725096924566, -0.224583537397411, 14.77367320799691;
  -3.233395375599196, 0.6141558638658783, 7.684041009880362;
  -6.586617235843175, -0.4769524095766322, 14.62978382903381;
  -4.604550720290863, -1.946606159192686, 10.54907324865659;
  -6.931822622779879, 0.3635214599466993, 15.39746028228613;
  -3.182589468632594, 0.6757217369866493, 7.604435118699421;
  -6.693882610065806, 0.2756268941843548, 14.93799262055402;
  -6.561636024770989, 0.1128783495738635, 14.76286677984014;
  -6.603581957033972, 0.2177930654249955, 14.85547338579953;
  -4.487823667899645, -1.775813648116309, 10.45117645278408;
  -4.560699857139004, -1.930958440316815, 10.6153482052372;
  -4.500929248101862, -1.863402593295695, 10.49787677791526;
  -6.563458083843334, 0.2418347181009562, 14.88913624281561;
  -6.372528724402456, 0.2897357965013624, 14.56346922908555;
  -6.445679164248412, 0.1137424813607427, 14.75675218803795;
  -6.412013536393126, 0.1071151622614883, 14.69253141359263;
  -6.445678081895248, -0.01229260959431256, 14.80094286252355;
  -6.417688117157958, 0.05577622922511811, 14.79869472835033;
  -6.329720035527544, 0.1428279103974375, 14.93384674043015;
  -4.962942143645675, -0.7319210104861784, 11.97863832439785;
  -6.284435205635288, -0.221990761439297, 14.93430516171692;
  -4.1535125196109, 0.317753718519559, 10.24163028767597;
  -4.924582543514978, -0.9268027813956, 11.99808570588042;
  -7.413712271378095, -0.5606167094049189, 17.56237965535542;
  -4.88421840564155, -0.7432697757966273, 11.93830393234395;
  -4.135336455475724, -1.786383888356774, 10.2657800298848;
  -4.772484968059104, -0.8119385925872755, 11.70919040585763;
  -6.204432137062542, -0.1853314186654515, 14.94075612527776;
  -6.224511885101491, -0.2529493575174943, 15.19117140797107;
  -6.35398062042742, -0.4349765517570186, 15.57072018285062;
  -2.438482998528523, 0.9317415131017771, 6.613216719123035;
  -4.090391515709952, -1.827448671597022, 10.60752988301316;
  -4.734530611517974, -1.470712302470365, 12.3442102035453;
  -4.770363283140523, -1.063637767321589, 12.51232025275936;
  -4.676069601652769, -1.102636718040987, 12.36443776652419;
  -4.549666983632045, -0.9418663054194056, 12.06279368121825;
  -4.551605113519413, -0.5032406271936634, 12.07585669363941;
  -4.612104429949432, -0.01123436422221484, 12.23245310943248;
  -4.477267873541689, -0.5096868312448748, 12.0299748512335;
  -4.566622936986166, 0.06149959538385391, 12.27931443165832;
  -4.578218769552646, -0.1727152139690404, 12.3214685376837;
  -4.375212303857111, -0.760642661875923, 11.84752243655981;
  -4.339311052019599, -0.9141273812916912, 11.76172618540201;
  -4.446160205981684, -0.6090042196645228, 12.05575422061816;
  -4.288693950436575, -1.017646866653347, 11.66743110147116;
  -4.504523215847001, -0.007246840464179082, 12.20133391487879;
  -4.293747253868659, -0.8268817215290785, 11.74932176225036;
  -4.577097994720281, -0.1545484848363466, 12.52449213036186;
  -4.447203541027203, 0.002066544155321061, 12.22001433927962;
  -4.49859328540012, 0.04056854336423333, 12.47110991613906;
  -4.232638581645792, 0.01658389260996879, 11.84084905558819;
  -3.793678858927818, -1.730155912017745, 10.83613027014128;
  -4.223785393052396, -1.218198110584434, 11.97386548162212;
  -4.085810824192888, -1.030869090804494, 11.6280209329042;
  -4.180153348943025, -0.9274504329403907, 11.95618611013483;
