m=[-6.479342542024565, 1.629649025789545, 8.849040469808672;
  -6.994709541259073, 0.2088230346920114, 9.480703545321742;
  -6.450153620466962, 1.426560633457172, 8.87317597254655;
  -6.420835307482629, 1.526767621834882, 8.838079175699622;
  -6.397025750642557, 1.623693195436323, 8.883855340175561;
  -6.355973422677297, 1.76494516672126, 8.868630979947042;
  -6.25902314573081, 0.482679613415461, 8.848386171881153;
  -6.395058478545578, 0.4931703050657487, 9.04069943382946;
  -6.222978447661981, 1.598817597799406, 8.875967201593763;
  -6.228526071881355, 1.456966604499519, 8.891710356198285;
  -6.280607988652874, 1.524048312004001, 8.980553149001246;
  -5.890757814071363, 1.530182816204702, 8.873281042444432;
  -12.00366828064162, -1.108595981210535, 18.04131453302634;
  -8.599631371844714, -1.623813396245999, 13.29635153405469;
  -8.303000619410591, -1.437419596144845, 12.8964042601088;
  -5.609002372090917, 1.049410364263549, 9.06341827724607;
  -8.597876951276669, -1.878259827727245, 13.40750057551845;
  -8.476058258776094, -1.887862311662328, 13.29469593953068;
  -12.63481395811996, -1.02052872550205, 19.3428851581402;
  -5.614907820875804, 0.9428810243514872, 9.187469576791175;
  -8.376500613818237, -1.63799301930794, 13.280086824604;
  -12.71155150713477, -0.01473183766424147, 19.65202282660905;
  -12.52957687933039, 0.1883469850774674, 19.39655233306589;
  -12.41127455808573, -0.2020305037352874, 19.25466111800784;
  -5.484574896362937, 1.062085797765918, 9.117648660573275;
  -12.16431874806052, -1.062956833503544, 19.0695132477831;
  -12.50820907393751, -0.5116250692650625, 19.61229834606292;
  -12.37487215339764, 0.015135087068488, 19.44498895140382;
  -12.41460875570522, 0.2370573602468989, 19.51703192071711;
  -5.397989953676268, 1.00189350137042, 9.042140191914934;
  -12.38261881782114, 0.5057813947758952, 19.48906778414223;
  -12.41105899365314, -0.1801629919630778, 19.53757327674607;
  -12.32663838033872, -0.09417227170623785, 19.42666413599817;
  -12.46174264848101, -0.8502334420969557, 19.66175628564758;
  -5.370978914911192, 0.9472649016480134, 9.065483638972177;
  -12.50249332347383, -0.2732804699257077, 19.82834077432176;
  -12.49670659046467, 0.570582275692168, 19.85403213632717;
  -5.39340841059966, 1.057127996343441, 9.128519965987756;
  -8.549328375520981, -1.550847066636031, 13.9408113668776;
  -5.3104250003571, 1.086097569100904, 9.03411018407877;
  -5.42177220952683, 1.049265668263587, 9.2435537593528;
  -8.059976049273709, -2.286496075535012, 13.30051156472572;
  -7.775808034391595, -2.181756082411079, 12.94720983570477;
  -12.50019921439044, 0.04010712643381044, 20.26365754574152;
  -8.459723464776696, -1.583621967816282, 14.06453263041093;
  -5.322315467436555, 1.079967397485667, 9.228891448158041;
  -9.139960299248157, -3.18595821255192, 15.23673738030246;
  -8.446985066163322, -1.910772408218662, 14.17924299863799;
  -8.326815399179646, -2.567737177002619, 14.03946122068975;
  -8.137568498842986, -2.68491419233858, 13.76455737971388;
  -9.925680573071725, -1.254916932348272, 16.60878337517691;
  -8.468120463348603, -1.681590550489498, 14.31960120910256;
  -8.504318124068885, -2.087148796389307, 14.41126313907459;
  -5.329315612246884, 1.045406306758641, 9.399663512948688;
  -8.41492351364964, -1.959821395996977, 14.33144489035951;
  -8.427691570868952, -1.839088754136969, 14.40005269699392;
  -5.319742568817587, 1.011024412142968, 9.451030083401451;
  -8.415268628748283, -2.187555746203044, 14.39657808027551;
  -8.312452561856947, -2.497229016936189, 14.25943192308377;
  -7.860392708384024, -2.647931963431947, 13.56297132845606;
  -5.2896291896832, 0.9618404609596541, 9.455646325198208;
  -5.326484011301462, 1.034942990919213, 9.540753972708147;
  -8.337255138637994, -2.206037763984546, 14.40410144815202;
  -8.357331201322086, -2.022991472366006, 14.45030764548015;
  -5.29671757778163, 1.095205160975109, 9.543380559577885;
  -8.487812588467078, -2.674772350096768, 14.74601715896594;
  -8.29786741640066, -2.470318367379865, 14.45086315521054;
  -8.389630566997576, -2.174104336206096, 14.61000039149289;
  -8.309403913871561, -2.33438465168566, 14.48778408751146;
  -8.215266444115933, -2.229115212875855, 14.42160165246844;
  -12.72530245899726, -0.1863120642763249, 21.95585976980529;
  -9.078245530936201, -3.661344576622702, 16.11042059073175;
  -5.078002928720145, 1.854579265532725, 9.447701969017512;
  -12.7234380802333, 0.1066692291490007, 22.60303923769673;
  -5.780454054156656, 0.8792847649534971, 10.92908690091079;
  -5.296696175734184, 1.02297691326117, 10.15033226154358;
  -12.87942187117255, 0.6647319454040518, 23.43281439624214;
  -12.84159818071017, 0.1645180547570335, 23.39486416251299;
  -12.70227945000498, -3.635203065050618, 23.42957728512579;
  -12.64775988286925, -3.358908704247958, 23.35827379700515;
  -13.01472172753026, 0.06509822733228721, 24.07743497686794;
  -7.238558771304337, 0.5370187483844073, 13.84587642985678;
  -12.60633648929123, -3.578782129560156, 23.47154209019148;
  -12.93519230016961, -3.604719928528791, 24.06678045300737;
  -12.73853551710143, 0.1614624551392287, 23.7799195566313;
  -4.868902478430782, 1.830689407632507, 9.769862567656375;
  -5.177223867449673, 1.334149496067907, 10.33532984357844;
  -12.56764443618576, -3.257107172030927, 23.72159010863964;
  -13.06620759772318, -3.733726318190616, 24.6315027408082;
  -12.84888506439988, -3.904225831897634, 24.24108371828059;
  -12.88758230105087, -3.561891022560179, 24.35181199949287;
  -13.20905399433751, -3.969924434686759, 24.94467661230896;
  -7.449960586674035, 0.5842062640281042, 14.69819954184588;
  -5.511044675773315, 1.710267343097974, 11.21261040308668;
  -4.865783845098754, 1.925011837967522, 10.07063980076981;
  -13.21503991659086, 0.02962482732588464, 25.90203963584784;
  -5.387827789604994, 1.770407607189358, 11.1930572153889;
  -12.88529584642535, -0.397150647136492, 25.53898792867378;
  -5.318680570069727, 1.843939098177347, 11.12108631990579;
  -5.525908204518793, 1.560623160180139, 11.51949813297594;
  -12.86513654453103, 0.5315688336280221, 25.53760492531812;
  -12.43014967466461, -2.011924275859754, 24.70923773588558;
  -12.94201336173112, 0.4047045650725102, 25.69412310487282;
  -6.666773143029555, 1.217988067254863, 13.73036598814682;
  -5.37527523370897, 1.909759351236858, 11.27923449232778;
  -12.8678933317694, 0.1709164298463087, 25.77113031082396;
  -12.76744898200413, -0.1787655493870509, 25.62283074735853;
  -12.918446564324, 0.4781203105903085, 25.93422129520143;
  -13.02619898999022, -0.6314207514776905, 26.22964467519955;
  -5.475746561882469, 1.549857791062894, 11.59085869382766;
  -12.53283323198138, -1.873097825591766, 25.37756124295969;
  -6.298429873996054, 1.30979977606951, 13.26290605234033;
  -12.75134791120329, -0.3486305550867728, 25.84707330000865;
  -6.390839736166145, 1.32901701261869, 13.45749793393479;
  -12.70216160540905, -2.151332520491676, 25.80770302291045;
  -5.288688740274909, 1.773811703064925, 11.33680543336766;
  -6.57311559988857, 1.217015752687343, 13.88144441214423;
  -4.912588096222512, 1.898047288610898, 10.63364466257992;
  -12.44430096342777, -0.4167144222304929, 25.48024000424518;
  -5.275798675147608, 1.691340184179023, 11.38070161964715;
  -12.71694238123094, -0.1334625901257018, 26.06162367664865;
  -12.47986481653671, -1.00807184337214, 25.61500604537932;
  -12.7265291324152, 0.5293753111515823, 26.11140948216238;
  -12.75791026393497, 0.1627587067891472, 26.19131491570086;
  -6.492587794763053, 1.138083661816624, 13.81600177788431;
  -12.55271225730701, -0.2387415281785703, 25.82680174667482;
  -6.532037860445211, 1.421004137224032, 13.90506524283626;
  -6.483982406432419, 0.9655081584064578, 13.8623084719165;
  -12.8824616792419, 0.4258482113701717, 26.59096630851708;
  -6.545892264195075, 0.8613083495015184, 13.98900479009345;
  -12.73141425572355, -0.4246641161721262, 26.34234890786388;
  -12.93648128361258, -4.318549077633589, 26.75891415365004;
