m=[-3.024640854223757, -0.1052596386588098, 5.920402013574607;
  -3.018166820392895, -1.059972860169381, 5.998448300460884;
  -3.257600699621716, -0.3349969883699904, 7.033229615835847;
  -3.158231284799929, -0.9925996525851729, 7.044141373534897;
  -3.11920667597304, -1.090773626985274, 7.045400057045377;
  -3.141104532286542, -1.050302737939928, 7.093817623486424;
  -3.146989564543345, -0.1149586988212697, 8.402654440274079;
  -3.211422962242826, -0.4372881905171549, 8.67912655598729;
  -3.333474667478961, -0.4233810335603487, 9.133127061959126;
  -3.348532923650816, -0.3501341609248053, 9.308561285180275;
  -3.332181296553325, -0.4524468423158561, 9.327363844783658;
  -3.27992317030336, -0.1251272676366492, 9.698339643863269;
  -3.271346017377899, -1.879490290605246, 9.695930371964792;
  -3.256741977725278, 0.3092314824445684, 10.21198160171332;
  -3.231167757673286, -0.7560343111484669, 10.17930589473344;
  -3.246702935772014, 0.2917858230021394, 10.29938174713282;
  -3.208690610950678, 0.4248737796842729, 10.21006863837022;
  -3.335034265375675, 0.1438902837634752, 10.62380821763882;
  -3.262630464085384, -0.832222785891933, 10.44615439496156;
  -10.55597381105369, 6.262699664418058, 31.94733119738955;
  -1.590777378277335, 0.9621707103402072, 5.89030843309668;
  -3.326109061454478, 0.6727103490441518, 11.80080231133545;
  -3.295152778462894, -0.9770579961626313, 11.76916957917268;
  -3.162102354559719, 0.8506884709220675, 11.45369117725658;
  -1.543562479731742, 0.9670843898247968, 6.208625852134132;
  -3.123433375564872, 0.6819151146874923, 11.6022668492858;
  -3.057477880948404, 0.766825897652239, 11.64055969625673;
  -1.681672777409357, 0.930382933921143, 6.959115269147577;
  -1.633338775750097, 0.9359196409140436, 6.789713738984775;
  -1.616168206914151, 0.950375340444768, 6.917088596623817;
  -1.587128338606792, 0.9832244135047491, 6.812549246460705;
  -3.416361083118313, 0.8462093867038015, 13.59138704425523;
  -3.722997478100062, -2.970806187618641, 14.87867864242917;
  -3.322526165840885, 0.6574909572004636, 13.87544153667718;
  -3.429954687887737, 0.5471041208054676, 14.3509263444021;
  -3.402714225550896, -2.662972910959021, 14.35828588640462;
  -3.470776624072988, 0.6044193441738629, 14.80225292048304;
  -1.62115722162755, 0.9362971560399391, 7.60570197385903;
  -3.414106885548423, -2.740095695483046, 14.997028595807;
  -1.652813378786554, 0.9210359657233104, 7.801925626500596;
  -3.390472218763578, -2.48719262986532, 15.20234472316425;
  -2.702098731471035, 0.5139151639275893, 12.41228490349187;
  -1.621179688054553, 0.9448835374638271, 7.948998392054996;
  -1.637488515659991, 0.9084877985566525, 8.095786916827532;
  -3.718095250122716, -2.996412757740771, 17.27005242919096;
  -1.633407404437633, 0.9524518302022267, 8.237105738497828;
  -2.193911686965879, 0.5480267559379715, 10.71853187491774;
  -3.411362691826042, -2.811933600310397, 16.16135257900361;
  -9.233177473307215, -9.780527554186413, 42.20735275873176;
  -2.110101830752316, 0.5805830223433364, 10.52072255266157;
  -1.710118463921994, 0.9406852250891682, 8.725294348585159;
  -3.351952802239806, -1.316687707582297, 16.11434070141964;
  -2.174354191009878, 0.7569764287835442, 11.10121533345389;
  -3.723232479871994, -1.570768476451915, 18.21664473439359;
  -4.216144556513932, -2.513053935884773, 20.6245609780685;
  -3.206072144853943, -2.80628058772991, 15.88222111630914;
  -3.118783544731612, -2.995189892028257, 15.53881162949576;
  -1.986590994682686, 0.3584866515788981, 10.38183248884438;
  -1.661709411918598, 0.9078906221138006, 8.968448230488511;
  -3.751947247457254, -2.630771162046606, 18.99020113079936;
  -5.040838322865453, -2.797921348561466, 25.18715173433849;
  -1.929566729984522, 0.4149797574609069, 10.44280482022348;
  -7.480368120815784, -0.4041475046185786, 38.35145597167034;
  -3.070684411096546, -3.101523721056745, 16.33791066069767;
  -1.645824679923551, 0.9276020386949572, 9.277518623870858;
  -7.563519444816254, -0.6970176734646524, 39.22096349253701;
  -1.790715184597099, 0.9606063414908568, 10.33879466656752;
  -6.006488317123517, -0.1379004775457317, 32.60374499062615;
  -5.854404578634913, -0.04160746628842113, 32.149699536257;
  -1.717708569095886, 0.5866993311861543, 10.17924994702131;
  -4.655365564481141, 0.1302197301304831, 26.00604894806746;
  -22.74194485772705, -7.909750104028193, 124.7151676494211;
  -23.99812306580425, -9.618739909218339, 135.7717800426448;
  -1.688848511456391, 0.6087184178009079, 10.54252486628918;
  -1.688629003445613, 0.9080625705783071, 10.63991113526812;
  -6.757488789768317, -0.1262897830238899, 39.59320552455748;
  -11.53076088862526, -4.269415608933645, 70.46159509599278;
  -1.56412996181948, 0.6024744351554201, 10.4550430553991;
  -6.856353079719443, 0.1154944887984806, 42.53482532889171;
  -13.78348004973886, -6.706034552286345, 84.7501778763623;
  -1.586421781609146, 0.4730813320985351, 10.72784895650284;
  -6.680751411402349, 0.2489059190771559, 42.4695909228855;
  -1.491567507632283, 0.5705246330895792, 10.33416189349554;
  -19.2508371115527, -8.663400646458239, 122.6209885119979;
  -13.51405808958964, -8.80804761456908, 86.57412946922757;
  -2.147767491202573, 0.05185790148151372, 14.88508977745998;
  -11.5775346115957, -8.135051168696792, 75.6843679403589;
  -11.32489397629226, -6.236817927932882, 76.24370984508468;
  -11.87242632492549, -9.670681287518823, 79.9595570165019;
  -1.434222673086388, 0.4986719989482806, 10.60274274700608;
  -11.90079621899868, -9.098043255656624, 81.90730437214327;
  -12.00006519156017, -8.057564793014064, 83.1010742119845;
  -7.784790170431963, -3.99797624151091, 54.32178280137039;
  -12.52604355192208, -10.79411722603257, 87.20559178869938;
  -6.797032564284502, -3.036338767196514, 48.09474918433622;
  -1.42462619320705, 0.4170663207922263, 10.90884496755332;
  -6.918692982544526, -2.676989485478238, 50.95506261607397;
  -6.158673974955827, -2.936537000460795, 48.12087553746417;
  -3.544482162796804, -1.098472074519886, 28.49459554909899;
  -1.317271663248502, 0.3532631440949449, 11.27597537538914;
  -1.26160713855518, 0.8415570566933269, 10.92923709132741;
  -6.665650667724688, -3.513089607708282, 53.25904381432856;
  -1.194773851317404, 0.4456156101085795, 10.4481552368317;
  -6.14980629150085, -5.457917934859222, 50.79434171614832;
  -8.403106895044781, -8.459333236562232, 69.2878956698726;
  -1.47227234119097, 0.2787066327371819, 13.1252248480433;
  -1.361311260622044, 0.3355296719007151, 12.49765452386937;
  -6.158209234198178, -1.671292615748454, 54.32925201074865;
  -1.326411520092025, 0.3247753136952367, 12.86612488936315;
  -5.506553781827527, -3.204372119876214, 50.29351289716755;
  -1.397658635086833, 0.4141276683345616, 13.6994586545359;
  -2.210449069944363, -0.06721949380493809, 21.27793694260379;
  -1.362136406614574, 0.5125642322667455, 13.52664443144893;
  -5.088111881048572, -4.464766272999317, 47.7761170305818;
  -1.373509619462564, 0.400900597270434, 13.92578725790831;
  -5.081401871445907, -1.319788662168302, 49.31253204892546;
  -5.150845091667831, -3.137618123818958, 50.12844918422751;
  -5.852908594416625, -6.896959157595791, 56.57967609558039;
  -1.234134819828565, 0.6944796222050169, 12.87319301442564;
  -5.06127986444377, -3.91057798757816, 49.48602731285086;
  -1.40259032947526, 0.2609813110653752, 14.50674653831046;
  -4.816910456489592, -5.139714463074586, 47.5976093170103;
  -4.8471761570737, -3.334447096340311, 49.05991469172512;
  -5.105894137743697, -3.986301216776842, 51.84484990705133;
  -1.339184411838611, 0.8413516310775149, 14.52792537445456;
  -1.276710113412776, 0.3091059264803601, 13.98787512478393;
  -5.000053672909686, -5.636513942723903, 52.31862147443942;
  -6.193881218750591, -8.296818777635169, 65.16660071418392;
  -3.967410082361058, -4.09887588217692, 46.86118236394007;
  -4.408764160928017, -3.548213770202343, 52.02270330572744;
  -5.062617451840342, -6.960901649529929, 60.76596406739782;
