m=[-5.963801821397397, 1.748720044402221, 8.452282756180066;
  -5.854768906346241, 1.762075885834377, 8.372202352480533;
  -5.929179476545095, 1.712053810503848, 8.501907904679253;
  -5.911472587828575, 1.036693074864604, 8.491252154022311;
  -5.922957879061742, 1.638318624659726, 8.513550661301771;
  -5.866688248545907, 1.705257644000294, 8.543646834557691;
  -6.002676535284767, -0.4682461630846057, 8.90078940350438;
  -6.009995576450259, -0.4234265695223782, 8.98649239342617;
  -5.941342413727036, -0.2494871021283769, 10.62328792923395;
  -6.12930264802301, -0.712427516073661, 11.1113767297054;
  -5.994638496841819, -2.146844076616681, 10.89241044429998;
  -5.864238288102508, -1.904484718140099, 10.81997819751301;
  -6.057723558732196, 1.171550337787253, 11.66406171656327;
  -6.324337985100851, 1.349651874986725, 12.41722213120429;
  -6.419510699362501, -0.7127625253423999, 12.84132848463408;
  -6.020111899772472, 1.452594201087978, 12.19691593482961;
  -6.267207920738152, -2.238038189119459, 13.10334489721277;
  -6.239262600235258, -2.129919326044299, 13.05891710580431;
  -6.394523780475166, -0.2923086152301931, 13.56329548153482;
  -5.63314316345506, 1.679684540005909, 12.85362308582056;
  -6.284594263354769, -0.2870404510542642, 15.7169612961464;
  -6.381361059331232, -0.9205769220260247, 16.1920119411403;
  -6.055573622928637, -1.92771580205474, 15.58310071481835;
  -6.047476278113775, -0.5150800823376787, 15.67961350369899;
  -6.678110883389981, -0.9034104533755328, 17.22476745903852;
  -6.684036637097083, -0.762798192151638, 17.51496947952436;
  -6.340251532570468, 1.104428993478055, 16.67897518204201;
  -6.705732207656564, -0.9731207186601816, 17.68889280609605;
  -6.930676432829857, -2.201472602239632, 18.47807977762477;
  -3.154449281292879, 1.839035352359245, 9.149406953987221;
  -6.583294126962532, -2.071917421973212, 18.09822919299138;
  -6.524385480897918, -0.3132907201937861, 18.22387201789368;
  -6.52681836899658, -3.809882730508476, 18.29649716620625;
  -6.558415472718039, 0.5541078512320447, 19.4606580476566;
  -4.657425917126897, 1.690650323746717, 14.2414875376858;
  -6.47677235719544, 0.514289709853675, 19.45979904458776;
  -6.458250092757075, 0.7798223419101179, 19.44146646919018;
  -6.475821751492579, 0.2079513111449191, 19.59411544699271;
  -6.700720323324102, -1.773911136830484, 20.32144090828924;
  -3.229748753138121, 1.840809874501644, 10.34387687528891;
  -3.29794395549835, 1.844246734012907, 10.87671376742085;
  -6.789510403804544, 1.373196362018296, 21.39246257620346;
  -4.242260352746307, 1.653847261604652, 13.79537869616349;
  -3.089995264365711, 1.754355360699375, 10.32857038597661;
  -3.153098397449777, 1.863563420017184, 10.6156898795284;
  -3.024272274289034, 1.85888940815891, 10.40634840485246;
  -6.361450946721109, 1.571895437977458, 20.88212440028212;
  -6.772308966458506, 1.670024103242272, 22.54653262119766;
  -6.642600455469822, 1.025089702902861, 22.50047415785252;
  -6.737310201234341, -2.066164440630268, 22.92570194739389;
  -3.20712430745232, 1.809274463706765, 11.46022150904126;
  -6.406440540344088, 1.630339760117617, 22.04939187610769;
  -3.0553931598759, 1.868951536787538, 11.22447172622219;
  -3.158245721773599, 1.850323372209885, 11.58976736718503;
  -6.163507967804418, 1.263435180083133, 21.79970424348897;
  -3.167545322257792, 1.838931027687935, 11.87580829844535;
  -6.468062587409897, 1.524929695790674, 23.37365986278889;
  -3.316065499742916, 1.785418791703175, 12.65552906284631;
  -3.288860997702574, 1.833643290685925, 12.56070612388587;
  -2.961203357992236, 1.794154883073188, 11.50863135742421;
  -3.204916104474774, 1.831758640228177, 12.63004754690835;
  -8.077431590297362, -6.53001809179645, 31.01242839682041;
  -3.232332004445603, 1.840056865778491, 13.26514136496765;
  -7.081220574108817, 1.333159047381835, 28.32898814314931;
  -7.081173629323453, 1.024379839255565, 28.40485355954093;
  -7.149396619768685, -2.202642699970805, 28.82347821957647;
  -3.224293635719961, 1.829953924828956, 13.52420625031576;
  -7.107795123905194, -5.625741718637281, 28.78527069417946;
  -7.302242908262855, -2.451506409018123, 29.69807284939927;
  -7.220975071231055, 1.166690758055952, 29.56994690853258;
  -5.468093700016666, 1.667242600036356, 22.77220237218769;
  -3.212789992918106, 1.797660955453861, 13.96961139118225;
  -6.410884901306812, 1.517818012556189, 27.08462418440204;
  -7.037380582554381, -5.718047884632889, 29.73265094542038;
  -3.271059212881945, 1.766851773044957, 14.34320448220563;
  -5.803725316369034, 1.037942640918564, 25.38625007504347;
  -3.210763804080812, 1.812259754523589, 14.63491844909714;
  -3.23713799979424, 1.737489924741363, 14.89933436460917;
  -4.805636736849676, 1.301490757179354, 21.72802412834909;
  -3.244043991670429, 1.830581359565108, 15.23941405592984;
  -7.768393511883613, 0.6720229499922606, 35.34980432542292;
  -7.237336821671418, 0.1091765080377282, 33.11193166329945;
  -7.371897247303625, -6.173645023794103, 33.66682492493137;
  -7.379195959050043, 0.3277553813107815, 33.78072796369297;
  -4.290838795850382, 1.107609627869471, 20.20632840437409;
  -3.28354696202471, 1.741049028372521, 15.6873019764618;
  -7.377057153342786, -2.982226869936355, 34.10510459039546;
  -4.100148851353088, 0.8820802256590569, 19.44313415573831;
  -3.389503345838098, 1.899964459340152, 16.25457975496441;
  -7.39236309980101, -5.955941148584421, 34.53193201755406;
  -5.881450801229366, 0.7960106898524343, 27.80856130325293;
  -3.222892755116685, 1.687883154666346, 15.78261607544948;
  -8.767504637036465, -3.345746326350678, 41.4786896350823;
  -4.540488242432498, 1.499911825239334, 21.9276973998655;
  -8.773973375142459, -3.870336314775255, 41.51010998689682;
  -9.22895055221384, -5.556162236103631, 43.70945669272145;
  -6.745796670411072, -5.978034379728362, 32.16877650862938;
  -7.127777033511501, -6.917571143344162, 34.07486375804945;
  -3.110867035931751, 1.794290714095962, 15.50985692610227;
  -4.313540048637364, 0.7051442253309262, 21.21581039131438;
  -4.394450274401613, 0.5167247387815527, 21.76613012888092;
  -3.960965660217236, 0.9099256441174434, 19.82999854926818;
  -3.282901256498664, 1.729685974360287, 16.59394980677051;
  -8.21079733882109, -5.83283273785338, 40.16985664653132;
  -11.21523346626388, -6.362055633600768, 54.56047742530132;
  -6.433191549459855, -6.548303872149062, 31.64532041606315;
  -3.267458395420436, 1.868806164381225, 16.80033791645199;
  -3.864834820926972, 0.7651602447158904, 19.75644103279999;
  -3.875019827905367, 1.769495488749914, 19.94154791819527;
  -4.669300284981876, 0.6489329250419136, 23.93935204551845;
  -6.485315163821373, -6.425498133987074, 33.06051510654419;
  -4.681181478121615, 0.4003431268025546, 24.2982494801053;
  -6.392363169289786, -6.534736885885648, 32.79806830459648;
  -3.309145113596959, 1.796266588231126, 17.48029513806455;
  -3.986991044387175, 2.048564980803656, 21.58812409272284;
  -3.204164679591711, 1.795473511167058, 17.75435276283245;
  -3.47739305699704, 1.116330769789231, 19.40238298979122;
  -3.058871540618521, 1.789001313995524, 17.56630446914902;
  5.830446004257925, -9.257299230932901, 43.29303228931016;
  6.210799265092634, -9.754196346439525, 44.46668261612645;
  6.731920754770954, -9.815357555662651, 45.61354813119204;
  6.978981522635803, -11.10529337466535, 46.86846916330291;
  2.140088037435442, 0.7480068436341937, 14.76950963519547;
  2.295010544374009, 0.7798848287216875, 15.25707585115473;
  7.120309764765168, -10.22958341445894, 45.20979235796444;
  2.347042746737032, 0.9010580161882345, 15.34179831214695;
  7.270713878257879, -9.037592617715802, 43.94259248958243;
  7.265764080139537, -9.560962553707691, 42.65944948764868;
  7.876168607936205, -9.273957835964007, 43.86523829295501;
  8.204692854619024, -10.30122267343395, 45.51463563525924;
  7.328007430742272, -6.936218754703424, 39.90648170992733;
  2.2443581922382, 1.377083588775158, 12.81774587622626;
