m=[-3.047680746690623, -0.1812944358873433, 4.895249754134543;
  -3.077953138646126, -0.3848495365357606, 5.333928734808263;
  -3.239878931629839, -0.3999354674945652, 5.971682485162866;
  -3.232160890737744, -0.434102791828507, 5.986274696204043;
  -3.130813565830423, -0.1843839010698087, 6.229699868067135;
  -3.043209170342073, -1.017765736647045, 7.32054510825957;
  -3.14932335405857, 0.4989594891742846, 7.77420339556598;
  -3.336784356286346, -1.116311804683922, 8.39976009760341;
  2.480490865676822, 0.7899353316177857, -4.65329776931391;
  -1.597128176563871, 0.912591084126238, 4.871040517485205;
  -3.21803610329847, 0.2119471209101664, 9.033593642349072;
  -3.202870578638236, 0.7230136579404209, 9.023224088129506;
  -3.200781293057713, -0.9522423854061191, 9.043849151506384;
  -3.200440253610248, 0.193952167172912, 9.096961824326769;
  -3.185714735731469, 0.3263198816130488, 9.07252476067243;
  -3.21442572549881, 0.7279903449293245, 9.168306566701107;
  -1.674507325502259, 0.8636377185429091, 5.879048742748669;
  -3.24905638467738, -1.061960269725497, 10.54163243637802;
  -3.17138179148914, 0.740423387739828, 10.38319346545971;
  -3.213917706039787, 0.587397355526929, 10.8048771453564;
  -3.216499943508604, 0.6879339605517847, 10.88443483136082;
  -3.142729593440283, 0.6612422807283078, 11.46397210484463;
  -2.756808545188699, 0.7521344834619093, 10.27878523637846;
  -1.631679984357452, 0.8722684647411417, 6.576906686773967;
  -1.641144127765455, 0.844256152470817, 6.681476597648437;
  -3.438633410046633, 0.5620138196037525, 13.20174824819391;
  -3.362898794613551, 0.4061938928860624, 12.95033520296149;
  -3.318769729678006, -1.099752409864037, 12.85829512661006;
  -3.393538063093429, -2.761924305426712, 13.21499329767752;
  -1.629262164410782, 0.8758016475126338, 6.903366210770969;
  -3.401406007289299, 0.466896904812441, 13.38846080110576;
  -3.333102201690849, -2.835466931581895, 13.14296312456083;
  -3.393457817128931, -2.841620236495586, 13.81084773426706;
  -2.245588178615467, 0.5452032690330786, 9.640052580834011;
  -3.382335117210485, -2.589865883431691, 14.03927753524397;
  -1.643142892505864, 0.873889910112891, 7.371877296548553;
  -2.090825024719098, 0.4836338076931848, 9.324192319672919;
  -1.69328585278812, 0.8403028783920271, 7.750218525163122;
  -2.098545641777, 0.3898729836019628, 9.399954685767336;
  -1.572978375759892, 0.8620837094401834, 7.318682747322741;
  -3.514140125727975, -2.970904921755992, 15.27563050783332;
  -1.970636144945158, 0.5932174171284357, 9.038512316815536;
  -3.338314942894954, -2.882348697398882, 14.73380896897343;
  -1.653691625375341, 0.8221309289369349, 7.830042414232351;
  -1.896737173344505, 0.2550696626903087, 8.849647581509332;
  -3.368559201056737, -2.799670267447692, 15.20755890761808;
  -1.942231667145854, 0.3893220425268621, 9.195267187729163;
  -1.904859116874871, 0.3211963761188192, 9.207641566385206;
  -3.263377133819005, -2.990204612361374, 15.04666953515642;
  -4.231421907598028, -2.65710314201292, 19.46392584130063;
  -3.104074665490428, -3.253391695525028, 14.75324447852991;
  -3.521240431495318, -2.589850095401088, 16.69305883488526;
  -1.842190688216984, 0.4803571857249606, 9.253333681486511;
  -4.184997112787074, -1.627119292378728, 19.83282869465545;
  -4.149635203376264, -0.1688001451853125, 19.8446207227253;
  -1.603599368128099, 0.846378506828241, 8.3526913668997;
  -2.049727509892708, 0.9891343091044104, 10.43311865925747;
  -3.069898952439628, -3.137956558834989, 15.14103667555121;
  -3.054289432998495, -3.215179018122533, 15.14905070066541;
  -4.486361177121522, -3.807679860145486, 21.85120358455756;
  -3.647654339844439, -3.070607769868087, 18.23498087587882;
  -1.548149217195036, 0.8553593491697548, 8.358072118288829;
  -1.699675322821981, 0.7983388253149609, 9.153727992048751;
  -1.645825583324258, 0.5025421390904552, 9.163434789701444;
  -1.657043875277523, 0.7938545468575164, 9.312534322383089;
  -1.62149084297772, 0.8208875976627998, 9.246754288261052;
  -1.547880761118349, 0.5048645136583656, 9.210358603305693;
  -1.534035093709698, 0.3672661425517476, 9.259227861780417;
  -1.483011498043711, 0.4726825606081532, 9.121057413764071;
  -1.423274623737276, 0.398845186415655, 9.35617799232694;
  -1.372818435591437, 0.3136157565575474, 9.385569658157952;
  -1.300596273649823, 0.2609144756875247, 9.966907837643738;
  -1.240572767874502, 0.3818619463606823, 9.662621460712986;
  -1.263148946545328, 0.2672362052131555, 10.08627659818515;
  -1.264482697761369, 0.2089275672185778, 11.06692109846548;
  -1.442053740753917, 0.3057597276121658, 12.7986894694702;
  -1.380404256076091, 0.4037964077077064, 12.41137944908876;
  -1.259054428304948, 0.2589432580160436, 11.56742321849831;
  -1.192512413995414, 0.5526169240965976, 11.15862825800531;
  -1.298339410229331, 0.1288238473308664, 12.19978244426161;
  -1.274544248341132, 0.674163712283658, 12.54364797795353;
  -1.33656825084529, 0.2057956030618476, 13.26984298901257;
  1.283116997197904, 0.7689862146177722, 13.25186475189644;
  1.464103398019786, 0.7371927756666697, 13.88846809114047;
  0.8235202371038976, 0.8182570992270137, 7.959405971838916;
  1.53378171934591, 0.7796224822446836, 13.79640733599362;
  1.464092506076281, 0.6571449314328297, 12.81880993515203;
  1.661510678163936, 0.3235748124860772, 13.4991748182342;
  1.739006186198715, 0.6964935284439635, 13.58963968458344;
  3.808921991519215, -5.128880213280465, 21.88052535603249;
  1.145873324241489, 0.7625170586419567, 7.249053380525226;
  4.973768094930866, -6.038531941469092, 24.78369486092924;
  5.255825861411574, -5.07384411389799, 23.70448826105606;
  5.737367071137705, -5.464636673591348, 24.63132241239206;
  5.493664452071777, -4.483211797694042, 23.46966586542752;
  5.876333659948019, -5.702605595225455, 24.68017095742325;
  5.849208357677025, -4.651082797876526, 23.50962345764403;
  6.403710321755821, -6.123142777659272, 25.37912988669941;
  1.253899052218609, 0.167150854218912, 5.776013215589681;
  6.079236151652624, -2.589956216722593, 23.89155467891618;
  6.072059752681317, -2.802043041449838, 23.82863630241961;
  5.982889461121345, -3.055104316813986, 23.47410551525144;
  6.059071696970442, -3.000224420673636, 23.76172955634285;
  6.033415618139293, -3.212692161796113, 23.64382605584117;
  5.995324636368501, -3.293335443440581, 23.49495332269316;
  1.17793672119442, 0.3577823018769931, 5.420570142451217;
  5.968651149861501, -5.526530046383493, 23.2247179927417;
  5.880803187209555, -3.678821468970281, 22.90832881458429;
  6.206055210573642, -3.310004523124186, 23.94063947280425;
  6.007274536395753, -4.973956297169695, 23.19977531363563;
  6.153717268021021, -2.674050462950719, 23.70078671021268;
  6.241860732428441, -2.75906083318362, 23.46266147545559;
  6.249716042417066, -5.512259559801861, 23.35804671521928;
  6.621134548609113, -4.951234048410219, 24.69412782199776;
  6.377462255512589, -2.456920872629301, 23.63021764709619;
  6.378952361231713, -4.116702606934928, 23.47401668157543;
  1.141994911141842, 0.4953733000998286, 5.029626194952986;
  6.128508540274499, -4.307826689321182, 22.33389022339689;
  6.465763643267403, -4.086094068169967, 23.34849908158885;
  1.143494877907822, 0.3880663618200892, 4.948755931711883;
  6.669231883520769, -5.313071523799826, 23.92934539119452;
  5.348303807800144, -1.165337476885348, 19.09522727639406;
  6.111025245106922, -3.035734801351594, 21.71536226054853;
  6.799957643686983, -4.878523888245492, 23.85795846206975;
  6.818763409090056, -5.044896618597097, 23.89417191675175;
  1.198315725091401, 0.4504634452887983, 5.001092265540554;
  6.845220356223724, -4.764930284299188, 23.58765954424284;
  6.929266650434974, -5.054530035359645, 23.85340338686781;
  1.225078582074433, 0.5787389695641966, 5.015797358171646;
  6.74690911125742, -5.115701436679939, 22.92187822180667;
  7.332150472458654, -4.894001005421925, 24.62114779394628;
  1.45259211720848, 0.3319416140462178, 5.539134357596857;
