m=[-6.090370173713185, -0.3622919579707926, 9.782482344265141;
  -6.154616562432775, -0.7821795044844659, 10.14969757182501;
  -6.414393316093103, -0.7671560954971433, 10.78594926057704;
  -6.12670904366021, 1.374133265748658, 10.62527525973749;
  -6.48125837814081, 1.33553754781521, 11.50645378964721;
  -6.384518806040238, 1.282562909344009, 11.51802970395978;
  -6.470847581866942, -0.7987710366196196, 11.92694171116891;
  -6.607887987611539, -2.234950402887469, 12.15095298409302;
  -6.487672831919579, -0.8713418001179447, 12.01579779715298;
  -6.306899130331928, -2.008490547147927, 11.83148063980215;
  -6.17749001622826, -2.293294209793787, 11.92383244410334;
  -6.228823370954032, -2.212522116635031, 12.03157759276749;
  -6.313157983204158, -0.3734139958600614, 12.3920826971377;
  -6.295872667591214, -0.3707846343068157, 12.52754158047648;
  -6.02317581407048, 1.533815648079644, 12.55603149529109;
  -5.699604440936016, 1.614393914374354, 11.98152095478436;
  -6.269789034576877, -0.3844836908455332, 14.66084915529496;
  -6.050307771248746, -2.023454715422716, 14.55422499048965;
  -6.266012127309293, -0.625864791217238, 15.18847545643398;
  -6.622119525550489, -0.9928378198239047, 16.05849523728604;
  -5.642614529403122, 1.384714968050313, 13.8472049388802;
  -6.438927112291918, 1.207594131506776, 15.7707427667583;
  -6.266871050520513, 0.9928846379204394, 15.46996758454313;
  -6.62502103985897, -0.8634288791059261, 16.33829759106836;
  -6.610492230280461, 1.179708465296771, 16.38319884272864;
  -6.593072430930906, -1.065347868221055, 16.37770146293545;
  -6.658075707167926, -1.586557277274628, 16.66933933209244;
  -6.597867951819509, -2.207298133152059, 16.60895701771683;
  -6.037984489826146, 1.270751523486365, 15.44752830601538;
  -3.221096927951261, 1.873022458139916, 8.89839653432551;
  -3.090979922360031, 1.876947365089628, 8.596914700055073;
  -3.446647776200635, 1.790863775804181, 9.829135659872279;
  -3.125272200684186, 1.885965272457573, 9.047451609471239;
  -4.83840836782465, 1.665049430244712, 13.73522409955364;
  -3.065820738987473, 1.881140987856984, 9.14467032687352;
  -6.416028938312827, 0.4225741469332391, 18.0109223034701;
  -6.377207780009584, 1.439586212200687, 17.9660630808426;
  -6.432815321837966, -1.688880832810236, 18.16104176691117;
  -6.344244476671554, -1.887432455059773, 17.92574523968281;
  -6.460901859903139, 0.3915417312371787, 18.36452891253326;
  -6.337445931801062, 0.6491587532929501, 18.04826856930935;
  -6.422050613097673, 1.454440463158334, 18.3172155264572;
  -6.233707209104183, 0.08973101208589539, 17.85303502080364;
  -3.110459446295036, 1.87721922535549, 9.431184730694415;
  -3.360793560329026, 1.843663863382591, 10.15039796719127;
  -3.223464947656003, 1.841871813665719, 9.831163582942271;
  -3.089264737630916, 1.838748717014178, 9.612785679952458;
  -4.51236840388279, 1.668603302705431, 13.58981741125915;
  -6.440190767312682, 1.459502085829251, 20.06111444019608;
  -3.228607411769704, 1.839901712595151, 10.61100979322629;
  -3.129014229721041, 1.849329340431741, 10.47148531781451;
  -3.225607574895967, 1.820249654595149, 10.80984055630532;
  -6.505680789014278, 0.8746810624300504, 20.98655259578918;
  -6.410717233504742, -2.095355142044601, 20.79970820077705;
  -3.209075142908391, 1.794045310492068, 11.01368244895967;
  -6.511658768291564, 1.520278781306961, 21.31935453299078;
  -6.428060899084723, -2.028625872830842, 21.44987534164334;
  -6.157571455627197, 1.125399440908629, 20.70115328926272;
  -3.280154654625, 1.75570430029557, 11.51960004314664;
  -3.399228503657292, 1.753173548419123, 11.93439392971762;
  -6.043694348032753, 1.292604589531368, 20.45148404388593;
  -3.272309436892416, 1.797755980997865, 11.86764417093078;
  -3.322067455181081, 1.777510527647835, 12.26529262295431;
  -3.264668096002848, 1.779344833342151, 12.3694970515424;
  -6.419368973525885, 1.35065969078305, 23.41641705249186;
  -5.634535049904484, 1.537258768551101, 21.00841416278001;
  -3.275047544599925, 1.776773453342645, 12.69894188000692;
  -5.887022656293206, 1.438810151136439, 22.30004593073116;
  -6.540420524124421, 0.7899966772896276, 25.18679369459696;
  -3.282528273465043, 1.75478398032337, 13.23107616581964;
  -6.475421109501578, -2.145783091359504, 25.08847629604311;
  -6.663322675378284, -5.423128460581394, 25.94807037912465;
  -3.285396839317726, 1.690111458204952, 13.37560895750085;
  -6.776644279706757, -2.44109975959479, 26.52015956877844;
  -6.605259617816516, 0.9066766109168095, 25.99932477473914;
  -5.474539557717183, 1.326054065232211, 21.81194744474738;
  -6.404543058477792, 1.347323159452928, 25.91851729673397;
  -6.596944430779911, -5.524162021086001, 26.84854209327005;
  -3.316129558617098, 1.782568695353285, 14.05081222994896;
  -3.353105120221127, 1.709186520422102, 14.36435398739602;
  -5.395125962185562, 0.8248240833603536, 22.55857133836965;
  -6.585831592331182, -5.042794390247198, 27.33623793060754;
  -3.255660555413762, 1.746780177089794, 14.25384596163686;
  -4.42032197113427, 1.073203899001211, 18.97593540602935;
  -3.363859906903284, 1.689028765941891, 15.0056887912195;
  -6.408343857721348, 0.2064805520901524, 27.77696902492999;
  -4.143093960693794, 0.7697142114246227, 18.55804072787301;
  -6.472465893511767, -5.588419294239539, 28.5665306193368;
  -3.468413866289721, 1.72122040144557, 15.87503099679818;
  -3.154557510462928, 1.728881135411991, 14.67738271742559;
  -6.434819143029523, -5.34809417198055, 29.05037000590382;
  -3.78099316283608, 0.5084608791519663, 17.64106143403886;
  -3.308328198084102, 1.644731637376348, 15.66455904698668;
  -4.043154935441018, 0.3579601402381152, 19.01912707074108;
  -6.278149162362428, -5.752614488788663, 28.94707901196131;
  -3.761118617705399, 0.7539195283447677, 17.80657333497516;
  -7.910753669557417, -4.967523657550638, 36.38831724545902;
  -3.830493966058035, 0.6458959456599351, 18.51570814303981;
  -6.837266893000445, -5.02876661211126, 32.41326479549749;
  -6.033649202085768, -6.323889185402579, 28.67711359062756;
  -3.275180864711563, 1.67484114727567, 16.24892588612899;
  -4.342242907244359, 0.4773084418004295, 21.22558948919446;
  -3.642635322167354, 0.949828952654302, 18.29697670907644;
  -7.923291637899035, -6.724683279968143, 38.59106563298095;
  -3.519028885878276, 1.547164367050767, 17.78342677673694;
  -5.775842447390667, -5.903889011129758, 28.48701005570553;
  -5.934600550372196, -6.24721513434399, 29.43518176583678;
  -3.230728925322936, 1.705176229255787, 16.82794477204009;
  -3.976286971588644, 0.5273823474840724, 20.59066791236483;
  -3.567690809845395, 1.029456827162944, 18.79675317129905;
  -3.109740694300458, 1.714492169366445, 16.76524963290795;
  -3.424083837220115, 1.608294850011515, 18.44065842871936;
  -3.267447917555912, 0.997693973463828, 18.19211356576078;
  -3.330600120563138, 1.595619819680646, 18.71786764347615;
  -3.16018772044202, 1.599860349031138, 18.02136563537083;
  -2.929653712991247, 0.9337730830668652, 18.01843057446925;
  2.251778811031467, 1.498437671403668, 14.24526119683248;
  2.265955420472696, 0.9308719210934479, 13.69975082597993;
  2.166776067761778, 1.281101576667216, 11.43550749163609;
  2.158096789046808, 1.132452068671234, 10.99567198606405;
  2.240689107137676, 1.217906567535146, 11.03692462994127;
  2.20971367696922, 1.24249463909359, 10.73661082317059;
  2.229823669010077, 1.508060569403436, 10.79666242263985;
  2.297891686777071, 0.6418248152313508, 11.11960117513056;
  10.68188106493128, -10.31202341854298, 48.17673396843775;
  2.426792318582902, 0.3235032424223455, 11.17887797971041;
  2.531339772629565, 0.3226427110775458, 11.2517527073807;
  2.219276178081861, 0.9626751865909136, 9.774237599671125;
  2.419856271249258, 0.7179526305012832, 10.5334154584496;
  2.262148175757066, 1.056631828584663, 9.823986819153635;
  2.178729279651162, 0.7447703085683647, 9.449467124498113;
  13.58821879793645, -12.99287438271027, 53.85271232993;
  13.11739951953978, -12.1457429417424, 51.04133195093936;
