m=[-3.2925686374057, -1.077738222572709, 5.654121543951888;
  -3.228185977890744, -1.228032459790165, 5.708636773622487;
  -3.422291128909974, -2.104050290614853, 8.541380911779502;
  -3.318197826138205, -2.051598272833577, 8.423904762446487;
  -3.360366210666382, 0.1785422129015458, 8.902581889374801;
  -3.346493680536726, 0.7110722538823103, 8.892121141637864;
  -3.343689065744798, 0.1112299568602667, 8.951765555277767;
  -3.384570750305015, 0.158807377626805, 9.065323441184995;
  -3.32284983730159, 0.295974635369927, 8.930523231691344;
  -3.344493246618195, 0.7077378680231921, 9.004917510267321;
  -1.813524658557238, 0.8920919180557624, 5.504786703983911;
  -3.386189502609889, -1.155247144171009, 10.46073305877233;
  -3.491928588646792, -1.151145598167385, 11.10989546401174;
  -3.428942312269255, 0.5763704864855719, 10.95991750506313;
  -3.414183327607382, 0.6767876957014649, 10.97424858261189;
  -1.710773861826478, 0.8866128700161413, 6.35506688782715;
  -1.726057893548342, 0.860296364403935, 6.483407833897889;
  -3.359119567320812, 0.6506720228547311, 11.71652328291481;
  -2.849232317203702, 0.7278106354380629, 10.10103405843104;
  -1.688291854491951, 0.8842731522145698, 6.484696211194227;
  -3.01293759026266, 0.6830607010477487, 10.88500232988493;
  -3.378275400175093, 0.6321926444721762, 12.39047990682392;
  -3.555481347929277, 0.3655807375118016, 13.13633754845806;
  -3.496853980172015, -1.217987154114463, 13.01261165834758;
  -1.644790345615927, 0.8912517523017104, 6.656308579986545;
  -3.515545157646624, -2.91554451937615, 13.16333751923522;
  -3.639998658666697, 0.4320899443317903, 13.76306631973369;
  -3.5692329788369, -3.056795556156859, 14.00329094224315;
  -2.396500020409779, 0.5338133313665147, 9.724883737259098;
  -3.478254841683133, -2.728701410885913, 13.92402477011222;
  -2.222848531265198, 0.3729426981702287, 9.405964923994659;
  -1.77075479992699, 0.8461585727348058, 7.82565069966848;
  -2.109702193359424, 0.2429403553449895, 9.269670109176822;
  -3.475722564103327, -3.075001290090341, 14.82907600072617;
  -2.078313790708229, 0.3763375275878403, 9.269501371967712;
  -3.447854045170073, -3.184206860442942, 14.94953606881013;
  -1.720641656574219, 0.844613353238542, 7.985949366777651;
  -3.497640600924563, -2.982148853096533, 15.2722134425268;
  -2.025708933018742, 0.3008755765024325, 9.246560648393505;
  -3.668852593455793, -3.738033470789514, 16.24187932456286;
  -3.446657733445309, -3.234051698839286, 15.36972877335837;
  -2.992169767874168, -2.524864189659863, 13.62778233413813;
  -1.945823278330691, 0.4683493992302059, 9.22128791238486;
  -4.508656208803575, -2.920155033212996, 20.18206852504225;
  -4.557441661409385, -2.263927105992039, 20.38510619392491;
  -3.226640374737686, -3.458778911985684, 14.83564531935879;
  -1.708120269609925, 0.8638662518975085, 8.33966012147094;
  -3.670551542239787, -2.769253707038673, 16.86871254801461;
  -4.097394994580219, -0.7361686581528792, 18.85557362139676;
  -4.322283220649602, -1.738459067506074, 19.90090539611807;
  -3.84114913918541, -0.2443113824332726, 17.93006778625198;
  -4.286571437267721, -3.542721196902743, 20.03021666153257;
  -3.278813756328492, -3.427336325681226, 15.63133978254443;
  -3.163128756393985, -3.40642583068531, 15.18883190580124;
  -4.125531928797576, -3.591344611047039, 19.59314020045424;
  -1.769903871256184, 0.8373307346082246, 8.992336003913998;
  -3.268137246432588, -3.633550191026263, 15.89592247982606;
  -1.821762217605175, 0.8141279745434684, 9.250638529110569;
  -4.195539341259467, -3.537083546985038, 20.34134954082589;
  -7.170822894535313, -0.9043311330000271, 34.66899588041867;
  -1.738284704986094, 0.4608052028387183, 9.24397237537687;
  -1.774580521761263, 0.8093248714737056, 9.413109089754331;
  -6.48346372374124, -0.6246523844099586, 31.7825096634078;
  -1.749709713153117, 0.8437631180690273, 9.391903539740337;
  -5.603957319945214, -0.2632809598090886, 28.16890238973673;
  -7.478460907485174, -1.079857559188475, 37.96118549126405;
  -5.825467561545543, -0.4849231939381568, 29.92076384550881;
  -6.090037390942361, -0.2898444507592771, 31.46372321707532;
  -1.541743860430568, 0.3368720447552632, 8.817509153787791;
  -27.6569965569105, -11.19711303587902, 140.6297842641958;
  -4.779148427724586, -0.340726199187403, 26.07107409977178;
  -19.39781714317393, -9.23792295553609, 106.6335536459248;
  -1.544961230471539, 0.3913295159715837, 9.580716488002969;
  -13.59009093532923, -7.692345731248596, 80.79475862600475;
  -11.61722540289648, -6.200707729874329, 71.52220551146355;
  -12.21198886627984, -8.973122478804848, 75.58555221094649;
  -12.80797651484524, -8.863406186686586, 80.10438805835088;
  -11.75132548889593, -9.20884244335628, 74.10698510841583;
  -12.6707343773481, -10.30711835776129, 80.03656480675801;
  -11.1008923628308, -9.487831123262843, 71.95583406378644;
  -12.63176375592466, -11.33913793629712, 82.14470600635893;
  -11.42492610739904, -9.70692609130567, 75.90156523965332;
  -8.812637554409429, -5.332128717385339, 59.00283943065623;
  -11.05107363054134, -8.362450824564942, 73.8515932679328;
  -7.106740888214799, -3.807665711075048, 47.80572626345638;
  -10.93060633339186, -10.33911455664973, 73.4465687049893;
  -1.390226342487302, 0.3899857852893469, 10.23609898333518;
  -2.058667143405822, -0.1826356752591397, 14.9310807505648;
  -7.133635632742181, -3.413450450335148, 49.78078024428567;
  -1.42306639586923, 0.2589506491415464, 10.76612686311412;
  -1.478575469436867, 0.2109810221585816, 11.64693305605071;
  -5.923123694812944, -4.748968149071003, 44.25345596490165;
  -6.176677018286295, -5.089854983114298, 46.76916029359927;
  -6.395697399673224, -3.991610197241633, 48.56058653238835;
  -6.621446337571838, -6.066668542680179, 51.01629650600619;
  -5.865377347318852, -5.796838761356878, 46.26221788136653;
  -6.239567545285794, -5.134934429746434, 49.52260860507494;
  -6.521768516068899, -4.442017897433163, 52.48172427993084;
  -1.531733913968929, 0.3928680919004038, 13.16019164527327;
  -1.266742666904586, 0.5363128439953587, 11.24573893203183;
  -6.15398989006833, -2.334413729976692, 51.16192395310422;
  -6.287245954828855, -7.0667004274807, 52.95792397202554;
  -1.467363324269498, 0.09350559563507108, 13.17534553524589;
  -5.003733125782147, -3.231886822110758, 42.92441969324955;
  -5.474895622633897, -3.7776597345115, 47.38391591204635;
  -5.677709996747868, -6.887084289939318, 49.35662389717437;
  -1.411291554624265, 0.6842695494389778, 13.26118461638584;
  -1.605358007821, 0.2036040654589663, 15.13365120653872;
  -5.146792625998901, -4.551681624565328, 47.6254066373044;
  -4.91071384623137, -3.935448961045206, 46.90081177442325;
  -5.070797335798495, -4.521698977507472, 48.63381340886132;
  -4.622770670773712, -5.73187486000003, 45.91112802709039;
  -1.450134711339809, 0.03533034127069192, 15.06640359202892;
  -4.687565854392125, -5.435745188259975, 47.20175388023013;
  -4.86231407530841, -5.409656124602866, 49.09659708918654;
  -6.156504797579087, -8.179721149485244, 63.61420235834542;
  -5.569105787637436, -7.408303711691493, 62.84470957076224;
  -5.251764917695317, -7.755462202292462, 59.49991100726174;
  -5.388503750625434, -9.059353035258379, 65.07732140951474;
  -5.396488105276725, -6.692195448284592, 70.14596554371926;
  -4.263341815949913, -8.44091237237066, 62.75113711124359;
  -3.535444066603659, -6.978653677446414, 53.83484564929427;
  -2.996490677138895, -6.525766985812096, 53.23765313992475;
  -2.581723487886371, -4.891952485223297, 47.27148112450949;
  -1.354276903392843, 0.3822675669935609, 26.37021926250046;
  -1.463062838439813, 0.01414661325045405, 28.75896958739326;
  -2.405808388482623, -4.268369535637943, 49.35315439256844;
  -2.057369174600717, -4.096166293231335, 42.72411558475173;
  -2.195162016115321, -3.298888859431333, 48.42551016438873;
  -1.787051657901496, -4.554858554982645, 42.7986295283192;
  -1.015122388705733, 0.1574768344915065, 25.8972296296836;
