m=[-6.18875704558794, -0.4190335936029581, 8.919034482571368;
  -6.606598111428457, -0.8332772522702289, 9.934285442028184;
  -6.219177991639565, 1.343392258811479, 9.760104911455285;
  -6.583982457771406, 1.299247951124059, 10.66204246723758;
  -6.564663809645846, 1.262384374663145, 10.8040264008432;
  -6.597029910725973, -0.8728237582922688, 11.13546545776727;
  -6.545899556853284, -0.9388644394173866, 11.11071600520827;
  -6.472414860451039, -2.118579642716854, 11.11467195797181;
  -6.378579954317587, -2.426472106909689, 11.27970827582258;
  -6.3782455650963, -2.325831711511186, 11.2971642776398;
  -6.470774400430448, -0.4440270320047603, 11.67022846428147;
  -6.342764404904983, -0.4356878932778283, 11.60732262974687;
  -6.374818953609991, -0.4603960373991038, 13.88277230351999;
  -6.441629413557073, -2.206431611795145, 14.06045745974681;
  -6.588409514317809, -1.075942967987789, 14.62205758217177;
  -6.227135593540361, -2.15869357959649, 13.95702801651957;
  -6.451093305433817, -1.257292005718668, 14.49184788906062;
  -6.698456479974259, -0.7458473792434667, 15.16214651918667;
  -6.787131270474789, -1.086629358059621, 15.4282971846328;
  -6.505461746544427, 0.9613134348380389, 15.0073406503842;
  -6.839330248575085, -0.9758528214007515, 15.83210156761991;
  -6.788767620762054, -1.175403727797342, 15.83119000677474;
  -6.748318143902301, -1.69355595899742, 15.88537659229122;
  -6.873094650509866, -2.38551486908375, 16.26713823300656;
  -6.552418421873219, -2.418079790032195, 15.77085995977166;
  -6.73438447387606, -0.522754196878394, 16.70501086034627;
  -3.248129593483358, 1.819351617236687, 8.87533655357449;
  -6.643946865453053, 0.3530046731195529, 17.60173663531194;
  -6.629690069735058, 1.408694923837895, 17.61605216064317;
  -6.591745771624776, -2.053704536501405, 17.59460821722994;
  -6.651970826364227, 0.2212820670535152, 17.80873823711714;
  -6.656100907759203, 0.3123107798190881, 17.82787598119037;
  -6.524449115301665, 0.3104884309551312, 17.5221513369495;
  -6.599137203839515, 0.5878018337562464, 17.73590471842272;
  -6.618569939418842, 1.400574685873009, 17.82024119817441;
  -3.553854234527099, 1.782699371033247, 10.23047843147617;
  -6.634022353605867, 1.464489449252123, 18.50213151008419;
  -3.336334272331396, 1.770516146851739, 9.850898965586579;
  -3.224639038957319, 1.795455208922721, 9.570102184899096;
  -3.126138335145839, 1.808664317328153, 9.436388639009179;
  -3.263288550581198, 1.801431300538153, 9.899036951729199;
  -3.570947691454007, 1.756586854396752, 10.83928210172591;
  -3.348344455837885, 1.827279204517298, 10.41780138041344;
  -3.371356993930037, 1.758689395055997, 10.78194392568837;
  -3.404385378672539, 1.707483305086607, 10.91938681775899;
  -6.781891347616109, 0.8120592995441017, 20.81593775045426;
  -6.759781525215686, -2.306196477251628, 20.88254954910262;
  -6.386037772744329, 1.395065669344486, 19.9040414481083;
  -3.111811166017118, 1.780943427196922, 10.22462124556854;
  -6.930342319360823, 0.9704424201702728, 21.83714368656812;
  -3.327228442614002, 1.781337283268076, 11.01936230965431;
  -6.994911914417712, 1.175773873071819, 22.35781490487244;
  -3.197041677296853, 1.823196379752305, 10.80251035512785;
  -7.16859249973287, 1.421017776077352, 23.04208899486561;
  -6.881132809806958, -4.229128078641248, 22.29854784771277;
  -3.416148604404966, 1.680754297737771, 11.77052237095488;
  -3.344625505504553, 1.774380303470195, 11.61627528864763;
  -3.329878539392363, 1.707018201546994, 11.58662222850411;
  -3.145989361649827, 1.780320533050283, 11.23798797797012;
  -3.31064168358653, 1.747270773467782, 11.79482079719048;
  -6.377350072618587, 1.235312762478752, 22.24403422136298;
  -5.592186430580037, 1.428473464572734, 19.82529302904381;
  -3.364489806237079, 1.743655330379644, 12.49817888801597;
  -6.144991110192959, 1.39312608041598, 22.20034121109736;
  -7.07772790959099, -6.064691639167356, 25.44923878667464;
  -3.404838577397061, 1.69702897015541, 12.78923330924508;
  -6.247202960675246, 1.169068620059512, 22.9128278748635;
  -3.317097538097229, 1.737389355052658, 12.74090719577263;
  -7.226227176806359, 0.7430131681785553, 26.69853955264164;
  -7.028390051884062, -2.448054407144437, 26.15428349228978;
  -7.05267588563999, -5.848990584174115, 26.40749839168533;
  -3.324767859366911, 1.730172870958463, 13.04565031078975;
  -7.322622801364963, 0.8692397924573537, 27.68730230425296;
  -6.555468810085054, 1.254413672228018, 25.47358022258684;
  -7.072845257894974, -6.057391625010656, 27.749130001607;
  -4.768937680078988, 1.062266842646205, 19.35212355269339;
  -7.03104566875355, -5.515876527048013, 28.14642931802562;
  -7.844190355005668, -3.403883625478714, 31.39642661029684;
  -3.336275167979514, 1.68935200120712, 14.25640914038495;
  -3.446144490151969, 1.641446605481698, 14.7305203612782;
  -4.469120162926221, 0.7498152521710564, 18.91104450093823;
  -3.27289262996423, 1.733211368244493, 14.14715204621841;
  -7.144335815787708, -0.04227974165910004, 30.3902644221303;
  -3.523811232470611, 1.606519883124521, 15.49084497562009;
  -6.921639710110457, -6.123633473496493, 29.53098799396029;
  -3.458202601444521, 1.652508736718793, 15.28313553559505;
  -3.992094379193346, 0.4597050854403399, 17.54057897664462;
  -7.019404470361316, -3.041829199472644, 30.53486334406588;
  -3.211829166761699, 1.673040418576648, 14.49109065457179;
  -4.239942593346288, 0.7677615958803638, 18.91059659123694;
  -4.216161079212824, 0.3855776126603832, 18.97199555073576;
  -3.985165694829282, 0.5919108151942892, 18.19070632039083;
  -8.191349308642273, -3.41990779189145, 36.42235715083885;
  -3.248997847635934, 1.669360054759909, 15.09478049757917;
  -3.318777561936754, 1.629092167175092, 15.40331740078471;
  -3.48565846797531, 1.624633079915322, 16.2373309975146;
  -4.458932973292096, 0.4034079137900452, 20.74615395040915;
  -3.483902516514981, 1.695569528129254, 16.59681806680495;
  -3.933317611321441, 0.9467288015098514, 18.64005562517728;
  -3.845378374605378, 1.604775340046199, 18.27997559766392;
  -9.688962228412857, -3.896983002001591, 44.61047803924947;
  -7.927965467505443, -0.504248112495902, 37.00688338010819;
  -3.339868842057877, 1.689108214304307, 16.30644603228914;
  -3.54758283830775, 1.629451843626928, 17.31850957613314;
  -3.291253032288647, 1.748431798985471, 16.64565934401956;
  -3.436842473666842, 1.625949228059326, 17.46153721546487;
  -3.553396272326168, 1.587978541865988, 18.04361960541131;
  -3.5186520940997, 0.9970185863421044, 18.47026396283351;
  -3.483395530228538, 1.588656364263624, 18.47737069505325;
  -3.361381637450385, 0.8910750596957355, 17.87539113159199;
  -3.528213532872011, 1.701411628072109, 18.93836498662714;
  -3.094525101261262, 0.6761557643675249, 17.6981430620888;
  -3.191149687839991, 0.93148736211853, 18.47267891215572;
  -3.069387893309939, 0.7774577477594149, 19.03409264744844;
  -3.535314487954135, -0.3724526858629911, 22.35591542112019;
  -3.075046533659121, 0.6290012333593449, 19.82606150689562;
  -4.193132605333786, -0.1895698204499174, 27.96577386921291;
  -2.78969203397793, 0.6294915853748507, 19.42975461505493;
  -2.818620090813017, 0.4799760705717901, 20.46377881103321;
  -2.763963250723338, 0.7753459605115218, 20.35078789406796;
  -2.814317287577551, 0.5121119370283068, 21.29155536176362;
  -2.821620426738245, 1.376241670606506, 22.02568090622523;
  -2.929302575819262, 0.3819675426011521, 24.36557329252824;
  -3.184679719444886, 0.8168253201695479, 27.36179897467488;
  -2.723423857837968, 1.153041760384557, 24.17769173383315;
  -2.795189962292265, 1.355257437647814, 26.26496984720848;
  -2.860275202499316, 0.3627624845817342, 26.96370968871329;
  2.43982494110261, 1.396298146836436, 24.39393512154435;
  1.630502067958299, 1.589794222131658, 14.83733739714837;
  2.686677654999482, 1.31842248646189, 23.56194317398055;
  2.684542906760581, 1.434817677566798, 23.25437948491317;
  2.798216511024256, 1.203593668558175, 23.70595459295592;
