m=[-15.58988476715738, -0.8379384477520175, 19.90194977799457;
  -14.61756533204041, -4.276995034807586, 19.17609821820905;
  -11.92235429064288, -1.596388039349485, 15.60988929054916;
  -15.40549455812889, 3.37569899523797, 21.61791118727607;
  -15.54383919279535, 3.291556417913712, 22.73567356393652;
  -11.3957154558363, -1.328238293627931, 17.46281230470934;
  -14.12066148793226, -4.409458578283871, 22.02658254626087;
  -14.00543798310313, -5.098813224758311, 22.52620265559557;
  -14.03576916891778, -0.7278580444726479, 23.406151717459;
  -1.369060603656197, -0.4344959637334346, 4.869728535047998;
  -0.8118257058260658, 0.3664814654527019, 3.624152649293283;
  -0.6930058600882779, 0.3430114708248674, 3.454208482396102;
  -0.6200413814344475, 0.2085585564816365, 3.372037164499592;
  -4.893105580480133, -2.550670785505309, 28.66357613113755;
  -4.273215087242509, -2.917832071211832, 26.01645358409299;
  -4.601930995480256, -2.957236268168072, 28.36222894191463;
  -4.480872963380891, -3.283629870762239, 27.81177695637229;
  -4.751950773116694, -3.626346784333694, 29.5243331665718;
  -4.422637162620064, -3.048202602980168, 27.64525135736181;
  -4.276588357267068, -2.511147313359791, 26.8364526734156;
  -4.486174211175218, -3.595972504307813, 28.5907045113311;
  -2.689298448357629, -1.302715320228401, 17.73507943519166;
  -3.148680173660771, -1.744480787408829, 20.7242567521261;
  -4.399899819890937, -3.503768819887522, 28.76517357346254;
  -0.6208326786733817, -0.04092009573918227, 4.897590061769476;
  -4.096991260338998, -3.6532380900555, 27.1292086375606;
  -0.4872252015019572, 0.2338454341792934, 4.089374218732423;
  -2.415179181603923, -1.791608872382913, 17.66399399438089;
  -2.382321292843823, -1.346386885730214, 17.70405651535489;
  -2.883245056702991, -2.201866530863764, 21.28489473661316;
  -2.454671474177703, -2.095846165276234, 18.52851350650506;
  -0.5485527510153637, 0.3015492977138625, 4.900354009456367;
  -2.305211764736977, -2.124645012665101, 17.7797744729808;
  -2.372979419051916, -1.801085294445624, 18.43183966308026;
  -2.975115636784955, -3.108993361286668, 23.08207049796926;
  -2.267553140907701, -1.295268019286386, 17.78080492195026;
  -2.247733888535263, -1.403194381131143, 18.41634422978718;
  -2.382891647220952, -2.508868166039829, 19.64207706510049;
  -2.036938947481541, -1.166537187701335, 17.32137052291071;
  -0.5561611915460112, 0.05381160280931861, 5.504563306640059;
  -2.01009612033757, -1.62808656802922, 18.15880872815708;
  -1.90894146523286, -1.554780248509185, 17.86871789716791;
  -2.058207811255026, -2.380371826749496, 19.91697528913496;
  -2.10709781788101, -2.615884096443772, 21.27268669308783;
  -1.877504589432376, -2.579892138302169, 20.75124531431028;
  -2.114613891167616, -3.324381919183027, 24.84558778251404;
  -1.474616078521293, -2.670576655957867, 21.56675158208103;
  -1.14833785049859, -2.316525419203273, 19.80303761428841;
  -1.003796121916257, -1.918136641764223, 17.71787460311573;
  -0.502410299571457, 0.2042200450774832, 9.406834522626342;
  -0.53001802525007, 0.07470073436050047, 10.03608201752528;
  -0.8310590676594479, -1.483572392202604, 16.4730312552836;
  -0.701640612792055, -0.9334706279337059, 15.10892999280302;
  -0.7483112621972099, -1.639020604258637, 16.6706638829245;
  -0.7002254309377461, -1.467895788877862, 16.03194107150148;
  -0.7239807213769, -1.704560992106537, 16.68471001226356;
  -0.373617240893972, 0.1170493104526342, 9.035546999246089;
  -0.6587938799670791, -1.892085617018432, 16.86247893132917;
  -0.5039179447858097, -0.6939868303767693, 14.03952590569003;
  -0.5121147932139996, -1.964944126247932, 16.85681364822172;
  -0.2658227500697812, 0.2050312866204446, 8.72105907356878;
  -0.3188622627970673, -0.7135200994046065, 12.08523879545464;
  -0.1693624979390654, 0.01290323459921853, 8.170039436529962;
  -0.289151510473334, -1.61157301701647, 14.90563671799706;
  -0.2488310602363973, -0.8256403071242943, 13.18926010636962;
  -0.1495102379269633, 0.0611487411604721, 8.27899358285231;
  -0.1407739023815016, -0.01534106407139309, 8.72864820932455;
  -0.1579059332633287, -0.5233193278270646, 10.50245399093649;
  -0.2114524766530392, -0.9328597887482709, 14.86602989415383;
  -0.24426059081091, -2.61738833664952, 18.18722458755902;
  -0.2005918257991202, -1.079921426845724, 15.16651110990319;
  -0.2178900429722038, -2.361483992708827, 17.19293337249468;
  -0.1553898748845987, -2.126939094481051, 16.3897144903792;
  -0.08334226179377062, 0.04663092020024748, 8.002341722719089;
  -0.1420235808309149, -2.794671123229944, 18.55810662818413;
  -0.09566935036634747, -0.6522151071979409, 13.09662866944483;
  -0.1020573475682574, -3.061161255994804, 18.91103976615379;
  -0.09213179727253151, -1.797145067354411, 15.44456257811468;
  -0.08853911350783468, -2.437224791909009, 17.25474299840176;
  -0.001675673073478967, -2.303122340834545, 15.90301108573361;
  0.0004523455557228966, 0.02638789093657283, 8.37674054783872;
  0.01332419290870239, 0.1034537706488149, 8.614890196309014;
  0.05419737873461829, -1.338735753587424, 14.10969214911023;
  0.1506500437161489, -2.019095804480362, 15.97677382516319;
  0.1603050450884566, -2.060955369472113, 14.41773062515276;
  0.07747835799024795, 0.02475117595044828, 8.023914914055766;
  0.08862919622184957, 0.23020842257706, 8.055589659150257;
  0.2291556460678668, -2.172925015186144, 12.42586396805034;
  0.257855753397288, -1.418195146939567, 14.44326881622564;
  0.1178458383930134, 0.2830593053136403, 7.261507547582764;
  0.4519771703578397, -2.128398827804736, 13.08005445647615;
  0.4774724589156056, -2.305507852919982, 12.68936310186004;
  0.5256599731449406, -2.158866398881113, 13.56325836903166;
  0.5212563776859028, -2.025132961578004, 13.31305153923455;
  0.7350031198364764, -2.597952285477347, 14.82911433017825;
  0.2477554240110718, 0.1113414266521599, 5.016233532331166;
  0.2355418214586323, 0.0341712113059254, 4.752893087330529;
  0.7787947567962761, -1.835388369917437, 13.04873668981078;
  0.6949856285960345, -1.238604970098419, 11.0819008756604;
  0.5904009793876075, -0.8912301760952679, 9.336281082194311;
  0.8631796718125157, -1.677397164255269, 12.12949895227702;
  1.003347271278101, -1.98956716744716, 13.11829874145205;
  0.9443303488356781, -1.217434930862382, 11.94871015569627;
  0.7637590979866513, -0.6000105940633889, 9.615505836360052;
  0.7764677586195177, -0.1708985665350591, 9.615833893247466;
  1.074266777593234, -1.901042558786448, 12.37030209446222;
  1.139433555331444, -1.654193669987907, 12.78835735082611;
  1.08371436446398, -1.164885456363768, 11.83116995215041;
  1.178028587830189, -1.96277248201291, 12.67979522066398;
  1.121647444127224, -1.610924783111615, 12.01108927318908;
  0.4414822442283214, 0.1434224023375872, 4.769544261214605;
  0.9953259966220213, -0.2503244028416565, 9.051751341990544;
  0.4763588613779951, 0.143494501858115, 4.757330593000806;
  1.014191484911496, -0.2631568362509801, 8.942150986436598;
  0.5000251044768282, 0.323456620628266, 4.849830869169893;
  1.060937672829592, -0.4268736057165284, 9.06341837482192;
  1.093988604307967, -0.6106378459164248, 9.257121758882873;
  0.4944050197021612, 0.1426144990426059, 4.732361684455605;
  1.284185849241768, -1.080998751668283, 9.968136604127157;
  0.5778969857402021, 0.05981725775452719, 5.070291473087487;
  1.152809604588747, -0.3883513876859244, 9.103793278790043;
  0.5630699809848822, 0.1238494983567094, 4.917192849150314;
  0.6364104096731579, 0.1462424686216777, 4.845584286944328;
  0.6654730321764415, 0.2791038186662546, 5.034966600799444;
  1.546785161916743, -1.728174659311111, 9.392186061954135;
  1.539818457180929, -1.296648830776666, 9.170446976894217;
  1.607348930596648, -1.034146263044874, 8.339867877891749;
  1.669637398915919, -1.594219871197074, 8.549614843234256;
  1.627519033591361, -1.569421600240525, 8.344913290149929;
  1.698251205352778, -1.061493611202296, 8.562808475398406;
