m=[4.006993031603243, 0.2153712853688393, -5.115302342948803;
  3.962513757483101, 0.5305755401991756, -5.188102916479748;
  -2.217391118392894, 0.5179386405139725, 5.533813257849483;
  -2.209399075247221, 0.3816261731873698, 5.532103099995499;
  -2.253182709819091, 0.4324666194854553, 6.843791458732532;
  -2.203645471106386, 0.4913639211347555, 6.741539631594562;
  -2.255808802606062, -1.322927417622054, 6.948819848614735;
  -2.34063541697785, 0.5009129424008798, 8.162263631761009;
  -2.32680010978222, -0.7384517919915027, 8.276393944650197;
  -1.545012532427777, 0.3895262207886576, 5.909224686146556;
  -1.454616120833386, 0.29057050461478, 5.794724671506799;
  -1.396944423356455, 0.4356154657694003, 5.663435631691439;
  -1.352438970105032, 0.29073357490906, 5.67786882794726;
  -1.335849648492977, 0.2450529398025305, 5.726579915328642;
  -1.412420492665752, 0.1245249827967631, 6.011875166387964;
  -2.396933273550343, -1.986524002733344, 9.690008655797868;
  -2.326955320877283, -1.971314197281691, 9.530373999033008;
  -1.284945977742036, 0.3532710737250817, 5.723493681251606;
  -2.30054922198303, -2.034220740301971, 9.573004246624171;
  -2.314631356015371, -1.884627755577398, 9.714565071230354;
  -2.295543099417741, -2.24970963409336, 9.799191636314374;
  -3.138536526637771, -0.2838350126843333, 13.20979761419851;
  -1.203600677362286, 0.5819662538880215, 5.734395461814675;
  -3.062822447655043, -1.409093660508522, 13.26643828427861;
  -1.157489695491435, 0.3724867845869343, 5.706306695551965;
  -2.135773772710482, -2.141245656195062, 9.786617375408449;
  -2.110971787675859, -2.179170788368164, 9.725723715837624;
  -1.152432711247055, 0.3510394523502367, 5.745348353923158;
  -1.180014146424988, 0.5840619989964095, 5.881645608897695;
  -1.14839682260281, 0.5977783907722505, 5.797675380816258;
  -2.749318856784683, -2.20522864439136, 12.91378253918239;
  -2.830824243884684, -2.325277946517474, 13.2854327099251;
  -1.085885831886646, 0.3740334686684561, 5.724236344189317;
  -3.966049277714546, -0.02557202961270072, 18.62790588558435;
  -2.682496691947437, -2.217045679772741, 13.10109415441783;
  -1.054895329621355, 0.3548270386019546, 5.736949762789869;
  -4.337366678101627, -0.2665664201938873, 20.77802501050693;
  -5.494293631077948, -0.706076871643824, 26.43602723399215;
  -4.004680645011971, -0.1861042735036156, 20.08473397263546;
  -4.951893240275894, -0.5300167060034464, 24.63390327572139;
  -0.9593861040152684, 0.3948560299587624, 5.842445258174349;
  -3.66969497693687, -0.2187305832924822, 19.75250463976761;
  -2.544519006078261, -0.1421652441941919, 15.22960683319243;
  -9.484342662653019, -4.943984010043968, 55.55882118081641;
  -0.9534347237175914, 0.2144109411536872, 6.522748799120247;
  -6.807931372091456, -3.311479508096519, 41.27537864083595;
  -8.376196407574646, -5.382608263815098, 51.62345989268414;
  -8.005785760527845, -5.866722283141334, 49.69012282916961;
  -8.841851771076721, -6.747464834651361, 54.93528657231765;
  -7.913598419539475, -5.454268666952872, 49.46673430469343;
  -7.613526742401541, -4.470546526154847, 47.77641265216667;
  -7.800153762273391, -6.252351589164072, 49.71092981734317;
  -8.328968120714466, -7.022035933121646, 53.27135093841079;
  -7.901511558166632, -6.292204586642467, 51.65761966576266;
  -4.875938342478609, -2.361939257100729, 32.15528342633961;
  -5.544883223324018, -3.072062489048602, 36.49579418767096;
  -7.031990079835954, -6.270341422799005, 46.5640060939112;
  -4.413361386717938, -1.876765127834676, 30.20556327868269;
  -4.170578845580065, -3.093785388524067, 30.50253175521932;
  -0.7976787301723839, 0.3828486876658395, 6.695070008576024;
  -5.295211888845491, -4.043828950569092, 39.09068616977746;
  -0.9958597349116903, 0.3134628381659554, 8.136995171959944;
  -4.199705609040248, -2.373495368959914, 31.20982282013954;
  -4.306365923167389, -3.676858838867671, 32.50559596700792;
  -3.881404707034514, -3.577375093726652, 29.936729191261;
  -4.089079561618546, -3.103600902359194, 31.76144649389503;
  -0.9760432744723376, 0.1229752577143856, 8.327041697105136;
  -5.363972149247124, -5.605346426183734, 41.61572134112483;
  -0.9457716219311885, 0.249336196385172, 8.185084991923677;
  -0.9404457165157059, 0.5169798981563736, 8.401228376074137;
  -3.969182871024489, -2.477844521858826, 32.5206815791687;
  -0.8966319509573486, 0.1585417204302489, 8.120386987268837;
  -4.31323101049546, -4.541258931193214, 35.55378441421738;
  -0.9594869716024035, 0.3321415436674197, 8.734643827755226;
  -3.648769213718307, -2.089618337557334, 31.027775074725;
  -3.521959680066293, -2.852627389427257, 31.81668355633897;
  -0.9611038101524069, 0.09299199094902221, 9.512452230855114;
  -3.363635437158511, -2.446112448400145, 31.37159084124468;
  -3.336217319148182, -2.717257122346135, 31.22878684613449;
  -3.15167506185682, -3.240131028502203, 31.05920388847378;
  -4.450866904770466, -6.023661798155334, 43.68220828376531;
  -3.013700124912057, -4.141146340319463, 33.30912262362283;
  -3.138610328476438, -3.505004199038712, 35.41521353069187;
  -3.743388647174544, -5.884976726541163, 43.98282429994185;
  -2.981778863982925, -3.382243789514246, 37.89277521868476;
  -2.578782888023941, -4.724797423482507, 36.76490901472719;
  -1.726575859799519, -1.045161156319075, 24.71635227522097;
  -1.928232924550687, -3.889796528022584, 33.25229514764084;
  -1.720836373411447, -2.962699932051847, 30.32826139328357;
  -0.9326515174849447, 0.1314478941082982, 17.66009206730669;
  -1.179388320859172, -1.901350850866235, 23.63801588392612;
  -1.445633511528413, -2.580685357283552, 28.6549620187183;
  -1.106331982865762, -1.471876615920627, 23.8234391983118;
  -1.227441502990486, -2.573108792865071, 28.10276373182479;
  -1.45451074826079, -3.424541857095009, 33.52035396508568;
  -1.075940607831273, -2.533225451700686, 24.79590478313;
  -0.6706198889423077, 0.2100962883530189, 16.21824921855521;
  -1.146242540932621, -3.292060068046855, 29.33920803519822;
  -0.8514726625701162, -1.172633005757852, 23.72265688855589;
  -0.547768670854383, -0.01561845656021215, 16.00818672979762;
  -0.875203526481159, -3.358086998107865, 28.80827296077429;
  -0.472936597614546, 0.3647799109494995, 15.5160083355031;
  -0.740865314764013, -0.9934085830008712, 24.60561449683954;
  -0.5905830500610165, -1.321551421261782, 22.3837625874145;
  -0.6948034758255176, -3.870581770321303, 27.17772369630952;
  -0.3054103920395984, 0.4276550644770635, 14.36805781709312;
  -0.3170630155103748, 0.024156106113515, 15.29510589479422;
  -0.4896863925462175, -2.729245217276489, 25.24312413617344;
  -0.4102296126598068, -1.361172930204716, 21.74417076214355;
  -0.2697171086152163, 0.11031259056199, 14.93533982938134;
  -0.5334080008988338, -4.533466357972907, 31.21953947593654;
  -0.3035663491637607, -0.03308163468978392, 18.82255038194948;
  -0.2855138755486227, -0.9462274554828571, 18.98976358743168;
  -0.3872625437848548, -1.708476819489006, 27.22624319145785;
  -0.4046546855354977, -4.336100435911516, 30.12989374098186;
  -0.3722187591535954, -4.034092744840526, 29.37046704303416;
  -0.3500969217467883, -1.88480844501464, 26.47041489383991;
  -0.1527889051154558, 0.08548708768610042, 14.67045654699724;
  -0.2402653289065488, -4.727824581524117, 31.39527652250888;
  -0.1295616954252929, -0.8832723829206508, 17.7363116637786;
  -0.1737284978520479, -5.210903079086815, 32.19157277428683;
  -0.1520400477157967, -2.965729855291094, 25.48731383563557;
  -0.07734826232689065, 0.1974447205247413, 13.95978257214624;
  -0.01753018548287027, -0.5067517376791807, 8.774954914295581;
  -0.002905520622627638, -3.993481523120746, 27.57490551276971;
  0.02715417565398189, 0.2108346734029879, 17.55680387046598;
  0.08966447100037948, -2.214812523359874, 23.34315998423142;
  0.09222511328262778, 0.1233565464951088, 12.88757079171377;
  0.2676748482262124, -3.587527422406774, 28.38751588318759;
  0.2201985213320836, -1.651740933046289, 20.63083417819365;
