m=[-3.321516521707177, -0.3871424707072554, 5.089897146901584;
  -3.284900902526533, -1.025775915373147, 5.124061712521284;
  -3.219312485402695, -1.172021403043896, 5.177909148243746;
  2.446657082701316, 0.1315050155071826, -3.12338719055041;
  -3.374775187181803, -1.035492744479142, 7.59772522287086;
  -3.312538007366797, 0.7737432597952813, 8.266907263334979;
  -3.304644754239167, 0.5708063090244997, 8.274483181479893;
  -3.344497486333771, -1.053804380608899, 9.789736864509623;
  -1.607383186277568, 0.9382342118909434, 5.334849161292752;
  -3.29971252057927, 0.633333245826, 10.02250916723321;
  -3.267507735585253, 0.7285815410630564, 9.996178235027141;
  -3.395601779614011, -1.991363225636853, 10.45985148072582;
  -1.676679961300538, 0.8855814213536652, 5.780750795903347;
  -3.10854871972416, 0.7180607020869287, 9.946975683347363;
  -1.663582242829546, 0.9219901857370578, 5.863301725084229;
  -3.491485661472903, 0.7472032352210726, 12.17550850881831;
  -3.478274618848384, -0.547961429085991, 12.18693270612209;
  -3.506603971021578, 0.4600590159424586, 12.39797433035633;
  -3.492784479274672, -1.108497866626755, 12.42378328619846;
  -2.326563173463203, 0.5865695852713424, 8.898429138891729;
  -3.456935009723628, -2.833088947011011, 12.98363395910002;
  -2.182626291383758, 0.5348784132112139, 8.647813103424898;
  -2.163927342454045, 0.4322607530888297, 8.620393366383484;
  -2.124627423518096, 0.3122949465171775, 8.747158690750361;
  -1.997475331231166, 0.4293969315276349, 8.385888878157862;
  -1.710598457963424, 0.8995465128367994, 7.383315584026764;
  -3.647268449365173, -3.02277347435044, 14.74470033620012;
  -2.136031601418164, 0.2698732638161685, 9.048385001778364;
  -1.720634540300742, 0.8618267855691353, 7.478673088504976;
  -1.982031323512329, 0.3635907702302698, 8.496660370111719;
  -3.487193174613703, -2.954226646340639, 14.28229191285641;
  -3.457653410915882, -3.057370046270119, 14.387925487428;
  -3.48702619488136, -2.839219443830609, 14.63513521806571;
  -4.13995232519849, -0.0786652355808225, 17.11388102857028;
  -4.677277246741856, -2.101917454005441, 19.59680344077262;
  -3.644386601531796, -3.571621743850705, 15.55712141248179;
  -4.657477191968764, -1.189371891966942, 19.59257652857452;
  -4.729623703742415, -0.4277257226577394, 19.90653012558167;
  -3.250097067279107, -3.347556946784004, 14.33533096184375;
  -4.622551507528329, -2.126668501342357, 20.02231449540116;
  -1.77796774248396, 0.8596848158101207, 8.470891006888344;
  -3.183792051569053, -3.191948973134397, 14.58888343404933;
  -4.349289258179348, -3.425201847229084, 19.68725289502276;
  -1.709249890388182, 0.5500463617137877, 8.426428444144813;
  -1.73454521450126, 0.8585337289392081, 8.645642321504466;
  -4.183706803113878, -3.355751210593132, 19.65122369483744;
  -4.270362960004634, -3.507734835878548, 20.0413783634422;
  -1.718503487787622, 0.8945376974640809, 8.675855912254756;
  -7.060509392849226, -0.2206436894226866, 32.63488609338418;
  -6.044846282790321, -0.03897555913294522, 28.39168647786707;
  -3.797507491184018, -3.138586378319799, 18.54671558159138;
  -6.797957294129855, -0.4177897039869916, 32.56541057294457;
  -1.598445370667095, 0.5505846461122816, 8.426188846277251;
  -8.389455616252539, -0.9349212262765979, 40.04449966925513;
  -8.844540484980252, -1.136620263874901, 42.55588230860735;
  -1.543722167605713, 0.4004547148296612, 8.263709661841812;
  -24.55732721904208, -5.46259257447078, 116.7787564498059;
  -5.796068262994338, -0.06204917757315361, 28.44682345359672;
  -1.556069982420379, 0.5234033066747984, 8.462541321265803;
  -22.68039597519876, -6.048351556464361, 110.3576550366602;
  -7.984243918396403, -0.854578735086126, 39.71876671650247;
  -18.02800698823907, -3.78452331769123, 88.54163406406306;
  -6.225311908888267, -0.2893007589956263, 31.22189874052404;
  -5.703318516984732, -0.06452110947367552, 28.78675120574129;
  -14.48132577955775, -3.374766692091359, 72.64636478764615;
  -19.05942414894734, -5.360848461231072, 95.37738919373395;
  -19.57202696819726, -7.131534524802155, 98.65332005268948;
  -1.499514616494603, 0.448552508844775, 8.739578987630249;
  -25.28709119783354, -9.660651049701704, 133.0339838889908;
  -5.886528274360003, -0.4746287335409615, 32.16440168466534;
  -1.41614440805649, 0.4424287736881808, 8.644256589569304;
  -1.525638314625694, 0.3801450869057345, 9.252373241147906;
  -11.67945535501799, -7.974952983503844, 71.10758572356126;
  -12.24719089511445, -9.34617453759733, 76.09299035410781;
  -12.91138479531095, -9.461595794672967, 80.13807957950822;
  -12.72598851868535, -8.771099663344657, 79.54827367333373;
  -12.38914478432626, -7.274716442399815, 77.74437703448631;
  -1.37146605338828, 0.4582650521126539, 9.511048875023914;
  -13.01574467205726, -10.43300098494119, 82.95025837087067;
  -12.88475854448141, -10.86295879364987, 82.40978765096742;
  -12.30576269039483, -9.79943848371742, 80.45124076298195;
  -7.629808155599481, -3.695933406265542, 50.31619075133436;
  -9.491797756276272, -5.258793497766702, 62.47393920342857;
  -11.87730654572822, -8.34859960649476, 78.02243704128347;
  -11.42824255142421, -10.19042715453619, 75.67484449858982;
  -1.381650816505757, 0.7436347471749537, 10.1749110267033;
  -7.32803922573175, -3.116220782564465, 50.15396047277191;
  -6.049738740142059, -4.487768727469365, 44.24621973698665;
  -1.332725318683426, 0.2539694947640775, 10.50568290282383;
  -10.10706054845412, -7.718524755749593, 74.61305426338664;
  -6.340419286155682, -3.583335884439231, 47.11838898906451;
  -1.613997323272797, -0.1063811994114647, 12.73241168147662;
  -6.587106201782918, -5.624199172273672, 49.72123052409842;
  -6.110015703873182, -5.631419460511382, 47.12569270339088;
  -1.451055522030571, 0.4567430194498421, 11.85632008513287;
  -6.172335867196565, -5.675305153961411, 47.76956143609876;
  -1.194577645133182, 0.573341705695666, 10.02631844416631;
  -1.354183475752342, 0.3097474217031022, 11.2336544605834;
  -6.109644043243934, -4.637204162933876, 47.4559444129346;
  -8.712105683176073, -9.104143179151345, 67.59180553470502;
  -6.281944569640113, -3.588362165892815, 49.25927816561023;
  -1.418082080683511, 0.1786693417118048, 12.09826339119339;
  -1.389558984330438, 0.7638655262984833, 12.4132655020612;
  -1.27402899265827, 0.2252727533949628, 11.5383000152284;
  -5.411097702683397, -3.098888508303042, 46.01396048700147;
  -5.634934235925864, -4.564040817957606, 50.9048756179569;
  -6.968705712863054, -8.41190628623845, 62.97549372321095;
  -5.355324643717801, -3.894514289957775, 49.94746210863876;
  -5.452040485611621, -4.440536818695669, 51.03402863609995;
  -1.401264971600002, 0.1355799635583027, 13.86891401772911;
  -6.470750966516636, -8.757308685327464, 63.50598602910418;
  -4.754125115396501, -4.887555981327118, 46.85106756640701;
  -6.44663724060884, -8.003261970158398, 65.08349687409169;
  -5.517131729562653, -7.053898377017424, 59.46545193950529;
  -4.753905783386212, -6.532375060928738, 52.54286230106648;
  -5.845606318996501, -9.189870564410121, 68.68276310265382;
  -5.144488530744409, -7.985426232038543, 61.66933798263014;
  -3.489716642325642, -3.958399659760282, 44.34770462083003;
  -3.869610443914553, -7.851566271782707, 55.5127597646233;
  -4.11474050665816, -7.538950035089997, 58.6625811149307;
  -2.724937187819776, -1.649506730882511, 39.00813687376814;
  -2.398428698137111, -2.116141107926342, 38.67166044899339;
  -2.724862159697771, -5.496825219184713, 46.99013258059663;
  -1.201380459292274, 0.4883378620246227, 22.49394009023874;
  -1.436884517231944, 0.2025144872720444, 27.20792534904473;
  -1.660559557780518, -2.677071047981874, 33.28194158682722;
  -1.49245092646858, -1.985573637117492, 32.13801503874852;
  -1.513323382125579, -3.314620973266222, 33.71338468902721;
  -1.872643925130475, -3.925658809742834, 42.8749310281279;
  -1.142836438369698, -2.690726915349474, 26.3375722621209;
  -1.054876754486697, 0.3304788516443774, 25.51110454852275;
