m=[10.42137574598995, 0.5078259148032989, -13.24331819474403;
  10.37632833324336, 0.5577157616482239, -13.24635611183199;
  9.60553449936493, 1.286168823080509, -12.57648669519214;
  10.53597588946063, -2.308675199598623, -14.78471140217038;
  10.7227649511764, -2.066591063514331, -15.40300445806854;
  9.681293619187979, 3.048698561639123, -15.11190122247388;
  11.33664121530697, 0.5878883733806505, -18.9050661248751;
  -1.64591846060363, 0.367003204133482, 5.035303853555669;
  -1.14761125395821, 0.2893340120590708, 4.389280092979742;
  -1.728332721060167, -0.5485174208384779, 6.147654199767939;
  -1.528225542940916, 0.8590053089893839, 6.106825801441667;
  -1.764280652659115, -1.462195841135822, 7.132403302241729;
  -1.733152974132188, -1.468265863686495, 7.098372664408895;
  -1.710799873983417, -1.512745110127766, 7.118949815231624;
  -0.8546463808150343, 0.2750300789619499, 4.213319897507608;
  -0.8481482979310502, 0.25835218933982, 4.22836611616819;
  -0.8654921784068488, 0.4283856200940852, 4.313946816726183;
  -0.8458425885851408, 0.44028894150462, 4.27023190535425;
  -0.798907606679057, 0.2751837941863629, 4.211433489150584;
  -2.096571599480019, -1.722152731345743, 9.839487904133719;
  -0.7758208504241909, 0.2609568998096481, 4.219229262685318;
  -2.003381885050359, -1.655766870661588, 9.784353055155279;
  -0.6021568784732462, 0.2890072932527867, 5.054017745531158;
  -0.7148252649721358, 0.09006344644731608, 6.098479384313303;
  -0.6887224454433096, 0.1815696632568482, 5.96047885248259;
  -2.898244394852027, -2.671225521751376, 22.35375183152828;
  -3.692868030796218, -3.85904401492784, 28.65066459018325;
  -0.6909842133991351, 0.3798464302588814, 6.172728610573806;
  -0.6712075024468536, 0.1186823557759617, 6.078820482369713;
  -3.021152442680673, -3.180871944821663, 24.90323434292853;
  -0.7056494640141238, 0.06827540155144961, 6.984112171086327;
  -1.389138221910766, -2.802288542910896, 23.95562982444632;
  -1.266439279765126, -2.420016907865321, 22.35375477293454;
  -0.735766595982275, -1.611544114943945, 16.3911974034563;
  -0.7955149160376047, -1.872983153387976, 18.3332722717734;
  -0.8224233918608681, -2.362036925596854, 21.05073762764641;
  -0.3440228550317667, -1.917396002872664, 17.73423106591236;
  -0.2999065390683768, -3.213665679086829, 22.33052643984061;
  -0.1812920686494209, -2.481482069640394, 19.1217429497315;
  -0.1700792228989775, -3.346736437120572, 22.2241147232845;
  -0.1200716027073709, -3.601490210268068, 22.24904828205778;
  -0.1094120019974228, -2.134216910122766, 18.34133883926536;
  -0.001983500692492757, -2.726214814955788, 18.82445567725388;
  0.01809177561893206, -3.841093300648559, 21.99877917641959;
  0.05994692022758692, -3.585548979992408, 21.64303416101135;
  0.06293583907881832, -1.554585478559714, 16.38465430028001;
  0.1772143486854978, -2.37512541714751, 18.79397773595404;
  0.1843105727992648, -2.369581471696791, 16.57677204433011;
  0.1611232522808636, -1.208608801947798, 15.09595559474552;
  0.3011814715494342, -1.656484665057767, 16.87007134315369;
  0.3338576704564149, -2.46726920945082, 16.84598112396145;
  0.4328694279011307, -2.618334751156931, 14.96857639472097;
  0.513303676410525, -2.070348472340314, 15.32887675117595;
  0.5969262221498761, -2.882298375713534, 15.86398008187562;
  0.6285329787652125, -2.581362092926047, 16.21762283600596;
  0.6251424854912923, -2.428740840872888, 15.96633534856381;
  0.8378751309384166, -2.961565131656008, 16.90461683191651;
  0.5983942605166047, -2.345392649141784, 12.21977401338898;
  0.3116125348627438, 0.106088543984644, 6.866168176781208;
  0.3026462098072462, 0.1360093766072376, 6.127591644573636;
  0.2840005647475954, 0.04120135969440416, 5.730720398729189;
  0.9270266036205082, -2.184726889904092, 15.53236709612044;
  0.3346607917978358, 0.0497596822114052, 6.101465619205378;
  0.8128310321654469, -1.448629316730155, 12.96100603593059;
  0.723596642912927, -1.09229351915057, 11.4425651112141;
  0.9877210945022142, -1.767623231960084, 14.95526743261232;
  0.3589481612770045, -0.005190831642117037, 5.880605977360217;
  1.018935600701393, -1.9800740714692, 14.3181989853785;
  1.212668564840196, -3.567726040654765, 16.54682516816808;
  1.260164842355443, -3.836097918864417, 16.81550964095853;
  1.175866342003711, -2.331660367578096, 15.37390532270418;
  1.344971167555058, -3.616144149856227, 16.72685529712205;
  1.109911720129674, -1.430903179089234, 14.04382847442241;
  1.315522366241345, -3.011878122599109, 15.78855401942683;
  0.8034805483794099, -0.601371358654619, 10.2354802767501;
  0.9102184358687447, -0.2003367483027414, 11.27221212822341;
  1.464843530489979, -3.614896509760587, 16.90280589156021;
  1.151741596691661, -1.239046248139694, 13.2525600304371;
  1.33508427305969, -1.938233206370097, 14.98423027605921;
  1.404211651250958, -2.339627422008356, 15.11433285089271;
  1.222375681985094, -1.313932619931151, 13.34496885265019;
  1.330713548071822, -1.911188266005746, 14.24986015580838;
  1.277707816295939, -2.037200789762212, 13.6618556031676;
  1.069207505772582, -0.73907243199537, 11.09091331966625;
  0.915320429708109, -0.9896083864284606, 9.225255796015748;
  1.189384662847513, -0.2991301407647182, 10.81657090703055;
  0.5895145183222412, 0.1775805994247098, 5.887400614149852;
  1.512002801958733, -2.63458242272461, 13.00640851840281;
  0.6212950041156632, 0.4019037857204024, 6.026048818036522;
  1.575786109190353, -2.313345933048753, 13.3494317702196;
  1.560630264445183, -1.687561095936764, 13.22355805978997;
  0.5968425383845886, 0.1721632997786153, 5.712876382213851;
  1.293520149693215, -0.722011504276877, 10.94551942874502;
  2.028598632453366, -3.565438409548116, 16.27946829495326;
  0.6868862447398912, 0.3760968101583528, 6.140857400534444;
  0.7130301442140993, 0.07380469006698846, 6.255908491428539;
  1.590790573793436, -2.416538300981942, 12.48486562862296;
  0.688666179199884, 0.1514748853773957, 6.014002745964638;
  1.538016648047057, -1.294667806506017, 11.93842780327079;
  2.192612383901579, -3.49895329566568, 16.04749369915925;
  1.411565983898994, -0.3678819059831192, 10.88423072564925;
  1.664011006935018, -2.468766926569378, 12.25552250603971;
  2.621187776096403, -4.213971211381447, 18.45899880383411;
  1.719374279864703, -1.635133506106218, 12.19037745161607;
  1.727185453620105, -2.425206203187587, 12.10027203032412;
  0.7694061186578363, 0.140944947597937, 5.904959414514479;
  0.7887548881106226, 0.1812501181964525, 6.00552447600947;
  0.8171323554401951, 0.3427107481924848, 6.182420502628462;
  1.762002428971387, -2.501739913674138, 11.8111220017656;
  0.8645281528119521, 0.3720718796848628, 6.321543027502737;
  1.796440382777029, -2.316026733508809, 11.23087485125498;
  1.863434279447779, -2.081956809724458, 11.31490131771708;
  1.882328699589774, -1.585069523019529, 11.21027966132893;
  1.938745255394717, -2.344920173326222, 11.23650699735934;
  2.074596374778127, -2.32373446876369, 11.53056460825713;
  1.962659180935868, -1.262748006334956, 10.18342560644903;
  2.002950533802651, -1.931451348391687, 10.26989435088801;
  2.026659111780552, -0.8900197968547082, 10.4231802500943;
  2.076272360118484, -1.104686807375047, 10.60215218422288;
  2.087990615451303, -1.30510061854571, 10.52792642347911;
  2.184577932126988, -2.35900235570363, 10.84007508631423;
  2.091311158789024, -0.6650578761393379, 10.44319515729395;
  2.1213910906476, -1.584037114177795, 10.4425747681484;
  2.143435905362765, -0.9261505658935367, 10.43963572870552;
  2.188657309153077, -1.480846166520462, 10.56493623123395;
  2.212617801012608, -0.984853729031531, 10.63993221615653;
  2.228602514680319, -1.553694497969741, 10.55823739132427;
  2.271606720239395, -1.630996314135346, 10.59194578700186;
  2.274398283695204, -1.087480255184719, 10.53120796074454;
  2.270143854397051, -1.267475450018934, 10.44134700248165;
  2.314582323679308, -1.402981079626372, 10.60345607963238;
  2.209685084137269, -0.8219332022613726, 10.19586163990874;
