m=[-6.71835863066646, -0.575745153410325, 9.276896046519353;
  -6.718107784310802, -0.6866137021583559, 9.395736765741937;
  -6.672616383908531, -1.85936948192232, 9.392017271638155;
  -6.541833440550046, -1.930307760141476, 9.37907392387546;
  -6.506928937722172, -2.154526995475707, 9.454414930337084;
  -6.465202410986735, -2.030893170100944, 9.402625785794985;
  -6.579147021454498, -0.134229807357291, 9.791545594611836;
  -6.431749440958599, 1.891537293491525, 10.23707438615658;
  -6.290015454333569, 1.876133074726814, 10.47844389252669;
  -6.670681899128439, -1.28795535269112, 12.35263873901831;
  -6.513634086903932, -0.1061666982313979, 12.09524544146963;
  -6.483196768719252, -2.087855381430602, 12.23924282420179;
  -6.720368998760296, -0.6845993855556271, 12.81362550992607;
  -6.488336374048532, -1.870338510286173, 12.4165946539397;
  -6.936234534877046, -0.3780771182100499, 13.55705559727871;
  -6.923446353478586, -0.7013726367510709, 13.63844723300312;
  -6.560369194441744, 1.368755982611373, 13.05951486322524;
  -6.949252169907592, -0.5809604615597016, 13.98887522813144;
  -6.907673270863031, 1.568803615220372, 13.98212852034401;
  -6.880121021455892, -0.7720685507988445, 13.9485288858243;
  -6.981721555602891, -0.6985829513900428, 14.29741502226566;
  -7.003271581158097, -1.333535620960998, 14.34086893867109;
  -6.952976724871439, -0.6739719069186103, 14.26599558619254;
  -6.428519628450677, 1.650382509957728, 13.32368522452676;
  -7.008159014163557, -2.002876663661607, 14.45259540044985;
  -7.095873353923816, -1.883646447544017, 14.8717895596301;
  -6.88767086188034, -1.930627073219608, 14.66236754288165;
  -6.836347980140203, -2.171819149153926, 14.73378214476469;
  -6.88821461129796, -0.1042313228033078, 14.96117274370783;
  -6.89876021855819, 1.992031083343251, 15.48019825654705;
  -6.708912683017103, 1.863517491030748, 15.719300928783;
  -6.710905631986995, 1.456207583050904, 15.77459872657708;
  -6.777345205478989, -1.391928251604375, 15.94065571668336;
  -6.756353489044527, -1.647106822390601, 15.89895788026271;
  -6.607682342752431, 0.7530618498331121, 15.64339052381402;
  -6.595967783884291, 1.157409085319731, 15.65167248506509;
  -6.708379829565303, 1.045153367276342, 15.90569610453592;
  -6.615272081597706, 1.833372278549514, 15.72888603982226;
  -6.798863677120403, -3.65086713970466, 18.44386471466151;
  -3.36415964035494, 2.065956816635871, 9.638810850024676;
  -3.50562739078936, 2.022303310070335, 10.01445166117919;
  -7.480147048798639, -4.214182924648986, 20.35977612873885;
  -6.844538972353281, -1.802904148958248, 18.97426721583259;
  -7.288449584527705, -5.061079446680885, 20.19229458245101;
  -3.368465687449626, 2.065597814902769, 9.925379457320334;
  -3.218174808548984, 2.065770937340124, 9.686880546410709;
  -6.678256382796715, 1.626161010732203, 19.26520295766112;
  -6.744421241625622, 1.85334330077302, 19.57309974631905;
  -3.476234551533302, 2.004128332123702, 10.59872941043422;
  -7.109722541734733, -3.77309134109046, 20.77268601684391;
  -3.38351706704509, 2.053755871556755, 10.50386134506785;
  -3.375966172947298, 1.983162619767628, 10.63403214765165;
  -3.385943301049877, 2.080760200053044, 10.90622694433309;
  -5.761272232156381, 1.937708138494644, 18.25768716875536;
  -5.442488024984178, 2.041763519704298, 17.45922767361341;
  -7.258713033638205, 1.999088777781154, 22.99704425830216;
  -7.097581102589762, -5.362653014948421, 23.1014030954086;
  -6.873459373318359, 1.869995592081378, 23.00978510355508;
  -7.183823129895087, -0.7055897819524052, 24.0922752139655;
  -7.057754167495419, -1.568788089676667, 23.85476460956881;
  -7.23135235676872, 1.37674224163188, 24.51286069084744;
  -7.274135098453614, -1.866245074425544, 24.76285738087683;
  -7.178957290305847, -5.201764128117753, 24.52140337612228;
  -3.553699294420847, 2.058971754148411, 12.64533135464386;
  -7.245786158272344, -5.571489446763843, 25.15618194158973;
  -3.375926794430738, 2.046008161418634, 12.31174420686122;
  -5.320768015570164, 1.263530626186027, 19.02203370588142;
  -4.715020529724876, 1.481356732377803, 17.01183327820218;
  -6.82161529635953, -5.109543591702647, 24.53950274682451;
  -4.448150466274912, 1.382569718474745, 16.59610950576376;
  -4.470959174637108, 1.185893767885494, 16.75401636770695;
  -7.641645909808251, -5.204123828052675, 28.09031398209496;
  -3.49728514565162, 2.025865049842369, 13.36199434135785;
  -4.79141155005813, 0.8045503084966276, 18.06785600247523;
  -3.331236440532459, 2.081745152482177, 12.90486006776587;
  -4.307093451171974, 0.9228390742812619, 16.71352527830334;
  -4.141475288938432, 1.17264207622677, 16.32161606808085;
  -3.468723617579282, 2.07138793998218, 13.95923130189597;
  -7.438380418788658, -5.622715882437838, 28.91992036408427;
  -4.459280597195694, 0.8763157274997822, 17.813375228826;
  -3.527726960205233, 2.022815143428374, 14.30321865486708;
  -4.056753521782419, 1.029498757646403, 16.35495859977308;
  -7.199899295073282, -5.571183431001848, 28.31732396747942;
  -7.167142394042086, 0.6613984294511843, 28.20770648040513;
  -7.124108890517052, -5.772127819027635, 28.48269207814764;
  -7.650157308619945, -1.533003206972201, 30.730439408626;
  -7.342993261842351, -5.427714136306618, 29.59991355578533;
  -8.715496362756579, 0.429378891070771, 34.90913369263237;
  -8.594336808186622, -0.1947739969161032, 34.49424897267702;
  -7.935574620792758, -3.146741382354811, 31.98394861233151;
  -8.935966646511973, -4.519448912041789, 36.04056064865188;
  -9.165962142410566, -1.539717502742773, 36.99836485904018;
  -4.424307361085976, 0.886535586283305, 18.44977559524994;
  -4.538915609871098, 0.6253193231237221, 18.90982285958738;
  -3.309613237005987, 2.041040212229042, 14.09421644527561;
  -10.04835892526582, -3.831278749112154, 40.89144230758226;
  -9.715578689361353, -1.809818980952213, 39.73209186742005;
  -4.363257493735186, 0.7975496735735342, 18.43109709005705;
  -9.903476763116869, -0.2164154332406187, 40.556327257018;
  -9.669619026385179, -3.750028495630786, 40.70031219840449;
  -7.51855262466292, -4.748607876133855, 32.02883718490377;
  -3.523366770647349, 2.069546483174466, 15.76342497390746;
  -3.574891700711275, 2.006137885340452, 16.04171130896659;
  -9.962763092651782, 0.6633406421953034, 43.07511257996246;
  -10.94596453642521, -0.6661355020362979, 47.3717598395484;
  -3.519429140299921, 2.027830721304229, 16.53762448511609;
  -3.588156609291496, 2.161645249301732, 17.04909736945389;
  -14.8911666576246, 0.6460460184929238, 67.6740006110776;
  -18.81794711933122, -1.090577043253485, 85.77601651926382;
  -14.07471535301201, 0.9831745686763805, 64.77293808982049;
  -15.54649821715375, -0.2580579815606714, 72.41219690328725;
  -14.28925808310346, 0.1823177198131653, 67.30578633689608;
  -3.285773936703811, 1.410254092057795, 16.28431447562269;
  -3.351770229116347, 1.157995974339304, 16.78617239853497;
  -49.96164425185256, -7.34426586095593, 236.1314103198122;
  -13.28503004634082, 0.8978296542479278, 63.88584803692017;
  -11.15549845717442, 0.5017219736076909, 54.33588226700888;
  -17.5582549532332, -0.5179389329603504, 86.05545552864781;
  -48.27051327281844, -6.345514823191278, 234.925908737598;
  -13.88930180533286, 0.4675024169792006, 68.37438083231335;
  -10.91683877796761, 0.7339142186548945, 54.15987686543812;
  -34.4264965385453, -5.251435663258806, 171.0311239568117;
  -10.11563987193115, 0.5062929609376272, 52.58225389870322;
  -3.048552764456461, 1.777085714174108, 16.69763247422748;
  -3.116724805149281, 1.222344180654436, 17.10794662100464;
  -3.014364950965701, 0.9709425085836285, 16.60496240375533;
  -2.922193193859523, 1.091510321290939, 16.59641051431318;
  -3.242448806957679, 1.122112322349531, 18.56194695804479;
  -2.905783926740182, 1.289470360624266, 19.05863840577487;
  -2.919429238340339, 0.7130350898192501, 19.30598588630468;
  -2.857661621104849, 1.859965521391676, 19.98715320277291;
  -2.919029196207855, 0.9238184701312466, 20.72041316495872;
