m=[4.213485982198271, 0.4306327469151022, -5.892850550467896;
  -2.285789692441163, -0.5749203385426377, 6.568006998723649;
  -2.22279049236192, 0.5412513426433422, 6.412229107888593;
  -2.216436668062963, 0.6090690221110876, 6.432358601453375;
  -1.746763396329818, 0.655302825437337, 5.603529063997374;
  -1.528388169361834, 0.4801862664430115, 5.514437224110519;
  -2.312886584063202, -0.593391947879891, 7.873606943521863;
  -1.438874693477327, 0.3816524519934608, 5.391892259350618;
  -1.401867636906496, 0.5283184191066674, 5.344848731146457;
  -1.356143546906301, 0.383986592592556, 5.344582005578904;
  -1.320855003522023, 0.335198719334443, 5.325077992269618;
  -1.320248440422138, 0.3144686669946653, 5.341442113952002;
  -1.325877860143284, 0.7566114668085942, 5.542551917903793;
  -1.420277348079947, 0.2596091880828602, 5.999478539796443;
  -1.204963444238374, 0.7788627569017185, 5.281015847745955;
  -1.202258126364494, 0.4356330965822475, 5.31169226226319;
  -3.115311443042498, -0.58032053071319, 12.74014079944896;
  -3.131218215928623, -0.06842485351152972, 12.82284128249625;
  -1.134333850929588, 0.4371446093868582, 5.323722033362767;
  -1.159372928189342, 0.6680094832170533, 5.447836384900443;
  -3.037644683118823, -1.178045804101897, 12.78572471298051;
  -1.139001777025111, 0.6861790184622748, 5.411957814270691;
  -2.884376461798762, -2.044340770416187, 12.65424242977185;
  -2.963660695565715, -0.8305509614696389, 12.92046209460846;
  -1.075280306306866, 0.461510280771063, 5.3290953652492;
  -2.846630890719589, -2.133896565235521, 12.74686572604457;
  -2.644880936827921, -1.847713302502222, 12.58791368496096;
  -5.085770888202398, -0.08441925324645953, 23.68841123045787;
  -0.9921429996257382, 0.3195743808730548, 5.465329339984711;
  -0.9584096918700449, 0.3579893598067535, 5.443226929894873;
  -3.892044219802229, 0.1310029910249952, 19.15979056620291;
  -0.9495186553984273, 0.483227785347128, 5.450307625665647;
  -5.019312817671757, -0.1480612698644297, 24.60035192084883;
  -9.32452985805093, -1.42236862774766, 46.32434265292475;
  -14.61442188493242, -4.136590753720416, 73.26848554370416;
  -1.031196309165444, 0.1370655699526625, 6.275847899993531;
  -12.60726187429388, -4.076060902034368, 67.61743551300985;
  -14.41690958171062, -5.003911353410311, 77.68451057370019;
  -9.159170427900355, -3.914487509991743, 53.1501296738484;
  -0.9594026412416402, 0.3335230701509554, 6.489356488528004;
  -6.893038176028368, -4.048763118827514, 41.53718716060832;
  -8.209751461682492, -4.468217769757274, 50.04023387319091;
  -8.118299186845102, -5.124445545451004, 49.7778535774362;
  -7.482724581522248, -4.945478401824537, 46.00497175877054;
  -8.065753464311818, -5.625930803669688, 50.78098729517615;
  -7.716136547811472, -5.69521940202395, 48.79300292838221;
  -4.78364879871422, -1.81885950204321, 31.08662369811403;
  -7.80817310922603, -5.380339599896075, 50.40919822867695;
  -5.694054823610675, -2.558247575701158, 36.97178298023645;
  -7.958842948002038, -6.227719604662406, 51.92772944792717;
  -4.392014757545114, -1.39433236030324, 29.63123051962355;
  -4.508458728124532, -1.580657427579447, 30.41491662599668;
  -0.8263562868800447, 0.4993968544677845, 6.562212063259309;
  -0.9871920906019268, 0.4353424851748218, 7.722469840162316;
  -4.200197999499642, -1.884090316609539, 30.75641139713574;
  -4.982596843429085, -3.223417809707639, 36.34277539471059;
  -0.9962573085525163, 0.638113468175332, 8.055604496591945;
  -0.9705859907281202, 0.2499165227240106, 7.917925182898563;
  -4.017450217860793, -3.198184508257496, 30.40943461776958;
  -4.177462362626287, -2.655505762434778, 31.92452285176634;
  -4.243773034750825, -3.716832857235743, 32.52273354896305;
  -0.9240654015819821, 0.6346104530026949, 7.925274655075666;
  -0.9277958466557572, 0.2953175603333315, 8.021416805481904;
  -4.239146104300085, -3.895032980210697, 34.33787704126865;
  -3.892941261268125, -1.751721326244974, 32.06848054397069;
  -0.9601834924824638, 0.2483151724715551, 8.686359377433886;
  -4.452374217621054, -4.443459664595241, 37.10664817478813;
  -5.248712922655146, -5.062160994267044, 43.99807859099984;
  -0.949041962802834, 0.235217625126842, 9.035896518769784;
  -3.603805510400425, -2.396690741066776, 31.97389450277328;
  -3.591838728601096, -3.4060398296549, 32.29829993989693;
  -3.416825526546923, -1.978649334360515, 31.2964946242055;
  -3.28512458365675, -2.187168066427276, 30.21294618668888;
  -3.416745727304041, -2.972341425186871, 33.01186755399964;
  -3.66440280249613, -3.917748858686954, 36.27750858417595;
  -3.384845160743081, -4.028210253904661, 36.59683995666553;
  -3.433834297863207, -4.703883904375201, 39.52881206914962;
  -2.986684199806821, -2.80562799770236, 37.34377644868543;
  -2.146156761833534, -3.708181198149755, 35.95362134163863;
  -1.774690615259559, -2.540007202936589, 30.39127036384197;
  -0.9305963663250407, 0.3890186752673437, 17.16903844551414;
  -0.9962806280929417, -1.82230701710667, 21.56611893207838;
  -1.05710686555639, -1.988891518111419, 23.16680338769328;
  -0.6577237436215659, 0.4362583616343317, 15.50245103719312;
  -1.180660737878462, -2.866080454023791, 29.12203927814022;
  -0.9751288631279217, -0.9444676098598278, 26.55490676387739;
  -0.7710905025449634, 0.3095802207381284, 21.72343955932734;
  -0.9696258094929622, -2.917028117614321, 28.62154830230627;
  -0.5105481458198765, 0.2706094942741305, 16.47059635342334;
  -0.8099045860760774, -0.6826832340634285, 26.06568915737468;
  -0.6010503916435745, -0.9850821901755706, 21.86399022940314;
  -0.3258408870259379, 0.2489779717657385, 15.14040316578638;
  -0.3056036752006518, 0.637010795911544, 14.03205258627129;
  -0.5155548415275085, -2.376984216019532, 25.08052082207847;
  -0.5919239697776522, -3.165925392803685, 30.49300756269865;
  -0.501443950749655, -2.377284903947717, 26.44887445327844;
  -0.2680526770281096, 0.3174272480185052, 14.20074997833264;
  -0.2989067903817431, -0.6547208947891885, 18.28233051843728;
  -0.4274509679619999, -1.359171968890367, 27.88773282805524;
  -0.4559741346006221, -1.827527081681964, 31.74430876978689;
  -0.3239640609543759, -0.595760240119016, 23.79165891835707;
  -0.308768427410985, -3.478654577055324, 29.74353520590639;
  -0.1510346241305038, 0.2974916468275722, 14.19998308389737;
  -0.2870004901661407, -4.364055313133894, 31.76447203916625;
  -0.1453015548292697, -0.6014001227378784, 16.87246491043016;
  -0.3461694791543368, -1.120123571566927, 37.89824393852678;
  -0.2528807124663568, -1.238741436412462, 29.82747162129692;
  -0.2106598317897554, -4.605673037681283, 30.97691610317676;
  -0.1784173905767366, -2.663969964483746, 25.82847541039676;
  -0.03097370967224057, -0.3848982695910406, 8.786343756689725;
  -0.07946303823880629, 0.399241307146916, 13.60233075980446;
  -0.03646563275843514, -3.468054510140785, 26.30827762128109;
  -0.02343275527602662, -4.986692670330914, 30.86043037306957;
  0.04270000582146943, -4.721463556393081, 30.91973184529801;
  0.01838917851048558, 0.3798303745705322, 14.19657237431571;
  0.07674392522980041, -4.258276506121485, 28.71068444521534;
  0.06732033288665767, -3.278771018240215, 26.0738983686254;
  0.07103922219316455, -1.984573485994255, 24.28119088965302;
  0.177182930684372, -5.096561989024497, 30.80077279622444;
  0.1977921691625002, -2.683733153734507, 23.78760708106167;
  0.2837767470346544, -4.469225672848777, 27.88762249609681;
  0.2269676517078365, -2.986585853156361, 22.92181776286022;
  0.2157970278245311, -1.456518817745654, 21.81238265290398;
  0.4094904048471636, -2.047918462540573, 24.08148024103821;
  0.4193027562437769, -3.031077496195568, 22.66346762740453;
  0.2388377381858373, 0.3584194516494861, 11.87577814472175;
  0.7832030258921087, -2.940519161747174, 23.84997454936958;
  0.8510551880850305, -3.930080521086923, 23.09488674962339;
  0.8229513481267615, -0.8522772048788362, 22.55991039357324;
  0.8177950185746314, -3.204774461182864, 21.81725952473447;
