m=[-19.55029975823852, 5.062665097884447, 24.28160137103558;
  -20.97277145542125, 5.137619914763655, 26.02614426536494;
  -21.67183029724812, 4.820291847856605, 27.69006804092393;
  -14.75761942903528, -1.508279419820815, 20.63954790484789;
  -16.63568170883105, -4.635644715762192, 23.41549415482746;
  -17.18912205564311, -0.3299560546532714, 25.97745022954316;
  -1.300573237987236, 0.3166906704367772, 3.751848679495254;
  -1.028312931638396, 0.3857742673977792, 3.298776131574091;
  -1.365293210168554, -0.3502783071990743, 4.647777445550973;
  -0.6767581996566598, 0.389935700777134, 3.180053504981577;
  -0.6740007056599747, 0.4060442678681139, 3.202508950730145;
  -1.843683209198239, -0.7310868497330373, 7.430875751064897;
  -1.866597257109026, -0.3135549135692344, 7.534511411940104;
  -1.860656025870509, -0.709438421173493, 7.571874084317355;
  -1.858249228947066, -0.3461548543238945, 7.599354751553206;
  -5.147286043665323, -2.199870292500024, 29.86939950978914;
  -4.885675282236097, -3.083943614340281, 29.95682016993494;
  -4.653861467419979, -3.075827677667481, 28.61267484127165;
  -4.564697792747759, -3.369167364075024, 28.86487445999032;
  -2.978299405824389, -1.132421798119749, 19.35452972928636;
  -3.408836960340375, -1.53153581408993, 22.13374900960217;
  -4.744612627661178, -3.269346984201633, 30.63099589626845;
  -4.612652067226726, -3.60935677412328, 30.09539830717489;
  -0.5736525012292142, 0.3674305663249563, 4.638478060549835;
  -0.5342705919357356, 0.3669152657310854, 4.582187769363098;
  -2.561877691701825, -1.149186050716754, 18.75963091371224;
  -2.974949967045371, -1.924600164954061, 21.69911430932137;
  -2.661550119715122, -2.118788758845235, 20.14616982372731;
  -2.494024560589135, -1.585387495420696, 19.05954791830572;
  -2.347288796532256, -2.156747385351502, 19.01347868003712;
  -0.5447302608572188, 0.1350100030510237, 5.186415838991604;
  -2.379885405081575, -1.070885928739273, 19.60453643856863;
  -2.069180100145504, -1.376096677056063, 18.35830097888359;
  -1.992111233894094, -1.153611601263165, 18.24679019692102;
  -1.981867079096639, -1.319486149435051, 18.22702362881634;
  -1.928720889734464, -1.677858832856276, 18.63488934858064;
  -2.062593753757301, -2.205195432994717, 20.41963360486138;
  -1.932435494128401, -2.299737832246498, 20.89343209119541;
  -1.031828072205324, -1.782817324959073, 17.28576237182653;
  -0.5627806779073772, 0.3827562807191867, 10.26917923364761;
  -0.6393498059670387, 0.2672684136216126, 11.79568478450948;
  -0.8557021979466291, -1.093944119401074, 16.45055552828476;
  -0.7789721671047718, -0.7702791723971023, 16.10188022478861;
  -0.6764843848332599, -1.160549692770388, 14.95741345428161;
  -0.5807559285024853, -1.092662036286717, 12.72743451985141;
  -0.4186649570761093, 0.2776942295591204, 9.867870912373936;
  -0.6278973660482872, -1.524234956095635, 15.48764278344398;
  -0.7364148241250282, -2.285805519712827, 18.35479227285501;
  -0.4623729366616598, -0.4478344133429877, 12.59143348890889;
  -0.5053786370069758, -1.645454395653703, 15.98399690666841;
  -0.2911153576740104, 0.3656341637776477, 9.358543215570679;
  -0.3999119338875355, 0.2119681896204084, 12.90140429244133;
  -0.3538467833863586, -0.2982638579878958, 11.38808252682167;
  -0.3138364997704188, -0.5143574496399449, 11.41621111974842;
  -0.2783138181195779, -1.283175909686553, 13.5393074570667;
  -0.2812691474406436, -1.504377557862832, 14.48960116158682;
  -0.1737143710313183, 0.2057120837183596, 9.202946144799629;
  -0.265982836405213, -1.260992341716355, 14.02937783234035;
  -0.1335349667392015, 0.419406506467665, 8.838347346416343;
  -0.1990287933042098, -0.6328547064729194, 12.98502571937436;
  -0.2015908567509381, -0.8079685275448653, 14.0344855470206;
  -0.2225000812494175, -1.993187968142925, 16.03673873185844;
  -0.1545005356449581, -0.2841218743313617, 11.34639452271213;
  -0.1525723153026768, -1.718914033438842, 14.69722817745053;
  -0.109179024528333, -0.3532778198517779, 11.95279640092248;
  -0.1166249248412002, -0.4827081458020635, 13.54252509119276;
  -0.1047743934649278, -0.5132395483789859, 12.35821908770326;
  -0.09875226959880275, -1.474481155034409, 14.29580692111141;
  -0.1137520871906887, -2.486971134948014, 16.72691386644587;
  -0.03258557340729156, -0.4049282746825424, 9.243582783430929;
  -0.04930330219691675, 0.2477115807805055, 8.439644882663753;
  -0.05006593802519904, -2.541139554449279, 16.44394575194712;
  -0.01969030854798536, -1.872641668342044, 14.20565240594259;
  0.0226080104276821, -2.499833320003572, 16.37080854045598;
  0.04212239148429364, -2.337237631540492, 15.75841587932973;
  0.03789851334123634, -1.845810052467272, 14.67850711381785;
  0.03782618339067357, -1.056723853610973, 12.92898135960085;
  0.1029031907689525, -1.396236796739995, 12.37572083750351;
  0.05876167461838847, 0.1995226481469778, 8.072875565269191;
  0.1276764861775866, -1.680049048969951, 12.89424782229413;
  0.07182348930118353, 0.1357925142149007, 7.598021874824014;
  0.09370493404412085, 0.3644242504491428, 8.292124879964602;
  0.2065726569839312, -1.033098585671009, 12.14820982033509;
  0.1294060160344514, 0.1941972556745769, 6.434482040780692;
  0.4227664369980526, -1.587267627726971, 12.87401660794937;
  0.4745455385304426, -2.19139980985682, 12.87763193660788;
  0.4547541055906787, -1.782090023310729, 12.13199899273404;
  0.4542632375834236, -1.667733951048879, 11.94391460749714;
  0.5253444902972887, -1.568859451658545, 11.71144886435921;
  0.6958199467644799, -1.479514007548354, 11.5870662297935;
  0.2519272377127558, 0.1853423764331984, 4.913398801954878;
  0.2732879575533785, 0.1506388471050078, 5.13922764114312;
  0.811684470572507, -1.083859178729377, 11.360273200367;
  0.8934167871145182, -1.638427029853138, 11.7433093648244;
  0.8524249527305504, -0.9667659728641541, 10.77472067404311;
  1.022026457384157, -2.231792907200184, 12.41200126016944;
  1.031845498255207, -1.35589628147563, 11.56663116871562;
  1.0749730330079, -1.659123007085146, 11.59509121193526;
  0.9778525427666798, -1.343419672904903, 10.51485585506691;
  1.18143759427856, -1.858782410459964, 12.50194183946593;
  1.032791317396584, -1.352454205136622, 11.05473455627317;
  0.4470267847459952, 0.2125886526158355, 4.63662678702365;
  0.9534061943516229, -0.1224733936176205, 8.519081623223425;
  0.9687102088512277, -0.3318102913743329, 8.494054548142373;
  0.4837909642164621, 0.2122980849538999, 4.640801972571936;
  1.001186342179303, -0.2897359635467499, 8.437904115354149;
  0.5029973760782769, 0.2111852766257599, 4.618336236320435;
  1.184663089255935, -0.8808204001231123, 9.108389680727651;
  0.5583377327355037, 0.3729975394932591, 4.777804398817933;
  0.589405597374179, 0.1320893813296052, 4.981281519098857;
  0.566531093918194, 0.1918992264103175, 4.756071366501055;
  1.469382047722139, -1.540235900020396, 8.847003597178944;
  1.595456401901737, -0.9248457157934726, 8.152760637285235;
  1.592682572702162, -1.442813716012315, 8.065796944149072;
  1.601386508204048, -1.435149090341125, 8.101860148498002;
  1.552748245789211, -0.7732693924095342, 7.811102316959719;
  1.642023602042871, -0.9256803199835594, 8.155010566318124;
  1.676379822482383, -0.304973453474276, 8.204907271274543;
  1.681137780101601, -0.7745897253261683, 8.221993266602512;
  1.689149917626622, -0.6374966351028545, 8.214694464443433;
  1.681820317267407, -1.156149344003672, 8.157972017167658;
  1.70802115958131, -0.5220133151229465, 8.20459461317275;
  1.74046374065184, -0.6424823835992219, 8.31606426706921;
  1.740611118209565, -1.075848232799204, 8.277288586459857;
  1.755075668831565, -0.6786905362237549, 8.305399839763682;
  1.686494830827534, -0.5194217237271557, 7.97019969317751;
  1.757983508903492, -1.126961421496945, 8.213324153402617;
  1.78149152355389, -0.6025789344085911, 8.259948867116485;
  1.749401504551786, -0.8991982051513691, 8.119818540660685;
  1.796304570143303, -1.189858428713072, 8.258629138573729;
