m=[-4.975306505417622, -0.09550415081725554, 7.519044701807663;
  -0.7856357307607428, 0.2193969498805117, 2.776260470320358;
  -0.9378442244602663, 0.5433759606465547, 3.337184717896003;
  -0.5888188268517547, 0.3392666420527933, 2.766830716020917;
  -0.5874909308798162, 0.3539274112104505, 2.79145844925059;
  -1.540065995770755, -0.03490261275600859, 6.18121224221361;
  -1.544299463100527, -0.6123704028381103, 6.224224083337283;
  -1.555338609992548, -0.5930257675365085, 6.329395626916563;
  -4.247677381516701, -1.815391490671632, 24.64902312032201;
  -4.754360583179834, -3.00105494404817, 29.15165597091408;
  -4.782584514819784, -3.160903246572527, 29.40408445361451;
  -4.68724604522698, -3.269393495214068, 29.51032199598037;
  -4.602440682667401, -3.397025092826567, 29.10354169027631;
  -2.526082103417896, -0.9604777921777828, 16.4157878397343;
  -0.4867466124811251, 0.1253325537366525, 3.970821027164871;
  -2.895541973483725, -1.300920602887431, 18.80089896744652;
  -4.531432946811891, -3.122452305674159, 29.25471790653482;
  -4.582928537967442, -3.58609839258501, 29.90146617461521;
  -3.974797805120348, -3.030764001413866, 26.52348485792245;
  -0.4786172396597587, 0.3286948118124426, 4.104875122977142;
  -2.226694776580529, -0.998832451970166, 16.30521718559992;
  -2.88598242998581, -1.867043924211484, 21.05019020039207;
  -2.300393718990612, -1.684254305585073, 17.07575894069545;
  -2.210113632152306, -1.404912594383353, 16.88987644410253;
  -2.272631912896912, -2.088150781977901, 18.40874394632404;
  -2.09883447580804, -0.9444203918796066, 17.2893521980704;
  -1.960396729011279, -1.303750903226981, 17.39314677667602;
  -1.871187633889941, -1.24579806181418, 17.20911638151179;
  -1.79243398865124, -1.639958707177868, 17.24242608806062;
  -1.830823025894118, -1.592694205648396, 17.68902109473577;
  -1.9002855751272, -2.031665743204478, 18.81278614269795;
  -1.934869290439189, -2.302634225667602, 20.91974622074734;
  -0.9854396403383309, -1.410400079313273, 16.87548369234444;
  -1.16776652724493, -2.017695052461485, 19.56307958610394;
  -0.4880887258130913, 0.2040365043316904, 9.004993358613634;
  -0.849492506579912, -1.086005545244999, 16.33117652833967;
  -0.7061126138245431, -1.211378703497132, 15.61250865067699;
  -0.6422231591122803, -1.208309429738537, 14.07450669648857;
  -0.3462061481949162, 0.2296333809809181, 8.160027539244418;
  -0.6693201052426576, -1.624789585675713, 16.50937120984549;
  -0.5158994491438235, -0.4996778765197407, 14.04907832140823;
  -0.5578021289162112, -1.678095279832303, 16.46528013136648;
  -0.5221643362328033, -1.700106691086756, 16.51489106177333;
  -0.4656488147682488, -0.3925038137442152, 14.98628044700193;
  -0.3334637375707719, -0.5465252057354006, 12.13017743848525;
  -0.2814350917090827, -1.297566654295118, 13.69115001763899;
  -0.151780282456237, 0.1797377959351711, 8.04093384441634;
  -0.2757961062518404, -1.307515862899283, 14.54698292411893;
  -0.1842396238081, -0.403555674333153, 11.26882963331289;
  -0.287743254407868, -0.9149413498654926, 18.77292977077812;
  -0.2941186248993616, -1.17881632189825, 20.4761448846834;
  -0.04555416644254423, -0.08377275262657553, 3.34546118207758;
  -0.08832584207363804, 0.1739746787677922, 8.304224746723756;
  -0.004725182317627497, -0.01955743164014367, 0.5486897435009074;
  -0.1583335273589364, -2.407578714998015, 17.5239453415012;
  -0.1941354548960411, -0.950976568798234, 22.89842398466673;
  -0.09997181252013558, -1.492690286455553, 14.47235324461579;
  -0.1211172135822408, -2.64799549233258, 17.80993429982445;
  -0.05150001034911741, -2.613927123203425, 16.91496074595388;
  -0.01857444367089825, -1.766517629707489, 13.40060719614971;
  0.02280018260061176, -2.521082354835883, 16.50996337055031;
  0.03895727028621377, -1.897375774704522, 15.08857521355372;
  0.04289414668241622, -2.380059874718723, 16.04713736309413;
  0.03725163072877452, -1.040672974337383, 12.73259938315135;
  0.1010285506836775, -1.370800836512274, 12.15026599793253;
  0.05554969018301314, 0.1886164981007976, 7.631602391338029;
  0.1211824625858584, -1.59459652371721, 12.23840623342787;
  0.07222472965665819, 0.1365511161319686, 7.640468058205256;
  0.08323678925048164, 0.3237129916565283, 7.365779167480172;
  0.1964878606723563, -0.9826631168224925, 11.55513896876598;
  0.1321503700680782, 0.198315657880761, 6.570940122746639;
  0.4421833338244359, -2.04195465974771, 11.99942631244021;
  0.4083037088773871, -1.499003003757142, 10.73550362274317;
  0.4076646877372624, -1.597556050492423, 10.87574036209665;
  0.6297648078592159, -1.339061719948198, 10.48709019019806;
  0.549219481569126, -0.7883314110675715, 9.010307197446915;
  0.2264326745416117, 0.1248117822139659, 4.258105883187054;
  0.6233923231452545, -0.9973153398197771, 9.428667890695223;
  0.8170561240780981, -2.422041487954779, 11.56891785039652;
  0.6934755563591221, -1.234183091759004, 9.774664389693493;
  0.697590232005092, -0.9315067656984741, 9.763419043727199;
  0.7926439403594466, -1.453620835946694, 10.418724096127;
  0.8941562913051371, -1.15533463442842, 11.29005514257093;
  0.7593520270991655, -0.8612086012655058, 9.598271330576795;
  0.9236774820811199, -2.017028852976468, 11.21760203833126;
  0.608807141360688, -0.3755234009036503, 7.580642338679695;
  0.9913411160985172, -2.339061559604758, 11.56191631466066;
  0.9064501733600695, -1.191120590708703, 10.16099294497393;
  0.9547447242028067, -1.473561558456693, 10.29826034823346;
  1.064336601567958, -1.674544777806347, 11.2627821857513;
  1.303659063839747, -1.737051037339554, 11.78329633655561;
  0.8165998855184808, -0.1048994225123774, 7.296660247710925;
  0.3866590534523943, 0.1838800939900397, 4.010483903556837;
  1.349271001437511, -2.275104474427027, 10.93893238311875;
  0.8415690914828785, -0.2435439052046982, 7.092664972757385;
  1.023313521062824, -0.7608538100398422, 7.867838881729564;
  0.4294540608608424, 0.180307848418754, 3.943088662951469;
  0.4409910895422979, 0.1460156873730643, 4.003346019353281;
  1.130098103466403, -0.9771319104096791, 7.93802628007465;
  1.134591015285024, -1.505936244942878, 7.914275922093365;
  1.174526321284156, -1.534323861972035, 7.764816953318412;
  1.201110945259473, -1.465108990714769, 7.457334059975246;
  0.6006844861852542, 0.3160778894676828, 4.212555010095705;
  1.300451264355939, -1.488626405284571, 7.478299725699038;
  1.353618954474471, -1.433161593215259, 7.46734641548541;
  1.344175575227017, -0.7791845772414272, 6.868719011217459;
  1.3430096372305, -1.203593916469492, 6.794659629753858;
  1.382823925619682, -0.7795581576026144, 6.867711104003722;
  1.414452239958962, -0.2573225820362935, 6.922923619615336;
  1.410242381633434, -0.64977378532695, 6.897116645232272;
  1.420344857928055, -0.5360477824768928, 6.9074384222901;
  1.41523722282528, -0.4720766352675661, 6.882448289863163;
  1.448449677810834, -0.5346870375908543, 6.920799512766251;
  1.459291858014545, -0.9019685960630489, 6.939505162464045;
  1.484623048272963, -0.5741060802200787, 7.025559208763143;
  1.432184766022117, -0.4410970411916168, 6.768356697021088;
  1.475411996284001, -0.9458179739484364, 6.893145995924472;
  1.514949095524591, -0.5124225400990814, 7.024115411087982;
  1.468493114220092, -0.7548103560835613, 6.815986830154165;
  1.509876146576266, -1.000130428423539, 6.941755505725509;
  1.529902048739007, -0.6442660264514974, 6.962150686953787;
  1.563079150589631, -0.9977229124201285, 6.948588636875206;
  1.595032748090525, -1.110561248053575, 6.994976293553182;
  1.581234586655484, -0.8625601601146556, 6.905650373561556;
  1.600725327132923, -0.8784868797697979, 6.943643264829853;
  1.612025634192748, -0.9857087911324888, 6.960381635391676;
  1.630331280053669, -0.780733743622674, 6.956317286969076;
  1.659871841967149, -0.9301644452823126, 6.979957229656652;
  1.656920455339296, -0.7132907701655555, 6.948374333160699;
  1.704428805787111, -0.6473589104398018, 6.986814989356595;
