m=[-6.268324527955972, 1.959921216424652, 8.988800184643912;
  -6.225547642211582, 1.948910844459385, 9.612438997702204;
  -6.379335587855999, -0.01816254229780732, 10.76200316625944;
  -6.322241353333271, -1.901192625317082, 10.95245237159038;
  -6.135801755253593, -1.043168224056979, 10.73004084056286;
  -6.306214013413938, 1.974725295572323, 11.12180181590338;
  -6.700732254708944, -0.2235377898127791, 12.12035930588953;
  -6.711932481188267, -0.5316663505604642, 12.24107981094602;
  -6.422658192633763, 1.495341163772102, 11.79946961361833;
  -6.679659892266103, 1.669232786526461, 12.5430596605654;
  -6.70723781847277, -1.124949195598094, 12.7659430128208;
  -6.802748089006589, -0.5331615664863078, 12.94670490943451;
  -6.779609527453642, -0.5091987321591187, 12.92505367332033;
  -6.282371586259157, 1.753012147794945, 12.03038813990119;
  -6.812686380378084, -1.793080510562338, 13.0682701073851;
  -6.60796410019495, -1.599231699164907, 12.90657550896217;
  -6.637364839982444, -1.705748788710062, 13.15533602875249;
  -6.53069448021424, -1.918666506822848, 13.10812819374302;
  -6.647487075239053, 0.05423613818534095, 13.46136886571601;
  -6.555304063459595, 0.05912995322828216, 13.50856218888075;
  -4.556273407099146, 2.059888091683928, 9.783898567584529;
  -6.527845682012267, 1.010031508289449, 14.27999486984378;
  -6.510024516888704, 1.972457360674688, 14.27249112633491;
  -6.47230902979454, 1.569732148453263, 14.23926024804668;
  -6.407784412312156, 0.8887205373098392, 14.18782392077296;
  -6.475793972986264, 1.526861123369849, 14.35485174283244;
  -6.467325833199134, 1.17112015933424, 14.3585863630122;
  -6.515346915316313, 1.305863448267008, 14.46018461191497;
  -6.410481062840247, 1.942155563384335, 14.26347380534307;
  -6.416369719489683, 1.026805195753273, 14.49260975889443;
  -3.298471851289551, 2.073940098593491, 8.890450292873339;
  -6.444543618269513, -3.270244714395756, 16.51539365822557;
  -7.12072138904879, -3.851878494404657, 18.23986622090811;
  -7.118037675898726, -3.787308329573507, 18.38961928100768;
  -6.61588080744068, 1.527660002549601, 17.29107341171129;
  -6.600345314850444, -1.545536659756901, 17.31439294264128;
  -3.44180836699302, 2.09470136390695, 9.494288326979271;
  -3.291157910923354, 2.104664356491661, 9.235025054135607;
  -6.620212410409924, 1.813429401898044, 18.09945892842022;
  -6.536004930519891, 1.995116950820184, 17.99287246733307;
  -6.662965485527776, -3.326410177039293, 18.50677664153258;
  -3.265459978043669, 2.117624712538495, 9.546640309899161;
  -3.269270006462938, 2.114017078087759, 9.839779573911496;
  -6.222793708863438, 1.969304065077592, 17.9092830606266;
  -6.513466643086041, 1.960573631574681, 18.830195678416;
  -5.038995771409404, 2.061638465297215, 15.23701675430209;
  -6.443529871683934, 1.998211536351451, 19.53337019508406;
  -3.364414021300671, 2.069749470033044, 11.01491238549699;
  -3.289433063429038, 2.116051278986318, 11.01437634514359;
  -6.848828129486185, 2.100191749902897, 21.92893661011472;
  -3.541965265791883, 2.114842607102825, 11.90285350147311;
  -7.16755449154373, -1.344148822047555, 23.18550980257851;
  -7.227424206629658, -4.670301230482445, 23.53004470293439;
  -6.841256014918219, 1.544026780686339, 22.24195084778708;
  -6.968776829587032, -4.78819854856272, 22.78717541103518;
  -7.464331274196898, -0.5927419454164218, 24.23849337278543;
  -3.200578094692173, 2.126282800783494, 11.05718278462446;
  -4.403468049934154, 1.541326607003488, 14.94269268690934;
  -3.400762356780866, 2.103354776926, 12.01658141373768;
  -3.495472515994192, 2.082783047127079, 12.37806463219933;
  -4.228629253606846, 1.284618716057773, 14.89224351487401;
  -7.397881860924591, -5.26776007163362, 25.5044022717778;
  -3.978930263493647, 1.010561511390246, 14.5059889926256;
  -3.287985740889248, 2.099806330085163, 12.28325311535835;
  -3.980398290330184, 1.284098186773927, 14.71441568173434;
  -4.155081753801375, 0.8654174858251698, 15.42067805025478;
  -3.464796666400168, 2.130227809480862, 13.06359925497896;
  -3.892669760136551, 1.141871004501306, 14.71918315031533;
  -4.062526737301286, 0.801530209726068, 15.35756081812716;
  -7.01152400522533, -5.012819786186025, 26.27250193042726;
  -7.016472586448332, -5.140370389772466, 26.57807395098006;
  -3.20096063792913, 2.114182175694721, 12.66549862355574;
  -6.906386366328984, -5.303806943066738, 26.59292965109103;
  -6.895477286534622, -4.791632184147489, 26.7804535487861;
  -6.902120122554483, -1.10993450444355, 26.80520536136532;
  -7.161992929148807, 0.8805767575378164, 27.77552758308104;
  -3.630160781547954, 1.426701257413587, 14.58063950174111;
  -4.101563050305573, 0.9291046949839058, 16.37771640369851;
  -7.681336040133861, 0.6771504608974014, 29.88411222843114;
  -8.421517460050472, -2.696390966054385, 32.78953255307002;
  -7.744865213850316, -2.781529325877101, 30.25443005203913;
  -3.395153765122466, 2.154076606310615, 13.81341583964278;
  -6.239928725800676, -5.376843271424883, 24.80044565580246;
  -2.968341633350041, 2.078694325794748, 12.33118753650546;
  -3.579584608434797, 1.517109094513613, 14.7450389423129;
  -9.143260800644043, -3.112961282192754, 36.26984846064966;
  -9.195698803862706, 0.1631156386324247, 36.73206839988988;
  -3.38991289628017, 2.145439078070276, 14.20684209459987;
  -3.526505021133073, 2.135929999396866, 14.83400724841413;
  -6.484281888896258, -5.520564721044694, 26.87984423355507;
  -9.079101733684652, -4.492270685114391, 37.2228305951742;
  -9.055591792722638, -3.131208312751306, 37.14876346162304;
  -3.445060231319065, 1.159001886133243, 14.75036120782974;
  -9.020213242371924, -2.68577468463551, 37.32059423814797;
  -3.37963557724181, 1.510761183410647, 14.69102260746671;
  -6.54348146427356, -5.716158169562029, 27.73107035231696;
  -9.131047200650652, 0.5553769101234791, 38.35917467134434;
  -7.613141818650538, 0.8391084206083845, 32.15701158662262;
  -3.483457394596293, 2.173672513153015, 15.3847476567941;
  -3.27152820506863, 2.126720462647672, 14.63586259254878;
  -8.111151668878069, -5.473358612817801, 35.95894374615617;
  -8.503937989151783, -5.913860725746576, 37.73239940240458;
  -3.179940022299142, 1.519208338039016, 14.78382700263128;
  -2.965893979768914, 1.166229916884056, 13.95393176316881;
  -3.071522494948483, 1.453151793281966, 14.73835378611177;
  -2.859551402532078, 1.27700157752591, 14.77536977618669;
  -2.797864207437492, 1.193321857760658, 14.91264493609987;
  -2.924786959021474, 1.1852448667918, 15.85313108704156;
  -2.691294774892825, 1.165699439873837, 15.1882758066625;
  -2.799975739246983, 0.6875908028254185, 16.76007646985388;
  -2.92402441676236, 1.175688727342767, 18.68845345940061;
  -26.01593501725312, -13.72009230712046, 159.7458948039495;
  -2.573739947825307, 0.9732184629892294, 16.83391114284701;
  -20.85289415907299, -15.00996030336885, 135.4267712774911;
  -15.39351286737412, -8.524896371545333, 109.326149108102;
  -12.78394944296402, -7.366895771691188, 92.60829613333112;
  -14.17293202458635, -9.37664864948894, 104.1877081362535;
  -3.565079446758563, 0.4843612784640398, 27.24541834922292;
  -11.84199835464479, -8.564788153148964, 88.73903640905475;
  -16.13663871409557, -13.6553815448377, 122.5480072416189;
  -10.6606833339616, -6.225649667487792, 93.82931093320076;
  -9.872097947054149, -5.728279576451514, 89.99914333069403;
  -10.6147295474675, -8.284091509355811, 101.5827571847159;
  -18.25163870242509, -19.99627922375246, 174.1573993226816;
  -9.578536735625052, -10.37682525318385, 102.3474375528735;
  -6.707462490938033, -10.51811081223241, 91.46388467912792;
  -7.994480011566949, -11.66807937480224, 110.1547705028989;
  -6.759000347231493, -10.71388323314221, 112.7900180544572;
  -7.406728972326145, -7.974409143415653, 138.8120761164819;
  -4.730837384292808, -7.40493610435117, 94.85430754218248;
  -4.276095821912888, -6.486606524100569, 93.6465350751748;
  -3.846803375433177, -8.458924979798276, 93.69451470367325;
