m=[-6.261862989375995, -0.1077395563337653, 9.602652865981085;
  -6.191902382847536, -0.0611724334913827, 9.585663315813225;
  -6.204300941477929, -0.7558509746614937, 9.72688880424723;
  -6.17323080820233, -1.948455633506849, 9.719257133320799;
  -6.141126817389684, -1.138568460376243, 9.749454974301393;
  -5.976721907459719, -1.693242514030138, 9.56983337661516;
  -6.335429971321181, -0.2853148461551795, 10.18735652336788;
  -6.219339058291631, 1.860596425121724, 10.02576730479406;
  -6.106595082168011, 1.825908888951264, 10.05748233634443;
  -6.579150379937858, -0.6246299957326661, 11.03788844305996;
  -6.559378005130032, 1.585528037915599, 11.17179690557688;
  -6.645308481646753, -1.222186900532263, 11.6714591704369;
  -6.661351367677498, -0.6288252044880283, 11.71922159839741;
  -6.282039916547384, 1.652906519460005, 11.07329379072729;
  -6.57668299002114, -0.6836856864500837, 11.70028004560159;
  -6.542261155298059, -1.715652276564606, 11.78103581999862;
  -6.468291818644386, -0.05780282151286936, 12.1547300417161;
  -4.464757636845096, 1.944484490661536, 8.652019321567623;
  -6.404478729572576, -0.05143385040768726, 12.25067344140755;
  -6.369542582916714, 0.8670023320975172, 13.0007501462792;
  -6.403743463134152, 1.767829776731815, 13.04955052492753;
  -6.407259562814009, 0.8022667901244502, 13.07773241112233;
  -6.351273177351482, 1.811467580749029, 13.00364068614177;
  -6.354296561401181, 1.428241233411491, 13.04909365849009;
  -6.27210460998405, 0.7527167907428547, 12.9505804144679;
  -6.391264998537345, 0.5231943956216992, 13.20728987128524;
  -6.31710996532359, 1.462506656637952, 13.06823528004769;
  -6.33363173058151, 1.029330245266887, 13.12821822524135;
  -6.392610942270258, 1.394566501826881, 13.23574976129242;
  -6.323122159539945, 1.156827091382047, 13.1129478730232;
  -6.38651345885411, 1.820566739416215, 13.27044302842134;
  -6.241604791968269, 1.89200108854462, 13.5182425062051;
  -3.349941463294277, 1.969329793935235, 8.31798370104115;
  -6.457021175594218, -1.656327822453974, 15.98455401032198;
  -6.655864300239216, -1.478752214945111, 16.5521385555626;
  -3.174351295072495, 1.987017066574166, 8.358203499104187;
  -3.212506711411167, 2.003648086110788, 8.739968815050856;
  -6.53303409184312, -1.604069578431415, 16.91964598421115;
  -6.53847809429121, 1.640149578168095, 16.95857539306765;
  -6.494279648374655, 1.833698101198404, 16.95828273102723;
  -6.594507543571734, 1.831908259362327, 18.13682026488296;
  -5.082647723392523, 1.948275892982518, 14.4263880786584;
  -3.216612509478532, 1.984043630983988, 9.850903150113892;
  -6.04625318188961, 1.9283605314962, 17.90538159862386;
  -3.137677945395955, 2.000037409125962, 9.920882233464601;
  -6.669871016537117, -0.5781152175566516, 20.22844339034722;
  -6.889470620453606, -0.6287777075981832, 21.1935985494875;
  -6.855286125199436, -0.5360072365968935, 21.26221041339192;
  -6.378056846607161, 1.489616723633716, 19.84025286343204;
  -4.487965973341821, 1.429883950022771, 14.26720697390202;
  -6.698972419222068, -1.672442071581273, 20.92536561598375;
  -6.549787931751764, 1.307275236787365, 20.43269262033942;
  -3.317393814709012, 1.961235971153551, 10.81455494656078;
  -3.296361910006987, 2.027986895426345, 10.785722756238;
  -4.101734191356064, 1.130370434065324, 13.54452242510376;
  -3.335740249525359, 1.973017254532142, 11.18479366847665;
  -4.210207201293054, 1.601218529127759, 14.05290441190567;
  -5.094468773173296, 0.916023135855223, 16.83294352787425;
  -3.963976044292094, 1.078056936017807, 13.53405419341327;
  -3.341365441105948, 2.036032923256108, 11.53891159397982;
  -4.14787769900884, 0.9313286751853155, 14.14935024998009;
  -3.932136054954106, 1.149953011669327, 13.61816184754176;
  -3.321437319860784, 1.944142909348124, 11.63815471558103;
  -4.066789433373981, 0.7244253179793798, 14.18227885833622;
  -3.792823703325956, 0.9937508072479809, 13.4341945890281;
  -4.050642222909449, 0.6734278069178614, 14.38365967645489;
  -4.301317820242631, 0.5160813515272064, 15.2405786270098;
  -3.273187282621814, 1.937065986436067, 11.79174103522601;
  -4.175760928578884, 0.5664611406014648, 14.83394617110139;
  -3.778194525746079, 2.15072168368332, 13.64081260729517;
  -3.12124054292819, 1.963012050850046, 11.44627548521627;
  -4.452623454487926, 0.532770042495738, 16.12235717215912;
  -4.260451536037806, 0.6209561483075872, 15.88672582082829;
  -3.280680209236846, 1.976781453791357, 12.46336369814728;
  -6.671005918717036, 0.02561300336439437, 24.53045069371374;
  -4.161302944784028, 0.8150971604300246, 15.69051117967986;
  -3.445848253967897, 1.345300879958649, 13.30890711334447;
  -6.984261283895341, -2.181530912522288, 26.12033297118121;
  -6.44614486872527, -1.251982739604613, 24.17702204523888;
  -3.457618775666532, 1.286597991761582, 13.4228824216089;
  -8.906265283883032, -0.8744794897083151, 33.46394068304192;
  -7.635273205398913, -3.026960106820723, 28.93299132322584;
  -9.068936165265908, -0.5916428492385318, 34.11113375781043;
  -7.481023347354628, -0.9446360499974557, 28.38008631509521;
  -3.379690622264379, 1.932950859266785, 13.34274601064406;
  -9.694398733621615, -3.422289093770321, 36.67593120231445;
  -9.064210608605297, -3.413178993534797, 35.06050474186075;
  -9.050607705962259, -0.4117229617549803, 34.99490148617712;
  -3.297733602803047, 1.358590413345499, 13.44166041528007;
  -8.983184205339617, -0.1574653448085494, 35.0508713698769;
  -3.240951674637947, 1.283844464536725, 13.37992389873583;
  -8.785711683632995, -4.67916750838396, 35.13307738508597;
  -3.267022857335904, 1.918604417864682, 13.57204164599692;
  -8.766838792534946, -3.349073159664803, 35.08613790399474;
  -3.234142497539619, 1.987881301304007, 13.57233721420931;
  -3.144263305203267, 1.264988119645233, 13.2542492980248;
  -8.318070447519727, -5.748341251492799, 33.78055890522173;
  -8.676087540741523, -6.055213740203794, 35.21815255980114;
  -8.556422065903085, -2.234471479444631, 35.539091920422;
  -3.053517143113531, 1.343548379893468, 13.32035818349831;
  -4.299394179817059, 0.7523160337277408, 18.40697712964168;
  -3.042626286464947, 1.272724587658277, 13.34305854605838;
  -3.120203358234347, 1.106021555247478, 13.71032965803802;
  -9.6292545137927, -4.839873481062241, 40.55765643810578;
  -8.056856010633831, -5.933720245069253, 34.86235530376288;
  -2.964332313178037, 1.285101400723755, 13.34191876955515;
  -14.07452726762319, -0.6243805379544392, 61.10412480376494;
  -16.11241467105947, -0.480659748141071, 71.02701709267528;
  -7.850520664932469, -5.760614171968453, 35.22833026990831;
  -20.33928291429209, -4.193200170131452, 91.11980208676293;
  -16.75342281049327, -0.20393708216827, 76.18181241962498;
  -9.561064572030368, 0.7330122149471522, 44.64510618222688;
  -15.39090909032633, -0.7063827750588558, 71.59054171815748;
  -2.74910923780454, 1.047805298807044, 13.75465777301757;
  -38.43804866105423, -5.481891522047451, 180.8105314855939;
  -44.97129743321006, -9.935420031470642, 212.3609275852132;
  -10.3257815589203, 0.3943075116473003, 49.46411966807357;
  -2.724142811841346, 1.422970971088744, 13.81064040249938;
  -14.74214934027433, -0.3820500369563009, 70.73863946095879;
  -61.6598802143909, -16.06758064036981, 295.4569589289705;
  -2.746109373386872, 0.9964341698396557, 14.05312018903734;
  -39.39599986085675, -7.25154871705505, 189.6286188240454;
  -25.93778485454276, -5.156623408368547, 127.9890970013542;
  -2.56565883642972, 0.9917956555901086, 13.62034204369451;
  -34.25584562866902, -9.610213243820009, 171.4390114725988;
  -2.85144199167592, 0.4010105718541662, 15.61180703397124;
  -2.981816664646984, 0.645159929663415, 16.73466217939563;
  -2.753819663463229, 0.5285386737296587, 15.59474510945269;
  -42.53692369848373, -14.62592362669425, 228.6529618345449;
  -2.914260897584617, 0.5700534326654171, 17.4172582769509;
  -25.41143088050995, -10.79773165375729, 146.569186888279;
  -2.717355819635061, 0.9391411757079835, 16.54698112686916;
