m=[-6.306546121340214, -0.2133738355055073, 8.652197054830214;
  -6.342334555500942, -0.2438356246406633, 8.706570657103992;
  -6.255039974687415, -0.2705442967326502, 8.624273565131325;
  -6.123295800442215, -0.3120634868538088, 8.52274960339833;
  -6.222508141388823, -1.316839578157854, 8.767456321001093;
  -6.249392735226132, -0.9329993646359583, 8.807565227472527;
  -6.221982578271931, 1.693544438621197, 9.107867712468334;
  -6.692331895332542, 1.420105966112367, 10.45601145085322;
  -6.655361470660502, -0.8349525099835438, 10.73780514265675;
  -6.621090919731765, -0.8958209019447591, 10.79976255728369;
  -6.658127967927259, -0.9889584025304055, 10.94581356567169;
  -6.548936156119857, -0.277237014677003, 11.33950502222471;
  -6.397805824444485, -0.2763787183099125, 11.28503886491885;
  -6.361149627765794, 0.6366721010642784, 12.05830518703015;
  -6.345696836718958, 1.247509777188688, 12.04286896028996;
  -6.408221538800626, 1.535320708440302, 12.15005816450581;
  -6.499285165816381, 1.182458023868802, 12.32299303219141;
  -6.400382409283764, 0.3607576785350882, 12.20129570401766;
  -6.359041114871896, 1.58599008729479, 12.11412440919944;
  -6.359552980472592, 0.9512618428289225, 12.14274026447706;
  -6.340447750958651, 1.196079458863647, 12.10963601107915;
  -6.185006035672227, 1.669297866602975, 11.82954218819993;
  -6.412745656616124, 0.5305042755713282, 12.28974437108105;
  -6.345274666827503, 0.2868300068795749, 12.1854372977838;
  -6.350343434512451, 1.238071298676786, 12.21986021943241;
  -6.398434597663954, 1.157134901234905, 12.33203743676337;
  -6.352882693305372, 0.9329658326634606, 12.25299574404082;
  -6.280821592356666, 1.555916668513122, 12.16031642108843;
  -6.297462152893248, 1.672616401934665, 12.73541054768305;
  -6.821492805600106, 1.436285480747671, 15.19995781256861;
  -6.497531973453325, 0.7952870975097461, 15.12855512546353;
  -6.561690223729745, 1.453556693400418, 15.44108875646087;
  -3.900002514414285, 2.15948378168192, 9.579792597067918;
  -6.506697453908706, 1.546221013852383, 15.67919437320985;
  -6.258492647723808, 1.267821256231103, 15.38692196586291;
  -3.184557393674877, 1.825085283373829, 8.598290800028096;
  -6.23461305100366, 1.415182061456137, 16.32756347118858;
  -5.311669149792182, 1.600907325579006, 14.05597055528003;
  -4.908993749784842, 1.634158718126527, 13.08600827745704;
  -5.683079181825162, 1.508503664576523, 16.02749204955763;
  -3.187069006218724, 1.784776642028651, 9.404709100777298;
  -3.248450816319489, 1.744138949290854, 9.722937514799057;
  -3.189412579515175, 1.7865418251369, 9.577383132044679;
  -6.666922422428618, -0.9587188984362808, 19.31082912410173;
  -4.111959705161318, 1.642997099947719, 12.29507469506403;
  -6.895667429840531, -1.034955456704215, 20.30780191688096;
  -6.725635829157935, -1.11981810176721, 19.94748511541778;
  -6.642420887259484, -2.058035208688402, 19.82329826602111;
  -7.200288417570823, -0.9836506396457834, 21.38632087317943;
  -6.398356994673072, 0.9013179865557669, 19.12318613722281;
  -3.094699658692774, 1.785073793779659, 9.73812717697448;
  -4.132170891047661, 0.9071343270297895, 12.76025914366664;
  -3.186633150608989, 1.75563698876342, 10.16841975078745;
  -4.002615930577714, 0.8407942846530847, 12.76473386152772;
  -3.701630748110766, 0.8521850044087714, 11.98448430464513;
  -4.043356452907609, 0.4657696587402946, 13.21329912185233;
  -3.280173219618789, 1.740523167691852, 10.94137081159579;
  -3.766470428626171, 0.6861454319830866, 12.50714320902633;
  -3.932956737898661, 0.3997895452470689, 13.0996754561914;
  -3.144396787619939, 1.782567789546347, 10.64953441224637;
  -4.074456250804229, 0.2825319179653763, 13.6006385242691;
  -3.955400919597452, 0.2874529351277269, 13.42414180039882;
  -3.298832731736392, 1.710069240080526, 11.47763412290432;
  -4.349813677878661, 0.2140518398122103, 14.88106741321116;
  -3.239254758050442, 1.740183599439098, 11.45133340926818;
  -4.120770057727592, 0.3114522874047189, 14.50142023069813;
  -3.391419943370934, 1.090866320375256, 12.23724603794823;
  -4.244254133745946, 0.5449546984347355, 15.11773607300473;
  -3.402080788867823, 1.029994575186765, 12.34564034825096;
  -7.075581145733301, 0.06404315533351263, 25.02018244496153;
  -6.790909859990601, -0.4430888933005645, 24.11328208832897;
  -4.581806274898874, 0.2731766380490768, 16.57534332084227;
  -3.342229436567128, 1.680450261913089, 12.34509376529328;
  -6.626772575739972, -2.530564649746576, 23.91601873420754;
  -3.368670964375337, 1.781607318016325, 12.5824219382225;
  -3.257506251785971, 1.785175161275385, 12.31583196978762;
  -3.184649544000459, 1.027829690782681, 12.29351558606635;
  -9.615123718783284, -1.340346566207414, 35.31200467429073;
  -9.729464807595042, -4.189261761575697, 35.94931306042355;
  -9.291838613781971, -0.1846011425441381, 34.39919162060234;
  -10.97610412742871, -0.9746990581410048, 40.6033663364298;
  -8.788126730084741, -4.121702861342944, 32.76624061736285;
  -3.302335552903183, 1.702871795387452, 12.8641423157031;
  -9.439107162990517, -1.053135879123266, 35.33140369884235;
  -9.44491657900827, -2.256803465332296, 35.39733744664425;
  -9.366114643815497, -2.424436324313313, 35.59371589908378;
  -9.263048935451206, -7.116285519220215, 35.39061752380093;
  -9.181725704822124, -0.8591074985613924, 35.03083763310594;
  -7.830001565593425, 0.3803031525658854, 30.29942187093383;
  -3.032614260165171, 1.099179848887088, 12.37123513896597;
  -9.000053915772057, -5.520781240536771, 35.05430278268733;
  -9.180577362470816, -4.246452711769134, 35.83027746380151;
  -9.359351504581174, -0.1370586993847156, 36.49735049210322;
  -8.799662970374774, -6.809571159241693, 34.73181437793388;
  -8.752358565482268, -6.841491511177835, 34.58245270133974;
  -11.48812861466018, -4.090826873416258, 45.56734994115386;
  -2.918327238161054, 1.030601853569078, 12.28512452777489;
  -8.577498844167465, -6.770357304047628, 34.7614527813382;
  -8.564801332369468, -7.116331491212158, 35.4237860447997;
  -9.860925851452439, -5.799028340529891, 40.6359916813371;
  -19.61820878247504, -0.7579090666051762, 81.08765721077758;
  -11.27823238146345, -6.592084862635316, 47.47219046255817;
  -8.850735376420715, -6.886279415645098, 37.48334545844433;
  -19.06720075934858, -1.376257037920635, 79.67163154105815;
  -9.152798692506719, -1.817355269777778, 38.9049781985492;
  -2.769466516129264, 0.7377202897127073, 12.42215390921449;
  -2.744820194257278, 0.8783164685283281, 12.48048042942729;
  -7.762305383081082, -6.447614346460775, 33.9958260507913;
  -15.4946355767025, -2.031708269552545, 66.61968740381747;
  -48.22381862878907, -7.329331090133554, 207.3153110567;
  -18.11191310663129, -2.162850979140166, 79.26197207543441;
  -2.670116846646088, 0.7000682881600367, 12.49177364812034;
  -2.682783256551063, 0.7805631335590502, 12.58997699476191;
  -2.693750249369444, 0.664048774578083, 12.77129635023687;
  -2.637617551526484, 0.7184321793931313, 12.69298456521004;
  -22.57451430286316, -2.376267057418263, 102.0405651070736;
  -18.06123854868437, -2.241590647909659, 82.65374027301314;
  -18.91241879239522, -2.650276736192752, 87.36595803199188;
  -2.530650165532093, 0.7389285885451193, 12.60278932229142;
  -8.255445648295947, -0.4774886030615868, 39.05914145962467;
  -46.38044390304585, -11.09679315153472, 218.3784107775985;
  -66.79225277145137, -18.27273950507128, 315.3492579508813;
  -77.85724168010748, -24.83048836123743, 368.1101654596113;
  -60.6604922776452, -17.13161493669396, 292.4101869697644;
  -21.65878978708173, -5.446289887249413, 106.691743412072;
  -34.22763223010463, -10.35705885051487, 168.7596967358169;
  -88.3079050011084, -33.99833989767402, 442.0647936335054;
  -2.908099246152796, 0.2558656886463415, 15.59306059161414;
  -69.66207702077223, -31.84664029996111, 375.2227189459059;
  -2.671351830796694, 0.5493754922277866, 15.73259658525145;
  -2.552977069415331, 1.392603506001293, 15.37642547640708;
