m=[-6.394027299628977, 1.371581893439621, 8.695509616251375;
  -6.959827195044161, -0.6922750549665711, 9.57348536716828;
  -6.6953368183202, 1.404001984594116, 9.665594144767677;
  -6.682912341773198, 1.259195176509538, 9.693833348866889;
  -6.464104629752358, 1.597722122249947, 9.552786116371692;
  -6.851461049091273, -0.988665493063833, 10.05065545697306;
  -6.779388071281354, -1.047061319053245, 10.05929905648874;
  -6.798666652694307, -1.46885000735444, 10.13324493202048;
  -6.821537209977497, -1.68017348713539, 10.16951609108329;
  -6.735341484363146, -1.131348718167758, 10.08512561753128;
  -6.735341884385065, -2.095553913890408, 10.09056308719378;
  -6.575594622984154, -0.2918463024434658, 10.16279654340696;
  -6.68225371704424, -0.4174575227053749, 10.57573095355161;
  -6.630291197554333, -0.3407378854363606, 10.56125520821028;
  -6.458578396546827, 1.567479777577939, 10.45069365067174;
  -6.577758424030844, -0.4097901604189514, 10.61435597717689;
  -6.573052217955299, 0.5161258621936976, 11.48615467022836;
  -6.532428752434351, 1.423923898422715, 11.43848737984303;
  -6.543557186801104, 1.142668312162714, 11.45464638765506;
  -6.481251673266503, 1.032412666802009, 11.35484108391284;
  -6.514984455254324, -1.824577838462375, 11.38917839665043;
  -6.51797371405441, 1.483081332153023, 11.46474146073841;
  -6.558891533609136, 0.2228706746638391, 11.5325627472725;
  -6.510936712859524, 0.8284176676804572, 11.47062217845489;
  -6.507169240131588, 1.085106533179598, 11.46937876007026;
  -6.480013554381751, 0.9834983923897489, 11.42354150103602;
  -6.456629434377229, 0.3928768933057587, 11.42433367071296;
  -6.557796085980975, 0.1498937709169189, 11.61382884132195;
  -6.49306118042868, 0.810799245771429, 11.56603395728678;
  -6.428163685673795, 1.448986998372114, 11.49491124152188;
  -6.258307948016896, 1.471307595986348, 11.34644325075887;
  -6.314609560002183, 0.5235386132672593, 11.43515780374074;
  -6.337936152354356, 0.5563571502121372, 11.5039472000977;
  -6.494706930760562, 1.44400876915091, 13.39236264232996;
  -7.034971800549622, 1.289501390700367, 14.72921905892758;
  -6.611295220190781, 0.6306778351115199, 14.45833288062775;
  -6.580126951974877, 1.265535298551108, 14.56633621339594;
  -6.413476961138065, 1.109832157325132, 14.83389296793417;
  -3.284184731150015, 1.667870865173694, 8.3898057664556;
  -5.282180800643127, 1.424235879041748, 13.07301182024126;
  -5.228988640678113, 1.577046899475068, 12.96796145973548;
  -3.243596382850243, 1.716977004601347, 8.809844388781494;
  -3.302920529710628, 1.671705316526931, 8.956788059904159;
  -3.2567260013118, 1.710483076876094, 9.009360736270617;
  -4.268686325458462, 1.55841897924974, 11.82049307205512;
  -3.150960900959608, 1.714254262888273, 8.985211747076281;
  -3.257580262499977, 1.684465177064937, 9.463604340809248;
  -6.603307552726343, -1.199292947968813, 18.20568937858329;
  -4.19256909004694, 0.763649784927557, 12.0162731884818;
  -7.337200456270682, -4.695852745180415, 20.42853092105175;
  -7.183610036610166, -1.130659627991954, 20.09056896274464;
  -7.073983561043671, -1.337004664324251, 19.88187116424636;
  -6.467245874719432, -1.334625040537512, 18.28814075565056;
  -3.257421400059601, 1.680155708725238, 9.704973889842249;
  -6.858659055321549, -2.400440843297552, 19.49235871387871;
  -7.442159265662466, -1.305110897154585, 21.1518316998016;
  -7.386393463559295, -1.432019434150079, 21.17893849984375;
  -4.115371350888133, 0.314079058471636, 12.51910003269785;
  -7.014053466197464, -2.394441227494504, 20.66478971694734;
  -3.801934305550986, 0.5457711900531374, 11.70563864315662;
  -3.053002387951488, 1.659284259788105, 9.666956844355591;
  -4.13073907702787, 0.2568857839451942, 12.79966325830594;
  -4.046469847467174, 0.1127945265153433, 12.5969440171179;
  -3.324699934849706, 1.596970278782993, 10.66250488750321;
  -4.193685523766069, 0.07231370302061682, 13.22564367397447;
  -3.279529488512075, 1.635786068421236, 10.68638485531275;
  -4.41829672937437, 0.0101289776629522, 14.18464789906712;
  -3.275797590854285, 1.621347767045975, 10.87071488695803;
  -3.594569643415113, 1.565436898968003, 11.92363623591345;
  -3.460293711923046, 0.9430136456351367, 11.54190425021131;
  -4.462936648868035, 0.1260479714868025, 14.71485707047937;
  -3.428823357131383, 0.8947983662371544, 11.53495673646419;
  -3.420007743149939, 1.676369450511542, 11.60876114852619;
  -4.37667524082205, 0.3755712828270032, 14.66747285155244;
  -4.576247846460051, 0.1137132914820542, 15.39492375135399;
  -3.549704193382773, 1.691111607007982, 12.19541208374107;
  -3.343236079275377, 1.005817792528667, 11.5438518025409;
  -3.725498304433041, 0.4522907629402528, 12.79558421483776;
  -4.252360699529705, 0.4665820366971398, 14.5413856403361;
  -3.120628823692649, 1.640324283552329, 11.0770767432645;
  -3.262447719708157, 1.04542883335809, 11.5793471106811;
  -3.228638580557825, 0.8981717126845251, 11.55385582551515;
  -3.292932644363932, 1.55142100296875, 11.94384303589067;
  -8.053912366010898, -0.3421611277020656, 28.05934948961387;
  -3.054855610642547, 0.9637305928399499, 11.56400519623115;
  -2.960522507044605, 0.9635681648996888, 11.53066981614391;
  -3.028165204738366, 0.9137361795333208, 11.78959683039233;
  -2.993875247580963, 0.8011116555489596, 12.65124032975405;
  -2.748096729079503, 0.4960200661906217, 11.89272289858601;
  -2.68115663796886, 0.5570993692771695, 11.65845522042253;
  -2.646421402019326, 0.6243550383897949, 11.54921547642629;
  -2.667832155682689, 0.5134162248651997, 11.78513920310896;
  -2.622685176552802, 0.6138326162172285, 12.15544298754362;
  -2.196966149100141, 0.6243550928623394, 11.39661197470101;
  -2.691368414786944, 0.1357437101741617, 14.83190898944256;
  -2.679591660858163, 0.355841259061117, 14.94155300696437;
  -2.920218606011677, 0.290976626355226, 16.34859767873614;
  -2.537939711142537, 0.3543158011313576, 15.08473862006249;
  -2.613865988264102, 0.2387836374027788, 15.72793032448066;
  -2.440705583098156, 0.9439974862837977, 15.82762410570348;
  -2.802104098831542, 0.6459387730709819, 18.67267757258459;
  -2.712958951131506, 0.4677396898326627, 18.27811785009218;
  -2.825513608960685, 1.213627581398128, 19.724327866519;
  -2.737847921673354, 0.5448852625850927, 19.26055352883909;
  -2.596912660573228, 0.441801275481827, 18.33059604474134;
  -2.677660539792999, 1.243318426656012, 19.80664357307111;
  2.35195116878325, 0.3868061316874569, 19.35852978121313;
  2.503985025091279, 0.01246546904428887, 19.8566378340191;
  2.637922895681463, 0.3959866640245515, 20.08847953286749;
  2.713878704674654, 1.321279891768943, 20.13677817187721;
  2.69596224861434, 0.3867585900128416, 19.67790982423083;
  3.137959927642644, -0.09001134776432791, 21.46500935909081;
  2.925451042226264, 0.2498846715075032, 19.73702048658421;
  3.176956626436459, -0.0967122739059757, 21.11554585538718;
  3.146981729822608, 1.102188699516653, 20.01259315766625;
  3.242546162886094, 0.3574646016689554, 19.96653718962302;
  3.363417473030452, 1.251740796211381, 20.14449604674238;
  3.338050142019971, 0.2242951793476829, 19.81647453148705;
  3.472488710417395, 0.3837060349322896, 20.4190440172433;
  3.531247969084163, 0.3795944870323327, 20.67307346087284;
  3.689255883518525, 1.012583460986698, 21.54532687425224;
  3.697956092842551, 1.096275839898539, 21.01422351376773;
  5.581074036191239, 0.8457059323427101, 23.27768055324292;
  5.6912327716249, 0.8789945736178272, 22.37656233704236;
  8.507881805793938, -2.44116488581605, 31.31670596815815;
  9.911303453075378, -3.373688360845654, 35.88586189000414;
  10.55508415328679, -3.422353866801332, 36.75925011022883;
  10.45631789448084, -4.134508824536058, 36.22006252454755;
  10.35840357286539, -3.462081304283398, 35.48324182845249;
  10.90250489161306, -3.910052929339568, 36.70305103728681;
  10.43354688623354, -3.994007983810612, 35.07766107858036;
  11.13789636008328, -5.943001168517368, 36.23795257996492;
