m=[-12.17453961343263, 0.1964985906866409, 16.33816133354918;
  -12.23453419211139, -0.2621029096014009, 16.42792252811882;
  -11.38617377575501, -1.120996895989677, 15.62142036414755;
  -12.27656080772634, -0.9524418094426818, 16.80323574582314;
  -5.396412181372759, 1.021975789883014, 7.997189602550663;
  -12.2049866022173, -0.7783389881050393, 16.84795223494555;
  -12.09682908175862, -0.660790624553056, 16.7420069302179;
  -5.383812996315211, 0.9755194431657764, 8.031057417308174;
  -12.179532480448, -0.7030497386273723, 17.06115893634144;
  -5.383680068791779, 1.076602027335452, 8.155332560860616;
  -5.354128878424165, 1.012020854440864, 8.150703303255224;
  -5.344124425396595, 0.9184452074121059, 8.156136176159411;
  -12.31855822776529, -0.8889743221948042, 17.61087551669596;
  -5.354013256230462, 1.06260883171631, 8.288641367967527;
  -12.26137922533706, 0.1155105996675227, 17.99434509316733;
  -12.43795350288681, -0.08267993125451659, 18.24160512328526;
  -12.17680660937084, -0.2638399778672044, 17.90127670140853;
  -5.295701560287912, 1.016387469475383, 8.357879538520542;
  -8.358652956855353, -1.396594020866168, 12.6358955974944;
  -12.24820710062289, -1.153541533458929, 18.18616819481501;
  -5.298885584196317, 0.9895710482312009, 8.431154465242388;
  -12.23492054585357, -0.5678628476167288, 18.19622091107328;
  -12.13493106579511, 0.1691926669584659, 18.09224255857601;
  -12.320290446003, -0.06109810998643739, 18.35462012402256;
  -12.09593136632612, -0.2413909488917554, 18.05817925006891;
  -12.201402621562, 0.4337081510884973, 18.21107041686802;
  -5.250687054977367, 0.9306253354119058, 8.4039676037509;
  -12.17951144997892, -0.1652315667248045, 18.1978795006728;
  -12.41443026769486, -0.9206523036204733, 18.58100456117449;
  -5.297394913743638, 1.004866254609907, 8.504751406472586;
  -12.02206334056423, -0.3263304674281269, 18.09588331266271;
  -8.318636988314369, -1.60351152555804, 12.84490503157761;
  -5.268568322661187, 1.064153313904792, 8.508467933399714;
  -8.233249629113832, -1.681859803975933, 12.94825165669348;
  -9.994305599642056, -0.9227371831811353, 15.64578216434089;
  -9.38689360342638, -1.258839549276905, 14.76029523672615;
  -8.21856314187775, -1.833560285069545, 13.06362977183335;
  -8.216724832960011, -2.18435319204883, 13.07819439623191;
  -5.073690029062087, 1.830016374839018, 8.453577121556059;
  -8.192465825915525, -2.287478201646101, 13.14911039150618;
  -8.167950037478841, -2.210688612547559, 13.13003438658437;
  -8.195354273037399, -2.032522994491074, 13.18764943617433;
  -11.62469242104248, -0.7417544586359856, 18.3412486672745;
  -12.09319653040314, -0.1036021377268365, 19.06106327452376;
  -12.2578973768304, 0.4298498209669518, 19.35146666480328;
  -11.80935011511836, 0.5525704212494351, 18.70116585918891;
  -12.08949970598737, -0.2969741401756363, 19.12825826465492;
  -12.19931184988264, -0.4774874182566964, 19.38719510551229;
  -11.85116454116009, 0.2788891247257209, 18.88929295280666;
  -12.30966035437588, -0.02850709311387979, 19.59977497875288;
  -12.2103779906829, -0.3684883390110729, 19.55171960783229;
  -5.296622673205664, 0.9786370846923698, 9.049538481069835;
  -8.042835053125303, -2.444542173772568, 13.25652466488456;
  -12.17093995733779, 0.1420662092971629, 19.57890890430282;
  -12.18410100473365, -0.0788705500627082, 19.68262562433136;
  -12.05053245369301, -1.02285517857598, 19.48748443207915;
  -11.65256515909448, 0.3683936506468158, 18.89355512232626;
  -12.13343183850202, 0.5312762588787725, 19.68455251366092;
  -7.920274376970633, -2.507315869807527, 13.21504226397994;
  -12.50625933821062, -0.2500094881555778, 20.58410549495809;
  -7.852954873162311, -2.499988418460214, 13.30970050616833;
  -7.94048953283064, -2.619000489782336, 13.54436323545957;
  -12.3170638149124, 0.03488219806332882, 20.90196536659648;
  -5.300973233674267, 1.339345197776585, 9.570815553628206;
  -5.513526721865543, 1.679350262150955, 9.977622661052232;
  -7.231814157600328, 0.4870902364657851, 12.83613988711099;
  -12.50970796505293, 0.08353784359988969, 21.8029805593558;
  -7.388395387481184, 0.7803568054968511, 13.29933877818871;
  -5.490883565891741, 1.674117945184874, 10.18631075794634;
  -12.20717345041914, -3.744299242788037, 21.49569216943387;
  -12.34395563326475, -3.368944616906552, 21.80856628586354;
  -12.39717455697187, -0.01730604918872305, 21.96816165266542;
  -7.0024528124985, 0.5146181038866443, 12.88009941696827;
  -12.19408551943536, -3.539237698279596, 21.7187501678096;
  -11.77979632073864, -3.041131786153888, 21.03670284121202;
  -5.378788623717063, 1.582692099868239, 10.14393269944224;
  -12.82241630329359, -3.661498040948579, 22.84884154903991;
  -5.318384866476396, 1.719384531708576, 10.07383521933564;
  -12.47489442060821, 0.09971688071393518, 22.29965481706228;
  -5.285438221761688, 1.801768037784067, 10.06862033890329;
  -5.086018946648068, 1.77529412919952, 9.734883272759682;
  -11.91080601257509, -3.167796132937034, 21.51820550458021;
  -12.44771169982256, -3.643929073711184, 22.49603356843504;
  -12.46625368323961, -3.877325108277146, 22.53343761611022;
  -12.49631734838451, -3.539781600775207, 22.62572680822383;
  -6.837023262950839, 1.525722317781025, 12.83417803441197;
  -6.733613044611342, 1.421106115430941, 12.65749278387793;
  -5.253681621356247, 1.810585380659706, 10.11191525152347;
  -6.912748593942297, 0.5076966409640447, 13.08592271801653;
  -5.480196585202408, 1.516423913166725, 10.60823914323437;
  -12.85461331280859, 0.05522348768340471, 23.5608018024623;
  -6.570871080990728, 1.162799145330709, 12.55408019863553;
  -4.905784492475984, 1.86824492738831, 9.633503462931193;
  -5.241507623330053, 1.725417390179058, 10.25435789726389;
  -5.275958252046975, 1.65556895876763, 10.38902012297005;
  -6.388372798772099, 1.271920127828003, 12.43802674161799;
  -5.186626899407465, 1.806060186549387, 10.30566608989296;
  -4.787627485576917, 1.868642162748596, 9.623369214823862;
  -12.69230731924694, 0.08195073861697923, 23.89804512198011;
  -6.389276763473228, 1.14199788572653, 12.52638031028113;
  -5.162664000872478, 1.711727492084905, 10.32465431571838;
  -12.51083531603374, 0.5468074865118482, 23.6096609062101;
  -6.502722219484917, 1.09754359380524, 12.84132303988042;
  -12.45532619730246, -0.2988619169704231, 23.70210770163918;
  -12.49727499498049, -0.4729554905583214, 23.78261129476715;
  -6.442879832553654, 1.369646179852379, 12.73984045268585;
  -12.45331778286737, 0.4215956947334887, 23.73450894100873;
  -12.50489559456873, 0.2967796877592936, 23.84212835697833;
  -6.405657782174882, 0.9129833985510012, 12.71240313126107;
  -6.434152942027914, 0.8068302504834861, 12.77287751798863;
  -6.372105306729609, 1.020256352973266, 12.68354137549774;
  -5.250080386607418, 1.546473731069643, 10.62763569429114;
  -12.4616543670296, 0.06942081279504586, 23.97097740099787;
  -12.46132436724519, -0.2611023519634206, 24.01506278862894;
  -11.75784570244176, -1.886339659703636, 22.74240065499621;
  -6.263375449952919, 1.073181280541117, 12.5876943141783;
  -12.22318672540929, -0.6778371954925611, 23.65623592067254;
  -11.68131407009341, -1.830514001190841, 22.70440637849185;
  -5.590342896977544, 1.438437402397221, 11.3956235873367;
  -12.22466216769055, -2.299791040994368, 23.74588467707583;
  -4.966519829795957, 1.818553751428016, 10.24049347488545;
  -5.955997522434613, 1.437742889364967, 12.08629432218161;
  -12.27272572836857, -0.4236837618293024, 23.89666523237982;
  -6.279136350611691, 1.032364808323469, 12.71702035582496;
  -12.21125899798224, -2.155248355261668, 23.83029917648236;
  -12.51662474788026, -0.0589575002156504, 24.4622677276606;
  -5.497761892340162, 1.462359274795078, 11.31063643238268;
  -12.02487177909668, -0.513504339574045, 23.64031321434891;
  -5.090672345663446, 1.783773718242391, 10.59638815880093;
  -11.9460596199255, -1.049663662835902, 23.54450912479459;
  -11.96697473974819, 0.07746049455593042, 23.61415677304153;
