m=[-3.633167753599986, 0.7038352552659247, 7.059184745141289;
  -3.393417105085935, 0.7752104121460692, 6.767126768530305;
  -3.527310744092356, -1.105078934098068, 7.63504081295283;
  -2.200549578784179, 0.389138120365145, 5.784337658179288;
  -2.155124316416156, 0.432314424784204, 5.711321100960606;
  -2.06803972860585, 0.3755215758762098, 5.66727748974646;
  -2.005818123873399, 0.3615484831480009, 5.661555552954758;
  -2.003054467764505, 0.3300790869406573, 5.682917886639689;
  -2.189652469517923, 0.1191225383040871, 6.211496972459716;
  -2.211962813634829, 0.121743050582358, 6.269168744770357;
  -1.96982120142175, 0.9922652386902959, 5.762822956012938;
  -3.595514205263764, -0.6218896103423625, 9.643559593616772;
  -3.733850365350427, -2.341558205939127, 9.957679163369519;
  -2.163185801145994, 0.1036553258775289, 6.245412682585938;
  -2.160373761536856, 0.07165507729367454, 6.251668821680818;
  -3.493296033828778, -1.170705030286682, 9.474577795448344;
  -3.554226716841446, -1.033559282346379, 9.632099378050851;
  -3.71748654776476, -0.6630766018642083, 10.20402628979286;
  -1.835367388686257, 0.5430168798727143, 5.633958031197854;
  -1.818370566051281, 0.5176004732959224, 5.630513175433382;
  -3.65178781811049, -1.190129933251585, 10.29722428554958;
  -1.778300102768385, 0.5787369328173057, 5.652350107208799;
  -1.739863200872641, 0.5569591174731424, 5.659930546690632;
  -1.722166879949157, 0.5937942824033833, 5.62677312432655;
  -1.784124855451996, 0.8716704158557476, 5.839013248939343;
  -1.766239450487585, 0.8773891784497856, 5.908248173152514;
  -1.745119521891301, 0.908553652668793, 5.919026407361673;
  -1.62445046480009, 0.5565621803273556, 5.666019091499918;
  -1.580780541209088, 0.5574560502666451, 5.67104309540286;
  -1.561583052531455, 0.5198480808808044, 5.620919163420659;
  -5.057005316756315, -2.07482631915716, 16.90977136445224;
  -4.916054424632105, -2.214508772150285, 16.49064429037128;
  -4.89338808610236, -2.357624198661004, 16.41929703217461;
  -4.898040440585754, -0.1301704074843867, 16.51865430319617;
  -5.032201557281367, -2.148875956344101, 17.02382555665784;
  -5.008004086354161, -0.4692783137582754, 17.00775778567798;
  -4.924955664145087, -1.382105010824471, 16.8812490120086;
  -4.997815397273874, -0.8318503396413048, 17.17380141320574;
  -5.009273370914264, -2.380855127645206, 17.16702444415977;
  -4.967722708749022, -0.9305749896217861, 17.08979099679667;
  -5.010901444310581, -0.7093340826344764, 17.24228903854148;
  -5.044857311995723, -1.231376301756376, 17.45536132341127;
  -3.688377175315109, -2.660699747606131, 13.07554803426561;
  -4.980010790454311, -1.026366004056678, 17.37546088616831;
  -4.851577888558329, -0.8464685747964204, 16.9736108036017;
  -1.483614794928319, 0.3118310539559979, 5.941346513328083;
  -4.863892618044983, -0.5962852528678015, 17.19022661872061;
  -4.913435319432452, -1.173679174072682, 17.41430062778662;
  -4.780381216322458, -2.422752956398512, 16.94148608843341;
  -4.828412961425449, -2.961803641779466, 17.08182745961045;
  -1.424594233345377, 0.5080164442698621, 5.825786838013324;
  -4.771097416149956, -2.349241319728967, 17.12547667061855;
  -1.448953605914904, 0.3251614101836395, 5.922501356753267;
  -1.432888709827478, 0.4616300731326554, 5.889496171875821;
  -4.591506096994084, -3.115095599558184, 16.97955868866306;
  -4.621740752784078, -3.021964983805805, 17.14020445904295;
  -5.246876914232717, -0.2457001326763879, 19.58592840893548;
  -4.891121756033159, -0.4919585216848938, 18.42052616067283;
  -4.482711125105277, -3.696355507796464, 16.8651287131998;
  -1.378116101674388, 0.366377084869254, 5.922566273553192;
  -4.793951930054486, -2.252545617713803, 18.13410208160138;
  -4.363977711749056, -3.639044716185968, 16.83799633703464;
  -5.463589613350591, -3.061888640115704, 20.99614118235093;
  -5.175005082921962, -0.5018643734345938, 20.30467036570753;
  -5.577578552449044, -0.8024640798188218, 21.79185880696926;
  -6.606198202087214, -0.3724140809449268, 25.71466318699351;
  -4.193349587894754, -3.5673164950776, 16.78187496930213;
  -4.146820664511102, -3.615951037237265, 16.64603125986654;
  -6.363968922831883, -1.441169296359131, 25.92590044156479;
  -7.95937601180784, -0.8443813725218172, 33.19861273247309;
  -8.901746917599148, -1.738828187499691, 38.10644515575917;
  -8.211151333607859, -1.330189772926899, 35.27657161622158;
  -6.024689325344814, -0.7783669180057178, 27.20591651550365;
  -8.18396253107068, -1.194608141271061, 36.60316427441458;
  -7.831543504164399, -1.314457061184668, 35.24914958922426;
  -5.566491044595838, -0.6335525585123186, 25.46666431118154;
  -7.528770674705323, -1.388099110254518, 34.18678222918454;
  -6.65922642597754, -0.9436755920175165, 30.57735202863847;
  -25.80520467077028, -8.903998370528932, 116.2654342538761;
  -6.076114437639671, -0.5801212896000689, 28.2511064815534;
  -1.453153789467468, 0.2452166037750588, 7.636835836122502;
  -9.313228965183857, -1.599115583014815, 43.80913371151409;
  -19.83948673575601, -5.743506441382615, 93.20881928952716;
  -20.16241613399484, -6.509967305692917, 95.24071793244042;
  -20.30010871397672, -7.485762679681479, 96.05899173121644;
  -13.5963091024944, -4.830574349027653, 66.75032087585183;
  -1.390202731890384, 0.2476213836781074, 7.797048008140388;
  -6.360365123795646, -0.9040770829454511, 32.09872639063175;
  -26.5510391096351, -11.70178261111527, 132.6701149101958;
  -17.47661304675314, -8.01411144384898, 91.23111264461127;
  -18.58605562451913, -9.576351428456004, 100.3084495648974;
  -8.36073957953831, -5.092126955606955, 48.0049178996489;
  -1.469641440458534, 0.4027031649337127, 9.346687087241218;
  -1.486930162097057, 0.3204977079635368, 9.55543318167366;
  -12.06236343917933, -9.13828037768312, 71.87367773261531;
  -1.425962770827499, 0.1024068014906723, 9.493460122933126;
  -11.18562549244581, -9.276515865527985, 67.95250451998767;
  -1.412665878055874, 0.3470478468992918, 9.50674818876821;
  -13.20310820785515, -11.36500126725682, 80.32655712210725;
  -1.424012761673398, 0.3094203596790713, 9.597822527906756;
  -6.787907764596605, -3.930113415517525, 42.97499640873006;
  -10.688488961083, -10.12819747688948, 67.0094576249379;
  -7.072913456080982, -4.617269540873711, 45.07140809378572;
  -1.373392873365562, 0.7066348052594658, 9.71581672567001;
  -10.25586384036789, -9.2224305775728, 65.72681479697714;
  -1.384246162131593, 0.157436100073946, 9.780048608945773;
  -11.5857308284511, -11.53120869656669, 74.90454835908261;
  -7.136049905390329, -6.336249830688105, 51.37936475514604;
  -5.831545734493847, -5.133069383490688, 43.6165623851734;
  -1.406935052293606, 0.03222719418783503, 11.40001253618401;
  -5.587638055097692, -6.600660082902341, 42.30727735978116;
  -5.691739942133257, -6.452854599237809, 43.72925836370393;
  -4.888121746319066, -3.673432449420881, 38.74180013440392;
  -5.717971638267501, -6.836652428259089, 45.56131102897665;
  -6.241991917136188, -7.815704029968111, 51.88617756618644;
  -4.151103107165783, -0.9841911488392537, 35.77493652648688;
  -4.880957104933891, -4.672547598004321, 42.6952455326247;
  -5.606569565069483, -7.721289408202675, 49.90741605315435;
  -4.866504862427366, -4.260099500862253, 43.94901409791203;
  -4.793420623275196, -5.714812453604868, 45.71029891408318;
  -6.309274843407007, -9.638022800902986, 60.65197463728612;
  -2.255987270164115, 0.2046748075532256, 24.88515244917768;
  -4.725815844391581, -7.391248682698313, 50.84110310245142;
  -4.141395730831906, -7.382026953416219, 47.79616164006966;
  -3.459739065527113, -6.206369573078744, 45.1258736902069;
  -3.487503361969143, -7.53798896112984, 47.69883453588693;
  -2.513678561100938, -6.078173322946597, 43.58979096235516;
  -1.166555299618687, 0.2511540782194741, 20.9795821834484;
  -1.187935263738641, -0.09841733716720263, 21.85559833689647;
  -2.025268917191229, -4.007509114500253, 39.91894182621535;
  -1.760758198640524, -3.08888634034726, 38.24677750495071;
