m=[-6.978715891871937, -0.9517658505830586, 9.268924035121364;
  -6.926453967012086, -1.01426942883525, 9.30719849845212;
  -6.909353354510221, -1.099803558586116, 9.372074630469262;
  -6.83851734536686, -2.079720855057107, 9.291524540928071;
  -6.91162218555634, -0.3732951607875636, 9.953487148867195;
  -6.742411118716204, -0.2865680873294732, 9.770746342356063;
  -6.719729486878962, -0.3587535206643545, 9.871215308295737;
  -6.710203991483557, 1.528123880570531, 10.75304940410751;
  -6.726446393221891, 1.246317767624836, 10.78359165166778;
  -6.765742056206522, 1.146157054754809, 10.84670048503662;
  -6.726496532470877, 0.5172601675430167, 10.78255474573955;
  -6.657925901016893, 1.584552426961185, 10.7210279278755;
  -6.66348277661017, 1.181463924494117, 10.75798230219716;
  -6.664139164502364, 1.088115391127901, 10.76075014136301;
  -6.671327757630833, 0.9220249563593178, 10.7698564738185;
  -6.654422968599766, -1.810583419555566, 10.68123952284393;
  -6.712924429869235, 0.2911861408735524, 10.82594676620896;
  -6.696389753755542, -0.1210649464371865, 10.79604234805824;
  -6.634519209627399, 0.4690506780348215, 10.75634289490519;
  -6.653895102725677, 0.3765893247764137, 10.81312954066119;
  -6.648990166020031, 0.2151324857683725, 10.80830119860056;
  -6.6427741351265, 0.7517466562119326, 10.82803994286711;
  -6.602988159928438, 1.100991096582547, 10.79079826385266;
  -6.590705354302548, 1.554519762489979, 10.79248017909894;
  -6.51420536429953, -1.993718101221509, 10.67017323316047;
  -7.104801778743931, 1.260259457788811, 12.96039666642877;
  -6.675992649961578, 1.566806387658138, 12.77707669441853;
  -6.800452209429031, 1.481410116794106, 13.2074023947895;
  -6.452314298888561, 1.498244513714812, 12.66007557923409;
  -6.702359677380388, 1.531123008741264, 13.36579506160366;
  -7.048598342200563, -2.026629007879595, 14.57853039985232;
  -6.648644434355499, 1.454736869761695, 14.56270327726027;
  -4.415380323095961, 1.689076634802691, 11.24283868605201;
  -3.447097856572097, 1.857122573374638, 9.014670727357277;
  -3.466047482150137, 1.781648328573904, 9.285947598926079;
  -3.411016814402268, 1.835011235184179, 9.175486213405161;
  -4.299106797777297, 0.8623938156187845, 11.3931150896482;
  -4.222288599207004, 1.268125415866802, 11.39855601484902;
  -6.807576337567543, -1.136358533759017, 17.83205363622405;
  -4.079602835941438, 0.7407879378287151, 11.17978586166864;
  -6.926780090902658, -1.233277327977859, 18.33387736741549;
  -7.163570770287781, -1.239030074883933, 19.21347481404085;
  -7.374950127169352, -4.624951002032052, 19.66800488141989;
  -3.937823338313885, 0.7097921979700104, 11.11476924165681;
  -6.767476116071448, -1.967963305401909, 18.34013631705355;
  -6.920659150848926, -2.319314023872822, 18.77033119595999;
  -3.934113335747702, 0.648294172067085, 11.16157518609067;
  -7.419733543140382, -1.18741701592826, 20.18400064791597;
  -4.328364178510241, 0.2354737725855378, 12.27848773483156;
  -7.346206290163684, -1.310320142625422, 20.16439902389;
  -4.135160445683707, 0.3354433949529434, 11.89373000777577;
  -4.231663146135423, 0.2027724212058994, 12.21738912455168;
  -4.273633800019297, 0.141747490974616, 12.36700040452984;
  -3.257782981727256, 1.865441241780019, 9.735961209188869;
  -4.20372282158236, 0.1538799639391569, 12.34120050897316;
  -3.775480901303637, 1.039954386742064, 11.29650265865932;
  -4.872909842943815, 0.6031621509444796, 14.27220222128475;
  -3.475127883232026, 1.80226752127307, 10.53841465245573;
  -3.67845507411392, 1.131463968514528, 11.14406581541611;
  -3.773308591155182, 1.730351121318774, 11.53502480503726;
  -3.621369380326731, 1.071428376625559, 11.11638096546428;
  -4.662804108032635, 0.09688112690430066, 14.00633924511427;
  -4.520840173641593, 0.5706690185965342, 13.66872650674461;
  -3.585105303134459, 1.020502771196851, 11.10113803065452;
  -3.517518958817473, 1.803982127010947, 10.97066807902309;
  -3.516157139048562, 1.144311916075774, 11.17615139926283;
  -3.946253015056055, 0.5641065961152594, 12.58626501842455;
  -4.730860176052984, 0.2146221222918548, 14.97372339395931;
  -3.435322735044143, 1.099703883492657, 11.17541199564715;
  -3.545314392312684, 1.732135316226872, 11.60296469448861;
  -3.398418531636481, 1.028631133821367, 11.19739594859515;
  -3.465739441539123, 1.721625162711427, 11.59324615835267;
  -3.514036750546516, 1.829496997352527, 11.9187689221322;
  -3.203067813457425, 1.097421216973597, 11.17217408328428;
  -9.494265191424368, -4.276830916717079, 31.84800991741458;
  -3.10098039986987, 1.093548560727818, 11.12475326411269;
  -9.379050506352444, -0.2492578085130178, 31.63087256750479;
  -3.126854393169409, 1.040923985981903, 11.25511432216186;
  -9.971190117244145, -4.257947630908816, 33.73231362376923;
  -9.891862740732274, -0.926923498235116, 33.59390340793935;
  -11.0906894598595, -0.8647722775434739, 37.94078125434066;
  -9.757428068169237, -2.738256168264818, 33.44549355737599;
  -9.818668121213598, -6.044417438237274, 33.60850524026296;
  -9.93127556328407, -1.65298921502693, 34.12646141285983;
  -9.966535493070376, -4.736989853920407, 34.15580379912419;
  -9.880931834671785, -1.850938262578419, 33.99204621681847;
  -10.01178779243536, -1.417250446492321, 34.45011657647205;
  -10.23472340549174, -2.49814713819294, 35.41245748680237;
  -9.986056178055444, -2.058097664246477, 34.84175754427487;
  -9.627650491887092, -1.67976352801117, 33.68306067759656;
  -9.675588591083846, -0.5058521282416815, 33.98976122659941;
  -9.744833193856932, -4.563287075503171, 34.30032139452079;
  -9.551288673770172, -1.170933042584647, 33.75666974920254;
  -9.86698256468655, -2.356939940027244, 34.97076678531064;
  -9.684324758462186, -5.940475383307004, 34.26093954856079;
  -9.661600969232049, -4.896612059269444, 34.2403400493151;
  -9.605442604118355, -1.389238369816397, 34.22528949736704;
  -9.618069791301531, -2.633536247872995, 34.28813384392458;
  -9.602031115443825, -4.727945435230006, 34.46573094514201;
  -9.534032451059323, -2.808692201808794, 34.48391263410183;
  -9.344392753725987, -1.19958893606871, 33.93079323981623;
  -8.760278191130611, -5.94338839318145, 32.39583146207655;
  -9.300333093500285, -6.081102867865948, 34.49124892255629;
  -9.419860713629753, -0.9474678779849791, 35.476277091503;
  -8.904697862256766, -7.342638878529827, 33.50179643699179;
  -2.862662469026448, 0.7642823610209313, 11.53306840595785;
  -9.603917179946411, -4.51261545218054, 36.32877781534495;
  -2.796630559402684, 0.9972905122519515, 11.43664148176012;
  -2.811618023908108, 0.6309585605913389, 11.49230140516014;
  -2.808857676724057, 0.9049224589685448, 11.54503934670692;
  -10.76303654125689, -6.031788924683648, 41.36149505424627;
  -8.800179272763836, -7.338315637548341, 33.95466158342432;
  -14.57402330796045, -5.330781627962705, 56.57656067348682;
  -16.59092328647244, -2.386989239726248, 64.82150889247718;
  -10.60827078648791, -6.719446111357114, 42.02188528533967;
  -8.426285702751057, -7.168309569618175, 33.72217606836348;
  -2.706028615006583, 0.7194073665740711, 11.62937853424378;
  -9.179551472881252, -7.603462128682508, 37.17475093919398;
  -19.28287061628311, -1.970274809055915, 77.64677240392652;
  -10.0819956008146, -2.283144792519861, 41.07261009104689;
  -12.50988956438494, -7.580851600060619, 50.86749730610941;
  -19.09279328317435, -1.498343732282929, 77.58057579275658;
  -4.451369013965302, -0.04984804367562335, 18.97013258723392;
  -8.385590975990771, -7.349345798207708, 34.91536156040335;
  -2.656642058006557, 0.7788173303442705, 11.80578922822237;
  -18.54191934543131, -3.199298447024901, 78.26863192898112;
  -16.67326117232161, -2.701034311958834, 71.63130576025252;
  -3.165512812064969, 0.01478158880327134, 14.51476043663191;
  -16.03653653536048, -2.340843696461321, 71.72417749567303;
  -12.16311351132543, -1.571427946887906, 54.9254298251761;
  -15.31845331291713, -2.571070327692699, 68.94713053888299;
  -10.32906133597155, -1.175606532734587, 47.25539582932908;
