m=[-6.509778876487183, 1.733525960313033, 9.141603580181998;
  -6.586101913152606, 1.648471850552871, 9.593455050213628;
  -6.584534635525028, 1.713546469956649, 9.6323844517522;
  -6.477654118304561, 1.225569536064172, 9.635081257900081;
  -6.483172405376762, 1.675060830916219, 9.652011086037057;
  -6.46065061753826, 0.9671645810352668, 9.682079474535424;
  -6.398489801477564, 0.7314200466312868, 9.675994899153771;
  -6.393049181595607, 0.7649288151369038, 9.692434957353822;
  -6.518864926784848, 1.707656166574598, 11.5308618230093;
  -6.425361456770859, 1.670980363033751, 11.64450903185586;
  -6.908080207106563, 1.273896280818533, 12.69788297806912;
  -6.703298098225823, 1.722612834319611, 12.40384977039296;
  -6.736373775729697, 1.234533404860332, 12.87328324958948;
  -7.335058764688531, -1.904004659750428, 14.26623700977571;
  -6.940996133112613, 1.146346146727084, 13.56519785693025;
  -6.78693403504616, 1.699635831522164, 13.89262107853802;
  -5.681065834825905, 1.728642289482794, 12.28491096845108;
  -4.079905002599666, 1.163133860421604, 9.82076952220941;
  -4.013524669137688, 0.9675300943375444, 9.760875851166638;
  -3.896267382691078, 0.9089559126587313, 9.720678225415966;
  -4.237599884073023, 0.5705582488595109, 10.5389544115734;
  -3.880681704723339, 0.8647767558736714, 9.745452000133293;
  -3.355150821497359, 1.780963851566651, 8.748657289177276;
  -3.770436131680623, 0.8396019218877772, 9.749211519773304;
  -7.016721923539852, -0.9069069305608867, 17.49697986722174;
  -3.757247494274854, 0.7824775718689744, 9.773187248546419;
  -7.005528254472015, -0.9883343584614013, 17.68407305407363;
  -3.413929420650049, 1.802449448561514, 9.098032372071645;
  -4.00124491143291, 0.3808059149419516, 10.53524269463206;
  -3.249504825843724, 1.849223266505936, 8.752349231008234;
  -8.094285827702398, -5.124486594044012, 20.53637747597029;
  -7.151163020281707, -1.482751739238894, 18.28724796608239;
  -3.300729143398718, 1.802335591347877, 8.928547667775307;
  -3.517823893302147, 1.117896699373111, 9.452724377581165;
  -7.25103567528932, -0.9678578945622006, 18.59142748538034;
  -7.346661599241719, -4.354935416595743, 18.87021668643095;
  -3.447163465486583, 1.811930950813648, 9.363729951481218;
  -4.101146673957979, 0.3713994575098938, 10.9586808544341;
  -4.040287652111015, 0.3127455545701021, 10.83587091052139;
  -7.06872255111271, -2.106692715176905, 18.33956891693104;
  -7.56122129067748, -1.916335515165453, 19.56815697061437;
  -3.256702751768694, 1.843736756395849, 8.970398209668254;
  -7.832506570872054, -0.9581087790196058, 20.42314294021256;
  -4.042042909474422, 0.3656953352369214, 11.02759284931771;
  -7.68271274519531, -1.075074371213015, 20.21607314283316;
  -3.415425633221737, 1.17150777871212, 9.598600953428317;
  -3.43049369552425, 1.202062547844539, 9.656163027522657;
  -3.273272234659567, 1.836177688758927, 9.309867932435061;
  -3.378390375103434, 1.12212670523253, 9.578066600116433;
  -3.354240909930124, 1.166805766461192, 9.575633414031872;
  -3.349194236657822, 1.256314691174163, 9.565665219124618;
  -3.295531153107036, 1.234648948828283, 9.595142047258534;
  -3.131947796352801, 1.820997740299752, 9.175196335114039;
  -4.632244558686187, 0.4299644072336576, 13.39720021100801;
  -3.219586129254271, 1.194001767579955, 9.597649219256836;
  -3.332509472907965, 1.80091128854524, 10.01162772007347;
  -3.961643877543987, 0.7536416496097901, 11.71863238687051;
  -3.342502656968946, 1.838914133351522, 10.26554752155224;
  -3.214536266764802, 1.846363968081434, 10.03185839615643;
  -5.319027075099942, 0.4538841966595402, 16.22978084194315;
  -2.988914211062836, 1.187487306538527, 9.556933799577264;
  -2.969067894312712, 1.180022311250627, 9.652335463665187;
  -2.915134131630892, 1.191672504741666, 9.583969194479415;
  -2.86537486042321, 1.110372255980047, 9.444323210074055;
  -2.715090624462736, 0.763373470356533, 9.50603678380984;
  -12.21453090442371, -5.373241171326116, 40.20193604017038;
  -13.1280768318244, 0.3009733433423947, 43.18576649516103;
  -13.39998541425944, -0.5915328669565289, 44.49864055523347;
  -12.5228564745525, -2.90263035469766, 42.03937152710988;
  -13.22938162263247, -1.5506198758965, 44.506218793524;
  -12.86692240674134, -1.765140056396908, 43.335420305448;
  -13.24362133972138, -1.210546590608359, 44.6144270388064;
  -12.79311796866403, -2.4667077707277, 43.40345883186772;
  -13.04247223902071, -2.03243655767526, 44.5945427380711;
  -12.78330342752073, -1.583898548751547, 43.77462043820377;
  -13.32719426019915, -0.9431822946014861, 46.08588403336296;
  -12.84678546391552, -2.418451510393001, 44.64331493562089;
  -13.49114422592675, -1.704146855419536, 47.01581691796548;
  -2.585212621401898, 1.092853295937411, 9.732555489746526;
  -2.63716320619886, 0.7679828315061108, 9.945798809534875;
  -2.59743038071447, 1.009324369400904, 9.841291643568288;
  -2.506013309767652, 0.9044991794271794, 9.6941620487405;
  -13.0600040656455, -0.5918740355619062, 48.20149755810819;
  -2.466596014023002, 0.8250888200831257, 9.786830421631013;
  -2.464874238574911, 0.7977191689294896, 9.938179764802932;
  -14.18522754721852, 0.5397191171114157, 57.14489744003696;
  -2.37302468661176, 1.53768012171676, 10.81222277933065;
  -2.343710683140329, 1.321404788964271, 10.76245665806515;
  -2.324992958136773, 1.49265845456029, 10.74919310371792;
  -2.644670318825947, 0.5165550414285949, 12.81922303971043;
  -2.643819853112341, 0.5780922985644644, 13.25066508421326;
  -3.174232857380142, 1.888185056138478, 15.97280638675983;
  -2.590078880812521, 0.572417262119041, 13.2473725301561;
  -2.571322007818498, 0.6827580663546232, 13.63471921059583;
  -3.020867855600263, 1.144874353199203, 18.38153048680868;
  -2.964017150143429, 0.9448056687256173, 18.26608680480902;
  -2.920065603357748, 0.7903995531668758, 18.39216878165427;
  -2.808686400146791, 0.4967345884060355, 17.95578992597065;
  -2.839963427383112, 1.005088519361371, 18.32063596699102;
  -2.712148826309701, 0.8822338103980336, 17.57190142890937;
  -2.778607192542866, 1.756513614033904, 18.85103323619229;
  -2.79688316026746, 0.6285452061844742, 18.99677789687942;
  -3.413850962156357, 0.5413141986578806, 23.80515990287546;
  -3.299582369737624, 0.2781123414320347, 23.37150542427142;
  -3.076608952311624, 0.5248257717448515, 22.37280741566354;
  -2.951686763575125, 1.664547878566082, 21.59875543026978;
  -3.392146529892153, 0.5124758944558686, 26.71727428907007;
  1.013054535524714, 0.4225643583469435, 17.93772026373615;
  1.144752929935693, 1.412753677508038, 19.72807275557714;
  1.289933431980382, 0.5144254891981556, 19.20421982168209;
  1.15319698685363, 0.3256869665613018, 16.86829911790691;
  1.419411848304732, 0.6766176929368518, 18.5185556477628;
  1.469623092241547, 0.46133357836992, 17.84292659120214;
  1.599870746254603, 0.6410533456715738, 16.8141010757791;
  2.382354363862971, 0.8261998332905904, 17.12433897358021;
  2.419254028440272, 0.7435077125953276, 17.18632015959877;
  2.466041851405436, 0.4544951041173746, 17.08658503340694;
  2.519648020776663, 0.8109006757653881, 16.84289634930067;
  2.62908580163159, 0.7528458829763668, 17.3592290898328;
  2.652110983390028, 1.715985114752145, 17.32416372790538;
  2.566153875283312, 1.476059607332539, 16.60189567423699;
  2.783089784398257, 0.6311071577290393, 17.70858350672443;
  2.628485659493758, 0.804533275806754, 16.77102203630268;
  2.808832677475293, 0.4436576470943271, 17.61525342852067;
  2.912811567893245, 0.1967986075619848, 17.76607614969031;
  3.0012302947544, 1.651041286118414, 18.200659533904;
  2.944311931086317, 2.015521533335161, 17.62013869066237;
  3.014532644599164, 0.09201406876393024, 17.83904464136051;
  2.984628281480399, 0.4314959252173345, 17.49307881205585;
  3.171871909660739, 1.567695099668183, 17.81651522860524;
  3.160937746770224, 0.7886590081737906, 17.10530791086562;
  3.140326850750284, 0.6400154564970912, 16.44380272838568;
  3.409010358624422, 0.8333787425373336, 17.65512042913321;
