m=[-3.317081916705535, 0.819886712835625, 5.974634295686992;
  -3.433561947352722, 0.5670728570383825, 6.710412493628562;
  -2.853032568327019, 0.8681245551932473, 6.169485112658058;
  -2.105894683698784, 0.6003662858647807, 5.069114676315707;
  -2.008432715099295, 0.4475620676748962, 5.043723270752753;
  -2.06294448833468, 0.3840561114741051, 5.159202989673115;
  -2.100954434497789, 0.1999517383687889, 5.531794565874524;
  -1.822833561840992, 0.5858719257929268, 5.001272349218893;
  -2.114967992575378, 0.1915313027161761, 5.651409493630362;
  -3.441787952511255, -0.4448489453717331, 8.582482698980186;
  -2.103131261594349, 0.1627965653379598, 5.640504048421199;
  -1.800036651370736, 0.6377512647740198, 4.992845460551055;
  -3.433242701712476, -0.4843591517703503, 8.666543413152555;
  -1.778734968602562, 0.6101148365568514, 4.99889881936024;
  -1.776156278847772, 0.6223742503032201, 4.999529546808008;
  -3.39399634015144, -0.7037252488940945, 8.679266923757036;
  -3.482984677260557, -0.4649038244307496, 8.930263200973256;
  -1.764849469671967, 0.5861917957227633, 5.003520577215928;
  -1.890117467656792, 0.9561001406072822, 5.297597928576982;
  -1.753791636073666, 0.6100737093999579, 5.006696371128116;
  -1.75229644602834, 0.6573031042339607, 5.004750391573508;
  -3.703012012539538, -2.19506206235937, 9.511345816757112;
  -3.47859140836592, -0.8816232196272278, 9.002464033086888;
  -3.664520946699426, -0.4482613143269982, 9.555183187482829;
  -3.612204334472748, -0.5054709752105268, 9.505052375963018;
  -1.745388382263, 0.5438300043049348, 5.101199712180266;
  -3.473275533966189, -2.058023068737198, 9.29152557189736;
  -1.682773932979375, 0.6240662525404253, 5.016382005530042;
  -1.733076448153744, 0.9365665618554004, 5.206561706845498;
  -1.716237337410367, 0.9442066079945769, 5.270935509569618;
  -1.565443828417058, 0.6219464809206768, 5.005444110695517;
  -1.551154534309333, 0.6164887512975833, 5.042748921241778;
  -1.529617206440212, 0.5927477524005561, 5.041643760069235;
  -1.461140653841604, 0.4108135476408985, 5.115724932565279;
  -1.368587197070265, 0.5785462351196937, 5.152323150433943;
  -1.385775561975844, 0.4035593388443206, 5.226314739332278;
  -1.37593696736613, 0.5594698342040776, 5.201343786102412;
  -4.996587738583409, 0.1145514104045715, 16.43663989137858;
  -4.929941364731953, -0.2176287704241983, 16.37133787579635;
  -1.339427884478674, 0.4834417350022657, 5.181389465940955;
  -4.849663127245304, -2.761775569997093, 16.30362098594385;
  -4.891827978667685, -1.133860186746852, 16.42192212773648;
  -4.931176129921729, -2.113069732618556, 16.59077420978304;
  -4.914835709215021, -0.6742384158934596, 16.55302367250369;
  -4.927884164142273, -0.4504382314166085, 16.60080146186362;
  -4.910841179486572, -0.9468848898228461, 16.66110587628271;
  -4.852715818162207, -0.7562091643434025, 16.59230236283768;
  -4.881322560619283, -0.6048139092989183, 16.71540095555661;
  -1.307960604376617, 0.4375194258180014, 5.1896575525272;
  -4.770482587647065, -2.002329142224558, 16.48592679543092;
  -4.791733923647993, -0.3391170346126974, 16.5699763665539;
  -4.811158855213425, -2.726530409638061, 16.7357574880797;
  -4.769739589983439, -2.189777081429043, 16.60647434377272;
  -4.741913945115394, -0.5989794196039248, 16.52528163295786;
  -4.718526913979587, -1.052341735761781, 16.48936197960316;
  -1.308336443411814, 0.4234232497484547, 5.275110009258334;
  -4.670429579481676, -2.067190444852892, 16.46389985018459;
  -4.64571074881331, -1.128835842155014, 16.47778237529964;
  -4.673682859178369, -0.3500637786364728, 16.61071939070566;
  -1.289728689611697, 0.4699674294511297, 5.299137162145255;
  -4.676766104949641, -3.575307113701447, 16.76276894596619;
  -4.6413302913629, -2.913043406149243, 16.84407121330039;
  -4.541704484362769, -2.7465717633855, 16.57083425062764;
  -4.421727299607364, -3.432760918743155, 16.37314811383678;
  -4.733917041021516, -1.976153571034357, 17.61561751891844;
  -4.324187842548546, -3.395704310745629, 16.43747165574206;
  -5.676438423533862, -2.402859638590701, 21.46542432853971;
  -5.653463799829964, -2.877057465687386, 21.46626990478983;
  -6.206985195893697, -1.014781970609976, 23.45146740415152;
  -4.929401344787207, -2.71905662857247, 18.86420756387003;
  -6.117948977157605, -0.2701488454539802, 23.39812992905811;
  -6.799984893982722, -3.174944226009017, 26.09803416445842;
  -4.128555511167722, -3.303786167623763, 16.2791313765585;
  -6.013830314491722, -1.849424130652668, 23.26135428398661;
  -5.055877302603467, -2.948186289985078, 19.8328829503237;
  -1.246774751657938, 0.8078890888489172, 5.680685264938308;
  -4.679760638275593, -3.640845063547044, 18.73136659801592;
  -1.238123660945992, 0.6980650584021126, 5.68553633096118;
  -3.974166909113212, -3.258380244339952, 16.29639483361107;
  -8.387175859493073, -0.9308105276182432, 35.25511232602173;
  -8.760754247602298, -0.8609590626776633, 37.43842055015588;
  -6.132321107054995, -0.379443110974756, 27.4374721535037;
  -9.151213285300207, -0.7292272826961035, 40.71838328159069;
  -8.378686003208628, -0.8512443625753391, 37.50594243452833;
  -34.40558902500823, -9.61472643972604, 156.0092172056105;
  -21.04535292612987, -5.749266684335801, 99.33996831279187;
  -6.627888353415798, -0.4331560823362311, 33.23587253610565;
  -1.422078359566517, 0.5389514271830955, 8.653134784609323;
  -1.407450627274705, 0.4486368545594344, 8.673571720068697;
  -1.375464297033531, 0.2236691808995728, 8.596685706026728;
  -1.371848488130256, 0.3713301614812952, 8.640651397535644;
  -1.3390798716542, 0.2368250470590779, 8.560669809296586;
  -1.350902396175508, 0.4780964698636611, 8.714686530337728;
  -1.310443608740611, 0.4262736790237491, 8.490310597101736;
  -1.262017991676098, 0.3346184675593484, 8.381210255015636;
  -1.27116044189222, 0.285668637643872, 8.633879644660013;
  -1.311303063380502, 0.8289482907601307, 8.896333996704449;
  -1.336376938785206, 0.541018252316314, 9.29558918905923;
  -1.326078508886, 0.7478168740726152, 9.703484037741987;
  -1.3149341681178, 0.1986565314966443, 10.3567037956908;
  -1.237666531995336, 0.6398444553114747, 22.40509387009845;
  -1.297950775556632, 0.2783151722549973, 24.08307240468341;
  -0.8982711631225012, 0.3983670012495537, 21.72447383712376;
  -0.5290740340521252, 0.57492018627302, 18.50982280184336;
  -0.4963943409568515, 0.4283596085792271, 20.65180468705844;
  -0.4200685234021119, 0.2580480018088784, 19.40841224499496;
  -0.2557346477439753, 0.2172197572446078, 18.03005886105711;
  -0.09616489237762936, 0.1870392392431831, 18.40107895983849;
  0.116009872387882, 0.1186346712207118, 16.69232739252877;
  0.3348427381741029, 0.124193200606322, 17.89324779186327;
  0.3690204673761535, 0.6933313390787758, 18.36974269485003;
  0.6292189347582203, 0.7492573708559587, 18.52499269827293;
  0.5236817536805287, 0.316327944125145, 15.57446982732661;
  0.4783587031836037, 0.4544934417283345, 13.32711130976416;
  0.4868614417239664, 0.2533077428854701, 11.89457747810153;
  0.5660743592367896, 0.2361204061572613, 10.02323482931142;
  0.7371412950287418, 0.293971969329569, 10.97438295528003;
  0.595323497454084, 0.1681318163495124, 8.708048097118883;
  0.7314105580640194, 0.3486552017851592, 9.542450372699651;
  1.007233890209696, 0.3161836645592943, 12.22898609722491;
  2.001491845632944, -0.376565278000667, 19.52883719883904;
  0.8337000478321398, 0.3340558643256128, 8.761905862675652;
  2.227029075913437, -0.3353958342554517, 18.85608621204986;
  1.848308073115167, -1.98618514736316, 15.55831728592978;
  2.130868294312518, -1.527193793615901, 17.07358655712654;
  1.959924989361575, -1.973867123267953, 15.28020252113682;
  2.60790177694507, -0.5884178650502255, 19.00669562096221;
  2.881760718232274, -1.069238753041509, 19.78957191183998;
  1.224289828479709, 0.4245833732934457, 8.800182853905103;
  1.238890006181137, 0.380747231925376, 8.801043643392648;
  3.52828363460174, -2.85629638456508, 22.65926940478377;
