m=[-6.506305180978271, 0.8239376082220787, 8.8576016762499;
  -6.443600181226567, 0.8573630851149126, 8.797816210543745;
  -6.716175431064444, 1.885638504483571, 10.2531692978988;
  -6.788792786842486, 1.870140580745005, 11.27974695264695;
  -7.142771068587893, 1.708530800618769, 11.96667396710207;
  -7.101114667927657, 1.290971188055797, 12.88855548665789;
  -7.125611932843402, 1.670867206669227, 12.98363837610445;
  -6.984044518609453, -1.875872003722656, 13.31136241071828;
  -5.818594308056387, 1.873403537998668, 11.59725704310608;
  -4.312223442251317, 1.120906736960075, 9.181749754190404;
  -4.134160497344563, 1.266777936197743, 9.009984425502138;
  -4.183779395571007, 0.9961170209163375, 9.162425084649019;
  -3.939560814502229, 1.004890837265001, 8.895601629059923;
  -3.97008968006065, 0.9036272270924095, 8.975297865728049;
  -3.917809138364248, 0.9571829067672705, 8.906909423661771;
  -3.565975888541979, 1.218048204604786, 8.653458980790619;
  -4.217209542776016, 0.5005903013199315, 10.13815009886872;
  -4.189544581884552, 0.4731085187679222, 10.25508234998986;
  -7.60044710939999, -0.8320538249372423, 17.91326456012935;
  -7.393362700252896, -0.8277103355684998, 17.46984708841105;
  -4.197754872166401, 0.4245172309069482, 10.30615820954133;
  -7.740239640643852, -0.7980456046413065, 18.45457074706623;
  -7.593002914247256, -0.9123222413429909, 18.12558488932568;
  -3.445484419816341, 1.266861265516964, 8.761316644272803;
  -3.421211793704795, 1.284138973811533, 8.718901441847457;
  -7.189945084546289, -1.334738214256501, 17.41830633606578;
  -3.426147007399256, 1.299965641581171, 8.777242650636676;
  -7.698103849644012, -0.8484695903045899, 18.71154759802345;
  -3.42022657726727, 1.223801894021938, 8.776084168313783;
  -3.383108132894064, 1.31925066183554, 8.738416620976492;
  -3.404911992594803, 1.269692708005847, 8.794448601720095;
  -3.410103488197373, 1.36520403434604, 8.809919036299378;
  -7.746636521349448, -4.430628364749456, 18.9532009797251;
  -8.14770881092841, -0.8123216846556848, 20.22860553868057;
  -8.023490151647724, -0.9481271156733218, 20.09581422852097;
  -3.252028635308708, 1.289724767645442, 8.77550992901857;
  -3.245093747080283, 1.367733353719477, 8.780776208617503;
  -7.726302795360555, -2.064226807748519, 19.95000620568639;
  -3.403313197438799, 1.929287524337325, 9.282245952163638;
  -3.159941368681618, 1.350233142037087, 8.736381357956853;
  -3.13778741003482, 1.216034490838213, 8.768832679863705;
  -3.332140173586986, 1.923723142141447, 9.314782746438249;
  -3.001509689654244, 1.275746455299504, 8.691561303033614;
  -3.031202783453463, 1.255564316949613, 8.770941386383823;
  -2.968049091571294, 1.257101646595868, 8.74196819342459;
  -2.973102320902548, 1.231187397616446, 8.862638387776256;
  -2.825378562910372, 0.8820374017031428, 8.977046721447135;
  -2.742724388577168, 0.9603733334897843, 8.781217306247276;
  -2.838299303470253, 0.8668075125123423, 9.307374366548052;
  -2.689067414062796, 0.8190888361750176, 9.059119093737573;
  -2.603310124018093, 1.188376406549183, 8.916465080214032;
  -2.593747942286063, 0.8575390484903513, 8.897456048178677;
  -2.599547505340853, 0.8407836410749578, 8.940689249068468;
  -2.60807542868945, 1.101223460654302, 9.001588160455661;
  -2.590250947606142, 0.9015344991438048, 9.056740247675547;
  -2.554759169052211, 1.003601660203201, 8.98712653481414;
  -10.61425779242164, -7.638370770055321, 34.78898439065542;
  -2.456045759789963, 0.9031424733791927, 8.876872653658547;
  -2.461858515151625, 0.8839587515086324, 9.062900113529217;
  -2.424896794184869, 1.669999657708036, 10.15105008457581;
  -2.383929743320343, 1.44658860220433, 10.07492241896927;
  -2.393076087242418, 1.358415244112643, 10.25618082324131;
  -3.304298749919453, 0.6132287671167167, 14.12262308244014;
  -2.831931335917266, 0.5479217648115721, 12.75345799850998;
  -2.842962526360275, 0.8326414902995193, 13.18389478305925;
  -2.794574222013043, 0.7317764814304795, 13.36041110693205;
  -2.940935519513266, 1.779326339518902, 14.66224415528832;
  -3.00956337516244, 1.74995811912803, 15.55136188750092;
  -3.435041625795401, 1.474146219963588, 19.86466718222567;
  -3.481869514413446, 1.292564123021773, 20.40988110689054;
  -3.395716962998364, 1.09294110425497, 20.33600817461827;
  -3.366255244694253, 0.7739434559304881, 20.45879250404928;
  -3.393676974013953, 1.386513317149097, 20.82876897031727;
  -3.251984852429057, 1.237433177930361, 20.02029277976343;
  -3.133049456912419, 2.167440653744001, 20.25357564553464;
  1.527778107385197, 0.724824260582724, 14.89269305391087;
  2.244998724342296, 0.8882692190727937, 15.05426191407274;
  2.252608221358172, 0.802381229346098, 14.93722190860548;
  2.289338211770751, 0.5354797157179754, 14.8081152403127;
  2.419994346352946, 0.8878521379027796, 15.07991085655751;
  2.596670979455797, 1.790175566602924, 15.83743362248287;
  2.511034067420351, 1.545540791627133, 15.11279231445429;
  2.500922421978948, 0.8741909771132239, 14.87654726293203;
  2.732440754150908, 0.5506130364494324, 16.05453246926406;
  2.764759771916542, 0.3172469193061661, 15.81263601214262;
  2.67653415106765, 0.8967529747373364, 15.35544490157832;
  2.777120253151258, 0.4758671514341386, 15.82361712711647;
  2.770259165731035, 1.635877102630668, 15.76010257486507;
  2.813855968252818, 0.2004440836448065, 15.63568729902695;
  2.821019933118358, 0.526368698790101, 15.48814511068674;
  3.027732038767632, 1.604990721442569, 15.93412181799938;
  3.188752672730623, 1.719259697978591, 15.81194986892315;
  3.195809262717992, 0.7638366556555901, 15.60484495794892;
  3.272155346140547, 1.558271553997547, 15.89474975160441;
  3.152829375450353, 0.8940153962214514, 15.31563251663665;
  3.237313757600664, 1.397022970403225, 15.67958940166096;
  3.998421533167774, 1.52137024722092, 17.25610427778512;
  5.964909309788807, -3.518714594084307, 24.44125370196085;
  6.276452335195558, -5.660854450528933, 25.38907697186346;
  6.33054015565922, -3.624138115399449, 25.21565432556691;
  6.424396342021457, -3.637175558528088, 25.17473308877461;
  6.435311055142037, -4.656154405971457, 25.20368415526403;
  5.891517027735429, -1.186262222109119, 23.12349017548366;
  6.53764546655236, -3.836211050537456, 25.51150419896668;
  6.640477162228028, -4.588506488296412, 25.8388969993723;
  6.385957704166588, -2.322818253726045, 24.56612998965511;
  6.664653489151329, -4.147880588150365, 25.47088264256144;
  6.804525039932682, -4.387906830733905, 25.54996353788812;
  6.755367126745249, -3.787022778514395, 25.2732954916822;
  6.89509660892264, -3.604836846620652, 25.58021361915953;
  7.001613911306027, -4.66253870456292, 25.90456492240199;
  6.830931869812601, -2.214382161693608, 25.16454702880542;
  6.876016883787072, -2.96785664174102, 25.20115713857281;
  6.942031191341139, -4.314501798750086, 25.38451553312695;
  7.037514488043681, -3.600105679679678, 25.64980789530763;
  6.981436855129424, -3.897399675707646, 25.38226014784481;
  6.974419676540196, -2.272244710832026, 25.26241223216231;
  7.232725545833232, -4.649672888858949, 25.89739779140728;
  6.95450407732805, -3.869447325203077, 24.53357838107334;
  7.315036032862305, -4.069348727032851, 25.59423467808843;
  5.023509859687424, 1.383508359977778, 17.96902304449811;
  7.425339632334441, -4.559137362719372, 25.83966415036653;
  7.530067910940094, -3.675976599349606, 25.93055320105723;
  7.564470925709836, -3.93433094838806, 25.93219069776886;
  7.567534792344291, -4.142651793300688, 25.87993003398762;
  7.968987716738066, -4.969596674504733, 27.0525842206745;
  7.6895847546081, -4.369619699351287, 26.11277146644493;
  7.615209037609461, -3.347044783383177, 25.76446886055617;
  7.547940987289779, -5.452568911168233, 25.4617866509193;
  7.582876175985672, -3.099489092114699, 25.56462460746707;
  7.530299490226301, -1.258082304256387, 25.35953801122507;
  7.882984912355536, -3.276084760891722, 26.22555874602891;
  7.65846637535356, -5.392267034524647, 25.49046229103619;
