m=[-3.450110453925334, 0.809007909942436, 6.286475731987995;
  -3.447649713786884, 0.6441174629947902, 6.331630355501977;
  -3.269361965900037, 0.8784880328512277, 6.226436934099719;
  -2.106369812757916, 0.6454279668117848, 4.590619841558346;
  -2.131853515578996, 0.5075735052418419, 4.668732808573984;
  -2.034732588725739, 0.5190132177089748, 4.594464048972168;
  -2.013048985443987, 0.4918197929766113, 4.576548868388703;
  -1.938185483746745, 0.4479157374175444, 4.5684481313465;
  -2.198921134930902, 0.2610158642459207, 5.28619512390406;
  -2.13286468866945, 0.240855881556201, 5.220782974423407;
  -3.409765626660852, -0.6329873775175988, 8.26047230138391;
  -3.451438270307348, -0.956673494227573, 8.487754750708218;
  -3.710719132334241, -0.3699564732626178, 9.212733951923253;
  -3.68544299605802, -0.4355047955176145, 9.230643572657238;
  -1.462213004824555, 0.456479204748928, 4.645874585916165;
  -1.371844305329071, 0.6262286582267331, 4.698634147005731;
  -1.290836167381115, 0.463489644062718, 4.751986832673609;
  -4.917815751902062, -1.648925149662047, 15.69409174324657;
  -5.21107505542137, -1.966776274389185, 16.67110683839922;
  -5.114163018262323, -1.812470064832491, 16.53765097488594;
  -5.152177374081964, -0.08560847136924507, 16.66183132430511;
  -5.152930263604813, -1.055939875752564, 16.84714887195544;
  -5.079476396968943, -3.655359121341024, 16.64834494721075;
  -5.133215852340346, -2.063839641768, 16.83316709445298;
  -5.157474409594269, -0.4612095330548165, 16.90176891926141;
  -5.146981753594034, -0.5700780684547219, 16.88631130016935;
  -5.167154906536448, -0.3294508241686674, 16.95564610925517;
  -5.129185169588173, -0.8476713495774132, 16.95184662618643;
  -5.111430105466253, -0.6532532202562426, 17.02858969063646;
  -5.154047345192399, -0.4943514080128688, 17.18808998614807;
  -4.988461569437279, -0.2122450397177101, 16.81066068610549;
  -4.996827221484077, -0.7966936958177776, 16.91966540035466;
  -5.022691713533534, -2.168669102406173, 17.03080828160493;
  -5.039093877569665, -2.722042108451873, 17.08649316733875;
  -4.861516286509073, -2.020413169341117, 16.70222580801209;
  -5.00309368781164, -2.824581033166682, 17.19347902112645;
  -4.707128547079934, -3.469943575936797, 16.45446275706133;
  -4.735715080036831, 0.04983663135650279, 16.5821564410467;
  -4.636331824657173, -2.791271412445315, 16.43794244034389;
  -4.868711456309029, -0.2241069370390903, 17.24593146196294;
  -4.703970070751584, -2.710859683717831, 16.7269843622828;
  -4.561817639415812, -3.416344633297648, 16.47257211985019;
  -4.809903876633873, -3.68547311667461, 17.32913767380418;
  -4.965060989228818, -2.836195278880802, 18.312874157466;
  -1.233117651858895, 0.6999718166085309, 5.284862308063505;
  -6.077123252040143, -2.912303407171204, 22.63764990803801;
  -4.236971844618187, -3.264796854874649, 16.28161068864714;
  -4.241005329644079, -3.357224024320924, 16.33921482516315;
  -1.399018052624339, 0.4097417625072983, 6.487776970107816;
  -1.423392764558302, 0.5284018866361149, 8.343585815833519;
  -1.394808657180901, 0.4489313245523343, 8.353122643476574;
  -1.382829859409476, 0.3179295812586091, 8.404303032770081;
  -1.376659625120964, 0.5624450759537296, 8.449279498895013;
  -1.319375144033727, 0.9127424779103911, 8.529091114590798;
  -1.391028645431959, 0.3004276263504826, 10.53826718625058;
  0.4429405488755523, 0.3006092780188649, 9.984262939166083;
  1.318884272818724, -3.269002545188468, 22.44328968301092;
  0.533588573146972, 0.2876284343176273, 8.752677043656108;
  2.187475185724969, -6.791891400630377, 30.77797885914168;
  2.040362182411931, -5.37396958337994, 28.03382742037677;
  2.595903293480743, -7.642385424005902, 33.22123311364314;
  0.6790802889064489, 0.3420858730704552, 9.462066154513607;
  2.489341816918606, -6.976161209923673, 30.34367070068513;
  2.575791258934289, -6.80016720664129, 29.02214379021146;
  2.251380937819788, -3.76326418788812, 25.21119090864173;
  0.6579795596393995, 0.3730419006451813, 8.0146177300844;
  2.753253814471659, -5.593312437801482, 28.58965312975295;
  2.825556865938273, -6.868271321763725, 29.20867100972778;
  1.975516758497302, -2.474280191791193, 20.59809771159598;
  2.915525366939694, -6.028717312719381, 29.03953428606824;
  0.7576531768010645, 0.1428973760653865, 8.14093334085451;
  3.092770182768136, -6.923880002927612, 29.80276528483595;
  2.398986622928494, -3.387629117554098, 23.03056450383589;
  2.6494060000271, -3.540476634385012, 24.92346768275957;
  1.958851005292287, -2.395595932960516, 18.78303966727308;
  1.736048242652655, -0.1947113176706214, 16.33348960182642;
  2.746343307980907, -3.488256082419974, 25.11821820501604;
  2.07677899995189, -1.747543746046646, 19.18811115138158;
  3.008259691239568, -4.518809991311244, 26.81623261841088;
  0.7963619144162281, 0.377818240085208, 7.762890104194613;
  2.09013260707291, -2.397492700421235, 17.58228827374901;
  1.602280074564895, -0.01408242689151067, 13.34050151816278;
  2.074720472426832, -0.2412040431215468, 16.14369208295774;
  1.905920244246618, -1.228732889687591, 14.46027823585803;
  1.914383272339683, -1.795677919164067, 14.31689337389747;
  3.107672765922153, -4.97612684594749, 21.69839545648458;
  3.524185114470366, -5.229263177229677, 24.08499564659275;
  3.003325006984463, -4.700635686898278, 19.98520395054838;
  2.468730157153775, -0.7791994727093349, 16.43991127288972;
  2.581905445812537, -0.2951007248045981, 16.7659479106374;
  3.393449147232654, -4.714783121874131, 21.60461312120012;
  3.195534737936994, -2.422758658799723, 19.99258845272518;
  1.15520375814933, 0.4570746205755115, 7.746436445925385;
  3.410288701537639, -4.68404284157575, 20.34306169942764;
  2.754137901507742, -0.5257989505864623, 16.61035331748134;
  1.205380719270604, 0.2819403972590427, 7.796758254257245;
  1.247391095069849, 0.4576452222823213, 7.772971265517796;
  1.259099069673747, 0.418787873087125, 7.77212846836219;
  1.328869671490792, 0.9161384079553412, 8.104948752335492;
  1.341068526309525, 0.8254273164473504, 8.071292373340132;
  1.341330404334758, 0.4688585805349494, 7.978802133136186;
  1.44139117290343, 0.290454155032682, 8.468934358827346;
  1.501481601672978, 0.1722899824296269, 8.587502714467451;
  1.488991878327244, 0.2551428310834333, 8.484053710422103;
  1.384879496376731, 0.4639936342800614, 7.945140843226602;
  1.458184851606905, 0.8610787177080433, 8.295665300461081;
  3.747058638924207, -2.467661751723552, 19.57111720612187;
  1.520153048947933, 0.1082875912392294, 8.446998705044146;
  1.43883269758204, 0.394742403576012, 7.9726006015946;
  1.50089934812174, 0.2800499307399275, 8.24033415267234;
  3.706800915243874, -3.795412894857503, 18.02760700210457;
  1.562549646538542, 0.8283023901641239, 8.223269462363353;
  1.611931866853967, 0.462044442542007, 8.157405631762622;
  1.648259606791589, 0.8886817525851459, 8.1731639134125;
  1.639281293426581, 0.3918078451856038, 8.004460943526931;
  4.160217284507211, -2.454122353467199, 17.04651669038092;
  4.203683954696737, -2.024507887035695, 16.84135685307679;
  4.198737747447164, -2.403713606253101, 16.72431057066917;
  4.487360419938407, -1.509254688455083, 17.73401630166147;
  4.256632707497794, -2.003431718799174, 16.70288778012598;
  4.241695564879364, -0.8540691951862677, 16.64814092196242;
  4.319376964775957, -3.125208076697902, 16.91669786198601;
  4.337012893173236, -2.544906552708572, 16.92409342189518;
  4.290231108421783, -1.682838518627241, 16.75460134145343;
  4.327422618565033, -1.504287472308381, 16.88032750642205;
  4.388363661831249, -3.032317504207905, 17.07565192736855;
  4.345963755275154, -1.58079404976303, 16.71848068657894;
  4.385192198764577, -1.676120657543942, 16.83787544602878;
  4.507241921272464, -2.906500820859248, 16.92401248715098;
  4.580826542812896, -2.394909490918649, 16.99447131253163;
  4.579238208898034, -3.049421984254747, 16.94226145289063;
  4.505117796972098, -1.46042336185928, 16.59645431002122;
