m=[-3.318155978617065, 0.9275452186030678, 5.326091539990085;
  -3.411702782852927, 0.8291995891045174, 5.750271690332131;
  -3.563908494863815, -0.9733079902535057, 6.034339989686127;
  -2.119921836587294, 0.5278759569453528, 4.170184493185797;
  -2.105432335224956, 0.4632236662521604, 4.162701827563274;
  -1.89599897063854, 0.5290499533364012, 4.079617017071641;
  -1.822823328885017, 0.6505306790761611, 4.050677352080422;
  -1.983579318118383, 0.3179401383705651, 4.326650405654601;
  -2.116974088065305, 0.2564121509160934, 4.708605654377815;
  -2.13845095808511, 0.2370865990898619, 4.77380408493801;
  -3.283603922270523, -0.2387672324265649, 7.412573523061551;
  -1.566608003077419, 0.6530940799067662, 4.091631357804425;
  -3.333231722830791, -0.5995847233217162, 7.614745414629454;
  -1.521286827552204, 0.6568409314302888, 4.081016707222729;
  -3.616631668674037, -0.3883353306609561, 8.439084045744007;
  -3.594230207658396, -0.3315587800120641, 8.472501850488357;
  -3.567936762952783, -0.3967807768378531, 8.48339830502286;
  -3.048469862969935, 0.2256793100961965, 7.59744710290514;
  -2.345211225448918, 0.3027088395316049, 6.108987740521402;
  -1.312492539907805, 0.5041155210731322, 4.276833685442244;
  -1.296629777576472, 0.4859966990153195, 4.312517016022997;
  -4.71357424473857, -2.465532536176365, 14.62238707359245;
  -4.745333461554811, -0.1942352375953651, 14.82429302222669;
  -4.685198677041996, 0.08326279207938848, 14.66700967304017;
  -4.660333899418645, -0.03943747166073129, 14.69561075600484;
  -4.632430106753636, -2.49013820699291, 14.75957289621608;
  -4.653503015445042, -0.9211642408736517, 14.82925351323044;
  -4.712818602372317, -1.866235946459775, 15.05200090178273;
  -4.646315693352531, -0.4765698228864056, 14.86741570689225;
  -4.677564865323791, -0.2647920659315546, 14.9759479851929;
  -4.586263889984254, -0.7255136598864509, 14.7869758600268;
  -1.244065634448925, 0.8799214807544323, 4.757231524690277;
  -4.591798130508152, -0.5544380142970765, 14.91955663085083;
  -4.570187754268443, -0.4018069230508079, 14.8801655946221;
  -4.590983503601986, -1.773432676745991, 15.05816578809103;
  -4.48708787836661, -0.1571981038440742, 14.74981964603383;
  -4.522872745615267, -2.418117833473904, 14.94433822409534;
  -4.524984626110789, -1.927752878653156, 14.96010887435865;
  -4.489971123026684, -0.8445949787547148, 14.90483717301497;
  -1.23128103881356, 0.7196316758367132, 4.825551603286745;
  -4.415034118155929, -1.809048232822044, 14.77671033818144;
  -4.469107920905185, -0.08116431400329575, 15.06769033559893;
  -4.370515501002443, -0.1615210169782179, 14.77187850741553;
  -4.338667973892661, -3.174936687142602, 14.76330119435559;
  -4.085742333336246, -1.682861242850442, 14.12315813222298;
  -4.308338884152218, -2.567786845887253, 14.86896444059746;
  -4.202043297235028, -0.1578801396612211, 14.52921525730775;
  -4.288070915824171, -2.447247111660732, 14.85080509874643;
  -4.097878253292629, -3.078367573949763, 14.77681337994231;
  -4.470896961738967, -2.53590140785374, 16.12097858216239;
  -3.945448285613143, -3.018297956935024, 14.7511965326875;
  -3.986658866476789, -2.967986723103476, 15.27674596255167;
  -3.83282331116707, -3.010619604360297, 14.92130298379715;
  -1.360979143052505, 0.3734324746239092, 6.065662970094769;
  2.476801404943531, -1.847551379282931, -9.185795703263667;
  -1.368096110867608, 0.712338124097944, 6.416534448448258;
  -1.370827674943037, 0.61311896924821, 7.541505824690626;
  -1.363745523922204, 0.5295613779263636, 7.606881933084101;
  -1.370513052195669, 0.3192664842723754, 7.750045208516006;
  -1.325076492968939, 0.327272582674372, 7.660386714912464;
  -1.318009590439699, 0.5640704212443521, 7.710665850229785;
  -1.333922777343368, 0.5304081112477064, 7.807529360303537;
  -1.272812288232876, 0.6129724256948597, 8.09550993624404;
  1.212219074580146, -6.226095787595178, 32.35185571772308;
  0.6606958939099376, 0.8716863503339061, 16.77879654883058;
  0.5923221033972872, 0.4519594753433792, 14.89177103985191;
  1.437092550701488, -5.35419445859968, 32.89379213695167;
  0.5712474687171045, 0.6016934457088689, 13.24571591112655;
  1.587242738500151, -4.928729204767695, 33.69750240952369;
  0.8393961694896652, 0.7692490922877595, 18.5372732068851;
  1.778522976902817, -5.516584705051311, 35.15708147452542;
  1.88869200430562, -7.226729929410233, 36.53422039048612;
  1.670026095786648, -5.497228604623714, 31.66530867286688;
  1.670433390845986, -5.190343350357703, 31.3767200778955;
  1.939461659946741, -4.652663599917173, 31.39681385988718;
  2.091605103015247, -6.176291168195376, 32.42777421636463;
  2.041759388804051, -3.513619791729504, 29.03089341705336;
  2.278001814815546, -3.656637537195496, 30.96330785968869;
  2.674412194419524, -4.121710637001497, 34.3909765371206;
  3.276230770038012, -4.067537143402683, 38.11246529257561;
  2.981417665937235, -4.36681901936054, 34.18772895107277;
  3.056442769957537, -8.332461454686841, 34.22749354168089;
  3.063053114127472, -7.967818391028323, 33.53623549025391;
  2.987198149032506, -4.895481513295822, 32.28646720387307;
  0.6950868929989474, 0.4201993812990562, 8.28961540623447;
  3.128967835024315, -5.266771745877501, 31.94153286307274;
  0.7153265637010299, 0.2806307091065499, 8.118941470253567;
  3.234408480271069, -6.466219572511585, 32.61990335044709;
  3.352846925808002, -8.05965383667599, 33.77363900623422;
  3.429195232489761, -3.784544895619089, 34.07121923826671;
  0.7731534393859852, 0.3175768363487609, 8.312981043124703;
  3.576800179792108, -7.278929026178909, 34.56956633914232;
  0.8716854461641359, 0.305015968278998, 9.024050639590094;
  2.694576026070804, -3.210966384392355, 24.74355371294888;
  0.8432407191061345, 0.1638353250756513, 8.355312846623104;
  3.705747696545227, -4.658999949689078, 33.01611401293972;
  2.267949524342352, -0.2386348428377299, 20.3969949143493;
  0.819700605516329, 0.4230465884163775, 7.866699491790488;
  3.473418397093864, -2.996087034996871, 29.56122332808704;
  3.492111590883311, -4.74897561006306, 29.56448961741159;
  3.562688206065927, -4.472943403977947, 30.1634928240523;
  2.609414055309707, -1.155052523165214, 22.08435969320691;
  3.750026199968145, -3.404026985893037, 30.87880704728861;
  0.855078274875328, 0.4048332440161083, 7.666094515225282;
  0.8704955380983273, 0.4448336936758314, 7.723785195896292;
  2.707165353272008, -1.171166037401636, 19.99599979827937;
  2.921161955716821, -0.6950345599661524, 21.38981128472397;
  3.051461458158605, -3.935856436637885, 22.15633928814063;
  2.338000873794313, -1.466128443665955, 16.917758866913;
  2.349863396524721, -0.7870408868950238, 16.95817028602277;
  2.199649993481363, -2.031337810579586, 15.72075905297348;
  3.377680119427791, -5.374545945476363, 22.99209472353786;
  2.584396528565045, -0.7552360018549547, 17.66348908718319;
  3.749167354595584, -4.953707863909636, 25.07049164278048;
  3.05037620430481, -0.500722759255927, 20.61916779894245;
  3.089366665833139, -0.9534583349448811, 19.75714608462499;
  3.240480967776916, -0.3605068181831415, 20.22848760547767;
  3.879852574613711, -2.899619333216209, 23.47569339039237;
  3.830626692529746, -5.217842748827197, 22.17497311681802;
  3.445028870726904, -0.6464045051617432, 20.01015138648435;
  1.220864399757645, 0.4836728026609899, 7.571240495422674;
  3.635718678921404, -0.6468954875275984, 20.48783515697194;
  1.28828990859185, 0.3036744762548825, 7.705653023398019;
  4.320425431583073, -3.416886245986913, 23.35392263706136;
  1.308545474225104, 0.4804395287557462, 7.548093299965839;
  1.398498718349815, 0.9581995008815754, 7.912431353311365;
  1.517830028515681, 0.3150519907359717, 8.318610698593712;
  4.262991401194409, -2.793794408889117, 21.56817908929163;
  1.35232240748391, 0.9912678574010687, 7.504624704889263;
  1.422730040504375, 0.4966374128329288, 7.827090331902525;
  1.584741604966423, 0.1840792775790172, 8.450105842674688;
  1.593927257839375, 0.2756794980567428, 8.463385776986225;
