m=[-6.897267970345131, 1.861623514411139, 10.42720284245596;
  -6.804271285027743, 1.93776606607489, 10.33705859716504;
  -6.801892712758643, -0.2441759921042629, 10.41202596531758;
  -6.78458070693496, -0.1295687410995876, 10.39625003085803;
  -7.194073509064303, 1.74848841689413, 12.12528753830902;
  -7.590983406685791, -2.073107324235996, 12.85290427574748;
  -4.170094850115022, 1.325357767595235, 8.149604203227895;
  -4.217087399558481, 1.050085436238421, 8.295604194708636;
  -4.177996154897106, 0.9192158133412933, 8.260418508146588;
  -4.131417943139751, 1.102092579993119, 8.246979806776745;
  -4.09859730428593, 0.9771543266026695, 8.211203396120769;
  -4.05267619018168, 1.077888671438248, 8.195847608972114;
  -3.990143586135137, 0.9504346831037592, 8.086340544124218;
  -3.978395975577203, 1.013437370277677, 8.101174292412715;
  -4.037938987691736, 0.9173641696425358, 8.210014823786244;
  -4.085693903198009, 0.8912657051638711, 8.331241141171986;
  -4.302762211960231, 0.7143123131676482, 8.813840430028092;
  -3.717754683727005, 1.037383443979164, 7.999484972253173;
  -3.532999815478607, 1.260859861029476, 7.85103093135047;
  -4.519067893803985, 0.5791289336649989, 9.861130747553982;
  -3.565691484541681, 1.319352568966423, 7.966587149868184;
  -3.528497449849653, 1.378880857633896, 7.925475639455688;
  -4.251860815619439, 0.5149939166828403, 9.457052871322423;
  -3.498866429074835, 1.328640722934648, 7.966102636525458;
  -3.488209828848853, 1.350715633057131, 7.95466004624045;
  -3.458257687487635, 1.354771617079248, 7.93522170331415;
  -3.462853704460473, 1.283464952551578, 7.960441206527449;
  -3.440809617148116, 1.384875472435629, 7.957368235019454;
  -3.408995491167531, 1.404426634550977, 7.889512992984763;
  -3.433418678686699, 1.32192488640634, 7.944784851169396;
  -4.16450766205691, 0.6434246233468125, 9.628116618702793;
  -7.317035242051919, -0.5320581579474806, 16.51784532680122;
  -3.280829745187618, 1.427585316332319, 7.959048335572997;
  -7.440596964096161, -1.33842128091749, 16.99799363673981;
  -7.393705632724668, -0.7455537097249405, 16.99537276242582;
  -3.260293340299797, 1.280765105426881, 7.988185773790746;
  -3.248426736614412, 1.304856789243406, 7.972875709896234;
  -3.199523534747962, 1.410259036012998, 7.927137580428979;
  -8.760636581195181, -0.6034265325642345, 20.3214896119015;
  -8.737634529310991, -0.9382023122577455, 20.38848268474204;
  -3.214131452172079, 1.288692581937857, 8.054424464198595;
  -4.978754768383619, 1.088258657134976, 11.94508381934873;
  -8.438044764444493, -0.7783886023285856, 19.89058734438589;
  -5.560628714699736, 0.5069202789269447, 13.50140907934;
  -8.461608341198312, -0.9409930035138223, 20.11896472068695;
  -7.505588966549921, -1.04905242472913, 18.00511214909216;
  -7.577240519223586, -4.287402608088899, 18.25196695423105;
  -3.081279611103056, 1.350363288937229, 7.994337928718335;
  -3.021744747894615, 1.37719050160506, 7.937966889372093;
  -7.908675098961115, -2.058407119279692, 19.38311492574047;
  -3.021083197965501, 1.320467796996911, 7.98006355984334;
  -2.98439131726235, 1.288560669217916, 8.005952990623761;
  -4.886267267956535, 0.6306964073316072, 12.72812722067011;
  -2.799827030145359, 0.9095133912603318, 8.007838524862283;
  -2.918843279029533, 0.9282556502468513, 8.650484849138374;
  -2.776969883156424, 0.8841150378191823, 8.438238080777582;
  -2.708284859174462, 1.244064315899778, 8.302755195930351;
  -2.691645933290227, 1.273004087061531, 8.307321221048246;
  -2.650017194201031, 1.163009430589145, 8.25260443663546;
  -2.714911742504014, 1.129792407285265, 8.455622708255579;
  -2.67406080407436, 1.009561058445942, 8.353172748523701;
  -2.654288030726911, 0.9600447554937631, 8.372848142614785;
  -6.48835643071621, 0.7377891623194853, 19.44093759459381;
  -2.475789192359015, 0.9279637069520575, 8.234334275501695;
  -2.470109283964963, 1.00781604715922, 8.357978663066797;
  -11.92169310893371, -6.235888249600675, 36.98331715173334;
  -11.12627562850998, -7.813471761256299, 35.36526058057205;
  -12.00083821526796, -6.450986861563594, 38.23635594538354;
  -10.98088599889647, -7.828120646658193, 34.97079880472077;
  -9.948512612870118, -7.280091001931019, 33.85206911970092;
  -2.513622210338961, 1.8750175821278, 9.322354248214815;
  -9.798707793478851, -7.275696376829588, 34.39738670269668;
  -2.447816293730904, 1.731328378625791, 9.360301029732563;
  -2.463684534462398, 1.683616629436652, 9.621126130100745;
  -2.432956727563391, 1.421960277063731, 9.535075963432027;
  -8.765152463154646, -6.705408322859892, 32.77105090806451;
  -3.333018014637041, 0.6987901680384631, 13.37669725367641;
  -2.893034354467779, 0.8897208009549941, 12.5012236765365;
  -3.043980605734539, 0.8003880891105462, 13.23146480961524;
  -2.92740297107731, 0.8032359212051569, 13.04695952972735;
  -2.790851212613288, 0.8175523406537323, 12.72266872078404;
  -2.880469856794072, 1.125758976436818, 13.30341969558316;
  -2.968240846105829, 1.545498959751471, 13.92140470909675;
  -3.261810856884398, 1.045285469452055, 15.30218005446996;
  -4.081644414159814, 2.393404065569114, 20.99231811510247;
  -3.376172500630976, 1.311014797254234, 18.83206591517305;
  -3.047447523765565, 2.183589146044101, 18.82770997225159;
  1.105208958834181, 0.4868402802097795, 13.03051642840979;
  1.118228339319702, 0.4386936369071903, 12.69186815926774;
  1.361227021537699, 0.603496651985759, 14.01379499187464;
  1.401087779299233, 0.2722208102383162, 13.88278157871083;
  1.429292823429418, 0.217348761133916, 13.83117078084283;
  1.419684982573016, 0.7326978709807904, 13.6247735523812;
  1.517290765885042, 0.7183549868092322, 13.60307560152807;
  1.531022247427717, 0.7823707895286371, 13.58454633219997;
  2.79985530060788, -2.585616781365744, 20.01038833200172;
  3.670219818501332, -5.840033498457826, 24.98343204195556;
  3.850727684042584, -5.976719460350205, 24.87448796406928;
  2.195998120617742, 0.8699938878128455, 13.61857213789972;
  4.503495577511822, -6.134383125696067, 26.07011890711874;
  2.303817895233062, 0.543053770782251, 13.77983419055512;
  2.370968362368104, 0.8705138225215087, 13.6764757228017;
  2.397924269491524, 1.852756351433641, 13.78418217571087;
  4.624875322554662, -5.960202689071109, 25.41301681936977;
  2.523887552112064, 1.729274228844931, 14.27966056567277;
  2.631365104726323, 1.60291435232521, 14.62975474508666;
  2.619982495837405, 0.9145665666404037, 14.41372507721344;
  2.670439319877653, 0.5542960727228601, 14.63559468381545;
  2.763097686864252, 0.3209539173353134, 14.7332964784169;
  2.753118291780451, 0.4761686990645319, 14.61842256502986;
  2.614047479518662, 0.8765037055962459, 13.91793766733528;
  2.78861504444503, 1.634950464086599, 14.7251813491698;
  2.848996611772023, 1.278835211025827, 14.8170551855655;
  2.815974901853209, 0.4111620269059486, 14.59375517528927;
  2.812909740005779, 0.2084752369984291, 14.5622287404228;
  2.763082268826294, 1.72851984494017, 14.32729324285686;
  2.818522303255538, 0.5296144166448352, 14.39315632564806;
  2.950537268640537, 1.553733209102862, 14.44096517808248;
  5.357271028295455, -4.097808089111637, 24.67394355064809;
  5.146830628007574, -2.81871511726996, 23.14846953146992;
  3.11359417906452, 1.667784657333859, 14.35328513524361;
  2.960110031495185, 0.7141523921442349, 13.49378148320061;
  3.074585278340067, 1.442036039429288, 13.89332927884647;
  5.564377843592218, -3.247521342969626, 23.41127907994116;
  5.875773998820715, -3.761410708551887, 24.15095185066937;
  6.252920171107913, -3.662334833235711, 24.70531161808393;
  6.10662925990079, -3.35477581847445, 23.71462936663833;
  6.145073587577624, -3.34055873950105, 23.85616124943082;
  6.124014075870659, -2.934411085746647, 23.70086039341917;
  6.155961240354344, -3.116549062515668, 23.80245205700881;
  6.167288936677063, -3.5090243493423, 23.7274212112614;
  6.260151031797843, -3.766448785064968, 23.93387640047734;
  6.190337336778907, -1.650114559836498, 23.62280232710789;
