m=[-3.559928236583974, -0.978096036571533, 5.57038118660046;
  -2.07221990582195, 0.2587238699612412, 4.232972845057287;
  -3.452227433416879, -0.243934230464498, 7.327568893359123;
  -3.38437715511837, -0.6162976464006815, 7.284934827981057;
  -3.620889273530405, -0.3961960190778669, 8.030513544870175;
  -3.626231514212936, -0.3444581094653092, 8.116771729106537;
  -3.597428851314181, -0.4064432787578279, 8.124955465126392;
  -4.987074342423116, -2.65188129733078, 15.11321249781963;
  -5.081246322517236, -1.922227934780559, 15.47291479491127;
  -5.076001229834287, -0.2315508055713518, 15.50776123269376;
  -5.017445269257824, 0.07411846347955362, 15.352986267775;
  -4.964532938974203, -0.05833842038637817, 15.30609814617206;
  -5.025248250661876, -2.742298996431392, 15.64549429961538;
  -4.96190683321539, -3.592367816670806, 15.46498837417093;
  -4.981449546731737, -2.008326037498452, 15.56067299218763;
  -5.052880692426144, -0.4354407377889168, 15.79656991021001;
  -5.032236302893542, -0.5392243802213768, 15.74772013006975;
  -5.054974549187747, -0.3025147889943348, 15.82950065314244;
  -4.949031232118633, -0.8085705035890447, 15.60255200905589;
  -4.902720689107177, -0.6152770475723565, 15.58879301989416;
  -4.883849693791666, -0.4461963941610154, 15.55751239717717;
  -4.866518731013544, -1.906975667827383, 15.59290451086821;
  -4.833959730035185, -0.1872703005502724, 15.54323731859125;
  -4.811210865350279, -0.7611638061252811, 15.54394410716222;
  -4.761084769281286, -2.591935292090891, 15.39914595126704;
  -4.855623633831292, -2.10495209422512, 15.6998996263643;
  -4.837261146336882, -2.514638337291137, 15.67938594157639;
  -4.839965666660367, -0.9357974228408961, 15.72206441914831;
  -4.625931553815115, -2.62406568796206, 15.16055801601197;
  -4.695646963742375, -1.000802389996434, 15.46319967616536;
  -4.686743470391745, -0.1001145443879056, 15.47379831269933;
  -4.693331812420254, -0.1919872726024905, 15.51987263889029;
  -4.621124643812409, -3.431431961955761, 15.36272627836668;
  -4.64260124104347, -1.916958439040669, 15.61319702731274;
  -4.528043457005357, -2.629416996245652, 15.34285663438571;
  -4.62448176103337, -1.749246112807536, 15.87127944623479;
  -4.507296419024751, -3.397281129706508, 15.47893761620602;
  -4.715385374913671, -2.727127875784614, 16.68717701696017;
  -4.154622873143709, -3.228682293183541, 15.18971933386301;
  -4.179640762905489, -3.346508293140133, 15.33936832041392;
  -4.296445640565089, -3.113921307191368, 15.77475432670554;
  2.820028146569241, -2.126971479337984, -9.445323533984945;
  -4.158039541295118, -3.149318172185863, 15.61381084835563;
  -4.012271485403584, -3.192833100123771, 15.26983873936575;
  -1.348087436365645, 0.710906700866657, 5.91760052183189;
  -1.445705265967435, 0.372867290913074, 7.336161900984146;
  12.99305731514031, 3.353337010429943, -58.46624234418809;
  -1.364736299689895, 0.5367674523669758, 7.240849311053363;
  -1.338948206612401, 0.4597875644810151, 7.262024279124665;
  -1.305247935048048, 0.326445463923829, 7.190825571639558;
  -1.310441161760118, 0.5693233923890739, 7.310235780999875;
  -1.303141278936925, 0.4484499670278548, 7.440860814110402;
  -1.240750965991099, 0.6321971319360624, 7.201420923124549;
  -0.2103081546756284, 0.8471234949326388, 16.58844971620871;
  -0.08673588808900574, -0.6780221597072155, 14.36641228534074;
  -0.08557991411795911, 0.9158981758798365, 17.13160059427016;
  0.1093876109118906, 0.4789148327123624, 15.54706351597853;
  0.3738562314456041, -4.659704328782573, 29.80619906839976;
  0.2629025094673179, 0.4357646714226787, 15.95233774411569;
  0.2642097319039806, 0.8973134982890859, 14.76504709379466;
  0.4000527192895708, 0.2381175358690778, 14.9266475550355;
  1.086950683473376, -6.64550047366835, 33.74440998355117;
  0.8717845458793371, -2.814541475312594, 26.73163855868971;
  0.9157219464495389, -4.330202389298937, 26.82021413735161;
  0.6637626377866768, 0.8001717729533651, 15.24749964069271;
  0.6672250737860844, 0.4626190505692651, 15.11879409604141;
  1.325196789338881, -4.682768932714569, 28.05859737402028;
  0.6568947016996527, 0.6325654187240868, 13.66674916103364;
  1.379500294860618, -4.85504759162373, 26.64861103887359;
  1.61378360239574, -4.774383177257195, 29.5931275478922;
  1.653819602464466, -6.02688473366628, 29.80436046202595;
  1.575659202735135, -4.961545659169669, 27.86566916143987;
  1.545850430388205, -4.59079233518493, 27.03922649957322;
  1.766077651121776, -4.082878165373278, 26.78982636724036;
  1.710968888098919, -4.867506044382112, 24.98749664174474;
  1.760665919155795, -2.928867295054708, 23.47717415722757;
  2.11806813731329, -4.061018593182915, 25.77955400959404;
  0.6784281613343369, 0.4221791894947791, 9.084256450893037;
  0.6069027642190507, 0.3083319795484513, 8.247706871159089;
  2.263537027141599, -6.412905999105745, 26.96024711346907;
  2.568512497397832, -5.530023935832364, 29.70073190890147;
  2.553321408389859, -6.847639147259185, 28.75298839881726;
  2.299900008122226, -3.322459665395301, 25.25381187281687;
  2.748641784293977, -7.312742517344955, 29.36311906472868;
  2.76511311120884, -7.011818855842787, 28.84353599826896;
  2.354881880676595, -3.36856446880845, 24.33698228345346;
  2.309797677819856, -3.70471506510949, 23.79604816608223;
  2.623588138584201, -4.308829218620938, 25.46249225828442;
  2.941285751487381, -6.905429370804799, 28.29849702027911;
  0.7516975663328418, 0.3198523686895247, 7.97577729453198;
  2.508857148180606, -2.730999147061398, 23.84013849839948;
  2.884408095076799, -5.729253050044253, 26.63009562220782;
  3.214268542600148, -6.953174678339424, 28.87031707566007;
  2.689240181860657, -3.696257767269495, 23.92711803479321;
  2.200734203840927, -2.332322689006698, 19.73136128321173;
  0.7900344729309224, 0.3129167265457831, 7.733701347056753;
  2.755660069893767, -3.203380153646546, 23.95732219346628;
  3.267210115836556, -3.505093072744757, 28.12152473734052;
  3.074401531334936, -3.778372141090937, 26.07158349716935;
  1.99861666970102, -0.2208860687711266, 17.02574455833836;
  2.918806209511298, -3.916300300515936, 23.69167739337344;
  3.010574626842871, -3.004439246223561, 24.41452802741299;
  0.8693954500911422, 0.1634921397650384, 7.855795506462244;
  2.975924760549371, -3.678934208650869, 24.10075738417839;
  2.106867391425418, -1.400202181629192, 17.2983088890455;
  1.769051794841606, -0.138213433787849, 14.65955956719647;
  0.8479017160707729, 0.4255284734538463, 7.39679119656131;
  2.287782052606056, -2.547684563399255, 17.58985439690249;
  0.8954272622012003, 0.4123701197218289, 7.30561402754837;
  0.8971587041392711, 0.4441257153366949, 7.239495153421367;
  2.371299400695614, -0.2691567657468509, 16.7944955252331;
  2.010189457306224, -0.676669560793036, 13.73435243824044;
  1.930646690882354, -1.739650563773611, 13.26766148831435;
  2.002987533068786, -1.236040096002751, 13.70077189042883;
  2.042577184249915, -1.862581283389209, 13.80773290073699;
  3.376541687051615, -5.279189281043443, 21.91580207432358;
  2.406838102197092, -0.9068255867189503, 15.62164867335049;
  2.321570674436398, -0.7887432918548722, 15.07431559616981;
  2.353087419355789, -0.6820788950629223, 15.23085293143226;
  2.434020342988992, -0.4081112525574169, 15.68990848538961;
  3.365170928456707, -4.448852970002089, 21.14512128266547;
  2.748521603339718, -0.8481348694622871, 16.75152363249708;
  2.904166029704642, -0.3365255424328929, 17.29343947117128;
  3.299033098751373, -2.445534387029154, 19.13643986776611;
  2.874655052933562, -0.7415114711494053, 16.32209958982432;
  3.120042489065744, -0.5941059041260811, 17.27840592574424;
  3.791354478413525, -3.197210563284835, 20.08138760518911;
  3.616826325802728, -2.694966741533782, 18.76571778225689;
  1.346724864489788, 0.4834577365984453, 7.121034672005653;
  1.447851354330013, 0.9726635262533224, 7.532516638275107;
  1.37837615590811, 0.4483773001667086, 7.221292628361671;
  1.560621572798582, 0.3189111274154676, 7.906398833154563;
