m=[-6.679540475675698, 1.908791466496373, 9.192369071286228;
  -6.614648324566242, -0.1230600354064346, 9.190131410983657;
  -6.898794950388205, 1.687231623453821, 10.69407934392644;
  -6.931265408912409, 1.353872247675094, 10.83779937729233;
  -7.14415017948558, -1.962866808217419, 11.17877583741456;
  -4.265441473598192, 1.402028277729714, 7.181059356469781;
  -4.149954459071608, 1.336633732550563, 7.175840601192154;
  -4.184175012397007, 0.9856543987478756, 7.262144904950733;
  -4.156488792455686, 1.047202833558229, 7.249719507979425;
  -4.138026047921611, 0.9944967837533032, 7.226988733332497;
  -4.128516166499273, 0.9229949560641879, 7.235947488853534;
  -4.105121474733235, 0.9640544003089369, 7.263952881545594;
  -3.93065118674531, 1.015260703759805, 7.079652890685298;
  -3.992513722962076, 0.9227955775095925, 7.193490657495206;
  -4.022902395797525, 0.8915805746428759, 7.281869371468457;
  -3.830088453306084, 0.9909177309617823, 7.097979990673266;
  -3.717063049167826, 1.051133192944101, 7.067175317155022;
  -3.662128192085843, 1.109773486763417, 7.051000947374628;
  -3.607869898334975, 1.301600376179474, 7.067272456414377;
  -3.532892566811106, 1.322953745957428, 6.97234282005071;
  -3.524089302017826, 1.394153195518183, 6.987894652196369;
  -3.465648709946966, 1.333001212938775, 6.972009227485756;
  -3.458276926360437, 1.355494543125231, 6.966500184416188;
  -3.436804609990832, 1.363221501473127, 6.964695731560196;
  -3.406702498326566, 1.425094288712348, 6.961799014883326;
  -3.419285373295664, 1.334898034095083, 6.991063989746428;
  -4.147258245677644, 0.5048703239701247, 8.31053286446874;
  -3.339376535766393, 1.396672053916076, 6.964869659329201;
  -4.119434349174785, 0.5143257208732474, 8.414866437708744;
  -3.327713705424844, 0.9347641715418928, 7.087454027685887;
  -3.251887696881377, 1.432253989348075, 6.973338193578222;
  -3.290341059598498, 0.9701243503382984, 7.101731606410864;
  -3.220036513292255, 1.281997032967553, 6.979917520273541;
  -3.218590363797616, 1.310941723570892, 6.987778725572776;
  -3.182440802130495, 1.419568047032413, 6.967489428121577;
  -3.142758942293505, 1.276718073652508, 6.97623047104565;
  -6.727098382907827, -0.4753364599937213, 14.27868754416719;
  -6.686542299026589, -0.7513093452858779, 14.22876623134447;
  -3.037643967515003, 1.350299736787203, 6.978370099720136;
  -3.005624444270525, 1.388894846894593, 6.985207061874872;
  -6.829922354415062, -1.243734040031417, 14.70153500972454;
  -2.985662098812853, 1.323711074804587, 6.983038330911605;
  -6.85728559776175, -0.6914620214667782, 14.84489571902859;
  -4.722455483912995, 1.099782306305437, 10.49187328936838;
  -2.915065018061519, 1.282927979457302, 6.934778760187965;
  -7.322294910695402, -0.8012021011907595, 16.23959862283803;
  -7.461418546496232, -0.7087650406163685, 16.70125883575218;
  -7.353610644182089, -0.8308227193535681, 16.60846161558757;
  -2.838628586190505, 1.009328721270003, 7.068589955150553;
  -6.302376537102131, 0.4638298753561853, 14.80095582617441;
  -2.787450261742929, 0.9235598852319706, 7.075377907415889;
  -3.890070832339383, 0.5995799509706103, 9.750998388923458;
  -2.714896640200354, 1.109945570975005, 7.197417062990493;
  -3.729310738422991, 0.5801308777483507, 9.557725092698014;
  -2.609183900354472, 1.224513380436333, 7.140475368899106;
  -2.619959332463695, 1.262857423370127, 7.215437101770995;
  -2.648591085663966, 1.151564773771324, 7.349689691495593;
  -2.645316162112289, 1.185663891800382, 7.348880092927138;
  -2.640599224532288, 0.9733863298897996, 7.440895528492026;
  -2.498015602983995, 0.9540111545292921, 7.4124968239285;
  -2.407559474361623, 1.72532320764271, 8.327528895629374;
  -2.33623796831706, 1.729478751963105, 8.210249553131504;
  -2.367869435243097, 1.683479871469012, 8.318745017408697;
  -2.355131246798377, 1.398014019384194, 8.3753487223777;
  -2.311670481864657, 1.582560351769922, 8.428702392532061;
  -2.62412141002138, 0.7244433132528089, 10.88363970958882;
  -2.680258242702353, 1.41341985199941, 11.76533298049203;
  -2.786719852380892, 1.096050948423411, 14.78543402692223;
  -2.762358063221627, 0.6445604776717098, 14.89207054343962;
  -2.68639122210538, 0.671872527228944, 14.79977112136348;
  -2.685040828960564, 1.166520556629789, 14.97837683528605;
  -2.624649867766584, 1.337332119192002, 15.23368427000358;
  1.486587037137944, 0.7108248830374847, 17.5038700983532;
  1.317304470093776, 0.5605219092304845, 13.97706677941706;
  1.494311992394718, 0.786688330068768, 15.64442085693397;
  1.56931683601988, 0.5867810838356168, 15.97630304089484;
  1.498116704705857, 0.4332503803497673, 15.10709696540987;
  1.525730796252761, 0.6043112075632799, 14.93548284095909;
  1.360766408197857, 0.3164681581051434, 13.26143472171321;
  1.52019434464638, 0.5273243283474363, 14.51111257187491;
  1.622912684969187, 0.3051930712193398, 14.66452369474093;
  1.653239624786187, 0.8296958485338832, 14.42227096684409;
  1.732562845163024, 0.7978952373296534, 14.13563776706634;
  1.769527360320191, 0.8759794683862976, 14.27895052433876;
  1.857034661348137, 0.7771285545413537, 14.61243963139801;
  3.565576163712177, -3.251370610735479, 24.10313974198807;
  2.466846248312469, 0.9530215783928733, 14.00117504202732;
  2.566414310714182, 0.5868526643447343, 14.08336025673866;
  2.626477716333863, 0.9428733406849871, 13.8879435409767;
  2.715862004734559, 0.8834532345098159, 14.2283615327895;
  2.830603100882664, 1.901593271501385, 14.7263494211519;
  2.747665610962416, 0.8755675987306921, 14.07980134599465;
  3.000849596776807, 0.613219979008874, 15.20286158026256;
  6.002320738682668, -3.891616442919715, 29.16546201011524;
  2.759682563868023, 0.9481422681868498, 14.00619383872351;
  3.043221397265571, 0.3336211789321951, 15.01415709236619;
  3.134236395300064, 0.5266260017396903, 15.38431260876761;
  3.085815839290387, 1.774957396402068, 15.04588722665892;
  2.770137157073302, 0.912375080732453, 13.56164743979615;
  3.073117489599802, 1.359261718364113, 14.78676760924779;
  3.194387029020207, 0.4538804295100823, 15.3064347608208;
  3.163389218872444, 0.213038146175397, 15.14292680298973;
  3.167654999363293, 0.8499606451647966, 14.99067698244812;
  6.831248536030095, -6.923849980936947, 30.89889681005241;
  3.142817403610409, 0.5795216091381058, 14.82021364280099;
  6.814935589951797, -5.173448887279352, 30.12127353739997;
  6.801460005841219, -3.856502193200448, 29.59551923248471;
  3.267082902605956, 1.700467811414848, 14.76715253034767;
  7.353302060686334, -4.010310482306361, 31.66997709453342;
  3.337769803583919, 0.9452118928673554, 14.51126324532002;
  3.485119217196284, 1.829089532865622, 14.81568742134849;
  3.399578117282437, 1.478526409028802, 14.41332995059923;
  7.493651866289373, -4.362235803400188, 30.21395670299036;
  3.639190486202114, 1.656289004657335, 15.11364775421734;
  3.589963855264958, 1.728371839496186, 14.79828157875429;
  3.5507272216663, 1.379145531740562, 14.67748527690863;
  7.390381678845138, -4.70263046097365, 29.13822626507102;
  3.717059660233893, 1.202411930849442, 14.97894259520109;
  7.512422658135122, -4.373107173570893, 28.51044331697916;
  4.434653283847296, 1.847882529578169, 17.09755098422364;
  7.644757808751725, -4.187314368530969, 28.46982186989215;
  7.590803344100398, -4.092861217763075, 28.25280099632125;
  7.541522465865547, -3.605818677769621, 27.99530255389126;
  7.641295277988455, -3.862023968066384, 28.34612659195756;
  7.848502768324904, -4.69879768652475, 28.77713654118818;
  7.669851968794511, -2.04999366630939, 28.08329073719248;
  7.840625486206636, -3.661097043132093, 28.49418972671783;
  7.947301521159957, -5.688364654033747, 28.85458870601873;
  7.741760764117152, -1.552231654851539, 28.11281275951072;
  8.005074581617114, -4.652208065078649, 28.95879283392217;
  7.972268605751738, -3.097368419202126, 28.82715271418688;
  7.818962492334687, -2.710285060558027, 28.26964956061481;
  7.939290046918091, -5.425941708004629, 28.65314382769877;
