m=[-3.453635250556532, -0.2279022011810305, 6.880724088824004;
  -3.545924158091099, -0.3730190439763929, 7.447056433564724;
  -3.503639420473791, -0.3141542720126669, 7.438457542676141;
  -5.164669470188821, 0.3449914978051336, 14.77356945670134;
  -4.788157217668704, -2.550659042262681, 14.20684608296088;
  -4.76416312703832, 0.1029268735948465, 14.28116108032229;
  -4.701196466795383, -0.02818431235144485, 14.19913672688736;
  -4.721998750257694, -0.9421259587928739, 14.42039493697354;
  -4.754962302615331, -2.595214048029664, 14.49575649261969;
  -4.755485209228278, -0.6129704667123042, 14.56024965364578;
  -4.702031478175791, -1.891812688135725, 14.40249992833135;
  -4.786272417756328, -0.3903930208779705, 14.6747456154736;
  -4.755989804960176, -0.4902943996203154, 14.59336612260875;
  -4.783339713226176, -0.2622315577393007, 14.69261559795771;
  -4.701305060778177, -0.7511881828761986, 14.53053367646344;
  -4.666323051952309, -0.5642347148457025, 14.54574284667043;
  -4.679207878436182, -0.408328975623133, 14.61473748875577;
  -4.493641036578507, -1.773851384156943, 14.15568908450445;
  -4.609697799717464, -0.1514880964696463, 14.53048177141012;
  -4.5564613163195, -2.467194275622192, 14.3983094458743;
  -4.562603615710543, -0.7000602609852781, 14.45188513693319;
  -4.544620500355032, -1.82525254192593, 14.39340298807808;
  -4.563630352502183, -2.487635475717252, 14.46406270118464;
  -4.722575791585027, -2.042944030346722, 14.97383760156284;
  -4.619694795740101, -0.8768384895135102, 14.71651814324087;
  -4.486426866187724, -1.868392039188161, 14.39455657010806;
  -4.502961825047625, -1.811739252316307, 14.52022681537084;
  -4.443811404187087, -0.1507918326212308, 14.41316466200324;
  -4.475899117188061, -3.335815788208072, 14.58628652371633;
  -4.402066775528562, -1.809838834917909, 14.51867305437991;
  -4.314375357044122, -2.61832337727571, 14.28011569270174;
  -4.439961710409943, -0.1496743794271349, 14.72152621748347;
  -4.336654239319085, -2.527488921168265, 14.41630477439025;
  -4.292680617984787, -3.218674470940248, 14.42123818135466;
  -4.24884686293476, -3.22370952739581, 14.32623004392637;
  -4.418749364497637, -0.01063094525788392, 15.03554215655988;
  -4.49918569227279, -1.737589859330848, 15.37125254368688;
  -4.142502410003541, -3.174894989894417, 14.32806927815422;
  2.57207917784587, -1.900411465049722, -7.99631826339595;
  -4.514434488526114, -2.629214418427495, 15.74912630402879;
  -4.834598760095311, -2.478453423851822, 16.94541153082523;
  -3.94468059187035, -3.083343044144603, 14.15998627264059;
  -4.75689066875426, -2.536347115214726, 16.91465046686414;
  -1.221525915304127, 0.8415000679254502, 5.07401216697457;
  -3.960713844623919, -3.017625097495478, 14.62435194888632;
  -3.806510919034598, -2.979208449916724, 14.22682543992826;
  -3.791144530642729, -3.059283617385823, 14.22124920981605;
  -1.442492883814327, 0.4764546266388212, 6.274356809503102;
  -1.256299982709781, 0.5978349878939654, 6.252516479510843;
  -1.236570494702431, 0.5663862273189252, 6.26688342370633;
  -1.222121115563211, 0.3069496845252536, 6.280304769713886;
  -1.201160951783869, 0.4108938822097608, 6.277269969463315;
  -1.187552735020504, 0.3199028912298957, 6.238336322796126;
  -1.193870581793738, 0.545498505720094, 6.355194628246026;
  -1.145142083703973, 0.5842572343348257, 6.688708618357905;
  -0.009938759301814577, -4.382490971603036, 28.74658476499391;
  0.1078614502440299, 0.5657632998951065, 18.49981495890115;
  0.2112135642671653, 0.6209557593054838, 18.61042142301293;
  0.4224553796839425, -5.899928917033188, 32.94009464579461;
  0.214501234662536, -0.9161076523979336, 16.5933604468351;
  0.455511166875488, -4.296797204545549, 27.35639879467554;
  0.6305975824561697, -6.17608936933568, 34.79346237704768;
  0.3795425228284862, 0.5463233949901959, 18.21926780675358;
  0.744598382978604, -6.251271878951737, 35.12172469241278;
  0.7875420112116588, -6.738586918656251, 35.18056947769227;
  0.3772418842793565, 1.069366854434011, 16.55256369071985;
  0.8342791479077589, -7.123921694166651, 35.78514314042745;
  0.7459582492998146, -4.218833806957216, 26.81387457305301;
  0.6819157009314796, -2.008405279189486, 23.85448605143587;
  1.092470772760597, -6.952156050133983, 35.45041215187946;
  0.6606594144233434, 0.3736407488240235, 20.70634790823444;
  0.9122336575911965, -3.823860170064859, 27.28515475229692;
  0.6579050601516929, 0.5798433550154268, 18.86799513347707;
  0.9692831088532686, -5.286479051952402, 26.61969233029465;
  0.9508807642084524, -2.709804169859853, 25.68882609800092;
  1.006570894575113, -4.251193858595221, 26.12654161063922;
  1.218827314058382, -5.313152011338173, 26.70976109815155;
  1.303208177158922, -2.448420798008179, 27.69004863140814;
  0.8287524079025035, 0.9377451007119723, 16.79944080918317;
  0.8695230994639357, 0.5850745008342762, 17.50690527875121;
  0.9763804053074788, 0.8914564255651677, 17.8658789200275;
  1.401443450922212, -3.812645716903817, 25.22042099451649;
  0.486388518620034, 0.8955957278713524, 9.248287993126413;
  0.8409864659095376, 0.6686638974848815, 15.08449583561192;
  1.479253052501137, -4.054970363284987, 25.03233294846997;
  1.631115727011753, -5.534817798115839, 27.14743050482407;
  1.527252164507253, -4.497241551510461, 25.0243799074671;
  1.580638943811697, -4.370834840547693, 25.51023592985635;
  1.360785575598316, -1.15230982977705, 17.87314543411683;
  1.86063277067108, -2.911562455341395, 23.13215983109071;
  2.136803874629709, -3.884030461975916, 24.44039441475212;
  2.430674981330441, -3.331352924850036, 25.14033334087677;
  2.660273416525878, -3.051625678017038, 27.67585424680486;
  2.803190721425355, -6.809093236391983, 27.71390551889057;
  2.619055528294446, -3.99732465588877, 25.42918905247577;
  2.660046312312544, -4.946623617078233, 25.66210631551804;
  2.345727602253037, -2.719453476849573, 22.4387405921509;
  0.6982078078389783, 0.7369881461799968, 7.297580637841307;
  2.712847917287188, -4.266063958148841, 24.95860644134697;
  2.935168066647122, -5.511049591261704, 26.83503039816579;
  2.967067391299263, -5.667504455593687, 26.04059998688395;
  0.8065442847599754, 0.4620489177354669, 7.799402326500067;
  2.879290496736892, -3.817770819632788, 24.39657083332121;
  3.040444725778822, -3.605130710573399, 24.63444017235385;
  0.8525538588644075, 0.3848035969270324, 7.554665430803476;
  0.8616115025895158, 0.3421139591875465, 7.576317775800733;
  3.057526709744638, -3.945385670076492, 23.59307373704828;
  2.300895696173167, -1.183709782617962, 17.99330870024712;
  3.102259648160078, -3.690881390310085, 23.92191948490637;
  0.853762923782629, 0.1835537721129683, 7.432134218598053;
  0.9102306208153573, 0.4498522739179273, 7.130025546823722;
  0.9052075250743425, 0.4742007777082571, 6.989941320968796;
  2.727734977439637, -0.268452998188895, 18.24579851131952;
  0.9414400208109122, 0.4326325570161524, 6.906525467665596;
  2.376370051126752, -1.258269697680934, 15.30195016407151;
  2.255465724012245, -0.7199649031272369, 14.50402542487095;
  2.193771709944615, -1.928173953536312, 13.9420393896936;
  3.412358588533368, -4.306778068579809, 20.85535910645831;
  3.585259504833652, -4.601730380044709, 21.50164575022419;
  3.467873073215387, -4.117530456241245, 20.42886581826486;
  2.507822713528543, -0.4044324941413745, 14.77086000893436;
  3.051710720186939, -0.8925307127732762, 17.626878997833;
  3.072141665837772, -0.3225337427467961, 17.36046713455556;
  3.537982493774012, -2.53546137267505, 19.5675761334626;
  3.659356453082048, -0.4008977363547471, 19.67486726836415;
  3.203476907097634, -0.5720125763672582, 16.88792049920658;
  3.375801035577441, -0.5727660258100594, 17.30729912615692;
  3.891650900576748, -3.184536378325906, 19.70926457024586;
  3.986778923006744, -2.889629877880965, 19.77146549487651;
  3.823860127016939, -2.905364465326803, 18.96268672649207;
  1.331800816444684, 0.5156077393470938, 6.857014850310232;
