m=[-7.024832042771456, -1.916680051139842, 10.0957713424292;
  -3.927324626638661, 1.127235980612331, 6.321718729440819;
  -3.884761236237098, 1.033837263676221, 6.266517517089318;
  -3.764183618198655, 1.092501648665917, 6.226470339336018;
  -3.3693455695549, 0.9756098602961643, 6.256025448377526;
  -4.110390652656, 0.529940874878049, 7.490228297735103;
  -4.095114497406196, 0.5892556859867881, 8.53322098737676;
  -6.966615583090714, -0.4597205295239538, 13.87968218485854;
  -2.872240023479971, 0.9813911004773362, 6.370081085628776;
  -6.598078014989787, -1.187116123656666, 13.36498148455161;
  -6.485081205510625, -0.6149827963379551, 13.21331333601743;
  -2.849482180505377, 1.076196462736722, 6.468800688385788;
  -7.046951303916705, -0.7413150764483076, 14.79982134561547;
  -6.958021671997474, -0.6238918937380639, 14.77233886732975;
  -6.279364401262101, 0.4785238065730116, 13.53531100167826;
  -6.926376831757231, -0.7563586841440685, 14.83691887383923;
  -2.731320132790374, 1.320981551064496, 6.550707753306453;
  -2.697762127759697, 0.9788651840024941, 6.504057947704367;
  -2.692150043043776, 1.339623252805518, 6.511331201904614;
  -2.663106598839764, 1.235576403321817, 6.517454921539876;
  -2.666742348864031, 1.036407105655909, 6.583517981508869;
  -2.676332609869446, 1.023945622639187, 6.654987418595146;
  -2.734846621487874, 1.071762260371951, 6.805962745306887;
  -2.625239551053133, 1.063895497794908, 6.635921117729086;
  -2.578153848391512, 1.04041196326195, 6.592241726652974;
  -2.546880438677923, 1.011699220046975, 6.586100729340869;
  -6.402092026285586, 0.3985618558827764, 17.55789804797121;
  -2.413852768227499, 1.512102308483787, 7.633063558668084;
  -2.391573042969251, 1.695757081210968, 7.865536042882153;
  -2.712758055993562, 1.880823384598272, 10.54056371728245;
  -2.552774239809864, 0.7996764605055252, 10.0554844779643;
  -3.928907949498183, 0.5954979857731063, 15.35931205738788;
  -2.638897199449053, 1.444999430585487, 10.66221056852596;
  -2.626886029338623, 1.440357466129503, 10.77360542438932;
  -2.613600091983611, 1.80048955767475, 10.85645298243956;
  -3.080547077642557, 0.9758970874861644, 12.93013908504482;
  -2.630901664285488, 1.251966159567856, 13.09381217727645;
  -2.593524561491939, 1.074821164705589, 13.10932871045149;
  -2.529895861551273, 0.635412257177994, 13.00077123604701;
  -2.530344308285781, 0.8655817479038358, 13.22358532819071;
  -2.468787320401532, 0.6650417942193709, 12.96879301436116;
  -2.479686505458482, 1.133008304258208, 13.19983137162729;
  -2.430376596632422, 1.038322272583353, 12.9787213706989;
  -2.45379656673633, 1.311934806795117, 13.61640716234027;
  -2.327565765012451, 1.1875357267458, 13.59517689008286;
  0.7665958331582191, 1.58033148454069, 19.29453974884473;
  1.017406475816108, 1.909380472635705, 20.06595446215972;
  0.9541271434228277, 1.756851078475241, 18.14196319738104;
  1.120696186719916, 1.244641900077117, 18.56637771473153;
  1.515708926559746, 0.5569935420101903, 16.53846683858905;
  1.431696599143367, 0.4305961439199411, 15.20343594362012;
  1.609414367922331, 0.5916090300082638, 16.15982031293651;
  1.55435045379537, 0.8904482475770217, 15.03079840077945;
  1.891786972235065, 0.8186255703569373, 17.89022513484204;
  1.704383925263512, 0.6767476187296279, 14.98697985223497;
  1.58437448546043, 0.3406307595993104, 13.79221737141419;
  1.980605678178084, 0.3773273596700588, 16.1087083494727;
  4.753760211911613, -0.2647959681332743, 36.87427679478445;
  1.756217963922594, 0.867954369474407, 13.75682015327293;
  1.759249786566882, 0.9215981903205974, 13.58478850031594;
  6.465167022315074, -4.013122955199942, 46.6194198304327;
  4.642951538971739, -4.812530382484825, 33.53926791735094;
  1.913777592320753, 0.8794638798261146, 14.03971935400202;
  1.865099468160276, 0.9190934997937983, 13.54824546899163;
  7.341048454918033, -0.7224772508590643, 49.10421726380197;
  1.833110736877788, 0.8319916818352615, 12.97168035488309;
  7.654172012125915, -1.723749440904206, 50.47563331176534;
  6.447279301581482, -3.10559889729905, 41.3341345911789;
  5.31954517551508, -1.698046565814219, 34.20793215920379;
  4.877520445883822, -2.88180685957291, 31.41077050051858;
  5.293491217756619, -4.652613507177194, 33.64163314368895;
  9.041292615917715, -11.41112217241591, 55.25779293101098;
  6.213520576236504, -1.682265777792459, 38.01153374415824;
  6.629152150815856, -1.026345849254278, 40.45028425573004;
  9.973839695603743, -12.80156180356745, 59.81546596983242;
  6.901154202777217, -5.526848125824356, 41.54640757238407;
  5.784186782429337, -0.932806403888902, 34.06836247550391;
  8.482737019289235, -2.480937419137386, 48.99683905828746;
  8.690773979848283, -0.9124149092006602, 49.11098265055525;
  10.05246999723767, -7.204006640175022, 55.59735593560598;
  7.822457528420443, -0.856982793582091, 42.05816393056292;
  7.353281638236579, -1.803911161946803, 39.65974152234194;
  9.290266570498472, -12.18177062312153, 49.25673332494052;
  8.585626453676024, -1.533048762303574, 45.2612524424065;
  11.22307377138525, -9.183836786674489, 56.83925303239222;
  10.50405376522011, -7.9809678015499, 52.09005410547959;
  10.39965548767726, -7.537702941952197, 51.57457526592481;
  10.50363738583417, -8.212733110970065, 52.06773219103724;
  2.8288991566293, 1.017351912677608, 13.57861195978901;
  3.008516003713802, 2.002527922913234, 14.27292636174808;
  2.868154672979378, 0.9431988796953451, 13.67871149965789;
  3.330531206034095, 0.7033826344992448, 15.45907535693282;
  2.958356962603172, 2.107385159982067, 13.66878727634389;
  2.96773710031643, 1.022338300404044, 13.69482788921243;
  9.637580142802838, -9.546893922207559, 41.69824742881704;
  3.359883735811169, 0.3841132111915653, 15.1783797246467;
  3.405129420074386, 0.5863436140901329, 15.33329309700614;
  3.279640819279361, 1.875798132473532, 14.6315430907152;
  3.175922630671949, 2.017919998526407, 14.0790937768872;
  9.416129799809943, -6.973226616676795, 39.79218504362373;
  3.465288221534292, 0.5096931419844882, 15.23439095939474;
  3.234375069927142, 1.437440122057849, 14.23841754891435;
  3.301586302743552, 0.2358440294633875, 14.49289863320477;
  11.47237829639524, -6.352190684819764, 47.75891205989976;
  10.85825806615107, -7.180790885594121, 45.1659948511566;
  11.10072124009407, -7.718963403453539, 46.15550480901192;
  3.465516780666151, 0.6564840539806441, 14.95774994760332;
  9.860381168592621, -5.232607771371745, 40.70186972982003;
  3.485337425328866, 1.811842522378621, 14.42017306987425;
  10.11409333435008, -5.730707952852821, 39.01937922874184;
  3.496370244642737, 1.005137578232309, 13.90951547147298;
  10.82143406177853, -6.725006355564276, 40.79456262722113;
  3.528378741720529, 0.8057600753711186, 13.79898871157801;
  3.513271772753128, 1.093877168287307, 13.70514799320418;
  3.630990673773229, 1.897609714998379, 14.13992747171142;
  11.61058140293653, -6.609777930638359, 42.12525601001713;
  3.747483168216336, 1.823096826354129, 14.18941973156459;
  10.33704060552877, -9.033119345856575, 36.97391947963669;
  10.93720318438449, -5.853744227392612, 38.93705639881105;
  11.39610802337824, -5.31085744021645, 40.40391862251934;
  10.93439946299209, -5.390162021063276, 38.76049501238733;
  3.953979974789152, 1.26750708136065, 14.61958122005916;
  11.01238808677568, -4.595073787116268, 38.69061786018303;
  11.08578395528104, -2.871816528365293, 38.78500347972751;
  11.26249711930012, -5.131118856118166, 39.13331914322159;
  11.24354930871942, -6.159083054155656, 39.07278451288512;
  11.24082670048796, -7.889322684038747, 39.05265294591393;
  11.4975092993451, -6.535264507411669, 39.79570631438465;
  11.11079125616264, -4.198053745984264, 38.42417325381784;
  11.36902602090265, -3.828596959967577, 39.28444913020561;
  11.34339064908874, -7.597007628880776, 39.15962174271163;
  11.7828341735825, -3.679756862377103, 40.35589403779218;
  11.3324190030964, -6.216437645583249, 38.80144280287109;
