m=[-3.300891718318805, -0.9776419034308329, 6.162060041847028;
  -3.586719575382621, -0.1536305442988134, 6.935746721639944;
  -3.596819118892276, -0.241630892620942, 7.102256007448726;
  -3.587102323079076, -0.3655494224057226, 7.136576512261551;
  -3.537460471805621, -0.3060260356759174, 7.114281412285882;
  -3.530443324260923, -0.3740434121501143, 7.166671034434679;
  -5.296701170532801, 0.3920767474104397, 14.88110113487767;
  -4.918851236496923, -3.053521734167001, 14.03954579550742;
  -4.981958038851166, -1.879533815337559, 14.61167513922205;
  -4.931004792519538, 0.00299871957646005, 14.62902785887895;
  -4.748777605890002, -2.616807960383355, 14.27227991238642;
  -4.968110527142816, -0.3806371969023187, 14.9815107265032;
  -4.957715597508372, -0.4892959828522145, 14.96280110164606;
  -4.870755184692314, -1.962973521467089, 14.67031036037491;
  -5.003885733731514, -0.2483483244608223, 15.11672902838983;
  -4.917083663809398, -0.5765002113649513, 15.07466794822519;
  -4.881506808262595, -0.4080107966694224, 14.991549840608;
  -4.810246240737497, -0.1302003302112784, 14.9134590968725;
  -4.732102187883654, -1.854606602807686, 14.63256630481378;
  -4.7241253155271, -0.7062332263903244, 14.71913828290895;
  -4.632133272514062, -2.010401160772047, 14.4618629354566;
  -4.654973865414508, -2.553870987060861, 14.52529310625561;
  -4.744902560720471, -0.8879579833772071, 14.87974474449993;
  -4.445623644289617, -2.545631681245207, 14.04901114661631;
  -4.652961719726025, -0.963226501710442, 14.78103888058547;
  -4.619276119721394, -1.85720811532065, 14.65607530117067;
  -4.629801543153324, -0.1319138252098745, 14.77169578008429;
  -4.469302023910566, -1.846561405762946, 14.52349856551892;
  -4.419673153197167, -0.1312185130495793, 14.43843070532603;
  -4.482665160493125, -2.631884205169637, 14.6744345622936;
  -4.270904307563765, -3.234877143525673, 14.14481945091801;
  -4.310244523997272, -3.303388433379032, 14.32565447490892;
  -4.586410542778375, -1.766308303210276, 15.46033283500564;
  -4.506714749947492, -2.457055356970262, 15.22639506597853;
  -4.178453202711949, -3.235922778709414, 14.24645197671221;
  -1.572796989054237, 0.4986789770225986, 6.123717847147855;
  -5.322280405646745, -2.640736080036219, 18.51438414490077;
  -3.976325952837393, -3.213173601835274, 14.09595145734135;
  -4.071387614918143, -2.983799619981186, 14.48361803520228;
  -1.541498567068081, 0.5151749743547601, 6.126988855146689;
  -1.532270556712533, 0.5579091810314573, 6.147086002248374;
  -5.269911970322555, -2.612229670095609, 18.88169596745023;
  -4.017259320831536, -3.093631223539357, 14.6376465599427;
  -3.883116988911187, -3.069105240205917, 14.30777052535106;
  -3.87932031401931, -3.150076433241872, 14.32618300490128;
  -6.25446560083977, -2.815046189327441, 22.69975127964785;
  -5.964871611023205, -3.311875046785454, 22.83877888353614;
  -1.29827223703749, 0.6490422827910335, 6.14838677158082;
  -1.274975194591085, 0.3410448795616796, 6.234349599927268;
  -1.237629276536335, 0.597624749370045, 6.28767788019688;
  -1.211338477437122, 0.5148319238267101, 6.226321949867987;
  -1.199968323738389, 0.4616224763669714, 6.285685521316045;
  -1.237543598366499, 0.70264499186763, 6.551638544253843;
  0.4120023228858055, 0.9869480252687348, 14.33665224569188;
  1.191660269291988, -5.580938559749636, 28.05009472250858;
  1.178109502050039, -4.347447233743847, 26.53661236296348;
  1.498181604839453, -4.380709759119589, 25.89298500590937;
  0.8731747740642867, 0.764821162155844, 14.24977912332129;
  1.566231750693631, -4.622799025164609, 24.94053162100735;
  0.4737060275492291, 0.8314471736132818, 8.134215214647199;
  1.49724947181906, -3.735296503292578, 22.90701621615762;
  1.749256820215117, -5.41241858858074, 26.35803904388503;
  1.666417789982476, -4.480909735214149, 24.76905855428215;
  1.712239205039431, -4.32298759400368, 25.0759791472399;
  1.06539730595336, 0.5529040374865335, 14.86337021944162;
  1.110694344833058, -0.6178204942619883, 15.63141931343109;
  2.206277945722979, -6.28598851206571, 29.43094211278522;
  1.355016018897796, -0.9748769720143021, 16.28880545664042;
  1.885569085353675, -2.722635933238614, 21.57785754308593;
  2.226677621439354, -3.796153253108207, 23.6968629226981;
  2.742003998310313, -6.600250971593288, 27.17831190688765;
  2.403142074427442, -3.082680281271923, 23.17575428471367;
  2.552380977265649, -4.026406250207753, 24.69299094878172;
  2.826981967796426, -6.529946831603033, 27.11556810842563;
  0.7173565606620361, 0.3591866079243991, 7.624258140311088;
  2.760832924725277, -4.100075424512032, 23.79653015431795;
  2.253382368357697, -2.108725787312698, 19.4061293649251;
  0.8792854636551148, 0.2636667989658483, 8.194776371595699;
  2.516367781947804, -2.469889068523286, 21.28338810129594;
  3.072317303635404, -5.596713380264546, 25.44279400957312;
  3.36340751324454, -6.679075697462855, 27.17183497348773;
  2.880947258014823, -3.627730253522661, 22.98207826385284;
  1.11092932319223, 0.4798069324461495, 9.412128937641157;
  3.07169390176059, -3.247098135222405, 23.89294808813376;
  3.033319982137319, -4.733302853170202, 23.72983414753352;
  2.879318056554416, -3.227036849936942, 21.94875030303224;
  2.164692984341715, -1.12648965604573, 16.50313693609092;
  2.054236042972935, -0.1533671571738501, 15.36971475421097;
  3.091567977624252, -3.79621340984652, 22.49638076266721;
  2.274460696720537, -0.3521190129466672, 16.62275377673786;
  3.054542306654317, -3.449608004794936, 22.19690904640815;
  3.283037893097765, -3.467366598840992, 23.7254009272149;
  1.951901542705452, -0.06860181691872441, 14.08405657144902;
  2.146156868574054, -0.177655627906378, 15.33728371407763;
  0.9366237829480657, 0.3733237137599595, 7.319263558111846;
  2.53363960214634, -0.2081976882005123, 15.91880961409548;
  0.9409877885182033, 0.4898494105450431, 6.448956980820798;
  3.853395053800299, -5.134747545992404, 22.2663375768974;
  0.9642950000645882, 0.4433325900508107, 6.30943653414471;
  3.594351370093491, -4.427028369677428, 20.4107110558981;
  1.009382722666451, 0.4580832489207846, 6.336929360205775;
  2.45457757660055, -0.3492128367202073, 13.52309226837336;
  3.486997024127001, -2.383098439109321, 18.2448804033927;
  2.976073511301394, -0.6976688954978845, 15.61353191436661;
  3.061302426871155, -0.6051462623495142, 15.99523666471922;
  2.988062516507813, -0.7982545581421702, 15.51468625938558;
  3.185258745747277, -0.7132795335636806, 16.18184843958273;
  3.153679668414858, -1.348225939099522, 15.86536268563515;
  3.109082165191847, -0.5056295888713817, 15.48769165209034;
  3.755233694766116, -2.95257689862031, 18.06291729325658;
  3.882193881181388, -2.710929151903901, 18.28487801228324;
  3.860465012432329, -2.825718125080832, 18.18283459369534;
  3.809670813770172, -2.868099775923927, 17.93159626909926;
  4.332055140241536, -3.098375985383434, 17.346426025403;
  4.246785596256705, -2.260662968057823, 16.81840198041265;
  4.166215368255898, -2.663123542021751, 16.47968959817759;
  4.213940639920343, -2.832191309398082, 16.66727157558904;
  4.227102983199166, -2.156817817979219, 16.54599485532231;
  4.281090906666268, -2.791013817789072, 16.7113147777225;
  1.449529227115961, 0.5106020181602547, 6.315203575860671;
  1.46089078485828, 0.5304095277546203, 6.319364849300487;
  4.308122111731268, -2.580114633159182, 16.1327379608736;
  1.727652669198699, 0.3110499027912561, 7.080949861609373;
  1.525645075284901, 0.5320509392643442, 6.356078436467598;
  1.637654886409506, 0.2019347855300777, 6.726678201827545;
  1.717201292792117, 0.363170707046386, 6.966507024313521;
  1.676751554128319, 1.094517723301912, 6.794991727946458;
  4.377479251798615, -2.403869222904632, 16.03962722993463;
  1.68008725116103, 0.7542987035470357, 6.716198189710585;
  1.733103478006444, 0.1454462610084132, 6.90382085738359;
  1.58769383151873, 0.5021673947858156, 6.394978110788247;
  1.593767690497168, 0.5450860567570878, 6.386699717146549;
