m=[-2.491774416870494, 0.9256572946331065, 4.78896601045293;
  -2.458852934501984, 0.9564342129183909, 4.78424151997972;
  -3.667266270678751, 0.5543849749326584, 6.844032586570098;
  -2.491038590084079, 0.8663069971802881, 5.025826272189556;
  -2.365316314920472, 0.8863583323998957, 4.894944000576063;
  -2.409205317823439, 0.8413443519524113, 4.980531005127952;
  -6.648526233484382, -0.4256641944643632, 12.48130847056629;
  -2.252812213558763, 0.9108976966232902, 4.853310622814236;
  -2.277737660874498, 0.9892848205617146, 4.939374077160683;
  -2.215713031541737, 0.9232028403752347, 4.877553701178718;
  -4.418317669183391, 0.6402397175982922, 9.052484814626645;
  -7.03264876140741, -0.7166733650653455, 13.99152615377987;
  -6.955044996327799, -0.6016815919606341, 13.98747709927928;
  -6.788748801904843, 0.443972357489227, 17.8928842769796;
  -2.332222484338255, 0.7412237316803458, 6.644916275661456;
  -12.66946924581142, -6.257908659213568, 34.51036910428684;
  -12.37459418710232, -6.380583796513946, 34.12888701545348;
  -11.74743653635172, -6.011501400202858, 33.02910278359988;
  -11.42425848625262, -7.091944827621542, 32.60749156375878;
  -11.00759792299383, 1.106689532603102, 32.0251848105038;
  -11.6374276073547, -6.230507983569678, 33.92644384344397;
  -11.18514606428121, -6.163560749351209, 33.61655329833664;
  -10.26103677793205, 0.4808909870895494, 31.45808263365481;
  -11.01009502532838, -8.187774707763717, 34.22119652349715;
  -11.1348314204427, -6.108932881828348, 34.74491903646224;
  -9.78704700281201, -4.986228686261963, 30.89775907548933;
  -10.37968250758024, -5.943563996134261, 32.80175896910296;
  -10.50808030008056, -7.911253351799263, 33.73557593566159;
  -9.79822116380813, -7.421388869303111, 32.45075499743223;
  -9.613403426403636, -7.367750369470274, 31.95138815160435;
  -9.485845012468644, -7.346130364995362, 32.34202439815758;
  -2.276690654516116, 1.553150864142338, 8.429459927371891;
  -2.17294108791222, 1.237782047127743, 8.148013764058621;
  -2.251512009239971, 1.522598350069105, 8.491747947945438;
  -8.950475280999497, -7.063897860112792, 31.65717290458423;
  -3.596705514731237, 0.5780675521061988, 13.47235282279625;
  -2.208427043223939, 1.365940869348621, 8.762856020569478;
  -8.720822169302089, -6.892689840440227, 32.13282596096988;
  -8.658691481285043, -7.031010014650829, 31.97621972477619;
  -2.619856575938748, 0.8755665254295271, 10.4131345859049;
  -2.493317566513449, 0.9078323377624205, 10.00256609065041;
  -2.455393930683493, 0.8560595478857658, 10.33889269035212;
  -2.285308467270347, 0.6689199601703594, 10.51709799277529;
  -2.104554264284414, 1.052125020454639, 9.966795275640354;
  -1.965781334802108, 0.525829570187993, 9.61224040291906;
  -2.028391708764893, 0.7777067079812964, 9.986042484107406;
  -1.906294546502245, 0.6923664364885854, 9.501950518242555;
  -1.873290791419212, 0.5462815703364687, 9.382038860995333;
  -1.963081888385388, 0.7967979806787098, 9.923987178535635;
  -1.998290184595457, 0.9649316587594637, 10.15215560111753;
  -1.909077153439014, 0.8113783900583182, 9.812723038070775;
  -2.015457885635582, 0.7784269570137906, 10.51169133669203;
  -2.029656588747476, 1.092555872953592, 11.36554633857918;
  -2.00275401692291, 1.564144191513958, 11.37543844385819;
  1.022445956056074, 1.744557354587087, 16.66742732059968;
  1.214037544779733, 1.092037560417393, 16.66802461341176;
  1.736245302097141, 1.046127526397308, 18.4650953011448;
  1.497706285564712, 0.9867506310228668, 16.20240500580332;
  1.640770406014928, 0.6980834906569836, 15.74881061752795;
  1.792650466891025, 0.5375528537739865, 16.70716768993536;
  1.742434514584618, 0.9911947775300534, 14.94981172626381;
  1.888299700870445, 0.3650810821277593, 14.85210418293736;
  1.848393500791258, 0.7367409826314727, 14.44430457318677;
  1.936457503240419, 0.4109670706322645, 14.84005516757696;
  1.961760695665327, 0.3878149606751309, 14.26964887769181;
  2.01195354020323, 1.138566187356324, 14.18427239821631;
  3.446056008539168, -3.392124940871983, 23.10575723733613;
  1.988336273096287, 0.9875104124165337, 13.86673572494992;
  1.999882630086234, 1.041077620199171, 13.70597706525645;
  2.008277638557156, 0.9233014035985206, 13.14027377780625;
  3.9180340957026, -1.775447084241171, 23.50789520037274;
  3.862604924072483, -1.152719484066403, 23.14425695882296;
  2.202209186368403, 0.0660622456809454, 13.8781349040304;
  4.185846437734927, -2.316032824726413, 25.01423151503086;
  3.937851130747851, -1.30670790582414, 23.4897689428311;
  3.82500383471962, -3.201733403970268, 22.65587288405656;
  4.178485623828363, -1.377497008345235, 24.02191891624167;
  4.474875913883732, -3.439952971815064, 25.35940151507919;
  4.151972556623451, -0.5907012792363996, 22.87461130347896;
  4.529622040157995, -0.4096757608415044, 24.18776196230078;
  4.724812443248617, -1.107618701688076, 24.78803349175329;
  4.776004397823304, -0.9441018257257133, 24.95451608582246;
  4.833697438472544, -1.291312009579486, 25.09763394051839;
  4.870436900913174, -0.7920784582033639, 24.26176631058934;
  5.90526262275613, -4.643051116775215, 28.40469569136809;
  2.546801053117243, 1.016544710864765, 12.98484616733885;
  6.20281490174194, -4.331414724676005, 29.2148504897983;
  5.926922451814709, -4.338288818602504, 27.91587289198238;
  2.800812941486352, 1.02983815597762, 13.2906785465584;
  6.392959130473662, -3.90192412303659, 28.16393533816636;
  3.022306772374656, 1.064618711099953, 13.16736646574802;
  2.934018205509089, 2.53208092934497, 12.69582558376647;
  7.033898912767907, -6.780041803449744, 28.95053781313149;
  3.037850222924558, 1.102960412120742, 13.14080704400598;
  3.087643243901768, 2.048699403122421, 13.27996704479999;
  3.067200247326579, 1.021138450515447, 13.19056282647069;
  7.358343045132976, -5.262840071325143, 29.46429562178221;
  3.075344243779808, 1.072490463195503, 12.81237002580913;
  3.374347580002243, 0.4160816546431395, 13.86015484712742;
  6.975022695552688, -4.547295338290162, 27.22712560614775;
  3.555585824506048, 0.7519704435758833, 14.42464184364529;
  3.415016416133565, 1.947355067366224, 13.83802656600627;
  3.372066638441936, 1.066541851618055, 13.58214783786612;
  3.305084697797549, 2.091824009993102, 13.27763637465141;
  3.557143525150132, 0.5538493736784133, 14.23564373377359;
  3.430703367105108, 1.540262328800806, 13.71433759030228;
  3.336953912925047, 1.141274892709767, 13.37216379707211;
  3.573704260954724, 0.2999139574190887, 14.23585742455483;
  3.739146662259962, 0.7377148664804122, 14.68265514352546;
  7.090119357736393, -4.246240062677673, 26.55055607597728;
  7.111038540752438, -3.904988626497745, 26.05572770322172;
  3.616703715272867, 1.88836012129352, 13.61689383514653;
  7.381973339244544, -4.439564829857488, 26.45303954149433;
  7.285914173809744, -4.101355010861314, 26.080256458841;
  7.361379090836246, -3.953429378070843, 26.15318181724542;
  7.360160652402681, -3.437364818003761, 25.62245291647839;
  7.892437087630579, -4.358703985151657, 27.27536627027611;
  3.661631108241604, 1.810735203425968, 13.23231071177374;
  3.629236261930007, 1.060820546378, 13.08884544179089;
  7.578159466950417, -3.375249573924624, 25.73164884862387;
  7.531023790690547, -3.899871973295981, 25.48533404843804;
  3.829627433062546, 1.992725399075906, 13.5341672441676;
  7.452994468114806, -2.882461990207236, 25.175736228298;
  7.62071854226367, -3.420778577946335, 25.69984103942758;
  3.711909561431491, 0.8677260068120285, 13.15185820528821;
  3.751642848411929, 1.184558562464717, 13.25875531465909;
  7.656473712904115, -1.890299644932223, 25.47043447380145;
  7.596896841129889, -1.906052460457242, 25.13952320370212;
  3.746312058584366, 0.9145313866098652, 13.04362218051423;
  7.703827542108249, -3.3958060298803, 25.46482868254987;
  3.907209946772745, 1.919428635970424, 13.48114119191866;
  7.757789811839306, -5.288926481444924, 25.63884637523644;
  7.161702205916644, -1.187665548405024, 23.6660973020794;
