m=[-6.868517018658809, -0.6714686043303557, 11.8869212966161;
  -5.658540077667639, 0.5812016981037331, 10.09874997395244;
  -7.130714946009706, -0.3301934805846974, 12.90483051433957;
  -7.064843001181509, -0.5415043697653647, 12.90076436615445;
  -7.115211411209126, -0.4545200510505014, 13.09403417078515;
  -7.069134084255743, -0.4650085751113269, 13.15215656612811;
  -7.050526858668328, -0.7436355185145056, 13.1736209429832;
  -6.920065197745067, -0.6243065677632986, 13.07091411638595;
  -5.774774670344027, 0.5842552269821435, 11.18702208118762;
  -2.710412143407087, 0.8951550346820411, 6.812498835416126;
  -2.679042934282721, 0.8674447657542523, 6.768334069631604;
  -2.490387565614796, 0.8127728523870789, 6.614089672795864;
  -6.522692518770626, 0.5715041247523758, 15.89086615223675;
  -6.643454380669985, 0.5878400020972293, 16.43464985111832;
  -6.564914317484488, -2.118799464595139, 16.23611082132529;
  -6.411130326767451, 0.3923671663960657, 16.09997968251924;
  -6.77285394194107, 0.6848292655829558, 17.84668739172203;
  -9.825649152641686, -4.945082171669269, 25.53482396341632;
  -9.837792893411685, -4.956056956166595, 26.18925869782846;
  -9.774555515341287, -5.136354893874978, 26.34320959934654;
  -9.469175961847148, -5.715952615880359, 25.83663532429799;
  -9.716913561214627, 0.6983648099078046, 26.65162235177564;
  -9.610072531865818, -5.045885343798078, 26.45142188486598;
  -9.418228328400792, -5.71120994696462, 25.95240130061089;
  -9.373482780672518, -5.927899715600201, 26.15332177772404;
  -9.417471580608607, -5.844252077789903, 26.5467978606279;
  -9.23871616719468, -5.048317361898563, 26.34422097503002;
  -9.260287237810401, -3.564709823486835, 26.5588424229502;
  -9.302675426271465, -0.02886603162920077, 26.9149767456285;
  -9.329519715488562, -3.739406969710015, 27.08264201769435;
  -9.352876704089415, -1.898511096515787, 27.43708063061207;
  -9.091345181901893, -5.098890769951206, 26.70278541396121;
  -9.15935118725937, -3.770684778404712, 26.98346592034751;
  -4.001846300441077, 0.5003685970358816, 12.34871189990123;
  -3.508973920507277, 0.9291822395943751, 10.96109766885585;
  -3.474470711721249, 0.8794828964466979, 10.92492011341976;
  -3.491683390079206, 1.031797787656465, 11.01705399893947;
  -8.866405112038244, -3.547663549842212, 26.81528836540225;
  -3.43793155578267, 0.9009274542909447, 11.02141217335125;
  -8.953154926808843, -4.974570313050703, 27.25648266728758;
  -8.170735784885364, 0.1973667507169957, 25.084128893426;
  -8.779082952910057, -4.914241643138143, 26.82226258288962;
  -8.786559894322624, -3.887559761585306, 26.8890750200571;
  -8.464238373728433, -4.399136300072927, 26.07098652681563;
  -8.580715169065792, -3.655626267221324, 26.50857045176665;
  -8.421958389115066, -4.922461826515791, 26.03846640725948;
  -8.583160196213415, -3.520444521168156, 26.65418028537765;
  -2.494022925227815, 1.763523483011683, 8.447412313161014;
  -3.694254252175643, 0.4742560481764524, 12.06346118922017;
  -2.472492621116032, 1.42934717231893, 8.442209594613889;
  -3.29153329145543, 0.9288298622244026, 10.95300794080832;
  -2.516604587612098, 1.72256196479139, 8.648719922957504;
  7.759224745710834, 5.787199015320041, -22.87261044785799;
  -8.340048078738091, -3.508620751648969, 26.52075054200984;
  -3.300279621113658, 1.021153626519375, 11.09950417630681;
  -8.315189488000776, -5.180820428070089, 26.53498129646584;
  -8.436555629908545, -5.058398065514765, 27.07522942891367;
  -2.408830822842624, 1.758950520072716, 8.467414444940916;
  -3.190945538711435, 0.8778856001229219, 10.95726247616291;
  -8.0205559214166, -6.194860828360388, 26.04034959639645;
  7.545302847554838, 5.722750906767336, -23.01371074223733;
  -8.309444463843141, -4.80649940583266, 27.51622200445542;
  -7.888562332556449, -6.233321453540159, 26.38265612952156;
  -8.094930969388441, -4.878956847630853, 27.50805686864555;
  -3.008373934890901, 1.039953303796251, 10.9138419499496;
  -2.92535853172893, 0.9915567024204998, 10.8627336013254;
  -3.019489795047035, 1.11407110361351, 11.2829262140017;
  -7.398970299271245, -5.818327666401911, 26.50425850598415;
  -7.280930568481995, -5.881121382646234, 26.35584272494613;
  -7.346954050413729, -6.09428971562058, 26.65018711905437;
  -2.830908337172668, 1.004304305119196, 10.90401921100544;
  -2.588479208073376, 0.9596379507749465, 10.59272249327375;
  -2.48233468746264, 1.267787790813751, 10.99820658110832;
  -2.453540663072573, 1.156407449966295, 10.89458289848713;
  -2.427110633802438, 1.193972636379313, 10.96391519125415;
  -2.41615523665549, 0.6603909518861715, 11.09345673744089;
  -2.462859075253182, 1.773609255124883, 11.57836927417125;
  -2.327674085122759, 1.149966177637872, 11.10946084096437;
  -2.279500467533364, 0.9898831415974346, 10.99920826500213;
  -2.27782129943887, 0.8991840016831932, 11.21179145431859;
  -2.024177468418069, 0.7437844173405717, 10.36299016518848;
  -2.170955358226082, 1.555491070574, 12.02028124388387;
  -2.453801888219418, 0.8276057006840246, 13.70717410131071;
  -2.427812602115652, 0.6762498990520188, 13.70707879087592;
  -0.01307351328041306, 1.889173486159401, 15.15217487529087;
  1.262732584454668, 1.306935496900056, 16.28280979000417;
  1.900889113306394, 1.150426364138708, 18.52929758601716;
  1.531074993470325, 1.001340216304125, 14.92255836616173;
  1.897181401922286, 0.5935675758229578, 16.04569991047528;
  1.589430250120949, 1.597030848936798, 13.07975655984252;
  1.949701661020384, 0.6859719485630521, 15.46083995254726;
  2.184574557515346, 1.069966271158708, 16.83310114138734;
  1.725572380694554, 1.118865319661162, 12.81977963584706;
  2.130028001155732, 0.9610821678018087, 15.04645519079559;
  2.107260418737003, 0.8414563176190333, 14.76781419613394;
  1.933511168192078, 1.013067032301618, 11.89458543618524;
  5.248981257470208, -2.468782054596989, 29.57811085725372;
  4.936777220719059, -2.905580980204328, 27.75785032203829;
  2.053870138626907, 0.9515832851075977, 12.0043622362911;
  5.036063414620576, -2.029365424789502, 27.23355516816385;
  5.452493273270918, -0.7160020369215067, 28.38879239025046;
  2.53425998508813, 0.09355110280305796, 13.62176481159624;
  6.677712011201803, -3.196957044252873, 31.13557417734466;
  7.441784163806545, -1.082803324144601, 34.36618340527448;
  8.301481937870818, -6.336514278423573, 38.09217492487271;
  8.245530154326854, -5.561549160212121, 37.09028764152041;
  8.711683699996591, -6.208963887613643, 39.17706840938655;
  2.510381280577388, 1.086599349242326, 11.51084642737961;
  8.175275826241071, -6.605845676830464, 34.92282642687194;
  8.446862312918606, -5.002132844389865, 35.56854034504464;
  2.807683973007835, 1.107943868744336, 11.72702266494506;
  8.683162500338252, -6.052872750509807, 33.31636184133465;
  2.903210072103183, 0.7123043934986151, 11.73871082288908;
  9.344641050727921, -5.931288082966367, 34.83497180976745;
  2.98028872731891, 1.063981910219422, 11.73323662265003;
  9.046014396443411, -4.262791766009691, 33.4879817077751;
  3.008485746509698, 1.108693605458617, 11.76252695235917;
  3.003195200686732, 1.017996701261863, 11.67696778242289;
  3.104133989333336, 1.034948754353939, 11.79883635169006;
  9.435892369214496, -5.493444694409225, 33.71265345026433;
  3.538998209015536, 0.6616783527503427, 13.26182647862398;
  3.085023088369629, 2.186397733024958, 11.63968453928955;
  3.245873104604074, 1.146159912867969, 12.19337259723456;
  3.428442733828219, 0.457598724657757, 12.79310821503877;
  3.516115294562381, 0.7778902902496363, 13.03103334485019;
  3.376407361448639, 1.933111411709173, 12.48097255101541;
  9.742534361911558, -5.205760051012952, 34.05876689375195;
  3.471951517860013, 1.539163029815952, 12.70388794399778;
  3.578436549097297, 0.57245204985646, 13.05940036980631;
  3.450716941133204, 1.577180493555563, 12.5750361530452;
  3.58753866136181, 0.3205476412881836, 13.02851813848919;
  3.168976662306582, 1.016211416725945, 11.59229787145415;
