m=[-6.497021074913549, -0.1526487543644124, 10.36273546281049;
  -6.514787635740915, -2.010102134993538, 10.41981370015036;
  -6.917416399304473, -0.6970557282800557, 11.07363974123273;
  -6.784890374035257, -0.6588991489131407, 11.18098003673685;
  -7.35435744573213, -0.516890108243997, 12.16655175764273;
  -7.17502280092048, -0.3684106543437656, 12.09589866994901;
  -7.03907987973392, -0.546389515133164, 12.17058825471059;
  -7.063583940518966, -0.7790692583223595, 12.32045307652161;
  -6.995696271939571, -0.6681645000933949, 12.32849403932694;
  -6.900618946239385, -0.7940647309856289, 12.29335363215903;
  -6.947111243759413, -0.8573747013877772, 12.41689429695702;
  -6.541975853178792, 0.5445507299105247, 15.08741063468052;
  -6.408494528002834, -2.101901327179623, 15.05256314492987;
  -6.277132201094908, 0.3465421832722551, 14.94244012925794;
  -7.039450590228595, 0.7923804998927295, 16.67139160506691;
  -7.12747855250403, 0.7949729436637466, 17.33398485256676;
  -7.031010119604721, 0.8200162022030442, 17.32830507438774;
  -9.876635133698439, -5.055810249612897, 24.95755071904394;
  -8.840788008963806, -5.439247171952081, 23.50383665633456;
  -3.98764781201244, 0.7012059496749402, 11.2056792958871;
  -8.993279152238918, -5.68009680812527, 24.08975865151017;
  -8.74392242874978, -5.396565084243546, 23.47204717451682;
  -9.160249077118181, -4.908615688182993, 24.5830331540175;
  -8.882468846520329, -4.938938176479311, 23.95903058175007;
  -3.627292210706297, 0.958251121070463, 10.44823290436973;
  -8.780720704024974, -5.646487004235066, 23.8725358946598;
  -3.584283320713312, 0.9073572438841239, 10.39305028684721;
  -8.870434200920041, -5.601490068936176, 24.38375596980725;
  -8.744076371356313, -5.678429251637733, 24.11122508431319;
  -2.574785975260259, 1.577298788392563, 7.818472113951845;
  -3.538470521618924, 1.033462751636834, 10.44163225662342;
  -8.925572249157723, -4.969826281277231, 24.8111789925537;
  -3.517420934591749, 0.9243120415688728, 10.41069914893646;
  -8.84992132462359, -3.480477955849309, 24.73075511008998;
  -8.883513223991022, -0.4112017669252982, 24.84746833366364;
  -2.586853820819901, 1.776769571559695, 7.973897084913585;
  -8.719016217215732, -0.06111760234402129, 24.5318921863668;
  -8.701020874618518, -3.198958193965873, 24.54336057969228;
  -8.814679598039346, -1.429936503620224, 24.91299648094837;
  -3.449332091371518, 1.077951605182381, 10.42612981391945;
  -2.55695933544377, 1.770436756653621, 8.007434002259695;
  -8.741839439249453, -4.828617446065037, 24.95900086790206;
  -8.521926397391104, -1.783719702647874, 24.36434581056428;
  -8.83017703701956, -4.666407111525713, 25.22459463226686;
  -8.816337557495972, -5.045589785866841, 25.27473078497425;
  -8.694568586125385, -3.655244578003907, 24.98104317275573;
  -8.695421768568741, -0.5015280898850374, 24.99007245372515;
  -3.413891483496105, 0.9669106015891784, 10.48664931298115;
  -3.383363504432536, 1.008128069967309, 10.43849516845626;
  -8.533455852315925, -1.090421639981699, 24.91002426434985;
  -3.349910734648964, 1.040456082109112, 10.41170985979322;
  -8.665196122850865, -0.8040142016879176, 25.31894184336067;
  -8.378697453966845, -0.2965045009437209, 24.69199653133133;
  -8.326823512086065, -1.338577141613962, 24.68243158790255;
  -8.151502264524593, -4.649717109009119, 24.30900143641023;
  -8.393245627164196, 0.1837309731125878, 25.00314952163442;
  -3.286867690134548, 0.9079457931608213, 10.42484888822283;
  -8.545299872745508, -3.85951138500068, 25.51420941580431;
  -8.303702173285483, -0.5639578069019215, 24.95558281960528;
  -8.259879264744249, -3.592255868472237, 24.88195863077071;
  -8.415065122260151, -5.015151294927696, 25.37892468638568;
  -8.186872347530928, -1.795732268023284, 24.77606719656873;
  -8.202131213431771, -3.431830108360138, 24.83597869080053;
  -8.198521202265043, -0.3000597290014722, 24.86101650510009;
  -8.214473816815923, 0.1047368884185925, 25.02690280876307;
  -3.138652144116401, 1.153265832255908, 10.2497852476418;
  -3.20114747400522, 1.050912893524294, 10.46984790534379;
  -8.044035395138712, -3.443970240031067, 24.93424880409179;
  -8.0022398975818, -0.2832304836390273, 24.82655716386377;
  -7.966057876356913, -5.055331610577904, 24.81837253019171;
  -3.131090407708402, 1.084678435977738, 10.48741195930421;
  -3.114568389000001, 1.041145338507407, 10.46184243142546;
  -7.117132393917332, 0.2738275378037821, 22.88893936767907;
  -8.684873417647804, -4.604844265524926, 27.81359929567348;
  -3.064092454991064, 1.045070510161255, 10.50935374469036;
  -8.087634088432479, -3.243801249611261, 26.12762393112158;
  -7.961496140643828, -4.684883193418914, 25.76339685619621;
  -2.996068630225234, 1.115449287888834, 10.37758984158248;
  -8.082220106225098, -4.626233558307219, 26.27085867363888;
  -8.416993344389699, -5.191754143982486, 28.01572763372432;
  -2.917558163450758, 1.044715855312824, 10.39167592879807;
  -7.210557277042342, -5.517288388623432, 24.66314778551659;
  -2.570083494551605, 1.325998259478317, 10.54775114324623;
  -2.589770474051729, 1.234586991380181, 10.64996406571708;
  -2.502699375519745, 1.246244745413425, 10.47878843738602;
  -2.556861933479955, 1.15458806266537, 10.69648803736355;
  -2.426315494125395, 1.216413264748979, 10.76133345716554;
  -2.352818827553028, 1.036904089616868, 10.54834071981777;
  -2.33961419837401, 0.9306257776291736, 10.71457595250377;
  -2.333603719289603, 0.8898675996361174, 11.10038314509228;
  -2.268896176525415, 1.753506681208677, 11.05673874362497;
  -2.148953873347359, 1.549172469140312, 11.10487694398928;
  -2.642587238472771, 0.9104080072869594, 14.0096653831049;
  -2.607034987083081, 0.7365597179935141, 13.96811029456473;
  -2.390099537259381, 0.7339955287892157, 13.40816372635149;
  -2.373454441065582, 0.7093981958097779, 13.90618210381332;
  -2.451874537834661, 1.501442201949343, 14.34920259649989;
  0.9764511203376945, 1.560292652944084, 13.10234237975326;
  1.233128382076427, 1.763213370822221, 15.2630961475456;
  1.204975563483599, 1.533302409754827, 14.73380952632438;
  1.304756750364919, 1.123028676267863, 14.45981520928152;
  1.730050636835077, 1.053999491426415, 15.51821333903465;
  1.933993146254989, 2.052622272193254, 16.10306743319013;
  1.449701069873001, 0.7159222264342595, 12.40879952730452;
  1.515412199136423, 1.508275622255172, 11.21600288066016;
  1.834302489072976, 0.1288042449102257, 13.16708382964828;
  2.10434705258836, 0.8790742018319312, 14.84939740841871;
  1.80232609138685, 0.6187247065298919, 12.8159705398313;
  2.090628786632871, 1.025656201825423, 14.75952694323526;
  1.643315931014675, 1.075652707177817, 10.99984930242712;
  1.654889949562571, 0.6570678489796937, 11.03603261057275;
  3.925631425970529, -3.275247370083347, 22.15022684086726;
  6.042949637324674, -3.245742995768506, 32.39426413279513;
  7.814912151040258, -9.0533588652173, 40.39604299033856;
  9.528204686087863, -11.24764983167378, 48.44511596404428;
  8.468080821879626, -9.106323224947483, 42.9554525393192;
  1.889016596684932, 0.8313598178946411, 10.18184561175041;
  6.312278645692625, -0.7531065860907283, 31.1723834740218;
  1.890734915283387, 1.015984530337426, 9.956357595515829;
  1.955495939687143, 0.9110302204599142, 10.2343623317917;
  6.897234686577542, -0.6049773735120823, 33.27817252948429;
  7.713956765402888, -1.844875129869319, 36.32516947021193;
  2.065730059291859, 0.951314451378141, 10.40531990386325;
  7.852530389430752, -1.572170060228768, 36.35645376862117;
  8.690102891355856, -8.926311694770888, 39.99382071756511;
  8.925832548352467, -8.843202015410462, 40.32415030020231;
  7.33060487808555, -3.388605278056024, 32.53636170604374;
  8.154950341248386, -1.096390474620453, 36.04146362293046;
  9.312653724638309, -6.908815202101832, 40.90909429131553;
  9.893033405872018, -6.025216084503592, 42.65974605953777;
  9.534416574557284, -6.262965777743347, 41.0858418644761;
  8.886541619247049, -6.123776758274229, 38.26379826456452;
