m=[-3.304952787877687, -0.07765049866479519, 5.271393006572666;
  -3.604034708608785, -0.2797534351939028, 6.231385812291909;
  -3.577103235986984, -0.3945321791982758, 6.239259409949516;
  -3.539903192179409, -0.3380989618243961, 6.238360515968839;
  -3.500036537981571, -0.4027545345750199, 6.235264868571463;
  -2.164802822352046, 0.5743307168062607, 4.545560076718278;
  -3.297202465830813, -1.081438738634536, 7.744618974341869;
  -3.25381372180326, 0.1796335770844911, 7.745562013386063;
  -1.828266978739555, 0.4628237051816929, 5.301274745223253;
  -1.787800772500102, 0.5221537086258065, 5.275600884760952;
  -1.776872673537062, 0.4669287068639135, 5.259105229129414;
  -1.740222597025305, 0.5438373842085458, 5.260086944683705;
  -1.734021206177516, 0.5261431477836068, 5.269985439573227;
  -4.76615161676727, -2.650133491226604, 12.8559271432873;
  -1.719892623556953, 0.487122223817499, 5.283094347437959;
  -1.703044442897109, 0.5074497330946329, 5.254304234693627;
  -1.696888975365972, 0.527040448219118, 5.274025810017196;
  -4.717496066329746, -2.626737566824353, 13.11362857540262;
  -4.711712270747807, -1.853012031532373, 13.16669358323658;
  -4.744591283876932, -0.2196185529391334, 13.27077235208354;
  -4.691978679209308, -0.0328893168653967, 13.20138788959044;
  -4.670870105972983, -1.717260355280739, 13.17533320328077;
  -4.763917570324201, -0.7728130737230153, 13.46429672740615;
  -4.754619945147659, -1.946596886110512, 13.46038070684876;
  -4.622251230907359, -2.553133478229511, 13.19708206557763;
  -4.654082901485158, -2.459502845534223, 13.29501708547312;
  -4.61501967106057, -0.9659672158044401, 13.19442693411424;
  -1.60879170968028, 0.5911341635831893, 5.253774160134458;
  -4.638233766996111, -2.654461080533435, 13.29691711712313;
  -4.718703488005814, -0.4056747169412294, 13.53242390890615;
  -4.639013298933177, -1.950266771749057, 13.32871094772527;
  -4.692464886881822, -0.511200587264534, 13.47155025898522;
  -4.695030385409432, -0.2707964816218666, 13.49320971731715;
  -4.6009731576194, -0.5879213278734595, 13.43070790772499;
  -4.668962887919632, -0.4332172539224852, 13.6422993954295;
  -1.580086407037065, 0.5473766099104797, 5.292410925311675;
  -4.493143790496274, -0.1590029195574708, 13.24128141626367;
  -4.509691702767879, -1.846527886932122, 13.30540754603619;
  -1.576626430454404, 0.510021910939793, 5.29538665561171;
  -1.575117624557724, 0.5265340707242158, 5.290823748575604;
  -4.488296891699142, -0.7215154272556856, 13.3042427060888;
  -4.400542459462581, -2.510123520633967, 13.12307713310792;
  -4.485554773805299, 0.09819030446026751, 13.36229173777055;
  -4.395234537630071, -1.985121410640595, 13.12311283332879;
  -4.401488026848277, -0.8750972240005558, 13.14844073739118;
  -4.472176204717349, -0.3037342418909806, 13.44048248981615;
  -4.395035410455622, -1.911419191408888, 13.23955057436486;
  -4.36883407147713, -2.603706986525137, 13.17593022233846;
  -1.546554899598736, 0.5274837302260035, 5.304439328843487;
  -4.395759122889094, -0.9641785243922, 13.30295853965234;
  -4.395163772385236, -1.838967821015199, 13.3085159153247;
  -4.414469415714349, -0.1615662707804647, 13.38634057261611;
  -4.344418531812328, 0.05539257768143542, 13.23606877091501;
  -4.319222710269719, -1.849230360575599, 13.38837640660229;
  -4.294331762443719, -0.1519931516113283, 13.32295386609472;
  -4.24076523720368, -2.691227566938045, 13.21216756187325;
  -1.491018813931463, 0.533902293704936, 5.310668528297921;
  -4.227485360760451, -2.582435822982135, 13.2548915641549;
  -4.382620621424141, -0.09613981079845728, 13.9365017100657;
  -4.336314414590611, -1.739215939167521, 14.00874359951219;
  -4.264791877575133, -2.44115144649893, 13.86249609831387;
  -4.722032427647637, -2.531595538658585, 15.85698539959062;
  -4.899006832659609, -2.534319847885393, 16.53975903687066;
  -5.020555058967397, -2.537073892758899, 17.24063063740147;
  -1.303706598916944, 0.6214987867558831, 5.361258292894704;
  -7.048833824975939, -0.2610962314425016, 24.75102266435869;
  -5.84669002810621, -2.754384428044816, 20.79460320958557;
  -5.668784703606643, -3.100045510368557, 20.23851221765535;
  -1.271888421249982, 0.6333498450671031, 5.325389782171348;
  -6.621772774444008, -2.990051113735311, 23.96345579012371;
  -1.27436388803661, 0.5200360572540772, 5.412715834955757;
  -7.882868640895907, -2.614149009038719, 28.52628295364887;
  -5.658568741806797, -3.867670777547651, 21.28928385236756;
  -5.239746765042189, -3.030290235306103, 19.70125513531291;
  -1.227089208243839, 0.6151910555540421, 5.442456343197527;
  -1.205155074998763, 0.531120463358574, 5.40304514841272;
  -1.144097418362182, 0.8842107839962737, 5.575392291179502;
  -1.26222321018222, 0.7729413421460137, 7.3869589513762;
  -4.373165749308279, -5.244339496480941, 38.94189868630683;
  -4.23985870269397, -4.620987501676285, 37.84760493824119;
  -4.196463602098149, -5.308319649701723, 39.43205270355508;
  -3.391333471911163, -4.601224250952243, 36.78562264654395;
  -2.134591303959984, -4.751106946689458, 39.50492067091831;
  -1.304829103322842, -4.190179280279421, 33.64612307966297;
  -1.242653386193427, -5.090067068050276, 36.18689457862254;
  -0.9752000829911514, -4.037764538879613, 34.14344518584737;
  -0.9683741460952692, -4.826673492303035, 36.36972885248864;
  -0.6906408174541039, -2.773878203844932, 27.18154447205188;
  -0.6911663124085039, -3.274385220115033, 30.18464084456432;
  -0.651693833166779, -4.226820953764162, 35.54630721931823;
  -0.2863570432503463, -4.199105700788619, 33.85706771638698;
  -0.2203420952805157, -6.053951314665421, 38.22046345664643;
  0.1544286184683382, -3.554065266039607, 30.27833616769534;
  0.2279132145108829, -3.637655052907937, 35.32533951852639;
  0.2287362542716153, -3.520574562269701, 31.89707959099966;
  0.242040987288905, -3.948274249534806, 30.91055572854221;
  0.5121395335183074, -6.259358962506069, 40.1304321389789;
  0.4769939728653049, -5.403732135355183, 36.36540481595444;
  0.4350535150885905, -3.418108944185835, 31.04932484359417;
  0.3865801401632241, -2.643040386872419, 28.05219289653877;
  0.732812353608935, -6.246761297251352, 38.29764056724969;
  0.729644063529398, -4.483280049620266, 35.45649767033152;
  0.8782588957330775, -7.287555311491939, 41.4552031574809;
  1.052800438874409, -7.34936920511493, 40.1607994926216;
  0.9716541792440552, -5.090462411427328, 31.58807949014547;
  1.207171468472208, -6.892670778205705, 38.05118204719272;
  1.269406173014908, -6.755354185681495, 38.31948957337024;
  1.319814967858701, -7.972153125226497, 39.86631303339524;
  1.286551328950932, -5.849704664932688, 38.71400917063001;
  1.030497572769335, -3.148179448329158, 30.67623428826678;
  1.461062670194622, -7.888439960030324, 40.34003917273441;
  1.501124196754233, -8.214143368973229, 40.39879532326777;
  1.145152742626045, -3.368770304687884, 28.92738790271742;
  1.20574359082232, -2.447627477467305, 28.60605180204486;
  1.227032734309308, -4.725234869883295, 29.1588861483762;
  1.44044528508003, -3.023049313939229, 28.08405712193736;
  1.444885341241031, -5.778171532811256, 28.00654934259145;
  1.817279985142921, -5.60645739640825, 27.5013821978769;
  1.935799991729795, -5.02126313818104, 26.36432755983686;
  2.286672796660824, -5.081568882809489, 30.22438458798725;
  2.028854625618102, -5.548783955093741, 26.31216773469876;
  2.134583986770233, -3.585935345116996, 27.68083943559595;
  0.9925440972522417, 0.7095322644564343, 13.4427968311352;
  2.061196238140288, -4.934622859154294, 26.52185956984395;
  2.050089881128955, -4.621230915477817, 26.09477761875174;
  1.505588477106056, -0.6996170293176324, 18.30130281013593;
  1.181862571666116, 0.9041919551878415, 14.52602646182306;
  0.5455401647219641, 0.8717305896553296, 7.320237409960837;
  1.181370374091399, 0.616738052545934, 14.39280452915219;
  0.5798217838356172, 0.8290698169086407, 7.176767450784314;
  2.118180594114375, -3.604099709144474, 23.27228166621225;
