m=[-6.571986196390268, -0.1751123189797065, 9.531404902218604;
  -6.92643962588712, -0.389610747549573, 10.27274601404166;
  -6.917770321981, -0.5190232262165477, 10.27425386343449;
  -7.093032373423245, -0.383806995574857, 11.04205671073349;
  -7.148844747059268, -0.5831203902777884, 11.42261482410024;
  -6.925690876613991, -0.6847995442543012, 11.29169806901957;
  -6.868440575097932, -0.8155200281361292, 11.31814257132101;
  -6.622418181976808, -1.830282986890437, 11.28869143336159;
  -6.609443105043674, 0.7370080905707541, 14.21208037191606;
  -6.565071909476852, 0.4376954420483122, 14.25299327253999;
  -6.423986848289439, -2.051873216444463, 14.20328535623452;
  -6.433433004279738, -2.150966050320594, 14.22665166698006;
  -6.612011315570831, 0.4294734683319104, 14.61699448489114;
  -6.401698622317026, 0.3153342471895425, 14.32470707992694;
  -7.011588554512604, 0.7623818726123718, 15.73799697863688;
  -4.631436353883567, 0.6282750257432184, 10.84205331148;
  -3.985797986848767, 0.6946544309087236, 10.28760192955961;
  -2.588306447007419, 1.474223030735448, 7.064202355659567;
  -9.567597366942652, -4.9885756869752, 23.43839801571045;
  -3.63567808136445, 0.957603988467211, 9.550300204850549;
  -3.672821485265246, 0.9239529315327253, 9.705299753843148;
  -9.381865229653473, -4.901356242585742, 23.56534342829876;
  -3.560773863718304, 1.034289218564616, 9.580620408460028;
  -3.534417504555043, 0.9237813045091692, 9.536342116374719;
  -9.287802070220774, -5.060840832959093, 23.63142559106563;
  -3.458115713060917, 1.077416423756048, 9.531573878818524;
  -9.08131025325959, -4.957718711872826, 23.62058836950085;
  -9.013924299462943, -5.103257563738589, 23.53761643820678;
  -3.410097652879965, 0.9622903655362732, 9.559252610389951;
  -3.375877879092797, 1.00305667202541, 9.50054116587315;
  -3.385749937921852, 1.048341184735803, 9.595973838457148;
  -3.349023916734981, 0.9481448864575633, 9.584890354077025;
  -3.337965434336169, 0.980060585031392, 9.571501506731845;
  -8.742419561496847, -5.093777309075124, 23.49583035483263;
  -8.766415879557837, -4.967248891077049, 23.62514919797053;
  -8.732898243276699, -3.50529938193544, 23.65256696398778;
  -8.726244063681618, -0.4529902424289708, 23.65937077254666;
  -3.330856392002371, 1.101916383372785, 9.687195679197314;
  -3.285066349666097, 1.046390372496187, 9.576390420581229;
  -8.681921956582757, -0.1105598016647805, 23.66695929224996;
  -8.707700208860976, -3.272809148262004, 23.80224963705722;
  -8.768617785612507, -1.487273204425089, 24.03556703280118;
  -8.546688901431152, -4.809567225455463, 23.67248047388749;
  -8.477682453179156, -1.57533617314692, 23.46268099875774;
  -8.557304464927128, -4.602786260461993, 23.71618922626998;
  -8.611709879192972, -1.862994535266748, 23.85285499998803;
  -8.543085420972572, -4.978037810550796, 23.77029044984083;
  -3.217317331381941, 1.052408638932156, 9.603648510016349;
  -8.58238947521404, -3.683784542818347, 23.91790629094242;
  -8.644209316392733, -0.5492592835390938, 24.09246406103298;
  -8.41683969775295, 0.1360350581165299, 23.49029798993784;
  -8.518198943699899, -1.483832926226324, 23.91511017925055;
  -8.482764865587392, -1.136155166664862, 24.0131659832569;
  -8.613626670386546, -0.8436846473671885, 24.42068138324646;
  -3.141615422994573, 1.086780720276558, 9.608285988770804;
  -8.254871928051109, -0.3418794906282313, 23.58493041528923;
  -3.135855122299792, 0.9521176506098339, 9.614834662699009;
  -3.137220516841013, 1.047439306574626, 9.620362236586267;
  -8.26298657243392, -1.388686988368314, 23.75142014982106;
  -8.247818308528856, -3.53145082121343, 23.78766934563221;
  -8.293449389537289, -4.79155095304136, 23.93536972590684;
  -8.116314148932911, 0.1183018647879128, 23.4601603785338;
  -8.215567148575461, -3.785462220072395, 23.81818112445752;
  -8.223872916566656, -0.2927428844664843, 23.84717702787804;
  -7.534282989378475, -3.908117795737936, 21.903707481043;
  -8.236756345629427, -0.6127252683866138, 24.01527158112044;
  -8.088647387882313, -3.595691189824593, 23.64249347432939;
  -7.945170082378023, -4.819644901526306, 23.26468218775055;
  -3.074868227982723, 1.04875960385115, 9.635182407063377;
  -8.068122171251188, -1.830907549744544, 23.68386682812424;
  -8.24295083576431, -0.194730543857238, 24.16458715446595;
  -8.138986916133266, -3.483423728339802, 23.91251679014098;
  -8.118133966087287, -0.3409905852857699, 23.87595880053488;
  -7.82078060475857, 0.05105298240368141, 23.12003767473257;
  -8.084732270833969, -3.528908904851399, 24.30911852534029;
  -7.917486499932933, -0.319163614944496, 23.82537754500453;
  -7.904303197187516, -5.103011667277063, 23.88975206512481;
  -2.990659784195588, 1.077680278692667, 9.729157761324036;
  -2.946922794951392, 1.037493935982123, 9.658568846636747;
  -8.280456454770908, -0.2223715992518899, 25.56302547736697;
  -7.848844412310727, -1.860659559835514, 24.50615433041776;
  -7.839520590517948, -4.691543183940157, 24.64640042186214;
  -7.918352801012167, -3.245964859104671, 24.87521467039428;
  -7.715561249681583, -4.504902871073285, 24.40373957632593;
  -8.252352942438533, -3.632512639505017, 26.36350107249801;
  -2.721702707680595, 1.018458794056966, 9.433534326803951;
  -7.394899306507837, -4.663304669170826, 24.03678941062357;
  -8.502377489953966, -0.9361876315591148, 27.71061557436533;
  -8.666740977971728, -4.575280657467267, 28.63442922181336;
  -8.698868511728701, -5.028267599415359, 29.1645435892528;
  -9.296261680150581, -3.668416906174456, 31.03517751068211;
  -8.895728388237426, -4.593004088962213, 29.92491302284117;
  -2.569983585805769, 1.331285327566698, 9.655226886206171;
  -2.583971192858422, 1.237988409968772, 9.740240622904747;
  -9.800553459813891, -5.482590991315968, 34.45129520409711;
  -2.543271204205847, 1.269681403195064, 9.740178071287902;
  -2.534545890528279, 1.146985515501388, 9.720862992885611;
  -9.304597579874052, -7.569070312034636, 33.28188202844541;
  -2.496741880671499, 0.9897326203427942, 9.833116472672339;
  -9.073101843782162, -5.370652888982176, 33.58324432858764;
  -2.487506304295656, 0.7622315156957434, 9.991363306372103;
  -2.429744205974216, 1.022584908919356, 9.822608575821962;
  -2.500318809529432, 1.8434495920045, 10.10365314569542;
  -2.440020299002584, 1.229085661855933, 9.936692168189763;
  -2.423250542137546, 0.9108764715122248, 9.89223632416244;
  -2.428075820525434, 1.073179455213998, 9.972641784803695;
  -2.292562500030142, 0.9167806900266236, 9.641208761619375;
  -2.2654405979923, 1.766462854608244, 10.18180982387207;
  -2.24521311733879, 1.70031347134267, 10.19620431212816;
  -2.369646005891139, 1.603018750780734, 10.83761840930066;
  -2.273484319194861, 1.649091908910209, 10.78537081575777;
  -2.570625365103119, 0.7162715231219431, 12.97596996277227;
  -2.560791892412328, 1.917402319634098, 13.38013671481112;
  -2.38068877122578, 0.7368865018827321, 12.56831543974244;
  -2.458127270609723, 0.7324932653808981, 13.18973124600954;
  -2.441991584981195, 1.497020920093478, 13.50173595341881;
  2.773717211739548, -5.883783682444173, 37.05455607078969;
  3.773035732524764, -10.07247553268242, 46.61424148417522;
  1.240224301802648, 1.875375987598038, 14.70887993229141;
  1.164325247449142, 1.601300487419729, 13.05332326896292;
  1.175955711206366, 1.44093107507358, 13.0083892629757;
  1.307005951199565, 1.081859602783498, 13.10609930795024;
  6.125268843590922, -12.75084066765331, 53.81299259146867;
  3.932650418915959, -2.624881851474654, 32.10958443837839;
  6.850163781190582, -10.9919183238029, 53.66089731779295;
  1.805196101576072, 1.068934428037601, 14.83491960735475;
  4.427919068457248, -2.608727697196572, 32.66902179083057;
  1.688684477679251, 0.8074932959830814, 13.01077466157235;
  1.9039063200756, 0.7191943279305771, 14.52879160818419;
  8.152633401936443, -13.58659904826148, 58.71481853507206;
  5.014516261034428, -2.97890963560985, 35.28409882514307;
  5.936351217798365, -4.139212284230968, 40.3360085146002;
