m=[-6.212346109755905, 0.02554585317667867, 8.599976851831507;
  -6.260446077538009, -0.07349297161460359, 8.667640239179143;
  -6.214552014036107, -0.3205457778418077, 8.723333426639467;
  -6.180764168861214, 0.05716133951717267, 8.695465811638819;
  -6.224384979269153, -0.0587631061654389, 8.75722224327791;
  -6.236047305590145, -0.157373519247611, 8.783358901278296;
  -6.235752118589006, -0.1169328007301275, 8.794166018309536;
  -2.712345611166348, 0.8118583787263409, 4.534617038309959;
  -2.636746030987755, 0.83725216924261, 4.495395666466438;
  -6.190248172265095, 0.01908496051252818, 9.262687830054903;
  -6.242297288508895, 0.1848256642925799, 9.334176912653161;
  -6.251352069785358, -0.1845333579613118, 9.361946999130675;
  -6.204878825385197, -0.2788998482380592, 9.340062915840788;
  -6.210817621805561, -0.3943932460391602, 9.351766698930391;
  -6.222997443067507, 0.1097662430028742, 9.382021089739629;
  -6.237450727912114, -0.0508325286587127, 9.412806640891747;
  -6.246447516757916, -0.599728207543939, 9.45730800197078;
  -6.223561718068377, -0.2238116921020578, 9.443467604219173;
  -3.600018145144165, 0.2296801599711948, 5.88718088292867;
  -6.176694106410346, -0.7675130558055273, 9.408165919855628;
  -3.601625182978166, 0.2976701633620418, 5.90916233063386;
  -3.528055001807722, 0.3584397807965949, 5.868446734867071;
  -3.411965602722868, 0.3904751417858815, 5.793762643375894;
  -2.56682976525408, 0.8353690537727474, 4.632501581217107;
  -2.599894581084667, 0.7712301557984086, 4.690497774622333;
  -3.350804192175291, 0.6894603752812817, 5.796471679286572;
  -3.277397249608217, 0.5598776716529708, 5.757046231999481;
  -6.404336484802856, -0.01340225926975098, 10.63757290101539;
  -2.485287672053687, 0.9489278723218859, 4.731697810819162;
  -6.189517411366508, -1.936910024221126, 10.37579296866166;
  -3.185873631376142, 0.4344719994916427, 5.819053763679707;
  -3.185671757651795, 0.3792242647204349, 5.822536438269435;
  -3.17756291835685, 0.4892148467478781, 5.820182399775967;
  -3.161730018529549, 0.5514892707003282, 5.802935721791843;
  -6.362726943344824, -1.708971939298285, 10.70535516029696;
  -6.087023544931472, -1.604134341830023, 10.33581272667882;
  -6.253761200352651, -1.846766739826382, 10.60605811620328;
  -6.431674346982105, 0.001379531811027104, 10.96710283726621;
  -2.45289850913131, 0.8599883423804305, 4.803404883553729;
  -6.375677924743207, -2.022013096095614, 10.99476237695263;
  -6.425008251242851, -1.920944275525701, 11.07759590878897;
  -6.428216116178422, -1.8623202526484, 11.10724004346971;
  -6.565388020681746, -0.02780507616089347, 11.50802091904285;
  -3.120136254235752, 0.6198155940209438, 6.007519293845233;
  -6.66677849980538, -0.06397214028235471, 11.80831174837484;
  -6.502071984631239, -0.2511002884567545, 11.70046965015139;
  -6.477862360355091, -0.1908988226440342, 11.70180795894128;
  -6.40402824209503, -1.15267811671419, 11.59550066296052;
  -6.6746440483164, -0.0644703787709752, 12.04411432329434;
  -6.443028195871903, -0.2895951162890592, 11.72908906540904;
  -6.37565629289402, -0.01446994438891399, 11.73612460478636;
  -6.360384180758343, -0.1772493629686268, 11.73039256629206;
  -6.3982887092714, -0.4042707691808977, 11.84314616081146;
  -6.301647604965786, -1.226081433482596, 11.70654102331941;
  -4.857063898166317, -2.049097788121617, 9.280483239455725;
  -6.36968475862487, -0.268149655871049, 11.86690623261231;
  -6.231332593665845, -1.146562677404738, 11.63382689337196;
  -6.30577499634977, -0.08529418972792875, 11.80440455507418;
  -2.565485475971775, 0.8627294586664366, 5.400266301684474;
  -6.324771866537466, -0.3261288038745185, 11.89308550568802;
  -6.162858206385839, -0.008515298288450161, 11.62962095583889;
  -6.297271014550908, -0.5968289602872207, 11.86661218660699;
  -6.342142563438932, -0.5445009465368113, 11.95216134898;
  -6.274135773907963, 0.1680801553849225, 11.84262231998978;
  -6.271245165787576, -0.2265518328668133, 11.85455593472778;
  -6.190017897824526, -0.03606191034264252, 11.72892123421022;
  -6.381681412345286, -0.6565596750303756, 12.07079110082577;
  -6.284236680515481, -1.171356588161092, 11.90914853909427;
  -6.301309924219241, 0.1129552180313871, 11.96490502145087;
  -6.323484274579354, -0.3031759863160937, 12.04019335090624;
  -3.184188828225024, 0.5584396659267146, 6.573012874288684;
  -6.332292732064642, -0.5491361490795932, 12.14678150210135;
  -6.325720025420553, -0.6667652149579942, 12.16441169868159;
  -6.335350995839014, 0.04409494112052301, 12.18203956107589;
  -3.094136299749345, 0.4475146853773779, 6.447158792198279;
  -2.506738334246682, 0.8660851513813135, 5.472546598127947;
  -6.20480341150319, -0.4771602922675009, 12.12581241159846;
  -4.490570538027487, -1.908022965096172, 9.187824947560285;
  -4.567434075009457, -1.887476622266186, 9.339467966379685;
  -4.543847127251718, -1.783357824481567, 9.367634338466043;
  -6.455559688977499, -1.901355155688264, 12.91165107184236;
  -7.062197553586725, -0.07194567278485425, 14.15665516425857;
  -4.650584545301874, -2.03990850511902, 9.666738026622236;
  -4.592685859792895, -1.927196600796142, 9.589765478132424;
  -6.899865215923434, -0.4139043949153411, 13.98689814286429;
  -6.984662692606724, -0.3440809472280822, 14.14943922642616;
  -4.627390179820205, -1.98778859952103, 9.743068908704013;
  -6.914803481162225, -0.2639526757480191, 14.13372218207895;
  -6.896072089113142, 0.03444973384552163, 14.17753917754428;
  -6.844206564289286, -0.3345154128226062, 14.10266943483536;
  -9.454683753165979, -0.8505415049078445, 19.20051166917047;
  -4.377861949713716, -1.931602128076716, 9.441972103678022;
  -6.783651454492214, -0.4805628027795168, 14.18451028950108;
  -6.745314641581597, -0.2113775890041559, 14.19151262993804;
  -4.000282535888413, 0.238517000465413, 8.881734560410868;
  -6.741907665872013, 0.01045903716429357, 14.35457542321035;
  -6.644399134316185, -0.1209095864832436, 14.19184152616072;
  -6.627134165704303, -0.0490858573974363, 14.21482087881218;
  -6.588202834366665, -0.2170611183560993, 14.19329259144075;
  -6.591741546726516, -0.1468570426096601, 14.23572070390283;
  -4.011695221187984, -1.73433021272917, 9.125843799722045;
  -4.874502536706276, -0.8203014282169426, 10.89092635407568;
  -4.911175282995299, -0.7520691711571661, 10.99071859681023;
  -6.448987984338407, -0.3358241881049184, 14.26337793855145;
  -4.10950691803551, -1.892548050540403, 9.622203051487551;
  -4.871500649867219, -0.7284450552906256, 11.31946688150019;
  -4.800854137500231, -0.9247282673459739, 11.25778805273371;
  -4.747592020260577, -0.4696597783512611, 11.23860571913174;
  -4.722189053645895, -0.5168613704687931, 11.30899080243498;
  -4.76402425374086, -0.2110589436528378, 11.4656140893798;
  -4.628740487269047, -0.856619232707086, 11.17962834097784;
  -4.656052469154671, -0.0927991492126545, 11.31245314699844;
  -4.573538867692522, -0.5837615426423455, 11.24096928439279;
  -4.450465882855739, -0.8483473307722211, 11.00668997066979;
  -4.664502083561009, -0.01890430345410319, 11.49368475598793;
  -4.474510922603933, -1.241279655061611, 11.12745556191719;
  -4.588806985728191, -0.1330668889205995, 11.52813444195601;
  -4.734957274972007, -0.08536356893795971, 11.91647082434946;
  -3.899376511067043, -1.557222504820171, 10.12050755907806;
  -4.68380613610262, -0.05374258685379852, 11.97200808889073;
  -3.154939210246815, 0.5460654297000616, 8.382607265521033;
  -3.729871368819489, -1.881617276611449, 9.767346993514725;
  -4.32447048660924, -1.325012100229751, 11.20691262268627;
  -4.153804623571666, -0.9800591265166206, 10.8228734516028;
  -3.158393591801564, 0.7605871900171709, 8.46268948381044;
  -4.154157976052917, -1.006031987132794, 10.86411141952847;
  -3.126505876086899, 0.730488772618562, 8.469560660892377;
  -3.103067592084805, 0.7256666524373955, 8.430725279051503;
  -2.404033057870322, 0.8715108577850392, 6.810159532276486;
  -3.063129563258995, 0.7420060669306237, 8.419714649690031;
