m=[-1.819008685780154, 0.4494991017657147, 4.331634227506124;
  -1.786891372289077, 0.5132419667559431, 4.328029457075933;
  -1.73631837193242, 0.5161744078890972, 4.329713886653306;
  -1.723636658203123, 0.4751964780263269, 4.345272435752738;
  -1.716855794154475, 0.4994917503649809, 4.342391027072687;
  -1.700069242627269, 0.5171981260674301, 4.336881653379048;
  -1.687671598444022, 0.4673987288405531, 4.345752415010252;
  -1.683632239858155, 0.4854774232683767, 4.343964197814142;
  -1.64917216787789, 0.5363381110675818, 4.322444997494378;
  -5.128537757522063, -2.729492282159826, 12.09140934949776;
  -4.989718983967698, -2.662821813109254, 12.06703192926684;
  -4.91851871757836, -2.735337214465044, 12.04880835523292;
  -4.833244059368228, -2.698631325276232, 12.11057832047428;
  -4.650299234565414, -2.770699574747823, 12.03870306793773;
  -4.668878019415008, -2.70114503317736, 12.11567833069085;
  -4.680639479178909, -1.933802583838809, 12.21747326511183;
  -4.775530858393162, -0.01261333531085469, 12.44635200838304;
  -4.594859204549356, -1.780862317722542, 12.10922420276843;
  -4.658371115822579, -0.1071100429825281, 12.25451929647219;
  -4.643258152961691, -0.8435076294030757, 12.29040514968084;
  -4.655634014984184, -2.003462891401729, 12.3369278737027;
  -4.58398723639396, -2.638913216806575, 12.23306150725152;
  -4.573097514192531, -0.9022510027107868, 12.20440023028825;
  -4.588073782429865, -1.044633958347433, 12.2613476754682;
  -4.541571408925734, -2.703837983954715, 12.1739959012293;
  -4.616877548133666, -2.038751211128008, 12.40762134447838;
  -4.618937129923522, -0.4770008232362617, 12.41046329979104;
  -4.618698583169113, -0.5832486625285496, 12.41798401573276;
  -4.566484573142497, 0.01947774729207896, 12.30096572026065;
  -4.624898238491078, -0.3460793498966642, 12.45091629057785;
  -4.552378177603311, -0.8449888643368144, 12.33596677053513;
  -4.592372814873502, -0.6680729274336177, 12.55282558068038;
  -4.550779862467556, -0.494823327037025, 12.46681414179444;
  -4.483469262908462, -1.928496527075195, 12.37084858627443;
  -4.521801758173181, -0.2364537944607048, 12.46684507628796;
  -4.447135010213771, -1.955909418171021, 12.36080930451966;
  -4.360155336650565, -2.601677966171704, 12.18362254160105;
  -4.441536061651338, -1.966412992503784, 12.38431994634108;
  -4.359770852237201, -2.06377317625876, 12.1850835396086;
  -4.442234884475899, 0.01420600053343063, 12.39183366202083;
  -4.450373069685099, -0.96889888067779, 12.4284060573692;
  -4.493077941941488, -0.3286044678300712, 12.53696333913999;
  -4.443540089115952, -0.2824101123692415, 12.42361248626312;
  -4.46677935010449, -0.2063152602674775, 12.50544556245011;
  -4.351052363711494, -2.699918408591762, 12.26744891822163;
  -4.374303317244268, -2.002844552214787, 12.32723991448608;
  -4.393077351942933, -0.3727880243298861, 12.36813796142879;
  -4.360031605689454, -1.921456544008774, 12.35408965629272;
  -4.481830123044935, -0.1566621589957737, 12.69602291668266;
  -4.373387688828387, -0.2332944052480941, 12.42134952598976;
  -1.29653420919189, 0.6133444219044274, 4.413305815592617;
  -4.254271143076673, -2.807901301196954, 12.39534859812926;
  -4.202785603867517, -2.675725731747913, 12.3308417648592;
  -4.200055086539337, -0.1525335909544647, 12.55887880966654;
  -4.223271870364092, -2.680501582921303, 12.79919381174917;
  -4.254865544395401, -1.801796621262063, 12.91921716275352;
  -1.218970075495828, 0.6062048741914482, 4.495334382712666;
  -4.618112196735149, -2.623461548738213, 14.41292071652105;
  -4.603330250145907, -2.599812281218902, 14.68287592494088;
  -5.241049915971382, -3.473515535453528, 17.39229751940872;
  -5.021424789871568, -4.100125590272911, 16.96997867466225;
  -5.285430616901107, -3.044793139217001, 18.18501641609992;
  -1.127578576178199, 0.8489204250409833, 4.660968087909503;
  -5.264267533803326, -3.134236780752165, 18.29343403703442;
  -1.164206013811134, 0.7690920706769351, 4.858159198218933;
  -5.268154179291238, -3.216037494883969, 19.08326431877394;
  -1.284201145229786, 0.9495181631006864, 6.275335619265417;
  -1.247065650346473, 0.7454734658551788, 6.444632742748974;
  0.1944949911174641, 0.9127333688408146, 14.06854508336464;
  0.2296945716373377, 0.5371793815426889, 12.13131056086202;
  0.2622740914834061, 0.760010140285923, 12.62463328185999;
  0.2068953962088524, 0.2898056222237325, 9.840721924960285;
  0.4729294973898387, 0.5354751294858842, 12.96820655809395;
  0.5569009611887609, 0.9799998073483761, 12.90802670137216;
  0.6774222233251622, 0.5962894866989816, 15.08197551323143;
  0.5924787203045761, 0.5376897351935172, 13.25180989916682;
  0.6709922450720643, 0.4071440957190577, 13.15941824371413;
  0.7656368300970693, 0.2830707593849436, 14.31528374663564;
  0.7303284548565464, 0.8479013484178958, 13.62429430693376;
  0.754364944243023, 1.064035016113815, 13.96403012511296;
  0.8546109159545973, 0.8299320422207626, 14.11148364089407;
  0.9829766087384959, 0.2937361989267055, 14.38831357456356;
  1.017037661502888, 0.322268700040962, 13.60392101436104;
  1.04611290081774, 0.5437425280750587, 13.95930169532559;
  0.9869200037089421, 0.8617755667456728, 13.22463170917189;
  0.5055128927075098, 0.7691429032775395, 6.959729340355962;
  1.12924034721415, 0.6706637076708191, 13.3956074343957;
  1.334329602266755, 0.8844698246567028, 14.58236270904507;
  1.280561366513206, 0.5619076500205702, 13.92200798386562;
  0.5904295253550914, 0.8415310859055318, 6.356640968029151;
  1.739124969020437, -1.1991479096219, 15.9312414893373;
  0.6284097868513104, 0.6324840642067257, 6.434349120999135;
  0.5897099466639294, 0.687833779750141, 5.931490085436802;
  3.033209825531809, -4.420209082265526, 24.52237812785613;
  2.813920639402901, -2.983343658319874, 22.65845598413796;
  2.848795155964607, -2.989374832887748, 22.12547931681929;
  3.087362054777431, -4.134098043284578, 23.68743949338712;
  0.7012697421629386, 0.4901204576444922, 6.143627984091484;
  3.173392872726158, -3.788808769903697, 24.22810330603598;
  3.42633898496935, -5.573858506971647, 26.03196602084259;
  1.7998321570179, -1.25434551137052, 14.01622984443095;
  3.241250859885827, -5.052597466086856, 24.08072801124797;
  2.298634547835343, -2.034583121577503, 17.53171073667161;
  3.595549926899013, -5.90870139223102, 26.0255141713251;
  3.802540951761003, -6.40678900558627, 26.60061490215773;
  3.552208797375231, -4.27222602067433, 24.95169493789466;
  3.062292356216124, -2.811172105099265, 21.60232464550959;
  2.058218357413245, -1.280618162464651, 14.55468886162129;
  3.577116706664353, -4.269408104172888, 24.29014863940457;
  3.281361077610786, -3.280106210174339, 21.75054986953525;
  3.626582915920718, -3.834954347870903, 23.5286203638876;
  2.257672565568096, -1.13720307043869, 14.78441536794762;
  2.324426433329109, -0.4186229081856601, 15.09171861387431;
  3.611784938896747, -4.206647673973004, 22.38547766453609;
  3.674778458499776, -3.614602667243234, 21.78752721767494;
  2.579285740923737, -1.476198586125596, 15.33166671854075;
  2.756179501509656, -1.18151616052563, 16.13891593727098;
  2.679100061903194, -0.2544389363504201, 15.75706920543315;
  3.534440468594971, -2.855505720098349, 20.01484260884641;
  3.997444123847914, -4.432609973331537, 22.22918957592312;
  2.823856157751779, -1.018060168064442, 15.84493015359206;
  2.843353842829407, -0.2155426334527771, 15.50354334122706;
  3.027790830925973, -0.2114158519526864, 16.076471711577;
  2.977079179745141, -0.2685843373651532, 15.52734285990732;
  3.029636936718345, -1.15461923207151, 15.69421925830802;
  3.000928308744316, -1.51358518740335, 15.49136783005384;
  2.104667725258532, -1.945124576094166, 11.08500061062799;
  1.19675474065354, 0.5373720878493531, 6.621105608829264;
  2.997903894070634, -1.302167617671283, 15.26509176542906;
  3.279935878704944, -0.1889368711153554, 16.48854565130479;
  4.339370109922977, -5.059393217741163, 20.83871103098611;
  3.146611665534032, -0.3464544907812227, 15.1383302551999;
