m=[-6.767079346088836, -0.4073678355966006, 9.092448175948711;
  -6.831450714005887, -0.5494453676764282, 9.193700786482943;
  -6.940465143168956, -0.6130777635213757, 9.506683895566445;
  -6.925875444901512, -0.6631578585873929, 9.50041337894559;
  -6.789476039798428, -0.8379307830862954, 10.23649136230204;
  -6.868181108044202, -1.788672951142542, 10.34758277349771;
  -6.568603370120166, -1.845857692009447, 10.23382192167159;
  -6.513485269845613, 0.7976980355687068, 13.00921253491291;
  -6.40968160287021, 0.6789400880755817, 12.8828799127934;
  -6.434907433064327, 0.4193870322784184, 12.94215099621706;
  -6.348987265838883, 0.7412032803498879, 12.8037096837803;
  -6.421549835988023, 0.8217694262280321, 12.95439856698396;
  -6.357664059516361, 0.4676755950002376, 12.89999726979383;
  -6.350410426321418, 0.3800810038495123, 12.88824682482166;
  -6.311233365113716, -2.161610229038778, 13.02852028443113;
  -6.271637757646499, -2.056963751662749, 12.94575480778767;
  -3.988623650011455, 0.6715522934717954, 9.335581796467563;
  -3.582345183993336, 0.8852409309574654, 8.530695391964006;
  -3.867085100581689, 0.1457686640941621, 9.210903927734433;
  -3.554145670335962, 1.020843651868753, 8.60849595812163;
  -3.57154109456335, 0.9128476119196467, 8.663780233916532;
  -3.47181192711375, 1.062939817970549, 8.60546023403243;
  -3.446554436338627, 1.024595042126222, 8.594388474686209;
  -3.422133318545654, 0.9434620066648651, 8.627167164133901;
  -3.35789205461922, 1.021543966939783, 8.565992537574648;
  -9.12141572712979, -4.854567716315563, 21.50530553117383;
  -3.35373949740726, 0.9288143376920742, 8.635875328831805;
  -3.344369189004024, 0.9643529613525413, 8.628855920774097;
  -8.84341774041496, -4.719393163678564, 21.3867363232901;
  -3.299983687226002, 1.031346921781826, 8.655986449430339;
  -3.223262240867135, 1.033721542121431, 8.660296610891034;
  -8.553536300032242, -4.775848419326794, 21.43245199417898;
  -3.140274744200967, 1.069349914968748, 8.648747315472727;
  -3.143429245754108, 0.9350508100079664, 8.67699936921373;
  -3.138831236108723, 1.028688669382927, 8.667070801183117;
  -3.141624275275915, 0.9944130312605339, 8.674511557235539;
  -8.156570553036881, 0.04670261583427372, 20.93379357423131;
  -8.319588065706315, -4.956902331013922, 21.5377646294533;
  -8.293880663441261, -4.798363646824749, 21.52251350614245;
  -3.070792086731393, 1.029197679104311, 8.667419066990465;
  -8.302637873644285, -0.02192928044446011, 21.63896677411064;
  -8.311697433954828, -3.433971371939085, 21.69531356532837;
  -8.146395086794039, -0.5059783632547691, 21.31037098330146;
  -7.950940526701798, -0.1828161733774131, 20.9160995736521;
  -7.957150764805751, -1.445518891544505, 21.06206536765054;
  -8.054862361679152, -3.466255677536864, 21.34451627185646;
  -8.049111646800151, 0.03124033837877293, 21.33081085938218;
  -7.776465308031987, -1.534260662481495, 20.75335037174073;
  -7.852656353000763, -1.787929287665657, 20.98574571508394;
  -8.00851828666702, -4.767895071765087, 21.46738650969839;
  -7.945089248477294, -1.003304847545335, 21.36142671242783;
  -8.203110486839684, -3.622383584078777, 22.04543822236972;
  -7.84552553684437, -0.5870776474153583, 21.12132563303933;
  -7.852722282168433, 0.03349476774027446, 21.1532670386767;
  -2.964468867785828, 1.038483097850269, 8.689698421611057;
  -8.410509513013706, -3.62077858276464, 22.69089147927024;
  -7.782934961124906, -1.444628086120593, 21.09008156001207;
  -7.820418393140525, -1.137671095155852, 21.3763890725718;
  -7.686133134015099, -0.8357420232058045, 21.056081846793;
  -7.669696830671162, -0.4010633404477484, 21.14575721884446;
  -7.76273514147562, -3.339023172254087, 21.41904302657135;
  -2.910010208221955, 1.010811213823888, 8.71163245616385;
  -7.643586645262933, -1.376188138281203, 21.20451573744808;
  -7.635635753861627, -4.556137055840573, 21.33632788451709;
  -7.725810944287927, -3.664684314955081, 21.559530407769;
  -7.68007370120639, 0.02456041473119823, 21.42394499444362;
  -7.684398751836215, -1.672984541465136, 21.45995998517924;
  -7.761113205155462, -3.673857593338497, 21.69146406322035;
  -7.620602738727352, -0.484328988284994, 21.30630385660364;
  -7.493503212576979, -0.63588415002316, 21.09698375936218;
  -7.625464455576216, -3.491440541571727, 21.48934881417708;
  -7.750012477470277, -4.809043791164377, 21.8505488409817;
  -7.60014276548639, -3.349366558051712, 21.53490011469678;
  -7.512603077211365, -1.799259384426646, 21.28012281775291;
  -2.849925460483131, 0.8594381095244854, 8.755344994678612;
  -7.532659576737901, -0.2633037575886986, 21.33834080816514;
  -7.433533946036972, -0.3965351357397725, 21.11281457916464;
  -7.310315210699802, -0.03824794106172249, 20.84394788096628;
  -7.471109037529094, -1.686967088869081, 21.32015768580218;
  -7.356037398933139, -3.287788483018836, 21.32471963644492;
  -7.422053922861878, -4.898699252273358, 21.62507809068617;
  -6.792163969729062, -0.2178089180647249, 20.35876618073864;
  -7.214844499472387, -1.801416000692462, 21.77096057421905;
  -7.590415976769563, -4.086033088015998, 22.92494268502706;
  -7.409740127633128, -4.520488991019897, 22.46069678154845;
  -7.319019203766681, -4.645365764585897, 22.18127276112297;
  -7.552480893477971, -3.198229042499283, 22.93189755641344;
  -7.570512377654562, -4.54333912959985, 23.13453757567308;
  -7.379096353452033, -3.353086184982392, 22.84438291728831;
  -2.603720020708542, 1.333915092337748, 8.825633370888195;
  -7.934521791930325, -4.507450651257626, 24.76328608721303;
  -6.938043409884057, -4.497294994850525, 21.78313421894352;
  -2.573831060649305, 1.339482844393803, 8.762666344482945;
  -2.603503279283155, 1.231625206984316, 8.862131119962021;
  -2.555150161721927, 1.25681717206219, 8.833609701528692;
  -2.548611236543247, 1.13527831248144, 8.821535976852122;
  -7.800173986905501, -4.405286395899656, 24.8795938199426;
  -2.556674840360222, 0.6755790256643034, 9.041061761076474;
  -7.429593597480642, -4.421671271206631, 24.24891536761931;
  -2.522484263256059, 0.9803288307976696, 8.976221323245786;
  -7.705271938297172, -5.106683243181592, 25.56975876349339;
  -2.484056487806333, 0.7403089307497391, 9.029470674315157;
  -2.452485557889613, 1.013376765889355, 8.959240393578172;
  -2.471008482384272, 0.9712555192171948, 9.057618173160451;
  -2.442604719570102, 1.214729480643022, 9.007870824715168;
  -2.475304526701265, 0.9106951434507421, 9.137403921153467;
  -2.217987789575711, 0.8750531850765951, 8.417275894920682;
  -2.316321461178568, 0.982043182281335, 8.973194895607271;
  -2.305801311150832, 1.455804923019873, 9.438588252157157;
  -2.280039450055885, 1.769830226427645, 9.329293742187044;
  -2.362941342990009, 1.560994728432268, 9.860407079258573;
  -2.281470363322681, 1.518235672387684, 9.791444347438189;
  -2.524109820954901, 0.7516504077764721, 11.56322793533787;
  -2.648909905044941, 0.6637365785235334, 12.17071611843438;
  -2.260460859652299, 1.275085740822725, 10.56007821309574;
  -2.504975655323536, 0.6627501698159893, 11.76899429213004;
  -2.479947601932078, 1.833634318361517, 12.11843142962746;
  -2.491345506476608, 0.7457397616034376, 12.22282967379653;
  -2.396915759069842, 1.432833225564552, 12.38687135534589;
  0.0913750870281822, 1.88319379764729, 12.47874287899231;
  1.219431530800538, 1.748407617983247, 13.28328845430588;
  1.266588761094451, 1.805251549502926, 13.6362591345278;
  1.256442457852681, 1.645458812568681, 12.78260302298534;
  1.236832050625485, 1.442632719883003, 12.44044989767894;
  1.385447044428601, 1.264341612283111, 13.26002676534216;
  1.393216952310159, 1.08053631234973, 12.69352321590793;
  1.815338345766455, 0.5496302913034402, 13.65465238892636;
  1.671629128663094, 0.7451698059894411, 11.77140725831382;
  2.086060547598567, 0.5641852542543591, 13.89354804719116;
  2.332528514886586, 1.129467611147986, 13.82958691487456;
  1.548053268593928, 1.452543943208341, 9.206849912332435;
  2.579044957901876, 1.044819228914216, 14.49346320551753;
