m=[-1.795311568382584, 0.4557140291456283, 3.788183335465445;
  -1.761011471667268, 0.5212638072083167, 3.785966436102617;
  -3.315603744906266, 0.1168418727897786, 6.254033534042087;
  -1.988143410891266, 0.3476489275739847, 4.174880964708353;
  -1.735468495222757, 0.5320357924032479, 3.771803132332936;
  -1.712543555777571, 0.5368263275327606, 3.766275550245386;
  -1.70714010182538, 0.4939218372457472, 3.774822946618537;
  -1.707145024331523, 0.5203217806504477, 3.776353190052577;
  -1.702958059738589, 0.4696980963412215, 3.775873061493345;
  -1.688592619880867, 0.4923947223466724, 3.777409027467465;
  -1.620624771600193, 0.5201416457767456, 3.775106304509397;
  -1.541806907307163, 0.5393810329862021, 3.770924494286536;
  -1.510285117754333, 0.5203092731297634, 3.78642387447072;
  -5.096069871345009, -2.708183605195364, 11.56926018113211;
  -5.005739316897059, -2.663103856620726, 11.64952807444099;
  -4.849094314035198, -2.702494064583789, 11.69752478985807;
  -4.668660567872025, -2.773127003857787, 11.63338450354073;
  -4.681726057604077, -2.701613105452689, 11.69670858807731;
  -4.65259786764923, -0.09127875051197758, 11.79534374434195;
  -4.657292123950479, -0.8212733695766742, 11.87038653660951;
  -4.666963096162516, -2.004912357573597, 11.9179498291777;
  -4.515820402946258, 0.03362198890709876, 11.54719785277657;
  -4.51783009882342, -2.464723262210863, 11.63647930097478;
  -4.606155918747713, -0.8972271306590626, 11.83584765403079;
  -4.598543714284738, -2.729794740666101, 11.86555368480927;
  -4.542595275479125, -1.999965216474465, 11.78154378004927;
  -4.596309989468616, -0.5662213852687474, 11.92050364555803;
  -4.546200737966041, 0.03335776296049924, 11.81359911767936;
  -4.556979497630187, -0.6499201774224775, 12.01686363530083;
  -4.530674999107721, -0.4827666110493365, 11.96890718051593;
  -1.185843886605182, 0.503731560505049, 3.866284765033098;
  -4.507723527451529, -1.93310270508036, 11.98824229645102;
  -4.464396547961246, -0.2192735902588688, 11.87246776040676;
  -4.39330806593847, -0.7759133978562678, 11.74983027745195;
  -4.441673560229984, -2.629679812761283, 11.93059538354843;
  -1.188550973963178, 0.6065792419022779, 3.917344008659457;
  -4.440379415758004, -0.956480789724982, 11.96510809788943;
  -4.443157644170714, -0.2681751379457237, 11.98805650605126;
  -4.348021568930267, -2.692371053880577, 11.8149290298633;
  -4.389133769159636, -0.3609169176772566, 11.91958021449428;
  -4.357472416431788, -1.910682489743778, 11.90043423437227;
  -4.332251227016121, -1.025426759370018, 11.83294801349087;
  -4.348667879780679, -0.2167821058794023, 11.91426251926642;
  -1.157715726652891, 0.5087020396972165, 3.897040537212607;
  -4.315411321588781, -0.960470533381782, 11.87594104260987;
  -4.251068799600569, -1.891741507917933, 11.87457086713169;
  -4.246521348398342, -2.798502106875496, 11.91924834243786;
  -4.240978433917638, -2.527406464228933, 12.36465721202039;
  -4.216752455627343, -1.039575836025567, 12.28865676691853;
  -4.282246812396491, -1.801244562916814, 12.57769896510706;
  -4.596751357760534, -2.602708437509158, 13.92170948217913;
  -4.65925713861636, -1.061262603171414, 14.33443829018984;
  -4.875805331902495, -2.637696307746005, 15.2430851126955;
  -4.942729778509818, -2.620190813652533, 15.77646756390607;
  -5.165475014981475, -2.571516585747352, 16.57453630039093;
  -5.35569391061064, -3.571266834153119, 17.3195231187777;
  -5.179037471016936, -4.229693789851352, 16.91962363757324;
  -5.140347458241892, -2.875021795408483, 16.73969287398915;
  -5.251780303028393, -2.599139650194511, 17.17125696284514;
  -1.107524761287264, 0.6408013398687711, 4.724690347257579;
  -26.77371267855373, -2.628567686585495, 98.38012954074418;
  -25.20936359104259, -0.8249488175418344, 93.77004609801338;
  -38.4063582140437, -3.0408510340405, 142.9675796564645;
  -25.24897645742907, -1.889756518870152, 96.57455697519438;
  -44.62943991350471, -8.538738714177322, 173.246765760309;
  -5.250765019227536, -0.08994592981985636, 21.96793035768656;
  -4.015591104944388, 0.2036195413126292, 17.3716142572937;
  -25.0043866572971, -5.71184000604261, 104.9884385645022;
  -48.16249163068765, -9.767957976647034, 202.0360707151658;
  -3.889829844130823, 0.450092041019571, 17.27341970996823;
  -4.283665569615855, 0.1839045983905609, 19.05846270815378;
  -27.58053356480393, -5.91342239236214, 120.1056836574062;
  -3.857772935890133, 0.1681076200178642, 17.70796293950751;
  -19.65537785951114, -3.610075966216898, 86.90987137858411;
  -3.549231153268072, 0.1823746647525086, 16.96058713220864;
  -18.4911463979274, -4.211363289595831, 85.82593152107637;
  -3.483931457301601, 0.3224931600755125, 17.10065642328562;
  -3.456604054495525, 0.5300699165430475, 17.59898423174855;
  -14.21284414854777, -2.197646651999192, 69.41317230043113;
  -3.413448397457824, 0.8225418780147199, 17.44013651341259;
  -3.39367032015087, 0.4095521464450329, 17.69575533728959;
  -16.54637799051549, -5.291550763636337, 88.00452320671015;
  -7.129573424795021, 0.2706491830023701, 40.18601266567649;
  -3.329634218616716, 0.8355292682034403, 28.12160936154715;
  -0.6599509523068148, 0.3195330037943807, 15.98501339672142;
  -0.5871435277200913, 0.1785539590406837, 14.70898218970562;
  -0.6463285289059844, 0.3956845058399978, 16.58316743323866;
  -0.904824071580471, 1.047534221410047, 22.50454544682474;
  -0.6087125381197472, 0.3394857132718174, 17.30174817088478;
  -0.4066104292269112, 0.8482554741675372, 13.90738006798879;
  -0.402254536552032, 0.7768028139995437, 14.85402947375806;
  -0.4016075368942059, 0.3473210152117638, 15.29525800250201;
  -0.3601465624227375, 0.2219096045475301, 15.00794850412401;
  -0.3946826059319342, 0.5605386123954714, 16.64387529500146;
  -0.2372163860515165, 0.1016716271016237, 15.18937134114699;
  -0.1495253659908546, 0.1436226290874518, 11.38753199483356;
  -0.07604648341905838, 0.5091381943340909, 16.47667325529401;
  0.02142814302036809, 0.4425487305619413, 15.86266705796887;
  0.1771182558389008, 0.3881924439473071, 14.24801745215009;
  0.219466982516103, 0.5966923672076285, 15.32474299080023;
  0.2206937195113292, 0.9426139587414049, 13.89576641071461;
  0.3779698843516654, -0.7094511298041221, 21.25735326724958;
  0.5276769180315596, -1.17189359673678, 29.01879832254561;
  0.2560058330934951, 0.4911246990215639, 14.45853951846459;
  0.357453837179348, 0.05406673153077996, 18.48898470349183;
  0.3068491305571251, 0.6681527623244268, 14.36693589869369;
  0.3233822554065755, 0.886427345435393, 13.96206295921951;
  0.3616388406487184, 0.4976423696960596, 13.79334102180271;
  0.3900587102749077, 0.3926580493048422, 13.82292875872829;
  0.4461695540478697, 0.2887635389141268, 14.74785628682315;
  0.4493165382731975, 0.5171301121599192, 13.71766448715487;
  1.600931861605579, -2.708199909453213, 41.97812062869365;
  1.301883027553753, -1.666068522281227, 33.43087048716762;
  0.8303067825403632, 0.3084785021616341, 14.53791924954598;
  0.7220508480687055, 0.8232147971267427, 12.6151875327171;
  0.715538733549983, 0.9840984320991727, 12.28864086245759;
  0.8847829193803434, 0.8482598104925151, 13.75597230329355;
  2.211806990601217, -3.096410176999652, 31.08071179985114;
  0.8185618513225209, 1.001846643292078, 11.81018335259853;
  1.028983912261069, 0.307905662714125, 14.18558733016353;
  1.070029931239974, 0.9207412922483054, 13.50239845747064;
  1.035784915671816, 0.5353107901774332, 13.04207233408473;
  2.032990571294148, -3.310145536529133, 23.09039930044414;
  1.159299567786832, 0.8512078545781003, 13.67912235698856;
  1.189035125650232, 0.7097533522242395, 13.36803826105629;
  2.598203146710461, -4.943676833021024, 26.53635352825231;
  2.510045719210886, -4.202752953675743, 24.59525339222713;
  1.380583480896228, 0.6011405910537538, 14.17475865170192;
  1.342141421396309, 0.8782763065540972, 13.88385059704439;
  1.492477706368994, 1.017894588975624, 15.14879464162947;
  2.239357152017142, -2.832891133489481, 20.42117456468447;
