m=[-2.115882555693191, 0.3135893027938876, 3.544278706262149;
  -4.923653427467295, -2.699659389164594, 11.44936752954761;
  -4.827348111668324, -2.746385473196601, 11.63052072147512;
  -4.744870719232149, -1.913738331718346, 11.5161404848125;
  -4.732570571561178, -1.78022440205195, 11.58355489852975;
  -4.71924846958895, -0.038444009829252, 11.5525871672888;
  -4.707083715157991, -1.976089603090876, 11.60649848967022;
  -4.692581069802518, -2.656469699052937, 11.64059019570736;
  -4.660274961096178, -0.8601764764687457, 11.5665822906411;
  -4.659625130571021, -2.726123801688758, 11.60112217223534;
  -4.650391194224397, -0.9996838151223624, 11.56188285718104;
  -4.679143301686024, -2.016354206112041, 11.7077125650717;
  -4.659030330772588, -0.414690880709139, 11.66239377469524;
  -4.620741145785106, -0.2801134086454805, 11.59406242536486;
  -4.62452849710951, -0.6088917350423012, 11.78968339028031;
  -4.592593524913392, -1.928782606323274, 11.80087324232086;
  -4.594653658515126, -0.1721858866272494, 11.81092874752514;
  -4.49980483271961, -2.629189629583725, 11.67425151240416;
  -4.534526623619858, -1.958257625625546, 11.77320539696312;
  -4.500600651236272, -2.085441609772655, 11.69755098637027;
  -4.53270886739612, -0.9276573968087898, 11.79612944104374;
  -4.560974971838504, -0.2703459494653554, 11.87329128349713;
  -4.554121339466309, -0.2203867972706623, 11.86882097037287;
  -4.44986356557187, -2.71732473222897, 11.66751380483026;
  -4.437767183203949, -1.982622297898784, 11.63969831413687;
  -4.492772398417736, -0.3131994529785139, 11.78565631931092;
  -4.436217983528075, -1.903623035473263, 11.70125523315658;
  -4.430436953188498, -0.1658757329198035, 11.7312177850804;
  -4.23449570469584, -2.762301041133495, 11.49771118779758;
  -4.291334795982956, -2.688536862329498, 11.71705741466956;
  -4.437114424792143, -1.822647284165563, 12.61505853907958;
  -4.481410687645527, -0.02780517203156065, 12.69789953286511;
  -4.278942992769479, -1.85193918031765, 12.22231645263461;
  -4.808520153958851, -2.674591870486399, 14.1585023992789;
  -4.73924012094842, -2.630192107765825, 14.29846820655996;
  -4.853638069125616, -0.526332676741855, 14.57700025789333;
  -5.47512376887011, -4.363577318127962, 17.44499697539597;
  -13.50644115685924, -0.6814308202576499, 48.36230837761953;
  -17.52870417878898, -3.596011228973697, 63.02105482630618;
  -18.01524157083013, -5.556384692874812, 65.23385145814825;
  -48.40671870368995, -3.206007490332252, 181.6409132247611;
  -4.249933598686457, 0.5167354176613872, 17.13072819362639;
  -65.55418583635378, -12.32551559536412, 251.2860264873281;
  -140.7240333209211, -30.09896689570724, 548.9252586903925;
  -53.99455535924194, -9.66285082672391, 211.4752493957585;
  -4.046112568213988, 0.5445628424403363, 17.66475139978715;
  -117.7218236803369, -25.26094766132544, 495.4197869912708;
  -64.62171945501805, -12.2017264359247, 273.8026147958151;
  -3.63168807478056, 0.9659322123719889, 17.55689605121377;
  -20.85034044369671, -4.452886299233669, 97.63239237551707;
  -16.71427855386798, -2.871100573866326, 80.64402396432416;
  -3.593284328436476, 0.9504010531510084, 18.10621371133788;
  -10.89968080447811, -3.160117253710582, 53.13006234717734;
  -15.96461269735392, -4.974226440373171, 82.94687757864098;
  -10.60917260713911, -3.128547825125835, 57.21121731504466;
  -10.63438697278834, -2.376841364168746, 58.23933225892837;
  -7.508180154884012, 0.4422579266637464, 42.51775931442361;
  -8.954737399252359, -1.662320832867776, 51.81243450400665;
  -16.52478321617958, -7.373272240035305, 96.95159119394926;
  -5.94649704420072, 0.6134415640781187, 35.62613474448612;
  -5.995307928184087, 0.3913160330754726, 36.31921291945253;
  -5.912203478164698, 0.06463364153666318, 36.79967279179593;
  -9.04254002876181, -0.3266734341111155, 56.02151753237997;
  -5.633779335933074, 0.1844852657033984, 36.14497354742249;
  -11.00775230006876, -8.242144643975665, 73.35956293768614;
  -7.668152023382906, -1.675206615057856, 51.50337049087516;
  -9.992324648890431, -8.3641370437034, 68.243202168512;
  -9.297657729615645, -7.285544823365978, 63.96391995814812;
  -9.771418446483308, -9.023736494485968, 68.93880285017386;
  -9.908731745485117, -9.725542041918811, 70.3644958548668;
  -9.159081493403898, -0.6278570640387358, 65.29855952881269;
  -4.636174790103061, 0.2866714265109268, 34.4964563663911;
  -9.012086686931168, -9.420815982820573, 66.70947969583249;
  -4.92664332743772, -1.972163601334121, 40.17313437408962;
  -3.165711053549483, 0.9151379308479676, 26.98320878886736;
  -3.476870194577036, -0.1440274858473687, 33.13395836727708;
  -1.399461928485745, 0.9118854755678919, 14.0806340582036;
  -4.019675354616124, -1.258571179183589, 39.73624745539611;
  -3.72100270201088, -1.78522974978904, 40.15896005506655;
  -5.019281304157281, -8.205440270788344, 58.08733879599826;
  -3.973421578291816, -5.638088311592055, 52.67638860163377;
  -2.551662945003431, -3.800072419586695, 40.59759338786703;
  -2.504697217200372, -3.946985773460316, 40.3924065368223;
  -1.986701711169743, -3.883284139885347, 40.8799228687361;
  -2.822534860833641, -8.572793560918859, 60.4922149208164;
  -1.79798566233208, -4.101544749258167, 41.06318477232419;
  -0.7065167126776233, 0.4288845957534647, 17.74084945425037;
  -0.5728740531829745, 0.7750361033020506, 15.06156619724685;
  -1.462263535701098, -4.029675405590118, 38.6674106139706;
  -0.5129678084383929, 0.8951831434170076, 13.94071673516829;
  -0.6525924806193951, 0.4937253995618461, 17.54993128253837;
  -1.403908585455641, -5.163079465835046, 42.07612721302508;
  -0.5697710653060464, 0.4057096256973001, 17.07735194802551;
  -1.40742951336229, -5.763452273568508, 42.74333284620341;
  -0.7978450820261248, 0.2739580641987907, 25.09107827562324;
  -0.9846241101489381, -3.760932733078649, 34.54229770731583;
  -0.982820862396866, -3.172392045099963, 35.7928436469495;
  -0.4562905873347319, 0.4556868589014448, 17.34281635768196;
  -0.9847878200253181, -5.550347684542803, 43.26888936372541;
  -0.991694675378162, -4.855401003178831, 42.91106205946716;
  -0.3562717049204892, 0.6293082079172739, 16.41194358825025;
  -0.7083071808567765, -4.203688947455116, 37.639613289158;
  -0.4298428044486793, -4.620225297595493, 35.92287962122033;
  -0.1717287604888095, -1.020775087256464, 20.10253323500127;
  -0.03782345195847586, 0.2987771248007732, 14.99965216334051;
  -0.03456545024442747, 0.5563674783746541, 15.55192658690618;
  -0.03254534100950617, 0.5665831925320887, 16.02267554174919;
  -0.03002497397009642, -1.094898945213669, 27.27545290024172;
  0.03213246387681676, -6.052952313447978, 35.76334423579343;
  0.03113663843713922, 0.5972695494259174, 14.09482429766798;
  0.1106881893839236, -1.380836797890192, 22.01192711811007;
  0.0603959100665173, 0.4881199297761651, 15.09992240466828;
  0.1064751042762469, 0.3959676385737622, 13.41171700601287;
  0.1736936071612064, 0.3333955110543023, 17.06613517749244;
  0.4222039306435574, -3.953929760367266, 30.78479802564308;
  0.4922330354163806, -3.855808642737083, 34.41425648879459;
  0.5123795435300882, -4.082750430050783, 33.8874186201565;
  0.5645468807434493, -4.829617136761988, 34.6160457596886;
  0.2171178784752047, 0.5485824978060302, 12.49398923481557;
  0.8308944494092839, -6.777185880218503, 40.50737953574647;
  0.8830679594957638, -2.638360240611776, 41.96271234473722;
  0.7230194676991517, -2.714189811960861, 34.72821980155641;
  0.7248399732502016, -4.059948492794574, 33.77061299967937;
  0.8040732987011653, -3.866262430477195, 37.33688102800733;
  0.5984984036612765, -1.06939814454314, 28.37470128990107;
  0.836274436422882, -5.537516213692527, 35.96280231348253;
  0.2784670814255174, 0.5183051948048137, 13.35197365272594;
  0.9855553575096395, -5.743257876482392, 37.7353231071226;
  0.257502509042845, 0.1935917212505612, 10.92765869531934;
  1.114338135543472, -7.073693478395455, 40.40086158551651;
  0.9036692706415722, -4.518792457891856, 32.86382262726532;
