m=[-5.798378147606973, 0.131568000280058, 10.63646432312489;
  -5.883074867616871, 0.0791187091517563, 10.91437529516207;
  -4.888043977296185, 0.1669880467655061, 10.93685206864282;
  -4.642455542142292, 0.03856702159950263, 11.01462783462882;
  -4.615998693501523, -0.7839549588409671, 11.09674430589997;
  -4.558325970173147, -0.1435918292392173, 11.07065716258787;
  -4.587283190955127, -0.4407729220186858, 11.14246431608638;
  -4.563110957263422, -0.52971494734487, 11.28058021644418;
  -4.585743257918402, -0.366440838593238, 11.3557056803227;
  -4.455031832227843, -0.09207285057610275, 11.10123043930681;
  -4.43975593656277, -0.6705779785036853, 11.11002397917237;
  -4.430522036377192, -0.8425373007366963, 11.18815781942244;
  -4.443653509479805, -0.142901016001204, 11.24644772610391;
  -4.432004409987195, -0.2417515700595612, 11.28439262921732;
  -4.370285186937841, -0.9244422084371881, 11.1762902693427;
  -4.365009908161089, -0.089803726306297, 11.21494927704622;
  -4.102929264452672, -1.621297226125606, 11.02212861987653;
  -4.735713371926745, -2.572076494233693, 13.60829365432554;
  -4.701334173141085, -0.9362970739776381, 13.79095845305372;
  -4.906539043262356, -2.534314985937468, 14.65972351560233;
  -4.804614543159481, -2.563740481170908, 14.62028560447839;
  -4.967257615654298, -2.526501956113471, 15.21622922727006;
  -5.330885494072347, -2.522304690608008, 16.4585228735019;
  -5.186637313899117, -2.79431708771569, 16.28270357927158;
  -5.551602344964139, -2.615533018400096, 17.51926945586722;
  -5.404288793177283, -2.503424945454165, 17.31987806156744;
  -5.168968417646993, -2.468465147827709, 16.78451419905922;
  -1.202145580625135, 0.4181793499154554, 4.725378418240067;
  -7.154824018974045, -5.494440044056857, 24.2614434846132;
  -1.184516135826192, 0.9614969044863531, 4.956265005930133;
  -1.168804254188866, 0.5032282609571595, 4.911582507349106;
  -38.00813898771209, -6.510010279676401, 148.3398343049413;
  -34.33366200975862, -5.516040922544118, 136.9019524219641;
  -29.75587509565234, -5.051576421688267, 128.5671205093436;
  -22.29531793715768, -4.057186687838058, 99.82316946310954;
  -30.1610790387919, -5.990461777043251, 136.5415349990915;
  -15.29318371211907, -2.951379825458455, 72.84869710471162;
  -12.84402181773852, -1.922002335155546, 63.09440751008567;
  -11.5592169881022, -0.3582733144682431, 59.8667622712282;
  -8.906023220271502, -1.875986440396188, 46.89493079918685;
  -8.551579855312435, -1.685457685079504, 45.12203969767347;
  -13.15352304473388, -3.742525436054004, 72.14977536577109;
  -8.907140514780854, -1.790436854271571, 49.68634418562289;
  -14.49854184148707, -3.539090620435411, 80.45152576501869;
  -6.08353857103198, 0.550204970084792, 35.03992275062442;
  -6.577496154564649, 0.2568541673730208, 38.07352936286459;
  -5.422886907338535, 0.5314569920559407, 33.41529108169545;
  -7.645511180306685, -0.04514502025575869, 48.41725366467121;
  -7.144796860763347, -3.058291567645239, 46.07508903354645;
  -5.875818501005871, -3.689639757260341, 39.27255881098228;
  -8.018100106450442, -6.108222027414974, 54.58961962360175;
  -5.032193535956736, -2.891283710027131, 34.65984633768842;
  -6.546876209853105, -1.254312306713307, 44.98465427628706;
  -8.831474146774758, -7.294155064703181, 61.64841618563281;
  -7.583009578063429, -6.569876344851398, 53.28366304230713;
  -4.719001186341074, -2.035219691294906, 33.91665509777466;
  -5.025585909573313, -3.7180826404816, 36.56351841926346;
  -8.464163108668179, -7.753280195524671, 61.104833970908;
  -8.665079181276271, -8.435673595773274, 62.89600340764756;
  -4.891830208450114, -3.896223723729617, 36.65620893533266;
  -8.026767528351897, -7.347306989410227, 59.90063375247422;
  -3.968417584018757, 0.4007044679637408, 30.22654795497368;
  -4.828845886533411, -2.663965513307389, 37.39970872520749;
  -4.730640757952353, -2.918524347382152, 37.74273643039066;
  -4.749349164721266, -2.76996143691304, 39.28290996631654;
  -4.313894200973905, -1.621726466941206, 36.06981926360573;
  -5.90505846860395, -5.448413952424821, 49.67851048728328;
  -4.621793617888259, -5.577337449756027, 39.54297751302418;
  -4.470771193412795, -2.822302050817243, 38.21985255388468;
  -4.155196451049738, -2.894307135578611, 35.92102978845946;
  -4.357134160592832, -5.298208670617114, 38.43908674226428;
  -3.476243026863325, -1.007514528215276, 31.3387389411403;
  -3.739796515083731, -3.214107493279375, 34.19879637266408;
  -3.433336580647492, -2.052238368689103, 31.42934722372135;
  -4.30376861314863, -5.622408622474913, 39.91226378739506;
  -3.582644520846877, -2.011029120489495, 33.5526777696873;
  -3.617078906943652, -2.355320855502472, 33.95411367045662;
  -3.99406835999577, -2.832819475493154, 37.95346991430128;
  -3.788790088844659, -3.254924650291004, 36.22794538016498;
  -3.856176697295795, -3.80283555179179, 37.5689864118105;
  -2.975638925665252, 0.00646420619254365, 29.22319180484003;
  -3.870789866452963, -5.377828235629113, 38.20663062097882;
  -3.85167882522733, -4.312387831954761, 38.04452237431286;
  -3.736067786821113, -4.067653060055184, 37.02150141460712;
  -2.9396028738126, -0.8178012695376596, 30.02516664473349;
  -3.425047683775395, -2.592491762764923, 35.43185692098206;
  -3.432477983554452, -3.394775876339567, 35.86688635220683;
  -3.35877743081423, -2.950895195316911, 36.69671066664226;
  -3.430347224329752, -3.465071258969191, 37.73922509629236;
  -3.320797053796078, -3.654387275558676, 37.94489643401759;
  -3.508797385634542, -5.351121134434502, 40.67113160228401;
  -3.18374927601082, -3.878322503029601, 38.23881221565744;
  -4.119089767644583, -6.847472244599276, 49.72470049260745;
  -3.051467694300873, -5.509112457257985, 38.24880879362215;
  -4.186812955735477, -7.543484222918728, 52.77027327395261;
  -3.076821061282649, -5.003951663060372, 39.80228376720071;
  -2.943713345109222, -3.741685602420894, 38.91763557593772;
  -2.517635707533019, -2.839040210545673, 34.76460331833354;
  -2.900192418196642, -4.216469601581712, 40.67395602358444;
  -3.308297150053952, -5.836627433775139, 46.97873136450714;
  -3.62270021591923, -7.62130307393757, 52.10199613995051;
  -3.319595198216589, -6.412859206825485, 48.76941610032197;
  -2.457001536022497, -3.367621831083857, 37.54382642433406;
  -3.256756969434213, -7.456770741356595, 52.61218213540958;
  -2.083955869206329, -3.160316141894312, 35.0614098213645;
  -2.690403762835629, -4.718246729957816, 45.45898594848293;
  -2.119646701420138, -3.417551481231511, 36.17471541942241;
  -2.542488718038233, -5.477230624614423, 45.2521012230351;
  -2.01369403341805, -3.584321815930304, 38.25697087276686;
  -1.298818146545168, -1.732722252725117, 26.04530780217603;
  -0.7949592647233827, 0.9913905613207648, 17.48778679103416;
  -1.656088517647435, -3.386504692027001, 36.91383482257736;
  -1.910865067432056, -6.166469745068654, 44.61346949247015;
  -1.000280978780321, -1.082139311511611, 23.79230695040652;
  -0.6295180866068583, 0.515090127405208, 17.4736949716218;
  -1.349909935360764, -3.999043369229751, 39.39950980686948;
  -0.4888396097492615, 1.029088883787116, 14.49415030010631;
  -0.5803010527309426, 0.5817053633057326, 17.35074808938125;
  -0.5017584712320446, 0.8655384134398534, 15.15521561609461;
  -1.375722478004716, -6.317318957797998, 43.4381225511521;
  -1.141739416948109, -4.631972474130277, 38.60339488817859;
  -1.075845760847101, -3.867945121099087, 36.40284196019871;
  -0.4708315732962609, 0.4633905711561998, 16.0465378050095;
  -1.103178071756837, -5.037729456628513, 38.08928638570562;
  -0.3931414772958297, 0.2207760761958238, 14.21210163069403;
  -0.9732636708123529, -5.272597567726922, 37.21497042852323;
  -0.9085833872366093, -3.889263263122555, 36.59944722313509;
  -0.6898187637598876, -2.510804147531201, 29.46383063057918;
  -0.3220206070065798, 1.006666574044367, 13.62183854203218;
  -0.7983915597365521, -3.465317852252796, 35.47738649682454;
  -0.3786390912108468, 0.5363675361801736, 17.03332416972686;
