m=[-3.787919431865598, 0.3636502694654154, 5.875950297321914;
  -3.351620360564956, 1.084945537464858, 5.556410914614586;
  -3.342947197362764, 1.13621847240186, 5.546147226255829;
  -3.241898452773491, 1.038046557259175, 5.560096006899053;
  -3.20681723807266, 1.052135495477589, 5.560754841336893;
  -3.181221836762924, 1.074679520282597, 5.560587452427083;
  -3.163778588963752, 1.031539832951554, 5.548762822375601;
  -3.10522411274258, 1.035662567017021, 5.566415455876739;
  -3.79911763821489, 0.6793053970434714, 6.635411264360159;
  -10.77339333223635, 0.3259307904189744, 19.35735044013143;
  -10.9407967681007, 0.136969907530354, 19.72350759326369;
  -10.74558880882758, 0.3882462852077476, 19.46466161917595;
  -10.7633873071444, 0.2442264557762911, 19.74420815166481;
  -10.37813626260075, 0.3117004359068441, 19.19274431887916;
  -10.77573988528981, 0.02154225661036358, 19.90616736899551;
  -10.83669846572617, 0.1457376649742322, 20.1044176178152;
  -2.393885643984381, 1.056059741051706, 5.795546767515704;
  -2.375179551194552, 0.7680853274836313, 5.844662326925647;
  -2.332477965182555, 1.108513651928776, 5.787009265453635;
  -2.337217676280087, 1.149646938032079, 5.792121390707884;
  -2.339953843656798, 1.067169007515266, 5.80930268048387;
  -2.343012930511059, 1.018854853583324, 5.825094092179683;
  -2.387439999839236, 0.8467197959642816, 5.930111443061074;
  -2.322353207707903, 0.9949815459842509, 5.863556301322889;
  -2.301597095048245, 1.142028802195613, 5.836538010435049;
  -2.274476793743361, 1.119926647193643, 5.848413352773884;
  -9.092774355566228, -4.881804851246852, 20.43655015409684;
  -9.681290743358805, 0.3307375790625997, 21.66159821504006;
  -2.237053019707338, 1.179434325421898, 5.85150299980919;
  -9.008855983212737, -5.01580990167026, 20.98018028664982;
  -8.676996660134256, -3.151751965702188, 20.55169404042123;
  -8.489722221389886, 0.0705280421780904, 20.14260122453139;
  -8.596476100059007, -3.499530088171866, 20.51824102420345;
  -8.433476049146213, -1.432293596248722, 20.27386347813665;
  -8.52253575980833, -4.892056572609156, 20.54030225802892;
  -8.583075042319781, -3.59115929293001, 20.79268292927722;
  -8.302865862695118, 0.3231060596891403, 20.20844958851146;
  -8.347259731550764, -0.9690030092593055, 20.63546862461641;
  -8.361319025428912, -3.414187887746238, 20.82663842080494;
  -8.415349740934435, -0.1739213699075258, 20.96971250029359;
  -8.138203096542318, -1.229189139923035, 20.36500042837021;
  -8.228159516869114, -4.712709870307995, 20.67305902334439;
  -7.795592469526262, 0.3040546207126496, 19.59524633151348;
  -8.493990341893703, -3.550706280704074, 21.33035971797271;
  -8.097346242314021, -3.275354211526651, 20.41509989852493;
  -8.086736794441565, -1.537827220949379, 20.42099932185958;
  -8.742061679375127, -4.459004232444393, 22.08635443624817;
  -8.20311148042672, -0.3400090681809332, 20.71776803067982;
  -8.095360734446464, -0.2603342657974422, 20.48855769912726;
  -8.183570637043767, -4.899758517996707, 20.76987682618404;
  -8.038422338560348, -0.4384700558441973, 20.46674718630263;
  -8.061596397026477, -3.352529344268386, 20.59985586519909;
  -8.000443015215591, -1.692325990891214, 20.45982575430873;
  -7.935296112346718, -0.1632571689929617, 20.38802780995341;
  -7.523170501142509, 0.2897678680445709, 19.62332241357698;
  -7.789527474099565, -3.307441765444867, 20.37992541916294;
  -7.829481396179678, -5.008963030066128, 20.55894319635305;
  -7.837055528860651, -4.811621171617465, 20.72371846257464;
  -7.514669378760565, -2.96946689395602, 20.18744343124711;
  -7.628793016090177, -1.623830496911522, 20.63430337711558;
  -8.21731421101503, -4.728675608849143, 22.8642342730455;
  -2.228120616589266, 0.7244666279434472, 8.891245819948589;
  -2.254903991323014, 1.830353459945716, 9.434993248218879;
  -2.289335450957113, 1.37961254405441, 9.730243545283049;
  -2.27709011672186, 1.086949162749589, 9.653613277306159;
  1.083775339257039, 1.176493751517254, 21.26939103771542;
  1.376044592981933, 2.198560918493293, 23.18009982838542;
  1.77235193499732, 1.148038618127166, 26.40380652893584;
  1.95726571170363, 0.8691750720521063, 28.19094769151011;
  1.781273363781309, 1.968375765243414, 25.01886512985827;
  1.714425316303, 2.287274672834434, 23.93134745233306;
  1.752448093622596, 1.584267643924517, 23.85417514531989;
  1.932135340035806, 1.859713146237741, 24.90476584207481;
  2.082248908600132, 1.323417389122862, 25.7169582548475;
  1.953885612162333, 2.340869059024337, 23.180759082869;
  2.631979538305749, 0.9525411698264559, 30.51203481222201;
  2.443504767102007, 2.109471152789844, 25.9022290451863;
  2.707840680766327, 1.488386636849795, 28.60202951297162;
  2.994151142608015, 1.734184872208854, 28.71734449737515;
  3.25991636872432, 2.173788757876171, 28.8063569480871;
  2.786396715558337, 1.31928596390957, 24.64214501964686;
  6.472113391230417, -7.34626129770785, 52.93549585664533;
  6.43531600171089, -7.377864463762131, 51.45666803582351;
  4.966334689763868, -2.313462221353906, 39.97404676837753;
  4.737990689142744, -2.786550126735249, 36.61171571394962;
  8.438753231629715, -11.23917130791495, 60.72976116121983;
  8.011426914747283, -8.681063026440235, 57.13937549868016;
  1.509885698465985, 2.019924736871789, 11.34209037464199;
  9.283518036797201, -13.93535808710872, 63.27087030615222;
  8.291279163826104, -10.15257560312611, 56.64495596431654;
  5.079844904165357, 1.336189730129363, 34.9985710687568;
  7.427022293886583, -6.920245529529269, 50.30601949734703;
  9.445558828549348, -14.41418169086941, 61.57319456143736;
  6.350712938213352, -5.90434865192228, 41.71857624053509;
  7.240187279165138, -5.567350616430584, 47.23890260541687;
  1.412309165090714, 1.61724264399401, 9.931418977822132;
  10.90057839903117, -17.11264441291455, 68.9000844353897;
  10.08949299534731, -11.13913685532537, 63.4432324876699;
  7.546460365159225, -6.707825323426045, 47.45163045789497;
  8.437444903462771, -6.885539655228482, 52.10826621021112;
  1.534258432630196, 1.226400945408191, 10.31167833522923;
  9.517012439405532, -10.47826721267366, 57.9826497945301;
  5.097391318136087, 1.276443090624976, 31.09947583563256;
  9.215450164474028, -8.460995670153658, 54.46303445139967;
  4.915608101174687, -2.685095608848457, 29.52984591604644;
  11.80695576090189, -13.96588200765359, 68.04320602563864;
  10.75906474345649, -10.3913344565633, 62.21471330887785;
  1.743083075219938, 1.075329075421784, 10.45555382180151;
  9.695323980594599, -9.523633813041517, 53.38151034389352;
  7.466358538027859, -3.202867705453065, 41.38605841067657;
  10.53275875945285, -9.376346151039916, 55.2063618002724;
  6.635311380534721, -0.8439056802804615, 35.29912848740865;
  6.936001930989186, -3.034175703750506, 36.47072247953373;
  6.066380899493147, -0.6009273128660028, 31.89266248743624;
  9.324113950979598, -8.435264391283532, 48.09982978122714;
  9.181863628922741, -8.610707419887183, 47.1634625830572;
  6.648525421881804, -3.557274272816131, 34.15397694184871;
  6.740271888807701, -3.412325281221841, 34.4632130215741;
  6.850058699209389, -3.110568200191043, 34.82837522668319;
  6.497430399719322, -0.05796421424119812, 32.76322266854552;
  6.688525504480746, -0.8064264335262316, 33.69042559242305;
  9.242507393140928, -8.014723711825043, 45.4246913902465;
  6.411281473560781, 0.2004035051751132, 31.95650916541983;
  7.135006898543163, -0.7610332901049557, 35.07860448381869;
  7.017758460578066, -1.40990225250635, 33.58413635881023;
  7.093740359793511, -3.425348647258954, 33.51860565384684;
  10.68903948017737, -7.256086647521797, 49.80517718266186;
  7.349386953581472, -2.49000033406857, 34.01806899593981;
  7.440493200282074, -1.352279794596939, 34.28110516101534;
  9.533077918295467, -1.094788546451499, 42.80696335008389;
  7.631221326984215, -0.4076908979626036, 34.29927942009719;
  7.2494238881073, -2.438350109779035, 32.5235781256505;
  7.386469175099231, -3.391353850434831, 33.09998314595794;
