m=[-6.504273092723855, -1.896626777989755, 9.582271179124035;
  -6.453967459004049, -1.914146132800053, 9.545585714372827;
  -6.439253793455913, -1.979410328501345, 9.540456511705074;
  -6.346156443456933, -1.915158388243992, 9.484653821979713;
  -6.32329337529386, -1.987126639651272, 9.543671253885705;
  -12.24088656605498, -1.289765906741034, 19.22492755769564;
  -12.28920844673746, -1.933746568255325, 19.49639597873154;
  -12.22541776146163, 0.5558923619572308, 19.38440073408827;
  -12.64379114093006, -1.416330179941529, 20.11150298217099;
  -12.22706455611432, -1.479811749293484, 19.51493638347523;
  -11.90825769608757, 0.390623796772391, 19.09835308513903;
  -12.345723016959, -1.36695713590077, 19.79701075690423;
  -12.34117065391901, -0.9029691584301213, 19.79446620141401;
  -12.29035569963696, 0.03674261872730408, 19.73345949800337;
  -11.79783817319692, 0.6105936586067206, 19.04990751731007;
  -12.26216642678452, -1.59462391091326, 19.79352716735802;
  -12.32436066672091, -0.2170440339070549, 19.88137496423445;
  -11.64096867125522, 0.471002680464709, 19.43606922133867;
  -11.52727580464436, 0.597160239893719, 19.27987245519605;
  -11.47315303000458, 0.5071171571952634, 19.3587509207337;
  -11.36618153838508, 0.4607287632320775, 19.40661629352955;
  -10.81815870459757, 0.3911945363513814, 18.79058781419599;
  -11.25113805949127, 0.2038062707587438, 19.62791842565679;
  -11.23376818399525, 0.3617750797768468, 19.82335662368961;
  -11.16652222032946, 0.3114833406846844, 19.82894975813899;
  -10.78889780546946, 0.5119759133453469, 19.36119282539622;
  -11.4375111843122, 0.2230276884075755, 20.55935974345328;
  -2.21676893025433, 0.8037151328680159, 4.946768346791858;
  -9.444029009780731, 0.4118359367540563, 20.33232772045656;
  -8.993327662933437, 0.4408469118596363, 19.62736503635106;
  -8.933986141571506, -3.480702563194246, 20.36574152758226;
  -8.850486742745133, -0.2311894326823193, 20.28192008544795;
  -8.825851405638916, -3.193264928356525, 20.30740835223273;
  -8.883293082436145, 0.132693110554355, 20.48457498020604;
  -9.052444383925948, -3.670465685000762, 20.97892288378862;
  -8.882985847891387, -1.473167533518039, 20.75290428292637;
  -8.744910919943804, -1.723114248803451, 20.46178430072383;
  -8.783551358584457, -3.670250725538796, 20.6853222154994;
  -8.779881394617471, -0.5851349911893673, 20.71958190147111;
  -8.719001159114344, -0.3481079416934741, 20.61996217865051;
  -8.702025293691067, -0.9695695329626324, 20.94018078451715;
  -8.180048352860871, -0.119210890837345, 19.8670541847557;
  -8.828426308977507, -3.601564860182486, 21.39095427166759;
  -8.45394661846295, -1.248159813104063, 20.58373640647274;
  -8.071998029913047, -3.642444236831571, 19.75992086477239;
  -8.482118873388659, -3.550467608204811, 20.7542107800616;
  -8.493745968601115, -1.583514564262639, 20.86662975261861;
  -8.476204400993055, -0.2169228034185692, 20.8860481138504;
  -8.324703169958617, -3.614982404564774, 20.56103616972208;
  -8.49730568057622, -0.4074286634127255, 21.06172526082136;
  -8.373534483696888, -3.480394361733631, 20.80946691985986;
  -8.349322364948687, -1.737317126361236, 20.77665649186958;
  -8.31377544817717, -0.1204645832044766, 20.7995569583062;
  -8.05477035515497, -0.1637533254242857, 20.73871646444008;
  -7.909826844000895, -3.121716362564073, 20.66163926360143;
  -8.079031110435793, -1.726028678172388, 21.59420225953831;
  -8.199381259253773, 0.1568422722243785, 22.15409286493911;
  -8.345171217697603, -4.804781414939334, 22.6892968490704;
  -8.890828576218151, -4.847972223198855, 25.11915404564793;
  -9.063844606569024, -4.72746665264357, 26.0886289070293;
  -9.997363040831036, -4.596124198825981, 28.98940926189007;
  -9.311562973773352, -4.793261313071556, 27.39831845505959;
  -9.347369837316203, -5.02245178004127, 28.04861337284491;
  -10.36529896960765, -4.91137118532736, 31.67247905609446;
  -9.765009359560649, -5.284095893554485, 30.37057610083546;
  -2.212606877776137, 0.8884629887147617, 8.381220269445137;
  -2.254463261446882, 1.926217486749041, 8.527789610132835;
  -2.262865249302076, 1.88515540082521, 8.61275011915634;
  -2.318787231934775, 1.006142219791859, 8.831031404955414;
  -2.254961972193501, 1.911622721547762, 8.723760060497375;
  -2.209161815283087, 1.606972035600223, 8.614618753741288;
  -2.245783327937716, 1.4105250395681, 8.846212249410424;
  -2.046972521315902, 0.36005710671894, 7.323806506929307;
  -3.386740661112706, -6.401594145049969, 51.85989348502184;
  0.5548291057246428, -6.700001044449979, 53.34784830861115;
  1.30939933991994, -12.12788176220241, 87.88530085909589;
  1.824192170423631, -9.420762927057623, 73.99818704328581;
  2.763140355845398, -16.27090497466539, 111.0378914145505;
  2.416444648090811, -10.48773211153661, 95.3212275105209;
  1.696266850642429, -8.670503563298803, 62.69042565797942;
  2.541781887820717, -13.65644047185706, 82.14434480065413;
  1.594150892720133, -2.23747304211518, 52.26767576450227;
  2.544802756779645, -9.200477170510514, 77.61393379623824;
  3.708630476945542, -11.37752679451714, 112.5409330325215;
  2.956552547959942, -13.39121002444337, 87.46329270949254;
  3.486882108135355, -15.92364925968546, 91.35508103791865;
  3.395532774263989, -12.07038220221608, 88.37474253335006;
  1.027062546916087, 0.7130467162306184, 27.67260976219287;
  3.946022392643582, -18.38220271685917, 98.04028743585357;
  4.241364165753024, -18.26921578958366, 93.36087852850812;
  3.836800459056819, -16.14538210838196, 78.99136426339049;
  1.244328192233597, 0.8011626892114059, 25.33199579247607;
  4.528177136856268, -17.12323724440528, 88.28330451451704;
  6.281654257101056, -22.6052710677363, 119.7545974306432;
  4.300172348417394, -4.922598339619867, 82.49402460884961;
  3.177459519713491, -10.59972303567064, 60.42591943056047;
  5.629253624414546, -20.92473149744028, 103.5616672596894;
  2.117173143903042, -2.317873715523274, 39.77081959927469;
  3.290452826234287, -9.84866580326735, 60.99058404449118;
  1.255132338722963, 1.332634852145785, 24.07898492915062;
  3.646620919477664, -2.913076789968587, 66.57924928428444;
  4.659054791062862, -8.235378616285633, 83.99838655999476;
  5.212115964187169, -19.49216699148639, 93.19901777033549;
  3.300692985256347, -9.809138493338901, 58.46944058118578;
  4.919985126464764, -18.81242635326123, 86.50133210638452;
  1.365734185103665, 0.9257140488659685, 23.94088481480204;
  1.714861049082762, 1.696175375403948, 28.55427685061895;
  3.784187475549135, -7.760503184319309, 60.81563640070529;
  1.410412151635059, 0.7937085754948898, 23.13551731885883;
  3.660961895424175, -10.12426636586762, 56.82402960918014;
  3.51793544485511, -5.036977453376256, 53.57821359802818;
  1.750056259770516, 1.373824189317026, 26.72949593291443;
  1.503753876856801, 1.222680449999857, 21.95165859911231;
  4.827935670438089, -10.7682325781787, 67.69110951513116;
  1.680804991392955, 1.398669033576106, 23.92347700766007;
  4.25771497651305, -12.90878010600961, 56.68317803843659;
  4.570326981881447, -7.145487663469011, 60.34297853069105;
  4.369120073251229, -10.4637771370401, 56.3265370919575;
  4.306986137430557, -12.60747340954669, 54.67572276919955;
  1.654666241049211, 1.007366935550683, 21.57796323756105;
  2.042436161948511, 0.8649399509645568, 25.78335366758129;
  1.880365795558642, 2.272214816508734, 23.42238841266542;
  4.934056581357516, -9.654952618603696, 58.88106636615633;
  1.892746867281567, 1.940329886325392, 23.2691607155776;
  1.792764616461086, 2.219120562538726, 21.94230819372737;
  5.031211929390016, -12.43573548668763, 54.92267235603744;
  4.96159419383251, -10.2644695815702, 53.00926315398171;
  2.225340227833395, 2.49943178566166, 23.34624211364072;
  5.546834570563096, -13.02592803877066, 56.547452479447;
  4.823441016269112, -8.488981083896697, 49.25865591183992;
  2.362988063259357, 0.8243472444296337, 24.39415039978831;
  5.125629874730201, -10.89683052524685, 51.17815667370476;
