m=[-6.211808089577906, -0.7517999560014552, 9.914320738075299;
  -6.23020262253971, -0.689827555768873, 9.990454845510742;
  -6.236034004742066, 0.01864292827696672, 10.01260886732386;
  -6.204844607936396, -0.8748432837751801, 10.01198980746467;
  -6.184013108290196, -0.4929948763762008, 9.983697977347067;
  -6.203360720464969, -0.109247243809242, 10.00711873476695;
  -5.727875704673787, 0.296727491200158, 9.580122389440293;
  -5.859087105437894, 0.2370632384358006, 9.782486816268062;
  -5.723688528949491, 0.1473151071246441, 9.859294168887843;
  -5.649700094196644, 0.04351552613866604, 10.10647333006984;
  -4.560258418775547, -1.776687686272604, 10.39547664212374;
  -4.565340221003376, 0.05250545213665631, 10.41420354212914;
  -4.517454739020896, -0.1180034306179143, 10.35227312006928;
  -4.494926684541684, -1.626301087293432, 10.34238029863224;
  -4.500443595440633, 0.06722482912718145, 10.37787151898288;
  -4.549321022606534, -1.844598651517819, 10.54299268342697;
  -4.49881875638323, -0.7460907677410059, 10.51037980203665;
  -4.45139613345966, -0.8771117481757285, 10.41560152570576;
  -4.46663193527953, -1.866404422529207, 10.51894809142287;
  -4.48011513671347, -0.2985771690099696, 10.57259299198079;
  -4.442836991053197, -0.4950157280705189, 10.69105255948213;
  -4.42677168959618, -1.805905696362637, 10.72590600739031;
  -4.272398311610319, -0.06226325160546364, 10.37646296136321;
  -4.283501250380146, -0.6324258197264998, 10.42950288354813;
  -4.185143984807898, -1.888522956928677, 10.24506121545388;
  -4.26377904796737, -0.7949091303428995, 10.47484809056055;
  -4.239267486604647, -1.840891748263442, 10.47049130108963;
  -4.314139903936415, -0.1593126867768747, 10.61778394620443;
  -4.290793611926084, -0.1098098789453977, 10.57285992475485;
  -4.216718437280883, -0.06109922407743726, 10.5494640623946;
  -4.105571263919693, -0.0834661843342277, 10.57066491194152;
  -4.0427531134425, -1.59552526154375, 10.56026991603522;
  -4.160690947152569, -0.852962829947577, 11.23460424569731;
  -4.287041217923462, -1.696325895536038, 11.58182109498716;
  -4.613757357046756, -2.406416371372879, 13.27986177828263;
  -4.754976683247879, -2.447692814253003, 13.99103091295696;
  -4.818324755285929, -2.588942575845584, 14.45832683610022;
  -4.873173606008773, -2.416040784319586, 14.67769203622101;
  -4.708154807681186, -2.03551368515455, 14.20896125271285;
  -5.013483349463639, -2.494815234511759, 15.29990074563612;
  -4.963974724489885, -2.686133468136831, 15.43867154465552;
  -5.308115061738774, -2.505724494896642, 16.64293381726195;
  -1.127592854601876, 0.8101784970877015, 4.314337227868198;
  -5.34221760421473, -2.48066301149404, 16.99322273268532;
  -5.170617416855285, -2.484117049016647, 16.6640799799535;
  -1.099777514271669, 0.7999919691668349, 4.288578561264718;
  -6.316125624295433, -2.747551525643886, 20.84973241562496;
  -7.584864193446501, -3.924628561701497, 24.88656726282971;
  -6.613249181513539, -2.880258476628871, 22.16672607326052;
  -6.40259410423953, -2.923819394236898, 21.73480509222648;
  -6.839460602559181, -2.93979629739445, 23.18958403679189;
  -7.105900786266774, -0.08283668972623284, 24.06672041506641;
  -7.184908746407452, -2.459335249435581, 24.44357724228914;
  -7.16066778689881, -5.010681903002277, 24.60550818267139;
  -7.561869192341002, -4.577120564216989, 26.07546620444393;
  -8.427054314414253, -4.645155355987805, 29.14751436717934;
  -8.544911519227316, -2.7202855800118, 29.5319378969938;
  -7.960302274715954, -3.883224748244077, 27.68885742231679;
  -8.090021794832449, -5.43973565052774, 28.23719031588297;
  -9.784958611181615, -2.119678511139217, 34.27720794196736;
  -8.822171160198581, -4.652466353187415, 31.14567989086782;
  -8.502729308206813, -5.41266257268504, 30.54144982407361;
  -11.12026556655698, -2.975336180022034, 39.52899076361965;
  -11.84190295187856, -2.82028665281799, 42.19011563017067;
  -12.41136262113554, -4.691375559149418, 44.31497850180309;
  -12.244828251873, -4.892612350853296, 44.08218492020254;
  -13.48326965444205, -3.483459557057417, 48.38482411943905;
  -10.77039879078613, -4.537298590753542, 39.15508490526054;
  -15.05874733751247, -2.89357176320666, 54.88809048179955;
  -15.69963733468156, -4.210175387395219, 57.48104363400454;
  -17.33935397316487, -3.155509508361249, 64.09388843293721;
  -19.25028623267677, -5.64246479257524, 71.68530351963764;
  -19.74738792895274, -3.138231744184054, 73.45886390712039;
  -26.06833333641865, -7.080168471649843, 97.2869454545796;
  -27.71675692864639, -2.201073766385164, 104.1341177291526;
  -21.54055116990382, -3.810010839392646, 81.49048433692086;
  -4.367023657504841, 0.5119552483745883, 17.41580611990862;
  -3.97555409990711, 0.555489511602916, 16.19987687159787;
  -5.400510178663272, 0.3099939716898779, 21.80902741279635;
  -2.348099431991539, 1.092190042055045, 10.02057086740894;
  -3.907793556167569, 0.5758825958006679, 16.123417632862;
  -3.934061021555796, 0.5169141766767482, 16.49367468348777;
  -5.200055522560897, 0.1627500942941153, 21.62992586059233;
  -107.957174122815, -17.94807280490015, 432.0389249144864;
  -4.103592182891294, 0.4320801648989517, 17.35962573449518;
  -3.963147338424549, 0.3836437411648957, 16.89934935880653;
  -7.444539700905994, -0.2933474631636279, 31.11940112191529;
  -60.38021227182361, -11.65251462322464, 246.6213000174649;
  -3.679373263618075, 0.6469827049028771, 15.96593122782161;
  -4.315214729996553, 0.3744263980241928, 18.6139875894791;
  -7.259977464537081, -0.5124487846651721, 31.11913910708443;
  -6.936053794313679, -0.2944730645025366, 30.67794730596922;
  -7.534558330743053, -0.4684046496257673, 33.69962629308128;
  -4.326647675482177, 0.1574245047260076, 20.000317290489;
  -57.90346746355714, -9.590127489932156, 257.4080284707436;
  -3.614682058429101, 0.4026230663443657, 16.97922827230027;
  -6.923842055244819, -0.2686588287216356, 31.80349201354354;
  -3.318350907226843, 0.5185711304550915, 16.03628197765789;
  -3.279364942896931, 0.7351684807749165, 16.50904188884466;
  -3.115844038302599, 0.6593847142492506, 15.96986137779162;
  -21.53515863263057, -4.088592811644102, 105.564650200883;
  -3.179395466905123, 0.591835979032358, 16.43917226946237;
  6.679210518731852, 1.765236945353396, -34.39729077765251;
  -11.71553943765411, -2.285117719158821, 63.41712759891126;
  -18.87931742118975, -5.505814566759197, 103.0048943230807;
  -11.19022861471298, -2.194010863866738, 64.25579228103237;
  -6.781413709997902, 0.708544470558895, 40.16958454959029;
  -7.344584583827091, 0.4578765165291335, 43.91292890103686;
  -9.467744303306489, -1.472796072615041, 57.52972607004362;
  -6.371572093626692, 0.7229869933966703, 39.02192871072604;
  -5.875644375319005, 0.9033469303942127, 36.78576946341292;
  -6.023037319778625, 0.6857421207470088, 38.17200628590175;
  -5.447104184085008, 0.3102495825154633, 35.53932590970761;
  -2.423027265042475, 1.061925903160462, 16.46254342535801;
  -9.547183926299073, 0.05233135430204431, 62.60327851738566;
  -7.995896206312056, -3.483327808487347, 53.36170415391359;
  -7.386111154563078, -4.773919113258025, 51.05347461311424;
  -5.90449948470269, -2.738233076172473, 41.3834024860184;
  -5.030227265848387, -2.948326437756297, 35.7859162935586;
  -10.97222536762949, -8.318678506553697, 77.71038804665844;
  -7.901010704717118, -1.488913277512177, 56.32866578068585;
  -11.13770889304334, -9.467370353949308, 80.75305955063112;
  -11.65797306377002, -10.38779264802512, 84.7761937415674;
  -10.36593633010437, -8.210804131157094, 75.6913972840722;
  -5.962575895309461, -4.546690764933696, 45.02403337068643;
  -10.71747542227878, -10.13822193627566, 80.50689553234282;
  -11.42814221275397, -11.50421089093297, 86.38049369970653;
  -4.383211997428352, 0.5235403263814483, 34.62493116570406;
  -9.344915516838178, -10.07840963829888, 73.83076462689101;
  -5.456628811384271, -3.092300882968809, 43.99170847159321;
  -5.199775424941237, -3.301824763878626, 43.20616681777694;
