m=[-13.13268453291853, 0.5314226765635409, 19.15136004333168;
  -13.08181973660271, 0.2236368658884624, 19.09130154106615;
  -12.82490930103191, -0.3296731065911078, 18.86774727406288;
  -12.58963547291331, -0.4702866635292571, 18.75113773080262;
  -12.51933985582329, 0.5386513984967788, 18.65999332667297;
  -12.54344099325411, -1.136577963414008, 18.7201636375579;
  -12.45760991289179, -1.309315730283137, 18.74460194035484;
  -12.22542688104599, -0.9596879495736601, 18.64633636982661;
  -11.96364114951533, -1.980291080567766, 18.2836152544154;
  -12.38458330040054, -0.8276302749474249, 18.96221453477882;
  -12.31493344339865, -0.4410564346978624, 18.87310178463435;
  -12.23107013089624, -0.9160129744666703, 18.78257340258249;
  -12.24454112811621, -1.578184893249153, 18.83089477152977;
  -11.8579458507342, 0.223735456640535, 18.2698525007427;
  -12.34559229491013, -0.1599196589267756, 19.00112921752293;
  -12.35506360643729, -0.5458164070579054, 19.04834204029233;
  -12.23701451606641, -0.2595690558997597, 18.88414947109234;
  -12.16791599228221, -1.454341025555625, 18.81990386403097;
  -12.39128567509264, -1.252699390509784, 19.15160911291777;
  -12.19944208451693, -0.9884046966291218, 18.87424284275654;
  -12.26919334539758, -0.05458746498841598, 19.00518220229312;
  -12.1129438407445, -0.3029760747625402, 18.85782811914671;
  -12.0846735404592, -1.477510296355011, 18.96799570456943;
  -11.45330385026101, 0.3001193059260737, 18.14816029028951;
  -11.05079389560528, 0.4909443250171088, 17.81756204430352;
  -11.45693762548381, 0.3933107554849304, 18.44726291310545;
  -11.51367479772911, 0.3700406001884266, 18.58576407593999;
  -11.35878623564713, 0.3988317715352098, 18.70561651004421;
  -11.13739192060386, 0.4114706282903655, 18.61400274716031;
  -2.066361187210882, 1.010299051632623, 4.895418410723253;
  -8.979206583726157, -3.637584515788269, 19.81878543958772;
  -8.890930607974454, -0.3300664449014003, 19.75310512800951;
  -8.833112171059597, -3.334463950529693, 19.68341871541894;
  -8.867218193416763, -1.815799159096218, 19.80173266570456;
  -8.799584029254589, 0.04587513864197794, 19.68612248647344;
  -8.806088027498731, -3.715607762042195, 19.79539955602239;
  -8.778344059359839, -1.569193997581549, 19.90165683027524;
  -8.734472549469492, -1.837884016460167, 19.81680998962202;
  -8.749771336531174, -3.80743311813233, 19.97978912902988;
  -8.800209022375947, -0.6924152694288284, 20.16193646056474;
  -8.810695135444693, -0.9050756183535893, 20.20369569406572;
  -8.723590366022256, -0.4478476124145143, 20.02597444125937;
  -8.759751402174498, -0.4036468320954105, 20.26721958024116;
  -8.725721964734259, -1.079574837734476, 20.39699876663723;
  -8.690333465764692, -0.7355123441764726, 20.36344583833206;
  -8.468935571833844, -3.644722569719993, 19.98190935361548;
  -8.60955248744988, -0.2193989175257654, 20.26716300415033;
  -8.347055958824653, -1.348907310089147, 19.72975632321578;
  -8.36564185012776, -3.932441302995767, 19.82244987282538;
  -8.238503773587945, -1.65342351211926, 19.66036318314221;
  -8.313464318706597, -3.762470985785629, 19.9161415288154;
  -8.357457700689372, -0.3096258055395654, 20.01496340419377;
  -8.373293845984779, -0.4948534294204674, 20.17946598502993;
  -8.329431015808162, -0.04931214554093882, 20.19579004222845;
  -8.239738469557599, -0.2095140415651677, 20.03610231074872;
  -8.029714332015637, -0.2548124815326802, 20.09992242173912;
  -7.943660802320115, -3.286859652178489, 20.15499059649147;
  -8.095751132823308, -4.783529488901944, 20.98365593708729;
  -7.976126617652661, -1.820769775752804, 20.76433141895344;
  -7.524501166258213, -3.339544869777591, 19.8174567792075;
  -8.066792968332271, -0.1843424183780301, 21.20799349050689;
  -8.301296494750538, 0.06033736377430769, 21.89609002640949;
  -8.110128359695791, -4.843138042291751, 21.49861493275103;
  -8.460312855382423, -4.800618561524851, 23.42799788167899;
  -8.888233006600848, -4.786468032301849, 25.0886741755697;
  -8.781072492935063, -1.846871501974988, 24.90978671198089;
  -8.901826896002207, -0.9064921362860963, 25.40196294365456;
  -9.199658865424524, -4.935508205981591, 26.63604335634844;
  -2.236923209589991, 0.7036806879452016, 7.204372533073987;
  -2.23561334679309, 0.7632040418163881, 7.244660777368556;
  -9.334303862776375, -5.244443386153631, 27.61168226148365;
  -9.331410444897706, -1.887546381717085, 27.80516005104937;
  -9.247504711756399, -0.9002007225229498, 27.6730503612962;
  -9.581151803022371, -4.315705574309849, 28.75764287852289;
  -9.592800905502433, -4.996221511552696, 28.92585221290087;
  -10.29378386084298, -5.127072967556142, 31.15831705810776;
  -2.165742123959913, 0.8211072403630974, 7.330384079268103;
  -9.384391127889458, -5.332416858385489, 28.89024680629121;
  -2.166490819675833, 0.872860414980978, 7.456115387301078;
  -10.12574938151053, -5.02462428805851, 31.47455561150909;
  -10.12606781670637, -4.956788120308255, 31.97605501554786;
  -9.951546111719296, -5.041731470120144, 31.81508479503649;
  -2.158168919736792, 1.586543718985521, 7.673900771465615;
  -2.288983255382514, 1.410795517864177, 8.054351709011002;
  -11.47490710288877, -5.260206167437745, 37.45493036385767;
  -11.58010287245343, -5.33347846705299, 38.20438658921843;
  -2.079201293449126, 1.021148831726041, 7.654762611292495;
  -12.65115107583765, -3.941033906092855, 42.03215506179997;
  -12.30736082908498, -5.665111374342154, 41.26406430891522;
  -12.1547060311516, -5.874959747216338, 41.25152229795405;
  -12.53372093053363, -5.729147989685394, 42.59461193686079;
  -12.96774850388869, -9.503159353809838, 44.70152919325275;
  -12.48992514393902, -5.641773746176733, 43.02081552875927;
  -14.52516843048742, -9.097262646832016, 50.20413834385412;
  -12.67280749812399, -3.051254376203779, 43.8006416646024;
  -15.42344209990574, -8.981423833802209, 53.70278594298662;
  -11.73472331136219, -5.551427612704631, 40.93355500730522;
  -14.8356211690128, -8.155975970487543, 51.73665341255605;
  -14.2522496356984, -7.296100178366052, 49.83275637224505;
  -14.56122116869232, -10.22335156524224, 51.07531268649107;
  -13.6195829447495, -9.943056928718987, 47.98117757592523;
  -15.32726547993043, -9.535325484628551, 53.91774781181507;
  -15.64553498258907, -8.715063087840417, 55.6781125386371;
  -16.7997178869737, -11.81010810154317, 60.38288231064782;
  -21.29551547437697, -9.661300970235569, 76.29253892311786;
  -14.7319595412868, -9.805800440559338, 53.29448364265537;
  -19.60780210496434, -6.614419907709317, 71.47222075430628;
  -19.34119359778766, -8.685172195759193, 71.07208701193581;
  -28.00982645735761, -8.921827214762132, 106.2150505057645;
  -53.15664789769939, -2.656555816009473, 206.5985607056048;
  -61.91976546206187, -11.90796555802765, 254.5343758844829;
  -43.67406644401698, -8.493323232692966, 199.7546348972044;
  -31.83189352438537, -4.660925030532565, 151.8705007987171;
  -43.2425466939253, -9.80210455977107, 207.8934472950944;
  -20.07108218340143, -4.36336480449532, 101.1498820568734;
  -21.72365981504915, -7.170915269208084, 122.3237576790103;
  -23.1904318762704, -7.569912408660899, 135.8927347405987;
  -11.03110814149819, -5.418133303730102, 76.31881685404927;
  -11.2177900330976, -8.032277300548333, 80.44390259009575;
  -8.162859166557194, -5.294637413801076, 60.0195331485529;
  -13.44302191153861, -11.48814791010591, 98.63587089385828;
  -15.79353689885672, -13.12264878553524, 116.2399598151717;
  -13.47500602554501, -12.54896496088587, 101.9156426466936;
  -13.44440579445182, -13.09915189347633, 102.0397524209589;
  -13.68399640437565, -11.94574660190825, 104.2453293366576;
  -11.11928528691722, -9.345040299810849, 86.99540891841032;
  -13.70335690095003, -14.17596904881237, 107.4751953607795;
  -15.10054446854944, -16.56736896628872, 119.101035382288;
  -12.59693976969583, -13.06172630569824, 102.4035165448091;
  -7.343994776117659, -3.722799317976214, 60.48337322814126;
  -8.312002954786578, -5.330807392841824, 69.89482906205518;
