m=[-6.769972261763982, 0.1157343098480812, 9.879939066302622;
  -6.641988947068433, -0.170736890119579, 9.771559853473807;
  -6.527998052505443, -0.2438537978516904, 9.72287012219704;
  -6.492980917714646, -0.5883376843651587, 9.690296732812691;
  -6.511754841951571, -0.51119974948905, 9.748954213669553;
  -6.497840101658302, -0.6829339108749545, 9.777110298791362;
  -6.283003721327708, -0.7026314593327933, 9.499205418868836;
  -6.278630462613151, 0.2444193330606806, 9.595832679170517;
  -6.397339465761636, -0.229119203062624, 9.804164954939193;
  -6.36391770835132, -0.8202380705095457, 9.787076824419584;
  -6.313789198930147, -0.3675692279741146, 9.72017732516383;
  -6.405058724066132, -0.6792481509349937, 9.861688177291644;
  -6.11747179000579, 0.1634223144387269, 9.449500039966274;
  -6.390121985943354, -0.08277497782863486, 9.83505130172678;
  -6.349928561047817, -0.2805242694549689, 9.789962643271158;
  -6.344789260905524, -0.1345843756394906, 9.791272912867006;
  -6.365892973128553, -0.6435611652080675, 9.838938191949683;
  -6.312969512502938, -0.5114798424883413, 9.767046624953666;
  -6.342566231919146, -0.02821901997750093, 9.824739367478681;
  -6.294474609585048, -0.8738891500007529, 9.799343414583966;
  -6.304530879928738, -0.1576926339569846, 9.8151003809361;
  -5.932876380937141, 0.1920124523197876, 9.319317429985787;
  -6.311138696575849, -0.7716197193657114, 9.905906956179457;
  -5.981122639984302, 0.1567277354062258, 9.477297887617031;
  -5.767990273187308, 0.1715497596471176, 9.646690395229166;
  -4.631100429760442, -1.748221593394115, 10.31979296841609;
  -4.708518010014148, -0.1747987774109563, 10.46098044736903;
  -4.659331884134867, -0.9541223338164275, 10.40493674091953;
  -4.58586897854161, -0.9649461085951947, 10.40443984114195;
  -4.619508143479536, -0.8257712845964481, 10.47303058236431;
  -4.597635453836677, -0.3617497020138231, 10.53352638027088;
  -4.622509539988683, -0.4748456978632552, 10.59981927114238;
  -4.57493979226848, -0.5660265023163222, 10.69424875987115;
  -4.541991713282502, -0.3844145895467738, 10.64292902176254;
  -4.407335858851191, -0.7122376544914797, 10.41752480858522;
  -4.389256899122212, -0.880900313599021, 10.47452148016353;
  -4.422790552413336, -0.1638548631135521, 10.59197595982628;
  -4.369757883760892, -0.2582483923639113, 10.53102664257432;
  -4.311059298126705, -0.1096184618376749, 10.48295713317815;
  -4.235528753726221, -0.1344089649661396, 10.60234472171713;
  -4.146931365696415, -1.715881597346143, 10.52176883679311;
  -4.219116077982255, -0.963129022824313, 10.9836677296932;
  -4.292817984346787, -0.098099511416467, 11.2860285649279;
  -4.773345662958726, -2.570529643621061, 13.47364700907399;
  -4.71866416020691, -0.9924489715679342, 13.38571317920354;
  -4.780295021077279, -0.486787700587641, 13.64089398769087;
  -4.99534668011052, -2.396915677679885, 14.28095344800262;
  -4.914119327501677, -2.636366915431061, 14.22799447026717;
  -1.185915807389192, 0.7309292026032572, 4.172937039852699;
  -5.019558287680556, -2.820219873944509, 14.84828976750367;
  -5.235884252450042, -2.358436158751992, 15.71540589073459;
  -5.271723982653438, -2.745673659295219, 15.89620282246979;
  -5.203178644444033, -2.956560222470678, 16.01820652684357;
  -0.9263409041095391, 0.4615356558806384, 3.607344147544742;
  -5.617716141294171, -2.787636934655617, 17.46192922982051;
  -5.649747583685047, -2.765594919219013, 17.84074952192374;
  -5.566108584395622, -2.81994621750338, 17.79484460031635;
  -6.689697878341565, -3.081091763882194, 22.07025332367256;
  -6.025009578103421, 0.9912621547511598, 19.8670883885337;
  -7.494890019206257, -2.33477693144796, 24.90100525793903;
  -6.622486596475565, 0.9040062460040931, 22.03144576752255;
  -6.544580673618833, 0.4227100294252189, 21.79164196199808;
  -6.981872398267787, -3.213774690359269, 23.40879053110379;
  -7.128499402112658, -3.445549973659027, 24.19321794237927;
  -7.233427498755432, -3.306390563721076, 24.58208851070912;
  -7.569905640485717, -0.2239324266349096, 25.72387276332084;
  -7.218775717490288, 0.8250666434883064, 24.54803120721642;
  -7.591284377533505, -2.759171658989521, 25.90227097615233;
  -7.105970255433204, -0.8784077535352453, 24.30531722924943;
  -7.993222996458486, -1.162894308753594, 27.27081699832971;
  -6.868776488867347, 0.8886343048401623, 23.72320131282205;
  -8.714680353587053, -5.458094096407526, 30.12102890150586;
  -8.362522440963931, -2.013459385212848, 28.90313365077784;
  -8.620834178300225, -1.294534461044946, 29.93600925100835;
  -9.175338872741847, -5.343010120637024, 31.94755465384935;
  -8.834720225178547, -3.030578374043019, 30.75887419001153;
  -8.528799414990528, -4.36611598333903, 29.82080683812989;
  -8.776796464919839, -6.162139482530014, 30.78571629660427;
  -8.02114142047877, -5.855881644883453, 28.25812012151006;
  -9.249724586356525, -5.754394656344205, 32.53837536962793;
  -9.599243494886585, -5.653560418443601, 34.00839800250453;
  -9.742794906115503, -5.427048186794305, 34.67190043851037;
  -10.599860217122, -3.054981653574572, 37.59380306448907;
  -7.923014356986026, -0.6528279246148815, 28.10555105592682;
  -9.763933087347485, -3.473390698257391, 34.74182937617525;
  -9.134031976209807, -6.421173603494495, 32.83026426704627;
  -9.382782042899477, 0.3625404936947392, 33.35069836161534;
  -10.41839449527516, -4.488281310406133, 37.1928002125383;
  -10.53248446016306, -0.0722281836502007, 37.59017922802211;
  -8.966892010327317, -5.968490028695489, 32.43871789292901;
  -12.1176192669428, -3.524630816555574, 43.57518184821553;
  -13.17335518795562, -5.320825354311083, 47.6490285413355;
  -12.69726513510456, -0.4475302676372466, 46.10951376070944;
  -10.88807515282966, 0.1914293586630657, 39.49678128719468;
  -13.53195007294323, -4.564815550129555, 49.32518788552962;
  -13.70178555847512, -5.853290157314204, 50.01149807404446;
  -14.95607679052951, -4.251127107926068, 54.4791234259157;
  -11.36727377680723, 0.5042039740203611, 41.41535296588673;
  -13.39236498859981, -6.01384787584933, 49.21223320334494;
  -4.870352677472994, 0.9237377922867789, 18.59222985360446;
  -9.221062417287627, 0.7703052615875272, 34.32877958876802;
  -4.972050635795773, 0.5761967514073496, 19.07827149889837;
  -14.69953479350543, -3.443931273752458, 54.51819839272404;
  -14.14092571393883, -4.696836248330992, 52.62357129810724;
  -2.39498424619616, 1.075053827353597, 9.737156132249165;
  -12.87324790883512, -0.5079740364407235, 48.03886770991974;
  -15.58408389641921, -3.193735630477639, 58.64383737070723;
  -4.606119973032848, 0.5586452954428602, 18.16263327070773;
  -20.38496147907909, -6.493117848224003, 77.30107561911363;
  -20.28573026338372, -6.034164756270696, 77.30169952282542;
  -2.424878303450377, 1.114807192542733, 10.15183866693471;
  -13.29010062921214, -1.916415666125137, 51.00690425471471;
  -11.72633315264735, -2.347946771030292, 45.31111740721142;
  -4.152710880890142, 0.5145103725694101, 16.89322252486555;
  -2.331838827978724, 1.122672317178501, 9.914460552155616;
  -5.397199286615932, -0.2697303483585968, 20.9767479432131;
  -4.278268615729509, 0.9154833847275915, 17.5558608080899;
  -4.031871173662702, 0.4644561574558652, 16.891180139526;
  -2.652282520470417, 1.067816462439929, 11.46235494527224;
  -19.38397810638243, -2.551443434238696, 77.82069973051752;
  -3.248220083120526, 1.089643523993918, 13.87047415941903;
  -4.174304179023719, 0.3678928031605865, 17.69088601448058;
  -5.614202613447906, 0.06849548892804262, 23.492362474418;
  -4.230084680939815, 0.3034195956453831, 18.33970102579812;
  -7.677132116754891, -0.4716511462878745, 32.51208983271069;
  -3.272899366895556, 1.028777498008309, 14.69632388227811;
  -3.573406746108948, 1.057659392978704, 16.13607249876092;
  -2.432744878948592, 1.148857044849571, 11.28413036049631;
  -3.363455575250305, 1.117836279020913, 15.45005821048578;
  -7.370353779975171, -0.4777451661791919, 33.08421740732959;
  -6.57988682170045, -0.2103919868927275, 29.83755115015142;
