m=[-6.876309200424834, -0.02527008509100216, 9.172279434775282;
  -6.48362035197077, 0.1210815191443562, 8.653577402486082;
  -7.694400817325528, -1.376065810485664, 10.21297373473315;
  -6.736066133438938, -0.1635638225220458, 9.178699506520823;
  -6.71838494797884, -0.2309894675278133, 9.211709100155586;
  -6.726704378462221, -0.2038592989982757, 9.293832469584309;
  -6.644167417009185, -0.1534741858991225, 9.217072885947696;
  -6.620189021071971, -0.3132417373570519, 9.191326076864549;
  -6.644881142874612, -0.02709220458311829, 9.224838581665416;
  -6.64054313044997, 0.1287597089144819, 9.222448849496129;
  -6.636439354562876, -0.3428162772323272, 9.228615319262614;
  -6.575431243163743, -0.1842893543151107, 9.218674446285474;
  -6.594483133679489, -0.1034675544737582, 9.24915861852465;
  -6.577475427300087, 0.0508913858875787, 9.228731688925516;
  -6.554207637804188, -0.4540925665127436, 9.206520469162054;
  -6.481470900513796, -0.2327420863745562, 9.159454317677794;
  -6.454956786789262, -0.3981314202528304, 9.190035903335536;
  -6.314999530372663, -0.510966339360234, 9.037277717590976;
  -6.376069698743711, -0.3048819882047947, 9.118911448320528;
  -6.329320213770993, -0.6402222579758403, 9.066046794243103;
  -6.327672041478291, -0.3473715798331497, 9.138942850599609;
  -6.191449647008653, -0.4699476956468186, 9.107254667159646;
  -6.120851565808214, -0.5191687460881211, 9.024992094422979;
  -6.256313933276078, -0.289868448331891, 9.211458082740291;
  -6.189077639543985, -0.8698802368995319, 9.138119230666657;
  -6.225655408509579, -0.1452436118107413, 9.210649986940336;
  -6.147907185160986, -0.3315779756732588, 9.110334332311053;
  -6.193619199468292, -0.1971104194416023, 9.184205877391241;
  -6.155941314950331, -0.8131418215318166, 9.143174871708196;
  -6.157257476031204, -0.5682871059434927, 9.150047299975592;
  -6.19697585458128, -0.6963616447439752, 9.205698934174377;
  -6.160965804368303, -0.7482500539539559, 9.16031365342158;
  -6.162789656704097, -0.4842227173986707, 9.170066592080765;
  -6.179101806808573, -0.0870950187167627, 9.20153233963293;
  -6.12541787494774, -0.9921534980574701, 9.153516394359086;
  -6.152625158733078, -0.2146180815561782, 9.20327146159611;
  -6.134430092525853, -0.1491593466714934, 9.182946007857414;
  -6.081407147194089, -0.8163404110905473, 9.169623636187836;
  -5.782383973676002, 0.1733242033084429, 8.787055013828713;
  -5.865058698685095, 0.08732914787285916, 8.914039273823311;
  -4.461160029329498, -0.9975035907750929, 9.620829262033844;
  -4.574101248181014, -0.811680297706266, 9.934350382547006;
  -4.429739364763691, -1.015482504503102, 9.7068465067332;
  -4.377389301543414, -0.6219880074974461, 9.905916745801171;
  -4.269819119609795, -0.7735198858584519, 9.75402583808218;
  -4.245467266999905, -0.9354102896777296, 9.7879442228543;
  -4.049670096182145, -0.2070756198788612, 9.820105775762208;
  -4.072465919331828, -1.915985606581127, 9.980746293430437;
  -3.947556351521641, -0.2845080672068654, 9.840359007203746;
  -4.071808934626992, -0.7470138703344936, 10.20337188647241;
  -4.162177015660294, -0.2045050117779924, 10.45245500957148;
  -4.051443922997292, -1.010495367289616, 10.22818398388212;
  -3.949147163271872, -1.86094499880485, 10.06274755688492;
  -4.139963334200884, -0.1703235700433407, 10.57914923800029;
  -4.184682006252922, -1.837314965739677, 10.72245456861573;
  -1.071531854634344, 0.5288059117751933, 3.547473009600368;
  -4.554071858889323, -2.584866508916284, 12.57302887701013;
  -4.655361511488493, -2.628107344817645, 13.2121325757893;
  -4.709040640557336, -2.795482977503788, 13.69019017570077;
  -4.844147508828144, -2.651514808902804, 14.14161003055043;
  -4.708745806043269, -2.291697236743227, 13.7725145582144;
  -4.907530194208914, -2.712214211864514, 14.57663471518976;
  -5.040106602326271, -2.675259848741256, 15.0759217747628;
  -4.935613123352082, 0.6796850293977115, 14.99820187812813;
  -5.282107161021209, -2.797048643430223, 16.23676244055523;
  -5.063112833367407, -2.745440303071331, 16.02983264207546;
  -5.230930415056992, -2.722084919353769, 16.74807051915291;
  -6.009438619162157, 0.7731190160478868, 19.36097511029677;
  -6.061504169946653, 0.6266662363441765, 19.82588242459986;
  -7.141991489554029, -3.511283575305435, 23.1887506775261;
  -6.268942255956322, 0.7171107490389101, 20.85004589103836;
  -6.293042694212213, 0.2645007876307619, 20.93692459382033;
  -6.89066519191022, -2.372169047307007, 22.87755107726616;
  -6.578014428128377, -4.907919060103136, 22.04807485664361;
  -6.518934468306825, -3.390807141797193, 22.09337367893702;
  -6.899332828531008, -1.044011457672907, 23.62752034622076;
  -6.412327789727064, -4.974299013509032, 22.10502091594881;
  -8.106447817526966, 0.4322143954910588, 28.34188642777603;
  -8.188057405922397, -3.079977294562917, 28.64023167994818;
  -7.701848712855838, -4.225918298472873, 26.99870648798496;
  -8.297256978642245, -0.2482582409925865, 29.08678793614758;
  -7.525030302979215, -5.77312970644721, 26.49559785779486;
  -8.544120953331969, -2.651250189953053, 30.15577056311714;
  -6.152133491461487, 0.7661963860119593, 22.15096510902195;
  -8.891102968247166, 0.6366042845744225, 31.61406587512592;
  -8.681779260358155, -5.18268267286835, 31.06695593763223;
  -9.577558283752357, -3.09722592277964, 34.23583117057694;
  -9.155371291666867, -3.571208673923405, 32.80548778797602;
  -9.426211382227146, 0.1210466082130809, 33.83822356848695;
  -10.84859363867693, -0.3782013125232623, 39.10888718420311;
  -11.26974762169739, -1.240508486817972, 41.11764080420745;
  -11.92765191676227, -5.261937131191906, 43.63753556812114;
  -4.364538073458779, 0.7183390095624332, 16.63235265466743;
  -10.92531004394, -0.108268385303012, 40.14786982710305;
  -11.35932802434436, -4.263338519230087, 41.90050400283919;
  -12.02087095703627, 0.2160186091556796, 44.37911642870778;
  -11.66645789289613, -5.434945146724673, 43.05442487603214;
  -12.92134748666446, -4.149369183298923, 47.70723169654085;
  -9.909427161171974, -4.859433184447935, 36.85223628024603;
  -2.363525737005514, 0.9776116930113008, 9.635513664400349;
  -4.165749951017496, 0.3823885284604267, 16.38193171038504;
  -15.71962635639346, -5.790219808624269, 59.45065780444246;
  -15.2171931058921, -5.060188897925743, 57.55136403742078;
  -14.25408298798537, -0.9824153888570063, 54.05497738742533;
  -2.893776655396513, 1.027530617502017, 11.79641401289971;
  -17.83238946798667, -4.277595236017144, 68.22331204442588;
  -22.63559034571802, -3.451968603785357, 86.81616352540286;
  -3.839773029993817, 0.3687996477131253, 15.55658913293487;
  -18.48908803462048, -6.611766905727605, 71.35547835685071;
  -18.36857758610242, -3.931278961252626, 70.90193573220284;
  -20.33852852636097, -6.277496360858672, 78.94367749362077;
  -3.82037594920511, 0.7233348387921259, 15.67323837657465;
  -25.06037316395842, -8.376657253520355, 97.30120082559219;
  -26.27503127736254, -4.678926790218291, 102.8773807530358;
  -26.15616483712049, -3.462649744104219, 102.5356042889595;
  -21.62370774650179, -5.054575083557284, 85.11780403565582;
  -3.070197013335115, 0.9568903666325996, 12.97430073319438;
  -3.741666487633152, 0.3238268605433793, 15.63981028992111;
  -35.85876243331498, -3.80111911475222, 142.3303275870302;
  -5.145421736935819, -0.1067314436487243, 21.63326374263205;
  -18.59618008767793, -3.12951079965799, 76.16096326325429;
  -3.726865700436959, 0.491821397683618, 16.12373099912823;
  -3.742035816946427, 0.1562659424843155, 16.2489994582434;
  -58.59264294846891, -14.576669471397, 240.1269999857234;
  -7.095256925093095, -0.686343954357625, 30.40642535090751;
  -3.168343424974599, 0.9209909370301385, 14.16713259755019;
  -83.78152130084034, -19.28661239481804, 353.064014208049;
  -3.196044077858845, 0.9800273753655332, 14.63350755538817;
  -51.63793002449216, -13.40766523443725, 221.8805657951059;
  -8.600573801199918, -1.214616171668546, 38.73052655109402;
