m=[-13.43229957703298, -0.04936301486537063, 17.91728696035782;
  -13.37815583587465, 0.2498368726147369, 17.85559621686869;
  -13.65730586428627, 0.4928331794850317, 18.2210590476876;
  -13.1290303442809, 0.09540004495680102, 17.74403473156268;
  -13.18068355850203, 0.3976533621685805, 17.82005032650658;
  -13.22019600275255, -0.2460527492484278, 17.95212717123101;
  -13.14750475709576, 0.3415004662962666, 17.86654263202631;
  -12.95143910075272, 0.0882148937789343, 17.64363340343246;
  -13.02965602190287, -0.4479816696831806, 17.86521639921335;
  -12.90435626065828, -0.2980788182107958, 17.90147429100496;
  -12.86953829621266, -0.608936772357597, 17.867786337018;
  -12.91165034282504, 0.2503560788761972, 17.93182161610541;
  -12.8701028746555, -0.6648265009839878, 17.89713160986986;
  -12.98692252170363, 0.5439407093979597, 18.04559888984533;
  -12.78288403064337, -0.3582653908428288, 17.92144758347802;
  -12.7910445103932, -0.2006917096953634, 17.94020807620519;
  -12.70888818173901, -0.8805048559466704, 17.85183589708049;
  -12.84790194363599, 0.09940706626520104, 18.02664884331032;
  -12.60146924778487, -0.4525041135156165, 17.80808456635319;
  -12.59882213360892, -0.7770752175804263, 17.93716543301538;
  -12.22865995076617, -0.9068052538987835, 17.4904913508773;
  -12.25054328149977, -0.9912297262439621, 17.5315233665185;
  -12.37037347622133, -0.5915092272296402, 17.69182986417814;
  -12.29153427262232, -1.243311060306929, 17.60625487808014;
  -12.43063261471272, -1.434232289522675, 17.95100559537221;
  -12.24444677688214, -0.6877059777583084, 17.87329805809692;
  -12.15363218426066, -0.4000827138004693, 17.75285383266221;
  -11.93604509562142, -1.062629522307113, 17.47214405354821;
  -11.99680343762672, -0.9781019975026932, 17.56919014396637;
  -12.04389867748581, 0.3744396811924179, 17.67759646631886;
  -12.1491657601256, -0.5628969174138698, 17.88777422827611;
  -11.93847730892204, -1.01261797121462, 17.60288779658434;
  -12.02788564068811, -1.69052977194404, 17.75906839092905;
  -11.600362847596, 0.1008342571941338, 17.14604481886804;
  -12.09127657256553, -0.2820876784156043, 17.88864129115914;
  -11.93748853414875, -0.6438301951482911, 17.68968013972662;
  -12.00495735011809, -0.382054837802018, 17.8015464467449;
  -11.92655591778115, -1.340201461152578, 17.71707453394743;
  -11.90656877570825, -1.098922618975128, 17.69386255199552;
  -11.96034295255064, -1.452585121184816, 17.78300615954932;
  -11.96552174264681, -0.9401549908513306, 17.80437712484625;
  -12.00667596800628, -0.1692352223437008, 17.87959167291415;
  -11.99063541940483, -1.314010663588407, 17.93042435789745;
  -11.98812393854263, -1.186702862525634, 17.92955358446976;
  -11.90880183618659, -0.2895638347383101, 17.82690203173324;
  -11.71863150849134, -1.573055747052607, 17.66950277512939;
  -11.72423718998635, -0.9690596536472578, 17.67913937772945;
  -11.29377225662905, 0.3385254399636149, 17.16229821202331;
  -11.39396667776037, 0.1696531018664216, 17.31717816787758;
  -11.22349744100316, 0.1125945352107445, 17.20978805340805;
  -11.22035719488626, 0.3849295381509211, 17.33714676165724;
  -11.36710239730171, 0.2444782632658083, 17.62640278874339;
  -11.09248731532877, 0.06729070665741491, 17.37056976559306;
  -10.60843584274972, 0.08028201836571329, 16.86530183032046;
  -10.97420706507365, 0.2797943185455808, 17.62486958783275;
  -11.04385460072623, 0.3404806542147943, 17.90065630042859;
  -10.84437586901054, -0.1208608814218197, 18.03952913636259;
  -8.657436325701919, -3.693279993265817, 18.43550829554659;
  -8.533974685672948, -3.398884969826656, 18.34137503092169;
  -8.780049836286668, -0.4669446441900795, 18.84798957048553;
  -8.387265892797284, -3.415262176819509, 18.12283262987098;
  -8.595714656916105, -1.921979077007153, 18.53730925491614;
  -8.582289233633816, -0.08550129025236186, 18.55327943830423;
  -8.665124242138459, -3.85086816102736, 18.79688340437532;
  -8.767336318447068, -1.55577538994748, 19.04150918034863;
  -8.44349352446504, -1.935603710498865, 18.50214851792981;
  -8.525370745696902, -1.680241106459281, 18.67454862123034;
  -8.469526123225416, -3.87623582645274, 18.67120766854449;
  -8.451465441981474, -0.8090519429315833, 18.73226011273639;
  -8.531948728740963, -1.025364948797837, 18.92741882143934;
  -8.390473831881661, -0.5717844756074895, 18.63037739451014;
  -8.479625463702226, -0.5334359235849078, 18.99058057431222;
  -8.070714639647244, 0.314952450522168, 18.20057396967789;
  -8.376897046543487, -1.190282413573251, 18.95669747763797;
  -8.311165380706925, -0.8535661638685006, 18.85629439101722;
  -8.254395140060771, -3.746614160762412, 18.81363685519194;
  -8.196583222239791, -0.3477228089895263, 18.68284838869363;
  -8.123472946728649, -1.471647320531463, 18.55735870717493;
  -8.309252807763366, -4.10609528856086, 19.00843839364184;
  -8.155737179308019, -1.796966034041057, 18.80308940969341;
  -7.95454223784086, -3.789056918562252, 18.40406441342172;
  -8.187379139084948, -0.5251442241312253, 18.96037123297115;
  -8.203010265690596, -0.445848622325388, 19.01252327396891;
  -7.994833598080017, -0.6057232050590844, 18.65354583339774;
  -7.867550995282451, -0.3309721553691307, 18.52039363234932;
  -7.604286390928278, 0.1465030604920363, 18.04314017149651;
  -7.771955229354386, -0.397410754102309, 18.84633084277677;
  -7.501955080606024, -3.285104983498762, 18.40976834872183;
  -7.39111028492197, -3.53217401310413, 18.32681998299249;
  -7.768782117017025, -1.4252603916814, 19.46745889051954;
  -7.943406160296192, -0.3902924753696577, 19.94823747304682;
  -7.709207253936612, -1.922800454267488, 19.46249082100278;
  -7.680995130948189, -3.619492736993857, 19.57179912342326;
  -7.894283090843343, -0.3247812529781147, 20.17283541018954;
  -7.865403984211357, -3.453362628315939, 20.15360707420457;
  -2.073514576832001, 0.6899593460431013, 6.031572515235536;
  -8.077508836431381, -0.09131819643053238, 20.74494552749817;
  -7.77159242223974, -0.2227603991059966, 20.18404805715651;
  -2.209964883108373, 0.9353901339493594, 6.53528542991279;
  -8.585964537623505, -4.873346944828096, 23.70440858499172;
  -8.519958275981932, -1.992987569121953, 23.67210490929116;
  -8.515603446871804, 0.9893505838074115, 23.63051032160557;
  -8.528635038408652, -1.066048086482101, 23.87462223848116;
  -8.553130995527161, 1.228528775173535, 23.95694625967002;
  -8.734906215547317, -4.931146834616764, 24.79007026030022;
  -2.235522632785445, 1.388471384143921, 7.122660161126362;
  -8.808968204227762, -5.229371021392653, 25.60955811868005;
  -9.214631517292077, -5.043762990733744, 26.90044538389526;
  -8.971893039291397, -2.040227116019288, 26.32307049826538;
  -9.231359737639927, -4.438704741266398, 27.29335866473758;
  -9.054913807442823, -1.987186872278259, 26.76525683951488;
  -2.128507397411377, 1.14197298928049, 7.008499669554564;
  -9.38839203801259, -5.188624278277729, 27.88595401055206;
  -9.017618729806058, -5.440664440334638, 27.37200466888861;
  -9.789744358825685, -5.183990090251808, 30.09286799044932;
  -9.784905729527591, -5.118561702634831, 30.58038093637826;
  -9.540329431771321, -5.173182148726157, 30.20471578940689;
  -11.28584475838768, -5.516230824142916, 36.29550126361401;
  -11.6789068754078, -5.770498672323765, 38.35329830195496;
  -12.7991817433269, -4.406225221626266, 42.49429132385406;
  -11.82527657006468, -5.849576096425262, 39.56030397722979;
  -11.99652075539019, -8.950718110093101, 40.2097305386086;
  -12.00375136380188, -6.243720664875607, 40.68201110455502;
  -13.34504559751552, -9.816377015651492, 45.27050423487623;
  -11.78912936507191, -5.82095743546074, 40.05043904882052;
  -12.40737837683308, -5.193190391864389, 42.13500059161862;
  -12.76411946829291, -5.613255511324971, 43.49484883424205;
  -12.20416259908755, -0.6921420597056286, 41.5641210225552;
  -13.36112473834566, -9.38096897428912, 45.67388924885137;
  -13.40827885562584, -5.312611541512279, 45.77630309919878;
  -15.33714005897607, -10.15754438175201, 53.06524548157024;
