m=[-2.102436050200522, -0.1527190900651002, 4.673114504625057;
  -2.065241177652304, -0.1284033378252258, 4.657119958819974;
  -2.876967982751476, 0.07459569011060618, 9.195697350162558;
  -3.496572988888193, -0.7480529184992717, 12.14440417546872;
  -4.168277074673775, -0.2482886596317399, 14.57097708541022;
  -5.273310567865311, -2.665353809770322, 19.51874628671456;
  -5.052264685954866, -2.676433036385881, 18.81467310985752;
  -6.410764073752846, -1.962515449486833, 24.27411447269321;
  -1.883784708421813, 0.007459644363698471, 8.064596409038989;
  -1.858213744505192, -0.01812571081830579, 8.146686826921371;
  -1.674913321304985, 0.1412604317233306, 7.693425247222165;
  -3.447738747492524, -0.589540418330011, 15.19991024243921;
  -1.575080175477035, 0.104814361209198, 7.547334416361342;
  -2.256528217510073, -0.1373327588926782, 10.45678849713444;
  -23.35241987439312, -6.351112511402136, 99.945295670824;
  -3.197345934786509, -0.4610430867306175, 14.57034722674321;
  -1.545769562165275, 0.1323346234326864, 7.60041737757337;
  -3.078305087684158, -0.5147866551723528, 14.18810778694435;
  -22.50741115350602, -6.814476413706935, 98.2354942301228;
  -1.540364978418113, 0.21164528468104, 7.736116661600457;
  -1.528230169920943, 0.3646749357044262, 7.734806952822036;
  -17.3863930645144, -4.950872883755626, 83.19279378930514;
  -1.372319532142804, 0.389453961344733, 7.489610223361375;
  -7.010349579684659, -2.249639819890221, 36.89590123007994;
  -7.044263957529957, -1.960145557223419, 38.26975869661113;
  -6.141184209404421, -2.498809567843843, 34.397612300195;
  -6.382018784362174, -0.9714602234425289, 36.91968115308581;
  -1.07717327469937, 0.3697330603890466, 7.544985819152785;
  -2.5127299287272, 0.05745075164260721, 16.89276852575088;
  -2.41182290065314, -0.0592748052508505, 16.44528881883885;
  -2.326034240210459, -0.2105168214716455, 16.33916932099913;
  -2.394931995349472, -1.98018941242068, 18.45073786529359;
  -2.436243054832566, -1.840319675024971, 18.81542560329347;
  -2.949547919988042, -1.143784839223407, 23.20929498935788;
  -2.202717939056408, -1.501711530360726, 17.96893868306566;
  -2.291272063067638, -1.749052503457225, 18.64998061763327;
  -3.630036264581029, -4.147172998821651, 29.18662049860718;
  -3.704383886892381, -4.418074252286194, 30.00484099630155;
  -2.524297905665591, -2.669994700344139, 21.02245031567078;
  -1.829858284162696, -0.1022007863428662, 15.96416410849459;
  -2.112452589039407, -1.486839479839259, 18.49488491106011;
  -2.05700321457957, -1.756078104269548, 18.40587459390326;
  -1.979790334010326, -1.869203770953369, 18.35315896118242;
  -1.965795474934184, -1.526802899248469, 18.31822318291534;
  -1.930431150413615, -3.120687619795359, 18.80806485026582;
  -1.870112061547158, -2.411991348360641, 18.53595991933657;
  -1.471126589265471, 0.02087586896377398, 14.95085172325112;
  -1.817575680757314, -1.867091345361271, 18.30633026891812;
  -1.923486580650911, -3.25799302115322, 19.29697369547575;
  -1.8272289560789, -1.810603997553884, 18.43211796512716;
  -0.5168890984689994, 0.3799354704697551, 5.911887471981119;
  -1.843610135515375, -1.98372881676556, 18.80490640798011;
  -1.842767218111417, -3.181825656876547, 19.17793231687066;
  -1.806820617404951, -2.964327110711923, 19.13902248085953;
  -1.560167870343966, -0.9063117970307701, 16.77337296155942;
  -1.689518838780558, -1.890163650977614, 18.44871345684834;
  -1.654262928088936, -2.162450384402433, 18.09954619473923;
  -1.694911269372133, -2.930375474636671, 18.85031451690685;
  -1.68064327431923, -1.780029149182491, 19.01497867942525;
  -1.592636123568183, -2.261681086367104, 18.23648707252686;
  -1.304185919120479, -0.3156395186543591, 15.55561280645084;
  -1.554962024307083, -2.342325527900763, 18.40866475611138;
  -1.511055940123047, -2.539680558442186, 18.14927844240854;
  -1.603243511502668, -3.249874560730504, 19.22967607865459;
  -1.557746759341075, -2.577345957336045, 18.85752543559543;
  -1.372641958473524, -0.8646177220324985, 17.34524255920672;
  -1.399070912841748, -1.746444632761901, 17.90790728406146;
  -1.427328432659058, -2.220447919392271, 18.46580770267944;
  -1.439180133456431, -2.084089535308388, 18.74614726977157;
  -1.609043752505076, -3.384425524530756, 20.91322374934655;
  -1.457865377588589, -3.081170851995398, 19.36737009483169;
  -1.345606021822965, -2.179571977108608, 18.62946050768083;
  -1.19222603933553, -2.127367266432958, 17.43873872283823;
  -1.303691396833753, -2.786240986097495, 19.91839682991543;
  -1.209941434706006, -2.408356738087965, 18.87899081957851;
  -1.57847332936243, -4.159424651845581, 25.36897802011558;
  -1.572155120265234, -4.508754916897814, 26.63977649591664;
  -1.217692910544669, -3.237902659083705, 21.08733737459288;
  -1.129979387427507, -2.989300774970072, 20.28991258189582;
  -1.061905968344637, -2.315893130523164, 18.963879513234;
  -1.014769826094795, -2.70003988813522, 20.12936910062287;
  -1.218114587131253, -4.326500435231577, 24.98216576221401;
  -1.05700585367952, -4.320750923514429, 25.5964424689796;
  -0.3547536039204874, -1.126845308671171, 12.16164703403431;
  -0.7243989749051405, -3.796211937177238, 25.19030688411721;
  -0.3657134747785399, -1.269372917541802, 13.21064243480296;
  -0.4624996722968131, -2.291312777676427, 19.4298578319328;
  -0.3485299636620099, -2.348060349637363, 19.03445417067317;
  -0.09865020682941192, 0.08168660823505827, 6.422398933350367;
  -0.2309155488209242, -2.3623673928767, 18.4297691467957;
  -0.08309234191380692, 0.1169912654799249, 6.766505910080126;
  -0.1607946896604266, -3.494397290186801, 19.31953650412763;
  -0.1488863638283378, -2.561654264306941, 19.13890153081646;
  -0.1388088600610703, -2.631191572108854, 17.80266407209976;
  -0.0502571238209881, 0.08225944353058391, 6.728220366468052;
  -0.1175092814152988, -3.001755158696902, 18.54199986024244;
  -0.07597754822005234, -2.928143860368225, 17.0713033851078;
  -0.04308416287662878, -2.139814246664789, 16.03722825530439;
  -0.02328400025498877, -1.600267234617092, 14.29040288229184;
  0.01102486886678043, -2.108455749991677, 16.78707252391025;
  0.05892626605718598, -2.713000085194206, 17.57363678754119;
  0.08868600279447121, -1.382038312122445, 15.4043154319549;
  0.1512376656038735, -2.275153769418522, 17.66066935004702;
  0.0410962445276564, 0.1993528451349646, 6.604906521852985;
  0.172103345569631, -2.510730294517408, 17.6299680009328;
  0.2576830239529425, -2.673737636596747, 17.19288748984528;
  0.2984588595532636, -2.97577484907483, 17.45922216165162;
  0.3102541567160822, -1.097000070814327, 14.75232486983568;
  0.1609731863762953, 0.04688080163352187, 5.862816011008809;
  0.5521515225113137, -1.37793610226546, 16.14564738375789;
  0.6992822311830522, -3.39320160381399, 18.07388515184287;
  0.7731132405969416, -3.176113150984978, 18.02388877687795;
  0.2203564807780638, 0.1374206552129291, 5.990888157304569;
  0.7052767789376135, -2.246913648590003, 16.2519137931032;
  0.8522376610329978, -1.280911800738344, 17.60758202714755;
  0.9158875379737396, -3.644405525627398, 18.48682786119003;
  0.8717735835001536, -3.295623237163671, 17.4197302598192;
  0.8180818388971188, -1.471273902419422, 16.35580005161568;
  0.9061039914025082, -1.496270452317413, 17.62128338155754;
  0.8456891284755091, -1.66666777258871, 16.39094862013123;
  0.7859280318171628, -0.7684924083390837, 15.10303475138188;
  0.8239973778980492, -0.9138601807145713, 15.77353379965033;
  0.9062926199692193, -3.171622031344838, 17.25814456549918;
  0.8637252502211683, -1.0509845578931, 15.48261578006296;
  0.84576035726374, -1.28270673984523, 15.11845689970357;
  0.8801167152564926, -0.9491290798149368, 14.76111051212823;
  1.217886380035326, -4.316507981663543, 18.93897686348826;
  0.3618387350173255, 0.002791490443573489, 6.166639835397858;
  1.314091468815725, -4.230144916299452, 18.69280262819088;
  0.9032883410436079, -2.256556556263761, 12.84038134340646;
  1.44347659506749, -4.63393232017443, 19.14367785165146;
