m=[-13.3481118820779, -0.1786517253321765, 16.96913248001849;
  -13.17515005433944, -0.03230238495139263, 16.9629371186007;
  -13.28939594537765, 0.272006527511063, 17.12349236157913;
  -12.99082293473436, -0.3712744678573896, 16.81324919443433;
  -13.34188804695242, 0.2827630544812534, 17.32456030128871;
  -12.86679533854765, -0.09733000067384193, 16.81626795876842;
  -13.1187870495973, -0.5850159002708048, 17.13729072875351;
  -13.03877105102183, -0.175851364156165, 17.09905113392754;
  -12.94031109728147, -0.33936629070518, 16.97849494014216;
  -12.95262077944148, -0.4337029271288407, 17.12351603256947;
  -12.89409065643534, -0.7406257384061709, 17.05460042745266;
  -12.93814044342229, 0.114751504838935, 17.1312341828797;
  -12.95089749916092, -0.8020886931076158, 17.15834713159832;
  -12.80094071537878, -0.4939112120604753, 17.10396356721257;
  -12.87018184966397, 0.2766512009327222, 17.21001644147772;
  -12.87148407302286, -0.3349858943403792, 17.20786279617832;
  -12.78529742316051, -1.022749748858749, 17.1063645856032;
  -12.6177040485384, -0.7556629579184655, 16.94517441679468;
  -12.62163644676346, -0.5821904779051405, 16.99172227148439;
  -12.51213144694504, -0.906229932032562, 16.97435368294665;
  -12.31733984685776, -1.130836404658455, 16.7716968295209;
  -12.43640332886582, -0.7298965930595397, 16.93681468275976;
  -12.33024552969241, -1.380138165310936, 16.80580057837907;
  -12.39383844037732, -1.236426741311449, 16.96154001614152;
  -12.29165265401671, -1.00497041890692, 16.87663072244152;
  -12.1996848123761, -1.048924042723984, 16.95244098225448;
  -12.08598110609436, -1.120031258185824, 16.8444788811728;
  -12.17752037096124, -0.5380364595712696, 17.04210716377304;
  -11.87882388455723, -1.126019654834416, 16.66922347369318;
  -11.92530660288693, -1.467559941234514, 16.73081813660334;
  -12.18335604914271, -0.6958313088508196, 17.09419936133529;
  -12.02140356255568, -1.830339082039391, 16.89566124825464;
  -11.99106394696926, -1.544581616169745, 16.89383073321984;
  -12.04795471295605, -1.321152578145693, 16.98510175904142;
  -12.11992796303607, -0.4145089854488537, 17.09100710233444;
  -11.96151424827781, -0.7807769828456465, 16.88025717404138;
  -12.07911020133019, -0.5204194483359631, 17.06681570501152;
  -12.01472153487527, -1.243338040425112, 16.99825584744254;
  -12.16089319267287, -1.500040052227343, 17.19676295455576;
  -12.02982158709227, -0.9745216534950653, 17.0282276471664;
  -11.98532701388961, -1.594095890201455, 16.967005581942;
  -11.99867367247388, -1.065659755144055, 17.00477153895232;
  -12.02260087968485, -0.3025162164502517, 17.06580659116112;
  -11.90675740698304, -1.933555425001733, 16.94182692498499;
  -11.92039136029396, -0.5507090296214481, 16.99843636968144;
  -11.94007744731719, -0.4276731618888927, 17.03398589193697;
  -11.90040362360817, -1.747112971279436, 17.07964110989889;
  -11.4334817231366, 0.04249303089714851, 16.53782326956828;
  -11.09381212424768, 0.1138832284419696, 16.39113666504263;
  -11.06833305053773, -0.06342407596522991, 16.49963468906034;
  -11.27674063391206, -0.0001607466082450784, 16.86620290028375;
  -11.21771489786949, 0.1063014213243302, 16.83948140290868;
  -10.85761588972947, 0.003214216991458222, 16.5022678231569;
  -11.05062581650582, -0.03147939893664783, 17.00442963716447;
  -10.88255548222823, 0.1819284027550128, 16.82829616915915;
  -11.15374131510943, -0.1744644816794092, 17.29929075205815;
  -11.05465300564913, -0.08653852957319604, 17.22025320577023;
  -10.67442084069932, -0.01293551773205171, 16.7690625802195;
  -10.9924845911527, -0.04079947550995237, 17.37807485354762;
  -10.88173369944162, -0.2562692062663103, 17.27282842952344;
  -8.799408144196978, -3.925428639016231, 17.88487668587496;
  -8.651302555897171, -3.617513628450818, 17.74923020283109;
  -8.765919720446204, -0.6226230245091866, 18.02730916359834;
  -8.456136463158916, -3.60745171487065, 17.42627366231426;
  -8.577593793389585, -2.073474886961123, 17.68605591445939;
  -8.674534215504806, -0.2298556680513394, 17.95325041211469;
  -8.630337891631257, -4.013993264764991, 17.89391860227869;
  -8.814222248256579, -1.731678172835641, 18.33993073112321;
  -8.638011336070155, -2.142208863140957, 18.09839311105075;
  -8.524912885622051, -4.080039297266692, 17.95596677761721;
  -8.554476609672271, -0.9687662871377883, 18.15667110941162;
  -8.539981978878966, -0.734737785373227, 18.15681771229429;
  -8.535341240450919, -0.6905343225955212, 18.32441939458431;
  -8.447900636588315, -1.35932568750633, 18.31837677595436;
  -8.322665951639086, -3.900362232107966, 18.02545809105025;
  -8.469356999278533, -1.021964099877009, 18.41008938855933;
  -8.34476387095668, -0.5025078649233514, 18.22162160243767;
  -8.287367899430391, -1.657705912449281, 18.11553674904985;
  -8.352166002980527, -3.907803913520467, 18.35140333909277;
  -8.1524464983782, -1.957907203286187, 17.99717228687014;
  -8.086258129885453, -4.030791637119213, 17.86751165343414;
  -8.143003334320847, -0.5915005402879898, 18.09956930161828;
  -8.215214514164313, -0.4432999487995628, 18.26900035891829;
  -8.031115164143417, -3.848181019530601, 17.87243861639592;
  -8.159148923953657, -3.769230949391287, 18.16472354065778;
  -8.123518664319239, -0.7697267183444889, 18.15724255792676;
  -7.980275410385929, -3.99585190015025, 18.33389348370337;
  -7.796823623636293, -0.5407419801582352, 18.13010710067059;
  -7.710518146660713, -2.054016296648327, 18.34093173193261;
  -7.795892009745682, -0.3781682164591362, 18.59516807992051;
  -7.825363039679515, -4.04839032383732, 18.73291440881827;
  -7.816316421992786, -1.597941316788881, 18.80792857591842;
  -7.99290868191608, -0.5563576584382073, 19.31434856201625;
  -7.793795769514876, -2.111279238027465, 18.8868662377701;
  -7.435473421717454, -3.695338855779221, 18.18342557232674;
  -7.940915119707588, -0.4922886007740852, 19.54092226500077;
  -8.12505507691375, -3.763702208631217, 20.00414148246848;
  -7.870941421077403, -0.2480709861638603, 19.49688087770275;
  -8.822746819623953, -4.918906367169956, 23.17620608230871;
  -8.684417742071299, -5.168579318633694, 23.2162711400085;
  -8.478691511394686, 1.041665646165431, 23.09386189660957;
  -8.892150861470199, -4.760472268855951, 24.20544074480958;
  -8.85363628604842, -5.254245255554219, 24.39032825837552;
  -8.679980186119094, -5.423408380936255, 24.08230669703344;
  -8.937460605057442, -5.579451402363622, 25.26533663575575;
  -9.006150476980467, -5.15892176469676, 25.57755982506238;
  -9.073552134545484, -5.468263304622919, 25.77473957073547;
  -8.874921694375402, -4.584722007884315, 25.26507552631648;
  -8.956676416618038, -2.267021695540674, 25.61990734350906;
  -9.030974266194974, -5.253757529892596, 26.15980988470768;
  -9.853820617040954, -5.524918719188585, 29.64772486238271;
  -10.14803890673395, -5.542453940355131, 31.31191178379965;
  -9.255393943602289, -5.332471906681569, 28.71487515211318;
  -9.430949209547279, -6.334073748145224, 30.44716306799447;
  -4.205438819758702, 2.028549079930143, 14.35239693329481;
  -11.00556079241123, -8.40736190542799, 35.86963199497988;
  -4.217244176993699, 1.888683122566967, 14.61575586144233;
  -4.125875267410213, 1.966058312702674, 14.34125793098749;
  -12.01427135389479, -9.400715799549975, 39.73983309458416;
  -4.099037973425573, 2.012630199644657, 14.36205191026487;
  -4.401848900826209, 1.83311757755781, 17.37164598217131;
  -4.341401039023818, 1.911188443026648, 17.38306878898528;
  3.590860969563865, -10.18980911025079, 48.62046079881938;
  4.523862355749776, -11.22098926643362, 52.74236153890908;
  5.465656178853712, -11.96284740495432, 60.07931268779286;
  1.942260324342475, 0.3484715924292394, 20.05018041372307;
  4.8702321594663, -10.78085758091177, 48.66049775203994;
  2.105431449428168, 0.9052481119192042, 21.24886921301278;
  1.900837208889401, 1.738403786379799, 18.31447616945513;
  2.131561133728741, 0.6207128749220423, 19.74056625540415;
  2.519517077543186, 0.3731162157668133, 22.96525479637364;
