m=[-6.602869891174474, -0.2210891562423046, 8.729071156159616;
  -6.613587243860214, 0.05865750893146135, 8.756970320342754;
  -6.597278377115485, -0.4085896280092197, 8.740582845757926;
  -6.526697787785445, -0.2518259623876515, 8.72064043249387;
  -6.537833035632054, -0.1701499092151649, 8.740416662385487;
  -6.512588997049937, -0.01829868005338564, 8.714008677573716;
  -6.518289645004027, -0.5214254214641872, 8.721286290924413;
  -6.429577978602572, -0.2965731972933564, 8.655739990299079;
  -6.357630567411959, -0.4604711148875119, 8.624962924531324;
  -6.26605525589761, -0.5752770878346859, 8.532067830843404;
  -6.322247409199069, -0.371054775438418, 8.610104538795785;
  -6.286333270689825, -0.7036363100678164, 8.568107022851649;
  -6.244309373823324, -0.5105372226040701, 8.573534119861328;
  -6.223046242225925, -0.5350550381295114, 8.647422107508398;
  -6.205832385010349, -0.2682934238532689, 8.635170106435824;
  -6.221489047923134, -0.4242871450010526, 8.653903356479763;
  -6.144214780241052, -0.7448774195653134, 8.555936189527271;
  -6.124437826400909, -0.5675635055333428, 8.535754170081068;
  -6.03489897462536, -0.5720612517205875, 8.468606035987344;
  -6.216597647710001, -0.2746664416943981, 8.699958618748791;
  -6.075568517515709, -0.7476756173609097, 8.52382545186892;
  -6.187868427968002, -0.3534094029479351, 8.682062323610781;
  -6.111973751951394, -0.9305888757815963, 8.590164828410519;
  -6.127519941971263, -0.7892923177575458, 8.632869040803971;
  -6.128137915414288, -0.6719983100098738, 8.639395529501718;
  -6.115855579764063, -0.3992069204595403, 8.630781428076901;
  -6.178963614063491, -0.2113243532966713, 8.713311773395311;
  -6.136969028325284, -0.2644067305408163, 8.671045933686171;
  -6.111840129650609, -0.4951129579041628, 8.65131742123644;
  -6.128648747060134, -0.6342204520932887, 8.67072441914217;
  -6.11624393721308, -0.813484631039433, 8.658449193997859;
  -6.181630624643155, -0.7625010250584889, 8.741466176897326;
  -6.117640136700397, -0.5433369610752521, 8.670047683750918;
  -6.129958229230333, -0.1542438103920036, 8.701335309958621;
  -6.096505717464321, -0.9900203137290651, 8.674565306242581;
  -6.056407939082038, -0.6677061956538318, 8.63002118055055;
  -6.064762509128241, -0.2801853878230546, 8.648330117082976;
  -6.079471037342885, -0.7363935428381111, 8.660992292150796;
  -4.408515647414758, -1.843406276999373, 9.044621728714109;
  -4.387302608993027, -1.060549380206921, 9.046135912393396;
  -4.390637540347241, -0.1163420305846444, 9.087083326017879;
  -4.453089530457086, -0.8748721922800073, 9.265633566730953;
  -4.343769590113918, -1.077245832791139, 9.101082016115447;
  -4.351551978689458, -0.9384291140321333, 9.12047692563185;
  -4.332230931895535, -0.4906108773704047, 9.195056084613052;
  -4.300221223090031, -0.3699697523814761, 9.142681221492946;
  -4.336182969142126, -0.5960492988367361, 9.215176025084679;
  -4.343647093669808, -0.3514138824592356, 9.325322656023984;
  -4.285401347848829, -0.6895507397631625, 9.292438429742278;
  -4.28191931865213, -0.5166824143326427, 9.307733446317114;
  -4.156717131856976, -0.8314599580322885, 9.086257889279388;
  -4.097996502545288, -0.9841827079725293, 9.046652327245655;
  -4.163386311383794, -0.30242468920916, 9.254017956089266;
  -4.157175681235017, -0.2243247286440135, 9.244730479237473;
  -4.094373073134364, -1.961855660750362, 9.111615252254083;
  -4.130907805575628, -0.3914153755730705, 9.233178147262281;
  -4.088788617364549, -0.2542144287129779, 9.220220516313084;
  -3.898598495092621, -1.798767832862594, 9.145852018019088;
  -3.93111686879416, -1.047216018294348, 9.350908038784361;
  -3.98612592230313, -2.062191048724815, 9.542273674287509;
  -3.980281713228522, -0.8137153434744809, 9.57751070105096;
  -3.973657647410448, -1.076433247432777, 9.629446636886259;
  -4.038646493830372, -0.2503716009424025, 9.938259759998955;
  -4.089921108187701, -1.894540401547716, 10.06951457261975;
  -4.082984745136291, -0.1286847402402993, 10.11384317868587;
  -4.355446907229274, -2.39748869418966, 11.5522886590568;
  -4.417795123945187, -2.629275236377316, 11.8102021902572;
  -4.393865188418857, -1.131686229468492, 11.84156371580239;
  -4.524941453524978, 0.4440794947944076, 12.20684471570308;
  -4.393147563982133, -0.6547621293475465, 11.94349965987579;
  -4.547244050396504, -2.434397429696072, 12.37811280181792;
  -4.550699605486333, -2.70064084846779, 12.53643741362797;
  -4.516199175098437, -2.821802807266248, 12.53003939035924;
  -4.614348062292059, -2.88063152441541, 13.04431563954366;
  -4.743386932995183, -2.717116724793109, 13.47126759231991;
  -4.563158520819389, -2.357295536379135, 12.99037317029198;
  -4.36170197760968, 0.6226542096763436, 12.57947668578285;
  -4.815002306878572, -2.456174824866463, 13.88294151418498;
  -4.998159916910628, -2.802408158179974, 15.03823499470754;
  -5.062386577073131, -2.813535718877012, 15.50465416825229;
  -2.058895981661245, 0.9811032320121668, 7.156580461680226;
  -2.114377819747679, 0.8936835859795888, 7.695879865148058;
  -6.517904082707696, -5.100014980966619, 21.55939488492935;
  -2.231709340396894, 0.9119896629464898, 8.510149380290704;
  -2.192607441421622, 0.9130952315968008, 8.653000388791543;
  -2.150098783498151, 0.9465248451940531, 8.609044573561421;
  -2.774756264484442, 0.9036513093615061, 11.02790760419758;
  -2.477498422432955, 0.8806658879854749, 10.23908171675625;
  -2.596430603090141, 0.8991302879804718, 11.26954403493147;
  -2.261481492423018, 0.9604492273771117, 10.0520921995538;
  -2.525158542866806, -6.025660631101861, 35.48195244423819;
  -2.80403276693434, -7.388888236762544, 45.06597882193794;
  -2.729936197809037, -7.844077106521556, 45.41610892894691;
  -2.670589913382244, -7.658935971247222, 45.25248017049989;
  -1.802163508646605, -4.767528357561031, 32.35965226938099;
  -1.85649478300211, -5.622273232929113, 37.32510416582743;
  -2.097933251457653, -6.954173579474133, 44.06615401762198;
  -1.641050988267047, -4.700130873049695, 37.13562424399502;
  -1.997823495940048, -8.166556206905367, 48.37927245056652;
  -1.782552765433081, -6.016977740174412, 46.57915820230799;
  -1.64964748739557, -8.009667605730723, 48.42219260414055;
  -1.220852946665832, -6.397878365686173, 42.45403631461277;
  -0.6402835041572068, -2.222391559999513, 23.12891652528161;
  -0.8105109839853892, -4.015428086316534, 34.04999859102514;
  -0.952599440169057, -7.062260276383396, 42.77308473690007;
  -0.634563461192765, -4.275079499334851, 34.65575525715983;
  -0.1621708739262099, 0.1342844487741892, 10.55776851563238;
  -0.1613838021224455, 0.7670100660692858, 12.31325739292065;
  -0.1713437841440973, 0.2412463733412498, 13.9531357687474;
  -0.4227679982809355, -4.325102137947221, 33.74184480323979;
  -0.1651955573379422, 0.6219383106229914, 13.71794479270882;
  -0.1140401815569825, 0.1866577543995175, 15.26723803137683;
  -0.2659063940528439, -4.575034480775619, 34.18148016603809;
  -0.239028601036266, -4.530907034773492, 30.65615470079086;
  -0.09238475296656661, -0.04741809453110141, 15.34132285160624;
  -0.2209171484851857, -5.643292020196796, 34.85891230889759;
  -0.1484818902362061, -5.722431763812398, 33.36221627045816;
  -0.07405632163388043, -3.678074761288404, 27.56600231949795;
  -0.04249090919098516, -2.920323355212771, 26.07851763117703;
  -0.008758788284268876, 0.773205622483179, 11.67217751196977;
  0.01797618755302547, -3.437863657799117, 27.3715331948593;
  0.01871927993362072, 0.7544396147381999, 12.47288729845954;
  0.042581110267919, 0.2277475422340876, 14.17894028565335;
  0.1087977503420297, -5.009112670747089, 32.44685733110782;
  0.159541014644193, -2.486207379355567, 27.71147685626097;
  0.0937913251529351, 0.4549702225378123, 15.07395486658066;
  0.3021423388568294, -4.545298146505094, 35.2824537584218;
  0.1007200870541699, 0.5926474640289183, 12.62375966735267;
  0.3052380315058382, -4.452966153586496, 31.26805414679414;
  0.4508441234777622, -4.677991133017357, 30.08080304050843;
