m=[-5.565540128970452, -0.1897586832451395, 8.422446883556614;
  -5.271259410227679, 0.1354974349393801, 8.09667771212612;
  -3.804002304407748, 0.2806667128137312, 6.376853034634795;
  -3.792939751603353, 0.3035836621542545, 6.419434150560006;
  -3.636644873484867, 0.3687785343682936, 6.377744861717098;
  -3.601407186138885, 0.2977449000675518, 6.406028920590806;
  -3.60029646724382, 0.3627936606381178, 6.421760191805697;
  -3.597400332845459, 0.282934133379608, 6.438358631707273;
  -3.573448232625073, 0.3034113240245692, 6.435878077904421;
  -3.55835663885922, 0.4712494036000301, 6.41700247882544;
  -3.554099586809454, 0.4059263708129043, 6.430118039596152;
  -3.523340527130345, 0.3597629190681166, 6.436111430847894;
  -3.48794826358841, 0.2949383109808267, 6.380794016821982;
  -4.381319677041018, 0.1652425509378513, 8.592354390882711;
  -4.416567670556562, -0.1739442639921845, 8.657436470030124;
  -4.365938722797071, -1.896295399359924, 8.589555154871999;
  -4.327076625014358, -1.915111163871499, 8.541459025128653;
  -4.354959633570715, -0.1620567025479537, 8.627955522191451;
  -4.409652789383598, -1.128936026924161, 8.709474493648099;
  -4.298229319927124, -0.1896014282243227, 8.553142230714238;
  -4.301234125051122, -1.12646556590622, 8.64245425226159;
  -4.36209273884983, -0.3892847983063416, 8.838652257595582;
  -4.289199365599308, -0.5365683432008999, 8.72707501317395;
  -4.35231011978326, -0.5626491693404837, 8.934842856690169;
  -4.200007887892306, 0.0548646771501905, 8.673405744379025;
  -4.327937000788491, -0.3993653864400307, 8.910840338624187;
  -4.275489577314854, -0.7414924326202036, 8.896276131628273;
  -4.267958128506449, -0.5645098315480187, 8.902551909599794;
  -4.178410638620409, -0.2983476368800715, 8.747440578999539;
  -4.12768661628509, -0.8824153405100065, 8.656522872973719;
  -4.113478941445994, -1.998182770498017, 8.692835792629133;
  -4.090010266433961, 0.1623355002605839, 8.723171949231631;
  -4.151058884931818, -0.3497188942538081, 8.844676200757398;
  -4.135945049351026, -0.2717686327509883, 8.820636883669678;
  -4.082750948298834, -2.029060202444208, 8.725885470145522;
  -4.125517490149266, -0.4379112319138487, 8.8424671983653;
  -4.072916050474491, -1.130427326304467, 8.730783173168096;
  -3.980898735954414, -0.02911956288785007, 8.660233151054518;
  -3.964901842338228, -2.033003662541221, 8.956880758415876;
  -3.979310732086904, -2.133661243786177, 9.18070252692559;
  -3.952182680075447, -1.126498903837091, 9.221390686440893;
  -3.925492014435521, 0.5600713408952892, 9.328446340498825;
  -4.047019680134284, -0.2950799203833736, 9.596410627693267;
  -4.065230869782298, -1.130857160953625, 9.655355861232682;
  -4.051165335969077, -0.2128119628100731, 9.661980426697278;
  -4.038678794435477, -1.942339241881513, 9.615243996617355;
  -4.067257167820308, -0.1758042367044507, 9.705988327416902;
  -4.006453635659806, 0.6109307391744897, 9.59331446265487;
  -4.211292477913375, -2.370767843339645, 11.00636361466463;
  -4.367278762342708, 0.3862716962574819, 11.49634014670361;
  -4.508605369120518, -2.50603457541144, 11.99378737160789;
  -4.492608075676138, 0.2616873072481726, 12.07247312854236;
  -4.525241067786953, -2.784744278883808, 12.19253057231694;
  -4.502386179409706, -2.92250946250667, 12.22222228987517;
  -4.600690316016974, -2.982612162045993, 12.75039283335441;
  -4.274147444192824, 0.5682900648931762, 12.02362614362282;
  -4.764535759113662, -2.835109656580588, 13.26535017275928;
  -4.844958999631475, -2.930422570350551, 13.77707642431775;
  -4.689252604510724, -2.742448433283387, 13.47357345491263;
  -2.055645523753581, 0.983708124534062, 6.63430531499768;
  -2.061959383383182, 0.959550283354258, 6.656434365197856;
  -4.838131322060424, -2.824331082986916, 14.36034540155346;
  -2.033363552788726, 0.961861663815941, 6.686500726316669;
  -1.989483337984044, 0.9713255445246193, 6.597032784028952;
  12.5900262163341, 3.379821122913728, -35.24380896990937;
  -5.209516464729589, 0.6041751544575942, 16.01892801682059;
  -2.007898778906021, 0.9625946062217551, 6.837786100106391;
  -5.362662197808627, 0.5925349903119977, 16.76423681827651;
  -5.646681398907112, 0.5260797605609281, 17.77170397433377;
  -5.752564574836064, 0.07173954814135967, 18.17482695923283;
  -6.072189455610473, 0.4438116964271804, 19.80246186209822;
  -6.04523812030058, -0.003806479528582691, 19.73009782529406;
  -7.320682947542971, -5.424843300140528, 23.80371824683084;
  -6.423600260729266, 0.1966052576601763, 21.06294161157031;
  -6.960137712383664, -2.658358350286223, 23.37736521857216;
  -6.867015211270856, -3.276384975761597, 23.05807679677919;
  -7.465943834318924, -2.884244996146547, 25.22726359385821;
  -6.426821135777829, 0.4175325041357689, 21.92608587988689;
  -7.257843125723913, 0.1493765509452559, 24.7040539627866;
  -7.547663185281054, -2.768831456449435, 25.74335498223191;
  -7.200866101157976, -1.048165491958509, 24.66232686928822;
  -4.663729664803703, 0.6081855681396448, 16.42292032427033;
  -7.074256784183095, -1.624852370669007, 24.43455691005919;
  -2.134312029222446, 0.8778196500236919, 8.092077063742012;
  -8.124206097023814, 0.06989827234343626, 28.26392928950327;
  -7.438115463403226, -0.803616524406637, 25.93542732315198;
  -7.946746064893094, -0.6024362325394749, 27.75681371587591;
  -2.102089330285331, 0.9149985569412396, 8.08680390467287;
  -8.494713860555457, -0.425072982453758, 30.14612902400768;
  -8.665766801930642, 0.2301776704616309, 30.7896189415435;
  -7.682890814416199, -1.17670813907987, 27.47053209886791;
  -7.784554125791416, -5.479855699367098, 27.75260785802666;
  -8.407375907033838, -5.588964163575848, 30.096449587596;
  -9.465225446943778, -3.604574750676946, 33.92216479513645;
  -9.489856666591255, -4.255063254661852, 34.04368270929026;
  -9.365593194664003, -0.9582596377448198, 33.72399143634956;
  -8.370957080847997, -6.997932990983648, 30.21450160916688;
  -8.403032435819339, -5.780529186385493, 30.37026493133675;
  -8.158537920410119, -6.32311762325839, 29.60491415023109;
  -9.750230038063958, -5.144696331953764, 35.20249022547193;
  -9.664375297788011, -0.8124231272838424, 35.05149445752502;
  -2.311398215405027, 0.9005259995763325, 9.146709428293624;
  -3.902438057549351, 0.2736987509369331, 14.92601085001278;
  -3.979093649475437, 0.1656242233103751, 15.20196811018659;
  -10.70883829203107, -4.260886984762206, 39.36485495313191;
  -11.04154844673029, -1.834855934592046, 40.6268179920117;
  -9.507971816362163, -0.5111543320456189, 35.26569049003268;
  -2.41306524543279, 0.8376832571646351, 9.673460443691647;
  -11.96175956457678, -6.02360021816136, 44.19023873504818;
  -10.84754783685946, -5.770692660973277, 40.45027537924624;
  -12.64087830228861, -2.234235811007994, 47.16168919172026;
  -12.68576213463688, -4.842802965677016, 47.41025235499046;
  -3.694508996549732, 0.1743628319325193, 14.50666367912701;
  -11.9142196859713, -6.641097856114313, 44.60256489388328;
  -3.72014028393078, 0.1755725038694423, 14.60730613690615;
  -3.76960969696705, 0.06479123206831189, 14.8442391554911;
  -2.851064241267126, 0.7720165648738445, 11.5296577640434;
  -14.15417053846533, -6.554726185037628, 53.65866942169738;
  -2.531954715766953, 0.8155902407967233, 10.41340886715372;
  -13.75695240374264, -4.506331574796212, 52.58092924699489;
  -14.21266805929748, -1.678514495366486, 54.77601570792054;
  -15.37548499560075, -6.100785894466207, 59.14979181947275;
  -3.545261200099708, 0.1367736761520245, 14.38748874075179;
  -2.354556409505991, 0.858035804871665, 10.00973172399455;
  -3.641033758540249, 0.1916723581624332, 15.00920261963119;
  -19.64136209882421, -7.250908382929314, 76.80692954017586;
  -20.74942000128328, -4.364119371188198, 81.38645073764775;
  -17.92772613643466, -7.553910161598389, 70.61748428289178;
  -23.20549886062389, -6.415162869190351, 91.4659655271844;
  -24.21669928614477, -8.98957844524096, 96.07968156918747;
  -18.15032282716597, -7.277920412636876, 72.27172903779359;
