m=[-13.81556279463992, -0.7001878265647918, 17.33765179934707;
  -13.74858044158841, -0.590471723200612, 17.30723881572689;
  -13.83577944846123, -0.3280487888649883, 17.4329648521371;
  -13.83054832585717, -0.001161643095804817, 17.43424895859672;
  -13.72314681546603, -0.9847709724237995, 17.31785485071224;
  -13.59235281781314, -0.6551424807322375, 17.29344155180008;
  -13.55875400227165, -0.4807639355817071, 17.26553894630593;
  -13.59050586844512, -0.1606273316717913, 17.30939928443155;
  -13.55881645230562, -1.218543037743953, 17.27851258653066;
  -13.57841043620414, 0.05924084236517949, 17.32838428241925;
  -13.31757603504103, 0.39294953095964, 17.02140514963337;
  -13.6335773089286, -0.05051816687035624, 17.40282934317551;
  -13.35134741187988, -0.745548720733948, 17.10926478131046;
  -13.14982512443784, -1.077119282258096, 16.9825260469423;
  -12.90760929969969, 0.2355146237628351, 16.72676853698177;
  -12.96563361160718, -1.319981496399097, 16.79619562701207;
  -13.08995967869693, -0.8935661858243742, 16.96732595053801;
  -13.03416255145395, -1.589531884997703, 16.90545909344075;
  -12.35467461975711, 0.1896921171037896, 16.15552755154763;
  -12.79733394231661, 0.3926148454636258, 16.71813303915677;
  -12.89700844201599, -1.173434281859345, 16.85230227365143;
  -13.02391006178302, -0.9873166653052973, 17.05341975592097;
  -12.44477295551899, -2.409660589109368, 16.32685212985079;
  -12.37006345462456, 0.3604530351672781, 16.32883301541101;
  -12.5910089405679, -1.399572824842833, 16.65074727960148;
  -12.46046782686263, -2.507058545086129, 16.49827955959968;
  -12.91184048744285, -1.232284864695331, 17.08123861900641;
  -12.39176072337525, 0.1794865275035954, 16.45781886182444;
  -12.46795244751149, -1.639828333980561, 16.54060233492044;
  -12.62616906449356, -1.705359083175478, 16.74103025311926;
  -12.60101997541783, -1.287283772703666, 16.7137736559665;
  -12.70712947485513, -1.186902973701888, 16.93999888365032;
  -12.93048117115331, -0.6981004124809116, 17.23040422771738;
  -12.40030711772307, -0.04390071472591706, 16.60154832367824;
  -12.78635431221477, -0.8530827114328515, 17.08662464388796;
  -12.6122500536906, -2.057108046341591, 16.88043692684441;
  -12.72983997732823, -1.76993162201874, 17.07586329801742;
  -12.66761999845129, -1.523053000924021, 17.00845065171543;
  -12.71811161211012, -0.964888733232697, 17.082987911837;
  -12.83884262505411, -0.5653613446690033, 17.24149222257562;
  -12.69169074919953, -0.6701950350952027, 17.0766461944088;
  -12.68459050552679, -1.975495988647243, 17.082701502962;
  -12.62261478398037, -1.150472858014757, 17.01633446200611;
  -12.71416675245046, -1.460705638922546, 17.13394959540256;
  -12.68718088118997, -1.816034514119015, 17.10555799694901;
  -12.78130980351881, -1.711529823855746, 17.22800132857932;
  -11.5761324282777, 0.1442893299725466, 15.71112582406476;
  -12.68493976998866, -1.255807873232785, 17.12049932671257;
  -12.72727737663816, -0.4445815709045273, 17.20253928940037;
  -12.68306364903021, -2.202455875488499, 17.19111196827344;
  -12.54774624405013, -0.7014843081777398, 17.03583289406933;
  -11.87709280969513, -0.06743709012740139, 16.32433239438765;
  -12.02301181252751, 0.3866524742679424, 16.51779914226934;
  -11.83602589864148, 0.3392900576990487, 16.37885936616722;
  -11.87440739905159, 0.1792568822427539, 16.59858495286825;
  -11.59821380595717, 0.02467237021350746, 16.27560700914807;
  -11.39989564110771, 0.1716839743186134, 16.17273453511011;
  -11.23476767421762, 0.2585433487412837, 15.9954381767851;
  -11.850681761799, 0.4682510312490499, 17.00890470519777;
  -11.86587723232446, 0.02465212430541092, 17.0360990764792;
  -11.54600106100237, 0.02647713065394683, 16.8051562873328;
  -11.46787820822018, 0.4168193199907928, 16.71851908472397;
  -11.49891075635063, 0.4327370514037287, 16.91910008336815;
  -11.70511447813792, 0.06785157816871236, 17.22224589088793;
  -11.38645102336113, -0.1328131626418835, 16.79764288688907;
  -11.13662859509121, 0.1744644883295792, 16.58769732641521;
  -11.58197950176145, 0.6874389551811379, 17.23674753761824;
  -11.58344097404585, -0.004802435148788298, 17.2589268874762;
  -11.63469376782391, -0.1234234088803029, 17.38985545147303;
  -10.96968972884543, 0.5072987905883175, 16.53226749814725;
  -10.98593794441185, 0.7101964059854666, 16.57134491489137;
  -11.41799046803705, 0.2162300167718929, 17.1823572964116;
  -11.05293254310086, -0.02093010663137046, 16.70343483441071;
  -11.29497621061788, 0.07877144815025203, 17.05531420997307;
  -11.08694128974794, 0.4763439135642128, 16.80315242709237;
  -11.14252979382407, -0.107550422749219, 16.8803383979093;
  -10.9327937867802, 0.5720447283922191, 16.75292090005959;
  -7.49294575596031, 0.5827108046843977, 12.47709110526231;
  -7.574840702140317, 0.5588865278798458, 12.69811163425126;
  -7.470979559257428, 0.651738185117439, 12.55356186368775;
  -7.612841802959864, 0.6093253637805846, 12.88450116616616;
  -7.21622386940938, 0.7317702318522418, 12.65541077152896;
  -7.172637777808625, 0.5929949622452989, 12.7583810068491;
  -7.150122504962295, 0.7205015312453119, 12.75349752073385;
  -7.120888937808792, 0.5600551381830098, 12.7444355690895;
  -6.992185303777686, 0.5936865634361943, 12.59311711930703;
  -7.026102002421887, 0.930498742626255, 12.67060009490111;
  -6.94224417796976, 0.7928984305670674, 12.55998838347631;
  -6.849179252349178, 0.8407052633339496, 12.51344248517492;
  -6.994344384062155, 0.714181820690305, 12.77661909058041;
  -7.032686829016897, 0.5946787676470289, 12.86547925874542;
  -9.131476745521544, 0.5794241398892005, 17.42629015510011;
  -9.212680473600646, 0.6653105402060687, 17.5861215282551;
  -8.797336242189566, 0.5513609812930285, 16.99784543653626;
  -8.958144361247578, 0.4226668670653408, 17.29034601610243;
  -2.174600968989571, 0.9160693203319937, 4.854125517931291;
  -8.187966470545682, 0.5665096637035063, 16.04531082534743;
  -9.06096196030386, -0.3568613631244602, 17.76146283269898;
  -9.00343492283227, -3.910538673723129, 17.71337294523981;
  -9.021200046220542, -2.30956000952898, 17.81770934297023;
  -8.948840841184031, -0.3330041516733137, 17.7292575016591;
  -9.052647867862582, -1.904701754782418, 18.07761233473995;
  -8.796337198035468, -2.303704162946301, 17.67444868409364;
  -8.915237919417322, -1.466720421325291, 18.05066344715512;
  -9.011469259432971, -0.804207568046143, 18.25941076510488;
  -8.830137161736792, -1.104628547954612, 17.96635288281232;
  -8.702453184237603, -0.847111992837884, 17.73363412577343;
  -8.96926437715738, -1.159510469730522, 18.41297277639789;
  -8.927716584080764, -0.8238153612168832, 18.38138056416659;
  -8.751872914275433, -1.51782560098405, 18.21056435909043;
  -8.718015677530818, -1.153105399203654, 18.18494577056291;
  -8.529958319044566, -0.6090576363295647, 17.85734098212543;
  -8.862690732885973, -1.48780858462242, 18.52674148971331;
  -8.336922000237268, -1.78226414685175, 17.48406860649791;
  -8.234074349752856, -2.090360431309912, 17.43663019781966;
  -8.496132900866549, 0.337217731716138, 18.12054820644781;
  -8.587648742617395, -0.7234932352826863, 18.29773427931988;
  -8.463133031339574, -0.5561036390166207, 18.04913326383542;
  -8.342263177278799, -4.145967859828716, 17.82955511334291;
  -8.288530535250871, -2.300460234348563, 17.76745752445051;
  -8.454258078722083, -0.8973939824545125, 18.1205145599589;
  -8.174125265090009, -0.05979226564096113, 17.78237410619114;
  -8.155350350065586, -4.181656391577276, 18.4232809621246;
  -7.810401750457548, 1.556573426156827, 17.89957272849356;
  -8.044641022635107, -2.260998660746973, 18.39303183431912;
  -8.109321116790465, -0.8354975244436157, 18.60293717389247;
  -8.129247220960744, -4.358810081519822, 18.75505722679192;
  -8.340693271018539, -4.164954190088455, 19.22894567708634;
  -8.169814792221031, -1.780333535510849, 18.9160078787247;
  -8.613580715222344, -0.6909907151087832, 20.04096918981731;
  -8.165746534464342, -4.464777034689908, 19.00855934330066;
