m=[-4.167712354501286, 0.7824181168263538, 6.035829260547142;
  -3.880152566374794, 0.8641540020074704, 5.916365467706457;
  -4.21335929199928, 0.4615389847208457, 6.383178836764461;
  -3.955621221847891, 0.4243481479027184, 6.149773400671802;
  -3.72241744476446, 0.3297276414281797, 5.884991307065167;
  -3.600862417300556, 0.4769316842553534, 5.886504109919811;
  -3.546932499752765, 0.8769422255215447, 5.864530935743848;
  -3.574868456546214, 0.451120349476386, 5.918437699718027;
  -3.541288512519706, 0.3374298862795613, 5.953285606918628;
  -3.51521995265798, 0.5017665052233036, 5.917719073008953;
  -3.496589352194999, 0.8017494504498989, 5.914255003891633;
  -3.397753980572989, 0.3220110328330353, 5.811871205812935;
  -3.468534090908433, 0.3896730389270133, 5.918618014192957;
  -4.337166064804623, 0.3431696245159774, 8.06687716684209;
  -4.35809620604127, -0.1333051240972208, 8.157030966818869;
  -4.33313536221095, 0.02201865073889965, 8.120489975735813;
  -4.324317571411301, -1.080534854705431, 8.166069822027737;
  -4.240327503701184, -1.082964065067749, 8.143882260009402;
  -4.262672299722339, -0.9465312666195822, 8.188521390772719;
  -4.287486066489741, -0.7308374310538639, 8.294881575007882;
  -4.284874691260528, -0.6177400730264721, 8.294220260926856;
  -4.27098986903812, -0.6695736177886065, 8.271228258779306;
  -4.29299598103376, -0.348788117187411, 8.322126334961808;
  -4.227055787704905, -0.5977130105002801, 8.238091514090957;
  -4.271700466167633, -0.5170122573655517, 8.3958028020934;
  -4.209797267220686, -0.697382818487385, 8.384895895724805;
  -4.202604053799146, -0.5225863660259433, 8.38945917826646;
  -4.137417763664791, -0.2579032637962536, 8.279596155382684;
  -4.082687267136455, -0.8548735279371442, 8.186977222857598;
  -4.21070680390033, -0.6736667634797885, 8.432849546041542;
  -4.211492544189663, -0.519720770471174, 8.43843691496763;
  -4.098092640151499, -1.011116108694344, 8.293233702115886;
  -4.010128930674995, 0.2014499734395205, 8.178856074623289;
  -4.074338761823412, -0.306011602295804, 8.310326437211126;
  -4.055866449229452, -0.5923109270769322, 8.312801600741526;
  -4.052112305842571, -0.392193476226894, 8.311451696317384;
  -3.999818590097071, -0.2444814040113029, 8.274632587975361;
  -3.789252313787723, -1.804119151561066, 8.192496494679329;
  -3.793591974095151, -0.07646685265098113, 8.224472604612265;
  -3.777801181986745, -1.03767525023949, 8.286438518319061;
  -3.954879052902905, -2.105409494317258, 8.770899777119242;
  -3.970238706575807, -0.8322954040052659, 8.827124871295716;
  -4.01459981604926, -2.060089577672706, 8.935879321942277;
  -4.085337073314585, -0.2869793667802071, 9.145645139777015;
  -3.997129580878938, -2.060809881746258, 9.065430067650615;
  -3.848038000619416, 0.6012181720274451, 8.780613316716986;
  -3.999105864275252, -0.2492444050828447, 9.120583523297;
  -3.985400820551357, -0.206904705520712, 9.257504862864737;
  -4.118420148572683, -0.6684406009600045, 10.39307798319646;
  -4.321888849191681, -1.137923685883286, 11.0232936562902;
  -4.243829143780161, 0.5420684679743401, 10.89987908469911;
  -4.43069124281887, -2.666238719402935, 11.35457654800914;
  -4.342545371654873, 0.5011233047473357, 11.16810102948414;
  -4.398324297018855, -2.426539991392322, 11.41055411875081;
  -4.374381506748409, -0.732559749106063, 11.4866888158965;
  -4.40018819792846, -2.845791106193736, 11.67313216420268;
  -4.518827434643028, 0.7163430316641961, 12.02073031216737;
  -4.266749277249164, 0.6364020640549853, 11.6830113639785;
  -4.599782341590576, -1.188912124786494, 12.59416453457069;
  -4.55087174154576, 0.5042482581709564, 12.54077479439705;
  -2.062801618045524, 0.9689089769754483, 6.228683303020655;
  -2.019554180756591, 1.018049687009405, 6.135642401693725;
  -2.010883419354791, 0.9878698821099826, 6.117901256306546;
  -4.741808318819379, -2.4971027034895, 13.16743307646583;
  -4.615856538616898, -0.6759490832013405, 13.20250019769629;
  -5.021667460976704, -2.807207305220409, 14.88530675886563;
  -5.307688980367729, 0.6733129249609009, 16.37178236730274;
  -5.506138752079099, 0.6026490085389843, 17.13372236107606;
  -6.075466849269717, 0.09357235152599853, 19.67385877045821;
  -2.116430609463141, 0.9754031923855461, 7.474408325709002;
  -6.291590949155202, 0.1751111698910913, 20.71647674247549;
  -6.214661294869798, -3.409148193329346, 20.70301091741013;
  -2.075291575772014, 0.9130377660964687, 7.543554987605769;
  -6.116957514267672, 0.4020562309736527, 20.43013730699784;
  -6.566907665765931, -3.231249549335041, 22.0454758659334;
  -2.060636332118981, 0.9575110831288493, 7.595963960202433;
  -6.890112253652163, -2.575749746685119, 23.25396461067125;
  -6.361583558142965, 0.5190767337979548, 21.59505493118613;
  -7.217925853199788, -2.576488024223841, 24.61887806795036;
  -6.986307463584249, -0.9255860539705365, 23.9061961465927;
  -7.471316867801058, -1.485723066455357, 25.60763018373591;
  -7.647357198284076, -1.657247016391156, 26.35086525998137;
  -8.022264666112836, -2.718785367076294, 27.85233699204638;
  -7.262224275321367, -1.423279554086044, 25.34054653108187;
  -8.800932806484187, 0.221175756599369, 30.53564289611692;
  -7.364155436452427, -6.158058864024928, 25.77800820261836;
  -7.905482451248322, -5.391613559928664, 27.59599067660268;
  -9.211777444112347, -0.5459345379925585, 32.18170965666928;
  -3.911419671322322, 0.4080356939055159, 14.24005431260546;
  -3.98302504582003, 0.5518954495381051, 14.5228751057092;
  -8.647917570542756, -0.9226291352824629, 30.79759067297443;
  -8.647218645458866, -1.316572133556696, 30.79847744062312;
  -8.565617142204031, -4.197154202281427, 30.54757671779974;
  -8.086504192406643, -5.693252604510086, 28.95297354810259;
  -8.466353459768163, -5.594673653338533, 30.43043639152621;
  -2.345245643129459, 0.8803767603695805, 9.113552111826099;
  -7.796860708777377, -1.284206415559079, 28.15735196243131;
  -9.671768624137329, -3.599530695656312, 34.84508575945296;
  -9.110362415924744, -0.4110397869921528, 32.87541472009451;
  -9.129259451442685, -1.043512880891697, 33.05270929803849;
  -8.409870381380248, -5.765751539762739, 30.54083956839998;
  -9.810376554068652, -5.100321480685371, 35.60755853740661;
  -10.67865423452633, -4.161748126824312, 39.5756170909972;
  -11.62599006510465, -1.833215189718223, 43.12394915855031;
  -10.73585853423201, -1.165615681324279, 40.01584197402634;
  -12.43363268892606, -6.165897910812549, 46.34720919575053;
  -10.32187927824447, -4.487522498532371, 38.68078208477561;
  -12.93381775961641, -2.111580723582864, 48.68217572840293;
  -3.710148845791726, 0.09537829538228063, 14.64022075558454;
  -10.35673456917887, -5.708790005897, 39.21988944656048;
  -12.19209787191884, -4.950889624087243, 46.39906701675616;
  -15.84905281680111, -5.643902401943981, 60.36501320636992;
  -14.12978176772701, -2.260859300964389, 53.97258429124982;
  -14.5127692465691, -4.602464861622059, 56.07620124131133;
  -3.663391765455957, 0.1054052990843115, 14.96233179790907;
  -2.744443007295427, 0.8307237881969708, 11.5134364038658;
  -3.324280632322191, 0.3531184464380763, 13.83780898105966;
  -3.316530097438125, 0.1910721524571277, 13.83453171260582;
  -18.56157152797429, -5.339784654124569, 73.31329170665178;
  -3.44596024982981, 0.2879979028223118, 14.4104015837709;
  -22.50008308935441, -8.103646969953214, 89.27419961220095;
  -2.890827151020904, 0.8152377509679467, 12.2865573352135;
  -3.653234013669731, 0.02817204322342816, 15.32046246511213;
  -22.48717405834176, -4.422862367857214, 89.54377870886673;
  -23.29997933141635, -9.621205707701929, 93.00875471731017;
  -3.285978713390033, 0.1499358985518963, 13.93532731227861;
  -4.8766794910507, -0.2758450539224452, 20.24975690203927;
  -24.0872822991868, -6.293114559542993, 96.46739408100598;
  -2.485565532592128, 0.880142958744316, 10.83632089011796;
  -3.137283732465979, 0.7907899803020426, 13.54622391180962;
  -3.658942314722846, -0.0224987308591801, 15.72652808054876;
