m=[-6.094541762291814, -0.05972886393399126, 8.356844946166303;
  -3.565909650484228, 0.2815177053497564, 5.3384321642356;
  -6.095046348379582, -0.06451727027539668, 8.480213842028888;
  -6.128411127136415, 0.07299526130620998, 8.568079847825205;
  -3.514691313969275, 0.3549227170992184, 5.33484916778469;
  -6.072636925127098, 0.004983931111747076, 8.561448293203373;
  -6.125661209291605, -0.1914597000180723, 8.645862541549723;
  -3.391199003258749, 0.381188614128368, 5.246618411441841;
  -6.077114933105013, -0.3977224805856554, 8.616315653326383;
  -6.08123482345731, -0.2806729045263375, 8.624152756542094;
  -6.036331778302854, -0.0622284306028247, 8.5885468817327;
  -3.376257436594074, 0.6662976810613175, 5.252164018714471;
  -6.088455721532348, -0.4737625755219639, 8.672572900812693;
  -6.04614708220707, -0.5436761988771979, 8.624389870225999;
  -6.072681471116034, -0.7661771987672378, 8.716142806238524;
  -6.099342391494216, -0.6172933367040017, 8.778820630474248;
  -3.268411238179048, 0.5507082400151299, 5.227205412672742;
  -6.267710966102404, -0.174859372646803, 9.269912094601153;
  -6.277823013607533, -0.07554336152235248, 9.287052830735766;
  -3.179915441724776, 0.4256302422760498, 5.29209666018769;
  -3.152537402364813, 0.5417684339400799, 5.272545966659191;
  -3.13331570488303, 0.4622833922602111, 5.267002793052436;
  -3.132527129305586, 0.5092781213067654, 5.273281178455302;
  -6.206211149496903, 0.03113937035052009, 9.559840066052598;
  -6.282173380521575, -0.02920128034692266, 9.884464498392738;
  -6.091409269419826, -1.91197215044716, 9.66381062618043;
  -5.987615308705983, -1.586608693784712, 9.626943318934492;
  -6.114891344031428, -1.809582738169637, 9.824633909681825;
  -6.255547456867486, -0.08136768149825081, 10.13689822650205;
  -6.289723393731737, -0.2846184430977056, 10.19972849139589;
  -2.723073393046664, 0.9514580088003599, 4.996451836990224;
  -6.185480683235728, 0.07168669042979639, 10.11218753781776;
  -6.320691586496029, -2.008001621686935, 10.35177953674286;
  -6.293570658492365, -1.835891517187439, 10.32399995510166;
  -6.215412037702929, 0.1107601665839899, 10.23154523377711;
  -3.090352610743671, 0.6175781504722825, 5.763578106142061;
  -3.282562336346212, 0.7590088900644409, 6.066798996699958;
  -6.274873212202688, -0.2059322350733261, 10.7950142459342;
  -6.162237019290145, -1.118503129757318, 10.61952598114241;
  -3.226272212661427, 0.7822849832549187, 6.079624826218922;
  -6.249234898216515, -0.2207224186159218, 10.83462262342267;
  -3.282588849486237, 0.8571445417725973, 6.178232711953632;
  -6.106970170792835, -0.2792083833003224, 10.84270357362521;
  -6.211668585814033, -0.5604575410022238, 11.07919641317604;
  -6.148676937158557, -0.3437892860636136, 11.0161711267807;
  -6.004773621519675, -0.03666581659963628, 10.78778293553035;
  -6.088341986405321, -0.5097245436815912, 10.93101135666989;
  -6.099754265522489, -0.1762301174490978, 10.95332430822881;
  -6.096965757241072, -0.5970000901159477, 10.95071662880745;
  -6.106923405771421, 0.145139948280871, 10.98239098396863;
  -6.110710855402135, -0.01403469871293141, 11.00146358170691;
  -6.068062778556915, -0.2401021826434305, 10.93179126244761;
  -6.07720823800941, -0.05967162478809295, 10.96898691873255;
  -6.104432640300848, 0.09465293979002956, 11.05593366348951;
  -2.421746191553116, 0.8755480247336352, 4.990767814589152;
  -6.158543132012192, -0.1026657303761679, 11.23197617635546;
  -6.114514573566316, -0.5481495589042355, 11.1862190733283;
  -6.114203680622904, -0.6520666550855427, 11.21420602666812;
  -6.211467802121589, -0.192163089813736, 11.39699361064121;
  -6.094161114451185, -0.4863071546853076, 11.34828336066294;
  -4.494782527413435, -1.923324885360037, 8.656086611948405;
  -4.50891089945886, -1.876646993240048, 8.681875898371478;
  -4.49570066044792, -1.773153694469653, 8.721577328601574;
  -4.472890447688741, -1.886548600023392, 8.79961753828908;
  -6.683241616627288, -0.3330686448440232, 12.77108401803709;
  -4.589097278073773, -1.712282544420857, 9.099028612807864;
  -4.465905902125982, -1.872656448359931, 8.895186126195409;
  -6.826558926773982, -0.224690512818877, 13.09339709160648;
  -6.750405634273633, -0.09336734757304578, 12.9816112751389;
  -6.61843251579081, -0.4181931500400482, 12.86535407144433;
  -6.687518695441795, -0.3511054367016065, 12.9948902966087;
  -9.800890989454718, -2.409347095437192, 18.67961366347845;
  -6.618555459398207, -0.2757384927033487, 12.97750597045897;
  -6.722912876175134, -0.1756861240970072, 13.17706710159995;
  -6.485420857566319, 0.06157687900871463, 12.81868419300354;
  -6.590473382714328, -0.3003756167125036, 13.13264824889488;
  -8.113437193015418, -0.7629775326275479, 16.02276728046052;
  -6.471263145140137, -0.2260726876172805, 13.06013220227413;
  -6.418129287761533, -0.1316344421096814, 12.98425571697093;
  -6.348395762924064, -0.1392615935583951, 13.00795792825556;
  -4.079930984363235, -1.879094692674623, 8.732664282032754;
  -6.328629574096444, -0.07116375678759346, 13.02215179277363;
  -6.459232130292626, -0.4517252906674721, 13.28191046385451;
  -4.813642396734724, -0.7551638837880272, 10.22146289975622;
  -6.270763197237239, -0.09812072461525453, 13.0272048874886;
  -10.01250735872377, -3.194999698505626, 20.2695480611741;
  -6.147031639421605, -0.04349290239800389, 12.99932029742758;
  -6.167480744754677, -0.3436053491834872, 13.08302438374092;
  -4.02839079106592, -1.862408288342046, 8.894836141337466;
  -6.215800115985381, -0.3947124152084464, 13.41543070348589;
  -4.661824154685957, -0.7077566655844904, 10.46197139038282;
  -4.687313602747058, -0.8157238011845599, 10.52051939653356;
  -4.607192222532807, -0.3545227422389194, 10.36626127477775;
  -4.06704237815573, -1.684409429964988, 9.319991080496983;
  -4.505006794925353, -0.8519958360604287, 10.33315553650895;
  -4.341891713563777, -0.8424969424837736, 10.18800431781444;
  -2.422273232873982, 0.8897199915082653, 6.228742791977494;
  -3.100975888829358, 0.6313563737632525, 7.798879950556366;
  -4.303385732851615, -0.8337805908495525, 10.48093710506168;
  -3.074664095448327, 0.7026123842135793, 7.800500044973703;
  -3.043963333515675, 0.6934460139051517, 7.741913101832665;
  -4.280480153665059, -1.320615930441792, 10.52296864842224;
  -3.057908015802273, 0.6204854758181867, 7.810542695306149;
  -3.015375617104685, 0.7146941292757771, 7.760758301972466;
  -3.009809489235155, 0.5722735887660486, 7.801043370785386;
  -4.089008691877219, -0.954808993205172, 10.27227464666527;
  -3.515711652319294, -1.931070738668341, 9.036178583262418;
  -4.023939893104108, -1.155920419444803, 10.20882889246454;
  -2.961271703958321, 0.6063713007606147, 7.798622027018396;
  -3.877694129911686, -1.556647716601785, 9.897970151765247;
  -4.07818681401552, -0.9081885331757712, 10.38269515182151;
  -4.066082343312254, -1.016432011906768, 10.35434590649903;
  -4.133370505896671, -0.9919364954004142, 10.55972461150709;
  -2.933835830602304, 0.6932967308835665, 7.813058553261559;
  -4.007272044993657, -1.013609881799667, 10.32164098664672;
  -4.069061694702093, -1.230186969538845, 10.50313585711057;
  -4.103158642726824, -0.9553153811769948, 10.72180933277974;
  -4.015676760986448, -1.22813175802178, 10.51671925730138;
  -3.986284623999659, -1.298930051841848, 10.45005626487872;
  -4.030257170112265, -1.393747098492326, 10.64565366986298;
  -3.930620059858556, -1.312352897953953, 10.46904644580093;
  -4.014313347207836, -1.304293065446502, 10.92326086142455;
  -3.696706250024676, -1.838720573741758, 10.22915638542277;
  -3.824813424028607, -1.99184336103889, 10.60552883736929;
  -3.737036298437179, -1.913507604708509, 10.55060841279578;
  -2.698307674083114, 0.2930224699088121, 7.965047513509053;
  -3.583097670403134, -1.827484654484897, 10.27102518564979;
  -2.695622746133141, 0.3477961280316775, 8.072620204799481;
  -2.912348916453091, 0.7497418064304202, 8.771749856623792;
  -3.457397518066006, -1.857845397188327, 10.29588260768852;
