m=[-11.67214403932478, 0.02759876942068436, 15.15831175799292;
  -11.83451303300739, -0.156948070336744, 15.37016667429154;
  -11.65762789722761, -0.3311508290905907, 15.15626589812005;
  -11.8047707481612, -1.174004195114448, 15.36194790507228;
  -8.067272150170231, -1.853231499164578, 10.83089166553212;
  -5.20035440851455, 1.076429438787082, 7.366592976402287;
  -7.883250880793333, -2.249620269258514, 10.67931767706936;
  -8.108301369125114, -2.055989193795203, 11.01410931280819;
  -11.62994495064457, 0.0890027715387097, 15.35972387628721;
  -11.69143550346272, -0.1252926616259438, 15.4459949198777;
  -11.64998927433644, 0.3308891032795259, 15.40561923245983;
  -11.72308107166992, -0.3144058041669366, 15.50611786967864;
  -11.81860211092488, -0.243171527504355, 15.64569135562032;
  -5.595272615187788, 1.582582079336546, 8.017637595375291;
  -9.652614714420682, -1.556415846507187, 13.13677665536126;
  -5.668224111049123, 1.413571245282694, 8.265967118535274;
  -11.76929032435931, 0.189957015227651, 16.10460472360156;
  -11.55594417477502, -0.1132527176225931, 15.84552825163241;
  -11.40700206229793, 0.4860618387547104, 15.73605107423434;
  -5.478774514051573, 1.515602465143801, 8.09339872499417;
  -5.367109903274987, 1.599033462689391, 7.975662462395823;
  -11.62746941524729, -0.1230790619142474, 16.17763367938328;
  -11.61679645477658, 0.1383672007582324, 16.24134502982781;
  -5.293187228151456, 1.563222046270285, 7.991078940678412;
  -11.71490149488815, -0.1974121136040948, 16.46701172943293;
  -11.53850326909872, 0.009469873818391152, 16.26744696535257;
  -11.64452110831893, 0.3238193147748785, 16.41078713568115;
  -11.68730096180102, -0.3652907106212819, 16.4956555945638;
  -11.6673546493027, -1.530662007132068, 16.49253893823246;
  -11.61980762967255, -0.5362998226737341, 16.47872494799622;
  -11.75624530584443, -0.7693984887373065, 16.6683568713315;
  -11.63077376428269, -0.1199014276599802, 16.54836901185931;
  -11.62694441409158, -0.9047304247593963, 16.56175681598416;
  -11.51903685715758, -1.035804469867393, 16.43106980939757;
  -11.14293010028387, -1.620039894922817, 15.98142559751286;
  -5.407442916751668, 1.454231525047931, 8.300249449659752;
  -7.094106267189603, 0.4518142331221083, 10.57563304418804;
  -11.58232233377256, -1.461316771366603, 16.62415128625121;
  -7.047783944012091, 0.556401075234678, 10.55105714419552;
  -11.3564199531158, -1.043595088591789, 16.4229201015688;
  -6.926371708628013, 0.440447437015791, 10.46755460659667;
  -5.485917876512036, 1.446390782900384, 8.504599461386087;
  -6.742642238987325, 1.229235990828998, 10.23847855146838;
  -5.209397163518217, 1.673321439654993, 8.159206794468082;
  -6.91608563781566, 0.6984044079513361, 10.49772808285691;
  -6.826499068103815, 1.321633069188088, 10.44999444424871;
  -6.732093848164086, 1.349906174196875, 10.36351872633294;
  -6.748175536679169, 1.031164907932991, 10.38782374457739;
  -11.89756622662232, -0.143167805901138, 17.60057998836835;
  -6.70325085942742, 0.7534806724124786, 10.37078606763845;
  -6.707161772946675, 1.32364501811382, 10.43377597624912;
  -5.188745425942363, 1.527655465677778, 8.344829437239895;
  -5.308948538601218, 1.456202606082792, 8.661334241591737;
  -6.45317552928772, 1.087322457079393, 10.3206333589813;
  -11.75508422443744, -0.06392771839893098, 17.95861359584665;
  -6.471316384732824, 1.380421637463419, 10.37701351305516;
  -4.987115695377525, 1.749965110160136, 8.269412043741134;
  -11.77201210288982, 0.05906551288903643, 18.13321368680551;
  -4.96893343987272, 1.770049503970975, 8.260652547062612;
  -5.325392914562315, 1.45831561212157, 8.787282612008299;
  -5.299303273112614, 1.494898852979199, 8.753440371759375;
  -12.16577825141896, -4.225637079697742, 18.9594392731761;
  -6.389817630954888, 0.966508928577935, 10.49925829495151;
  -5.629600632768486, 1.39072409502594, 9.392711133959949;
  -5.057870052579247, 1.445969842352481, 8.575512874362532;
  -6.254868458798049, 1.000175440560091, 10.36682796632827;
  -6.19838800918486, 1.274686533595863, 10.28730512067842;
  -5.361202828415552, 1.383031157115865, 9.035950658790091;
  -11.57771578720471, -3.634014588718676, 18.36764661553307;
  -6.29101285809178, 0.8420492230129876, 10.46966460134786;
  -6.261972832713703, 0.9498712973337484, 10.45330091992344;
  -6.21634546773782, 1.068288593930885, 10.39669416727457;
  -4.960181399148999, 1.757119048675593, 8.504790791264833;
  -4.956122481917428, 1.676637949392865, 8.508759239726418;
  -6.203965607352403, 0.9153211921680949, 10.42866639036816;
  -11.28609189059291, -2.990608211992454, 18.14588301373443;
  -11.68707403262164, -3.458561442761432, 18.77731220161913;
  -12.10432054797351, -3.559129565713029, 19.54974140031332;
  -6.158192405170339, 0.9574150713934108, 10.46073222148063;
  -11.73450600557791, -0.1526340506222141, 19.0153609955005;
  -11.86939987843503, -0.5371063085653332, 19.24800957646186;
  -4.889900918354522, 1.702914481873526, 8.562161877601771;
  -11.98285980102321, -3.495508647489281, 19.65673395289856;
  -11.64057888614791, 0.2074379701205326, 19.16222266496592;
  -6.176991237433206, 1.018950715176357, 10.68074297417223;
  -5.277439704772499, 1.303692931699511, 9.300197989036773;
  -4.804575059688232, 1.773379420997503, 8.622292832342552;
  -6.178515672739858, 1.211198685339727, 10.86598036582593;
  -12.05392181597166, -0.1432600617279057, 20.34784998670486;
  -4.881088551158444, 1.585795789548914, 8.885161935704518;
  -4.859433711947037, 1.741052944372649, 8.921801637371365;
  -4.788139162697895, 1.763083543116894, 8.808693625885107;
  -11.71398065502443, -0.492983651200787, 20.08182095050252;
  -4.934797723008932, 1.724247619383268, 9.054650973147908;
  -6.053965751890135, 1.216393943171557, 10.87780884603546;
  -11.96194606226515, -0.04329179178525313, 20.52261898008511;
  -11.71168832510063, 0.3994363345409101, 20.13174270526956;
  -11.77084973395533, -0.3863022108098952, 20.25004908747694;
  -11.67349221721888, -2.118847025728504, 20.11719989077925;
  -5.172414067931143, 1.483463667912199, 9.499778260269821;
  -6.11971655327124, 0.9079734026938323, 11.09235077611657;
  -11.46913073033864, -0.07435464558682238, 20.12026399806549;
  -4.895899103182228, 1.725620763414905, 9.191048190019126;
  -11.51584259180879, -0.3665637269205128, 20.22813648226407;
  -6.149646845805862, 1.233721193570817, 11.30810792975582;
  -10.10553300914576, -3.373454325067075, 17.9446819194363;
  -11.26913576499667, -0.7402695743090865, 19.90150563023649;
  -6.462282606727884, 0.6807700892314392, 11.86849960689797;
  -11.46866434516569, -2.254065585268911, 20.2844232233165;
  -9.186041019556065, -3.897577580480757, 16.52721344524675;
  -11.50556005623694, -0.5260298859212581, 20.42770369748243;
  -11.34604496623313, -2.116983051420241, 20.16443188367552;
  -6.427203185538574, 1.486126950906366, 11.87869287533909;
  -11.29024014152901, -0.2151558047379963, 20.14583174281147;
  -11.54421123848254, -2.230387656636824, 20.60284565703522;
  -6.074025482482005, 1.213837349935953, 11.32819606580681;
  -10.00470314597008, -3.798428295932601, 18.02036176925404;
  -5.08587266769026, 1.599678547621737, 9.670945763784728;
  -5.116066684513186, 1.702077270674948, 9.738532618383745;
  -11.48838084241305, -0.6423466850195696, 20.58295965507932;
  -11.18681295768217, -0.06830792600920789, 20.09749534859432;
  -11.33405899285274, -1.109803549753643, 20.35702236600402;
  -9.345155577424437, -3.897511516307815, 16.97669151375279;
  -11.58375934600553, -1.011472511909863, 20.79007277049623;
  -11.53047819478608, -0.333131047261517, 20.7052713271285;
  -11.40894415457934, 0.271150210099257, 20.51728457924327;
  -11.21645409834208, -0.02576125063395693, 20.19362627339975;
  -11.29442143932548, -0.4468996676929105, 20.34722812050109;
  -6.065713587582796, 1.241111178001354, 11.40641096316908;
  -11.16864707488265, -0.1096640581566324, 20.15872072609051;
  -11.73556831419154, -1.242393447623899, 21.14707051929808;
