m=[-3.777079813344418, 0.5267569089470809, 5.500231801727303;
  -4.902821899979601, 0.3416370382744027, 6.952449771907943;
  -3.508446734832253, 0.9220602509558471, 5.338392848137125;
  -3.511765528720671, 0.4625282037431875, 5.347493297290642;
  -3.463549849280007, 0.9334820560759473, 5.324792213777025;
  -3.452224039210746, 0.3759556215057455, 5.376865370326025;
  -3.428250060231739, 0.5659584519667444, 5.375550743901396;
  -3.443094507122653, 0.3940572730849087, 5.395611788855284;
  -3.418100397380259, 0.8620781321883004, 5.382258638138762;
  -3.355049874749287, 0.3850152518793649, 5.333625476140894;
  -3.383108276415852, 0.4494929112699778, 5.377742080937858;
  -3.425259317252251, 0.5432063193910335, 5.679952756760113;
  -3.452164602618439, 0.9814165437312643, 5.718082235928083;
  -4.388848285303189, 0.350345682232516, 7.484190453805161;
  -4.257597763363194, 0.3328003552362098, 7.494944853445179;
  -3.987745572535484, 0.1818603094041958, 7.52384377973052;
  -4.149371714843531, -0.2601208450765462, 7.839222794615021;
  -3.919507923068977, 0.2932666050343922, 7.646942665873966;
  -3.969105741972606, -0.2102506589835526, 7.757522962832337;
  -3.873057874112462, -0.1471208135501952, 7.677533659827976;
  -3.730291420962792, 0.9468326448574304, 7.626224471346959;
  -3.689334351564391, -1.693297252740096, 7.651207311326509;
  -3.660712126705802, 0.0148235050478559, 7.609944375896536;
  -3.627498138273114, 0.9471360526900566, 7.773997793477737;
  -3.950932809202385, -0.1828546834927125, 8.532993001397292;
  -3.737614588997546, 0.6951493640166404, 8.207919041596069;
  -3.842900172701869, -1.759886328062278, 8.523700717684108;
  -3.938002348797169, -0.02774655725961395, 8.735058847123861;
  -4.100126169091173, -2.219296465282624, 10.15800321869396;
  -4.172208283148644, -0.9972112636288244, 10.39180380099133;
  -4.293144303119904, 0.5799427384071814, 10.71009357126635;
  -4.109728162649003, 0.656106462425596, 10.29547213885629;
  -4.073178009587545, -0.6331362390867693, 10.3027579360572;
  -4.227549786792049, -2.24922827533826, 10.74422647569321;
  -2.045202861448454, 1.03356611670794, 5.685694879750053;
  -4.226048994469865, -0.596951890122621, 10.86182889484779;
  -4.456179221201245, 0.4644558175475293, 11.40623336447798;
  -2.003354478314225, 1.032811435947049, 5.696470977033546;
  -1.944208028164548, 1.069888876159969, 5.561388884229665;
  -1.937703263804857, 1.041989798893078, 5.550834543311893;
  -1.934249988008741, 1.058278694752665, 5.652645314438844;
  -4.303717099916286, -2.700565950854486, 11.47782471453031;
  -4.123525813045204, 0.7549136738375514, 11.0547116760222;
  -4.445643925354427, -1.028382220742209, 11.96582880091689;
  -4.388646084604266, 0.6356137238884768, 11.87795694578562;
  -4.672605541396057, -0.5716405472356717, 12.73020904716338;
  -4.559488408988575, -2.304717054867617, 12.48038460073412;
  -4.189417113674664, -2.359457271890934, 11.65392701763949;
  -4.840911691005386, -2.602270263927765, 14.22197251986573;
  -4.822003297226631, -1.065834481842726, 14.18528008564979;
  -4.694033263582776, 0.8984618770100693, 14.07050671500191;
  -4.699005059969705, 0.7902893469531145, 14.11255095553511;
  -5.050145074937121, 0.8283307240697325, 15.47534322464333;
  -5.221454117185841, 0.7618280658204196, 16.16967742760965;
  -1.979375873125764, 1.044915956513474, 6.844815376330328;
  -1.965338021298107, 1.021776928937206, 6.969141779652611;
  -2.182234841985333, 1.034378847477331, 8.099336984968364;
  -2.250866942368187, 0.9738356603554335, 8.465165924716771;
  -2.249226807697307, 0.968518712409146, 8.519767189503746;
  -3.327641375018084, 0.7103772131580667, 12.9085618984429;
  -2.210619924178367, 1.006635900710543, 8.944761969424787;
  -3.351600930027954, 0.3529883585305264, 13.34761194501347;
  -11.8975434729952, -1.493570045938671, 45.62712173624369;
  -3.34663870849587, 0.4080194438627245, 13.58939299554523;
  -3.150324226766483, 0.4899637361639312, 13.06800416922403;
  -13.67132838562134, -3.86571092877947, 53.93053026315696;
  -2.863918870675783, 0.9553698106789406, 12.0658742395331;
  -14.0620257781699, -1.833750077152303, 55.66275210997162;
  -14.90555886018194, -5.301583014711476, 59.35762996971917;
  -2.414984283795728, 1.004949360801849, 10.38158253383076;
  -16.20109768163858, -6.628615033997849, 64.61065865303866;
  -3.005225325266412, 0.9275903667343505, 12.91471068829821;
  -19.1841031808852, -5.882190773188997, 78.00998833203606;
  -22.73879737342664, -7.398231612854127, 94.05707386638456;
  -2.719120111701376, 0.9938078757549672, 12.05641504946578;
  -25.6179297279254, -4.749889943458885, 107.4024475924828;
  -13.2641901662774, -1.735959090757731, 56.1154648379407;
  -25.89497098880385, -6.331010189990031, 108.9585196336523;
  -2.971217668257543, 0.799560368909484, 13.59501464871307;
  -2.823488193410948, 0.9508593636995475, 13.04584200982735;
  -20.99425346499885, -3.756872847963381, 91.76905711111785;
  268.5815162338, 72.98664333934302, -1199.53140213114;
  -161.6944026494418, -38.87141193898662, 729.6820060175688;
  -70.86000195005751, -17.28344815495723, 326.4267857742602;
  -2.721078941791284, 0.8867596126416212, 13.58091380989737;
  -40.87042040127698, -11.3480923967145, 192.6491105529443;
  -39.69953134275919, -9.984484196348445, 206.2189044300042;
  -18.84053493899077, -3.783174120689241, 100.7818767238067;
  -18.79456578508923, -0.2511263178522893, 101.2442783453758;
  -49.96299762516401, -14.63824684737688, 273.6504947211782;
  -17.80308878487053, -5.034136125928311, 101.150068945286;
  -19.72655611485163, -1.626766044255409, 112.3495960804147;
  -13.8700072593666, -1.773257183911139, 80.90671784945361;
  -20.8595698925546, -4.955189860111404, 122.67160265089;
  -13.95919817861152, -2.79229263427136, 83.55987113814476;
  -14.83056808734321, -1.218189295817828, 90.64740823428096;
  -8.889260012385403, -2.803823629668668, 55.85966414984285;
  -7.494514725462832, 0.4173485616738395, 47.45669016019724;
  -14.44867393697298, -1.341754177042839, 90.95636927929682;
  -6.300463911361645, -3.132742270898592, 42.19571005848344;
  -6.530021311755618, 0.3332819466220483, 43.87558321079881;
  -9.502580466639744, -4.65498931831793, 64.19009308425211;
  -2.668248657883373, -1.143209304372236, 18.03805238609147;
  -10.82842813076466, -6.607791425824002, 76.61199465335223;
  -4.953506220082647, 0.5569216117823465, 35.81265769443458;
  -7.760758014954558, -2.121397138734889, 55.88817910108316;
  -4.432872916136236, 0.2738467504366808, 32.58713107869065;
  -12.17103580126619, -7.063551263535622, 88.74710873595161;
  -4.542056896594849, -0.04584510081458416, 34.52817113010961;
  -5.870512614230081, -3.816595735978232, 47.30554144462048;
  -4.685988823177103, -4.582180452815908, 38.41690747166912;
  -3.679182399107266, -0.0004533819304003597, 31.31855212204251;
  -4.62526509087671, -3.913130491875178, 39.51925269152871;
  -4.767049024873876, -3.647513535479247, 40.86973937225458;
  -6.598277633205075, -6.350881958222292, 56.90009094966656;
  -7.511300575784857, -8.364010819750078, 66.21081416566568;
  -4.209985530449862, -2.849590025685508, 38.38803887372706;
  -5.248821868194084, -4.05939568502169, 47.79758343489496;
  -7.224866252718042, -9.247391282313158, 66.8527403252961;
  -5.498844731569569, -6.336430377893162, 51.09577590255312;
  -6.92823769206169, -9.451060132136826, 66.56314558148011;
  -4.151126305769614, 0.2364579983777592, 40.20224424925443;
  -5.735076416095779, -8.329311422833039, 55.77160823077991;
  -4.083251178804052, -0.5364936576533228, 39.88367695690227;
  -4.527028675251234, -3.177937061323088, 44.71378923793341;
  -3.760040491303128, -2.970561997359024, 40.0841495625152;
  -3.293981633258416, -5.956327657982131, 37.35569922145847;
  -3.584973807907689, -5.072551500641069, 41.30572631434161;
  -3.394500533269395, -6.495532530628965, 39.97565688848849;
  -3.380275687870268, -3.559263770277128, 39.66460436939342;
  -3.074365775585393, -3.566770095508587, 36.71574888120637;
