m=[-10.78382086390107, 0.5282985432811236, 13.7305830221355;
  -10.59625658995193, 0.2769561132852032, 13.53066935523516;
  -10.98872713704433, 0.1346336257422402, 14.06277144350837;
  -11.09972523836719, 1.233354726926666, 14.37722982080987;
  -8.180933907306804, 1.690407190816132, 10.87744732473385;
  -10.86830694936806, 0.2857067664475064, 14.13637020437643;
  -11.04430239845757, 1.21625982965761, 14.41329685000379;
  -8.14620947185961, 2.025025566960508, 10.90592096729225;
  -8.146775816322522, 1.888495594187261, 10.90708877460719;
  -8.150205364987187, 1.766916778633192, 10.91239219878269;
  -10.97357466180537, 1.320541820679026, 14.3698491400504;
  -11.22746895565429, 0.9075405842532933, 14.74831415739957;
  -10.67020799097734, 0.0604995116552489, 14.07299373233371;
  -8.153085906795724, 1.964578366628462, 10.99323292105957;
  -8.142356037061427, 1.678788379412382, 10.98358628328552;
  -8.192039539813186, 2.049545943254148, 11.05402317825057;
  -10.87561698701661, 0.1436628492084637, 14.35097711379648;
  -10.73998892499157, 0.6805587644506219, 14.23084592651301;
  -8.131564836775873, 1.985141787848626, 11.05520058300612;
  -8.191017299645457, 1.404282488603549, 11.13203439807671;
  -8.161823122193432, 1.627417109614431, 11.09724588235948;
  -10.80711339801681, 0.2770267257940836, 14.3790556305925;
  -10.69907149441948, 0.1209335772399871, 14.24904515791935;
  -10.66875680886365, 0.06082142738395662, 14.23389932078866;
  -10.73769448910789, -0.02284296050671702, 14.36020182276489;
  -8.089293442252371, 1.903637977005002, 11.0778545834255;
  -8.163829148232178, 2.061015414545996, 11.17292838287941;
  -8.150871574762952, 1.456796114412611, 11.15660625740572;
  -8.162384193580914, 1.804479837249565, 11.1792712273698;
  -8.158513667469078, 2.150558837906835, 11.17640929877267;
  -8.255631754077685, 1.578302657502856, 11.30288594737518;
  -10.75977826522831, 0.79991370969051, 14.45884430428421;
  -10.76597807736966, 0.2385078995392848, 14.50948428394727;
  -8.207917368383571, 1.645648246913194, 11.30960250504133;
  -8.191244519630489, 1.75631170012938, 11.29057781713293;
  -10.68586254304222, 0.02989133175215398, 14.45428766565522;
  -10.74848306059267, 0.1890674496149511, 14.53440222981599;
  -10.63915855148411, 0.05625323443355884, 14.45030835963065;
  -8.224482903585146, 1.67754481236362, 11.41651723916282;
  -8.09857294325022, 1.864150152587121, 11.25440784817613;
  -8.194807728571245, 2.151605409429718, 11.38390907085497;
  -10.62188129546884, 0.08915852626466127, 14.53556664917151;
  -8.156811879766872, 2.092674160899585, 11.40338909441364;
  -8.223110109839395, 2.084087369273204, 11.57433584584879;
  -8.290738154431795, 1.908451219349845, 11.66630803869133;
  -10.33661477063079, 0.5296598467815648, 14.30711256661916;
  -9.778102806894347, 0.6813549729195563, 13.86584502075588;
  -7.334908497526602, 0.7450489612685515, 10.67109812762365;
  -9.840014380290125, 0.6891022139325803, 14.11275357228953;
  -7.307802786223459, 0.7891881274669498, 10.74727760691815;
  -9.466930026922579, 0.6398407082376219, 13.63170469853228;
  -7.387164691878764, 1.165563627019589, 10.93303280841436;
  -7.13564656409195, 0.9506699262876309, 10.65933912433274;
  -7.046414919284131, 1.405674731554077, 10.70724279451299;
  -7.048903752266141, 1.552139359836504, 10.71029747345095;
  -7.024687498184495, 0.9252087201778948, 10.69674754902774;
  -6.924894986353334, 1.866369906965509, 10.64619494713581;
  -6.948323778043624, 1.02794054925755, 10.71913558608728;
  -6.952831888827999, 0.7836705633483263, 10.75119479457369;
  -6.875982902687079, 2.017710784558338, 10.72698644373991;
  -6.893293358655296, 0.7889276282909922, 10.80235666870512;
  -6.868508605240558, 1.386687590559951, 10.76677243732998;
  -6.867227531081081, 1.133687856635329, 10.76792223865598;
  -6.869343266764972, 1.5529365432406, 10.77991572014829;
  -6.821867801304765, 1.720541344160544, 10.74194805101523;
  -6.891123251409645, 1.002755444961315, 10.84502597445018;
  -6.865412300215596, 1.486576846443587, 10.88786973723362;
  -6.688458044457934, 0.7675469679460337, 10.63284647137656;
  -6.800030280996897, 0.8991111938754495, 10.80401703649341;
  -6.893775364398751, 0.7885394514584821, 11.24540667371656;
  -6.904079943004499, 1.962762224654191, 11.43575159990273;
  -6.967511100323913, 1.922896824417139, 11.94914039368687;
  -8.791042540536257, 0.7017567243581491, 14.99113944795004;
  -6.890657198057949, 1.923069681508643, 12.07274052843874;
  -8.512612920327355, 0.6653988378731738, 14.98534336559305;
  -8.367290325085069, 0.8477985061119414, 14.86587462674603;
  -8.43410008251111, 0.5840452875868852, 15.07506166363089;
  -8.458417403376494, -0.08164739339642277, 15.13738849937788;
  -8.42500474752776, 0.2251685634499662, 15.08748413641729;
  -8.22334757797708, 1.939422196807832, 14.8122623394738;
  -8.306715308383868, -3.443727383993225, 14.96264542481884;
  -8.337673655349336, -1.928709356132005, 15.07839468997217;
  -8.238364821517447, 1.915067876822496, 14.97847597226645;
  -8.160861377097206, 0.2276592483337523, 14.86981822488271;
  -8.158838465927216, 1.968579891957571, 14.94804301230359;
  -8.224543635765198, -1.948505047707352, 15.12165068229657;
  -8.289195356990193, -1.682576967536861, 15.24370872295857;
  -8.394020298401689, -0.5909526036404557, 15.45077670877477;
  -8.346748861922499, -1.626180691157164, 15.37082068383169;
  -8.329975891275561, -1.256282051051305, 15.43915202979366;
  -8.312654564481418, -1.034067191712775, 15.41445857118384;
  -8.101441675110715, 1.953036648540514, 15.05365884166191;
  -8.330396639022434, -0.5027271269966088, 15.46792902014259;
  -8.338515130297949, -1.268501991154997, 15.62542981281998;
  -8.247174792606115, -0.8260710542069777, 15.54449916202204;
  -8.119995239993063, -1.184460873149255, 15.51573665880028;
  -8.09044482015508, -0.837899112975251, 15.49353891599341;
  -8.023038372716961, -0.3245477749823781, 15.37834801361697;
  -7.886501156814021, -1.492021211591767, 15.15067983858295;
  -8.15221801077778, -0.835301936696002, 15.6698872116229;
  -7.816099532382191, 0.5848185587230121, 15.24917570471233;
  -7.908272054365567, -0.418915372616205, 15.45653002118722;
  -7.813845633748808, -0.5835162626654699, 15.36658397794194;
  -7.746558446417107, -0.2942584433010019, 15.35594487697167;
  -7.482302925310682, 1.899178339950687, 15.29685357834793;
  -7.539508440276878, -0.3699443213801865, 15.44740599980434;
  -7.264350866046208, 1.927464686463304, 15.06094368456731;
  -7.40394980385545, -3.398197796027323, 15.35484439027119;
  -7.266743069393247, 0.02942558683726829, 15.1062166698634;
  -7.328918298792977, -0.4940519985360317, 15.42842352248518;
  -7.294993124816558, -0.4171428387337316, 15.43912150035527;
  -7.230981371801814, 1.888001838320464, 15.49652986336932;
  -7.699209267836673, -3.968547794295496, 16.45516314698354;
  -7.702840650133635, -1.444590572620699, 16.49322198297701;
  -7.802116495110775, -3.872989386953244, 16.75775974764621;
  -7.788867440276713, -1.3374586200588, 16.75047187137407;
  -7.468973745436583, -1.909294324478456, 16.12162239825724;
  -7.763137660784881, -1.715295584602155, 16.95607995954961;
  -7.774030210098649, -3.871235126262143, 17.02603192245063;
  -7.420730431501453, 1.38016264576405, 16.29615712400361;
  -7.659815730587337, -0.2863295991145108, 16.86241668926517;
  -7.773814748417158, -1.923325426430531, 17.17600445460149;
  -7.683914889643887, -3.518909196845156, 17.04321942181305;
  -7.687152634663494, 1.499965011197571, 17.06225773625458;
  -7.621847408131171, -0.198087640105488, 17.10860978849556;
  -3.789010552224171, 2.107329055533567, 9.485127595164007;
  -7.95814792986952, -4.393041034690845, 19.47318835350086;
  -7.863765793133747, -1.078924510351522, 19.31847063551184;
  -3.815924676108826, 2.066667805838974, 9.995995914459996;
  -8.24398392116648, -1.970417837615238, 20.53345797555359;
  -3.77888170482056, 2.124070293748126, 9.95022500869691;
  -8.632519242344982, 1.166130578261723, 21.53551856481585;
