m=[-3.380576904760442, 0.4909350565457892, 4.899926171996378;
  -3.330938170259195, 0.4900947306329072, 4.877869061525728;
  -3.395983819676764, 0.9914667546184905, 5.421753614475479;
  -4.326388507130957, 0.4068484871718628, 6.995519879759179;
  -4.252728890897433, 0.7962203424419269, 6.930162246913135;
  -4.237005140964412, 0.4947966881564104, 6.98586844711567;
  -4.18055243096994, 0.3904045097154656, 6.980007429284012;
  -4.063988691951222, 1.027524600763598, 6.938548524070893;
  -4.027625356729132, 1.040357100289583, 6.999678273979897;
  -3.971206187876528, 1.028864556729479, 7.005258502590693;
  -3.841096855297749, 0.3511007085448004, 7.123238631937332;
  -3.730337878806378, 0.2161242711548895, 6.99420868962109;
  -3.735752208046626, 0.1646627199186756, 7.073978546330647;
  -3.62261615621431, 0.07172620527175615, 7.157404777255832;
  -3.586552069378909, 0.923759358617685, 7.157128764364047;
  -3.532779863125071, 0.9928773559155327, 7.212579169616562;
  -3.679271777965743, 0.758402560223655, 7.726400736668472;
  -3.837264155623924, -0.789715324996269, 8.026571313238554;
  -3.762281410089405, -1.743809701955449, 8.072067955161968;
  -3.754065875136931, -0.03735648055601254, 8.082126515197649;
  -3.942892533059899, -0.4812694305995807, 9.366466591576959;
  -4.018176098212702, -0.5669215229593324, 9.588806297879629;
  -3.919814473814844, -0.4273952914252527, 9.426236517708514;
  -4.074671759155109, -0.9119166995037658, 9.842863660210655;
  -4.033353515402968, 0.7331407234358937, 9.801115470643941;
  -4.156483640064727, 0.6396618643358275, 10.08683891903512;
  -4.017382026580013, 0.6777221245164383, 9.798161338343112;
  -4.097211875111351, -0.4569275780555676, 9.995468699943482;
  -4.080769976795765, 0.76952486613911, 10.0369289061377;
  -4.202907540847113, -2.192202723953452, 10.37130381713047;
  -4.079044726572077, -0.4976359632642541, 10.30054037104112;
  -4.288519814550313, -0.4642824016246117, 10.91543985332763;
  -1.95880319874639, 1.019768554707364, 5.557318582785548;
  -4.364366973973339, -0.9394240661780096, 11.47789554902428;
  -4.297030751191209, 0.7185003781997575, 11.37357372001529;
  -4.400215059299976, -0.4153942113410504, 11.65087591066409;
  -4.494441157011381, -0.9044388349199454, 11.94124656091476;
  -4.503673536905214, -0.4714375190774993, 12.04137380175643;
  -4.453926063933748, -2.198274863612364, 11.93322126626973;
  -4.425611747483106, -2.507173800728205, 11.91814633952614;
  -4.666690665478085, 0.6999458502427223, 13.5220547357788;
  -4.741872341045859, -2.483385039539655, 13.70861113016736;
  -4.714136176949039, -0.9588991571161347, 13.6595179016344;
  -1.969980655266449, 1.081695285300107, 6.357129426455011;
  -5.399406472287136, -1.764325283460928, 16.20000547364868;
  -1.989032027886774, 1.05400652286179, 6.626286817071168;
  -1.90359016488984, 1.061625188045424, 6.443442604997485;
  -5.637771200050204, -2.801342645474268, 17.50503504565814;
  -5.09419177817234, -3.390388990054924, 15.9172179595231;
  -5.965509126352724, -3.584583759801475, 18.96410745360262;
  -5.973363746209636, -3.764669852127878, 19.68049648560472;
  -5.400846370596026, -2.905237545246786, 17.91714116960004;
  -5.896395923232905, -4.308034560167552, 19.44337131835492;
  -6.331837856622147, -2.821022075019071, 20.89402703217814;
  -6.101160915367049, -3.757228784770203, 20.29504626491931;
  -2.204823734543967, 1.031946397265301, 8.084926542865954;
  -6.479712073182561, -3.73687120859916, 22.03879748622912;
  -6.623424280664182, -2.737237100355277, 22.77103005404198;
  -6.541689347571986, -3.452274560051887, 22.71789116867111;
  -6.807202866681632, -2.769564521365782, 23.68881528494417;
  -7.118416192519918, -3.823235444807865, 25.05936401176616;
  -6.989143659790066, -4.547639308687747, 24.75740616611813;
  -7.232557708898027, -4.840082370261441, 25.73495058493586;
  -7.774626968463109, -3.605078379634085, 27.82606118273418;
  -7.502853970821403, -5.039516055453233, 27.31927523345393;
  -7.641518769765471, -4.785296387492081, 27.98115320566373;
  -8.824516624178379, -1.003373082816776, 32.45319066508358;
  -8.898257225092346, -2.870953919824507, 32.78885648455914;
  -8.849168374231377, -3.477486198566291, 32.64537320458341;
  -7.525021463202243, -4.925863725293087, 27.89486664081099;
  -9.808936940823134, -4.934423649024524, 36.36594500762228;
  -2.601471760403893, 0.9790951530770289, 10.46604280564119;
  -2.5463080762561, 1.012070214417328, 10.37519385520421;
  -9.92464020837412, -3.373547116067324, 37.79774250955109;
  -10.16840174765553, -0.99806142559081, 38.86024984302426;
  -9.474254789218687, -3.018734714434958, 36.45142987945042;
  -11.21817699061614, -5.033649814745326, 43.12117235478731;
  -9.629657117069801, -3.779046168777445, 37.16575895317914;
  -9.502143384746848, -4.59012298055023, 36.83955618949933;
  -9.519380711326837, -3.249437623444238, 36.97814111231837;
  -11.60520179061674, -1.185415704049619, 45.15414343121734;
  -2.326029492080296, 1.063763897835395, 9.820121073895582;
  -11.08294157490228, -5.652566390132129, 43.17994184393886;
  -12.10708174601566, -3.853534883197153, 47.2167989715423;
  -9.857828907712527, -2.77611809644493, 38.9938811257346;
  -12.39359167898892, -5.063270647437417, 49.25201349476861;
  -14.09579311407029, -3.70035201821886, 56.51280742079835;
  -13.84565659625739, -4.654381266147122, 56.06926407831541;
  -9.354941316896337, -2.144888519332938, 38.54343051483472;
  -16.43075451606788, -4.409037126304933, 67.2648265083446;
  -18.61268910011017, -5.333774271265835, 77.20990185796707;
  -17.41814163473159, -6.322773275493431, 72.7887782272707;
  -24.84300517512589, -4.040269962338998, 106.5419046141329;
  -13.41209011708988, -1.431847438212786, 57.82732494721461;
  -6.405446338037672, -0.4318117805207091, 28.50106454911425;
  -24.60397804335299, -3.882970727582546, 110.2090804842269;
  -257.4725038681586, -51.20721042693066, 1177.836618600321;
  -6.955703559805604, -0.2398271201489954, 32.95815207220571;
  4.527724634684262, 1.027069107535068, -20.80461999347779;
  -5.989064130282796, -0.4342444424583306, 28.52125305382769;
  44.93579191285332, 11.28642274497847, -206.3811001698895;
  -245.1759909202811, -53.7122814206335, 1161.925937459142;
  -19.15477773572976, -1.459196341573137, 103.4675083791648;
  -22.73938856974832, 0.09991613945233568, 124.1073626370951;
  -17.03390114926671, -2.933982377504723, 93.90313478970805;
  6.66788564419068, 2.070207401933595, -37.72831634783623;
  -15.18281394743222, -3.877825067856538, 89.02959423081856;
  -18.30630166355138, -0.8624623343254212, 107.6913772627876;
  -13.85263465996962, -1.291270978591366, 83.45222472457459;
  -18.20389292041296, -3.774770369439329, 110.7491496608374;
  -10.30936872453621, -3.716510778950223, 64.32781448275432;
  -14.61757658168243, -0.6614553668936826, 92.4929191595654;
  -8.417557354896621, -2.50736784254211, 54.34330956564886;
  -7.283356630687885, -2.094715435661058, 47.23396320430461;
  -8.144266968926443, 0.8111835614075798, 53.19147305175731;
  -9.357540591033699, -3.209412175938779, 61.25471776810908;
  -14.25864321489306, -0.7879286845004569, 93.05863857667025;
  -6.008786573170847, -2.862146257162047, 41.48287426689017;
  -6.606401351493182, 0.6415132726013076, 45.84832432238548;
  -8.131254585417192, -3.784612672960714, 56.9322952398204;
  -18.40378999924539, -7.515710080704697, 130.5717606536825;
  -13.85015859616331, -8.170244167438721, 101.8451068510148;
  -8.359603635289458, -2.004161765134228, 62.46524093554791;
  -8.944455829987046, -4.985285562910097, 67.8481503567763;
  -9.254208815386056, -3.18319173333381, 71.32344621682182;
  -4.327396095208983, 0.1625014908138358, 34.07880594920458;
  -6.594806544558241, -4.329118399734429, 52.3600527212377;
  -4.101157154277624, -2.026489032550548, 33.83967804041386;
  -4.666228917526906, -3.734187052731453, 38.30210139096918;
  -6.758288394534244, -0.1823740530254024, 56.26192303520342;
  -5.397916203978819, -3.424152844701002, 45.22867690055836;
