m=[-10.25650767396339, 0.1453074292587231, 13.10284974001553;
  -10.30394957878841, 0.2305621441578459, 13.20977438577205;
  -10.4805792528962, 0.1755694454268607, 13.44408218332515;
  -7.80590458072826, 2.078985971867491, 10.26975472808201;
  -10.1836263891565, 0.1969028106459317, 13.16792731083996;
  -7.169960321310668, 0.820528649711169, 9.596047414650524;
  -10.60951920925258, 0.2672516863292175, 13.73326661216628;
  -10.46106780127678, -0.00696713080989029, 13.5648277593892;
  -7.127810642277826, 0.9139133628854245, 9.558663043941181;
  -10.41272718308128, -0.0007230478982184357, 13.59276613507087;
  -7.072194150413695, 0.855760681311905, 9.575622347149492;
  -7.149816688497857, 1.917209785093639, 9.672427239128787;
  -7.197928278950336, 1.794697415241485, 9.737915192752913;
  -9.565225868074357, 0.7810179664031829, 12.77208853571308;
  -9.449649176657585, 0.7676117808585344, 12.77952285346746;
  -9.580353965438327, 0.771118084651447, 12.97390583441029;
  -6.927154710628529, 0.8899002529309772, 9.676964270245193;
  -6.962749138897864, 0.8191506009783263, 9.726657577973557;
  -6.884315294647042, 1.473210711710591, 9.629150192340708;
  -6.882766378512689, 1.618688712131578, 9.627025440394259;
  -6.87515118306599, 1.002787921044545, 9.636382803553312;
  -6.782510076288152, 1.937404311443796, 9.594753696168516;
  -6.782316736790181, 1.098653746918343, 9.633177492506956;
  -6.693498562535382, 2.097871789693015, 9.607370339552263;
  -6.700784507271867, 1.201598864123067, 9.678847357396132;
  -6.73261438164032, 0.8579165097579479, 9.721660731821807;
  -6.733371265503748, 1.460570013598838, 9.723497822246509;
  -6.679934925307093, 1.612391139848936, 9.658177354151881;
  -6.655517822187687, 1.501570908804904, 9.652036111961383;
  -6.673856970216432, 0.9828718754508302, 9.680011618145358;
  -6.675552992825609, 1.065918955979335, 9.685197748091607;
  -6.700841676552214, 1.790883797330545, 9.716866859838166;
  -6.589327629730581, 0.8464098828354453, 9.638067526111923;
  -6.655100474374021, 1.655664581720456, 9.737976773015562;
  -6.615810221373727, 0.9734115623377926, 9.688278300660691;
  -6.70243220164245, 0.8139612645588297, 10.05241018027452;
  -6.743400233479508, 2.030357062759441, 10.3555797252255;
  -6.746223629010009, 1.969578420435987, 10.77047603487295;
  -8.491592230120155, 0.79853934680401, 13.73041329013868;
  -8.363035785825705, 1.565775620330938, 13.62823644755836;
  -8.351305558187896, 0.9752639410376164, 13.76942440477831;
  -8.165267218899064, 2.086394800419118, 13.60213358377524;
  -8.258222464162637, 0.7712012576038043, 13.78823854127852;
  -8.124847064540264, 0.04014150747530657, 13.80166743038095;
  -8.131877306063656, 0.3292506711101234, 13.81989437328746;
  -8.01447848984313, 2.026352540526052, 13.68331757591574;
  -8.120898325710064, -1.775945029173561, 13.93250714248255;
  -8.01147823321163, 2.001374261654969, 13.81948849937864;
  -8.116786599181685, 0.3515557015199264, 14.0231830183817;
  -7.994707588162623, 2.065075588569285, 13.89413762583172;
  -8.104971417149661, -1.825326427764044, 14.14449745220287;
  -8.079364190440145, -1.54187314226906, 14.11091961009446;
  -8.131585358480049, -1.486590436025606, 14.23097518816725;
  -8.099120866068031, -1.000882961751887, 14.27809723818642;
  -8.12304320593595, -0.9092767860454625, 14.31997620685474;
  -8.110616543796509, -0.384621460629764, 14.32134529163955;
  -7.971742151325281, -0.8503320281882969, 14.13480085737361;
  -8.11961623442995, -0.6592497697630372, 14.43416698222534;
  -8.150948928468081, -0.4090463676648804, 14.51607015166408;
  -8.091859618726168, -1.131857336112041, 14.43000285905224;
  -8.057309205597594, -0.8202949925325441, 14.39725783892569;
  -8.001057858697362, -1.00448850787635, 14.30660651097695;
  -8.053134579106379, -0.5037997652838552, 14.40796431087636;
  -8.091427884289443, -0.7008079811442175, 14.50815446973138;
  -7.995902157020009, -0.9992250253036741, 14.45621509734533;
  -7.941312028196948, -1.051645011272688, 14.43387680060103;
  -7.817957080551792, -0.2030192255111136, 14.24779108950255;
  -7.949902696991921, -0.7053230337290719, 14.48012963668659;
  -7.907576785266458, -1.00164055678356, 14.46413309134242;
  -7.919282099051575, -0.5846971434503189, 14.48631272085871;
  -7.938000424935504, -0.7040041126856419, 14.52536403716115;
  -7.942083165139826, -0.4091802661305914, 14.53844280690633;
  -7.682088747082694, -1.654955289931285, 14.17530301702334;
  -7.599941898964427, 0.6946830778155124, 14.09394289563837;
  -7.698721098530991, -0.2973854506087152, 14.31408439581324;
  -7.525572822036113, -0.1732825481732629, 14.18684025855205;
  -7.332470081232389, 0.3231971501475368, 13.88468323314496;
  -7.195000885556377, 1.966185339694645, 13.99384693638028;
  -4.450678910532933, 2.051263691963112, 9.048631466510514;
  -6.926491655439504, 1.977226104660038, 13.65024060744615;
  -7.116755415979533, -3.184973692179602, 14.02883628400866;
  -7.127353374449622, 0.1411184594600683, 14.08190956250412;
  -7.10018407699833, 1.828737283652845, 14.16874220888264;
  -7.098811148670642, -0.373961857687933, 14.22515470990829;
  -7.210999474822705, -1.737339226754153, 14.44297778815325;
  -7.093850380526005, -1.297100560238526, 14.25433199255976;
  -6.878687603487389, -0.2860602993515725, 13.85875476784935;
  -7.027452357133059, 1.975044748188894, 14.34735773252914;
  -7.531684137119175, -1.310672804815489, 15.41998264704918;
  -7.654171135335335, -1.217475973167767, 15.75968163887652;
  -7.58784997613745, -0.2310589850715065, 15.70697925145595;
  -7.563313999630299, -1.556542560280348, 15.82051084324616;
  -7.259456610306346, 1.496380482697826, 15.24472077262404;
  -7.447352201958238, -1.755501318268261, 15.78413579208598;
  -7.37959041532602, -3.299777512433742, 15.68224920376238;
  -7.488740897669767, 1.605290359537879, 15.94011978959114;
  -7.375553949522495, -3.418554098580181, 15.82443368745616;
  -3.861038907312292, 2.15696625749025, 9.578415952523931;
  -7.840025434537564, -1.106143446865095, 18.70910667545631;
  -7.652079472430664, -0.8343412061912758, 18.4014604367831;
  -7.972723455411038, -1.784305605274629, 19.2590801445185;
  -8.065413669351184, 1.241226476786158, 19.57292161911708;
  -7.964647454412814, 1.447730126888386, 19.35422448975965;
  -3.679903028925355, 2.163633514641519, 9.476510567467955;
  -7.779410739629523, 1.312366794859187, 18.9735307819402;
  -7.878009525700049, -1.117784649826495, 19.31996043295517;
  -8.04075605859971, 1.516273096703597, 19.77678167862103;
  -8.137566300622533, -4.244489044120388, 20.08066359194476;
  -3.852221899247052, 2.063506774173787, 10.01548474943599;
  -8.090808293846328, -1.014190718033779, 20.22068896639005;
  -8.351396765987772, 1.025235374641577, 20.85846093428127;
  -8.010496175646932, -0.977265817808935, 20.22837325411311;
  -3.741052190770907, 2.176022942403682, 9.968558624567267;
  -3.732814471616726, 2.122957784039287, 9.957750808707589;
  -3.606375116223043, 2.152990942258583, 9.889519560082658;
  -7.898038158243307, 1.623925275893491, 20.63207410603267;
  -3.93336303034219, 2.02150386235693, 10.78425806193061;
  -8.143050911901923, -4.089934524052929, 21.30344692258727;
  -8.452225321155797, -1.819330025821385, 22.22859809259411;
  -8.567122950225087, -4.228379807976208, 22.95354083405687;
  -8.519684497766365, -4.826525909196153, 22.94346011457469;
  -3.619124987389673, 2.137778186026975, 10.31863187533425;
  -3.939357532552676, 2.050860923658788, 11.17634728894765;
  -3.794688320390049, 2.054470086515306, 11.07819671969042;
  -3.803085802934479, 2.007151057907465, 11.22388290515502;
  -3.824009338059974, 2.063337501690692, 11.5296580128133;
  -4.014328699988086, 2.087447387607227, 12.32267190435889;
  -3.776912013609667, 2.135956086515545, 12.05579117696035;
  -3.884471140662859, 2.006283542098866, 12.40772693697459;
  -3.88456674810628, 2.132974009479195, 12.53550054788483;
  -3.793971376881514, 2.142172114724395, 12.48890686211271;
  -3.940007255282336, 1.963350146495465, 13.03930297741791;
