m=[-6.615364499032052, 2.018313916060449, 9.340263132079649;
  -6.706329567308711, 1.186919953430165, 9.465896387121429;
  -6.624824130199306, 2.043060027733931, 9.48432298515603;
  -6.693694719691403, 1.974833838436447, 9.865677048579565;
  -8.260374036853815, 1.872784887506466, 12.34447054401038;
  -8.194157268562067, 1.66075288990251, 12.46712991099393;
  -8.273710705453821, 1.613852422354454, 12.58657999977067;
  -8.568017947421833, 0.8108432551451584, 13.06674421142021;
  -8.353807236458353, 1.79497660099452, 12.84256868091553;
  -8.416925864557708, 1.622313746242021, 12.93941291018396;
  -8.152930588830339, 1.919641069186881, 12.56553779301201;
  -8.086500375437163, 1.717910677653053, 12.56822803390444;
  -8.337608383698331, 0.972991116668798, 12.97032628936231;
  -8.224664948932398, 1.642930637580601, 12.81137421893119;
  -8.229770491905667, 0.7793398623322295, 12.96778374476459;
  -7.906524634086505, 2.119809292988106, 12.63127886595735;
  -8.175474915718006, 0.6842654899968224, 13.09762924991633;
  -8.134462133187942, 0.3471686768340051, 13.05056065337651;
  -8.016020589758931, 2.052184783315593, 12.91270210921425;
  -8.047589856210426, 0.05995057185073009, 13.04726437979577;
  -8.09869005520528, -1.797595593267326, 13.12311078391942;
  -7.9550904868329, 2.009995991476753, 12.95721313600794;
  -7.999025997279305, 0.3546636955141122, 13.06219265158521;
  -8.168293169857293, -0.1371706341208395, 13.33833921144037;
  -7.892211982878213, 2.068619917102164, 12.95971832093201;
  -7.96619255642091, -1.818867898957731, 13.14639912253622;
  -8.06089113285578, -0.5550301558595342, 13.3428637822086;
  -8.07245521680068, -0.4700950576288723, 13.36627661064698;
  -8.049131504446933, -1.486733675636195, 13.32570023566747;
  -7.986369096592956, -1.60897378535884, 13.3078495982253;
  -8.078988591442521, -1.008479568295178, 13.47897316202526;
  -8.075433011146322, -0.6646879270423018, 13.48784329740964;
  -8.078091819996176, -0.3892157477562371, 13.50462471733307;
  -8.016324077834595, -0.8512551511289733, 13.44039049519713;
  -8.110120341813188, -1.203156164025834, 13.6101050281331;
  -8.085591454058335, -1.070217882862703, 13.58058810045284;
  -8.096115690048997, -0.9690365156681323, 13.59890025559399;
  -8.107856653563191, -0.5620070270694506, 13.64734605144039;
  -8.125975217475412, -0.6550522750693792, 13.68225458640631;
  -7.821410296155184, 0.4812197192242513, 13.23083437932502;
  -8.116144623721617, -0.4091571984426892, 13.69853468922057;
  -8.057673048712042, -1.139035515339515, 13.61033942966611;
  -8.071609333324007, -0.9343894718227667, 13.64995981873321;
  -8.037161285645981, -1.022732116954098, 13.60530828594047;
  -8.085985850336972, -0.8339391615949383, 13.68507154421396;
  -8.016192499878738, -0.5120943154854579, 13.58649973020503;
  -8.004664740082456, -0.7035537545127033, 13.60285523555831;
  -8.026208519280198, -0.3973450623507988, 13.67504384685224;
  -7.979218333247419, -1.011436525056958, 13.6693517470215;
  -7.670173289701696, -0.2016635861412403, 13.2334006853012;
  -7.90576641268219, -1.058916713673536, 13.61363974566609;
  -7.928285991087716, -0.7226566034410561, 13.68897322825326;
  -7.927276874196356, -1.110813331923787, 13.70922461565036;
  -7.906767267634489, -0.5939754834344589, 13.70948645101528;
  -7.912052468444533, -1.016580405048318, 13.71520024790257;
  -7.873264980326564, -0.7080643033332854, 13.6579630041307;
  -7.531271927365732, 0.6936114871017753, 13.21538101639892;
  -7.61555745970355, -0.1483906170646748, 13.40527220472909;
  -7.635709742028823, -0.2986249680408388, 13.44726843377029;
  -7.556747191300854, -1.833818260376545, 13.33950902969657;
  -7.47509377579286, -0.1735424343771457, 13.3408208083636;
  -7.375958769409317, 0.3223905601221582, 13.20346002361603;
  -7.143807607397034, 1.980426064689885, 13.14932163854938;
  -6.983132694064905, 2.021764533078484, 13.00103817298593;
  -7.14240720006942, 0.1453143542203798, 13.35990715706402;
  -7.024962639787874, 1.835185150847921, 13.28272531588067;
  -7.122272089362867, -0.3815228824459084, 13.52315152323928;
  -7.034038818939452, -0.2917446669422827, 13.40180431353688;
  -6.991582115798874, -0.05765200617957191, 13.34165454288075;
  -7.128040040405547, -1.328348432292305, 13.5737313038315;
  -6.999876079729853, 1.939431688476164, 13.39322769827467;
  -7.225887380072278, -0.2254433725961691, 13.90094603059371;
  -6.884480931230106, 1.962989295640999, 13.33373607760871;
  -7.5250315053198, -1.312271133879218, 14.49965297841677;
  -7.581726665287563, -0.4220487901923802, 14.75259417825145;
  -7.482944688397157, -1.31988027902667, 14.60015827779806;
  -7.091272456804986, 1.504281425923687, 13.93974378557693;
  -7.597035592230597, -1.225020824178172, 14.9302973419005;
  -7.56515624175334, -0.2359397839197663, 14.94860193764328;
  -7.2130431887144, 1.512713498970156, 14.43700078781296;
  -7.49567932374222, -1.5730775981736, 14.9755670692537;
  -7.426293245690542, -1.774267462945283, 15.02733322047483;
  -7.386930235310607, 1.606806559348439, 15.03234718438029;
  -7.399455393782663, -3.486834130514917, 15.16279114098498;
  -7.820339084194403, -1.128971264966338, 18.03986181772044;
  -7.76040039258563, 1.462509960830445, 17.98038206335418;
  -7.737214119395446, -1.389819571645456, 17.95495325570572;
  -7.63800594153714, -0.8517506046653426, 17.74012474583894;
  -7.961414572756744, -1.660445552342384, 18.47521387822406;
  -8.047555417625466, -1.225893433624446, 18.73969428954867;
  -7.904010744879799, -1.801731328721485, 18.48492540478861;
  -7.772966021937656, 1.435605381935441, 18.30041407564606;
  -8.159105660282648, 1.285702845789234, 19.19713333361708;
  -7.879782375143862, 1.349197350938797, 18.60073488826747;
  -8.205915840237621, -1.194684313182693, 19.49691194414674;
  -7.877006475536423, 1.512156210033993, 18.79655498939146;
  -8.228716214783404, -4.369977387440563, 19.70178379582785;
  -8.150480779098848, 1.014254131140201, 19.80629699490077;
  -7.991502180472159, -0.8875654720896943, 19.46095935525494;
  -7.827036896608442, -0.9779575477230265, 19.20217459023573;
  -3.58478559687959, 2.164080560997249, 9.474177260476623;
  -3.783401566114743, 2.013541633915906, 10.02878975510382;
  -7.546724680685737, 1.767354356377443, 19.16900864288076;
  -8.553347803326453, -4.52034445138865, 21.71201720621005;
  -8.140322701998485, -4.173149840218177, 20.75104724350052;
  -8.121538095241352, -0.8828808731294244, 20.80189872867835;
  -8.424827012239934, -1.849602664817806, 21.63440472988831;
  -3.776505018433396, 2.089874928903218, 10.29674459666232;
  -8.911339596594265, -1.814078819688973, 23.12661528681271;
  -3.785804592219869, 2.043650844483579, 10.45115840364815;
  -8.79547423975248, -0.9456195619099466, 23.00542227557855;
  -8.648189132280928, -4.353189680507216, 22.65898119578712;
  -8.606685564659117, -4.971236190908842, 22.66383292710501;
  -3.789804230416278, 2.093093167529121, 10.72100755072784;
  -3.856506039578166, 2.059054766759247, 10.90771623099235;
  -3.932400415198757, 2.090455902763689, 11.39333347656188;
  -3.720202492241585, 2.154600935934385, 11.19890835131936;
  -9.114663246438742, -4.855999702395925, 25.92631705985512;
  -3.809626957441432, 2.203096782635745, 11.62498456748752;
  -3.854450810836007, 2.165165839138128, 11.76913960429315;
  -9.670205217016253, -5.274354283990446, 28.28292521733606;
  -3.823444771641483, 2.072324384404212, 12.11504543308634;
  -3.741107326395551, 2.139099087739377, 12.00622690364246;
  -10.86070548799947, -6.936888078692942, 33.21601704499958;
  -4.018041674743046, 2.050767276787084, 12.98306962822014;
  -9.267407774892217, -6.308125538584612, 28.74088251291295;
  -11.82917315608321, -6.811048698098696, 37.1958160473632;
  -11.4384733331817, -7.038986873220373, 36.22485999829453;
  -10.77462758480322, -6.130190709888743, 34.52123416830555;
  -4.105808836525823, 2.14870278065282, 14.12518401255718;
  -11.07601211513873, -8.290538179315702, 36.45186884151073;
